NODE_1_length_25698_cov_36.651041	315	395	1	26	80	0.3250000
NODE_1_length_25698_cov_36.651041	315	395	3	54	80	0.6750000
NODE_1_length_25698_cov_36.651041	368	403	3	34	35	0.9714286
NODE_1_length_25698_cov_36.651041	368	403	4	1	35	0.0285714
NODE_1_length_25698_cov_36.651041	24448	24494	0	36	46	0.7826087
NODE_1_length_25698_cov_36.651041	24448	24494	2	10	46	0.2173913
NODE_2_length_24307_cov_15.119712	2613	2689	6	33	76	0.4342105
NODE_2_length_24307_cov_15.119712	2613	2689	8	7	76	0.0921053
NODE_2_length_24307_cov_15.119712	2613	2689	11	3	76	0.0394737
NODE_2_length_24307_cov_15.119712	2613	2689	13	33	76	0.4342105
NODE_2_length_24307_cov_15.119712	2662	2716	12	2	54	0.0370370
NODE_2_length_24307_cov_15.119712	2662	2716	13	40	54	0.7407407
NODE_2_length_24307_cov_15.119712	2662	2716	14	12	54	0.2222222
NODE_2_length_24307_cov_15.119712	11257	11320	0	22	63	0.3492064
NODE_2_length_24307_cov_15.119712	11257	11320	2	41	63	0.6507937
NODE_2_length_24307_cov_15.119712	20621	20701	6	36	80	0.4500000
NODE_2_length_24307_cov_15.119712	20621	20701	8	22	80	0.2750000
NODE_2_length_24307_cov_15.119712	20621	20701	10	22	80	0.2750000
NODE_2_length_24307_cov_15.119712	20674	20754	0	19	80	0.2375000
NODE_2_length_24307_cov_15.119712	20674	20754	5	2	80	0.0250000
NODE_2_length_24307_cov_15.119712	20674	20754	6	59	80	0.7375000
NODE_7_length_12349_cov_28.144571	12251	12310	4	6	59	0.1016949
NODE_7_length_12349_cov_28.144571	12251	12310	5	1	59	0.0169492
NODE_7_length_12349_cov_28.144571	12251	12310	6	13	59	0.2203390
NODE_7_length_12349_cov_28.144571	12251	12310	8	3	59	0.0508475
NODE_7_length_12349_cov_28.144571	12251	12310	10	5	59	0.0847458
NODE_7_length_12349_cov_28.144571	12251	12310	12	5	59	0.0847458
NODE_7_length_12349_cov_28.144571	12251	12310	14	5	59	0.0847458
NODE_7_length_12349_cov_28.144571	12251	12310	15	1	59	0.0169492
NODE_7_length_12349_cov_28.144571	12251	12310	17	11	59	0.1864407
NODE_7_length_12349_cov_28.144571	12251	12310	19	2	59	0.0338983
NODE_7_length_12349_cov_28.144571	12251	12310	21	2	59	0.0338983
NODE_7_length_12349_cov_28.144571	12251	12310	23	5	59	0.0847458
NODE_7_length_12349_cov_28.144571	12284	12310	4	6	26	0.2307692
NODE_7_length_12349_cov_28.144571	12284	12310	5	1	26	0.0384615
NODE_7_length_12349_cov_28.144571	12284	12310	6	13	26	0.5000000
NODE_7_length_12349_cov_28.144571	12284	12310	8	3	26	0.1153846
NODE_7_length_12349_cov_28.144571	12284	12310	10	3	26	0.1153846
NODE_10_length_11096_cov_14.154679	6455	6535	0	36	80	0.4500000
NODE_10_length_11096_cov_14.154679	6455	6535	2	44	80	0.5500000
NODE_10_length_11096_cov_14.154679	6508	6588	0	80	80	1.0000000
NODE_10_length_11096_cov_14.154679	6584	6664	0	80	80	1.0000000
NODE_10_length_11096_cov_14.154679	6637	6717	0	80	80	1.0000000
NODE_10_length_11096_cov_14.154679	7182	7229	52	9	47	0.1914894
NODE_10_length_11096_cov_14.154679	7182	7229	54	6	47	0.1276596
NODE_10_length_11096_cov_14.154679	7182	7229	55	8	47	0.1702128
NODE_10_length_11096_cov_14.154679	7182	7229	56	15	47	0.3191489
NODE_10_length_11096_cov_14.154679	7182	7229	57	2	47	0.0425532
NODE_10_length_11096_cov_14.154679	7182	7229	58	5	47	0.1063830
NODE_10_length_11096_cov_14.154679	7182	7229	62	2	47	0.0425532
NODE_10_length_11096_cov_14.154679	7218	7282	45	3	64	0.0468750
NODE_10_length_11096_cov_14.154679	7218	7282	47	4	64	0.0625000
NODE_10_length_11096_cov_14.154679	7218	7282	48	3	64	0.0468750
NODE_10_length_11096_cov_14.154679	7218	7282	51	2	64	0.0312500
NODE_10_length_11096_cov_14.154679	7218	7282	53	3	64	0.0468750
NODE_10_length_11096_cov_14.154679	7218	7282	54	1	64	0.0156250
NODE_10_length_11096_cov_14.154679	7218	7282	55	9	64	0.1406250
NODE_10_length_11096_cov_14.154679	7218	7282	56	7	64	0.1093750
NODE_10_length_11096_cov_14.154679	7218	7282	57	10	64	0.1562500
NODE_10_length_11096_cov_14.154679	7218	7282	59	14	64	0.2187500
NODE_10_length_11096_cov_14.154679	7218	7282	61	6	64	0.0937500
NODE_10_length_11096_cov_14.154679	7218	7282	63	2	64	0.0312500
NODE_13_length_10749_cov_34.330235	3589	3669	2	3	80	0.0375000
NODE_13_length_10749_cov_34.330235	3589	3669	4	54	80	0.6750000
NODE_13_length_10749_cov_34.330235	3589	3669	6	23	80	0.2875000
NODE_13_length_10749_cov_34.330235	3642	3722	2	8	80	0.1000000
NODE_13_length_10749_cov_34.330235	3642	3722	4	51	80	0.6375000
NODE_13_length_10749_cov_34.330235	3642	3722	8	21	80	0.2625000
NODE_13_length_10749_cov_34.330235	3718	3798	8	80	80	1.0000000
NODE_13_length_10749_cov_34.330235	3771	3851	0	15	80	0.1875000
NODE_13_length_10749_cov_34.330235	3771	3851	4	1	80	0.0125000
NODE_13_length_10749_cov_34.330235	3771	3851	6	27	80	0.3375000
NODE_13_length_10749_cov_34.330235	3771	3851	8	37	80	0.4625000
NODE_14_length_10557_cov_50.055938	423	503	0	80	80	1.0000000
NODE_14_length_10557_cov_50.055938	476	556	0	80	80	1.0000000
NODE_14_length_10557_cov_50.055938	1625	1696	131	1	71	0.0140845
NODE_14_length_10557_cov_50.055938	1625	1696	134	1	71	0.0140845
NODE_14_length_10557_cov_50.055938	1625	1696	137	1	71	0.0140845
NODE_14_length_10557_cov_50.055938	1625	1696	138	1	71	0.0140845
NODE_14_length_10557_cov_50.055938	1625	1696	140	3	71	0.0422535
NODE_14_length_10557_cov_50.055938	1625	1696	141	1	71	0.0140845
NODE_14_length_10557_cov_50.055938	1625	1696	142	2	71	0.0281690
NODE_14_length_10557_cov_50.055938	1625	1696	144	2	71	0.0281690
NODE_14_length_10557_cov_50.055938	1625	1696	146	2	71	0.0281690
NODE_14_length_10557_cov_50.055938	1625	1696	148	2	71	0.0281690
NODE_14_length_10557_cov_50.055938	1625	1696	152	6	71	0.0845070
NODE_14_length_10557_cov_50.055938	1625	1696	153	1	71	0.0140845
NODE_14_length_10557_cov_50.055938	1625	1696	154	1	71	0.0140845
NODE_14_length_10557_cov_50.055938	1625	1696	156	6	71	0.0845070
NODE_14_length_10557_cov_50.055938	1625	1696	157	12	71	0.1690141
NODE_14_length_10557_cov_50.055938	1625	1696	158	8	71	0.1126761
NODE_14_length_10557_cov_50.055938	1625	1696	159	4	71	0.0563380
NODE_14_length_10557_cov_50.055938	1625	1696	160	7	71	0.0985916
NODE_14_length_10557_cov_50.055938	1625	1696	161	1	71	0.0140845
NODE_14_length_10557_cov_50.055938	1625	1696	162	9	71	0.1267606
NODE_14_length_10557_cov_50.055938	1678	1733	59	1	55	0.0181818
NODE_14_length_10557_cov_50.055938	1678	1733	61	1	55	0.0181818
NODE_14_length_10557_cov_50.055938	1678	1733	73	2	55	0.0363636
NODE_14_length_10557_cov_50.055938	1678	1733	74	2	55	0.0363636
NODE_14_length_10557_cov_50.055938	1678	1733	76	3	55	0.0545455
NODE_14_length_10557_cov_50.055938	1678	1733	80	2	55	0.0363636
NODE_14_length_10557_cov_50.055938	1678	1733	82	1	55	0.0181818
NODE_14_length_10557_cov_50.055938	1678	1733	87	1	55	0.0181818
NODE_14_length_10557_cov_50.055938	1678	1733	88	1	55	0.0181818
NODE_14_length_10557_cov_50.055938	1678	1733	90	2	55	0.0363636
NODE_14_length_10557_cov_50.055938	1678	1733	94	2	55	0.0363636
NODE_14_length_10557_cov_50.055938	1678	1733	96	1	55	0.0181818
NODE_14_length_10557_cov_50.055938	1678	1733	100	4	55	0.0727273
NODE_14_length_10557_cov_50.055938	1678	1733	102	4	55	0.0727273
NODE_14_length_10557_cov_50.055938	1678	1733	104	2	55	0.0363636
NODE_14_length_10557_cov_50.055938	1678	1733	106	4	55	0.0727273
NODE_14_length_10557_cov_50.055938	1678	1733	118	1	55	0.0181818
NODE_14_length_10557_cov_50.055938	1678	1733	124	1	55	0.0181818
NODE_14_length_10557_cov_50.055938	1678	1733	126	2	55	0.0363636
NODE_14_length_10557_cov_50.055938	1678	1733	131	1	55	0.0181818
NODE_14_length_10557_cov_50.055938	1678	1733	134	1	55	0.0181818
NODE_14_length_10557_cov_50.055938	1678	1733	138	1	55	0.0181818
NODE_14_length_10557_cov_50.055938	1678	1733	140	3	55	0.0545455
NODE_14_length_10557_cov_50.055938	1678	1733	144	1	55	0.0181818
NODE_14_length_10557_cov_50.055938	1678	1733	146	1	55	0.0181818
NODE_14_length_10557_cov_50.055938	1678	1733	148	1	55	0.0181818
NODE_14_length_10557_cov_50.055938	1678	1733	152	4	55	0.0727273
NODE_14_length_10557_cov_50.055938	1678	1733	154	1	55	0.0181818
NODE_14_length_10557_cov_50.055938	1678	1733	158	4	55	0.0727273
NODE_14_length_10557_cov_50.055938	2428	2488	124	1	60	0.0166667
NODE_14_length_10557_cov_50.055938	2428	2488	125	2	60	0.0333333
NODE_14_length_10557_cov_50.055938	2428	2488	128	1	60	0.0166667
NODE_14_length_10557_cov_50.055938	2428	2488	133	1	60	0.0166667
NODE_14_length_10557_cov_50.055938	2428	2488	139	2	60	0.0333333
NODE_14_length_10557_cov_50.055938	2428	2488	141	1	60	0.0166667
NODE_14_length_10557_cov_50.055938	2428	2488	142	1	60	0.0166667
NODE_14_length_10557_cov_50.055938	2428	2488	143	1	60	0.0166667
NODE_14_length_10557_cov_50.055938	2428	2488	145	3	60	0.0500000
NODE_14_length_10557_cov_50.055938	2428	2488	146	4	60	0.0666667
NODE_14_length_10557_cov_50.055938	2428	2488	147	3	60	0.0500000
NODE_14_length_10557_cov_50.055938	2428	2488	148	5	60	0.0833333
NODE_14_length_10557_cov_50.055938	2428	2488	149	8	60	0.1333333
NODE_14_length_10557_cov_50.055938	2428	2488	150	6	60	0.1000000
NODE_14_length_10557_cov_50.055938	2428	2488	151	2	60	0.0333333
NODE_14_length_10557_cov_50.055938	2428	2488	152	5	60	0.0833333
NODE_14_length_10557_cov_50.055938	2428	2488	153	6	60	0.1000000
NODE_14_length_10557_cov_50.055938	2428	2488	154	7	60	0.1166667
NODE_14_length_10557_cov_50.055938	2428	2488	155	1	60	0.0166667
NODE_17_length_10101_cov_12.236253	923	966	10	9	43	0.2093023
NODE_17_length_10101_cov_12.236253	923	966	16	34	43	0.7906977
NODE_17_length_10101_cov_12.236253	943	1007	6	12	64	0.1875000
NODE_17_length_10101_cov_12.236253	943	1007	8	5	64	0.0781250
NODE_17_length_10101_cov_12.236253	943	1007	16	47	64	0.7343750
NODE_17_length_10101_cov_12.236253	1715	1795	0	80	80	1.0000000
NODE_17_length_10101_cov_12.236253	1768	1820	0	52	52	1.0000000
NODE_20_length_9442_cov_109.961147	2108	2188	71	2	80	0.0250000
NODE_20_length_9442_cov_109.961147	2108	2188	73	1	80	0.0125000
NODE_20_length_9442_cov_109.961147	2108	2188	74	1	80	0.0125000
NODE_20_length_9442_cov_109.961147	2108	2188	79	1	80	0.0125000
NODE_20_length_9442_cov_109.961147	2108	2188	84	1	80	0.0125000
NODE_20_length_9442_cov_109.961147	2108	2188	92	1	80	0.0125000
NODE_20_length_9442_cov_109.961147	2108	2188	96	1	80	0.0125000
NODE_20_length_9442_cov_109.961147	2108	2188	98	2	80	0.0250000
NODE_20_length_9442_cov_109.961147	2108	2188	100	1	80	0.0125000
NODE_20_length_9442_cov_109.961147	2108	2188	102	1	80	0.0125000
NODE_20_length_9442_cov_109.961147	2108	2188	104	3	80	0.0375000
NODE_20_length_9442_cov_109.961147	2108	2188	110	2	80	0.0250000
NODE_20_length_9442_cov_109.961147	2108	2188	118	1	80	0.0125000
NODE_20_length_9442_cov_109.961147	2108	2188	124	2	80	0.0250000
NODE_20_length_9442_cov_109.961147	2108	2188	126	1	80	0.0125000
NODE_20_length_9442_cov_109.961147	2108	2188	128	1	80	0.0125000
NODE_20_length_9442_cov_109.961147	2108	2188	135	1	80	0.0125000
NODE_20_length_9442_cov_109.961147	2108	2188	146	1	80	0.0125000
NODE_20_length_9442_cov_109.961147	2108	2188	148	1	80	0.0125000
NODE_20_length_9442_cov_109.961147	2108	2188	149	1	80	0.0125000
NODE_20_length_9442_cov_109.961147	2108	2188	150	2	80	0.0250000
NODE_20_length_9442_cov_109.961147	2108	2188	152	1	80	0.0125000
NODE_20_length_9442_cov_109.961147	2108	2188	156	2	80	0.0250000
NODE_20_length_9442_cov_109.961147	2108	2188	166	1	80	0.0125000
NODE_20_length_9442_cov_109.961147	2108	2188	168	2	80	0.0250000
NODE_20_length_9442_cov_109.961147	2108	2188	178	1	80	0.0125000
NODE_20_length_9442_cov_109.961147	2108	2188	183	2	80	0.0250000
NODE_20_length_9442_cov_109.961147	2108	2188	187	1	80	0.0125000
NODE_20_length_9442_cov_109.961147	2108	2188	196	2	80	0.0250000
NODE_20_length_9442_cov_109.961147	2108	2188	198	2	80	0.0250000
NODE_20_length_9442_cov_109.961147	2108	2188	200	1	80	0.0125000
NODE_20_length_9442_cov_109.961147	2108	2188	204	1	80	0.0125000
NODE_20_length_9442_cov_109.961147	2108	2188	207	3	80	0.0375000
NODE_20_length_9442_cov_109.961147	2108	2188	208	2	80	0.0250000
NODE_20_length_9442_cov_109.961147	2108	2188	210	4	80	0.0500000
NODE_20_length_9442_cov_109.961147	2108	2188	212	1	80	0.0125000
NODE_20_length_9442_cov_109.961147	2108	2188	214	1	80	0.0125000
NODE_20_length_9442_cov_109.961147	2108	2188	222	4	80	0.0500000
NODE_20_length_9442_cov_109.961147	2108	2188	224	2	80	0.0250000
NODE_20_length_9442_cov_109.961147	2108	2188	225	3	80	0.0375000
NODE_20_length_9442_cov_109.961147	2108	2188	226	10	80	0.1250000
NODE_20_length_9442_cov_109.961147	2108	2188	227	2	80	0.0250000
NODE_20_length_9442_cov_109.961147	2108	2188	228	4	80	0.0500000
NODE_20_length_9442_cov_109.961147	2161	2241	109	1	80	0.0125000
NODE_20_length_9442_cov_109.961147	2161	2241	115	2	80	0.0250000
NODE_20_length_9442_cov_109.961147	2161	2241	130	1	80	0.0125000
NODE_20_length_9442_cov_109.961147	2161	2241	131	1	80	0.0125000
NODE_20_length_9442_cov_109.961147	2161	2241	134	1	80	0.0125000
NODE_20_length_9442_cov_109.961147	2161	2241	135	1	80	0.0125000
NODE_20_length_9442_cov_109.961147	2161	2241	140	2	80	0.0250000
NODE_20_length_9442_cov_109.961147	2161	2241	147	5	80	0.0625000
NODE_20_length_9442_cov_109.961147	2161	2241	149	2	80	0.0250000
NODE_20_length_9442_cov_109.961147	2161	2241	154	1	80	0.0125000
NODE_20_length_9442_cov_109.961147	2161	2241	156	1	80	0.0125000
NODE_20_length_9442_cov_109.961147	2161	2241	160	1	80	0.0125000
NODE_20_length_9442_cov_109.961147	2161	2241	164	1	80	0.0125000
NODE_20_length_9442_cov_109.961147	2161	2241	169	2	80	0.0250000
NODE_20_length_9442_cov_109.961147	2161	2241	177	1	80	0.0125000
NODE_20_length_9442_cov_109.961147	2161	2241	180	1	80	0.0125000
NODE_20_length_9442_cov_109.961147	2161	2241	184	2	80	0.0250000
NODE_20_length_9442_cov_109.961147	2161	2241	186	1	80	0.0125000
NODE_20_length_9442_cov_109.961147	2161	2241	188	1	80	0.0125000
NODE_20_length_9442_cov_109.961147	2161	2241	190	1	80	0.0125000
NODE_20_length_9442_cov_109.961147	2161	2241	192	1	80	0.0125000
NODE_20_length_9442_cov_109.961147	2161	2241	200	1	80	0.0125000
NODE_20_length_9442_cov_109.961147	2161	2241	202	1	80	0.0125000
NODE_20_length_9442_cov_109.961147	2161	2241	204	1	80	0.0125000
NODE_20_length_9442_cov_109.961147	2161	2241	206	2	80	0.0250000
NODE_20_length_9442_cov_109.961147	2161	2241	208	2	80	0.0250000
NODE_20_length_9442_cov_109.961147	2161	2241	209	1	80	0.0125000
NODE_20_length_9442_cov_109.961147	2161	2241	210	1	80	0.0125000
NODE_20_length_9442_cov_109.961147	2161	2241	212	1	80	0.0125000
NODE_20_length_9442_cov_109.961147	2161	2241	214	2	80	0.0250000
NODE_20_length_9442_cov_109.961147	2161	2241	218	3	80	0.0375000
NODE_20_length_9442_cov_109.961147	2161	2241	222	5	80	0.0625000
NODE_20_length_9442_cov_109.961147	2161	2241	224	7	80	0.0875000
NODE_20_length_9442_cov_109.961147	2161	2241	225	3	80	0.0375000
NODE_20_length_9442_cov_109.961147	2161	2241	226	14	80	0.1750000
NODE_20_length_9442_cov_109.961147	2161	2241	227	2	80	0.0250000
NODE_20_length_9442_cov_109.961147	2161	2241	228	4	80	0.0500000
NODE_21_length_9414_cov_34.165217	2363	2443	42	3	80	0.0375000
NODE_21_length_9414_cov_34.165217	2363	2443	46	5	80	0.0625000
NODE_21_length_9414_cov_34.165217	2363	2443	48	7	80	0.0875000
NODE_21_length_9414_cov_34.165217	2363	2443	50	1	80	0.0125000
NODE_21_length_9414_cov_34.165217	2363	2443	52	1	80	0.0125000
NODE_21_length_9414_cov_34.165217	2363	2443	54	2	80	0.0250000
NODE_21_length_9414_cov_34.165217	2363	2443	55	1	80	0.0125000
NODE_21_length_9414_cov_34.165217	2363	2443	58	12	80	0.1500000
NODE_21_length_9414_cov_34.165217	2363	2443	60	12	80	0.1500000
NODE_21_length_9414_cov_34.165217	2363	2443	62	30	80	0.3750000
NODE_21_length_9414_cov_34.165217	2363	2443	63	4	80	0.0500000
NODE_21_length_9414_cov_34.165217	2363	2443	64	2	80	0.0250000
NODE_21_length_9414_cov_34.165217	2416	2484	10	3	68	0.0441176
NODE_21_length_9414_cov_34.165217	2416	2484	18	3	68	0.0441176
NODE_21_length_9414_cov_34.165217	2416	2484	20	6	68	0.0882353
NODE_21_length_9414_cov_34.165217	2416	2484	24	8	68	0.1176471
NODE_21_length_9414_cov_34.165217	2416	2484	28	1	68	0.0147059
NODE_21_length_9414_cov_34.165217	2416	2484	32	1	68	0.0147059
NODE_21_length_9414_cov_34.165217	2416	2484	34	8	68	0.1176471
NODE_21_length_9414_cov_34.165217	2416	2484	36	6	68	0.0882353
NODE_21_length_9414_cov_34.165217	2416	2484	42	8	68	0.1176471
NODE_21_length_9414_cov_34.165217	2416	2484	46	5	68	0.0735294
NODE_21_length_9414_cov_34.165217	2416	2484	48	7	68	0.1029412
NODE_21_length_9414_cov_34.165217	2416	2484	50	1	68	0.0147059
NODE_21_length_9414_cov_34.165217	2416	2484	55	1	68	0.0147059
NODE_21_length_9414_cov_34.165217	2416	2484	58	9	68	0.1323529
NODE_21_length_9414_cov_34.165217	2416	2484	60	1	68	0.0147059
NODE_21_length_9414_cov_34.165217	5899	5975	10	9	76	0.1184211
NODE_21_length_9414_cov_34.165217	5899	5975	12	2	76	0.0263158
NODE_21_length_9414_cov_34.165217	5899	5975	14	33	76	0.4342105
NODE_21_length_9414_cov_34.165217	5899	5975	16	22	76	0.2894737
NODE_21_length_9414_cov_34.165217	5899	5975	17	1	76	0.0131579
NODE_21_length_9414_cov_34.165217	5899	5975	18	2	76	0.0263158
NODE_21_length_9414_cov_34.165217	5899	5975	20	7	76	0.0921053
NODE_24_length_9168_cov_47.407542	470	550	54	7	80	0.0875000
NODE_24_length_9168_cov_47.407542	470	550	56	8	80	0.1000000
NODE_24_length_9168_cov_47.407542	470	550	58	13	80	0.1625000
NODE_24_length_9168_cov_47.407542	470	550	68	2	80	0.0250000
NODE_24_length_9168_cov_47.407542	470	550	70	19	80	0.2375000
NODE_24_length_9168_cov_47.407542	470	550	71	1	80	0.0125000
NODE_24_length_9168_cov_47.407542	470	550	72	7	80	0.0875000
NODE_24_length_9168_cov_47.407542	470	550	74	14	80	0.1750000
NODE_24_length_9168_cov_47.407542	470	550	76	9	80	0.1125000
NODE_24_length_9168_cov_47.407542	523	603	47	4	80	0.0500000
NODE_24_length_9168_cov_47.407542	523	603	51	12	80	0.1500000
NODE_24_length_9168_cov_47.407542	523	603	53	1	80	0.0125000
NODE_24_length_9168_cov_47.407542	523	603	55	1	80	0.0125000
NODE_24_length_9168_cov_47.407542	523	603	57	1	80	0.0125000
NODE_24_length_9168_cov_47.407542	523	603	59	2	80	0.0250000
NODE_24_length_9168_cov_47.407542	523	603	61	6	80	0.0750000
NODE_24_length_9168_cov_47.407542	523	603	63	12	80	0.1500000
NODE_24_length_9168_cov_47.407542	523	603	65	1	80	0.0125000
NODE_24_length_9168_cov_47.407542	523	603	66	2	80	0.0250000
NODE_24_length_9168_cov_47.407542	523	603	67	8	80	0.1000000
NODE_24_length_9168_cov_47.407542	523	603	70	20	80	0.2500000
NODE_24_length_9168_cov_47.407542	523	603	71	1	80	0.0125000
NODE_24_length_9168_cov_47.407542	523	603	72	7	80	0.0875000
NODE_24_length_9168_cov_47.407542	523	603	74	2	80	0.0250000
NODE_27_length_9108_cov_47.430347	4786	4866	83	3	80	0.0375000
NODE_27_length_9108_cov_47.430347	4786	4866	85	2	80	0.0250000
NODE_27_length_9108_cov_47.430347	4786	4866	87	4	80	0.0500000
NODE_27_length_9108_cov_47.430347	4786	4866	89	1	80	0.0125000
NODE_27_length_9108_cov_47.430347	4786	4866	92	1	80	0.0125000
NODE_27_length_9108_cov_47.430347	4786	4866	93	3	80	0.0375000
NODE_27_length_9108_cov_47.430347	4786	4866	95	1	80	0.0125000
NODE_27_length_9108_cov_47.430347	4786	4866	96	1	80	0.0125000
NODE_27_length_9108_cov_47.430347	4786	4866	97	5	80	0.0625000
NODE_27_length_9108_cov_47.430347	4786	4866	99	1	80	0.0125000
NODE_27_length_9108_cov_47.430347	4786	4866	101	2	80	0.0250000
NODE_27_length_9108_cov_47.430347	4786	4866	103	1	80	0.0125000
NODE_27_length_9108_cov_47.430347	4786	4866	106	1	80	0.0125000
NODE_27_length_9108_cov_47.430347	4786	4866	108	1	80	0.0125000
NODE_27_length_9108_cov_47.430347	4786	4866	109	1	80	0.0125000
NODE_27_length_9108_cov_47.430347	4786	4866	110	3	80	0.0375000
NODE_27_length_9108_cov_47.430347	4786	4866	112	1	80	0.0125000
NODE_27_length_9108_cov_47.430347	4786	4866	117	1	80	0.0125000
NODE_27_length_9108_cov_47.430347	4786	4866	119	1	80	0.0125000
NODE_27_length_9108_cov_47.430347	4786	4866	121	2	80	0.0250000
NODE_27_length_9108_cov_47.430347	4786	4866	123	2	80	0.0250000
NODE_27_length_9108_cov_47.430347	4786	4866	128	1	80	0.0125000
NODE_27_length_9108_cov_47.430347	4786	4866	129	1	80	0.0125000
NODE_27_length_9108_cov_47.430347	4786	4866	131	1	80	0.0125000
NODE_27_length_9108_cov_47.430347	4786	4866	132	1	80	0.0125000
NODE_27_length_9108_cov_47.430347	4786	4866	133	5	80	0.0625000
NODE_27_length_9108_cov_47.430347	4786	4866	134	2	80	0.0250000
NODE_27_length_9108_cov_47.430347	4786	4866	135	5	80	0.0625000
NODE_27_length_9108_cov_47.430347	4786	4866	136	2	80	0.0250000
NODE_27_length_9108_cov_47.430347	4786	4866	137	4	80	0.0500000
NODE_27_length_9108_cov_47.430347	4786	4866	138	6	80	0.0750000
NODE_27_length_9108_cov_47.430347	4786	4866	139	2	80	0.0250000
NODE_27_length_9108_cov_47.430347	4786	4866	140	1	80	0.0125000
NODE_27_length_9108_cov_47.430347	4786	4866	141	3	80	0.0375000
NODE_27_length_9108_cov_47.430347	4786	4866	142	5	80	0.0625000
NODE_27_length_9108_cov_47.430347	4786	4866	143	3	80	0.0375000
NODE_27_length_9108_cov_47.430347	4839	4902	123	1	63	0.0158730
NODE_27_length_9108_cov_47.430347	4839	4902	124	3	63	0.0476190
NODE_27_length_9108_cov_47.430347	4839	4902	125	4	63	0.0634921
NODE_27_length_9108_cov_47.430347	4839	4902	129	1	63	0.0158730
NODE_27_length_9108_cov_47.430347	4839	4902	132	1	63	0.0158730
NODE_27_length_9108_cov_47.430347	4839	4902	135	2	63	0.0317460
NODE_27_length_9108_cov_47.430347	4839	4902	137	4	63	0.0634921
NODE_27_length_9108_cov_47.430347	4839	4902	138	6	63	0.0952381
NODE_27_length_9108_cov_47.430347	4839	4902	139	2	63	0.0317460
NODE_27_length_9108_cov_47.430347	4839	4902	140	2	63	0.0317460
NODE_27_length_9108_cov_47.430347	4839	4902	141	4	63	0.0634921
NODE_27_length_9108_cov_47.430347	4839	4902	142	6	63	0.0952381
NODE_27_length_9108_cov_47.430347	4839	4902	143	3	63	0.0476190
NODE_27_length_9108_cov_47.430347	4839	4902	144	1	63	0.0158730
NODE_27_length_9108_cov_47.430347	4839	4902	148	1	63	0.0158730
NODE_27_length_9108_cov_47.430347	4839	4902	149	3	63	0.0476190
NODE_27_length_9108_cov_47.430347	4839	4902	150	2	63	0.0317460
NODE_27_length_9108_cov_47.430347	4839	4902	151	1	63	0.0158730
NODE_27_length_9108_cov_47.430347	4839	4902	152	7	63	0.1111111
NODE_27_length_9108_cov_47.430347	4839	4902	153	1	63	0.0158730
NODE_27_length_9108_cov_47.430347	4839	4902	154	2	63	0.0317460
NODE_27_length_9108_cov_47.430347	4839	4902	155	2	63	0.0317460
NODE_27_length_9108_cov_47.430347	4839	4902	156	2	63	0.0317460
NODE_27_length_9108_cov_47.430347	4839	4902	159	2	63	0.0317460
NODE_27_length_9108_cov_47.430347	4895	4963	107	1	68	0.0147059
NODE_27_length_9108_cov_47.430347	4895	4963	109	1	68	0.0147059
NODE_27_length_9108_cov_47.430347	4895	4963	110	8	68	0.1176471
NODE_27_length_9108_cov_47.430347	4895	4963	114	2	68	0.0294118
NODE_27_length_9108_cov_47.430347	4895	4963	115	1	68	0.0147059
NODE_27_length_9108_cov_47.430347	4895	4963	118	1	68	0.0147059
NODE_27_length_9108_cov_47.430347	4895	4963	119	1	68	0.0147059
NODE_27_length_9108_cov_47.430347	4895	4963	120	3	68	0.0441176
NODE_27_length_9108_cov_47.430347	4895	4963	122	9	68	0.1323529
NODE_27_length_9108_cov_47.430347	4895	4963	125	6	68	0.0882353
NODE_27_length_9108_cov_47.430347	4895	4963	127	1	68	0.0147059
NODE_27_length_9108_cov_47.430347	4895	4963	129	5	68	0.0735294
NODE_27_length_9108_cov_47.430347	4895	4963	130	1	68	0.0147059
NODE_27_length_9108_cov_47.430347	4895	4963	131	1	68	0.0147059
NODE_27_length_9108_cov_47.430347	4895	4963	135	1	68	0.0147059
NODE_27_length_9108_cov_47.430347	4895	4963	137	1	68	0.0147059
NODE_27_length_9108_cov_47.430347	4895	4963	140	1	68	0.0147059
NODE_27_length_9108_cov_47.430347	4895	4963	144	3	68	0.0441176
NODE_27_length_9108_cov_47.430347	4895	4963	150	1	68	0.0147059
NODE_27_length_9108_cov_47.430347	4895	4963	153	1	68	0.0147059
NODE_27_length_9108_cov_47.430347	4895	4963	154	4	68	0.0588235
NODE_27_length_9108_cov_47.430347	4895	4963	155	2	68	0.0294118
NODE_27_length_9108_cov_47.430347	4895	4963	156	12	68	0.1764706
NODE_27_length_9108_cov_47.430347	4895	4963	159	1	68	0.0147059
NODE_27_length_9108_cov_47.430347	4936	5016	23	1	80	0.0125000
NODE_27_length_9108_cov_47.430347	4936	5016	27	3	80	0.0375000
NODE_27_length_9108_cov_47.430347	4936	5016	28	1	80	0.0125000
NODE_27_length_9108_cov_47.430347	4936	5016	29	2	80	0.0250000
NODE_27_length_9108_cov_47.430347	4936	5016	35	1	80	0.0125000
NODE_27_length_9108_cov_47.430347	4936	5016	36	2	80	0.0250000
NODE_27_length_9108_cov_47.430347	4936	5016	37	1	80	0.0125000
NODE_27_length_9108_cov_47.430347	4936	5016	41	1	80	0.0125000
NODE_27_length_9108_cov_47.430347	4936	5016	49	1	80	0.0125000
NODE_27_length_9108_cov_47.430347	4936	5016	51	1	80	0.0125000
NODE_27_length_9108_cov_47.430347	4936	5016	52	3	80	0.0375000
NODE_27_length_9108_cov_47.430347	4936	5016	54	2	80	0.0250000
NODE_27_length_9108_cov_47.430347	4936	5016	56	1	80	0.0125000
NODE_27_length_9108_cov_47.430347	4936	5016	62	3	80	0.0375000
NODE_27_length_9108_cov_47.430347	4936	5016	64	8	80	0.1000000
NODE_27_length_9108_cov_47.430347	4936	5016	65	3	80	0.0375000
NODE_27_length_9108_cov_47.430347	4936	5016	69	1	80	0.0125000
NODE_27_length_9108_cov_47.430347	4936	5016	77	1	80	0.0125000
NODE_27_length_9108_cov_47.430347	4936	5016	79	2	80	0.0250000
NODE_27_length_9108_cov_47.430347	4936	5016	81	2	80	0.0250000
NODE_27_length_9108_cov_47.430347	4936	5016	83	2	80	0.0250000
NODE_27_length_9108_cov_47.430347	4936	5016	87	1	80	0.0125000
NODE_27_length_9108_cov_47.430347	4936	5016	92	1	80	0.0125000
NODE_27_length_9108_cov_47.430347	4936	5016	93	2	80	0.0250000
NODE_27_length_9108_cov_47.430347	4936	5016	97	1	80	0.0125000
NODE_27_length_9108_cov_47.430347	4936	5016	99	1	80	0.0125000
NODE_27_length_9108_cov_47.430347	4936	5016	100	2	80	0.0250000
NODE_27_length_9108_cov_47.430347	4936	5016	102	2	80	0.0250000
NODE_27_length_9108_cov_47.430347	4936	5016	104	1	80	0.0125000
NODE_27_length_9108_cov_47.430347	4936	5016	107	1	80	0.0125000
NODE_27_length_9108_cov_47.430347	4936	5016	109	1	80	0.0125000
NODE_27_length_9108_cov_47.430347	4936	5016	110	8	80	0.1000000
NODE_27_length_9108_cov_47.430347	4936	5016	114	2	80	0.0250000
NODE_27_length_9108_cov_47.430347	4936	5016	115	1	80	0.0125000
NODE_27_length_9108_cov_47.430347	4936	5016	118	1	80	0.0125000
NODE_27_length_9108_cov_47.430347	4936	5016	119	1	80	0.0125000
NODE_27_length_9108_cov_47.430347	4936	5016	120	3	80	0.0375000
NODE_27_length_9108_cov_47.430347	4936	5016	122	9	80	0.1125000
NODE_28_length_9108_cov_26.469974	44	120	0	76	76	1.0000000
NODE_28_length_9108_cov_26.469974	7711	7791	0	1	80	0.0125000
NODE_28_length_9108_cov_26.469974	7711	7791	3	1	80	0.0125000
NODE_28_length_9108_cov_26.469974	7711	7791	4	2	80	0.0250000
NODE_28_length_9108_cov_26.469974	7711	7791	5	1	80	0.0125000
NODE_28_length_9108_cov_26.469974	7711	7791	6	2	80	0.0250000
NODE_28_length_9108_cov_26.469974	7711	7791	7	1	80	0.0125000
NODE_28_length_9108_cov_26.469974	7711	7791	8	5	80	0.0625000
NODE_28_length_9108_cov_26.469974	7711	7791	9	14	80	0.1750000
NODE_28_length_9108_cov_26.469974	7711	7791	11	3	80	0.0375000
NODE_28_length_9108_cov_26.469974	7711	7791	15	2	80	0.0250000
NODE_28_length_9108_cov_26.469974	7711	7791	16	11	80	0.1375000
NODE_28_length_9108_cov_26.469974	7711	7791	17	4	80	0.0500000
NODE_28_length_9108_cov_26.469974	7711	7791	18	33	80	0.4125000
NODE_28_length_9108_cov_26.469974	8144	8224	8	1	80	0.0125000
NODE_28_length_9108_cov_26.469974	8144	8224	19	3	80	0.0375000
NODE_28_length_9108_cov_26.469974	8144	8224	22	3	80	0.0375000
NODE_28_length_9108_cov_26.469974	8144	8224	24	1	80	0.0125000
NODE_28_length_9108_cov_26.469974	8144	8224	26	1	80	0.0125000
NODE_28_length_9108_cov_26.469974	8144	8224	27	11	80	0.1375000
NODE_28_length_9108_cov_26.469974	8144	8224	30	4	80	0.0500000
NODE_28_length_9108_cov_26.469974	8144	8224	31	3	80	0.0375000
NODE_28_length_9108_cov_26.469974	8144	8224	33	3	80	0.0375000
NODE_28_length_9108_cov_26.469974	8144	8224	41	1	80	0.0125000
NODE_28_length_9108_cov_26.469974	8144	8224	43	2	80	0.0250000
NODE_28_length_9108_cov_26.469974	8144	8224	45	5	80	0.0625000
NODE_28_length_9108_cov_26.469974	8144	8224	46	4	80	0.0500000
NODE_28_length_9108_cov_26.469974	8144	8224	47	2	80	0.0250000
NODE_28_length_9108_cov_26.469974	8144	8224	49	1	80	0.0125000
NODE_28_length_9108_cov_26.469974	8144	8224	50	35	80	0.4375000
NODE_28_length_9108_cov_26.469974	8568	8648	0	62	80	0.7750000
NODE_28_length_9108_cov_26.469974	8568	8648	2	18	80	0.2250000
NODE_28_length_9108_cov_26.469974	8621	8701	0	9	80	0.1125000
NODE_28_length_9108_cov_26.469974	8621	8701	2	71	80	0.8875000
NODE_30_length_8743_cov_14.172721	7849	7929	61	1	80	0.0125000
NODE_30_length_8743_cov_14.172721	7849	7929	64	1	80	0.0125000
NODE_30_length_8743_cov_14.172721	7849	7929	66	3	80	0.0375000
NODE_30_length_8743_cov_14.172721	7849	7929	68	1	80	0.0125000
NODE_30_length_8743_cov_14.172721	7849	7929	70	1	80	0.0125000
NODE_30_length_8743_cov_14.172721	7849	7929	72	4	80	0.0500000
NODE_30_length_8743_cov_14.172721	7849	7929	74	3	80	0.0375000
NODE_30_length_8743_cov_14.172721	7849	7929	76	1	80	0.0125000
NODE_30_length_8743_cov_14.172721	7849	7929	81	1	80	0.0125000
NODE_30_length_8743_cov_14.172721	7849	7929	83	1	80	0.0125000
NODE_30_length_8743_cov_14.172721	7849	7929	85	2	80	0.0250000
NODE_30_length_8743_cov_14.172721	7849	7929	92	4	80	0.0500000
NODE_30_length_8743_cov_14.172721	7849	7929	98	1	80	0.0125000
NODE_30_length_8743_cov_14.172721	7849	7929	99	4	80	0.0500000
NODE_30_length_8743_cov_14.172721	7849	7929	100	6	80	0.0750000
NODE_30_length_8743_cov_14.172721	7849	7929	101	3	80	0.0375000
NODE_30_length_8743_cov_14.172721	7849	7929	103	5	80	0.0625000
NODE_30_length_8743_cov_14.172721	7849	7929	105	30	80	0.3750000
NODE_30_length_8743_cov_14.172721	7849	7929	106	8	80	0.1000000
NODE_30_length_8743_cov_14.172721	7902	7964	33	6	62	0.0967742
NODE_30_length_8743_cov_14.172721	7902	7964	35	5	62	0.0806452
NODE_30_length_8743_cov_14.172721	7902	7964	37	2	62	0.0322581
NODE_30_length_8743_cov_14.172721	7902	7964	42	1	62	0.0161290
NODE_30_length_8743_cov_14.172721	7902	7964	43	3	62	0.0483871
NODE_30_length_8743_cov_14.172721	7902	7964	45	3	62	0.0483871
NODE_30_length_8743_cov_14.172721	7902	7964	52	8	62	0.1290323
NODE_30_length_8743_cov_14.172721	7902	7964	58	2	62	0.0322581
NODE_30_length_8743_cov_14.172721	7902	7964	60	2	62	0.0322581
NODE_30_length_8743_cov_14.172721	7902	7964	61	4	62	0.0645161
NODE_30_length_8743_cov_14.172721	7902	7964	64	1	62	0.0161290
NODE_30_length_8743_cov_14.172721	7902	7964	66	3	62	0.0483871
NODE_30_length_8743_cov_14.172721	7902	7964	68	1	62	0.0161290
NODE_30_length_8743_cov_14.172721	7902	7964	70	1	62	0.0161290
NODE_30_length_8743_cov_14.172721	7902	7964	72	4	62	0.0645161
NODE_30_length_8743_cov_14.172721	7902	7964	74	3	62	0.0483871
NODE_30_length_8743_cov_14.172721	7902	7964	76	1	62	0.0161290
NODE_30_length_8743_cov_14.172721	7902	7964	81	1	62	0.0161290
NODE_30_length_8743_cov_14.172721	7902	7964	83	1	62	0.0161290
NODE_30_length_8743_cov_14.172721	7902	7964	85	2	62	0.0322581
NODE_30_length_8743_cov_14.172721	7902	7964	92	4	62	0.0645161
NODE_30_length_8743_cov_14.172721	7902	7964	98	1	62	0.0161290
NODE_30_length_8743_cov_14.172721	7902	7964	99	3	62	0.0483871
NODE_32_length_8707_cov_6.353044	8541	8621	13	14	80	0.1750000
NODE_32_length_8707_cov_6.353044	8541	8621	15	1	80	0.0125000
NODE_32_length_8707_cov_6.353044	8541	8621	17	1	80	0.0125000
NODE_32_length_8707_cov_6.353044	8541	8621	21	1	80	0.0125000
NODE_32_length_8707_cov_6.353044	8541	8621	38	4	80	0.0500000
NODE_32_length_8707_cov_6.353044	8541	8621	44	2	80	0.0250000
NODE_32_length_8707_cov_6.353044	8541	8621	46	4	80	0.0500000
NODE_32_length_8707_cov_6.353044	8541	8621	50	1	80	0.0125000
NODE_32_length_8707_cov_6.353044	8541	8621	56	1	80	0.0125000
NODE_32_length_8707_cov_6.353044	8541	8621	57	2	80	0.0250000
NODE_32_length_8707_cov_6.353044	8541	8621	67	1	80	0.0125000
NODE_32_length_8707_cov_6.353044	8541	8621	69	2	80	0.0250000
NODE_32_length_8707_cov_6.353044	8541	8621	70	1	80	0.0125000
NODE_32_length_8707_cov_6.353044	8541	8621	73	4	80	0.0500000
NODE_32_length_8707_cov_6.353044	8541	8621	75	6	80	0.0750000
NODE_32_length_8707_cov_6.353044	8541	8621	77	1	80	0.0125000
NODE_32_length_8707_cov_6.353044	8541	8621	79	5	80	0.0625000
NODE_32_length_8707_cov_6.353044	8541	8621	81	25	80	0.3125000
NODE_32_length_8707_cov_6.353044	8541	8621	83	4	80	0.0500000
NODE_32_length_8707_cov_6.353044	8541	8621	13	14	80	0.1750000
NODE_32_length_8707_cov_6.353044	8541	8621	15	1	80	0.0125000
NODE_32_length_8707_cov_6.353044	8541	8621	17	1	80	0.0125000
NODE_32_length_8707_cov_6.353044	8541	8621	21	1	80	0.0125000
NODE_32_length_8707_cov_6.353044	8541	8621	38	4	80	0.0500000
NODE_32_length_8707_cov_6.353044	8541	8621	44	2	80	0.0250000
NODE_32_length_8707_cov_6.353044	8541	8621	46	4	80	0.0500000
NODE_32_length_8707_cov_6.353044	8541	8621	50	1	80	0.0125000
NODE_32_length_8707_cov_6.353044	8541	8621	56	1	80	0.0125000
NODE_32_length_8707_cov_6.353044	8541	8621	57	2	80	0.0250000
NODE_32_length_8707_cov_6.353044	8541	8621	67	1	80	0.0125000
NODE_32_length_8707_cov_6.353044	8541	8621	69	2	80	0.0250000
NODE_32_length_8707_cov_6.353044	8541	8621	70	1	80	0.0125000
NODE_32_length_8707_cov_6.353044	8541	8621	73	4	80	0.0500000
NODE_32_length_8707_cov_6.353044	8541	8621	75	6	80	0.0750000
NODE_32_length_8707_cov_6.353044	8541	8621	77	1	80	0.0125000
NODE_32_length_8707_cov_6.353044	8541	8621	79	5	80	0.0625000
NODE_32_length_8707_cov_6.353044	8541	8621	81	25	80	0.3125000
NODE_32_length_8707_cov_6.353044	8541	8621	83	4	80	0.0500000
NODE_32_length_8707_cov_6.353044	8541	8621	13	14	80	0.1750000
NODE_32_length_8707_cov_6.353044	8541	8621	15	1	80	0.0125000
NODE_32_length_8707_cov_6.353044	8541	8621	17	1	80	0.0125000
NODE_32_length_8707_cov_6.353044	8541	8621	21	1	80	0.0125000
NODE_32_length_8707_cov_6.353044	8541	8621	38	4	80	0.0500000
NODE_32_length_8707_cov_6.353044	8541	8621	44	2	80	0.0250000
NODE_32_length_8707_cov_6.353044	8541	8621	46	4	80	0.0500000
NODE_32_length_8707_cov_6.353044	8541	8621	50	1	80	0.0125000
NODE_32_length_8707_cov_6.353044	8541	8621	56	1	80	0.0125000
NODE_32_length_8707_cov_6.353044	8541	8621	57	2	80	0.0250000
NODE_32_length_8707_cov_6.353044	8541	8621	67	1	80	0.0125000
NODE_32_length_8707_cov_6.353044	8541	8621	69	2	80	0.0250000
NODE_32_length_8707_cov_6.353044	8541	8621	70	1	80	0.0125000
NODE_32_length_8707_cov_6.353044	8541	8621	73	4	80	0.0500000
NODE_32_length_8707_cov_6.353044	8541	8621	75	6	80	0.0750000
NODE_32_length_8707_cov_6.353044	8541	8621	77	1	80	0.0125000
NODE_32_length_8707_cov_6.353044	8541	8621	79	5	80	0.0625000
NODE_32_length_8707_cov_6.353044	8541	8621	81	25	80	0.3125000
NODE_32_length_8707_cov_6.353044	8541	8621	83	4	80	0.0500000
NODE_32_length_8707_cov_6.353044	8594	8674	58	2	80	0.0250000
NODE_32_length_8707_cov_6.353044	8594	8674	64	2	80	0.0250000
NODE_32_length_8707_cov_6.353044	8594	8674	68	2	80	0.0250000
NODE_32_length_8707_cov_6.353044	8594	8674	70	24	80	0.3000000
NODE_32_length_8707_cov_6.353044	8594	8674	71	5	80	0.0625000
NODE_32_length_8707_cov_6.353044	8594	8674	81	41	80	0.5125000
NODE_32_length_8707_cov_6.353044	8594	8674	83	4	80	0.0500000
NODE_32_length_8707_cov_6.353044	8594	8674	58	2	80	0.0250000
NODE_32_length_8707_cov_6.353044	8594	8674	64	2	80	0.0250000
NODE_32_length_8707_cov_6.353044	8594	8674	68	2	80	0.0250000
NODE_32_length_8707_cov_6.353044	8594	8674	70	24	80	0.3000000
NODE_32_length_8707_cov_6.353044	8594	8674	71	5	80	0.0625000
NODE_32_length_8707_cov_6.353044	8594	8674	81	41	80	0.5125000
NODE_32_length_8707_cov_6.353044	8594	8674	83	4	80	0.0500000
NODE_32_length_8707_cov_6.353044	8594	8673	58	1	79	0.0126582
NODE_32_length_8707_cov_6.353044	8594	8673	64	2	79	0.0253165
NODE_32_length_8707_cov_6.353044	8594	8673	68	2	79	0.0253165
NODE_32_length_8707_cov_6.353044	8594	8673	70	24	79	0.3037975
NODE_32_length_8707_cov_6.353044	8594	8673	71	5	79	0.0632911
NODE_32_length_8707_cov_6.353044	8594	8673	81	41	79	0.5189874
NODE_32_length_8707_cov_6.353044	8594	8673	83	4	79	0.0506329
NODE_32_length_8707_cov_6.353044	8599	8674	58	2	75	0.0266667
NODE_32_length_8707_cov_6.353044	8599	8674	64	2	75	0.0266667
NODE_32_length_8707_cov_6.353044	8599	8674	68	2	75	0.0266667
NODE_32_length_8707_cov_6.353044	8599	8674	70	24	75	0.3200000
NODE_32_length_8707_cov_6.353044	8599	8674	71	5	75	0.0666667
NODE_32_length_8707_cov_6.353044	8599	8674	81	37	75	0.4933333
NODE_32_length_8707_cov_6.353044	8599	8674	83	3	75	0.0400000
NODE_38_length_8281_cov_13.025177	7108	7188	0	38	80	0.4750000
NODE_38_length_8281_cov_13.025177	7108	7188	2	2	80	0.0250000
NODE_38_length_8281_cov_13.025177	7108	7188	4	40	80	0.5000000
NODE_38_length_8281_cov_13.025177	7161	7199	4	38	38	1.0000000
NODE_38_length_8281_cov_13.025177	7175	7255	4	80	80	1.0000000
NODE_38_length_8281_cov_13.025177	7228	7308	2	38	80	0.4750000
NODE_38_length_8281_cov_13.025177	7228	7308	4	38	80	0.4750000
NODE_38_length_8281_cov_13.025177	7228	7308	6	4	80	0.0500000
NODE_38_length_8281_cov_13.025177	7749	7829	4	55	80	0.6875000
NODE_38_length_8281_cov_13.025177	7749	7829	11	1	80	0.0125000
NODE_38_length_8281_cov_13.025177	7749	7829	12	2	80	0.0250000
NODE_38_length_8281_cov_13.025177	7749	7829	14	22	80	0.2750000
NODE_38_length_8281_cov_13.025177	7802	7882	4	2	80	0.0250000
NODE_38_length_8281_cov_13.025177	7802	7882	10	50	80	0.6250000
NODE_38_length_8281_cov_13.025177	7802	7882	11	1	80	0.0125000
NODE_38_length_8281_cov_13.025177	7802	7882	12	2	80	0.0250000
NODE_38_length_8281_cov_13.025177	7802	7882	13	1	80	0.0125000
NODE_38_length_8281_cov_13.025177	7802	7882	14	24	80	0.3000000
NODE_38_length_8281_cov_13.025177	7878	7958	0	21	80	0.2625000
NODE_38_length_8281_cov_13.025177	7878	7958	8	42	80	0.5250000
NODE_38_length_8281_cov_13.025177	7878	7958	10	17	80	0.2125000
NODE_38_length_8281_cov_13.025177	7931	8011	0	74	80	0.9250000
NODE_38_length_8281_cov_13.025177	7931	8011	8	6	80	0.0750000
NODE_39_length_8259_cov_60.011152	1424	1504	10	3	80	0.0375000
NODE_39_length_8259_cov_60.011152	1424	1504	12	4	80	0.0500000
NODE_39_length_8259_cov_60.011152	1424	1504	15	7	80	0.0875000
NODE_39_length_8259_cov_60.011152	1424	1504	19	1	80	0.0125000
NODE_39_length_8259_cov_60.011152	1424	1504	20	9	80	0.1125000
NODE_39_length_8259_cov_60.011152	1424	1504	22	1	80	0.0125000
NODE_39_length_8259_cov_60.011152	1424	1504	23	1	80	0.0125000
NODE_39_length_8259_cov_60.011152	1424	1504	26	2	80	0.0250000
NODE_39_length_8259_cov_60.011152	1424	1504	28	13	80	0.1625000
NODE_39_length_8259_cov_60.011152	1424	1504	29	1	80	0.0125000
NODE_39_length_8259_cov_60.011152	1424	1504	30	1	80	0.0125000
NODE_39_length_8259_cov_60.011152	1424	1504	33	2	80	0.0250000
NODE_39_length_8259_cov_60.011152	1424	1504	34	1	80	0.0125000
NODE_39_length_8259_cov_60.011152	1424	1504	36	8	80	0.1000000
NODE_39_length_8259_cov_60.011152	1424	1504	40	12	80	0.1500000
NODE_39_length_8259_cov_60.011152	1424	1504	42	14	80	0.1750000
NODE_39_length_8259_cov_60.011152	1477	1549	36	2	72	0.0277778
NODE_39_length_8259_cov_60.011152	1477	1549	37	10	72	0.1388889
NODE_39_length_8259_cov_60.011152	1477	1549	40	45	72	0.6250000
NODE_39_length_8259_cov_60.011152	1477	1549	42	15	72	0.2083333
NODE_40_length_8228_cov_17.079592	314	394	2	16	80	0.2000000
NODE_40_length_8228_cov_17.079592	314	394	8	64	80	0.8000000
NODE_40_length_8228_cov_17.079592	367	447	0	14	80	0.1750000
NODE_40_length_8228_cov_17.079592	367	447	6	20	80	0.2500000
NODE_40_length_8228_cov_17.079592	367	447	8	46	80	0.5750000
NODE_40_length_8228_cov_17.079592	443	523	0	50	80	0.6250000
NODE_40_length_8228_cov_17.079592	443	523	8	4	80	0.0500000
NODE_40_length_8228_cov_17.079592	443	523	10	26	80	0.3250000
NODE_40_length_8228_cov_17.079592	496	576	8	14	80	0.1750000
NODE_40_length_8228_cov_17.079592	496	576	10	66	80	0.8250000
NODE_40_length_8228_cov_17.079592	3154	3217	4	1	63	0.0158730
NODE_40_length_8228_cov_17.079592	3154	3217	23	1	63	0.0158730
NODE_40_length_8228_cov_17.079592	3154	3217	25	16	63	0.2539683
NODE_40_length_8228_cov_17.079592	3154	3217	26	9	63	0.1428571
NODE_40_length_8228_cov_17.079592	3154	3217	28	3	63	0.0476190
NODE_40_length_8228_cov_17.079592	3154	3217	30	2	63	0.0317460
NODE_40_length_8228_cov_17.079592	3154	3217	32	31	63	0.4920635
NODE_43_length_8100_cov_32.115236	501	581	8	8	80	0.1000000
NODE_43_length_8100_cov_32.115236	501	581	10	35	80	0.4375000
NODE_43_length_8100_cov_32.115236	501	581	12	8	80	0.1000000
NODE_43_length_8100_cov_32.115236	501	581	14	21	80	0.2625000
NODE_43_length_8100_cov_32.115236	501	581	15	4	80	0.0500000
NODE_43_length_8100_cov_32.115236	501	581	16	4	80	0.0500000
NODE_43_length_8100_cov_32.115236	554	634	6	30	80	0.3750000
NODE_43_length_8100_cov_32.115236	554	634	8	13	80	0.1625000
NODE_43_length_8100_cov_32.115236	554	634	12	6	80	0.0750000
NODE_43_length_8100_cov_32.115236	554	634	14	23	80	0.2875000
NODE_43_length_8100_cov_32.115236	554	634	15	4	80	0.0500000
NODE_43_length_8100_cov_32.115236	554	634	16	4	80	0.0500000
NODE_43_length_8100_cov_32.115236	1383	1463	4	80	80	1.0000000
NODE_43_length_8100_cov_32.115236	1436	1516	4	80	80	1.0000000
NODE_43_length_8100_cov_32.115236	3391	3462	178	1	71	0.0140845
NODE_43_length_8100_cov_32.115236	3391	3462	186	1	71	0.0140845
NODE_43_length_8100_cov_32.115236	3391	3462	188	1	71	0.0140845
NODE_43_length_8100_cov_32.115236	3391	3462	207	1	71	0.0140845
NODE_43_length_8100_cov_32.115236	3391	3462	209	1	71	0.0140845
NODE_43_length_8100_cov_32.115236	3391	3462	226	1	71	0.0140845
NODE_43_length_8100_cov_32.115236	3391	3462	232	1	71	0.0140845
NODE_43_length_8100_cov_32.115236	3391	3462	233	2	71	0.0281690
NODE_43_length_8100_cov_32.115236	3391	3462	243	1	71	0.0140845
NODE_43_length_8100_cov_32.115236	3391	3462	252	1	71	0.0140845
NODE_43_length_8100_cov_32.115236	3391	3462	265	4	71	0.0563380
NODE_43_length_8100_cov_32.115236	3391	3462	269	1	71	0.0140845
NODE_43_length_8100_cov_32.115236	3391	3462	275	1	71	0.0140845
NODE_43_length_8100_cov_32.115236	3391	3462	278	1	71	0.0140845
NODE_43_length_8100_cov_32.115236	3391	3462	284	1	71	0.0140845
NODE_43_length_8100_cov_32.115236	3391	3462	301	1	71	0.0140845
NODE_43_length_8100_cov_32.115236	3391	3462	302	1	71	0.0140845
NODE_43_length_8100_cov_32.115236	3391	3462	312	1	71	0.0140845
NODE_43_length_8100_cov_32.115236	3391	3462	313	2	71	0.0281690
NODE_43_length_8100_cov_32.115236	3391	3462	314	1	71	0.0140845
NODE_43_length_8100_cov_32.115236	3391	3462	316	1	71	0.0140845
NODE_43_length_8100_cov_32.115236	3391	3462	319	2	71	0.0281690
NODE_43_length_8100_cov_32.115236	3391	3462	321	3	71	0.0422535
NODE_43_length_8100_cov_32.115236	3391	3462	322	1	71	0.0140845
NODE_43_length_8100_cov_32.115236	3391	3462	323	3	71	0.0422535
NODE_43_length_8100_cov_32.115236	3391	3462	325	10	71	0.1408451
NODE_43_length_8100_cov_32.115236	3391	3462	327	7	71	0.0985916
NODE_43_length_8100_cov_32.115236	3391	3462	328	2	71	0.0281690
NODE_43_length_8100_cov_32.115236	3391	3462	329	2	71	0.0281690
NODE_43_length_8100_cov_32.115236	3391	3462	330	2	71	0.0281690
NODE_43_length_8100_cov_32.115236	3391	3462	331	3	71	0.0422535
NODE_43_length_8100_cov_32.115236	3391	3462	333	4	71	0.0563380
NODE_43_length_8100_cov_32.115236	3391	3462	334	3	71	0.0422535
NODE_43_length_8100_cov_32.115236	3391	3462	335	1	71	0.0140845
NODE_43_length_8100_cov_32.115236	3391	3462	338	1	71	0.0140845
NODE_43_length_8100_cov_32.115236	3391	3462	340	1	71	0.0140845
NODE_43_length_8100_cov_32.115236	3435	3483	108	1	48	0.0208333
NODE_43_length_8100_cov_32.115236	3435	3483	110	2	48	0.0416667
NODE_43_length_8100_cov_32.115236	3435	3483	112	2	48	0.0416667
NODE_43_length_8100_cov_32.115236	3435	3483	114	2	48	0.0416667
NODE_43_length_8100_cov_32.115236	3435	3483	118	1	48	0.0208333
NODE_43_length_8100_cov_32.115236	3435	3483	120	1	48	0.0208333
NODE_43_length_8100_cov_32.115236	3435	3483	127	2	48	0.0416667
NODE_43_length_8100_cov_32.115236	3435	3483	128	1	48	0.0208333
NODE_43_length_8100_cov_32.115236	3435	3483	131	1	48	0.0208333
NODE_43_length_8100_cov_32.115236	3435	3483	132	1	48	0.0208333
NODE_43_length_8100_cov_32.115236	3435	3483	142	1	48	0.0208333
NODE_43_length_8100_cov_32.115236	3435	3483	144	1	48	0.0208333
NODE_43_length_8100_cov_32.115236	3435	3483	154	1	48	0.0208333
NODE_43_length_8100_cov_32.115236	3435	3483	159	1	48	0.0208333
NODE_43_length_8100_cov_32.115236	3435	3483	165	1	48	0.0208333
NODE_43_length_8100_cov_32.115236	3435	3483	173	1	48	0.0208333
NODE_43_length_8100_cov_32.115236	3435	3483	176	1	48	0.0208333
NODE_43_length_8100_cov_32.115236	3435	3483	178	1	48	0.0208333
NODE_43_length_8100_cov_32.115236	3435	3483	186	1	48	0.0208333
NODE_43_length_8100_cov_32.115236	3435	3483	188	1	48	0.0208333
NODE_43_length_8100_cov_32.115236	3435	3483	207	1	48	0.0208333
NODE_43_length_8100_cov_32.115236	3435	3483	209	1	48	0.0208333
NODE_43_length_8100_cov_32.115236	3435	3483	226	1	48	0.0208333
NODE_43_length_8100_cov_32.115236	3435	3483	232	1	48	0.0208333
NODE_43_length_8100_cov_32.115236	3435	3483	233	2	48	0.0416667
NODE_43_length_8100_cov_32.115236	3435	3483	243	1	48	0.0208333
NODE_43_length_8100_cov_32.115236	3435	3483	252	1	48	0.0208333
NODE_43_length_8100_cov_32.115236	3435	3483	265	4	48	0.0833333
NODE_43_length_8100_cov_32.115236	3435	3483	269	1	48	0.0208333
NODE_43_length_8100_cov_32.115236	3435	3483	275	1	48	0.0208333
NODE_43_length_8100_cov_32.115236	3435	3483	278	1	48	0.0208333
NODE_43_length_8100_cov_32.115236	3435	3483	284	1	48	0.0208333
NODE_43_length_8100_cov_32.115236	3435	3483	301	1	48	0.0208333
NODE_43_length_8100_cov_32.115236	3435	3483	302	1	48	0.0208333
NODE_43_length_8100_cov_32.115236	3435	3483	312	1	48	0.0208333
NODE_43_length_8100_cov_32.115236	3435	3483	316	1	48	0.0208333
NODE_43_length_8100_cov_32.115236	3435	3483	321	1	48	0.0208333
NODE_43_length_8100_cov_32.115236	3435	3483	327	2	48	0.0416667
NODE_43_length_8100_cov_32.115236	3435	3483	328	1	48	0.0208333
NODE_46_length_7962_cov_31.622790	6281	6363	72	1	82	0.0121951
NODE_46_length_7962_cov_31.622790	6281	6363	73	1	82	0.0121951
NODE_46_length_7962_cov_31.622790	6281	6363	75	1	82	0.0121951
NODE_46_length_7962_cov_31.622790	6281	6363	77	1	82	0.0121951
NODE_46_length_7962_cov_31.622790	6281	6363	79	1	82	0.0121951
NODE_46_length_7962_cov_31.622790	6281	6363	81	2	82	0.0243902
NODE_46_length_7962_cov_31.622790	6281	6363	90	1	82	0.0121951
NODE_46_length_7962_cov_31.622790	6281	6363	91	1	82	0.0121951
NODE_46_length_7962_cov_31.622790	6281	6363	93	4	82	0.0487805
NODE_46_length_7962_cov_31.622790	6281	6363	95	1	82	0.0121951
NODE_46_length_7962_cov_31.622790	6281	6363	97	5	82	0.0609756
NODE_46_length_7962_cov_31.622790	6281	6363	99	2	82	0.0243902
NODE_46_length_7962_cov_31.622790	6281	6363	102	5	82	0.0609756
NODE_46_length_7962_cov_31.622790	6281	6363	104	2	82	0.0243902
NODE_46_length_7962_cov_31.622790	6281	6363	108	1	82	0.0121951
NODE_46_length_7962_cov_31.622790	6281	6363	110	2	82	0.0243902
NODE_46_length_7962_cov_31.622790	6281	6363	112	1	82	0.0121951
NODE_46_length_7962_cov_31.622790	6281	6363	116	6	82	0.0731707
NODE_46_length_7962_cov_31.622790	6281	6363	126	5	82	0.0609756
NODE_46_length_7962_cov_31.622790	6281	6363	129	2	82	0.0243902
NODE_46_length_7962_cov_31.622790	6281	6363	130	4	82	0.0487805
NODE_46_length_7962_cov_31.622790	6281	6363	132	15	82	0.1829268
NODE_46_length_7962_cov_31.622790	6281	6363	135	6	82	0.0731707
NODE_46_length_7962_cov_31.622790	6281	6363	136	1	82	0.0121951
NODE_46_length_7962_cov_31.622790	6281	6363	139	10	82	0.1219512
NODE_46_length_7962_cov_31.622790	6281	6363	140	1	82	0.0121951
NODE_47_length_7944_cov_12.238496	348	419	29	8	71	0.1126761
NODE_47_length_7944_cov_12.238496	348	419	30	8	71	0.1126761
NODE_47_length_7944_cov_12.238496	348	419	31	1	71	0.0140845
NODE_47_length_7944_cov_12.238496	348	419	32	17	71	0.2394366
NODE_47_length_7944_cov_12.238496	348	419	33	1	71	0.0140845
NODE_47_length_7944_cov_12.238496	348	419	34	18	71	0.2535211
NODE_47_length_7944_cov_12.238496	348	419	36	4	71	0.0563380
NODE_47_length_7944_cov_12.238496	348	419	40	3	71	0.0422535
NODE_47_length_7944_cov_12.238496	348	419	42	11	71	0.1549296
NODE_48_length_7919_cov_14.554859	2380	2460	16	3	80	0.0375000
NODE_48_length_7919_cov_14.554859	2380	2460	18	8	80	0.1000000
NODE_48_length_7919_cov_14.554859	2380	2460	20	9	80	0.1125000
NODE_48_length_7919_cov_14.554859	2380	2460	21	2	80	0.0250000
NODE_48_length_7919_cov_14.554859	2380	2460	22	7	80	0.0875000
NODE_48_length_7919_cov_14.554859	2380	2460	23	5	80	0.0625000
NODE_48_length_7919_cov_14.554859	2380	2460	25	13	80	0.1625000
NODE_48_length_7919_cov_14.554859	2380	2460	26	24	80	0.3000000
NODE_48_length_7919_cov_14.554859	2380	2460	28	5	80	0.0625000
NODE_48_length_7919_cov_14.554859	2380	2460	30	4	80	0.0500000
NODE_50_length_7830_cov_4.211098	0	52	0	52	52	1.0000000
NODE_50_length_7830_cov_4.211098	30	105	0	75	75	1.0000000
NODE_52_length_7779_cov_20.230859	7691	7771	0	80	80	1.0000000
NODE_52_length_7779_cov_20.230859	7691	7771	0	80	80	1.0000000
NODE_52_length_7779_cov_20.230859	7691	7761	0	70	70	1.0000000
NODE_52_length_7779_cov_20.230859	7744	7779	0	35	35	1.0000000
NODE_53_length_7765_cov_18.871119	254	322	11	5	68	0.0735294
NODE_53_length_7765_cov_18.871119	254	322	13	2	68	0.0294118
NODE_53_length_7765_cov_18.871119	254	322	14	1	68	0.0147059
NODE_53_length_7765_cov_18.871119	254	322	15	8	68	0.1176471
NODE_53_length_7765_cov_18.871119	254	322	16	1	68	0.0147059
NODE_53_length_7765_cov_18.871119	254	322	18	9	68	0.1323529
NODE_53_length_7765_cov_18.871119	254	322	19	7	68	0.1029412
NODE_53_length_7765_cov_18.871119	254	322	20	1	68	0.0147059
NODE_53_length_7765_cov_18.871119	254	322	22	5	68	0.0735294
NODE_53_length_7765_cov_18.871119	254	322	24	12	68	0.1764706
NODE_53_length_7765_cov_18.871119	254	322	26	4	68	0.0588235
NODE_53_length_7765_cov_18.871119	254	322	27	1	68	0.0147059
NODE_53_length_7765_cov_18.871119	254	322	28	8	68	0.1176471
NODE_53_length_7765_cov_18.871119	254	322	29	4	68	0.0588235
NODE_53_length_7765_cov_18.871119	353	433	12	9	80	0.1125000
NODE_53_length_7765_cov_18.871119	353	433	14	4	80	0.0500000
NODE_53_length_7765_cov_18.871119	353	433	16	1	80	0.0125000
NODE_53_length_7765_cov_18.871119	353	433	18	10	80	0.1250000
NODE_53_length_7765_cov_18.871119	353	433	22	1	80	0.0125000
NODE_53_length_7765_cov_18.871119	353	433	24	13	80	0.1625000
NODE_53_length_7765_cov_18.871119	353	433	26	15	80	0.1875000
NODE_53_length_7765_cov_18.871119	353	433	28	15	80	0.1875000
NODE_53_length_7765_cov_18.871119	353	433	30	4	80	0.0500000
NODE_53_length_7765_cov_18.871119	353	433	32	5	80	0.0625000
NODE_53_length_7765_cov_18.871119	353	433	34	3	80	0.0375000
NODE_61_length_7411_cov_74.967314	2283	2347	0	64	64	1.0000000
NODE_61_length_7411_cov_74.967314	4725	4789	0	64	64	1.0000000
NODE_64_length_7305_cov_3.696087	971	1019	5	11	48	0.2291667
NODE_64_length_7305_cov_3.696087	971	1019	7	27	48	0.5625000
NODE_64_length_7305_cov_3.696087	971	1019	8	10	48	0.2083333
NODE_64_length_7305_cov_3.696087	7142	7190	2	2	48	0.0416667
NODE_64_length_7305_cov_3.696087	7142	7190	4	46	48	0.9583333
NODE_66_length_7261_cov_12.433398	2313	2395	83	4	82	0.0487805
NODE_66_length_7261_cov_12.433398	2313	2395	84	4	82	0.0487805
NODE_66_length_7261_cov_12.433398	2313	2395	85	2	82	0.0243902
NODE_66_length_7261_cov_12.433398	2313	2395	86	2	82	0.0243902
NODE_66_length_7261_cov_12.433398	2313	2395	87	1	82	0.0121951
NODE_66_length_7261_cov_12.433398	2313	2395	88	4	82	0.0487805
NODE_66_length_7261_cov_12.433398	2313	2395	89	1	82	0.0121951
NODE_66_length_7261_cov_12.433398	2313	2395	90	8	82	0.0975610
NODE_66_length_7261_cov_12.433398	2313	2395	92	4	82	0.0487805
NODE_66_length_7261_cov_12.433398	2313	2395	93	1	82	0.0121951
NODE_66_length_7261_cov_12.433398	2313	2395	94	3	82	0.0365854
NODE_66_length_7261_cov_12.433398	2313	2395	95	2	82	0.0243902
NODE_66_length_7261_cov_12.433398	2313	2395	97	3	82	0.0365854
NODE_66_length_7261_cov_12.433398	2313	2395	98	2	82	0.0243902
NODE_66_length_7261_cov_12.433398	2313	2395	101	1	82	0.0121951
NODE_66_length_7261_cov_12.433398	2313	2395	107	1	82	0.0121951
NODE_66_length_7261_cov_12.433398	2313	2395	109	1	82	0.0121951
NODE_66_length_7261_cov_12.433398	2313	2395	117	2	82	0.0243902
NODE_66_length_7261_cov_12.433398	2313	2395	118	1	82	0.0121951
NODE_66_length_7261_cov_12.433398	2313	2395	123	2	82	0.0243902
NODE_66_length_7261_cov_12.433398	2313	2395	124	1	82	0.0121951
NODE_66_length_7261_cov_12.433398	2313	2395	129	2	82	0.0243902
NODE_66_length_7261_cov_12.433398	2313	2395	130	1	82	0.0121951
NODE_66_length_7261_cov_12.433398	2313	2395	134	1	82	0.0121951
NODE_66_length_7261_cov_12.433398	2313	2395	138	1	82	0.0121951
NODE_66_length_7261_cov_12.433398	2313	2395	140	3	82	0.0365854
NODE_66_length_7261_cov_12.433398	2313	2395	142	2	82	0.0243902
NODE_66_length_7261_cov_12.433398	2313	2395	150	1	82	0.0121951
NODE_66_length_7261_cov_12.433398	2313	2395	151	1	82	0.0121951
NODE_66_length_7261_cov_12.433398	2313	2395	165	1	82	0.0121951
NODE_66_length_7261_cov_12.433398	2313	2395	168	2	82	0.0243902
NODE_66_length_7261_cov_12.433398	2313	2395	169	1	82	0.0121951
NODE_66_length_7261_cov_12.433398	2313	2395	171	1	82	0.0121951
NODE_66_length_7261_cov_12.433398	2313	2395	176	1	82	0.0121951
NODE_66_length_7261_cov_12.433398	2313	2395	178	4	82	0.0487805
NODE_66_length_7261_cov_12.433398	2313	2395	179	2	82	0.0243902
NODE_66_length_7261_cov_12.433398	2313	2395	181	1	82	0.0121951
NODE_66_length_7261_cov_12.433398	2313	2395	188	1	82	0.0121951
NODE_66_length_7261_cov_12.433398	2313	2395	193	1	82	0.0121951
NODE_66_length_7261_cov_12.433398	2313	2395	196	2	82	0.0243902
NODE_66_length_7261_cov_12.433398	2313	2395	198	2	82	0.0243902
NODE_66_length_7261_cov_12.433398	2313	2395	200	1	82	0.0121951
NODE_73_length_7036_cov_65.961943	4375	4455	10	15	80	0.1875000
NODE_73_length_7036_cov_65.961943	4375	4455	12	39	80	0.4875000
NODE_73_length_7036_cov_65.961943	4375	4455	14	26	80	0.3250000
NODE_73_length_7036_cov_65.961943	5538	5618	125	2	80	0.0250000
NODE_73_length_7036_cov_65.961943	5538	5618	127	1	80	0.0125000
NODE_73_length_7036_cov_65.961943	5538	5618	129	2	80	0.0250000
NODE_73_length_7036_cov_65.961943	5538	5618	130	1	80	0.0125000
NODE_73_length_7036_cov_65.961943	5538	5618	134	1	80	0.0125000
NODE_73_length_7036_cov_65.961943	5538	5618	148	1	80	0.0125000
NODE_73_length_7036_cov_65.961943	5538	5618	154	1	80	0.0125000
NODE_73_length_7036_cov_65.961943	5538	5618	161	1	80	0.0125000
NODE_73_length_7036_cov_65.961943	5538	5618	168	2	80	0.0250000
NODE_73_length_7036_cov_65.961943	5538	5618	172	1	80	0.0125000
NODE_73_length_7036_cov_65.961943	5538	5618	177	1	80	0.0125000
NODE_73_length_7036_cov_65.961943	5538	5618	187	2	80	0.0250000
NODE_73_length_7036_cov_65.961943	5538	5618	203	1	80	0.0125000
NODE_73_length_7036_cov_65.961943	5538	5618	210	1	80	0.0125000
NODE_73_length_7036_cov_65.961943	5538	5618	216	1	80	0.0125000
NODE_73_length_7036_cov_65.961943	5538	5618	229	2	80	0.0250000
NODE_73_length_7036_cov_65.961943	5538	5618	235	1	80	0.0125000
NODE_73_length_7036_cov_65.961943	5538	5618	236	1	80	0.0125000
NODE_73_length_7036_cov_65.961943	5538	5618	240	1	80	0.0125000
NODE_73_length_7036_cov_65.961943	5538	5618	246	1	80	0.0125000
NODE_73_length_7036_cov_65.961943	5538	5618	255	1	80	0.0125000
NODE_73_length_7036_cov_65.961943	5538	5618	261	1	80	0.0125000
NODE_73_length_7036_cov_65.961943	5538	5618	263	1	80	0.0125000
NODE_73_length_7036_cov_65.961943	5538	5618	273	1	80	0.0125000
NODE_73_length_7036_cov_65.961943	5538	5618	281	1	80	0.0125000
NODE_73_length_7036_cov_65.961943	5538	5618	297	1	80	0.0125000
NODE_73_length_7036_cov_65.961943	5538	5618	299	1	80	0.0125000
NODE_73_length_7036_cov_65.961943	5538	5618	307	1	80	0.0125000
NODE_73_length_7036_cov_65.961943	5538	5618	321	1	80	0.0125000
NODE_73_length_7036_cov_65.961943	5538	5618	332	1	80	0.0125000
NODE_73_length_7036_cov_65.961943	5538	5618	342	1	80	0.0125000
NODE_73_length_7036_cov_65.961943	5538	5618	344	1	80	0.0125000
NODE_73_length_7036_cov_65.961943	5538	5618	359	2	80	0.0250000
NODE_73_length_7036_cov_65.961943	5538	5618	363	1	80	0.0125000
NODE_73_length_7036_cov_65.961943	5538	5618	372	1	80	0.0125000
NODE_73_length_7036_cov_65.961943	5538	5618	373	1	80	0.0125000
NODE_73_length_7036_cov_65.961943	5538	5618	375	1	80	0.0125000
NODE_73_length_7036_cov_65.961943	5538	5618	378	3	80	0.0375000
NODE_73_length_7036_cov_65.961943	5538	5618	380	1	80	0.0125000
NODE_73_length_7036_cov_65.961943	5538	5618	387	1	80	0.0125000
NODE_73_length_7036_cov_65.961943	5538	5618	391	1	80	0.0125000
NODE_73_length_7036_cov_65.961943	5538	5618	395	1	80	0.0125000
NODE_73_length_7036_cov_65.961943	5538	5618	396	1	80	0.0125000
NODE_73_length_7036_cov_65.961943	5538	5618	400	1	80	0.0125000
NODE_73_length_7036_cov_65.961943	5538	5618	409	1	80	0.0125000
NODE_73_length_7036_cov_65.961943	5538	5618	411	1	80	0.0125000
NODE_73_length_7036_cov_65.961943	5538	5618	416	1	80	0.0125000
NODE_73_length_7036_cov_65.961943	5538	5618	426	1	80	0.0125000
NODE_73_length_7036_cov_65.961943	5538	5618	433	1	80	0.0125000
NODE_73_length_7036_cov_65.961943	5538	5618	445	1	80	0.0125000
NODE_73_length_7036_cov_65.961943	5538	5618	446	1	80	0.0125000
NODE_73_length_7036_cov_65.961943	5538	5618	448	1	80	0.0125000
NODE_73_length_7036_cov_65.961943	5538	5618	452	1	80	0.0125000
NODE_73_length_7036_cov_65.961943	5538	5618	455	1	80	0.0125000
NODE_73_length_7036_cov_65.961943	5538	5618	458	1	80	0.0125000
NODE_73_length_7036_cov_65.961943	5538	5618	468	1	80	0.0125000
NODE_73_length_7036_cov_65.961943	5538	5618	479	1	80	0.0125000
NODE_73_length_7036_cov_65.961943	5538	5618	482	1	80	0.0125000
NODE_73_length_7036_cov_65.961943	5538	5618	489	1	80	0.0125000
NODE_73_length_7036_cov_65.961943	5538	5618	494	1	80	0.0125000
NODE_73_length_7036_cov_65.961943	5538	5618	497	1	80	0.0125000
NODE_73_length_7036_cov_65.961943	5538	5618	500	1	80	0.0125000
NODE_73_length_7036_cov_65.961943	5538	5618	505	1	80	0.0125000
NODE_73_length_7036_cov_65.961943	5538	5618	506	1	80	0.0125000
NODE_73_length_7036_cov_65.961943	5538	5618	509	1	80	0.0125000
NODE_73_length_7036_cov_65.961943	5538	5618	510	2	80	0.0250000
NODE_73_length_7036_cov_65.961943	5538	5618	511	1	80	0.0125000
NODE_73_length_7036_cov_65.961943	5538	5618	514	1	80	0.0125000
NODE_73_length_7036_cov_65.961943	5538	5618	516	1	80	0.0125000
NODE_73_length_7036_cov_65.961943	5538	5618	517	1	80	0.0125000
NODE_73_length_7036_cov_65.961943	5538	5618	522	1	80	0.0125000
NODE_73_length_7036_cov_65.961943	5591	5666	411	1	75	0.0133333
NODE_73_length_7036_cov_65.961943	5591	5666	416	1	75	0.0133333
NODE_73_length_7036_cov_65.961943	5591	5666	426	1	75	0.0133333
NODE_73_length_7036_cov_65.961943	5591	5666	433	1	75	0.0133333
NODE_73_length_7036_cov_65.961943	5591	5666	445	1	75	0.0133333
NODE_73_length_7036_cov_65.961943	5591	5666	446	1	75	0.0133333
NODE_73_length_7036_cov_65.961943	5591	5666	448	1	75	0.0133333
NODE_73_length_7036_cov_65.961943	5591	5666	452	1	75	0.0133333
NODE_73_length_7036_cov_65.961943	5591	5666	455	1	75	0.0133333
NODE_73_length_7036_cov_65.961943	5591	5666	458	1	75	0.0133333
NODE_73_length_7036_cov_65.961943	5591	5666	468	1	75	0.0133333
NODE_73_length_7036_cov_65.961943	5591	5666	479	1	75	0.0133333
NODE_73_length_7036_cov_65.961943	5591	5666	482	1	75	0.0133333
NODE_73_length_7036_cov_65.961943	5591	5666	489	1	75	0.0133333
NODE_73_length_7036_cov_65.961943	5591	5666	494	1	75	0.0133333
NODE_73_length_7036_cov_65.961943	5591	5666	497	1	75	0.0133333
NODE_73_length_7036_cov_65.961943	5591	5666	500	1	75	0.0133333
NODE_73_length_7036_cov_65.961943	5591	5666	505	1	75	0.0133333
NODE_73_length_7036_cov_65.961943	5591	5666	506	2	75	0.0266667
NODE_73_length_7036_cov_65.961943	5591	5666	509	1	75	0.0133333
NODE_73_length_7036_cov_65.961943	5591	5666	510	2	75	0.0266667
NODE_73_length_7036_cov_65.961943	5591	5666	511	2	75	0.0266667
NODE_73_length_7036_cov_65.961943	5591	5666	514	1	75	0.0133333
NODE_73_length_7036_cov_65.961943	5591	5666	515	1	75	0.0133333
NODE_73_length_7036_cov_65.961943	5591	5666	516	2	75	0.0266667
NODE_73_length_7036_cov_65.961943	5591	5666	517	1	75	0.0133333
NODE_73_length_7036_cov_65.961943	5591	5666	518	1	75	0.0133333
NODE_73_length_7036_cov_65.961943	5591	5666	519	3	75	0.0400000
NODE_73_length_7036_cov_65.961943	5591	5666	520	1	75	0.0133333
NODE_73_length_7036_cov_65.961943	5591	5666	521	1	75	0.0133333
NODE_73_length_7036_cov_65.961943	5591	5666	522	2	75	0.0266667
NODE_73_length_7036_cov_65.961943	5591	5666	523	1	75	0.0133333
NODE_73_length_7036_cov_65.961943	5591	5666	527	2	75	0.0266667
NODE_73_length_7036_cov_65.961943	5591	5666	528	2	75	0.0266667
NODE_73_length_7036_cov_65.961943	5591	5666	530	1	75	0.0133333
NODE_73_length_7036_cov_65.961943	5591	5666	532	2	75	0.0266667
NODE_73_length_7036_cov_65.961943	5591	5666	533	4	75	0.0533333
NODE_73_length_7036_cov_65.961943	5591	5666	535	2	75	0.0266667
NODE_73_length_7036_cov_65.961943	5591	5666	536	2	75	0.0266667
NODE_73_length_7036_cov_65.961943	5591	5666	537	2	75	0.0266667
NODE_73_length_7036_cov_65.961943	5591	5666	540	1	75	0.0133333
NODE_73_length_7036_cov_65.961943	5591	5666	541	1	75	0.0133333
NODE_73_length_7036_cov_65.961943	5591	5666	543	1	75	0.0133333
NODE_73_length_7036_cov_65.961943	5591	5666	544	3	75	0.0400000
NODE_73_length_7036_cov_65.961943	5591	5666	545	1	75	0.0133333
NODE_73_length_7036_cov_65.961943	5591	5666	546	3	75	0.0400000
NODE_73_length_7036_cov_65.961943	5591	5666	549	3	75	0.0400000
NODE_73_length_7036_cov_65.961943	5591	5666	550	1	75	0.0133333
NODE_73_length_7036_cov_65.961943	5591	5666	551	3	75	0.0400000
NODE_73_length_7036_cov_65.961943	5591	5666	552	1	75	0.0133333
NODE_73_length_7036_cov_65.961943	5591	5666	553	1	75	0.0133333
NODE_73_length_7036_cov_65.961943	5690	5746	263	1	56	0.0178571
NODE_73_length_7036_cov_65.961943	5690	5746	265	1	56	0.0178571
NODE_73_length_7036_cov_65.961943	5690	5746	266	3	56	0.0535714
NODE_73_length_7036_cov_65.961943	5690	5746	268	1	56	0.0178571
NODE_73_length_7036_cov_65.961943	5690	5746	270	1	56	0.0178571
NODE_73_length_7036_cov_65.961943	5690	5746	272	1	56	0.0178571
NODE_73_length_7036_cov_65.961943	5690	5746	273	1	56	0.0178571
NODE_73_length_7036_cov_65.961943	5690	5746	274	1	56	0.0178571
NODE_73_length_7036_cov_65.961943	5690	5746	275	3	56	0.0535714
NODE_73_length_7036_cov_65.961943	5690	5746	277	2	56	0.0357143
NODE_73_length_7036_cov_65.961943	5690	5746	278	1	56	0.0178571
NODE_73_length_7036_cov_65.961943	5690	5746	282	2	56	0.0357143
NODE_73_length_7036_cov_65.961943	5690	5746	284	1	56	0.0178571
NODE_73_length_7036_cov_65.961943	5690	5746	285	2	56	0.0357143
NODE_73_length_7036_cov_65.961943	5690	5746	288	1	56	0.0178571
NODE_73_length_7036_cov_65.961943	5690	5746	289	1	56	0.0178571
NODE_73_length_7036_cov_65.961943	5690	5746	290	1	56	0.0178571
NODE_73_length_7036_cov_65.961943	5690	5746	294	1	56	0.0178571
NODE_73_length_7036_cov_65.961943	5690	5746	295	1	56	0.0178571
NODE_73_length_7036_cov_65.961943	5690	5746	297	2	56	0.0357143
NODE_73_length_7036_cov_65.961943	5690	5746	307	1	56	0.0178571
NODE_73_length_7036_cov_65.961943	5690	5746	309	1	56	0.0178571
NODE_73_length_7036_cov_65.961943	5690	5746	313	3	56	0.0535714
NODE_73_length_7036_cov_65.961943	5690	5746	318	1	56	0.0178571
NODE_73_length_7036_cov_65.961943	5690	5746	323	1	56	0.0178571
NODE_73_length_7036_cov_65.961943	5690	5746	325	1	56	0.0178571
NODE_73_length_7036_cov_65.961943	5690	5746	326	2	56	0.0357143
NODE_73_length_7036_cov_65.961943	5690	5746	327	1	56	0.0178571
NODE_73_length_7036_cov_65.961943	5690	5746	328	1	56	0.0178571
NODE_73_length_7036_cov_65.961943	5690	5746	333	1	56	0.0178571
NODE_73_length_7036_cov_65.961943	5690	5746	334	1	56	0.0178571
NODE_73_length_7036_cov_65.961943	5690	5746	340	1	56	0.0178571
NODE_73_length_7036_cov_65.961943	5690	5746	349	2	56	0.0357143
NODE_73_length_7036_cov_65.961943	5690	5746	356	1	56	0.0178571
NODE_73_length_7036_cov_65.961943	5690	5746	363	1	56	0.0178571
NODE_73_length_7036_cov_65.961943	5690	5746	368	1	56	0.0178571
NODE_73_length_7036_cov_65.961943	5690	5746	373	1	56	0.0178571
NODE_73_length_7036_cov_65.961943	5690	5746	375	1	56	0.0178571
NODE_73_length_7036_cov_65.961943	5690	5746	379	2	56	0.0357143
NODE_73_length_7036_cov_65.961943	5690	5746	380	1	56	0.0178571
NODE_73_length_7036_cov_65.961943	5690	5746	384	1	56	0.0178571
NODE_73_length_7036_cov_65.961943	5690	5746	386	1	56	0.0178571
NODE_73_length_7036_cov_65.961943	5690	5746	388	1	56	0.0178571
NODE_73_length_7036_cov_65.961943	6373	6453	2	80	80	1.0000000
NODE_73_length_7036_cov_65.961943	6426	6506	0	23	80	0.2875000
NODE_73_length_7036_cov_65.961943	6426	6506	2	57	80	0.7125000
NODE_74_length_6974_cov_16.058327	976	1056	4	3	80	0.0375000
NODE_74_length_6974_cov_16.058327	976	1056	6	2	80	0.0250000
NODE_74_length_6974_cov_16.058327	976	1056	8	1	80	0.0125000
NODE_74_length_6974_cov_16.058327	976	1056	10	2	80	0.0250000
NODE_74_length_6974_cov_16.058327	976	1056	22	21	80	0.2625000
NODE_74_length_6974_cov_16.058327	976	1056	25	18	80	0.2250000
NODE_74_length_6974_cov_16.058327	976	1056	27	4	80	0.0500000
NODE_74_length_6974_cov_16.058327	976	1056	34	14	80	0.1750000
NODE_74_length_6974_cov_16.058327	976	1056	35	15	80	0.1875000
NODE_74_length_6974_cov_16.058327	1029	1109	15	12	80	0.1500000
NODE_74_length_6974_cov_16.058327	1029	1109	28	6	80	0.0750000
NODE_74_length_6974_cov_16.058327	1029	1109	30	23	80	0.2875000
NODE_74_length_6974_cov_16.058327	1029	1109	32	4	80	0.0500000
NODE_74_length_6974_cov_16.058327	1029	1109	33	2	80	0.0250000
NODE_74_length_6974_cov_16.058327	1029	1109	34	12	80	0.1500000
NODE_74_length_6974_cov_16.058327	1029	1109	35	21	80	0.2625000
NODE_80_length_6826_cov_10.483574	4462	4542	0	10	80	0.1250000
NODE_80_length_6826_cov_10.483574	4462	4542	8	5	80	0.0625000
NODE_80_length_6826_cov_10.483574	4462	4542	9	3	80	0.0375000
NODE_80_length_6826_cov_10.483574	4462	4542	13	5	80	0.0625000
NODE_80_length_6826_cov_10.483574	4462	4542	19	2	80	0.0250000
NODE_80_length_6826_cov_10.483574	4462	4542	20	3	80	0.0375000
NODE_80_length_6826_cov_10.483574	4462	4542	22	52	80	0.6500000
NODE_80_length_6826_cov_10.483574	4515	4595	14	2	80	0.0250000
NODE_80_length_6826_cov_10.483574	4515	4595	18	4	80	0.0500000
NODE_80_length_6826_cov_10.483574	4515	4595	22	74	80	0.9250000
NODE_81_length_6816_cov_2.820753	6726	6801	0	75	75	1.0000000
NODE_81_length_6816_cov_2.820753	6774	6816	0	42	42	1.0000000
NODE_84_length_6744_cov_6.222272	5	85	0	27	80	0.3375000
NODE_84_length_6744_cov_6.222272	5	85	2	53	80	0.6625000
NODE_84_length_6744_cov_6.222272	58	138	2	80	80	1.0000000
NODE_84_length_6744_cov_6.222272	6650	6730	4	20	80	0.2500000
NODE_84_length_6744_cov_6.222272	6650	6730	8	10	80	0.1250000
NODE_84_length_6744_cov_6.222272	6650	6730	10	50	80	0.6250000
NODE_84_length_6744_cov_6.222272	6703	6744	4	34	41	0.8292683
NODE_84_length_6744_cov_6.222272	6703	6744	8	7	41	0.1707317
NODE_86_length_6733_cov_88.965029	3141	3221	0	41	80	0.5125000
NODE_86_length_6733_cov_88.965029	3141	3221	4	39	80	0.4875000
NODE_86_length_6733_cov_88.965029	3194	3274	4	59	80	0.7375000
NODE_86_length_6733_cov_88.965029	3194	3274	5	14	80	0.1750000
NODE_86_length_6733_cov_88.965029	3194	3274	6	7	80	0.0875000
NODE_86_length_6733_cov_88.965029	3270	3350	2	58	80	0.7250000
NODE_86_length_6733_cov_88.965029	3270	3350	6	22	80	0.2750000
NODE_86_length_6733_cov_88.965029	3323	3403	2	71	80	0.8875000
NODE_86_length_6733_cov_88.965029	3323	3403	3	9	80	0.1125000
NODE_90_length_6627_cov_9.440564	350	430	0	33	80	0.4125000
NODE_90_length_6627_cov_9.440564	350	430	1	32	80	0.4000000
NODE_90_length_6627_cov_9.440564	350	430	2	15	80	0.1875000
NODE_90_length_6627_cov_9.440564	403	483	0	6	80	0.0750000
NODE_90_length_6627_cov_9.440564	403	483	1	12	80	0.1500000
NODE_90_length_6627_cov_9.440564	403	483	2	62	80	0.7750000
NODE_95_length_6507_cov_95.786049	171	247	0	73	76	0.9605263
NODE_95_length_6507_cov_95.786049	171	247	4	2	76	0.0263158
NODE_95_length_6507_cov_95.786049	171	247	17	1	76	0.0131579
NODE_96_length_6497_cov_2.677399	366	436	8	2	70	0.0285714
NODE_96_length_6497_cov_2.677399	366	436	10	44	70	0.6285715
NODE_96_length_6497_cov_2.677399	366	436	12	24	70	0.3428572
NODE_96_length_6497_cov_2.677399	409	444	8	10	35	0.2857143
NODE_96_length_6497_cov_2.677399	409	444	10	4	35	0.1142857
NODE_96_length_6497_cov_2.677399	409	444	12	21	35	0.6000000
NODE_97_length_6450_cov_26.108172	5024	5104	12	8	80	0.1000000
NODE_97_length_6450_cov_26.108172	5024	5104	14	2	80	0.0250000
NODE_97_length_6450_cov_26.108172	5024	5104	16	26	80	0.3250000
NODE_97_length_6450_cov_26.108172	5024	5104	18	7	80	0.0875000
NODE_97_length_6450_cov_26.108172	5024	5104	20	6	80	0.0750000
NODE_97_length_6450_cov_26.108172	5024	5104	22	26	80	0.3250000
NODE_97_length_6450_cov_26.108172	5024	5104	24	5	80	0.0625000
NODE_109_length_6171_cov_36.061100	3743	3813	19	3	70	0.0428571
NODE_109_length_6171_cov_36.061100	3743	3813	21	3	70	0.0428571
NODE_109_length_6171_cov_36.061100	3743	3813	23	1	70	0.0142857
NODE_109_length_6171_cov_36.061100	3743	3813	25	5	70	0.0714286
NODE_109_length_6171_cov_36.061100	3743	3813	27	1	70	0.0142857
NODE_109_length_6171_cov_36.061100	3743	3813	33	2	70	0.0285714
NODE_109_length_6171_cov_36.061100	3743	3813	42	5	70	0.0714286
NODE_109_length_6171_cov_36.061100	3743	3813	43	1	70	0.0142857
NODE_109_length_6171_cov_36.061100	3743	3813	44	1	70	0.0142857
NODE_109_length_6171_cov_36.061100	3743	3813	46	17	70	0.2428571
NODE_109_length_6171_cov_36.061100	3743	3813	50	15	70	0.2142857
NODE_109_length_6171_cov_36.061100	3743	3813	52	6	70	0.0857143
NODE_109_length_6171_cov_36.061100	3743	3813	53	3	70	0.0428571
NODE_109_length_6171_cov_36.061100	3743	3813	54	7	70	0.1000000
NODE_109_length_6171_cov_36.061100	3798	3851	26	4	53	0.0754717
NODE_109_length_6171_cov_36.061100	3798	3851	28	1	53	0.0188679
NODE_109_length_6171_cov_36.061100	3798	3851	29	4	53	0.0754717
NODE_109_length_6171_cov_36.061100	3798	3851	30	1	53	0.0188679
NODE_109_length_6171_cov_36.061100	3798	3851	32	1	53	0.0188679
NODE_109_length_6171_cov_36.061100	3798	3851	35	1	53	0.0188679
NODE_109_length_6171_cov_36.061100	3798	3851	37	2	53	0.0377358
NODE_109_length_6171_cov_36.061100	3798	3851	39	1	53	0.0188679
NODE_109_length_6171_cov_36.061100	3798	3851	40	1	53	0.0188679
NODE_109_length_6171_cov_36.061100	3798	3851	44	1	53	0.0188679
NODE_109_length_6171_cov_36.061100	3798	3851	46	6	53	0.1132075
NODE_109_length_6171_cov_36.061100	3798	3851	50	3	53	0.0566038
NODE_109_length_6171_cov_36.061100	3798	3851	52	5	53	0.0943396
NODE_109_length_6171_cov_36.061100	3798	3851	53	3	53	0.0566038
NODE_109_length_6171_cov_36.061100	3798	3851	54	19	53	0.3584906
NODE_109_length_6171_cov_36.061100	4552	4596	242	3	44	0.0681818
NODE_109_length_6171_cov_36.061100	4552	4596	243	2	44	0.0454545
NODE_109_length_6171_cov_36.061100	4552	4596	250	1	44	0.0227273
NODE_109_length_6171_cov_36.061100	4552	4596	255	1	44	0.0227273
NODE_109_length_6171_cov_36.061100	4552	4596	257	3	44	0.0681818
NODE_109_length_6171_cov_36.061100	4552	4596	258	4	44	0.0909091
NODE_109_length_6171_cov_36.061100	4552	4596	259	1	44	0.0227273
NODE_109_length_6171_cov_36.061100	4552	4596	260	1	44	0.0227273
NODE_109_length_6171_cov_36.061100	4552	4596	263	1	44	0.0227273
NODE_109_length_6171_cov_36.061100	4552	4596	268	2	44	0.0454545
NODE_109_length_6171_cov_36.061100	4552	4596	269	1	44	0.0227273
NODE_109_length_6171_cov_36.061100	4552	4596	271	2	44	0.0454545
NODE_109_length_6171_cov_36.061100	4552	4596	272	1	44	0.0227273
NODE_109_length_6171_cov_36.061100	4552	4596	273	1	44	0.0227273
NODE_109_length_6171_cov_36.061100	4552	4596	274	3	44	0.0681818
NODE_109_length_6171_cov_36.061100	4552	4596	275	2	44	0.0454545
NODE_109_length_6171_cov_36.061100	4552	4596	276	3	44	0.0681818
NODE_109_length_6171_cov_36.061100	4552	4596	277	1	44	0.0227273
NODE_109_length_6171_cov_36.061100	4552	4596	279	3	44	0.0681818
NODE_109_length_6171_cov_36.061100	4552	4596	280	4	44	0.0909091
NODE_109_length_6171_cov_36.061100	4552	4596	281	1	44	0.0227273
NODE_109_length_6171_cov_36.061100	4552	4596	283	3	44	0.0681818
NODE_109_length_6171_cov_36.061100	4569	4649	224	1	80	0.0125000
NODE_109_length_6171_cov_36.061100	4569	4649	227	1	80	0.0125000
NODE_109_length_6171_cov_36.061100	4569	4649	229	1	80	0.0125000
NODE_109_length_6171_cov_36.061100	4569	4649	230	1	80	0.0125000
NODE_109_length_6171_cov_36.061100	4569	4649	231	1	80	0.0125000
NODE_109_length_6171_cov_36.061100	4569	4649	233	1	80	0.0125000
NODE_109_length_6171_cov_36.061100	4569	4649	234	2	80	0.0250000
NODE_109_length_6171_cov_36.061100	4569	4649	237	1	80	0.0125000
NODE_109_length_6171_cov_36.061100	4569	4649	238	1	80	0.0125000
NODE_109_length_6171_cov_36.061100	4569	4649	246	1	80	0.0125000
NODE_109_length_6171_cov_36.061100	4569	4649	247	2	80	0.0250000
NODE_109_length_6171_cov_36.061100	4569	4649	248	1	80	0.0125000
NODE_109_length_6171_cov_36.061100	4569	4649	249	2	80	0.0250000
NODE_109_length_6171_cov_36.061100	4569	4649	250	2	80	0.0250000
NODE_109_length_6171_cov_36.061100	4569	4649	251	2	80	0.0250000
NODE_109_length_6171_cov_36.061100	4569	4649	252	1	80	0.0125000
NODE_109_length_6171_cov_36.061100	4569	4649	253	2	80	0.0250000
NODE_109_length_6171_cov_36.061100	4569	4649	258	1	80	0.0125000
NODE_109_length_6171_cov_36.061100	4569	4649	259	2	80	0.0250000
NODE_109_length_6171_cov_36.061100	4569	4649	261	1	80	0.0125000
NODE_109_length_6171_cov_36.061100	4569	4649	268	2	80	0.0250000
NODE_109_length_6171_cov_36.061100	4569	4649	269	2	80	0.0250000
NODE_109_length_6171_cov_36.061100	4569	4649	271	2	80	0.0250000
NODE_109_length_6171_cov_36.061100	4569	4649	272	1	80	0.0125000
NODE_109_length_6171_cov_36.061100	4569	4649	273	1	80	0.0125000
NODE_109_length_6171_cov_36.061100	4569	4649	274	5	80	0.0625000
NODE_109_length_6171_cov_36.061100	4569	4649	275	4	80	0.0500000
NODE_109_length_6171_cov_36.061100	4569	4649	276	4	80	0.0500000
NODE_109_length_6171_cov_36.061100	4569	4649	277	6	80	0.0750000
NODE_109_length_6171_cov_36.061100	4569	4649	278	2	80	0.0250000
NODE_109_length_6171_cov_36.061100	4569	4649	279	3	80	0.0375000
NODE_109_length_6171_cov_36.061100	4569	4649	280	5	80	0.0625000
NODE_109_length_6171_cov_36.061100	4569	4649	281	2	80	0.0250000
NODE_109_length_6171_cov_36.061100	4569	4649	282	1	80	0.0125000
NODE_109_length_6171_cov_36.061100	4569	4649	283	4	80	0.0500000
NODE_109_length_6171_cov_36.061100	4569	4649	284	3	80	0.0375000
NODE_109_length_6171_cov_36.061100	4569	4649	285	2	80	0.0250000
NODE_109_length_6171_cov_36.061100	4569	4649	286	4	80	0.0500000
NODE_109_length_6171_cov_36.061100	5742	5788	0	46	46	1.0000000
NODE_109_length_6171_cov_36.061100	5761	5841	0	80	80	1.0000000
NODE_110_length_6148_cov_58.915358	5602	5682	0	2	80	0.0250000
NODE_110_length_6148_cov_58.915358	5602	5682	2	2	80	0.0250000
NODE_110_length_6148_cov_58.915358	5602	5682	3	1	80	0.0125000
NODE_110_length_6148_cov_58.915358	5602	5682	4	47	80	0.5875000
NODE_110_length_6148_cov_58.915358	5602	5682	10	12	80	0.1500000
NODE_110_length_6148_cov_58.915358	5602	5682	16	16	80	0.2000000
NODE_110_length_6148_cov_58.915358	5655	5735	10	11	80	0.1375000
NODE_110_length_6148_cov_58.915358	5655	5735	16	69	80	0.8625000
NODE_112_length_6026_cov_17.775772	4124	4204	6	20	80	0.2500000
NODE_112_length_6026_cov_17.775772	4124	4204	8	60	80	0.7500000
NODE_112_length_6026_cov_17.775772	4177	4257	6	3	80	0.0375000
NODE_112_length_6026_cov_17.775772	4177	4257	8	62	80	0.7750000
NODE_112_length_6026_cov_17.775772	4177	4257	12	3	80	0.0375000
NODE_112_length_6026_cov_17.775772	4177	4257	18	12	80	0.1500000
NODE_112_length_6026_cov_17.775772	4253	4333	12	6	80	0.0750000
NODE_112_length_6026_cov_17.775772	4253	4333	14	4	80	0.0500000
NODE_112_length_6026_cov_17.775772	4253	4333	18	11	80	0.1375000
NODE_112_length_6026_cov_17.775772	4253	4333	19	13	80	0.1625000
NODE_112_length_6026_cov_17.775772	4253	4333	20	1	80	0.0125000
NODE_112_length_6026_cov_17.775772	4253	4333	21	33	80	0.4125000
NODE_112_length_6026_cov_17.775772	4253	4333	24	12	80	0.1500000
NODE_112_length_6026_cov_17.775772	4306	4386	10	2	80	0.0250000
NODE_112_length_6026_cov_17.775772	4306	4386	12	14	80	0.1750000
NODE_112_length_6026_cov_17.775772	4306	4386	14	1	80	0.0125000
NODE_112_length_6026_cov_17.775772	4306	4386	19	11	80	0.1375000
NODE_112_length_6026_cov_17.775772	4306	4386	21	4	80	0.0500000
NODE_112_length_6026_cov_17.775772	4306	4386	24	48	80	0.6000000
NODE_124_length_5810_cov_24.750657	2064	2144	4	9	80	0.1125000
NODE_124_length_5810_cov_24.750657	2064	2144	6	65	80	0.8125000
NODE_124_length_5810_cov_24.750657	2064	2144	7	6	80	0.0750000
NODE_124_length_5810_cov_24.750657	2117	2194	4	2	77	0.0259740
NODE_124_length_5810_cov_24.750657	2117	2194	6	34	77	0.4415585
NODE_124_length_5810_cov_24.750657	2117	2194	8	41	77	0.5324675
NODE_127_length_5771_cov_10.854549	2814	2883	8	9	69	0.1304348
NODE_127_length_5771_cov_10.854549	2814	2883	10	31	69	0.4492754
NODE_127_length_5771_cov_10.854549	2814	2883	12	29	69	0.4202898
NODE_128_length_5769_cov_6.878483	5701	5731	0	30	30	1.0000000
NODE_133_length_5728_cov_16.351039	63	134	12	71	71	1.0000000
NODE_133_length_5728_cov_16.351039	2960	3040	8	2	80	0.0250000
NODE_133_length_5728_cov_16.351039	2960	3040	10	78	80	0.9750000
NODE_133_length_5728_cov_16.351039	5106	5172	20	1	66	0.0151515
NODE_133_length_5728_cov_16.351039	5106	5172	22	5	66	0.0757576
NODE_133_length_5728_cov_16.351039	5106	5172	24	2	66	0.0303030
NODE_133_length_5728_cov_16.351039	5106	5172	26	4	66	0.0606061
NODE_133_length_5728_cov_16.351039	5106	5172	28	5	66	0.0757576
NODE_133_length_5728_cov_16.351039	5106	5172	30	3	66	0.0454545
NODE_133_length_5728_cov_16.351039	5106	5172	32	9	66	0.1363636
NODE_133_length_5728_cov_16.351039	5106	5172	34	1	66	0.0151515
NODE_133_length_5728_cov_16.351039	5106	5172	36	9	66	0.1363636
NODE_133_length_5728_cov_16.351039	5106	5172	38	10	66	0.1515152
NODE_133_length_5728_cov_16.351039	5106	5172	40	4	66	0.0606061
NODE_133_length_5728_cov_16.351039	5106	5172	42	13	66	0.1969697
NODE_133_length_5728_cov_16.351039	5145	5225	30	9	80	0.1125000
NODE_133_length_5728_cov_16.351039	5145	5225	31	5	80	0.0625000
NODE_133_length_5728_cov_16.351039	5145	5225	33	1	80	0.0125000
NODE_133_length_5728_cov_16.351039	5145	5225	34	1	80	0.0125000
NODE_133_length_5728_cov_16.351039	5145	5225	36	14	80	0.1750000
NODE_133_length_5728_cov_16.351039	5145	5225	38	29	80	0.3625000
NODE_133_length_5728_cov_16.351039	5145	5225	40	4	80	0.0500000
NODE_133_length_5728_cov_16.351039	5145	5225	42	17	80	0.2125000
NODE_137_length_5696_cov_20.656244	179	258	0	30	79	0.3797468
NODE_137_length_5696_cov_20.656244	179	258	4	49	79	0.6202531
NODE_137_length_5696_cov_20.656244	231	311	0	11	80	0.1375000
NODE_137_length_5696_cov_20.656244	231	311	4	69	80	0.8625000
NODE_137_length_5696_cov_20.656244	307	387	0	80	80	1.0000000
NODE_137_length_5696_cov_20.656244	360	440	0	80	80	1.0000000
NODE_137_length_5696_cov_20.656244	5100	5180	2	80	80	1.0000000
NODE_137_length_5696_cov_20.656244	5153	5233	2	80	80	1.0000000
NODE_137_length_5696_cov_20.656244	5280	5360	0	22	80	0.2750000
NODE_137_length_5696_cov_20.656244	5280	5360	2	58	80	0.7250000
NODE_137_length_5696_cov_20.656244	5333	5413	0	20	80	0.2500000
NODE_137_length_5696_cov_20.656244	5333	5413	2	60	80	0.7500000
NODE_139_length_5681_cov_68.065030	253	333	4	5	80	0.0625000
NODE_139_length_5681_cov_68.065030	253	333	6	8	80	0.1000000
NODE_139_length_5681_cov_68.065030	253	333	8	67	80	0.8375000
NODE_139_length_5681_cov_68.065030	306	386	0	2	80	0.0250000
NODE_139_length_5681_cov_68.065030	306	386	2	14	80	0.1750000
NODE_139_length_5681_cov_68.065030	306	386	4	11	80	0.1375000
NODE_139_length_5681_cov_68.065030	306	386	6	27	80	0.3375000
NODE_139_length_5681_cov_68.065030	306	386	8	26	80	0.3250000
NODE_139_length_5681_cov_68.065030	4762	4842	98	4	80	0.0500000
NODE_139_length_5681_cov_68.065030	4762	4842	101	1	80	0.0125000
NODE_139_length_5681_cov_68.065030	4762	4842	107	5	80	0.0625000
NODE_139_length_5681_cov_68.065030	4762	4842	108	5	80	0.0625000
NODE_139_length_5681_cov_68.065030	4762	4842	110	5	80	0.0625000
NODE_139_length_5681_cov_68.065030	4762	4842	111	2	80	0.0250000
NODE_139_length_5681_cov_68.065030	4762	4842	112	3	80	0.0375000
NODE_139_length_5681_cov_68.065030	4762	4842	113	2	80	0.0250000
NODE_139_length_5681_cov_68.065030	4762	4842	114	5	80	0.0625000
NODE_139_length_5681_cov_68.065030	4762	4842	117	3	80	0.0375000
NODE_139_length_5681_cov_68.065030	4762	4842	118	8	80	0.1000000
NODE_139_length_5681_cov_68.065030	4762	4842	128	1	80	0.0125000
NODE_139_length_5681_cov_68.065030	4762	4842	129	2	80	0.0250000
NODE_139_length_5681_cov_68.065030	4762	4842	130	3	80	0.0375000
NODE_139_length_5681_cov_68.065030	4762	4842	131	5	80	0.0625000
NODE_139_length_5681_cov_68.065030	4762	4842	132	10	80	0.1250000
NODE_139_length_5681_cov_68.065030	4762	4842	133	11	80	0.1375000
NODE_139_length_5681_cov_68.065030	4762	4842	134	3	80	0.0375000
NODE_139_length_5681_cov_68.065030	4762	4842	135	2	80	0.0250000
NODE_139_length_5681_cov_68.065030	4762	4842	98	4	80	0.0500000
NODE_139_length_5681_cov_68.065030	4762	4842	101	1	80	0.0125000
NODE_139_length_5681_cov_68.065030	4762	4842	107	5	80	0.0625000
NODE_139_length_5681_cov_68.065030	4762	4842	108	5	80	0.0625000
NODE_139_length_5681_cov_68.065030	4762	4842	110	5	80	0.0625000
NODE_139_length_5681_cov_68.065030	4762	4842	111	2	80	0.0250000
NODE_139_length_5681_cov_68.065030	4762	4842	112	3	80	0.0375000
NODE_139_length_5681_cov_68.065030	4762	4842	113	2	80	0.0250000
NODE_139_length_5681_cov_68.065030	4762	4842	114	5	80	0.0625000
NODE_139_length_5681_cov_68.065030	4762	4842	117	3	80	0.0375000
NODE_139_length_5681_cov_68.065030	4762	4842	118	8	80	0.1000000
NODE_139_length_5681_cov_68.065030	4762	4842	128	1	80	0.0125000
NODE_139_length_5681_cov_68.065030	4762	4842	129	2	80	0.0250000
NODE_139_length_5681_cov_68.065030	4762	4842	130	3	80	0.0375000
NODE_139_length_5681_cov_68.065030	4762	4842	131	5	80	0.0625000
NODE_139_length_5681_cov_68.065030	4762	4842	132	10	80	0.1250000
NODE_139_length_5681_cov_68.065030	4762	4842	133	11	80	0.1375000
NODE_139_length_5681_cov_68.065030	4762	4842	134	3	80	0.0375000
NODE_139_length_5681_cov_68.065030	4762	4842	135	2	80	0.0250000
NODE_139_length_5681_cov_68.065030	4762	4842	98	4	80	0.0500000
NODE_139_length_5681_cov_68.065030	4762	4842	101	1	80	0.0125000
NODE_139_length_5681_cov_68.065030	4762	4842	107	5	80	0.0625000
NODE_139_length_5681_cov_68.065030	4762	4842	108	5	80	0.0625000
NODE_139_length_5681_cov_68.065030	4762	4842	110	5	80	0.0625000
NODE_139_length_5681_cov_68.065030	4762	4842	111	2	80	0.0250000
NODE_139_length_5681_cov_68.065030	4762	4842	112	3	80	0.0375000
NODE_139_length_5681_cov_68.065030	4762	4842	113	2	80	0.0250000
NODE_139_length_5681_cov_68.065030	4762	4842	114	5	80	0.0625000
NODE_139_length_5681_cov_68.065030	4762	4842	117	3	80	0.0375000
NODE_139_length_5681_cov_68.065030	4762	4842	118	8	80	0.1000000
NODE_139_length_5681_cov_68.065030	4762	4842	128	1	80	0.0125000
NODE_139_length_5681_cov_68.065030	4762	4842	129	2	80	0.0250000
NODE_139_length_5681_cov_68.065030	4762	4842	130	3	80	0.0375000
NODE_139_length_5681_cov_68.065030	4762	4842	131	5	80	0.0625000
NODE_139_length_5681_cov_68.065030	4762	4842	132	10	80	0.1250000
NODE_139_length_5681_cov_68.065030	4762	4842	133	11	80	0.1375000
NODE_139_length_5681_cov_68.065030	4762	4842	134	3	80	0.0375000
NODE_139_length_5681_cov_68.065030	4762	4842	135	2	80	0.0250000
NODE_139_length_5681_cov_68.065030	4762	4842	98	4	80	0.0500000
NODE_139_length_5681_cov_68.065030	4762	4842	101	1	80	0.0125000
NODE_139_length_5681_cov_68.065030	4762	4842	107	5	80	0.0625000
NODE_139_length_5681_cov_68.065030	4762	4842	108	5	80	0.0625000
NODE_139_length_5681_cov_68.065030	4762	4842	110	5	80	0.0625000
NODE_139_length_5681_cov_68.065030	4762	4842	111	2	80	0.0250000
NODE_139_length_5681_cov_68.065030	4762	4842	112	3	80	0.0375000
NODE_139_length_5681_cov_68.065030	4762	4842	113	2	80	0.0250000
NODE_139_length_5681_cov_68.065030	4762	4842	114	5	80	0.0625000
NODE_139_length_5681_cov_68.065030	4762	4842	117	3	80	0.0375000
NODE_139_length_5681_cov_68.065030	4762	4842	118	8	80	0.1000000
NODE_139_length_5681_cov_68.065030	4762	4842	128	1	80	0.0125000
NODE_139_length_5681_cov_68.065030	4762	4842	129	2	80	0.0250000
NODE_139_length_5681_cov_68.065030	4762	4842	130	3	80	0.0375000
NODE_139_length_5681_cov_68.065030	4762	4842	131	5	80	0.0625000
NODE_139_length_5681_cov_68.065030	4762	4842	132	10	80	0.1250000
NODE_139_length_5681_cov_68.065030	4762	4842	133	11	80	0.1375000
NODE_139_length_5681_cov_68.065030	4762	4842	134	3	80	0.0375000
NODE_139_length_5681_cov_68.065030	4762	4842	135	2	80	0.0250000
NODE_139_length_5681_cov_68.065030	4762	4842	98	4	80	0.0500000
NODE_139_length_5681_cov_68.065030	4762	4842	101	1	80	0.0125000
NODE_139_length_5681_cov_68.065030	4762	4842	107	5	80	0.0625000
NODE_139_length_5681_cov_68.065030	4762	4842	108	5	80	0.0625000
NODE_139_length_5681_cov_68.065030	4762	4842	110	5	80	0.0625000
NODE_139_length_5681_cov_68.065030	4762	4842	111	2	80	0.0250000
NODE_139_length_5681_cov_68.065030	4762	4842	112	3	80	0.0375000
NODE_139_length_5681_cov_68.065030	4762	4842	113	2	80	0.0250000
NODE_139_length_5681_cov_68.065030	4762	4842	114	5	80	0.0625000
NODE_139_length_5681_cov_68.065030	4762	4842	117	3	80	0.0375000
NODE_139_length_5681_cov_68.065030	4762	4842	118	8	80	0.1000000
NODE_139_length_5681_cov_68.065030	4762	4842	128	1	80	0.0125000
NODE_139_length_5681_cov_68.065030	4762	4842	129	2	80	0.0250000
NODE_139_length_5681_cov_68.065030	4762	4842	130	3	80	0.0375000
NODE_139_length_5681_cov_68.065030	4762	4842	131	5	80	0.0625000
NODE_139_length_5681_cov_68.065030	4762	4842	132	10	80	0.1250000
NODE_139_length_5681_cov_68.065030	4762	4842	133	11	80	0.1375000
NODE_139_length_5681_cov_68.065030	4762	4842	134	3	80	0.0375000
NODE_139_length_5681_cov_68.065030	4762	4842	135	2	80	0.0250000
NODE_139_length_5681_cov_68.065030	4762	4842	98	4	80	0.0500000
NODE_139_length_5681_cov_68.065030	4762	4842	101	1	80	0.0125000
NODE_139_length_5681_cov_68.065030	4762	4842	107	5	80	0.0625000
NODE_139_length_5681_cov_68.065030	4762	4842	108	5	80	0.0625000
NODE_139_length_5681_cov_68.065030	4762	4842	110	5	80	0.0625000
NODE_139_length_5681_cov_68.065030	4762	4842	111	2	80	0.0250000
NODE_139_length_5681_cov_68.065030	4762	4842	112	3	80	0.0375000
NODE_139_length_5681_cov_68.065030	4762	4842	113	2	80	0.0250000
NODE_139_length_5681_cov_68.065030	4762	4842	114	5	80	0.0625000
NODE_139_length_5681_cov_68.065030	4762	4842	117	3	80	0.0375000
NODE_139_length_5681_cov_68.065030	4762	4842	118	8	80	0.1000000
NODE_139_length_5681_cov_68.065030	4762	4842	128	1	80	0.0125000
NODE_139_length_5681_cov_68.065030	4762	4842	129	2	80	0.0250000
NODE_139_length_5681_cov_68.065030	4762	4842	130	3	80	0.0375000
NODE_139_length_5681_cov_68.065030	4762	4842	131	5	80	0.0625000
NODE_139_length_5681_cov_68.065030	4762	4842	132	10	80	0.1250000
NODE_139_length_5681_cov_68.065030	4762	4842	133	11	80	0.1375000
NODE_139_length_5681_cov_68.065030	4762	4842	134	3	80	0.0375000
NODE_139_length_5681_cov_68.065030	4762	4842	135	2	80	0.0250000
NODE_139_length_5681_cov_68.065030	4769	4839	98	1	70	0.0142857
NODE_139_length_5681_cov_68.065030	4769	4839	101	1	70	0.0142857
NODE_139_length_5681_cov_68.065030	4769	4839	107	5	70	0.0714286
NODE_139_length_5681_cov_68.065030	4769	4839	110	5	70	0.0714286
NODE_139_length_5681_cov_68.065030	4769	4839	111	2	70	0.0285714
NODE_139_length_5681_cov_68.065030	4769	4839	112	1	70	0.0142857
NODE_139_length_5681_cov_68.065030	4769	4839	113	2	70	0.0285714
NODE_139_length_5681_cov_68.065030	4769	4839	114	5	70	0.0714286
NODE_139_length_5681_cov_68.065030	4769	4839	117	3	70	0.0428571
NODE_139_length_5681_cov_68.065030	4769	4839	118	8	70	0.1142857
NODE_139_length_5681_cov_68.065030	4769	4839	128	1	70	0.0142857
NODE_139_length_5681_cov_68.065030	4769	4839	129	2	70	0.0285714
NODE_139_length_5681_cov_68.065030	4769	4839	130	3	70	0.0428571
NODE_139_length_5681_cov_68.065030	4769	4839	131	5	70	0.0714286
NODE_139_length_5681_cov_68.065030	4769	4839	132	10	70	0.1428571
NODE_139_length_5681_cov_68.065030	4769	4839	133	11	70	0.1571429
NODE_139_length_5681_cov_68.065030	4769	4839	134	3	70	0.0428571
NODE_139_length_5681_cov_68.065030	4769	4839	135	2	70	0.0285714
NODE_139_length_5681_cov_68.065030	4771	4842	98	4	71	0.0563380
NODE_139_length_5681_cov_68.065030	4771	4842	101	1	71	0.0140845
NODE_139_length_5681_cov_68.065030	4771	4842	107	5	71	0.0704225
NODE_139_length_5681_cov_68.065030	4771	4842	110	5	71	0.0704225
NODE_139_length_5681_cov_68.065030	4771	4842	111	2	71	0.0281690
NODE_139_length_5681_cov_68.065030	4771	4842	113	1	71	0.0140845
NODE_139_length_5681_cov_68.065030	4771	4842	114	5	71	0.0704225
NODE_139_length_5681_cov_68.065030	4771	4842	117	3	71	0.0422535
NODE_139_length_5681_cov_68.065030	4771	4842	118	8	71	0.1126761
NODE_139_length_5681_cov_68.065030	4771	4842	128	1	71	0.0140845
NODE_139_length_5681_cov_68.065030	4771	4842	129	2	71	0.0281690
NODE_139_length_5681_cov_68.065030	4771	4842	130	3	71	0.0422535
NODE_139_length_5681_cov_68.065030	4771	4842	131	5	71	0.0704225
NODE_139_length_5681_cov_68.065030	4771	4842	132	10	71	0.1408451
NODE_139_length_5681_cov_68.065030	4771	4842	133	11	71	0.1549296
NODE_139_length_5681_cov_68.065030	4771	4842	134	3	71	0.0422535
NODE_139_length_5681_cov_68.065030	4771	4842	135	2	71	0.0281690
NODE_139_length_5681_cov_68.065030	4815	4895	40	2	80	0.0250000
NODE_139_length_5681_cov_68.065030	4815	4895	41	1	80	0.0125000
NODE_139_length_5681_cov_68.065030	4815	4895	42	17	80	0.2125000
NODE_139_length_5681_cov_68.065030	4815	4895	52	2	80	0.0250000
NODE_139_length_5681_cov_68.065030	4815	4895	56	1	80	0.0125000
NODE_139_length_5681_cov_68.065030	4815	4895	57	3	80	0.0375000
NODE_139_length_5681_cov_68.065030	4815	4895	59	3	80	0.0375000
NODE_139_length_5681_cov_68.065030	4815	4895	60	2	80	0.0250000
NODE_139_length_5681_cov_68.065030	4815	4895	61	2	80	0.0250000
NODE_139_length_5681_cov_68.065030	4815	4895	63	2	80	0.0250000
NODE_139_length_5681_cov_68.065030	4815	4895	75	1	80	0.0125000
NODE_139_length_5681_cov_68.065030	4815	4895	76	5	80	0.0625000
NODE_139_length_5681_cov_68.065030	4815	4895	79	3	80	0.0375000
NODE_139_length_5681_cov_68.065030	4815	4895	94	1	80	0.0125000
NODE_139_length_5681_cov_68.065030	4815	4895	95	7	80	0.0875000
NODE_139_length_5681_cov_68.065030	4815	4895	98	5	80	0.0625000
NODE_139_length_5681_cov_68.065030	4815	4895	101	1	80	0.0125000
NODE_139_length_5681_cov_68.065030	4815	4895	107	5	80	0.0625000
NODE_139_length_5681_cov_68.065030	4815	4895	110	5	80	0.0625000
NODE_139_length_5681_cov_68.065030	4815	4895	111	2	80	0.0250000
NODE_139_length_5681_cov_68.065030	4815	4895	113	1	80	0.0125000
NODE_139_length_5681_cov_68.065030	4815	4895	117	3	80	0.0375000
NODE_139_length_5681_cov_68.065030	4815	4895	133	6	80	0.0750000
NODE_139_length_5681_cov_68.065030	4815	4895	40	2	80	0.0250000
NODE_139_length_5681_cov_68.065030	4815	4895	41	1	80	0.0125000
NODE_139_length_5681_cov_68.065030	4815	4895	42	17	80	0.2125000
NODE_139_length_5681_cov_68.065030	4815	4895	52	2	80	0.0250000
NODE_139_length_5681_cov_68.065030	4815	4895	56	1	80	0.0125000
NODE_139_length_5681_cov_68.065030	4815	4895	57	3	80	0.0375000
NODE_139_length_5681_cov_68.065030	4815	4895	59	3	80	0.0375000
NODE_139_length_5681_cov_68.065030	4815	4895	60	2	80	0.0250000
NODE_139_length_5681_cov_68.065030	4815	4895	61	2	80	0.0250000
NODE_139_length_5681_cov_68.065030	4815	4895	63	2	80	0.0250000
NODE_139_length_5681_cov_68.065030	4815	4895	75	1	80	0.0125000
NODE_139_length_5681_cov_68.065030	4815	4895	76	5	80	0.0625000
NODE_139_length_5681_cov_68.065030	4815	4895	79	3	80	0.0375000
NODE_139_length_5681_cov_68.065030	4815	4895	94	1	80	0.0125000
NODE_139_length_5681_cov_68.065030	4815	4895	95	7	80	0.0875000
NODE_139_length_5681_cov_68.065030	4815	4895	98	5	80	0.0625000
NODE_139_length_5681_cov_68.065030	4815	4895	101	1	80	0.0125000
NODE_139_length_5681_cov_68.065030	4815	4895	107	5	80	0.0625000
NODE_139_length_5681_cov_68.065030	4815	4895	110	5	80	0.0625000
NODE_139_length_5681_cov_68.065030	4815	4895	111	2	80	0.0250000
NODE_139_length_5681_cov_68.065030	4815	4895	113	1	80	0.0125000
NODE_139_length_5681_cov_68.065030	4815	4895	117	3	80	0.0375000
NODE_139_length_5681_cov_68.065030	4815	4895	133	6	80	0.0750000
NODE_139_length_5681_cov_68.065030	4815	4895	40	2	80	0.0250000
NODE_139_length_5681_cov_68.065030	4815	4895	41	1	80	0.0125000
NODE_139_length_5681_cov_68.065030	4815	4895	42	17	80	0.2125000
NODE_139_length_5681_cov_68.065030	4815	4895	52	2	80	0.0250000
NODE_139_length_5681_cov_68.065030	4815	4895	56	1	80	0.0125000
NODE_139_length_5681_cov_68.065030	4815	4895	57	3	80	0.0375000
NODE_139_length_5681_cov_68.065030	4815	4895	59	3	80	0.0375000
NODE_139_length_5681_cov_68.065030	4815	4895	60	2	80	0.0250000
NODE_139_length_5681_cov_68.065030	4815	4895	61	2	80	0.0250000
NODE_139_length_5681_cov_68.065030	4815	4895	63	2	80	0.0250000
NODE_139_length_5681_cov_68.065030	4815	4895	75	1	80	0.0125000
NODE_139_length_5681_cov_68.065030	4815	4895	76	5	80	0.0625000
NODE_139_length_5681_cov_68.065030	4815	4895	79	3	80	0.0375000
NODE_139_length_5681_cov_68.065030	4815	4895	94	1	80	0.0125000
NODE_139_length_5681_cov_68.065030	4815	4895	95	7	80	0.0875000
NODE_139_length_5681_cov_68.065030	4815	4895	98	5	80	0.0625000
NODE_139_length_5681_cov_68.065030	4815	4895	101	1	80	0.0125000
NODE_139_length_5681_cov_68.065030	4815	4895	107	5	80	0.0625000
NODE_139_length_5681_cov_68.065030	4815	4895	110	5	80	0.0625000
NODE_139_length_5681_cov_68.065030	4815	4895	111	2	80	0.0250000
NODE_139_length_5681_cov_68.065030	4815	4895	113	1	80	0.0125000
NODE_139_length_5681_cov_68.065030	4815	4895	117	3	80	0.0375000
NODE_139_length_5681_cov_68.065030	4815	4895	133	6	80	0.0750000
NODE_139_length_5681_cov_68.065030	4815	4895	40	2	80	0.0250000
NODE_139_length_5681_cov_68.065030	4815	4895	41	1	80	0.0125000
NODE_139_length_5681_cov_68.065030	4815	4895	42	17	80	0.2125000
NODE_139_length_5681_cov_68.065030	4815	4895	52	2	80	0.0250000
NODE_139_length_5681_cov_68.065030	4815	4895	56	1	80	0.0125000
NODE_139_length_5681_cov_68.065030	4815	4895	57	3	80	0.0375000
NODE_139_length_5681_cov_68.065030	4815	4895	59	3	80	0.0375000
NODE_139_length_5681_cov_68.065030	4815	4895	60	2	80	0.0250000
NODE_139_length_5681_cov_68.065030	4815	4895	61	2	80	0.0250000
NODE_139_length_5681_cov_68.065030	4815	4895	63	2	80	0.0250000
NODE_139_length_5681_cov_68.065030	4815	4895	75	1	80	0.0125000
NODE_139_length_5681_cov_68.065030	4815	4895	76	5	80	0.0625000
NODE_139_length_5681_cov_68.065030	4815	4895	79	3	80	0.0375000
NODE_139_length_5681_cov_68.065030	4815	4895	94	1	80	0.0125000
NODE_139_length_5681_cov_68.065030	4815	4895	95	7	80	0.0875000
NODE_139_length_5681_cov_68.065030	4815	4895	98	5	80	0.0625000
NODE_139_length_5681_cov_68.065030	4815	4895	101	1	80	0.0125000
NODE_139_length_5681_cov_68.065030	4815	4895	107	5	80	0.0625000
NODE_139_length_5681_cov_68.065030	4815	4895	110	5	80	0.0625000
NODE_139_length_5681_cov_68.065030	4815	4895	111	2	80	0.0250000
NODE_139_length_5681_cov_68.065030	4815	4895	113	1	80	0.0125000
NODE_139_length_5681_cov_68.065030	4815	4895	117	3	80	0.0375000
NODE_139_length_5681_cov_68.065030	4815	4895	133	6	80	0.0750000
NODE_139_length_5681_cov_68.065030	4815	4895	40	2	80	0.0250000
NODE_139_length_5681_cov_68.065030	4815	4895	41	1	80	0.0125000
NODE_139_length_5681_cov_68.065030	4815	4895	42	17	80	0.2125000
NODE_139_length_5681_cov_68.065030	4815	4895	52	2	80	0.0250000
NODE_139_length_5681_cov_68.065030	4815	4895	56	1	80	0.0125000
NODE_139_length_5681_cov_68.065030	4815	4895	57	3	80	0.0375000
NODE_139_length_5681_cov_68.065030	4815	4895	59	3	80	0.0375000
NODE_139_length_5681_cov_68.065030	4815	4895	60	2	80	0.0250000
NODE_139_length_5681_cov_68.065030	4815	4895	61	2	80	0.0250000
NODE_139_length_5681_cov_68.065030	4815	4895	63	2	80	0.0250000
NODE_139_length_5681_cov_68.065030	4815	4895	75	1	80	0.0125000
NODE_139_length_5681_cov_68.065030	4815	4895	76	5	80	0.0625000
NODE_139_length_5681_cov_68.065030	4815	4895	79	3	80	0.0375000
NODE_139_length_5681_cov_68.065030	4815	4895	94	1	80	0.0125000
NODE_139_length_5681_cov_68.065030	4815	4895	95	7	80	0.0875000
NODE_139_length_5681_cov_68.065030	4815	4895	98	5	80	0.0625000
NODE_139_length_5681_cov_68.065030	4815	4895	101	1	80	0.0125000
NODE_139_length_5681_cov_68.065030	4815	4895	107	5	80	0.0625000
NODE_139_length_5681_cov_68.065030	4815	4895	110	5	80	0.0625000
NODE_139_length_5681_cov_68.065030	4815	4895	111	2	80	0.0250000
NODE_139_length_5681_cov_68.065030	4815	4895	113	1	80	0.0125000
NODE_139_length_5681_cov_68.065030	4815	4895	117	3	80	0.0375000
NODE_139_length_5681_cov_68.065030	4815	4895	133	6	80	0.0750000
NODE_139_length_5681_cov_68.065030	4815	4895	40	2	80	0.0250000
NODE_139_length_5681_cov_68.065030	4815	4895	41	1	80	0.0125000
NODE_139_length_5681_cov_68.065030	4815	4895	42	17	80	0.2125000
NODE_139_length_5681_cov_68.065030	4815	4895	52	2	80	0.0250000
NODE_139_length_5681_cov_68.065030	4815	4895	56	1	80	0.0125000
NODE_139_length_5681_cov_68.065030	4815	4895	57	3	80	0.0375000
NODE_139_length_5681_cov_68.065030	4815	4895	59	3	80	0.0375000
NODE_139_length_5681_cov_68.065030	4815	4895	60	2	80	0.0250000
NODE_139_length_5681_cov_68.065030	4815	4895	61	2	80	0.0250000
NODE_139_length_5681_cov_68.065030	4815	4895	63	2	80	0.0250000
NODE_139_length_5681_cov_68.065030	4815	4895	75	1	80	0.0125000
NODE_139_length_5681_cov_68.065030	4815	4895	76	5	80	0.0625000
NODE_139_length_5681_cov_68.065030	4815	4895	79	3	80	0.0375000
NODE_139_length_5681_cov_68.065030	4815	4895	94	1	80	0.0125000
NODE_139_length_5681_cov_68.065030	4815	4895	95	7	80	0.0875000
NODE_139_length_5681_cov_68.065030	4815	4895	98	5	80	0.0625000
NODE_139_length_5681_cov_68.065030	4815	4895	101	1	80	0.0125000
NODE_139_length_5681_cov_68.065030	4815	4895	107	5	80	0.0625000
NODE_139_length_5681_cov_68.065030	4815	4895	110	5	80	0.0625000
NODE_139_length_5681_cov_68.065030	4815	4895	111	2	80	0.0250000
NODE_139_length_5681_cov_68.065030	4815	4895	113	1	80	0.0125000
NODE_139_length_5681_cov_68.065030	4815	4895	117	3	80	0.0375000
NODE_139_length_5681_cov_68.065030	4815	4895	133	6	80	0.0750000
NODE_139_length_5681_cov_68.065030	4891	4971	0	3	80	0.0375000
NODE_139_length_5681_cov_68.065030	4891	4971	2	23	80	0.2875000
NODE_139_length_5681_cov_68.065030	4891	4971	4	10	80	0.1250000
NODE_139_length_5681_cov_68.065030	4891	4971	5	14	80	0.1750000
NODE_139_length_5681_cov_68.065030	4891	4971	8	1	80	0.0125000
NODE_139_length_5681_cov_68.065030	4891	4971	11	9	80	0.1125000
NODE_139_length_5681_cov_68.065030	4891	4971	15	1	80	0.0125000
NODE_139_length_5681_cov_68.065030	4891	4971	16	1	80	0.0125000
NODE_139_length_5681_cov_68.065030	4891	4971	30	1	80	0.0125000
NODE_139_length_5681_cov_68.065030	4891	4971	34	6	80	0.0750000
NODE_139_length_5681_cov_68.065030	4891	4971	36	1	80	0.0125000
NODE_139_length_5681_cov_68.065030	4891	4971	38	1	80	0.0125000
NODE_139_length_5681_cov_68.065030	4891	4971	42	9	80	0.1125000
NODE_139_length_5681_cov_68.065030	4944	5007	0	13	63	0.2063492
NODE_139_length_5681_cov_68.065030	4944	5007	2	49	63	0.7777778
NODE_139_length_5681_cov_68.065030	4944	5007	4	1	63	0.0158730
NODE_139_length_5681_cov_68.065030	4944	5024	0	13	80	0.1625000
NODE_139_length_5681_cov_68.065030	4944	5024	2	66	80	0.8250000
NODE_139_length_5681_cov_68.065030	4944	5024	4	1	80	0.0125000
NODE_140_length_5677_cov_21.613482	1792	1863	20	1	71	0.0140845
NODE_140_length_5677_cov_21.613482	1792	1863	21	1	71	0.0140845
NODE_140_length_5677_cov_21.613482	1792	1863	22	2	71	0.0281690
NODE_140_length_5677_cov_21.613482	1792	1863	24	1	71	0.0140845
NODE_140_length_5677_cov_21.613482	1792	1863	25	1	71	0.0140845
NODE_140_length_5677_cov_21.613482	1792	1863	29	4	71	0.0563380
NODE_140_length_5677_cov_21.613482	1792	1863	33	6	71	0.0845070
NODE_140_length_5677_cov_21.613482	1792	1863	38	9	71	0.1267606
NODE_140_length_5677_cov_21.613482	1792	1863	40	3	71	0.0422535
NODE_140_length_5677_cov_21.613482	1792	1863	43	1	71	0.0140845
NODE_140_length_5677_cov_21.613482	1792	1863	44	8	71	0.1126761
NODE_140_length_5677_cov_21.613482	1792	1863	45	17	71	0.2394366
NODE_140_length_5677_cov_21.613482	1792	1863	47	10	71	0.1408451
NODE_140_length_5677_cov_21.613482	1792	1863	48	5	71	0.0704225
NODE_140_length_5677_cov_21.613482	1792	1863	49	1	71	0.0140845
NODE_140_length_5677_cov_21.613482	1792	1863	50	1	71	0.0140845
NODE_140_length_5677_cov_21.613482	1845	1916	35	1	71	0.0140845
NODE_140_length_5677_cov_21.613482	1845	1916	36	6	71	0.0845070
NODE_140_length_5677_cov_21.613482	1845	1916	39	2	71	0.0281690
NODE_140_length_5677_cov_21.613482	1845	1916	45	3	71	0.0422535
NODE_140_length_5677_cov_21.613482	1845	1916	47	22	71	0.3098592
NODE_140_length_5677_cov_21.613482	1845	1916	48	5	71	0.0704225
NODE_140_length_5677_cov_21.613482	1845	1916	49	5	71	0.0704225
NODE_140_length_5677_cov_21.613482	1845	1916	50	9	71	0.1267606
NODE_140_length_5677_cov_21.613482	1845	1916	51	13	71	0.1830986
NODE_140_length_5677_cov_21.613482	1845	1916	52	3	71	0.0422535
NODE_140_length_5677_cov_21.613482	1845	1916	53	1	71	0.0140845
NODE_140_length_5677_cov_21.613482	1845	1916	54	1	71	0.0140845
NODE_142_length_5631_cov_25.927332	96	176	24	7	80	0.0875000
NODE_142_length_5631_cov_25.927332	96	176	26	2	80	0.0250000
NODE_142_length_5631_cov_25.927332	96	176	28	9	80	0.1125000
NODE_142_length_5631_cov_25.927332	96	176	30	1	80	0.0125000
NODE_142_length_5631_cov_25.927332	96	176	32	3	80	0.0375000
NODE_142_length_5631_cov_25.927332	96	176	34	9	80	0.1125000
NODE_142_length_5631_cov_25.927332	96	176	35	3	80	0.0375000
NODE_142_length_5631_cov_25.927332	96	176	36	9	80	0.1125000
NODE_142_length_5631_cov_25.927332	96	176	37	12	80	0.1500000
NODE_142_length_5631_cov_25.927332	96	176	39	18	80	0.2250000
NODE_142_length_5631_cov_25.927332	96	176	41	7	80	0.0875000
NODE_142_length_5631_cov_25.927332	149	229	10	2	80	0.0250000
NODE_142_length_5631_cov_25.927332	149	229	14	5	80	0.0625000
NODE_142_length_5631_cov_25.927332	149	229	16	5	80	0.0625000
NODE_142_length_5631_cov_25.927332	149	229	18	18	80	0.2250000
NODE_142_length_5631_cov_25.927332	149	229	19	7	80	0.0875000
NODE_142_length_5631_cov_25.927332	149	229	21	2	80	0.0250000
NODE_142_length_5631_cov_25.927332	149	229	22	5	80	0.0625000
NODE_142_length_5631_cov_25.927332	149	229	26	8	80	0.1000000
NODE_142_length_5631_cov_25.927332	149	229	28	9	80	0.1125000
NODE_142_length_5631_cov_25.927332	149	229	30	1	80	0.0125000
NODE_142_length_5631_cov_25.927332	149	229	32	3	80	0.0375000
NODE_142_length_5631_cov_25.927332	149	229	35	3	80	0.0375000
NODE_142_length_5631_cov_25.927332	149	229	36	2	80	0.0250000
NODE_142_length_5631_cov_25.927332	149	229	37	3	80	0.0375000
NODE_142_length_5631_cov_25.927332	149	229	39	7	80	0.0875000
NODE_146_length_5588_cov_40.961377	2793	2873	36	2	80	0.0250000
NODE_146_length_5588_cov_40.961377	2793	2873	39	2	80	0.0250000
NODE_146_length_5588_cov_40.961377	2793	2873	42	4	80	0.0500000
NODE_146_length_5588_cov_40.961377	2793	2873	44	1	80	0.0125000
NODE_146_length_5588_cov_40.961377	2793	2873	46	2	80	0.0250000
NODE_146_length_5588_cov_40.961377	2793	2873	47	1	80	0.0125000
NODE_146_length_5588_cov_40.961377	2793	2873	48	4	80	0.0500000
NODE_146_length_5588_cov_40.961377	2793	2873	49	25	80	0.3125000
NODE_146_length_5588_cov_40.961377	2793	2873	50	6	80	0.0750000
NODE_146_length_5588_cov_40.961377	2793	2873	51	15	80	0.1875000
NODE_146_length_5588_cov_40.961377	2793	2873	52	4	80	0.0500000
NODE_146_length_5588_cov_40.961377	2793	2873	53	3	80	0.0375000
NODE_146_length_5588_cov_40.961377	2793	2873	54	1	80	0.0125000
NODE_146_length_5588_cov_40.961377	2793	2873	55	3	80	0.0375000
NODE_146_length_5588_cov_40.961377	2793	2873	58	7	80	0.0875000
NODE_146_length_5588_cov_40.961377	2846	2926	19	5	80	0.0625000
NODE_146_length_5588_cov_40.961377	2846	2926	21	6	80	0.0750000
NODE_146_length_5588_cov_40.961377	2846	2926	23	5	80	0.0625000
NODE_146_length_5588_cov_40.961377	2846	2926	25	3	80	0.0375000
NODE_146_length_5588_cov_40.961377	2846	2926	27	9	80	0.1125000
NODE_146_length_5588_cov_40.961377	2846	2926	28	5	80	0.0625000
NODE_146_length_5588_cov_40.961377	2846	2926	29	4	80	0.0500000
NODE_146_length_5588_cov_40.961377	2846	2926	30	1	80	0.0125000
NODE_146_length_5588_cov_40.961377	2846	2926	31	1	80	0.0125000
NODE_146_length_5588_cov_40.961377	2846	2926	33	1	80	0.0125000
NODE_146_length_5588_cov_40.961377	2846	2926	35	2	80	0.0250000
NODE_146_length_5588_cov_40.961377	2846	2926	36	8	80	0.1000000
NODE_146_length_5588_cov_40.961377	2846	2926	37	1	80	0.0125000
NODE_146_length_5588_cov_40.961377	2846	2926	38	3	80	0.0375000
NODE_146_length_5588_cov_40.961377	2846	2926	39	2	80	0.0250000
NODE_146_length_5588_cov_40.961377	2846	2926	40	1	80	0.0125000
NODE_146_length_5588_cov_40.961377	2846	2926	42	4	80	0.0500000
NODE_146_length_5588_cov_40.961377	2846	2926	44	1	80	0.0125000
NODE_146_length_5588_cov_40.961377	2846	2926	46	2	80	0.0250000
NODE_146_length_5588_cov_40.961377	2846	2926	47	1	80	0.0125000
NODE_146_length_5588_cov_40.961377	2846	2926	48	4	80	0.0500000
NODE_146_length_5588_cov_40.961377	2846	2926	49	3	80	0.0375000
NODE_146_length_5588_cov_40.961377	2846	2926	53	3	80	0.0375000
NODE_146_length_5588_cov_40.961377	2846	2926	54	1	80	0.0125000
NODE_146_length_5588_cov_40.961377	2846	2926	55	3	80	0.0375000
NODE_146_length_5588_cov_40.961377	2846	2926	58	1	80	0.0125000
NODE_146_length_5588_cov_40.961377	2922	3002	26	2	80	0.0250000
NODE_146_length_5588_cov_40.961377	2922	3002	27	4	80	0.0500000
NODE_146_length_5588_cov_40.961377	2922	3002	28	6	80	0.0750000
NODE_146_length_5588_cov_40.961377	2922	3002	29	6	80	0.0750000
NODE_146_length_5588_cov_40.961377	2922	3002	31	4	80	0.0500000
NODE_146_length_5588_cov_40.961377	2922	3002	39	16	80	0.2000000
NODE_146_length_5588_cov_40.961377	2922	3002	41	4	80	0.0500000
NODE_146_length_5588_cov_40.961377	2922	3002	43	1	80	0.0125000
NODE_146_length_5588_cov_40.961377	2922	3002	45	14	80	0.1750000
NODE_146_length_5588_cov_40.961377	2922	3002	46	3	80	0.0375000
NODE_146_length_5588_cov_40.961377	2922	3002	47	2	80	0.0250000
NODE_146_length_5588_cov_40.961377	2922	3002	48	13	80	0.1625000
NODE_146_length_5588_cov_40.961377	2922	3002	49	3	80	0.0375000
NODE_146_length_5588_cov_40.961377	2922	3002	50	2	80	0.0250000
NODE_146_length_5588_cov_40.961377	2975	3055	23	4	80	0.0500000
NODE_146_length_5588_cov_40.961377	2975	3055	25	7	80	0.0875000
NODE_146_length_5588_cov_40.961377	2975	3055	26	6	80	0.0750000
NODE_146_length_5588_cov_40.961377	2975	3055	28	7	80	0.0875000
NODE_146_length_5588_cov_40.961377	2975	3055	33	1	80	0.0125000
NODE_146_length_5588_cov_40.961377	2975	3055	34	1	80	0.0125000
NODE_146_length_5588_cov_40.961377	2975	3055	35	4	80	0.0500000
NODE_146_length_5588_cov_40.961377	2975	3055	39	2	80	0.0250000
NODE_146_length_5588_cov_40.961377	2975	3055	41	4	80	0.0500000
NODE_146_length_5588_cov_40.961377	2975	3055	42	9	80	0.1125000
NODE_146_length_5588_cov_40.961377	2975	3055	44	2	80	0.0250000
NODE_146_length_5588_cov_40.961377	2975	3055	45	18	80	0.2250000
NODE_146_length_5588_cov_40.961377	2975	3055	48	10	80	0.1250000
NODE_146_length_5588_cov_40.961377	2975	3055	49	3	80	0.0375000
NODE_146_length_5588_cov_40.961377	2975	3055	50	2	80	0.0250000
NODE_149_length_5578_cov_5.173389	331	411	2	14	80	0.1750000
NODE_149_length_5578_cov_5.173389	331	411	6	20	80	0.2500000
NODE_149_length_5578_cov_5.173389	331	411	8	46	80	0.5750000
NODE_149_length_5578_cov_5.173389	388	464	2	22	76	0.2894737
NODE_149_length_5578_cov_5.173389	388	464	6	28	76	0.3684210
NODE_149_length_5578_cov_5.173389	388	464	8	26	76	0.3421053
NODE_150_length_5572_cov_79.124246	1555	1627	57	1	72	0.0138889
NODE_150_length_5572_cov_79.124246	1555	1627	61	1	72	0.0138889
NODE_150_length_5572_cov_79.124246	1555	1627	63	1	72	0.0138889
NODE_150_length_5572_cov_79.124246	1555	1627	65	1	72	0.0138889
NODE_150_length_5572_cov_79.124246	1555	1627	67	1	72	0.0138889
NODE_150_length_5572_cov_79.124246	1555	1627	74	1	72	0.0138889
NODE_150_length_5572_cov_79.124246	1555	1627	75	2	72	0.0277778
NODE_150_length_5572_cov_79.124246	1555	1627	83	1	72	0.0138889
NODE_150_length_5572_cov_79.124246	1555	1627	87	1	72	0.0138889
NODE_150_length_5572_cov_79.124246	1555	1627	95	1	72	0.0138889
NODE_150_length_5572_cov_79.124246	1555	1627	98	1	72	0.0138889
NODE_150_length_5572_cov_79.124246	1555	1627	100	5	72	0.0694444
NODE_150_length_5572_cov_79.124246	1555	1627	105	1	72	0.0138889
NODE_150_length_5572_cov_79.124246	1555	1627	111	1	72	0.0138889
NODE_150_length_5572_cov_79.124246	1555	1627	115	2	72	0.0277778
NODE_150_length_5572_cov_79.124246	1555	1627	116	3	72	0.0416667
NODE_150_length_5572_cov_79.124246	1555	1627	121	1	72	0.0138889
NODE_150_length_5572_cov_79.124246	1555	1627	124	2	72	0.0277778
NODE_150_length_5572_cov_79.124246	1555	1627	126	1	72	0.0138889
NODE_150_length_5572_cov_79.124246	1555	1627	127	1	72	0.0138889
NODE_150_length_5572_cov_79.124246	1555	1627	129	1	72	0.0138889
NODE_150_length_5572_cov_79.124246	1555	1627	130	2	72	0.0277778
NODE_150_length_5572_cov_79.124246	1555	1627	131	3	72	0.0416667
NODE_150_length_5572_cov_79.124246	1555	1627	133	3	72	0.0416667
NODE_150_length_5572_cov_79.124246	1555	1627	135	1	72	0.0138889
NODE_150_length_5572_cov_79.124246	1555	1627	141	2	72	0.0277778
NODE_150_length_5572_cov_79.124246	1555	1627	145	1	72	0.0138889
NODE_150_length_5572_cov_79.124246	1555	1627	147	1	72	0.0138889
NODE_150_length_5572_cov_79.124246	1555	1627	148	1	72	0.0138889
NODE_150_length_5572_cov_79.124246	1555	1627	153	1	72	0.0138889
NODE_150_length_5572_cov_79.124246	1555	1627	158	1	72	0.0138889
NODE_150_length_5572_cov_79.124246	1555	1627	164	1	72	0.0138889
NODE_150_length_5572_cov_79.124246	1555	1627	166	1	72	0.0138889
NODE_150_length_5572_cov_79.124246	1555	1627	170	1	72	0.0138889
NODE_150_length_5572_cov_79.124246	1555	1627	172	1	72	0.0138889
NODE_150_length_5572_cov_79.124246	1555	1627	175	3	72	0.0416667
NODE_150_length_5572_cov_79.124246	1555	1627	180	1	72	0.0138889
NODE_150_length_5572_cov_79.124246	1555	1627	182	1	72	0.0138889
NODE_150_length_5572_cov_79.124246	1555	1627	184	1	72	0.0138889
NODE_150_length_5572_cov_79.124246	1555	1627	186	1	72	0.0138889
NODE_150_length_5572_cov_79.124246	1555	1627	196	1	72	0.0138889
NODE_150_length_5572_cov_79.124246	1555	1627	200	1	72	0.0138889
NODE_150_length_5572_cov_79.124246	1555	1627	204	1	72	0.0138889
NODE_150_length_5572_cov_79.124246	1555	1627	205	2	72	0.0277778
NODE_150_length_5572_cov_79.124246	1555	1627	206	1	72	0.0138889
NODE_150_length_5572_cov_79.124246	1555	1627	211	1	72	0.0138889
NODE_150_length_5572_cov_79.124246	1555	1627	213	1	72	0.0138889
NODE_150_length_5572_cov_79.124246	1555	1627	215	1	72	0.0138889
NODE_150_length_5572_cov_79.124246	1555	1627	220	2	72	0.0277778
NODE_150_length_5572_cov_79.124246	1555	1627	229	1	72	0.0138889
NODE_150_length_5572_cov_79.124246	1555	1627	240	1	72	0.0138889
NODE_150_length_5572_cov_79.124246	1555	1627	244	1	72	0.0138889
NODE_150_length_5572_cov_79.124246	1555	1627	253	1	72	0.0138889
NODE_150_length_5572_cov_79.124246	1603	1680	170	1	77	0.0129870
NODE_150_length_5572_cov_79.124246	1603	1680	172	1	77	0.0129870
NODE_150_length_5572_cov_79.124246	1603	1680	175	3	77	0.0389610
NODE_150_length_5572_cov_79.124246	1603	1680	180	1	77	0.0129870
NODE_150_length_5572_cov_79.124246	1603	1680	182	1	77	0.0129870
NODE_150_length_5572_cov_79.124246	1603	1680	184	1	77	0.0129870
NODE_150_length_5572_cov_79.124246	1603	1680	186	1	77	0.0129870
NODE_150_length_5572_cov_79.124246	1603	1680	196	1	77	0.0129870
NODE_150_length_5572_cov_79.124246	1603	1680	200	1	77	0.0129870
NODE_150_length_5572_cov_79.124246	1603	1680	204	1	77	0.0129870
NODE_150_length_5572_cov_79.124246	1603	1680	205	2	77	0.0259740
NODE_150_length_5572_cov_79.124246	1603	1680	206	1	77	0.0129870
NODE_150_length_5572_cov_79.124246	1603	1680	211	1	77	0.0129870
NODE_150_length_5572_cov_79.124246	1603	1680	213	1	77	0.0129870
NODE_150_length_5572_cov_79.124246	1603	1680	215	1	77	0.0129870
NODE_150_length_5572_cov_79.124246	1603	1680	220	2	77	0.0259740
NODE_150_length_5572_cov_79.124246	1603	1680	229	1	77	0.0129870
NODE_150_length_5572_cov_79.124246	1603	1680	240	1	77	0.0129870
NODE_150_length_5572_cov_79.124246	1603	1680	244	1	77	0.0129870
NODE_150_length_5572_cov_79.124246	1603	1680	253	1	77	0.0129870
NODE_150_length_5572_cov_79.124246	1603	1680	258	3	77	0.0389610
NODE_150_length_5572_cov_79.124246	1603	1680	274	1	77	0.0129870
NODE_150_length_5572_cov_79.124246	1603	1680	288	1	77	0.0129870
NODE_150_length_5572_cov_79.124246	1603	1680	292	1	77	0.0129870
NODE_150_length_5572_cov_79.124246	1603	1680	297	1	77	0.0129870
NODE_150_length_5572_cov_79.124246	1603	1680	298	1	77	0.0129870
NODE_150_length_5572_cov_79.124246	1603	1680	301	1	77	0.0129870
NODE_150_length_5572_cov_79.124246	1603	1680	316	1	77	0.0129870
NODE_150_length_5572_cov_79.124246	1603	1680	322	1	77	0.0129870
NODE_150_length_5572_cov_79.124246	1603	1680	328	1	77	0.0129870
NODE_150_length_5572_cov_79.124246	1603	1680	335	1	77	0.0129870
NODE_150_length_5572_cov_79.124246	1603	1680	338	1	77	0.0129870
NODE_150_length_5572_cov_79.124246	1603	1680	356	1	77	0.0129870
NODE_150_length_5572_cov_79.124246	1603	1680	363	1	77	0.0129870
NODE_150_length_5572_cov_79.124246	1603	1680	379	1	77	0.0129870
NODE_150_length_5572_cov_79.124246	1603	1680	387	1	77	0.0129870
NODE_150_length_5572_cov_79.124246	1603	1680	423	1	77	0.0129870
NODE_150_length_5572_cov_79.124246	1603	1680	432	1	77	0.0129870
NODE_150_length_5572_cov_79.124246	1603	1680	455	1	77	0.0129870
NODE_150_length_5572_cov_79.124246	1603	1680	473	1	77	0.0129870
NODE_150_length_5572_cov_79.124246	1603	1680	482	1	77	0.0129870
NODE_150_length_5572_cov_79.124246	1603	1680	502	1	77	0.0129870
NODE_150_length_5572_cov_79.124246	1603	1680	520	1	77	0.0129870
NODE_150_length_5572_cov_79.124246	1603	1680	551	1	77	0.0129870
NODE_150_length_5572_cov_79.124246	1603	1680	552	1	77	0.0129870
NODE_150_length_5572_cov_79.124246	1603	1680	570	1	77	0.0129870
NODE_150_length_5572_cov_79.124246	1603	1680	583	1	77	0.0129870
NODE_150_length_5572_cov_79.124246	1603	1680	592	1	77	0.0129870
NODE_150_length_5572_cov_79.124246	1603	1680	599	1	77	0.0129870
NODE_150_length_5572_cov_79.124246	1603	1680	602	1	77	0.0129870
NODE_150_length_5572_cov_79.124246	1603	1680	613	1	77	0.0129870
NODE_150_length_5572_cov_79.124246	1603	1680	618	1	77	0.0129870
NODE_150_length_5572_cov_79.124246	1603	1680	627	1	77	0.0129870
NODE_150_length_5572_cov_79.124246	1603	1680	663	1	77	0.0129870
NODE_150_length_5572_cov_79.124246	1603	1680	670	1	77	0.0129870
NODE_150_length_5572_cov_79.124246	1603	1680	683	1	77	0.0129870
NODE_150_length_5572_cov_79.124246	1603	1680	685	1	77	0.0129870
NODE_150_length_5572_cov_79.124246	1603	1680	687	1	77	0.0129870
NODE_150_length_5572_cov_79.124246	1603	1680	694	1	77	0.0129870
NODE_150_length_5572_cov_79.124246	1603	1680	708	1	77	0.0129870
NODE_150_length_5572_cov_79.124246	1603	1680	710	2	77	0.0259740
NODE_150_length_5572_cov_79.124246	1603	1680	715	1	77	0.0129870
NODE_150_length_5572_cov_79.124246	1603	1680	722	1	77	0.0129870
NODE_150_length_5572_cov_79.124246	1603	1680	748	1	77	0.0129870
NODE_150_length_5572_cov_79.124246	1603	1680	763	1	77	0.0129870
NODE_150_length_5572_cov_79.124246	1603	1680	781	1	77	0.0129870
NODE_150_length_5572_cov_79.124246	1603	1680	796	1	77	0.0129870
NODE_150_length_5572_cov_79.124246	1603	1680	815	1	77	0.0129870
NODE_150_length_5572_cov_79.124246	1603	1680	829	1	77	0.0129870
NODE_150_length_5572_cov_79.124246	1603	1680	832	1	77	0.0129870
NODE_150_length_5572_cov_79.124246	1637	1717	322	1	80	0.0125000
NODE_150_length_5572_cov_79.124246	1637	1717	328	1	80	0.0125000
NODE_150_length_5572_cov_79.124246	1637	1717	335	1	80	0.0125000
NODE_150_length_5572_cov_79.124246	1637	1717	338	1	80	0.0125000
NODE_150_length_5572_cov_79.124246	1637	1717	356	1	80	0.0125000
NODE_150_length_5572_cov_79.124246	1637	1717	363	1	80	0.0125000
NODE_150_length_5572_cov_79.124246	1637	1717	379	1	80	0.0125000
NODE_150_length_5572_cov_79.124246	1637	1717	387	1	80	0.0125000
NODE_150_length_5572_cov_79.124246	1637	1717	423	1	80	0.0125000
NODE_150_length_5572_cov_79.124246	1637	1717	432	1	80	0.0125000
NODE_150_length_5572_cov_79.124246	1637	1717	455	1	80	0.0125000
NODE_150_length_5572_cov_79.124246	1637	1717	473	1	80	0.0125000
NODE_150_length_5572_cov_79.124246	1637	1717	482	1	80	0.0125000
NODE_150_length_5572_cov_79.124246	1637	1717	502	1	80	0.0125000
NODE_150_length_5572_cov_79.124246	1637	1717	520	1	80	0.0125000
NODE_150_length_5572_cov_79.124246	1637	1717	551	1	80	0.0125000
NODE_150_length_5572_cov_79.124246	1637	1717	552	1	80	0.0125000
NODE_150_length_5572_cov_79.124246	1637	1717	570	1	80	0.0125000
NODE_150_length_5572_cov_79.124246	1637	1717	583	1	80	0.0125000
NODE_150_length_5572_cov_79.124246	1637	1717	592	1	80	0.0125000
NODE_150_length_5572_cov_79.124246	1637	1717	599	1	80	0.0125000
NODE_150_length_5572_cov_79.124246	1637	1717	602	1	80	0.0125000
NODE_150_length_5572_cov_79.124246	1637	1717	613	1	80	0.0125000
NODE_150_length_5572_cov_79.124246	1637	1717	618	1	80	0.0125000
NODE_150_length_5572_cov_79.124246	1637	1717	627	1	80	0.0125000
NODE_150_length_5572_cov_79.124246	1637	1717	663	1	80	0.0125000
NODE_150_length_5572_cov_79.124246	1637	1717	670	1	80	0.0125000
NODE_150_length_5572_cov_79.124246	1637	1717	683	1	80	0.0125000
NODE_150_length_5572_cov_79.124246	1637	1717	685	1	80	0.0125000
NODE_150_length_5572_cov_79.124246	1637	1717	687	1	80	0.0125000
NODE_150_length_5572_cov_79.124246	1637	1717	694	1	80	0.0125000
NODE_150_length_5572_cov_79.124246	1637	1717	708	1	80	0.0125000
NODE_150_length_5572_cov_79.124246	1637	1717	710	2	80	0.0250000
NODE_150_length_5572_cov_79.124246	1637	1717	715	1	80	0.0125000
NODE_150_length_5572_cov_79.124246	1637	1717	722	1	80	0.0125000
NODE_150_length_5572_cov_79.124246	1637	1717	748	1	80	0.0125000
NODE_150_length_5572_cov_79.124246	1637	1717	763	1	80	0.0125000
NODE_150_length_5572_cov_79.124246	1637	1717	781	1	80	0.0125000
NODE_150_length_5572_cov_79.124246	1637	1717	796	1	80	0.0125000
NODE_150_length_5572_cov_79.124246	1637	1717	815	1	80	0.0125000
NODE_150_length_5572_cov_79.124246	1637	1717	829	1	80	0.0125000
NODE_150_length_5572_cov_79.124246	1637	1717	832	1	80	0.0125000
NODE_150_length_5572_cov_79.124246	1637	1717	835	1	80	0.0125000
NODE_150_length_5572_cov_79.124246	1637	1717	844	1	80	0.0125000
NODE_150_length_5572_cov_79.124246	1637	1717	846	1	80	0.0125000
NODE_150_length_5572_cov_79.124246	1637	1717	863	1	80	0.0125000
NODE_150_length_5572_cov_79.124246	1637	1717	864	3	80	0.0375000
NODE_150_length_5572_cov_79.124246	1637	1717	873	1	80	0.0125000
NODE_150_length_5572_cov_79.124246	1637	1717	881	1	80	0.0125000
NODE_150_length_5572_cov_79.124246	1637	1717	885	1	80	0.0125000
NODE_150_length_5572_cov_79.124246	1637	1717	890	2	80	0.0250000
NODE_150_length_5572_cov_79.124246	1637	1717	894	1	80	0.0125000
NODE_150_length_5572_cov_79.124246	1637	1717	895	1	80	0.0125000
NODE_150_length_5572_cov_79.124246	1637	1717	910	1	80	0.0125000
NODE_150_length_5572_cov_79.124246	1637	1717	919	1	80	0.0125000
NODE_150_length_5572_cov_79.124246	1637	1717	921	1	80	0.0125000
NODE_150_length_5572_cov_79.124246	1637	1717	922	1	80	0.0125000
NODE_150_length_5572_cov_79.124246	1637	1717	926	1	80	0.0125000
NODE_150_length_5572_cov_79.124246	1637	1717	928	1	80	0.0125000
NODE_150_length_5572_cov_79.124246	1637	1717	931	1	80	0.0125000
NODE_150_length_5572_cov_79.124246	1637	1717	939	5	80	0.0625000
NODE_150_length_5572_cov_79.124246	1637	1717	940	2	80	0.0250000
NODE_150_length_5572_cov_79.124246	1637	1717	941	1	80	0.0125000
NODE_150_length_5572_cov_79.124246	1637	1717	942	2	80	0.0250000
NODE_150_length_5572_cov_79.124246	1637	1717	944	1	80	0.0125000
NODE_150_length_5572_cov_79.124246	1637	1717	945	4	80	0.0500000
NODE_150_length_5572_cov_79.124246	1637	1717	947	1	80	0.0125000
NODE_150_length_5572_cov_79.124246	1690	1770	626	1	80	0.0125000
NODE_150_length_5572_cov_79.124246	1690	1770	638	1	80	0.0125000
NODE_150_length_5572_cov_79.124246	1690	1770	676	1	80	0.0125000
NODE_150_length_5572_cov_79.124246	1690	1770	694	1	80	0.0125000
NODE_150_length_5572_cov_79.124246	1690	1770	713	1	80	0.0125000
NODE_150_length_5572_cov_79.124246	1690	1770	730	1	80	0.0125000
NODE_150_length_5572_cov_79.124246	1690	1770	731	1	80	0.0125000
NODE_150_length_5572_cov_79.124246	1690	1770	743	1	80	0.0125000
NODE_150_length_5572_cov_79.124246	1690	1770	745	1	80	0.0125000
NODE_150_length_5572_cov_79.124246	1690	1770	747	1	80	0.0125000
NODE_150_length_5572_cov_79.124246	1690	1770	751	1	80	0.0125000
NODE_150_length_5572_cov_79.124246	1690	1770	757	1	80	0.0125000
NODE_150_length_5572_cov_79.124246	1690	1770	762	1	80	0.0125000
NODE_150_length_5572_cov_79.124246	1690	1770	781	1	80	0.0125000
NODE_150_length_5572_cov_79.124246	1690	1770	790	1	80	0.0125000
NODE_150_length_5572_cov_79.124246	1690	1770	802	1	80	0.0125000
NODE_150_length_5572_cov_79.124246	1690	1770	810	1	80	0.0125000
NODE_150_length_5572_cov_79.124246	1690	1770	813	1	80	0.0125000
NODE_150_length_5572_cov_79.124246	1690	1770	814	1	80	0.0125000
NODE_150_length_5572_cov_79.124246	1690	1770	817	1	80	0.0125000
NODE_150_length_5572_cov_79.124246	1690	1770	818	1	80	0.0125000
NODE_150_length_5572_cov_79.124246	1690	1770	823	1	80	0.0125000
NODE_150_length_5572_cov_79.124246	1690	1770	830	1	80	0.0125000
NODE_150_length_5572_cov_79.124246	1690	1770	835	1	80	0.0125000
NODE_150_length_5572_cov_79.124246	1690	1770	844	1	80	0.0125000
NODE_150_length_5572_cov_79.124246	1690	1770	853	1	80	0.0125000
NODE_150_length_5572_cov_79.124246	1690	1770	876	1	80	0.0125000
NODE_150_length_5572_cov_79.124246	1690	1770	880	1	80	0.0125000
NODE_150_length_5572_cov_79.124246	1690	1770	883	1	80	0.0125000
NODE_150_length_5572_cov_79.124246	1690	1770	887	1	80	0.0125000
NODE_150_length_5572_cov_79.124246	1690	1770	889	1	80	0.0125000
NODE_150_length_5572_cov_79.124246	1690	1770	890	2	80	0.0250000
NODE_150_length_5572_cov_79.124246	1690	1770	894	1	80	0.0125000
NODE_150_length_5572_cov_79.124246	1690	1770	895	1	80	0.0125000
NODE_150_length_5572_cov_79.124246	1690	1770	901	1	80	0.0125000
NODE_150_length_5572_cov_79.124246	1690	1770	903	1	80	0.0125000
NODE_150_length_5572_cov_79.124246	1690	1770	906	1	80	0.0125000
NODE_150_length_5572_cov_79.124246	1690	1770	910	1	80	0.0125000
NODE_150_length_5572_cov_79.124246	1690	1770	912	1	80	0.0125000
NODE_150_length_5572_cov_79.124246	1690	1770	919	3	80	0.0375000
NODE_150_length_5572_cov_79.124246	1690	1770	921	1	80	0.0125000
NODE_150_length_5572_cov_79.124246	1690	1770	922	1	80	0.0125000
NODE_150_length_5572_cov_79.124246	1690	1770	924	1	80	0.0125000
NODE_150_length_5572_cov_79.124246	1690	1770	926	1	80	0.0125000
NODE_150_length_5572_cov_79.124246	1690	1770	927	1	80	0.0125000
NODE_150_length_5572_cov_79.124246	1690	1770	928	1	80	0.0125000
NODE_150_length_5572_cov_79.124246	1690	1770	929	1	80	0.0125000
NODE_150_length_5572_cov_79.124246	1690	1770	931	1	80	0.0125000
NODE_150_length_5572_cov_79.124246	1690	1770	935	1	80	0.0125000
NODE_150_length_5572_cov_79.124246	1690	1770	939	5	80	0.0625000
NODE_150_length_5572_cov_79.124246	1690	1770	940	2	80	0.0250000
NODE_150_length_5572_cov_79.124246	1690	1770	941	2	80	0.0250000
NODE_150_length_5572_cov_79.124246	1690	1770	942	4	80	0.0500000
NODE_150_length_5572_cov_79.124246	1690	1770	943	2	80	0.0250000
NODE_150_length_5572_cov_79.124246	1690	1770	944	1	80	0.0125000
NODE_150_length_5572_cov_79.124246	1690	1770	945	4	80	0.0500000
NODE_150_length_5572_cov_79.124246	1690	1770	947	3	80	0.0375000
NODE_150_length_5572_cov_79.124246	1690	1770	949	1	80	0.0125000
NODE_150_length_5572_cov_79.124246	1690	1770	951	3	80	0.0375000
NODE_150_length_5572_cov_79.124246	1690	1770	953	1	80	0.0125000
NODE_150_length_5572_cov_79.124246	5130	5210	6	6	80	0.0750000
NODE_150_length_5572_cov_79.124246	5130	5210	8	74	80	0.9250000
NODE_150_length_5572_cov_79.124246	5183	5263	3	21	80	0.2625000
NODE_150_length_5572_cov_79.124246	5183	5263	4	18	80	0.2250000
NODE_150_length_5572_cov_79.124246	5183	5263	6	11	80	0.1375000
NODE_150_length_5572_cov_79.124246	5183	5263	8	29	80	0.3625000
NODE_150_length_5572_cov_79.124246	5183	5263	10	1	80	0.0125000
NODE_151_length_5557_cov_26.198241	341	414	0	8	73	0.1095890
NODE_151_length_5557_cov_26.198241	341	414	2	65	73	0.8904110
NODE_151_length_5557_cov_26.198241	394	460	2	66	66	1.0000000
NODE_156_length_5500_cov_35.832438	81	161	4	18	80	0.2250000
NODE_156_length_5500_cov_35.832438	81	161	10	62	80	0.7750000
NODE_156_length_5500_cov_35.832438	134	214	0	9	80	0.1125000
NODE_156_length_5500_cov_35.832438	134	214	5	1	80	0.0125000
NODE_156_length_5500_cov_35.832438	134	214	6	16	80	0.2000000
NODE_156_length_5500_cov_35.832438	134	214	8	14	80	0.1750000
NODE_156_length_5500_cov_35.832438	134	214	10	40	80	0.5000000
NODE_159_length_5470_cov_5.987526	5180	5249	6	3	69	0.0434783
NODE_159_length_5470_cov_5.987526	5180	5249	8	40	69	0.5797101
NODE_159_length_5470_cov_5.987526	5180	5249	10	26	69	0.3768116
NODE_160_length_5434_cov_14.997751	541	621	0	45	80	0.5625000
NODE_160_length_5434_cov_14.997751	541	621	6	35	80	0.4375000
NODE_160_length_5434_cov_14.997751	594	674	6	80	80	1.0000000
NODE_160_length_5434_cov_14.997751	2664	2744	4	57	80	0.7125000
NODE_160_length_5434_cov_14.997751	2664	2744	8	23	80	0.2875000
NODE_160_length_5434_cov_14.997751	2717	2797	4	49	80	0.6125000
NODE_160_length_5434_cov_14.997751	2717	2797	8	31	80	0.3875000
NODE_160_length_5434_cov_14.997751	3041	3093	0	52	52	1.0000000
NODE_160_length_5434_cov_14.997751	3419	3467	12	48	48	1.0000000
NODE_161_length_5425_cov_15.812242	141	218	4	11	77	0.1428571
NODE_161_length_5425_cov_15.812242	141	218	5	5	77	0.0649351
NODE_161_length_5425_cov_15.812242	141	218	9	4	77	0.0519481
NODE_161_length_5425_cov_15.812242	141	218	11	14	77	0.1818182
NODE_161_length_5425_cov_15.812242	141	218	12	2	77	0.0259740
NODE_161_length_5425_cov_15.812242	141	218	13	8	77	0.1038961
NODE_161_length_5425_cov_15.812242	141	218	14	8	77	0.1038961
NODE_161_length_5425_cov_15.812242	141	218	15	21	77	0.2727273
NODE_161_length_5425_cov_15.812242	141	218	16	1	77	0.0129870
NODE_161_length_5425_cov_15.812242	141	218	18	1	77	0.0129870
NODE_161_length_5425_cov_15.812242	141	218	21	1	77	0.0129870
NODE_161_length_5425_cov_15.812242	141	218	23	1	77	0.0129870
NODE_161_length_5425_cov_15.812242	841	921	0	3	80	0.0375000
NODE_161_length_5425_cov_15.812242	841	921	1	5	80	0.0625000
NODE_161_length_5425_cov_15.812242	841	921	4	72	80	0.9000000
NODE_161_length_5425_cov_15.812242	894	974	2	29	80	0.3625000
NODE_161_length_5425_cov_15.812242	894	974	4	51	80	0.6375000
NODE_163_length_5402_cov_5.397322	191	263	2	8	72	0.1111111
NODE_163_length_5402_cov_5.397322	191	263	4	13	72	0.1805556
NODE_163_length_5402_cov_5.397322	191	263	6	51	72	0.7083333
NODE_163_length_5402_cov_5.397322	2305	2385	25	11	80	0.1375000
NODE_163_length_5402_cov_5.397322	2305	2385	26	1	80	0.0125000
NODE_163_length_5402_cov_5.397322	2305	2385	28	10	80	0.1250000
NODE_163_length_5402_cov_5.397322	2305	2385	30	13	80	0.1625000
NODE_163_length_5402_cov_5.397322	2305	2385	31	3	80	0.0375000
NODE_163_length_5402_cov_5.397322	2305	2385	32	3	80	0.0375000
NODE_163_length_5402_cov_5.397322	2305	2385	33	1	80	0.0125000
NODE_163_length_5402_cov_5.397322	2305	2385	34	9	80	0.1125000
NODE_163_length_5402_cov_5.397322	2305	2385	35	5	80	0.0625000
NODE_163_length_5402_cov_5.397322	2305	2385	37	2	80	0.0250000
NODE_163_length_5402_cov_5.397322	2305	2385	39	2	80	0.0250000
NODE_163_length_5402_cov_5.397322	2305	2385	40	17	80	0.2125000
NODE_163_length_5402_cov_5.397322	2305	2385	42	3	80	0.0375000
NODE_163_length_5402_cov_5.397322	2358	2438	13	13	80	0.1625000
NODE_163_length_5402_cov_5.397322	2358	2438	15	5	80	0.0625000
NODE_163_length_5402_cov_5.397322	2358	2438	16	17	80	0.2125000
NODE_163_length_5402_cov_5.397322	2358	2438	18	8	80	0.1000000
NODE_163_length_5402_cov_5.397322	2358	2438	22	1	80	0.0125000
NODE_163_length_5402_cov_5.397322	2358	2438	28	1	80	0.0125000
NODE_163_length_5402_cov_5.397322	2358	2438	32	11	80	0.1375000
NODE_163_length_5402_cov_5.397322	2358	2438	34	9	80	0.1125000
NODE_163_length_5402_cov_5.397322	2358	2438	39	1	80	0.0125000
NODE_163_length_5402_cov_5.397322	2358	2438	40	14	80	0.1750000
NODE_164_length_5383_cov_15.680545	205	285	2	80	80	1.0000000
NODE_164_length_5383_cov_15.680545	258	317	0	25	59	0.4237288
NODE_164_length_5383_cov_15.680545	258	317	2	34	59	0.5762712
NODE_164_length_5383_cov_15.680545	2042	2122	12	5	80	0.0625000
NODE_164_length_5383_cov_15.680545	2042	2122	14	6	80	0.0750000
NODE_164_length_5383_cov_15.680545	2042	2122	16	44	80	0.5500000
NODE_164_length_5383_cov_15.680545	2042	2122	18	11	80	0.1375000
NODE_164_length_5383_cov_15.680545	2042	2122	20	14	80	0.1750000
NODE_164_length_5383_cov_15.680545	2095	2175	2	24	80	0.3000000
NODE_164_length_5383_cov_15.680545	2095	2175	4	9	80	0.1125000
NODE_164_length_5383_cov_15.680545	2095	2175	8	12	80	0.1500000
NODE_164_length_5383_cov_15.680545	2095	2175	10	3	80	0.0375000
NODE_164_length_5383_cov_15.680545	2095	2175	12	10	80	0.1250000
NODE_164_length_5383_cov_15.680545	2095	2175	16	22	80	0.2750000
NODE_165_length_5382_cov_16.894378	1301	1347	22	46	46	1.0000000
NODE_165_length_5382_cov_16.894378	5056	5082	22	1	26	0.0384615
NODE_165_length_5382_cov_16.894378	5056	5082	24	4	26	0.1538462
NODE_165_length_5382_cov_16.894378	5056	5082	26	6	26	0.2307692
NODE_165_length_5382_cov_16.894378	5056	5082	28	14	26	0.5384616
NODE_165_length_5382_cov_16.894378	5056	5082	30	1	26	0.0384615
NODE_165_length_5382_cov_16.894378	5056	5115	22	1	59	0.0169492
NODE_165_length_5382_cov_16.894378	5056	5115	24	4	59	0.0677966
NODE_165_length_5382_cov_16.894378	5056	5115	26	6	59	0.1016949
NODE_165_length_5382_cov_16.894378	5056	5115	28	14	59	0.2372881
NODE_165_length_5382_cov_16.894378	5056	5115	30	28	59	0.4745763
NODE_165_length_5382_cov_16.894378	5056	5115	32	6	59	0.1016949
NODE_167_length_5339_cov_28.708969	3375	3455	3	6	80	0.0750000
NODE_167_length_5339_cov_28.708969	3375	3455	4	4	80	0.0500000
NODE_167_length_5339_cov_28.708969	3375	3455	6	30	80	0.3750000
NODE_167_length_5339_cov_28.708969	3375	3455	10	35	80	0.4375000
NODE_167_length_5339_cov_28.708969	3375	3455	12	5	80	0.0625000
NODE_167_length_5339_cov_28.708969	3428	3508	10	45	80	0.5625000
NODE_167_length_5339_cov_28.708969	3428	3508	11	10	80	0.1250000
NODE_167_length_5339_cov_28.708969	3428	3508	12	25	80	0.3125000
NODE_168_length_5336_cov_33.036471	3109	3189	14	1	80	0.0125000
NODE_168_length_5336_cov_33.036471	3109	3189	16	2	80	0.0250000
NODE_168_length_5336_cov_33.036471	3109	3189	20	14	80	0.1750000
NODE_168_length_5336_cov_33.036471	3109	3189	22	37	80	0.4625000
NODE_168_length_5336_cov_33.036471	3109	3189	24	26	80	0.3250000
NODE_168_length_5336_cov_33.036471	3162	3242	2	5	80	0.0625000
NODE_168_length_5336_cov_33.036471	3162	3242	6	6	80	0.0750000
NODE_168_length_5336_cov_33.036471	3162	3242	8	1	80	0.0125000
NODE_168_length_5336_cov_33.036471	3162	3242	10	9	80	0.1125000
NODE_168_length_5336_cov_33.036471	3162	3242	12	2	80	0.0250000
NODE_168_length_5336_cov_33.036471	3162	3242	16	13	80	0.1625000
NODE_168_length_5336_cov_33.036471	3162	3242	18	7	80	0.0875000
NODE_168_length_5336_cov_33.036471	3162	3242	20	8	80	0.1000000
NODE_168_length_5336_cov_33.036471	3162	3242	22	10	80	0.1250000
NODE_168_length_5336_cov_33.036471	3162	3242	24	19	80	0.2375000
NODE_179_length_5269_cov_23.392650	1905	1985	2	63	80	0.7875000
NODE_179_length_5269_cov_23.392650	1905	1985	6	17	80	0.2125000
NODE_179_length_5269_cov_23.392650	1958	2038	2	10	80	0.1250000
NODE_179_length_5269_cov_23.392650	1958	2038	6	70	80	0.8750000
NODE_181_length_5207_cov_31.352780	4588	4668	4	5	80	0.0625000
NODE_181_length_5207_cov_31.352780	4588	4668	10	75	80	0.9375000
NODE_181_length_5207_cov_31.352780	4641	4721	0	50	80	0.6250000
NODE_181_length_5207_cov_31.352780	4641	4721	4	8	80	0.1000000
NODE_181_length_5207_cov_31.352780	4641	4721	10	22	80	0.2750000
NODE_183_length_5193_cov_14.930506	4659	4739	4	26	80	0.3250000
NODE_183_length_5193_cov_14.930506	4659	4739	6	27	80	0.3375000
NODE_183_length_5193_cov_14.930506	4659	4739	8	27	80	0.3375000
NODE_183_length_5193_cov_14.930506	4712	4792	0	2	80	0.0250000
NODE_183_length_5193_cov_14.930506	4712	4792	4	30	80	0.3750000
NODE_183_length_5193_cov_14.930506	4712	4792	6	48	80	0.6000000
NODE_183_length_5193_cov_14.930506	4788	4868	0	16	80	0.2000000
NODE_183_length_5193_cov_14.930506	4788	4868	1	1	80	0.0125000
NODE_183_length_5193_cov_14.930506	4788	4868	3	21	80	0.2625000
NODE_183_length_5193_cov_14.930506	4788	4868	4	42	80	0.5250000
NODE_183_length_5193_cov_14.930506	4841	4921	2	25	80	0.3125000
NODE_183_length_5193_cov_14.930506	4841	4921	4	55	80	0.6875000
NODE_186_length_5159_cov_261.593676	158	227	370	2	69	0.0289855
NODE_186_length_5159_cov_261.593676	158	227	374	1	69	0.0144928
NODE_186_length_5159_cov_261.593676	158	227	386	1	69	0.0144928
NODE_186_length_5159_cov_261.593676	158	227	387	1	69	0.0144928
NODE_186_length_5159_cov_261.593676	158	227	389	1	69	0.0144928
NODE_186_length_5159_cov_261.593676	158	227	392	2	69	0.0289855
NODE_186_length_5159_cov_261.593676	158	227	393	2	69	0.0289855
NODE_186_length_5159_cov_261.593676	158	227	394	2	69	0.0289855
NODE_186_length_5159_cov_261.593676	158	227	395	1	69	0.0144928
NODE_186_length_5159_cov_261.593676	158	227	397	2	69	0.0289855
NODE_186_length_5159_cov_261.593676	158	227	398	2	69	0.0289855
NODE_186_length_5159_cov_261.593676	158	227	399	1	69	0.0144928
NODE_186_length_5159_cov_261.593676	158	227	401	1	69	0.0144928
NODE_186_length_5159_cov_261.593676	158	227	403	1	69	0.0144928
NODE_186_length_5159_cov_261.593676	158	227	404	3	69	0.0434783
NODE_186_length_5159_cov_261.593676	158	227	405	4	69	0.0579710
NODE_186_length_5159_cov_261.593676	158	227	406	1	69	0.0144928
NODE_186_length_5159_cov_261.593676	158	227	407	3	69	0.0434783
NODE_186_length_5159_cov_261.593676	158	227	408	1	69	0.0144928
NODE_186_length_5159_cov_261.593676	158	227	409	9	69	0.1304348
NODE_186_length_5159_cov_261.593676	158	227	410	3	69	0.0434783
NODE_186_length_5159_cov_261.593676	158	227	411	2	69	0.0289855
NODE_186_length_5159_cov_261.593676	158	227	413	1	69	0.0144928
NODE_186_length_5159_cov_261.593676	158	227	414	2	69	0.0289855
NODE_186_length_5159_cov_261.593676	158	227	415	3	69	0.0434783
NODE_186_length_5159_cov_261.593676	158	227	416	5	69	0.0724638
NODE_186_length_5159_cov_261.593676	158	227	417	5	69	0.0724638
NODE_186_length_5159_cov_261.593676	158	227	418	1	69	0.0144928
NODE_186_length_5159_cov_261.593676	158	227	419	2	69	0.0289855
NODE_186_length_5159_cov_261.593676	158	227	420	2	69	0.0289855
NODE_186_length_5159_cov_261.593676	158	227	422	1	69	0.0144928
NODE_186_length_5159_cov_261.593676	158	227	423	1	69	0.0144928
NODE_189_length_5138_cov_31.467355	3004	3075	3	1	71	0.0140845
NODE_189_length_5138_cov_31.467355	3004	3075	8	10	71	0.1408451
NODE_189_length_5138_cov_31.467355	3004	3075	10	29	71	0.4084507
NODE_189_length_5138_cov_31.467355	3004	3075	12	2	71	0.0281690
NODE_189_length_5138_cov_31.467355	3004	3075	13	2	71	0.0281690
NODE_189_length_5138_cov_31.467355	3004	3075	14	27	71	0.3802817
NODE_191_length_5126_cov_5.900935	731	811	12	12	80	0.1500000
NODE_191_length_5126_cov_5.900935	731	811	14	3	80	0.0375000
NODE_191_length_5126_cov_5.900935	731	811	17	4	80	0.0500000
NODE_191_length_5126_cov_5.900935	731	811	18	38	80	0.4750000
NODE_191_length_5126_cov_5.900935	731	811	19	10	80	0.1250000
NODE_191_length_5126_cov_5.900935	731	811	20	3	80	0.0375000
NODE_191_length_5126_cov_5.900935	731	811	21	3	80	0.0375000
NODE_191_length_5126_cov_5.900935	731	811	22	7	80	0.0875000
NODE_191_length_5126_cov_5.900935	784	864	2	2	80	0.0250000
NODE_191_length_5126_cov_5.900935	784	864	4	4	80	0.0500000
NODE_191_length_5126_cov_5.900935	784	864	8	2	80	0.0250000
NODE_191_length_5126_cov_5.900935	784	864	14	6	80	0.0750000
NODE_191_length_5126_cov_5.900935	784	864	16	27	80	0.3375000
NODE_191_length_5126_cov_5.900935	784	864	17	16	80	0.2000000
NODE_191_length_5126_cov_5.900935	784	864	19	10	80	0.1250000
NODE_191_length_5126_cov_5.900935	784	864	20	3	80	0.0375000
NODE_191_length_5126_cov_5.900935	784	864	21	3	80	0.0375000
NODE_191_length_5126_cov_5.900935	784	864	22	7	80	0.0875000
NODE_194_length_5102_cov_12.729962	367	447	22	8	80	0.1000000
NODE_194_length_5102_cov_12.729962	367	447	23	5	80	0.0625000
NODE_194_length_5102_cov_12.729962	367	447	30	20	80	0.2500000
NODE_194_length_5102_cov_12.729962	367	447	31	33	80	0.4125000
NODE_194_length_5102_cov_12.729962	367	447	32	14	80	0.1750000
NODE_194_length_5102_cov_12.729962	420	500	6	20	80	0.2500000
NODE_194_length_5102_cov_12.729962	420	500	22	8	80	0.1000000
NODE_194_length_5102_cov_12.729962	420	500	23	38	80	0.4750000
NODE_194_length_5102_cov_12.729962	420	500	30	6	80	0.0750000
NODE_194_length_5102_cov_12.729962	420	500	32	8	80	0.1000000
NODE_194_length_5102_cov_12.729962	496	576	4	8	80	0.1000000
NODE_194_length_5102_cov_12.729962	496	576	5	18	80	0.2250000
NODE_194_length_5102_cov_12.729962	496	576	6	31	80	0.3875000
NODE_194_length_5102_cov_12.729962	496	576	7	1	80	0.0125000
NODE_194_length_5102_cov_12.729962	496	576	8	18	80	0.2250000
NODE_194_length_5102_cov_12.729962	496	576	9	4	80	0.0500000
NODE_194_length_5102_cov_12.729962	549	629	5	16	80	0.2000000
NODE_194_length_5102_cov_12.729962	549	629	6	64	80	0.8000000
NODE_196_length_5079_cov_5.580522	875	940	4	65	65	1.0000000
NODE_197_length_5057_cov_16.348729	2929	3000	66	2	71	0.0281690
NODE_197_length_5057_cov_16.348729	2929	3000	70	1	71	0.0140845
NODE_197_length_5057_cov_16.348729	2929	3000	75	2	71	0.0281690
NODE_197_length_5057_cov_16.348729	2929	3000	77	2	71	0.0281690
NODE_197_length_5057_cov_16.348729	2929	3000	79	5	71	0.0704225
NODE_197_length_5057_cov_16.348729	2929	3000	83	1	71	0.0140845
NODE_197_length_5057_cov_16.348729	2929	3000	84	2	71	0.0281690
NODE_197_length_5057_cov_16.348729	2929	3000	86	2	71	0.0281690
NODE_197_length_5057_cov_16.348729	2929	3000	89	2	71	0.0281690
NODE_197_length_5057_cov_16.348729	2929	3000	91	2	71	0.0281690
NODE_197_length_5057_cov_16.348729	2929	3000	93	1	71	0.0140845
NODE_197_length_5057_cov_16.348729	2929	3000	98	3	71	0.0422535
NODE_197_length_5057_cov_16.348729	2929	3000	107	1	71	0.0140845
NODE_197_length_5057_cov_16.348729	2929	3000	109	1	71	0.0140845
NODE_197_length_5057_cov_16.348729	2929	3000	112	1	71	0.0140845
NODE_197_length_5057_cov_16.348729	2929	3000	114	2	71	0.0281690
NODE_197_length_5057_cov_16.348729	2929	3000	116	1	71	0.0140845
NODE_197_length_5057_cov_16.348729	2929	3000	122	10	71	0.1408451
NODE_197_length_5057_cov_16.348729	2929	3000	124	2	71	0.0281690
NODE_197_length_5057_cov_16.348729	2929	3000	126	11	71	0.1549296
NODE_197_length_5057_cov_16.348729	2929	3000	128	17	71	0.2394366
NODE_197_length_5057_cov_16.348729	2973	3012	108	4	39	0.1025641
NODE_197_length_5057_cov_16.348729	2973	3012	116	1	39	0.0256410
NODE_197_length_5057_cov_16.348729	2973	3012	120	1	39	0.0256410
NODE_197_length_5057_cov_16.348729	2973	3012	123	1	39	0.0256410
NODE_197_length_5057_cov_16.348729	2973	3012	124	5	39	0.1282051
NODE_197_length_5057_cov_16.348729	2973	3012	126	10	39	0.2564103
NODE_197_length_5057_cov_16.348729	2973	3012	128	17	39	0.4358974
NODE_198_length_5053_cov_11.281994	791	834	0	1	43	0.0232558
NODE_198_length_5053_cov_11.281994	791	834	2	42	43	0.9767442
NODE_198_length_5053_cov_11.281994	807	887	2	80	80	1.0000000
NODE_198_length_5053_cov_11.281994	883	963	0	69	80	0.8625000
NODE_198_length_5053_cov_11.281994	883	963	2	11	80	0.1375000
NODE_198_length_5053_cov_11.281994	936	999	0	63	63	1.0000000
NODE_204_length_4906_cov_37.988350	3170	3251	18	1	81	0.0123457
NODE_204_length_4906_cov_37.988350	3170	3251	20	1	81	0.0123457
NODE_204_length_4906_cov_37.988350	3170	3251	24	2	81	0.0246914
NODE_204_length_4906_cov_37.988350	3170	3251	26	2	81	0.0246914
NODE_204_length_4906_cov_37.988350	3170	3251	30	5	81	0.0617284
NODE_204_length_4906_cov_37.988350	3170	3251	31	2	81	0.0246914
NODE_204_length_4906_cov_37.988350	3170	3251	35	3	81	0.0370370
NODE_204_length_4906_cov_37.988350	3170	3251	39	2	81	0.0246914
NODE_204_length_4906_cov_37.988350	3170	3251	41	5	81	0.0617284
NODE_204_length_4906_cov_37.988350	3170	3251	42	1	81	0.0123457
NODE_204_length_4906_cov_37.988350	3170	3251	43	1	81	0.0123457
NODE_204_length_4906_cov_37.988350	3170	3251	47	2	81	0.0246914
NODE_204_length_4906_cov_37.988350	3170	3251	49	3	81	0.0370370
NODE_204_length_4906_cov_37.988350	3170	3251	51	4	81	0.0493827
NODE_204_length_4906_cov_37.988350	3170	3251	53	10	81	0.1234568
NODE_204_length_4906_cov_37.988350	3170	3251	55	1	81	0.0123457
NODE_204_length_4906_cov_37.988350	3170	3251	57	6	81	0.0740741
NODE_204_length_4906_cov_37.988350	3170	3251	59	1	81	0.0123457
NODE_204_length_4906_cov_37.988350	3170	3251	61	1	81	0.0123457
NODE_204_length_4906_cov_37.988350	3170	3251	63	1	81	0.0123457
NODE_204_length_4906_cov_37.988350	3170	3251	64	1	81	0.0123457
NODE_204_length_4906_cov_37.988350	3170	3251	66	6	81	0.0740741
NODE_204_length_4906_cov_37.988350	3170	3251	68	3	81	0.0370370
NODE_204_length_4906_cov_37.988350	3170	3251	72	9	81	0.1111111
NODE_204_length_4906_cov_37.988350	3170	3251	74	3	81	0.0370370
NODE_204_length_4906_cov_37.988350	3170	3251	78	5	81	0.0617284
NODE_205_length_4888_cov_60.162247	4029	4068	0	12	39	0.3076923
NODE_205_length_4888_cov_60.162247	4029	4068	2	27	39	0.6923077
NODE_205_length_4888_cov_60.162247	4041	4121	0	13	80	0.1625000
NODE_205_length_4888_cov_60.162247	4041	4121	2	67	80	0.8375000
NODE_207_length_4875_cov_63.035176	2905	2985	0	36	80	0.4500000
NODE_207_length_4875_cov_63.035176	2905	2985	2	44	80	0.5500000
NODE_207_length_4875_cov_63.035176	2958	3038	2	57	80	0.7125000
NODE_207_length_4875_cov_63.035176	2958	3038	4	23	80	0.2875000
NODE_208_length_4875_cov_8.996859	4683	4760	1	39	77	0.5064935
NODE_208_length_4875_cov_8.996859	4683	4760	2	38	77	0.4935065
NODE_208_length_4875_cov_8.996859	4736	4813	2	35	77	0.4545455
NODE_208_length_4875_cov_8.996859	4736	4813	4	42	77	0.5454546
NODE_211_length_4827_cov_15.364636	1803	1865	18	4	62	0.0645161
NODE_211_length_4827_cov_15.364636	1803	1865	19	2	62	0.0322581
NODE_211_length_4827_cov_15.364636	1803	1865	22	4	62	0.0645161
NODE_211_length_4827_cov_15.364636	1803	1865	23	1	62	0.0161290
NODE_211_length_4827_cov_15.364636	1803	1865	25	9	62	0.1451613
NODE_211_length_4827_cov_15.364636	1803	1865	26	2	62	0.0322581
NODE_211_length_4827_cov_15.364636	1803	1865	27	5	62	0.0806452
NODE_211_length_4827_cov_15.364636	1803	1865	28	3	62	0.0483871
NODE_211_length_4827_cov_15.364636	1803	1865	29	4	62	0.0645161
NODE_211_length_4827_cov_15.364636	1803	1865	30	8	62	0.1290323
NODE_211_length_4827_cov_15.364636	1803	1865	31	4	62	0.0645161
NODE_211_length_4827_cov_15.364636	1803	1865	32	2	62	0.0322581
NODE_211_length_4827_cov_15.364636	1803	1865	34	2	62	0.0322581
NODE_211_length_4827_cov_15.364636	1803	1865	35	2	62	0.0322581
NODE_211_length_4827_cov_15.364636	1803	1865	37	1	62	0.0161290
NODE_211_length_4827_cov_15.364636	1803	1865	43	7	62	0.1129032
NODE_211_length_4827_cov_15.364636	1803	1865	46	2	62	0.0322581
NODE_211_length_4827_cov_15.364636	1899	1979	74	2	80	0.0250000
NODE_211_length_4827_cov_15.364636	1899	1979	76	2	80	0.0250000
NODE_211_length_4827_cov_15.364636	1899	1979	78	4	80	0.0500000
NODE_211_length_4827_cov_15.364636	1899	1979	79	1	80	0.0125000
NODE_211_length_4827_cov_15.364636	1899	1979	82	1	80	0.0125000
NODE_211_length_4827_cov_15.364636	1899	1979	84	2	80	0.0250000
NODE_211_length_4827_cov_15.364636	1899	1979	85	4	80	0.0500000
NODE_211_length_4827_cov_15.364636	1899	1979	86	4	80	0.0500000
NODE_211_length_4827_cov_15.364636	1899	1979	88	1	80	0.0125000
NODE_211_length_4827_cov_15.364636	1899	1979	89	2	80	0.0250000
NODE_211_length_4827_cov_15.364636	1899	1979	90	5	80	0.0625000
NODE_211_length_4827_cov_15.364636	1899	1979	91	2	80	0.0250000
NODE_211_length_4827_cov_15.364636	1899	1979	92	5	80	0.0625000
NODE_211_length_4827_cov_15.364636	1899	1979	93	1	80	0.0125000
NODE_211_length_4827_cov_15.364636	1899	1979	94	2	80	0.0250000
NODE_211_length_4827_cov_15.364636	1899	1979	95	1	80	0.0125000
NODE_211_length_4827_cov_15.364636	1899	1979	96	3	80	0.0375000
NODE_211_length_4827_cov_15.364636	1899	1979	98	4	80	0.0500000
NODE_211_length_4827_cov_15.364636	1899	1979	99	1	80	0.0125000
NODE_211_length_4827_cov_15.364636	1899	1979	100	8	80	0.1000000
NODE_211_length_4827_cov_15.364636	1899	1979	101	6	80	0.0750000
NODE_211_length_4827_cov_15.364636	1899	1979	102	3	80	0.0375000
NODE_211_length_4827_cov_15.364636	1899	1979	103	7	80	0.0875000
NODE_211_length_4827_cov_15.364636	1899	1979	104	5	80	0.0625000
NODE_211_length_4827_cov_15.364636	1899	1979	106	4	80	0.0500000
NODE_211_length_4827_cov_15.364636	1952	1996	69	1	44	0.0227273
NODE_211_length_4827_cov_15.364636	1952	1996	71	10	44	0.2272727
NODE_211_length_4827_cov_15.364636	1952	1996	73	4	44	0.0909091
NODE_211_length_4827_cov_15.364636	1952	1996	74	1	44	0.0227273
NODE_211_length_4827_cov_15.364636	1952	1996	76	1	44	0.0227273
NODE_211_length_4827_cov_15.364636	1952	1996	78	3	44	0.0681818
NODE_211_length_4827_cov_15.364636	1952	1996	82	1	44	0.0227273
NODE_211_length_4827_cov_15.364636	1952	1996	84	2	44	0.0454545
NODE_211_length_4827_cov_15.364636	1952	1996	85	4	44	0.0909091
NODE_211_length_4827_cov_15.364636	1952	1996	88	1	44	0.0227273
NODE_211_length_4827_cov_15.364636	1952	1996	89	1	44	0.0227273
NODE_211_length_4827_cov_15.364636	1952	1996	91	2	44	0.0454545
NODE_211_length_4827_cov_15.364636	1952	1996	93	1	44	0.0227273
NODE_211_length_4827_cov_15.364636	1952	1996	95	1	44	0.0227273
NODE_211_length_4827_cov_15.364636	1952	1996	96	1	44	0.0227273
NODE_211_length_4827_cov_15.364636	1952	1996	98	1	44	0.0227273
NODE_211_length_4827_cov_15.364636	1952	1996	100	3	44	0.0681818
NODE_211_length_4827_cov_15.364636	1952	1996	103	1	44	0.0227273
NODE_211_length_4827_cov_15.364636	1952	1996	104	5	44	0.1136364
NODE_212_length_4821_cov_10.856840	999	1061	0	33	62	0.5322581
NODE_212_length_4821_cov_10.856840	999	1061	2	17	62	0.2741936
NODE_212_length_4821_cov_10.856840	999	1061	4	12	62	0.1935484
NODE_213_length_4819_cov_16.363347	2392	2461	16	3	69	0.0434783
NODE_213_length_4819_cov_16.363347	2392	2461	18	13	69	0.1884058
NODE_213_length_4819_cov_16.363347	2392	2461	20	2	69	0.0289855
NODE_213_length_4819_cov_16.363347	2392	2461	22	11	69	0.1594203
NODE_213_length_4819_cov_16.363347	2392	2461	26	2	69	0.0289855
NODE_213_length_4819_cov_16.363347	2392	2461	28	1	69	0.0144928
NODE_213_length_4819_cov_16.363347	2392	2461	30	19	69	0.2753623
NODE_213_length_4819_cov_16.363347	2392	2461	36	18	69	0.2608696
NODE_217_length_4794_cov_14.912886	657	737	55	1	80	0.0125000
NODE_217_length_4794_cov_14.912886	657	737	56	1	80	0.0125000
NODE_217_length_4794_cov_14.912886	657	737	58	1	80	0.0125000
NODE_217_length_4794_cov_14.912886	657	737	60	3	80	0.0375000
NODE_217_length_4794_cov_14.912886	657	737	64	10	80	0.1250000
NODE_217_length_4794_cov_14.912886	657	737	66	4	80	0.0500000
NODE_217_length_4794_cov_14.912886	657	737	67	4	80	0.0500000
NODE_217_length_4794_cov_14.912886	657	737	68	10	80	0.1250000
NODE_217_length_4794_cov_14.912886	657	737	69	3	80	0.0375000
NODE_217_length_4794_cov_14.912886	657	737	70	43	80	0.5375000
NODE_217_length_4794_cov_14.912886	4240	4312	0	1	72	0.0138889
NODE_217_length_4794_cov_14.912886	4240	4312	11	36	72	0.5000000
NODE_217_length_4794_cov_14.912886	4240	4312	12	4	72	0.0555556
NODE_217_length_4794_cov_14.912886	4240	4312	13	4	72	0.0555556
NODE_217_length_4794_cov_14.912886	4240	4312	14	3	72	0.0416667
NODE_217_length_4794_cov_14.912886	4240	4312	16	24	72	0.3333333
NODE_217_length_4794_cov_14.912886	4293	4312	0	1	19	0.0526316
NODE_217_length_4794_cov_14.912886	4293	4312	11	18	19	0.9473684
NODE_217_length_4794_cov_14.912886	4345	4408	0	63	63	1.0000000
NODE_218_length_4791_cov_16.126172	2438	2518	0	80	80	1.0000000
NODE_218_length_4791_cov_16.126172	2491	2571	0	80	80	1.0000000
NODE_218_length_4791_cov_16.126172	2567	2647	0	80	80	1.0000000
NODE_218_length_4791_cov_16.126172	2620	2700	0	80	80	1.0000000
NODE_218_length_4791_cov_16.126172	4607	4687	0	80	80	1.0000000
NODE_219_length_4790_cov_9.713494	2159	2239	31	6	80	0.0750000
NODE_219_length_4790_cov_9.713494	2159	2239	36	5	80	0.0625000
NODE_219_length_4790_cov_9.713494	2159	2239	38	6	80	0.0750000
NODE_219_length_4790_cov_9.713494	2159	2239	42	1	80	0.0125000
NODE_219_length_4790_cov_9.713494	2159	2239	48	8	80	0.1000000
NODE_219_length_4790_cov_9.713494	2159	2239	50	3	80	0.0375000
NODE_219_length_4790_cov_9.713494	2159	2239	52	1	80	0.0125000
NODE_219_length_4790_cov_9.713494	2159	2239	57	5	80	0.0625000
NODE_219_length_4790_cov_9.713494	2159	2239	58	2	80	0.0250000
NODE_219_length_4790_cov_9.713494	2159	2239	59	4	80	0.0500000
NODE_219_length_4790_cov_9.713494	2159	2239	61	1	80	0.0125000
NODE_219_length_4790_cov_9.713494	2159	2239	63	8	80	0.1000000
NODE_219_length_4790_cov_9.713494	2159	2239	64	2	80	0.0250000
NODE_219_length_4790_cov_9.713494	2159	2239	65	1	80	0.0125000
NODE_219_length_4790_cov_9.713494	2159	2239	67	5	80	0.0625000
NODE_219_length_4790_cov_9.713494	2159	2239	71	2	80	0.0250000
NODE_219_length_4790_cov_9.713494	2159	2239	72	5	80	0.0625000
NODE_219_length_4790_cov_9.713494	2159	2239	73	15	80	0.1875000
NODE_219_length_4790_cov_9.713494	4273	4353	6	22	80	0.2750000
NODE_219_length_4790_cov_9.713494	4273	4353	8	36	80	0.4500000
NODE_219_length_4790_cov_9.713494	4273	4353	10	22	80	0.2750000
NODE_219_length_4790_cov_9.713494	4273	4335	6	22	62	0.3548387
NODE_219_length_4790_cov_9.713494	4273	4335	8	36	62	0.5806451
NODE_219_length_4790_cov_9.713494	4273	4335	10	4	62	0.0645161
NODE_219_length_4790_cov_9.713494	4326	4406	2	27	80	0.3375000
NODE_219_length_4790_cov_9.713494	4326	4406	4	9	80	0.1125000
NODE_219_length_4790_cov_9.713494	4326	4406	6	1	80	0.0125000
NODE_219_length_4790_cov_9.713494	4326	4406	8	14	80	0.1750000
NODE_219_length_4790_cov_9.713494	4326	4406	10	29	80	0.3625000
NODE_221_length_4772_cov_10.560454	4281	4367	8	3	86	0.0348837
NODE_221_length_4772_cov_10.560454	4281	4367	10	33	86	0.3837209
NODE_221_length_4772_cov_10.560454	4281	4367	14	23	86	0.2674419
NODE_221_length_4772_cov_10.560454	4281	4367	16	27	86	0.3139535
NODE_222_length_4770_cov_106.953543	2778	2858	23	5	80	0.0625000
NODE_222_length_4770_cov_106.953543	2778	2858	25	2	80	0.0250000
NODE_222_length_4770_cov_106.953543	2778	2858	29	3	80	0.0375000
NODE_222_length_4770_cov_106.953543	2778	2858	33	3	80	0.0375000
NODE_222_length_4770_cov_106.953543	2778	2858	34	2	80	0.0250000
NODE_222_length_4770_cov_106.953543	2778	2858	37	4	80	0.0500000
NODE_222_length_4770_cov_106.953543	2778	2858	40	6	80	0.0750000
NODE_222_length_4770_cov_106.953543	2778	2858	42	3	80	0.0375000
NODE_222_length_4770_cov_106.953543	2778	2858	44	1	80	0.0125000
NODE_222_length_4770_cov_106.953543	2778	2858	50	15	80	0.1875000
NODE_222_length_4770_cov_106.953543	2778	2858	52	26	80	0.3250000
NODE_222_length_4770_cov_106.953543	2778	2858	54	8	80	0.1000000
NODE_222_length_4770_cov_106.953543	2778	2858	56	2	80	0.0250000
NODE_222_length_4770_cov_106.953543	2831	2911	50	6	80	0.0750000
NODE_222_length_4770_cov_106.953543	2831	2911	52	11	80	0.1375000
NODE_222_length_4770_cov_106.953543	2831	2911	54	11	80	0.1375000
NODE_222_length_4770_cov_106.953543	2831	2911	55	6	80	0.0750000
NODE_222_length_4770_cov_106.953543	2831	2911	56	12	80	0.1500000
NODE_222_length_4770_cov_106.953543	2831	2911	57	3	80	0.0375000
NODE_222_length_4770_cov_106.953543	2831	2911	58	16	80	0.2000000
NODE_222_length_4770_cov_106.953543	2831	2911	59	4	80	0.0500000
NODE_222_length_4770_cov_106.953543	2831	2911	61	1	80	0.0125000
NODE_222_length_4770_cov_106.953543	2831	2911	63	2	80	0.0250000
NODE_222_length_4770_cov_106.953543	2831	2911	65	2	80	0.0250000
NODE_222_length_4770_cov_106.953543	2831	2911	69	3	80	0.0375000
NODE_222_length_4770_cov_106.953543	2831	2911	72	3	80	0.0375000
NODE_222_length_4770_cov_106.953543	2907	2987	55	1	80	0.0125000
NODE_222_length_4770_cov_106.953543	2907	2987	58	2	80	0.0250000
NODE_222_length_4770_cov_106.953543	2907	2987	61	2	80	0.0250000
NODE_222_length_4770_cov_106.953543	2907	2987	63	2	80	0.0250000
NODE_222_length_4770_cov_106.953543	2907	2987	65	1	80	0.0125000
NODE_222_length_4770_cov_106.953543	2907	2987	66	3	80	0.0375000
NODE_222_length_4770_cov_106.953543	2907	2987	69	1	80	0.0125000
NODE_222_length_4770_cov_106.953543	2907	2987	72	2	80	0.0250000
NODE_222_length_4770_cov_106.953543	2907	2987	75	1	80	0.0125000
NODE_222_length_4770_cov_106.953543	2907	2987	79	1	80	0.0125000
NODE_222_length_4770_cov_106.953543	2907	2987	80	2	80	0.0250000
NODE_222_length_4770_cov_106.953543	2907	2987	82	1	80	0.0125000
NODE_222_length_4770_cov_106.953543	2907	2987	84	1	80	0.0125000
NODE_222_length_4770_cov_106.953543	2907	2987	85	1	80	0.0125000
NODE_222_length_4770_cov_106.953543	2907	2987	89	4	80	0.0500000
NODE_222_length_4770_cov_106.953543	2907	2987	97	3	80	0.0375000
NODE_222_length_4770_cov_106.953543	2907	2987	99	2	80	0.0250000
NODE_222_length_4770_cov_106.953543	2907	2987	104	1	80	0.0125000
NODE_222_length_4770_cov_106.953543	2907	2987	105	3	80	0.0375000
NODE_222_length_4770_cov_106.953543	2907	2987	106	1	80	0.0125000
NODE_222_length_4770_cov_106.953543	2907	2987	108	3	80	0.0375000
NODE_222_length_4770_cov_106.953543	2907	2987	109	8	80	0.1000000
NODE_222_length_4770_cov_106.953543	2907	2987	110	5	80	0.0625000
NODE_222_length_4770_cov_106.953543	2907	2987	112	2	80	0.0250000
NODE_222_length_4770_cov_106.953543	2907	2987	113	4	80	0.0500000
NODE_222_length_4770_cov_106.953543	2907	2987	114	3	80	0.0375000
NODE_222_length_4770_cov_106.953543	2907	2987	117	2	80	0.0250000
NODE_222_length_4770_cov_106.953543	2907	2987	119	7	80	0.0875000
NODE_222_length_4770_cov_106.953543	2907	2987	121	7	80	0.0875000
NODE_222_length_4770_cov_106.953543	2907	2987	123	4	80	0.0500000
NODE_222_length_4770_cov_106.953543	2960	3040	80	2	80	0.0250000
NODE_222_length_4770_cov_106.953543	2960	3040	84	2	80	0.0250000
NODE_222_length_4770_cov_106.953543	2960	3040	86	2	80	0.0250000
NODE_222_length_4770_cov_106.953543	2960	3040	88	1	80	0.0125000
NODE_222_length_4770_cov_106.953543	2960	3040	94	2	80	0.0250000
NODE_222_length_4770_cov_106.953543	2960	3040	102	1	80	0.0125000
NODE_222_length_4770_cov_106.953543	2960	3040	103	3	80	0.0375000
NODE_222_length_4770_cov_106.953543	2960	3040	104	3	80	0.0375000
NODE_222_length_4770_cov_106.953543	2960	3040	106	3	80	0.0375000
NODE_222_length_4770_cov_106.953543	2960	3040	107	3	80	0.0375000
NODE_222_length_4770_cov_106.953543	2960	3040	108	5	80	0.0625000
NODE_222_length_4770_cov_106.953543	2960	3040	109	6	80	0.0750000
NODE_222_length_4770_cov_106.953543	2960	3040	110	1	80	0.0125000
NODE_222_length_4770_cov_106.953543	2960	3040	111	2	80	0.0250000
NODE_222_length_4770_cov_106.953543	2960	3040	112	6	80	0.0750000
NODE_222_length_4770_cov_106.953543	2960	3040	113	4	80	0.0500000
NODE_222_length_4770_cov_106.953543	2960	3040	114	5	80	0.0625000
NODE_222_length_4770_cov_106.953543	2960	3040	117	2	80	0.0250000
NODE_222_length_4770_cov_106.953543	2960	3040	119	3	80	0.0375000
NODE_222_length_4770_cov_106.953543	2960	3040	120	1	80	0.0125000
NODE_222_length_4770_cov_106.953543	2960	3040	121	11	80	0.1375000
NODE_222_length_4770_cov_106.953543	2960	3040	123	8	80	0.1000000
NODE_222_length_4770_cov_106.953543	2960	3040	124	2	80	0.0250000
NODE_222_length_4770_cov_106.953543	2960	3040	125	1	80	0.0125000
NODE_222_length_4770_cov_106.953543	2960	3040	126	1	80	0.0125000
NODE_223_length_4768_cov_15.447205	1237	1317	32	3	80	0.0375000
NODE_223_length_4768_cov_15.447205	1237	1317	38	1	80	0.0125000
NODE_223_length_4768_cov_15.447205	1237	1317	42	11	80	0.1375000
NODE_223_length_4768_cov_15.447205	1237	1317	44	1	80	0.0125000
NODE_223_length_4768_cov_15.447205	1237	1317	46	5	80	0.0625000
NODE_223_length_4768_cov_15.447205	1237	1317	48	6	80	0.0750000
NODE_223_length_4768_cov_15.447205	1237	1317	50	1	80	0.0125000
NODE_223_length_4768_cov_15.447205	1237	1317	51	9	80	0.1125000
NODE_223_length_4768_cov_15.447205	1237	1317	53	15	80	0.1875000
NODE_223_length_4768_cov_15.447205	1237	1317	55	4	80	0.0500000
NODE_223_length_4768_cov_15.447205	1237	1317	56	2	80	0.0250000
NODE_223_length_4768_cov_15.447205	1237	1317	57	3	80	0.0375000
NODE_223_length_4768_cov_15.447205	1237	1317	58	4	80	0.0500000
NODE_223_length_4768_cov_15.447205	1237	1317	59	2	80	0.0250000
NODE_223_length_4768_cov_15.447205	1237	1317	60	13	80	0.1625000
NODE_228_length_4730_cov_30.142734	256	336	0	20	80	0.2500000
NODE_228_length_4730_cov_30.142734	256	336	2	14	80	0.1750000
NODE_228_length_4730_cov_30.142734	256	336	4	17	80	0.2125000
NODE_228_length_4730_cov_30.142734	256	336	6	29	80	0.3625000
NODE_228_length_4730_cov_30.142734	309	389	6	34	80	0.4250000
NODE_228_length_4730_cov_30.142734	309	389	8	5	80	0.0625000
NODE_228_length_4730_cov_30.142734	309	389	10	36	80	0.4500000
NODE_228_length_4730_cov_30.142734	309	389	12	5	80	0.0625000
NODE_228_length_4730_cov_30.142734	4052	4132	0	54	80	0.6750000
NODE_228_length_4730_cov_30.142734	4052	4132	2	26	80	0.3250000
NODE_228_length_4730_cov_30.142734	4105	4185	0	80	80	1.0000000
NODE_231_length_4706_cov_25.522683	2181	2261	7	1	80	0.0125000
NODE_231_length_4706_cov_25.522683	2181	2261	8	8	80	0.1000000
NODE_231_length_4706_cov_25.522683	2181	2261	12	35	80	0.4375000
NODE_231_length_4706_cov_25.522683	2181	2261	14	19	80	0.2375000
NODE_231_length_4706_cov_25.522683	2181	2261	16	17	80	0.2125000
NODE_231_length_4706_cov_25.522683	2234	2288	0	2	54	0.0370370
NODE_231_length_4706_cov_25.522683	2234	2288	2	16	54	0.2962963
NODE_231_length_4706_cov_25.522683	2234	2288	4	6	54	0.1111111
NODE_231_length_4706_cov_25.522683	2234	2288	7	4	54	0.0740741
NODE_231_length_4706_cov_25.522683	2234	2288	8	8	54	0.1481481
NODE_231_length_4706_cov_25.522683	2234	2288	12	18	54	0.3333333
NODE_231_length_4706_cov_25.522683	3943	4026	8	7	83	0.0843373
NODE_231_length_4706_cov_25.522683	3943	4026	10	16	83	0.1927711
NODE_231_length_4706_cov_25.522683	3943	4026	12	9	83	0.1084337
NODE_231_length_4706_cov_25.522683	3943	4026	14	6	83	0.0722892
NODE_231_length_4706_cov_25.522683	3943	4026	16	16	83	0.1927711
NODE_231_length_4706_cov_25.522683	3943	4026	17	6	83	0.0722892
NODE_231_length_4706_cov_25.522683	3943	4026	19	3	83	0.0361446
NODE_231_length_4706_cov_25.522683	3943	4026	21	8	83	0.0963855
NODE_231_length_4706_cov_25.522683	3943	4026	23	3	83	0.0361446
NODE_231_length_4706_cov_25.522683	3943	4026	25	1	83	0.0120482
NODE_231_length_4706_cov_25.522683	3943	4026	29	4	83	0.0481928
NODE_231_length_4706_cov_25.522683	3943	4026	30	2	83	0.0240964
NODE_231_length_4706_cov_25.522683	3943	4026	37	1	83	0.0120482
NODE_231_length_4706_cov_25.522683	3943	4026	41	1	83	0.0120482
NODE_235_length_4693_cov_16.973008	374	454	2	14	80	0.1750000
NODE_235_length_4693_cov_16.973008	374	454	4	10	80	0.1250000
NODE_235_length_4693_cov_16.973008	374	454	8	5	80	0.0625000
NODE_235_length_4693_cov_16.973008	374	454	10	2	80	0.0250000
NODE_235_length_4693_cov_16.973008	374	454	12	3	80	0.0375000
NODE_235_length_4693_cov_16.973008	374	454	16	1	80	0.0125000
NODE_235_length_4693_cov_16.973008	374	454	18	34	80	0.4250000
NODE_235_length_4693_cov_16.973008	374	454	20	6	80	0.0750000
NODE_235_length_4693_cov_16.973008	374	454	22	1	80	0.0125000
NODE_235_length_4693_cov_16.973008	374	454	24	4	80	0.0500000
NODE_235_length_4693_cov_16.973008	427	507	16	3	80	0.0375000
NODE_235_length_4693_cov_16.973008	427	507	18	45	80	0.5625000
NODE_235_length_4693_cov_16.973008	427	507	20	26	80	0.3250000
NODE_235_length_4693_cov_16.973008	427	507	22	2	80	0.0250000
NODE_235_length_4693_cov_16.973008	427	507	24	4	80	0.0500000
NODE_240_length_4672_cov_39.029084	1391	1470	258	1	79	0.0126582
NODE_240_length_4672_cov_39.029084	1391	1470	266	1	79	0.0126582
NODE_240_length_4672_cov_39.029084	1391	1470	275	1	79	0.0126582
NODE_240_length_4672_cov_39.029084	1391	1470	286	1	79	0.0126582
NODE_240_length_4672_cov_39.029084	1391	1470	288	1	79	0.0126582
NODE_240_length_4672_cov_39.029084	1391	1470	289	3	79	0.0379747
NODE_240_length_4672_cov_39.029084	1391	1470	290	1	79	0.0126582
NODE_240_length_4672_cov_39.029084	1391	1470	292	1	79	0.0126582
NODE_240_length_4672_cov_39.029084	1391	1470	312	1	79	0.0126582
NODE_240_length_4672_cov_39.029084	1391	1470	332	1	79	0.0126582
NODE_240_length_4672_cov_39.029084	1391	1470	349	1	79	0.0126582
NODE_240_length_4672_cov_39.029084	1391	1470	354	1	79	0.0126582
NODE_240_length_4672_cov_39.029084	1391	1470	360	2	79	0.0253165
NODE_240_length_4672_cov_39.029084	1391	1470	361	1	79	0.0126582
NODE_240_length_4672_cov_39.029084	1391	1470	363	2	79	0.0253165
NODE_240_length_4672_cov_39.029084	1391	1470	365	3	79	0.0379747
NODE_240_length_4672_cov_39.029084	1391	1470	374	1	79	0.0126582
NODE_240_length_4672_cov_39.029084	1391	1470	401	1	79	0.0126582
NODE_240_length_4672_cov_39.029084	1391	1470	405	1	79	0.0126582
NODE_240_length_4672_cov_39.029084	1391	1470	413	1	79	0.0126582
NODE_240_length_4672_cov_39.029084	1391	1470	420	1	79	0.0126582
NODE_240_length_4672_cov_39.029084	1391	1470	423	1	79	0.0126582
NODE_240_length_4672_cov_39.029084	1391	1470	425	1	79	0.0126582
NODE_240_length_4672_cov_39.029084	1391	1470	427	1	79	0.0126582
NODE_240_length_4672_cov_39.029084	1391	1470	435	1	79	0.0126582
NODE_240_length_4672_cov_39.029084	1391	1470	441	1	79	0.0126582
NODE_240_length_4672_cov_39.029084	1391	1470	445	4	79	0.0506329
NODE_240_length_4672_cov_39.029084	1391	1470	448	1	79	0.0126582
NODE_240_length_4672_cov_39.029084	1391	1470	451	2	79	0.0253165
NODE_240_length_4672_cov_39.029084	1391	1470	452	1	79	0.0126582
NODE_240_length_4672_cov_39.029084	1391	1470	455	1	79	0.0126582
NODE_240_length_4672_cov_39.029084	1391	1470	457	1	79	0.0126582
NODE_240_length_4672_cov_39.029084	1391	1470	459	1	79	0.0126582
NODE_240_length_4672_cov_39.029084	1391	1470	460	3	79	0.0379747
NODE_240_length_4672_cov_39.029084	1391	1470	462	1	79	0.0126582
NODE_240_length_4672_cov_39.029084	1391	1470	463	1	79	0.0126582
NODE_240_length_4672_cov_39.029084	1391	1470	464	1	79	0.0126582
NODE_240_length_4672_cov_39.029084	1391	1470	468	1	79	0.0126582
NODE_240_length_4672_cov_39.029084	1391	1470	470	1	79	0.0126582
NODE_240_length_4672_cov_39.029084	1391	1470	471	2	79	0.0253165
NODE_240_length_4672_cov_39.029084	1391	1470	472	1	79	0.0126582
NODE_240_length_4672_cov_39.029084	1391	1470	473	4	79	0.0506329
NODE_240_length_4672_cov_39.029084	1391	1470	476	8	79	0.1012658
NODE_240_length_4672_cov_39.029084	1391	1470	478	1	79	0.0126582
NODE_240_length_4672_cov_39.029084	1391	1470	480	1	79	0.0126582
NODE_240_length_4672_cov_39.029084	1391	1470	482	4	79	0.0506329
NODE_240_length_4672_cov_39.029084	1391	1470	483	1	79	0.0126582
NODE_240_length_4672_cov_39.029084	1391	1470	484	1	79	0.0126582
NODE_240_length_4672_cov_39.029084	1391	1470	486	3	79	0.0379747
NODE_240_length_4672_cov_39.029084	1391	1470	488	1	79	0.0126582
NODE_240_length_4672_cov_39.029084	1391	1470	490	1	79	0.0126582
NODE_240_length_4672_cov_39.029084	1444	1523	143	1	79	0.0126582
NODE_240_length_4672_cov_39.029084	1444	1523	145	1	79	0.0126582
NODE_240_length_4672_cov_39.029084	1444	1523	167	1	79	0.0126582
NODE_240_length_4672_cov_39.029084	1444	1523	171	1	79	0.0126582
NODE_240_length_4672_cov_39.029084	1444	1523	179	1	79	0.0126582
NODE_240_length_4672_cov_39.029084	1444	1523	185	1	79	0.0126582
NODE_240_length_4672_cov_39.029084	1444	1523	200	1	79	0.0126582
NODE_240_length_4672_cov_39.029084	1444	1523	207	1	79	0.0126582
NODE_240_length_4672_cov_39.029084	1444	1523	213	1	79	0.0126582
NODE_240_length_4672_cov_39.029084	1444	1523	214	1	79	0.0126582
NODE_240_length_4672_cov_39.029084	1444	1523	226	1	79	0.0126582
NODE_240_length_4672_cov_39.029084	1444	1523	227	1	79	0.0126582
NODE_240_length_4672_cov_39.029084	1444	1523	240	3	79	0.0379747
NODE_240_length_4672_cov_39.029084	1444	1523	272	2	79	0.0253165
NODE_240_length_4672_cov_39.029084	1444	1523	281	1	79	0.0126582
NODE_240_length_4672_cov_39.029084	1444	1523	285	4	79	0.0506329
NODE_240_length_4672_cov_39.029084	1444	1523	291	1	79	0.0126582
NODE_240_length_4672_cov_39.029084	1444	1523	304	1	79	0.0126582
NODE_240_length_4672_cov_39.029084	1444	1523	305	1	79	0.0126582
NODE_240_length_4672_cov_39.029084	1444	1523	321	2	79	0.0253165
NODE_240_length_4672_cov_39.029084	1444	1523	325	2	79	0.0253165
NODE_240_length_4672_cov_39.029084	1444	1523	327	2	79	0.0253165
NODE_240_length_4672_cov_39.029084	1444	1523	335	1	79	0.0126582
NODE_240_length_4672_cov_39.029084	1444	1523	342	1	79	0.0126582
NODE_240_length_4672_cov_39.029084	1444	1523	351	1	79	0.0126582
NODE_240_length_4672_cov_39.029084	1444	1523	354	1	79	0.0126582
NODE_240_length_4672_cov_39.029084	1444	1523	357	1	79	0.0126582
NODE_240_length_4672_cov_39.029084	1444	1523	360	1	79	0.0126582
NODE_240_length_4672_cov_39.029084	1444	1523	366	1	79	0.0126582
NODE_240_length_4672_cov_39.029084	1444	1523	382	1	79	0.0126582
NODE_240_length_4672_cov_39.029084	1444	1523	394	1	79	0.0126582
NODE_240_length_4672_cov_39.029084	1444	1523	405	3	79	0.0379747
NODE_240_length_4672_cov_39.029084	1444	1523	407	1	79	0.0126582
NODE_240_length_4672_cov_39.029084	1444	1523	414	1	79	0.0126582
NODE_240_length_4672_cov_39.029084	1444	1523	418	3	79	0.0379747
NODE_240_length_4672_cov_39.029084	1444	1523	420	1	79	0.0126582
NODE_240_length_4672_cov_39.029084	1444	1523	423	1	79	0.0126582
NODE_240_length_4672_cov_39.029084	1444	1523	425	1	79	0.0126582
NODE_240_length_4672_cov_39.029084	1444	1523	436	1	79	0.0126582
NODE_240_length_4672_cov_39.029084	1444	1523	440	1	79	0.0126582
NODE_240_length_4672_cov_39.029084	1444	1523	445	2	79	0.0253165
NODE_240_length_4672_cov_39.029084	1444	1523	448	1	79	0.0126582
NODE_240_length_4672_cov_39.029084	1444	1523	452	1	79	0.0126582
NODE_240_length_4672_cov_39.029084	1444	1523	460	2	79	0.0253165
NODE_240_length_4672_cov_39.029084	1444	1523	462	1	79	0.0126582
NODE_240_length_4672_cov_39.029084	1444	1523	464	1	79	0.0126582
NODE_240_length_4672_cov_39.029084	1444	1523	468	1	79	0.0126582
NODE_240_length_4672_cov_39.029084	1444	1523	470	1	79	0.0126582
NODE_240_length_4672_cov_39.029084	1444	1523	476	3	79	0.0379747
NODE_240_length_4672_cov_39.029084	1444	1523	478	1	79	0.0126582
NODE_240_length_4672_cov_39.029084	1444	1523	480	1	79	0.0126582
NODE_240_length_4672_cov_39.029084	1444	1523	482	4	79	0.0506329
NODE_240_length_4672_cov_39.029084	1444	1523	483	1	79	0.0126582
NODE_240_length_4672_cov_39.029084	1444	1523	484	1	79	0.0126582
NODE_240_length_4672_cov_39.029084	1444	1523	486	3	79	0.0379747
NODE_240_length_4672_cov_39.029084	1444	1523	488	1	79	0.0126582
NODE_240_length_4672_cov_39.029084	1444	1523	490	1	79	0.0126582
NODE_246_length_4602_cov_17.281368	3106	3186	35	13	80	0.1625000
NODE_246_length_4602_cov_17.281368	3106	3186	39	3	80	0.0375000
NODE_246_length_4602_cov_17.281368	3106	3186	41	6	80	0.0750000
NODE_246_length_4602_cov_17.281368	3106	3186	43	21	80	0.2625000
NODE_246_length_4602_cov_17.281368	3106	3186	46	4	80	0.0500000
NODE_246_length_4602_cov_17.281368	3106	3186	47	9	80	0.1125000
NODE_246_length_4602_cov_17.281368	3106	3186	48	3	80	0.0375000
NODE_246_length_4602_cov_17.281368	3106	3186	50	1	80	0.0125000
NODE_246_length_4602_cov_17.281368	3106	3186	53	1	80	0.0125000
NODE_246_length_4602_cov_17.281368	3106	3186	54	11	80	0.1375000
NODE_246_length_4602_cov_17.281368	3106	3186	58	4	80	0.0500000
NODE_246_length_4602_cov_17.281368	3106	3186	60	4	80	0.0500000
NODE_246_length_4602_cov_17.281368	3159	3239	13	3	80	0.0375000
NODE_246_length_4602_cov_17.281368	3159	3239	17	2	80	0.0250000
NODE_246_length_4602_cov_17.281368	3159	3239	22	4	80	0.0500000
NODE_246_length_4602_cov_17.281368	3159	3239	28	16	80	0.2000000
NODE_246_length_4602_cov_17.281368	3159	3239	29	2	80	0.0250000
NODE_246_length_4602_cov_17.281368	3159	3239	31	18	80	0.2250000
NODE_246_length_4602_cov_17.281368	3159	3239	33	3	80	0.0375000
NODE_246_length_4602_cov_17.281368	3159	3239	37	5	80	0.0625000
NODE_246_length_4602_cov_17.281368	3159	3239	39	3	80	0.0375000
NODE_246_length_4602_cov_17.281368	3159	3239	41	1	80	0.0125000
NODE_246_length_4602_cov_17.281368	3159	3239	46	4	80	0.0500000
NODE_246_length_4602_cov_17.281368	3159	3239	48	3	80	0.0375000
NODE_246_length_4602_cov_17.281368	3159	3239	50	1	80	0.0125000
NODE_246_length_4602_cov_17.281368	3159	3239	53	1	80	0.0125000
NODE_246_length_4602_cov_17.281368	3159	3239	54	11	80	0.1375000
NODE_246_length_4602_cov_17.281368	3159	3239	58	3	80	0.0375000
NODE_248_length_4587_cov_14.431150	1294	1370	63	4	76	0.0526316
NODE_248_length_4587_cov_14.431150	1294	1370	65	2	76	0.0263158
NODE_248_length_4587_cov_14.431150	1294	1370	66	1	76	0.0131579
NODE_248_length_4587_cov_14.431150	1294	1370	70	1	76	0.0131579
NODE_248_length_4587_cov_14.431150	1294	1370	72	1	76	0.0131579
NODE_248_length_4587_cov_14.431150	1294	1370	74	2	76	0.0263158
NODE_248_length_4587_cov_14.431150	1294	1370	80	4	76	0.0526316
NODE_248_length_4587_cov_14.431150	1294	1370	84	1	76	0.0131579
NODE_248_length_4587_cov_14.431150	1294	1370	86	1	76	0.0131579
NODE_248_length_4587_cov_14.431150	1294	1370	90	1	76	0.0131579
NODE_248_length_4587_cov_14.431150	1294	1370	96	5	76	0.0657895
NODE_248_length_4587_cov_14.431150	1294	1370	97	1	76	0.0131579
NODE_248_length_4587_cov_14.431150	1294	1370	99	1	76	0.0131579
NODE_248_length_4587_cov_14.431150	1294	1370	101	1	76	0.0131579
NODE_248_length_4587_cov_14.431150	1294	1370	105	8	76	0.1052632
NODE_248_length_4587_cov_14.431150	1294	1370	107	1	76	0.0131579
NODE_248_length_4587_cov_14.431150	1294	1370	109	4	76	0.0526316
NODE_248_length_4587_cov_14.431150	1294	1370	111	2	76	0.0263158
NODE_248_length_4587_cov_14.431150	1294	1370	116	1	76	0.0131579
NODE_248_length_4587_cov_14.431150	1294	1370	117	4	76	0.0526316
NODE_248_length_4587_cov_14.431150	1294	1370	118	2	76	0.0263158
NODE_248_length_4587_cov_14.431150	1294	1370	119	13	76	0.1710526
NODE_248_length_4587_cov_14.431150	1294	1370	120	1	76	0.0131579
NODE_248_length_4587_cov_14.431150	1294	1370	121	1	76	0.0131579
NODE_248_length_4587_cov_14.431150	1294	1370	122	1	76	0.0131579
NODE_248_length_4587_cov_14.431150	1294	1370	123	2	76	0.0263158
NODE_248_length_4587_cov_14.431150	1294	1370	124	8	76	0.1052632
NODE_248_length_4587_cov_14.431150	1294	1370	125	2	76	0.0263158
NODE_248_length_4587_cov_14.431150	1347	1427	77	1	80	0.0125000
NODE_248_length_4587_cov_14.431150	1347	1427	78	3	80	0.0375000
NODE_248_length_4587_cov_14.431150	1347	1427	80	3	80	0.0375000
NODE_248_length_4587_cov_14.431150	1347	1427	82	3	80	0.0375000
NODE_248_length_4587_cov_14.431150	1347	1427	84	3	80	0.0375000
NODE_248_length_4587_cov_14.431150	1347	1427	86	5	80	0.0625000
NODE_248_length_4587_cov_14.431150	1347	1427	90	1	80	0.0125000
NODE_248_length_4587_cov_14.431150	1347	1427	92	1	80	0.0125000
NODE_248_length_4587_cov_14.431150	1347	1427	94	1	80	0.0125000
NODE_248_length_4587_cov_14.431150	1347	1427	96	2	80	0.0250000
NODE_248_length_4587_cov_14.431150	1347	1427	100	2	80	0.0250000
NODE_248_length_4587_cov_14.431150	1347	1427	104	2	80	0.0250000
NODE_248_length_4587_cov_14.431150	1347	1427	106	2	80	0.0250000
NODE_248_length_4587_cov_14.431150	1347	1427	110	5	80	0.0625000
NODE_248_length_4587_cov_14.431150	1347	1427	112	1	80	0.0125000
NODE_248_length_4587_cov_14.431150	1347	1427	115	1	80	0.0125000
NODE_248_length_4587_cov_14.431150	1347	1427	116	1	80	0.0125000
NODE_248_length_4587_cov_14.431150	1347	1427	117	6	80	0.0750000
NODE_248_length_4587_cov_14.431150	1347	1427	118	1	80	0.0125000
NODE_248_length_4587_cov_14.431150	1347	1427	119	9	80	0.1125000
NODE_248_length_4587_cov_14.431150	1347	1427	120	5	80	0.0625000
NODE_248_length_4587_cov_14.431150	1347	1427	122	4	80	0.0500000
NODE_248_length_4587_cov_14.431150	1347	1427	123	4	80	0.0500000
NODE_248_length_4587_cov_14.431150	1347	1427	124	10	80	0.1250000
NODE_248_length_4587_cov_14.431150	1347	1427	125	2	80	0.0250000
NODE_248_length_4587_cov_14.431150	1347	1427	126	2	80	0.0250000
NODE_248_length_4587_cov_14.431150	1466	1533	74	2	67	0.0298507
NODE_248_length_4587_cov_14.431150	1466	1533	76	4	67	0.0597015
NODE_248_length_4587_cov_14.431150	1466	1533	78	1	67	0.0149254
NODE_248_length_4587_cov_14.431150	1466	1533	80	2	67	0.0298507
NODE_248_length_4587_cov_14.431150	1466	1533	81	2	67	0.0298507
NODE_248_length_4587_cov_14.431150	1466	1533	83	5	67	0.0746269
NODE_248_length_4587_cov_14.431150	1466	1533	84	1	67	0.0149254
NODE_248_length_4587_cov_14.431150	1466	1533	85	10	67	0.1492537
NODE_248_length_4587_cov_14.431150	1466	1533	86	2	67	0.0298507
NODE_248_length_4587_cov_14.431150	1466	1533	87	2	67	0.0298507
NODE_248_length_4587_cov_14.431150	1466	1533	88	4	67	0.0597015
NODE_248_length_4587_cov_14.431150	1466	1533	90	8	67	0.1194030
NODE_248_length_4587_cov_14.431150	1466	1533	92	3	67	0.0447761
NODE_248_length_4587_cov_14.431150	1466	1533	93	1	67	0.0149254
NODE_248_length_4587_cov_14.431150	1466	1533	94	2	67	0.0298507
NODE_248_length_4587_cov_14.431150	1466	1533	95	3	67	0.0447761
NODE_248_length_4587_cov_14.431150	1466	1533	96	3	67	0.0447761
NODE_248_length_4587_cov_14.431150	1466	1533	97	5	67	0.0746269
NODE_248_length_4587_cov_14.431150	1466	1533	98	3	67	0.0447761
NODE_248_length_4587_cov_14.431150	1466	1533	100	4	67	0.0597015
NODE_248_length_4587_cov_14.431150	4316	4382	101	1	66	0.0151515
NODE_248_length_4587_cov_14.431150	4316	4382	105	1	66	0.0151515
NODE_248_length_4587_cov_14.431150	4316	4382	111	1	66	0.0151515
NODE_248_length_4587_cov_14.431150	4316	4382	114	1	66	0.0151515
NODE_248_length_4587_cov_14.431150	4316	4382	122	1	66	0.0151515
NODE_248_length_4587_cov_14.431150	4316	4382	125	1	66	0.0151515
NODE_248_length_4587_cov_14.431150	4316	4382	133	5	66	0.0757576
NODE_248_length_4587_cov_14.431150	4316	4382	135	1	66	0.0151515
NODE_248_length_4587_cov_14.431150	4316	4382	145	1	66	0.0151515
NODE_248_length_4587_cov_14.431150	4316	4382	152	1	66	0.0151515
NODE_248_length_4587_cov_14.431150	4316	4382	156	1	66	0.0151515
NODE_248_length_4587_cov_14.431150	4316	4382	158	2	66	0.0303030
NODE_248_length_4587_cov_14.431150	4316	4382	170	1	66	0.0151515
NODE_248_length_4587_cov_14.431150	4316	4382	172	2	66	0.0303030
NODE_248_length_4587_cov_14.431150	4316	4382	173	1	66	0.0151515
NODE_248_length_4587_cov_14.431150	4316	4382	175	1	66	0.0151515
NODE_248_length_4587_cov_14.431150	4316	4382	181	1	66	0.0151515
NODE_248_length_4587_cov_14.431150	4316	4382	190	3	66	0.0454545
NODE_248_length_4587_cov_14.431150	4316	4382	192	1	66	0.0151515
NODE_248_length_4587_cov_14.431150	4316	4382	199	1	66	0.0151515
NODE_248_length_4587_cov_14.431150	4316	4382	201	1	66	0.0151515
NODE_248_length_4587_cov_14.431150	4316	4382	210	1	66	0.0151515
NODE_248_length_4587_cov_14.431150	4316	4382	215	1	66	0.0151515
NODE_248_length_4587_cov_14.431150	4316	4382	218	1	66	0.0151515
NODE_248_length_4587_cov_14.431150	4316	4382	221	1	66	0.0151515
NODE_248_length_4587_cov_14.431150	4316	4382	228	1	66	0.0151515
NODE_248_length_4587_cov_14.431150	4316	4382	231	2	66	0.0303030
NODE_248_length_4587_cov_14.431150	4316	4382	237	1	66	0.0151515
NODE_248_length_4587_cov_14.431150	4316	4382	239	2	66	0.0303030
NODE_248_length_4587_cov_14.431150	4316	4382	243	1	66	0.0151515
NODE_248_length_4587_cov_14.431150	4316	4382	245	1	66	0.0151515
NODE_248_length_4587_cov_14.431150	4316	4382	253	1	66	0.0151515
NODE_248_length_4587_cov_14.431150	4316	4382	255	1	66	0.0151515
NODE_248_length_4587_cov_14.431150	4316	4382	257	1	66	0.0151515
NODE_248_length_4587_cov_14.431150	4316	4382	259	1	66	0.0151515
NODE_248_length_4587_cov_14.431150	4316	4382	267	2	66	0.0303030
NODE_248_length_4587_cov_14.431150	4316	4382	268	2	66	0.0303030
NODE_248_length_4587_cov_14.431150	4316	4382	269	2	66	0.0303030
NODE_248_length_4587_cov_14.431150	4316	4382	270	1	66	0.0151515
NODE_248_length_4587_cov_14.431150	4316	4382	271	2	66	0.0303030
NODE_248_length_4587_cov_14.431150	4316	4382	273	2	66	0.0303030
NODE_248_length_4587_cov_14.431150	4316	4382	274	3	66	0.0454545
NODE_248_length_4587_cov_14.431150	4316	4382	275	6	66	0.0909091
NODE_248_length_4587_cov_14.431150	4316	4382	279	1	66	0.0151515
NODE_248_length_4587_cov_14.431150	4355	4435	198	1	80	0.0125000
NODE_248_length_4587_cov_14.431150	4355	4435	201	1	80	0.0125000
NODE_248_length_4587_cov_14.431150	4355	4435	205	1	80	0.0125000
NODE_248_length_4587_cov_14.431150	4355	4435	211	2	80	0.0250000
NODE_248_length_4587_cov_14.431150	4355	4435	214	1	80	0.0125000
NODE_248_length_4587_cov_14.431150	4355	4435	216	1	80	0.0125000
NODE_248_length_4587_cov_14.431150	4355	4435	217	2	80	0.0250000
NODE_248_length_4587_cov_14.431150	4355	4435	220	1	80	0.0125000
NODE_248_length_4587_cov_14.431150	4355	4435	221	1	80	0.0125000
NODE_248_length_4587_cov_14.431150	4355	4435	222	1	80	0.0125000
NODE_248_length_4587_cov_14.431150	4355	4435	224	2	80	0.0250000
NODE_248_length_4587_cov_14.431150	4355	4435	226	1	80	0.0125000
NODE_248_length_4587_cov_14.431150	4355	4435	228	1	80	0.0125000
NODE_248_length_4587_cov_14.431150	4355	4435	230	1	80	0.0125000
NODE_248_length_4587_cov_14.431150	4355	4435	234	1	80	0.0125000
NODE_248_length_4587_cov_14.431150	4355	4435	240	1	80	0.0125000
NODE_248_length_4587_cov_14.431150	4355	4435	243	1	80	0.0125000
NODE_248_length_4587_cov_14.431150	4355	4435	245	1	80	0.0125000
NODE_248_length_4587_cov_14.431150	4355	4435	249	1	80	0.0125000
NODE_248_length_4587_cov_14.431150	4355	4435	253	3	80	0.0375000
NODE_248_length_4587_cov_14.431150	4355	4435	255	1	80	0.0125000
NODE_248_length_4587_cov_14.431150	4355	4435	256	1	80	0.0125000
NODE_248_length_4587_cov_14.431150	4355	4435	257	1	80	0.0125000
NODE_248_length_4587_cov_14.431150	4355	4435	258	1	80	0.0125000
NODE_248_length_4587_cov_14.431150	4355	4435	259	1	80	0.0125000
NODE_248_length_4587_cov_14.431150	4355	4435	266	5	80	0.0625000
NODE_248_length_4587_cov_14.431150	4355	4435	267	2	80	0.0250000
NODE_248_length_4587_cov_14.431150	4355	4435	268	7	80	0.0875000
NODE_248_length_4587_cov_14.431150	4355	4435	269	14	80	0.1750000
NODE_248_length_4587_cov_14.431150	4355	4435	270	5	80	0.0625000
NODE_248_length_4587_cov_14.431150	4355	4435	271	2	80	0.0250000
NODE_248_length_4587_cov_14.431150	4355	4435	272	3	80	0.0375000
NODE_248_length_4587_cov_14.431150	4355	4435	273	2	80	0.0250000
NODE_248_length_4587_cov_14.431150	4355	4435	274	3	80	0.0375000
NODE_248_length_4587_cov_14.431150	4355	4435	275	6	80	0.0750000
NODE_248_length_4587_cov_14.431150	4355	4435	279	1	80	0.0125000
NODE_249_length_4572_cov_50.244579	2406	2483	14	8	77	0.1038961
NODE_249_length_4572_cov_50.244579	2406	2483	16	4	77	0.0519481
NODE_249_length_4572_cov_50.244579	2406	2483	20	4	77	0.0519481
NODE_249_length_4572_cov_50.244579	2406	2483	34	6	77	0.0779221
NODE_249_length_4572_cov_50.244579	2406	2483	37	2	77	0.0259740
NODE_249_length_4572_cov_50.244579	2406	2483	38	2	77	0.0259740
NODE_249_length_4572_cov_50.244579	2406	2483	40	12	77	0.1558442
NODE_249_length_4572_cov_50.244579	2406	2483	41	5	77	0.0649351
NODE_249_length_4572_cov_50.244579	2406	2483	43	34	77	0.4415585
NODE_249_length_4572_cov_50.244579	2406	2483	14	8	77	0.1038961
NODE_249_length_4572_cov_50.244579	2406	2483	16	4	77	0.0519481
NODE_249_length_4572_cov_50.244579	2406	2483	20	4	77	0.0519481
NODE_249_length_4572_cov_50.244579	2406	2483	34	6	77	0.0779221
NODE_249_length_4572_cov_50.244579	2406	2483	37	2	77	0.0259740
NODE_249_length_4572_cov_50.244579	2406	2483	38	2	77	0.0259740
NODE_249_length_4572_cov_50.244579	2406	2483	40	12	77	0.1558442
NODE_249_length_4572_cov_50.244579	2406	2483	41	5	77	0.0649351
NODE_249_length_4572_cov_50.244579	2406	2483	43	34	77	0.4415585
NODE_251_length_4556_cov_14.556652	4229	4288	10	25	59	0.4237288
NODE_251_length_4556_cov_14.556652	4229	4288	16	3	59	0.0508475
NODE_251_length_4556_cov_14.556652	4229	4288	17	5	59	0.0847458
NODE_251_length_4556_cov_14.556652	4229	4288	19	7	59	0.1186441
NODE_251_length_4556_cov_14.556652	4229	4288	23	6	59	0.1016949
NODE_251_length_4556_cov_14.556652	4229	4288	24	3	59	0.0508475
NODE_251_length_4556_cov_14.556652	4229	4288	25	7	59	0.1186441
NODE_251_length_4556_cov_14.556652	4229	4288	26	1	59	0.0169492
NODE_251_length_4556_cov_14.556652	4229	4288	27	1	59	0.0169492
NODE_251_length_4556_cov_14.556652	4229	4288	30	1	59	0.0169492
NODE_252_length_4550_cov_5.664120	3548	3628	6	80	80	1.0000000
NODE_252_length_4550_cov_5.664120	3601	3681	0	30	80	0.3750000
NODE_252_length_4550_cov_5.664120	3601	3681	2	8	80	0.1000000
NODE_252_length_4550_cov_5.664120	3601	3681	5	2	80	0.0250000
NODE_252_length_4550_cov_5.664120	3601	3681	6	40	80	0.5000000
NODE_253_length_4544_cov_10.690439	353	433	0	80	80	1.0000000
NODE_253_length_4544_cov_10.690439	406	486	0	80	80	1.0000000
NODE_253_length_4544_cov_10.690439	4487	4544	0	57	57	1.0000000
NODE_255_length_4535_cov_24.849188	675	755	0	13	80	0.1625000
NODE_255_length_4535_cov_24.849188	675	755	2	67	80	0.8375000
NODE_255_length_4535_cov_24.849188	728	809	0	13	81	0.1604938
NODE_255_length_4535_cov_24.849188	728	809	2	68	81	0.8395061
NODE_255_length_4535_cov_24.849188	1319	1399	0	80	80	1.0000000
NODE_255_length_4535_cov_24.849188	1372	1452	0	43	80	0.5375000
NODE_255_length_4535_cov_24.849188	1372	1452	4	4	80	0.0500000
NODE_255_length_4535_cov_24.849188	1372	1452	16	7	80	0.0875000
NODE_255_length_4535_cov_24.849188	1372	1452	19	1	80	0.0125000
NODE_255_length_4535_cov_24.849188	1372	1452	20	9	80	0.1125000
NODE_255_length_4535_cov_24.849188	1372	1452	22	3	80	0.0375000
NODE_255_length_4535_cov_24.849188	1372	1452	30	9	80	0.1125000
NODE_255_length_4535_cov_24.849188	1372	1452	32	4	80	0.0500000
NODE_258_length_4528_cov_19.736509	4295	4366	0	69	71	0.9718310
NODE_258_length_4528_cov_19.736509	4295	4366	4	2	71	0.0281690
NODE_259_length_4505_cov_10.409215	3166	3202	6	1	36	0.0277778
NODE_259_length_4505_cov_10.409215	3166	3202	8	7	36	0.1944444
NODE_259_length_4505_cov_10.409215	3166	3202	10	1	36	0.0277778
NODE_259_length_4505_cov_10.409215	3166	3202	14	7	36	0.1944444
NODE_259_length_4505_cov_10.409215	3166	3202	16	6	36	0.1666667
NODE_259_length_4505_cov_10.409215	3166	3202	18	2	36	0.0555556
NODE_259_length_4505_cov_10.409215	3166	3202	20	12	36	0.3333333
NODE_259_length_4505_cov_10.409215	3175	3255	14	7	80	0.0875000
NODE_259_length_4505_cov_10.409215	3175	3255	16	6	80	0.0750000
NODE_259_length_4505_cov_10.409215	3175	3255	18	2	80	0.0250000
NODE_259_length_4505_cov_10.409215	3175	3255	20	49	80	0.6125000
NODE_259_length_4505_cov_10.409215	3175	3255	22	16	80	0.2000000
NODE_260_length_4498_cov_8.216185	3161	3219	2	19	58	0.3275862
NODE_260_length_4498_cov_8.216185	3161	3219	4	39	58	0.6724138
NODE_260_length_4498_cov_8.216185	4257	4314	0	7	57	0.1228070
NODE_260_length_4498_cov_8.216185	4257	4314	4	44	57	0.7719298
NODE_260_length_4498_cov_8.216185	4257	4314	14	6	57	0.1052632
NODE_263_length_4476_cov_29.825451	141	215	2	23	74	0.3108108
NODE_263_length_4476_cov_29.825451	141	215	6	51	74	0.6891892
NODE_263_length_4476_cov_29.825451	1890	1970	21	3	80	0.0375000
NODE_263_length_4476_cov_29.825451	1890	1970	23	3	80	0.0375000
NODE_263_length_4476_cov_29.825451	1890	1970	25	1	80	0.0125000
NODE_263_length_4476_cov_29.825451	1890	1970	28	4	80	0.0500000
NODE_263_length_4476_cov_29.825451	1890	1970	30	5	80	0.0625000
NODE_263_length_4476_cov_29.825451	1890	1970	32	4	80	0.0500000
NODE_263_length_4476_cov_29.825451	1890	1970	34	2	80	0.0250000
NODE_263_length_4476_cov_29.825451	1890	1970	38	7	80	0.0875000
NODE_263_length_4476_cov_29.825451	1890	1970	40	8	80	0.1000000
NODE_263_length_4476_cov_29.825451	1890	1970	42	7	80	0.0875000
NODE_263_length_4476_cov_29.825451	1890	1970	44	7	80	0.0875000
NODE_263_length_4476_cov_29.825451	1890	1970	46	22	80	0.2750000
NODE_263_length_4476_cov_29.825451	1890	1970	48	7	80	0.0875000
NODE_263_length_4476_cov_29.825451	1943	2023	11	1	80	0.0125000
NODE_263_length_4476_cov_29.825451	1943	2023	12	3	80	0.0375000
NODE_263_length_4476_cov_29.825451	1943	2023	14	4	80	0.0500000
NODE_263_length_4476_cov_29.825451	1943	2023	18	5	80	0.0625000
NODE_263_length_4476_cov_29.825451	1943	2023	20	1	80	0.0125000
NODE_263_length_4476_cov_29.825451	1943	2023	22	7	80	0.0875000
NODE_263_length_4476_cov_29.825451	1943	2023	24	3	80	0.0375000
NODE_263_length_4476_cov_29.825451	1943	2023	30	6	80	0.0750000
NODE_263_length_4476_cov_29.825451	1943	2023	32	3	80	0.0375000
NODE_263_length_4476_cov_29.825451	1943	2023	34	3	80	0.0375000
NODE_263_length_4476_cov_29.825451	1943	2023	42	8	80	0.1000000
NODE_263_length_4476_cov_29.825451	1943	2023	44	1	80	0.0125000
NODE_263_length_4476_cov_29.825451	1943	2023	46	27	80	0.3375000
NODE_263_length_4476_cov_29.825451	1943	2023	48	8	80	0.1000000
NODE_264_length_4474_cov_17.051886	23	99	0	8	76	0.1052632
NODE_264_length_4474_cov_17.051886	23	99	2	68	76	0.8947368
NODE_264_length_4474_cov_17.051886	23	98	0	8	75	0.1066667
NODE_264_length_4474_cov_17.051886	23	98	2	67	75	0.8933333
NODE_264_length_4474_cov_17.051886	23	99	0	8	76	0.1052632
NODE_264_length_4474_cov_17.051886	23	99	2	68	76	0.8947368
NODE_264_length_4474_cov_17.051886	32	99	2	67	67	1.0000000
NODE_264_length_4474_cov_17.051886	76	140	2	64	64	1.0000000
NODE_264_length_4474_cov_17.051886	1528	1569	53	3	41	0.0731707
NODE_264_length_4474_cov_17.051886	1528	1569	55	2	41	0.0487805
NODE_264_length_4474_cov_17.051886	1528	1569	57	2	41	0.0487805
NODE_264_length_4474_cov_17.051886	1528	1569	59	4	41	0.0975610
NODE_264_length_4474_cov_17.051886	1528	1569	62	6	41	0.1463415
NODE_264_length_4474_cov_17.051886	1528	1569	63	2	41	0.0487805
NODE_264_length_4474_cov_17.051886	1528	1569	65	5	41	0.1219512
NODE_264_length_4474_cov_17.051886	1528	1569	66	5	41	0.1219512
NODE_264_length_4474_cov_17.051886	1528	1569	67	8	41	0.1951219
NODE_264_length_4474_cov_17.051886	1528	1569	68	4	41	0.0975610
NODE_264_length_4474_cov_17.051886	1536	1609	22	5	73	0.0684932
NODE_264_length_4474_cov_17.051886	1536	1609	24	3	73	0.0410959
NODE_264_length_4474_cov_17.051886	1536	1609	26	4	73	0.0547945
NODE_264_length_4474_cov_17.051886	1536	1609	28	2	73	0.0273973
NODE_264_length_4474_cov_17.051886	1536	1609	30	3	73	0.0410959
NODE_264_length_4474_cov_17.051886	1536	1609	33	2	73	0.0273973
NODE_264_length_4474_cov_17.051886	1536	1609	35	4	73	0.0547945
NODE_264_length_4474_cov_17.051886	1536	1609	36	1	73	0.0136986
NODE_264_length_4474_cov_17.051886	1536	1609	37	1	73	0.0136986
NODE_264_length_4474_cov_17.051886	1536	1609	41	2	73	0.0273973
NODE_264_length_4474_cov_17.051886	1536	1609	43	2	73	0.0273973
NODE_264_length_4474_cov_17.051886	1536	1609	45	2	73	0.0273973
NODE_264_length_4474_cov_17.051886	1536	1609	49	3	73	0.0410959
NODE_264_length_4474_cov_17.051886	1536	1609	53	9	73	0.1232877
NODE_264_length_4474_cov_17.051886	1536	1609	55	2	73	0.0273973
NODE_264_length_4474_cov_17.051886	1536	1609	57	2	73	0.0273973
NODE_264_length_4474_cov_17.051886	1536	1609	59	3	73	0.0410959
NODE_264_length_4474_cov_17.051886	1536	1609	62	2	73	0.0273973
NODE_264_length_4474_cov_17.051886	1536	1609	63	2	73	0.0273973
NODE_264_length_4474_cov_17.051886	1536	1609	65	5	73	0.0684932
NODE_264_length_4474_cov_17.051886	1536	1609	66	2	73	0.0273973
NODE_264_length_4474_cov_17.051886	1536	1609	67	8	73	0.1095890
NODE_264_length_4474_cov_17.051886	1536	1609	68	4	73	0.0547945
NODE_264_length_4474_cov_17.051886	1618	1643	0	10	25	0.4000000
NODE_264_length_4474_cov_17.051886	1618	1643	2	9	25	0.3600000
NODE_264_length_4474_cov_17.051886	1618	1643	6	2	25	0.0800000
NODE_264_length_4474_cov_17.051886	1618	1643	11	1	25	0.0400000
NODE_264_length_4474_cov_17.051886	1618	1643	15	1	25	0.0400000
NODE_264_length_4474_cov_17.051886	1618	1643	19	2	25	0.0800000
NODE_264_length_4474_cov_17.051886	1618	1696	0	10	78	0.1282051
NODE_264_length_4474_cov_17.051886	1618	1696	2	9	78	0.1153846
NODE_264_length_4474_cov_17.051886	1618	1696	6	55	78	0.7051282
NODE_264_length_4474_cov_17.051886	1618	1696	11	1	78	0.0128205
NODE_264_length_4474_cov_17.051886	1618	1696	15	1	78	0.0128205
NODE_264_length_4474_cov_17.051886	1618	1696	19	2	78	0.0256410
NODE_265_length_4474_cov_14.441829	282	362	0	2	80	0.0250000
NODE_265_length_4474_cov_14.441829	282	362	2	78	80	0.9750000
NODE_265_length_4474_cov_14.441829	335	415	0	54	80	0.6750000
NODE_265_length_4474_cov_14.441829	335	415	2	26	80	0.3250000
NODE_265_length_4474_cov_14.441829	1522	1575	6	13	53	0.2452830
NODE_265_length_4474_cov_14.441829	1522	1575	7	9	53	0.1698113
NODE_265_length_4474_cov_14.441829	1522	1575	8	31	53	0.5849057
NODE_265_length_4474_cov_14.441829	1548	1623	4	23	75	0.3066667
NODE_265_length_4474_cov_14.441829	1548	1623	6	18	75	0.2400000
NODE_265_length_4474_cov_14.441829	1548	1623	8	18	75	0.2400000
NODE_265_length_4474_cov_14.441829	1548	1623	9	5	75	0.0666667
NODE_265_length_4474_cov_14.441829	1548	1623	10	11	75	0.1466667
NODE_265_length_4474_cov_14.441829	3068	3121	2	53	53	1.0000000
NODE_268_length_4463_cov_7.023144	119	168	0	45	49	0.9183673
NODE_268_length_4463_cov_7.023144	119	168	2	4	49	0.0816327
NODE_270_length_4453_cov_16.820395	3383	3463	17	5	80	0.0625000
NODE_270_length_4453_cov_16.820395	3383	3463	18	3	80	0.0375000
NODE_270_length_4453_cov_16.820395	3383	3463	19	25	80	0.3125000
NODE_270_length_4453_cov_16.820395	3383	3463	21	5	80	0.0625000
NODE_270_length_4453_cov_16.820395	3383	3463	23	3	80	0.0375000
NODE_270_length_4453_cov_16.820395	3383	3463	24	3	80	0.0375000
NODE_270_length_4453_cov_16.820395	3383	3463	25	36	80	0.4500000
NODE_270_length_4453_cov_16.820395	3436	3496	5	3	60	0.0500000
NODE_270_length_4453_cov_16.820395	3436	3496	7	8	60	0.1333333
NODE_270_length_4453_cov_16.820395	3436	3496	9	6	60	0.1000000
NODE_270_length_4453_cov_16.820395	3436	3496	11	15	60	0.2500000
NODE_270_length_4453_cov_16.820395	3436	3496	19	10	60	0.1666667
NODE_270_length_4453_cov_16.820395	3436	3496	24	3	60	0.0500000
NODE_270_length_4453_cov_16.820395	3436	3496	25	15	60	0.2500000
NODE_272_length_4436_cov_31.114595	2807	2871	2	6	64	0.0937500
NODE_272_length_4436_cov_31.114595	2807	2871	4	8	64	0.1250000
NODE_272_length_4436_cov_31.114595	2807	2871	6	14	64	0.2187500
NODE_272_length_4436_cov_31.114595	2807	2871	8	36	64	0.5625000
NODE_272_length_4436_cov_31.114595	2846	2906	0	1	60	0.0166667
NODE_272_length_4436_cov_31.114595	2846	2906	1	33	60	0.5500000
NODE_272_length_4436_cov_31.114595	2846	2906	2	7	60	0.1166667
NODE_272_length_4436_cov_31.114595	2846	2906	4	8	60	0.1333333
NODE_272_length_4436_cov_31.114595	2846	2906	6	11	60	0.1833333
NODE_272_length_4436_cov_31.114595	2846	2898	1	26	52	0.5000000
NODE_272_length_4436_cov_31.114595	2846	2898	2	7	52	0.1346154
NODE_272_length_4436_cov_31.114595	2846	2898	4	8	52	0.1538462
NODE_272_length_4436_cov_31.114595	2846	2898	6	11	52	0.2115385
NODE_278_length_4391_cov_7.711323	66	141	2	36	75	0.4800000
NODE_278_length_4391_cov_7.711323	66	141	5	1	75	0.0133333
NODE_278_length_4391_cov_7.711323	66	141	6	14	75	0.1866667
NODE_278_length_4391_cov_7.711323	66	141	8	24	75	0.3200000
NODE_278_length_4391_cov_7.711323	119	155	0	8	36	0.2222222
NODE_278_length_4391_cov_7.711323	119	155	2	28	36	0.7777778
NODE_279_length_4385_cov_6.067662	1556	1606	0	5	50	0.1000000
NODE_279_length_4385_cov_6.067662	1556	1606	2	45	50	0.9000000
NODE_286_length_4331_cov_37.938800	1898	1978	14	2	80	0.0250000
NODE_286_length_4331_cov_37.938800	1898	1978	18	4	80	0.0500000
NODE_286_length_4331_cov_37.938800	1898	1978	20	1	80	0.0125000
NODE_286_length_4331_cov_37.938800	1898	1978	21	8	80	0.1000000
NODE_286_length_4331_cov_37.938800	1898	1978	22	1	80	0.0125000
NODE_286_length_4331_cov_37.938800	1898	1978	23	50	80	0.6250000
NODE_286_length_4331_cov_37.938800	1898	1978	24	14	80	0.1750000
NODE_286_length_4331_cov_37.938800	1951	2031	16	8	80	0.1000000
NODE_286_length_4331_cov_37.938800	1951	2031	18	32	80	0.4000000
NODE_286_length_4331_cov_37.938800	1951	2031	20	5	80	0.0625000
NODE_286_length_4331_cov_37.938800	1951	2031	21	5	80	0.0625000
NODE_286_length_4331_cov_37.938800	1951	2031	22	9	80	0.1125000
NODE_286_length_4331_cov_37.938800	1951	2031	23	21	80	0.2625000
NODE_286_length_4331_cov_37.938800	2027	2107	19	6	80	0.0750000
NODE_286_length_4331_cov_37.938800	2027	2107	20	12	80	0.1500000
NODE_286_length_4331_cov_37.938800	2027	2107	22	16	80	0.2000000
NODE_286_length_4331_cov_37.938800	2027	2107	23	9	80	0.1125000
NODE_286_length_4331_cov_37.938800	2027	2107	25	3	80	0.0375000
NODE_286_length_4331_cov_37.938800	2027	2107	26	3	80	0.0375000
NODE_286_length_4331_cov_37.938800	2027	2107	27	2	80	0.0250000
NODE_286_length_4331_cov_37.938800	2027	2107	28	4	80	0.0500000
NODE_286_length_4331_cov_37.938800	2027	2107	29	10	80	0.1250000
NODE_286_length_4331_cov_37.938800	2027	2107	33	1	80	0.0125000
NODE_286_length_4331_cov_37.938800	2027	2107	34	4	80	0.0500000
NODE_286_length_4331_cov_37.938800	2027	2107	35	7	80	0.0875000
NODE_286_length_4331_cov_37.938800	2027	2107	40	3	80	0.0375000
NODE_286_length_4331_cov_37.938800	2080	2160	26	3	80	0.0375000
NODE_286_length_4331_cov_37.938800	2080	2160	27	2	80	0.0250000
NODE_286_length_4331_cov_37.938800	2080	2160	28	4	80	0.0500000
NODE_286_length_4331_cov_37.938800	2080	2160	29	3	80	0.0375000
NODE_286_length_4331_cov_37.938800	2080	2160	33	1	80	0.0125000
NODE_286_length_4331_cov_37.938800	2080	2160	34	12	80	0.1500000
NODE_286_length_4331_cov_37.938800	2080	2160	35	7	80	0.0875000
NODE_286_length_4331_cov_37.938800	2080	2160	37	19	80	0.2375000
NODE_286_length_4331_cov_37.938800	2080	2160	39	6	80	0.0750000
NODE_286_length_4331_cov_37.938800	2080	2160	40	10	80	0.1250000
NODE_286_length_4331_cov_37.938800	2080	2160	43	8	80	0.1000000
NODE_286_length_4331_cov_37.938800	2080	2160	44	1	80	0.0125000
NODE_286_length_4331_cov_37.938800	2080	2160	47	4	80	0.0500000
NODE_289_length_4320_cov_7.680881	442	522	0	20	80	0.2500000
NODE_289_length_4320_cov_7.680881	442	522	2	3	80	0.0375000
NODE_289_length_4320_cov_7.680881	442	522	3	3	80	0.0375000
NODE_289_length_4320_cov_7.680881	442	522	5	7	80	0.0875000
NODE_289_length_4320_cov_7.680881	442	522	6	47	80	0.5875000
NODE_289_length_4320_cov_7.680881	495	575	4	46	80	0.5750000
NODE_289_length_4320_cov_7.680881	495	575	6	34	80	0.4250000
NODE_289_length_4320_cov_7.680881	571	651	0	26	80	0.3250000
NODE_289_length_4320_cov_7.680881	571	651	1	11	80	0.1375000
NODE_289_length_4320_cov_7.680881	571	651	2	38	80	0.4750000
NODE_289_length_4320_cov_7.680881	571	651	4	5	80	0.0625000
NODE_289_length_4320_cov_7.680881	624	704	0	79	80	0.9875000
NODE_289_length_4320_cov_7.680881	624	704	1	1	80	0.0125000
NODE_290_length_4314_cov_5.311507	1436	1516	0	80	80	1.0000000
NODE_290_length_4314_cov_5.311507	1489	1569	0	80	80	1.0000000
NODE_290_length_4314_cov_5.311507	3331	3400	4	69	69	1.0000000
NODE_290_length_4314_cov_5.311507	3420	3482	2	9	62	0.1451613
NODE_290_length_4314_cov_5.311507	3420	3482	4	6	62	0.0967742
NODE_290_length_4314_cov_5.311507	3420	3482	5	1	62	0.0161290
NODE_290_length_4314_cov_5.311507	3420	3482	6	10	62	0.1612903
NODE_290_length_4314_cov_5.311507	3420	3482	8	36	62	0.5806451
NODE_292_length_4311_cov_8.733381	92	171	10	3	79	0.0379747
NODE_292_length_4311_cov_8.733381	92	171	14	76	79	0.9620253
NODE_292_length_4311_cov_8.733381	1925	2005	0	43	80	0.5375000
NODE_292_length_4311_cov_8.733381	1925	2005	2	19	80	0.2375000
NODE_292_length_4311_cov_8.733381	1925	2005	4	18	80	0.2250000
NODE_292_length_4311_cov_8.733381	1978	2058	2	9	80	0.1125000
NODE_292_length_4311_cov_8.733381	1978	2058	4	71	80	0.8875000
NODE_294_length_4293_cov_3.809251	244	326	2	1	82	0.0121951
NODE_294_length_4293_cov_3.809251	244	326	4	17	82	0.2073171
NODE_294_length_4293_cov_3.809251	244	326	6	64	82	0.7804878
NODE_294_length_4293_cov_3.809251	301	394	0	20	93	0.2150538
NODE_294_length_4293_cov_3.809251	301	394	2	10	93	0.1075269
NODE_294_length_4293_cov_3.809251	301	394	4	25	93	0.2688172
NODE_294_length_4293_cov_3.809251	301	394	6	38	93	0.4086021
NODE_295_length_4284_cov_15.940263	3726	3806	2	2	80	0.0250000
NODE_295_length_4284_cov_15.940263	3726	3806	3	10	80	0.1250000
NODE_295_length_4284_cov_15.940263	3726	3806	4	13	80	0.1625000
NODE_295_length_4284_cov_15.940263	3726	3806	5	3	80	0.0375000
NODE_295_length_4284_cov_15.940263	3726	3806	6	52	80	0.6500000
NODE_295_length_4284_cov_15.940263	3779	3858	2	43	79	0.5443038
NODE_295_length_4284_cov_15.940263	3779	3858	3	21	79	0.2658228
NODE_295_length_4284_cov_15.940263	3779	3858	4	12	79	0.1518987
NODE_295_length_4284_cov_15.940263	3779	3858	5	3	79	0.0379747
NODE_299_length_4277_cov_5.451173	3818	3898	0	80	80	1.0000000
NODE_299_length_4277_cov_5.451173	3927	3995	0	68	68	1.0000000
NODE_299_length_4277_cov_5.451173	3968	4048	0	80	80	1.0000000
NODE_300_length_4274_cov_18.943234	591	671	5	17	80	0.2125000
NODE_300_length_4274_cov_18.943234	591	671	6	2	80	0.0250000
NODE_300_length_4274_cov_18.943234	591	671	24	5	80	0.0625000
NODE_300_length_4274_cov_18.943234	591	671	26	13	80	0.1625000
NODE_300_length_4274_cov_18.943234	591	671	28	8	80	0.1000000
NODE_300_length_4274_cov_18.943234	591	671	32	35	80	0.4375000
NODE_300_length_4274_cov_18.943234	644	724	23	7	80	0.0875000
NODE_300_length_4274_cov_18.943234	644	724	28	14	80	0.1750000
NODE_300_length_4274_cov_18.943234	644	724	30	12	80	0.1500000
NODE_300_length_4274_cov_18.943234	644	724	32	47	80	0.5875000
NODE_301_length_4274_cov_16.160958	416	496	0	80	80	1.0000000
NODE_301_length_4274_cov_16.160958	1034	1114	0	80	80	1.0000000
NODE_301_length_4274_cov_16.160958	1087	1167	0	80	80	1.0000000
NODE_301_length_4274_cov_16.160958	1163	1243	0	80	80	1.0000000
NODE_301_length_4274_cov_16.160958	1216	1296	0	80	80	1.0000000
NODE_301_length_4274_cov_16.160958	3411	3491	0	30	80	0.3750000
NODE_301_length_4274_cov_16.160958	3411	3491	2	50	80	0.6250000
NODE_302_length_4270_cov_14.045792	3835	3915	102	2	80	0.0250000
NODE_302_length_4270_cov_14.045792	3835	3915	104	3	80	0.0375000
NODE_302_length_4270_cov_14.045792	3835	3915	109	1	80	0.0125000
NODE_302_length_4270_cov_14.045792	3835	3915	111	1	80	0.0125000
NODE_302_length_4270_cov_14.045792	3835	3915	115	1	80	0.0125000
NODE_302_length_4270_cov_14.045792	3835	3915	119	1	80	0.0125000
NODE_302_length_4270_cov_14.045792	3835	3915	123	3	80	0.0375000
NODE_302_length_4270_cov_14.045792	3835	3915	124	3	80	0.0375000
NODE_302_length_4270_cov_14.045792	3835	3915	125	2	80	0.0250000
NODE_302_length_4270_cov_14.045792	3835	3915	126	2	80	0.0250000
NODE_302_length_4270_cov_14.045792	3835	3915	127	1	80	0.0125000
NODE_302_length_4270_cov_14.045792	3835	3915	128	2	80	0.0250000
NODE_302_length_4270_cov_14.045792	3835	3915	129	4	80	0.0500000
NODE_302_length_4270_cov_14.045792	3835	3915	130	2	80	0.0250000
NODE_302_length_4270_cov_14.045792	3835	3915	132	3	80	0.0375000
NODE_302_length_4270_cov_14.045792	3835	3915	133	2	80	0.0250000
NODE_302_length_4270_cov_14.045792	3835	3915	134	1	80	0.0125000
NODE_302_length_4270_cov_14.045792	3835	3915	135	15	80	0.1875000
NODE_302_length_4270_cov_14.045792	3835	3915	137	2	80	0.0250000
NODE_302_length_4270_cov_14.045792	3835	3915	138	1	80	0.0125000
NODE_302_length_4270_cov_14.045792	3835	3915	139	3	80	0.0375000
NODE_302_length_4270_cov_14.045792	3835	3915	140	4	80	0.0500000
NODE_302_length_4270_cov_14.045792	3835	3915	141	6	80	0.0750000
NODE_302_length_4270_cov_14.045792	3835	3915	142	7	80	0.0875000
NODE_302_length_4270_cov_14.045792	3835	3915	144	3	80	0.0375000
NODE_302_length_4270_cov_14.045792	3835	3915	145	5	80	0.0625000
NODE_302_length_4270_cov_14.045792	3888	3968	48	1	80	0.0125000
NODE_302_length_4270_cov_14.045792	3888	3968	49	9	80	0.1125000
NODE_302_length_4270_cov_14.045792	3888	3968	53	2	80	0.0250000
NODE_302_length_4270_cov_14.045792	3888	3968	57	1	80	0.0125000
NODE_302_length_4270_cov_14.045792	3888	3968	61	2	80	0.0250000
NODE_302_length_4270_cov_14.045792	3888	3968	62	5	80	0.0625000
NODE_302_length_4270_cov_14.045792	3888	3968	64	2	80	0.0250000
NODE_302_length_4270_cov_14.045792	3888	3968	68	1	80	0.0125000
NODE_302_length_4270_cov_14.045792	3888	3968	70	5	80	0.0625000
NODE_302_length_4270_cov_14.045792	3888	3968	72	2	80	0.0250000
NODE_302_length_4270_cov_14.045792	3888	3968	74	1	80	0.0125000
NODE_302_length_4270_cov_14.045792	3888	3968	78	2	80	0.0250000
NODE_302_length_4270_cov_14.045792	3888	3968	82	3	80	0.0375000
NODE_302_length_4270_cov_14.045792	3888	3968	88	2	80	0.0250000
NODE_302_length_4270_cov_14.045792	3888	3968	93	3	80	0.0375000
NODE_302_length_4270_cov_14.045792	3888	3968	94	2	80	0.0250000
NODE_302_length_4270_cov_14.045792	3888	3968	98	1	80	0.0125000
NODE_302_length_4270_cov_14.045792	3888	3968	104	1	80	0.0125000
NODE_302_length_4270_cov_14.045792	3888	3968	107	2	80	0.0250000
NODE_302_length_4270_cov_14.045792	3888	3968	109	3	80	0.0375000
NODE_302_length_4270_cov_14.045792	3888	3968	111	1	80	0.0125000
NODE_302_length_4270_cov_14.045792	3888	3968	118	1	80	0.0125000
NODE_302_length_4270_cov_14.045792	3888	3968	121	1	80	0.0125000
NODE_302_length_4270_cov_14.045792	3888	3968	123	3	80	0.0375000
NODE_302_length_4270_cov_14.045792	3888	3968	124	1	80	0.0125000
NODE_302_length_4270_cov_14.045792	3888	3968	125	2	80	0.0250000
NODE_302_length_4270_cov_14.045792	3888	3968	126	1	80	0.0125000
NODE_302_length_4270_cov_14.045792	3888	3968	128	2	80	0.0250000
NODE_302_length_4270_cov_14.045792	3888	3968	130	2	80	0.0250000
NODE_302_length_4270_cov_14.045792	3888	3968	132	3	80	0.0375000
NODE_302_length_4270_cov_14.045792	3888	3968	134	1	80	0.0125000
NODE_302_length_4270_cov_14.045792	3888	3968	137	2	80	0.0250000
NODE_302_length_4270_cov_14.045792	3888	3968	138	1	80	0.0125000
NODE_302_length_4270_cov_14.045792	3888	3968	139	3	80	0.0375000
NODE_302_length_4270_cov_14.045792	3888	3968	140	4	80	0.0500000
NODE_302_length_4270_cov_14.045792	3888	3968	141	2	80	0.0250000
NODE_303_length_4260_cov_24.780822	244	311	46	6	67	0.0895522
NODE_303_length_4260_cov_24.780822	244	311	47	4	67	0.0597015
NODE_303_length_4260_cov_24.780822	244	311	48	2	67	0.0298507
NODE_303_length_4260_cov_24.780822	244	311	51	1	67	0.0149254
NODE_303_length_4260_cov_24.780822	244	311	55	19	67	0.2835821
NODE_303_length_4260_cov_24.780822	244	311	57	3	67	0.0447761
NODE_303_length_4260_cov_24.780822	244	311	59	1	67	0.0149254
NODE_303_length_4260_cov_24.780822	244	311	63	2	67	0.0298507
NODE_303_length_4260_cov_24.780822	244	311	65	3	67	0.0447761
NODE_303_length_4260_cov_24.780822	244	311	69	16	67	0.2388060
NODE_303_length_4260_cov_24.780822	244	311	71	10	67	0.1492537
NODE_303_length_4260_cov_24.780822	244	311	46	6	67	0.0895522
NODE_303_length_4260_cov_24.780822	244	311	47	4	67	0.0597015
NODE_303_length_4260_cov_24.780822	244	311	48	2	67	0.0298507
NODE_303_length_4260_cov_24.780822	244	311	51	1	67	0.0149254
NODE_303_length_4260_cov_24.780822	244	311	55	19	67	0.2835821
NODE_303_length_4260_cov_24.780822	244	311	57	3	67	0.0447761
NODE_303_length_4260_cov_24.780822	244	311	59	1	67	0.0149254
NODE_303_length_4260_cov_24.780822	244	311	63	2	67	0.0298507
NODE_303_length_4260_cov_24.780822	244	311	65	3	67	0.0447761
NODE_303_length_4260_cov_24.780822	244	311	69	16	67	0.2388060
NODE_303_length_4260_cov_24.780822	244	311	71	10	67	0.1492537
NODE_303_length_4260_cov_24.780822	263	311	46	6	48	0.1250000
NODE_303_length_4260_cov_24.780822	263	311	47	4	48	0.0833333
NODE_303_length_4260_cov_24.780822	263	311	48	2	48	0.0416667
NODE_303_length_4260_cov_24.780822	263	311	55	3	48	0.0625000
NODE_303_length_4260_cov_24.780822	263	311	57	1	48	0.0208333
NODE_303_length_4260_cov_24.780822	263	311	59	1	48	0.0208333
NODE_303_length_4260_cov_24.780822	263	311	63	2	48	0.0416667
NODE_303_length_4260_cov_24.780822	263	311	65	3	48	0.0625000
NODE_303_length_4260_cov_24.780822	263	311	69	16	48	0.3333333
NODE_303_length_4260_cov_24.780822	263	311	71	10	48	0.2083333
NODE_303_length_4260_cov_24.780822	1605	1633	2	3	28	0.1071429
NODE_303_length_4260_cov_24.780822	1605	1633	4	25	28	0.8928571
NODE_303_length_4260_cov_24.780822	1660	1699	4	23	39	0.5897436
NODE_303_length_4260_cov_24.780822	1660	1699	6	16	39	0.4102564
NODE_310_length_4207_cov_6.923564	3664	3722	7	12	58	0.2068966
NODE_310_length_4207_cov_6.923564	3664	3722	8	20	58	0.3448276
NODE_310_length_4207_cov_6.923564	3664	3722	9	11	58	0.1896552
NODE_310_length_4207_cov_6.923564	3664	3722	10	13	58	0.2241379
NODE_310_length_4207_cov_6.923564	3664	3722	11	2	58	0.0344828
NODE_310_length_4207_cov_6.923564	3695	3775	4	2	80	0.0250000
NODE_310_length_4207_cov_6.923564	3695	3775	8	39	80	0.4875000
NODE_310_length_4207_cov_6.923564	3695	3775	9	4	80	0.0500000
NODE_310_length_4207_cov_6.923564	3695	3775	10	30	80	0.3750000
NODE_310_length_4207_cov_6.923564	3695	3775	11	5	80	0.0625000
NODE_311_length_4205_cov_6.121042	592	632	2	1	40	0.0250000
NODE_311_length_4205_cov_6.121042	592	632	9	39	40	0.9750000
NODE_311_length_4205_cov_6.121042	605	685	8	14	80	0.1750000
NODE_311_length_4205_cov_6.121042	605	685	9	33	80	0.4125000
NODE_311_length_4205_cov_6.121042	605	685	10	33	80	0.4125000
NODE_311_length_4205_cov_6.121042	681	745	0	14	64	0.2187500
NODE_311_length_4205_cov_6.121042	681	745	8	50	64	0.7812500
NODE_312_length_4196_cov_4.170857	340	420	4	5	80	0.0625000
NODE_312_length_4196_cov_4.170857	340	420	6	49	80	0.6125000
NODE_312_length_4196_cov_4.170857	340	420	8	26	80	0.3250000
NODE_312_length_4196_cov_4.170857	393	473	4	48	80	0.6000000
NODE_312_length_4196_cov_4.170857	393	473	6	32	80	0.4000000
NODE_316_length_4179_cov_6.655882	1	65	0	1	64	0.0156250
NODE_316_length_4179_cov_6.655882	1	65	2	5	64	0.0781250
NODE_316_length_4179_cov_6.655882	1	65	5	40	64	0.6250000
NODE_316_length_4179_cov_6.655882	1	65	6	18	64	0.2812500
NODE_316_length_4179_cov_6.655882	1087	1140	0	53	53	1.0000000
NODE_316_length_4179_cov_6.655882	1818	1898	0	80	80	1.0000000
NODE_319_length_4150_cov_10.600099	2827	2849	30	1	22	0.0454545
NODE_319_length_4150_cov_10.600099	2827	2849	34	21	22	0.9545454
NODE_319_length_4150_cov_10.600099	2973	3053	0	11	80	0.1375000
NODE_319_length_4150_cov_10.600099	2973	3053	1	2	80	0.0250000
NODE_319_length_4150_cov_10.600099	2973	3053	2	2	80	0.0250000
NODE_319_length_4150_cov_10.600099	2973	3053	4	13	80	0.1625000
NODE_319_length_4150_cov_10.600099	2973	3053	6	28	80	0.3500000
NODE_319_length_4150_cov_10.600099	2973	3053	8	1	80	0.0125000
NODE_319_length_4150_cov_10.600099	2973	3053	12	23	80	0.2875000
NODE_319_length_4150_cov_10.600099	3026	3106	6	3	80	0.0375000
NODE_319_length_4150_cov_10.600099	3026	3106	8	1	80	0.0125000
NODE_319_length_4150_cov_10.600099	3026	3106	10	23	80	0.2875000
NODE_319_length_4150_cov_10.600099	3026	3106	12	53	80	0.6625000
NODE_324_length_4119_cov_27.984328	2818	2898	56	6	80	0.0750000
NODE_324_length_4119_cov_27.984328	2818	2898	60	2	80	0.0250000
NODE_324_length_4119_cov_27.984328	2818	2898	62	6	80	0.0750000
NODE_324_length_4119_cov_27.984328	2818	2898	64	11	80	0.1375000
NODE_324_length_4119_cov_27.984328	2818	2898	66	2	80	0.0250000
NODE_324_length_4119_cov_27.984328	2818	2898	70	8	80	0.1000000
NODE_324_length_4119_cov_27.984328	2818	2898	71	5	80	0.0625000
NODE_324_length_4119_cov_27.984328	2818	2898	72	23	80	0.2875000
NODE_324_length_4119_cov_27.984328	2818	2898	74	10	80	0.1250000
NODE_324_length_4119_cov_27.984328	2818	2898	75	1	80	0.0125000
NODE_324_length_4119_cov_27.984328	2818	2898	76	6	80	0.0750000
NODE_325_length_4108_cov_14.755550	378	422	4	4	44	0.0909091
NODE_325_length_4108_cov_14.755550	378	422	8	34	44	0.7727273
NODE_325_length_4108_cov_14.755550	378	422	9	6	44	0.1363636
NODE_325_length_4108_cov_14.755550	3537	3617	4	5	80	0.0625000
NODE_325_length_4108_cov_14.755550	3537	3617	6	12	80	0.1500000
NODE_325_length_4108_cov_14.755550	3537	3617	8	2	80	0.0250000
NODE_325_length_4108_cov_14.755550	3537	3617	10	15	80	0.1875000
NODE_325_length_4108_cov_14.755550	3537	3617	16	45	80	0.5625000
NODE_325_length_4108_cov_14.755550	3537	3617	18	1	80	0.0125000
NODE_325_length_4108_cov_14.755550	3590	3670	2	3	80	0.0375000
NODE_325_length_4108_cov_14.755550	3590	3670	10	20	80	0.2500000
NODE_325_length_4108_cov_14.755550	3590	3670	14	19	80	0.2375000
NODE_325_length_4108_cov_14.755550	3590	3670	16	38	80	0.4750000
NODE_326_length_4107_cov_1.855539	207	287	0	80	80	1.0000000
NODE_328_length_4096_cov_31.197648	379	459	14	2	80	0.0250000
NODE_328_length_4096_cov_31.197648	379	459	16	17	80	0.2125000
NODE_328_length_4096_cov_31.197648	379	459	18	2	80	0.0250000
NODE_328_length_4096_cov_31.197648	379	459	25	2	80	0.0250000
NODE_328_length_4096_cov_31.197648	379	459	26	4	80	0.0500000
NODE_328_length_4096_cov_31.197648	379	459	28	5	80	0.0625000
NODE_328_length_4096_cov_31.197648	379	459	30	28	80	0.3500000
NODE_328_length_4096_cov_31.197648	379	459	32	4	80	0.0500000
NODE_328_length_4096_cov_31.197648	379	459	33	3	80	0.0375000
NODE_328_length_4096_cov_31.197648	379	459	34	13	80	0.1625000
NODE_328_length_4096_cov_31.197648	432	512	20	17	80	0.2125000
NODE_328_length_4096_cov_31.197648	432	512	24	8	80	0.1000000
NODE_328_length_4096_cov_31.197648	432	512	28	7	80	0.0875000
NODE_328_length_4096_cov_31.197648	432	512	30	11	80	0.1375000
NODE_328_length_4096_cov_31.197648	432	512	32	15	80	0.1875000
NODE_328_length_4096_cov_31.197648	432	512	33	9	80	0.1125000
NODE_328_length_4096_cov_31.197648	432	512	34	13	80	0.1625000
NODE_328_length_4096_cov_31.197648	3305	3385	0	43	80	0.5375000
NODE_328_length_4096_cov_31.197648	3305	3385	2	37	80	0.4625000
NODE_328_length_4096_cov_31.197648	3358	3438	0	80	80	1.0000000
NODE_329_length_4081_cov_20.248870	3673	3753	5	6	80	0.0750000
NODE_329_length_4081_cov_20.248870	3673	3753	6	65	80	0.8125000
NODE_329_length_4081_cov_20.248870	3673	3753	7	9	80	0.1125000
NODE_329_length_4081_cov_20.248870	3726	3806	2	32	80	0.4000000
NODE_329_length_4081_cov_20.248870	3726	3806	4	10	80	0.1250000
NODE_329_length_4081_cov_20.248870	3726	3806	6	38	80	0.4750000
NODE_330_length_4076_cov_15.138044	1062	1142	10	29	80	0.3625000
NODE_330_length_4076_cov_15.138044	1062	1142	12	51	80	0.6375000
NODE_330_length_4076_cov_15.138044	1115	1195	8	46	80	0.5750000
NODE_330_length_4076_cov_15.138044	1115	1195	10	2	80	0.0250000
NODE_330_length_4076_cov_15.138044	1115	1195	11	2	80	0.0250000
NODE_330_length_4076_cov_15.138044	1115	1195	12	30	80	0.3750000
NODE_331_length_4069_cov_14.261209	3871	3936	0	5	65	0.0769231
NODE_331_length_4069_cov_14.261209	3871	3936	2	60	65	0.9230769
NODE_333_length_4050_cov_31.044039	1703	1783	18	13	80	0.1625000
NODE_333_length_4050_cov_31.044039	1703	1783	20	2	80	0.0250000
NODE_333_length_4050_cov_31.044039	1703	1783	22	8	80	0.1000000
NODE_333_length_4050_cov_31.044039	1703	1783	24	3	80	0.0375000
NODE_333_length_4050_cov_31.044039	1703	1783	25	4	80	0.0500000
NODE_333_length_4050_cov_31.044039	1703	1783	26	21	80	0.2625000
NODE_333_length_4050_cov_31.044039	1703	1783	28	15	80	0.1875000
NODE_333_length_4050_cov_31.044039	1703	1783	29	1	80	0.0125000
NODE_333_length_4050_cov_31.044039	1703	1783	30	7	80	0.0875000
NODE_333_length_4050_cov_31.044039	1703	1783	31	4	80	0.0500000
NODE_333_length_4050_cov_31.044039	1703	1783	37	2	80	0.0250000
NODE_335_length_4021_cov_34.619072	379	459	0	2	80	0.0250000
NODE_335_length_4021_cov_34.619072	379	459	2	43	80	0.5375000
NODE_335_length_4021_cov_34.619072	379	459	4	35	80	0.4375000
NODE_335_length_4021_cov_34.619072	432	512	2	7	80	0.0875000
NODE_335_length_4021_cov_34.619072	432	512	4	73	80	0.9125000
NODE_336_length_4020_cov_5.130834	3455	3535	0	80	80	1.0000000
NODE_336_length_4020_cov_5.130834	3508	3588	0	80	80	1.0000000
NODE_339_length_4004_cov_9.718054	387	467	8	3	80	0.0375000
NODE_339_length_4004_cov_9.718054	387	467	16	1	80	0.0125000
NODE_339_length_4004_cov_9.718054	387	467	17	36	80	0.4500000
NODE_339_length_4004_cov_9.718054	387	467	18	10	80	0.1250000
NODE_339_length_4004_cov_9.718054	387	467	22	30	80	0.3750000
NODE_339_length_4004_cov_9.718054	440	520	6	27	80	0.3375000
NODE_339_length_4004_cov_9.718054	440	520	14	1	80	0.0125000
NODE_339_length_4004_cov_9.718054	440	520	22	52	80	0.6500000
NODE_339_length_4004_cov_9.718054	516	596	6	6	80	0.0750000
NODE_339_length_4004_cov_9.718054	516	596	12	18	80	0.2250000
NODE_339_length_4004_cov_9.718054	516	596	13	43	80	0.5375000
NODE_339_length_4004_cov_9.718054	516	596	14	1	80	0.0125000
NODE_339_length_4004_cov_9.718054	516	596	17	5	80	0.0625000
NODE_339_length_4004_cov_9.718054	516	596	18	7	80	0.0875000
NODE_339_length_4004_cov_9.718054	569	649	12	18	80	0.2250000
NODE_339_length_4004_cov_9.718054	569	649	13	15	80	0.1875000
NODE_339_length_4004_cov_9.718054	569	649	14	47	80	0.5875000
NODE_341_length_3991_cov_18.617934	867	947	18	8	80	0.1000000
NODE_341_length_3991_cov_18.617934	867	947	21	25	80	0.3125000
NODE_341_length_3991_cov_18.617934	867	947	22	47	80	0.5875000
NODE_341_length_3991_cov_18.617934	920	1000	4	4	80	0.0500000
NODE_341_length_3991_cov_18.617934	920	1000	13	14	80	0.1750000
NODE_341_length_3991_cov_18.617934	920	1000	21	17	80	0.2125000
NODE_341_length_3991_cov_18.617934	920	1000	22	45	80	0.5625000
NODE_341_length_3991_cov_18.617934	996	1076	0	74	80	0.9250000
NODE_341_length_3991_cov_18.617934	996	1076	4	6	80	0.0750000
NODE_341_length_3991_cov_18.617934	1049	1124	0	75	75	1.0000000
NODE_348_length_3973_cov_6.906298	17	65	0	11	48	0.2291667
NODE_348_length_3973_cov_6.906298	17	65	2	37	48	0.7708333
NODE_348_length_3973_cov_6.906298	1945	1995	22	3	50	0.0600000
NODE_348_length_3973_cov_6.906298	1945	1995	24	3	50	0.0600000
NODE_348_length_3973_cov_6.906298	1945	1995	33	10	50	0.2000000
NODE_348_length_3973_cov_6.906298	1945	1995	34	15	50	0.3000000
NODE_348_length_3973_cov_6.906298	1945	1995	35	8	50	0.1600000
NODE_348_length_3973_cov_6.906298	1945	1995	36	11	50	0.2200000
NODE_350_length_3960_cov_6.246827	2673	2761	0	83	88	0.9431818
NODE_350_length_3960_cov_6.246827	2673	2761	4	5	88	0.0568182
NODE_350_length_3960_cov_6.246827	3520	3600	0	60	80	0.7500000
NODE_350_length_3960_cov_6.246827	3520	3600	2	20	80	0.2500000
NODE_350_length_3960_cov_6.246827	3573	3653	0	80	80	1.0000000
NODE_353_length_3952_cov_8.805346	826	906	6	16	80	0.2000000
NODE_353_length_3952_cov_8.805346	826	906	9	44	80	0.5500000
NODE_353_length_3952_cov_8.805346	826	906	11	20	80	0.2500000
NODE_353_length_3952_cov_8.805346	879	959	2	16	80	0.2000000
NODE_353_length_3952_cov_8.805346	879	959	4	3	80	0.0375000
NODE_353_length_3952_cov_8.805346	879	959	8	3	80	0.0375000
NODE_353_length_3952_cov_8.805346	879	959	9	7	80	0.0875000
NODE_353_length_3952_cov_8.805346	879	959	11	45	80	0.5625000
NODE_353_length_3952_cov_8.805346	879	959	13	6	80	0.0750000
NODE_354_length_3928_cov_5.936798	2440	2521	3	1	81	0.0123457
NODE_354_length_3928_cov_5.936798	2440	2521	5	80	81	0.9876543
NODE_354_length_3928_cov_5.936798	2493	2574	0	21	81	0.2592593
NODE_354_length_3928_cov_5.936798	2493	2574	3	17	81	0.2098765
NODE_354_length_3928_cov_5.936798	2493	2574	5	43	81	0.5308642
NODE_356_length_3923_cov_14.807793	3759	3800	0	41	41	1.0000000
NODE_358_length_3922_cov_7.609731	1493	1573	20	20	80	0.2500000
NODE_358_length_3922_cov_7.609731	1493	1573	24	6	80	0.0750000
NODE_358_length_3922_cov_7.609731	1493	1573	25	7	80	0.0875000
NODE_358_length_3922_cov_7.609731	1493	1573	27	7	80	0.0875000
NODE_358_length_3922_cov_7.609731	1493	1573	28	5	80	0.0625000
NODE_358_length_3922_cov_7.609731	1493	1573	29	21	80	0.2625000
NODE_358_length_3922_cov_7.609731	1493	1573	30	5	80	0.0625000
NODE_358_length_3922_cov_7.609731	1493	1573	31	9	80	0.1125000
NODE_358_length_3922_cov_7.609731	1546	1600	20	2	54	0.0370370
NODE_358_length_3922_cov_7.609731	1546	1600	21	3	54	0.0555556
NODE_358_length_3922_cov_7.609731	1546	1600	22	1	54	0.0185185
NODE_358_length_3922_cov_7.609731	1546	1600	23	6	54	0.1111111
NODE_358_length_3922_cov_7.609731	1546	1600	27	1	54	0.0185185
NODE_358_length_3922_cov_7.609731	1546	1600	28	5	54	0.0925926
NODE_358_length_3922_cov_7.609731	1546	1600	29	23	54	0.4259259
NODE_358_length_3922_cov_7.609731	1546	1600	30	4	54	0.0740741
NODE_358_length_3922_cov_7.609731	1546	1600	31	9	54	0.1666667
NODE_359_length_3921_cov_9.943223	2936	3016	134	1	80	0.0125000
NODE_359_length_3921_cov_9.943223	2936	3016	135	1	80	0.0125000
NODE_359_length_3921_cov_9.943223	2936	3016	140	1	80	0.0125000
NODE_359_length_3921_cov_9.943223	2936	3016	141	2	80	0.0250000
NODE_359_length_3921_cov_9.943223	2936	3016	143	2	80	0.0250000
NODE_359_length_3921_cov_9.943223	2936	3016	145	5	80	0.0625000
NODE_359_length_3921_cov_9.943223	2936	3016	148	1	80	0.0125000
NODE_359_length_3921_cov_9.943223	2936	3016	149	2	80	0.0250000
NODE_359_length_3921_cov_9.943223	2936	3016	150	2	80	0.0250000
NODE_359_length_3921_cov_9.943223	2936	3016	152	1	80	0.0125000
NODE_359_length_3921_cov_9.943223	2936	3016	153	7	80	0.0875000
NODE_359_length_3921_cov_9.943223	2936	3016	154	7	80	0.0875000
NODE_359_length_3921_cov_9.943223	2936	3016	156	4	80	0.0500000
NODE_359_length_3921_cov_9.943223	2936	3016	158	2	80	0.0250000
NODE_359_length_3921_cov_9.943223	2936	3016	159	3	80	0.0375000
NODE_359_length_3921_cov_9.943223	2936	3016	160	6	80	0.0750000
NODE_359_length_3921_cov_9.943223	2936	3016	161	7	80	0.0875000
NODE_359_length_3921_cov_9.943223	2936	3016	162	6	80	0.0750000
NODE_359_length_3921_cov_9.943223	2936	3016	164	12	80	0.1500000
NODE_359_length_3921_cov_9.943223	2936	3016	165	1	80	0.0125000
NODE_359_length_3921_cov_9.943223	2936	3016	166	5	80	0.0625000
NODE_359_length_3921_cov_9.943223	2936	3016	168	2	80	0.0250000
NODE_359_length_3921_cov_9.943223	2989	3057	46	1	68	0.0147059
NODE_359_length_3921_cov_9.943223	2989	3057	48	2	68	0.0294118
NODE_359_length_3921_cov_9.943223	2989	3057	50	5	68	0.0735294
NODE_359_length_3921_cov_9.943223	2989	3057	53	1	68	0.0147059
NODE_359_length_3921_cov_9.943223	2989	3057	55	1	68	0.0147059
NODE_359_length_3921_cov_9.943223	2989	3057	57	2	68	0.0294118
NODE_359_length_3921_cov_9.943223	2989	3057	59	1	68	0.0147059
NODE_359_length_3921_cov_9.943223	2989	3057	61	1	68	0.0147059
NODE_359_length_3921_cov_9.943223	2989	3057	69	1	68	0.0147059
NODE_359_length_3921_cov_9.943223	2989	3057	79	1	68	0.0147059
NODE_359_length_3921_cov_9.943223	2989	3057	85	1	68	0.0147059
NODE_359_length_3921_cov_9.943223	2989	3057	88	1	68	0.0147059
NODE_359_length_3921_cov_9.943223	2989	3057	89	2	68	0.0294118
NODE_359_length_3921_cov_9.943223	2989	3057	91	3	68	0.0441176
NODE_359_length_3921_cov_9.943223	2989	3057	95	1	68	0.0147059
NODE_359_length_3921_cov_9.943223	2989	3057	97	1	68	0.0147059
NODE_359_length_3921_cov_9.943223	2989	3057	98	1	68	0.0147059
NODE_359_length_3921_cov_9.943223	2989	3057	107	1	68	0.0147059
NODE_359_length_3921_cov_9.943223	2989	3057	110	1	68	0.0147059
NODE_359_length_3921_cov_9.943223	2989	3057	112	2	68	0.0294118
NODE_359_length_3921_cov_9.943223	2989	3057	114	2	68	0.0294118
NODE_359_length_3921_cov_9.943223	2989	3057	119	1	68	0.0147059
NODE_359_length_3921_cov_9.943223	2989	3057	121	2	68	0.0294118
NODE_359_length_3921_cov_9.943223	2989	3057	125	2	68	0.0294118
NODE_359_length_3921_cov_9.943223	2989	3057	129	1	68	0.0147059
NODE_359_length_3921_cov_9.943223	2989	3057	130	2	68	0.0294118
NODE_359_length_3921_cov_9.943223	2989	3057	131	1	68	0.0147059
NODE_359_length_3921_cov_9.943223	2989	3057	134	1	68	0.0147059
NODE_359_length_3921_cov_9.943223	2989	3057	135	1	68	0.0147059
NODE_359_length_3921_cov_9.943223	2989	3057	140	1	68	0.0147059
NODE_359_length_3921_cov_9.943223	2989	3057	141	2	68	0.0294118
NODE_359_length_3921_cov_9.943223	2989	3057	143	2	68	0.0294118
NODE_359_length_3921_cov_9.943223	2989	3057	145	5	68	0.0735294
NODE_359_length_3921_cov_9.943223	2989	3057	149	2	68	0.0294118
NODE_359_length_3921_cov_9.943223	2989	3057	153	7	68	0.1029412
NODE_359_length_3921_cov_9.943223	2989	3057	154	6	68	0.0882353
NODE_359_length_3921_cov_9.943223	3047	3066	31	1	19	0.0526316
NODE_359_length_3921_cov_9.943223	3047	3066	35	1	19	0.0526316
NODE_359_length_3921_cov_9.943223	3047	3066	39	1	19	0.0526316
NODE_359_length_3921_cov_9.943223	3047	3066	41	2	19	0.1052632
NODE_359_length_3921_cov_9.943223	3047	3066	46	5	19	0.2631579
NODE_359_length_3921_cov_9.943223	3047	3066	48	2	19	0.1052632
NODE_359_length_3921_cov_9.943223	3047	3066	50	5	19	0.2631579
NODE_359_length_3921_cov_9.943223	3047	3066	53	1	19	0.0526316
NODE_359_length_3921_cov_9.943223	3047	3066	55	1	19	0.0526316
NODE_363_length_3898_cov_40.033167	3296	3370	22	1	74	0.0135135
NODE_363_length_3898_cov_40.033167	3296	3370	26	11	74	0.1486486
NODE_363_length_3898_cov_40.033167	3296	3370	32	11	74	0.1486486
NODE_363_length_3898_cov_40.033167	3296	3370	44	1	74	0.0135135
NODE_363_length_3898_cov_40.033167	3296	3370	46	5	74	0.0675676
NODE_363_length_3898_cov_40.033167	3296	3370	48	36	74	0.4864865
NODE_363_length_3898_cov_40.033167	3296	3370	50	9	74	0.1216216
NODE_363_length_3898_cov_40.033167	3539	3619	0	51	80	0.6375000
NODE_363_length_3898_cov_40.033167	3539	3619	4	29	80	0.3625000
NODE_364_length_3898_cov_7.550145	668	748	3	3	80	0.0375000
NODE_364_length_3898_cov_7.550145	668	748	4	8	80	0.1000000
NODE_364_length_3898_cov_7.550145	668	748	10	1	80	0.0125000
NODE_364_length_3898_cov_7.550145	668	748	12	35	80	0.4375000
NODE_364_length_3898_cov_7.550145	668	748	16	1	80	0.0125000
NODE_364_length_3898_cov_7.550145	668	748	18	32	80	0.4000000
NODE_364_length_3898_cov_7.550145	721	801	16	33	80	0.4125000
NODE_364_length_3898_cov_7.550145	721	801	18	38	80	0.4750000
NODE_364_length_3898_cov_7.550145	721	801	20	4	80	0.0500000
NODE_364_length_3898_cov_7.550145	721	801	24	2	80	0.0250000
NODE_364_length_3898_cov_7.550145	721	801	26	1	80	0.0125000
NODE_364_length_3898_cov_7.550145	721	801	28	2	80	0.0250000
NODE_367_length_3882_cov_4.166006	3244	3324	6	1	80	0.0125000
NODE_367_length_3882_cov_4.166006	3244	3324	8	4	80	0.0500000
NODE_367_length_3882_cov_4.166006	3244	3324	10	38	80	0.4750000
NODE_367_length_3882_cov_4.166006	3244	3324	12	2	80	0.0250000
NODE_367_length_3882_cov_4.166006	3244	3324	14	11	80	0.1375000
NODE_367_length_3882_cov_4.166006	3244	3324	16	24	80	0.3000000
NODE_367_length_3882_cov_4.166006	3282	3324	10	5	42	0.1190476
NODE_367_length_3882_cov_4.166006	3282	3324	12	2	42	0.0476190
NODE_367_length_3882_cov_4.166006	3282	3324	14	11	42	0.2619048
NODE_367_length_3882_cov_4.166006	3282	3324	16	24	42	0.5714286
NODE_367_length_3882_cov_4.166006	3297	3377	8	32	80	0.4000000
NODE_367_length_3882_cov_4.166006	3297	3377	10	26	80	0.3250000
NODE_367_length_3882_cov_4.166006	3297	3377	16	22	80	0.2750000
NODE_367_length_3882_cov_4.166006	3297	3377	8	32	80	0.4000000
NODE_367_length_3882_cov_4.166006	3297	3377	10	26	80	0.3250000
NODE_367_length_3882_cov_4.166006	3297	3377	16	22	80	0.2750000
NODE_367_length_3882_cov_4.166006	3373	3450	4	7	77	0.0909091
NODE_367_length_3882_cov_4.166006	3373	3450	6	10	77	0.1298701
NODE_367_length_3882_cov_4.166006	3373	3450	7	2	77	0.0259740
NODE_367_length_3882_cov_4.166006	3373	3450	8	22	77	0.2857143
NODE_367_length_3882_cov_4.166006	3373	3450	9	16	77	0.2077922
NODE_367_length_3882_cov_4.166006	3373	3450	10	20	77	0.2597403
NODE_374_length_3853_cov_18.816196	524	579	4	3	55	0.0545455
NODE_374_length_3853_cov_18.816196	524	579	8	34	55	0.6181818
NODE_374_length_3853_cov_18.816196	524	579	10	18	55	0.3272727
NODE_374_length_3853_cov_18.816196	559	639	6	58	80	0.7250000
NODE_374_length_3853_cov_18.816196	559	639	8	2	80	0.0250000
NODE_374_length_3853_cov_18.816196	559	639	10	20	80	0.2500000
NODE_379_length_3829_cov_12.697319	515	595	2	15	80	0.1875000
NODE_379_length_3829_cov_12.697319	515	595	14	32	80	0.4000000
NODE_379_length_3829_cov_12.697319	515	595	15	5	80	0.0625000
NODE_379_length_3829_cov_12.697319	515	595	19	16	80	0.2000000
NODE_379_length_3829_cov_12.697319	515	595	20	3	80	0.0375000
NODE_379_length_3829_cov_12.697319	515	595	21	9	80	0.1125000
NODE_379_length_3829_cov_12.697319	568	648	6	5	80	0.0625000
NODE_379_length_3829_cov_12.697319	568	648	13	12	80	0.1500000
NODE_379_length_3829_cov_12.697319	568	648	15	24	80	0.3000000
NODE_379_length_3829_cov_12.697319	568	648	17	1	80	0.0125000
NODE_379_length_3829_cov_12.697319	568	648	18	2	80	0.0250000
NODE_379_length_3829_cov_12.697319	568	648	19	15	80	0.1875000
NODE_379_length_3829_cov_12.697319	568	648	20	12	80	0.1500000
NODE_379_length_3829_cov_12.697319	568	648	21	9	80	0.1125000
NODE_379_length_3829_cov_12.697319	644	724	0	19	80	0.2375000
NODE_379_length_3829_cov_12.697319	644	724	4	3	80	0.0375000
NODE_379_length_3829_cov_12.697319	644	724	6	58	80	0.7250000
NODE_379_length_3829_cov_12.697319	697	777	0	72	80	0.9000000
NODE_379_length_3829_cov_12.697319	697	777	4	3	80	0.0375000
NODE_379_length_3829_cov_12.697319	697	777	6	5	80	0.0625000
NODE_381_length_3815_cov_17.218784	399	479	8	8	80	0.1000000
NODE_381_length_3815_cov_17.218784	399	479	12	5	80	0.0625000
NODE_381_length_3815_cov_17.218784	399	479	14	65	80	0.8125000
NODE_381_length_3815_cov_17.218784	399	479	18	2	80	0.0250000
NODE_381_length_3815_cov_17.218784	452	532	4	12	80	0.1500000
NODE_381_length_3815_cov_17.218784	452	532	5	2	80	0.0250000
NODE_381_length_3815_cov_17.218784	452	532	7	12	80	0.1500000
NODE_381_length_3815_cov_17.218784	452	532	8	35	80	0.4375000
NODE_381_length_3815_cov_17.218784	452	532	14	17	80	0.2125000
NODE_381_length_3815_cov_17.218784	452	532	18	2	80	0.0250000
NODE_383_length_3812_cov_65.007272	840	903	4	4	63	0.0634921
NODE_383_length_3812_cov_65.007272	840	903	6	1	63	0.0158730
NODE_383_length_3812_cov_65.007272	840	903	8	3	63	0.0476190
NODE_383_length_3812_cov_65.007272	840	903	11	4	63	0.0634921
NODE_383_length_3812_cov_65.007272	840	903	12	5	63	0.0793651
NODE_383_length_3812_cov_65.007272	840	903	13	2	63	0.0317460
NODE_383_length_3812_cov_65.007272	840	903	15	1	63	0.0158730
NODE_383_length_3812_cov_65.007272	840	903	16	10	63	0.1587302
NODE_383_length_3812_cov_65.007272	840	903	18	1	63	0.0158730
NODE_383_length_3812_cov_65.007272	840	903	19	2	63	0.0317460
NODE_383_length_3812_cov_65.007272	840	903	21	1	63	0.0158730
NODE_383_length_3812_cov_65.007272	840	903	23	9	63	0.1428571
NODE_383_length_3812_cov_65.007272	840	903	27	18	63	0.2857143
NODE_383_length_3812_cov_65.007272	840	903	29	2	63	0.0317460
NODE_384_length_3805_cov_9.533189	145	236	0	91	91	1.0000000
NODE_384_length_3805_cov_9.533189	209	279	0	70	70	1.0000000
NODE_386_length_3799_cov_10.046486	2944	3024	4	52	80	0.6500000
NODE_386_length_3799_cov_10.046486	2944	3024	6	28	80	0.3500000
NODE_386_length_3799_cov_10.046486	2997	3077	2	41	80	0.5125000
NODE_386_length_3799_cov_10.046486	2997	3077	4	10	80	0.1250000
NODE_386_length_3799_cov_10.046486	2997	3077	6	29	80	0.3625000
NODE_388_length_3795_cov_13.724297	3350	3430	6	29	80	0.3625000
NODE_388_length_3795_cov_13.724297	3350	3430	8	40	80	0.5000000
NODE_388_length_3795_cov_13.724297	3350	3430	10	11	80	0.1375000
NODE_388_length_3795_cov_13.724297	3403	3483	0	8	80	0.1000000
NODE_388_length_3795_cov_13.724297	3403	3483	2	9	80	0.1125000
NODE_388_length_3795_cov_13.724297	3403	3483	4	21	80	0.2625000
NODE_388_length_3795_cov_13.724297	3403	3483	6	42	80	0.5250000
NODE_388_length_3795_cov_13.724297	3479	3562	2	41	83	0.4939759
NODE_388_length_3795_cov_13.724297	3479	3562	4	8	83	0.0963855
NODE_388_length_3795_cov_13.724297	3479	3562	8	9	83	0.1084337
NODE_388_length_3795_cov_13.724297	3479	3562	10	25	83	0.3012048
NODE_388_length_3795_cov_13.724297	3479	3562	2	41	83	0.4939759
NODE_388_length_3795_cov_13.724297	3479	3562	4	8	83	0.0963855
NODE_388_length_3795_cov_13.724297	3479	3562	8	9	83	0.1084337
NODE_388_length_3795_cov_13.724297	3479	3562	10	25	83	0.3012048
NODE_388_length_3795_cov_13.724297	3479	3552	2	41	73	0.5616438
NODE_388_length_3795_cov_13.724297	3479	3552	4	8	73	0.1095890
NODE_388_length_3795_cov_13.724297	3479	3552	8	9	73	0.1232877
NODE_388_length_3795_cov_13.724297	3479	3552	10	15	73	0.2054795
NODE_388_length_3795_cov_13.724297	3535	3586	8	2	51	0.0392157
NODE_388_length_3795_cov_13.724297	3535	3586	10	49	51	0.9607843
NODE_388_length_3795_cov_13.724297	3535	3584	8	2	49	0.0408163
NODE_388_length_3795_cov_13.724297	3535	3584	10	47	49	0.9591837
NODE_388_length_3795_cov_13.724297	3698	3721	24	23	23	1.0000000
NODE_394_length_3774_cov_7.720544	538	595	0	57	57	1.0000000
NODE_404_length_3747_cov_3.328947	2230	2292	0	62	62	1.0000000
NODE_406_length_3743_cov_38.767014	1354	1434	25	2	80	0.0250000
NODE_406_length_3743_cov_38.767014	1354	1434	29	3	80	0.0375000
NODE_406_length_3743_cov_38.767014	1354	1434	33	1	80	0.0125000
NODE_406_length_3743_cov_38.767014	1354	1434	35	7	80	0.0875000
NODE_406_length_3743_cov_38.767014	1354	1434	41	3	80	0.0375000
NODE_406_length_3743_cov_38.767014	1354	1434	44	2	80	0.0250000
NODE_406_length_3743_cov_38.767014	1354	1434	45	1	80	0.0125000
NODE_406_length_3743_cov_38.767014	1354	1434	47	2	80	0.0250000
NODE_406_length_3743_cov_38.767014	1354	1434	49	3	80	0.0375000
NODE_406_length_3743_cov_38.767014	1354	1434	53	20	80	0.2500000
NODE_406_length_3743_cov_38.767014	1354	1434	54	2	80	0.0250000
NODE_406_length_3743_cov_38.767014	1354	1434	55	7	80	0.0875000
NODE_406_length_3743_cov_38.767014	1354	1434	56	11	80	0.1375000
NODE_406_length_3743_cov_38.767014	1354	1434	58	16	80	0.2000000
NODE_406_length_3743_cov_38.767014	1407	1487	11	6	80	0.0750000
NODE_406_length_3743_cov_38.767014	1407	1487	15	6	80	0.0750000
NODE_406_length_3743_cov_38.767014	1407	1487	17	4	80	0.0500000
NODE_406_length_3743_cov_38.767014	1407	1487	21	3	80	0.0375000
NODE_406_length_3743_cov_38.767014	1407	1487	30	1	80	0.0125000
NODE_406_length_3743_cov_38.767014	1407	1487	31	2	80	0.0250000
NODE_406_length_3743_cov_38.767014	1407	1487	33	4	80	0.0500000
NODE_406_length_3743_cov_38.767014	1407	1487	35	1	80	0.0125000
NODE_406_length_3743_cov_38.767014	1407	1487	39	3	80	0.0375000
NODE_406_length_3743_cov_38.767014	1407	1487	43	1	80	0.0125000
NODE_406_length_3743_cov_38.767014	1407	1487	44	5	80	0.0625000
NODE_406_length_3743_cov_38.767014	1407	1487	45	6	80	0.0750000
NODE_406_length_3743_cov_38.767014	1407	1487	49	4	80	0.0500000
NODE_406_length_3743_cov_38.767014	1407	1487	51	1	80	0.0125000
NODE_406_length_3743_cov_38.767014	1407	1487	53	21	80	0.2625000
NODE_406_length_3743_cov_38.767014	1407	1487	54	2	80	0.0250000
NODE_406_length_3743_cov_38.767014	1407	1487	56	5	80	0.0625000
NODE_406_length_3743_cov_38.767014	1407	1487	58	5	80	0.0625000
NODE_408_length_3733_cov_16.204458	186	249	0	54	63	0.8571429
NODE_408_length_3733_cov_16.204458	186	249	9	2	63	0.0317460
NODE_408_length_3733_cov_16.204458	186	249	10	4	63	0.0634921
NODE_408_length_3733_cov_16.204458	186	249	11	3	63	0.0476190
NODE_413_length_3707_cov_56.575665	2387	2467	12	1	80	0.0125000
NODE_413_length_3707_cov_56.575665	2387	2467	13	10	80	0.1250000
NODE_413_length_3707_cov_56.575665	2387	2467	15	7	80	0.0875000
NODE_413_length_3707_cov_56.575665	2387	2467	16	3	80	0.0375000
NODE_413_length_3707_cov_56.575665	2387	2467	18	41	80	0.5125000
NODE_413_length_3707_cov_56.575665	2387	2467	20	18	80	0.2250000
NODE_413_length_3707_cov_56.575665	2440	2520	8	12	80	0.1500000
NODE_413_length_3707_cov_56.575665	2440	2520	10	4	80	0.0500000
NODE_413_length_3707_cov_56.575665	2440	2520	11	17	80	0.2125000
NODE_413_length_3707_cov_56.575665	2440	2520	12	3	80	0.0375000
NODE_413_length_3707_cov_56.575665	2440	2520	13	10	80	0.1250000
NODE_413_length_3707_cov_56.575665	2440	2520	14	2	80	0.0250000
NODE_413_length_3707_cov_56.575665	2440	2520	15	7	80	0.0875000
NODE_413_length_3707_cov_56.575665	2440	2520	16	4	80	0.0500000
NODE_413_length_3707_cov_56.575665	2440	2520	18	19	80	0.2375000
NODE_413_length_3707_cov_56.575665	2440	2520	20	2	80	0.0250000
NODE_413_length_3707_cov_56.575665	2516	2596	14	2	80	0.0250000
NODE_413_length_3707_cov_56.575665	2516	2596	16	1	80	0.0125000
NODE_413_length_3707_cov_56.575665	2516	2596	18	18	80	0.2250000
NODE_413_length_3707_cov_56.575665	2516	2596	20	47	80	0.5875000
NODE_413_length_3707_cov_56.575665	2516	2596	22	12	80	0.1500000
NODE_413_length_3707_cov_56.575665	2569	2649	8	7	80	0.0875000
NODE_413_length_3707_cov_56.575665	2569	2649	10	19	80	0.2375000
NODE_413_length_3707_cov_56.575665	2569	2649	12	2	80	0.0250000
NODE_413_length_3707_cov_56.575665	2569	2649	14	1	80	0.0125000
NODE_413_length_3707_cov_56.575665	2569	2649	16	13	80	0.1625000
NODE_413_length_3707_cov_56.575665	2569	2649	18	19	80	0.2375000
NODE_413_length_3707_cov_56.575665	2569	2649	20	19	80	0.2375000
NODE_416_length_3690_cov_7.476190	723	792	6	47	69	0.6811594
NODE_416_length_3690_cov_7.476190	723	792	7	1	69	0.0144928
NODE_416_length_3690_cov_7.476190	723	792	8	4	69	0.0579710
NODE_416_length_3690_cov_7.476190	723	792	10	17	69	0.2463768
NODE_416_length_3690_cov_7.476190	776	855	4	51	79	0.6455696
NODE_416_length_3690_cov_7.476190	776	855	6	3	79	0.0379747
NODE_416_length_3690_cov_7.476190	776	855	10	25	79	0.3164557
NODE_419_length_3685_cov_7.011154	1966	2046	70	2	80	0.0250000
NODE_419_length_3685_cov_7.011154	1966	2046	74	1	80	0.0125000
NODE_419_length_3685_cov_7.011154	1966	2046	75	1	80	0.0125000
NODE_419_length_3685_cov_7.011154	1966	2046	79	2	80	0.0250000
NODE_419_length_3685_cov_7.011154	1966	2046	83	4	80	0.0500000
NODE_419_length_3685_cov_7.011154	1966	2046	90	13	80	0.1625000
NODE_419_length_3685_cov_7.011154	1966	2046	91	7	80	0.0875000
NODE_419_length_3685_cov_7.011154	1966	2046	95	7	80	0.0875000
NODE_419_length_3685_cov_7.011154	1966	2046	96	7	80	0.0875000
NODE_419_length_3685_cov_7.011154	1966	2046	97	4	80	0.0500000
NODE_419_length_3685_cov_7.011154	1966	2046	98	3	80	0.0375000
NODE_419_length_3685_cov_7.011154	1966	2046	99	7	80	0.0875000
NODE_419_length_3685_cov_7.011154	1966	2046	100	4	80	0.0500000
NODE_419_length_3685_cov_7.011154	1966	2046	101	7	80	0.0875000
NODE_419_length_3685_cov_7.011154	1966	2046	102	11	80	0.1375000
NODE_419_length_3685_cov_7.011154	2019	2086	41	1	67	0.0149254
NODE_419_length_3685_cov_7.011154	2019	2086	45	1	67	0.0149254
NODE_419_length_3685_cov_7.011154	2019	2086	55	4	67	0.0597015
NODE_419_length_3685_cov_7.011154	2019	2086	57	1	67	0.0149254
NODE_419_length_3685_cov_7.011154	2019	2086	59	1	67	0.0149254
NODE_419_length_3685_cov_7.011154	2019	2086	62	1	67	0.0149254
NODE_419_length_3685_cov_7.011154	2019	2086	66	1	67	0.0149254
NODE_419_length_3685_cov_7.011154	2019	2086	68	2	67	0.0298507
NODE_419_length_3685_cov_7.011154	2019	2086	70	1	67	0.0149254
NODE_419_length_3685_cov_7.011154	2019	2086	72	4	67	0.0597015
NODE_419_length_3685_cov_7.011154	2019	2086	75	1	67	0.0149254
NODE_419_length_3685_cov_7.011154	2019	2086	78	1	67	0.0149254
NODE_419_length_3685_cov_7.011154	2019	2086	82	3	67	0.0447761
NODE_419_length_3685_cov_7.011154	2019	2086	84	4	67	0.0597015
NODE_419_length_3685_cov_7.011154	2019	2086	85	2	67	0.0298507
NODE_419_length_3685_cov_7.011154	2019	2086	89	4	67	0.0597015
NODE_419_length_3685_cov_7.011154	2019	2086	91	5	67	0.0746269
NODE_419_length_3685_cov_7.011154	2019	2086	93	2	67	0.0298507
NODE_419_length_3685_cov_7.011154	2019	2086	95	5	67	0.0746269
NODE_419_length_3685_cov_7.011154	2019	2086	96	1	67	0.0149254
NODE_419_length_3685_cov_7.011154	2019	2086	97	4	67	0.0597015
NODE_419_length_3685_cov_7.011154	2019	2086	99	7	67	0.1044776
NODE_419_length_3685_cov_7.011154	2019	2086	100	2	67	0.0298507
NODE_419_length_3685_cov_7.011154	2019	2086	101	7	67	0.1044776
NODE_419_length_3685_cov_7.011154	2019	2086	102	2	67	0.0298507
NODE_426_length_3667_cov_1089.047365	1634	1705	780	1	71	0.0140845
NODE_426_length_3667_cov_1089.047365	1634	1705	787	1	71	0.0140845
NODE_426_length_3667_cov_1089.047365	1634	1705	795	1	71	0.0140845
NODE_426_length_3667_cov_1089.047365	1634	1705	809	1	71	0.0140845
NODE_426_length_3667_cov_1089.047365	1634	1705	812	1	71	0.0140845
NODE_426_length_3667_cov_1089.047365	1634	1705	816	1	71	0.0140845
NODE_426_length_3667_cov_1089.047365	1634	1705	824	1	71	0.0140845
NODE_426_length_3667_cov_1089.047365	1634	1705	828	1	71	0.0140845
NODE_426_length_3667_cov_1089.047365	1634	1705	852	1	71	0.0140845
NODE_426_length_3667_cov_1089.047365	1634	1705	872	1	71	0.0140845
NODE_426_length_3667_cov_1089.047365	1634	1705	880	1	71	0.0140845
NODE_426_length_3667_cov_1089.047365	1634	1705	881	1	71	0.0140845
NODE_426_length_3667_cov_1089.047365	1634	1705	889	1	71	0.0140845
NODE_426_length_3667_cov_1089.047365	1634	1705	895	1	71	0.0140845
NODE_426_length_3667_cov_1089.047365	1634	1705	904	1	71	0.0140845
NODE_426_length_3667_cov_1089.047365	1634	1705	913	1	71	0.0140845
NODE_426_length_3667_cov_1089.047365	1634	1705	923	1	71	0.0140845
NODE_426_length_3667_cov_1089.047365	1634	1705	943	1	71	0.0140845
NODE_426_length_3667_cov_1089.047365	1634	1705	945	1	71	0.0140845
NODE_426_length_3667_cov_1089.047365	1634	1705	953	1	71	0.0140845
NODE_426_length_3667_cov_1089.047365	1634	1705	958	2	71	0.0281690
NODE_426_length_3667_cov_1089.047365	1634	1705	966	1	71	0.0140845
NODE_426_length_3667_cov_1089.047365	1634	1705	979	1	71	0.0140845
NODE_426_length_3667_cov_1089.047365	1634	1705	980	1	71	0.0140845
NODE_426_length_3667_cov_1089.047365	1634	1705	981	1	71	0.0140845
NODE_426_length_3667_cov_1089.047365	1634	1705	999	1	71	0.0140845
NODE_426_length_3667_cov_1089.047365	1634	1705	1006	1	71	0.0140845
NODE_426_length_3667_cov_1089.047365	1634	1705	1026	1	71	0.0140845
NODE_426_length_3667_cov_1089.047365	1634	1705	1029	1	71	0.0140845
NODE_426_length_3667_cov_1089.047365	1634	1705	1043	1	71	0.0140845
NODE_426_length_3667_cov_1089.047365	1634	1705	1051	1	71	0.0140845
NODE_426_length_3667_cov_1089.047365	1634	1705	1075	1	71	0.0140845
NODE_426_length_3667_cov_1089.047365	1634	1705	1086	1	71	0.0140845
NODE_426_length_3667_cov_1089.047365	1634	1705	1104	1	71	0.0140845
NODE_426_length_3667_cov_1089.047365	1634	1705	1128	1	71	0.0140845
NODE_426_length_3667_cov_1089.047365	1634	1705	1158	1	71	0.0140845
NODE_426_length_3667_cov_1089.047365	1634	1705	1168	1	71	0.0140845
NODE_426_length_3667_cov_1089.047365	1634	1705	1172	1	71	0.0140845
NODE_426_length_3667_cov_1089.047365	1634	1705	1177	1	71	0.0140845
NODE_426_length_3667_cov_1089.047365	1634	1705	1179	1	71	0.0140845
NODE_426_length_3667_cov_1089.047365	1634	1705	1190	1	71	0.0140845
NODE_426_length_3667_cov_1089.047365	1634	1705	1199	1	71	0.0140845
NODE_426_length_3667_cov_1089.047365	1634	1705	1202	1	71	0.0140845
NODE_426_length_3667_cov_1089.047365	1634	1705	1207	1	71	0.0140845
NODE_426_length_3667_cov_1089.047365	1634	1705	1210	1	71	0.0140845
NODE_426_length_3667_cov_1089.047365	1634	1705	1214	1	71	0.0140845
NODE_426_length_3667_cov_1089.047365	1634	1705	1224	1	71	0.0140845
NODE_426_length_3667_cov_1089.047365	1634	1705	1241	1	71	0.0140845
NODE_426_length_3667_cov_1089.047365	1634	1705	1254	1	71	0.0140845
NODE_426_length_3667_cov_1089.047365	1634	1705	1274	1	71	0.0140845
NODE_426_length_3667_cov_1089.047365	1634	1705	1282	1	71	0.0140845
NODE_426_length_3667_cov_1089.047365	1634	1705	1304	2	71	0.0281690
NODE_426_length_3667_cov_1089.047365	1634	1705	1312	1	71	0.0140845
NODE_426_length_3667_cov_1089.047365	1634	1705	1313	1	71	0.0140845
NODE_426_length_3667_cov_1089.047365	1634	1705	1314	1	71	0.0140845
NODE_426_length_3667_cov_1089.047365	1634	1705	1316	1	71	0.0140845
NODE_426_length_3667_cov_1089.047365	1634	1705	1318	2	71	0.0281690
NODE_426_length_3667_cov_1089.047365	1634	1705	1319	1	71	0.0140845
NODE_426_length_3667_cov_1089.047365	1634	1705	1320	2	71	0.0281690
NODE_426_length_3667_cov_1089.047365	1634	1705	1321	1	71	0.0140845
NODE_426_length_3667_cov_1089.047365	1634	1705	1322	1	71	0.0140845
NODE_426_length_3667_cov_1089.047365	1634	1705	1323	1	71	0.0140845
NODE_426_length_3667_cov_1089.047365	1634	1705	1327	1	71	0.0140845
NODE_426_length_3667_cov_1089.047365	1634	1705	1329	1	71	0.0140845
NODE_426_length_3667_cov_1089.047365	1634	1705	1330	1	71	0.0140845
NODE_426_length_3667_cov_1089.047365	1634	1705	1336	1	71	0.0140845
NODE_426_length_3667_cov_1089.047365	1634	1705	1337	1	71	0.0140845
NODE_426_length_3667_cov_1089.047365	1678	1758	984	1	80	0.0125000
NODE_426_length_3667_cov_1089.047365	1678	1758	991	1	80	0.0125000
NODE_426_length_3667_cov_1089.047365	1678	1758	1003	1	80	0.0125000
NODE_426_length_3667_cov_1089.047365	1678	1758	1014	1	80	0.0125000
NODE_426_length_3667_cov_1089.047365	1678	1758	1038	1	80	0.0125000
NODE_426_length_3667_cov_1089.047365	1678	1758	1051	1	80	0.0125000
NODE_426_length_3667_cov_1089.047365	1678	1758	1080	1	80	0.0125000
NODE_426_length_3667_cov_1089.047365	1678	1758	1096	1	80	0.0125000
NODE_426_length_3667_cov_1089.047365	1678	1758	1108	1	80	0.0125000
NODE_426_length_3667_cov_1089.047365	1678	1758	1121	1	80	0.0125000
NODE_426_length_3667_cov_1089.047365	1678	1758	1133	1	80	0.0125000
NODE_426_length_3667_cov_1089.047365	1678	1758	1143	1	80	0.0125000
NODE_426_length_3667_cov_1089.047365	1678	1758	1152	1	80	0.0125000
NODE_426_length_3667_cov_1089.047365	1678	1758	1161	1	80	0.0125000
NODE_426_length_3667_cov_1089.047365	1678	1758	1170	2	80	0.0250000
NODE_426_length_3667_cov_1089.047365	1678	1758	1175	1	80	0.0125000
NODE_426_length_3667_cov_1089.047365	1678	1758	1190	1	80	0.0125000
NODE_426_length_3667_cov_1089.047365	1678	1758	1191	1	80	0.0125000
NODE_426_length_3667_cov_1089.047365	1678	1758	1198	1	80	0.0125000
NODE_426_length_3667_cov_1089.047365	1678	1758	1207	1	80	0.0125000
NODE_426_length_3667_cov_1089.047365	1678	1758	1209	1	80	0.0125000
NODE_426_length_3667_cov_1089.047365	1678	1758	1210	1	80	0.0125000
NODE_426_length_3667_cov_1089.047365	1678	1758	1214	1	80	0.0125000
NODE_426_length_3667_cov_1089.047365	1678	1758	1220	1	80	0.0125000
NODE_426_length_3667_cov_1089.047365	1678	1758	1222	1	80	0.0125000
NODE_426_length_3667_cov_1089.047365	1678	1758	1224	1	80	0.0125000
NODE_426_length_3667_cov_1089.047365	1678	1758	1241	1	80	0.0125000
NODE_426_length_3667_cov_1089.047365	1678	1758	1242	1	80	0.0125000
NODE_426_length_3667_cov_1089.047365	1678	1758	1243	1	80	0.0125000
NODE_426_length_3667_cov_1089.047365	1678	1758	1249	1	80	0.0125000
NODE_426_length_3667_cov_1089.047365	1678	1758	1254	1	80	0.0125000
NODE_426_length_3667_cov_1089.047365	1678	1758	1263	1	80	0.0125000
NODE_426_length_3667_cov_1089.047365	1678	1758	1274	1	80	0.0125000
NODE_426_length_3667_cov_1089.047365	1678	1758	1278	1	80	0.0125000
NODE_426_length_3667_cov_1089.047365	1678	1758	1280	1	80	0.0125000
NODE_426_length_3667_cov_1089.047365	1678	1758	1282	1	80	0.0125000
NODE_426_length_3667_cov_1089.047365	1678	1758	1285	1	80	0.0125000
NODE_426_length_3667_cov_1089.047365	1678	1758	1289	1	80	0.0125000
NODE_426_length_3667_cov_1089.047365	1678	1758	1290	1	80	0.0125000
NODE_426_length_3667_cov_1089.047365	1678	1758	1291	1	80	0.0125000
NODE_426_length_3667_cov_1089.047365	1678	1758	1297	2	80	0.0250000
NODE_426_length_3667_cov_1089.047365	1678	1758	1302	1	80	0.0125000
NODE_426_length_3667_cov_1089.047365	1678	1758	1304	3	80	0.0375000
NODE_426_length_3667_cov_1089.047365	1678	1758	1305	2	80	0.0250000
NODE_426_length_3667_cov_1089.047365	1678	1758	1308	2	80	0.0250000
NODE_426_length_3667_cov_1089.047365	1678	1758	1309	1	80	0.0125000
NODE_426_length_3667_cov_1089.047365	1678	1758	1310	1	80	0.0125000
NODE_426_length_3667_cov_1089.047365	1678	1758	1312	1	80	0.0125000
NODE_426_length_3667_cov_1089.047365	1678	1758	1313	2	80	0.0250000
NODE_426_length_3667_cov_1089.047365	1678	1758	1314	2	80	0.0250000
NODE_426_length_3667_cov_1089.047365	1678	1758	1315	1	80	0.0125000
NODE_426_length_3667_cov_1089.047365	1678	1758	1316	1	80	0.0125000
NODE_426_length_3667_cov_1089.047365	1678	1758	1318	2	80	0.0250000
NODE_426_length_3667_cov_1089.047365	1678	1758	1319	1	80	0.0125000
NODE_426_length_3667_cov_1089.047365	1678	1758	1320	2	80	0.0250000
NODE_426_length_3667_cov_1089.047365	1678	1758	1321	1	80	0.0125000
NODE_426_length_3667_cov_1089.047365	1678	1758	1322	1	80	0.0125000
NODE_426_length_3667_cov_1089.047365	1678	1758	1323	1	80	0.0125000
NODE_426_length_3667_cov_1089.047365	1678	1758	1326	1	80	0.0125000
NODE_426_length_3667_cov_1089.047365	1678	1758	1327	1	80	0.0125000
NODE_426_length_3667_cov_1089.047365	1678	1758	1329	1	80	0.0125000
NODE_426_length_3667_cov_1089.047365	1678	1758	1330	2	80	0.0250000
NODE_426_length_3667_cov_1089.047365	1678	1758	1332	1	80	0.0125000
NODE_426_length_3667_cov_1089.047365	1678	1758	1333	1	80	0.0125000
NODE_426_length_3667_cov_1089.047365	1678	1758	1334	1	80	0.0125000
NODE_426_length_3667_cov_1089.047365	1678	1758	1336	1	80	0.0125000
NODE_426_length_3667_cov_1089.047365	1678	1758	1337	1	80	0.0125000
NODE_426_length_3667_cov_1089.047365	1678	1758	1338	1	80	0.0125000
NODE_426_length_3667_cov_1089.047365	1678	1758	1343	1	80	0.0125000
NODE_428_length_3660_cov_79.447627	1806	1870	50	1	64	0.0156250
NODE_428_length_3660_cov_79.447627	1806	1870	52	1	64	0.0156250
NODE_428_length_3660_cov_79.447627	1806	1870	65	4	64	0.0625000
NODE_428_length_3660_cov_79.447627	1806	1870	68	2	64	0.0312500
NODE_428_length_3660_cov_79.447627	1806	1870	71	1	64	0.0156250
NODE_428_length_3660_cov_79.447627	1806	1870	72	1	64	0.0156250
NODE_428_length_3660_cov_79.447627	1806	1870	76	2	64	0.0312500
NODE_428_length_3660_cov_79.447627	1806	1870	78	2	64	0.0312500
NODE_428_length_3660_cov_79.447627	1806	1870	82	1	64	0.0156250
NODE_428_length_3660_cov_79.447627	1806	1870	86	3	64	0.0468750
NODE_428_length_3660_cov_79.447627	1806	1870	88	4	64	0.0625000
NODE_428_length_3660_cov_79.447627	1806	1870	94	1	64	0.0156250
NODE_428_length_3660_cov_79.447627	1806	1870	101	1	64	0.0156250
NODE_428_length_3660_cov_79.447627	1806	1870	104	1	64	0.0156250
NODE_428_length_3660_cov_79.447627	1806	1870	106	1	64	0.0156250
NODE_428_length_3660_cov_79.447627	1806	1870	108	1	64	0.0156250
NODE_428_length_3660_cov_79.447627	1806	1870	110	2	64	0.0312500
NODE_428_length_3660_cov_79.447627	1806	1870	114	3	64	0.0468750
NODE_428_length_3660_cov_79.447627	1806	1870	116	1	64	0.0156250
NODE_428_length_3660_cov_79.447627	1806	1870	120	5	64	0.0781250
NODE_428_length_3660_cov_79.447627	1806	1870	121	3	64	0.0468750
NODE_428_length_3660_cov_79.447627	1806	1870	122	1	64	0.0156250
NODE_428_length_3660_cov_79.447627	1806	1870	123	4	64	0.0625000
NODE_428_length_3660_cov_79.447627	1806	1870	125	7	64	0.1093750
NODE_428_length_3660_cov_79.447627	1806	1870	126	5	64	0.0781250
NODE_428_length_3660_cov_79.447627	1806	1870	129	2	64	0.0312500
NODE_428_length_3660_cov_79.447627	1806	1870	131	1	64	0.0156250
NODE_428_length_3660_cov_79.447627	1806	1870	133	1	64	0.0156250
NODE_428_length_3660_cov_79.447627	1806	1870	135	2	64	0.0312500
NODE_428_length_3660_cov_79.447627	1859	1906	123	1	47	0.0212766
NODE_428_length_3660_cov_79.447627	1859	1906	125	4	47	0.0851064
NODE_428_length_3660_cov_79.447627	1859	1906	129	2	47	0.0425532
NODE_428_length_3660_cov_79.447627	1859	1906	131	1	47	0.0212766
NODE_428_length_3660_cov_79.447627	1859	1906	133	2	47	0.0425532
NODE_428_length_3660_cov_79.447627	1859	1906	135	11	47	0.2340426
NODE_428_length_3660_cov_79.447627	1859	1906	137	9	47	0.1914894
NODE_428_length_3660_cov_79.447627	1859	1906	138	4	47	0.0851064
NODE_428_length_3660_cov_79.447627	1859	1906	139	7	47	0.1489362
NODE_428_length_3660_cov_79.447627	1859	1906	141	1	47	0.0212766
NODE_428_length_3660_cov_79.447627	1859	1906	144	4	47	0.0851064
NODE_428_length_3660_cov_79.447627	1859	1906	145	1	47	0.0212766
NODE_428_length_3660_cov_79.447627	2358	2438	0	26	80	0.3250000
NODE_428_length_3660_cov_79.447627	2358	2438	1	26	80	0.3250000
NODE_428_length_3660_cov_79.447627	2358	2438	3	28	80	0.3500000
NODE_428_length_3660_cov_79.447627	2411	2491	2	10	80	0.1250000
NODE_428_length_3660_cov_79.447627	2411	2491	3	32	80	0.4000000
NODE_428_length_3660_cov_79.447627	2411	2491	4	38	80	0.4750000
NODE_428_length_3660_cov_79.447627	2487	2567	2	6	80	0.0750000
NODE_428_length_3660_cov_79.447627	2487	2567	5	23	80	0.2875000
NODE_428_length_3660_cov_79.447627	2487	2567	7	33	80	0.4125000
NODE_428_length_3660_cov_79.447627	2487	2567	8	18	80	0.2250000
NODE_428_length_3660_cov_79.447627	2540	2620	6	27	80	0.3375000
NODE_428_length_3660_cov_79.447627	2540	2620	7	53	80	0.6625000
NODE_430_length_3634_cov_34.913154	1499	1544	37	1	45	0.0222222
NODE_430_length_3634_cov_34.913154	1499	1544	39	1	45	0.0222222
NODE_430_length_3634_cov_34.913154	1499	1544	45	1	45	0.0222222
NODE_430_length_3634_cov_34.913154	1499	1544	57	1	45	0.0222222
NODE_430_length_3634_cov_34.913154	1499	1544	59	4	45	0.0888889
NODE_430_length_3634_cov_34.913154	1499	1544	61	1	45	0.0222222
NODE_430_length_3634_cov_34.913154	1499	1544	63	1	45	0.0222222
NODE_430_length_3634_cov_34.913154	1499	1544	65	6	45	0.1333333
NODE_430_length_3634_cov_34.913154	1499	1544	67	1	45	0.0222222
NODE_430_length_3634_cov_34.913154	1499	1544	71	1	45	0.0222222
NODE_430_length_3634_cov_34.913154	1499	1544	75	2	45	0.0444444
NODE_430_length_3634_cov_34.913154	1499	1544	81	1	45	0.0222222
NODE_430_length_3634_cov_34.913154	1499	1544	86	1	45	0.0222222
NODE_430_length_3634_cov_34.913154	1499	1544	91	1	45	0.0222222
NODE_430_length_3634_cov_34.913154	1499	1544	93	1	45	0.0222222
NODE_430_length_3634_cov_34.913154	1499	1544	97	1	45	0.0222222
NODE_430_length_3634_cov_34.913154	1499	1544	99	1	45	0.0222222
NODE_430_length_3634_cov_34.913154	1499	1544	103	1	45	0.0222222
NODE_430_length_3634_cov_34.913154	1499	1544	108	3	45	0.0666667
NODE_430_length_3634_cov_34.913154	1499	1544	112	1	45	0.0222222
NODE_430_length_3634_cov_34.913154	1499	1544	116	1	45	0.0222222
NODE_430_length_3634_cov_34.913154	1499	1544	118	3	45	0.0666667
NODE_430_length_3634_cov_34.913154	1499	1544	119	2	45	0.0444444
NODE_430_length_3634_cov_34.913154	1499	1544	120	1	45	0.0222222
NODE_430_length_3634_cov_34.913154	1499	1544	122	1	45	0.0222222
NODE_430_length_3634_cov_34.913154	1499	1544	124	6	45	0.1333333
NODE_430_length_3634_cov_34.913154	1517	1597	75	2	80	0.0250000
NODE_430_length_3634_cov_34.913154	1517	1597	81	1	80	0.0125000
NODE_430_length_3634_cov_34.913154	1517	1597	86	1	80	0.0125000
NODE_430_length_3634_cov_34.913154	1517	1597	91	1	80	0.0125000
NODE_430_length_3634_cov_34.913154	1517	1597	93	1	80	0.0125000
NODE_430_length_3634_cov_34.913154	1517	1597	97	1	80	0.0125000
NODE_430_length_3634_cov_34.913154	1517	1597	99	1	80	0.0125000
NODE_430_length_3634_cov_34.913154	1517	1597	103	1	80	0.0125000
NODE_430_length_3634_cov_34.913154	1517	1597	108	3	80	0.0375000
NODE_430_length_3634_cov_34.913154	1517	1597	112	1	80	0.0125000
NODE_430_length_3634_cov_34.913154	1517	1597	116	1	80	0.0125000
NODE_430_length_3634_cov_34.913154	1517	1597	118	3	80	0.0375000
NODE_430_length_3634_cov_34.913154	1517	1597	119	2	80	0.0250000
NODE_430_length_3634_cov_34.913154	1517	1597	120	1	80	0.0125000
NODE_430_length_3634_cov_34.913154	1517	1597	122	1	80	0.0125000
NODE_430_length_3634_cov_34.913154	1517	1597	124	6	80	0.0750000
NODE_430_length_3634_cov_34.913154	1517	1597	125	6	80	0.0750000
NODE_430_length_3634_cov_34.913154	1517	1597	127	3	80	0.0375000
NODE_430_length_3634_cov_34.913154	1517	1597	131	4	80	0.0500000
NODE_430_length_3634_cov_34.913154	1517	1597	135	1	80	0.0125000
NODE_430_length_3634_cov_34.913154	1517	1597	136	1	80	0.0125000
NODE_430_length_3634_cov_34.913154	1517	1597	140	1	80	0.0125000
NODE_430_length_3634_cov_34.913154	1517	1597	142	5	80	0.0625000
NODE_430_length_3634_cov_34.913154	1517	1597	144	5	80	0.0625000
NODE_430_length_3634_cov_34.913154	1517	1597	146	4	80	0.0500000
NODE_430_length_3634_cov_34.913154	1517	1597	148	1	80	0.0125000
NODE_430_length_3634_cov_34.913154	1517	1597	152	2	80	0.0250000
NODE_430_length_3634_cov_34.913154	1517	1597	154	1	80	0.0125000
NODE_430_length_3634_cov_34.913154	1517	1597	160	7	80	0.0875000
NODE_430_length_3634_cov_34.913154	1517	1597	162	12	80	0.1500000
NODE_430_length_3634_cov_34.913154	1978	2058	66	1	80	0.0125000
NODE_430_length_3634_cov_34.913154	1978	2058	69	1	80	0.0125000
NODE_430_length_3634_cov_34.913154	1978	2058	71	1	80	0.0125000
NODE_430_length_3634_cov_34.913154	1978	2058	73	2	80	0.0250000
NODE_430_length_3634_cov_34.913154	1978	2058	77	1	80	0.0125000
NODE_430_length_3634_cov_34.913154	1978	2058	80	5	80	0.0625000
NODE_430_length_3634_cov_34.913154	1978	2058	82	1	80	0.0125000
NODE_430_length_3634_cov_34.913154	1978	2058	84	1	80	0.0125000
NODE_430_length_3634_cov_34.913154	1978	2058	88	5	80	0.0625000
NODE_430_length_3634_cov_34.913154	1978	2058	92	3	80	0.0375000
NODE_430_length_3634_cov_34.913154	1978	2058	100	2	80	0.0250000
NODE_430_length_3634_cov_34.913154	1978	2058	102	2	80	0.0250000
NODE_430_length_3634_cov_34.913154	1978	2058	104	3	80	0.0375000
NODE_430_length_3634_cov_34.913154	1978	2058	106	2	80	0.0250000
NODE_430_length_3634_cov_34.913154	1978	2058	108	1	80	0.0125000
NODE_430_length_3634_cov_34.913154	1978	2058	110	7	80	0.0875000
NODE_430_length_3634_cov_34.913154	1978	2058	111	1	80	0.0125000
NODE_430_length_3634_cov_34.913154	1978	2058	113	9	80	0.1125000
NODE_430_length_3634_cov_34.913154	1978	2058	114	2	80	0.0250000
NODE_430_length_3634_cov_34.913154	1978	2058	115	4	80	0.0500000
NODE_430_length_3634_cov_34.913154	1978	2058	119	2	80	0.0250000
NODE_430_length_3634_cov_34.913154	1978	2058	121	2	80	0.0250000
NODE_430_length_3634_cov_34.913154	1978	2058	122	1	80	0.0125000
NODE_430_length_3634_cov_34.913154	1978	2058	123	9	80	0.1125000
NODE_430_length_3634_cov_34.913154	1978	2058	125	2	80	0.0250000
NODE_430_length_3634_cov_34.913154	1978	2058	127	1	80	0.0125000
NODE_430_length_3634_cov_34.913154	1978	2058	129	1	80	0.0125000
NODE_430_length_3634_cov_34.913154	1978	2058	131	1	80	0.0125000
NODE_430_length_3634_cov_34.913154	1978	2058	137	6	80	0.0750000
NODE_430_length_3634_cov_34.913154	1978	2058	138	1	80	0.0125000
NODE_430_length_3634_cov_34.913154	2031	2077	27	2	46	0.0434783
NODE_430_length_3634_cov_34.913154	2031	2077	28	1	46	0.0217391
NODE_430_length_3634_cov_34.913154	2031	2077	36	1	46	0.0217391
NODE_430_length_3634_cov_34.913154	2031	2077	37	2	46	0.0434783
NODE_430_length_3634_cov_34.913154	2031	2077	39	1	46	0.0217391
NODE_430_length_3634_cov_34.913154	2031	2077	41	2	46	0.0434783
NODE_430_length_3634_cov_34.913154	2031	2077	43	1	46	0.0217391
NODE_430_length_3634_cov_34.913154	2031	2077	46	2	46	0.0434783
NODE_430_length_3634_cov_34.913154	2031	2077	51	1	46	0.0217391
NODE_430_length_3634_cov_34.913154	2031	2077	52	1	46	0.0217391
NODE_430_length_3634_cov_34.913154	2031	2077	56	3	46	0.0652174
NODE_430_length_3634_cov_34.913154	2031	2077	60	1	46	0.0217391
NODE_430_length_3634_cov_34.913154	2031	2077	62	1	46	0.0217391
NODE_430_length_3634_cov_34.913154	2031	2077	66	1	46	0.0217391
NODE_430_length_3634_cov_34.913154	2031	2077	69	1	46	0.0217391
NODE_430_length_3634_cov_34.913154	2031	2077	71	1	46	0.0217391
NODE_430_length_3634_cov_34.913154	2031	2077	73	2	46	0.0434783
NODE_430_length_3634_cov_34.913154	2031	2077	77	1	46	0.0217391
NODE_430_length_3634_cov_34.913154	2031	2077	80	5	46	0.1086956
NODE_430_length_3634_cov_34.913154	2031	2077	82	1	46	0.0217391
NODE_430_length_3634_cov_34.913154	2031	2077	84	1	46	0.0217391
NODE_430_length_3634_cov_34.913154	2031	2077	88	5	46	0.1086956
NODE_430_length_3634_cov_34.913154	2031	2077	92	3	46	0.0652174
NODE_430_length_3634_cov_34.913154	2031	2077	100	2	46	0.0434783
NODE_430_length_3634_cov_34.913154	2031	2077	102	2	46	0.0434783
NODE_430_length_3634_cov_34.913154	2031	2077	104	2	46	0.0434783
NODE_435_length_3622_cov_29.112120	201	281	0	80	80	1.0000000
NODE_435_length_3622_cov_29.112120	254	334	0	80	80	1.0000000
NODE_435_length_3622_cov_29.112120	2310	2390	166	1	80	0.0125000
NODE_435_length_3622_cov_29.112120	2310	2390	168	1	80	0.0125000
NODE_435_length_3622_cov_29.112120	2310	2390	171	1	80	0.0125000
NODE_435_length_3622_cov_29.112120	2310	2390	175	1	80	0.0125000
NODE_435_length_3622_cov_29.112120	2310	2390	178	1	80	0.0125000
NODE_435_length_3622_cov_29.112120	2310	2390	179	1	80	0.0125000
NODE_435_length_3622_cov_29.112120	2310	2390	180	4	80	0.0500000
NODE_435_length_3622_cov_29.112120	2310	2390	182	1	80	0.0125000
NODE_435_length_3622_cov_29.112120	2310	2390	184	1	80	0.0125000
NODE_435_length_3622_cov_29.112120	2310	2390	187	1	80	0.0125000
NODE_435_length_3622_cov_29.112120	2310	2390	189	1	80	0.0125000
NODE_435_length_3622_cov_29.112120	2310	2390	192	2	80	0.0250000
NODE_435_length_3622_cov_29.112120	2310	2390	193	2	80	0.0250000
NODE_435_length_3622_cov_29.112120	2310	2390	194	2	80	0.0250000
NODE_435_length_3622_cov_29.112120	2310	2390	195	1	80	0.0125000
NODE_435_length_3622_cov_29.112120	2310	2390	197	2	80	0.0250000
NODE_435_length_3622_cov_29.112120	2310	2390	200	1	80	0.0125000
NODE_435_length_3622_cov_29.112120	2310	2390	201	1	80	0.0125000
NODE_435_length_3622_cov_29.112120	2310	2390	203	4	80	0.0500000
NODE_435_length_3622_cov_29.112120	2310	2390	206	2	80	0.0250000
NODE_435_length_3622_cov_29.112120	2310	2390	210	1	80	0.0125000
NODE_435_length_3622_cov_29.112120	2310	2390	211	4	80	0.0500000
NODE_435_length_3622_cov_29.112120	2310	2390	213	5	80	0.0625000
NODE_435_length_3622_cov_29.112120	2310	2390	214	2	80	0.0250000
NODE_435_length_3622_cov_29.112120	2310	2390	218	1	80	0.0125000
NODE_435_length_3622_cov_29.112120	2310	2390	219	1	80	0.0125000
NODE_435_length_3622_cov_29.112120	2310	2390	221	4	80	0.0500000
NODE_435_length_3622_cov_29.112120	2310	2390	222	3	80	0.0375000
NODE_435_length_3622_cov_29.112120	2310	2390	223	6	80	0.0750000
NODE_435_length_3622_cov_29.112120	2310	2390	225	10	80	0.1250000
NODE_435_length_3622_cov_29.112120	2310	2390	229	4	80	0.0500000
NODE_435_length_3622_cov_29.112120	2310	2390	230	5	80	0.0625000
NODE_435_length_3622_cov_29.112120	2310	2390	231	3	80	0.0375000
NODE_435_length_3622_cov_29.112120	2363	2441	16	1	78	0.0128205
NODE_435_length_3622_cov_29.112120	2363	2441	18	1	78	0.0128205
NODE_435_length_3622_cov_29.112120	2363	2441	20	3	78	0.0384615
NODE_435_length_3622_cov_29.112120	2363	2441	28	1	78	0.0128205
NODE_435_length_3622_cov_29.112120	2363	2441	34	1	78	0.0128205
NODE_435_length_3622_cov_29.112120	2363	2441	37	1	78	0.0128205
NODE_435_length_3622_cov_29.112120	2363	2441	41	1	78	0.0128205
NODE_435_length_3622_cov_29.112120	2363	2441	45	1	78	0.0128205
NODE_435_length_3622_cov_29.112120	2363	2441	47	1	78	0.0128205
NODE_435_length_3622_cov_29.112120	2363	2441	55	1	78	0.0128205
NODE_435_length_3622_cov_29.112120	2363	2441	56	1	78	0.0128205
NODE_435_length_3622_cov_29.112120	2363	2441	58	1	78	0.0128205
NODE_435_length_3622_cov_29.112120	2363	2441	63	1	78	0.0128205
NODE_435_length_3622_cov_29.112120	2363	2441	64	1	78	0.0128205
NODE_435_length_3622_cov_29.112120	2363	2441	71	1	78	0.0128205
NODE_435_length_3622_cov_29.112120	2363	2441	74	5	78	0.0641026
NODE_435_length_3622_cov_29.112120	2363	2441	75	2	78	0.0256410
NODE_435_length_3622_cov_29.112120	2363	2441	77	2	78	0.0256410
NODE_435_length_3622_cov_29.112120	2363	2441	79	2	78	0.0256410
NODE_435_length_3622_cov_29.112120	2363	2441	87	1	78	0.0128205
NODE_435_length_3622_cov_29.112120	2363	2441	88	1	78	0.0128205
NODE_435_length_3622_cov_29.112120	2363	2441	92	2	78	0.0256410
NODE_435_length_3622_cov_29.112120	2363	2441	93	3	78	0.0384615
NODE_435_length_3622_cov_29.112120	2363	2441	97	2	78	0.0256410
NODE_435_length_3622_cov_29.112120	2363	2441	99	1	78	0.0128205
NODE_435_length_3622_cov_29.112120	2363	2441	104	1	78	0.0128205
NODE_435_length_3622_cov_29.112120	2363	2441	106	2	78	0.0256410
NODE_435_length_3622_cov_29.112120	2363	2441	112	1	78	0.0128205
NODE_435_length_3622_cov_29.112120	2363	2441	116	1	78	0.0128205
NODE_435_length_3622_cov_29.112120	2363	2441	121	1	78	0.0128205
NODE_435_length_3622_cov_29.112120	2363	2441	123	1	78	0.0128205
NODE_435_length_3622_cov_29.112120	2363	2441	125	1	78	0.0128205
NODE_435_length_3622_cov_29.112120	2363	2441	134	1	78	0.0128205
NODE_435_length_3622_cov_29.112120	2363	2441	138	1	78	0.0128205
NODE_435_length_3622_cov_29.112120	2363	2441	154	2	78	0.0256410
NODE_435_length_3622_cov_29.112120	2363	2441	160	1	78	0.0128205
NODE_435_length_3622_cov_29.112120	2363	2441	166	1	78	0.0128205
NODE_435_length_3622_cov_29.112120	2363	2441	168	1	78	0.0128205
NODE_435_length_3622_cov_29.112120	2363	2441	171	1	78	0.0128205
NODE_435_length_3622_cov_29.112120	2363	2441	175	1	78	0.0128205
NODE_435_length_3622_cov_29.112120	2363	2441	178	1	78	0.0128205
NODE_435_length_3622_cov_29.112120	2363	2441	179	1	78	0.0128205
NODE_435_length_3622_cov_29.112120	2363	2441	180	4	78	0.0512821
NODE_435_length_3622_cov_29.112120	2363	2441	182	1	78	0.0128205
NODE_435_length_3622_cov_29.112120	2363	2441	184	1	78	0.0128205
NODE_435_length_3622_cov_29.112120	2363	2441	187	1	78	0.0128205
NODE_435_length_3622_cov_29.112120	2363	2441	189	1	78	0.0128205
NODE_435_length_3622_cov_29.112120	2363	2441	194	2	78	0.0256410
NODE_435_length_3622_cov_29.112120	2363	2441	195	1	78	0.0128205
NODE_435_length_3622_cov_29.112120	2363	2441	197	2	78	0.0256410
NODE_435_length_3622_cov_29.112120	2363	2441	200	1	78	0.0128205
NODE_435_length_3622_cov_29.112120	2363	2441	203	2	78	0.0256410
NODE_435_length_3622_cov_29.112120	2363	2441	206	2	78	0.0256410
NODE_435_length_3622_cov_29.112120	2363	2441	210	1	78	0.0128205
NODE_435_length_3622_cov_29.112120	2363	2441	213	2	78	0.0256410
NODE_437_length_3610_cov_8.785816	294	340	0	3	46	0.0652174
NODE_437_length_3610_cov_8.785816	294	340	2	6	46	0.1304348
NODE_437_length_3610_cov_8.785816	294	340	3	8	46	0.1739130
NODE_437_length_3610_cov_8.785816	294	340	5	28	46	0.6086956
NODE_437_length_3610_cov_8.785816	294	340	6	1	46	0.0217391
NODE_437_length_3610_cov_8.785816	313	393	5	26	80	0.3250000
NODE_437_length_3610_cov_8.785816	313	393	6	54	80	0.6750000
NODE_444_length_3588_cov_16.296360	2421	2501	11	12	80	0.1500000
NODE_444_length_3588_cov_16.296360	2421	2501	13	1	80	0.0125000
NODE_444_length_3588_cov_16.296360	2421	2501	15	1	80	0.0125000
NODE_444_length_3588_cov_16.296360	2421	2501	18	6	80	0.0750000
NODE_444_length_3588_cov_16.296360	2421	2501	20	24	80	0.3000000
NODE_444_length_3588_cov_16.296360	2421	2501	22	36	80	0.4500000
NODE_444_length_3588_cov_16.296360	2474	2539	16	6	65	0.0923077
NODE_444_length_3588_cov_16.296360	2474	2539	18	9	65	0.1384615
NODE_444_length_3588_cov_16.296360	2474	2539	20	27	65	0.4153846
NODE_444_length_3588_cov_16.296360	2474	2539	22	23	65	0.3538462
NODE_447_length_3585_cov_2.283419	605	668	0	18	63	0.2857143
NODE_447_length_3585_cov_2.283419	605	668	2	45	63	0.7142857
NODE_451_length_3567_cov_16.283160	410	429	2	19	19	1.0000000
NODE_451_length_3567_cov_16.283160	2259	2339	105	4	80	0.0500000
NODE_451_length_3567_cov_16.283160	2259	2339	109	2	80	0.0250000
NODE_451_length_3567_cov_16.283160	2259	2339	111	2	80	0.0250000
NODE_451_length_3567_cov_16.283160	2259	2339	113	1	80	0.0125000
NODE_451_length_3567_cov_16.283160	2259	2339	115	3	80	0.0375000
NODE_451_length_3567_cov_16.283160	2259	2339	116	1	80	0.0125000
NODE_451_length_3567_cov_16.283160	2259	2339	117	2	80	0.0250000
NODE_451_length_3567_cov_16.283160	2259	2339	119	19	80	0.2375000
NODE_451_length_3567_cov_16.283160	2259	2339	120	3	80	0.0375000
NODE_451_length_3567_cov_16.283160	2259	2339	121	43	80	0.5375000
NODE_451_length_3567_cov_16.283160	2312	2379	0	2	67	0.0298507
NODE_451_length_3567_cov_16.283160	2312	2379	2	3	67	0.0447761
NODE_451_length_3567_cov_16.283160	2312	2379	12	1	67	0.0149254
NODE_451_length_3567_cov_16.283160	2312	2379	14	1	67	0.0149254
NODE_451_length_3567_cov_16.283160	2312	2379	15	1	67	0.0149254
NODE_451_length_3567_cov_16.283160	2312	2379	17	1	67	0.0149254
NODE_451_length_3567_cov_16.283160	2312	2379	19	1	67	0.0149254
NODE_451_length_3567_cov_16.283160	2312	2379	22	1	67	0.0149254
NODE_451_length_3567_cov_16.283160	2312	2379	30	1	67	0.0149254
NODE_451_length_3567_cov_16.283160	2312	2379	32	1	67	0.0149254
NODE_451_length_3567_cov_16.283160	2312	2379	38	2	67	0.0298507
NODE_451_length_3567_cov_16.283160	2312	2379	40	1	67	0.0149254
NODE_451_length_3567_cov_16.283160	2312	2379	42	1	67	0.0149254
NODE_451_length_3567_cov_16.283160	2312	2379	47	1	67	0.0149254
NODE_451_length_3567_cov_16.283160	2312	2379	49	1	67	0.0149254
NODE_451_length_3567_cov_16.283160	2312	2379	54	2	67	0.0298507
NODE_451_length_3567_cov_16.283160	2312	2379	67	1	67	0.0149254
NODE_451_length_3567_cov_16.283160	2312	2379	70	1	67	0.0149254
NODE_451_length_3567_cov_16.283160	2312	2379	72	1	67	0.0149254
NODE_451_length_3567_cov_16.283160	2312	2379	74	1	67	0.0149254
NODE_451_length_3567_cov_16.283160	2312	2379	82	1	67	0.0149254
NODE_451_length_3567_cov_16.283160	2312	2379	86	1	67	0.0149254
NODE_451_length_3567_cov_16.283160	2312	2379	88	1	67	0.0149254
NODE_451_length_3567_cov_16.283160	2312	2379	90	1	67	0.0149254
NODE_451_length_3567_cov_16.283160	2312	2379	100	1	67	0.0149254
NODE_451_length_3567_cov_16.283160	2312	2379	102	1	67	0.0149254
NODE_451_length_3567_cov_16.283160	2312	2379	106	2	67	0.0298507
NODE_451_length_3567_cov_16.283160	2312	2379	108	4	67	0.0597015
NODE_451_length_3567_cov_16.283160	2312	2379	112	1	67	0.0149254
NODE_451_length_3567_cov_16.283160	2312	2379	113	1	67	0.0149254
NODE_451_length_3567_cov_16.283160	2312	2379	115	2	67	0.0298507
NODE_451_length_3567_cov_16.283160	2312	2379	117	2	67	0.0298507
NODE_451_length_3567_cov_16.283160	2312	2379	119	1	67	0.0149254
NODE_451_length_3567_cov_16.283160	2312	2379	120	3	67	0.0447761
NODE_451_length_3567_cov_16.283160	2312	2379	121	20	67	0.2985075
NODE_454_length_3557_cov_12.423077	640	718	0	52	78	0.6666667
NODE_454_length_3557_cov_12.423077	640	718	2	26	78	0.3333333
NODE_454_length_3557_cov_12.423077	640	688	0	48	48	1.0000000
NODE_454_length_3557_cov_12.423077	640	688	0	48	48	1.0000000
NODE_454_length_3557_cov_12.423077	640	688	0	48	48	1.0000000
NODE_454_length_3557_cov_12.423077	640	688	0	48	48	1.0000000
NODE_454_length_3557_cov_12.423077	693	771	2	78	78	1.0000000
NODE_455_length_3548_cov_7.216295	554	634	3	24	80	0.3000000
NODE_455_length_3548_cov_7.216295	554	634	5	27	80	0.3375000
NODE_455_length_3548_cov_7.216295	554	634	6	29	80	0.3625000
NODE_455_length_3548_cov_7.216295	607	687	2	23	80	0.2875000
NODE_455_length_3548_cov_7.216295	607	687	4	17	80	0.2125000
NODE_455_length_3548_cov_7.216295	607	687	6	40	80	0.5000000
NODE_461_length_3518_cov_40.508336	1320	1400	6	7	80	0.0875000
NODE_461_length_3518_cov_40.508336	1320	1400	8	58	80	0.7250000
NODE_461_length_3518_cov_40.508336	1320	1400	16	15	80	0.1875000
NODE_461_length_3518_cov_40.508336	1373	1453	8	12	80	0.1500000
NODE_461_length_3518_cov_40.508336	1373	1453	12	12	80	0.1500000
NODE_461_length_3518_cov_40.508336	1373	1453	16	56	80	0.7000000
NODE_465_length_3497_cov_65.791348	3062	3142	208	1	80	0.0125000
NODE_465_length_3497_cov_65.791348	3062	3142	210	5	80	0.0625000
NODE_465_length_3497_cov_65.791348	3062	3142	213	1	80	0.0125000
NODE_465_length_3497_cov_65.791348	3062	3142	218	1	80	0.0125000
NODE_465_length_3497_cov_65.791348	3062	3142	226	1	80	0.0125000
NODE_465_length_3497_cov_65.791348	3062	3142	229	1	80	0.0125000
NODE_465_length_3497_cov_65.791348	3062	3142	233	1	80	0.0125000
NODE_465_length_3497_cov_65.791348	3062	3142	237	1	80	0.0125000
NODE_465_length_3497_cov_65.791348	3062	3142	239	1	80	0.0125000
NODE_465_length_3497_cov_65.791348	3062	3142	252	1	80	0.0125000
NODE_465_length_3497_cov_65.791348	3062	3142	273	1	80	0.0125000
NODE_465_length_3497_cov_65.791348	3062	3142	282	1	80	0.0125000
NODE_465_length_3497_cov_65.791348	3062	3142	286	1	80	0.0125000
NODE_465_length_3497_cov_65.791348	3062	3142	290	1	80	0.0125000
NODE_465_length_3497_cov_65.791348	3062	3142	294	2	80	0.0250000
NODE_465_length_3497_cov_65.791348	3062	3142	300	1	80	0.0125000
NODE_465_length_3497_cov_65.791348	3062	3142	310	2	80	0.0250000
NODE_465_length_3497_cov_65.791348	3062	3142	311	4	80	0.0500000
NODE_465_length_3497_cov_65.791348	3062	3142	313	2	80	0.0250000
NODE_465_length_3497_cov_65.791348	3062	3142	314	2	80	0.0250000
NODE_465_length_3497_cov_65.791348	3062	3142	316	2	80	0.0250000
NODE_465_length_3497_cov_65.791348	3062	3142	318	4	80	0.0500000
NODE_465_length_3497_cov_65.791348	3062	3142	320	2	80	0.0250000
NODE_465_length_3497_cov_65.791348	3062	3142	322	3	80	0.0375000
NODE_465_length_3497_cov_65.791348	3062	3142	324	1	80	0.0125000
NODE_465_length_3497_cov_65.791348	3062	3142	326	1	80	0.0125000
NODE_465_length_3497_cov_65.791348	3062	3142	327	2	80	0.0250000
NODE_465_length_3497_cov_65.791348	3062	3142	328	12	80	0.1500000
NODE_465_length_3497_cov_65.791348	3062	3142	329	2	80	0.0250000
NODE_465_length_3497_cov_65.791348	3062	3142	330	4	80	0.0500000
NODE_465_length_3497_cov_65.791348	3062	3142	331	1	80	0.0125000
NODE_465_length_3497_cov_65.791348	3062	3142	332	1	80	0.0125000
NODE_465_length_3497_cov_65.791348	3062	3142	333	6	80	0.0750000
NODE_465_length_3497_cov_65.791348	3062	3142	335	4	80	0.0500000
NODE_465_length_3497_cov_65.791348	3062	3142	336	1	80	0.0125000
NODE_465_length_3497_cov_65.791348	3062	3142	339	3	80	0.0375000
NODE_466_length_3488_cov_2.243730	506	529	13	23	23	1.0000000
NODE_470_length_3483_cov_14.759456	360	440	0	9	80	0.1125000
NODE_470_length_3483_cov_14.759456	360	440	4	4	80	0.0500000
NODE_470_length_3483_cov_14.759456	360	440	6	42	80	0.5250000
NODE_470_length_3483_cov_14.759456	360	440	14	25	80	0.3125000
NODE_470_length_3483_cov_14.759456	413	493	6	2	80	0.0250000
NODE_470_length_3483_cov_14.759456	413	493	8	7	80	0.0875000
NODE_470_length_3483_cov_14.759456	413	493	12	26	80	0.3250000
NODE_470_length_3483_cov_14.759456	413	493	14	45	80	0.5625000
NODE_474_length_3471_cov_37.887604	2795	2875	2	16	80	0.2000000
NODE_474_length_3471_cov_37.887604	2795	2875	8	64	80	0.8000000
NODE_474_length_3471_cov_37.887604	2848	2928	5	27	80	0.3375000
NODE_474_length_3471_cov_37.887604	2848	2928	6	15	80	0.1875000
NODE_474_length_3471_cov_37.887604	2848	2928	8	38	80	0.4750000
NODE_474_length_3471_cov_37.887604	2924	2943	5	19	19	1.0000000
NODE_474_length_3471_cov_37.887604	2924	3004	0	1	80	0.0125000
NODE_474_length_3471_cov_37.887604	2924	3004	2	1	80	0.0125000
NODE_474_length_3471_cov_37.887604	2924	3004	3	1	80	0.0125000
NODE_474_length_3471_cov_37.887604	2924	3004	5	38	80	0.4750000
NODE_474_length_3471_cov_37.887604	2924	3004	8	39	80	0.4875000
NODE_474_length_3471_cov_37.887604	2977	3057	8	80	80	1.0000000
NODE_479_length_3451_cov_29.833234	2973	3053	0	80	80	1.0000000
NODE_479_length_3451_cov_29.833234	3026	3106	0	80	80	1.0000000
NODE_481_length_3446_cov_32.421273	3181	3261	26	9	80	0.1125000
NODE_481_length_3446_cov_32.421273	3181	3261	28	15	80	0.1875000
NODE_481_length_3446_cov_32.421273	3181	3261	30	16	80	0.2000000
NODE_481_length_3446_cov_32.421273	3181	3261	32	40	80	0.5000000
NODE_482_length_3444_cov_29.954858	792	872	15	12	80	0.1500000
NODE_482_length_3444_cov_29.954858	792	872	17	16	80	0.2000000
NODE_482_length_3444_cov_29.954858	792	872	19	15	80	0.1875000
NODE_482_length_3444_cov_29.954858	792	872	25	2	80	0.0250000
NODE_482_length_3444_cov_29.954858	792	872	29	21	80	0.2625000
NODE_482_length_3444_cov_29.954858	792	872	31	1	80	0.0125000
NODE_482_length_3444_cov_29.954858	792	872	33	13	80	0.1625000
NODE_482_length_3444_cov_29.954858	845	925	20	9	80	0.1125000
NODE_482_length_3444_cov_29.954858	845	925	22	3	80	0.0375000
NODE_482_length_3444_cov_29.954858	845	925	23	22	80	0.2750000
NODE_482_length_3444_cov_29.954858	845	925	24	5	80	0.0625000
NODE_482_length_3444_cov_29.954858	845	925	25	8	80	0.1000000
NODE_482_length_3444_cov_29.954858	845	925	29	19	80	0.2375000
NODE_482_length_3444_cov_29.954858	845	925	31	1	80	0.0125000
NODE_482_length_3444_cov_29.954858	845	925	33	13	80	0.1625000
NODE_483_length_3442_cov_17.799880	3155	3220	2	1	65	0.0153846
NODE_483_length_3442_cov_17.799880	3155	3220	4	7	65	0.1076923
NODE_483_length_3442_cov_17.799880	3155	3220	6	2	65	0.0307692
NODE_483_length_3442_cov_17.799880	3155	3220	11	2	65	0.0307692
NODE_483_length_3442_cov_17.799880	3155	3220	19	4	65	0.0615385
NODE_483_length_3442_cov_17.799880	3155	3220	23	1	65	0.0153846
NODE_483_length_3442_cov_17.799880	3155	3220	25	3	65	0.0461538
NODE_483_length_3442_cov_17.799880	3155	3220	29	4	65	0.0615385
NODE_483_length_3442_cov_17.799880	3155	3220	33	5	65	0.0769231
NODE_483_length_3442_cov_17.799880	3155	3220	34	1	65	0.0153846
NODE_483_length_3442_cov_17.799880	3155	3220	36	1	65	0.0153846
NODE_483_length_3442_cov_17.799880	3155	3220	38	2	65	0.0307692
NODE_483_length_3442_cov_17.799880	3155	3220	42	1	65	0.0153846
NODE_483_length_3442_cov_17.799880	3155	3220	44	1	65	0.0153846
NODE_483_length_3442_cov_17.799880	3155	3220	46	11	65	0.1692308
NODE_483_length_3442_cov_17.799880	3155	3220	50	7	65	0.1076923
NODE_483_length_3442_cov_17.799880	3155	3220	51	2	65	0.0307692
NODE_483_length_3442_cov_17.799880	3155	3220	52	4	65	0.0615385
NODE_483_length_3442_cov_17.799880	3155	3220	54	1	65	0.0153846
NODE_483_length_3442_cov_17.799880	3155	3220	55	5	65	0.0769231
NODE_483_length_3442_cov_17.799880	3208	3273	51	2	65	0.0307692
NODE_483_length_3442_cov_17.799880	3208	3273	52	4	65	0.0615385
NODE_483_length_3442_cov_17.799880	3208	3273	54	1	65	0.0153846
NODE_483_length_3442_cov_17.799880	3208	3273	55	8	65	0.1230769
NODE_483_length_3442_cov_17.799880	3208	3273	56	11	65	0.1692308
NODE_483_length_3442_cov_17.799880	3208	3273	57	3	65	0.0461538
NODE_483_length_3442_cov_17.799880	3208	3273	58	1	65	0.0153846
NODE_483_length_3442_cov_17.799880	3208	3273	59	25	65	0.3846154
NODE_483_length_3442_cov_17.799880	3208	3273	60	4	65	0.0615385
NODE_483_length_3442_cov_17.799880	3208	3273	61	3	65	0.0461538
NODE_483_length_3442_cov_17.799880	3208	3273	63	3	65	0.0461538
NODE_486_length_3429_cov_5.070270	125	148	6	4	23	0.1739130
NODE_486_length_3429_cov_5.070270	125	148	8	19	23	0.8260869
NODE_493_length_3408_cov_2.406769	0	45	0	45	45	1.0000000
NODE_495_length_3405_cov_44.930127	2683	2759	49	4	76	0.0526316
NODE_495_length_3405_cov_44.930127	2683	2759	50	20	76	0.2631579
NODE_495_length_3405_cov_44.930127	2683	2759	52	15	76	0.1973684
NODE_495_length_3405_cov_44.930127	2683	2759	54	14	76	0.1842105
NODE_495_length_3405_cov_44.930127	2683	2759	60	23	76	0.3026316
NODE_495_length_3405_cov_44.930127	3116	3164	10	42	48	0.8750000
NODE_495_length_3405_cov_44.930127	3116	3164	12	6	48	0.1250000
NODE_496_length_3402_cov_28.961550	128	183	0	55	55	1.0000000
NODE_496_length_3402_cov_28.961550	3154	3234	101	3	80	0.0375000
NODE_496_length_3402_cov_28.961550	3154	3234	103	3	80	0.0375000
NODE_496_length_3402_cov_28.961550	3154	3234	105	7	80	0.0875000
NODE_496_length_3402_cov_28.961550	3154	3234	107	7	80	0.0875000
NODE_496_length_3402_cov_28.961550	3154	3234	109	1	80	0.0125000
NODE_496_length_3402_cov_28.961550	3154	3234	111	6	80	0.0750000
NODE_496_length_3402_cov_28.961550	3154	3234	113	6	80	0.0750000
NODE_496_length_3402_cov_28.961550	3154	3234	115	10	80	0.1250000
NODE_496_length_3402_cov_28.961550	3154	3234	117	1	80	0.0125000
NODE_496_length_3402_cov_28.961550	3154	3234	119	4	80	0.0500000
NODE_496_length_3402_cov_28.961550	3154	3234	120	1	80	0.0125000
NODE_496_length_3402_cov_28.961550	3154	3234	121	31	80	0.3875000
NODE_496_length_3402_cov_28.961550	3207	3287	0	2	80	0.0250000
NODE_496_length_3402_cov_28.961550	3207	3287	12	1	80	0.0125000
NODE_496_length_3402_cov_28.961550	3207	3287	14	4	80	0.0500000
NODE_496_length_3402_cov_28.961550	3207	3287	16	1	80	0.0125000
NODE_496_length_3402_cov_28.961550	3207	3287	18	2	80	0.0250000
NODE_496_length_3402_cov_28.961550	3207	3287	20	1	80	0.0125000
NODE_496_length_3402_cov_28.961550	3207	3287	22	2	80	0.0250000
NODE_496_length_3402_cov_28.961550	3207	3287	26	2	80	0.0250000
NODE_496_length_3402_cov_28.961550	3207	3287	28	4	80	0.0500000
NODE_496_length_3402_cov_28.961550	3207	3287	32	1	80	0.0125000
NODE_496_length_3402_cov_28.961550	3207	3287	33	6	80	0.0750000
NODE_496_length_3402_cov_28.961550	3207	3287	39	1	80	0.0125000
NODE_496_length_3402_cov_28.961550	3207	3287	41	2	80	0.0250000
NODE_496_length_3402_cov_28.961550	3207	3287	45	1	80	0.0125000
NODE_496_length_3402_cov_28.961550	3207	3287	48	1	80	0.0125000
NODE_496_length_3402_cov_28.961550	3207	3287	53	1	80	0.0125000
NODE_496_length_3402_cov_28.961550	3207	3287	54	1	80	0.0125000
NODE_496_length_3402_cov_28.961550	3207	3287	56	1	80	0.0125000
NODE_496_length_3402_cov_28.961550	3207	3287	57	1	80	0.0125000
NODE_496_length_3402_cov_28.961550	3207	3287	64	1	80	0.0125000
NODE_496_length_3402_cov_28.961550	3207	3287	73	1	80	0.0125000
NODE_496_length_3402_cov_28.961550	3207	3287	78	1	80	0.0125000
NODE_496_length_3402_cov_28.961550	3207	3287	80	1	80	0.0125000
NODE_496_length_3402_cov_28.961550	3207	3287	83	1	80	0.0125000
NODE_496_length_3402_cov_28.961550	3207	3287	84	3	80	0.0375000
NODE_496_length_3402_cov_28.961550	3207	3287	87	1	80	0.0125000
NODE_496_length_3402_cov_28.961550	3207	3287	95	1	80	0.0125000
NODE_496_length_3402_cov_28.961550	3207	3287	96	4	80	0.0500000
NODE_496_length_3402_cov_28.961550	3207	3287	99	1	80	0.0125000
NODE_496_length_3402_cov_28.961550	3207	3287	100	1	80	0.0125000
NODE_496_length_3402_cov_28.961550	3207	3287	106	2	80	0.0250000
NODE_496_length_3402_cov_28.961550	3207	3287	107	7	80	0.0875000
NODE_496_length_3402_cov_28.961550	3207	3287	111	6	80	0.0750000
NODE_496_length_3402_cov_28.961550	3207	3287	113	4	80	0.0500000
NODE_496_length_3402_cov_28.961550	3207	3287	117	1	80	0.0125000
NODE_496_length_3402_cov_28.961550	3207	3287	119	4	80	0.0500000
NODE_496_length_3402_cov_28.961550	3207	3287	120	1	80	0.0125000
NODE_496_length_3402_cov_28.961550	3207	3287	121	4	80	0.0500000
NODE_498_length_3393_cov_43.623558	1009	1075	33	2	66	0.0303030
NODE_498_length_3393_cov_43.623558	1009	1075	35	3	66	0.0454545
NODE_498_length_3393_cov_43.623558	1009	1075	37	1	66	0.0151515
NODE_498_length_3393_cov_43.623558	1009	1075	39	5	66	0.0757576
NODE_498_length_3393_cov_43.623558	1009	1075	41	3	66	0.0454545
NODE_498_length_3393_cov_43.623558	1009	1075	43	6	66	0.0909091
NODE_498_length_3393_cov_43.623558	1009	1075	45	1	66	0.0151515
NODE_498_length_3393_cov_43.623558	1009	1075	47	3	66	0.0454545
NODE_498_length_3393_cov_43.623558	1009	1075	51	1	66	0.0151515
NODE_498_length_3393_cov_43.623558	1009	1075	53	1	66	0.0151515
NODE_498_length_3393_cov_43.623558	1009	1075	54	18	66	0.2727273
NODE_498_length_3393_cov_43.623558	1009	1075	56	10	66	0.1515152
NODE_498_length_3393_cov_43.623558	1009	1075	58	12	66	0.1818182
NODE_498_length_3393_cov_43.623558	1048	1128	8	8	80	0.1000000
NODE_498_length_3393_cov_43.623558	1048	1128	9	4	80	0.0500000
NODE_498_length_3393_cov_43.623558	1048	1128	10	3	80	0.0375000
NODE_498_length_3393_cov_43.623558	1048	1128	12	5	80	0.0625000
NODE_498_length_3393_cov_43.623558	1048	1128	14	10	80	0.1250000
NODE_498_length_3393_cov_43.623558	1048	1128	16	7	80	0.0875000
NODE_498_length_3393_cov_43.623558	1048	1128	18	12	80	0.1500000
NODE_498_length_3393_cov_43.623558	1048	1128	20	1	80	0.0125000
NODE_498_length_3393_cov_43.623558	1048	1128	25	1	80	0.0125000
NODE_498_length_3393_cov_43.623558	1048	1128	33	4	80	0.0500000
NODE_498_length_3393_cov_43.623558	1048	1128	35	3	80	0.0375000
NODE_498_length_3393_cov_43.623558	1048	1128	37	1	80	0.0125000
NODE_498_length_3393_cov_43.623558	1048	1128	39	5	80	0.0625000
NODE_498_length_3393_cov_43.623558	1048	1128	41	3	80	0.0375000
NODE_498_length_3393_cov_43.623558	1048	1128	43	6	80	0.0750000
NODE_498_length_3393_cov_43.623558	1048	1128	45	1	80	0.0125000
NODE_498_length_3393_cov_43.623558	1048	1128	47	3	80	0.0375000
NODE_498_length_3393_cov_43.623558	1048	1128	51	1	80	0.0125000
NODE_498_length_3393_cov_43.623558	1048	1128	53	1	80	0.0125000
NODE_498_length_3393_cov_43.623558	1048	1128	54	1	80	0.0125000
NODE_498_length_3393_cov_43.623558	3086	3128	10	1	42	0.0238095
NODE_498_length_3393_cov_43.623558	3086	3128	19	1	42	0.0238095
NODE_498_length_3393_cov_43.623558	3086	3128	22	1	42	0.0238095
NODE_498_length_3393_cov_43.623558	3086	3128	28	1	42	0.0238095
NODE_498_length_3393_cov_43.623558	3086	3128	29	1	42	0.0238095
NODE_498_length_3393_cov_43.623558	3086	3128	33	2	42	0.0476190
NODE_498_length_3393_cov_43.623558	3086	3128	34	1	42	0.0238095
NODE_498_length_3393_cov_43.623558	3086	3128	40	2	42	0.0476190
NODE_498_length_3393_cov_43.623558	3086	3128	43	2	42	0.0476190
NODE_498_length_3393_cov_43.623558	3086	3128	47	1	42	0.0238095
NODE_498_length_3393_cov_43.623558	3086	3128	48	3	42	0.0714286
NODE_498_length_3393_cov_43.623558	3086	3128	50	1	42	0.0238095
NODE_498_length_3393_cov_43.623558	3086	3128	54	1	42	0.0238095
NODE_498_length_3393_cov_43.623558	3086	3128	56	2	42	0.0476190
NODE_498_length_3393_cov_43.623558	3086	3128	58	1	42	0.0238095
NODE_498_length_3393_cov_43.623558	3086	3128	60	1	42	0.0238095
NODE_498_length_3393_cov_43.623558	3086	3128	63	3	42	0.0714286
NODE_498_length_3393_cov_43.623558	3086	3128	64	1	42	0.0238095
NODE_498_length_3393_cov_43.623558	3086	3128	65	1	42	0.0238095
NODE_498_length_3393_cov_43.623558	3086	3128	69	1	42	0.0238095
NODE_498_length_3393_cov_43.623558	3086	3128	72	1	42	0.0238095
NODE_498_length_3393_cov_43.623558	3086	3128	74	1	42	0.0238095
NODE_498_length_3393_cov_43.623558	3086	3128	81	1	42	0.0238095
NODE_498_length_3393_cov_43.623558	3086	3128	85	4	42	0.0952381
NODE_498_length_3393_cov_43.623558	3086	3128	89	4	42	0.0952381
NODE_498_length_3393_cov_43.623558	3086	3128	90	2	42	0.0476190
NODE_498_length_3393_cov_43.623558	3086	3128	92	1	42	0.0238095
NODE_498_length_3393_cov_43.623558	3293	3373	137	1	80	0.0125000
NODE_498_length_3393_cov_43.623558	3293	3373	138	2	80	0.0250000
NODE_498_length_3393_cov_43.623558	3293	3373	146	1	80	0.0125000
NODE_498_length_3393_cov_43.623558	3293	3373	159	1	80	0.0125000
NODE_498_length_3393_cov_43.623558	3293	3373	169	1	80	0.0125000
NODE_498_length_3393_cov_43.623558	3293	3373	175	1	80	0.0125000
NODE_498_length_3393_cov_43.623558	3293	3373	180	1	80	0.0125000
NODE_498_length_3393_cov_43.623558	3293	3373	190	1	80	0.0125000
NODE_498_length_3393_cov_43.623558	3293	3373	192	1	80	0.0125000
NODE_498_length_3393_cov_43.623558	3293	3373	202	1	80	0.0125000
NODE_498_length_3393_cov_43.623558	3293	3373	208	1	80	0.0125000
NODE_498_length_3393_cov_43.623558	3293	3373	214	1	80	0.0125000
NODE_498_length_3393_cov_43.623558	3293	3373	216	1	80	0.0125000
NODE_498_length_3393_cov_43.623558	3293	3373	222	1	80	0.0125000
NODE_498_length_3393_cov_43.623558	3293	3373	230	1	80	0.0125000
NODE_498_length_3393_cov_43.623558	3293	3373	239	1	80	0.0125000
NODE_498_length_3393_cov_43.623558	3293	3373	245	1	80	0.0125000
NODE_498_length_3393_cov_43.623558	3293	3373	257	1	80	0.0125000
NODE_498_length_3393_cov_43.623558	3293	3373	261	1	80	0.0125000
NODE_498_length_3393_cov_43.623558	3293	3373	264	1	80	0.0125000
NODE_498_length_3393_cov_43.623558	3293	3373	279	1	80	0.0125000
NODE_498_length_3393_cov_43.623558	3293	3373	287	1	80	0.0125000
NODE_498_length_3393_cov_43.623558	3293	3373	293	1	80	0.0125000
NODE_498_length_3393_cov_43.623558	3293	3373	295	1	80	0.0125000
NODE_498_length_3393_cov_43.623558	3293	3373	312	1	80	0.0125000
NODE_498_length_3393_cov_43.623558	3293	3373	314	1	80	0.0125000
NODE_498_length_3393_cov_43.623558	3293	3373	317	2	80	0.0250000
NODE_498_length_3393_cov_43.623558	3293	3373	323	2	80	0.0250000
NODE_498_length_3393_cov_43.623558	3293	3373	325	1	80	0.0125000
NODE_498_length_3393_cov_43.623558	3293	3373	328	1	80	0.0125000
NODE_498_length_3393_cov_43.623558	3293	3373	329	1	80	0.0125000
NODE_498_length_3393_cov_43.623558	3293	3373	334	2	80	0.0250000
NODE_498_length_3393_cov_43.623558	3293	3373	336	1	80	0.0125000
NODE_498_length_3393_cov_43.623558	3293	3373	338	1	80	0.0125000
NODE_498_length_3393_cov_43.623558	3293	3373	340	2	80	0.0250000
NODE_498_length_3393_cov_43.623558	3293	3373	342	1	80	0.0125000
NODE_498_length_3393_cov_43.623558	3293	3373	344	1	80	0.0125000
NODE_498_length_3393_cov_43.623558	3293	3373	348	1	80	0.0125000
NODE_498_length_3393_cov_43.623558	3293	3373	350	2	80	0.0250000
NODE_498_length_3393_cov_43.623558	3293	3373	351	1	80	0.0125000
NODE_498_length_3393_cov_43.623558	3293	3373	353	1	80	0.0125000
NODE_498_length_3393_cov_43.623558	3293	3373	355	5	80	0.0625000
NODE_498_length_3393_cov_43.623558	3293	3373	357	3	80	0.0375000
NODE_498_length_3393_cov_43.623558	3293	3373	358	1	80	0.0125000
NODE_498_length_3393_cov_43.623558	3293	3373	361	1	80	0.0125000
NODE_498_length_3393_cov_43.623558	3293	3373	362	3	80	0.0375000
NODE_498_length_3393_cov_43.623558	3293	3373	364	1	80	0.0125000
NODE_498_length_3393_cov_43.623558	3293	3373	365	1	80	0.0125000
NODE_498_length_3393_cov_43.623558	3293	3373	366	1	80	0.0125000
NODE_498_length_3393_cov_43.623558	3293	3373	367	1	80	0.0125000
NODE_498_length_3393_cov_43.623558	3293	3373	371	4	80	0.0500000
NODE_498_length_3393_cov_43.623558	3293	3373	373	1	80	0.0125000
NODE_498_length_3393_cov_43.623558	3293	3373	375	4	80	0.0500000
NODE_498_length_3393_cov_43.623558	3293	3373	377	1	80	0.0125000
NODE_498_length_3393_cov_43.623558	3293	3373	384	4	80	0.0500000
NODE_498_length_3393_cov_43.623558	3293	3373	386	1	80	0.0125000
NODE_498_length_3393_cov_43.623558	3293	3373	388	1	80	0.0125000
NODE_499_length_3392_cov_41.514728	255	335	10	3	80	0.0375000
NODE_499_length_3392_cov_41.514728	255	335	12	6	80	0.0750000
NODE_499_length_3392_cov_41.514728	255	335	14	6	80	0.0750000
NODE_499_length_3392_cov_41.514728	255	335	16	1	80	0.0125000
NODE_499_length_3392_cov_41.514728	255	335	28	4	80	0.0500000
NODE_499_length_3392_cov_41.514728	255	335	32	3	80	0.0375000
NODE_499_length_3392_cov_41.514728	255	335	40	3	80	0.0375000
NODE_499_length_3392_cov_41.514728	255	335	41	4	80	0.0500000
NODE_499_length_3392_cov_41.514728	255	335	42	1	80	0.0125000
NODE_499_length_3392_cov_41.514728	255	335	46	25	80	0.3125000
NODE_499_length_3392_cov_41.514728	255	335	48	6	80	0.0750000
NODE_499_length_3392_cov_41.514728	255	335	50	8	80	0.1000000
NODE_499_length_3392_cov_41.514728	255	335	52	5	80	0.0625000
NODE_499_length_3392_cov_41.514728	255	335	54	5	80	0.0625000
NODE_499_length_3392_cov_41.514728	308	388	26	1	80	0.0125000
NODE_499_length_3392_cov_41.514728	308	388	28	13	80	0.1625000
NODE_499_length_3392_cov_41.514728	308	388	38	4	80	0.0500000
NODE_499_length_3392_cov_41.514728	308	388	42	1	80	0.0125000
NODE_499_length_3392_cov_41.514728	308	388	44	12	80	0.1500000
NODE_499_length_3392_cov_41.514728	308	388	46	9	80	0.1125000
NODE_499_length_3392_cov_41.514728	308	388	48	8	80	0.1000000
NODE_499_length_3392_cov_41.514728	308	388	50	22	80	0.2750000
NODE_499_length_3392_cov_41.514728	308	388	52	5	80	0.0625000
NODE_499_length_3392_cov_41.514728	308	388	54	5	80	0.0625000
NODE_499_length_3392_cov_41.514728	917	997	123	1	80	0.0125000
NODE_499_length_3392_cov_41.514728	917	997	126	2	80	0.0250000
NODE_499_length_3392_cov_41.514728	917	997	128	1	80	0.0125000
NODE_499_length_3392_cov_41.514728	917	997	132	1	80	0.0125000
NODE_499_length_3392_cov_41.514728	917	997	142	2	80	0.0250000
NODE_499_length_3392_cov_41.514728	917	997	144	2	80	0.0250000
NODE_499_length_3392_cov_41.514728	917	997	146	1	80	0.0125000
NODE_499_length_3392_cov_41.514728	917	997	163	1	80	0.0125000
NODE_499_length_3392_cov_41.514728	917	997	172	1	80	0.0125000
NODE_499_length_3392_cov_41.514728	917	997	173	1	80	0.0125000
NODE_499_length_3392_cov_41.514728	917	997	175	1	80	0.0125000
NODE_499_length_3392_cov_41.514728	917	997	179	1	80	0.0125000
NODE_499_length_3392_cov_41.514728	917	997	181	1	80	0.0125000
NODE_499_length_3392_cov_41.514728	917	997	185	1	80	0.0125000
NODE_499_length_3392_cov_41.514728	917	997	195	1	80	0.0125000
NODE_499_length_3392_cov_41.514728	917	997	204	1	80	0.0125000
NODE_499_length_3392_cov_41.514728	917	997	206	3	80	0.0375000
NODE_499_length_3392_cov_41.514728	917	997	207	3	80	0.0375000
NODE_499_length_3392_cov_41.514728	917	997	211	1	80	0.0125000
NODE_499_length_3392_cov_41.514728	917	997	213	3	80	0.0375000
NODE_499_length_3392_cov_41.514728	917	997	215	1	80	0.0125000
NODE_499_length_3392_cov_41.514728	917	997	217	1	80	0.0125000
NODE_499_length_3392_cov_41.514728	917	997	218	1	80	0.0125000
NODE_499_length_3392_cov_41.514728	917	997	219	3	80	0.0375000
NODE_499_length_3392_cov_41.514728	917	997	220	1	80	0.0125000
NODE_499_length_3392_cov_41.514728	917	997	224	1	80	0.0125000
NODE_499_length_3392_cov_41.514728	917	997	225	1	80	0.0125000
NODE_499_length_3392_cov_41.514728	917	997	226	2	80	0.0250000
NODE_499_length_3392_cov_41.514728	917	997	228	1	80	0.0125000
NODE_499_length_3392_cov_41.514728	917	997	229	2	80	0.0250000
NODE_499_length_3392_cov_41.514728	917	997	230	4	80	0.0500000
NODE_499_length_3392_cov_41.514728	917	997	232	12	80	0.1500000
NODE_499_length_3392_cov_41.514728	917	997	233	2	80	0.0250000
NODE_499_length_3392_cov_41.514728	917	997	234	1	80	0.0125000
NODE_499_length_3392_cov_41.514728	917	997	235	7	80	0.0875000
NODE_499_length_3392_cov_41.514728	917	997	236	6	80	0.0750000
NODE_499_length_3392_cov_41.514728	917	997	237	5	80	0.0625000
NODE_499_length_3392_cov_41.514728	970	1053	36	1	83	0.0120482
NODE_499_length_3392_cov_41.514728	970	1053	38	1	83	0.0120482
NODE_499_length_3392_cov_41.514728	970	1053	40	1	83	0.0120482
NODE_499_length_3392_cov_41.514728	970	1053	42	5	83	0.0602410
NODE_499_length_3392_cov_41.514728	970	1053	44	5	83	0.0602410
NODE_499_length_3392_cov_41.514728	970	1053	56	2	83	0.0240964
NODE_499_length_3392_cov_41.514728	970	1053	63	4	83	0.0481928
NODE_499_length_3392_cov_41.514728	970	1053	67	1	83	0.0120482
NODE_499_length_3392_cov_41.514728	970	1053	69	3	83	0.0361446
NODE_499_length_3392_cov_41.514728	970	1053	70	4	83	0.0481928
NODE_499_length_3392_cov_41.514728	970	1053	73	1	83	0.0120482
NODE_499_length_3392_cov_41.514728	970	1053	75	1	83	0.0120482
NODE_499_length_3392_cov_41.514728	970	1053	77	2	83	0.0240964
NODE_499_length_3392_cov_41.514728	970	1053	79	1	83	0.0120482
NODE_499_length_3392_cov_41.514728	970	1053	81	1	83	0.0120482
NODE_499_length_3392_cov_41.514728	970	1053	85	1	83	0.0120482
NODE_499_length_3392_cov_41.514728	970	1053	88	1	83	0.0120482
NODE_499_length_3392_cov_41.514728	970	1053	90	2	83	0.0240964
NODE_499_length_3392_cov_41.514728	970	1053	92	1	83	0.0120482
NODE_499_length_3392_cov_41.514728	970	1053	94	2	83	0.0240964
NODE_499_length_3392_cov_41.514728	970	1053	98	1	83	0.0120482
NODE_499_length_3392_cov_41.514728	970	1053	99	1	83	0.0120482
NODE_499_length_3392_cov_41.514728	970	1053	101	3	83	0.0361446
NODE_499_length_3392_cov_41.514728	970	1053	102	1	83	0.0120482
NODE_499_length_3392_cov_41.514728	970	1053	104	1	83	0.0120482
NODE_499_length_3392_cov_41.514728	970	1053	108	3	83	0.0361446
NODE_499_length_3392_cov_41.514728	970	1053	110	2	83	0.0240964
NODE_499_length_3392_cov_41.514728	970	1053	117	1	83	0.0120482
NODE_499_length_3392_cov_41.514728	970	1053	118	1	83	0.0120482
NODE_499_length_3392_cov_41.514728	970	1053	123	3	83	0.0361446
NODE_499_length_3392_cov_41.514728	970	1053	126	2	83	0.0240964
NODE_499_length_3392_cov_41.514728	970	1053	128	1	83	0.0120482
NODE_499_length_3392_cov_41.514728	970	1053	132	1	83	0.0120482
NODE_499_length_3392_cov_41.514728	970	1053	142	2	83	0.0240964
NODE_499_length_3392_cov_41.514728	970	1053	144	2	83	0.0240964
NODE_499_length_3392_cov_41.514728	970	1053	146	1	83	0.0120482
NODE_499_length_3392_cov_41.514728	970	1053	163	1	83	0.0120482
NODE_499_length_3392_cov_41.514728	970	1053	172	1	83	0.0120482
NODE_499_length_3392_cov_41.514728	970	1053	173	1	83	0.0120482
NODE_499_length_3392_cov_41.514728	970	1053	175	1	83	0.0120482
NODE_499_length_3392_cov_41.514728	970	1053	179	1	83	0.0120482
NODE_499_length_3392_cov_41.514728	970	1053	181	1	83	0.0120482
NODE_499_length_3392_cov_41.514728	970	1053	185	1	83	0.0120482
NODE_499_length_3392_cov_41.514728	970	1053	195	1	83	0.0120482
NODE_499_length_3392_cov_41.514728	970	1053	207	1	83	0.0120482
NODE_499_length_3392_cov_41.514728	970	1053	219	1	83	0.0120482
NODE_499_length_3392_cov_41.514728	970	1053	225	1	83	0.0120482
NODE_499_length_3392_cov_41.514728	970	1053	226	2	83	0.0240964
NODE_499_length_3392_cov_41.514728	970	1053	230	1	83	0.0120482
NODE_499_length_3392_cov_41.514728	970	1053	232	1	83	0.0120482
NODE_499_length_3392_cov_41.514728	970	1053	233	1	83	0.0120482
NODE_499_length_3392_cov_41.514728	970	1053	237	1	83	0.0120482
NODE_501_length_3389_cov_8.244073	2159	2239	0	80	80	1.0000000
NODE_501_length_3389_cov_8.244073	2212	2292	0	80	80	1.0000000
NODE_506_length_3363_cov_4.412684	56	124	8	3	68	0.0441176
NODE_506_length_3363_cov_4.412684	56	124	10	1	68	0.0147059
NODE_506_length_3363_cov_4.412684	56	124	12	4	68	0.0588235
NODE_506_length_3363_cov_4.412684	56	124	14	6	68	0.0882353
NODE_506_length_3363_cov_4.412684	56	124	16	3	68	0.0441176
NODE_506_length_3363_cov_4.412684	56	124	18	51	68	0.7500000
NODE_510_length_3353_cov_2.687462	0	61	0	61	61	1.0000000
NODE_510_length_3353_cov_2.687462	0	61	0	61	61	1.0000000
NODE_510_length_3353_cov_2.687462	34	99	0	65	65	1.0000000
NODE_513_length_3348_cov_243.959372	2473	2553	168	1	80	0.0125000
NODE_513_length_3348_cov_243.959372	2473	2553	172	2	80	0.0250000
NODE_513_length_3348_cov_243.959372	2473	2553	173	1	80	0.0125000
NODE_513_length_3348_cov_243.959372	2473	2553	180	1	80	0.0125000
NODE_513_length_3348_cov_243.959372	2473	2553	183	1	80	0.0125000
NODE_513_length_3348_cov_243.959372	2473	2553	187	2	80	0.0250000
NODE_513_length_3348_cov_243.959372	2473	2553	189	1	80	0.0125000
NODE_513_length_3348_cov_243.959372	2473	2553	195	1	80	0.0125000
NODE_513_length_3348_cov_243.959372	2473	2553	201	2	80	0.0250000
NODE_513_length_3348_cov_243.959372	2473	2553	203	2	80	0.0250000
NODE_513_length_3348_cov_243.959372	2473	2553	205	1	80	0.0125000
NODE_513_length_3348_cov_243.959372	2473	2553	208	1	80	0.0125000
NODE_513_length_3348_cov_243.959372	2473	2553	210	1	80	0.0125000
NODE_513_length_3348_cov_243.959372	2473	2553	212	1	80	0.0125000
NODE_513_length_3348_cov_243.959372	2473	2553	216	1	80	0.0125000
NODE_513_length_3348_cov_243.959372	2473	2553	230	2	80	0.0250000
NODE_513_length_3348_cov_243.959372	2473	2553	232	1	80	0.0125000
NODE_513_length_3348_cov_243.959372	2473	2553	238	1	80	0.0125000
NODE_513_length_3348_cov_243.959372	2473	2553	244	2	80	0.0250000
NODE_513_length_3348_cov_243.959372	2473	2553	248	1	80	0.0125000
NODE_513_length_3348_cov_243.959372	2473	2553	252	1	80	0.0125000
NODE_513_length_3348_cov_243.959372	2473	2553	253	1	80	0.0125000
NODE_513_length_3348_cov_243.959372	2473	2553	255	1	80	0.0125000
NODE_513_length_3348_cov_243.959372	2473	2553	256	2	80	0.0250000
NODE_513_length_3348_cov_243.959372	2473	2553	259	2	80	0.0250000
NODE_513_length_3348_cov_243.959372	2473	2553	260	1	80	0.0125000
NODE_513_length_3348_cov_243.959372	2473	2553	262	1	80	0.0125000
NODE_513_length_3348_cov_243.959372	2473	2553	263	1	80	0.0125000
NODE_513_length_3348_cov_243.959372	2473	2553	265	1	80	0.0125000
NODE_513_length_3348_cov_243.959372	2473	2553	269	1	80	0.0125000
NODE_513_length_3348_cov_243.959372	2473	2553	270	1	80	0.0125000
NODE_513_length_3348_cov_243.959372	2473	2553	271	4	80	0.0500000
NODE_513_length_3348_cov_243.959372	2473	2553	275	1	80	0.0125000
NODE_513_length_3348_cov_243.959372	2473	2553	277	2	80	0.0250000
NODE_513_length_3348_cov_243.959372	2473	2553	279	3	80	0.0375000
NODE_513_length_3348_cov_243.959372	2473	2553	282	1	80	0.0125000
NODE_513_length_3348_cov_243.959372	2473	2553	283	1	80	0.0125000
NODE_513_length_3348_cov_243.959372	2473	2553	284	1	80	0.0125000
NODE_513_length_3348_cov_243.959372	2473	2553	285	1	80	0.0125000
NODE_513_length_3348_cov_243.959372	2473	2553	288	1	80	0.0125000
NODE_513_length_3348_cov_243.959372	2473	2553	294	3	80	0.0375000
NODE_513_length_3348_cov_243.959372	2473	2553	296	1	80	0.0125000
NODE_513_length_3348_cov_243.959372	2473	2553	304	2	80	0.0250000
NODE_513_length_3348_cov_243.959372	2473	2553	306	1	80	0.0125000
NODE_513_length_3348_cov_243.959372	2473	2553	308	1	80	0.0125000
NODE_513_length_3348_cov_243.959372	2473	2553	319	1	80	0.0125000
NODE_513_length_3348_cov_243.959372	2473	2553	321	1	80	0.0125000
NODE_513_length_3348_cov_243.959372	2473	2553	322	1	80	0.0125000
NODE_513_length_3348_cov_243.959372	2473	2553	324	1	80	0.0125000
NODE_513_length_3348_cov_243.959372	2473	2553	326	1	80	0.0125000
NODE_513_length_3348_cov_243.959372	2473	2553	328	1	80	0.0125000
NODE_513_length_3348_cov_243.959372	2473	2553	329	1	80	0.0125000
NODE_513_length_3348_cov_243.959372	2473	2553	331	3	80	0.0375000
NODE_513_length_3348_cov_243.959372	2473	2553	333	1	80	0.0125000
NODE_513_length_3348_cov_243.959372	2473	2553	334	1	80	0.0125000
NODE_513_length_3348_cov_243.959372	2473	2553	335	2	80	0.0250000
NODE_513_length_3348_cov_243.959372	2473	2553	337	1	80	0.0125000
NODE_513_length_3348_cov_243.959372	2473	2553	338	3	80	0.0375000
NODE_513_length_3348_cov_243.959372	2526	2606	199	3	80	0.0375000
NODE_513_length_3348_cov_243.959372	2526	2606	202	1	80	0.0125000
NODE_513_length_3348_cov_243.959372	2526	2606	203	2	80	0.0250000
NODE_513_length_3348_cov_243.959372	2526	2606	213	1	80	0.0125000
NODE_513_length_3348_cov_243.959372	2526	2606	214	1	80	0.0125000
NODE_513_length_3348_cov_243.959372	2526	2606	216	2	80	0.0250000
NODE_513_length_3348_cov_243.959372	2526	2606	218	1	80	0.0125000
NODE_513_length_3348_cov_243.959372	2526	2606	220	3	80	0.0375000
NODE_513_length_3348_cov_243.959372	2526	2606	226	1	80	0.0125000
NODE_513_length_3348_cov_243.959372	2526	2606	228	2	80	0.0250000
NODE_513_length_3348_cov_243.959372	2526	2606	232	1	80	0.0125000
NODE_513_length_3348_cov_243.959372	2526	2606	241	1	80	0.0125000
NODE_513_length_3348_cov_243.959372	2526	2606	256	1	80	0.0125000
NODE_513_length_3348_cov_243.959372	2526	2606	259	1	80	0.0125000
NODE_513_length_3348_cov_243.959372	2526	2606	261	2	80	0.0250000
NODE_513_length_3348_cov_243.959372	2526	2606	265	3	80	0.0375000
NODE_513_length_3348_cov_243.959372	2526	2606	267	3	80	0.0375000
NODE_513_length_3348_cov_243.959372	2526	2606	283	1	80	0.0125000
NODE_513_length_3348_cov_243.959372	2526	2606	287	1	80	0.0125000
NODE_513_length_3348_cov_243.959372	2526	2606	288	1	80	0.0125000
NODE_513_length_3348_cov_243.959372	2526	2606	289	1	80	0.0125000
NODE_513_length_3348_cov_243.959372	2526	2606	292	1	80	0.0125000
NODE_513_length_3348_cov_243.959372	2526	2606	294	3	80	0.0375000
NODE_513_length_3348_cov_243.959372	2526	2606	295	1	80	0.0125000
NODE_513_length_3348_cov_243.959372	2526	2606	296	2	80	0.0250000
NODE_513_length_3348_cov_243.959372	2526	2606	297	1	80	0.0125000
NODE_513_length_3348_cov_243.959372	2526	2606	298	1	80	0.0125000
NODE_513_length_3348_cov_243.959372	2526	2606	299	1	80	0.0125000
NODE_513_length_3348_cov_243.959372	2526	2606	301	1	80	0.0125000
NODE_513_length_3348_cov_243.959372	2526	2606	302	1	80	0.0125000
NODE_513_length_3348_cov_243.959372	2526	2606	304	3	80	0.0375000
NODE_513_length_3348_cov_243.959372	2526	2606	306	1	80	0.0125000
NODE_513_length_3348_cov_243.959372	2526	2606	308	1	80	0.0125000
NODE_513_length_3348_cov_243.959372	2526	2606	310	1	80	0.0125000
NODE_513_length_3348_cov_243.959372	2526	2606	316	1	80	0.0125000
NODE_513_length_3348_cov_243.959372	2526	2606	319	1	80	0.0125000
NODE_513_length_3348_cov_243.959372	2526	2606	321	1	80	0.0125000
NODE_513_length_3348_cov_243.959372	2526	2606	322	2	80	0.0250000
NODE_513_length_3348_cov_243.959372	2526	2606	324	3	80	0.0375000
NODE_513_length_3348_cov_243.959372	2526	2606	326	4	80	0.0500000
NODE_513_length_3348_cov_243.959372	2526	2606	327	2	80	0.0250000
NODE_513_length_3348_cov_243.959372	2526	2606	328	1	80	0.0125000
NODE_513_length_3348_cov_243.959372	2526	2606	329	1	80	0.0125000
NODE_513_length_3348_cov_243.959372	2526	2606	331	4	80	0.0500000
NODE_513_length_3348_cov_243.959372	2526	2606	333	1	80	0.0125000
NODE_513_length_3348_cov_243.959372	2526	2606	334	1	80	0.0125000
NODE_513_length_3348_cov_243.959372	2526	2606	335	3	80	0.0375000
NODE_513_length_3348_cov_243.959372	2526	2606	337	1	80	0.0125000
NODE_513_length_3348_cov_243.959372	2526	2606	338	3	80	0.0375000
NODE_514_length_3348_cov_31.953216	103	183	4	7	80	0.0875000
NODE_514_length_3348_cov_31.953216	103	183	6	22	80	0.2750000
NODE_514_length_3348_cov_31.953216	103	183	8	3	80	0.0375000
NODE_514_length_3348_cov_31.953216	103	183	11	5	80	0.0625000
NODE_514_length_3348_cov_31.953216	103	183	12	4	80	0.0500000
NODE_514_length_3348_cov_31.953216	103	183	13	4	80	0.0500000
NODE_514_length_3348_cov_31.953216	103	183	14	28	80	0.3500000
NODE_514_length_3348_cov_31.953216	103	183	16	7	80	0.0875000
NODE_514_length_3348_cov_31.953216	105	179	4	5	74	0.0675676
NODE_514_length_3348_cov_31.953216	105	179	6	22	74	0.2972973
NODE_514_length_3348_cov_31.953216	105	179	8	3	74	0.0405405
NODE_514_length_3348_cov_31.953216	105	179	11	5	74	0.0675676
NODE_514_length_3348_cov_31.953216	105	179	12	4	74	0.0540541
NODE_514_length_3348_cov_31.953216	105	179	13	4	74	0.0540541
NODE_514_length_3348_cov_31.953216	105	179	14	28	74	0.3783784
NODE_514_length_3348_cov_31.953216	105	179	16	3	74	0.0405405
NODE_514_length_3348_cov_31.953216	156	236	9	11	80	0.1375000
NODE_514_length_3348_cov_31.953216	156	236	11	10	80	0.1250000
NODE_514_length_3348_cov_31.953216	156	236	12	4	80	0.0500000
NODE_514_length_3348_cov_31.953216	156	236	13	1	80	0.0125000
NODE_514_length_3348_cov_31.953216	156	236	14	23	80	0.2875000
NODE_514_length_3348_cov_31.953216	156	236	16	31	80	0.3875000
NODE_514_length_3348_cov_31.953216	156	236	9	11	80	0.1375000
NODE_514_length_3348_cov_31.953216	156	236	11	10	80	0.1250000
NODE_514_length_3348_cov_31.953216	156	236	12	4	80	0.0500000
NODE_514_length_3348_cov_31.953216	156	236	13	1	80	0.0125000
NODE_514_length_3348_cov_31.953216	156	236	14	23	80	0.2875000
NODE_514_length_3348_cov_31.953216	156	236	16	31	80	0.3875000
NODE_514_length_3348_cov_31.953216	2405	2476	26	4	71	0.0563380
NODE_514_length_3348_cov_31.953216	2405	2476	28	1	71	0.0140845
NODE_514_length_3348_cov_31.953216	2405	2476	33	4	71	0.0563380
NODE_514_length_3348_cov_31.953216	2405	2476	35	1	71	0.0140845
NODE_514_length_3348_cov_31.953216	2405	2476	37	3	71	0.0422535
NODE_514_length_3348_cov_31.953216	2405	2476	39	4	71	0.0563380
NODE_514_length_3348_cov_31.953216	2405	2476	41	3	71	0.0422535
NODE_514_length_3348_cov_31.953216	2405	2476	43	2	71	0.0281690
NODE_514_length_3348_cov_31.953216	2405	2476	44	2	71	0.0281690
NODE_514_length_3348_cov_31.953216	2405	2476	48	3	71	0.0422535
NODE_514_length_3348_cov_31.953216	2405	2476	50	2	71	0.0281690
NODE_514_length_3348_cov_31.953216	2405	2476	54	1	71	0.0140845
NODE_514_length_3348_cov_31.953216	2405	2476	60	4	71	0.0563380
NODE_514_length_3348_cov_31.953216	2405	2476	62	2	71	0.0281690
NODE_514_length_3348_cov_31.953216	2405	2476	64	1	71	0.0140845
NODE_514_length_3348_cov_31.953216	2405	2476	66	2	71	0.0281690
NODE_514_length_3348_cov_31.953216	2405	2476	70	2	71	0.0281690
NODE_514_length_3348_cov_31.953216	2405	2476	72	1	71	0.0140845
NODE_514_length_3348_cov_31.953216	2405	2476	76	5	71	0.0704225
NODE_514_length_3348_cov_31.953216	2405	2476	78	1	71	0.0140845
NODE_514_length_3348_cov_31.953216	2405	2476	84	4	71	0.0563380
NODE_514_length_3348_cov_31.953216	2405	2476	86	7	71	0.0985916
NODE_514_length_3348_cov_31.953216	2405	2476	90	2	71	0.0281690
NODE_514_length_3348_cov_31.953216	2405	2476	91	1	71	0.0140845
NODE_514_length_3348_cov_31.953216	2405	2476	95	9	71	0.1267606
NODE_514_length_3348_cov_31.953216	2458	2529	86	7	71	0.0985916
NODE_514_length_3348_cov_31.953216	2458	2529	88	1	71	0.0140845
NODE_514_length_3348_cov_31.953216	2458	2529	90	8	71	0.1126761
NODE_514_length_3348_cov_31.953216	2458	2529	91	1	71	0.0140845
NODE_514_length_3348_cov_31.953216	2458	2529	92	2	71	0.0281690
NODE_514_length_3348_cov_31.953216	2458	2529	95	9	71	0.1267606
NODE_514_length_3348_cov_31.953216	2458	2529	96	10	71	0.1408451
NODE_514_length_3348_cov_31.953216	2458	2529	98	4	71	0.0563380
NODE_514_length_3348_cov_31.953216	2458	2529	100	2	71	0.0281690
NODE_514_length_3348_cov_31.953216	2458	2529	102	2	71	0.0281690
NODE_514_length_3348_cov_31.953216	2458	2529	104	5	71	0.0704225
NODE_514_length_3348_cov_31.953216	2458	2529	106	8	71	0.1126761
NODE_514_length_3348_cov_31.953216	2458	2529	108	9	71	0.1267606
NODE_514_length_3348_cov_31.953216	2458	2529	110	3	71	0.0422535
NODE_517_length_3335_cov_19.649567	2100	2180	2	37	80	0.4625000
NODE_517_length_3335_cov_19.649567	2100	2180	4	43	80	0.5375000
NODE_517_length_3335_cov_19.649567	2153	2233	0	31	80	0.3875000
NODE_517_length_3335_cov_19.649567	2153	2233	2	49	80	0.6125000
NODE_517_length_3335_cov_19.649567	2229	2309	0	34	80	0.4250000
NODE_517_length_3335_cov_19.649567	2229	2309	2	36	80	0.4500000
NODE_517_length_3335_cov_19.649567	2229	2309	4	10	80	0.1250000
NODE_517_length_3335_cov_19.649567	2282	2362	2	31	80	0.3875000
NODE_517_length_3335_cov_19.649567	2282	2362	4	49	80	0.6125000
NODE_518_length_3333_cov_24.805504	734	814	0	62	80	0.7750000
NODE_518_length_3333_cov_24.805504	734	814	2	18	80	0.2250000
NODE_518_length_3333_cov_24.805504	787	867	0	9	80	0.1125000
NODE_518_length_3333_cov_24.805504	787	867	2	71	80	0.8875000
NODE_523_length_3312_cov_6.996576	85	165	2	4	80	0.0500000
NODE_523_length_3312_cov_6.996576	85	165	6	3	80	0.0375000
NODE_523_length_3312_cov_6.996576	85	165	8	5	80	0.0625000
NODE_523_length_3312_cov_6.996576	85	165	10	13	80	0.1625000
NODE_523_length_3312_cov_6.996576	85	165	12	2	80	0.0250000
NODE_523_length_3312_cov_6.996576	85	165	14	5	80	0.0625000
NODE_523_length_3312_cov_6.996576	85	165	16	48	80	0.6000000
NODE_523_length_3312_cov_6.996576	138	218	10	7	80	0.0875000
NODE_523_length_3312_cov_6.996576	138	218	12	6	80	0.0750000
NODE_523_length_3312_cov_6.996576	138	218	14	2	80	0.0250000
NODE_523_length_3312_cov_6.996576	138	218	16	65	80	0.8125000
NODE_525_length_3302_cov_3.859195	3184	3262	4	9	78	0.1153846
NODE_525_length_3302_cov_3.859195	3184	3262	6	69	78	0.8846154
NODE_525_length_3302_cov_3.859195	3184	3253	6	69	69	1.0000000
NODE_526_length_3299_cov_6.014687	1632	1688	2	1	56	0.0178571
NODE_526_length_3299_cov_6.014687	1632	1688	4	55	56	0.9821429
NODE_530_length_3290_cov_17.805390	773	853	2	47	80	0.5875000
NODE_530_length_3290_cov_17.805390	773	853	4	19	80	0.2375000
NODE_530_length_3290_cov_17.805390	773	853	6	14	80	0.1750000
NODE_530_length_3290_cov_17.805390	826	906	4	72	80	0.9000000
NODE_530_length_3290_cov_17.805390	826	906	6	8	80	0.1000000
NODE_531_length_3290_cov_12.352554	2749	2829	2	6	80	0.0750000
NODE_531_length_3290_cov_12.352554	2749	2829	4	29	80	0.3625000
NODE_531_length_3290_cov_12.352554	2749	2829	6	45	80	0.5625000
NODE_531_length_3290_cov_12.352554	2802	2882	0	14	80	0.1750000
NODE_531_length_3290_cov_12.352554	2802	2882	2	1	80	0.0125000
NODE_531_length_3290_cov_12.352554	2802	2882	4	25	80	0.3125000
NODE_531_length_3290_cov_12.352554	2802	2882	6	40	80	0.5000000
NODE_532_length_3286_cov_5.973015	0	50	0	10	50	0.2000000
NODE_532_length_3286_cov_5.973015	0	50	6	40	50	0.8000000
NODE_532_length_3286_cov_5.973015	0	50	0	10	50	0.2000000
NODE_532_length_3286_cov_5.973015	0	50	6	40	50	0.8000000
NODE_532_length_3286_cov_5.973015	0	50	0	10	50	0.2000000
NODE_532_length_3286_cov_5.973015	0	50	6	40	50	0.8000000
NODE_532_length_3286_cov_5.973015	23	89	6	66	66	1.0000000
NODE_532_length_3286_cov_5.973015	23	94	6	71	71	1.0000000
NODE_533_length_3284_cov_6.453689	313	392	4	79	79	1.0000000
NODE_533_length_3284_cov_6.453689	365	445	0	32	80	0.4000000
NODE_533_length_3284_cov_6.453689	365	445	4	48	80	0.6000000
NODE_541_length_3267_cov_12.768624	11	91	0	19	80	0.2375000
NODE_541_length_3267_cov_12.768624	11	91	2	11	80	0.1375000
NODE_541_length_3267_cov_12.768624	11	91	4	3	80	0.0375000
NODE_541_length_3267_cov_12.768624	11	91	6	10	80	0.1250000
NODE_541_length_3267_cov_12.768624	11	91	8	1	80	0.0125000
NODE_541_length_3267_cov_12.768624	11	91	10	5	80	0.0625000
NODE_541_length_3267_cov_12.768624	11	91	12	6	80	0.0750000
NODE_541_length_3267_cov_12.768624	11	91	14	8	80	0.1000000
NODE_541_length_3267_cov_12.768624	11	91	16	3	80	0.0375000
NODE_541_length_3267_cov_12.768624	11	91	17	11	80	0.1375000
NODE_541_length_3267_cov_12.768624	11	91	18	3	80	0.0375000
NODE_542_length_3266_cov_14.108304	2620	2684	30	6	64	0.0937500
NODE_542_length_3266_cov_14.108304	2620	2684	32	11	64	0.1718750
NODE_542_length_3266_cov_14.108304	2620	2684	33	4	64	0.0625000
NODE_542_length_3266_cov_14.108304	2620	2684	35	10	64	0.1562500
NODE_542_length_3266_cov_14.108304	2620	2684	37	3	64	0.0468750
NODE_542_length_3266_cov_14.108304	2620	2684	38	6	64	0.0937500
NODE_542_length_3266_cov_14.108304	2620	2684	39	17	64	0.2656250
NODE_542_length_3266_cov_14.108304	2620	2684	42	7	64	0.1093750
NODE_542_length_3266_cov_14.108304	2620	2684	30	6	64	0.0937500
NODE_542_length_3266_cov_14.108304	2620	2684	32	11	64	0.1718750
NODE_542_length_3266_cov_14.108304	2620	2684	33	4	64	0.0625000
NODE_542_length_3266_cov_14.108304	2620	2684	35	10	64	0.1562500
NODE_542_length_3266_cov_14.108304	2620	2684	37	3	64	0.0468750
NODE_542_length_3266_cov_14.108304	2620	2684	38	6	64	0.0937500
NODE_542_length_3266_cov_14.108304	2620	2684	39	17	64	0.2656250
NODE_542_length_3266_cov_14.108304	2620	2684	42	7	64	0.1093750
NODE_542_length_3266_cov_14.108304	2620	2684	30	6	64	0.0937500
NODE_542_length_3266_cov_14.108304	2620	2684	32	11	64	0.1718750
NODE_542_length_3266_cov_14.108304	2620	2684	33	4	64	0.0625000
NODE_542_length_3266_cov_14.108304	2620	2684	35	10	64	0.1562500
NODE_542_length_3266_cov_14.108304	2620	2684	37	3	64	0.0468750
NODE_542_length_3266_cov_14.108304	2620	2684	38	6	64	0.0937500
NODE_542_length_3266_cov_14.108304	2620	2684	39	17	64	0.2656250
NODE_542_length_3266_cov_14.108304	2620	2684	42	7	64	0.1093750
NODE_547_length_3242_cov_12.407891	391	471	2	55	80	0.6875000
NODE_547_length_3242_cov_12.407891	391	471	3	15	80	0.1875000
NODE_547_length_3242_cov_12.407891	391	471	4	10	80	0.1250000
NODE_547_length_3242_cov_12.407891	444	524	2	50	80	0.6250000
NODE_547_length_3242_cov_12.407891	444	524	4	30	80	0.3750000
NODE_550_length_3233_cov_19.903957	411	491	2	6	80	0.0750000
NODE_550_length_3233_cov_19.903957	411	491	4	10	80	0.1250000
NODE_550_length_3233_cov_19.903957	411	491	8	9	80	0.1125000
NODE_550_length_3233_cov_19.903957	411	491	10	12	80	0.1500000
NODE_550_length_3233_cov_19.903957	411	491	12	1	80	0.0125000
NODE_550_length_3233_cov_19.903957	411	491	15	42	80	0.5250000
NODE_550_length_3233_cov_19.903957	411	491	2	6	80	0.0750000
NODE_550_length_3233_cov_19.903957	411	491	4	10	80	0.1250000
NODE_550_length_3233_cov_19.903957	411	491	8	9	80	0.1125000
NODE_550_length_3233_cov_19.903957	411	491	10	12	80	0.1500000
NODE_550_length_3233_cov_19.903957	411	491	12	1	80	0.0125000
NODE_550_length_3233_cov_19.903957	411	491	15	42	80	0.5250000
NODE_550_length_3233_cov_19.903957	464	544	0	10	80	0.1250000
NODE_550_length_3233_cov_19.903957	464	544	2	4	80	0.0500000
NODE_550_length_3233_cov_19.903957	464	544	5	7	80	0.0875000
NODE_550_length_3233_cov_19.903957	464	544	7	4	80	0.0500000
NODE_550_length_3233_cov_19.903957	464	544	11	2	80	0.0250000
NODE_550_length_3233_cov_19.903957	464	544	13	21	80	0.2625000
NODE_550_length_3233_cov_19.903957	464	544	15	32	80	0.4000000
NODE_552_length_3232_cov_11.378870	2586	2621	0	35	35	1.0000000
NODE_555_length_3214_cov_22.853291	2090	2170	20	5	80	0.0625000
NODE_555_length_3214_cov_22.853291	2090	2170	22	1	80	0.0125000
NODE_555_length_3214_cov_22.853291	2090	2170	24	1	80	0.0125000
NODE_555_length_3214_cov_22.853291	2090	2170	27	5	80	0.0625000
NODE_555_length_3214_cov_22.853291	2090	2170	28	5	80	0.0625000
NODE_555_length_3214_cov_22.853291	2090	2170	29	2	80	0.0250000
NODE_555_length_3214_cov_22.853291	2090	2170	31	11	80	0.1375000
NODE_555_length_3214_cov_22.853291	2090	2170	33	3	80	0.0375000
NODE_555_length_3214_cov_22.853291	2090	2170	35	7	80	0.0875000
NODE_555_length_3214_cov_22.853291	2090	2170	40	9	80	0.1125000
NODE_555_length_3214_cov_22.853291	2090	2170	46	12	80	0.1500000
NODE_555_length_3214_cov_22.853291	2090	2170	48	1	80	0.0125000
NODE_555_length_3214_cov_22.853291	2090	2170	52	3	80	0.0375000
NODE_555_length_3214_cov_22.853291	2090	2170	54	6	80	0.0750000
NODE_555_length_3214_cov_22.853291	2090	2170	56	1	80	0.0125000
NODE_555_length_3214_cov_22.853291	2090	2170	57	6	80	0.0750000
NODE_555_length_3214_cov_22.853291	2090	2170	60	2	80	0.0250000
NODE_555_length_3214_cov_22.853291	2143	2223	44	8	80	0.1000000
NODE_555_length_3214_cov_22.853291	2143	2223	46	10	80	0.1250000
NODE_555_length_3214_cov_22.853291	2143	2223	47	4	80	0.0500000
NODE_555_length_3214_cov_22.853291	2143	2223	48	3	80	0.0375000
NODE_555_length_3214_cov_22.853291	2143	2223	49	1	80	0.0125000
NODE_555_length_3214_cov_22.853291	2143	2223	50	3	80	0.0375000
NODE_555_length_3214_cov_22.853291	2143	2223	52	7	80	0.0875000
NODE_555_length_3214_cov_22.853291	2143	2223	54	16	80	0.2000000
NODE_555_length_3214_cov_22.853291	2143	2223	56	2	80	0.0250000
NODE_555_length_3214_cov_22.853291	2143	2223	57	7	80	0.0875000
NODE_555_length_3214_cov_22.853291	2143	2223	58	16	80	0.2000000
NODE_555_length_3214_cov_22.853291	2143	2223	60	3	80	0.0375000
NODE_555_length_3214_cov_22.853291	3028	3086	6	1	58	0.0172414
NODE_555_length_3214_cov_22.853291	3028	3086	8	57	58	0.9827586
NODE_556_length_3211_cov_1.921915	95	175	0	8	80	0.1000000
NODE_556_length_3211_cov_1.921915	95	175	2	72	80	0.9000000
NODE_556_length_3211_cov_1.921915	148	178	0	11	30	0.3666667
NODE_556_length_3211_cov_1.921915	148	178	2	19	30	0.6333333
NODE_557_length_3210_cov_7.428480	2040	2111	0	5	71	0.0704225
NODE_557_length_3210_cov_7.428480	2040	2111	2	34	71	0.4788733
NODE_557_length_3210_cov_7.428480	2040	2111	4	32	71	0.4507042
NODE_557_length_3210_cov_7.428480	2084	2164	2	8	80	0.1000000
NODE_557_length_3210_cov_7.428480	2084	2164	4	72	80	0.9000000
NODE_557_length_3210_cov_7.428480	2715	2797	0	15	82	0.1829268
NODE_557_length_3210_cov_7.428480	2715	2797	2	12	82	0.1463415
NODE_557_length_3210_cov_7.428480	2715	2797	4	42	82	0.5121951
NODE_557_length_3210_cov_7.428480	2715	2797	6	13	82	0.1585366
NODE_557_length_3210_cov_7.428480	2770	2850	2	15	80	0.1875000
NODE_557_length_3210_cov_7.428480	2770	2850	4	31	80	0.3875000
NODE_557_length_3210_cov_7.428480	2770	2850	6	34	80	0.4250000
NODE_562_length_3201_cov_3.591231	3120	3200	0	80	80	1.0000000
NODE_566_length_3189_cov_69.446602	137	188	0	21	51	0.4117647
NODE_566_length_3189_cov_69.446602	137	188	2	14	51	0.2745098
NODE_566_length_3189_cov_69.446602	137	188	12	16	51	0.3137255
NODE_567_length_3188_cov_7.233085	1663	1743	10	5	80	0.0625000
NODE_567_length_3188_cov_7.233085	1663	1743	12	2	80	0.0250000
NODE_567_length_3188_cov_7.233085	1663	1743	14	20	80	0.2500000
NODE_567_length_3188_cov_7.233085	1663	1743	15	11	80	0.1375000
NODE_567_length_3188_cov_7.233085	1663	1743	16	4	80	0.0500000
NODE_567_length_3188_cov_7.233085	1663	1743	17	19	80	0.2375000
NODE_567_length_3188_cov_7.233085	1663	1743	18	17	80	0.2125000
NODE_567_length_3188_cov_7.233085	1663	1743	19	2	80	0.0250000
NODE_567_length_3188_cov_7.233085	1716	1796	6	2	80	0.0250000
NODE_567_length_3188_cov_7.233085	1716	1796	8	21	80	0.2625000
NODE_567_length_3188_cov_7.233085	1716	1796	10	33	80	0.4125000
NODE_567_length_3188_cov_7.233085	1716	1796	12	4	80	0.0500000
NODE_567_length_3188_cov_7.233085	1716	1796	16	4	80	0.0500000
NODE_567_length_3188_cov_7.233085	1716	1796	18	16	80	0.2000000
NODE_570_length_3177_cov_2.789474	2021	2042	0	21	21	1.0000000
NODE_575_length_3158_cov_19.018960	840	920	0	22	80	0.2750000
NODE_575_length_3158_cov_19.018960	840	920	4	58	80	0.7250000
NODE_575_length_3158_cov_19.018960	893	973	0	1	80	0.0125000
NODE_575_length_3158_cov_19.018960	893	973	4	79	80	0.9875000
NODE_575_length_3158_cov_19.018960	2833	2915	0	82	82	1.0000000
NODE_575_length_3158_cov_19.018960	2888	2959	0	71	71	1.0000000
NODE_576_length_3150_cov_26.520813	770	850	23	11	80	0.1375000
NODE_576_length_3150_cov_26.520813	770	850	26	1	80	0.0125000
NODE_576_length_3150_cov_26.520813	770	850	27	11	80	0.1375000
NODE_576_length_3150_cov_26.520813	770	850	32	4	80	0.0500000
NODE_576_length_3150_cov_26.520813	770	850	33	19	80	0.2375000
NODE_576_length_3150_cov_26.520813	770	850	34	9	80	0.1125000
NODE_576_length_3150_cov_26.520813	770	850	39	16	80	0.2000000
NODE_576_length_3150_cov_26.520813	770	850	41	9	80	0.1125000
NODE_576_length_3150_cov_26.520813	823	901	12	9	78	0.1153846
NODE_576_length_3150_cov_26.520813	823	901	23	1	78	0.0128205
NODE_576_length_3150_cov_26.520813	823	901	24	2	78	0.0256410
NODE_576_length_3150_cov_26.520813	823	901	26	1	78	0.0128205
NODE_576_length_3150_cov_26.520813	823	901	28	2	78	0.0256410
NODE_576_length_3150_cov_26.520813	823	901	31	17	78	0.2179487
NODE_576_length_3150_cov_26.520813	823	901	32	10	78	0.1282051
NODE_576_length_3150_cov_26.520813	823	901	33	3	78	0.0384615
NODE_576_length_3150_cov_26.520813	823	901	35	1	78	0.0128205
NODE_576_length_3150_cov_26.520813	823	901	37	2	78	0.0256410
NODE_576_length_3150_cov_26.520813	823	901	39	21	78	0.2692308
NODE_576_length_3150_cov_26.520813	823	901	41	9	78	0.1153846
NODE_576_length_3150_cov_26.520813	2616	2696	6	3	80	0.0375000
NODE_576_length_3150_cov_26.520813	2616	2696	8	18	80	0.2250000
NODE_576_length_3150_cov_26.520813	2616	2696	14	11	80	0.1375000
NODE_576_length_3150_cov_26.520813	2616	2696	16	48	80	0.6000000
NODE_576_length_3150_cov_26.520813	2669	2749	2	7	80	0.0875000
NODE_576_length_3150_cov_26.520813	2669	2749	8	19	80	0.2375000
NODE_576_length_3150_cov_26.520813	2669	2749	10	20	80	0.2500000
NODE_576_length_3150_cov_26.520813	2669	2749	16	34	80	0.4250000
NODE_577_length_3150_cov_5.923959	2313	2393	16	45	80	0.5625000
NODE_577_length_3150_cov_5.923959	2313	2393	18	27	80	0.3375000
NODE_577_length_3150_cov_5.923959	2313	2393	20	8	80	0.1000000
NODE_579_length_3148_cov_2.313873	3053	3105	2	52	52	1.0000000
NODE_581_length_3146_cov_18.277322	2418	2498	2	49	80	0.6125000
NODE_581_length_3146_cov_18.277322	2418	2498	4	8	80	0.1000000
NODE_581_length_3146_cov_18.277322	2418	2498	6	23	80	0.2875000
NODE_581_length_3146_cov_18.277322	2471	2551	4	33	80	0.4125000
NODE_581_length_3146_cov_18.277322	2471	2551	6	37	80	0.4625000
NODE_581_length_3146_cov_18.277322	2471	2551	10	1	80	0.0125000
NODE_581_length_3146_cov_18.277322	2471	2551	11	2	80	0.0250000
NODE_581_length_3146_cov_18.277322	2471	2551	13	6	80	0.0750000
NODE_581_length_3146_cov_18.277322	2471	2551	15	1	80	0.0125000
NODE_581_length_3146_cov_18.277322	2547	2627	13	3	80	0.0375000
NODE_581_length_3146_cov_18.277322	2547	2627	15	1	80	0.0125000
NODE_581_length_3146_cov_18.277322	2547	2627	16	10	80	0.1250000
NODE_581_length_3146_cov_18.277322	2547	2627	17	7	80	0.0875000
NODE_581_length_3146_cov_18.277322	2547	2627	20	1	80	0.0125000
NODE_581_length_3146_cov_18.277322	2547	2627	21	4	80	0.0500000
NODE_581_length_3146_cov_18.277322	2547	2627	23	7	80	0.0875000
NODE_581_length_3146_cov_18.277322	2547	2627	24	1	80	0.0125000
NODE_581_length_3146_cov_18.277322	2547	2627	25	7	80	0.0875000
NODE_581_length_3146_cov_18.277322	2547	2627	31	29	80	0.3625000
NODE_581_length_3146_cov_18.277322	2547	2627	33	5	80	0.0625000
NODE_581_length_3146_cov_18.277322	2547	2627	35	5	80	0.0625000
NODE_581_length_3146_cov_18.277322	2600	2680	31	20	80	0.2500000
NODE_581_length_3146_cov_18.277322	2600	2680	33	5	80	0.0625000
NODE_581_length_3146_cov_18.277322	2600	2680	35	29	80	0.3625000
NODE_581_length_3146_cov_18.277322	2600	2680	37	26	80	0.3250000
NODE_581_length_3146_cov_18.277322	2975	3055	0	28	80	0.3500000
NODE_581_length_3146_cov_18.277322	2975	3055	2	52	80	0.6500000
NODE_585_length_3134_cov_8.717957	1290	1362	26	9	72	0.1250000
NODE_585_length_3134_cov_8.717957	1290	1362	28	16	72	0.2222222
NODE_585_length_3134_cov_8.717957	1290	1362	30	25	72	0.3472222
NODE_585_length_3134_cov_8.717957	1290	1362	32	22	72	0.3055556
NODE_585_length_3134_cov_8.717957	1335	1415	6	32	80	0.4000000
NODE_585_length_3134_cov_8.717957	1335	1415	8	1	80	0.0125000
NODE_585_length_3134_cov_8.717957	1335	1415	10	3	80	0.0375000
NODE_585_length_3134_cov_8.717957	1335	1415	12	1	80	0.0125000
NODE_585_length_3134_cov_8.717957	1335	1415	14	9	80	0.1125000
NODE_585_length_3134_cov_8.717957	1335	1415	16	1	80	0.0125000
NODE_585_length_3134_cov_8.717957	1335	1415	18	1	80	0.0125000
NODE_585_length_3134_cov_8.717957	1335	1415	20	3	80	0.0375000
NODE_585_length_3134_cov_8.717957	1335	1415	23	1	80	0.0125000
NODE_585_length_3134_cov_8.717957	1335	1415	30	6	80	0.0750000
NODE_585_length_3134_cov_8.717957	1335	1415	32	22	80	0.2750000
NODE_586_length_3131_cov_26.910620	232	312	2	19	80	0.2375000
NODE_586_length_3131_cov_26.910620	232	312	5	15	80	0.1875000
NODE_586_length_3131_cov_26.910620	232	312	6	41	80	0.5125000
NODE_586_length_3131_cov_26.910620	232	312	7	5	80	0.0625000
NODE_586_length_3131_cov_26.910620	285	364	2	15	79	0.1898734
NODE_586_length_3131_cov_26.910620	285	364	5	52	79	0.6582279
NODE_586_length_3131_cov_26.910620	285	364	6	7	79	0.0886076
NODE_586_length_3131_cov_26.910620	285	364	7	5	79	0.0632911
NODE_586_length_3131_cov_26.910620	2151	2231	18	3	80	0.0375000
NODE_586_length_3131_cov_26.910620	2151	2231	30	1	80	0.0125000
NODE_586_length_3131_cov_26.910620	2151	2231	32	11	80	0.1375000
NODE_586_length_3131_cov_26.910620	2151	2231	34	13	80	0.1625000
NODE_586_length_3131_cov_26.910620	2151	2231	35	21	80	0.2625000
NODE_586_length_3131_cov_26.910620	2151	2231	36	30	80	0.3750000
NODE_586_length_3131_cov_26.910620	2151	2231	37	1	80	0.0125000
NODE_586_length_3131_cov_26.910620	2155	2227	32	11	72	0.1527778
NODE_586_length_3131_cov_26.910620	2155	2227	34	13	72	0.1805556
NODE_586_length_3131_cov_26.910620	2155	2227	35	20	72	0.2777778
NODE_586_length_3131_cov_26.910620	2155	2227	36	27	72	0.3750000
NODE_586_length_3131_cov_26.910620	2155	2227	37	1	72	0.0138889
NODE_586_length_3131_cov_26.910620	2204	2284	26	21	80	0.2625000
NODE_586_length_3131_cov_26.910620	2204	2284	27	22	80	0.2750000
NODE_586_length_3131_cov_26.910620	2204	2284	33	3	80	0.0375000
NODE_586_length_3131_cov_26.910620	2204	2284	34	3	80	0.0375000
NODE_586_length_3131_cov_26.910620	2204	2284	35	5	80	0.0625000
NODE_586_length_3131_cov_26.910620	2204	2284	36	26	80	0.3250000
NODE_586_length_3131_cov_26.910620	2208	2284	26	21	76	0.2763158
NODE_586_length_3131_cov_26.910620	2208	2284	27	22	76	0.2894737
NODE_586_length_3131_cov_26.910620	2208	2284	33	3	76	0.0394737
NODE_586_length_3131_cov_26.910620	2208	2284	34	3	76	0.0394737
NODE_586_length_3131_cov_26.910620	2208	2284	35	5	76	0.0657895
NODE_586_length_3131_cov_26.910620	2208	2284	36	22	76	0.2894737
NODE_586_length_3131_cov_26.910620	2280	2360	8	12	80	0.1500000
NODE_586_length_3131_cov_26.910620	2280	2360	9	16	80	0.2000000
NODE_586_length_3131_cov_26.910620	2280	2360	11	18	80	0.2250000
NODE_586_length_3131_cov_26.910620	2280	2360	12	24	80	0.3000000
NODE_586_length_3131_cov_26.910620	2280	2360	25	4	80	0.0500000
NODE_586_length_3131_cov_26.910620	2280	2360	26	6	80	0.0750000
NODE_586_length_3131_cov_26.910620	2333	2413	6	50	80	0.6250000
NODE_586_length_3131_cov_26.910620	2333	2413	8	14	80	0.1750000
NODE_586_length_3131_cov_26.910620	2333	2413	11	16	80	0.2000000
NODE_590_length_3118_cov_5.059622	367	445	0	7	78	0.0897436
NODE_590_length_3118_cov_5.059622	367	445	6	24	78	0.3076923
NODE_590_length_3118_cov_5.059622	367	445	8	19	78	0.2435897
NODE_590_length_3118_cov_5.059622	367	445	10	28	78	0.3589744
NODE_590_length_3118_cov_5.059622	418	498	9	1	80	0.0125000
NODE_590_length_3118_cov_5.059622	418	498	10	79	80	0.9875000
NODE_591_length_3117_cov_5.938038	2525	2605	10	8	80	0.1000000
NODE_591_length_3117_cov_5.938038	2525	2605	16	12	80	0.1500000
NODE_591_length_3117_cov_5.938038	2525	2605	18	1	80	0.0125000
NODE_591_length_3117_cov_5.938038	2525	2605	20	59	80	0.7375000
NODE_591_length_3117_cov_5.938038	2578	2658	2	13	80	0.1625000
NODE_591_length_3117_cov_5.938038	2578	2658	8	13	80	0.1625000
NODE_591_length_3117_cov_5.938038	2578	2658	10	9	80	0.1125000
NODE_591_length_3117_cov_5.938038	2578	2658	15	5	80	0.0625000
NODE_591_length_3117_cov_5.938038	2578	2658	20	40	80	0.5000000
NODE_595_length_3110_cov_31.733643	2864	2923	0	19	59	0.3220339
NODE_595_length_3110_cov_31.733643	2864	2923	2	40	59	0.6779661
NODE_602_length_3093_cov_54.559786	571	651	0	8	80	0.1000000
NODE_602_length_3093_cov_54.559786	571	651	2	32	80	0.4000000
NODE_602_length_3093_cov_54.559786	571	651	6	40	80	0.5000000
NODE_602_length_3093_cov_54.559786	624	704	0	5	80	0.0625000
NODE_602_length_3093_cov_54.559786	624	704	2	1	80	0.0125000
NODE_602_length_3093_cov_54.559786	624	704	6	74	80	0.9250000
NODE_602_length_3093_cov_54.559786	2901	2981	57	2	80	0.0250000
NODE_602_length_3093_cov_54.559786	2901	2981	61	3	80	0.0375000
NODE_602_length_3093_cov_54.559786	2901	2981	63	2	80	0.0250000
NODE_602_length_3093_cov_54.559786	2901	2981	65	3	80	0.0375000
NODE_602_length_3093_cov_54.559786	2901	2981	67	10	80	0.1250000
NODE_602_length_3093_cov_54.559786	2901	2981	71	2	80	0.0250000
NODE_602_length_3093_cov_54.559786	2901	2981	75	3	80	0.0375000
NODE_602_length_3093_cov_54.559786	2901	2981	77	5	80	0.0625000
NODE_602_length_3093_cov_54.559786	2901	2981	81	2	80	0.0250000
NODE_602_length_3093_cov_54.559786	2901	2981	87	6	80	0.0750000
NODE_602_length_3093_cov_54.559786	2901	2981	89	1	80	0.0125000
NODE_602_length_3093_cov_54.559786	2901	2981	95	4	80	0.0500000
NODE_602_length_3093_cov_54.559786	2901	2981	97	5	80	0.0625000
NODE_602_length_3093_cov_54.559786	2901	2981	99	1	80	0.0125000
NODE_602_length_3093_cov_54.559786	2901	2981	101	5	80	0.0625000
NODE_602_length_3093_cov_54.559786	2901	2981	103	8	80	0.1000000
NODE_602_length_3093_cov_54.559786	2901	2981	105	11	80	0.1375000
NODE_602_length_3093_cov_54.559786	2901	2981	107	7	80	0.0875000
NODE_602_length_3093_cov_54.559786	2954	3034	45	4	80	0.0500000
NODE_602_length_3093_cov_54.559786	2954	3034	48	7	80	0.0875000
NODE_602_length_3093_cov_54.559786	2954	3034	50	2	80	0.0250000
NODE_602_length_3093_cov_54.559786	2954	3034	52	1	80	0.0125000
NODE_602_length_3093_cov_54.559786	2954	3034	55	2	80	0.0250000
NODE_602_length_3093_cov_54.559786	2954	3034	57	12	80	0.1500000
NODE_602_length_3093_cov_54.559786	2954	3034	67	1	80	0.0125000
NODE_602_length_3093_cov_54.559786	2954	3034	73	5	80	0.0625000
NODE_602_length_3093_cov_54.559786	2954	3034	75	1	80	0.0125000
NODE_602_length_3093_cov_54.559786	2954	3034	77	5	80	0.0625000
NODE_602_length_3093_cov_54.559786	2954	3034	79	3	80	0.0375000
NODE_602_length_3093_cov_54.559786	2954	3034	83	1	80	0.0125000
NODE_602_length_3093_cov_54.559786	2954	3034	89	1	80	0.0125000
NODE_602_length_3093_cov_54.559786	2954	3034	91	2	80	0.0250000
NODE_602_length_3093_cov_54.559786	2954	3034	93	1	80	0.0125000
NODE_602_length_3093_cov_54.559786	2954	3034	101	10	80	0.1250000
NODE_602_length_3093_cov_54.559786	2954	3034	103	4	80	0.0500000
NODE_602_length_3093_cov_54.559786	2954	3034	105	11	80	0.1375000
NODE_602_length_3093_cov_54.559786	2954	3034	107	7	80	0.0875000
NODE_603_length_3091_cov_35.895722	1743	1804	6	18	61	0.2950820
NODE_603_length_3091_cov_35.895722	1743	1804	8	43	61	0.7049180
NODE_603_length_3091_cov_35.895722	1777	1857	0	11	80	0.1375000
NODE_603_length_3091_cov_35.895722	1777	1857	2	8	80	0.1000000
NODE_603_length_3091_cov_35.895722	1777	1857	4	28	80	0.3500000
NODE_603_length_3091_cov_35.895722	1777	1857	6	11	80	0.1375000
NODE_603_length_3091_cov_35.895722	1777	1857	8	22	80	0.2750000
NODE_603_length_3091_cov_35.895722	2472	2535	2	63	63	1.0000000
NODE_603_length_3091_cov_35.895722	2508	2553	0	15	45	0.3333333
NODE_603_length_3091_cov_35.895722	2508	2553	2	30	45	0.6666667
NODE_603_length_3091_cov_35.895722	2534	2604	0	66	70	0.9428571
NODE_603_length_3091_cov_35.895722	2534	2604	2	4	70	0.0571429
NODE_603_length_3091_cov_35.895722	2578	2618	0	40	40	1.0000000
NODE_603_length_3091_cov_35.895722	2586	2623	0	37	37	1.0000000
NODE_603_length_3091_cov_35.895722	2626	2671	0	45	45	1.0000000
NODE_603_length_3091_cov_35.895722	2682	2730	2	48	48	1.0000000
NODE_603_length_3091_cov_35.895722	2918	2969	2	51	51	1.0000000
NODE_603_length_3091_cov_35.895722	2942	2987	2	45	45	1.0000000
NODE_603_length_3091_cov_35.895722	2994	3039	2	45	45	1.0000000
NODE_607_length_3079_cov_7.081879	2340	2420	4	6	80	0.0750000
NODE_607_length_3079_cov_7.081879	2340	2420	5	2	80	0.0250000
NODE_607_length_3079_cov_7.081879	2340	2420	6	51	80	0.6375000
NODE_607_length_3079_cov_7.081879	2340	2420	7	1	80	0.0125000
NODE_607_length_3079_cov_7.081879	2340	2420	8	20	80	0.2500000
NODE_607_length_3079_cov_7.081879	2886	2938	26	1	52	0.0192308
NODE_607_length_3079_cov_7.081879	2886	2938	27	1	52	0.0192308
NODE_607_length_3079_cov_7.081879	2886	2938	30	1	52	0.0192308
NODE_607_length_3079_cov_7.081879	2886	2938	31	1	52	0.0192308
NODE_607_length_3079_cov_7.081879	2886	2938	32	9	52	0.1730769
NODE_607_length_3079_cov_7.081879	2886	2938	34	1	52	0.0192308
NODE_607_length_3079_cov_7.081879	2886	2938	37	6	52	0.1153846
NODE_607_length_3079_cov_7.081879	2886	2938	38	1	52	0.0192308
NODE_607_length_3079_cov_7.081879	2886	2938	39	8	52	0.1538462
NODE_607_length_3079_cov_7.081879	2886	2938	41	6	52	0.1153846
NODE_607_length_3079_cov_7.081879	2886	2938	46	4	52	0.0769231
NODE_607_length_3079_cov_7.081879	2886	2938	48	1	52	0.0192308
NODE_607_length_3079_cov_7.081879	2886	2938	54	4	52	0.0769231
NODE_607_length_3079_cov_7.081879	2886	2938	57	1	52	0.0192308
NODE_607_length_3079_cov_7.081879	2886	2938	66	3	52	0.0576923
NODE_607_length_3079_cov_7.081879	2886	2938	68	1	52	0.0192308
NODE_607_length_3079_cov_7.081879	2886	2938	71	3	52	0.0576923
NODE_607_length_3079_cov_7.081879	2893	2959	32	6	66	0.0909091
NODE_607_length_3079_cov_7.081879	2893	2959	34	1	66	0.0151515
NODE_607_length_3079_cov_7.081879	2893	2959	37	6	66	0.0909091
NODE_607_length_3079_cov_7.081879	2893	2959	38	1	66	0.0151515
NODE_607_length_3079_cov_7.081879	2893	2959	39	8	66	0.1212121
NODE_607_length_3079_cov_7.081879	2893	2959	41	6	66	0.0909091
NODE_607_length_3079_cov_7.081879	2893	2959	46	4	66	0.0606061
NODE_607_length_3079_cov_7.081879	2893	2959	48	1	66	0.0151515
NODE_607_length_3079_cov_7.081879	2893	2959	54	4	66	0.0606061
NODE_607_length_3079_cov_7.081879	2893	2959	57	1	66	0.0151515
NODE_607_length_3079_cov_7.081879	2893	2959	66	3	66	0.0454545
NODE_607_length_3079_cov_7.081879	2893	2959	68	1	66	0.0151515
NODE_607_length_3079_cov_7.081879	2893	2959	71	3	66	0.0454545
NODE_607_length_3079_cov_7.081879	2893	2959	81	4	66	0.0606061
NODE_607_length_3079_cov_7.081879	2893	2959	86	6	66	0.0909091
NODE_607_length_3079_cov_7.081879	2893	2959	87	1	66	0.0151515
NODE_607_length_3079_cov_7.081879	2893	2959	89	2	66	0.0303030
NODE_607_length_3079_cov_7.081879	2893	2959	96	1	66	0.0151515
NODE_607_length_3079_cov_7.081879	2893	2959	100	2	66	0.0303030
NODE_607_length_3079_cov_7.081879	2893	2959	101	1	66	0.0151515
NODE_607_length_3079_cov_7.081879	2893	2959	102	1	66	0.0151515
NODE_607_length_3079_cov_7.081879	2893	2959	103	3	66	0.0454545
NODE_607_length_3079_cov_7.081879	2932	2993	66	2	61	0.0327869
NODE_607_length_3079_cov_7.081879	2932	2993	68	1	61	0.0163934
NODE_607_length_3079_cov_7.081879	2932	2993	71	3	61	0.0491803
NODE_607_length_3079_cov_7.081879	2932	2993	81	4	61	0.0655738
NODE_607_length_3079_cov_7.081879	2932	2993	86	6	61	0.0983607
NODE_607_length_3079_cov_7.081879	2932	2993	87	1	61	0.0163934
NODE_607_length_3079_cov_7.081879	2932	2993	89	2	61	0.0327869
NODE_607_length_3079_cov_7.081879	2932	2993	96	1	61	0.0163934
NODE_607_length_3079_cov_7.081879	2932	2993	100	2	61	0.0327869
NODE_607_length_3079_cov_7.081879	2932	2993	101	18	61	0.2950820
NODE_607_length_3079_cov_7.081879	2932	2993	102	18	61	0.2950820
NODE_607_length_3079_cov_7.081879	2932	2993	103	3	61	0.0491803
NODE_607_length_3079_cov_7.081879	2932	2995	66	2	63	0.0317460
NODE_607_length_3079_cov_7.081879	2932	2995	68	1	63	0.0158730
NODE_607_length_3079_cov_7.081879	2932	2995	71	3	63	0.0476190
NODE_607_length_3079_cov_7.081879	2932	2995	81	4	63	0.0634921
NODE_607_length_3079_cov_7.081879	2932	2995	86	6	63	0.0952381
NODE_607_length_3079_cov_7.081879	2932	2995	87	1	63	0.0158730
NODE_607_length_3079_cov_7.081879	2932	2995	89	2	63	0.0317460
NODE_607_length_3079_cov_7.081879	2932	2995	96	1	63	0.0158730
NODE_607_length_3079_cov_7.081879	2932	2995	100	3	63	0.0476190
NODE_607_length_3079_cov_7.081879	2932	2995	101	19	63	0.3015873
NODE_607_length_3079_cov_7.081879	2932	2995	102	18	63	0.2857143
NODE_607_length_3079_cov_7.081879	2932	2995	103	3	63	0.0476190
NODE_607_length_3079_cov_7.081879	2932	2995	66	2	63	0.0317460
NODE_607_length_3079_cov_7.081879	2932	2995	68	1	63	0.0158730
NODE_607_length_3079_cov_7.081879	2932	2995	71	3	63	0.0476190
NODE_607_length_3079_cov_7.081879	2932	2995	81	4	63	0.0634921
NODE_607_length_3079_cov_7.081879	2932	2995	86	6	63	0.0952381
NODE_607_length_3079_cov_7.081879	2932	2995	87	1	63	0.0158730
NODE_607_length_3079_cov_7.081879	2932	2995	89	2	63	0.0317460
NODE_607_length_3079_cov_7.081879	2932	2995	96	1	63	0.0158730
NODE_607_length_3079_cov_7.081879	2932	2995	100	3	63	0.0476190
NODE_607_length_3079_cov_7.081879	2932	2995	101	19	63	0.3015873
NODE_607_length_3079_cov_7.081879	2932	2995	102	18	63	0.2857143
NODE_607_length_3079_cov_7.081879	2932	2995	103	3	63	0.0476190
NODE_608_length_3077_cov_23.535259	1244	1321	2	36	77	0.4675325
NODE_608_length_3077_cov_23.535259	1244	1321	4	41	77	0.5324675
NODE_608_length_3077_cov_23.535259	1911	1991	0	57	80	0.7125000
NODE_608_length_3077_cov_23.535259	1911	1991	2	23	80	0.2875000
NODE_608_length_3077_cov_23.535259	1964	2016	0	4	52	0.0769231
NODE_608_length_3077_cov_23.535259	1964	2016	2	48	52	0.9230769
NODE_608_length_3077_cov_23.535259	2028	2114	4	11	86	0.1279070
NODE_608_length_3077_cov_23.535259	2028	2114	6	27	86	0.3139535
NODE_608_length_3077_cov_23.535259	2028	2114	9	1	86	0.0116279
NODE_608_length_3077_cov_23.535259	2028	2114	10	26	86	0.3023256
NODE_608_length_3077_cov_23.535259	2028	2114	14	21	86	0.2441860
NODE_609_length_3077_cov_8.693083	1157	1237	0	41	80	0.5125000
NODE_609_length_3077_cov_8.693083	1157	1237	8	2	80	0.0250000
NODE_609_length_3077_cov_8.693083	1157	1237	10	2	80	0.0250000
NODE_609_length_3077_cov_8.693083	1157	1237	11	14	80	0.1750000
NODE_609_length_3077_cov_8.693083	1157	1237	13	2	80	0.0250000
NODE_609_length_3077_cov_8.693083	1157	1237	15	9	80	0.1125000
NODE_609_length_3077_cov_8.693083	1157	1237	17	1	80	0.0125000
NODE_609_length_3077_cov_8.693083	1157	1237	21	3	80	0.0375000
NODE_609_length_3077_cov_8.693083	1157	1237	23	5	80	0.0625000
NODE_609_length_3077_cov_8.693083	1157	1237	25	1	80	0.0125000
NODE_609_length_3077_cov_8.693083	1161	1184	0	23	23	1.0000000
NODE_609_length_3077_cov_8.693083	1233	1313	23	3	80	0.0375000
NODE_609_length_3077_cov_8.693083	1233	1313	25	14	80	0.1750000
NODE_609_length_3077_cov_8.693083	1233	1313	29	6	80	0.0750000
NODE_609_length_3077_cov_8.693083	1233	1313	30	8	80	0.1000000
NODE_609_length_3077_cov_8.693083	1233	1313	33	4	80	0.0500000
NODE_609_length_3077_cov_8.693083	1233	1313	37	2	80	0.0250000
NODE_609_length_3077_cov_8.693083	1233	1313	38	1	80	0.0125000
NODE_609_length_3077_cov_8.693083	1233	1313	52	2	80	0.0250000
NODE_609_length_3077_cov_8.693083	1233	1313	53	1	80	0.0125000
NODE_609_length_3077_cov_8.693083	1233	1313	57	5	80	0.0625000
NODE_609_length_3077_cov_8.693083	1233	1313	58	2	80	0.0250000
NODE_609_length_3077_cov_8.693083	1233	1313	59	20	80	0.2500000
NODE_609_length_3077_cov_8.693083	1233	1313	60	11	80	0.1375000
NODE_609_length_3077_cov_8.693083	1233	1313	62	1	80	0.0125000
NODE_609_length_3077_cov_8.693083	1286	1352	40	10	66	0.1515152
NODE_609_length_3077_cov_8.693083	1286	1352	41	1	66	0.0151515
NODE_609_length_3077_cov_8.693083	1286	1352	53	9	66	0.1363636
NODE_609_length_3077_cov_8.693083	1286	1352	57	16	66	0.2424242
NODE_609_length_3077_cov_8.693083	1286	1352	58	2	66	0.0303030
NODE_609_length_3077_cov_8.693083	1286	1352	59	16	66	0.2424242
NODE_609_length_3077_cov_8.693083	1286	1352	60	11	66	0.1666667
NODE_609_length_3077_cov_8.693083	1286	1352	62	1	66	0.0151515
NODE_609_length_3077_cov_8.693083	2672	2757	7	6	85	0.0705882
NODE_609_length_3077_cov_8.693083	2672	2757	11	17	85	0.2000000
NODE_609_length_3077_cov_8.693083	2672	2757	12	6	85	0.0705882
NODE_609_length_3077_cov_8.693083	2672	2757	13	6	85	0.0705882
NODE_609_length_3077_cov_8.693083	2672	2757	14	10	85	0.1176471
NODE_609_length_3077_cov_8.693083	2672	2757	16	40	85	0.4705882
NODE_611_length_3074_cov_2.996303	2561	2629	28	1	68	0.0147059
NODE_611_length_3074_cov_2.996303	2561	2629	32	2	68	0.0294118
NODE_611_length_3074_cov_2.996303	2561	2629	34	1	68	0.0147059
NODE_611_length_3074_cov_2.996303	2561	2629	37	1	68	0.0147059
NODE_611_length_3074_cov_2.996303	2561	2629	43	1	68	0.0147059
NODE_611_length_3074_cov_2.996303	2561	2629	49	1	68	0.0147059
NODE_611_length_3074_cov_2.996303	2561	2629	53	1	68	0.0147059
NODE_611_length_3074_cov_2.996303	2561	2629	56	1	68	0.0147059
NODE_611_length_3074_cov_2.996303	2561	2629	61	1	68	0.0147059
NODE_611_length_3074_cov_2.996303	2561	2629	63	1	68	0.0147059
NODE_611_length_3074_cov_2.996303	2561	2629	65	3	68	0.0441176
NODE_611_length_3074_cov_2.996303	2561	2629	69	3	68	0.0441176
NODE_611_length_3074_cov_2.996303	2561	2629	71	5	68	0.0735294
NODE_611_length_3074_cov_2.996303	2561	2629	73	1	68	0.0147059
NODE_611_length_3074_cov_2.996303	2561	2629	75	8	68	0.1176471
NODE_611_length_3074_cov_2.996303	2561	2629	77	6	68	0.0882353
NODE_611_length_3074_cov_2.996303	2561	2629	78	2	68	0.0294118
NODE_611_length_3074_cov_2.996303	2561	2629	80	3	68	0.0441176
NODE_611_length_3074_cov_2.996303	2561	2629	82	1	68	0.0147059
NODE_611_length_3074_cov_2.996303	2561	2629	83	2	68	0.0294118
NODE_611_length_3074_cov_2.996303	2561	2629	84	6	68	0.0882353
NODE_611_length_3074_cov_2.996303	2561	2629	85	1	68	0.0147059
NODE_611_length_3074_cov_2.996303	2561	2629	86	3	68	0.0441176
NODE_611_length_3074_cov_2.996303	2561	2629	88	2	68	0.0294118
NODE_611_length_3074_cov_2.996303	2561	2629	92	4	68	0.0588235
NODE_611_length_3074_cov_2.996303	2561	2629	96	1	68	0.0147059
NODE_611_length_3074_cov_2.996303	2561	2629	98	2	68	0.0294118
NODE_611_length_3074_cov_2.996303	2561	2629	104	1	68	0.0147059
NODE_611_length_3074_cov_2.996303	2561	2629	106	2	68	0.0294118
NODE_611_length_3074_cov_2.996303	2561	2629	108	1	68	0.0147059
NODE_615_length_3069_cov_2.448822	2948	2991	2	43	43	1.0000000
NODE_616_length_3059_cov_20.037500	346	426	15	3	80	0.0375000
NODE_616_length_3059_cov_20.037500	346	426	19	2	80	0.0250000
NODE_616_length_3059_cov_20.037500	346	426	21	1	80	0.0125000
NODE_616_length_3059_cov_20.037500	346	426	29	1	80	0.0125000
NODE_616_length_3059_cov_20.037500	346	426	31	6	80	0.0750000
NODE_616_length_3059_cov_20.037500	346	426	33	4	80	0.0500000
NODE_616_length_3059_cov_20.037500	346	426	36	1	80	0.0125000
NODE_616_length_3059_cov_20.037500	346	426	38	5	80	0.0625000
NODE_616_length_3059_cov_20.037500	346	426	44	6	80	0.0750000
NODE_616_length_3059_cov_20.037500	346	426	46	5	80	0.0625000
NODE_616_length_3059_cov_20.037500	346	426	50	1	80	0.0125000
NODE_616_length_3059_cov_20.037500	346	426	52	4	80	0.0500000
NODE_616_length_3059_cov_20.037500	346	426	53	7	80	0.0875000
NODE_616_length_3059_cov_20.037500	346	426	55	10	80	0.1250000
NODE_616_length_3059_cov_20.037500	346	426	57	12	80	0.1500000
NODE_616_length_3059_cov_20.037500	346	426	59	2	80	0.0250000
NODE_616_length_3059_cov_20.037500	346	426	61	7	80	0.0875000
NODE_616_length_3059_cov_20.037500	346	426	63	3	80	0.0375000
NODE_616_length_3059_cov_20.037500	399	479	28	10	80	0.1250000
NODE_616_length_3059_cov_20.037500	399	479	30	11	80	0.1375000
NODE_616_length_3059_cov_20.037500	399	479	32	1	80	0.0125000
NODE_616_length_3059_cov_20.037500	399	479	33	4	80	0.0500000
NODE_616_length_3059_cov_20.037500	399	479	40	1	80	0.0125000
NODE_616_length_3059_cov_20.037500	399	479	42	3	80	0.0375000
NODE_616_length_3059_cov_20.037500	399	479	45	1	80	0.0125000
NODE_616_length_3059_cov_20.037500	399	479	46	14	80	0.1750000
NODE_616_length_3059_cov_20.037500	399	479	49	2	80	0.0250000
NODE_616_length_3059_cov_20.037500	399	479	51	1	80	0.0125000
NODE_616_length_3059_cov_20.037500	399	479	53	7	80	0.0875000
NODE_616_length_3059_cov_20.037500	399	479	55	2	80	0.0250000
NODE_616_length_3059_cov_20.037500	399	479	57	11	80	0.1375000
NODE_616_length_3059_cov_20.037500	399	479	59	2	80	0.0250000
NODE_616_length_3059_cov_20.037500	399	479	61	7	80	0.0875000
NODE_616_length_3059_cov_20.037500	399	479	63	3	80	0.0375000
NODE_616_length_3059_cov_20.037500	1317	1397	16	6	80	0.0750000
NODE_616_length_3059_cov_20.037500	1317	1397	17	13	80	0.1625000
NODE_616_length_3059_cov_20.037500	1317	1397	18	6	80	0.0750000
NODE_616_length_3059_cov_20.037500	1317	1397	19	11	80	0.1375000
NODE_616_length_3059_cov_20.037500	1317	1397	20	7	80	0.0875000
NODE_616_length_3059_cov_20.037500	1317	1397	21	11	80	0.1375000
NODE_616_length_3059_cov_20.037500	1317	1397	22	26	80	0.3250000
NODE_616_length_3059_cov_20.037500	1370	1447	4	8	77	0.1038961
NODE_616_length_3059_cov_20.037500	1370	1447	8	6	77	0.0779221
NODE_616_length_3059_cov_20.037500	1370	1447	10	8	77	0.1038961
NODE_616_length_3059_cov_20.037500	1370	1447	12	8	77	0.1038961
NODE_616_length_3059_cov_20.037500	1370	1447	14	11	77	0.1428571
NODE_616_length_3059_cov_20.037500	1370	1447	16	8	77	0.1038961
NODE_616_length_3059_cov_20.037500	1370	1447	17	13	77	0.1688312
NODE_616_length_3059_cov_20.037500	1370	1447	18	4	77	0.0519481
NODE_616_length_3059_cov_20.037500	1370	1447	19	11	77	0.1428571
NODE_616_length_3059_cov_20.037500	2514	2594	4	42	80	0.5250000
NODE_616_length_3059_cov_20.037500	2514	2594	5	2	80	0.0250000
NODE_616_length_3059_cov_20.037500	2514	2594	6	4	80	0.0500000
NODE_616_length_3059_cov_20.037500	2514	2594	8	32	80	0.4000000
NODE_616_length_3059_cov_20.037500	2567	2647	4	39	80	0.4875000
NODE_616_length_3059_cov_20.037500	2567	2647	8	41	80	0.5125000
NODE_617_length_3058_cov_21.767489	2802	2882	0	9	80	0.1125000
NODE_617_length_3058_cov_21.767489	2802	2882	4	8	80	0.1000000
NODE_617_length_3058_cov_21.767489	2802	2882	7	1	80	0.0125000
NODE_617_length_3058_cov_21.767489	2802	2882	8	23	80	0.2875000
NODE_617_length_3058_cov_21.767489	2802	2882	10	39	80	0.4875000
NODE_617_length_3058_cov_21.767489	2855	2930	8	8	75	0.1066667
NODE_617_length_3058_cov_21.767489	2855	2930	10	55	75	0.7333333
NODE_617_length_3058_cov_21.767489	2855	2930	11	1	75	0.0133333
NODE_617_length_3058_cov_21.767489	2855	2930	12	11	75	0.1466667
NODE_621_length_3047_cov_47.232361	418	489	0	22	71	0.3098592
NODE_621_length_3047_cov_47.232361	418	489	6	1	71	0.0140845
NODE_621_length_3047_cov_47.232361	418	489	8	48	71	0.6760563
NODE_621_length_3047_cov_47.232361	758	801	8	1	43	0.0232558
NODE_621_length_3047_cov_47.232361	758	801	10	1	43	0.0232558
NODE_621_length_3047_cov_47.232361	758	801	12	6	43	0.1395349
NODE_621_length_3047_cov_47.232361	758	801	17	5	43	0.1162791
NODE_621_length_3047_cov_47.232361	758	801	25	1	43	0.0232558
NODE_621_length_3047_cov_47.232361	758	801	31	20	43	0.4651163
NODE_621_length_3047_cov_47.232361	758	801	32	9	43	0.2093023
NODE_623_length_3044_cov_38.951783	1702	1782	4	35	80	0.4375000
NODE_623_length_3044_cov_38.951783	1702	1782	6	14	80	0.1750000
NODE_623_length_3044_cov_38.951783	1702	1782	10	31	80	0.3875000
NODE_623_length_3044_cov_38.951783	1755	1835	6	45	80	0.5625000
NODE_623_length_3044_cov_38.951783	1755	1835	10	35	80	0.4375000
NODE_623_length_3044_cov_38.951783	1831	1911	0	11	80	0.1375000
NODE_623_length_3044_cov_38.951783	1831	1911	4	17	80	0.2125000
NODE_623_length_3044_cov_38.951783	1831	1911	5	1	80	0.0125000
NODE_623_length_3044_cov_38.951783	1831	1911	6	9	80	0.1125000
NODE_623_length_3044_cov_38.951783	1831	1911	9	1	80	0.0125000
NODE_623_length_3044_cov_38.951783	1831	1911	10	41	80	0.5125000
NODE_623_length_3044_cov_38.951783	1884	1964	10	31	80	0.3875000
NODE_623_length_3044_cov_38.951783	1884	1964	12	4	80	0.0500000
NODE_623_length_3044_cov_38.951783	1884	1964	14	45	80	0.5625000
NODE_623_length_3044_cov_38.951783	2556	2636	3	3	80	0.0375000
NODE_623_length_3044_cov_38.951783	2556	2636	4	13	80	0.1625000
NODE_623_length_3044_cov_38.951783	2556	2636	7	8	80	0.1000000
NODE_623_length_3044_cov_38.951783	2556	2636	11	5	80	0.0625000
NODE_623_length_3044_cov_38.951783	2556	2636	12	8	80	0.1000000
NODE_623_length_3044_cov_38.951783	2556	2636	13	43	80	0.5375000
NODE_623_length_3044_cov_38.951783	2609	2689	2	43	80	0.5375000
NODE_623_length_3044_cov_38.951783	2609	2689	3	3	80	0.0375000
NODE_623_length_3044_cov_38.951783	2609	2689	4	23	80	0.2875000
NODE_623_length_3044_cov_38.951783	2609	2689	7	8	80	0.1000000
NODE_623_length_3044_cov_38.951783	2609	2689	11	3	80	0.0375000
NODE_625_length_3039_cov_3.258163	261	337	0	26	76	0.3421053
NODE_625_length_3039_cov_3.258163	261	337	2	50	76	0.6578947
NODE_625_length_3039_cov_3.258163	261	336	0	25	75	0.3333333
NODE_625_length_3039_cov_3.258163	261	336	2	50	75	0.6666667
NODE_625_length_3039_cov_3.258163	261	337	0	26	76	0.3421053
NODE_625_length_3039_cov_3.258163	261	337	2	50	76	0.6578947
NODE_625_length_3039_cov_3.258163	270	337	0	26	67	0.3880597
NODE_625_length_3039_cov_3.258163	270	337	2	41	67	0.6119403
NODE_627_length_3036_cov_8.968676	2303	2367	2	24	64	0.3750000
NODE_627_length_3036_cov_8.968676	2303	2367	4	40	64	0.6250000
NODE_627_length_3036_cov_8.968676	2340	2420	0	10	80	0.1250000
NODE_627_length_3036_cov_8.968676	2340	2420	2	26	80	0.3250000
NODE_627_length_3036_cov_8.968676	2340	2420	4	44	80	0.5500000
NODE_627_length_3036_cov_8.968676	2416	2496	0	50	80	0.6250000
NODE_627_length_3036_cov_8.968676	2416	2496	2	30	80	0.3750000
NODE_627_length_3036_cov_8.968676	2469	2549	2	80	80	1.0000000
NODE_629_length_3032_cov_7.470849	1026	1068	2	36	42	0.8571429
NODE_629_length_3032_cov_7.470849	1026	1068	4	6	42	0.1428571
NODE_630_length_3025_cov_11.862611	2371	2451	0	80	80	1.0000000
NODE_630_length_3025_cov_11.862611	2424	2504	0	80	80	1.0000000
NODE_630_length_3025_cov_11.862611	2500	2580	0	39	80	0.4875000
NODE_630_length_3025_cov_11.862611	2500	2580	2	10	80	0.1250000
NODE_630_length_3025_cov_11.862611	2500	2580	4	13	80	0.1625000
NODE_630_length_3025_cov_11.862611	2500	2580	6	18	80	0.2250000
NODE_630_length_3025_cov_11.862611	2553	2633	4	14	80	0.1750000
NODE_630_length_3025_cov_11.862611	2553	2633	6	66	80	0.8250000
NODE_635_length_3012_cov_33.100240	2379	2459	2	23	80	0.2875000
NODE_635_length_3012_cov_33.100240	2379	2459	4	1	80	0.0125000
NODE_635_length_3012_cov_33.100240	2379	2459	8	23	80	0.2875000
NODE_635_length_3012_cov_33.100240	2379	2459	10	3	80	0.0375000
NODE_635_length_3012_cov_33.100240	2379	2459	12	13	80	0.1625000
NODE_635_length_3012_cov_33.100240	2379	2459	18	17	80	0.2125000
NODE_635_length_3012_cov_33.100240	2432	2512	10	3	80	0.0375000
NODE_635_length_3012_cov_33.100240	2432	2512	12	12	80	0.1500000
NODE_635_length_3012_cov_33.100240	2432	2512	16	1	80	0.0125000
NODE_635_length_3012_cov_33.100240	2432	2512	18	64	80	0.8000000
NODE_637_length_3007_cov_11.843535	2641	2721	0	4	80	0.0500000
NODE_637_length_3007_cov_11.843535	2641	2721	2	76	80	0.9500000
NODE_643_length_2992_cov_2.636709	2032	2112	0	40	80	0.5000000
NODE_643_length_2992_cov_2.636709	2032	2112	2	40	80	0.5000000
NODE_643_length_2992_cov_2.636709	2085	2165	2	34	80	0.4250000
NODE_643_length_2992_cov_2.636709	2085	2165	3	4	80	0.0500000
NODE_643_length_2992_cov_2.636709	2085	2165	5	18	80	0.2250000
NODE_643_length_2992_cov_2.636709	2085	2165	6	24	80	0.3000000
NODE_646_length_2978_cov_4.883293	382	452	0	70	70	1.0000000
NODE_646_length_2978_cov_4.883293	1858	1938	0	16	80	0.2000000
NODE_646_length_2978_cov_4.883293	1858	1938	4	1	80	0.0125000
NODE_646_length_2978_cov_4.883293	1858	1938	5	42	80	0.5250000
NODE_646_length_2978_cov_4.883293	1858	1938	6	21	80	0.2625000
NODE_646_length_2978_cov_4.883293	1926	1991	6	65	65	1.0000000
NODE_646_length_2978_cov_4.883293	1987	2066	0	48	79	0.6075949
NODE_646_length_2978_cov_4.883293	1987	2066	6	31	79	0.3924051
NODE_646_length_2978_cov_4.883293	2040	2079	0	39	39	1.0000000
NODE_647_length_2976_cov_24.683003	1764	1844	5	1	80	0.0125000
NODE_647_length_2976_cov_24.683003	1764	1844	6	32	80	0.4000000
NODE_647_length_2976_cov_24.683003	1764	1844	9	1	80	0.0125000
NODE_647_length_2976_cov_24.683003	1764	1844	10	4	80	0.0500000
NODE_647_length_2976_cov_24.683003	1764	1844	11	19	80	0.2375000
NODE_647_length_2976_cov_24.683003	1764	1844	12	23	80	0.2875000
NODE_647_length_2976_cov_24.683003	1817	1897	10	12	80	0.1500000
NODE_647_length_2976_cov_24.683003	1817	1897	12	23	80	0.2875000
NODE_647_length_2976_cov_24.683003	1817	1897	15	7	80	0.0875000
NODE_647_length_2976_cov_24.683003	1817	1897	18	14	80	0.1750000
NODE_647_length_2976_cov_24.683003	1817	1897	20	7	80	0.0875000
NODE_647_length_2976_cov_24.683003	1817	1897	26	17	80	0.2125000
NODE_647_length_2976_cov_24.683003	1893	1973	26	18	80	0.2250000
NODE_647_length_2976_cov_24.683003	1893	1973	27	1	80	0.0125000
NODE_647_length_2976_cov_24.683003	1893	1973	31	10	80	0.1250000
NODE_647_length_2976_cov_24.683003	1893	1973	33	2	80	0.0250000
NODE_647_length_2976_cov_24.683003	1893	1973	36	1	80	0.0125000
NODE_647_length_2976_cov_24.683003	1893	1973	37	12	80	0.1500000
NODE_647_length_2976_cov_24.683003	1893	1973	38	3	80	0.0375000
NODE_647_length_2976_cov_24.683003	1893	1973	40	5	80	0.0625000
NODE_647_length_2976_cov_24.683003	1893	1973	43	1	80	0.0125000
NODE_647_length_2976_cov_24.683003	1893	1973	45	1	80	0.0125000
NODE_647_length_2976_cov_24.683003	1893	1973	46	2	80	0.0250000
NODE_647_length_2976_cov_24.683003	1893	1973	53	1	80	0.0125000
NODE_647_length_2976_cov_24.683003	1893	1973	54	23	80	0.2875000
NODE_647_length_2976_cov_24.683003	1946	2026	32	1	80	0.0125000
NODE_647_length_2976_cov_24.683003	1946	2026	33	1	80	0.0125000
NODE_647_length_2976_cov_24.683003	1946	2026	34	7	80	0.0875000
NODE_647_length_2976_cov_24.683003	1946	2026	42	7	80	0.0875000
NODE_647_length_2976_cov_24.683003	1946	2026	44	1	80	0.0125000
NODE_647_length_2976_cov_24.683003	1946	2026	45	1	80	0.0125000
NODE_647_length_2976_cov_24.683003	1946	2026	46	2	80	0.0250000
NODE_647_length_2976_cov_24.683003	1946	2026	49	7	80	0.0875000
NODE_647_length_2976_cov_24.683003	1946	2026	53	1	80	0.0125000
NODE_647_length_2976_cov_24.683003	1946	2026	54	52	80	0.6500000
NODE_651_length_2967_cov_16.146095	238	318	2	31	80	0.3875000
NODE_651_length_2967_cov_16.146095	238	318	4	27	80	0.3375000
NODE_651_length_2967_cov_16.146095	238	318	5	11	80	0.1375000
NODE_651_length_2967_cov_16.146095	238	318	6	11	80	0.1375000
NODE_651_length_2967_cov_16.146095	291	371	4	33	80	0.4125000
NODE_651_length_2967_cov_16.146095	291	371	5	11	80	0.1375000
NODE_651_length_2967_cov_16.146095	291	371	6	36	80	0.4500000
NODE_651_length_2967_cov_16.146095	367	447	4	15	80	0.1875000
NODE_651_length_2967_cov_16.146095	367	447	5	1	80	0.0125000
NODE_651_length_2967_cov_16.146095	367	447	6	20	80	0.2500000
NODE_651_length_2967_cov_16.146095	367	447	7	1	80	0.0125000
NODE_651_length_2967_cov_16.146095	367	447	8	43	80	0.5375000
NODE_651_length_2967_cov_16.146095	420	500	2	18	80	0.2250000
NODE_651_length_2967_cov_16.146095	420	500	4	25	80	0.3125000
NODE_651_length_2967_cov_16.146095	420	500	5	11	80	0.1375000
NODE_651_length_2967_cov_16.146095	420	500	6	10	80	0.1250000
NODE_651_length_2967_cov_16.146095	420	500	8	16	80	0.2000000
NODE_653_length_2965_cov_19.913468	92	134	14	11	42	0.2619048
NODE_653_length_2965_cov_19.913468	92	134	16	6	42	0.1428571
NODE_653_length_2965_cov_19.913468	92	134	22	1	42	0.0238095
NODE_653_length_2965_cov_19.913468	92	134	24	1	42	0.0238095
NODE_653_length_2965_cov_19.913468	92	134	26	1	42	0.0238095
NODE_653_length_2965_cov_19.913468	92	134	28	2	42	0.0476190
NODE_653_length_2965_cov_19.913468	92	134	32	20	42	0.4761905
NODE_653_length_2965_cov_19.913468	109	178	2	12	69	0.1739130
NODE_653_length_2965_cov_19.913468	109	178	4	14	69	0.2028985
NODE_653_length_2965_cov_19.913468	109	178	6	7	69	0.1014493
NODE_653_length_2965_cov_19.913468	109	178	8	5	69	0.0724638
NODE_653_length_2965_cov_19.913468	109	178	12	5	69	0.0724638
NODE_653_length_2965_cov_19.913468	109	178	14	12	69	0.1739130
NODE_653_length_2965_cov_19.913468	109	178	16	6	69	0.0869565
NODE_653_length_2965_cov_19.913468	109	178	22	1	69	0.0144928
NODE_653_length_2965_cov_19.913468	109	178	24	1	69	0.0144928
NODE_653_length_2965_cov_19.913468	109	178	26	1	69	0.0144928
NODE_653_length_2965_cov_19.913468	109	178	28	2	69	0.0289855
NODE_653_length_2965_cov_19.913468	109	178	32	3	69	0.0434783
NODE_653_length_2965_cov_19.913468	109	178	2	12	69	0.1739130
NODE_653_length_2965_cov_19.913468	109	178	4	14	69	0.2028985
NODE_653_length_2965_cov_19.913468	109	178	6	7	69	0.1014493
NODE_653_length_2965_cov_19.913468	109	178	8	5	69	0.0724638
NODE_653_length_2965_cov_19.913468	109	178	12	5	69	0.0724638
NODE_653_length_2965_cov_19.913468	109	178	14	12	69	0.1739130
NODE_653_length_2965_cov_19.913468	109	178	16	6	69	0.0869565
NODE_653_length_2965_cov_19.913468	109	178	22	1	69	0.0144928
NODE_653_length_2965_cov_19.913468	109	178	24	1	69	0.0144928
NODE_653_length_2965_cov_19.913468	109	178	26	1	69	0.0144928
NODE_653_length_2965_cov_19.913468	109	178	28	2	69	0.0289855
NODE_653_length_2965_cov_19.913468	109	178	32	3	69	0.0434783
NODE_653_length_2965_cov_19.913468	2298	2378	0	20	80	0.2500000
NODE_653_length_2965_cov_19.913468	2298	2378	2	59	80	0.7375000
NODE_653_length_2965_cov_19.913468	2298	2378	4	1	80	0.0125000
NODE_653_length_2965_cov_19.913468	2351	2431	2	26	80	0.3250000
NODE_653_length_2965_cov_19.913468	2351	2431	4	6	80	0.0750000
NODE_653_length_2965_cov_19.913468	2351	2431	6	13	80	0.1625000
NODE_653_length_2965_cov_19.913468	2351	2431	7	5	80	0.0625000
NODE_653_length_2965_cov_19.913468	2351	2431	8	23	80	0.2875000
NODE_653_length_2965_cov_19.913468	2351	2431	14	7	80	0.0875000
NODE_653_length_2965_cov_19.913468	2427	2507	14	31	80	0.3875000
NODE_653_length_2965_cov_19.913468	2427	2507	17	43	80	0.5375000
NODE_653_length_2965_cov_19.913468	2427	2507	19	6	80	0.0750000
NODE_653_length_2965_cov_19.913468	2480	2560	6	9	80	0.1125000
NODE_653_length_2965_cov_19.913468	2480	2560	7	5	80	0.0625000
NODE_653_length_2965_cov_19.913468	2480	2560	8	13	80	0.1625000
NODE_653_length_2965_cov_19.913468	2480	2560	10	7	80	0.0875000
NODE_653_length_2965_cov_19.913468	2480	2560	17	33	80	0.4125000
NODE_653_length_2965_cov_19.913468	2480	2560	18	13	80	0.1625000
NODE_656_length_2960_cov_35.741699	459	539	2	80	80	1.0000000
NODE_656_length_2960_cov_35.741699	512	592	0	28	80	0.3500000
NODE_656_length_2960_cov_35.741699	512	592	2	52	80	0.6500000
NODE_659_length_2951_cov_7.195652	1100	1141	19	2	41	0.0487805
NODE_659_length_2951_cov_7.195652	1100	1141	21	2	41	0.0487805
NODE_659_length_2951_cov_7.195652	1100	1141	22	1	41	0.0243902
NODE_659_length_2951_cov_7.195652	1100	1141	26	4	41	0.0975610
NODE_659_length_2951_cov_7.195652	1100	1141	28	3	41	0.0731707
NODE_659_length_2951_cov_7.195652	1100	1141	30	4	41	0.0975610
NODE_659_length_2951_cov_7.195652	1100	1141	32	2	41	0.0487805
NODE_659_length_2951_cov_7.195652	1100	1141	33	7	41	0.1707317
NODE_659_length_2951_cov_7.195652	1100	1141	35	12	41	0.2926829
NODE_659_length_2951_cov_7.195652	1100	1141	37	2	41	0.0487805
NODE_659_length_2951_cov_7.195652	1100	1141	39	2	41	0.0487805
NODE_665_length_2935_cov_37.693230	1492	1572	126	1	80	0.0125000
NODE_665_length_2935_cov_37.693230	1492	1572	128	1	80	0.0125000
NODE_665_length_2935_cov_37.693230	1492	1572	130	1	80	0.0125000
NODE_665_length_2935_cov_37.693230	1492	1572	134	1	80	0.0125000
NODE_665_length_2935_cov_37.693230	1492	1572	140	1	80	0.0125000
NODE_665_length_2935_cov_37.693230	1492	1572	144	2	80	0.0250000
NODE_665_length_2935_cov_37.693230	1492	1572	152	1	80	0.0125000
NODE_665_length_2935_cov_37.693230	1492	1572	156	1	80	0.0125000
NODE_665_length_2935_cov_37.693230	1492	1572	160	1	80	0.0125000
NODE_665_length_2935_cov_37.693230	1492	1572	166	1	80	0.0125000
NODE_665_length_2935_cov_37.693230	1492	1572	171	1	80	0.0125000
NODE_665_length_2935_cov_37.693230	1492	1572	172	1	80	0.0125000
NODE_665_length_2935_cov_37.693230	1492	1572	174	1	80	0.0125000
NODE_665_length_2935_cov_37.693230	1492	1572	176	2	80	0.0250000
NODE_665_length_2935_cov_37.693230	1492	1572	179	1	80	0.0125000
NODE_665_length_2935_cov_37.693230	1492	1572	180	1	80	0.0125000
NODE_665_length_2935_cov_37.693230	1492	1572	181	1	80	0.0125000
NODE_665_length_2935_cov_37.693230	1492	1572	182	4	80	0.0500000
NODE_665_length_2935_cov_37.693230	1492	1572	184	3	80	0.0375000
NODE_665_length_2935_cov_37.693230	1492	1572	185	2	80	0.0250000
NODE_665_length_2935_cov_37.693230	1492	1572	186	3	80	0.0375000
NODE_665_length_2935_cov_37.693230	1492	1572	189	1	80	0.0125000
NODE_665_length_2935_cov_37.693230	1492	1572	190	2	80	0.0250000
NODE_665_length_2935_cov_37.693230	1492	1572	192	4	80	0.0500000
NODE_665_length_2935_cov_37.693230	1492	1572	194	1	80	0.0125000
NODE_665_length_2935_cov_37.693230	1492	1572	195	1	80	0.0125000
NODE_665_length_2935_cov_37.693230	1492	1572	196	7	80	0.0875000
NODE_665_length_2935_cov_37.693230	1492	1572	197	2	80	0.0250000
NODE_665_length_2935_cov_37.693230	1492	1572	199	13	80	0.1625000
NODE_665_length_2935_cov_37.693230	1492	1572	201	5	80	0.0625000
NODE_665_length_2935_cov_37.693230	1492	1572	203	13	80	0.1625000
NODE_665_length_2935_cov_37.693230	1534	1589	140	1	55	0.0181818
NODE_665_length_2935_cov_37.693230	1534	1589	141	1	55	0.0181818
NODE_665_length_2935_cov_37.693230	1534	1589	143	1	55	0.0181818
NODE_665_length_2935_cov_37.693230	1534	1589	145	1	55	0.0181818
NODE_665_length_2935_cov_37.693230	1534	1589	147	1	55	0.0181818
NODE_665_length_2935_cov_37.693230	1534	1589	155	2	55	0.0363636
NODE_665_length_2935_cov_37.693230	1534	1589	156	1	55	0.0181818
NODE_665_length_2935_cov_37.693230	1534	1589	160	1	55	0.0181818
NODE_665_length_2935_cov_37.693230	1534	1589	164	1	55	0.0181818
NODE_665_length_2935_cov_37.693230	1534	1589	165	2	55	0.0363636
NODE_665_length_2935_cov_37.693230	1534	1589	166	2	55	0.0363636
NODE_665_length_2935_cov_37.693230	1534	1589	167	1	55	0.0181818
NODE_665_length_2935_cov_37.693230	1534	1589	170	1	55	0.0181818
NODE_665_length_2935_cov_37.693230	1534	1589	171	1	55	0.0181818
NODE_665_length_2935_cov_37.693230	1534	1589	172	2	55	0.0363636
NODE_665_length_2935_cov_37.693230	1534	1589	174	1	55	0.0181818
NODE_665_length_2935_cov_37.693230	1534	1589	176	1	55	0.0181818
NODE_665_length_2935_cov_37.693230	1534	1589	179	1	55	0.0181818
NODE_665_length_2935_cov_37.693230	1534	1589	180	1	55	0.0181818
NODE_665_length_2935_cov_37.693230	1534	1589	181	1	55	0.0181818
NODE_665_length_2935_cov_37.693230	1534	1589	182	1	55	0.0181818
NODE_665_length_2935_cov_37.693230	1534	1589	184	2	55	0.0363636
NODE_665_length_2935_cov_37.693230	1534	1589	185	2	55	0.0363636
NODE_665_length_2935_cov_37.693230	1534	1589	189	1	55	0.0181818
NODE_665_length_2935_cov_37.693230	1534	1589	190	1	55	0.0181818
NODE_665_length_2935_cov_37.693230	1534	1589	195	1	55	0.0181818
NODE_665_length_2935_cov_37.693230	1534	1589	199	10	55	0.1818182
NODE_665_length_2935_cov_37.693230	1534	1589	201	3	55	0.0545455
NODE_665_length_2935_cov_37.693230	1534	1589	203	10	55	0.1818182
NODE_665_length_2935_cov_37.693230	1545	1619	63	1	74	0.0135135
NODE_665_length_2935_cov_37.693230	1545	1619	65	2	74	0.0270270
NODE_665_length_2935_cov_37.693230	1545	1619	69	2	74	0.0270270
NODE_665_length_2935_cov_37.693230	1545	1619	70	1	74	0.0135135
NODE_665_length_2935_cov_37.693230	1545	1619	73	2	74	0.0270270
NODE_665_length_2935_cov_37.693230	1545	1619	75	1	74	0.0135135
NODE_665_length_2935_cov_37.693230	1545	1619	79	1	74	0.0135135
NODE_665_length_2935_cov_37.693230	1545	1619	80	4	74	0.0540541
NODE_665_length_2935_cov_37.693230	1545	1619	82	1	74	0.0135135
NODE_665_length_2935_cov_37.693230	1545	1619	84	1	74	0.0135135
NODE_665_length_2935_cov_37.693230	1545	1619	86	3	74	0.0405405
NODE_665_length_2935_cov_37.693230	1545	1619	90	1	74	0.0135135
NODE_665_length_2935_cov_37.693230	1545	1619	95	1	74	0.0135135
NODE_665_length_2935_cov_37.693230	1545	1619	97	1	74	0.0135135
NODE_665_length_2935_cov_37.693230	1545	1619	98	1	74	0.0135135
NODE_665_length_2935_cov_37.693230	1545	1619	102	1	74	0.0135135
NODE_665_length_2935_cov_37.693230	1545	1619	104	1	74	0.0135135
NODE_665_length_2935_cov_37.693230	1545	1619	110	1	74	0.0135135
NODE_665_length_2935_cov_37.693230	1545	1619	122	1	74	0.0135135
NODE_665_length_2935_cov_37.693230	1545	1619	135	1	74	0.0135135
NODE_665_length_2935_cov_37.693230	1545	1619	137	1	74	0.0135135
NODE_665_length_2935_cov_37.693230	1545	1619	140	1	74	0.0135135
NODE_665_length_2935_cov_37.693230	1545	1619	141	2	74	0.0270270
NODE_665_length_2935_cov_37.693230	1545	1619	143	1	74	0.0135135
NODE_665_length_2935_cov_37.693230	1545	1619	145	1	74	0.0135135
NODE_665_length_2935_cov_37.693230	1545	1619	147	1	74	0.0135135
NODE_665_length_2935_cov_37.693230	1545	1619	155	2	74	0.0270270
NODE_665_length_2935_cov_37.693230	1545	1619	156	1	74	0.0135135
NODE_665_length_2935_cov_37.693230	1545	1619	160	1	74	0.0135135
NODE_665_length_2935_cov_37.693230	1545	1619	164	1	74	0.0135135
NODE_665_length_2935_cov_37.693230	1545	1619	165	2	74	0.0270270
NODE_665_length_2935_cov_37.693230	1545	1619	166	2	74	0.0270270
NODE_665_length_2935_cov_37.693230	1545	1619	167	1	74	0.0135135
NODE_665_length_2935_cov_37.693230	1545	1619	170	1	74	0.0135135
NODE_665_length_2935_cov_37.693230	1545	1619	171	1	74	0.0135135
NODE_665_length_2935_cov_37.693230	1545	1619	172	2	74	0.0270270
NODE_665_length_2935_cov_37.693230	1545	1619	174	1	74	0.0135135
NODE_665_length_2935_cov_37.693230	1545	1619	176	1	74	0.0135135
NODE_665_length_2935_cov_37.693230	1545	1619	179	1	74	0.0135135
NODE_665_length_2935_cov_37.693230	1545	1619	180	1	74	0.0135135
NODE_665_length_2935_cov_37.693230	1545	1619	181	1	74	0.0135135
NODE_665_length_2935_cov_37.693230	1545	1619	182	1	74	0.0135135
NODE_665_length_2935_cov_37.693230	1545	1619	184	2	74	0.0270270
NODE_665_length_2935_cov_37.693230	1545	1619	185	2	74	0.0270270
NODE_665_length_2935_cov_37.693230	1545	1619	189	1	74	0.0135135
NODE_665_length_2935_cov_37.693230	1545	1619	190	1	74	0.0135135
NODE_665_length_2935_cov_37.693230	1545	1619	195	1	74	0.0135135
NODE_665_length_2935_cov_37.693230	1545	1619	199	9	74	0.1216216
NODE_665_length_2935_cov_37.693230	1545	1619	201	2	74	0.0270270
NODE_665_length_2935_cov_37.693230	1545	1619	203	1	74	0.0135135
NODE_665_length_2935_cov_37.693230	1625	1701	46	5	76	0.0657895
NODE_665_length_2935_cov_37.693230	1625	1701	47	17	76	0.2236842
NODE_665_length_2935_cov_37.693230	1625	1701	48	4	76	0.0526316
NODE_665_length_2935_cov_37.693230	1625	1701	49	8	76	0.1052632
NODE_665_length_2935_cov_37.693230	1625	1701	50	18	76	0.2368421
NODE_665_length_2935_cov_37.693230	1625	1701	57	5	76	0.0657895
NODE_665_length_2935_cov_37.693230	1625	1701	58	5	76	0.0657895
NODE_665_length_2935_cov_37.693230	1625	1701	59	10	76	0.1315790
NODE_665_length_2935_cov_37.693230	1625	1701	60	3	76	0.0394737
NODE_665_length_2935_cov_37.693230	1625	1701	61	1	76	0.0131579
NODE_665_length_2935_cov_37.693230	2863	2906	22	1	43	0.0232558
NODE_665_length_2935_cov_37.693230	2863	2906	23	41	43	0.9534883
NODE_665_length_2935_cov_37.693230	2863	2906	24	1	43	0.0232558
NODE_675_length_2913_cov_4.376688	2664	2739	2	13	75	0.1733333
NODE_675_length_2913_cov_4.376688	2664	2739	6	10	75	0.1333333
NODE_675_length_2913_cov_4.376688	2664	2739	8	52	75	0.6933333
NODE_675_length_2913_cov_4.376688	2664	2723	2	13	59	0.2203390
NODE_675_length_2913_cov_4.376688	2664	2723	8	46	59	0.7796610
NODE_675_length_2913_cov_4.376688	2664	2739	2	13	75	0.1733333
NODE_675_length_2913_cov_4.376688	2664	2739	6	10	75	0.1333333
NODE_675_length_2913_cov_4.376688	2664	2739	8	52	75	0.6933333
NODE_675_length_2913_cov_4.376688	2664	2739	2	13	75	0.1733333
NODE_675_length_2913_cov_4.376688	2664	2739	6	10	75	0.1333333
NODE_675_length_2913_cov_4.376688	2664	2739	8	52	75	0.6933333
NODE_675_length_2913_cov_4.376688	2673	2739	2	4	66	0.0606061
NODE_675_length_2913_cov_4.376688	2673	2739	6	10	66	0.1515152
NODE_675_length_2913_cov_4.376688	2673	2739	8	52	66	0.7878788
NODE_675_length_2913_cov_4.376688	2717	2780	6	51	63	0.8095238
NODE_675_length_2913_cov_4.376688	2717	2780	8	12	63	0.1904762
NODE_675_length_2913_cov_4.376688	2745	2778	6	33	33	1.0000000
NODE_677_length_2909_cov_71.975089	2090	2174	17	12	84	0.1428571
NODE_677_length_2909_cov_71.975089	2090	2174	18	12	84	0.1428571
NODE_677_length_2909_cov_71.975089	2090	2174	20	1	84	0.0119048
NODE_677_length_2909_cov_71.975089	2090	2174	21	5	84	0.0595238
NODE_677_length_2909_cov_71.975089	2090	2174	22	21	84	0.2500000
NODE_677_length_2909_cov_71.975089	2090	2174	24	22	84	0.2619048
NODE_677_length_2909_cov_71.975089	2090	2174	25	8	84	0.0952381
NODE_677_length_2909_cov_71.975089	2090	2174	26	3	84	0.0357143
NODE_678_length_2908_cov_5.937344	2495	2575	2	80	80	1.0000000
NODE_678_length_2908_cov_5.937344	2548	2628	0	8	80	0.1000000
NODE_678_length_2908_cov_5.937344	2548	2628	2	72	80	0.9000000
NODE_678_length_2908_cov_5.937344	2624	2704	0	80	80	1.0000000
NODE_678_length_2908_cov_5.937344	2677	2757	0	80	80	1.0000000
NODE_679_length_2905_cov_12.777619	2358	2419	4	10	61	0.1639344
NODE_679_length_2905_cov_12.777619	2358	2419	6	6	61	0.0983607
NODE_679_length_2905_cov_12.777619	2358	2419	10	45	61	0.7377049
NODE_679_length_2905_cov_12.777619	2358	2419	4	10	61	0.1639344
NODE_679_length_2905_cov_12.777619	2358	2419	6	6	61	0.0983607
NODE_679_length_2905_cov_12.777619	2358	2419	10	45	61	0.7377049
NODE_679_length_2905_cov_12.777619	2358	2419	4	10	61	0.1639344
NODE_679_length_2905_cov_12.777619	2358	2419	6	6	61	0.0983607
NODE_679_length_2905_cov_12.777619	2358	2419	10	45	61	0.7377049
NODE_679_length_2905_cov_12.777619	2392	2472	4	6	80	0.0750000
NODE_679_length_2905_cov_12.777619	2392	2472	6	36	80	0.4500000
NODE_679_length_2905_cov_12.777619	2392	2472	8	4	80	0.0500000
NODE_679_length_2905_cov_12.777619	2392	2472	10	34	80	0.4250000
NODE_680_length_2903_cov_5.474322	2423	2464	14	8	41	0.1951219
NODE_680_length_2903_cov_5.474322	2423	2464	18	33	41	0.8048781
NODE_684_length_2898_cov_5.786352	0	74	0	4	74	0.0540541
NODE_684_length_2898_cov_5.786352	0	74	2	16	74	0.2162162
NODE_684_length_2898_cov_5.786352	0	74	4	8	74	0.1081081
NODE_684_length_2898_cov_5.786352	0	74	5	4	74	0.0540541
NODE_684_length_2898_cov_5.786352	0	74	7	1	74	0.0135135
NODE_684_length_2898_cov_5.786352	0	74	9	8	74	0.1081081
NODE_684_length_2898_cov_5.786352	0	74	11	2	74	0.0270270
NODE_684_length_2898_cov_5.786352	0	74	13	2	74	0.0270270
NODE_684_length_2898_cov_5.786352	0	74	15	2	74	0.0270270
NODE_684_length_2898_cov_5.786352	0	74	16	2	74	0.0270270
NODE_684_length_2898_cov_5.786352	0	74	22	1	74	0.0135135
NODE_684_length_2898_cov_5.786352	0	74	23	17	74	0.2297297
NODE_684_length_2898_cov_5.786352	0	74	25	7	74	0.0945946
NODE_684_length_2898_cov_5.786352	47	124	16	2	77	0.0259740
NODE_684_length_2898_cov_5.786352	47	124	22	1	77	0.0129870
NODE_684_length_2898_cov_5.786352	47	124	23	17	77	0.2207792
NODE_684_length_2898_cov_5.786352	47	124	25	11	77	0.1428571
NODE_684_length_2898_cov_5.786352	47	124	33	10	77	0.1298701
NODE_684_length_2898_cov_5.786352	47	124	35	9	77	0.1168831
NODE_684_length_2898_cov_5.786352	47	124	37	27	77	0.3506494
NODE_686_length_2895_cov_8.519313	869	949	2	43	80	0.5375000
NODE_686_length_2895_cov_8.519313	869	949	6	29	80	0.3625000
NODE_686_length_2895_cov_8.519313	869	949	8	8	80	0.1000000
NODE_686_length_2895_cov_8.519313	922	1002	4	2	80	0.0250000
NODE_686_length_2895_cov_8.519313	922	1002	6	64	80	0.8000000
NODE_686_length_2895_cov_8.519313	922	1002	8	14	80	0.1750000
NODE_688_length_2894_cov_2.036136	2677	2757	6	74	80	0.9250000
NODE_688_length_2894_cov_2.036136	2677	2757	12	4	80	0.0500000
NODE_688_length_2894_cov_2.036136	2677	2757	14	2	80	0.0250000
NODE_689_length_2891_cov_7.938037	193	275	0	14	82	0.1707317
NODE_689_length_2891_cov_7.938037	193	275	1	28	82	0.3414634
NODE_689_length_2891_cov_7.938037	193	275	11	10	82	0.1219512
NODE_689_length_2891_cov_7.938037	193	275	13	7	82	0.0853659
NODE_689_length_2891_cov_7.938037	193	275	15	3	82	0.0365854
NODE_689_length_2891_cov_7.938037	193	275	17	1	82	0.0121951
NODE_689_length_2891_cov_7.938037	193	275	19	15	82	0.1829268
NODE_689_length_2891_cov_7.938037	193	275	21	3	82	0.0365854
NODE_689_length_2891_cov_7.938037	193	275	23	1	82	0.0121951
NODE_691_length_2889_cov_11.426882	407	487	0	80	80	1.0000000
NODE_691_length_2889_cov_11.426882	460	540	0	80	80	1.0000000
NODE_691_length_2889_cov_11.426882	1006	1086	0	1	80	0.0125000
NODE_691_length_2889_cov_11.426882	1006	1086	2	14	80	0.1750000
NODE_691_length_2889_cov_11.426882	1006	1086	4	1	80	0.0125000
NODE_691_length_2889_cov_11.426882	1006	1086	6	2	80	0.0250000
NODE_691_length_2889_cov_11.426882	1006	1086	8	4	80	0.0500000
NODE_691_length_2889_cov_11.426882	1006	1086	10	15	80	0.1875000
NODE_691_length_2889_cov_11.426882	1006	1086	14	2	80	0.0250000
NODE_691_length_2889_cov_11.426882	1006	1086	16	41	80	0.5125000
NODE_691_length_2889_cov_11.426882	1007	1086	0	1	79	0.0126582
NODE_691_length_2889_cov_11.426882	1007	1086	2	14	79	0.1772152
NODE_691_length_2889_cov_11.426882	1007	1086	4	1	79	0.0126582
NODE_691_length_2889_cov_11.426882	1007	1086	6	2	79	0.0253165
NODE_691_length_2889_cov_11.426882	1007	1086	8	4	79	0.0506329
NODE_691_length_2889_cov_11.426882	1007	1086	10	15	79	0.1898734
NODE_691_length_2889_cov_11.426882	1007	1086	14	2	79	0.0253165
NODE_691_length_2889_cov_11.426882	1007	1086	16	40	79	0.5063291
NODE_691_length_2889_cov_11.426882	1059	1138	0	53	79	0.6708861
NODE_691_length_2889_cov_11.426882	1059	1138	2	14	79	0.1772152
NODE_691_length_2889_cov_11.426882	1059	1138	4	1	79	0.0126582
NODE_691_length_2889_cov_11.426882	1059	1138	6	2	79	0.0253165
NODE_691_length_2889_cov_11.426882	1059	1138	8	4	79	0.0506329
NODE_691_length_2889_cov_11.426882	1059	1138	10	5	79	0.0632911
NODE_691_length_2889_cov_11.426882	1059	1138	0	53	79	0.6708861
NODE_691_length_2889_cov_11.426882	1059	1138	2	14	79	0.1772152
NODE_691_length_2889_cov_11.426882	1059	1138	4	1	79	0.0126582
NODE_691_length_2889_cov_11.426882	1059	1138	6	2	79	0.0253165
NODE_691_length_2889_cov_11.426882	1059	1138	8	4	79	0.0506329
NODE_691_length_2889_cov_11.426882	1059	1138	10	5	79	0.0632911
NODE_693_length_2888_cov_3.789172	992	1072	2	16	80	0.2000000
NODE_693_length_2888_cov_3.789172	992	1072	4	20	80	0.2500000
NODE_693_length_2888_cov_3.789172	992	1072	6	24	80	0.3000000
NODE_693_length_2888_cov_3.789172	992	1072	8	20	80	0.2500000
NODE_693_length_2888_cov_3.789172	1045	1087	2	31	42	0.7380952
NODE_693_length_2888_cov_3.789172	1045	1087	4	11	42	0.2619048
NODE_697_length_2878_cov_6.277798	2712	2781	8	69	69	1.0000000
NODE_703_length_2862_cov_9.060803	2409	2489	2	20	80	0.2500000
NODE_703_length_2862_cov_9.060803	2409	2489	4	13	80	0.1625000
NODE_703_length_2862_cov_9.060803	2409	2489	6	47	80	0.5875000
NODE_703_length_2862_cov_9.060803	2462	2542	4	18	80	0.2250000
NODE_703_length_2862_cov_9.060803	2462	2542	6	62	80	0.7750000
NODE_712_length_2840_cov_2.079533	1660	1740	0	80	80	1.0000000
NODE_713_length_2839_cov_16.762044	327	402	0	75	75	1.0000000
NODE_713_length_2839_cov_16.762044	380	468	0	88	88	1.0000000
NODE_713_length_2839_cov_16.762044	1021	1101	0	60	80	0.7500000
NODE_713_length_2839_cov_16.762044	1021	1101	2	20	80	0.2500000
NODE_713_length_2839_cov_16.762044	1074	1154	0	7	80	0.0875000
NODE_713_length_2839_cov_16.762044	1074	1154	2	73	80	0.9125000
NODE_714_length_2835_cov_29.691520	1552	1581	67	14	29	0.4827586
NODE_714_length_2835_cov_29.691520	1552	1581	69	2	29	0.0689655
NODE_714_length_2835_cov_29.691520	1552	1581	71	13	29	0.4482759
NODE_714_length_2835_cov_29.691520	1554	1629	30	3	75	0.0400000
NODE_714_length_2835_cov_29.691520	1554	1629	34	6	75	0.0800000
NODE_714_length_2835_cov_29.691520	1554	1629	38	1	75	0.0133333
NODE_714_length_2835_cov_29.691520	1554	1629	39	1	75	0.0133333
NODE_714_length_2835_cov_29.691520	1554	1629	41	5	75	0.0666667
NODE_714_length_2835_cov_29.691520	1554	1629	43	3	75	0.0400000
NODE_714_length_2835_cov_29.691520	1554	1629	47	1	75	0.0133333
NODE_714_length_2835_cov_29.691520	1554	1629	49	6	75	0.0800000
NODE_714_length_2835_cov_29.691520	1554	1629	53	9	75	0.1200000
NODE_714_length_2835_cov_29.691520	1554	1629	55	4	75	0.0533333
NODE_714_length_2835_cov_29.691520	1554	1629	57	2	75	0.0266667
NODE_714_length_2835_cov_29.691520	1554	1629	61	1	75	0.0133333
NODE_714_length_2835_cov_29.691520	1554	1629	63	5	75	0.0666667
NODE_714_length_2835_cov_29.691520	1554	1629	67	15	75	0.2000000
NODE_714_length_2835_cov_29.691520	1554	1629	69	2	75	0.0266667
NODE_714_length_2835_cov_29.691520	1554	1629	71	11	75	0.1466667
NODE_720_length_2825_cov_9.731108	487	567	6	4	80	0.0500000
NODE_720_length_2825_cov_9.731108	487	567	20	50	80	0.6250000
NODE_720_length_2825_cov_9.731108	487	567	22	26	80	0.3250000
NODE_720_length_2825_cov_9.731108	540	620	0	4	80	0.0500000
NODE_720_length_2825_cov_9.731108	540	620	6	8	80	0.1000000
NODE_720_length_2825_cov_9.731108	540	620	13	1	80	0.0125000
NODE_720_length_2825_cov_9.731108	540	620	14	2	80	0.0250000
NODE_720_length_2825_cov_9.731108	540	620	20	14	80	0.1750000
NODE_720_length_2825_cov_9.731108	540	620	22	51	80	0.6375000
NODE_726_length_2810_cov_2.844338	206	289	8	1	83	0.0120482
NODE_726_length_2810_cov_2.844338	206	289	10	2	83	0.0240964
NODE_726_length_2810_cov_2.844338	206	289	16	2	83	0.0240964
NODE_726_length_2810_cov_2.844338	206	289	18	5	83	0.0602410
NODE_726_length_2810_cov_2.844338	206	289	19	1	83	0.0120482
NODE_726_length_2810_cov_2.844338	206	289	20	14	83	0.1686747
NODE_726_length_2810_cov_2.844338	206	289	24	3	83	0.0361446
NODE_726_length_2810_cov_2.844338	206	289	26	8	83	0.0963855
NODE_726_length_2810_cov_2.844338	206	289	28	4	83	0.0481928
NODE_726_length_2810_cov_2.844338	206	289	30	3	83	0.0361446
NODE_726_length_2810_cov_2.844338	206	289	32	2	83	0.0240964
NODE_726_length_2810_cov_2.844338	206	289	33	8	83	0.0963855
NODE_726_length_2810_cov_2.844338	206	289	34	6	83	0.0722892
NODE_726_length_2810_cov_2.844338	206	289	35	24	83	0.2891566
NODE_728_length_2808_cov_2.867110	140	163	0	23	23	1.0000000
NODE_729_length_2807_cov_8.423191	125	205	8	6	80	0.0750000
NODE_729_length_2807_cov_8.423191	125	205	10	8	80	0.1000000
NODE_729_length_2807_cov_8.423191	125	205	14	46	80	0.5750000
NODE_729_length_2807_cov_8.423191	125	205	15	1	80	0.0125000
NODE_729_length_2807_cov_8.423191	125	205	16	19	80	0.2375000
NODE_729_length_2807_cov_8.423191	178	258	6	5	80	0.0625000
NODE_729_length_2807_cov_8.423191	178	258	8	22	80	0.2750000
NODE_729_length_2807_cov_8.423191	178	258	12	5	80	0.0625000
NODE_729_length_2807_cov_8.423191	178	258	14	24	80	0.3000000
NODE_729_length_2807_cov_8.423191	178	258	15	1	80	0.0125000
NODE_729_length_2807_cov_8.423191	178	258	16	23	80	0.2875000
NODE_729_length_2807_cov_8.423191	2451	2515	0	42	64	0.6562500
NODE_729_length_2807_cov_8.423191	2451	2515	2	22	64	0.3437500
NODE_735_length_2801_cov_26.131384	461	521	2	7	60	0.1166667
NODE_735_length_2801_cov_26.131384	461	521	4	31	60	0.5166667
NODE_735_length_2801_cov_26.131384	461	521	8	7	60	0.1166667
NODE_735_length_2801_cov_26.131384	461	521	16	15	60	0.2500000
NODE_735_length_2801_cov_26.131384	494	574	4	5	80	0.0625000
NODE_735_length_2801_cov_26.131384	494	574	8	7	80	0.0875000
NODE_735_length_2801_cov_26.131384	494	574	14	33	80	0.4125000
NODE_735_length_2801_cov_26.131384	494	574	16	35	80	0.4375000
NODE_735_length_2801_cov_26.131384	1536	1596	10	1	60	0.0166667
NODE_735_length_2801_cov_26.131384	1536	1596	12	3	60	0.0500000
NODE_735_length_2801_cov_26.131384	1536	1596	14	5	60	0.0833333
NODE_735_length_2801_cov_26.131384	1536	1596	18	51	60	0.8500000
NODE_735_length_2801_cov_26.131384	1815	1881	4	25	66	0.3787879
NODE_735_length_2801_cov_26.131384	1815	1881	6	41	66	0.6212121
NODE_735_length_2801_cov_26.131384	1854	1934	0	12	80	0.1500000
NODE_735_length_2801_cov_26.131384	1854	1934	4	66	80	0.8250000
NODE_735_length_2801_cov_26.131384	1854	1934	6	2	80	0.0250000
NODE_736_length_2801_cov_3.594375	2589	2645	8	56	56	1.0000000
NODE_738_length_2796_cov_94.511680	1090	1137	13	2	47	0.0425532
NODE_738_length_2796_cov_94.511680	1090	1137	14	3	47	0.0638298
NODE_738_length_2796_cov_94.511680	1090	1137	17	5	47	0.1063830
NODE_738_length_2796_cov_94.511680	1090	1137	18	3	47	0.0638298
NODE_738_length_2796_cov_94.511680	1090	1137	19	12	47	0.2553191
NODE_738_length_2796_cov_94.511680	1090	1137	21	6	47	0.1276596
NODE_738_length_2796_cov_94.511680	1090	1137	22	5	47	0.1063830
NODE_738_length_2796_cov_94.511680	1090	1137	23	5	47	0.1063830
NODE_738_length_2796_cov_94.511680	1090	1137	24	3	47	0.0638298
NODE_738_length_2796_cov_94.511680	1090	1137	26	3	47	0.0638298
NODE_738_length_2796_cov_94.511680	2717	2796	0	79	79	1.0000000
NODE_744_length_2791_cov_9.997028	310	390	1	29	80	0.3625000
NODE_744_length_2791_cov_9.997028	310	390	2	51	80	0.6375000
NODE_744_length_2791_cov_9.997028	363	443	0	28	80	0.3500000
NODE_744_length_2791_cov_9.997028	363	443	1	52	80	0.6500000
NODE_752_length_2778_cov_31.340799	2241	2321	2	1	80	0.0125000
NODE_752_length_2778_cov_31.340799	2241	2321	4	1	80	0.0125000
NODE_752_length_2778_cov_31.340799	2241	2321	6	78	80	0.9750000
NODE_752_length_2778_cov_31.340799	2294	2374	0	21	80	0.2625000
NODE_752_length_2778_cov_31.340799	2294	2374	2	33	80	0.4125000
NODE_752_length_2778_cov_31.340799	2294	2374	4	1	80	0.0125000
NODE_752_length_2778_cov_31.340799	2294	2374	6	25	80	0.3125000
NODE_752_length_2778_cov_31.340799	2370	2450	2	23	80	0.2875000
NODE_752_length_2778_cov_31.340799	2370	2450	4	50	80	0.6250000
NODE_752_length_2778_cov_31.340799	2370	2450	5	7	80	0.0875000
NODE_752_length_2778_cov_31.340799	2423	2503	1	37	80	0.4625000
NODE_752_length_2778_cov_31.340799	2423	2503	3	2	80	0.0250000
NODE_752_length_2778_cov_31.340799	2423	2503	4	20	80	0.2500000
NODE_752_length_2778_cov_31.340799	2423	2503	5	21	80	0.2625000
NODE_752_length_2778_cov_31.340799	2564	2620	1	27	56	0.4821429
NODE_752_length_2778_cov_31.340799	2564	2620	2	29	56	0.5178571
NODE_758_length_2767_cov_12.450150	1941	2021	2	51	80	0.6375000
NODE_758_length_2767_cov_12.450150	1941	2021	4	29	80	0.3625000
NODE_758_length_2767_cov_12.450150	1994	2074	2	48	80	0.6000000
NODE_758_length_2767_cov_12.450150	1994	2074	4	32	80	0.4000000
NODE_767_length_2745_cov_5.322751	511	583	6	1	72	0.0138889
NODE_767_length_2745_cov_5.322751	511	583	8	17	72	0.2361111
NODE_767_length_2745_cov_5.322751	511	583	10	54	72	0.7500000
NODE_777_length_2720_cov_25.561618	2213	2293	4	80	80	1.0000000
NODE_777_length_2720_cov_25.561618	2266	2346	0	50	80	0.6250000
NODE_777_length_2720_cov_25.561618	2266	2346	4	30	80	0.3750000
NODE_782_length_2716_cov_39.885747	715	795	8	9	80	0.1125000
NODE_782_length_2716_cov_39.885747	715	795	12	1	80	0.0125000
NODE_782_length_2716_cov_39.885747	715	795	16	23	80	0.2875000
NODE_782_length_2716_cov_39.885747	715	795	17	5	80	0.0625000
NODE_782_length_2716_cov_39.885747	715	795	18	42	80	0.5250000
NODE_782_length_2716_cov_39.885747	768	848	11	6	80	0.0750000
NODE_782_length_2716_cov_39.885747	768	848	15	6	80	0.0750000
NODE_782_length_2716_cov_39.885747	768	848	16	2	80	0.0250000
NODE_782_length_2716_cov_39.885747	768	848	17	21	80	0.2625000
NODE_782_length_2716_cov_39.885747	768	848	18	38	80	0.4750000
NODE_782_length_2716_cov_39.885747	768	848	20	7	80	0.0875000
NODE_782_length_2716_cov_39.885747	844	924	8	5	80	0.0625000
NODE_782_length_2716_cov_39.885747	844	924	10	20	80	0.2500000
NODE_782_length_2716_cov_39.885747	844	924	11	18	80	0.2250000
NODE_782_length_2716_cov_39.885747	844	924	12	32	80	0.4000000
NODE_782_length_2716_cov_39.885747	844	924	13	4	80	0.0500000
NODE_782_length_2716_cov_39.885747	844	924	14	1	80	0.0125000
NODE_782_length_2716_cov_39.885747	897	977	0	6	80	0.0750000
NODE_782_length_2716_cov_39.885747	897	977	2	20	80	0.2500000
NODE_782_length_2716_cov_39.885747	897	977	4	24	80	0.3000000
NODE_782_length_2716_cov_39.885747	897	977	6	3	80	0.0375000
NODE_782_length_2716_cov_39.885747	897	977	8	5	80	0.0625000
NODE_782_length_2716_cov_39.885747	897	977	10	20	80	0.2500000
NODE_782_length_2716_cov_39.885747	897	977	11	2	80	0.0250000
NODE_785_length_2710_cov_10.896974	2410	2446	2	36	36	1.0000000
NODE_785_length_2710_cov_10.896974	2419	2499	0	16	80	0.2000000
NODE_785_length_2710_cov_10.896974	2419	2499	2	64	80	0.8000000
NODE_788_length_2708_cov_25.097355	2289	2369	0	80	80	1.0000000
NODE_788_length_2708_cov_25.097355	2342	2422	0	80	80	1.0000000
NODE_789_length_2708_cov_14.569950	18	98	124	2	80	0.0250000
NODE_789_length_2708_cov_14.569950	18	98	130	1	80	0.0125000
NODE_789_length_2708_cov_14.569950	18	98	132	4	80	0.0500000
NODE_789_length_2708_cov_14.569950	18	98	134	2	80	0.0250000
NODE_789_length_2708_cov_14.569950	18	98	146	1	80	0.0125000
NODE_789_length_2708_cov_14.569950	18	98	150	2	80	0.0250000
NODE_789_length_2708_cov_14.569950	18	98	158	14	80	0.1750000
NODE_789_length_2708_cov_14.569950	18	98	161	25	80	0.3125000
NODE_789_length_2708_cov_14.569950	18	98	162	29	80	0.3625000
NODE_789_length_2708_cov_14.569950	71	134	20	1	63	0.0158730
NODE_789_length_2708_cov_14.569950	71	134	44	1	63	0.0158730
NODE_789_length_2708_cov_14.569950	71	134	57	1	63	0.0158730
NODE_789_length_2708_cov_14.569950	71	134	75	1	63	0.0158730
NODE_789_length_2708_cov_14.569950	71	134	88	1	63	0.0158730
NODE_789_length_2708_cov_14.569950	71	134	90	1	63	0.0158730
NODE_789_length_2708_cov_14.569950	71	134	92	1	63	0.0158730
NODE_789_length_2708_cov_14.569950	71	134	99	1	63	0.0158730
NODE_789_length_2708_cov_14.569950	71	134	105	1	63	0.0158730
NODE_789_length_2708_cov_14.569950	71	134	113	1	63	0.0158730
NODE_789_length_2708_cov_14.569950	71	134	115	1	63	0.0158730
NODE_789_length_2708_cov_14.569950	71	134	123	2	63	0.0317460
NODE_789_length_2708_cov_14.569950	71	134	129	3	63	0.0476190
NODE_789_length_2708_cov_14.569950	71	134	131	2	63	0.0317460
NODE_789_length_2708_cov_14.569950	71	134	135	2	63	0.0317460
NODE_789_length_2708_cov_14.569950	71	134	141	2	63	0.0317460
NODE_789_length_2708_cov_14.569950	71	134	143	1	63	0.0158730
NODE_789_length_2708_cov_14.569950	71	134	145	1	63	0.0158730
NODE_789_length_2708_cov_14.569950	71	134	147	1	63	0.0158730
NODE_789_length_2708_cov_14.569950	71	134	149	1	63	0.0158730
NODE_789_length_2708_cov_14.569950	71	134	151	1	63	0.0158730
NODE_789_length_2708_cov_14.569950	71	134	156	1	63	0.0158730
NODE_789_length_2708_cov_14.569950	71	134	157	1	63	0.0158730
NODE_789_length_2708_cov_14.569950	71	134	161	32	63	0.5079365
NODE_789_length_2708_cov_14.569950	71	134	162	2	63	0.0317460
NODE_797_length_2691_cov_35.457948	401	481	10	2	80	0.0250000
NODE_797_length_2691_cov_35.457948	401	481	11	11	80	0.1375000
NODE_797_length_2691_cov_35.457948	401	481	12	28	80	0.3500000
NODE_797_length_2691_cov_35.457948	401	481	14	4	80	0.0500000
NODE_797_length_2691_cov_35.457948	401	481	16	35	80	0.4375000
NODE_797_length_2691_cov_35.457948	454	534	11	14	80	0.1750000
NODE_797_length_2691_cov_35.457948	454	534	16	66	80	0.8250000
NODE_803_length_2684_cov_17.345068	146	194	6	48	48	1.0000000
NODE_803_length_2684_cov_17.345068	146	194	6	48	48	1.0000000
NODE_803_length_2684_cov_17.345068	146	194	6	48	48	1.0000000
NODE_803_length_2684_cov_17.345068	146	194	6	48	48	1.0000000
NODE_803_length_2684_cov_17.345068	146	194	6	48	48	1.0000000
NODE_805_length_2682_cov_43.500581	913	992	153	1	79	0.0126582
NODE_805_length_2682_cov_43.500581	913	992	155	1	79	0.0126582
NODE_805_length_2682_cov_43.500581	913	992	159	5	79	0.0632911
NODE_805_length_2682_cov_43.500581	913	992	160	3	79	0.0379747
NODE_805_length_2682_cov_43.500581	913	992	161	2	79	0.0253165
NODE_805_length_2682_cov_43.500581	913	992	162	2	79	0.0253165
NODE_805_length_2682_cov_43.500581	913	992	164	1	79	0.0126582
NODE_805_length_2682_cov_43.500581	913	992	168	1	79	0.0126582
NODE_805_length_2682_cov_43.500581	913	992	173	1	79	0.0126582
NODE_805_length_2682_cov_43.500581	913	992	174	4	79	0.0506329
NODE_805_length_2682_cov_43.500581	913	992	175	2	79	0.0253165
NODE_805_length_2682_cov_43.500581	913	992	177	7	79	0.0886076
NODE_805_length_2682_cov_43.500581	913	992	179	8	79	0.1012658
NODE_805_length_2682_cov_43.500581	913	992	181	1	79	0.0126582
NODE_805_length_2682_cov_43.500581	913	992	183	3	79	0.0379747
NODE_805_length_2682_cov_43.500581	913	992	185	7	79	0.0886076
NODE_805_length_2682_cov_43.500581	913	992	188	1	79	0.0126582
NODE_805_length_2682_cov_43.500581	913	992	189	3	79	0.0379747
NODE_805_length_2682_cov_43.500581	913	992	191	2	79	0.0253165
NODE_805_length_2682_cov_43.500581	913	992	193	3	79	0.0379747
NODE_805_length_2682_cov_43.500581	913	992	195	2	79	0.0253165
NODE_805_length_2682_cov_43.500581	913	992	197	5	79	0.0632911
NODE_805_length_2682_cov_43.500581	913	992	198	4	79	0.0506329
NODE_805_length_2682_cov_43.500581	913	992	206	7	79	0.0886076
NODE_805_length_2682_cov_43.500581	913	992	208	3	79	0.0379747
NODE_805_length_2682_cov_43.500581	965	1002	162	2	37	0.0540541
NODE_805_length_2682_cov_43.500581	965	1002	169	2	37	0.0540541
NODE_805_length_2682_cov_43.500581	965	1002	171	2	37	0.0540541
NODE_805_length_2682_cov_43.500581	965	1002	172	2	37	0.0540541
NODE_805_length_2682_cov_43.500581	965	1002	173	1	37	0.0270270
NODE_805_length_2682_cov_43.500581	965	1002	175	2	37	0.0540541
NODE_805_length_2682_cov_43.500581	965	1002	177	5	37	0.1351351
NODE_805_length_2682_cov_43.500581	965	1002	179	8	37	0.2162162
NODE_805_length_2682_cov_43.500581	965	1002	183	2	37	0.0540541
NODE_805_length_2682_cov_43.500581	965	1002	185	7	37	0.1891892
NODE_805_length_2682_cov_43.500581	965	1002	188	1	37	0.0270270
NODE_805_length_2682_cov_43.500581	965	1002	189	1	37	0.0270270
NODE_805_length_2682_cov_43.500581	965	1002	191	2	37	0.0540541
NODE_808_length_2675_cov_10.369565	209	289	16	4	80	0.0500000
NODE_808_length_2675_cov_10.369565	209	289	18	19	80	0.2375000
NODE_808_length_2675_cov_10.369565	209	289	20	11	80	0.1375000
NODE_808_length_2675_cov_10.369565	209	289	22	19	80	0.2375000
NODE_808_length_2675_cov_10.369565	209	289	24	24	80	0.3000000
NODE_808_length_2675_cov_10.369565	209	289	25	3	80	0.0375000
NODE_813_length_2670_cov_17.489304	1995	2075	0	80	80	1.0000000
NODE_813_length_2670_cov_17.489304	2048	2128	0	80	80	1.0000000
NODE_813_length_2670_cov_17.489304	2124	2204	0	5	80	0.0625000
NODE_813_length_2670_cov_17.489304	2124	2204	4	42	80	0.5250000
NODE_813_length_2670_cov_17.489304	2124	2204	6	18	80	0.2250000
NODE_813_length_2670_cov_17.489304	2124	2204	8	15	80	0.1875000
NODE_813_length_2670_cov_17.489304	2177	2257	6	12	80	0.1500000
NODE_813_length_2670_cov_17.489304	2177	2257	8	68	80	0.8500000
NODE_815_length_2665_cov_19.145752	548	628	0	6	80	0.0750000
NODE_815_length_2665_cov_19.145752	548	628	3	60	80	0.7500000
NODE_815_length_2665_cov_19.145752	548	628	4	14	80	0.1750000
NODE_815_length_2665_cov_19.145752	601	681	0	9	80	0.1125000
NODE_815_length_2665_cov_19.145752	601	681	3	14	80	0.1750000
NODE_815_length_2665_cov_19.145752	601	681	4	57	80	0.7125000
NODE_815_length_2665_cov_19.145752	2099	2176	2	19	77	0.2467532
NODE_815_length_2665_cov_19.145752	2099	2176	5	10	77	0.1298701
NODE_815_length_2665_cov_19.145752	2099	2176	6	20	77	0.2597403
NODE_815_length_2665_cov_19.145752	2099	2176	8	15	77	0.1948052
NODE_815_length_2665_cov_19.145752	2099	2176	12	13	77	0.1688312
NODE_815_length_2665_cov_19.145752	2172	2252	12	18	80	0.2250000
NODE_815_length_2665_cov_19.145752	2172	2252	14	8	80	0.1000000
NODE_815_length_2665_cov_19.145752	2172	2252	16	2	80	0.0250000
NODE_815_length_2665_cov_19.145752	2172	2252	18	2	80	0.0250000
NODE_815_length_2665_cov_19.145752	2172	2252	22	1	80	0.0125000
NODE_815_length_2665_cov_19.145752	2172	2252	24	7	80	0.0875000
NODE_815_length_2665_cov_19.145752	2172	2252	26	7	80	0.0875000
NODE_815_length_2665_cov_19.145752	2172	2252	28	1	80	0.0125000
NODE_815_length_2665_cov_19.145752	2172	2252	30	3	80	0.0375000
NODE_815_length_2665_cov_19.145752	2172	2252	34	31	80	0.3875000
NODE_815_length_2665_cov_19.145752	2172	2252	12	18	80	0.2250000
NODE_815_length_2665_cov_19.145752	2172	2252	14	8	80	0.1000000
NODE_815_length_2665_cov_19.145752	2172	2252	16	2	80	0.0250000
NODE_815_length_2665_cov_19.145752	2172	2252	18	2	80	0.0250000
NODE_815_length_2665_cov_19.145752	2172	2252	22	1	80	0.0125000
NODE_815_length_2665_cov_19.145752	2172	2252	24	7	80	0.0875000
NODE_815_length_2665_cov_19.145752	2172	2252	26	7	80	0.0875000
NODE_815_length_2665_cov_19.145752	2172	2252	28	1	80	0.0125000
NODE_815_length_2665_cov_19.145752	2172	2252	30	3	80	0.0375000
NODE_815_length_2665_cov_19.145752	2172	2252	34	31	80	0.3875000
NODE_815_length_2665_cov_19.145752	2225	2267	26	1	42	0.0238095
NODE_815_length_2665_cov_19.145752	2225	2267	34	41	42	0.9761904
NODE_816_length_2664_cov_4.175049	2005	2085	4	16	80	0.2000000
NODE_816_length_2664_cov_4.175049	2005	2085	10	18	80	0.2250000
NODE_816_length_2664_cov_4.175049	2005	2085	12	46	80	0.5750000
NODE_816_length_2664_cov_4.175049	2058	2138	8	53	80	0.6625000
NODE_816_length_2664_cov_4.175049	2058	2138	10	3	80	0.0375000
NODE_816_length_2664_cov_4.175049	2058	2138	12	24	80	0.3000000
NODE_822_length_2650_cov_19.800862	800	880	26	3	80	0.0375000
NODE_822_length_2650_cov_19.800862	800	880	27	1	80	0.0125000
NODE_822_length_2650_cov_19.800862	800	880	29	5	80	0.0625000
NODE_822_length_2650_cov_19.800862	800	880	30	16	80	0.2000000
NODE_822_length_2650_cov_19.800862	800	880	33	7	80	0.0875000
NODE_822_length_2650_cov_19.800862	800	880	35	21	80	0.2625000
NODE_822_length_2650_cov_19.800862	800	880	37	8	80	0.1000000
NODE_822_length_2650_cov_19.800862	800	880	39	10	80	0.1250000
NODE_822_length_2650_cov_19.800862	800	880	40	9	80	0.1125000
NODE_824_length_2645_cov_8.618225	931	1011	1	6	80	0.0750000
NODE_824_length_2645_cov_8.618225	931	1011	2	74	80	0.9250000
NODE_824_length_2645_cov_8.618225	984	1064	0	38	80	0.4750000
NODE_824_length_2645_cov_8.618225	984	1064	1	21	80	0.2625000
NODE_824_length_2645_cov_8.618225	984	1064	2	21	80	0.2625000
NODE_827_length_2640_cov_16.462810	94	164	133	2	70	0.0285714
NODE_827_length_2640_cov_16.462810	94	164	136	1	70	0.0142857
NODE_827_length_2640_cov_16.462810	94	164	139	3	70	0.0428571
NODE_827_length_2640_cov_16.462810	94	164	142	1	70	0.0142857
NODE_827_length_2640_cov_16.462810	94	164	143	1	70	0.0142857
NODE_827_length_2640_cov_16.462810	94	164	145	2	70	0.0285714
NODE_827_length_2640_cov_16.462810	94	164	148	1	70	0.0142857
NODE_827_length_2640_cov_16.462810	94	164	149	2	70	0.0285714
NODE_827_length_2640_cov_16.462810	94	164	150	1	70	0.0142857
NODE_827_length_2640_cov_16.462810	94	164	151	1	70	0.0142857
NODE_827_length_2640_cov_16.462810	94	164	152	1	70	0.0142857
NODE_827_length_2640_cov_16.462810	94	164	153	1	70	0.0142857
NODE_827_length_2640_cov_16.462810	94	164	154	2	70	0.0285714
NODE_827_length_2640_cov_16.462810	94	164	157	1	70	0.0142857
NODE_827_length_2640_cov_16.462810	94	164	162	1	70	0.0142857
NODE_827_length_2640_cov_16.462810	94	164	163	1	70	0.0142857
NODE_827_length_2640_cov_16.462810	94	164	165	1	70	0.0142857
NODE_827_length_2640_cov_16.462810	94	164	174	1	70	0.0142857
NODE_827_length_2640_cov_16.462810	94	164	175	1	70	0.0142857
NODE_827_length_2640_cov_16.462810	94	164	178	1	70	0.0142857
NODE_827_length_2640_cov_16.462810	94	164	182	1	70	0.0142857
NODE_827_length_2640_cov_16.462810	94	164	183	1	70	0.0142857
NODE_827_length_2640_cov_16.462810	94	164	190	1	70	0.0142857
NODE_827_length_2640_cov_16.462810	94	164	195	1	70	0.0142857
NODE_827_length_2640_cov_16.462810	94	164	196	2	70	0.0285714
NODE_827_length_2640_cov_16.462810	94	164	197	1	70	0.0142857
NODE_827_length_2640_cov_16.462810	94	164	198	5	70	0.0714286
NODE_827_length_2640_cov_16.462810	94	164	199	1	70	0.0142857
NODE_827_length_2640_cov_16.462810	94	164	200	2	70	0.0285714
NODE_827_length_2640_cov_16.462810	94	164	202	1	70	0.0142857
NODE_827_length_2640_cov_16.462810	94	164	204	1	70	0.0142857
NODE_827_length_2640_cov_16.462810	94	164	214	1	70	0.0142857
NODE_827_length_2640_cov_16.462810	94	164	220	3	70	0.0428571
NODE_827_length_2640_cov_16.462810	94	164	221	2	70	0.0285714
NODE_827_length_2640_cov_16.462810	94	164	225	1	70	0.0142857
NODE_827_length_2640_cov_16.462810	94	164	227	2	70	0.0285714
NODE_827_length_2640_cov_16.462810	94	164	231	3	70	0.0428571
NODE_827_length_2640_cov_16.462810	94	164	232	2	70	0.0285714
NODE_827_length_2640_cov_16.462810	94	164	233	1	70	0.0142857
NODE_827_length_2640_cov_16.462810	94	164	234	2	70	0.0285714
NODE_827_length_2640_cov_16.462810	94	164	237	2	70	0.0285714
NODE_827_length_2640_cov_16.462810	94	164	238	1	70	0.0142857
NODE_827_length_2640_cov_16.462810	94	164	240	1	70	0.0142857
NODE_827_length_2640_cov_16.462810	94	164	241	6	70	0.0857143
NODE_827_length_2640_cov_16.462810	147	209	73	1	62	0.0161290
NODE_827_length_2640_cov_16.462810	147	209	75	2	62	0.0322581
NODE_827_length_2640_cov_16.462810	147	209	78	1	62	0.0161290
NODE_827_length_2640_cov_16.462810	147	209	83	2	62	0.0322581
NODE_827_length_2640_cov_16.462810	147	209	84	1	62	0.0161290
NODE_827_length_2640_cov_16.462810	147	209	91	1	62	0.0161290
NODE_827_length_2640_cov_16.462810	147	209	92	4	62	0.0645161
NODE_827_length_2640_cov_16.462810	147	209	93	3	62	0.0483871
NODE_827_length_2640_cov_16.462810	147	209	95	1	62	0.0161290
NODE_827_length_2640_cov_16.462810	147	209	97	4	62	0.0645161
NODE_827_length_2640_cov_16.462810	147	209	101	4	62	0.0645161
NODE_827_length_2640_cov_16.462810	147	209	104	1	62	0.0161290
NODE_827_length_2640_cov_16.462810	147	209	106	1	62	0.0161290
NODE_827_length_2640_cov_16.462810	147	209	107	1	62	0.0161290
NODE_827_length_2640_cov_16.462810	147	209	108	2	62	0.0322581
NODE_827_length_2640_cov_16.462810	147	209	110	2	62	0.0322581
NODE_827_length_2640_cov_16.462810	147	209	111	1	62	0.0161290
NODE_827_length_2640_cov_16.462810	147	209	117	4	62	0.0645161
NODE_827_length_2640_cov_16.462810	147	209	119	3	62	0.0483871
NODE_827_length_2640_cov_16.462810	147	209	121	2	62	0.0322581
NODE_827_length_2640_cov_16.462810	147	209	122	1	62	0.0161290
NODE_827_length_2640_cov_16.462810	147	209	123	1	62	0.0161290
NODE_827_length_2640_cov_16.462810	147	209	125	1	62	0.0161290
NODE_827_length_2640_cov_16.462810	147	209	127	1	62	0.0161290
NODE_827_length_2640_cov_16.462810	147	209	133	2	62	0.0322581
NODE_827_length_2640_cov_16.462810	147	209	136	1	62	0.0161290
NODE_827_length_2640_cov_16.462810	147	209	139	3	62	0.0483871
NODE_827_length_2640_cov_16.462810	147	209	142	1	62	0.0161290
NODE_827_length_2640_cov_16.462810	147	209	143	1	62	0.0161290
NODE_827_length_2640_cov_16.462810	147	209	145	2	62	0.0322581
NODE_827_length_2640_cov_16.462810	147	209	148	1	62	0.0161290
NODE_827_length_2640_cov_16.462810	147	209	149	2	62	0.0322581
NODE_827_length_2640_cov_16.462810	147	209	150	1	62	0.0161290
NODE_827_length_2640_cov_16.462810	147	209	151	1	62	0.0161290
NODE_827_length_2640_cov_16.462810	147	209	152	1	62	0.0161290
NODE_827_length_2640_cov_16.462810	147	209	153	1	62	0.0161290
NODE_828_length_2636_cov_200.191171	561	641	366	1	80	0.0125000
NODE_828_length_2636_cov_200.191171	561	641	370	1	80	0.0125000
NODE_828_length_2636_cov_200.191171	561	641	382	1	80	0.0125000
NODE_828_length_2636_cov_200.191171	561	641	398	1	80	0.0125000
NODE_828_length_2636_cov_200.191171	561	641	421	1	80	0.0125000
NODE_828_length_2636_cov_200.191171	561	641	446	1	80	0.0125000
NODE_828_length_2636_cov_200.191171	561	641	468	1	80	0.0125000
NODE_828_length_2636_cov_200.191171	561	641	487	1	80	0.0125000
NODE_828_length_2636_cov_200.191171	561	641	495	1	80	0.0125000
NODE_828_length_2636_cov_200.191171	561	641	501	1	80	0.0125000
NODE_828_length_2636_cov_200.191171	561	641	507	1	80	0.0125000
NODE_828_length_2636_cov_200.191171	561	641	513	1	80	0.0125000
NODE_828_length_2636_cov_200.191171	561	641	527	1	80	0.0125000
NODE_828_length_2636_cov_200.191171	561	641	537	1	80	0.0125000
NODE_828_length_2636_cov_200.191171	561	641	565	1	80	0.0125000
NODE_828_length_2636_cov_200.191171	561	641	567	1	80	0.0125000
NODE_828_length_2636_cov_200.191171	561	641	575	1	80	0.0125000
NODE_828_length_2636_cov_200.191171	561	641	586	1	80	0.0125000
NODE_828_length_2636_cov_200.191171	561	641	592	1	80	0.0125000
NODE_828_length_2636_cov_200.191171	561	641	600	1	80	0.0125000
NODE_828_length_2636_cov_200.191171	561	641	604	1	80	0.0125000
NODE_828_length_2636_cov_200.191171	561	641	606	1	80	0.0125000
NODE_828_length_2636_cov_200.191171	561	641	635	1	80	0.0125000
NODE_828_length_2636_cov_200.191171	561	641	636	1	80	0.0125000
NODE_828_length_2636_cov_200.191171	561	641	647	1	80	0.0125000
NODE_828_length_2636_cov_200.191171	561	641	649	1	80	0.0125000
NODE_828_length_2636_cov_200.191171	561	641	651	2	80	0.0250000
NODE_828_length_2636_cov_200.191171	561	641	652	3	80	0.0375000
NODE_828_length_2636_cov_200.191171	561	641	657	1	80	0.0125000
NODE_828_length_2636_cov_200.191171	561	641	658	2	80	0.0250000
NODE_828_length_2636_cov_200.191171	561	641	661	1	80	0.0125000
NODE_828_length_2636_cov_200.191171	561	641	668	1	80	0.0125000
NODE_828_length_2636_cov_200.191171	561	641	669	1	80	0.0125000
NODE_828_length_2636_cov_200.191171	561	641	672	1	80	0.0125000
NODE_828_length_2636_cov_200.191171	561	641	673	1	80	0.0125000
NODE_828_length_2636_cov_200.191171	561	641	680	1	80	0.0125000
NODE_828_length_2636_cov_200.191171	561	641	684	1	80	0.0125000
NODE_828_length_2636_cov_200.191171	561	641	685	1	80	0.0125000
NODE_828_length_2636_cov_200.191171	561	641	686	4	80	0.0500000
NODE_828_length_2636_cov_200.191171	561	641	687	4	80	0.0500000
NODE_828_length_2636_cov_200.191171	561	641	690	1	80	0.0125000
NODE_828_length_2636_cov_200.191171	561	641	691	8	80	0.1000000
NODE_828_length_2636_cov_200.191171	561	641	692	2	80	0.0250000
NODE_828_length_2636_cov_200.191171	561	641	693	3	80	0.0375000
NODE_828_length_2636_cov_200.191171	561	641	694	3	80	0.0375000
NODE_828_length_2636_cov_200.191171	561	641	695	3	80	0.0375000
NODE_828_length_2636_cov_200.191171	561	641	696	5	80	0.0625000
NODE_828_length_2636_cov_200.191171	561	641	697	2	80	0.0250000
NODE_828_length_2636_cov_200.191171	561	641	698	1	80	0.0125000
NODE_828_length_2636_cov_200.191171	561	641	699	1	80	0.0125000
NODE_828_length_2636_cov_200.191171	561	641	700	1	80	0.0125000
NODE_828_length_2636_cov_200.191171	614	695	125	1	81	0.0123457
NODE_828_length_2636_cov_200.191171	614	695	129	1	81	0.0123457
NODE_828_length_2636_cov_200.191171	614	695	158	1	81	0.0123457
NODE_828_length_2636_cov_200.191171	614	695	164	1	81	0.0123457
NODE_828_length_2636_cov_200.191171	614	695	178	1	81	0.0123457
NODE_828_length_2636_cov_200.191171	614	695	186	1	81	0.0123457
NODE_828_length_2636_cov_200.191171	614	695	210	1	81	0.0123457
NODE_828_length_2636_cov_200.191171	614	695	212	1	81	0.0123457
NODE_828_length_2636_cov_200.191171	614	695	232	1	81	0.0123457
NODE_828_length_2636_cov_200.191171	614	695	233	1	81	0.0123457
NODE_828_length_2636_cov_200.191171	614	695	237	1	81	0.0123457
NODE_828_length_2636_cov_200.191171	614	695	250	1	81	0.0123457
NODE_828_length_2636_cov_200.191171	614	695	257	1	81	0.0123457
NODE_828_length_2636_cov_200.191171	614	695	260	1	81	0.0123457
NODE_828_length_2636_cov_200.191171	614	695	269	1	81	0.0123457
NODE_828_length_2636_cov_200.191171	614	695	272	1	81	0.0123457
NODE_828_length_2636_cov_200.191171	614	695	286	1	81	0.0123457
NODE_828_length_2636_cov_200.191171	614	695	304	1	81	0.0123457
NODE_828_length_2636_cov_200.191171	614	695	311	1	81	0.0123457
NODE_828_length_2636_cov_200.191171	614	695	323	1	81	0.0123457
NODE_828_length_2636_cov_200.191171	614	695	329	1	81	0.0123457
NODE_828_length_2636_cov_200.191171	614	695	343	1	81	0.0123457
NODE_828_length_2636_cov_200.191171	614	695	349	1	81	0.0123457
NODE_828_length_2636_cov_200.191171	614	695	351	1	81	0.0123457
NODE_828_length_2636_cov_200.191171	614	695	363	1	81	0.0123457
NODE_828_length_2636_cov_200.191171	614	695	374	1	81	0.0123457
NODE_828_length_2636_cov_200.191171	614	695	398	1	81	0.0123457
NODE_828_length_2636_cov_200.191171	614	695	405	1	81	0.0123457
NODE_828_length_2636_cov_200.191171	614	695	429	1	81	0.0123457
NODE_828_length_2636_cov_200.191171	614	695	460	1	81	0.0123457
NODE_828_length_2636_cov_200.191171	614	695	517	1	81	0.0123457
NODE_828_length_2636_cov_200.191171	614	695	532	1	81	0.0123457
NODE_828_length_2636_cov_200.191171	614	695	539	1	81	0.0123457
NODE_828_length_2636_cov_200.191171	614	695	543	2	81	0.0246914
NODE_828_length_2636_cov_200.191171	614	695	548	1	81	0.0123457
NODE_828_length_2636_cov_200.191171	614	695	550	2	81	0.0246914
NODE_828_length_2636_cov_200.191171	614	695	552	1	81	0.0123457
NODE_828_length_2636_cov_200.191171	614	695	573	1	81	0.0123457
NODE_828_length_2636_cov_200.191171	614	695	576	1	81	0.0123457
NODE_828_length_2636_cov_200.191171	614	695	584	1	81	0.0123457
NODE_828_length_2636_cov_200.191171	614	695	593	1	81	0.0123457
NODE_828_length_2636_cov_200.191171	614	695	601	1	81	0.0123457
NODE_828_length_2636_cov_200.191171	614	695	609	1	81	0.0123457
NODE_828_length_2636_cov_200.191171	614	695	613	1	81	0.0123457
NODE_828_length_2636_cov_200.191171	614	695	617	1	81	0.0123457
NODE_828_length_2636_cov_200.191171	614	695	618	1	81	0.0123457
NODE_828_length_2636_cov_200.191171	614	695	621	1	81	0.0123457
NODE_828_length_2636_cov_200.191171	614	695	624	1	81	0.0123457
NODE_828_length_2636_cov_200.191171	614	695	628	1	81	0.0123457
NODE_828_length_2636_cov_200.191171	614	695	630	1	81	0.0123457
NODE_828_length_2636_cov_200.191171	614	695	642	1	81	0.0123457
NODE_828_length_2636_cov_200.191171	614	695	647	1	81	0.0123457
NODE_828_length_2636_cov_200.191171	614	695	648	1	81	0.0123457
NODE_828_length_2636_cov_200.191171	614	695	649	1	81	0.0123457
NODE_828_length_2636_cov_200.191171	614	695	651	1	81	0.0123457
NODE_828_length_2636_cov_200.191171	614	695	652	1	81	0.0123457
NODE_828_length_2636_cov_200.191171	614	695	657	1	81	0.0123457
NODE_828_length_2636_cov_200.191171	614	695	658	2	81	0.0246914
NODE_828_length_2636_cov_200.191171	614	695	669	1	81	0.0123457
NODE_828_length_2636_cov_200.191171	614	695	673	1	81	0.0123457
NODE_828_length_2636_cov_200.191171	614	695	680	1	81	0.0123457
NODE_828_length_2636_cov_200.191171	614	695	685	1	81	0.0123457
NODE_828_length_2636_cov_200.191171	614	695	686	3	81	0.0370370
NODE_828_length_2636_cov_200.191171	614	695	690	1	81	0.0123457
NODE_828_length_2636_cov_200.191171	614	695	692	1	81	0.0123457
NODE_828_length_2636_cov_200.191171	614	695	693	3	81	0.0370370
NODE_828_length_2636_cov_200.191171	614	695	694	2	81	0.0246914
NODE_828_length_2636_cov_200.191171	614	695	695	2	81	0.0246914
NODE_828_length_2636_cov_200.191171	614	695	696	4	81	0.0493827
NODE_830_length_2631_cov_10.831754	446	526	6	6	80	0.0750000
NODE_830_length_2631_cov_10.831754	446	526	8	20	80	0.2500000
NODE_830_length_2631_cov_10.831754	446	526	16	1	80	0.0125000
NODE_830_length_2631_cov_10.831754	446	526	17	11	80	0.1375000
NODE_830_length_2631_cov_10.831754	446	526	18	42	80	0.5250000
NODE_830_length_2631_cov_10.831754	499	572	11	5	73	0.0684932
NODE_830_length_2631_cov_10.831754	499	572	12	15	73	0.2054795
NODE_830_length_2631_cov_10.831754	499	572	14	19	73	0.2602740
NODE_830_length_2631_cov_10.831754	499	572	15	1	73	0.0136986
NODE_830_length_2631_cov_10.831754	499	572	16	1	73	0.0136986
NODE_830_length_2631_cov_10.831754	499	572	17	17	73	0.2328767
NODE_830_length_2631_cov_10.831754	499	572	18	15	73	0.2054795
NODE_833_length_2622_cov_63.057471	1877	1953	135	2	76	0.0263158
NODE_833_length_2622_cov_63.057471	1877	1953	140	3	76	0.0394737
NODE_833_length_2622_cov_63.057471	1877	1953	146	6	76	0.0789474
NODE_833_length_2622_cov_63.057471	1877	1953	147	1	76	0.0131579
NODE_833_length_2622_cov_63.057471	1877	1953	151	1	76	0.0131579
NODE_833_length_2622_cov_63.057471	1877	1953	156	3	76	0.0394737
NODE_833_length_2622_cov_63.057471	1877	1953	157	2	76	0.0263158
NODE_833_length_2622_cov_63.057471	1877	1953	160	1	76	0.0131579
NODE_833_length_2622_cov_63.057471	1877	1953	161	1	76	0.0131579
NODE_833_length_2622_cov_63.057471	1877	1953	162	1	76	0.0131579
NODE_833_length_2622_cov_63.057471	1877	1953	168	3	76	0.0394737
NODE_833_length_2622_cov_63.057471	1877	1953	170	9	76	0.1184211
NODE_833_length_2622_cov_63.057471	1877	1953	171	1	76	0.0131579
NODE_833_length_2622_cov_63.057471	1877	1953	173	18	76	0.2368421
NODE_833_length_2622_cov_63.057471	1877	1953	174	8	76	0.1052632
NODE_833_length_2622_cov_63.057471	1877	1953	175	3	76	0.0394737
NODE_833_length_2622_cov_63.057471	1877	1953	176	2	76	0.0263158
NODE_833_length_2622_cov_63.057471	1877	1953	177	11	76	0.1447368
NODE_833_length_2622_cov_63.057471	2426	2506	96	2	80	0.0250000
NODE_833_length_2622_cov_63.057471	2426	2506	100	1	80	0.0125000
NODE_833_length_2622_cov_63.057471	2426	2506	101	3	80	0.0375000
NODE_833_length_2622_cov_63.057471	2426	2506	112	1	80	0.0125000
NODE_833_length_2622_cov_63.057471	2426	2506	117	1	80	0.0125000
NODE_833_length_2622_cov_63.057471	2426	2506	121	3	80	0.0375000
NODE_833_length_2622_cov_63.057471	2426	2506	129	1	80	0.0125000
NODE_833_length_2622_cov_63.057471	2426	2506	144	1	80	0.0125000
NODE_833_length_2622_cov_63.057471	2426	2506	150	1	80	0.0125000
NODE_833_length_2622_cov_63.057471	2426	2506	157	1	80	0.0125000
NODE_833_length_2622_cov_63.057471	2426	2506	159	2	80	0.0250000
NODE_833_length_2622_cov_63.057471	2426	2506	161	1	80	0.0125000
NODE_833_length_2622_cov_63.057471	2426	2506	171	1	80	0.0125000
NODE_833_length_2622_cov_63.057471	2426	2506	174	3	80	0.0375000
NODE_833_length_2622_cov_63.057471	2426	2506	178	2	80	0.0250000
NODE_833_length_2622_cov_63.057471	2426	2506	180	1	80	0.0125000
NODE_833_length_2622_cov_63.057471	2426	2506	182	2	80	0.0250000
NODE_833_length_2622_cov_63.057471	2426	2506	184	3	80	0.0375000
NODE_833_length_2622_cov_63.057471	2426	2506	185	3	80	0.0375000
NODE_833_length_2622_cov_63.057471	2426	2506	188	1	80	0.0125000
NODE_833_length_2622_cov_63.057471	2426	2506	189	2	80	0.0250000
NODE_833_length_2622_cov_63.057471	2426	2506	193	2	80	0.0250000
NODE_833_length_2622_cov_63.057471	2426	2506	196	1	80	0.0125000
NODE_833_length_2622_cov_63.057471	2426	2506	198	1	80	0.0125000
NODE_833_length_2622_cov_63.057471	2426	2506	199	1	80	0.0125000
NODE_833_length_2622_cov_63.057471	2426	2506	201	2	80	0.0250000
NODE_833_length_2622_cov_63.057471	2426	2506	203	3	80	0.0375000
NODE_833_length_2622_cov_63.057471	2426	2506	205	5	80	0.0625000
NODE_833_length_2622_cov_63.057471	2426	2506	210	1	80	0.0125000
NODE_833_length_2622_cov_63.057471	2426	2506	218	1	80	0.0125000
NODE_833_length_2622_cov_63.057471	2426	2506	219	6	80	0.0750000
NODE_833_length_2622_cov_63.057471	2426	2506	220	2	80	0.0250000
NODE_833_length_2622_cov_63.057471	2426	2506	221	2	80	0.0250000
NODE_833_length_2622_cov_63.057471	2426	2506	222	2	80	0.0250000
NODE_833_length_2622_cov_63.057471	2426	2506	223	2	80	0.0250000
NODE_833_length_2622_cov_63.057471	2426	2506	224	1	80	0.0125000
NODE_833_length_2622_cov_63.057471	2426	2506	225	2	80	0.0250000
NODE_833_length_2622_cov_63.057471	2426	2506	227	1	80	0.0125000
NODE_833_length_2622_cov_63.057471	2426	2506	228	4	80	0.0500000
NODE_833_length_2622_cov_63.057471	2426	2506	229	2	80	0.0250000
NODE_833_length_2622_cov_63.057471	2426	2506	230	3	80	0.0375000
NODE_833_length_2622_cov_63.057471	2479	2559	136	2	80	0.0250000
NODE_833_length_2622_cov_63.057471	2479	2559	138	1	80	0.0125000
NODE_833_length_2622_cov_63.057471	2479	2559	144	1	80	0.0125000
NODE_833_length_2622_cov_63.057471	2479	2559	150	2	80	0.0250000
NODE_833_length_2622_cov_63.057471	2479	2559	154	1	80	0.0125000
NODE_833_length_2622_cov_63.057471	2479	2559	156	2	80	0.0250000
NODE_833_length_2622_cov_63.057471	2479	2559	160	5	80	0.0625000
NODE_833_length_2622_cov_63.057471	2479	2559	163	1	80	0.0125000
NODE_833_length_2622_cov_63.057471	2479	2559	167	2	80	0.0250000
NODE_833_length_2622_cov_63.057471	2479	2559	169	5	80	0.0625000
NODE_833_length_2622_cov_63.057471	2479	2559	172	1	80	0.0125000
NODE_833_length_2622_cov_63.057471	2479	2559	176	1	80	0.0125000
NODE_833_length_2622_cov_63.057471	2479	2559	178	1	80	0.0125000
NODE_833_length_2622_cov_63.057471	2479	2559	183	1	80	0.0125000
NODE_833_length_2622_cov_63.057471	2479	2559	185	3	80	0.0375000
NODE_833_length_2622_cov_63.057471	2479	2559	187	2	80	0.0250000
NODE_833_length_2622_cov_63.057471	2479	2559	189	3	80	0.0375000
NODE_833_length_2622_cov_63.057471	2479	2559	191	2	80	0.0250000
NODE_833_length_2622_cov_63.057471	2479	2559	195	3	80	0.0375000
NODE_833_length_2622_cov_63.057471	2479	2559	197	2	80	0.0250000
NODE_833_length_2622_cov_63.057471	2479	2559	198	2	80	0.0250000
NODE_833_length_2622_cov_63.057471	2479	2559	206	2	80	0.0250000
NODE_833_length_2622_cov_63.057471	2479	2559	210	1	80	0.0125000
NODE_833_length_2622_cov_63.057471	2479	2559	212	1	80	0.0125000
NODE_833_length_2622_cov_63.057471	2479	2559	218	3	80	0.0375000
NODE_833_length_2622_cov_63.057471	2479	2559	219	6	80	0.0750000
NODE_833_length_2622_cov_63.057471	2479	2559	220	3	80	0.0375000
NODE_833_length_2622_cov_63.057471	2479	2559	221	2	80	0.0250000
NODE_833_length_2622_cov_63.057471	2479	2559	222	4	80	0.0500000
NODE_833_length_2622_cov_63.057471	2479	2559	223	2	80	0.0250000
NODE_833_length_2622_cov_63.057471	2479	2559	224	1	80	0.0125000
NODE_833_length_2622_cov_63.057471	2479	2559	225	2	80	0.0250000
NODE_833_length_2622_cov_63.057471	2479	2559	227	1	80	0.0125000
NODE_833_length_2622_cov_63.057471	2479	2559	228	4	80	0.0500000
NODE_833_length_2622_cov_63.057471	2479	2559	229	2	80	0.0250000
NODE_833_length_2622_cov_63.057471	2479	2559	230	3	80	0.0375000
NODE_836_length_2617_cov_16.817315	1404	1448	6	2	44	0.0454545
NODE_836_length_2617_cov_16.817315	1404	1448	8	1	44	0.0227273
NODE_836_length_2617_cov_16.817315	1404	1448	10	25	44	0.5681818
NODE_836_length_2617_cov_16.817315	1404	1448	12	16	44	0.3636364
NODE_836_length_2617_cov_16.817315	1467	1521	0	5	54	0.0925926
NODE_836_length_2617_cov_16.817315	1467	1521	4	49	54	0.9074074
NODE_839_length_2610_cov_2.232577	2127	2163	0	36	36	1.0000000
NODE_840_length_2609_cov_13.245418	2066	2146	2	5	80	0.0625000
NODE_840_length_2609_cov_13.245418	2066	2146	4	28	80	0.3500000
NODE_840_length_2609_cov_13.245418	2066	2146	6	42	80	0.5250000
NODE_840_length_2609_cov_13.245418	2066	2146	8	5	80	0.0625000
NODE_840_length_2609_cov_13.245418	2119	2199	2	58	80	0.7250000
NODE_840_length_2609_cov_13.245418	2119	2199	4	22	80	0.2750000
NODE_840_length_2609_cov_13.245418	2195	2275	2	50	80	0.6250000
NODE_840_length_2609_cov_13.245418	2195	2275	4	30	80	0.3750000
NODE_840_length_2609_cov_13.245418	2248	2328	4	80	80	1.0000000
NODE_845_length_2595_cov_5.638622	2157	2237	0	80	80	1.0000000
NODE_847_length_2594_cov_109.880160	386	450	142	1	64	0.0156250
NODE_847_length_2594_cov_109.880160	386	450	150	1	64	0.0156250
NODE_847_length_2594_cov_109.880160	386	450	160	1	64	0.0156250
NODE_847_length_2594_cov_109.880160	386	450	164	1	64	0.0156250
NODE_847_length_2594_cov_109.880160	386	450	171	1	64	0.0156250
NODE_847_length_2594_cov_109.880160	386	450	178	3	64	0.0468750
NODE_847_length_2594_cov_109.880160	386	450	196	2	64	0.0312500
NODE_847_length_2594_cov_109.880160	386	450	201	1	64	0.0156250
NODE_847_length_2594_cov_109.880160	386	450	211	1	64	0.0156250
NODE_847_length_2594_cov_109.880160	386	450	223	1	64	0.0156250
NODE_847_length_2594_cov_109.880160	386	450	227	1	64	0.0156250
NODE_847_length_2594_cov_109.880160	386	450	254	1	64	0.0156250
NODE_847_length_2594_cov_109.880160	386	450	259	1	64	0.0156250
NODE_847_length_2594_cov_109.880160	386	450	262	1	64	0.0156250
NODE_847_length_2594_cov_109.880160	386	450	276	1	64	0.0156250
NODE_847_length_2594_cov_109.880160	386	450	290	1	64	0.0156250
NODE_847_length_2594_cov_109.880160	386	450	292	1	64	0.0156250
NODE_847_length_2594_cov_109.880160	386	450	299	1	64	0.0156250
NODE_847_length_2594_cov_109.880160	386	450	301	2	64	0.0312500
NODE_847_length_2594_cov_109.880160	386	450	307	3	64	0.0468750
NODE_847_length_2594_cov_109.880160	386	450	311	1	64	0.0156250
NODE_847_length_2594_cov_109.880160	386	450	314	1	64	0.0156250
NODE_847_length_2594_cov_109.880160	386	450	324	1	64	0.0156250
NODE_847_length_2594_cov_109.880160	386	450	328	1	64	0.0156250
NODE_847_length_2594_cov_109.880160	386	450	332	1	64	0.0156250
NODE_847_length_2594_cov_109.880160	386	450	343	1	64	0.0156250
NODE_847_length_2594_cov_109.880160	386	450	347	1	64	0.0156250
NODE_847_length_2594_cov_109.880160	386	450	357	1	64	0.0156250
NODE_847_length_2594_cov_109.880160	386	450	365	1	64	0.0156250
NODE_847_length_2594_cov_109.880160	386	450	368	2	64	0.0312500
NODE_847_length_2594_cov_109.880160	386	450	379	2	64	0.0312500
NODE_847_length_2594_cov_109.880160	386	450	382	1	64	0.0156250
NODE_847_length_2594_cov_109.880160	386	450	386	1	64	0.0156250
NODE_847_length_2594_cov_109.880160	386	450	387	1	64	0.0156250
NODE_847_length_2594_cov_109.880160	386	450	403	1	64	0.0156250
NODE_847_length_2594_cov_109.880160	386	450	410	1	64	0.0156250
NODE_847_length_2594_cov_109.880160	386	450	412	1	64	0.0156250
NODE_847_length_2594_cov_109.880160	386	450	413	1	64	0.0156250
NODE_847_length_2594_cov_109.880160	386	450	418	1	64	0.0156250
NODE_847_length_2594_cov_109.880160	386	450	420	5	64	0.0781250
NODE_847_length_2594_cov_109.880160	386	450	422	1	64	0.0156250
NODE_847_length_2594_cov_109.880160	386	450	424	1	64	0.0156250
NODE_847_length_2594_cov_109.880160	386	450	429	3	64	0.0468750
NODE_847_length_2594_cov_109.880160	386	450	431	1	64	0.0156250
NODE_847_length_2594_cov_109.880160	386	450	433	1	64	0.0156250
NODE_847_length_2594_cov_109.880160	386	450	435	3	64	0.0468750
NODE_847_length_2594_cov_109.880160	386	450	436	1	64	0.0156250
NODE_847_length_2594_cov_109.880160	386	450	437	1	64	0.0156250
NODE_856_length_2575_cov_4.890549	1860	1912	6	7	52	0.1346154
NODE_856_length_2575_cov_4.890549	1860	1912	8	3	52	0.0576923
NODE_856_length_2575_cov_4.890549	1860	1912	10	2	52	0.0384615
NODE_856_length_2575_cov_4.890549	1860	1912	12	3	52	0.0576923
NODE_856_length_2575_cov_4.890549	1860	1912	13	4	52	0.0769231
NODE_856_length_2575_cov_4.890549	1860	1912	14	6	52	0.1153846
NODE_856_length_2575_cov_4.890549	1860	1912	16	27	52	0.5192308
NODE_857_length_2572_cov_46.828548	302	382	0	80	80	1.0000000
NODE_857_length_2572_cov_46.828548	355	435	0	80	80	1.0000000
NODE_868_length_2551_cov_40.721860	1104	1150	6	46	46	1.0000000
NODE_868_length_2551_cov_40.721860	1199	1259	2	51	60	0.8500000
NODE_868_length_2551_cov_40.721860	1199	1259	4	9	60	0.1500000
NODE_870_length_2547_cov_218.062908	436	486	0	50	50	1.0000000
NODE_879_length_2527_cov_27.275947	503	548	22	10	45	0.2222222
NODE_879_length_2527_cov_27.275947	503	548	26	17	45	0.3777778
NODE_879_length_2527_cov_27.275947	503	548	28	17	45	0.3777778
NODE_879_length_2527_cov_27.275947	503	548	30	1	45	0.0222222
NODE_884_length_2519_cov_15.991322	2122	2202	2	15	80	0.1875000
NODE_884_length_2519_cov_15.991322	2122	2202	4	26	80	0.3250000
NODE_884_length_2519_cov_15.991322	2122	2202	6	39	80	0.4875000
NODE_884_length_2519_cov_15.991322	2175	2255	2	13	80	0.1625000
NODE_884_length_2519_cov_15.991322	2175	2255	4	45	80	0.5625000
NODE_884_length_2519_cov_15.991322	2175	2255	6	22	80	0.2750000
NODE_885_length_2518_cov_7.035965	62	142	30	2	80	0.0250000
NODE_885_length_2518_cov_7.035965	62	142	34	1	80	0.0125000
NODE_885_length_2518_cov_7.035965	62	142	36	1	80	0.0125000
NODE_885_length_2518_cov_7.035965	62	142	38	2	80	0.0250000
NODE_885_length_2518_cov_7.035965	62	142	40	9	80	0.1125000
NODE_885_length_2518_cov_7.035965	62	142	42	2	80	0.0250000
NODE_885_length_2518_cov_7.035965	62	142	46	1	80	0.0125000
NODE_885_length_2518_cov_7.035965	62	142	48	18	80	0.2250000
NODE_885_length_2518_cov_7.035965	62	142	50	1	80	0.0125000
NODE_885_length_2518_cov_7.035965	62	142	52	43	80	0.5375000
NODE_885_length_2518_cov_7.035965	2005	2085	0	80	80	1.0000000
NODE_885_length_2518_cov_7.035965	2058	2138	0	80	80	1.0000000
NODE_887_length_2515_cov_37.984272	393	473	0	80	80	1.0000000
NODE_887_length_2515_cov_37.984272	446	526	0	80	80	1.0000000
NODE_887_length_2515_cov_37.984272	1896	1976	2	79	80	0.9875000
NODE_887_length_2515_cov_37.984272	1896	1976	4	1	80	0.0125000
NODE_887_length_2515_cov_37.984272	1949	2029	2	79	80	0.9875000
NODE_887_length_2515_cov_37.984272	1949	2029	4	1	80	0.0125000
NODE_887_length_2515_cov_37.984272	2025	2105	0	9	80	0.1125000
NODE_887_length_2515_cov_37.984272	2025	2105	2	71	80	0.8875000
NODE_887_length_2515_cov_37.984272	2025	2104	0	9	79	0.1139240
NODE_887_length_2515_cov_37.984272	2025	2104	2	70	79	0.8860760
NODE_887_length_2515_cov_37.984272	2078	2158	2	80	80	1.0000000
NODE_888_length_2512_cov_48.259428	1299	1379	6	15	80	0.1875000
NODE_888_length_2512_cov_48.259428	1299	1379	7	8	80	0.1000000
NODE_888_length_2512_cov_48.259428	1299	1379	8	3	80	0.0375000
NODE_888_length_2512_cov_48.259428	1299	1379	9	3	80	0.0375000
NODE_888_length_2512_cov_48.259428	1299	1379	13	1	80	0.0125000
NODE_888_length_2512_cov_48.259428	1299	1379	15	8	80	0.1000000
NODE_888_length_2512_cov_48.259428	1299	1379	16	17	80	0.2125000
NODE_888_length_2512_cov_48.259428	1299	1379	18	7	80	0.0875000
NODE_888_length_2512_cov_48.259428	1299	1379	20	13	80	0.1625000
NODE_888_length_2512_cov_48.259428	1299	1379	22	3	80	0.0375000
NODE_888_length_2512_cov_48.259428	1299	1379	24	2	80	0.0250000
NODE_888_length_2512_cov_48.259428	1352	1432	16	2	80	0.0250000
NODE_888_length_2512_cov_48.259428	1352	1432	18	7	80	0.0875000
NODE_888_length_2512_cov_48.259428	1352	1432	20	13	80	0.1625000
NODE_888_length_2512_cov_48.259428	1352	1432	22	3	80	0.0375000
NODE_888_length_2512_cov_48.259428	1352	1432	24	12	80	0.1500000
NODE_888_length_2512_cov_48.259428	1352	1432	27	4	80	0.0500000
NODE_888_length_2512_cov_48.259428	1352	1432	29	3	80	0.0375000
NODE_888_length_2512_cov_48.259428	1352	1432	31	20	80	0.2500000
NODE_888_length_2512_cov_48.259428	1352	1432	32	4	80	0.0500000
NODE_888_length_2512_cov_48.259428	1352	1432	34	12	80	0.1500000
NODE_888_length_2512_cov_48.259428	1428	1512	34	5	84	0.0595238
NODE_888_length_2512_cov_48.259428	1428	1512	37	5	84	0.0595238
NODE_888_length_2512_cov_48.259428	1428	1512	39	8	84	0.0952381
NODE_888_length_2512_cov_48.259428	1428	1512	40	3	84	0.0357143
NODE_888_length_2512_cov_48.259428	1428	1512	42	2	84	0.0238095
NODE_888_length_2512_cov_48.259428	1428	1512	43	1	84	0.0119048
NODE_888_length_2512_cov_48.259428	1428	1512	47	2	84	0.0238095
NODE_888_length_2512_cov_48.259428	1428	1512	52	1	84	0.0119048
NODE_888_length_2512_cov_48.259428	1428	1512	53	1	84	0.0119048
NODE_888_length_2512_cov_48.259428	1428	1512	54	2	84	0.0238095
NODE_888_length_2512_cov_48.259428	1428	1512	56	3	84	0.0357143
NODE_888_length_2512_cov_48.259428	1428	1512	57	2	84	0.0238095
NODE_888_length_2512_cov_48.259428	1428	1512	58	8	84	0.0952381
NODE_888_length_2512_cov_48.259428	1428	1512	59	8	84	0.0952381
NODE_888_length_2512_cov_48.259428	1428	1512	60	9	84	0.1071429
NODE_888_length_2512_cov_48.259428	1428	1512	71	2	84	0.0238095
NODE_888_length_2512_cov_48.259428	1428	1512	72	1	84	0.0119048
NODE_888_length_2512_cov_48.259428	1428	1512	73	1	84	0.0119048
NODE_888_length_2512_cov_48.259428	1428	1512	74	3	84	0.0357143
NODE_888_length_2512_cov_48.259428	1428	1512	76	1	84	0.0119048
NODE_888_length_2512_cov_48.259428	1428	1512	78	1	84	0.0119048
NODE_888_length_2512_cov_48.259428	1428	1512	80	7	84	0.0833333
NODE_888_length_2512_cov_48.259428	1428	1512	82	2	84	0.0238095
NODE_888_length_2512_cov_48.259428	1428	1512	87	2	84	0.0238095
NODE_888_length_2512_cov_48.259428	1428	1512	88	1	84	0.0119048
NODE_888_length_2512_cov_48.259428	1428	1512	89	3	84	0.0357143
NODE_888_length_2512_cov_48.259428	1485	1565	60	3	80	0.0375000
NODE_888_length_2512_cov_48.259428	1485	1565	66	7	80	0.0875000
NODE_888_length_2512_cov_48.259428	1485	1565	68	2	80	0.0250000
NODE_888_length_2512_cov_48.259428	1485	1565	70	6	80	0.0750000
NODE_888_length_2512_cov_48.259428	1485	1565	71	2	80	0.0250000
NODE_888_length_2512_cov_48.259428	1485	1565	72	7	80	0.0875000
NODE_888_length_2512_cov_48.259428	1485	1565	73	1	80	0.0125000
NODE_888_length_2512_cov_48.259428	1485	1565	74	3	80	0.0375000
NODE_888_length_2512_cov_48.259428	1485	1565	76	5	80	0.0625000
NODE_888_length_2512_cov_48.259428	1485	1565	78	1	80	0.0125000
NODE_888_length_2512_cov_48.259428	1485	1565	80	7	80	0.0875000
NODE_888_length_2512_cov_48.259428	1485	1565	82	2	80	0.0250000
NODE_888_length_2512_cov_48.259428	1485	1565	84	1	80	0.0125000
NODE_888_length_2512_cov_48.259428	1485	1565	87	14	80	0.1750000
NODE_888_length_2512_cov_48.259428	1485	1565	88	1	80	0.0125000
NODE_888_length_2512_cov_48.259428	1485	1565	89	6	80	0.0750000
NODE_888_length_2512_cov_48.259428	1485	1565	91	12	80	0.1500000
NODE_891_length_2505_cov_102.009975	390	470	4	6	80	0.0750000
NODE_891_length_2505_cov_102.009975	390	470	5	22	80	0.2750000
NODE_891_length_2505_cov_102.009975	390	470	7	52	80	0.6500000
NODE_891_length_2505_cov_102.009975	443	510	0	32	67	0.4776119
NODE_891_length_2505_cov_102.009975	443	510	2	8	67	0.1194030
NODE_891_length_2505_cov_102.009975	443	510	4	6	67	0.0895522
NODE_891_length_2505_cov_102.009975	443	510	5	21	67	0.3134328
NODE_894_length_2499_cov_2.655417	2325	2375	3	6	50	0.1200000
NODE_894_length_2499_cov_2.655417	2325	2375	5	18	50	0.3600000
NODE_894_length_2499_cov_2.655417	2325	2375	8	26	50	0.5200000
NODE_895_length_2498_cov_9.614840	239	281	2	42	42	1.0000000
NODE_895_length_2498_cov_9.614840	254	335	0	14	81	0.1728395
NODE_895_length_2498_cov_9.614840	254	335	2	67	81	0.8271605
NODE_895_length_2498_cov_9.614840	254	335	0	14	81	0.1728395
NODE_895_length_2498_cov_9.614840	254	335	2	67	81	0.8271605
NODE_895_length_2498_cov_9.614840	331	411	0	14	80	0.1750000
NODE_895_length_2498_cov_9.614840	331	411	2	66	80	0.8250000
NODE_895_length_2498_cov_9.614840	384	464	0	26	80	0.3250000
NODE_895_length_2498_cov_9.614840	384	464	2	54	80	0.6750000
NODE_898_length_2495_cov_5.151085	2395	2444	0	49	49	1.0000000
NODE_898_length_2495_cov_5.151085	2395	2444	0	49	49	1.0000000
NODE_898_length_2495_cov_5.151085	2396	2444	0	48	48	1.0000000
NODE_898_length_2495_cov_5.151085	2396	2444	0	48	48	1.0000000
NODE_898_length_2495_cov_5.151085	2396	2444	0	48	48	1.0000000
NODE_900_length_2492_cov_43.645215	408	488	2	6	80	0.0750000
NODE_900_length_2492_cov_43.645215	408	488	4	10	80	0.1250000
NODE_900_length_2492_cov_43.645215	408	488	8	64	80	0.8000000
NODE_903_length_2489_cov_15.105021	204	234	28	1	30	0.0333333
NODE_903_length_2489_cov_15.105021	204	234	34	2	30	0.0666667
NODE_903_length_2489_cov_15.105021	204	234	36	11	30	0.3666667
NODE_903_length_2489_cov_15.105021	204	234	38	6	30	0.2000000
NODE_903_length_2489_cov_15.105021	204	234	39	10	30	0.3333333
NODE_905_length_2488_cov_2.434910	2141	2200	16	31	59	0.5254237
NODE_905_length_2488_cov_2.434910	2141	2200	18	28	59	0.4745763
NODE_906_length_2484_cov_335.301887	224	279	461	1	55	0.0181818
NODE_906_length_2484_cov_335.301887	224	279	474	1	55	0.0181818
NODE_906_length_2484_cov_335.301887	224	279	480	1	55	0.0181818
NODE_906_length_2484_cov_335.301887	224	279	484	1	55	0.0181818
NODE_906_length_2484_cov_335.301887	224	279	485	1	55	0.0181818
NODE_906_length_2484_cov_335.301887	224	279	498	1	55	0.0181818
NODE_906_length_2484_cov_335.301887	224	279	509	1	55	0.0181818
NODE_906_length_2484_cov_335.301887	224	279	514	1	55	0.0181818
NODE_906_length_2484_cov_335.301887	224	279	532	1	55	0.0181818
NODE_906_length_2484_cov_335.301887	224	279	533	1	55	0.0181818
NODE_906_length_2484_cov_335.301887	224	279	543	1	55	0.0181818
NODE_906_length_2484_cov_335.301887	224	279	549	2	55	0.0363636
NODE_906_length_2484_cov_335.301887	224	279	560	1	55	0.0181818
NODE_906_length_2484_cov_335.301887	224	279	564	1	55	0.0181818
NODE_906_length_2484_cov_335.301887	224	279	570	1	55	0.0181818
NODE_906_length_2484_cov_335.301887	224	279	574	1	55	0.0181818
NODE_906_length_2484_cov_335.301887	224	279	580	1	55	0.0181818
NODE_906_length_2484_cov_335.301887	224	279	592	1	55	0.0181818
NODE_906_length_2484_cov_335.301887	224	279	596	2	55	0.0363636
NODE_906_length_2484_cov_335.301887	224	279	597	1	55	0.0181818
NODE_906_length_2484_cov_335.301887	224	279	599	1	55	0.0181818
NODE_906_length_2484_cov_335.301887	224	279	619	1	55	0.0181818
NODE_906_length_2484_cov_335.301887	224	279	621	1	55	0.0181818
NODE_906_length_2484_cov_335.301887	224	279	624	2	55	0.0363636
NODE_906_length_2484_cov_335.301887	224	279	627	1	55	0.0181818
NODE_906_length_2484_cov_335.301887	224	279	630	1	55	0.0181818
NODE_906_length_2484_cov_335.301887	224	279	634	1	55	0.0181818
NODE_906_length_2484_cov_335.301887	224	279	643	1	55	0.0181818
NODE_906_length_2484_cov_335.301887	224	279	651	2	55	0.0363636
NODE_906_length_2484_cov_335.301887	224	279	655	1	55	0.0181818
NODE_906_length_2484_cov_335.301887	224	279	659	2	55	0.0363636
NODE_906_length_2484_cov_335.301887	224	279	666	1	55	0.0181818
NODE_906_length_2484_cov_335.301887	224	279	674	1	55	0.0181818
NODE_906_length_2484_cov_335.301887	224	279	684	2	55	0.0363636
NODE_906_length_2484_cov_335.301887	224	279	693	1	55	0.0181818
NODE_906_length_2484_cov_335.301887	224	279	698	1	55	0.0181818
NODE_906_length_2484_cov_335.301887	224	279	699	2	55	0.0363636
NODE_906_length_2484_cov_335.301887	224	279	702	1	55	0.0181818
NODE_906_length_2484_cov_335.301887	224	279	708	1	55	0.0181818
NODE_906_length_2484_cov_335.301887	224	279	710	1	55	0.0181818
NODE_906_length_2484_cov_335.301887	224	279	714	1	55	0.0181818
NODE_906_length_2484_cov_335.301887	224	279	720	1	55	0.0181818
NODE_906_length_2484_cov_335.301887	224	279	726	1	55	0.0181818
NODE_906_length_2484_cov_335.301887	224	279	731	1	55	0.0181818
NODE_906_length_2484_cov_335.301887	224	279	732	1	55	0.0181818
NODE_906_length_2484_cov_335.301887	224	279	736	1	55	0.0181818
NODE_906_length_2484_cov_335.301887	224	279	743	1	55	0.0181818
NODE_906_length_2484_cov_335.301887	224	279	748	1	55	0.0181818
NODE_906_length_2484_cov_335.301887	252	332	466	1	80	0.0125000
NODE_906_length_2484_cov_335.301887	252	332	484	1	80	0.0125000
NODE_906_length_2484_cov_335.301887	252	332	500	1	80	0.0125000
NODE_906_length_2484_cov_335.301887	252	332	505	1	80	0.0125000
NODE_906_length_2484_cov_335.301887	252	332	510	2	80	0.0250000
NODE_906_length_2484_cov_335.301887	252	332	524	1	80	0.0125000
NODE_906_length_2484_cov_335.301887	252	332	534	1	80	0.0125000
NODE_906_length_2484_cov_335.301887	252	332	551	1	80	0.0125000
NODE_906_length_2484_cov_335.301887	252	332	564	1	80	0.0125000
NODE_906_length_2484_cov_335.301887	252	332	568	1	80	0.0125000
NODE_906_length_2484_cov_335.301887	252	332	579	1	80	0.0125000
NODE_906_length_2484_cov_335.301887	252	332	584	1	80	0.0125000
NODE_906_length_2484_cov_335.301887	252	332	603	1	80	0.0125000
NODE_906_length_2484_cov_335.301887	252	332	621	1	80	0.0125000
NODE_906_length_2484_cov_335.301887	252	332	630	2	80	0.0250000
NODE_906_length_2484_cov_335.301887	252	332	634	1	80	0.0125000
NODE_906_length_2484_cov_335.301887	252	332	643	1	80	0.0125000
NODE_906_length_2484_cov_335.301887	252	332	648	1	80	0.0125000
NODE_906_length_2484_cov_335.301887	252	332	650	1	80	0.0125000
NODE_906_length_2484_cov_335.301887	252	332	651	2	80	0.0250000
NODE_906_length_2484_cov_335.301887	252	332	654	1	80	0.0125000
NODE_906_length_2484_cov_335.301887	252	332	655	1	80	0.0125000
NODE_906_length_2484_cov_335.301887	252	332	659	3	80	0.0375000
NODE_906_length_2484_cov_335.301887	252	332	665	1	80	0.0125000
NODE_906_length_2484_cov_335.301887	252	332	666	1	80	0.0125000
NODE_906_length_2484_cov_335.301887	252	332	674	1	80	0.0125000
NODE_906_length_2484_cov_335.301887	252	332	678	2	80	0.0250000
NODE_906_length_2484_cov_335.301887	252	332	679	1	80	0.0125000
NODE_906_length_2484_cov_335.301887	252	332	680	1	80	0.0125000
NODE_906_length_2484_cov_335.301887	252	332	681	1	80	0.0125000
NODE_906_length_2484_cov_335.301887	252	332	684	2	80	0.0250000
NODE_906_length_2484_cov_335.301887	252	332	693	1	80	0.0125000
NODE_906_length_2484_cov_335.301887	252	332	694	3	80	0.0375000
NODE_906_length_2484_cov_335.301887	252	332	698	1	80	0.0125000
NODE_906_length_2484_cov_335.301887	252	332	699	2	80	0.0250000
NODE_906_length_2484_cov_335.301887	252	332	702	1	80	0.0125000
NODE_906_length_2484_cov_335.301887	252	332	706	1	80	0.0125000
NODE_906_length_2484_cov_335.301887	252	332	707	1	80	0.0125000
NODE_906_length_2484_cov_335.301887	252	332	708	1	80	0.0125000
NODE_906_length_2484_cov_335.301887	252	332	710	1	80	0.0125000
NODE_906_length_2484_cov_335.301887	252	332	712	1	80	0.0125000
NODE_906_length_2484_cov_335.301887	252	332	714	1	80	0.0125000
NODE_906_length_2484_cov_335.301887	252	332	720	1	80	0.0125000
NODE_906_length_2484_cov_335.301887	252	332	721	1	80	0.0125000
NODE_906_length_2484_cov_335.301887	252	332	726	1	80	0.0125000
NODE_906_length_2484_cov_335.301887	252	332	730	2	80	0.0250000
NODE_906_length_2484_cov_335.301887	252	332	731	2	80	0.0250000
NODE_906_length_2484_cov_335.301887	252	332	732	1	80	0.0125000
NODE_906_length_2484_cov_335.301887	252	332	736	1	80	0.0125000
NODE_906_length_2484_cov_335.301887	252	332	737	1	80	0.0125000
NODE_906_length_2484_cov_335.301887	252	332	743	1	80	0.0125000
NODE_906_length_2484_cov_335.301887	252	332	744	1	80	0.0125000
NODE_906_length_2484_cov_335.301887	252	332	745	2	80	0.0250000
NODE_906_length_2484_cov_335.301887	252	332	748	2	80	0.0250000
NODE_906_length_2484_cov_335.301887	252	332	749	1	80	0.0125000
NODE_906_length_2484_cov_335.301887	252	332	751	7	80	0.0875000
NODE_906_length_2484_cov_335.301887	252	332	752	1	80	0.0125000
NODE_906_length_2484_cov_335.301887	252	332	753	2	80	0.0250000
NODE_906_length_2484_cov_335.301887	252	332	754	1	80	0.0125000
NODE_912_length_2479_cov_90.381092	369	449	2	4	80	0.0500000
NODE_912_length_2479_cov_90.381092	369	449	6	7	80	0.0875000
NODE_912_length_2479_cov_90.381092	369	449	8	15	80	0.1875000
NODE_912_length_2479_cov_90.381092	369	449	10	54	80	0.6750000
NODE_912_length_2479_cov_90.381092	422	499	4	11	77	0.1428571
NODE_912_length_2479_cov_90.381092	422	499	8	43	77	0.5584416
NODE_912_length_2479_cov_90.381092	422	499	10	23	77	0.2987013
NODE_912_length_2479_cov_90.381092	1610	1685	109	1	75	0.0133333
NODE_912_length_2479_cov_90.381092	1610	1685	143	1	75	0.0133333
NODE_912_length_2479_cov_90.381092	1610	1685	151	2	75	0.0266667
NODE_912_length_2479_cov_90.381092	1610	1685	166	1	75	0.0133333
NODE_912_length_2479_cov_90.381092	1610	1685	171	3	75	0.0400000
NODE_912_length_2479_cov_90.381092	1610	1685	175	2	75	0.0266667
NODE_912_length_2479_cov_90.381092	1610	1685	185	1	75	0.0133333
NODE_912_length_2479_cov_90.381092	1610	1685	187	2	75	0.0266667
NODE_912_length_2479_cov_90.381092	1610	1685	189	1	75	0.0133333
NODE_912_length_2479_cov_90.381092	1610	1685	194	3	75	0.0400000
NODE_912_length_2479_cov_90.381092	1610	1685	200	1	75	0.0133333
NODE_912_length_2479_cov_90.381092	1610	1685	206	1	75	0.0133333
NODE_912_length_2479_cov_90.381092	1610	1685	208	1	75	0.0133333
NODE_912_length_2479_cov_90.381092	1610	1685	210	1	75	0.0133333
NODE_912_length_2479_cov_90.381092	1610	1685	211	2	75	0.0266667
NODE_912_length_2479_cov_90.381092	1610	1685	213	1	75	0.0133333
NODE_912_length_2479_cov_90.381092	1610	1685	220	1	75	0.0133333
NODE_912_length_2479_cov_90.381092	1610	1685	222	1	75	0.0133333
NODE_912_length_2479_cov_90.381092	1610	1685	231	1	75	0.0133333
NODE_912_length_2479_cov_90.381092	1610	1685	233	2	75	0.0266667
NODE_912_length_2479_cov_90.381092	1610	1685	249	1	75	0.0133333
NODE_912_length_2479_cov_90.381092	1610	1685	250	1	75	0.0133333
NODE_912_length_2479_cov_90.381092	1610	1685	252	1	75	0.0133333
NODE_912_length_2479_cov_90.381092	1610	1685	260	1	75	0.0133333
NODE_912_length_2479_cov_90.381092	1610	1685	270	1	75	0.0133333
NODE_912_length_2479_cov_90.381092	1610	1685	277	1	75	0.0133333
NODE_912_length_2479_cov_90.381092	1610	1685	281	1	75	0.0133333
NODE_912_length_2479_cov_90.381092	1610	1685	294	1	75	0.0133333
NODE_912_length_2479_cov_90.381092	1610	1685	297	1	75	0.0133333
NODE_912_length_2479_cov_90.381092	1610	1685	301	1	75	0.0133333
NODE_912_length_2479_cov_90.381092	1610	1685	319	1	75	0.0133333
NODE_912_length_2479_cov_90.381092	1610	1685	328	2	75	0.0266667
NODE_912_length_2479_cov_90.381092	1610	1685	332	1	75	0.0133333
NODE_912_length_2479_cov_90.381092	1610	1685	336	1	75	0.0133333
NODE_912_length_2479_cov_90.381092	1610	1685	358	1	75	0.0133333
NODE_912_length_2479_cov_90.381092	1610	1685	362	1	75	0.0133333
NODE_912_length_2479_cov_90.381092	1610	1685	363	1	75	0.0133333
NODE_912_length_2479_cov_90.381092	1610	1685	364	1	75	0.0133333
NODE_912_length_2479_cov_90.381092	1610	1685	366	2	75	0.0266667
NODE_912_length_2479_cov_90.381092	1610	1685	367	1	75	0.0133333
NODE_912_length_2479_cov_90.381092	1610	1685	375	3	75	0.0400000
NODE_912_length_2479_cov_90.381092	1610	1685	378	1	75	0.0133333
NODE_912_length_2479_cov_90.381092	1610	1685	379	1	75	0.0133333
NODE_912_length_2479_cov_90.381092	1610	1685	382	1	75	0.0133333
NODE_912_length_2479_cov_90.381092	1610	1685	385	1	75	0.0133333
NODE_912_length_2479_cov_90.381092	1610	1685	386	1	75	0.0133333
NODE_912_length_2479_cov_90.381092	1610	1685	390	1	75	0.0133333
NODE_912_length_2479_cov_90.381092	1610	1685	392	1	75	0.0133333
NODE_912_length_2479_cov_90.381092	1610	1685	393	1	75	0.0133333
NODE_912_length_2479_cov_90.381092	1610	1685	395	5	75	0.0666667
NODE_912_length_2479_cov_90.381092	1610	1685	396	2	75	0.0266667
NODE_912_length_2479_cov_90.381092	1610	1685	397	1	75	0.0133333
NODE_912_length_2479_cov_90.381092	1610	1685	398	2	75	0.0266667
NODE_912_length_2479_cov_90.381092	1610	1685	399	3	75	0.0400000
NODE_912_length_2479_cov_90.381092	1658	1730	329	1	72	0.0138889
NODE_912_length_2479_cov_90.381092	1658	1730	335	1	72	0.0138889
NODE_912_length_2479_cov_90.381092	1658	1730	337	3	72	0.0416667
NODE_912_length_2479_cov_90.381092	1658	1730	338	1	72	0.0138889
NODE_912_length_2479_cov_90.381092	1658	1730	342	1	72	0.0138889
NODE_912_length_2479_cov_90.381092	1658	1730	346	5	72	0.0694444
NODE_912_length_2479_cov_90.381092	1658	1730	350	1	72	0.0138889
NODE_912_length_2479_cov_90.381092	1658	1730	352	1	72	0.0138889
NODE_912_length_2479_cov_90.381092	1658	1730	358	1	72	0.0138889
NODE_912_length_2479_cov_90.381092	1658	1730	360	2	72	0.0277778
NODE_912_length_2479_cov_90.381092	1658	1730	363	1	72	0.0138889
NODE_912_length_2479_cov_90.381092	1658	1730	364	1	72	0.0138889
NODE_912_length_2479_cov_90.381092	1658	1730	366	1	72	0.0138889
NODE_912_length_2479_cov_90.381092	1658	1730	367	1	72	0.0138889
NODE_912_length_2479_cov_90.381092	1658	1730	370	2	72	0.0277778
NODE_912_length_2479_cov_90.381092	1658	1730	375	3	72	0.0416667
NODE_912_length_2479_cov_90.381092	1658	1730	376	1	72	0.0138889
NODE_912_length_2479_cov_90.381092	1658	1730	378	2	72	0.0277778
NODE_912_length_2479_cov_90.381092	1658	1730	379	2	72	0.0277778
NODE_912_length_2479_cov_90.381092	1658	1730	381	1	72	0.0138889
NODE_912_length_2479_cov_90.381092	1658	1730	382	1	72	0.0138889
NODE_912_length_2479_cov_90.381092	1658	1730	385	2	72	0.0277778
NODE_912_length_2479_cov_90.381092	1658	1730	386	1	72	0.0138889
NODE_912_length_2479_cov_90.381092	1658	1730	387	2	72	0.0277778
NODE_912_length_2479_cov_90.381092	1658	1730	389	1	72	0.0138889
NODE_912_length_2479_cov_90.381092	1658	1730	390	1	72	0.0138889
NODE_912_length_2479_cov_90.381092	1658	1730	392	4	72	0.0555556
NODE_912_length_2479_cov_90.381092	1658	1730	393	1	72	0.0138889
NODE_912_length_2479_cov_90.381092	1658	1730	394	4	72	0.0555556
NODE_912_length_2479_cov_90.381092	1658	1730	395	5	72	0.0694444
NODE_912_length_2479_cov_90.381092	1658	1730	396	3	72	0.0416667
NODE_912_length_2479_cov_90.381092	1658	1730	397	1	72	0.0138889
NODE_912_length_2479_cov_90.381092	1658	1730	398	10	72	0.1388889
NODE_912_length_2479_cov_90.381092	1658	1730	399	4	72	0.0555556
NODE_913_length_2479_cov_3.433193	2379	2426	0	47	47	1.0000000
NODE_913_length_2479_cov_3.433193	2399	2479	0	80	80	1.0000000
NODE_915_length_2474_cov_7.237895	399	479	14	13	80	0.1625000
NODE_915_length_2474_cov_7.237895	399	479	18	5	80	0.0625000
NODE_915_length_2474_cov_7.237895	399	479	22	11	80	0.1375000
NODE_915_length_2474_cov_7.237895	399	479	24	51	80	0.6375000
NODE_915_length_2474_cov_7.237895	452	532	8	23	80	0.2875000
NODE_915_length_2474_cov_7.237895	452	532	10	6	80	0.0750000
NODE_915_length_2474_cov_7.237895	452	532	14	8	80	0.1000000
NODE_915_length_2474_cov_7.237895	452	532	18	21	80	0.2625000
NODE_915_length_2474_cov_7.237895	452	532	22	6	80	0.0750000
NODE_915_length_2474_cov_7.237895	452	532	24	16	80	0.2000000
NODE_922_length_2465_cov_3.098056	2133	2213	0	22	80	0.2750000
NODE_922_length_2465_cov_3.098056	2133	2213	3	2	80	0.0250000
NODE_922_length_2465_cov_3.098056	2133	2213	4	21	80	0.2625000
NODE_922_length_2465_cov_3.098056	2133	2213	6	35	80	0.4375000
NODE_922_length_2465_cov_3.098056	2191	2253	4	15	62	0.2419355
NODE_922_length_2465_cov_3.098056	2191	2253	6	47	62	0.7580645
NODE_923_length_2464_cov_24.562791	331	409	4	12	78	0.1538462
NODE_923_length_2464_cov_24.562791	331	409	10	2	78	0.0256410
NODE_923_length_2464_cov_24.562791	331	409	12	60	78	0.7692308
NODE_923_length_2464_cov_24.562791	331	409	14	4	78	0.0512821
NODE_923_length_2464_cov_24.562791	382	462	12	27	80	0.3375000
NODE_923_length_2464_cov_24.562791	382	462	14	22	80	0.2750000
NODE_923_length_2464_cov_24.562791	382	462	16	31	80	0.3875000
NODE_924_length_2461_cov_2.696444	292	372	2	37	80	0.4625000
NODE_924_length_2461_cov_2.696444	292	372	4	7	80	0.0875000
NODE_924_length_2461_cov_2.696444	292	372	6	36	80	0.4500000
NODE_924_length_2461_cov_2.696444	345	425	4	60	80	0.7500000
NODE_924_length_2461_cov_2.696444	345	425	6	20	80	0.2500000
NODE_938_length_2447_cov_16.079216	2344	2424	31	4	80	0.0500000
NODE_938_length_2447_cov_16.079216	2344	2424	35	9	80	0.1125000
NODE_938_length_2447_cov_16.079216	2344	2424	37	2	80	0.0250000
NODE_938_length_2447_cov_16.079216	2344	2424	39	7	80	0.0875000
NODE_938_length_2447_cov_16.079216	2344	2424	42	5	80	0.0625000
NODE_938_length_2447_cov_16.079216	2344	2424	44	3	80	0.0375000
NODE_938_length_2447_cov_16.079216	2344	2424	46	5	80	0.0625000
NODE_938_length_2447_cov_16.079216	2344	2424	48	2	80	0.0250000
NODE_938_length_2447_cov_16.079216	2344	2424	50	11	80	0.1375000
NODE_938_length_2447_cov_16.079216	2344	2424	52	32	80	0.4000000
NODE_938_length_2447_cov_16.079216	2397	2447	6	3	50	0.0600000
NODE_938_length_2447_cov_16.079216	2397	2447	12	1	50	0.0200000
NODE_938_length_2447_cov_16.079216	2397	2447	13	1	50	0.0200000
NODE_938_length_2447_cov_16.079216	2397	2447	15	6	50	0.1200000
NODE_938_length_2447_cov_16.079216	2397	2447	18	1	50	0.0200000
NODE_938_length_2447_cov_16.079216	2397	2447	26	1	50	0.0200000
NODE_938_length_2447_cov_16.079216	2397	2447	28	4	50	0.0800000
NODE_938_length_2447_cov_16.079216	2397	2447	30	6	50	0.1200000
NODE_938_length_2447_cov_16.079216	2397	2447	31	4	50	0.0800000
NODE_938_length_2447_cov_16.079216	2397	2447	35	9	50	0.1800000
NODE_938_length_2447_cov_16.079216	2397	2447	37	2	50	0.0400000
NODE_938_length_2447_cov_16.079216	2397	2447	39	7	50	0.1400000
NODE_938_length_2447_cov_16.079216	2397	2447	42	5	50	0.1000000
NODE_940_length_2446_cov_2.341287	1521	1578	0	57	57	1.0000000
NODE_940_length_2446_cov_2.341287	1551	1593	0	42	42	1.0000000
NODE_949_length_2437_cov_13.341745	418	498	4	6	80	0.0750000
NODE_949_length_2437_cov_13.341745	418	498	6	6	80	0.0750000
NODE_949_length_2437_cov_13.341745	418	498	8	29	80	0.3625000
NODE_949_length_2437_cov_13.341745	418	498	10	12	80	0.1500000
NODE_949_length_2437_cov_13.341745	418	498	11	1	80	0.0125000
NODE_949_length_2437_cov_13.341745	418	498	12	26	80	0.3250000
NODE_949_length_2437_cov_13.341745	471	551	0	21	80	0.2625000
NODE_949_length_2437_cov_13.341745	471	551	2	10	80	0.1250000
NODE_949_length_2437_cov_13.341745	471	551	4	28	80	0.3500000
NODE_949_length_2437_cov_13.341745	471	551	6	6	80	0.0750000
NODE_949_length_2437_cov_13.341745	471	551	11	1	80	0.0125000
NODE_949_length_2437_cov_13.341745	471	551	12	14	80	0.1750000
NODE_951_length_2432_cov_70.360909	1875	1955	0	2	80	0.0250000
NODE_951_length_2432_cov_70.360909	1875	1955	2	4	80	0.0500000
NODE_951_length_2432_cov_70.360909	1875	1955	4	49	80	0.6125000
NODE_951_length_2432_cov_70.360909	1875	1955	5	12	80	0.1500000
NODE_951_length_2432_cov_70.360909	1875	1955	6	13	80	0.1625000
NODE_951_length_2432_cov_70.360909	1928	2008	2	20	80	0.2500000
NODE_951_length_2432_cov_70.360909	1928	2008	4	50	80	0.6250000
NODE_951_length_2432_cov_70.360909	1928	2008	6	10	80	0.1250000
NODE_955_length_2430_cov_19.835264	0	68	11	14	68	0.2058824
NODE_955_length_2430_cov_19.835264	0	68	12	11	68	0.1617647
NODE_955_length_2430_cov_19.835264	0	68	14	43	68	0.6323529
NODE_955_length_2430_cov_19.835264	0	24	11	14	24	0.5833333
NODE_955_length_2430_cov_19.835264	0	24	12	10	24	0.4166667
NODE_956_length_2428_cov_179.842422	538	618	10	53	80	0.6625000
NODE_956_length_2428_cov_179.842422	538	618	14	27	80	0.3375000
NODE_956_length_2428_cov_179.842422	591	671	7	4	80	0.0500000
NODE_956_length_2428_cov_179.842422	591	671	10	1	80	0.0125000
NODE_956_length_2428_cov_179.842422	591	671	11	37	80	0.4625000
NODE_956_length_2428_cov_179.842422	591	671	14	38	80	0.4750000
NODE_956_length_2428_cov_179.842422	667	747	4	26	80	0.3250000
NODE_956_length_2428_cov_179.842422	667	747	6	44	80	0.5500000
NODE_956_length_2428_cov_179.842422	667	747	11	10	80	0.1250000
NODE_956_length_2428_cov_179.842422	720	800	2	16	80	0.2000000
NODE_956_length_2428_cov_179.842422	720	800	4	1	80	0.0125000
NODE_956_length_2428_cov_179.842422	720	800	6	63	80	0.7875000
NODE_956_length_2428_cov_179.842422	1308	1388	0	38	80	0.4750000
NODE_956_length_2428_cov_179.842422	1308	1388	2	42	80	0.5250000
NODE_956_length_2428_cov_179.842422	1361	1441	0	80	80	1.0000000
NODE_956_length_2428_cov_179.842422	1437	1517	0	20	80	0.2500000
NODE_956_length_2428_cov_179.842422	1437	1517	4	21	80	0.2625000
NODE_956_length_2428_cov_179.842422	1437	1517	6	2	80	0.0250000
NODE_956_length_2428_cov_179.842422	1437	1517	10	18	80	0.2250000
NODE_956_length_2428_cov_179.842422	1437	1517	12	19	80	0.2375000
NODE_956_length_2428_cov_179.842422	1490	1570	10	8	80	0.1000000
NODE_956_length_2428_cov_179.842422	1490	1570	12	33	80	0.4125000
NODE_956_length_2428_cov_179.842422	1490	1570	14	39	80	0.4875000
NODE_956_length_2428_cov_179.842422	1986	2026	305	1	40	0.0250000
NODE_956_length_2428_cov_179.842422	1986	2026	308	1	40	0.0250000
NODE_956_length_2428_cov_179.842422	1986	2026	311	2	40	0.0500000
NODE_956_length_2428_cov_179.842422	1986	2026	312	1	40	0.0250000
NODE_956_length_2428_cov_179.842422	1986	2026	313	2	40	0.0500000
NODE_956_length_2428_cov_179.842422	1986	2026	315	2	40	0.0500000
NODE_956_length_2428_cov_179.842422	1986	2026	317	2	40	0.0500000
NODE_956_length_2428_cov_179.842422	1986	2026	326	1	40	0.0250000
NODE_956_length_2428_cov_179.842422	1986	2026	332	3	40	0.0750000
NODE_956_length_2428_cov_179.842422	1986	2026	333	2	40	0.0500000
NODE_956_length_2428_cov_179.842422	1986	2026	334	4	40	0.1000000
NODE_956_length_2428_cov_179.842422	1986	2026	335	2	40	0.0500000
NODE_956_length_2428_cov_179.842422	1986	2026	336	5	40	0.1250000
NODE_956_length_2428_cov_179.842422	1986	2026	338	3	40	0.0750000
NODE_956_length_2428_cov_179.842422	1986	2026	340	1	40	0.0250000
NODE_956_length_2428_cov_179.842422	1986	2026	341	1	40	0.0250000
NODE_956_length_2428_cov_179.842422	1986	2026	348	1	40	0.0250000
NODE_956_length_2428_cov_179.842422	1986	2026	349	1	40	0.0250000
NODE_956_length_2428_cov_179.842422	1986	2026	353	1	40	0.0250000
NODE_956_length_2428_cov_179.842422	1986	2026	355	1	40	0.0250000
NODE_956_length_2428_cov_179.842422	1986	2026	356	1	40	0.0250000
NODE_956_length_2428_cov_179.842422	1986	2026	372	1	40	0.0250000
NODE_956_length_2428_cov_179.842422	1986	2026	376	1	40	0.0250000
NODE_959_length_2422_cov_6.665088	197	255	0	1	58	0.0172414
NODE_959_length_2422_cov_6.665088	197	255	1	15	58	0.2586207
NODE_959_length_2422_cov_6.665088	197	255	3	22	58	0.3793103
NODE_959_length_2422_cov_6.665088	197	255	4	9	58	0.1551724
NODE_959_length_2422_cov_6.665088	197	255	5	11	58	0.1896552
NODE_963_length_2414_cov_32.871706	411	491	2	45	80	0.5625000
NODE_963_length_2414_cov_32.871706	411	491	4	35	80	0.4375000
NODE_963_length_2414_cov_32.871706	464	544	0	6	80	0.0750000
NODE_963_length_2414_cov_32.871706	464	544	2	74	80	0.9250000
NODE_964_length_2414_cov_2.105832	2349	2390	0	41	41	1.0000000
NODE_968_length_2410_cov_9.107313	1874	1954	1	3	80	0.0375000
NODE_968_length_2410_cov_9.107313	1874	1954	3	3	80	0.0375000
NODE_968_length_2410_cov_9.107313	1874	1954	4	48	80	0.6000000
NODE_968_length_2410_cov_9.107313	1874	1954	8	13	80	0.1625000
NODE_968_length_2410_cov_9.107313	1874	1954	10	13	80	0.1625000
NODE_968_length_2410_cov_9.107313	1927	2007	4	1	80	0.0125000
NODE_968_length_2410_cov_9.107313	1927	2007	6	7	80	0.0875000
NODE_968_length_2410_cov_9.107313	1927	2007	8	52	80	0.6500000
NODE_968_length_2410_cov_9.107313	1927	2007	10	20	80	0.2500000
NODE_977_length_2390_cov_20.371454	1753	1833	4	16	80	0.2000000
NODE_977_length_2390_cov_20.371454	1753	1833	8	1	80	0.0125000
NODE_977_length_2390_cov_20.371454	1753	1833	10	19	80	0.2375000
NODE_977_length_2390_cov_20.371454	1753	1833	12	11	80	0.1375000
NODE_977_length_2390_cov_20.371454	1753	1833	13	1	80	0.0125000
NODE_977_length_2390_cov_20.371454	1753	1833	14	32	80	0.4000000
NODE_977_length_2390_cov_20.371454	1806	1886	0	23	80	0.2875000
NODE_977_length_2390_cov_20.371454	1806	1886	1	1	80	0.0125000
NODE_977_length_2390_cov_20.371454	1806	1886	2	24	80	0.3000000
NODE_977_length_2390_cov_20.371454	1806	1886	4	21	80	0.2625000
NODE_977_length_2390_cov_20.371454	1806	1886	8	1	80	0.0125000
NODE_977_length_2390_cov_20.371454	1806	1886	14	10	80	0.1250000
NODE_979_length_2389_cov_17.904803	1601	1681	6	35	80	0.4375000
NODE_979_length_2389_cov_17.904803	1601	1681	8	5	80	0.0625000
NODE_979_length_2389_cov_17.904803	1601	1681	10	10	80	0.1250000
NODE_979_length_2389_cov_17.904803	1601	1681	12	30	80	0.3750000
NODE_979_length_2389_cov_17.904803	1654	1734	2	7	80	0.0875000
NODE_979_length_2389_cov_17.904803	1654	1734	6	28	80	0.3500000
NODE_979_length_2389_cov_17.904803	1654	1734	8	45	80	0.5625000
NODE_979_length_2389_cov_17.904803	1730	1810	0	6	80	0.0750000
NODE_979_length_2389_cov_17.904803	1730	1810	2	17	80	0.2125000
NODE_979_length_2389_cov_17.904803	1730	1810	4	57	80	0.7125000
NODE_979_length_2389_cov_17.904803	1783	1863	0	6	80	0.0750000
NODE_979_length_2389_cov_17.904803	1783	1863	2	9	80	0.1125000
NODE_979_length_2389_cov_17.904803	1783	1863	4	65	80	0.8125000
NODE_988_length_2381_cov_32.280894	398	478	0	22	80	0.2750000
NODE_988_length_2381_cov_32.280894	398	478	2	58	80	0.7250000
NODE_988_length_2381_cov_32.280894	451	531	0	15	80	0.1875000
NODE_988_length_2381_cov_32.280894	451	531	2	65	80	0.8125000
NODE_988_length_2381_cov_32.280894	527	607	0	73	80	0.9125000
NODE_988_length_2381_cov_32.280894	527	607	2	7	80	0.0875000
NODE_988_length_2381_cov_32.280894	580	660	0	20	80	0.2500000
NODE_988_length_2381_cov_32.280894	580	660	2	60	80	0.7500000
NODE_988_length_2381_cov_32.280894	2288	2368	0	80	80	1.0000000
NODE_997_length_2369_cov_4.896916	241	321	0	80	80	1.0000000
NODE_997_length_2369_cov_4.896916	294	374	0	80	80	1.0000000
NODE_1002_length_2364_cov_2.482561	0	79	0	79	79	1.0000000
NODE_1004_length_2360_cov_8.620080	587	651	40	7	64	0.1093750
NODE_1004_length_2360_cov_8.620080	587	651	42	7	64	0.1093750
NODE_1004_length_2360_cov_8.620080	587	651	44	2	64	0.0312500
NODE_1004_length_2360_cov_8.620080	587	651	45	1	64	0.0156250
NODE_1004_length_2360_cov_8.620080	587	651	46	47	64	0.7343750
NODE_1004_length_2360_cov_8.620080	587	651	40	7	64	0.1093750
NODE_1004_length_2360_cov_8.620080	587	651	42	7	64	0.1093750
NODE_1004_length_2360_cov_8.620080	587	651	44	2	64	0.0312500
NODE_1004_length_2360_cov_8.620080	587	651	45	1	64	0.0156250
NODE_1004_length_2360_cov_8.620080	587	651	46	47	64	0.7343750
NODE_1004_length_2360_cov_8.620080	624	684	15	4	60	0.0666667
NODE_1004_length_2360_cov_8.620080	624	684	23	6	60	0.1000000
NODE_1004_length_2360_cov_8.620080	624	684	25	3	60	0.0500000
NODE_1004_length_2360_cov_8.620080	624	684	35	5	60	0.0833333
NODE_1004_length_2360_cov_8.620080	624	684	37	7	60	0.1166667
NODE_1004_length_2360_cov_8.620080	624	684	39	5	60	0.0833333
NODE_1004_length_2360_cov_8.620080	624	684	40	10	60	0.1666667
NODE_1004_length_2360_cov_8.620080	624	684	42	7	60	0.1166667
NODE_1004_length_2360_cov_8.620080	624	684	44	2	60	0.0333333
NODE_1004_length_2360_cov_8.620080	624	684	46	11	60	0.1833333
NODE_1004_length_2360_cov_8.620080	1827	1907	4	56	80	0.7000000
NODE_1004_length_2360_cov_8.620080	1827	1907	6	24	80	0.3000000
NODE_1004_length_2360_cov_8.620080	1880	1960	4	4	80	0.0500000
NODE_1004_length_2360_cov_8.620080	1880	1960	6	76	80	0.9500000
NODE_1005_length_2359_cov_22.317257	958	1038	4	2	80	0.0250000
NODE_1005_length_2359_cov_22.317257	958	1038	8	30	80	0.3750000
NODE_1005_length_2359_cov_22.317257	958	1038	12	8	80	0.1000000
NODE_1005_length_2359_cov_22.317257	958	1038	15	30	80	0.3750000
NODE_1005_length_2359_cov_22.317257	958	1038	16	1	80	0.0125000
NODE_1005_length_2359_cov_22.317257	958	1038	17	9	80	0.1125000
NODE_1005_length_2359_cov_22.317257	1011	1091	12	9	80	0.1125000
NODE_1005_length_2359_cov_22.317257	1011	1091	15	62	80	0.7750000
NODE_1005_length_2359_cov_22.317257	1011	1091	17	9	80	0.1125000
NODE_1008_length_2357_cov_25.711249	716	796	3	4	80	0.0500000
NODE_1008_length_2357_cov_25.711249	716	796	5	3	80	0.0375000
NODE_1008_length_2357_cov_25.711249	716	796	9	21	80	0.2625000
NODE_1008_length_2357_cov_25.711249	716	796	12	23	80	0.2875000
NODE_1008_length_2357_cov_25.711249	716	796	16	26	80	0.3250000
NODE_1008_length_2357_cov_25.711249	716	796	18	3	80	0.0375000
NODE_1008_length_2357_cov_25.711249	769	849	12	22	80	0.2750000
NODE_1008_length_2357_cov_25.711249	769	849	16	27	80	0.3375000
NODE_1008_length_2357_cov_25.711249	769	849	18	31	80	0.3875000
NODE_1015_length_2345_cov_5.386465	1845	1925	0	80	80	1.0000000
NODE_1015_length_2345_cov_5.386465	1898	1978	0	80	80	1.0000000
NODE_1016_length_2344_cov_6.236526	1208	1269	21	4	61	0.0655738
NODE_1016_length_2344_cov_6.236526	1208	1269	22	1	61	0.0163934
NODE_1016_length_2344_cov_6.236526	1208	1269	25	1	61	0.0163934
NODE_1016_length_2344_cov_6.236526	1208	1269	26	3	61	0.0491803
NODE_1016_length_2344_cov_6.236526	1208	1269	28	43	61	0.7049180
NODE_1016_length_2344_cov_6.236526	1208	1269	29	9	61	0.1475410
NODE_1016_length_2344_cov_6.236526	1208	1269	21	4	61	0.0655738
NODE_1016_length_2344_cov_6.236526	1208	1269	22	1	61	0.0163934
NODE_1016_length_2344_cov_6.236526	1208	1269	25	1	61	0.0163934
NODE_1016_length_2344_cov_6.236526	1208	1269	26	3	61	0.0491803
NODE_1016_length_2344_cov_6.236526	1208	1269	28	43	61	0.7049180
NODE_1016_length_2344_cov_6.236526	1208	1269	29	9	61	0.1475410
NODE_1016_length_2344_cov_6.236526	1208	1269	21	4	61	0.0655738
NODE_1016_length_2344_cov_6.236526	1208	1269	22	1	61	0.0163934
NODE_1016_length_2344_cov_6.236526	1208	1269	25	1	61	0.0163934
NODE_1016_length_2344_cov_6.236526	1208	1269	26	3	61	0.0491803
NODE_1016_length_2344_cov_6.236526	1208	1269	28	43	61	0.7049180
NODE_1016_length_2344_cov_6.236526	1208	1269	29	9	61	0.1475410
NODE_1016_length_2344_cov_6.236526	1208	1267	21	4	59	0.0677966
NODE_1016_length_2344_cov_6.236526	1208	1267	22	1	59	0.0169492
NODE_1016_length_2344_cov_6.236526	1208	1267	25	1	59	0.0169492
NODE_1016_length_2344_cov_6.236526	1208	1267	26	3	59	0.0508475
NODE_1016_length_2344_cov_6.236526	1208	1267	28	41	59	0.6949152
NODE_1016_length_2344_cov_6.236526	1208	1267	29	9	59	0.1525424
NODE_1023_length_2332_cov_4.725929	34	101	6	1	67	0.0149254
NODE_1023_length_2332_cov_4.725929	34	101	7	1	67	0.0149254
NODE_1023_length_2332_cov_4.725929	34	101	8	65	67	0.9701493
NODE_1027_length_2327_cov_18.210952	2213	2293	10	6	80	0.0750000
NODE_1027_length_2327_cov_18.210952	2213	2293	18	30	80	0.3750000
NODE_1027_length_2327_cov_18.210952	2213	2293	30	3	80	0.0375000
NODE_1027_length_2327_cov_18.210952	2213	2293	44	1	80	0.0125000
NODE_1027_length_2327_cov_18.210952	2213	2293	45	6	80	0.0750000
NODE_1027_length_2327_cov_18.210952	2213	2293	48	2	80	0.0250000
NODE_1027_length_2327_cov_18.210952	2213	2293	49	16	80	0.2000000
NODE_1027_length_2327_cov_18.210952	2213	2293	51	16	80	0.2000000
NODE_1027_length_2327_cov_18.210952	2266	2327	33	6	61	0.0983607
NODE_1027_length_2327_cov_18.210952	2266	2327	37	3	61	0.0491803
NODE_1027_length_2327_cov_18.210952	2266	2327	45	12	61	0.1967213
NODE_1027_length_2327_cov_18.210952	2266	2327	48	15	61	0.2459016
NODE_1027_length_2327_cov_18.210952	2266	2327	49	10	61	0.1639344
NODE_1027_length_2327_cov_18.210952	2266	2327	51	15	61	0.2459016
NODE_1028_length_2326_cov_15.583745	1709	1789	0	15	80	0.1875000
NODE_1028_length_2326_cov_15.583745	1709	1789	2	19	80	0.2375000
NODE_1028_length_2326_cov_15.583745	1709	1789	4	8	80	0.1000000
NODE_1028_length_2326_cov_15.583745	1709	1789	5	1	80	0.0125000
NODE_1028_length_2326_cov_15.583745	1709	1789	6	10	80	0.1250000
NODE_1028_length_2326_cov_15.583745	1709	1789	8	8	80	0.1000000
NODE_1028_length_2326_cov_15.583745	1709	1789	10	14	80	0.1750000
NODE_1028_length_2326_cov_15.583745	1709	1789	12	5	80	0.0625000
NODE_1028_length_2326_cov_15.583745	1762	1842	8	8	80	0.1000000
NODE_1028_length_2326_cov_15.583745	1762	1842	10	14	80	0.1750000
NODE_1028_length_2326_cov_15.583745	1762	1842	12	40	80	0.5000000
NODE_1028_length_2326_cov_15.583745	1762	1842	14	18	80	0.2250000
NODE_1030_length_2325_cov_14.998652	553	633	6	10	80	0.1250000
NODE_1030_length_2325_cov_14.998652	553	633	8	70	80	0.8750000
NODE_1030_length_2325_cov_14.998652	606	686	0	9	80	0.1125000
NODE_1030_length_2325_cov_14.998652	606	686	2	38	80	0.4750000
NODE_1030_length_2325_cov_14.998652	606	686	4	6	80	0.0750000
NODE_1030_length_2325_cov_14.998652	606	686	8	27	80	0.3375000
NODE_1034_length_2317_cov_11.956718	920	1000	0	20	80	0.2500000
NODE_1034_length_2317_cov_11.956718	920	1000	2	60	80	0.7500000
NODE_1034_length_2317_cov_11.956718	973	1053	0	27	80	0.3375000
NODE_1034_length_2317_cov_11.956718	973	1053	2	48	80	0.6000000
NODE_1034_length_2317_cov_11.956718	973	1053	4	5	80	0.0625000
NODE_1034_length_2317_cov_11.956718	1049	1129	2	15	80	0.1875000
NODE_1034_length_2317_cov_11.956718	1049	1129	4	65	80	0.8125000
NODE_1034_length_2317_cov_11.956718	1102	1184	2	46	82	0.5609756
NODE_1034_length_2317_cov_11.956718	1102	1184	4	36	82	0.4390244
NODE_1037_length_2316_cov_8.556608	168	247	70	3	79	0.0379747
NODE_1037_length_2316_cov_8.556608	168	247	72	3	79	0.0379747
NODE_1037_length_2316_cov_8.556608	168	247	73	1	79	0.0126582
NODE_1037_length_2316_cov_8.556608	168	247	79	1	79	0.0126582
NODE_1037_length_2316_cov_8.556608	168	247	81	1	79	0.0126582
NODE_1037_length_2316_cov_8.556608	168	247	89	1	79	0.0126582
NODE_1037_length_2316_cov_8.556608	168	247	91	6	79	0.0759494
NODE_1037_length_2316_cov_8.556608	168	247	99	1	79	0.0126582
NODE_1037_length_2316_cov_8.556608	168	247	101	4	79	0.0506329
NODE_1037_length_2316_cov_8.556608	168	247	107	1	79	0.0126582
NODE_1037_length_2316_cov_8.556608	168	247	112	3	79	0.0379747
NODE_1037_length_2316_cov_8.556608	168	247	116	1	79	0.0126582
NODE_1037_length_2316_cov_8.556608	168	247	120	5	79	0.0632911
NODE_1037_length_2316_cov_8.556608	168	247	122	2	79	0.0253165
NODE_1037_length_2316_cov_8.556608	168	247	127	1	79	0.0126582
NODE_1037_length_2316_cov_8.556608	168	247	128	2	79	0.0253165
NODE_1037_length_2316_cov_8.556608	168	247	129	5	79	0.0632911
NODE_1037_length_2316_cov_8.556608	168	247	130	1	79	0.0126582
NODE_1037_length_2316_cov_8.556608	168	247	132	1	79	0.0126582
NODE_1037_length_2316_cov_8.556608	168	247	136	2	79	0.0253165
NODE_1037_length_2316_cov_8.556608	168	247	138	3	79	0.0379747
NODE_1037_length_2316_cov_8.556608	168	247	140	22	79	0.2784810
NODE_1037_length_2316_cov_8.556608	168	247	141	4	79	0.0506329
NODE_1037_length_2316_cov_8.556608	168	247	142	2	79	0.0253165
NODE_1037_length_2316_cov_8.556608	168	247	144	3	79	0.0379747
NODE_1037_length_2316_cov_8.556608	1117	1198	32	4	81	0.0493827
NODE_1037_length_2316_cov_8.556608	1117	1198	34	14	81	0.1728395
NODE_1037_length_2316_cov_8.556608	1117	1198	35	5	81	0.0617284
NODE_1037_length_2316_cov_8.556608	1117	1198	36	18	81	0.2222222
NODE_1037_length_2316_cov_8.556608	1117	1198	37	14	81	0.1728395
NODE_1037_length_2316_cov_8.556608	1117	1198	38	4	81	0.0493827
NODE_1037_length_2316_cov_8.556608	1117	1198	39	7	81	0.0864198
NODE_1037_length_2316_cov_8.556608	1117	1198	41	13	81	0.1604938
NODE_1037_length_2316_cov_8.556608	1117	1198	43	2	81	0.0246914
NODE_1037_length_2316_cov_8.556608	1369	1412	8	8	43	0.1860465
NODE_1037_length_2316_cov_8.556608	1369	1412	10	7	43	0.1627907
NODE_1037_length_2316_cov_8.556608	1369	1412	11	4	43	0.0930233
NODE_1037_length_2316_cov_8.556608	1369	1412	13	1	43	0.0232558
NODE_1037_length_2316_cov_8.556608	1369	1412	14	7	43	0.1627907
NODE_1037_length_2316_cov_8.556608	1369	1412	16	1	43	0.0232558
NODE_1037_length_2316_cov_8.556608	1369	1412	18	15	43	0.3488372
NODE_1040_length_2311_cov_2.821881	2121	2201	0	80	80	1.0000000
NODE_1040_length_2311_cov_2.821881	2174	2225	0	51	51	1.0000000
NODE_1044_length_2306_cov_17.347984	995	1075	0	30	80	0.3750000
NODE_1044_length_2306_cov_17.347984	995	1075	2	8	80	0.1000000
NODE_1044_length_2306_cov_17.347984	995	1075	6	3	80	0.0375000
NODE_1044_length_2306_cov_17.347984	995	1075	8	14	80	0.1750000
NODE_1044_length_2306_cov_17.347984	995	1075	10	18	80	0.2250000
NODE_1044_length_2306_cov_17.347984	995	1075	12	7	80	0.0875000
NODE_1044_length_2306_cov_17.347984	1048	1128	6	9	80	0.1125000
NODE_1044_length_2306_cov_17.347984	1048	1128	8	2	80	0.0250000
NODE_1044_length_2306_cov_17.347984	1048	1128	10	26	80	0.3250000
NODE_1044_length_2306_cov_17.347984	1048	1128	12	43	80	0.5375000
NODE_1052_length_2300_cov_9.803271	934	1014	0	16	80	0.2000000
NODE_1052_length_2300_cov_9.803271	934	1014	2	22	80	0.2750000
NODE_1052_length_2300_cov_9.803271	934	1014	4	3	80	0.0375000
NODE_1052_length_2300_cov_9.803271	934	1014	5	39	80	0.4875000
NODE_1052_length_2300_cov_9.803271	1892	1965	0	73	73	1.0000000
NODE_1059_length_2289_cov_17.807306	968	1026	25	2	58	0.0344828
NODE_1059_length_2289_cov_17.807306	968	1026	31	9	58	0.1551724
NODE_1059_length_2289_cov_17.807306	968	1026	32	18	58	0.3103448
NODE_1059_length_2289_cov_17.807306	968	1026	36	3	58	0.0517241
NODE_1059_length_2289_cov_17.807306	968	1026	40	22	58	0.3793103
NODE_1059_length_2289_cov_17.807306	968	1026	42	4	58	0.0689655
NODE_1059_length_2289_cov_17.807306	1021	1079	14	2	58	0.0344828
NODE_1059_length_2289_cov_17.807306	1021	1079	15	1	58	0.0172414
NODE_1059_length_2289_cov_17.807306	1021	1079	23	1	58	0.0172414
NODE_1059_length_2289_cov_17.807306	1021	1079	28	11	58	0.1896552
NODE_1059_length_2289_cov_17.807306	1021	1079	30	10	58	0.1724138
NODE_1059_length_2289_cov_17.807306	1021	1079	32	2	58	0.0344828
NODE_1059_length_2289_cov_17.807306	1021	1079	34	4	58	0.0689655
NODE_1059_length_2289_cov_17.807306	1021	1079	36	1	58	0.0172414
NODE_1059_length_2289_cov_17.807306	1021	1079	38	5	58	0.0862069
NODE_1059_length_2289_cov_17.807306	1021	1079	40	21	58	0.3620690
NODE_1060_length_2289_cov_7.736986	2161	2218	152	1	57	0.0175439
NODE_1060_length_2289_cov_7.736986	2161	2218	168	1	57	0.0175439
NODE_1060_length_2289_cov_7.736986	2161	2218	177	1	57	0.0175439
NODE_1060_length_2289_cov_7.736986	2161	2218	178	1	57	0.0175439
NODE_1060_length_2289_cov_7.736986	2161	2218	192	1	57	0.0175439
NODE_1060_length_2289_cov_7.736986	2161	2218	196	1	57	0.0175439
NODE_1060_length_2289_cov_7.736986	2161	2218	198	1	57	0.0175439
NODE_1060_length_2289_cov_7.736986	2161	2218	208	1	57	0.0175439
NODE_1060_length_2289_cov_7.736986	2161	2218	214	1	57	0.0175439
NODE_1060_length_2289_cov_7.736986	2161	2218	220	1	57	0.0175439
NODE_1060_length_2289_cov_7.736986	2161	2218	222	1	57	0.0175439
NODE_1060_length_2289_cov_7.736986	2161	2218	226	1	57	0.0175439
NODE_1060_length_2289_cov_7.736986	2161	2218	230	1	57	0.0175439
NODE_1060_length_2289_cov_7.736986	2161	2218	240	1	57	0.0175439
NODE_1060_length_2289_cov_7.736986	2161	2218	242	4	57	0.0701754
NODE_1060_length_2289_cov_7.736986	2161	2218	246	1	57	0.0175439
NODE_1060_length_2289_cov_7.736986	2161	2218	248	1	57	0.0175439
NODE_1060_length_2289_cov_7.736986	2161	2218	258	1	57	0.0175439
NODE_1060_length_2289_cov_7.736986	2161	2218	266	1	57	0.0175439
NODE_1060_length_2289_cov_7.736986	2161	2218	268	2	57	0.0350877
NODE_1060_length_2289_cov_7.736986	2161	2218	272	1	57	0.0175439
NODE_1060_length_2289_cov_7.736986	2161	2218	276	32	57	0.5614035
NODE_1060_length_2289_cov_7.736986	2191	2271	155	1	80	0.0125000
NODE_1060_length_2289_cov_7.736986	2191	2271	165	1	80	0.0125000
NODE_1060_length_2289_cov_7.736986	2191	2271	169	1	80	0.0125000
NODE_1060_length_2289_cov_7.736986	2191	2271	178	1	80	0.0125000
NODE_1060_length_2289_cov_7.736986	2191	2271	182	1	80	0.0125000
NODE_1060_length_2289_cov_7.736986	2191	2271	204	2	80	0.0250000
NODE_1060_length_2289_cov_7.736986	2191	2271	209	1	80	0.0125000
NODE_1060_length_2289_cov_7.736986	2191	2271	215	1	80	0.0125000
NODE_1060_length_2289_cov_7.736986	2191	2271	228	1	80	0.0125000
NODE_1060_length_2289_cov_7.736986	2191	2271	243	2	80	0.0250000
NODE_1060_length_2289_cov_7.736986	2191	2271	249	1	80	0.0125000
NODE_1060_length_2289_cov_7.736986	2191	2271	253	1	80	0.0125000
NODE_1060_length_2289_cov_7.736986	2191	2271	264	1	80	0.0125000
NODE_1060_length_2289_cov_7.736986	2191	2271	266	1	80	0.0125000
NODE_1060_length_2289_cov_7.736986	2191	2271	269	1	80	0.0125000
NODE_1060_length_2289_cov_7.736986	2191	2271	274	22	80	0.2750000
NODE_1060_length_2289_cov_7.736986	2191	2271	276	41	80	0.5125000
NODE_1061_length_2288_cov_8.539973	340	420	2	28	80	0.3500000
NODE_1061_length_2288_cov_8.539973	340	420	4	18	80	0.2250000
NODE_1061_length_2288_cov_8.539973	340	420	6	34	80	0.4250000
NODE_1061_length_2288_cov_8.539973	393	473	0	5	80	0.0625000
NODE_1061_length_2288_cov_8.539973	393	473	4	66	80	0.8250000
NODE_1061_length_2288_cov_8.539973	393	473	6	9	80	0.1125000
NODE_1065_length_2278_cov_19.655805	450	530	19	5	80	0.0625000
NODE_1065_length_2278_cov_19.655805	450	530	21	17	80	0.2125000
NODE_1065_length_2278_cov_19.655805	450	530	23	2	80	0.0250000
NODE_1065_length_2278_cov_19.655805	450	530	24	36	80	0.4500000
NODE_1065_length_2278_cov_19.655805	450	530	25	20	80	0.2500000
NODE_1065_length_2278_cov_19.655805	503	583	4	7	80	0.0875000
NODE_1065_length_2278_cov_19.655805	503	583	5	10	80	0.1250000
NODE_1065_length_2278_cov_19.655805	503	583	8	11	80	0.1375000
NODE_1065_length_2278_cov_19.655805	503	583	10	7	80	0.0875000
NODE_1065_length_2278_cov_19.655805	503	583	12	9	80	0.1125000
NODE_1065_length_2278_cov_19.655805	503	583	19	14	80	0.1750000
NODE_1065_length_2278_cov_19.655805	503	583	21	17	80	0.2125000
NODE_1065_length_2278_cov_19.655805	503	583	23	2	80	0.0250000
NODE_1065_length_2278_cov_19.655805	503	583	25	3	80	0.0375000
NODE_1065_length_2278_cov_19.655805	579	659	1	25	80	0.3125000
NODE_1065_length_2278_cov_19.655805	579	659	4	26	80	0.3250000
NODE_1065_length_2278_cov_19.655805	579	659	5	29	80	0.3625000
NODE_1065_length_2278_cov_19.655805	632	712	4	73	80	0.9125000
NODE_1065_length_2278_cov_19.655805	632	712	5	7	80	0.0875000
NODE_1071_length_2272_cov_26.123792	226	306	0	80	80	1.0000000
NODE_1071_length_2272_cov_26.123792	279	359	0	37	80	0.4625000
NODE_1071_length_2272_cov_26.123792	279	359	2	43	80	0.5375000
NODE_1071_length_2272_cov_26.123792	1684	1731	5	1	47	0.0212766
NODE_1071_length_2272_cov_26.123792	1684	1731	9	1	47	0.0212766
NODE_1071_length_2272_cov_26.123792	1684	1731	11	1	47	0.0212766
NODE_1071_length_2272_cov_26.123792	1684	1731	15	1	47	0.0212766
NODE_1071_length_2272_cov_26.123792	1684	1731	18	2	47	0.0425532
NODE_1071_length_2272_cov_26.123792	1684	1731	22	1	47	0.0212766
NODE_1071_length_2272_cov_26.123792	1684	1731	24	2	47	0.0425532
NODE_1071_length_2272_cov_26.123792	1684	1731	28	4	47	0.0851064
NODE_1071_length_2272_cov_26.123792	1684	1731	30	2	47	0.0425532
NODE_1071_length_2272_cov_26.123792	1684	1731	32	10	47	0.2127660
NODE_1071_length_2272_cov_26.123792	1684	1731	34	4	47	0.0851064
NODE_1071_length_2272_cov_26.123792	1684	1731	36	1	47	0.0212766
NODE_1071_length_2272_cov_26.123792	1684	1731	38	3	47	0.0638298
NODE_1071_length_2272_cov_26.123792	1684	1731	42	10	47	0.2127660
NODE_1071_length_2272_cov_26.123792	1684	1731	44	4	47	0.0851064
NODE_1071_length_2272_cov_26.123792	1694	1725	22	1	31	0.0322581
NODE_1071_length_2272_cov_26.123792	1694	1725	24	2	31	0.0645161
NODE_1071_length_2272_cov_26.123792	1694	1725	28	4	31	0.1290323
NODE_1071_length_2272_cov_26.123792	1694	1725	30	2	31	0.0645161
NODE_1071_length_2272_cov_26.123792	1694	1725	32	10	31	0.3225806
NODE_1071_length_2272_cov_26.123792	1694	1725	34	4	31	0.1290323
NODE_1071_length_2272_cov_26.123792	1694	1725	36	1	31	0.0322581
NODE_1071_length_2272_cov_26.123792	1694	1725	38	3	31	0.0967742
NODE_1071_length_2272_cov_26.123792	1694	1725	42	4	31	0.1290323
NODE_1071_length_2272_cov_26.123792	1759	1833	0	51	74	0.6891892
NODE_1071_length_2272_cov_26.123792	1759	1833	2	23	74	0.3108108
NODE_1071_length_2272_cov_26.123792	1812	1892	2	80	80	1.0000000
NODE_1072_length_2272_cov_8.175334	213	293	30	3	80	0.0375000
NODE_1072_length_2272_cov_8.175334	213	293	36	6	80	0.0750000
NODE_1072_length_2272_cov_8.175334	213	293	37	3	80	0.0375000
NODE_1072_length_2272_cov_8.175334	213	293	40	1	80	0.0125000
NODE_1072_length_2272_cov_8.175334	213	293	42	5	80	0.0625000
NODE_1072_length_2272_cov_8.175334	213	293	43	4	80	0.0500000
NODE_1072_length_2272_cov_8.175334	213	293	47	4	80	0.0500000
NODE_1072_length_2272_cov_8.175334	213	293	51	1	80	0.0125000
NODE_1072_length_2272_cov_8.175334	213	293	53	28	80	0.3500000
NODE_1072_length_2272_cov_8.175334	213	293	55	9	80	0.1125000
NODE_1072_length_2272_cov_8.175334	213	293	57	1	80	0.0125000
NODE_1072_length_2272_cov_8.175334	213	293	58	8	80	0.1000000
NODE_1072_length_2272_cov_8.175334	213	293	59	7	80	0.0875000
NODE_1072_length_2272_cov_8.175334	266	346	0	1	80	0.0125000
NODE_1072_length_2272_cov_8.175334	266	346	8	1	80	0.0125000
NODE_1072_length_2272_cov_8.175334	266	346	28	9	80	0.1125000
NODE_1072_length_2272_cov_8.175334	266	346	29	3	80	0.0375000
NODE_1072_length_2272_cov_8.175334	266	346	35	4	80	0.0500000
NODE_1072_length_2272_cov_8.175334	266	346	37	1	80	0.0125000
NODE_1072_length_2272_cov_8.175334	266	346	38	1	80	0.0125000
NODE_1072_length_2272_cov_8.175334	266	346	40	2	80	0.0250000
NODE_1072_length_2272_cov_8.175334	266	346	42	2	80	0.0250000
NODE_1072_length_2272_cov_8.175334	266	346	43	14	80	0.1750000
NODE_1072_length_2272_cov_8.175334	266	346	49	8	80	0.1000000
NODE_1072_length_2272_cov_8.175334	266	346	51	7	80	0.0875000
NODE_1072_length_2272_cov_8.175334	266	346	53	25	80	0.3125000
NODE_1072_length_2272_cov_8.175334	266	346	55	2	80	0.0250000
NODE_1077_length_2266_cov_13.206276	359	439	12	56	80	0.7000000
NODE_1077_length_2266_cov_13.206276	359	439	13	2	80	0.0250000
NODE_1077_length_2266_cov_13.206276	359	439	14	8	80	0.1000000
NODE_1077_length_2266_cov_13.206276	359	439	15	14	80	0.1750000
NODE_1077_length_2266_cov_13.206276	412	492	9	11	80	0.1375000
NODE_1077_length_2266_cov_13.206276	412	492	10	26	80	0.3250000
NODE_1077_length_2266_cov_13.206276	412	492	12	13	80	0.1625000
NODE_1077_length_2266_cov_13.206276	412	492	13	2	80	0.0250000
NODE_1077_length_2266_cov_13.206276	412	492	14	8	80	0.1000000
NODE_1077_length_2266_cov_13.206276	412	492	15	20	80	0.2500000
NODE_1077_length_2266_cov_13.206276	488	568	9	11	80	0.1375000
NODE_1077_length_2266_cov_13.206276	488	568	10	1	80	0.0125000
NODE_1077_length_2266_cov_13.206276	488	568	11	1	80	0.0125000
NODE_1077_length_2266_cov_13.206276	488	568	12	11	80	0.1375000
NODE_1077_length_2266_cov_13.206276	488	568	13	5	80	0.0625000
NODE_1077_length_2266_cov_13.206276	488	568	15	5	80	0.0625000
NODE_1077_length_2266_cov_13.206276	488	568	16	1	80	0.0125000
NODE_1077_length_2266_cov_13.206276	488	568	17	11	80	0.1375000
NODE_1077_length_2266_cov_13.206276	488	568	18	34	80	0.4250000
NODE_1077_length_2266_cov_13.206276	541	627	2	19	86	0.2209302
NODE_1077_length_2266_cov_13.206276	541	627	6	14	86	0.1627907
NODE_1077_length_2266_cov_13.206276	541	627	8	14	86	0.1627907
NODE_1077_length_2266_cov_13.206276	541	627	10	13	86	0.1511628
NODE_1077_length_2266_cov_13.206276	541	627	11	1	86	0.0116279
NODE_1077_length_2266_cov_13.206276	541	627	13	1	86	0.0116279
NODE_1077_length_2266_cov_13.206276	541	627	16	1	86	0.0116279
NODE_1077_length_2266_cov_13.206276	541	627	18	23	86	0.2674419
NODE_1078_length_2262_cov_11.759131	413	493	0	80	80	1.0000000
NODE_1078_length_2262_cov_11.759131	466	546	0	80	80	1.0000000
NODE_1079_length_2260_cov_37.814901	219	299	0	27	80	0.3375000
NODE_1079_length_2260_cov_37.814901	219	299	2	53	80	0.6625000
NODE_1079_length_2260_cov_37.814901	742	822	0	30	80	0.3750000
NODE_1079_length_2260_cov_37.814901	742	822	2	18	80	0.2250000
NODE_1079_length_2260_cov_37.814901	742	822	6	32	80	0.4000000
NODE_1079_length_2260_cov_37.814901	795	875	4	9	80	0.1125000
NODE_1079_length_2260_cov_37.814901	795	875	6	71	80	0.8875000
NODE_1079_length_2260_cov_37.814901	1533	1613	8	12	80	0.1500000
NODE_1079_length_2260_cov_37.814901	1533	1613	10	3	80	0.0375000
NODE_1079_length_2260_cov_37.814901	1533	1613	17	1	80	0.0125000
NODE_1079_length_2260_cov_37.814901	1533	1613	18	3	80	0.0375000
NODE_1079_length_2260_cov_37.814901	1533	1613	28	5	80	0.0625000
NODE_1079_length_2260_cov_37.814901	1533	1613	29	3	80	0.0375000
NODE_1079_length_2260_cov_37.814901	1533	1613	30	36	80	0.4500000
NODE_1079_length_2260_cov_37.814901	1533	1613	31	17	80	0.2125000
NODE_1079_length_2260_cov_37.814901	1586	1666	0	2	80	0.0250000
NODE_1079_length_2260_cov_37.814901	1586	1666	2	12	80	0.1500000
NODE_1079_length_2260_cov_37.814901	1586	1666	4	8	80	0.1000000
NODE_1079_length_2260_cov_37.814901	1586	1666	6	26	80	0.3250000
NODE_1079_length_2260_cov_37.814901	1586	1666	8	17	80	0.2125000
NODE_1079_length_2260_cov_37.814901	1586	1666	10	3	80	0.0375000
NODE_1079_length_2260_cov_37.814901	1586	1666	17	1	80	0.0125000
NODE_1079_length_2260_cov_37.814901	1586	1666	18	3	80	0.0375000
NODE_1079_length_2260_cov_37.814901	1586	1666	28	5	80	0.0625000
NODE_1079_length_2260_cov_37.814901	1586	1666	29	3	80	0.0375000
NODE_1079_length_2260_cov_37.814901	1662	1742	0	78	80	0.9750000
NODE_1079_length_2260_cov_37.814901	1662	1742	2	2	80	0.0250000
NODE_1079_length_2260_cov_37.814901	1715	1795	0	80	80	1.0000000
NODE_1082_length_2253_cov_8.904828	472	552	9	4	80	0.0500000
NODE_1082_length_2253_cov_8.904828	472	552	11	5	80	0.0625000
NODE_1082_length_2253_cov_8.904828	472	552	12	3	80	0.0375000
NODE_1082_length_2253_cov_8.904828	472	552	14	13	80	0.1625000
NODE_1082_length_2253_cov_8.904828	472	552	18	7	80	0.0875000
NODE_1082_length_2253_cov_8.904828	472	552	20	1	80	0.0125000
NODE_1082_length_2253_cov_8.904828	472	552	22	14	80	0.1750000
NODE_1082_length_2253_cov_8.904828	472	552	24	25	80	0.3125000
NODE_1082_length_2253_cov_8.904828	472	552	26	8	80	0.1000000
NODE_1085_length_2252_cov_2.801208	1128	1170	7	24	42	0.5714286
NODE_1085_length_2252_cov_2.801208	1128	1170	8	1	42	0.0238095
NODE_1085_length_2252_cov_2.801208	1128	1170	9	3	42	0.0714286
NODE_1085_length_2252_cov_2.801208	1128	1170	10	14	42	0.3333333
NODE_1085_length_2252_cov_2.801208	1137	1172	7	15	35	0.4285714
NODE_1085_length_2252_cov_2.801208	1137	1172	8	1	35	0.0285714
NODE_1085_length_2252_cov_2.801208	1137	1172	9	3	35	0.0857143
NODE_1085_length_2252_cov_2.801208	1137	1172	10	16	35	0.4571429
NODE_1086_length_2252_cov_2.078031	13	62	0	49	49	1.0000000
NODE_1086_length_2252_cov_2.078031	13	61	0	48	48	1.0000000
NODE_1086_length_2252_cov_2.078031	13	62	0	49	49	1.0000000
NODE_1086_length_2252_cov_2.078031	13	62	0	49	49	1.0000000
NODE_1086_length_2252_cov_2.078031	13	61	0	48	48	1.0000000
NODE_1087_length_2251_cov_15.458178	1443	1506	0	62	63	0.9841270
NODE_1087_length_2251_cov_15.458178	1443	1506	2	1	63	0.0158730
NODE_1087_length_2251_cov_15.458178	1496	1550	0	54	54	1.0000000
NODE_1089_length_2250_cov_18.370990	1658	1738	5	9	80	0.1125000
NODE_1089_length_2250_cov_18.370990	1658	1738	6	39	80	0.4875000
NODE_1089_length_2250_cov_18.370990	1658	1738	7	3	80	0.0375000
NODE_1089_length_2250_cov_18.370990	1658	1738	9	7	80	0.0875000
NODE_1089_length_2250_cov_18.370990	1658	1738	11	22	80	0.2750000
NODE_1089_length_2250_cov_18.370990	1711	1791	4	3	80	0.0375000
NODE_1089_length_2250_cov_18.370990	1711	1791	6	50	80	0.6250000
NODE_1089_length_2250_cov_18.370990	1711	1791	7	3	80	0.0375000
NODE_1089_length_2250_cov_18.370990	1711	1791	9	2	80	0.0250000
NODE_1089_length_2250_cov_18.370990	1711	1791	11	22	80	0.2750000
NODE_1090_length_2250_cov_5.331474	1844	1924	4	9	80	0.1125000
NODE_1090_length_2250_cov_5.331474	1844	1924	6	71	80	0.8875000
NODE_1093_length_2247_cov_7.906890	364	436	6	16	72	0.2222222
NODE_1093_length_2247_cov_7.906890	364	436	8	29	72	0.4027778
NODE_1093_length_2247_cov_7.906890	364	436	10	6	72	0.0833333
NODE_1093_length_2247_cov_7.906890	364	436	11	15	72	0.2083333
NODE_1093_length_2247_cov_7.906890	364	436	13	6	72	0.0833333
NODE_1095_length_2246_cov_7.612948	1992	2055	0	9	63	0.1428571
NODE_1095_length_2246_cov_7.612948	1992	2055	2	27	63	0.4285714
NODE_1095_length_2246_cov_7.612948	1992	2055	4	27	63	0.4285714
NODE_1095_length_2246_cov_7.612948	2045	2108	4	24	63	0.3809524
NODE_1095_length_2246_cov_7.612948	2045	2108	6	39	63	0.6190476
NODE_1104_length_2233_cov_35.127460	1517	1597	0	36	80	0.4500000
NODE_1104_length_2233_cov_35.127460	1517	1597	2	15	80	0.1875000
NODE_1104_length_2233_cov_35.127460	1517	1597	7	29	80	0.3625000
NODE_1104_length_2233_cov_35.127460	1570	1650	6	8	80	0.1000000
NODE_1104_length_2233_cov_35.127460	1570	1650	7	72	80	0.9000000
NODE_1105_length_2231_cov_45.701689	315	396	5	15	81	0.1851852
NODE_1105_length_2231_cov_45.701689	315	396	8	27	81	0.3333333
NODE_1105_length_2231_cov_45.701689	315	396	9	21	81	0.2592593
NODE_1105_length_2231_cov_45.701689	315	396	10	18	81	0.2222222
NODE_1105_length_2231_cov_45.701689	369	449	2	22	80	0.2750000
NODE_1105_length_2231_cov_45.701689	369	449	4	11	80	0.1375000
NODE_1105_length_2231_cov_45.701689	369	449	5	35	80	0.4375000
NODE_1105_length_2231_cov_45.701689	369	449	8	2	80	0.0250000
NODE_1105_length_2231_cov_45.701689	369	449	9	10	80	0.1250000
NODE_1105_length_2231_cov_45.701689	496	576	0	17	80	0.2125000
NODE_1105_length_2231_cov_45.701689	496	576	2	48	80	0.6000000
NODE_1105_length_2231_cov_45.701689	496	576	3	15	80	0.1875000
NODE_1105_length_2231_cov_45.701689	582	662	0	3	80	0.0375000
NODE_1105_length_2231_cov_45.701689	582	662	2	11	80	0.1375000
NODE_1105_length_2231_cov_45.701689	582	662	6	4	80	0.0500000
NODE_1105_length_2231_cov_45.701689	582	662	8	25	80	0.3125000
NODE_1105_length_2231_cov_45.701689	582	662	10	17	80	0.2125000
NODE_1105_length_2231_cov_45.701689	582	662	12	20	80	0.2500000
NODE_1105_length_2231_cov_45.701689	625	705	10	60	80	0.7500000
NODE_1105_length_2231_cov_45.701689	625	705	12	20	80	0.2500000
NODE_1105_length_2231_cov_45.701689	711	791	0	41	80	0.5125000
NODE_1105_length_2231_cov_45.701689	711	791	2	21	80	0.2625000
NODE_1105_length_2231_cov_45.701689	711	791	4	12	80	0.1500000
NODE_1105_length_2231_cov_45.701689	711	791	6	1	80	0.0125000
NODE_1105_length_2231_cov_45.701689	711	791	7	1	80	0.0125000
NODE_1105_length_2231_cov_45.701689	711	791	8	2	80	0.0250000
NODE_1105_length_2231_cov_45.701689	711	791	10	2	80	0.0250000
NODE_1105_length_2231_cov_45.701689	1141	1186	2	45	45	1.0000000
NODE_1105_length_2231_cov_45.701689	1787	1867	4	9	80	0.1125000
NODE_1105_length_2231_cov_45.701689	1787	1867	8	12	80	0.1500000
NODE_1105_length_2231_cov_45.701689	1787	1867	10	23	80	0.2875000
NODE_1105_length_2231_cov_45.701689	1787	1867	12	27	80	0.3375000
NODE_1105_length_2231_cov_45.701689	1787	1867	14	9	80	0.1125000
NODE_1105_length_2231_cov_45.701689	1840	1920	4	19	80	0.2375000
NODE_1105_length_2231_cov_45.701689	1840	1920	6	43	80	0.5375000
NODE_1105_length_2231_cov_45.701689	1840	1920	8	12	80	0.1500000
NODE_1105_length_2231_cov_45.701689	1840	1920	12	6	80	0.0750000
NODE_1106_length_2230_cov_12.608634	1520	1600	16	4	80	0.0500000
NODE_1106_length_2230_cov_12.608634	1520	1600	18	1	80	0.0125000
NODE_1106_length_2230_cov_12.608634	1520	1600	20	3	80	0.0375000
NODE_1106_length_2230_cov_12.608634	1520	1600	21	1	80	0.0125000
NODE_1106_length_2230_cov_12.608634	1520	1600	22	3	80	0.0375000
NODE_1106_length_2230_cov_12.608634	1520	1600	23	51	80	0.6375000
NODE_1106_length_2230_cov_12.608634	1520	1600	24	17	80	0.2125000
NODE_1106_length_2230_cov_12.608634	1573	1653	8	14	80	0.1750000
NODE_1106_length_2230_cov_12.608634	1573	1653	12	39	80	0.4875000
NODE_1106_length_2230_cov_12.608634	1573	1653	16	4	80	0.0500000
NODE_1106_length_2230_cov_12.608634	1573	1653	18	1	80	0.0125000
NODE_1106_length_2230_cov_12.608634	1573	1653	22	3	80	0.0375000
NODE_1106_length_2230_cov_12.608634	1573	1653	23	13	80	0.1625000
NODE_1106_length_2230_cov_12.608634	1573	1653	24	6	80	0.0750000
NODE_1112_length_2218_cov_5.292591	1427	1497	0	70	70	1.0000000
NODE_1112_length_2218_cov_5.292591	1470	1536	0	66	66	1.0000000
NODE_1115_length_2215_cov_51.865784	108	188	6	28	80	0.3500000
NODE_1115_length_2215_cov_51.865784	108	188	11	1	80	0.0125000
NODE_1115_length_2215_cov_51.865784	108	188	12	51	80	0.6375000
NODE_1115_length_2215_cov_51.865784	161	241	2	4	80	0.0500000
NODE_1115_length_2215_cov_51.865784	161	241	6	45	80	0.5625000
NODE_1115_length_2215_cov_51.865784	161	241	8	31	80	0.3875000
NODE_1115_length_2215_cov_51.865784	237	317	8	80	80	1.0000000
NODE_1115_length_2215_cov_51.865784	290	370	0	24	80	0.3000000
NODE_1115_length_2215_cov_51.865784	290	370	2	6	80	0.0750000
NODE_1115_length_2215_cov_51.865784	290	370	6	5	80	0.0625000
NODE_1115_length_2215_cov_51.865784	290	370	8	45	80	0.5625000
NODE_1115_length_2215_cov_51.865784	1030	1102	10	1	72	0.0138889
NODE_1115_length_2215_cov_51.865784	1030	1102	14	39	72	0.5416667
NODE_1115_length_2215_cov_51.865784	1030	1102	15	2	72	0.0277778
NODE_1115_length_2215_cov_51.865784	1030	1102	17	1	72	0.0138889
NODE_1115_length_2215_cov_51.865784	1030	1102	19	5	72	0.0694444
NODE_1115_length_2215_cov_51.865784	1030	1102	21	16	72	0.2222222
NODE_1115_length_2215_cov_51.865784	1030	1102	25	8	72	0.1111111
NODE_1115_length_2215_cov_51.865784	1571	1651	0	40	80	0.5000000
NODE_1115_length_2215_cov_51.865784	1571	1651	4	28	80	0.3500000
NODE_1115_length_2215_cov_51.865784	1571	1651	6	11	80	0.1375000
NODE_1115_length_2215_cov_51.865784	1571	1651	8	1	80	0.0125000
NODE_1115_length_2215_cov_51.865784	1624	1704	4	15	80	0.1875000
NODE_1115_length_2215_cov_51.865784	1624	1704	6	11	80	0.1375000
NODE_1115_length_2215_cov_51.865784	1624	1704	8	6	80	0.0750000
NODE_1115_length_2215_cov_51.865784	1624	1704	10	3	80	0.0375000
NODE_1115_length_2215_cov_51.865784	1624	1704	12	45	80	0.5625000
NODE_1117_length_2212_cov_63.988168	459	539	0	17	80	0.2125000
NODE_1117_length_2212_cov_63.988168	459	539	2	63	80	0.7875000
NODE_1117_length_2212_cov_63.988168	512	592	0	48	80	0.6000000
NODE_1117_length_2212_cov_63.988168	512	592	2	32	80	0.4000000
NODE_1117_length_2212_cov_63.988168	588	668	0	46	80	0.5750000
NODE_1117_length_2212_cov_63.988168	588	668	2	11	80	0.1375000
NODE_1117_length_2212_cov_63.988168	588	668	4	23	80	0.2875000
NODE_1117_length_2212_cov_63.988168	641	721	2	4	80	0.0500000
NODE_1117_length_2212_cov_63.988168	641	721	4	76	80	0.9500000
NODE_1119_length_2212_cov_4.632750	1479	1559	0	3	80	0.0375000
NODE_1119_length_2212_cov_4.632750	1479	1559	2	77	80	0.9625000
NODE_1119_length_2212_cov_4.632750	1532	1612	0	50	80	0.6250000
NODE_1119_length_2212_cov_4.632750	1532	1612	2	30	80	0.3750000
NODE_1122_length_2211_cov_16.247159	1808	1888	9	3	80	0.0375000
NODE_1122_length_2211_cov_16.247159	1808	1888	11	6	80	0.0750000
NODE_1122_length_2211_cov_16.247159	1808	1888	12	30	80	0.3750000
NODE_1122_length_2211_cov_16.247159	1808	1888	14	1	80	0.0125000
NODE_1122_length_2211_cov_16.247159	1808	1888	16	40	80	0.5000000
NODE_1124_length_2207_cov_46.766129	1273	1348	129	1	75	0.0133333
NODE_1124_length_2207_cov_46.766129	1273	1348	133	3	75	0.0400000
NODE_1124_length_2207_cov_46.766129	1273	1348	135	2	75	0.0266667
NODE_1124_length_2207_cov_46.766129	1273	1348	139	3	75	0.0400000
NODE_1124_length_2207_cov_46.766129	1273	1348	140	1	75	0.0133333
NODE_1124_length_2207_cov_46.766129	1273	1348	141	2	75	0.0266667
NODE_1124_length_2207_cov_46.766129	1273	1348	142	6	75	0.0800000
NODE_1124_length_2207_cov_46.766129	1273	1348	144	1	75	0.0133333
NODE_1124_length_2207_cov_46.766129	1273	1348	145	8	75	0.1066667
NODE_1124_length_2207_cov_46.766129	1273	1348	146	10	75	0.1333333
NODE_1124_length_2207_cov_46.766129	1273	1348	147	12	75	0.1600000
NODE_1124_length_2207_cov_46.766129	1273	1348	148	4	75	0.0533333
NODE_1124_length_2207_cov_46.766129	1273	1348	149	1	75	0.0133333
NODE_1124_length_2207_cov_46.766129	1273	1348	150	5	75	0.0666667
NODE_1124_length_2207_cov_46.766129	1273	1348	151	7	75	0.0933333
NODE_1124_length_2207_cov_46.766129	1273	1348	152	5	75	0.0666667
NODE_1124_length_2207_cov_46.766129	1273	1348	153	3	75	0.0400000
NODE_1124_length_2207_cov_46.766129	1273	1348	154	1	75	0.0133333
NODE_1124_length_2207_cov_46.766129	1324	1401	27	3	77	0.0389610
NODE_1124_length_2207_cov_46.766129	1324	1401	30	2	77	0.0259740
NODE_1124_length_2207_cov_46.766129	1324	1401	34	1	77	0.0129870
NODE_1124_length_2207_cov_46.766129	1324	1401	35	2	77	0.0259740
NODE_1124_length_2207_cov_46.766129	1324	1401	36	2	77	0.0259740
NODE_1124_length_2207_cov_46.766129	1324	1401	41	2	77	0.0259740
NODE_1124_length_2207_cov_46.766129	1324	1401	42	1	77	0.0129870
NODE_1124_length_2207_cov_46.766129	1324	1401	43	4	77	0.0519481
NODE_1124_length_2207_cov_46.766129	1324	1401	47	2	77	0.0259740
NODE_1124_length_2207_cov_46.766129	1324	1401	49	1	77	0.0129870
NODE_1124_length_2207_cov_46.766129	1324	1401	52	6	77	0.0779221
NODE_1124_length_2207_cov_46.766129	1324	1401	54	7	77	0.0909091
NODE_1124_length_2207_cov_46.766129	1324	1401	56	1	77	0.0129870
NODE_1124_length_2207_cov_46.766129	1324	1401	60	2	77	0.0259740
NODE_1124_length_2207_cov_46.766129	1324	1401	70	1	77	0.0129870
NODE_1124_length_2207_cov_46.766129	1324	1401	72	1	77	0.0129870
NODE_1124_length_2207_cov_46.766129	1324	1401	73	2	77	0.0259740
NODE_1124_length_2207_cov_46.766129	1324	1401	95	1	77	0.0129870
NODE_1124_length_2207_cov_46.766129	1324	1401	106	1	77	0.0129870
NODE_1124_length_2207_cov_46.766129	1324	1401	110	1	77	0.0129870
NODE_1124_length_2207_cov_46.766129	1324	1401	111	2	77	0.0259740
NODE_1124_length_2207_cov_46.766129	1324	1401	113	1	77	0.0129870
NODE_1124_length_2207_cov_46.766129	1324	1401	119	1	77	0.0129870
NODE_1124_length_2207_cov_46.766129	1324	1401	121	1	77	0.0129870
NODE_1124_length_2207_cov_46.766129	1324	1401	123	3	77	0.0389610
NODE_1124_length_2207_cov_46.766129	1324	1401	129	3	77	0.0389610
NODE_1124_length_2207_cov_46.766129	1324	1401	133	3	77	0.0389610
NODE_1124_length_2207_cov_46.766129	1324	1401	135	2	77	0.0259740
NODE_1124_length_2207_cov_46.766129	1324	1401	141	1	77	0.0129870
NODE_1124_length_2207_cov_46.766129	1324	1401	142	2	77	0.0259740
NODE_1124_length_2207_cov_46.766129	1324	1401	145	3	77	0.0389610
NODE_1124_length_2207_cov_46.766129	1324	1401	147	1	77	0.0129870
NODE_1124_length_2207_cov_46.766129	1324	1401	150	4	77	0.0519481
NODE_1124_length_2207_cov_46.766129	1324	1401	151	6	77	0.0779221
NODE_1124_length_2207_cov_46.766129	1324	1401	152	1	77	0.0129870
NODE_1127_length_2205_cov_12.762108	1818	1898	4	13	80	0.1625000
NODE_1127_length_2205_cov_12.762108	1818	1898	6	28	80	0.3500000
NODE_1127_length_2205_cov_12.762108	1818	1898	12	2	80	0.0250000
NODE_1127_length_2205_cov_12.762108	1818	1898	13	1	80	0.0125000
NODE_1127_length_2205_cov_12.762108	1818	1898	15	6	80	0.0750000
NODE_1127_length_2205_cov_12.762108	1818	1898	16	11	80	0.1375000
NODE_1127_length_2205_cov_12.762108	1818	1898	17	19	80	0.2375000
NODE_1127_length_2205_cov_12.762108	1871	1951	13	35	80	0.4375000
NODE_1127_length_2205_cov_12.762108	1871	1951	14	3	80	0.0375000
NODE_1127_length_2205_cov_12.762108	1871	1951	15	7	80	0.0875000
NODE_1127_length_2205_cov_12.762108	1871	1951	16	11	80	0.1375000
NODE_1127_length_2205_cov_12.762108	1871	1951	17	24	80	0.3000000
NODE_1127_length_2205_cov_12.762108	1872	1951	13	35	79	0.4430380
NODE_1127_length_2205_cov_12.762108	1872	1951	14	3	79	0.0379747
NODE_1127_length_2205_cov_12.762108	1872	1951	15	7	79	0.0886076
NODE_1127_length_2205_cov_12.762108	1872	1951	16	11	79	0.1392405
NODE_1127_length_2205_cov_12.762108	1872	1951	17	23	79	0.2911392
NODE_1127_length_2205_cov_12.762108	1947	2020	0	25	73	0.3424658
NODE_1127_length_2205_cov_12.762108	1947	2020	2	1	73	0.0136986
NODE_1127_length_2205_cov_12.762108	1947	2020	12	33	73	0.4520548
NODE_1127_length_2205_cov_12.762108	1947	2020	13	1	73	0.0136986
NODE_1127_length_2205_cov_12.762108	1947	2020	14	13	73	0.1780822
NODE_1128_length_2202_cov_8.687114	1848	1912	0	64	64	1.0000000
NODE_1130_length_2200_cov_10.639695	1461	1541	0	8	80	0.1000000
NODE_1130_length_2200_cov_10.639695	1461	1541	2	19	80	0.2375000
NODE_1130_length_2200_cov_10.639695	1461	1541	5	1	80	0.0125000
NODE_1130_length_2200_cov_10.639695	1461	1541	6	6	80	0.0750000
NODE_1130_length_2200_cov_10.639695	1461	1541	7	41	80	0.5125000
NODE_1130_length_2200_cov_10.639695	1461	1541	8	5	80	0.0625000
NODE_1130_length_2200_cov_10.639695	1514	1594	2	12	80	0.1500000
NODE_1130_length_2200_cov_10.639695	1514	1594	5	1	80	0.0125000
NODE_1130_length_2200_cov_10.639695	1514	1594	6	14	80	0.1750000
NODE_1130_length_2200_cov_10.639695	1514	1594	7	22	80	0.2750000
NODE_1130_length_2200_cov_10.639695	1514	1594	8	31	80	0.3875000
NODE_1131_length_2199_cov_10.839524	1709	1789	2	80	80	1.0000000
NODE_1131_length_2199_cov_10.839524	1762	1842	0	9	80	0.1125000
NODE_1131_length_2199_cov_10.839524	1762	1842	1	25	80	0.3125000
NODE_1131_length_2199_cov_10.839524	1762	1842	2	46	80	0.5750000
NODE_1135_length_2196_cov_64.718646	885	965	2	14	80	0.1750000
NODE_1135_length_2196_cov_64.718646	885	965	4	2	80	0.0250000
NODE_1135_length_2196_cov_64.718646	885	965	6	2	80	0.0250000
NODE_1135_length_2196_cov_64.718646	885	965	8	19	80	0.2375000
NODE_1135_length_2196_cov_64.718646	885	965	15	20	80	0.2500000
NODE_1135_length_2196_cov_64.718646	885	965	17	23	80	0.2875000
NODE_1135_length_2196_cov_64.718646	938	1018	13	5	80	0.0625000
NODE_1135_length_2196_cov_64.718646	938	1018	15	29	80	0.3625000
NODE_1135_length_2196_cov_64.718646	938	1018	17	46	80	0.5750000
NODE_1138_length_2195_cov_8.443225	114	136	0	22	22	1.0000000
NODE_1139_length_2195_cov_6.113550	1245	1330	2	48	85	0.5647059
NODE_1139_length_2195_cov_6.113550	1245	1330	4	37	85	0.4352941
NODE_1139_length_2195_cov_6.113550	1306	1352	2	22	46	0.4782609
NODE_1139_length_2195_cov_6.113550	1306	1352	4	24	46	0.5217391
NODE_1141_length_2194_cov_1.366587	15	77	0	4	62	0.0645161
NODE_1141_length_2194_cov_1.366587	15	77	3	18	62	0.2903226
NODE_1141_length_2194_cov_1.366587	15	77	4	40	62	0.6451613
NODE_1142_length_2193_cov_8.320917	374	454	2	80	80	1.0000000
NODE_1142_length_2193_cov_8.320917	427	502	0	48	75	0.6400000
NODE_1142_length_2193_cov_8.320917	427	502	2	27	75	0.3600000
NODE_1146_length_2189_cov_36.884689	383	463	2	18	80	0.2250000
NODE_1146_length_2189_cov_36.884689	383	463	6	62	80	0.7750000
NODE_1146_length_2189_cov_36.884689	436	516	0	24	80	0.3000000
NODE_1146_length_2189_cov_36.884689	436	516	4	19	80	0.2375000
NODE_1146_length_2189_cov_36.884689	436	516	6	37	80	0.4625000
NODE_1146_length_2189_cov_36.884689	1257	1337	0	52	80	0.6500000
NODE_1146_length_2189_cov_36.884689	1257	1337	2	28	80	0.3500000
NODE_1146_length_2189_cov_36.884689	1310	1390	2	80	80	1.0000000
NODE_1146_length_2189_cov_36.884689	1427	1507	0	25	80	0.3125000
NODE_1146_length_2189_cov_36.884689	1427	1507	2	4	80	0.0500000
NODE_1146_length_2189_cov_36.884689	1427	1507	4	10	80	0.1250000
NODE_1146_length_2189_cov_36.884689	1427	1507	6	41	80	0.5125000
NODE_1146_length_2189_cov_36.884689	1480	1560	4	5	80	0.0625000
NODE_1146_length_2189_cov_36.884689	1480	1560	5	1	80	0.0125000
NODE_1146_length_2189_cov_36.884689	1480	1560	6	74	80	0.9250000
NODE_1152_length_2184_cov_9.464748	1536	1616	0	20	80	0.2500000
NODE_1152_length_2184_cov_9.464748	1536	1616	5	32	80	0.4000000
NODE_1152_length_2184_cov_9.464748	1536	1616	6	28	80	0.3500000
NODE_1152_length_2184_cov_9.464748	1589	1669	6	80	80	1.0000000
NODE_1154_length_2183_cov_45.471209	1632	1712	0	35	80	0.4375000
NODE_1154_length_2183_cov_45.471209	1632	1712	4	21	80	0.2625000
NODE_1154_length_2183_cov_45.471209	1632	1712	6	24	80	0.3000000
NODE_1154_length_2183_cov_45.471209	1685	1765	0	80	80	1.0000000
NODE_1159_length_2176_cov_47.338950	0	52	0	52	52	1.0000000
NODE_1162_length_2174_cov_40.560964	1638	1718	0	30	80	0.3750000
NODE_1162_length_2174_cov_40.560964	1638	1718	2	24	80	0.3000000
NODE_1162_length_2174_cov_40.560964	1638	1718	4	26	80	0.3250000
NODE_1162_length_2174_cov_40.560964	1691	1771	2	18	80	0.2250000
NODE_1162_length_2174_cov_40.560964	1691	1771	4	62	80	0.7750000
NODE_1163_length_2174_cov_35.399518	284	364	0	80	80	1.0000000
NODE_1163_length_2174_cov_35.399518	337	414	0	77	77	1.0000000
NODE_1163_length_2174_cov_35.399518	1542	1620	50	1	78	0.0128205
NODE_1163_length_2174_cov_35.399518	1542	1620	52	5	78	0.0641026
NODE_1163_length_2174_cov_35.399518	1542	1620	53	1	78	0.0128205
NODE_1163_length_2174_cov_35.399518	1542	1620	54	4	78	0.0512821
NODE_1163_length_2174_cov_35.399518	1542	1620	57	4	78	0.0512821
NODE_1163_length_2174_cov_35.399518	1542	1620	58	1	78	0.0128205
NODE_1163_length_2174_cov_35.399518	1542	1620	59	1	78	0.0128205
NODE_1163_length_2174_cov_35.399518	1542	1620	61	11	78	0.1410256
NODE_1163_length_2174_cov_35.399518	1542	1620	63	8	78	0.1025641
NODE_1163_length_2174_cov_35.399518	1542	1620	64	3	78	0.0384615
NODE_1163_length_2174_cov_35.399518	1542	1620	65	14	78	0.1794872
NODE_1163_length_2174_cov_35.399518	1542	1620	66	3	78	0.0384615
NODE_1163_length_2174_cov_35.399518	1542	1620	67	8	78	0.1025641
NODE_1163_length_2174_cov_35.399518	1542	1620	68	2	78	0.0256410
NODE_1163_length_2174_cov_35.399518	1542	1620	69	4	78	0.0512821
NODE_1163_length_2174_cov_35.399518	1542	1620	70	1	78	0.0128205
NODE_1163_length_2174_cov_35.399518	1542	1620	71	2	78	0.0256410
NODE_1163_length_2174_cov_35.399518	1542	1620	72	1	78	0.0128205
NODE_1163_length_2174_cov_35.399518	1542	1620	73	4	78	0.0512821
NODE_1163_length_2174_cov_35.399518	1593	1673	47	2	80	0.0250000
NODE_1163_length_2174_cov_35.399518	1593	1673	48	3	80	0.0375000
NODE_1163_length_2174_cov_35.399518	1593	1673	52	9	80	0.1125000
NODE_1163_length_2174_cov_35.399518	1593	1673	54	1	80	0.0125000
NODE_1163_length_2174_cov_35.399518	1593	1673	56	1	80	0.0125000
NODE_1163_length_2174_cov_35.399518	1593	1673	58	1	80	0.0125000
NODE_1163_length_2174_cov_35.399518	1593	1673	59	11	80	0.1375000
NODE_1163_length_2174_cov_35.399518	1593	1673	61	8	80	0.1000000
NODE_1163_length_2174_cov_35.399518	1593	1673	63	13	80	0.1625000
NODE_1163_length_2174_cov_35.399518	1593	1673	64	3	80	0.0375000
NODE_1163_length_2174_cov_35.399518	1593	1673	65	6	80	0.0750000
NODE_1163_length_2174_cov_35.399518	1593	1673	66	3	80	0.0375000
NODE_1163_length_2174_cov_35.399518	1593	1673	67	2	80	0.0250000
NODE_1163_length_2174_cov_35.399518	1593	1673	68	2	80	0.0250000
NODE_1163_length_2174_cov_35.399518	1593	1673	69	2	80	0.0250000
NODE_1163_length_2174_cov_35.399518	1593	1673	70	3	80	0.0375000
NODE_1163_length_2174_cov_35.399518	1593	1673	71	4	80	0.0500000
NODE_1163_length_2174_cov_35.399518	1593	1673	72	2	80	0.0250000
NODE_1163_length_2174_cov_35.399518	1593	1673	73	4	80	0.0500000
NODE_1163_length_2174_cov_35.399518	2075	2152	51	9	77	0.1168831
NODE_1163_length_2174_cov_35.399518	2075	2152	52	8	77	0.1038961
NODE_1163_length_2174_cov_35.399518	2075	2152	56	3	77	0.0389610
NODE_1163_length_2174_cov_35.399518	2075	2152	58	57	77	0.7402598
NODE_1163_length_2174_cov_35.399518	2075	2152	51	9	77	0.1168831
NODE_1163_length_2174_cov_35.399518	2075	2152	52	8	77	0.1038961
NODE_1163_length_2174_cov_35.399518	2075	2152	56	3	77	0.0389610
NODE_1163_length_2174_cov_35.399518	2075	2152	58	57	77	0.7402598
NODE_1163_length_2174_cov_35.399518	2075	2152	51	9	77	0.1168831
NODE_1163_length_2174_cov_35.399518	2075	2152	52	8	77	0.1038961
NODE_1163_length_2174_cov_35.399518	2075	2152	56	3	77	0.0389610
NODE_1163_length_2174_cov_35.399518	2075	2152	58	57	77	0.7402598
NODE_1163_length_2174_cov_35.399518	2125	2174	19	1	49	0.0204082
NODE_1163_length_2174_cov_35.399518	2125	2174	20	7	49	0.1428571
NODE_1163_length_2174_cov_35.399518	2125	2174	22	2	49	0.0408163
NODE_1163_length_2174_cov_35.399518	2125	2174	28	3	49	0.0612245
NODE_1163_length_2174_cov_35.399518	2125	2174	36	1	49	0.0204082
NODE_1163_length_2174_cov_35.399518	2125	2174	40	1	49	0.0204082
NODE_1163_length_2174_cov_35.399518	2125	2174	41	5	49	0.1020408
NODE_1163_length_2174_cov_35.399518	2125	2174	43	1	49	0.0204082
NODE_1163_length_2174_cov_35.399518	2125	2174	47	1	49	0.0204082
NODE_1163_length_2174_cov_35.399518	2125	2174	51	9	49	0.1836735
NODE_1163_length_2174_cov_35.399518	2125	2174	52	8	49	0.1632653
NODE_1163_length_2174_cov_35.399518	2125	2174	56	3	49	0.0612245
NODE_1163_length_2174_cov_35.399518	2125	2174	58	7	49	0.1428571
NODE_1163_length_2174_cov_35.399518	2128	2174	19	1	46	0.0217391
NODE_1163_length_2174_cov_35.399518	2128	2174	20	7	46	0.1521739
NODE_1163_length_2174_cov_35.399518	2128	2174	22	2	46	0.0434783
NODE_1163_length_2174_cov_35.399518	2128	2174	28	3	46	0.0652174
NODE_1163_length_2174_cov_35.399518	2128	2174	36	1	46	0.0217391
NODE_1163_length_2174_cov_35.399518	2128	2174	40	1	46	0.0217391
NODE_1163_length_2174_cov_35.399518	2128	2174	41	5	46	0.1086956
NODE_1163_length_2174_cov_35.399518	2128	2174	43	1	46	0.0217391
NODE_1163_length_2174_cov_35.399518	2128	2174	47	1	46	0.0217391
NODE_1163_length_2174_cov_35.399518	2128	2174	51	9	46	0.1956522
NODE_1163_length_2174_cov_35.399518	2128	2174	52	8	46	0.1739130
NODE_1163_length_2174_cov_35.399518	2128	2174	56	3	46	0.0652174
NODE_1163_length_2174_cov_35.399518	2128	2174	58	4	46	0.0869565
NODE_1163_length_2174_cov_35.399518	2130	2174	19	1	44	0.0227273
NODE_1163_length_2174_cov_35.399518	2130	2174	20	7	44	0.1590909
NODE_1163_length_2174_cov_35.399518	2130	2174	22	2	44	0.0454545
NODE_1163_length_2174_cov_35.399518	2130	2174	28	3	44	0.0681818
NODE_1163_length_2174_cov_35.399518	2130	2174	36	1	44	0.0227273
NODE_1163_length_2174_cov_35.399518	2130	2174	40	1	44	0.0227273
NODE_1163_length_2174_cov_35.399518	2130	2174	41	5	44	0.1136364
NODE_1163_length_2174_cov_35.399518	2130	2174	43	1	44	0.0227273
NODE_1163_length_2174_cov_35.399518	2130	2174	47	1	44	0.0227273
NODE_1163_length_2174_cov_35.399518	2130	2174	51	9	44	0.2045455
NODE_1163_length_2174_cov_35.399518	2130	2174	52	8	44	0.1818182
NODE_1163_length_2174_cov_35.399518	2130	2174	56	3	44	0.0681818
NODE_1163_length_2174_cov_35.399518	2130	2174	58	2	44	0.0454545
NODE_1164_length_2172_cov_44.861553	1110	1190	2	9	80	0.1125000
NODE_1164_length_2172_cov_44.861553	1110	1190	3	3	80	0.0375000
NODE_1164_length_2172_cov_44.861553	1110	1190	5	38	80	0.4750000
NODE_1164_length_2172_cov_44.861553	1110	1190	6	30	80	0.3750000
NODE_1164_length_2172_cov_44.861553	1163	1243	2	18	80	0.2250000
NODE_1164_length_2172_cov_44.861553	1163	1243	4	28	80	0.3500000
NODE_1164_length_2172_cov_44.861553	1163	1243	6	34	80	0.4250000
NODE_1164_length_2172_cov_44.861553	1239	1319	1	40	80	0.5000000
NODE_1164_length_2172_cov_44.861553	1239	1319	2	39	80	0.4875000
NODE_1164_length_2172_cov_44.861553	1239	1319	3	1	80	0.0125000
NODE_1164_length_2172_cov_44.861553	1292	1372	1	17	80	0.2125000
NODE_1164_length_2172_cov_44.861553	1292	1372	2	62	80	0.7750000
NODE_1164_length_2172_cov_44.861553	1292	1372	3	1	80	0.0125000
NODE_1166_length_2167_cov_33.133946	414	494	0	79	80	0.9875000
NODE_1166_length_2167_cov_33.133946	414	494	2	1	80	0.0125000
NODE_1166_length_2167_cov_33.133946	467	547	0	26	80	0.3250000
NODE_1166_length_2167_cov_33.133946	467	547	2	3	80	0.0375000
NODE_1166_length_2167_cov_33.133946	467	547	4	51	80	0.6375000
NODE_1166_length_2167_cov_33.133946	543	623	2	26	80	0.3250000
NODE_1166_length_2167_cov_33.133946	543	623	4	53	80	0.6625000
NODE_1166_length_2167_cov_33.133946	543	623	5	1	80	0.0125000
NODE_1166_length_2167_cov_33.133946	596	676	2	10	80	0.1250000
NODE_1166_length_2167_cov_33.133946	596	676	4	16	80	0.2000000
NODE_1166_length_2167_cov_33.133946	596	676	5	7	80	0.0875000
NODE_1166_length_2167_cov_33.133946	596	676	10	14	80	0.1750000
NODE_1166_length_2167_cov_33.133946	596	676	12	15	80	0.1875000
NODE_1166_length_2167_cov_33.133946	596	676	14	1	80	0.0125000
NODE_1166_length_2167_cov_33.133946	596	676	16	11	80	0.1375000
NODE_1166_length_2167_cov_33.133946	596	676	18	6	80	0.0750000
NODE_1169_length_2165_cov_21.460794	980	1060	6	10	80	0.1250000
NODE_1169_length_2165_cov_21.460794	980	1060	8	10	80	0.1250000
NODE_1169_length_2165_cov_21.460794	980	1060	12	8	80	0.1000000
NODE_1169_length_2165_cov_21.460794	980	1060	16	22	80	0.2750000
NODE_1169_length_2165_cov_21.460794	980	1060	24	30	80	0.3750000
NODE_1169_length_2165_cov_21.460794	1033	1113	12	18	80	0.2250000
NODE_1169_length_2165_cov_21.460794	1033	1113	16	8	80	0.1000000
NODE_1169_length_2165_cov_21.460794	1033	1113	18	3	80	0.0375000
NODE_1169_length_2165_cov_21.460794	1033	1113	21	1	80	0.0125000
NODE_1169_length_2165_cov_21.460794	1033	1113	22	3	80	0.0375000
NODE_1169_length_2165_cov_21.460794	1033	1113	23	12	80	0.1500000
NODE_1169_length_2165_cov_21.460794	1033	1113	24	30	80	0.3750000
NODE_1169_length_2165_cov_21.460794	1033	1113	26	5	80	0.0625000
NODE_1176_length_2157_cov_22.284257	989	1069	0	8	80	0.1000000
NODE_1176_length_2157_cov_22.284257	989	1069	2	22	80	0.2750000
NODE_1176_length_2157_cov_22.284257	989	1069	3	50	80	0.6250000
NODE_1176_length_2157_cov_22.284257	1042	1122	0	24	80	0.3000000
NODE_1176_length_2157_cov_22.284257	1042	1122	1	6	80	0.0750000
NODE_1176_length_2157_cov_22.284257	1042	1122	3	47	80	0.5875000
NODE_1176_length_2157_cov_22.284257	1042	1122	4	3	80	0.0375000
NODE_1176_length_2157_cov_22.284257	1118	1198	0	1	80	0.0125000
NODE_1176_length_2157_cov_22.284257	1118	1198	4	79	80	0.9875000
NODE_1176_length_2157_cov_22.284257	1171	1251	0	49	80	0.6125000
NODE_1176_length_2157_cov_22.284257	1171	1251	4	31	80	0.3875000
NODE_1177_length_2157_cov_8.830418	867	947	2	80	80	1.0000000
NODE_1177_length_2157_cov_8.830418	920	1000	2	27	80	0.3375000
NODE_1177_length_2157_cov_8.830418	920	1000	4	23	80	0.2875000
NODE_1177_length_2157_cov_8.830418	920	1000	6	30	80	0.3750000
NODE_1177_length_2157_cov_8.830418	996	1076	2	74	80	0.9250000
NODE_1177_length_2157_cov_8.830418	996	1076	4	6	80	0.0750000
NODE_1177_length_2157_cov_8.830418	1049	1129	0	43	80	0.5375000
NODE_1177_length_2157_cov_8.830418	1049	1129	2	37	80	0.4625000
NODE_1178_length_2156_cov_25.065630	0	41	9	1	41	0.0243902
NODE_1178_length_2156_cov_25.065630	0	41	13	2	41	0.0487805
NODE_1178_length_2156_cov_25.065630	0	41	14	2	41	0.0487805
NODE_1178_length_2156_cov_25.065630	0	41	18	1	41	0.0243902
NODE_1178_length_2156_cov_25.065630	0	41	20	3	41	0.0731707
NODE_1178_length_2156_cov_25.065630	0	41	22	2	41	0.0487805
NODE_1178_length_2156_cov_25.065630	0	41	26	6	41	0.1463415
NODE_1178_length_2156_cov_25.065630	0	41	28	11	41	0.2682927
NODE_1178_length_2156_cov_25.065630	0	41	30	9	41	0.2195122
NODE_1178_length_2156_cov_25.065630	0	41	31	2	41	0.0487805
NODE_1178_length_2156_cov_25.065630	0	41	33	2	41	0.0487805
NODE_1178_length_2156_cov_25.065630	14	94	26	3	80	0.0375000
NODE_1178_length_2156_cov_25.065630	14	94	28	11	80	0.1375000
NODE_1178_length_2156_cov_25.065630	14	94	30	9	80	0.1125000
NODE_1178_length_2156_cov_25.065630	14	94	31	2	80	0.0250000
NODE_1178_length_2156_cov_25.065630	14	94	33	16	80	0.2000000
NODE_1178_length_2156_cov_25.065630	14	94	34	39	80	0.4875000
NODE_1181_length_2156_cov_3.216334	1890	1970	2	9	80	0.1125000
NODE_1181_length_2156_cov_3.216334	1890	1970	4	13	80	0.1625000
NODE_1181_length_2156_cov_3.216334	1890	1970	6	58	80	0.7250000
NODE_1181_length_2156_cov_3.216334	1943	2023	2	9	80	0.1125000
NODE_1181_length_2156_cov_3.216334	1943	2023	4	55	80	0.6875000
NODE_1181_length_2156_cov_3.216334	1943	2023	6	16	80	0.2000000
NODE_1184_length_2153_cov_11.610029	1968	2048	4	4	80	0.0500000
NODE_1184_length_2153_cov_11.610029	1968	2048	5	38	80	0.4750000
NODE_1184_length_2153_cov_11.610029	1968	2048	9	4	80	0.0500000
NODE_1184_length_2153_cov_11.610029	1968	2048	11	20	80	0.2500000
NODE_1184_length_2153_cov_11.610029	1968	2048	13	2	80	0.0250000
NODE_1184_length_2153_cov_11.610029	1968	2048	17	1	80	0.0125000
NODE_1184_length_2153_cov_11.610029	1968	2048	19	1	80	0.0125000
NODE_1184_length_2153_cov_11.610029	1968	2048	25	1	80	0.0125000
NODE_1184_length_2153_cov_11.610029	1968	2048	31	9	80	0.1125000
NODE_1184_length_2153_cov_11.610029	1977	2048	5	33	71	0.4647887
NODE_1184_length_2153_cov_11.610029	1977	2048	9	4	71	0.0563380
NODE_1184_length_2153_cov_11.610029	1977	2048	11	20	71	0.2816902
NODE_1184_length_2153_cov_11.610029	1977	2048	13	2	71	0.0281690
NODE_1184_length_2153_cov_11.610029	1977	2048	17	1	71	0.0140845
NODE_1184_length_2153_cov_11.610029	1977	2048	19	1	71	0.0140845
NODE_1184_length_2153_cov_11.610029	1977	2048	25	1	71	0.0140845
NODE_1184_length_2153_cov_11.610029	1977	2048	31	9	71	0.1267606
NODE_1190_length_2147_cov_25.116211	814	894	23	4	80	0.0500000
NODE_1190_length_2147_cov_25.116211	814	894	24	27	80	0.3375000
NODE_1190_length_2147_cov_25.116211	814	894	28	6	80	0.0750000
NODE_1190_length_2147_cov_25.116211	814	894	30	18	80	0.2250000
NODE_1190_length_2147_cov_25.116211	814	894	32	18	80	0.2250000
NODE_1190_length_2147_cov_25.116211	814	894	34	7	80	0.0875000
NODE_1190_length_2147_cov_25.116211	867	947	14	2	80	0.0250000
NODE_1190_length_2147_cov_25.116211	867	947	16	1	80	0.0125000
NODE_1190_length_2147_cov_25.116211	867	947	18	5	80	0.0625000
NODE_1190_length_2147_cov_25.116211	867	947	19	1	80	0.0125000
NODE_1190_length_2147_cov_25.116211	867	947	21	1	80	0.0125000
NODE_1190_length_2147_cov_25.116211	867	947	22	4	80	0.0500000
NODE_1190_length_2147_cov_25.116211	867	947	23	11	80	0.1375000
NODE_1190_length_2147_cov_25.116211	867	947	26	9	80	0.1125000
NODE_1190_length_2147_cov_25.116211	867	947	28	5	80	0.0625000
NODE_1190_length_2147_cov_25.116211	867	947	30	24	80	0.3000000
NODE_1190_length_2147_cov_25.116211	867	947	32	13	80	0.1625000
NODE_1190_length_2147_cov_25.116211	867	947	34	4	80	0.0500000
NODE_1197_length_2136_cov_16.947472	279	359	4	19	80	0.2375000
NODE_1197_length_2136_cov_16.947472	279	359	6	12	80	0.1500000
NODE_1197_length_2136_cov_16.947472	279	359	8	3	80	0.0375000
NODE_1197_length_2136_cov_16.947472	279	359	10	29	80	0.3625000
NODE_1197_length_2136_cov_16.947472	279	359	12	17	80	0.2125000
NODE_1197_length_2136_cov_16.947472	332	412	8	17	80	0.2125000
NODE_1197_length_2136_cov_16.947472	332	412	10	51	80	0.6375000
NODE_1197_length_2136_cov_16.947472	332	412	12	12	80	0.1500000
NODE_1197_length_2136_cov_16.947472	408	488	4	11	80	0.1375000
NODE_1197_length_2136_cov_16.947472	408	488	6	43	80	0.5375000
NODE_1197_length_2136_cov_16.947472	408	488	10	26	80	0.3250000
NODE_1197_length_2136_cov_16.947472	461	541	0	25	80	0.3125000
NODE_1197_length_2136_cov_16.947472	461	541	2	14	80	0.1750000
NODE_1197_length_2136_cov_16.947472	461	541	4	25	80	0.3125000
NODE_1197_length_2136_cov_16.947472	461	541	6	16	80	0.2000000
NODE_1199_length_2133_cov_15.038840	498	578	2	36	80	0.4500000
NODE_1199_length_2133_cov_15.038840	498	578	3	1	80	0.0125000
NODE_1199_length_2133_cov_15.038840	498	578	4	43	80	0.5375000
NODE_1199_length_2133_cov_15.038840	551	631	0	13	80	0.1625000
NODE_1199_length_2133_cov_15.038840	551	631	2	48	80	0.6000000
NODE_1199_length_2133_cov_15.038840	551	631	3	1	80	0.0125000
NODE_1199_length_2133_cov_15.038840	551	631	4	18	80	0.2250000
NODE_1199_length_2133_cov_15.038840	627	707	0	7	80	0.0875000
NODE_1199_length_2133_cov_15.038840	627	707	2	73	80	0.9125000
NODE_1199_length_2133_cov_15.038840	680	722	0	22	42	0.5238096
NODE_1199_length_2133_cov_15.038840	680	722	2	20	42	0.4761905
NODE_1204_length_2128_cov_11.799409	1698	1778	2	32	80	0.4000000
NODE_1204_length_2128_cov_11.799409	1698	1778	3	1	80	0.0125000
NODE_1204_length_2128_cov_11.799409	1698	1778	4	47	80	0.5875000
NODE_1204_length_2128_cov_11.799409	1751	1831	1	13	80	0.1625000
NODE_1204_length_2128_cov_11.799409	1751	1831	3	41	80	0.5125000
NODE_1204_length_2128_cov_11.799409	1751	1831	4	26	80	0.3250000
NODE_1206_length_2126_cov_6.854465	1614	1694	0	10	80	0.1250000
NODE_1206_length_2126_cov_6.854465	1614	1694	2	42	80	0.5250000
NODE_1206_length_2126_cov_6.854465	1614	1694	4	28	80	0.3500000
NODE_1206_length_2126_cov_6.854465	1667	1747	4	80	80	1.0000000
NODE_1209_length_2123_cov_12.668478	102	143	0	41	41	1.0000000
NODE_1209_length_2123_cov_12.668478	1474	1500	0	26	26	1.0000000
NODE_1209_length_2123_cov_12.668478	1552	1601	0	49	49	1.0000000
NODE_1209_length_2123_cov_12.668478	1574	1654	0	35	80	0.4375000
NODE_1209_length_2123_cov_12.668478	1574	1654	2	45	80	0.5625000
NODE_1211_length_2121_cov_10.101879	497	577	2	18	80	0.2250000
NODE_1211_length_2121_cov_10.101879	497	577	4	10	80	0.1250000
NODE_1211_length_2121_cov_10.101879	497	577	6	29	80	0.3625000
NODE_1211_length_2121_cov_10.101879	497	577	8	23	80	0.2875000
NODE_1211_length_2121_cov_10.101879	550	630	2	6	80	0.0750000
NODE_1211_length_2121_cov_10.101879	550	630	4	23	80	0.2875000
NODE_1211_length_2121_cov_10.101879	550	630	6	37	80	0.4625000
NODE_1211_length_2121_cov_10.101879	550	630	8	14	80	0.1750000
NODE_1211_length_2121_cov_10.101879	1935	2008	0	73	73	1.0000000
NODE_1212_length_2121_cov_9.964886	1523	1603	7	2	80	0.0250000
NODE_1212_length_2121_cov_9.964886	1523	1603	9	10	80	0.1250000
NODE_1212_length_2121_cov_9.964886	1523	1603	10	17	80	0.2125000
NODE_1212_length_2121_cov_9.964886	1523	1603	12	2	80	0.0250000
NODE_1212_length_2121_cov_9.964886	1523	1603	13	10	80	0.1250000
NODE_1212_length_2121_cov_9.964886	1523	1603	14	11	80	0.1375000
NODE_1212_length_2121_cov_9.964886	1523	1603	15	19	80	0.2375000
NODE_1212_length_2121_cov_9.964886	1523	1603	16	9	80	0.1125000
NODE_1212_length_2121_cov_9.964886	1576	1656	7	6	80	0.0750000
NODE_1212_length_2121_cov_9.964886	1576	1656	8	21	80	0.2625000
NODE_1212_length_2121_cov_9.964886	1576	1656	12	10	80	0.1250000
NODE_1212_length_2121_cov_9.964886	1576	1656	13	7	80	0.0875000
NODE_1212_length_2121_cov_9.964886	1576	1656	14	27	80	0.3375000
NODE_1212_length_2121_cov_9.964886	1576	1656	16	9	80	0.1125000
NODE_1213_length_2120_cov_24.609599	25	92	0	67	67	1.0000000
NODE_1215_length_2119_cov_18.446040	366	446	4	38	80	0.4750000
NODE_1215_length_2119_cov_18.446040	366	446	6	28	80	0.3500000
NODE_1215_length_2119_cov_18.446040	366	446	8	14	80	0.1750000
NODE_1215_length_2119_cov_18.446040	419	499	4	14	80	0.1750000
NODE_1215_length_2119_cov_18.446040	419	499	6	48	80	0.6000000
NODE_1215_length_2119_cov_18.446040	419	499	8	18	80	0.2250000
NODE_1215_length_2119_cov_18.446040	1239	1319	0	3	80	0.0375000
NODE_1215_length_2119_cov_18.446040	1239	1319	2	77	80	0.9625000
NODE_1215_length_2119_cov_18.446040	1292	1372	0	37	80	0.4625000
NODE_1215_length_2119_cov_18.446040	1292	1372	2	43	80	0.5375000
NODE_1225_length_2110_cov_8.668324	1755	1835	0	47	80	0.5875000
NODE_1225_length_2110_cov_8.668324	1755	1835	2	33	80	0.4125000
NODE_1225_length_2110_cov_8.668324	1808	1888	2	80	80	1.0000000
NODE_1227_length_2106_cov_14.643747	1579	1659	0	80	80	1.0000000
NODE_1227_length_2106_cov_14.643747	1632	1712	0	80	80	1.0000000
NODE_1227_length_2106_cov_14.643747	1708	1786	0	35	78	0.4487180
NODE_1227_length_2106_cov_14.643747	1708	1786	4	6	78	0.0769231
NODE_1227_length_2106_cov_14.643747	1708	1786	7	37	78	0.4743590
NODE_1227_length_2106_cov_14.643747	1759	1839	7	80	80	1.0000000
NODE_1228_length_2106_cov_3.173393	48	96	0	48	48	1.0000000
NODE_1228_length_2106_cov_3.173393	48	96	0	48	48	1.0000000
NODE_1228_length_2106_cov_3.173393	48	96	0	48	48	1.0000000
NODE_1228_length_2106_cov_3.173393	48	96	0	48	48	1.0000000
NODE_1228_length_2106_cov_3.173393	48	96	0	48	48	1.0000000
NODE_1229_length_2102_cov_23.872192	390	470	4	4	80	0.0500000
NODE_1229_length_2102_cov_23.872192	390	470	6	76	80	0.9500000
NODE_1229_length_2102_cov_23.872192	443	523	4	50	80	0.6250000
NODE_1229_length_2102_cov_23.872192	443	523	6	27	80	0.3375000
NODE_1229_length_2102_cov_23.872192	443	523	8	3	80	0.0375000
NODE_1229_length_2102_cov_23.872192	519	599	4	10	80	0.1250000
NODE_1229_length_2102_cov_23.872192	519	599	8	21	80	0.2625000
NODE_1229_length_2102_cov_23.872192	519	599	10	15	80	0.1875000
NODE_1229_length_2102_cov_23.872192	519	599	12	34	80	0.4250000
NODE_1229_length_2102_cov_23.872192	572	652	2	1	80	0.0125000
NODE_1229_length_2102_cov_23.872192	572	652	4	12	80	0.1500000
NODE_1229_length_2102_cov_23.872192	572	652	6	4	80	0.0500000
NODE_1229_length_2102_cov_23.872192	572	652	8	2	80	0.0250000
NODE_1229_length_2102_cov_23.872192	572	652	12	61	80	0.7625000
NODE_1229_length_2102_cov_23.872192	1049	1101	118	1	52	0.0192308
NODE_1229_length_2102_cov_23.872192	1049	1101	119	1	52	0.0192308
NODE_1229_length_2102_cov_23.872192	1049	1101	120	2	52	0.0384615
NODE_1229_length_2102_cov_23.872192	1049	1101	123	1	52	0.0192308
NODE_1229_length_2102_cov_23.872192	1049	1101	125	1	52	0.0192308
NODE_1229_length_2102_cov_23.872192	1049	1101	129	1	52	0.0192308
NODE_1229_length_2102_cov_23.872192	1049	1101	131	7	52	0.1346154
NODE_1229_length_2102_cov_23.872192	1049	1101	135	1	52	0.0192308
NODE_1229_length_2102_cov_23.872192	1049	1101	137	1	52	0.0192308
NODE_1229_length_2102_cov_23.872192	1049	1101	138	4	52	0.0769231
NODE_1229_length_2102_cov_23.872192	1049	1101	139	1	52	0.0192308
NODE_1229_length_2102_cov_23.872192	1049	1101	140	1	52	0.0192308
NODE_1229_length_2102_cov_23.872192	1049	1101	141	2	52	0.0384615
NODE_1229_length_2102_cov_23.872192	1049	1101	142	4	52	0.0769231
NODE_1229_length_2102_cov_23.872192	1049	1101	143	1	52	0.0192308
NODE_1229_length_2102_cov_23.872192	1049	1101	144	3	52	0.0576923
NODE_1229_length_2102_cov_23.872192	1049	1101	145	7	52	0.1346154
NODE_1229_length_2102_cov_23.872192	1049	1101	146	3	52	0.0576923
NODE_1229_length_2102_cov_23.872192	1049	1101	147	6	52	0.1153846
NODE_1229_length_2102_cov_23.872192	1049	1101	148	4	52	0.0769231
NODE_1231_length_2100_cov_21.504248	450	530	0	74	80	0.9250000
NODE_1231_length_2100_cov_21.504248	450	530	6	6	80	0.0750000
NODE_1231_length_2100_cov_21.504248	503	578	0	75	75	1.0000000
NODE_1231_length_2100_cov_21.504248	579	659	0	80	80	1.0000000
NODE_1231_length_2100_cov_21.504248	632	712	0	80	80	1.0000000
NODE_1231_length_2100_cov_21.504248	1420	1500	0	80	80	1.0000000
NODE_1231_length_2100_cov_21.504248	1473	1553	0	80	80	1.0000000
NODE_1232_length_2100_cov_6.399300	1510	1590	2	5	80	0.0625000
NODE_1232_length_2100_cov_6.399300	1510	1590	4	75	80	0.9375000
NODE_1232_length_2100_cov_6.399300	1559	1590	2	4	31	0.1290323
NODE_1232_length_2100_cov_6.399300	1559	1590	4	27	31	0.8709677
NODE_1232_length_2100_cov_6.399300	1563	1644	0	50	81	0.6172839
NODE_1232_length_2100_cov_6.399300	1563	1644	2	8	81	0.0987654
NODE_1232_length_2100_cov_6.399300	1563	1644	4	23	81	0.2839506
NODE_1232_length_2100_cov_6.399300	1563	1644	0	50	81	0.6172839
NODE_1232_length_2100_cov_6.399300	1563	1644	2	8	81	0.0987654
NODE_1232_length_2100_cov_6.399300	1563	1644	4	23	81	0.2839506
NODE_1234_length_2099_cov_40.603500	960	1040	10	20	80	0.2500000
NODE_1234_length_2099_cov_40.603500	960	1040	14	11	80	0.1375000
NODE_1234_length_2099_cov_40.603500	960	1040	16	3	80	0.0375000
NODE_1234_length_2099_cov_40.603500	960	1040	17	4	80	0.0500000
NODE_1234_length_2099_cov_40.603500	960	1040	18	24	80	0.3000000
NODE_1234_length_2099_cov_40.603500	960	1040	19	7	80	0.0875000
NODE_1234_length_2099_cov_40.603500	960	1040	21	11	80	0.1375000
NODE_1234_length_2099_cov_40.603500	1013	1093	15	2	80	0.0250000
NODE_1234_length_2099_cov_40.603500	1013	1093	16	4	80	0.0500000
NODE_1234_length_2099_cov_40.603500	1013	1093	17	36	80	0.4500000
NODE_1234_length_2099_cov_40.603500	1013	1093	18	18	80	0.2250000
NODE_1234_length_2099_cov_40.603500	1013	1093	19	7	80	0.0875000
NODE_1234_length_2099_cov_40.603500	1013	1093	21	11	80	0.1375000
NODE_1234_length_2099_cov_40.603500	1013	1093	22	2	80	0.0250000
NODE_1234_length_2099_cov_40.603500	1089	1169	16	10	80	0.1250000
NODE_1234_length_2099_cov_40.603500	1089	1169	17	1	80	0.0125000
NODE_1234_length_2099_cov_40.603500	1089	1169	18	1	80	0.0125000
NODE_1234_length_2099_cov_40.603500	1089	1169	20	9	80	0.1125000
NODE_1234_length_2099_cov_40.603500	1089	1169	22	1	80	0.0125000
NODE_1234_length_2099_cov_40.603500	1089	1169	26	1	80	0.0125000
NODE_1234_length_2099_cov_40.603500	1089	1169	30	1	80	0.0125000
NODE_1234_length_2099_cov_40.603500	1089	1169	33	2	80	0.0250000
NODE_1234_length_2099_cov_40.603500	1089	1169	34	5	80	0.0625000
NODE_1234_length_2099_cov_40.603500	1089	1169	36	1	80	0.0125000
NODE_1234_length_2099_cov_40.603500	1089	1169	38	11	80	0.1375000
NODE_1234_length_2099_cov_40.603500	1089	1169	42	9	80	0.1125000
NODE_1234_length_2099_cov_40.603500	1089	1169	46	4	80	0.0500000
NODE_1234_length_2099_cov_40.603500	1089	1169	48	9	80	0.1125000
NODE_1234_length_2099_cov_40.603500	1089	1169	50	2	80	0.0250000
NODE_1234_length_2099_cov_40.603500	1089	1169	51	3	80	0.0375000
NODE_1234_length_2099_cov_40.603500	1089	1169	52	1	80	0.0125000
NODE_1234_length_2099_cov_40.603500	1089	1169	54	1	80	0.0125000
NODE_1234_length_2099_cov_40.603500	1089	1169	58	5	80	0.0625000
NODE_1234_length_2099_cov_40.603500	1089	1169	60	2	80	0.0250000
NODE_1234_length_2099_cov_40.603500	1089	1169	61	1	80	0.0125000
NODE_1234_length_2099_cov_40.603500	1142	1222	37	1	80	0.0125000
NODE_1234_length_2099_cov_40.603500	1142	1222	41	1	80	0.0125000
NODE_1234_length_2099_cov_40.603500	1142	1222	45	5	80	0.0625000
NODE_1234_length_2099_cov_40.603500	1142	1222	46	3	80	0.0375000
NODE_1234_length_2099_cov_40.603500	1142	1222	47	1	80	0.0125000
NODE_1234_length_2099_cov_40.603500	1142	1222	48	9	80	0.1125000
NODE_1234_length_2099_cov_40.603500	1142	1222	49	4	80	0.0500000
NODE_1234_length_2099_cov_40.603500	1142	1222	50	2	80	0.0250000
NODE_1234_length_2099_cov_40.603500	1142	1222	51	3	80	0.0375000
NODE_1234_length_2099_cov_40.603500	1142	1222	52	1	80	0.0125000
NODE_1234_length_2099_cov_40.603500	1142	1222	53	9	80	0.1125000
NODE_1234_length_2099_cov_40.603500	1142	1222	54	1	80	0.0125000
NODE_1234_length_2099_cov_40.603500	1142	1222	58	5	80	0.0625000
NODE_1234_length_2099_cov_40.603500	1142	1222	60	2	80	0.0250000
NODE_1234_length_2099_cov_40.603500	1142	1222	61	24	80	0.3000000
NODE_1234_length_2099_cov_40.603500	1142	1222	63	9	80	0.1125000
NODE_1235_length_2098_cov_62.733867	1042	1122	8	6	80	0.0750000
NODE_1235_length_2098_cov_62.733867	1042	1122	11	1	80	0.0125000
NODE_1235_length_2098_cov_62.733867	1042	1122	13	1	80	0.0125000
NODE_1235_length_2098_cov_62.733867	1042	1122	14	2	80	0.0250000
NODE_1235_length_2098_cov_62.733867	1042	1122	15	21	80	0.2625000
NODE_1235_length_2098_cov_62.733867	1042	1122	16	16	80	0.2000000
NODE_1235_length_2098_cov_62.733867	1042	1122	17	15	80	0.1875000
NODE_1235_length_2098_cov_62.733867	1042	1122	18	11	80	0.1375000
NODE_1235_length_2098_cov_62.733867	1042	1122	22	4	80	0.0500000
NODE_1235_length_2098_cov_62.733867	1042	1122	24	3	80	0.0375000
NODE_1235_length_2098_cov_62.733867	1095	1175	16	10	80	0.1250000
NODE_1235_length_2098_cov_62.733867	1095	1175	18	25	80	0.3125000
NODE_1235_length_2098_cov_62.733867	1095	1175	20	25	80	0.3125000
NODE_1235_length_2098_cov_62.733867	1095	1175	22	17	80	0.2125000
NODE_1235_length_2098_cov_62.733867	1095	1175	24	3	80	0.0375000
NODE_1235_length_2098_cov_62.733867	1171	1251	14	6	80	0.0750000
NODE_1235_length_2098_cov_62.733867	1171	1251	15	2	80	0.0250000
NODE_1235_length_2098_cov_62.733867	1171	1251	16	4	80	0.0500000
NODE_1235_length_2098_cov_62.733867	1171	1251	18	5	80	0.0625000
NODE_1235_length_2098_cov_62.733867	1171	1251	19	5	80	0.0625000
NODE_1235_length_2098_cov_62.733867	1171	1251	20	27	80	0.3375000
NODE_1235_length_2098_cov_62.733867	1171	1251	21	12	80	0.1500000
NODE_1235_length_2098_cov_62.733867	1171	1251	22	1	80	0.0125000
NODE_1235_length_2098_cov_62.733867	1171	1251	23	1	80	0.0125000
NODE_1235_length_2098_cov_62.733867	1171	1251	24	17	80	0.2125000
NODE_1235_length_2098_cov_62.733867	1224	1304	12	29	80	0.3625000
NODE_1235_length_2098_cov_62.733867	1224	1304	14	28	80	0.3500000
NODE_1235_length_2098_cov_62.733867	1224	1304	15	2	80	0.0250000
NODE_1235_length_2098_cov_62.733867	1224	1304	16	3	80	0.0375000
NODE_1235_length_2098_cov_62.733867	1224	1304	21	12	80	0.1500000
NODE_1235_length_2098_cov_62.733867	1224	1304	22	1	80	0.0125000
NODE_1235_length_2098_cov_62.733867	1224	1304	23	1	80	0.0125000
NODE_1235_length_2098_cov_62.733867	1224	1304	24	4	80	0.0500000
NODE_1236_length_2098_cov_20.220110	550	630	4	80	80	1.0000000
NODE_1236_length_2098_cov_20.220110	603	683	1	19	80	0.2375000
NODE_1236_length_2098_cov_20.220110	603	683	2	25	80	0.3125000
NODE_1236_length_2098_cov_20.220110	603	683	4	36	80	0.4500000
NODE_1236_length_2098_cov_20.220110	1571	1651	0	16	80	0.2000000
NODE_1236_length_2098_cov_20.220110	1571	1651	2	14	80	0.1750000
NODE_1236_length_2098_cov_20.220110	1571	1651	4	50	80	0.6250000
NODE_1236_length_2098_cov_20.220110	1624	1704	0	7	80	0.0875000
NODE_1236_length_2098_cov_20.220110	1624	1704	2	25	80	0.3125000
NODE_1236_length_2098_cov_20.220110	1624	1704	4	48	80	0.6000000
NODE_1237_length_2098_cov_8.261631	324	404	0	34	80	0.4250000
NODE_1237_length_2098_cov_8.261631	324	404	1	46	80	0.5750000
NODE_1239_length_2095_cov_29.930862	1128	1209	89	1	81	0.0123457
NODE_1239_length_2095_cov_29.930862	1128	1209	96	1	81	0.0123457
NODE_1239_length_2095_cov_29.930862	1128	1209	100	1	81	0.0123457
NODE_1239_length_2095_cov_29.930862	1128	1209	109	1	81	0.0123457
NODE_1239_length_2095_cov_29.930862	1128	1209	113	1	81	0.0123457
NODE_1239_length_2095_cov_29.930862	1128	1209	116	1	81	0.0123457
NODE_1239_length_2095_cov_29.930862	1128	1209	117	2	81	0.0246914
NODE_1239_length_2095_cov_29.930862	1128	1209	121	2	81	0.0246914
NODE_1239_length_2095_cov_29.930862	1128	1209	123	2	81	0.0246914
NODE_1239_length_2095_cov_29.930862	1128	1209	129	2	81	0.0246914
NODE_1239_length_2095_cov_29.930862	1128	1209	138	1	81	0.0123457
NODE_1239_length_2095_cov_29.930862	1128	1209	141	2	81	0.0246914
NODE_1239_length_2095_cov_29.930862	1128	1209	147	4	81	0.0493827
NODE_1239_length_2095_cov_29.930862	1128	1209	157	3	81	0.0370370
NODE_1239_length_2095_cov_29.930862	1128	1209	159	1	81	0.0123457
NODE_1239_length_2095_cov_29.930862	1128	1209	161	2	81	0.0246914
NODE_1239_length_2095_cov_29.930862	1128	1209	168	1	81	0.0123457
NODE_1239_length_2095_cov_29.930862	1128	1209	172	1	81	0.0123457
NODE_1239_length_2095_cov_29.930862	1128	1209	175	1	81	0.0123457
NODE_1239_length_2095_cov_29.930862	1128	1209	176	1	81	0.0123457
NODE_1239_length_2095_cov_29.930862	1128	1209	180	1	81	0.0123457
NODE_1239_length_2095_cov_29.930862	1128	1209	186	1	81	0.0123457
NODE_1239_length_2095_cov_29.930862	1128	1209	190	2	81	0.0246914
NODE_1239_length_2095_cov_29.930862	1128	1209	192	1	81	0.0123457
NODE_1239_length_2095_cov_29.930862	1128	1209	194	1	81	0.0123457
NODE_1239_length_2095_cov_29.930862	1128	1209	198	1	81	0.0123457
NODE_1239_length_2095_cov_29.930862	1128	1209	199	1	81	0.0123457
NODE_1239_length_2095_cov_29.930862	1128	1209	203	1	81	0.0123457
NODE_1239_length_2095_cov_29.930862	1128	1209	208	1	81	0.0123457
NODE_1239_length_2095_cov_29.930862	1128	1209	215	1	81	0.0123457
NODE_1239_length_2095_cov_29.930862	1128	1209	225	1	81	0.0123457
NODE_1239_length_2095_cov_29.930862	1128	1209	231	1	81	0.0123457
NODE_1239_length_2095_cov_29.930862	1128	1209	234	1	81	0.0123457
NODE_1239_length_2095_cov_29.930862	1128	1209	236	1	81	0.0123457
NODE_1239_length_2095_cov_29.930862	1128	1209	237	1	81	0.0123457
NODE_1239_length_2095_cov_29.930862	1128	1209	239	1	81	0.0123457
NODE_1239_length_2095_cov_29.930862	1128	1209	241	3	81	0.0370370
NODE_1239_length_2095_cov_29.930862	1128	1209	243	1	81	0.0123457
NODE_1239_length_2095_cov_29.930862	1128	1209	244	2	81	0.0246914
NODE_1239_length_2095_cov_29.930862	1128	1209	246	2	81	0.0246914
NODE_1239_length_2095_cov_29.930862	1128	1209	250	2	81	0.0246914
NODE_1239_length_2095_cov_29.930862	1128	1209	252	1	81	0.0123457
NODE_1239_length_2095_cov_29.930862	1128	1209	254	2	81	0.0246914
NODE_1239_length_2095_cov_29.930862	1128	1209	256	1	81	0.0123457
NODE_1239_length_2095_cov_29.930862	1128	1209	257	1	81	0.0123457
NODE_1239_length_2095_cov_29.930862	1128	1209	260	1	81	0.0123457
NODE_1239_length_2095_cov_29.930862	1128	1209	263	3	81	0.0370370
NODE_1239_length_2095_cov_29.930862	1128	1209	265	1	81	0.0123457
NODE_1239_length_2095_cov_29.930862	1128	1209	268	3	81	0.0370370
NODE_1239_length_2095_cov_29.930862	1128	1209	270	5	81	0.0617284
NODE_1239_length_2095_cov_29.930862	1128	1209	272	2	81	0.0246914
NODE_1239_length_2095_cov_29.930862	1128	1209	273	1	81	0.0123457
NODE_1239_length_2095_cov_29.930862	1128	1209	274	1	81	0.0123457
NODE_1239_length_2095_cov_29.930862	1128	1209	276	1	81	0.0123457
NODE_1239_length_2095_cov_29.930862	1204	1258	176	1	54	0.0185185
NODE_1239_length_2095_cov_29.930862	1204	1258	177	1	54	0.0185185
NODE_1239_length_2095_cov_29.930862	1204	1258	179	1	54	0.0185185
NODE_1239_length_2095_cov_29.930862	1204	1258	182	1	54	0.0185185
NODE_1239_length_2095_cov_29.930862	1204	1258	188	1	54	0.0185185
NODE_1239_length_2095_cov_29.930862	1204	1258	196	1	54	0.0185185
NODE_1239_length_2095_cov_29.930862	1204	1258	198	1	54	0.0185185
NODE_1239_length_2095_cov_29.930862	1204	1258	200	1	54	0.0185185
NODE_1239_length_2095_cov_29.930862	1204	1258	210	2	54	0.0370370
NODE_1239_length_2095_cov_29.930862	1204	1258	213	1	54	0.0185185
NODE_1239_length_2095_cov_29.930862	1204	1258	215	1	54	0.0185185
NODE_1239_length_2095_cov_29.930862	1204	1258	217	1	54	0.0185185
NODE_1239_length_2095_cov_29.930862	1204	1258	224	1	54	0.0185185
NODE_1239_length_2095_cov_29.930862	1204	1258	227	1	54	0.0185185
NODE_1239_length_2095_cov_29.930862	1204	1258	231	1	54	0.0185185
NODE_1239_length_2095_cov_29.930862	1204	1258	233	1	54	0.0185185
NODE_1239_length_2095_cov_29.930862	1204	1258	235	2	54	0.0370370
NODE_1239_length_2095_cov_29.930862	1204	1258	236	1	54	0.0185185
NODE_1239_length_2095_cov_29.930862	1204	1258	238	4	54	0.0740741
NODE_1239_length_2095_cov_29.930862	1204	1258	240	2	54	0.0370370
NODE_1239_length_2095_cov_29.930862	1204	1258	244	1	54	0.0185185
NODE_1239_length_2095_cov_29.930862	1204	1258	246	1	54	0.0185185
NODE_1239_length_2095_cov_29.930862	1204	1258	248	3	54	0.0555556
NODE_1239_length_2095_cov_29.930862	1204	1258	250	4	54	0.0740741
NODE_1239_length_2095_cov_29.930862	1204	1258	252	3	54	0.0555556
NODE_1239_length_2095_cov_29.930862	1204	1258	253	1	54	0.0185185
NODE_1239_length_2095_cov_29.930862	1204	1258	255	1	54	0.0185185
NODE_1239_length_2095_cov_29.930862	1204	1258	256	1	54	0.0185185
NODE_1239_length_2095_cov_29.930862	1204	1258	260	1	54	0.0185185
NODE_1239_length_2095_cov_29.930862	1204	1258	268	1	54	0.0185185
NODE_1239_length_2095_cov_29.930862	1204	1258	271	1	54	0.0185185
NODE_1239_length_2095_cov_29.930862	1204	1258	272	2	54	0.0370370
NODE_1239_length_2095_cov_29.930862	1204	1258	273	2	54	0.0370370
NODE_1239_length_2095_cov_29.930862	1204	1258	274	1	54	0.0185185
NODE_1239_length_2095_cov_29.930862	1204	1258	276	1	54	0.0185185
NODE_1239_length_2095_cov_29.930862	1204	1258	278	1	54	0.0185185
NODE_1239_length_2095_cov_29.930862	1204	1258	279	3	54	0.0555556
NODE_1251_length_2084_cov_1.720403	959	1039	0	24	80	0.3000000
NODE_1251_length_2084_cov_1.720403	959	1039	1	12	80	0.1500000
NODE_1251_length_2084_cov_1.720403	959	1039	2	44	80	0.5500000
NODE_1251_length_2084_cov_1.720403	1012	1092	0	1	80	0.0125000
NODE_1251_length_2084_cov_1.720403	1012	1092	2	79	80	0.9875000
NODE_1252_length_2083_cov_5.864415	419	499	0	80	80	1.0000000
NODE_1252_length_2083_cov_5.864415	472	552	0	80	80	1.0000000
NODE_1252_length_2083_cov_5.864415	548	628	0	80	80	1.0000000
NODE_1252_length_2083_cov_5.864415	601	681	0	80	80	1.0000000
NODE_1256_length_2078_cov_47.394644	311	391	2	3	80	0.0375000
NODE_1256_length_2078_cov_47.394644	311	391	4	16	80	0.2000000
NODE_1256_length_2078_cov_47.394644	311	391	6	8	80	0.1000000
NODE_1256_length_2078_cov_47.394644	311	391	8	53	80	0.6625000
NODE_1256_length_2078_cov_47.394644	364	444	0	6	80	0.0750000
NODE_1256_length_2078_cov_47.394644	364	444	2	11	80	0.1375000
NODE_1256_length_2078_cov_47.394644	364	444	4	2	80	0.0250000
NODE_1256_length_2078_cov_47.394644	364	444	6	13	80	0.1625000
NODE_1256_length_2078_cov_47.394644	364	444	8	48	80	0.6000000
NODE_1256_length_2078_cov_47.394644	440	520	0	22	80	0.2750000
NODE_1256_length_2078_cov_47.394644	440	520	2	18	80	0.2250000
NODE_1256_length_2078_cov_47.394644	440	520	4	11	80	0.1375000
NODE_1256_length_2078_cov_47.394644	440	520	6	29	80	0.3625000
NODE_1256_length_2078_cov_47.394644	493	573	4	38	80	0.4750000
NODE_1256_length_2078_cov_47.394644	493	573	6	42	80	0.5250000
NODE_1267_length_2067_cov_13.647866	1349	1429	4	11	80	0.1375000
NODE_1267_length_2067_cov_13.647866	1349	1429	6	12	80	0.1500000
NODE_1267_length_2067_cov_13.647866	1349	1429	8	57	80	0.7125000
NODE_1267_length_2067_cov_13.647866	1402	1482	6	3	80	0.0375000
NODE_1267_length_2067_cov_13.647866	1402	1482	8	32	80	0.4000000
NODE_1267_length_2067_cov_13.647866	1402	1482	10	16	80	0.2000000
NODE_1267_length_2067_cov_13.647866	1402	1482	12	24	80	0.3000000
NODE_1267_length_2067_cov_13.647866	1402	1482	14	5	80	0.0625000
NODE_1269_length_2066_cov_19.127605	1497	1577	17	32	80	0.4000000
NODE_1269_length_2066_cov_19.127605	1497	1577	18	5	80	0.0625000
NODE_1269_length_2066_cov_19.127605	1497	1577	21	3	80	0.0375000
NODE_1269_length_2066_cov_19.127605	1497	1577	22	4	80	0.0500000
NODE_1269_length_2066_cov_19.127605	1497	1577	27	6	80	0.0750000
NODE_1269_length_2066_cov_19.127605	1497	1577	29	30	80	0.3750000
NODE_1269_length_2066_cov_19.127605	1550	1630	6	8	80	0.1000000
NODE_1269_length_2066_cov_19.127605	1550	1630	7	3	80	0.0375000
NODE_1269_length_2066_cov_19.127605	1550	1630	11	5	80	0.0625000
NODE_1269_length_2066_cov_19.127605	1550	1630	12	8	80	0.1000000
NODE_1269_length_2066_cov_19.127605	1550	1630	16	3	80	0.0375000
NODE_1269_length_2066_cov_19.127605	1550	1630	18	12	80	0.1500000
NODE_1269_length_2066_cov_19.127605	1550	1630	22	18	80	0.2250000
NODE_1269_length_2066_cov_19.127605	1550	1630	29	23	80	0.2875000
NODE_1274_length_2061_cov_43.187054	364	444	5	44	80	0.5500000
NODE_1274_length_2061_cov_43.187054	364	444	6	36	80	0.4500000
NODE_1274_length_2061_cov_43.187054	417	497	2	15	80	0.1875000
NODE_1274_length_2061_cov_43.187054	417	497	4	1	80	0.0125000
NODE_1274_length_2061_cov_43.187054	417	497	5	29	80	0.3625000
NODE_1274_length_2061_cov_43.187054	417	497	6	35	80	0.4375000
NODE_1275_length_2061_cov_3.251784	981	1033	0	52	52	1.0000000
NODE_1275_length_2061_cov_3.251784	1006	1086	0	80	80	1.0000000
NODE_1277_length_2058_cov_4.531394	1844	1875	0	5	31	0.1612903
NODE_1277_length_2058_cov_4.531394	1844	1875	2	6	31	0.1935484
NODE_1277_length_2058_cov_4.531394	1844	1875	4	20	31	0.6451613
NODE_1277_length_2058_cov_4.531394	1848	1928	0	1	80	0.0125000
NODE_1277_length_2058_cov_4.531394	1848	1928	2	6	80	0.0750000
NODE_1277_length_2058_cov_4.531394	1848	1928	4	73	80	0.9125000
NODE_1279_length_2056_cov_20.525805	749	829	0	77	80	0.9625000
NODE_1279_length_2056_cov_20.525805	749	829	6	3	80	0.0375000
NODE_1279_length_2056_cov_20.525805	802	882	0	24	80	0.3000000
NODE_1279_length_2056_cov_20.525805	802	882	6	28	80	0.3500000
NODE_1279_length_2056_cov_20.525805	802	882	9	1	80	0.0125000
NODE_1279_length_2056_cov_20.525805	802	882	10	20	80	0.2500000
NODE_1279_length_2056_cov_20.525805	802	882	14	3	80	0.0375000
NODE_1279_length_2056_cov_20.525805	802	882	16	4	80	0.0500000
NODE_1279_length_2056_cov_20.525805	878	958	8	2	80	0.0250000
NODE_1279_length_2056_cov_20.525805	878	958	10	8	80	0.1000000
NODE_1279_length_2056_cov_20.525805	878	958	16	5	80	0.0625000
NODE_1279_length_2056_cov_20.525805	878	958	17	4	80	0.0500000
NODE_1279_length_2056_cov_20.525805	878	958	18	61	80	0.7625000
NODE_1279_length_2056_cov_20.525805	931	1011	2	24	80	0.3000000
NODE_1279_length_2056_cov_20.525805	931	1011	4	15	80	0.1875000
NODE_1279_length_2056_cov_20.525805	931	1011	6	14	80	0.1750000
NODE_1279_length_2056_cov_20.525805	931	1011	8	2	80	0.0250000
NODE_1279_length_2056_cov_20.525805	931	1011	10	8	80	0.1000000
NODE_1279_length_2056_cov_20.525805	931	1011	17	4	80	0.0500000
NODE_1279_length_2056_cov_20.525805	931	1011	18	13	80	0.1625000
NODE_1281_length_2055_cov_10.047546	1468	1548	0	19	80	0.2375000
NODE_1281_length_2055_cov_10.047546	1468	1548	2	61	80	0.7625000
NODE_1281_length_2055_cov_10.047546	1521	1601	0	54	80	0.6750000
NODE_1281_length_2055_cov_10.047546	1521	1601	2	26	80	0.3250000
NODE_1286_length_2049_cov_6.846154	270	350	0	70	80	0.8750000
NODE_1286_length_2049_cov_6.846154	270	350	2	10	80	0.1250000
NODE_1286_length_2049_cov_6.846154	323	403	0	17	80	0.2125000
NODE_1286_length_2049_cov_6.846154	323	403	2	63	80	0.7875000
NODE_1286_length_2049_cov_6.846154	1595	1674	0	25	79	0.3164557
NODE_1286_length_2049_cov_6.846154	1595	1674	2	54	79	0.6835443
NODE_1286_length_2049_cov_6.846154	1648	1712	0	10	64	0.1562500
NODE_1286_length_2049_cov_6.846154	1648	1712	2	54	64	0.8437500
NODE_1293_length_2045_cov_46.790339	876	956	28	2	80	0.0250000
NODE_1293_length_2045_cov_46.790339	876	956	29	8	80	0.1000000
NODE_1293_length_2045_cov_46.790339	876	956	34	8	80	0.1000000
NODE_1293_length_2045_cov_46.790339	876	956	35	31	80	0.3875000
NODE_1293_length_2045_cov_46.790339	876	956	36	21	80	0.2625000
NODE_1293_length_2045_cov_46.790339	876	956	37	10	80	0.1250000
NODE_1293_length_2045_cov_46.790339	929	1009	10	11	80	0.1375000
NODE_1293_length_2045_cov_46.790339	929	1009	11	9	80	0.1125000
NODE_1293_length_2045_cov_46.790339	929	1009	16	5	80	0.0625000
NODE_1293_length_2045_cov_46.790339	929	1009	20	2	80	0.0250000
NODE_1293_length_2045_cov_46.790339	929	1009	22	5	80	0.0625000
NODE_1293_length_2045_cov_46.790339	929	1009	24	21	80	0.2625000
NODE_1293_length_2045_cov_46.790339	929	1009	34	8	80	0.1000000
NODE_1293_length_2045_cov_46.790339	929	1009	36	19	80	0.2375000
NODE_1293_length_2045_cov_46.790339	1005	1085	4	6	80	0.0750000
NODE_1293_length_2045_cov_46.790339	1005	1085	6	36	80	0.4500000
NODE_1293_length_2045_cov_46.790339	1005	1085	8	11	80	0.1375000
NODE_1293_length_2045_cov_46.790339	1005	1085	10	19	80	0.2375000
NODE_1293_length_2045_cov_46.790339	1005	1085	11	8	80	0.1000000
NODE_1293_length_2045_cov_46.790339	1058	1138	1	6	80	0.0750000
NODE_1293_length_2045_cov_46.790339	1058	1138	2	24	80	0.3000000
NODE_1293_length_2045_cov_46.790339	1058	1138	4	29	80	0.3625000
NODE_1293_length_2045_cov_46.790339	1058	1138	6	21	80	0.2625000
NODE_1298_length_2042_cov_4.447761	241	315	0	18	74	0.2432432
NODE_1298_length_2042_cov_4.447761	241	315	4	56	74	0.7567568
NODE_1301_length_2040_cov_30.109737	1760	1844	141	1	84	0.0119048
NODE_1301_length_2040_cov_30.109737	1760	1844	144	1	84	0.0119048
NODE_1301_length_2040_cov_30.109737	1760	1844	145	2	84	0.0238095
NODE_1301_length_2040_cov_30.109737	1760	1844	146	1	84	0.0119048
NODE_1301_length_2040_cov_30.109737	1760	1844	147	1	84	0.0119048
NODE_1301_length_2040_cov_30.109737	1760	1844	154	1	84	0.0119048
NODE_1301_length_2040_cov_30.109737	1760	1844	157	1	84	0.0119048
NODE_1301_length_2040_cov_30.109737	1760	1844	159	1	84	0.0119048
NODE_1301_length_2040_cov_30.109737	1760	1844	161	2	84	0.0238095
NODE_1301_length_2040_cov_30.109737	1760	1844	162	1	84	0.0119048
NODE_1301_length_2040_cov_30.109737	1760	1844	164	5	84	0.0595238
NODE_1301_length_2040_cov_30.109737	1760	1844	167	1	84	0.0119048
NODE_1301_length_2040_cov_30.109737	1760	1844	168	1	84	0.0119048
NODE_1301_length_2040_cov_30.109737	1760	1844	173	1	84	0.0119048
NODE_1301_length_2040_cov_30.109737	1760	1844	177	2	84	0.0238095
NODE_1301_length_2040_cov_30.109737	1760	1844	179	1	84	0.0119048
NODE_1301_length_2040_cov_30.109737	1760	1844	183	1	84	0.0119048
NODE_1301_length_2040_cov_30.109737	1760	1844	189	1	84	0.0119048
NODE_1301_length_2040_cov_30.109737	1760	1844	190	1	84	0.0119048
NODE_1301_length_2040_cov_30.109737	1760	1844	191	4	84	0.0476190
NODE_1301_length_2040_cov_30.109737	1760	1844	192	4	84	0.0476190
NODE_1301_length_2040_cov_30.109737	1760	1844	193	6	84	0.0714286
NODE_1301_length_2040_cov_30.109737	1760	1844	197	1	84	0.0119048
NODE_1301_length_2040_cov_30.109737	1760	1844	198	2	84	0.0238095
NODE_1301_length_2040_cov_30.109737	1760	1844	204	1	84	0.0119048
NODE_1301_length_2040_cov_30.109737	1760	1844	208	1	84	0.0119048
NODE_1301_length_2040_cov_30.109737	1760	1844	209	2	84	0.0238095
NODE_1301_length_2040_cov_30.109737	1760	1844	210	3	84	0.0357143
NODE_1301_length_2040_cov_30.109737	1760	1844	211	1	84	0.0119048
NODE_1301_length_2040_cov_30.109737	1760	1844	212	7	84	0.0833333
NODE_1301_length_2040_cov_30.109737	1760	1844	213	6	84	0.0714286
NODE_1301_length_2040_cov_30.109737	1760	1844	214	8	84	0.0952381
NODE_1301_length_2040_cov_30.109737	1760	1844	215	4	84	0.0476190
NODE_1301_length_2040_cov_30.109737	1760	1844	216	2	84	0.0238095
NODE_1301_length_2040_cov_30.109737	1760	1844	217	6	84	0.0714286
NODE_1306_length_2036_cov_11.672173	369	449	2	30	80	0.3750000
NODE_1306_length_2036_cov_11.672173	369	449	4	6	80	0.0750000
NODE_1306_length_2036_cov_11.672173	369	449	6	44	80	0.5500000
NODE_1306_length_2036_cov_11.672173	422	502	2	7	80	0.0875000
NODE_1306_length_2036_cov_11.672173	422	502	4	6	80	0.0750000
NODE_1306_length_2036_cov_11.672173	422	502	6	67	80	0.8375000
NODE_1312_length_2032_cov_11.188308	416	496	2	53	80	0.6625000
NODE_1312_length_2032_cov_11.188308	416	496	4	27	80	0.3375000
NODE_1312_length_2032_cov_11.188308	469	549	2	19	80	0.2375000
NODE_1312_length_2032_cov_11.188308	469	549	4	61	80	0.7625000
NODE_1318_length_2027_cov_43.702282	1129	1209	0	40	80	0.5000000
NODE_1318_length_2027_cov_43.702282	1129	1209	4	4	80	0.0500000
NODE_1318_length_2027_cov_43.702282	1129	1209	8	7	80	0.0875000
NODE_1318_length_2027_cov_43.702282	1129	1209	10	7	80	0.0875000
NODE_1318_length_2027_cov_43.702282	1129	1209	12	22	80	0.2750000
NODE_1318_length_2027_cov_43.702282	1182	1262	8	9	80	0.1125000
NODE_1318_length_2027_cov_43.702282	1182	1262	10	5	80	0.0625000
NODE_1318_length_2027_cov_43.702282	1182	1262	12	66	80	0.8250000
NODE_1318_length_2027_cov_43.702282	1258	1338	4	46	80	0.5750000
NODE_1318_length_2027_cov_43.702282	1258	1338	6	1	80	0.0125000
NODE_1318_length_2027_cov_43.702282	1258	1338	8	24	80	0.3000000
NODE_1318_length_2027_cov_43.702282	1258	1338	10	9	80	0.1125000
NODE_1318_length_2027_cov_43.702282	1311	1391	4	45	80	0.5625000
NODE_1318_length_2027_cov_43.702282	1311	1391	6	1	80	0.0125000
NODE_1318_length_2027_cov_43.702282	1311	1391	8	34	80	0.4250000
NODE_1319_length_2027_cov_6.558610	229	303	0	27	74	0.3648649
NODE_1319_length_2027_cov_6.558610	229	303	2	11	74	0.1486486
NODE_1319_length_2027_cov_6.558610	229	303	4	4	74	0.0540541
NODE_1319_length_2027_cov_6.558610	229	303	6	32	74	0.4324324
NODE_1319_length_2027_cov_6.558610	229	303	0	27	74	0.3648649
NODE_1319_length_2027_cov_6.558610	229	303	2	11	74	0.1486486
NODE_1319_length_2027_cov_6.558610	229	303	4	4	74	0.0540541
NODE_1319_length_2027_cov_6.558610	229	303	6	32	74	0.4324324
NODE_1319_length_2027_cov_6.558610	276	356	4	57	80	0.7125000
NODE_1319_length_2027_cov_6.558610	276	356	6	23	80	0.2875000
NODE_1320_length_2026_cov_18.457706	688	768	5	11	80	0.1375000
NODE_1320_length_2026_cov_18.457706	688	768	6	69	80	0.8625000
NODE_1320_length_2026_cov_18.457706	741	821	0	52	80	0.6500000
NODE_1320_length_2026_cov_18.457706	741	821	5	12	80	0.1500000
NODE_1320_length_2026_cov_18.457706	741	821	6	16	80	0.2000000
NODE_1324_length_2025_cov_10.711319	617	697	0	40	80	0.5000000
NODE_1324_length_2025_cov_10.711319	617	697	2	40	80	0.5000000
NODE_1324_length_2025_cov_10.711319	712	783	0	11	71	0.1549296
NODE_1324_length_2025_cov_10.711319	712	783	6	7	71	0.0985916
NODE_1324_length_2025_cov_10.711319	712	783	8	7	71	0.0985916
NODE_1324_length_2025_cov_10.711319	712	783	12	3	71	0.0422535
NODE_1324_length_2025_cov_10.711319	712	783	14	43	71	0.6056338
NODE_1324_length_2025_cov_10.711319	756	829	8	17	73	0.2328767
NODE_1324_length_2025_cov_10.711319	756	829	14	56	73	0.7671233
NODE_1325_length_2024_cov_33.891948	1045	1125	8	14	80	0.1750000
NODE_1325_length_2024_cov_33.891948	1045	1125	14	4	80	0.0500000
NODE_1325_length_2024_cov_33.891948	1045	1125	15	2	80	0.0250000
NODE_1325_length_2024_cov_33.891948	1045	1125	16	60	80	0.7500000
NODE_1325_length_2024_cov_33.891948	1098	1178	10	40	80	0.5000000
NODE_1325_length_2024_cov_33.891948	1098	1178	12	3	80	0.0375000
NODE_1325_length_2024_cov_33.891948	1098	1178	14	10	80	0.1250000
NODE_1325_length_2024_cov_33.891948	1098	1178	16	27	80	0.3375000
NODE_1331_length_2018_cov_33.742053	1215	1295	159	1	80	0.0125000
NODE_1331_length_2018_cov_33.742053	1215	1295	161	1	80	0.0125000
NODE_1331_length_2018_cov_33.742053	1215	1295	163	1	80	0.0125000
NODE_1331_length_2018_cov_33.742053	1215	1295	173	1	80	0.0125000
NODE_1331_length_2018_cov_33.742053	1215	1295	177	4	80	0.0500000
NODE_1331_length_2018_cov_33.742053	1215	1295	179	1	80	0.0125000
NODE_1331_length_2018_cov_33.742053	1215	1295	183	1	80	0.0125000
NODE_1331_length_2018_cov_33.742053	1215	1295	185	3	80	0.0375000
NODE_1331_length_2018_cov_33.742053	1215	1295	187	1	80	0.0125000
NODE_1331_length_2018_cov_33.742053	1215	1295	191	1	80	0.0125000
NODE_1331_length_2018_cov_33.742053	1215	1295	193	1	80	0.0125000
NODE_1331_length_2018_cov_33.742053	1215	1295	195	2	80	0.0250000
NODE_1331_length_2018_cov_33.742053	1215	1295	197	13	80	0.1625000
NODE_1331_length_2018_cov_33.742053	1215	1295	198	1	80	0.0125000
NODE_1331_length_2018_cov_33.742053	1215	1295	199	6	80	0.0750000
NODE_1331_length_2018_cov_33.742053	1215	1295	200	2	80	0.0250000
NODE_1331_length_2018_cov_33.742053	1215	1295	201	11	80	0.1375000
NODE_1331_length_2018_cov_33.742053	1215	1295	202	4	80	0.0500000
NODE_1331_length_2018_cov_33.742053	1215	1295	204	5	80	0.0625000
NODE_1331_length_2018_cov_33.742053	1215	1295	205	9	80	0.1125000
NODE_1331_length_2018_cov_33.742053	1215	1295	206	11	80	0.1375000
NODE_1331_length_2018_cov_33.742053	1268	1298	161	1	30	0.0333333
NODE_1331_length_2018_cov_33.742053	1268	1298	165	1	30	0.0333333
NODE_1331_length_2018_cov_33.742053	1268	1298	181	1	30	0.0333333
NODE_1331_length_2018_cov_33.742053	1268	1298	185	1	30	0.0333333
NODE_1331_length_2018_cov_33.742053	1268	1298	187	1	30	0.0333333
NODE_1331_length_2018_cov_33.742053	1268	1298	197	3	30	0.1000000
NODE_1331_length_2018_cov_33.742053	1268	1298	199	5	30	0.1666667
NODE_1331_length_2018_cov_33.742053	1268	1298	200	2	30	0.0666667
NODE_1331_length_2018_cov_33.742053	1268	1298	201	11	30	0.3666667
NODE_1331_length_2018_cov_33.742053	1268	1298	205	3	30	0.1000000
NODE_1331_length_2018_cov_33.742053	1268	1298	206	1	30	0.0333333
NODE_1331_length_2018_cov_33.742053	1876	1942	87	4	66	0.0606061
NODE_1331_length_2018_cov_33.742053	1876	1942	89	1	66	0.0151515
NODE_1331_length_2018_cov_33.742053	1876	1942	91	1	66	0.0151515
NODE_1331_length_2018_cov_33.742053	1876	1942	93	5	66	0.0757576
NODE_1331_length_2018_cov_33.742053	1876	1942	94	1	66	0.0151515
NODE_1331_length_2018_cov_33.742053	1876	1942	95	1	66	0.0151515
NODE_1331_length_2018_cov_33.742053	1876	1942	97	2	66	0.0303030
NODE_1331_length_2018_cov_33.742053	1876	1942	98	2	66	0.0303030
NODE_1331_length_2018_cov_33.742053	1876	1942	99	9	66	0.1363636
NODE_1331_length_2018_cov_33.742053	1876	1942	100	5	66	0.0757576
NODE_1331_length_2018_cov_33.742053	1876	1942	101	9	66	0.1363636
NODE_1331_length_2018_cov_33.742053	1876	1942	102	13	66	0.1969697
NODE_1331_length_2018_cov_33.742053	1876	1942	106	7	66	0.1060606
NODE_1331_length_2018_cov_33.742053	1876	1942	108	6	66	0.0909091
NODE_1331_length_2018_cov_33.742053	1915	1995	17	2	80	0.0250000
NODE_1331_length_2018_cov_33.742053	1915	1995	19	2	80	0.0250000
NODE_1331_length_2018_cov_33.742053	1915	1995	21	1	80	0.0125000
NODE_1331_length_2018_cov_33.742053	1915	1995	23	5	80	0.0625000
NODE_1331_length_2018_cov_33.742053	1915	1995	29	1	80	0.0125000
NODE_1331_length_2018_cov_33.742053	1915	1995	31	4	80	0.0500000
NODE_1331_length_2018_cov_33.742053	1915	1995	33	5	80	0.0625000
NODE_1331_length_2018_cov_33.742053	1915	1995	36	7	80	0.0875000
NODE_1331_length_2018_cov_33.742053	1915	1995	39	1	80	0.0125000
NODE_1331_length_2018_cov_33.742053	1915	1995	45	2	80	0.0250000
NODE_1331_length_2018_cov_33.742053	1915	1995	47	1	80	0.0125000
NODE_1331_length_2018_cov_33.742053	1915	1995	63	1	80	0.0125000
NODE_1331_length_2018_cov_33.742053	1915	1995	65	4	80	0.0500000
NODE_1331_length_2018_cov_33.742053	1915	1995	69	1	80	0.0125000
NODE_1331_length_2018_cov_33.742053	1915	1995	71	1	80	0.0125000
NODE_1331_length_2018_cov_33.742053	1915	1995	75	3	80	0.0375000
NODE_1331_length_2018_cov_33.742053	1915	1995	79	2	80	0.0250000
NODE_1331_length_2018_cov_33.742053	1915	1995	83	2	80	0.0250000
NODE_1331_length_2018_cov_33.742053	1915	1995	87	12	80	0.1500000
NODE_1331_length_2018_cov_33.742053	1915	1995	89	1	80	0.0125000
NODE_1331_length_2018_cov_33.742053	1915	1995	91	1	80	0.0125000
NODE_1331_length_2018_cov_33.742053	1915	1995	93	5	80	0.0625000
NODE_1331_length_2018_cov_33.742053	1915	1995	95	1	80	0.0125000
NODE_1331_length_2018_cov_33.742053	1915	1995	97	2	80	0.0250000
NODE_1331_length_2018_cov_33.742053	1915	1995	99	9	80	0.1125000
NODE_1331_length_2018_cov_33.742053	1915	1995	101	4	80	0.0500000
NODE_1337_length_2011_cov_22.430439	434	514	8	11	80	0.1375000
NODE_1337_length_2011_cov_22.430439	434	514	10	16	80	0.2000000
NODE_1337_length_2011_cov_22.430439	434	514	12	6	80	0.0750000
NODE_1337_length_2011_cov_22.430439	434	514	16	2	80	0.0250000
NODE_1337_length_2011_cov_22.430439	434	514	18	45	80	0.5625000
NODE_1337_length_2011_cov_22.430439	487	567	2	22	80	0.2750000
NODE_1337_length_2011_cov_22.430439	487	567	8	39	80	0.4875000
NODE_1337_length_2011_cov_22.430439	487	567	10	19	80	0.2375000
NODE_1337_length_2011_cov_22.430439	1124	1204	2	24	80	0.3000000
NODE_1337_length_2011_cov_22.430439	1124	1204	4	1	80	0.0125000
NODE_1337_length_2011_cov_22.430439	1124	1204	10	6	80	0.0750000
NODE_1337_length_2011_cov_22.430439	1124	1204	15	39	80	0.4875000
NODE_1337_length_2011_cov_22.430439	1124	1204	16	10	80	0.1250000
NODE_1337_length_2011_cov_22.430439	1177	1257	6	2	80	0.0250000
NODE_1337_length_2011_cov_22.430439	1177	1257	12	27	80	0.3375000
NODE_1337_length_2011_cov_22.430439	1177	1257	13	14	80	0.1750000
NODE_1337_length_2011_cov_22.430439	1177	1257	15	37	80	0.4625000
NODE_1343_length_2001_cov_10.416404	692	772	2	32	80	0.4000000
NODE_1343_length_2001_cov_10.416404	692	772	4	22	80	0.2750000
NODE_1343_length_2001_cov_10.416404	692	772	6	26	80	0.3250000
NODE_1343_length_2001_cov_10.416404	745	825	0	6	80	0.0750000
NODE_1343_length_2001_cov_10.416404	745	825	4	69	80	0.8625000
NODE_1343_length_2001_cov_10.416404	745	825	6	5	80	0.0625000
NODE_1350_length_1991_cov_112.926533	212	292	126	1	80	0.0125000
NODE_1350_length_1991_cov_112.926533	212	292	134	1	80	0.0125000
NODE_1350_length_1991_cov_112.926533	212	292	140	1	80	0.0125000
NODE_1350_length_1991_cov_112.926533	212	292	144	4	80	0.0500000
NODE_1350_length_1991_cov_112.926533	212	292	146	3	80	0.0375000
NODE_1350_length_1991_cov_112.926533	212	292	148	2	80	0.0250000
NODE_1350_length_1991_cov_112.926533	212	292	152	5	80	0.0625000
NODE_1350_length_1991_cov_112.926533	212	292	161	2	80	0.0250000
NODE_1350_length_1991_cov_112.926533	212	292	163	1	80	0.0125000
NODE_1350_length_1991_cov_112.926533	212	292	170	1	80	0.0125000
NODE_1350_length_1991_cov_112.926533	212	292	177	6	80	0.0750000
NODE_1350_length_1991_cov_112.926533	212	292	180	1	80	0.0125000
NODE_1350_length_1991_cov_112.926533	212	292	182	1	80	0.0125000
NODE_1350_length_1991_cov_112.926533	212	292	183	2	80	0.0250000
NODE_1350_length_1991_cov_112.926533	212	292	184	2	80	0.0250000
NODE_1350_length_1991_cov_112.926533	212	292	185	6	80	0.0750000
NODE_1350_length_1991_cov_112.926533	212	292	187	1	80	0.0125000
NODE_1350_length_1991_cov_112.926533	212	292	191	1	80	0.0125000
NODE_1350_length_1991_cov_112.926533	212	292	195	22	80	0.2750000
NODE_1350_length_1991_cov_112.926533	212	292	196	1	80	0.0125000
NODE_1350_length_1991_cov_112.926533	212	292	197	7	80	0.0875000
NODE_1350_length_1991_cov_112.926533	212	292	199	1	80	0.0125000
NODE_1350_length_1991_cov_112.926533	212	292	203	8	80	0.1000000
NODE_1352_length_1988_cov_13.736368	865	945	4	29	80	0.3625000
NODE_1352_length_1988_cov_13.736368	865	945	6	51	80	0.6375000
NODE_1352_length_1988_cov_13.736368	918	998	0	15	80	0.1875000
NODE_1352_length_1988_cov_13.736368	918	998	2	34	80	0.4250000
NODE_1352_length_1988_cov_13.736368	918	998	6	31	80	0.3875000
NODE_1353_length_1988_cov_9.980413	1616	1696	4	24	80	0.3000000
NODE_1353_length_1988_cov_9.980413	1616	1696	6	56	80	0.7000000
NODE_1353_length_1988_cov_9.980413	1669	1749	0	51	80	0.6375000
NODE_1353_length_1988_cov_9.980413	1669	1749	4	26	80	0.3250000
NODE_1353_length_1988_cov_9.980413	1669	1749	6	3	80	0.0375000
NODE_1356_length_1983_cov_17.332803	494	574	4	53	80	0.6625000
NODE_1356_length_1983_cov_17.332803	494	574	6	13	80	0.1625000
NODE_1356_length_1983_cov_17.332803	494	574	10	14	80	0.1750000
NODE_1356_length_1983_cov_17.332803	547	627	6	66	80	0.8250000
NODE_1356_length_1983_cov_17.332803	547	627	10	14	80	0.1750000
NODE_1356_length_1983_cov_17.332803	1600	1680	0	65	80	0.8125000
NODE_1356_length_1983_cov_17.332803	1600	1680	2	15	80	0.1875000
NODE_1356_length_1983_cov_17.332803	1653	1733	0	12	80	0.1500000
NODE_1356_length_1983_cov_17.332803	1653	1733	2	16	80	0.2000000
NODE_1356_length_1983_cov_17.332803	1653	1733	4	52	80	0.6500000
NODE_1359_length_1982_cov_17.164100	457	537	0	80	80	1.0000000
NODE_1359_length_1982_cov_17.164100	510	590	0	80	80	1.0000000
NODE_1359_length_1982_cov_17.164100	586	666	0	80	80	1.0000000
NODE_1359_length_1982_cov_17.164100	639	723	0	36	84	0.4285714
NODE_1359_length_1982_cov_17.164100	639	723	2	48	84	0.5714286
NODE_1360_length_1981_cov_46.444208	0	70	0	70	70	1.0000000
NODE_1362_length_1979_cov_1.630851	1554	1634	0	80	80	1.0000000
NODE_1364_length_1976_cov_1.959510	154	215	20	9	61	0.1475410
NODE_1364_length_1976_cov_1.959510	154	215	22	1	61	0.0163934
NODE_1364_length_1976_cov_1.959510	154	215	26	6	61	0.0983607
NODE_1364_length_1976_cov_1.959510	154	215	28	45	61	0.7377049
NODE_1364_length_1976_cov_1.959510	154	215	20	9	61	0.1475410
NODE_1364_length_1976_cov_1.959510	154	215	22	1	61	0.0163934
NODE_1364_length_1976_cov_1.959510	154	215	26	6	61	0.0983607
NODE_1364_length_1976_cov_1.959510	154	215	28	45	61	0.7377049
NODE_1364_length_1976_cov_1.959510	154	213	20	9	59	0.1525424
NODE_1364_length_1976_cov_1.959510	154	213	22	1	59	0.0169492
NODE_1364_length_1976_cov_1.959510	154	213	26	6	59	0.1016949
NODE_1364_length_1976_cov_1.959510	154	213	28	43	59	0.7288136
NODE_1365_length_1974_cov_8.058133	617	697	4	23	80	0.2875000
NODE_1365_length_1974_cov_8.058133	617	697	6	21	80	0.2625000
NODE_1365_length_1974_cov_8.058133	617	697	8	36	80	0.4500000
NODE_1365_length_1974_cov_8.058133	670	750	0	19	80	0.2375000
NODE_1365_length_1974_cov_8.058133	670	750	2	7	80	0.0875000
NODE_1365_length_1974_cov_8.058133	670	750	4	34	80	0.4250000
NODE_1365_length_1974_cov_8.058133	670	750	6	18	80	0.2250000
NODE_1365_length_1974_cov_8.058133	670	750	8	2	80	0.0250000
NODE_1366_length_1973_cov_14.885272	640	726	4	52	86	0.6046512
NODE_1366_length_1973_cov_14.885272	640	726	6	34	86	0.3953488
NODE_1366_length_1973_cov_14.885272	699	779	0	6	80	0.0750000
NODE_1366_length_1973_cov_14.885272	699	779	2	33	80	0.4125000
NODE_1366_length_1973_cov_14.885272	699	779	6	41	80	0.5125000
NODE_1366_length_1973_cov_14.885272	1389	1469	0	17	80	0.2125000
NODE_1366_length_1973_cov_14.885272	1389	1469	2	60	80	0.7500000
NODE_1366_length_1973_cov_14.885272	1389	1469	4	3	80	0.0375000
NODE_1366_length_1973_cov_14.885272	1442	1522	2	35	80	0.4375000
NODE_1366_length_1973_cov_14.885272	1442	1522	4	45	80	0.5625000
NODE_1372_length_1971_cov_3.126068	1662	1742	19	1	80	0.0125000
NODE_1372_length_1971_cov_3.126068	1662	1742	20	7	80	0.0875000
NODE_1372_length_1971_cov_3.126068	1662	1742	22	1	80	0.0125000
NODE_1372_length_1971_cov_3.126068	1662	1742	24	8	80	0.1000000
NODE_1372_length_1971_cov_3.126068	1662	1742	26	20	80	0.2500000
NODE_1372_length_1971_cov_3.126068	1662	1742	28	39	80	0.4875000
NODE_1372_length_1971_cov_3.126068	1662	1742	32	2	80	0.0250000
NODE_1372_length_1971_cov_3.126068	1662	1742	34	2	80	0.0250000
NODE_1372_length_1971_cov_3.126068	1715	1799	14	3	84	0.0357143
NODE_1372_length_1971_cov_3.126068	1715	1799	15	9	84	0.1071429
NODE_1372_length_1971_cov_3.126068	1715	1799	17	12	84	0.1428571
NODE_1372_length_1971_cov_3.126068	1715	1799	18	1	84	0.0119048
NODE_1372_length_1971_cov_3.126068	1715	1799	19	5	84	0.0595238
NODE_1372_length_1971_cov_3.126068	1715	1799	21	2	84	0.0238095
NODE_1372_length_1971_cov_3.126068	1715	1799	22	1	84	0.0119048
NODE_1372_length_1971_cov_3.126068	1715	1799	26	9	84	0.1071429
NODE_1372_length_1971_cov_3.126068	1715	1799	28	17	84	0.2023810
NODE_1372_length_1971_cov_3.126068	1715	1799	30	10	84	0.1190476
NODE_1372_length_1971_cov_3.126068	1715	1799	32	2	84	0.0238095
NODE_1372_length_1971_cov_3.126068	1715	1799	34	13	84	0.1547619
NODE_1386_length_1962_cov_23.774557	281	311	8	30	30	1.0000000
NODE_1386_length_1962_cov_23.774557	329	355	8	26	26	1.0000000
NODE_1386_length_1962_cov_23.774557	408	487	2	79	79	1.0000000
NODE_1386_length_1962_cov_23.774557	460	540	0	44	80	0.5500000
NODE_1386_length_1962_cov_23.774557	460	540	2	36	80	0.4500000
NODE_1386_length_1962_cov_23.774557	1417	1497	1	34	80	0.4250000
NODE_1386_length_1962_cov_23.774557	1417	1497	2	46	80	0.5750000
NODE_1386_length_1962_cov_23.774557	1470	1550	1	24	80	0.3000000
NODE_1386_length_1962_cov_23.774557	1470	1550	2	56	80	0.7000000
NODE_1386_length_1962_cov_23.774557	1607	1640	2	33	33	1.0000000
NODE_1395_length_1953_cov_26.183927	1	81	1	6	80	0.0750000
NODE_1395_length_1953_cov_26.183927	1	81	7	5	80	0.0625000
NODE_1395_length_1953_cov_26.183927	1	81	9	16	80	0.2000000
NODE_1395_length_1953_cov_26.183927	1	81	11	12	80	0.1500000
NODE_1395_length_1953_cov_26.183927	1	81	12	41	80	0.5125000
NODE_1395_length_1953_cov_26.183927	6	28	1	1	22	0.0454545
NODE_1395_length_1953_cov_26.183927	6	28	7	5	22	0.2272727
NODE_1395_length_1953_cov_26.183927	6	28	9	16	22	0.7272727
NODE_1395_length_1953_cov_26.183927	152	232	0	80	80	1.0000000
NODE_1395_length_1953_cov_26.183927	205	257	0	52	52	1.0000000
NODE_1405_length_1943_cov_11.218547	516	596	0	2	80	0.0250000
NODE_1405_length_1943_cov_11.218547	516	596	1	11	80	0.1375000
NODE_1405_length_1943_cov_11.218547	516	596	2	67	80	0.8375000
NODE_1405_length_1943_cov_11.218547	569	649	0	55	80	0.6875000
NODE_1405_length_1943_cov_11.218547	569	649	1	11	80	0.1375000
NODE_1405_length_1943_cov_11.218547	569	649	2	14	80	0.1750000
NODE_1408_length_1941_cov_14.407709	891	921	2	7	30	0.2333333
NODE_1408_length_1941_cov_14.407709	891	921	6	22	30	0.7333333
NODE_1408_length_1941_cov_14.407709	891	921	8	1	30	0.0333333
NODE_1408_length_1941_cov_14.407709	894	964	2	4	70	0.0571429
NODE_1408_length_1941_cov_14.407709	894	964	6	52	70	0.7428572
NODE_1408_length_1941_cov_14.407709	894	964	8	14	70	0.2000000
NODE_1408_length_1941_cov_14.407709	1878	1941	0	63	63	1.0000000
NODE_1409_length_1941_cov_9.632465	139	213	2	11	74	0.1486486
NODE_1409_length_1941_cov_9.632465	139	213	8	12	74	0.1621622
NODE_1409_length_1941_cov_9.632465	139	213	10	12	74	0.1621622
NODE_1409_length_1941_cov_9.632465	139	213	12	21	74	0.2837838
NODE_1409_length_1941_cov_9.632465	139	213	18	5	74	0.0675676
NODE_1409_length_1941_cov_9.632465	139	213	20	4	74	0.0540541
NODE_1409_length_1941_cov_9.632465	139	213	22	9	74	0.1216216
NODE_1409_length_1941_cov_9.632465	139	219	2	11	80	0.1375000
NODE_1409_length_1941_cov_9.632465	139	219	8	12	80	0.1500000
NODE_1409_length_1941_cov_9.632465	139	219	10	12	80	0.1500000
NODE_1409_length_1941_cov_9.632465	139	219	12	21	80	0.2625000
NODE_1409_length_1941_cov_9.632465	139	219	18	5	80	0.0625000
NODE_1409_length_1941_cov_9.632465	139	219	20	4	80	0.0500000
NODE_1409_length_1941_cov_9.632465	139	219	22	15	80	0.1875000
NODE_1409_length_1941_cov_9.632465	139	194	2	11	55	0.2000000
NODE_1409_length_1941_cov_9.632465	139	194	8	12	55	0.2181818
NODE_1409_length_1941_cov_9.632465	139	194	10	12	55	0.2181818
NODE_1409_length_1941_cov_9.632465	139	194	12	20	55	0.3636364
NODE_1409_length_1941_cov_9.632465	192	272	12	3	80	0.0375000
NODE_1409_length_1941_cov_9.632465	192	272	14	3	80	0.0375000
NODE_1409_length_1941_cov_9.632465	192	272	16	2	80	0.0250000
NODE_1409_length_1941_cov_9.632465	192	272	18	5	80	0.0625000
NODE_1409_length_1941_cov_9.632465	192	272	20	35	80	0.4375000
NODE_1409_length_1941_cov_9.632465	192	272	22	32	80	0.4000000
NODE_1414_length_1936_cov_13.338596	679	759	7	27	80	0.3375000
NODE_1414_length_1936_cov_13.338596	679	759	8	4	80	0.0500000
NODE_1414_length_1936_cov_13.338596	679	759	9	7	80	0.0875000
NODE_1414_length_1936_cov_13.338596	679	759	10	6	80	0.0750000
NODE_1414_length_1936_cov_13.338596	679	759	12	36	80	0.4500000
NODE_1414_length_1936_cov_13.338596	732	812	0	48	80	0.6000000
NODE_1414_length_1936_cov_13.338596	732	812	6	5	80	0.0625000
NODE_1414_length_1936_cov_13.338596	732	812	7	27	80	0.3375000
NODE_1414_length_1936_cov_13.338596	738	812	0	48	74	0.6486486
NODE_1414_length_1936_cov_13.338596	738	812	6	5	74	0.0675676
NODE_1414_length_1936_cov_13.338596	738	812	7	21	74	0.2837838
NODE_1414_length_1936_cov_13.338596	738	759	7	21	21	1.0000000
NODE_1415_length_1936_cov_12.592814	102	153	0	32	51	0.6274510
NODE_1415_length_1936_cov_12.592814	102	153	2	1	51	0.0196078
NODE_1415_length_1936_cov_12.592814	102	153	6	13	51	0.2549020
NODE_1415_length_1936_cov_12.592814	102	153	8	5	51	0.0980392
NODE_1415_length_1936_cov_12.592814	154	230	2	5	76	0.0657895
NODE_1415_length_1936_cov_12.592814	154	230	8	3	76	0.0394737
NODE_1415_length_1936_cov_12.592814	154	230	10	4	76	0.0526316
NODE_1415_length_1936_cov_12.592814	154	230	13	1	76	0.0131579
NODE_1415_length_1936_cov_12.592814	154	230	14	63	76	0.8289474
NODE_1415_length_1936_cov_12.592814	211	251	12	3	40	0.0750000
NODE_1415_length_1936_cov_12.592814	211	251	14	37	40	0.9250000
NODE_1416_length_1933_cov_86.724646	1044	1124	0	80	80	1.0000000
NODE_1416_length_1933_cov_86.724646	1097	1177	0	31	80	0.3875000
NODE_1416_length_1933_cov_86.724646	1097	1177	2	14	80	0.1750000
NODE_1416_length_1933_cov_86.724646	1097	1177	6	27	80	0.3375000
NODE_1416_length_1933_cov_86.724646	1097	1177	8	8	80	0.1000000
NODE_1416_length_1933_cov_86.724646	1173	1253	8	4	80	0.0500000
NODE_1416_length_1933_cov_86.724646	1173	1253	13	3	80	0.0375000
NODE_1416_length_1933_cov_86.724646	1173	1253	14	42	80	0.5250000
NODE_1416_length_1933_cov_86.724646	1173	1253	16	2	80	0.0250000
NODE_1416_length_1933_cov_86.724646	1173	1253	17	1	80	0.0125000
NODE_1416_length_1933_cov_86.724646	1173	1253	18	28	80	0.3500000
NODE_1416_length_1933_cov_86.724646	1226	1306	13	14	80	0.1750000
NODE_1416_length_1933_cov_86.724646	1226	1306	15	18	80	0.2250000
NODE_1416_length_1933_cov_86.724646	1226	1306	16	2	80	0.0250000
NODE_1416_length_1933_cov_86.724646	1226	1306	17	21	80	0.2625000
NODE_1416_length_1933_cov_86.724646	1226	1306	18	25	80	0.3125000
NODE_1419_length_1932_cov_5.905074	1534	1614	4	20	80	0.2500000
NODE_1419_length_1932_cov_5.905074	1534	1614	10	60	80	0.7500000
NODE_1422_length_1930_cov_3.005461	1700	1780	26	3	80	0.0375000
NODE_1422_length_1930_cov_3.005461	1700	1780	32	77	80	0.9625000
NODE_1427_length_1928_cov_2.580098	74	131	24	1	57	0.0175439
NODE_1427_length_1928_cov_2.580098	74	131	26	7	57	0.1228070
NODE_1427_length_1928_cov_2.580098	74	131	30	6	57	0.1052632
NODE_1427_length_1928_cov_2.580098	74	131	34	43	57	0.7543859
NODE_1427_length_1928_cov_2.580098	127	184	10	5	57	0.0877193
NODE_1427_length_1928_cov_2.580098	127	184	12	8	57	0.1403509
NODE_1427_length_1928_cov_2.580098	127	184	14	1	57	0.0175439
NODE_1427_length_1928_cov_2.580098	127	184	16	6	57	0.1052632
NODE_1427_length_1928_cov_2.580098	127	184	18	6	57	0.1052632
NODE_1427_length_1928_cov_2.580098	127	184	20	3	57	0.0526316
NODE_1427_length_1928_cov_2.580098	127	184	24	2	57	0.0350877
NODE_1427_length_1928_cov_2.580098	127	184	25	5	57	0.0877193
NODE_1427_length_1928_cov_2.580098	127	184	27	5	57	0.0877193
NODE_1427_length_1928_cov_2.580098	127	184	29	2	57	0.0350877
NODE_1427_length_1928_cov_2.580098	127	184	31	3	57	0.0526316
NODE_1427_length_1928_cov_2.580098	127	184	33	7	57	0.1228070
NODE_1427_length_1928_cov_2.580098	127	184	34	4	57	0.0701754
NODE_1434_length_1919_cov_17.901099	454	529	16	9	75	0.1200000
NODE_1434_length_1919_cov_17.901099	454	529	20	66	75	0.8800000
NODE_1434_length_1919_cov_17.901099	507	558	6	17	51	0.3333333
NODE_1434_length_1919_cov_17.901099	507	558	8	9	51	0.1764706
NODE_1434_length_1919_cov_17.901099	507	558	10	1	51	0.0196078
NODE_1434_length_1919_cov_17.901099	507	558	16	11	51	0.2156863
NODE_1434_length_1919_cov_17.901099	507	558	20	13	51	0.2549020
NODE_1436_length_1918_cov_14.876855	314	396	4	10	82	0.1219512
NODE_1436_length_1918_cov_14.876855	314	396	6	3	82	0.0365854
NODE_1436_length_1918_cov_14.876855	314	396	8	1	82	0.0121951
NODE_1436_length_1918_cov_14.876855	314	396	9	40	82	0.4878049
NODE_1436_length_1918_cov_14.876855	314	396	14	6	82	0.0731707
NODE_1436_length_1918_cov_14.876855	314	396	18	2	82	0.0243902
NODE_1436_length_1918_cov_14.876855	314	396	19	6	82	0.0731707
NODE_1436_length_1918_cov_14.876855	314	396	20	6	82	0.0731707
NODE_1436_length_1918_cov_14.876855	314	396	21	7	82	0.0853659
NODE_1436_length_1918_cov_14.876855	314	396	22	1	82	0.0121951
NODE_1438_length_1918_cov_3.493128	9	55	0	12	46	0.2608696
NODE_1438_length_1918_cov_3.493128	9	55	2	34	46	0.7391304
NODE_1438_length_1918_cov_3.493128	1480	1561	4	81	81	1.0000000
NODE_1440_length_1916_cov_4.426527	162	192	0	30	30	1.0000000
NODE_1442_length_1915_cov_35.787996	106	186	36	1	80	0.0125000
NODE_1442_length_1915_cov_35.787996	106	186	37	1	80	0.0125000
NODE_1442_length_1915_cov_35.787996	106	186	38	1	80	0.0125000
NODE_1442_length_1915_cov_35.787996	106	186	42	1	80	0.0125000
NODE_1442_length_1915_cov_35.787996	106	186	44	4	80	0.0500000
NODE_1442_length_1915_cov_35.787996	106	186	46	3	80	0.0375000
NODE_1442_length_1915_cov_35.787996	106	186	47	1	80	0.0125000
NODE_1442_length_1915_cov_35.787996	106	186	49	2	80	0.0250000
NODE_1442_length_1915_cov_35.787996	106	186	51	4	80	0.0500000
NODE_1442_length_1915_cov_35.787996	106	186	53	1	80	0.0125000
NODE_1442_length_1915_cov_35.787996	106	186	57	4	80	0.0500000
NODE_1442_length_1915_cov_35.787996	106	186	59	1	80	0.0125000
NODE_1442_length_1915_cov_35.787996	106	186	61	4	80	0.0500000
NODE_1442_length_1915_cov_35.787996	106	186	62	1	80	0.0125000
NODE_1442_length_1915_cov_35.787996	106	186	63	1	80	0.0125000
NODE_1442_length_1915_cov_35.787996	106	186	65	2	80	0.0250000
NODE_1442_length_1915_cov_35.787996	106	186	68	1	80	0.0125000
NODE_1442_length_1915_cov_35.787996	106	186	70	1	80	0.0125000
NODE_1442_length_1915_cov_35.787996	106	186	71	3	80	0.0375000
NODE_1442_length_1915_cov_35.787996	106	186	72	9	80	0.1125000
NODE_1442_length_1915_cov_35.787996	106	186	73	5	80	0.0625000
NODE_1442_length_1915_cov_35.787996	106	186	74	29	80	0.3625000
NODE_1451_length_1905_cov_18.464563	740	820	0	80	80	1.0000000
NODE_1451_length_1905_cov_18.464563	793	873	0	80	80	1.0000000
NODE_1451_length_1905_cov_18.464563	869	949	0	80	80	1.0000000
NODE_1451_length_1905_cov_18.464563	922	1010	0	88	88	1.0000000
NODE_1452_length_1905_cov_7.197121	596	676	4	2	80	0.0250000
NODE_1452_length_1905_cov_7.197121	596	676	5	10	80	0.1250000
NODE_1452_length_1905_cov_7.197121	596	676	6	48	80	0.6000000
NODE_1452_length_1905_cov_7.197121	596	676	8	20	80	0.2500000
NODE_1452_length_1905_cov_7.197121	649	682	4	8	33	0.2424242
NODE_1452_length_1905_cov_7.197121	649	682	5	10	33	0.3030303
NODE_1452_length_1905_cov_7.197121	649	682	6	15	33	0.4545455
NODE_1455_length_1902_cov_1.633943	1728	1792	1	2	64	0.0312500
NODE_1455_length_1902_cov_1.633943	1728	1792	5	9	64	0.1406250
NODE_1455_length_1902_cov_1.633943	1728	1792	6	2	64	0.0312500
NODE_1455_length_1902_cov_1.633943	1728	1792	8	51	64	0.7968750
NODE_1458_length_1900_cov_1.081066	1805	1851	0	46	46	1.0000000
NODE_1458_length_1900_cov_1.081066	1824	1900	0	76	76	1.0000000
NODE_1461_length_1895_cov_17.940980	1070	1150	10	24	80	0.3000000
NODE_1461_length_1895_cov_17.940980	1070	1150	12	9	80	0.1125000
NODE_1461_length_1895_cov_17.940980	1070	1150	14	19	80	0.2375000
NODE_1461_length_1895_cov_17.940980	1070	1150	16	28	80	0.3500000
NODE_1461_length_1895_cov_17.940980	1123	1203	4	6	80	0.0750000
NODE_1461_length_1895_cov_17.940980	1123	1203	6	13	80	0.1625000
NODE_1461_length_1895_cov_17.940980	1123	1203	10	27	80	0.3375000
NODE_1461_length_1895_cov_17.940980	1123	1203	14	14	80	0.1750000
NODE_1461_length_1895_cov_17.940980	1123	1203	16	20	80	0.2500000
NODE_1466_length_1893_cov_3.299331	918	998	0	80	80	1.0000000
NODE_1467_length_1892_cov_5.158394	317	397	4	59	80	0.7375000
NODE_1467_length_1892_cov_5.158394	317	397	6	21	80	0.2625000
NODE_1467_length_1892_cov_5.158394	370	445	0	32	75	0.4266667
NODE_1467_length_1892_cov_5.158394	370	445	2	12	75	0.1600000
NODE_1467_length_1892_cov_5.158394	370	445	4	31	75	0.4133333
NODE_1469_length_1889_cov_4.049162	1652	1686	2	34	34	1.0000000
NODE_1470_length_1889_cov_3.888268	960	1040	0	80	80	1.0000000
NODE_1470_length_1889_cov_3.888268	1013	1093	0	80	80	1.0000000
NODE_1472_length_1888_cov_17.106764	15	96	16	3	81	0.0370370
NODE_1472_length_1888_cov_17.106764	15	96	18	2	81	0.0246914
NODE_1472_length_1888_cov_17.106764	15	96	24	1	81	0.0123457
NODE_1472_length_1888_cov_17.106764	15	96	28	1	81	0.0123457
NODE_1472_length_1888_cov_17.106764	15	96	30	1	81	0.0123457
NODE_1472_length_1888_cov_17.106764	15	96	32	1	81	0.0123457
NODE_1472_length_1888_cov_17.106764	15	96	34	2	81	0.0246914
NODE_1472_length_1888_cov_17.106764	15	96	36	1	81	0.0123457
NODE_1472_length_1888_cov_17.106764	15	96	39	1	81	0.0123457
NODE_1472_length_1888_cov_17.106764	15	96	48	22	81	0.2716049
NODE_1472_length_1888_cov_17.106764	15	96	54	12	81	0.1481481
NODE_1472_length_1888_cov_17.106764	15	96	56	34	81	0.4197531
NODE_1472_length_1888_cov_17.106764	68	143	9	3	75	0.0400000
NODE_1472_length_1888_cov_17.106764	68	143	11	2	75	0.0266667
NODE_1472_length_1888_cov_17.106764	68	143	14	7	75	0.0933333
NODE_1472_length_1888_cov_17.106764	68	143	23	1	75	0.0133333
NODE_1472_length_1888_cov_17.106764	68	143	26	1	75	0.0133333
NODE_1472_length_1888_cov_17.106764	68	143	34	1	75	0.0133333
NODE_1472_length_1888_cov_17.106764	68	143	36	2	75	0.0266667
NODE_1472_length_1888_cov_17.106764	68	143	38	1	75	0.0133333
NODE_1472_length_1888_cov_17.106764	68	143	44	2	75	0.0266667
NODE_1472_length_1888_cov_17.106764	68	143	46	2	75	0.0266667
NODE_1472_length_1888_cov_17.106764	68	143	48	3	75	0.0400000
NODE_1472_length_1888_cov_17.106764	68	143	50	7	75	0.0933333
NODE_1472_length_1888_cov_17.106764	68	143	52	2	75	0.0266667
NODE_1472_length_1888_cov_17.106764	68	143	54	6	75	0.0800000
NODE_1472_length_1888_cov_17.106764	68	143	56	35	75	0.4666667
NODE_1477_length_1885_cov_4.439530	441	521	0	55	80	0.6875000
NODE_1477_length_1885_cov_4.439530	441	521	2	25	80	0.3125000
NODE_1477_length_1885_cov_4.439530	494	574	0	2	80	0.0250000
NODE_1477_length_1885_cov_4.439530	494	574	2	78	80	0.9750000
NODE_1483_length_1882_cov_5.884464	1499	1579	3	4	80	0.0500000
NODE_1483_length_1882_cov_5.884464	1499	1579	5	8	80	0.1000000
NODE_1483_length_1882_cov_5.884464	1499	1579	11	3	80	0.0375000
NODE_1483_length_1882_cov_5.884464	1499	1579	12	15	80	0.1875000
NODE_1483_length_1882_cov_5.884464	1499	1579	13	3	80	0.0375000
NODE_1483_length_1882_cov_5.884464	1499	1579	14	47	80	0.5875000
NODE_1483_length_1882_cov_5.884464	1552	1632	1	16	80	0.2000000
NODE_1483_length_1882_cov_5.884464	1552	1632	3	9	80	0.1125000
NODE_1483_length_1882_cov_5.884464	1552	1632	9	22	80	0.2750000
NODE_1483_length_1882_cov_5.884464	1552	1632	11	1	80	0.0125000
NODE_1483_length_1882_cov_5.884464	1552	1632	13	8	80	0.1000000
NODE_1483_length_1882_cov_5.884464	1552	1632	14	24	80	0.3000000
NODE_1493_length_1875_cov_3.974662	1650	1730	6	24	80	0.3000000
NODE_1493_length_1875_cov_3.974662	1650	1730	8	6	80	0.0750000
NODE_1493_length_1875_cov_3.974662	1650	1730	14	13	80	0.1625000
NODE_1493_length_1875_cov_3.974662	1650	1730	16	2	80	0.0250000
NODE_1493_length_1875_cov_3.974662	1650	1730	18	19	80	0.2375000
NODE_1493_length_1875_cov_3.974662	1650	1730	20	16	80	0.2000000
NODE_1497_length_1872_cov_21.355330	153	201	0	48	48	1.0000000
NODE_1503_length_1868_cov_96.046919	1018	1098	10	6	80	0.0750000
NODE_1503_length_1868_cov_96.046919	1018	1098	13	2	80	0.0250000
NODE_1503_length_1868_cov_96.046919	1018	1098	18	13	80	0.1625000
NODE_1503_length_1868_cov_96.046919	1018	1098	20	8	80	0.1000000
NODE_1503_length_1868_cov_96.046919	1018	1098	24	13	80	0.1625000
NODE_1503_length_1868_cov_96.046919	1018	1098	29	3	80	0.0375000
NODE_1503_length_1868_cov_96.046919	1018	1098	31	1	80	0.0125000
NODE_1503_length_1868_cov_96.046919	1018	1098	37	1	80	0.0125000
NODE_1503_length_1868_cov_96.046919	1018	1098	39	1	80	0.0125000
NODE_1503_length_1868_cov_96.046919	1018	1098	41	1	80	0.0125000
NODE_1503_length_1868_cov_96.046919	1018	1098	43	2	80	0.0250000
NODE_1503_length_1868_cov_96.046919	1018	1098	45	1	80	0.0125000
NODE_1503_length_1868_cov_96.046919	1018	1098	49	3	80	0.0375000
NODE_1503_length_1868_cov_96.046919	1018	1098	56	1	80	0.0125000
NODE_1503_length_1868_cov_96.046919	1018	1098	57	1	80	0.0125000
NODE_1503_length_1868_cov_96.046919	1018	1098	61	1	80	0.0125000
NODE_1503_length_1868_cov_96.046919	1018	1098	62	1	80	0.0125000
NODE_1503_length_1868_cov_96.046919	1018	1098	66	12	80	0.1500000
NODE_1503_length_1868_cov_96.046919	1018	1098	67	1	80	0.0125000
NODE_1503_length_1868_cov_96.046919	1018	1098	68	7	80	0.0875000
NODE_1503_length_1868_cov_96.046919	1018	1098	69	1	80	0.0125000
NODE_1503_length_1868_cov_96.046919	1071	1151	49	4	80	0.0500000
NODE_1503_length_1868_cov_96.046919	1071	1151	51	1	80	0.0125000
NODE_1503_length_1868_cov_96.046919	1071	1151	55	20	80	0.2500000
NODE_1503_length_1868_cov_96.046919	1071	1151	56	1	80	0.0125000
NODE_1503_length_1868_cov_96.046919	1071	1151	57	2	80	0.0250000
NODE_1503_length_1868_cov_96.046919	1071	1151	61	1	80	0.0125000
NODE_1503_length_1868_cov_96.046919	1071	1151	62	1	80	0.0125000
NODE_1503_length_1868_cov_96.046919	1071	1151	63	1	80	0.0125000
NODE_1503_length_1868_cov_96.046919	1071	1151	66	23	80	0.2875000
NODE_1503_length_1868_cov_96.046919	1071	1151	67	10	80	0.1250000
NODE_1503_length_1868_cov_96.046919	1071	1151	68	15	80	0.1875000
NODE_1503_length_1868_cov_96.046919	1071	1151	69	1	80	0.0125000
NODE_1508_length_1866_cov_53.869270	1149	1229	15	4	80	0.0500000
NODE_1508_length_1866_cov_53.869270	1149	1229	16	3	80	0.0375000
NODE_1508_length_1866_cov_53.869270	1149	1229	18	15	80	0.1875000
NODE_1508_length_1866_cov_53.869270	1149	1229	22	37	80	0.4625000
NODE_1508_length_1866_cov_53.869270	1149	1229	24	21	80	0.2625000
NODE_1508_length_1866_cov_53.869270	1202	1282	12	6	80	0.0750000
NODE_1508_length_1866_cov_53.869270	1202	1282	14	14	80	0.1750000
NODE_1508_length_1866_cov_53.869270	1202	1282	15	6	80	0.0750000
NODE_1508_length_1866_cov_53.869270	1202	1282	16	28	80	0.3500000
NODE_1508_length_1866_cov_53.869270	1202	1282	18	2	80	0.0250000
NODE_1508_length_1866_cov_53.869270	1202	1282	22	24	80	0.3000000
NODE_1508_length_1866_cov_53.869270	1278	1358	9	2	80	0.0250000
NODE_1508_length_1866_cov_53.869270	1278	1358	10	12	80	0.1500000
NODE_1508_length_1866_cov_53.869270	1278	1358	12	21	80	0.2625000
NODE_1508_length_1866_cov_53.869270	1278	1358	13	4	80	0.0500000
NODE_1508_length_1866_cov_53.869270	1278	1358	14	7	80	0.0875000
NODE_1508_length_1866_cov_53.869270	1278	1358	16	15	80	0.1875000
NODE_1508_length_1866_cov_53.869270	1278	1358	18	19	80	0.2375000
NODE_1508_length_1866_cov_53.869270	1331	1411	6	3	80	0.0375000
NODE_1508_length_1866_cov_53.869270	1331	1411	8	1	80	0.0125000
NODE_1508_length_1866_cov_53.869270	1331	1411	12	44	80	0.5500000
NODE_1508_length_1866_cov_53.869270	1331	1411	14	12	80	0.1500000
NODE_1508_length_1866_cov_53.869270	1331	1411	16	11	80	0.1375000
NODE_1508_length_1866_cov_53.869270	1331	1411	18	9	80	0.1125000
NODE_1510_length_1866_cov_3.347482	888	966	0	78	78	1.0000000
NODE_1510_length_1866_cov_3.347482	939	1019	0	80	80	1.0000000
NODE_1513_length_1863_cov_11.265306	698	778	8	6	80	0.0750000
NODE_1513_length_1863_cov_11.265306	698	778	10	47	80	0.5875000
NODE_1513_length_1863_cov_11.265306	698	778	12	7	80	0.0875000
NODE_1513_length_1863_cov_11.265306	698	778	13	4	80	0.0500000
NODE_1513_length_1863_cov_11.265306	698	778	17	4	80	0.0500000
NODE_1513_length_1863_cov_11.265306	698	778	18	7	80	0.0875000
NODE_1513_length_1863_cov_11.265306	698	778	19	5	80	0.0625000
NODE_1513_length_1863_cov_11.265306	751	831	10	33	80	0.4125000
NODE_1513_length_1863_cov_11.265306	751	831	12	24	80	0.3000000
NODE_1513_length_1863_cov_11.265306	751	831	13	4	80	0.0500000
NODE_1513_length_1863_cov_11.265306	751	831	17	4	80	0.0500000
NODE_1513_length_1863_cov_11.265306	751	831	18	10	80	0.1250000
NODE_1513_length_1863_cov_11.265306	751	831	19	5	80	0.0625000
NODE_1518_length_1858_cov_19.019329	23	85	0	11	62	0.1774193
NODE_1518_length_1858_cov_19.019329	23	85	4	51	62	0.8225806
NODE_1518_length_1858_cov_19.019329	1125	1205	0	29	80	0.3625000
NODE_1518_length_1858_cov_19.019329	1125	1205	2	33	80	0.4125000
NODE_1518_length_1858_cov_19.019329	1125	1205	4	18	80	0.2250000
NODE_1518_length_1858_cov_19.019329	1178	1256	0	78	78	1.0000000
NODE_1518_length_1858_cov_19.019329	1387	1464	0	8	77	0.1038961
NODE_1518_length_1858_cov_19.019329	1387	1464	2	29	77	0.3766234
NODE_1518_length_1858_cov_19.019329	1387	1464	4	5	77	0.0649351
NODE_1518_length_1858_cov_19.019329	1387	1464	6	17	77	0.2207792
NODE_1518_length_1858_cov_19.019329	1387	1464	8	18	77	0.2337662
NODE_1518_length_1858_cov_19.019329	1440	1503	2	2	63	0.0317460
NODE_1518_length_1858_cov_19.019329	1440	1503	6	43	63	0.6825397
NODE_1518_length_1858_cov_19.019329	1440	1503	8	18	63	0.2857143
NODE_1519_length_1857_cov_18.402730	1282	1348	4	66	66	1.0000000
NODE_1519_length_1857_cov_18.402730	1321	1401	0	42	80	0.5250000
NODE_1519_length_1857_cov_18.402730	1321	1401	2	11	80	0.1375000
NODE_1519_length_1857_cov_18.402730	1321	1401	4	27	80	0.3375000
NODE_1519_length_1857_cov_18.402730	1397	1477	0	80	80	1.0000000
NODE_1519_length_1857_cov_18.402730	1450	1530	0	80	80	1.0000000
NODE_1531_length_1845_cov_12.653494	473	553	2	5	80	0.0625000
NODE_1531_length_1845_cov_12.653494	473	553	4	47	80	0.5875000
NODE_1531_length_1845_cov_12.653494	473	553	6	28	80	0.3500000
NODE_1531_length_1845_cov_12.653494	526	606	0	8	80	0.1000000
NODE_1531_length_1845_cov_12.653494	526	606	4	72	80	0.9000000
NODE_1546_length_1833_cov_31.337947	810	888	0	2	78	0.0256410
NODE_1546_length_1833_cov_31.337947	810	888	6	4	78	0.0512821
NODE_1546_length_1833_cov_31.337947	810	888	8	1	78	0.0128205
NODE_1546_length_1833_cov_31.337947	810	888	10	7	78	0.0897436
NODE_1546_length_1833_cov_31.337947	810	888	13	54	78	0.6923077
NODE_1546_length_1833_cov_31.337947	810	888	15	10	78	0.1282051
NODE_1546_length_1833_cov_31.337947	861	941	13	17	80	0.2125000
NODE_1546_length_1833_cov_31.337947	861	941	14	9	80	0.1125000
NODE_1546_length_1833_cov_31.337947	861	941	15	12	80	0.1500000
NODE_1546_length_1833_cov_31.337947	861	941	17	34	80	0.4250000
NODE_1546_length_1833_cov_31.337947	861	941	18	5	80	0.0625000
NODE_1546_length_1833_cov_31.337947	861	941	19	3	80	0.0375000
NODE_1546_length_1833_cov_31.337947	937	1017	10	17	80	0.2125000
NODE_1546_length_1833_cov_31.337947	937	1017	11	1	80	0.0125000
NODE_1546_length_1833_cov_31.337947	937	1017	12	34	80	0.4250000
NODE_1546_length_1833_cov_31.337947	937	1017	14	11	80	0.1375000
NODE_1546_length_1833_cov_31.337947	937	1017	16	8	80	0.1000000
NODE_1546_length_1833_cov_31.337947	937	1017	17	6	80	0.0750000
NODE_1546_length_1833_cov_31.337947	937	1017	18	3	80	0.0375000
NODE_1546_length_1833_cov_31.337947	990	1070	10	21	80	0.2625000
NODE_1546_length_1833_cov_31.337947	990	1070	12	32	80	0.4000000
NODE_1546_length_1833_cov_31.337947	990	1070	14	19	80	0.2375000
NODE_1546_length_1833_cov_31.337947	990	1070	16	8	80	0.1000000
NODE_1550_length_1831_cov_3.065820	112	154	0	1	42	0.0238095
NODE_1550_length_1831_cov_3.065820	112	154	3	2	42	0.0476190
NODE_1550_length_1831_cov_3.065820	112	154	5	26	42	0.6190476
NODE_1550_length_1831_cov_3.065820	112	154	7	1	42	0.0238095
NODE_1550_length_1831_cov_3.065820	112	154	9	12	42	0.2857143
NODE_1553_length_1830_cov_2.512998	123	203	0	19	80	0.2375000
NODE_1553_length_1830_cov_2.512998	123	203	2	12	80	0.1500000
NODE_1553_length_1830_cov_2.512998	123	203	4	49	80	0.6125000
NODE_1553_length_1830_cov_2.512998	176	256	0	15	80	0.1875000
NODE_1553_length_1830_cov_2.512998	176	256	2	5	80	0.0625000
NODE_1553_length_1830_cov_2.512998	176	256	4	60	80	0.7500000
NODE_1553_length_1830_cov_2.512998	308	357	0	49	49	1.0000000
NODE_1554_length_1828_cov_40.437825	789	869	0	80	80	1.0000000
NODE_1554_length_1828_cov_40.437825	842	922	0	80	80	1.0000000
NODE_1554_length_1828_cov_40.437825	918	998	0	18	80	0.2250000
NODE_1554_length_1828_cov_40.437825	918	998	2	20	80	0.2500000
NODE_1554_length_1828_cov_40.437825	918	998	6	1	80	0.0125000
NODE_1554_length_1828_cov_40.437825	918	998	10	30	80	0.3750000
NODE_1554_length_1828_cov_40.437825	918	998	11	10	80	0.1250000
NODE_1554_length_1828_cov_40.437825	918	998	12	1	80	0.0125000
NODE_1554_length_1828_cov_40.437825	971	1051	10	16	80	0.2000000
NODE_1554_length_1828_cov_40.437825	971	1051	11	10	80	0.1250000
NODE_1554_length_1828_cov_40.437825	971	1051	12	14	80	0.1750000
NODE_1554_length_1828_cov_40.437825	971	1051	13	7	80	0.0875000
NODE_1554_length_1828_cov_40.437825	971	1051	14	33	80	0.4125000
NODE_1559_length_1825_cov_6.652955	641	689	0	12	48	0.2500000
NODE_1559_length_1825_cov_6.652955	641	689	6	22	48	0.4583333
NODE_1559_length_1825_cov_6.652955	641	689	8	14	48	0.2916667
NODE_1559_length_1825_cov_6.652955	694	744	6	1	50	0.0200000
NODE_1559_length_1825_cov_6.652955	694	744	9	11	50	0.2200000
NODE_1559_length_1825_cov_6.652955	694	744	10	38	50	0.7600000
NODE_1562_length_1824_cov_10.152464	685	765	4	8	80	0.1000000
NODE_1562_length_1824_cov_10.152464	685	765	6	12	80	0.1500000
NODE_1562_length_1824_cov_10.152464	685	765	7	2	80	0.0250000
NODE_1562_length_1824_cov_10.152464	685	765	10	5	80	0.0625000
NODE_1562_length_1824_cov_10.152464	685	765	12	9	80	0.1125000
NODE_1562_length_1824_cov_10.152464	685	765	13	6	80	0.0750000
NODE_1562_length_1824_cov_10.152464	685	765	15	3	80	0.0375000
NODE_1562_length_1824_cov_10.152464	685	765	16	3	80	0.0375000
NODE_1562_length_1824_cov_10.152464	685	765	17	1	80	0.0125000
NODE_1562_length_1824_cov_10.152464	685	765	19	8	80	0.1000000
NODE_1562_length_1824_cov_10.152464	685	765	20	21	80	0.2625000
NODE_1562_length_1824_cov_10.152464	685	765	21	2	80	0.0250000
NODE_1562_length_1824_cov_10.152464	738	818	16	21	80	0.2625000
NODE_1562_length_1824_cov_10.152464	738	818	18	2	80	0.0250000
NODE_1562_length_1824_cov_10.152464	738	818	19	8	80	0.1000000
NODE_1562_length_1824_cov_10.152464	738	818	20	47	80	0.5875000
NODE_1562_length_1824_cov_10.152464	738	818	21	2	80	0.0250000
NODE_1562_length_1824_cov_10.152464	1412	1433	2	21	21	1.0000000
NODE_1564_length_1821_cov_7.682346	953	1033	3	32	80	0.4000000
NODE_1564_length_1821_cov_7.682346	953	1033	6	48	80	0.6000000
NODE_1564_length_1821_cov_7.682346	1006	1086	3	17	80	0.2125000
NODE_1564_length_1821_cov_7.682346	1006	1086	6	63	80	0.7875000
NODE_1566_length_1820_cov_12.061592	477	557	0	80	80	1.0000000
NODE_1566_length_1820_cov_12.061592	530	610	0	28	80	0.3500000
NODE_1566_length_1820_cov_12.061592	530	610	2	52	80	0.6500000
NODE_1566_length_1820_cov_12.061592	1232	1312	0	58	80	0.7250000
NODE_1566_length_1820_cov_12.061592	1232	1312	2	22	80	0.2750000
NODE_1566_length_1820_cov_12.061592	1285	1365	0	5	80	0.0625000
NODE_1566_length_1820_cov_12.061592	1285	1365	2	75	80	0.9375000
NODE_1572_length_1817_cov_8.302095	63	122	0	19	59	0.3220339
NODE_1572_length_1817_cov_8.302095	63	122	2	8	59	0.1355932
NODE_1572_length_1817_cov_8.302095	63	122	4	5	59	0.0847458
NODE_1572_length_1817_cov_8.302095	63	122	7	1	59	0.0169492
NODE_1572_length_1817_cov_8.302095	63	122	8	13	59	0.2203390
NODE_1572_length_1817_cov_8.302095	63	122	10	13	59	0.2203390
NODE_1572_length_1817_cov_8.302095	1195	1275	4	2	80	0.0250000
NODE_1572_length_1817_cov_8.302095	1195	1275	6	78	80	0.9750000
NODE_1572_length_1817_cov_8.302095	1248	1328	0	34	80	0.4250000
NODE_1572_length_1817_cov_8.302095	1248	1328	2	1	80	0.0125000
NODE_1572_length_1817_cov_8.302095	1248	1328	4	20	80	0.2500000
NODE_1572_length_1817_cov_8.302095	1248	1328	6	25	80	0.3125000
NODE_1573_length_1816_cov_25.489225	1059	1139	0	36	80	0.4500000
NODE_1573_length_1816_cov_25.489225	1059	1139	2	26	80	0.3250000
NODE_1573_length_1816_cov_25.489225	1059	1139	4	18	80	0.2250000
NODE_1573_length_1816_cov_25.489225	1112	1192	2	30	80	0.3750000
NODE_1573_length_1816_cov_25.489225	1112	1192	4	50	80	0.6250000
NODE_1578_length_1812_cov_11.453006	398	427	0	29	29	1.0000000
NODE_1578_length_1812_cov_11.453006	400	480	0	80	80	1.0000000
NODE_1586_length_1807_cov_3.977752	1743	1807	0	28	64	0.4375000
NODE_1586_length_1807_cov_3.977752	1743	1807	2	36	64	0.5625000
NODE_1590_length_1806_cov_2.681312	1461	1541	2	3	80	0.0375000
NODE_1590_length_1806_cov_2.681312	1461	1541	4	13	80	0.1625000
NODE_1590_length_1806_cov_2.681312	1461	1541	6	5	80	0.0625000
NODE_1590_length_1806_cov_2.681312	1461	1541	8	20	80	0.2500000
NODE_1590_length_1806_cov_2.681312	1461	1541	10	3	80	0.0375000
NODE_1590_length_1806_cov_2.681312	1461	1541	11	19	80	0.2375000
NODE_1590_length_1806_cov_2.681312	1461	1541	12	3	80	0.0375000
NODE_1590_length_1806_cov_2.681312	1461	1541	13	14	80	0.1750000
NODE_1590_length_1806_cov_2.681312	1517	1594	2	56	77	0.7272727
NODE_1590_length_1806_cov_2.681312	1517	1594	4	13	77	0.1688312
NODE_1590_length_1806_cov_2.681312	1517	1594	6	5	77	0.0649351
NODE_1590_length_1806_cov_2.681312	1517	1594	8	3	77	0.0389610
NODE_1593_length_1805_cov_10.271395	258	329	12	14	71	0.1971831
NODE_1593_length_1805_cov_10.271395	258	329	13	1	71	0.0140845
NODE_1593_length_1805_cov_10.271395	258	329	15	52	71	0.7323943
NODE_1593_length_1805_cov_10.271395	258	329	16	4	71	0.0563380
NODE_1593_length_1805_cov_10.271395	311	391	2	13	80	0.1625000
NODE_1593_length_1805_cov_10.271395	311	391	7	4	80	0.0500000
NODE_1593_length_1805_cov_10.271395	311	391	9	8	80	0.1000000
NODE_1593_length_1805_cov_10.271395	311	391	10	10	80	0.1250000
NODE_1593_length_1805_cov_10.271395	311	391	15	45	80	0.5625000
NODE_1598_length_1802_cov_11.546682	1284	1364	6	80	80	1.0000000
NODE_1598_length_1802_cov_11.546682	1337	1417	0	13	80	0.1625000
NODE_1598_length_1802_cov_11.546682	1337	1417	3	32	80	0.4000000
NODE_1598_length_1802_cov_11.546682	1337	1417	6	35	80	0.4375000
NODE_1600_length_1801_cov_12.145711	85	165	3	4	80	0.0500000
NODE_1600_length_1801_cov_12.145711	85	165	6	12	80	0.1500000
NODE_1600_length_1801_cov_12.145711	85	165	10	8	80	0.1000000
NODE_1600_length_1801_cov_12.145711	85	165	16	56	80	0.7000000
NODE_1600_length_1801_cov_12.145711	138	218	0	10	80	0.1250000
NODE_1600_length_1801_cov_12.145711	138	218	1	1	80	0.0125000
NODE_1600_length_1801_cov_12.145711	138	218	2	29	80	0.3625000
NODE_1600_length_1801_cov_12.145711	138	218	3	17	80	0.2125000
NODE_1600_length_1801_cov_12.145711	138	218	6	12	80	0.1500000
NODE_1600_length_1801_cov_12.145711	138	218	10	8	80	0.1000000
NODE_1600_length_1801_cov_12.145711	138	218	16	3	80	0.0375000
NODE_1601_length_1801_cov_9.793184	1010	1090	0	65	80	0.8125000
NODE_1601_length_1801_cov_9.793184	1010	1090	4	15	80	0.1875000
NODE_1601_length_1801_cov_9.793184	1063	1143	0	12	80	0.1500000
NODE_1601_length_1801_cov_9.793184	1063	1143	4	68	80	0.8500000
NODE_1604_length_1800_cov_15.074662	695	775	0	36	80	0.4500000
NODE_1604_length_1800_cov_15.074662	695	775	2	5	80	0.0625000
NODE_1604_length_1800_cov_15.074662	695	775	4	39	80	0.4875000
NODE_1604_length_1800_cov_15.074662	755	826	4	71	71	1.0000000
NODE_1605_length_1800_cov_7.281599	10	74	125	2	64	0.0312500
NODE_1605_length_1800_cov_7.281599	10	74	137	2	64	0.0312500
NODE_1605_length_1800_cov_7.281599	10	74	139	1	64	0.0156250
NODE_1605_length_1800_cov_7.281599	10	74	153	1	64	0.0156250
NODE_1605_length_1800_cov_7.281599	10	74	163	1	64	0.0156250
NODE_1605_length_1800_cov_7.281599	10	74	165	2	64	0.0312500
NODE_1605_length_1800_cov_7.281599	10	74	169	2	64	0.0312500
NODE_1605_length_1800_cov_7.281599	10	74	173	1	64	0.0156250
NODE_1605_length_1800_cov_7.281599	10	74	203	1	64	0.0156250
NODE_1605_length_1800_cov_7.281599	10	74	216	2	64	0.0312500
NODE_1605_length_1800_cov_7.281599	10	74	219	4	64	0.0625000
NODE_1605_length_1800_cov_7.281599	10	74	223	2	64	0.0312500
NODE_1605_length_1800_cov_7.281599	10	74	225	2	64	0.0312500
NODE_1605_length_1800_cov_7.281599	10	74	226	1	64	0.0156250
NODE_1605_length_1800_cov_7.281599	10	74	234	1	64	0.0156250
NODE_1605_length_1800_cov_7.281599	10	74	237	1	64	0.0156250
NODE_1605_length_1800_cov_7.281599	10	74	242	1	64	0.0156250
NODE_1605_length_1800_cov_7.281599	10	74	249	1	64	0.0156250
NODE_1605_length_1800_cov_7.281599	10	74	251	1	64	0.0156250
NODE_1605_length_1800_cov_7.281599	10	74	252	1	64	0.0156250
NODE_1605_length_1800_cov_7.281599	10	74	255	1	64	0.0156250
NODE_1605_length_1800_cov_7.281599	10	74	256	1	64	0.0156250
NODE_1605_length_1800_cov_7.281599	10	74	257	1	64	0.0156250
NODE_1605_length_1800_cov_7.281599	10	74	258	1	64	0.0156250
NODE_1605_length_1800_cov_7.281599	10	74	259	6	64	0.0937500
NODE_1605_length_1800_cov_7.281599	10	74	271	2	64	0.0312500
NODE_1605_length_1800_cov_7.281599	10	74	274	2	64	0.0312500
NODE_1605_length_1800_cov_7.281599	10	74	275	1	64	0.0156250
NODE_1605_length_1800_cov_7.281599	10	74	277	1	64	0.0156250
NODE_1605_length_1800_cov_7.281599	10	74	285	1	64	0.0156250
NODE_1605_length_1800_cov_7.281599	10	74	287	1	64	0.0156250
NODE_1605_length_1800_cov_7.281599	10	74	289	6	64	0.0937500
NODE_1605_length_1800_cov_7.281599	10	74	308	1	64	0.0156250
NODE_1605_length_1800_cov_7.281599	10	74	309	2	64	0.0312500
NODE_1605_length_1800_cov_7.281599	10	74	311	7	64	0.1093750
NODE_1605_length_1800_cov_7.281599	10	74	125	2	64	0.0312500
NODE_1605_length_1800_cov_7.281599	10	74	137	2	64	0.0312500
NODE_1605_length_1800_cov_7.281599	10	74	139	1	64	0.0156250
NODE_1605_length_1800_cov_7.281599	10	74	153	1	64	0.0156250
NODE_1605_length_1800_cov_7.281599	10	74	163	1	64	0.0156250
NODE_1605_length_1800_cov_7.281599	10	74	165	2	64	0.0312500
NODE_1605_length_1800_cov_7.281599	10	74	169	2	64	0.0312500
NODE_1605_length_1800_cov_7.281599	10	74	173	1	64	0.0156250
NODE_1605_length_1800_cov_7.281599	10	74	203	1	64	0.0156250
NODE_1605_length_1800_cov_7.281599	10	74	216	2	64	0.0312500
NODE_1605_length_1800_cov_7.281599	10	74	219	4	64	0.0625000
NODE_1605_length_1800_cov_7.281599	10	74	223	2	64	0.0312500
NODE_1605_length_1800_cov_7.281599	10	74	225	2	64	0.0312500
NODE_1605_length_1800_cov_7.281599	10	74	226	1	64	0.0156250
NODE_1605_length_1800_cov_7.281599	10	74	234	1	64	0.0156250
NODE_1605_length_1800_cov_7.281599	10	74	237	1	64	0.0156250
NODE_1605_length_1800_cov_7.281599	10	74	242	1	64	0.0156250
NODE_1605_length_1800_cov_7.281599	10	74	249	1	64	0.0156250
NODE_1605_length_1800_cov_7.281599	10	74	251	1	64	0.0156250
NODE_1605_length_1800_cov_7.281599	10	74	252	1	64	0.0156250
NODE_1605_length_1800_cov_7.281599	10	74	255	1	64	0.0156250
NODE_1605_length_1800_cov_7.281599	10	74	256	1	64	0.0156250
NODE_1605_length_1800_cov_7.281599	10	74	257	1	64	0.0156250
NODE_1605_length_1800_cov_7.281599	10	74	258	1	64	0.0156250
NODE_1605_length_1800_cov_7.281599	10	74	259	6	64	0.0937500
NODE_1605_length_1800_cov_7.281599	10	74	271	2	64	0.0312500
NODE_1605_length_1800_cov_7.281599	10	74	274	2	64	0.0312500
NODE_1605_length_1800_cov_7.281599	10	74	275	1	64	0.0156250
NODE_1605_length_1800_cov_7.281599	10	74	277	1	64	0.0156250
NODE_1605_length_1800_cov_7.281599	10	74	285	1	64	0.0156250
NODE_1605_length_1800_cov_7.281599	10	74	287	1	64	0.0156250
NODE_1605_length_1800_cov_7.281599	10	74	289	6	64	0.0937500
NODE_1605_length_1800_cov_7.281599	10	74	308	1	64	0.0156250
NODE_1605_length_1800_cov_7.281599	10	74	309	2	64	0.0312500
NODE_1605_length_1800_cov_7.281599	10	74	311	7	64	0.1093750
NODE_1605_length_1800_cov_7.281599	10	74	125	2	64	0.0312500
NODE_1605_length_1800_cov_7.281599	10	74	137	2	64	0.0312500
NODE_1605_length_1800_cov_7.281599	10	74	139	1	64	0.0156250
NODE_1605_length_1800_cov_7.281599	10	74	153	1	64	0.0156250
NODE_1605_length_1800_cov_7.281599	10	74	163	1	64	0.0156250
NODE_1605_length_1800_cov_7.281599	10	74	165	2	64	0.0312500
NODE_1605_length_1800_cov_7.281599	10	74	169	2	64	0.0312500
NODE_1605_length_1800_cov_7.281599	10	74	173	1	64	0.0156250
NODE_1605_length_1800_cov_7.281599	10	74	203	1	64	0.0156250
NODE_1605_length_1800_cov_7.281599	10	74	216	2	64	0.0312500
NODE_1605_length_1800_cov_7.281599	10	74	219	4	64	0.0625000
NODE_1605_length_1800_cov_7.281599	10	74	223	2	64	0.0312500
NODE_1605_length_1800_cov_7.281599	10	74	225	2	64	0.0312500
NODE_1605_length_1800_cov_7.281599	10	74	226	1	64	0.0156250
NODE_1605_length_1800_cov_7.281599	10	74	234	1	64	0.0156250
NODE_1605_length_1800_cov_7.281599	10	74	237	1	64	0.0156250
NODE_1605_length_1800_cov_7.281599	10	74	242	1	64	0.0156250
NODE_1605_length_1800_cov_7.281599	10	74	249	1	64	0.0156250
NODE_1605_length_1800_cov_7.281599	10	74	251	1	64	0.0156250
NODE_1605_length_1800_cov_7.281599	10	74	252	1	64	0.0156250
NODE_1605_length_1800_cov_7.281599	10	74	255	1	64	0.0156250
NODE_1605_length_1800_cov_7.281599	10	74	256	1	64	0.0156250
NODE_1605_length_1800_cov_7.281599	10	74	257	1	64	0.0156250
NODE_1605_length_1800_cov_7.281599	10	74	258	1	64	0.0156250
NODE_1605_length_1800_cov_7.281599	10	74	259	6	64	0.0937500
NODE_1605_length_1800_cov_7.281599	10	74	271	2	64	0.0312500
NODE_1605_length_1800_cov_7.281599	10	74	274	2	64	0.0312500
NODE_1605_length_1800_cov_7.281599	10	74	275	1	64	0.0156250
NODE_1605_length_1800_cov_7.281599	10	74	277	1	64	0.0156250
NODE_1605_length_1800_cov_7.281599	10	74	285	1	64	0.0156250
NODE_1605_length_1800_cov_7.281599	10	74	287	1	64	0.0156250
NODE_1605_length_1800_cov_7.281599	10	74	289	6	64	0.0937500
NODE_1605_length_1800_cov_7.281599	10	74	308	1	64	0.0156250
NODE_1605_length_1800_cov_7.281599	10	74	309	2	64	0.0312500
NODE_1605_length_1800_cov_7.281599	10	74	311	7	64	0.1093750
NODE_1605_length_1800_cov_7.281599	47	127	259	3	80	0.0375000
NODE_1605_length_1800_cov_7.281599	47	127	262	1	80	0.0125000
NODE_1605_length_1800_cov_7.281599	47	127	268	3	80	0.0375000
NODE_1605_length_1800_cov_7.281599	47	127	271	2	80	0.0250000
NODE_1605_length_1800_cov_7.281599	47	127	274	6	80	0.0750000
NODE_1605_length_1800_cov_7.281599	47	127	275	1	80	0.0125000
NODE_1605_length_1800_cov_7.281599	47	127	277	1	80	0.0125000
NODE_1605_length_1800_cov_7.281599	47	127	278	1	80	0.0125000
NODE_1605_length_1800_cov_7.281599	47	127	282	1	80	0.0125000
NODE_1605_length_1800_cov_7.281599	47	127	285	1	80	0.0125000
NODE_1605_length_1800_cov_7.281599	47	127	287	1	80	0.0125000
NODE_1605_length_1800_cov_7.281599	47	127	289	6	80	0.0750000
NODE_1605_length_1800_cov_7.281599	47	127	290	1	80	0.0125000
NODE_1605_length_1800_cov_7.281599	47	127	296	1	80	0.0125000
NODE_1605_length_1800_cov_7.281599	47	127	308	1	80	0.0125000
NODE_1605_length_1800_cov_7.281599	47	127	309	2	80	0.0250000
NODE_1605_length_1800_cov_7.281599	47	127	311	9	80	0.1125000
NODE_1605_length_1800_cov_7.281599	47	127	312	3	80	0.0375000
NODE_1605_length_1800_cov_7.281599	47	127	313	4	80	0.0500000
NODE_1605_length_1800_cov_7.281599	47	127	317	3	80	0.0375000
NODE_1605_length_1800_cov_7.281599	47	127	318	8	80	0.1000000
NODE_1605_length_1800_cov_7.281599	47	127	319	9	80	0.1125000
NODE_1605_length_1800_cov_7.281599	47	127	320	12	80	0.1500000
NODE_1605_length_1800_cov_7.281599	63	126	268	3	63	0.0476190
NODE_1605_length_1800_cov_7.281599	63	126	274	4	63	0.0634921
NODE_1605_length_1800_cov_7.281599	63	126	278	1	63	0.0158730
NODE_1605_length_1800_cov_7.281599	63	126	282	1	63	0.0158730
NODE_1605_length_1800_cov_7.281599	63	126	289	1	63	0.0158730
NODE_1605_length_1800_cov_7.281599	63	126	290	1	63	0.0158730
NODE_1605_length_1800_cov_7.281599	63	126	296	1	63	0.0158730
NODE_1605_length_1800_cov_7.281599	63	126	308	1	63	0.0158730
NODE_1605_length_1800_cov_7.281599	63	126	309	2	63	0.0317460
NODE_1605_length_1800_cov_7.281599	63	126	311	9	63	0.1428571
NODE_1605_length_1800_cov_7.281599	63	126	312	3	63	0.0476190
NODE_1605_length_1800_cov_7.281599	63	126	313	4	63	0.0634921
NODE_1605_length_1800_cov_7.281599	63	126	317	3	63	0.0476190
NODE_1605_length_1800_cov_7.281599	63	126	318	8	63	0.1269841
NODE_1605_length_1800_cov_7.281599	63	126	319	9	63	0.1428571
NODE_1605_length_1800_cov_7.281599	63	126	320	12	63	0.1904762
NODE_1616_length_1793_cov_16.161157	539	619	0	80	80	1.0000000
NODE_1616_length_1793_cov_16.161157	592	672	0	80	80	1.0000000
NODE_1616_length_1793_cov_16.161157	1202	1281	0	7	79	0.0886076
NODE_1616_length_1793_cov_16.161157	1202	1281	6	28	79	0.3544304
NODE_1616_length_1793_cov_16.161157	1202	1281	10	44	79	0.5569620
NODE_1616_length_1793_cov_16.161157	1254	1335	0	2	81	0.0246914
NODE_1616_length_1793_cov_16.161157	1254	1335	4	5	81	0.0617284
NODE_1616_length_1793_cov_16.161157	1254	1335	10	74	81	0.9135802
NODE_1617_length_1793_cov_14.322904	521	601	0	19	80	0.2375000
NODE_1617_length_1793_cov_14.322904	521	601	2	61	80	0.7625000
NODE_1617_length_1793_cov_14.322904	574	654	0	30	80	0.3750000
NODE_1617_length_1793_cov_14.322904	574	654	2	50	80	0.6250000
NODE_1617_length_1793_cov_14.322904	1230	1310	0	80	80	1.0000000
NODE_1618_length_1791_cov_5.516548	1190	1261	11	1	71	0.0140845
NODE_1618_length_1791_cov_5.516548	1190	1261	12	25	71	0.3521127
NODE_1618_length_1791_cov_5.516548	1190	1261	13	7	71	0.0985916
NODE_1618_length_1791_cov_5.516548	1190	1261	15	38	71	0.5352113
NODE_1621_length_1790_cov_4.282082	684	764	0	77	80	0.9625000
NODE_1621_length_1790_cov_4.282082	684	764	2	3	80	0.0375000
NODE_1621_length_1790_cov_4.282082	737	817	0	24	80	0.3000000
NODE_1621_length_1790_cov_4.282082	737	817	2	56	80	0.7000000
NODE_1623_length_1788_cov_39.558911	385	465	4	10	80	0.1250000
NODE_1623_length_1788_cov_39.558911	385	465	7	2	80	0.0250000
NODE_1623_length_1788_cov_39.558911	385	465	8	26	80	0.3250000
NODE_1623_length_1788_cov_39.558911	385	465	9	42	80	0.5250000
NODE_1623_length_1788_cov_39.558911	438	518	7	41	80	0.5125000
NODE_1623_length_1788_cov_39.558911	438	518	8	10	80	0.1250000
NODE_1623_length_1788_cov_39.558911	438	518	9	29	80	0.3625000
NODE_1623_length_1788_cov_39.558911	514	594	7	4	80	0.0500000
NODE_1623_length_1788_cov_39.558911	514	594	8	10	80	0.1250000
NODE_1623_length_1788_cov_39.558911	514	594	10	9	80	0.1125000
NODE_1623_length_1788_cov_39.558911	514	594	11	3	80	0.0375000
NODE_1623_length_1788_cov_39.558911	514	594	12	17	80	0.2125000
NODE_1623_length_1788_cov_39.558911	514	594	15	22	80	0.2750000
NODE_1623_length_1788_cov_39.558911	514	594	20	15	80	0.1875000
NODE_1623_length_1788_cov_39.558911	567	647	13	3	80	0.0375000
NODE_1623_length_1788_cov_39.558911	567	647	15	12	80	0.1500000
NODE_1623_length_1788_cov_39.558911	567	647	16	8	80	0.1000000
NODE_1623_length_1788_cov_39.558911	567	647	17	7	80	0.0875000
NODE_1623_length_1788_cov_39.558911	567	647	18	31	80	0.3875000
NODE_1623_length_1788_cov_39.558911	567	647	20	19	80	0.2375000
NODE_1624_length_1787_cov_44.927133	530	610	26	7	80	0.0875000
NODE_1624_length_1787_cov_44.927133	530	610	28	14	80	0.1750000
NODE_1624_length_1787_cov_44.927133	530	610	30	10	80	0.1250000
NODE_1624_length_1787_cov_44.927133	530	610	32	1	80	0.0125000
NODE_1624_length_1787_cov_44.927133	530	610	36	1	80	0.0125000
NODE_1624_length_1787_cov_44.927133	530	610	38	1	80	0.0125000
NODE_1624_length_1787_cov_44.927133	530	610	42	1	80	0.0125000
NODE_1624_length_1787_cov_44.927133	530	610	52	3	80	0.0375000
NODE_1624_length_1787_cov_44.927133	530	610	63	1	80	0.0125000
NODE_1624_length_1787_cov_44.927133	530	610	65	2	80	0.0250000
NODE_1624_length_1787_cov_44.927133	530	610	67	3	80	0.0375000
NODE_1624_length_1787_cov_44.927133	530	610	68	1	80	0.0125000
NODE_1624_length_1787_cov_44.927133	530	610	72	1	80	0.0125000
NODE_1624_length_1787_cov_44.927133	530	610	74	3	80	0.0375000
NODE_1624_length_1787_cov_44.927133	530	610	76	9	80	0.1125000
NODE_1624_length_1787_cov_44.927133	530	610	77	4	80	0.0500000
NODE_1624_length_1787_cov_44.927133	530	610	81	1	80	0.0125000
NODE_1624_length_1787_cov_44.927133	530	610	83	5	80	0.0625000
NODE_1624_length_1787_cov_44.927133	530	610	85	2	80	0.0250000
NODE_1624_length_1787_cov_44.927133	530	610	87	2	80	0.0250000
NODE_1624_length_1787_cov_44.927133	530	610	89	4	80	0.0500000
NODE_1624_length_1787_cov_44.927133	530	610	91	4	80	0.0500000
NODE_1625_length_1787_cov_2.752370	675	755	0	80	80	1.0000000
NODE_1625_length_1787_cov_2.752370	728	806	0	78	78	1.0000000
NODE_1626_length_1786_cov_13.459395	523	603	0	23	80	0.2875000
NODE_1626_length_1786_cov_13.459395	523	603	2	7	80	0.0875000
NODE_1626_length_1786_cov_13.459395	523	603	6	6	80	0.0750000
NODE_1626_length_1786_cov_13.459395	523	603	8	44	80	0.5500000
NODE_1626_length_1786_cov_13.459395	576	656	4	24	80	0.3000000
NODE_1626_length_1786_cov_13.459395	576	656	8	42	80	0.5250000
NODE_1626_length_1786_cov_13.459395	576	656	10	14	80	0.1750000
NODE_1633_length_1784_cov_40.769733	358	438	4	50	80	0.6250000
NODE_1633_length_1784_cov_40.769733	358	438	6	30	80	0.3750000
NODE_1633_length_1784_cov_40.769733	411	491	2	49	80	0.6125000
NODE_1633_length_1784_cov_40.769733	411	491	4	6	80	0.0750000
NODE_1633_length_1784_cov_40.769733	411	491	6	25	80	0.3125000
NODE_1633_length_1784_cov_40.769733	1057	1137	0	57	80	0.7125000
NODE_1633_length_1784_cov_40.769733	1057	1137	1	12	80	0.1500000
NODE_1633_length_1784_cov_40.769733	1057	1137	2	11	80	0.1375000
NODE_1633_length_1784_cov_40.769733	1110	1190	0	4	80	0.0500000
NODE_1633_length_1784_cov_40.769733	1110	1190	1	12	80	0.1500000
NODE_1633_length_1784_cov_40.769733	1110	1190	2	64	80	0.8000000
NODE_1633_length_1784_cov_40.769733	1186	1266	2	29	80	0.3625000
NODE_1633_length_1784_cov_40.769733	1186	1266	10	4	80	0.0500000
NODE_1633_length_1784_cov_40.769733	1186	1266	17	1	80	0.0125000
NODE_1633_length_1784_cov_40.769733	1186	1266	18	44	80	0.5500000
NODE_1633_length_1784_cov_40.769733	1186	1266	21	2	80	0.0250000
NODE_1633_length_1784_cov_40.769733	1239	1319	18	25	80	0.3125000
NODE_1633_length_1784_cov_40.769733	1239	1319	20	43	80	0.5375000
NODE_1633_length_1784_cov_40.769733	1239	1319	21	12	80	0.1500000
NODE_1634_length_1784_cov_6.049258	1646	1725	0	16	79	0.2025317
NODE_1634_length_1784_cov_6.049258	1646	1725	2	63	79	0.7974684
NODE_1637_length_1783_cov_45.569477	600	680	30	3	80	0.0375000
NODE_1637_length_1783_cov_45.569477	600	680	32	5	80	0.0625000
NODE_1637_length_1783_cov_45.569477	600	680	38	6	80	0.0750000
NODE_1637_length_1783_cov_45.569477	600	680	40	4	80	0.0500000
NODE_1637_length_1783_cov_45.569477	600	680	50	14	80	0.1750000
NODE_1637_length_1783_cov_45.569477	600	680	52	2	80	0.0250000
NODE_1637_length_1783_cov_45.569477	600	680	56	8	80	0.1000000
NODE_1637_length_1783_cov_45.569477	600	680	58	24	80	0.3000000
NODE_1637_length_1783_cov_45.569477	600	680	60	7	80	0.0875000
NODE_1637_length_1783_cov_45.569477	600	680	61	2	80	0.0250000
NODE_1637_length_1783_cov_45.569477	600	680	62	5	80	0.0625000
NODE_1637_length_1783_cov_45.569477	653	733	46	1	80	0.0125000
NODE_1637_length_1783_cov_45.569477	653	733	48	1	80	0.0125000
NODE_1637_length_1783_cov_45.569477	653	733	49	13	80	0.1625000
NODE_1637_length_1783_cov_45.569477	653	733	50	12	80	0.1500000
NODE_1637_length_1783_cov_45.569477	653	733	52	3	80	0.0375000
NODE_1637_length_1783_cov_45.569477	653	733	53	2	80	0.0250000
NODE_1637_length_1783_cov_45.569477	653	733	54	11	80	0.1375000
NODE_1637_length_1783_cov_45.569477	653	733	58	17	80	0.2125000
NODE_1637_length_1783_cov_45.569477	653	733	60	7	80	0.0875000
NODE_1637_length_1783_cov_45.569477	653	733	61	2	80	0.0250000
NODE_1637_length_1783_cov_45.569477	653	733	62	10	80	0.1250000
NODE_1637_length_1783_cov_45.569477	653	733	64	1	80	0.0125000
NODE_1640_length_1780_cov_21.089233	361	441	4	2	80	0.0250000
NODE_1640_length_1780_cov_21.089233	361	441	6	39	80	0.4875000
NODE_1640_length_1780_cov_21.089233	361	441	8	18	80	0.2250000
NODE_1640_length_1780_cov_21.089233	361	441	10	21	80	0.2625000
NODE_1640_length_1780_cov_21.089233	414	494	4	31	80	0.3875000
NODE_1640_length_1780_cov_21.089233	414	494	6	24	80	0.3000000
NODE_1640_length_1780_cov_21.089233	414	494	8	4	80	0.0500000
NODE_1640_length_1780_cov_21.089233	414	494	10	21	80	0.2625000
NODE_1640_length_1780_cov_21.089233	1031	1104	8	1	73	0.0136986
NODE_1640_length_1780_cov_21.089233	1031	1104	12	1	73	0.0136986
NODE_1640_length_1780_cov_21.089233	1031	1104	14	4	73	0.0547945
NODE_1640_length_1780_cov_21.089233	1031	1104	16	4	73	0.0547945
NODE_1640_length_1780_cov_21.089233	1031	1104	17	4	73	0.0547945
NODE_1640_length_1780_cov_21.089233	1031	1104	18	4	73	0.0547945
NODE_1640_length_1780_cov_21.089233	1031	1104	20	3	73	0.0410959
NODE_1640_length_1780_cov_21.089233	1031	1104	22	5	73	0.0684932
NODE_1640_length_1780_cov_21.089233	1031	1104	26	8	73	0.1095890
NODE_1640_length_1780_cov_21.089233	1031	1104	28	4	73	0.0547945
NODE_1640_length_1780_cov_21.089233	1031	1104	29	8	73	0.1095890
NODE_1640_length_1780_cov_21.089233	1031	1104	32	15	73	0.2054795
NODE_1640_length_1780_cov_21.089233	1031	1104	34	12	73	0.1643836
NODE_1640_length_1780_cov_21.089233	1071	1112	29	6	41	0.1463415
NODE_1640_length_1780_cov_21.089233	1071	1112	32	15	41	0.3658537
NODE_1640_length_1780_cov_21.089233	1071	1112	34	20	41	0.4878049
NODE_1641_length_1780_cov_7.837597	1682	1747	0	65	65	1.0000000
NODE_1649_length_1778_cov_52.804050	1528	1568	0	7	40	0.1750000
NODE_1649_length_1778_cov_52.804050	1528	1568	4	3	40	0.0750000
NODE_1649_length_1778_cov_52.804050	1528	1568	12	1	40	0.0250000
NODE_1649_length_1778_cov_52.804050	1528	1568	14	2	40	0.0500000
NODE_1649_length_1778_cov_52.804050	1528	1568	20	2	40	0.0500000
NODE_1649_length_1778_cov_52.804050	1528	1568	24	1	40	0.0250000
NODE_1649_length_1778_cov_52.804050	1528	1568	32	11	40	0.2750000
NODE_1649_length_1778_cov_52.804050	1528	1568	38	3	40	0.0750000
NODE_1649_length_1778_cov_52.804050	1528	1568	42	10	40	0.2500000
NODE_1649_length_1778_cov_52.804050	1541	1621	20	2	80	0.0250000
NODE_1649_length_1778_cov_52.804050	1541	1621	24	1	80	0.0125000
NODE_1649_length_1778_cov_52.804050	1541	1621	32	11	80	0.1375000
NODE_1649_length_1778_cov_52.804050	1541	1621	38	3	80	0.0375000
NODE_1649_length_1778_cov_52.804050	1541	1621	42	10	80	0.1250000
NODE_1649_length_1778_cov_52.804050	1541	1621	44	1	80	0.0125000
NODE_1649_length_1778_cov_52.804050	1541	1621	46	2	80	0.0250000
NODE_1649_length_1778_cov_52.804050	1541	1621	48	21	80	0.2625000
NODE_1649_length_1778_cov_52.804050	1541	1621	52	28	80	0.3500000
NODE_1649_length_1778_cov_52.804050	1541	1621	53	1	80	0.0125000
NODE_1649_length_1778_cov_52.804050	1541	1621	20	2	80	0.0250000
NODE_1649_length_1778_cov_52.804050	1541	1621	24	1	80	0.0125000
NODE_1649_length_1778_cov_52.804050	1541	1621	32	11	80	0.1375000
NODE_1649_length_1778_cov_52.804050	1541	1621	38	3	80	0.0375000
NODE_1649_length_1778_cov_52.804050	1541	1621	42	10	80	0.1250000
NODE_1649_length_1778_cov_52.804050	1541	1621	44	1	80	0.0125000
NODE_1649_length_1778_cov_52.804050	1541	1621	46	2	80	0.0250000
NODE_1649_length_1778_cov_52.804050	1541	1621	48	21	80	0.2625000
NODE_1649_length_1778_cov_52.804050	1541	1621	52	28	80	0.3500000
NODE_1649_length_1778_cov_52.804050	1541	1621	53	1	80	0.0125000
NODE_1649_length_1778_cov_52.804050	1541	1621	20	2	80	0.0250000
NODE_1649_length_1778_cov_52.804050	1541	1621	24	1	80	0.0125000
NODE_1649_length_1778_cov_52.804050	1541	1621	32	11	80	0.1375000
NODE_1649_length_1778_cov_52.804050	1541	1621	38	3	80	0.0375000
NODE_1649_length_1778_cov_52.804050	1541	1621	42	10	80	0.1250000
NODE_1649_length_1778_cov_52.804050	1541	1621	44	1	80	0.0125000
NODE_1649_length_1778_cov_52.804050	1541	1621	46	2	80	0.0250000
NODE_1649_length_1778_cov_52.804050	1541	1621	48	21	80	0.2625000
NODE_1649_length_1778_cov_52.804050	1541	1621	52	28	80	0.3500000
NODE_1649_length_1778_cov_52.804050	1541	1621	53	1	80	0.0125000
NODE_1649_length_1778_cov_52.804050	1541	1621	20	2	80	0.0250000
NODE_1649_length_1778_cov_52.804050	1541	1621	24	1	80	0.0125000
NODE_1649_length_1778_cov_52.804050	1541	1621	32	11	80	0.1375000
NODE_1649_length_1778_cov_52.804050	1541	1621	38	3	80	0.0375000
NODE_1649_length_1778_cov_52.804050	1541	1621	42	10	80	0.1250000
NODE_1649_length_1778_cov_52.804050	1541	1621	44	1	80	0.0125000
NODE_1649_length_1778_cov_52.804050	1541	1621	46	2	80	0.0250000
NODE_1649_length_1778_cov_52.804050	1541	1621	48	21	80	0.2625000
NODE_1649_length_1778_cov_52.804050	1541	1621	52	28	80	0.3500000
NODE_1649_length_1778_cov_52.804050	1541	1621	53	1	80	0.0125000
NODE_1649_length_1778_cov_52.804050	1541	1621	20	2	80	0.0250000
NODE_1649_length_1778_cov_52.804050	1541	1621	24	1	80	0.0125000
NODE_1649_length_1778_cov_52.804050	1541	1621	32	11	80	0.1375000
NODE_1649_length_1778_cov_52.804050	1541	1621	38	3	80	0.0375000
NODE_1649_length_1778_cov_52.804050	1541	1621	42	10	80	0.1250000
NODE_1649_length_1778_cov_52.804050	1541	1621	44	1	80	0.0125000
NODE_1649_length_1778_cov_52.804050	1541	1621	46	2	80	0.0250000
NODE_1649_length_1778_cov_52.804050	1541	1621	48	21	80	0.2625000
NODE_1649_length_1778_cov_52.804050	1541	1621	52	28	80	0.3500000
NODE_1649_length_1778_cov_52.804050	1541	1621	53	1	80	0.0125000
NODE_1649_length_1778_cov_52.804050	1541	1621	20	2	80	0.0250000
NODE_1649_length_1778_cov_52.804050	1541	1621	24	1	80	0.0125000
NODE_1649_length_1778_cov_52.804050	1541	1621	32	11	80	0.1375000
NODE_1649_length_1778_cov_52.804050	1541	1621	38	3	80	0.0375000
NODE_1649_length_1778_cov_52.804050	1541	1621	42	10	80	0.1250000
NODE_1649_length_1778_cov_52.804050	1541	1621	44	1	80	0.0125000
NODE_1649_length_1778_cov_52.804050	1541	1621	46	2	80	0.0250000
NODE_1649_length_1778_cov_52.804050	1541	1621	48	21	80	0.2625000
NODE_1649_length_1778_cov_52.804050	1541	1621	52	28	80	0.3500000
NODE_1649_length_1778_cov_52.804050	1541	1621	53	1	80	0.0125000
NODE_1649_length_1778_cov_52.804050	1617	1697	52	5	80	0.0625000
NODE_1649_length_1778_cov_52.804050	1617	1697	53	6	80	0.0750000
NODE_1649_length_1778_cov_52.804050	1617	1697	54	9	80	0.1125000
NODE_1649_length_1778_cov_52.804050	1617	1697	56	7	80	0.0875000
NODE_1649_length_1778_cov_52.804050	1617	1697	58	4	80	0.0500000
NODE_1649_length_1778_cov_52.804050	1617	1697	60	1	80	0.0125000
NODE_1649_length_1778_cov_52.804050	1617	1697	62	4	80	0.0500000
NODE_1649_length_1778_cov_52.804050	1617	1697	64	1	80	0.0125000
NODE_1649_length_1778_cov_52.804050	1617	1697	66	1	80	0.0125000
NODE_1649_length_1778_cov_52.804050	1617	1697	68	1	80	0.0125000
NODE_1649_length_1778_cov_52.804050	1617	1697	70	9	80	0.1125000
NODE_1649_length_1778_cov_52.804050	1617	1697	72	4	80	0.0500000
NODE_1649_length_1778_cov_52.804050	1617	1697	76	6	80	0.0750000
NODE_1649_length_1778_cov_52.804050	1617	1697	80	4	80	0.0500000
NODE_1649_length_1778_cov_52.804050	1617	1697	82	4	80	0.0500000
NODE_1649_length_1778_cov_52.804050	1617	1697	84	1	80	0.0125000
NODE_1649_length_1778_cov_52.804050	1617	1697	86	7	80	0.0875000
NODE_1649_length_1778_cov_52.804050	1617	1697	88	6	80	0.0750000
NODE_1649_length_1778_cov_52.804050	1617	1697	52	5	80	0.0625000
NODE_1649_length_1778_cov_52.804050	1617	1697	53	6	80	0.0750000
NODE_1649_length_1778_cov_52.804050	1617	1697	54	9	80	0.1125000
NODE_1649_length_1778_cov_52.804050	1617	1697	56	7	80	0.0875000
NODE_1649_length_1778_cov_52.804050	1617	1697	58	4	80	0.0500000
NODE_1649_length_1778_cov_52.804050	1617	1697	60	1	80	0.0125000
NODE_1649_length_1778_cov_52.804050	1617	1697	62	4	80	0.0500000
NODE_1649_length_1778_cov_52.804050	1617	1697	64	1	80	0.0125000
NODE_1649_length_1778_cov_52.804050	1617	1697	66	1	80	0.0125000
NODE_1649_length_1778_cov_52.804050	1617	1697	68	1	80	0.0125000
NODE_1649_length_1778_cov_52.804050	1617	1697	70	9	80	0.1125000
NODE_1649_length_1778_cov_52.804050	1617	1697	72	4	80	0.0500000
NODE_1649_length_1778_cov_52.804050	1617	1697	76	6	80	0.0750000
NODE_1649_length_1778_cov_52.804050	1617	1697	80	4	80	0.0500000
NODE_1649_length_1778_cov_52.804050	1617	1697	82	4	80	0.0500000
NODE_1649_length_1778_cov_52.804050	1617	1697	84	1	80	0.0125000
NODE_1649_length_1778_cov_52.804050	1617	1697	86	7	80	0.0875000
NODE_1649_length_1778_cov_52.804050	1617	1697	88	6	80	0.0750000
NODE_1649_length_1778_cov_52.804050	1617	1697	52	5	80	0.0625000
NODE_1649_length_1778_cov_52.804050	1617	1697	53	6	80	0.0750000
NODE_1649_length_1778_cov_52.804050	1617	1697	54	9	80	0.1125000
NODE_1649_length_1778_cov_52.804050	1617	1697	56	7	80	0.0875000
NODE_1649_length_1778_cov_52.804050	1617	1697	58	4	80	0.0500000
NODE_1649_length_1778_cov_52.804050	1617	1697	60	1	80	0.0125000
NODE_1649_length_1778_cov_52.804050	1617	1697	62	4	80	0.0500000
NODE_1649_length_1778_cov_52.804050	1617	1697	64	1	80	0.0125000
NODE_1649_length_1778_cov_52.804050	1617	1697	66	1	80	0.0125000
NODE_1649_length_1778_cov_52.804050	1617	1697	68	1	80	0.0125000
NODE_1649_length_1778_cov_52.804050	1617	1697	70	9	80	0.1125000
NODE_1649_length_1778_cov_52.804050	1617	1697	72	4	80	0.0500000
NODE_1649_length_1778_cov_52.804050	1617	1697	76	6	80	0.0750000
NODE_1649_length_1778_cov_52.804050	1617	1697	80	4	80	0.0500000
NODE_1649_length_1778_cov_52.804050	1617	1697	82	4	80	0.0500000
NODE_1649_length_1778_cov_52.804050	1617	1697	84	1	80	0.0125000
NODE_1649_length_1778_cov_52.804050	1617	1697	86	7	80	0.0875000
NODE_1649_length_1778_cov_52.804050	1617	1697	88	6	80	0.0750000
NODE_1649_length_1778_cov_52.804050	1617	1697	52	5	80	0.0625000
NODE_1649_length_1778_cov_52.804050	1617	1697	53	6	80	0.0750000
NODE_1649_length_1778_cov_52.804050	1617	1697	54	9	80	0.1125000
NODE_1649_length_1778_cov_52.804050	1617	1697	56	7	80	0.0875000
NODE_1649_length_1778_cov_52.804050	1617	1697	58	4	80	0.0500000
NODE_1649_length_1778_cov_52.804050	1617	1697	60	1	80	0.0125000
NODE_1649_length_1778_cov_52.804050	1617	1697	62	4	80	0.0500000
NODE_1649_length_1778_cov_52.804050	1617	1697	64	1	80	0.0125000
NODE_1649_length_1778_cov_52.804050	1617	1697	66	1	80	0.0125000
NODE_1649_length_1778_cov_52.804050	1617	1697	68	1	80	0.0125000
NODE_1649_length_1778_cov_52.804050	1617	1697	70	9	80	0.1125000
NODE_1649_length_1778_cov_52.804050	1617	1697	72	4	80	0.0500000
NODE_1649_length_1778_cov_52.804050	1617	1697	76	6	80	0.0750000
NODE_1649_length_1778_cov_52.804050	1617	1697	80	4	80	0.0500000
NODE_1649_length_1778_cov_52.804050	1617	1697	82	4	80	0.0500000
NODE_1649_length_1778_cov_52.804050	1617	1697	84	1	80	0.0125000
NODE_1649_length_1778_cov_52.804050	1617	1697	86	7	80	0.0875000
NODE_1649_length_1778_cov_52.804050	1617	1697	88	6	80	0.0750000
NODE_1649_length_1778_cov_52.804050	1670	1750	30	1	80	0.0125000
NODE_1649_length_1778_cov_52.804050	1670	1750	31	2	80	0.0250000
NODE_1649_length_1778_cov_52.804050	1670	1750	33	4	80	0.0500000
NODE_1649_length_1778_cov_52.804050	1670	1750	39	2	80	0.0250000
NODE_1649_length_1778_cov_52.804050	1670	1750	41	1	80	0.0125000
NODE_1649_length_1778_cov_52.804050	1670	1750	45	7	80	0.0875000
NODE_1649_length_1778_cov_52.804050	1670	1750	46	2	80	0.0250000
NODE_1649_length_1778_cov_52.804050	1670	1750	50	32	80	0.4000000
NODE_1649_length_1778_cov_52.804050	1670	1750	52	4	80	0.0500000
NODE_1649_length_1778_cov_52.804050	1670	1750	54	8	80	0.1000000
NODE_1649_length_1778_cov_52.804050	1670	1750	56	7	80	0.0875000
NODE_1649_length_1778_cov_52.804050	1670	1750	62	3	80	0.0375000
NODE_1649_length_1778_cov_52.804050	1670	1750	64	1	80	0.0125000
NODE_1649_length_1778_cov_52.804050	1670	1750	66	1	80	0.0125000
NODE_1649_length_1778_cov_52.804050	1670	1750	70	5	80	0.0625000
NODE_1649_length_1778_cov_52.804050	1670	1750	30	1	80	0.0125000
NODE_1649_length_1778_cov_52.804050	1670	1750	31	2	80	0.0250000
NODE_1649_length_1778_cov_52.804050	1670	1750	33	4	80	0.0500000
NODE_1649_length_1778_cov_52.804050	1670	1750	39	2	80	0.0250000
NODE_1649_length_1778_cov_52.804050	1670	1750	41	1	80	0.0125000
NODE_1649_length_1778_cov_52.804050	1670	1750	45	7	80	0.0875000
NODE_1649_length_1778_cov_52.804050	1670	1750	46	2	80	0.0250000
NODE_1649_length_1778_cov_52.804050	1670	1750	50	32	80	0.4000000
NODE_1649_length_1778_cov_52.804050	1670	1750	52	4	80	0.0500000
NODE_1649_length_1778_cov_52.804050	1670	1750	54	8	80	0.1000000
NODE_1649_length_1778_cov_52.804050	1670	1750	56	7	80	0.0875000
NODE_1649_length_1778_cov_52.804050	1670	1750	62	3	80	0.0375000
NODE_1649_length_1778_cov_52.804050	1670	1750	64	1	80	0.0125000
NODE_1649_length_1778_cov_52.804050	1670	1750	66	1	80	0.0125000
NODE_1649_length_1778_cov_52.804050	1670	1750	70	5	80	0.0625000
NODE_1649_length_1778_cov_52.804050	1670	1750	30	1	80	0.0125000
NODE_1649_length_1778_cov_52.804050	1670	1750	31	2	80	0.0250000
NODE_1649_length_1778_cov_52.804050	1670	1750	33	4	80	0.0500000
NODE_1649_length_1778_cov_52.804050	1670	1750	39	2	80	0.0250000
NODE_1649_length_1778_cov_52.804050	1670	1750	41	1	80	0.0125000
NODE_1649_length_1778_cov_52.804050	1670	1750	45	7	80	0.0875000
NODE_1649_length_1778_cov_52.804050	1670	1750	46	2	80	0.0250000
NODE_1649_length_1778_cov_52.804050	1670	1750	50	32	80	0.4000000
NODE_1649_length_1778_cov_52.804050	1670	1750	52	4	80	0.0500000
NODE_1649_length_1778_cov_52.804050	1670	1750	54	8	80	0.1000000
NODE_1649_length_1778_cov_52.804050	1670	1750	56	7	80	0.0875000
NODE_1649_length_1778_cov_52.804050	1670	1750	62	3	80	0.0375000
NODE_1649_length_1778_cov_52.804050	1670	1750	64	1	80	0.0125000
NODE_1649_length_1778_cov_52.804050	1670	1750	66	1	80	0.0125000
NODE_1649_length_1778_cov_52.804050	1670	1750	70	5	80	0.0625000
NODE_1649_length_1778_cov_52.804050	1670	1741	41	1	71	0.0140845
NODE_1649_length_1778_cov_52.804050	1670	1741	45	7	71	0.0985916
NODE_1649_length_1778_cov_52.804050	1670	1741	46	2	71	0.0281690
NODE_1649_length_1778_cov_52.804050	1670	1741	50	32	71	0.4507042
NODE_1649_length_1778_cov_52.804050	1670	1741	52	4	71	0.0563380
NODE_1649_length_1778_cov_52.804050	1670	1741	54	8	71	0.1126761
NODE_1649_length_1778_cov_52.804050	1670	1741	56	7	71	0.0985916
NODE_1649_length_1778_cov_52.804050	1670	1741	62	3	71	0.0422535
NODE_1649_length_1778_cov_52.804050	1670	1741	64	1	71	0.0140845
NODE_1649_length_1778_cov_52.804050	1670	1741	66	1	71	0.0140845
NODE_1649_length_1778_cov_52.804050	1670	1741	70	5	71	0.0704225
NODE_1649_length_1778_cov_52.804050	1673	1743	39	2	70	0.0285714
NODE_1649_length_1778_cov_52.804050	1673	1743	41	1	70	0.0142857
NODE_1649_length_1778_cov_52.804050	1673	1743	45	7	70	0.1000000
NODE_1649_length_1778_cov_52.804050	1673	1743	46	2	70	0.0285714
NODE_1649_length_1778_cov_52.804050	1673	1743	50	32	70	0.4571429
NODE_1649_length_1778_cov_52.804050	1673	1743	52	4	70	0.0571429
NODE_1649_length_1778_cov_52.804050	1673	1743	54	8	70	0.1142857
NODE_1649_length_1778_cov_52.804050	1673	1743	56	7	70	0.1000000
NODE_1649_length_1778_cov_52.804050	1673	1743	62	3	70	0.0428571
NODE_1649_length_1778_cov_52.804050	1673	1743	64	1	70	0.0142857
NODE_1649_length_1778_cov_52.804050	1673	1743	66	1	70	0.0142857
NODE_1649_length_1778_cov_52.804050	1673	1743	70	2	70	0.0285714
NODE_1649_length_1778_cov_52.804050	1679	1750	30	1	71	0.0140845
NODE_1649_length_1778_cov_52.804050	1679	1750	31	2	71	0.0281690
NODE_1649_length_1778_cov_52.804050	1679	1750	33	4	71	0.0563380
NODE_1649_length_1778_cov_52.804050	1679	1750	39	2	71	0.0281690
NODE_1649_length_1778_cov_52.804050	1679	1750	41	1	71	0.0140845
NODE_1649_length_1778_cov_52.804050	1679	1750	45	7	71	0.0985916
NODE_1649_length_1778_cov_52.804050	1679	1750	46	2	71	0.0281690
NODE_1649_length_1778_cov_52.804050	1679	1750	50	32	71	0.4507042
NODE_1649_length_1778_cov_52.804050	1679	1750	52	4	71	0.0563380
NODE_1649_length_1778_cov_52.804050	1679	1750	54	8	71	0.1126761
NODE_1649_length_1778_cov_52.804050	1679	1750	56	7	71	0.0985916
NODE_1649_length_1778_cov_52.804050	1679	1750	62	1	71	0.0140845
NODE_1651_length_1776_cov_43.081694	1246	1308	11	30	62	0.4838710
NODE_1651_length_1776_cov_43.081694	1246	1308	13	6	62	0.0967742
NODE_1651_length_1776_cov_43.081694	1246	1308	14	17	62	0.2741936
NODE_1651_length_1776_cov_43.081694	1246	1308	15	9	62	0.1451613
NODE_1651_length_1776_cov_43.081694	1281	1361	0	2	80	0.0250000
NODE_1651_length_1776_cov_43.081694	1281	1361	4	28	80	0.3500000
NODE_1651_length_1776_cov_43.081694	1281	1361	13	29	80	0.3625000
NODE_1651_length_1776_cov_43.081694	1281	1361	14	16	80	0.2000000
NODE_1651_length_1776_cov_43.081694	1281	1361	15	5	80	0.0625000
NODE_1652_length_1776_cov_9.256410	1120	1200	0	80	80	1.0000000
NODE_1652_length_1776_cov_9.256410	1173	1253	0	80	80	1.0000000
NODE_1652_length_1776_cov_9.256410	1249	1329	0	6	80	0.0750000
NODE_1652_length_1776_cov_9.256410	1249	1329	2	32	80	0.4000000
NODE_1652_length_1776_cov_9.256410	1249	1329	4	42	80	0.5250000
NODE_1652_length_1776_cov_9.256410	1302	1382	0	16	80	0.2000000
NODE_1652_length_1776_cov_9.256410	1302	1382	2	29	80	0.3625000
NODE_1652_length_1776_cov_9.256410	1302	1382	4	35	80	0.4375000
NODE_1657_length_1775_cov_54.208234	1103	1167	216	1	64	0.0156250
NODE_1657_length_1775_cov_54.208234	1103	1167	217	1	64	0.0156250
NODE_1657_length_1775_cov_54.208234	1103	1167	218	1	64	0.0156250
NODE_1657_length_1775_cov_54.208234	1103	1167	221	1	64	0.0156250
NODE_1657_length_1775_cov_54.208234	1103	1167	223	3	64	0.0468750
NODE_1657_length_1775_cov_54.208234	1103	1167	225	2	64	0.0312500
NODE_1657_length_1775_cov_54.208234	1103	1167	226	1	64	0.0156250
NODE_1657_length_1775_cov_54.208234	1103	1167	227	2	64	0.0312500
NODE_1657_length_1775_cov_54.208234	1103	1167	232	1	64	0.0156250
NODE_1657_length_1775_cov_54.208234	1103	1167	235	1	64	0.0156250
NODE_1657_length_1775_cov_54.208234	1103	1167	239	2	64	0.0312500
NODE_1657_length_1775_cov_54.208234	1103	1167	249	1	64	0.0156250
NODE_1657_length_1775_cov_54.208234	1103	1167	251	3	64	0.0468750
NODE_1657_length_1775_cov_54.208234	1103	1167	252	6	64	0.0937500
NODE_1657_length_1775_cov_54.208234	1103	1167	253	1	64	0.0156250
NODE_1657_length_1775_cov_54.208234	1103	1167	254	2	64	0.0312500
NODE_1657_length_1775_cov_54.208234	1103	1167	256	1	64	0.0156250
NODE_1657_length_1775_cov_54.208234	1103	1167	258	4	64	0.0625000
NODE_1657_length_1775_cov_54.208234	1103	1167	260	3	64	0.0468750
NODE_1657_length_1775_cov_54.208234	1103	1167	263	3	64	0.0468750
NODE_1657_length_1775_cov_54.208234	1103	1167	264	2	64	0.0312500
NODE_1657_length_1775_cov_54.208234	1103	1167	265	2	64	0.0312500
NODE_1657_length_1775_cov_54.208234	1103	1167	268	2	64	0.0312500
NODE_1657_length_1775_cov_54.208234	1103	1167	272	2	64	0.0312500
NODE_1657_length_1775_cov_54.208234	1103	1167	274	1	64	0.0156250
NODE_1657_length_1775_cov_54.208234	1103	1167	276	1	64	0.0156250
NODE_1657_length_1775_cov_54.208234	1103	1167	278	2	64	0.0312500
NODE_1657_length_1775_cov_54.208234	1103	1167	280	2	64	0.0312500
NODE_1657_length_1775_cov_54.208234	1103	1167	282	4	64	0.0625000
NODE_1657_length_1775_cov_54.208234	1103	1167	284	1	64	0.0156250
NODE_1657_length_1775_cov_54.208234	1103	1167	286	1	64	0.0156250
NODE_1657_length_1775_cov_54.208234	1103	1167	288	3	64	0.0468750
NODE_1657_length_1775_cov_54.208234	1103	1167	289	1	64	0.0156250
NODE_1657_length_1775_cov_54.208234	1103	1167	216	1	64	0.0156250
NODE_1657_length_1775_cov_54.208234	1103	1167	217	1	64	0.0156250
NODE_1657_length_1775_cov_54.208234	1103	1167	218	1	64	0.0156250
NODE_1657_length_1775_cov_54.208234	1103	1167	221	1	64	0.0156250
NODE_1657_length_1775_cov_54.208234	1103	1167	223	3	64	0.0468750
NODE_1657_length_1775_cov_54.208234	1103	1167	225	2	64	0.0312500
NODE_1657_length_1775_cov_54.208234	1103	1167	226	1	64	0.0156250
NODE_1657_length_1775_cov_54.208234	1103	1167	227	2	64	0.0312500
NODE_1657_length_1775_cov_54.208234	1103	1167	232	1	64	0.0156250
NODE_1657_length_1775_cov_54.208234	1103	1167	235	1	64	0.0156250
NODE_1657_length_1775_cov_54.208234	1103	1167	239	2	64	0.0312500
NODE_1657_length_1775_cov_54.208234	1103	1167	249	1	64	0.0156250
NODE_1657_length_1775_cov_54.208234	1103	1167	251	3	64	0.0468750
NODE_1657_length_1775_cov_54.208234	1103	1167	252	6	64	0.0937500
NODE_1657_length_1775_cov_54.208234	1103	1167	253	1	64	0.0156250
NODE_1657_length_1775_cov_54.208234	1103	1167	254	2	64	0.0312500
NODE_1657_length_1775_cov_54.208234	1103	1167	256	1	64	0.0156250
NODE_1657_length_1775_cov_54.208234	1103	1167	258	4	64	0.0625000
NODE_1657_length_1775_cov_54.208234	1103	1167	260	3	64	0.0468750
NODE_1657_length_1775_cov_54.208234	1103	1167	263	3	64	0.0468750
NODE_1657_length_1775_cov_54.208234	1103	1167	264	2	64	0.0312500
NODE_1657_length_1775_cov_54.208234	1103	1167	265	2	64	0.0312500
NODE_1657_length_1775_cov_54.208234	1103	1167	268	2	64	0.0312500
NODE_1657_length_1775_cov_54.208234	1103	1167	272	2	64	0.0312500
NODE_1657_length_1775_cov_54.208234	1103	1167	274	1	64	0.0156250
NODE_1657_length_1775_cov_54.208234	1103	1167	276	1	64	0.0156250
NODE_1657_length_1775_cov_54.208234	1103	1167	278	2	64	0.0312500
NODE_1657_length_1775_cov_54.208234	1103	1167	280	2	64	0.0312500
NODE_1657_length_1775_cov_54.208234	1103	1167	282	4	64	0.0625000
NODE_1657_length_1775_cov_54.208234	1103	1167	284	1	64	0.0156250
NODE_1657_length_1775_cov_54.208234	1103	1167	286	1	64	0.0156250
NODE_1657_length_1775_cov_54.208234	1103	1167	288	3	64	0.0468750
NODE_1657_length_1775_cov_54.208234	1103	1167	289	1	64	0.0156250
NODE_1657_length_1775_cov_54.208234	1140	1200	152	2	60	0.0333333
NODE_1657_length_1775_cov_54.208234	1140	1200	154	6	60	0.1000000
NODE_1657_length_1775_cov_54.208234	1140	1200	158	3	60	0.0500000
NODE_1657_length_1775_cov_54.208234	1140	1200	160	1	60	0.0166667
NODE_1657_length_1775_cov_54.208234	1140	1200	164	2	60	0.0333333
NODE_1657_length_1775_cov_54.208234	1140	1200	166	1	60	0.0166667
NODE_1657_length_1775_cov_54.208234	1140	1200	173	3	60	0.0500000
NODE_1657_length_1775_cov_54.208234	1140	1200	175	1	60	0.0166667
NODE_1657_length_1775_cov_54.208234	1140	1200	184	3	60	0.0500000
NODE_1657_length_1775_cov_54.208234	1140	1200	186	1	60	0.0166667
NODE_1657_length_1775_cov_54.208234	1140	1200	204	2	60	0.0333333
NODE_1657_length_1775_cov_54.208234	1140	1200	206	4	60	0.0666667
NODE_1657_length_1775_cov_54.208234	1140	1200	215	3	60	0.0500000
NODE_1657_length_1775_cov_54.208234	1140	1200	221	1	60	0.0166667
NODE_1657_length_1775_cov_54.208234	1140	1200	232	1	60	0.0166667
NODE_1657_length_1775_cov_54.208234	1140	1200	235	1	60	0.0166667
NODE_1657_length_1775_cov_54.208234	1140	1200	239	2	60	0.0333333
NODE_1657_length_1775_cov_54.208234	1140	1200	249	1	60	0.0166667
NODE_1657_length_1775_cov_54.208234	1140	1200	251	1	60	0.0166667
NODE_1657_length_1775_cov_54.208234	1140	1200	258	1	60	0.0166667
NODE_1657_length_1775_cov_54.208234	1140	1200	263	3	60	0.0500000
NODE_1657_length_1775_cov_54.208234	1140	1200	264	2	60	0.0333333
NODE_1657_length_1775_cov_54.208234	1140	1200	265	2	60	0.0333333
NODE_1657_length_1775_cov_54.208234	1140	1200	268	2	60	0.0333333
NODE_1657_length_1775_cov_54.208234	1140	1200	272	2	60	0.0333333
NODE_1657_length_1775_cov_54.208234	1140	1200	274	1	60	0.0166667
NODE_1657_length_1775_cov_54.208234	1140	1200	276	1	60	0.0166667
NODE_1657_length_1775_cov_54.208234	1140	1200	278	1	60	0.0166667
NODE_1657_length_1775_cov_54.208234	1140	1200	280	2	60	0.0333333
NODE_1657_length_1775_cov_54.208234	1140	1200	288	3	60	0.0500000
NODE_1657_length_1775_cov_54.208234	1140	1200	289	1	60	0.0166667
NODE_1658_length_1775_cov_13.181981	1170	1250	4	2	80	0.0250000
NODE_1658_length_1775_cov_13.181981	1170	1250	6	78	80	0.9750000
NODE_1658_length_1775_cov_13.181981	1223	1303	0	26	80	0.3250000
NODE_1658_length_1775_cov_13.181981	1223	1303	4	20	80	0.2500000
NODE_1658_length_1775_cov_13.181981	1223	1303	6	34	80	0.4250000
NODE_1659_length_1775_cov_4.218974	1304	1384	0	50	80	0.6250000
NODE_1659_length_1775_cov_4.218974	1304	1384	4	30	80	0.3750000
NODE_1659_length_1775_cov_4.218974	1357	1437	4	80	80	1.0000000
NODE_1660_length_1774_cov_48.617313	345	425	4	80	80	1.0000000
NODE_1660_length_1774_cov_48.617313	398	478	0	39	80	0.4875000
NODE_1660_length_1774_cov_48.617313	398	478	4	41	80	0.5125000
NODE_1660_length_1774_cov_48.617313	474	554	0	27	80	0.3375000
NODE_1660_length_1774_cov_48.617313	474	554	2	53	80	0.6625000
NODE_1660_length_1774_cov_48.617313	527	607	2	80	80	1.0000000
NODE_1660_length_1774_cov_48.617313	1027	1107	0	29	80	0.3625000
NODE_1660_length_1774_cov_48.617313	1027	1107	2	51	80	0.6375000
NODE_1660_length_1774_cov_48.617313	1080	1160	0	10	80	0.1250000
NODE_1660_length_1774_cov_48.617313	1080	1160	2	70	80	0.8750000
NODE_1660_length_1774_cov_48.617313	1156	1236	0	12	80	0.1500000
NODE_1660_length_1774_cov_48.617313	1156	1236	2	11	80	0.1375000
NODE_1660_length_1774_cov_48.617313	1156	1236	6	10	80	0.1250000
NODE_1660_length_1774_cov_48.617313	1156	1236	18	17	80	0.2125000
NODE_1660_length_1774_cov_48.617313	1156	1236	20	30	80	0.3750000
NODE_1660_length_1774_cov_48.617313	1209	1289	18	28	80	0.3500000
NODE_1660_length_1774_cov_48.617313	1209	1289	20	52	80	0.6500000
NODE_1662_length_1774_cov_8.011343	1655	1735	0	80	80	1.0000000
NODE_1663_length_1773_cov_5.547192	433	513	0	3	80	0.0375000
NODE_1663_length_1773_cov_5.547192	433	513	2	77	80	0.9625000
NODE_1663_length_1773_cov_5.547192	486	566	0	56	80	0.7000000
NODE_1663_length_1773_cov_5.547192	486	566	2	24	80	0.3000000
NODE_1664_length_1773_cov_3.925329	267	347	0	31	80	0.3875000
NODE_1664_length_1773_cov_3.925329	267	347	4	49	80	0.6125000
NODE_1664_length_1773_cov_3.925329	320	400	4	80	80	1.0000000
NODE_1666_length_1770_cov_9.912029	369	437	0	68	68	1.0000000
NODE_1666_length_1770_cov_9.912029	388	431	0	43	43	1.0000000
NODE_1666_length_1770_cov_9.912029	509	577	0	68	68	1.0000000
NODE_1666_length_1770_cov_9.912029	515	571	0	56	56	1.0000000
NODE_1666_length_1770_cov_9.912029	579	618	0	39	39	1.0000000
NODE_1666_length_1770_cov_9.912029	697	776	0	24	79	0.3037975
NODE_1666_length_1770_cov_9.912029	697	776	2	55	79	0.6962025
NODE_1666_length_1770_cov_9.912029	714	794	0	7	80	0.0875000
NODE_1666_length_1770_cov_9.912029	714	794	2	73	80	0.9125000
NODE_1666_length_1770_cov_9.912029	767	819	2	52	52	1.0000000
NODE_1666_length_1770_cov_9.912029	785	819	2	34	34	1.0000000
NODE_1667_length_1768_cov_9.134811	687	736	20	6	49	0.1224490
NODE_1667_length_1768_cov_9.134811	687	736	22	13	49	0.2653061
NODE_1667_length_1768_cov_9.134811	687	736	24	24	49	0.4897959
NODE_1667_length_1768_cov_9.134811	687	736	26	6	49	0.1224490
NODE_1668_length_1768_cov_6.605153	1207	1287	0	44	80	0.5500000
NODE_1668_length_1768_cov_6.605153	1207	1287	6	36	80	0.4500000
NODE_1668_length_1768_cov_6.605153	1260	1340	6	80	80	1.0000000
NODE_1668_length_1768_cov_6.605153	1336	1416	0	27	80	0.3375000
NODE_1668_length_1768_cov_6.605153	1336	1416	6	53	80	0.6625000
NODE_1668_length_1768_cov_6.605153	1389	1469	0	80	80	1.0000000
NODE_1669_length_1767_cov_5.475420	508	588	1	5	80	0.0625000
NODE_1669_length_1767_cov_5.475420	508	588	2	15	80	0.1875000
NODE_1669_length_1767_cov_5.475420	508	588	3	6	80	0.0750000
NODE_1669_length_1767_cov_5.475420	508	588	5	54	80	0.6750000
NODE_1680_length_1762_cov_18.673482	606	686	0	80	80	1.0000000
NODE_1680_length_1762_cov_18.673482	659	739	0	46	80	0.5750000
NODE_1680_length_1762_cov_18.673482	659	739	2	22	80	0.2750000
NODE_1680_length_1762_cov_18.673482	659	739	3	12	80	0.1500000
NODE_1680_length_1762_cov_18.673482	735	815	3	6	80	0.0750000
NODE_1680_length_1762_cov_18.673482	735	815	4	46	80	0.5750000
NODE_1680_length_1762_cov_18.673482	735	815	6	5	80	0.0625000
NODE_1680_length_1762_cov_18.673482	735	815	7	11	80	0.1375000
NODE_1680_length_1762_cov_18.673482	735	815	8	10	80	0.1250000
NODE_1680_length_1762_cov_18.673482	735	815	9	2	80	0.0250000
NODE_1680_length_1762_cov_18.673482	788	868	6	11	80	0.1375000
NODE_1680_length_1762_cov_18.673482	788	868	7	11	80	0.1375000
NODE_1680_length_1762_cov_18.673482	788	868	8	51	80	0.6375000
NODE_1680_length_1762_cov_18.673482	788	868	9	3	80	0.0375000
NODE_1680_length_1762_cov_18.673482	788	868	10	4	80	0.0500000
NODE_1681_length_1762_cov_6.760072	1033	1113	0	11	80	0.1375000
NODE_1681_length_1762_cov_6.760072	1033	1113	2	25	80	0.3125000
NODE_1681_length_1762_cov_6.760072	1033	1113	4	30	80	0.3750000
NODE_1681_length_1762_cov_6.760072	1033	1113	6	14	80	0.1750000
NODE_1681_length_1762_cov_6.760072	1086	1166	4	13	80	0.1625000
NODE_1681_length_1762_cov_6.760072	1086	1166	6	67	80	0.8375000
NODE_1685_length_1760_cov_8.064419	941	1021	3	6	80	0.0750000
NODE_1685_length_1760_cov_8.064419	941	1021	11	11	80	0.1375000
NODE_1685_length_1760_cov_8.064419	941	1021	15	13	80	0.1625000
NODE_1685_length_1760_cov_8.064419	941	1021	16	26	80	0.3250000
NODE_1685_length_1760_cov_8.064419	941	1021	17	5	80	0.0625000
NODE_1685_length_1760_cov_8.064419	941	1021	18	19	80	0.2375000
NODE_1685_length_1760_cov_8.064419	994	1074	1	2	80	0.0250000
NODE_1685_length_1760_cov_8.064419	994	1074	5	11	80	0.1375000
NODE_1685_length_1760_cov_8.064419	994	1074	12	1	80	0.0125000
NODE_1685_length_1760_cov_8.064419	994	1074	13	1	80	0.0125000
NODE_1685_length_1760_cov_8.064419	994	1074	15	20	80	0.2500000
NODE_1685_length_1760_cov_8.064419	994	1074	16	44	80	0.5500000
NODE_1685_length_1760_cov_8.064419	994	1074	18	1	80	0.0125000
NODE_1692_length_1758_cov_99.869198	599	679	4	5	80	0.0625000
NODE_1692_length_1758_cov_99.869198	599	679	6	12	80	0.1500000
NODE_1692_length_1758_cov_99.869198	599	679	7	1	80	0.0125000
NODE_1692_length_1758_cov_99.869198	599	679	8	35	80	0.4375000
NODE_1692_length_1758_cov_99.869198	599	679	10	15	80	0.1875000
NODE_1692_length_1758_cov_99.869198	599	679	12	7	80	0.0875000
NODE_1692_length_1758_cov_99.869198	599	679	14	5	80	0.0625000
NODE_1692_length_1758_cov_99.869198	652	732	10	15	80	0.1875000
NODE_1692_length_1758_cov_99.869198	652	732	12	7	80	0.0875000
NODE_1692_length_1758_cov_99.869198	652	732	14	9	80	0.1125000
NODE_1692_length_1758_cov_99.869198	652	732	16	6	80	0.0750000
NODE_1692_length_1758_cov_99.869198	652	732	20	6	80	0.0750000
NODE_1692_length_1758_cov_99.869198	652	732	22	6	80	0.0750000
NODE_1692_length_1758_cov_99.869198	652	732	24	8	80	0.1000000
NODE_1692_length_1758_cov_99.869198	652	732	25	2	80	0.0250000
NODE_1692_length_1758_cov_99.869198	652	732	26	8	80	0.1000000
NODE_1692_length_1758_cov_99.869198	652	732	28	5	80	0.0625000
NODE_1692_length_1758_cov_99.869198	652	732	30	1	80	0.0125000
NODE_1692_length_1758_cov_99.869198	652	732	31	7	80	0.0875000
NODE_1692_length_1758_cov_99.869198	728	808	29	4	80	0.0500000
NODE_1692_length_1758_cov_99.869198	728	808	31	20	80	0.2500000
NODE_1692_length_1758_cov_99.869198	728	808	33	3	80	0.0375000
NODE_1692_length_1758_cov_99.869198	728	808	35	4	80	0.0500000
NODE_1692_length_1758_cov_99.869198	728	808	37	2	80	0.0250000
NODE_1692_length_1758_cov_99.869198	728	808	41	5	80	0.0625000
NODE_1692_length_1758_cov_99.869198	728	808	46	9	80	0.1125000
NODE_1692_length_1758_cov_99.869198	728	808	48	6	80	0.0750000
NODE_1692_length_1758_cov_99.869198	728	808	50	9	80	0.1125000
NODE_1692_length_1758_cov_99.869198	728	808	52	14	80	0.1750000
NODE_1692_length_1758_cov_99.869198	728	808	53	4	80	0.0500000
NODE_1692_length_1758_cov_99.869198	781	861	38	4	80	0.0500000
NODE_1692_length_1758_cov_99.869198	781	861	44	10	80	0.1250000
NODE_1692_length_1758_cov_99.869198	781	861	45	10	80	0.1250000
NODE_1692_length_1758_cov_99.869198	781	861	46	27	80	0.3375000
NODE_1692_length_1758_cov_99.869198	781	861	48	2	80	0.0250000
NODE_1692_length_1758_cov_99.869198	781	861	50	2	80	0.0250000
NODE_1692_length_1758_cov_99.869198	781	861	52	14	80	0.1750000
NODE_1692_length_1758_cov_99.869198	781	861	53	10	80	0.1250000
NODE_1692_length_1758_cov_99.869198	781	861	55	1	80	0.0125000
NODE_1693_length_1757_cov_3.126659	49	121	2	72	72	1.0000000
NODE_1696_length_1755_cov_9.938406	231	311	0	80	80	1.0000000
NODE_1696_length_1755_cov_9.938406	284	364	0	80	80	1.0000000
NODE_1698_length_1755_cov_3.614130	171	222	0	51	51	1.0000000
NODE_1699_length_1754_cov_8.523263	0	77	27	4	77	0.0519481
NODE_1699_length_1754_cov_8.523263	0	77	47	2	77	0.0259740
NODE_1699_length_1754_cov_8.523263	0	77	48	1	77	0.0129870
NODE_1699_length_1754_cov_8.523263	0	77	60	8	77	0.1038961
NODE_1699_length_1754_cov_8.523263	0	77	102	1	77	0.0129870
NODE_1699_length_1754_cov_8.523263	0	77	103	4	77	0.0519481
NODE_1699_length_1754_cov_8.523263	0	77	104	4	77	0.0519481
NODE_1699_length_1754_cov_8.523263	0	77	105	6	77	0.0779221
NODE_1699_length_1754_cov_8.523263	0	77	117	12	77	0.1558442
NODE_1699_length_1754_cov_8.523263	0	77	131	17	77	0.2207792
NODE_1699_length_1754_cov_8.523263	0	77	138	1	77	0.0129870
NODE_1699_length_1754_cov_8.523263	0	77	144	1	77	0.0129870
NODE_1699_length_1754_cov_8.523263	0	77	145	16	77	0.2077922
NODE_1699_length_1754_cov_8.523263	0	77	27	4	77	0.0519481
NODE_1699_length_1754_cov_8.523263	0	77	47	2	77	0.0259740
NODE_1699_length_1754_cov_8.523263	0	77	48	1	77	0.0129870
NODE_1699_length_1754_cov_8.523263	0	77	60	8	77	0.1038961
NODE_1699_length_1754_cov_8.523263	0	77	102	1	77	0.0129870
NODE_1699_length_1754_cov_8.523263	0	77	103	4	77	0.0519481
NODE_1699_length_1754_cov_8.523263	0	77	104	4	77	0.0519481
NODE_1699_length_1754_cov_8.523263	0	77	105	6	77	0.0779221
NODE_1699_length_1754_cov_8.523263	0	77	117	12	77	0.1558442
NODE_1699_length_1754_cov_8.523263	0	77	131	17	77	0.2207792
NODE_1699_length_1754_cov_8.523263	0	77	138	1	77	0.0129870
NODE_1699_length_1754_cov_8.523263	0	77	144	1	77	0.0129870
NODE_1699_length_1754_cov_8.523263	0	77	145	16	77	0.2077922
NODE_1699_length_1754_cov_8.523263	0	77	27	4	77	0.0519481
NODE_1699_length_1754_cov_8.523263	0	77	47	2	77	0.0259740
NODE_1699_length_1754_cov_8.523263	0	77	48	1	77	0.0129870
NODE_1699_length_1754_cov_8.523263	0	77	60	8	77	0.1038961
NODE_1699_length_1754_cov_8.523263	0	77	102	1	77	0.0129870
NODE_1699_length_1754_cov_8.523263	0	77	103	4	77	0.0519481
NODE_1699_length_1754_cov_8.523263	0	77	104	4	77	0.0519481
NODE_1699_length_1754_cov_8.523263	0	77	105	6	77	0.0779221
NODE_1699_length_1754_cov_8.523263	0	77	117	12	77	0.1558442
NODE_1699_length_1754_cov_8.523263	0	77	131	17	77	0.2207792
NODE_1699_length_1754_cov_8.523263	0	77	138	1	77	0.0129870
NODE_1699_length_1754_cov_8.523263	0	77	144	1	77	0.0129870
NODE_1699_length_1754_cov_8.523263	0	77	145	16	77	0.2077922
NODE_1699_length_1754_cov_8.523263	50	99	131	9	49	0.1836735
NODE_1699_length_1754_cov_8.523263	50	99	138	1	49	0.0204082
NODE_1699_length_1754_cov_8.523263	50	99	144	1	49	0.0204082
NODE_1699_length_1754_cov_8.523263	50	99	145	18	49	0.3673469
NODE_1699_length_1754_cov_8.523263	50	99	146	4	49	0.0816327
NODE_1699_length_1754_cov_8.523263	50	99	147	12	49	0.2448980
NODE_1699_length_1754_cov_8.523263	50	99	148	4	49	0.0816327
NODE_1699_length_1754_cov_8.523263	53	99	131	6	46	0.1304348
NODE_1699_length_1754_cov_8.523263	53	99	138	1	46	0.0217391
NODE_1699_length_1754_cov_8.523263	53	99	144	1	46	0.0217391
NODE_1699_length_1754_cov_8.523263	53	99	145	18	46	0.3913043
NODE_1699_length_1754_cov_8.523263	53	99	146	4	46	0.0869565
NODE_1699_length_1754_cov_8.523263	53	99	147	12	46	0.2608696
NODE_1699_length_1754_cov_8.523263	53	99	148	4	46	0.0869565
NODE_1699_length_1754_cov_8.523263	55	99	131	4	44	0.0909091
NODE_1699_length_1754_cov_8.523263	55	99	138	1	44	0.0227273
NODE_1699_length_1754_cov_8.523263	55	99	144	1	44	0.0227273
NODE_1699_length_1754_cov_8.523263	55	99	145	18	44	0.4090909
NODE_1699_length_1754_cov_8.523263	55	99	146	4	44	0.0909091
NODE_1699_length_1754_cov_8.523263	55	99	147	12	44	0.2727273
NODE_1699_length_1754_cov_8.523263	55	99	148	4	44	0.0909091
NODE_1700_length_1753_cov_26.851874	356	436	2	2	80	0.0250000
NODE_1700_length_1753_cov_26.851874	356	436	4	61	80	0.7625000
NODE_1700_length_1753_cov_26.851874	356	436	5	15	80	0.1875000
NODE_1700_length_1753_cov_26.851874	356	436	6	2	80	0.0250000
NODE_1700_length_1753_cov_26.851874	409	489	4	37	80	0.4625000
NODE_1700_length_1753_cov_26.851874	409	489	5	15	80	0.1875000
NODE_1700_length_1753_cov_26.851874	409	489	6	14	80	0.1750000
NODE_1700_length_1753_cov_26.851874	409	489	8	14	80	0.1750000
NODE_1701_length_1753_cov_12.297461	355	435	0	2	80	0.0250000
NODE_1701_length_1753_cov_12.297461	355	435	2	78	80	0.9750000
NODE_1701_length_1753_cov_12.297461	408	488	0	2	80	0.0250000
NODE_1701_length_1753_cov_12.297461	408	488	2	78	80	0.9750000
NODE_1705_length_1750_cov_90.732283	1191	1254	88	3	63	0.0476190
NODE_1705_length_1750_cov_90.732283	1191	1254	90	1	63	0.0158730
NODE_1705_length_1750_cov_90.732283	1191	1254	92	1	63	0.0158730
NODE_1705_length_1750_cov_90.732283	1191	1254	94	1	63	0.0158730
NODE_1705_length_1750_cov_90.732283	1191	1254	97	3	63	0.0476190
NODE_1705_length_1750_cov_90.732283	1191	1254	99	3	63	0.0476190
NODE_1705_length_1750_cov_90.732283	1191	1254	100	1	63	0.0158730
NODE_1705_length_1750_cov_90.732283	1191	1254	101	1	63	0.0158730
NODE_1705_length_1750_cov_90.732283	1191	1254	102	2	63	0.0317460
NODE_1705_length_1750_cov_90.732283	1191	1254	106	2	63	0.0317460
NODE_1705_length_1750_cov_90.732283	1191	1254	107	1	63	0.0158730
NODE_1705_length_1750_cov_90.732283	1191	1254	109	2	63	0.0317460
NODE_1705_length_1750_cov_90.732283	1191	1254	113	1	63	0.0158730
NODE_1705_length_1750_cov_90.732283	1191	1254	119	1	63	0.0158730
NODE_1705_length_1750_cov_90.732283	1191	1254	122	2	63	0.0317460
NODE_1705_length_1750_cov_90.732283	1191	1254	126	2	63	0.0317460
NODE_1705_length_1750_cov_90.732283	1191	1254	127	1	63	0.0158730
NODE_1705_length_1750_cov_90.732283	1191	1254	130	1	63	0.0158730
NODE_1705_length_1750_cov_90.732283	1191	1254	134	6	63	0.0952381
NODE_1705_length_1750_cov_90.732283	1191	1254	136	1	63	0.0158730
NODE_1705_length_1750_cov_90.732283	1191	1254	137	1	63	0.0158730
NODE_1705_length_1750_cov_90.732283	1191	1254	143	2	63	0.0317460
NODE_1705_length_1750_cov_90.732283	1191	1254	145	2	63	0.0317460
NODE_1705_length_1750_cov_90.732283	1191	1254	149	1	63	0.0158730
NODE_1705_length_1750_cov_90.732283	1191	1254	150	1	63	0.0158730
NODE_1705_length_1750_cov_90.732283	1191	1254	152	2	63	0.0317460
NODE_1705_length_1750_cov_90.732283	1191	1254	153	1	63	0.0158730
NODE_1705_length_1750_cov_90.732283	1191	1254	154	3	63	0.0476190
NODE_1705_length_1750_cov_90.732283	1191	1254	156	4	63	0.0634921
NODE_1705_length_1750_cov_90.732283	1191	1254	158	3	63	0.0476190
NODE_1705_length_1750_cov_90.732283	1191	1254	160	7	63	0.1111111
NODE_1705_length_1750_cov_90.732283	1239	1310	119	2	71	0.0281690
NODE_1705_length_1750_cov_90.732283	1239	1310	123	1	71	0.0140845
NODE_1705_length_1750_cov_90.732283	1239	1310	125	3	71	0.0422535
NODE_1705_length_1750_cov_90.732283	1239	1310	126	1	71	0.0140845
NODE_1705_length_1750_cov_90.732283	1239	1310	128	2	71	0.0281690
NODE_1705_length_1750_cov_90.732283	1239	1310	129	1	71	0.0140845
NODE_1705_length_1750_cov_90.732283	1239	1310	132	1	71	0.0140845
NODE_1705_length_1750_cov_90.732283	1239	1310	136	1	71	0.0140845
NODE_1705_length_1750_cov_90.732283	1239	1310	142	1	71	0.0140845
NODE_1705_length_1750_cov_90.732283	1239	1310	143	3	71	0.0422535
NODE_1705_length_1750_cov_90.732283	1239	1310	144	1	71	0.0140845
NODE_1705_length_1750_cov_90.732283	1239	1310	145	1	71	0.0140845
NODE_1705_length_1750_cov_90.732283	1239	1310	148	1	71	0.0140845
NODE_1705_length_1750_cov_90.732283	1239	1310	150	1	71	0.0140845
NODE_1705_length_1750_cov_90.732283	1239	1310	151	1	71	0.0140845
NODE_1705_length_1750_cov_90.732283	1239	1310	153	3	71	0.0422535
NODE_1705_length_1750_cov_90.732283	1239	1310	154	6	71	0.0845070
NODE_1705_length_1750_cov_90.732283	1239	1310	156	4	71	0.0563380
NODE_1705_length_1750_cov_90.732283	1239	1310	157	2	71	0.0281690
NODE_1705_length_1750_cov_90.732283	1239	1310	158	4	71	0.0563380
NODE_1705_length_1750_cov_90.732283	1239	1310	159	1	71	0.0140845
NODE_1705_length_1750_cov_90.732283	1239	1310	160	10	71	0.1408451
NODE_1705_length_1750_cov_90.732283	1239	1310	162	3	71	0.0422535
NODE_1705_length_1750_cov_90.732283	1239	1310	164	3	71	0.0422535
NODE_1705_length_1750_cov_90.732283	1239	1310	165	5	71	0.0704225
NODE_1705_length_1750_cov_90.732283	1239	1310	166	3	71	0.0422535
NODE_1705_length_1750_cov_90.732283	1239	1310	167	5	71	0.0704225
NODE_1705_length_1750_cov_90.732283	1239	1310	169	1	71	0.0140845
NODE_1711_length_1746_cov_3.095932	458	524	0	6	66	0.0909091
NODE_1711_length_1746_cov_3.095932	458	524	2	60	66	0.9090909
NODE_1712_length_1745_cov_7.646416	430	510	0	44	80	0.5500000
NODE_1712_length_1745_cov_7.646416	430	510	2	36	80	0.4500000
NODE_1712_length_1745_cov_7.646416	483	563	2	80	80	1.0000000
NODE_1715_length_1744_cov_10.144681	1213	1289	2	6	76	0.0789474
NODE_1715_length_1744_cov_10.144681	1213	1289	4	12	76	0.1578947
NODE_1715_length_1744_cov_10.144681	1213	1289	8	8	76	0.1052632
NODE_1715_length_1744_cov_10.144681	1213	1289	10	4	76	0.0526316
NODE_1715_length_1744_cov_10.144681	1213	1289	11	33	76	0.4342105
NODE_1715_length_1744_cov_10.144681	1213	1289	13	11	76	0.1447368
NODE_1715_length_1744_cov_10.144681	1213	1289	15	2	76	0.0263158
NODE_1715_length_1744_cov_10.144681	1262	1342	11	14	80	0.1750000
NODE_1715_length_1744_cov_10.144681	1262	1342	12	22	80	0.2750000
NODE_1715_length_1744_cov_10.144681	1262	1342	13	13	80	0.1625000
NODE_1715_length_1744_cov_10.144681	1262	1342	14	3	80	0.0375000
NODE_1715_length_1744_cov_10.144681	1262	1342	15	26	80	0.3250000
NODE_1715_length_1744_cov_10.144681	1262	1342	16	2	80	0.0250000
NODE_1719_length_1742_cov_18.923311	699	776	0	35	77	0.4545455
NODE_1719_length_1742_cov_18.923311	699	776	2	42	77	0.5454546
NODE_1719_length_1742_cov_18.923311	749	829	2	80	80	1.0000000
NODE_1722_length_1741_cov_7.657734	1234	1314	3	5	80	0.0625000
NODE_1722_length_1741_cov_7.657734	1234	1314	4	75	80	0.9375000
NODE_1722_length_1741_cov_7.657734	1287	1367	4	52	80	0.6500000
NODE_1722_length_1741_cov_7.657734	1287	1367	7	6	80	0.0750000
NODE_1722_length_1741_cov_7.657734	1287	1367	8	1	80	0.0125000
NODE_1722_length_1741_cov_7.657734	1287	1367	9	21	80	0.2625000
NODE_1722_length_1741_cov_7.657734	1363	1443	5	31	80	0.3875000
NODE_1722_length_1741_cov_7.657734	1363	1443	6	29	80	0.3625000
NODE_1722_length_1741_cov_7.657734	1363	1443	7	20	80	0.2500000
NODE_1722_length_1741_cov_7.657734	1416	1496	0	28	80	0.3500000
NODE_1722_length_1741_cov_7.657734	1416	1496	6	52	80	0.6500000
NODE_1726_length_1740_cov_38.411335	517	597	4	1	80	0.0125000
NODE_1726_length_1740_cov_38.411335	517	597	15	32	80	0.4000000
NODE_1726_length_1740_cov_38.411335	517	597	16	42	80	0.5250000
NODE_1726_length_1740_cov_38.411335	517	597	17	5	80	0.0625000
NODE_1726_length_1740_cov_38.411335	570	650	3	1	80	0.0125000
NODE_1726_length_1740_cov_38.411335	570	650	4	28	80	0.3500000
NODE_1726_length_1740_cov_38.411335	570	650	6	3	80	0.0375000
NODE_1726_length_1740_cov_38.411335	570	650	11	8	80	0.1000000
NODE_1726_length_1740_cov_38.411335	570	650	15	35	80	0.4375000
NODE_1726_length_1740_cov_38.411335	570	650	17	5	80	0.0625000
NODE_1726_length_1740_cov_38.411335	646	726	4	1	80	0.0125000
NODE_1726_length_1740_cov_38.411335	646	726	6	13	80	0.1625000
NODE_1726_length_1740_cov_38.411335	646	726	13	17	80	0.2125000
NODE_1726_length_1740_cov_38.411335	646	726	19	6	80	0.0750000
NODE_1726_length_1740_cov_38.411335	646	726	23	25	80	0.3125000
NODE_1726_length_1740_cov_38.411335	646	726	24	18	80	0.2250000
NODE_1726_length_1740_cov_38.411335	699	779	4	1	80	0.0125000
NODE_1726_length_1740_cov_38.411335	699	779	12	10	80	0.1250000
NODE_1726_length_1740_cov_38.411335	699	779	14	2	80	0.0250000
NODE_1726_length_1740_cov_38.411335	699	779	20	16	80	0.2000000
NODE_1726_length_1740_cov_38.411335	699	779	22	23	80	0.2875000
NODE_1726_length_1740_cov_38.411335	699	779	23	9	80	0.1125000
NODE_1726_length_1740_cov_38.411335	699	779	24	19	80	0.2375000
NODE_1727_length_1740_cov_10.843388	552	632	4	8	80	0.1000000
NODE_1727_length_1740_cov_10.843388	552	632	6	49	80	0.6125000
NODE_1727_length_1740_cov_10.843388	552	632	8	23	80	0.2875000
NODE_1727_length_1740_cov_10.843388	708	788	0	80	80	1.0000000
NODE_1727_length_1740_cov_10.843388	708	788	0	80	80	1.0000000
NODE_1727_length_1740_cov_10.843388	708	788	0	80	80	1.0000000
NODE_1727_length_1740_cov_10.843388	761	841	0	38	80	0.4750000
NODE_1727_length_1740_cov_10.843388	761	841	2	42	80	0.5250000
NODE_1727_length_1740_cov_10.843388	761	808	0	38	47	0.8085107
NODE_1727_length_1740_cov_10.843388	761	808	2	9	47	0.1914894
NODE_1727_length_1740_cov_10.843388	761	808	0	38	47	0.8085107
NODE_1727_length_1740_cov_10.843388	761	808	2	9	47	0.1914894
NODE_1737_length_1736_cov_71.959682	841	901	147	3	60	0.0500000
NODE_1737_length_1736_cov_71.959682	841	901	153	1	60	0.0166667
NODE_1737_length_1736_cov_71.959682	841	901	155	2	60	0.0333333
NODE_1737_length_1736_cov_71.959682	841	901	159	1	60	0.0166667
NODE_1737_length_1736_cov_71.959682	841	901	163	1	60	0.0166667
NODE_1737_length_1736_cov_71.959682	841	901	165	1	60	0.0166667
NODE_1737_length_1736_cov_71.959682	841	901	167	1	60	0.0166667
NODE_1737_length_1736_cov_71.959682	841	901	175	4	60	0.0666667
NODE_1737_length_1736_cov_71.959682	841	901	177	1	60	0.0166667
NODE_1737_length_1736_cov_71.959682	841	901	186	1	60	0.0166667
NODE_1737_length_1736_cov_71.959682	841	901	189	1	60	0.0166667
NODE_1737_length_1736_cov_71.959682	841	901	192	1	60	0.0166667
NODE_1737_length_1736_cov_71.959682	841	901	193	2	60	0.0333333
NODE_1737_length_1736_cov_71.959682	841	901	194	4	60	0.0666667
NODE_1737_length_1736_cov_71.959682	841	901	195	3	60	0.0500000
NODE_1737_length_1736_cov_71.959682	841	901	197	1	60	0.0166667
NODE_1737_length_1736_cov_71.959682	841	901	199	1	60	0.0166667
NODE_1737_length_1736_cov_71.959682	841	901	201	1	60	0.0166667
NODE_1737_length_1736_cov_71.959682	841	901	202	1	60	0.0166667
NODE_1737_length_1736_cov_71.959682	841	901	203	5	60	0.0833333
NODE_1737_length_1736_cov_71.959682	841	901	204	1	60	0.0166667
NODE_1737_length_1736_cov_71.959682	841	901	205	3	60	0.0500000
NODE_1737_length_1736_cov_71.959682	841	901	207	2	60	0.0333333
NODE_1737_length_1736_cov_71.959682	841	901	209	2	60	0.0333333
NODE_1737_length_1736_cov_71.959682	841	901	211	5	60	0.0833333
NODE_1737_length_1736_cov_71.959682	841	901	212	1	60	0.0166667
NODE_1737_length_1736_cov_71.959682	841	901	213	3	60	0.0500000
NODE_1737_length_1736_cov_71.959682	841	901	215	2	60	0.0333333
NODE_1737_length_1736_cov_71.959682	841	901	217	2	60	0.0333333
NODE_1737_length_1736_cov_71.959682	841	901	221	3	60	0.0500000
NODE_1738_length_1736_cov_29.174710	1361	1390	43	7	29	0.2413793
NODE_1738_length_1736_cov_29.174710	1361	1390	44	2	29	0.0689655
NODE_1738_length_1736_cov_29.174710	1361	1390	45	9	29	0.3103448
NODE_1738_length_1736_cov_29.174710	1361	1390	47	4	29	0.1379310
NODE_1738_length_1736_cov_29.174710	1361	1390	49	2	29	0.0689655
NODE_1738_length_1736_cov_29.174710	1361	1390	52	5	29	0.1724138
NODE_1738_length_1736_cov_29.174710	1566	1628	56	3	62	0.0483871
NODE_1738_length_1736_cov_29.174710	1566	1628	58	1	62	0.0161290
NODE_1738_length_1736_cov_29.174710	1566	1628	59	1	62	0.0161290
NODE_1738_length_1736_cov_29.174710	1566	1628	60	5	62	0.0806452
NODE_1738_length_1736_cov_29.174710	1566	1628	62	1	62	0.0161290
NODE_1738_length_1736_cov_29.174710	1566	1628	67	1	62	0.0161290
NODE_1738_length_1736_cov_29.174710	1566	1628	69	1	62	0.0161290
NODE_1738_length_1736_cov_29.174710	1566	1628	75	1	62	0.0161290
NODE_1738_length_1736_cov_29.174710	1566	1628	85	1	62	0.0161290
NODE_1738_length_1736_cov_29.174710	1566	1628	88	1	62	0.0161290
NODE_1738_length_1736_cov_29.174710	1566	1628	90	1	62	0.0161290
NODE_1738_length_1736_cov_29.174710	1566	1628	93	1	62	0.0161290
NODE_1738_length_1736_cov_29.174710	1566	1628	94	6	62	0.0967742
NODE_1738_length_1736_cov_29.174710	1566	1628	95	3	62	0.0483871
NODE_1738_length_1736_cov_29.174710	1566	1628	97	1	62	0.0161290
NODE_1738_length_1736_cov_29.174710	1566	1628	98	3	62	0.0483871
NODE_1738_length_1736_cov_29.174710	1566	1628	99	1	62	0.0161290
NODE_1738_length_1736_cov_29.174710	1566	1628	101	2	62	0.0322581
NODE_1738_length_1736_cov_29.174710	1566	1628	102	13	62	0.2096774
NODE_1738_length_1736_cov_29.174710	1566	1628	103	2	62	0.0322581
NODE_1738_length_1736_cov_29.174710	1566	1628	105	3	62	0.0483871
NODE_1738_length_1736_cov_29.174710	1566	1628	107	10	62	0.1612903
NODE_1743_length_1732_cov_6.162890	807	887	0	23	80	0.2875000
NODE_1743_length_1732_cov_6.162890	807	887	4	6	80	0.0750000
NODE_1743_length_1732_cov_6.162890	807	887	6	47	80	0.5875000
NODE_1743_length_1732_cov_6.162890	807	887	10	4	80	0.0500000
NODE_1743_length_1732_cov_6.162890	860	940	6	33	80	0.4125000
NODE_1743_length_1732_cov_6.162890	860	940	10	47	80	0.5875000
NODE_1749_length_1729_cov_23.708589	364	443	0	23	79	0.2911392
NODE_1749_length_1729_cov_23.708589	364	443	2	56	79	0.7088608
NODE_1749_length_1729_cov_23.708589	416	496	2	28	80	0.3500000
NODE_1749_length_1729_cov_23.708589	416	496	5	6	80	0.0750000
NODE_1749_length_1729_cov_23.708589	416	496	6	29	80	0.3625000
NODE_1749_length_1729_cov_23.708589	416	496	8	17	80	0.2125000
NODE_1749_length_1729_cov_23.708589	492	572	6	25	80	0.3125000
NODE_1749_length_1729_cov_23.708589	492	572	12	52	80	0.6500000
NODE_1749_length_1729_cov_23.708589	492	572	14	3	80	0.0375000
NODE_1749_length_1729_cov_23.708589	545	625	2	10	80	0.1250000
NODE_1749_length_1729_cov_23.708589	545	625	8	13	80	0.1625000
NODE_1749_length_1729_cov_23.708589	545	625	11	6	80	0.0750000
NODE_1749_length_1729_cov_23.708589	545	625	12	26	80	0.3250000
NODE_1749_length_1729_cov_23.708589	545	625	14	25	80	0.3125000
NODE_1753_length_1728_cov_26.505832	259	339	6	1	80	0.0125000
NODE_1753_length_1728_cov_26.505832	259	339	8	26	80	0.3250000
NODE_1753_length_1728_cov_26.505832	259	339	9	1	80	0.0125000
NODE_1753_length_1728_cov_26.505832	259	339	10	2	80	0.0250000
NODE_1753_length_1728_cov_26.505832	259	339	12	22	80	0.2750000
NODE_1753_length_1728_cov_26.505832	259	339	22	3	80	0.0375000
NODE_1753_length_1728_cov_26.505832	259	339	24	7	80	0.0875000
NODE_1753_length_1728_cov_26.505832	259	339	26	13	80	0.1625000
NODE_1753_length_1728_cov_26.505832	259	339	28	5	80	0.0625000
NODE_1753_length_1728_cov_26.505832	312	392	20	17	80	0.2125000
NODE_1753_length_1728_cov_26.505832	312	392	22	30	80	0.3750000
NODE_1753_length_1728_cov_26.505832	312	392	24	15	80	0.1875000
NODE_1753_length_1728_cov_26.505832	312	392	26	13	80	0.1625000
NODE_1753_length_1728_cov_26.505832	312	392	28	5	80	0.0625000
NODE_1757_length_1725_cov_142.158057	767	814	207	1	47	0.0212766
NODE_1757_length_1725_cov_142.158057	767	814	208	2	47	0.0425532
NODE_1757_length_1725_cov_142.158057	767	814	210	3	47	0.0638298
NODE_1757_length_1725_cov_142.158057	767	814	212	7	47	0.1489362
NODE_1757_length_1725_cov_142.158057	767	814	213	1	47	0.0212766
NODE_1757_length_1725_cov_142.158057	767	814	214	2	47	0.0425532
NODE_1757_length_1725_cov_142.158057	767	814	216	1	47	0.0212766
NODE_1757_length_1725_cov_142.158057	767	814	224	1	47	0.0212766
NODE_1757_length_1725_cov_142.158057	767	814	228	1	47	0.0212766
NODE_1757_length_1725_cov_142.158057	767	814	233	1	47	0.0212766
NODE_1757_length_1725_cov_142.158057	767	814	234	1	47	0.0212766
NODE_1757_length_1725_cov_142.158057	767	814	236	1	47	0.0212766
NODE_1757_length_1725_cov_142.158057	767	814	238	5	47	0.1063830
NODE_1757_length_1725_cov_142.158057	767	814	239	3	47	0.0638298
NODE_1757_length_1725_cov_142.158057	767	814	240	2	47	0.0425532
NODE_1757_length_1725_cov_142.158057	767	814	241	2	47	0.0425532
NODE_1757_length_1725_cov_142.158057	767	814	242	3	47	0.0638298
NODE_1757_length_1725_cov_142.158057	767	814	243	4	47	0.0851064
NODE_1757_length_1725_cov_142.158057	767	814	245	3	47	0.0638298
NODE_1757_length_1725_cov_142.158057	767	814	247	3	47	0.0638298
NODE_1757_length_1725_cov_142.158057	803	867	168	4	64	0.0625000
NODE_1757_length_1725_cov_142.158057	803	867	170	1	64	0.0156250
NODE_1757_length_1725_cov_142.158057	803	867	174	1	64	0.0156250
NODE_1757_length_1725_cov_142.158057	803	867	176	4	64	0.0625000
NODE_1757_length_1725_cov_142.158057	803	867	178	1	64	0.0156250
NODE_1757_length_1725_cov_142.158057	803	867	184	3	64	0.0468750
NODE_1757_length_1725_cov_142.158057	803	867	186	1	64	0.0156250
NODE_1757_length_1725_cov_142.158057	803	867	188	1	64	0.0156250
NODE_1757_length_1725_cov_142.158057	803	867	192	2	64	0.0312500
NODE_1757_length_1725_cov_142.158057	803	867	194	1	64	0.0156250
NODE_1757_length_1725_cov_142.158057	803	867	198	2	64	0.0312500
NODE_1757_length_1725_cov_142.158057	803	867	204	1	64	0.0156250
NODE_1757_length_1725_cov_142.158057	803	867	210	3	64	0.0468750
NODE_1757_length_1725_cov_142.158057	803	867	211	2	64	0.0312500
NODE_1757_length_1725_cov_142.158057	803	867	214	1	64	0.0156250
NODE_1757_length_1725_cov_142.158057	803	867	217	1	64	0.0156250
NODE_1757_length_1725_cov_142.158057	803	867	218	2	64	0.0312500
NODE_1757_length_1725_cov_142.158057	803	867	220	1	64	0.0156250
NODE_1757_length_1725_cov_142.158057	803	867	221	1	64	0.0156250
NODE_1757_length_1725_cov_142.158057	803	867	224	1	64	0.0156250
NODE_1757_length_1725_cov_142.158057	803	867	226	4	64	0.0625000
NODE_1757_length_1725_cov_142.158057	803	867	227	4	64	0.0625000
NODE_1757_length_1725_cov_142.158057	803	867	229	3	64	0.0468750
NODE_1757_length_1725_cov_142.158057	803	867	231	2	64	0.0312500
NODE_1757_length_1725_cov_142.158057	803	867	232	1	64	0.0156250
NODE_1757_length_1725_cov_142.158057	803	867	233	2	64	0.0312500
NODE_1757_length_1725_cov_142.158057	803	867	234	3	64	0.0468750
NODE_1757_length_1725_cov_142.158057	803	867	236	1	64	0.0156250
NODE_1757_length_1725_cov_142.158057	803	867	238	3	64	0.0468750
NODE_1757_length_1725_cov_142.158057	803	867	243	1	64	0.0156250
NODE_1757_length_1725_cov_142.158057	803	867	245	3	64	0.0468750
NODE_1757_length_1725_cov_142.158057	803	867	247	3	64	0.0468750
NODE_1759_length_1724_cov_17.931077	677	746	2	69	69	1.0000000
NODE_1759_length_1724_cov_17.931077	788	850	4	4	62	0.0645161
NODE_1759_length_1724_cov_17.931077	788	850	8	5	62	0.0806452
NODE_1759_length_1724_cov_17.931077	788	850	10	53	62	0.8548387
NODE_1761_length_1723_cov_35.355296	1174	1254	2	15	80	0.1875000
NODE_1761_length_1723_cov_35.355296	1174	1254	4	65	80	0.8125000
NODE_1761_length_1723_cov_35.355296	1227	1307	0	23	80	0.2875000
NODE_1761_length_1723_cov_35.355296	1227	1307	2	25	80	0.3125000
NODE_1761_length_1723_cov_35.355296	1227	1307	4	32	80	0.4000000
NODE_1763_length_1722_cov_13.235367	708	788	0	6	80	0.0750000
NODE_1763_length_1722_cov_13.235367	708	788	10	12	80	0.1500000
NODE_1763_length_1722_cov_13.235367	708	788	12	33	80	0.4125000
NODE_1763_length_1722_cov_13.235367	708	788	14	7	80	0.0875000
NODE_1763_length_1722_cov_13.235367	708	788	16	22	80	0.2750000
NODE_1763_length_1722_cov_13.235367	761	841	10	4	80	0.0500000
NODE_1763_length_1722_cov_13.235367	761	841	14	5	80	0.0625000
NODE_1763_length_1722_cov_13.235367	761	841	16	24	80	0.3000000
NODE_1763_length_1722_cov_13.235367	761	841	20	47	80	0.5875000
NODE_1763_length_1722_cov_13.235367	1319	1399	0	40	80	0.5000000
NODE_1763_length_1722_cov_13.235367	1319	1399	4	20	80	0.2500000
NODE_1763_length_1722_cov_13.235367	1319	1399	5	7	80	0.0875000
NODE_1763_length_1722_cov_13.235367	1319	1399	6	13	80	0.1625000
NODE_1763_length_1722_cov_13.235367	1372	1452	4	7	80	0.0875000
NODE_1763_length_1722_cov_13.235367	1372	1452	5	7	80	0.0875000
NODE_1763_length_1722_cov_13.235367	1372	1452	6	66	80	0.8250000
NODE_1765_length_1720_cov_27.328192	1248	1307	16	1	59	0.0169492
NODE_1765_length_1720_cov_27.328192	1248	1307	18	1	59	0.0169492
NODE_1765_length_1720_cov_27.328192	1248	1307	32	8	59	0.1355932
NODE_1765_length_1720_cov_27.328192	1248	1307	34	5	59	0.0847458
NODE_1765_length_1720_cov_27.328192	1248	1307	35	1	59	0.0169492
NODE_1765_length_1720_cov_27.328192	1248	1307	36	23	59	0.3898305
NODE_1765_length_1720_cov_27.328192	1248	1307	38	20	59	0.3389831
NODE_1765_length_1720_cov_27.328192	1280	1360	12	9	80	0.1125000
NODE_1765_length_1720_cov_27.328192	1280	1360	22	3	80	0.0375000
NODE_1765_length_1720_cov_27.328192	1280	1360	24	3	80	0.0375000
NODE_1765_length_1720_cov_27.328192	1280	1360	25	24	80	0.3000000
NODE_1765_length_1720_cov_27.328192	1280	1360	31	1	80	0.0125000
NODE_1765_length_1720_cov_27.328192	1280	1360	33	2	80	0.0250000
NODE_1765_length_1720_cov_27.328192	1280	1360	35	3	80	0.0375000
NODE_1765_length_1720_cov_27.328192	1280	1360	36	25	80	0.3125000
NODE_1765_length_1720_cov_27.328192	1280	1360	38	10	80	0.1250000
NODE_1766_length_1720_cov_4.129550	241	321	0	80	80	1.0000000
NODE_1766_length_1720_cov_4.129550	294	374	0	80	80	1.0000000
NODE_1768_length_1719_cov_9.878395	410	490	2	49	80	0.6125000
NODE_1768_length_1719_cov_9.878395	410	490	4	18	80	0.2250000
NODE_1768_length_1719_cov_9.878395	410	490	6	13	80	0.1625000
NODE_1768_length_1719_cov_9.878395	463	543	4	69	80	0.8625000
NODE_1768_length_1719_cov_9.878395	463	543	6	11	80	0.1375000
NODE_1768_length_1719_cov_9.878395	539	619	4	57	80	0.7125000
NODE_1768_length_1719_cov_9.878395	539	619	6	14	80	0.1750000
NODE_1768_length_1719_cov_9.878395	539	619	8	9	80	0.1125000
NODE_1768_length_1719_cov_9.878395	592	672	0	11	80	0.1375000
NODE_1768_length_1719_cov_9.878395	592	672	2	4	80	0.0500000
NODE_1768_length_1719_cov_9.878395	592	672	4	65	80	0.8125000
NODE_1772_length_1717_cov_5.159456	145	219	0	7	74	0.0945946
NODE_1772_length_1717_cov_5.159456	145	219	2	5	74	0.0675676
NODE_1772_length_1717_cov_5.159456	145	219	4	62	74	0.8378378
NODE_1772_length_1717_cov_5.159456	1450	1508	4	51	58	0.8793104
NODE_1772_length_1717_cov_5.159456	1450	1508	6	7	58	0.1206897
NODE_1772_length_1717_cov_5.159456	1503	1561	2	36	58	0.6206896
NODE_1772_length_1717_cov_5.159456	1503	1561	4	22	58	0.3793103
NODE_1778_length_1715_cov_12.607054	555	635	0	53	80	0.6625000
NODE_1778_length_1715_cov_12.607054	555	635	2	27	80	0.3375000
NODE_1778_length_1715_cov_12.607054	608	688	0	6	80	0.0750000
NODE_1778_length_1715_cov_12.607054	608	688	2	74	80	0.9250000
NODE_1778_length_1715_cov_12.607054	684	764	2	51	80	0.6375000
NODE_1778_length_1715_cov_12.607054	684	764	4	29	80	0.3625000
NODE_1778_length_1715_cov_12.607054	737	817	2	5	80	0.0625000
NODE_1778_length_1715_cov_12.607054	737	817	4	75	80	0.9375000
NODE_1788_length_1707_cov_16.909204	397	477	0	80	80	1.0000000
NODE_1788_length_1707_cov_16.909204	450	530	0	80	80	1.0000000
NODE_1788_length_1707_cov_16.909204	1151	1231	4	80	80	1.0000000
NODE_1788_length_1707_cov_16.909204	1204	1284	2	7	80	0.0875000
NODE_1788_length_1707_cov_16.909204	1204	1284	4	73	80	0.9125000
NODE_1792_length_1705_cov_19.645081	451	531	2	8	80	0.1000000
NODE_1792_length_1705_cov_19.645081	451	531	4	72	80	0.9000000
NODE_1792_length_1705_cov_19.645081	504	584	2	60	80	0.7500000
NODE_1792_length_1705_cov_19.645081	504	584	4	20	80	0.2500000
NODE_1792_length_1705_cov_19.645081	580	660	2	6	80	0.0750000
NODE_1792_length_1705_cov_19.645081	580	660	6	66	80	0.8250000
NODE_1792_length_1705_cov_19.645081	580	660	8	8	80	0.1000000
NODE_1792_length_1705_cov_19.645081	633	714	2	2	81	0.0246914
NODE_1792_length_1705_cov_19.645081	633	714	6	79	81	0.9753087
NODE_1792_length_1705_cov_19.645081	1315	1395	4	80	80	1.0000000
NODE_1792_length_1705_cov_19.645081	1368	1448	0	32	80	0.4000000
NODE_1792_length_1705_cov_19.645081	1368	1448	3	1	80	0.0125000
NODE_1792_length_1705_cov_19.645081	1368	1448	4	47	80	0.5875000
NODE_1796_length_1703_cov_26.016833	1201	1264	6	13	63	0.2063492
NODE_1796_length_1703_cov_26.016833	1201	1264	8	10	63	0.1587302
NODE_1796_length_1703_cov_26.016833	1201	1264	10	9	63	0.1428571
NODE_1796_length_1703_cov_26.016833	1201	1264	12	31	63	0.4920635
NODE_1796_length_1703_cov_26.016833	1207	1264	6	7	57	0.1228070
NODE_1796_length_1703_cov_26.016833	1207	1264	8	10	57	0.1754386
NODE_1796_length_1703_cov_26.016833	1207	1264	10	9	57	0.1578947
NODE_1796_length_1703_cov_26.016833	1207	1264	12	31	57	0.5438597
NODE_1796_length_1703_cov_26.016833	1207	1264	6	7	57	0.1228070
NODE_1796_length_1703_cov_26.016833	1207	1264	8	10	57	0.1754386
NODE_1796_length_1703_cov_26.016833	1207	1264	10	9	57	0.1578947
NODE_1796_length_1703_cov_26.016833	1207	1264	12	31	57	0.5438597
NODE_1799_length_1701_cov_15.969413	1490	1565	11	1	75	0.0133333
NODE_1799_length_1701_cov_15.969413	1490	1565	15	2	75	0.0266667
NODE_1799_length_1701_cov_15.969413	1490	1565	20	3	75	0.0400000
NODE_1799_length_1701_cov_15.969413	1490	1565	21	2	75	0.0266667
NODE_1799_length_1701_cov_15.969413	1490	1565	31	7	75	0.0933333
NODE_1799_length_1701_cov_15.969413	1490	1565	33	2	75	0.0266667
NODE_1799_length_1701_cov_15.969413	1490	1565	41	1	75	0.0133333
NODE_1799_length_1701_cov_15.969413	1490	1565	42	5	75	0.0666667
NODE_1799_length_1701_cov_15.969413	1490	1565	44	1	75	0.0133333
NODE_1799_length_1701_cov_15.969413	1490	1565	46	4	75	0.0533333
NODE_1799_length_1701_cov_15.969413	1490	1565	48	3	75	0.0400000
NODE_1799_length_1701_cov_15.969413	1490	1565	50	30	75	0.4000000
NODE_1799_length_1701_cov_15.969413	1490	1565	52	14	75	0.1866667
NODE_1799_length_1701_cov_15.969413	1538	1603	48	2	65	0.0307692
NODE_1799_length_1701_cov_15.969413	1538	1603	49	6	65	0.0923077
NODE_1799_length_1701_cov_15.969413	1538	1603	50	16	65	0.2461538
NODE_1799_length_1701_cov_15.969413	1538	1603	52	41	65	0.6307693
NODE_1800_length_1701_cov_13.549313	607	687	2	38	80	0.4750000
NODE_1800_length_1701_cov_13.549313	607	687	4	42	80	0.5250000
NODE_1800_length_1701_cov_13.549313	660	740	0	49	80	0.6125000
NODE_1800_length_1701_cov_13.549313	660	740	2	31	80	0.3875000
NODE_1805_length_1700_cov_20.003123	1168	1197	65	4	29	0.1379310
NODE_1805_length_1700_cov_20.003123	1168	1197	66	3	29	0.1034483
NODE_1805_length_1700_cov_20.003123	1168	1197	67	8	29	0.2758621
NODE_1805_length_1700_cov_20.003123	1168	1197	68	6	29	0.2068966
NODE_1805_length_1700_cov_20.003123	1168	1197	69	2	29	0.0689655
NODE_1805_length_1700_cov_20.003123	1168	1197	70	5	29	0.1724138
NODE_1805_length_1700_cov_20.003123	1168	1197	72	1	29	0.0344828
NODE_1805_length_1700_cov_20.003123	1184	1263	56	1	79	0.0126582
NODE_1805_length_1700_cov_20.003123	1184	1263	57	1	79	0.0126582
NODE_1805_length_1700_cov_20.003123	1184	1263	58	5	79	0.0632911
NODE_1805_length_1700_cov_20.003123	1184	1263	60	3	79	0.0379747
NODE_1805_length_1700_cov_20.003123	1184	1263	61	4	79	0.0506329
NODE_1805_length_1700_cov_20.003123	1184	1263	62	3	79	0.0379747
NODE_1805_length_1700_cov_20.003123	1184	1263	63	6	79	0.0759494
NODE_1805_length_1700_cov_20.003123	1184	1263	65	11	79	0.1392405
NODE_1805_length_1700_cov_20.003123	1184	1263	66	9	79	0.1139240
NODE_1805_length_1700_cov_20.003123	1184	1263	67	27	79	0.3417721
NODE_1805_length_1700_cov_20.003123	1184	1263	68	5	79	0.0632911
NODE_1805_length_1700_cov_20.003123	1184	1263	69	4	79	0.0506329
NODE_1810_length_1698_cov_19.175735	1001	1081	4	10	80	0.1250000
NODE_1810_length_1698_cov_19.175735	1001	1081	6	29	80	0.3625000
NODE_1810_length_1698_cov_19.175735	1001	1081	8	41	80	0.5125000
NODE_1810_length_1698_cov_19.175735	1054	1134	0	15	80	0.1875000
NODE_1810_length_1698_cov_19.175735	1054	1134	2	11	80	0.1375000
NODE_1810_length_1698_cov_19.175735	1054	1134	4	7	80	0.0875000
NODE_1810_length_1698_cov_19.175735	1054	1134	6	39	80	0.4875000
NODE_1810_length_1698_cov_19.175735	1054	1134	8	8	80	0.1000000
NODE_1814_length_1696_cov_11.494678	590	670	14	46	80	0.5750000
NODE_1814_length_1696_cov_11.494678	590	670	16	34	80	0.4250000
NODE_1814_length_1696_cov_11.494678	643	723	2	37	80	0.4625000
NODE_1814_length_1696_cov_11.494678	643	723	4	3	80	0.0375000
NODE_1814_length_1696_cov_11.494678	643	723	8	1	80	0.0125000
NODE_1814_length_1696_cov_11.494678	643	723	11	1	80	0.0125000
NODE_1814_length_1696_cov_11.494678	643	723	12	3	80	0.0375000
NODE_1814_length_1696_cov_11.494678	643	723	14	10	80	0.1250000
NODE_1814_length_1696_cov_11.494678	643	723	16	25	80	0.3125000
NODE_1815_length_1696_cov_6.620539	369	449	2	12	80	0.1500000
NODE_1815_length_1696_cov_6.620539	369	449	6	5	80	0.0625000
NODE_1815_length_1696_cov_6.620539	369	449	8	16	80	0.2000000
NODE_1815_length_1696_cov_6.620539	369	449	10	4	80	0.0500000
NODE_1815_length_1696_cov_6.620539	369	449	11	7	80	0.0875000
NODE_1815_length_1696_cov_6.620539	369	449	12	3	80	0.0375000
NODE_1815_length_1696_cov_6.620539	369	449	16	33	80	0.4125000
NODE_1815_length_1696_cov_6.620539	422	502	0	20	80	0.2500000
NODE_1815_length_1696_cov_6.620539	422	502	2	45	80	0.5625000
NODE_1815_length_1696_cov_6.620539	422	502	6	5	80	0.0625000
NODE_1815_length_1696_cov_6.620539	422	502	8	10	80	0.1250000
NODE_1816_length_1695_cov_27.783208	399	479	6	17	80	0.2125000
NODE_1816_length_1695_cov_27.783208	399	479	8	46	80	0.5750000
NODE_1816_length_1695_cov_27.783208	399	479	10	17	80	0.2125000
NODE_1816_length_1695_cov_27.783208	452	532	2	38	80	0.4750000
NODE_1816_length_1695_cov_27.783208	452	532	6	32	80	0.4000000
NODE_1816_length_1695_cov_27.783208	452	532	10	10	80	0.1250000
NODE_1817_length_1695_cov_12.084586	1047	1127	2	16	80	0.2000000
NODE_1817_length_1695_cov_12.084586	1047	1127	3	8	80	0.1000000
NODE_1817_length_1695_cov_12.084586	1047	1127	5	18	80	0.2250000
NODE_1817_length_1695_cov_12.084586	1047	1127	7	38	80	0.4750000
NODE_1817_length_1695_cov_12.084586	1100	1180	0	21	80	0.2625000
NODE_1817_length_1695_cov_12.084586	1100	1180	2	48	80	0.6000000
NODE_1817_length_1695_cov_12.084586	1100	1180	3	8	80	0.1000000
NODE_1817_length_1695_cov_12.084586	1100	1180	5	3	80	0.0375000
NODE_1825_length_1692_cov_4.557439	727	807	0	80	80	1.0000000
NODE_1825_length_1692_cov_4.557439	780	860	0	80	80	1.0000000
NODE_1830_length_1689_cov_5.844025	1210	1285	0	75	75	1.0000000
NODE_1830_length_1689_cov_5.844025	1260	1338	0	78	78	1.0000000
NODE_1837_length_1682_cov_14.416930	1183	1263	2	52	80	0.6500000
NODE_1837_length_1682_cov_14.416930	1183	1263	4	28	80	0.3500000
NODE_1837_length_1682_cov_14.416930	1236	1315	2	46	79	0.5822785
NODE_1837_length_1682_cov_14.416930	1236	1315	4	33	79	0.4177215
NODE_1843_length_1678_cov_23.965168	636	716	0	45	80	0.5625000
NODE_1843_length_1678_cov_23.965168	636	716	2	35	80	0.4375000
NODE_1843_length_1678_cov_23.965168	689	769	2	29	80	0.3625000
NODE_1843_length_1678_cov_23.965168	689	769	6	51	80	0.6375000
NODE_1843_length_1678_cov_23.965168	1145	1225	0	3	80	0.0375000
NODE_1843_length_1678_cov_23.965168	1145	1225	2	1	80	0.0125000
NODE_1843_length_1678_cov_23.965168	1145	1225	3	1	80	0.0125000
NODE_1843_length_1678_cov_23.965168	1145	1225	4	6	80	0.0750000
NODE_1843_length_1678_cov_23.965168	1145	1225	5	6	80	0.0750000
NODE_1843_length_1678_cov_23.965168	1145	1225	6	63	80	0.7875000
NODE_1843_length_1678_cov_23.965168	1198	1278	2	2	80	0.0250000
NODE_1843_length_1678_cov_23.965168	1198	1278	3	52	80	0.6500000
NODE_1843_length_1678_cov_23.965168	1198	1278	5	6	80	0.0750000
NODE_1843_length_1678_cov_23.965168	1198	1278	6	20	80	0.2500000
NODE_1846_length_1677_cov_3.578580	407	487	0	24	80	0.3000000
NODE_1846_length_1677_cov_3.578580	407	487	1	37	80	0.4625000
NODE_1846_length_1677_cov_3.578580	407	487	2	19	80	0.2375000
NODE_1846_length_1677_cov_3.578580	460	530	1	8	70	0.1142857
NODE_1846_length_1677_cov_3.578580	460	530	2	62	70	0.8857143
NODE_1846_length_1677_cov_3.578580	666	724	2	3	58	0.0517241
NODE_1846_length_1677_cov_3.578580	666	724	4	55	58	0.9482759
NODE_1856_length_1670_cov_29.264163	741	821	0	23	80	0.2875000
NODE_1856_length_1670_cov_29.264163	741	821	2	12	80	0.1500000
NODE_1856_length_1670_cov_29.264163	741	821	4	45	80	0.5625000
NODE_1856_length_1670_cov_29.264163	794	874	0	14	80	0.1750000
NODE_1856_length_1670_cov_29.264163	794	874	2	7	80	0.0875000
NODE_1856_length_1670_cov_29.264163	794	874	4	59	80	0.7375000
NODE_1857_length_1669_cov_5.913376	246	326	0	1	80	0.0125000
NODE_1857_length_1669_cov_5.913376	246	326	2	52	80	0.6500000
NODE_1857_length_1669_cov_5.913376	246	326	4	27	80	0.3375000
NODE_1857_length_1669_cov_5.913376	299	379	2	38	80	0.4750000
NODE_1857_length_1669_cov_5.913376	299	379	4	42	80	0.5250000
NODE_1860_length_1668_cov_18.372212	1100	1180	2	5	80	0.0625000
NODE_1860_length_1668_cov_18.372212	1100	1180	6	11	80	0.1375000
NODE_1860_length_1668_cov_18.372212	1100	1180	8	64	80	0.8000000
NODE_1860_length_1668_cov_18.372212	1153	1233	4	17	80	0.2125000
NODE_1860_length_1668_cov_18.372212	1153	1233	6	21	80	0.2625000
NODE_1860_length_1668_cov_18.372212	1153	1233	8	42	80	0.5250000
NODE_1861_length_1667_cov_15.651786	902	982	12	14	80	0.1750000
NODE_1861_length_1667_cov_15.651786	902	982	13	37	80	0.4625000
NODE_1861_length_1667_cov_15.651786	902	982	14	29	80	0.3625000
NODE_1861_length_1667_cov_15.651786	955	1035	0	7	80	0.0875000
NODE_1861_length_1667_cov_15.651786	955	1035	1	45	80	0.5625000
NODE_1861_length_1667_cov_15.651786	955	1035	12	15	80	0.1875000
NODE_1861_length_1667_cov_15.651786	955	1035	13	13	80	0.1625000
NODE_1862_length_1667_cov_3.661352	649	679	0	30	30	1.0000000
NODE_1865_length_1666_cov_4.601149	1541	1623	0	19	82	0.2317073
NODE_1865_length_1666_cov_4.601149	1541	1623	2	1	82	0.0121951
NODE_1865_length_1666_cov_4.601149	1541	1623	4	62	82	0.7560976
NODE_1865_length_1666_cov_4.601149	1553	1613	0	7	60	0.1166667
NODE_1865_length_1666_cov_4.601149	1553	1613	2	1	60	0.0166667
NODE_1865_length_1666_cov_4.601149	1553	1613	4	52	60	0.8666667
NODE_1865_length_1666_cov_4.601149	1553	1613	0	7	60	0.1166667
NODE_1865_length_1666_cov_4.601149	1553	1613	2	1	60	0.0166667
NODE_1865_length_1666_cov_4.601149	1553	1613	4	52	60	0.8666667
NODE_1865_length_1666_cov_4.601149	1557	1623	0	3	66	0.0454545
NODE_1865_length_1666_cov_4.601149	1557	1623	2	1	66	0.0151515
NODE_1865_length_1666_cov_4.601149	1557	1623	4	62	66	0.9393939
NODE_1865_length_1666_cov_4.601149	1596	1666	0	3	70	0.0428571
NODE_1865_length_1666_cov_4.601149	1596	1666	2	9	70	0.1285714
NODE_1865_length_1666_cov_4.601149	1596	1666	4	58	70	0.8285714
NODE_1865_length_1666_cov_4.601149	1596	1666	0	3	70	0.0428571
NODE_1865_length_1666_cov_4.601149	1596	1666	2	9	70	0.1285714
NODE_1865_length_1666_cov_4.601149	1596	1666	4	58	70	0.8285714
NODE_1865_length_1666_cov_4.601149	1596	1666	0	3	70	0.0428571
NODE_1865_length_1666_cov_4.601149	1596	1666	2	9	70	0.1285714
NODE_1865_length_1666_cov_4.601149	1596	1666	4	58	70	0.8285714
NODE_1872_length_1662_cov_16.638516	538	618	12	6	80	0.0750000
NODE_1872_length_1662_cov_16.638516	538	618	14	17	80	0.2125000
NODE_1872_length_1662_cov_16.638516	538	618	16	19	80	0.2375000
NODE_1872_length_1662_cov_16.638516	538	618	18	9	80	0.1125000
NODE_1872_length_1662_cov_16.638516	538	618	21	4	80	0.0500000
NODE_1872_length_1662_cov_16.638516	538	618	25	25	80	0.3125000
NODE_1872_length_1662_cov_16.638516	591	671	13	31	80	0.3875000
NODE_1872_length_1662_cov_16.638516	591	671	21	3	80	0.0375000
NODE_1872_length_1662_cov_16.638516	591	671	23	16	80	0.2000000
NODE_1872_length_1662_cov_16.638516	591	671	25	25	80	0.3125000
NODE_1872_length_1662_cov_16.638516	591	671	27	5	80	0.0625000
NODE_1872_length_1662_cov_16.638516	667	747	0	3	80	0.0375000
NODE_1872_length_1662_cov_16.638516	667	747	2	5	80	0.0625000
NODE_1872_length_1662_cov_16.638516	667	747	4	2	80	0.0250000
NODE_1872_length_1662_cov_16.638516	667	747	5	23	80	0.2875000
NODE_1872_length_1662_cov_16.638516	667	747	9	3	80	0.0375000
NODE_1872_length_1662_cov_16.638516	667	747	11	1	80	0.0125000
NODE_1872_length_1662_cov_16.638516	667	747	13	43	80	0.5375000
NODE_1872_length_1662_cov_16.638516	720	800	0	56	80	0.7000000
NODE_1872_length_1662_cov_16.638516	720	800	2	5	80	0.0625000
NODE_1872_length_1662_cov_16.638516	720	800	4	2	80	0.0250000
NODE_1872_length_1662_cov_16.638516	720	800	5	17	80	0.2125000
NODE_1876_length_1660_cov_28.297886	415	495	4	25	80	0.3125000
NODE_1876_length_1660_cov_28.297886	415	495	6	26	80	0.3250000
NODE_1876_length_1660_cov_28.297886	415	495	10	29	80	0.3625000
NODE_1876_length_1660_cov_28.297886	468	548	6	39	80	0.4875000
NODE_1876_length_1660_cov_28.297886	468	548	8	5	80	0.0625000
NODE_1876_length_1660_cov_28.297886	468	548	10	36	80	0.4500000
NODE_1886_length_1654_cov_17.245016	631	711	1	12	80	0.1500000
NODE_1886_length_1654_cov_17.245016	631	711	2	14	80	0.1750000
NODE_1886_length_1654_cov_17.245016	631	711	4	34	80	0.4250000
NODE_1886_length_1654_cov_17.245016	631	711	5	20	80	0.2500000
NODE_1886_length_1654_cov_17.245016	684	764	2	3	80	0.0375000
NODE_1886_length_1654_cov_17.245016	684	764	4	77	80	0.9625000
NODE_1888_length_1653_cov_34.827542	0	41	0	41	41	1.0000000
NODE_1888_length_1653_cov_34.827542	14	44	0	30	30	1.0000000
NODE_1888_length_1653_cov_34.827542	1081	1161	4	5	80	0.0625000
NODE_1888_length_1653_cov_34.827542	1081	1161	5	1	80	0.0125000
NODE_1888_length_1653_cov_34.827542	1081	1161	7	6	80	0.0750000
NODE_1888_length_1653_cov_34.827542	1081	1161	8	12	80	0.1500000
NODE_1888_length_1653_cov_34.827542	1081	1161	10	6	80	0.0750000
NODE_1888_length_1653_cov_34.827542	1081	1161	12	40	80	0.5000000
NODE_1888_length_1653_cov_34.827542	1081	1161	14	5	80	0.0625000
NODE_1888_length_1653_cov_34.827542	1081	1161	17	5	80	0.0625000
NODE_1888_length_1653_cov_34.827542	1134	1214	12	17	80	0.2125000
NODE_1888_length_1653_cov_34.827542	1134	1214	14	5	80	0.0625000
NODE_1888_length_1653_cov_34.827542	1134	1214	16	6	80	0.0750000
NODE_1888_length_1653_cov_34.827542	1134	1214	17	20	80	0.2500000
NODE_1888_length_1653_cov_34.827542	1134	1214	18	7	80	0.0875000
NODE_1888_length_1653_cov_34.827542	1134	1214	19	5	80	0.0625000
NODE_1888_length_1653_cov_34.827542	1134	1214	20	2	80	0.0250000
NODE_1888_length_1653_cov_34.827542	1134	1214	23	6	80	0.0750000
NODE_1888_length_1653_cov_34.827542	1134	1214	25	2	80	0.0250000
NODE_1888_length_1653_cov_34.827542	1134	1214	27	10	80	0.1250000
NODE_1888_length_1653_cov_34.827542	1210	1290	25	4	80	0.0500000
NODE_1888_length_1653_cov_34.827542	1210	1290	26	5	80	0.0625000
NODE_1888_length_1653_cov_34.827542	1210	1290	27	17	80	0.2125000
NODE_1888_length_1653_cov_34.827542	1210	1290	28	3	80	0.0375000
NODE_1888_length_1653_cov_34.827542	1210	1290	29	1	80	0.0125000
NODE_1888_length_1653_cov_34.827542	1210	1290	34	2	80	0.0250000
NODE_1888_length_1653_cov_34.827542	1210	1290	35	3	80	0.0375000
NODE_1888_length_1653_cov_34.827542	1210	1290	38	7	80	0.0875000
NODE_1888_length_1653_cov_34.827542	1210	1290	40	21	80	0.2625000
NODE_1888_length_1653_cov_34.827542	1210	1290	42	17	80	0.2125000
NODE_1888_length_1653_cov_34.827542	1263	1339	28	7	76	0.0921053
NODE_1888_length_1653_cov_34.827542	1263	1339	30	10	76	0.1315790
NODE_1888_length_1653_cov_34.827542	1263	1339	32	2	76	0.0263158
NODE_1888_length_1653_cov_34.827542	1263	1339	33	2	76	0.0263158
NODE_1888_length_1653_cov_34.827542	1263	1339	35	9	76	0.1184211
NODE_1888_length_1653_cov_34.827542	1263	1339	36	1	76	0.0131579
NODE_1888_length_1653_cov_34.827542	1263	1339	38	4	76	0.0526316
NODE_1888_length_1653_cov_34.827542	1263	1339	40	24	76	0.3157895
NODE_1888_length_1653_cov_34.827542	1263	1339	42	17	76	0.2236842
NODE_1892_length_1652_cov_23.939472	1352	1432	0	80	80	1.0000000
NODE_1892_length_1652_cov_23.939472	1405	1485	0	80	80	1.0000000
NODE_1894_length_1651_cov_3.916881	1552	1617	4	65	65	1.0000000
NODE_1899_length_1649_cov_7.480000	774	854	0	80	80	1.0000000
NODE_1899_length_1649_cov_7.480000	827	907	0	80	80	1.0000000
NODE_1903_length_1647_cov_3.534238	1012	1075	4	20	63	0.3174603
NODE_1903_length_1647_cov_3.534238	1012	1075	6	43	63	0.6825397
NODE_1906_length_1645_cov_16.040103	155	235	0	12	80	0.1500000
NODE_1906_length_1645_cov_16.040103	155	235	4	44	80	0.5500000
NODE_1906_length_1645_cov_16.040103	155	235	6	24	80	0.3000000
NODE_1906_length_1645_cov_16.040103	208	288	4	3	80	0.0375000
NODE_1906_length_1645_cov_16.040103	208	288	6	77	80	0.9625000
NODE_1906_length_1645_cov_16.040103	1090	1170	0	42	80	0.5250000
NODE_1906_length_1645_cov_16.040103	1090	1170	4	38	80	0.4750000
NODE_1906_length_1645_cov_16.040103	1143	1222	4	79	79	1.0000000
NODE_1908_length_1644_cov_2.902913	1160	1240	2	9	80	0.1125000
NODE_1908_length_1644_cov_2.902913	1160	1240	4	71	80	0.8875000
NODE_1917_length_1641_cov_34.032425	487	567	0	26	80	0.3250000
NODE_1917_length_1641_cov_34.032425	487	567	4	54	80	0.6750000
NODE_1917_length_1641_cov_34.032425	540	620	4	80	80	1.0000000
NODE_1917_length_1641_cov_34.032425	616	696	0	8	80	0.1000000
NODE_1917_length_1641_cov_34.032425	616	696	4	71	80	0.8875000
NODE_1917_length_1641_cov_34.032425	616	696	6	1	80	0.0125000
NODE_1917_length_1641_cov_34.032425	669	749	2	13	80	0.1625000
NODE_1917_length_1641_cov_34.032425	669	749	4	26	80	0.3250000
NODE_1917_length_1641_cov_34.032425	669	749	6	41	80	0.5125000
NODE_1917_length_1641_cov_34.032425	1168	1248	0	80	80	1.0000000
NODE_1917_length_1641_cov_34.032425	1219	1301	0	82	82	1.0000000
NODE_1918_length_1641_cov_7.042802	339	390	2	51	51	1.0000000
NODE_1922_length_1640_cov_33.097339	943	1023	0	42	80	0.5250000
NODE_1922_length_1640_cov_33.097339	943	1023	2	38	80	0.4750000
NODE_1922_length_1640_cov_33.097339	996	1076	2	80	80	1.0000000
NODE_1922_length_1640_cov_33.097339	1072	1152	2	52	80	0.6500000
NODE_1922_length_1640_cov_33.097339	1072	1152	4	28	80	0.3500000
NODE_1922_length_1640_cov_33.097339	1125	1206	0	46	81	0.5679013
NODE_1922_length_1640_cov_33.097339	1125	1206	2	35	81	0.4320988
NODE_1923_length_1640_cov_18.519143	471	551	21	6	80	0.0750000
NODE_1923_length_1640_cov_18.519143	471	551	34	3	80	0.0375000
NODE_1923_length_1640_cov_18.519143	471	551	36	14	80	0.1750000
NODE_1923_length_1640_cov_18.519143	471	551	38	13	80	0.1625000
NODE_1923_length_1640_cov_18.519143	471	551	40	24	80	0.3000000
NODE_1923_length_1640_cov_18.519143	471	551	41	10	80	0.1250000
NODE_1923_length_1640_cov_18.519143	471	551	43	8	80	0.1000000
NODE_1923_length_1640_cov_18.519143	471	551	45	2	80	0.0250000
NODE_1923_length_1640_cov_18.519143	524	604	20	9	80	0.1125000
NODE_1923_length_1640_cov_18.519143	524	604	24	7	80	0.0875000
NODE_1923_length_1640_cov_18.519143	524	604	26	6	80	0.0750000
NODE_1923_length_1640_cov_18.519143	524	604	28	7	80	0.0875000
NODE_1923_length_1640_cov_18.519143	524	604	30	5	80	0.0625000
NODE_1923_length_1640_cov_18.519143	524	604	40	7	80	0.0875000
NODE_1923_length_1640_cov_18.519143	524	604	41	10	80	0.1250000
NODE_1923_length_1640_cov_18.519143	524	604	43	14	80	0.1750000
NODE_1923_length_1640_cov_18.519143	524	604	45	15	80	0.1875000
NODE_1925_length_1639_cov_6.585714	975	1056	0	5	81	0.0617284
NODE_1925_length_1639_cov_6.585714	975	1056	2	76	81	0.9382716
NODE_1925_length_1639_cov_6.585714	1028	1109	0	58	81	0.7160494
NODE_1925_length_1639_cov_6.585714	1028	1109	2	23	81	0.2839506
NODE_1926_length_1639_cov_2.163636	1260	1334	2	29	74	0.3918919
NODE_1926_length_1639_cov_2.163636	1260	1334	6	45	74	0.6081081
NODE_1926_length_1639_cov_2.163636	1312	1387	4	29	75	0.3866667
NODE_1926_length_1639_cov_2.163636	1312	1387	6	46	75	0.6133333
NODE_1928_length_1638_cov_18.598441	443	523	0	7	80	0.0875000
NODE_1928_length_1638_cov_18.598441	443	523	2	12	80	0.1500000
NODE_1928_length_1638_cov_18.598441	443	523	6	7	80	0.0875000
NODE_1928_length_1638_cov_18.598441	443	523	8	4	80	0.0500000
NODE_1928_length_1638_cov_18.598441	443	523	10	50	80	0.6250000
NODE_1928_length_1638_cov_18.598441	496	576	6	23	80	0.2875000
NODE_1928_length_1638_cov_18.598441	496	576	8	22	80	0.2750000
NODE_1928_length_1638_cov_18.598441	496	576	10	35	80	0.4375000
NODE_1928_length_1638_cov_18.598441	1157	1237	0	80	80	1.0000000
NODE_1928_length_1638_cov_18.598441	1210	1290	0	80	80	1.0000000
NODE_1932_length_1637_cov_12.048765	410	490	8	1	80	0.0125000
NODE_1932_length_1637_cov_12.048765	410	490	10	13	80	0.1625000
NODE_1932_length_1637_cov_12.048765	410	490	12	1	80	0.0125000
NODE_1932_length_1637_cov_12.048765	410	490	13	23	80	0.2875000
NODE_1932_length_1637_cov_12.048765	410	490	15	16	80	0.2000000
NODE_1932_length_1637_cov_12.048765	410	490	16	2	80	0.0250000
NODE_1932_length_1637_cov_12.048765	410	490	17	24	80	0.3000000
NODE_1932_length_1637_cov_12.048765	463	543	2	4	80	0.0500000
NODE_1932_length_1637_cov_12.048765	463	543	4	2	80	0.0250000
NODE_1932_length_1637_cov_12.048765	463	543	6	1	80	0.0125000
NODE_1932_length_1637_cov_12.048765	463	543	7	4	80	0.0500000
NODE_1932_length_1637_cov_12.048765	463	543	9	4	80	0.0500000
NODE_1932_length_1637_cov_12.048765	463	543	10	9	80	0.1125000
NODE_1932_length_1637_cov_12.048765	463	543	12	6	80	0.0750000
NODE_1932_length_1637_cov_12.048765	463	543	14	22	80	0.2750000
NODE_1932_length_1637_cov_12.048765	463	543	15	1	80	0.0125000
NODE_1932_length_1637_cov_12.048765	463	543	16	3	80	0.0375000
NODE_1932_length_1637_cov_12.048765	463	543	17	24	80	0.3000000
NODE_1932_length_1637_cov_12.048765	1081	1161	6	21	80	0.2625000
NODE_1932_length_1637_cov_12.048765	1081	1161	8	59	80	0.7375000
NODE_1932_length_1637_cov_12.048765	1134	1214	0	29	80	0.3625000
NODE_1932_length_1637_cov_12.048765	1134	1214	6	45	80	0.5625000
NODE_1932_length_1637_cov_12.048765	1134	1214	8	6	80	0.0750000
NODE_1934_length_1635_cov_21.022786	958	1038	6	56	80	0.7000000
NODE_1934_length_1635_cov_21.022786	958	1038	7	1	80	0.0125000
NODE_1934_length_1635_cov_21.022786	958	1038	8	23	80	0.2875000
NODE_1934_length_1635_cov_21.022786	1011	1091	0	33	80	0.4125000
NODE_1934_length_1635_cov_21.022786	1011	1091	4	18	80	0.2250000
NODE_1934_length_1635_cov_21.022786	1011	1091	6	29	80	0.3625000
NODE_1934_length_1635_cov_21.022786	1087	1167	0	80	80	1.0000000
NODE_1934_length_1635_cov_21.022786	1140	1220	0	80	80	1.0000000
NODE_1936_length_1633_cov_16.743807	1067	1147	4	12	80	0.1500000
NODE_1936_length_1633_cov_16.743807	1067	1147	6	11	80	0.1375000
NODE_1936_length_1633_cov_16.743807	1067	1147	8	18	80	0.2250000
NODE_1936_length_1633_cov_16.743807	1067	1147	10	20	80	0.2500000
NODE_1936_length_1633_cov_16.743807	1067	1147	12	8	80	0.1000000
NODE_1936_length_1633_cov_16.743807	1067	1147	14	11	80	0.1375000
NODE_1936_length_1633_cov_16.743807	1120	1200	4	14	80	0.1750000
NODE_1936_length_1633_cov_16.743807	1120	1200	6	8	80	0.1000000
NODE_1936_length_1633_cov_16.743807	1120	1200	8	12	80	0.1500000
NODE_1936_length_1633_cov_16.743807	1120	1200	10	34	80	0.4250000
NODE_1936_length_1633_cov_16.743807	1120	1200	12	1	80	0.0125000
NODE_1936_length_1633_cov_16.743807	1120	1200	14	11	80	0.1375000
NODE_1937_length_1633_cov_14.271838	977	1057	2	13	80	0.1625000
NODE_1937_length_1633_cov_14.271838	977	1057	4	26	80	0.3250000
NODE_1937_length_1633_cov_14.271838	977	1057	6	6	80	0.0750000
NODE_1937_length_1633_cov_14.271838	977	1057	8	35	80	0.4375000
NODE_1937_length_1633_cov_14.271838	1030	1110	3	20	80	0.2500000
NODE_1937_length_1633_cov_14.271838	1030	1110	4	5	80	0.0625000
NODE_1937_length_1633_cov_14.271838	1030	1110	5	16	80	0.2000000
NODE_1937_length_1633_cov_14.271838	1030	1110	6	8	80	0.1000000
NODE_1937_length_1633_cov_14.271838	1030	1110	8	31	80	0.3875000
NODE_1937_length_1633_cov_14.271838	1106	1186	3	20	80	0.2500000
NODE_1937_length_1633_cov_14.271838	1106	1186	5	19	80	0.2375000
NODE_1937_length_1633_cov_14.271838	1106	1186	6	27	80	0.3375000
NODE_1937_length_1633_cov_14.271838	1106	1186	7	14	80	0.1750000
NODE_1937_length_1633_cov_14.271838	1159	1239	1	13	80	0.1625000
NODE_1937_length_1633_cov_14.271838	1159	1239	5	2	80	0.0250000
NODE_1937_length_1633_cov_14.271838	1159	1239	6	65	80	0.8125000
NODE_1939_length_1631_cov_25.881201	424	504	2	21	80	0.2625000
NODE_1939_length_1631_cov_25.881201	424	504	3	6	80	0.0750000
NODE_1939_length_1631_cov_25.881201	424	504	4	18	80	0.2250000
NODE_1939_length_1631_cov_25.881201	424	504	5	5	80	0.0625000
NODE_1939_length_1631_cov_25.881201	424	504	6	1	80	0.0125000
NODE_1939_length_1631_cov_25.881201	424	504	7	17	80	0.2125000
NODE_1939_length_1631_cov_25.881201	424	504	10	12	80	0.1500000
NODE_1939_length_1631_cov_25.881201	477	557	7	15	80	0.1875000
NODE_1939_length_1631_cov_25.881201	477	557	10	12	80	0.1500000
NODE_1939_length_1631_cov_25.881201	477	557	12	20	80	0.2500000
NODE_1939_length_1631_cov_25.881201	477	557	14	33	80	0.4125000
NODE_1939_length_1631_cov_25.881201	553	633	9	7	80	0.0875000
NODE_1939_length_1631_cov_25.881201	553	633	10	8	80	0.1000000
NODE_1939_length_1631_cov_25.881201	553	633	11	7	80	0.0875000
NODE_1939_length_1631_cov_25.881201	553	633	12	20	80	0.2500000
NODE_1939_length_1631_cov_25.881201	553	633	13	6	80	0.0750000
NODE_1939_length_1631_cov_25.881201	553	633	14	32	80	0.4000000
NODE_1939_length_1631_cov_25.881201	606	686	8	5	80	0.0625000
NODE_1939_length_1631_cov_25.881201	606	686	9	10	80	0.1250000
NODE_1939_length_1631_cov_25.881201	606	686	10	39	80	0.4875000
NODE_1939_length_1631_cov_25.881201	606	686	11	7	80	0.0875000
NODE_1939_length_1631_cov_25.881201	606	686	12	9	80	0.1125000
NODE_1939_length_1631_cov_25.881201	606	686	13	6	80	0.0750000
NODE_1939_length_1631_cov_25.881201	606	686	14	4	80	0.0500000
NODE_1943_length_1629_cov_32.733987	518	598	0	80	80	1.0000000
NODE_1943_length_1629_cov_32.733987	635	715	0	35	80	0.4375000
NODE_1943_length_1629_cov_32.733987	635	715	2	45	80	0.5625000
NODE_1943_length_1629_cov_32.733987	688	768	0	29	80	0.3625000
NODE_1943_length_1629_cov_32.733987	688	768	2	51	80	0.6375000
NODE_1946_length_1628_cov_15.551995	1454	1518	60	1	64	0.0156250
NODE_1946_length_1628_cov_15.551995	1454	1518	65	1	64	0.0156250
NODE_1946_length_1628_cov_15.551995	1454	1518	70	1	64	0.0156250
NODE_1946_length_1628_cov_15.551995	1454	1518	72	1	64	0.0156250
NODE_1946_length_1628_cov_15.551995	1454	1518	75	4	64	0.0625000
NODE_1946_length_1628_cov_15.551995	1454	1518	77	1	64	0.0156250
NODE_1946_length_1628_cov_15.551995	1454	1518	81	2	64	0.0312500
NODE_1946_length_1628_cov_15.551995	1454	1518	87	4	64	0.0625000
NODE_1946_length_1628_cov_15.551995	1454	1518	88	2	64	0.0312500
NODE_1946_length_1628_cov_15.551995	1454	1518	90	3	64	0.0468750
NODE_1946_length_1628_cov_15.551995	1454	1518	92	1	64	0.0156250
NODE_1946_length_1628_cov_15.551995	1454	1518	93	15	64	0.2343750
NODE_1946_length_1628_cov_15.551995	1454	1518	95	6	64	0.0937500
NODE_1946_length_1628_cov_15.551995	1454	1518	97	5	64	0.0781250
NODE_1946_length_1628_cov_15.551995	1454	1518	99	1	64	0.0156250
NODE_1946_length_1628_cov_15.551995	1454	1518	101	10	64	0.1562500
NODE_1946_length_1628_cov_15.551995	1454	1518	103	6	64	0.0937500
NODE_1947_length_1628_cov_4.852845	81	163	11	1	82	0.0121951
NODE_1947_length_1628_cov_4.852845	81	163	13	3	82	0.0365854
NODE_1947_length_1628_cov_4.852845	81	163	15	2	82	0.0243902
NODE_1947_length_1628_cov_4.852845	81	163	16	8	82	0.0975610
NODE_1947_length_1628_cov_4.852845	81	163	18	10	82	0.1219512
NODE_1947_length_1628_cov_4.852845	81	163	19	11	82	0.1341463
NODE_1947_length_1628_cov_4.852845	81	163	20	47	82	0.5731707
NODE_1952_length_1626_cov_20.549443	495	575	0	11	80	0.1375000
NODE_1952_length_1626_cov_20.549443	495	575	2	5	80	0.0625000
NODE_1952_length_1626_cov_20.549443	495	575	4	15	80	0.1875000
NODE_1952_length_1626_cov_20.549443	495	575	8	48	80	0.6000000
NODE_1952_length_1626_cov_20.549443	495	575	10	1	80	0.0125000
NODE_1952_length_1626_cov_20.549443	548	628	0	64	80	0.8000000
NODE_1952_length_1626_cov_20.549443	548	628	2	5	80	0.0625000
NODE_1952_length_1626_cov_20.549443	548	628	4	11	80	0.1375000
NODE_1953_length_1626_cov_6.552718	1189	1269	2	80	80	1.0000000
NODE_1953_length_1626_cov_6.552718	1242	1321	0	26	79	0.3291139
NODE_1953_length_1626_cov_6.552718	1242	1321	2	53	79	0.6708861
NODE_1954_length_1626_cov_4.728880	247	329	2	5	82	0.0609756
NODE_1954_length_1626_cov_4.728880	247	329	4	46	82	0.5609756
NODE_1954_length_1626_cov_4.728880	247	329	6	31	82	0.3780488
NODE_1954_length_1626_cov_4.728880	302	382	2	33	80	0.4125000
NODE_1954_length_1626_cov_4.728880	302	382	4	36	80	0.4500000
NODE_1954_length_1626_cov_4.728880	302	382	6	11	80	0.1375000
NODE_1956_length_1625_cov_20.598952	938	1018	6	38	80	0.4750000
NODE_1956_length_1625_cov_20.598952	938	1018	10	42	80	0.5250000
NODE_1956_length_1625_cov_20.598952	991	1071	0	23	80	0.2875000
NODE_1956_length_1625_cov_20.598952	991	1071	4	26	80	0.3250000
NODE_1956_length_1625_cov_20.598952	991	1071	6	31	80	0.3875000
NODE_1962_length_1623_cov_28.551181	416	486	12	3	70	0.0428571
NODE_1962_length_1623_cov_28.551181	416	486	14	67	70	0.9571428
NODE_1962_length_1623_cov_28.551181	459	507	5	8	48	0.1666667
NODE_1962_length_1623_cov_28.551181	459	507	6	1	48	0.0208333
NODE_1962_length_1623_cov_28.551181	459	507	7	1	48	0.0208333
NODE_1962_length_1623_cov_28.551181	459	507	8	6	48	0.1250000
NODE_1962_length_1623_cov_28.551181	459	507	9	3	48	0.0625000
NODE_1962_length_1623_cov_28.551181	459	507	10	2	48	0.0416667
NODE_1962_length_1623_cov_28.551181	459	507	12	3	48	0.0625000
NODE_1962_length_1623_cov_28.551181	459	507	14	24	48	0.5000000
NODE_1965_length_1622_cov_7.969140	645	725	0	80	80	1.0000000
NODE_1965_length_1622_cov_7.969140	698	778	0	80	80	1.0000000
NODE_1970_length_1621_cov_2.192510	330	401	2	1	71	0.0140845
NODE_1970_length_1621_cov_2.192510	330	401	4	5	71	0.0704225
NODE_1970_length_1621_cov_2.192510	330	401	8	19	71	0.2676056
NODE_1970_length_1621_cov_2.192510	330	401	10	46	71	0.6478873
NODE_1975_length_1618_cov_44.138907	361	441	2	7	80	0.0875000
NODE_1975_length_1618_cov_44.138907	361	441	6	73	80	0.9125000
NODE_1975_length_1618_cov_44.138907	414	494	4	40	80	0.5000000
NODE_1975_length_1618_cov_44.138907	414	494	6	40	80	0.5000000
NODE_1975_length_1618_cov_44.138907	1063	1143	0	16	80	0.2000000
NODE_1975_length_1618_cov_44.138907	1063	1143	2	50	80	0.6250000
NODE_1975_length_1618_cov_44.138907	1063	1143	8	14	80	0.1750000
NODE_1975_length_1618_cov_44.138907	1116	1196	2	13	80	0.1625000
NODE_1975_length_1618_cov_44.138907	1116	1196	8	24	80	0.3000000
NODE_1975_length_1618_cov_44.138907	1116	1196	10	43	80	0.5375000
NODE_1976_length_1618_cov_5.779460	332	414	2	17	82	0.2073171
NODE_1976_length_1618_cov_5.779460	332	414	4	65	82	0.7926829
NODE_1976_length_1618_cov_5.779460	387	467	0	44	80	0.5500000
NODE_1976_length_1618_cov_5.779460	387	467	2	11	80	0.1375000
NODE_1976_length_1618_cov_5.779460	387	467	4	25	80	0.3125000
NODE_1976_length_1618_cov_5.779460	972	1028	1	36	56	0.6428571
NODE_1976_length_1618_cov_5.779460	972	1028	5	20	56	0.3571429
NODE_1980_length_1616_cov_5.313777	589	669	0	4	80	0.0500000
NODE_1980_length_1616_cov_5.313777	589	669	4	76	80	0.9500000
NODE_1980_length_1616_cov_5.313777	642	722	0	57	80	0.7125000
NODE_1980_length_1616_cov_5.313777	642	722	4	23	80	0.2875000
NODE_1981_length_1615_cov_12.575858	1032	1112	0	80	80	1.0000000
NODE_1981_length_1615_cov_12.575858	1085	1162	0	56	77	0.7272727
NODE_1981_length_1615_cov_12.575858	1085	1162	2	4	77	0.0519481
NODE_1981_length_1615_cov_12.575858	1085	1162	3	17	77	0.2207792
NODE_1981_length_1615_cov_12.575858	1158	1238	3	4	80	0.0500000
NODE_1981_length_1615_cov_12.575858	1158	1238	4	76	80	0.9500000
NODE_1981_length_1615_cov_12.575858	1211	1291	2	41	80	0.5125000
NODE_1981_length_1615_cov_12.575858	1211	1291	4	39	80	0.4875000
NODE_1983_length_1614_cov_94.900990	0	46	13	6	46	0.1304348
NODE_1983_length_1614_cov_94.900990	0	46	19	5	46	0.1086956
NODE_1983_length_1614_cov_94.900990	0	46	21	2	46	0.0434783
NODE_1983_length_1614_cov_94.900990	0	46	22	4	46	0.0869565
NODE_1983_length_1614_cov_94.900990	0	46	26	11	46	0.2391304
NODE_1983_length_1614_cov_94.900990	0	46	28	13	46	0.2826087
NODE_1983_length_1614_cov_94.900990	0	46	30	5	46	0.1086956
NODE_1983_length_1614_cov_94.900990	23	99	26	5	76	0.0657895
NODE_1983_length_1614_cov_94.900990	23	99	28	13	76	0.1710526
NODE_1983_length_1614_cov_94.900990	23	99	30	15	76	0.1973684
NODE_1983_length_1614_cov_94.900990	23	99	32	43	76	0.5657895
NODE_1984_length_1614_cov_18.799340	655	735	0	24	80	0.3000000
NODE_1984_length_1614_cov_18.799340	655	735	4	6	80	0.0750000
NODE_1984_length_1614_cov_18.799340	655	735	6	50	80	0.6250000
NODE_1984_length_1614_cov_18.799340	708	788	0	2	80	0.0250000
NODE_1984_length_1614_cov_18.799340	708	788	4	12	80	0.1500000
NODE_1984_length_1614_cov_18.799340	708	788	6	66	80	0.8250000
NODE_1986_length_1613_cov_6.865258	1128	1203	11	4	75	0.0533333
NODE_1986_length_1613_cov_6.865258	1128	1203	12	32	75	0.4266667
NODE_1986_length_1613_cov_6.865258	1128	1203	14	14	75	0.1866667
NODE_1986_length_1613_cov_6.865258	1128	1203	15	13	75	0.1733333
NODE_1986_length_1613_cov_6.865258	1128	1203	16	12	75	0.1600000
NODE_1986_length_1613_cov_6.865258	1176	1256	6	26	80	0.3250000
NODE_1986_length_1613_cov_6.865258	1176	1256	8	1	80	0.0125000
NODE_1986_length_1613_cov_6.865258	1176	1256	10	7	80	0.0875000
NODE_1986_length_1613_cov_6.865258	1176	1256	11	4	80	0.0500000
NODE_1986_length_1613_cov_6.865258	1176	1256	13	7	80	0.0875000
NODE_1986_length_1613_cov_6.865258	1176	1256	14	22	80	0.2750000
NODE_1986_length_1613_cov_6.865258	1176	1256	15	1	80	0.0125000
NODE_1986_length_1613_cov_6.865258	1176	1256	16	12	80	0.1500000
NODE_1993_length_1610_cov_18.014560	1035	1115	2	43	80	0.5375000
NODE_1993_length_1610_cov_18.014560	1035	1115	4	37	80	0.4625000
NODE_1993_length_1610_cov_18.014560	1088	1168	2	55	80	0.6875000
NODE_1993_length_1610_cov_18.014560	1088	1168	4	25	80	0.3125000
NODE_2001_length_1603_cov_9.128324	1109	1189	0	4	80	0.0500000
NODE_2001_length_1603_cov_9.128324	1109	1189	3	3	80	0.0375000
NODE_2001_length_1603_cov_9.128324	1109	1189	6	73	80	0.9125000
NODE_2001_length_1603_cov_9.128324	1162	1242	6	27	80	0.3375000
NODE_2001_length_1603_cov_9.128324	1162	1242	8	5	80	0.0625000
NODE_2001_length_1603_cov_9.128324	1162	1242	10	48	80	0.6000000
NODE_2003_length_1602_cov_79.840319	1378	1445	12	25	67	0.3731343
NODE_2003_length_1602_cov_79.840319	1378	1445	16	1	67	0.0149254
NODE_2003_length_1602_cov_79.840319	1378	1445	18	11	67	0.1641791
NODE_2003_length_1602_cov_79.840319	1378	1445	22	2	67	0.0298507
NODE_2003_length_1602_cov_79.840319	1378	1445	24	5	67	0.0746269
NODE_2003_length_1602_cov_79.840319	1378	1445	25	16	67	0.2388060
NODE_2003_length_1602_cov_79.840319	1378	1445	27	5	67	0.0746269
NODE_2003_length_1602_cov_79.840319	1378	1445	29	2	67	0.0298507
NODE_2003_length_1602_cov_79.840319	1462	1508	5	18	46	0.3913043
NODE_2003_length_1602_cov_79.840319	1462	1508	6	13	46	0.2826087
NODE_2003_length_1602_cov_79.840319	1462	1508	7	4	46	0.0869565
NODE_2003_length_1602_cov_79.840319	1462	1508	9	9	46	0.1956522
NODE_2003_length_1602_cov_79.840319	1462	1508	10	2	46	0.0434783
NODE_2004_length_1602_cov_2.701264	1490	1570	4	9	80	0.1125000
NODE_2004_length_1602_cov_2.701264	1490	1570	6	6	80	0.0750000
NODE_2004_length_1602_cov_2.701264	1490	1570	8	4	80	0.0500000
NODE_2004_length_1602_cov_2.701264	1490	1570	10	61	80	0.7625000
NODE_2009_length_1600_cov_34.988008	785	865	4	8	80	0.1000000
NODE_2009_length_1600_cov_34.988008	785	865	8	3	80	0.0375000
NODE_2009_length_1600_cov_34.988008	785	865	9	3	80	0.0375000
NODE_2009_length_1600_cov_34.988008	785	865	13	1	80	0.0125000
NODE_2009_length_1600_cov_34.988008	785	865	14	18	80	0.2250000
NODE_2009_length_1600_cov_34.988008	785	865	16	21	80	0.2625000
NODE_2009_length_1600_cov_34.988008	785	865	17	8	80	0.1000000
NODE_2009_length_1600_cov_34.988008	785	865	18	18	80	0.2250000
NODE_2009_length_1600_cov_34.988008	838	918	2	11	80	0.1375000
NODE_2009_length_1600_cov_34.988008	838	918	6	8	80	0.1000000
NODE_2009_length_1600_cov_34.988008	838	918	10	7	80	0.0875000
NODE_2009_length_1600_cov_34.988008	838	918	12	8	80	0.1000000
NODE_2009_length_1600_cov_34.988008	838	918	14	37	80	0.4625000
NODE_2009_length_1600_cov_34.988008	838	918	16	9	80	0.1125000
NODE_2009_length_1600_cov_34.988008	914	994	0	19	80	0.2375000
NODE_2009_length_1600_cov_34.988008	914	994	1	12	80	0.1500000
NODE_2009_length_1600_cov_34.988008	914	994	2	32	80	0.4000000
NODE_2009_length_1600_cov_34.988008	914	994	4	17	80	0.2125000
NODE_2009_length_1600_cov_34.988008	967	1047	0	10	80	0.1250000
NODE_2009_length_1600_cov_34.988008	967	1047	4	70	80	0.8750000
NODE_2011_length_1600_cov_11.383744	0	72	0	72	72	1.0000000
NODE_2011_length_1600_cov_11.383744	45	99	0	54	54	1.0000000
NODE_2011_length_1600_cov_11.383744	891	971	2	2	80	0.0250000
NODE_2011_length_1600_cov_11.383744	891	971	4	2	80	0.0250000
NODE_2011_length_1600_cov_11.383744	891	971	6	76	80	0.9500000
NODE_2011_length_1600_cov_11.383744	944	1024	0	6	80	0.0750000
NODE_2011_length_1600_cov_11.383744	944	1024	2	49	80	0.6125000
NODE_2011_length_1600_cov_11.383744	944	1024	6	25	80	0.3125000
NODE_2013_length_1600_cov_7.236509	1037	1109	0	58	72	0.8055556
NODE_2013_length_1600_cov_7.236509	1037	1109	1	1	72	0.0138889
NODE_2013_length_1600_cov_7.236509	1037	1109	2	13	72	0.1805556
NODE_2013_length_1600_cov_7.236509	1090	1160	0	5	70	0.0714286
NODE_2013_length_1600_cov_7.236509	1090	1160	1	1	70	0.0142857
NODE_2013_length_1600_cov_7.236509	1090	1160	2	64	70	0.9142857
NODE_2018_length_1598_cov_29.337558	335	415	2	26	80	0.3250000
NODE_2018_length_1598_cov_29.337558	335	415	4	40	80	0.5000000
NODE_2018_length_1598_cov_29.337558	335	415	6	12	80	0.1500000
NODE_2018_length_1598_cov_29.337558	335	415	8	2	80	0.0250000
NODE_2018_length_1598_cov_29.337558	388	468	2	4	80	0.0500000
NODE_2018_length_1598_cov_29.337558	388	468	4	19	80	0.2375000
NODE_2018_length_1598_cov_29.337558	388	468	6	39	80	0.4875000
NODE_2018_length_1598_cov_29.337558	388	468	8	18	80	0.2250000
NODE_2018_length_1598_cov_29.337558	464	516	0	20	52	0.3846154
NODE_2018_length_1598_cov_29.337558	464	516	2	32	52	0.6153846
NODE_2018_length_1598_cov_29.337558	1026	1106	0	30	80	0.3750000
NODE_2018_length_1598_cov_29.337558	1026	1106	2	21	80	0.2625000
NODE_2018_length_1598_cov_29.337558	1026	1106	4	29	80	0.3625000
NODE_2018_length_1598_cov_29.337558	1079	1159	2	1	80	0.0125000
NODE_2018_length_1598_cov_29.337558	1079	1159	4	79	80	0.9875000
NODE_2019_length_1598_cov_3.730487	1117	1197	2	9	80	0.1125000
NODE_2019_length_1598_cov_3.730487	1117	1197	4	24	80	0.3000000
NODE_2019_length_1598_cov_3.730487	1117	1197	6	47	80	0.5875000
NODE_2021_length_1597_cov_7.434579	1373	1453	2	1	80	0.0125000
NODE_2021_length_1597_cov_7.434579	1373	1453	3	30	80	0.3750000
NODE_2021_length_1597_cov_7.434579	1373	1453	4	2	80	0.0250000
NODE_2021_length_1597_cov_7.434579	1373	1453	5	9	80	0.1125000
NODE_2021_length_1597_cov_7.434579	1373	1453	14	1	80	0.0125000
NODE_2021_length_1597_cov_7.434579	1373	1453	15	5	80	0.0625000
NODE_2021_length_1597_cov_7.434579	1373	1453	21	7	80	0.0875000
NODE_2021_length_1597_cov_7.434579	1373	1453	22	5	80	0.0625000
NODE_2021_length_1597_cov_7.434579	1373	1453	24	1	80	0.0125000
NODE_2021_length_1597_cov_7.434579	1373	1453	38	1	80	0.0125000
NODE_2021_length_1597_cov_7.434579	1373	1453	39	1	80	0.0125000
NODE_2021_length_1597_cov_7.434579	1373	1453	50	1	80	0.0125000
NODE_2021_length_1597_cov_7.434579	1373	1453	51	1	80	0.0125000
NODE_2021_length_1597_cov_7.434579	1373	1453	70	1	80	0.0125000
NODE_2021_length_1597_cov_7.434579	1373	1453	71	1	80	0.0125000
NODE_2021_length_1597_cov_7.434579	1373	1453	76	1	80	0.0125000
NODE_2021_length_1597_cov_7.434579	1373	1453	77	1	80	0.0125000
NODE_2021_length_1597_cov_7.434579	1373	1453	83	1	80	0.0125000
NODE_2021_length_1597_cov_7.434579	1373	1453	91	1	80	0.0125000
NODE_2021_length_1597_cov_7.434579	1373	1453	97	2	80	0.0250000
NODE_2021_length_1597_cov_7.434579	1373	1453	100	1	80	0.0125000
NODE_2021_length_1597_cov_7.434579	1373	1453	110	1	80	0.0125000
NODE_2021_length_1597_cov_7.434579	1373	1453	116	1	80	0.0125000
NODE_2021_length_1597_cov_7.434579	1373	1453	118	1	80	0.0125000
NODE_2021_length_1597_cov_7.434579	1373	1453	121	2	80	0.0250000
NODE_2021_length_1597_cov_7.434579	1373	1453	125	1	80	0.0125000
NODE_2021_length_1597_cov_7.434579	1382	1453	3	22	71	0.3098592
NODE_2021_length_1597_cov_7.434579	1382	1453	4	2	71	0.0281690
NODE_2021_length_1597_cov_7.434579	1382	1453	5	9	71	0.1267606
NODE_2021_length_1597_cov_7.434579	1382	1453	14	1	71	0.0140845
NODE_2021_length_1597_cov_7.434579	1382	1453	15	5	71	0.0704225
NODE_2021_length_1597_cov_7.434579	1382	1453	21	7	71	0.0985916
NODE_2021_length_1597_cov_7.434579	1382	1453	22	5	71	0.0704225
NODE_2021_length_1597_cov_7.434579	1382	1453	24	1	71	0.0140845
NODE_2021_length_1597_cov_7.434579	1382	1453	38	1	71	0.0140845
NODE_2021_length_1597_cov_7.434579	1382	1453	39	1	71	0.0140845
NODE_2021_length_1597_cov_7.434579	1382	1453	50	1	71	0.0140845
NODE_2021_length_1597_cov_7.434579	1382	1453	51	1	71	0.0140845
NODE_2021_length_1597_cov_7.434579	1382	1453	70	1	71	0.0140845
NODE_2021_length_1597_cov_7.434579	1382	1453	71	1	71	0.0140845
NODE_2021_length_1597_cov_7.434579	1382	1453	76	1	71	0.0140845
NODE_2021_length_1597_cov_7.434579	1382	1453	77	1	71	0.0140845
NODE_2021_length_1597_cov_7.434579	1382	1453	83	1	71	0.0140845
NODE_2021_length_1597_cov_7.434579	1382	1453	91	1	71	0.0140845
NODE_2021_length_1597_cov_7.434579	1382	1453	97	2	71	0.0281690
NODE_2021_length_1597_cov_7.434579	1382	1453	100	1	71	0.0140845
NODE_2021_length_1597_cov_7.434579	1382	1453	110	1	71	0.0140845
NODE_2021_length_1597_cov_7.434579	1382	1453	116	1	71	0.0140845
NODE_2021_length_1597_cov_7.434579	1382	1453	118	1	71	0.0140845
NODE_2021_length_1597_cov_7.434579	1382	1453	121	2	71	0.0281690
NODE_2021_length_1597_cov_7.434579	1382	1453	125	1	71	0.0140845
NODE_2022_length_1595_cov_16.788770	215	267	2	7	52	0.1346154
NODE_2022_length_1595_cov_16.788770	215	267	3	5	52	0.0961538
NODE_2022_length_1595_cov_16.788770	215	267	7	13	52	0.2500000
NODE_2022_length_1595_cov_16.788770	215	267	8	27	52	0.5192308
NODE_2022_length_1595_cov_16.788770	614	673	32	12	59	0.2033898
NODE_2022_length_1595_cov_16.788770	614	673	35	22	59	0.3728814
NODE_2022_length_1595_cov_16.788770	614	673	36	3	59	0.0508475
NODE_2022_length_1595_cov_16.788770	614	673	38	22	59	0.3728814
NODE_2025_length_1593_cov_22.412316	144	224	0	45	80	0.5625000
NODE_2025_length_1593_cov_22.412316	144	224	2	35	80	0.4375000
NODE_2025_length_1593_cov_22.412316	197	277	0	80	80	1.0000000
NODE_2025_length_1593_cov_22.412316	1192	1272	4	1	80	0.0125000
NODE_2025_length_1593_cov_22.412316	1192	1272	6	21	80	0.2625000
NODE_2025_length_1593_cov_22.412316	1192	1272	8	58	80	0.7250000
NODE_2025_length_1593_cov_22.412316	1245	1325	3	11	80	0.1375000
NODE_2025_length_1593_cov_22.412316	1245	1325	4	40	80	0.5000000
NODE_2025_length_1593_cov_22.412316	1245	1325	6	24	80	0.3000000
NODE_2025_length_1593_cov_22.412316	1245	1325	8	5	80	0.0625000
NODE_2026_length_1593_cov_14.092369	357	437	0	15	80	0.1875000
NODE_2026_length_1593_cov_14.092369	357	437	2	4	80	0.0500000
NODE_2026_length_1593_cov_14.092369	357	437	10	4	80	0.0500000
NODE_2026_length_1593_cov_14.092369	357	437	12	57	80	0.7125000
NODE_2026_length_1593_cov_14.092369	410	490	2	31	80	0.3875000
NODE_2026_length_1593_cov_14.092369	410	490	10	12	80	0.1500000
NODE_2026_length_1593_cov_14.092369	410	490	12	37	80	0.4625000
NODE_2026_length_1593_cov_14.092369	1061	1141	1	1	80	0.0125000
NODE_2026_length_1593_cov_14.092369	1061	1141	3	4	80	0.0500000
NODE_2026_length_1593_cov_14.092369	1061	1141	4	75	80	0.9375000
NODE_2026_length_1593_cov_14.092369	1114	1194	2	15	80	0.1875000
NODE_2026_length_1593_cov_14.092369	1114	1194	4	65	80	0.8125000
NODE_2031_length_1592_cov_4.576691	277	357	6	25	80	0.3125000
NODE_2031_length_1592_cov_4.576691	277	357	10	55	80	0.6875000
NODE_2031_length_1592_cov_4.576691	330	410	0	17	80	0.2125000
NODE_2031_length_1592_cov_4.576691	330	410	6	61	80	0.7625000
NODE_2031_length_1592_cov_4.576691	330	410	10	2	80	0.0250000
NODE_2034_length_1591_cov_15.481233	841	921	2	12	80	0.1500000
NODE_2034_length_1591_cov_15.481233	841	921	4	11	80	0.1375000
NODE_2034_length_1591_cov_15.481233	841	921	6	9	80	0.1125000
NODE_2034_length_1591_cov_15.481233	841	921	8	19	80	0.2375000
NODE_2034_length_1591_cov_15.481233	841	921	10	21	80	0.2625000
NODE_2034_length_1591_cov_15.481233	841	921	14	8	80	0.1000000
NODE_2034_length_1591_cov_15.481233	894	974	10	40	80	0.5000000
NODE_2034_length_1591_cov_15.481233	894	974	14	40	80	0.5000000
NODE_2035_length_1591_cov_4.040885	35	65	0	30	30	1.0000000
NODE_2035_length_1591_cov_4.040885	38	99	0	61	61	1.0000000
NODE_2042_length_1589_cov_10.184564	379	459	0	56	80	0.7000000
NODE_2042_length_1589_cov_10.184564	379	459	3	24	80	0.3000000
NODE_2042_length_1589_cov_10.184564	432	512	0	3	80	0.0375000
NODE_2042_length_1589_cov_10.184564	432	512	3	67	80	0.8375000
NODE_2042_length_1589_cov_10.184564	432	512	4	10	80	0.1250000
NODE_2042_length_1589_cov_10.184564	473	512	3	29	39	0.7435898
NODE_2042_length_1589_cov_10.184564	473	512	4	10	39	0.2564103
NODE_2042_length_1589_cov_10.184564	508	588	3	6	80	0.0750000
NODE_2042_length_1589_cov_10.184564	508	588	4	8	80	0.1000000
NODE_2042_length_1589_cov_10.184564	508	588	6	32	80	0.4000000
NODE_2042_length_1589_cov_10.184564	508	588	7	32	80	0.4000000
NODE_2042_length_1589_cov_10.184564	508	588	9	2	80	0.0250000
NODE_2042_length_1589_cov_10.184564	561	641	4	3	80	0.0375000
NODE_2042_length_1589_cov_10.184564	561	641	6	27	80	0.3375000
NODE_2042_length_1589_cov_10.184564	561	641	8	50	80	0.6250000
NODE_2043_length_1588_cov_9.955675	415	495	0	19	80	0.2375000
NODE_2043_length_1588_cov_9.955675	415	495	2	61	80	0.7625000
NODE_2043_length_1588_cov_9.955675	468	548	0	23	80	0.2875000
NODE_2043_length_1588_cov_9.955675	468	548	2	57	80	0.7125000
NODE_2046_length_1587_cov_7.942204	710	790	0	65	80	0.8125000
NODE_2046_length_1587_cov_7.942204	710	790	1	13	80	0.1625000
NODE_2046_length_1587_cov_7.942204	710	790	2	2	80	0.0250000
NODE_2046_length_1587_cov_7.942204	763	843	0	80	80	1.0000000
NODE_2049_length_1586_cov_6.488231	447	474	4	8	27	0.2962963
NODE_2049_length_1586_cov_6.488231	447	474	8	19	27	0.7037037
NODE_2049_length_1586_cov_6.488231	447	527	4	8	80	0.1000000
NODE_2049_length_1586_cov_6.488231	447	527	8	72	80	0.9000000
NODE_2049_length_1586_cov_6.488231	500	580	0	25	80	0.3125000
NODE_2049_length_1586_cov_6.488231	500	580	4	9	80	0.1125000
NODE_2049_length_1586_cov_6.488231	500	580	8	46	80	0.5750000
NODE_2056_length_1583_cov_27.825472	800	880	6	3	80	0.0375000
NODE_2056_length_1583_cov_27.825472	800	880	8	23	80	0.2875000
NODE_2056_length_1583_cov_27.825472	800	880	10	54	80	0.6750000
NODE_2056_length_1583_cov_27.825472	853	933	0	15	80	0.1875000
NODE_2056_length_1583_cov_27.825472	853	933	2	18	80	0.2250000
NODE_2056_length_1583_cov_27.825472	853	933	4	3	80	0.0375000
NODE_2056_length_1583_cov_27.825472	853	933	6	6	80	0.0750000
NODE_2056_length_1583_cov_27.825472	853	933	8	14	80	0.1750000
NODE_2056_length_1583_cov_27.825472	853	933	10	24	80	0.3000000
NODE_2056_length_1583_cov_27.825472	929	1009	0	65	80	0.8125000
NODE_2056_length_1583_cov_27.825472	929	1009	2	15	80	0.1875000
NODE_2056_length_1583_cov_27.825472	982	1062	0	12	80	0.1500000
NODE_2056_length_1583_cov_27.825472	982	1062	2	68	80	0.8500000
NODE_2060_length_1581_cov_10.610661	457	537	4	35	80	0.4375000
NODE_2060_length_1581_cov_10.610661	457	537	6	45	80	0.5625000
NODE_2060_length_1581_cov_10.610661	510	590	0	26	80	0.3250000
NODE_2060_length_1581_cov_10.610661	510	590	1	4	80	0.0500000
NODE_2060_length_1581_cov_10.610661	510	590	3	7	80	0.0875000
NODE_2060_length_1581_cov_10.610661	510	590	4	38	80	0.4750000
NODE_2060_length_1581_cov_10.610661	510	590	6	5	80	0.0625000
NODE_2065_length_1579_cov_7.395946	5	80	0	75	75	1.0000000
NODE_2065_length_1579_cov_7.395946	58	126	0	68	68	1.0000000
NODE_2066_length_1579_cov_7.152027	1331	1409	0	78	78	1.0000000
NODE_2066_length_1579_cov_7.152027	1382	1462	0	80	80	1.0000000
NODE_2067_length_1579_cov_6.741892	4	52	39	2	48	0.0416667
NODE_2067_length_1579_cov_6.741892	4	52	44	1	48	0.0208333
NODE_2067_length_1579_cov_6.741892	4	52	45	3	48	0.0625000
NODE_2067_length_1579_cov_6.741892	4	52	48	2	48	0.0416667
NODE_2067_length_1579_cov_6.741892	4	52	50	1	48	0.0208333
NODE_2067_length_1579_cov_6.741892	4	52	51	2	48	0.0416667
NODE_2067_length_1579_cov_6.741892	4	52	52	3	48	0.0625000
NODE_2067_length_1579_cov_6.741892	4	52	56	8	48	0.1666667
NODE_2067_length_1579_cov_6.741892	4	52	60	3	48	0.0625000
NODE_2067_length_1579_cov_6.741892	4	52	61	5	48	0.1041667
NODE_2067_length_1579_cov_6.741892	4	52	62	7	48	0.1458333
NODE_2067_length_1579_cov_6.741892	4	52	64	2	48	0.0416667
NODE_2067_length_1579_cov_6.741892	4	52	68	1	48	0.0208333
NODE_2067_length_1579_cov_6.741892	4	52	76	8	48	0.1666667
NODE_2067_length_1579_cov_6.741892	4	52	39	2	48	0.0416667
NODE_2067_length_1579_cov_6.741892	4	52	44	1	48	0.0208333
NODE_2067_length_1579_cov_6.741892	4	52	45	3	48	0.0625000
NODE_2067_length_1579_cov_6.741892	4	52	48	2	48	0.0416667
NODE_2067_length_1579_cov_6.741892	4	52	50	1	48	0.0208333
NODE_2067_length_1579_cov_6.741892	4	52	51	2	48	0.0416667
NODE_2067_length_1579_cov_6.741892	4	52	52	3	48	0.0625000
NODE_2067_length_1579_cov_6.741892	4	52	56	8	48	0.1666667
NODE_2067_length_1579_cov_6.741892	4	52	60	3	48	0.0625000
NODE_2067_length_1579_cov_6.741892	4	52	61	5	48	0.1041667
NODE_2067_length_1579_cov_6.741892	4	52	62	7	48	0.1458333
NODE_2067_length_1579_cov_6.741892	4	52	64	2	48	0.0416667
NODE_2067_length_1579_cov_6.741892	4	52	68	1	48	0.0208333
NODE_2067_length_1579_cov_6.741892	4	52	76	8	48	0.1666667
NODE_2067_length_1579_cov_6.741892	4	52	39	2	48	0.0416667
NODE_2067_length_1579_cov_6.741892	4	52	44	1	48	0.0208333
NODE_2067_length_1579_cov_6.741892	4	52	45	3	48	0.0625000
NODE_2067_length_1579_cov_6.741892	4	52	48	2	48	0.0416667
NODE_2067_length_1579_cov_6.741892	4	52	50	1	48	0.0208333
NODE_2067_length_1579_cov_6.741892	4	52	51	2	48	0.0416667
NODE_2067_length_1579_cov_6.741892	4	52	52	3	48	0.0625000
NODE_2067_length_1579_cov_6.741892	4	52	56	8	48	0.1666667
NODE_2067_length_1579_cov_6.741892	4	52	60	3	48	0.0625000
NODE_2067_length_1579_cov_6.741892	4	52	61	5	48	0.1041667
NODE_2067_length_1579_cov_6.741892	4	52	62	7	48	0.1458333
NODE_2067_length_1579_cov_6.741892	4	52	64	2	48	0.0416667
NODE_2067_length_1579_cov_6.741892	4	52	68	1	48	0.0208333
NODE_2067_length_1579_cov_6.741892	4	52	76	8	48	0.1666667
NODE_2067_length_1579_cov_6.741892	25	105	56	1	80	0.0125000
NODE_2067_length_1579_cov_6.741892	25	105	60	3	80	0.0375000
NODE_2067_length_1579_cov_6.741892	25	105	61	5	80	0.0625000
NODE_2067_length_1579_cov_6.741892	25	105	62	7	80	0.0875000
NODE_2067_length_1579_cov_6.741892	25	105	64	2	80	0.0250000
NODE_2067_length_1579_cov_6.741892	25	105	68	1	80	0.0125000
NODE_2067_length_1579_cov_6.741892	25	105	76	10	80	0.1250000
NODE_2067_length_1579_cov_6.741892	25	105	78	51	80	0.6375000
NODE_2067_length_1579_cov_6.741892	25	91	56	1	66	0.0151515
NODE_2067_length_1579_cov_6.741892	25	91	60	3	66	0.0454545
NODE_2067_length_1579_cov_6.741892	25	91	61	5	66	0.0757576
NODE_2067_length_1579_cov_6.741892	25	91	62	7	66	0.1060606
NODE_2067_length_1579_cov_6.741892	25	91	64	2	66	0.0303030
NODE_2067_length_1579_cov_6.741892	25	91	68	1	66	0.0151515
NODE_2067_length_1579_cov_6.741892	25	91	76	10	66	0.1515152
NODE_2067_length_1579_cov_6.741892	25	91	78	37	66	0.5606061
NODE_2067_length_1579_cov_6.741892	25	96	56	1	71	0.0140845
NODE_2067_length_1579_cov_6.741892	25	96	60	3	71	0.0422535
NODE_2067_length_1579_cov_6.741892	25	96	61	5	71	0.0704225
NODE_2067_length_1579_cov_6.741892	25	96	62	7	71	0.0985916
NODE_2067_length_1579_cov_6.741892	25	96	64	2	71	0.0281690
NODE_2067_length_1579_cov_6.741892	25	96	68	1	71	0.0140845
NODE_2067_length_1579_cov_6.741892	25	96	76	10	71	0.1408451
NODE_2067_length_1579_cov_6.741892	25	96	78	42	71	0.5915493
NODE_2076_length_1575_cov_4.250000	993	1073	2	80	80	1.0000000
NODE_2076_length_1575_cov_4.250000	1046	1126	0	23	80	0.2875000
NODE_2076_length_1575_cov_4.250000	1046	1126	2	57	80	0.7125000
NODE_2078_length_1574_cov_40.682034	551	631	10	28	80	0.3500000
NODE_2078_length_1574_cov_40.682034	551	631	12	52	80	0.6500000
NODE_2078_length_1574_cov_40.682034	604	684	0	8	80	0.1000000
NODE_2078_length_1574_cov_40.682034	604	684	5	18	80	0.2250000
NODE_2078_length_1574_cov_40.682034	604	684	6	2	80	0.0250000
NODE_2078_length_1574_cov_40.682034	604	684	10	19	80	0.2375000
NODE_2078_length_1574_cov_40.682034	604	684	12	33	80	0.4125000
NODE_2078_length_1574_cov_40.682034	680	760	0	11	80	0.1375000
NODE_2078_length_1574_cov_40.682034	680	760	6	3	80	0.0375000
NODE_2078_length_1574_cov_40.682034	680	760	14	1	80	0.0125000
NODE_2078_length_1574_cov_40.682034	680	760	15	35	80	0.4375000
NODE_2078_length_1574_cov_40.682034	680	760	16	30	80	0.3750000
NODE_2078_length_1574_cov_40.682034	733	813	6	11	80	0.1375000
NODE_2078_length_1574_cov_40.682034	733	813	12	7	80	0.0875000
NODE_2078_length_1574_cov_40.682034	733	813	16	62	80	0.7750000
NODE_2079_length_1574_cov_7.572203	1306	1386	4	9	80	0.1125000
NODE_2079_length_1574_cov_7.572203	1306	1386	8	71	80	0.8875000
NODE_2079_length_1574_cov_7.572203	1359	1439	0	38	80	0.4750000
NODE_2079_length_1574_cov_7.572203	1359	1439	4	18	80	0.2250000
NODE_2079_length_1574_cov_7.572203	1359	1439	8	24	80	0.3000000
NODE_2081_length_1573_cov_16.107191	437	512	2	75	75	1.0000000
NODE_2081_length_1573_cov_16.107191	485	565	2	52	80	0.6500000
NODE_2081_length_1573_cov_16.107191	485	565	5	1	80	0.0125000
NODE_2081_length_1573_cov_16.107191	485	565	6	26	80	0.3250000
NODE_2081_length_1573_cov_16.107191	485	565	7	1	80	0.0125000
NODE_2081_length_1573_cov_16.107191	561	639	6	78	78	1.0000000
NODE_2081_length_1573_cov_16.107191	612	692	0	45	80	0.5625000
NODE_2081_length_1573_cov_16.107191	612	692	5	1	80	0.0125000
NODE_2081_length_1573_cov_16.107191	612	692	6	34	80	0.4250000
NODE_2085_length_1572_cov_25.966735	359	404	57	3	45	0.0666667
NODE_2085_length_1572_cov_25.966735	359	404	59	5	45	0.1111111
NODE_2085_length_1572_cov_25.966735	359	404	60	9	45	0.2000000
NODE_2085_length_1572_cov_25.966735	359	404	62	8	45	0.1777778
NODE_2085_length_1572_cov_25.966735	359	404	64	1	45	0.0222222
NODE_2085_length_1572_cov_25.966735	359	404	65	1	45	0.0222222
NODE_2085_length_1572_cov_25.966735	359	404	66	1	45	0.0222222
NODE_2085_length_1572_cov_25.966735	359	404	68	5	45	0.1111111
NODE_2085_length_1572_cov_25.966735	359	404	69	3	45	0.0666667
NODE_2085_length_1572_cov_25.966735	359	404	71	2	45	0.0444444
NODE_2085_length_1572_cov_25.966735	359	404	77	1	45	0.0222222
NODE_2085_length_1572_cov_25.966735	359	404	80	5	45	0.1111111
NODE_2085_length_1572_cov_25.966735	359	404	82	1	45	0.0222222
NODE_2085_length_1572_cov_25.966735	405	477	56	5	72	0.0694444
NODE_2085_length_1572_cov_25.966735	405	477	57	2	72	0.0277778
NODE_2085_length_1572_cov_25.966735	405	477	58	2	72	0.0277778
NODE_2085_length_1572_cov_25.966735	405	477	59	10	72	0.1388889
NODE_2085_length_1572_cov_25.966735	405	477	61	3	72	0.0416667
NODE_2085_length_1572_cov_25.966735	405	477	62	7	72	0.0972222
NODE_2085_length_1572_cov_25.966735	405	477	63	5	72	0.0694444
NODE_2085_length_1572_cov_25.966735	405	477	64	2	72	0.0277778
NODE_2085_length_1572_cov_25.966735	405	477	65	6	72	0.0833333
NODE_2085_length_1572_cov_25.966735	405	477	67	7	72	0.0972222
NODE_2085_length_1572_cov_25.966735	405	477	69	1	72	0.0138889
NODE_2085_length_1572_cov_25.966735	405	477	72	1	72	0.0138889
NODE_2085_length_1572_cov_25.966735	405	477	73	3	72	0.0416667
NODE_2085_length_1572_cov_25.966735	405	477	74	5	72	0.0694444
NODE_2085_length_1572_cov_25.966735	405	477	75	3	72	0.0416667
NODE_2085_length_1572_cov_25.966735	405	477	76	1	72	0.0138889
NODE_2085_length_1572_cov_25.966735	405	477	78	8	72	0.1111111
NODE_2085_length_1572_cov_25.966735	405	477	80	1	72	0.0138889
NODE_2085_length_1572_cov_25.966735	1016	1096	2	4	80	0.0500000
NODE_2085_length_1572_cov_25.966735	1016	1096	4	76	80	0.9500000
NODE_2085_length_1572_cov_25.966735	1069	1149	2	35	80	0.4375000
NODE_2085_length_1572_cov_25.966735	1069	1149	4	38	80	0.4750000
NODE_2085_length_1572_cov_25.966735	1069	1149	6	7	80	0.0875000
NODE_2086_length_1572_cov_3.513238	1386	1462	2	16	76	0.2105263
NODE_2086_length_1572_cov_3.513238	1386	1462	4	16	76	0.2105263
NODE_2086_length_1572_cov_3.513238	1386	1462	6	44	76	0.5789474
NODE_2090_length_1570_cov_21.745071	700	780	0	69	80	0.8625000
NODE_2090_length_1570_cov_21.745071	700	780	2	11	80	0.1375000
NODE_2090_length_1570_cov_21.745071	753	833	0	80	80	1.0000000
NODE_2091_length_1570_cov_3.276003	387	467	0	79	80	0.9875000
NODE_2091_length_1570_cov_3.276003	387	467	2	1	80	0.0125000
NODE_2091_length_1570_cov_3.276003	440	520	0	26	80	0.3250000
NODE_2091_length_1570_cov_3.276003	440	520	2	54	80	0.6750000
NODE_2093_length_1569_cov_53.941497	741	821	25	5	80	0.0625000
NODE_2093_length_1569_cov_53.941497	741	821	26	11	80	0.1375000
NODE_2093_length_1569_cov_53.941497	741	821	28	38	80	0.4750000
NODE_2093_length_1569_cov_53.941497	741	821	34	2	80	0.0250000
NODE_2093_length_1569_cov_53.941497	741	821	36	2	80	0.0250000
NODE_2093_length_1569_cov_53.941497	741	821	38	2	80	0.0250000
NODE_2093_length_1569_cov_53.941497	741	821	39	20	80	0.2500000
NODE_2093_length_1569_cov_53.941497	794	874	12	40	80	0.5000000
NODE_2093_length_1569_cov_53.941497	794	874	25	5	80	0.0625000
NODE_2093_length_1569_cov_53.941497	794	874	26	24	80	0.3000000
NODE_2093_length_1569_cov_53.941497	794	874	36	1	80	0.0125000
NODE_2093_length_1569_cov_53.941497	794	874	39	10	80	0.1250000
NODE_2093_length_1569_cov_53.941497	870	950	0	26	80	0.3250000
NODE_2093_length_1569_cov_53.941497	870	950	6	27	80	0.3375000
NODE_2093_length_1569_cov_53.941497	870	950	10	10	80	0.1250000
NODE_2093_length_1569_cov_53.941497	870	950	12	17	80	0.2125000
NODE_2093_length_1569_cov_53.941497	923	1003	0	79	80	0.9875000
NODE_2093_length_1569_cov_53.941497	923	1003	6	1	80	0.0125000
NODE_2094_length_1569_cov_12.426531	640	720	0	1	80	0.0125000
NODE_2094_length_1569_cov_12.426531	640	720	1	1	80	0.0125000
NODE_2094_length_1569_cov_12.426531	640	720	2	5	80	0.0625000
NODE_2094_length_1569_cov_12.426531	640	720	4	73	80	0.9125000
NODE_2094_length_1569_cov_12.426531	693	773	0	54	80	0.6750000
NODE_2094_length_1569_cov_12.426531	693	773	1	1	80	0.0125000
NODE_2094_length_1569_cov_12.426531	693	773	2	5	80	0.0625000
NODE_2094_length_1569_cov_12.426531	693	773	4	20	80	0.2500000
NODE_2094_length_1569_cov_12.426531	769	849	0	80	80	1.0000000
NODE_2094_length_1569_cov_12.426531	822	902	0	80	80	1.0000000
NODE_2095_length_1569_cov_12.365986	450	530	0	60	80	0.7500000
NODE_2095_length_1569_cov_12.365986	450	530	2	20	80	0.2500000
NODE_2095_length_1569_cov_12.365986	450	530	0	60	80	0.7500000
NODE_2095_length_1569_cov_12.365986	450	530	2	20	80	0.2500000
NODE_2095_length_1569_cov_12.365986	503	564	0	7	61	0.1147541
NODE_2095_length_1569_cov_12.365986	503	564	2	54	61	0.8852459
NODE_2095_length_1569_cov_12.365986	503	556	0	7	53	0.1320755
NODE_2095_length_1569_cov_12.365986	503	556	2	46	53	0.8679245
NODE_2096_length_1569_cov_11.599320	798	878	0	32	80	0.4000000
NODE_2096_length_1569_cov_11.599320	798	878	6	11	80	0.1375000
NODE_2096_length_1569_cov_11.599320	798	878	8	9	80	0.1125000
NODE_2096_length_1569_cov_11.599320	798	878	10	28	80	0.3500000
NODE_2096_length_1569_cov_11.599320	851	931	10	80	80	1.0000000
NODE_2097_length_1569_cov_10.917687	521	601	0	80	80	1.0000000
NODE_2097_length_1569_cov_10.917687	574	654	0	40	80	0.5000000
NODE_2097_length_1569_cov_10.917687	574	654	2	40	80	0.5000000
NODE_2108_length_1563_cov_15.357240	590	670	6	8	80	0.1000000
NODE_2108_length_1563_cov_15.357240	590	670	8	66	80	0.8250000
NODE_2108_length_1563_cov_15.357240	590	670	10	6	80	0.0750000
NODE_2108_length_1563_cov_15.357240	643	723	4	15	80	0.1875000
NODE_2108_length_1563_cov_15.357240	643	723	6	33	80	0.4125000
NODE_2108_length_1563_cov_15.357240	643	723	8	27	80	0.3375000
NODE_2108_length_1563_cov_15.357240	643	723	10	5	80	0.0625000
NODE_2110_length_1561_cov_18.420657	354	434	0	16	80	0.2000000
NODE_2110_length_1561_cov_18.420657	354	434	2	64	80	0.8000000
NODE_2110_length_1561_cov_18.420657	407	487	0	18	80	0.2250000
NODE_2110_length_1561_cov_18.420657	407	487	2	62	80	0.7750000
NODE_2110_length_1561_cov_18.420657	483	563	0	21	80	0.2625000
NODE_2110_length_1561_cov_18.420657	483	563	4	13	80	0.1625000
NODE_2110_length_1561_cov_18.420657	483	563	5	1	80	0.0125000
NODE_2110_length_1561_cov_18.420657	483	563	6	45	80	0.5625000
NODE_2110_length_1561_cov_18.420657	536	616	0	13	80	0.1625000
NODE_2110_length_1561_cov_18.420657	536	616	4	38	80	0.4750000
NODE_2110_length_1561_cov_18.420657	536	616	6	29	80	0.3625000
NODE_2116_length_1559_cov_7.071233	347	427	0	80	80	1.0000000
NODE_2116_length_1559_cov_7.071233	400	478	0	78	78	1.0000000
NODE_2116_length_1559_cov_7.071233	1187	1238	10	1	51	0.0196078
NODE_2116_length_1559_cov_7.071233	1187	1238	13	10	51	0.1960784
NODE_2116_length_1559_cov_7.071233	1187	1238	14	40	51	0.7843137
NODE_2118_length_1558_cov_3.486635	338	418	1	5	80	0.0625000
NODE_2118_length_1558_cov_3.486635	338	418	2	75	80	0.9375000
NODE_2118_length_1558_cov_3.486635	391	471	0	11	80	0.1375000
NODE_2118_length_1558_cov_3.486635	391	471	1	47	80	0.5875000
NODE_2118_length_1558_cov_3.486635	391	471	2	22	80	0.2750000
NODE_2119_length_1557_cov_17.089163	542	622	2	8	80	0.1000000
NODE_2119_length_1557_cov_17.089163	542	622	4	72	80	0.9000000
NODE_2119_length_1557_cov_17.089163	595	675	0	49	80	0.6125000
NODE_2119_length_1557_cov_17.089163	595	675	2	1	80	0.0125000
NODE_2119_length_1557_cov_17.089163	595	675	4	30	80	0.3750000
NODE_2120_length_1557_cov_4.639918	0	56	0	17	56	0.3035714
NODE_2120_length_1557_cov_4.639918	0	56	2	39	56	0.6964286
NODE_2120_length_1557_cov_4.639918	49	112	2	56	63	0.8888889
NODE_2120_length_1557_cov_4.639918	49	112	4	7	63	0.1111111
NODE_2120_length_1557_cov_4.639918	85	161	2	40	76	0.5263158
NODE_2120_length_1557_cov_4.639918	85	161	4	36	76	0.4736842
NODE_2123_length_1556_cov_23.289636	456	536	0	20	80	0.2500000
NODE_2123_length_1556_cov_23.289636	456	536	6	10	80	0.1250000
NODE_2123_length_1556_cov_23.289636	456	536	8	24	80	0.3000000
NODE_2123_length_1556_cov_23.289636	456	536	9	18	80	0.2250000
NODE_2123_length_1556_cov_23.289636	456	536	10	8	80	0.1000000
NODE_2123_length_1556_cov_23.289636	509	589	7	29	80	0.3625000
NODE_2123_length_1556_cov_23.289636	509	589	8	1	80	0.0125000
NODE_2123_length_1556_cov_23.289636	509	589	9	42	80	0.5250000
NODE_2123_length_1556_cov_23.289636	509	589	10	8	80	0.1000000
NODE_2123_length_1556_cov_23.289636	681	761	0	75	80	0.9375000
NODE_2123_length_1556_cov_23.289636	681	761	4	5	80	0.0625000
NODE_2123_length_1556_cov_23.289636	734	814	0	22	80	0.2750000
NODE_2123_length_1556_cov_23.289636	734	814	4	6	80	0.0750000
NODE_2123_length_1556_cov_23.289636	734	814	6	52	80	0.6500000
NODE_2123_length_1556_cov_23.289636	1445	1525	58	6	80	0.0750000
NODE_2123_length_1556_cov_23.289636	1445	1525	60	74	80	0.9250000
NODE_2124_length_1556_cov_7.494166	300	380	2	46	80	0.5750000
NODE_2124_length_1556_cov_7.494166	300	380	4	34	80	0.4250000
NODE_2124_length_1556_cov_7.494166	353	433	2	71	80	0.8875000
NODE_2124_length_1556_cov_7.494166	353	433	4	9	80	0.1125000
NODE_2126_length_1555_cov_13.461538	666	746	0	33	80	0.4125000
NODE_2126_length_1555_cov_13.461538	666	746	2	47	80	0.5875000
NODE_2126_length_1555_cov_13.461538	719	799	0	10	80	0.1250000
NODE_2126_length_1555_cov_13.461538	719	799	2	70	80	0.8750000
NODE_2127_length_1554_cov_30.239175	144	226	0	82	82	1.0000000
NODE_2127_length_1554_cov_30.239175	199	279	0	52	80	0.6500000
NODE_2127_length_1554_cov_30.239175	199	279	2	1	80	0.0125000
NODE_2127_length_1554_cov_30.239175	199	279	4	27	80	0.3375000
NODE_2127_length_1554_cov_30.239175	877	903	0	26	26	1.0000000
NODE_2127_length_1554_cov_30.239175	930	1010	0	80	80	1.0000000
NODE_2127_length_1554_cov_30.239175	983	1063	0	80	80	1.0000000
NODE_2128_length_1554_cov_5.381443	1494	1554	6	1	60	0.0166667
NODE_2128_length_1554_cov_5.381443	1494	1554	10	1	60	0.0166667
NODE_2128_length_1554_cov_5.381443	1494	1554	12	2	60	0.0333333
NODE_2128_length_1554_cov_5.381443	1494	1554	20	1	60	0.0166667
NODE_2128_length_1554_cov_5.381443	1494	1554	29	1	60	0.0166667
NODE_2128_length_1554_cov_5.381443	1494	1554	37	1	60	0.0166667
NODE_2128_length_1554_cov_5.381443	1494	1554	42	2	60	0.0333333
NODE_2128_length_1554_cov_5.381443	1494	1554	45	2	60	0.0333333
NODE_2128_length_1554_cov_5.381443	1494	1554	47	2	60	0.0333333
NODE_2128_length_1554_cov_5.381443	1494	1554	48	47	60	0.7833334
NODE_2132_length_1552_cov_11.367515	379	445	2	66	66	1.0000000
NODE_2132_length_1552_cov_11.367515	418	484	2	66	66	1.0000000
NODE_2138_length_1549_cov_15.480000	1288	1368	1	10	80	0.1250000
NODE_2138_length_1549_cov_15.480000	1288	1368	2	20	80	0.2500000
NODE_2138_length_1549_cov_15.480000	1288	1368	4	50	80	0.6250000
NODE_2138_length_1549_cov_15.480000	1341	1421	1	25	80	0.3125000
NODE_2138_length_1549_cov_15.480000	1341	1421	3	18	80	0.2250000
NODE_2138_length_1549_cov_15.480000	1341	1421	4	37	80	0.4625000
NODE_2142_length_1548_cov_12.789510	770	850	2	28	80	0.3500000
NODE_2142_length_1548_cov_12.789510	770	850	8	1	80	0.0125000
NODE_2142_length_1548_cov_12.789510	770	850	9	33	80	0.4125000
NODE_2142_length_1548_cov_12.789510	770	850	10	18	80	0.2250000
NODE_2142_length_1548_cov_12.789510	823	903	7	27	80	0.3375000
NODE_2142_length_1548_cov_12.789510	823	903	9	19	80	0.2375000
NODE_2142_length_1548_cov_12.789510	823	903	10	34	80	0.4250000
NODE_2149_length_1546_cov_24.069800	775	855	1	2	80	0.0250000
NODE_2149_length_1546_cov_24.069800	775	855	2	45	80	0.5625000
NODE_2149_length_1546_cov_24.069800	775	855	3	33	80	0.4125000
NODE_2149_length_1546_cov_24.069800	828	908	2	49	80	0.6125000
NODE_2149_length_1546_cov_24.069800	828	908	3	31	80	0.3875000
NODE_2150_length_1546_cov_10.911541	417	497	0	12	80	0.1500000
NODE_2150_length_1546_cov_10.911541	417	497	1	1	80	0.0125000
NODE_2150_length_1546_cov_10.911541	417	497	2	67	80	0.8375000
NODE_2150_length_1546_cov_10.911541	470	550	2	44	80	0.5500000
NODE_2150_length_1546_cov_10.911541	470	550	7	2	80	0.0250000
NODE_2150_length_1546_cov_10.911541	470	550	8	34	80	0.4250000
NODE_2150_length_1546_cov_10.911541	1065	1145	0	80	80	1.0000000
NODE_2150_length_1546_cov_10.911541	1118	1198	0	80	80	1.0000000
NODE_2155_length_1543_cov_10.400970	480	560	0	80	80	1.0000000
NODE_2155_length_1543_cov_10.400970	533	613	0	80	80	1.0000000
NODE_2156_length_1543_cov_4.532548	43	98	0	43	55	0.7818182
NODE_2156_length_1543_cov_4.532548	43	98	1	12	55	0.2181818
NODE_2162_length_1541_cov_7.316921	523	603	4	12	80	0.1500000
NODE_2162_length_1541_cov_7.316921	523	603	6	12	80	0.1500000
NODE_2162_length_1541_cov_7.316921	523	603	8	44	80	0.5500000
NODE_2162_length_1541_cov_7.316921	523	603	10	12	80	0.1500000
NODE_2162_length_1541_cov_7.316921	576	658	2	46	82	0.5609756
NODE_2162_length_1541_cov_7.316921	576	658	4	21	82	0.2560976
NODE_2162_length_1541_cov_7.316921	576	658	6	12	82	0.1463415
NODE_2162_length_1541_cov_7.316921	576	658	8	3	82	0.0365854
NODE_2165_length_1539_cov_19.067361	334	414	0	80	80	1.0000000
NODE_2165_length_1539_cov_19.067361	387	467	0	80	80	1.0000000
NODE_2165_length_1539_cov_19.067361	463	543	0	80	80	1.0000000
NODE_2165_length_1539_cov_19.067361	516	596	0	80	80	1.0000000
NODE_2171_length_1538_cov_68.273801	604	684	2	5	80	0.0625000
NODE_2171_length_1538_cov_68.273801	604	684	4	26	80	0.3250000
NODE_2171_length_1538_cov_68.273801	604	684	6	16	80	0.2000000
NODE_2171_length_1538_cov_68.273801	604	684	8	19	80	0.2375000
NODE_2171_length_1538_cov_68.273801	604	684	18	6	80	0.0750000
NODE_2171_length_1538_cov_68.273801	604	684	20	8	80	0.1000000
NODE_2171_length_1538_cov_68.273801	657	737	6	13	80	0.1625000
NODE_2171_length_1538_cov_68.273801	657	737	14	12	80	0.1500000
NODE_2171_length_1538_cov_68.273801	657	737	18	47	80	0.5875000
NODE_2171_length_1538_cov_68.273801	657	737	20	8	80	0.1000000
NODE_2172_length_1538_cov_2.402363	1456	1499	4	10	43	0.2325581
NODE_2172_length_1538_cov_2.402363	1456	1499	6	33	43	0.7674419
NODE_2173_length_1537_cov_39.413074	782	862	0	80	80	1.0000000
NODE_2173_length_1537_cov_39.413074	835	915	0	67	80	0.8375000
NODE_2173_length_1537_cov_39.413074	835	915	2	13	80	0.1625000
NODE_2173_length_1537_cov_39.413074	911	991	2	8	80	0.1000000
NODE_2173_length_1537_cov_39.413074	911	991	3	1	80	0.0125000
NODE_2173_length_1537_cov_39.413074	911	991	12	50	80	0.6250000
NODE_2173_length_1537_cov_39.413074	911	991	14	21	80	0.2625000
NODE_2173_length_1537_cov_39.413074	964	1044	12	6	80	0.0750000
NODE_2173_length_1537_cov_39.413074	964	1044	14	44	80	0.5500000
NODE_2173_length_1537_cov_39.413074	964	1044	15	5	80	0.0625000
NODE_2173_length_1537_cov_39.413074	964	1044	16	25	80	0.3125000
NODE_2174_length_1537_cov_30.412378	739	819	1	11	80	0.1375000
NODE_2174_length_1537_cov_30.412378	739	819	2	20	80	0.2500000
NODE_2174_length_1537_cov_30.412378	739	819	4	49	80	0.6125000
NODE_2174_length_1537_cov_30.412378	792	872	2	11	80	0.1375000
NODE_2174_length_1537_cov_30.412378	792	872	4	69	80	0.8625000
NODE_2174_length_1537_cov_30.412378	868	948	1	2	80	0.0250000
NODE_2174_length_1537_cov_30.412378	868	948	2	21	80	0.2625000
NODE_2174_length_1537_cov_30.412378	868	948	4	48	80	0.6000000
NODE_2174_length_1537_cov_30.412378	868	948	5	9	80	0.1125000
NODE_2174_length_1537_cov_30.412378	921	1001	4	80	80	1.0000000
NODE_2175_length_1537_cov_18.707232	669	749	9	9	80	0.1125000
NODE_2175_length_1537_cov_18.707232	669	749	11	5	80	0.0625000
NODE_2175_length_1537_cov_18.707232	669	749	12	16	80	0.2000000
NODE_2175_length_1537_cov_18.707232	669	749	13	30	80	0.3750000
NODE_2175_length_1537_cov_18.707232	669	749	15	20	80	0.2500000
NODE_2175_length_1537_cov_18.707232	722	802	4	35	80	0.4375000
NODE_2175_length_1537_cov_18.707232	722	802	9	9	80	0.1125000
NODE_2175_length_1537_cov_18.707232	722	802	11	23	80	0.2875000
NODE_2175_length_1537_cov_18.707232	722	802	13	13	80	0.1625000
NODE_2176_length_1536_cov_24.991649	832	912	2	5	80	0.0625000
NODE_2176_length_1536_cov_24.991649	832	912	4	6	80	0.0750000
NODE_2176_length_1536_cov_24.991649	832	912	5	11	80	0.1375000
NODE_2176_length_1536_cov_24.991649	832	912	6	5	80	0.0625000
NODE_2176_length_1536_cov_24.991649	832	912	8	34	80	0.4250000
NODE_2176_length_1536_cov_24.991649	832	912	10	19	80	0.2375000
NODE_2176_length_1536_cov_24.991649	885	965	2	58	80	0.7250000
NODE_2176_length_1536_cov_24.991649	885	965	4	6	80	0.0750000
NODE_2176_length_1536_cov_24.991649	885	965	5	11	80	0.1375000
NODE_2176_length_1536_cov_24.991649	885	965	6	5	80	0.0625000
NODE_2176_length_1536_cov_24.991649	961	1041	2	24	80	0.3000000
NODE_2176_length_1536_cov_24.991649	961	1041	3	14	80	0.1750000
NODE_2176_length_1536_cov_24.991649	961	1041	4	24	80	0.3000000
NODE_2176_length_1536_cov_24.991649	961	1041	5	9	80	0.1125000
NODE_2176_length_1536_cov_24.991649	961	1041	7	9	80	0.1125000
NODE_2176_length_1536_cov_24.991649	1014	1094	3	9	80	0.1125000
NODE_2176_length_1536_cov_24.991649	1014	1094	5	18	80	0.2250000
NODE_2176_length_1536_cov_24.991649	1014	1094	6	15	80	0.1875000
NODE_2176_length_1536_cov_24.991649	1014	1094	7	38	80	0.4750000
NODE_2183_length_1535_cov_46.662256	992	1072	0	34	80	0.4250000
NODE_2183_length_1535_cov_46.662256	992	1072	2	46	80	0.5750000
NODE_2183_length_1535_cov_46.662256	1045	1125	0	17	80	0.2125000
NODE_2183_length_1535_cov_46.662256	1045	1125	2	63	80	0.7875000
NODE_2183_length_1535_cov_46.662256	1127	1203	0	76	76	1.0000000
NODE_2183_length_1535_cov_46.662256	1176	1256	0	80	80	1.0000000
NODE_2184_length_1535_cov_32.610724	992	1072	0	80	80	1.0000000
NODE_2184_length_1535_cov_32.610724	1045	1125	0	80	80	1.0000000
NODE_2184_length_1535_cov_32.610724	1121	1201	0	9	80	0.1125000
NODE_2184_length_1535_cov_32.610724	1121	1201	2	60	80	0.7500000
NODE_2184_length_1535_cov_32.610724	1121	1201	4	11	80	0.1375000
NODE_2184_length_1535_cov_32.610724	1174	1254	2	33	80	0.4125000
NODE_2184_length_1535_cov_32.610724	1174	1254	4	47	80	0.5875000
NODE_2185_length_1535_cov_25.406685	619	699	0	33	80	0.4125000
NODE_2185_length_1535_cov_25.406685	619	699	2	47	80	0.5875000
NODE_2185_length_1535_cov_25.406685	672	752	2	80	80	1.0000000
NODE_2190_length_1534_cov_13.542857	439	519	0	80	80	1.0000000
NODE_2190_length_1534_cov_13.542857	492	567	0	75	75	1.0000000
NODE_2197_length_1531_cov_17.336592	324	404	2	13	80	0.1625000
NODE_2197_length_1531_cov_17.336592	324	404	4	13	80	0.1625000
NODE_2197_length_1531_cov_17.336592	324	404	12	44	80	0.5500000
NODE_2197_length_1531_cov_17.336592	324	404	14	10	80	0.1250000
NODE_2198_length_1531_cov_6.267458	606	686	0	28	80	0.3500000
NODE_2198_length_1531_cov_6.267458	606	686	2	52	80	0.6500000
NODE_2198_length_1531_cov_6.267458	659	739	2	35	80	0.4375000
NODE_2198_length_1531_cov_6.267458	659	739	3	45	80	0.5625000
NODE_2199_length_1530_cov_13.514326	323	403	0	5	80	0.0625000
NODE_2199_length_1530_cov_13.514326	323	403	2	7	80	0.0875000
NODE_2199_length_1530_cov_13.514326	323	403	4	28	80	0.3500000
NODE_2199_length_1530_cov_13.514326	323	403	8	40	80	0.5000000
NODE_2199_length_1530_cov_13.514326	376	456	4	39	80	0.4875000
NODE_2199_length_1530_cov_13.514326	376	456	6	7	80	0.0875000
NODE_2199_length_1530_cov_13.514326	376	456	8	34	80	0.4250000
NODE_2199_length_1530_cov_13.514326	1465	1513	0	48	48	1.0000000
NODE_2200_length_1530_cov_9.012579	637	717	0	63	80	0.7875000
NODE_2200_length_1530_cov_9.012579	637	717	2	17	80	0.2125000
NODE_2200_length_1530_cov_9.012579	690	770	0	10	80	0.1250000
NODE_2200_length_1530_cov_9.012579	690	770	2	70	80	0.8750000
NODE_2203_length_1529_cov_21.061538	983	1063	0	3	80	0.0375000
NODE_2203_length_1529_cov_21.061538	983	1063	4	52	80	0.6500000
NODE_2203_length_1529_cov_21.061538	983	1063	6	1	80	0.0125000
NODE_2203_length_1529_cov_21.061538	983	1063	8	24	80	0.3000000
NODE_2203_length_1529_cov_21.061538	1036	1116	0	56	80	0.7000000
NODE_2203_length_1529_cov_21.061538	1036	1116	4	24	80	0.3000000
NODE_2205_length_1529_cov_1.380420	219	282	0	63	63	1.0000000
NODE_2205_length_1529_cov_1.380420	272	323	0	51	51	1.0000000
NODE_2206_length_1528_cov_8.578027	449	529	1	14	80	0.1750000
NODE_2206_length_1528_cov_8.578027	449	529	2	1	80	0.0125000
NODE_2206_length_1528_cov_8.578027	449	529	5	18	80	0.2250000
NODE_2206_length_1528_cov_8.578027	449	529	8	47	80	0.5875000
NODE_2206_length_1528_cov_8.578027	502	582	0	29	80	0.3625000
NODE_2206_length_1528_cov_8.578027	502	582	1	38	80	0.4750000
NODE_2206_length_1528_cov_8.578027	502	582	2	1	80	0.0125000
NODE_2206_length_1528_cov_8.578027	502	582	5	12	80	0.1500000
NODE_2210_length_1526_cov_92.265592	986	1066	0	10	80	0.1250000
NODE_2210_length_1526_cov_92.265592	986	1066	2	57	80	0.7125000
NODE_2210_length_1526_cov_92.265592	986	1066	4	13	80	0.1625000
NODE_2210_length_1526_cov_92.265592	1039	1119	2	14	80	0.1750000
NODE_2210_length_1526_cov_92.265592	1039	1119	4	15	80	0.1875000
NODE_2210_length_1526_cov_92.265592	1039	1119	6	51	80	0.6375000
NODE_2211_length_1526_cov_4.051857	291	370	2	2	79	0.0253165
NODE_2211_length_1526_cov_4.051857	291	370	4	77	79	0.9746835
NODE_2213_length_1525_cov_20.232118	1014	1090	51	6	76	0.0789474
NODE_2213_length_1525_cov_20.232118	1014	1090	53	1	76	0.0131579
NODE_2213_length_1525_cov_20.232118	1014	1090	55	1	76	0.0131579
NODE_2213_length_1525_cov_20.232118	1014	1090	61	2	76	0.0263158
NODE_2213_length_1525_cov_20.232118	1014	1090	73	1	76	0.0131579
NODE_2213_length_1525_cov_20.232118	1014	1090	74	1	76	0.0131579
NODE_2213_length_1525_cov_20.232118	1014	1090	82	1	76	0.0131579
NODE_2213_length_1525_cov_20.232118	1014	1090	84	8	76	0.1052632
NODE_2213_length_1525_cov_20.232118	1014	1090	90	3	76	0.0394737
NODE_2213_length_1525_cov_20.232118	1014	1090	94	1	76	0.0131579
NODE_2213_length_1525_cov_20.232118	1014	1090	102	4	76	0.0526316
NODE_2213_length_1525_cov_20.232118	1014	1090	104	16	76	0.2105263
NODE_2213_length_1525_cov_20.232118	1014	1090	106	31	76	0.4078947
NODE_2213_length_1525_cov_20.232118	1281	1338	0	57	57	1.0000000
NODE_2214_length_1525_cov_11.421459	804	884	0	26	80	0.3250000
NODE_2214_length_1525_cov_11.421459	804	884	8	14	80	0.1750000
NODE_2214_length_1525_cov_11.421459	804	884	10	3	80	0.0375000
NODE_2214_length_1525_cov_11.421459	804	884	12	33	80	0.4125000
NODE_2214_length_1525_cov_11.421459	804	884	14	2	80	0.0250000
NODE_2214_length_1525_cov_11.421459	804	884	18	2	80	0.0250000
NODE_2214_length_1525_cov_11.421459	857	937	12	23	80	0.2875000
NODE_2214_length_1525_cov_11.421459	857	937	14	2	80	0.0250000
NODE_2214_length_1525_cov_11.421459	857	937	18	9	80	0.1125000
NODE_2214_length_1525_cov_11.421459	857	937	20	17	80	0.2125000
NODE_2214_length_1525_cov_11.421459	857	937	22	29	80	0.3625000
NODE_2217_length_1524_cov_130.874386	171	243	174	1	72	0.0138889
NODE_2217_length_1524_cov_130.874386	171	243	176	1	72	0.0138889
NODE_2217_length_1524_cov_130.874386	171	243	178	1	72	0.0138889
NODE_2217_length_1524_cov_130.874386	171	243	180	1	72	0.0138889
NODE_2217_length_1524_cov_130.874386	171	243	182	1	72	0.0138889
NODE_2217_length_1524_cov_130.874386	171	243	185	1	72	0.0138889
NODE_2217_length_1524_cov_130.874386	171	243	192	2	72	0.0277778
NODE_2217_length_1524_cov_130.874386	171	243	196	2	72	0.0277778
NODE_2217_length_1524_cov_130.874386	171	243	198	1	72	0.0138889
NODE_2217_length_1524_cov_130.874386	171	243	201	2	72	0.0277778
NODE_2217_length_1524_cov_130.874386	171	243	207	1	72	0.0138889
NODE_2217_length_1524_cov_130.874386	171	243	213	1	72	0.0138889
NODE_2217_length_1524_cov_130.874386	171	243	216	1	72	0.0138889
NODE_2217_length_1524_cov_130.874386	171	243	218	1	72	0.0138889
NODE_2217_length_1524_cov_130.874386	171	243	222	1	72	0.0138889
NODE_2217_length_1524_cov_130.874386	171	243	224	1	72	0.0138889
NODE_2217_length_1524_cov_130.874386	171	243	235	1	72	0.0138889
NODE_2217_length_1524_cov_130.874386	171	243	248	1	72	0.0138889
NODE_2217_length_1524_cov_130.874386	171	243	276	1	72	0.0138889
NODE_2217_length_1524_cov_130.874386	171	243	288	1	72	0.0138889
NODE_2217_length_1524_cov_130.874386	171	243	294	1	72	0.0138889
NODE_2217_length_1524_cov_130.874386	171	243	296	1	72	0.0138889
NODE_2217_length_1524_cov_130.874386	171	243	304	1	72	0.0138889
NODE_2217_length_1524_cov_130.874386	171	243	310	1	72	0.0138889
NODE_2217_length_1524_cov_130.874386	171	243	312	1	72	0.0138889
NODE_2217_length_1524_cov_130.874386	171	243	316	1	72	0.0138889
NODE_2217_length_1524_cov_130.874386	171	243	330	1	72	0.0138889
NODE_2217_length_1524_cov_130.874386	171	243	334	1	72	0.0138889
NODE_2217_length_1524_cov_130.874386	171	243	338	1	72	0.0138889
NODE_2217_length_1524_cov_130.874386	171	243	339	1	72	0.0138889
NODE_2217_length_1524_cov_130.874386	171	243	340	1	72	0.0138889
NODE_2217_length_1524_cov_130.874386	171	243	342	1	72	0.0138889
NODE_2217_length_1524_cov_130.874386	171	243	344	1	72	0.0138889
NODE_2217_length_1524_cov_130.874386	171	243	346	1	72	0.0138889
NODE_2217_length_1524_cov_130.874386	171	243	348	1	72	0.0138889
NODE_2217_length_1524_cov_130.874386	171	243	354	1	72	0.0138889
NODE_2217_length_1524_cov_130.874386	171	243	358	2	72	0.0277778
NODE_2217_length_1524_cov_130.874386	171	243	362	1	72	0.0138889
NODE_2217_length_1524_cov_130.874386	171	243	363	3	72	0.0416667
NODE_2217_length_1524_cov_130.874386	171	243	364	2	72	0.0277778
NODE_2217_length_1524_cov_130.874386	171	243	365	1	72	0.0138889
NODE_2217_length_1524_cov_130.874386	171	243	366	1	72	0.0138889
NODE_2217_length_1524_cov_130.874386	171	243	368	1	72	0.0138889
NODE_2217_length_1524_cov_130.874386	171	243	372	2	72	0.0277778
NODE_2217_length_1524_cov_130.874386	171	243	374	4	72	0.0555556
NODE_2217_length_1524_cov_130.874386	171	243	375	3	72	0.0416667
NODE_2217_length_1524_cov_130.874386	171	243	376	1	72	0.0138889
NODE_2217_length_1524_cov_130.874386	171	243	377	3	72	0.0416667
NODE_2217_length_1524_cov_130.874386	171	243	378	2	72	0.0277778
NODE_2217_length_1524_cov_130.874386	171	243	379	2	72	0.0277778
NODE_2217_length_1524_cov_130.874386	171	243	380	3	72	0.0416667
NODE_2217_length_1524_cov_130.874386	171	243	381	1	72	0.0138889
NODE_2217_length_1524_cov_130.874386	171	243	382	1	72	0.0138889
NODE_2217_length_1524_cov_130.874386	191	247	248	1	56	0.0178571
NODE_2217_length_1524_cov_130.874386	191	247	276	1	56	0.0178571
NODE_2217_length_1524_cov_130.874386	191	247	288	1	56	0.0178571
NODE_2217_length_1524_cov_130.874386	191	247	294	1	56	0.0178571
NODE_2217_length_1524_cov_130.874386	191	247	296	1	56	0.0178571
NODE_2217_length_1524_cov_130.874386	191	247	304	1	56	0.0178571
NODE_2217_length_1524_cov_130.874386	191	247	310	1	56	0.0178571
NODE_2217_length_1524_cov_130.874386	191	247	312	1	56	0.0178571
NODE_2217_length_1524_cov_130.874386	191	247	316	1	56	0.0178571
NODE_2217_length_1524_cov_130.874386	191	247	330	1	56	0.0178571
NODE_2217_length_1524_cov_130.874386	191	247	334	1	56	0.0178571
NODE_2217_length_1524_cov_130.874386	191	247	338	1	56	0.0178571
NODE_2217_length_1524_cov_130.874386	191	247	339	1	56	0.0178571
NODE_2217_length_1524_cov_130.874386	191	247	340	1	56	0.0178571
NODE_2217_length_1524_cov_130.874386	191	247	342	1	56	0.0178571
NODE_2217_length_1524_cov_130.874386	191	247	344	1	56	0.0178571
NODE_2217_length_1524_cov_130.874386	191	247	346	1	56	0.0178571
NODE_2217_length_1524_cov_130.874386	191	247	348	1	56	0.0178571
NODE_2217_length_1524_cov_130.874386	191	247	354	1	56	0.0178571
NODE_2217_length_1524_cov_130.874386	191	247	358	2	56	0.0357143
NODE_2217_length_1524_cov_130.874386	191	247	362	1	56	0.0178571
NODE_2217_length_1524_cov_130.874386	191	247	363	3	56	0.0535714
NODE_2217_length_1524_cov_130.874386	191	247	364	2	56	0.0357143
NODE_2217_length_1524_cov_130.874386	191	247	365	1	56	0.0178571
NODE_2217_length_1524_cov_130.874386	191	247	366	1	56	0.0178571
NODE_2217_length_1524_cov_130.874386	191	247	368	2	56	0.0357143
NODE_2217_length_1524_cov_130.874386	191	247	372	2	56	0.0357143
NODE_2217_length_1524_cov_130.874386	191	247	374	4	56	0.0714286
NODE_2217_length_1524_cov_130.874386	191	247	375	3	56	0.0535714
NODE_2217_length_1524_cov_130.874386	191	247	376	2	56	0.0357143
NODE_2217_length_1524_cov_130.874386	191	247	377	3	56	0.0535714
NODE_2217_length_1524_cov_130.874386	191	247	378	2	56	0.0357143
NODE_2217_length_1524_cov_130.874386	191	247	379	2	56	0.0357143
NODE_2217_length_1524_cov_130.874386	191	247	380	5	56	0.0892857
NODE_2217_length_1524_cov_130.874386	191	247	381	1	56	0.0178571
NODE_2217_length_1524_cov_130.874386	191	247	382	1	56	0.0178571
NODE_2217_length_1524_cov_130.874386	219	296	242	1	77	0.0129870
NODE_2217_length_1524_cov_130.874386	219	296	249	1	77	0.0129870
NODE_2217_length_1524_cov_130.874386	219	296	254	1	77	0.0129870
NODE_2217_length_1524_cov_130.874386	219	296	260	1	77	0.0129870
NODE_2217_length_1524_cov_130.874386	219	296	263	1	77	0.0129870
NODE_2217_length_1524_cov_130.874386	219	296	276	1	77	0.0129870
NODE_2217_length_1524_cov_130.874386	219	296	280	1	77	0.0129870
NODE_2217_length_1524_cov_130.874386	219	296	281	1	77	0.0129870
NODE_2217_length_1524_cov_130.874386	219	296	285	1	77	0.0129870
NODE_2217_length_1524_cov_130.874386	219	296	292	1	77	0.0129870
NODE_2217_length_1524_cov_130.874386	219	296	294	1	77	0.0129870
NODE_2217_length_1524_cov_130.874386	219	296	298	1	77	0.0129870
NODE_2217_length_1524_cov_130.874386	219	296	306	1	77	0.0129870
NODE_2217_length_1524_cov_130.874386	219	296	312	1	77	0.0129870
NODE_2217_length_1524_cov_130.874386	219	296	316	1	77	0.0129870
NODE_2217_length_1524_cov_130.874386	219	296	319	1	77	0.0129870
NODE_2217_length_1524_cov_130.874386	219	296	327	1	77	0.0129870
NODE_2217_length_1524_cov_130.874386	219	296	329	1	77	0.0129870
NODE_2217_length_1524_cov_130.874386	219	296	333	5	77	0.0649351
NODE_2217_length_1524_cov_130.874386	219	296	338	2	77	0.0259740
NODE_2217_length_1524_cov_130.874386	219	296	344	1	77	0.0129870
NODE_2217_length_1524_cov_130.874386	219	296	345	1	77	0.0129870
NODE_2217_length_1524_cov_130.874386	219	296	347	2	77	0.0259740
NODE_2217_length_1524_cov_130.874386	219	296	348	1	77	0.0129870
NODE_2217_length_1524_cov_130.874386	219	296	349	5	77	0.0649351
NODE_2217_length_1524_cov_130.874386	219	296	350	4	77	0.0519481
NODE_2217_length_1524_cov_130.874386	219	296	351	1	77	0.0129870
NODE_2217_length_1524_cov_130.874386	219	296	352	2	77	0.0259740
NODE_2217_length_1524_cov_130.874386	219	296	357	1	77	0.0129870
NODE_2217_length_1524_cov_130.874386	219	296	359	1	77	0.0129870
NODE_2217_length_1524_cov_130.874386	219	296	365	1	77	0.0129870
NODE_2217_length_1524_cov_130.874386	219	296	366	1	77	0.0129870
NODE_2217_length_1524_cov_130.874386	219	296	367	2	77	0.0259740
NODE_2217_length_1524_cov_130.874386	219	296	368	2	77	0.0259740
NODE_2217_length_1524_cov_130.874386	219	296	369	2	77	0.0259740
NODE_2217_length_1524_cov_130.874386	219	296	372	2	77	0.0259740
NODE_2217_length_1524_cov_130.874386	219	296	374	4	77	0.0519481
NODE_2217_length_1524_cov_130.874386	219	296	375	3	77	0.0389610
NODE_2217_length_1524_cov_130.874386	219	296	376	2	77	0.0259740
NODE_2217_length_1524_cov_130.874386	219	296	377	3	77	0.0389610
NODE_2217_length_1524_cov_130.874386	219	296	378	2	77	0.0259740
NODE_2217_length_1524_cov_130.874386	219	296	379	2	77	0.0259740
NODE_2217_length_1524_cov_130.874386	219	296	380	5	77	0.0649351
NODE_2217_length_1524_cov_130.874386	219	296	381	1	77	0.0129870
NODE_2217_length_1524_cov_130.874386	219	296	382	1	77	0.0129870
NODE_2217_length_1524_cov_130.874386	253	333	111	1	80	0.0125000
NODE_2217_length_1524_cov_130.874386	253	333	112	1	80	0.0125000
NODE_2217_length_1524_cov_130.874386	253	333	114	1	80	0.0125000
NODE_2217_length_1524_cov_130.874386	253	333	116	1	80	0.0125000
NODE_2217_length_1524_cov_130.874386	253	333	122	1	80	0.0125000
NODE_2217_length_1524_cov_130.874386	253	333	124	1	80	0.0125000
NODE_2217_length_1524_cov_130.874386	253	333	125	2	80	0.0250000
NODE_2217_length_1524_cov_130.874386	253	333	127	1	80	0.0125000
NODE_2217_length_1524_cov_130.874386	253	333	131	1	80	0.0125000
NODE_2217_length_1524_cov_130.874386	253	333	138	1	80	0.0125000
NODE_2217_length_1524_cov_130.874386	253	333	142	1	80	0.0125000
NODE_2217_length_1524_cov_130.874386	253	333	145	1	80	0.0125000
NODE_2217_length_1524_cov_130.874386	253	333	148	2	80	0.0250000
NODE_2217_length_1524_cov_130.874386	253	333	161	1	80	0.0125000
NODE_2217_length_1524_cov_130.874386	253	333	163	1	80	0.0125000
NODE_2217_length_1524_cov_130.874386	253	333	164	1	80	0.0125000
NODE_2217_length_1524_cov_130.874386	253	333	169	1	80	0.0125000
NODE_2217_length_1524_cov_130.874386	253	333	172	1	80	0.0125000
NODE_2217_length_1524_cov_130.874386	253	333	174	3	80	0.0375000
NODE_2217_length_1524_cov_130.874386	253	333	177	1	80	0.0125000
NODE_2217_length_1524_cov_130.874386	253	333	179	1	80	0.0125000
NODE_2217_length_1524_cov_130.874386	253	333	183	2	80	0.0250000
NODE_2217_length_1524_cov_130.874386	253	333	190	1	80	0.0125000
NODE_2217_length_1524_cov_130.874386	253	333	195	1	80	0.0125000
NODE_2217_length_1524_cov_130.874386	253	333	201	1	80	0.0125000
NODE_2217_length_1524_cov_130.874386	253	333	205	1	80	0.0125000
NODE_2217_length_1524_cov_130.874386	253	333	208	2	80	0.0250000
NODE_2217_length_1524_cov_130.874386	253	333	216	1	80	0.0125000
NODE_2217_length_1524_cov_130.874386	253	333	225	2	80	0.0250000
NODE_2217_length_1524_cov_130.874386	253	333	235	1	80	0.0125000
NODE_2217_length_1524_cov_130.874386	253	333	242	1	80	0.0125000
NODE_2217_length_1524_cov_130.874386	253	333	249	1	80	0.0125000
NODE_2217_length_1524_cov_130.874386	253	333	254	1	80	0.0125000
NODE_2217_length_1524_cov_130.874386	253	333	260	1	80	0.0125000
NODE_2217_length_1524_cov_130.874386	253	333	263	1	80	0.0125000
NODE_2217_length_1524_cov_130.874386	253	333	276	1	80	0.0125000
NODE_2217_length_1524_cov_130.874386	253	333	280	1	80	0.0125000
NODE_2217_length_1524_cov_130.874386	253	333	281	1	80	0.0125000
NODE_2217_length_1524_cov_130.874386	253	333	285	1	80	0.0125000
NODE_2217_length_1524_cov_130.874386	253	333	292	1	80	0.0125000
NODE_2217_length_1524_cov_130.874386	253	333	294	1	80	0.0125000
NODE_2217_length_1524_cov_130.874386	253	333	298	1	80	0.0125000
NODE_2217_length_1524_cov_130.874386	253	333	306	1	80	0.0125000
NODE_2217_length_1524_cov_130.874386	253	333	312	1	80	0.0125000
NODE_2217_length_1524_cov_130.874386	253	333	316	1	80	0.0125000
NODE_2217_length_1524_cov_130.874386	253	333	319	1	80	0.0125000
NODE_2217_length_1524_cov_130.874386	253	333	327	1	80	0.0125000
NODE_2217_length_1524_cov_130.874386	253	333	329	1	80	0.0125000
NODE_2217_length_1524_cov_130.874386	253	333	333	5	80	0.0625000
NODE_2217_length_1524_cov_130.874386	253	333	338	2	80	0.0250000
NODE_2217_length_1524_cov_130.874386	253	333	344	1	80	0.0125000
NODE_2217_length_1524_cov_130.874386	253	333	345	1	80	0.0125000
NODE_2217_length_1524_cov_130.874386	253	333	347	2	80	0.0250000
NODE_2217_length_1524_cov_130.874386	253	333	348	1	80	0.0125000
NODE_2217_length_1524_cov_130.874386	253	333	349	5	80	0.0625000
NODE_2217_length_1524_cov_130.874386	253	333	350	4	80	0.0500000
NODE_2217_length_1524_cov_130.874386	253	333	351	1	80	0.0125000
NODE_2217_length_1524_cov_130.874386	253	333	352	2	80	0.0250000
NODE_2217_length_1524_cov_130.874386	253	333	357	1	80	0.0125000
NODE_2217_length_1524_cov_130.874386	306	386	31	1	80	0.0125000
NODE_2217_length_1524_cov_130.874386	306	386	36	1	80	0.0125000
NODE_2217_length_1524_cov_130.874386	306	386	40	1	80	0.0125000
NODE_2217_length_1524_cov_130.874386	306	386	45	1	80	0.0125000
NODE_2217_length_1524_cov_130.874386	306	386	46	1	80	0.0125000
NODE_2217_length_1524_cov_130.874386	306	386	50	1	80	0.0125000
NODE_2217_length_1524_cov_130.874386	306	386	51	4	80	0.0500000
NODE_2217_length_1524_cov_130.874386	306	386	53	3	80	0.0375000
NODE_2217_length_1524_cov_130.874386	306	386	58	3	80	0.0375000
NODE_2217_length_1524_cov_130.874386	306	386	62	3	80	0.0375000
NODE_2217_length_1524_cov_130.874386	306	386	63	1	80	0.0125000
NODE_2217_length_1524_cov_130.874386	306	386	66	3	80	0.0375000
NODE_2217_length_1524_cov_130.874386	306	386	67	1	80	0.0125000
NODE_2217_length_1524_cov_130.874386	306	386	71	1	80	0.0125000
NODE_2217_length_1524_cov_130.874386	306	386	73	1	80	0.0125000
NODE_2217_length_1524_cov_130.874386	306	386	76	1	80	0.0125000
NODE_2217_length_1524_cov_130.874386	306	386	80	2	80	0.0250000
NODE_2217_length_1524_cov_130.874386	306	386	82	2	80	0.0250000
NODE_2217_length_1524_cov_130.874386	306	386	83	2	80	0.0250000
NODE_2217_length_1524_cov_130.874386	306	386	89	4	80	0.0500000
NODE_2217_length_1524_cov_130.874386	306	386	91	4	80	0.0500000
NODE_2217_length_1524_cov_130.874386	306	386	94	2	80	0.0250000
NODE_2217_length_1524_cov_130.874386	306	386	97	1	80	0.0125000
NODE_2217_length_1524_cov_130.874386	306	386	104	5	80	0.0625000
NODE_2217_length_1524_cov_130.874386	306	386	109	1	80	0.0125000
NODE_2217_length_1524_cov_130.874386	306	386	111	4	80	0.0500000
NODE_2217_length_1524_cov_130.874386	306	386	112	1	80	0.0125000
NODE_2217_length_1524_cov_130.874386	306	386	114	1	80	0.0125000
NODE_2217_length_1524_cov_130.874386	306	386	116	1	80	0.0125000
NODE_2217_length_1524_cov_130.874386	306	386	122	1	80	0.0125000
NODE_2217_length_1524_cov_130.874386	306	386	124	1	80	0.0125000
NODE_2217_length_1524_cov_130.874386	306	386	125	2	80	0.0250000
NODE_2217_length_1524_cov_130.874386	306	386	127	1	80	0.0125000
NODE_2217_length_1524_cov_130.874386	306	386	131	1	80	0.0125000
NODE_2217_length_1524_cov_130.874386	306	386	138	1	80	0.0125000
NODE_2217_length_1524_cov_130.874386	306	386	142	1	80	0.0125000
NODE_2217_length_1524_cov_130.874386	306	386	145	1	80	0.0125000
NODE_2217_length_1524_cov_130.874386	306	386	148	2	80	0.0250000
NODE_2217_length_1524_cov_130.874386	306	386	161	1	80	0.0125000
NODE_2217_length_1524_cov_130.874386	306	386	163	1	80	0.0125000
NODE_2217_length_1524_cov_130.874386	306	386	164	1	80	0.0125000
NODE_2217_length_1524_cov_130.874386	306	386	169	1	80	0.0125000
NODE_2217_length_1524_cov_130.874386	306	386	172	1	80	0.0125000
NODE_2217_length_1524_cov_130.874386	306	386	174	3	80	0.0375000
NODE_2217_length_1524_cov_130.874386	306	386	177	1	80	0.0125000
NODE_2217_length_1524_cov_130.874386	306	386	179	1	80	0.0125000
NODE_2217_length_1524_cov_130.874386	306	386	183	2	80	0.0250000
NODE_2219_length_1523_cov_24.115169	366	446	6	11	80	0.1375000
NODE_2219_length_1523_cov_24.115169	366	446	8	69	80	0.8625000
NODE_2219_length_1523_cov_24.115169	419	499	2	5	80	0.0625000
NODE_2219_length_1523_cov_24.115169	419	499	4	2	80	0.0250000
NODE_2219_length_1523_cov_24.115169	419	499	6	55	80	0.6875000
NODE_2219_length_1523_cov_24.115169	419	499	8	18	80	0.2250000
NODE_2219_length_1523_cov_24.115169	495	575	0	12	80	0.1500000
NODE_2219_length_1523_cov_24.115169	495	575	2	7	80	0.0875000
NODE_2219_length_1523_cov_24.115169	495	575	4	61	80	0.7625000
NODE_2219_length_1523_cov_24.115169	548	628	0	65	80	0.8125000
NODE_2219_length_1523_cov_24.115169	548	628	2	5	80	0.0625000
NODE_2219_length_1523_cov_24.115169	548	628	4	10	80	0.1250000
NODE_2223_length_1522_cov_13.278988	361	441	0	80	80	1.0000000
NODE_2223_length_1522_cov_13.278988	414	494	0	51	80	0.6375000
NODE_2223_length_1522_cov_13.278988	414	494	2	29	80	0.3625000
NODE_2225_length_1521_cov_20.965541	772	852	3	15	80	0.1875000
NODE_2225_length_1521_cov_20.965541	772	852	5	4	80	0.0500000
NODE_2225_length_1521_cov_20.965541	772	852	6	27	80	0.3375000
NODE_2225_length_1521_cov_20.965541	772	852	8	31	80	0.3875000
NODE_2225_length_1521_cov_20.965541	772	852	9	3	80	0.0375000
NODE_2225_length_1521_cov_20.965541	825	905	6	1	80	0.0125000
NODE_2225_length_1521_cov_20.965541	825	905	8	75	80	0.9375000
NODE_2225_length_1521_cov_20.965541	825	905	9	4	80	0.0500000
NODE_2226_length_1521_cov_15.381153	907	987	10	44	80	0.5500000
NODE_2226_length_1521_cov_15.381153	907	987	12	12	80	0.1500000
NODE_2226_length_1521_cov_15.381153	907	987	14	7	80	0.0875000
NODE_2226_length_1521_cov_15.381153	907	987	15	17	80	0.2125000
NODE_2226_length_1521_cov_15.381153	960	1040	7	5	80	0.0625000
NODE_2226_length_1521_cov_15.381153	960	1040	8	5	80	0.0625000
NODE_2226_length_1521_cov_15.381153	960	1040	10	7	80	0.0875000
NODE_2226_length_1521_cov_15.381153	960	1040	12	3	80	0.0375000
NODE_2226_length_1521_cov_15.381153	960	1040	14	7	80	0.0875000
NODE_2226_length_1521_cov_15.381153	960	1040	15	53	80	0.6625000
NODE_2226_length_1521_cov_15.381153	988	1040	7	5	52	0.0961538
NODE_2226_length_1521_cov_15.381153	988	1040	8	5	52	0.0961538
NODE_2226_length_1521_cov_15.381153	988	1040	10	7	52	0.1346154
NODE_2226_length_1521_cov_15.381153	988	1040	15	35	52	0.6730769
NODE_2227_length_1521_cov_7.682138	525	605	6	49	80	0.6125000
NODE_2227_length_1521_cov_7.682138	525	605	8	31	80	0.3875000
NODE_2227_length_1521_cov_7.682138	578	658	0	6	80	0.0750000
NODE_2227_length_1521_cov_7.682138	578	658	4	35	80	0.4375000
NODE_2227_length_1521_cov_7.682138	578	658	6	31	80	0.3875000
NODE_2227_length_1521_cov_7.682138	578	658	8	8	80	0.1000000
NODE_2236_length_1519_cov_20.792958	714	794	23	10	80	0.1250000
NODE_2236_length_1519_cov_20.792958	714	794	24	4	80	0.0500000
NODE_2236_length_1519_cov_20.792958	714	794	25	14	80	0.1750000
NODE_2236_length_1519_cov_20.792958	714	794	27	17	80	0.2125000
NODE_2236_length_1519_cov_20.792958	714	794	29	35	80	0.4375000
NODE_2236_length_1519_cov_20.792958	767	847	3	24	80	0.3000000
NODE_2236_length_1519_cov_20.792958	767	847	5	12	80	0.1500000
NODE_2236_length_1519_cov_20.792958	767	847	6	1	80	0.0125000
NODE_2236_length_1519_cov_20.792958	767	847	7	5	80	0.0625000
NODE_2236_length_1519_cov_20.792958	767	847	9	2	80	0.0250000
NODE_2236_length_1519_cov_20.792958	767	847	21	1	80	0.0125000
NODE_2236_length_1519_cov_20.792958	767	847	23	18	80	0.2250000
NODE_2236_length_1519_cov_20.792958	767	847	25	14	80	0.1750000
NODE_2236_length_1519_cov_20.792958	767	847	27	1	80	0.0125000
NODE_2236_length_1519_cov_20.792958	767	847	29	2	80	0.0250000
NODE_2239_length_1517_cov_24.074048	413	450	2	37	37	1.0000000
NODE_2239_length_1517_cov_24.074048	842	922	11	20	80	0.2500000
NODE_2239_length_1517_cov_24.074048	842	922	13	60	80	0.7500000
NODE_2239_length_1517_cov_24.074048	895	975	6	30	80	0.3750000
NODE_2239_length_1517_cov_24.074048	895	975	7	1	80	0.0125000
NODE_2239_length_1517_cov_24.074048	895	975	8	5	80	0.0625000
NODE_2239_length_1517_cov_24.074048	895	975	9	10	80	0.1250000
NODE_2239_length_1517_cov_24.074048	895	975	11	27	80	0.3375000
NODE_2239_length_1517_cov_24.074048	895	975	13	7	80	0.0875000
NODE_2240_length_1517_cov_22.897743	383	463	19	15	80	0.1875000
NODE_2240_length_1517_cov_22.897743	383	463	20	55	80	0.6875000
NODE_2240_length_1517_cov_22.897743	383	463	22	10	80	0.1250000
NODE_2240_length_1517_cov_22.897743	436	516	6	24	80	0.3000000
NODE_2240_length_1517_cov_22.897743	436	516	17	1	80	0.0125000
NODE_2240_length_1517_cov_22.897743	436	516	18	13	80	0.1625000
NODE_2240_length_1517_cov_22.897743	436	516	20	17	80	0.2125000
NODE_2240_length_1517_cov_22.897743	436	516	22	25	80	0.3125000
NODE_2241_length_1517_cov_11.781382	381	461	2	6	80	0.0750000
NODE_2241_length_1517_cov_11.781382	381	461	4	13	80	0.1625000
NODE_2241_length_1517_cov_11.781382	381	461	6	52	80	0.6500000
NODE_2241_length_1517_cov_11.781382	381	461	8	9	80	0.1125000
NODE_2241_length_1517_cov_11.781382	434	514	4	8	80	0.1000000
NODE_2241_length_1517_cov_11.781382	434	514	6	63	80	0.7875000
NODE_2241_length_1517_cov_11.781382	434	514	8	9	80	0.1125000
NODE_2243_length_1517_cov_4.944993	393	473	0	80	80	1.0000000
NODE_2243_length_1517_cov_4.944993	446	526	0	80	80	1.0000000
NODE_2247_length_1516_cov_11.177135	230	310	0	4	80	0.0500000
NODE_2247_length_1516_cov_11.177135	230	310	1	5	80	0.0625000
NODE_2247_length_1516_cov_11.177135	230	310	2	36	80	0.4500000
NODE_2247_length_1516_cov_11.177135	230	310	10	11	80	0.1375000
NODE_2247_length_1516_cov_11.177135	230	310	14	1	80	0.0125000
NODE_2247_length_1516_cov_11.177135	230	310	18	23	80	0.2875000
NODE_2247_length_1516_cov_11.177135	283	363	10	3	80	0.0375000
NODE_2247_length_1516_cov_11.177135	283	363	14	1	80	0.0125000
NODE_2247_length_1516_cov_11.177135	283	363	18	76	80	0.9500000
NODE_2248_length_1516_cov_8.608327	580	660	0	35	80	0.4375000
NODE_2248_length_1516_cov_8.608327	580	660	2	43	80	0.5375000
NODE_2248_length_1516_cov_8.608327	580	660	4	2	80	0.0250000
NODE_2248_length_1516_cov_8.608327	633	713	2	38	80	0.4750000
NODE_2248_length_1516_cov_8.608327	633	713	4	42	80	0.5250000
NODE_2250_length_1515_cov_16.990819	333	413	6	7	80	0.0875000
NODE_2250_length_1515_cov_16.990819	333	413	8	31	80	0.3875000
NODE_2250_length_1515_cov_16.990819	333	413	10	1	80	0.0125000
NODE_2250_length_1515_cov_16.990819	333	413	14	24	80	0.3000000
NODE_2250_length_1515_cov_16.990819	333	413	18	17	80	0.2125000
NODE_2250_length_1515_cov_16.990819	386	448	2	35	62	0.5645161
NODE_2250_length_1515_cov_16.990819	386	448	6	1	62	0.0161290
NODE_2250_length_1515_cov_16.990819	386	448	8	26	62	0.4193548
NODE_2258_length_1512_cov_5.111819	506	560	0	54	54	1.0000000
NODE_2258_length_1512_cov_5.111819	677	698	0	21	21	1.0000000
NODE_2258_length_1512_cov_5.111819	677	698	0	21	21	1.0000000
NODE_2258_length_1512_cov_5.111819	1057	1137	0	80	80	1.0000000
NODE_2258_length_1512_cov_5.111819	1110	1190	0	80	80	1.0000000
NODE_2258_length_1512_cov_5.111819	1144	1190	0	46	46	1.0000000
NODE_2259_length_1512_cov_4.251946	132	204	0	72	72	1.0000000
NODE_2262_length_1511_cov_30.963173	787	867	2	3	80	0.0375000
NODE_2262_length_1511_cov_30.963173	787	867	6	4	80	0.0500000
NODE_2262_length_1511_cov_30.963173	787	867	8	24	80	0.3000000
NODE_2262_length_1511_cov_30.963173	787	867	13	11	80	0.1375000
NODE_2262_length_1511_cov_30.963173	787	867	14	17	80	0.2125000
NODE_2262_length_1511_cov_30.963173	787	867	17	4	80	0.0500000
NODE_2262_length_1511_cov_30.963173	787	867	19	17	80	0.2125000
NODE_2262_length_1511_cov_30.963173	840	920	13	6	80	0.0750000
NODE_2262_length_1511_cov_30.963173	840	920	14	35	80	0.4375000
NODE_2262_length_1511_cov_30.963173	840	920	16	7	80	0.0875000
NODE_2262_length_1511_cov_30.963173	840	920	17	8	80	0.1000000
NODE_2262_length_1511_cov_30.963173	840	920	19	24	80	0.3000000
NODE_2262_length_1511_cov_30.963173	916	996	12	40	80	0.5000000
NODE_2262_length_1511_cov_30.963173	916	996	14	6	80	0.0750000
NODE_2262_length_1511_cov_30.963173	916	996	16	11	80	0.1375000
NODE_2262_length_1511_cov_30.963173	916	996	18	8	80	0.1000000
NODE_2262_length_1511_cov_30.963173	916	996	20	13	80	0.1625000
NODE_2262_length_1511_cov_30.963173	916	996	22	2	80	0.0250000
NODE_2262_length_1511_cov_30.963173	969	1059	4	3	90	0.0333333
NODE_2262_length_1511_cov_30.963173	969	1059	6	40	90	0.4444444
NODE_2262_length_1511_cov_30.963173	969	1059	8	5	90	0.0555556
NODE_2262_length_1511_cov_30.963173	969	1059	10	11	90	0.1222222
NODE_2262_length_1511_cov_30.963173	969	1059	12	31	90	0.3444445
NODE_2265_length_1510_cov_24.184975	434	514	0	59	80	0.7375000
NODE_2265_length_1510_cov_24.184975	434	514	8	21	80	0.2625000
NODE_2265_length_1510_cov_24.184975	487	567	0	6	80	0.0750000
NODE_2265_length_1510_cov_24.184975	487	567	8	67	80	0.8375000
NODE_2265_length_1510_cov_24.184975	487	567	13	1	80	0.0125000
NODE_2265_length_1510_cov_24.184975	487	567	14	6	80	0.0750000
NODE_2265_length_1510_cov_24.184975	563	643	6	3	80	0.0375000
NODE_2265_length_1510_cov_24.184975	563	643	13	1	80	0.0125000
NODE_2265_length_1510_cov_24.184975	563	643	14	76	80	0.9500000
NODE_2265_length_1510_cov_24.184975	616	696	0	33	80	0.4125000
NODE_2265_length_1510_cov_24.184975	616	696	6	23	80	0.2875000
NODE_2265_length_1510_cov_24.184975	616	696	13	1	80	0.0125000
NODE_2265_length_1510_cov_24.184975	616	696	14	23	80	0.2875000
NODE_2269_length_1509_cov_51.836170	655	735	0	35	80	0.4375000
NODE_2269_length_1509_cov_51.836170	655	735	2	41	80	0.5125000
NODE_2269_length_1509_cov_51.836170	655	735	4	4	80	0.0500000
NODE_2269_length_1509_cov_51.836170	708	788	2	23	80	0.2875000
NODE_2269_length_1509_cov_51.836170	708	788	4	9	80	0.1125000
NODE_2269_length_1509_cov_51.836170	708	788	11	48	80	0.6000000
NODE_2269_length_1509_cov_51.836170	784	864	9	11	80	0.1375000
NODE_2269_length_1509_cov_51.836170	784	864	11	18	80	0.2250000
NODE_2269_length_1509_cov_51.836170	784	864	13	34	80	0.4250000
NODE_2269_length_1509_cov_51.836170	784	864	15	5	80	0.0625000
NODE_2269_length_1509_cov_51.836170	784	864	19	9	80	0.1125000
NODE_2269_length_1509_cov_51.836170	784	864	21	3	80	0.0375000
NODE_2269_length_1509_cov_51.836170	837	917	10	8	80	0.1000000
NODE_2269_length_1509_cov_51.836170	837	917	13	10	80	0.1250000
NODE_2269_length_1509_cov_51.836170	837	917	14	26	80	0.3250000
NODE_2269_length_1509_cov_51.836170	837	917	15	5	80	0.0625000
NODE_2269_length_1509_cov_51.836170	837	917	19	18	80	0.2250000
NODE_2269_length_1509_cov_51.836170	837	917	21	13	80	0.1625000
NODE_2270_length_1509_cov_16.010638	497	577	4	24	80	0.3000000
NODE_2270_length_1509_cov_16.010638	497	577	6	27	80	0.3375000
NODE_2270_length_1509_cov_16.010638	497	577	8	29	80	0.3625000
NODE_2270_length_1509_cov_16.010638	550	630	0	5	80	0.0625000
NODE_2270_length_1509_cov_16.010638	550	630	2	1	80	0.0125000
NODE_2270_length_1509_cov_16.010638	550	630	4	10	80	0.1250000
NODE_2270_length_1509_cov_16.010638	550	630	6	55	80	0.6875000
NODE_2270_length_1509_cov_16.010638	550	630	8	9	80	0.1125000
NODE_2270_length_1509_cov_16.010638	626	706	0	28	80	0.3500000
NODE_2270_length_1509_cov_16.010638	626	706	4	52	80	0.6500000
NODE_2270_length_1509_cov_16.010638	679	759	4	65	80	0.8125000
NODE_2270_length_1509_cov_16.010638	679	759	6	15	80	0.1875000
NODE_2271_length_1509_cov_8.883688	252	332	4	25	80	0.3125000
NODE_2271_length_1509_cov_8.883688	252	332	6	12	80	0.1500000
NODE_2271_length_1509_cov_8.883688	252	332	8	43	80	0.5375000
NODE_2271_length_1509_cov_8.883688	305	385	6	6	80	0.0750000
NODE_2271_length_1509_cov_8.883688	305	385	8	74	80	0.9250000
NODE_2271_length_1509_cov_8.883688	327	385	6	6	58	0.1034483
NODE_2271_length_1509_cov_8.883688	327	385	8	52	58	0.8965517
NODE_2271_length_1509_cov_8.883688	381	461	0	40	80	0.5000000
NODE_2271_length_1509_cov_8.883688	381	461	2	35	80	0.4375000
NODE_2271_length_1509_cov_8.883688	381	461	6	5	80	0.0625000
NODE_2271_length_1509_cov_8.883688	434	514	2	80	80	1.0000000
NODE_2272_length_1509_cov_5.826950	1029	1109	0	57	80	0.7125000
NODE_2272_length_1509_cov_5.826950	1029	1109	4	23	80	0.2875000
NODE_2272_length_1509_cov_5.826950	1082	1162	0	4	80	0.0500000
NODE_2272_length_1509_cov_5.826950	1082	1162	4	76	80	0.9500000
NODE_2277_length_1508_cov_24.176011	765	845	4	80	80	1.0000000
NODE_2277_length_1508_cov_24.176011	818	898	0	26	80	0.3250000
NODE_2277_length_1508_cov_24.176011	818	898	1	3	80	0.0375000
NODE_2277_length_1508_cov_24.176011	818	898	2	10	80	0.1250000
NODE_2277_length_1508_cov_24.176011	818	898	4	41	80	0.5125000
NODE_2290_length_1504_cov_17.449822	596	676	1	21	80	0.2625000
NODE_2290_length_1504_cov_17.449822	596	676	2	19	80	0.2375000
NODE_2290_length_1504_cov_17.449822	596	676	8	40	80	0.5000000
NODE_2290_length_1504_cov_17.449822	649	729	2	1	80	0.0125000
NODE_2290_length_1504_cov_17.449822	649	729	8	79	80	0.9875000
NODE_2293_length_1502_cov_42.989309	559	639	0	33	80	0.4125000
NODE_2293_length_1502_cov_42.989309	559	639	1	1	80	0.0125000
NODE_2293_length_1502_cov_42.989309	559	639	2	46	80	0.5750000
NODE_2293_length_1502_cov_42.989309	612	692	2	34	80	0.4250000
NODE_2293_length_1502_cov_42.989309	612	692	3	46	80	0.5750000
NODE_2294_length_1501_cov_22.828816	421	500	0	79	79	1.0000000
NODE_2294_length_1501_cov_22.828816	473	553	0	80	80	1.0000000
NODE_2294_length_1501_cov_22.828816	549	629	0	48	80	0.6000000
NODE_2294_length_1501_cov_22.828816	549	629	2	32	80	0.4000000
NODE_2294_length_1501_cov_22.828816	602	682	2	80	80	1.0000000
NODE_2295_length_1501_cov_14.422254	973	1053	4	21	80	0.2625000
NODE_2295_length_1501_cov_14.422254	973	1053	6	33	80	0.4125000
NODE_2295_length_1501_cov_14.422254	973	1053	7	1	80	0.0125000
NODE_2295_length_1501_cov_14.422254	973	1053	8	25	80	0.3125000
NODE_2295_length_1501_cov_14.422254	1026	1106	2	4	80	0.0500000
NODE_2295_length_1501_cov_14.422254	1026	1106	4	20	80	0.2500000
NODE_2295_length_1501_cov_14.422254	1026	1106	6	29	80	0.3625000
NODE_2295_length_1501_cov_14.422254	1026	1106	7	2	80	0.0250000
NODE_2295_length_1501_cov_14.422254	1026	1106	8	25	80	0.3125000
NODE_2296_length_1501_cov_14.060628	225	305	6	80	80	1.0000000
NODE_2296_length_1501_cov_14.060628	278	358	0	48	80	0.6000000
NODE_2296_length_1501_cov_14.060628	278	358	6	32	80	0.4000000
NODE_2296_length_1501_cov_14.060628	986	1066	0	80	80	1.0000000
NODE_2296_length_1501_cov_14.060628	1039	1119	0	80	80	1.0000000
NODE_2300_length_1500_cov_40.056388	619	699	0	26	80	0.3250000
NODE_2300_length_1500_cov_40.056388	619	699	2	54	80	0.6750000
NODE_2300_length_1500_cov_40.056388	672	752	2	80	80	1.0000000
NODE_2305_length_1497_cov_38.344063	1401	1481	76	1	80	0.0125000
NODE_2305_length_1497_cov_38.344063	1401	1481	85	1	80	0.0125000
NODE_2305_length_1497_cov_38.344063	1401	1481	90	1	80	0.0125000
NODE_2305_length_1497_cov_38.344063	1401	1481	91	1	80	0.0125000
NODE_2305_length_1497_cov_38.344063	1401	1481	98	1	80	0.0125000
NODE_2305_length_1497_cov_38.344063	1401	1481	109	2	80	0.0250000
NODE_2305_length_1497_cov_38.344063	1401	1481	113	2	80	0.0250000
NODE_2305_length_1497_cov_38.344063	1401	1481	114	3	80	0.0375000
NODE_2305_length_1497_cov_38.344063	1401	1481	118	1	80	0.0125000
NODE_2305_length_1497_cov_38.344063	1401	1481	122	1	80	0.0125000
NODE_2305_length_1497_cov_38.344063	1401	1481	124	1	80	0.0125000
NODE_2305_length_1497_cov_38.344063	1401	1481	126	2	80	0.0250000
NODE_2305_length_1497_cov_38.344063	1401	1481	128	2	80	0.0250000
NODE_2305_length_1497_cov_38.344063	1401	1481	129	1	80	0.0125000
NODE_2305_length_1497_cov_38.344063	1401	1481	130	1	80	0.0125000
NODE_2305_length_1497_cov_38.344063	1401	1481	132	2	80	0.0250000
NODE_2305_length_1497_cov_38.344063	1401	1481	137	8	80	0.1000000
NODE_2305_length_1497_cov_38.344063	1401	1481	138	10	80	0.1250000
NODE_2305_length_1497_cov_38.344063	1401	1481	140	4	80	0.0500000
NODE_2305_length_1497_cov_38.344063	1401	1481	141	29	80	0.3625000
NODE_2305_length_1497_cov_38.344063	1401	1481	142	6	80	0.0750000
NODE_2308_length_1496_cov_3.936292	0	44	0	44	44	1.0000000
NODE_2308_length_1496_cov_3.936292	17	97	0	80	80	1.0000000
NODE_2311_length_1496_cov_1.103794	405	428	0	23	23	1.0000000
NODE_2313_length_1494_cov_65.437276	460	540	6	3	80	0.0375000
NODE_2313_length_1494_cov_65.437276	460	540	8	77	80	0.9625000
NODE_2313_length_1494_cov_65.437276	513	594	0	29	81	0.3580247
NODE_2313_length_1494_cov_65.437276	513	594	1	20	81	0.2469136
NODE_2313_length_1494_cov_65.437276	513	594	3	3	81	0.0370370
NODE_2313_length_1494_cov_65.437276	513	594	6	3	81	0.0370370
NODE_2313_length_1494_cov_65.437276	513	594	8	26	81	0.3209876
NODE_2313_length_1494_cov_65.437276	787	854	8	18	67	0.2686567
NODE_2313_length_1494_cov_65.437276	787	854	12	1	67	0.0149254
NODE_2313_length_1494_cov_65.437276	787	854	18	12	67	0.1791045
NODE_2313_length_1494_cov_65.437276	787	854	19	5	67	0.0746269
NODE_2313_length_1494_cov_65.437276	787	854	22	20	67	0.2985075
NODE_2313_length_1494_cov_65.437276	787	854	23	5	67	0.0746269
NODE_2313_length_1494_cov_65.437276	787	854	24	2	67	0.0298507
NODE_2313_length_1494_cov_65.437276	787	854	25	4	67	0.0597015
NODE_2313_length_1494_cov_65.437276	827	907	14	14	80	0.1750000
NODE_2313_length_1494_cov_65.437276	827	907	16	19	80	0.2375000
NODE_2313_length_1494_cov_65.437276	827	907	18	3	80	0.0375000
NODE_2313_length_1494_cov_65.437276	827	907	19	3	80	0.0375000
NODE_2313_length_1494_cov_65.437276	827	907	22	16	80	0.2000000
NODE_2313_length_1494_cov_65.437276	827	907	23	5	80	0.0625000
NODE_2313_length_1494_cov_65.437276	827	907	24	2	80	0.0250000
NODE_2313_length_1494_cov_65.437276	827	907	25	18	80	0.2250000
NODE_2316_length_1493_cov_100.467719	947	1028	26	3	81	0.0370370
NODE_2316_length_1493_cov_100.467719	947	1028	31	2	81	0.0246914
NODE_2316_length_1493_cov_100.467719	947	1028	33	1	81	0.0123457
NODE_2316_length_1493_cov_100.467719	947	1028	40	1	81	0.0123457
NODE_2316_length_1493_cov_100.467719	947	1028	42	1	81	0.0123457
NODE_2316_length_1493_cov_100.467719	947	1028	44	3	81	0.0370370
NODE_2316_length_1493_cov_100.467719	947	1028	46	2	81	0.0246914
NODE_2316_length_1493_cov_100.467719	947	1028	48	3	81	0.0370370
NODE_2316_length_1493_cov_100.467719	947	1028	52	5	81	0.0617284
NODE_2316_length_1493_cov_100.467719	947	1028	54	1	81	0.0123457
NODE_2316_length_1493_cov_100.467719	947	1028	58	2	81	0.0246914
NODE_2316_length_1493_cov_100.467719	947	1028	60	1	81	0.0123457
NODE_2316_length_1493_cov_100.467719	947	1028	66	4	81	0.0493827
NODE_2316_length_1493_cov_100.467719	947	1028	70	2	81	0.0246914
NODE_2316_length_1493_cov_100.467719	947	1028	72	1	81	0.0123457
NODE_2316_length_1493_cov_100.467719	947	1028	81	1	81	0.0123457
NODE_2316_length_1493_cov_100.467719	947	1028	88	1	81	0.0123457
NODE_2316_length_1493_cov_100.467719	947	1028	90	2	81	0.0246914
NODE_2316_length_1493_cov_100.467719	947	1028	94	1	81	0.0123457
NODE_2316_length_1493_cov_100.467719	947	1028	96	6	81	0.0740741
NODE_2316_length_1493_cov_100.467719	947	1028	105	3	81	0.0370370
NODE_2316_length_1493_cov_100.467719	947	1028	107	1	81	0.0123457
NODE_2316_length_1493_cov_100.467719	947	1028	109	3	81	0.0370370
NODE_2316_length_1493_cov_100.467719	947	1028	111	6	81	0.0740741
NODE_2316_length_1493_cov_100.467719	947	1028	113	1	81	0.0123457
NODE_2316_length_1493_cov_100.467719	947	1028	114	1	81	0.0123457
NODE_2316_length_1493_cov_100.467719	947	1028	116	1	81	0.0123457
NODE_2316_length_1493_cov_100.467719	947	1028	119	2	81	0.0246914
NODE_2316_length_1493_cov_100.467719	947	1028	120	3	81	0.0370370
NODE_2316_length_1493_cov_100.467719	947	1028	122	6	81	0.0740741
NODE_2316_length_1493_cov_100.467719	947	1028	124	1	81	0.0123457
NODE_2316_length_1493_cov_100.467719	947	1028	126	3	81	0.0370370
NODE_2316_length_1493_cov_100.467719	947	1028	128	2	81	0.0246914
NODE_2316_length_1493_cov_100.467719	947	1028	131	1	81	0.0123457
NODE_2316_length_1493_cov_100.467719	947	1028	136	1	81	0.0123457
NODE_2316_length_1493_cov_100.467719	947	1028	137	3	81	0.0370370
NODE_2316_length_1493_cov_100.467719	1001	1071	111	2	70	0.0285714
NODE_2316_length_1493_cov_100.467719	1001	1071	113	1	70	0.0142857
NODE_2316_length_1493_cov_100.467719	1001	1071	114	1	70	0.0142857
NODE_2316_length_1493_cov_100.467719	1001	1071	116	1	70	0.0142857
NODE_2316_length_1493_cov_100.467719	1001	1071	119	2	70	0.0285714
NODE_2316_length_1493_cov_100.467719	1001	1071	120	3	70	0.0428571
NODE_2316_length_1493_cov_100.467719	1001	1071	122	6	70	0.0857143
NODE_2316_length_1493_cov_100.467719	1001	1071	124	1	70	0.0142857
NODE_2316_length_1493_cov_100.467719	1001	1071	126	3	70	0.0428571
NODE_2316_length_1493_cov_100.467719	1001	1071	128	2	70	0.0285714
NODE_2316_length_1493_cov_100.467719	1001	1071	131	1	70	0.0142857
NODE_2316_length_1493_cov_100.467719	1001	1071	136	1	70	0.0142857
NODE_2316_length_1493_cov_100.467719	1001	1071	137	5	70	0.0714286
NODE_2316_length_1493_cov_100.467719	1001	1071	138	4	70	0.0571429
NODE_2316_length_1493_cov_100.467719	1001	1071	150	1	70	0.0142857
NODE_2316_length_1493_cov_100.467719	1001	1071	152	1	70	0.0142857
NODE_2316_length_1493_cov_100.467719	1001	1071	154	1	70	0.0142857
NODE_2316_length_1493_cov_100.467719	1001	1071	155	1	70	0.0142857
NODE_2316_length_1493_cov_100.467719	1001	1071	160	1	70	0.0142857
NODE_2316_length_1493_cov_100.467719	1001	1071	161	2	70	0.0285714
NODE_2316_length_1493_cov_100.467719	1001	1071	162	1	70	0.0142857
NODE_2316_length_1493_cov_100.467719	1001	1071	164	1	70	0.0142857
NODE_2316_length_1493_cov_100.467719	1001	1071	166	1	70	0.0142857
NODE_2316_length_1493_cov_100.467719	1001	1071	176	1	70	0.0142857
NODE_2316_length_1493_cov_100.467719	1001	1071	184	1	70	0.0142857
NODE_2316_length_1493_cov_100.467719	1001	1071	193	1	70	0.0142857
NODE_2316_length_1493_cov_100.467719	1001	1071	201	1	70	0.0142857
NODE_2316_length_1493_cov_100.467719	1001	1071	206	1	70	0.0142857
NODE_2316_length_1493_cov_100.467719	1001	1071	212	1	70	0.0142857
NODE_2316_length_1493_cov_100.467719	1001	1071	216	1	70	0.0142857
NODE_2316_length_1493_cov_100.467719	1001	1071	223	2	70	0.0285714
NODE_2316_length_1493_cov_100.467719	1001	1071	225	1	70	0.0142857
NODE_2316_length_1493_cov_100.467719	1001	1071	228	1	70	0.0142857
NODE_2316_length_1493_cov_100.467719	1001	1071	233	1	70	0.0142857
NODE_2316_length_1493_cov_100.467719	1001	1071	238	1	70	0.0142857
NODE_2316_length_1493_cov_100.467719	1001	1071	242	1	70	0.0142857
NODE_2316_length_1493_cov_100.467719	1001	1071	246	1	70	0.0142857
NODE_2316_length_1493_cov_100.467719	1001	1071	248	1	70	0.0142857
NODE_2316_length_1493_cov_100.467719	1001	1071	250	1	70	0.0142857
NODE_2316_length_1493_cov_100.467719	1001	1071	254	1	70	0.0142857
NODE_2316_length_1493_cov_100.467719	1001	1071	256	1	70	0.0142857
NODE_2316_length_1493_cov_100.467719	1001	1071	265	1	70	0.0142857
NODE_2316_length_1493_cov_100.467719	1001	1071	266	1	70	0.0142857
NODE_2316_length_1493_cov_100.467719	1001	1071	267	1	70	0.0142857
NODE_2316_length_1493_cov_100.467719	1001	1071	268	1	70	0.0142857
NODE_2316_length_1493_cov_100.467719	1001	1071	269	1	70	0.0142857
NODE_2316_length_1493_cov_100.467719	1001	1071	270	1	70	0.0142857
NODE_2316_length_1493_cov_100.467719	1001	1071	274	2	70	0.0285714
NODE_2316_length_1493_cov_100.467719	1077	1157	295	1	80	0.0125000
NODE_2316_length_1493_cov_100.467719	1077	1157	296	1	80	0.0125000
NODE_2316_length_1493_cov_100.467719	1077	1157	297	1	80	0.0125000
NODE_2316_length_1493_cov_100.467719	1077	1157	301	1	80	0.0125000
NODE_2316_length_1493_cov_100.467719	1077	1157	310	1	80	0.0125000
NODE_2316_length_1493_cov_100.467719	1077	1157	316	1	80	0.0125000
NODE_2316_length_1493_cov_100.467719	1077	1157	323	1	80	0.0125000
NODE_2316_length_1493_cov_100.467719	1077	1157	328	2	80	0.0250000
NODE_2316_length_1493_cov_100.467719	1077	1157	332	1	80	0.0125000
NODE_2316_length_1493_cov_100.467719	1077	1157	337	1	80	0.0125000
NODE_2316_length_1493_cov_100.467719	1077	1157	352	1	80	0.0125000
NODE_2316_length_1493_cov_100.467719	1077	1157	356	1	80	0.0125000
NODE_2316_length_1493_cov_100.467719	1077	1157	357	2	80	0.0250000
NODE_2316_length_1493_cov_100.467719	1077	1157	360	1	80	0.0125000
NODE_2316_length_1493_cov_100.467719	1077	1157	362	1	80	0.0125000
NODE_2316_length_1493_cov_100.467719	1077	1157	366	2	80	0.0250000
NODE_2316_length_1493_cov_100.467719	1077	1157	367	3	80	0.0375000
NODE_2316_length_1493_cov_100.467719	1077	1157	379	1	80	0.0125000
NODE_2316_length_1493_cov_100.467719	1077	1157	384	1	80	0.0125000
NODE_2316_length_1493_cov_100.467719	1077	1157	392	1	80	0.0125000
NODE_2316_length_1493_cov_100.467719	1077	1157	398	1	80	0.0125000
NODE_2316_length_1493_cov_100.467719	1077	1157	404	1	80	0.0125000
NODE_2316_length_1493_cov_100.467719	1077	1157	410	1	80	0.0125000
NODE_2316_length_1493_cov_100.467719	1077	1157	415	1	80	0.0125000
NODE_2316_length_1493_cov_100.467719	1077	1157	416	2	80	0.0250000
NODE_2316_length_1493_cov_100.467719	1077	1157	419	1	80	0.0125000
NODE_2316_length_1493_cov_100.467719	1077	1157	427	1	80	0.0125000
NODE_2316_length_1493_cov_100.467719	1077	1157	441	1	80	0.0125000
NODE_2316_length_1493_cov_100.467719	1077	1157	443	2	80	0.0250000
NODE_2316_length_1493_cov_100.467719	1077	1157	445	1	80	0.0125000
NODE_2316_length_1493_cov_100.467719	1077	1157	453	2	80	0.0250000
NODE_2316_length_1493_cov_100.467719	1077	1157	459	1	80	0.0125000
NODE_2316_length_1493_cov_100.467719	1077	1157	465	1	80	0.0125000
NODE_2316_length_1493_cov_100.467719	1077	1157	469	1	80	0.0125000
NODE_2316_length_1493_cov_100.467719	1077	1157	476	1	80	0.0125000
NODE_2316_length_1493_cov_100.467719	1077	1157	482	1	80	0.0125000
NODE_2316_length_1493_cov_100.467719	1077	1157	484	1	80	0.0125000
NODE_2316_length_1493_cov_100.467719	1077	1157	486	1	80	0.0125000
NODE_2316_length_1493_cov_100.467719	1077	1157	490	1	80	0.0125000
NODE_2316_length_1493_cov_100.467719	1077	1157	492	1	80	0.0125000
NODE_2316_length_1493_cov_100.467719	1077	1157	494	1	80	0.0125000
NODE_2316_length_1493_cov_100.467719	1077	1157	520	1	80	0.0125000
NODE_2316_length_1493_cov_100.467719	1077	1157	521	1	80	0.0125000
NODE_2316_length_1493_cov_100.467719	1077	1157	527	1	80	0.0125000
NODE_2316_length_1493_cov_100.467719	1077	1157	535	1	80	0.0125000
NODE_2316_length_1493_cov_100.467719	1077	1157	543	1	80	0.0125000
NODE_2316_length_1493_cov_100.467719	1077	1157	544	1	80	0.0125000
NODE_2316_length_1493_cov_100.467719	1077	1157	552	1	80	0.0125000
NODE_2316_length_1493_cov_100.467719	1077	1157	554	1	80	0.0125000
NODE_2316_length_1493_cov_100.467719	1077	1157	564	2	80	0.0250000
NODE_2316_length_1493_cov_100.467719	1077	1157	568	1	80	0.0125000
NODE_2316_length_1493_cov_100.467719	1077	1157	569	1	80	0.0125000
NODE_2316_length_1493_cov_100.467719	1077	1157	570	1	80	0.0125000
NODE_2316_length_1493_cov_100.467719	1077	1157	571	1	80	0.0125000
NODE_2316_length_1493_cov_100.467719	1077	1157	574	3	80	0.0375000
NODE_2316_length_1493_cov_100.467719	1077	1157	576	1	80	0.0125000
NODE_2316_length_1493_cov_100.467719	1077	1157	577	1	80	0.0125000
NODE_2316_length_1493_cov_100.467719	1077	1157	584	1	80	0.0125000
NODE_2316_length_1493_cov_100.467719	1077	1157	586	1	80	0.0125000
NODE_2316_length_1493_cov_100.467719	1077	1157	588	1	80	0.0125000
NODE_2316_length_1493_cov_100.467719	1077	1157	604	1	80	0.0125000
NODE_2316_length_1493_cov_100.467719	1077	1157	611	1	80	0.0125000
NODE_2316_length_1493_cov_100.467719	1077	1157	613	1	80	0.0125000
NODE_2316_length_1493_cov_100.467719	1077	1157	614	1	80	0.0125000
NODE_2316_length_1493_cov_100.467719	1077	1157	615	2	80	0.0250000
NODE_2316_length_1493_cov_100.467719	1077	1157	616	3	80	0.0375000
NODE_2316_length_1493_cov_100.467719	1130	1210	457	1	80	0.0125000
NODE_2316_length_1493_cov_100.467719	1130	1210	480	2	80	0.0250000
NODE_2316_length_1493_cov_100.467719	1130	1210	483	1	80	0.0125000
NODE_2316_length_1493_cov_100.467719	1130	1210	498	1	80	0.0125000
NODE_2316_length_1493_cov_100.467719	1130	1210	504	1	80	0.0125000
NODE_2316_length_1493_cov_100.467719	1130	1210	506	1	80	0.0125000
NODE_2316_length_1493_cov_100.467719	1130	1210	511	2	80	0.0250000
NODE_2316_length_1493_cov_100.467719	1130	1210	512	1	80	0.0125000
NODE_2316_length_1493_cov_100.467719	1130	1210	514	1	80	0.0125000
NODE_2316_length_1493_cov_100.467719	1130	1210	519	1	80	0.0125000
NODE_2316_length_1493_cov_100.467719	1130	1210	532	1	80	0.0125000
NODE_2316_length_1493_cov_100.467719	1130	1210	543	1	80	0.0125000
NODE_2316_length_1493_cov_100.467719	1130	1210	544	1	80	0.0125000
NODE_2316_length_1493_cov_100.467719	1130	1210	552	1	80	0.0125000
NODE_2316_length_1493_cov_100.467719	1130	1210	554	1	80	0.0125000
NODE_2316_length_1493_cov_100.467719	1130	1210	555	1	80	0.0125000
NODE_2316_length_1493_cov_100.467719	1130	1210	563	1	80	0.0125000
NODE_2316_length_1493_cov_100.467719	1130	1210	564	2	80	0.0250000
NODE_2316_length_1493_cov_100.467719	1130	1210	568	1	80	0.0125000
NODE_2316_length_1493_cov_100.467719	1130	1210	569	1	80	0.0125000
NODE_2316_length_1493_cov_100.467719	1130	1210	570	1	80	0.0125000
NODE_2316_length_1493_cov_100.467719	1130	1210	571	1	80	0.0125000
NODE_2316_length_1493_cov_100.467719	1130	1210	572	1	80	0.0125000
NODE_2316_length_1493_cov_100.467719	1130	1210	574	3	80	0.0375000
NODE_2316_length_1493_cov_100.467719	1130	1210	576	2	80	0.0250000
NODE_2316_length_1493_cov_100.467719	1130	1210	577	1	80	0.0125000
NODE_2316_length_1493_cov_100.467719	1130	1210	584	1	80	0.0125000
NODE_2316_length_1493_cov_100.467719	1130	1210	586	2	80	0.0250000
NODE_2316_length_1493_cov_100.467719	1130	1210	588	2	80	0.0250000
NODE_2316_length_1493_cov_100.467719	1130	1210	591	2	80	0.0250000
NODE_2316_length_1493_cov_100.467719	1130	1210	592	1	80	0.0125000
NODE_2316_length_1493_cov_100.467719	1130	1210	599	2	80	0.0250000
NODE_2316_length_1493_cov_100.467719	1130	1210	600	1	80	0.0125000
NODE_2316_length_1493_cov_100.467719	1130	1210	602	1	80	0.0125000
NODE_2316_length_1493_cov_100.467719	1130	1210	603	1	80	0.0125000
NODE_2316_length_1493_cov_100.467719	1130	1210	604	2	80	0.0250000
NODE_2316_length_1493_cov_100.467719	1130	1210	605	1	80	0.0125000
NODE_2316_length_1493_cov_100.467719	1130	1210	611	1	80	0.0125000
NODE_2316_length_1493_cov_100.467719	1130	1210	612	1	80	0.0125000
NODE_2316_length_1493_cov_100.467719	1130	1210	613	2	80	0.0250000
NODE_2316_length_1493_cov_100.467719	1130	1210	614	1	80	0.0125000
NODE_2316_length_1493_cov_100.467719	1130	1210	615	2	80	0.0250000
NODE_2316_length_1493_cov_100.467719	1130	1210	616	5	80	0.0625000
NODE_2316_length_1493_cov_100.467719	1130	1210	617	2	80	0.0250000
NODE_2316_length_1493_cov_100.467719	1130	1210	618	1	80	0.0125000
NODE_2316_length_1493_cov_100.467719	1130	1210	619	1	80	0.0125000
NODE_2316_length_1493_cov_100.467719	1130	1210	621	1	80	0.0125000
NODE_2316_length_1493_cov_100.467719	1130	1210	622	1	80	0.0125000
NODE_2316_length_1493_cov_100.467719	1130	1210	623	1	80	0.0125000
NODE_2316_length_1493_cov_100.467719	1130	1210	624	2	80	0.0250000
NODE_2316_length_1493_cov_100.467719	1130	1210	625	5	80	0.0625000
NODE_2316_length_1493_cov_100.467719	1130	1210	626	1	80	0.0125000
NODE_2316_length_1493_cov_100.467719	1130	1210	627	2	80	0.0250000
NODE_2316_length_1493_cov_100.467719	1130	1210	629	1	80	0.0125000
NODE_2316_length_1493_cov_100.467719	1130	1210	630	1	80	0.0125000
NODE_2316_length_1493_cov_100.467719	1130	1210	631	1	80	0.0125000
NODE_2321_length_1493_cov_1.138451	1341	1420	2	79	79	1.0000000
NODE_2321_length_1493_cov_1.138451	1341	1420	2	79	79	1.0000000
NODE_2321_length_1493_cov_1.138451	1393	1459	1	25	66	0.3787879
NODE_2321_length_1493_cov_1.138451	1393	1459	2	41	66	0.6212121
NODE_2332_length_1490_cov_5.726096	233	295	0	49	62	0.7903226
NODE_2332_length_1490_cov_5.726096	233	295	2	13	62	0.2096774
NODE_2332_length_1490_cov_5.726096	1065	1149	0	84	84	1.0000000
NODE_2333_length_1490_cov_4.687275	318	399	2	19	81	0.2345679
NODE_2333_length_1490_cov_4.687275	318	399	4	62	81	0.7654321
NODE_2333_length_1490_cov_4.687275	372	452	0	37	80	0.4625000
NODE_2333_length_1490_cov_4.687275	372	452	2	32	80	0.4000000
NODE_2333_length_1490_cov_4.687275	372	452	4	11	80	0.1375000
NODE_2338_length_1488_cov_3.734341	1141	1221	0	80	80	1.0000000
NODE_2340_length_1487_cov_19.332133	673	753	2	22	80	0.2750000
NODE_2340_length_1487_cov_19.332133	673	753	4	25	80	0.3125000
NODE_2340_length_1487_cov_19.332133	673	753	6	3	80	0.0375000
NODE_2340_length_1487_cov_19.332133	673	753	8	3	80	0.0375000
NODE_2340_length_1487_cov_19.332133	673	753	14	18	80	0.2250000
NODE_2340_length_1487_cov_19.332133	673	753	16	9	80	0.1125000
NODE_2340_length_1487_cov_19.332133	726	806	12	8	80	0.1000000
NODE_2340_length_1487_cov_19.332133	726	806	14	45	80	0.5625000
NODE_2340_length_1487_cov_19.332133	726	806	16	27	80	0.3375000
NODE_2348_length_1484_cov_38.342960	706	786	4	29	80	0.3625000
NODE_2348_length_1484_cov_38.342960	706	786	6	51	80	0.6375000
NODE_2348_length_1484_cov_38.342960	759	839	2	51	80	0.6375000
NODE_2348_length_1484_cov_38.342960	759	839	6	29	80	0.3625000
NODE_2349_length_1484_cov_21.260650	348	428	0	58	80	0.7250000
NODE_2349_length_1484_cov_21.260650	348	428	2	22	80	0.2750000
NODE_2349_length_1484_cov_21.260650	401	481	0	5	80	0.0625000
NODE_2349_length_1484_cov_21.260650	401	481	2	75	80	0.9375000
NODE_2349_length_1484_cov_21.260650	978	1058	10	52	80	0.6500000
NODE_2349_length_1484_cov_21.260650	978	1058	15	3	80	0.0375000
NODE_2349_length_1484_cov_21.260650	978	1058	16	25	80	0.3125000
NODE_2349_length_1484_cov_21.260650	1031	1111	6	39	80	0.4875000
NODE_2349_length_1484_cov_21.260650	1031	1111	15	17	80	0.2125000
NODE_2349_length_1484_cov_21.260650	1031	1111	16	24	80	0.3000000
NODE_2350_length_1484_cov_19.243321	952	1032	4	78	80	0.9750000
NODE_2350_length_1484_cov_19.243321	952	1032	6	2	80	0.0250000
NODE_2350_length_1484_cov_19.243321	1005	1085	4	25	80	0.3125000
NODE_2350_length_1484_cov_19.243321	1005	1085	6	10	80	0.1250000
NODE_2350_length_1484_cov_19.243321	1005	1085	8	45	80	0.5625000
NODE_2351_length_1484_cov_9.085199	314	394	0	2	80	0.0250000
NODE_2351_length_1484_cov_9.085199	314	394	2	78	80	0.9750000
NODE_2351_length_1484_cov_9.085199	367	447	2	80	80	1.0000000
NODE_2353_length_1483_cov_21.207370	555	635	18	1	80	0.0125000
NODE_2353_length_1483_cov_21.207370	555	635	22	37	80	0.4625000
NODE_2353_length_1483_cov_21.207370	555	635	26	42	80	0.5250000
NODE_2353_length_1483_cov_21.207370	608	688	0	14	80	0.1750000
NODE_2353_length_1483_cov_21.207370	608	688	6	5	80	0.0625000
NODE_2353_length_1483_cov_21.207370	608	688	19	1	80	0.0125000
NODE_2353_length_1483_cov_21.207370	608	688	20	17	80	0.2125000
NODE_2353_length_1483_cov_21.207370	608	688	22	43	80	0.5375000
NODE_2359_length_1482_cov_20.177874	430	510	0	21	80	0.2625000
NODE_2359_length_1482_cov_20.177874	430	510	4	19	80	0.2375000
NODE_2359_length_1482_cov_20.177874	430	510	6	40	80	0.5000000
NODE_2359_length_1482_cov_20.177874	483	563	2	16	80	0.2000000
NODE_2359_length_1482_cov_20.177874	483	563	6	64	80	0.8000000
NODE_2359_length_1482_cov_20.177874	559	639	0	59	80	0.7375000
NODE_2359_length_1482_cov_20.177874	559	639	2	21	80	0.2625000
NODE_2359_length_1482_cov_20.177874	612	692	0	23	80	0.2875000
NODE_2359_length_1482_cov_20.177874	612	692	2	57	80	0.7125000
NODE_2360_length_1482_cov_13.644252	1000	1080	4	5	80	0.0625000
NODE_2360_length_1482_cov_13.644252	1000	1080	6	30	80	0.3750000
NODE_2360_length_1482_cov_13.644252	1000	1080	8	10	80	0.1250000
NODE_2360_length_1482_cov_13.644252	1000	1080	10	35	80	0.4375000
NODE_2360_length_1482_cov_13.644252	1053	1133	0	7	80	0.0875000
NODE_2360_length_1482_cov_13.644252	1053	1133	2	4	80	0.0500000
NODE_2360_length_1482_cov_13.644252	1053	1133	4	35	80	0.4375000
NODE_2360_length_1482_cov_13.644252	1053	1133	6	16	80	0.2000000
NODE_2360_length_1482_cov_13.644252	1053	1133	10	18	80	0.2250000
NODE_2361_length_1482_cov_6.157628	525	605	0	3	80	0.0375000
NODE_2361_length_1482_cov_6.157628	525	605	2	8	80	0.1000000
NODE_2361_length_1482_cov_6.157628	525	605	8	69	80	0.8625000
NODE_2361_length_1482_cov_6.157628	578	658	6	11	80	0.1375000
NODE_2361_length_1482_cov_6.157628	578	658	8	69	80	0.8625000
NODE_2361_length_1482_cov_6.157628	1306	1388	4	12	82	0.1463415
NODE_2361_length_1482_cov_6.157628	1306	1388	8	8	82	0.0975610
NODE_2361_length_1482_cov_6.157628	1306	1388	12	62	82	0.7560976
NODE_2364_length_1481_cov_19.238784	480	560	6	1	80	0.0125000
NODE_2364_length_1481_cov_19.238784	480	560	8	16	80	0.2000000
NODE_2364_length_1481_cov_19.238784	480	560	11	32	80	0.4000000
NODE_2364_length_1481_cov_19.238784	480	560	12	31	80	0.3875000
NODE_2364_length_1481_cov_19.238784	533	613	0	30	80	0.3750000
NODE_2364_length_1481_cov_19.238784	533	613	6	24	80	0.3000000
NODE_2364_length_1481_cov_19.238784	533	613	8	16	80	0.2000000
NODE_2364_length_1481_cov_19.238784	533	613	11	10	80	0.1250000
NODE_2365_length_1481_cov_18.139653	706	786	4	6	80	0.0750000
NODE_2365_length_1481_cov_18.139653	706	786	6	43	80	0.5375000
NODE_2365_length_1481_cov_18.139653	706	786	8	9	80	0.1125000
NODE_2365_length_1481_cov_18.139653	706	786	10	12	80	0.1500000
NODE_2365_length_1481_cov_18.139653	706	786	12	10	80	0.1250000
NODE_2365_length_1481_cov_18.139653	759	839	6	4	80	0.0500000
NODE_2365_length_1481_cov_18.139653	759	839	8	25	80	0.3125000
NODE_2365_length_1481_cov_18.139653	759	839	10	17	80	0.2125000
NODE_2365_length_1481_cov_18.139653	759	839	12	34	80	0.4250000
NODE_2367_length_1480_cov_27.552498	762	842	0	80	80	1.0000000
NODE_2367_length_1480_cov_27.552498	815	895	0	80	80	1.0000000
NODE_2367_length_1480_cov_27.552498	891	971	0	80	80	1.0000000
NODE_2367_length_1480_cov_27.552498	944	1024	0	80	80	1.0000000
NODE_2367_length_1480_cov_27.552498	1171	1222	8	1	51	0.0196078
NODE_2367_length_1480_cov_27.552498	1171	1222	12	2	51	0.0392157
NODE_2367_length_1480_cov_27.552498	1171	1222	16	1	51	0.0196078
NODE_2367_length_1480_cov_27.552498	1171	1222	20	3	51	0.0588235
NODE_2367_length_1480_cov_27.552498	1171	1222	32	7	51	0.1372549
NODE_2367_length_1480_cov_27.552498	1171	1222	34	3	51	0.0588235
NODE_2367_length_1480_cov_27.552498	1171	1222	39	1	51	0.0196078
NODE_2367_length_1480_cov_27.552498	1171	1222	45	1	51	0.0196078
NODE_2367_length_1480_cov_27.552498	1171	1222	47	2	51	0.0392157
NODE_2367_length_1480_cov_27.552498	1171	1222	49	2	51	0.0392157
NODE_2367_length_1480_cov_27.552498	1171	1222	51	5	51	0.0980392
NODE_2367_length_1480_cov_27.552498	1171	1222	59	3	51	0.0588235
NODE_2367_length_1480_cov_27.552498	1171	1222	63	2	51	0.0392157
NODE_2367_length_1480_cov_27.552498	1171	1222	65	14	51	0.2745098
NODE_2367_length_1480_cov_27.552498	1171	1222	67	2	51	0.0392157
NODE_2367_length_1480_cov_27.552498	1171	1222	69	1	51	0.0196078
NODE_2367_length_1480_cov_27.552498	1171	1222	72	1	51	0.0196078
NODE_2369_length_1480_cov_12.535844	466	546	0	74	80	0.9250000
NODE_2369_length_1480_cov_12.535844	466	546	2	6	80	0.0750000
NODE_2369_length_1480_cov_12.535844	519	599	0	21	80	0.2625000
NODE_2369_length_1480_cov_12.535844	519	599	2	59	80	0.7375000
NODE_2373_length_1479_cov_17.035507	708	788	2	9	80	0.1125000
NODE_2373_length_1479_cov_17.035507	708	788	4	71	80	0.8875000
NODE_2373_length_1479_cov_17.035507	761	841	0	26	80	0.3250000
NODE_2373_length_1479_cov_17.035507	761	841	2	9	80	0.1125000
NODE_2373_length_1479_cov_17.035507	761	841	4	45	80	0.5625000
NODE_2373_length_1479_cov_17.035507	837	917	0	4	80	0.0500000
NODE_2373_length_1479_cov_17.035507	837	917	4	76	80	0.9500000
NODE_2373_length_1479_cov_17.035507	890	970	0	57	80	0.7125000
NODE_2373_length_1479_cov_17.035507	890	970	4	23	80	0.2875000
NODE_2374_length_1479_cov_16.448551	908	988	6	3	80	0.0375000
NODE_2374_length_1479_cov_16.448551	908	988	8	25	80	0.3125000
NODE_2374_length_1479_cov_16.448551	908	988	9	10	80	0.1250000
NODE_2374_length_1479_cov_16.448551	908	988	10	20	80	0.2500000
NODE_2374_length_1479_cov_16.448551	908	988	11	22	80	0.2750000
NODE_2374_length_1479_cov_16.448551	961	1041	6	21	80	0.2625000
NODE_2374_length_1479_cov_16.448551	961	1041	8	9	80	0.1125000
NODE_2374_length_1479_cov_16.448551	961	1041	9	11	80	0.1375000
NODE_2374_length_1479_cov_16.448551	961	1041	10	26	80	0.3250000
NODE_2374_length_1479_cov_16.448551	961	1041	11	13	80	0.1625000
NODE_2375_length_1479_cov_5.285507	123	185	0	5	62	0.0806452
NODE_2375_length_1479_cov_5.285507	123	185	2	5	62	0.0806452
NODE_2375_length_1479_cov_5.285507	123	185	4	1	62	0.0161290
NODE_2375_length_1479_cov_5.285507	123	185	8	19	62	0.3064516
NODE_2375_length_1479_cov_5.285507	123	185	10	32	62	0.5161290
NODE_2376_length_1479_cov_2.018841	881	967	0	19	86	0.2209302
NODE_2376_length_1479_cov_2.018841	881	967	2	67	86	0.7790698
NODE_2377_length_1478_cov_32.050761	411	491	4	13	80	0.1625000
NODE_2377_length_1478_cov_32.050761	411	491	6	14	80	0.1750000
NODE_2377_length_1478_cov_32.050761	411	491	8	53	80	0.6625000
NODE_2377_length_1478_cov_32.050761	464	544	4	13	80	0.1625000
NODE_2377_length_1478_cov_32.050761	464	544	6	13	80	0.1625000
NODE_2377_length_1478_cov_32.050761	464	544	8	1	80	0.0125000
NODE_2377_length_1478_cov_32.050761	464	544	10	14	80	0.1750000
NODE_2377_length_1478_cov_32.050761	464	544	12	9	80	0.1125000
NODE_2377_length_1478_cov_32.050761	464	544	16	2	80	0.0250000
NODE_2377_length_1478_cov_32.050761	464	544	18	28	80	0.3500000
NODE_2377_length_1478_cov_32.050761	540	620	16	42	80	0.5250000
NODE_2377_length_1478_cov_32.050761	540	620	18	2	80	0.0250000
NODE_2377_length_1478_cov_32.050761	540	620	24	36	80	0.4500000
NODE_2377_length_1478_cov_32.050761	593	673	6	8	80	0.1000000
NODE_2377_length_1478_cov_32.050761	593	673	7	11	80	0.1375000
NODE_2377_length_1478_cov_32.050761	593	673	14	12	80	0.1500000
NODE_2377_length_1478_cov_32.050761	593	673	15	2	80	0.0250000
NODE_2377_length_1478_cov_32.050761	593	673	16	3	80	0.0375000
NODE_2377_length_1478_cov_32.050761	593	673	24	44	80	0.5500000
NODE_2378_length_1478_cov_27.414793	817	897	0	58	80	0.7250000
NODE_2378_length_1478_cov_27.414793	817	897	2	22	80	0.2750000
NODE_2378_length_1478_cov_27.414793	870	950	0	5	80	0.0625000
NODE_2378_length_1478_cov_27.414793	870	950	2	75	80	0.9375000
NODE_2379_length_1478_cov_23.472081	1212	1241	16	6	29	0.2068966
NODE_2379_length_1478_cov_23.472081	1212	1241	20	4	29	0.1379310
NODE_2379_length_1478_cov_23.472081	1212	1241	25	1	29	0.0344828
NODE_2379_length_1478_cov_23.472081	1212	1241	27	1	29	0.0344828
NODE_2379_length_1478_cov_23.472081	1212	1241	28	1	29	0.0344828
NODE_2379_length_1478_cov_23.472081	1212	1241	30	2	29	0.0689655
NODE_2379_length_1478_cov_23.472081	1212	1241	34	3	29	0.1034483
NODE_2379_length_1478_cov_23.472081	1212	1241	38	4	29	0.1379310
NODE_2379_length_1478_cov_23.472081	1212	1241	40	7	29	0.2413793
NODE_2380_length_1478_cov_10.746193	678	758	4	29	80	0.3625000
NODE_2380_length_1478_cov_10.746193	678	758	6	50	80	0.6250000
NODE_2380_length_1478_cov_10.746193	678	758	8	1	80	0.0125000
NODE_2380_length_1478_cov_10.746193	731	811	2	34	80	0.4250000
NODE_2380_length_1478_cov_10.746193	731	811	4	46	80	0.5750000
NODE_2380_length_1478_cov_10.746193	807	892	0	18	85	0.2117647
NODE_2380_length_1478_cov_10.746193	807	892	1	48	85	0.5647059
NODE_2380_length_1478_cov_10.746193	807	892	2	19	85	0.2235294
NODE_2380_length_1478_cov_10.746193	860	945	1	38	85	0.4470588
NODE_2380_length_1478_cov_10.746193	860	945	2	47	85	0.5529412
NODE_2384_length_1476_cov_6.522150	791	871	2	43	80	0.5375000
NODE_2384_length_1476_cov_6.522150	791	871	4	37	80	0.4625000
NODE_2384_length_1476_cov_6.522150	844	924	0	36	80	0.4500000
NODE_2384_length_1476_cov_6.522150	844	924	2	44	80	0.5500000
NODE_2392_length_1474_cov_11.209455	515	595	0	18	80	0.2250000
NODE_2392_length_1474_cov_11.209455	515	595	2	39	80	0.4875000
NODE_2392_length_1474_cov_11.209455	515	595	4	3	80	0.0375000
NODE_2392_length_1474_cov_11.209455	515	595	5	6	80	0.0750000
NODE_2392_length_1474_cov_11.209455	515	595	6	14	80	0.1750000
NODE_2392_length_1474_cov_11.209455	568	648	2	4	80	0.0500000
NODE_2392_length_1474_cov_11.209455	568	648	4	39	80	0.4875000
NODE_2392_length_1474_cov_11.209455	568	648	5	6	80	0.0750000
NODE_2392_length_1474_cov_11.209455	568	648	6	31	80	0.3875000
NODE_2397_length_1472_cov_22.159505	428	508	4	37	80	0.4625000
NODE_2397_length_1472_cov_22.159505	428	508	16	36	80	0.4500000
NODE_2397_length_1472_cov_22.159505	428	508	20	7	80	0.0875000
NODE_2397_length_1472_cov_22.159505	428	508	4	37	80	0.4625000
NODE_2397_length_1472_cov_22.159505	428	508	16	36	80	0.4500000
NODE_2397_length_1472_cov_22.159505	428	508	20	7	80	0.0875000
NODE_2397_length_1472_cov_22.159505	481	561	16	64	80	0.8000000
NODE_2397_length_1472_cov_22.159505	481	561	18	8	80	0.1000000
NODE_2397_length_1472_cov_22.159505	481	561	22	8	80	0.1000000
NODE_2397_length_1472_cov_22.159505	913	993	2	49	80	0.6125000
NODE_2397_length_1472_cov_22.159505	913	993	4	31	80	0.3875000
NODE_2397_length_1472_cov_22.159505	966	1046	0	5	80	0.0625000
NODE_2397_length_1472_cov_22.159505	966	1046	2	40	80	0.5000000
NODE_2397_length_1472_cov_22.159505	966	1046	4	35	80	0.4375000
NODE_2397_length_1472_cov_22.159505	1042	1122	0	80	80	1.0000000
NODE_2397_length_1472_cov_22.159505	1095	1175	0	80	80	1.0000000
NODE_2398_length_1472_cov_22.018208	523	590	2	67	67	1.0000000
NODE_2398_length_1472_cov_22.018208	563	643	0	24	80	0.3000000
NODE_2398_length_1472_cov_22.018208	563	643	2	56	80	0.7000000
NODE_2398_length_1472_cov_22.018208	639	719	0	29	80	0.3625000
NODE_2398_length_1472_cov_22.018208	639	719	2	21	80	0.2625000
NODE_2398_length_1472_cov_22.018208	639	719	9	30	80	0.3750000
NODE_2398_length_1472_cov_22.018208	692	772	9	46	80	0.5750000
NODE_2398_length_1472_cov_22.018208	692	772	10	34	80	0.4250000
NODE_2404_length_1470_cov_7.042305	5	57	37	1	52	0.0192308
NODE_2404_length_1470_cov_7.042305	5	57	43	1	52	0.0192308
NODE_2404_length_1470_cov_7.042305	5	57	49	1	52	0.0192308
NODE_2404_length_1470_cov_7.042305	5	57	55	1	52	0.0192308
NODE_2404_length_1470_cov_7.042305	5	57	60	1	52	0.0192308
NODE_2404_length_1470_cov_7.042305	5	57	63	2	52	0.0384615
NODE_2404_length_1470_cov_7.042305	5	57	64	1	52	0.0192308
NODE_2404_length_1470_cov_7.042305	5	57	68	1	52	0.0192308
NODE_2404_length_1470_cov_7.042305	5	57	70	2	52	0.0384615
NODE_2404_length_1470_cov_7.042305	5	57	72	1	52	0.0192308
NODE_2404_length_1470_cov_7.042305	5	57	74	2	52	0.0384615
NODE_2404_length_1470_cov_7.042305	5	57	76	1	52	0.0192308
NODE_2404_length_1470_cov_7.042305	5	57	80	1	52	0.0192308
NODE_2404_length_1470_cov_7.042305	5	57	82	3	52	0.0576923
NODE_2404_length_1470_cov_7.042305	5	57	86	2	52	0.0384615
NODE_2404_length_1470_cov_7.042305	5	57	90	31	52	0.5961539
NODE_2405_length_1470_cov_2.185266	199	245	0	46	46	1.0000000
NODE_2407_length_1469_cov_5.683942	834	914	6	15	80	0.1875000
NODE_2407_length_1469_cov_5.683942	834	914	8	1	80	0.0125000
NODE_2407_length_1469_cov_5.683942	834	914	10	64	80	0.8000000
NODE_2407_length_1469_cov_5.683942	887	967	3	8	80	0.1000000
NODE_2407_length_1469_cov_5.683942	887	967	5	12	80	0.1500000
NODE_2407_length_1469_cov_5.683942	887	967	8	16	80	0.2000000
NODE_2407_length_1469_cov_5.683942	887	967	10	44	80	0.5500000
NODE_2410_length_1467_cov_31.231725	1048	1131	0	83	83	1.0000000
NODE_2411_length_1467_cov_19.731725	485	565	0	14	80	0.1750000
NODE_2411_length_1467_cov_19.731725	485	565	2	3	80	0.0375000
NODE_2411_length_1467_cov_19.731725	485	565	8	63	80	0.7875000
NODE_2411_length_1467_cov_19.731725	538	618	0	14	80	0.1750000
NODE_2411_length_1467_cov_19.731725	538	618	6	18	80	0.2250000
NODE_2411_length_1467_cov_19.731725	538	618	8	48	80	0.6000000
NODE_2412_length_1467_cov_11.807749	180	242	6	11	62	0.1774193
NODE_2412_length_1467_cov_11.807749	180	242	8	7	62	0.1129032
NODE_2412_length_1467_cov_11.807749	180	242	10	2	62	0.0322581
NODE_2412_length_1467_cov_11.807749	180	242	12	42	62	0.6774194
NODE_2412_length_1467_cov_11.807749	264	293	0	4	29	0.1379310
NODE_2412_length_1467_cov_11.807749	264	293	2	6	29	0.2068966
NODE_2412_length_1467_cov_11.807749	264	293	4	1	29	0.0344828
NODE_2412_length_1467_cov_11.807749	264	293	6	3	29	0.1034483
NODE_2412_length_1467_cov_11.807749	264	293	8	15	29	0.5172414
NODE_2412_length_1467_cov_11.807749	930	1010	4	17	80	0.2125000
NODE_2412_length_1467_cov_11.807749	930	1010	8	19	80	0.2375000
NODE_2412_length_1467_cov_11.807749	930	1010	10	44	80	0.5500000
NODE_2412_length_1467_cov_11.807749	983	1063	4	8	80	0.1000000
NODE_2412_length_1467_cov_11.807749	983	1063	6	1	80	0.0125000
NODE_2412_length_1467_cov_11.807749	983	1063	8	53	80	0.6625000
NODE_2412_length_1467_cov_11.807749	983	1063	10	18	80	0.2250000
NODE_2414_length_1466_cov_41.326993	664	744	4	1	80	0.0125000
NODE_2414_length_1466_cov_41.326993	664	744	6	51	80	0.6375000
NODE_2414_length_1466_cov_41.326993	664	744	7	1	80	0.0125000
NODE_2414_length_1466_cov_41.326993	664	744	8	3	80	0.0375000
NODE_2414_length_1466_cov_41.326993	664	744	10	24	80	0.3000000
NODE_2414_length_1466_cov_41.326993	717	797	6	2	80	0.0250000
NODE_2414_length_1466_cov_41.326993	717	797	7	14	80	0.1750000
NODE_2414_length_1466_cov_41.326993	717	797	8	40	80	0.5000000
NODE_2414_length_1466_cov_41.326993	717	797	10	24	80	0.3000000
NODE_2414_length_1466_cov_41.326993	793	873	2	13	80	0.1625000
NODE_2414_length_1466_cov_41.326993	793	873	4	47	80	0.5875000
NODE_2414_length_1466_cov_41.326993	793	873	6	6	80	0.0750000
NODE_2414_length_1466_cov_41.326993	793	873	7	2	80	0.0250000
NODE_2414_length_1466_cov_41.326993	793	873	8	12	80	0.1500000
NODE_2414_length_1466_cov_41.326993	846	926	2	36	80	0.4500000
NODE_2414_length_1466_cov_41.326993	846	926	4	44	80	0.5500000
NODE_2420_length_1464_cov_6.726740	137	204	4	5	67	0.0746269
NODE_2420_length_1464_cov_6.726740	137	204	6	9	67	0.1343284
NODE_2420_length_1464_cov_6.726740	137	204	10	12	67	0.1791045
NODE_2420_length_1464_cov_6.726740	137	204	12	6	67	0.0895522
NODE_2420_length_1464_cov_6.726740	137	204	14	7	67	0.1044776
NODE_2420_length_1464_cov_6.726740	137	204	16	28	67	0.4179105
NODE_2422_length_1464_cov_2.198535	1301	1363	14	1	62	0.0161290
NODE_2422_length_1464_cov_2.198535	1301	1363	16	10	62	0.1612903
NODE_2422_length_1464_cov_2.198535	1301	1363	17	10	62	0.1612903
NODE_2422_length_1464_cov_2.198535	1301	1363	18	10	62	0.1612903
NODE_2422_length_1464_cov_2.198535	1301	1363	19	7	62	0.1129032
NODE_2422_length_1464_cov_2.198535	1301	1363	20	24	62	0.3870968
NODE_2425_length_1463_cov_15.345308	314	394	0	34	80	0.4250000
NODE_2425_length_1463_cov_15.345308	314	394	1	37	80	0.4625000
NODE_2425_length_1463_cov_15.345308	314	394	2	9	80	0.1125000
NODE_2425_length_1463_cov_15.345308	367	447	1	18	80	0.2250000
NODE_2425_length_1463_cov_15.345308	367	447	2	62	80	0.7750000
NODE_2427_length_1462_cov_18.082172	418	498	0	7	80	0.0875000
NODE_2427_length_1462_cov_18.082172	418	498	4	44	80	0.5500000
NODE_2427_length_1462_cov_18.082172	418	498	8	29	80	0.3625000
NODE_2427_length_1462_cov_18.082172	471	551	4	12	80	0.1500000
NODE_2427_length_1462_cov_18.082172	471	551	8	68	80	0.8500000
NODE_2427_length_1462_cov_18.082172	1036	1116	0	80	80	1.0000000
NODE_2427_length_1462_cov_18.082172	1089	1169	0	80	80	1.0000000
NODE_2428_length_1462_cov_1.792370	1247	1319	0	72	72	1.0000000
NODE_2428_length_1462_cov_1.792370	1305	1374	0	69	69	1.0000000
NODE_2433_length_1460_cov_23.927994	852	932	2	75	80	0.9375000
NODE_2433_length_1460_cov_23.927994	852	932	8	5	80	0.0625000
NODE_2433_length_1460_cov_23.927994	905	985	2	22	80	0.2750000
NODE_2433_length_1460_cov_23.927994	905	985	6	41	80	0.5125000
NODE_2433_length_1460_cov_23.927994	905	985	7	3	80	0.0375000
NODE_2433_length_1460_cov_23.927994	905	985	8	14	80	0.1750000
NODE_2436_length_1459_cov_43.600000	535	615	26	5	80	0.0625000
NODE_2436_length_1459_cov_43.600000	535	615	27	5	80	0.0625000
NODE_2436_length_1459_cov_43.600000	535	615	28	3	80	0.0375000
NODE_2436_length_1459_cov_43.600000	535	615	29	7	80	0.0875000
NODE_2436_length_1459_cov_43.600000	535	615	31	3	80	0.0375000
NODE_2436_length_1459_cov_43.600000	535	615	32	54	80	0.6750000
NODE_2436_length_1459_cov_43.600000	535	615	34	3	80	0.0375000
NODE_2436_length_1459_cov_43.600000	588	668	8	4	80	0.0500000
NODE_2436_length_1459_cov_43.600000	588	668	14	27	80	0.3375000
NODE_2436_length_1459_cov_43.600000	588	668	26	9	80	0.1125000
NODE_2436_length_1459_cov_43.600000	588	668	28	5	80	0.0625000
NODE_2436_length_1459_cov_43.600000	588	668	30	5	80	0.0625000
NODE_2436_length_1459_cov_43.600000	588	668	32	27	80	0.3375000
NODE_2436_length_1459_cov_43.600000	588	668	34	3	80	0.0375000
NODE_2436_length_1459_cov_43.600000	664	744	7	27	80	0.3375000
NODE_2436_length_1459_cov_43.600000	664	744	8	28	80	0.3500000
NODE_2436_length_1459_cov_43.600000	664	744	9	6	80	0.0750000
NODE_2436_length_1459_cov_43.600000	664	744	11	13	80	0.1625000
NODE_2436_length_1459_cov_43.600000	664	744	12	6	80	0.0750000
NODE_2436_length_1459_cov_43.600000	717	797	6	4	80	0.0500000
NODE_2436_length_1459_cov_43.600000	717	797	7	42	80	0.5250000
NODE_2436_length_1459_cov_43.600000	717	797	8	25	80	0.3125000
NODE_2436_length_1459_cov_43.600000	717	797	9	5	80	0.0625000
NODE_2436_length_1459_cov_43.600000	717	797	11	4	80	0.0500000
NODE_2437_length_1459_cov_32.276471	865	945	0	80	80	1.0000000
NODE_2437_length_1459_cov_32.276471	918	998	0	80	80	1.0000000
NODE_2437_length_1459_cov_32.276471	994	1074	0	32	80	0.4000000
NODE_2437_length_1459_cov_32.276471	994	1074	4	48	80	0.6000000
NODE_2437_length_1459_cov_32.276471	1047	1127	4	80	80	1.0000000
NODE_2441_length_1458_cov_2.184695	1361	1441	0	80	80	1.0000000
NODE_2442_length_1457_cov_19.687040	834	914	0	19	80	0.2375000
NODE_2442_length_1457_cov_19.687040	834	914	2	6	80	0.0750000
NODE_2442_length_1457_cov_19.687040	834	914	4	55	80	0.6875000
NODE_2442_length_1457_cov_19.687040	887	967	0	29	80	0.3625000
NODE_2442_length_1457_cov_19.687040	887	967	2	9	80	0.1125000
NODE_2442_length_1457_cov_19.687040	887	967	4	42	80	0.5250000
NODE_2442_length_1457_cov_19.687040	963	1043	0	19	80	0.2375000
NODE_2442_length_1457_cov_19.687040	963	1043	2	6	80	0.0750000
NODE_2442_length_1457_cov_19.687040	963	1043	4	55	80	0.6875000
NODE_2442_length_1457_cov_19.687040	1016	1096	2	2	80	0.0250000
NODE_2442_length_1457_cov_19.687040	1016	1096	4	78	80	0.9750000
NODE_2444_length_1457_cov_14.944772	754	834	4	32	80	0.4000000
NODE_2444_length_1457_cov_14.944772	754	834	8	48	80	0.6000000
NODE_2444_length_1457_cov_14.944772	807	887	0	10	80	0.1250000
NODE_2444_length_1457_cov_14.944772	807	887	4	31	80	0.3875000
NODE_2444_length_1457_cov_14.944772	807	887	6	7	80	0.0875000
NODE_2444_length_1457_cov_14.944772	807	887	8	32	80	0.4000000
NODE_2445_length_1457_cov_10.168630	827	907	2	4	80	0.0500000
NODE_2445_length_1457_cov_10.168630	827	907	4	43	80	0.5375000
NODE_2445_length_1457_cov_10.168630	827	907	8	10	80	0.1250000
NODE_2445_length_1457_cov_10.168630	827	907	10	15	80	0.1875000
NODE_2445_length_1457_cov_10.168630	827	907	12	8	80	0.1000000
NODE_2445_length_1457_cov_10.168630	880	960	6	7	80	0.0875000
NODE_2445_length_1457_cov_10.168630	880	960	8	4	80	0.0500000
NODE_2445_length_1457_cov_10.168630	880	960	10	61	80	0.7625000
NODE_2445_length_1457_cov_10.168630	880	960	12	8	80	0.1000000
NODE_2445_length_1457_cov_10.168630	956	1036	0	12	80	0.1500000
NODE_2445_length_1457_cov_10.168630	956	1036	1	32	80	0.4000000
NODE_2445_length_1457_cov_10.168630	956	1036	2	30	80	0.3750000
NODE_2445_length_1457_cov_10.168630	956	1036	6	6	80	0.0750000
NODE_2445_length_1457_cov_10.168630	1009	1089	2	80	80	1.0000000
NODE_2448_length_1456_cov_13.675755	557	637	0	13	80	0.1625000
NODE_2448_length_1456_cov_13.675755	557	637	2	8	80	0.1000000
NODE_2448_length_1456_cov_13.675755	557	637	4	4	80	0.0500000
NODE_2448_length_1456_cov_13.675755	557	637	6	18	80	0.2250000
NODE_2448_length_1456_cov_13.675755	557	637	8	6	80	0.0750000
NODE_2448_length_1456_cov_13.675755	557	637	10	31	80	0.3875000
NODE_2448_length_1456_cov_13.675755	610	690	6	13	80	0.1625000
NODE_2448_length_1456_cov_13.675755	610	690	8	5	80	0.0625000
NODE_2448_length_1456_cov_13.675755	610	690	10	40	80	0.5000000
NODE_2448_length_1456_cov_13.675755	610	690	12	22	80	0.2750000
NODE_2449_length_1456_cov_11.109064	951	1031	0	80	80	1.0000000
NODE_2449_length_1456_cov_11.109064	1004	1084	0	80	80	1.0000000
NODE_2452_length_1456_cov_3.137067	374	410	0	12	36	0.3333333
NODE_2452_length_1456_cov_3.137067	374	410	2	2	36	0.0555556
NODE_2452_length_1456_cov_3.137067	374	410	4	11	36	0.3055556
NODE_2452_length_1456_cov_3.137067	374	410	6	11	36	0.3055556
NODE_2454_length_1456_cov_1.889462	35	99	0	64	64	1.0000000
NODE_2456_length_1455_cov_60.874631	369	449	4	31	80	0.3875000
NODE_2456_length_1455_cov_60.874631	369	449	8	48	80	0.6000000
NODE_2456_length_1455_cov_60.874631	369	449	10	1	80	0.0125000
NODE_2456_length_1455_cov_60.874631	422	502	6	26	80	0.3250000
NODE_2456_length_1455_cov_60.874631	422	502	8	33	80	0.4125000
NODE_2456_length_1455_cov_60.874631	422	502	10	21	80	0.2625000
NODE_2456_length_1455_cov_60.874631	498	578	6	10	80	0.1250000
NODE_2456_length_1455_cov_60.874631	498	578	12	27	80	0.3375000
NODE_2456_length_1455_cov_60.874631	498	578	14	29	80	0.3625000
NODE_2456_length_1455_cov_60.874631	498	578	16	3	80	0.0375000
NODE_2456_length_1455_cov_60.874631	498	578	18	11	80	0.1375000
NODE_2456_length_1455_cov_60.874631	551	631	6	40	80	0.5000000
NODE_2456_length_1455_cov_60.874631	551	631	8	10	80	0.1250000
NODE_2456_length_1455_cov_60.874631	551	631	12	12	80	0.1500000
NODE_2456_length_1455_cov_60.874631	551	631	14	4	80	0.0500000
NODE_2456_length_1455_cov_60.874631	551	631	16	3	80	0.0375000
NODE_2456_length_1455_cov_60.874631	551	631	18	11	80	0.1375000
NODE_2458_length_1455_cov_35.253687	615	695	6	80	80	1.0000000
NODE_2458_length_1455_cov_35.253687	668	748	0	30	80	0.3750000
NODE_2458_length_1455_cov_35.253687	668	748	2	23	80	0.2875000
NODE_2458_length_1455_cov_35.253687	668	748	6	27	80	0.3375000
NODE_2458_length_1455_cov_35.253687	744	824	2	80	80	1.0000000
NODE_2458_length_1455_cov_35.253687	797	877	0	37	80	0.4625000
NODE_2458_length_1455_cov_35.253687	797	877	2	43	80	0.5375000
NODE_2465_length_1452_cov_7.101256	976	1056	0	80	80	1.0000000
NODE_2465_length_1452_cov_7.101256	1029	1109	0	80	80	1.0000000
NODE_2465_length_1452_cov_7.101256	1105	1185	0	45	80	0.5625000
NODE_2465_length_1452_cov_7.101256	1105	1185	3	5	80	0.0625000
NODE_2465_length_1452_cov_7.101256	1105	1185	6	30	80	0.3750000
NODE_2465_length_1452_cov_7.101256	1158	1238	6	80	80	1.0000000
NODE_2470_length_1451_cov_23.880178	439	520	22	13	81	0.1604938
NODE_2470_length_1451_cov_23.880178	439	520	26	2	81	0.0246914
NODE_2470_length_1451_cov_23.880178	439	520	28	1	81	0.0123457
NODE_2470_length_1451_cov_23.880178	439	520	31	1	81	0.0123457
NODE_2470_length_1451_cov_23.880178	439	520	33	2	81	0.0246914
NODE_2470_length_1451_cov_23.880178	439	520	35	5	81	0.0617284
NODE_2470_length_1451_cov_23.880178	439	520	36	1	81	0.0123457
NODE_2470_length_1451_cov_23.880178	439	520	38	1	81	0.0123457
NODE_2470_length_1451_cov_23.880178	439	520	39	11	81	0.1358025
NODE_2470_length_1451_cov_23.880178	439	520	41	14	81	0.1728395
NODE_2470_length_1451_cov_23.880178	439	520	42	3	81	0.0370370
NODE_2470_length_1451_cov_23.880178	439	520	43	3	81	0.0370370
NODE_2470_length_1451_cov_23.880178	439	520	44	19	81	0.2345679
NODE_2470_length_1451_cov_23.880178	439	520	46	5	81	0.0617284
NODE_2470_length_1451_cov_23.880178	493	573	22	1	80	0.0125000
NODE_2470_length_1451_cov_23.880178	493	573	23	4	80	0.0500000
NODE_2470_length_1451_cov_23.880178	493	573	25	4	80	0.0500000
NODE_2470_length_1451_cov_23.880178	493	573	27	1	80	0.0125000
NODE_2470_length_1451_cov_23.880178	493	573	33	4	80	0.0500000
NODE_2470_length_1451_cov_23.880178	493	573	36	1	80	0.0125000
NODE_2470_length_1451_cov_23.880178	493	573	37	1	80	0.0125000
NODE_2470_length_1451_cov_23.880178	493	573	38	12	80	0.1500000
NODE_2470_length_1451_cov_23.880178	493	573	40	2	80	0.0250000
NODE_2470_length_1451_cov_23.880178	493	573	42	10	80	0.1250000
NODE_2470_length_1451_cov_23.880178	493	573	43	1	80	0.0125000
NODE_2470_length_1451_cov_23.880178	493	573	44	18	80	0.2250000
NODE_2470_length_1451_cov_23.880178	493	573	46	19	80	0.2375000
NODE_2470_length_1451_cov_23.880178	493	573	48	2	80	0.0250000
NODE_2471_length_1451_cov_16.249260	422	502	8	36	80	0.4500000
NODE_2471_length_1451_cov_16.249260	422	502	10	18	80	0.2250000
NODE_2471_length_1451_cov_16.249260	422	502	12	26	80	0.3250000
NODE_2471_length_1451_cov_16.249260	475	555	8	42	80	0.5250000
NODE_2471_length_1451_cov_16.249260	475	555	10	1	80	0.0125000
NODE_2471_length_1451_cov_16.249260	475	555	12	37	80	0.4625000
NODE_2472_length_1451_cov_8.663462	908	988	2	80	80	1.0000000
NODE_2472_length_1451_cov_8.663462	961	1040	2	79	79	1.0000000
NODE_2474_length_1451_cov_5.219675	897	977	0	80	80	1.0000000
NODE_2474_length_1451_cov_5.219675	950	1030	0	80	80	1.0000000
NODE_2477_length_1450_cov_20.371577	611	691	2	13	80	0.1625000
NODE_2477_length_1450_cov_20.371577	611	691	6	16	80	0.2000000
NODE_2477_length_1450_cov_20.371577	611	691	10	21	80	0.2625000
NODE_2477_length_1450_cov_20.371577	611	691	12	30	80	0.3750000
NODE_2477_length_1450_cov_20.371577	664	744	8	1	80	0.0125000
NODE_2477_length_1450_cov_20.371577	664	744	10	56	80	0.7000000
NODE_2477_length_1450_cov_20.371577	664	744	12	23	80	0.2875000
NODE_2482_length_1449_cov_24.665926	432	512	0	22	80	0.2750000
NODE_2482_length_1449_cov_24.665926	432	512	2	16	80	0.2000000
NODE_2482_length_1449_cov_24.665926	432	512	4	42	80	0.5250000
NODE_2482_length_1449_cov_24.665926	485	565	2	3	80	0.0375000
NODE_2482_length_1449_cov_24.665926	485	565	4	77	80	0.9625000
NODE_2482_length_1449_cov_24.665926	561	643	0	52	82	0.6341463
NODE_2482_length_1449_cov_24.665926	561	643	2	29	82	0.3536585
NODE_2482_length_1449_cov_24.665926	561	643	4	1	82	0.0121951
NODE_2482_length_1449_cov_24.665926	616	696	0	6	80	0.0750000
NODE_2482_length_1449_cov_24.665926	616	696	2	74	80	0.9250000
NODE_2485_length_1448_cov_20.587102	904	984	0	3	80	0.0375000
NODE_2485_length_1448_cov_20.587102	904	984	2	1	80	0.0125000
NODE_2485_length_1448_cov_20.587102	904	984	12	32	80	0.4000000
NODE_2485_length_1448_cov_20.587102	904	984	16	44	80	0.5500000
NODE_2485_length_1448_cov_20.587102	957	1037	0	20	80	0.2500000
NODE_2485_length_1448_cov_20.587102	957	1037	10	6	80	0.0750000
NODE_2485_length_1448_cov_20.587102	957	1037	14	24	80	0.3000000
NODE_2485_length_1448_cov_20.587102	957	1037	16	30	80	0.3750000
NODE_2487_length_1448_cov_8.693847	537	617	0	41	80	0.5125000
NODE_2487_length_1448_cov_8.693847	537	617	2	39	80	0.4875000
NODE_2487_length_1448_cov_8.693847	590	670	0	4	80	0.0500000
NODE_2487_length_1448_cov_8.693847	590	670	2	76	80	0.9500000
NODE_2488_length_1447_cov_21.391691	519	599	1	11	80	0.1375000
NODE_2488_length_1447_cov_21.391691	519	599	2	38	80	0.4750000
NODE_2488_length_1447_cov_21.391691	519	599	8	31	80	0.3875000
NODE_2488_length_1447_cov_21.391691	572	652	8	80	80	1.0000000
NODE_2488_length_1447_cov_21.391691	648	728	2	27	80	0.3375000
NODE_2488_length_1447_cov_21.391691	648	728	4	15	80	0.1875000
NODE_2488_length_1447_cov_21.391691	648	728	6	5	80	0.0625000
NODE_2488_length_1447_cov_21.391691	648	728	7	28	80	0.3500000
NODE_2488_length_1447_cov_21.391691	648	728	8	5	80	0.0625000
NODE_2488_length_1447_cov_21.391691	701	781	2	32	80	0.4000000
NODE_2488_length_1447_cov_21.391691	701	781	4	48	80	0.6000000
NODE_2491_length_1447_cov_2.262611	1268	1325	18	3	57	0.0526316
NODE_2491_length_1447_cov_2.262611	1268	1325	20	1	57	0.0175439
NODE_2491_length_1447_cov_2.262611	1268	1325	21	1	57	0.0175439
NODE_2491_length_1447_cov_2.262611	1268	1325	25	9	57	0.1578947
NODE_2491_length_1447_cov_2.262611	1268	1325	34	4	57	0.0701754
NODE_2491_length_1447_cov_2.262611	1268	1325	36	1	57	0.0175439
NODE_2491_length_1447_cov_2.262611	1268	1325	42	3	57	0.0526316
NODE_2491_length_1447_cov_2.262611	1268	1325	46	7	57	0.1228070
NODE_2491_length_1447_cov_2.262611	1268	1325	52	1	57	0.0175439
NODE_2491_length_1447_cov_2.262611	1268	1325	54	1	57	0.0175439
NODE_2491_length_1447_cov_2.262611	1268	1325	56	5	57	0.0877193
NODE_2491_length_1447_cov_2.262611	1268	1325	58	6	57	0.1052632
NODE_2491_length_1447_cov_2.262611	1268	1325	60	7	57	0.1228070
NODE_2491_length_1447_cov_2.262611	1268	1325	62	5	57	0.0877193
NODE_2491_length_1447_cov_2.262611	1268	1325	64	3	57	0.0526316
NODE_2491_length_1447_cov_2.262611	1321	1378	41	4	57	0.0701754
NODE_2491_length_1447_cov_2.262611	1321	1378	43	1	57	0.0175439
NODE_2491_length_1447_cov_2.262611	1321	1378	47	1	57	0.0175439
NODE_2491_length_1447_cov_2.262611	1321	1378	50	2	57	0.0350877
NODE_2491_length_1447_cov_2.262611	1321	1378	52	1	57	0.0175439
NODE_2491_length_1447_cov_2.262611	1321	1378	56	2	57	0.0350877
NODE_2491_length_1447_cov_2.262611	1321	1378	58	1	57	0.0175439
NODE_2491_length_1447_cov_2.262611	1321	1378	60	2	57	0.0350877
NODE_2491_length_1447_cov_2.262611	1321	1378	62	9	57	0.1578947
NODE_2491_length_1447_cov_2.262611	1321	1378	64	34	57	0.5964912
NODE_2494_length_1445_cov_22.052006	759	839	0	24	80	0.3000000
NODE_2494_length_1445_cov_22.052006	759	839	2	56	80	0.7000000
NODE_2494_length_1445_cov_22.052006	812	892	0	28	80	0.3500000
NODE_2494_length_1445_cov_22.052006	812	892	1	5	80	0.0625000
NODE_2494_length_1445_cov_22.052006	812	892	2	47	80	0.5875000
NODE_2494_length_1445_cov_22.052006	888	968	0	1	80	0.0125000
NODE_2494_length_1445_cov_22.052006	888	968	2	79	80	0.9875000
NODE_2494_length_1445_cov_22.052006	941	1021	0	4	80	0.0500000
NODE_2494_length_1445_cov_22.052006	941	1021	2	26	80	0.3250000
NODE_2494_length_1445_cov_22.052006	941	1021	4	50	80	0.6250000
NODE_2495_length_1445_cov_13.378900	584	664	4	38	80	0.4750000
NODE_2495_length_1445_cov_13.378900	584	664	6	12	80	0.1500000
NODE_2495_length_1445_cov_13.378900	584	664	8	30	80	0.3750000
NODE_2495_length_1445_cov_13.378900	637	717	0	4	80	0.0500000
NODE_2495_length_1445_cov_13.378900	637	717	2	24	80	0.3000000
NODE_2495_length_1445_cov_13.378900	637	717	4	44	80	0.5500000
NODE_2495_length_1445_cov_13.378900	637	717	8	8	80	0.1000000
NODE_2501_length_1443_cov_7.628720	480	560	0	80	80	1.0000000
NODE_2501_length_1443_cov_7.628720	533	613	0	80	80	1.0000000
NODE_2501_length_1443_cov_7.628720	609	689	0	16	80	0.2000000
NODE_2501_length_1443_cov_7.628720	609	689	2	64	80	0.8000000
NODE_2501_length_1443_cov_7.628720	662	742	0	21	80	0.2625000
NODE_2501_length_1443_cov_7.628720	662	742	2	59	80	0.7375000
NODE_2502_length_1443_cov_4.843006	924	1004	0	31	80	0.3875000
NODE_2502_length_1443_cov_4.843006	924	1004	2	32	80	0.4000000
NODE_2502_length_1443_cov_4.843006	924	1004	4	11	80	0.1375000
NODE_2502_length_1443_cov_4.843006	924	1004	6	6	80	0.0750000
NODE_2502_length_1443_cov_4.843006	977	1057	2	10	80	0.1250000
NODE_2502_length_1443_cov_4.843006	977	1057	4	23	80	0.2875000
NODE_2502_length_1443_cov_4.843006	977	1057	6	47	80	0.5875000
NODE_2508_length_1442_cov_24.551750	427	507	2	36	80	0.4500000
NODE_2508_length_1442_cov_24.551750	427	507	4	38	80	0.4750000
NODE_2508_length_1442_cov_24.551750	427	507	5	6	80	0.0750000
NODE_2508_length_1442_cov_24.551750	480	560	4	21	80	0.2625000
NODE_2508_length_1442_cov_24.551750	480	560	5	15	80	0.1875000
NODE_2508_length_1442_cov_24.551750	480	560	9	3	80	0.0375000
NODE_2508_length_1442_cov_24.551750	480	560	12	41	80	0.5125000
NODE_2508_length_1442_cov_24.551750	556	636	6	10	80	0.1250000
NODE_2508_length_1442_cov_24.551750	556	636	8	19	80	0.2375000
NODE_2508_length_1442_cov_24.551750	556	636	10	45	80	0.5625000
NODE_2508_length_1442_cov_24.551750	556	636	12	6	80	0.0750000
NODE_2508_length_1442_cov_24.551750	609	689	2	21	80	0.2625000
NODE_2508_length_1442_cov_24.551750	609	689	3	3	80	0.0375000
NODE_2508_length_1442_cov_24.551750	609	689	5	20	80	0.2500000
NODE_2508_length_1442_cov_24.551750	609	689	6	8	80	0.1000000
NODE_2508_length_1442_cov_24.551750	609	689	8	28	80	0.3500000
NODE_2509_length_1442_cov_24.032762	424	504	12	45	80	0.5625000
NODE_2509_length_1442_cov_24.032762	424	504	15	12	80	0.1500000
NODE_2509_length_1442_cov_24.032762	424	504	16	23	80	0.2875000
NODE_2509_length_1442_cov_24.032762	477	557	15	65	80	0.8125000
NODE_2509_length_1442_cov_24.032762	477	557	16	15	80	0.1875000
NODE_2511_length_1441_cov_16.528316	963	1043	2	5	80	0.0625000
NODE_2511_length_1441_cov_16.528316	963	1043	6	49	80	0.6125000
NODE_2511_length_1441_cov_16.528316	963	1043	8	17	80	0.2125000
NODE_2511_length_1441_cov_16.528316	963	1043	10	1	80	0.0125000
NODE_2511_length_1441_cov_16.528316	963	1043	12	8	80	0.1000000
NODE_2511_length_1441_cov_16.528316	1016	1096	6	1	80	0.0125000
NODE_2511_length_1441_cov_16.528316	1016	1096	8	17	80	0.2125000
NODE_2511_length_1441_cov_16.528316	1016	1096	10	44	80	0.5500000
NODE_2511_length_1441_cov_16.528316	1016	1096	12	18	80	0.2250000
NODE_2512_length_1441_cov_3.781669	80	156	2	62	76	0.8157895
NODE_2512_length_1441_cov_3.781669	80	156	6	14	76	0.1842105
NODE_2512_length_1441_cov_3.781669	129	209	2	13	80	0.1625000
NODE_2512_length_1441_cov_3.781669	129	209	6	67	80	0.8375000
NODE_2515_length_1440_cov_34.523490	446	526	0	9	80	0.1125000
NODE_2515_length_1440_cov_34.523490	446	526	5	1	80	0.0125000
NODE_2515_length_1440_cov_34.523490	446	526	9	1	80	0.0125000
NODE_2515_length_1440_cov_34.523490	446	526	10	21	80	0.2625000
NODE_2515_length_1440_cov_34.523490	446	526	12	22	80	0.2750000
NODE_2515_length_1440_cov_34.523490	446	526	14	26	80	0.3250000
NODE_2515_length_1440_cov_34.523490	499	576	12	1	77	0.0129870
NODE_2515_length_1440_cov_34.523490	499	576	14	64	77	0.8311688
NODE_2515_length_1440_cov_34.523490	499	576	16	12	77	0.1558442
NODE_2515_length_1440_cov_34.523490	576	654	4	2	78	0.0256410
NODE_2515_length_1440_cov_34.523490	576	654	5	4	78	0.0512821
NODE_2515_length_1440_cov_34.523490	576	654	6	22	78	0.2820513
NODE_2515_length_1440_cov_34.523490	576	654	7	20	78	0.2564103
NODE_2515_length_1440_cov_34.523490	576	654	8	1	78	0.0128205
NODE_2515_length_1440_cov_34.523490	576	654	14	29	78	0.3717949
NODE_2515_length_1440_cov_34.523490	627	707	4	9	80	0.1125000
NODE_2515_length_1440_cov_34.523490	627	707	5	4	80	0.0500000
NODE_2515_length_1440_cov_34.523490	627	707	6	58	80	0.7250000
NODE_2515_length_1440_cov_34.523490	627	707	7	9	80	0.1125000
NODE_2516_length_1440_cov_20.372110	776	856	0	27	80	0.3375000
NODE_2516_length_1440_cov_20.372110	776	856	2	16	80	0.2000000
NODE_2516_length_1440_cov_20.372110	776	856	6	37	80	0.4625000
NODE_2516_length_1440_cov_20.372110	829	909	6	33	80	0.4125000
NODE_2516_length_1440_cov_20.372110	829	909	8	47	80	0.5875000
NODE_2516_length_1440_cov_20.372110	905	985	7	1	80	0.0125000
NODE_2516_length_1440_cov_20.372110	905	985	8	24	80	0.3000000
NODE_2516_length_1440_cov_20.372110	905	985	10	52	80	0.6500000
NODE_2516_length_1440_cov_20.372110	905	985	12	3	80	0.0375000
NODE_2516_length_1440_cov_20.372110	958	1038	8	43	80	0.5375000
NODE_2516_length_1440_cov_20.372110	958	1038	10	37	80	0.4625000
NODE_2517_length_1440_cov_14.476510	586	615	12	29	29	1.0000000
NODE_2517_length_1440_cov_14.476510	666	695	0	25	29	0.8620690
NODE_2517_length_1440_cov_14.476510	666	695	4	4	29	0.1379310
NODE_2517_length_1440_cov_14.476510	1295	1359	164	3	64	0.0468750
NODE_2517_length_1440_cov_14.476510	1295	1359	166	2	64	0.0312500
NODE_2517_length_1440_cov_14.476510	1295	1359	169	2	64	0.0312500
NODE_2517_length_1440_cov_14.476510	1295	1359	170	1	64	0.0156250
NODE_2517_length_1440_cov_14.476510	1295	1359	172	3	64	0.0468750
NODE_2517_length_1440_cov_14.476510	1295	1359	174	1	64	0.0156250
NODE_2517_length_1440_cov_14.476510	1295	1359	175	1	64	0.0156250
NODE_2517_length_1440_cov_14.476510	1295	1359	177	5	64	0.0781250
NODE_2517_length_1440_cov_14.476510	1295	1359	178	1	64	0.0156250
NODE_2517_length_1440_cov_14.476510	1295	1359	179	2	64	0.0312500
NODE_2517_length_1440_cov_14.476510	1295	1359	180	4	64	0.0625000
NODE_2517_length_1440_cov_14.476510	1295	1359	182	8	64	0.1250000
NODE_2517_length_1440_cov_14.476510	1295	1359	186	31	64	0.4843750
NODE_2518_length_1440_cov_9.049217	384	464	0	29	80	0.3625000
NODE_2518_length_1440_cov_9.049217	384	464	2	51	80	0.6375000
NODE_2518_length_1440_cov_9.049217	437	517	0	33	80	0.4125000
NODE_2518_length_1440_cov_9.049217	437	517	2	47	80	0.5875000
NODE_2520_length_1439_cov_11.784328	898	978	0	80	80	1.0000000
NODE_2520_length_1439_cov_11.784328	951	1031	0	80	80	1.0000000
NODE_2525_length_1438_cov_41.481703	671	751	0	36	80	0.4500000
NODE_2525_length_1438_cov_41.481703	671	751	2	44	80	0.5500000
NODE_2525_length_1438_cov_41.481703	724	804	2	80	80	1.0000000
NODE_2529_length_1437_cov_14.449178	815	895	4	80	80	1.0000000
NODE_2529_length_1437_cov_14.449178	868	948	0	38	80	0.4750000
NODE_2529_length_1437_cov_14.449178	868	948	4	42	80	0.5250000
NODE_2529_length_1437_cov_14.449178	944	1024	0	80	80	1.0000000
NODE_2529_length_1437_cov_14.449178	997	1077	0	80	80	1.0000000
NODE_2532_length_1436_cov_96.256545	1145	1225	0	80	80	1.0000000
NODE_2532_length_1436_cov_96.256545	1198	1278	0	80	80	1.0000000
NODE_2532_length_1436_cov_96.256545	1274	1354	0	80	80	1.0000000
NODE_2532_length_1436_cov_96.256545	1327	1407	0	80	80	1.0000000
NODE_2536_length_1435_cov_21.468563	783	863	0	54	80	0.6750000
NODE_2536_length_1435_cov_21.468563	783	863	1	1	80	0.0125000
NODE_2536_length_1435_cov_21.468563	783	863	3	21	80	0.2625000
NODE_2536_length_1435_cov_21.468563	783	863	4	4	80	0.0500000
NODE_2536_length_1435_cov_21.468563	836	916	0	1	80	0.0125000
NODE_2536_length_1435_cov_21.468563	836	916	1	1	80	0.0125000
NODE_2536_length_1435_cov_21.468563	836	916	3	21	80	0.2625000
NODE_2536_length_1435_cov_21.468563	836	916	4	19	80	0.2375000
NODE_2536_length_1435_cov_21.468563	836	916	10	38	80	0.4750000
NODE_2536_length_1435_cov_21.468563	912	992	8	9	80	0.1125000
NODE_2536_length_1435_cov_21.468563	912	992	9	9	80	0.1125000
NODE_2536_length_1435_cov_21.468563	912	992	10	62	80	0.7750000
NODE_2536_length_1435_cov_21.468563	965	1045	0	29	80	0.3625000
NODE_2536_length_1435_cov_21.468563	965	1045	2	2	80	0.0250000
NODE_2536_length_1435_cov_21.468563	965	1045	7	5	80	0.0625000
NODE_2536_length_1435_cov_21.468563	965	1045	8	22	80	0.2750000
NODE_2536_length_1435_cov_21.468563	965	1045	9	9	80	0.1125000
NODE_2536_length_1435_cov_21.468563	965	1045	10	13	80	0.1625000
NODE_2537_length_1435_cov_18.593563	1123	1203	4	13	80	0.1625000
NODE_2537_length_1435_cov_18.593563	1123	1203	6	12	80	0.1500000
NODE_2537_length_1435_cov_18.593563	1123	1203	8	19	80	0.2375000
NODE_2537_length_1435_cov_18.593563	1123	1203	10	36	80	0.4500000
NODE_2537_length_1435_cov_18.593563	1176	1256	6	65	80	0.8125000
NODE_2537_length_1435_cov_18.593563	1176	1256	8	15	80	0.1875000
NODE_2538_length_1435_cov_5.828593	299	379	0	19	80	0.2375000
NODE_2538_length_1435_cov_5.828593	299	379	2	61	80	0.7625000
NODE_2538_length_1435_cov_5.828593	352	432	0	20	80	0.2500000
NODE_2538_length_1435_cov_5.828593	352	432	2	60	80	0.7500000
NODE_2540_length_1434_cov_17.610487	1023	1103	0	18	80	0.2250000
NODE_2540_length_1434_cov_17.610487	1023	1103	2	62	80	0.7750000
NODE_2540_length_1434_cov_17.610487	1076	1156	0	14	80	0.1750000
NODE_2540_length_1434_cov_17.610487	1076	1156	2	66	80	0.8250000
NODE_2540_length_1434_cov_17.610487	1152	1232	0	80	80	1.0000000
NODE_2540_length_1434_cov_17.610487	1205	1285	0	80	80	1.0000000
NODE_2541_length_1434_cov_9.845693	846	926	20	1	80	0.0125000
NODE_2541_length_1434_cov_9.845693	846	926	21	32	80	0.4000000
NODE_2541_length_1434_cov_9.845693	846	926	25	20	80	0.2500000
NODE_2541_length_1434_cov_9.845693	846	926	27	15	80	0.1875000
NODE_2541_length_1434_cov_9.845693	846	926	28	12	80	0.1500000
NODE_2541_length_1434_cov_9.845693	899	978	13	6	79	0.0759494
NODE_2541_length_1434_cov_9.845693	899	978	17	23	79	0.2911392
NODE_2541_length_1434_cov_9.845693	899	978	26	1	79	0.0126582
NODE_2541_length_1434_cov_9.845693	899	978	27	15	79	0.1898734
NODE_2541_length_1434_cov_9.845693	899	978	28	34	79	0.4303797
NODE_2544_length_1433_cov_36.452774	538	618	4	35	80	0.4375000
NODE_2544_length_1433_cov_36.452774	538	618	6	28	80	0.3500000
NODE_2544_length_1433_cov_36.452774	538	618	8	17	80	0.2125000
NODE_2544_length_1433_cov_36.452774	591	671	4	40	80	0.5000000
NODE_2544_length_1433_cov_36.452774	591	671	6	10	80	0.1250000
NODE_2544_length_1433_cov_36.452774	591	671	8	30	80	0.3750000
NODE_2544_length_1433_cov_36.452774	667	747	0	67	80	0.8375000
NODE_2544_length_1433_cov_36.452774	667	747	2	2	80	0.0250000
NODE_2544_length_1433_cov_36.452774	667	747	4	11	80	0.1375000
NODE_2544_length_1433_cov_36.452774	720	800	0	80	80	1.0000000
NODE_2550_length_1431_cov_7.409159	513	593	0	29	80	0.3625000
NODE_2550_length_1431_cov_7.409159	513	593	2	51	80	0.6375000
NODE_2550_length_1431_cov_7.409159	566	646	0	80	80	1.0000000
NODE_2551_length_1431_cov_6.721471	1074	1154	0	80	80	1.0000000
NODE_2551_length_1431_cov_6.721471	1127	1207	0	80	80	1.0000000
NODE_2552_length_1430_cov_32.643877	753	833	0	15	80	0.1875000
NODE_2552_length_1430_cov_32.643877	753	833	4	34	80	0.4250000
NODE_2552_length_1430_cov_32.643877	753	833	6	9	80	0.1125000
NODE_2552_length_1430_cov_32.643877	753	833	8	22	80	0.2750000
NODE_2552_length_1430_cov_32.643877	806	886	4	9	80	0.1125000
NODE_2552_length_1430_cov_32.643877	806	886	6	5	80	0.0625000
NODE_2552_length_1430_cov_32.643877	806	886	8	66	80	0.8250000
NODE_2552_length_1430_cov_32.643877	882	962	0	3	80	0.0375000
NODE_2552_length_1430_cov_32.643877	882	962	2	10	80	0.1250000
NODE_2552_length_1430_cov_32.643877	882	962	4	13	80	0.1625000
NODE_2552_length_1430_cov_32.643877	882	962	7	3	80	0.0375000
NODE_2552_length_1430_cov_32.643877	882	962	8	35	80	0.4375000
NODE_2552_length_1430_cov_32.643877	882	962	10	16	80	0.2000000
NODE_2552_length_1430_cov_32.643877	935	1016	8	11	81	0.1358025
NODE_2552_length_1430_cov_32.643877	935	1016	10	70	81	0.8641976
NODE_2557_length_1428_cov_5.895410	340	416	2	76	76	1.0000000
NODE_2557_length_1428_cov_5.895410	393	476	0	60	83	0.7228916
NODE_2557_length_1428_cov_5.895410	393	476	2	23	83	0.2771084
NODE_2560_length_1427_cov_38.919428	707	787	8	71	80	0.8875000
NODE_2560_length_1427_cov_38.919428	707	787	12	9	80	0.1125000
NODE_2560_length_1427_cov_38.919428	760	840	4	8	80	0.1000000
NODE_2560_length_1427_cov_38.919428	760	840	5	7	80	0.0875000
NODE_2560_length_1427_cov_38.919428	760	840	6	35	80	0.4375000
NODE_2560_length_1427_cov_38.919428	760	840	8	18	80	0.2250000
NODE_2560_length_1427_cov_38.919428	760	840	12	12	80	0.1500000
NODE_2560_length_1427_cov_38.919428	836	916	6	17	80	0.2125000
NODE_2560_length_1427_cov_38.919428	836	916	10	61	80	0.7625000
NODE_2560_length_1427_cov_38.919428	836	916	12	2	80	0.0250000
NODE_2560_length_1427_cov_38.919428	889	969	6	9	80	0.1125000
NODE_2560_length_1427_cov_38.919428	889	969	8	10	80	0.1250000
NODE_2560_length_1427_cov_38.919428	889	969	10	16	80	0.2000000
NODE_2560_length_1427_cov_38.919428	889	969	12	15	80	0.1875000
NODE_2560_length_1427_cov_38.919428	889	969	14	30	80	0.3750000
NODE_2561_length_1427_cov_19.442771	808	888	8	80	80	1.0000000
NODE_2561_length_1427_cov_19.442771	861	941	4	23	80	0.2875000
NODE_2561_length_1427_cov_19.442771	861	941	6	6	80	0.0750000
NODE_2561_length_1427_cov_19.442771	861	941	8	44	80	0.5500000
NODE_2561_length_1427_cov_19.442771	861	941	9	3	80	0.0375000
NODE_2561_length_1427_cov_19.442771	861	941	10	4	80	0.0500000
NODE_2561_length_1427_cov_19.442771	937	1017	2	62	80	0.7750000
NODE_2561_length_1427_cov_19.442771	937	1017	4	18	80	0.2250000
NODE_2561_length_1427_cov_19.442771	990	1070	0	12	80	0.1500000
NODE_2561_length_1427_cov_19.442771	990	1070	1	3	80	0.0375000
NODE_2561_length_1427_cov_19.442771	990	1070	2	65	80	0.8125000
NODE_2562_length_1427_cov_10.490964	728	808	0	69	80	0.8625000
NODE_2562_length_1427_cov_10.490964	728	808	2	11	80	0.1375000
NODE_2562_length_1427_cov_10.490964	781	861	0	16	80	0.2000000
NODE_2562_length_1427_cov_10.490964	781	861	2	64	80	0.8000000
NODE_2562_length_1427_cov_10.490964	857	937	2	54	80	0.6750000
NODE_2562_length_1427_cov_10.490964	857	937	4	26	80	0.3250000
NODE_2562_length_1427_cov_10.490964	910	990	0	19	80	0.2375000
NODE_2562_length_1427_cov_10.490964	910	990	2	41	80	0.5125000
NODE_2562_length_1427_cov_10.490964	910	990	4	20	80	0.2500000
NODE_2563_length_1427_cov_9.929217	646	726	0	80	80	1.0000000
NODE_2563_length_1427_cov_9.929217	699	779	0	80	80	1.0000000
NODE_2563_length_1427_cov_9.929217	775	855	0	47	80	0.5875000
NODE_2563_length_1427_cov_9.929217	775	855	1	12	80	0.1500000
NODE_2563_length_1427_cov_9.929217	775	855	2	21	80	0.2625000
NODE_2563_length_1427_cov_9.929217	828	908	1	6	80	0.0750000
NODE_2563_length_1427_cov_9.929217	828	908	2	74	80	0.9250000
NODE_2563_length_1427_cov_9.929217	1248	1324	0	76	76	1.0000000
NODE_2563_length_1427_cov_9.929217	1301	1376	0	75	75	1.0000000
NODE_2564_length_1427_cov_3.122741	1336	1399	2	63	63	1.0000000
NODE_2570_length_1426_cov_36.580256	422	502	10	17	80	0.2125000
NODE_2570_length_1426_cov_36.580256	422	502	11	61	80	0.7625000
NODE_2570_length_1426_cov_36.580256	422	502	12	2	80	0.0250000
NODE_2570_length_1426_cov_36.580256	475	555	1	40	80	0.5000000
NODE_2570_length_1426_cov_36.580256	475	555	3	9	80	0.1125000
NODE_2570_length_1426_cov_36.580256	475	555	9	1	80	0.0125000
NODE_2570_length_1426_cov_36.580256	475	555	10	13	80	0.1625000
NODE_2570_length_1426_cov_36.580256	475	555	11	15	80	0.1875000
NODE_2570_length_1426_cov_36.580256	475	555	12	2	80	0.0250000
NODE_2570_length_1426_cov_36.580256	551	631	1	15	80	0.1875000
NODE_2570_length_1426_cov_36.580256	551	631	2	39	80	0.4875000
NODE_2570_length_1426_cov_36.580256	551	631	3	26	80	0.3250000
NODE_2570_length_1426_cov_36.580256	604	684	2	80	80	1.0000000
NODE_2574_length_1425_cov_25.524133	561	641	16	7	80	0.0875000
NODE_2574_length_1425_cov_25.524133	561	641	22	38	80	0.4750000
NODE_2574_length_1425_cov_25.524133	561	641	24	35	80	0.4375000
NODE_2574_length_1425_cov_25.524133	614	694	18	26	80	0.3250000
NODE_2574_length_1425_cov_25.524133	614	694	24	54	80	0.6750000
NODE_2575_length_1425_cov_10.175716	361	441	0	80	80	1.0000000
NODE_2575_length_1425_cov_10.175716	414	494	0	42	80	0.5250000
NODE_2575_length_1425_cov_10.175716	414	494	2	38	80	0.4750000
NODE_2587_length_1423_cov_31.158610	862	942	10	10	80	0.1250000
NODE_2587_length_1423_cov_31.158610	862	942	11	14	80	0.1750000
NODE_2587_length_1423_cov_31.158610	862	942	12	13	80	0.1625000
NODE_2587_length_1423_cov_31.158610	862	942	13	24	80	0.3000000
NODE_2587_length_1423_cov_31.158610	862	942	14	19	80	0.2375000
NODE_2587_length_1423_cov_31.158610	915	995	7	9	80	0.1125000
NODE_2587_length_1423_cov_31.158610	915	995	9	1	80	0.0125000
NODE_2587_length_1423_cov_31.158610	915	995	13	55	80	0.6875000
NODE_2587_length_1423_cov_31.158610	915	995	14	15	80	0.1875000
NODE_2588_length_1423_cov_30.731873	764	844	0	15	80	0.1875000
NODE_2588_length_1423_cov_30.731873	764	844	2	27	80	0.3375000
NODE_2588_length_1423_cov_30.731873	764	844	4	38	80	0.4750000
NODE_2588_length_1423_cov_30.731873	817	897	2	7	80	0.0875000
NODE_2588_length_1423_cov_30.731873	817	897	4	50	80	0.6250000
NODE_2588_length_1423_cov_30.731873	817	897	6	23	80	0.2875000
NODE_2596_length_1421_cov_8.285930	136	212	51	5	76	0.0657895
NODE_2596_length_1421_cov_8.285930	136	212	53	1	76	0.0131579
NODE_2596_length_1421_cov_8.285930	136	212	54	5	76	0.0657895
NODE_2596_length_1421_cov_8.285930	136	212	56	4	76	0.0526316
NODE_2596_length_1421_cov_8.285930	136	212	57	1	76	0.0131579
NODE_2596_length_1421_cov_8.285930	136	212	58	1	76	0.0131579
NODE_2596_length_1421_cov_8.285930	136	212	60	2	76	0.0263158
NODE_2596_length_1421_cov_8.285930	136	212	65	1	76	0.0131579
NODE_2596_length_1421_cov_8.285930	136	212	67	3	76	0.0394737
NODE_2596_length_1421_cov_8.285930	136	212	70	2	76	0.0263158
NODE_2596_length_1421_cov_8.285930	136	212	72	1	76	0.0131579
NODE_2596_length_1421_cov_8.285930	136	212	79	1	76	0.0131579
NODE_2596_length_1421_cov_8.285930	136	212	81	1	76	0.0131579
NODE_2596_length_1421_cov_8.285930	136	212	82	1	76	0.0131579
NODE_2596_length_1421_cov_8.285930	136	212	85	1	76	0.0131579
NODE_2596_length_1421_cov_8.285930	136	212	91	1	76	0.0131579
NODE_2596_length_1421_cov_8.285930	136	212	103	1	76	0.0131579
NODE_2596_length_1421_cov_8.285930	136	212	109	2	76	0.0263158
NODE_2596_length_1421_cov_8.285930	136	212	111	2	76	0.0263158
NODE_2596_length_1421_cov_8.285930	136	212	113	1	76	0.0131579
NODE_2596_length_1421_cov_8.285930	136	212	116	2	76	0.0263158
NODE_2596_length_1421_cov_8.285930	136	212	117	2	76	0.0263158
NODE_2596_length_1421_cov_8.285930	136	212	120	1	76	0.0131579
NODE_2596_length_1421_cov_8.285930	136	212	124	1	76	0.0131579
NODE_2596_length_1421_cov_8.285930	136	212	126	1	76	0.0131579
NODE_2596_length_1421_cov_8.285930	136	212	128	1	76	0.0131579
NODE_2596_length_1421_cov_8.285930	136	212	130	2	76	0.0263158
NODE_2596_length_1421_cov_8.285930	136	212	133	1	76	0.0131579
NODE_2596_length_1421_cov_8.285930	136	212	135	3	76	0.0394737
NODE_2596_length_1421_cov_8.285930	136	212	137	1	76	0.0131579
NODE_2596_length_1421_cov_8.285930	136	212	139	2	76	0.0263158
NODE_2596_length_1421_cov_8.285930	136	212	141	1	76	0.0131579
NODE_2596_length_1421_cov_8.285930	136	212	142	1	76	0.0131579
NODE_2596_length_1421_cov_8.285930	136	212	144	1	76	0.0131579
NODE_2596_length_1421_cov_8.285930	136	212	146	2	76	0.0263158
NODE_2596_length_1421_cov_8.285930	136	212	148	7	76	0.0921053
NODE_2596_length_1421_cov_8.285930	136	212	150	2	76	0.0263158
NODE_2596_length_1421_cov_8.285930	136	212	154	1	76	0.0131579
NODE_2596_length_1421_cov_8.285930	136	212	155	4	76	0.0526316
NODE_2596_length_1421_cov_8.285930	136	212	157	1	76	0.0131579
NODE_2596_length_1421_cov_8.285930	136	212	159	1	76	0.0131579
NODE_2596_length_1421_cov_8.285930	136	212	161	1	76	0.0131579
NODE_2598_length_1421_cov_2.574130	22	102	2	24	80	0.3000000
NODE_2598_length_1421_cov_2.574130	22	102	4	56	80	0.7000000
NODE_2598_length_1421_cov_2.574130	75	132	0	3	57	0.0526316
NODE_2598_length_1421_cov_2.574130	75	132	2	26	57	0.4561403
NODE_2598_length_1421_cov_2.574130	75	132	4	28	57	0.4912281
NODE_2599_length_1420_cov_256.442846	60	140	8	10	80	0.1250000
NODE_2599_length_1420_cov_256.442846	60	140	12	9	80	0.1125000
NODE_2599_length_1420_cov_256.442846	60	140	14	13	80	0.1625000
NODE_2599_length_1420_cov_256.442846	60	140	18	5	80	0.0625000
NODE_2599_length_1420_cov_256.442846	60	140	21	2	80	0.0250000
NODE_2599_length_1420_cov_256.442846	60	140	25	1	80	0.0125000
NODE_2599_length_1420_cov_256.442846	60	140	28	9	80	0.1125000
NODE_2599_length_1420_cov_256.442846	60	140	30	31	80	0.3875000
NODE_2599_length_1420_cov_256.442846	1294	1360	18	1	66	0.0151515
NODE_2599_length_1420_cov_256.442846	1294	1360	19	1	66	0.0151515
NODE_2599_length_1420_cov_256.442846	1294	1360	20	17	66	0.2575758
NODE_2599_length_1420_cov_256.442846	1294	1360	22	28	66	0.4242424
NODE_2599_length_1420_cov_256.442846	1294	1360	24	19	66	0.2878788
NODE_2600_length_1420_cov_7.547313	628	708	0	80	80	1.0000000
NODE_2600_length_1420_cov_7.547313	681	761	0	80	80	1.0000000
NODE_2602_length_1420_cov_2.051476	972	1039	0	67	67	1.0000000
NODE_2604_length_1419_cov_46.997727	1230	1305	0	11	75	0.1466667
NODE_2604_length_1419_cov_46.997727	1230	1305	2	10	75	0.1333333
NODE_2604_length_1419_cov_46.997727	1230	1305	4	52	75	0.6933333
NODE_2604_length_1419_cov_46.997727	1230	1305	6	2	75	0.0266667
NODE_2604_length_1419_cov_46.997727	1278	1332	4	47	54	0.8703704
NODE_2604_length_1419_cov_46.997727	1278	1332	6	7	54	0.1296296
NODE_2609_length_1418_cov_11.373010	432	512	16	40	80	0.5000000
NODE_2609_length_1418_cov_11.373010	432	512	18	40	80	0.5000000
NODE_2609_length_1418_cov_11.373010	485	556	12	20	71	0.2816902
NODE_2609_length_1418_cov_11.373010	485	556	14	21	71	0.2957746
NODE_2609_length_1418_cov_11.373010	485	556	16	27	71	0.3802817
NODE_2609_length_1418_cov_11.373010	485	556	18	3	71	0.0422535
NODE_2615_length_1417_cov_12.477997	354	399	0	4	45	0.0888889
NODE_2615_length_1417_cov_12.477997	354	399	4	41	45	0.9111111
NODE_2616_length_1417_cov_11.120637	794	874	0	80	80	1.0000000
NODE_2616_length_1417_cov_11.120637	847	927	0	80	80	1.0000000
NODE_2625_length_1415_cov_51.375380	423	503	0	12	80	0.1500000
NODE_2625_length_1415_cov_51.375380	423	503	6	1	80	0.0125000
NODE_2625_length_1415_cov_51.375380	423	503	8	38	80	0.4750000
NODE_2625_length_1415_cov_51.375380	423	503	15	29	80	0.3625000
NODE_2625_length_1415_cov_51.375380	476	556	15	75	80	0.9375000
NODE_2625_length_1415_cov_51.375380	476	556	17	5	80	0.0625000
NODE_2625_length_1415_cov_51.375380	552	632	2	8	80	0.1000000
NODE_2625_length_1415_cov_51.375380	552	632	9	3	80	0.0375000
NODE_2625_length_1415_cov_51.375380	552	632	10	36	80	0.4500000
NODE_2625_length_1415_cov_51.375380	552	632	16	1	80	0.0125000
NODE_2625_length_1415_cov_51.375380	552	632	17	31	80	0.3875000
NODE_2625_length_1415_cov_51.375380	552	632	18	1	80	0.0125000
NODE_2625_length_1415_cov_51.375380	605	683	0	37	78	0.4743590
NODE_2625_length_1415_cov_51.375380	605	683	2	22	78	0.2820513
NODE_2625_length_1415_cov_51.375380	605	683	9	3	78	0.0384615
NODE_2625_length_1415_cov_51.375380	605	683	10	16	78	0.2051282
NODE_2626_length_1415_cov_38.272036	513	593	4	2	80	0.0250000
NODE_2626_length_1415_cov_38.272036	513	593	6	9	80	0.1125000
NODE_2626_length_1415_cov_38.272036	513	593	8	15	80	0.1875000
NODE_2626_length_1415_cov_38.272036	513	593	14	7	80	0.0875000
NODE_2626_length_1415_cov_38.272036	513	593	16	23	80	0.2875000
NODE_2626_length_1415_cov_38.272036	513	593	18	24	80	0.3000000
NODE_2626_length_1415_cov_38.272036	566	646	8	1	80	0.0125000
NODE_2626_length_1415_cov_38.272036	566	646	10	19	80	0.2375000
NODE_2626_length_1415_cov_38.272036	566	646	12	3	80	0.0375000
NODE_2626_length_1415_cov_38.272036	566	646	16	33	80	0.4125000
NODE_2626_length_1415_cov_38.272036	566	646	18	24	80	0.3000000
NODE_2627_length_1415_cov_17.232523	642	722	0	5	80	0.0625000
NODE_2627_length_1415_cov_17.232523	642	722	2	55	80	0.6875000
NODE_2627_length_1415_cov_17.232523	642	722	4	20	80	0.2500000
NODE_2627_length_1415_cov_17.232523	695	775	0	23	80	0.2875000
NODE_2627_length_1415_cov_17.232523	695	775	2	22	80	0.2750000
NODE_2627_length_1415_cov_17.232523	695	775	4	35	80	0.4375000
NODE_2629_length_1414_cov_5.307985	1026	1106	0	23	80	0.2875000
NODE_2629_length_1414_cov_5.307985	1026	1106	8	12	80	0.1500000
NODE_2629_length_1414_cov_5.307985	1026	1106	9	45	80	0.5625000
NODE_2629_length_1414_cov_5.307985	1079	1159	9	33	80	0.4125000
NODE_2629_length_1414_cov_5.307985	1079	1159	10	47	80	0.5875000
NODE_2637_length_1412_cov_17.723534	875	955	6	52	80	0.6500000
NODE_2637_length_1412_cov_17.723534	875	955	7	11	80	0.1375000
NODE_2637_length_1412_cov_17.723534	875	955	8	17	80	0.2125000
NODE_2637_length_1412_cov_17.723534	928	1008	0	1	80	0.0125000
NODE_2637_length_1412_cov_17.723534	928	1008	2	31	80	0.3875000
NODE_2637_length_1412_cov_17.723534	928	1008	4	5	80	0.0625000
NODE_2637_length_1412_cov_17.723534	928	1008	6	23	80	0.2875000
NODE_2637_length_1412_cov_17.723534	928	1008	7	2	80	0.0250000
NODE_2637_length_1412_cov_17.723534	928	1008	8	18	80	0.2250000
NODE_2641_length_1411_cov_34.004573	516	596	2	9	80	0.1125000
NODE_2641_length_1411_cov_34.004573	516	596	4	69	80	0.8625000
NODE_2641_length_1411_cov_34.004573	516	596	6	2	80	0.0250000
NODE_2641_length_1411_cov_34.004573	569	649	2	38	80	0.4750000
NODE_2641_length_1411_cov_34.004573	569	649	4	40	80	0.5000000
NODE_2641_length_1411_cov_34.004573	569	649	6	2	80	0.0250000
NODE_2641_length_1411_cov_34.004573	645	725	4	80	80	1.0000000
NODE_2641_length_1411_cov_34.004573	698	778	2	45	80	0.5625000
NODE_2641_length_1411_cov_34.004573	698	778	4	35	80	0.4375000
NODE_2643_length_1409_cov_25.380153	828	908	6	9	80	0.1125000
NODE_2643_length_1409_cov_25.380153	828	908	14	16	80	0.2000000
NODE_2643_length_1409_cov_25.380153	828	908	16	38	80	0.4750000
NODE_2643_length_1409_cov_25.380153	828	908	18	8	80	0.1000000
NODE_2643_length_1409_cov_25.380153	828	908	23	9	80	0.1125000
NODE_2643_length_1409_cov_25.380153	881	961	16	16	80	0.2000000
NODE_2643_length_1409_cov_25.380153	881	961	18	2	80	0.0250000
NODE_2643_length_1409_cov_25.380153	881	961	20	7	80	0.0875000
NODE_2643_length_1409_cov_25.380153	881	961	23	53	80	0.6625000
NODE_2643_length_1409_cov_25.380153	881	961	24	2	80	0.0250000
NODE_2644_length_1409_cov_13.028244	349	405	6	50	56	0.8928571
NODE_2644_length_1409_cov_13.028244	349	405	8	6	56	0.1071429
NODE_2644_length_1409_cov_13.028244	416	482	8	19	66	0.2878788
NODE_2644_length_1409_cov_13.028244	416	482	12	27	66	0.4090909
NODE_2644_length_1409_cov_13.028244	416	482	14	20	66	0.3030303
NODE_2648_length_1408_cov_6.261268	492	572	0	19	80	0.2375000
NODE_2648_length_1408_cov_6.261268	492	572	4	61	80	0.7625000
NODE_2648_length_1408_cov_6.261268	545	625	0	72	80	0.9000000
NODE_2648_length_1408_cov_6.261268	545	625	4	8	80	0.1000000
NODE_2652_length_1407_cov_27.711009	772	852	2	34	80	0.4250000
NODE_2652_length_1407_cov_27.711009	772	852	4	46	80	0.5750000
NODE_2652_length_1407_cov_27.711009	825	905	0	6	80	0.0750000
NODE_2652_length_1407_cov_27.711009	825	905	2	1	80	0.0125000
NODE_2652_length_1407_cov_27.711009	825	905	4	73	80	0.9125000
NODE_2653_length_1407_cov_24.387615	586	666	8	40	80	0.5000000
NODE_2653_length_1407_cov_24.387615	586	666	13	1	80	0.0125000
NODE_2653_length_1407_cov_24.387615	586	666	14	39	80	0.4875000
NODE_2653_length_1407_cov_24.387615	639	719	0	10	80	0.1250000
NODE_2653_length_1407_cov_24.387615	639	719	2	3	80	0.0375000
NODE_2653_length_1407_cov_24.387615	639	719	5	1	80	0.0125000
NODE_2653_length_1407_cov_24.387615	639	719	6	8	80	0.1000000
NODE_2653_length_1407_cov_24.387615	639	719	8	58	80	0.7250000
NODE_2653_length_1407_cov_24.387615	715	795	0	1	80	0.0125000
NODE_2653_length_1407_cov_24.387615	715	795	2	36	80	0.4500000
NODE_2653_length_1407_cov_24.387615	715	795	3	43	80	0.5375000
NODE_2653_length_1407_cov_24.387615	768	848	2	3	80	0.0375000
NODE_2653_length_1407_cov_24.387615	768	848	3	35	80	0.4375000
NODE_2653_length_1407_cov_24.387615	768	848	4	42	80	0.5250000
NODE_2654_length_1407_cov_19.022936	551	629	24	20	78	0.2564103
NODE_2654_length_1407_cov_19.022936	551	629	25	15	78	0.1923077
NODE_2654_length_1407_cov_19.022936	551	629	26	43	78	0.5512820
NODE_2654_length_1407_cov_19.022936	602	665	24	40	63	0.6349207
NODE_2654_length_1407_cov_19.022936	602	665	25	15	63	0.2380952
NODE_2654_length_1407_cov_19.022936	602	665	26	8	63	0.1269841
NODE_2655_length_1407_cov_11.266820	813	893	0	80	80	1.0000000
NODE_2655_length_1407_cov_11.266820	866	946	0	62	80	0.7750000
NODE_2655_length_1407_cov_11.266820	866	946	2	12	80	0.1500000
NODE_2655_length_1407_cov_11.266820	866	946	4	6	80	0.0750000
NODE_2655_length_1407_cov_11.266820	942	1022	4	80	80	1.0000000
NODE_2655_length_1407_cov_11.266820	995	1075	0	16	80	0.2000000
NODE_2655_length_1407_cov_11.266820	995	1075	2	31	80	0.3875000
NODE_2655_length_1407_cov_11.266820	995	1075	4	33	80	0.4125000
NODE_2657_length_1406_cov_7.247896	761	841	4	80	80	1.0000000
NODE_2657_length_1406_cov_7.247896	814	894	0	32	80	0.4000000
NODE_2657_length_1406_cov_7.247896	814	894	3	1	80	0.0125000
NODE_2657_length_1406_cov_7.247896	814	894	4	47	80	0.5875000
NODE_2659_length_1404_cov_23.406130	826	906	14	15	80	0.1875000
NODE_2659_length_1404_cov_23.406130	826	906	16	13	80	0.1625000
NODE_2659_length_1404_cov_23.406130	826	906	20	8	80	0.1000000
NODE_2659_length_1404_cov_23.406130	826	906	23	19	80	0.2375000
NODE_2659_length_1404_cov_23.406130	826	906	26	21	80	0.2625000
NODE_2659_length_1404_cov_23.406130	826	906	28	4	80	0.0500000
NODE_2659_length_1404_cov_23.406130	879	959	14	47	80	0.5875000
NODE_2659_length_1404_cov_23.406130	879	959	20	14	80	0.1750000
NODE_2659_length_1404_cov_23.406130	879	959	23	19	80	0.2375000
NODE_2659_length_1404_cov_23.406130	955	1035	2	18	80	0.2250000
NODE_2659_length_1404_cov_23.406130	955	1035	4	46	80	0.5750000
NODE_2659_length_1404_cov_23.406130	955	1035	12	2	80	0.0250000
NODE_2659_length_1404_cov_23.406130	955	1035	14	14	80	0.1750000
NODE_2659_length_1404_cov_23.406130	1008	1088	0	15	80	0.1875000
NODE_2659_length_1404_cov_23.406130	1008	1088	2	4	80	0.0500000
NODE_2659_length_1404_cov_23.406130	1008	1088	4	61	80	0.7625000
NODE_2666_length_1403_cov_14.331288	325	405	0	80	80	1.0000000
NODE_2666_length_1403_cov_14.331288	378	458	0	80	80	1.0000000
NODE_2666_length_1403_cov_14.331288	454	534	0	80	80	1.0000000
NODE_2666_length_1403_cov_14.331288	454	534	0	80	80	1.0000000
NODE_2666_length_1403_cov_14.331288	454	524	0	70	70	1.0000000
NODE_2666_length_1403_cov_14.331288	507	587	0	78	80	0.9750000
NODE_2666_length_1403_cov_14.331288	507	587	2	2	80	0.0250000
NODE_2666_length_1403_cov_14.331288	507	579	0	72	72	1.0000000
NODE_2668_length_1402_cov_29.095165	610	690	0	1	80	0.0125000
NODE_2668_length_1402_cov_29.095165	610	690	2	26	80	0.3250000
NODE_2668_length_1402_cov_29.095165	610	690	4	19	80	0.2375000
NODE_2668_length_1402_cov_29.095165	610	690	6	34	80	0.4250000
NODE_2668_length_1402_cov_29.095165	663	743	4	25	80	0.3125000
NODE_2668_length_1402_cov_29.095165	663	743	6	55	80	0.6875000
NODE_2669_length_1402_cov_23.411358	528	608	0	80	80	1.0000000
NODE_2669_length_1402_cov_23.411358	581	661	0	63	80	0.7875000
NODE_2669_length_1402_cov_23.411358	581	661	3	17	80	0.2125000
NODE_2669_length_1402_cov_23.411358	657	737	3	23	80	0.2875000
NODE_2669_length_1402_cov_23.411358	657	737	4	31	80	0.3875000
NODE_2669_length_1402_cov_23.411358	657	737	5	26	80	0.3250000
NODE_2669_length_1402_cov_23.411358	710	790	2	30	80	0.3750000
NODE_2669_length_1402_cov_23.411358	710	790	4	5	80	0.0625000
NODE_2669_length_1402_cov_23.411358	710	790	5	45	80	0.5625000
NODE_2670_length_1402_cov_11.732924	661	741	0	2	80	0.0250000
NODE_2670_length_1402_cov_11.732924	661	741	2	4	80	0.0500000
NODE_2670_length_1402_cov_11.732924	661	741	9	1	80	0.0125000
NODE_2670_length_1402_cov_11.732924	661	741	10	9	80	0.1125000
NODE_2670_length_1402_cov_11.732924	661	741	16	23	80	0.2875000
NODE_2670_length_1402_cov_11.732924	661	741	17	2	80	0.0250000
NODE_2670_length_1402_cov_11.732924	661	741	18	5	80	0.0625000
NODE_2670_length_1402_cov_11.732924	661	741	19	34	80	0.4250000
NODE_2670_length_1402_cov_11.732924	714	794	17	13	80	0.1625000
NODE_2670_length_1402_cov_11.732924	714	794	18	19	80	0.2375000
NODE_2670_length_1402_cov_11.732924	714	794	19	48	80	0.6000000
NODE_2671_length_1402_cov_9.929394	766	846	0	17	80	0.2125000
NODE_2671_length_1402_cov_9.929394	766	846	6	43	80	0.5375000
NODE_2671_length_1402_cov_9.929394	766	846	10	20	80	0.2500000
NODE_2671_length_1402_cov_9.929394	819	899	6	7	80	0.0875000
NODE_2671_length_1402_cov_9.929394	819	899	10	73	80	0.9125000
NODE_2677_length_1401_cov_35.754992	825	905	0	11	80	0.1375000
NODE_2677_length_1401_cov_35.754992	825	905	3	3	80	0.0375000
NODE_2677_length_1401_cov_35.754992	825	905	5	2	80	0.0250000
NODE_2677_length_1401_cov_35.754992	825	905	6	5	80	0.0625000
NODE_2677_length_1401_cov_35.754992	825	905	10	1	80	0.0125000
NODE_2677_length_1401_cov_35.754992	825	905	21	1	80	0.0125000
NODE_2677_length_1401_cov_35.754992	825	905	22	1	80	0.0125000
NODE_2677_length_1401_cov_35.754992	825	905	23	29	80	0.3625000
NODE_2677_length_1401_cov_35.754992	825	905	28	7	80	0.0875000
NODE_2677_length_1401_cov_35.754992	825	905	29	20	80	0.2500000
NODE_2677_length_1401_cov_35.754992	878	958	13	2	80	0.0250000
NODE_2677_length_1401_cov_35.754992	878	958	17	9	80	0.1125000
NODE_2677_length_1401_cov_35.754992	878	958	28	7	80	0.0875000
NODE_2677_length_1401_cov_35.754992	878	958	29	23	80	0.2875000
NODE_2677_length_1401_cov_35.754992	878	958	31	39	80	0.4875000
NODE_2678_length_1401_cov_10.811828	539	619	0	80	80	1.0000000
NODE_2678_length_1401_cov_10.811828	592	672	0	80	80	1.0000000
NODE_2679_length_1401_cov_5.438556	241	321	0	72	80	0.9000000
NODE_2679_length_1401_cov_5.438556	241	321	2	8	80	0.1000000
NODE_2679_length_1401_cov_5.438556	294	374	0	19	80	0.2375000
NODE_2679_length_1401_cov_5.438556	294	374	2	61	80	0.7625000
NODE_2683_length_1400_cov_16.680246	813	893	2	43	80	0.5375000
NODE_2683_length_1400_cov_16.680246	813	893	8	13	80	0.1625000
NODE_2683_length_1400_cov_16.680246	813	893	10	24	80	0.3000000
NODE_2683_length_1400_cov_16.680246	866	946	6	14	80	0.1750000
NODE_2683_length_1400_cov_16.680246	866	946	8	36	80	0.4500000
NODE_2683_length_1400_cov_16.680246	866	946	10	30	80	0.3750000
NODE_2684_length_1400_cov_8.166795	53	133	10	3	80	0.0375000
NODE_2684_length_1400_cov_8.166795	53	133	14	2	80	0.0250000
NODE_2684_length_1400_cov_8.166795	53	133	16	4	80	0.0500000
NODE_2684_length_1400_cov_8.166795	53	133	20	11	80	0.1375000
NODE_2684_length_1400_cov_8.166795	53	133	21	2	80	0.0250000
NODE_2684_length_1400_cov_8.166795	53	133	22	11	80	0.1375000
NODE_2684_length_1400_cov_8.166795	53	133	23	2	80	0.0250000
NODE_2684_length_1400_cov_8.166795	53	133	24	13	80	0.1625000
NODE_2684_length_1400_cov_8.166795	53	133	25	1	80	0.0125000
NODE_2684_length_1400_cov_8.166795	53	133	26	11	80	0.1375000
NODE_2684_length_1400_cov_8.166795	53	133	28	20	80	0.2500000
NODE_2684_length_1400_cov_8.166795	106	186	12	5	80	0.0625000
NODE_2684_length_1400_cov_8.166795	106	186	14	13	80	0.1625000
NODE_2684_length_1400_cov_8.166795	106	186	16	16	80	0.2000000
NODE_2684_length_1400_cov_8.166795	106	186	18	8	80	0.1000000
NODE_2684_length_1400_cov_8.166795	106	186	21	13	80	0.1625000
NODE_2684_length_1400_cov_8.166795	106	186	23	2	80	0.0250000
NODE_2684_length_1400_cov_8.166795	106	186	25	1	80	0.0125000
NODE_2684_length_1400_cov_8.166795	106	186	26	8	80	0.1000000
NODE_2684_length_1400_cov_8.166795	106	186	28	14	80	0.1750000
NODE_2694_length_1397_cov_25.549307	869	918	10	8	49	0.1632653
NODE_2694_length_1397_cov_25.549307	869	918	12	41	49	0.8367347
NODE_2694_length_1397_cov_25.549307	891	971	2	12	80	0.1500000
NODE_2694_length_1397_cov_25.549307	891	971	5	22	80	0.2750000
NODE_2694_length_1397_cov_25.549307	891	971	7	15	80	0.1875000
NODE_2694_length_1397_cov_25.549307	891	971	9	3	80	0.0375000
NODE_2694_length_1397_cov_25.549307	891	971	10	9	80	0.1125000
NODE_2694_length_1397_cov_25.549307	891	971	12	19	80	0.2375000
NODE_2695_length_1397_cov_14.395223	672	752	2	2	80	0.0250000
NODE_2695_length_1397_cov_14.395223	672	752	4	44	80	0.5500000
NODE_2695_length_1397_cov_14.395223	672	752	6	34	80	0.4250000
NODE_2695_length_1397_cov_14.395223	725	805	0	5	80	0.0625000
NODE_2695_length_1397_cov_14.395223	725	805	2	50	80	0.6250000
NODE_2695_length_1397_cov_14.395223	725	805	6	25	80	0.3125000
NODE_2695_length_1397_cov_14.395223	801	881	0	37	80	0.4625000
NODE_2695_length_1397_cov_14.395223	801	881	2	43	80	0.5375000
NODE_2695_length_1397_cov_14.395223	854	934	2	80	80	1.0000000
NODE_2699_length_1396_cov_21.656130	825	905	0	62	80	0.7750000
NODE_2699_length_1396_cov_21.656130	825	905	2	18	80	0.2250000
NODE_2699_length_1396_cov_21.656130	878	958	0	9	80	0.1125000
NODE_2699_length_1396_cov_21.656130	878	958	2	71	80	0.8875000
NODE_2700_length_1396_cov_18.108712	560	640	2	35	80	0.4375000
NODE_2700_length_1396_cov_18.108712	560	640	6	32	80	0.4000000
NODE_2700_length_1396_cov_18.108712	560	640	8	13	80	0.1625000
NODE_2700_length_1396_cov_18.108712	613	693	0	7	80	0.0875000
NODE_2700_length_1396_cov_18.108712	613	693	2	3	80	0.0375000
NODE_2700_length_1396_cov_18.108712	613	693	6	57	80	0.7125000
NODE_2700_length_1396_cov_18.108712	613	693	8	13	80	0.1625000
NODE_2701_length_1396_cov_16.208944	136	198	1	5	62	0.0806452
NODE_2701_length_1396_cov_16.208944	136	198	2	57	62	0.9193549
NODE_2701_length_1396_cov_16.208944	848	928	2	70	80	0.8750000
NODE_2701_length_1396_cov_16.208944	848	928	4	10	80	0.1250000
NODE_2701_length_1396_cov_16.208944	901	981	2	17	80	0.2125000
NODE_2701_length_1396_cov_16.208944	901	981	4	48	80	0.6000000
NODE_2701_length_1396_cov_16.208944	901	981	6	15	80	0.1875000
NODE_2701_length_1396_cov_16.208944	977	1057	0	41	80	0.5125000
NODE_2701_length_1396_cov_16.208944	977	1057	4	39	80	0.4875000
NODE_2701_length_1396_cov_16.208944	1030	1110	0	80	80	1.0000000
NODE_2702_length_1396_cov_9.196608	428	508	0	49	80	0.6125000
NODE_2702_length_1396_cov_9.196608	428	508	3	7	80	0.0875000
NODE_2702_length_1396_cov_9.196608	428	508	4	5	80	0.0625000
NODE_2702_length_1396_cov_9.196608	428	508	6	19	80	0.2375000
NODE_2702_length_1396_cov_9.196608	481	561	3	3	80	0.0375000
NODE_2702_length_1396_cov_9.196608	481	561	4	14	80	0.1750000
NODE_2702_length_1396_cov_9.196608	481	561	6	63	80	0.7875000
NODE_2712_length_1394_cov_29.602317	349	415	10	1	66	0.0151515
NODE_2712_length_1394_cov_29.602317	349	415	15	5	66	0.0757576
NODE_2712_length_1394_cov_29.602317	349	415	17	5	66	0.0757576
NODE_2712_length_1394_cov_29.602317	349	415	21	2	66	0.0303030
NODE_2712_length_1394_cov_29.602317	349	415	23	13	66	0.1969697
NODE_2712_length_1394_cov_29.602317	349	415	25	11	66	0.1666667
NODE_2712_length_1394_cov_29.602317	349	415	27	29	66	0.4393939
NODE_2712_length_1394_cov_29.602317	349	416	0	1	67	0.0149254
NODE_2712_length_1394_cov_29.602317	349	416	10	1	67	0.0149254
NODE_2712_length_1394_cov_29.602317	349	416	15	5	67	0.0746269
NODE_2712_length_1394_cov_29.602317	349	416	17	5	67	0.0746269
NODE_2712_length_1394_cov_29.602317	349	416	21	2	67	0.0298507
NODE_2712_length_1394_cov_29.602317	349	416	23	13	67	0.1940299
NODE_2712_length_1394_cov_29.602317	349	416	25	11	67	0.1641791
NODE_2712_length_1394_cov_29.602317	349	416	27	29	67	0.4328358
NODE_2712_length_1394_cov_29.602317	1117	1197	2	7	80	0.0875000
NODE_2712_length_1394_cov_29.602317	1117	1197	4	1	80	0.0125000
NODE_2712_length_1394_cov_29.602317	1117	1197	6	8	80	0.1000000
NODE_2712_length_1394_cov_29.602317	1117	1197	7	6	80	0.0750000
NODE_2712_length_1394_cov_29.602317	1117	1197	12	2	80	0.0250000
NODE_2712_length_1394_cov_29.602317	1117	1197	13	3	80	0.0375000
NODE_2712_length_1394_cov_29.602317	1117	1197	21	13	80	0.1625000
NODE_2712_length_1394_cov_29.602317	1117	1197	27	4	80	0.0500000
NODE_2712_length_1394_cov_29.602317	1117	1197	28	13	80	0.1625000
NODE_2712_length_1394_cov_29.602317	1117	1197	30	23	80	0.2875000
NODE_2712_length_1394_cov_29.602317	1170	1250	18	20	80	0.2500000
NODE_2712_length_1394_cov_29.602317	1170	1250	24	8	80	0.1000000
NODE_2712_length_1394_cov_29.602317	1170	1250	26	1	80	0.0125000
NODE_2712_length_1394_cov_29.602317	1170	1250	28	15	80	0.1875000
NODE_2712_length_1394_cov_29.602317	1170	1250	30	36	80	0.4500000
NODE_2713_length_1394_cov_6.291892	313	393	3	7	80	0.0875000
NODE_2713_length_1394_cov_6.291892	313	393	4	57	80	0.7125000
NODE_2713_length_1394_cov_6.291892	313	393	8	1	80	0.0125000
NODE_2713_length_1394_cov_6.291892	313	393	9	15	80	0.1875000
NODE_2713_length_1394_cov_6.291892	366	446	4	11	80	0.1375000
NODE_2713_length_1394_cov_6.291892	366	446	6	2	80	0.0250000
NODE_2713_length_1394_cov_6.291892	366	446	7	36	80	0.4500000
NODE_2713_length_1394_cov_6.291892	366	446	8	1	80	0.0125000
NODE_2713_length_1394_cov_6.291892	366	446	9	30	80	0.3750000
NODE_2716_length_1393_cov_14.635240	1286	1339	6	4	53	0.0754717
NODE_2716_length_1393_cov_14.635240	1286	1339	8	49	53	0.9245283
NODE_2717_length_1393_cov_12.032457	737	817	0	11	80	0.1375000
NODE_2717_length_1393_cov_12.032457	737	817	2	35	80	0.4375000
NODE_2717_length_1393_cov_12.032457	737	817	6	33	80	0.4125000
NODE_2717_length_1393_cov_12.032457	737	817	8	1	80	0.0125000
NODE_2717_length_1393_cov_12.032457	790	870	6	26	80	0.3250000
NODE_2717_length_1393_cov_12.032457	790	870	8	7	80	0.0875000
NODE_2717_length_1393_cov_12.032457	790	870	10	12	80	0.1500000
NODE_2717_length_1393_cov_12.032457	790	870	12	35	80	0.4375000
NODE_2720_length_1392_cov_5.898685	270	350	2	17	80	0.2125000
NODE_2720_length_1392_cov_5.898685	270	350	4	63	80	0.7875000
NODE_2720_length_1392_cov_5.898685	323	399	0	33	76	0.4342105
NODE_2720_length_1392_cov_5.898685	323	399	2	14	76	0.1842105
NODE_2720_length_1392_cov_5.898685	323	399	4	29	76	0.3815790
NODE_2723_length_1391_cov_35.921827	415	495	0	2	80	0.0250000
NODE_2723_length_1391_cov_35.921827	415	495	2	8	80	0.1000000
NODE_2723_length_1391_cov_35.921827	415	495	4	70	80	0.8750000
NODE_2723_length_1391_cov_35.921827	468	548	0	46	80	0.5750000
NODE_2723_length_1391_cov_35.921827	468	548	2	17	80	0.2125000
NODE_2723_length_1391_cov_35.921827	468	548	4	17	80	0.2125000
NODE_2723_length_1391_cov_35.921827	544	624	2	18	80	0.2250000
NODE_2723_length_1391_cov_35.921827	544	624	6	34	80	0.4250000
NODE_2723_length_1391_cov_35.921827	544	624	10	27	80	0.3375000
NODE_2723_length_1391_cov_35.921827	544	624	12	1	80	0.0125000
NODE_2723_length_1391_cov_35.921827	597	677	6	7	80	0.0875000
NODE_2723_length_1391_cov_35.921827	597	677	10	72	80	0.9000000
NODE_2723_length_1391_cov_35.921827	597	677	12	1	80	0.0125000
NODE_2729_length_1390_cov_16.326878	550	630	0	9	80	0.1125000
NODE_2729_length_1390_cov_16.326878	550	630	2	71	80	0.8875000
NODE_2729_length_1390_cov_16.326878	603	683	0	44	80	0.5500000
NODE_2729_length_1390_cov_16.326878	603	683	2	36	80	0.4500000
NODE_2731_length_1389_cov_29.772093	780	860	0	32	80	0.4000000
NODE_2731_length_1389_cov_29.772093	780	860	2	18	80	0.2250000
NODE_2731_length_1389_cov_29.772093	780	860	4	30	80	0.3750000
NODE_2731_length_1389_cov_29.772093	833	913	0	12	80	0.1500000
NODE_2731_length_1389_cov_29.772093	833	913	2	5	80	0.0625000
NODE_2731_length_1389_cov_29.772093	833	913	4	63	80	0.7875000
NODE_2732_length_1389_cov_12.858140	821	901	4	43	80	0.5375000
NODE_2732_length_1389_cov_12.858140	821	901	6	20	80	0.2500000
NODE_2732_length_1389_cov_12.858140	821	901	8	17	80	0.2125000
NODE_2732_length_1389_cov_12.858140	874	954	0	19	80	0.2375000
NODE_2732_length_1389_cov_12.858140	874	954	2	2	80	0.0250000
NODE_2732_length_1389_cov_12.858140	874	954	4	59	80	0.7375000
NODE_2735_length_1388_cov_14.641583	529	610	0	81	81	1.0000000
NODE_2735_length_1388_cov_14.641583	583	660	0	77	77	1.0000000
NODE_2736_length_1388_cov_5.168348	427	499	3	7	72	0.0972222
NODE_2736_length_1388_cov_5.168348	427	499	4	59	72	0.8194444
NODE_2736_length_1388_cov_5.168348	427	499	6	6	72	0.0833333
NODE_2742_length_1386_cov_55.384615	559	639	2	23	80	0.2875000
NODE_2742_length_1386_cov_55.384615	559	639	4	57	80	0.7125000
NODE_2742_length_1386_cov_55.384615	612	692	2	9	80	0.1125000
NODE_2742_length_1386_cov_55.384615	612	692	3	10	80	0.1250000
NODE_2742_length_1386_cov_55.384615	612	692	4	61	80	0.7625000
NODE_2742_length_1386_cov_55.384615	688	768	2	6	80	0.0750000
NODE_2742_length_1386_cov_55.384615	688	768	6	18	80	0.2250000
NODE_2742_length_1386_cov_55.384615	688	768	8	56	80	0.7000000
NODE_2742_length_1386_cov_55.384615	741	821	8	31	80	0.3875000
NODE_2742_length_1386_cov_55.384615	741	821	13	6	80	0.0750000
NODE_2742_length_1386_cov_55.384615	741	821	14	43	80	0.5375000
NODE_2744_length_1386_cov_13.181041	549	629	2	77	80	0.9625000
NODE_2744_length_1386_cov_13.181041	549	629	4	3	80	0.0375000
NODE_2744_length_1386_cov_13.181041	602	682	2	77	80	0.9625000
NODE_2744_length_1386_cov_13.181041	602	682	4	3	80	0.0375000
NODE_2748_length_1385_cov_41.636081	968	1048	6	5	80	0.0625000
NODE_2748_length_1385_cov_41.636081	968	1048	7	42	80	0.5250000
NODE_2748_length_1385_cov_41.636081	968	1048	10	3	80	0.0375000
NODE_2748_length_1385_cov_41.636081	968	1048	12	29	80	0.3625000
NODE_2748_length_1385_cov_41.636081	968	1048	14	1	80	0.0125000
NODE_2748_length_1385_cov_41.636081	1021	1101	8	10	80	0.1250000
NODE_2748_length_1385_cov_41.636081	1021	1101	10	45	80	0.5625000
NODE_2748_length_1385_cov_41.636081	1021	1101	12	24	80	0.3000000
NODE_2748_length_1385_cov_41.636081	1021	1101	14	1	80	0.0125000
NODE_2749_length_1385_cov_38.877138	707	787	0	17	80	0.2125000
NODE_2749_length_1385_cov_38.877138	707	787	4	49	80	0.6125000
NODE_2749_length_1385_cov_38.877138	707	787	6	5	80	0.0625000
NODE_2749_length_1385_cov_38.877138	707	787	8	9	80	0.1125000
NODE_2749_length_1385_cov_38.877138	760	840	4	25	80	0.3125000
NODE_2749_length_1385_cov_38.877138	760	840	6	15	80	0.1875000
NODE_2749_length_1385_cov_38.877138	760	840	8	35	80	0.4375000
NODE_2749_length_1385_cov_38.877138	760	840	10	5	80	0.0625000
NODE_2749_length_1385_cov_38.877138	836	916	4	18	80	0.2250000
NODE_2749_length_1385_cov_38.877138	836	916	6	62	80	0.7750000
NODE_2749_length_1385_cov_38.877138	889	969	0	9	80	0.1125000
NODE_2749_length_1385_cov_38.877138	889	969	2	3	80	0.0375000
NODE_2749_length_1385_cov_38.877138	889	969	4	52	80	0.6500000
NODE_2749_length_1385_cov_38.877138	889	969	6	16	80	0.2000000
NODE_2751_length_1385_cov_4.608865	844	904	6	30	60	0.5000000
NODE_2751_length_1385_cov_4.608865	844	904	8	4	60	0.0666667
NODE_2751_length_1385_cov_4.608865	844	904	9	25	60	0.4166667
NODE_2751_length_1385_cov_4.608865	844	904	10	1	60	0.0166667
NODE_2758_length_1384_cov_10.574319	865	922	10	34	57	0.5964912
NODE_2758_length_1384_cov_10.574319	865	922	12	23	57	0.4035088
NODE_2758_length_1384_cov_10.574319	933	1013	2	80	80	1.0000000
NODE_2758_length_1384_cov_10.574319	986	1066	0	46	80	0.5750000
NODE_2758_length_1384_cov_10.574319	986	1066	2	34	80	0.4250000
NODE_2759_length_1383_cov_10.710280	414	493	0	13	79	0.1645570
NODE_2759_length_1383_cov_10.710280	414	493	2	28	79	0.3544304
NODE_2759_length_1383_cov_10.710280	414	493	4	38	79	0.4810127
NODE_2759_length_1383_cov_10.710280	466	546	0	21	80	0.2625000
NODE_2759_length_1383_cov_10.710280	466	546	2	35	80	0.4375000
NODE_2759_length_1383_cov_10.710280	466	546	4	24	80	0.3000000
NODE_2763_length_1382_cov_12.521434	837	917	4	2	80	0.0250000
NODE_2763_length_1382_cov_12.521434	837	917	8	15	80	0.1875000
NODE_2763_length_1382_cov_12.521434	837	917	10	51	80	0.6375000
NODE_2763_length_1382_cov_12.521434	837	917	12	12	80	0.1500000
NODE_2763_length_1382_cov_12.521434	890	970	2	5	80	0.0625000
NODE_2763_length_1382_cov_12.521434	890	970	8	63	80	0.7875000
NODE_2763_length_1382_cov_12.521434	890	970	10	1	80	0.0125000
NODE_2763_length_1382_cov_12.521434	890	970	12	11	80	0.1375000
NODE_2764_length_1382_cov_5.074045	1028	1108	0	7	80	0.0875000
NODE_2764_length_1382_cov_5.074045	1028	1108	2	73	80	0.9125000
NODE_2764_length_1382_cov_5.074045	1081	1161	0	1	80	0.0125000
NODE_2764_length_1382_cov_5.074045	1081	1161	2	79	80	0.9875000
NODE_2771_length_1381_cov_7.796412	307	387	0	80	80	1.0000000
NODE_2771_length_1381_cov_7.796412	360	440	0	80	80	1.0000000
NODE_2775_length_1380_cov_12.804059	835	915	2	8	80	0.1000000
NODE_2775_length_1380_cov_12.804059	835	915	8	23	80	0.2875000
NODE_2775_length_1380_cov_12.804059	835	915	10	17	80	0.2125000
NODE_2775_length_1380_cov_12.804059	835	915	14	32	80	0.4000000
NODE_2775_length_1380_cov_12.804059	888	968	6	28	80	0.3500000
NODE_2775_length_1380_cov_12.804059	888	968	12	5	80	0.0625000
NODE_2775_length_1380_cov_12.804059	888	968	14	47	80	0.5875000
NODE_2782_length_1378_cov_25.362002	368	448	5	42	80	0.5250000
NODE_2782_length_1378_cov_25.362002	368	448	6	34	80	0.4250000
NODE_2782_length_1378_cov_25.362002	368	448	7	4	80	0.0500000
NODE_2782_length_1378_cov_25.362002	421	501	2	37	80	0.4625000
NODE_2782_length_1378_cov_25.362002	421	501	6	43	80	0.5375000
NODE_2782_length_1378_cov_25.362002	497	577	2	37	80	0.4625000
NODE_2782_length_1378_cov_25.362002	497	577	4	6	80	0.0750000
NODE_2782_length_1378_cov_25.362002	497	577	5	5	80	0.0625000
NODE_2782_length_1378_cov_25.362002	497	577	9	32	80	0.4000000
NODE_2782_length_1378_cov_25.362002	550	630	9	41	80	0.5125000
NODE_2782_length_1378_cov_25.362002	550	630	10	12	80	0.1500000
NODE_2782_length_1378_cov_25.362002	550	630	12	27	80	0.3375000
NODE_2783_length_1378_cov_20.508210	318	338	18	2	20	0.1000000
NODE_2783_length_1378_cov_20.508210	318	338	20	4	20	0.2000000
NODE_2783_length_1378_cov_20.508210	318	338	22	11	20	0.5500000
NODE_2783_length_1378_cov_20.508210	318	338	24	3	20	0.1500000
NODE_2783_length_1378_cov_20.508210	318	391	18	2	73	0.0273973
NODE_2783_length_1378_cov_20.508210	318	391	20	5	73	0.0684932
NODE_2783_length_1378_cov_20.508210	318	391	22	18	73	0.2465753
NODE_2783_length_1378_cov_20.508210	318	391	24	28	73	0.3835616
NODE_2783_length_1378_cov_20.508210	318	391	26	17	73	0.2328767
NODE_2783_length_1378_cov_20.508210	318	391	28	3	73	0.0410959
NODE_2785_length_1377_cov_103.832551	1259	1299	93	1	40	0.0250000
NODE_2785_length_1377_cov_103.832551	1259	1299	94	1	40	0.0250000
NODE_2785_length_1377_cov_103.832551	1259	1299	97	1	40	0.0250000
NODE_2785_length_1377_cov_103.832551	1259	1299	121	1	40	0.0250000
NODE_2785_length_1377_cov_103.832551	1259	1299	123	1	40	0.0250000
NODE_2785_length_1377_cov_103.832551	1259	1299	125	1	40	0.0250000
NODE_2785_length_1377_cov_103.832551	1259	1299	126	1	40	0.0250000
NODE_2785_length_1377_cov_103.832551	1259	1299	136	5	40	0.1250000
NODE_2785_length_1377_cov_103.832551	1259	1299	139	2	40	0.0500000
NODE_2785_length_1377_cov_103.832551	1259	1299	143	1	40	0.0250000
NODE_2785_length_1377_cov_103.832551	1259	1299	145	2	40	0.0500000
NODE_2785_length_1377_cov_103.832551	1259	1299	149	2	40	0.0500000
NODE_2785_length_1377_cov_103.832551	1259	1299	153	2	40	0.0500000
NODE_2785_length_1377_cov_103.832551	1259	1299	155	1	40	0.0250000
NODE_2785_length_1377_cov_103.832551	1259	1299	157	3	40	0.0750000
NODE_2785_length_1377_cov_103.832551	1259	1299	161	2	40	0.0500000
NODE_2785_length_1377_cov_103.832551	1259	1299	166	1	40	0.0250000
NODE_2785_length_1377_cov_103.832551	1259	1299	171	1	40	0.0250000
NODE_2785_length_1377_cov_103.832551	1259	1299	172	1	40	0.0250000
NODE_2785_length_1377_cov_103.832551	1259	1299	175	2	40	0.0500000
NODE_2785_length_1377_cov_103.832551	1259	1299	180	4	40	0.1000000
NODE_2785_length_1377_cov_103.832551	1259	1299	182	4	40	0.1000000
NODE_2788_length_1376_cov_7.967110	904	984	2	19	80	0.2375000
NODE_2788_length_1376_cov_7.967110	904	984	4	31	80	0.3875000
NODE_2788_length_1376_cov_7.967110	904	984	6	30	80	0.3750000
NODE_2788_length_1376_cov_7.967110	957	1037	2	13	80	0.1625000
NODE_2788_length_1376_cov_7.967110	957	1037	4	45	80	0.5625000
NODE_2788_length_1376_cov_7.967110	957	1037	6	22	80	0.2750000
NODE_2798_length_1373_cov_52.691523	524	606	0	19	82	0.2317073
NODE_2798_length_1373_cov_52.691523	524	606	2	49	82	0.5975610
NODE_2798_length_1373_cov_52.691523	524	606	11	14	82	0.1707317
NODE_2798_length_1373_cov_52.691523	579	659	2	13	80	0.1625000
NODE_2798_length_1373_cov_52.691523	579	659	8	23	80	0.2875000
NODE_2798_length_1373_cov_52.691523	579	659	9	28	80	0.3500000
NODE_2798_length_1373_cov_52.691523	579	659	11	16	80	0.2000000
NODE_2799_length_1373_cov_20.880691	987	1067	2	2	80	0.0250000
NODE_2799_length_1373_cov_20.880691	987	1067	4	7	80	0.0875000
NODE_2799_length_1373_cov_20.880691	987	1067	6	2	80	0.0250000
NODE_2799_length_1373_cov_20.880691	987	1067	8	3	80	0.0375000
NODE_2799_length_1373_cov_20.880691	987	1067	14	11	80	0.1375000
NODE_2799_length_1373_cov_20.880691	987	1067	16	34	80	0.4250000
NODE_2799_length_1373_cov_20.880691	987	1067	17	1	80	0.0125000
NODE_2799_length_1373_cov_20.880691	987	1067	18	20	80	0.2500000
NODE_2799_length_1373_cov_20.880691	1116	1195	13	4	79	0.0506329
NODE_2799_length_1373_cov_20.880691	1116	1195	14	1	79	0.0126582
NODE_2799_length_1373_cov_20.880691	1116	1195	16	2	79	0.0253165
NODE_2799_length_1373_cov_20.880691	1116	1195	17	4	79	0.0506329
NODE_2799_length_1373_cov_20.880691	1116	1195	18	5	79	0.0632911
NODE_2799_length_1373_cov_20.880691	1116	1195	21	4	79	0.0506329
NODE_2799_length_1373_cov_20.880691	1116	1195	22	9	79	0.1139240
NODE_2799_length_1373_cov_20.880691	1116	1195	27	14	79	0.1772152
NODE_2799_length_1373_cov_20.880691	1116	1195	29	2	79	0.0253165
NODE_2799_length_1373_cov_20.880691	1116	1195	30	1	79	0.0126582
NODE_2799_length_1373_cov_20.880691	1116	1195	31	32	79	0.4050633
NODE_2799_length_1373_cov_20.880691	1116	1195	32	1	79	0.0126582
NODE_2799_length_1373_cov_20.880691	1168	1248	13	14	80	0.1750000
NODE_2799_length_1373_cov_20.880691	1168	1248	17	5	80	0.0625000
NODE_2799_length_1373_cov_20.880691	1168	1248	22	1	80	0.0125000
NODE_2799_length_1373_cov_20.880691	1168	1248	26	2	80	0.0250000
NODE_2799_length_1373_cov_20.880691	1168	1248	29	4	80	0.0500000
NODE_2799_length_1373_cov_20.880691	1168	1248	30	29	80	0.3625000
NODE_2799_length_1373_cov_20.880691	1168	1248	31	24	80	0.3000000
NODE_2799_length_1373_cov_20.880691	1168	1248	32	1	80	0.0125000
NODE_2800_length_1373_cov_12.694662	94	167	9	15	73	0.2054795
NODE_2800_length_1373_cov_12.694662	94	167	10	3	73	0.0410959
NODE_2800_length_1373_cov_12.694662	94	167	11	11	73	0.1506849
NODE_2800_length_1373_cov_12.694662	94	167	13	3	73	0.0410959
NODE_2800_length_1373_cov_12.694662	94	167	17	3	73	0.0410959
NODE_2800_length_1373_cov_12.694662	94	167	18	3	73	0.0410959
NODE_2800_length_1373_cov_12.694662	94	167	20	1	73	0.0136986
NODE_2800_length_1373_cov_12.694662	94	167	22	12	73	0.1643836
NODE_2800_length_1373_cov_12.694662	94	167	26	3	73	0.0410959
NODE_2800_length_1373_cov_12.694662	94	167	28	1	73	0.0136986
NODE_2800_length_1373_cov_12.694662	94	167	30	2	73	0.0273973
NODE_2800_length_1373_cov_12.694662	94	167	32	3	73	0.0410959
NODE_2800_length_1373_cov_12.694662	94	167	35	1	73	0.0136986
NODE_2800_length_1373_cov_12.694662	94	167	36	1	73	0.0136986
NODE_2800_length_1373_cov_12.694662	94	167	38	11	73	0.1506849
NODE_2800_length_1373_cov_12.694662	140	224	22	5	84	0.0595238
NODE_2800_length_1373_cov_12.694662	140	224	26	3	84	0.0357143
NODE_2800_length_1373_cov_12.694662	140	224	28	1	84	0.0119048
NODE_2800_length_1373_cov_12.694662	140	224	30	2	84	0.0238095
NODE_2800_length_1373_cov_12.694662	140	224	31	1	84	0.0119048
NODE_2800_length_1373_cov_12.694662	140	224	32	3	84	0.0357143
NODE_2800_length_1373_cov_12.694662	140	224	33	22	84	0.2619048
NODE_2800_length_1373_cov_12.694662	140	224	35	35	84	0.4166667
NODE_2800_length_1373_cov_12.694662	140	224	36	1	84	0.0119048
NODE_2800_length_1373_cov_12.694662	140	224	38	11	84	0.1309524
NODE_2800_length_1373_cov_12.694662	1214	1286	5	7	72	0.0972222
NODE_2800_length_1373_cov_12.694662	1214	1286	7	4	72	0.0555556
NODE_2800_length_1373_cov_12.694662	1214	1286	8	7	72	0.0972222
NODE_2800_length_1373_cov_12.694662	1214	1286	10	24	72	0.3333333
NODE_2800_length_1373_cov_12.694662	1214	1286	12	30	72	0.4166667
NODE_2800_length_1373_cov_12.694662	1267	1339	7	2	72	0.0277778
NODE_2800_length_1373_cov_12.694662	1267	1339	8	6	72	0.0833333
NODE_2800_length_1373_cov_12.694662	1267	1339	10	6	72	0.0833333
NODE_2800_length_1373_cov_12.694662	1267	1339	12	58	72	0.8055556
NODE_2801_length_1372_cov_25.408484	665	745	2	80	80	1.0000000
NODE_2801_length_1372_cov_25.408484	718	798	0	35	80	0.4375000
NODE_2801_length_1372_cov_25.408484	718	798	2	45	80	0.5625000
NODE_2802_length_1372_cov_17.123331	647	727	2	2	80	0.0250000
NODE_2802_length_1372_cov_17.123331	647	727	10	23	80	0.2875000
NODE_2802_length_1372_cov_17.123331	647	727	14	54	80	0.6750000
NODE_2802_length_1372_cov_17.123331	647	727	16	1	80	0.0125000
NODE_2802_length_1372_cov_17.123331	700	780	2	14	80	0.1750000
NODE_2802_length_1372_cov_17.123331	700	780	6	1	80	0.0125000
NODE_2802_length_1372_cov_17.123331	700	780	11	16	80	0.2000000
NODE_2802_length_1372_cov_17.123331	700	780	13	21	80	0.2625000
NODE_2802_length_1372_cov_17.123331	700	780	14	28	80	0.3500000
NODE_2802_length_1372_cov_17.123331	776	856	2	9	80	0.1125000
NODE_2802_length_1372_cov_17.123331	776	856	4	5	80	0.0625000
NODE_2802_length_1372_cov_17.123331	776	856	8	16	80	0.2000000
NODE_2802_length_1372_cov_17.123331	776	856	9	1	80	0.0125000
NODE_2802_length_1372_cov_17.123331	776	856	10	14	80	0.1750000
NODE_2802_length_1372_cov_17.123331	776	856	14	1	80	0.0125000
NODE_2802_length_1372_cov_17.123331	776	856	16	30	80	0.3750000
NODE_2802_length_1372_cov_17.123331	776	856	19	1	80	0.0125000
NODE_2802_length_1372_cov_17.123331	776	856	20	3	80	0.0375000
NODE_2802_length_1372_cov_17.123331	829	909	14	7	80	0.0875000
NODE_2802_length_1372_cov_17.123331	829	909	16	27	80	0.3375000
NODE_2802_length_1372_cov_17.123331	829	909	18	27	80	0.3375000
NODE_2802_length_1372_cov_17.123331	829	909	19	1	80	0.0125000
NODE_2802_length_1372_cov_17.123331	829	909	20	18	80	0.2250000
NODE_2803_length_1372_cov_14.418696	211	291	0	47	80	0.5875000
NODE_2803_length_1372_cov_14.418696	211	291	2	33	80	0.4125000
NODE_2803_length_1372_cov_14.418696	264	344	0	20	80	0.2500000
NODE_2803_length_1372_cov_14.418696	264	344	2	60	80	0.7500000
NODE_2806_length_1371_cov_39.366352	715	795	2	40	80	0.5000000
NODE_2806_length_1371_cov_39.366352	715	795	9	19	80	0.2375000
NODE_2806_length_1371_cov_39.366352	715	795	14	2	80	0.0250000
NODE_2806_length_1371_cov_39.366352	715	795	15	14	80	0.1750000
NODE_2806_length_1371_cov_39.366352	715	795	16	5	80	0.0625000
NODE_2806_length_1371_cov_39.366352	768	848	9	6	80	0.0750000
NODE_2806_length_1371_cov_39.366352	768	848	14	2	80	0.0250000
NODE_2806_length_1371_cov_39.366352	768	848	15	67	80	0.8375000
NODE_2806_length_1371_cov_39.366352	768	848	16	5	80	0.0625000
NODE_2807_length_1371_cov_36.961478	371	455	4	30	84	0.3571429
NODE_2807_length_1371_cov_36.961478	371	455	5	4	84	0.0476190
NODE_2807_length_1371_cov_36.961478	371	455	6	50	84	0.5952381
NODE_2807_length_1371_cov_36.961478	424	508	0	49	84	0.5833333
NODE_2807_length_1371_cov_36.961478	424	508	2	1	84	0.0119048
NODE_2807_length_1371_cov_36.961478	424	508	4	12	84	0.1428571
NODE_2807_length_1371_cov_36.961478	424	508	5	4	84	0.0476190
NODE_2807_length_1371_cov_36.961478	424	508	6	18	84	0.2142857
NODE_2807_length_1371_cov_36.961478	504	584	0	80	80	1.0000000
NODE_2807_length_1371_cov_36.961478	557	637	0	80	80	1.0000000
NODE_2808_length_1371_cov_16.944182	459	539	0	80	80	1.0000000
NODE_2808_length_1371_cov_16.944182	512	592	0	80	80	1.0000000
NODE_2808_length_1371_cov_16.944182	588	668	0	35	80	0.4375000
NODE_2808_length_1371_cov_16.944182	588	668	2	5	80	0.0625000
NODE_2808_length_1371_cov_16.944182	588	668	4	40	80	0.5000000
NODE_2808_length_1371_cov_16.944182	641	721	4	80	80	1.0000000
NODE_2812_length_1370_cov_11.627065	502	582	0	80	80	1.0000000
NODE_2812_length_1370_cov_11.627065	555	635	0	80	80	1.0000000
NODE_2812_length_1370_cov_11.627065	631	711	0	7	80	0.0875000
NODE_2812_length_1370_cov_11.627065	631	711	4	38	80	0.4750000
NODE_2812_length_1370_cov_11.627065	631	711	6	35	80	0.4375000
NODE_2812_length_1370_cov_11.627065	684	764	0	4	80	0.0500000
NODE_2812_length_1370_cov_11.627065	684	764	2	21	80	0.2625000
NODE_2812_length_1370_cov_11.627065	684	764	6	55	80	0.6875000
NODE_2813_length_1369_cov_27.937795	597	677	2	62	80	0.7750000
NODE_2813_length_1369_cov_27.937795	597	677	3	2	80	0.0250000
NODE_2813_length_1369_cov_27.937795	597	677	4	16	80	0.2000000
NODE_2813_length_1369_cov_27.937795	650	730	2	67	80	0.8375000
NODE_2813_length_1369_cov_27.937795	650	730	3	2	80	0.0250000
NODE_2813_length_1369_cov_27.937795	650	730	4	11	80	0.1375000
NODE_2820_length_1368_cov_35.148148	546	626	2	74	80	0.9250000
NODE_2820_length_1368_cov_35.148148	546	626	4	6	80	0.0750000
NODE_2820_length_1368_cov_35.148148	599	679	0	41	80	0.5125000
NODE_2820_length_1368_cov_35.148148	599	679	1	1	80	0.0125000
NODE_2820_length_1368_cov_35.148148	599	679	2	38	80	0.4750000
NODE_2821_length_1368_cov_27.847912	486	559	4	4	73	0.0547945
NODE_2821_length_1368_cov_27.847912	486	559	6	8	73	0.1095890
NODE_2821_length_1368_cov_27.847912	486	559	10	6	73	0.0821918
NODE_2821_length_1368_cov_27.847912	486	559	12	36	73	0.4931507
NODE_2821_length_1368_cov_27.847912	486	559	14	19	73	0.2602740
NODE_2821_length_1368_cov_27.847912	532	612	4	4	80	0.0500000
NODE_2821_length_1368_cov_27.847912	532	612	5	10	80	0.1250000
NODE_2821_length_1368_cov_27.847912	532	612	6	13	80	0.1625000
NODE_2821_length_1368_cov_27.847912	532	612	7	10	80	0.1250000
NODE_2821_length_1368_cov_27.847912	532	612	8	1	80	0.0125000
NODE_2821_length_1368_cov_27.847912	532	612	12	42	80	0.5250000
NODE_2821_length_1368_cov_27.847912	608	688	4	45	80	0.5625000
NODE_2821_length_1368_cov_27.847912	608	688	6	35	80	0.4375000
NODE_2821_length_1368_cov_27.847912	661	741	2	4	80	0.0500000
NODE_2821_length_1368_cov_27.847912	661	741	4	57	80	0.7125000
NODE_2821_length_1368_cov_27.847912	661	741	6	19	80	0.2375000
NODE_2822_length_1368_cov_26.832151	458	538	0	3	80	0.0375000
NODE_2822_length_1368_cov_26.832151	458	538	4	77	80	0.9625000
NODE_2822_length_1368_cov_26.832151	511	591	0	56	80	0.7000000
NODE_2822_length_1368_cov_26.832151	511	591	4	24	80	0.3000000
NODE_2822_length_1368_cov_26.832151	587	667	0	80	80	1.0000000
NODE_2822_length_1368_cov_26.832151	640	720	0	80	80	1.0000000
NODE_2823_length_1368_cov_18.205674	603	683	1	19	80	0.2375000
NODE_2823_length_1368_cov_18.205674	603	683	2	46	80	0.5750000
NODE_2823_length_1368_cov_18.205674	603	683	4	3	80	0.0375000
NODE_2823_length_1368_cov_18.205674	603	683	5	2	80	0.0250000
NODE_2823_length_1368_cov_18.205674	603	683	6	10	80	0.1250000
NODE_2823_length_1368_cov_18.205674	656	736	2	12	80	0.1500000
NODE_2823_length_1368_cov_18.205674	656	736	4	3	80	0.0375000
NODE_2823_length_1368_cov_18.205674	656	736	5	55	80	0.6875000
NODE_2823_length_1368_cov_18.205674	656	736	6	10	80	0.1250000
NODE_2826_length_1367_cov_576.769716	799	879	293	2	80	0.0250000
NODE_2826_length_1367_cov_576.769716	799	879	294	3	80	0.0375000
NODE_2826_length_1367_cov_576.769716	799	879	295	5	80	0.0625000
NODE_2826_length_1367_cov_576.769716	799	879	296	2	80	0.0250000
NODE_2826_length_1367_cov_576.769716	799	879	297	1	80	0.0125000
NODE_2826_length_1367_cov_576.769716	799	879	298	1	80	0.0125000
NODE_2826_length_1367_cov_576.769716	799	879	299	1	80	0.0125000
NODE_2826_length_1367_cov_576.769716	799	879	300	1	80	0.0125000
NODE_2826_length_1367_cov_576.769716	799	879	301	2	80	0.0250000
NODE_2826_length_1367_cov_576.769716	799	879	303	4	80	0.0500000
NODE_2826_length_1367_cov_576.769716	799	879	304	1	80	0.0125000
NODE_2826_length_1367_cov_576.769716	799	879	305	1	80	0.0125000
NODE_2826_length_1367_cov_576.769716	799	879	319	3	80	0.0375000
NODE_2826_length_1367_cov_576.769716	799	879	328	1	80	0.0125000
NODE_2826_length_1367_cov_576.769716	799	879	333	2	80	0.0250000
NODE_2826_length_1367_cov_576.769716	799	879	338	1	80	0.0125000
NODE_2826_length_1367_cov_576.769716	799	879	340	1	80	0.0125000
NODE_2826_length_1367_cov_576.769716	799	879	341	1	80	0.0125000
NODE_2826_length_1367_cov_576.769716	799	879	342	2	80	0.0250000
NODE_2826_length_1367_cov_576.769716	799	879	343	2	80	0.0250000
NODE_2826_length_1367_cov_576.769716	799	879	344	1	80	0.0125000
NODE_2826_length_1367_cov_576.769716	799	879	346	1	80	0.0125000
NODE_2826_length_1367_cov_576.769716	799	879	347	1	80	0.0125000
NODE_2826_length_1367_cov_576.769716	799	879	356	1	80	0.0125000
NODE_2826_length_1367_cov_576.769716	799	879	363	1	80	0.0125000
NODE_2826_length_1367_cov_576.769716	799	879	374	1	80	0.0125000
NODE_2826_length_1367_cov_576.769716	799	879	416	1	80	0.0125000
NODE_2826_length_1367_cov_576.769716	799	879	417	1	80	0.0125000
NODE_2826_length_1367_cov_576.769716	799	879	422	3	80	0.0375000
NODE_2826_length_1367_cov_576.769716	799	879	423	1	80	0.0125000
NODE_2826_length_1367_cov_576.769716	799	879	424	3	80	0.0375000
NODE_2826_length_1367_cov_576.769716	799	879	426	1	80	0.0125000
NODE_2826_length_1367_cov_576.769716	799	879	448	2	80	0.0250000
NODE_2826_length_1367_cov_576.769716	799	879	470	1	80	0.0125000
NODE_2826_length_1367_cov_576.769716	799	879	484	1	80	0.0125000
NODE_2826_length_1367_cov_576.769716	799	879	494	1	80	0.0125000
NODE_2826_length_1367_cov_576.769716	799	879	496	1	80	0.0125000
NODE_2826_length_1367_cov_576.769716	799	879	529	1	80	0.0125000
NODE_2826_length_1367_cov_576.769716	799	879	543	1	80	0.0125000
NODE_2826_length_1367_cov_576.769716	799	879	555	1	80	0.0125000
NODE_2826_length_1367_cov_576.769716	799	879	564	2	80	0.0250000
NODE_2826_length_1367_cov_576.769716	799	879	568	1	80	0.0125000
NODE_2826_length_1367_cov_576.769716	799	879	574	1	80	0.0125000
NODE_2826_length_1367_cov_576.769716	799	879	578	1	80	0.0125000
NODE_2826_length_1367_cov_576.769716	799	879	579	1	80	0.0125000
NODE_2826_length_1367_cov_576.769716	799	879	591	1	80	0.0125000
NODE_2826_length_1367_cov_576.769716	799	879	594	1	80	0.0125000
NODE_2826_length_1367_cov_576.769716	799	879	644	1	80	0.0125000
NODE_2826_length_1367_cov_576.769716	799	879	648	1	80	0.0125000
NODE_2826_length_1367_cov_576.769716	799	879	668	1	80	0.0125000
NODE_2826_length_1367_cov_576.769716	799	879	699	1	80	0.0125000
NODE_2826_length_1367_cov_576.769716	799	879	715	1	80	0.0125000
NODE_2826_length_1367_cov_576.769716	799	879	722	5	80	0.0625000
NODE_2826_length_1367_cov_576.769716	852	932	448	2	80	0.0250000
NODE_2826_length_1367_cov_576.769716	852	932	470	1	80	0.0125000
NODE_2826_length_1367_cov_576.769716	852	932	484	1	80	0.0125000
NODE_2826_length_1367_cov_576.769716	852	932	494	1	80	0.0125000
NODE_2826_length_1367_cov_576.769716	852	932	496	1	80	0.0125000
NODE_2826_length_1367_cov_576.769716	852	932	529	1	80	0.0125000
NODE_2826_length_1367_cov_576.769716	852	932	543	1	80	0.0125000
NODE_2826_length_1367_cov_576.769716	852	932	555	1	80	0.0125000
NODE_2826_length_1367_cov_576.769716	852	932	564	2	80	0.0250000
NODE_2826_length_1367_cov_576.769716	852	932	568	1	80	0.0125000
NODE_2826_length_1367_cov_576.769716	852	932	574	1	80	0.0125000
NODE_2826_length_1367_cov_576.769716	852	932	578	1	80	0.0125000
NODE_2826_length_1367_cov_576.769716	852	932	579	1	80	0.0125000
NODE_2826_length_1367_cov_576.769716	852	932	591	1	80	0.0125000
NODE_2826_length_1367_cov_576.769716	852	932	594	1	80	0.0125000
NODE_2826_length_1367_cov_576.769716	852	932	644	1	80	0.0125000
NODE_2826_length_1367_cov_576.769716	852	932	648	1	80	0.0125000
NODE_2826_length_1367_cov_576.769716	852	932	668	1	80	0.0125000
NODE_2826_length_1367_cov_576.769716	852	932	699	1	80	0.0125000
NODE_2826_length_1367_cov_576.769716	852	932	715	1	80	0.0125000
NODE_2826_length_1367_cov_576.769716	852	932	722	6	80	0.0750000
NODE_2826_length_1367_cov_576.769716	852	932	730	1	80	0.0125000
NODE_2826_length_1367_cov_576.769716	852	932	755	1	80	0.0125000
NODE_2826_length_1367_cov_576.769716	852	932	756	1	80	0.0125000
NODE_2826_length_1367_cov_576.769716	852	932	761	2	80	0.0250000
NODE_2826_length_1367_cov_576.769716	852	932	763	1	80	0.0125000
NODE_2826_length_1367_cov_576.769716	852	932	770	1	80	0.0125000
NODE_2826_length_1367_cov_576.769716	852	932	782	1	80	0.0125000
NODE_2826_length_1367_cov_576.769716	852	932	790	1	80	0.0125000
NODE_2826_length_1367_cov_576.769716	852	932	796	1	80	0.0125000
NODE_2826_length_1367_cov_576.769716	852	932	797	1	80	0.0125000
NODE_2826_length_1367_cov_576.769716	852	932	799	2	80	0.0250000
NODE_2826_length_1367_cov_576.769716	852	932	800	1	80	0.0125000
NODE_2826_length_1367_cov_576.769716	852	932	801	1	80	0.0125000
NODE_2826_length_1367_cov_576.769716	852	932	802	1	80	0.0125000
NODE_2826_length_1367_cov_576.769716	852	932	803	1	80	0.0125000
NODE_2826_length_1367_cov_576.769716	852	932	804	4	80	0.0500000
NODE_2826_length_1367_cov_576.769716	852	932	809	1	80	0.0125000
NODE_2826_length_1367_cov_576.769716	852	932	813	1	80	0.0125000
NODE_2826_length_1367_cov_576.769716	852	932	815	2	80	0.0250000
NODE_2826_length_1367_cov_576.769716	852	932	816	2	80	0.0250000
NODE_2826_length_1367_cov_576.769716	852	932	818	2	80	0.0250000
NODE_2826_length_1367_cov_576.769716	852	932	821	3	80	0.0375000
NODE_2826_length_1367_cov_576.769716	852	932	822	4	80	0.0500000
NODE_2826_length_1367_cov_576.769716	852	932	823	4	80	0.0500000
NODE_2826_length_1367_cov_576.769716	852	932	824	2	80	0.0250000
NODE_2826_length_1367_cov_576.769716	852	932	825	1	80	0.0125000
NODE_2826_length_1367_cov_576.769716	852	932	826	1	80	0.0125000
NODE_2826_length_1367_cov_576.769716	852	932	827	1	80	0.0125000
NODE_2826_length_1367_cov_576.769716	852	932	828	2	80	0.0250000
NODE_2826_length_1367_cov_576.769716	852	932	832	1	80	0.0125000
NODE_2826_length_1367_cov_576.769716	852	932	833	1	80	0.0125000
NODE_2826_length_1367_cov_576.769716	852	932	834	1	80	0.0125000
NODE_2826_length_1367_cov_576.769716	852	932	838	2	80	0.0250000
NODE_2826_length_1367_cov_576.769716	900	980	575	1	80	0.0125000
NODE_2826_length_1367_cov_576.769716	900	980	605	1	80	0.0125000
NODE_2826_length_1367_cov_576.769716	900	980	622	1	80	0.0125000
NODE_2826_length_1367_cov_576.769716	900	980	642	1	80	0.0125000
NODE_2826_length_1367_cov_576.769716	900	980	652	1	80	0.0125000
NODE_2826_length_1367_cov_576.769716	900	980	657	1	80	0.0125000
NODE_2826_length_1367_cov_576.769716	900	980	660	1	80	0.0125000
NODE_2826_length_1367_cov_576.769716	900	980	689	1	80	0.0125000
NODE_2826_length_1367_cov_576.769716	900	980	699	1	80	0.0125000
NODE_2826_length_1367_cov_576.769716	900	980	705	1	80	0.0125000
NODE_2826_length_1367_cov_576.769716	900	980	707	1	80	0.0125000
NODE_2826_length_1367_cov_576.769716	900	980	715	1	80	0.0125000
NODE_2826_length_1367_cov_576.769716	900	980	717	1	80	0.0125000
NODE_2826_length_1367_cov_576.769716	900	980	719	1	80	0.0125000
NODE_2826_length_1367_cov_576.769716	900	980	724	2	80	0.0250000
NODE_2826_length_1367_cov_576.769716	900	980	727	3	80	0.0375000
NODE_2826_length_1367_cov_576.769716	900	980	731	2	80	0.0250000
NODE_2826_length_1367_cov_576.769716	900	980	745	1	80	0.0125000
NODE_2826_length_1367_cov_576.769716	900	980	749	2	80	0.0250000
NODE_2826_length_1367_cov_576.769716	900	980	750	2	80	0.0250000
NODE_2826_length_1367_cov_576.769716	900	980	751	3	80	0.0375000
NODE_2826_length_1367_cov_576.769716	900	980	752	1	80	0.0125000
NODE_2826_length_1367_cov_576.769716	900	980	753	1	80	0.0125000
NODE_2826_length_1367_cov_576.769716	900	980	754	3	80	0.0375000
NODE_2826_length_1367_cov_576.769716	900	980	755	2	80	0.0250000
NODE_2826_length_1367_cov_576.769716	900	980	760	1	80	0.0125000
NODE_2826_length_1367_cov_576.769716	900	980	762	2	80	0.0250000
NODE_2826_length_1367_cov_576.769716	900	980	768	1	80	0.0125000
NODE_2826_length_1367_cov_576.769716	900	980	771	1	80	0.0125000
NODE_2826_length_1367_cov_576.769716	900	980	776	1	80	0.0125000
NODE_2826_length_1367_cov_576.769716	900	980	779	2	80	0.0250000
NODE_2826_length_1367_cov_576.769716	900	980	781	1	80	0.0125000
NODE_2826_length_1367_cov_576.769716	900	980	783	1	80	0.0125000
NODE_2826_length_1367_cov_576.769716	900	980	790	1	80	0.0125000
NODE_2826_length_1367_cov_576.769716	900	980	791	1	80	0.0125000
NODE_2826_length_1367_cov_576.769716	900	980	796	1	80	0.0125000
NODE_2826_length_1367_cov_576.769716	900	980	799	1	80	0.0125000
NODE_2826_length_1367_cov_576.769716	900	980	801	1	80	0.0125000
NODE_2826_length_1367_cov_576.769716	900	980	802	1	80	0.0125000
NODE_2826_length_1367_cov_576.769716	900	980	803	1	80	0.0125000
NODE_2826_length_1367_cov_576.769716	900	980	804	3	80	0.0375000
NODE_2826_length_1367_cov_576.769716	900	980	809	1	80	0.0125000
NODE_2826_length_1367_cov_576.769716	900	980	813	1	80	0.0125000
NODE_2826_length_1367_cov_576.769716	900	980	815	2	80	0.0250000
NODE_2826_length_1367_cov_576.769716	900	980	821	3	80	0.0375000
NODE_2826_length_1367_cov_576.769716	900	980	822	2	80	0.0250000
NODE_2826_length_1367_cov_576.769716	900	980	823	3	80	0.0375000
NODE_2826_length_1367_cov_576.769716	900	980	824	2	80	0.0250000
NODE_2826_length_1367_cov_576.769716	900	980	825	1	80	0.0125000
NODE_2826_length_1367_cov_576.769716	900	980	826	1	80	0.0125000
NODE_2826_length_1367_cov_576.769716	900	980	827	1	80	0.0125000
NODE_2826_length_1367_cov_576.769716	900	980	828	2	80	0.0250000
NODE_2826_length_1367_cov_576.769716	900	980	832	1	80	0.0125000
NODE_2826_length_1367_cov_576.769716	900	980	833	1	80	0.0125000
NODE_2826_length_1367_cov_576.769716	900	980	834	1	80	0.0125000
NODE_2826_length_1367_cov_576.769716	900	980	838	2	80	0.0250000
NODE_2826_length_1367_cov_576.769716	905	927	802	1	22	0.0454545
NODE_2826_length_1367_cov_576.769716	905	927	804	2	22	0.0909091
NODE_2826_length_1367_cov_576.769716	905	927	809	1	22	0.0454545
NODE_2826_length_1367_cov_576.769716	905	927	813	1	22	0.0454545
NODE_2826_length_1367_cov_576.769716	905	927	815	2	22	0.0909091
NODE_2826_length_1367_cov_576.769716	905	927	821	1	22	0.0454545
NODE_2826_length_1367_cov_576.769716	905	927	822	2	22	0.0909091
NODE_2826_length_1367_cov_576.769716	905	927	823	1	22	0.0454545
NODE_2826_length_1367_cov_576.769716	905	927	824	1	22	0.0454545
NODE_2826_length_1367_cov_576.769716	905	927	825	1	22	0.0454545
NODE_2826_length_1367_cov_576.769716	905	927	826	1	22	0.0454545
NODE_2826_length_1367_cov_576.769716	905	927	827	1	22	0.0454545
NODE_2826_length_1367_cov_576.769716	905	927	828	2	22	0.0909091
NODE_2826_length_1367_cov_576.769716	905	927	832	1	22	0.0454545
NODE_2826_length_1367_cov_576.769716	905	927	833	1	22	0.0454545
NODE_2826_length_1367_cov_576.769716	905	927	834	1	22	0.0454545
NODE_2826_length_1367_cov_576.769716	905	927	838	2	22	0.0909091
NODE_2826_length_1367_cov_576.769716	1051	1131	43	2	80	0.0250000
NODE_2826_length_1367_cov_576.769716	1051	1131	47	1	80	0.0125000
NODE_2826_length_1367_cov_576.769716	1051	1131	49	2	80	0.0250000
NODE_2826_length_1367_cov_576.769716	1051	1131	51	6	80	0.0750000
NODE_2826_length_1367_cov_576.769716	1051	1131	52	4	80	0.0500000
NODE_2826_length_1367_cov_576.769716	1051	1131	53	10	80	0.1250000
NODE_2826_length_1367_cov_576.769716	1051	1131	55	2	80	0.0250000
NODE_2826_length_1367_cov_576.769716	1051	1131	61	1	80	0.0125000
NODE_2826_length_1367_cov_576.769716	1051	1131	64	1	80	0.0125000
NODE_2826_length_1367_cov_576.769716	1051	1131	66	1	80	0.0125000
NODE_2826_length_1367_cov_576.769716	1051	1131	68	5	80	0.0625000
NODE_2826_length_1367_cov_576.769716	1051	1131	69	2	80	0.0250000
NODE_2826_length_1367_cov_576.769716	1051	1131	73	1	80	0.0125000
NODE_2826_length_1367_cov_576.769716	1051	1131	77	2	80	0.0250000
NODE_2826_length_1367_cov_576.769716	1051	1131	81	2	80	0.0250000
NODE_2826_length_1367_cov_576.769716	1051	1131	84	1	80	0.0125000
NODE_2826_length_1367_cov_576.769716	1051	1131	85	1	80	0.0125000
NODE_2826_length_1367_cov_576.769716	1051	1131	97	1	80	0.0125000
NODE_2826_length_1367_cov_576.769716	1051	1131	100	4	80	0.0500000
NODE_2826_length_1367_cov_576.769716	1051	1131	103	2	80	0.0250000
NODE_2826_length_1367_cov_576.769716	1051	1131	104	1	80	0.0125000
NODE_2826_length_1367_cov_576.769716	1051	1131	105	1	80	0.0125000
NODE_2826_length_1367_cov_576.769716	1051	1131	108	1	80	0.0125000
NODE_2826_length_1367_cov_576.769716	1051	1131	112	2	80	0.0250000
NODE_2826_length_1367_cov_576.769716	1051	1131	116	3	80	0.0375000
NODE_2826_length_1367_cov_576.769716	1051	1131	118	2	80	0.0250000
NODE_2826_length_1367_cov_576.769716	1051	1131	122	1	80	0.0125000
NODE_2826_length_1367_cov_576.769716	1051	1131	129	2	80	0.0250000
NODE_2826_length_1367_cov_576.769716	1051	1131	130	1	80	0.0125000
NODE_2826_length_1367_cov_576.769716	1051	1131	131	3	80	0.0375000
NODE_2826_length_1367_cov_576.769716	1051	1131	132	1	80	0.0125000
NODE_2826_length_1367_cov_576.769716	1051	1131	135	1	80	0.0125000
NODE_2826_length_1367_cov_576.769716	1051	1131	137	1	80	0.0125000
NODE_2826_length_1367_cov_576.769716	1051	1131	139	1	80	0.0125000
NODE_2826_length_1367_cov_576.769716	1051	1131	140	1	80	0.0125000
NODE_2826_length_1367_cov_576.769716	1051	1131	145	1	80	0.0125000
NODE_2826_length_1367_cov_576.769716	1051	1131	146	4	80	0.0500000
NODE_2826_length_1367_cov_576.769716	1051	1131	148	1	80	0.0125000
NODE_2826_length_1367_cov_576.769716	1051	1131	150	1	80	0.0125000
NODE_2826_length_1367_cov_576.769716	1104	1184	108	1	80	0.0125000
NODE_2826_length_1367_cov_576.769716	1104	1184	112	2	80	0.0250000
NODE_2826_length_1367_cov_576.769716	1104	1184	116	3	80	0.0375000
NODE_2826_length_1367_cov_576.769716	1104	1184	118	2	80	0.0250000
NODE_2826_length_1367_cov_576.769716	1104	1184	122	1	80	0.0125000
NODE_2826_length_1367_cov_576.769716	1104	1184	129	2	80	0.0250000
NODE_2826_length_1367_cov_576.769716	1104	1184	130	1	80	0.0125000
NODE_2826_length_1367_cov_576.769716	1104	1184	131	3	80	0.0375000
NODE_2826_length_1367_cov_576.769716	1104	1184	132	1	80	0.0125000
NODE_2826_length_1367_cov_576.769716	1104	1184	135	1	80	0.0125000
NODE_2826_length_1367_cov_576.769716	1104	1184	137	1	80	0.0125000
NODE_2826_length_1367_cov_576.769716	1104	1184	139	1	80	0.0125000
NODE_2826_length_1367_cov_576.769716	1104	1184	140	1	80	0.0125000
NODE_2826_length_1367_cov_576.769716	1104	1184	145	1	80	0.0125000
NODE_2826_length_1367_cov_576.769716	1104	1184	146	4	80	0.0500000
NODE_2826_length_1367_cov_576.769716	1104	1184	147	2	80	0.0250000
NODE_2826_length_1367_cov_576.769716	1104	1184	148	2	80	0.0250000
NODE_2826_length_1367_cov_576.769716	1104	1184	149	3	80	0.0375000
NODE_2826_length_1367_cov_576.769716	1104	1184	150	2	80	0.0250000
NODE_2826_length_1367_cov_576.769716	1104	1184	151	1	80	0.0125000
NODE_2826_length_1367_cov_576.769716	1104	1184	152	2	80	0.0250000
NODE_2826_length_1367_cov_576.769716	1104	1184	154	4	80	0.0500000
NODE_2826_length_1367_cov_576.769716	1104	1184	155	11	80	0.1375000
NODE_2826_length_1367_cov_576.769716	1104	1184	156	9	80	0.1125000
NODE_2826_length_1367_cov_576.769716	1104	1184	157	3	80	0.0375000
NODE_2826_length_1367_cov_576.769716	1104	1184	158	12	80	0.1500000
NODE_2826_length_1367_cov_576.769716	1104	1184	159	3	80	0.0375000
NODE_2826_length_1367_cov_576.769716	1104	1184	161	1	80	0.0125000
NODE_2827_length_1367_cov_152.824921	513	593	12	13	80	0.1625000
NODE_2827_length_1367_cov_152.824921	513	593	16	6	80	0.0750000
NODE_2827_length_1367_cov_152.824921	513	593	18	5	80	0.0625000
NODE_2827_length_1367_cov_152.824921	513	593	23	13	80	0.1625000
NODE_2827_length_1367_cov_152.824921	513	593	24	43	80	0.5375000
NODE_2827_length_1367_cov_152.824921	566	646	12	49	80	0.6125000
NODE_2827_length_1367_cov_152.824921	566	646	16	6	80	0.0750000
NODE_2827_length_1367_cov_152.824921	566	646	18	5	80	0.0625000
NODE_2827_length_1367_cov_152.824921	566	646	24	3	80	0.0375000
NODE_2827_length_1367_cov_152.824921	566	646	140	3	80	0.0375000
NODE_2827_length_1367_cov_152.824921	566	646	141	2	80	0.0250000
NODE_2827_length_1367_cov_152.824921	566	646	152	12	80	0.1500000
NODE_2827_length_1367_cov_152.824921	642	722	140	2	80	0.0250000
NODE_2827_length_1367_cov_152.824921	642	722	141	3	80	0.0375000
NODE_2827_length_1367_cov_152.824921	642	722	142	1	80	0.0125000
NODE_2827_length_1367_cov_152.824921	642	722	143	17	80	0.2125000
NODE_2827_length_1367_cov_152.824921	642	722	144	2	80	0.0250000
NODE_2827_length_1367_cov_152.824921	642	722	146	2	80	0.0250000
NODE_2827_length_1367_cov_152.824921	642	722	148	2	80	0.0250000
NODE_2827_length_1367_cov_152.824921	642	722	151	3	80	0.0375000
NODE_2827_length_1367_cov_152.824921	642	722	157	1	80	0.0125000
NODE_2827_length_1367_cov_152.824921	642	722	158	2	80	0.0250000
NODE_2827_length_1367_cov_152.824921	642	722	162	2	80	0.0250000
NODE_2827_length_1367_cov_152.824921	642	722	168	2	80	0.0250000
NODE_2827_length_1367_cov_152.824921	642	722	171	1	80	0.0125000
NODE_2827_length_1367_cov_152.824921	642	722	173	1	80	0.0125000
NODE_2827_length_1367_cov_152.824921	642	722	177	1	80	0.0125000
NODE_2827_length_1367_cov_152.824921	642	722	178	2	80	0.0250000
NODE_2827_length_1367_cov_152.824921	642	722	179	2	80	0.0250000
NODE_2827_length_1367_cov_152.824921	642	722	181	8	80	0.1000000
NODE_2827_length_1367_cov_152.824921	642	722	189	1	80	0.0125000
NODE_2827_length_1367_cov_152.824921	642	722	192	2	80	0.0250000
NODE_2827_length_1367_cov_152.824921	642	722	199	1	80	0.0125000
NODE_2827_length_1367_cov_152.824921	642	722	217	6	80	0.0750000
NODE_2827_length_1367_cov_152.824921	642	722	218	16	80	0.2000000
NODE_2827_length_1367_cov_152.824921	695	775	0	23	80	0.2875000
NODE_2827_length_1367_cov_152.824921	695	775	181	1	80	0.0125000
NODE_2827_length_1367_cov_152.824921	695	775	189	1	80	0.0125000
NODE_2827_length_1367_cov_152.824921	695	775	192	2	80	0.0250000
NODE_2827_length_1367_cov_152.824921	695	775	199	1	80	0.0125000
NODE_2827_length_1367_cov_152.824921	695	775	216	26	80	0.3250000
NODE_2827_length_1367_cov_152.824921	695	775	217	10	80	0.1250000
NODE_2827_length_1367_cov_152.824921	695	775	218	16	80	0.2000000
NODE_2829_length_1367_cov_2.947161	250	326	4	20	76	0.2631579
NODE_2829_length_1367_cov_2.947161	250	326	8	1	76	0.0131579
NODE_2829_length_1367_cov_2.947161	250	326	9	2	76	0.0263158
NODE_2829_length_1367_cov_2.947161	250	326	10	9	76	0.1184211
NODE_2829_length_1367_cov_2.947161	250	326	14	44	76	0.5789474
NODE_2831_length_1366_cov_82.742699	198	278	2	11	80	0.1375000
NODE_2831_length_1366_cov_82.742699	198	278	4	33	80	0.4125000
NODE_2831_length_1366_cov_82.742699	198	278	6	36	80	0.4500000
NODE_2831_length_1366_cov_82.742699	251	331	2	11	80	0.1375000
NODE_2831_length_1366_cov_82.742699	251	331	4	9	80	0.1125000
NODE_2831_length_1366_cov_82.742699	251	331	6	48	80	0.6000000
NODE_2831_length_1366_cov_82.742699	251	331	8	12	80	0.1500000
NODE_2832_length_1366_cov_36.659037	577	657	4	16	80	0.2000000
NODE_2832_length_1366_cov_36.659037	577	657	8	27	80	0.3375000
NODE_2832_length_1366_cov_36.659037	577	657	17	1	80	0.0125000
NODE_2832_length_1366_cov_36.659037	577	657	18	1	80	0.0125000
NODE_2832_length_1366_cov_36.659037	577	657	19	1	80	0.0125000
NODE_2832_length_1366_cov_36.659037	577	657	20	4	80	0.0500000
NODE_2832_length_1366_cov_36.659037	577	657	29	2	80	0.0250000
NODE_2832_length_1366_cov_36.659037	577	657	30	28	80	0.3500000
NODE_2832_length_1366_cov_36.659037	630	710	22	11	80	0.1375000
NODE_2832_length_1366_cov_36.659037	630	710	24	7	80	0.0875000
NODE_2832_length_1366_cov_36.659037	630	710	25	3	80	0.0375000
NODE_2832_length_1366_cov_36.659037	630	710	28	2	80	0.0250000
NODE_2832_length_1366_cov_36.659037	630	710	29	7	80	0.0875000
NODE_2832_length_1366_cov_36.659037	630	710	30	50	80	0.6250000
NODE_2834_length_1366_cov_2.320442	47	116	6	2	69	0.0289855
NODE_2834_length_1366_cov_2.320442	47	116	14	2	69	0.0289855
NODE_2834_length_1366_cov_2.320442	47	116	16	18	69	0.2608696
NODE_2834_length_1366_cov_2.320442	47	116	18	47	69	0.6811594
NODE_2834_length_1366_cov_2.320442	1122	1202	3	15	80	0.1875000
NODE_2834_length_1366_cov_2.320442	1122	1202	4	50	80	0.6250000
NODE_2834_length_1366_cov_2.320442	1122	1202	6	5	80	0.0625000
NODE_2834_length_1366_cov_2.320442	1122	1202	7	10	80	0.1250000
NODE_2834_length_1366_cov_2.320442	1175	1255	3	23	80	0.2875000
NODE_2834_length_1366_cov_2.320442	1175	1255	5	4	80	0.0500000
NODE_2834_length_1366_cov_2.320442	1175	1255	6	2	80	0.0250000
NODE_2834_length_1366_cov_2.320442	1175	1255	7	29	80	0.3625000
NODE_2834_length_1366_cov_2.320442	1175	1255	9	4	80	0.0500000
NODE_2834_length_1366_cov_2.320442	1175	1255	11	18	80	0.2250000
NODE_2834_length_1366_cov_2.320442	1251	1331	7	4	80	0.0500000
NODE_2834_length_1366_cov_2.320442	1251	1331	8	5	80	0.0625000
NODE_2834_length_1366_cov_2.320442	1251	1331	10	1	80	0.0125000
NODE_2834_length_1366_cov_2.320442	1251	1331	11	39	80	0.4875000
NODE_2834_length_1366_cov_2.320442	1251	1331	12	31	80	0.3875000
NODE_2835_length_1365_cov_25.540284	432	509	0	10	77	0.1298701
NODE_2835_length_1365_cov_25.540284	432	509	2	6	77	0.0779221
NODE_2835_length_1365_cov_25.540284	432	509	3	4	77	0.0519481
NODE_2835_length_1365_cov_25.540284	432	509	4	57	77	0.7402598
NODE_2835_length_1365_cov_25.540284	482	562	2	11	80	0.1375000
NODE_2835_length_1365_cov_25.540284	482	562	4	69	80	0.8625000
NODE_2835_length_1365_cov_25.540284	558	635	0	33	77	0.4285714
NODE_2835_length_1365_cov_25.540284	558	635	1	4	77	0.0519481
NODE_2835_length_1365_cov_25.540284	558	635	2	40	77	0.5194805
NODE_2835_length_1365_cov_25.540284	625	688	0	63	63	1.0000000
NODE_2838_length_1364_cov_15.222134	120	191	25	11	71	0.1549296
NODE_2838_length_1364_cov_15.222134	120	191	28	1	71	0.0140845
NODE_2838_length_1364_cov_15.222134	120	191	33	5	71	0.0704225
NODE_2838_length_1364_cov_15.222134	120	191	34	6	71	0.0845070
NODE_2838_length_1364_cov_15.222134	120	191	36	3	71	0.0422535
NODE_2838_length_1364_cov_15.222134	120	191	37	1	71	0.0140845
NODE_2838_length_1364_cov_15.222134	120	191	39	4	71	0.0563380
NODE_2838_length_1364_cov_15.222134	120	191	41	3	71	0.0422535
NODE_2838_length_1364_cov_15.222134	120	191	43	1	71	0.0140845
NODE_2838_length_1364_cov_15.222134	120	191	45	1	71	0.0140845
NODE_2838_length_1364_cov_15.222134	120	191	47	2	71	0.0281690
NODE_2838_length_1364_cov_15.222134	120	191	48	2	71	0.0281690
NODE_2838_length_1364_cov_15.222134	120	191	49	1	71	0.0140845
NODE_2838_length_1364_cov_15.222134	120	191	50	3	71	0.0422535
NODE_2838_length_1364_cov_15.222134	120	191	51	1	71	0.0140845
NODE_2838_length_1364_cov_15.222134	120	191	55	5	71	0.0704225
NODE_2838_length_1364_cov_15.222134	120	191	56	2	71	0.0281690
NODE_2838_length_1364_cov_15.222134	120	191	57	1	71	0.0140845
NODE_2838_length_1364_cov_15.222134	120	191	58	1	71	0.0140845
NODE_2838_length_1364_cov_15.222134	120	191	69	2	71	0.0281690
NODE_2838_length_1364_cov_15.222134	120	191	71	3	71	0.0422535
NODE_2838_length_1364_cov_15.222134	120	191	75	1	71	0.0140845
NODE_2838_length_1364_cov_15.222134	120	191	81	5	71	0.0704225
NODE_2838_length_1364_cov_15.222134	120	191	82	4	71	0.0563380
NODE_2838_length_1364_cov_15.222134	120	191	83	2	71	0.0281690
NODE_2839_length_1364_cov_7.456917	843	923	2	45	80	0.5625000
NODE_2839_length_1364_cov_7.456917	843	923	4	35	80	0.4375000
NODE_2839_length_1364_cov_7.456917	896	976	0	2	80	0.0250000
NODE_2839_length_1364_cov_7.456917	896	976	2	29	80	0.3625000
NODE_2839_length_1364_cov_7.456917	896	976	4	49	80	0.6125000
NODE_2840_length_1364_cov_5.055336	239	290	0	51	51	1.0000000
NODE_2840_length_1364_cov_5.055336	263	343	0	80	80	1.0000000
NODE_2846_length_1363_cov_19.442247	615	695	2	4	80	0.0500000
NODE_2846_length_1363_cov_19.442247	615	695	4	5	80	0.0625000
NODE_2846_length_1363_cov_19.442247	615	695	8	8	80	0.1000000
NODE_2846_length_1363_cov_19.442247	615	695	10	8	80	0.1000000
NODE_2846_length_1363_cov_19.442247	615	695	12	2	80	0.0250000
NODE_2846_length_1363_cov_19.442247	615	695	16	1	80	0.0125000
NODE_2846_length_1363_cov_19.442247	615	695	20	52	80	0.6500000
NODE_2846_length_1363_cov_19.442247	668	748	14	2	80	0.0250000
NODE_2846_length_1363_cov_19.442247	668	748	16	27	80	0.3375000
NODE_2846_length_1363_cov_19.442247	668	748	18	13	80	0.1625000
NODE_2846_length_1363_cov_19.442247	668	748	20	38	80	0.4750000
NODE_2847_length_1363_cov_13.575949	619	699	0	80	80	1.0000000
NODE_2847_length_1363_cov_13.575949	672	752	0	80	80	1.0000000
NODE_2850_length_1362_cov_15.796516	898	978	4	9	80	0.1125000
NODE_2850_length_1362_cov_15.796516	898	978	6	71	80	0.8875000
NODE_2850_length_1362_cov_15.796516	951	1031	0	13	80	0.1625000
NODE_2850_length_1362_cov_15.796516	951	1031	2	11	80	0.1375000
NODE_2850_length_1362_cov_15.796516	951	1031	6	56	80	0.7000000
NODE_2855_length_1361_cov_24.574485	528	608	4	27	80	0.3375000
NODE_2855_length_1361_cov_24.574485	528	608	6	17	80	0.2125000
NODE_2855_length_1361_cov_24.574485	528	608	8	29	80	0.3625000
NODE_2855_length_1361_cov_24.574485	528	608	9	1	80	0.0125000
NODE_2855_length_1361_cov_24.574485	528	608	10	6	80	0.0750000
NODE_2855_length_1361_cov_24.574485	581	661	6	70	80	0.8750000
NODE_2855_length_1361_cov_24.574485	581	661	8	10	80	0.1250000
NODE_2856_length_1361_cov_20.148970	866	946	0	6	80	0.0750000
NODE_2856_length_1361_cov_20.148970	866	946	4	8	80	0.1000000
NODE_2856_length_1361_cov_20.148970	866	946	7	2	80	0.0250000
NODE_2856_length_1361_cov_20.148970	866	946	8	64	80	0.8000000
NODE_2856_length_1361_cov_20.148970	919	999	0	59	80	0.7375000
NODE_2856_length_1361_cov_20.148970	919	999	4	8	80	0.1000000
NODE_2856_length_1361_cov_20.148970	919	999	7	2	80	0.0250000
NODE_2856_length_1361_cov_20.148970	919	999	8	11	80	0.1375000
NODE_2858_length_1361_cov_10.530903	1139	1219	0	80	80	1.0000000
NODE_2858_length_1361_cov_10.530903	1139	1219	0	80	80	1.0000000
NODE_2858_length_1361_cov_10.530903	1192	1277	0	85	85	1.0000000
NODE_2858_length_1361_cov_10.530903	1273	1353	0	80	80	1.0000000
NODE_2858_length_1361_cov_10.530903	1273	1353	0	80	80	1.0000000
NODE_2858_length_1361_cov_10.530903	1273	1353	0	80	80	1.0000000
NODE_2858_length_1361_cov_10.530903	1273	1353	0	80	80	1.0000000
NODE_2858_length_1361_cov_10.530903	1273	1353	0	80	80	1.0000000
NODE_2858_length_1361_cov_10.530903	1273	1353	0	80	80	1.0000000
NODE_2859_length_1360_cov_42.789056	351	431	0	52	80	0.6500000
NODE_2859_length_1360_cov_42.789056	351	431	2	28	80	0.3500000
NODE_2859_length_1360_cov_42.789056	404	484	2	35	80	0.4375000
NODE_2859_length_1360_cov_42.789056	404	484	4	45	80	0.5625000
NODE_2860_length_1360_cov_26.407613	531	611	0	9	80	0.1125000
NODE_2860_length_1360_cov_26.407613	531	611	6	8	80	0.1000000
NODE_2860_length_1360_cov_26.407613	531	611	11	26	80	0.3250000
NODE_2860_length_1360_cov_26.407613	531	611	13	9	80	0.1125000
NODE_2860_length_1360_cov_26.407613	531	611	15	5	80	0.0625000
NODE_2860_length_1360_cov_26.407613	531	611	17	22	80	0.2750000
NODE_2860_length_1360_cov_26.407613	531	611	18	1	80	0.0125000
NODE_2860_length_1360_cov_26.407613	584	669	6	16	85	0.1882353
NODE_2860_length_1360_cov_26.407613	584	669	12	5	85	0.0588235
NODE_2860_length_1360_cov_26.407613	584	669	15	4	85	0.0470588
NODE_2860_length_1360_cov_26.407613	584	669	17	22	85	0.2588235
NODE_2860_length_1360_cov_26.407613	584	669	18	38	85	0.4470588
NODE_2861_length_1360_cov_16.182395	796	876	2	11	80	0.1375000
NODE_2861_length_1360_cov_16.182395	796	876	3	69	80	0.8625000
NODE_2861_length_1360_cov_16.182395	849	929	1	17	80	0.2125000
NODE_2861_length_1360_cov_16.182395	849	929	2	19	80	0.2375000
NODE_2861_length_1360_cov_16.182395	849	929	3	39	80	0.4875000
NODE_2861_length_1360_cov_16.182395	849	929	4	5	80	0.0625000
NODE_2861_length_1360_cov_16.182395	925	1005	3	48	80	0.6000000
NODE_2861_length_1360_cov_16.182395	925	1005	4	32	80	0.4000000
NODE_2861_length_1360_cov_16.182395	978	1058	0	3	80	0.0375000
NODE_2861_length_1360_cov_16.182395	978	1058	1	12	80	0.1500000
NODE_2861_length_1360_cov_16.182395	978	1058	3	65	80	0.8125000
NODE_2862_length_1360_cov_12.763680	582	662	4	19	80	0.2375000
NODE_2862_length_1360_cov_12.763680	582	662	6	23	80	0.2875000
NODE_2862_length_1360_cov_12.763680	582	662	9	1	80	0.0125000
NODE_2862_length_1360_cov_12.763680	582	662	10	37	80	0.4625000
NODE_2862_length_1360_cov_12.763680	635	715	6	76	80	0.9500000
NODE_2862_length_1360_cov_12.763680	635	715	10	4	80	0.0500000
NODE_2866_length_1359_cov_41.324603	674	754	9	6	80	0.0750000
NODE_2866_length_1359_cov_41.324603	674	754	10	5	80	0.0625000
NODE_2866_length_1359_cov_41.324603	674	754	11	34	80	0.4250000
NODE_2866_length_1359_cov_41.324603	674	754	12	35	80	0.4375000
NODE_2866_length_1359_cov_41.324603	727	807	2	3	80	0.0375000
NODE_2866_length_1359_cov_41.324603	727	807	4	30	80	0.3750000
NODE_2866_length_1359_cov_41.324603	727	807	6	17	80	0.2125000
NODE_2866_length_1359_cov_41.324603	727	807	8	1	80	0.0125000
NODE_2866_length_1359_cov_41.324603	727	807	12	29	80	0.3625000
NODE_2866_length_1359_cov_41.324603	803	883	4	8	80	0.1000000
NODE_2866_length_1359_cov_41.324603	803	883	7	4	80	0.0500000
NODE_2866_length_1359_cov_41.324603	803	883	8	18	80	0.2250000
NODE_2866_length_1359_cov_41.324603	803	883	11	2	80	0.0250000
NODE_2866_length_1359_cov_41.324603	803	883	14	3	80	0.0375000
NODE_2866_length_1359_cov_41.324603	803	883	15	15	80	0.1875000
NODE_2866_length_1359_cov_41.324603	803	883	16	12	80	0.1500000
NODE_2866_length_1359_cov_41.324603	803	883	17	18	80	0.2250000
NODE_2866_length_1359_cov_41.324603	856	936	10	43	80	0.5375000
NODE_2866_length_1359_cov_41.324603	856	936	14	13	80	0.1625000
NODE_2866_length_1359_cov_41.324603	856	936	16	12	80	0.1500000
NODE_2866_length_1359_cov_41.324603	856	936	17	12	80	0.1500000
NODE_2871_length_1358_cov_23.427323	292	372	0	80	80	1.0000000
NODE_2871_length_1358_cov_23.427323	345	425	0	27	80	0.3375000
NODE_2871_length_1358_cov_23.427323	345	425	4	53	80	0.6625000
NODE_2872_length_1358_cov_19.489277	411	491	0	60	80	0.7500000
NODE_2872_length_1358_cov_19.489277	411	491	2	19	80	0.2375000
NODE_2872_length_1358_cov_19.489277	411	491	4	1	80	0.0125000
NODE_2872_length_1358_cov_19.489277	464	544	0	7	80	0.0875000
NODE_2872_length_1358_cov_19.489277	464	544	2	19	80	0.2375000
NODE_2872_length_1358_cov_19.489277	464	544	4	54	80	0.6750000
NODE_2875_length_1357_cov_15.962639	732	812	3	1	80	0.0125000
NODE_2875_length_1357_cov_15.962639	732	812	4	79	80	0.9875000
NODE_2875_length_1357_cov_15.962639	785	865	3	1	80	0.0125000
NODE_2875_length_1357_cov_15.962639	785	865	4	79	80	0.9875000
NODE_2879_length_1354_cov_9.854980	735	815	2	51	80	0.6375000
NODE_2879_length_1354_cov_9.854980	735	815	4	29	80	0.3625000
NODE_2879_length_1354_cov_9.854980	788	868	0	30	80	0.3750000
NODE_2879_length_1354_cov_9.854980	788	868	2	32	80	0.4000000
NODE_2879_length_1354_cov_9.854980	788	868	4	18	80	0.2250000
NODE_2882_length_1353_cov_32.982456	708	788	11	18	80	0.2250000
NODE_2882_length_1353_cov_32.982456	708	788	12	6	80	0.0750000
NODE_2882_length_1353_cov_32.982456	708	788	15	1	80	0.0125000
NODE_2882_length_1353_cov_32.982456	708	788	19	12	80	0.1500000
NODE_2882_length_1353_cov_32.982456	708	788	20	19	80	0.2375000
NODE_2882_length_1353_cov_32.982456	708	788	21	24	80	0.3000000
NODE_2882_length_1353_cov_32.982456	761	841	7	42	80	0.5250000
NODE_2882_length_1353_cov_32.982456	761	841	16	6	80	0.0750000
NODE_2882_length_1353_cov_32.982456	761	841	20	24	80	0.3000000
NODE_2882_length_1353_cov_32.982456	761	841	21	8	80	0.1000000
NODE_2883_length_1353_cov_21.775120	493	573	0	58	80	0.7250000
NODE_2883_length_1353_cov_21.775120	493	573	4	15	80	0.1875000
NODE_2883_length_1353_cov_21.775120	493	573	6	6	80	0.0750000
NODE_2883_length_1353_cov_21.775120	493	573	8	1	80	0.0125000
NODE_2883_length_1353_cov_21.775120	546	626	0	5	80	0.0625000
NODE_2883_length_1353_cov_21.775120	546	626	4	15	80	0.1875000
NODE_2883_length_1353_cov_21.775120	546	626	6	6	80	0.0750000
NODE_2883_length_1353_cov_21.775120	546	626	8	54	80	0.6750000
NODE_2884_length_1353_cov_18.201754	696	776	2	33	80	0.4125000
NODE_2884_length_1353_cov_18.201754	696	776	4	26	80	0.3250000
NODE_2884_length_1353_cov_18.201754	696	776	6	21	80	0.2625000
NODE_2884_length_1353_cov_18.201754	749	829	2	6	80	0.0750000
NODE_2884_length_1353_cov_18.201754	749	829	4	17	80	0.2125000
NODE_2884_length_1353_cov_18.201754	749	829	6	57	80	0.7125000
NODE_2888_length_1352_cov_26.942538	455	535	8	5	80	0.0625000
NODE_2888_length_1352_cov_26.942538	455	535	10	16	80	0.2000000
NODE_2888_length_1352_cov_26.942538	455	535	12	21	80	0.2625000
NODE_2888_length_1352_cov_26.942538	455	535	16	6	80	0.0750000
NODE_2888_length_1352_cov_26.942538	455	535	18	27	80	0.3375000
NODE_2888_length_1352_cov_26.942538	455	535	20	5	80	0.0625000
NODE_2888_length_1352_cov_26.942538	508	588	8	16	80	0.2000000
NODE_2888_length_1352_cov_26.942538	508	588	10	6	80	0.0750000
NODE_2888_length_1352_cov_26.942538	508	588	12	13	80	0.1625000
NODE_2888_length_1352_cov_26.942538	508	588	18	45	80	0.5625000
NODE_2889_length_1352_cov_17.189944	717	797	0	41	80	0.5125000
NODE_2889_length_1352_cov_17.189944	717	797	4	39	80	0.4875000
NODE_2889_length_1352_cov_17.189944	770	850	0	2	80	0.0250000
NODE_2889_length_1352_cov_17.189944	770	850	4	78	80	0.9750000
NODE_2890_length_1352_cov_15.752594	640	720	0	80	80	1.0000000
NODE_2890_length_1352_cov_15.752594	693	773	0	80	80	1.0000000
NODE_2891_length_1352_cov_10.699920	237	317	0	18	80	0.2250000
NODE_2891_length_1352_cov_10.699920	237	317	2	10	80	0.1250000
NODE_2891_length_1352_cov_10.699920	237	317	4	52	80	0.6500000
NODE_2891_length_1352_cov_10.699920	290	370	0	71	80	0.8875000
NODE_2891_length_1352_cov_10.699920	290	370	2	9	80	0.1125000
NODE_2894_length_1351_cov_32.325879	561	641	2	4	80	0.0500000
NODE_2894_length_1351_cov_32.325879	561	641	6	76	80	0.9500000
NODE_2894_length_1351_cov_32.325879	614	694	1	27	80	0.3375000
NODE_2894_length_1351_cov_32.325879	614	694	2	30	80	0.3750000
NODE_2894_length_1351_cov_32.325879	614	694	6	23	80	0.2875000
NODE_2895_length_1351_cov_16.861022	97	162	11	2	65	0.0307692
NODE_2895_length_1351_cov_16.861022	97	162	24	1	65	0.0153846
NODE_2895_length_1351_cov_16.861022	97	162	27	2	65	0.0307692
NODE_2895_length_1351_cov_16.861022	97	162	35	1	65	0.0153846
NODE_2895_length_1351_cov_16.861022	97	162	40	1	65	0.0153846
NODE_2895_length_1351_cov_16.861022	97	162	45	1	65	0.0153846
NODE_2895_length_1351_cov_16.861022	97	162	47	2	65	0.0307692
NODE_2895_length_1351_cov_16.861022	97	162	52	1	65	0.0153846
NODE_2895_length_1351_cov_16.861022	97	162	55	1	65	0.0153846
NODE_2895_length_1351_cov_16.861022	97	162	59	2	65	0.0307692
NODE_2895_length_1351_cov_16.861022	97	162	65	2	65	0.0307692
NODE_2895_length_1351_cov_16.861022	97	162	68	1	65	0.0153846
NODE_2895_length_1351_cov_16.861022	97	162	76	1	65	0.0153846
NODE_2895_length_1351_cov_16.861022	97	162	80	2	65	0.0307692
NODE_2895_length_1351_cov_16.861022	97	162	82	1	65	0.0153846
NODE_2895_length_1351_cov_16.861022	97	162	84	1	65	0.0153846
NODE_2895_length_1351_cov_16.861022	97	162	90	21	65	0.3230769
NODE_2895_length_1351_cov_16.861022	97	162	92	22	65	0.3384615
NODE_2896_length_1351_cov_9.894569	331	411	2	38	80	0.4750000
NODE_2896_length_1351_cov_9.894569	331	411	4	42	80	0.5250000
NODE_2896_length_1351_cov_9.894569	384	464	2	43	80	0.5375000
NODE_2896_length_1351_cov_9.894569	384	464	4	37	80	0.4625000
NODE_2897_length_1351_cov_8.699681	1055	1137	0	75	82	0.9146342
NODE_2897_length_1351_cov_8.699681	1055	1137	4	7	82	0.0853659
NODE_2897_length_1351_cov_8.699681	1110	1175	0	65	65	1.0000000
NODE_2898_length_1351_cov_2.931310	68	148	6	2	80	0.0250000
NODE_2898_length_1351_cov_2.931310	68	148	7	1	80	0.0125000
NODE_2898_length_1351_cov_2.931310	68	148	11	2	80	0.0250000
NODE_2898_length_1351_cov_2.931310	68	148	12	1	80	0.0125000
NODE_2898_length_1351_cov_2.931310	68	148	16	15	80	0.1875000
NODE_2898_length_1351_cov_2.931310	68	148	18	3	80	0.0375000
NODE_2898_length_1351_cov_2.931310	68	148	20	2	80	0.0250000
NODE_2898_length_1351_cov_2.931310	68	148	22	2	80	0.0250000
NODE_2898_length_1351_cov_2.931310	68	148	28	21	80	0.2625000
NODE_2898_length_1351_cov_2.931310	68	148	30	14	80	0.1750000
NODE_2898_length_1351_cov_2.931310	68	148	31	9	80	0.1125000
NODE_2898_length_1351_cov_2.931310	68	148	32	8	80	0.1000000
NODE_2898_length_1351_cov_2.931310	495	528	0	33	33	1.0000000
NODE_2899_length_1350_cov_18.274181	424	504	4	54	80	0.6750000
NODE_2899_length_1350_cov_18.274181	424	504	6	26	80	0.3250000
NODE_2899_length_1350_cov_18.274181	477	557	2	20	80	0.2500000
NODE_2899_length_1350_cov_18.274181	477	557	4	1	80	0.0125000
NODE_2899_length_1350_cov_18.274181	477	557	6	54	80	0.6750000
NODE_2899_length_1350_cov_18.274181	477	557	8	5	80	0.0625000
NODE_2899_length_1350_cov_18.274181	553	633	6	2	80	0.0250000
NODE_2899_length_1350_cov_18.274181	553	633	8	26	80	0.3250000
NODE_2899_length_1350_cov_18.274181	553	633	14	1	80	0.0125000
NODE_2899_length_1350_cov_18.274181	553	633	18	27	80	0.3375000
NODE_2899_length_1350_cov_18.274181	553	633	22	24	80	0.3000000
NODE_2899_length_1350_cov_18.274181	606	686	14	3	80	0.0375000
NODE_2899_length_1350_cov_18.274181	606	686	16	3	80	0.0375000
NODE_2899_length_1350_cov_18.274181	606	686	18	3	80	0.0375000
NODE_2899_length_1350_cov_18.274181	606	686	20	8	80	0.1000000
NODE_2899_length_1350_cov_18.274181	606	686	22	63	80	0.7875000
NODE_2900_length_1350_cov_8.053557	737	817	0	80	80	1.0000000
NODE_2900_length_1350_cov_8.053557	790	870	0	80	80	1.0000000
NODE_2903_length_1349_cov_23.782400	839	919	2	6	80	0.0750000
NODE_2903_length_1349_cov_23.782400	839	919	4	8	80	0.1000000
NODE_2903_length_1349_cov_23.782400	839	919	6	66	80	0.8250000
NODE_2903_length_1349_cov_23.782400	892	972	0	24	80	0.3000000
NODE_2903_length_1349_cov_23.782400	892	972	4	13	80	0.1625000
NODE_2903_length_1349_cov_23.782400	892	972	6	43	80	0.5375000
NODE_2903_length_1349_cov_23.782400	968	1048	0	80	80	1.0000000
NODE_2903_length_1349_cov_23.782400	1021	1101	0	80	80	1.0000000
NODE_2904_length_1349_cov_17.776800	811	891	0	80	80	1.0000000
NODE_2904_length_1349_cov_17.776800	864	944	0	80	80	1.0000000
NODE_2905_length_1349_cov_16.468800	828	908	6	16	80	0.2000000
NODE_2905_length_1349_cov_16.468800	828	908	8	64	80	0.8000000
NODE_2905_length_1349_cov_16.468800	881	961	2	50	80	0.6250000
NODE_2905_length_1349_cov_16.468800	881	961	8	30	80	0.3750000
NODE_2908_length_1348_cov_22.731785	468	548	0	51	80	0.6375000
NODE_2908_length_1348_cov_22.731785	468	548	2	29	80	0.3625000
NODE_2908_length_1348_cov_22.731785	521	601	0	27	80	0.3375000
NODE_2908_length_1348_cov_22.731785	521	601	2	53	80	0.6625000
NODE_2909_length_1348_cov_20.778223	517	597	22	11	80	0.1375000
NODE_2909_length_1348_cov_20.778223	517	597	24	23	80	0.2875000
NODE_2909_length_1348_cov_20.778223	517	597	26	46	80	0.5750000
NODE_2909_length_1348_cov_20.778223	570	650	22	40	80	0.5000000
NODE_2909_length_1348_cov_20.778223	570	650	24	36	80	0.4500000
NODE_2909_length_1348_cov_20.778223	570	650	26	4	80	0.0500000
NODE_2910_length_1348_cov_11.180144	673	753	4	19	80	0.2375000
NODE_2910_length_1348_cov_11.180144	673	753	6	16	80	0.2000000
NODE_2910_length_1348_cov_11.180144	673	753	8	21	80	0.2625000
NODE_2910_length_1348_cov_11.180144	673	753	14	16	80	0.2000000
NODE_2910_length_1348_cov_11.180144	673	753	16	8	80	0.1000000
NODE_2910_length_1348_cov_11.180144	726	806	8	9	80	0.1125000
NODE_2910_length_1348_cov_11.180144	726	806	10	1	80	0.0125000
NODE_2910_length_1348_cov_11.180144	726	806	14	24	80	0.3000000
NODE_2910_length_1348_cov_11.180144	726	806	16	46	80	0.5750000
NODE_2916_length_1347_cov_45.906250	683	763	0	80	80	1.0000000
NODE_2916_length_1347_cov_45.906250	736	816	0	75	80	0.9375000
NODE_2916_length_1347_cov_45.906250	736	816	2	5	80	0.0625000
NODE_2916_length_1347_cov_45.906250	812	892	2	60	80	0.7500000
NODE_2916_length_1347_cov_45.906250	812	892	6	20	80	0.2500000
NODE_2916_length_1347_cov_45.906250	865	945	2	7	80	0.0875000
NODE_2916_length_1347_cov_45.906250	865	945	6	20	80	0.2500000
NODE_2916_length_1347_cov_45.906250	865	945	8	21	80	0.2625000
NODE_2916_length_1347_cov_45.906250	865	945	10	32	80	0.4000000
NODE_2917_length_1347_cov_41.643429	439	519	4	8	80	0.1000000
NODE_2917_length_1347_cov_41.643429	439	519	6	1	80	0.0125000
NODE_2917_length_1347_cov_41.643429	439	519	18	1	80	0.0125000
NODE_2917_length_1347_cov_41.643429	439	519	20	5	80	0.0625000
NODE_2917_length_1347_cov_41.643429	439	519	22	65	80	0.8125000
NODE_2917_length_1347_cov_41.643429	492	572	0	4	80	0.0500000
NODE_2917_length_1347_cov_41.643429	492	572	2	6	80	0.0750000
NODE_2917_length_1347_cov_41.643429	492	572	4	51	80	0.6375000
NODE_2917_length_1347_cov_41.643429	492	572	6	1	80	0.0125000
NODE_2917_length_1347_cov_41.643429	492	572	22	18	80	0.2250000
NODE_2918_length_1347_cov_19.941506	458	538	2	21	80	0.2625000
NODE_2918_length_1347_cov_19.941506	458	538	4	59	80	0.7375000
NODE_2918_length_1347_cov_19.941506	511	591	0	13	80	0.1625000
NODE_2918_length_1347_cov_19.941506	511	591	2	33	80	0.4125000
NODE_2918_length_1347_cov_19.941506	511	591	4	34	80	0.4250000
NODE_2918_length_1347_cov_19.941506	587	667	0	6	80	0.0750000
NODE_2918_length_1347_cov_19.941506	587	667	2	1	80	0.0125000
NODE_2918_length_1347_cov_19.941506	587	667	4	38	80	0.4750000
NODE_2918_length_1347_cov_19.941506	587	667	6	26	80	0.3250000
NODE_2918_length_1347_cov_19.941506	587	667	8	9	80	0.1125000
NODE_2918_length_1347_cov_19.941506	640	720	4	22	80	0.2750000
NODE_2918_length_1347_cov_19.941506	640	720	6	53	80	0.6625000
NODE_2918_length_1347_cov_19.941506	640	720	8	5	80	0.0625000
NODE_2919_length_1347_cov_16.520833	713	793	0	11	80	0.1375000
NODE_2919_length_1347_cov_16.520833	713	793	2	69	80	0.8625000
NODE_2919_length_1347_cov_16.520833	766	846	0	10	80	0.1250000
NODE_2919_length_1347_cov_16.520833	766	846	2	70	80	0.8750000
NODE_2920_length_1347_cov_15.967147	638	718	0	80	80	1.0000000
NODE_2920_length_1347_cov_15.967147	691	771	0	80	80	1.0000000
NODE_2925_length_1346_cov_13.112269	429	509	3	13	80	0.1625000
NODE_2925_length_1346_cov_13.112269	429	509	4	7	80	0.0875000
NODE_2925_length_1346_cov_13.112269	429	509	5	60	80	0.7500000
NODE_2925_length_1346_cov_13.112269	482	562	0	37	80	0.4625000
NODE_2925_length_1346_cov_13.112269	482	562	3	29	80	0.3625000
NODE_2925_length_1346_cov_13.112269	482	562	5	14	80	0.1750000
NODE_2928_length_1345_cov_32.099518	629	709	0	41	80	0.5125000
NODE_2928_length_1345_cov_32.099518	629	709	2	4	80	0.0500000
NODE_2928_length_1345_cov_32.099518	629	709	4	5	80	0.0625000
NODE_2928_length_1345_cov_32.099518	629	709	6	30	80	0.3750000
NODE_2928_length_1345_cov_32.099518	682	762	0	7	80	0.0875000
NODE_2928_length_1345_cov_32.099518	682	762	2	3	80	0.0375000
NODE_2928_length_1345_cov_32.099518	682	762	4	6	80	0.0750000
NODE_2928_length_1345_cov_32.099518	682	762	6	64	80	0.8000000
NODE_2929_length_1345_cov_19.837881	723	803	16	14	80	0.1750000
NODE_2929_length_1345_cov_19.837881	723	803	18	5	80	0.0625000
NODE_2929_length_1345_cov_19.837881	723	803	22	61	80	0.7625000
NODE_2929_length_1345_cov_19.837881	776	856	0	29	80	0.3625000
NODE_2929_length_1345_cov_19.837881	776	856	12	23	80	0.2875000
NODE_2929_length_1345_cov_19.837881	776	856	16	15	80	0.1875000
NODE_2929_length_1345_cov_19.837881	776	856	18	5	80	0.0625000
NODE_2929_length_1345_cov_19.837881	776	856	22	8	80	0.1000000
NODE_2930_length_1345_cov_14.262440	361	441	0	80	80	1.0000000
NODE_2930_length_1345_cov_14.262440	414	494	0	80	80	1.0000000
NODE_2930_length_1345_cov_14.262440	490	570	0	80	80	1.0000000
NODE_2930_length_1345_cov_14.262440	543	623	0	40	80	0.5000000
NODE_2930_length_1345_cov_14.262440	543	623	2	40	80	0.5000000
NODE_2931_length_1345_cov_14.103531	950	1030	0	45	80	0.5625000
NODE_2931_length_1345_cov_14.103531	950	1030	2	10	80	0.1250000
NODE_2931_length_1345_cov_14.103531	950	1030	4	25	80	0.3125000
NODE_2931_length_1345_cov_14.103531	1003	1083	2	2	80	0.0250000
NODE_2931_length_1345_cov_14.103531	1003	1083	4	78	80	0.9750000
NODE_2934_length_1344_cov_15.013655	345	425	0	20	80	0.2500000
NODE_2934_length_1344_cov_15.013655	345	425	4	29	80	0.3625000
NODE_2934_length_1344_cov_15.013655	345	425	8	16	80	0.2000000
NODE_2934_length_1344_cov_15.013655	345	425	10	15	80	0.1875000
NODE_2934_length_1344_cov_15.013655	398	478	8	12	80	0.1500000
NODE_2934_length_1344_cov_15.013655	398	478	10	68	80	0.8500000
NODE_2935_length_1344_cov_11.383133	519	599	2	34	80	0.4250000
NODE_2935_length_1344_cov_11.383133	519	599	4	46	80	0.5750000
NODE_2935_length_1344_cov_11.383133	572	652	2	68	80	0.8500000
NODE_2935_length_1344_cov_11.383133	572	652	4	12	80	0.1500000
NODE_2935_length_1344_cov_11.383133	648	728	2	55	80	0.6875000
NODE_2935_length_1344_cov_11.383133	648	728	4	7	80	0.0875000
NODE_2935_length_1344_cov_11.383133	648	728	6	18	80	0.2250000
NODE_2935_length_1344_cov_11.383133	701	781	2	2	80	0.0250000
NODE_2935_length_1344_cov_11.383133	701	781	4	19	80	0.2375000
NODE_2935_length_1344_cov_11.383133	701	781	5	7	80	0.0875000
NODE_2935_length_1344_cov_11.383133	701	781	6	52	80	0.6500000
NODE_2936_length_1344_cov_10.924498	529	609	0	10	80	0.1250000
NODE_2936_length_1344_cov_10.924498	529	609	2	55	80	0.6875000
NODE_2936_length_1344_cov_10.924498	529	609	4	15	80	0.1875000
NODE_2936_length_1344_cov_10.924498	582	662	2	58	80	0.7250000
NODE_2936_length_1344_cov_10.924498	582	662	4	22	80	0.2750000
NODE_2937_length_1344_cov_5.531727	920	975	0	55	55	1.0000000
NODE_2942_length_1343_cov_36.005627	150	230	40	1	80	0.0125000
NODE_2942_length_1343_cov_36.005627	150	230	44	13	80	0.1625000
NODE_2942_length_1343_cov_36.005627	150	230	45	12	80	0.1500000
NODE_2942_length_1343_cov_36.005627	150	230	46	4	80	0.0500000
NODE_2942_length_1343_cov_36.005627	150	230	48	15	80	0.1875000
NODE_2942_length_1343_cov_36.005627	150	230	49	24	80	0.3000000
NODE_2942_length_1343_cov_36.005627	150	230	50	2	80	0.0250000
NODE_2942_length_1343_cov_36.005627	150	230	51	5	80	0.0625000
NODE_2942_length_1343_cov_36.005627	150	230	52	1	80	0.0125000
NODE_2942_length_1343_cov_36.005627	150	230	53	1	80	0.0125000
NODE_2942_length_1343_cov_36.005627	150	230	54	2	80	0.0250000
NODE_2942_length_1343_cov_36.005627	286	366	26	4	80	0.0500000
NODE_2942_length_1343_cov_36.005627	286	366	30	16	80	0.2000000
NODE_2942_length_1343_cov_36.005627	286	366	35	1	80	0.0125000
NODE_2942_length_1343_cov_36.005627	286	366	44	1	80	0.0125000
NODE_2942_length_1343_cov_36.005627	286	366	45	23	80	0.2875000
NODE_2942_length_1343_cov_36.005627	286	366	47	1	80	0.0125000
NODE_2942_length_1343_cov_36.005627	286	366	48	23	80	0.2875000
NODE_2942_length_1343_cov_36.005627	286	366	49	1	80	0.0125000
NODE_2942_length_1343_cov_36.005627	286	366	50	10	80	0.1250000
NODE_2942_length_1343_cov_36.005627	339	419	4	12	80	0.1500000
NODE_2942_length_1343_cov_36.005627	339	419	6	34	80	0.4250000
NODE_2942_length_1343_cov_36.005627	339	419	26	4	80	0.0500000
NODE_2942_length_1343_cov_36.005627	339	419	30	23	80	0.2875000
NODE_2942_length_1343_cov_36.005627	339	419	35	1	80	0.0125000
NODE_2942_length_1343_cov_36.005627	339	419	45	6	80	0.0750000
NODE_2942_length_1343_cov_36.005627	415	495	0	30	80	0.3750000
NODE_2942_length_1343_cov_36.005627	415	495	4	50	80	0.6250000
NODE_2942_length_1343_cov_36.005627	468	548	0	37	80	0.4625000
NODE_2942_length_1343_cov_36.005627	468	548	2	22	80	0.2750000
NODE_2942_length_1343_cov_36.005627	468	548	4	21	80	0.2625000
NODE_2943_length_1343_cov_26.826367	782	862	0	40	80	0.5000000
NODE_2943_length_1343_cov_26.826367	782	862	4	40	80	0.5000000
NODE_2943_length_1343_cov_26.826367	835	915	4	80	80	1.0000000
NODE_2944_length_1343_cov_19.353698	799	879	0	80	80	1.0000000
NODE_2944_length_1343_cov_19.353698	852	932	0	71	80	0.8875000
NODE_2944_length_1343_cov_19.353698	852	932	2	7	80	0.0875000
NODE_2944_length_1343_cov_19.353698	852	932	6	2	80	0.0250000
NODE_2944_length_1343_cov_19.353698	928	1008	2	2	80	0.0250000
NODE_2944_length_1343_cov_19.353698	928	1008	6	15	80	0.1875000
NODE_2944_length_1343_cov_19.353698	928	1008	10	50	80	0.6250000
NODE_2944_length_1343_cov_19.353698	928	1008	16	13	80	0.1625000
NODE_2944_length_1343_cov_19.353698	981	1061	8	8	80	0.1000000
NODE_2944_length_1343_cov_19.353698	981	1061	10	14	80	0.1750000
NODE_2944_length_1343_cov_19.353698	981	1061	12	10	80	0.1250000
NODE_2944_length_1343_cov_19.353698	981	1061	16	31	80	0.3875000
NODE_2944_length_1343_cov_19.353698	981	1061	18	17	80	0.2125000
NODE_2945_length_1343_cov_15.717846	745	825	2	80	80	1.0000000
NODE_2945_length_1343_cov_15.717846	798	878	2	34	80	0.4250000
NODE_2945_length_1343_cov_15.717846	798	878	4	46	80	0.5750000
NODE_2949_length_1342_cov_30.491553	456	536	2	45	80	0.5625000
NODE_2949_length_1342_cov_30.491553	456	536	4	35	80	0.4375000
NODE_2949_length_1342_cov_30.491553	509	589	2	14	80	0.1750000
NODE_2949_length_1342_cov_30.491553	509	589	4	66	80	0.8250000
NODE_2949_length_1342_cov_30.491553	585	665	2	5	80	0.0625000
NODE_2949_length_1342_cov_30.491553	585	665	4	21	80	0.2625000
NODE_2949_length_1342_cov_30.491553	585	665	6	54	80	0.6750000
NODE_2949_length_1342_cov_30.491553	638	718	0	5	80	0.0625000
NODE_2949_length_1342_cov_30.491553	638	718	4	32	80	0.4000000
NODE_2949_length_1342_cov_30.491553	638	718	6	43	80	0.5375000
NODE_2950_length_1342_cov_26.796460	538	618	0	11	80	0.1375000
NODE_2950_length_1342_cov_26.796460	538	618	1	56	80	0.7000000
NODE_2950_length_1342_cov_26.796460	538	618	2	13	80	0.1625000
NODE_2950_length_1342_cov_26.796460	591	671	1	50	80	0.6250000
NODE_2950_length_1342_cov_26.796460	591	671	2	30	80	0.3750000
NODE_2950_length_1342_cov_26.796460	667	747	1	22	80	0.2750000
NODE_2950_length_1342_cov_26.796460	667	747	2	45	80	0.5625000
NODE_2950_length_1342_cov_26.796460	667	747	3	13	80	0.1625000
NODE_2950_length_1342_cov_26.796460	720	800	1	14	80	0.1750000
NODE_2950_length_1342_cov_26.796460	720	800	2	9	80	0.1125000
NODE_2950_length_1342_cov_26.796460	720	800	3	57	80	0.7125000
NODE_2951_length_1342_cov_22.769912	298	378	8	14	80	0.1750000
NODE_2951_length_1342_cov_22.769912	298	378	13	8	80	0.1000000
NODE_2951_length_1342_cov_22.769912	298	378	17	34	80	0.4250000
NODE_2951_length_1342_cov_22.769912	298	378	21	1	80	0.0125000
NODE_2951_length_1342_cov_22.769912	298	378	26	21	80	0.2625000
NODE_2951_length_1342_cov_22.769912	298	378	28	2	80	0.0250000
NODE_2951_length_1342_cov_22.769912	351	431	17	3	80	0.0375000
NODE_2951_length_1342_cov_22.769912	351	431	21	1	80	0.0125000
NODE_2951_length_1342_cov_22.769912	351	431	22	3	80	0.0375000
NODE_2951_length_1342_cov_22.769912	351	431	24	15	80	0.1875000
NODE_2951_length_1342_cov_22.769912	351	431	26	23	80	0.2875000
NODE_2951_length_1342_cov_22.769912	351	431	28	19	80	0.2375000
NODE_2951_length_1342_cov_22.769912	351	431	30	16	80	0.2000000
NODE_2951_length_1342_cov_22.769912	427	507	10	2	80	0.0250000
NODE_2951_length_1342_cov_22.769912	427	507	15	6	80	0.0750000
NODE_2951_length_1342_cov_22.769912	427	507	17	35	80	0.4375000
NODE_2951_length_1342_cov_22.769912	427	507	21	2	80	0.0250000
NODE_2951_length_1342_cov_22.769912	427	507	24	18	80	0.2250000
NODE_2951_length_1342_cov_22.769912	427	507	26	8	80	0.1000000
NODE_2951_length_1342_cov_22.769912	427	507	28	9	80	0.1125000
NODE_2951_length_1342_cov_22.769912	480	560	2	27	80	0.3375000
NODE_2951_length_1342_cov_22.769912	480	560	4	5	80	0.0625000
NODE_2951_length_1342_cov_22.769912	480	560	8	4	80	0.0500000
NODE_2951_length_1342_cov_22.769912	480	560	10	19	80	0.2375000
NODE_2951_length_1342_cov_22.769912	480	560	15	6	80	0.0750000
NODE_2951_length_1342_cov_22.769912	480	560	17	19	80	0.2375000
NODE_2953_length_1341_cov_22.449275	494	574	0	7	80	0.0875000
NODE_2953_length_1341_cov_22.449275	494	574	2	73	80	0.9125000
NODE_2953_length_1341_cov_22.449275	547	627	0	11	80	0.1375000
NODE_2953_length_1341_cov_22.449275	547	627	2	69	80	0.8625000
NODE_2953_length_1341_cov_22.449275	623	703	0	7	80	0.0875000
NODE_2953_length_1341_cov_22.449275	623	703	2	30	80	0.3750000
NODE_2953_length_1341_cov_22.449275	623	703	3	19	80	0.2375000
NODE_2953_length_1341_cov_22.449275	623	703	4	24	80	0.3000000
NODE_2953_length_1341_cov_22.449275	676	755	2	10	79	0.1265823
NODE_2953_length_1341_cov_22.449275	676	755	3	3	79	0.0379747
NODE_2953_length_1341_cov_22.449275	676	755	4	66	79	0.8354430
NODE_2954_length_1341_cov_14.497585	415	495	7	80	80	1.0000000
NODE_2954_length_1341_cov_14.497585	468	548	0	8	80	0.1000000
NODE_2954_length_1341_cov_14.497585	468	548	1	6	80	0.0750000
NODE_2954_length_1341_cov_14.497585	468	548	2	4	80	0.0500000
NODE_2954_length_1341_cov_14.497585	468	548	4	20	80	0.2500000
NODE_2954_length_1341_cov_14.497585	468	548	7	42	80	0.5250000
NODE_2954_length_1341_cov_14.497585	544	624	0	9	80	0.1125000
NODE_2954_length_1341_cov_14.497585	544	624	2	54	80	0.6750000
NODE_2954_length_1341_cov_14.497585	544	624	4	17	80	0.2125000
NODE_2954_length_1341_cov_14.497585	597	677	2	19	80	0.2375000
NODE_2954_length_1341_cov_14.497585	597	677	4	61	80	0.7625000
NODE_2960_length_1340_cov_9.460113	531	611	8	33	80	0.4125000
NODE_2960_length_1340_cov_9.460113	531	611	9	47	80	0.5875000
NODE_2960_length_1340_cov_9.460113	584	664	0	10	80	0.1250000
NODE_2960_length_1340_cov_9.460113	584	664	1	38	80	0.4750000
NODE_2960_length_1340_cov_9.460113	584	664	8	32	80	0.4000000
NODE_2961_length_1340_cov_6.511684	735	815	0	49	80	0.6125000
NODE_2961_length_1340_cov_6.511684	735	815	4	31	80	0.3875000
NODE_2961_length_1340_cov_6.511684	788	868	4	31	80	0.3875000
NODE_2961_length_1340_cov_6.511684	788	868	6	49	80	0.6125000
NODE_2966_length_1339_cov_22.725000	751	831	0	80	80	1.0000000
NODE_2966_length_1339_cov_22.725000	804	884	0	80	80	1.0000000
NODE_2967_length_1339_cov_9.322581	329	409	8	7	80	0.0875000
NODE_2967_length_1339_cov_9.322581	329	409	10	23	80	0.2875000
NODE_2967_length_1339_cov_9.322581	329	409	16	50	80	0.6250000
NODE_2967_length_1339_cov_9.322581	382	462	14	33	80	0.4125000
NODE_2967_length_1339_cov_9.322581	382	462	16	47	80	0.5875000
NODE_2970_length_1338_cov_31.740920	527	607	0	80	80	1.0000000
NODE_2970_length_1338_cov_31.740920	580	660	0	80	80	1.0000000
NODE_2970_length_1338_cov_31.740920	656	736	0	46	80	0.5750000
NODE_2970_length_1338_cov_31.740920	656	736	4	34	80	0.4250000
NODE_2970_length_1338_cov_31.740920	709	789	4	80	80	1.0000000
NODE_2971_length_1338_cov_21.254237	639	719	6	9	80	0.1125000
NODE_2971_length_1338_cov_21.254237	639	719	12	36	80	0.4500000
NODE_2971_length_1338_cov_21.254237	639	719	14	35	80	0.4375000
NODE_2971_length_1338_cov_21.254237	692	772	7	1	80	0.0125000
NODE_2971_length_1338_cov_21.254237	692	772	12	1	80	0.0125000
NODE_2971_length_1338_cov_21.254237	692	772	13	7	80	0.0875000
NODE_2971_length_1338_cov_21.254237	692	772	14	39	80	0.4875000
NODE_2971_length_1338_cov_21.254237	692	772	15	32	80	0.4000000
NODE_2974_length_1337_cov_32.307754	739	819	0	13	80	0.1625000
NODE_2974_length_1337_cov_32.307754	739	819	2	67	80	0.8375000
NODE_2974_length_1337_cov_32.307754	792	872	0	66	80	0.8250000
NODE_2974_length_1337_cov_32.307754	792	872	2	14	80	0.1750000
NODE_2975_length_1337_cov_30.412763	465	545	0	80	80	1.0000000
NODE_2975_length_1337_cov_30.412763	518	598	0	80	80	1.0000000
NODE_2976_length_1337_cov_12.760905	560	640	2	44	80	0.5500000
NODE_2976_length_1337_cov_12.760905	560	640	3	8	80	0.1000000
NODE_2976_length_1337_cov_12.760905	560	640	4	28	80	0.3500000
NODE_2976_length_1337_cov_12.760905	613	693	2	33	80	0.4125000
NODE_2976_length_1337_cov_12.760905	613	693	3	8	80	0.1000000
NODE_2976_length_1337_cov_12.760905	613	693	4	39	80	0.4875000
NODE_2977_length_1337_cov_9.463651	724	804	4	12	80	0.1500000
NODE_2977_length_1337_cov_9.463651	724	804	6	68	80	0.8500000
NODE_2977_length_1337_cov_9.463651	777	857	0	5	80	0.0625000
NODE_2977_length_1337_cov_9.463651	777	857	1	26	80	0.3250000
NODE_2977_length_1337_cov_9.463651	777	857	3	1	80	0.0125000
NODE_2977_length_1337_cov_9.463651	777	857	4	33	80	0.4125000
NODE_2977_length_1337_cov_9.463651	777	857	6	15	80	0.1875000
NODE_2979_length_1337_cov_4.540388	216	296	0	80	80	1.0000000
NODE_2979_length_1337_cov_4.540388	272	349	0	77	77	1.0000000
NODE_2981_length_1336_cov_28.161681	394	474	4	80	80	1.0000000
NODE_2981_length_1336_cov_28.161681	447	527	0	12	80	0.1500000
NODE_2981_length_1336_cov_28.161681	447	527	4	68	80	0.8500000
NODE_2981_length_1336_cov_28.161681	523	603	0	36	80	0.4500000
NODE_2981_length_1336_cov_28.161681	523	603	2	44	80	0.5500000
NODE_2981_length_1336_cov_28.161681	576	656	2	80	80	1.0000000
NODE_2982_length_1336_cov_7.860954	17	98	10	2	81	0.0246914
NODE_2982_length_1336_cov_7.860954	17	98	12	22	81	0.2716049
NODE_2982_length_1336_cov_7.860954	17	98	14	57	81	0.7037037
NODE_2984_length_1336_cov_1.689572	1229	1289	2	2	60	0.0333333
NODE_2984_length_1336_cov_1.689572	1229	1289	4	58	60	0.9666666
NODE_2984_length_1336_cov_1.689572	1262	1336	0	3	74	0.0405405
NODE_2984_length_1336_cov_1.689572	1262	1336	2	43	74	0.5810811
NODE_2984_length_1336_cov_1.689572	1262	1336	4	28	74	0.3783784
NODE_2985_length_1335_cov_19.547735	530	607	0	77	77	1.0000000
NODE_2985_length_1335_cov_19.547735	582	660	0	78	78	1.0000000
NODE_2985_length_1335_cov_19.547735	656	736	0	80	80	1.0000000
NODE_2985_length_1335_cov_19.547735	709	789	0	80	80	1.0000000
NODE_2986_length_1335_cov_15.383495	419	499	0	12	80	0.1500000
NODE_2986_length_1335_cov_15.383495	419	499	2	68	80	0.8500000
NODE_2986_length_1335_cov_15.383495	472	552	0	27	80	0.3375000
NODE_2986_length_1335_cov_15.383495	472	552	2	53	80	0.6625000
NODE_2986_length_1335_cov_15.383495	548	628	0	80	80	1.0000000
NODE_2986_length_1335_cov_15.383495	601	681	0	80	80	1.0000000
NODE_2991_length_1333_cov_27.372771	493	573	4	38	80	0.4750000
NODE_2991_length_1333_cov_27.372771	493	573	6	22	80	0.2750000
NODE_2991_length_1333_cov_27.372771	493	573	8	20	80	0.2500000
NODE_2991_length_1333_cov_27.372771	546	626	4	33	80	0.4125000
NODE_2991_length_1333_cov_27.372771	546	626	5	14	80	0.1750000
NODE_2991_length_1333_cov_27.372771	546	626	7	10	80	0.1250000
NODE_2991_length_1333_cov_27.372771	546	626	8	23	80	0.2875000
NODE_2996_length_1332_cov_18.978913	648	728	0	80	80	1.0000000
NODE_2996_length_1332_cov_18.978913	701	781	0	80	80	1.0000000
NODE_2996_length_1332_cov_18.978913	777	857	0	80	80	1.0000000
NODE_2996_length_1332_cov_18.978913	830	910	0	80	80	1.0000000
NODE_2997_length_1332_cov_3.112733	87	151	0	52	64	0.8125000
NODE_2997_length_1332_cov_3.112733	87	151	2	4	64	0.0625000
NODE_2997_length_1332_cov_3.112733	87	151	4	8	64	0.1250000
NODE_3000_length_1331_cov_16.831981	392	472	0	32	80	0.4000000
NODE_3000_length_1331_cov_16.831981	392	472	1	1	80	0.0125000
NODE_3000_length_1331_cov_16.831981	392	472	2	24	80	0.3000000
NODE_3000_length_1331_cov_16.831981	392	472	4	2	80	0.0250000
NODE_3000_length_1331_cov_16.831981	392	472	6	2	80	0.0250000
NODE_3000_length_1331_cov_16.831981	392	472	10	19	80	0.2375000
NODE_3000_length_1331_cov_16.831981	445	525	2	4	80	0.0500000
NODE_3000_length_1331_cov_16.831981	445	525	4	2	80	0.0250000
NODE_3000_length_1331_cov_16.831981	445	525	6	2	80	0.0250000
NODE_3000_length_1331_cov_16.831981	445	525	8	5	80	0.0625000
NODE_3000_length_1331_cov_16.831981	445	525	10	67	80	0.8375000
NODE_3000_length_1331_cov_16.831981	521	601	2	3	80	0.0375000
NODE_3000_length_1331_cov_16.831981	521	601	4	7	80	0.0875000
NODE_3000_length_1331_cov_16.831981	521	601	6	64	80	0.8000000
NODE_3000_length_1331_cov_16.831981	521	601	8	6	80	0.0750000
NODE_3000_length_1331_cov_16.831981	574	654	0	13	80	0.1625000
NODE_3000_length_1331_cov_16.831981	574	654	2	43	80	0.5375000
NODE_3000_length_1331_cov_16.831981	574	654	6	24	80	0.3000000
NODE_3001_length_1331_cov_12.841721	871	951	0	80	80	1.0000000
NODE_3001_length_1331_cov_12.841721	924	1004	0	80	80	1.0000000
NODE_3004_length_1331_cov_2.090097	0	76	0	76	76	1.0000000
NODE_3004_length_1331_cov_2.090097	49	98	0	49	49	1.0000000
NODE_3007_length_1330_cov_48.993501	278	358	5	2	80	0.0250000
NODE_3007_length_1330_cov_48.993501	278	358	13	2	80	0.0250000
NODE_3007_length_1330_cov_48.993501	278	358	23	4	80	0.0500000
NODE_3007_length_1330_cov_48.993501	278	358	25	11	80	0.1375000
NODE_3007_length_1330_cov_48.993501	278	358	26	61	80	0.7625000
NODE_3007_length_1330_cov_48.993501	331	411	12	13	80	0.1625000
NODE_3007_length_1330_cov_48.993501	331	411	18	1	80	0.0125000
NODE_3007_length_1330_cov_48.993501	331	411	19	23	80	0.2875000
NODE_3007_length_1330_cov_48.993501	331	411	20	2	80	0.0250000
NODE_3007_length_1330_cov_48.993501	331	411	22	3	80	0.0375000
NODE_3007_length_1330_cov_48.993501	331	411	26	38	80	0.4750000
NODE_3007_length_1330_cov_48.993501	742	822	1	24	80	0.3000000
NODE_3007_length_1330_cov_48.993501	742	822	2	39	80	0.4875000
NODE_3007_length_1330_cov_48.993501	742	822	4	17	80	0.2125000
NODE_3007_length_1330_cov_48.993501	795	875	2	10	80	0.1250000
NODE_3007_length_1330_cov_48.993501	795	875	4	18	80	0.2250000
NODE_3007_length_1330_cov_48.993501	795	875	5	8	80	0.1000000
NODE_3007_length_1330_cov_48.993501	795	875	6	44	80	0.5500000
NODE_3008_length_1330_cov_11.037368	407	487	0	12	80	0.1500000
NODE_3008_length_1330_cov_11.037368	407	487	2	68	80	0.8500000
NODE_3008_length_1330_cov_11.037368	460	540	0	1	80	0.0125000
NODE_3008_length_1330_cov_11.037368	460	540	2	61	80	0.7625000
NODE_3008_length_1330_cov_11.037368	460	540	4	1	80	0.0125000
NODE_3008_length_1330_cov_11.037368	460	540	6	17	80	0.2125000
NODE_3008_length_1330_cov_11.037368	536	617	4	14	81	0.1728395
NODE_3008_length_1330_cov_11.037368	536	617	6	67	81	0.8271605
NODE_3008_length_1330_cov_11.037368	590	670	0	26	80	0.3250000
NODE_3008_length_1330_cov_11.037368	590	670	4	41	80	0.5125000
NODE_3008_length_1330_cov_11.037368	590	670	6	13	80	0.1625000
NODE_3009_length_1330_cov_9.026807	551	631	2	80	80	1.0000000
NODE_3009_length_1330_cov_9.026807	604	684	0	23	80	0.2875000
NODE_3009_length_1330_cov_9.026807	604	684	2	57	80	0.7125000
NODE_3011_length_1329_cov_17.036585	691	771	0	80	80	1.0000000
NODE_3011_length_1329_cov_17.036585	744	824	0	28	80	0.3500000
NODE_3011_length_1329_cov_17.036585	744	824	2	52	80	0.6500000
NODE_3011_length_1329_cov_17.036585	820	900	2	40	80	0.5000000
NODE_3011_length_1329_cov_17.036585	820	900	3	40	80	0.5000000
NODE_3011_length_1329_cov_17.036585	873	953	1	12	80	0.1500000
NODE_3011_length_1329_cov_17.036585	873	953	2	39	80	0.4875000
NODE_3011_length_1329_cov_17.036585	873	953	3	29	80	0.3625000
NODE_3012_length_1329_cov_16.341463	428	476	21	1	48	0.0208333
NODE_3012_length_1329_cov_16.341463	428	476	24	1	48	0.0208333
NODE_3012_length_1329_cov_16.341463	428	476	25	6	48	0.1250000
NODE_3012_length_1329_cov_16.341463	428	476	26	2	48	0.0416667
NODE_3012_length_1329_cov_16.341463	428	476	27	6	48	0.1250000
NODE_3012_length_1329_cov_16.341463	428	476	29	26	48	0.5416667
NODE_3012_length_1329_cov_16.341463	428	476	31	3	48	0.0625000
NODE_3012_length_1329_cov_16.341463	428	476	33	1	48	0.0208333
NODE_3012_length_1329_cov_16.341463	428	476	34	1	48	0.0208333
NODE_3012_length_1329_cov_16.341463	428	476	35	1	48	0.0208333
NODE_3013_length_1329_cov_5.620325	888	955	0	67	67	1.0000000
NODE_3013_length_1329_cov_5.620325	941	999	0	14	58	0.2413793
NODE_3013_length_1329_cov_5.620325	941	999	2	6	58	0.1034483
NODE_3013_length_1329_cov_5.620325	941	999	4	9	58	0.1551724
NODE_3013_length_1329_cov_5.620325	941	999	6	29	58	0.5000000
NODE_3017_length_1328_cov_12.954434	794	874	0	80	80	1.0000000
NODE_3017_length_1328_cov_12.954434	847	927	0	80	80	1.0000000
NODE_3018_length_1328_cov_8.810415	762	842	6	17	80	0.2125000
NODE_3018_length_1328_cov_8.810415	762	842	7	63	80	0.7875000
NODE_3018_length_1328_cov_8.810415	815	895	0	23	80	0.2875000
NODE_3018_length_1328_cov_8.810415	815	895	2	22	80	0.2750000
NODE_3018_length_1328_cov_8.810415	815	895	4	8	80	0.1000000
NODE_3018_length_1328_cov_8.810415	815	895	6	17	80	0.2125000
NODE_3018_length_1328_cov_8.810415	815	895	7	10	80	0.1250000
NODE_3021_length_1327_cov_15.938925	260	340	0	7	80	0.0875000
NODE_3021_length_1327_cov_15.938925	260	340	2	31	80	0.3875000
NODE_3021_length_1327_cov_15.938925	260	340	4	4	80	0.0500000
NODE_3021_length_1327_cov_15.938925	260	340	12	6	80	0.0750000
NODE_3021_length_1327_cov_15.938925	260	340	18	5	80	0.0625000
NODE_3021_length_1327_cov_15.938925	260	340	20	3	80	0.0375000
NODE_3021_length_1327_cov_15.938925	260	340	22	11	80	0.1375000
NODE_3021_length_1327_cov_15.938925	260	340	28	13	80	0.1625000
NODE_3021_length_1327_cov_15.938925	313	393	20	3	80	0.0375000
NODE_3021_length_1327_cov_15.938925	313	393	22	11	80	0.1375000
NODE_3021_length_1327_cov_15.938925	313	393	26	6	80	0.0750000
NODE_3021_length_1327_cov_15.938925	313	393	28	60	80	0.7500000
NODE_3022_length_1327_cov_7.274430	159	235	10	29	76	0.3815790
NODE_3022_length_1327_cov_7.274430	159	235	12	47	76	0.6184211
NODE_3022_length_1327_cov_7.274430	774	854	6	20	80	0.2500000
NODE_3022_length_1327_cov_7.274430	774	854	7	17	80	0.2125000
NODE_3022_length_1327_cov_7.274430	774	854	9	29	80	0.3625000
NODE_3022_length_1327_cov_7.274430	774	854	10	14	80	0.1750000
NODE_3022_length_1327_cov_7.274430	827	890	1	1	63	0.0158730
NODE_3022_length_1327_cov_7.274430	827	890	5	1	63	0.0158730
NODE_3022_length_1327_cov_7.274430	827	890	6	31	63	0.4920635
NODE_3022_length_1327_cov_7.274430	827	890	7	20	63	0.3174603
NODE_3022_length_1327_cov_7.274430	827	890	9	10	63	0.1587302
NODE_3023_length_1327_cov_6.486156	896	976	0	80	80	1.0000000
NODE_3023_length_1327_cov_6.486156	949	1029	0	80	80	1.0000000
NODE_3029_length_1326_cov_32.382233	571	651	0	4	80	0.0500000
NODE_3029_length_1326_cov_32.382233	571	651	2	4	80	0.0500000
NODE_3029_length_1326_cov_32.382233	571	651	5	3	80	0.0375000
NODE_3029_length_1326_cov_32.382233	571	651	7	35	80	0.4375000
NODE_3029_length_1326_cov_32.382233	571	651	9	25	80	0.3125000
NODE_3029_length_1326_cov_32.382233	571	651	17	9	80	0.1125000
NODE_3029_length_1326_cov_32.382233	624	704	9	18	80	0.2250000
NODE_3029_length_1326_cov_32.382233	624	704	10	23	80	0.2875000
NODE_3029_length_1326_cov_32.382233	624	704	12	17	80	0.2125000
NODE_3029_length_1326_cov_32.382233	624	704	15	3	80	0.0375000
NODE_3029_length_1326_cov_32.382233	624	704	17	19	80	0.2375000
NODE_3030_length_1326_cov_30.614507	760	840	2	80	80	1.0000000
NODE_3030_length_1326_cov_30.614507	813	893	0	8	80	0.1000000
NODE_3030_length_1326_cov_30.614507	813	893	1	3	80	0.0375000
NODE_3030_length_1326_cov_30.614507	813	893	2	69	80	0.8625000
NODE_3031_length_1326_cov_30.304808	488	568	2	6	80	0.0750000
NODE_3031_length_1326_cov_30.304808	488	568	4	46	80	0.5750000
NODE_3031_length_1326_cov_30.304808	488	568	6	28	80	0.3500000
NODE_3031_length_1326_cov_30.304808	541	621	2	52	80	0.6500000
NODE_3031_length_1326_cov_30.304808	541	621	4	14	80	0.1750000
NODE_3031_length_1326_cov_30.304808	541	621	6	14	80	0.1750000
NODE_3031_length_1326_cov_30.304808	617	697	2	62	80	0.7750000
NODE_3031_length_1326_cov_30.304808	617	697	4	16	80	0.2000000
NODE_3031_length_1326_cov_30.304808	617	697	6	2	80	0.0250000
NODE_3031_length_1326_cov_30.304808	670	750	2	25	80	0.3125000
NODE_3031_length_1326_cov_30.304808	670	750	4	16	80	0.2000000
NODE_3031_length_1326_cov_30.304808	670	750	6	39	80	0.4875000
NODE_3032_length_1326_cov_10.913610	238	318	0	74	80	0.9250000
NODE_3032_length_1326_cov_10.913610	238	318	2	6	80	0.0750000
NODE_3032_length_1326_cov_10.913610	291	371	0	80	80	1.0000000
NODE_3036_length_1325_cov_38.136215	0	46	2	5	46	0.1086956
NODE_3036_length_1325_cov_38.136215	0	46	6	41	46	0.8913044
NODE_3036_length_1325_cov_38.136215	19	99	6	78	80	0.9750000
NODE_3036_length_1325_cov_38.136215	19	99	8	2	80	0.0250000
NODE_3036_length_1325_cov_38.136215	948	1022	19	7	74	0.0945946
NODE_3036_length_1325_cov_38.136215	948	1022	22	4	74	0.0540541
NODE_3036_length_1325_cov_38.136215	948	1022	23	12	74	0.1621622
NODE_3036_length_1325_cov_38.136215	948	1022	24	16	74	0.2162162
NODE_3036_length_1325_cov_38.136215	948	1022	25	13	74	0.1756757
NODE_3036_length_1325_cov_38.136215	948	1022	26	11	74	0.1486486
NODE_3036_length_1325_cov_38.136215	948	1022	27	11	74	0.1486486
NODE_3036_length_1325_cov_38.136215	1001	1063	10	19	62	0.3064516
NODE_3036_length_1325_cov_38.136215	1001	1063	12	7	62	0.1129032
NODE_3036_length_1325_cov_38.136215	1001	1063	14	1	62	0.0161290
NODE_3036_length_1325_cov_38.136215	1001	1063	16	1	62	0.0161290
NODE_3036_length_1325_cov_38.136215	1001	1063	18	3	62	0.0483871
NODE_3036_length_1325_cov_38.136215	1001	1063	22	4	62	0.0645161
NODE_3036_length_1325_cov_38.136215	1001	1063	23	4	62	0.0645161
NODE_3036_length_1325_cov_38.136215	1001	1063	24	3	62	0.0483871
NODE_3036_length_1325_cov_38.136215	1001	1063	25	9	62	0.1451613
NODE_3036_length_1325_cov_38.136215	1001	1063	26	11	62	0.1774193
NODE_3037_length_1325_cov_29.201468	613	693	4	60	80	0.7500000
NODE_3037_length_1325_cov_29.201468	613	693	6	20	80	0.2500000
NODE_3037_length_1325_cov_29.201468	666	746	4	15	80	0.1875000
NODE_3037_length_1325_cov_29.201468	666	746	6	65	80	0.8125000
NODE_3038_length_1325_cov_11.902121	697	777	8	80	80	1.0000000
NODE_3038_length_1325_cov_11.902121	750	830	0	16	80	0.2000000
NODE_3038_length_1325_cov_11.902121	750	830	2	10	80	0.1250000
NODE_3038_length_1325_cov_11.902121	750	830	8	54	80	0.6750000
NODE_3039_length_1325_cov_7.876835	645	725	0	28	80	0.3500000
NODE_3039_length_1325_cov_7.876835	645	725	2	7	80	0.0875000
NODE_3039_length_1325_cov_7.876835	645	725	3	9	80	0.1125000
NODE_3039_length_1325_cov_7.876835	645	725	4	36	80	0.4500000
NODE_3039_length_1325_cov_7.876835	698	778	4	80	80	1.0000000
NODE_3040_length_1325_cov_3.774062	1157	1218	2	20	61	0.3278688
NODE_3040_length_1325_cov_3.774062	1157	1218	6	13	61	0.2131148
NODE_3040_length_1325_cov_3.774062	1157	1218	8	28	61	0.4590164
NODE_3040_length_1325_cov_3.774062	1191	1271	6	8	80	0.1000000
NODE_3040_length_1325_cov_3.774062	1191	1271	8	72	80	0.9000000
NODE_3041_length_1325_cov_2.896411	0	58	0	15	58	0.2586207
NODE_3041_length_1325_cov_2.896411	0	58	4	7	58	0.1206897
NODE_3041_length_1325_cov_2.896411	0	58	6	4	58	0.0689655
NODE_3041_length_1325_cov_2.896411	0	58	8	32	58	0.5517241
NODE_3041_length_1325_cov_2.896411	8	67	0	7	59	0.1186441
NODE_3041_length_1325_cov_2.896411	8	67	4	7	59	0.1186441
NODE_3041_length_1325_cov_2.896411	8	67	6	4	59	0.0677966
NODE_3041_length_1325_cov_2.896411	8	67	8	41	59	0.6949152
NODE_3046_length_1324_cov_30.340408	939	1019	6	17	80	0.2125000
NODE_3046_length_1324_cov_30.340408	939	1019	8	1	80	0.0125000
NODE_3046_length_1324_cov_30.340408	939	1019	10	4	80	0.0500000
NODE_3046_length_1324_cov_30.340408	939	1019	14	2	80	0.0250000
NODE_3046_length_1324_cov_30.340408	939	1019	15	6	80	0.0750000
NODE_3046_length_1324_cov_30.340408	939	1019	17	35	80	0.4375000
NODE_3046_length_1324_cov_30.340408	939	1019	18	15	80	0.1875000
NODE_3046_length_1324_cov_30.340408	992	1072	2	23	80	0.2875000
NODE_3046_length_1324_cov_30.340408	992	1072	6	47	80	0.5875000
NODE_3046_length_1324_cov_30.340408	992	1072	8	1	80	0.0125000
NODE_3046_length_1324_cov_30.340408	992	1072	10	1	80	0.0125000
NODE_3046_length_1324_cov_30.340408	992	1072	18	8	80	0.1000000
NODE_3047_length_1324_cov_7.391020	742	822	0	23	80	0.2875000
NODE_3047_length_1324_cov_7.391020	742	822	2	57	80	0.7125000
NODE_3047_length_1324_cov_7.391020	795	875	0	10	80	0.1250000
NODE_3047_length_1324_cov_7.391020	795	875	2	70	80	0.8750000
NODE_3053_length_1323_cov_30.600490	392	472	0	10	80	0.1250000
NODE_3053_length_1323_cov_30.600490	392	472	4	33	80	0.4125000
NODE_3053_length_1323_cov_30.600490	392	472	6	37	80	0.4625000
NODE_3053_length_1323_cov_30.600490	445	525	6	80	80	1.0000000
NODE_3053_length_1323_cov_30.600490	521	601	0	61	80	0.7625000
NODE_3053_length_1323_cov_30.600490	521	601	2	4	80	0.0500000
NODE_3053_length_1323_cov_30.600490	521	601	6	15	80	0.1875000
NODE_3053_length_1323_cov_30.600490	574	654	0	17	80	0.2125000
NODE_3053_length_1323_cov_30.600490	574	654	6	14	80	0.1750000
NODE_3053_length_1323_cov_30.600490	574	654	8	49	80	0.6125000
NODE_3054_length_1323_cov_20.888889	758	838	9	11	80	0.1375000
NODE_3054_length_1323_cov_20.888889	758	838	15	3	80	0.0375000
NODE_3054_length_1323_cov_20.888889	758	838	16	33	80	0.4125000
NODE_3054_length_1323_cov_20.888889	758	838	18	33	80	0.4125000
NODE_3054_length_1323_cov_20.888889	811	891	5	28	80	0.3500000
NODE_3054_length_1323_cov_20.888889	811	891	9	36	80	0.4500000
NODE_3054_length_1323_cov_20.888889	811	891	15	3	80	0.0375000
NODE_3054_length_1323_cov_20.888889	811	891	16	13	80	0.1625000
NODE_3061_length_1322_cov_8.988553	287	368	2	11	81	0.1358025
NODE_3061_length_1322_cov_8.988553	287	368	3	15	81	0.1851852
NODE_3061_length_1322_cov_8.988553	287	368	4	55	81	0.6790124
NODE_3061_length_1322_cov_8.988553	341	421	0	43	80	0.5375000
NODE_3061_length_1322_cov_8.988553	341	421	2	21	80	0.2625000
NODE_3061_length_1322_cov_8.988553	341	421	3	15	80	0.1875000
NODE_3061_length_1322_cov_8.988553	341	421	4	1	80	0.0125000
NODE_3061_length_1322_cov_8.988553	417	497	0	23	80	0.2875000
NODE_3061_length_1322_cov_8.988553	417	497	3	1	80	0.0125000
NODE_3061_length_1322_cov_8.988553	417	497	4	56	80	0.7000000
NODE_3061_length_1322_cov_8.988553	470	550	0	5	80	0.0625000
NODE_3061_length_1322_cov_8.988553	470	550	4	75	80	0.9375000
NODE_3068_length_1321_cov_57.885434	359	439	0	80	80	1.0000000
NODE_3068_length_1321_cov_57.885434	412	492	0	80	80	1.0000000
NODE_3068_length_1321_cov_57.885434	488	568	0	10	80	0.1250000
NODE_3068_length_1321_cov_57.885434	488	568	8	36	80	0.4500000
NODE_3068_length_1321_cov_57.885434	488	568	14	34	80	0.4250000
NODE_3068_length_1321_cov_57.885434	541	621	6	27	80	0.3375000
NODE_3068_length_1321_cov_57.885434	541	621	14	53	80	0.6625000
NODE_3071_length_1320_cov_70.753481	432	512	18	30	80	0.3750000
NODE_3071_length_1320_cov_70.753481	432	512	20	1	80	0.0125000
NODE_3071_length_1320_cov_70.753481	432	512	25	1	80	0.0125000
NODE_3071_length_1320_cov_70.753481	432	512	26	8	80	0.1000000
NODE_3071_length_1320_cov_70.753481	432	512	30	40	80	0.5000000
NODE_3071_length_1320_cov_70.753481	485	565	10	27	80	0.3375000
NODE_3071_length_1320_cov_70.753481	485	565	12	5	80	0.0625000
NODE_3071_length_1320_cov_70.753481	485	565	30	48	80	0.6000000
NODE_3071_length_1320_cov_70.753481	561	641	0	8	80	0.1000000
NODE_3071_length_1320_cov_70.753481	561	641	4	47	80	0.5875000
NODE_3071_length_1320_cov_70.753481	561	641	6	17	80	0.2125000
NODE_3071_length_1320_cov_70.753481	561	641	10	8	80	0.1000000
NODE_3071_length_1320_cov_70.753481	614	694	4	80	80	1.0000000
NODE_3072_length_1320_cov_39.149058	715	795	0	3	80	0.0375000
NODE_3072_length_1320_cov_39.149058	715	795	1	17	80	0.2125000
NODE_3072_length_1320_cov_39.149058	715	795	2	60	80	0.7500000
NODE_3072_length_1320_cov_39.149058	768	848	0	23	80	0.2875000
NODE_3072_length_1320_cov_39.149058	768	848	1	17	80	0.2125000
NODE_3072_length_1320_cov_39.149058	768	848	2	40	80	0.5000000
NODE_3072_length_1320_cov_39.149058	844	924	0	16	80	0.2000000
NODE_3072_length_1320_cov_39.149058	844	924	2	64	80	0.8000000
NODE_3072_length_1320_cov_39.149058	897	977	0	69	80	0.8625000
NODE_3072_length_1320_cov_39.149058	897	977	2	11	80	0.1375000
NODE_3073_length_1320_cov_19.175266	707	783	0	76	76	1.0000000
NODE_3073_length_1320_cov_19.175266	760	840	0	80	80	1.0000000
NODE_3074_length_1320_cov_11.224406	860	940	0	7	80	0.0875000
NODE_3074_length_1320_cov_11.224406	860	940	2	26	80	0.3250000
NODE_3074_length_1320_cov_11.224406	860	940	4	6	80	0.0750000
NODE_3074_length_1320_cov_11.224406	860	940	5	1	80	0.0125000
NODE_3074_length_1320_cov_11.224406	860	940	7	4	80	0.0500000
NODE_3074_length_1320_cov_11.224406	860	940	8	1	80	0.0125000
NODE_3074_length_1320_cov_11.224406	860	940	9	20	80	0.2500000
NODE_3074_length_1320_cov_11.224406	860	940	15	15	80	0.1875000
NODE_3074_length_1320_cov_11.224406	913	993	9	12	80	0.1500000
NODE_3074_length_1320_cov_11.224406	913	993	11	7	80	0.0875000
NODE_3074_length_1320_cov_11.224406	913	993	13	9	80	0.1125000
NODE_3074_length_1320_cov_11.224406	913	993	15	52	80	0.6500000
NODE_3075_length_1320_cov_11.036036	760	840	0	32	80	0.4000000
NODE_3075_length_1320_cov_11.036036	760	840	2	48	80	0.6000000
NODE_3075_length_1320_cov_11.036036	813	893	0	44	80	0.5500000
NODE_3075_length_1320_cov_11.036036	813	893	2	36	80	0.4500000
NODE_3076_length_1320_cov_8.357084	800	880	0	14	80	0.1750000
NODE_3076_length_1320_cov_8.357084	800	880	2	66	80	0.8250000
NODE_3076_length_1320_cov_8.357084	853	933	0	33	80	0.4125000
NODE_3076_length_1320_cov_8.357084	853	933	2	47	80	0.5875000
NODE_3080_length_1319_cov_27.098361	630	710	6	15	80	0.1875000
NODE_3080_length_1319_cov_27.098361	630	710	10	22	80	0.2750000
NODE_3080_length_1319_cov_27.098361	630	710	11	5	80	0.0625000
NODE_3080_length_1319_cov_27.098361	630	710	12	3	80	0.0375000
NODE_3080_length_1319_cov_27.098361	630	710	14	21	80	0.2625000
NODE_3080_length_1319_cov_27.098361	630	710	16	14	80	0.1750000
NODE_3080_length_1319_cov_27.098361	683	763	0	22	80	0.2750000
NODE_3080_length_1319_cov_27.098361	683	763	2	5	80	0.0625000
NODE_3080_length_1319_cov_27.098361	683	763	4	7	80	0.0875000
NODE_3080_length_1319_cov_27.098361	683	763	6	34	80	0.4250000
NODE_3080_length_1319_cov_27.098361	683	763	11	5	80	0.0625000
NODE_3080_length_1319_cov_27.098361	683	763	16	7	80	0.0875000
NODE_3081_length_1319_cov_22.992623	490	570	10	80	80	1.0000000
NODE_3081_length_1319_cov_22.992623	543	623	10	80	80	1.0000000
NODE_3086_length_1318_cov_13.624282	642	722	0	7	80	0.0875000
NODE_3086_length_1318_cov_13.624282	642	722	4	73	80	0.9125000
NODE_3086_length_1318_cov_13.624282	695	775	0	60	80	0.7500000
NODE_3086_length_1318_cov_13.624282	695	775	4	20	80	0.2500000
NODE_3086_length_1318_cov_13.624282	771	851	0	80	80	1.0000000
NODE_3086_length_1318_cov_13.624282	824	904	0	80	80	1.0000000
NODE_3089_length_1317_cov_162.041872	66	143	14	11	77	0.1428571
NODE_3089_length_1317_cov_162.041872	66	143	16	13	77	0.1688312
NODE_3089_length_1317_cov_162.041872	66	143	18	50	77	0.6493506
NODE_3089_length_1317_cov_162.041872	66	143	45	1	77	0.0129870
NODE_3089_length_1317_cov_162.041872	66	143	53	1	77	0.0129870
NODE_3089_length_1317_cov_162.041872	66	143	61	1	77	0.0129870
NODE_3090_length_1317_cov_19.736453	675	755	0	8	80	0.1000000
NODE_3090_length_1317_cov_19.736453	675	755	4	16	80	0.2000000
NODE_3090_length_1317_cov_19.736453	675	755	6	14	80	0.1750000
NODE_3090_length_1317_cov_19.736453	675	755	8	42	80	0.5250000
NODE_3090_length_1317_cov_19.736453	728	808	2	7	80	0.0875000
NODE_3090_length_1317_cov_19.736453	728	808	6	7	80	0.0875000
NODE_3090_length_1317_cov_19.736453	728	808	8	66	80	0.8250000
NODE_3090_length_1317_cov_19.736453	804	884	0	19	80	0.2375000
NODE_3090_length_1317_cov_19.736453	804	884	2	40	80	0.5000000
NODE_3090_length_1317_cov_19.736453	804	884	8	21	80	0.2625000
NODE_3090_length_1317_cov_19.736453	857	937	2	6	80	0.0750000
NODE_3090_length_1317_cov_19.736453	857	937	8	74	80	0.9250000
NODE_3092_length_1317_cov_2.203612	779	859	0	80	80	1.0000000
NODE_3095_length_1316_cov_25.377157	557	637	10	8	80	0.1000000
NODE_3095_length_1316_cov_25.377157	557	637	11	11	80	0.1375000
NODE_3095_length_1316_cov_25.377157	557	637	12	2	80	0.0250000
NODE_3095_length_1316_cov_25.377157	557	637	14	8	80	0.1000000
NODE_3095_length_1316_cov_25.377157	557	637	15	25	80	0.3125000
NODE_3095_length_1316_cov_25.377157	557	637	16	9	80	0.1125000
NODE_3095_length_1316_cov_25.377157	557	637	17	17	80	0.2125000
NODE_3095_length_1316_cov_25.377157	610	690	6	20	80	0.2500000
NODE_3095_length_1316_cov_25.377157	610	690	8	15	80	0.1875000
NODE_3095_length_1316_cov_25.377157	610	690	10	14	80	0.1750000
NODE_3095_length_1316_cov_25.377157	610	690	11	11	80	0.1375000
NODE_3095_length_1316_cov_25.377157	610	690	12	14	80	0.1750000
NODE_3095_length_1316_cov_25.377157	610	690	15	2	80	0.0250000
NODE_3095_length_1316_cov_25.377157	610	690	17	4	80	0.0500000
NODE_3096_length_1316_cov_15.891537	446	526	6	14	80	0.1750000
NODE_3096_length_1316_cov_15.891537	446	526	7	17	80	0.2125000
NODE_3096_length_1316_cov_15.891537	446	526	8	21	80	0.2625000
NODE_3096_length_1316_cov_15.891537	446	526	9	2	80	0.0250000
NODE_3096_length_1316_cov_15.891537	446	526	10	26	80	0.3250000
NODE_3096_length_1316_cov_15.891537	499	579	2	15	80	0.1875000
NODE_3096_length_1316_cov_15.891537	499	579	4	10	80	0.1250000
NODE_3096_length_1316_cov_15.891537	499	579	6	42	80	0.5250000
NODE_3096_length_1316_cov_15.891537	499	579	7	1	80	0.0125000
NODE_3096_length_1316_cov_15.891537	499	579	8	10	80	0.1250000
NODE_3096_length_1316_cov_15.891537	499	579	9	2	80	0.0250000
NODE_3096_length_1316_cov_15.891537	575	655	0	26	80	0.3250000
NODE_3096_length_1316_cov_15.891537	575	655	2	54	80	0.6750000
NODE_3096_length_1316_cov_15.891537	628	708	0	79	80	0.9875000
NODE_3096_length_1316_cov_15.891537	628	708	2	1	80	0.0125000
NODE_3101_length_1315_cov_24.136513	592	672	4	80	80	1.0000000
NODE_3101_length_1315_cov_24.136513	645	725	0	38	80	0.4750000
NODE_3101_length_1315_cov_24.136513	645	725	2	14	80	0.1750000
NODE_3101_length_1315_cov_24.136513	645	725	4	28	80	0.3500000
NODE_3105_length_1314_cov_38.391770	647	727	0	18	80	0.2250000
NODE_3105_length_1314_cov_38.391770	647	727	2	1	80	0.0125000
NODE_3105_length_1314_cov_38.391770	647	727	6	61	80	0.7625000
NODE_3105_length_1314_cov_38.391770	700	780	4	5	80	0.0625000
NODE_3105_length_1314_cov_38.391770	700	780	6	75	80	0.9375000
NODE_3105_length_1314_cov_38.391770	776	856	2	10	80	0.1250000
NODE_3105_length_1314_cov_38.391770	776	856	6	70	80	0.8750000
NODE_3105_length_1314_cov_38.391770	829	909	0	3	80	0.0375000
NODE_3105_length_1314_cov_38.391770	829	909	4	50	80	0.6250000
NODE_3105_length_1314_cov_38.391770	829	909	6	27	80	0.3375000
NODE_3106_length_1314_cov_30.167078	736	816	12	1	80	0.0125000
NODE_3106_length_1314_cov_30.167078	736	816	16	37	80	0.4625000
NODE_3106_length_1314_cov_30.167078	736	816	18	42	80	0.5250000
NODE_3106_length_1314_cov_30.167078	789	869	0	37	80	0.4625000
NODE_3106_length_1314_cov_30.167078	789	869	16	43	80	0.5375000
NODE_3107_length_1314_cov_11.221399	523	603	0	7	80	0.0875000
NODE_3107_length_1314_cov_11.221399	523	603	8	8	80	0.1000000
NODE_3107_length_1314_cov_11.221399	523	603	14	47	80	0.5875000
NODE_3107_length_1314_cov_11.221399	523	603	15	18	80	0.2250000
NODE_3107_length_1314_cov_11.221399	576	656	13	16	80	0.2000000
NODE_3107_length_1314_cov_11.221399	576	656	14	40	80	0.5000000
NODE_3107_length_1314_cov_11.221399	576	656	15	24	80	0.3000000
NODE_3114_length_1313_cov_29.315486	463	543	2	80	80	1.0000000
NODE_3114_length_1313_cov_29.315486	516	596	0	42	80	0.5250000
NODE_3114_length_1313_cov_29.315486	516	596	2	38	80	0.4750000
NODE_3115_length_1313_cov_25.144975	709	789	6	31	80	0.3875000
NODE_3115_length_1313_cov_25.144975	709	789	7	9	80	0.1125000
NODE_3115_length_1313_cov_25.144975	709	789	8	25	80	0.3125000
NODE_3115_length_1313_cov_25.144975	709	789	10	15	80	0.1875000
NODE_3115_length_1313_cov_25.144975	762	842	4	34	80	0.4250000
NODE_3115_length_1313_cov_25.144975	762	842	6	2	80	0.0250000
NODE_3115_length_1313_cov_25.144975	762	842	8	12	80	0.1500000
NODE_3115_length_1313_cov_25.144975	762	842	10	32	80	0.4000000
NODE_3115_length_1313_cov_25.144975	838	918	0	19	80	0.2375000
NODE_3115_length_1313_cov_25.144975	838	918	1	9	80	0.1125000
NODE_3115_length_1313_cov_25.144975	838	918	2	17	80	0.2125000
NODE_3115_length_1313_cov_25.144975	838	918	4	35	80	0.4375000
NODE_3115_length_1313_cov_25.144975	891	971	0	72	80	0.9000000
NODE_3115_length_1313_cov_25.144975	891	971	1	8	80	0.1000000
NODE_3118_length_1312_cov_20.378401	138	218	15	42	80	0.5250000
NODE_3118_length_1312_cov_20.378401	138	218	20	1	80	0.0125000
NODE_3118_length_1312_cov_20.378401	138	218	21	19	80	0.2375000
NODE_3118_length_1312_cov_20.378401	138	218	22	18	80	0.2250000
NODE_3118_length_1312_cov_20.378401	191	271	8	18	80	0.2250000
NODE_3118_length_1312_cov_20.378401	191	271	21	9	80	0.1125000
NODE_3118_length_1312_cov_20.378401	191	271	22	23	80	0.2875000
NODE_3118_length_1312_cov_20.378401	191	271	24	30	80	0.3750000
NODE_3121_length_1311_cov_38.468647	584	664	7	12	80	0.1500000
NODE_3121_length_1311_cov_38.468647	584	664	9	62	80	0.7750000
NODE_3121_length_1311_cov_38.468647	584	664	11	6	80	0.0750000
NODE_3121_length_1311_cov_38.468647	637	717	7	6	80	0.0750000
NODE_3121_length_1311_cov_38.468647	637	717	9	19	80	0.2375000
NODE_3121_length_1311_cov_38.468647	637	717	10	13	80	0.1625000
NODE_3121_length_1311_cov_38.468647	637	717	11	42	80	0.5250000
NODE_3121_length_1311_cov_38.468647	713	793	2	3	80	0.0375000
NODE_3121_length_1311_cov_38.468647	713	793	4	50	80	0.6250000
NODE_3121_length_1311_cov_38.468647	713	793	9	7	80	0.0875000
NODE_3121_length_1311_cov_38.468647	713	793	10	16	80	0.2000000
NODE_3121_length_1311_cov_38.468647	713	793	11	4	80	0.0500000
NODE_3121_length_1311_cov_38.468647	766	846	2	23	80	0.2875000
NODE_3121_length_1311_cov_38.468647	766	846	4	57	80	0.7125000
NODE_3125_length_1310_cov_37.739884	679	759	0	32	80	0.4000000
NODE_3125_length_1310_cov_37.739884	679	759	2	14	80	0.1750000
NODE_3125_length_1310_cov_37.739884	679	759	8	2	80	0.0250000
NODE_3125_length_1310_cov_37.739884	679	759	14	32	80	0.4000000
NODE_3125_length_1310_cov_37.739884	683	763	0	28	80	0.3500000
NODE_3125_length_1310_cov_37.739884	683	763	2	14	80	0.1750000
NODE_3125_length_1310_cov_37.739884	683	763	8	2	80	0.0250000
NODE_3125_length_1310_cov_37.739884	683	763	14	36	80	0.4500000
NODE_3125_length_1310_cov_37.739884	732	816	11	13	84	0.1547619
NODE_3125_length_1310_cov_37.739884	732	816	12	2	84	0.0238095
NODE_3125_length_1310_cov_37.739884	732	816	14	69	84	0.8214286
NODE_3125_length_1310_cov_37.739884	736	816	11	13	80	0.1625000
NODE_3125_length_1310_cov_37.739884	736	816	12	2	80	0.0250000
NODE_3125_length_1310_cov_37.739884	736	816	14	65	80	0.8125000
NODE_3125_length_1310_cov_37.739884	812	892	0	28	80	0.3500000
NODE_3125_length_1310_cov_37.739884	812	892	5	1	80	0.0125000
NODE_3125_length_1310_cov_37.739884	812	892	6	39	80	0.4875000
NODE_3125_length_1310_cov_37.739884	812	892	11	12	80	0.1500000
NODE_3125_length_1310_cov_37.739884	865	945	0	80	80	1.0000000
NODE_3126_length_1310_cov_12.245252	615	695	0	80	80	1.0000000
NODE_3126_length_1310_cov_12.245252	668	748	0	80	80	1.0000000
NODE_3127_length_1310_cov_10.184971	422	502	2	80	80	1.0000000
NODE_3127_length_1310_cov_10.184971	475	555	0	49	80	0.6125000
NODE_3127_length_1310_cov_10.184971	475	555	2	31	80	0.3875000
NODE_3128_length_1310_cov_3.186623	876	956	2	66	80	0.8250000
NODE_3128_length_1310_cov_3.186623	876	956	4	14	80	0.1750000
NODE_3128_length_1310_cov_3.186623	929	1009	0	23	80	0.2875000
NODE_3128_length_1310_cov_3.186623	929	1009	2	57	80	0.7125000
NODE_3131_length_1310_cov_0.757225	1255	1310	0	55	55	1.0000000
NODE_3132_length_1309_cov_34.942149	474	554	0	80	80	1.0000000
NODE_3132_length_1309_cov_34.942149	527	607	0	80	80	1.0000000
NODE_3132_length_1309_cov_34.942149	603	683	0	25	80	0.3125000
NODE_3132_length_1309_cov_34.942149	603	683	6	55	80	0.6875000
NODE_3132_length_1309_cov_34.942149	656	736	6	80	80	1.0000000
NODE_3133_length_1309_cov_10.571074	839	921	0	82	82	1.0000000
NODE_3133_length_1309_cov_10.571074	894	974	0	80	80	1.0000000
NODE_3135_length_1308_cov_43.461538	330	410	2	80	80	1.0000000
NODE_3135_length_1308_cov_43.461538	383	463	0	9	80	0.1125000
NODE_3135_length_1308_cov_43.461538	383	463	2	71	80	0.8875000
NODE_3145_length_1307_cov_11.290563	595	673	2	78	78	1.0000000
NODE_3145_length_1307_cov_11.290563	646	726	0	51	80	0.6375000
NODE_3145_length_1307_cov_11.290563	646	726	2	29	80	0.3625000
NODE_3146_length_1307_cov_8.653146	430	510	0	20	80	0.2500000
NODE_3146_length_1307_cov_8.653146	430	510	2	15	80	0.1875000
NODE_3146_length_1307_cov_8.653146	430	510	4	45	80	0.5625000
NODE_3146_length_1307_cov_8.653146	483	563	2	45	80	0.5625000
NODE_3146_length_1307_cov_8.653146	483	563	4	35	80	0.4375000
NODE_3153_length_1306_cov_26.813587	369	449	4	63	80	0.7875000
NODE_3153_length_1306_cov_26.813587	369	449	6	17	80	0.2125000
NODE_3153_length_1306_cov_26.813587	422	502	3	2	80	0.0250000
NODE_3153_length_1306_cov_26.813587	422	502	4	72	80	0.9000000
NODE_3153_length_1306_cov_26.813587	422	502	5	2	80	0.0250000
NODE_3153_length_1306_cov_26.813587	422	502	6	4	80	0.0500000
NODE_3153_length_1306_cov_26.813587	498	578	4	28	80	0.3500000
NODE_3153_length_1306_cov_26.813587	498	578	6	52	80	0.6500000
NODE_3153_length_1306_cov_26.813587	551	631	2	2	80	0.0250000
NODE_3153_length_1306_cov_26.813587	551	631	4	54	80	0.6750000
NODE_3153_length_1306_cov_26.813587	551	631	6	24	80	0.3000000
NODE_3154_length_1306_cov_24.904722	634	714	4	17	80	0.2125000
NODE_3154_length_1306_cov_24.904722	634	714	6	23	80	0.2875000
NODE_3154_length_1306_cov_24.904722	634	714	8	16	80	0.2000000
NODE_3154_length_1306_cov_24.904722	634	714	10	20	80	0.2500000
NODE_3154_length_1306_cov_24.904722	634	714	12	4	80	0.0500000
NODE_3154_length_1306_cov_24.904722	687	767	4	3	80	0.0375000
NODE_3154_length_1306_cov_24.904722	687	767	8	35	80	0.4375000
NODE_3154_length_1306_cov_24.904722	687	767	10	38	80	0.4750000
NODE_3154_length_1306_cov_24.904722	687	767	12	4	80	0.0500000
NODE_3155_length_1306_cov_18.274234	388	468	6	4	80	0.0500000
NODE_3155_length_1306_cov_18.274234	388	468	8	8	80	0.1000000
NODE_3155_length_1306_cov_18.274234	388	468	14	68	80	0.8500000
NODE_3155_length_1306_cov_18.274234	441	521	6	26	80	0.3250000
NODE_3155_length_1306_cov_18.274234	441	521	12	16	80	0.2000000
NODE_3155_length_1306_cov_18.274234	441	521	14	38	80	0.4750000
NODE_3156_length_1306_cov_15.176471	1214	1294	0	80	80	1.0000000
NODE_3157_length_1306_cov_12.699254	458	538	2	80	80	1.0000000
NODE_3157_length_1306_cov_12.699254	511	591	0	11	80	0.1375000
NODE_3157_length_1306_cov_12.699254	511	591	2	69	80	0.8625000
NODE_3158_length_1306_cov_9.958575	630	710	2	12	80	0.1500000
NODE_3158_length_1306_cov_9.958575	630	710	4	68	80	0.8500000
NODE_3158_length_1306_cov_9.958575	683	764	2	33	81	0.4074074
NODE_3158_length_1306_cov_9.958575	683	764	3	32	81	0.3950617
NODE_3158_length_1306_cov_9.958575	683	764	4	16	81	0.1975309
NODE_3159_length_1306_cov_2.739851	1206	1246	0	40	40	1.0000000
NODE_3168_length_1304_cov_28.444813	511	591	0	24	80	0.3000000
NODE_3168_length_1304_cov_28.444813	511	591	1	20	80	0.2500000
NODE_3168_length_1304_cov_28.444813	511	591	2	36	80	0.4500000
NODE_3168_length_1304_cov_28.444813	564	644	0	4	80	0.0500000
NODE_3168_length_1304_cov_28.444813	564	644	2	76	80	0.9500000
NODE_3168_length_1304_cov_28.444813	640	720	0	30	80	0.3750000
NODE_3168_length_1304_cov_28.444813	640	720	2	17	80	0.2125000
NODE_3168_length_1304_cov_28.444813	640	720	12	17	80	0.2125000
NODE_3168_length_1304_cov_28.444813	640	720	14	16	80	0.2000000
NODE_3168_length_1304_cov_28.444813	693	773	12	11	80	0.1375000
NODE_3168_length_1304_cov_28.444813	693	773	14	69	80	0.8625000
NODE_3169_length_1304_cov_27.137759	575	655	0	80	80	1.0000000
NODE_3169_length_1304_cov_27.137759	628	708	0	80	80	1.0000000
NODE_3169_length_1304_cov_27.137759	704	784	0	43	80	0.5375000
NODE_3169_length_1304_cov_27.137759	704	784	2	9	80	0.1125000
NODE_3169_length_1304_cov_27.137759	704	784	4	28	80	0.3500000
NODE_3169_length_1304_cov_27.137759	757	837	4	80	80	1.0000000
NODE_3171_length_1303_cov_36.546512	458	538	6	21	80	0.2625000
NODE_3171_length_1303_cov_36.546512	458	538	10	8	80	0.1000000
NODE_3171_length_1303_cov_36.546512	458	538	11	5	80	0.0625000
NODE_3171_length_1303_cov_36.546512	458	538	12	46	80	0.5750000
NODE_3171_length_1303_cov_36.546512	511	591	5	6	80	0.0750000
NODE_3171_length_1303_cov_36.546512	511	591	8	2	80	0.0250000
NODE_3171_length_1303_cov_36.546512	511	591	9	12	80	0.1500000
NODE_3171_length_1303_cov_36.546512	511	591	10	30	80	0.3750000
NODE_3171_length_1303_cov_36.546512	511	591	12	30	80	0.3750000
NODE_3171_length_1303_cov_36.546512	587	667	2	11	80	0.1375000
NODE_3171_length_1303_cov_36.546512	587	667	4	44	80	0.5500000
NODE_3171_length_1303_cov_36.546512	587	667	5	11	80	0.1375000
NODE_3171_length_1303_cov_36.546512	587	667	6	14	80	0.1750000
NODE_3171_length_1303_cov_36.546512	640	720	2	64	80	0.8000000
NODE_3171_length_1303_cov_36.546512	640	720	4	14	80	0.1750000
NODE_3171_length_1303_cov_36.546512	640	720	5	2	80	0.0250000
NODE_3174_length_1302_cov_22.265170	747	827	4	33	80	0.4125000
NODE_3174_length_1302_cov_22.265170	747	827	6	32	80	0.4000000
NODE_3174_length_1302_cov_22.265170	747	827	8	15	80	0.1875000
NODE_3174_length_1302_cov_22.265170	800	880	4	24	80	0.3000000
NODE_3174_length_1302_cov_22.265170	800	880	6	56	80	0.7000000
NODE_3175_length_1302_cov_16.199501	480	560	0	80	80	1.0000000
NODE_3175_length_1302_cov_16.199501	533	613	0	80	80	1.0000000
NODE_3176_length_1302_cov_6.953450	687	767	2	11	80	0.1375000
NODE_3176_length_1302_cov_6.953450	687	767	6	32	80	0.4000000
NODE_3176_length_1302_cov_6.953450	687	767	10	37	80	0.4625000
NODE_3176_length_1302_cov_6.953450	740	820	7	1	80	0.0125000
NODE_3176_length_1302_cov_6.953450	740	820	8	18	80	0.2250000
NODE_3176_length_1302_cov_6.953450	740	820	10	61	80	0.7625000
NODE_3179_length_1301_cov_31.711314	401	481	2	40	80	0.5000000
NODE_3179_length_1301_cov_31.711314	401	481	4	40	80	0.5000000
NODE_3179_length_1301_cov_31.711314	454	534	0	11	80	0.1375000
NODE_3179_length_1301_cov_31.711314	454	534	2	15	80	0.1875000
NODE_3179_length_1301_cov_31.711314	454	534	4	54	80	0.6750000
NODE_3181_length_1301_cov_5.529950	246	326	3	1	80	0.0125000
NODE_3181_length_1301_cov_5.529950	246	326	4	14	80	0.1750000
NODE_3181_length_1301_cov_5.529950	246	326	6	65	80	0.8125000
NODE_3181_length_1301_cov_5.529950	299	379	2	8	80	0.1000000
NODE_3181_length_1301_cov_5.529950	299	379	4	48	80	0.6000000
NODE_3181_length_1301_cov_5.529950	299	379	6	24	80	0.3000000
NODE_3186_length_1300_cov_39.109908	602	682	4	9	80	0.1125000
NODE_3186_length_1300_cov_39.109908	602	682	6	17	80	0.2125000
NODE_3186_length_1300_cov_39.109908	602	682	7	23	80	0.2875000
NODE_3186_length_1300_cov_39.109908	602	682	8	31	80	0.3875000
NODE_3186_length_1300_cov_39.109908	655	735	4	2	80	0.0250000
NODE_3186_length_1300_cov_39.109908	655	735	5	17	80	0.2125000
NODE_3186_length_1300_cov_39.109908	655	735	6	33	80	0.4125000
NODE_3186_length_1300_cov_39.109908	655	735	8	28	80	0.3500000
NODE_3187_length_1300_cov_34.360533	586	666	0	29	80	0.3625000
NODE_3187_length_1300_cov_34.360533	586	666	2	51	80	0.6375000
NODE_3187_length_1300_cov_34.360533	639	719	0	80	80	1.0000000
NODE_3188_length_1300_cov_4.659450	454	535	2	26	81	0.3209876
NODE_3188_length_1300_cov_4.659450	454	535	4	33	81	0.4074074
NODE_3188_length_1300_cov_4.659450	454	535	8	7	81	0.0864198
NODE_3188_length_1300_cov_4.659450	454	535	10	15	81	0.1851852
NODE_3188_length_1300_cov_4.659450	508	588	4	5	80	0.0625000
NODE_3188_length_1300_cov_4.659450	508	588	8	34	80	0.4250000
NODE_3188_length_1300_cov_4.659450	508	588	10	41	80	0.5125000
NODE_3189_length_1299_cov_29.071667	452	532	12	5	80	0.0625000
NODE_3189_length_1299_cov_29.071667	452	532	14	12	80	0.1500000
NODE_3189_length_1299_cov_29.071667	452	532	16	13	80	0.1625000
NODE_3189_length_1299_cov_29.071667	452	532	18	15	80	0.1875000
NODE_3189_length_1299_cov_29.071667	452	532	20	35	80	0.4375000
NODE_3190_length_1299_cov_23.600833	818	898	4	5	80	0.0625000
NODE_3190_length_1299_cov_23.600833	818	898	8	75	80	0.9375000
NODE_3190_length_1299_cov_23.600833	871	951	0	12	80	0.1500000
NODE_3190_length_1299_cov_23.600833	871	951	4	46	80	0.5750000
NODE_3190_length_1299_cov_23.600833	871	951	8	22	80	0.2750000
NODE_3191_length_1299_cov_23.169167	625	705	10	20	80	0.2500000
NODE_3191_length_1299_cov_23.169167	625	705	20	60	80	0.7500000
NODE_3191_length_1299_cov_23.169167	678	758	0	29	80	0.3625000
NODE_3191_length_1299_cov_23.169167	678	758	6	13	80	0.1625000
NODE_3191_length_1299_cov_23.169167	678	758	10	31	80	0.3875000
NODE_3191_length_1299_cov_23.169167	678	758	20	7	80	0.0875000
NODE_3191_length_1299_cov_23.169167	754	834	0	80	80	1.0000000
NODE_3191_length_1299_cov_23.169167	807	887	0	80	80	1.0000000
NODE_3192_length_1299_cov_19.315000	306	386	0	80	80	1.0000000
NODE_3192_length_1299_cov_19.315000	359	439	0	80	80	1.0000000
NODE_3192_length_1299_cov_19.315000	435	515	0	80	80	1.0000000
NODE_3192_length_1299_cov_19.315000	488	568	0	80	80	1.0000000
NODE_3193_length_1299_cov_13.691667	540	620	0	80	80	1.0000000
NODE_3193_length_1299_cov_13.691667	593	673	0	80	80	1.0000000
NODE_3195_length_1298_cov_58.277731	679	759	6	80	80	1.0000000
NODE_3195_length_1298_cov_58.277731	732	812	0	8	80	0.1000000
NODE_3195_length_1298_cov_58.277731	732	812	2	40	80	0.5000000
NODE_3195_length_1298_cov_58.277731	732	812	6	32	80	0.4000000
NODE_3195_length_1298_cov_58.277731	808	888	0	29	80	0.3625000
NODE_3195_length_1298_cov_58.277731	808	888	2	9	80	0.1125000
NODE_3195_length_1298_cov_58.277731	808	888	8	12	80	0.1500000
NODE_3195_length_1298_cov_58.277731	808	888	10	30	80	0.3750000
NODE_3195_length_1298_cov_58.277731	861	941	6	2	80	0.0250000
NODE_3195_length_1298_cov_58.277731	861	941	8	13	80	0.1625000
NODE_3195_length_1298_cov_58.277731	861	941	10	65	80	0.8125000
NODE_3196_length_1298_cov_31.319433	375	455	0	40	80	0.5000000
NODE_3196_length_1298_cov_31.319433	375	455	2	40	80	0.5000000
NODE_3196_length_1298_cov_31.319433	428	508	0	33	80	0.4125000
NODE_3196_length_1298_cov_31.319433	428	508	2	47	80	0.5875000
NODE_3196_length_1298_cov_31.319433	504	584	0	2	80	0.0250000
NODE_3196_length_1298_cov_31.319433	504	584	2	78	80	0.9750000
NODE_3196_length_1298_cov_31.319433	557	637	0	55	80	0.6875000
NODE_3196_length_1298_cov_31.319433	557	637	2	25	80	0.3125000
NODE_3197_length_1298_cov_2.158465	294	360	0	66	66	1.0000000
NODE_3201_length_1296_cov_34.778613	620	700	8	21	80	0.2625000
NODE_3201_length_1296_cov_34.778613	620	700	10	8	80	0.1000000
NODE_3201_length_1296_cov_34.778613	620	700	12	26	80	0.3250000
NODE_3201_length_1296_cov_34.778613	620	700	13	24	80	0.3000000
NODE_3201_length_1296_cov_34.778613	620	700	14	1	80	0.0125000
NODE_3201_length_1296_cov_34.778613	673	753	8	15	80	0.1875000
NODE_3201_length_1296_cov_34.778613	673	753	9	27	80	0.3375000
NODE_3201_length_1296_cov_34.778613	673	753	10	28	80	0.3500000
NODE_3201_length_1296_cov_34.778613	673	753	12	10	80	0.1250000
NODE_3202_length_1296_cov_28.726817	671	751	0	15	80	0.1875000
NODE_3202_length_1296_cov_28.726817	671	751	6	65	80	0.8125000
NODE_3202_length_1296_cov_28.726817	724	804	6	80	80	1.0000000
NODE_3202_length_1296_cov_28.726817	800	880	0	50	80	0.6250000
NODE_3202_length_1296_cov_28.726817	800	880	2	15	80	0.1875000
NODE_3202_length_1296_cov_28.726817	800	880	6	15	80	0.1875000
NODE_3202_length_1296_cov_28.726817	853	933	0	12	80	0.1500000
NODE_3202_length_1296_cov_28.726817	853	933	2	68	80	0.8500000
NODE_3205_length_1295_cov_10.661371	818	898	0	47	80	0.5875000
NODE_3205_length_1295_cov_10.661371	818	898	2	33	80	0.4125000
NODE_3205_length_1295_cov_10.661371	871	951	2	80	80	1.0000000
NODE_3211_length_1294_cov_15.098745	353	433	0	80	80	1.0000000
NODE_3211_length_1294_cov_15.098745	406	486	0	80	80	1.0000000
NODE_3216_length_1293_cov_26.580402	595	675	0	80	80	1.0000000
NODE_3216_length_1293_cov_26.580402	648	728	0	80	80	1.0000000
NODE_3216_length_1293_cov_26.580402	724	804	0	9	80	0.1125000
NODE_3216_length_1293_cov_26.580402	724	804	4	71	80	0.8875000
NODE_3216_length_1293_cov_26.580402	777	857	0	23	80	0.2875000
NODE_3216_length_1293_cov_26.580402	777	857	4	57	80	0.7125000
NODE_3217_length_1293_cov_9.252094	1187	1207	4	20	20	1.0000000
NODE_3220_length_1293_cov_2.118090	1131	1195	2	43	64	0.6718750
NODE_3220_length_1293_cov_2.118090	1131	1195	4	21	64	0.3281250
NODE_3220_length_1293_cov_2.118090	1184	1248	2	30	64	0.4687500
NODE_3220_length_1293_cov_2.118090	1184	1248	4	34	64	0.5312500
NODE_3224_length_1292_cov_50.158424	402	482	1	6	80	0.0750000
NODE_3224_length_1292_cov_50.158424	402	482	2	74	80	0.9250000
NODE_3224_length_1292_cov_50.158424	455	535	1	6	80	0.0750000
NODE_3224_length_1292_cov_50.158424	455	535	2	74	80	0.9250000
NODE_3224_length_1292_cov_50.158424	531	611	1	4	80	0.0500000
NODE_3224_length_1292_cov_50.158424	531	611	9	16	80	0.2000000
NODE_3224_length_1292_cov_50.158424	531	611	16	52	80	0.6500000
NODE_3224_length_1292_cov_50.158424	531	611	17	7	80	0.0875000
NODE_3224_length_1292_cov_50.158424	531	611	18	1	80	0.0125000
NODE_3224_length_1292_cov_50.158424	584	664	2	13	80	0.1625000
NODE_3224_length_1292_cov_50.158424	584	664	10	18	80	0.2250000
NODE_3224_length_1292_cov_50.158424	584	664	16	26	80	0.3250000
NODE_3224_length_1292_cov_50.158424	584	664	17	1	80	0.0125000
NODE_3224_length_1292_cov_50.158424	584	664	18	22	80	0.2750000
NODE_3225_length_1292_cov_36.535624	670	750	2	13	80	0.1625000
NODE_3225_length_1292_cov_36.535624	670	750	4	26	80	0.3250000
NODE_3225_length_1292_cov_36.535624	670	750	6	1	80	0.0125000
NODE_3225_length_1292_cov_36.535624	670	750	8	1	80	0.0125000
NODE_3225_length_1292_cov_36.535624	670	750	12	34	80	0.4250000
NODE_3225_length_1292_cov_36.535624	670	750	14	5	80	0.0625000
NODE_3225_length_1292_cov_36.535624	723	803	6	1	80	0.0125000
NODE_3225_length_1292_cov_36.535624	723	803	8	7	80	0.0875000
NODE_3225_length_1292_cov_36.535624	723	803	10	14	80	0.1750000
NODE_3225_length_1292_cov_36.535624	723	803	12	58	80	0.7250000
NODE_3226_length_1292_cov_24.523889	420	500	4	8	80	0.1000000
NODE_3226_length_1292_cov_24.523889	420	500	6	15	80	0.1875000
NODE_3226_length_1292_cov_24.523889	420	500	8	57	80	0.7125000
NODE_3226_length_1292_cov_24.523889	473	553	4	1	80	0.0125000
NODE_3226_length_1292_cov_24.523889	473	553	6	53	80	0.6625000
NODE_3226_length_1292_cov_24.523889	473	553	8	26	80	0.3250000
NODE_3232_length_1291_cov_8.734060	623	703	0	80	80	1.0000000
NODE_3232_length_1291_cov_8.734060	676	756	0	80	80	1.0000000
NODE_3233_length_1291_cov_8.625839	756	836	0	46	80	0.5750000
NODE_3233_length_1291_cov_8.625839	756	836	2	34	80	0.4250000
NODE_3233_length_1291_cov_8.625839	809	889	2	80	80	1.0000000
NODE_3236_length_1290_cov_24.120067	497	577	0	80	80	1.0000000
NODE_3236_length_1290_cov_24.120067	550	630	0	47	80	0.5875000
NODE_3236_length_1290_cov_24.120067	550	630	2	33	80	0.4125000
NODE_3236_length_1290_cov_24.120067	626	706	2	26	80	0.3250000
NODE_3236_length_1290_cov_24.120067	626	706	4	54	80	0.6750000
NODE_3236_length_1290_cov_24.120067	679	759	0	16	80	0.2000000
NODE_3236_length_1290_cov_24.120067	679	759	2	46	80	0.5750000
NODE_3236_length_1290_cov_24.120067	679	759	4	18	80	0.2250000
NODE_3237_length_1290_cov_18.874895	671	751	0	34	80	0.4250000
NODE_3237_length_1290_cov_18.874895	671	751	2	13	80	0.1625000
NODE_3237_length_1290_cov_18.874895	671	751	8	33	80	0.4125000
NODE_3237_length_1290_cov_18.874895	724	804	6	31	80	0.3875000
NODE_3237_length_1290_cov_18.874895	724	804	8	49	80	0.6125000
NODE_3238_length_1290_cov_11.627204	573	653	0	15	80	0.1875000
NODE_3238_length_1290_cov_11.627204	573	653	2	26	80	0.3250000
NODE_3238_length_1290_cov_11.627204	573	653	4	3	80	0.0375000
NODE_3238_length_1290_cov_11.627204	573	653	6	36	80	0.4500000
NODE_3238_length_1290_cov_11.627204	626	706	6	80	80	1.0000000
NODE_3239_length_1290_cov_11.215785	373	453	0	20	80	0.2500000
NODE_3239_length_1290_cov_11.215785	373	453	2	20	80	0.2500000
NODE_3239_length_1290_cov_11.215785	373	453	4	34	80	0.4250000
NODE_3239_length_1290_cov_11.215785	373	453	5	1	80	0.0125000
NODE_3239_length_1290_cov_11.215785	373	453	6	5	80	0.0625000
NODE_3239_length_1290_cov_11.215785	426	506	4	30	80	0.3750000
NODE_3239_length_1290_cov_11.215785	426	506	5	1	80	0.0125000
NODE_3239_length_1290_cov_11.215785	426	506	6	49	80	0.6125000
NODE_3240_length_1290_cov_8.752309	788	868	0	7	80	0.0875000
NODE_3240_length_1290_cov_8.752309	788	868	2	73	80	0.9125000
NODE_3240_length_1290_cov_8.752309	841	921	0	60	80	0.7500000
NODE_3240_length_1290_cov_8.752309	841	921	2	20	80	0.2500000
NODE_3242_length_1289_cov_47.476471	919	999	2	20	80	0.2500000
NODE_3242_length_1289_cov_47.476471	919	999	4	46	80	0.5750000
NODE_3242_length_1289_cov_47.476471	919	999	8	14	80	0.1750000
NODE_3242_length_1289_cov_47.476471	972	1052	4	44	80	0.5500000
NODE_3242_length_1289_cov_47.476471	972	1052	6	2	80	0.0250000
NODE_3242_length_1289_cov_47.476471	972	1052	8	34	80	0.4250000
NODE_3243_length_1289_cov_18.497479	688	768	2	3	80	0.0375000
NODE_3243_length_1289_cov_18.497479	688	768	4	4	80	0.0500000
NODE_3243_length_1289_cov_18.497479	688	768	7	1	80	0.0125000
NODE_3243_length_1289_cov_18.497479	688	768	8	26	80	0.3250000
NODE_3243_length_1289_cov_18.497479	688	768	10	28	80	0.3500000
NODE_3243_length_1289_cov_18.497479	688	768	12	18	80	0.2250000
NODE_3243_length_1289_cov_18.497479	741	821	2	15	80	0.1875000
NODE_3243_length_1289_cov_18.497479	741	821	6	10	80	0.1250000
NODE_3243_length_1289_cov_18.497479	741	821	8	49	80	0.6125000
NODE_3243_length_1289_cov_18.497479	741	821	10	6	80	0.0750000
NODE_3243_length_1289_cov_18.497479	817	893	0	42	76	0.5526316
NODE_3243_length_1289_cov_18.497479	817	893	2	34	76	0.4473684
NODE_3243_length_1289_cov_18.497479	878	958	0	80	80	1.0000000
NODE_3244_length_1289_cov_11.692437	574	654	2	17	80	0.2125000
NODE_3244_length_1289_cov_11.692437	574	654	4	50	80	0.6250000
NODE_3244_length_1289_cov_11.692437	574	654	6	13	80	0.1625000
NODE_3244_length_1289_cov_11.692437	627	707	0	11	80	0.1375000
NODE_3244_length_1289_cov_11.692437	627	707	2	59	80	0.7375000
NODE_3244_length_1289_cov_11.692437	627	707	4	10	80	0.1250000
NODE_3244_length_1289_cov_11.692437	703	783	0	37	80	0.4625000
NODE_3244_length_1289_cov_11.692437	703	783	1	38	80	0.4750000
NODE_3244_length_1289_cov_11.692437	703	783	2	5	80	0.0625000
NODE_3244_length_1289_cov_11.692437	756	836	1	22	80	0.2750000
NODE_3244_length_1289_cov_11.692437	756	836	2	58	80	0.7250000
NODE_3249_length_1288_cov_29.369218	711	791	0	49	80	0.6125000
NODE_3249_length_1288_cov_29.369218	711	791	2	1	80	0.0125000
NODE_3249_length_1288_cov_29.369218	711	791	4	30	80	0.3750000
NODE_3249_length_1288_cov_29.369218	764	844	0	12	80	0.1500000
NODE_3249_length_1288_cov_29.369218	764	844	2	3	80	0.0375000
NODE_3249_length_1288_cov_29.369218	764	844	4	65	80	0.8125000
NODE_3250_length_1288_cov_6.207738	735	815	0	80	80	1.0000000
NODE_3250_length_1288_cov_6.207738	788	868	0	80	80	1.0000000
NODE_3255_length_1288_cov_1.731707	1017	1095	2	78	78	1.0000000
NODE_3261_length_1287_cov_29.186027	730	810	14	22	80	0.2750000
NODE_3261_length_1287_cov_29.186027	730	810	16	2	80	0.0250000
NODE_3261_length_1287_cov_29.186027	730	810	17	2	80	0.0250000
NODE_3261_length_1287_cov_29.186027	730	810	18	2	80	0.0250000
NODE_3261_length_1287_cov_29.186027	730	810	19	1	80	0.0125000
NODE_3261_length_1287_cov_29.186027	730	810	21	11	80	0.1375000
NODE_3261_length_1287_cov_29.186027	730	810	22	40	80	0.5000000
NODE_3261_length_1287_cov_29.186027	783	863	0	20	80	0.2500000
NODE_3261_length_1287_cov_29.186027	783	863	6	7	80	0.0875000
NODE_3261_length_1287_cov_29.186027	783	863	8	24	80	0.3000000
NODE_3261_length_1287_cov_29.186027	783	863	22	29	80	0.3625000
NODE_3262_length_1287_cov_22.747475	168	248	4	41	80	0.5125000
NODE_3262_length_1287_cov_22.747475	168	248	8	39	80	0.4875000
NODE_3262_length_1287_cov_22.747475	221	301	4	27	80	0.3375000
NODE_3262_length_1287_cov_22.747475	221	301	8	53	80	0.6625000
NODE_3263_length_1287_cov_19.478956	575	655	2	44	80	0.5500000
NODE_3263_length_1287_cov_19.478956	575	655	4	36	80	0.4500000
NODE_3263_length_1287_cov_19.478956	628	708	2	10	80	0.1250000
NODE_3263_length_1287_cov_19.478956	628	708	4	70	80	0.8750000
NODE_3266_length_1286_cov_27.128054	428	508	1	24	80	0.3000000
NODE_3266_length_1286_cov_27.128054	428	508	2	18	80	0.2250000
NODE_3266_length_1286_cov_27.128054	428	508	4	38	80	0.4750000
NODE_3266_length_1286_cov_27.128054	481	561	4	30	80	0.3750000
NODE_3266_length_1286_cov_27.128054	481	561	6	50	80	0.6250000
NODE_3266_length_1286_cov_27.128054	557	637	6	8	80	0.1000000
NODE_3266_length_1286_cov_27.128054	557	637	7	13	80	0.1625000
NODE_3266_length_1286_cov_27.128054	557	637	8	8	80	0.1000000
NODE_3266_length_1286_cov_27.128054	557	637	9	19	80	0.2375000
NODE_3266_length_1286_cov_27.128054	557	637	12	19	80	0.2375000
NODE_3266_length_1286_cov_27.128054	557	637	16	9	80	0.1125000
NODE_3266_length_1286_cov_27.128054	557	637	18	4	80	0.0500000
NODE_3266_length_1286_cov_27.128054	610	690	12	18	80	0.2250000
NODE_3266_length_1286_cov_27.128054	610	690	14	46	80	0.5750000
NODE_3266_length_1286_cov_27.128054	610	690	16	12	80	0.1500000
NODE_3266_length_1286_cov_27.128054	610	690	18	4	80	0.0500000
NODE_3267_length_1286_cov_12.192081	647	727	0	80	80	1.0000000
NODE_3267_length_1286_cov_12.192081	700	780	0	80	80	1.0000000
NODE_3267_length_1286_cov_12.192081	776	856	0	80	80	1.0000000
NODE_3267_length_1286_cov_12.192081	829	909	0	80	80	1.0000000
NODE_3268_length_1286_cov_8.338669	577	657	4	20	80	0.2500000
NODE_3268_length_1286_cov_8.338669	577	657	6	60	80	0.7500000
NODE_3268_length_1286_cov_8.338669	630	710	0	17	80	0.2125000
NODE_3268_length_1286_cov_8.338669	630	710	2	31	80	0.3875000
NODE_3268_length_1286_cov_8.338669	630	710	4	11	80	0.1375000
NODE_3268_length_1286_cov_8.338669	630	710	6	21	80	0.2625000
NODE_3273_length_1285_cov_40.282462	751	831	0	26	80	0.3250000
NODE_3273_length_1285_cov_40.282462	751	831	2	12	80	0.1500000
NODE_3273_length_1285_cov_40.282462	751	831	4	11	80	0.1375000
NODE_3273_length_1285_cov_40.282462	751	831	10	31	80	0.3875000
NODE_3273_length_1285_cov_40.282462	804	884	8	13	80	0.1625000
NODE_3273_length_1285_cov_40.282462	804	884	10	67	80	0.8375000
NODE_3274_length_1285_cov_15.422428	647	727	2	15	80	0.1875000
NODE_3274_length_1285_cov_15.422428	647	727	7	59	80	0.7375000
NODE_3274_length_1285_cov_15.422428	647	727	8	6	80	0.0750000
NODE_3274_length_1285_cov_15.422428	700	780	0	49	80	0.6125000
NODE_3274_length_1285_cov_15.422428	700	780	2	19	80	0.2375000
NODE_3274_length_1285_cov_15.422428	700	780	7	12	80	0.1500000
NODE_3275_length_1285_cov_6.620573	589	669	0	80	80	1.0000000
NODE_3275_length_1285_cov_6.620573	642	722	0	80	80	1.0000000
NODE_3279_length_1284_cov_5.637975	294	374	2	80	80	1.0000000
NODE_3279_length_1284_cov_5.637975	347	427	0	29	80	0.3625000
NODE_3279_length_1284_cov_5.637975	347	427	2	51	80	0.6375000
NODE_3283_length_1283_cov_10.070101	408	488	4	13	80	0.1625000
NODE_3283_length_1283_cov_10.070101	408	488	5	6	80	0.0750000
NODE_3283_length_1283_cov_10.070101	408	488	6	44	80	0.5500000
NODE_3283_length_1283_cov_10.070101	408	488	7	1	80	0.0125000
NODE_3283_length_1283_cov_10.070101	408	488	8	16	80	0.2000000
NODE_3283_length_1283_cov_10.070101	461	541	2	9	80	0.1125000
NODE_3283_length_1283_cov_10.070101	461	541	4	50	80	0.6250000
NODE_3283_length_1283_cov_10.070101	461	541	5	6	80	0.0750000
NODE_3283_length_1283_cov_10.070101	461	541	7	1	80	0.0125000
NODE_3283_length_1283_cov_10.070101	461	541	8	14	80	0.1750000
NODE_3288_length_1282_cov_37.786137	649	729	4	8	80	0.1000000
NODE_3288_length_1282_cov_37.786137	649	729	5	10	80	0.1250000
NODE_3288_length_1282_cov_37.786137	649	729	6	23	80	0.2875000
NODE_3288_length_1282_cov_37.786137	649	729	10	39	80	0.4875000
NODE_3288_length_1282_cov_37.786137	702	782	7	7	80	0.0875000
NODE_3288_length_1282_cov_37.786137	702	782	8	3	80	0.0375000
NODE_3288_length_1282_cov_37.786137	702	782	9	24	80	0.3000000
NODE_3288_length_1282_cov_37.786137	702	782	10	46	80	0.5750000
NODE_3288_length_1282_cov_37.786137	778	858	2	12	80	0.1500000
NODE_3288_length_1282_cov_37.786137	778	858	4	11	80	0.1375000
NODE_3288_length_1282_cov_37.786137	778	858	6	10	80	0.1250000
NODE_3288_length_1282_cov_37.786137	778	858	7	28	80	0.3500000
NODE_3288_length_1282_cov_37.786137	778	858	8	1	80	0.0125000
NODE_3288_length_1282_cov_37.786137	778	858	9	6	80	0.0750000
NODE_3288_length_1282_cov_37.786137	778	858	10	5	80	0.0625000
NODE_3288_length_1282_cov_37.786137	778	858	12	1	80	0.0125000
NODE_3288_length_1282_cov_37.786137	778	858	14	6	80	0.0750000
NODE_3288_length_1282_cov_37.786137	831	911	4	5	80	0.0625000
NODE_3288_length_1282_cov_37.786137	831	911	6	9	80	0.1125000
NODE_3288_length_1282_cov_37.786137	831	911	8	1	80	0.0125000
NODE_3288_length_1282_cov_37.786137	831	911	10	5	80	0.0625000
NODE_3288_length_1282_cov_37.786137	831	911	12	4	80	0.0500000
NODE_3288_length_1282_cov_37.786137	831	911	13	7	80	0.0875000
NODE_3288_length_1282_cov_37.786137	831	911	14	23	80	0.2875000
NODE_3288_length_1282_cov_37.786137	831	911	15	3	80	0.0375000
NODE_3288_length_1282_cov_37.786137	831	911	16	23	80	0.2875000
NODE_3289_length_1282_cov_25.900254	85	167	6	20	82	0.2439024
NODE_3289_length_1282_cov_25.900254	85	167	8	62	82	0.7560976
NODE_3289_length_1282_cov_25.900254	140	183	4	14	43	0.3255814
NODE_3289_length_1282_cov_25.900254	140	183	6	10	43	0.2325581
NODE_3289_length_1282_cov_25.900254	140	183	8	19	43	0.4418605
NODE_3289_length_1282_cov_25.900254	1006	1086	31	5	80	0.0625000
NODE_3289_length_1282_cov_25.900254	1006	1086	33	2	80	0.0250000
NODE_3289_length_1282_cov_25.900254	1006	1086	35	4	80	0.0500000
NODE_3289_length_1282_cov_25.900254	1006	1086	37	7	80	0.0875000
NODE_3289_length_1282_cov_25.900254	1006	1086	43	4	80	0.0500000
NODE_3289_length_1282_cov_25.900254	1006	1086	45	2	80	0.0250000
NODE_3289_length_1282_cov_25.900254	1006	1086	47	2	80	0.0250000
NODE_3289_length_1282_cov_25.900254	1006	1086	49	1	80	0.0125000
NODE_3289_length_1282_cov_25.900254	1006	1086	51	9	80	0.1125000
NODE_3289_length_1282_cov_25.900254	1006	1086	53	1	80	0.0125000
NODE_3289_length_1282_cov_25.900254	1006	1086	55	2	80	0.0250000
NODE_3289_length_1282_cov_25.900254	1006	1086	56	2	80	0.0250000
NODE_3289_length_1282_cov_25.900254	1006	1086	58	5	80	0.0625000
NODE_3289_length_1282_cov_25.900254	1006	1086	63	3	80	0.0375000
NODE_3289_length_1282_cov_25.900254	1006	1086	66	2	80	0.0250000
NODE_3289_length_1282_cov_25.900254	1006	1086	69	1	80	0.0125000
NODE_3289_length_1282_cov_25.900254	1006	1086	71	1	80	0.0125000
NODE_3289_length_1282_cov_25.900254	1006	1086	73	1	80	0.0125000
NODE_3289_length_1282_cov_25.900254	1006	1086	75	1	80	0.0125000
NODE_3289_length_1282_cov_25.900254	1006	1086	76	4	80	0.0500000
NODE_3289_length_1282_cov_25.900254	1006	1086	78	5	80	0.0625000
NODE_3289_length_1282_cov_25.900254	1006	1086	80	1	80	0.0125000
NODE_3289_length_1282_cov_25.900254	1006	1086	81	1	80	0.0125000
NODE_3289_length_1282_cov_25.900254	1006	1086	82	6	80	0.0750000
NODE_3289_length_1282_cov_25.900254	1006	1086	84	2	80	0.0250000
NODE_3289_length_1282_cov_25.900254	1006	1086	86	2	80	0.0250000
NODE_3289_length_1282_cov_25.900254	1006	1086	87	4	80	0.0500000
NODE_3289_length_1282_cov_25.900254	1006	1086	31	5	80	0.0625000
NODE_3289_length_1282_cov_25.900254	1006	1086	33	2	80	0.0250000
NODE_3289_length_1282_cov_25.900254	1006	1086	35	4	80	0.0500000
NODE_3289_length_1282_cov_25.900254	1006	1086	37	7	80	0.0875000
NODE_3289_length_1282_cov_25.900254	1006	1086	43	4	80	0.0500000
NODE_3289_length_1282_cov_25.900254	1006	1086	45	2	80	0.0250000
NODE_3289_length_1282_cov_25.900254	1006	1086	47	2	80	0.0250000
NODE_3289_length_1282_cov_25.900254	1006	1086	49	1	80	0.0125000
NODE_3289_length_1282_cov_25.900254	1006	1086	51	9	80	0.1125000
NODE_3289_length_1282_cov_25.900254	1006	1086	53	1	80	0.0125000
NODE_3289_length_1282_cov_25.900254	1006	1086	55	2	80	0.0250000
NODE_3289_length_1282_cov_25.900254	1006	1086	56	2	80	0.0250000
NODE_3289_length_1282_cov_25.900254	1006	1086	58	5	80	0.0625000
NODE_3289_length_1282_cov_25.900254	1006	1086	63	3	80	0.0375000
NODE_3289_length_1282_cov_25.900254	1006	1086	66	2	80	0.0250000
NODE_3289_length_1282_cov_25.900254	1006	1086	69	1	80	0.0125000
NODE_3289_length_1282_cov_25.900254	1006	1086	71	1	80	0.0125000
NODE_3289_length_1282_cov_25.900254	1006	1086	73	1	80	0.0125000
NODE_3289_length_1282_cov_25.900254	1006	1086	75	1	80	0.0125000
NODE_3289_length_1282_cov_25.900254	1006	1086	76	4	80	0.0500000
NODE_3289_length_1282_cov_25.900254	1006	1086	78	5	80	0.0625000
NODE_3289_length_1282_cov_25.900254	1006	1086	80	1	80	0.0125000
NODE_3289_length_1282_cov_25.900254	1006	1086	81	1	80	0.0125000
NODE_3289_length_1282_cov_25.900254	1006	1086	82	6	80	0.0750000
NODE_3289_length_1282_cov_25.900254	1006	1086	84	2	80	0.0250000
NODE_3289_length_1282_cov_25.900254	1006	1086	86	2	80	0.0250000
NODE_3289_length_1282_cov_25.900254	1006	1086	87	4	80	0.0500000
NODE_3289_length_1282_cov_25.900254	1015	1086	35	2	71	0.0281690
NODE_3289_length_1282_cov_25.900254	1015	1086	37	7	71	0.0985916
NODE_3289_length_1282_cov_25.900254	1015	1086	43	4	71	0.0563380
NODE_3289_length_1282_cov_25.900254	1015	1086	45	2	71	0.0281690
NODE_3289_length_1282_cov_25.900254	1015	1086	47	2	71	0.0281690
NODE_3289_length_1282_cov_25.900254	1015	1086	49	1	71	0.0140845
NODE_3289_length_1282_cov_25.900254	1015	1086	51	9	71	0.1267606
NODE_3289_length_1282_cov_25.900254	1015	1086	53	1	71	0.0140845
NODE_3289_length_1282_cov_25.900254	1015	1086	55	2	71	0.0281690
NODE_3289_length_1282_cov_25.900254	1015	1086	56	2	71	0.0281690
NODE_3289_length_1282_cov_25.900254	1015	1086	58	5	71	0.0704225
NODE_3289_length_1282_cov_25.900254	1015	1086	63	3	71	0.0422535
NODE_3289_length_1282_cov_25.900254	1015	1086	66	2	71	0.0281690
NODE_3289_length_1282_cov_25.900254	1015	1086	69	1	71	0.0140845
NODE_3289_length_1282_cov_25.900254	1015	1086	71	1	71	0.0140845
NODE_3289_length_1282_cov_25.900254	1015	1086	73	1	71	0.0140845
NODE_3289_length_1282_cov_25.900254	1015	1086	75	1	71	0.0140845
NODE_3289_length_1282_cov_25.900254	1015	1086	76	4	71	0.0563380
NODE_3289_length_1282_cov_25.900254	1015	1086	78	5	71	0.0704225
NODE_3289_length_1282_cov_25.900254	1015	1086	80	1	71	0.0140845
NODE_3289_length_1282_cov_25.900254	1015	1086	81	1	71	0.0140845
NODE_3289_length_1282_cov_25.900254	1015	1086	82	6	71	0.0845070
NODE_3289_length_1282_cov_25.900254	1015	1086	84	2	71	0.0281690
NODE_3289_length_1282_cov_25.900254	1015	1086	86	2	71	0.0281690
NODE_3289_length_1282_cov_25.900254	1015	1086	87	4	71	0.0563380
NODE_3290_length_1282_cov_14.600169	429	477	0	48	48	1.0000000
NODE_3290_length_1282_cov_14.600169	708	788	0	80	80	1.0000000
NODE_3291_length_1282_cov_8.017751	343	420	10	5	77	0.0649351
NODE_3291_length_1282_cov_8.017751	343	420	12	21	77	0.2727273
NODE_3291_length_1282_cov_8.017751	343	420	14	1	77	0.0129870
NODE_3291_length_1282_cov_8.017751	343	420	16	6	77	0.0779221
NODE_3291_length_1282_cov_8.017751	343	420	18	19	77	0.2467532
NODE_3291_length_1282_cov_8.017751	343	420	21	1	77	0.0129870
NODE_3291_length_1282_cov_8.017751	343	420	22	12	77	0.1558442
NODE_3291_length_1282_cov_8.017751	343	420	24	12	77	0.1558442
NODE_3292_length_1282_cov_5.092984	239	319	0	80	80	1.0000000
NODE_3292_length_1282_cov_5.092984	292	372	0	80	80	1.0000000
NODE_3295_length_1281_cov_31.342640	470	550	4	24	80	0.3000000
NODE_3295_length_1281_cov_31.342640	470	550	6	11	80	0.1375000
NODE_3295_length_1281_cov_31.342640	470	550	8	15	80	0.1875000
NODE_3295_length_1281_cov_31.342640	470	550	10	30	80	0.3750000
NODE_3295_length_1281_cov_31.342640	523	603	8	50	80	0.6250000
NODE_3295_length_1281_cov_31.342640	523	603	10	30	80	0.3750000
NODE_3295_length_1281_cov_31.342640	599	679	4	26	80	0.3250000
NODE_3295_length_1281_cov_31.342640	599	679	6	30	80	0.3750000
NODE_3295_length_1281_cov_31.342640	599	679	8	16	80	0.2000000
NODE_3295_length_1281_cov_31.342640	599	679	9	1	80	0.0125000
NODE_3295_length_1281_cov_31.342640	599	679	10	7	80	0.0875000
NODE_3295_length_1281_cov_31.342640	652	732	4	9	80	0.1125000
NODE_3295_length_1281_cov_31.342640	652	732	6	15	80	0.1875000
NODE_3295_length_1281_cov_31.342640	652	732	8	48	80	0.6000000
NODE_3295_length_1281_cov_31.342640	652	732	9	1	80	0.0125000
NODE_3295_length_1281_cov_31.342640	652	732	10	7	80	0.0875000
NODE_3296_length_1281_cov_25.482234	474	554	8	15	80	0.1875000
NODE_3296_length_1281_cov_25.482234	474	554	11	3	80	0.0375000
NODE_3296_length_1281_cov_25.482234	474	554	12	1	80	0.0125000
NODE_3296_length_1281_cov_25.482234	474	554	14	17	80	0.2125000
NODE_3296_length_1281_cov_25.482234	474	554	15	14	80	0.1750000
NODE_3296_length_1281_cov_25.482234	474	554	16	11	80	0.1375000
NODE_3296_length_1281_cov_25.482234	474	554	17	19	80	0.2375000
NODE_3296_length_1281_cov_25.482234	527	607	0	2	80	0.0250000
NODE_3296_length_1281_cov_25.482234	527	607	2	6	80	0.0750000
NODE_3296_length_1281_cov_25.482234	527	607	4	25	80	0.3125000
NODE_3296_length_1281_cov_25.482234	527	607	8	35	80	0.4375000
NODE_3296_length_1281_cov_25.482234	527	607	11	3	80	0.0375000
NODE_3296_length_1281_cov_25.482234	527	607	17	9	80	0.1125000
NODE_3297_length_1281_cov_14.617597	809	887	0	9	78	0.1153846
NODE_3297_length_1281_cov_14.617597	809	887	6	69	78	0.8846154
NODE_3297_length_1281_cov_14.617597	860	940	0	62	80	0.7750000
NODE_3297_length_1281_cov_14.617597	860	940	6	18	80	0.2250000
NODE_3298_length_1281_cov_12.065144	655	735	2	39	80	0.4875000
NODE_3298_length_1281_cov_12.065144	655	735	6	10	80	0.1250000
NODE_3298_length_1281_cov_12.065144	655	735	8	31	80	0.3875000
NODE_3298_length_1281_cov_12.065144	708	788	6	56	80	0.7000000
NODE_3298_length_1281_cov_12.065144	708	788	8	24	80	0.3000000
NODE_3299_length_1281_cov_9.235195	408	488	13	28	80	0.3500000
NODE_3299_length_1281_cov_9.235195	408	488	14	4	80	0.0500000
NODE_3299_length_1281_cov_9.235195	408	488	17	19	80	0.2375000
NODE_3299_length_1281_cov_9.235195	408	488	18	29	80	0.3625000
NODE_3299_length_1281_cov_9.235195	461	541	4	8	80	0.1000000
NODE_3299_length_1281_cov_9.235195	461	541	8	32	80	0.4000000
NODE_3299_length_1281_cov_9.235195	461	541	10	4	80	0.0500000
NODE_3299_length_1281_cov_9.235195	461	541	11	2	80	0.0250000
NODE_3299_length_1281_cov_9.235195	461	541	12	1	80	0.0125000
NODE_3299_length_1281_cov_9.235195	461	541	13	30	80	0.3750000
NODE_3299_length_1281_cov_9.235195	461	541	17	3	80	0.0375000
NODE_3300_length_1281_cov_7.153976	469	549	2	8	80	0.1000000
NODE_3300_length_1281_cov_7.153976	469	549	6	51	80	0.6375000
NODE_3300_length_1281_cov_7.153976	469	549	8	21	80	0.2625000
NODE_3300_length_1281_cov_7.153976	522	602	2	61	80	0.7625000
NODE_3300_length_1281_cov_7.153976	522	602	8	19	80	0.2375000
NODE_3307_length_1280_cov_24.231160	418	498	0	14	80	0.1750000
NODE_3307_length_1280_cov_24.231160	418	498	2	66	80	0.8250000
NODE_3307_length_1280_cov_24.231160	471	551	0	67	80	0.8375000
NODE_3307_length_1280_cov_24.231160	471	551	2	13	80	0.1625000
NODE_3307_length_1280_cov_24.231160	547	627	0	20	80	0.2500000
NODE_3307_length_1280_cov_24.231160	547	627	2	21	80	0.2625000
NODE_3307_length_1280_cov_24.231160	547	627	4	8	80	0.1000000
NODE_3307_length_1280_cov_24.231160	547	627	6	11	80	0.1375000
NODE_3307_length_1280_cov_24.231160	547	627	8	1	80	0.0125000
NODE_3307_length_1280_cov_24.231160	547	627	10	3	80	0.0375000
NODE_3307_length_1280_cov_24.231160	547	627	11	14	80	0.1750000
NODE_3307_length_1280_cov_24.231160	547	627	17	2	80	0.0250000
NODE_3307_length_1280_cov_24.231160	600	680	6	7	80	0.0875000
NODE_3307_length_1280_cov_24.231160	600	680	8	1	80	0.0125000
NODE_3307_length_1280_cov_24.231160	600	680	10	3	80	0.0375000
NODE_3307_length_1280_cov_24.231160	600	680	11	14	80	0.1750000
NODE_3307_length_1280_cov_24.231160	600	680	17	4	80	0.0500000
NODE_3307_length_1280_cov_24.231160	600	680	19	51	80	0.6375000
NODE_3308_length_1280_cov_5.908552	1077	1138	2	5	61	0.0819672
NODE_3308_length_1280_cov_5.908552	1077	1138	3	1	61	0.0163934
NODE_3308_length_1280_cov_5.908552	1077	1138	4	1	61	0.0163934
NODE_3308_length_1280_cov_5.908552	1077	1138	6	4	61	0.0655738
NODE_3308_length_1280_cov_5.908552	1077	1138	8	22	61	0.3606557
NODE_3308_length_1280_cov_5.908552	1077	1138	10	13	61	0.2131148
NODE_3308_length_1280_cov_5.908552	1077	1138	12	1	61	0.0163934
NODE_3308_length_1280_cov_5.908552	1077	1138	14	14	61	0.2295082
NODE_3311_length_1279_cov_16.840678	749	829	12	9	80	0.1125000
NODE_3311_length_1279_cov_16.840678	749	829	14	71	80	0.8875000
NODE_3311_length_1279_cov_16.840678	802	882	0	14	80	0.1750000
NODE_3311_length_1279_cov_16.840678	802	882	10	11	80	0.1375000
NODE_3311_length_1279_cov_16.840678	802	882	11	1	80	0.0125000
NODE_3311_length_1279_cov_16.840678	802	882	12	13	80	0.1625000
NODE_3311_length_1279_cov_16.840678	802	882	14	41	80	0.5125000
NODE_3312_length_1279_cov_3.772881	951	981	0	30	30	1.0000000
NODE_3317_length_1278_cov_45.991518	411	491	32	2	80	0.0250000
NODE_3317_length_1278_cov_45.991518	411	491	37	9	80	0.1125000
NODE_3317_length_1278_cov_45.991518	411	491	38	21	80	0.2625000
NODE_3317_length_1278_cov_45.991518	411	491	40	16	80	0.2000000
NODE_3317_length_1278_cov_45.991518	411	491	42	6	80	0.0750000
NODE_3317_length_1278_cov_45.991518	411	491	43	1	80	0.0125000
NODE_3317_length_1278_cov_45.991518	411	491	44	10	80	0.1250000
NODE_3317_length_1278_cov_45.991518	411	491	48	15	80	0.1875000
NODE_3317_length_1278_cov_45.991518	464	530	16	1	66	0.0151515
NODE_3317_length_1278_cov_45.991518	464	530	21	1	66	0.0151515
NODE_3317_length_1278_cov_45.991518	464	530	22	1	66	0.0151515
NODE_3317_length_1278_cov_45.991518	464	530	24	9	66	0.1363636
NODE_3317_length_1278_cov_45.991518	464	530	42	7	66	0.1060606
NODE_3317_length_1278_cov_45.991518	464	530	44	8	66	0.1212121
NODE_3317_length_1278_cov_45.991518	464	530	46	19	66	0.2878788
NODE_3317_length_1278_cov_45.991518	464	530	48	20	66	0.3030303
NODE_3318_length_1278_cov_37.164546	447	527	4	80	80	1.0000000
NODE_3318_length_1278_cov_37.164546	500	580	2	10	80	0.1250000
NODE_3318_length_1278_cov_37.164546	500	580	4	55	80	0.6875000
NODE_3318_length_1278_cov_37.164546	500	580	6	15	80	0.1875000
NODE_3318_length_1278_cov_37.164546	576	656	6	31	80	0.3875000
NODE_3318_length_1278_cov_37.164546	576	656	8	13	80	0.1625000
NODE_3318_length_1278_cov_37.164546	576	656	10	5	80	0.0625000
NODE_3318_length_1278_cov_37.164546	576	656	11	24	80	0.3000000
NODE_3318_length_1278_cov_37.164546	576	656	12	7	80	0.0875000
NODE_3318_length_1278_cov_37.164546	629	709	0	2	80	0.0250000
NODE_3318_length_1278_cov_37.164546	629	709	2	6	80	0.0750000
NODE_3318_length_1278_cov_37.164546	629	709	6	43	80	0.5375000
NODE_3318_length_1278_cov_37.164546	629	709	8	8	80	0.1000000
NODE_3318_length_1278_cov_37.164546	629	709	10	5	80	0.0625000
NODE_3318_length_1278_cov_37.164546	629	709	11	9	80	0.1125000
NODE_3318_length_1278_cov_37.164546	629	709	12	7	80	0.0875000
NODE_3319_length_1278_cov_12.505513	522	602	4	25	80	0.3125000
NODE_3319_length_1278_cov_12.505513	522	602	5	1	80	0.0125000
NODE_3319_length_1278_cov_12.505513	522	602	6	54	80	0.6750000
NODE_3319_length_1278_cov_12.505513	575	655	4	14	80	0.1750000
NODE_3319_length_1278_cov_12.505513	575	655	6	66	80	0.8250000
NODE_3320_length_1278_cov_12.171332	212	292	0	7	80	0.0875000
NODE_3320_length_1278_cov_12.171332	212	292	2	19	80	0.2375000
NODE_3320_length_1278_cov_12.171332	212	292	6	17	80	0.2125000
NODE_3320_length_1278_cov_12.171332	212	292	8	6	80	0.0750000
NODE_3320_length_1278_cov_12.171332	212	292	9	8	80	0.1000000
NODE_3320_length_1278_cov_12.171332	212	292	11	23	80	0.2875000
NODE_3320_length_1278_cov_12.171332	265	344	8	3	79	0.0379747
NODE_3320_length_1278_cov_12.171332	265	344	9	36	79	0.4556962
NODE_3320_length_1278_cov_12.171332	265	344	11	40	79	0.5063291
NODE_3329_length_1277_cov_21.407470	667	717	2	24	50	0.4800000
NODE_3329_length_1277_cov_21.407470	667	717	4	1	50	0.0200000
NODE_3329_length_1277_cov_21.407470	667	717	6	10	50	0.2000000
NODE_3329_length_1277_cov_21.407470	667	717	8	15	50	0.3000000
NODE_3329_length_1277_cov_21.407470	690	770	2	1	80	0.0125000
NODE_3329_length_1277_cov_21.407470	690	770	4	1	80	0.0125000
NODE_3329_length_1277_cov_21.407470	690	770	6	29	80	0.3625000
NODE_3329_length_1277_cov_21.407470	690	770	8	49	80	0.6125000
NODE_3330_length_1277_cov_18.111205	834	914	2	32	80	0.4000000
NODE_3330_length_1277_cov_18.111205	834	914	4	1	80	0.0125000
NODE_3330_length_1277_cov_18.111205	834	914	8	20	80	0.2500000
NODE_3330_length_1277_cov_18.111205	834	914	10	27	80	0.3375000
NODE_3330_length_1277_cov_18.111205	887	967	0	21	80	0.2625000
NODE_3330_length_1277_cov_18.111205	887	967	2	59	80	0.7375000
NODE_3331_length_1277_cov_12.449066	276	356	0	7	80	0.0875000
NODE_3331_length_1277_cov_12.449066	276	356	2	65	80	0.8125000
NODE_3331_length_1277_cov_12.449066	276	356	4	8	80	0.1000000
NODE_3331_length_1277_cov_12.449066	329	409	2	45	80	0.5625000
NODE_3331_length_1277_cov_12.449066	329	409	4	35	80	0.4375000
NODE_3331_length_1277_cov_12.449066	405	485	2	69	80	0.8625000
NODE_3331_length_1277_cov_12.449066	405	485	3	6	80	0.0750000
NODE_3331_length_1277_cov_12.449066	405	485	4	5	80	0.0625000
NODE_3331_length_1277_cov_12.449066	458	538	2	16	80	0.2000000
NODE_3331_length_1277_cov_12.449066	458	538	3	6	80	0.0750000
NODE_3331_length_1277_cov_12.449066	458	538	4	5	80	0.0625000
NODE_3331_length_1277_cov_12.449066	458	538	5	3	80	0.0375000
NODE_3331_length_1277_cov_12.449066	458	538	6	50	80	0.6250000
NODE_3337_length_1276_cov_21.446899	526	606	3	2	80	0.0250000
NODE_3337_length_1276_cov_21.446899	526	606	4	78	80	0.9750000
NODE_3337_length_1276_cov_21.446899	579	659	1	30	80	0.3750000
NODE_3337_length_1276_cov_21.446899	579	659	2	23	80	0.2875000
NODE_3337_length_1276_cov_21.446899	579	659	4	27	80	0.3375000
NODE_3337_length_1276_cov_21.446899	655	735	0	57	80	0.7125000
NODE_3337_length_1276_cov_21.446899	655	735	1	23	80	0.2875000
NODE_3337_length_1276_cov_21.446899	708	788	0	80	80	1.0000000
NODE_3346_length_1275_cov_35.471939	632	712	8	1	80	0.0125000
NODE_3346_length_1275_cov_35.471939	632	712	12	15	80	0.1875000
NODE_3346_length_1275_cov_35.471939	632	712	14	28	80	0.3500000
NODE_3346_length_1275_cov_35.471939	632	712	16	11	80	0.1375000
NODE_3346_length_1275_cov_35.471939	632	712	18	25	80	0.3125000
NODE_3346_length_1275_cov_35.471939	685	765	6	7	80	0.0875000
NODE_3346_length_1275_cov_35.471939	685	765	7	3	80	0.0375000
NODE_3346_length_1275_cov_35.471939	685	765	8	44	80	0.5500000
NODE_3346_length_1275_cov_35.471939	685	765	16	1	80	0.0125000
NODE_3346_length_1275_cov_35.471939	685	765	18	25	80	0.3125000
NODE_3347_length_1275_cov_19.910714	361	441	0	10	80	0.1250000
NODE_3347_length_1275_cov_19.910714	361	441	10	16	80	0.2000000
NODE_3347_length_1275_cov_19.910714	361	441	16	38	80	0.4750000
NODE_3347_length_1275_cov_19.910714	361	441	18	16	80	0.2000000
NODE_3347_length_1275_cov_19.910714	414	494	0	4	80	0.0500000
NODE_3347_length_1275_cov_19.910714	414	494	2	13	80	0.1625000
NODE_3347_length_1275_cov_19.910714	414	494	12	2	80	0.0250000
NODE_3347_length_1275_cov_19.910714	414	494	16	11	80	0.1375000
NODE_3347_length_1275_cov_19.910714	414	494	18	50	80	0.6250000
NODE_3347_length_1275_cov_19.910714	879	949	6	70	70	1.0000000
NODE_3351_length_1274_cov_23.404255	427	507	2	35	80	0.4375000
NODE_3351_length_1274_cov_23.404255	427	507	4	23	80	0.2875000
NODE_3351_length_1274_cov_23.404255	427	507	6	22	80	0.2750000
NODE_3351_length_1274_cov_23.404255	480	560	3	1	80	0.0125000
NODE_3351_length_1274_cov_23.404255	480	560	4	75	80	0.9375000
NODE_3351_length_1274_cov_23.404255	480	560	6	4	80	0.0500000
NODE_3351_length_1274_cov_23.404255	556	636	4	9	80	0.1125000
NODE_3351_length_1274_cov_23.404255	556	636	10	29	80	0.3625000
NODE_3351_length_1274_cov_23.404255	556	636	12	42	80	0.5250000
NODE_3351_length_1274_cov_23.404255	609	689	2	6	80	0.0750000
NODE_3351_length_1274_cov_23.404255	609	689	8	16	80	0.2000000
NODE_3351_length_1274_cov_23.404255	609	689	12	58	80	0.7250000
NODE_3352_length_1274_cov_20.178723	545	625	10	45	80	0.5625000
NODE_3352_length_1274_cov_20.178723	545	625	12	35	80	0.4375000
NODE_3352_length_1274_cov_20.178723	598	678	8	10	80	0.1250000
NODE_3352_length_1274_cov_20.178723	598	678	10	43	80	0.5375000
NODE_3352_length_1274_cov_20.178723	598	678	12	27	80	0.3375000
NODE_3354_length_1274_cov_2.019574	841	907	4	22	66	0.3333333
NODE_3354_length_1274_cov_2.019574	841	907	6	44	66	0.6666667
NODE_3354_length_1274_cov_2.019574	894	961	0	15	67	0.2238806
NODE_3354_length_1274_cov_2.019574	894	961	2	20	67	0.2985075
NODE_3354_length_1274_cov_2.019574	894	961	4	32	67	0.4776119
NODE_3361_length_1273_cov_42.349233	337	417	0	80	80	1.0000000
NODE_3361_length_1273_cov_42.349233	390	470	0	48	80	0.6000000
NODE_3361_length_1273_cov_42.349233	390	470	1	26	80	0.3250000
NODE_3361_length_1273_cov_42.349233	390	470	9	6	80	0.0750000
NODE_3361_length_1273_cov_42.349233	466	546	9	23	80	0.2875000
NODE_3361_length_1273_cov_42.349233	466	546	11	1	80	0.0125000
NODE_3361_length_1273_cov_42.349233	466	546	14	32	80	0.4000000
NODE_3361_length_1273_cov_42.349233	466	546	15	11	80	0.1375000
NODE_3361_length_1273_cov_42.349233	466	546	23	13	80	0.1625000
NODE_3361_length_1273_cov_42.349233	519	599	11	11	80	0.1375000
NODE_3361_length_1273_cov_42.349233	519	599	12	7	80	0.0875000
NODE_3361_length_1273_cov_42.349233	519	599	14	5	80	0.0625000
NODE_3361_length_1273_cov_42.349233	519	599	15	11	80	0.1375000
NODE_3361_length_1273_cov_42.349233	519	599	22	19	80	0.2375000
NODE_3361_length_1273_cov_42.349233	519	599	23	27	80	0.3375000
NODE_3364_length_1273_cov_4.404600	407	487	0	80	80	1.0000000
NODE_3364_length_1273_cov_4.404600	460	540	0	80	80	1.0000000
NODE_3368_length_1272_cov_28.887468	588	668	8	50	80	0.6250000
NODE_3368_length_1272_cov_28.887468	588	668	9	5	80	0.0625000
NODE_3368_length_1272_cov_28.887468	588	668	10	13	80	0.1625000
NODE_3368_length_1272_cov_28.887468	588	668	11	12	80	0.1500000
NODE_3368_length_1272_cov_28.887468	641	721	4	15	80	0.1875000
NODE_3368_length_1272_cov_28.887468	641	721	6	27	80	0.3375000
NODE_3368_length_1272_cov_28.887468	641	721	8	22	80	0.2750000
NODE_3368_length_1272_cov_28.887468	641	721	10	12	80	0.1500000
NODE_3368_length_1272_cov_28.887468	641	721	11	4	80	0.0500000
NODE_3369_length_1272_cov_11.290708	366	447	12	34	81	0.4197531
NODE_3369_length_1272_cov_11.290708	366	447	14	2	81	0.0246914
NODE_3369_length_1272_cov_11.290708	366	447	16	1	81	0.0123457
NODE_3369_length_1272_cov_11.290708	366	447	18	28	81	0.3456790
NODE_3369_length_1272_cov_11.290708	366	447	20	16	81	0.1975309
NODE_3375_length_1270_cov_13.617421	365	445	0	7	80	0.0875000
NODE_3375_length_1270_cov_13.617421	365	445	2	73	80	0.9125000
NODE_3375_length_1270_cov_13.617421	396	473	0	27	77	0.3506494
NODE_3375_length_1270_cov_13.617421	396	473	2	42	77	0.5454546
NODE_3375_length_1270_cov_13.617421	396	473	4	8	77	0.1038961
NODE_3375_length_1270_cov_13.617421	418	498	0	27	80	0.3375000
NODE_3375_length_1270_cov_13.617421	418	498	2	20	80	0.2500000
NODE_3375_length_1270_cov_13.617421	418	498	4	33	80	0.4125000
NODE_3375_length_1270_cov_13.617421	449	473	0	16	24	0.6666667
NODE_3375_length_1270_cov_13.617421	449	473	4	8	24	0.3333333
NODE_3375_length_1270_cov_13.617421	465	498	4	33	33	1.0000000
NODE_3376_length_1270_cov_11.645602	294	374	0	53	80	0.6625000
NODE_3376_length_1270_cov_11.645602	294	374	2	27	80	0.3375000
NODE_3376_length_1270_cov_11.645602	347	427	2	30	80	0.3750000
NODE_3376_length_1270_cov_11.645602	347	427	4	22	80	0.2750000
NODE_3376_length_1270_cov_11.645602	347	427	8	28	80	0.3500000
NODE_3377_length_1270_cov_2.495303	74	131	2	1	57	0.0175439
NODE_3377_length_1270_cov_2.495303	74	131	4	56	57	0.9824561
NODE_3378_length_1269_cov_55.070940	492	569	0	12	77	0.1558442
NODE_3378_length_1269_cov_55.070940	492	569	2	16	77	0.2077922
NODE_3378_length_1269_cov_55.070940	492	569	3	23	77	0.2987013
NODE_3378_length_1269_cov_55.070940	492	569	6	26	77	0.3376623
NODE_3378_length_1269_cov_55.070940	545	625	0	8	80	0.1000000
NODE_3378_length_1269_cov_55.070940	545	625	2	72	80	0.9000000
NODE_3378_length_1269_cov_55.070940	621	701	2	29	80	0.3625000
NODE_3378_length_1269_cov_55.070940	621	701	8	11	80	0.1375000
NODE_3378_length_1269_cov_55.070940	621	701	10	23	80	0.2875000
NODE_3378_length_1269_cov_55.070940	621	701	12	17	80	0.2125000
NODE_3378_length_1269_cov_55.070940	674	754	10	28	80	0.3500000
NODE_3378_length_1269_cov_55.070940	674	754	12	52	80	0.6500000
NODE_3379_length_1269_cov_22.154701	1152	1216	8	6	64	0.0937500
NODE_3379_length_1269_cov_22.154701	1152	1216	10	11	64	0.1718750
NODE_3379_length_1269_cov_22.154701	1152	1216	14	47	64	0.7343750
NODE_3379_length_1269_cov_22.154701	1152	1216	8	6	64	0.0937500
NODE_3379_length_1269_cov_22.154701	1152	1216	10	11	64	0.1718750
NODE_3379_length_1269_cov_22.154701	1152	1216	14	47	64	0.7343750
NODE_3379_length_1269_cov_22.154701	1152	1216	8	6	64	0.0937500
NODE_3379_length_1269_cov_22.154701	1152	1216	10	11	64	0.1718750
NODE_3379_length_1269_cov_22.154701	1152	1216	14	47	64	0.7343750
NODE_3379_length_1269_cov_22.154701	1189	1269	2	7	80	0.0875000
NODE_3379_length_1269_cov_22.154701	1189	1269	4	8	80	0.1000000
NODE_3379_length_1269_cov_22.154701	1189	1269	6	26	80	0.3250000
NODE_3379_length_1269_cov_22.154701	1189	1269	8	18	80	0.2250000
NODE_3379_length_1269_cov_22.154701	1189	1269	10	11	80	0.1375000
NODE_3379_length_1269_cov_22.154701	1189	1269	14	10	80	0.1250000
NODE_3379_length_1269_cov_22.154701	1189	1269	2	7	80	0.0875000
NODE_3379_length_1269_cov_22.154701	1189	1269	4	8	80	0.1000000
NODE_3379_length_1269_cov_22.154701	1189	1269	6	26	80	0.3250000
NODE_3379_length_1269_cov_22.154701	1189	1269	8	18	80	0.2250000
NODE_3379_length_1269_cov_22.154701	1189	1269	10	11	80	0.1375000
NODE_3379_length_1269_cov_22.154701	1189	1269	14	10	80	0.1250000
NODE_3380_length_1269_cov_18.753846	317	398	32	22	81	0.2716049
NODE_3380_length_1269_cov_18.753846	317	398	36	4	81	0.0493827
NODE_3380_length_1269_cov_18.753846	317	398	38	35	81	0.4320988
NODE_3380_length_1269_cov_18.753846	317	398	40	20	81	0.2469136
NODE_3381_length_1269_cov_12.637607	580	660	2	56	80	0.7000000
NODE_3381_length_1269_cov_12.637607	580	660	4	24	80	0.3000000
NODE_3381_length_1269_cov_12.637607	633	713	2	48	80	0.6000000
NODE_3381_length_1269_cov_12.637607	633	713	4	32	80	0.4000000
NODE_3381_length_1269_cov_12.637607	709	729	2	16	20	0.8000000
NODE_3381_length_1269_cov_12.637607	709	729	4	4	20	0.2000000
NODE_3381_length_1269_cov_12.637607	709	789	2	23	80	0.2875000
NODE_3381_length_1269_cov_12.637607	709	789	4	57	80	0.7125000
NODE_3381_length_1269_cov_12.637607	762	842	2	60	80	0.7500000
NODE_3381_length_1269_cov_12.637607	762	842	4	20	80	0.2500000
NODE_3382_length_1269_cov_10.552137	765	845	4	80	80	1.0000000
NODE_3382_length_1269_cov_10.552137	818	898	0	10	80	0.1250000
NODE_3382_length_1269_cov_10.552137	818	898	4	70	80	0.8750000
NODE_3391_length_1268_cov_12.862275	300	350	12	3	50	0.0600000
NODE_3391_length_1268_cov_12.862275	300	350	16	9	50	0.1800000
NODE_3391_length_1268_cov_12.862275	300	350	18	4	50	0.0800000
NODE_3391_length_1268_cov_12.862275	300	350	20	7	50	0.1400000
NODE_3391_length_1268_cov_12.862275	300	350	22	3	50	0.0600000
NODE_3391_length_1268_cov_12.862275	300	350	24	6	50	0.1200000
NODE_3391_length_1268_cov_12.862275	300	350	26	8	50	0.1600000
NODE_3391_length_1268_cov_12.862275	300	350	28	1	50	0.0200000
NODE_3391_length_1268_cov_12.862275	300	350	30	1	50	0.0200000
NODE_3391_length_1268_cov_12.862275	300	350	32	8	50	0.1600000
NODE_3392_length_1268_cov_9.523524	265	345	12	28	80	0.3500000
NODE_3392_length_1268_cov_9.523524	265	345	14	2	80	0.0250000
NODE_3392_length_1268_cov_9.523524	265	345	20	50	80	0.6250000
NODE_3392_length_1268_cov_9.523524	318	398	8	4	80	0.0500000
NODE_3392_length_1268_cov_9.523524	318	398	12	54	80	0.6750000
NODE_3392_length_1268_cov_9.523524	318	398	20	22	80	0.2750000
NODE_3393_length_1267_cov_21.315068	299	379	12	51	80	0.6375000
NODE_3393_length_1267_cov_21.315068	299	379	15	6	80	0.0750000
NODE_3393_length_1267_cov_21.315068	299	379	16	23	80	0.2875000
NODE_3393_length_1267_cov_21.315068	352	432	4	15	80	0.1875000
NODE_3393_length_1267_cov_21.315068	352	432	6	18	80	0.2250000
NODE_3393_length_1267_cov_21.315068	352	432	10	4	80	0.0500000
NODE_3393_length_1267_cov_21.315068	352	432	11	3	80	0.0375000
NODE_3393_length_1267_cov_21.315068	352	432	15	19	80	0.2375000
NODE_3393_length_1267_cov_21.315068	352	432	16	21	80	0.2625000
NODE_3393_length_1267_cov_21.315068	698	778	0	80	80	1.0000000
NODE_3393_length_1267_cov_21.315068	751	831	0	80	80	1.0000000
NODE_3394_length_1267_cov_14.880137	606	686	0	74	80	0.9250000
NODE_3394_length_1267_cov_14.880137	606	686	4	6	80	0.0750000
NODE_3394_length_1267_cov_14.880137	659	739	0	21	80	0.2625000
NODE_3394_length_1267_cov_14.880137	659	739	4	59	80	0.7375000
NODE_3397_length_1266_cov_20.584404	357	437	2	4	80	0.0500000
NODE_3397_length_1266_cov_20.584404	357	437	12	24	80	0.3000000
NODE_3397_length_1266_cov_20.584404	357	437	14	52	80	0.6500000
NODE_3397_length_1266_cov_20.584404	410	490	2	23	80	0.2875000
NODE_3397_length_1266_cov_20.584404	410	490	6	5	80	0.0625000
NODE_3397_length_1266_cov_20.584404	410	490	12	13	80	0.1625000
NODE_3397_length_1266_cov_20.584404	410	490	14	39	80	0.4875000
NODE_3398_length_1266_cov_16.571551	359	435	0	76	76	1.0000000
NODE_3398_length_1266_cov_16.571551	408	488	0	80	80	1.0000000
NODE_3399_length_1266_cov_14.218509	517	595	3	5	78	0.0641026
NODE_3399_length_1266_cov_14.218509	517	595	4	73	78	0.9358974
NODE_3399_length_1266_cov_14.218509	568	648	0	44	80	0.5500000
NODE_3399_length_1266_cov_14.218509	568	648	4	36	80	0.4500000
NODE_3399_length_1266_cov_14.218509	644	724	0	80	80	1.0000000
NODE_3399_length_1266_cov_14.218509	697	777	0	80	80	1.0000000
NODE_3403_length_1265_cov_9.807890	429	509	8	49	80	0.6125000
NODE_3403_length_1265_cov_9.807890	429	509	9	30	80	0.3750000
NODE_3403_length_1265_cov_9.807890	429	509	10	1	80	0.0125000
NODE_3403_length_1265_cov_9.807890	482	562	6	40	80	0.5000000
NODE_3403_length_1265_cov_9.807890	482	562	8	32	80	0.4000000
NODE_3403_length_1265_cov_9.807890	482	562	10	7	80	0.0875000
NODE_3403_length_1265_cov_9.807890	482	562	12	1	80	0.0125000
NODE_3404_length_1265_cov_8.233276	160	207	0	1	47	0.0212766
NODE_3404_length_1265_cov_8.233276	160	207	3	1	47	0.0212766
NODE_3404_length_1265_cov_8.233276	160	207	4	3	47	0.0638298
NODE_3404_length_1265_cov_8.233276	160	207	6	1	47	0.0212766
NODE_3404_length_1265_cov_8.233276	160	207	10	17	47	0.3617021
NODE_3404_length_1265_cov_8.233276	160	207	14	6	47	0.1276596
NODE_3404_length_1265_cov_8.233276	160	207	18	18	47	0.3829787
NODE_3404_length_1265_cov_8.233276	1004	1058	10	54	54	1.0000000
NODE_3406_length_1265_cov_3.941681	503	583	0	80	80	1.0000000
NODE_3406_length_1265_cov_3.941681	556	636	0	80	80	1.0000000
NODE_3408_length_1264_cov_8.024034	290	370	0	32	80	0.4000000
NODE_3408_length_1264_cov_8.024034	290	370	2	18	80	0.2250000
NODE_3408_length_1264_cov_8.024034	290	370	4	30	80	0.3750000
NODE_3408_length_1264_cov_8.024034	343	423	2	19	80	0.2375000
NODE_3408_length_1264_cov_8.024034	343	423	4	61	80	0.7625000
NODE_3413_length_1263_cov_8.566151	698	778	0	80	80	1.0000000
NODE_3413_length_1263_cov_8.566151	751	831	0	80	80	1.0000000
NODE_3413_length_1263_cov_8.566151	833	910	0	41	77	0.5324675
NODE_3413_length_1263_cov_8.566151	833	910	2	36	77	0.4675325
NODE_3413_length_1263_cov_8.566151	883	963	2	40	80	0.5000000
NODE_3413_length_1263_cov_8.566151	883	963	6	40	80	0.5000000
NODE_3414_length_1263_cov_7.376289	1060	1140	0	49	80	0.6125000
NODE_3414_length_1263_cov_7.376289	1060	1140	2	31	80	0.3875000
NODE_3414_length_1263_cov_7.376289	1113	1213	0	25	100	0.2500000
NODE_3414_length_1263_cov_7.376289	1113	1213	2	75	100	0.7500000
NODE_3416_length_1263_cov_1.827320	227	307	0	80	80	1.0000000
NODE_3416_length_1263_cov_1.827320	280	360	0	80	80	1.0000000
NODE_3418_length_1262_cov_17.416165	404	484	0	6	80	0.0750000
NODE_3418_length_1262_cov_17.416165	404	484	4	36	80	0.4500000
NODE_3418_length_1262_cov_17.416165	404	484	6	24	80	0.3000000
NODE_3418_length_1262_cov_17.416165	404	484	18	14	80	0.1750000
NODE_3418_length_1262_cov_17.416165	457	537	4	3	80	0.0375000
NODE_3418_length_1262_cov_17.416165	457	537	6	77	80	0.9625000
NODE_3419_length_1262_cov_15.268272	648	728	0	1	80	0.0125000
NODE_3419_length_1262_cov_15.268272	648	728	2	9	80	0.1125000
NODE_3419_length_1262_cov_15.268272	648	728	4	70	80	0.8750000
NODE_3419_length_1262_cov_15.268272	701	781	2	7	80	0.0875000
NODE_3419_length_1262_cov_15.268272	701	781	4	55	80	0.6875000
NODE_3419_length_1262_cov_15.268272	701	781	6	18	80	0.2250000
NODE_3419_length_1262_cov_15.268272	777	857	6	18	80	0.2250000
NODE_3419_length_1262_cov_15.268272	777	857	8	41	80	0.5125000
NODE_3419_length_1262_cov_15.268272	777	857	10	21	80	0.2625000
NODE_3419_length_1262_cov_15.268272	830	910	2	7	80	0.0875000
NODE_3419_length_1262_cov_15.268272	830	910	4	6	80	0.0750000
NODE_3419_length_1262_cov_15.268272	830	910	6	6	80	0.0750000
NODE_3419_length_1262_cov_15.268272	830	910	8	19	80	0.2375000
NODE_3419_length_1262_cov_15.268272	830	910	10	42	80	0.5250000
NODE_3424_length_1261_cov_1.777969	272	318	0	46	46	1.0000000
NODE_3425_length_1260_cov_55.640827	499	579	6	32	80	0.4000000
NODE_3425_length_1260_cov_55.640827	499	579	7	9	80	0.1125000
NODE_3425_length_1260_cov_55.640827	499	579	8	39	80	0.4875000
NODE_3425_length_1260_cov_55.640827	552	632	2	1	80	0.0125000
NODE_3425_length_1260_cov_55.640827	552	632	3	26	80	0.3250000
NODE_3425_length_1260_cov_55.640827	552	632	4	8	80	0.1000000
NODE_3425_length_1260_cov_55.640827	552	632	5	10	80	0.1250000
NODE_3425_length_1260_cov_55.640827	552	632	7	17	80	0.2125000
NODE_3425_length_1260_cov_55.640827	552	632	8	18	80	0.2250000
NODE_3425_length_1260_cov_55.640827	628	708	4	7	80	0.0875000
NODE_3425_length_1260_cov_55.640827	628	708	6	67	80	0.8375000
NODE_3425_length_1260_cov_55.640827	628	708	8	6	80	0.0750000
NODE_3425_length_1260_cov_55.640827	681	761	2	47	80	0.5875000
NODE_3425_length_1260_cov_55.640827	681	761	4	1	80	0.0125000
NODE_3425_length_1260_cov_55.640827	681	761	6	21	80	0.2625000
NODE_3425_length_1260_cov_55.640827	681	761	8	11	80	0.1375000
NODE_3426_length_1260_cov_12.242894	427	507	0	6	80	0.0750000
NODE_3426_length_1260_cov_12.242894	427	507	12	1	80	0.0125000
NODE_3426_length_1260_cov_12.242894	427	507	22	34	80	0.4250000
NODE_3426_length_1260_cov_12.242894	427	507	23	2	80	0.0250000
NODE_3426_length_1260_cov_12.242894	427	507	24	20	80	0.2500000
NODE_3426_length_1260_cov_12.242894	427	507	25	11	80	0.1375000
NODE_3426_length_1260_cov_12.242894	427	507	27	6	80	0.0750000
NODE_3426_length_1260_cov_12.242894	480	560	4	21	80	0.2625000
NODE_3426_length_1260_cov_12.242894	480	560	14	18	80	0.2250000
NODE_3426_length_1260_cov_12.242894	480	560	24	10	80	0.1250000
NODE_3426_length_1260_cov_12.242894	480	560	25	11	80	0.1375000
NODE_3426_length_1260_cov_12.242894	480	560	27	20	80	0.2500000
NODE_3436_length_1259_cov_15.381897	509	589	2	8	80	0.1000000
NODE_3436_length_1259_cov_15.381897	509	589	4	23	80	0.2875000
NODE_3436_length_1259_cov_15.381897	509	589	6	49	80	0.6125000
NODE_3436_length_1259_cov_15.381897	562	642	0	35	80	0.4375000
NODE_3436_length_1259_cov_15.381897	562	642	2	26	80	0.3250000
NODE_3436_length_1259_cov_15.381897	562	642	4	19	80	0.2375000
NODE_3439_length_1258_cov_33.519413	608	688	2	12	80	0.1500000
NODE_3439_length_1258_cov_33.519413	608	688	6	19	80	0.2375000
NODE_3439_length_1258_cov_33.519413	608	688	8	49	80	0.6125000
NODE_3439_length_1258_cov_33.519413	661	741	0	15	80	0.1875000
NODE_3439_length_1258_cov_33.519413	661	741	6	57	80	0.7125000
NODE_3439_length_1258_cov_33.519413	661	741	8	8	80	0.1000000
NODE_3440_length_1258_cov_22.569456	583	663	0	4	80	0.0500000
NODE_3440_length_1258_cov_22.569456	583	663	10	16	80	0.2000000
NODE_3440_length_1258_cov_22.569456	583	663	14	60	80	0.7500000
NODE_3440_length_1258_cov_22.569456	636	716	0	2	80	0.0250000
NODE_3440_length_1258_cov_22.569456	636	716	10	21	80	0.2625000
NODE_3440_length_1258_cov_22.569456	636	716	12	5	80	0.0625000
NODE_3440_length_1258_cov_22.569456	636	716	14	52	80	0.6500000
NODE_3441_length_1258_cov_18.747196	308	388	2	23	80	0.2875000
NODE_3441_length_1258_cov_18.747196	308	388	4	29	80	0.3625000
NODE_3441_length_1258_cov_18.747196	308	388	6	28	80	0.3500000
NODE_3441_length_1258_cov_18.747196	361	441	4	30	80	0.3750000
NODE_3441_length_1258_cov_18.747196	361	441	6	21	80	0.2625000
NODE_3441_length_1258_cov_18.747196	361	441	8	29	80	0.3625000
NODE_3441_length_1258_cov_18.747196	437	517	2	29	80	0.3625000
NODE_3441_length_1258_cov_18.747196	437	517	4	32	80	0.4000000
NODE_3441_length_1258_cov_18.747196	437	517	6	19	80	0.2375000
NODE_3441_length_1258_cov_18.747196	490	570	0	44	80	0.5500000
NODE_3441_length_1258_cov_18.747196	490	570	2	36	80	0.4500000
NODE_3442_length_1258_cov_13.699741	332	412	0	10	80	0.1250000
NODE_3442_length_1258_cov_13.699741	332	412	7	21	80	0.2625000
NODE_3442_length_1258_cov_13.699741	332	412	8	5	80	0.0625000
NODE_3442_length_1258_cov_13.699741	332	412	14	4	80	0.0500000
NODE_3442_length_1258_cov_13.699741	332	412	15	23	80	0.2875000
NODE_3442_length_1258_cov_13.699741	332	412	22	17	80	0.2125000
NODE_3442_length_1258_cov_13.699741	385	465	15	10	80	0.1250000
NODE_3442_length_1258_cov_13.699741	385	465	22	70	80	0.8750000
NODE_3447_length_1257_cov_34.029361	567	647	2	31	80	0.3875000
NODE_3447_length_1257_cov_34.029361	567	647	4	49	80	0.6125000
NODE_3447_length_1257_cov_34.029361	620	700	0	51	80	0.6375000
NODE_3447_length_1257_cov_34.029361	620	700	2	23	80	0.2875000
NODE_3447_length_1257_cov_34.029361	620	700	4	6	80	0.0750000
NODE_3447_length_1257_cov_34.029361	696	776	0	18	80	0.2250000
NODE_3447_length_1257_cov_34.029361	696	776	2	62	80	0.7750000
NODE_3447_length_1257_cov_34.029361	749	829	0	11	80	0.1375000
NODE_3447_length_1257_cov_34.029361	749	829	2	69	80	0.8625000
NODE_3449_length_1257_cov_7.892919	317	397	0	62	80	0.7750000
NODE_3449_length_1257_cov_7.892919	317	397	2	18	80	0.2250000
NODE_3449_length_1257_cov_7.892919	370	450	0	9	80	0.1125000
NODE_3449_length_1257_cov_7.892919	370	450	2	46	80	0.5750000
NODE_3449_length_1257_cov_7.892919	370	450	4	25	80	0.3125000
NODE_3452_length_1256_cov_50.506482	389	469	0	26	80	0.3250000
NODE_3452_length_1256_cov_50.506482	389	469	7	1	80	0.0125000
NODE_3452_length_1256_cov_50.506482	389	469	8	24	80	0.3000000
NODE_3452_length_1256_cov_50.506482	389	469	10	13	80	0.1625000
NODE_3452_length_1256_cov_50.506482	389	469	14	6	80	0.0750000
NODE_3452_length_1256_cov_50.506482	389	469	16	7	80	0.0875000
NODE_3452_length_1256_cov_50.506482	389	469	18	3	80	0.0375000
NODE_3452_length_1256_cov_50.506482	442	522	10	11	80	0.1375000
NODE_3452_length_1256_cov_50.506482	442	522	14	6	80	0.0750000
NODE_3452_length_1256_cov_50.506482	442	522	16	7	80	0.0875000
NODE_3452_length_1256_cov_50.506482	442	522	18	19	80	0.2375000
NODE_3452_length_1256_cov_50.506482	442	522	20	17	80	0.2125000
NODE_3452_length_1256_cov_50.506482	442	522	32	10	80	0.1250000
NODE_3452_length_1256_cov_50.506482	442	522	38	10	80	0.1250000
NODE_3452_length_1256_cov_50.506482	518	598	30	8	80	0.1000000
NODE_3452_length_1256_cov_50.506482	518	598	32	2	80	0.0250000
NODE_3452_length_1256_cov_50.506482	518	598	33	1	80	0.0125000
NODE_3452_length_1256_cov_50.506482	518	598	34	24	80	0.3000000
NODE_3452_length_1256_cov_50.506482	518	598	38	15	80	0.1875000
NODE_3452_length_1256_cov_50.506482	518	598	40	16	80	0.2000000
NODE_3452_length_1256_cov_50.506482	518	598	42	4	80	0.0500000
NODE_3452_length_1256_cov_50.506482	518	598	44	2	80	0.0250000
NODE_3452_length_1256_cov_50.506482	518	598	50	8	80	0.1000000
NODE_3452_length_1256_cov_50.506482	571	651	0	7	80	0.0875000
NODE_3452_length_1256_cov_50.506482	571	651	5	1	80	0.0125000
NODE_3452_length_1256_cov_50.506482	571	651	15	1	80	0.0125000
NODE_3452_length_1256_cov_50.506482	571	651	16	6	80	0.0750000
NODE_3452_length_1256_cov_50.506482	571	651	23	31	80	0.3875000
NODE_3452_length_1256_cov_50.506482	571	651	29	2	80	0.0250000
NODE_3452_length_1256_cov_50.506482	571	651	30	13	80	0.1625000
NODE_3452_length_1256_cov_50.506482	571	651	32	2	80	0.0250000
NODE_3452_length_1256_cov_50.506482	571	651	33	1	80	0.0125000
NODE_3452_length_1256_cov_50.506482	571	651	34	16	80	0.2000000
NODE_3453_length_1256_cov_25.944685	754	834	0	80	80	1.0000000
NODE_3453_length_1256_cov_25.944685	807	887	0	80	80	1.0000000
NODE_3455_length_1256_cov_21.720830	713	793	0	80	80	1.0000000
NODE_3455_length_1256_cov_21.720830	766	846	0	80	80	1.0000000
NODE_3456_length_1256_cov_14.242005	595	675	2	55	80	0.6875000
NODE_3456_length_1256_cov_14.242005	595	675	4	25	80	0.3125000
NODE_3456_length_1256_cov_14.242005	648	728	0	14	80	0.1750000
NODE_3456_length_1256_cov_14.242005	648	728	2	57	80	0.7125000
NODE_3456_length_1256_cov_14.242005	648	728	4	9	80	0.1125000
NODE_3457_length_1256_cov_5.870354	879	959	0	80	80	1.0000000
NODE_3463_length_1255_cov_37.271626	458	538	4	24	80	0.3000000
NODE_3463_length_1255_cov_37.271626	458	538	6	56	80	0.7000000
NODE_3463_length_1255_cov_37.271626	511	591	6	59	80	0.7375000
NODE_3463_length_1255_cov_37.271626	511	591	8	21	80	0.2625000
NODE_3463_length_1255_cov_37.271626	587	667	6	28	80	0.3500000
NODE_3463_length_1255_cov_37.271626	587	667	8	36	80	0.4500000
NODE_3463_length_1255_cov_37.271626	587	667	10	16	80	0.2000000
NODE_3463_length_1255_cov_37.271626	640	720	2	21	80	0.2625000
NODE_3463_length_1255_cov_37.271626	640	720	4	2	80	0.0250000
NODE_3463_length_1255_cov_37.271626	640	720	6	14	80	0.1750000
NODE_3463_length_1255_cov_37.271626	640	720	8	28	80	0.3500000
NODE_3463_length_1255_cov_37.271626	640	720	10	15	80	0.1875000
NODE_3464_length_1255_cov_21.374567	516	596	0	80	80	1.0000000
NODE_3464_length_1255_cov_21.374567	569	649	0	80	80	1.0000000
NODE_3464_length_1255_cov_21.374567	645	725	0	30	80	0.3750000
NODE_3464_length_1255_cov_21.374567	645	725	2	23	80	0.2875000
NODE_3464_length_1255_cov_21.374567	645	725	4	27	80	0.3375000
NODE_3464_length_1255_cov_21.374567	698	778	2	22	80	0.2750000
NODE_3464_length_1255_cov_21.374567	698	778	4	58	80	0.7250000
NODE_3465_length_1255_cov_18.391869	521	601	6	64	80	0.8000000
NODE_3465_length_1255_cov_18.391869	521	601	8	16	80	0.2000000
NODE_3465_length_1255_cov_18.391869	574	654	2	36	80	0.4500000
NODE_3465_length_1255_cov_18.391869	574	654	6	11	80	0.1375000
NODE_3465_length_1255_cov_18.391869	574	654	8	33	80	0.4125000
NODE_3466_length_1255_cov_4.096021	1194	1242	0	48	48	1.0000000
NODE_3469_length_1254_cov_32.470996	612	692	2	80	80	1.0000000
NODE_3469_length_1254_cov_32.470996	665	745	0	50	80	0.6250000
NODE_3469_length_1254_cov_32.470996	665	745	2	30	80	0.3750000
NODE_3470_length_1254_cov_26.449351	488	568	0	80	80	1.0000000
NODE_3470_length_1254_cov_26.449351	541	621	0	80	80	1.0000000
NODE_3471_length_1254_cov_22.032035	531	611	0	80	80	1.0000000
NODE_3471_length_1254_cov_22.032035	584	664	0	80	80	1.0000000
NODE_3479_length_1253_cov_16.916811	651	731	0	80	80	1.0000000
NODE_3479_length_1253_cov_16.916811	704	784	0	80	80	1.0000000
NODE_3479_length_1253_cov_16.916811	780	860	0	19	80	0.2375000
NODE_3479_length_1253_cov_16.916811	780	860	4	1	80	0.0125000
NODE_3479_length_1253_cov_16.916811	780	860	5	4	80	0.0500000
NODE_3479_length_1253_cov_16.916811	780	860	7	3	80	0.0375000
NODE_3479_length_1253_cov_16.916811	780	860	8	13	80	0.1625000
NODE_3479_length_1253_cov_16.916811	780	860	9	40	80	0.5000000
NODE_3479_length_1253_cov_16.916811	833	913	8	13	80	0.1625000
NODE_3479_length_1253_cov_16.916811	833	913	9	67	80	0.8375000
NODE_3480_length_1253_cov_13.816291	811	891	0	80	80	1.0000000
NODE_3481_length_1253_cov_9.067591	306	386	2	80	80	1.0000000
NODE_3481_length_1253_cov_9.067591	359	439	0	21	80	0.2625000
NODE_3481_length_1253_cov_9.067591	359	439	2	59	80	0.7375000
NODE_3487_length_1252_cov_57.745880	477	557	8	9	80	0.1125000
NODE_3487_length_1252_cov_57.745880	477	557	10	58	80	0.7250000
NODE_3487_length_1252_cov_57.745880	477	557	11	11	80	0.1375000
NODE_3487_length_1252_cov_57.745880	477	557	12	2	80	0.0250000
NODE_3487_length_1252_cov_57.745880	530	610	4	11	80	0.1375000
NODE_3487_length_1252_cov_57.745880	530	610	5	3	80	0.0375000
NODE_3487_length_1252_cov_57.745880	530	610	6	32	80	0.4000000
NODE_3487_length_1252_cov_57.745880	530	610	8	16	80	0.2000000
NODE_3487_length_1252_cov_57.745880	530	610	10	5	80	0.0625000
NODE_3487_length_1252_cov_57.745880	530	610	11	11	80	0.1375000
NODE_3487_length_1252_cov_57.745880	530	610	12	2	80	0.0250000
NODE_3487_length_1252_cov_57.745880	606	686	4	7	80	0.0875000
NODE_3487_length_1252_cov_57.745880	606	686	8	15	80	0.1875000
NODE_3487_length_1252_cov_57.745880	606	686	13	1	80	0.0125000
NODE_3487_length_1252_cov_57.745880	606	686	14	57	80	0.7125000
NODE_3487_length_1252_cov_57.745880	659	739	10	19	80	0.2375000
NODE_3487_length_1252_cov_57.745880	659	739	11	3	80	0.0375000
NODE_3487_length_1252_cov_57.745880	659	739	12	22	80	0.2750000
NODE_3487_length_1252_cov_57.745880	659	739	13	10	80	0.1250000
NODE_3487_length_1252_cov_57.745880	659	739	14	26	80	0.3250000
NODE_3488_length_1252_cov_56.694709	594	674	21	28	80	0.3500000
NODE_3488_length_1252_cov_56.694709	594	674	22	16	80	0.2000000
NODE_3488_length_1252_cov_56.694709	594	674	23	17	80	0.2125000
NODE_3488_length_1252_cov_56.694709	594	674	24	19	80	0.2375000
NODE_3488_length_1252_cov_56.694709	647	727	2	13	80	0.1625000
NODE_3488_length_1252_cov_56.694709	647	727	20	11	80	0.1375000
NODE_3488_length_1252_cov_56.694709	647	727	22	2	80	0.0250000
NODE_3488_length_1252_cov_56.694709	647	727	23	44	80	0.5500000
NODE_3488_length_1252_cov_56.694709	647	727	24	10	80	0.1250000
NODE_3488_length_1252_cov_56.694709	723	803	0	53	80	0.6625000
NODE_3488_length_1252_cov_56.694709	723	803	2	27	80	0.3375000
NODE_3488_length_1252_cov_56.694709	785	847	0	62	62	1.0000000
NODE_3489_length_1252_cov_34.023417	468	548	0	11	80	0.1375000
NODE_3489_length_1252_cov_34.023417	468	548	2	24	80	0.3000000
NODE_3489_length_1252_cov_34.023417	468	548	4	45	80	0.5625000
NODE_3489_length_1252_cov_34.023417	521	601	2	20	80	0.2500000
NODE_3489_length_1252_cov_34.023417	521	601	3	1	80	0.0125000
NODE_3489_length_1252_cov_34.023417	521	601	4	46	80	0.5750000
NODE_3489_length_1252_cov_34.023417	521	601	5	13	80	0.1625000
NODE_3489_length_1252_cov_34.023417	597	677	4	34	80	0.4250000
NODE_3489_length_1252_cov_34.023417	597	677	5	35	80	0.4375000
NODE_3489_length_1252_cov_34.023417	597	677	6	11	80	0.1375000
NODE_3489_length_1252_cov_34.023417	650	730	2	9	80	0.1125000
NODE_3489_length_1252_cov_34.023417	650	730	4	71	80	0.8875000
NODE_3490_length_1252_cov_9.316565	573	653	2	28	80	0.3500000
NODE_3490_length_1252_cov_9.316565	573	653	4	6	80	0.0750000
NODE_3490_length_1252_cov_9.316565	573	653	6	20	80	0.2500000
NODE_3490_length_1252_cov_9.316565	573	653	8	2	80	0.0250000
NODE_3490_length_1252_cov_9.316565	573	653	10	7	80	0.0875000
NODE_3490_length_1252_cov_9.316565	573	653	12	5	80	0.0625000
NODE_3490_length_1252_cov_9.316565	573	653	14	12	80	0.1500000
NODE_3490_length_1252_cov_9.316565	626	706	6	1	80	0.0125000
NODE_3490_length_1252_cov_9.316565	626	706	8	4	80	0.0500000
NODE_3490_length_1252_cov_9.316565	626	706	10	7	80	0.0875000
NODE_3490_length_1252_cov_9.316565	626	706	12	18	80	0.2250000
NODE_3490_length_1252_cov_9.316565	626	706	14	30	80	0.3750000
NODE_3490_length_1252_cov_9.316565	626	706	16	20	80	0.2500000
NODE_3491_length_1252_cov_8.295750	602	682	0	50	80	0.6250000
NODE_3491_length_1252_cov_8.295750	602	682	3	21	80	0.2625000
NODE_3491_length_1252_cov_8.295750	602	682	6	9	80	0.1125000
NODE_3491_length_1252_cov_8.295750	655	735	3	18	80	0.2250000
NODE_3491_length_1252_cov_8.295750	655	735	5	42	80	0.5250000
NODE_3491_length_1252_cov_8.295750	655	735	6	20	80	0.2500000
NODE_3494_length_1251_cov_17.513889	579	659	0	57	80	0.7125000
NODE_3494_length_1251_cov_17.513889	579	659	2	12	80	0.1500000
NODE_3494_length_1251_cov_17.513889	579	659	4	11	80	0.1375000
NODE_3494_length_1251_cov_17.513889	632	712	0	4	80	0.0500000
NODE_3494_length_1251_cov_17.513889	632	712	2	19	80	0.2375000
NODE_3494_length_1251_cov_17.513889	632	712	4	57	80	0.7125000
NODE_3494_length_1251_cov_17.513889	708	788	2	26	80	0.3250000
NODE_3494_length_1251_cov_17.513889	708	788	4	54	80	0.6750000
NODE_3494_length_1251_cov_17.513889	761	841	0	28	80	0.3500000
NODE_3494_length_1251_cov_17.513889	761	841	2	43	80	0.5375000
NODE_3494_length_1251_cov_17.513889	761	841	4	9	80	0.1125000
NODE_3497_length_1251_cov_3.139757	0	76	0	76	76	1.0000000
NODE_3497_length_1251_cov_3.139757	49	98	0	45	49	0.9183673
NODE_3497_length_1251_cov_3.139757	49	98	2	4	49	0.0816327
NODE_3501_length_1250_cov_25.133797	325	405	0	80	80	1.0000000
NODE_3501_length_1250_cov_25.133797	378	458	0	80	80	1.0000000
NODE_3503_length_1250_cov_11.471764	652	733	4	5	81	0.0617284
NODE_3503_length_1250_cov_11.471764	652	733	6	29	81	0.3580247
NODE_3503_length_1250_cov_11.471764	652	733	8	4	81	0.0493827
NODE_3503_length_1250_cov_11.471764	652	733	10	25	81	0.3086420
NODE_3503_length_1250_cov_11.471764	652	733	12	18	81	0.2222222
NODE_3503_length_1250_cov_11.471764	706	786	7	16	80	0.2000000
NODE_3503_length_1250_cov_11.471764	706	786	8	16	80	0.2000000
NODE_3503_length_1250_cov_11.471764	706	786	10	18	80	0.2250000
NODE_3503_length_1250_cov_11.471764	706	786	12	30	80	0.3750000
NODE_3505_length_1249_cov_45.772174	543	623	2	27	80	0.3375000
NODE_3505_length_1249_cov_45.772174	543	623	4	53	80	0.6625000
NODE_3505_length_1249_cov_45.772174	596	676	2	6	80	0.0750000
NODE_3505_length_1249_cov_45.772174	596	676	4	22	80	0.2750000
NODE_3505_length_1249_cov_45.772174	596	676	6	42	80	0.5250000
NODE_3505_length_1249_cov_45.772174	596	676	10	10	80	0.1250000
NODE_3505_length_1249_cov_45.772174	672	749	10	4	77	0.0519481
NODE_3505_length_1249_cov_45.772174	672	749	14	72	77	0.9350649
NODE_3505_length_1249_cov_45.772174	672	749	16	1	77	0.0129870
NODE_3505_length_1249_cov_45.772174	729	802	2	3	73	0.0410959
NODE_3505_length_1249_cov_45.772174	729	802	8	23	73	0.3150685
NODE_3505_length_1249_cov_45.772174	729	802	12	13	73	0.1780822
NODE_3505_length_1249_cov_45.772174	729	802	14	33	73	0.4520548
NODE_3505_length_1249_cov_45.772174	729	802	16	1	73	0.0136986
NODE_3506_length_1249_cov_35.670435	515	595	2	53	80	0.6625000
NODE_3506_length_1249_cov_35.670435	515	595	4	27	80	0.3375000
NODE_3506_length_1249_cov_35.670435	568	648	0	36	80	0.4500000
NODE_3506_length_1249_cov_35.670435	568	648	2	44	80	0.5500000
NODE_3506_length_1249_cov_35.670435	644	724	0	80	80	1.0000000
NODE_3506_length_1249_cov_35.670435	697	777	0	29	80	0.3625000
NODE_3506_length_1249_cov_35.670435	697	777	2	51	80	0.6375000
NODE_3507_length_1249_cov_34.616522	576	656	0	80	80	1.0000000
NODE_3507_length_1249_cov_34.616522	629	709	0	80	80	1.0000000
NODE_3507_length_1249_cov_34.616522	705	785	0	45	80	0.5625000
NODE_3507_length_1249_cov_34.616522	705	785	2	35	80	0.4375000
NODE_3507_length_1249_cov_34.616522	758	838	2	80	80	1.0000000
NODE_3508_length_1249_cov_19.592174	461	541	0	80	80	1.0000000
NODE_3508_length_1249_cov_19.592174	514	594	0	80	80	1.0000000
NODE_3508_length_1249_cov_19.592174	860	940	0	59	80	0.7375000
NODE_3508_length_1249_cov_19.592174	860	940	2	21	80	0.2625000
NODE_3508_length_1249_cov_19.592174	913	993	0	6	80	0.0750000
NODE_3508_length_1249_cov_19.592174	913	993	2	74	80	0.9250000
NODE_3509_length_1249_cov_14.926957	1153	1219	0	41	66	0.6212121
NODE_3509_length_1249_cov_14.926957	1153	1219	2	25	66	0.3787879
NODE_3509_length_1249_cov_14.926957	1192	1249	0	57	57	1.0000000
NODE_3509_length_1249_cov_14.926957	1192	1247	0	55	55	1.0000000
NODE_3509_length_1249_cov_14.926957	1192	1249	0	57	57	1.0000000
NODE_3510_length_1249_cov_7.682609	757	837	0	80	80	1.0000000
NODE_3510_length_1249_cov_7.682609	810	890	0	80	80	1.0000000
NODE_3514_length_1248_cov_14.351610	469	549	2	52	80	0.6500000
NODE_3514_length_1248_cov_14.351610	469	549	4	28	80	0.3500000
NODE_3514_length_1248_cov_14.351610	522	602	2	36	80	0.4500000
NODE_3514_length_1248_cov_14.351610	522	602	4	44	80	0.5500000
NODE_3514_length_1248_cov_14.351610	598	678	0	61	80	0.7625000
NODE_3514_length_1248_cov_14.351610	598	678	2	19	80	0.2375000
NODE_3514_length_1248_cov_14.351610	651	731	0	14	80	0.1750000
NODE_3514_length_1248_cov_14.351610	651	731	2	66	80	0.8250000
NODE_3515_length_1248_cov_11.181027	303	383	4	22	80	0.2750000
NODE_3515_length_1248_cov_11.181027	303	383	6	58	80	0.7250000
NODE_3515_length_1248_cov_11.181027	356	436	0	16	80	0.2000000
NODE_3515_length_1248_cov_11.181027	356	436	2	28	80	0.3500000
NODE_3515_length_1248_cov_11.181027	356	436	6	36	80	0.4500000
NODE_3515_length_1248_cov_11.181027	432	512	0	80	80	1.0000000
NODE_3515_length_1248_cov_11.181027	485	565	0	80	80	1.0000000
NODE_3516_length_1248_cov_4.372498	17	98	0	81	81	1.0000000
NODE_3516_length_1248_cov_4.372498	94	152	0	58	58	1.0000000
NODE_3517_length_1248_cov_2.356832	952	1032	0	80	80	1.0000000
NODE_3517_length_1248_cov_2.356832	1005	1085	0	80	80	1.0000000
NODE_3518_length_1248_cov_2.283725	1102	1151	0	49	49	1.0000000
NODE_3522_length_1247_cov_25.355401	487	567	0	80	80	1.0000000
NODE_3522_length_1247_cov_25.355401	540	620	0	80	80	1.0000000
NODE_3522_length_1247_cov_25.355401	616	696	0	38	80	0.4750000
NODE_3522_length_1247_cov_25.355401	616	696	2	2	80	0.0250000
NODE_3522_length_1247_cov_25.355401	616	696	3	40	80	0.5000000
NODE_3522_length_1247_cov_25.355401	669	749	0	8	80	0.1000000
NODE_3522_length_1247_cov_25.355401	669	749	3	72	80	0.9000000
NODE_3528_length_1246_cov_30.231909	433	513	10	12	80	0.1500000
NODE_3528_length_1246_cov_30.231909	433	513	14	68	80	0.8500000
NODE_3528_length_1246_cov_30.231909	486	566	6	19	80	0.2375000
NODE_3528_length_1246_cov_30.231909	486	566	11	9	80	0.1125000
NODE_3528_length_1246_cov_30.231909	486	566	14	39	80	0.4875000
NODE_3528_length_1246_cov_30.231909	486	566	16	13	80	0.1625000
NODE_3528_length_1246_cov_30.231909	562	642	2	24	80	0.3000000
NODE_3528_length_1246_cov_30.231909	562	642	6	8	80	0.1000000
NODE_3528_length_1246_cov_30.231909	562	642	8	6	80	0.0750000
NODE_3528_length_1246_cov_30.231909	562	642	9	2	80	0.0250000
NODE_3528_length_1246_cov_30.231909	562	642	10	19	80	0.2375000
NODE_3528_length_1246_cov_30.231909	562	642	12	8	80	0.1000000
NODE_3528_length_1246_cov_30.231909	562	642	18	4	80	0.0500000
NODE_3528_length_1246_cov_30.231909	562	642	22	9	80	0.1125000
NODE_3528_length_1246_cov_30.231909	615	695	8	5	80	0.0625000
NODE_3528_length_1246_cov_30.231909	615	695	10	1	80	0.0125000
NODE_3528_length_1246_cov_30.231909	615	695	12	8	80	0.1000000
NODE_3528_length_1246_cov_30.231909	615	695	14	1	80	0.0125000
NODE_3528_length_1246_cov_30.231909	615	695	18	4	80	0.0500000
NODE_3528_length_1246_cov_30.231909	615	695	22	61	80	0.7625000
NODE_3529_length_1246_cov_13.847428	497	577	0	21	80	0.2625000
NODE_3529_length_1246_cov_13.847428	497	577	2	59	80	0.7375000
NODE_3529_length_1246_cov_13.847428	550	630	0	74	80	0.9250000
NODE_3529_length_1246_cov_13.847428	550	630	2	6	80	0.0750000
NODE_3535_length_1245_cov_31.472949	443	523	45	12	80	0.1500000
NODE_3535_length_1245_cov_31.472949	443	523	46	2	80	0.0250000
NODE_3535_length_1245_cov_31.472949	443	523	49	60	80	0.7500000
NODE_3535_length_1245_cov_31.472949	443	523	51	1	80	0.0125000
NODE_3535_length_1245_cov_31.472949	443	523	53	4	80	0.0500000
NODE_3535_length_1245_cov_31.472949	443	523	54	1	80	0.0125000
NODE_3535_length_1245_cov_31.472949	496	576	26	3	80	0.0375000
NODE_3535_length_1245_cov_31.472949	496	576	30	1	80	0.0125000
NODE_3535_length_1245_cov_31.472949	496	576	49	21	80	0.2625000
NODE_3535_length_1245_cov_31.472949	496	576	51	1	80	0.0125000
NODE_3535_length_1245_cov_31.472949	496	576	52	39	80	0.4875000
NODE_3535_length_1245_cov_31.472949	496	576	53	4	80	0.0500000
NODE_3535_length_1245_cov_31.472949	496	576	54	11	80	0.1375000
NODE_3536_length_1245_cov_30.068935	771	841	18	2	70	0.0285714
NODE_3536_length_1245_cov_30.068935	771	841	20	8	70	0.1142857
NODE_3536_length_1245_cov_30.068935	771	841	22	40	70	0.5714286
NODE_3536_length_1245_cov_30.068935	771	841	24	20	70	0.2857143
NODE_3537_length_1245_cov_24.765271	668	748	2	5	80	0.0625000
NODE_3537_length_1245_cov_24.765271	668	748	8	75	80	0.9375000
NODE_3537_length_1245_cov_24.765271	721	801	0	40	80	0.5000000
NODE_3537_length_1245_cov_24.765271	721	801	2	18	80	0.2250000
NODE_3537_length_1245_cov_24.765271	721	801	8	22	80	0.2750000
NODE_3537_length_1245_cov_24.765271	797	877	0	80	80	1.0000000
NODE_3537_length_1245_cov_24.765271	850	930	0	80	80	1.0000000
NODE_3538_length_1245_cov_16.854276	655	735	0	19	80	0.2375000
NODE_3538_length_1245_cov_16.854276	655	735	1	41	80	0.5125000
NODE_3538_length_1245_cov_16.854276	655	735	2	20	80	0.2500000
NODE_3538_length_1245_cov_16.854276	701	771	1	14	70	0.2000000
NODE_3538_length_1245_cov_16.854276	701	771	2	56	70	0.8000000
NODE_3538_length_1245_cov_16.854276	708	788	1	7	80	0.0875000
NODE_3538_length_1245_cov_16.854276	708	788	2	73	80	0.9125000
NODE_3540_length_1245_cov_1.187609	1148	1194	0	46	46	1.0000000
NODE_3540_length_1245_cov_1.187609	1167	1245	0	78	78	1.0000000
NODE_3541_length_1244_cov_52.633188	501	581	3	28	80	0.3500000
NODE_3541_length_1244_cov_52.633188	501	581	6	4	80	0.0500000
NODE_3541_length_1244_cov_52.633188	501	581	7	13	80	0.1625000
NODE_3541_length_1244_cov_52.633188	501	581	8	34	80	0.4250000
NODE_3541_length_1244_cov_52.633188	501	581	9	1	80	0.0125000
NODE_3541_length_1244_cov_52.633188	554	634	6	4	80	0.0500000
NODE_3541_length_1244_cov_52.633188	554	634	7	6	80	0.0750000
NODE_3541_length_1244_cov_52.633188	554	634	8	35	80	0.4375000
NODE_3541_length_1244_cov_52.633188	554	634	9	15	80	0.1875000
NODE_3541_length_1244_cov_52.633188	554	634	14	20	80	0.2500000
NODE_3541_length_1244_cov_52.633188	630	710	9	33	80	0.4125000
NODE_3541_length_1244_cov_52.633188	630	710	11	2	80	0.0250000
NODE_3541_length_1244_cov_52.633188	630	710	12	22	80	0.2750000
NODE_3541_length_1244_cov_52.633188	630	710	14	23	80	0.2875000
NODE_3541_length_1244_cov_52.633188	683	763	8	36	80	0.4500000
NODE_3541_length_1244_cov_52.633188	683	763	9	7	80	0.0875000
NODE_3541_length_1244_cov_52.633188	683	763	11	2	80	0.0250000
NODE_3541_length_1244_cov_52.633188	683	763	12	2	80	0.0250000
NODE_3541_length_1244_cov_52.633188	683	763	14	33	80	0.4125000
NODE_3542_length_1244_cov_33.889956	445	525	0	10	80	0.1250000
NODE_3542_length_1244_cov_33.889956	445	525	2	65	80	0.8125000
NODE_3542_length_1244_cov_33.889956	445	525	4	5	80	0.0625000
NODE_3542_length_1244_cov_33.889956	498	578	2	34	80	0.4250000
NODE_3542_length_1244_cov_33.889956	498	578	4	46	80	0.5750000
NODE_3542_length_1244_cov_33.889956	574	654	2	65	80	0.8125000
NODE_3542_length_1244_cov_33.889956	574	654	4	15	80	0.1875000
NODE_3542_length_1244_cov_33.889956	627	707	0	16	80	0.2000000
NODE_3542_length_1244_cov_33.889956	627	707	2	64	80	0.8000000
NODE_3543_length_1244_cov_16.798253	644	724	0	19	80	0.2375000
NODE_3543_length_1244_cov_16.798253	644	724	4	36	80	0.4500000
NODE_3543_length_1244_cov_16.798253	644	724	8	25	80	0.3125000
NODE_3543_length_1244_cov_16.798253	697	777	4	2	80	0.0250000
NODE_3543_length_1244_cov_16.798253	697	777	6	22	80	0.2750000
NODE_3543_length_1244_cov_16.798253	697	777	8	30	80	0.3750000
NODE_3543_length_1244_cov_16.798253	697	777	10	26	80	0.3250000
NODE_3544_length_1244_cov_1.735371	276	347	0	3	71	0.0422535
NODE_3544_length_1244_cov_1.735371	276	347	2	68	71	0.9577465
NODE_3544_length_1244_cov_1.735371	276	347	0	3	71	0.0422535
NODE_3544_length_1244_cov_1.735371	276	347	2	68	71	0.9577465
NODE_3544_length_1244_cov_1.735371	320	400	0	28	80	0.3500000
NODE_3544_length_1244_cov_1.735371	320	400	2	52	80	0.6500000
NODE_3544_length_1244_cov_1.735371	320	400	0	28	80	0.3500000
NODE_3544_length_1244_cov_1.735371	320	400	2	52	80	0.6500000
NODE_3548_length_1243_cov_34.284965	774	854	0	2	80	0.0250000
NODE_3548_length_1243_cov_34.284965	774	854	2	77	80	0.9625000
NODE_3548_length_1243_cov_34.284965	774	854	4	1	80	0.0125000
NODE_3548_length_1243_cov_34.284965	827	907	2	75	80	0.9375000
NODE_3548_length_1243_cov_34.284965	827	907	4	5	80	0.0625000
NODE_3552_length_1242_cov_29.665792	539	619	12	34	80	0.4250000
NODE_3552_length_1242_cov_29.665792	539	619	14	3	80	0.0375000
NODE_3552_length_1242_cov_29.665792	539	619	15	12	80	0.1500000
NODE_3552_length_1242_cov_29.665792	539	619	16	27	80	0.3375000
NODE_3552_length_1242_cov_29.665792	539	619	17	2	80	0.0250000
NODE_3552_length_1242_cov_29.665792	539	619	18	2	80	0.0250000
NODE_3552_length_1242_cov_29.665792	592	672	8	30	80	0.3750000
NODE_3552_length_1242_cov_29.665792	592	672	11	2	80	0.0250000
NODE_3552_length_1242_cov_29.665792	592	672	14	24	80	0.3000000
NODE_3552_length_1242_cov_29.665792	592	672	16	24	80	0.3000000
NODE_3553_length_1242_cov_28.304462	506	586	5	11	80	0.1375000
NODE_3553_length_1242_cov_28.304462	506	586	6	25	80	0.3125000
NODE_3553_length_1242_cov_28.304462	506	586	7	1	80	0.0125000
NODE_3553_length_1242_cov_28.304462	506	586	8	2	80	0.0250000
NODE_3553_length_1242_cov_28.304462	506	586	9	15	80	0.1875000
NODE_3553_length_1242_cov_28.304462	506	586	10	26	80	0.3250000
NODE_3553_length_1242_cov_28.304462	559	639	3	10	80	0.1250000
NODE_3553_length_1242_cov_28.304462	559	639	5	23	80	0.2875000
NODE_3553_length_1242_cov_28.304462	559	639	7	21	80	0.2625000
NODE_3553_length_1242_cov_28.304462	559	639	9	15	80	0.1875000
NODE_3553_length_1242_cov_28.304462	559	639	10	11	80	0.1375000
NODE_3553_length_1242_cov_28.304462	635	715	3	12	80	0.1500000
NODE_3553_length_1242_cov_28.304462	635	715	7	3	80	0.0375000
NODE_3553_length_1242_cov_28.304462	635	715	19	15	80	0.1875000
NODE_3553_length_1242_cov_28.304462	635	715	20	29	80	0.3625000
NODE_3553_length_1242_cov_28.304462	635	715	21	21	80	0.2625000
NODE_3553_length_1242_cov_28.304462	688	768	20	25	80	0.3125000
NODE_3553_length_1242_cov_28.304462	688	768	21	25	80	0.3125000
NODE_3553_length_1242_cov_28.304462	688	768	25	30	80	0.3750000
NODE_3554_length_1242_cov_16.383202	704	784	10	14	80	0.1750000
NODE_3554_length_1242_cov_16.383202	704	784	11	6	80	0.0750000
NODE_3554_length_1242_cov_16.383202	704	784	12	17	80	0.2125000
NODE_3554_length_1242_cov_16.383202	704	784	14	1	80	0.0125000
NODE_3554_length_1242_cov_16.383202	704	784	15	3	80	0.0375000
NODE_3554_length_1242_cov_16.383202	704	784	16	26	80	0.3250000
NODE_3554_length_1242_cov_16.383202	704	784	17	13	80	0.1625000
NODE_3554_length_1242_cov_16.383202	757	837	2	6	80	0.0750000
NODE_3554_length_1242_cov_16.383202	757	837	4	4	80	0.0500000
NODE_3554_length_1242_cov_16.383202	757	837	6	2	80	0.0250000
NODE_3554_length_1242_cov_16.383202	757	837	8	12	80	0.1500000
NODE_3554_length_1242_cov_16.383202	757	837	11	8	80	0.1000000
NODE_3554_length_1242_cov_16.383202	757	837	12	42	80	0.5250000
NODE_3554_length_1242_cov_16.383202	757	837	15	3	80	0.0375000
NODE_3554_length_1242_cov_16.383202	757	837	17	3	80	0.0375000
NODE_3555_length_1242_cov_8.081365	688	768	0	80	80	1.0000000
NODE_3555_length_1242_cov_8.081365	741	821	0	80	80	1.0000000
NODE_3561_length_1241_cov_36.544658	602	682	0	80	80	1.0000000
NODE_3561_length_1241_cov_36.544658	655	735	0	80	80	1.0000000
NODE_3562_length_1241_cov_19.894921	676	756	0	31	80	0.3875000
NODE_3562_length_1241_cov_19.894921	676	756	2	8	80	0.1000000
NODE_3562_length_1241_cov_19.894921	676	756	4	41	80	0.5125000
NODE_3562_length_1241_cov_19.894921	729	809	4	32	80	0.4000000
NODE_3562_length_1241_cov_19.894921	729	809	6	48	80	0.6000000
NODE_3569_length_1240_cov_38.375110	483	563	0	16	80	0.2000000
NODE_3569_length_1240_cov_38.375110	483	563	2	64	80	0.8000000
NODE_3569_length_1240_cov_38.375110	536	616	0	35	80	0.4375000
NODE_3569_length_1240_cov_38.375110	536	616	2	45	80	0.5625000
NODE_3569_length_1240_cov_38.375110	612	692	0	17	80	0.2125000
NODE_3569_length_1240_cov_38.375110	612	692	2	63	80	0.7875000
NODE_3569_length_1240_cov_38.375110	665	745	2	80	80	1.0000000
NODE_3570_length_1240_cov_24.975460	625	705	21	2	80	0.0250000
NODE_3570_length_1240_cov_24.975460	625	705	31	2	80	0.0250000
NODE_3570_length_1240_cov_24.975460	625	705	32	24	80	0.3000000
NODE_3570_length_1240_cov_24.975460	625	705	34	15	80	0.1875000
NODE_3570_length_1240_cov_24.975460	625	705	38	19	80	0.2375000
NODE_3570_length_1240_cov_24.975460	625	705	40	7	80	0.0875000
NODE_3570_length_1240_cov_24.975460	625	705	44	2	80	0.0250000
NODE_3570_length_1240_cov_24.975460	625	705	45	1	80	0.0125000
NODE_3570_length_1240_cov_24.975460	625	705	46	8	80	0.1000000
NODE_3570_length_1240_cov_24.975460	678	758	37	11	80	0.1375000
NODE_3570_length_1240_cov_24.975460	678	758	38	9	80	0.1125000
NODE_3570_length_1240_cov_24.975460	678	758	40	7	80	0.0875000
NODE_3570_length_1240_cov_24.975460	678	758	42	15	80	0.1875000
NODE_3570_length_1240_cov_24.975460	678	758	43	3	80	0.0375000
NODE_3570_length_1240_cov_24.975460	678	758	44	2	80	0.0250000
NODE_3570_length_1240_cov_24.975460	678	758	45	1	80	0.0125000
NODE_3570_length_1240_cov_24.975460	678	758	46	32	80	0.4000000
NODE_3571_length_1240_cov_23.812445	731	811	0	5	80	0.0625000
NODE_3571_length_1240_cov_23.812445	731	811	2	13	80	0.1625000
NODE_3571_length_1240_cov_23.812445	731	811	4	25	80	0.3125000
NODE_3571_length_1240_cov_23.812445	731	811	6	14	80	0.1750000
NODE_3571_length_1240_cov_23.812445	731	811	7	23	80	0.2875000
NODE_3571_length_1240_cov_23.812445	784	864	3	8	80	0.1000000
NODE_3571_length_1240_cov_23.812445	784	864	5	29	80	0.3625000
NODE_3571_length_1240_cov_23.812445	784	864	6	4	80	0.0500000
NODE_3571_length_1240_cov_23.812445	784	864	7	39	80	0.4875000
NODE_3576_length_1239_cov_37.657895	399	479	3	6	80	0.0750000
NODE_3576_length_1239_cov_37.657895	399	479	6	24	80	0.3000000
NODE_3576_length_1239_cov_37.657895	399	479	10	41	80	0.5125000
NODE_3576_length_1239_cov_37.657895	399	479	12	9	80	0.1125000
NODE_3576_length_1239_cov_37.657895	452	532	10	18	80	0.2250000
NODE_3576_length_1239_cov_37.657895	452	532	12	17	80	0.2125000
NODE_3576_length_1239_cov_37.657895	452	532	14	4	80	0.0500000
NODE_3576_length_1239_cov_37.657895	452	532	16	41	80	0.5125000
NODE_3576_length_1239_cov_37.657895	528	608	6	2	80	0.0250000
NODE_3576_length_1239_cov_37.657895	528	608	8	1	80	0.0125000
NODE_3576_length_1239_cov_37.657895	528	608	10	50	80	0.6250000
NODE_3576_length_1239_cov_37.657895	528	608	14	3	80	0.0375000
NODE_3576_length_1239_cov_37.657895	528	608	15	7	80	0.0875000
NODE_3576_length_1239_cov_37.657895	528	608	16	4	80	0.0500000
NODE_3576_length_1239_cov_37.657895	528	608	17	1	80	0.0125000
NODE_3576_length_1239_cov_37.657895	528	608	18	12	80	0.1500000
NODE_3576_length_1239_cov_37.657895	581	661	0	30	80	0.3750000
NODE_3576_length_1239_cov_37.657895	581	661	4	16	80	0.2000000
NODE_3576_length_1239_cov_37.657895	581	661	6	9	80	0.1125000
NODE_3576_length_1239_cov_37.657895	581	661	8	1	80	0.0125000
NODE_3576_length_1239_cov_37.657895	581	661	10	24	80	0.3000000
NODE_3577_length_1239_cov_14.984211	398	478	0	80	80	1.0000000
NODE_3577_length_1239_cov_14.984211	451	531	0	80	80	1.0000000
NODE_3577_length_1239_cov_14.984211	771	825	0	13	54	0.2407407
NODE_3577_length_1239_cov_14.984211	771	825	2	41	54	0.7592593
NODE_3577_length_1239_cov_14.984211	798	878	0	22	80	0.2750000
NODE_3577_length_1239_cov_14.984211	798	878	2	58	80	0.7250000
NODE_3578_length_1239_cov_13.312281	806	886	2	80	80	1.0000000
NODE_3578_length_1239_cov_13.312281	859	939	0	39	80	0.4875000
NODE_3578_length_1239_cov_13.312281	859	939	2	41	80	0.5125000
NODE_3579_length_1239_cov_7.116667	444	524	2	48	80	0.6000000
NODE_3579_length_1239_cov_7.116667	444	524	6	32	80	0.4000000
NODE_3579_length_1239_cov_7.116667	497	577	4	23	80	0.2875000
NODE_3579_length_1239_cov_7.116667	497	577	6	57	80	0.7125000
NODE_3582_length_1238_cov_33.830553	625	705	0	80	80	1.0000000
NODE_3582_length_1238_cov_33.830553	678	758	0	80	80	1.0000000
NODE_3583_length_1238_cov_8.163301	664	744	2	1	80	0.0125000
NODE_3583_length_1238_cov_8.163301	664	744	4	42	80	0.5250000
NODE_3583_length_1238_cov_8.163301	664	744	6	29	80	0.3625000
NODE_3583_length_1238_cov_8.163301	664	744	10	7	80	0.0875000
NODE_3583_length_1238_cov_8.163301	664	744	12	1	80	0.0125000
NODE_3583_length_1238_cov_8.163301	717	797	6	19	80	0.2375000
NODE_3583_length_1238_cov_8.163301	717	797	10	39	80	0.4875000
NODE_3583_length_1238_cov_8.163301	717	797	12	14	80	0.1750000
NODE_3583_length_1238_cov_8.163301	717	797	14	8	80	0.1000000
NODE_3586_length_1237_cov_24.562390	447	527	14	15	80	0.1875000
NODE_3586_length_1237_cov_24.562390	447	527	16	47	80	0.5875000
NODE_3586_length_1237_cov_24.562390	447	527	23	13	80	0.1625000
NODE_3586_length_1237_cov_24.562390	447	527	24	5	80	0.0625000
NODE_3586_length_1237_cov_24.562390	500	580	8	1	80	0.0125000
NODE_3586_length_1237_cov_24.562390	500	580	11	1	80	0.0125000
NODE_3586_length_1237_cov_24.562390	500	580	16	10	80	0.1250000
NODE_3586_length_1237_cov_24.562390	500	580	17	2	80	0.0250000
NODE_3586_length_1237_cov_24.562390	500	580	19	32	80	0.4000000
NODE_3586_length_1237_cov_24.562390	500	580	22	13	80	0.1625000
NODE_3586_length_1237_cov_24.562390	500	580	23	16	80	0.2000000
NODE_3586_length_1237_cov_24.562390	500	580	24	5	80	0.0625000
NODE_3587_length_1237_cov_9.297012	515	595	2	1	80	0.0125000
NODE_3587_length_1237_cov_9.297012	515	595	6	14	80	0.1750000
NODE_3587_length_1237_cov_9.297012	515	595	8	65	80	0.8125000
NODE_3587_length_1237_cov_9.297012	568	648	2	54	80	0.6750000
NODE_3587_length_1237_cov_9.297012	568	648	6	10	80	0.1250000
NODE_3587_length_1237_cov_9.297012	568	648	8	16	80	0.2000000
NODE_3594_length_1236_cov_46.661390	632	712	8	17	80	0.2125000
NODE_3594_length_1236_cov_46.661390	632	712	12	7	80	0.0875000
NODE_3594_length_1236_cov_46.661390	632	712	14	21	80	0.2625000
NODE_3594_length_1236_cov_46.661390	632	712	16	35	80	0.4375000
NODE_3594_length_1236_cov_46.661390	685	765	8	21	80	0.2625000
NODE_3594_length_1236_cov_46.661390	685	765	10	11	80	0.1375000
NODE_3594_length_1236_cov_46.661390	685	765	12	25	80	0.3125000
NODE_3594_length_1236_cov_46.661390	685	765	14	8	80	0.1000000
NODE_3594_length_1236_cov_46.661390	685	765	16	15	80	0.1875000
NODE_3595_length_1236_cov_8.625330	735	815	2	33	80	0.4125000
NODE_3595_length_1236_cov_8.625330	735	815	4	47	80	0.5875000
NODE_3595_length_1236_cov_8.625330	788	868	0	10	80	0.1250000
NODE_3595_length_1236_cov_8.625330	788	868	2	49	80	0.6125000
NODE_3595_length_1236_cov_8.625330	788	868	4	21	80	0.2625000
NODE_3597_length_1235_cov_31.619718	331	411	0	19	80	0.2375000
NODE_3597_length_1235_cov_31.619718	331	411	2	61	80	0.7625000
NODE_3597_length_1235_cov_31.619718	384	464	0	72	80	0.9000000
NODE_3597_length_1235_cov_31.619718	384	464	2	8	80	0.1000000
NODE_3598_length_1235_cov_20.252641	559	639	0	6	80	0.0750000
NODE_3598_length_1235_cov_20.252641	559	639	2	28	80	0.3500000
NODE_3598_length_1235_cov_20.252641	559	639	4	46	80	0.5750000
NODE_3598_length_1235_cov_20.252641	612	692	0	59	80	0.7375000
NODE_3598_length_1235_cov_20.252641	612	692	2	21	80	0.2625000
NODE_3598_length_1235_cov_20.252641	688	768	0	14	80	0.1750000
NODE_3598_length_1235_cov_20.252641	688	768	1	25	80	0.3125000
NODE_3598_length_1235_cov_20.252641	688	768	2	41	80	0.5125000
NODE_3598_length_1235_cov_20.252641	741	821	2	80	80	1.0000000
NODE_3599_length_1235_cov_18.462148	695	775	2	23	80	0.2875000
NODE_3599_length_1235_cov_18.462148	695	775	6	57	80	0.7125000
NODE_3599_length_1235_cov_18.462148	748	828	2	16	80	0.2000000
NODE_3599_length_1235_cov_18.462148	748	828	4	6	80	0.0750000
NODE_3599_length_1235_cov_18.462148	748	828	5	23	80	0.2875000
NODE_3599_length_1235_cov_18.462148	748	828	6	35	80	0.4375000
NODE_3600_length_1235_cov_8.696303	765	845	0	23	80	0.2875000
NODE_3600_length_1235_cov_8.696303	765	845	6	57	80	0.7125000
NODE_3600_length_1235_cov_8.696303	818	898	6	80	80	1.0000000
NODE_3601_length_1235_cov_5.580106	544	624	0	80	80	1.0000000
NODE_3601_length_1235_cov_5.580106	597	677	0	80	80	1.0000000
NODE_3608_length_1234_cov_27.136564	528	608	6	4	80	0.0500000
NODE_3608_length_1234_cov_27.136564	528	608	8	29	80	0.3625000
NODE_3608_length_1234_cov_27.136564	528	608	9	13	80	0.1625000
NODE_3608_length_1234_cov_27.136564	528	608	10	31	80	0.3875000
NODE_3608_length_1234_cov_27.136564	528	608	12	3	80	0.0375000
NODE_3608_length_1234_cov_27.136564	581	661	8	20	80	0.2500000
NODE_3608_length_1234_cov_27.136564	581	661	10	4	80	0.0500000
NODE_3608_length_1234_cov_27.136564	581	661	12	56	80	0.7000000
NODE_3611_length_1233_cov_64.374780	497	577	0	80	80	1.0000000
NODE_3611_length_1233_cov_64.374780	550	630	0	36	80	0.4500000
NODE_3611_length_1233_cov_64.374780	550	630	2	44	80	0.5500000
NODE_3611_length_1233_cov_64.374780	626	706	0	29	80	0.3625000
NODE_3611_length_1233_cov_64.374780	626	706	2	51	80	0.6375000
NODE_3611_length_1233_cov_64.374780	679	759	0	80	80	1.0000000
NODE_3612_length_1233_cov_52.833333	654	734	0	37	80	0.4625000
NODE_3612_length_1233_cov_52.833333	654	734	4	1	80	0.0125000
NODE_3612_length_1233_cov_52.833333	654	734	5	5	80	0.0625000
NODE_3612_length_1233_cov_52.833333	654	734	6	21	80	0.2625000
NODE_3612_length_1233_cov_52.833333	654	734	10	16	80	0.2000000
NODE_3612_length_1233_cov_52.833333	707	787	6	11	80	0.1375000
NODE_3612_length_1233_cov_52.833333	707	787	10	20	80	0.2500000
NODE_3612_length_1233_cov_52.833333	707	787	15	1	80	0.0125000
NODE_3612_length_1233_cov_52.833333	707	787	17	2	80	0.0250000
NODE_3612_length_1233_cov_52.833333	707	787	18	46	80	0.5750000
NODE_3613_length_1233_cov_18.096120	522	602	4	10	80	0.1250000
NODE_3613_length_1233_cov_18.096120	522	602	6	15	80	0.1875000
NODE_3613_length_1233_cov_18.096120	522	602	8	44	80	0.5500000
NODE_3613_length_1233_cov_18.096120	522	602	10	11	80	0.1375000
NODE_3613_length_1233_cov_18.096120	575	655	0	11	80	0.1375000
NODE_3613_length_1233_cov_18.096120	575	655	2	5	80	0.0625000
NODE_3613_length_1233_cov_18.096120	575	655	4	47	80	0.5875000
NODE_3613_length_1233_cov_18.096120	575	655	6	13	80	0.1625000
NODE_3613_length_1233_cov_18.096120	575	655	8	4	80	0.0500000
NODE_3613_length_1233_cov_18.096120	651	731	0	80	80	1.0000000
NODE_3613_length_1233_cov_18.096120	704	784	0	80	80	1.0000000
NODE_3614_length_1233_cov_15.360670	585	656	10	71	71	1.0000000
NODE_3614_length_1233_cov_15.360670	631	709	2	39	78	0.5000000
NODE_3614_length_1233_cov_15.360670	631	709	4	12	78	0.1538462
NODE_3614_length_1233_cov_15.360670	631	709	10	27	78	0.3461539
NODE_3620_length_1232_cov_62.112974	552	632	2	74	80	0.9250000
NODE_3620_length_1232_cov_62.112974	552	632	4	6	80	0.0750000
NODE_3620_length_1232_cov_62.112974	605	694	2	67	89	0.7528090
NODE_3620_length_1232_cov_62.112974	605	694	4	22	89	0.2471910
NODE_3620_length_1232_cov_62.112974	690	770	2	26	80	0.3250000
NODE_3620_length_1232_cov_62.112974	690	770	4	28	80	0.3500000
NODE_3620_length_1232_cov_62.112974	690	770	6	26	80	0.3250000
NODE_3620_length_1232_cov_62.112974	743	823	4	67	80	0.8375000
NODE_3620_length_1232_cov_62.112974	743	823	6	13	80	0.1625000
NODE_3621_length_1232_cov_34.635481	469	549	0	80	80	1.0000000
NODE_3621_length_1232_cov_34.635481	522	602	0	80	80	1.0000000
NODE_3622_length_1232_cov_16.362754	774	854	0	80	80	1.0000000
NODE_3622_length_1232_cov_16.362754	827	907	0	80	80	1.0000000
NODE_3623_length_1232_cov_13.395410	234	315	0	65	81	0.8024691
NODE_3623_length_1232_cov_13.395410	234	315	2	16	81	0.1975309
NODE_3623_length_1232_cov_13.395410	287	368	0	12	81	0.1481481
NODE_3623_length_1232_cov_13.395410	287	368	2	63	81	0.7777778
NODE_3623_length_1232_cov_13.395410	287	368	4	6	81	0.0740741
NODE_3623_length_1232_cov_13.395410	364	444	4	45	80	0.5625000
NODE_3623_length_1232_cov_13.395410	364	444	8	34	80	0.4250000
NODE_3623_length_1232_cov_13.395410	364	444	10	1	80	0.0125000
NODE_3623_length_1232_cov_13.395410	417	497	6	42	80	0.5250000
NODE_3623_length_1232_cov_13.395410	417	497	8	38	80	0.4750000
NODE_3625_length_1231_cov_47.606890	509	589	6	29	80	0.3625000
NODE_3625_length_1231_cov_47.606890	509	589	7	10	80	0.1250000
NODE_3625_length_1231_cov_47.606890	509	589	9	6	80	0.0750000
NODE_3625_length_1231_cov_47.606890	509	589	10	1	80	0.0125000
NODE_3625_length_1231_cov_47.606890	509	589	16	33	80	0.4125000
NODE_3625_length_1231_cov_47.606890	509	589	18	1	80	0.0125000
NODE_3625_length_1231_cov_47.606890	562	642	15	1	80	0.0125000
NODE_3625_length_1231_cov_47.606890	562	642	16	26	80	0.3250000
NODE_3625_length_1231_cov_47.606890	562	642	17	7	80	0.0875000
NODE_3625_length_1231_cov_47.606890	562	642	18	12	80	0.1500000
NODE_3625_length_1231_cov_47.606890	562	642	19	1	80	0.0125000
NODE_3625_length_1231_cov_47.606890	562	642	20	2	80	0.0250000
NODE_3625_length_1231_cov_47.606890	562	642	22	17	80	0.2125000
NODE_3625_length_1231_cov_47.606890	562	642	23	9	80	0.1125000
NODE_3625_length_1231_cov_47.606890	562	642	27	4	80	0.0500000
NODE_3625_length_1231_cov_47.606890	562	642	28	1	80	0.0125000
NODE_3625_length_1231_cov_47.606890	638	718	27	3	80	0.0375000
NODE_3625_length_1231_cov_47.606890	638	718	28	13	80	0.1625000
NODE_3625_length_1231_cov_47.606890	638	718	31	4	80	0.0500000
NODE_3625_length_1231_cov_47.606890	638	718	33	10	80	0.1250000
NODE_3625_length_1231_cov_47.606890	638	718	35	12	80	0.1500000
NODE_3625_length_1231_cov_47.606890	638	718	37	7	80	0.0875000
NODE_3625_length_1231_cov_47.606890	638	718	39	8	80	0.1000000
NODE_3625_length_1231_cov_47.606890	638	718	40	14	80	0.1750000
NODE_3625_length_1231_cov_47.606890	638	718	41	7	80	0.0875000
NODE_3625_length_1231_cov_47.606890	638	718	42	2	80	0.0250000
NODE_3625_length_1231_cov_47.606890	691	771	21	10	80	0.1250000
NODE_3625_length_1231_cov_47.606890	691	771	25	1	80	0.0125000
NODE_3625_length_1231_cov_47.606890	691	771	26	14	80	0.1750000
NODE_3625_length_1231_cov_47.606890	691	771	30	10	80	0.1250000
NODE_3625_length_1231_cov_47.606890	691	771	31	1	80	0.0125000
NODE_3625_length_1231_cov_47.606890	691	771	32	4	80	0.0500000
NODE_3625_length_1231_cov_47.606890	691	771	34	7	80	0.0875000
NODE_3625_length_1231_cov_47.606890	691	771	35	12	80	0.1500000
NODE_3625_length_1231_cov_47.606890	691	771	37	7	80	0.0875000
NODE_3625_length_1231_cov_47.606890	691	771	40	11	80	0.1375000
NODE_3625_length_1231_cov_47.606890	691	771	41	1	80	0.0125000
NODE_3625_length_1231_cov_47.606890	691	771	42	2	80	0.0250000
NODE_3626_length_1231_cov_27.498233	698	777	0	13	79	0.1645570
NODE_3626_length_1231_cov_27.498233	698	777	3	1	79	0.0126582
NODE_3626_length_1231_cov_27.498233	698	777	4	9	79	0.1139240
NODE_3626_length_1231_cov_27.498233	698	777	8	56	79	0.7088608
NODE_3626_length_1231_cov_27.498233	750	830	8	33	80	0.4125000
NODE_3626_length_1231_cov_27.498233	750	830	12	47	80	0.5875000
NODE_3627_length_1231_cov_21.245583	673	753	0	25	80	0.3125000
NODE_3627_length_1231_cov_21.245583	673	753	2	31	80	0.3875000
NODE_3627_length_1231_cov_21.245583	673	753	4	14	80	0.1750000
NODE_3627_length_1231_cov_21.245583	673	753	12	10	80	0.1250000
NODE_3627_length_1231_cov_21.245583	726	806	2	3	80	0.0375000
NODE_3627_length_1231_cov_21.245583	726	806	4	14	80	0.1750000
NODE_3627_length_1231_cov_21.245583	726	806	10	2	80	0.0250000
NODE_3627_length_1231_cov_21.245583	726	806	12	61	80	0.7625000
NODE_3627_length_1231_cov_21.245583	802	882	4	10	80	0.1250000
NODE_3627_length_1231_cov_21.245583	802	882	8	63	80	0.7875000
NODE_3627_length_1231_cov_21.245583	802	882	9	1	80	0.0125000
NODE_3627_length_1231_cov_21.245583	802	882	10	3	80	0.0375000
NODE_3627_length_1231_cov_21.245583	802	882	12	3	80	0.0375000
NODE_3627_length_1231_cov_21.245583	860	935	4	63	75	0.8400000
NODE_3627_length_1231_cov_21.245583	860	935	8	11	75	0.1466667
NODE_3627_length_1231_cov_21.245583	860	935	12	1	75	0.0133333
NODE_3628_length_1231_cov_9.895760	515	595	10	1	80	0.0125000
NODE_3628_length_1231_cov_9.895760	515	595	12	11	80	0.1375000
NODE_3628_length_1231_cov_9.895760	515	595	14	6	80	0.0750000
NODE_3628_length_1231_cov_9.895760	515	595	16	4	80	0.0500000
NODE_3628_length_1231_cov_9.895760	515	595	19	7	80	0.0875000
NODE_3628_length_1231_cov_9.895760	515	595	21	13	80	0.1625000
NODE_3628_length_1231_cov_9.895760	515	595	23	21	80	0.2625000
NODE_3628_length_1231_cov_9.895760	515	595	25	17	80	0.2125000
NODE_3628_length_1231_cov_9.895760	568	648	14	4	80	0.0500000
NODE_3628_length_1231_cov_9.895760	568	648	15	2	80	0.0250000
NODE_3628_length_1231_cov_9.895760	568	648	16	5	80	0.0625000
NODE_3628_length_1231_cov_9.895760	568	648	19	41	80	0.5125000
NODE_3628_length_1231_cov_9.895760	568	648	23	17	80	0.2125000
NODE_3628_length_1231_cov_9.895760	568	648	25	11	80	0.1375000
NODE_3630_length_1230_cov_43.705570	412	492	9	3	80	0.0375000
NODE_3630_length_1230_cov_43.705570	412	492	11	2	80	0.0250000
NODE_3630_length_1230_cov_43.705570	412	492	12	20	80	0.2500000
NODE_3630_length_1230_cov_43.705570	412	492	14	6	80	0.0750000
NODE_3630_length_1230_cov_43.705570	412	492	16	4	80	0.0500000
NODE_3630_length_1230_cov_43.705570	412	492	20	3	80	0.0375000
NODE_3630_length_1230_cov_43.705570	412	492	22	42	80	0.5250000
NODE_3630_length_1230_cov_43.705570	465	545	8	7	80	0.0875000
NODE_3630_length_1230_cov_43.705570	465	545	10	27	80	0.3375000
NODE_3630_length_1230_cov_43.705570	465	545	12	8	80	0.1000000
NODE_3630_length_1230_cov_43.705570	465	545	14	5	80	0.0625000
NODE_3630_length_1230_cov_43.705570	465	545	16	10	80	0.1250000
NODE_3630_length_1230_cov_43.705570	465	545	22	23	80	0.2875000
NODE_3631_length_1230_cov_43.663130	501	581	4	33	80	0.4125000
NODE_3631_length_1230_cov_43.663130	501	581	6	47	80	0.5875000
NODE_3631_length_1230_cov_43.663130	554	634	0	1	80	0.0125000
NODE_3631_length_1230_cov_43.663130	554	634	2	2	80	0.0250000
NODE_3631_length_1230_cov_43.663130	554	634	3	37	80	0.4625000
NODE_3631_length_1230_cov_43.663130	554	634	4	40	80	0.5000000
NODE_3632_length_1230_cov_33.173298	315	395	0	49	80	0.6125000
NODE_3632_length_1230_cov_33.173298	315	395	2	31	80	0.3875000
NODE_3632_length_1230_cov_33.173298	368	448	2	80	80	1.0000000
NODE_3633_length_1230_cov_12.939876	201	281	0	80	80	1.0000000
NODE_3633_length_1230_cov_12.939876	218	273	0	55	55	1.0000000
NODE_3633_length_1230_cov_12.939876	254	334	0	51	80	0.6375000
NODE_3633_length_1230_cov_12.939876	254	334	1	21	80	0.2625000
NODE_3633_length_1230_cov_12.939876	254	334	3	4	80	0.0500000
NODE_3633_length_1230_cov_12.939876	254	334	4	4	80	0.0500000
NODE_3633_length_1230_cov_12.939876	330	410	4	14	80	0.1750000
NODE_3633_length_1230_cov_12.939876	330	410	6	14	80	0.1750000
NODE_3633_length_1230_cov_12.939876	330	410	8	23	80	0.2875000
NODE_3633_length_1230_cov_12.939876	330	410	10	29	80	0.3625000
NODE_3633_length_1230_cov_12.939876	383	463	5	8	80	0.1000000
NODE_3633_length_1230_cov_12.939876	383	463	6	2	80	0.0250000
NODE_3633_length_1230_cov_12.939876	383	463	8	13	80	0.1625000
NODE_3633_length_1230_cov_12.939876	383	463	10	47	80	0.5875000
NODE_3633_length_1230_cov_12.939876	383	463	12	10	80	0.1250000
NODE_3634_length_1230_cov_5.155615	248	328	0	80	80	1.0000000
NODE_3634_length_1230_cov_5.155615	301	381	0	80	80	1.0000000
NODE_3640_length_1229_cov_30.214159	341	421	2	35	80	0.4375000
NODE_3640_length_1229_cov_30.214159	341	421	4	45	80	0.5625000
NODE_3640_length_1229_cov_30.214159	394	474	2	71	80	0.8875000
NODE_3640_length_1229_cov_30.214159	394	474	4	9	80	0.1125000
NODE_3641_length_1229_cov_23.165487	376	456	6	80	80	1.0000000
NODE_3641_length_1229_cov_23.165487	429	509	0	32	80	0.4000000
NODE_3641_length_1229_cov_23.165487	429	509	6	48	80	0.6000000
NODE_3641_length_1229_cov_23.165487	505	585	0	10	80	0.1250000
NODE_3641_length_1229_cov_23.165487	505	585	2	18	80	0.2250000
NODE_3641_length_1229_cov_23.165487	505	585	7	23	80	0.2875000
NODE_3641_length_1229_cov_23.165487	505	585	9	29	80	0.3625000
NODE_3641_length_1229_cov_23.165487	558	638	2	13	80	0.1625000
NODE_3641_length_1229_cov_23.165487	558	638	8	30	80	0.3750000
NODE_3641_length_1229_cov_23.165487	558	638	9	32	80	0.4000000
NODE_3641_length_1229_cov_23.165487	558	638	10	5	80	0.0625000
NODE_3642_length_1229_cov_19.376991	484	564	0	39	80	0.4875000
NODE_3642_length_1229_cov_19.376991	484	564	12	19	80	0.2375000
NODE_3642_length_1229_cov_19.376991	484	564	14	1	80	0.0125000
NODE_3642_length_1229_cov_19.376991	484	564	16	16	80	0.2000000
NODE_3642_length_1229_cov_19.376991	484	564	17	5	80	0.0625000
NODE_3642_length_1229_cov_19.376991	537	614	4	4	77	0.0519481
NODE_3642_length_1229_cov_19.376991	537	614	12	5	77	0.0649351
NODE_3642_length_1229_cov_19.376991	537	614	14	1	77	0.0129870
NODE_3642_length_1229_cov_19.376991	537	614	16	21	77	0.2727273
NODE_3642_length_1229_cov_19.376991	537	614	17	33	77	0.4285714
NODE_3642_length_1229_cov_19.376991	537	614	18	13	77	0.1688312
NODE_3643_length_1229_cov_11.799115	670	748	3	1	78	0.0128205
NODE_3643_length_1229_cov_11.799115	670	748	4	44	78	0.5641026
NODE_3643_length_1229_cov_11.799115	670	748	6	33	78	0.4230769
NODE_3643_length_1229_cov_11.799115	728	801	0	27	73	0.3698630
NODE_3643_length_1229_cov_11.799115	728	801	1	6	73	0.0821918
NODE_3643_length_1229_cov_11.799115	728	801	3	21	73	0.2876712
NODE_3643_length_1229_cov_11.799115	728	801	4	19	73	0.2602740
NODE_3644_length_1229_cov_8.140708	970	1050	2	80	80	1.0000000
NODE_3644_length_1229_cov_8.140708	1023	1103	0	50	80	0.6250000
NODE_3644_length_1229_cov_8.140708	1023	1103	2	30	80	0.3750000
NODE_3646_length_1229_cov_3.654867	765	840	0	75	75	1.0000000
NODE_3646_length_1229_cov_3.654867	813	893	0	80	80	1.0000000
NODE_3652_length_1229_cov_0.949558	1034	1079	0	45	45	1.0000000
NODE_3652_length_1229_cov_0.949558	1090	1130	0	40	40	1.0000000
NODE_3654_length_1228_cov_22.622675	604	684	0	9	80	0.1125000
NODE_3654_length_1228_cov_22.622675	604	684	4	18	80	0.2250000
NODE_3654_length_1228_cov_22.622675	604	684	6	53	80	0.6625000
NODE_3654_length_1228_cov_22.622675	657	738	0	63	81	0.7777778
NODE_3654_length_1228_cov_22.622675	657	738	4	18	81	0.2222222
NODE_3655_length_1228_cov_17.900797	423	503	2	21	80	0.2625000
NODE_3655_length_1228_cov_17.900797	423	503	4	3	80	0.0375000
NODE_3655_length_1228_cov_17.900797	423	503	6	56	80	0.7000000
NODE_3655_length_1228_cov_17.900797	423	503	2	21	80	0.2625000
NODE_3655_length_1228_cov_17.900797	423	503	4	3	80	0.0375000
NODE_3655_length_1228_cov_17.900797	423	503	6	56	80	0.7000000
NODE_3655_length_1228_cov_17.900797	423	503	2	21	80	0.2625000
NODE_3655_length_1228_cov_17.900797	423	503	4	3	80	0.0375000
NODE_3655_length_1228_cov_17.900797	423	503	6	56	80	0.7000000
NODE_3655_length_1228_cov_17.900797	476	538	0	15	62	0.2419355
NODE_3655_length_1228_cov_17.900797	476	538	2	41	62	0.6612903
NODE_3655_length_1228_cov_17.900797	476	538	4	3	62	0.0483871
NODE_3655_length_1228_cov_17.900797	476	538	6	3	62	0.0483871
NODE_3655_length_1228_cov_17.900797	476	538	0	15	62	0.2419355
NODE_3655_length_1228_cov_17.900797	476	538	2	41	62	0.6612903
NODE_3655_length_1228_cov_17.900797	476	538	4	3	62	0.0483871
NODE_3655_length_1228_cov_17.900797	476	538	6	3	62	0.0483871
NODE_3655_length_1228_cov_17.900797	476	538	0	15	62	0.2419355
NODE_3655_length_1228_cov_17.900797	476	538	2	41	62	0.6612903
NODE_3655_length_1228_cov_17.900797	476	538	4	3	62	0.0483871
NODE_3655_length_1228_cov_17.900797	476	538	6	3	62	0.0483871
NODE_3655_length_1228_cov_17.900797	476	556	0	33	80	0.4125000
NODE_3655_length_1228_cov_17.900797	476	556	2	41	80	0.5125000
NODE_3655_length_1228_cov_17.900797	476	556	4	3	80	0.0375000
NODE_3655_length_1228_cov_17.900797	476	556	6	3	80	0.0375000
NODE_3656_length_1228_cov_14.554473	367	447	2	16	80	0.2000000
NODE_3656_length_1228_cov_14.554473	367	447	3	5	80	0.0625000
NODE_3656_length_1228_cov_14.554473	367	447	4	59	80	0.7375000
NODE_3656_length_1228_cov_14.554473	420	500	4	80	80	1.0000000
NODE_3657_length_1228_cov_10.021258	661	741	0	80	80	1.0000000
NODE_3657_length_1228_cov_10.021258	714	794	0	80	80	1.0000000
NODE_3660_length_1228_cov_3.987600	1139	1219	0	16	80	0.2000000
NODE_3660_length_1228_cov_3.987600	1139	1219	4	64	80	0.8000000
NODE_3662_length_1227_cov_29.002660	423	503	0	2	80	0.0250000
NODE_3662_length_1227_cov_29.002660	423	503	1	1	80	0.0125000
NODE_3662_length_1227_cov_29.002660	423	503	2	7	80	0.0875000
NODE_3662_length_1227_cov_29.002660	423	503	15	63	80	0.7875000
NODE_3662_length_1227_cov_29.002660	423	503	16	7	80	0.0875000
NODE_3662_length_1227_cov_29.002660	476	556	14	41	80	0.5125000
NODE_3662_length_1227_cov_29.002660	476	556	15	20	80	0.2500000
NODE_3662_length_1227_cov_29.002660	476	556	16	19	80	0.2375000
NODE_3663_length_1227_cov_17.479610	759	839	0	1	80	0.0125000
NODE_3663_length_1227_cov_17.479610	759	839	2	79	80	0.9875000
NODE_3663_length_1227_cov_17.479610	812	892	0	28	80	0.3500000
NODE_3663_length_1227_cov_17.479610	812	892	2	52	80	0.6500000
NODE_3666_length_1227_cov_3.808511	120	186	6	20	66	0.3030303
NODE_3666_length_1227_cov_3.808511	120	186	10	46	66	0.6969697
NODE_3666_length_1227_cov_3.808511	173	239	5	5	66	0.0757576
NODE_3666_length_1227_cov_3.808511	173	239	6	7	66	0.1060606
NODE_3666_length_1227_cov_3.808511	173	239	8	12	66	0.1818182
NODE_3666_length_1227_cov_3.808511	173	239	10	42	66	0.6363636
NODE_3666_length_1227_cov_3.808511	229	299	0	49	70	0.7000000
NODE_3666_length_1227_cov_3.808511	229	299	3	3	70	0.0428571
NODE_3666_length_1227_cov_3.808511	229	299	5	13	70	0.1857143
NODE_3666_length_1227_cov_3.808511	229	299	6	5	70	0.0714286
NODE_3672_length_1226_cov_23.792369	579	659	2	7	80	0.0875000
NODE_3672_length_1226_cov_23.792369	579	659	4	20	80	0.2500000
NODE_3672_length_1226_cov_23.792369	579	659	6	53	80	0.6625000
NODE_3672_length_1226_cov_23.792369	632	712	2	19	80	0.2375000
NODE_3672_length_1226_cov_23.792369	632	712	4	5	80	0.0625000
NODE_3672_length_1226_cov_23.792369	632	712	5	14	80	0.1750000
NODE_3672_length_1226_cov_23.792369	632	712	6	42	80	0.5250000
NODE_3672_length_1226_cov_23.792369	708	788	0	18	80	0.2250000
NODE_3672_length_1226_cov_23.792369	708	788	2	8	80	0.1000000
NODE_3672_length_1226_cov_23.792369	708	788	3	54	80	0.6750000
NODE_3672_length_1226_cov_23.792369	761	839	3	56	78	0.7179487
NODE_3672_length_1226_cov_23.792369	761	839	4	22	78	0.2820513
NODE_3673_length_1226_cov_5.620231	463	543	0	80	80	1.0000000
NODE_3673_length_1226_cov_5.620231	516	596	0	80	80	1.0000000
NODE_3674_length_1226_cov_4.881988	582	662	0	80	80	1.0000000
NODE_3674_length_1226_cov_4.881988	635	715	0	80	80	1.0000000
NODE_3682_length_1225_cov_55.596803	637	717	50	6	80	0.0750000
NODE_3682_length_1225_cov_55.596803	637	717	51	1	80	0.0125000
NODE_3682_length_1225_cov_55.596803	637	717	52	1	80	0.0125000
NODE_3682_length_1225_cov_55.596803	637	717	54	1	80	0.0125000
NODE_3682_length_1225_cov_55.596803	637	717	56	2	80	0.0250000
NODE_3682_length_1225_cov_55.596803	637	717	57	5	80	0.0625000
NODE_3682_length_1225_cov_55.596803	637	717	61	1	80	0.0125000
NODE_3682_length_1225_cov_55.596803	637	717	63	1	80	0.0125000
NODE_3682_length_1225_cov_55.596803	637	717	64	15	80	0.1875000
NODE_3682_length_1225_cov_55.596803	637	717	65	21	80	0.2625000
NODE_3682_length_1225_cov_55.596803	637	717	66	14	80	0.1750000
NODE_3682_length_1225_cov_55.596803	637	717	67	1	80	0.0125000
NODE_3682_length_1225_cov_55.596803	637	717	68	3	80	0.0375000
NODE_3682_length_1225_cov_55.596803	637	717	69	8	80	0.1000000
NODE_3682_length_1225_cov_55.596803	690	770	0	6	80	0.0750000
NODE_3682_length_1225_cov_55.596803	690	770	8	6	80	0.0750000
NODE_3682_length_1225_cov_55.596803	690	770	12	18	80	0.2250000
NODE_3682_length_1225_cov_55.596803	690	770	18	3	80	0.0375000
NODE_3682_length_1225_cov_55.596803	690	770	20	3	80	0.0375000
NODE_3682_length_1225_cov_55.596803	690	770	30	8	80	0.1000000
NODE_3682_length_1225_cov_55.596803	690	770	50	15	80	0.1875000
NODE_3682_length_1225_cov_55.596803	690	770	51	1	80	0.0125000
NODE_3682_length_1225_cov_55.596803	690	770	52	1	80	0.0125000
NODE_3682_length_1225_cov_55.596803	690	770	54	1	80	0.0125000
NODE_3682_length_1225_cov_55.596803	690	770	56	2	80	0.0250000
NODE_3682_length_1225_cov_55.596803	690	770	57	1	80	0.0125000
NODE_3682_length_1225_cov_55.596803	690	770	61	1	80	0.0125000
NODE_3682_length_1225_cov_55.596803	690	770	63	1	80	0.0125000
NODE_3682_length_1225_cov_55.596803	690	770	64	13	80	0.1625000
NODE_3682_length_1225_cov_55.596803	766	846	0	64	80	0.8000000
NODE_3682_length_1225_cov_55.596803	766	846	2	16	80	0.2000000
NODE_3682_length_1225_cov_55.596803	819	899	0	11	80	0.1375000
NODE_3682_length_1225_cov_55.596803	819	899	2	69	80	0.8625000
NODE_3683_length_1225_cov_35.189165	661	742	0	32	81	0.3950617
NODE_3683_length_1225_cov_35.189165	661	742	2	49	81	0.6049383
NODE_3683_length_1225_cov_35.189165	714	795	0	20	81	0.2469136
NODE_3683_length_1225_cov_35.189165	714	795	2	61	81	0.7530864
NODE_3684_length_1225_cov_33.755773	456	535	0	26	79	0.3291139
NODE_3684_length_1225_cov_33.755773	456	535	4	7	79	0.0886076
NODE_3684_length_1225_cov_33.755773	456	535	9	24	79	0.3037975
NODE_3684_length_1225_cov_33.755773	456	535	13	22	79	0.2784810
NODE_3684_length_1225_cov_33.755773	508	588	9	5	80	0.0625000
NODE_3684_length_1225_cov_33.755773	508	588	13	31	80	0.3875000
NODE_3684_length_1225_cov_33.755773	508	588	14	44	80	0.5500000
NODE_3685_length_1225_cov_30.116341	566	646	6	20	80	0.2500000
NODE_3685_length_1225_cov_30.116341	566	646	11	2	80	0.0250000
NODE_3685_length_1225_cov_30.116341	566	646	12	58	80	0.7250000
NODE_3685_length_1225_cov_30.116341	619	699	0	3	80	0.0375000
NODE_3685_length_1225_cov_30.116341	619	699	6	41	80	0.5125000
NODE_3685_length_1225_cov_30.116341	619	699	12	36	80	0.4500000
NODE_3685_length_1225_cov_30.116341	695	775	0	16	80	0.2000000
NODE_3685_length_1225_cov_30.116341	695	775	2	63	80	0.7875000
NODE_3685_length_1225_cov_30.116341	695	775	6	1	80	0.0125000
NODE_3685_length_1225_cov_30.116341	748	828	0	60	80	0.7500000
NODE_3685_length_1225_cov_30.116341	748	828	2	20	80	0.2500000
NODE_3686_length_1225_cov_29.177620	195	275	2	31	80	0.3875000
NODE_3686_length_1225_cov_29.177620	195	275	6	6	80	0.0750000
NODE_3686_length_1225_cov_29.177620	195	275	8	8	80	0.1000000
NODE_3686_length_1225_cov_29.177620	195	275	12	35	80	0.4375000
NODE_3686_length_1225_cov_29.177620	248	328	4	3	80	0.0375000
NODE_3686_length_1225_cov_29.177620	248	328	8	3	80	0.0375000
NODE_3686_length_1225_cov_29.177620	248	328	10	41	80	0.5125000
NODE_3686_length_1225_cov_29.177620	248	328	12	33	80	0.4125000
NODE_3687_length_1225_cov_26.849023	588	668	6	26	80	0.3250000
NODE_3687_length_1225_cov_26.849023	588	668	16	54	80	0.6750000
NODE_3687_length_1225_cov_26.849023	641	721	0	1	80	0.0125000
NODE_3687_length_1225_cov_26.849023	641	721	9	19	80	0.2375000
NODE_3687_length_1225_cov_26.849023	641	721	11	1	80	0.0125000
NODE_3687_length_1225_cov_26.849023	641	721	12	11	80	0.1375000
NODE_3687_length_1225_cov_26.849023	641	721	16	48	80	0.6000000
NODE_3687_length_1225_cov_26.849023	717	797	0	49	80	0.6125000
NODE_3687_length_1225_cov_26.849023	717	797	2	21	80	0.2625000
NODE_3687_length_1225_cov_26.849023	717	797	4	7	80	0.0875000
NODE_3687_length_1225_cov_26.849023	717	797	9	3	80	0.0375000
NODE_3687_length_1225_cov_26.849023	770	850	2	20	80	0.2500000
NODE_3687_length_1225_cov_26.849023	770	850	4	60	80	0.7500000
NODE_3688_length_1225_cov_24.444938	386	466	2	80	80	1.0000000
NODE_3688_length_1225_cov_24.444938	439	519	0	41	80	0.5125000
NODE_3688_length_1225_cov_24.444938	439	519	1	6	80	0.0750000
NODE_3688_length_1225_cov_24.444938	439	519	2	33	80	0.4125000
NODE_3690_length_1225_cov_19.369449	491	571	0	10	80	0.1250000
NODE_3690_length_1225_cov_19.369449	491	571	2	70	80	0.8750000
NODE_3690_length_1225_cov_19.369449	544	624	2	66	80	0.8250000
NODE_3690_length_1225_cov_19.369449	544	624	4	14	80	0.1750000
NODE_3690_length_1225_cov_19.369449	620	700	2	28	80	0.3500000
NODE_3690_length_1225_cov_19.369449	620	700	4	32	80	0.4000000
NODE_3690_length_1225_cov_19.369449	620	700	6	20	80	0.2500000
NODE_3690_length_1225_cov_19.369449	673	753	2	15	80	0.1875000
NODE_3690_length_1225_cov_19.369449	673	753	4	20	80	0.2500000
NODE_3690_length_1225_cov_19.369449	673	753	6	45	80	0.5625000
NODE_3691_length_1225_cov_13.281528	462	542	0	80	80	1.0000000
NODE_3691_length_1225_cov_13.281528	515	595	0	31	80	0.3875000
NODE_3691_length_1225_cov_13.281528	515	595	2	3	80	0.0375000
NODE_3691_length_1225_cov_13.281528	515	595	12	46	80	0.5750000
NODE_3691_length_1225_cov_13.281528	591	671	10	2	80	0.0250000
NODE_3691_length_1225_cov_13.281528	591	671	12	78	80	0.9750000
NODE_3691_length_1225_cov_13.281528	644	724	0	26	80	0.3250000
NODE_3691_length_1225_cov_13.281528	644	724	10	29	80	0.3625000
NODE_3691_length_1225_cov_13.281528	644	724	12	25	80	0.3125000
NODE_3692_length_1225_cov_10.887211	566	646	0	69	80	0.8625000
NODE_3692_length_1225_cov_10.887211	566	646	4	11	80	0.1375000
NODE_3692_length_1225_cov_10.887211	619	699	0	16	80	0.2000000
NODE_3692_length_1225_cov_10.887211	619	699	4	64	80	0.8000000
NODE_3696_length_1224_cov_24.568889	613	693	8	80	80	1.0000000
NODE_3696_length_1224_cov_24.568889	666	746	0	17	80	0.2125000
NODE_3696_length_1224_cov_24.568889	666	746	8	63	80	0.7875000
NODE_3697_length_1224_cov_17.538667	762	842	0	80	80	1.0000000
NODE_3697_length_1224_cov_17.538667	815	895	0	80	80	1.0000000
NODE_3698_length_1224_cov_14.138667	389	469	2	35	80	0.4375000
NODE_3698_length_1224_cov_14.138667	389	469	4	45	80	0.5625000
NODE_3698_length_1224_cov_14.138667	442	522	0	22	80	0.2750000
NODE_3698_length_1224_cov_14.138667	442	522	2	50	80	0.6250000
NODE_3698_length_1224_cov_14.138667	442	522	4	8	80	0.1000000
NODE_3699_length_1224_cov_11.358222	704	784	1	23	80	0.2875000
NODE_3699_length_1224_cov_11.358222	704	784	2	57	80	0.7125000
NODE_3699_length_1224_cov_11.358222	757	837	1	76	80	0.9500000
NODE_3699_length_1224_cov_11.358222	757	837	2	4	80	0.0500000
NODE_3700_length_1224_cov_6.963556	516	581	0	65	65	1.0000000
NODE_3705_length_1223_cov_44.608541	548	630	4	2	82	0.0243902
NODE_3705_length_1223_cov_44.608541	548	630	6	46	82	0.5609756
NODE_3705_length_1223_cov_44.608541	548	630	8	34	82	0.4146341
NODE_3705_length_1223_cov_44.608541	601	683	2	13	82	0.1585366
NODE_3705_length_1223_cov_44.608541	601	683	4	42	82	0.5121951
NODE_3705_length_1223_cov_44.608541	601	683	6	9	82	0.1097561
NODE_3705_length_1223_cov_44.608541	601	683	8	18	82	0.2195122
NODE_3705_length_1223_cov_44.608541	679	759	0	61	80	0.7625000
NODE_3705_length_1223_cov_44.608541	679	759	2	19	80	0.2375000
NODE_3705_length_1223_cov_44.608541	732	812	0	33	80	0.4125000
NODE_3705_length_1223_cov_44.608541	732	812	2	47	80	0.5875000
NODE_3706_length_1223_cov_26.730427	508	588	0	14	80	0.1750000
NODE_3706_length_1223_cov_26.730427	508	588	2	46	80	0.5750000
NODE_3706_length_1223_cov_26.730427	508	588	4	20	80	0.2500000
NODE_3706_length_1223_cov_26.730427	561	641	2	7	80	0.0875000
NODE_3706_length_1223_cov_26.730427	561	641	4	40	80	0.5000000
NODE_3706_length_1223_cov_26.730427	561	641	6	16	80	0.2000000
NODE_3706_length_1223_cov_26.730427	561	641	8	17	80	0.2125000
NODE_3707_length_1223_cov_18.902135	460	540	10	15	80	0.1875000
NODE_3707_length_1223_cov_18.902135	460	540	12	40	80	0.5000000
NODE_3707_length_1223_cov_18.902135	460	540	14	25	80	0.3125000
NODE_3707_length_1223_cov_18.902135	513	593	2	22	80	0.2750000
NODE_3707_length_1223_cov_18.902135	513	593	4	15	80	0.1875000
NODE_3707_length_1223_cov_18.902135	513	593	12	36	80	0.4500000
NODE_3707_length_1223_cov_18.902135	513	593	14	7	80	0.0875000
NODE_3708_length_1223_cov_6.989324	707	778	0	71	71	1.0000000
NODE_3710_length_1223_cov_5.251779	666	746	0	67	80	0.8375000
NODE_3710_length_1223_cov_5.251779	666	746	4	13	80	0.1625000
NODE_3710_length_1223_cov_5.251779	719	799	0	14	80	0.1750000
NODE_3710_length_1223_cov_5.251779	719	799	4	66	80	0.8250000
NODE_3710_length_1223_cov_5.251779	795	875	4	43	80	0.5375000
NODE_3710_length_1223_cov_5.251779	795	875	7	1	80	0.0125000
NODE_3710_length_1223_cov_5.251779	795	875	8	13	80	0.1625000
NODE_3710_length_1223_cov_5.251779	795	875	10	2	80	0.0250000
NODE_3710_length_1223_cov_5.251779	795	875	12	21	80	0.2625000
NODE_3710_length_1223_cov_5.251779	848	928	8	4	80	0.0500000
NODE_3710_length_1223_cov_5.251779	848	928	10	2	80	0.0250000
NODE_3710_length_1223_cov_5.251779	848	928	12	21	80	0.2625000
NODE_3710_length_1223_cov_5.251779	848	928	16	53	80	0.6625000
NODE_3716_length_1222_cov_18.406946	273	353	0	21	80	0.2625000
NODE_3716_length_1222_cov_18.406946	273	353	6	59	80	0.7375000
NODE_3716_length_1222_cov_18.406946	326	406	0	6	80	0.0750000
NODE_3716_length_1222_cov_18.406946	326	406	6	74	80	0.9250000
NODE_3720_length_1221_cov_33.261141	505	577	0	17	72	0.2361111
NODE_3720_length_1221_cov_33.261141	505	577	2	8	72	0.1111111
NODE_3720_length_1221_cov_33.261141	505	577	14	42	72	0.5833333
NODE_3720_length_1221_cov_33.261141	505	577	16	5	72	0.0694444
NODE_3720_length_1221_cov_33.261141	558	637	14	14	79	0.1772152
NODE_3720_length_1221_cov_33.261141	558	637	16	16	79	0.2025317
NODE_3720_length_1221_cov_33.261141	558	637	18	49	79	0.6202531
NODE_3720_length_1221_cov_33.261141	633	713	2	13	80	0.1625000
NODE_3720_length_1221_cov_33.261141	633	713	4	24	80	0.3000000
NODE_3720_length_1221_cov_33.261141	633	713	6	4	80	0.0500000
NODE_3720_length_1221_cov_33.261141	633	713	15	1	80	0.0125000
NODE_3720_length_1221_cov_33.261141	633	713	16	38	80	0.4750000
NODE_3720_length_1221_cov_33.261141	686	766	2	18	80	0.2250000
NODE_3720_length_1221_cov_33.261141	686	766	4	10	80	0.1250000
NODE_3720_length_1221_cov_33.261141	686	766	6	52	80	0.6500000
NODE_3721_length_1221_cov_19.466132	541	621	0	16	80	0.2000000
NODE_3721_length_1221_cov_19.466132	541	621	6	64	80	0.8000000
NODE_3721_length_1221_cov_19.466132	594	674	6	28	80	0.3500000
NODE_3721_length_1221_cov_19.466132	594	674	10	52	80	0.6500000
NODE_3722_length_1221_cov_15.940285	788	868	0	80	80	1.0000000
NODE_3722_length_1221_cov_15.940285	841	921	0	80	80	1.0000000
NODE_3722_length_1221_cov_15.940285	917	997	0	18	80	0.2250000
NODE_3722_length_1221_cov_15.940285	917	997	2	3	80	0.0375000
NODE_3722_length_1221_cov_15.940285	917	997	4	8	80	0.1000000
NODE_3722_length_1221_cov_15.940285	917	997	6	14	80	0.1750000
NODE_3722_length_1221_cov_15.940285	917	997	8	37	80	0.4625000
NODE_3722_length_1221_cov_15.940285	970	1050	2	21	80	0.2625000
NODE_3722_length_1221_cov_15.940285	970	1050	4	10	80	0.1250000
NODE_3722_length_1221_cov_15.940285	970	1050	6	2	80	0.0250000
NODE_3722_length_1221_cov_15.940285	970	1050	8	47	80	0.5875000
NODE_3723_length_1221_cov_15.796791	484	564	2	16	80	0.2000000
NODE_3723_length_1221_cov_15.796791	484	564	4	1	80	0.0125000
NODE_3723_length_1221_cov_15.796791	484	564	8	12	80	0.1500000
NODE_3723_length_1221_cov_15.796791	484	564	10	51	80	0.6375000
NODE_3723_length_1221_cov_15.796791	537	617	2	2	80	0.0250000
NODE_3723_length_1221_cov_15.796791	537	617	4	22	80	0.2750000
NODE_3723_length_1221_cov_15.796791	537	617	8	21	80	0.2625000
NODE_3723_length_1221_cov_15.796791	537	617	10	35	80	0.4375000
NODE_3724_length_1221_cov_15.312834	342	415	15	51	73	0.6986302
NODE_3724_length_1221_cov_15.312834	342	415	16	22	73	0.3013699
NODE_3724_length_1221_cov_15.312834	395	474	0	10	79	0.1265823
NODE_3724_length_1221_cov_15.312834	395	474	4	5	79	0.0632911
NODE_3724_length_1221_cov_15.312834	395	474	8	4	79	0.0506329
NODE_3724_length_1221_cov_15.312834	395	474	12	1	79	0.0126582
NODE_3724_length_1221_cov_15.312834	395	474	13	8	79	0.1012658
NODE_3724_length_1221_cov_15.312834	395	474	15	51	79	0.6455696
NODE_3725_length_1221_cov_9.695187	988	1068	2	1	80	0.0125000
NODE_3725_length_1221_cov_9.695187	988	1068	6	61	80	0.7625000
NODE_3725_length_1221_cov_9.695187	988	1068	7	10	80	0.1250000
NODE_3725_length_1221_cov_9.695187	988	1068	8	8	80	0.1000000
NODE_3725_length_1221_cov_9.695187	1041	1100	4	28	59	0.4745763
NODE_3725_length_1221_cov_9.695187	1041	1100	6	23	59	0.3898305
NODE_3725_length_1221_cov_9.695187	1041	1100	7	1	59	0.0169492
NODE_3725_length_1221_cov_9.695187	1041	1100	8	7	59	0.1186441
NODE_3726_length_1221_cov_9.043672	695	775	0	80	80	1.0000000
NODE_3726_length_1221_cov_9.043672	748	828	0	80	80	1.0000000
NODE_3727_length_1221_cov_7.946524	147	227	0	80	80	1.0000000
NODE_3727_length_1221_cov_7.946524	200	280	0	80	80	1.0000000
NODE_3728_length_1221_cov_5.122103	248	328	2	54	80	0.6750000
NODE_3728_length_1221_cov_5.122103	248	328	4	26	80	0.3250000
NODE_3728_length_1221_cov_5.122103	301	381	0	13	80	0.1625000
NODE_3728_length_1221_cov_5.122103	301	381	2	67	80	0.8375000
NODE_3736_length_1220_cov_44.501338	319	399	0	24	80	0.3000000
NODE_3736_length_1220_cov_44.501338	319	399	1	56	80	0.7000000
NODE_3736_length_1220_cov_44.501338	372	452	1	62	80	0.7750000
NODE_3736_length_1220_cov_44.501338	372	452	3	10	80	0.1250000
NODE_3736_length_1220_cov_44.501338	372	452	5	8	80	0.1000000
NODE_3736_length_1220_cov_44.501338	448	528	5	9	80	0.1125000
NODE_3736_length_1220_cov_44.501338	448	528	17	46	80	0.5750000
NODE_3736_length_1220_cov_44.501338	448	528	18	25	80	0.3125000
NODE_3736_length_1220_cov_44.501338	501	581	9	22	80	0.2750000
NODE_3736_length_1220_cov_44.501338	501	581	13	3	80	0.0375000
NODE_3736_length_1220_cov_44.501338	501	581	15	19	80	0.2375000
NODE_3736_length_1220_cov_44.501338	501	581	17	36	80	0.4500000
NODE_3737_length_1220_cov_43.868867	720	800	0	37	80	0.4625000
NODE_3737_length_1220_cov_43.868867	720	800	10	10	80	0.1250000
NODE_3737_length_1220_cov_43.868867	720	800	12	1	80	0.0125000
NODE_3737_length_1220_cov_43.868867	720	800	13	11	80	0.1375000
NODE_3737_length_1220_cov_43.868867	720	800	15	12	80	0.1500000
NODE_3737_length_1220_cov_43.868867	720	800	16	9	80	0.1125000
NODE_3737_length_1220_cov_43.868867	773	853	13	6	80	0.0750000
NODE_3737_length_1220_cov_43.868867	773	853	15	29	80	0.3625000
NODE_3737_length_1220_cov_43.868867	773	853	16	45	80	0.5625000
NODE_3738_length_1220_cov_41.900089	593	673	18	13	80	0.1625000
NODE_3738_length_1220_cov_41.900089	593	673	23	1	80	0.0125000
NODE_3738_length_1220_cov_41.900089	593	673	24	21	80	0.2625000
NODE_3738_length_1220_cov_41.900089	593	673	25	16	80	0.2000000
NODE_3738_length_1220_cov_41.900089	593	673	26	29	80	0.3625000
NODE_3738_length_1220_cov_41.900089	646	726	6	7	80	0.0875000
NODE_3738_length_1220_cov_41.900089	646	726	8	14	80	0.1750000
NODE_3738_length_1220_cov_41.900089	646	726	12	10	80	0.1250000
NODE_3738_length_1220_cov_41.900089	646	726	14	9	80	0.1125000
NODE_3738_length_1220_cov_41.900089	646	726	15	3	80	0.0375000
NODE_3738_length_1220_cov_41.900089	646	726	22	1	80	0.0125000
NODE_3738_length_1220_cov_41.900089	646	726	23	10	80	0.1250000
NODE_3738_length_1220_cov_41.900089	646	726	24	17	80	0.2125000
NODE_3738_length_1220_cov_41.900089	646	726	25	9	80	0.1125000
NODE_3738_length_1220_cov_41.900089	722	802	0	64	80	0.8000000
NODE_3738_length_1220_cov_41.900089	722	802	6	16	80	0.2000000
NODE_3738_length_1220_cov_41.900089	775	855	0	80	80	1.0000000
NODE_3739_length_1220_cov_15.485281	395	475	0	16	80	0.2000000
NODE_3739_length_1220_cov_15.485281	395	475	2	35	80	0.4375000
NODE_3739_length_1220_cov_15.485281	395	475	4	29	80	0.3625000
NODE_3739_length_1220_cov_15.485281	448	528	0	7	80	0.0875000
NODE_3739_length_1220_cov_15.485281	448	528	4	73	80	0.9125000
NODE_3745_length_1219_cov_30.493750	643	723	0	19	80	0.2375000
NODE_3745_length_1219_cov_30.493750	643	723	2	40	80	0.5000000
NODE_3745_length_1219_cov_30.493750	643	723	8	21	80	0.2625000
NODE_3745_length_1219_cov_30.493750	696	776	2	6	80	0.0750000
NODE_3745_length_1219_cov_30.493750	696	776	8	43	80	0.5375000
NODE_3745_length_1219_cov_30.493750	696	776	10	31	80	0.3875000
NODE_3745_length_1219_cov_30.493750	772	852	2	12	80	0.1500000
NODE_3745_length_1219_cov_30.493750	772	852	4	25	80	0.3125000
NODE_3745_length_1219_cov_30.493750	772	852	8	28	80	0.3500000
NODE_3745_length_1219_cov_30.493750	772	852	9	2	80	0.0250000
NODE_3745_length_1219_cov_30.493750	772	852	10	13	80	0.1625000
NODE_3745_length_1219_cov_30.493750	825	905	0	7	80	0.0875000
NODE_3745_length_1219_cov_30.493750	825	905	2	58	80	0.7250000
NODE_3745_length_1219_cov_30.493750	825	905	4	15	80	0.1875000
NODE_3746_length_1219_cov_24.991071	566	646	2	55	80	0.6875000
NODE_3746_length_1219_cov_24.991071	566	646	4	25	80	0.3125000
NODE_3746_length_1219_cov_24.991071	619	699	2	25	80	0.3125000
NODE_3746_length_1219_cov_24.991071	619	699	4	55	80	0.6875000
NODE_3746_length_1219_cov_24.991071	695	775	2	28	80	0.3500000
NODE_3746_length_1219_cov_24.991071	695	775	4	2	80	0.0250000
NODE_3746_length_1219_cov_24.991071	695	775	6	9	80	0.1125000
NODE_3746_length_1219_cov_24.991071	695	775	8	37	80	0.4625000
NODE_3746_length_1219_cov_24.991071	695	775	10	4	80	0.0500000
NODE_3746_length_1219_cov_24.991071	748	828	0	23	80	0.2875000
NODE_3746_length_1219_cov_24.991071	748	828	6	39	80	0.4875000
NODE_3746_length_1219_cov_24.991071	748	828	8	18	80	0.2250000
NODE_3747_length_1219_cov_24.728571	465	545	0	39	80	0.4875000
NODE_3747_length_1219_cov_24.728571	465	545	2	41	80	0.5125000
NODE_3747_length_1219_cov_24.728571	518	598	0	48	80	0.6000000
NODE_3747_length_1219_cov_24.728571	518	598	2	32	80	0.4000000
NODE_3747_length_1219_cov_24.728571	594	674	0	33	80	0.4125000
NODE_3747_length_1219_cov_24.728571	594	674	4	2	80	0.0250000
NODE_3747_length_1219_cov_24.728571	594	674	6	45	80	0.5625000
NODE_3747_length_1219_cov_24.728571	647	727	6	48	80	0.6000000
NODE_3747_length_1219_cov_24.728571	647	727	7	32	80	0.4000000
NODE_3748_length_1219_cov_11.130357	535	615	2	13	80	0.1625000
NODE_3748_length_1219_cov_11.130357	535	615	4	67	80	0.8375000
NODE_3748_length_1219_cov_11.130357	588	668	0	7	80	0.0875000
NODE_3748_length_1219_cov_11.130357	588	668	1	1	80	0.0125000
NODE_3748_length_1219_cov_11.130357	588	668	2	39	80	0.4875000
NODE_3748_length_1219_cov_11.130357	588	668	4	33	80	0.4125000
NODE_3749_length_1219_cov_9.696429	734	814	7	2	80	0.0250000
NODE_3749_length_1219_cov_9.696429	734	814	8	78	80	0.9750000
NODE_3749_length_1219_cov_9.696429	787	867	5	31	80	0.3875000
NODE_3749_length_1219_cov_9.696429	787	867	6	17	80	0.2125000
NODE_3749_length_1219_cov_9.696429	787	867	8	32	80	0.4000000
NODE_3754_length_1218_cov_40.159071	554	634	0	80	80	1.0000000
NODE_3754_length_1218_cov_40.159071	607	687	0	80	80	1.0000000
NODE_3754_length_1218_cov_40.159071	683	763	0	49	80	0.6125000
NODE_3754_length_1218_cov_40.159071	683	763	4	2	80	0.0250000
NODE_3754_length_1218_cov_40.159071	683	763	6	29	80	0.3625000
NODE_3754_length_1218_cov_40.159071	736	816	4	14	80	0.1750000
NODE_3754_length_1218_cov_40.159071	736	816	6	66	80	0.8250000
NODE_3765_length_1216_cov_99.538944	44	124	107	4	80	0.0500000
NODE_3765_length_1216_cov_99.538944	44	124	111	3	80	0.0375000
NODE_3765_length_1216_cov_99.538944	44	124	118	1	80	0.0125000
NODE_3765_length_1216_cov_99.538944	44	124	123	4	80	0.0500000
NODE_3765_length_1216_cov_99.538944	44	124	127	2	80	0.0250000
NODE_3765_length_1216_cov_99.538944	44	124	134	2	80	0.0250000
NODE_3765_length_1216_cov_99.538944	44	124	141	1	80	0.0125000
NODE_3765_length_1216_cov_99.538944	44	124	142	2	80	0.0250000
NODE_3765_length_1216_cov_99.538944	44	124	143	1	80	0.0125000
NODE_3765_length_1216_cov_99.538944	44	124	144	2	80	0.0250000
NODE_3765_length_1216_cov_99.538944	44	124	146	2	80	0.0250000
NODE_3765_length_1216_cov_99.538944	44	124	150	1	80	0.0125000
NODE_3765_length_1216_cov_99.538944	44	124	156	2	80	0.0250000
NODE_3765_length_1216_cov_99.538944	44	124	160	1	80	0.0125000
NODE_3765_length_1216_cov_99.538944	44	124	168	1	80	0.0125000
NODE_3765_length_1216_cov_99.538944	44	124	169	1	80	0.0125000
NODE_3765_length_1216_cov_99.538944	44	124	171	3	80	0.0375000
NODE_3765_length_1216_cov_99.538944	44	124	172	1	80	0.0125000
NODE_3765_length_1216_cov_99.538944	44	124	173	1	80	0.0125000
NODE_3765_length_1216_cov_99.538944	44	124	174	1	80	0.0125000
NODE_3765_length_1216_cov_99.538944	44	124	175	3	80	0.0375000
NODE_3765_length_1216_cov_99.538944	44	124	177	2	80	0.0250000
NODE_3765_length_1216_cov_99.538944	44	124	179	3	80	0.0375000
NODE_3765_length_1216_cov_99.538944	44	124	181	1	80	0.0125000
NODE_3765_length_1216_cov_99.538944	44	124	182	1	80	0.0125000
NODE_3765_length_1216_cov_99.538944	44	124	188	6	80	0.0750000
NODE_3765_length_1216_cov_99.538944	44	124	191	1	80	0.0125000
NODE_3765_length_1216_cov_99.538944	44	124	193	1	80	0.0125000
NODE_3765_length_1216_cov_99.538944	44	124	195	6	80	0.0750000
NODE_3765_length_1216_cov_99.538944	44	124	196	1	80	0.0125000
NODE_3765_length_1216_cov_99.538944	44	124	197	7	80	0.0875000
NODE_3765_length_1216_cov_99.538944	44	124	198	2	80	0.0250000
NODE_3765_length_1216_cov_99.538944	44	124	199	1	80	0.0125000
NODE_3765_length_1216_cov_99.538944	44	124	201	2	80	0.0250000
NODE_3765_length_1216_cov_99.538944	44	124	203	4	80	0.0500000
NODE_3765_length_1216_cov_99.538944	44	124	204	2	80	0.0250000
NODE_3765_length_1216_cov_99.538944	44	124	205	1	80	0.0125000
NODE_3765_length_1216_cov_99.538944	97	157	156	4	60	0.0666667
NODE_3765_length_1216_cov_99.538944	97	157	162	1	60	0.0166667
NODE_3765_length_1216_cov_99.538944	97	157	164	1	60	0.0166667
NODE_3765_length_1216_cov_99.538944	97	157	166	1	60	0.0166667
NODE_3765_length_1216_cov_99.538944	97	157	172	1	60	0.0166667
NODE_3765_length_1216_cov_99.538944	97	157	175	2	60	0.0333333
NODE_3765_length_1216_cov_99.538944	97	157	179	1	60	0.0166667
NODE_3765_length_1216_cov_99.538944	97	157	181	1	60	0.0166667
NODE_3765_length_1216_cov_99.538944	97	157	182	1	60	0.0166667
NODE_3765_length_1216_cov_99.538944	97	157	186	1	60	0.0166667
NODE_3765_length_1216_cov_99.538944	97	157	190	1	60	0.0166667
NODE_3765_length_1216_cov_99.538944	97	157	192	1	60	0.0166667
NODE_3765_length_1216_cov_99.538944	97	157	193	1	60	0.0166667
NODE_3765_length_1216_cov_99.538944	97	157	195	6	60	0.1000000
NODE_3765_length_1216_cov_99.538944	97	157	196	1	60	0.0166667
NODE_3765_length_1216_cov_99.538944	97	157	197	8	60	0.1333333
NODE_3765_length_1216_cov_99.538944	97	157	198	3	60	0.0500000
NODE_3765_length_1216_cov_99.538944	97	157	199	5	60	0.0833333
NODE_3765_length_1216_cov_99.538944	97	157	201	3	60	0.0500000
NODE_3765_length_1216_cov_99.538944	97	157	203	6	60	0.1000000
NODE_3765_length_1216_cov_99.538944	97	157	204	7	60	0.1166667
NODE_3765_length_1216_cov_99.538944	97	157	205	3	60	0.0500000
NODE_3765_length_1216_cov_99.538944	97	157	207	1	60	0.0166667
NODE_3765_length_1216_cov_99.538944	824	903	66	4	79	0.0506329
NODE_3765_length_1216_cov_99.538944	824	903	68	1	79	0.0126582
NODE_3765_length_1216_cov_99.538944	824	903	69	7	79	0.0886076
NODE_3765_length_1216_cov_99.538944	824	903	70	1	79	0.0126582
NODE_3765_length_1216_cov_99.538944	824	903	71	1	79	0.0126582
NODE_3765_length_1216_cov_99.538944	824	903	73	2	79	0.0253165
NODE_3765_length_1216_cov_99.538944	824	903	74	1	79	0.0126582
NODE_3765_length_1216_cov_99.538944	824	903	75	2	79	0.0253165
NODE_3765_length_1216_cov_99.538944	824	903	77	3	79	0.0379747
NODE_3765_length_1216_cov_99.538944	824	903	81	2	79	0.0253165
NODE_3765_length_1216_cov_99.538944	824	903	83	1	79	0.0126582
NODE_3765_length_1216_cov_99.538944	824	903	87	1	79	0.0126582
NODE_3765_length_1216_cov_99.538944	824	903	93	1	79	0.0126582
NODE_3765_length_1216_cov_99.538944	824	903	94	1	79	0.0126582
NODE_3765_length_1216_cov_99.538944	824	903	96	1	79	0.0126582
NODE_3765_length_1216_cov_99.538944	824	903	98	1	79	0.0126582
NODE_3765_length_1216_cov_99.538944	824	903	99	3	79	0.0379747
NODE_3765_length_1216_cov_99.538944	824	903	101	1	79	0.0126582
NODE_3765_length_1216_cov_99.538944	824	903	103	3	79	0.0379747
NODE_3765_length_1216_cov_99.538944	824	903	109	1	79	0.0126582
NODE_3765_length_1216_cov_99.538944	824	903	111	1	79	0.0126582
NODE_3765_length_1216_cov_99.538944	824	903	113	1	79	0.0126582
NODE_3765_length_1216_cov_99.538944	824	903	115	1	79	0.0126582
NODE_3765_length_1216_cov_99.538944	824	903	117	3	79	0.0379747
NODE_3765_length_1216_cov_99.538944	824	903	119	1	79	0.0126582
NODE_3765_length_1216_cov_99.538944	824	903	123	1	79	0.0126582
NODE_3765_length_1216_cov_99.538944	824	903	127	2	79	0.0253165
NODE_3765_length_1216_cov_99.538944	824	903	133	1	79	0.0126582
NODE_3765_length_1216_cov_99.538944	824	903	135	2	79	0.0253165
NODE_3765_length_1216_cov_99.538944	824	903	138	1	79	0.0126582
NODE_3765_length_1216_cov_99.538944	824	903	139	2	79	0.0253165
NODE_3765_length_1216_cov_99.538944	824	903	140	4	79	0.0506329
NODE_3765_length_1216_cov_99.538944	824	903	141	1	79	0.0126582
NODE_3765_length_1216_cov_99.538944	824	903	142	5	79	0.0632911
NODE_3765_length_1216_cov_99.538944	824	903	143	4	79	0.0506329
NODE_3765_length_1216_cov_99.538944	824	903	144	7	79	0.0886076
NODE_3765_length_1216_cov_99.538944	824	903	145	1	79	0.0126582
NODE_3765_length_1216_cov_99.538944	824	903	146	2	79	0.0253165
NODE_3765_length_1216_cov_99.538944	824	903	148	1	79	0.0126582
NODE_3766_length_1216_cov_15.855864	668	748	4	17	80	0.2125000
NODE_3766_length_1216_cov_15.855864	668	748	6	63	80	0.7875000
NODE_3766_length_1216_cov_15.855864	721	801	2	25	80	0.3125000
NODE_3766_length_1216_cov_15.855864	721	801	6	55	80	0.6875000
NODE_3767_length_1216_cov_4.128917	720	800	1	1	80	0.0125000
NODE_3767_length_1216_cov_4.128917	720	800	2	8	80	0.1000000
NODE_3767_length_1216_cov_4.128917	720	800	3	25	80	0.3125000
NODE_3767_length_1216_cov_4.128917	720	800	4	46	80	0.5750000
NODE_3767_length_1216_cov_4.128917	773	853	1	54	80	0.6750000
NODE_3767_length_1216_cov_4.128917	773	853	3	25	80	0.3125000
NODE_3767_length_1216_cov_4.128917	773	853	4	1	80	0.0125000
NODE_3774_length_1215_cov_32.293011	411	491	2	80	80	1.0000000
NODE_3774_length_1215_cov_32.293011	464	544	0	44	80	0.5500000
NODE_3774_length_1215_cov_32.293011	464	544	2	36	80	0.4500000
NODE_3775_length_1215_cov_24.177419	729	809	0	80	80	1.0000000
NODE_3775_length_1215_cov_24.177419	782	862	0	80	80	1.0000000
NODE_3776_length_1215_cov_21.566308	645	725	0	80	80	1.0000000
NODE_3776_length_1215_cov_21.566308	698	778	0	80	80	1.0000000
NODE_3777_length_1215_cov_19.278674	630	710	0	80	80	1.0000000
NODE_3777_length_1215_cov_19.278674	683	763	0	80	80	1.0000000
NODE_3778_length_1215_cov_15.074373	664	744	8	11	80	0.1375000
NODE_3778_length_1215_cov_15.074373	664	744	10	12	80	0.1500000
NODE_3778_length_1215_cov_15.074373	664	744	12	14	80	0.1750000
NODE_3778_length_1215_cov_15.074373	664	744	15	7	80	0.0875000
NODE_3778_length_1215_cov_15.074373	664	744	16	13	80	0.1625000
NODE_3778_length_1215_cov_15.074373	664	744	18	23	80	0.2875000
NODE_3778_length_1215_cov_15.074373	717	797	2	3	80	0.0375000
NODE_3778_length_1215_cov_15.074373	717	797	6	4	80	0.0500000
NODE_3778_length_1215_cov_15.074373	717	797	8	10	80	0.1250000
NODE_3778_length_1215_cov_15.074373	717	797	10	1	80	0.0125000
NODE_3778_length_1215_cov_15.074373	717	797	12	4	80	0.0500000
NODE_3778_length_1215_cov_15.074373	717	797	15	38	80	0.4750000
NODE_3778_length_1215_cov_15.074373	717	797	16	1	80	0.0125000
NODE_3778_length_1215_cov_15.074373	717	797	18	19	80	0.2375000
NODE_3779_length_1215_cov_5.932796	507	587	0	80	80	1.0000000
NODE_3779_length_1215_cov_5.932796	560	640	0	80	80	1.0000000
NODE_3787_length_1214_cov_26.771300	420	500	39	4	80	0.0500000
NODE_3787_length_1214_cov_26.771300	420	500	41	1	80	0.0125000
NODE_3787_length_1214_cov_26.771300	420	500	46	1	80	0.0125000
NODE_3787_length_1214_cov_26.771300	420	500	50	1	80	0.0125000
NODE_3787_length_1214_cov_26.771300	420	500	56	1	80	0.0125000
NODE_3787_length_1214_cov_26.771300	420	500	62	2	80	0.0250000
NODE_3787_length_1214_cov_26.771300	420	500	64	1	80	0.0125000
NODE_3787_length_1214_cov_26.771300	420	500	70	1	80	0.0125000
NODE_3787_length_1214_cov_26.771300	420	500	74	1	80	0.0125000
NODE_3787_length_1214_cov_26.771300	420	500	78	1	80	0.0125000
NODE_3787_length_1214_cov_26.771300	420	500	86	1	80	0.0125000
NODE_3787_length_1214_cov_26.771300	420	500	91	2	80	0.0250000
NODE_3787_length_1214_cov_26.771300	420	500	95	1	80	0.0125000
NODE_3787_length_1214_cov_26.771300	420	500	99	1	80	0.0125000
NODE_3787_length_1214_cov_26.771300	420	500	108	4	80	0.0500000
NODE_3787_length_1214_cov_26.771300	420	500	121	1	80	0.0125000
NODE_3787_length_1214_cov_26.771300	420	500	122	2	80	0.0250000
NODE_3787_length_1214_cov_26.771300	420	500	136	3	80	0.0375000
NODE_3787_length_1214_cov_26.771300	420	500	140	1	80	0.0125000
NODE_3787_length_1214_cov_26.771300	420	500	158	1	80	0.0125000
NODE_3787_length_1214_cov_26.771300	420	500	160	1	80	0.0125000
NODE_3787_length_1214_cov_26.771300	420	500	161	2	80	0.0250000
NODE_3787_length_1214_cov_26.771300	420	500	163	1	80	0.0125000
NODE_3787_length_1214_cov_26.771300	420	500	165	1	80	0.0125000
NODE_3787_length_1214_cov_26.771300	420	500	167	1	80	0.0125000
NODE_3787_length_1214_cov_26.771300	420	500	170	2	80	0.0250000
NODE_3787_length_1214_cov_26.771300	420	500	172	2	80	0.0250000
NODE_3787_length_1214_cov_26.771300	420	500	180	2	80	0.0250000
NODE_3787_length_1214_cov_26.771300	420	500	182	1	80	0.0125000
NODE_3787_length_1214_cov_26.771300	420	500	185	1	80	0.0125000
NODE_3787_length_1214_cov_26.771300	420	500	186	1	80	0.0125000
NODE_3787_length_1214_cov_26.771300	420	500	188	2	80	0.0250000
NODE_3787_length_1214_cov_26.771300	420	500	190	3	80	0.0375000
NODE_3787_length_1214_cov_26.771300	420	500	192	11	80	0.1375000
NODE_3787_length_1214_cov_26.771300	420	500	194	9	80	0.1125000
NODE_3787_length_1214_cov_26.771300	420	500	196	9	80	0.1125000
NODE_3787_length_1214_cov_26.771300	473	553	50	1	80	0.0125000
NODE_3787_length_1214_cov_26.771300	473	553	62	1	80	0.0125000
NODE_3787_length_1214_cov_26.771300	473	553	81	1	80	0.0125000
NODE_3787_length_1214_cov_26.771300	473	553	82	1	80	0.0125000
NODE_3787_length_1214_cov_26.771300	473	553	92	1	80	0.0125000
NODE_3787_length_1214_cov_26.771300	473	553	98	5	80	0.0625000
NODE_3787_length_1214_cov_26.771300	473	553	113	1	80	0.0125000
NODE_3787_length_1214_cov_26.771300	473	553	118	1	80	0.0125000
NODE_3787_length_1214_cov_26.771300	473	553	120	6	80	0.0750000
NODE_3787_length_1214_cov_26.771300	473	553	122	1	80	0.0125000
NODE_3787_length_1214_cov_26.771300	473	553	124	1	80	0.0125000
NODE_3787_length_1214_cov_26.771300	473	553	130	2	80	0.0250000
NODE_3787_length_1214_cov_26.771300	473	553	138	1	80	0.0125000
NODE_3787_length_1214_cov_26.771300	473	553	140	1	80	0.0125000
NODE_3787_length_1214_cov_26.771300	473	553	144	1	80	0.0125000
NODE_3787_length_1214_cov_26.771300	473	553	152	5	80	0.0625000
NODE_3787_length_1214_cov_26.771300	473	553	154	2	80	0.0250000
NODE_3787_length_1214_cov_26.771300	473	553	156	1	80	0.0125000
NODE_3787_length_1214_cov_26.771300	473	553	158	1	80	0.0125000
NODE_3787_length_1214_cov_26.771300	473	553	160	1	80	0.0125000
NODE_3787_length_1214_cov_26.771300	473	553	164	1	80	0.0125000
NODE_3787_length_1214_cov_26.771300	473	553	173	1	80	0.0125000
NODE_3787_length_1214_cov_26.771300	473	553	177	1	80	0.0125000
NODE_3787_length_1214_cov_26.771300	473	553	179	2	80	0.0250000
NODE_3787_length_1214_cov_26.771300	473	553	181	1	80	0.0125000
NODE_3787_length_1214_cov_26.771300	473	553	183	2	80	0.0250000
NODE_3787_length_1214_cov_26.771300	473	553	184	1	80	0.0125000
NODE_3787_length_1214_cov_26.771300	473	553	185	10	80	0.1250000
NODE_3787_length_1214_cov_26.771300	473	553	186	1	80	0.0125000
NODE_3787_length_1214_cov_26.771300	473	553	188	1	80	0.0125000
NODE_3787_length_1214_cov_26.771300	473	553	192	7	80	0.0875000
NODE_3787_length_1214_cov_26.771300	473	553	194	8	80	0.1000000
NODE_3787_length_1214_cov_26.771300	473	553	196	9	80	0.1125000
NODE_3788_length_1214_cov_24.555157	480	560	2	7	80	0.0875000
NODE_3788_length_1214_cov_24.555157	480	560	6	13	80	0.1625000
NODE_3788_length_1214_cov_24.555157	480	560	8	60	80	0.7500000
NODE_3788_length_1214_cov_24.555157	533	613	0	22	80	0.2750000
NODE_3788_length_1214_cov_24.555157	533	613	6	44	80	0.5500000
NODE_3788_length_1214_cov_24.555157	533	613	8	14	80	0.1750000
NODE_3789_length_1214_cov_23.167713	623	703	0	21	80	0.2625000
NODE_3789_length_1214_cov_23.167713	623	703	2	59	80	0.7375000
NODE_3789_length_1214_cov_23.167713	676	756	2	80	80	1.0000000
NODE_3790_length_1214_cov_18.452915	555	635	0	3	80	0.0375000
NODE_3790_length_1214_cov_18.452915	555	635	1	1	80	0.0125000
NODE_3790_length_1214_cov_18.452915	555	635	2	76	80	0.9500000
NODE_3790_length_1214_cov_18.452915	608	688	0	56	80	0.7000000
NODE_3790_length_1214_cov_18.452915	608	688	1	1	80	0.0125000
NODE_3790_length_1214_cov_18.452915	608	688	2	23	80	0.2875000
NODE_3790_length_1214_cov_18.452915	684	764	0	80	80	1.0000000
NODE_3790_length_1214_cov_18.452915	737	817	0	80	80	1.0000000
NODE_3791_length_1214_cov_8.906726	206	286	0	80	80	1.0000000
NODE_3791_length_1214_cov_8.906726	259	339	0	80	80	1.0000000
NODE_3792_length_1214_cov_3.686996	415	495	0	38	80	0.4750000
NODE_3792_length_1214_cov_3.686996	415	495	2	5	80	0.0625000
NODE_3792_length_1214_cov_3.686996	415	495	6	37	80	0.4625000
NODE_3792_length_1214_cov_3.686996	468	548	6	80	80	1.0000000
NODE_3799_length_1214_cov_0.967713	1049	1129	51	3	80	0.0375000
NODE_3799_length_1214_cov_0.967713	1049	1129	55	2	80	0.0250000
NODE_3799_length_1214_cov_0.967713	1049	1129	57	3	80	0.0375000
NODE_3799_length_1214_cov_0.967713	1049	1129	61	1	80	0.0125000
NODE_3799_length_1214_cov_0.967713	1049	1129	63	2	80	0.0250000
NODE_3799_length_1214_cov_0.967713	1049	1129	65	1	80	0.0125000
NODE_3799_length_1214_cov_0.967713	1049	1129	66	1	80	0.0125000
NODE_3799_length_1214_cov_0.967713	1049	1129	69	4	80	0.0500000
NODE_3799_length_1214_cov_0.967713	1049	1129	70	1	80	0.0125000
NODE_3799_length_1214_cov_0.967713	1049	1129	71	2	80	0.0250000
NODE_3799_length_1214_cov_0.967713	1049	1129	72	1	80	0.0125000
NODE_3799_length_1214_cov_0.967713	1049	1129	73	3	80	0.0375000
NODE_3799_length_1214_cov_0.967713	1049	1129	75	36	80	0.4500000
NODE_3799_length_1214_cov_0.967713	1049	1129	77	1	80	0.0125000
NODE_3799_length_1214_cov_0.967713	1049	1129	78	9	80	0.1125000
NODE_3799_length_1214_cov_0.967713	1049	1129	81	5	80	0.0625000
NODE_3799_length_1214_cov_0.967713	1049	1129	82	3	80	0.0375000
NODE_3799_length_1214_cov_0.967713	1049	1129	83	2	80	0.0250000
NODE_3800_length_1213_cov_19.524237	499	579	2	26	80	0.3250000
NODE_3800_length_1213_cov_19.524237	499	579	4	14	80	0.1750000
NODE_3800_length_1213_cov_19.524237	499	579	8	40	80	0.5000000
NODE_3800_length_1213_cov_19.524237	552	632	6	52	80	0.6500000
NODE_3800_length_1213_cov_19.524237	552	632	8	28	80	0.3500000
NODE_3806_length_1212_cov_32.663073	688	768	14	5	80	0.0625000
NODE_3806_length_1212_cov_32.663073	688	768	18	15	80	0.1875000
NODE_3806_length_1212_cov_32.663073	688	768	20	8	80	0.1000000
NODE_3806_length_1212_cov_32.663073	688	768	22	42	80	0.5250000
NODE_3806_length_1212_cov_32.663073	688	768	23	1	80	0.0125000
NODE_3806_length_1212_cov_32.663073	688	768	24	9	80	0.1125000
NODE_3806_length_1212_cov_32.663073	741	821	0	48	80	0.6000000
NODE_3806_length_1212_cov_32.663073	741	821	14	10	80	0.1250000
NODE_3806_length_1212_cov_32.663073	741	821	18	15	80	0.1875000
NODE_3806_length_1212_cov_32.663073	741	821	20	7	80	0.0875000
NODE_3807_length_1212_cov_15.981132	33	113	14	4	80	0.0500000
NODE_3807_length_1212_cov_15.981132	33	113	16	76	80	0.9500000
NODE_3807_length_1212_cov_15.981132	511	591	0	56	80	0.7000000
NODE_3807_length_1212_cov_15.981132	511	591	4	24	80	0.3000000
NODE_3807_length_1212_cov_15.981132	564	637	0	3	73	0.0410959
NODE_3807_length_1212_cov_15.981132	564	637	4	70	73	0.9589041
NODE_3813_length_1211_cov_30.513489	561	641	2	1	80	0.0125000
NODE_3813_length_1211_cov_30.513489	561	641	4	6	80	0.0750000
NODE_3813_length_1211_cov_30.513489	561	641	6	14	80	0.1750000
NODE_3813_length_1211_cov_30.513489	561	641	8	1	80	0.0125000
NODE_3813_length_1211_cov_30.513489	561	641	9	3	80	0.0375000
NODE_3813_length_1211_cov_30.513489	561	641	11	6	80	0.0750000
NODE_3813_length_1211_cov_30.513489	561	641	12	10	80	0.1250000
NODE_3813_length_1211_cov_30.513489	561	641	13	29	80	0.3625000
NODE_3813_length_1211_cov_30.513489	561	641	14	10	80	0.1250000
NODE_3813_length_1211_cov_30.513489	614	694	11	1	80	0.0125000
NODE_3813_length_1211_cov_30.513489	614	694	12	10	80	0.1250000
NODE_3813_length_1211_cov_30.513489	614	694	13	23	80	0.2875000
NODE_3813_length_1211_cov_30.513489	614	694	14	25	80	0.3125000
NODE_3813_length_1211_cov_30.513489	614	694	15	21	80	0.2625000
NODE_3813_length_1211_cov_30.513489	690	770	2	28	80	0.3500000
NODE_3813_length_1211_cov_30.513489	690	770	5	10	80	0.1250000
NODE_3813_length_1211_cov_30.513489	690	770	7	15	80	0.1875000
NODE_3813_length_1211_cov_30.513489	690	770	9	15	80	0.1875000
NODE_3813_length_1211_cov_30.513489	690	770	11	9	80	0.1125000
NODE_3813_length_1211_cov_30.513489	690	770	13	1	80	0.0125000
NODE_3813_length_1211_cov_30.513489	690	770	15	2	80	0.0250000
NODE_3813_length_1211_cov_30.513489	743	823	0	27	80	0.3375000
NODE_3813_length_1211_cov_30.513489	743	823	2	53	80	0.6625000
NODE_3815_length_1211_cov_10.073741	380	460	4	37	80	0.4625000
NODE_3815_length_1211_cov_10.073741	380	460	6	43	80	0.5375000
NODE_3815_length_1211_cov_10.073741	433	513	0	37	80	0.4625000
NODE_3815_length_1211_cov_10.073741	433	513	4	43	80	0.5375000
NODE_3816_length_1211_cov_7.561151	598	678	6	59	80	0.7375000
NODE_3816_length_1211_cov_7.561151	598	678	8	21	80	0.2625000
NODE_3816_length_1211_cov_7.561151	651	731	2	37	80	0.4625000
NODE_3816_length_1211_cov_7.561151	651	731	5	9	80	0.1125000
NODE_3816_length_1211_cov_7.561151	651	731	6	6	80	0.0750000
NODE_3816_length_1211_cov_7.561151	651	731	8	28	80	0.3500000
NODE_3820_length_1210_cov_49.743474	398	478	0	10	80	0.1250000
NODE_3820_length_1210_cov_49.743474	398	478	2	3	80	0.0375000
NODE_3820_length_1210_cov_49.743474	398	478	10	17	80	0.2125000
NODE_3820_length_1210_cov_49.743474	398	478	12	15	80	0.1875000
NODE_3820_length_1210_cov_49.743474	398	478	14	1	80	0.0125000
NODE_3820_length_1210_cov_49.743474	398	478	16	15	80	0.1875000
NODE_3820_length_1210_cov_49.743474	398	478	18	19	80	0.2375000
NODE_3820_length_1210_cov_49.743474	451	531	14	35	80	0.4375000
NODE_3820_length_1210_cov_49.743474	451	531	16	22	80	0.2750000
NODE_3820_length_1210_cov_49.743474	451	531	18	23	80	0.2875000
NODE_3821_length_1210_cov_15.647165	647	727	0	58	80	0.7250000
NODE_3821_length_1210_cov_15.647165	647	727	2	22	80	0.2750000
NODE_3821_length_1210_cov_15.647165	700	780	0	5	80	0.0625000
NODE_3821_length_1210_cov_15.647165	700	780	2	75	80	0.9375000
NODE_3822_length_1210_cov_11.194419	794	874	8	10	80	0.1250000
NODE_3822_length_1210_cov_11.194419	794	874	10	70	80	0.8750000
NODE_3822_length_1210_cov_11.194419	847	927	0	10	80	0.1250000
NODE_3822_length_1210_cov_11.194419	847	927	8	36	80	0.4500000
NODE_3822_length_1210_cov_11.194419	847	927	10	34	80	0.4250000
NODE_3826_length_1209_cov_24.504505	582	662	5	4	80	0.0500000
NODE_3826_length_1209_cov_24.504505	582	662	7	11	80	0.1375000
NODE_3826_length_1209_cov_24.504505	582	662	8	65	80	0.8125000
NODE_3826_length_1209_cov_24.504505	635	715	1	46	80	0.5750000
NODE_3826_length_1209_cov_24.504505	635	715	3	1	80	0.0125000
NODE_3826_length_1209_cov_24.504505	635	715	5	10	80	0.1250000
NODE_3826_length_1209_cov_24.504505	635	715	7	11	80	0.1375000
NODE_3826_length_1209_cov_24.504505	635	715	8	12	80	0.1500000
NODE_3826_length_1209_cov_24.504505	711	791	3	1	80	0.0125000
NODE_3826_length_1209_cov_24.504505	711	791	4	74	80	0.9250000
NODE_3826_length_1209_cov_24.504505	711	791	5	5	80	0.0625000
NODE_3826_length_1209_cov_24.504505	764	844	0	9	80	0.1125000
NODE_3826_length_1209_cov_24.504505	764	844	2	14	80	0.1750000
NODE_3826_length_1209_cov_24.504505	764	844	4	57	80	0.7125000
NODE_3827_length_1209_cov_21.846847	520	600	0	8	80	0.1000000
NODE_3827_length_1209_cov_21.846847	520	600	2	72	80	0.9000000
NODE_3827_length_1209_cov_21.846847	573	653	0	61	80	0.7625000
NODE_3827_length_1209_cov_21.846847	573	653	2	19	80	0.2375000
NODE_3827_length_1209_cov_21.846847	649	729	0	80	80	1.0000000
NODE_3827_length_1209_cov_21.846847	702	782	0	80	80	1.0000000
NODE_3828_length_1209_cov_9.026126	782	862	0	25	80	0.3125000
NODE_3828_length_1209_cov_9.026126	782	862	1	55	80	0.6875000
NODE_3828_length_1209_cov_9.026126	835	915	1	30	80	0.3750000
NODE_3828_length_1209_cov_9.026126	835	915	5	9	80	0.1125000
NODE_3828_length_1209_cov_9.026126	835	915	6	41	80	0.5125000
NODE_3830_length_1209_cov_5.721622	926	1006	0	12	80	0.1500000
NODE_3830_length_1209_cov_5.721622	926	1006	6	68	80	0.8500000
NODE_3830_length_1209_cov_5.721622	979	1059	0	65	80	0.8125000
NODE_3830_length_1209_cov_5.721622	979	1059	6	15	80	0.1875000
NODE_3833_length_1208_cov_40.717764	886	966	15	2	80	0.0250000
NODE_3833_length_1208_cov_40.717764	886	966	16	8	80	0.1000000
NODE_3833_length_1208_cov_40.717764	886	966	18	3	80	0.0375000
NODE_3833_length_1208_cov_40.717764	886	966	21	4	80	0.0500000
NODE_3833_length_1208_cov_40.717764	886	966	22	1	80	0.0125000
NODE_3833_length_1208_cov_40.717764	886	966	23	1	80	0.0125000
NODE_3833_length_1208_cov_40.717764	886	966	27	1	80	0.0125000
NODE_3833_length_1208_cov_40.717764	886	966	31	5	80	0.0625000
NODE_3833_length_1208_cov_40.717764	886	966	36	1	80	0.0125000
NODE_3833_length_1208_cov_40.717764	886	966	37	1	80	0.0125000
NODE_3833_length_1208_cov_40.717764	886	966	39	2	80	0.0250000
NODE_3833_length_1208_cov_40.717764	886	966	41	2	80	0.0250000
NODE_3833_length_1208_cov_40.717764	886	966	47	2	80	0.0250000
NODE_3833_length_1208_cov_40.717764	886	966	51	2	80	0.0250000
NODE_3833_length_1208_cov_40.717764	886	966	53	2	80	0.0250000
NODE_3833_length_1208_cov_40.717764	886	966	55	5	80	0.0625000
NODE_3833_length_1208_cov_40.717764	886	966	57	1	80	0.0125000
NODE_3833_length_1208_cov_40.717764	886	966	59	10	80	0.1250000
NODE_3833_length_1208_cov_40.717764	886	966	62	1	80	0.0125000
NODE_3833_length_1208_cov_40.717764	886	966	65	4	80	0.0500000
NODE_3833_length_1208_cov_40.717764	886	966	71	4	80	0.0500000
NODE_3833_length_1208_cov_40.717764	886	966	73	3	80	0.0375000
NODE_3833_length_1208_cov_40.717764	886	966	76	3	80	0.0375000
NODE_3833_length_1208_cov_40.717764	886	966	77	1	80	0.0125000
NODE_3833_length_1208_cov_40.717764	886	966	79	2	80	0.0250000
NODE_3833_length_1208_cov_40.717764	886	966	81	4	80	0.0500000
NODE_3833_length_1208_cov_40.717764	886	966	83	2	80	0.0250000
NODE_3833_length_1208_cov_40.717764	886	966	86	3	80	0.0375000
NODE_3833_length_1208_cov_40.717764	939	985	62	1	46	0.0217391
NODE_3833_length_1208_cov_40.717764	939	985	65	4	46	0.0869565
NODE_3833_length_1208_cov_40.717764	939	985	71	4	46	0.0869565
NODE_3833_length_1208_cov_40.717764	939	985	73	3	46	0.0652174
NODE_3833_length_1208_cov_40.717764	939	985	76	3	46	0.0652174
NODE_3833_length_1208_cov_40.717764	939	985	77	1	46	0.0217391
NODE_3833_length_1208_cov_40.717764	939	985	79	2	46	0.0434783
NODE_3833_length_1208_cov_40.717764	939	985	81	4	46	0.0869565
NODE_3833_length_1208_cov_40.717764	939	985	83	2	46	0.0434783
NODE_3833_length_1208_cov_40.717764	939	985	86	4	46	0.0869565
NODE_3833_length_1208_cov_40.717764	939	985	88	2	46	0.0434783
NODE_3833_length_1208_cov_40.717764	939	985	90	1	46	0.0217391
NODE_3833_length_1208_cov_40.717764	939	985	92	1	46	0.0217391
NODE_3833_length_1208_cov_40.717764	939	985	94	2	46	0.0434783
NODE_3833_length_1208_cov_40.717764	939	985	95	5	46	0.1086956
NODE_3833_length_1208_cov_40.717764	939	985	97	5	46	0.1086956
NODE_3833_length_1208_cov_40.717764	939	985	99	2	46	0.0434783
NODE_3834_length_1208_cov_28.528404	614	694	14	16	80	0.2000000
NODE_3834_length_1208_cov_28.528404	614	694	18	14	80	0.1750000
NODE_3834_length_1208_cov_28.528404	614	694	20	50	80	0.6250000
NODE_3834_length_1208_cov_28.528404	667	747	0	1	80	0.0125000
NODE_3834_length_1208_cov_28.528404	667	747	2	21	80	0.2625000
NODE_3834_length_1208_cov_28.528404	667	747	12	23	80	0.2875000
NODE_3834_length_1208_cov_28.528404	667	747	14	24	80	0.3000000
NODE_3834_length_1208_cov_28.528404	667	747	18	11	80	0.1375000
NODE_3835_length_1208_cov_19.688007	682	762	4	5	80	0.0625000
NODE_3835_length_1208_cov_19.688007	682	762	9	4	80	0.0500000
NODE_3835_length_1208_cov_19.688007	682	762	10	1	80	0.0125000
NODE_3835_length_1208_cov_19.688007	682	762	11	8	80	0.1000000
NODE_3835_length_1208_cov_19.688007	682	762	13	8	80	0.1000000
NODE_3835_length_1208_cov_19.688007	682	762	15	54	80	0.6750000
NODE_3835_length_1208_cov_19.688007	735	815	9	4	80	0.0500000
NODE_3835_length_1208_cov_19.688007	735	815	10	12	80	0.1500000
NODE_3835_length_1208_cov_19.688007	735	815	11	8	80	0.1000000
NODE_3835_length_1208_cov_19.688007	735	815	12	42	80	0.5250000
NODE_3835_length_1208_cov_19.688007	735	815	13	8	80	0.1000000
NODE_3835_length_1208_cov_19.688007	735	815	15	6	80	0.0750000
NODE_3836_length_1208_cov_18.577096	455	535	0	80	80	1.0000000
NODE_3836_length_1208_cov_18.577096	508	588	0	80	80	1.0000000
NODE_3836_length_1208_cov_18.577096	584	664	0	28	80	0.3500000
NODE_3836_length_1208_cov_18.577096	584	664	2	2	80	0.0250000
NODE_3836_length_1208_cov_18.577096	584	664	4	31	80	0.3875000
NODE_3836_length_1208_cov_18.577096	584	664	7	19	80	0.2375000
NODE_3836_length_1208_cov_18.577096	637	717	4	8	80	0.1000000
NODE_3836_length_1208_cov_18.577096	637	717	7	37	80	0.4625000
NODE_3836_length_1208_cov_18.577096	637	717	8	16	80	0.2000000
NODE_3836_length_1208_cov_18.577096	637	717	9	13	80	0.1625000
NODE_3836_length_1208_cov_18.577096	637	717	10	6	80	0.0750000
NODE_3837_length_1208_cov_12.733995	766	846	0	80	80	1.0000000
NODE_3837_length_1208_cov_12.733995	819	899	0	80	80	1.0000000
NODE_3837_length_1208_cov_12.733995	895	975	0	73	80	0.9125000
NODE_3837_length_1208_cov_12.733995	895	975	2	7	80	0.0875000
NODE_3837_length_1208_cov_12.733995	948	1028	0	20	80	0.2500000
NODE_3837_length_1208_cov_12.733995	948	1028	2	60	80	0.7500000
NODE_3838_length_1207_cov_20.461191	874	954	4	80	80	1.0000000
NODE_3838_length_1207_cov_20.461191	927	1007	0	51	80	0.6375000
NODE_3838_length_1207_cov_20.461191	927	1007	2	1	80	0.0125000
NODE_3838_length_1207_cov_20.461191	927	1007	4	28	80	0.3500000
NODE_3846_length_1206_cov_59.851852	540	620	2	6	80	0.0750000
NODE_3846_length_1206_cov_59.851852	540	620	3	1	80	0.0125000
NODE_3846_length_1206_cov_59.851852	540	620	4	20	80	0.2500000
NODE_3846_length_1206_cov_59.851852	540	620	6	53	80	0.6625000
NODE_3846_length_1206_cov_59.851852	593	673	1	13	80	0.1625000
NODE_3846_length_1206_cov_59.851852	593	673	2	46	80	0.5750000
NODE_3846_length_1206_cov_59.851852	593	673	3	1	80	0.0125000
NODE_3846_length_1206_cov_59.851852	593	673	4	20	80	0.2500000
NODE_3846_length_1206_cov_59.851852	669	749	0	72	80	0.9000000
NODE_3846_length_1206_cov_59.851852	669	749	1	8	80	0.1000000
NODE_3846_length_1206_cov_59.851852	722	802	0	80	80	1.0000000
NODE_3847_length_1206_cov_23.752484	669	749	2	56	80	0.7000000
NODE_3847_length_1206_cov_23.752484	669	749	4	24	80	0.3000000
NODE_3847_length_1206_cov_23.752484	722	802	2	55	80	0.6875000
NODE_3847_length_1206_cov_23.752484	722	802	4	25	80	0.3125000
NODE_3848_length_1206_cov_21.226739	585	665	0	6	80	0.0750000
NODE_3848_length_1206_cov_21.226739	585	665	2	74	80	0.9250000
NODE_3848_length_1206_cov_21.226739	638	718	0	30	80	0.3750000
NODE_3848_length_1206_cov_21.226739	638	718	2	50	80	0.6250000
NODE_3855_length_1205_cov_23.990054	355	435	6	8	80	0.1000000
NODE_3855_length_1205_cov_23.990054	355	435	8	26	80	0.3250000
NODE_3855_length_1205_cov_23.990054	355	435	10	39	80	0.4875000
NODE_3855_length_1205_cov_23.990054	355	435	12	7	80	0.0875000
NODE_3855_length_1205_cov_23.990054	408	488	0	5	80	0.0625000
NODE_3855_length_1205_cov_23.990054	408	488	2	29	80	0.3625000
NODE_3855_length_1205_cov_23.990054	408	488	4	1	80	0.0125000
NODE_3855_length_1205_cov_23.990054	408	488	6	7	80	0.0875000
NODE_3855_length_1205_cov_23.990054	408	488	8	12	80	0.1500000
NODE_3855_length_1205_cov_23.990054	408	488	10	26	80	0.3250000
NODE_3856_length_1205_cov_10.473779	780	860	0	80	80	1.0000000
NODE_3856_length_1205_cov_10.473779	833	913	0	80	80	1.0000000
NODE_3863_length_1204_cov_19.396380	537	617	4	31	80	0.3875000
NODE_3863_length_1204_cov_19.396380	537	617	6	49	80	0.6125000
NODE_3863_length_1204_cov_19.396380	590	670	0	52	80	0.6500000
NODE_3863_length_1204_cov_19.396380	590	670	4	28	80	0.3500000
NODE_3864_length_1204_cov_17.716742	448	528	8	2	80	0.0250000
NODE_3864_length_1204_cov_17.716742	448	528	10	15	80	0.1875000
NODE_3864_length_1204_cov_17.716742	448	528	16	63	80	0.7875000
NODE_3864_length_1204_cov_17.716742	501	581	0	4	80	0.0500000
NODE_3864_length_1204_cov_17.716742	501	581	6	3	80	0.0375000
NODE_3864_length_1204_cov_17.716742	501	581	12	19	80	0.2375000
NODE_3864_length_1204_cov_17.716742	501	581	14	1	80	0.0125000
NODE_3864_length_1204_cov_17.716742	501	581	16	53	80	0.6625000
NODE_3865_length_1204_cov_15.206335	426	506	5	35	80	0.4375000
NODE_3865_length_1204_cov_15.206335	426	506	6	45	80	0.5625000
NODE_3865_length_1204_cov_15.206335	479	559	1	2	80	0.0250000
NODE_3865_length_1204_cov_15.206335	479	559	2	4	80	0.0500000
NODE_3865_length_1204_cov_15.206335	479	559	6	74	80	0.9250000
NODE_3866_length_1204_cov_14.097738	632	712	0	23	80	0.2875000
NODE_3866_length_1204_cov_14.097738	632	712	4	6	80	0.0750000
NODE_3866_length_1204_cov_14.097738	632	712	6	10	80	0.1250000
NODE_3866_length_1204_cov_14.097738	632	712	10	7	80	0.0875000
NODE_3866_length_1204_cov_14.097738	632	712	14	34	80	0.4250000
NODE_3866_length_1204_cov_14.097738	685	765	14	80	80	1.0000000
NODE_3867_length_1204_cov_11.971946	549	629	0	80	80	1.0000000
NODE_3867_length_1204_cov_11.971946	602	682	0	80	80	1.0000000
NODE_3867_length_1204_cov_11.971946	678	758	0	80	80	1.0000000
NODE_3867_length_1204_cov_11.971946	731	811	0	80	80	1.0000000
NODE_3868_length_1204_cov_11.665158	499	579	6	22	80	0.2750000
NODE_3868_length_1204_cov_11.665158	499	579	8	38	80	0.4750000
NODE_3868_length_1204_cov_11.665158	499	579	10	20	80	0.2500000
NODE_3868_length_1204_cov_11.665158	552	632	4	41	80	0.5125000
NODE_3868_length_1204_cov_11.665158	552	632	6	29	80	0.3625000
NODE_3868_length_1204_cov_11.665158	552	632	10	10	80	0.1250000
NODE_3869_length_1204_cov_7.028959	637	717	0	80	80	1.0000000
NODE_3869_length_1204_cov_7.028959	690	770	0	80	80	1.0000000
NODE_3870_length_1204_cov_4.677828	807	887	2	80	80	1.0000000
NODE_3870_length_1204_cov_4.677828	860	940	0	26	80	0.3250000
NODE_3870_length_1204_cov_4.677828	860	940	1	2	80	0.0250000
NODE_3870_length_1204_cov_4.677828	860	940	2	52	80	0.6500000
NODE_3873_length_1203_cov_46.789855	515	595	4	8	80	0.1000000
NODE_3873_length_1203_cov_46.789855	515	595	6	5	80	0.0625000
NODE_3873_length_1203_cov_46.789855	515	595	8	11	80	0.1375000
NODE_3873_length_1203_cov_46.789855	515	595	12	42	80	0.5250000
NODE_3873_length_1203_cov_46.789855	515	595	14	6	80	0.0750000
NODE_3873_length_1203_cov_46.789855	515	595	16	8	80	0.1000000
NODE_3873_length_1203_cov_46.789855	568	648	4	61	80	0.7625000
NODE_3873_length_1203_cov_46.789855	568	648	6	5	80	0.0625000
NODE_3873_length_1203_cov_46.789855	568	648	8	11	80	0.1375000
NODE_3873_length_1203_cov_46.789855	568	648	12	3	80	0.0375000
NODE_3873_length_1203_cov_46.789855	644	724	0	17	80	0.2125000
NODE_3873_length_1203_cov_46.789855	644	724	4	30	80	0.3750000
NODE_3873_length_1203_cov_46.789855	644	724	12	13	80	0.1625000
NODE_3873_length_1203_cov_46.789855	644	724	18	1	80	0.0125000
NODE_3873_length_1203_cov_46.789855	644	724	19	1	80	0.0125000
NODE_3873_length_1203_cov_46.789855	644	724	21	7	80	0.0875000
NODE_3873_length_1203_cov_46.789855	644	724	23	11	80	0.1375000
NODE_3873_length_1203_cov_46.789855	697	777	12	7	80	0.0875000
NODE_3873_length_1203_cov_46.789855	697	777	18	1	80	0.0125000
NODE_3873_length_1203_cov_46.789855	697	777	19	1	80	0.0125000
NODE_3873_length_1203_cov_46.789855	697	777	21	7	80	0.0875000
NODE_3873_length_1203_cov_46.789855	697	777	23	26	80	0.3250000
NODE_3873_length_1203_cov_46.789855	697	777	24	11	80	0.1375000
NODE_3873_length_1203_cov_46.789855	697	777	25	27	80	0.3375000
NODE_3874_length_1203_cov_44.029891	471	551	0	80	80	1.0000000
NODE_3874_length_1203_cov_44.029891	524	604	0	80	80	1.0000000
NODE_3874_length_1203_cov_44.029891	600	680	0	80	80	1.0000000
NODE_3874_length_1203_cov_44.029891	653	733	0	80	80	1.0000000
NODE_3875_length_1203_cov_23.790761	308	388	0	80	80	1.0000000
NODE_3875_length_1203_cov_23.790761	361	441	0	50	80	0.6250000
NODE_3875_length_1203_cov_23.790761	361	441	2	24	80	0.3000000
NODE_3875_length_1203_cov_23.790761	361	441	4	6	80	0.0750000
NODE_3875_length_1203_cov_23.790761	437	517	4	5	80	0.0625000
NODE_3875_length_1203_cov_23.790761	437	517	9	33	80	0.4125000
NODE_3875_length_1203_cov_23.790761	437	517	11	8	80	0.1000000
NODE_3875_length_1203_cov_23.790761	437	517	12	11	80	0.1375000
NODE_3875_length_1203_cov_23.790761	437	517	14	3	80	0.0375000
NODE_3875_length_1203_cov_23.790761	437	517	16	20	80	0.2500000
NODE_3875_length_1203_cov_23.790761	490	570	12	64	80	0.8000000
NODE_3875_length_1203_cov_23.790761	490	570	14	3	80	0.0375000
NODE_3875_length_1203_cov_23.790761	490	570	16	13	80	0.1625000
NODE_3876_length_1203_cov_19.498188	336	416	0	14	80	0.1750000
NODE_3876_length_1203_cov_19.498188	336	416	4	13	80	0.1625000
NODE_3876_length_1203_cov_19.498188	336	416	6	16	80	0.2000000
NODE_3876_length_1203_cov_19.498188	336	416	7	2	80	0.0250000
NODE_3876_length_1203_cov_19.498188	336	416	8	20	80	0.2500000
NODE_3876_length_1203_cov_19.498188	336	416	10	15	80	0.1875000
NODE_3876_length_1203_cov_19.498188	389	469	4	3	80	0.0375000
NODE_3876_length_1203_cov_19.498188	389	469	5	1	80	0.0125000
NODE_3876_length_1203_cov_19.498188	389	469	6	28	80	0.3500000
NODE_3876_length_1203_cov_19.498188	389	469	8	18	80	0.2250000
NODE_3876_length_1203_cov_19.498188	389	469	10	30	80	0.3750000
NODE_3877_length_1203_cov_10.996377	317	397	2	38	80	0.4750000
NODE_3877_length_1203_cov_10.996377	317	397	4	23	80	0.2875000
NODE_3877_length_1203_cov_10.996377	317	397	7	19	80	0.2375000
NODE_3877_length_1203_cov_10.996377	370	450	4	8	80	0.1000000
NODE_3877_length_1203_cov_10.996377	370	450	6	18	80	0.2250000
NODE_3877_length_1203_cov_10.996377	370	450	7	45	80	0.5625000
NODE_3877_length_1203_cov_10.996377	370	450	8	9	80	0.1125000
NODE_3878_length_1203_cov_5.747283	725	805	6	46	80	0.5750000
NODE_3878_length_1203_cov_5.747283	725	805	7	2	80	0.0250000
NODE_3878_length_1203_cov_5.747283	725	805	8	32	80	0.4000000
NODE_3878_length_1203_cov_5.747283	778	858	5	19	80	0.2375000
NODE_3878_length_1203_cov_5.747283	778	858	6	36	80	0.4500000
NODE_3878_length_1203_cov_5.747283	778	858	7	2	80	0.0250000
NODE_3878_length_1203_cov_5.747283	778	858	8	23	80	0.2875000
NODE_3881_length_1202_cov_39.333636	475	555	0	2	80	0.0250000
NODE_3881_length_1202_cov_39.333636	475	555	6	11	80	0.1375000
NODE_3881_length_1202_cov_39.333636	475	555	8	67	80	0.8375000
NODE_3881_length_1202_cov_39.333636	528	608	0	29	80	0.3625000
NODE_3881_length_1202_cov_39.333636	528	608	2	25	80	0.3125000
NODE_3881_length_1202_cov_39.333636	528	608	4	1	80	0.0125000
NODE_3881_length_1202_cov_39.333636	528	608	6	11	80	0.1375000
NODE_3881_length_1202_cov_39.333636	528	608	8	14	80	0.1750000
NODE_3881_length_1202_cov_39.333636	604	684	2	3	80	0.0375000
NODE_3881_length_1202_cov_39.333636	604	684	4	36	80	0.4500000
NODE_3881_length_1202_cov_39.333636	604	684	6	41	80	0.5125000
NODE_3881_length_1202_cov_39.333636	657	737	4	26	80	0.3250000
NODE_3881_length_1202_cov_39.333636	657	737	6	54	80	0.6750000
NODE_3882_length_1202_cov_17.556664	599	679	2	14	80	0.1750000
NODE_3882_length_1202_cov_17.556664	599	679	4	56	80	0.7000000
NODE_3882_length_1202_cov_17.556664	599	679	6	10	80	0.1250000
NODE_3882_length_1202_cov_17.556664	652	732	2	14	80	0.1750000
NODE_3882_length_1202_cov_17.556664	652	732	4	3	80	0.0375000
NODE_3882_length_1202_cov_17.556664	652	732	6	10	80	0.1250000
NODE_3882_length_1202_cov_17.556664	652	732	11	3	80	0.0375000
NODE_3882_length_1202_cov_17.556664	652	732	14	50	80	0.6250000
NODE_3883_length_1202_cov_12.338169	634	714	2	19	80	0.2375000
NODE_3883_length_1202_cov_12.338169	634	714	7	11	80	0.1375000
NODE_3883_length_1202_cov_12.338169	634	714	12	37	80	0.4625000
NODE_3883_length_1202_cov_12.338169	634	714	14	13	80	0.1625000
NODE_3883_length_1202_cov_12.338169	687	767	2	72	80	0.9000000
NODE_3883_length_1202_cov_12.338169	687	767	7	8	80	0.1000000
NODE_3884_length_1202_cov_11.800544	520	600	0	53	80	0.6625000
NODE_3884_length_1202_cov_11.800544	520	600	2	16	80	0.2000000
NODE_3884_length_1202_cov_11.800544	520	600	4	11	80	0.1375000
NODE_3884_length_1202_cov_11.800544	573	653	2	24	80	0.3000000
NODE_3884_length_1202_cov_11.800544	573	653	4	56	80	0.7000000
NODE_3887_length_1201_cov_12.161525	434	514	0	3	80	0.0375000
NODE_3887_length_1201_cov_12.161525	434	514	2	77	80	0.9625000
NODE_3887_length_1201_cov_12.161525	487	567	0	56	80	0.7000000
NODE_3887_length_1201_cov_12.161525	487	567	2	24	80	0.3000000
NODE_3888_length_1201_cov_12.046279	643	723	6	33	80	0.4125000
NODE_3888_length_1201_cov_12.046279	643	723	7	46	80	0.5750000
NODE_3888_length_1201_cov_12.046279	643	723	8	1	80	0.0125000
NODE_3888_length_1201_cov_12.046279	696	776	0	13	80	0.1625000
NODE_3888_length_1201_cov_12.046279	696	776	3	27	80	0.3375000
NODE_3888_length_1201_cov_12.046279	696	776	7	40	80	0.5000000
NODE_3891_length_1200_cov_76.694823	630	710	5	3	80	0.0375000
NODE_3891_length_1200_cov_76.694823	630	710	6	10	80	0.1250000
NODE_3891_length_1200_cov_76.694823	630	710	10	67	80	0.8375000
NODE_3891_length_1200_cov_76.694823	683	763	1	2	80	0.0250000
NODE_3891_length_1200_cov_76.694823	683	763	4	12	80	0.1500000
NODE_3891_length_1200_cov_76.694823	683	763	8	7	80	0.0875000
NODE_3891_length_1200_cov_76.694823	683	763	9	1	80	0.0125000
NODE_3891_length_1200_cov_76.694823	683	763	10	58	80	0.7250000
NODE_3891_length_1200_cov_76.694823	759	839	1	2	80	0.0250000
NODE_3891_length_1200_cov_76.694823	759	839	2	12	80	0.1500000
NODE_3891_length_1200_cov_76.694823	759	839	3	18	80	0.2250000
NODE_3891_length_1200_cov_76.694823	759	839	4	34	80	0.4250000
NODE_3891_length_1200_cov_76.694823	759	839	6	14	80	0.1750000
NODE_3891_length_1200_cov_76.694823	812	892	4	13	80	0.1625000
NODE_3891_length_1200_cov_76.694823	812	892	6	43	80	0.5375000
NODE_3891_length_1200_cov_76.694823	812	892	8	24	80	0.3000000
NODE_3892_length_1200_cov_16.881926	827	902	0	7	75	0.0933333
NODE_3892_length_1200_cov_16.881926	827	902	3	15	75	0.2000000
NODE_3892_length_1200_cov_16.881926	827	902	6	2	75	0.0266667
NODE_3892_length_1200_cov_16.881926	827	902	10	9	75	0.1200000
NODE_3892_length_1200_cov_16.881926	827	902	14	11	75	0.1466667
NODE_3892_length_1200_cov_16.881926	827	902	17	1	75	0.0133333
NODE_3892_length_1200_cov_16.881926	827	902	18	4	75	0.0533333
NODE_3892_length_1200_cov_16.881926	827	902	19	4	75	0.0533333
NODE_3892_length_1200_cov_16.881926	827	902	20	6	75	0.0800000
NODE_3892_length_1200_cov_16.881926	827	902	23	15	75	0.2000000
NODE_3892_length_1200_cov_16.881926	827	902	25	1	75	0.0133333
NODE_3892_length_1200_cov_16.881926	828	904	0	6	76	0.0789474
NODE_3892_length_1200_cov_16.881926	828	904	3	15	76	0.1973684
NODE_3892_length_1200_cov_16.881926	828	904	6	2	76	0.0263158
NODE_3892_length_1200_cov_16.881926	828	904	10	9	76	0.1184211
NODE_3892_length_1200_cov_16.881926	828	904	14	11	76	0.1447368
NODE_3892_length_1200_cov_16.881926	828	904	17	1	76	0.0131579
NODE_3892_length_1200_cov_16.881926	828	904	18	4	76	0.0526316
NODE_3892_length_1200_cov_16.881926	828	904	19	4	76	0.0526316
NODE_3892_length_1200_cov_16.881926	828	904	20	6	76	0.0789474
NODE_3892_length_1200_cov_16.881926	828	904	23	15	76	0.1973684
NODE_3892_length_1200_cov_16.881926	828	904	25	3	76	0.0394737
NODE_3892_length_1200_cov_16.881926	841	907	3	8	66	0.1212121
NODE_3892_length_1200_cov_16.881926	841	907	6	2	66	0.0303030
NODE_3892_length_1200_cov_16.881926	841	907	10	9	66	0.1363636
NODE_3892_length_1200_cov_16.881926	841	907	14	11	66	0.1666667
NODE_3892_length_1200_cov_16.881926	841	907	17	1	66	0.0151515
NODE_3892_length_1200_cov_16.881926	841	907	18	4	66	0.0606061
NODE_3892_length_1200_cov_16.881926	841	907	19	4	66	0.0606061
NODE_3892_length_1200_cov_16.881926	841	907	20	6	66	0.0909091
NODE_3892_length_1200_cov_16.881926	841	907	23	15	66	0.2272727
NODE_3892_length_1200_cov_16.881926	841	907	25	4	66	0.0606061
NODE_3892_length_1200_cov_16.881926	841	907	26	2	66	0.0303030
NODE_3892_length_1200_cov_16.881926	880	957	20	6	77	0.0779221
NODE_3892_length_1200_cov_16.881926	880	957	23	15	77	0.1948052
NODE_3892_length_1200_cov_16.881926	880	957	25	4	77	0.0519481
NODE_3892_length_1200_cov_16.881926	880	957	26	30	77	0.3896104
NODE_3892_length_1200_cov_16.881926	880	957	29	1	77	0.0129870
NODE_3892_length_1200_cov_16.881926	880	957	30	2	77	0.0259740
NODE_3892_length_1200_cov_16.881926	880	957	34	2	77	0.0259740
NODE_3892_length_1200_cov_16.881926	880	957	35	6	77	0.0779221
NODE_3892_length_1200_cov_16.881926	880	957	36	11	77	0.1428571
NODE_3892_length_1200_cov_16.881926	880	957	20	6	77	0.0779221
NODE_3892_length_1200_cov_16.881926	880	957	23	15	77	0.1948052
NODE_3892_length_1200_cov_16.881926	880	957	25	4	77	0.0519481
NODE_3892_length_1200_cov_16.881926	880	957	26	30	77	0.3896104
NODE_3892_length_1200_cov_16.881926	880	957	29	1	77	0.0129870
NODE_3892_length_1200_cov_16.881926	880	957	30	2	77	0.0259740
NODE_3892_length_1200_cov_16.881926	880	957	34	2	77	0.0259740
NODE_3892_length_1200_cov_16.881926	880	957	35	6	77	0.0779221
NODE_3892_length_1200_cov_16.881926	880	957	36	11	77	0.1428571
NODE_3892_length_1200_cov_16.881926	880	957	20	6	77	0.0779221
NODE_3892_length_1200_cov_16.881926	880	957	23	15	77	0.1948052
NODE_3892_length_1200_cov_16.881926	880	957	25	4	77	0.0519481
NODE_3892_length_1200_cov_16.881926	880	957	26	30	77	0.3896104
NODE_3892_length_1200_cov_16.881926	880	957	29	1	77	0.0129870
NODE_3892_length_1200_cov_16.881926	880	957	30	2	77	0.0259740
NODE_3892_length_1200_cov_16.881926	880	957	34	2	77	0.0259740
NODE_3892_length_1200_cov_16.881926	880	957	35	6	77	0.0779221
NODE_3892_length_1200_cov_16.881926	880	957	36	11	77	0.1428571
NODE_3893_length_1200_cov_15.374205	605	685	3	21	80	0.2625000
NODE_3893_length_1200_cov_15.374205	605	685	4	12	80	0.1500000
NODE_3893_length_1200_cov_15.374205	605	685	6	47	80	0.5875000
NODE_3893_length_1200_cov_15.374205	658	738	0	18	80	0.2250000
NODE_3893_length_1200_cov_15.374205	658	738	2	30	80	0.3750000
NODE_3893_length_1200_cov_15.374205	658	738	3	26	80	0.3250000
NODE_3893_length_1200_cov_15.374205	658	738	4	6	80	0.0750000
NODE_3894_length_1200_cov_12.953678	486	550	1	6	64	0.0937500
NODE_3894_length_1200_cov_12.953678	486	550	3	5	64	0.0781250
NODE_3894_length_1200_cov_12.953678	486	550	5	9	64	0.1406250
NODE_3894_length_1200_cov_12.953678	486	550	7	44	64	0.6875000
NODE_3899_length_1199_cov_14.843636	222	302	0	1	80	0.0125000
NODE_3899_length_1199_cov_14.843636	222	302	42	22	80	0.2750000
NODE_3899_length_1199_cov_14.843636	222	302	46	1	80	0.0125000
NODE_3899_length_1199_cov_14.843636	222	302	48	1	80	0.0125000
NODE_3899_length_1199_cov_14.843636	222	302	52	2	80	0.0250000
NODE_3899_length_1199_cov_14.843636	222	302	54	2	80	0.0250000
NODE_3899_length_1199_cov_14.843636	222	302	56	3	80	0.0375000
NODE_3899_length_1199_cov_14.843636	222	302	57	7	80	0.0875000
NODE_3899_length_1199_cov_14.843636	222	302	58	1	80	0.0125000
NODE_3899_length_1199_cov_14.843636	222	302	59	1	80	0.0125000
NODE_3899_length_1199_cov_14.843636	222	302	60	39	80	0.4875000
NODE_3899_length_1199_cov_14.843636	275	355	0	3	80	0.0375000
NODE_3899_length_1199_cov_14.843636	275	355	56	6	80	0.0750000
NODE_3899_length_1199_cov_14.843636	275	355	60	71	80	0.8875000
NODE_3900_length_1199_cov_12.005455	383	463	0	35	80	0.4375000
NODE_3900_length_1199_cov_12.005455	383	463	2	45	80	0.5625000
NODE_3900_length_1199_cov_12.005455	436	516	0	16	80	0.2000000
NODE_3900_length_1199_cov_12.005455	436	516	2	64	80	0.8000000
NODE_3900_length_1199_cov_12.005455	512	592	0	17	80	0.2125000
NODE_3900_length_1199_cov_12.005455	512	592	2	18	80	0.2250000
NODE_3900_length_1199_cov_12.005455	512	592	4	36	80	0.4500000
NODE_3900_length_1199_cov_12.005455	512	592	6	9	80	0.1125000
NODE_3900_length_1199_cov_12.005455	565	645	4	48	80	0.6000000
NODE_3900_length_1199_cov_12.005455	565	645	6	32	80	0.4000000
NODE_3902_length_1198_cov_36.830755	619	699	8	12	80	0.1500000
NODE_3902_length_1198_cov_36.830755	619	699	19	2	80	0.0250000
NODE_3902_length_1198_cov_36.830755	619	699	21	56	80	0.7000000
NODE_3902_length_1198_cov_36.830755	619	699	25	10	80	0.1250000
NODE_3902_length_1198_cov_36.830755	672	752	17	48	80	0.6000000
NODE_3902_length_1198_cov_36.830755	672	752	19	5	80	0.0625000
NODE_3902_length_1198_cov_36.830755	672	752	21	17	80	0.2125000
NODE_3902_length_1198_cov_36.830755	672	752	25	10	80	0.1250000
NODE_3903_length_1198_cov_22.864422	719	799	10	11	80	0.1375000
NODE_3903_length_1198_cov_22.864422	719	799	12	31	80	0.3875000
NODE_3903_length_1198_cov_22.864422	719	799	14	38	80	0.4750000
NODE_3903_length_1198_cov_22.864422	772	852	0	3	80	0.0375000
NODE_3903_length_1198_cov_22.864422	772	852	4	9	80	0.1125000
NODE_3903_length_1198_cov_22.864422	772	852	6	32	80	0.4000000
NODE_3903_length_1198_cov_22.864422	772	852	12	36	80	0.4500000
NODE_3904_length_1198_cov_17.619654	260	340	4	38	80	0.4750000
NODE_3904_length_1198_cov_17.619654	260	340	6	1	80	0.0125000
NODE_3904_length_1198_cov_17.619654	260	340	7	41	80	0.5125000
NODE_3904_length_1198_cov_17.619654	313	392	0	13	79	0.1645570
NODE_3904_length_1198_cov_17.619654	313	392	6	25	79	0.3164557
NODE_3904_length_1198_cov_17.619654	313	392	7	27	79	0.3417721
NODE_3904_length_1198_cov_17.619654	313	392	8	14	79	0.1772152
NODE_3905_length_1198_cov_10.148317	718	798	2	31	80	0.3875000
NODE_3905_length_1198_cov_10.148317	718	798	4	49	80	0.6125000
NODE_3905_length_1198_cov_10.148317	771	851	0	24	80	0.3000000
NODE_3905_length_1198_cov_10.148317	771	851	2	18	80	0.2250000
NODE_3905_length_1198_cov_10.148317	771	851	4	38	80	0.4750000
NODE_3906_length_1198_cov_6.733394	549	629	2	7	80	0.0875000
NODE_3906_length_1198_cov_6.733394	549	629	5	1	80	0.0125000
NODE_3906_length_1198_cov_6.733394	549	629	6	72	80	0.9000000
NODE_3906_length_1198_cov_6.733394	602	682	0	29	80	0.3625000
NODE_3906_length_1198_cov_6.733394	602	682	4	12	80	0.1500000
NODE_3906_length_1198_cov_6.733394	602	682	6	39	80	0.4875000
NODE_3912_length_1197_cov_27.653005	417	497	0	35	80	0.4375000
NODE_3912_length_1197_cov_27.653005	417	497	2	45	80	0.5625000
NODE_3912_length_1197_cov_27.653005	470	550	0	4	80	0.0500000
NODE_3912_length_1197_cov_27.653005	470	550	2	76	80	0.9500000
NODE_3912_length_1197_cov_27.653005	546	626	0	34	80	0.4250000
NODE_3912_length_1197_cov_27.653005	546	626	1	15	80	0.1875000
NODE_3912_length_1197_cov_27.653005	546	626	2	31	80	0.3875000
NODE_3912_length_1197_cov_27.653005	599	679	2	80	80	1.0000000
NODE_3913_length_1197_cov_14.653916	490	570	0	25	80	0.3125000
NODE_3913_length_1197_cov_14.653916	490	570	2	51	80	0.6375000
NODE_3913_length_1197_cov_14.653916	490	570	4	4	80	0.0500000
NODE_3913_length_1197_cov_14.653916	543	623	2	23	80	0.2875000
NODE_3913_length_1197_cov_14.653916	543	623	4	11	80	0.1375000
NODE_3913_length_1197_cov_14.653916	543	623	6	18	80	0.2250000
NODE_3913_length_1197_cov_14.653916	543	623	8	28	80	0.3500000
NODE_3921_length_1196_cov_26.169553	298	378	2	6	80	0.0750000
NODE_3921_length_1196_cov_26.169553	298	378	6	39	80	0.4875000
NODE_3921_length_1196_cov_26.169553	298	378	8	10	80	0.1250000
NODE_3921_length_1196_cov_26.169553	298	378	10	25	80	0.3125000
NODE_3921_length_1196_cov_26.169553	351	431	4	29	80	0.3625000
NODE_3921_length_1196_cov_26.169553	351	431	8	34	80	0.4250000
NODE_3921_length_1196_cov_26.169553	351	431	10	17	80	0.2125000
NODE_3921_length_1196_cov_26.169553	427	507	0	34	80	0.4250000
NODE_3921_length_1196_cov_26.169553	427	507	4	46	80	0.5750000
NODE_3921_length_1196_cov_26.169553	480	560	0	80	80	1.0000000
NODE_3922_length_1196_cov_21.755697	521	601	0	56	80	0.7000000
NODE_3922_length_1196_cov_21.755697	521	601	2	24	80	0.3000000
NODE_3922_length_1196_cov_21.755697	574	654	0	3	80	0.0375000
NODE_3922_length_1196_cov_21.755697	574	654	2	77	80	0.9625000
NODE_3922_length_1196_cov_21.755697	650	730	2	10	80	0.1250000
NODE_3922_length_1196_cov_21.755697	650	730	4	70	80	0.8750000
NODE_3922_length_1196_cov_21.755697	703	783	2	11	80	0.1375000
NODE_3922_length_1196_cov_21.755697	703	783	4	69	80	0.8625000
NODE_3923_length_1196_cov_5.966272	556	636	0	53	80	0.6625000
NODE_3923_length_1196_cov_5.966272	556	636	2	27	80	0.3375000
NODE_3923_length_1196_cov_5.966272	609	689	2	80	80	1.0000000
NODE_3927_length_1195_cov_69.056569	474	554	0	61	80	0.7625000
NODE_3927_length_1195_cov_69.056569	474	554	2	7	80	0.0875000
NODE_3927_length_1195_cov_69.056569	474	554	4	5	80	0.0625000
NODE_3927_length_1195_cov_69.056569	474	554	6	7	80	0.0875000
NODE_3927_length_1195_cov_69.056569	527	607	0	8	80	0.1000000
NODE_3927_length_1195_cov_69.056569	527	607	2	7	80	0.0875000
NODE_3927_length_1195_cov_69.056569	527	607	4	5	80	0.0625000
NODE_3927_length_1195_cov_69.056569	527	607	6	42	80	0.5250000
NODE_3927_length_1195_cov_69.056569	527	607	10	18	80	0.2250000
NODE_3927_length_1195_cov_69.056569	603	683	10	14	80	0.1750000
NODE_3927_length_1195_cov_69.056569	603	683	12	7	80	0.0875000
NODE_3927_length_1195_cov_69.056569	603	683	16	16	80	0.2000000
NODE_3927_length_1195_cov_69.056569	603	683	18	5	80	0.0625000
NODE_3927_length_1195_cov_69.056569	603	683	20	32	80	0.4000000
NODE_3927_length_1195_cov_69.056569	603	683	22	6	80	0.0750000
NODE_3927_length_1195_cov_69.056569	656	736	0	3	80	0.0375000
NODE_3927_length_1195_cov_69.056569	656	736	6	39	80	0.4875000
NODE_3927_length_1195_cov_69.056569	656	736	10	10	80	0.1250000
NODE_3927_length_1195_cov_69.056569	656	736	12	4	80	0.0500000
NODE_3927_length_1195_cov_69.056569	656	736	16	11	80	0.1375000
NODE_3927_length_1195_cov_69.056569	656	736	18	5	80	0.0625000
NODE_3927_length_1195_cov_69.056569	656	736	20	8	80	0.1000000
NODE_3928_length_1195_cov_65.062044	579	659	8	14	80	0.1750000
NODE_3928_length_1195_cov_65.062044	579	659	15	17	80	0.2125000
NODE_3928_length_1195_cov_65.062044	579	659	16	49	80	0.6125000
NODE_3928_length_1195_cov_65.062044	632	712	2	22	80	0.2750000
NODE_3928_length_1195_cov_65.062044	632	712	4	14	80	0.1750000
NODE_3928_length_1195_cov_65.062044	632	712	6	2	80	0.0250000
NODE_3928_length_1195_cov_65.062044	632	712	8	29	80	0.3625000
NODE_3928_length_1195_cov_65.062044	632	712	15	1	80	0.0125000
NODE_3928_length_1195_cov_65.062044	632	712	16	12	80	0.1500000
NODE_3928_length_1195_cov_65.062044	708	788	4	33	80	0.4125000
NODE_3928_length_1195_cov_65.062044	708	788	5	27	80	0.3375000
NODE_3928_length_1195_cov_65.062044	708	788	6	20	80	0.2500000
NODE_3928_length_1195_cov_65.062044	761	841	2	23	80	0.2875000
NODE_3928_length_1195_cov_65.062044	761	841	4	22	80	0.2750000
NODE_3928_length_1195_cov_65.062044	761	841	6	35	80	0.4375000
NODE_3929_length_1195_cov_23.187044	460	540	0	42	80	0.5250000
NODE_3929_length_1195_cov_23.187044	460	540	2	3	80	0.0375000
NODE_3929_length_1195_cov_23.187044	460	540	4	16	80	0.2000000
NODE_3929_length_1195_cov_23.187044	460	540	6	19	80	0.2375000
NODE_3929_length_1195_cov_23.187044	513	593	4	22	80	0.2750000
NODE_3929_length_1195_cov_23.187044	513	593	6	58	80	0.7250000
NODE_3930_length_1195_cov_18.983577	521	601	0	47	80	0.5875000
NODE_3930_length_1195_cov_18.983577	521	601	2	2	80	0.0250000
NODE_3930_length_1195_cov_18.983577	521	601	4	31	80	0.3875000
NODE_3930_length_1195_cov_18.983577	574	654	4	80	80	1.0000000
NODE_3931_length_1195_cov_14.119526	726	806	6	4	80	0.0500000
NODE_3931_length_1195_cov_14.119526	726	806	14	29	80	0.3625000
NODE_3931_length_1195_cov_14.119526	726	806	16	47	80	0.5875000
NODE_3931_length_1195_cov_14.119526	779	859	2	25	80	0.3125000
NODE_3931_length_1195_cov_14.119526	779	859	8	14	80	0.1750000
NODE_3931_length_1195_cov_14.119526	779	859	16	41	80	0.5125000
NODE_3931_length_1195_cov_14.119526	855	935	0	68	80	0.8500000
NODE_3931_length_1195_cov_14.119526	855	935	2	12	80	0.1500000
NODE_3931_length_1195_cov_14.119526	908	988	0	80	80	1.0000000
NODE_3932_length_1195_cov_13.805657	759	839	2	12	80	0.1500000
NODE_3932_length_1195_cov_13.805657	759	839	4	68	80	0.8500000
NODE_3932_length_1195_cov_13.805657	812	892	0	41	80	0.5125000
NODE_3932_length_1195_cov_13.805657	812	892	2	23	80	0.2875000
NODE_3932_length_1195_cov_13.805657	812	892	4	16	80	0.2000000
NODE_3938_length_1195_cov_1.969891	912	992	2	6	80	0.0750000
NODE_3938_length_1195_cov_1.969891	912	992	4	38	80	0.4750000
NODE_3938_length_1195_cov_1.969891	912	992	6	36	80	0.4500000
NODE_3938_length_1195_cov_1.969891	912	992	2	6	80	0.0750000
NODE_3938_length_1195_cov_1.969891	912	992	4	38	80	0.4750000
NODE_3938_length_1195_cov_1.969891	912	992	6	36	80	0.4500000
NODE_3941_length_1194_cov_40.157991	237	317	0	4	80	0.0500000
NODE_3941_length_1194_cov_40.157991	237	317	4	1	80	0.0125000
NODE_3941_length_1194_cov_40.157991	237	317	5	37	80	0.4625000
NODE_3941_length_1194_cov_40.157991	237	317	6	17	80	0.2125000
NODE_3941_length_1194_cov_40.157991	237	317	10	21	80	0.2625000
NODE_3941_length_1194_cov_40.157991	290	370	6	8	80	0.1000000
NODE_3941_length_1194_cov_40.157991	290	370	10	34	80	0.4250000
NODE_3941_length_1194_cov_40.157991	290	370	11	38	80	0.4750000
NODE_3946_length_1193_cov_34.295247	443	523	0	12	80	0.1500000
NODE_3946_length_1193_cov_34.295247	443	523	4	2	80	0.0250000
NODE_3946_length_1193_cov_34.295247	443	523	5	1	80	0.0125000
NODE_3946_length_1193_cov_34.295247	443	523	6	6	80	0.0750000
NODE_3946_length_1193_cov_34.295247	443	523	10	5	80	0.0625000
NODE_3946_length_1193_cov_34.295247	443	523	12	54	80	0.6750000
NODE_3946_length_1193_cov_34.295247	496	576	10	28	80	0.3500000
NODE_3946_length_1193_cov_34.295247	496	576	12	52	80	0.6500000
NODE_3947_length_1193_cov_16.930530	124	154	0	30	30	1.0000000
NODE_3947_length_1193_cov_16.930530	390	470	8	17	80	0.2125000
NODE_3947_length_1193_cov_16.930530	390	470	10	18	80	0.2250000
NODE_3947_length_1193_cov_16.930530	390	470	14	45	80	0.5625000
NODE_3947_length_1193_cov_16.930530	443	523	2	4	80	0.0500000
NODE_3947_length_1193_cov_16.930530	443	523	4	18	80	0.2250000
NODE_3947_length_1193_cov_16.930530	443	523	6	3	80	0.0375000
NODE_3947_length_1193_cov_16.930530	443	523	12	16	80	0.2000000
NODE_3947_length_1193_cov_16.930530	443	523	13	4	80	0.0500000
NODE_3947_length_1193_cov_16.930530	443	523	14	35	80	0.4375000
NODE_3949_length_1192_cov_26.803294	205	285	4	3	80	0.0375000
NODE_3949_length_1192_cov_26.803294	205	285	11	18	80	0.2250000
NODE_3949_length_1192_cov_26.803294	205	285	14	59	80	0.7375000
NODE_3949_length_1192_cov_26.803294	258	338	2	15	80	0.1875000
NODE_3949_length_1192_cov_26.803294	258	338	3	2	80	0.0250000
NODE_3949_length_1192_cov_26.803294	258	338	5	5	80	0.0625000
NODE_3949_length_1192_cov_26.803294	258	338	6	1	80	0.0125000
NODE_3949_length_1192_cov_26.803294	258	338	8	5	80	0.0625000
NODE_3949_length_1192_cov_26.803294	258	338	12	1	80	0.0125000
NODE_3949_length_1192_cov_26.803294	258	338	13	17	80	0.2125000
NODE_3949_length_1192_cov_26.803294	258	338	14	34	80	0.4250000
NODE_3949_length_1192_cov_26.803294	334	414	8	37	80	0.4625000
NODE_3949_length_1192_cov_26.803294	334	414	10	43	80	0.5375000
NODE_3949_length_1192_cov_26.803294	387	467	2	22	80	0.2750000
NODE_3949_length_1192_cov_26.803294	387	467	8	31	80	0.3875000
NODE_3949_length_1192_cov_26.803294	387	467	10	27	80	0.3375000
NODE_3950_length_1192_cov_23.228728	487	567	0	80	80	1.0000000
NODE_3950_length_1192_cov_23.228728	540	620	0	44	80	0.5500000
NODE_3950_length_1192_cov_23.228728	540	620	2	19	80	0.2375000
NODE_3950_length_1192_cov_23.228728	540	620	4	17	80	0.2125000
NODE_3950_length_1192_cov_23.228728	616	696	0	5	80	0.0625000
NODE_3950_length_1192_cov_23.228728	616	696	2	25	80	0.3125000
NODE_3950_length_1192_cov_23.228728	616	696	4	50	80	0.6250000
NODE_3950_length_1192_cov_23.228728	669	749	0	58	80	0.7250000
NODE_3950_length_1192_cov_23.228728	669	749	2	22	80	0.2750000
NODE_3951_length_1192_cov_18.314730	613	693	0	80	80	1.0000000
NODE_3951_length_1192_cov_18.314730	666	746	0	80	80	1.0000000
NODE_3951_length_1192_cov_18.314730	742	822	0	23	80	0.2875000
NODE_3951_length_1192_cov_18.314730	742	822	4	22	80	0.2750000
NODE_3951_length_1192_cov_18.314730	742	822	6	21	80	0.2625000
NODE_3951_length_1192_cov_18.314730	742	822	8	14	80	0.1750000
NODE_3951_length_1192_cov_18.314730	795	875	6	23	80	0.2875000
NODE_3951_length_1192_cov_18.314730	795	875	8	36	80	0.4500000
NODE_3951_length_1192_cov_18.314730	795	875	10	21	80	0.2625000
NODE_3952_length_1192_cov_14.888381	622	702	4	64	80	0.8000000
NODE_3952_length_1192_cov_14.888381	622	702	6	16	80	0.2000000
NODE_3952_length_1192_cov_14.888381	675	755	2	10	80	0.1250000
NODE_3952_length_1192_cov_14.888381	675	755	4	11	80	0.1375000
NODE_3952_length_1192_cov_14.888381	675	755	6	59	80	0.7375000
NODE_3952_length_1192_cov_14.888381	751	831	0	38	80	0.4750000
NODE_3952_length_1192_cov_14.888381	751	831	2	42	80	0.5250000
NODE_3952_length_1192_cov_14.888381	804	884	0	80	80	1.0000000
NODE_3953_length_1192_cov_9.995425	161	241	0	10	80	0.1250000
NODE_3953_length_1192_cov_9.995425	161	241	2	70	80	0.8750000
NODE_3953_length_1192_cov_9.995425	214	294	0	13	80	0.1625000
NODE_3953_length_1192_cov_9.995425	214	294	2	17	80	0.2125000
NODE_3953_length_1192_cov_9.995425	214	294	6	50	80	0.6250000
NODE_3954_length_1192_cov_5.078683	749	829	0	49	80	0.6125000
NODE_3954_length_1192_cov_5.078683	749	829	4	31	80	0.3875000
NODE_3954_length_1192_cov_5.078683	802	882	4	80	80	1.0000000
NODE_3960_length_1192_cov_0.614822	1046	1126	5	58	80	0.7250000
NODE_3960_length_1192_cov_0.614822	1046	1126	6	22	80	0.2750000
NODE_3961_length_1191_cov_55.466117	392	472	0	20	80	0.2500000
NODE_3961_length_1191_cov_55.466117	392	472	2	60	80	0.7500000
NODE_3961_length_1191_cov_55.466117	445	525	0	37	80	0.4625000
NODE_3961_length_1191_cov_55.466117	445	525	2	43	80	0.5375000
NODE_3961_length_1191_cov_55.466117	521	601	2	6	80	0.0750000
NODE_3961_length_1191_cov_55.466117	521	601	5	22	80	0.2750000
NODE_3961_length_1191_cov_55.466117	521	601	6	27	80	0.3375000
NODE_3961_length_1191_cov_55.466117	521	601	8	25	80	0.3125000
NODE_3961_length_1191_cov_55.466117	574	654	6	80	80	1.0000000
NODE_3963_length_1191_cov_20.677656	695	775	0	80	80	1.0000000
NODE_3963_length_1191_cov_20.677656	748	828	0	80	80	1.0000000
NODE_3964_length_1191_cov_9.074176	420	500	0	31	80	0.3875000
NODE_3964_length_1191_cov_9.074176	420	500	2	7	80	0.0875000
NODE_3964_length_1191_cov_9.074176	420	500	4	42	80	0.5250000
NODE_3964_length_1191_cov_9.074176	473	553	4	80	80	1.0000000
NODE_3968_length_1190_cov_40.916590	521	601	18	35	80	0.4375000
NODE_3968_length_1190_cov_40.916590	521	601	19	45	80	0.5625000
NODE_3968_length_1190_cov_40.916590	574	654	0	4	80	0.0500000
NODE_3968_length_1190_cov_40.916590	574	654	8	24	80	0.3000000
NODE_3968_length_1190_cov_40.916590	574	654	17	23	80	0.2875000
NODE_3968_length_1190_cov_40.916590	574	654	18	11	80	0.1375000
NODE_3968_length_1190_cov_40.916590	574	654	19	18	80	0.2250000
NODE_3968_length_1190_cov_40.916590	650	730	0	80	80	1.0000000
NODE_3968_length_1190_cov_40.916590	703	783	0	80	80	1.0000000
NODE_3969_length_1190_cov_20.715857	257	337	0	9	80	0.1125000
NODE_3969_length_1190_cov_20.715857	257	337	2	29	80	0.3625000
NODE_3969_length_1190_cov_20.715857	257	337	6	25	80	0.3125000
NODE_3969_length_1190_cov_20.715857	257	337	8	17	80	0.2125000
NODE_3969_length_1190_cov_20.715857	310	390	4	6	80	0.0750000
NODE_3969_length_1190_cov_20.715857	310	390	6	10	80	0.1250000
NODE_3969_length_1190_cov_20.715857	310	390	8	64	80	0.8000000
NODE_3970_length_1190_cov_19.724106	296	376	0	80	80	1.0000000
NODE_3970_length_1190_cov_19.724106	349	429	0	43	80	0.5375000
NODE_3970_length_1190_cov_19.724106	349	429	2	11	80	0.1375000
NODE_3970_length_1190_cov_19.724106	349	429	3	1	80	0.0125000
NODE_3970_length_1190_cov_19.724106	349	429	4	25	80	0.3125000
NODE_3973_length_1190_cov_2.698442	1022	1070	6	48	48	1.0000000
NODE_3973_length_1190_cov_2.698442	1075	1123	0	35	48	0.7291667
NODE_3973_length_1190_cov_2.698442	1075	1123	6	13	48	0.2708333
NODE_3977_length_1189_cov_29.193578	576	656	0	20	80	0.2500000
NODE_3977_length_1189_cov_29.193578	576	656	4	21	80	0.2625000
NODE_3977_length_1189_cov_29.193578	576	656	6	25	80	0.3125000
NODE_3977_length_1189_cov_29.193578	576	656	8	14	80	0.1750000
NODE_3977_length_1189_cov_29.193578	629	709	4	19	80	0.2375000
NODE_3977_length_1189_cov_29.193578	629	709	6	13	80	0.1625000
NODE_3977_length_1189_cov_29.193578	629	709	8	48	80	0.6000000
NODE_3978_length_1189_cov_13.484404	315	341	8	26	26	1.0000000
NODE_3978_length_1189_cov_13.484404	366	446	2	2	80	0.0250000
NODE_3978_length_1189_cov_13.484404	366	446	5	6	80	0.0750000
NODE_3978_length_1189_cov_13.484404	366	446	8	17	80	0.2125000
NODE_3978_length_1189_cov_13.484404	366	446	10	55	80	0.6875000
NODE_3984_length_1188_cov_19.278237	396	476	0	80	80	1.0000000
NODE_3984_length_1188_cov_19.278237	449	529	0	80	80	1.0000000
NODE_3990_length_1187_cov_63.185662	529	609	0	46	80	0.5750000
NODE_3990_length_1187_cov_63.185662	529	609	1	15	80	0.1875000
NODE_3990_length_1187_cov_63.185662	529	609	2	13	80	0.1625000
NODE_3990_length_1187_cov_63.185662	529	609	5	6	80	0.0750000
NODE_3990_length_1187_cov_63.185662	582	662	1	8	80	0.1000000
NODE_3990_length_1187_cov_63.185662	582	662	2	13	80	0.1625000
NODE_3990_length_1187_cov_63.185662	582	662	5	9	80	0.1125000
NODE_3990_length_1187_cov_63.185662	582	662	8	31	80	0.3875000
NODE_3990_length_1187_cov_63.185662	582	662	10	19	80	0.2375000
NODE_3990_length_1187_cov_63.185662	658	738	10	4	80	0.0500000
NODE_3990_length_1187_cov_63.185662	658	738	16	52	80	0.6500000
NODE_3990_length_1187_cov_63.185662	658	738	17	13	80	0.1625000
NODE_3990_length_1187_cov_63.185662	658	738	18	11	80	0.1375000
NODE_3990_length_1187_cov_63.185662	711	791	2	24	80	0.3000000
NODE_3990_length_1187_cov_63.185662	711	791	8	5	80	0.0625000
NODE_3990_length_1187_cov_63.185662	711	791	11	9	80	0.1125000
NODE_3990_length_1187_cov_63.185662	711	791	16	16	80	0.2000000
NODE_3990_length_1187_cov_63.185662	711	791	17	15	80	0.1875000
NODE_3990_length_1187_cov_63.185662	711	791	18	11	80	0.1375000
NODE_3991_length_1187_cov_36.926471	432	512	10	1	80	0.0125000
NODE_3991_length_1187_cov_36.926471	432	512	14	6	80	0.0750000
NODE_3991_length_1187_cov_36.926471	432	512	16	19	80	0.2375000
NODE_3991_length_1187_cov_36.926471	432	512	18	3	80	0.0375000
NODE_3991_length_1187_cov_36.926471	432	512	20	18	80	0.2250000
NODE_3991_length_1187_cov_36.926471	432	512	22	29	80	0.3625000
NODE_3991_length_1187_cov_36.926471	432	512	23	1	80	0.0125000
NODE_3991_length_1187_cov_36.926471	432	512	24	3	80	0.0375000
NODE_3991_length_1187_cov_36.926471	485	565	8	5	80	0.0625000
NODE_3991_length_1187_cov_36.926471	485	565	10	17	80	0.2125000
NODE_3991_length_1187_cov_36.926471	485	565	12	11	80	0.1375000
NODE_3991_length_1187_cov_36.926471	485	565	13	1	80	0.0125000
NODE_3991_length_1187_cov_36.926471	485	565	14	20	80	0.2500000
NODE_3991_length_1187_cov_36.926471	485	565	16	19	80	0.2375000
NODE_3991_length_1187_cov_36.926471	485	565	18	3	80	0.0375000
NODE_3991_length_1187_cov_36.926471	485	565	22	4	80	0.0500000
NODE_3991_length_1187_cov_36.926471	561	641	10	8	80	0.1000000
NODE_3991_length_1187_cov_36.926471	561	641	12	27	80	0.3375000
NODE_3991_length_1187_cov_36.926471	561	641	13	1	80	0.0125000
NODE_3991_length_1187_cov_36.926471	561	641	14	44	80	0.5500000
NODE_3991_length_1187_cov_36.926471	614	694	6	30	80	0.3750000
NODE_3991_length_1187_cov_36.926471	614	694	10	31	80	0.3875000
NODE_3991_length_1187_cov_36.926471	614	694	12	19	80	0.2375000
NODE_3992_length_1187_cov_20.383272	492	572	0	44	80	0.5500000
NODE_3992_length_1187_cov_20.383272	492	572	1	36	80	0.4500000
NODE_3992_length_1187_cov_20.383272	545	625	1	38	80	0.4750000
NODE_3992_length_1187_cov_20.383272	545	625	3	42	80	0.5250000
NODE_3993_length_1187_cov_17.941176	377	457	0	13	80	0.1625000
NODE_3993_length_1187_cov_17.941176	377	457	2	16	80	0.2000000
NODE_3993_length_1187_cov_17.941176	377	457	4	51	80	0.6375000
NODE_3993_length_1187_cov_17.941176	430	510	0	66	80	0.8250000
NODE_3993_length_1187_cov_17.941176	430	510	2	14	80	0.1750000
NODE_3993_length_1187_cov_17.941176	506	586	0	22	80	0.2750000
NODE_3993_length_1187_cov_17.941176	506	586	2	22	80	0.2750000
NODE_3993_length_1187_cov_17.941176	506	586	5	6	80	0.0750000
NODE_3993_length_1187_cov_17.941176	506	586	6	30	80	0.3750000
NODE_3993_length_1187_cov_17.941176	559	639	2	4	80	0.0500000
NODE_3993_length_1187_cov_17.941176	559	639	4	13	80	0.1625000
NODE_3993_length_1187_cov_17.941176	559	639	6	63	80	0.7875000
NODE_3997_length_1186_cov_59.606256	338	418	4	58	80	0.7250000
NODE_3997_length_1186_cov_59.606256	338	418	6	22	80	0.2750000
NODE_3997_length_1186_cov_59.606256	391	471	3	13	80	0.1625000
NODE_3997_length_1186_cov_59.606256	391	471	4	15	80	0.1875000
NODE_3997_length_1186_cov_59.606256	391	471	6	45	80	0.5625000
NODE_3997_length_1186_cov_59.606256	391	471	7	7	80	0.0875000
NODE_3997_length_1186_cov_59.606256	480	551	4	38	71	0.5352113
NODE_3997_length_1186_cov_59.606256	480	551	6	33	71	0.4647887
NODE_3997_length_1186_cov_59.606256	524	604	3	13	80	0.1625000
NODE_3997_length_1186_cov_59.606256	524	604	4	48	80	0.6000000
NODE_3997_length_1186_cov_59.606256	524	604	6	19	80	0.2375000
NODE_3998_length_1186_cov_34.937443	582	662	7	34	80	0.4250000
NODE_3998_length_1186_cov_34.937443	582	662	10	43	80	0.5375000
NODE_3998_length_1186_cov_34.937443	582	662	11	1	80	0.0125000
NODE_3998_length_1186_cov_34.937443	582	662	12	2	80	0.0250000
NODE_3998_length_1186_cov_34.937443	635	715	2	3	80	0.0375000
NODE_3998_length_1186_cov_34.937443	635	715	7	77	80	0.9625000
NODE_3998_length_1186_cov_34.937443	711	791	2	30	80	0.3750000
NODE_3998_length_1186_cov_34.937443	711	791	4	49	80	0.6125000
NODE_3998_length_1186_cov_34.937443	711	791	7	1	80	0.0125000
NODE_3998_length_1186_cov_34.937443	764	844	2	19	80	0.2375000
NODE_3998_length_1186_cov_34.937443	764	844	4	61	80	0.7625000
NODE_3999_length_1186_cov_29.840846	511	591	2	15	80	0.1875000
NODE_3999_length_1186_cov_29.840846	511	591	4	23	80	0.2875000
NODE_3999_length_1186_cov_29.840846	511	591	6	42	80	0.5250000
NODE_3999_length_1186_cov_29.840846	564	644	2	14	80	0.1750000
NODE_3999_length_1186_cov_29.840846	564	644	4	36	80	0.4500000
NODE_3999_length_1186_cov_29.840846	564	644	6	30	80	0.3750000
NODE_3999_length_1186_cov_29.840846	640	720	0	13	80	0.1625000
NODE_3999_length_1186_cov_29.840846	640	720	2	31	80	0.3875000
NODE_3999_length_1186_cov_29.840846	640	720	14	36	80	0.4500000
NODE_3999_length_1186_cov_29.840846	693	773	11	17	80	0.2125000
NODE_3999_length_1186_cov_29.840846	693	773	13	6	80	0.0750000
NODE_3999_length_1186_cov_29.840846	693	773	14	57	80	0.7125000
NODE_4000_length_1186_cov_13.108556	578	658	0	6	80	0.0750000
NODE_4000_length_1186_cov_13.108556	578	658	2	28	80	0.3500000
NODE_4000_length_1186_cov_13.108556	578	658	12	46	80	0.5750000
NODE_4000_length_1186_cov_13.108556	631	711	10	2	80	0.0250000
NODE_4000_length_1186_cov_13.108556	631	711	12	78	80	0.9750000
NODE_4001_length_1186_cov_12.867525	404	484	0	24	80	0.3000000
NODE_4001_length_1186_cov_12.867525	404	484	1	2	80	0.0250000
NODE_4001_length_1186_cov_12.867525	404	484	2	54	80	0.6750000
NODE_4001_length_1186_cov_12.867525	457	534	2	77	77	1.0000000
NODE_4001_length_1186_cov_12.867525	536	613	2	25	77	0.3246753
NODE_4001_length_1186_cov_12.867525	536	613	3	2	77	0.0259740
NODE_4001_length_1186_cov_12.867525	536	613	4	48	77	0.6233766
NODE_4001_length_1186_cov_12.867525	536	613	8	2	77	0.0259740
NODE_4001_length_1186_cov_12.867525	586	666	2	15	80	0.1875000
NODE_4001_length_1186_cov_12.867525	586	666	4	10	80	0.1250000
NODE_4001_length_1186_cov_12.867525	586	666	6	13	80	0.1625000
NODE_4001_length_1186_cov_12.867525	586	666	8	42	80	0.5250000
NODE_4002_length_1186_cov_12.135235	643	723	0	12	80	0.1500000
NODE_4002_length_1186_cov_12.135235	643	723	2	35	80	0.4375000
NODE_4002_length_1186_cov_12.135235	643	723	4	33	80	0.4125000
NODE_4002_length_1186_cov_12.135235	696	776	2	26	80	0.3250000
NODE_4002_length_1186_cov_12.135235	696	776	4	54	80	0.6750000
NODE_4012_length_1185_cov_36.974217	423	503	0	80	80	1.0000000
NODE_4012_length_1185_cov_36.974217	476	556	0	80	80	1.0000000
NODE_4013_length_1185_cov_28.410681	448	528	2	41	80	0.5125000
NODE_4013_length_1185_cov_28.410681	448	528	4	39	80	0.4875000
NODE_4013_length_1185_cov_28.410681	501	581	0	13	80	0.1625000
NODE_4013_length_1185_cov_28.410681	501	581	2	4	80	0.0500000
NODE_4013_length_1185_cov_28.410681	501	581	3	1	80	0.0125000
NODE_4013_length_1185_cov_28.410681	501	581	4	62	80	0.7750000
NODE_4014_length_1185_cov_19.768877	411	491	0	32	80	0.4000000
NODE_4014_length_1185_cov_19.768877	411	491	2	48	80	0.6000000
NODE_4014_length_1185_cov_19.768877	464	544	2	80	80	1.0000000
NODE_4014_length_1185_cov_19.768877	540	620	0	44	80	0.5500000
NODE_4014_length_1185_cov_19.768877	540	620	2	36	80	0.4500000
NODE_4014_length_1185_cov_19.768877	593	673	0	80	80	1.0000000
NODE_4015_length_1185_cov_14.490792	379	459	0	40	80	0.5000000
NODE_4015_length_1185_cov_14.490792	379	459	2	40	80	0.5000000
NODE_4015_length_1185_cov_14.490792	432	512	0	10	80	0.1250000
NODE_4015_length_1185_cov_14.490792	432	512	2	70	80	0.8750000
NODE_4016_length_1185_cov_13.686004	677	757	0	47	80	0.5875000
NODE_4016_length_1185_cov_13.686004	677	757	2	2	80	0.0250000
NODE_4016_length_1185_cov_13.686004	677	757	4	26	80	0.3250000
NODE_4016_length_1185_cov_13.686004	677	757	6	5	80	0.0625000
NODE_4016_length_1185_cov_13.686004	730	810	4	22	80	0.2750000
NODE_4016_length_1185_cov_13.686004	730	810	6	7	80	0.0875000
NODE_4016_length_1185_cov_13.686004	730	810	8	51	80	0.6375000
NODE_4017_length_1185_cov_12.362799	711	791	2	55	80	0.6875000
NODE_4017_length_1185_cov_12.362799	711	791	4	25	80	0.3125000
NODE_4017_length_1185_cov_12.362799	764	844	0	9	80	0.1125000
NODE_4017_length_1185_cov_12.362799	764	844	2	70	80	0.8750000
NODE_4017_length_1185_cov_12.362799	764	844	4	1	80	0.0125000
NODE_4024_length_1184_cov_30.061751	416	497	0	81	81	1.0000000
NODE_4024_length_1184_cov_30.061751	470	550	0	80	80	1.0000000
NODE_4024_length_1184_cov_30.061751	546	627	0	59	81	0.7283950
NODE_4024_length_1184_cov_30.061751	546	627	3	1	81	0.0123457
NODE_4024_length_1184_cov_30.061751	546	627	4	21	81	0.2592593
NODE_4024_length_1184_cov_30.061751	600	680	0	5	80	0.0625000
NODE_4024_length_1184_cov_30.061751	600	680	3	1	80	0.0125000
NODE_4024_length_1184_cov_30.061751	600	680	4	74	80	0.9250000
NODE_4025_length_1184_cov_19.544700	550	630	0	80	80	1.0000000
NODE_4025_length_1184_cov_19.544700	603	683	0	80	80	1.0000000
NODE_4025_length_1184_cov_19.544700	679	759	0	26	80	0.3250000
NODE_4025_length_1184_cov_19.544700	679	759	2	6	80	0.0750000
NODE_4025_length_1184_cov_19.544700	679	759	3	3	80	0.0375000
NODE_4025_length_1184_cov_19.544700	679	759	4	20	80	0.2500000
NODE_4025_length_1184_cov_19.544700	679	759	6	1	80	0.0125000
NODE_4025_length_1184_cov_19.544700	679	759	16	24	80	0.3000000
NODE_4025_length_1184_cov_19.544700	732	812	4	2	80	0.0250000
NODE_4025_length_1184_cov_19.544700	732	812	6	1	80	0.0125000
NODE_4025_length_1184_cov_19.544700	732	812	14	13	80	0.1625000
NODE_4025_length_1184_cov_19.544700	732	812	16	64	80	0.8000000
NODE_4026_length_1184_cov_9.129954	624	704	2	80	80	1.0000000
NODE_4026_length_1184_cov_9.129954	677	757	0	24	80	0.3000000
NODE_4026_length_1184_cov_9.129954	677	757	1	3	80	0.0375000
NODE_4026_length_1184_cov_9.129954	677	757	2	53	80	0.6625000
NODE_4031_length_1183_cov_17.260148	545	625	0	1	80	0.0125000
NODE_4031_length_1183_cov_17.260148	545	625	4	24	80	0.3000000
NODE_4031_length_1183_cov_17.260148	545	625	6	55	80	0.6875000
NODE_4031_length_1183_cov_17.260148	598	678	0	14	80	0.1750000
NODE_4031_length_1183_cov_17.260148	598	678	2	20	80	0.2500000
NODE_4031_length_1183_cov_17.260148	598	678	6	46	80	0.5750000
NODE_4031_length_1183_cov_17.260148	674	754	0	55	80	0.6875000
NODE_4031_length_1183_cov_17.260148	674	754	2	25	80	0.3125000
NODE_4031_length_1183_cov_17.260148	727	807	0	15	80	0.1875000
NODE_4031_length_1183_cov_17.260148	727	807	2	65	80	0.8125000
NODE_4032_length_1183_cov_9.777675	484	564	2	80	80	1.0000000
NODE_4032_length_1183_cov_9.777675	537	617	0	46	80	0.5750000
NODE_4032_length_1183_cov_9.777675	537	617	2	34	80	0.4250000
NODE_4033_length_1183_cov_6.847786	711	791	0	29	80	0.3625000
NODE_4033_length_1183_cov_6.847786	711	791	10	21	80	0.2625000
NODE_4033_length_1183_cov_6.847786	711	791	12	30	80	0.3750000
NODE_4033_length_1183_cov_6.847786	764	844	10	23	80	0.2875000
NODE_4033_length_1183_cov_6.847786	764	844	12	57	80	0.7125000
NODE_4033_length_1183_cov_6.847786	840	920	2	48	80	0.6000000
NODE_4033_length_1183_cov_6.847786	840	920	10	6	80	0.0750000
NODE_4033_length_1183_cov_6.847786	840	920	12	26	80	0.3250000
NODE_4033_length_1183_cov_6.847786	893	973	0	42	80	0.5250000
NODE_4033_length_1183_cov_6.847786	893	973	2	38	80	0.4750000
NODE_4035_length_1183_cov_2.680812	59	139	4	8	80	0.1000000
NODE_4035_length_1183_cov_2.680812	59	139	8	9	80	0.1125000
NODE_4035_length_1183_cov_2.680812	59	139	10	5	80	0.0625000
NODE_4035_length_1183_cov_2.680812	59	139	12	49	80	0.6125000
NODE_4035_length_1183_cov_2.680812	59	139	13	2	80	0.0250000
NODE_4035_length_1183_cov_2.680812	59	139	14	7	80	0.0875000
NODE_4040_length_1182_cov_64.600185	588	668	6	20	80	0.2500000
NODE_4040_length_1182_cov_64.600185	588	668	8	1	80	0.0125000
NODE_4040_length_1182_cov_64.600185	588	668	10	7	80	0.0875000
NODE_4040_length_1182_cov_64.600185	588	668	12	14	80	0.1750000
NODE_4040_length_1182_cov_64.600185	588	668	13	14	80	0.1750000
NODE_4040_length_1182_cov_64.600185	588	668	14	24	80	0.3000000
NODE_4040_length_1182_cov_64.600185	641	721	2	44	80	0.5500000
NODE_4040_length_1182_cov_64.600185	641	721	4	9	80	0.1125000
NODE_4040_length_1182_cov_64.600185	641	721	6	20	80	0.2500000
NODE_4040_length_1182_cov_64.600185	641	721	10	4	80	0.0500000
NODE_4040_length_1182_cov_64.600185	641	721	12	3	80	0.0375000
NODE_4040_length_1182_cov_64.600185	717	797	1	3	80	0.0375000
NODE_4040_length_1182_cov_64.600185	717	797	2	34	80	0.4250000
NODE_4040_length_1182_cov_64.600185	717	797	3	3	80	0.0375000
NODE_4040_length_1182_cov_64.600185	717	797	4	15	80	0.1875000
NODE_4040_length_1182_cov_64.600185	717	797	5	8	80	0.1000000
NODE_4040_length_1182_cov_64.600185	717	797	10	17	80	0.2125000
NODE_4040_length_1182_cov_64.600185	770	849	4	10	79	0.1265823
NODE_4040_length_1182_cov_64.600185	770	849	8	3	79	0.0379747
NODE_4040_length_1182_cov_64.600185	770	849	10	66	79	0.8354430
NODE_4041_length_1182_cov_18.584488	487	557	8	3	70	0.0428571
NODE_4041_length_1182_cov_18.584488	487	557	15	1	70	0.0142857
NODE_4041_length_1182_cov_18.584488	487	557	16	66	70	0.9428571
NODE_4041_length_1182_cov_18.584488	536	612	0	9	76	0.1184211
NODE_4041_length_1182_cov_18.584488	536	612	7	2	76	0.0263158
NODE_4041_length_1182_cov_18.584488	536	612	8	22	76	0.2894737
NODE_4041_length_1182_cov_18.584488	536	612	10	3	76	0.0394737
NODE_4041_length_1182_cov_18.584488	536	612	14	10	76	0.1315790
NODE_4041_length_1182_cov_18.584488	536	612	16	30	76	0.3947369
NODE_4041_length_1182_cov_18.584488	608	688	0	32	80	0.4000000
NODE_4041_length_1182_cov_18.584488	608	688	2	48	80	0.6000000
NODE_4041_length_1182_cov_18.584488	671	741	0	9	70	0.1285714
NODE_4041_length_1182_cov_18.584488	671	741	2	61	70	0.8714285
NODE_4042_length_1182_cov_18.075716	598	678	0	15	80	0.1875000
NODE_4042_length_1182_cov_18.075716	598	678	2	65	80	0.8125000
NODE_4042_length_1182_cov_18.075716	651	731	2	52	80	0.6500000
NODE_4042_length_1182_cov_18.075716	651	731	4	28	80	0.3500000
NODE_4042_length_1182_cov_18.075716	727	807	2	25	80	0.3125000
NODE_4042_length_1182_cov_18.075716	727	807	4	9	80	0.1125000
NODE_4042_length_1182_cov_18.075716	727	807	6	46	80	0.5750000
NODE_4042_length_1182_cov_18.075716	780	860	4	19	80	0.2375000
NODE_4042_length_1182_cov_18.075716	780	860	6	61	80	0.7625000
NODE_4043_length_1182_cov_8.716528	464	544	0	9	80	0.1125000
NODE_4043_length_1182_cov_8.716528	464	544	1	1	80	0.0125000
NODE_4043_length_1182_cov_8.716528	464	544	2	4	80	0.0500000
NODE_4043_length_1182_cov_8.716528	464	544	6	66	80	0.8250000
NODE_4043_length_1182_cov_8.716528	517	597	2	16	80	0.2000000
NODE_4043_length_1182_cov_8.716528	517	597	4	5	80	0.0625000
NODE_4043_length_1182_cov_8.716528	517	597	6	28	80	0.3500000
NODE_4043_length_1182_cov_8.716528	517	597	8	31	80	0.3875000
NODE_4044_length_1182_cov_4.109880	793	873	8	23	80	0.2875000
NODE_4044_length_1182_cov_4.109880	793	873	10	7	80	0.0875000
NODE_4044_length_1182_cov_4.109880	793	873	12	50	80	0.6250000
NODE_4044_length_1182_cov_4.109880	846	926	0	6	80	0.0750000
NODE_4044_length_1182_cov_4.109880	846	926	6	47	80	0.5875000
NODE_4044_length_1182_cov_4.109880	846	926	8	23	80	0.2875000
NODE_4044_length_1182_cov_4.109880	846	926	10	4	80	0.0500000
NODE_4045_length_1182_cov_3.433980	1052	1100	0	48	48	1.0000000
NODE_4050_length_1181_cov_13.856747	687	767	4	26	80	0.3250000
NODE_4050_length_1181_cov_13.856747	687	767	6	43	80	0.5375000
NODE_4050_length_1181_cov_13.856747	687	767	7	10	80	0.1250000
NODE_4050_length_1181_cov_13.856747	687	767	8	1	80	0.0125000
NODE_4050_length_1181_cov_13.856747	740	820	2	14	80	0.1750000
NODE_4050_length_1181_cov_13.856747	740	820	4	31	80	0.3875000
NODE_4050_length_1181_cov_13.856747	740	820	6	24	80	0.3000000
NODE_4050_length_1181_cov_13.856747	740	820	7	10	80	0.1250000
NODE_4050_length_1181_cov_13.856747	740	820	8	1	80	0.0125000
NODE_4051_length_1181_cov_8.239372	735	815	0	80	80	1.0000000
NODE_4059_length_1180_cov_46.345051	695	775	2	5	80	0.0625000
NODE_4059_length_1180_cov_46.345051	695	775	4	16	80	0.2000000
NODE_4059_length_1180_cov_46.345051	695	775	6	59	80	0.7375000
NODE_4059_length_1180_cov_46.345051	748	828	0	5	80	0.0625000
NODE_4059_length_1180_cov_46.345051	748	828	2	2	80	0.0250000
NODE_4059_length_1180_cov_46.345051	748	828	4	24	80	0.3000000
NODE_4059_length_1180_cov_46.345051	748	828	6	49	80	0.6125000
NODE_4066_length_1179_cov_93.272222	660	740	52	1	80	0.0125000
NODE_4066_length_1179_cov_93.272222	660	740	54	2	80	0.0250000
NODE_4066_length_1179_cov_93.272222	660	740	56	1	80	0.0125000
NODE_4066_length_1179_cov_93.272222	660	740	62	1	80	0.0125000
NODE_4066_length_1179_cov_93.272222	660	740	64	1	80	0.0125000
NODE_4066_length_1179_cov_93.272222	660	740	68	3	80	0.0375000
NODE_4066_length_1179_cov_93.272222	660	740	70	1	80	0.0125000
NODE_4066_length_1179_cov_93.272222	660	740	71	2	80	0.0250000
NODE_4066_length_1179_cov_93.272222	660	740	72	3	80	0.0375000
NODE_4066_length_1179_cov_93.272222	660	740	73	3	80	0.0375000
NODE_4066_length_1179_cov_93.272222	660	740	74	1	80	0.0125000
NODE_4066_length_1179_cov_93.272222	660	740	79	5	80	0.0625000
NODE_4066_length_1179_cov_93.272222	660	740	83	4	80	0.0500000
NODE_4066_length_1179_cov_93.272222	660	740	84	2	80	0.0250000
NODE_4066_length_1179_cov_93.272222	660	740	85	5	80	0.0625000
NODE_4066_length_1179_cov_93.272222	660	740	86	4	80	0.0500000
NODE_4066_length_1179_cov_93.272222	660	740	88	1	80	0.0125000
NODE_4066_length_1179_cov_93.272222	660	740	90	1	80	0.0125000
NODE_4066_length_1179_cov_93.272222	660	740	91	1	80	0.0125000
NODE_4066_length_1179_cov_93.272222	660	740	94	13	80	0.1625000
NODE_4066_length_1179_cov_93.272222	660	740	95	4	80	0.0500000
NODE_4066_length_1179_cov_93.272222	660	740	96	1	80	0.0125000
NODE_4066_length_1179_cov_93.272222	660	740	97	6	80	0.0750000
NODE_4066_length_1179_cov_93.272222	660	740	98	5	80	0.0625000
NODE_4066_length_1179_cov_93.272222	660	740	99	9	80	0.1125000
NODE_4066_length_1179_cov_93.272222	713	793	33	2	80	0.0250000
NODE_4066_length_1179_cov_93.272222	713	793	39	1	80	0.0125000
NODE_4066_length_1179_cov_93.272222	713	793	40	2	80	0.0250000
NODE_4066_length_1179_cov_93.272222	713	793	44	2	80	0.0250000
NODE_4066_length_1179_cov_93.272222	713	793	46	1	80	0.0125000
NODE_4066_length_1179_cov_93.272222	713	793	48	2	80	0.0250000
NODE_4066_length_1179_cov_93.272222	713	793	51	3	80	0.0375000
NODE_4066_length_1179_cov_93.272222	713	793	55	2	80	0.0250000
NODE_4066_length_1179_cov_93.272222	713	793	57	1	80	0.0125000
NODE_4066_length_1179_cov_93.272222	713	793	61	2	80	0.0250000
NODE_4066_length_1179_cov_93.272222	713	793	63	1	80	0.0125000
NODE_4066_length_1179_cov_93.272222	713	793	66	15	80	0.1875000
NODE_4066_length_1179_cov_93.272222	713	793	68	2	80	0.0250000
NODE_4066_length_1179_cov_93.272222	713	793	69	6	80	0.0750000
NODE_4066_length_1179_cov_93.272222	713	793	70	1	80	0.0125000
NODE_4066_length_1179_cov_93.272222	713	793	71	10	80	0.1250000
NODE_4066_length_1179_cov_93.272222	713	793	72	3	80	0.0375000
NODE_4066_length_1179_cov_93.272222	713	793	73	3	80	0.0375000
NODE_4066_length_1179_cov_93.272222	713	793	79	5	80	0.0625000
NODE_4066_length_1179_cov_93.272222	713	793	83	4	80	0.0500000
NODE_4066_length_1179_cov_93.272222	713	793	85	4	80	0.0500000
NODE_4066_length_1179_cov_93.272222	713	793	86	3	80	0.0375000
NODE_4066_length_1179_cov_93.272222	713	793	94	5	80	0.0625000
NODE_4067_length_1179_cov_55.355556	547	627	7	24	80	0.3000000
NODE_4067_length_1179_cov_55.355556	547	627	15	5	80	0.0625000
NODE_4067_length_1179_cov_55.355556	547	627	16	2	80	0.0250000
NODE_4067_length_1179_cov_55.355556	547	627	17	30	80	0.3750000
NODE_4067_length_1179_cov_55.355556	547	627	18	15	80	0.1875000
NODE_4067_length_1179_cov_55.355556	547	627	20	4	80	0.0500000
NODE_4067_length_1179_cov_55.355556	600	680	9	2	80	0.0250000
NODE_4067_length_1179_cov_55.355556	600	680	12	8	80	0.1000000
NODE_4067_length_1179_cov_55.355556	600	680	14	20	80	0.2500000
NODE_4067_length_1179_cov_55.355556	600	680	16	5	80	0.0625000
NODE_4067_length_1179_cov_55.355556	600	680	17	6	80	0.0750000
NODE_4067_length_1179_cov_55.355556	600	680	18	18	80	0.2250000
NODE_4067_length_1179_cov_55.355556	600	680	20	10	80	0.1250000
NODE_4067_length_1179_cov_55.355556	600	680	21	11	80	0.1375000
NODE_4068_length_1179_cov_29.712037	613	693	0	26	80	0.3250000
NODE_4068_length_1179_cov_29.712037	613	693	2	18	80	0.2250000
NODE_4068_length_1179_cov_29.712037	613	693	3	1	80	0.0125000
NODE_4068_length_1179_cov_29.712037	613	693	4	35	80	0.4375000
NODE_4068_length_1179_cov_29.712037	666	746	3	9	80	0.1125000
NODE_4068_length_1179_cov_29.712037	666	746	4	68	80	0.8500000
NODE_4068_length_1179_cov_29.712037	666	746	5	3	80	0.0375000
NODE_4069_length_1179_cov_26.767593	483	563	0	80	80	1.0000000
NODE_4069_length_1179_cov_26.767593	536	616	0	80	80	1.0000000
NODE_4069_length_1179_cov_26.767593	612	692	0	80	80	1.0000000
NODE_4069_length_1179_cov_26.767593	665	745	0	80	80	1.0000000
NODE_4070_length_1179_cov_22.249074	581	661	4	80	80	1.0000000
NODE_4070_length_1179_cov_22.249074	634	714	0	17	80	0.2125000
NODE_4070_length_1179_cov_22.249074	634	714	4	63	80	0.7875000
NODE_4071_length_1179_cov_16.538889	498	568	14	1	70	0.0142857
NODE_4071_length_1179_cov_16.538889	498	568	18	1	70	0.0142857
NODE_4071_length_1179_cov_16.538889	498	568	20	3	70	0.0428571
NODE_4071_length_1179_cov_16.538889	498	568	22	4	70	0.0571429
NODE_4071_length_1179_cov_16.538889	498	568	24	17	70	0.2428571
NODE_4071_length_1179_cov_16.538889	498	568	25	14	70	0.2000000
NODE_4071_length_1179_cov_16.538889	498	568	26	8	70	0.1142857
NODE_4071_length_1179_cov_16.538889	498	568	27	2	70	0.0285714
NODE_4071_length_1179_cov_16.538889	498	568	28	10	70	0.1428571
NODE_4071_length_1179_cov_16.538889	498	568	30	10	70	0.1428571
NODE_4072_length_1179_cov_15.442593	535	615	0	76	80	0.9500000
NODE_4072_length_1179_cov_15.442593	535	615	2	4	80	0.0500000
NODE_4072_length_1179_cov_15.442593	588	668	0	23	80	0.2875000
NODE_4072_length_1179_cov_15.442593	588	668	2	57	80	0.7125000
NODE_4076_length_1179_cov_2.419444	1108	1155	0	47	47	1.0000000
NODE_4078_length_1179_cov_1.009259	944	1024	0	80	80	1.0000000
NODE_4078_length_1179_cov_1.009259	997	1077	0	80	80	1.0000000
NODE_4079_length_1178_cov_42.484708	423	503	4	1	80	0.0125000
NODE_4079_length_1178_cov_42.484708	423	503	6	48	80	0.6000000
NODE_4079_length_1178_cov_42.484708	423	503	8	31	80	0.3875000
NODE_4079_length_1178_cov_42.484708	476	556	0	7	80	0.0875000
NODE_4079_length_1178_cov_42.484708	476	556	2	14	80	0.1750000
NODE_4079_length_1178_cov_42.484708	476	556	4	8	80	0.1000000
NODE_4079_length_1178_cov_42.484708	476	556	6	34	80	0.4250000
NODE_4079_length_1178_cov_42.484708	476	556	8	17	80	0.2125000
NODE_4079_length_1178_cov_42.484708	552	632	2	9	80	0.1125000
NODE_4079_length_1178_cov_42.484708	552	632	12	1	80	0.0125000
NODE_4079_length_1178_cov_42.484708	552	632	14	70	80	0.8750000
NODE_4079_length_1178_cov_42.484708	605	685	2	2	80	0.0250000
NODE_4079_length_1178_cov_42.484708	605	685	12	8	80	0.1000000
NODE_4079_length_1178_cov_42.484708	605	685	14	70	80	0.8750000
NODE_4080_length_1178_cov_15.332715	215	295	2	35	80	0.4375000
NODE_4080_length_1178_cov_15.332715	215	295	4	45	80	0.5625000
NODE_4080_length_1178_cov_15.332715	268	348	2	53	80	0.6625000
NODE_4080_length_1178_cov_15.332715	268	348	4	27	80	0.3375000
NODE_4081_length_1178_cov_11.403151	527	607	2	80	80	1.0000000
NODE_4081_length_1178_cov_11.403151	580	660	0	35	80	0.4375000
NODE_4081_length_1178_cov_11.403151	580	660	2	45	80	0.5625000
NODE_4084_length_1177_cov_34.920223	369	449	8	12	80	0.1500000
NODE_4084_length_1177_cov_34.920223	369	449	10	68	80	0.8500000
NODE_4084_length_1177_cov_34.920223	422	502	0	2	80	0.0250000
NODE_4084_length_1177_cov_34.920223	422	502	2	11	80	0.1375000
NODE_4084_length_1177_cov_34.920223	422	502	10	67	80	0.8375000
NODE_4084_length_1177_cov_34.920223	498	578	0	78	80	0.9750000
NODE_4084_length_1177_cov_34.920223	498	578	2	2	80	0.0250000
NODE_4084_length_1177_cov_34.920223	551	631	0	43	80	0.5375000
NODE_4084_length_1177_cov_34.920223	551	631	2	37	80	0.4625000
NODE_4085_length_1177_cov_12.186456	481	561	0	73	80	0.9125000
NODE_4085_length_1177_cov_12.186456	481	561	4	7	80	0.0875000
NODE_4085_length_1177_cov_12.186456	534	614	0	20	80	0.2500000
NODE_4085_length_1177_cov_12.186456	534	614	4	34	80	0.4250000
NODE_4085_length_1177_cov_12.186456	534	614	8	26	80	0.3250000
NODE_4085_length_1177_cov_12.186456	610	690	4	1	80	0.0125000
NODE_4085_length_1177_cov_12.186456	610	690	8	79	80	0.9875000
NODE_4085_length_1177_cov_12.186456	663	743	0	53	80	0.6625000
NODE_4085_length_1177_cov_12.186456	663	743	4	1	80	0.0125000
NODE_4085_length_1177_cov_12.186456	663	743	8	26	80	0.3250000
NODE_4086_length_1177_cov_11.926716	443	523	3	28	80	0.3500000
NODE_4086_length_1177_cov_11.926716	443	523	4	6	80	0.0750000
NODE_4086_length_1177_cov_11.926716	443	523	6	4	80	0.0500000
NODE_4086_length_1177_cov_11.926716	443	523	12	14	80	0.1750000
NODE_4086_length_1177_cov_11.926716	443	523	14	28	80	0.3500000
NODE_4086_length_1177_cov_11.926716	496	578	8	13	82	0.1585366
NODE_4086_length_1177_cov_11.926716	496	578	10	7	82	0.0853659
NODE_4086_length_1177_cov_11.926716	496	578	14	62	82	0.7560976
NODE_4088_length_1177_cov_5.923933	358	438	2	80	80	1.0000000
NODE_4088_length_1177_cov_5.923933	411	491	0	48	80	0.6000000
NODE_4088_length_1177_cov_5.923933	411	491	2	32	80	0.4000000
NODE_4089_length_1177_cov_5.775510	760	840	4	27	80	0.3375000
NODE_4089_length_1177_cov_5.775510	760	840	6	53	80	0.6625000
NODE_4089_length_1177_cov_5.775510	813	893	2	28	80	0.3500000
NODE_4089_length_1177_cov_5.775510	813	893	4	26	80	0.3250000
NODE_4089_length_1177_cov_5.775510	813	893	6	26	80	0.3250000
NODE_4096_length_1176_cov_26.994429	377	457	0	80	80	1.0000000
NODE_4096_length_1176_cov_26.994429	430	510	0	53	80	0.6625000
NODE_4096_length_1176_cov_26.994429	430	510	1	11	80	0.1375000
NODE_4096_length_1176_cov_26.994429	430	510	2	16	80	0.2000000
NODE_4096_length_1176_cov_26.994429	506	586	2	31	80	0.3875000
NODE_4096_length_1176_cov_26.994429	506	586	4	23	80	0.2875000
NODE_4096_length_1176_cov_26.994429	506	586	6	26	80	0.3250000
NODE_4096_length_1176_cov_26.994429	559	639	3	6	80	0.0750000
NODE_4096_length_1176_cov_26.994429	559	639	4	21	80	0.2625000
NODE_4096_length_1176_cov_26.994429	559	639	6	30	80	0.3750000
NODE_4096_length_1176_cov_26.994429	559	639	8	23	80	0.2875000
NODE_4097_length_1176_cov_15.766945	531	611	11	37	80	0.4625000
NODE_4097_length_1176_cov_15.766945	531	611	12	14	80	0.1750000
NODE_4097_length_1176_cov_15.766945	531	611	16	29	80	0.3625000
NODE_4097_length_1176_cov_15.766945	584	664	8	2	80	0.0250000
NODE_4097_length_1176_cov_15.766945	584	664	12	27	80	0.3375000
NODE_4097_length_1176_cov_15.766945	584	664	16	51	80	0.6375000
NODE_4098_length_1176_cov_14.882080	628	708	4	5	80	0.0625000
NODE_4098_length_1176_cov_14.882080	628	708	7	44	80	0.5500000
NODE_4098_length_1176_cov_14.882080	628	708	8	31	80	0.3875000
NODE_4098_length_1176_cov_14.882080	681	761	0	41	80	0.5125000
NODE_4098_length_1176_cov_14.882080	681	761	4	17	80	0.2125000
NODE_4098_length_1176_cov_14.882080	681	761	7	22	80	0.2750000
NODE_4099_length_1176_cov_10.692665	392	472	0	15	80	0.1875000
NODE_4099_length_1176_cov_10.692665	392	472	2	65	80	0.8125000
NODE_4099_length_1176_cov_10.692665	445	525	0	62	80	0.7750000
NODE_4099_length_1176_cov_10.692665	445	525	2	18	80	0.2250000
NODE_4106_length_1175_cov_50.754647	526	606	0	20	80	0.2500000
NODE_4106_length_1175_cov_50.754647	526	606	2	58	80	0.7250000
NODE_4106_length_1175_cov_50.754647	526	606	4	2	80	0.0250000
NODE_4106_length_1175_cov_50.754647	579	659	2	26	80	0.3250000
NODE_4106_length_1175_cov_50.754647	579	659	4	2	80	0.0250000
NODE_4106_length_1175_cov_50.754647	579	659	6	5	80	0.0625000
NODE_4106_length_1175_cov_50.754647	579	659	10	15	80	0.1875000
NODE_4106_length_1175_cov_50.754647	579	659	14	32	80	0.4000000
NODE_4107_length_1175_cov_42.638476	327	407	4	31	80	0.3875000
NODE_4107_length_1175_cov_42.638476	327	407	6	16	80	0.2000000
NODE_4107_length_1175_cov_42.638476	327	407	8	33	80	0.4125000
NODE_4107_length_1175_cov_42.638476	380	460	0	4	80	0.0500000
NODE_4107_length_1175_cov_42.638476	380	460	2	15	80	0.1875000
NODE_4107_length_1175_cov_42.638476	380	460	4	5	80	0.0625000
NODE_4107_length_1175_cov_42.638476	380	460	6	41	80	0.5125000
NODE_4107_length_1175_cov_42.638476	380	460	8	15	80	0.1875000
NODE_4107_length_1175_cov_42.638476	456	536	0	80	80	1.0000000
NODE_4107_length_1175_cov_42.638476	509	589	0	80	80	1.0000000
NODE_4108_length_1175_cov_40.217472	437	517	2	80	80	1.0000000
NODE_4108_length_1175_cov_40.217472	490	570	0	52	80	0.6500000
NODE_4108_length_1175_cov_40.217472	490	570	2	28	80	0.3500000
NODE_4108_length_1175_cov_40.217472	566	646	0	80	80	1.0000000
NODE_4108_length_1175_cov_40.217472	619	699	0	80	80	1.0000000
NODE_4109_length_1175_cov_12.834572	775	855	2	65	80	0.8125000
NODE_4109_length_1175_cov_12.834572	775	855	4	15	80	0.1875000
NODE_4109_length_1175_cov_12.834572	828	908	2	80	80	1.0000000
NODE_4115_length_1174_cov_20.569302	433	513	6	15	80	0.1875000
NODE_4115_length_1174_cov_20.569302	433	513	8	65	80	0.8125000
NODE_4115_length_1174_cov_20.569302	486	566	6	25	80	0.3125000
NODE_4115_length_1174_cov_20.569302	486	566	8	35	80	0.4375000
NODE_4115_length_1174_cov_20.569302	486	566	10	11	80	0.1375000
NODE_4115_length_1174_cov_20.569302	486	566	12	9	80	0.1125000
NODE_4115_length_1174_cov_20.569302	562	642	0	8	80	0.1000000
NODE_4115_length_1174_cov_20.569302	562	642	4	54	80	0.6750000
NODE_4115_length_1174_cov_20.569302	562	642	6	18	80	0.2250000
NODE_4115_length_1174_cov_20.569302	615	695	0	61	80	0.7625000
NODE_4115_length_1174_cov_20.569302	615	695	4	19	80	0.2375000
NODE_4116_length_1174_cov_18.797209	578	658	0	9	80	0.1125000
NODE_4116_length_1174_cov_18.797209	578	658	2	71	80	0.8875000
NODE_4116_length_1174_cov_18.797209	631	711	0	21	80	0.2625000
NODE_4116_length_1174_cov_18.797209	631	711	2	59	80	0.7375000
NODE_4117_length_1174_cov_17.486512	589	669	0	21	80	0.2625000
NODE_4117_length_1174_cov_17.486512	589	669	2	2	80	0.0250000
NODE_4117_length_1174_cov_17.486512	589	669	4	15	80	0.1875000
NODE_4117_length_1174_cov_17.486512	589	669	5	7	80	0.0875000
NODE_4117_length_1174_cov_17.486512	589	669	6	35	80	0.4375000
NODE_4117_length_1174_cov_17.486512	642	722	4	26	80	0.3250000
NODE_4117_length_1174_cov_17.486512	642	722	6	54	80	0.6750000
NODE_4118_length_1174_cov_15.888372	570	650	0	80	80	1.0000000
NODE_4118_length_1174_cov_15.888372	623	703	0	80	80	1.0000000
NODE_4118_length_1174_cov_15.888372	699	779	0	80	80	1.0000000
NODE_4118_length_1174_cov_15.888372	752	832	0	80	80	1.0000000
NODE_4124_length_1174_cov_1.536744	1066	1115	4	49	49	1.0000000
NODE_4124_length_1174_cov_1.536744	1088	1168	4	80	80	1.0000000
NODE_4128_length_1173_cov_29.562384	455	535	2	30	80	0.3750000
NODE_4128_length_1173_cov_29.562384	455	535	12	2	80	0.0250000
NODE_4128_length_1173_cov_29.562384	455	535	14	3	80	0.0375000
NODE_4128_length_1173_cov_29.562384	455	535	16	23	80	0.2875000
NODE_4128_length_1173_cov_29.562384	455	535	18	22	80	0.2750000
NODE_4128_length_1173_cov_29.562384	508	588	16	5	80	0.0625000
NODE_4128_length_1173_cov_29.562384	508	588	18	22	80	0.2750000
NODE_4128_length_1173_cov_29.562384	508	588	24	26	80	0.3250000
NODE_4128_length_1173_cov_29.562384	508	588	25	8	80	0.1000000
NODE_4128_length_1173_cov_29.562384	508	588	26	19	80	0.2375000
NODE_4128_length_1173_cov_29.562384	584	664	6	24	80	0.3000000
NODE_4128_length_1173_cov_29.562384	584	664	8	3	80	0.0375000
NODE_4128_length_1173_cov_29.562384	584	664	17	1	80	0.0125000
NODE_4128_length_1173_cov_29.562384	584	664	18	9	80	0.1125000
NODE_4128_length_1173_cov_29.562384	584	664	22	5	80	0.0625000
NODE_4128_length_1173_cov_29.562384	584	664	24	34	80	0.4250000
NODE_4128_length_1173_cov_29.562384	584	664	26	4	80	0.0500000
NODE_4128_length_1173_cov_29.562384	637	717	2	6	80	0.0750000
NODE_4128_length_1173_cov_29.562384	637	717	6	71	80	0.8875000
NODE_4128_length_1173_cov_29.562384	637	717	8	3	80	0.0375000
NODE_4129_length_1173_cov_25.206704	395	475	0	80	80	1.0000000
NODE_4129_length_1173_cov_25.206704	448	528	0	42	80	0.5250000
NODE_4129_length_1173_cov_25.206704	448	528	2	38	80	0.4750000
NODE_4130_length_1173_cov_9.486965	693	773	0	11	80	0.1375000
NODE_4130_length_1173_cov_9.486965	693	773	2	12	80	0.1500000
NODE_4130_length_1173_cov_9.486965	693	773	4	10	80	0.1250000
NODE_4130_length_1173_cov_9.486965	693	773	6	31	80	0.3875000
NODE_4130_length_1173_cov_9.486965	693	773	12	16	80	0.2000000
NODE_4130_length_1173_cov_9.486965	746	826	6	11	80	0.1375000
NODE_4130_length_1173_cov_9.486965	746	826	12	69	80	0.8625000
NODE_4131_length_1173_cov_7.946927	201	281	0	19	80	0.2375000
NODE_4131_length_1173_cov_7.946927	201	281	2	44	80	0.5500000
NODE_4131_length_1173_cov_7.946927	201	281	4	17	80	0.2125000
NODE_4131_length_1173_cov_7.946927	254	334	2	10	80	0.1250000
NODE_4131_length_1173_cov_7.946927	254	334	4	70	80	0.8750000
NODE_4136_length_1172_cov_37.177074	527	607	2	70	80	0.8750000
NODE_4136_length_1172_cov_37.177074	527	607	4	10	80	0.1250000
NODE_4136_length_1172_cov_37.177074	580	660	2	70	80	0.8750000
NODE_4136_length_1172_cov_37.177074	580	660	4	10	80	0.1250000
NODE_4137_length_1172_cov_20.397018	677	757	10	18	80	0.2250000
NODE_4137_length_1172_cov_20.397018	677	757	12	25	80	0.3125000
NODE_4137_length_1172_cov_20.397018	677	757	14	4	80	0.0500000
NODE_4137_length_1172_cov_20.397018	677	757	16	9	80	0.1125000
NODE_4137_length_1172_cov_20.397018	677	757	18	24	80	0.3000000
NODE_4137_length_1172_cov_20.397018	730	810	8	12	80	0.1500000
NODE_4137_length_1172_cov_20.397018	730	810	12	9	80	0.1125000
NODE_4137_length_1172_cov_20.397018	730	810	16	3	80	0.0375000
NODE_4137_length_1172_cov_20.397018	730	810	18	56	80	0.7000000
NODE_4138_length_1172_cov_15.018639	460	540	4	12	80	0.1500000
NODE_4138_length_1172_cov_15.018639	460	540	6	2	80	0.0250000
NODE_4138_length_1172_cov_15.018639	460	540	8	65	80	0.8125000
NODE_4138_length_1172_cov_15.018639	460	540	10	1	80	0.0125000
NODE_4138_length_1172_cov_15.018639	513	593	0	3	80	0.0375000
NODE_4138_length_1172_cov_15.018639	513	593	2	37	80	0.4625000
NODE_4138_length_1172_cov_15.018639	513	593	6	15	80	0.1875000
NODE_4138_length_1172_cov_15.018639	513	593	8	25	80	0.3125000
NODE_4139_length_1172_cov_13.199441	622	702	0	80	80	1.0000000
NODE_4139_length_1172_cov_13.199441	675	755	0	80	80	1.0000000
NODE_4140_length_1172_cov_10.720410	499	579	0	16	80	0.2000000
NODE_4140_length_1172_cov_10.720410	499	579	2	64	80	0.8000000
NODE_4140_length_1172_cov_10.720410	552	632	2	80	80	1.0000000
NODE_4140_length_1172_cov_10.720410	628	708	0	13	80	0.1625000
NODE_4140_length_1172_cov_10.720410	628	708	2	67	80	0.8375000
NODE_4140_length_1172_cov_10.720410	681	761	0	12	80	0.1500000
NODE_4140_length_1172_cov_10.720410	681	761	1	6	80	0.0750000
NODE_4140_length_1172_cov_10.720410	681	761	2	62	80	0.7750000
NODE_4141_length_1172_cov_10.574091	951	1021	33	1	70	0.0142857
NODE_4141_length_1172_cov_10.574091	951	1021	35	1	70	0.0142857
NODE_4141_length_1172_cov_10.574091	951	1021	39	4	70	0.0571429
NODE_4141_length_1172_cov_10.574091	951	1021	43	1	70	0.0142857
NODE_4141_length_1172_cov_10.574091	951	1021	47	3	70	0.0428571
NODE_4141_length_1172_cov_10.574091	951	1021	49	2	70	0.0285714
NODE_4141_length_1172_cov_10.574091	951	1021	57	1	70	0.0142857
NODE_4141_length_1172_cov_10.574091	951	1021	61	2	70	0.0285714
NODE_4141_length_1172_cov_10.574091	951	1021	63	2	70	0.0285714
NODE_4141_length_1172_cov_10.574091	951	1021	66	2	70	0.0285714
NODE_4141_length_1172_cov_10.574091	951	1021	75	2	70	0.0285714
NODE_4141_length_1172_cov_10.574091	951	1021	77	2	70	0.0285714
NODE_4141_length_1172_cov_10.574091	951	1021	79	2	70	0.0285714
NODE_4141_length_1172_cov_10.574091	951	1021	80	3	70	0.0428571
NODE_4141_length_1172_cov_10.574091	951	1021	82	7	70	0.1000000
NODE_4141_length_1172_cov_10.574091	951	1021	83	18	70	0.2571429
NODE_4141_length_1172_cov_10.574091	951	1021	84	17	70	0.2428571
NODE_4142_length_1172_cov_9.204101	276	356	0	11	80	0.1375000
NODE_4142_length_1172_cov_9.204101	276	356	6	69	80	0.8625000
NODE_4142_length_1172_cov_9.204101	329	409	6	80	80	1.0000000
NODE_4148_length_1171_cov_13.311567	666	746	16	9	80	0.1125000
NODE_4148_length_1171_cov_13.311567	666	746	18	11	80	0.1375000
NODE_4148_length_1171_cov_13.311567	666	746	21	1	80	0.0125000
NODE_4148_length_1171_cov_13.311567	666	746	22	27	80	0.3375000
NODE_4148_length_1171_cov_13.311567	666	746	26	32	80	0.4000000
NODE_4148_length_1171_cov_13.311567	719	803	6	4	84	0.0476190
NODE_4148_length_1171_cov_13.311567	719	803	20	26	84	0.3095238
NODE_4148_length_1171_cov_13.311567	719	803	26	38	84	0.4523810
NODE_4148_length_1171_cov_13.311567	719	803	27	1	84	0.0119048
NODE_4148_length_1171_cov_13.311567	719	803	28	15	84	0.1785714
NODE_4149_length_1171_cov_9.154851	198	278	0	80	80	1.0000000
NODE_4149_length_1171_cov_9.154851	251	331	0	80	80	1.0000000
NODE_4157_length_1170_cov_65.480859	402	482	0	74	80	0.9250000
NODE_4157_length_1170_cov_65.480859	402	482	2	6	80	0.0750000
NODE_4157_length_1170_cov_65.480859	455	535	0	21	80	0.2625000
NODE_4157_length_1170_cov_65.480859	455	535	2	15	80	0.1875000
NODE_4157_length_1170_cov_65.480859	455	535	4	44	80	0.5500000
NODE_4158_length_1170_cov_35.283847	704	784	2	1	80	0.0125000
NODE_4158_length_1170_cov_35.283847	704	784	4	18	80	0.2250000
NODE_4158_length_1170_cov_35.283847	704	784	5	1	80	0.0125000
NODE_4158_length_1170_cov_35.283847	704	784	6	2	80	0.0250000
NODE_4158_length_1170_cov_35.283847	704	784	8	58	80	0.7250000
NODE_4158_length_1170_cov_35.283847	757	837	2	1	80	0.0125000
NODE_4158_length_1170_cov_35.283847	757	837	4	71	80	0.8875000
NODE_4158_length_1170_cov_35.283847	757	837	5	1	80	0.0125000
NODE_4158_length_1170_cov_35.283847	757	837	6	2	80	0.0250000
NODE_4158_length_1170_cov_35.283847	757	837	8	5	80	0.0625000
NODE_4159_length_1170_cov_23.600373	450	530	0	80	80	1.0000000
NODE_4159_length_1170_cov_23.600373	503	583	0	80	80	1.0000000
NODE_4159_length_1170_cov_23.600373	579	659	0	53	80	0.6625000
NODE_4159_length_1170_cov_23.600373	579	659	2	25	80	0.3125000
NODE_4159_length_1170_cov_23.600373	579	659	4	2	80	0.0250000
NODE_4159_length_1170_cov_23.600373	632	705	2	25	73	0.3424658
NODE_4159_length_1170_cov_23.600373	632	705	4	48	73	0.6575342
NODE_4160_length_1170_cov_19.783380	325	405	22	8	80	0.1000000
NODE_4160_length_1170_cov_19.783380	325	405	23	10	80	0.1250000
NODE_4160_length_1170_cov_19.783380	325	405	24	13	80	0.1625000
NODE_4160_length_1170_cov_19.783380	325	405	25	1	80	0.0125000
NODE_4160_length_1170_cov_19.783380	325	405	26	24	80	0.3000000
NODE_4160_length_1170_cov_19.783380	325	405	27	24	80	0.3000000
NODE_4160_length_1170_cov_19.783380	378	458	4	11	80	0.1375000
NODE_4160_length_1170_cov_19.783380	378	458	5	2	80	0.0250000
NODE_4160_length_1170_cov_19.783380	378	458	6	2	80	0.0250000
NODE_4160_length_1170_cov_19.783380	378	458	8	21	80	0.2625000
NODE_4160_length_1170_cov_19.783380	378	458	14	3	80	0.0375000
NODE_4160_length_1170_cov_19.783380	378	458	22	1	80	0.0125000
NODE_4160_length_1170_cov_19.783380	378	458	24	16	80	0.2000000
NODE_4160_length_1170_cov_19.783380	378	458	27	24	80	0.3000000
NODE_4168_length_1169_cov_61.689720	464	544	18	36	80	0.4500000
NODE_4168_length_1169_cov_61.689720	464	544	20	17	80	0.2125000
NODE_4168_length_1169_cov_61.689720	464	544	22	22	80	0.2750000
NODE_4168_length_1169_cov_61.689720	464	544	24	5	80	0.0625000
NODE_4168_length_1169_cov_61.689720	517	597	5	4	80	0.0500000
NODE_4168_length_1169_cov_61.689720	517	597	6	4	80	0.0500000
NODE_4168_length_1169_cov_61.689720	517	597	8	5	80	0.0625000
NODE_4168_length_1169_cov_61.689720	517	597	9	4	80	0.0500000
NODE_4168_length_1169_cov_61.689720	517	597	11	10	80	0.1250000
NODE_4168_length_1169_cov_61.689720	517	597	12	3	80	0.0375000
NODE_4168_length_1169_cov_61.689720	517	597	18	10	80	0.1250000
NODE_4168_length_1169_cov_61.689720	517	597	20	30	80	0.3750000
NODE_4168_length_1169_cov_61.689720	517	597	22	10	80	0.1250000
NODE_4168_length_1169_cov_61.689720	593	673	2	35	80	0.4375000
NODE_4168_length_1169_cov_61.689720	593	673	4	29	80	0.3625000
NODE_4168_length_1169_cov_61.689720	593	673	6	16	80	0.2000000
NODE_4168_length_1169_cov_61.689720	646	726	2	80	80	1.0000000
NODE_4169_length_1169_cov_55.247664	640	720	0	77	80	0.9625000
NODE_4169_length_1169_cov_55.247664	640	720	6	1	80	0.0125000
NODE_4169_length_1169_cov_55.247664	640	720	8	2	80	0.0250000
NODE_4169_length_1169_cov_55.247664	693	773	0	24	80	0.3000000
NODE_4169_length_1169_cov_55.247664	693	773	6	1	80	0.0125000
NODE_4169_length_1169_cov_55.247664	693	773	8	2	80	0.0250000
NODE_4169_length_1169_cov_55.247664	693	773	11	1	80	0.0125000
NODE_4169_length_1169_cov_55.247664	693	773	12	52	80	0.6500000
NODE_4170_length_1169_cov_39.016822	447	527	0	2	80	0.0250000
NODE_4170_length_1169_cov_39.016822	447	527	2	54	80	0.6750000
NODE_4170_length_1169_cov_39.016822	447	527	4	24	80	0.3000000
NODE_4170_length_1169_cov_39.016822	500	580	2	3	80	0.0375000
NODE_4170_length_1169_cov_39.016822	500	580	4	77	80	0.9625000
NODE_4170_length_1169_cov_39.016822	576	656	0	69	80	0.8625000
NODE_4170_length_1169_cov_39.016822	576	656	2	7	80	0.0875000
NODE_4170_length_1169_cov_39.016822	576	656	4	4	80	0.0500000
NODE_4170_length_1169_cov_39.016822	629	709	0	80	80	1.0000000
NODE_4171_length_1169_cov_35.383178	582	662	4	52	80	0.6500000
NODE_4171_length_1169_cov_35.383178	582	662	6	28	80	0.3500000
NODE_4171_length_1169_cov_35.383178	635	715	4	49	80	0.6125000
NODE_4171_length_1169_cov_35.383178	635	715	6	31	80	0.3875000
NODE_4173_length_1169_cov_12.010280	338	418	0	6	80	0.0750000
NODE_4173_length_1169_cov_12.010280	338	418	6	74	80	0.9250000
NODE_4173_length_1169_cov_12.010280	391	471	0	23	80	0.2875000
NODE_4173_length_1169_cov_12.010280	391	471	6	57	80	0.7125000
NODE_4175_length_1169_cov_4.172897	74	135	0	61	61	1.0000000
NODE_4175_length_1169_cov_4.172897	74	135	0	61	61	1.0000000
NODE_4175_length_1169_cov_4.172897	74	135	0	61	61	1.0000000
NODE_4183_length_1168_cov_27.350795	517	597	0	7	80	0.0875000
NODE_4183_length_1168_cov_27.350795	517	597	6	1	80	0.0125000
NODE_4183_length_1168_cov_27.350795	517	597	7	68	80	0.8500000
NODE_4183_length_1168_cov_27.350795	517	597	8	4	80	0.0500000
NODE_4183_length_1168_cov_27.350795	570	650	0	24	80	0.3000000
NODE_4183_length_1168_cov_27.350795	570	650	7	23	80	0.2875000
NODE_4183_length_1168_cov_27.350795	570	650	8	33	80	0.4125000
NODE_4183_length_1168_cov_27.350795	646	726	0	26	80	0.3250000
NODE_4183_length_1168_cov_27.350795	646	726	24	37	80	0.4625000
NODE_4183_length_1168_cov_27.350795	646	726	25	3	80	0.0375000
NODE_4183_length_1168_cov_27.350795	646	726	26	3	80	0.0375000
NODE_4183_length_1168_cov_27.350795	646	726	28	1	80	0.0125000
NODE_4183_length_1168_cov_27.350795	646	726	31	4	80	0.0500000
NODE_4183_length_1168_cov_27.350795	646	726	33	2	80	0.0250000
NODE_4183_length_1168_cov_27.350795	646	726	34	4	80	0.0500000
NODE_4183_length_1168_cov_27.350795	699	779	24	10	80	0.1250000
NODE_4183_length_1168_cov_27.350795	699	779	25	3	80	0.0375000
NODE_4183_length_1168_cov_27.350795	699	779	26	3	80	0.0375000
NODE_4183_length_1168_cov_27.350795	699	779	28	1	80	0.0125000
NODE_4183_length_1168_cov_27.350795	699	779	31	4	80	0.0500000
NODE_4183_length_1168_cov_27.350795	699	779	33	2	80	0.0250000
NODE_4183_length_1168_cov_27.350795	699	779	34	7	80	0.0875000
NODE_4183_length_1168_cov_27.350795	699	779	35	7	80	0.0875000
NODE_4183_length_1168_cov_27.350795	699	779	39	3	80	0.0375000
NODE_4183_length_1168_cov_27.350795	699	779	40	4	80	0.0500000
NODE_4183_length_1168_cov_27.350795	699	779	41	5	80	0.0625000
NODE_4183_length_1168_cov_27.350795	699	779	42	31	80	0.3875000
NODE_4184_length_1168_cov_25.777362	672	752	2	7	80	0.0875000
NODE_4184_length_1168_cov_25.777362	672	752	6	14	80	0.1750000
NODE_4184_length_1168_cov_25.777362	672	752	7	11	80	0.1375000
NODE_4184_length_1168_cov_25.777362	672	752	8	48	80	0.6000000
NODE_4184_length_1168_cov_25.777362	725	805	2	40	80	0.5000000
NODE_4184_length_1168_cov_25.777362	725	805	6	16	80	0.2000000
NODE_4184_length_1168_cov_25.777362	725	805	8	24	80	0.3000000
NODE_4185_length_1168_cov_25.295603	543	623	0	80	80	1.0000000
NODE_4185_length_1168_cov_25.295603	596	676	0	80	80	1.0000000
NODE_4185_length_1168_cov_25.295603	672	752	0	43	80	0.5375000
NODE_4185_length_1168_cov_25.295603	672	752	2	37	80	0.4625000
NODE_4185_length_1168_cov_25.295603	725	804	2	79	79	1.0000000
NODE_4186_length_1168_cov_20.202058	434	514	8	16	80	0.2000000
NODE_4186_length_1168_cov_20.202058	434	514	14	64	80	0.8000000
NODE_4186_length_1168_cov_20.202058	487	567	6	2	80	0.0250000
NODE_4186_length_1168_cov_20.202058	487	567	7	1	80	0.0125000
NODE_4186_length_1168_cov_20.202058	487	567	8	56	80	0.7000000
NODE_4186_length_1168_cov_20.202058	487	567	14	21	80	0.2625000
NODE_4187_length_1168_cov_16.787652	405	485	2	26	80	0.3250000
NODE_4187_length_1168_cov_16.787652	405	485	4	54	80	0.6750000
NODE_4187_length_1168_cov_16.787652	458	538	0	20	80	0.2500000
NODE_4187_length_1168_cov_16.787652	458	538	1	11	80	0.1375000
NODE_4187_length_1168_cov_16.787652	458	538	2	48	80	0.6000000
NODE_4187_length_1168_cov_16.787652	458	538	4	1	80	0.0125000
NODE_4188_length_1168_cov_10.079514	722	802	0	80	80	1.0000000
NODE_4188_length_1168_cov_10.079514	775	855	0	80	80	1.0000000
NODE_4198_length_1167_cov_27.961610	591	671	4	9	80	0.1125000
NODE_4198_length_1167_cov_27.961610	591	671	6	43	80	0.5375000
NODE_4198_length_1167_cov_27.961610	591	671	7	6	80	0.0750000
NODE_4198_length_1167_cov_27.961610	591	671	8	5	80	0.0625000
NODE_4198_length_1167_cov_27.961610	591	671	9	3	80	0.0375000
NODE_4198_length_1167_cov_27.961610	591	671	10	14	80	0.1750000
NODE_4198_length_1167_cov_27.961610	644	724	7	6	80	0.0750000
NODE_4198_length_1167_cov_27.961610	644	724	8	5	80	0.0625000
NODE_4198_length_1167_cov_27.961610	644	724	9	2	80	0.0250000
NODE_4198_length_1167_cov_27.961610	644	724	10	67	80	0.8375000
NODE_4199_length_1167_cov_12.393258	670	750	6	57	80	0.7125000
NODE_4199_length_1167_cov_12.393258	670	750	8	23	80	0.2875000
NODE_4199_length_1167_cov_12.393258	723	803	4	9	80	0.1125000
NODE_4199_length_1167_cov_12.393258	723	803	6	71	80	0.8875000
NODE_4200_length_1167_cov_11.189139	434	514	0	80	80	1.0000000
NODE_4200_length_1167_cov_11.189139	487	567	0	80	80	1.0000000
NODE_4201_length_1167_cov_7.998127	711	791	0	55	80	0.6875000
NODE_4201_length_1167_cov_7.998127	711	791	2	25	80	0.3125000
NODE_4201_length_1167_cov_7.998127	764	844	0	2	80	0.0250000
NODE_4201_length_1167_cov_7.998127	764	844	2	78	80	0.9750000
NODE_4206_length_1166_cov_313.815370	444	524	69	2	80	0.0250000
NODE_4206_length_1166_cov_313.815370	444	524	70	5	80	0.0625000
NODE_4206_length_1166_cov_313.815370	444	524	71	4	80	0.0500000
NODE_4206_length_1166_cov_313.815370	444	524	78	1	80	0.0125000
NODE_4206_length_1166_cov_313.815370	444	524	82	1	80	0.0125000
NODE_4206_length_1166_cov_313.815370	444	524	86	1	80	0.0125000
NODE_4206_length_1166_cov_313.815370	444	524	89	1	80	0.0125000
NODE_4206_length_1166_cov_313.815370	444	524	140	1	80	0.0125000
NODE_4206_length_1166_cov_313.815370	444	524	175	1	80	0.0125000
NODE_4206_length_1166_cov_313.815370	444	524	177	1	80	0.0125000
NODE_4206_length_1166_cov_313.815370	444	524	225	1	80	0.0125000
NODE_4206_length_1166_cov_313.815370	444	524	234	1	80	0.0125000
NODE_4206_length_1166_cov_313.815370	444	524	242	1	80	0.0125000
NODE_4206_length_1166_cov_313.815370	444	524	252	1	80	0.0125000
NODE_4206_length_1166_cov_313.815370	444	524	280	1	80	0.0125000
NODE_4206_length_1166_cov_313.815370	444	524	291	1	80	0.0125000
NODE_4206_length_1166_cov_313.815370	444	524	292	1	80	0.0125000
NODE_4206_length_1166_cov_313.815370	444	524	308	1	80	0.0125000
NODE_4206_length_1166_cov_313.815370	444	524	310	1	80	0.0125000
NODE_4206_length_1166_cov_313.815370	444	524	314	1	80	0.0125000
NODE_4206_length_1166_cov_313.815370	444	524	354	1	80	0.0125000
NODE_4206_length_1166_cov_313.815370	444	524	375	1	80	0.0125000
NODE_4206_length_1166_cov_313.815370	444	524	387	1	80	0.0125000
NODE_4206_length_1166_cov_313.815370	444	524	408	1	80	0.0125000
NODE_4206_length_1166_cov_313.815370	444	524	426	1	80	0.0125000
NODE_4206_length_1166_cov_313.815370	444	524	447	1	80	0.0125000
NODE_4206_length_1166_cov_313.815370	444	524	547	1	80	0.0125000
NODE_4206_length_1166_cov_313.815370	444	524	603	1	80	0.0125000
NODE_4206_length_1166_cov_313.815370	444	524	615	1	80	0.0125000
NODE_4206_length_1166_cov_313.815370	444	524	626	1	80	0.0125000
NODE_4206_length_1166_cov_313.815370	444	524	687	1	80	0.0125000
NODE_4206_length_1166_cov_313.815370	444	524	713	1	80	0.0125000
NODE_4206_length_1166_cov_313.815370	444	524	735	1	80	0.0125000
NODE_4206_length_1166_cov_313.815370	444	524	742	1	80	0.0125000
NODE_4206_length_1166_cov_313.815370	444	524	762	1	80	0.0125000
NODE_4206_length_1166_cov_313.815370	444	524	781	1	80	0.0125000
NODE_4206_length_1166_cov_313.815370	444	524	785	1	80	0.0125000
NODE_4206_length_1166_cov_313.815370	444	524	799	1	80	0.0125000
NODE_4206_length_1166_cov_313.815370	444	524	825	1	80	0.0125000
NODE_4206_length_1166_cov_313.815370	444	524	834	1	80	0.0125000
NODE_4206_length_1166_cov_313.815370	444	524	850	1	80	0.0125000
NODE_4206_length_1166_cov_313.815370	444	524	858	1	80	0.0125000
NODE_4206_length_1166_cov_313.815370	444	524	883	2	80	0.0250000
NODE_4206_length_1166_cov_313.815370	444	524	898	1	80	0.0125000
NODE_4206_length_1166_cov_313.815370	444	524	904	1	80	0.0125000
NODE_4206_length_1166_cov_313.815370	444	524	905	1	80	0.0125000
NODE_4206_length_1166_cov_313.815370	444	524	918	1	80	0.0125000
NODE_4206_length_1166_cov_313.815370	444	524	922	1	80	0.0125000
NODE_4206_length_1166_cov_313.815370	444	524	938	1	80	0.0125000
NODE_4206_length_1166_cov_313.815370	444	524	942	1	80	0.0125000
NODE_4206_length_1166_cov_313.815370	444	524	960	1	80	0.0125000
NODE_4206_length_1166_cov_313.815370	444	524	981	1	80	0.0125000
NODE_4206_length_1166_cov_313.815370	444	524	988	1	80	0.0125000
NODE_4206_length_1166_cov_313.815370	444	524	996	1	80	0.0125000
NODE_4206_length_1166_cov_313.815370	444	524	1017	3	80	0.0375000
NODE_4206_length_1166_cov_313.815370	444	524	1023	1	80	0.0125000
NODE_4206_length_1166_cov_313.815370	444	524	1031	1	80	0.0125000
NODE_4206_length_1166_cov_313.815370	444	524	1043	1	80	0.0125000
NODE_4206_length_1166_cov_313.815370	444	524	1051	1	80	0.0125000
NODE_4206_length_1166_cov_313.815370	444	524	1052	1	80	0.0125000
NODE_4206_length_1166_cov_313.815370	444	524	1053	1	80	0.0125000
NODE_4206_length_1166_cov_313.815370	444	524	1054	1	80	0.0125000
NODE_4206_length_1166_cov_313.815370	444	524	1061	1	80	0.0125000
NODE_4206_length_1166_cov_313.815370	444	524	1093	3	80	0.0375000
NODE_4206_length_1166_cov_313.815370	444	524	1094	2	80	0.0250000
NODE_4206_length_1166_cov_313.815370	444	524	1096	1	80	0.0125000
NODE_4206_length_1166_cov_313.815370	444	524	69	2	80	0.0250000
NODE_4206_length_1166_cov_313.815370	444	524	70	5	80	0.0625000
NODE_4206_length_1166_cov_313.815370	444	524	71	4	80	0.0500000
NODE_4206_length_1166_cov_313.815370	444	524	78	1	80	0.0125000
NODE_4206_length_1166_cov_313.815370	444	524	82	1	80	0.0125000
NODE_4206_length_1166_cov_313.815370	444	524	86	1	80	0.0125000
NODE_4206_length_1166_cov_313.815370	444	524	89	1	80	0.0125000
NODE_4206_length_1166_cov_313.815370	444	524	140	1	80	0.0125000
NODE_4206_length_1166_cov_313.815370	444	524	175	1	80	0.0125000
NODE_4206_length_1166_cov_313.815370	444	524	177	1	80	0.0125000
NODE_4206_length_1166_cov_313.815370	444	524	225	1	80	0.0125000
NODE_4206_length_1166_cov_313.815370	444	524	234	1	80	0.0125000
NODE_4206_length_1166_cov_313.815370	444	524	242	1	80	0.0125000
NODE_4206_length_1166_cov_313.815370	444	524	252	1	80	0.0125000
NODE_4206_length_1166_cov_313.815370	444	524	280	1	80	0.0125000
NODE_4206_length_1166_cov_313.815370	444	524	291	1	80	0.0125000
NODE_4206_length_1166_cov_313.815370	444	524	292	1	80	0.0125000
NODE_4206_length_1166_cov_313.815370	444	524	308	1	80	0.0125000
NODE_4206_length_1166_cov_313.815370	444	524	310	1	80	0.0125000
NODE_4206_length_1166_cov_313.815370	444	524	314	1	80	0.0125000
NODE_4206_length_1166_cov_313.815370	444	524	354	1	80	0.0125000
NODE_4206_length_1166_cov_313.815370	444	524	375	1	80	0.0125000
NODE_4206_length_1166_cov_313.815370	444	524	387	1	80	0.0125000
NODE_4206_length_1166_cov_313.815370	444	524	408	1	80	0.0125000
NODE_4206_length_1166_cov_313.815370	444	524	426	1	80	0.0125000
NODE_4206_length_1166_cov_313.815370	444	524	447	1	80	0.0125000
NODE_4206_length_1166_cov_313.815370	444	524	547	1	80	0.0125000
NODE_4206_length_1166_cov_313.815370	444	524	603	1	80	0.0125000
NODE_4206_length_1166_cov_313.815370	444	524	615	1	80	0.0125000
NODE_4206_length_1166_cov_313.815370	444	524	626	1	80	0.0125000
NODE_4206_length_1166_cov_313.815370	444	524	687	1	80	0.0125000
NODE_4206_length_1166_cov_313.815370	444	524	713	1	80	0.0125000
NODE_4206_length_1166_cov_313.815370	444	524	735	1	80	0.0125000
NODE_4206_length_1166_cov_313.815370	444	524	742	1	80	0.0125000
NODE_4206_length_1166_cov_313.815370	444	524	762	1	80	0.0125000
NODE_4206_length_1166_cov_313.815370	444	524	781	1	80	0.0125000
NODE_4206_length_1166_cov_313.815370	444	524	785	1	80	0.0125000
NODE_4206_length_1166_cov_313.815370	444	524	799	1	80	0.0125000
NODE_4206_length_1166_cov_313.815370	444	524	825	1	80	0.0125000
NODE_4206_length_1166_cov_313.815370	444	524	834	1	80	0.0125000
NODE_4206_length_1166_cov_313.815370	444	524	850	1	80	0.0125000
NODE_4206_length_1166_cov_313.815370	444	524	858	1	80	0.0125000
NODE_4206_length_1166_cov_313.815370	444	524	883	2	80	0.0250000
NODE_4206_length_1166_cov_313.815370	444	524	898	1	80	0.0125000
NODE_4206_length_1166_cov_313.815370	444	524	904	1	80	0.0125000
NODE_4206_length_1166_cov_313.815370	444	524	905	1	80	0.0125000
NODE_4206_length_1166_cov_313.815370	444	524	918	1	80	0.0125000
NODE_4206_length_1166_cov_313.815370	444	524	922	1	80	0.0125000
NODE_4206_length_1166_cov_313.815370	444	524	938	1	80	0.0125000
NODE_4206_length_1166_cov_313.815370	444	524	942	1	80	0.0125000
NODE_4206_length_1166_cov_313.815370	444	524	960	1	80	0.0125000
NODE_4206_length_1166_cov_313.815370	444	524	981	1	80	0.0125000
NODE_4206_length_1166_cov_313.815370	444	524	988	1	80	0.0125000
NODE_4206_length_1166_cov_313.815370	444	524	996	1	80	0.0125000
NODE_4206_length_1166_cov_313.815370	444	524	1017	3	80	0.0375000
NODE_4206_length_1166_cov_313.815370	444	524	1023	1	80	0.0125000
NODE_4206_length_1166_cov_313.815370	444	524	1031	1	80	0.0125000
NODE_4206_length_1166_cov_313.815370	444	524	1043	1	80	0.0125000
NODE_4206_length_1166_cov_313.815370	444	524	1051	1	80	0.0125000
NODE_4206_length_1166_cov_313.815370	444	524	1052	1	80	0.0125000
NODE_4206_length_1166_cov_313.815370	444	524	1053	1	80	0.0125000
NODE_4206_length_1166_cov_313.815370	444	524	1054	1	80	0.0125000
NODE_4206_length_1166_cov_313.815370	444	524	1061	1	80	0.0125000
NODE_4206_length_1166_cov_313.815370	444	524	1093	3	80	0.0375000
NODE_4206_length_1166_cov_313.815370	444	524	1094	2	80	0.0250000
NODE_4206_length_1166_cov_313.815370	444	524	1096	1	80	0.0125000
NODE_4206_length_1166_cov_313.815370	444	524	69	2	80	0.0250000
NODE_4206_length_1166_cov_313.815370	444	524	70	5	80	0.0625000
NODE_4206_length_1166_cov_313.815370	444	524	71	4	80	0.0500000
NODE_4206_length_1166_cov_313.815370	444	524	78	1	80	0.0125000
NODE_4206_length_1166_cov_313.815370	444	524	82	1	80	0.0125000
NODE_4206_length_1166_cov_313.815370	444	524	86	1	80	0.0125000
NODE_4206_length_1166_cov_313.815370	444	524	89	1	80	0.0125000
NODE_4206_length_1166_cov_313.815370	444	524	140	1	80	0.0125000
NODE_4206_length_1166_cov_313.815370	444	524	175	1	80	0.0125000
NODE_4206_length_1166_cov_313.815370	444	524	177	1	80	0.0125000
NODE_4206_length_1166_cov_313.815370	444	524	225	1	80	0.0125000
NODE_4206_length_1166_cov_313.815370	444	524	234	1	80	0.0125000
NODE_4206_length_1166_cov_313.815370	444	524	242	1	80	0.0125000
NODE_4206_length_1166_cov_313.815370	444	524	252	1	80	0.0125000
NODE_4206_length_1166_cov_313.815370	444	524	280	1	80	0.0125000
NODE_4206_length_1166_cov_313.815370	444	524	291	1	80	0.0125000
NODE_4206_length_1166_cov_313.815370	444	524	292	1	80	0.0125000
NODE_4206_length_1166_cov_313.815370	444	524	308	1	80	0.0125000
NODE_4206_length_1166_cov_313.815370	444	524	310	1	80	0.0125000
NODE_4206_length_1166_cov_313.815370	444	524	314	1	80	0.0125000
NODE_4206_length_1166_cov_313.815370	444	524	354	1	80	0.0125000
NODE_4206_length_1166_cov_313.815370	444	524	375	1	80	0.0125000
NODE_4206_length_1166_cov_313.815370	444	524	387	1	80	0.0125000
NODE_4206_length_1166_cov_313.815370	444	524	408	1	80	0.0125000
NODE_4206_length_1166_cov_313.815370	444	524	426	1	80	0.0125000
NODE_4206_length_1166_cov_313.815370	444	524	447	1	80	0.0125000
NODE_4206_length_1166_cov_313.815370	444	524	547	1	80	0.0125000
NODE_4206_length_1166_cov_313.815370	444	524	603	1	80	0.0125000
NODE_4206_length_1166_cov_313.815370	444	524	615	1	80	0.0125000
NODE_4206_length_1166_cov_313.815370	444	524	626	1	80	0.0125000
NODE_4206_length_1166_cov_313.815370	444	524	687	1	80	0.0125000
NODE_4206_length_1166_cov_313.815370	444	524	713	1	80	0.0125000
NODE_4206_length_1166_cov_313.815370	444	524	735	1	80	0.0125000
NODE_4206_length_1166_cov_313.815370	444	524	742	1	80	0.0125000
NODE_4206_length_1166_cov_313.815370	444	524	762	1	80	0.0125000
NODE_4206_length_1166_cov_313.815370	444	524	781	1	80	0.0125000
NODE_4206_length_1166_cov_313.815370	444	524	785	1	80	0.0125000
NODE_4206_length_1166_cov_313.815370	444	524	799	1	80	0.0125000
NODE_4206_length_1166_cov_313.815370	444	524	825	1	80	0.0125000
NODE_4206_length_1166_cov_313.815370	444	524	834	1	80	0.0125000
NODE_4206_length_1166_cov_313.815370	444	524	850	1	80	0.0125000
NODE_4206_length_1166_cov_313.815370	444	524	858	1	80	0.0125000
NODE_4206_length_1166_cov_313.815370	444	524	883	2	80	0.0250000
NODE_4206_length_1166_cov_313.815370	444	524	898	1	80	0.0125000
NODE_4206_length_1166_cov_313.815370	444	524	904	1	80	0.0125000
NODE_4206_length_1166_cov_313.815370	444	524	905	1	80	0.0125000
NODE_4206_length_1166_cov_313.815370	444	524	918	1	80	0.0125000
NODE_4206_length_1166_cov_313.815370	444	524	922	1	80	0.0125000
NODE_4206_length_1166_cov_313.815370	444	524	938	1	80	0.0125000
NODE_4206_length_1166_cov_313.815370	444	524	942	1	80	0.0125000
NODE_4206_length_1166_cov_313.815370	444	524	960	1	80	0.0125000
NODE_4206_length_1166_cov_313.815370	444	524	981	1	80	0.0125000
NODE_4206_length_1166_cov_313.815370	444	524	988	1	80	0.0125000
NODE_4206_length_1166_cov_313.815370	444	524	996	1	80	0.0125000
NODE_4206_length_1166_cov_313.815370	444	524	1017	3	80	0.0375000
NODE_4206_length_1166_cov_313.815370	444	524	1023	1	80	0.0125000
NODE_4206_length_1166_cov_313.815370	444	524	1031	1	80	0.0125000
NODE_4206_length_1166_cov_313.815370	444	524	1043	1	80	0.0125000
NODE_4206_length_1166_cov_313.815370	444	524	1051	1	80	0.0125000
NODE_4206_length_1166_cov_313.815370	444	524	1052	1	80	0.0125000
NODE_4206_length_1166_cov_313.815370	444	524	1053	1	80	0.0125000
NODE_4206_length_1166_cov_313.815370	444	524	1054	1	80	0.0125000
NODE_4206_length_1166_cov_313.815370	444	524	1061	1	80	0.0125000
NODE_4206_length_1166_cov_313.815370	444	524	1093	3	80	0.0375000
NODE_4206_length_1166_cov_313.815370	444	524	1094	2	80	0.0250000
NODE_4206_length_1166_cov_313.815370	444	524	1096	1	80	0.0125000
NODE_4206_length_1166_cov_313.815370	444	524	69	2	80	0.0250000
NODE_4206_length_1166_cov_313.815370	444	524	70	5	80	0.0625000
NODE_4206_length_1166_cov_313.815370	444	524	71	4	80	0.0500000
NODE_4206_length_1166_cov_313.815370	444	524	78	1	80	0.0125000
NODE_4206_length_1166_cov_313.815370	444	524	82	1	80	0.0125000
NODE_4206_length_1166_cov_313.815370	444	524	86	1	80	0.0125000
NODE_4206_length_1166_cov_313.815370	444	524	89	1	80	0.0125000
NODE_4206_length_1166_cov_313.815370	444	524	140	1	80	0.0125000
NODE_4206_length_1166_cov_313.815370	444	524	175	1	80	0.0125000
NODE_4206_length_1166_cov_313.815370	444	524	177	1	80	0.0125000
NODE_4206_length_1166_cov_313.815370	444	524	225	1	80	0.0125000
NODE_4206_length_1166_cov_313.815370	444	524	234	1	80	0.0125000
NODE_4206_length_1166_cov_313.815370	444	524	242	1	80	0.0125000
NODE_4206_length_1166_cov_313.815370	444	524	252	1	80	0.0125000
NODE_4206_length_1166_cov_313.815370	444	524	280	1	80	0.0125000
NODE_4206_length_1166_cov_313.815370	444	524	291	1	80	0.0125000
NODE_4206_length_1166_cov_313.815370	444	524	292	1	80	0.0125000
NODE_4206_length_1166_cov_313.815370	444	524	308	1	80	0.0125000
NODE_4206_length_1166_cov_313.815370	444	524	310	1	80	0.0125000
NODE_4206_length_1166_cov_313.815370	444	524	314	1	80	0.0125000
NODE_4206_length_1166_cov_313.815370	444	524	354	1	80	0.0125000
NODE_4206_length_1166_cov_313.815370	444	524	375	1	80	0.0125000
NODE_4206_length_1166_cov_313.815370	444	524	387	1	80	0.0125000
NODE_4206_length_1166_cov_313.815370	444	524	408	1	80	0.0125000
NODE_4206_length_1166_cov_313.815370	444	524	426	1	80	0.0125000
NODE_4206_length_1166_cov_313.815370	444	524	447	1	80	0.0125000
NODE_4206_length_1166_cov_313.815370	444	524	547	1	80	0.0125000
NODE_4206_length_1166_cov_313.815370	444	524	603	1	80	0.0125000
NODE_4206_length_1166_cov_313.815370	444	524	615	1	80	0.0125000
NODE_4206_length_1166_cov_313.815370	444	524	626	1	80	0.0125000
NODE_4206_length_1166_cov_313.815370	444	524	687	1	80	0.0125000
NODE_4206_length_1166_cov_313.815370	444	524	713	1	80	0.0125000
NODE_4206_length_1166_cov_313.815370	444	524	735	1	80	0.0125000
NODE_4206_length_1166_cov_313.815370	444	524	742	1	80	0.0125000
NODE_4206_length_1166_cov_313.815370	444	524	762	1	80	0.0125000
NODE_4206_length_1166_cov_313.815370	444	524	781	1	80	0.0125000
NODE_4206_length_1166_cov_313.815370	444	524	785	1	80	0.0125000
NODE_4206_length_1166_cov_313.815370	444	524	799	1	80	0.0125000
NODE_4206_length_1166_cov_313.815370	444	524	825	1	80	0.0125000
NODE_4206_length_1166_cov_313.815370	444	524	834	1	80	0.0125000
NODE_4206_length_1166_cov_313.815370	444	524	850	1	80	0.0125000
NODE_4206_length_1166_cov_313.815370	444	524	858	1	80	0.0125000
NODE_4206_length_1166_cov_313.815370	444	524	883	2	80	0.0250000
NODE_4206_length_1166_cov_313.815370	444	524	898	1	80	0.0125000
NODE_4206_length_1166_cov_313.815370	444	524	904	1	80	0.0125000
NODE_4206_length_1166_cov_313.815370	444	524	905	1	80	0.0125000
NODE_4206_length_1166_cov_313.815370	444	524	918	1	80	0.0125000
NODE_4206_length_1166_cov_313.815370	444	524	922	1	80	0.0125000
NODE_4206_length_1166_cov_313.815370	444	524	938	1	80	0.0125000
NODE_4206_length_1166_cov_313.815370	444	524	942	1	80	0.0125000
NODE_4206_length_1166_cov_313.815370	444	524	960	1	80	0.0125000
NODE_4206_length_1166_cov_313.815370	444	524	981	1	80	0.0125000
NODE_4206_length_1166_cov_313.815370	444	524	988	1	80	0.0125000
NODE_4206_length_1166_cov_313.815370	444	524	996	1	80	0.0125000
NODE_4206_length_1166_cov_313.815370	444	524	1017	3	80	0.0375000
NODE_4206_length_1166_cov_313.815370	444	524	1023	1	80	0.0125000
NODE_4206_length_1166_cov_313.815370	444	524	1031	1	80	0.0125000
NODE_4206_length_1166_cov_313.815370	444	524	1043	1	80	0.0125000
NODE_4206_length_1166_cov_313.815370	444	524	1051	1	80	0.0125000
NODE_4206_length_1166_cov_313.815370	444	524	1052	1	80	0.0125000
NODE_4206_length_1166_cov_313.815370	444	524	1053	1	80	0.0125000
NODE_4206_length_1166_cov_313.815370	444	524	1054	1	80	0.0125000
NODE_4206_length_1166_cov_313.815370	444	524	1061	1	80	0.0125000
NODE_4206_length_1166_cov_313.815370	444	524	1093	3	80	0.0375000
NODE_4206_length_1166_cov_313.815370	444	524	1094	2	80	0.0250000
NODE_4206_length_1166_cov_313.815370	444	524	1096	1	80	0.0125000
NODE_4206_length_1166_cov_313.815370	444	524	69	2	80	0.0250000
NODE_4206_length_1166_cov_313.815370	444	524	70	5	80	0.0625000
NODE_4206_length_1166_cov_313.815370	444	524	71	4	80	0.0500000
NODE_4206_length_1166_cov_313.815370	444	524	78	1	80	0.0125000
NODE_4206_length_1166_cov_313.815370	444	524	82	1	80	0.0125000
NODE_4206_length_1166_cov_313.815370	444	524	86	1	80	0.0125000
NODE_4206_length_1166_cov_313.815370	444	524	89	1	80	0.0125000
NODE_4206_length_1166_cov_313.815370	444	524	140	1	80	0.0125000
NODE_4206_length_1166_cov_313.815370	444	524	175	1	80	0.0125000
NODE_4206_length_1166_cov_313.815370	444	524	177	1	80	0.0125000
NODE_4206_length_1166_cov_313.815370	444	524	225	1	80	0.0125000
NODE_4206_length_1166_cov_313.815370	444	524	234	1	80	0.0125000
NODE_4206_length_1166_cov_313.815370	444	524	242	1	80	0.0125000
NODE_4206_length_1166_cov_313.815370	444	524	252	1	80	0.0125000
NODE_4206_length_1166_cov_313.815370	444	524	280	1	80	0.0125000
NODE_4206_length_1166_cov_313.815370	444	524	291	1	80	0.0125000
NODE_4206_length_1166_cov_313.815370	444	524	292	1	80	0.0125000
NODE_4206_length_1166_cov_313.815370	444	524	308	1	80	0.0125000
NODE_4206_length_1166_cov_313.815370	444	524	310	1	80	0.0125000
NODE_4206_length_1166_cov_313.815370	444	524	314	1	80	0.0125000
NODE_4206_length_1166_cov_313.815370	444	524	354	1	80	0.0125000
NODE_4206_length_1166_cov_313.815370	444	524	375	1	80	0.0125000
NODE_4206_length_1166_cov_313.815370	444	524	387	1	80	0.0125000
NODE_4206_length_1166_cov_313.815370	444	524	408	1	80	0.0125000
NODE_4206_length_1166_cov_313.815370	444	524	426	1	80	0.0125000
NODE_4206_length_1166_cov_313.815370	444	524	447	1	80	0.0125000
NODE_4206_length_1166_cov_313.815370	444	524	547	1	80	0.0125000
NODE_4206_length_1166_cov_313.815370	444	524	603	1	80	0.0125000
NODE_4206_length_1166_cov_313.815370	444	524	615	1	80	0.0125000
NODE_4206_length_1166_cov_313.815370	444	524	626	1	80	0.0125000
NODE_4206_length_1166_cov_313.815370	444	524	687	1	80	0.0125000
NODE_4206_length_1166_cov_313.815370	444	524	713	1	80	0.0125000
NODE_4206_length_1166_cov_313.815370	444	524	735	1	80	0.0125000
NODE_4206_length_1166_cov_313.815370	444	524	742	1	80	0.0125000
NODE_4206_length_1166_cov_313.815370	444	524	762	1	80	0.0125000
NODE_4206_length_1166_cov_313.815370	444	524	781	1	80	0.0125000
NODE_4206_length_1166_cov_313.815370	444	524	785	1	80	0.0125000
NODE_4206_length_1166_cov_313.815370	444	524	799	1	80	0.0125000
NODE_4206_length_1166_cov_313.815370	444	524	825	1	80	0.0125000
NODE_4206_length_1166_cov_313.815370	444	524	834	1	80	0.0125000
NODE_4206_length_1166_cov_313.815370	444	524	850	1	80	0.0125000
NODE_4206_length_1166_cov_313.815370	444	524	858	1	80	0.0125000
NODE_4206_length_1166_cov_313.815370	444	524	883	2	80	0.0250000
NODE_4206_length_1166_cov_313.815370	444	524	898	1	80	0.0125000
NODE_4206_length_1166_cov_313.815370	444	524	904	1	80	0.0125000
NODE_4206_length_1166_cov_313.815370	444	524	905	1	80	0.0125000
NODE_4206_length_1166_cov_313.815370	444	524	918	1	80	0.0125000
NODE_4206_length_1166_cov_313.815370	444	524	922	1	80	0.0125000
NODE_4206_length_1166_cov_313.815370	444	524	938	1	80	0.0125000
NODE_4206_length_1166_cov_313.815370	444	524	942	1	80	0.0125000
NODE_4206_length_1166_cov_313.815370	444	524	960	1	80	0.0125000
NODE_4206_length_1166_cov_313.815370	444	524	981	1	80	0.0125000
NODE_4206_length_1166_cov_313.815370	444	524	988	1	80	0.0125000
NODE_4206_length_1166_cov_313.815370	444	524	996	1	80	0.0125000
NODE_4206_length_1166_cov_313.815370	444	524	1017	3	80	0.0375000
NODE_4206_length_1166_cov_313.815370	444	524	1023	1	80	0.0125000
NODE_4206_length_1166_cov_313.815370	444	524	1031	1	80	0.0125000
NODE_4206_length_1166_cov_313.815370	444	524	1043	1	80	0.0125000
NODE_4206_length_1166_cov_313.815370	444	524	1051	1	80	0.0125000
NODE_4206_length_1166_cov_313.815370	444	524	1052	1	80	0.0125000
NODE_4206_length_1166_cov_313.815370	444	524	1053	1	80	0.0125000
NODE_4206_length_1166_cov_313.815370	444	524	1054	1	80	0.0125000
NODE_4206_length_1166_cov_313.815370	444	524	1061	1	80	0.0125000
NODE_4206_length_1166_cov_313.815370	444	524	1093	3	80	0.0375000
NODE_4206_length_1166_cov_313.815370	444	524	1094	2	80	0.0250000
NODE_4206_length_1166_cov_313.815370	444	524	1096	1	80	0.0125000
NODE_4206_length_1166_cov_313.815370	444	524	69	2	80	0.0250000
NODE_4206_length_1166_cov_313.815370	444	524	70	5	80	0.0625000
NODE_4206_length_1166_cov_313.815370	444	524	71	4	80	0.0500000
NODE_4206_length_1166_cov_313.815370	444	524	78	1	80	0.0125000
NODE_4206_length_1166_cov_313.815370	444	524	82	1	80	0.0125000
NODE_4206_length_1166_cov_313.815370	444	524	86	1	80	0.0125000
NODE_4206_length_1166_cov_313.815370	444	524	89	1	80	0.0125000
NODE_4206_length_1166_cov_313.815370	444	524	140	1	80	0.0125000
NODE_4206_length_1166_cov_313.815370	444	524	175	1	80	0.0125000
NODE_4206_length_1166_cov_313.815370	444	524	177	1	80	0.0125000
NODE_4206_length_1166_cov_313.815370	444	524	225	1	80	0.0125000
NODE_4206_length_1166_cov_313.815370	444	524	234	1	80	0.0125000
NODE_4206_length_1166_cov_313.815370	444	524	242	1	80	0.0125000
NODE_4206_length_1166_cov_313.815370	444	524	252	1	80	0.0125000
NODE_4206_length_1166_cov_313.815370	444	524	280	1	80	0.0125000
NODE_4206_length_1166_cov_313.815370	444	524	291	1	80	0.0125000
NODE_4206_length_1166_cov_313.815370	444	524	292	1	80	0.0125000
NODE_4206_length_1166_cov_313.815370	444	524	308	1	80	0.0125000
NODE_4206_length_1166_cov_313.815370	444	524	310	1	80	0.0125000
NODE_4206_length_1166_cov_313.815370	444	524	314	1	80	0.0125000
NODE_4206_length_1166_cov_313.815370	444	524	354	1	80	0.0125000
NODE_4206_length_1166_cov_313.815370	444	524	375	1	80	0.0125000
NODE_4206_length_1166_cov_313.815370	444	524	387	1	80	0.0125000
NODE_4206_length_1166_cov_313.815370	444	524	408	1	80	0.0125000
NODE_4206_length_1166_cov_313.815370	444	524	426	1	80	0.0125000
NODE_4206_length_1166_cov_313.815370	444	524	447	1	80	0.0125000
NODE_4206_length_1166_cov_313.815370	444	524	547	1	80	0.0125000
NODE_4206_length_1166_cov_313.815370	444	524	603	1	80	0.0125000
NODE_4206_length_1166_cov_313.815370	444	524	615	1	80	0.0125000
NODE_4206_length_1166_cov_313.815370	444	524	626	1	80	0.0125000
NODE_4206_length_1166_cov_313.815370	444	524	687	1	80	0.0125000
NODE_4206_length_1166_cov_313.815370	444	524	713	1	80	0.0125000
NODE_4206_length_1166_cov_313.815370	444	524	735	1	80	0.0125000
NODE_4206_length_1166_cov_313.815370	444	524	742	1	80	0.0125000
NODE_4206_length_1166_cov_313.815370	444	524	762	1	80	0.0125000
NODE_4206_length_1166_cov_313.815370	444	524	781	1	80	0.0125000
NODE_4206_length_1166_cov_313.815370	444	524	785	1	80	0.0125000
NODE_4206_length_1166_cov_313.815370	444	524	799	1	80	0.0125000
NODE_4206_length_1166_cov_313.815370	444	524	825	1	80	0.0125000
NODE_4206_length_1166_cov_313.815370	444	524	834	1	80	0.0125000
NODE_4206_length_1166_cov_313.815370	444	524	850	1	80	0.0125000
NODE_4206_length_1166_cov_313.815370	444	524	858	1	80	0.0125000
NODE_4206_length_1166_cov_313.815370	444	524	883	2	80	0.0250000
NODE_4206_length_1166_cov_313.815370	444	524	898	1	80	0.0125000
NODE_4206_length_1166_cov_313.815370	444	524	904	1	80	0.0125000
NODE_4206_length_1166_cov_313.815370	444	524	905	1	80	0.0125000
NODE_4206_length_1166_cov_313.815370	444	524	918	1	80	0.0125000
NODE_4206_length_1166_cov_313.815370	444	524	922	1	80	0.0125000
NODE_4206_length_1166_cov_313.815370	444	524	938	1	80	0.0125000
NODE_4206_length_1166_cov_313.815370	444	524	942	1	80	0.0125000
NODE_4206_length_1166_cov_313.815370	444	524	960	1	80	0.0125000
NODE_4206_length_1166_cov_313.815370	444	524	981	1	80	0.0125000
NODE_4206_length_1166_cov_313.815370	444	524	988	1	80	0.0125000
NODE_4206_length_1166_cov_313.815370	444	524	996	1	80	0.0125000
NODE_4206_length_1166_cov_313.815370	444	524	1017	3	80	0.0375000
NODE_4206_length_1166_cov_313.815370	444	524	1023	1	80	0.0125000
NODE_4206_length_1166_cov_313.815370	444	524	1031	1	80	0.0125000
NODE_4206_length_1166_cov_313.815370	444	524	1043	1	80	0.0125000
NODE_4206_length_1166_cov_313.815370	444	524	1051	1	80	0.0125000
NODE_4206_length_1166_cov_313.815370	444	524	1052	1	80	0.0125000
NODE_4206_length_1166_cov_313.815370	444	524	1053	1	80	0.0125000
NODE_4206_length_1166_cov_313.815370	444	524	1054	1	80	0.0125000
NODE_4206_length_1166_cov_313.815370	444	524	1061	1	80	0.0125000
NODE_4206_length_1166_cov_313.815370	444	524	1093	3	80	0.0375000
NODE_4206_length_1166_cov_313.815370	444	524	1094	2	80	0.0250000
NODE_4206_length_1166_cov_313.815370	444	524	1096	1	80	0.0125000
NODE_4206_length_1166_cov_313.815370	497	577	904	1	80	0.0125000
NODE_4206_length_1166_cov_313.815370	497	577	905	1	80	0.0125000
NODE_4206_length_1166_cov_313.815370	497	577	918	1	80	0.0125000
NODE_4206_length_1166_cov_313.815370	497	577	922	1	80	0.0125000
NODE_4206_length_1166_cov_313.815370	497	577	938	1	80	0.0125000
NODE_4206_length_1166_cov_313.815370	497	577	942	1	80	0.0125000
NODE_4206_length_1166_cov_313.815370	497	577	960	1	80	0.0125000
NODE_4206_length_1166_cov_313.815370	497	577	981	1	80	0.0125000
NODE_4206_length_1166_cov_313.815370	497	577	988	1	80	0.0125000
NODE_4206_length_1166_cov_313.815370	497	577	996	1	80	0.0125000
NODE_4206_length_1166_cov_313.815370	497	577	1017	3	80	0.0375000
NODE_4206_length_1166_cov_313.815370	497	577	1023	1	80	0.0125000
NODE_4206_length_1166_cov_313.815370	497	577	1031	1	80	0.0125000
NODE_4206_length_1166_cov_313.815370	497	577	1043	1	80	0.0125000
NODE_4206_length_1166_cov_313.815370	497	577	1051	1	80	0.0125000
NODE_4206_length_1166_cov_313.815370	497	577	1052	1	80	0.0125000
NODE_4206_length_1166_cov_313.815370	497	577	1053	1	80	0.0125000
NODE_4206_length_1166_cov_313.815370	497	577	1054	1	80	0.0125000
NODE_4206_length_1166_cov_313.815370	497	577	1061	1	80	0.0125000
NODE_4206_length_1166_cov_313.815370	497	577	1086	4	80	0.0500000
NODE_4206_length_1166_cov_313.815370	497	577	1088	4	80	0.0500000
NODE_4206_length_1166_cov_313.815370	497	577	1089	4	80	0.0500000
NODE_4206_length_1166_cov_313.815370	497	577	1090	5	80	0.0625000
NODE_4206_length_1166_cov_313.815370	497	577	1091	3	80	0.0375000
NODE_4206_length_1166_cov_313.815370	497	577	1092	1	80	0.0125000
NODE_4206_length_1166_cov_313.815370	497	577	1093	3	80	0.0375000
NODE_4206_length_1166_cov_313.815370	497	577	1094	6	80	0.0750000
NODE_4206_length_1166_cov_313.815370	497	577	1095	14	80	0.1750000
NODE_4206_length_1166_cov_313.815370	497	577	1096	2	80	0.0250000
NODE_4206_length_1166_cov_313.815370	497	577	1097	3	80	0.0375000
NODE_4206_length_1166_cov_313.815370	497	577	1098	3	80	0.0375000
NODE_4206_length_1166_cov_313.815370	497	577	1099	5	80	0.0625000
NODE_4206_length_1166_cov_313.815370	497	577	1100	2	80	0.0250000
NODE_4206_length_1166_cov_313.815370	497	577	904	1	80	0.0125000
NODE_4206_length_1166_cov_313.815370	497	577	905	1	80	0.0125000
NODE_4206_length_1166_cov_313.815370	497	577	918	1	80	0.0125000
NODE_4206_length_1166_cov_313.815370	497	577	922	1	80	0.0125000
NODE_4206_length_1166_cov_313.815370	497	577	938	1	80	0.0125000
NODE_4206_length_1166_cov_313.815370	497	577	942	1	80	0.0125000
NODE_4206_length_1166_cov_313.815370	497	577	960	1	80	0.0125000
NODE_4206_length_1166_cov_313.815370	497	577	981	1	80	0.0125000
NODE_4206_length_1166_cov_313.815370	497	577	988	1	80	0.0125000
NODE_4206_length_1166_cov_313.815370	497	577	996	1	80	0.0125000
NODE_4206_length_1166_cov_313.815370	497	577	1017	3	80	0.0375000
NODE_4206_length_1166_cov_313.815370	497	577	1023	1	80	0.0125000
NODE_4206_length_1166_cov_313.815370	497	577	1031	1	80	0.0125000
NODE_4206_length_1166_cov_313.815370	497	577	1043	1	80	0.0125000
NODE_4206_length_1166_cov_313.815370	497	577	1051	1	80	0.0125000
NODE_4206_length_1166_cov_313.815370	497	577	1052	1	80	0.0125000
NODE_4206_length_1166_cov_313.815370	497	577	1053	1	80	0.0125000
NODE_4206_length_1166_cov_313.815370	497	577	1054	1	80	0.0125000
NODE_4206_length_1166_cov_313.815370	497	577	1061	1	80	0.0125000
NODE_4206_length_1166_cov_313.815370	497	577	1086	4	80	0.0500000
NODE_4206_length_1166_cov_313.815370	497	577	1088	4	80	0.0500000
NODE_4206_length_1166_cov_313.815370	497	577	1089	4	80	0.0500000
NODE_4206_length_1166_cov_313.815370	497	577	1090	5	80	0.0625000
NODE_4206_length_1166_cov_313.815370	497	577	1091	3	80	0.0375000
NODE_4206_length_1166_cov_313.815370	497	577	1092	1	80	0.0125000
NODE_4206_length_1166_cov_313.815370	497	577	1093	3	80	0.0375000
NODE_4206_length_1166_cov_313.815370	497	577	1094	6	80	0.0750000
NODE_4206_length_1166_cov_313.815370	497	577	1095	14	80	0.1750000
NODE_4206_length_1166_cov_313.815370	497	577	1096	2	80	0.0250000
NODE_4206_length_1166_cov_313.815370	497	577	1097	3	80	0.0375000
NODE_4206_length_1166_cov_313.815370	497	577	1098	3	80	0.0375000
NODE_4206_length_1166_cov_313.815370	497	577	1099	5	80	0.0625000
NODE_4206_length_1166_cov_313.815370	497	577	1100	2	80	0.0250000
NODE_4206_length_1166_cov_313.815370	497	577	904	1	80	0.0125000
NODE_4206_length_1166_cov_313.815370	497	577	905	1	80	0.0125000
NODE_4206_length_1166_cov_313.815370	497	577	918	1	80	0.0125000
NODE_4206_length_1166_cov_313.815370	497	577	922	1	80	0.0125000
NODE_4206_length_1166_cov_313.815370	497	577	938	1	80	0.0125000
NODE_4206_length_1166_cov_313.815370	497	577	942	1	80	0.0125000
NODE_4206_length_1166_cov_313.815370	497	577	960	1	80	0.0125000
NODE_4206_length_1166_cov_313.815370	497	577	981	1	80	0.0125000
NODE_4206_length_1166_cov_313.815370	497	577	988	1	80	0.0125000
NODE_4206_length_1166_cov_313.815370	497	577	996	1	80	0.0125000
NODE_4206_length_1166_cov_313.815370	497	577	1017	3	80	0.0375000
NODE_4206_length_1166_cov_313.815370	497	577	1023	1	80	0.0125000
NODE_4206_length_1166_cov_313.815370	497	577	1031	1	80	0.0125000
NODE_4206_length_1166_cov_313.815370	497	577	1043	1	80	0.0125000
NODE_4206_length_1166_cov_313.815370	497	577	1051	1	80	0.0125000
NODE_4206_length_1166_cov_313.815370	497	577	1052	1	80	0.0125000
NODE_4206_length_1166_cov_313.815370	497	577	1053	1	80	0.0125000
NODE_4206_length_1166_cov_313.815370	497	577	1054	1	80	0.0125000
NODE_4206_length_1166_cov_313.815370	497	577	1061	1	80	0.0125000
NODE_4206_length_1166_cov_313.815370	497	577	1086	4	80	0.0500000
NODE_4206_length_1166_cov_313.815370	497	577	1088	4	80	0.0500000
NODE_4206_length_1166_cov_313.815370	497	577	1089	4	80	0.0500000
NODE_4206_length_1166_cov_313.815370	497	577	1090	5	80	0.0625000
NODE_4206_length_1166_cov_313.815370	497	577	1091	3	80	0.0375000
NODE_4206_length_1166_cov_313.815370	497	577	1092	1	80	0.0125000
NODE_4206_length_1166_cov_313.815370	497	577	1093	3	80	0.0375000
NODE_4206_length_1166_cov_313.815370	497	577	1094	6	80	0.0750000
NODE_4206_length_1166_cov_313.815370	497	577	1095	14	80	0.1750000
NODE_4206_length_1166_cov_313.815370	497	577	1096	2	80	0.0250000
NODE_4206_length_1166_cov_313.815370	497	577	1097	3	80	0.0375000
NODE_4206_length_1166_cov_313.815370	497	577	1098	3	80	0.0375000
NODE_4206_length_1166_cov_313.815370	497	577	1099	5	80	0.0625000
NODE_4206_length_1166_cov_313.815370	497	577	1100	2	80	0.0250000
NODE_4206_length_1166_cov_313.815370	497	577	904	1	80	0.0125000
NODE_4206_length_1166_cov_313.815370	497	577	905	1	80	0.0125000
NODE_4206_length_1166_cov_313.815370	497	577	918	1	80	0.0125000
NODE_4206_length_1166_cov_313.815370	497	577	922	1	80	0.0125000
NODE_4206_length_1166_cov_313.815370	497	577	938	1	80	0.0125000
NODE_4206_length_1166_cov_313.815370	497	577	942	1	80	0.0125000
NODE_4206_length_1166_cov_313.815370	497	577	960	1	80	0.0125000
NODE_4206_length_1166_cov_313.815370	497	577	981	1	80	0.0125000
NODE_4206_length_1166_cov_313.815370	497	577	988	1	80	0.0125000
NODE_4206_length_1166_cov_313.815370	497	577	996	1	80	0.0125000
NODE_4206_length_1166_cov_313.815370	497	577	1017	3	80	0.0375000
NODE_4206_length_1166_cov_313.815370	497	577	1023	1	80	0.0125000
NODE_4206_length_1166_cov_313.815370	497	577	1031	1	80	0.0125000
NODE_4206_length_1166_cov_313.815370	497	577	1043	1	80	0.0125000
NODE_4206_length_1166_cov_313.815370	497	577	1051	1	80	0.0125000
NODE_4206_length_1166_cov_313.815370	497	577	1052	1	80	0.0125000
NODE_4206_length_1166_cov_313.815370	497	577	1053	1	80	0.0125000
NODE_4206_length_1166_cov_313.815370	497	577	1054	1	80	0.0125000
NODE_4206_length_1166_cov_313.815370	497	577	1061	1	80	0.0125000
NODE_4206_length_1166_cov_313.815370	497	577	1086	4	80	0.0500000
NODE_4206_length_1166_cov_313.815370	497	577	1088	4	80	0.0500000
NODE_4206_length_1166_cov_313.815370	497	577	1089	4	80	0.0500000
NODE_4206_length_1166_cov_313.815370	497	577	1090	5	80	0.0625000
NODE_4206_length_1166_cov_313.815370	497	577	1091	3	80	0.0375000
NODE_4206_length_1166_cov_313.815370	497	577	1092	1	80	0.0125000
NODE_4206_length_1166_cov_313.815370	497	577	1093	3	80	0.0375000
NODE_4206_length_1166_cov_313.815370	497	577	1094	6	80	0.0750000
NODE_4206_length_1166_cov_313.815370	497	577	1095	14	80	0.1750000
NODE_4206_length_1166_cov_313.815370	497	577	1096	2	80	0.0250000
NODE_4206_length_1166_cov_313.815370	497	577	1097	3	80	0.0375000
NODE_4206_length_1166_cov_313.815370	497	577	1098	3	80	0.0375000
NODE_4206_length_1166_cov_313.815370	497	577	1099	5	80	0.0625000
NODE_4206_length_1166_cov_313.815370	497	577	1100	2	80	0.0250000
NODE_4206_length_1166_cov_313.815370	497	577	904	1	80	0.0125000
NODE_4206_length_1166_cov_313.815370	497	577	905	1	80	0.0125000
NODE_4206_length_1166_cov_313.815370	497	577	918	1	80	0.0125000
NODE_4206_length_1166_cov_313.815370	497	577	922	1	80	0.0125000
NODE_4206_length_1166_cov_313.815370	497	577	938	1	80	0.0125000
NODE_4206_length_1166_cov_313.815370	497	577	942	1	80	0.0125000
NODE_4206_length_1166_cov_313.815370	497	577	960	1	80	0.0125000
NODE_4206_length_1166_cov_313.815370	497	577	981	1	80	0.0125000
NODE_4206_length_1166_cov_313.815370	497	577	988	1	80	0.0125000
NODE_4206_length_1166_cov_313.815370	497	577	996	1	80	0.0125000
NODE_4206_length_1166_cov_313.815370	497	577	1017	3	80	0.0375000
NODE_4206_length_1166_cov_313.815370	497	577	1023	1	80	0.0125000
NODE_4206_length_1166_cov_313.815370	497	577	1031	1	80	0.0125000
NODE_4206_length_1166_cov_313.815370	497	577	1043	1	80	0.0125000
NODE_4206_length_1166_cov_313.815370	497	577	1051	1	80	0.0125000
NODE_4206_length_1166_cov_313.815370	497	577	1052	1	80	0.0125000
NODE_4206_length_1166_cov_313.815370	497	577	1053	1	80	0.0125000
NODE_4206_length_1166_cov_313.815370	497	577	1054	1	80	0.0125000
NODE_4206_length_1166_cov_313.815370	497	577	1061	1	80	0.0125000
NODE_4206_length_1166_cov_313.815370	497	577	1086	4	80	0.0500000
NODE_4206_length_1166_cov_313.815370	497	577	1088	4	80	0.0500000
NODE_4206_length_1166_cov_313.815370	497	577	1089	4	80	0.0500000
NODE_4206_length_1166_cov_313.815370	497	577	1090	5	80	0.0625000
NODE_4206_length_1166_cov_313.815370	497	577	1091	3	80	0.0375000
NODE_4206_length_1166_cov_313.815370	497	577	1092	1	80	0.0125000
NODE_4206_length_1166_cov_313.815370	497	577	1093	3	80	0.0375000
NODE_4206_length_1166_cov_313.815370	497	577	1094	6	80	0.0750000
NODE_4206_length_1166_cov_313.815370	497	577	1095	14	80	0.1750000
NODE_4206_length_1166_cov_313.815370	497	577	1096	2	80	0.0250000
NODE_4206_length_1166_cov_313.815370	497	577	1097	3	80	0.0375000
NODE_4206_length_1166_cov_313.815370	497	577	1098	3	80	0.0375000
NODE_4206_length_1166_cov_313.815370	497	577	1099	5	80	0.0625000
NODE_4206_length_1166_cov_313.815370	497	577	1100	2	80	0.0250000
NODE_4206_length_1166_cov_313.815370	497	577	904	1	80	0.0125000
NODE_4206_length_1166_cov_313.815370	497	577	905	1	80	0.0125000
NODE_4206_length_1166_cov_313.815370	497	577	918	1	80	0.0125000
NODE_4206_length_1166_cov_313.815370	497	577	922	1	80	0.0125000
NODE_4206_length_1166_cov_313.815370	497	577	938	1	80	0.0125000
NODE_4206_length_1166_cov_313.815370	497	577	942	1	80	0.0125000
NODE_4206_length_1166_cov_313.815370	497	577	960	1	80	0.0125000
NODE_4206_length_1166_cov_313.815370	497	577	981	1	80	0.0125000
NODE_4206_length_1166_cov_313.815370	497	577	988	1	80	0.0125000
NODE_4206_length_1166_cov_313.815370	497	577	996	1	80	0.0125000
NODE_4206_length_1166_cov_313.815370	497	577	1017	3	80	0.0375000
NODE_4206_length_1166_cov_313.815370	497	577	1023	1	80	0.0125000
NODE_4206_length_1166_cov_313.815370	497	577	1031	1	80	0.0125000
NODE_4206_length_1166_cov_313.815370	497	577	1043	1	80	0.0125000
NODE_4206_length_1166_cov_313.815370	497	577	1051	1	80	0.0125000
NODE_4206_length_1166_cov_313.815370	497	577	1052	1	80	0.0125000
NODE_4206_length_1166_cov_313.815370	497	577	1053	1	80	0.0125000
NODE_4206_length_1166_cov_313.815370	497	577	1054	1	80	0.0125000
NODE_4206_length_1166_cov_313.815370	497	577	1061	1	80	0.0125000
NODE_4206_length_1166_cov_313.815370	497	577	1086	4	80	0.0500000
NODE_4206_length_1166_cov_313.815370	497	577	1088	4	80	0.0500000
NODE_4206_length_1166_cov_313.815370	497	577	1089	4	80	0.0500000
NODE_4206_length_1166_cov_313.815370	497	577	1090	5	80	0.0625000
NODE_4206_length_1166_cov_313.815370	497	577	1091	3	80	0.0375000
NODE_4206_length_1166_cov_313.815370	497	577	1092	1	80	0.0125000
NODE_4206_length_1166_cov_313.815370	497	577	1093	3	80	0.0375000
NODE_4206_length_1166_cov_313.815370	497	577	1094	6	80	0.0750000
NODE_4206_length_1166_cov_313.815370	497	577	1095	14	80	0.1750000
NODE_4206_length_1166_cov_313.815370	497	577	1096	2	80	0.0250000
NODE_4206_length_1166_cov_313.815370	497	577	1097	3	80	0.0375000
NODE_4206_length_1166_cov_313.815370	497	577	1098	3	80	0.0375000
NODE_4206_length_1166_cov_313.815370	497	577	1099	5	80	0.0625000
NODE_4206_length_1166_cov_313.815370	497	577	1100	2	80	0.0250000
NODE_4206_length_1166_cov_313.815370	497	568	904	1	71	0.0140845
NODE_4206_length_1166_cov_313.815370	497	568	905	1	71	0.0140845
NODE_4206_length_1166_cov_313.815370	497	568	918	1	71	0.0140845
NODE_4206_length_1166_cov_313.815370	497	568	922	1	71	0.0140845
NODE_4206_length_1166_cov_313.815370	497	568	938	1	71	0.0140845
NODE_4206_length_1166_cov_313.815370	497	568	942	1	71	0.0140845
NODE_4206_length_1166_cov_313.815370	497	568	960	1	71	0.0140845
NODE_4206_length_1166_cov_313.815370	497	568	981	1	71	0.0140845
NODE_4206_length_1166_cov_313.815370	497	568	988	1	71	0.0140845
NODE_4206_length_1166_cov_313.815370	497	568	996	1	71	0.0140845
NODE_4206_length_1166_cov_313.815370	497	568	1017	3	71	0.0422535
NODE_4206_length_1166_cov_313.815370	497	568	1023	1	71	0.0140845
NODE_4206_length_1166_cov_313.815370	497	568	1031	1	71	0.0140845
NODE_4206_length_1166_cov_313.815370	497	568	1043	1	71	0.0140845
NODE_4206_length_1166_cov_313.815370	497	568	1051	1	71	0.0140845
NODE_4206_length_1166_cov_313.815370	497	568	1052	1	71	0.0140845
NODE_4206_length_1166_cov_313.815370	497	568	1053	1	71	0.0140845
NODE_4206_length_1166_cov_313.815370	497	568	1054	1	71	0.0140845
NODE_4206_length_1166_cov_313.815370	497	568	1061	1	71	0.0140845
NODE_4206_length_1166_cov_313.815370	497	568	1088	4	71	0.0563380
NODE_4206_length_1166_cov_313.815370	497	568	1090	5	71	0.0704225
NODE_4206_length_1166_cov_313.815370	497	568	1091	3	71	0.0422535
NODE_4206_length_1166_cov_313.815370	497	568	1092	1	71	0.0140845
NODE_4206_length_1166_cov_313.815370	497	568	1093	3	71	0.0422535
NODE_4206_length_1166_cov_313.815370	497	568	1094	6	71	0.0845070
NODE_4206_length_1166_cov_313.815370	497	568	1095	13	71	0.1830986
NODE_4206_length_1166_cov_313.815370	497	568	1096	2	71	0.0281690
NODE_4206_length_1166_cov_313.815370	497	568	1097	3	71	0.0422535
NODE_4206_length_1166_cov_313.815370	497	568	1098	3	71	0.0422535
NODE_4206_length_1166_cov_313.815370	497	568	1099	5	71	0.0704225
NODE_4206_length_1166_cov_313.815370	497	568	1100	2	71	0.0281690
NODE_4206_length_1166_cov_313.815370	500	570	922	1	70	0.0142857
NODE_4206_length_1166_cov_313.815370	500	570	938	1	70	0.0142857
NODE_4206_length_1166_cov_313.815370	500	570	942	1	70	0.0142857
NODE_4206_length_1166_cov_313.815370	500	570	960	1	70	0.0142857
NODE_4206_length_1166_cov_313.815370	500	570	981	1	70	0.0142857
NODE_4206_length_1166_cov_313.815370	500	570	988	1	70	0.0142857
NODE_4206_length_1166_cov_313.815370	500	570	996	1	70	0.0142857
NODE_4206_length_1166_cov_313.815370	500	570	1017	3	70	0.0428571
NODE_4206_length_1166_cov_313.815370	500	570	1023	1	70	0.0142857
NODE_4206_length_1166_cov_313.815370	500	570	1031	1	70	0.0142857
NODE_4206_length_1166_cov_313.815370	500	570	1043	1	70	0.0142857
NODE_4206_length_1166_cov_313.815370	500	570	1051	1	70	0.0142857
NODE_4206_length_1166_cov_313.815370	500	570	1052	1	70	0.0142857
NODE_4206_length_1166_cov_313.815370	500	570	1053	1	70	0.0142857
NODE_4206_length_1166_cov_313.815370	500	570	1054	1	70	0.0142857
NODE_4206_length_1166_cov_313.815370	500	570	1061	1	70	0.0142857
NODE_4206_length_1166_cov_313.815370	500	570	1088	4	70	0.0571429
NODE_4206_length_1166_cov_313.815370	500	570	1089	1	70	0.0142857
NODE_4206_length_1166_cov_313.815370	500	570	1090	5	70	0.0714286
NODE_4206_length_1166_cov_313.815370	500	570	1091	3	70	0.0428571
NODE_4206_length_1166_cov_313.815370	500	570	1092	1	70	0.0142857
NODE_4206_length_1166_cov_313.815370	500	570	1093	3	70	0.0428571
NODE_4206_length_1166_cov_313.815370	500	570	1094	6	70	0.0857143
NODE_4206_length_1166_cov_313.815370	500	570	1095	14	70	0.2000000
NODE_4206_length_1166_cov_313.815370	500	570	1096	2	70	0.0285714
NODE_4206_length_1166_cov_313.815370	500	570	1097	3	70	0.0428571
NODE_4206_length_1166_cov_313.815370	500	570	1098	3	70	0.0428571
NODE_4206_length_1166_cov_313.815370	500	570	1099	5	70	0.0714286
NODE_4206_length_1166_cov_313.815370	500	570	1100	2	70	0.0285714
NODE_4206_length_1166_cov_313.815370	997	1077	12	10	80	0.1250000
NODE_4206_length_1166_cov_313.815370	997	1077	26	1	80	0.0125000
NODE_4206_length_1166_cov_313.815370	997	1077	27	2	80	0.0250000
NODE_4206_length_1166_cov_313.815370	997	1077	33	2	80	0.0250000
NODE_4206_length_1166_cov_313.815370	997	1077	35	21	80	0.2625000
NODE_4206_length_1166_cov_313.815370	997	1077	37	6	80	0.0750000
NODE_4206_length_1166_cov_313.815370	997	1077	39	22	80	0.2750000
NODE_4206_length_1166_cov_313.815370	997	1077	40	14	80	0.1750000
NODE_4206_length_1166_cov_313.815370	997	1077	41	2	80	0.0250000
NODE_4206_length_1166_cov_313.815370	1050	1130	7	5	80	0.0625000
NODE_4206_length_1166_cov_313.815370	1050	1130	22	28	80	0.3500000
NODE_4206_length_1166_cov_313.815370	1050	1130	28	1	80	0.0125000
NODE_4206_length_1166_cov_313.815370	1050	1130	36	11	80	0.1375000
NODE_4206_length_1166_cov_313.815370	1050	1130	37	14	80	0.1750000
NODE_4206_length_1166_cov_313.815370	1050	1130	39	5	80	0.0625000
NODE_4206_length_1166_cov_313.815370	1050	1130	40	14	80	0.1750000
NODE_4206_length_1166_cov_313.815370	1050	1130	41	2	80	0.0250000
NODE_4206_length_1166_cov_313.815370	1050	1130	7	5	80	0.0625000
NODE_4206_length_1166_cov_313.815370	1050	1130	22	28	80	0.3500000
NODE_4206_length_1166_cov_313.815370	1050	1130	28	1	80	0.0125000
NODE_4206_length_1166_cov_313.815370	1050	1130	36	11	80	0.1375000
NODE_4206_length_1166_cov_313.815370	1050	1130	37	14	80	0.1750000
NODE_4206_length_1166_cov_313.815370	1050	1130	39	5	80	0.0625000
NODE_4206_length_1166_cov_313.815370	1050	1130	40	14	80	0.1750000
NODE_4206_length_1166_cov_313.815370	1050	1130	41	2	80	0.0250000
NODE_4206_length_1166_cov_313.815370	1050	1121	22	24	71	0.3380282
NODE_4206_length_1166_cov_313.815370	1050	1121	28	1	71	0.0140845
NODE_4206_length_1166_cov_313.815370	1050	1121	36	11	71	0.1549296
NODE_4206_length_1166_cov_313.815370	1050	1121	37	14	71	0.1971831
NODE_4206_length_1166_cov_313.815370	1050	1121	39	5	71	0.0704225
NODE_4206_length_1166_cov_313.815370	1050	1121	40	14	71	0.1971831
NODE_4206_length_1166_cov_313.815370	1050	1121	41	2	71	0.0281690
NODE_4207_length_1166_cov_25.107779	561	641	0	12	80	0.1500000
NODE_4207_length_1166_cov_25.107779	561	641	6	68	80	0.8500000
NODE_4207_length_1166_cov_25.107779	614	694	6	80	80	1.0000000
NODE_4209_length_1166_cov_18.820056	325	405	0	33	80	0.4125000
NODE_4209_length_1166_cov_18.820056	325	405	1	1	80	0.0125000
NODE_4209_length_1166_cov_18.820056	325	405	2	46	80	0.5750000
NODE_4209_length_1166_cov_18.820056	378	458	0	80	80	1.0000000
NODE_4210_length_1166_cov_18.404873	676	756	0	66	80	0.8250000
NODE_4210_length_1166_cov_18.404873	676	756	2	14	80	0.1750000
NODE_4210_length_1166_cov_18.404873	729	809	0	15	80	0.1875000
NODE_4210_length_1166_cov_18.404873	729	809	2	65	80	0.8125000
NODE_4214_length_1166_cov_1.893158	0	71	0	1	71	0.0140845
NODE_4214_length_1166_cov_1.893158	0	71	2	3	71	0.0422535
NODE_4214_length_1166_cov_1.893158	0	71	4	9	71	0.1267606
NODE_4214_length_1166_cov_1.893158	0	71	6	58	71	0.8169014
NODE_4214_length_1166_cov_1.893158	44	99	6	55	55	1.0000000
NODE_4218_length_1165_cov_29.402439	497	577	0	38	80	0.4750000
NODE_4218_length_1165_cov_29.402439	497	577	1	42	80	0.5250000
NODE_4218_length_1165_cov_29.402439	550	630	1	45	80	0.5625000
NODE_4218_length_1165_cov_29.402439	550	630	2	35	80	0.4375000
NODE_4218_length_1165_cov_29.402439	626	706	2	23	80	0.2875000
NODE_4218_length_1165_cov_29.402439	626	706	22	25	80	0.3125000
NODE_4218_length_1165_cov_29.402439	626	706	23	32	80	0.4000000
NODE_4218_length_1165_cov_29.402439	679	759	22	10	80	0.1250000
NODE_4218_length_1165_cov_29.402439	679	759	23	21	80	0.2625000
NODE_4218_length_1165_cov_29.402439	679	759	24	4	80	0.0500000
NODE_4218_length_1165_cov_29.402439	679	759	25	1	80	0.0125000
NODE_4218_length_1165_cov_29.402439	679	759	35	8	80	0.1000000
NODE_4218_length_1165_cov_29.402439	679	759	36	9	80	0.1125000
NODE_4218_length_1165_cov_29.402439	679	759	41	2	80	0.0250000
NODE_4218_length_1165_cov_29.402439	679	759	42	3	80	0.0375000
NODE_4218_length_1165_cov_29.402439	679	759	43	1	80	0.0125000
NODE_4218_length_1165_cov_29.402439	679	759	44	14	80	0.1750000
NODE_4218_length_1165_cov_29.402439	679	759	45	7	80	0.0875000
NODE_4219_length_1165_cov_28.366792	663	743	2	41	80	0.5125000
NODE_4219_length_1165_cov_28.366792	663	743	7	1	80	0.0125000
NODE_4219_length_1165_cov_28.366792	663	743	8	34	80	0.4250000
NODE_4219_length_1165_cov_28.366792	663	743	9	4	80	0.0500000
NODE_4219_length_1165_cov_28.366792	716	796	7	41	80	0.5125000
NODE_4219_length_1165_cov_28.366792	716	796	8	39	80	0.4875000
NODE_4220_length_1165_cov_23.841463	631	711	2	12	80	0.1500000
NODE_4220_length_1165_cov_23.841463	631	711	4	27	80	0.3375000
NODE_4220_length_1165_cov_23.841463	631	711	6	41	80	0.5125000
NODE_4220_length_1165_cov_23.841463	684	765	0	4	81	0.0493827
NODE_4220_length_1165_cov_23.841463	684	765	2	23	81	0.2839506
NODE_4220_length_1165_cov_23.841463	684	765	4	16	81	0.1975309
NODE_4220_length_1165_cov_23.841463	684	765	6	38	81	0.4691358
NODE_4220_length_1165_cov_23.841463	761	841	0	71	80	0.8875000
NODE_4220_length_1165_cov_23.841463	761	841	4	9	80	0.1125000
NODE_4220_length_1165_cov_23.841463	814	894	0	18	80	0.2250000
NODE_4220_length_1165_cov_23.841463	814	894	4	47	80	0.5875000
NODE_4220_length_1165_cov_23.841463	814	894	6	15	80	0.1875000
NODE_4221_length_1165_cov_21.883677	482	562	2	18	80	0.2250000
NODE_4221_length_1165_cov_21.883677	482	562	4	25	80	0.3125000
NODE_4221_length_1165_cov_21.883677	482	562	6	14	80	0.1750000
NODE_4221_length_1165_cov_21.883677	482	562	7	18	80	0.2250000
NODE_4221_length_1165_cov_21.883677	482	562	8	5	80	0.0625000
NODE_4221_length_1165_cov_21.883677	535	615	4	17	80	0.2125000
NODE_4221_length_1165_cov_21.883677	535	615	6	31	80	0.3875000
NODE_4221_length_1165_cov_21.883677	535	615	7	18	80	0.2250000
NODE_4221_length_1165_cov_21.883677	535	615	8	14	80	0.1750000
NODE_4222_length_1165_cov_14.591932	295	375	8	80	80	1.0000000
NODE_4222_length_1165_cov_14.591932	348	428	0	32	80	0.4000000
NODE_4222_length_1165_cov_14.591932	348	428	6	2	80	0.0250000
NODE_4222_length_1165_cov_14.591932	348	428	8	46	80	0.5750000
NODE_4223_length_1165_cov_13.683865	502	582	0	76	80	0.9500000
NODE_4223_length_1165_cov_13.683865	502	582	2	4	80	0.0500000
NODE_4223_length_1165_cov_13.683865	555	635	0	23	80	0.2875000
NODE_4223_length_1165_cov_13.683865	555	635	2	57	80	0.7125000
NODE_4224_length_1165_cov_7.915572	383	463	8	12	80	0.1500000
NODE_4224_length_1165_cov_7.915572	383	463	10	57	80	0.7125000
NODE_4224_length_1165_cov_7.915572	383	463	12	11	80	0.1375000
NODE_4224_length_1165_cov_7.915572	436	516	2	36	80	0.4500000
NODE_4224_length_1165_cov_7.915572	436	516	4	6	80	0.0750000
NODE_4224_length_1165_cov_7.915572	436	516	8	6	80	0.0750000
NODE_4224_length_1165_cov_7.915572	436	516	10	22	80	0.2750000
NODE_4224_length_1165_cov_7.915572	436	516	12	10	80	0.1250000
NODE_4225_length_1165_cov_7.466229	552	632	7	11	80	0.1375000
NODE_4225_length_1165_cov_7.466229	552	632	8	1	80	0.0125000
NODE_4225_length_1165_cov_7.466229	552	632	9	7	80	0.0875000
NODE_4225_length_1165_cov_7.466229	552	632	10	14	80	0.1750000
NODE_4225_length_1165_cov_7.466229	552	632	12	47	80	0.5875000
NODE_4225_length_1165_cov_7.466229	605	685	2	2	80	0.0250000
NODE_4225_length_1165_cov_7.466229	605	685	4	33	80	0.4125000
NODE_4225_length_1165_cov_7.466229	605	685	8	7	80	0.0875000
NODE_4225_length_1165_cov_7.466229	605	685	10	13	80	0.1625000
NODE_4225_length_1165_cov_7.466229	605	685	12	25	80	0.3125000
NODE_4226_length_1165_cov_5.617261	676	756	0	80	80	1.0000000
NODE_4226_length_1165_cov_5.617261	729	809	0	80	80	1.0000000
NODE_4227_length_1165_cov_3.658537	554	602	0	48	48	1.0000000
NODE_4233_length_1164_cov_55.273239	459	539	6	33	80	0.4125000
NODE_4233_length_1164_cov_55.273239	459	539	8	2	80	0.0250000
NODE_4233_length_1164_cov_55.273239	459	539	10	45	80	0.5625000
NODE_4233_length_1164_cov_55.273239	512	592	8	6	80	0.0750000
NODE_4233_length_1164_cov_55.273239	512	592	10	30	80	0.3750000
NODE_4233_length_1164_cov_55.273239	512	592	12	35	80	0.4375000
NODE_4233_length_1164_cov_55.273239	512	592	14	1	80	0.0125000
NODE_4233_length_1164_cov_55.273239	512	592	16	5	80	0.0625000
NODE_4233_length_1164_cov_55.273239	512	592	18	3	80	0.0375000
NODE_4234_length_1164_cov_44.183099	571	651	3	19	80	0.2375000
NODE_4234_length_1164_cov_44.183099	571	651	4	44	80	0.5500000
NODE_4234_length_1164_cov_44.183099	571	651	7	4	80	0.0500000
NODE_4234_length_1164_cov_44.183099	571	651	8	8	80	0.1000000
NODE_4234_length_1164_cov_44.183099	571	651	10	5	80	0.0625000
NODE_4234_length_1164_cov_44.183099	624	704	3	10	80	0.1250000
NODE_4234_length_1164_cov_44.183099	624	704	7	4	80	0.0500000
NODE_4234_length_1164_cov_44.183099	624	704	8	26	80	0.3250000
NODE_4234_length_1164_cov_44.183099	624	704	10	9	80	0.1125000
NODE_4234_length_1164_cov_44.183099	624	704	11	12	80	0.1500000
NODE_4234_length_1164_cov_44.183099	624	704	12	19	80	0.2375000
NODE_4234_length_1164_cov_44.183099	700	780	8	52	80	0.6500000
NODE_4234_length_1164_cov_44.183099	700	780	12	28	80	0.3500000
NODE_4234_length_1164_cov_44.183099	753	833	0	14	80	0.1750000
NODE_4234_length_1164_cov_44.183099	753	833	3	13	80	0.1625000
NODE_4234_length_1164_cov_44.183099	753	833	5	18	80	0.2250000
NODE_4234_length_1164_cov_44.183099	753	833	7	2	80	0.0250000
NODE_4234_length_1164_cov_44.183099	753	833	8	33	80	0.4125000
NODE_4235_length_1164_cov_14.277934	1029	1109	4	12	80	0.1500000
NODE_4235_length_1164_cov_14.277934	1029	1109	6	7	80	0.0875000
NODE_4235_length_1164_cov_14.277934	1029	1109	8	12	80	0.1500000
NODE_4235_length_1164_cov_14.277934	1029	1109	10	49	80	0.6125000
NODE_4235_length_1164_cov_14.277934	1097	1162	0	2	65	0.0307692
NODE_4235_length_1164_cov_14.277934	1097	1162	1	38	65	0.5846154
NODE_4235_length_1164_cov_14.277934	1097	1162	2	3	65	0.0461538
NODE_4235_length_1164_cov_14.277934	1097	1162	4	22	65	0.3384615
NODE_4236_length_1164_cov_12.880751	415	495	0	25	80	0.3125000
NODE_4236_length_1164_cov_12.880751	415	495	2	55	80	0.6875000
NODE_4236_length_1164_cov_12.880751	468	548	0	17	80	0.2125000
NODE_4236_length_1164_cov_12.880751	468	548	2	63	80	0.7875000
NODE_4237_length_1164_cov_6.924883	415	495	0	80	80	1.0000000
NODE_4237_length_1164_cov_6.924883	468	548	0	80	80	1.0000000
NODE_4245_length_1163_cov_36.315789	458	538	0	6	80	0.0750000
NODE_4245_length_1163_cov_36.315789	458	538	2	23	80	0.2875000
NODE_4245_length_1163_cov_36.315789	458	538	4	6	80	0.0750000
NODE_4245_length_1163_cov_36.315789	458	538	8	17	80	0.2125000
NODE_4245_length_1163_cov_36.315789	458	538	12	28	80	0.3500000
NODE_4245_length_1163_cov_36.315789	511	591	10	28	80	0.3500000
NODE_4245_length_1163_cov_36.315789	511	591	12	47	80	0.5875000
NODE_4245_length_1163_cov_36.315789	511	591	14	5	80	0.0625000
NODE_4245_length_1163_cov_36.315789	587	667	14	23	80	0.2875000
NODE_4245_length_1163_cov_36.315789	587	667	16	11	80	0.1375000
NODE_4245_length_1163_cov_36.315789	587	667	18	6	80	0.0750000
NODE_4245_length_1163_cov_36.315789	587	667	20	12	80	0.1500000
NODE_4245_length_1163_cov_36.315789	587	667	21	25	80	0.3125000
NODE_4245_length_1163_cov_36.315789	587	667	22	3	80	0.0375000
NODE_4245_length_1163_cov_36.315789	640	720	14	32	80	0.4000000
NODE_4245_length_1163_cov_36.315789	640	720	16	23	80	0.2875000
NODE_4245_length_1163_cov_36.315789	640	720	18	11	80	0.1375000
NODE_4245_length_1163_cov_36.315789	640	720	20	11	80	0.1375000
NODE_4245_length_1163_cov_36.315789	640	720	22	3	80	0.0375000
NODE_4246_length_1163_cov_29.466165	542	622	0	20	80	0.2500000
NODE_4246_length_1163_cov_29.466165	542	622	6	10	80	0.1250000
NODE_4246_length_1163_cov_29.466165	542	622	10	50	80	0.6250000
NODE_4246_length_1163_cov_29.466165	595	675	0	72	80	0.9000000
NODE_4246_length_1163_cov_29.466165	595	675	2	1	80	0.0125000
NODE_4246_length_1163_cov_29.466165	595	675	6	7	80	0.0875000
NODE_4246_length_1163_cov_29.466165	671	751	0	3	80	0.0375000
NODE_4246_length_1163_cov_29.466165	671	751	2	77	80	0.9625000
NODE_4246_length_1163_cov_29.466165	724	804	0	33	80	0.4125000
NODE_4246_length_1163_cov_29.466165	724	804	2	47	80	0.5875000
NODE_4247_length_1163_cov_15.107143	668	748	2	12	80	0.1500000
NODE_4247_length_1163_cov_15.107143	668	748	3	8	80	0.1000000
NODE_4247_length_1163_cov_15.107143	668	748	4	60	80	0.7500000
NODE_4247_length_1163_cov_15.107143	721	801	0	39	80	0.4875000
NODE_4247_length_1163_cov_15.107143	721	801	2	18	80	0.2250000
NODE_4247_length_1163_cov_15.107143	721	801	3	8	80	0.1000000
NODE_4247_length_1163_cov_15.107143	721	801	4	15	80	0.1875000
NODE_4248_length_1163_cov_14.347744	540	620	0	52	80	0.6500000
NODE_4248_length_1163_cov_14.347744	540	620	2	28	80	0.3500000
NODE_4248_length_1163_cov_14.347744	593	673	2	80	80	1.0000000
NODE_4249_length_1163_cov_11.650376	354	434	0	14	80	0.1750000
NODE_4249_length_1163_cov_11.650376	354	434	2	66	80	0.8250000
NODE_4249_length_1163_cov_11.650376	407	487	0	67	80	0.8375000
NODE_4249_length_1163_cov_11.650376	407	487	2	13	80	0.1625000
NODE_4249_length_1163_cov_11.650376	738	818	0	29	80	0.3625000
NODE_4249_length_1163_cov_11.650376	738	818	7	44	80	0.5500000
NODE_4249_length_1163_cov_11.650376	738	818	9	4	80	0.0500000
NODE_4249_length_1163_cov_11.650376	738	818	10	3	80	0.0375000
NODE_4249_length_1163_cov_11.650376	791	871	7	20	80	0.2500000
NODE_4249_length_1163_cov_11.650376	791	871	9	4	80	0.0500000
NODE_4249_length_1163_cov_11.650376	791	871	10	56	80	0.7000000
NODE_4253_length_1162_cov_30.049859	359	439	2	33	80	0.4125000
NODE_4253_length_1162_cov_30.049859	359	439	4	8	80	0.1000000
NODE_4253_length_1162_cov_30.049859	359	439	8	16	80	0.2000000
NODE_4253_length_1162_cov_30.049859	359	439	10	23	80	0.2875000
NODE_4253_length_1162_cov_30.049859	412	492	8	7	80	0.0875000
NODE_4253_length_1162_cov_30.049859	412	492	10	69	80	0.8625000
NODE_4253_length_1162_cov_30.049859	412	492	12	4	80	0.0500000
NODE_4254_length_1162_cov_25.960489	440	520	0	8	80	0.1000000
NODE_4254_length_1162_cov_25.960489	440	520	2	72	80	0.9000000
NODE_4254_length_1162_cov_25.960489	493	573	0	6	80	0.0750000
NODE_4254_length_1162_cov_25.960489	493	573	2	74	80	0.9250000
NODE_4254_length_1162_cov_25.960489	569	649	0	80	80	1.0000000
NODE_4254_length_1162_cov_25.960489	622	702	0	80	80	1.0000000
NODE_4255_length_1162_cov_24.843838	523	603	0	17	80	0.2125000
NODE_4255_length_1162_cov_24.843838	523	603	3	2	80	0.0250000
NODE_4255_length_1162_cov_24.843838	523	603	6	16	80	0.2000000
NODE_4255_length_1162_cov_24.843838	523	603	9	2	80	0.0250000
NODE_4255_length_1162_cov_24.843838	523	603	11	5	80	0.0625000
NODE_4255_length_1162_cov_24.843838	523	603	14	10	80	0.1250000
NODE_4255_length_1162_cov_24.843838	523	603	16	7	80	0.0875000
NODE_4255_length_1162_cov_24.843838	523	603	18	7	80	0.0875000
NODE_4255_length_1162_cov_24.843838	523	603	20	14	80	0.1750000
NODE_4255_length_1162_cov_24.843838	576	656	16	6	80	0.0750000
NODE_4255_length_1162_cov_24.843838	576	656	18	7	80	0.0875000
NODE_4255_length_1162_cov_24.843838	576	656	20	27	80	0.3375000
NODE_4255_length_1162_cov_24.843838	576	656	22	40	80	0.5000000
NODE_4255_length_1162_cov_24.843838	652	732	2	7	80	0.0875000
NODE_4255_length_1162_cov_24.843838	652	732	4	6	80	0.0750000
NODE_4255_length_1162_cov_24.843838	652	732	6	4	80	0.0500000
NODE_4255_length_1162_cov_24.843838	652	732	9	7	80	0.0875000
NODE_4255_length_1162_cov_24.843838	652	732	12	16	80	0.2000000
NODE_4255_length_1162_cov_24.843838	652	732	15	2	80	0.0250000
NODE_4255_length_1162_cov_24.843838	652	732	18	16	80	0.2000000
NODE_4255_length_1162_cov_24.843838	652	732	20	11	80	0.1375000
NODE_4255_length_1162_cov_24.843838	652	732	22	11	80	0.1375000
NODE_4255_length_1162_cov_24.843838	705	785	0	46	80	0.5750000
NODE_4255_length_1162_cov_24.843838	705	785	2	14	80	0.1750000
NODE_4255_length_1162_cov_24.843838	705	785	4	6	80	0.0750000
NODE_4255_length_1162_cov_24.843838	705	785	6	4	80	0.0500000
NODE_4255_length_1162_cov_24.843838	705	785	9	7	80	0.0875000
NODE_4255_length_1162_cov_24.843838	705	785	12	3	80	0.0375000
NODE_4257_length_1162_cov_17.131703	302	382	0	7	80	0.0875000
NODE_4257_length_1162_cov_17.131703	302	382	6	73	80	0.9125000
NODE_4257_length_1162_cov_17.131703	355	435	0	23	80	0.2875000
NODE_4257_length_1162_cov_17.131703	355	435	6	57	80	0.7125000
NODE_4257_length_1162_cov_17.131703	431	511	0	43	80	0.5375000
NODE_4257_length_1162_cov_17.131703	431	511	2	37	80	0.4625000
NODE_4257_length_1162_cov_17.131703	484	564	2	80	80	1.0000000
NODE_4258_length_1162_cov_14.766698	630	710	15	2	80	0.0250000
NODE_4258_length_1162_cov_14.766698	630	710	19	13	80	0.1625000
NODE_4258_length_1162_cov_14.766698	630	710	21	2	80	0.0250000
NODE_4258_length_1162_cov_14.766698	630	710	24	3	80	0.0375000
NODE_4258_length_1162_cov_14.766698	630	710	25	17	80	0.2125000
NODE_4258_length_1162_cov_14.766698	630	710	26	34	80	0.4250000
NODE_4258_length_1162_cov_14.766698	630	710	27	6	80	0.0750000
NODE_4258_length_1162_cov_14.766698	630	710	29	3	80	0.0375000
NODE_4258_length_1162_cov_14.766698	683	763	13	13	80	0.1625000
NODE_4258_length_1162_cov_14.766698	683	763	15	9	80	0.1125000
NODE_4258_length_1162_cov_14.766698	683	763	17	2	80	0.0250000
NODE_4258_length_1162_cov_14.766698	683	763	18	13	80	0.1625000
NODE_4258_length_1162_cov_14.766698	683	763	20	2	80	0.0250000
NODE_4258_length_1162_cov_14.766698	683	763	22	4	80	0.0500000
NODE_4258_length_1162_cov_14.766698	683	763	25	6	80	0.0750000
NODE_4258_length_1162_cov_14.766698	683	763	26	31	80	0.3875000
NODE_4259_length_1162_cov_13.968015	423	503	0	53	80	0.6625000
NODE_4259_length_1162_cov_13.968015	423	503	7	8	80	0.1000000
NODE_4259_length_1162_cov_13.968015	423	503	11	19	80	0.2375000
NODE_4259_length_1162_cov_13.968015	476	556	7	8	80	0.1000000
NODE_4259_length_1162_cov_13.968015	476	556	11	60	80	0.7500000
NODE_4259_length_1162_cov_13.968015	476	556	12	12	80	0.1500000
NODE_4264_length_1162_cov_1.977422	855	926	0	71	71	1.0000000
NODE_4264_length_1162_cov_1.977422	908	977	0	69	69	1.0000000
NODE_4264_length_1162_cov_1.977422	908	977	0	69	69	1.0000000
NODE_4266_length_1161_cov_33.312618	456	536	0	80	80	1.0000000
NODE_4266_length_1161_cov_33.312618	509	587	0	78	78	1.0000000
NODE_4267_length_1161_cov_30.466102	594	674	2	24	80	0.3000000
NODE_4267_length_1161_cov_30.466102	594	674	5	2	80	0.0250000
NODE_4267_length_1161_cov_30.466102	594	674	9	10	80	0.1250000
NODE_4267_length_1161_cov_30.466102	594	674	10	3	80	0.0375000
NODE_4267_length_1161_cov_30.466102	594	674	12	39	80	0.4875000
NODE_4267_length_1161_cov_30.466102	594	674	13	2	80	0.0250000
NODE_4267_length_1161_cov_30.466102	647	727	2	9	80	0.1125000
NODE_4267_length_1161_cov_30.466102	647	727	6	9	80	0.1125000
NODE_4267_length_1161_cov_30.466102	647	727	10	25	80	0.3125000
NODE_4267_length_1161_cov_30.466102	647	727	12	35	80	0.4375000
NODE_4267_length_1161_cov_30.466102	647	727	13	2	80	0.0250000
NODE_4268_length_1161_cov_29.628060	426	506	0	10	80	0.1250000
NODE_4268_length_1161_cov_29.628060	426	506	8	43	80	0.5375000
NODE_4268_length_1161_cov_29.628060	426	506	14	17	80	0.2125000
NODE_4268_length_1161_cov_29.628060	426	506	15	10	80	0.1250000
NODE_4268_length_1161_cov_29.628060	479	559	8	8	80	0.1000000
NODE_4268_length_1161_cov_29.628060	479	559	14	17	80	0.2125000
NODE_4268_length_1161_cov_29.628060	479	559	15	38	80	0.4750000
NODE_4268_length_1161_cov_29.628060	479	559	16	17	80	0.2125000
NODE_4268_length_1161_cov_29.628060	603	683	5	33	80	0.4125000
NODE_4268_length_1161_cov_29.628060	603	683	6	43	80	0.5375000
NODE_4268_length_1161_cov_29.628060	603	683	7	4	80	0.0500000
NODE_4268_length_1161_cov_29.628060	656	736	2	7	80	0.0875000
NODE_4268_length_1161_cov_29.628060	656	736	3	11	80	0.1375000
NODE_4268_length_1161_cov_29.628060	656	736	5	30	80	0.3750000
NODE_4268_length_1161_cov_29.628060	656	736	6	27	80	0.3375000
NODE_4268_length_1161_cov_29.628060	656	736	7	5	80	0.0625000
NODE_4269_length_1161_cov_22.923729	492	572	2	80	80	1.0000000
NODE_4269_length_1161_cov_22.923729	545	625	0	37	80	0.4625000
NODE_4269_length_1161_cov_22.923729	545	625	2	30	80	0.3750000
NODE_4269_length_1161_cov_22.923729	545	625	5	1	80	0.0125000
NODE_4269_length_1161_cov_22.923729	545	625	6	12	80	0.1500000
NODE_4269_length_1161_cov_22.923729	621	701	6	4	80	0.0500000
NODE_4269_length_1161_cov_22.923729	621	701	10	10	80	0.1250000
NODE_4269_length_1161_cov_22.923729	621	701	12	66	80	0.8250000
NODE_4269_length_1161_cov_22.923729	674	754	0	25	80	0.3125000
NODE_4269_length_1161_cov_22.923729	674	754	2	5	80	0.0625000
NODE_4269_length_1161_cov_22.923729	674	754	5	1	80	0.0125000
NODE_4269_length_1161_cov_22.923729	674	754	6	5	80	0.0625000
NODE_4269_length_1161_cov_22.923729	674	754	12	44	80	0.5500000
NODE_4270_length_1161_cov_20.184557	480	560	0	24	80	0.3000000
NODE_4270_length_1161_cov_20.184557	480	560	2	56	80	0.7000000
NODE_4270_length_1161_cov_20.184557	533	613	2	80	80	1.0000000
NODE_4271_length_1161_cov_17.437853	375	455	8	80	80	1.0000000
NODE_4271_length_1161_cov_17.437853	428	508	2	11	80	0.1375000
NODE_4271_length_1161_cov_17.437853	428	508	8	41	80	0.5125000
NODE_4271_length_1161_cov_17.437853	428	508	10	28	80	0.3500000
NODE_4272_length_1161_cov_14.062147	375	455	0	43	80	0.5375000
NODE_4272_length_1161_cov_14.062147	375	455	2	37	80	0.4625000
NODE_4272_length_1161_cov_14.062147	428	508	2	80	80	1.0000000
NODE_4273_length_1161_cov_12.304143	381	461	0	26	80	0.3250000
NODE_4273_length_1161_cov_12.304143	381	461	2	54	80	0.6750000
NODE_4273_length_1161_cov_12.304143	434	514	0	44	80	0.5500000
NODE_4273_length_1161_cov_12.304143	434	514	2	36	80	0.4500000
NODE_4274_length_1161_cov_10.297552	598	678	4	11	80	0.1375000
NODE_4274_length_1161_cov_10.297552	598	678	8	26	80	0.3250000
NODE_4274_length_1161_cov_10.297552	598	678	10	5	80	0.0625000
NODE_4274_length_1161_cov_10.297552	598	678	11	10	80	0.1250000
NODE_4274_length_1161_cov_10.297552	598	678	12	28	80	0.3500000
NODE_4274_length_1161_cov_10.297552	651	731	2	32	80	0.4000000
NODE_4274_length_1161_cov_10.297552	651	731	8	47	80	0.5875000
NODE_4274_length_1161_cov_10.297552	651	731	12	1	80	0.0125000
NODE_4283_length_1160_cov_86.515551	613	693	101	1	80	0.0125000
NODE_4283_length_1160_cov_86.515551	613	693	102	3	80	0.0375000
NODE_4283_length_1160_cov_86.515551	613	693	105	1	80	0.0125000
NODE_4283_length_1160_cov_86.515551	613	693	106	3	80	0.0375000
NODE_4283_length_1160_cov_86.515551	613	693	110	13	80	0.1625000
NODE_4283_length_1160_cov_86.515551	613	693	111	3	80	0.0375000
NODE_4283_length_1160_cov_86.515551	613	693	112	6	80	0.0750000
NODE_4283_length_1160_cov_86.515551	613	693	116	2	80	0.0250000
NODE_4283_length_1160_cov_86.515551	613	693	117	1	80	0.0125000
NODE_4283_length_1160_cov_86.515551	613	693	118	7	80	0.0875000
NODE_4283_length_1160_cov_86.515551	613	693	120	11	80	0.1375000
NODE_4283_length_1160_cov_86.515551	613	693	122	10	80	0.1250000
NODE_4283_length_1160_cov_86.515551	613	693	123	16	80	0.2000000
NODE_4283_length_1160_cov_86.515551	613	693	124	1	80	0.0125000
NODE_4283_length_1160_cov_86.515551	613	693	125	2	80	0.0250000
NODE_4283_length_1160_cov_86.515551	666	746	122	11	80	0.1375000
NODE_4283_length_1160_cov_86.515551	666	746	123	16	80	0.2000000
NODE_4283_length_1160_cov_86.515551	666	746	124	3	80	0.0375000
NODE_4283_length_1160_cov_86.515551	666	746	125	12	80	0.1500000
NODE_4283_length_1160_cov_86.515551	666	746	126	2	80	0.0250000
NODE_4283_length_1160_cov_86.515551	666	746	127	12	80	0.1500000
NODE_4283_length_1160_cov_86.515551	666	746	128	4	80	0.0500000
NODE_4283_length_1160_cov_86.515551	666	746	130	7	80	0.0875000
NODE_4283_length_1160_cov_86.515551	666	746	134	1	80	0.0125000
NODE_4283_length_1160_cov_86.515551	666	746	135	2	80	0.0250000
NODE_4283_length_1160_cov_86.515551	666	746	136	5	80	0.0625000
NODE_4283_length_1160_cov_86.515551	666	746	138	1	80	0.0125000
NODE_4283_length_1160_cov_86.515551	666	746	139	2	80	0.0250000
NODE_4283_length_1160_cov_86.515551	666	746	140	2	80	0.0250000
NODE_4284_length_1160_cov_29.272385	526	606	0	78	80	0.9750000
NODE_4284_length_1160_cov_29.272385	526	606	2	2	80	0.0250000
NODE_4284_length_1160_cov_29.272385	579	659	0	25	80	0.3125000
NODE_4284_length_1160_cov_29.272385	579	659	2	55	80	0.6875000
NODE_4285_length_1160_cov_21.391140	767	847	4	22	80	0.2750000
NODE_4285_length_1160_cov_21.391140	767	847	8	15	80	0.1875000
NODE_4285_length_1160_cov_21.391140	767	847	12	43	80	0.5375000
NODE_4296_length_1159_cov_147.794340	911	991	189	1	80	0.0125000
NODE_4296_length_1159_cov_147.794340	911	991	197	2	80	0.0250000
NODE_4296_length_1159_cov_147.794340	911	991	203	1	80	0.0125000
NODE_4296_length_1159_cov_147.794340	911	991	204	1	80	0.0125000
NODE_4296_length_1159_cov_147.794340	911	991	207	1	80	0.0125000
NODE_4296_length_1159_cov_147.794340	911	991	215	1	80	0.0125000
NODE_4296_length_1159_cov_147.794340	911	991	223	1	80	0.0125000
NODE_4296_length_1159_cov_147.794340	911	991	227	3	80	0.0375000
NODE_4296_length_1159_cov_147.794340	911	991	233	1	80	0.0125000
NODE_4296_length_1159_cov_147.794340	911	991	234	1	80	0.0125000
NODE_4296_length_1159_cov_147.794340	911	991	235	2	80	0.0250000
NODE_4296_length_1159_cov_147.794340	911	991	237	2	80	0.0250000
NODE_4296_length_1159_cov_147.794340	911	991	238	1	80	0.0125000
NODE_4296_length_1159_cov_147.794340	911	991	239	1	80	0.0125000
NODE_4296_length_1159_cov_147.794340	911	991	241	3	80	0.0375000
NODE_4296_length_1159_cov_147.794340	911	991	246	4	80	0.0500000
NODE_4296_length_1159_cov_147.794340	911	991	261	1	80	0.0125000
NODE_4296_length_1159_cov_147.794340	911	991	263	1	80	0.0125000
NODE_4296_length_1159_cov_147.794340	911	991	269	1	80	0.0125000
NODE_4296_length_1159_cov_147.794340	911	991	277	1	80	0.0125000
NODE_4296_length_1159_cov_147.794340	911	991	280	1	80	0.0125000
NODE_4296_length_1159_cov_147.794340	911	991	283	1	80	0.0125000
NODE_4296_length_1159_cov_147.794340	911	991	285	1	80	0.0125000
NODE_4296_length_1159_cov_147.794340	911	991	287	1	80	0.0125000
NODE_4296_length_1159_cov_147.794340	911	991	289	1	80	0.0125000
NODE_4296_length_1159_cov_147.794340	911	991	291	2	80	0.0250000
NODE_4296_length_1159_cov_147.794340	911	991	300	1	80	0.0125000
NODE_4296_length_1159_cov_147.794340	911	991	302	1	80	0.0125000
NODE_4296_length_1159_cov_147.794340	911	991	306	2	80	0.0250000
NODE_4296_length_1159_cov_147.794340	911	991	308	1	80	0.0125000
NODE_4296_length_1159_cov_147.794340	911	991	314	1	80	0.0125000
NODE_4296_length_1159_cov_147.794340	911	991	320	1	80	0.0125000
NODE_4296_length_1159_cov_147.794340	911	991	331	1	80	0.0125000
NODE_4296_length_1159_cov_147.794340	911	991	332	1	80	0.0125000
NODE_4296_length_1159_cov_147.794340	911	991	335	1	80	0.0125000
NODE_4296_length_1159_cov_147.794340	911	991	336	2	80	0.0250000
NODE_4296_length_1159_cov_147.794340	911	991	338	3	80	0.0375000
NODE_4296_length_1159_cov_147.794340	911	991	340	1	80	0.0125000
NODE_4296_length_1159_cov_147.794340	911	991	341	1	80	0.0125000
NODE_4296_length_1159_cov_147.794340	911	991	343	2	80	0.0250000
NODE_4296_length_1159_cov_147.794340	911	991	344	4	80	0.0500000
NODE_4296_length_1159_cov_147.794340	911	991	345	1	80	0.0125000
NODE_4296_length_1159_cov_147.794340	911	991	346	1	80	0.0125000
NODE_4296_length_1159_cov_147.794340	911	991	348	2	80	0.0250000
NODE_4296_length_1159_cov_147.794340	911	991	349	2	80	0.0250000
NODE_4296_length_1159_cov_147.794340	911	991	350	2	80	0.0250000
NODE_4296_length_1159_cov_147.794340	911	991	351	3	80	0.0375000
NODE_4296_length_1159_cov_147.794340	911	991	353	8	80	0.1000000
NODE_4296_length_1159_cov_147.794340	911	991	354	1	80	0.0125000
NODE_4296_length_1159_cov_147.794340	964	1044	145	2	80	0.0250000
NODE_4296_length_1159_cov_147.794340	964	1044	147	3	80	0.0375000
NODE_4296_length_1159_cov_147.794340	964	1044	149	1	80	0.0125000
NODE_4296_length_1159_cov_147.794340	964	1044	153	2	80	0.0250000
NODE_4296_length_1159_cov_147.794340	964	1044	155	1	80	0.0125000
NODE_4296_length_1159_cov_147.794340	964	1044	159	1	80	0.0125000
NODE_4296_length_1159_cov_147.794340	964	1044	165	1	80	0.0125000
NODE_4296_length_1159_cov_147.794340	964	1044	173	1	80	0.0125000
NODE_4296_length_1159_cov_147.794340	964	1044	190	1	80	0.0125000
NODE_4296_length_1159_cov_147.794340	964	1044	191	1	80	0.0125000
NODE_4296_length_1159_cov_147.794340	964	1044	193	1	80	0.0125000
NODE_4296_length_1159_cov_147.794340	964	1044	205	1	80	0.0125000
NODE_4296_length_1159_cov_147.794340	964	1044	209	1	80	0.0125000
NODE_4296_length_1159_cov_147.794340	964	1044	211	2	80	0.0250000
NODE_4296_length_1159_cov_147.794340	964	1044	213	1	80	0.0125000
NODE_4296_length_1159_cov_147.794340	964	1044	214	1	80	0.0125000
NODE_4296_length_1159_cov_147.794340	964	1044	220	2	80	0.0250000
NODE_4296_length_1159_cov_147.794340	964	1044	224	1	80	0.0125000
NODE_4296_length_1159_cov_147.794340	964	1044	229	2	80	0.0250000
NODE_4296_length_1159_cov_147.794340	964	1044	232	1	80	0.0125000
NODE_4296_length_1159_cov_147.794340	964	1044	237	1	80	0.0125000
NODE_4296_length_1159_cov_147.794340	964	1044	239	1	80	0.0125000
NODE_4296_length_1159_cov_147.794340	964	1044	242	2	80	0.0250000
NODE_4296_length_1159_cov_147.794340	964	1044	260	1	80	0.0125000
NODE_4296_length_1159_cov_147.794340	964	1044	273	1	80	0.0125000
NODE_4296_length_1159_cov_147.794340	964	1044	284	2	80	0.0250000
NODE_4296_length_1159_cov_147.794340	964	1044	296	1	80	0.0125000
NODE_4296_length_1159_cov_147.794340	964	1044	306	1	80	0.0125000
NODE_4296_length_1159_cov_147.794340	964	1044	312	1	80	0.0125000
NODE_4296_length_1159_cov_147.794340	964	1044	317	1	80	0.0125000
NODE_4296_length_1159_cov_147.794340	964	1044	319	4	80	0.0500000
NODE_4296_length_1159_cov_147.794340	964	1044	320	2	80	0.0250000
NODE_4296_length_1159_cov_147.794340	964	1044	321	1	80	0.0125000
NODE_4296_length_1159_cov_147.794340	964	1044	323	2	80	0.0250000
NODE_4296_length_1159_cov_147.794340	964	1044	328	1	80	0.0125000
NODE_4296_length_1159_cov_147.794340	964	1044	335	1	80	0.0125000
NODE_4296_length_1159_cov_147.794340	964	1044	338	2	80	0.0250000
NODE_4296_length_1159_cov_147.794340	964	1044	340	3	80	0.0375000
NODE_4296_length_1159_cov_147.794340	964	1044	343	1	80	0.0125000
NODE_4296_length_1159_cov_147.794340	964	1044	344	4	80	0.0500000
NODE_4296_length_1159_cov_147.794340	964	1044	345	1	80	0.0125000
NODE_4296_length_1159_cov_147.794340	964	1044	346	1	80	0.0125000
NODE_4296_length_1159_cov_147.794340	964	1044	348	2	80	0.0250000
NODE_4296_length_1159_cov_147.794340	964	1044	349	2	80	0.0250000
NODE_4296_length_1159_cov_147.794340	964	1044	350	2	80	0.0250000
NODE_4296_length_1159_cov_147.794340	964	1044	351	3	80	0.0375000
NODE_4296_length_1159_cov_147.794340	964	1044	353	8	80	0.1000000
NODE_4296_length_1159_cov_147.794340	964	1044	354	1	80	0.0125000
NODE_4297_length_1159_cov_57.566981	457	537	2	37	80	0.4625000
NODE_4297_length_1159_cov_57.566981	457	537	4	43	80	0.5375000
NODE_4297_length_1159_cov_57.566981	510	590	4	37	80	0.4625000
NODE_4297_length_1159_cov_57.566981	510	590	12	26	80	0.3250000
NODE_4297_length_1159_cov_57.566981	510	590	14	17	80	0.2125000
NODE_4297_length_1159_cov_57.566981	586	666	2	5	80	0.0625000
NODE_4297_length_1159_cov_57.566981	586	666	10	51	80	0.6375000
NODE_4297_length_1159_cov_57.566981	586	666	12	24	80	0.3000000
NODE_4297_length_1159_cov_57.566981	639	719	2	58	80	0.7250000
NODE_4297_length_1159_cov_57.566981	639	719	10	2	80	0.0250000
NODE_4297_length_1159_cov_57.566981	639	719	12	20	80	0.2500000
NODE_4298_length_1159_cov_44.053774	329	409	2	71	80	0.8875000
NODE_4298_length_1159_cov_44.053774	329	409	6	9	80	0.1125000
NODE_4298_length_1159_cov_44.053774	382	462	2	18	80	0.2250000
NODE_4298_length_1159_cov_44.053774	382	462	6	10	80	0.1250000
NODE_4298_length_1159_cov_44.053774	382	462	10	21	80	0.2625000
NODE_4298_length_1159_cov_44.053774	382	462	12	31	80	0.3875000
NODE_4298_length_1159_cov_44.053774	458	538	0	11	80	0.1375000
NODE_4298_length_1159_cov_44.053774	458	538	4	13	80	0.1625000
NODE_4298_length_1159_cov_44.053774	458	538	10	56	80	0.7000000
NODE_4298_length_1159_cov_44.053774	511	591	0	64	80	0.8000000
NODE_4298_length_1159_cov_44.053774	511	591	4	13	80	0.1625000
NODE_4298_length_1159_cov_44.053774	511	591	10	3	80	0.0375000
NODE_4299_length_1159_cov_40.194340	391	471	0	2	80	0.0250000
NODE_4299_length_1159_cov_40.194340	391	471	4	21	80	0.2625000
NODE_4299_length_1159_cov_40.194340	391	471	6	37	80	0.4625000
NODE_4299_length_1159_cov_40.194340	391	471	8	20	80	0.2500000
NODE_4299_length_1159_cov_40.194340	444	524	4	54	80	0.6750000
NODE_4299_length_1159_cov_40.194340	444	524	6	6	80	0.0750000
NODE_4299_length_1159_cov_40.194340	444	524	8	20	80	0.2500000
NODE_4301_length_1159_cov_25.919811	456	536	6	12	80	0.1500000
NODE_4301_length_1159_cov_25.919811	456	536	8	30	80	0.3750000
NODE_4301_length_1159_cov_25.919811	456	536	9	1	80	0.0125000
NODE_4301_length_1159_cov_25.919811	456	536	13	37	80	0.4625000
NODE_4301_length_1159_cov_25.919811	509	591	6	7	82	0.0853659
NODE_4301_length_1159_cov_25.919811	509	591	12	28	82	0.3414634
NODE_4301_length_1159_cov_25.919811	509	591	13	44	82	0.5365854
NODE_4301_length_1159_cov_25.919811	509	591	14	3	82	0.0365854
NODE_4302_length_1159_cov_18.306604	538	618	4	9	80	0.1125000
NODE_4302_length_1159_cov_18.306604	538	618	6	12	80	0.1500000
NODE_4302_length_1159_cov_18.306604	538	618	8	1	80	0.0125000
NODE_4302_length_1159_cov_18.306604	538	618	10	26	80	0.3250000
NODE_4302_length_1159_cov_18.306604	538	618	11	4	80	0.0500000
NODE_4302_length_1159_cov_18.306604	538	618	14	9	80	0.1125000
NODE_4302_length_1159_cov_18.306604	538	618	15	11	80	0.1375000
NODE_4302_length_1159_cov_18.306604	538	618	17	2	80	0.0250000
NODE_4302_length_1159_cov_18.306604	538	618	18	6	80	0.0750000
NODE_4302_length_1159_cov_18.306604	591	671	11	3	80	0.0375000
NODE_4302_length_1159_cov_18.306604	591	671	12	9	80	0.1125000
NODE_4302_length_1159_cov_18.306604	591	671	14	21	80	0.2625000
NODE_4302_length_1159_cov_18.306604	591	671	15	26	80	0.3250000
NODE_4302_length_1159_cov_18.306604	591	671	16	13	80	0.1625000
NODE_4302_length_1159_cov_18.306604	591	671	17	2	80	0.0250000
NODE_4302_length_1159_cov_18.306604	591	671	18	6	80	0.0750000
NODE_4303_length_1159_cov_14.457547	358	438	0	80	80	1.0000000
NODE_4303_length_1159_cov_14.457547	411	491	0	80	80	1.0000000
NODE_4304_length_1159_cov_11.566981	625	705	2	9	80	0.1125000
NODE_4304_length_1159_cov_11.566981	625	705	6	71	80	0.8875000
NODE_4304_length_1159_cov_11.566981	678	758	0	27	80	0.3375000
NODE_4304_length_1159_cov_11.566981	678	758	2	35	80	0.4375000
NODE_4304_length_1159_cov_11.566981	678	758	6	18	80	0.2250000
NODE_4305_length_1159_cov_9.927358	278	358	2	80	80	1.0000000
NODE_4305_length_1159_cov_9.927358	331	411	0	30	80	0.3750000
NODE_4305_length_1159_cov_9.927358	331	411	2	50	80	0.6250000
NODE_4314_length_1159_cov_1.568868	513	562	0	49	49	1.0000000
NODE_4316_length_1158_cov_33.529745	357	437	0	11	80	0.1375000
NODE_4316_length_1158_cov_33.529745	357	437	2	69	80	0.8625000
NODE_4316_length_1158_cov_33.529745	410	490	0	35	80	0.4375000
NODE_4316_length_1158_cov_33.529745	410	490	2	45	80	0.5625000
NODE_4316_length_1158_cov_33.529745	486	566	0	55	80	0.6875000
NODE_4316_length_1158_cov_33.529745	486	566	2	25	80	0.3125000
NODE_4316_length_1158_cov_33.529745	539	619	0	2	80	0.0250000
NODE_4316_length_1158_cov_33.529745	539	619	2	78	80	0.9750000
NODE_4317_length_1158_cov_31.368272	416	496	1	1	80	0.0125000
NODE_4317_length_1158_cov_31.368272	416	496	2	79	80	0.9875000
NODE_4317_length_1158_cov_31.368272	469	549	0	2	80	0.0250000
NODE_4317_length_1158_cov_31.368272	469	549	1	3	80	0.0375000
NODE_4317_length_1158_cov_31.368272	469	549	2	26	80	0.3250000
NODE_4317_length_1158_cov_31.368272	469	549	3	20	80	0.2500000
NODE_4317_length_1158_cov_31.368272	469	549	6	29	80	0.3625000
NODE_4317_length_1158_cov_31.368272	545	626	6	16	81	0.1975309
NODE_4317_length_1158_cov_31.368272	545	626	13	14	81	0.1728395
NODE_4317_length_1158_cov_31.368272	545	626	14	51	81	0.6296296
NODE_4317_length_1158_cov_31.368272	599	679	7	9	80	0.1125000
NODE_4317_length_1158_cov_31.368272	599	679	10	20	80	0.2500000
NODE_4317_length_1158_cov_31.368272	599	679	11	1	80	0.0125000
NODE_4317_length_1158_cov_31.368272	599	679	12	1	80	0.0125000
NODE_4317_length_1158_cov_31.368272	599	679	13	36	80	0.4500000
NODE_4317_length_1158_cov_31.368272	599	679	14	13	80	0.1625000
NODE_4318_length_1158_cov_31.240793	430	510	4	46	80	0.5750000
NODE_4318_length_1158_cov_31.240793	430	510	8	17	80	0.2125000
NODE_4318_length_1158_cov_31.240793	430	510	10	17	80	0.2125000
NODE_4318_length_1158_cov_31.240793	483	563	8	10	80	0.1250000
NODE_4318_length_1158_cov_31.240793	483	563	10	41	80	0.5125000
NODE_4318_length_1158_cov_31.240793	483	563	12	10	80	0.1250000
NODE_4318_length_1158_cov_31.240793	483	563	14	19	80	0.2375000
NODE_4318_length_1158_cov_31.240793	559	639	10	60	80	0.7500000
NODE_4318_length_1158_cov_31.240793	559	639	12	2	80	0.0250000
NODE_4318_length_1158_cov_31.240793	559	639	14	18	80	0.2250000
NODE_4318_length_1158_cov_31.240793	612	692	6	10	80	0.1250000
NODE_4318_length_1158_cov_31.240793	612	692	10	11	80	0.1375000
NODE_4318_length_1158_cov_31.240793	612	692	12	22	80	0.2750000
NODE_4318_length_1158_cov_31.240793	612	692	14	37	80	0.4625000
NODE_4319_length_1158_cov_29.216242	405	485	0	37	80	0.4625000
NODE_4319_length_1158_cov_29.216242	405	485	1	2	80	0.0250000
NODE_4319_length_1158_cov_29.216242	405	485	6	41	80	0.5125000
NODE_4319_length_1158_cov_29.216242	458	538	6	80	80	1.0000000
NODE_4320_length_1158_cov_25.245515	500	580	6	33	80	0.4125000
NODE_4320_length_1158_cov_25.245515	500	580	8	47	80	0.5875000
NODE_4320_length_1158_cov_25.245515	553	633	2	22	80	0.2750000
NODE_4320_length_1158_cov_25.245515	553	633	8	58	80	0.7250000
NODE_4320_length_1158_cov_25.245515	629	709	2	48	80	0.6000000
NODE_4320_length_1158_cov_25.245515	629	709	4	32	80	0.4000000
NODE_4320_length_1158_cov_25.245515	682	762	0	32	80	0.4000000
NODE_4320_length_1158_cov_25.245515	682	762	2	48	80	0.6000000
NODE_4321_length_1158_cov_16.566572	396	476	2	18	80	0.2250000
NODE_4321_length_1158_cov_16.566572	396	476	4	62	80	0.7750000
NODE_4321_length_1158_cov_16.566572	449	529	4	36	80	0.4500000
NODE_4321_length_1158_cov_16.566572	449	529	5	21	80	0.2625000
NODE_4321_length_1158_cov_16.566572	449	529	6	23	80	0.2875000
NODE_4322_length_1158_cov_13.092540	372	452	0	80	80	1.0000000
NODE_4322_length_1158_cov_13.092540	425	505	0	80	80	1.0000000
NODE_4322_length_1158_cov_13.092540	735	815	0	80	80	1.0000000
NODE_4322_length_1158_cov_13.092540	788	868	0	80	80	1.0000000
NODE_4323_length_1158_cov_7.408876	656	736	3	6	80	0.0750000
NODE_4323_length_1158_cov_7.408876	656	736	4	16	80	0.2000000
NODE_4323_length_1158_cov_7.408876	656	736	5	15	80	0.1875000
NODE_4323_length_1158_cov_7.408876	656	736	6	43	80	0.5375000
NODE_4323_length_1158_cov_7.408876	709	789	1	2	80	0.0250000
NODE_4323_length_1158_cov_7.408876	709	789	2	40	80	0.5000000
NODE_4323_length_1158_cov_7.408876	709	789	3	17	80	0.2125000
NODE_4323_length_1158_cov_7.408876	709	789	4	6	80	0.0750000
NODE_4323_length_1158_cov_7.408876	709	789	5	15	80	0.1875000
NODE_4324_length_1158_cov_6.242682	239	310	0	28	71	0.3943662
NODE_4324_length_1158_cov_6.242682	239	310	12	43	71	0.6056338
NODE_4325_length_1158_cov_6.043437	531	611	2	80	80	1.0000000
NODE_4325_length_1158_cov_6.043437	584	634	2	50	50	1.0000000
NODE_4326_length_1158_cov_5.855524	324	404	0	80	80	1.0000000
NODE_4326_length_1158_cov_5.855524	377	457	0	80	80	1.0000000
NODE_4329_length_1157_cov_32.233459	472	552	8	17	80	0.2125000
NODE_4329_length_1157_cov_32.233459	472	552	10	33	80	0.4125000
NODE_4329_length_1157_cov_32.233459	472	552	12	6	80	0.0750000
NODE_4329_length_1157_cov_32.233459	472	552	14	13	80	0.1625000
NODE_4329_length_1157_cov_32.233459	472	552	16	11	80	0.1375000
NODE_4329_length_1157_cov_32.233459	525	605	5	5	80	0.0625000
NODE_4329_length_1157_cov_32.233459	525	605	7	23	80	0.2875000
NODE_4329_length_1157_cov_32.233459	525	605	8	19	80	0.2375000
NODE_4329_length_1157_cov_32.233459	525	605	12	3	80	0.0375000
NODE_4329_length_1157_cov_32.233459	525	605	14	19	80	0.2375000
NODE_4329_length_1157_cov_32.233459	525	605	16	11	80	0.1375000
NODE_4329_length_1157_cov_32.233459	601	681	0	57	80	0.7125000
NODE_4329_length_1157_cov_32.233459	601	681	2	1	80	0.0125000
NODE_4329_length_1157_cov_32.233459	601	681	5	22	80	0.2750000
NODE_4329_length_1157_cov_32.233459	654	734	0	80	80	1.0000000
NODE_4330_length_1157_cov_6.438563	765	788	0	23	23	1.0000000
NODE_4332_length_1157_cov_4.068053	221	292	0	71	71	1.0000000
NODE_4333_length_1156_cov_46.381268	328	408	2	9	80	0.1125000
NODE_4333_length_1156_cov_46.381268	328	408	3	27	80	0.3375000
NODE_4333_length_1156_cov_46.381268	328	408	4	13	80	0.1625000
NODE_4333_length_1156_cov_46.381268	328	408	5	13	80	0.1625000
NODE_4333_length_1156_cov_46.381268	328	408	6	18	80	0.2250000
NODE_4333_length_1156_cov_46.381268	381	461	4	24	80	0.3000000
NODE_4333_length_1156_cov_46.381268	381	461	6	35	80	0.4375000
NODE_4333_length_1156_cov_46.381268	381	461	8	21	80	0.2625000
NODE_4333_length_1156_cov_46.381268	457	537	5	9	80	0.1125000
NODE_4333_length_1156_cov_46.381268	457	537	7	4	80	0.0500000
NODE_4333_length_1156_cov_46.381268	457	537	8	30	80	0.3750000
NODE_4333_length_1156_cov_46.381268	457	537	9	2	80	0.0250000
NODE_4333_length_1156_cov_46.381268	457	537	10	7	80	0.0875000
NODE_4333_length_1156_cov_46.381268	457	537	11	25	80	0.3125000
NODE_4333_length_1156_cov_46.381268	457	537	12	3	80	0.0375000
NODE_4333_length_1156_cov_46.381268	510	590	6	1	80	0.0125000
NODE_4333_length_1156_cov_46.381268	510	590	9	30	80	0.3750000
NODE_4333_length_1156_cov_46.381268	510	590	10	7	80	0.0875000
NODE_4333_length_1156_cov_46.381268	510	590	11	21	80	0.2625000
NODE_4333_length_1156_cov_46.381268	510	590	12	21	80	0.2625000
NODE_4334_length_1156_cov_32.198675	378	458	0	80	80	1.0000000
NODE_4334_length_1156_cov_32.198675	431	511	0	46	80	0.5750000
NODE_4334_length_1156_cov_32.198675	431	511	2	34	80	0.4250000
NODE_4334_length_1156_cov_32.198675	507	587	2	6	80	0.0750000
NODE_4334_length_1156_cov_32.198675	507	587	4	1	80	0.0125000
NODE_4334_length_1156_cov_32.198675	507	587	5	5	80	0.0625000
NODE_4334_length_1156_cov_32.198675	507	587	8	45	80	0.5625000
NODE_4334_length_1156_cov_32.198675	507	587	9	8	80	0.1000000
NODE_4334_length_1156_cov_32.198675	507	587	10	2	80	0.0250000
NODE_4334_length_1156_cov_32.198675	507	587	14	13	80	0.1625000
NODE_4334_length_1156_cov_32.198675	560	641	8	4	81	0.0493827
NODE_4334_length_1156_cov_32.198675	560	641	9	8	81	0.0987654
NODE_4334_length_1156_cov_32.198675	560	641	10	2	81	0.0246914
NODE_4334_length_1156_cov_32.198675	560	641	12	23	81	0.2839506
NODE_4334_length_1156_cov_32.198675	560	641	14	44	81	0.5432099
NODE_4335_length_1156_cov_12.683065	593	673	0	31	80	0.3875000
NODE_4335_length_1156_cov_12.683065	593	673	2	2	80	0.0250000
NODE_4335_length_1156_cov_12.683065	593	673	6	14	80	0.1750000
NODE_4335_length_1156_cov_12.683065	593	673	8	33	80	0.4125000
NODE_4335_length_1156_cov_12.683065	646	726	6	17	80	0.2125000
NODE_4335_length_1156_cov_12.683065	646	726	8	63	80	0.7875000
NODE_4336_length_1156_cov_9.287606	680	760	0	37	80	0.4625000
NODE_4336_length_1156_cov_9.287606	680	760	2	43	80	0.5375000
NODE_4336_length_1156_cov_9.287606	733	813	2	80	80	1.0000000
NODE_4339_length_1155_cov_19.570076	437	517	6	26	80	0.3250000
NODE_4339_length_1155_cov_19.570076	437	517	7	15	80	0.1875000
NODE_4339_length_1155_cov_19.570076	437	517	8	39	80	0.4875000
NODE_4339_length_1155_cov_19.570076	490	570	2	38	80	0.4750000
NODE_4339_length_1155_cov_19.570076	490	570	6	26	80	0.3250000
NODE_4339_length_1155_cov_19.570076	490	570	8	16	80	0.2000000
NODE_4340_length_1155_cov_18.666667	332	412	0	37	80	0.4625000
NODE_4340_length_1155_cov_18.666667	332	412	2	8	80	0.1000000
NODE_4340_length_1155_cov_18.666667	332	412	4	35	80	0.4375000
NODE_4340_length_1155_cov_18.666667	385	465	0	1	80	0.0125000
NODE_4340_length_1155_cov_18.666667	385	465	2	14	80	0.1750000
NODE_4340_length_1155_cov_18.666667	385	465	4	65	80	0.8125000
NODE_4346_length_1154_cov_61.769668	488	568	0	80	80	1.0000000
NODE_4346_length_1154_cov_61.769668	541	621	0	80	80	1.0000000
NODE_4347_length_1154_cov_50.909005	409	489	2	12	80	0.1500000
NODE_4347_length_1154_cov_50.909005	409	489	4	33	80	0.4125000
NODE_4347_length_1154_cov_50.909005	409	489	6	35	80	0.4375000
NODE_4347_length_1154_cov_50.909005	462	542	2	9	80	0.1125000
NODE_4347_length_1154_cov_50.909005	462	542	4	19	80	0.2375000
NODE_4347_length_1154_cov_50.909005	462	542	6	52	80	0.6500000
NODE_4347_length_1154_cov_50.909005	538	618	4	22	80	0.2750000
NODE_4347_length_1154_cov_50.909005	538	618	6	22	80	0.2750000
NODE_4347_length_1154_cov_50.909005	538	618	8	10	80	0.1250000
NODE_4347_length_1154_cov_50.909005	538	618	10	26	80	0.3250000
NODE_4347_length_1154_cov_50.909005	591	671	2	24	80	0.3000000
NODE_4347_length_1154_cov_50.909005	591	671	4	51	80	0.6375000
NODE_4347_length_1154_cov_50.909005	591	671	10	5	80	0.0625000
NODE_4348_length_1154_cov_28.941232	695	775	4	36	80	0.4500000
NODE_4348_length_1154_cov_28.941232	695	775	6	44	80	0.5500000
NODE_4348_length_1154_cov_28.941232	748	828	0	35	80	0.4375000
NODE_4348_length_1154_cov_28.941232	748	828	2	14	80	0.1750000
NODE_4348_length_1154_cov_28.941232	748	828	4	31	80	0.3875000
NODE_4349_length_1154_cov_13.765877	322	402	6	57	80	0.7125000
NODE_4349_length_1154_cov_13.765877	322	402	8	23	80	0.2875000
NODE_4349_length_1154_cov_13.765877	375	455	2	2	80	0.0250000
NODE_4349_length_1154_cov_13.765877	375	455	4	17	80	0.2125000
NODE_4349_length_1154_cov_13.765877	375	455	6	13	80	0.1625000
NODE_4349_length_1154_cov_13.765877	375	455	8	48	80	0.6000000
NODE_4351_length_1154_cov_5.930806	497	577	0	54	80	0.6750000
NODE_4351_length_1154_cov_5.930806	497	577	2	26	80	0.3250000
NODE_4351_length_1154_cov_5.930806	550	622	0	1	72	0.0138889
NODE_4351_length_1154_cov_5.930806	550	622	2	71	72	0.9861111
NODE_4357_length_1153_cov_65.486717	416	496	2	3	80	0.0375000
NODE_4357_length_1153_cov_65.486717	416	496	14	77	80	0.9625000
NODE_4357_length_1153_cov_65.486717	469	549	12	12	80	0.1500000
NODE_4357_length_1153_cov_65.486717	469	549	13	18	80	0.2250000
NODE_4357_length_1153_cov_65.486717	469	549	14	50	80	0.6250000
NODE_4357_length_1153_cov_65.486717	545	625	0	4	80	0.0500000
NODE_4357_length_1153_cov_65.486717	545	625	1	29	80	0.3625000
NODE_4357_length_1153_cov_65.486717	545	625	3	6	80	0.0750000
NODE_4357_length_1153_cov_65.486717	545	625	4	24	80	0.3000000
NODE_4357_length_1153_cov_65.486717	545	625	5	4	80	0.0500000
NODE_4357_length_1153_cov_65.486717	545	625	12	13	80	0.1625000
NODE_4357_length_1153_cov_65.486717	598	678	3	8	80	0.1000000
NODE_4357_length_1153_cov_65.486717	598	678	4	18	80	0.2250000
NODE_4357_length_1153_cov_65.486717	598	678	5	54	80	0.6750000
NODE_4358_length_1153_cov_50.733397	404	484	10	80	80	1.0000000
NODE_4358_length_1153_cov_50.733397	457	537	8	7	80	0.0875000
NODE_4358_length_1153_cov_50.733397	457	537	10	73	80	0.9125000
NODE_4358_length_1153_cov_50.733397	533	613	4	3	80	0.0375000
NODE_4358_length_1153_cov_50.733397	533	613	5	7	80	0.0875000
NODE_4358_length_1153_cov_50.733397	533	613	6	7	80	0.0875000
NODE_4358_length_1153_cov_50.733397	533	613	8	44	80	0.5500000
NODE_4358_length_1153_cov_50.733397	533	613	10	15	80	0.1875000
NODE_4358_length_1153_cov_50.733397	533	613	12	4	80	0.0500000
NODE_4358_length_1153_cov_50.733397	586	666	4	21	80	0.2625000
NODE_4358_length_1153_cov_50.733397	586	666	6	33	80	0.4125000
NODE_4358_length_1153_cov_50.733397	586	666	8	21	80	0.2625000
NODE_4358_length_1153_cov_50.733397	586	666	10	5	80	0.0625000
NODE_4359_length_1153_cov_26.131879	493	573	0	16	80	0.2000000
NODE_4359_length_1153_cov_26.131879	493	573	1	7	80	0.0875000
NODE_4359_length_1153_cov_26.131879	493	573	2	57	80	0.7125000
NODE_4359_length_1153_cov_26.131879	546	626	2	80	80	1.0000000
NODE_4360_length_1153_cov_10.195446	500	580	2	15	80	0.1875000
NODE_4360_length_1153_cov_10.195446	500	580	4	4	80	0.0500000
NODE_4360_length_1153_cov_10.195446	500	580	6	61	80	0.7625000
NODE_4360_length_1153_cov_10.195446	553	633	0	6	80	0.0750000
NODE_4360_length_1153_cov_10.195446	553	633	2	22	80	0.2750000
NODE_4360_length_1153_cov_10.195446	553	633	4	28	80	0.3500000
NODE_4360_length_1153_cov_10.195446	553	633	6	24	80	0.3000000
NODE_4361_length_1153_cov_8.286528	558	638	4	80	80	1.0000000
NODE_4361_length_1153_cov_8.286528	611	691	0	38	80	0.4750000
NODE_4361_length_1153_cov_8.286528	611	691	4	42	80	0.5250000
NODE_4368_length_1152_cov_19.800570	553	633	0	10	80	0.1250000
NODE_4368_length_1152_cov_19.800570	553	633	2	64	80	0.8000000
NODE_4368_length_1152_cov_19.800570	553	633	4	6	80	0.0750000
NODE_4368_length_1152_cov_19.800570	606	686	2	21	80	0.2625000
NODE_4368_length_1152_cov_19.800570	606	686	4	55	80	0.6875000
NODE_4368_length_1152_cov_19.800570	606	686	6	4	80	0.0500000
NODE_4369_length_1152_cov_19.365622	490	570	0	26	80	0.3250000
NODE_4369_length_1152_cov_19.365622	490	570	2	5	80	0.0625000
NODE_4369_length_1152_cov_19.365622	490	570	12	20	80	0.2500000
NODE_4369_length_1152_cov_19.365622	490	570	14	29	80	0.3625000
NODE_4369_length_1152_cov_19.365622	543	623	8	8	80	0.1000000
NODE_4369_length_1152_cov_19.365622	543	623	10	4	80	0.0500000
NODE_4369_length_1152_cov_19.365622	543	623	12	6	80	0.0750000
NODE_4369_length_1152_cov_19.365622	543	623	14	62	80	0.7750000
NODE_4370_length_1152_cov_18.654321	594	674	9	15	80	0.1875000
NODE_4370_length_1152_cov_18.654321	594	674	10	25	80	0.3125000
NODE_4370_length_1152_cov_18.654321	594	674	12	35	80	0.4375000
NODE_4370_length_1152_cov_18.654321	594	674	14	5	80	0.0625000
NODE_4370_length_1152_cov_18.654321	647	727	4	41	80	0.5125000
NODE_4370_length_1152_cov_18.654321	647	727	9	27	80	0.3375000
NODE_4370_length_1152_cov_18.654321	647	727	12	7	80	0.0875000
NODE_4370_length_1152_cov_18.654321	647	727	14	5	80	0.0625000
NODE_4371_length_1152_cov_18.075024	377	457	8	23	80	0.2875000
NODE_4371_length_1152_cov_18.075024	377	457	10	10	80	0.1250000
NODE_4371_length_1152_cov_18.075024	377	457	12	1	80	0.0125000
NODE_4371_length_1152_cov_18.075024	377	457	16	2	80	0.0250000
NODE_4371_length_1152_cov_18.075024	377	457	18	24	80	0.3000000
NODE_4371_length_1152_cov_18.075024	377	457	19	6	80	0.0750000
NODE_4371_length_1152_cov_18.075024	377	457	21	7	80	0.0875000
NODE_4371_length_1152_cov_18.075024	377	457	22	7	80	0.0875000
NODE_4371_length_1152_cov_18.075024	430	510	9	15	80	0.1875000
NODE_4371_length_1152_cov_18.075024	430	510	11	25	80	0.3125000
NODE_4371_length_1152_cov_18.075024	430	510	13	6	80	0.0750000
NODE_4371_length_1152_cov_18.075024	430	510	16	9	80	0.1125000
NODE_4371_length_1152_cov_18.075024	430	510	18	22	80	0.2750000
NODE_4371_length_1152_cov_18.075024	430	510	21	3	80	0.0375000
NODE_4371_length_1152_cov_18.075024	506	586	2	5	80	0.0625000
NODE_4371_length_1152_cov_18.075024	506	586	3	30	80	0.3750000
NODE_4371_length_1152_cov_18.075024	506	586	4	12	80	0.1500000
NODE_4371_length_1152_cov_18.075024	506	586	5	29	80	0.3625000
NODE_4371_length_1152_cov_18.075024	506	586	9	4	80	0.0500000
NODE_4371_length_1152_cov_18.075024	559	639	2	5	80	0.0625000
NODE_4371_length_1152_cov_18.075024	559	639	4	65	80	0.8125000
NODE_4371_length_1152_cov_18.075024	559	639	5	10	80	0.1250000
NODE_4373_length_1152_cov_16.047483	543	623	0	7	80	0.0875000
NODE_4373_length_1152_cov_16.047483	543	623	2	73	80	0.9125000
NODE_4373_length_1152_cov_16.047483	596	676	0	21	80	0.2625000
NODE_4373_length_1152_cov_16.047483	596	676	2	59	80	0.7375000
NODE_4373_length_1152_cov_16.047483	672	752	2	12	80	0.1500000
NODE_4373_length_1152_cov_16.047483	672	752	4	68	80	0.8500000
NODE_4373_length_1152_cov_16.047483	725	805	2	9	80	0.1125000
NODE_4373_length_1152_cov_16.047483	725	805	4	71	80	0.8875000
NODE_4374_length_1152_cov_13.981007	583	663	6	26	80	0.3250000
NODE_4374_length_1152_cov_13.981007	583	663	8	8	80	0.1000000
NODE_4374_length_1152_cov_13.981007	583	663	10	46	80	0.5750000
NODE_4374_length_1152_cov_13.981007	636	716	2	3	80	0.0375000
NODE_4374_length_1152_cov_13.981007	636	716	4	30	80	0.3750000
NODE_4374_length_1152_cov_13.981007	636	716	6	15	80	0.1875000
NODE_4374_length_1152_cov_13.981007	636	716	10	32	80	0.4000000
NODE_4380_length_1151_cov_30.469582	479	559	2	12	80	0.1500000
NODE_4380_length_1151_cov_30.469582	479	559	12	29	80	0.3625000
NODE_4380_length_1151_cov_30.469582	479	559	16	21	80	0.2625000
NODE_4380_length_1151_cov_30.469582	479	559	18	18	80	0.2250000
NODE_4380_length_1151_cov_30.469582	532	612	13	14	80	0.1750000
NODE_4380_length_1151_cov_30.469582	532	612	15	6	80	0.0750000
NODE_4380_length_1151_cov_30.469582	532	612	16	27	80	0.3375000
NODE_4380_length_1151_cov_30.469582	532	612	18	33	80	0.4125000
NODE_4381_length_1151_cov_26.650190	567	647	0	80	80	1.0000000
NODE_4381_length_1151_cov_26.650190	620	700	0	27	80	0.3375000
NODE_4381_length_1151_cov_26.650190	620	700	2	1	80	0.0125000
NODE_4381_length_1151_cov_26.650190	620	700	4	52	80	0.6500000
NODE_4382_length_1151_cov_26.375475	441	521	6	5	80	0.0625000
NODE_4382_length_1151_cov_26.375475	441	521	7	18	80	0.2250000
NODE_4382_length_1151_cov_26.375475	441	521	8	6	80	0.0750000
NODE_4382_length_1151_cov_26.375475	441	521	9	11	80	0.1375000
NODE_4382_length_1151_cov_26.375475	441	521	11	12	80	0.1500000
NODE_4382_length_1151_cov_26.375475	441	521	13	28	80	0.3500000
NODE_4382_length_1151_cov_26.375475	494	574	4	22	80	0.2750000
NODE_4382_length_1151_cov_26.375475	494	574	5	1	80	0.0125000
NODE_4382_length_1151_cov_26.375475	494	574	6	35	80	0.4375000
NODE_4382_length_1151_cov_26.375475	494	574	7	16	80	0.2000000
NODE_4382_length_1151_cov_26.375475	494	574	8	6	80	0.0750000
NODE_4382_length_1151_cov_26.375475	570	650	3	62	80	0.7750000
NODE_4382_length_1151_cov_26.375475	570	650	5	15	80	0.1875000
NODE_4382_length_1151_cov_26.375475	570	650	6	3	80	0.0375000
NODE_4382_length_1151_cov_26.375475	623	703	0	42	80	0.5250000
NODE_4382_length_1151_cov_26.375475	623	703	2	1	80	0.0125000
NODE_4382_length_1151_cov_26.375475	623	703	3	37	80	0.4625000
NODE_4383_length_1151_cov_23.614068	590	670	0	11	80	0.1375000
NODE_4383_length_1151_cov_23.614068	590	670	1	1	80	0.0125000
NODE_4383_length_1151_cov_23.614068	590	670	3	20	80	0.2500000
NODE_4383_length_1151_cov_23.614068	590	670	4	1	80	0.0125000
NODE_4383_length_1151_cov_23.614068	590	670	6	47	80	0.5875000
NODE_4383_length_1151_cov_23.614068	643	721	6	29	78	0.3717949
NODE_4383_length_1151_cov_23.614068	643	721	14	49	78	0.6282051
NODE_4384_length_1151_cov_18.693916	355	435	2	80	80	1.0000000
NODE_4384_length_1151_cov_18.693916	408	491	0	9	83	0.1084337
NODE_4384_length_1151_cov_18.693916	408	491	2	70	83	0.8433735
NODE_4384_length_1151_cov_18.693916	408	491	4	4	83	0.0481928
NODE_4385_length_1151_cov_16.093156	474	554	0	54	80	0.6750000
NODE_4385_length_1151_cov_16.093156	474	554	6	26	80	0.3250000
NODE_4385_length_1151_cov_16.093156	527	607	0	1	80	0.0125000
NODE_4385_length_1151_cov_16.093156	527	607	6	28	80	0.3500000
NODE_4385_length_1151_cov_16.093156	527	607	9	32	80	0.4000000
NODE_4385_length_1151_cov_16.093156	527	607	12	19	80	0.2375000
NODE_4386_length_1151_cov_13.782319	400	482	0	62	82	0.7560976
NODE_4386_length_1151_cov_13.782319	400	482	2	20	82	0.2439024
NODE_4386_length_1151_cov_13.782319	450	535	0	12	85	0.1411765
NODE_4386_length_1151_cov_13.782319	450	535	2	73	85	0.8588235
NODE_4392_length_1150_cov_38.601332	563	643	8	76	80	0.9500000
NODE_4392_length_1150_cov_38.601332	563	643	10	4	80	0.0500000
NODE_4392_length_1150_cov_38.601332	616	696	6	8	80	0.1000000
NODE_4392_length_1150_cov_38.601332	616	696	8	40	80	0.5000000
NODE_4392_length_1150_cov_38.601332	616	696	10	31	80	0.3875000
NODE_4392_length_1150_cov_38.601332	616	696	12	1	80	0.0125000
NODE_4392_length_1150_cov_38.601332	692	772	8	30	80	0.3750000
NODE_4392_length_1150_cov_38.601332	692	772	10	29	80	0.3625000
NODE_4392_length_1150_cov_38.601332	692	772	12	21	80	0.2625000
NODE_4392_length_1150_cov_38.601332	745	825	4	27	80	0.3375000
NODE_4392_length_1150_cov_38.601332	745	825	10	53	80	0.6625000
NODE_4393_length_1150_cov_15.741199	497	578	12	10	81	0.1234568
NODE_4393_length_1150_cov_15.741199	497	578	18	11	81	0.1358025
NODE_4393_length_1150_cov_15.741199	497	578	20	2	81	0.0246914
NODE_4393_length_1150_cov_15.741199	497	578	22	21	81	0.2592593
NODE_4393_length_1150_cov_15.741199	497	578	25	2	81	0.0246914
NODE_4393_length_1150_cov_15.741199	497	578	29	10	81	0.1234568
NODE_4393_length_1150_cov_15.741199	497	578	30	1	81	0.0123457
NODE_4393_length_1150_cov_15.741199	497	578	32	4	81	0.0493827
NODE_4393_length_1150_cov_15.741199	497	578	33	3	81	0.0370370
NODE_4393_length_1150_cov_15.741199	497	578	34	17	81	0.2098765
NODE_4393_length_1150_cov_15.741199	550	631	21	4	81	0.0493827
NODE_4393_length_1150_cov_15.741199	550	631	22	23	81	0.2839506
NODE_4393_length_1150_cov_15.741199	550	631	24	18	81	0.2222222
NODE_4393_length_1150_cov_15.741199	550	631	25	6	81	0.0740741
NODE_4393_length_1150_cov_15.741199	550	631	29	3	81	0.0370370
NODE_4393_length_1150_cov_15.741199	550	631	30	1	81	0.0123457
NODE_4393_length_1150_cov_15.741199	550	631	32	4	81	0.0493827
NODE_4393_length_1150_cov_15.741199	550	631	33	3	81	0.0370370
NODE_4393_length_1150_cov_15.741199	550	631	34	19	81	0.2345679
NODE_4394_length_1150_cov_11.132255	795	875	4	80	80	1.0000000
NODE_4394_length_1150_cov_11.132255	848	928	0	40	80	0.5000000
NODE_4394_length_1150_cov_11.132255	848	928	2	3	80	0.0375000
NODE_4394_length_1150_cov_11.132255	848	928	4	37	80	0.4625000
NODE_4395_length_1150_cov_9.253092	583	663	4	80	80	1.0000000
NODE_4395_length_1150_cov_9.253092	636	716	0	49	80	0.6125000
NODE_4395_length_1150_cov_9.253092	636	716	4	31	80	0.3875000
NODE_4398_length_1149_cov_17.289524	644	695	2	1	51	0.0196078
NODE_4398_length_1149_cov_17.289524	644	695	4	2	51	0.0392157
NODE_4398_length_1149_cov_17.289524	644	695	5	39	51	0.7647059
NODE_4398_length_1149_cov_17.289524	644	695	6	9	51	0.1764706
NODE_4399_length_1149_cov_13.805714	584	664	0	80	80	1.0000000
NODE_4399_length_1149_cov_13.805714	637	717	0	80	80	1.0000000
NODE_4399_length_1149_cov_13.805714	713	793	0	41	80	0.5125000
NODE_4399_length_1149_cov_13.805714	713	793	2	39	80	0.4875000
NODE_4399_length_1149_cov_13.805714	766	846	2	80	80	1.0000000
NODE_4407_length_1148_cov_27.674929	387	467	5	11	80	0.1375000
NODE_4407_length_1148_cov_27.674929	387	467	6	65	80	0.8125000
NODE_4407_length_1148_cov_27.674929	387	467	8	4	80	0.0500000
NODE_4407_length_1148_cov_27.674929	440	520	3	42	80	0.5250000
NODE_4407_length_1148_cov_27.674929	440	520	4	2	80	0.0250000
NODE_4407_length_1148_cov_27.674929	440	520	6	32	80	0.4000000
NODE_4407_length_1148_cov_27.674929	440	520	8	4	80	0.0500000
NODE_4408_length_1148_cov_13.275500	136	216	0	4	80	0.0500000
NODE_4408_length_1148_cov_13.275500	136	216	2	15	80	0.1875000
NODE_4408_length_1148_cov_13.275500	136	216	4	31	80	0.3875000
NODE_4408_length_1148_cov_13.275500	136	216	6	24	80	0.3000000
NODE_4408_length_1148_cov_13.275500	136	216	8	6	80	0.0750000
NODE_4408_length_1148_cov_13.275500	189	268	4	22	79	0.2784810
NODE_4408_length_1148_cov_13.275500	189	268	6	34	79	0.4303797
NODE_4408_length_1148_cov_13.275500	189	268	8	23	79	0.2911392
NODE_4409_length_1148_cov_10.613918	506	586	0	80	80	1.0000000
NODE_4409_length_1148_cov_10.613918	559	639	0	80	80	1.0000000
NODE_4415_length_1147_cov_33.543893	378	458	2	14	80	0.1750000
NODE_4415_length_1147_cov_33.543893	378	458	4	18	80	0.2250000
NODE_4415_length_1147_cov_33.543893	378	458	14	18	80	0.2250000
NODE_4415_length_1147_cov_33.543893	378	458	27	1	80	0.0125000
NODE_4415_length_1147_cov_33.543893	378	458	28	29	80	0.3625000
NODE_4415_length_1147_cov_33.543893	431	511	27	18	80	0.2250000
NODE_4415_length_1147_cov_33.543893	431	511	28	53	80	0.6625000
NODE_4415_length_1147_cov_33.543893	431	511	29	4	80	0.0500000
NODE_4415_length_1147_cov_33.543893	431	511	30	5	80	0.0625000
NODE_4416_length_1147_cov_26.858779	254	334	0	80	80	1.0000000
NODE_4416_length_1147_cov_26.858779	307	387	0	80	80	1.0000000
NODE_4416_length_1147_cov_26.858779	383	463	0	80	80	1.0000000
NODE_4416_length_1147_cov_26.858779	436	516	0	80	80	1.0000000
NODE_4417_length_1147_cov_24.227099	606	686	6	80	80	1.0000000
NODE_4417_length_1147_cov_24.227099	659	739	0	33	80	0.4125000
NODE_4417_length_1147_cov_24.227099	659	739	4	16	80	0.2000000
NODE_4417_length_1147_cov_24.227099	659	739	6	31	80	0.3875000
NODE_4417_length_1147_cov_24.227099	735	815	0	80	80	1.0000000
NODE_4417_length_1147_cov_24.227099	788	868	0	80	80	1.0000000
NODE_4418_length_1147_cov_16.559160	417	497	0	30	80	0.3750000
NODE_4418_length_1147_cov_16.559160	417	497	4	50	80	0.6250000
NODE_4418_length_1147_cov_16.559160	470	550	4	80	80	1.0000000
NODE_4428_length_1146_cov_52.393505	411	491	8	8	80	0.1000000
NODE_4428_length_1146_cov_52.393505	411	491	10	7	80	0.0875000
NODE_4428_length_1146_cov_52.393505	411	491	12	65	80	0.8125000
NODE_4428_length_1146_cov_52.393505	464	544	4	11	80	0.1375000
NODE_4428_length_1146_cov_52.393505	464	544	6	27	80	0.3375000
NODE_4428_length_1146_cov_52.393505	464	544	9	1	80	0.0125000
NODE_4428_length_1146_cov_52.393505	464	544	10	21	80	0.2625000
NODE_4428_length_1146_cov_52.393505	464	544	12	20	80	0.2500000
NODE_4428_length_1146_cov_52.393505	540	620	5	67	80	0.8375000
NODE_4428_length_1146_cov_52.393505	540	620	6	11	80	0.1375000
NODE_4428_length_1146_cov_52.393505	540	620	13	2	80	0.0250000
NODE_4428_length_1146_cov_52.393505	593	673	5	25	80	0.3125000
NODE_4428_length_1146_cov_52.393505	593	673	8	53	80	0.6625000
NODE_4428_length_1146_cov_52.393505	593	673	13	2	80	0.0250000
NODE_4429_length_1146_cov_46.364852	233	313	0	80	80	1.0000000
NODE_4429_length_1146_cov_46.364852	286	366	0	80	80	1.0000000
NODE_4430_length_1146_cov_26.159503	476	556	0	31	80	0.3875000
NODE_4430_length_1146_cov_26.159503	476	556	2	49	80	0.6125000
NODE_4430_length_1146_cov_26.159503	529	609	0	80	80	1.0000000
NODE_4430_length_1146_cov_26.159503	605	685	0	80	80	1.0000000
NODE_4430_length_1146_cov_26.159503	658	738	0	80	80	1.0000000
NODE_4431_length_1146_cov_14.210124	343	423	0	22	80	0.2750000
NODE_4431_length_1146_cov_14.210124	343	423	2	58	80	0.7250000
NODE_4431_length_1146_cov_14.210124	396	476	0	20	80	0.2500000
NODE_4431_length_1146_cov_14.210124	396	476	2	60	80	0.7500000
NODE_4432_length_1146_cov_13.479465	425	501	0	76	76	1.0000000
NODE_4432_length_1146_cov_13.479465	505	565	0	3	60	0.0500000
NODE_4432_length_1146_cov_13.479465	505	565	2	10	60	0.1666667
NODE_4432_length_1146_cov_13.479465	505	565	4	47	60	0.7833334
NODE_4432_length_1146_cov_13.479465	561	641	0	28	80	0.3500000
NODE_4432_length_1146_cov_13.479465	561	641	2	14	80	0.1750000
NODE_4432_length_1146_cov_13.479465	561	641	4	38	80	0.4750000
NODE_4432_length_1146_cov_13.479465	614	694	0	80	80	1.0000000
NODE_4438_length_1145_cov_49.566922	395	470	0	6	75	0.0800000
NODE_4438_length_1145_cov_49.566922	395	470	4	23	75	0.3066667
NODE_4438_length_1145_cov_49.566922	395	470	6	46	75	0.6133333
NODE_4438_length_1145_cov_49.566922	443	523	0	4	80	0.0500000
NODE_4438_length_1145_cov_49.566922	443	523	2	6	80	0.0750000
NODE_4438_length_1145_cov_49.566922	443	523	6	70	80	0.8750000
NODE_4439_length_1145_cov_38.191205	497	576	2	21	79	0.2658228
NODE_4439_length_1145_cov_38.191205	497	576	6	2	79	0.0253165
NODE_4439_length_1145_cov_38.191205	497	576	8	56	79	0.7088608
NODE_4439_length_1145_cov_38.191205	549	629	4	34	80	0.4250000
NODE_4439_length_1145_cov_38.191205	549	629	6	2	80	0.0250000
NODE_4439_length_1145_cov_38.191205	549	629	8	44	80	0.5500000
NODE_4440_length_1145_cov_26.929254	468	548	0	4	80	0.0500000
NODE_4440_length_1145_cov_26.929254	468	548	2	76	80	0.9500000
NODE_4440_length_1145_cov_26.929254	521	601	0	57	80	0.7125000
NODE_4440_length_1145_cov_26.929254	521	601	2	23	80	0.2875000
NODE_4441_length_1145_cov_20.121415	508	588	0	29	80	0.3625000
NODE_4441_length_1145_cov_20.121415	508	588	4	46	80	0.5750000
NODE_4441_length_1145_cov_20.121415	508	588	6	5	80	0.0625000
NODE_4441_length_1145_cov_20.121415	561	641	4	22	80	0.2750000
NODE_4441_length_1145_cov_20.121415	561	641	6	58	80	0.7250000
NODE_4442_length_1145_cov_11.753346	527	605	0	78	78	1.0000000
NODE_4442_length_1145_cov_11.753346	578	659	0	81	81	1.0000000
NODE_4443_length_1145_cov_9.571702	93	173	0	13	80	0.1625000
NODE_4443_length_1145_cov_9.571702	93	173	2	67	80	0.8375000
NODE_4443_length_1145_cov_9.571702	146	226	0	34	80	0.4250000
NODE_4443_length_1145_cov_9.571702	146	226	2	46	80	0.5750000
NODE_4455_length_1143_cov_42.255747	380	460	0	35	80	0.4375000
NODE_4455_length_1143_cov_42.255747	380	460	2	45	80	0.5625000
NODE_4455_length_1143_cov_42.255747	433	513	0	54	80	0.6750000
NODE_4455_length_1143_cov_42.255747	433	513	2	26	80	0.3250000
NODE_4455_length_1143_cov_42.255747	509	589	2	11	80	0.1375000
NODE_4455_length_1143_cov_42.255747	509	589	4	11	80	0.1375000
NODE_4455_length_1143_cov_42.255747	509	589	5	39	80	0.4875000
NODE_4455_length_1143_cov_42.255747	509	589	6	19	80	0.2375000
NODE_4455_length_1143_cov_42.255747	562	642	2	18	80	0.2250000
NODE_4455_length_1143_cov_42.255747	562	642	4	30	80	0.3750000
NODE_4455_length_1143_cov_42.255747	562	642	5	8	80	0.1000000
NODE_4455_length_1143_cov_42.255747	562	642	6	24	80	0.3000000
NODE_4456_length_1143_cov_22.076628	526	606	4	14	80	0.1750000
NODE_4456_length_1143_cov_22.076628	526	606	5	4	80	0.0500000
NODE_4456_length_1143_cov_22.076628	526	606	7	6	80	0.0750000
NODE_4456_length_1143_cov_22.076628	526	606	8	56	80	0.7000000
NODE_4456_length_1143_cov_22.076628	579	659	2	14	80	0.1750000
NODE_4456_length_1143_cov_22.076628	579	659	4	49	80	0.6125000
NODE_4456_length_1143_cov_22.076628	579	659	8	17	80	0.2125000
NODE_4457_length_1143_cov_19.106322	565	645	0	80	80	1.0000000
NODE_4457_length_1143_cov_19.106322	618	698	0	80	80	1.0000000
NODE_4458_length_1143_cov_16.223180	638	719	0	36	81	0.4444444
NODE_4458_length_1143_cov_16.223180	638	719	1	14	81	0.1728395
NODE_4458_length_1143_cov_16.223180	638	719	2	31	81	0.3827161
NODE_4458_length_1143_cov_16.223180	692	772	0	80	80	1.0000000
NODE_4459_length_1143_cov_13.961686	634	714	8	48	80	0.6000000
NODE_4459_length_1143_cov_13.961686	634	714	9	7	80	0.0875000
NODE_4459_length_1143_cov_13.961686	634	714	10	10	80	0.1250000
NODE_4459_length_1143_cov_13.961686	634	714	12	15	80	0.1875000
NODE_4459_length_1143_cov_13.961686	687	767	8	3	80	0.0375000
NODE_4459_length_1143_cov_13.961686	687	767	9	32	80	0.4000000
NODE_4459_length_1143_cov_13.961686	687	767	10	20	80	0.2500000
NODE_4459_length_1143_cov_13.961686	687	767	12	25	80	0.3125000
NODE_4459_length_1143_cov_13.961686	763	843	6	14	80	0.1750000
NODE_4459_length_1143_cov_13.961686	763	843	8	15	80	0.1875000
NODE_4459_length_1143_cov_13.961686	763	843	10	50	80	0.6250000
NODE_4459_length_1143_cov_13.961686	763	843	12	1	80	0.0125000
NODE_4459_length_1143_cov_13.961686	816	896	4	29	80	0.3625000
NODE_4459_length_1143_cov_13.961686	816	896	8	39	80	0.4875000
NODE_4459_length_1143_cov_13.961686	816	896	10	12	80	0.1500000
NODE_4460_length_1143_cov_12.782567	328	409	1	22	81	0.2716049
NODE_4460_length_1143_cov_12.782567	328	409	2	59	81	0.7283950
NODE_4460_length_1143_cov_12.782567	381	462	0	30	81	0.3703704
NODE_4460_length_1143_cov_12.782567	381	462	1	45	81	0.5555556
NODE_4460_length_1143_cov_12.782567	381	462	2	6	81	0.0740741
NODE_4460_length_1143_cov_12.782567	458	538	0	38	80	0.4750000
NODE_4460_length_1143_cov_12.782567	458	538	2	24	80	0.3000000
NODE_4460_length_1143_cov_12.782567	458	538	4	7	80	0.0875000
NODE_4460_length_1143_cov_12.782567	458	538	8	11	80	0.1375000
NODE_4460_length_1143_cov_12.782567	511	591	2	9	80	0.1125000
NODE_4460_length_1143_cov_12.782567	511	591	4	7	80	0.0875000
NODE_4460_length_1143_cov_12.782567	511	591	8	64	80	0.8000000
NODE_4461_length_1143_cov_8.287356	692	772	0	80	80	1.0000000
NODE_4461_length_1143_cov_8.287356	745	825	0	80	80	1.0000000
NODE_4463_length_1143_cov_2.197318	988	1057	2	45	69	0.6521739
NODE_4463_length_1143_cov_2.197318	988	1057	4	24	69	0.3478261
NODE_4466_length_1142_cov_28.364334	613	693	2	7	80	0.0875000
NODE_4466_length_1142_cov_28.364334	613	693	12	4	80	0.0500000
NODE_4466_length_1142_cov_28.364334	613	693	14	30	80	0.3750000
NODE_4466_length_1142_cov_28.364334	613	693	20	4	80	0.0500000
NODE_4466_length_1142_cov_28.364334	613	693	22	35	80	0.4375000
NODE_4466_length_1142_cov_28.364334	666	746	18	16	80	0.2000000
NODE_4466_length_1142_cov_28.364334	666	746	20	2	80	0.0250000
NODE_4466_length_1142_cov_28.364334	666	746	22	62	80	0.7750000
NODE_4467_length_1142_cov_21.669223	518	598	0	47	80	0.5875000
NODE_4467_length_1142_cov_21.669223	518	598	2	33	80	0.4125000
NODE_4467_length_1142_cov_21.669223	571	651	2	31	80	0.3875000
NODE_4467_length_1142_cov_21.669223	571	651	6	49	80	0.6125000
NODE_4468_length_1142_cov_19.007670	411	491	0	80	80	1.0000000
NODE_4468_length_1142_cov_19.007670	464	544	0	80	80	1.0000000
NODE_4474_length_1141_cov_12.500960	17	97	14	11	80	0.1375000
NODE_4474_length_1141_cov_12.500960	17	97	18	2	80	0.0250000
NODE_4474_length_1141_cov_12.500960	17	97	20	3	80	0.0375000
NODE_4474_length_1141_cov_12.500960	17	97	22	10	80	0.1250000
NODE_4474_length_1141_cov_12.500960	17	97	24	3	80	0.0375000
NODE_4474_length_1141_cov_12.500960	17	97	26	19	80	0.2375000
NODE_4474_length_1141_cov_12.500960	17	97	28	5	80	0.0625000
NODE_4474_length_1141_cov_12.500960	17	97	30	27	80	0.3375000
NODE_4474_length_1141_cov_12.500960	17	97	14	11	80	0.1375000
NODE_4474_length_1141_cov_12.500960	17	97	18	2	80	0.0250000
NODE_4474_length_1141_cov_12.500960	17	97	20	3	80	0.0375000
NODE_4474_length_1141_cov_12.500960	17	97	22	10	80	0.1250000
NODE_4474_length_1141_cov_12.500960	17	97	24	3	80	0.0375000
NODE_4474_length_1141_cov_12.500960	17	97	26	19	80	0.2375000
NODE_4474_length_1141_cov_12.500960	17	97	28	5	80	0.0625000
NODE_4474_length_1141_cov_12.500960	17	97	30	27	80	0.3375000
NODE_4474_length_1141_cov_12.500960	17	97	14	11	80	0.1375000
NODE_4474_length_1141_cov_12.500960	17	97	18	2	80	0.0250000
NODE_4474_length_1141_cov_12.500960	17	97	20	3	80	0.0375000
NODE_4474_length_1141_cov_12.500960	17	97	22	10	80	0.1250000
NODE_4474_length_1141_cov_12.500960	17	97	24	3	80	0.0375000
NODE_4474_length_1141_cov_12.500960	17	97	26	19	80	0.2375000
NODE_4474_length_1141_cov_12.500960	17	97	28	5	80	0.0625000
NODE_4474_length_1141_cov_12.500960	17	97	30	27	80	0.3375000
NODE_4474_length_1141_cov_12.500960	17	97	14	11	80	0.1375000
NODE_4474_length_1141_cov_12.500960	17	97	18	2	80	0.0250000
NODE_4474_length_1141_cov_12.500960	17	97	20	3	80	0.0375000
NODE_4474_length_1141_cov_12.500960	17	97	22	10	80	0.1250000
NODE_4474_length_1141_cov_12.500960	17	97	24	3	80	0.0375000
NODE_4474_length_1141_cov_12.500960	17	97	26	19	80	0.2375000
NODE_4474_length_1141_cov_12.500960	17	97	28	5	80	0.0625000
NODE_4474_length_1141_cov_12.500960	17	97	30	27	80	0.3375000
NODE_4474_length_1141_cov_12.500960	70	132	18	13	62	0.2096774
NODE_4474_length_1141_cov_12.500960	70	132	20	1	62	0.0161290
NODE_4474_length_1141_cov_12.500960	70	132	24	5	62	0.0806452
NODE_4474_length_1141_cov_12.500960	70	132	26	8	62	0.1290323
NODE_4474_length_1141_cov_12.500960	70	132	30	35	62	0.5645161
NODE_4474_length_1141_cov_12.500960	70	132	18	13	62	0.2096774
NODE_4474_length_1141_cov_12.500960	70	132	20	1	62	0.0161290
NODE_4474_length_1141_cov_12.500960	70	132	24	5	62	0.0806452
NODE_4474_length_1141_cov_12.500960	70	132	26	8	62	0.1290323
NODE_4474_length_1141_cov_12.500960	70	132	30	35	62	0.5645161
NODE_4474_length_1141_cov_12.500960	70	132	18	13	62	0.2096774
NODE_4474_length_1141_cov_12.500960	70	132	20	1	62	0.0161290
NODE_4474_length_1141_cov_12.500960	70	132	24	5	62	0.0806452
NODE_4474_length_1141_cov_12.500960	70	132	26	8	62	0.1290323
NODE_4474_length_1141_cov_12.500960	70	132	30	35	62	0.5645161
NODE_4474_length_1141_cov_12.500960	70	132	18	13	62	0.2096774
NODE_4474_length_1141_cov_12.500960	70	132	20	1	62	0.0161290
NODE_4474_length_1141_cov_12.500960	70	132	24	5	62	0.0806452
NODE_4474_length_1141_cov_12.500960	70	132	26	8	62	0.1290323
NODE_4474_length_1141_cov_12.500960	70	132	30	35	62	0.5645161
NODE_4475_length_1141_cov_7.197697	54	134	0	45	80	0.5625000
NODE_4475_length_1141_cov_7.197697	54	134	2	35	80	0.4375000
NODE_4475_length_1141_cov_7.197697	107	187	2	80	80	1.0000000
NODE_4475_length_1141_cov_7.197697	573	653	0	31	80	0.3875000
NODE_4475_length_1141_cov_7.197697	573	653	2	21	80	0.2625000
NODE_4475_length_1141_cov_7.197697	573	653	8	28	80	0.3500000
NODE_4475_length_1141_cov_7.197697	626	707	6	16	81	0.1975309
NODE_4475_length_1141_cov_7.197697	626	707	8	65	81	0.8024691
NODE_4476_length_1141_cov_5.428023	411	491	0	80	80	1.0000000
NODE_4476_length_1141_cov_5.428023	464	544	0	80	80	1.0000000
NODE_4482_length_1140_cov_39.383285	451	531	4	18	80	0.2250000
NODE_4482_length_1140_cov_39.383285	451	531	12	52	80	0.6500000
NODE_4482_length_1140_cov_39.383285	451	531	14	10	80	0.1250000
NODE_4482_length_1140_cov_39.383285	504	584	2	6	80	0.0750000
NODE_4482_length_1140_cov_39.383285	504	584	10	5	80	0.0625000
NODE_4482_length_1140_cov_39.383285	504	584	12	60	80	0.7500000
NODE_4482_length_1140_cov_39.383285	504	584	14	9	80	0.1125000
NODE_4482_length_1140_cov_39.383285	580	660	0	39	80	0.4875000
NODE_4482_length_1140_cov_39.383285	580	660	2	8	80	0.1000000
NODE_4482_length_1140_cov_39.383285	580	660	4	4	80	0.0500000
NODE_4482_length_1140_cov_39.383285	580	660	6	15	80	0.1875000
NODE_4482_length_1140_cov_39.383285	580	660	10	4	80	0.0500000
NODE_4482_length_1140_cov_39.383285	580	660	12	6	80	0.0750000
NODE_4482_length_1140_cov_39.383285	580	660	14	4	80	0.0500000
NODE_4482_length_1140_cov_39.383285	633	713	6	13	80	0.1625000
NODE_4482_length_1140_cov_39.383285	633	713	10	4	80	0.0500000
NODE_4482_length_1140_cov_39.383285	633	713	12	8	80	0.1000000
NODE_4482_length_1140_cov_39.383285	633	713	14	55	80	0.6875000
NODE_4483_length_1140_cov_19.493756	543	623	0	44	80	0.5500000
NODE_4483_length_1140_cov_19.493756	543	623	2	36	80	0.4500000
NODE_4483_length_1140_cov_19.493756	596	676	0	7	80	0.0875000
NODE_4483_length_1140_cov_19.493756	596	676	2	73	80	0.9125000
NODE_4484_length_1140_cov_18.341018	347	427	0	51	80	0.6375000
NODE_4484_length_1140_cov_18.341018	347	427	2	29	80	0.3625000
NODE_4484_length_1140_cov_18.341018	400	480	0	80	80	1.0000000
NODE_4484_length_1140_cov_18.341018	476	556	0	35	80	0.4375000
NODE_4484_length_1140_cov_18.341018	476	556	2	27	80	0.3375000
NODE_4484_length_1140_cov_18.341018	476	556	4	18	80	0.2250000
NODE_4484_length_1140_cov_18.341018	529	609	2	18	80	0.2250000
NODE_4484_length_1140_cov_18.341018	529	609	4	62	80	0.7750000
NODE_4494_length_1139_cov_26.812500	410	490	2	37	80	0.4625000
NODE_4494_length_1139_cov_26.812500	410	490	4	43	80	0.5375000
NODE_4494_length_1139_cov_26.812500	463	543	0	28	80	0.3500000
NODE_4494_length_1139_cov_26.812500	463	543	2	52	80	0.6500000
NODE_4494_length_1139_cov_26.812500	539	619	0	45	80	0.5625000
NODE_4494_length_1139_cov_26.812500	539	619	2	20	80	0.2500000
NODE_4494_length_1139_cov_26.812500	539	619	4	15	80	0.1875000
NODE_4494_length_1139_cov_26.812500	592	672	2	22	80	0.2750000
NODE_4494_length_1139_cov_26.812500	592	672	4	58	80	0.7250000
NODE_4495_length_1139_cov_26.323077	308	388	0	66	80	0.8250000
NODE_4495_length_1139_cov_26.323077	308	388	2	14	80	0.1750000
NODE_4495_length_1139_cov_26.323077	361	441	0	13	80	0.1625000
NODE_4495_length_1139_cov_26.323077	361	441	2	67	80	0.8375000
NODE_4495_length_1139_cov_26.323077	437	517	2	12	80	0.1500000
NODE_4495_length_1139_cov_26.323077	437	517	4	68	80	0.8500000
NODE_4495_length_1139_cov_26.323077	490	570	2	21	80	0.2625000
NODE_4495_length_1139_cov_26.323077	490	570	4	59	80	0.7375000
NODE_4496_length_1139_cov_15.223077	530	610	0	19	80	0.2375000
NODE_4496_length_1139_cov_15.223077	530	610	2	61	80	0.7625000
NODE_4496_length_1139_cov_15.223077	583	663	0	39	80	0.4875000
NODE_4496_length_1139_cov_15.223077	583	663	2	41	80	0.5125000
NODE_4505_length_1138_cov_74.599615	480	560	0	7	80	0.0875000
NODE_4505_length_1138_cov_74.599615	480	560	2	73	80	0.9125000
NODE_4505_length_1138_cov_74.599615	533	613	0	41	80	0.5125000
NODE_4505_length_1138_cov_74.599615	533	613	2	39	80	0.4875000
NODE_4505_length_1138_cov_74.599615	609	689	0	24	80	0.3000000
NODE_4505_length_1138_cov_74.599615	609	689	2	47	80	0.5875000
NODE_4505_length_1138_cov_74.599615	609	689	4	9	80	0.1125000
NODE_4505_length_1138_cov_74.599615	662	742	2	40	80	0.5000000
NODE_4505_length_1138_cov_74.599615	662	742	4	40	80	0.5000000
NODE_4506_length_1138_cov_29.407122	559	639	10	80	80	1.0000000
NODE_4506_length_1138_cov_29.407122	612	692	10	80	80	1.0000000
NODE_4506_length_1138_cov_29.407122	688	768	0	32	80	0.4000000
NODE_4506_length_1138_cov_29.407122	688	768	2	32	80	0.4000000
NODE_4506_length_1138_cov_29.407122	688	768	9	1	80	0.0125000
NODE_4506_length_1138_cov_29.407122	688	768	10	15	80	0.1875000
NODE_4506_length_1138_cov_29.407122	741	821	2	80	80	1.0000000
NODE_4507_length_1138_cov_18.326275	454	534	0	80	80	1.0000000
NODE_4507_length_1138_cov_18.326275	507	587	0	80	80	1.0000000
NODE_4507_length_1138_cov_18.326275	583	663	0	80	80	1.0000000
NODE_4507_length_1138_cov_18.326275	636	716	0	80	80	1.0000000
NODE_4509_length_1138_cov_11.834456	291	371	0	80	80	1.0000000
NODE_4509_length_1138_cov_11.834456	344	424	0	80	80	1.0000000
NODE_4510_length_1138_cov_10.923003	318	398	2	16	80	0.2000000
NODE_4510_length_1138_cov_10.923003	318	398	6	54	80	0.6750000
NODE_4510_length_1138_cov_10.923003	318	398	8	10	80	0.1250000
NODE_4510_length_1138_cov_10.923003	371	451	4	3	80	0.0375000
NODE_4510_length_1138_cov_10.923003	371	451	6	17	80	0.2125000
NODE_4510_length_1138_cov_10.923003	371	451	8	35	80	0.4375000
NODE_4510_length_1138_cov_10.923003	371	451	10	25	80	0.3125000
NODE_4517_length_1137_cov_23.983622	470	550	0	40	80	0.5000000
NODE_4517_length_1137_cov_23.983622	470	550	2	18	80	0.2250000
NODE_4517_length_1137_cov_23.983622	470	550	4	14	80	0.1750000
NODE_4517_length_1137_cov_23.983622	470	550	6	8	80	0.1000000
NODE_4517_length_1137_cov_23.983622	523	603	2	5	80	0.0625000
NODE_4517_length_1137_cov_23.983622	523	603	4	14	80	0.1750000
NODE_4517_length_1137_cov_23.983622	523	603	6	61	80	0.7625000
NODE_4517_length_1137_cov_23.983622	599	679	2	1	80	0.0125000
NODE_4517_length_1137_cov_23.983622	599	679	4	44	80	0.5500000
NODE_4517_length_1137_cov_23.983622	599	679	6	35	80	0.4375000
NODE_4517_length_1137_cov_23.983622	652	732	2	5	80	0.0625000
NODE_4517_length_1137_cov_23.983622	652	732	4	30	80	0.3750000
NODE_4517_length_1137_cov_23.983622	652	732	6	45	80	0.5625000
NODE_4518_length_1137_cov_22.877649	405	485	6	47	80	0.5875000
NODE_4518_length_1137_cov_22.877649	405	485	10	11	80	0.1375000
NODE_4518_length_1137_cov_22.877649	405	485	14	22	80	0.2750000
NODE_4518_length_1137_cov_22.877649	458	538	10	64	80	0.8000000
NODE_4518_length_1137_cov_22.877649	458	538	14	16	80	0.2000000
NODE_4518_length_1137_cov_22.877649	534	614	0	30	80	0.3750000
NODE_4518_length_1137_cov_22.877649	534	614	8	29	80	0.3625000
NODE_4518_length_1137_cov_22.877649	534	614	10	21	80	0.2625000
NODE_4518_length_1137_cov_22.877649	587	667	0	80	80	1.0000000
NODE_4519_length_1137_cov_21.570328	383	463	6	44	80	0.5500000
NODE_4519_length_1137_cov_21.570328	383	463	8	13	80	0.1625000
NODE_4519_length_1137_cov_21.570328	383	463	10	15	80	0.1875000
NODE_4519_length_1137_cov_21.570328	383	463	12	8	80	0.1000000
NODE_4519_length_1137_cov_21.570328	436	516	6	4	80	0.0500000
NODE_4519_length_1137_cov_21.570328	436	516	8	17	80	0.2125000
NODE_4519_length_1137_cov_21.570328	436	516	10	15	80	0.1875000
NODE_4519_length_1137_cov_21.570328	436	516	12	12	80	0.1500000
NODE_4519_length_1137_cov_21.570328	436	516	14	32	80	0.4000000
NODE_4520_length_1137_cov_18.560694	665	745	6	11	80	0.1375000
NODE_4520_length_1137_cov_18.560694	665	745	8	69	80	0.8625000
NODE_4520_length_1137_cov_18.560694	718	798	0	46	80	0.5750000
NODE_4520_length_1137_cov_18.560694	718	798	2	2	80	0.0250000
NODE_4520_length_1137_cov_18.560694	718	798	6	16	80	0.2000000
NODE_4520_length_1137_cov_18.560694	718	798	8	16	80	0.2000000
NODE_4521_length_1137_cov_18.505780	557	637	5	29	80	0.3625000
NODE_4521_length_1137_cov_18.505780	557	637	7	22	80	0.2750000
NODE_4521_length_1137_cov_18.505780	557	637	8	29	80	0.3625000
NODE_4521_length_1137_cov_18.505780	610	690	2	21	80	0.2625000
NODE_4521_length_1137_cov_18.505780	610	690	8	59	80	0.7375000
NODE_4521_length_1137_cov_18.505780	686	766	2	18	80	0.2250000
NODE_4521_length_1137_cov_18.505780	686	766	4	12	80	0.1500000
NODE_4521_length_1137_cov_18.505780	686	766	6	50	80	0.6250000
NODE_4521_length_1137_cov_18.505780	739	819	2	15	80	0.1875000
NODE_4521_length_1137_cov_18.505780	739	819	4	26	80	0.3250000
NODE_4521_length_1137_cov_18.505780	739	819	6	39	80	0.4875000
NODE_4523_length_1137_cov_11.866089	313	393	4	80	80	1.0000000
NODE_4523_length_1137_cov_11.866089	366	446	0	46	80	0.5750000
NODE_4523_length_1137_cov_11.866089	366	446	4	34	80	0.4250000
NODE_4523_length_1137_cov_11.866089	442	522	0	80	80	1.0000000
NODE_4523_length_1137_cov_11.866089	495	575	0	80	80	1.0000000
NODE_4524_length_1137_cov_5.594412	144	224	0	80	80	1.0000000
NODE_4524_length_1137_cov_5.594412	197	277	0	80	80	1.0000000
NODE_4532_length_1136_cov_42.827387	445	525	2	20	80	0.2500000
NODE_4532_length_1136_cov_42.827387	445	525	3	2	80	0.0250000
NODE_4532_length_1136_cov_42.827387	445	525	4	47	80	0.5875000
NODE_4532_length_1136_cov_42.827387	445	525	7	3	80	0.0375000
NODE_4532_length_1136_cov_42.827387	445	525	8	2	80	0.0250000
NODE_4532_length_1136_cov_42.827387	445	525	9	6	80	0.0750000
NODE_4532_length_1136_cov_42.827387	498	578	2	16	80	0.2000000
NODE_4532_length_1136_cov_42.827387	498	578	7	30	80	0.3750000
NODE_4532_length_1136_cov_42.827387	498	578	8	2	80	0.0250000
NODE_4532_length_1136_cov_42.827387	498	578	9	6	80	0.0750000
NODE_4532_length_1136_cov_42.827387	498	578	14	26	80	0.3250000
NODE_4532_length_1136_cov_42.827387	574	654	14	22	80	0.2750000
NODE_4532_length_1136_cov_42.827387	574	654	16	58	80	0.7250000
NODE_4532_length_1136_cov_42.827387	627	707	0	5	80	0.0625000
NODE_4532_length_1136_cov_42.827387	627	707	6	1	80	0.0125000
NODE_4532_length_1136_cov_42.827387	627	707	7	1	80	0.0125000
NODE_4532_length_1136_cov_42.827387	627	707	9	36	80	0.4500000
NODE_4532_length_1136_cov_42.827387	627	707	16	37	80	0.4625000
NODE_4533_length_1136_cov_30.940212	534	614	4	12	80	0.1500000
NODE_4533_length_1136_cov_30.940212	534	614	8	4	80	0.0500000
NODE_4533_length_1136_cov_30.940212	534	614	10	28	80	0.3500000
NODE_4533_length_1136_cov_30.940212	534	614	13	5	80	0.0625000
NODE_4533_length_1136_cov_30.940212	534	614	14	31	80	0.3875000
NODE_4533_length_1136_cov_30.940212	587	667	12	46	80	0.5750000
NODE_4533_length_1136_cov_30.940212	587	667	13	7	80	0.0875000
NODE_4533_length_1136_cov_30.940212	587	667	14	27	80	0.3375000
NODE_4533_length_1136_cov_30.940212	663	743	6	57	80	0.7125000
NODE_4533_length_1136_cov_30.940212	663	743	10	3	80	0.0375000
NODE_4533_length_1136_cov_30.940212	663	743	12	20	80	0.2500000
NODE_4533_length_1136_cov_30.940212	716	796	4	49	80	0.6125000
NODE_4533_length_1136_cov_30.940212	716	796	6	31	80	0.3875000
NODE_4534_length_1136_cov_30.797493	557	637	22	6	80	0.0750000
NODE_4534_length_1136_cov_30.797493	557	637	23	6	80	0.0750000
NODE_4534_length_1136_cov_30.797493	557	637	24	2	80	0.0250000
NODE_4534_length_1136_cov_30.797493	557	637	25	11	80	0.1375000
NODE_4534_length_1136_cov_30.797493	557	637	26	3	80	0.0375000
NODE_4534_length_1136_cov_30.797493	557	637	29	52	80	0.6500000
NODE_4534_length_1136_cov_30.797493	610	691	2	5	81	0.0617284
NODE_4534_length_1136_cov_30.797493	610	691	17	1	81	0.0123457
NODE_4534_length_1136_cov_30.797493	610	691	18	36	81	0.4444444
NODE_4534_length_1136_cov_30.797493	610	691	22	18	81	0.2222222
NODE_4534_length_1136_cov_30.797493	610	691	23	6	81	0.0740741
NODE_4534_length_1136_cov_30.797493	610	691	24	2	81	0.0246914
NODE_4534_length_1136_cov_30.797493	610	691	26	3	81	0.0370370
NODE_4534_length_1136_cov_30.797493	610	691	29	10	81	0.1234568
NODE_4534_length_1136_cov_30.797493	687	767	2	16	80	0.2000000
NODE_4534_length_1136_cov_30.797493	687	767	4	1	80	0.0125000
NODE_4534_length_1136_cov_30.797493	687	767	5	63	80	0.7875000
NODE_4534_length_1136_cov_30.797493	740	820	3	6	80	0.0750000
NODE_4534_length_1136_cov_30.797493	740	820	4	35	80	0.4375000
NODE_4534_length_1136_cov_30.797493	740	820	5	39	80	0.4875000
NODE_4535_length_1136_cov_23.142719	704	784	0	10	80	0.1250000
NODE_4535_length_1136_cov_23.142719	704	784	4	27	80	0.3375000
NODE_4535_length_1136_cov_23.142719	704	784	8	25	80	0.3125000
NODE_4535_length_1136_cov_23.142719	704	784	10	18	80	0.2250000
NODE_4535_length_1136_cov_23.142719	757	837	8	47	80	0.5875000
NODE_4535_length_1136_cov_23.142719	757	837	10	33	80	0.4125000
NODE_4536_length_1136_cov_21.798457	570	651	8	20	81	0.2469136
NODE_4536_length_1136_cov_21.798457	570	651	10	61	81	0.7530864
NODE_4536_length_1136_cov_21.798457	624	704	8	15	80	0.1875000
NODE_4536_length_1136_cov_21.798457	624	704	10	65	80	0.8125000
NODE_4537_length_1136_cov_21.109932	460	532	2	23	72	0.3194444
NODE_4537_length_1136_cov_21.109932	460	532	8	6	72	0.0833333
NODE_4537_length_1136_cov_21.109932	460	532	10	43	72	0.5972222
NODE_4537_length_1136_cov_21.109932	505	585	8	45	80	0.5625000
NODE_4537_length_1136_cov_21.109932	505	585	10	35	80	0.4375000
NODE_4538_length_1136_cov_20.528447	19	99	11	3	80	0.0375000
NODE_4538_length_1136_cov_20.528447	19	99	13	1	80	0.0125000
NODE_4538_length_1136_cov_20.528447	19	99	21	3	80	0.0375000
NODE_4538_length_1136_cov_20.528447	19	99	25	3	80	0.0375000
NODE_4538_length_1136_cov_20.528447	19	99	29	3	80	0.0375000
NODE_4538_length_1136_cov_20.528447	19	99	30	2	80	0.0250000
NODE_4538_length_1136_cov_20.528447	19	99	31	3	80	0.0375000
NODE_4538_length_1136_cov_20.528447	19	99	35	6	80	0.0750000
NODE_4538_length_1136_cov_20.528447	19	99	36	3	80	0.0375000
NODE_4538_length_1136_cov_20.528447	19	99	38	5	80	0.0625000
NODE_4538_length_1136_cov_20.528447	19	99	43	3	80	0.0375000
NODE_4538_length_1136_cov_20.528447	19	99	44	9	80	0.1125000
NODE_4538_length_1136_cov_20.528447	19	99	47	4	80	0.0500000
NODE_4538_length_1136_cov_20.528447	19	99	52	11	80	0.1375000
NODE_4538_length_1136_cov_20.528447	19	99	53	13	80	0.1625000
NODE_4538_length_1136_cov_20.528447	19	99	57	6	80	0.0750000
NODE_4538_length_1136_cov_20.528447	19	99	58	2	80	0.0250000
NODE_4538_length_1136_cov_20.528447	19	99	11	3	80	0.0375000
NODE_4538_length_1136_cov_20.528447	19	99	13	1	80	0.0125000
NODE_4538_length_1136_cov_20.528447	19	99	21	3	80	0.0375000
NODE_4538_length_1136_cov_20.528447	19	99	25	3	80	0.0375000
NODE_4538_length_1136_cov_20.528447	19	99	29	3	80	0.0375000
NODE_4538_length_1136_cov_20.528447	19	99	30	2	80	0.0250000
NODE_4538_length_1136_cov_20.528447	19	99	31	3	80	0.0375000
NODE_4538_length_1136_cov_20.528447	19	99	35	6	80	0.0750000
NODE_4538_length_1136_cov_20.528447	19	99	36	3	80	0.0375000
NODE_4538_length_1136_cov_20.528447	19	99	38	5	80	0.0625000
NODE_4538_length_1136_cov_20.528447	19	99	43	3	80	0.0375000
NODE_4538_length_1136_cov_20.528447	19	99	44	9	80	0.1125000
NODE_4538_length_1136_cov_20.528447	19	99	47	4	80	0.0500000
NODE_4538_length_1136_cov_20.528447	19	99	52	11	80	0.1375000
NODE_4538_length_1136_cov_20.528447	19	99	53	13	80	0.1625000
NODE_4538_length_1136_cov_20.528447	19	99	57	6	80	0.0750000
NODE_4538_length_1136_cov_20.528447	19	99	58	2	80	0.0250000
NODE_4538_length_1136_cov_20.528447	28	99	25	1	71	0.0140845
NODE_4538_length_1136_cov_20.528447	28	99	29	3	71	0.0422535
NODE_4538_length_1136_cov_20.528447	28	99	30	2	71	0.0281690
NODE_4538_length_1136_cov_20.528447	28	99	31	3	71	0.0422535
NODE_4538_length_1136_cov_20.528447	28	99	35	6	71	0.0845070
NODE_4538_length_1136_cov_20.528447	28	99	36	3	71	0.0422535
NODE_4538_length_1136_cov_20.528447	28	99	38	5	71	0.0704225
NODE_4538_length_1136_cov_20.528447	28	99	43	3	71	0.0422535
NODE_4538_length_1136_cov_20.528447	28	99	44	9	71	0.1267606
NODE_4538_length_1136_cov_20.528447	28	99	47	4	71	0.0563380
NODE_4538_length_1136_cov_20.528447	28	99	52	11	71	0.1549296
NODE_4538_length_1136_cov_20.528447	28	99	53	13	71	0.1830986
NODE_4538_length_1136_cov_20.528447	28	99	57	6	71	0.0845070
NODE_4538_length_1136_cov_20.528447	28	99	58	2	71	0.0281690
NODE_4538_length_1136_cov_20.528447	877	912	0	35	35	1.0000000
NODE_4538_length_1136_cov_20.528447	879	921	0	42	42	1.0000000
NODE_4539_length_1136_cov_14.921890	657	737	0	80	80	1.0000000
NODE_4539_length_1136_cov_14.921890	710	790	0	80	80	1.0000000
NODE_4556_length_1135_cov_100.121622	454	534	5	32	80	0.4000000
NODE_4556_length_1135_cov_100.121622	454	534	13	1	80	0.0125000
NODE_4556_length_1135_cov_100.121622	454	534	14	1	80	0.0125000
NODE_4556_length_1135_cov_100.121622	454	534	15	15	80	0.1875000
NODE_4556_length_1135_cov_100.121622	454	534	27	6	80	0.0750000
NODE_4556_length_1135_cov_100.121622	454	534	39	25	80	0.3125000
NODE_4556_length_1135_cov_100.121622	507	587	27	2	80	0.0250000
NODE_4556_length_1135_cov_100.121622	507	587	39	27	80	0.3375000
NODE_4556_length_1135_cov_100.121622	507	587	47	12	80	0.1500000
NODE_4556_length_1135_cov_100.121622	507	587	60	11	80	0.1375000
NODE_4556_length_1135_cov_100.121622	507	587	61	16	80	0.2000000
NODE_4556_length_1135_cov_100.121622	507	587	63	6	80	0.0750000
NODE_4556_length_1135_cov_100.121622	507	587	72	6	80	0.0750000
NODE_4556_length_1135_cov_100.121622	583	663	40	4	80	0.0500000
NODE_4556_length_1135_cov_100.121622	583	663	53	12	80	0.1500000
NODE_4556_length_1135_cov_100.121622	583	663	55	11	80	0.1375000
NODE_4556_length_1135_cov_100.121622	583	663	62	1	80	0.0125000
NODE_4556_length_1135_cov_100.121622	583	663	63	9	80	0.1125000
NODE_4556_length_1135_cov_100.121622	583	663	72	22	80	0.2750000
NODE_4556_length_1135_cov_100.121622	583	663	74	21	80	0.2625000
NODE_4556_length_1135_cov_100.121622	636	719	2	21	83	0.2530121
NODE_4556_length_1135_cov_100.121622	636	719	29	1	83	0.0120482
NODE_4556_length_1135_cov_100.121622	636	719	30	11	83	0.1325301
NODE_4556_length_1135_cov_100.121622	636	719	40	27	83	0.3253012
NODE_4556_length_1135_cov_100.121622	636	719	53	12	83	0.1445783
NODE_4556_length_1135_cov_100.121622	636	719	55	11	83	0.1325301
NODE_4557_length_1135_cov_34.523166	313	393	2	1	80	0.0125000
NODE_4557_length_1135_cov_34.523166	313	393	3	12	80	0.1500000
NODE_4557_length_1135_cov_34.523166	313	393	4	7	80	0.0875000
NODE_4557_length_1135_cov_34.523166	313	393	6	60	80	0.7500000
NODE_4557_length_1135_cov_34.523166	366	446	3	65	80	0.8125000
NODE_4557_length_1135_cov_34.523166	366	446	4	7	80	0.0875000
NODE_4557_length_1135_cov_34.523166	366	446	6	8	80	0.1000000
NODE_4558_length_1135_cov_20.735521	484	564	6	80	80	1.0000000
NODE_4558_length_1135_cov_20.735521	537	617	0	39	80	0.4875000
NODE_4558_length_1135_cov_20.735521	537	617	6	41	80	0.5125000
NODE_4558_length_1135_cov_20.735521	613	693	0	56	80	0.7000000
NODE_4558_length_1135_cov_20.735521	613	693	4	24	80	0.3000000
NODE_4558_length_1135_cov_20.735521	666	746	0	3	80	0.0375000
NODE_4558_length_1135_cov_20.735521	666	746	4	77	80	0.9625000
NODE_4559_length_1135_cov_9.644788	620	700	0	9	80	0.1125000
NODE_4559_length_1135_cov_9.644788	620	700	2	71	80	0.8875000
NODE_4559_length_1135_cov_9.644788	673	753	0	35	80	0.4375000
NODE_4559_length_1135_cov_9.644788	673	753	2	45	80	0.5625000
NODE_4562_length_1135_cov_2.990347	349	429	0	8	80	0.1000000
NODE_4562_length_1135_cov_2.990347	349	429	2	4	80	0.0500000
NODE_4562_length_1135_cov_2.990347	349	429	4	29	80	0.3625000
NODE_4562_length_1135_cov_2.990347	349	429	5	12	80	0.1500000
NODE_4562_length_1135_cov_2.990347	349	429	6	27	80	0.3375000
NODE_4562_length_1135_cov_2.990347	402	482	5	65	80	0.8125000
NODE_4562_length_1135_cov_2.990347	402	482	6	15	80	0.1875000
NODE_4571_length_1134_cov_34.784541	478	558	10	34	80	0.4250000
NODE_4571_length_1134_cov_34.784541	478	558	14	20	80	0.2500000
NODE_4571_length_1134_cov_34.784541	478	558	16	26	80	0.3250000
NODE_4571_length_1134_cov_34.784541	531	611	4	17	80	0.2125000
NODE_4571_length_1134_cov_34.784541	531	611	6	27	80	0.3375000
NODE_4571_length_1134_cov_34.784541	531	611	8	1	80	0.0125000
NODE_4571_length_1134_cov_34.784541	531	611	9	3	80	0.0375000
NODE_4571_length_1134_cov_34.784541	531	611	10	17	80	0.2125000
NODE_4571_length_1134_cov_34.784541	531	611	14	15	80	0.1875000
NODE_4571_length_1134_cov_34.784541	607	687	2	21	80	0.2625000
NODE_4571_length_1134_cov_34.784541	607	687	3	36	80	0.4500000
NODE_4571_length_1134_cov_34.784541	607	687	6	6	80	0.0750000
NODE_4571_length_1134_cov_34.784541	607	687	7	17	80	0.2125000
NODE_4571_length_1134_cov_34.784541	660	740	3	10	80	0.1250000
NODE_4571_length_1134_cov_34.784541	660	740	6	22	80	0.2750000
NODE_4571_length_1134_cov_34.784541	660	740	7	37	80	0.4625000
NODE_4571_length_1134_cov_34.784541	660	740	8	11	80	0.1375000
NODE_4572_length_1134_cov_28.524638	511	591	4	14	80	0.1750000
NODE_4572_length_1134_cov_28.524638	511	591	6	28	80	0.3500000
NODE_4572_length_1134_cov_28.524638	511	591	8	38	80	0.4750000
NODE_4572_length_1134_cov_28.524638	564	644	4	12	80	0.1500000
NODE_4572_length_1134_cov_28.524638	564	644	6	23	80	0.2875000
NODE_4572_length_1134_cov_28.524638	564	644	8	2	80	0.0250000
NODE_4572_length_1134_cov_28.524638	564	644	10	5	80	0.0625000
NODE_4572_length_1134_cov_28.524638	564	644	30	10	80	0.1250000
NODE_4572_length_1134_cov_28.524638	564	644	32	25	80	0.3125000
NODE_4572_length_1134_cov_28.524638	564	644	34	3	80	0.0375000
NODE_4572_length_1134_cov_28.524638	640	720	27	3	80	0.0375000
NODE_4572_length_1134_cov_28.524638	640	720	28	3	80	0.0375000
NODE_4572_length_1134_cov_28.524638	640	720	29	16	80	0.2000000
NODE_4572_length_1134_cov_28.524638	640	720	30	5	80	0.0625000
NODE_4572_length_1134_cov_28.524638	640	720	32	2	80	0.0250000
NODE_4572_length_1134_cov_28.524638	640	720	33	3	80	0.0375000
NODE_4572_length_1134_cov_28.524638	640	720	34	13	80	0.1625000
NODE_4572_length_1134_cov_28.524638	640	720	36	35	80	0.4375000
NODE_4572_length_1134_cov_28.524638	693	773	2	22	80	0.2750000
NODE_4572_length_1134_cov_28.524638	693	773	6	10	80	0.1250000
NODE_4572_length_1134_cov_28.524638	693	773	27	7	80	0.0875000
NODE_4572_length_1134_cov_28.524638	693	773	28	20	80	0.2500000
NODE_4572_length_1134_cov_28.524638	693	773	29	16	80	0.2000000
NODE_4572_length_1134_cov_28.524638	693	773	32	2	80	0.0250000
NODE_4572_length_1134_cov_28.524638	693	773	33	3	80	0.0375000
NODE_4576_length_1134_cov_2.619324	606	686	1	10	80	0.1250000
NODE_4576_length_1134_cov_2.619324	606	686	2	47	80	0.5875000
NODE_4576_length_1134_cov_2.619324	606	686	6	23	80	0.2875000
NODE_4576_length_1134_cov_2.619324	659	739	2	4	80	0.0500000
NODE_4576_length_1134_cov_2.619324	659	739	6	76	80	0.9500000
NODE_4584_length_1133_cov_5.563830	292	372	4	2	80	0.0250000
NODE_4584_length_1133_cov_5.563830	292	372	7	7	80	0.0875000
NODE_4584_length_1133_cov_5.563830	292	372	8	4	80	0.0500000
NODE_4584_length_1133_cov_5.563830	292	372	9	67	80	0.8375000
NODE_4584_length_1133_cov_5.563830	345	425	6	11	80	0.1375000
NODE_4584_length_1133_cov_5.563830	345	425	7	27	80	0.3375000
NODE_4584_length_1133_cov_5.563830	345	425	8	19	80	0.2375000
NODE_4584_length_1133_cov_5.563830	345	425	9	23	80	0.2875000
NODE_4584_length_1133_cov_5.563830	904	966	4	7	62	0.1129032
NODE_4584_length_1133_cov_5.563830	904	966	6	11	62	0.1774193
NODE_4584_length_1133_cov_5.563830	904	966	7	25	62	0.4032258
NODE_4584_length_1133_cov_5.563830	904	966	8	19	62	0.3064516
NODE_4592_length_1132_cov_23.121007	485	565	0	80	80	1.0000000
NODE_4592_length_1132_cov_23.121007	538	618	0	80	80	1.0000000
NODE_4592_length_1132_cov_23.121007	618	664	0	46	46	1.0000000
NODE_4592_length_1132_cov_23.121007	700	751	0	51	51	1.0000000
NODE_4593_length_1132_cov_19.377541	595	675	0	41	80	0.5125000
NODE_4593_length_1132_cov_19.377541	595	675	2	13	80	0.1625000
NODE_4593_length_1132_cov_19.377541	595	675	4	26	80	0.3250000
NODE_4593_length_1132_cov_19.377541	648	728	2	5	80	0.0625000
NODE_4593_length_1132_cov_19.377541	648	728	4	75	80	0.9375000
NODE_4594_length_1132_cov_18.872217	363	443	1	41	80	0.5125000
NODE_4594_length_1132_cov_18.872217	363	443	2	6	80	0.0750000
NODE_4594_length_1132_cov_18.872217	363	443	5	10	80	0.1250000
NODE_4594_length_1132_cov_18.872217	363	443	12	8	80	0.1000000
NODE_4594_length_1132_cov_18.872217	363	443	13	15	80	0.1875000
NODE_4594_length_1132_cov_18.872217	416	496	5	4	80	0.0500000
NODE_4594_length_1132_cov_18.872217	416	496	12	61	80	0.7625000
NODE_4594_length_1132_cov_18.872217	416	496	13	15	80	0.1875000
NODE_4595_length_1132_cov_11.242982	474	554	2	80	80	1.0000000
NODE_4595_length_1132_cov_11.242982	527	607	0	47	80	0.5875000
NODE_4595_length_1132_cov_11.242982	527	607	2	33	80	0.4125000
NODE_4596_length_1132_cov_7.356244	354	434	0	80	80	1.0000000
NODE_4596_length_1132_cov_7.356244	407	487	0	80	80	1.0000000
NODE_4597_length_1132_cov_6.214908	269	349	4	80	80	1.0000000
NODE_4597_length_1132_cov_6.214908	322	402	0	23	80	0.2875000
NODE_4597_length_1132_cov_6.214908	322	402	1	1	80	0.0125000
NODE_4597_length_1132_cov_6.214908	322	402	2	20	80	0.2500000
NODE_4597_length_1132_cov_6.214908	322	402	4	36	80	0.4500000
NODE_4606_length_1131_cov_36.161822	478	558	1	70	80	0.8750000
NODE_4606_length_1131_cov_36.161822	478	558	2	10	80	0.1250000
NODE_4606_length_1131_cov_36.161822	531	611	1	17	80	0.2125000
NODE_4606_length_1131_cov_36.161822	531	611	2	63	80	0.7875000
NODE_4606_length_1131_cov_36.161822	607	687	2	14	80	0.1750000
NODE_4606_length_1131_cov_36.161822	607	687	3	41	80	0.5125000
NODE_4606_length_1131_cov_36.161822	607	687	5	15	80	0.1875000
NODE_4606_length_1131_cov_36.161822	607	687	7	10	80	0.1250000
NODE_4606_length_1131_cov_36.161822	660	740	3	2	80	0.0250000
NODE_4606_length_1131_cov_36.161822	660	740	5	15	80	0.1875000
NODE_4606_length_1131_cov_36.161822	660	740	6	42	80	0.5250000
NODE_4606_length_1131_cov_36.161822	660	740	7	21	80	0.2625000
NODE_4607_length_1131_cov_31.907946	390	470	0	80	80	1.0000000
NODE_4607_length_1131_cov_31.907946	443	523	0	80	80	1.0000000
NODE_4607_length_1131_cov_31.907946	519	599	0	80	80	1.0000000
NODE_4607_length_1131_cov_31.907946	572	652	0	80	80	1.0000000
NODE_4608_length_1131_cov_26.827519	464	544	1	31	80	0.3875000
NODE_4608_length_1131_cov_26.827519	464	544	2	49	80	0.6125000
NODE_4608_length_1131_cov_26.827519	517	597	2	80	80	1.0000000
NODE_4609_length_1131_cov_20.441860	555	635	8	15	80	0.1875000
NODE_4609_length_1131_cov_20.441860	555	635	10	65	80	0.8125000
NODE_4609_length_1131_cov_20.441860	608	688	0	25	80	0.3125000
NODE_4609_length_1131_cov_20.441860	608	688	2	23	80	0.2875000
NODE_4609_length_1131_cov_20.441860	608	688	6	1	80	0.0125000
NODE_4609_length_1131_cov_20.441860	608	688	8	19	80	0.2375000
NODE_4609_length_1131_cov_20.441860	608	688	10	12	80	0.1500000
NODE_4610_length_1131_cov_12.517442	420	500	2	10	80	0.1250000
NODE_4610_length_1131_cov_12.517442	420	500	6	11	80	0.1375000
NODE_4610_length_1131_cov_12.517442	420	500	8	17	80	0.2125000
NODE_4610_length_1131_cov_12.517442	420	500	10	17	80	0.2125000
NODE_4610_length_1131_cov_12.517442	420	500	12	25	80	0.3125000
NODE_4610_length_1131_cov_12.517442	473	553	4	13	80	0.1625000
NODE_4610_length_1131_cov_12.517442	473	553	8	3	80	0.0375000
NODE_4610_length_1131_cov_12.517442	473	553	10	9	80	0.1125000
NODE_4610_length_1131_cov_12.517442	473	553	12	31	80	0.3875000
NODE_4610_length_1131_cov_12.517442	473	553	14	24	80	0.3000000
NODE_4611_length_1131_cov_10.912791	429	509	2	15	80	0.1875000
NODE_4611_length_1131_cov_10.912791	429	509	4	40	80	0.5000000
NODE_4611_length_1131_cov_10.912791	429	509	6	25	80	0.3125000
NODE_4611_length_1131_cov_10.912791	482	562	0	36	80	0.4500000
NODE_4611_length_1131_cov_10.912791	482	562	4	44	80	0.5500000
NODE_4620_length_1130_cov_43.354995	742	822	0	3	80	0.0375000
NODE_4620_length_1130_cov_43.354995	742	822	2	64	80	0.8000000
NODE_4620_length_1130_cov_43.354995	742	822	6	13	80	0.1625000
NODE_4620_length_1130_cov_43.354995	795	875	2	14	80	0.1750000
NODE_4620_length_1130_cov_43.354995	795	875	4	18	80	0.2250000
NODE_4620_length_1130_cov_43.354995	795	875	5	12	80	0.1500000
NODE_4620_length_1130_cov_43.354995	795	875	6	36	80	0.4500000
NODE_4621_length_1130_cov_13.097963	642	722	0	33	80	0.4125000
NODE_4621_length_1130_cov_13.097963	642	722	2	41	80	0.5125000
NODE_4621_length_1130_cov_13.097963	642	722	4	6	80	0.0750000
NODE_4621_length_1130_cov_13.097963	695	775	2	21	80	0.2625000
NODE_4621_length_1130_cov_13.097963	695	775	4	59	80	0.7375000
NODE_4626_length_1129_cov_31.088350	396	476	6	3	80	0.0375000
NODE_4626_length_1129_cov_31.088350	396	476	8	4	80	0.0500000
NODE_4626_length_1129_cov_31.088350	396	476	12	44	80	0.5500000
NODE_4626_length_1129_cov_31.088350	396	476	14	14	80	0.1750000
NODE_4626_length_1129_cov_31.088350	396	476	16	15	80	0.1875000
NODE_4626_length_1129_cov_31.088350	449	529	2	44	80	0.5500000
NODE_4626_length_1129_cov_31.088350	449	529	6	9	80	0.1125000
NODE_4626_length_1129_cov_31.088350	449	529	7	1	80	0.0125000
NODE_4626_length_1129_cov_31.088350	449	529	8	6	80	0.0750000
NODE_4626_length_1129_cov_31.088350	449	529	12	20	80	0.2500000
NODE_4627_length_1129_cov_20.591262	450	530	0	80	80	1.0000000
NODE_4627_length_1129_cov_20.591262	503	583	0	80	80	1.0000000
NODE_4628_length_1129_cov_16.934951	261	341	0	61	80	0.7625000
NODE_4628_length_1129_cov_16.934951	261	341	2	17	80	0.2125000
NODE_4628_length_1129_cov_16.934951	261	341	4	2	80	0.0250000
NODE_4628_length_1129_cov_16.934951	314	394	0	8	80	0.1000000
NODE_4628_length_1129_cov_16.934951	314	394	2	17	80	0.2125000
NODE_4628_length_1129_cov_16.934951	314	394	4	6	80	0.0750000
NODE_4628_length_1129_cov_16.934951	314	394	6	49	80	0.6125000
NODE_4629_length_1129_cov_9.441748	665	738	0	16	73	0.2191781
NODE_4629_length_1129_cov_9.441748	665	738	2	57	73	0.7808219
NODE_4629_length_1129_cov_9.441748	711	791	0	48	80	0.6000000
NODE_4629_length_1129_cov_9.441748	711	791	2	32	80	0.4000000
NODE_4630_length_1129_cov_9.260194	658	738	5	15	80	0.1875000
NODE_4630_length_1129_cov_9.260194	658	738	6	65	80	0.8125000
NODE_4630_length_1129_cov_9.260194	711	791	0	25	80	0.3125000
NODE_4630_length_1129_cov_9.260194	711	791	6	55	80	0.6875000
NODE_4631_length_1129_cov_5.055340	759	839	1	31	80	0.3875000
NODE_4631_length_1129_cov_5.055340	759	839	2	25	80	0.3125000
NODE_4631_length_1129_cov_5.055340	759	839	3	24	80	0.3000000
NODE_4638_length_1128_cov_48.099125	588	668	8	30	80	0.3750000
NODE_4638_length_1128_cov_48.099125	588	668	10	13	80	0.1625000
NODE_4638_length_1128_cov_48.099125	588	668	16	26	80	0.3250000
NODE_4638_length_1128_cov_48.099125	588	668	17	3	80	0.0375000
NODE_4638_length_1128_cov_48.099125	588	668	18	8	80	0.1000000
NODE_4638_length_1128_cov_48.099125	641	721	10	11	80	0.1375000
NODE_4638_length_1128_cov_48.099125	641	721	12	29	80	0.3625000
NODE_4638_length_1128_cov_48.099125	641	721	16	32	80	0.4000000
NODE_4638_length_1128_cov_48.099125	641	721	17	3	80	0.0375000
NODE_4638_length_1128_cov_48.099125	641	721	18	5	80	0.0625000
NODE_4640_length_1128_cov_26.230321	455	535	2	26	80	0.3250000
NODE_4640_length_1128_cov_26.230321	455	535	6	1	80	0.0125000
NODE_4640_length_1128_cov_26.230321	455	535	8	53	80	0.6625000
NODE_4640_length_1128_cov_26.230321	508	588	4	15	80	0.1875000
NODE_4640_length_1128_cov_26.230321	508	588	6	6	80	0.0750000
NODE_4640_length_1128_cov_26.230321	508	588	8	43	80	0.5375000
NODE_4640_length_1128_cov_26.230321	508	588	10	11	80	0.1375000
NODE_4640_length_1128_cov_26.230321	508	588	12	5	80	0.0625000
NODE_4640_length_1128_cov_26.230321	584	664	8	57	80	0.7125000
NODE_4640_length_1128_cov_26.230321	584	664	12	23	80	0.2875000
NODE_4640_length_1128_cov_26.230321	637	718	0	15	81	0.1851852
NODE_4640_length_1128_cov_26.230321	637	718	6	28	81	0.3456790
NODE_4640_length_1128_cov_26.230321	637	718	8	38	81	0.4691358
NODE_4641_length_1128_cov_26.031098	594	674	6	7	80	0.0875000
NODE_4641_length_1128_cov_26.031098	594	674	8	56	80	0.7000000
NODE_4641_length_1128_cov_26.031098	594	674	10	11	80	0.1375000
NODE_4641_length_1128_cov_26.031098	594	674	14	6	80	0.0750000
NODE_4641_length_1128_cov_26.031098	647	727	8	10	80	0.1250000
NODE_4641_length_1128_cov_26.031098	647	727	10	11	80	0.1375000
NODE_4641_length_1128_cov_26.031098	647	727	12	29	80	0.3625000
NODE_4641_length_1128_cov_26.031098	647	727	14	30	80	0.3750000
NODE_4642_length_1128_cov_25.869776	465	538	2	18	73	0.2465753
NODE_4642_length_1128_cov_25.869776	465	538	4	55	73	0.7534246
NODE_4642_length_1128_cov_25.869776	601	674	6	65	73	0.8904110
NODE_4642_length_1128_cov_25.869776	601	674	12	6	73	0.0821918
NODE_4642_length_1128_cov_25.869776	601	674	14	2	73	0.0273973
NODE_4642_length_1128_cov_25.869776	647	723	6	19	76	0.2500000
NODE_4642_length_1128_cov_25.869776	647	723	12	6	76	0.0789474
NODE_4642_length_1128_cov_25.869776	647	723	14	51	76	0.6710526
NODE_4643_length_1128_cov_24.185617	350	430	0	38	80	0.4750000
NODE_4643_length_1128_cov_24.185617	350	430	6	32	80	0.4000000
NODE_4643_length_1128_cov_24.185617	350	430	8	10	80	0.1250000
NODE_4643_length_1128_cov_24.185617	403	483	4	4	80	0.0500000
NODE_4643_length_1128_cov_24.185617	403	483	6	17	80	0.2125000
NODE_4643_length_1128_cov_24.185617	403	483	8	16	80	0.2000000
NODE_4643_length_1128_cov_24.185617	403	483	10	43	80	0.5375000
NODE_4644_length_1128_cov_18.537415	335	415	0	80	80	1.0000000
NODE_4644_length_1128_cov_18.537415	388	468	0	80	80	1.0000000
NODE_4645_length_1128_cov_9.345967	690	770	0	80	80	1.0000000
NODE_4645_length_1128_cov_9.345967	743	823	0	80	80	1.0000000
NODE_4647_length_1128_cov_3.920311	675	725	2	50	50	1.0000000
NODE_4647_length_1128_cov_3.920311	698	778	0	2	80	0.0250000
NODE_4647_length_1128_cov_3.920311	698	778	2	78	80	0.9750000
NODE_4648_length_1128_cov_3.631681	613	693	4	20	80	0.2500000
NODE_4648_length_1128_cov_3.631681	613	693	5	8	80	0.1000000
NODE_4648_length_1128_cov_3.631681	613	693	6	52	80	0.6500000
NODE_4648_length_1128_cov_3.631681	666	746	1	18	80	0.2250000
NODE_4648_length_1128_cov_3.631681	666	746	3	9	80	0.1125000
NODE_4648_length_1128_cov_3.631681	666	746	4	22	80	0.2750000
NODE_4648_length_1128_cov_3.631681	666	746	5	12	80	0.1500000
NODE_4648_length_1128_cov_3.631681	666	746	6	19	80	0.2375000
NODE_4650_length_1128_cov_3.091351	519	599	0	28	80	0.3500000
NODE_4650_length_1128_cov_3.091351	519	599	4	52	80	0.6500000
NODE_4650_length_1128_cov_3.091351	572	652	4	80	80	1.0000000
NODE_4660_length_1127_cov_38.932879	405	485	11	46	80	0.5750000
NODE_4660_length_1127_cov_38.932879	405	485	21	6	80	0.0750000
NODE_4660_length_1127_cov_38.932879	405	485	22	3	80	0.0375000
NODE_4660_length_1127_cov_38.932879	405	485	23	1	80	0.0125000
NODE_4660_length_1127_cov_38.932879	405	485	24	6	80	0.0750000
NODE_4660_length_1127_cov_38.932879	405	485	26	18	80	0.2250000
NODE_4660_length_1127_cov_38.932879	458	538	12	44	80	0.5500000
NODE_4660_length_1127_cov_38.932879	458	538	18	4	80	0.0500000
NODE_4660_length_1127_cov_38.932879	458	538	22	2	80	0.0250000
NODE_4660_length_1127_cov_38.932879	458	538	23	1	80	0.0125000
NODE_4660_length_1127_cov_38.932879	458	538	24	6	80	0.0750000
NODE_4660_length_1127_cov_38.932879	458	538	26	23	80	0.2875000
NODE_4660_length_1127_cov_38.932879	534	614	4	26	80	0.3250000
NODE_4660_length_1127_cov_38.932879	534	614	12	47	80	0.5875000
NODE_4660_length_1127_cov_38.932879	534	614	16	7	80	0.0875000
NODE_4660_length_1127_cov_38.932879	587	667	4	79	80	0.9875000
NODE_4660_length_1127_cov_38.932879	587	667	16	1	80	0.0125000
NODE_4661_length_1127_cov_37.721790	236	316	4	22	80	0.2750000
NODE_4661_length_1127_cov_37.721790	236	316	8	8	80	0.1000000
NODE_4661_length_1127_cov_37.721790	236	316	10	50	80	0.6250000
NODE_4661_length_1127_cov_37.721790	289	369	4	31	80	0.3875000
NODE_4661_length_1127_cov_37.721790	289	369	8	10	80	0.1250000
NODE_4661_length_1127_cov_37.721790	289	369	10	24	80	0.3000000
NODE_4661_length_1127_cov_37.721790	289	369	14	15	80	0.1875000
NODE_4661_length_1127_cov_37.721790	365	445	12	18	80	0.2250000
NODE_4661_length_1127_cov_37.721790	365	445	14	16	80	0.2000000
NODE_4661_length_1127_cov_37.721790	365	445	20	1	80	0.0125000
NODE_4661_length_1127_cov_37.721790	365	445	30	9	80	0.1125000
NODE_4661_length_1127_cov_37.721790	365	445	31	28	80	0.3500000
NODE_4661_length_1127_cov_37.721790	365	445	32	8	80	0.1000000
NODE_4661_length_1127_cov_37.721790	418	498	12	11	80	0.1375000
NODE_4661_length_1127_cov_37.721790	418	498	19	1	80	0.0125000
NODE_4661_length_1127_cov_37.721790	418	498	20	25	80	0.3125000
NODE_4661_length_1127_cov_37.721790	418	498	26	3	80	0.0375000
NODE_4661_length_1127_cov_37.721790	418	498	31	19	80	0.2375000
NODE_4661_length_1127_cov_37.721790	418	498	32	21	80	0.2625000
NODE_4662_length_1127_cov_31.866732	444	523	0	43	79	0.5443038
NODE_4662_length_1127_cov_31.866732	444	523	4	34	79	0.4303797
NODE_4662_length_1127_cov_31.866732	444	523	6	2	79	0.0253165
NODE_4662_length_1127_cov_31.866732	496	576	4	25	80	0.3125000
NODE_4662_length_1127_cov_31.866732	496	576	6	55	80	0.6875000
NODE_4662_length_1127_cov_31.866732	572	652	0	18	80	0.2250000
NODE_4662_length_1127_cov_31.866732	572	652	2	44	80	0.5500000
NODE_4662_length_1127_cov_31.866732	572	652	6	18	80	0.2250000
NODE_4662_length_1127_cov_31.866732	625	705	0	71	80	0.8875000
NODE_4662_length_1127_cov_31.866732	625	705	2	9	80	0.1125000
NODE_4663_length_1127_cov_25.616732	430	510	12	5	80	0.0625000
NODE_4663_length_1127_cov_25.616732	430	510	14	34	80	0.4250000
NODE_4663_length_1127_cov_25.616732	430	510	16	8	80	0.1000000
NODE_4663_length_1127_cov_25.616732	430	510	20	8	80	0.1000000
NODE_4663_length_1127_cov_25.616732	430	510	24	24	80	0.3000000
NODE_4663_length_1127_cov_25.616732	430	510	26	1	80	0.0125000
NODE_4663_length_1127_cov_25.616732	483	563	20	2	80	0.0250000
NODE_4663_length_1127_cov_25.616732	483	563	22	32	80	0.4000000
NODE_4663_length_1127_cov_25.616732	483	563	24	28	80	0.3500000
NODE_4663_length_1127_cov_25.616732	483	563	26	18	80	0.2250000
NODE_4664_length_1127_cov_21.838521	338	418	0	4	80	0.0500000
NODE_4664_length_1127_cov_21.838521	338	418	2	76	80	0.9500000
NODE_4664_length_1127_cov_21.838521	391	471	2	54	80	0.6750000
NODE_4664_length_1127_cov_21.838521	391	471	10	23	80	0.2875000
NODE_4664_length_1127_cov_21.838521	391	471	20	3	80	0.0375000
NODE_4664_length_1127_cov_21.838521	467	547	10	1	80	0.0125000
NODE_4664_length_1127_cov_21.838521	467	547	18	6	80	0.0750000
NODE_4664_length_1127_cov_21.838521	467	547	20	19	80	0.2375000
NODE_4664_length_1127_cov_21.838521	467	547	26	1	80	0.0125000
NODE_4664_length_1127_cov_21.838521	467	547	27	14	80	0.1750000
NODE_4664_length_1127_cov_21.838521	467	547	28	1	80	0.0125000
NODE_4664_length_1127_cov_21.838521	467	547	30	3	80	0.0375000
NODE_4664_length_1127_cov_21.838521	467	547	31	31	80	0.3875000
NODE_4664_length_1127_cov_21.838521	467	547	33	3	80	0.0375000
NODE_4664_length_1127_cov_21.838521	467	547	34	1	80	0.0125000
NODE_4664_length_1127_cov_21.838521	520	600	4	3	80	0.0375000
NODE_4664_length_1127_cov_21.838521	520	600	14	1	80	0.0125000
NODE_4664_length_1127_cov_21.838521	520	600	15	12	80	0.1500000
NODE_4664_length_1127_cov_21.838521	520	600	17	1	80	0.0125000
NODE_4664_length_1127_cov_21.838521	520	600	25	2	80	0.0250000
NODE_4664_length_1127_cov_21.838521	520	600	27	3	80	0.0375000
NODE_4664_length_1127_cov_21.838521	520	600	28	8	80	0.1000000
NODE_4664_length_1127_cov_21.838521	520	600	31	23	80	0.2875000
NODE_4664_length_1127_cov_21.838521	520	600	33	3	80	0.0375000
NODE_4664_length_1127_cov_21.838521	520	600	34	5	80	0.0625000
NODE_4664_length_1127_cov_21.838521	520	600	36	19	80	0.2375000
NODE_4665_length_1127_cov_15.024319	711	800	6	21	89	0.2359551
NODE_4665_length_1127_cov_15.024319	711	800	12	49	89	0.5505618
NODE_4665_length_1127_cov_15.024319	711	800	15	5	89	0.0561798
NODE_4665_length_1127_cov_15.024319	711	800	16	2	89	0.0224719
NODE_4665_length_1127_cov_15.024319	711	800	18	4	89	0.0449438
NODE_4665_length_1127_cov_15.024319	711	800	21	1	89	0.0112360
NODE_4665_length_1127_cov_15.024319	711	800	22	1	89	0.0112360
NODE_4665_length_1127_cov_15.024319	711	800	26	6	89	0.0674157
NODE_4665_length_1127_cov_15.024319	773	853	12	8	80	0.1000000
NODE_4665_length_1127_cov_15.024319	773	853	14	23	80	0.2875000
NODE_4665_length_1127_cov_15.024319	773	853	15	5	80	0.0625000
NODE_4665_length_1127_cov_15.024319	773	853	16	2	80	0.0250000
NODE_4665_length_1127_cov_15.024319	773	853	18	4	80	0.0500000
NODE_4665_length_1127_cov_15.024319	773	853	20	3	80	0.0375000
NODE_4665_length_1127_cov_15.024319	773	853	21	1	80	0.0125000
NODE_4665_length_1127_cov_15.024319	773	853	22	1	80	0.0125000
NODE_4665_length_1127_cov_15.024319	773	853	25	1	80	0.0125000
NODE_4665_length_1127_cov_15.024319	773	853	26	32	80	0.4000000
NODE_4667_length_1127_cov_4.786965	386	466	6	4	80	0.0500000
NODE_4667_length_1127_cov_4.786965	386	466	8	17	80	0.2125000
NODE_4667_length_1127_cov_4.786965	386	466	12	59	80	0.7375000
NODE_4667_length_1127_cov_4.786965	439	519	3	5	80	0.0625000
NODE_4667_length_1127_cov_4.786965	439	519	4	19	80	0.2375000
NODE_4667_length_1127_cov_4.786965	439	519	6	12	80	0.1500000
NODE_4667_length_1127_cov_4.786965	439	519	8	19	80	0.2375000
NODE_4667_length_1127_cov_4.786965	439	519	12	25	80	0.3125000
NODE_4672_length_1126_cov_51.699124	448	528	0	4	80	0.0500000
NODE_4672_length_1126_cov_51.699124	448	528	25	1	80	0.0125000
NODE_4672_length_1126_cov_51.699124	448	528	28	29	80	0.3625000
NODE_4672_length_1126_cov_51.699124	448	528	71	8	80	0.1000000
NODE_4672_length_1126_cov_51.699124	448	528	72	2	80	0.0250000
NODE_4672_length_1126_cov_51.699124	448	528	78	1	80	0.0125000
NODE_4672_length_1126_cov_51.699124	448	528	80	1	80	0.0125000
NODE_4672_length_1126_cov_51.699124	448	528	81	1	80	0.0125000
NODE_4672_length_1126_cov_51.699124	448	528	82	2	80	0.0250000
NODE_4672_length_1126_cov_51.699124	448	528	83	1	80	0.0125000
NODE_4672_length_1126_cov_51.699124	448	528	84	1	80	0.0125000
NODE_4672_length_1126_cov_51.699124	448	528	86	2	80	0.0250000
NODE_4672_length_1126_cov_51.699124	448	528	88	2	80	0.0250000
NODE_4672_length_1126_cov_51.699124	448	528	90	1	80	0.0125000
NODE_4672_length_1126_cov_51.699124	448	528	91	1	80	0.0125000
NODE_4672_length_1126_cov_51.699124	448	528	93	1	80	0.0125000
NODE_4672_length_1126_cov_51.699124	448	528	102	6	80	0.0750000
NODE_4672_length_1126_cov_51.699124	448	528	103	3	80	0.0375000
NODE_4672_length_1126_cov_51.699124	448	528	104	5	80	0.0625000
NODE_4672_length_1126_cov_51.699124	448	528	108	1	80	0.0125000
NODE_4672_length_1126_cov_51.699124	448	528	110	1	80	0.0125000
NODE_4672_length_1126_cov_51.699124	448	528	119	2	80	0.0250000
NODE_4672_length_1126_cov_51.699124	448	528	123	1	80	0.0125000
NODE_4672_length_1126_cov_51.699124	448	528	127	1	80	0.0125000
NODE_4672_length_1126_cov_51.699124	448	528	136	1	80	0.0125000
NODE_4672_length_1126_cov_51.699124	448	528	138	1	80	0.0125000
NODE_4672_length_1126_cov_51.699124	501	581	88	2	80	0.0250000
NODE_4672_length_1126_cov_51.699124	501	581	90	1	80	0.0125000
NODE_4672_length_1126_cov_51.699124	501	581	91	1	80	0.0125000
NODE_4672_length_1126_cov_51.699124	501	581	93	24	80	0.3000000
NODE_4672_length_1126_cov_51.699124	501	581	102	6	80	0.0750000
NODE_4672_length_1126_cov_51.699124	501	581	103	3	80	0.0375000
NODE_4672_length_1126_cov_51.699124	501	581	104	5	80	0.0625000
NODE_4672_length_1126_cov_51.699124	501	581	108	1	80	0.0125000
NODE_4672_length_1126_cov_51.699124	501	581	110	1	80	0.0125000
NODE_4672_length_1126_cov_51.699124	501	581	119	2	80	0.0250000
NODE_4672_length_1126_cov_51.699124	501	581	123	1	80	0.0125000
NODE_4672_length_1126_cov_51.699124	501	581	127	1	80	0.0125000
NODE_4672_length_1126_cov_51.699124	501	581	136	1	80	0.0125000
NODE_4672_length_1126_cov_51.699124	501	581	138	3	80	0.0375000
NODE_4672_length_1126_cov_51.699124	501	581	139	4	80	0.0500000
NODE_4672_length_1126_cov_51.699124	501	581	140	9	80	0.1125000
NODE_4672_length_1126_cov_51.699124	501	581	141	14	80	0.1750000
NODE_4672_length_1126_cov_51.699124	501	581	142	1	80	0.0125000
NODE_4673_length_1126_cov_38.135346	427	507	2	72	80	0.9000000
NODE_4673_length_1126_cov_38.135346	427	507	3	5	80	0.0625000
NODE_4673_length_1126_cov_38.135346	427	507	4	3	80	0.0375000
NODE_4673_length_1126_cov_38.135346	480	560	2	40	80	0.5000000
NODE_4673_length_1126_cov_38.135346	480	560	4	7	80	0.0875000
NODE_4673_length_1126_cov_38.135346	480	560	6	24	80	0.3000000
NODE_4673_length_1126_cov_38.135346	480	560	8	9	80	0.1125000
NODE_4673_length_1126_cov_38.135346	556	638	8	22	82	0.2682927
NODE_4673_length_1126_cov_38.135346	556	638	10	17	82	0.2073171
NODE_4673_length_1126_cov_38.135346	556	638	12	18	82	0.2195122
NODE_4673_length_1126_cov_38.135346	556	638	14	25	82	0.3048781
NODE_4673_length_1126_cov_38.135346	611	691	6	19	80	0.2375000
NODE_4673_length_1126_cov_38.135346	611	691	8	12	80	0.1500000
NODE_4673_length_1126_cov_38.135346	611	691	10	12	80	0.1500000
NODE_4673_length_1126_cov_38.135346	611	691	12	17	80	0.2125000
NODE_4673_length_1126_cov_38.135346	611	691	14	20	80	0.2500000
NODE_4674_length_1126_cov_34.637780	23	97	28	2	74	0.0270270
NODE_4674_length_1126_cov_34.637780	23	97	40	8	74	0.1081081
NODE_4674_length_1126_cov_34.637780	23	97	42	9	74	0.1216216
NODE_4674_length_1126_cov_34.637780	23	97	43	10	74	0.1351351
NODE_4674_length_1126_cov_34.637780	23	97	45	7	74	0.0945946
NODE_4674_length_1126_cov_34.637780	23	97	46	8	74	0.1081081
NODE_4674_length_1126_cov_34.637780	23	97	50	8	74	0.1081081
NODE_4674_length_1126_cov_34.637780	23	97	52	5	74	0.0675676
NODE_4674_length_1126_cov_34.637780	23	97	53	17	74	0.2297297
NODE_4674_length_1126_cov_34.637780	146	226	12	1	80	0.0125000
NODE_4674_length_1126_cov_34.637780	146	226	14	2	80	0.0250000
NODE_4674_length_1126_cov_34.637780	146	226	16	6	80	0.0750000
NODE_4674_length_1126_cov_34.637780	146	226	18	9	80	0.1125000
NODE_4674_length_1126_cov_34.637780	146	226	19	16	80	0.2000000
NODE_4674_length_1126_cov_34.637780	146	226	20	8	80	0.1000000
NODE_4674_length_1126_cov_34.637780	146	226	22	9	80	0.1125000
NODE_4674_length_1126_cov_34.637780	146	226	24	1	80	0.0125000
NODE_4674_length_1126_cov_34.637780	146	226	26	1	80	0.0125000
NODE_4674_length_1126_cov_34.637780	146	226	27	1	80	0.0125000
NODE_4674_length_1126_cov_34.637780	146	226	29	1	80	0.0125000
NODE_4674_length_1126_cov_34.637780	146	226	30	5	80	0.0625000
NODE_4674_length_1126_cov_34.637780	146	226	31	2	80	0.0250000
NODE_4674_length_1126_cov_34.637780	146	226	33	6	80	0.0750000
NODE_4674_length_1126_cov_34.637780	146	226	37	5	80	0.0625000
NODE_4674_length_1126_cov_34.637780	146	226	38	1	80	0.0125000
NODE_4674_length_1126_cov_34.637780	146	226	40	1	80	0.0125000
NODE_4674_length_1126_cov_34.637780	146	226	55	5	80	0.0625000
NODE_4674_length_1126_cov_34.637780	146	226	12	1	80	0.0125000
NODE_4674_length_1126_cov_34.637780	146	226	14	2	80	0.0250000
NODE_4674_length_1126_cov_34.637780	146	226	16	6	80	0.0750000
NODE_4674_length_1126_cov_34.637780	146	226	18	9	80	0.1125000
NODE_4674_length_1126_cov_34.637780	146	226	19	16	80	0.2000000
NODE_4674_length_1126_cov_34.637780	146	226	20	8	80	0.1000000
NODE_4674_length_1126_cov_34.637780	146	226	22	9	80	0.1125000
NODE_4674_length_1126_cov_34.637780	146	226	24	1	80	0.0125000
NODE_4674_length_1126_cov_34.637780	146	226	26	1	80	0.0125000
NODE_4674_length_1126_cov_34.637780	146	226	27	1	80	0.0125000
NODE_4674_length_1126_cov_34.637780	146	226	29	1	80	0.0125000
NODE_4674_length_1126_cov_34.637780	146	226	30	5	80	0.0625000
NODE_4674_length_1126_cov_34.637780	146	226	31	2	80	0.0250000
NODE_4674_length_1126_cov_34.637780	146	226	33	6	80	0.0750000
NODE_4674_length_1126_cov_34.637780	146	226	37	5	80	0.0625000
NODE_4674_length_1126_cov_34.637780	146	226	38	1	80	0.0125000
NODE_4674_length_1126_cov_34.637780	146	226	40	1	80	0.0125000
NODE_4674_length_1126_cov_34.637780	146	226	55	5	80	0.0625000
NODE_4674_length_1126_cov_34.637780	146	208	19	16	62	0.2580645
NODE_4674_length_1126_cov_34.637780	146	208	20	8	62	0.1290323
NODE_4674_length_1126_cov_34.637780	146	208	22	9	62	0.1451613
NODE_4674_length_1126_cov_34.637780	146	208	24	1	62	0.0161290
NODE_4674_length_1126_cov_34.637780	146	208	26	1	62	0.0161290
NODE_4674_length_1126_cov_34.637780	146	208	27	1	62	0.0161290
NODE_4674_length_1126_cov_34.637780	146	208	29	1	62	0.0161290
NODE_4674_length_1126_cov_34.637780	146	208	30	5	62	0.0806452
NODE_4674_length_1126_cov_34.637780	146	208	31	2	62	0.0322581
NODE_4674_length_1126_cov_34.637780	146	208	33	6	62	0.0967742
NODE_4674_length_1126_cov_34.637780	146	208	37	5	62	0.0806452
NODE_4674_length_1126_cov_34.637780	146	208	38	1	62	0.0161290
NODE_4674_length_1126_cov_34.637780	146	208	40	1	62	0.0161290
NODE_4674_length_1126_cov_34.637780	146	208	55	5	62	0.0806452
NODE_4674_length_1126_cov_34.637780	146	217	18	9	71	0.1267606
NODE_4674_length_1126_cov_34.637780	146	217	19	16	71	0.2253521
NODE_4674_length_1126_cov_34.637780	146	217	20	8	71	0.1126761
NODE_4674_length_1126_cov_34.637780	146	217	22	9	71	0.1267606
NODE_4674_length_1126_cov_34.637780	146	217	24	1	71	0.0140845
NODE_4674_length_1126_cov_34.637780	146	217	26	1	71	0.0140845
NODE_4674_length_1126_cov_34.637780	146	217	27	1	71	0.0140845
NODE_4674_length_1126_cov_34.637780	146	217	29	1	71	0.0140845
NODE_4674_length_1126_cov_34.637780	146	217	30	5	71	0.0704225
NODE_4674_length_1126_cov_34.637780	146	217	31	2	71	0.0281690
NODE_4674_length_1126_cov_34.637780	146	217	33	6	71	0.0845070
NODE_4674_length_1126_cov_34.637780	146	217	37	5	71	0.0704225
NODE_4674_length_1126_cov_34.637780	146	217	38	1	71	0.0140845
NODE_4674_length_1126_cov_34.637780	146	217	40	1	71	0.0140845
NODE_4674_length_1126_cov_34.637780	146	217	55	5	71	0.0704225
NODE_4675_length_1126_cov_21.360273	595	675	4	3	80	0.0375000
NODE_4675_length_1126_cov_21.360273	595	675	6	43	80	0.5375000
NODE_4675_length_1126_cov_21.360273	595	675	8	34	80	0.4250000
NODE_4675_length_1126_cov_21.360273	648	728	2	15	80	0.1875000
NODE_4675_length_1126_cov_21.360273	648	728	3	3	80	0.0375000
NODE_4675_length_1126_cov_21.360273	648	728	4	38	80	0.4750000
NODE_4675_length_1126_cov_21.360273	648	728	8	24	80	0.3000000
NODE_4676_length_1126_cov_17.420643	422	502	15	14	80	0.1750000
NODE_4676_length_1126_cov_17.420643	422	502	17	13	80	0.1625000
NODE_4676_length_1126_cov_17.420643	422	502	18	5	80	0.0625000
NODE_4676_length_1126_cov_17.420643	422	502	19	7	80	0.0875000
NODE_4676_length_1126_cov_17.420643	422	502	20	41	80	0.5125000
NODE_4676_length_1126_cov_17.420643	475	555	2	2	80	0.0250000
NODE_4676_length_1126_cov_17.420643	475	555	10	35	80	0.4375000
NODE_4676_length_1126_cov_17.420643	475	555	12	7	80	0.0875000
NODE_4676_length_1126_cov_17.420643	475	555	18	14	80	0.1750000
NODE_4676_length_1126_cov_17.420643	475	555	19	2	80	0.0250000
NODE_4676_length_1126_cov_17.420643	475	555	20	20	80	0.2500000
NODE_4677_length_1126_cov_15.896787	383	463	2	72	80	0.9000000
NODE_4677_length_1126_cov_15.896787	383	463	3	8	80	0.1000000
NODE_4677_length_1126_cov_15.896787	436	516	2	78	80	0.9750000
NODE_4677_length_1126_cov_15.896787	436	516	3	2	80	0.0250000
NODE_4678_length_1126_cov_8.525803	174	254	6	1	80	0.0125000
NODE_4678_length_1126_cov_8.525803	174	254	8	79	80	0.9875000
NODE_4678_length_1126_cov_8.525803	227	307	2	11	80	0.1375000
NODE_4678_length_1126_cov_8.525803	227	307	4	19	80	0.2375000
NODE_4678_length_1126_cov_8.525803	227	307	6	11	80	0.1375000
NODE_4678_length_1126_cov_8.525803	227	307	8	39	80	0.4875000
NODE_4679_length_1126_cov_5.805258	463	543	6	29	80	0.3625000
NODE_4679_length_1126_cov_5.805258	463	543	8	13	80	0.1625000
NODE_4679_length_1126_cov_5.805258	463	543	10	2	80	0.0250000
NODE_4679_length_1126_cov_5.805258	463	543	12	18	80	0.2250000
NODE_4679_length_1126_cov_5.805258	463	543	14	18	80	0.2250000
NODE_4679_length_1126_cov_5.805258	516	596	0	26	80	0.3250000
NODE_4679_length_1126_cov_5.805258	516	596	2	3	80	0.0375000
NODE_4679_length_1126_cov_5.805258	516	596	6	51	80	0.6375000
NODE_4685_length_1126_cov_1.502434	6	86	0	80	80	1.0000000
NODE_4685_length_1126_cov_1.502434	59	108	0	49	49	1.0000000
NODE_4689_length_1125_cov_34.314815	405	485	4	53	80	0.6625000
NODE_4689_length_1125_cov_34.314815	405	485	6	19	80	0.2375000
NODE_4689_length_1125_cov_34.314815	405	485	8	4	80	0.0500000
NODE_4689_length_1125_cov_34.314815	405	485	10	4	80	0.0500000
NODE_4689_length_1125_cov_34.314815	458	538	6	25	80	0.3125000
NODE_4689_length_1125_cov_34.314815	458	538	8	20	80	0.2500000
NODE_4689_length_1125_cov_34.314815	458	538	10	35	80	0.4375000
NODE_4689_length_1125_cov_34.314815	534	614	6	5	80	0.0625000
NODE_4689_length_1125_cov_34.314815	534	614	12	2	80	0.0250000
NODE_4689_length_1125_cov_34.314815	534	614	14	15	80	0.1875000
NODE_4689_length_1125_cov_34.314815	534	614	16	8	80	0.1000000
NODE_4689_length_1125_cov_34.314815	534	614	18	4	80	0.0500000
NODE_4689_length_1125_cov_34.314815	534	614	20	3	80	0.0375000
NODE_4689_length_1125_cov_34.314815	534	614	22	43	80	0.5375000
NODE_4689_length_1125_cov_34.314815	587	667	14	35	80	0.4375000
NODE_4689_length_1125_cov_34.314815	587	667	16	10	80	0.1250000
NODE_4689_length_1125_cov_34.314815	587	667	18	3	80	0.0375000
NODE_4689_length_1125_cov_34.314815	587	667	20	8	80	0.1000000
NODE_4689_length_1125_cov_34.314815	587	667	22	24	80	0.3000000
NODE_4690_length_1125_cov_33.553606	458	538	2	12	80	0.1500000
NODE_4690_length_1125_cov_33.553606	458	538	4	39	80	0.4875000
NODE_4690_length_1125_cov_33.553606	458	538	6	29	80	0.3625000
NODE_4690_length_1125_cov_33.553606	511	591	4	29	80	0.3625000
NODE_4690_length_1125_cov_33.553606	511	591	6	51	80	0.6375000
NODE_4690_length_1125_cov_33.553606	587	667	4	5	80	0.0625000
NODE_4690_length_1125_cov_33.553606	587	667	6	73	80	0.9125000
NODE_4690_length_1125_cov_33.553606	587	667	8	2	80	0.0250000
NODE_4690_length_1125_cov_33.553606	640	720	0	17	80	0.2125000
NODE_4690_length_1125_cov_33.553606	640	720	2	7	80	0.0875000
NODE_4690_length_1125_cov_33.553606	640	720	4	5	80	0.0625000
NODE_4690_length_1125_cov_33.553606	640	720	6	51	80	0.6375000
NODE_4691_length_1125_cov_33.371345	408	488	0	28	80	0.3500000
NODE_4691_length_1125_cov_33.371345	408	488	2	52	80	0.6500000
NODE_4691_length_1125_cov_33.371345	461	541	2	31	80	0.3875000
NODE_4691_length_1125_cov_33.371345	461	541	4	49	80	0.6125000
NODE_4691_length_1125_cov_33.371345	537	617	0	58	80	0.7250000
NODE_4691_length_1125_cov_33.371345	537	617	2	20	80	0.2500000
NODE_4691_length_1125_cov_33.371345	537	617	4	2	80	0.0250000
NODE_4691_length_1125_cov_33.371345	590	670	0	80	80	1.0000000
NODE_4692_length_1125_cov_22.580897	279	359	4	21	80	0.2625000
NODE_4692_length_1125_cov_22.580897	279	359	6	59	80	0.7375000
NODE_4692_length_1125_cov_22.580897	332	412	0	42	80	0.5250000
NODE_4692_length_1125_cov_22.580897	332	412	4	7	80	0.0875000
NODE_4692_length_1125_cov_22.580897	332	412	6	31	80	0.3875000
NODE_4692_length_1125_cov_22.580897	408	488	0	15	80	0.1875000
NODE_4692_length_1125_cov_22.580897	408	488	4	18	80	0.2250000
NODE_4692_length_1125_cov_22.580897	408	488	6	36	80	0.4500000
NODE_4692_length_1125_cov_22.580897	408	488	7	11	80	0.1375000
NODE_4692_length_1125_cov_22.580897	461	541	2	6	80	0.0750000
NODE_4692_length_1125_cov_22.580897	461	541	6	16	80	0.2000000
NODE_4692_length_1125_cov_22.580897	461	541	7	14	80	0.1750000
NODE_4692_length_1125_cov_22.580897	461	541	8	44	80	0.5500000
NODE_4705_length_1124_cov_52.278049	616	696	5	13	80	0.1625000
NODE_4705_length_1124_cov_52.278049	616	696	7	1	80	0.0125000
NODE_4705_length_1124_cov_52.278049	616	696	19	5	80	0.0625000
NODE_4705_length_1124_cov_52.278049	616	696	20	19	80	0.2375000
NODE_4705_length_1124_cov_52.278049	616	696	22	24	80	0.3000000
NODE_4705_length_1124_cov_52.278049	616	696	24	18	80	0.2250000
NODE_4705_length_1124_cov_52.278049	669	749	18	5	80	0.0625000
NODE_4705_length_1124_cov_52.278049	669	749	20	15	80	0.1875000
NODE_4705_length_1124_cov_52.278049	669	749	22	42	80	0.5250000
NODE_4705_length_1124_cov_52.278049	669	749	24	18	80	0.2250000
NODE_4706_length_1124_cov_25.280000	444	524	2	79	80	0.9875000
NODE_4706_length_1124_cov_25.280000	444	524	4	1	80	0.0125000
NODE_4706_length_1124_cov_25.280000	497	577	2	28	80	0.3500000
NODE_4706_length_1124_cov_25.280000	497	577	3	16	80	0.2000000
NODE_4706_length_1124_cov_25.280000	497	577	4	36	80	0.4500000
NODE_4706_length_1124_cov_25.280000	573	653	0	3	80	0.0375000
NODE_4706_length_1124_cov_25.280000	573	653	2	75	80	0.9375000
NODE_4706_length_1124_cov_25.280000	573	653	3	2	80	0.0250000
NODE_4706_length_1124_cov_25.280000	626	706	0	56	80	0.7000000
NODE_4706_length_1124_cov_25.280000	626	706	2	24	80	0.3000000
NODE_4707_length_1124_cov_18.700488	114	194	0	80	80	1.0000000
NODE_4707_length_1124_cov_18.700488	167	247	0	80	80	1.0000000
NODE_4717_length_1123_cov_26.445312	388	468	2	17	80	0.2125000
NODE_4717_length_1123_cov_26.445312	388	468	4	41	80	0.5125000
NODE_4717_length_1123_cov_26.445312	388	468	7	1	80	0.0125000
NODE_4717_length_1123_cov_26.445312	388	468	8	21	80	0.2625000
NODE_4717_length_1123_cov_26.445312	441	521	2	68	80	0.8500000
NODE_4717_length_1123_cov_26.445312	441	521	4	12	80	0.1500000
NODE_4717_length_1123_cov_26.445312	517	597	2	7	80	0.0875000
NODE_4717_length_1123_cov_26.445312	517	597	4	73	80	0.9125000
NODE_4717_length_1123_cov_26.445312	570	650	2	9	80	0.1125000
NODE_4717_length_1123_cov_26.445312	570	650	4	71	80	0.8875000
NODE_4718_length_1123_cov_18.677734	522	602	0	80	80	1.0000000
NODE_4718_length_1123_cov_18.677734	575	655	0	59	80	0.7375000
NODE_4718_length_1123_cov_18.677734	575	655	2	8	80	0.1000000
NODE_4718_length_1123_cov_18.677734	575	655	4	2	80	0.0250000
NODE_4718_length_1123_cov_18.677734	575	655	12	11	80	0.1375000
NODE_4718_length_1123_cov_18.677734	651	731	12	34	80	0.4250000
NODE_4718_length_1123_cov_18.677734	651	731	14	2	80	0.0250000
NODE_4718_length_1123_cov_18.677734	651	731	15	24	80	0.3000000
NODE_4718_length_1123_cov_18.677734	651	731	16	4	80	0.0500000
NODE_4718_length_1123_cov_18.677734	651	731	18	16	80	0.2000000
NODE_4718_length_1123_cov_18.677734	704	784	10	5	80	0.0625000
NODE_4718_length_1123_cov_18.677734	704	784	14	2	80	0.0250000
NODE_4718_length_1123_cov_18.677734	704	784	15	5	80	0.0625000
NODE_4718_length_1123_cov_18.677734	704	784	16	26	80	0.3250000
NODE_4718_length_1123_cov_18.677734	704	784	17	26	80	0.3250000
NODE_4718_length_1123_cov_18.677734	704	784	18	16	80	0.2000000
NODE_4728_length_1122_cov_38.688172	295	375	2	56	80	0.7000000
NODE_4728_length_1122_cov_38.688172	295	375	4	6	80	0.0750000
NODE_4728_length_1122_cov_38.688172	295	375	6	18	80	0.2250000
NODE_4728_length_1122_cov_38.688172	348	428	2	3	80	0.0375000
NODE_4728_length_1122_cov_38.688172	348	428	4	46	80	0.5750000
NODE_4728_length_1122_cov_38.688172	348	428	6	31	80	0.3875000
NODE_4728_length_1122_cov_38.688172	424	504	2	15	80	0.1875000
NODE_4728_length_1122_cov_38.688172	424	504	4	17	80	0.2125000
NODE_4728_length_1122_cov_38.688172	424	504	6	48	80	0.6000000
NODE_4728_length_1122_cov_38.688172	477	557	4	25	80	0.3125000
NODE_4728_length_1122_cov_38.688172	477	557	6	55	80	0.6875000
NODE_4729_length_1122_cov_32.827957	232	312	4	18	80	0.2250000
NODE_4729_length_1122_cov_32.827957	232	312	6	60	80	0.7500000
NODE_4729_length_1122_cov_32.827957	232	312	7	2	80	0.0250000
NODE_4729_length_1122_cov_32.827957	285	365	2	13	80	0.1625000
NODE_4729_length_1122_cov_32.827957	285	365	3	14	80	0.1750000
NODE_4729_length_1122_cov_32.827957	285	365	4	22	80	0.2750000
NODE_4729_length_1122_cov_32.827957	285	365	6	25	80	0.3125000
NODE_4729_length_1122_cov_32.827957	285	365	7	6	80	0.0750000
NODE_4729_length_1122_cov_32.827957	361	441	2	80	80	1.0000000
NODE_4729_length_1122_cov_32.827957	414	494	0	14	80	0.1750000
NODE_4729_length_1122_cov_32.827957	414	494	1	22	80	0.2750000
NODE_4729_length_1122_cov_32.827957	414	494	2	44	80	0.5500000
NODE_4730_length_1122_cov_12.574780	396	476	6	80	80	1.0000000
NODE_4730_length_1122_cov_12.574780	449	529	0	11	80	0.1375000
NODE_4730_length_1122_cov_12.574780	449	529	2	41	80	0.5125000
NODE_4730_length_1122_cov_12.574780	449	529	6	28	80	0.3500000
NODE_4730_length_1122_cov_12.574780	525	605	0	80	80	1.0000000
NODE_4730_length_1122_cov_12.574780	578	658	0	80	80	1.0000000
NODE_4731_length_1122_cov_8.582600	586	666	0	80	80	1.0000000
NODE_4731_length_1122_cov_8.582600	639	719	0	80	80	1.0000000
NODE_4733_length_1122_cov_3.714565	284	364	0	80	80	1.0000000
NODE_4733_length_1122_cov_3.714565	337	417	0	80	80	1.0000000
NODE_4738_length_1122_cov_1.757576	25	87	0	62	62	1.0000000
NODE_4742_length_1121_cov_39.595890	507	587	2	4	80	0.0500000
NODE_4742_length_1121_cov_39.595890	507	587	5	10	80	0.1250000
NODE_4742_length_1121_cov_39.595890	507	587	8	4	80	0.0500000
NODE_4742_length_1121_cov_39.595890	507	587	10	30	80	0.3750000
NODE_4742_length_1121_cov_39.595890	507	587	12	32	80	0.4000000
NODE_4742_length_1121_cov_39.595890	560	640	0	40	80	0.5000000
NODE_4742_length_1121_cov_39.595890	560	640	2	17	80	0.2125000
NODE_4742_length_1121_cov_39.595890	560	640	5	10	80	0.1250000
NODE_4742_length_1121_cov_39.595890	560	640	8	4	80	0.0500000
NODE_4742_length_1121_cov_39.595890	560	640	10	9	80	0.1125000
NODE_4742_length_1121_cov_39.595890	636	716	0	80	80	1.0000000
NODE_4742_length_1121_cov_39.595890	689	769	0	80	80	1.0000000
NODE_4743_length_1121_cov_23.832681	525	605	0	42	80	0.5250000
NODE_4743_length_1121_cov_23.832681	525	605	6	5	80	0.0625000
NODE_4743_length_1121_cov_23.832681	525	605	8	10	80	0.1250000
NODE_4743_length_1121_cov_23.832681	525	605	10	23	80	0.2875000
NODE_4743_length_1121_cov_23.832681	578	658	4	7	80	0.0875000
NODE_4743_length_1121_cov_23.832681	578	658	8	5	80	0.0625000
NODE_4743_length_1121_cov_23.832681	578	658	10	68	80	0.8500000
NODE_4744_length_1121_cov_18.033268	1	42	0	41	41	1.0000000
NODE_4744_length_1121_cov_18.033268	671	751	4	80	80	1.0000000
NODE_4744_length_1121_cov_18.033268	724	804	0	4	80	0.0500000
NODE_4744_length_1121_cov_18.033268	724	804	4	41	80	0.5125000
NODE_4744_length_1121_cov_18.033268	724	804	6	35	80	0.4375000
NODE_4745_length_1121_cov_8.633072	610	690	0	5	80	0.0625000
NODE_4745_length_1121_cov_8.633072	610	690	2	70	80	0.8750000
NODE_4745_length_1121_cov_8.633072	610	690	4	5	80	0.0625000
NODE_4745_length_1121_cov_8.633072	663	743	0	58	80	0.7250000
NODE_4745_length_1121_cov_8.633072	663	743	2	22	80	0.2750000
NODE_4751_length_1120_cov_34.281097	377	457	0	51	80	0.6375000
NODE_4751_length_1120_cov_34.281097	377	457	6	29	80	0.3625000
NODE_4751_length_1120_cov_34.281097	430	510	6	80	80	1.0000000
NODE_4751_length_1120_cov_34.281097	506	586	0	49	80	0.6125000
NODE_4751_length_1120_cov_34.281097	506	586	6	31	80	0.3875000
NODE_4751_length_1120_cov_34.281097	559	639	0	38	80	0.4750000
NODE_4751_length_1120_cov_34.281097	559	639	2	42	80	0.5250000
NODE_4752_length_1120_cov_31.468168	401	481	4	25	80	0.3125000
NODE_4752_length_1120_cov_31.468168	401	481	6	55	80	0.6875000
NODE_4752_length_1120_cov_31.468168	454	534	0	3	80	0.0375000
NODE_4752_length_1120_cov_31.468168	454	534	2	29	80	0.3625000
NODE_4752_length_1120_cov_31.468168	454	534	3	7	80	0.0875000
NODE_4752_length_1120_cov_31.468168	454	534	4	26	80	0.3250000
NODE_4752_length_1120_cov_31.468168	454	534	6	15	80	0.1875000
NODE_4752_length_1120_cov_31.468168	530	610	0	48	80	0.6000000
NODE_4752_length_1120_cov_31.468168	530	610	2	20	80	0.2500000
NODE_4752_length_1120_cov_31.468168	530	610	4	3	80	0.0375000
NODE_4752_length_1120_cov_31.468168	530	610	6	9	80	0.1125000
NODE_4752_length_1120_cov_31.468168	583	663	2	15	80	0.1875000
NODE_4752_length_1120_cov_31.468168	583	663	4	3	80	0.0375000
NODE_4752_length_1120_cov_31.468168	583	663	6	62	80	0.7750000
NODE_4753_length_1120_cov_28.182174	418	498	2	37	80	0.4625000
NODE_4753_length_1120_cov_28.182174	418	498	4	23	80	0.2875000
NODE_4753_length_1120_cov_28.182174	418	498	6	20	80	0.2500000
NODE_4753_length_1120_cov_28.182174	471	551	0	11	80	0.1375000
NODE_4753_length_1120_cov_28.182174	471	551	2	69	80	0.8625000
NODE_4754_length_1120_cov_25.423115	405	485	0	20	80	0.2500000
NODE_4754_length_1120_cov_25.423115	405	485	2	60	80	0.7500000
NODE_4754_length_1120_cov_25.423115	458	538	0	20	80	0.2500000
NODE_4754_length_1120_cov_25.423115	458	538	2	60	80	0.7500000
NODE_4754_length_1120_cov_25.423115	534	614	0	80	80	1.0000000
NODE_4754_length_1120_cov_25.423115	587	667	0	80	80	1.0000000
NODE_4755_length_1120_cov_24.441724	589	662	2	73	73	1.0000000
NODE_4755_length_1120_cov_24.441724	636	716	0	52	80	0.6500000
NODE_4755_length_1120_cov_24.441724	636	716	2	28	80	0.3500000
NODE_4756_length_1120_cov_18.966699	406	486	10	23	80	0.2875000
NODE_4756_length_1120_cov_18.966699	406	486	11	28	80	0.3500000
NODE_4756_length_1120_cov_18.966699	406	486	12	29	80	0.3625000
NODE_4756_length_1120_cov_18.966699	459	539	2	52	80	0.6500000
NODE_4756_length_1120_cov_18.966699	459	539	6	1	80	0.0125000
NODE_4756_length_1120_cov_18.966699	459	539	10	10	80	0.1250000
NODE_4756_length_1120_cov_18.966699	459	539	12	17	80	0.2125000
NODE_4757_length_1120_cov_16.136141	508	588	0	68	80	0.8500000
NODE_4757_length_1120_cov_16.136141	508	588	1	12	80	0.1500000
NODE_4757_length_1120_cov_16.136141	561	641	0	15	80	0.1875000
NODE_4757_length_1120_cov_16.136141	561	641	1	13	80	0.1625000
NODE_4757_length_1120_cov_16.136141	561	641	3	12	80	0.1500000
NODE_4757_length_1120_cov_16.136141	561	641	4	40	80	0.5000000
NODE_4758_length_1120_cov_15.492654	460	540	0	80	80	1.0000000
NODE_4758_length_1120_cov_15.492654	460	540	0	80	80	1.0000000
NODE_4758_length_1120_cov_15.492654	513	593	0	80	80	1.0000000
NODE_4759_length_1120_cov_8.696376	646	726	0	11	80	0.1375000
NODE_4759_length_1120_cov_8.696376	646	726	4	69	80	0.8625000
NODE_4759_length_1120_cov_8.696376	699	779	0	18	80	0.2250000
NODE_4759_length_1120_cov_8.696376	699	779	4	62	80	0.7750000
NODE_4760_length_1120_cov_7.916748	304	384	2	17	80	0.2125000
NODE_4760_length_1120_cov_7.916748	304	384	6	63	80	0.7875000
NODE_4760_length_1120_cov_7.916748	357	437	0	6	80	0.0750000
NODE_4760_length_1120_cov_7.916748	357	437	3	1	80	0.0125000
NODE_4760_length_1120_cov_7.916748	357	437	4	15	80	0.1875000
NODE_4760_length_1120_cov_7.916748	357	437	6	58	80	0.7250000
NODE_4772_length_1119_cov_32.617647	425	505	2	19	80	0.2375000
NODE_4772_length_1119_cov_32.617647	425	505	6	61	80	0.7625000
NODE_4772_length_1119_cov_32.617647	478	558	4	29	80	0.3625000
NODE_4772_length_1119_cov_32.617647	478	558	6	51	80	0.6375000
NODE_4773_length_1119_cov_24.944118	455	535	0	80	80	1.0000000
NODE_4773_length_1119_cov_24.944118	508	588	0	80	80	1.0000000
NODE_4774_length_1119_cov_22.214706	614	694	0	11	80	0.1375000
NODE_4774_length_1119_cov_22.214706	614	694	2	5	80	0.0625000
NODE_4774_length_1119_cov_22.214706	614	694	4	9	80	0.1125000
NODE_4774_length_1119_cov_22.214706	614	694	12	55	80	0.6875000
NODE_4774_length_1119_cov_22.214706	667	747	0	10	80	0.1250000
NODE_4774_length_1119_cov_22.214706	667	747	8	10	80	0.1250000
NODE_4774_length_1119_cov_22.214706	667	747	10	8	80	0.1000000
NODE_4774_length_1119_cov_22.214706	667	747	12	52	80	0.6500000
NODE_4775_length_1119_cov_21.115686	431	511	2	5	80	0.0625000
NODE_4775_length_1119_cov_21.115686	431	511	4	39	80	0.4875000
NODE_4775_length_1119_cov_21.115686	431	511	6	18	80	0.2250000
NODE_4775_length_1119_cov_21.115686	431	511	8	1	80	0.0125000
NODE_4775_length_1119_cov_21.115686	431	511	10	17	80	0.2125000
NODE_4775_length_1119_cov_21.115686	484	564	4	12	80	0.1500000
NODE_4775_length_1119_cov_21.115686	484	564	6	19	80	0.2375000
NODE_4775_length_1119_cov_21.115686	484	564	8	3	80	0.0375000
NODE_4775_length_1119_cov_21.115686	484	564	10	46	80	0.5750000
NODE_4777_length_1119_cov_11.895098	565	645	0	51	80	0.6375000
NODE_4777_length_1119_cov_11.895098	565	645	2	29	80	0.3625000
NODE_4777_length_1119_cov_11.895098	618	698	2	80	80	1.0000000
NODE_4782_length_1119_cov_2.783333	37	99	0	62	62	1.0000000
NODE_4789_length_1118_cov_35.214917	555	635	4	18	80	0.2250000
NODE_4789_length_1118_cov_35.214917	555	635	10	24	80	0.3000000
NODE_4789_length_1118_cov_35.214917	555	635	11	14	80	0.1750000
NODE_4789_length_1118_cov_35.214917	555	635	12	24	80	0.3000000
NODE_4789_length_1118_cov_35.214917	608	688	11	3	80	0.0375000
NODE_4789_length_1118_cov_35.214917	608	688	12	35	80	0.4375000
NODE_4789_length_1118_cov_35.214917	608	688	22	19	80	0.2375000
NODE_4789_length_1118_cov_35.214917	608	688	24	16	80	0.2000000
NODE_4789_length_1118_cov_35.214917	608	688	26	7	80	0.0875000
NODE_4789_length_1118_cov_35.214917	684	764	18	1	80	0.0125000
NODE_4789_length_1118_cov_35.214917	684	764	22	16	80	0.2000000
NODE_4789_length_1118_cov_35.214917	684	764	26	32	80	0.4000000
NODE_4789_length_1118_cov_35.214917	684	764	30	2	80	0.0250000
NODE_4789_length_1118_cov_35.214917	684	764	31	9	80	0.1125000
NODE_4789_length_1118_cov_35.214917	684	764	32	1	80	0.0125000
NODE_4789_length_1118_cov_35.214917	684	764	33	14	80	0.1750000
NODE_4789_length_1118_cov_35.214917	684	764	34	5	80	0.0625000
NODE_4789_length_1118_cov_35.214917	737	817	20	37	80	0.4625000
NODE_4789_length_1118_cov_35.214917	737	817	30	11	80	0.1375000
NODE_4789_length_1118_cov_35.214917	737	817	31	5	80	0.0625000
NODE_4789_length_1118_cov_35.214917	737	817	32	8	80	0.1000000
NODE_4789_length_1118_cov_35.214917	737	817	33	14	80	0.1750000
NODE_4789_length_1118_cov_35.214917	737	817	34	5	80	0.0625000
NODE_4790_length_1118_cov_23.114818	602	682	0	2	80	0.0250000
NODE_4790_length_1118_cov_23.114818	602	682	1	24	80	0.3000000
NODE_4790_length_1118_cov_23.114818	602	682	2	54	80	0.6750000
NODE_4790_length_1118_cov_23.114818	655	735	2	43	80	0.5375000
NODE_4790_length_1118_cov_23.114818	655	735	3	1	80	0.0125000
NODE_4790_length_1118_cov_23.114818	655	735	4	27	80	0.3375000
NODE_4790_length_1118_cov_23.114818	655	735	7	1	80	0.0125000
NODE_4790_length_1118_cov_23.114818	655	735	8	8	80	0.1000000
NODE_4790_length_1118_cov_23.114818	731	811	8	8	80	0.1000000
NODE_4790_length_1118_cov_23.114818	731	811	10	11	80	0.1375000
NODE_4790_length_1118_cov_23.114818	731	811	12	7	80	0.0875000
NODE_4790_length_1118_cov_23.114818	731	811	14	5	80	0.0625000
NODE_4790_length_1118_cov_23.114818	731	811	15	25	80	0.3125000
NODE_4790_length_1118_cov_23.114818	731	811	16	7	80	0.0875000
NODE_4790_length_1118_cov_23.114818	731	811	17	17	80	0.2125000
NODE_4790_length_1118_cov_23.114818	784	864	8	6	80	0.0750000
NODE_4790_length_1118_cov_23.114818	784	864	10	1	80	0.0125000
NODE_4790_length_1118_cov_23.114818	784	864	12	4	80	0.0500000
NODE_4790_length_1118_cov_23.114818	784	864	13	10	80	0.1250000
NODE_4790_length_1118_cov_23.114818	784	864	14	3	80	0.0375000
NODE_4790_length_1118_cov_23.114818	784	864	15	40	80	0.5000000
NODE_4790_length_1118_cov_23.114818	784	864	16	10	80	0.1250000
NODE_4790_length_1118_cov_23.114818	784	864	17	6	80	0.0750000
NODE_4791_length_1118_cov_18.293425	388	463	0	64	75	0.8533334
NODE_4791_length_1118_cov_18.293425	388	463	4	11	75	0.1466667
NODE_4791_length_1118_cov_18.293425	436	516	0	16	80	0.2000000
NODE_4791_length_1118_cov_18.293425	436	516	4	64	80	0.8000000
NODE_4791_length_1118_cov_18.293425	512	592	0	6	80	0.0750000
NODE_4791_length_1118_cov_18.293425	512	592	4	74	80	0.9250000
NODE_4791_length_1118_cov_18.293425	565	645	0	59	80	0.7375000
NODE_4791_length_1118_cov_18.293425	565	645	4	21	80	0.2625000
NODE_4792_length_1118_cov_17.228656	480	560	0	80	80	1.0000000
NODE_4792_length_1118_cov_17.228656	533	613	0	80	80	1.0000000
NODE_4794_length_1118_cov_14.299313	468	548	0	17	80	0.2125000
NODE_4794_length_1118_cov_14.299313	468	548	2	63	80	0.7875000
NODE_4794_length_1118_cov_14.299313	521	601	0	24	80	0.3000000
NODE_4794_length_1118_cov_14.299313	521	601	2	56	80	0.7000000
NODE_4795_length_1118_cov_10.203140	306	386	4	1	80	0.0125000
NODE_4795_length_1118_cov_10.203140	306	386	6	79	80	0.9875000
NODE_4795_length_1118_cov_10.203140	359	439	1	3	80	0.0375000
NODE_4795_length_1118_cov_10.203140	359	439	2	26	80	0.3250000
NODE_4795_length_1118_cov_10.203140	359	439	4	7	80	0.0875000
NODE_4795_length_1118_cov_10.203140	359	439	6	44	80	0.5500000
NODE_4795_length_1118_cov_10.203140	435	515	0	72	80	0.9000000
NODE_4795_length_1118_cov_10.203140	435	515	1	7	80	0.0875000
NODE_4795_length_1118_cov_10.203140	435	515	2	1	80	0.0125000
NODE_4795_length_1118_cov_10.203140	488	568	0	80	80	1.0000000
NODE_4796_length_1118_cov_2.885182	471	551	0	80	80	1.0000000
NODE_4796_length_1118_cov_2.885182	524	604	0	80	80	1.0000000
NODE_4805_length_1117_cov_19.425344	541	621	6	66	80	0.8250000
NODE_4805_length_1117_cov_19.425344	541	621	10	14	80	0.1750000
NODE_4805_length_1117_cov_19.425344	594	674	4	31	80	0.3875000
NODE_4805_length_1117_cov_19.425344	594	674	6	13	80	0.1625000
NODE_4805_length_1117_cov_19.425344	594	674	10	36	80	0.4500000
NODE_4806_length_1117_cov_16.386051	385	465	0	80	80	1.0000000
NODE_4806_length_1117_cov_16.386051	438	518	0	80	80	1.0000000
NODE_4807_length_1117_cov_10.353635	294	374	0	2	80	0.0250000
NODE_4807_length_1117_cov_10.353635	294	374	1	1	80	0.0125000
NODE_4807_length_1117_cov_10.353635	294	374	2	54	80	0.6750000
NODE_4807_length_1117_cov_10.353635	294	374	3	12	80	0.1500000
NODE_4807_length_1117_cov_10.353635	294	374	5	11	80	0.1375000
NODE_4807_length_1117_cov_10.353635	347	427	2	4	80	0.0500000
NODE_4807_length_1117_cov_10.353635	347	427	3	12	80	0.1500000
NODE_4807_length_1117_cov_10.353635	347	427	5	64	80	0.8000000
NODE_4808_length_1117_cov_7.492141	417	497	4	28	80	0.3500000
NODE_4808_length_1117_cov_7.492141	417	497	6	52	80	0.6500000
NODE_4808_length_1117_cov_7.492141	470	550	0	35	80	0.4375000
NODE_4808_length_1117_cov_7.492141	470	550	2	2	80	0.0250000
NODE_4808_length_1117_cov_7.492141	470	550	4	39	80	0.4875000
NODE_4808_length_1117_cov_7.492141	470	550	6	4	80	0.0500000
NODE_4812_length_1117_cov_3.225933	666	728	2	62	62	1.0000000
NODE_4819_length_1116_cov_30.106195	457	537	0	16	80	0.2000000
NODE_4819_length_1116_cov_30.106195	457	537	2	64	80	0.8000000
NODE_4819_length_1116_cov_30.106195	510	590	0	24	80	0.3000000
NODE_4819_length_1116_cov_30.106195	510	590	2	56	80	0.7000000
NODE_4820_length_1116_cov_25.518191	831	911	0	29	80	0.3625000
NODE_4820_length_1116_cov_25.518191	831	911	2	51	80	0.6375000
NODE_4820_length_1116_cov_25.518191	884	964	0	16	80	0.2000000
NODE_4820_length_1116_cov_25.518191	884	964	2	64	80	0.8000000
NODE_4821_length_1116_cov_20.629302	500	580	5	13	80	0.1625000
NODE_4821_length_1116_cov_20.629302	500	580	6	21	80	0.2625000
NODE_4821_length_1116_cov_20.629302	500	580	10	46	80	0.5750000
NODE_4821_length_1116_cov_20.629302	553	633	1	2	80	0.0250000
NODE_4821_length_1116_cov_20.629302	553	633	2	2	80	0.0250000
NODE_4821_length_1116_cov_20.629302	553	633	5	1	80	0.0125000
NODE_4821_length_1116_cov_20.629302	553	633	6	27	80	0.3375000
NODE_4821_length_1116_cov_20.629302	553	633	8	4	80	0.0500000
NODE_4821_length_1116_cov_20.629302	553	633	10	44	80	0.5500000
NODE_4822_length_1116_cov_16.723697	345	425	1	17	80	0.2125000
NODE_4822_length_1116_cov_16.723697	345	425	3	20	80	0.2500000
NODE_4822_length_1116_cov_16.723697	345	425	7	43	80	0.5375000
NODE_4822_length_1116_cov_16.723697	398	478	6	27	80	0.3375000
NODE_4822_length_1116_cov_16.723697	398	478	7	37	80	0.4625000
NODE_4822_length_1116_cov_16.723697	398	478	8	16	80	0.2000000
NODE_4823_length_1116_cov_16.046214	735	815	5	3	80	0.0375000
NODE_4823_length_1116_cov_16.046214	735	815	7	18	80	0.2250000
NODE_4823_length_1116_cov_16.046214	735	815	9	59	80	0.7375000
NODE_4823_length_1116_cov_16.046214	788	868	4	35	80	0.4375000
NODE_4823_length_1116_cov_16.046214	788	868	7	15	80	0.1875000
NODE_4823_length_1116_cov_16.046214	788	868	9	30	80	0.3750000
NODE_4828_length_1116_cov_1.379548	800	880	4	80	80	1.0000000
NODE_4828_length_1116_cov_1.379548	853	933	0	53	80	0.6625000
NODE_4828_length_1116_cov_1.379548	853	933	4	27	80	0.3375000
NODE_4832_length_1115_cov_30.584646	549	629	0	14	80	0.1750000
NODE_4832_length_1115_cov_30.584646	549	629	2	8	80	0.1000000
NODE_4832_length_1115_cov_30.584646	549	629	4	20	80	0.2500000
NODE_4832_length_1115_cov_30.584646	549	629	6	38	80	0.4750000
NODE_4832_length_1115_cov_30.584646	602	682	4	18	80	0.2250000
NODE_4832_length_1115_cov_30.584646	602	682	6	62	80	0.7750000
NODE_4833_length_1115_cov_15.871063	454	534	2	4	80	0.0500000
NODE_4833_length_1115_cov_15.871063	454	534	3	11	80	0.1375000
NODE_4833_length_1115_cov_15.871063	454	534	4	8	80	0.1000000
NODE_4833_length_1115_cov_15.871063	454	534	6	41	80	0.5125000
NODE_4833_length_1115_cov_15.871063	454	534	8	16	80	0.2000000
NODE_4833_length_1115_cov_15.871063	507	587	4	29	80	0.3625000
NODE_4833_length_1115_cov_15.871063	507	587	6	43	80	0.5375000
NODE_4833_length_1115_cov_15.871063	507	587	8	8	80	0.1000000
NODE_4833_length_1115_cov_15.871063	583	663	4	24	80	0.3000000
NODE_4833_length_1115_cov_15.871063	583	663	5	1	80	0.0125000
NODE_4833_length_1115_cov_15.871063	583	663	6	35	80	0.4375000
NODE_4833_length_1115_cov_15.871063	583	663	7	20	80	0.2500000
NODE_4833_length_1115_cov_15.871063	636	716	0	12	80	0.1500000
NODE_4833_length_1115_cov_15.871063	636	716	4	50	80	0.6250000
NODE_4833_length_1115_cov_15.871063	636	716	5	1	80	0.0125000
NODE_4833_length_1115_cov_15.871063	636	716	6	17	80	0.2125000
NODE_4840_length_1114_cov_20.633498	1034	1114	0	80	80	1.0000000
NODE_4840_length_1114_cov_20.633498	1034	1114	0	80	80	1.0000000
NODE_4840_length_1114_cov_20.633498	1034	1114	0	80	80	1.0000000
NODE_4840_length_1114_cov_20.633498	1034	1114	0	80	80	1.0000000
NODE_4840_length_1114_cov_20.633498	1034	1114	0	80	80	1.0000000
NODE_4840_length_1114_cov_20.633498	1043	1114	0	71	71	1.0000000
NODE_4841_length_1114_cov_17.383251	516	601	0	13	85	0.1529412
NODE_4841_length_1114_cov_17.383251	516	601	1	15	85	0.1764706
NODE_4841_length_1114_cov_17.383251	516	601	2	2	85	0.0235294
NODE_4841_length_1114_cov_17.383251	516	601	4	20	85	0.2352941
NODE_4841_length_1114_cov_17.383251	516	601	6	18	85	0.2117647
NODE_4841_length_1114_cov_17.383251	516	601	8	17	85	0.2000000
NODE_4841_length_1114_cov_17.383251	574	653	6	10	79	0.1265823
NODE_4841_length_1114_cov_17.383251	574	653	8	69	79	0.8734177
NODE_4841_length_1114_cov_17.383251	649	729	4	15	80	0.1875000
NODE_4841_length_1114_cov_17.383251	649	729	6	16	80	0.2000000
NODE_4841_length_1114_cov_17.383251	649	729	7	2	80	0.0250000
NODE_4841_length_1114_cov_17.383251	649	729	8	26	80	0.3250000
NODE_4841_length_1114_cov_17.383251	649	729	9	13	80	0.1625000
NODE_4841_length_1114_cov_17.383251	649	729	10	8	80	0.1000000
NODE_4841_length_1114_cov_17.383251	702	782	2	26	80	0.3250000
NODE_4841_length_1114_cov_17.383251	702	782	4	36	80	0.4500000
NODE_4841_length_1114_cov_17.383251	702	782	6	18	80	0.2250000
NODE_4842_length_1114_cov_5.562562	563	643	0	53	80	0.6625000
NODE_4842_length_1114_cov_5.562562	563	643	2	27	80	0.3375000
NODE_4842_length_1114_cov_5.562562	616	696	2	80	80	1.0000000
NODE_4847_length_1113_cov_51.988166	343	423	0	5	80	0.0625000
NODE_4847_length_1113_cov_51.988166	343	423	3	8	80	0.1000000
NODE_4847_length_1113_cov_51.988166	343	423	5	15	80	0.1875000
NODE_4847_length_1113_cov_51.988166	343	423	7	1	80	0.0125000
NODE_4847_length_1113_cov_51.988166	343	423	8	3	80	0.0375000
NODE_4847_length_1113_cov_51.988166	343	423	10	48	80	0.6000000
NODE_4847_length_1113_cov_51.988166	396	476	8	28	80	0.3500000
NODE_4847_length_1113_cov_51.988166	396	476	10	52	80	0.6500000
NODE_4847_length_1113_cov_51.988166	472	552	0	31	80	0.3875000
NODE_4847_length_1113_cov_51.988166	472	552	3	23	80	0.2875000
NODE_4847_length_1113_cov_51.988166	472	552	5	1	80	0.0125000
NODE_4847_length_1113_cov_51.988166	472	552	6	20	80	0.2500000
NODE_4847_length_1113_cov_51.988166	472	552	8	5	80	0.0625000
NODE_4847_length_1113_cov_51.988166	525	605	0	80	80	1.0000000
NODE_4848_length_1113_cov_35.005917	359	439	0	21	80	0.2625000
NODE_4848_length_1113_cov_35.005917	359	439	18	59	80	0.7375000
NODE_4848_length_1113_cov_35.005917	412	492	18	47	80	0.5875000
NODE_4848_length_1113_cov_35.005917	412	492	20	9	80	0.1125000
NODE_4848_length_1113_cov_35.005917	412	492	22	4	80	0.0500000
NODE_4848_length_1113_cov_35.005917	412	492	24	13	80	0.1625000
NODE_4848_length_1113_cov_35.005917	412	492	28	7	80	0.0875000
NODE_4849_length_1113_cov_28.106509	570	650	0	14	80	0.1750000
NODE_4849_length_1113_cov_28.106509	570	650	2	17	80	0.2125000
NODE_4849_length_1113_cov_28.106509	570	650	4	49	80	0.6125000
NODE_4849_length_1113_cov_28.106509	623	703	0	67	80	0.8375000
NODE_4849_length_1113_cov_28.106509	623	703	2	13	80	0.1625000
NODE_4849_length_1113_cov_28.106509	699	779	0	40	80	0.5000000
NODE_4849_length_1113_cov_28.106509	699	779	4	40	80	0.5000000
NODE_4849_length_1113_cov_28.106509	752	832	0	1	80	0.0125000
NODE_4849_length_1113_cov_28.106509	752	832	4	79	80	0.9875000
NODE_4850_length_1113_cov_18.636095	512	592	0	28	80	0.3500000
NODE_4850_length_1113_cov_18.636095	512	592	2	1	80	0.0125000
NODE_4850_length_1113_cov_18.636095	512	592	4	5	80	0.0625000
NODE_4850_length_1113_cov_18.636095	512	592	6	2	80	0.0250000
NODE_4850_length_1113_cov_18.636095	512	592	8	23	80	0.2875000
NODE_4850_length_1113_cov_18.636095	512	592	10	21	80	0.2625000
NODE_4850_length_1113_cov_18.636095	565	645	8	28	80	0.3500000
NODE_4850_length_1113_cov_18.636095	565	645	10	52	80	0.6500000
NODE_4851_length_1113_cov_16.664694	352	432	4	42	80	0.5250000
NODE_4851_length_1113_cov_16.664694	352	432	6	13	80	0.1625000
NODE_4851_length_1113_cov_16.664694	352	432	8	25	80	0.3125000
NODE_4851_length_1113_cov_16.664694	405	485	6	13	80	0.1625000
NODE_4851_length_1113_cov_16.664694	405	485	8	43	80	0.5375000
NODE_4851_length_1113_cov_16.664694	405	485	10	23	80	0.2875000
NODE_4851_length_1113_cov_16.664694	405	485	11	1	80	0.0125000
NODE_4851_length_1113_cov_16.664694	481	561	6	51	80	0.6375000
NODE_4851_length_1113_cov_16.664694	481	561	8	29	80	0.3625000
NODE_4851_length_1113_cov_16.664694	534	614	0	41	80	0.5125000
NODE_4851_length_1113_cov_16.664694	534	614	6	39	80	0.4875000
NODE_4852_length_1113_cov_14.155819	454	512	0	57	58	0.9827586
NODE_4852_length_1113_cov_14.155819	454	512	2	1	58	0.0172414
NODE_4852_length_1113_cov_14.155819	511	575	2	64	64	1.0000000
NODE_4853_length_1113_cov_10.185404	494	574	0	11	80	0.1375000
NODE_4853_length_1113_cov_10.185404	494	574	2	69	80	0.8625000
NODE_4853_length_1113_cov_10.185404	547	627	0	18	80	0.2250000
NODE_4853_length_1113_cov_10.185404	547	627	2	62	80	0.7750000
NODE_4855_length_1113_cov_4.005917	700	780	2	80	80	1.0000000
NODE_4855_length_1113_cov_4.005917	753	833	0	40	80	0.5000000
NODE_4855_length_1113_cov_4.005917	753	833	2	40	80	0.5000000
NODE_4866_length_1112_cov_14.961500	427	507	11	3	80	0.0375000
NODE_4866_length_1112_cov_14.961500	427	507	15	6	80	0.0750000
NODE_4866_length_1112_cov_14.961500	427	507	18	1	80	0.0125000
NODE_4866_length_1112_cov_14.961500	427	507	19	18	80	0.2250000
NODE_4866_length_1112_cov_14.961500	427	507	20	7	80	0.0875000
NODE_4866_length_1112_cov_14.961500	427	507	21	45	80	0.5625000
NODE_4866_length_1112_cov_14.961500	480	560	4	6	80	0.0750000
NODE_4866_length_1112_cov_14.961500	480	560	8	14	80	0.1750000
NODE_4866_length_1112_cov_14.961500	480	560	10	14	80	0.1750000
NODE_4866_length_1112_cov_14.961500	480	560	19	30	80	0.3750000
NODE_4866_length_1112_cov_14.961500	480	560	21	16	80	0.2000000
NODE_4866_length_1112_cov_14.961500	556	636	0	65	80	0.8125000
NODE_4866_length_1112_cov_14.961500	556	636	4	15	80	0.1875000
NODE_4866_length_1112_cov_14.961500	609	689	0	80	80	1.0000000
NODE_4875_length_1112_cov_1.655479	45	123	0	11	78	0.1410256
NODE_4875_length_1112_cov_1.655479	45	123	2	67	78	0.8589743
NODE_4875_length_1112_cov_1.655479	98	166	0	54	68	0.7941176
NODE_4875_length_1112_cov_1.655479	98	166	2	14	68	0.2058824
NODE_4880_length_1111_cov_37.999012	473	553	0	7	80	0.0875000
NODE_4880_length_1111_cov_37.999012	473	553	6	2	80	0.0250000
NODE_4880_length_1111_cov_37.999012	473	553	7	30	80	0.3750000
NODE_4880_length_1111_cov_37.999012	473	553	8	8	80	0.1000000
NODE_4880_length_1111_cov_37.999012	473	553	9	4	80	0.0500000
NODE_4880_length_1111_cov_37.999012	473	553	10	29	80	0.3625000
NODE_4880_length_1111_cov_37.999012	526	606	4	22	80	0.2750000
NODE_4880_length_1111_cov_37.999012	526	606	10	58	80	0.7250000
NODE_4880_length_1111_cov_37.999012	602	682	0	6	80	0.0750000
NODE_4880_length_1111_cov_37.999012	602	682	2	40	80	0.5000000
NODE_4880_length_1111_cov_37.999012	602	682	4	34	80	0.4250000
NODE_4880_length_1111_cov_37.999012	655	735	0	4	80	0.0500000
NODE_4880_length_1111_cov_37.999012	655	735	2	10	80	0.1250000
NODE_4880_length_1111_cov_37.999012	655	735	4	66	80	0.8250000
NODE_4881_length_1111_cov_24.394269	644	724	4	35	80	0.4375000
NODE_4881_length_1111_cov_24.394269	644	724	8	23	80	0.2875000
NODE_4881_length_1111_cov_24.394269	644	724	10	11	80	0.1375000
NODE_4881_length_1111_cov_24.394269	644	724	12	11	80	0.1375000
NODE_4881_length_1111_cov_24.394269	697	777	8	5	80	0.0625000
NODE_4881_length_1111_cov_24.394269	697	777	10	11	80	0.1375000
NODE_4881_length_1111_cov_24.394269	697	777	12	63	80	0.7875000
NODE_4881_length_1111_cov_24.394269	697	777	14	1	80	0.0125000
NODE_4882_length_1111_cov_23.676877	374	454	6	36	80	0.4500000
NODE_4882_length_1111_cov_23.676877	374	454	10	44	80	0.5500000
NODE_4882_length_1111_cov_23.676877	427	507	4	31	80	0.3875000
NODE_4882_length_1111_cov_23.676877	427	507	8	3	80	0.0375000
NODE_4882_length_1111_cov_23.676877	427	507	10	46	80	0.5750000
NODE_4883_length_1111_cov_17.522727	383	463	2	80	80	1.0000000
NODE_4883_length_1111_cov_17.522727	436	516	0	5	80	0.0625000
NODE_4883_length_1111_cov_17.522727	436	516	2	75	80	0.9375000
NODE_4884_length_1111_cov_16.495059	388	468	0	37	80	0.4625000
NODE_4884_length_1111_cov_16.495059	388	468	4	43	80	0.5375000
NODE_4884_length_1111_cov_16.495059	441	521	4	80	80	1.0000000
NODE_4885_length_1111_cov_15.366601	555	635	2	13	80	0.1625000
NODE_4885_length_1111_cov_15.366601	555	635	4	28	80	0.3500000
NODE_4885_length_1111_cov_15.366601	555	635	6	39	80	0.4875000
NODE_4885_length_1111_cov_15.366601	608	688	2	4	80	0.0500000
NODE_4885_length_1111_cov_15.366601	608	688	4	62	80	0.7750000
NODE_4885_length_1111_cov_15.366601	608	688	6	14	80	0.1750000
NODE_4886_length_1111_cov_15.314229	809	889	0	80	80	1.0000000
NODE_4886_length_1111_cov_15.314229	862	942	0	80	80	1.0000000
NODE_4887_length_1111_cov_9.732213	443	523	0	4	80	0.0500000
NODE_4887_length_1111_cov_9.732213	443	523	2	76	80	0.9500000
NODE_4887_length_1111_cov_9.732213	496	576	0	57	80	0.7125000
NODE_4887_length_1111_cov_9.732213	496	576	2	23	80	0.2875000
NODE_4888_length_1111_cov_4.907115	606	686	0	80	80	1.0000000
NODE_4888_length_1111_cov_4.907115	659	739	0	80	80	1.0000000
NODE_4892_length_1110_cov_23.012859	453	533	0	26	80	0.3250000
NODE_4892_length_1110_cov_23.012859	453	533	8	1	80	0.0125000
NODE_4892_length_1110_cov_23.012859	453	533	9	6	80	0.0750000
NODE_4892_length_1110_cov_23.012859	453	533	11	46	80	0.5750000
NODE_4892_length_1110_cov_23.012859	453	533	12	1	80	0.0125000
NODE_4892_length_1110_cov_23.012859	506	586	11	26	80	0.3250000
NODE_4892_length_1110_cov_23.012859	506	586	12	4	80	0.0500000
NODE_4892_length_1110_cov_23.012859	506	586	14	50	80	0.6250000
NODE_4892_length_1110_cov_23.012859	582	662	5	33	80	0.4125000
NODE_4892_length_1110_cov_23.012859	582	662	6	8	80	0.1000000
NODE_4892_length_1110_cov_23.012859	582	662	11	14	80	0.1750000
NODE_4892_length_1110_cov_23.012859	582	662	12	23	80	0.2875000
NODE_4892_length_1110_cov_23.012859	582	662	14	2	80	0.0250000
NODE_4892_length_1110_cov_23.012859	635	715	2	31	80	0.3875000
NODE_4892_length_1110_cov_23.012859	635	715	5	49	80	0.6125000
NODE_4895_length_1110_cov_5.305638	754	834	2	80	80	1.0000000
NODE_4895_length_1110_cov_5.305638	807	887	0	51	80	0.6375000
NODE_4895_length_1110_cov_5.305638	807	887	2	29	80	0.3625000
NODE_4896_length_1110_cov_3.698318	642	685	4	17	43	0.3953488
NODE_4896_length_1110_cov_3.698318	642	685	6	26	43	0.6046512
NODE_4899_length_1110_cov_1.871414	15	86	0	71	71	1.0000000
NODE_4903_length_1109_cov_35.307921	413	493	0	45	80	0.5625000
NODE_4903_length_1109_cov_35.307921	413	493	2	35	80	0.4375000
NODE_4903_length_1109_cov_35.307921	466	546	0	5	80	0.0625000
NODE_4903_length_1109_cov_35.307921	466	546	2	75	80	0.9375000
NODE_4903_length_1109_cov_35.307921	542	622	0	80	80	1.0000000
NODE_4903_length_1109_cov_35.307921	595	675	0	80	80	1.0000000
NODE_4904_length_1109_cov_27.880198	501	581	12	15	80	0.1875000
NODE_4904_length_1109_cov_27.880198	501	581	14	65	80	0.8125000
NODE_4904_length_1109_cov_27.880198	554	634	0	16	80	0.2000000
NODE_4904_length_1109_cov_27.880198	554	634	2	18	80	0.2250000
NODE_4904_length_1109_cov_27.880198	554	634	13	1	80	0.0125000
NODE_4904_length_1109_cov_27.880198	554	634	14	45	80	0.5625000
NODE_4904_length_1109_cov_27.880198	630	710	0	80	80	1.0000000
NODE_4904_length_1109_cov_27.880198	683	763	0	80	80	1.0000000
NODE_4905_length_1109_cov_21.858416	571	651	0	6	80	0.0750000
NODE_4905_length_1109_cov_21.858416	571	651	2	74	80	0.9250000
NODE_4905_length_1109_cov_21.858416	624	704	2	56	80	0.7000000
NODE_4905_length_1109_cov_21.858416	624	704	4	24	80	0.3000000
NODE_4912_length_1108_cov_59.921705	386	466	4	3	80	0.0375000
NODE_4912_length_1108_cov_59.921705	386	466	8	20	80	0.2500000
NODE_4912_length_1108_cov_59.921705	386	466	9	25	80	0.3125000
NODE_4912_length_1108_cov_59.921705	386	466	10	25	80	0.3125000
NODE_4912_length_1108_cov_59.921705	386	466	12	6	80	0.0750000
NODE_4912_length_1108_cov_59.921705	386	466	14	1	80	0.0125000
NODE_4912_length_1108_cov_59.921705	439	519	9	20	80	0.2500000
NODE_4912_length_1108_cov_59.921705	439	519	10	50	80	0.6250000
NODE_4912_length_1108_cov_59.921705	439	519	12	6	80	0.0750000
NODE_4912_length_1108_cov_59.921705	439	519	13	3	80	0.0375000
NODE_4912_length_1108_cov_59.921705	439	519	14	1	80	0.0125000
NODE_4912_length_1108_cov_59.921705	515	595	9	7	80	0.0875000
NODE_4912_length_1108_cov_59.921705	515	595	11	16	80	0.2000000
NODE_4912_length_1108_cov_59.921705	515	595	12	18	80	0.2250000
NODE_4912_length_1108_cov_59.921705	515	595	13	1	80	0.0125000
NODE_4912_length_1108_cov_59.921705	515	595	14	9	80	0.1125000
NODE_4912_length_1108_cov_59.921705	515	595	15	11	80	0.1375000
NODE_4912_length_1108_cov_59.921705	515	595	16	7	80	0.0875000
NODE_4912_length_1108_cov_59.921705	515	595	18	11	80	0.1375000
NODE_4912_length_1108_cov_59.921705	568	648	13	2	80	0.0250000
NODE_4912_length_1108_cov_59.921705	568	648	14	6	80	0.0750000
NODE_4912_length_1108_cov_59.921705	568	648	15	62	80	0.7750000
NODE_4912_length_1108_cov_59.921705	568	648	16	7	80	0.0875000
NODE_4912_length_1108_cov_59.921705	568	648	18	3	80	0.0375000
NODE_4914_length_1108_cov_16.069376	513	593	2	3	80	0.0375000
NODE_4914_length_1108_cov_16.069376	513	593	4	67	80	0.8375000
NODE_4914_length_1108_cov_16.069376	513	593	6	10	80	0.1250000
NODE_4914_length_1108_cov_16.069376	566	646	4	50	80	0.6250000
NODE_4914_length_1108_cov_16.069376	566	646	6	30	80	0.3750000
NODE_4916_length_1108_cov_11.656095	333	413	0	40	80	0.5000000
NODE_4916_length_1108_cov_11.656095	333	413	6	5	80	0.0625000
NODE_4916_length_1108_cov_11.656095	333	413	8	30	80	0.3750000
NODE_4916_length_1108_cov_11.656095	333	413	12	2	80	0.0250000
NODE_4916_length_1108_cov_11.656095	333	413	14	1	80	0.0125000
NODE_4916_length_1108_cov_11.656095	333	413	15	2	80	0.0250000
NODE_4916_length_1108_cov_11.656095	386	466	8	22	80	0.2750000
NODE_4916_length_1108_cov_11.656095	386	466	12	2	80	0.0250000
NODE_4916_length_1108_cov_11.656095	386	466	14	1	80	0.0125000
NODE_4916_length_1108_cov_11.656095	386	466	15	25	80	0.3125000
NODE_4916_length_1108_cov_11.656095	386	466	16	30	80	0.3750000
NODE_4917_length_1108_cov_10.266601	431	511	0	20	80	0.2500000
NODE_4917_length_1108_cov_10.266601	431	511	2	1	80	0.0125000
NODE_4917_length_1108_cov_10.266601	431	511	4	59	80	0.7375000
NODE_4917_length_1108_cov_10.266601	484	564	0	9	80	0.1125000
NODE_4917_length_1108_cov_10.266601	484	564	2	15	80	0.1875000
NODE_4917_length_1108_cov_10.266601	484	564	4	56	80	0.7000000
NODE_4918_length_1108_cov_8.895937	635	715	0	54	80	0.6750000
NODE_4918_length_1108_cov_8.895937	635	715	3	1	80	0.0125000
NODE_4918_length_1108_cov_8.895937	635	715	4	17	80	0.2125000
NODE_4918_length_1108_cov_8.895937	635	715	6	8	80	0.1000000
NODE_4918_length_1108_cov_8.895937	688	768	0	1	80	0.0125000
NODE_4918_length_1108_cov_8.895937	688	768	3	1	80	0.0125000
NODE_4918_length_1108_cov_8.895937	688	768	4	17	80	0.2125000
NODE_4918_length_1108_cov_8.895937	688	768	6	61	80	0.7625000
NODE_4920_length_1108_cov_5.682854	577	657	0	7	80	0.0875000
NODE_4920_length_1108_cov_5.682854	577	657	1	1	80	0.0125000
NODE_4920_length_1108_cov_5.682854	577	657	2	72	80	0.9000000
NODE_4920_length_1108_cov_5.682854	630	710	0	19	80	0.2375000
NODE_4920_length_1108_cov_5.682854	630	710	2	61	80	0.7625000
NODE_4927_length_1107_cov_35.050595	423	503	4	11	80	0.1375000
NODE_4927_length_1107_cov_35.050595	423	503	8	31	80	0.3875000
NODE_4927_length_1107_cov_35.050595	423	503	10	38	80	0.4750000
NODE_4927_length_1107_cov_35.050595	476	556	2	43	80	0.5375000
NODE_4927_length_1107_cov_35.050595	476	556	4	4	80	0.0500000
NODE_4927_length_1107_cov_35.050595	476	556	8	33	80	0.4125000
NODE_4927_length_1107_cov_35.050595	552	632	2	2	80	0.0250000
NODE_4927_length_1107_cov_35.050595	552	632	4	36	80	0.4500000
NODE_4927_length_1107_cov_35.050595	552	632	5	1	80	0.0125000
NODE_4927_length_1107_cov_35.050595	552	632	13	9	80	0.1125000
NODE_4927_length_1107_cov_35.050595	552	632	14	32	80	0.4000000
NODE_4927_length_1107_cov_35.050595	605	685	8	8	80	0.1000000
NODE_4927_length_1107_cov_35.050595	605	685	10	18	80	0.2250000
NODE_4927_length_1107_cov_35.050595	605	685	12	21	80	0.2625000
NODE_4927_length_1107_cov_35.050595	605	685	14	33	80	0.4125000
NODE_4928_length_1107_cov_31.386905	422	502	0	43	80	0.5375000
NODE_4928_length_1107_cov_31.386905	422	502	2	37	80	0.4625000
NODE_4928_length_1107_cov_31.386905	475	555	2	44	80	0.5500000
NODE_4928_length_1107_cov_31.386905	475	555	4	36	80	0.4500000
NODE_4929_length_1107_cov_29.178571	577	657	0	17	80	0.2125000
NODE_4929_length_1107_cov_29.178571	577	657	2	63	80	0.7875000
NODE_4929_length_1107_cov_29.178571	630	710	0	70	80	0.8750000
NODE_4929_length_1107_cov_29.178571	630	710	2	10	80	0.1250000
NODE_4929_length_1107_cov_29.178571	934	1000	0	66	66	1.0000000
NODE_4929_length_1107_cov_29.178571	934	1005	0	71	71	1.0000000
NODE_4930_length_1107_cov_16.038690	574	654	0	38	80	0.4750000
NODE_4930_length_1107_cov_16.038690	574	654	6	40	80	0.5000000
NODE_4930_length_1107_cov_16.038690	574	654	12	2	80	0.0250000
NODE_4930_length_1107_cov_16.038690	627	707	6	25	80	0.3125000
NODE_4930_length_1107_cov_16.038690	627	707	12	55	80	0.6875000
NODE_4931_length_1107_cov_15.472222	78	158	52	1	80	0.0125000
NODE_4931_length_1107_cov_15.472222	78	158	54	3	80	0.0375000
NODE_4931_length_1107_cov_15.472222	78	158	58	1	80	0.0125000
NODE_4931_length_1107_cov_15.472222	78	158	62	3	80	0.0375000
NODE_4931_length_1107_cov_15.472222	78	158	64	1	80	0.0125000
NODE_4931_length_1107_cov_15.472222	78	158	66	1	80	0.0125000
NODE_4931_length_1107_cov_15.472222	78	158	68	2	80	0.0250000
NODE_4931_length_1107_cov_15.472222	78	158	77	1	80	0.0125000
NODE_4931_length_1107_cov_15.472222	78	158	79	1	80	0.0125000
NODE_4931_length_1107_cov_15.472222	78	158	81	2	80	0.0250000
NODE_4931_length_1107_cov_15.472222	78	158	83	11	80	0.1375000
NODE_4931_length_1107_cov_15.472222	78	158	85	4	80	0.0500000
NODE_4931_length_1107_cov_15.472222	78	158	87	17	80	0.2125000
NODE_4931_length_1107_cov_15.472222	78	158	88	1	80	0.0125000
NODE_4931_length_1107_cov_15.472222	78	158	90	3	80	0.0375000
NODE_4931_length_1107_cov_15.472222	78	158	91	5	80	0.0625000
NODE_4931_length_1107_cov_15.472222	78	158	92	23	80	0.2875000
NODE_4931_length_1107_cov_15.472222	131	194	15	5	63	0.0793651
NODE_4931_length_1107_cov_15.472222	131	194	17	4	63	0.0634921
NODE_4931_length_1107_cov_15.472222	131	194	23	1	63	0.0158730
NODE_4931_length_1107_cov_15.472222	131	194	25	8	63	0.1269841
NODE_4931_length_1107_cov_15.472222	131	194	30	1	63	0.0158730
NODE_4931_length_1107_cov_15.472222	131	194	31	5	63	0.0793651
NODE_4931_length_1107_cov_15.472222	131	194	33	1	63	0.0158730
NODE_4931_length_1107_cov_15.472222	131	194	42	1	63	0.0158730
NODE_4931_length_1107_cov_15.472222	131	194	48	4	63	0.0634921
NODE_4931_length_1107_cov_15.472222	131	194	52	7	63	0.1111111
NODE_4931_length_1107_cov_15.472222	131	194	54	3	63	0.0476190
NODE_4931_length_1107_cov_15.472222	131	194	58	1	63	0.0158730
NODE_4931_length_1107_cov_15.472222	131	194	62	3	63	0.0476190
NODE_4931_length_1107_cov_15.472222	131	194	64	1	63	0.0158730
NODE_4931_length_1107_cov_15.472222	131	194	66	1	63	0.0158730
NODE_4931_length_1107_cov_15.472222	131	194	68	2	63	0.0317460
NODE_4931_length_1107_cov_15.472222	131	194	77	1	63	0.0158730
NODE_4931_length_1107_cov_15.472222	131	194	79	1	63	0.0158730
NODE_4931_length_1107_cov_15.472222	131	194	81	2	63	0.0317460
NODE_4931_length_1107_cov_15.472222	131	194	83	11	63	0.1746032
NODE_4931_length_1107_cov_15.472222	952	995	2	27	43	0.6279070
NODE_4931_length_1107_cov_15.472222	952	995	6	16	43	0.3720930
NODE_4931_length_1107_cov_15.472222	968	1052	2	11	84	0.1309524
NODE_4931_length_1107_cov_15.472222	968	1052	6	73	84	0.8690476
NODE_4932_length_1107_cov_13.911706	502	582	10	9	80	0.1125000
NODE_4932_length_1107_cov_13.911706	502	582	12	71	80	0.8875000
NODE_4932_length_1107_cov_13.911706	555	635	2	9	80	0.1125000
NODE_4932_length_1107_cov_13.911706	555	635	4	5	80	0.0625000
NODE_4932_length_1107_cov_13.911706	555	635	10	44	80	0.5500000
NODE_4932_length_1107_cov_13.911706	555	635	12	22	80	0.2750000
NODE_4933_length_1107_cov_11.701389	520	600	0	80	80	1.0000000
NODE_4933_length_1107_cov_11.701389	573	653	0	80	80	1.0000000
NODE_4944_length_1106_cov_59.617676	452	532	0	42	80	0.5250000
NODE_4944_length_1106_cov_59.617676	452	532	1	11	80	0.1375000
NODE_4944_length_1106_cov_59.617676	452	532	2	27	80	0.3375000
NODE_4944_length_1106_cov_59.617676	505	585	2	46	80	0.5750000
NODE_4944_length_1106_cov_59.617676	505	585	3	8	80	0.1000000
NODE_4944_length_1106_cov_59.617676	505	585	5	8	80	0.1000000
NODE_4944_length_1106_cov_59.617676	505	585	6	18	80	0.2250000
NODE_4944_length_1106_cov_59.617676	581	661	6	26	80	0.3250000
NODE_4944_length_1106_cov_59.617676	581	661	7	11	80	0.1375000
NODE_4944_length_1106_cov_59.617676	581	661	8	43	80	0.5375000
NODE_4944_length_1106_cov_59.617676	634	714	3	13	80	0.1625000
NODE_4944_length_1106_cov_59.617676	634	714	4	38	80	0.4750000
NODE_4944_length_1106_cov_59.617676	634	714	6	8	80	0.1000000
NODE_4944_length_1106_cov_59.617676	634	714	7	11	80	0.1375000
NODE_4944_length_1106_cov_59.617676	634	714	8	10	80	0.1250000
NODE_4945_length_1106_cov_40.808342	439	504	0	65	65	1.0000000
NODE_4945_length_1106_cov_40.808342	471	511	0	40	40	1.0000000
NODE_4945_length_1106_cov_40.808342	503	569	0	66	66	1.0000000
NODE_4945_length_1106_cov_40.808342	536	601	0	44	65	0.6769231
NODE_4945_length_1106_cov_40.808342	536	601	2	21	65	0.3230769
NODE_4945_length_1106_cov_40.808342	568	648	0	12	80	0.1500000
NODE_4945_length_1106_cov_40.808342	568	648	2	68	80	0.8500000
NODE_4945_length_1106_cov_40.808342	621	682	0	18	61	0.2950820
NODE_4945_length_1106_cov_40.808342	621	682	2	43	61	0.7049180
NODE_4946_length_1106_cov_23.186693	560	640	0	2	80	0.0250000
NODE_4946_length_1106_cov_23.186693	560	640	3	1	80	0.0125000
NODE_4946_length_1106_cov_23.186693	560	640	5	58	80	0.7250000
NODE_4946_length_1106_cov_23.186693	560	640	6	19	80	0.2375000
NODE_4946_length_1106_cov_23.186693	613	693	2	17	80	0.2125000
NODE_4946_length_1106_cov_23.186693	613	693	5	8	80	0.1000000
NODE_4946_length_1106_cov_23.186693	613	693	6	55	80	0.6875000
NODE_4947_length_1106_cov_14.570010	466	546	2	50	80	0.6250000
NODE_4947_length_1106_cov_14.570010	466	546	4	30	80	0.3750000
NODE_4947_length_1106_cov_14.570010	519	599	2	7	80	0.0875000
NODE_4947_length_1106_cov_14.570010	519	599	4	73	80	0.9125000
NODE_4948_length_1106_cov_14.039722	487	567	2	80	80	1.0000000
NODE_4948_length_1106_cov_14.039722	540	620	0	5	80	0.0625000
NODE_4948_length_1106_cov_14.039722	540	620	2	75	80	0.9375000
NODE_4949_length_1106_cov_8.872890	328	408	2	55	80	0.6875000
NODE_4949_length_1106_cov_8.872890	328	408	4	25	80	0.3125000
NODE_4949_length_1106_cov_8.872890	381	461	2	57	80	0.7125000
NODE_4949_length_1106_cov_8.872890	381	461	4	23	80	0.2875000
NODE_4950_length_1106_cov_7.157895	332	412	0	36	80	0.4500000
NODE_4950_length_1106_cov_7.157895	332	412	2	44	80	0.5500000
NODE_4950_length_1106_cov_7.157895	385	465	2	80	80	1.0000000
NODE_4951_length_1106_cov_6.530288	513	593	3	8	80	0.1000000
NODE_4951_length_1106_cov_6.530288	513	593	5	3	80	0.0375000
NODE_4951_length_1106_cov_6.530288	513	593	7	18	80	0.2250000
NODE_4951_length_1106_cov_6.530288	513	593	8	51	80	0.6375000
NODE_4951_length_1106_cov_6.530288	566	646	2	11	80	0.1375000
NODE_4951_length_1106_cov_6.530288	566	646	4	8	80	0.1000000
NODE_4951_length_1106_cov_6.530288	566	646	6	27	80	0.3375000
NODE_4951_length_1106_cov_6.530288	566	646	8	34	80	0.4250000
NODE_4959_length_1105_cov_28.126243	253	333	4	80	80	1.0000000
NODE_4959_length_1105_cov_28.126243	306	386	0	21	80	0.2625000
NODE_4959_length_1105_cov_28.126243	306	386	1	1	80	0.0125000
NODE_4959_length_1105_cov_28.126243	306	386	2	13	80	0.1625000
NODE_4959_length_1105_cov_28.126243	306	386	4	45	80	0.5625000
NODE_4960_length_1105_cov_24.994036	549	629	0	15	80	0.1875000
NODE_4960_length_1105_cov_24.994036	549	629	4	65	80	0.8125000
NODE_4960_length_1105_cov_24.994036	602	682	0	68	80	0.8500000
NODE_4960_length_1105_cov_24.994036	602	682	4	12	80	0.1500000
NODE_4961_length_1105_cov_17.635189	442	522	4	19	80	0.2375000
NODE_4961_length_1105_cov_17.635189	442	522	6	2	80	0.0250000
NODE_4961_length_1105_cov_17.635189	442	522	8	59	80	0.7375000
NODE_4961_length_1105_cov_17.635189	495	575	0	7	80	0.0875000
NODE_4961_length_1105_cov_17.635189	495	575	2	22	80	0.2750000
NODE_4961_length_1105_cov_17.635189	495	575	3	23	80	0.2875000
NODE_4961_length_1105_cov_17.635189	495	575	4	20	80	0.2500000
NODE_4961_length_1105_cov_17.635189	495	575	8	8	80	0.1000000
NODE_4963_length_1105_cov_10.114314	438	518	4	27	80	0.3375000
NODE_4963_length_1105_cov_10.114314	438	518	6	53	80	0.6625000
NODE_4963_length_1105_cov_10.114314	491	571	4	66	80	0.8250000
NODE_4963_length_1105_cov_10.114314	491	571	6	14	80	0.1750000
NODE_4964_length_1105_cov_8.403579	507	587	0	80	80	1.0000000
NODE_4964_length_1105_cov_8.403579	560	640	0	80	80	1.0000000
NODE_4966_length_1105_cov_6.682903	467	547	0	33	80	0.4125000
NODE_4966_length_1105_cov_6.682903	467	547	2	47	80	0.5875000
NODE_4966_length_1105_cov_6.682903	520	600	0	35	80	0.4375000
NODE_4966_length_1105_cov_6.682903	520	600	2	45	80	0.5625000
NODE_4966_length_1105_cov_6.682903	596	676	2	80	80	1.0000000
NODE_4966_length_1105_cov_6.682903	649	729	0	40	80	0.5000000
NODE_4966_length_1105_cov_6.682903	649	729	2	40	80	0.5000000
NODE_4974_length_1104_cov_27.599005	388	468	4	18	80	0.2250000
NODE_4974_length_1104_cov_27.599005	388	468	8	1	80	0.0125000
NODE_4974_length_1104_cov_27.599005	388	468	10	48	80	0.6000000
NODE_4974_length_1104_cov_27.599005	388	468	12	13	80	0.1625000
NODE_4974_length_1104_cov_27.599005	441	521	8	54	80	0.6750000
NODE_4974_length_1104_cov_27.599005	441	521	10	13	80	0.1625000
NODE_4974_length_1104_cov_27.599005	441	521	12	13	80	0.1625000
NODE_4984_length_1103_cov_2.787849	620	682	6	62	62	1.0000000
NODE_4986_length_1102_cov_34.484546	667	747	0	16	80	0.2000000
NODE_4986_length_1102_cov_34.484546	667	747	2	48	80	0.6000000
NODE_4986_length_1102_cov_34.484546	667	747	6	16	80	0.2000000
NODE_4986_length_1102_cov_34.484546	720	800	2	11	80	0.1375000
NODE_4986_length_1102_cov_34.484546	720	800	4	5	80	0.0625000
NODE_4986_length_1102_cov_34.484546	720	800	6	64	80	0.8000000
NODE_4987_length_1102_cov_17.631107	511	587	3	2	76	0.0263158
NODE_4987_length_1102_cov_17.631107	511	587	4	6	76	0.0789474
NODE_4987_length_1102_cov_17.631107	511	587	6	22	76	0.2894737
NODE_4987_length_1102_cov_17.631107	511	587	7	46	76	0.6052632
NODE_4987_length_1102_cov_17.631107	560	640	7	40	80	0.5000000
NODE_4987_length_1102_cov_17.631107	560	640	8	40	80	0.5000000
NODE_4998_length_1101_cov_35.638723	414	491	8	6	77	0.0779221
NODE_4998_length_1101_cov_35.638723	414	491	22	2	77	0.0259740
NODE_4998_length_1101_cov_35.638723	414	491	23	4	77	0.0519481
NODE_4998_length_1101_cov_35.638723	414	491	25	6	77	0.0779221
NODE_4998_length_1101_cov_35.638723	414	491	29	14	77	0.1818182
NODE_4998_length_1101_cov_35.638723	414	491	30	8	77	0.1038961
NODE_4998_length_1101_cov_35.638723	414	491	34	14	77	0.1818182
NODE_4998_length_1101_cov_35.638723	414	491	36	12	77	0.1558442
NODE_4998_length_1101_cov_35.638723	414	491	38	11	77	0.1428571
NODE_4998_length_1101_cov_35.638723	414	491	8	6	77	0.0779221
NODE_4998_length_1101_cov_35.638723	414	491	22	2	77	0.0259740
NODE_4998_length_1101_cov_35.638723	414	491	23	4	77	0.0519481
NODE_4998_length_1101_cov_35.638723	414	491	25	6	77	0.0779221
NODE_4998_length_1101_cov_35.638723	414	491	29	14	77	0.1818182
NODE_4998_length_1101_cov_35.638723	414	491	30	8	77	0.1038961
NODE_4998_length_1101_cov_35.638723	414	491	34	14	77	0.1818182
NODE_4998_length_1101_cov_35.638723	414	491	36	12	77	0.1558442
NODE_4998_length_1101_cov_35.638723	414	491	38	11	77	0.1428571
NODE_4998_length_1101_cov_35.638723	488	544	24	24	56	0.4285714
NODE_4998_length_1101_cov_35.638723	488	544	26	6	56	0.1071429
NODE_4998_length_1101_cov_35.638723	488	544	30	19	56	0.3392857
NODE_4998_length_1101_cov_35.638723	488	544	34	7	56	0.1250000
NODE_4998_length_1101_cov_35.638723	752	832	8	80	80	1.0000000
NODE_4998_length_1101_cov_35.638723	805	885	0	11	80	0.1375000
NODE_4998_length_1101_cov_35.638723	805	885	2	28	80	0.3500000
NODE_4998_length_1101_cov_35.638723	805	885	8	41	80	0.5125000
NODE_4998_length_1101_cov_35.638723	881	961	0	68	80	0.8500000
NODE_4998_length_1101_cov_35.638723	881	961	2	12	80	0.1500000
NODE_4998_length_1101_cov_35.638723	934	1014	0	15	80	0.1875000
NODE_4998_length_1101_cov_35.638723	934	1014	2	65	80	0.8125000
NODE_4999_length_1101_cov_28.366267	452	532	0	6	80	0.0750000
NODE_4999_length_1101_cov_28.366267	452	532	2	16	80	0.2000000
NODE_4999_length_1101_cov_28.366267	452	532	10	11	80	0.1375000
NODE_4999_length_1101_cov_28.366267	452	532	11	47	80	0.5875000
NODE_4999_length_1101_cov_28.366267	505	585	0	1	80	0.0125000
NODE_4999_length_1101_cov_28.366267	505	585	9	46	80	0.5750000
NODE_4999_length_1101_cov_28.366267	505	585	10	10	80	0.1250000
NODE_4999_length_1101_cov_28.366267	505	585	11	23	80	0.2875000
NODE_5000_length_1101_cov_24.513972	475	555	0	5	80	0.0625000
NODE_5000_length_1101_cov_24.513972	475	555	6	14	80	0.1750000
NODE_5000_length_1101_cov_24.513972	475	555	10	8	80	0.1000000
NODE_5000_length_1101_cov_24.513972	475	555	14	53	80	0.6625000
NODE_5000_length_1101_cov_24.513972	528	608	0	2	80	0.0250000
NODE_5000_length_1101_cov_24.513972	528	608	4	2	80	0.0250000
NODE_5000_length_1101_cov_24.513972	528	608	8	35	80	0.4375000
NODE_5000_length_1101_cov_24.513972	528	608	14	41	80	0.5125000
NODE_5001_length_1101_cov_22.315369	335	415	0	35	80	0.4375000
NODE_5001_length_1101_cov_22.315369	335	415	2	45	80	0.5625000
NODE_5001_length_1101_cov_22.315369	388	468	2	46	80	0.5750000
NODE_5001_length_1101_cov_22.315369	388	468	4	12	80	0.1500000
NODE_5001_length_1101_cov_22.315369	388	468	6	22	80	0.2750000
NODE_5001_length_1101_cov_22.315369	464	544	4	17	80	0.2125000
NODE_5001_length_1101_cov_22.315369	464	544	6	20	80	0.2500000
NODE_5001_length_1101_cov_22.315369	464	544	8	15	80	0.1875000
NODE_5001_length_1101_cov_22.315369	464	544	10	28	80	0.3500000
NODE_5001_length_1101_cov_22.315369	517	597	6	4	80	0.0500000
NODE_5001_length_1101_cov_22.315369	517	597	8	48	80	0.6000000
NODE_5001_length_1101_cov_22.315369	517	597	10	28	80	0.3500000
NODE_5002_length_1101_cov_22.070858	419	499	0	2	80	0.0250000
NODE_5002_length_1101_cov_22.070858	419	499	2	78	80	0.9750000
NODE_5002_length_1101_cov_22.070858	472	552	0	2	80	0.0250000
NODE_5002_length_1101_cov_22.070858	472	552	2	78	80	0.9750000
NODE_5002_length_1101_cov_22.070858	548	628	0	24	80	0.3000000
NODE_5002_length_1101_cov_22.070858	548	628	2	41	80	0.5125000
NODE_5002_length_1101_cov_22.070858	548	628	10	15	80	0.1875000
NODE_5002_length_1101_cov_22.070858	601	681	2	12	80	0.1500000
NODE_5002_length_1101_cov_22.070858	601	681	10	68	80	0.8500000
NODE_5003_length_1101_cov_18.821357	469	549	4	23	80	0.2875000
NODE_5003_length_1101_cov_18.821357	469	549	6	36	80	0.4500000
NODE_5003_length_1101_cov_18.821357	469	549	8	21	80	0.2625000
NODE_5003_length_1101_cov_18.821357	522	602	0	2	80	0.0250000
NODE_5003_length_1101_cov_18.821357	522	602	2	21	80	0.2625000
NODE_5003_length_1101_cov_18.821357	522	602	4	53	80	0.6625000
NODE_5003_length_1101_cov_18.821357	522	602	8	4	80	0.0500000
NODE_5004_length_1101_cov_17.151697	502	582	4	2	80	0.0250000
NODE_5004_length_1101_cov_17.151697	502	582	8	7	80	0.0875000
NODE_5004_length_1101_cov_17.151697	502	582	10	10	80	0.1250000
NODE_5004_length_1101_cov_17.151697	502	582	12	30	80	0.3750000
NODE_5004_length_1101_cov_17.151697	502	582	14	31	80	0.3875000
NODE_5004_length_1101_cov_17.151697	555	635	2	22	80	0.2750000
NODE_5004_length_1101_cov_17.151697	555	635	6	8	80	0.1000000
NODE_5004_length_1101_cov_17.151697	555	635	8	7	80	0.0875000
NODE_5004_length_1101_cov_17.151697	555	635	9	1	80	0.0125000
NODE_5004_length_1101_cov_17.151697	555	635	10	12	80	0.1500000
NODE_5004_length_1101_cov_17.151697	555	635	12	1	80	0.0125000
NODE_5004_length_1101_cov_17.151697	555	635	14	29	80	0.3625000
NODE_5005_length_1101_cov_8.371257	968	1048	14	1	80	0.0125000
NODE_5005_length_1101_cov_8.371257	968	1048	22	1	80	0.0125000
NODE_5005_length_1101_cov_8.371257	968	1048	26	14	80	0.1750000
NODE_5005_length_1101_cov_8.371257	968	1048	30	64	80	0.8000000
NODE_5010_length_1100_cov_42.528472	582	662	0	10	80	0.1250000
NODE_5010_length_1100_cov_42.528472	582	662	2	40	80	0.5000000
NODE_5010_length_1100_cov_42.528472	582	662	3	30	80	0.3750000
NODE_5010_length_1100_cov_42.528472	635	715	3	60	80	0.7500000
NODE_5010_length_1100_cov_42.528472	635	715	4	20	80	0.2500000
NODE_5010_length_1100_cov_42.528472	711	791	2	54	80	0.6750000
NODE_5010_length_1100_cov_42.528472	711	791	4	13	80	0.1625000
NODE_5010_length_1100_cov_42.528472	711	791	6	13	80	0.1625000
NODE_5010_length_1100_cov_42.528472	764	844	0	16	80	0.2000000
NODE_5010_length_1100_cov_42.528472	764	844	2	64	80	0.8000000
NODE_5011_length_1100_cov_40.883117	324	404	0	8	80	0.1000000
NODE_5011_length_1100_cov_40.883117	324	404	2	72	80	0.9000000
NODE_5011_length_1100_cov_40.883117	377	457	0	35	80	0.4375000
NODE_5011_length_1100_cov_40.883117	377	457	2	45	80	0.5625000
NODE_5011_length_1100_cov_40.883117	453	533	0	21	80	0.2625000
NODE_5011_length_1100_cov_40.883117	453	533	10	8	80	0.1000000
NODE_5011_length_1100_cov_40.883117	453	533	14	3	80	0.0375000
NODE_5011_length_1100_cov_40.883117	453	533	15	48	80	0.6000000
NODE_5011_length_1100_cov_40.883117	506	586	14	10	80	0.1250000
NODE_5011_length_1100_cov_40.883117	506	586	15	70	80	0.8750000
NODE_5012_length_1100_cov_23.160839	524	604	4	41	80	0.5125000
NODE_5012_length_1100_cov_23.160839	524	604	7	34	80	0.4250000
NODE_5012_length_1100_cov_23.160839	524	604	8	5	80	0.0625000
NODE_5012_length_1100_cov_23.160839	577	657	4	34	80	0.4250000
NODE_5012_length_1100_cov_23.160839	577	657	5	10	80	0.1250000
NODE_5012_length_1100_cov_23.160839	577	657	7	36	80	0.4500000
NODE_5012_length_1100_cov_23.160839	653	733	3	16	80	0.2000000
NODE_5012_length_1100_cov_23.160839	653	733	4	16	80	0.2000000
NODE_5012_length_1100_cov_23.160839	653	733	6	45	80	0.5625000
NODE_5012_length_1100_cov_23.160839	653	733	7	3	80	0.0375000
NODE_5012_length_1100_cov_23.160839	706	786	6	80	80	1.0000000
NODE_5013_length_1100_cov_22.200799	485	565	2	2	80	0.0250000
NODE_5013_length_1100_cov_22.200799	485	565	4	6	80	0.0750000
NODE_5013_length_1100_cov_22.200799	485	565	7	3	80	0.0375000
NODE_5013_length_1100_cov_22.200799	485	565	10	3	80	0.0375000
NODE_5013_length_1100_cov_22.200799	485	565	14	66	80	0.8250000
NODE_5013_length_1100_cov_22.200799	538	618	6	16	80	0.2000000
NODE_5013_length_1100_cov_22.200799	538	618	8	6	80	0.0750000
NODE_5013_length_1100_cov_22.200799	538	618	12	22	80	0.2750000
NODE_5013_length_1100_cov_22.200799	538	618	14	36	80	0.4500000
NODE_5013_length_1100_cov_22.200799	614	694	0	10	80	0.1250000
NODE_5013_length_1100_cov_22.200799	614	694	2	1	80	0.0125000
NODE_5013_length_1100_cov_22.200799	614	694	3	3	80	0.0375000
NODE_5013_length_1100_cov_22.200799	614	694	5	3	80	0.0375000
NODE_5013_length_1100_cov_22.200799	614	694	6	29	80	0.3625000
NODE_5013_length_1100_cov_22.200799	614	694	7	9	80	0.1125000
NODE_5013_length_1100_cov_22.200799	614	694	13	25	80	0.3125000
NODE_5013_length_1100_cov_22.200799	667	745	7	2	78	0.0256410
NODE_5013_length_1100_cov_22.200799	667	745	13	76	78	0.9743590
NODE_5014_length_1100_cov_15.353646	472	552	0	8	80	0.1000000
NODE_5014_length_1100_cov_15.353646	472	552	4	1	80	0.0125000
NODE_5014_length_1100_cov_15.353646	472	552	5	40	80	0.5000000
NODE_5014_length_1100_cov_15.353646	472	552	6	8	80	0.1000000
NODE_5014_length_1100_cov_15.353646	472	552	10	23	80	0.2875000
NODE_5014_length_1100_cov_15.353646	525	605	4	9	80	0.1125000
NODE_5014_length_1100_cov_15.353646	525	605	6	4	80	0.0500000
NODE_5014_length_1100_cov_15.353646	525	605	8	4	80	0.0500000
NODE_5014_length_1100_cov_15.353646	525	605	9	38	80	0.4750000
NODE_5014_length_1100_cov_15.353646	525	605	10	25	80	0.3125000
NODE_5015_length_1100_cov_14.584416	673	753	2	16	80	0.2000000
NODE_5015_length_1100_cov_14.584416	673	753	6	26	80	0.3250000
NODE_5015_length_1100_cov_14.584416	673	753	8	18	80	0.2250000
NODE_5015_length_1100_cov_14.584416	673	753	9	12	80	0.1500000
NODE_5015_length_1100_cov_14.584416	673	753	10	8	80	0.1000000
NODE_5015_length_1100_cov_14.584416	726	806	2	10	80	0.1250000
NODE_5015_length_1100_cov_14.584416	726	806	8	40	80	0.5000000
NODE_5015_length_1100_cov_14.584416	726	806	9	22	80	0.2750000
NODE_5015_length_1100_cov_14.584416	726	806	10	8	80	0.1000000
NODE_5029_length_1099_cov_85.893000	464	544	4	7	80	0.0875000
NODE_5029_length_1099_cov_85.893000	464	544	6	23	80	0.2875000
NODE_5029_length_1099_cov_85.893000	464	544	8	37	80	0.4625000
NODE_5029_length_1099_cov_85.893000	464	544	10	3	80	0.0375000
NODE_5029_length_1099_cov_85.893000	464	544	12	10	80	0.1250000
NODE_5029_length_1099_cov_85.893000	517	597	6	28	80	0.3500000
NODE_5029_length_1099_cov_85.893000	517	597	8	39	80	0.4875000
NODE_5029_length_1099_cov_85.893000	517	597	10	3	80	0.0375000
NODE_5029_length_1099_cov_85.893000	517	597	12	10	80	0.1250000
NODE_5029_length_1099_cov_85.893000	593	673	2	23	80	0.2875000
NODE_5029_length_1099_cov_85.893000	593	673	4	37	80	0.4625000
NODE_5029_length_1099_cov_85.893000	593	673	6	20	80	0.2500000
NODE_5029_length_1099_cov_85.893000	646	726	2	64	80	0.8000000
NODE_5029_length_1099_cov_85.893000	646	726	4	16	80	0.2000000
NODE_5030_length_1099_cov_45.874000	521	601	2	1	80	0.0125000
NODE_5030_length_1099_cov_45.874000	521	601	4	5	80	0.0625000
NODE_5030_length_1099_cov_45.874000	521	601	6	1	80	0.0125000
NODE_5030_length_1099_cov_45.874000	521	601	8	73	80	0.9125000
NODE_5030_length_1099_cov_45.874000	574	654	0	14	80	0.1750000
NODE_5030_length_1099_cov_45.874000	574	654	4	30	80	0.3750000
NODE_5030_length_1099_cov_45.874000	574	654	6	10	80	0.1250000
NODE_5030_length_1099_cov_45.874000	574	654	8	26	80	0.3250000
NODE_5030_length_1099_cov_45.874000	650	730	0	21	80	0.2625000
NODE_5030_length_1099_cov_45.874000	650	730	1	22	80	0.2750000
NODE_5030_length_1099_cov_45.874000	650	730	3	1	80	0.0125000
NODE_5030_length_1099_cov_45.874000	650	730	5	36	80	0.4500000
NODE_5030_length_1099_cov_45.874000	703	783	0	3	80	0.0375000
NODE_5030_length_1099_cov_45.874000	703	783	2	20	80	0.2500000
NODE_5030_length_1099_cov_45.874000	703	783	4	21	80	0.2625000
NODE_5030_length_1099_cov_45.874000	703	783	5	36	80	0.4500000
NODE_5031_length_1099_cov_25.192000	526	606	2	80	80	1.0000000
NODE_5031_length_1099_cov_25.192000	579	659	0	38	80	0.4750000
NODE_5031_length_1099_cov_25.192000	579	659	2	42	80	0.5250000
NODE_5032_length_1099_cov_11.846000	565	645	0	80	80	1.0000000
NODE_5032_length_1099_cov_11.846000	618	698	0	80	80	1.0000000
NODE_5033_length_1099_cov_9.527000	495	575	4	8	80	0.1000000
NODE_5033_length_1099_cov_9.527000	495	575	6	72	80	0.9000000
NODE_5033_length_1099_cov_9.527000	548	628	0	25	80	0.3125000
NODE_5033_length_1099_cov_9.527000	548	628	2	25	80	0.3125000
NODE_5033_length_1099_cov_9.527000	548	628	6	30	80	0.3750000
NODE_5034_length_1099_cov_8.993000	464	544	0	80	80	1.0000000
NODE_5034_length_1099_cov_8.993000	517	597	0	80	80	1.0000000
NODE_5039_length_1099_cov_2.286000	273	353	0	8	80	0.1000000
NODE_5039_length_1099_cov_2.286000	273	353	2	72	80	0.9000000
NODE_5045_length_1098_cov_44.988989	360	440	10	30	80	0.3750000
NODE_5045_length_1098_cov_44.988989	360	440	14	3	80	0.0375000
NODE_5045_length_1098_cov_44.988989	360	440	16	13	80	0.1625000
NODE_5045_length_1098_cov_44.988989	360	440	17	15	80	0.1875000
NODE_5045_length_1098_cov_44.988989	360	440	18	19	80	0.2375000
NODE_5045_length_1098_cov_44.988989	413	493	0	4	80	0.0500000
NODE_5045_length_1098_cov_44.988989	413	493	4	1	80	0.0125000
NODE_5045_length_1098_cov_44.988989	413	493	6	46	80	0.5750000
NODE_5045_length_1098_cov_44.988989	413	493	10	28	80	0.3500000
NODE_5045_length_1098_cov_44.988989	413	493	16	1	80	0.0125000
NODE_5046_length_1098_cov_35.192192	452	532	2	80	80	1.0000000
NODE_5046_length_1098_cov_35.192192	505	585	0	53	80	0.6625000
NODE_5046_length_1098_cov_35.192192	505	585	2	27	80	0.3375000
NODE_5046_length_1098_cov_35.192192	581	661	0	30	80	0.3750000
NODE_5046_length_1098_cov_35.192192	581	661	2	27	80	0.3375000
NODE_5046_length_1098_cov_35.192192	581	661	4	9	80	0.1125000
NODE_5046_length_1098_cov_35.192192	581	661	6	14	80	0.1750000
NODE_5046_length_1098_cov_35.192192	634	714	2	4	80	0.0500000
NODE_5046_length_1098_cov_35.192192	634	714	4	27	80	0.3375000
NODE_5046_length_1098_cov_35.192192	634	714	6	49	80	0.6125000
NODE_5047_length_1098_cov_28.743744	449	529	6	80	80	1.0000000
NODE_5047_length_1098_cov_28.743744	502	582	0	7	80	0.0875000
NODE_5047_length_1098_cov_28.743744	502	582	2	21	80	0.2625000
NODE_5047_length_1098_cov_28.743744	502	582	6	52	80	0.6500000
NODE_5047_length_1098_cov_28.743744	578	658	0	5	80	0.0625000
NODE_5047_length_1098_cov_28.743744	578	658	6	31	80	0.3875000
NODE_5047_length_1098_cov_28.743744	578	658	8	44	80	0.5500000
NODE_5047_length_1098_cov_28.743744	631	711	2	2	80	0.0250000
NODE_5047_length_1098_cov_28.743744	631	711	8	46	80	0.5750000
NODE_5047_length_1098_cov_28.743744	631	711	10	32	80	0.4000000
NODE_5048_length_1098_cov_28.230230	477	557	0	18	80	0.2250000
NODE_5048_length_1098_cov_28.230230	477	557	2	9	80	0.1125000
NODE_5048_length_1098_cov_28.230230	477	557	4	53	80	0.6625000
NODE_5048_length_1098_cov_28.230230	530	610	0	71	80	0.8875000
NODE_5048_length_1098_cov_28.230230	530	610	4	9	80	0.1125000
NODE_5048_length_1098_cov_28.230230	606	686	0	80	80	1.0000000
NODE_5048_length_1098_cov_28.230230	659	739	0	80	80	1.0000000
NODE_5049_length_1098_cov_26.131131	494	574	0	46	80	0.5750000
NODE_5049_length_1098_cov_26.131131	494	574	6	9	80	0.1125000
NODE_5049_length_1098_cov_26.131131	494	574	8	6	80	0.0750000
NODE_5049_length_1098_cov_26.131131	494	574	12	4	80	0.0500000
NODE_5049_length_1098_cov_26.131131	494	574	28	15	80	0.1875000
NODE_5049_length_1098_cov_26.131131	547	627	6	2	80	0.0250000
NODE_5049_length_1098_cov_26.131131	547	627	8	6	80	0.0750000
NODE_5049_length_1098_cov_26.131131	547	627	12	4	80	0.0500000
NODE_5049_length_1098_cov_26.131131	547	627	28	68	80	0.8500000
NODE_5050_length_1098_cov_21.355355	599	679	0	80	80	1.0000000
NODE_5050_length_1098_cov_21.355355	652	732	0	80	80	1.0000000
NODE_5051_length_1098_cov_17.087087	541	621	0	3	80	0.0375000
NODE_5051_length_1098_cov_17.087087	541	621	3	11	80	0.1375000
NODE_5051_length_1098_cov_17.087087	541	621	5	33	80	0.4125000
NODE_5051_length_1098_cov_17.087087	541	621	7	2	80	0.0250000
NODE_5051_length_1098_cov_17.087087	541	621	8	2	80	0.0250000
NODE_5051_length_1098_cov_17.087087	541	621	12	29	80	0.3625000
NODE_5051_length_1098_cov_17.087087	594	674	6	9	80	0.1125000
NODE_5051_length_1098_cov_17.087087	594	674	8	6	80	0.0750000
NODE_5051_length_1098_cov_17.087087	594	674	12	65	80	0.8125000
NODE_5051_length_1098_cov_17.087087	670	750	0	18	80	0.2250000
NODE_5051_length_1098_cov_17.087087	670	750	2	31	80	0.3875000
NODE_5051_length_1098_cov_17.087087	670	750	4	4	80	0.0500000
NODE_5051_length_1098_cov_17.087087	670	750	6	27	80	0.3375000
NODE_5051_length_1098_cov_17.087087	723	803	2	27	80	0.3375000
NODE_5051_length_1098_cov_17.087087	723	803	4	26	80	0.3250000
NODE_5051_length_1098_cov_17.087087	723	803	6	27	80	0.3375000
NODE_5052_length_1098_cov_15.455455	545	625	9	2	80	0.0250000
NODE_5052_length_1098_cov_15.455455	545	625	10	1	80	0.0125000
NODE_5052_length_1098_cov_15.455455	545	625	11	77	80	0.9625000
NODE_5052_length_1098_cov_15.455455	598	678	0	20	80	0.2500000
NODE_5052_length_1098_cov_15.455455	598	678	1	4	80	0.0500000
NODE_5052_length_1098_cov_15.455455	598	678	9	31	80	0.3875000
NODE_5052_length_1098_cov_15.455455	598	678	10	1	80	0.0125000
NODE_5052_length_1098_cov_15.455455	598	678	11	24	80	0.3000000
NODE_5052_length_1098_cov_15.455455	674	754	0	50	80	0.6250000
NODE_5052_length_1098_cov_15.455455	674	754	2	30	80	0.3750000
NODE_5052_length_1098_cov_15.455455	727	807	2	80	80	1.0000000
NODE_5054_length_1097_cov_37.103206	438	518	5	1	80	0.0125000
NODE_5054_length_1097_cov_37.103206	438	518	11	1	80	0.0125000
NODE_5054_length_1097_cov_37.103206	438	518	13	1	80	0.0125000
NODE_5054_length_1097_cov_37.103206	438	518	14	13	80	0.1625000
NODE_5054_length_1097_cov_37.103206	438	518	20	64	80	0.8000000
NODE_5054_length_1097_cov_37.103206	491	571	0	15	80	0.1875000
NODE_5054_length_1097_cov_37.103206	491	571	1	31	80	0.3875000
NODE_5054_length_1097_cov_37.103206	491	571	5	8	80	0.1000000
NODE_5054_length_1097_cov_37.103206	491	571	11	1	80	0.0125000
NODE_5054_length_1097_cov_37.103206	491	571	13	1	80	0.0125000
NODE_5054_length_1097_cov_37.103206	491	571	14	13	80	0.1625000
NODE_5054_length_1097_cov_37.103206	491	571	20	11	80	0.1375000
NODE_5054_length_1097_cov_37.103206	567	647	0	20	80	0.2500000
NODE_5054_length_1097_cov_37.103206	567	647	2	60	80	0.7500000
NODE_5054_length_1097_cov_37.103206	620	700	0	23	80	0.2875000
NODE_5054_length_1097_cov_37.103206	620	700	2	57	80	0.7125000
NODE_5055_length_1097_cov_32.624248	501	581	6	2	80	0.0250000
NODE_5055_length_1097_cov_32.624248	501	581	12	3	80	0.0375000
NODE_5055_length_1097_cov_32.624248	501	581	14	15	80	0.1875000
NODE_5055_length_1097_cov_32.624248	501	581	20	11	80	0.1375000
NODE_5055_length_1097_cov_32.624248	501	581	27	3	80	0.0375000
NODE_5055_length_1097_cov_32.624248	501	581	30	8	80	0.1000000
NODE_5055_length_1097_cov_32.624248	501	581	32	2	80	0.0250000
NODE_5055_length_1097_cov_32.624248	501	581	33	19	80	0.2375000
NODE_5055_length_1097_cov_32.624248	501	581	34	17	80	0.2125000
NODE_5055_length_1097_cov_32.624248	554	634	14	4	80	0.0500000
NODE_5055_length_1097_cov_32.624248	554	634	16	17	80	0.2125000
NODE_5055_length_1097_cov_32.624248	554	634	22	10	80	0.1250000
NODE_5055_length_1097_cov_32.624248	554	634	26	16	80	0.2000000
NODE_5055_length_1097_cov_32.624248	554	634	30	14	80	0.1750000
NODE_5055_length_1097_cov_32.624248	554	634	32	2	80	0.0250000
NODE_5055_length_1097_cov_32.624248	554	634	33	17	80	0.2125000
NODE_5056_length_1097_cov_25.240481	401	480	0	79	79	1.0000000
NODE_5056_length_1097_cov_25.240481	453	533	0	80	80	1.0000000
NODE_5056_length_1097_cov_25.240481	529	609	0	27	80	0.3375000
NODE_5056_length_1097_cov_25.240481	529	609	2	2	80	0.0250000
NODE_5056_length_1097_cov_25.240481	529	609	3	15	80	0.1875000
NODE_5056_length_1097_cov_25.240481	529	609	4	36	80	0.4500000
NODE_5056_length_1097_cov_25.240481	582	662	2	23	80	0.2875000
NODE_5056_length_1097_cov_25.240481	582	662	4	57	80	0.7125000
NODE_5057_length_1097_cov_21.221443	484	564	0	19	80	0.2375000
NODE_5057_length_1097_cov_21.221443	484	564	4	55	80	0.6875000
NODE_5057_length_1097_cov_21.221443	484	564	8	6	80	0.0750000
NODE_5057_length_1097_cov_21.221443	537	617	4	21	80	0.2625000
NODE_5057_length_1097_cov_21.221443	537	617	8	45	80	0.5625000
NODE_5057_length_1097_cov_21.221443	537	617	10	14	80	0.1750000
NODE_5057_length_1097_cov_21.221443	613	693	6	1	80	0.0125000
NODE_5057_length_1097_cov_21.221443	613	693	10	27	80	0.3375000
NODE_5057_length_1097_cov_21.221443	613	693	14	52	80	0.6500000
NODE_5057_length_1097_cov_21.221443	666	746	0	12	80	0.1500000
NODE_5057_length_1097_cov_21.221443	666	746	7	1	80	0.0125000
NODE_5057_length_1097_cov_21.221443	666	746	8	21	80	0.2625000
NODE_5057_length_1097_cov_21.221443	666	746	10	41	80	0.5125000
NODE_5057_length_1097_cov_21.221443	666	746	14	5	80	0.0625000
NODE_5058_length_1097_cov_20.968938	515	595	2	15	80	0.1875000
NODE_5058_length_1097_cov_20.968938	515	595	4	33	80	0.4125000
NODE_5058_length_1097_cov_20.968938	515	595	5	14	80	0.1750000
NODE_5058_length_1097_cov_20.968938	515	595	6	18	80	0.2250000
NODE_5058_length_1097_cov_20.968938	568	648	3	2	80	0.0250000
NODE_5058_length_1097_cov_20.968938	568	648	4	39	80	0.4875000
NODE_5058_length_1097_cov_20.968938	568	648	5	14	80	0.1750000
NODE_5058_length_1097_cov_20.968938	568	648	6	23	80	0.2875000
NODE_5058_length_1097_cov_20.968938	568	648	7	2	80	0.0250000
NODE_5059_length_1097_cov_13.136273	697	779	0	17	82	0.2073171
NODE_5059_length_1097_cov_13.136273	697	779	2	65	82	0.7926829
NODE_5059_length_1097_cov_13.136273	752	832	0	36	80	0.4500000
NODE_5059_length_1097_cov_13.136273	752	832	2	44	80	0.5500000
NODE_5060_length_1097_cov_6.376754	442	522	2	33	80	0.4125000
NODE_5060_length_1097_cov_6.376754	442	522	4	15	80	0.1875000
NODE_5060_length_1097_cov_6.376754	442	522	6	15	80	0.1875000
NODE_5060_length_1097_cov_6.376754	442	522	8	17	80	0.2125000
NODE_5060_length_1097_cov_6.376754	495	575	4	12	80	0.1500000
NODE_5060_length_1097_cov_6.376754	495	575	6	34	80	0.4250000
NODE_5060_length_1097_cov_6.376754	495	575	8	34	80	0.4250000
NODE_5061_length_1097_cov_6.068136	299	379	0	80	80	1.0000000
NODE_5061_length_1097_cov_6.068136	352	432	0	80	80	1.0000000
NODE_5072_length_1096_cov_55.816449	430	510	6	4	80	0.0500000
NODE_5072_length_1096_cov_55.816449	430	510	8	4	80	0.0500000
NODE_5072_length_1096_cov_55.816449	430	510	16	26	80	0.3250000
NODE_5072_length_1096_cov_55.816449	430	510	18	10	80	0.1250000
NODE_5072_length_1096_cov_55.816449	430	510	20	8	80	0.1000000
NODE_5072_length_1096_cov_55.816449	430	510	22	28	80	0.3500000
NODE_5072_length_1096_cov_55.816449	483	563	4	6	80	0.0750000
NODE_5072_length_1096_cov_55.816449	483	563	6	2	80	0.0250000
NODE_5072_length_1096_cov_55.816449	483	563	14	18	80	0.2250000
NODE_5072_length_1096_cov_55.816449	483	563	20	26	80	0.3250000
NODE_5072_length_1096_cov_55.816449	483	563	22	28	80	0.3500000
NODE_5072_length_1096_cov_55.816449	559	639	0	3	80	0.0375000
NODE_5072_length_1096_cov_55.816449	559	639	2	18	80	0.2250000
NODE_5072_length_1096_cov_55.816449	559	639	4	22	80	0.2750000
NODE_5072_length_1096_cov_55.816449	559	639	6	37	80	0.4625000
NODE_5072_length_1096_cov_55.816449	612	692	4	23	80	0.2875000
NODE_5072_length_1096_cov_55.816449	612	692	6	57	80	0.7125000
NODE_5073_length_1096_cov_24.672016	431	511	2	80	80	1.0000000
NODE_5073_length_1096_cov_24.672016	484	564	0	9	80	0.1125000
NODE_5073_length_1096_cov_24.672016	484	564	2	71	80	0.8875000
NODE_5073_length_1096_cov_24.672016	560	640	0	80	80	1.0000000
NODE_5073_length_1096_cov_24.672016	613	693	0	80	80	1.0000000
NODE_5074_length_1096_cov_22.980943	372	452	4	26	80	0.3250000
NODE_5074_length_1096_cov_22.980943	372	452	6	54	80	0.6750000
NODE_5074_length_1096_cov_22.980943	425	505	0	7	80	0.0875000
NODE_5074_length_1096_cov_22.980943	425	505	2	16	80	0.2000000
NODE_5074_length_1096_cov_22.980943	425	505	4	48	80	0.6000000
NODE_5074_length_1096_cov_22.980943	425	505	6	9	80	0.1125000
NODE_5075_length_1096_cov_16.649950	486	566	0	21	80	0.2625000
NODE_5075_length_1096_cov_16.649950	486	566	4	59	80	0.7375000
NODE_5075_length_1096_cov_16.649950	539	619	0	11	80	0.1375000
NODE_5075_length_1096_cov_16.649950	539	619	4	69	80	0.8625000
NODE_5076_length_1096_cov_16.433300	443	523	6	22	80	0.2750000
NODE_5076_length_1096_cov_16.433300	443	523	8	14	80	0.1750000
NODE_5076_length_1096_cov_16.433300	443	523	10	21	80	0.2625000
NODE_5076_length_1096_cov_16.433300	443	523	12	23	80	0.2875000
NODE_5076_length_1096_cov_16.433300	496	576	4	6	80	0.0750000
NODE_5076_length_1096_cov_16.433300	496	576	6	7	80	0.0875000
NODE_5076_length_1096_cov_16.433300	496	576	8	34	80	0.4250000
NODE_5076_length_1096_cov_16.433300	496	576	10	5	80	0.0625000
NODE_5076_length_1096_cov_16.433300	496	576	12	28	80	0.3500000
NODE_5076_length_1096_cov_16.433300	886	966	0	80	80	1.0000000
NODE_5076_length_1096_cov_16.433300	939	1018	0	79	79	1.0000000
NODE_5077_length_1096_cov_13.398195	670	750	0	3	80	0.0375000
NODE_5077_length_1096_cov_13.398195	670	750	2	77	80	0.9625000
NODE_5077_length_1096_cov_13.398195	723	803	0	56	80	0.7000000
NODE_5077_length_1096_cov_13.398195	723	803	2	24	80	0.3000000
NODE_5080_length_1095_cov_25.390562	520	600	0	38	80	0.4750000
NODE_5080_length_1095_cov_25.390562	520	600	2	10	80	0.1250000
NODE_5080_length_1095_cov_25.390562	520	600	4	32	80	0.4000000
NODE_5080_length_1095_cov_25.390562	573	653	2	22	80	0.2750000
NODE_5080_length_1095_cov_25.390562	573	653	4	58	80	0.7250000
NODE_5080_length_1095_cov_25.390562	649	729	0	8	80	0.1000000
NODE_5080_length_1095_cov_25.390562	649	729	2	72	80	0.9000000
NODE_5080_length_1095_cov_25.390562	702	782	0	10	80	0.1250000
NODE_5080_length_1095_cov_25.390562	702	782	2	70	80	0.8750000
NODE_5081_length_1095_cov_13.832329	549	629	2	11	80	0.1375000
NODE_5081_length_1095_cov_13.832329	549	629	4	5	80	0.0625000
NODE_5081_length_1095_cov_13.832329	549	629	6	18	80	0.2250000
NODE_5081_length_1095_cov_13.832329	549	629	8	46	80	0.5750000
NODE_5081_length_1095_cov_13.832329	602	682	0	17	80	0.2125000
NODE_5081_length_1095_cov_13.832329	602	682	4	41	80	0.5125000
NODE_5081_length_1095_cov_13.832329	602	682	6	15	80	0.1875000
NODE_5081_length_1095_cov_13.832329	602	682	8	7	80	0.0875000
NODE_5082_length_1095_cov_13.017068	497	577	2	19	80	0.2375000
NODE_5082_length_1095_cov_13.017068	497	577	4	10	80	0.1250000
NODE_5082_length_1095_cov_13.017068	497	577	6	51	80	0.6375000
NODE_5082_length_1095_cov_13.017068	550	630	2	61	80	0.7625000
NODE_5082_length_1095_cov_13.017068	550	630	4	19	80	0.2375000
NODE_5083_length_1095_cov_7.640562	627	707	0	80	80	1.0000000
NODE_5083_length_1095_cov_7.640562	680	760	0	80	80	1.0000000
NODE_5085_length_1095_cov_4.664659	307	387	0	16	80	0.2000000
NODE_5085_length_1095_cov_4.664659	307	387	1	13	80	0.1625000
NODE_5085_length_1095_cov_4.664659	307	387	2	51	80	0.6375000
NODE_5089_length_1094_cov_35.850251	409	489	0	80	80	1.0000000
NODE_5089_length_1094_cov_35.850251	462	542	0	80	80	1.0000000
NODE_5089_length_1094_cov_35.850251	538	618	0	25	80	0.3125000
NODE_5089_length_1094_cov_35.850251	538	618	4	5	80	0.0625000
NODE_5089_length_1094_cov_35.850251	538	618	17	23	80	0.2875000
NODE_5089_length_1094_cov_35.850251	538	618	19	8	80	0.1000000
NODE_5089_length_1094_cov_35.850251	538	618	21	3	80	0.0375000
NODE_5089_length_1094_cov_35.850251	538	618	22	12	80	0.1500000
NODE_5089_length_1094_cov_35.850251	538	618	26	4	80	0.0500000
NODE_5089_length_1094_cov_35.850251	591	671	19	8	80	0.1000000
NODE_5089_length_1094_cov_35.850251	591	671	21	3	80	0.0375000
NODE_5089_length_1094_cov_35.850251	591	671	22	12	80	0.1500000
NODE_5089_length_1094_cov_35.850251	591	671	26	57	80	0.7125000
NODE_5090_length_1094_cov_27.197990	462	542	0	25	80	0.3125000
NODE_5090_length_1094_cov_27.197990	462	542	4	55	80	0.6875000
NODE_5090_length_1094_cov_27.197990	515	595	4	80	80	1.0000000
NODE_5091_length_1094_cov_19.282412	451	531	10	40	80	0.5000000
NODE_5091_length_1094_cov_19.282412	451	531	11	6	80	0.0750000
NODE_5091_length_1094_cov_19.282412	451	531	17	1	80	0.0125000
NODE_5091_length_1094_cov_19.282412	451	531	22	10	80	0.1250000
NODE_5091_length_1094_cov_19.282412	451	531	23	19	80	0.2375000
NODE_5091_length_1094_cov_19.282412	451	531	24	4	80	0.0500000
NODE_5091_length_1094_cov_19.282412	504	584	22	40	80	0.5000000
NODE_5091_length_1094_cov_19.282412	504	584	23	14	80	0.1750000
NODE_5091_length_1094_cov_19.282412	504	584	24	26	80	0.3250000
NODE_5092_length_1094_cov_16.084422	558	614	14	56	56	1.0000000
NODE_5092_length_1094_cov_16.084422	587	667	0	14	80	0.1750000
NODE_5092_length_1094_cov_16.084422	587	667	8	2	80	0.0250000
NODE_5092_length_1094_cov_16.084422	587	667	12	6	80	0.0750000
NODE_5092_length_1094_cov_16.084422	587	667	14	58	80	0.7250000
NODE_5093_length_1094_cov_11.335678	384	464	2	8	80	0.1000000
NODE_5093_length_1094_cov_11.335678	384	464	4	72	80	0.9000000
NODE_5093_length_1094_cov_11.335678	437	517	1	7	80	0.0875000
NODE_5093_length_1094_cov_11.335678	437	517	2	41	80	0.5125000
NODE_5093_length_1094_cov_11.335678	437	517	3	6	80	0.0750000
NODE_5093_length_1094_cov_11.335678	437	517	4	26	80	0.3250000
NODE_5094_length_1094_cov_10.767839	396	476	4	77	80	0.9625000
NODE_5094_length_1094_cov_10.767839	396	476	6	3	80	0.0375000
NODE_5094_length_1094_cov_10.767839	449	529	4	45	80	0.5625000
NODE_5094_length_1094_cov_10.767839	449	529	6	8	80	0.1000000
NODE_5094_length_1094_cov_10.767839	449	529	8	27	80	0.3375000
NODE_5095_length_1094_cov_9.527638	579	659	0	80	80	1.0000000
NODE_5095_length_1094_cov_9.527638	632	712	0	80	80	1.0000000
NODE_5096_length_1094_cov_9.166834	527	607	2	23	80	0.2875000
NODE_5096_length_1094_cov_9.166834	527	607	4	32	80	0.4000000
NODE_5096_length_1094_cov_9.166834	527	607	5	4	80	0.0500000
NODE_5096_length_1094_cov_9.166834	527	607	6	21	80	0.2625000
NODE_5096_length_1094_cov_9.166834	580	660	2	76	80	0.9500000
NODE_5096_length_1094_cov_9.166834	580	660	6	4	80	0.0500000
NODE_5097_length_1094_cov_5.632161	708	768	0	60	60	1.0000000
NODE_5097_length_1094_cov_5.632161	761	821	0	60	60	1.0000000
NODE_5108_length_1093_cov_28.531187	374	454	2	37	80	0.4625000
NODE_5108_length_1093_cov_28.531187	374	454	8	2	80	0.0250000
NODE_5108_length_1093_cov_28.531187	374	454	16	41	80	0.5125000
NODE_5108_length_1093_cov_28.531187	427	507	14	15	80	0.1875000
NODE_5108_length_1093_cov_28.531187	427	507	16	65	80	0.8125000
NODE_5109_length_1093_cov_22.744467	516	596	5	33	80	0.4125000
NODE_5109_length_1093_cov_22.744467	516	596	7	1	80	0.0125000
NODE_5109_length_1093_cov_22.744467	516	596	8	3	80	0.0375000
NODE_5109_length_1093_cov_22.744467	516	596	10	19	80	0.2375000
NODE_5109_length_1093_cov_22.744467	516	596	11	12	80	0.1500000
NODE_5109_length_1093_cov_22.744467	516	596	12	12	80	0.1500000
NODE_5109_length_1093_cov_22.744467	569	649	0	23	80	0.2875000
NODE_5109_length_1093_cov_22.744467	569	649	2	2	80	0.0250000
NODE_5109_length_1093_cov_22.744467	569	649	3	16	80	0.2000000
NODE_5109_length_1093_cov_22.744467	569	649	5	39	80	0.4875000
NODE_5109_length_1093_cov_22.744467	645	725	0	65	80	0.8125000
NODE_5109_length_1093_cov_22.744467	645	725	2	15	80	0.1875000
NODE_5109_length_1093_cov_22.744467	698	778	0	12	80	0.1500000
NODE_5109_length_1093_cov_22.744467	698	778	2	68	80	0.8500000
NODE_5110_length_1093_cov_11.637827	282	362	0	80	80	1.0000000
NODE_5110_length_1093_cov_11.637827	335	415	0	80	80	1.0000000
NODE_5111_length_1093_cov_9.047284	660	740	0	9	80	0.1125000
NODE_5111_length_1093_cov_9.047284	660	740	2	10	80	0.1250000
NODE_5111_length_1093_cov_9.047284	660	740	6	61	80	0.7625000
NODE_5111_length_1093_cov_9.047284	713	793	0	3	80	0.0375000
NODE_5111_length_1093_cov_9.047284	713	793	2	8	80	0.1000000
NODE_5111_length_1093_cov_9.047284	713	793	4	1	80	0.0125000
NODE_5111_length_1093_cov_9.047284	713	793	6	68	80	0.8500000
NODE_5112_length_1093_cov_6.857143	658	738	5	38	80	0.4750000
NODE_5112_length_1093_cov_6.857143	658	738	6	42	80	0.5250000
NODE_5112_length_1093_cov_6.857143	711	791	0	40	80	0.5000000
NODE_5112_length_1093_cov_6.857143	711	791	6	40	80	0.5000000
NODE_5113_length_1093_cov_5.311871	587	667	4	53	80	0.6625000
NODE_5113_length_1093_cov_5.311871	587	667	8	27	80	0.3375000
NODE_5113_length_1093_cov_5.311871	640	720	4	26	80	0.3250000
NODE_5113_length_1093_cov_5.311871	640	720	6	24	80	0.3000000
NODE_5113_length_1093_cov_5.311871	640	720	8	30	80	0.3750000
NODE_5118_length_1092_cov_105.542800	682	768	42	6	86	0.0697674
NODE_5118_length_1092_cov_105.542800	682	768	48	2	86	0.0232558
NODE_5118_length_1092_cov_105.542800	682	768	50	7	86	0.0813954
NODE_5118_length_1092_cov_105.542800	682	768	62	9	86	0.1046512
NODE_5118_length_1092_cov_105.542800	682	768	63	2	86	0.0232558
NODE_5118_length_1092_cov_105.542800	682	768	74	1	86	0.0116279
NODE_5118_length_1092_cov_105.542800	682	768	75	2	86	0.0232558
NODE_5118_length_1092_cov_105.542800	682	768	81	2	86	0.0232558
NODE_5118_length_1092_cov_105.542800	682	768	89	6	86	0.0697674
NODE_5118_length_1092_cov_105.542800	682	768	90	1	86	0.0116279
NODE_5118_length_1092_cov_105.542800	682	768	91	6	86	0.0697674
NODE_5118_length_1092_cov_105.542800	682	768	92	2	86	0.0232558
NODE_5118_length_1092_cov_105.542800	682	768	110	3	86	0.0348837
NODE_5118_length_1092_cov_105.542800	682	768	113	10	86	0.1162791
NODE_5118_length_1092_cov_105.542800	682	768	114	3	86	0.0348837
NODE_5118_length_1092_cov_105.542800	682	768	116	1	86	0.0116279
NODE_5118_length_1092_cov_105.542800	682	768	118	3	86	0.0348837
NODE_5118_length_1092_cov_105.542800	682	768	119	2	86	0.0232558
NODE_5118_length_1092_cov_105.542800	682	768	120	1	86	0.0116279
NODE_5118_length_1092_cov_105.542800	682	768	121	14	86	0.1627907
NODE_5118_length_1092_cov_105.542800	682	768	122	1	86	0.0116279
NODE_5118_length_1092_cov_105.542800	682	768	123	2	86	0.0232558
NODE_5118_length_1092_cov_105.542800	745	807	66	5	62	0.0806452
NODE_5118_length_1092_cov_105.542800	745	807	78	1	62	0.0161290
NODE_5118_length_1092_cov_105.542800	745	807	80	1	62	0.0161290
NODE_5118_length_1092_cov_105.542800	745	807	82	3	62	0.0483871
NODE_5118_length_1092_cov_105.542800	745	807	84	9	62	0.1451613
NODE_5118_length_1092_cov_105.542800	745	807	85	1	62	0.0161290
NODE_5118_length_1092_cov_105.542800	745	807	87	1	62	0.0161290
NODE_5118_length_1092_cov_105.542800	745	807	88	1	62	0.0161290
NODE_5118_length_1092_cov_105.542800	745	807	89	6	62	0.0967742
NODE_5118_length_1092_cov_105.542800	745	807	90	1	62	0.0161290
NODE_5118_length_1092_cov_105.542800	745	807	94	3	62	0.0483871
NODE_5118_length_1092_cov_105.542800	745	807	95	1	62	0.0161290
NODE_5118_length_1092_cov_105.542800	745	807	96	1	62	0.0161290
NODE_5118_length_1092_cov_105.542800	745	807	102	1	62	0.0161290
NODE_5118_length_1092_cov_105.542800	745	807	107	1	62	0.0161290
NODE_5118_length_1092_cov_105.542800	745	807	108	1	62	0.0161290
NODE_5118_length_1092_cov_105.542800	745	807	110	1	62	0.0161290
NODE_5118_length_1092_cov_105.542800	745	807	111	1	62	0.0161290
NODE_5118_length_1092_cov_105.542800	745	807	113	9	62	0.1451613
NODE_5118_length_1092_cov_105.542800	745	807	114	2	62	0.0322581
NODE_5118_length_1092_cov_105.542800	745	807	116	1	62	0.0161290
NODE_5118_length_1092_cov_105.542800	745	807	118	1	62	0.0161290
NODE_5118_length_1092_cov_105.542800	745	807	119	1	62	0.0161290
NODE_5118_length_1092_cov_105.542800	745	807	121	8	62	0.1290323
NODE_5118_length_1092_cov_105.542800	745	807	122	1	62	0.0161290
NODE_5119_length_1092_cov_30.957704	610	690	0	27	80	0.3375000
NODE_5119_length_1092_cov_30.957704	610	690	2	53	80	0.6625000
NODE_5119_length_1092_cov_30.957704	663	743	0	80	80	1.0000000
NODE_5121_length_1092_cov_16.737160	725	805	4	16	80	0.2000000
NODE_5121_length_1092_cov_16.737160	725	805	6	33	80	0.4125000
NODE_5121_length_1092_cov_16.737160	725	805	8	31	80	0.3875000
NODE_5121_length_1092_cov_16.737160	778	858	0	42	80	0.5250000
NODE_5121_length_1092_cov_16.737160	778	858	2	9	80	0.1125000
NODE_5121_length_1092_cov_16.737160	778	858	4	18	80	0.2250000
NODE_5121_length_1092_cov_16.737160	778	858	6	11	80	0.1375000
NODE_5123_length_1092_cov_11.193353	335	415	0	80	80	1.0000000
NODE_5123_length_1092_cov_11.193353	388	468	0	80	80	1.0000000
NODE_5124_length_1092_cov_9.348439	489	569	4	23	80	0.2875000
NODE_5124_length_1092_cov_9.348439	489	569	5	39	80	0.4875000
NODE_5124_length_1092_cov_9.348439	489	569	6	18	80	0.2250000
NODE_5124_length_1092_cov_9.348439	542	622	4	21	80	0.2625000
NODE_5124_length_1092_cov_9.348439	542	622	6	59	80	0.7375000
NODE_5125_length_1092_cov_7.533736	243	323	0	39	80	0.4875000
NODE_5125_length_1092_cov_7.533736	243	323	2	41	80	0.5125000
NODE_5125_length_1092_cov_7.533736	296	376	0	1	80	0.0125000
NODE_5125_length_1092_cov_7.533736	296	376	2	79	80	0.9875000
NODE_5126_length_1092_cov_6.968781	470	550	0	49	80	0.6125000
NODE_5126_length_1092_cov_6.968781	470	550	2	31	80	0.3875000
NODE_5126_length_1092_cov_6.968781	523	603	0	80	80	1.0000000
NODE_5134_length_1091_cov_54.234879	417	497	4	25	80	0.3125000
NODE_5134_length_1091_cov_54.234879	417	497	5	8	80	0.1000000
NODE_5134_length_1091_cov_54.234879	417	497	6	15	80	0.1875000
NODE_5134_length_1091_cov_54.234879	417	497	7	19	80	0.2375000
NODE_5134_length_1091_cov_54.234879	417	497	8	13	80	0.1625000
NODE_5134_length_1091_cov_54.234879	470	550	0	17	80	0.2125000
NODE_5134_length_1091_cov_54.234879	470	550	2	7	80	0.0875000
NODE_5134_length_1091_cov_54.234879	470	550	4	26	80	0.3250000
NODE_5134_length_1091_cov_54.234879	470	550	5	11	80	0.1375000
NODE_5134_length_1091_cov_54.234879	470	550	7	19	80	0.2375000
NODE_5134_length_1091_cov_54.234879	546	626	0	13	80	0.1625000
NODE_5134_length_1091_cov_54.234879	546	626	2	67	80	0.8375000
NODE_5134_length_1091_cov_54.234879	599	679	2	31	80	0.3875000
NODE_5134_length_1091_cov_54.234879	599	679	8	9	80	0.1125000
NODE_5134_length_1091_cov_54.234879	599	679	10	40	80	0.5000000
NODE_5135_length_1091_cov_35.045363	384	464	4	4	80	0.0500000
NODE_5135_length_1091_cov_35.045363	384	464	6	10	80	0.1250000
NODE_5135_length_1091_cov_35.045363	384	464	8	7	80	0.0875000
NODE_5135_length_1091_cov_35.045363	384	464	10	59	80	0.7375000
NODE_5135_length_1091_cov_35.045363	437	517	4	25	80	0.3125000
NODE_5135_length_1091_cov_35.045363	437	517	6	31	80	0.3875000
NODE_5135_length_1091_cov_35.045363	437	517	10	24	80	0.3000000
NODE_5135_length_1091_cov_35.045363	513	593	0	14	80	0.1750000
NODE_5135_length_1091_cov_35.045363	513	593	2	7	80	0.0875000
NODE_5135_length_1091_cov_35.045363	513	593	4	25	80	0.3125000
NODE_5135_length_1091_cov_35.045363	513	593	5	1	80	0.0125000
NODE_5135_length_1091_cov_35.045363	513	593	6	33	80	0.4125000
NODE_5135_length_1091_cov_35.045363	566	646	0	18	80	0.2250000
NODE_5135_length_1091_cov_35.045363	566	646	6	62	80	0.7750000
NODE_5136_length_1091_cov_28.490927	329	409	0	80	80	1.0000000
NODE_5136_length_1091_cov_28.490927	382	462	0	80	80	1.0000000
NODE_5136_length_1091_cov_28.490927	618	698	4	21	80	0.2625000
NODE_5136_length_1091_cov_28.490927	618	698	6	24	80	0.3000000
NODE_5136_length_1091_cov_28.490927	618	698	8	5	80	0.0625000
NODE_5136_length_1091_cov_28.490927	618	698	10	30	80	0.3750000
NODE_5136_length_1091_cov_28.490927	671	751	4	37	80	0.4625000
NODE_5136_length_1091_cov_28.490927	671	751	6	37	80	0.4625000
NODE_5136_length_1091_cov_28.490927	671	751	10	6	80	0.0750000
NODE_5137_length_1091_cov_23.733871	514	594	4	19	80	0.2375000
NODE_5137_length_1091_cov_23.733871	514	594	6	61	80	0.7625000
NODE_5137_length_1091_cov_23.733871	567	647	0	1	80	0.0125000
NODE_5137_length_1091_cov_23.733871	567	647	2	42	80	0.5250000
NODE_5137_length_1091_cov_23.733871	567	647	6	37	80	0.4625000
NODE_5138_length_1091_cov_13.065524	444	524	4	8	80	0.1000000
NODE_5138_length_1091_cov_13.065524	444	524	6	31	80	0.3875000
NODE_5138_length_1091_cov_13.065524	444	524	10	41	80	0.5125000
NODE_5138_length_1091_cov_13.065524	497	577	0	30	80	0.3750000
NODE_5138_length_1091_cov_13.065524	497	577	4	11	80	0.1375000
NODE_5138_length_1091_cov_13.065524	497	577	6	18	80	0.2250000
NODE_5138_length_1091_cov_13.065524	497	577	10	21	80	0.2625000
NODE_5139_length_1091_cov_10.961694	582	646	6	11	64	0.1718750
NODE_5139_length_1091_cov_10.961694	582	646	7	15	64	0.2343750
NODE_5139_length_1091_cov_10.961694	582	646	9	38	64	0.5937500
NODE_5140_length_1091_cov_8.166331	299	379	14	33	80	0.4125000
NODE_5140_length_1091_cov_8.166331	299	379	16	47	80	0.5875000
NODE_5140_length_1091_cov_8.166331	352	432	2	41	80	0.5125000
NODE_5140_length_1091_cov_8.166331	352	432	8	4	80	0.0500000
NODE_5140_length_1091_cov_8.166331	352	432	16	35	80	0.4375000
NODE_5141_length_1091_cov_7.006048	617	697	0	80	80	1.0000000
NODE_5141_length_1091_cov_7.006048	670	750	0	80	80	1.0000000
NODE_5151_length_1090_cov_73.781029	352	432	0	26	80	0.3250000
NODE_5151_length_1090_cov_73.781029	352	432	2	54	80	0.6750000
NODE_5151_length_1090_cov_73.781029	405	485	0	27	80	0.3375000
NODE_5151_length_1090_cov_73.781029	405	485	2	1	80	0.0125000
NODE_5151_length_1090_cov_73.781029	405	485	6	52	80	0.6500000
NODE_5151_length_1090_cov_73.781029	481	567	0	10	86	0.1162791
NODE_5151_length_1090_cov_73.781029	481	567	6	76	86	0.8837209
NODE_5151_length_1090_cov_73.781029	540	620	0	63	80	0.7875000
NODE_5151_length_1090_cov_73.781029	540	620	6	17	80	0.2125000
NODE_5152_length_1090_cov_42.394551	530	610	0	69	80	0.8625000
NODE_5152_length_1090_cov_42.394551	530	610	2	11	80	0.1375000
NODE_5152_length_1090_cov_42.394551	583	663	0	16	80	0.2000000
NODE_5152_length_1090_cov_42.394551	583	663	2	64	80	0.8000000
NODE_5153_length_1090_cov_37.643794	436	516	4	45	80	0.5625000
NODE_5153_length_1090_cov_37.643794	436	516	8	34	80	0.4250000
NODE_5153_length_1090_cov_37.643794	436	516	9	1	80	0.0125000
NODE_5153_length_1090_cov_37.643794	489	569	6	1	80	0.0125000
NODE_5153_length_1090_cov_37.643794	489	569	8	26	80	0.3250000
NODE_5153_length_1090_cov_37.643794	489	569	9	12	80	0.1500000
NODE_5153_length_1090_cov_37.643794	489	569	10	32	80	0.4000000
NODE_5153_length_1090_cov_37.643794	489	569	12	1	80	0.0125000
NODE_5153_length_1090_cov_37.643794	489	569	13	8	80	0.1000000
NODE_5153_length_1090_cov_37.643794	565	645	6	2	80	0.0250000
NODE_5153_length_1090_cov_37.643794	565	645	8	8	80	0.1000000
NODE_5153_length_1090_cov_37.643794	565	645	10	40	80	0.5000000
NODE_5153_length_1090_cov_37.643794	565	645	16	30	80	0.3750000
NODE_5153_length_1090_cov_37.643794	618	698	14	15	80	0.1875000
NODE_5153_length_1090_cov_37.643794	618	698	15	15	80	0.1875000
NODE_5153_length_1090_cov_37.643794	618	698	16	29	80	0.3625000
NODE_5153_length_1090_cov_37.643794	618	698	17	6	80	0.0750000
NODE_5153_length_1090_cov_37.643794	618	698	18	15	80	0.1875000
NODE_5154_length_1090_cov_32.876892	487	567	0	16	80	0.2000000
NODE_5154_length_1090_cov_32.876892	487	567	11	1	80	0.0125000
NODE_5154_length_1090_cov_32.876892	487	567	12	4	80	0.0500000
NODE_5154_length_1090_cov_32.876892	487	567	14	1	80	0.0125000
NODE_5154_length_1090_cov_32.876892	487	567	16	58	80	0.7250000
NODE_5154_length_1090_cov_32.876892	540	620	0	69	80	0.8625000
NODE_5154_length_1090_cov_32.876892	540	620	11	1	80	0.0125000
NODE_5154_length_1090_cov_32.876892	540	620	12	4	80	0.0500000
NODE_5154_length_1090_cov_32.876892	540	620	14	1	80	0.0125000
NODE_5154_length_1090_cov_32.876892	540	620	16	5	80	0.0625000
NODE_5155_length_1090_cov_25.373360	486	566	0	2	80	0.0250000
NODE_5155_length_1090_cov_25.373360	486	566	2	2	80	0.0250000
NODE_5155_length_1090_cov_25.373360	486	566	8	76	80	0.9500000
NODE_5155_length_1090_cov_25.373360	539	619	0	5	80	0.0625000
NODE_5155_length_1090_cov_25.373360	539	619	2	22	80	0.2750000
NODE_5155_length_1090_cov_25.373360	539	619	8	53	80	0.6625000
NODE_5156_length_1090_cov_21.290616	422	502	8	46	80	0.5750000
NODE_5156_length_1090_cov_21.290616	422	502	10	8	80	0.1000000
NODE_5156_length_1090_cov_21.290616	422	502	12	26	80	0.3250000
NODE_5156_length_1090_cov_21.290616	475	555	8	30	80	0.3750000
NODE_5156_length_1090_cov_21.290616	475	555	10	24	80	0.3000000
NODE_5156_length_1090_cov_21.290616	475	555	12	26	80	0.3250000
NODE_5156_length_1090_cov_21.290616	551	631	4	11	80	0.1375000
NODE_5156_length_1090_cov_21.290616	551	631	6	41	80	0.5125000
NODE_5156_length_1090_cov_21.290616	551	631	8	13	80	0.1625000
NODE_5156_length_1090_cov_21.290616	551	631	12	15	80	0.1875000
NODE_5156_length_1090_cov_21.290616	604	684	4	64	80	0.8000000
NODE_5156_length_1090_cov_21.290616	604	684	6	16	80	0.2000000
NODE_5157_length_1090_cov_16.040363	666	746	4	15	80	0.1875000
NODE_5157_length_1090_cov_16.040363	666	746	6	8	80	0.1000000
NODE_5157_length_1090_cov_16.040363	666	746	8	9	80	0.1125000
NODE_5157_length_1090_cov_16.040363	666	746	10	38	80	0.4750000
NODE_5157_length_1090_cov_16.040363	666	746	12	10	80	0.1250000
NODE_5157_length_1090_cov_16.040363	719	799	8	44	80	0.5500000
NODE_5157_length_1090_cov_16.040363	719	799	10	36	80	0.4500000
NODE_5158_length_1090_cov_14.826438	393	473	8	28	80	0.3500000
NODE_5158_length_1090_cov_14.826438	393	473	12	8	80	0.1000000
NODE_5158_length_1090_cov_14.826438	393	473	14	10	80	0.1250000
NODE_5158_length_1090_cov_14.826438	393	473	16	23	80	0.2875000
NODE_5158_length_1090_cov_14.826438	393	473	18	11	80	0.1375000
NODE_5158_length_1090_cov_14.826438	446	526	10	13	80	0.1625000
NODE_5158_length_1090_cov_14.826438	446	526	12	48	80	0.6000000
NODE_5158_length_1090_cov_14.826438	446	526	14	10	80	0.1250000
NODE_5158_length_1090_cov_14.826438	446	526	18	9	80	0.1125000
NODE_5159_length_1090_cov_13.721493	498	578	2	13	80	0.1625000
NODE_5159_length_1090_cov_13.721493	498	578	6	48	80	0.6000000
NODE_5159_length_1090_cov_13.721493	498	578	7	1	80	0.0125000
NODE_5159_length_1090_cov_13.721493	498	578	8	18	80	0.2250000
NODE_5159_length_1090_cov_13.721493	551	631	2	66	80	0.8250000
NODE_5159_length_1090_cov_13.721493	551	631	7	1	80	0.0125000
NODE_5159_length_1090_cov_13.721493	551	631	8	13	80	0.1625000
NODE_5160_length_1090_cov_12.365288	386	467	2	81	81	1.0000000
NODE_5160_length_1090_cov_12.365288	440	520	0	27	80	0.3375000
NODE_5160_length_1090_cov_12.365288	440	520	2	53	80	0.6625000
NODE_5160_length_1090_cov_12.365288	516	596	0	2	80	0.0250000
NODE_5160_length_1090_cov_12.365288	516	596	2	16	80	0.2000000
NODE_5160_length_1090_cov_12.365288	516	596	4	62	80	0.7750000
NODE_5160_length_1090_cov_12.365288	569	649	0	27	80	0.3375000
NODE_5160_length_1090_cov_12.365288	569	649	2	17	80	0.2125000
NODE_5160_length_1090_cov_12.365288	569	649	4	36	80	0.4500000
NODE_5161_length_1090_cov_5.348133	0	80	0	8	80	0.1000000
NODE_5161_length_1090_cov_5.348133	0	80	2	1	80	0.0125000
NODE_5161_length_1090_cov_5.348133	0	80	3	28	80	0.3500000
NODE_5161_length_1090_cov_5.348133	0	80	4	13	80	0.1625000
NODE_5161_length_1090_cov_5.348133	0	80	6	6	80	0.0750000
NODE_5161_length_1090_cov_5.348133	0	80	8	24	80	0.3000000
NODE_5161_length_1090_cov_5.348133	53	99	6	3	46	0.0652174
NODE_5161_length_1090_cov_5.348133	53	99	8	34	46	0.7391304
NODE_5161_length_1090_cov_5.348133	53	99	11	9	46	0.1956522
NODE_5163_length_1090_cov_3.598385	300	340	6	40	40	1.0000000
NODE_5170_length_1089_cov_55.374747	515	594	8	2	79	0.0253165
NODE_5170_length_1089_cov_55.374747	515	594	20	24	79	0.3037975
NODE_5170_length_1089_cov_55.374747	515	594	22	20	79	0.2531646
NODE_5170_length_1089_cov_55.374747	515	594	30	33	79	0.4177215
NODE_5170_length_1089_cov_55.374747	567	647	8	4	80	0.0500000
NODE_5170_length_1089_cov_55.374747	567	647	10	6	80	0.0750000
NODE_5170_length_1089_cov_55.374747	567	647	22	30	80	0.3750000
NODE_5170_length_1089_cov_55.374747	567	647	24	9	80	0.1125000
NODE_5170_length_1089_cov_55.374747	567	647	30	31	80	0.3875000
NODE_5170_length_1089_cov_55.374747	643	723	2	12	80	0.1500000
NODE_5170_length_1089_cov_55.374747	643	723	4	19	80	0.2375000
NODE_5170_length_1089_cov_55.374747	643	723	8	23	80	0.2875000
NODE_5170_length_1089_cov_55.374747	643	723	9	1	80	0.0125000
NODE_5170_length_1089_cov_55.374747	643	723	10	25	80	0.3125000
NODE_5170_length_1089_cov_55.374747	696	776	2	18	80	0.2250000
NODE_5170_length_1089_cov_55.374747	696	776	4	62	80	0.7750000
NODE_5171_length_1089_cov_38.506061	458	538	4	26	80	0.3250000
NODE_5171_length_1089_cov_38.506061	458	538	8	2	80	0.0250000
NODE_5171_length_1089_cov_38.506061	458	538	9	19	80	0.2375000
NODE_5171_length_1089_cov_38.506061	458	538	11	1	80	0.0125000
NODE_5171_length_1089_cov_38.506061	458	538	12	1	80	0.0125000
NODE_5171_length_1089_cov_38.506061	458	538	13	31	80	0.3875000
NODE_5171_length_1089_cov_38.506061	511	591	1	28	80	0.3500000
NODE_5171_length_1089_cov_38.506061	511	591	2	24	80	0.3000000
NODE_5171_length_1089_cov_38.506061	511	591	4	27	80	0.3375000
NODE_5171_length_1089_cov_38.506061	511	591	8	1	80	0.0125000
NODE_5171_length_1089_cov_38.506061	587	667	0	24	80	0.3000000
NODE_5171_length_1089_cov_38.506061	587	667	1	10	80	0.1250000
NODE_5171_length_1089_cov_38.506061	587	667	2	46	80	0.5750000
NODE_5171_length_1089_cov_38.506061	640	720	2	80	80	1.0000000
NODE_5172_length_1089_cov_22.657576	379	459	6	52	80	0.6500000
NODE_5172_length_1089_cov_22.657576	379	459	8	28	80	0.3500000
NODE_5172_length_1089_cov_22.657576	432	512	2	23	80	0.2875000
NODE_5172_length_1089_cov_22.657576	432	512	3	24	80	0.3000000
NODE_5172_length_1089_cov_22.657576	432	512	4	5	80	0.0625000
NODE_5172_length_1089_cov_22.657576	432	512	6	28	80	0.3500000
NODE_5173_length_1089_cov_21.180808	547	627	2	8	80	0.1000000
NODE_5173_length_1089_cov_21.180808	547	627	10	14	80	0.1750000
NODE_5173_length_1089_cov_21.180808	547	627	12	40	80	0.5000000
NODE_5173_length_1089_cov_21.180808	547	627	14	5	80	0.0625000
NODE_5173_length_1089_cov_21.180808	547	627	16	13	80	0.1625000
NODE_5173_length_1089_cov_21.180808	600	680	12	39	80	0.4875000
NODE_5173_length_1089_cov_21.180808	600	680	14	28	80	0.3500000
NODE_5173_length_1089_cov_21.180808	600	680	16	13	80	0.1625000
NODE_5174_length_1089_cov_18.713131	431	511	2	80	80	1.0000000
NODE_5174_length_1089_cov_18.713131	484	564	0	48	80	0.6000000
NODE_5174_length_1089_cov_18.713131	484	564	2	32	80	0.4000000
NODE_5174_length_1089_cov_18.713131	560	640	0	15	80	0.1875000
NODE_5174_length_1089_cov_18.713131	560	640	2	26	80	0.3250000
NODE_5174_length_1089_cov_18.713131	560	640	4	39	80	0.4875000
NODE_5174_length_1089_cov_18.713131	613	693	2	5	80	0.0625000
NODE_5174_length_1089_cov_18.713131	613	693	4	75	80	0.9375000
NODE_5175_length_1089_cov_17.382828	376	456	0	80	80	1.0000000
NODE_5175_length_1089_cov_17.382828	429	509	0	68	80	0.8500000
NODE_5175_length_1089_cov_17.382828	429	509	2	12	80	0.1500000
NODE_5175_length_1089_cov_17.382828	505	585	2	80	80	1.0000000
NODE_5175_length_1089_cov_17.382828	558	638	0	37	80	0.4625000
NODE_5175_length_1089_cov_17.382828	558	638	2	43	80	0.5375000
NODE_5176_length_1089_cov_14.540404	610	690	6	18	80	0.2250000
NODE_5176_length_1089_cov_14.540404	610	690	10	5	80	0.0625000
NODE_5176_length_1089_cov_14.540404	610	690	16	57	80	0.7125000
NODE_5176_length_1089_cov_14.540404	663	743	10	58	80	0.7250000
NODE_5176_length_1089_cov_14.540404	663	743	16	22	80	0.2750000
NODE_5182_length_1088_cov_10.603640	504	584	0	80	80	1.0000000
NODE_5182_length_1088_cov_10.603640	557	632	0	75	75	1.0000000
NODE_5194_length_1088_cov_0.759353	0	59	0	7	59	0.1186441
NODE_5194_length_1088_cov_0.759353	0	59	2	52	59	0.8813559
NODE_5194_length_1088_cov_0.759353	32	97	2	41	65	0.6307693
NODE_5194_length_1088_cov_0.759353	32	97	6	24	65	0.3692308
NODE_5195_length_1087_cov_51.676113	457	537	8	1	80	0.0125000
NODE_5195_length_1087_cov_51.676113	457	537	9	4	80	0.0500000
NODE_5195_length_1087_cov_51.676113	457	537	10	8	80	0.1000000
NODE_5195_length_1087_cov_51.676113	457	537	12	17	80	0.2125000
NODE_5195_length_1087_cov_51.676113	457	537	13	9	80	0.1125000
NODE_5195_length_1087_cov_51.676113	457	537	15	1	80	0.0125000
NODE_5195_length_1087_cov_51.676113	457	537	16	40	80	0.5000000
NODE_5195_length_1087_cov_51.676113	510	590	5	14	80	0.1750000
NODE_5195_length_1087_cov_51.676113	510	590	7	1	80	0.0125000
NODE_5195_length_1087_cov_51.676113	510	590	8	39	80	0.4875000
NODE_5195_length_1087_cov_51.676113	510	590	10	8	80	0.1000000
NODE_5195_length_1087_cov_51.676113	510	590	12	17	80	0.2125000
NODE_5195_length_1087_cov_51.676113	510	590	16	1	80	0.0125000
NODE_5195_length_1087_cov_51.676113	586	666	4	41	80	0.5125000
NODE_5195_length_1087_cov_51.676113	586	666	5	10	80	0.1250000
NODE_5195_length_1087_cov_51.676113	586	666	6	4	80	0.0500000
NODE_5195_length_1087_cov_51.676113	586	666	7	9	80	0.1125000
NODE_5195_length_1087_cov_51.676113	586	666	8	2	80	0.0250000
NODE_5195_length_1087_cov_51.676113	586	666	9	14	80	0.1750000
NODE_5195_length_1087_cov_51.676113	639	719	2	13	80	0.1625000
NODE_5195_length_1087_cov_51.676113	639	719	4	67	80	0.8375000
NODE_5196_length_1087_cov_47.144737	214	276	67	1	62	0.0161290
NODE_5196_length_1087_cov_47.144737	214	276	68	3	62	0.0483871
NODE_5196_length_1087_cov_47.144737	214	276	70	2	62	0.0322581
NODE_5196_length_1087_cov_47.144737	214	276	72	6	62	0.0967742
NODE_5196_length_1087_cov_47.144737	214	276	74	9	62	0.1451613
NODE_5196_length_1087_cov_47.144737	214	276	76	8	62	0.1290323
NODE_5196_length_1087_cov_47.144737	214	276	78	1	62	0.0161290
NODE_5196_length_1087_cov_47.144737	214	276	81	1	62	0.0161290
NODE_5196_length_1087_cov_47.144737	214	276	83	2	62	0.0322581
NODE_5196_length_1087_cov_47.144737	214	276	87	6	62	0.0967742
NODE_5196_length_1087_cov_47.144737	214	276	91	2	62	0.0322581
NODE_5196_length_1087_cov_47.144737	214	276	95	3	62	0.0483871
NODE_5196_length_1087_cov_47.144737	214	276	96	3	62	0.0483871
NODE_5196_length_1087_cov_47.144737	214	276	98	1	62	0.0161290
NODE_5196_length_1087_cov_47.144737	214	276	99	6	62	0.0967742
NODE_5196_length_1087_cov_47.144737	214	276	100	2	62	0.0322581
NODE_5196_length_1087_cov_47.144737	214	276	102	6	62	0.0967742
NODE_5196_length_1087_cov_47.144737	630	710	8	19	80	0.2375000
NODE_5196_length_1087_cov_47.144737	630	710	11	58	80	0.7250000
NODE_5196_length_1087_cov_47.144737	630	710	12	3	80	0.0375000
NODE_5196_length_1087_cov_47.144737	683	763	1	10	80	0.1250000
NODE_5196_length_1087_cov_47.144737	683	763	4	2	80	0.0250000
NODE_5196_length_1087_cov_47.144737	683	763	5	3	80	0.0375000
NODE_5196_length_1087_cov_47.144737	683	763	7	1	80	0.0125000
NODE_5196_length_1087_cov_47.144737	683	763	8	56	80	0.7000000
NODE_5196_length_1087_cov_47.144737	683	763	11	5	80	0.0625000
NODE_5196_length_1087_cov_47.144737	683	763	12	3	80	0.0375000
NODE_5197_length_1087_cov_46.633603	871	951	12	1	80	0.0125000
NODE_5197_length_1087_cov_46.633603	871	951	17	14	80	0.1750000
NODE_5197_length_1087_cov_46.633603	871	951	20	65	80	0.8125000
NODE_5197_length_1087_cov_46.633603	924	999	0	14	75	0.1866667
NODE_5197_length_1087_cov_46.633603	924	999	8	3	75	0.0400000
NODE_5197_length_1087_cov_46.633603	924	999	10	7	75	0.0933333
NODE_5197_length_1087_cov_46.633603	924	999	12	11	75	0.1466667
NODE_5197_length_1087_cov_46.633603	924	999	17	27	75	0.3600000
NODE_5197_length_1087_cov_46.633603	924	999	20	13	75	0.1733333
NODE_5198_length_1087_cov_30.577935	528	608	2	15	80	0.1875000
NODE_5198_length_1087_cov_30.577935	528	608	6	17	80	0.2125000
NODE_5198_length_1087_cov_30.577935	528	608	8	48	80	0.6000000
NODE_5198_length_1087_cov_30.577935	581	661	0	2	80	0.0250000
NODE_5198_length_1087_cov_30.577935	581	661	1	4	80	0.0500000
NODE_5198_length_1087_cov_30.577935	581	661	2	62	80	0.7750000
NODE_5198_length_1087_cov_30.577935	581	661	6	5	80	0.0625000
NODE_5198_length_1087_cov_30.577935	581	661	8	7	80	0.0875000
NODE_5199_length_1087_cov_30.205466	515	591	0	13	76	0.1710526
NODE_5199_length_1087_cov_30.205466	515	591	2	63	76	0.8289474
NODE_5199_length_1087_cov_30.205466	564	644	0	66	80	0.8250000
NODE_5199_length_1087_cov_30.205466	564	644	2	14	80	0.1750000
NODE_5200_length_1087_cov_29.595142	568	648	6	22	80	0.2750000
NODE_5200_length_1087_cov_29.595142	568	648	8	5	80	0.0625000
NODE_5200_length_1087_cov_29.595142	568	648	10	53	80	0.6625000
NODE_5200_length_1087_cov_29.595142	621	701	0	21	80	0.2625000
NODE_5200_length_1087_cov_29.595142	621	701	2	28	80	0.3500000
NODE_5200_length_1087_cov_29.595142	621	701	6	26	80	0.3250000
NODE_5200_length_1087_cov_29.595142	621	701	10	5	80	0.0625000
NODE_5201_length_1087_cov_11.600202	374	454	0	36	80	0.4500000
NODE_5201_length_1087_cov_11.600202	374	454	1	13	80	0.1625000
NODE_5201_length_1087_cov_11.600202	374	454	7	16	80	0.2000000
NODE_5201_length_1087_cov_11.600202	374	454	8	3	80	0.0375000
NODE_5201_length_1087_cov_11.600202	374	454	9	1	80	0.0125000
NODE_5201_length_1087_cov_11.600202	374	454	10	1	80	0.0125000
NODE_5201_length_1087_cov_11.600202	374	454	12	10	80	0.1250000
NODE_5201_length_1087_cov_11.600202	427	507	7	12	80	0.1500000
NODE_5201_length_1087_cov_11.600202	427	507	8	3	80	0.0375000
NODE_5201_length_1087_cov_11.600202	427	507	9	1	80	0.0125000
NODE_5201_length_1087_cov_11.600202	427	507	10	31	80	0.3875000
NODE_5201_length_1087_cov_11.600202	427	507	12	33	80	0.4125000
NODE_5202_length_1087_cov_7.746964	436	516	2	10	80	0.1250000
NODE_5202_length_1087_cov_7.746964	436	516	6	70	80	0.8750000
NODE_5202_length_1087_cov_7.746964	489	569	0	42	80	0.5250000
NODE_5202_length_1087_cov_7.746964	489	569	4	11	80	0.1375000
NODE_5202_length_1087_cov_7.746964	489	569	6	27	80	0.3375000
NODE_5211_length_1086_cov_35.748734	406	486	12	32	80	0.4000000
NODE_5211_length_1086_cov_35.748734	406	486	13	4	80	0.0500000
NODE_5211_length_1086_cov_35.748734	406	486	14	44	80	0.5500000
NODE_5211_length_1086_cov_35.748734	459	539	0	24	80	0.3000000
NODE_5211_length_1086_cov_35.748734	459	539	12	10	80	0.1250000
NODE_5211_length_1086_cov_35.748734	459	539	13	4	80	0.0500000
NODE_5211_length_1086_cov_35.748734	459	539	14	42	80	0.5250000
NODE_5212_length_1086_cov_18.445795	325	405	2	1	80	0.0125000
NODE_5212_length_1086_cov_18.445795	325	405	4	24	80	0.3000000
NODE_5212_length_1086_cov_18.445795	325	405	6	55	80	0.6875000
NODE_5212_length_1086_cov_18.445795	378	458	0	39	80	0.4875000
NODE_5212_length_1086_cov_18.445795	378	458	2	15	80	0.1875000
NODE_5212_length_1086_cov_18.445795	378	458	6	26	80	0.3250000
NODE_5213_length_1086_cov_16.878419	528	608	0	35	80	0.4375000
NODE_5213_length_1086_cov_16.878419	528	608	4	45	80	0.5625000
NODE_5213_length_1086_cov_16.878419	581	661	4	80	80	1.0000000
NODE_5214_length_1086_cov_10.700101	498	578	0	24	80	0.3000000
NODE_5214_length_1086_cov_10.700101	498	578	2	56	80	0.7000000
NODE_5214_length_1086_cov_10.700101	551	631	2	80	80	1.0000000
NODE_5215_length_1086_cov_10.656535	277	357	0	9	80	0.1125000
NODE_5215_length_1086_cov_10.656535	277	357	2	21	80	0.2625000
NODE_5215_length_1086_cov_10.656535	277	357	4	50	80	0.6250000
NODE_5215_length_1086_cov_10.656535	330	410	0	62	80	0.7750000
NODE_5215_length_1086_cov_10.656535	330	410	2	18	80	0.2250000
NODE_5216_length_1086_cov_6.873354	374	454	0	40	80	0.5000000
NODE_5216_length_1086_cov_6.873354	374	454	2	40	80	0.5000000
NODE_5216_length_1086_cov_6.873354	427	507	2	80	80	1.0000000
NODE_5217_length_1086_cov_5.225937	869	949	0	40	80	0.5000000
NODE_5217_length_1086_cov_5.225937	869	949	2	40	80	0.5000000
NODE_5217_length_1086_cov_5.225937	922	1002	2	80	80	1.0000000
NODE_5229_length_1085_cov_30.599391	515	595	5	2	80	0.0250000
NODE_5229_length_1085_cov_30.599391	515	595	6	12	80	0.1500000
NODE_5229_length_1085_cov_30.599391	515	595	7	5	80	0.0625000
NODE_5229_length_1085_cov_30.599391	515	595	8	1	80	0.0125000
NODE_5229_length_1085_cov_30.599391	515	595	9	37	80	0.4625000
NODE_5229_length_1085_cov_30.599391	515	595	10	5	80	0.0625000
NODE_5229_length_1085_cov_30.599391	515	595	11	2	80	0.0250000
NODE_5229_length_1085_cov_30.599391	515	595	13	5	80	0.0625000
NODE_5229_length_1085_cov_30.599391	515	595	14	1	80	0.0125000
NODE_5229_length_1085_cov_30.599391	515	595	15	10	80	0.1250000
NODE_5229_length_1085_cov_30.599391	568	648	5	2	80	0.0250000
NODE_5229_length_1085_cov_30.599391	568	648	7	1	80	0.0125000
NODE_5229_length_1085_cov_30.599391	568	648	8	1	80	0.0125000
NODE_5229_length_1085_cov_30.599391	568	648	10	5	80	0.0625000
NODE_5229_length_1085_cov_30.599391	568	648	11	2	80	0.0250000
NODE_5229_length_1085_cov_30.599391	568	648	13	58	80	0.7250000
NODE_5229_length_1085_cov_30.599391	568	648	14	1	80	0.0125000
NODE_5229_length_1085_cov_30.599391	568	648	15	10	80	0.1250000
NODE_5231_length_1085_cov_13.723124	558	638	0	7	80	0.0875000
NODE_5231_length_1085_cov_13.723124	558	638	3	15	80	0.1875000
NODE_5231_length_1085_cov_13.723124	558	638	7	58	80	0.7250000
NODE_5231_length_1085_cov_13.723124	611	691	7	31	80	0.3875000
NODE_5231_length_1085_cov_13.723124	611	691	8	49	80	0.6125000
NODE_5232_length_1085_cov_12.481744	576	656	4	2	80	0.0250000
NODE_5232_length_1085_cov_12.481744	576	656	8	23	80	0.2875000
NODE_5232_length_1085_cov_12.481744	576	656	10	55	80	0.6875000
NODE_5232_length_1085_cov_12.481744	629	709	2	18	80	0.2250000
NODE_5232_length_1085_cov_12.481744	629	709	4	37	80	0.4625000
NODE_5232_length_1085_cov_12.481744	629	709	10	25	80	0.3125000
NODE_5233_length_1085_cov_11.570994	553	633	0	75	80	0.9375000
NODE_5233_length_1085_cov_11.570994	553	633	2	5	80	0.0625000
NODE_5233_length_1085_cov_11.570994	606	686	0	22	80	0.2750000
NODE_5233_length_1085_cov_11.570994	606	686	2	58	80	0.7250000
NODE_5234_length_1085_cov_10.730223	273	353	0	80	80	1.0000000
NODE_5234_length_1085_cov_10.730223	326	406	0	62	80	0.7750000
NODE_5234_length_1085_cov_10.730223	326	406	7	1	80	0.0125000
NODE_5234_length_1085_cov_10.730223	326	406	8	17	80	0.2125000
NODE_5234_length_1085_cov_10.730223	402	482	8	80	80	1.0000000
NODE_5234_length_1085_cov_10.730223	455	535	0	17	80	0.2125000
NODE_5234_length_1085_cov_10.730223	455	535	8	63	80	0.7875000
NODE_5234_length_1085_cov_10.730223	832	908	2	3	76	0.0394737
NODE_5234_length_1085_cov_10.730223	832	908	6	24	76	0.3157895
NODE_5234_length_1085_cov_10.730223	832	908	10	1	76	0.0131579
NODE_5234_length_1085_cov_10.730223	832	908	12	48	76	0.6315789
NODE_5236_length_1085_cov_8.309331	400	480	4	80	80	1.0000000
NODE_5236_length_1085_cov_8.309331	453	533	0	14	80	0.1750000
NODE_5236_length_1085_cov_8.309331	453	533	4	66	80	0.8250000
NODE_5248_length_1084_cov_60.255838	446	524	4	67	78	0.8589743
NODE_5248_length_1084_cov_60.255838	446	524	6	11	78	0.1410256
NODE_5248_length_1084_cov_60.255838	497	577	0	8	80	0.1000000
NODE_5248_length_1084_cov_60.255838	497	577	2	42	80	0.5250000
NODE_5248_length_1084_cov_60.255838	497	577	4	16	80	0.2000000
NODE_5248_length_1084_cov_60.255838	497	577	6	14	80	0.1750000
NODE_5249_length_1084_cov_33.332995	445	525	6	5	80	0.0625000
NODE_5249_length_1084_cov_33.332995	445	525	25	1	80	0.0125000
NODE_5249_length_1084_cov_33.332995	445	525	31	41	80	0.5125000
NODE_5249_length_1084_cov_33.332995	445	525	33	15	80	0.1875000
NODE_5249_length_1084_cov_33.332995	445	525	35	18	80	0.2250000
NODE_5249_length_1084_cov_33.332995	498	578	22	14	80	0.1750000
NODE_5249_length_1084_cov_33.332995	498	578	23	8	80	0.1000000
NODE_5249_length_1084_cov_33.332995	498	578	28	13	80	0.1625000
NODE_5249_length_1084_cov_33.332995	498	578	29	6	80	0.0750000
NODE_5249_length_1084_cov_33.332995	498	578	30	6	80	0.0750000
NODE_5249_length_1084_cov_33.332995	498	578	31	10	80	0.1250000
NODE_5249_length_1084_cov_33.332995	498	578	33	9	80	0.1125000
NODE_5249_length_1084_cov_33.332995	498	578	35	14	80	0.1750000
NODE_5250_length_1084_cov_11.004061	757	837	0	80	80	1.0000000
NODE_5250_length_1084_cov_11.004061	810	890	0	80	80	1.0000000
NODE_5258_length_1083_cov_42.182927	451	531	1	8	80	0.1000000
NODE_5258_length_1083_cov_42.182927	451	531	2	57	80	0.7125000
NODE_5258_length_1083_cov_42.182927	451	531	3	15	80	0.1875000
NODE_5258_length_1083_cov_42.182927	504	584	1	8	80	0.1000000
NODE_5258_length_1083_cov_42.182927	504	584	2	45	80	0.5625000
NODE_5258_length_1083_cov_42.182927	504	584	3	27	80	0.3375000
NODE_5258_length_1083_cov_42.182927	580	660	2	4	80	0.0500000
NODE_5258_length_1083_cov_42.182927	580	660	10	15	80	0.1875000
NODE_5258_length_1083_cov_42.182927	580	660	12	34	80	0.4250000
NODE_5258_length_1083_cov_42.182927	580	660	28	13	80	0.1625000
NODE_5258_length_1083_cov_42.182927	580	660	29	1	80	0.0125000
NODE_5258_length_1083_cov_42.182927	580	660	30	13	80	0.1625000
NODE_5258_length_1083_cov_42.182927	633	713	20	8	80	0.1000000
NODE_5258_length_1083_cov_42.182927	633	713	28	33	80	0.4125000
NODE_5258_length_1083_cov_42.182927	633	713	29	1	80	0.0125000
NODE_5258_length_1083_cov_42.182927	633	713	30	38	80	0.4750000
NODE_5259_length_1083_cov_41.163618	275	355	0	74	80	0.9250000
NODE_5259_length_1083_cov_41.163618	275	355	3	6	80	0.0750000
NODE_5259_length_1083_cov_41.163618	328	408	0	21	80	0.2625000
NODE_5259_length_1083_cov_41.163618	328	408	3	44	80	0.5500000
NODE_5259_length_1083_cov_41.163618	328	408	6	15	80	0.1875000
NODE_5259_length_1083_cov_41.163618	404	484	6	21	80	0.2625000
NODE_5259_length_1083_cov_41.163618	404	484	10	59	80	0.7375000
NODE_5259_length_1083_cov_41.163618	457	537	3	38	80	0.4750000
NODE_5259_length_1083_cov_41.163618	457	537	6	2	80	0.0250000
NODE_5259_length_1083_cov_41.163618	457	537	10	40	80	0.5000000
NODE_5260_length_1083_cov_39.798780	527	607	0	75	80	0.9375000
NODE_5260_length_1083_cov_39.798780	527	607	2	5	80	0.0625000
NODE_5260_length_1083_cov_39.798780	580	660	0	22	80	0.2750000
NODE_5260_length_1083_cov_39.798780	580	660	2	58	80	0.7250000
NODE_5261_length_1083_cov_34.261179	475	555	16	14	80	0.1750000
NODE_5261_length_1083_cov_34.261179	475	555	17	26	80	0.3250000
NODE_5261_length_1083_cov_34.261179	475	555	18	14	80	0.1750000
NODE_5261_length_1083_cov_34.261179	475	555	19	7	80	0.0875000
NODE_5261_length_1083_cov_34.261179	475	555	20	1	80	0.0125000
NODE_5261_length_1083_cov_34.261179	475	555	21	18	80	0.2250000
NODE_5261_length_1083_cov_34.261179	528	608	16	52	80	0.6500000
NODE_5261_length_1083_cov_34.261179	528	608	17	13	80	0.1625000
NODE_5261_length_1083_cov_34.261179	528	608	18	15	80	0.1875000
NODE_5262_length_1083_cov_33.573171	486	566	2	42	80	0.5250000
NODE_5262_length_1083_cov_33.573171	486	566	4	8	80	0.1000000
NODE_5262_length_1083_cov_33.573171	486	566	6	8	80	0.1000000
NODE_5262_length_1083_cov_33.573171	486	566	7	5	80	0.0625000
NODE_5262_length_1083_cov_33.573171	486	566	8	17	80	0.2125000
NODE_5262_length_1083_cov_33.573171	539	619	6	8	80	0.1000000
NODE_5262_length_1083_cov_33.573171	539	619	7	5	80	0.0625000
NODE_5262_length_1083_cov_33.573171	539	619	8	30	80	0.3750000
NODE_5262_length_1083_cov_33.573171	539	619	9	5	80	0.0625000
NODE_5262_length_1083_cov_33.573171	539	619	11	10	80	0.1250000
NODE_5262_length_1083_cov_33.573171	539	619	15	10	80	0.1250000
NODE_5262_length_1083_cov_33.573171	539	619	19	7	80	0.0875000
NODE_5262_length_1083_cov_33.573171	539	619	24	5	80	0.0625000
NODE_5262_length_1083_cov_33.573171	615	695	18	31	80	0.3875000
NODE_5262_length_1083_cov_33.573171	615	695	24	49	80	0.6125000
NODE_5262_length_1083_cov_33.573171	668	748	0	4	80	0.0500000
NODE_5262_length_1083_cov_33.573171	668	748	5	6	80	0.0750000
NODE_5262_length_1083_cov_33.573171	668	748	9	6	80	0.0750000
NODE_5262_length_1083_cov_33.573171	668	748	12	15	80	0.1875000
NODE_5262_length_1083_cov_33.573171	668	748	14	11	80	0.1375000
NODE_5262_length_1083_cov_33.573171	668	748	18	38	80	0.4750000
NODE_5263_length_1083_cov_33.091463	452	532	4	21	80	0.2625000
NODE_5263_length_1083_cov_33.091463	452	532	8	10	80	0.1250000
NODE_5263_length_1083_cov_33.091463	452	532	12	49	80	0.6125000
NODE_5263_length_1083_cov_33.091463	505	585	7	29	80	0.3625000
NODE_5263_length_1083_cov_33.091463	505	585	8	34	80	0.4250000
NODE_5263_length_1083_cov_33.091463	505	585	12	17	80	0.2125000
NODE_5264_length_1083_cov_30.982724	550	630	6	13	80	0.1625000
NODE_5264_length_1083_cov_30.982724	550	630	8	9	80	0.1125000
NODE_5264_length_1083_cov_30.982724	550	630	10	58	80	0.7250000
NODE_5264_length_1083_cov_30.982724	603	683	0	29	80	0.3625000
NODE_5264_length_1083_cov_30.982724	603	683	6	37	80	0.4625000
NODE_5264_length_1083_cov_30.982724	603	683	8	9	80	0.1125000
NODE_5264_length_1083_cov_30.982724	603	683	10	5	80	0.0625000
NODE_5265_length_1083_cov_18.819106	586	666	3	1	80	0.0125000
NODE_5265_length_1083_cov_18.819106	586	666	5	63	80	0.7875000
NODE_5265_length_1083_cov_18.819106	586	666	6	16	80	0.2000000
NODE_5265_length_1083_cov_18.819106	639	719	5	51	80	0.6375000
NODE_5265_length_1083_cov_18.819106	639	719	6	24	80	0.3000000
NODE_5265_length_1083_cov_18.819106	639	719	7	5	80	0.0625000
NODE_5266_length_1083_cov_17.278455	408	488	2	80	80	1.0000000
NODE_5266_length_1083_cov_17.278455	461	541	0	4	80	0.0500000
NODE_5266_length_1083_cov_17.278455	461	541	1	33	80	0.4125000
NODE_5266_length_1083_cov_17.278455	461	541	2	43	80	0.5375000
NODE_5267_length_1083_cov_13.862805	481	561	0	80	80	1.0000000
NODE_5267_length_1083_cov_13.862805	534	614	0	80	80	1.0000000
NODE_5268_length_1083_cov_13.083333	522	602	0	47	80	0.5875000
NODE_5268_length_1083_cov_13.083333	522	602	2	24	80	0.3000000
NODE_5268_length_1083_cov_13.083333	522	602	4	9	80	0.1125000
NODE_5268_length_1083_cov_13.083333	575	655	2	18	80	0.2250000
NODE_5268_length_1083_cov_13.083333	575	655	4	62	80	0.7750000
NODE_5269_length_1083_cov_11.824187	242	322	0	80	80	1.0000000
NODE_5269_length_1083_cov_11.824187	295	375	0	80	80	1.0000000
NODE_5271_length_1083_cov_3.025407	359	439	0	20	80	0.2500000
NODE_5271_length_1083_cov_3.025407	359	439	2	60	80	0.7500000
NODE_5271_length_1083_cov_3.025407	412	489	0	21	77	0.2727273
NODE_5271_length_1083_cov_3.025407	412	489	2	56	77	0.7272727
NODE_5277_length_1082_cov_34.664293	461	541	0	29	80	0.3625000
NODE_5277_length_1082_cov_34.664293	461	541	2	24	80	0.3000000
NODE_5277_length_1082_cov_34.664293	461	541	4	27	80	0.3375000
NODE_5277_length_1082_cov_34.664293	514	594	2	12	80	0.1500000
NODE_5277_length_1082_cov_34.664293	514	594	4	68	80	0.8500000
NODE_5278_length_1082_cov_17.422177	406	486	2	80	80	1.0000000
NODE_5278_length_1082_cov_17.422177	459	539	0	31	80	0.3875000
NODE_5278_length_1082_cov_17.422177	459	539	2	49	80	0.6125000
NODE_5279_length_1082_cov_15.906409	442	522	6	33	80	0.4125000
NODE_5279_length_1082_cov_15.906409	442	522	10	47	80	0.5875000
NODE_5279_length_1082_cov_15.906409	495	575	2	16	80	0.2000000
NODE_5279_length_1082_cov_15.906409	495	575	6	27	80	0.3375000
NODE_5279_length_1082_cov_15.906409	495	575	10	37	80	0.4625000
NODE_5280_length_1082_cov_13.703967	324	404	0	80	80	1.0000000
NODE_5280_length_1082_cov_13.703967	377	457	0	80	80	1.0000000
NODE_5281_length_1082_cov_6.478128	159	205	5	6	46	0.1304348
NODE_5281_length_1082_cov_6.478128	159	205	7	5	46	0.1086956
NODE_5281_length_1082_cov_6.478128	159	205	8	35	46	0.7608696
NODE_5281_length_1082_cov_6.478128	203	283	2	3	80	0.0375000
NODE_5281_length_1082_cov_6.478128	203	283	4	17	80	0.2125000
NODE_5281_length_1082_cov_6.478128	203	283	5	3	80	0.0375000
NODE_5281_length_1082_cov_6.478128	203	283	6	4	80	0.0500000
NODE_5281_length_1082_cov_6.478128	203	283	7	1	80	0.0125000
NODE_5281_length_1082_cov_6.478128	203	283	8	15	80	0.1875000
NODE_5281_length_1082_cov_6.478128	203	283	10	37	80	0.4625000
NODE_5281_length_1082_cov_6.478128	256	336	4	9	80	0.1125000
NODE_5281_length_1082_cov_6.478128	256	336	6	20	80	0.2500000
NODE_5281_length_1082_cov_6.478128	256	336	8	5	80	0.0625000
NODE_5281_length_1082_cov_6.478128	256	336	10	46	80	0.5750000
NODE_5281_length_1082_cov_6.478128	861	941	0	15	80	0.1875000
NODE_5281_length_1082_cov_6.478128	861	941	1	28	80	0.3500000
NODE_5281_length_1082_cov_6.478128	861	941	2	37	80	0.4625000
NODE_5282_length_1082_cov_4.218718	982	1062	76	2	80	0.0250000
NODE_5282_length_1082_cov_4.218718	982	1062	78	1	80	0.0125000
NODE_5282_length_1082_cov_4.218718	982	1062	80	1	80	0.0125000
NODE_5282_length_1082_cov_4.218718	982	1062	90	1	80	0.0125000
NODE_5282_length_1082_cov_4.218718	982	1062	96	4	80	0.0500000
NODE_5282_length_1082_cov_4.218718	982	1062	102	1	80	0.0125000
NODE_5282_length_1082_cov_4.218718	982	1062	106	1	80	0.0125000
NODE_5282_length_1082_cov_4.218718	982	1062	108	1	80	0.0125000
NODE_5282_length_1082_cov_4.218718	982	1062	121	1	80	0.0125000
NODE_5282_length_1082_cov_4.218718	982	1062	125	3	80	0.0375000
NODE_5282_length_1082_cov_4.218718	982	1062	129	2	80	0.0250000
NODE_5282_length_1082_cov_4.218718	982	1062	137	1	80	0.0125000
NODE_5282_length_1082_cov_4.218718	982	1062	139	2	80	0.0250000
NODE_5282_length_1082_cov_4.218718	982	1062	142	4	80	0.0500000
NODE_5282_length_1082_cov_4.218718	982	1062	150	3	80	0.0375000
NODE_5282_length_1082_cov_4.218718	982	1062	152	10	80	0.1250000
NODE_5282_length_1082_cov_4.218718	982	1062	154	2	80	0.0250000
NODE_5282_length_1082_cov_4.218718	982	1062	158	1	80	0.0125000
NODE_5282_length_1082_cov_4.218718	982	1062	162	8	80	0.1000000
NODE_5282_length_1082_cov_4.218718	982	1062	164	1	80	0.0125000
NODE_5282_length_1082_cov_4.218718	982	1062	166	2	80	0.0250000
NODE_5282_length_1082_cov_4.218718	982	1062	169	7	80	0.0875000
NODE_5282_length_1082_cov_4.218718	982	1062	170	3	80	0.0375000
NODE_5282_length_1082_cov_4.218718	982	1062	172	1	80	0.0125000
NODE_5282_length_1082_cov_4.218718	982	1062	176	4	80	0.0500000
NODE_5282_length_1082_cov_4.218718	982	1062	177	8	80	0.1000000
NODE_5282_length_1082_cov_4.218718	982	1062	178	2	80	0.0250000
NODE_5282_length_1082_cov_4.218718	982	1062	180	3	80	0.0375000
NODE_5291_length_1081_cov_45.308554	510	590	2	37	80	0.4625000
NODE_5291_length_1081_cov_45.308554	510	590	4	43	80	0.5375000
NODE_5291_length_1081_cov_45.308554	563	643	0	19	80	0.2375000
NODE_5291_length_1081_cov_45.308554	563	643	2	19	80	0.2375000
NODE_5291_length_1081_cov_45.308554	563	643	4	42	80	0.5250000
NODE_5292_length_1081_cov_39.581466	476	556	11	11	80	0.1375000
NODE_5292_length_1081_cov_39.581466	476	556	12	2	80	0.0250000
NODE_5292_length_1081_cov_39.581466	476	556	13	14	80	0.1750000
NODE_5292_length_1081_cov_39.581466	476	556	16	3	80	0.0375000
NODE_5292_length_1081_cov_39.581466	476	556	17	40	80	0.5000000
NODE_5292_length_1081_cov_39.581466	476	556	19	10	80	0.1250000
NODE_5292_length_1081_cov_39.581466	529	609	6	16	80	0.2000000
NODE_5292_length_1081_cov_39.581466	529	609	9	10	80	0.1250000
NODE_5292_length_1081_cov_39.581466	529	609	10	17	80	0.2125000
NODE_5292_length_1081_cov_39.581466	529	609	12	12	80	0.1500000
NODE_5292_length_1081_cov_39.581466	529	609	16	3	80	0.0375000
NODE_5292_length_1081_cov_39.581466	529	609	17	17	80	0.2125000
NODE_5292_length_1081_cov_39.581466	529	609	19	5	80	0.0625000
NODE_5292_length_1081_cov_39.581466	605	685	6	24	80	0.3000000
NODE_5292_length_1081_cov_39.581466	605	685	8	29	80	0.3625000
NODE_5292_length_1081_cov_39.581466	605	685	9	3	80	0.0375000
NODE_5292_length_1081_cov_39.581466	605	685	10	19	80	0.2375000
NODE_5292_length_1081_cov_39.581466	605	685	12	5	80	0.0625000
NODE_5292_length_1081_cov_39.581466	658	738	8	80	80	1.0000000
NODE_5293_length_1081_cov_39.457230	373	453	2	76	80	0.9500000
NODE_5293_length_1081_cov_39.457230	373	453	4	4	80	0.0500000
NODE_5293_length_1081_cov_39.457230	426	506	2	74	80	0.9250000
NODE_5293_length_1081_cov_39.457230	426	506	4	6	80	0.0750000
NODE_5294_length_1081_cov_20.415479	376	451	0	75	75	1.0000000
NODE_5294_length_1081_cov_20.415479	436	511	0	75	75	1.0000000
NODE_5294_length_1081_cov_20.415479	496	571	0	31	75	0.4133333
NODE_5294_length_1081_cov_20.415479	496	571	10	44	75	0.5866666
NODE_5294_length_1081_cov_20.415479	544	624	10	46	80	0.5750000
NODE_5294_length_1081_cov_20.415479	544	624	12	34	80	0.4250000
NODE_5295_length_1081_cov_19.985743	378	458	0	46	80	0.5750000
NODE_5295_length_1081_cov_19.985743	378	458	2	34	80	0.4250000
NODE_5295_length_1081_cov_19.985743	431	511	2	63	80	0.7875000
NODE_5295_length_1081_cov_19.985743	431	511	4	17	80	0.2125000
NODE_5295_length_1081_cov_19.985743	507	587	2	4	80	0.0500000
NODE_5295_length_1081_cov_19.985743	507	587	3	40	80	0.5000000
NODE_5295_length_1081_cov_19.985743	507	587	4	36	80	0.4500000
NODE_5295_length_1081_cov_19.985743	560	640	0	22	80	0.2750000
NODE_5295_length_1081_cov_19.985743	560	640	1	21	80	0.2625000
NODE_5295_length_1081_cov_19.985743	560	640	3	37	80	0.4625000
NODE_5296_length_1081_cov_12.658859	468	548	2	48	80	0.6000000
NODE_5296_length_1081_cov_12.658859	468	548	4	32	80	0.4000000
NODE_5296_length_1081_cov_12.658859	521	601	2	47	80	0.5875000
NODE_5296_length_1081_cov_12.658859	521	601	4	33	80	0.4125000
NODE_5299_length_1081_cov_2.586558	7	44	0	37	37	1.0000000
NODE_5304_length_1080_cov_27.857288	261	341	2	48	80	0.6000000
NODE_5304_length_1080_cov_27.857288	261	341	4	32	80	0.4000000
NODE_5304_length_1080_cov_27.857288	314	394	0	8	80	0.1000000
NODE_5304_length_1080_cov_27.857288	314	394	2	17	80	0.2125000
NODE_5304_length_1080_cov_27.857288	314	394	4	55	80	0.6875000
NODE_5305_length_1080_cov_24.258919	321	401	8	36	80	0.4500000
NODE_5305_length_1080_cov_24.258919	321	401	10	44	80	0.5500000
NODE_5305_length_1080_cov_24.258919	374	454	8	49	80	0.6125000
NODE_5305_length_1080_cov_24.258919	374	454	10	23	80	0.2875000
NODE_5305_length_1080_cov_24.258919	374	454	12	5	80	0.0625000
NODE_5305_length_1080_cov_24.258919	374	454	15	1	80	0.0125000
NODE_5305_length_1080_cov_24.258919	374	454	16	2	80	0.0250000
NODE_5305_length_1080_cov_24.258919	450	530	6	2	80	0.0250000
NODE_5305_length_1080_cov_24.258919	450	530	8	3	80	0.0375000
NODE_5305_length_1080_cov_24.258919	450	530	10	53	80	0.6625000
NODE_5305_length_1080_cov_24.258919	450	530	12	22	80	0.2750000
NODE_5305_length_1080_cov_24.258919	503	583	4	19	80	0.2375000
NODE_5305_length_1080_cov_24.258919	503	583	6	36	80	0.4500000
NODE_5305_length_1080_cov_24.258919	503	583	8	3	80	0.0375000
NODE_5305_length_1080_cov_24.258919	503	583	10	2	80	0.0250000
NODE_5305_length_1080_cov_24.258919	503	583	12	20	80	0.2500000
NODE_5306_length_1080_cov_22.589195	446	526	0	11	80	0.1375000
NODE_5306_length_1080_cov_22.589195	446	526	2	18	80	0.2250000
NODE_5306_length_1080_cov_22.589195	446	526	4	4	80	0.0500000
NODE_5306_length_1080_cov_22.589195	446	526	6	3	80	0.0375000
NODE_5306_length_1080_cov_22.589195	446	526	8	44	80	0.5500000
NODE_5306_length_1080_cov_22.589195	499	579	8	80	80	1.0000000
NODE_5306_length_1080_cov_22.589195	575	655	2	23	80	0.2875000
NODE_5306_length_1080_cov_22.589195	575	655	4	7	80	0.0875000
NODE_5306_length_1080_cov_22.589195	575	655	8	34	80	0.4250000
NODE_5306_length_1080_cov_22.589195	575	655	9	1	80	0.0125000
NODE_5306_length_1080_cov_22.589195	575	655	10	15	80	0.1875000
NODE_5306_length_1080_cov_22.589195	628	708	0	5	80	0.0625000
NODE_5306_length_1080_cov_22.589195	628	708	2	71	80	0.8875000
NODE_5306_length_1080_cov_22.589195	628	708	4	4	80	0.0500000
NODE_5307_length_1080_cov_15.544343	599	679	0	54	80	0.6750000
NODE_5307_length_1080_cov_15.544343	599	679	2	26	80	0.3250000
NODE_5307_length_1080_cov_15.544343	652	732	0	1	80	0.0125000
NODE_5307_length_1080_cov_15.544343	652	732	2	44	80	0.5500000
NODE_5307_length_1080_cov_15.544343	652	732	4	35	80	0.4375000
NODE_5308_length_1080_cov_10.416922	321	401	0	17	80	0.2125000
NODE_5308_length_1080_cov_10.416922	321	401	2	2	80	0.0250000
NODE_5308_length_1080_cov_10.416922	321	401	6	61	80	0.7625000
NODE_5308_length_1080_cov_10.416922	374	454	4	11	80	0.1375000
NODE_5308_length_1080_cov_10.416922	374	454	6	69	80	0.8625000
NODE_5315_length_1079_cov_55.352041	367	447	0	34	80	0.4250000
NODE_5315_length_1079_cov_55.352041	367	447	6	46	80	0.5750000
NODE_5315_length_1079_cov_55.352041	420	500	6	80	80	1.0000000
NODE_5315_length_1079_cov_55.352041	496	576	0	42	80	0.5250000
NODE_5315_length_1079_cov_55.352041	496	576	6	38	80	0.4750000
NODE_5315_length_1079_cov_55.352041	549	629	0	80	80	1.0000000
NODE_5316_length_1079_cov_46.879592	444	524	4	41	80	0.5125000
NODE_5316_length_1079_cov_46.879592	444	524	6	11	80	0.1375000
NODE_5316_length_1079_cov_46.879592	444	524	8	28	80	0.3500000
NODE_5316_length_1079_cov_46.879592	497	577	2	15	80	0.1875000
NODE_5316_length_1079_cov_46.879592	497	577	4	29	80	0.3625000
NODE_5316_length_1079_cov_46.879592	497	577	5	6	80	0.0750000
NODE_5316_length_1079_cov_46.879592	497	577	6	9	80	0.1125000
NODE_5316_length_1079_cov_46.879592	497	577	8	21	80	0.2625000
NODE_5316_length_1079_cov_46.879592	573	652	2	77	79	0.9746835
NODE_5316_length_1079_cov_46.879592	573	652	4	2	79	0.0253165
NODE_5316_length_1079_cov_46.879592	625	703	0	45	78	0.5769231
NODE_5316_length_1079_cov_46.879592	625	703	2	33	78	0.4230769
NODE_5317_length_1079_cov_13.708163	611	691	4	20	80	0.2500000
NODE_5317_length_1079_cov_13.708163	611	691	6	60	80	0.7500000
NODE_5317_length_1079_cov_13.708163	664	744	0	13	80	0.1625000
NODE_5317_length_1079_cov_13.708163	664	744	2	1	80	0.0125000
NODE_5317_length_1079_cov_13.708163	664	744	4	59	80	0.7375000
NODE_5317_length_1079_cov_13.708163	664	744	6	7	80	0.0875000
NODE_5318_length_1079_cov_8.632653	416	496	0	20	80	0.2500000
NODE_5318_length_1079_cov_8.632653	416	496	2	7	80	0.0875000
NODE_5318_length_1079_cov_8.632653	416	496	6	6	80	0.0750000
NODE_5318_length_1079_cov_8.632653	416	496	8	47	80	0.5875000
NODE_5318_length_1079_cov_8.632653	469	549	0	4	80	0.0500000
NODE_5318_length_1079_cov_8.632653	469	549	4	17	80	0.2125000
NODE_5318_length_1079_cov_8.632653	469	549	6	18	80	0.2250000
NODE_5318_length_1079_cov_8.632653	469	549	8	41	80	0.5125000
NODE_5325_length_1078_cov_27.804903	357	437	0	28	80	0.3500000
NODE_5325_length_1078_cov_27.804903	357	437	2	33	80	0.4125000
NODE_5325_length_1078_cov_27.804903	357	437	7	1	80	0.0125000
NODE_5325_length_1078_cov_27.804903	357	437	8	18	80	0.2250000
NODE_5325_length_1078_cov_27.804903	410	490	2	8	80	0.1000000
NODE_5325_length_1078_cov_27.804903	410	490	7	1	80	0.0125000
NODE_5325_length_1078_cov_27.804903	410	490	8	71	80	0.8875000
NODE_5326_length_1078_cov_26.071502	459	539	0	51	80	0.6375000
NODE_5326_length_1078_cov_26.071502	459	539	2	25	80	0.3125000
NODE_5326_length_1078_cov_26.071502	459	539	6	4	80	0.0500000
NODE_5326_length_1078_cov_26.071502	512	592	2	23	80	0.2875000
NODE_5326_length_1078_cov_26.071502	512	592	6	57	80	0.7125000
NODE_5326_length_1078_cov_26.071502	588	668	6	13	80	0.1625000
NODE_5326_length_1078_cov_26.071502	588	668	12	3	80	0.0375000
NODE_5326_length_1078_cov_26.071502	588	668	14	30	80	0.3750000
NODE_5326_length_1078_cov_26.071502	588	668	16	11	80	0.1375000
NODE_5326_length_1078_cov_26.071502	588	668	18	23	80	0.2875000
NODE_5326_length_1078_cov_26.071502	641	718	12	20	77	0.2597403
NODE_5326_length_1078_cov_26.071502	641	718	14	53	77	0.6883117
NODE_5326_length_1078_cov_26.071502	641	718	18	4	77	0.0519481
NODE_5327_length_1078_cov_14.985700	495	575	1	51	80	0.6375000
NODE_5327_length_1078_cov_14.985700	495	575	2	29	80	0.3625000
NODE_5327_length_1078_cov_14.985700	548	628	0	8	80	0.1000000
NODE_5327_length_1078_cov_14.985700	548	628	1	72	80	0.9000000
NODE_5333_length_1077_cov_23.876278	546	626	0	40	80	0.5000000
NODE_5333_length_1077_cov_23.876278	546	626	2	40	80	0.5000000
NODE_5333_length_1077_cov_23.876278	599	679	0	7	80	0.0875000
NODE_5333_length_1077_cov_23.876278	599	679	2	73	80	0.9125000
NODE_5334_length_1077_cov_16.067485	532	612	0	11	80	0.1375000
NODE_5334_length_1077_cov_16.067485	532	612	2	31	80	0.3875000
NODE_5334_length_1077_cov_16.067485	532	612	4	32	80	0.4000000
NODE_5334_length_1077_cov_16.067485	532	612	6	6	80	0.0750000
NODE_5334_length_1077_cov_16.067485	585	665	4	33	80	0.4125000
NODE_5334_length_1077_cov_16.067485	585	665	6	47	80	0.5875000
NODE_5335_length_1077_cov_14.568507	556	636	8	29	80	0.3625000
NODE_5335_length_1077_cov_14.568507	556	636	10	51	80	0.6375000
NODE_5335_length_1077_cov_14.568507	609	689	2	15	80	0.1875000
NODE_5335_length_1077_cov_14.568507	609	689	4	33	80	0.4125000
NODE_5335_length_1077_cov_14.568507	609	689	10	32	80	0.4000000
NODE_5336_length_1077_cov_9.507157	496	576	0	76	80	0.9500000
NODE_5336_length_1077_cov_9.507157	496	576	4	4	80	0.0500000
NODE_5336_length_1077_cov_9.507157	549	629	0	23	80	0.2875000
NODE_5336_length_1077_cov_9.507157	549	629	4	57	80	0.7125000
NODE_5342_length_1077_cov_1.781186	252	274	0	22	22	1.0000000
NODE_5345_length_1076_cov_20.592631	534	614	2	62	80	0.7750000
NODE_5345_length_1076_cov_20.592631	534	614	4	2	80	0.0250000
NODE_5345_length_1076_cov_20.592631	534	614	6	16	80	0.2000000
NODE_5345_length_1076_cov_20.592631	587	667	2	9	80	0.1125000
NODE_5345_length_1076_cov_20.592631	587	667	4	10	80	0.1250000
NODE_5345_length_1076_cov_20.592631	587	667	6	61	80	0.7625000
NODE_5346_length_1076_cov_14.788127	427	507	0	69	80	0.8625000
NODE_5346_length_1076_cov_14.788127	427	507	6	11	80	0.1375000
NODE_5346_length_1076_cov_14.788127	480	560	0	16	80	0.2000000
NODE_5346_length_1076_cov_14.788127	480	560	6	64	80	0.8000000
NODE_5348_length_1076_cov_6.306039	883	961	0	78	78	1.0000000
NODE_5348_length_1076_cov_6.306039	936	1014	0	78	78	1.0000000
NODE_5357_length_1075_cov_37.941598	550	630	20	79	80	0.9875000
NODE_5357_length_1075_cov_37.941598	550	630	22	1	80	0.0125000
NODE_5357_length_1075_cov_37.941598	603	685	2	8	82	0.0975610
NODE_5357_length_1075_cov_37.941598	603	685	6	16	82	0.1951219
NODE_5357_length_1075_cov_37.941598	603	685	10	9	82	0.1097561
NODE_5357_length_1075_cov_37.941598	603	685	12	17	82	0.2073171
NODE_5357_length_1075_cov_37.941598	603	685	14	2	82	0.0243902
NODE_5357_length_1075_cov_37.941598	603	685	20	26	82	0.3170732
NODE_5357_length_1075_cov_37.941598	603	685	21	1	82	0.0121951
NODE_5357_length_1075_cov_37.941598	603	685	22	3	82	0.0365854
NODE_5357_length_1075_cov_37.941598	681	761	6	1	80	0.0125000
NODE_5357_length_1075_cov_37.941598	681	761	10	1	80	0.0125000
NODE_5357_length_1075_cov_37.941598	681	761	14	22	80	0.2750000
NODE_5357_length_1075_cov_37.941598	681	761	16	56	80	0.7000000
NODE_5357_length_1075_cov_37.941598	734	814	10	30	80	0.3750000
NODE_5357_length_1075_cov_37.941598	734	814	14	27	80	0.3375000
NODE_5357_length_1075_cov_37.941598	734	814	16	23	80	0.2875000
NODE_5358_length_1075_cov_32.224385	397	477	2	8	80	0.1000000
NODE_5358_length_1075_cov_32.224385	397	477	4	18	80	0.2250000
NODE_5358_length_1075_cov_32.224385	397	477	5	2	80	0.0250000
NODE_5358_length_1075_cov_32.224385	397	477	6	40	80	0.5000000
NODE_5358_length_1075_cov_32.224385	397	477	12	8	80	0.1000000
NODE_5358_length_1075_cov_32.224385	397	477	14	1	80	0.0125000
NODE_5358_length_1075_cov_32.224385	397	477	21	1	80	0.0125000
NODE_5358_length_1075_cov_32.224385	397	477	22	2	80	0.0250000
NODE_5358_length_1075_cov_32.224385	450	530	4	15	80	0.1875000
NODE_5358_length_1075_cov_32.224385	450	530	12	8	80	0.1000000
NODE_5358_length_1075_cov_32.224385	450	530	14	1	80	0.0125000
NODE_5358_length_1075_cov_32.224385	450	530	21	1	80	0.0125000
NODE_5358_length_1075_cov_32.224385	450	530	22	55	80	0.6875000
NODE_5359_length_1075_cov_9.626025	440	520	0	80	80	1.0000000
NODE_5359_length_1075_cov_9.626025	493	573	0	80	80	1.0000000
NODE_5362_length_1075_cov_2.926230	38	99	0	61	61	1.0000000
NODE_5372_length_1074_cov_19.034872	568	648	2	10	80	0.1250000
NODE_5372_length_1074_cov_19.034872	568	648	4	1	80	0.0125000
NODE_5372_length_1074_cov_19.034872	568	648	6	69	80	0.8625000
NODE_5372_length_1074_cov_19.034872	621	701	4	39	80	0.4875000
NODE_5372_length_1074_cov_19.034872	621	701	6	38	80	0.4750000
NODE_5372_length_1074_cov_19.034872	621	701	8	3	80	0.0375000
NODE_5372_length_1074_cov_19.034872	697	777	2	33	80	0.4125000
NODE_5372_length_1074_cov_19.034872	697	777	4	45	80	0.5625000
NODE_5372_length_1074_cov_19.034872	697	777	6	2	80	0.0250000
NODE_5372_length_1074_cov_19.034872	750	830	0	8	80	0.1000000
NODE_5372_length_1074_cov_19.034872	750	830	2	72	80	0.9000000
NODE_5373_length_1074_cov_9.450256	577	657	1	16	80	0.2000000
NODE_5373_length_1074_cov_9.450256	577	657	2	35	80	0.4375000
NODE_5373_length_1074_cov_9.450256	577	657	4	29	80	0.3625000
NODE_5373_length_1074_cov_9.450256	630	710	4	80	80	1.0000000
NODE_5374_length_1074_cov_9.155897	526	606	0	28	80	0.3500000
NODE_5374_length_1074_cov_9.155897	526	606	6	52	80	0.6500000
NODE_5374_length_1074_cov_9.155897	579	659	6	34	80	0.4250000
NODE_5374_length_1074_cov_9.155897	579	659	8	18	80	0.2250000
NODE_5374_length_1074_cov_9.155897	579	659	10	28	80	0.3500000
NODE_5374_length_1074_cov_9.155897	655	735	4	17	80	0.2125000
NODE_5374_length_1074_cov_9.155897	655	735	6	3	80	0.0375000
NODE_5374_length_1074_cov_9.155897	655	735	8	43	80	0.5375000
NODE_5374_length_1074_cov_9.155897	655	735	10	9	80	0.1125000
NODE_5374_length_1074_cov_9.155897	655	735	13	1	80	0.0125000
NODE_5374_length_1074_cov_9.155897	655	735	14	7	80	0.0875000
NODE_5374_length_1074_cov_9.155897	708	788	4	70	80	0.8750000
NODE_5374_length_1074_cov_9.155897	708	788	6	3	80	0.0375000
NODE_5374_length_1074_cov_9.155897	708	788	8	7	80	0.0875000
NODE_5375_length_1074_cov_4.600000	606	686	1	4	80	0.0500000
NODE_5375_length_1074_cov_4.600000	606	686	2	76	80	0.9500000
NODE_5375_length_1074_cov_4.600000	659	739	0	37	80	0.4625000
NODE_5375_length_1074_cov_4.600000	659	739	1	20	80	0.2500000
NODE_5375_length_1074_cov_4.600000	659	739	2	23	80	0.2875000
NODE_5376_length_1074_cov_4.328205	32	112	18	5	80	0.0625000
NODE_5376_length_1074_cov_4.328205	32	112	24	6	80	0.0750000
NODE_5376_length_1074_cov_4.328205	32	112	26	18	80	0.2250000
NODE_5376_length_1074_cov_4.328205	32	112	28	20	80	0.2500000
NODE_5376_length_1074_cov_4.328205	32	112	29	7	80	0.0875000
NODE_5376_length_1074_cov_4.328205	32	112	32	7	80	0.0875000
NODE_5376_length_1074_cov_4.328205	32	112	36	4	80	0.0500000
NODE_5376_length_1074_cov_4.328205	32	112	39	13	80	0.1625000
NODE_5380_length_1073_cov_60.012320	448	528	15	16	80	0.2000000
NODE_5380_length_1073_cov_60.012320	448	528	16	64	80	0.8000000
NODE_5380_length_1073_cov_60.012320	501	581	0	21	80	0.2625000
NODE_5380_length_1073_cov_60.012320	501	581	6	14	80	0.1750000
NODE_5380_length_1073_cov_60.012320	501	581	15	34	80	0.4250000
NODE_5380_length_1073_cov_60.012320	501	581	16	11	80	0.1375000
NODE_5382_length_1073_cov_26.415811	529	609	1	42	80	0.5250000
NODE_5382_length_1073_cov_26.415811	529	609	2	16	80	0.2000000
NODE_5382_length_1073_cov_26.415811	529	609	3	22	80	0.2750000
NODE_5382_length_1073_cov_26.415811	582	662	2	5	80	0.0625000
NODE_5382_length_1073_cov_26.415811	582	662	3	40	80	0.5000000
NODE_5382_length_1073_cov_26.415811	582	662	4	35	80	0.4375000
NODE_5383_length_1073_cov_19.062628	571	651	6	50	80	0.6250000
NODE_5383_length_1073_cov_19.062628	571	651	8	30	80	0.3750000
NODE_5383_length_1073_cov_19.062628	624	704	0	19	80	0.2375000
NODE_5383_length_1073_cov_19.062628	624	704	2	13	80	0.1625000
NODE_5383_length_1073_cov_19.062628	624	704	4	4	80	0.0500000
NODE_5383_length_1073_cov_19.062628	624	704	6	28	80	0.3500000
NODE_5383_length_1073_cov_19.062628	624	704	8	16	80	0.2000000
NODE_5384_length_1073_cov_18.536961	447	527	2	32	80	0.4000000
NODE_5384_length_1073_cov_18.536961	447	527	4	29	80	0.3625000
NODE_5384_length_1073_cov_18.536961	447	527	8	19	80	0.2375000
NODE_5384_length_1073_cov_18.536961	500	580	4	36	80	0.4500000
NODE_5384_length_1073_cov_18.536961	500	580	5	1	80	0.0125000
NODE_5384_length_1073_cov_18.536961	500	580	6	6	80	0.0750000
NODE_5384_length_1073_cov_18.536961	500	580	8	37	80	0.4625000
NODE_5384_length_1073_cov_18.536961	576	656	4	9	80	0.1125000
NODE_5384_length_1073_cov_18.536961	576	656	6	60	80	0.7500000
NODE_5384_length_1073_cov_18.536961	576	656	8	11	80	0.1375000
NODE_5384_length_1073_cov_18.536961	629	709	4	29	80	0.3625000
NODE_5384_length_1073_cov_18.536961	629	709	6	40	80	0.5000000
NODE_5384_length_1073_cov_18.536961	629	709	8	11	80	0.1375000
NODE_5385_length_1073_cov_15.318275	712	792	4	28	80	0.3500000
NODE_5385_length_1073_cov_15.318275	712	792	6	52	80	0.6500000
NODE_5385_length_1073_cov_15.318275	765	845	2	33	80	0.4125000
NODE_5385_length_1073_cov_15.318275	765	845	4	25	80	0.3125000
NODE_5385_length_1073_cov_15.318275	765	845	6	22	80	0.2750000
NODE_5386_length_1073_cov_8.376797	287	367	2	19	80	0.2375000
NODE_5386_length_1073_cov_8.376797	287	367	4	61	80	0.7625000
NODE_5386_length_1073_cov_8.376797	340	420	0	10	80	0.1250000
NODE_5386_length_1073_cov_8.376797	340	420	2	14	80	0.1750000
NODE_5386_length_1073_cov_8.376797	340	420	4	56	80	0.7000000
NODE_5387_length_1073_cov_5.749487	257	337	0	80	80	1.0000000
NODE_5387_length_1073_cov_5.749487	310	390	0	80	80	1.0000000
NODE_5388_length_1073_cov_5.156057	408	444	0	5	36	0.1388889
NODE_5388_length_1073_cov_5.156057	408	444	2	31	36	0.8611111
NODE_5390_length_1073_cov_3.019507	1	69	0	68	68	1.0000000
NODE_5390_length_1073_cov_3.019507	42	122	0	80	80	1.0000000
NODE_5399_length_1072_cov_62.729702	351	431	0	47	80	0.5875000
NODE_5399_length_1072_cov_62.729702	351	431	6	32	80	0.4000000
NODE_5399_length_1072_cov_62.729702	351	431	10	1	80	0.0125000
NODE_5399_length_1072_cov_62.729702	404	484	6	26	80	0.3250000
NODE_5399_length_1072_cov_62.729702	404	484	10	39	80	0.4875000
NODE_5399_length_1072_cov_62.729702	404	484	12	10	80	0.1250000
NODE_5399_length_1072_cov_62.729702	404	484	14	5	80	0.0625000
NODE_5399_length_1072_cov_62.729702	480	560	12	13	80	0.1625000
NODE_5399_length_1072_cov_62.729702	480	560	14	12	80	0.1500000
NODE_5399_length_1072_cov_62.729702	480	560	18	29	80	0.3625000
NODE_5399_length_1072_cov_62.729702	480	560	19	1	80	0.0125000
NODE_5399_length_1072_cov_62.729702	480	560	20	25	80	0.3125000
NODE_5399_length_1072_cov_62.729702	533	613	8	17	80	0.2125000
NODE_5399_length_1072_cov_62.729702	533	613	10	18	80	0.2250000
NODE_5399_length_1072_cov_62.729702	533	613	12	31	80	0.3875000
NODE_5399_length_1072_cov_62.729702	533	613	14	5	80	0.0625000
NODE_5399_length_1072_cov_62.729702	533	613	20	9	80	0.1125000
NODE_5400_length_1072_cov_34.045221	430	510	5	41	80	0.5125000
NODE_5400_length_1072_cov_34.045221	430	510	6	12	80	0.1500000
NODE_5400_length_1072_cov_34.045221	430	510	7	20	80	0.2500000
NODE_5400_length_1072_cov_34.045221	430	510	9	7	80	0.0875000
NODE_5400_length_1072_cov_34.045221	483	563	4	16	80	0.2000000
NODE_5400_length_1072_cov_34.045221	483	563	6	49	80	0.6125000
NODE_5400_length_1072_cov_34.045221	483	563	7	8	80	0.1000000
NODE_5400_length_1072_cov_34.045221	483	563	9	7	80	0.0875000
NODE_5401_length_1072_cov_34.006166	342	423	0	41	81	0.5061728
NODE_5401_length_1072_cov_34.006166	342	423	2	40	81	0.4938272
NODE_5401_length_1072_cov_34.006166	396	476	2	31	80	0.3875000
NODE_5401_length_1072_cov_34.006166	396	476	4	49	80	0.6125000
NODE_5401_length_1072_cov_34.006166	472	552	2	27	80	0.3375000
NODE_5401_length_1072_cov_34.006166	472	552	4	6	80	0.0750000
NODE_5401_length_1072_cov_34.006166	472	552	5	10	80	0.1250000
NODE_5401_length_1072_cov_34.006166	472	552	7	25	80	0.3125000
NODE_5401_length_1072_cov_34.006166	472	552	8	11	80	0.1375000
NODE_5401_length_1072_cov_34.006166	472	552	10	1	80	0.0125000
NODE_5401_length_1072_cov_34.006166	525	605	7	15	80	0.1875000
NODE_5401_length_1072_cov_34.006166	525	605	8	64	80	0.8000000
NODE_5401_length_1072_cov_34.006166	525	605	10	1	80	0.0125000
NODE_5403_length_1072_cov_21.852004	300	380	0	80	80	1.0000000
NODE_5403_length_1072_cov_21.852004	353	433	0	80	80	1.0000000
NODE_5404_length_1072_cov_21.532374	476	556	0	2	80	0.0250000
NODE_5404_length_1072_cov_21.532374	476	556	2	29	80	0.3625000
NODE_5404_length_1072_cov_21.532374	476	556	6	13	80	0.1625000
NODE_5404_length_1072_cov_21.532374	476	556	8	22	80	0.2750000
NODE_5404_length_1072_cov_21.532374	476	556	12	14	80	0.1750000
NODE_5404_length_1072_cov_21.532374	529	609	8	13	80	0.1625000
NODE_5404_length_1072_cov_21.532374	529	609	10	37	80	0.4625000
NODE_5404_length_1072_cov_21.532374	529	609	12	30	80	0.3750000
NODE_5405_length_1072_cov_17.018499	415	495	1	4	80	0.0500000
NODE_5405_length_1072_cov_17.018499	415	495	2	34	80	0.4250000
NODE_5405_length_1072_cov_17.018499	415	495	4	42	80	0.5250000
NODE_5405_length_1072_cov_17.018499	468	548	1	5	80	0.0625000
NODE_5405_length_1072_cov_17.018499	468	548	3	36	80	0.4500000
NODE_5405_length_1072_cov_17.018499	468	548	4	39	80	0.4875000
NODE_5410_length_1072_cov_3.302158	388	449	0	61	61	1.0000000
NODE_5410_length_1072_cov_3.302158	422	502	0	43	80	0.5375000
NODE_5410_length_1072_cov_3.302158	422	502	2	37	80	0.4625000
NODE_5414_length_1072_cov_1.773895	114	176	2	62	62	1.0000000
NODE_5417_length_1071_cov_27.565844	312	392	4	80	80	1.0000000
NODE_5417_length_1071_cov_27.565844	365	445	0	52	80	0.6500000
NODE_5417_length_1071_cov_27.565844	365	445	4	28	80	0.3500000
NODE_5419_length_1071_cov_12.666667	480	560	2	80	80	1.0000000
NODE_5419_length_1071_cov_12.666667	533	613	0	47	80	0.5875000
NODE_5419_length_1071_cov_12.666667	533	613	1	1	80	0.0125000
NODE_5419_length_1071_cov_12.666667	533	613	2	32	80	0.4000000
NODE_5421_length_1071_cov_8.942387	418	498	0	80	80	1.0000000
NODE_5421_length_1071_cov_8.942387	471	551	0	80	80	1.0000000
NODE_5427_length_1070_cov_39.255407	591	671	3	34	80	0.4250000
NODE_5427_length_1070_cov_39.255407	591	671	5	10	80	0.1250000
NODE_5427_length_1070_cov_39.255407	591	671	9	3	80	0.0375000
NODE_5427_length_1070_cov_39.255407	591	671	11	33	80	0.4125000
NODE_5427_length_1070_cov_39.255407	644	724	6	28	80	0.3500000
NODE_5427_length_1070_cov_39.255407	644	724	8	1	80	0.0125000
NODE_5427_length_1070_cov_39.255407	644	724	10	1	80	0.0125000
NODE_5427_length_1070_cov_39.255407	644	724	11	50	80	0.6250000
NODE_5428_length_1070_cov_21.903193	430	510	0	1	80	0.0125000
NODE_5428_length_1070_cov_21.903193	430	510	4	79	80	0.9875000
NODE_5428_length_1070_cov_21.903193	483	563	0	35	80	0.4375000
NODE_5428_length_1070_cov_21.903193	483	563	4	45	80	0.5625000
NODE_5428_length_1070_cov_21.903193	559	639	0	22	80	0.2750000
NODE_5428_length_1070_cov_21.903193	559	639	8	12	80	0.1500000
NODE_5428_length_1070_cov_21.903193	559	639	12	25	80	0.3125000
NODE_5428_length_1070_cov_21.903193	559	639	14	11	80	0.1375000
NODE_5428_length_1070_cov_21.903193	559	639	18	10	80	0.1250000
NODE_5428_length_1070_cov_21.903193	612	692	12	6	80	0.0750000
NODE_5428_length_1070_cov_21.903193	612	692	14	22	80	0.2750000
NODE_5428_length_1070_cov_21.903193	612	692	18	52	80	0.6500000
NODE_5429_length_1070_cov_8.963955	871	900	0	3	29	0.1034483
NODE_5429_length_1070_cov_8.963955	871	900	6	1	29	0.0344828
NODE_5429_length_1070_cov_8.963955	871	900	7	2	29	0.0689655
NODE_5429_length_1070_cov_8.963955	871	900	11	1	29	0.0344828
NODE_5429_length_1070_cov_8.963955	871	900	15	2	29	0.0689655
NODE_5429_length_1070_cov_8.963955	871	900	19	1	29	0.0344828
NODE_5429_length_1070_cov_8.963955	871	900	26	1	29	0.0344828
NODE_5429_length_1070_cov_8.963955	871	900	28	11	29	0.3793103
NODE_5429_length_1070_cov_8.963955	871	900	30	1	29	0.0344828
NODE_5429_length_1070_cov_8.963955	871	900	33	5	29	0.1724138
NODE_5429_length_1070_cov_8.963955	871	900	35	1	29	0.0344828
NODE_5429_length_1070_cov_8.963955	873	953	0	1	80	0.0125000
NODE_5429_length_1070_cov_8.963955	873	953	6	1	80	0.0125000
NODE_5429_length_1070_cov_8.963955	873	953	7	2	80	0.0250000
NODE_5429_length_1070_cov_8.963955	873	953	11	1	80	0.0125000
NODE_5429_length_1070_cov_8.963955	873	953	15	2	80	0.0250000
NODE_5429_length_1070_cov_8.963955	873	953	19	1	80	0.0125000
NODE_5429_length_1070_cov_8.963955	873	953	26	1	80	0.0125000
NODE_5429_length_1070_cov_8.963955	873	953	28	11	80	0.1375000
NODE_5429_length_1070_cov_8.963955	873	953	30	1	80	0.0125000
NODE_5429_length_1070_cov_8.963955	873	953	33	5	80	0.0625000
NODE_5429_length_1070_cov_8.963955	873	953	35	4	80	0.0500000
NODE_5429_length_1070_cov_8.963955	873	953	36	1	80	0.0125000
NODE_5429_length_1070_cov_8.963955	873	953	38	4	80	0.0500000
NODE_5429_length_1070_cov_8.963955	873	953	42	4	80	0.0500000
NODE_5429_length_1070_cov_8.963955	873	953	44	18	80	0.2250000
NODE_5429_length_1070_cov_8.963955	873	953	46	11	80	0.1375000
NODE_5429_length_1070_cov_8.963955	873	953	48	12	80	0.1500000
NODE_5433_length_1070_cov_1.659114	1027	1046	0	2	19	0.1052632
NODE_5433_length_1070_cov_1.659114	1027	1046	2	17	19	0.8947368
NODE_5439_length_1069_cov_40.277320	451	531	0	10	80	0.1250000
NODE_5439_length_1069_cov_40.277320	451	531	4	3	80	0.0375000
NODE_5439_length_1069_cov_40.277320	451	531	6	13	80	0.1625000
NODE_5439_length_1069_cov_40.277320	451	531	8	54	80	0.6750000
NODE_5439_length_1069_cov_40.277320	504	584	2	13	80	0.1625000
NODE_5439_length_1069_cov_40.277320	504	584	4	8	80	0.1000000
NODE_5439_length_1069_cov_40.277320	504	584	6	9	80	0.1125000
NODE_5439_length_1069_cov_40.277320	504	584	8	50	80	0.6250000
NODE_5440_length_1069_cov_23.571134	274	354	4	3	80	0.0375000
NODE_5440_length_1069_cov_23.571134	274	354	6	31	80	0.3875000
NODE_5440_length_1069_cov_23.571134	274	354	8	46	80	0.5750000
NODE_5440_length_1069_cov_23.571134	327	407	0	5	80	0.0625000
NODE_5440_length_1069_cov_23.571134	327	407	2	33	80	0.4125000
NODE_5440_length_1069_cov_23.571134	327	407	4	8	80	0.1000000
NODE_5440_length_1069_cov_23.571134	327	407	6	1	80	0.0125000
NODE_5440_length_1069_cov_23.571134	327	407	8	33	80	0.4125000
NODE_5441_length_1069_cov_22.436082	185	265	2	39	80	0.4875000
NODE_5441_length_1069_cov_22.436082	185	265	15	2	80	0.0250000
NODE_5441_length_1069_cov_22.436082	185	265	16	35	80	0.4375000
NODE_5441_length_1069_cov_22.436082	185	265	18	4	80	0.0500000
NODE_5441_length_1069_cov_22.436082	238	318	16	23	80	0.2875000
NODE_5441_length_1069_cov_22.436082	238	318	18	57	80	0.7125000
NODE_5442_length_1069_cov_18.207216	436	516	2	15	80	0.1875000
NODE_5442_length_1069_cov_18.207216	436	516	4	14	80	0.1750000
NODE_5442_length_1069_cov_18.207216	436	516	6	15	80	0.1875000
NODE_5442_length_1069_cov_18.207216	436	516	10	7	80	0.0875000
NODE_5442_length_1069_cov_18.207216	436	516	18	6	80	0.0750000
NODE_5442_length_1069_cov_18.207216	436	516	20	23	80	0.2875000
NODE_5442_length_1069_cov_18.207216	489	569	16	10	80	0.1250000
NODE_5442_length_1069_cov_18.207216	489	569	17	8	80	0.1000000
NODE_5442_length_1069_cov_18.207216	489	569	18	11	80	0.1375000
NODE_5442_length_1069_cov_18.207216	489	569	20	51	80	0.6375000
NODE_5443_length_1069_cov_17.601031	596	676	0	18	80	0.2250000
NODE_5443_length_1069_cov_17.601031	596	676	2	11	80	0.1375000
NODE_5443_length_1069_cov_17.601031	596	676	4	9	80	0.1125000
NODE_5443_length_1069_cov_17.601031	596	676	11	1	80	0.0125000
NODE_5443_length_1069_cov_17.601031	596	676	12	41	80	0.5125000
NODE_5443_length_1069_cov_17.601031	649	729	12	38	80	0.4750000
NODE_5443_length_1069_cov_17.601031	649	729	13	1	80	0.0125000
NODE_5443_length_1069_cov_17.601031	649	729	14	41	80	0.5125000
NODE_5444_length_1069_cov_16.318557	353	433	0	40	80	0.5000000
NODE_5444_length_1069_cov_16.318557	353	433	2	17	80	0.2125000
NODE_5444_length_1069_cov_16.318557	353	433	4	23	80	0.2875000
NODE_5444_length_1069_cov_16.318557	406	486	2	4	80	0.0500000
NODE_5444_length_1069_cov_16.318557	406	486	4	76	80	0.9500000
NODE_5444_length_1069_cov_16.318557	482	562	0	60	80	0.7500000
NODE_5444_length_1069_cov_16.318557	482	562	2	1	80	0.0125000
NODE_5444_length_1069_cov_16.318557	482	562	4	19	80	0.2375000
NODE_5444_length_1069_cov_16.318557	535	615	0	80	80	1.0000000
NODE_5445_length_1069_cov_13.349485	471	551	2	4	80	0.0500000
NODE_5445_length_1069_cov_13.349485	471	551	4	14	80	0.1750000
NODE_5445_length_1069_cov_13.349485	471	551	6	9	80	0.1125000
NODE_5445_length_1069_cov_13.349485	471	551	8	11	80	0.1375000
NODE_5445_length_1069_cov_13.349485	471	551	10	42	80	0.5250000
NODE_5445_length_1069_cov_13.349485	524	604	6	25	80	0.3125000
NODE_5445_length_1069_cov_13.349485	524	604	8	39	80	0.4875000
NODE_5445_length_1069_cov_13.349485	524	604	10	16	80	0.2000000
NODE_5446_length_1069_cov_13.050515	314	394	2	11	80	0.1375000
NODE_5446_length_1069_cov_13.050515	314	394	4	69	80	0.8625000
NODE_5446_length_1069_cov_13.050515	367	447	0	8	80	0.1000000
NODE_5446_length_1069_cov_13.050515	367	447	2	56	80	0.7000000
NODE_5446_length_1069_cov_13.050515	367	447	4	16	80	0.2000000
NODE_5447_length_1069_cov_12.818557	240	320	2	6	80	0.0750000
NODE_5447_length_1069_cov_12.818557	240	320	4	8	80	0.1000000
NODE_5447_length_1069_cov_12.818557	240	320	6	66	80	0.8250000
NODE_5447_length_1069_cov_12.818557	293	373	0	14	80	0.1750000
NODE_5447_length_1069_cov_12.818557	293	373	2	45	80	0.5625000
NODE_5447_length_1069_cov_12.818557	293	373	6	21	80	0.2625000
NODE_5448_length_1069_cov_11.985567	554	634	14	80	80	1.0000000
NODE_5448_length_1069_cov_11.985567	607	687	0	15	80	0.1875000
NODE_5448_length_1069_cov_11.985567	607	687	5	8	80	0.1000000
NODE_5448_length_1069_cov_11.985567	607	687	10	22	80	0.2750000
NODE_5448_length_1069_cov_11.985567	607	687	14	35	80	0.4375000
NODE_5449_length_1069_cov_10.812371	366	446	4	80	80	1.0000000
NODE_5449_length_1069_cov_10.812371	419	499	0	43	80	0.5375000
NODE_5449_length_1069_cov_10.812371	419	499	4	37	80	0.4625000
NODE_5450_length_1069_cov_7.729897	482	562	0	5	80	0.0625000
NODE_5450_length_1069_cov_7.729897	482	562	2	75	80	0.9375000
NODE_5450_length_1069_cov_7.729897	535	615	0	58	80	0.7250000
NODE_5450_length_1069_cov_7.729897	535	615	2	22	80	0.2750000
NODE_5456_length_1068_cov_31.692466	314	394	0	45	80	0.5625000
NODE_5456_length_1068_cov_31.692466	314	394	2	24	80	0.3000000
NODE_5456_length_1068_cov_31.692466	314	394	4	11	80	0.1375000
NODE_5456_length_1068_cov_31.692466	367	447	2	31	80	0.3875000
NODE_5456_length_1068_cov_31.692466	367	447	4	49	80	0.6125000
NODE_5456_length_1068_cov_31.692466	443	523	0	48	80	0.6000000
NODE_5456_length_1068_cov_31.692466	443	523	2	32	80	0.4000000
NODE_5456_length_1068_cov_31.692466	496	576	0	31	80	0.3875000
NODE_5456_length_1068_cov_31.692466	496	576	2	49	80	0.6125000
NODE_5457_length_1068_cov_29.579979	347	427	0	48	80	0.6000000
NODE_5457_length_1068_cov_29.579979	347	427	2	32	80	0.4000000
NODE_5457_length_1068_cov_29.579979	400	480	0	46	80	0.5750000
NODE_5457_length_1068_cov_29.579979	400	480	2	34	80	0.4250000
NODE_5459_length_1068_cov_23.020640	476	556	4	17	80	0.2125000
NODE_5459_length_1068_cov_23.020640	476	556	6	3	80	0.0375000
NODE_5459_length_1068_cov_23.020640	476	556	10	32	80	0.4000000
NODE_5459_length_1068_cov_23.020640	476	556	18	28	80	0.3500000
NODE_5459_length_1068_cov_23.020640	529	609	8	9	80	0.1125000
NODE_5459_length_1068_cov_23.020640	529	609	10	21	80	0.2625000
NODE_5459_length_1068_cov_23.020640	529	609	13	1	80	0.0125000
NODE_5459_length_1068_cov_23.020640	529	609	14	19	80	0.2375000
NODE_5459_length_1068_cov_23.020640	529	609	18	30	80	0.3750000
NODE_5460_length_1068_cov_15.272446	546	626	0	80	80	1.0000000
NODE_5460_length_1068_cov_15.272446	599	679	0	80	80	1.0000000
NODE_5461_length_1068_cov_13.557276	674	754	2	42	80	0.5250000
NODE_5461_length_1068_cov_13.557276	674	754	4	38	80	0.4750000
NODE_5461_length_1068_cov_13.557276	727	807	4	29	80	0.3625000
NODE_5461_length_1068_cov_13.557276	727	807	6	51	80	0.6375000
NODE_5479_length_1067_cov_48.282025	429	509	20	28	80	0.3500000
NODE_5479_length_1067_cov_48.282025	429	509	22	1	80	0.0125000
NODE_5479_length_1067_cov_48.282025	429	509	34	6	80	0.0750000
NODE_5479_length_1067_cov_48.282025	429	509	36	12	80	0.1500000
NODE_5479_length_1067_cov_48.282025	429	509	37	1	80	0.0125000
NODE_5479_length_1067_cov_48.282025	429	509	38	32	80	0.4000000
NODE_5479_length_1067_cov_48.282025	482	562	18	17	80	0.2125000
NODE_5479_length_1067_cov_48.282025	482	562	20	2	80	0.0250000
NODE_5479_length_1067_cov_48.282025	482	562	36	29	80	0.3625000
NODE_5479_length_1067_cov_48.282025	482	562	37	1	80	0.0125000
NODE_5479_length_1067_cov_48.282025	482	562	38	29	80	0.3625000
NODE_5479_length_1067_cov_48.282025	482	562	40	2	80	0.0250000
NODE_5480_length_1067_cov_41.111570	460	540	0	24	80	0.3000000
NODE_5480_length_1067_cov_41.111570	460	540	4	23	80	0.2875000
NODE_5480_length_1067_cov_41.111570	460	540	8	8	80	0.1000000
NODE_5480_length_1067_cov_41.111570	460	540	20	1	80	0.0125000
NODE_5480_length_1067_cov_41.111570	460	540	22	5	80	0.0625000
NODE_5480_length_1067_cov_41.111570	460	540	26	19	80	0.2375000
NODE_5480_length_1067_cov_41.111570	513	593	8	2	80	0.0250000
NODE_5480_length_1067_cov_41.111570	513	593	20	1	80	0.0125000
NODE_5480_length_1067_cov_41.111570	513	593	22	5	80	0.0625000
NODE_5480_length_1067_cov_41.111570	513	593	26	21	80	0.2625000
NODE_5480_length_1067_cov_41.111570	513	593	30	12	80	0.1500000
NODE_5480_length_1067_cov_41.111570	513	593	32	39	80	0.4875000
NODE_5481_length_1067_cov_39.109504	295	375	0	8	80	0.1000000
NODE_5481_length_1067_cov_39.109504	295	375	10	10	80	0.1250000
NODE_5481_length_1067_cov_39.109504	295	375	14	17	80	0.2125000
NODE_5481_length_1067_cov_39.109504	295	375	16	32	80	0.4000000
NODE_5481_length_1067_cov_39.109504	295	375	18	13	80	0.1625000
NODE_5481_length_1067_cov_39.109504	348	428	12	17	80	0.2125000
NODE_5481_length_1067_cov_39.109504	348	428	16	16	80	0.2000000
NODE_5481_length_1067_cov_39.109504	348	428	18	47	80	0.5875000
NODE_5481_length_1067_cov_39.109504	424	504	0	45	80	0.5625000
NODE_5481_length_1067_cov_39.109504	424	504	4	17	80	0.2125000
NODE_5481_length_1067_cov_39.109504	424	504	10	4	80	0.0500000
NODE_5481_length_1067_cov_39.109504	424	504	12	14	80	0.1750000
NODE_5481_length_1067_cov_39.109504	477	557	0	10	80	0.1250000
NODE_5481_length_1067_cov_39.109504	477	557	4	70	80	0.8750000
NODE_5482_length_1067_cov_35.426653	252	332	2	37	80	0.4625000
NODE_5482_length_1067_cov_35.426653	252	332	8	43	80	0.5375000
NODE_5482_length_1067_cov_35.426653	305	385	8	29	80	0.3625000
NODE_5482_length_1067_cov_35.426653	305	385	11	13	80	0.1625000
NODE_5482_length_1067_cov_35.426653	305	385	12	32	80	0.4000000
NODE_5482_length_1067_cov_35.426653	305	385	13	6	80	0.0750000
NODE_5483_length_1067_cov_29.467975	412	492	4	2	80	0.0250000
NODE_5483_length_1067_cov_29.467975	412	492	8	59	80	0.7375000
NODE_5483_length_1067_cov_29.467975	412	492	10	7	80	0.0875000
NODE_5483_length_1067_cov_29.467975	412	492	12	12	80	0.1500000
NODE_5483_length_1067_cov_29.467975	465	545	2	8	80	0.1000000
NODE_5483_length_1067_cov_29.467975	465	545	4	23	80	0.2875000
NODE_5483_length_1067_cov_29.467975	465	545	8	31	80	0.3875000
NODE_5483_length_1067_cov_29.467975	465	545	10	6	80	0.0750000
NODE_5483_length_1067_cov_29.467975	465	545	12	12	80	0.1500000
NODE_5484_length_1067_cov_20.738636	579	645	24	1	66	0.0151515
NODE_5484_length_1067_cov_20.738636	579	645	26	5	66	0.0757576
NODE_5484_length_1067_cov_20.738636	579	645	28	1	66	0.0151515
NODE_5484_length_1067_cov_20.738636	579	645	30	1	66	0.0151515
NODE_5484_length_1067_cov_20.738636	579	645	32	4	66	0.0606061
NODE_5484_length_1067_cov_20.738636	579	645	36	2	66	0.0303030
NODE_5484_length_1067_cov_20.738636	579	645	38	8	66	0.1212121
NODE_5484_length_1067_cov_20.738636	579	645	40	1	66	0.0151515
NODE_5484_length_1067_cov_20.738636	579	645	46	2	66	0.0303030
NODE_5484_length_1067_cov_20.738636	579	645	48	1	66	0.0151515
NODE_5484_length_1067_cov_20.738636	579	645	54	4	66	0.0606061
NODE_5484_length_1067_cov_20.738636	579	645	58	2	66	0.0303030
NODE_5484_length_1067_cov_20.738636	579	645	64	4	66	0.0606061
NODE_5484_length_1067_cov_20.738636	579	645	66	2	66	0.0303030
NODE_5484_length_1067_cov_20.738636	579	645	70	1	66	0.0151515
NODE_5484_length_1067_cov_20.738636	579	645	74	4	66	0.0606061
NODE_5484_length_1067_cov_20.738636	579	645	76	1	66	0.0151515
NODE_5484_length_1067_cov_20.738636	579	645	80	10	66	0.1515152
NODE_5484_length_1067_cov_20.738636	579	645	82	10	66	0.1515152
NODE_5484_length_1067_cov_20.738636	579	645	83	1	66	0.0151515
NODE_5484_length_1067_cov_20.738636	579	645	84	1	66	0.0151515
NODE_5484_length_1067_cov_20.738636	618	698	69	3	80	0.0375000
NODE_5484_length_1067_cov_20.738636	618	698	71	1	80	0.0125000
NODE_5484_length_1067_cov_20.738636	618	698	73	2	80	0.0250000
NODE_5484_length_1067_cov_20.738636	618	698	74	4	80	0.0500000
NODE_5484_length_1067_cov_20.738636	618	698	75	1	80	0.0125000
NODE_5484_length_1067_cov_20.738636	618	698	76	1	80	0.0125000
NODE_5484_length_1067_cov_20.738636	618	698	77	4	80	0.0500000
NODE_5484_length_1067_cov_20.738636	618	698	78	2	80	0.0250000
NODE_5484_length_1067_cov_20.738636	618	698	79	1	80	0.0125000
NODE_5484_length_1067_cov_20.738636	618	698	80	12	80	0.1500000
NODE_5484_length_1067_cov_20.738636	618	698	82	17	80	0.2125000
NODE_5484_length_1067_cov_20.738636	618	698	83	1	80	0.0125000
NODE_5484_length_1067_cov_20.738636	618	698	84	8	80	0.1000000
NODE_5484_length_1067_cov_20.738636	618	698	86	13	80	0.1625000
NODE_5484_length_1067_cov_20.738636	618	698	87	2	80	0.0250000
NODE_5484_length_1067_cov_20.738636	618	698	89	3	80	0.0375000
NODE_5484_length_1067_cov_20.738636	618	698	90	4	80	0.0500000
NODE_5484_length_1067_cov_20.738636	618	698	91	1	80	0.0125000
NODE_5485_length_1067_cov_15.280992	538	617	5	7	79	0.0886076
NODE_5485_length_1067_cov_15.280992	538	617	6	10	79	0.1265823
NODE_5485_length_1067_cov_15.280992	538	617	8	25	79	0.3164557
NODE_5485_length_1067_cov_15.280992	538	617	10	37	79	0.4683544
NODE_5485_length_1067_cov_15.280992	590	670	4	10	80	0.1250000
NODE_5485_length_1067_cov_15.280992	590	670	10	70	80	0.8750000
NODE_5486_length_1067_cov_13.708678	478	558	2	9	80	0.1125000
NODE_5486_length_1067_cov_13.708678	478	558	6	71	80	0.8875000
NODE_5486_length_1067_cov_13.708678	531	611	4	1	80	0.0125000
NODE_5486_length_1067_cov_13.708678	531	611	5	6	80	0.0750000
NODE_5486_length_1067_cov_13.708678	531	611	6	73	80	0.9125000
NODE_5488_length_1067_cov_9.070248	625	705	8	16	80	0.2000000
NODE_5488_length_1067_cov_9.070248	625	705	12	64	80	0.8000000
NODE_5488_length_1067_cov_9.070248	678	758	3	15	80	0.1875000
NODE_5488_length_1067_cov_9.070248	678	758	6	26	80	0.3250000
NODE_5488_length_1067_cov_9.070248	678	758	8	28	80	0.3500000
NODE_5488_length_1067_cov_9.070248	678	758	12	11	80	0.1375000
NODE_5494_length_1067_cov_1.946281	765	812	0	47	47	1.0000000
NODE_5501_length_1066_cov_54.227508	395	475	3	11	80	0.1375000
NODE_5501_length_1066_cov_54.227508	395	475	14	7	80	0.0875000
NODE_5501_length_1066_cov_54.227508	395	475	15	6	80	0.0750000
NODE_5501_length_1066_cov_54.227508	395	475	16	45	80	0.5625000
NODE_5501_length_1066_cov_54.227508	395	475	18	11	80	0.1375000
NODE_5501_length_1066_cov_54.227508	448	528	14	7	80	0.0875000
NODE_5501_length_1066_cov_54.227508	448	528	16	33	80	0.4125000
NODE_5501_length_1066_cov_54.227508	448	528	18	40	80	0.5000000
NODE_5502_length_1066_cov_33.501551	357	437	2	11	80	0.1375000
NODE_5502_length_1066_cov_33.501551	357	437	4	27	80	0.3375000
NODE_5502_length_1066_cov_33.501551	357	437	8	2	80	0.0250000
NODE_5502_length_1066_cov_33.501551	357	437	9	14	80	0.1750000
NODE_5502_length_1066_cov_33.501551	357	437	10	9	80	0.1125000
NODE_5502_length_1066_cov_33.501551	357	437	12	13	80	0.1625000
NODE_5502_length_1066_cov_33.501551	357	437	14	4	80	0.0500000
NODE_5502_length_1066_cov_33.501551	410	490	6	1	80	0.0125000
NODE_5502_length_1066_cov_33.501551	410	490	9	1	80	0.0125000
NODE_5502_length_1066_cov_33.501551	410	490	10	38	80	0.4750000
NODE_5502_length_1066_cov_33.501551	410	490	11	1	80	0.0125000
NODE_5502_length_1066_cov_33.501551	410	490	12	13	80	0.1625000
NODE_5502_length_1066_cov_33.501551	410	490	13	3	80	0.0375000
NODE_5502_length_1066_cov_33.501551	410	490	14	23	80	0.2875000
NODE_5503_length_1066_cov_33.115822	397	477	8	4	80	0.0500000
NODE_5503_length_1066_cov_33.115822	397	477	14	10	80	0.1250000
NODE_5503_length_1066_cov_33.115822	397	477	16	66	80	0.8250000
NODE_5503_length_1066_cov_33.115822	450	530	6	13	80	0.1625000
NODE_5503_length_1066_cov_33.115822	450	530	11	1	80	0.0125000
NODE_5503_length_1066_cov_33.115822	450	530	12	22	80	0.2750000
NODE_5503_length_1066_cov_33.115822	450	530	14	11	80	0.1375000
NODE_5503_length_1066_cov_33.115822	450	530	16	29	80	0.3625000
NODE_5503_length_1066_cov_33.115822	450	530	20	4	80	0.0500000
NODE_5504_length_1066_cov_26.517063	215	285	75	1	70	0.0142857
NODE_5504_length_1066_cov_26.517063	215	285	81	3	70	0.0428571
NODE_5504_length_1066_cov_26.517063	215	285	83	1	70	0.0142857
NODE_5504_length_1066_cov_26.517063	215	285	85	1	70	0.0142857
NODE_5504_length_1066_cov_26.517063	215	285	89	2	70	0.0285714
NODE_5504_length_1066_cov_26.517063	215	285	93	1	70	0.0142857
NODE_5504_length_1066_cov_26.517063	215	285	97	2	70	0.0285714
NODE_5504_length_1066_cov_26.517063	215	285	98	1	70	0.0142857
NODE_5504_length_1066_cov_26.517063	215	285	99	3	70	0.0428571
NODE_5504_length_1066_cov_26.517063	215	285	101	4	70	0.0571429
NODE_5504_length_1066_cov_26.517063	215	285	102	1	70	0.0142857
NODE_5504_length_1066_cov_26.517063	215	285	103	2	70	0.0285714
NODE_5504_length_1066_cov_26.517063	215	285	104	6	70	0.0857143
NODE_5504_length_1066_cov_26.517063	215	285	105	4	70	0.0571429
NODE_5504_length_1066_cov_26.517063	215	285	106	6	70	0.0857143
NODE_5504_length_1066_cov_26.517063	215	285	107	15	70	0.2142857
NODE_5504_length_1066_cov_26.517063	215	285	108	5	70	0.0714286
NODE_5504_length_1066_cov_26.517063	215	285	109	4	70	0.0571429
NODE_5504_length_1066_cov_26.517063	215	285	110	2	70	0.0285714
NODE_5504_length_1066_cov_26.517063	215	285	112	1	70	0.0142857
NODE_5504_length_1066_cov_26.517063	215	285	114	1	70	0.0142857
NODE_5504_length_1066_cov_26.517063	215	285	115	2	70	0.0285714
NODE_5504_length_1066_cov_26.517063	215	285	117	1	70	0.0142857
NODE_5504_length_1066_cov_26.517063	215	285	119	1	70	0.0142857
NODE_5505_length_1066_cov_16.906929	526	606	0	28	80	0.3500000
NODE_5505_length_1066_cov_16.906929	526	606	2	52	80	0.6500000
NODE_5505_length_1066_cov_16.906929	579	659	0	26	80	0.3250000
NODE_5505_length_1066_cov_16.906929	579	659	2	54	80	0.6750000
NODE_5506_length_1066_cov_16.190279	298	378	0	26	80	0.3250000
NODE_5506_length_1066_cov_16.190279	298	378	2	45	80	0.5625000
NODE_5506_length_1066_cov_16.190279	298	378	4	9	80	0.1125000
NODE_5506_length_1066_cov_16.190279	351	432	2	18	81	0.2222222
NODE_5506_length_1066_cov_16.190279	351	432	4	63	81	0.7777778
NODE_5507_length_1066_cov_15.444674	582	662	5	1	80	0.0125000
NODE_5507_length_1066_cov_15.444674	582	662	6	33	80	0.4125000
NODE_5507_length_1066_cov_15.444674	582	662	8	46	80	0.5750000
NODE_5507_length_1066_cov_15.444674	635	715	0	14	80	0.1750000
NODE_5507_length_1066_cov_15.444674	635	715	1	1	80	0.0125000
NODE_5507_length_1066_cov_15.444674	635	715	2	16	80	0.2000000
NODE_5507_length_1066_cov_15.444674	635	715	3	20	80	0.2500000
NODE_5507_length_1066_cov_15.444674	635	715	5	3	80	0.0375000
NODE_5507_length_1066_cov_15.444674	635	715	6	26	80	0.3250000
NODE_5516_length_1065_cov_51.693582	480	560	0	3	80	0.0375000
NODE_5516_length_1065_cov_51.693582	480	560	4	1	80	0.0125000
NODE_5516_length_1065_cov_51.693582	480	560	5	5	80	0.0625000
NODE_5516_length_1065_cov_51.693582	480	560	6	29	80	0.3625000
NODE_5516_length_1065_cov_51.693582	480	560	11	28	80	0.3500000
NODE_5516_length_1065_cov_51.693582	480	560	13	14	80	0.1750000
NODE_5516_length_1065_cov_51.693582	533	613	11	13	80	0.1625000
NODE_5516_length_1065_cov_51.693582	533	613	13	67	80	0.8375000
NODE_5517_length_1065_cov_33.428571	422	502	2	3	80	0.0375000
NODE_5517_length_1065_cov_33.428571	422	502	4	5	80	0.0625000
NODE_5517_length_1065_cov_33.428571	422	502	6	7	80	0.0875000
NODE_5517_length_1065_cov_33.428571	422	502	11	5	80	0.0625000
NODE_5517_length_1065_cov_33.428571	422	502	13	4	80	0.0500000
NODE_5517_length_1065_cov_33.428571	422	502	15	4	80	0.0500000
NODE_5517_length_1065_cov_33.428571	422	502	16	14	80	0.1750000
NODE_5517_length_1065_cov_33.428571	422	502	17	7	80	0.0875000
NODE_5517_length_1065_cov_33.428571	422	502	18	17	80	0.2125000
NODE_5517_length_1065_cov_33.428571	422	502	19	2	80	0.0250000
NODE_5517_length_1065_cov_33.428571	422	502	21	12	80	0.1500000
NODE_5517_length_1065_cov_33.428571	422	502	2	3	80	0.0375000
NODE_5517_length_1065_cov_33.428571	422	502	4	5	80	0.0625000
NODE_5517_length_1065_cov_33.428571	422	502	6	7	80	0.0875000
NODE_5517_length_1065_cov_33.428571	422	502	11	5	80	0.0625000
NODE_5517_length_1065_cov_33.428571	422	502	13	4	80	0.0500000
NODE_5517_length_1065_cov_33.428571	422	502	15	4	80	0.0500000
NODE_5517_length_1065_cov_33.428571	422	502	16	14	80	0.1750000
NODE_5517_length_1065_cov_33.428571	422	502	17	7	80	0.0875000
NODE_5517_length_1065_cov_33.428571	422	502	18	17	80	0.2125000
NODE_5517_length_1065_cov_33.428571	422	502	19	2	80	0.0250000
NODE_5517_length_1065_cov_33.428571	422	502	21	12	80	0.1500000
NODE_5517_length_1065_cov_33.428571	422	502	2	3	80	0.0375000
NODE_5517_length_1065_cov_33.428571	422	502	4	5	80	0.0625000
NODE_5517_length_1065_cov_33.428571	422	502	6	7	80	0.0875000
NODE_5517_length_1065_cov_33.428571	422	502	11	5	80	0.0625000
NODE_5517_length_1065_cov_33.428571	422	502	13	4	80	0.0500000
NODE_5517_length_1065_cov_33.428571	422	502	15	4	80	0.0500000
NODE_5517_length_1065_cov_33.428571	422	502	16	14	80	0.1750000
NODE_5517_length_1065_cov_33.428571	422	502	17	7	80	0.0875000
NODE_5517_length_1065_cov_33.428571	422	502	18	17	80	0.2125000
NODE_5517_length_1065_cov_33.428571	422	502	19	2	80	0.0250000
NODE_5517_length_1065_cov_33.428571	422	502	21	12	80	0.1500000
NODE_5517_length_1065_cov_33.428571	475	555	15	4	80	0.0500000
NODE_5517_length_1065_cov_33.428571	475	555	16	2	80	0.0250000
NODE_5517_length_1065_cov_33.428571	475	555	17	7	80	0.0875000
NODE_5517_length_1065_cov_33.428571	475	555	19	10	80	0.1250000
NODE_5517_length_1065_cov_33.428571	475	555	21	36	80	0.4500000
NODE_5517_length_1065_cov_33.428571	475	555	22	5	80	0.0625000
NODE_5517_length_1065_cov_33.428571	475	555	23	16	80	0.2000000
NODE_5517_length_1065_cov_33.428571	475	555	15	4	80	0.0500000
NODE_5517_length_1065_cov_33.428571	475	555	16	2	80	0.0250000
NODE_5517_length_1065_cov_33.428571	475	555	17	7	80	0.0875000
NODE_5517_length_1065_cov_33.428571	475	555	19	10	80	0.1250000
NODE_5517_length_1065_cov_33.428571	475	555	21	36	80	0.4500000
NODE_5517_length_1065_cov_33.428571	475	555	22	5	80	0.0625000
NODE_5517_length_1065_cov_33.428571	475	555	23	16	80	0.2000000
NODE_5517_length_1065_cov_33.428571	551	631	14	26	80	0.3250000
NODE_5517_length_1065_cov_33.428571	551	631	16	9	80	0.1125000
NODE_5517_length_1065_cov_33.428571	551	631	19	6	80	0.0750000
NODE_5517_length_1065_cov_33.428571	551	631	21	2	80	0.0250000
NODE_5517_length_1065_cov_33.428571	551	631	22	18	80	0.2250000
NODE_5517_length_1065_cov_33.428571	551	631	23	1	80	0.0125000
NODE_5517_length_1065_cov_33.428571	551	631	24	18	80	0.2250000
NODE_5517_length_1065_cov_33.428571	551	631	14	26	80	0.3250000
NODE_5517_length_1065_cov_33.428571	551	631	16	9	80	0.1125000
NODE_5517_length_1065_cov_33.428571	551	631	19	6	80	0.0750000
NODE_5517_length_1065_cov_33.428571	551	631	21	2	80	0.0250000
NODE_5517_length_1065_cov_33.428571	551	631	22	18	80	0.2250000
NODE_5517_length_1065_cov_33.428571	551	631	23	1	80	0.0125000
NODE_5517_length_1065_cov_33.428571	551	631	24	18	80	0.2250000
NODE_5517_length_1065_cov_33.428571	551	572	22	6	21	0.2857143
NODE_5517_length_1065_cov_33.428571	551	572	24	15	21	0.7142857
NODE_5517_length_1065_cov_33.428571	604	666	8	9	62	0.1451613
NODE_5517_length_1065_cov_33.428571	604	666	10	19	62	0.3064516
NODE_5517_length_1065_cov_33.428571	604	666	12	7	62	0.1129032
NODE_5517_length_1065_cov_33.428571	604	666	14	18	62	0.2903226
NODE_5517_length_1065_cov_33.428571	604	666	16	9	62	0.1451613
NODE_5517_length_1065_cov_33.428571	604	684	6	15	80	0.1875000
NODE_5517_length_1065_cov_33.428571	604	684	8	12	80	0.1500000
NODE_5517_length_1065_cov_33.428571	604	684	10	19	80	0.2375000
NODE_5517_length_1065_cov_33.428571	604	684	12	7	80	0.0875000
NODE_5517_length_1065_cov_33.428571	604	684	14	18	80	0.2250000
NODE_5517_length_1065_cov_33.428571	604	684	16	9	80	0.1125000
NODE_5518_length_1065_cov_31.874741	255	335	6	8	80	0.1000000
NODE_5518_length_1065_cov_31.874741	255	335	16	17	80	0.2125000
NODE_5518_length_1065_cov_31.874741	255	335	27	8	80	0.1000000
NODE_5518_length_1065_cov_31.874741	255	335	28	18	80	0.2250000
NODE_5518_length_1065_cov_31.874741	255	335	30	14	80	0.1750000
NODE_5518_length_1065_cov_31.874741	255	335	32	11	80	0.1375000
NODE_5518_length_1065_cov_31.874741	255	335	34	4	80	0.0500000
NODE_5518_length_1065_cov_31.874741	308	388	2	30	80	0.3750000
NODE_5518_length_1065_cov_31.874741	308	388	4	9	80	0.1125000
NODE_5518_length_1065_cov_31.874741	308	388	6	22	80	0.2750000
NODE_5518_length_1065_cov_31.874741	308	388	16	17	80	0.2125000
NODE_5518_length_1065_cov_31.874741	308	388	28	2	80	0.0250000
NODE_5519_length_1065_cov_21.762940	234	314	4	3	80	0.0375000
NODE_5519_length_1065_cov_21.762940	234	314	5	8	80	0.1000000
NODE_5519_length_1065_cov_21.762940	234	314	9	16	80	0.2000000
NODE_5519_length_1065_cov_21.762940	234	314	11	15	80	0.1875000
NODE_5519_length_1065_cov_21.762940	234	314	12	15	80	0.1875000
NODE_5519_length_1065_cov_21.762940	234	314	13	23	80	0.2875000
NODE_5519_length_1065_cov_21.762940	287	367	9	16	80	0.2000000
NODE_5519_length_1065_cov_21.762940	287	367	10	7	80	0.0875000
NODE_5519_length_1065_cov_21.762940	287	367	11	20	80	0.2500000
NODE_5519_length_1065_cov_21.762940	287	367	15	24	80	0.3000000
NODE_5519_length_1065_cov_21.762940	287	367	16	13	80	0.1625000
NODE_5520_length_1065_cov_19.947205	447	527	6	7	80	0.0875000
NODE_5520_length_1065_cov_19.947205	447	527	8	14	80	0.1750000
NODE_5520_length_1065_cov_19.947205	447	527	10	59	80	0.7375000
NODE_5520_length_1065_cov_19.947205	500	580	0	44	80	0.5500000
NODE_5520_length_1065_cov_19.947205	500	580	4	2	80	0.0250000
NODE_5520_length_1065_cov_19.947205	500	580	8	21	80	0.2625000
NODE_5520_length_1065_cov_19.947205	500	580	10	13	80	0.1625000
NODE_5521_length_1065_cov_14.590062	343	423	1	5	80	0.0625000
NODE_5521_length_1065_cov_14.590062	343	423	2	50	80	0.6250000
NODE_5521_length_1065_cov_14.590062	343	423	3	25	80	0.3125000
NODE_5521_length_1065_cov_14.590062	396	476	2	64	80	0.8000000
NODE_5521_length_1065_cov_14.590062	396	476	3	16	80	0.2000000
NODE_5522_length_1065_cov_13.232919	243	323	0	5	80	0.0625000
NODE_5522_length_1065_cov_13.232919	243	323	2	34	80	0.4250000
NODE_5522_length_1065_cov_13.232919	243	323	4	41	80	0.5125000
NODE_5522_length_1065_cov_13.232919	296	376	0	57	80	0.7125000
NODE_5522_length_1065_cov_13.232919	296	376	2	11	80	0.1375000
NODE_5522_length_1065_cov_13.232919	296	376	4	12	80	0.1500000
NODE_5523_length_1065_cov_10.670807	481	561	0	25	80	0.3125000
NODE_5523_length_1065_cov_10.670807	481	561	2	55	80	0.6875000
NODE_5523_length_1065_cov_10.670807	534	614	0	15	80	0.1875000
NODE_5523_length_1065_cov_10.670807	534	614	1	1	80	0.0125000
NODE_5523_length_1065_cov_10.670807	534	614	2	64	80	0.8000000
NODE_5524_length_1065_cov_10.473085	496	576	0	80	80	1.0000000
NODE_5524_length_1065_cov_10.473085	549	629	0	80	80	1.0000000
NODE_5525_length_1065_cov_9.711180	286	360	0	74	74	1.0000000
NODE_5525_length_1065_cov_9.711180	339	419	0	80	80	1.0000000
NODE_5534_length_1064_cov_59.929534	457	537	0	10	80	0.1250000
NODE_5534_length_1064_cov_59.929534	457	537	4	70	80	0.8750000
NODE_5534_length_1064_cov_59.929534	510	590	0	63	80	0.7875000
NODE_5534_length_1064_cov_59.929534	510	590	4	17	80	0.2125000
NODE_5534_length_1064_cov_59.929534	586	666	0	58	80	0.7250000
NODE_5534_length_1064_cov_59.929534	586	666	4	9	80	0.1125000
NODE_5534_length_1064_cov_59.929534	586	666	8	13	80	0.1625000
NODE_5534_length_1064_cov_59.929534	639	719	0	5	80	0.0625000
NODE_5534_length_1064_cov_59.929534	639	719	4	9	80	0.1125000
NODE_5534_length_1064_cov_59.929534	639	719	8	66	80	0.8250000
NODE_5535_length_1064_cov_36.480829	367	447	0	15	80	0.1875000
NODE_5535_length_1064_cov_36.480829	367	447	2	2	80	0.0250000
NODE_5535_length_1064_cov_36.480829	367	447	8	6	80	0.0750000
NODE_5535_length_1064_cov_36.480829	367	447	9	16	80	0.2000000
NODE_5535_length_1064_cov_36.480829	367	447	10	41	80	0.5125000
NODE_5535_length_1064_cov_36.480829	420	500	0	7	80	0.0875000
NODE_5535_length_1064_cov_36.480829	420	500	2	1	80	0.0125000
NODE_5535_length_1064_cov_36.480829	420	500	4	20	80	0.2500000
NODE_5535_length_1064_cov_36.480829	420	500	9	41	80	0.5125000
NODE_5535_length_1064_cov_36.480829	420	500	10	11	80	0.1375000
NODE_5535_length_1064_cov_36.480829	496	576	0	27	80	0.3375000
NODE_5535_length_1064_cov_36.480829	496	576	2	21	80	0.2625000
NODE_5535_length_1064_cov_36.480829	496	576	4	23	80	0.2875000
NODE_5535_length_1064_cov_36.480829	496	576	12	9	80	0.1125000
NODE_5535_length_1064_cov_36.480829	549	629	4	18	80	0.2250000
NODE_5535_length_1064_cov_36.480829	549	629	10	6	80	0.0750000
NODE_5535_length_1064_cov_36.480829	549	629	12	56	80	0.7000000
NODE_5536_length_1064_cov_32.307772	547	627	9	20	80	0.2500000
NODE_5536_length_1064_cov_32.307772	547	627	19	3	80	0.0375000
NODE_5536_length_1064_cov_32.307772	547	627	27	1	80	0.0125000
NODE_5536_length_1064_cov_32.307772	547	627	30	2	80	0.0250000
NODE_5536_length_1064_cov_32.307772	547	627	32	14	80	0.1750000
NODE_5536_length_1064_cov_32.307772	547	627	35	26	80	0.3250000
NODE_5536_length_1064_cov_32.307772	547	627	36	6	80	0.0750000
NODE_5536_length_1064_cov_32.307772	547	627	37	2	80	0.0250000
NODE_5536_length_1064_cov_32.307772	547	627	38	6	80	0.0750000
NODE_5536_length_1064_cov_32.307772	600	680	24	4	80	0.0500000
NODE_5536_length_1064_cov_32.307772	600	680	30	4	80	0.0500000
NODE_5536_length_1064_cov_32.307772	600	680	32	20	80	0.2500000
NODE_5536_length_1064_cov_32.307772	600	680	35	13	80	0.1625000
NODE_5536_length_1064_cov_32.307772	600	680	36	22	80	0.2750000
NODE_5536_length_1064_cov_32.307772	600	680	37	7	80	0.0875000
NODE_5536_length_1064_cov_32.307772	600	680	38	8	80	0.1000000
NODE_5536_length_1064_cov_32.307772	600	680	40	2	80	0.0250000
NODE_5537_length_1064_cov_25.255959	462	542	0	22	80	0.2750000
NODE_5537_length_1064_cov_25.255959	462	542	3	21	80	0.2625000
NODE_5537_length_1064_cov_25.255959	462	542	4	37	80	0.4625000
NODE_5537_length_1064_cov_25.255959	515	595	0	10	80	0.1250000
NODE_5537_length_1064_cov_25.255959	515	595	4	70	80	0.8750000
NODE_5537_length_1064_cov_25.255959	591	671	0	36	80	0.4500000
NODE_5537_length_1064_cov_25.255959	591	671	16	27	80	0.3375000
NODE_5537_length_1064_cov_25.255959	591	671	28	8	80	0.1000000
NODE_5537_length_1064_cov_25.255959	591	671	29	9	80	0.1125000
NODE_5537_length_1064_cov_25.255959	644	724	16	10	80	0.1250000
NODE_5537_length_1064_cov_25.255959	644	724	28	8	80	0.1000000
NODE_5537_length_1064_cov_25.255959	644	724	29	11	80	0.1375000
NODE_5537_length_1064_cov_25.255959	644	724	30	4	80	0.0500000
NODE_5537_length_1064_cov_25.255959	644	724	31	1	80	0.0125000
NODE_5537_length_1064_cov_25.255959	644	724	32	2	80	0.0250000
NODE_5537_length_1064_cov_25.255959	644	724	33	5	80	0.0625000
NODE_5537_length_1064_cov_25.255959	644	724	39	4	80	0.0500000
NODE_5537_length_1064_cov_25.255959	644	724	42	35	80	0.4375000
NODE_5538_length_1064_cov_23.053886	343	423	0	35	80	0.4375000
NODE_5538_length_1064_cov_23.053886	343	423	2	3	80	0.0375000
NODE_5538_length_1064_cov_23.053886	343	423	4	42	80	0.5250000
NODE_5538_length_1064_cov_23.053886	396	476	2	42	80	0.5250000
NODE_5538_length_1064_cov_23.053886	396	476	4	38	80	0.4750000
NODE_5538_length_1064_cov_23.053886	472	552	0	70	80	0.8750000
NODE_5538_length_1064_cov_23.053886	472	552	2	10	80	0.1250000
NODE_5538_length_1064_cov_23.053886	525	605	0	80	80	1.0000000
NODE_5539_length_1064_cov_22.018653	479	559	0	9	80	0.1125000
NODE_5539_length_1064_cov_22.018653	479	559	2	71	80	0.8875000
NODE_5539_length_1064_cov_22.018653	532	612	0	62	80	0.7750000
NODE_5539_length_1064_cov_22.018653	532	612	2	18	80	0.2250000
NODE_5540_length_1064_cov_12.868394	424	504	0	80	80	1.0000000
NODE_5540_length_1064_cov_12.868394	477	557	0	80	80	1.0000000
NODE_5541_length_1064_cov_10.098446	467	547	0	80	80	1.0000000
NODE_5541_length_1064_cov_10.098446	520	600	0	80	80	1.0000000
NODE_5543_length_1064_cov_2.925389	173	245	6	36	72	0.5000000
NODE_5543_length_1064_cov_2.925389	173	245	8	36	72	0.5000000
NODE_5551_length_1063_cov_104.615145	504	584	31	31	80	0.3875000
NODE_5551_length_1063_cov_104.615145	504	584	32	27	80	0.3375000
NODE_5551_length_1063_cov_104.615145	504	584	38	2	80	0.0250000
NODE_5551_length_1063_cov_104.615145	504	584	40	20	80	0.2500000
NODE_5551_length_1063_cov_104.615145	557	637	32	5	80	0.0625000
NODE_5551_length_1063_cov_104.615145	557	637	38	2	80	0.0250000
NODE_5551_length_1063_cov_104.615145	557	637	39	24	80	0.3000000
NODE_5551_length_1063_cov_104.615145	557	637	40	49	80	0.6125000
NODE_5552_length_1063_cov_36.515560	482	562	2	22	80	0.2750000
NODE_5552_length_1063_cov_36.515560	482	562	4	36	80	0.4500000
NODE_5552_length_1063_cov_36.515560	482	562	6	22	80	0.2750000
NODE_5552_length_1063_cov_36.515560	535	615	0	25	80	0.3125000
NODE_5552_length_1063_cov_36.515560	535	615	2	50	80	0.6250000
NODE_5552_length_1063_cov_36.515560	535	615	4	5	80	0.0625000
NODE_5552_length_1063_cov_36.515560	611	691	0	22	80	0.2750000
NODE_5552_length_1063_cov_36.515560	611	691	2	58	80	0.7250000
NODE_5552_length_1063_cov_36.515560	664	744	0	15	80	0.1875000
NODE_5552_length_1063_cov_36.515560	664	744	2	65	80	0.8125000
NODE_5553_length_1063_cov_30.700207	470	550	0	4	80	0.0500000
NODE_5553_length_1063_cov_30.700207	470	550	2	76	80	0.9500000
NODE_5553_length_1063_cov_30.700207	523	603	0	19	80	0.2375000
NODE_5553_length_1063_cov_30.700207	523	603	2	23	80	0.2875000
NODE_5553_length_1063_cov_30.700207	523	603	4	38	80	0.4750000
NODE_5553_length_1063_cov_30.700207	599	679	4	36	80	0.4500000
NODE_5553_length_1063_cov_30.700207	599	679	10	2	80	0.0250000
NODE_5553_length_1063_cov_30.700207	599	679	12	17	80	0.2125000
NODE_5553_length_1063_cov_30.700207	599	679	14	25	80	0.3125000
NODE_5553_length_1063_cov_30.700207	652	732	10	55	80	0.6875000
NODE_5553_length_1063_cov_30.700207	652	732	14	25	80	0.3125000
NODE_5554_length_1063_cov_24.552905	362	442	0	71	80	0.8875000
NODE_5554_length_1063_cov_24.552905	362	442	2	9	80	0.1125000
NODE_5554_length_1063_cov_24.552905	415	495	0	18	80	0.2250000
NODE_5554_length_1063_cov_24.552905	415	495	2	62	80	0.7750000
NODE_5555_length_1063_cov_21.985477	407	487	0	8	80	0.1000000
NODE_5555_length_1063_cov_21.985477	407	487	2	72	80	0.9000000
NODE_5555_length_1063_cov_21.985477	460	540	2	74	80	0.9250000
NODE_5555_length_1063_cov_21.985477	460	540	4	6	80	0.0750000
NODE_5555_length_1063_cov_21.985477	536	616	2	6	80	0.0750000
NODE_5555_length_1063_cov_21.985477	536	616	4	12	80	0.1500000
NODE_5555_length_1063_cov_21.985477	536	616	6	24	80	0.3000000
NODE_5555_length_1063_cov_21.985477	536	616	10	1	80	0.0125000
NODE_5555_length_1063_cov_21.985477	536	616	12	37	80	0.4625000
NODE_5555_length_1063_cov_21.985477	589	670	8	50	81	0.6172839
NODE_5555_length_1063_cov_21.985477	589	670	10	3	81	0.0370370
NODE_5555_length_1063_cov_21.985477	589	670	12	28	81	0.3456790
NODE_5557_length_1063_cov_15.400415	685	765	0	80	80	1.0000000
NODE_5557_length_1063_cov_15.400415	738	818	0	80	80	1.0000000
NODE_5558_length_1063_cov_13.282158	510	590	0	19	80	0.2375000
NODE_5558_length_1063_cov_13.282158	510	590	2	61	80	0.7625000
NODE_5558_length_1063_cov_13.282158	563	643	2	80	80	1.0000000
NODE_5559_length_1063_cov_12.970954	417	495	0	78	78	1.0000000
NODE_5559_length_1063_cov_12.970954	468	548	0	80	80	1.0000000
NODE_5560_length_1063_cov_7.917012	639	719	2	80	80	1.0000000
NODE_5560_length_1063_cov_7.917012	692	772	0	37	80	0.4625000
NODE_5560_length_1063_cov_7.917012	692	772	2	43	80	0.5375000
NODE_5569_length_1063_cov_1.695021	893	947	4	1	54	0.0185185
NODE_5569_length_1063_cov_1.695021	893	947	8	53	54	0.9814815
NODE_5574_length_1062_cov_43.399792	272	352	2	24	80	0.3000000
NODE_5574_length_1062_cov_43.399792	272	352	31	18	80	0.2250000
NODE_5574_length_1062_cov_43.399792	272	352	32	33	80	0.4125000
NODE_5574_length_1062_cov_43.399792	272	352	33	3	80	0.0375000
NODE_5574_length_1062_cov_43.399792	272	352	34	1	80	0.0125000
NODE_5574_length_1062_cov_43.399792	272	352	36	1	80	0.0125000
NODE_5574_length_1062_cov_43.399792	325	405	4	7	80	0.0875000
NODE_5574_length_1062_cov_43.399792	325	405	30	1	80	0.0125000
NODE_5574_length_1062_cov_43.399792	325	405	31	63	80	0.7875000
NODE_5574_length_1062_cov_43.399792	325	405	32	4	80	0.0500000
NODE_5574_length_1062_cov_43.399792	325	405	33	3	80	0.0375000
NODE_5574_length_1062_cov_43.399792	325	405	34	1	80	0.0125000
NODE_5574_length_1062_cov_43.399792	325	405	36	1	80	0.0125000
NODE_5576_length_1062_cov_19.778816	401	481	6	23	80	0.2875000
NODE_5576_length_1062_cov_19.778816	401	481	8	5	80	0.0625000
NODE_5576_length_1062_cov_19.778816	401	481	10	35	80	0.4375000
NODE_5576_length_1062_cov_19.778816	401	481	12	17	80	0.2125000
NODE_5576_length_1062_cov_19.778816	454	534	4	29	80	0.3625000
NODE_5576_length_1062_cov_19.778816	454	534	6	2	80	0.0250000
NODE_5576_length_1062_cov_19.778816	454	534	8	23	80	0.2875000
NODE_5576_length_1062_cov_19.778816	454	534	10	13	80	0.1625000
NODE_5576_length_1062_cov_19.778816	454	534	12	13	80	0.1625000
NODE_5577_length_1062_cov_16.034268	628	708	1	10	80	0.1250000
NODE_5577_length_1062_cov_16.034268	628	708	2	70	80	0.8750000
NODE_5577_length_1062_cov_16.034268	681	761	2	80	80	1.0000000
NODE_5578_length_1062_cov_13.346833	623	703	8	2	80	0.0250000
NODE_5578_length_1062_cov_13.346833	623	703	12	41	80	0.5125000
NODE_5578_length_1062_cov_13.346833	623	703	14	37	80	0.4625000
NODE_5578_length_1062_cov_13.346833	676	756	2	31	80	0.3875000
NODE_5578_length_1062_cov_13.346833	676	756	8	24	80	0.3000000
NODE_5578_length_1062_cov_13.346833	676	756	12	5	80	0.0625000
NODE_5578_length_1062_cov_13.346833	676	756	14	20	80	0.2500000
NODE_5579_length_1062_cov_9.886812	670	750	0	47	80	0.5875000
NODE_5579_length_1062_cov_9.886812	670	750	2	33	80	0.4125000
NODE_5579_length_1062_cov_9.886812	723	803	2	80	80	1.0000000
NODE_5580_length_1062_cov_9.078920	525	604	4	79	79	1.0000000
NODE_5580_length_1062_cov_9.078920	577	657	0	4	80	0.0500000
NODE_5580_length_1062_cov_9.078920	577	657	1	31	80	0.3875000
NODE_5580_length_1062_cov_9.078920	577	657	2	8	80	0.1000000
NODE_5580_length_1062_cov_9.078920	577	657	4	37	80	0.4625000
NODE_5581_length_1062_cov_8.934579	203	283	4	32	80	0.4000000
NODE_5581_length_1062_cov_8.934579	203	283	6	48	80	0.6000000
NODE_5581_length_1062_cov_8.934579	256	336	2	9	80	0.1125000
NODE_5581_length_1062_cov_8.934579	256	336	4	13	80	0.1625000
NODE_5581_length_1062_cov_8.934579	256	336	6	58	80	0.7250000
NODE_5588_length_1061_cov_22.637214	418	498	0	11	80	0.1375000
NODE_5588_length_1061_cov_22.637214	418	498	2	28	80	0.3500000
NODE_5588_length_1061_cov_22.637214	418	498	4	41	80	0.5125000
NODE_5588_length_1061_cov_22.637214	471	551	0	64	80	0.8000000
NODE_5588_length_1061_cov_22.637214	471	551	2	16	80	0.2000000
NODE_5589_length_1061_cov_22.338877	479	559	4	38	80	0.4750000
NODE_5589_length_1061_cov_22.338877	479	559	5	31	80	0.3875000
NODE_5589_length_1061_cov_22.338877	479	559	6	11	80	0.1375000
NODE_5589_length_1061_cov_22.338877	532	612	1	24	80	0.3000000
NODE_5589_length_1061_cov_22.338877	532	612	2	16	80	0.2000000
NODE_5589_length_1061_cov_22.338877	532	612	3	13	80	0.1625000
NODE_5589_length_1061_cov_22.338877	532	612	5	27	80	0.3375000
NODE_5597_length_1060_cov_31.595213	394	473	4	38	79	0.4810127
NODE_5597_length_1060_cov_31.595213	394	473	8	41	79	0.5189874
NODE_5597_length_1060_cov_31.595213	446	526	0	2	80	0.0250000
NODE_5597_length_1060_cov_31.595213	446	526	4	33	80	0.4125000
NODE_5597_length_1060_cov_31.595213	446	526	7	1	80	0.0125000
NODE_5597_length_1060_cov_31.595213	446	526	8	44	80	0.5500000
NODE_5597_length_1060_cov_31.595213	522	602	0	29	80	0.3625000
NODE_5597_length_1060_cov_31.595213	522	602	2	44	80	0.5500000
NODE_5597_length_1060_cov_31.595213	522	602	4	7	80	0.0875000
NODE_5597_length_1060_cov_31.595213	575	655	2	39	80	0.4875000
NODE_5597_length_1060_cov_31.595213	575	655	4	41	80	0.5125000
NODE_5598_length_1060_cov_26.136316	486	566	0	10	80	0.1250000
NODE_5598_length_1060_cov_26.136316	486	566	2	37	80	0.4625000
NODE_5598_length_1060_cov_26.136316	486	566	4	2	80	0.0250000
NODE_5598_length_1060_cov_26.136316	486	566	6	24	80	0.3000000
NODE_5598_length_1060_cov_26.136316	486	566	8	7	80	0.0875000
NODE_5598_length_1060_cov_26.136316	539	619	6	63	80	0.7875000
NODE_5598_length_1060_cov_26.136316	539	619	8	17	80	0.2125000
NODE_5598_length_1060_cov_26.136316	615	695	0	2	80	0.0250000
NODE_5598_length_1060_cov_26.136316	615	695	2	66	80	0.8250000
NODE_5598_length_1060_cov_26.136316	615	695	6	12	80	0.1500000
NODE_5598_length_1060_cov_26.136316	668	748	0	55	80	0.6875000
NODE_5598_length_1060_cov_26.136316	668	748	2	25	80	0.3125000
NODE_5599_length_1060_cov_25.329865	370	450	12	1	80	0.0125000
NODE_5599_length_1060_cov_25.329865	370	450	14	15	80	0.1875000
NODE_5599_length_1060_cov_25.329865	370	450	15	11	80	0.1375000
NODE_5599_length_1060_cov_25.329865	370	450	16	7	80	0.0875000
NODE_5599_length_1060_cov_25.329865	370	450	17	23	80	0.2875000
NODE_5599_length_1060_cov_25.329865	370	450	19	23	80	0.2875000
NODE_5599_length_1060_cov_25.329865	423	503	4	10	80	0.1250000
NODE_5599_length_1060_cov_25.329865	423	503	5	8	80	0.1000000
NODE_5599_length_1060_cov_25.329865	423	503	10	8	80	0.1000000
NODE_5599_length_1060_cov_25.329865	423	503	14	3	80	0.0375000
NODE_5599_length_1060_cov_25.329865	423	503	15	4	80	0.0500000
NODE_5599_length_1060_cov_25.329865	423	503	17	21	80	0.2625000
NODE_5599_length_1060_cov_25.329865	423	503	19	26	80	0.3250000
NODE_5600_length_1060_cov_16.881374	539	611	0	37	72	0.5138889
NODE_5600_length_1060_cov_16.881374	539	611	2	3	72	0.0416667
NODE_5600_length_1060_cov_16.881374	539	611	4	32	72	0.4444444
NODE_5601_length_1060_cov_14.789802	406	486	2	13	80	0.1625000
NODE_5601_length_1060_cov_14.789802	406	486	4	27	80	0.3375000
NODE_5601_length_1060_cov_14.789802	406	486	9	1	80	0.0125000
NODE_5601_length_1060_cov_14.789802	406	486	11	21	80	0.2625000
NODE_5601_length_1060_cov_14.789802	406	486	12	18	80	0.2250000
NODE_5601_length_1060_cov_14.789802	459	539	0	7	80	0.0875000
NODE_5601_length_1060_cov_14.789802	459	539	1	18	80	0.2250000
NODE_5601_length_1060_cov_14.789802	459	539	2	41	80	0.5125000
NODE_5601_length_1060_cov_14.789802	459	539	4	14	80	0.1750000
NODE_5603_length_1060_cov_5.900104	517	597	0	4	80	0.0500000
NODE_5603_length_1060_cov_5.900104	517	597	2	76	80	0.9500000
NODE_5603_length_1060_cov_5.900104	570	650	0	7	80	0.0875000
NODE_5603_length_1060_cov_5.900104	570	650	2	73	80	0.9125000
NODE_5611_length_1059_cov_16.630208	412	492	0	47	80	0.5875000
NODE_5611_length_1059_cov_16.630208	412	492	2	33	80	0.4125000
NODE_5611_length_1059_cov_16.630208	465	552	0	27	87	0.3103448
NODE_5611_length_1059_cov_16.630208	465	552	2	2	87	0.0229885
NODE_5611_length_1059_cov_16.630208	465	552	4	58	87	0.6666667
NODE_5611_length_1059_cov_16.630208	548	628	2	32	80	0.4000000
NODE_5611_length_1059_cov_16.630208	548	628	4	47	80	0.5875000
NODE_5611_length_1059_cov_16.630208	548	628	6	1	80	0.0125000
NODE_5611_length_1059_cov_16.630208	601	681	0	33	80	0.4125000
NODE_5611_length_1059_cov_16.630208	601	681	2	47	80	0.5875000
NODE_5621_length_1058_cov_60.155370	395	475	10	26	80	0.3250000
NODE_5621_length_1058_cov_60.155370	395	475	12	39	80	0.4875000
NODE_5621_length_1058_cov_60.155370	395	475	16	15	80	0.1875000
NODE_5621_length_1058_cov_60.155370	448	528	6	15	80	0.1875000
NODE_5621_length_1058_cov_60.155370	448	528	10	3	80	0.0375000
NODE_5621_length_1058_cov_60.155370	448	528	11	1	80	0.0125000
NODE_5621_length_1058_cov_60.155370	448	528	12	34	80	0.4250000
NODE_5621_length_1058_cov_60.155370	448	528	16	14	80	0.1750000
NODE_5621_length_1058_cov_60.155370	448	528	17	1	80	0.0125000
NODE_5621_length_1058_cov_60.155370	448	528	18	12	80	0.1500000
NODE_5621_length_1058_cov_60.155370	524	604	16	4	80	0.0500000
NODE_5621_length_1058_cov_60.155370	524	604	18	3	80	0.0375000
NODE_5621_length_1058_cov_60.155370	524	604	19	1	80	0.0125000
NODE_5621_length_1058_cov_60.155370	524	604	20	2	80	0.0250000
NODE_5621_length_1058_cov_60.155370	524	604	21	28	80	0.3500000
NODE_5621_length_1058_cov_60.155370	524	604	25	29	80	0.3625000
NODE_5621_length_1058_cov_60.155370	524	604	26	13	80	0.1625000
NODE_5621_length_1058_cov_60.155370	577	657	14	27	80	0.3375000
NODE_5621_length_1058_cov_60.155370	577	657	21	5	80	0.0625000
NODE_5621_length_1058_cov_60.155370	577	657	24	1	80	0.0125000
NODE_5621_length_1058_cov_60.155370	577	657	25	40	80	0.5000000
NODE_5621_length_1058_cov_60.155370	577	657	27	7	80	0.0875000
NODE_5622_length_1058_cov_31.253389	475	555	4	2	80	0.0250000
NODE_5622_length_1058_cov_31.253389	475	555	6	2	80	0.0250000
NODE_5622_length_1058_cov_31.253389	475	555	12	6	80	0.0750000
NODE_5622_length_1058_cov_31.253389	475	555	14	9	80	0.1125000
NODE_5622_length_1058_cov_31.253389	475	555	16	10	80	0.1250000
NODE_5622_length_1058_cov_31.253389	475	555	22	32	80	0.4000000
NODE_5622_length_1058_cov_31.253389	475	555	24	19	80	0.2375000
NODE_5622_length_1058_cov_31.253389	475	555	4	2	80	0.0250000
NODE_5622_length_1058_cov_31.253389	475	555	6	2	80	0.0250000
NODE_5622_length_1058_cov_31.253389	475	555	12	6	80	0.0750000
NODE_5622_length_1058_cov_31.253389	475	555	14	9	80	0.1125000
NODE_5622_length_1058_cov_31.253389	475	555	16	10	80	0.1250000
NODE_5622_length_1058_cov_31.253389	475	555	22	32	80	0.4000000
NODE_5622_length_1058_cov_31.253389	475	555	24	19	80	0.2375000
NODE_5622_length_1058_cov_31.253389	528	608	0	3	80	0.0375000
NODE_5622_length_1058_cov_31.253389	528	608	8	11	80	0.1375000
NODE_5622_length_1058_cov_31.253389	528	608	10	13	80	0.1625000
NODE_5622_length_1058_cov_31.253389	528	608	16	2	80	0.0250000
NODE_5622_length_1058_cov_31.253389	528	608	18	2	80	0.0250000
NODE_5622_length_1058_cov_31.253389	528	608	20	16	80	0.2000000
NODE_5622_length_1058_cov_31.253389	528	608	22	33	80	0.4125000
NODE_5622_length_1058_cov_31.253389	533	608	0	3	75	0.0400000
NODE_5622_length_1058_cov_31.253389	533	608	8	11	75	0.1466667
NODE_5622_length_1058_cov_31.253389	533	608	10	13	75	0.1733333
NODE_5622_length_1058_cov_31.253389	533	608	16	2	75	0.0266667
NODE_5622_length_1058_cov_31.253389	533	608	18	2	75	0.0266667
NODE_5622_length_1058_cov_31.253389	533	608	20	16	75	0.2133333
NODE_5622_length_1058_cov_31.253389	533	608	22	28	75	0.3733333
NODE_5623_length_1058_cov_24.520334	264	344	0	7	80	0.0875000
NODE_5623_length_1058_cov_24.520334	264	344	2	73	80	0.9125000
NODE_5623_length_1058_cov_24.520334	317	397	0	45	80	0.5625000
NODE_5623_length_1058_cov_24.520334	317	397	2	35	80	0.4375000
NODE_5624_length_1058_cov_24.211679	297	377	2	80	80	1.0000000
NODE_5624_length_1058_cov_24.211679	350	430	0	43	80	0.5375000
NODE_5624_length_1058_cov_24.211679	350	430	2	37	80	0.4625000
NODE_5625_length_1058_cov_18.100104	454	534	2	74	80	0.9250000
NODE_5625_length_1058_cov_18.100104	454	534	4	6	80	0.0750000
NODE_5625_length_1058_cov_18.100104	507	587	2	21	80	0.2625000
NODE_5625_length_1058_cov_18.100104	507	587	4	11	80	0.1375000
NODE_5625_length_1058_cov_18.100104	507	587	8	8	80	0.1000000
NODE_5625_length_1058_cov_18.100104	507	587	10	1	80	0.0125000
NODE_5625_length_1058_cov_18.100104	507	587	12	39	80	0.4875000
NODE_5626_length_1058_cov_11.645464	476	556	0	20	80	0.2500000
NODE_5626_length_1058_cov_11.645464	476	556	2	25	80	0.3125000
NODE_5626_length_1058_cov_11.645464	476	556	4	35	80	0.4375000
NODE_5626_length_1058_cov_11.645464	529	609	0	11	80	0.1375000
NODE_5626_length_1058_cov_11.645464	529	609	2	1	80	0.0125000
NODE_5626_length_1058_cov_11.645464	529	609	4	68	80	0.8500000
NODE_5627_length_1058_cov_9.953076	621	712	4	13	91	0.1428571
NODE_5627_length_1058_cov_9.953076	621	712	8	49	91	0.5384616
NODE_5627_length_1058_cov_9.953076	621	712	10	29	91	0.3186813
NODE_5627_length_1058_cov_9.953076	685	765	0	7	80	0.0875000
NODE_5627_length_1058_cov_9.953076	685	765	2	2	80	0.0250000
NODE_5627_length_1058_cov_9.953076	685	765	4	57	80	0.7125000
NODE_5627_length_1058_cov_9.953076	685	765	8	14	80	0.1750000
NODE_5628_length_1058_cov_6.294056	819	899	6	80	80	1.0000000
NODE_5628_length_1058_cov_6.294056	875	952	0	34	77	0.4415585
NODE_5628_length_1058_cov_6.294056	875	952	5	1	77	0.0129870
NODE_5628_length_1058_cov_6.294056	875	952	6	42	77	0.5454546
NODE_5637_length_1057_cov_43.191023	413	493	0	26	80	0.3250000
NODE_5637_length_1057_cov_43.191023	413	493	2	10	80	0.1250000
NODE_5637_length_1057_cov_43.191023	413	493	4	44	80	0.5500000
NODE_5637_length_1057_cov_43.191023	466	546	0	79	80	0.9875000
NODE_5637_length_1057_cov_43.191023	466	546	2	1	80	0.0125000
NODE_5637_length_1057_cov_43.191023	542	622	0	53	80	0.6625000
NODE_5637_length_1057_cov_43.191023	542	622	2	27	80	0.3375000
NODE_5637_length_1057_cov_43.191023	595	675	2	80	80	1.0000000
NODE_5638_length_1057_cov_27.387265	486	566	0	49	80	0.6125000
NODE_5638_length_1057_cov_27.387265	486	566	2	31	80	0.3875000
NODE_5638_length_1057_cov_27.387265	539	619	2	80	80	1.0000000
NODE_5639_length_1057_cov_16.489562	416	496	4	30	80	0.3750000
NODE_5639_length_1057_cov_16.489562	416	496	6	50	80	0.6250000
NODE_5639_length_1057_cov_16.489562	469	549	2	37	80	0.4625000
NODE_5639_length_1057_cov_16.489562	469	549	4	11	80	0.1375000
NODE_5639_length_1057_cov_16.489562	469	549	6	32	80	0.4000000
NODE_5640_length_1057_cov_13.605428	631	711	2	57	80	0.7125000
NODE_5640_length_1057_cov_13.605428	631	711	4	23	80	0.2875000
NODE_5640_length_1057_cov_13.605428	684	764	2	72	80	0.9000000
NODE_5640_length_1057_cov_13.605428	684	764	4	8	80	0.1000000
NODE_5641_length_1057_cov_12.768267	518	598	5	37	80	0.4625000
NODE_5641_length_1057_cov_12.768267	518	598	10	14	80	0.1750000
NODE_5641_length_1057_cov_12.768267	518	598	12	29	80	0.3625000
NODE_5641_length_1057_cov_12.768267	571	651	7	13	80	0.1625000
NODE_5641_length_1057_cov_12.768267	571	651	12	67	80	0.8375000
NODE_5644_length_1057_cov_7.692067	706	786	2	16	80	0.2000000
NODE_5644_length_1057_cov_7.692067	706	786	11	33	80	0.4125000
NODE_5644_length_1057_cov_7.692067	706	786	15	31	80	0.3875000
NODE_5644_length_1057_cov_7.692067	759	839	14	37	80	0.4625000
NODE_5644_length_1057_cov_7.692067	759	839	15	34	80	0.4250000
NODE_5644_length_1057_cov_7.692067	759	839	16	9	80	0.1125000
NODE_5645_length_1057_cov_6.697286	561	641	4	1	80	0.0125000
NODE_5645_length_1057_cov_6.697286	561	641	5	54	80	0.6750000
NODE_5645_length_1057_cov_6.697286	561	641	6	25	80	0.3125000
NODE_5645_length_1057_cov_6.697286	614	694	0	6	80	0.0750000
NODE_5645_length_1057_cov_6.697286	614	694	2	34	80	0.4250000
NODE_5645_length_1057_cov_6.697286	614	694	5	40	80	0.5000000
NODE_5654_length_1056_cov_57.539185	462	542	12	21	80	0.2625000
NODE_5654_length_1056_cov_57.539185	462	542	14	23	80	0.2875000
NODE_5654_length_1056_cov_57.539185	462	542	16	36	80	0.4500000
NODE_5654_length_1056_cov_57.539185	515	595	4	14	80	0.1750000
NODE_5654_length_1056_cov_57.539185	515	595	6	17	80	0.2125000
NODE_5654_length_1056_cov_57.539185	515	595	14	7	80	0.0875000
NODE_5654_length_1056_cov_57.539185	515	595	16	42	80	0.5250000
NODE_5655_length_1056_cov_35.751306	421	501	0	53	80	0.6625000
NODE_5655_length_1056_cov_35.751306	421	501	6	3	80	0.0375000
NODE_5655_length_1056_cov_35.751306	421	501	8	24	80	0.3000000
NODE_5655_length_1056_cov_35.751306	474	554	3	1	80	0.0125000
NODE_5655_length_1056_cov_35.751306	474	554	6	16	80	0.2000000
NODE_5655_length_1056_cov_35.751306	474	554	8	63	80	0.7875000
NODE_5656_length_1056_cov_29.749216	415	490	2	6	75	0.0800000
NODE_5656_length_1056_cov_29.749216	415	490	4	28	75	0.3733333
NODE_5656_length_1056_cov_29.749216	415	490	6	14	75	0.1866667
NODE_5656_length_1056_cov_29.749216	415	490	10	17	75	0.2266667
NODE_5656_length_1056_cov_29.749216	415	490	12	9	75	0.1200000
NODE_5656_length_1056_cov_29.749216	415	490	14	1	75	0.0133333
NODE_5656_length_1056_cov_29.749216	416	495	2	5	79	0.0632911
NODE_5656_length_1056_cov_29.749216	416	495	4	28	79	0.3544304
NODE_5656_length_1056_cov_29.749216	416	495	6	14	79	0.1772152
NODE_5656_length_1056_cov_29.749216	416	495	10	17	79	0.2151899
NODE_5656_length_1056_cov_29.749216	416	495	12	9	79	0.1139240
NODE_5656_length_1056_cov_29.749216	416	495	14	6	79	0.0759494
NODE_5656_length_1056_cov_29.749216	448	495	4	1	47	0.0212766
NODE_5656_length_1056_cov_29.749216	448	495	6	14	47	0.2978723
NODE_5656_length_1056_cov_29.749216	448	495	10	17	47	0.3617021
NODE_5656_length_1056_cov_29.749216	448	495	12	9	47	0.1914894
NODE_5656_length_1056_cov_29.749216	448	495	14	6	47	0.1276596
NODE_5656_length_1056_cov_29.749216	468	548	10	19	80	0.2375000
NODE_5656_length_1056_cov_29.749216	468	548	12	38	80	0.4750000
NODE_5656_length_1056_cov_29.749216	468	548	13	14	80	0.1750000
NODE_5656_length_1056_cov_29.749216	468	548	14	9	80	0.1125000
NODE_5656_length_1056_cov_29.749216	468	548	10	19	80	0.2375000
NODE_5656_length_1056_cov_29.749216	468	548	12	38	80	0.4750000
NODE_5656_length_1056_cov_29.749216	468	548	13	14	80	0.1750000
NODE_5656_length_1056_cov_29.749216	468	548	14	9	80	0.1125000
NODE_5656_length_1056_cov_29.749216	468	548	10	19	80	0.2375000
NODE_5656_length_1056_cov_29.749216	468	548	12	38	80	0.4750000
NODE_5656_length_1056_cov_29.749216	468	548	13	14	80	0.1750000
NODE_5656_length_1056_cov_29.749216	468	548	14	9	80	0.1125000
NODE_5657_length_1056_cov_25.342738	297	377	2	47	80	0.5875000
NODE_5657_length_1056_cov_25.342738	297	377	6	33	80	0.4125000
NODE_5657_length_1056_cov_25.342738	350	430	5	16	80	0.2000000
NODE_5657_length_1056_cov_25.342738	350	430	6	39	80	0.4875000
NODE_5657_length_1056_cov_25.342738	350	430	7	14	80	0.1750000
NODE_5657_length_1056_cov_25.342738	350	430	8	11	80	0.1375000
NODE_5657_length_1056_cov_25.342738	426	506	8	4	80	0.0500000
NODE_5657_length_1056_cov_25.342738	426	506	10	60	80	0.7500000
NODE_5657_length_1056_cov_25.342738	426	506	13	1	80	0.0125000
NODE_5657_length_1056_cov_25.342738	426	506	14	15	80	0.1875000
NODE_5657_length_1056_cov_25.342738	479	559	1	20	80	0.2500000
NODE_5657_length_1056_cov_25.342738	479	559	2	9	80	0.1125000
NODE_5657_length_1056_cov_25.342738	479	559	8	16	80	0.2000000
NODE_5657_length_1056_cov_25.342738	479	559	10	35	80	0.4375000
NODE_5658_length_1056_cov_24.094044	535	615	4	10	80	0.1250000
NODE_5658_length_1056_cov_24.094044	535	615	8	17	80	0.2125000
NODE_5658_length_1056_cov_24.094044	535	615	9	1	80	0.0125000
NODE_5658_length_1056_cov_24.094044	535	615	10	52	80	0.6500000
NODE_5658_length_1056_cov_24.094044	588	668	0	47	80	0.5875000
NODE_5658_length_1056_cov_24.094044	588	668	4	16	80	0.2000000
NODE_5658_length_1056_cov_24.094044	588	668	8	17	80	0.2125000
NODE_5659_length_1056_cov_20.700104	570	650	8	6	80	0.0750000
NODE_5659_length_1056_cov_20.700104	570	650	10	20	80	0.2500000
NODE_5659_length_1056_cov_20.700104	570	650	12	54	80	0.6750000
NODE_5659_length_1056_cov_20.700104	623	703	0	22	80	0.2750000
NODE_5659_length_1056_cov_20.700104	623	703	4	8	80	0.1000000
NODE_5659_length_1056_cov_20.700104	623	703	10	43	80	0.5375000
NODE_5659_length_1056_cov_20.700104	623	703	12	7	80	0.0875000
NODE_5660_length_1056_cov_14.215256	349	429	0	80	80	1.0000000
NODE_5660_length_1056_cov_14.215256	402	482	0	80	80	1.0000000
NODE_5660_length_1056_cov_14.215256	478	558	0	23	80	0.2875000
NODE_5660_length_1056_cov_14.215256	478	558	2	57	80	0.7125000
NODE_5660_length_1056_cov_14.215256	531	611	2	32	80	0.4000000
NODE_5660_length_1056_cov_14.215256	531	611	3	20	80	0.2500000
NODE_5660_length_1056_cov_14.215256	531	611	4	28	80	0.3500000
NODE_5661_length_1056_cov_13.782654	563	643	0	2	80	0.0250000
NODE_5661_length_1056_cov_13.782654	563	643	2	78	80	0.9750000
NODE_5661_length_1056_cov_13.782654	616	696	0	55	80	0.6875000
NODE_5661_length_1056_cov_13.782654	616	696	2	25	80	0.3125000
NODE_5663_length_1056_cov_9.298851	373	453	22	7	80	0.0875000
NODE_5663_length_1056_cov_9.298851	373	453	27	8	80	0.1000000
NODE_5663_length_1056_cov_9.298851	373	453	28	9	80	0.1125000
NODE_5663_length_1056_cov_9.298851	373	453	29	11	80	0.1375000
NODE_5663_length_1056_cov_9.298851	373	453	30	19	80	0.2375000
NODE_5663_length_1056_cov_9.298851	373	453	31	26	80	0.3250000
NODE_5663_length_1056_cov_9.298851	426	503	0	11	77	0.1428571
NODE_5663_length_1056_cov_9.298851	426	503	2	1	77	0.0129870
NODE_5663_length_1056_cov_9.298851	426	503	8	2	77	0.0259740
NODE_5663_length_1056_cov_9.298851	426	503	10	9	77	0.1168831
NODE_5663_length_1056_cov_9.298851	426	503	16	1	77	0.0129870
NODE_5663_length_1056_cov_9.298851	426	503	20	10	77	0.1298701
NODE_5663_length_1056_cov_9.298851	426	503	27	24	77	0.3116883
NODE_5663_length_1056_cov_9.298851	426	503	28	8	77	0.1038961
NODE_5663_length_1056_cov_9.298851	426	503	30	9	77	0.1168831
NODE_5663_length_1056_cov_9.298851	426	503	31	2	77	0.0259740
NODE_5665_length_1056_cov_6.157785	396	476	4	12	80	0.1500000
NODE_5665_length_1056_cov_6.157785	396	476	6	42	80	0.5250000
NODE_5665_length_1056_cov_6.157785	396	476	8	26	80	0.3250000
NODE_5665_length_1056_cov_6.157785	449	529	2	8	80	0.1000000
NODE_5665_length_1056_cov_6.157785	449	529	4	43	80	0.5375000
NODE_5665_length_1056_cov_6.157785	449	529	6	1	80	0.0125000
NODE_5665_length_1056_cov_6.157785	449	529	8	28	80	0.3500000
NODE_5666_length_1056_cov_6.034483	287	367	4	80	80	1.0000000
NODE_5666_length_1056_cov_6.034483	340	420	2	45	80	0.5625000
NODE_5666_length_1056_cov_6.034483	340	420	4	35	80	0.4375000
NODE_5667_length_1056_cov_3.259143	371	410	0	39	39	1.0000000
NODE_5667_length_1056_cov_3.259143	424	463	0	39	39	1.0000000
NODE_5668_length_1056_cov_2.362591	234	314	0	80	80	1.0000000
NODE_5672_length_1055_cov_36.460251	468	548	0	80	80	1.0000000
NODE_5672_length_1055_cov_36.460251	521	601	0	27	80	0.3375000
NODE_5672_length_1055_cov_36.460251	521	601	3	1	80	0.0125000
NODE_5672_length_1055_cov_36.460251	521	601	4	52	80	0.6500000
NODE_5673_length_1055_cov_31.235356	502	582	6	9	80	0.1125000
NODE_5673_length_1055_cov_31.235356	502	582	8	25	80	0.3125000
NODE_5673_length_1055_cov_31.235356	502	582	9	34	80	0.4250000
NODE_5673_length_1055_cov_31.235356	502	582	10	12	80	0.1500000
NODE_5673_length_1055_cov_31.235356	555	635	0	17	80	0.2125000
NODE_5673_length_1055_cov_31.235356	555	635	2	10	80	0.1250000
NODE_5673_length_1055_cov_31.235356	555	635	3	7	80	0.0875000
NODE_5673_length_1055_cov_31.235356	555	635	5	19	80	0.2375000
NODE_5673_length_1055_cov_31.235356	555	635	9	27	80	0.3375000
NODE_5674_length_1055_cov_23.330544	403	483	0	80	80	1.0000000
NODE_5674_length_1055_cov_23.330544	456	536	0	77	80	0.9625000
NODE_5674_length_1055_cov_23.330544	456	536	6	3	80	0.0375000
NODE_5674_length_1055_cov_23.330544	532	612	0	1	80	0.0125000
NODE_5674_length_1055_cov_23.330544	532	612	6	59	80	0.7375000
NODE_5674_length_1055_cov_23.330544	532	612	7	10	80	0.1250000
NODE_5674_length_1055_cov_23.330544	532	612	8	10	80	0.1250000
NODE_5674_length_1055_cov_23.330544	585	665	2	4	80	0.0500000
NODE_5674_length_1055_cov_23.330544	585	665	6	7	80	0.0875000
NODE_5674_length_1055_cov_23.330544	585	665	7	11	80	0.1375000
NODE_5674_length_1055_cov_23.330544	585	665	8	58	80	0.7250000
NODE_5675_length_1055_cov_19.541841	321	401	2	8	80	0.1000000
NODE_5675_length_1055_cov_19.541841	321	401	6	9	80	0.1125000
NODE_5675_length_1055_cov_19.541841	321	401	8	63	80	0.7875000
NODE_5675_length_1055_cov_19.541841	374	454	0	49	80	0.6125000
NODE_5675_length_1055_cov_19.541841	374	454	2	12	80	0.1500000
NODE_5675_length_1055_cov_19.541841	374	454	6	9	80	0.1125000
NODE_5675_length_1055_cov_19.541841	374	454	8	10	80	0.1250000
NODE_5676_length_1055_cov_15.744770	525	605	0	2	80	0.0250000
NODE_5676_length_1055_cov_15.744770	525	605	6	11	80	0.1375000
NODE_5676_length_1055_cov_15.744770	525	605	8	53	80	0.6625000
NODE_5676_length_1055_cov_15.744770	525	605	12	14	80	0.1750000
NODE_5676_length_1055_cov_15.744770	578	658	8	13	80	0.1625000
NODE_5676_length_1055_cov_15.744770	578	658	11	3	80	0.0375000
NODE_5676_length_1055_cov_15.744770	578	658	12	64	80	0.8000000
NODE_5677_length_1055_cov_10.729079	335	415	0	14	80	0.1750000
NODE_5677_length_1055_cov_10.729079	335	415	6	2	80	0.0250000
NODE_5677_length_1055_cov_10.729079	335	415	7	46	80	0.5750000
NODE_5677_length_1055_cov_10.729079	335	415	8	18	80	0.2250000
NODE_5677_length_1055_cov_10.729079	388	468	7	9	80	0.1125000
NODE_5677_length_1055_cov_10.729079	388	468	8	25	80	0.3125000
NODE_5677_length_1055_cov_10.729079	388	468	10	46	80	0.5750000
NODE_5678_length_1055_cov_7.525105	575	655	0	80	80	1.0000000
NODE_5678_length_1055_cov_7.525105	628	708	0	80	80	1.0000000
NODE_5688_length_1054_cov_45.920419	371	451	6	80	80	1.0000000
NODE_5688_length_1054_cov_45.920419	424	505	0	41	81	0.5061728
NODE_5688_length_1054_cov_45.920419	424	505	5	1	81	0.0123457
NODE_5688_length_1054_cov_45.920419	424	505	6	39	81	0.4814815
NODE_5689_length_1054_cov_30.545550	499	578	0	79	79	1.0000000
NODE_5689_length_1054_cov_30.545550	552	631	0	79	79	1.0000000
NODE_5689_length_1054_cov_30.545550	627	707	0	76	80	0.9500000
NODE_5689_length_1054_cov_30.545550	627	707	2	4	80	0.0500000
NODE_5689_length_1054_cov_30.545550	680	760	0	23	80	0.2875000
NODE_5689_length_1054_cov_30.545550	680	760	2	57	80	0.7125000
NODE_5690_length_1054_cov_16.606283	347	427	2	20	80	0.2500000
NODE_5690_length_1054_cov_16.606283	347	427	6	8	80	0.1000000
NODE_5690_length_1054_cov_16.606283	347	427	14	52	80	0.6500000
NODE_5690_length_1054_cov_16.606283	400	480	8	17	80	0.2125000
NODE_5690_length_1054_cov_16.606283	400	480	12	14	80	0.1750000
NODE_5690_length_1054_cov_16.606283	400	480	14	49	80	0.6125000
NODE_5691_length_1054_cov_11.637696	244	316	2	60	72	0.8333333
NODE_5691_length_1054_cov_11.637696	244	316	4	2	72	0.0277778
NODE_5691_length_1054_cov_11.637696	244	316	6	10	72	0.1388889
NODE_5691_length_1054_cov_11.637696	312	392	4	15	80	0.1875000
NODE_5691_length_1054_cov_11.637696	312	392	6	10	80	0.1250000
NODE_5691_length_1054_cov_11.637696	312	392	7	17	80	0.2125000
NODE_5691_length_1054_cov_11.637696	312	392	8	10	80	0.1250000
NODE_5691_length_1054_cov_11.637696	312	392	9	28	80	0.3500000
NODE_5691_length_1054_cov_11.637696	365	445	4	23	80	0.2875000
NODE_5691_length_1054_cov_11.637696	365	445	6	6	80	0.0750000
NODE_5691_length_1054_cov_11.637696	365	445	9	51	80	0.6375000
NODE_5692_length_1054_cov_10.381152	493	573	0	80	80	1.0000000
NODE_5692_length_1054_cov_10.381152	546	626	0	80	80	1.0000000
NODE_5703_length_1053_cov_57.660377	445	527	2	2	82	0.0243902
NODE_5703_length_1053_cov_57.660377	445	527	4	28	82	0.3414634
NODE_5703_length_1053_cov_57.660377	445	527	6	1	82	0.0121951
NODE_5703_length_1053_cov_57.660377	445	527	8	13	82	0.1585366
NODE_5703_length_1053_cov_57.660377	445	527	10	38	82	0.4634146
NODE_5703_length_1053_cov_57.660377	500	580	0	11	80	0.1375000
NODE_5703_length_1053_cov_57.660377	500	580	2	6	80	0.0750000
NODE_5703_length_1053_cov_57.660377	500	580	6	37	80	0.4625000
NODE_5703_length_1053_cov_57.660377	500	580	10	26	80	0.3250000
NODE_5704_length_1053_cov_33.518868	329	409	8	3	80	0.0375000
NODE_5704_length_1053_cov_33.518868	329	409	16	77	80	0.9625000
NODE_5704_length_1053_cov_33.518868	382	462	0	14	80	0.1750000
NODE_5704_length_1053_cov_33.518868	382	462	7	1	80	0.0125000
NODE_5704_length_1053_cov_33.518868	382	462	8	41	80	0.5125000
NODE_5704_length_1053_cov_33.518868	382	462	16	24	80	0.3000000
NODE_5704_length_1053_cov_33.518868	458	538	0	80	80	1.0000000
NODE_5704_length_1053_cov_33.518868	511	591	0	80	80	1.0000000
NODE_5705_length_1053_cov_32.412998	375	455	2	4	80	0.0500000
NODE_5705_length_1053_cov_32.412998	375	455	4	30	80	0.3750000
NODE_5705_length_1053_cov_32.412998	375	455	6	46	80	0.5750000
NODE_5705_length_1053_cov_32.412998	428	508	2	57	80	0.7125000
NODE_5705_length_1053_cov_32.412998	428	508	6	23	80	0.2875000
NODE_5705_length_1053_cov_32.412998	504	584	0	10	80	0.1250000
NODE_5705_length_1053_cov_32.412998	504	584	2	38	80	0.4750000
NODE_5705_length_1053_cov_32.412998	504	584	4	32	80	0.4000000
NODE_5705_length_1053_cov_32.412998	557	637	2	41	80	0.5125000
NODE_5705_length_1053_cov_32.412998	557	637	4	39	80	0.4875000
NODE_5706_length_1053_cov_26.545073	456	536	18	15	80	0.1875000
NODE_5706_length_1053_cov_26.545073	456	536	20	18	80	0.2250000
NODE_5706_length_1053_cov_26.545073	456	536	28	47	80	0.5875000
NODE_5706_length_1053_cov_26.545073	509	589	8	6	80	0.0750000
NODE_5706_length_1053_cov_26.545073	509	589	10	40	80	0.5000000
NODE_5706_length_1053_cov_26.545073	509	589	22	6	80	0.0750000
NODE_5706_length_1053_cov_26.545073	509	589	28	28	80	0.3500000
NODE_5706_length_1053_cov_26.545073	585	665	0	10	80	0.1250000
NODE_5706_length_1053_cov_26.545073	585	665	2	5	80	0.0625000
NODE_5706_length_1053_cov_26.545073	585	665	4	18	80	0.2250000
NODE_5706_length_1053_cov_26.545073	585	665	8	47	80	0.5875000
NODE_5706_length_1053_cov_26.545073	638	718	0	4	80	0.0500000
NODE_5706_length_1053_cov_26.545073	638	718	2	5	80	0.0625000
NODE_5706_length_1053_cov_26.545073	638	718	4	23	80	0.2875000
NODE_5706_length_1053_cov_26.545073	638	718	6	48	80	0.6000000
NODE_5707_length_1053_cov_20.346960	543	623	3	6	80	0.0750000
NODE_5707_length_1053_cov_20.346960	543	623	7	6	80	0.0750000
NODE_5707_length_1053_cov_20.346960	543	623	8	29	80	0.3625000
NODE_5707_length_1053_cov_20.346960	543	623	10	39	80	0.4875000
NODE_5707_length_1053_cov_20.346960	596	677	1	15	81	0.1851852
NODE_5707_length_1053_cov_20.346960	596	677	2	23	81	0.2839506
NODE_5707_length_1053_cov_20.346960	596	677	3	22	81	0.2716049
NODE_5707_length_1053_cov_20.346960	596	677	7	6	81	0.0740741
NODE_5707_length_1053_cov_20.346960	596	677	8	15	81	0.1851852
NODE_5708_length_1053_cov_11.655136	393	473	2	22	80	0.2750000
NODE_5708_length_1053_cov_11.655136	393	473	4	58	80	0.7250000
NODE_5708_length_1053_cov_11.655136	446	526	2	21	80	0.2625000
NODE_5708_length_1053_cov_11.655136	446	526	4	41	80	0.5125000
NODE_5708_length_1053_cov_11.655136	446	526	6	18	80	0.2250000
NODE_5710_length_1053_cov_4.771488	84	149	10	15	65	0.2307692
NODE_5710_length_1053_cov_4.771488	84	149	14	19	65	0.2923077
NODE_5710_length_1053_cov_4.771488	84	149	18	31	65	0.4769231
NODE_5718_length_1052_cov_18.469045	448	528	0	15	80	0.1875000
NODE_5718_length_1052_cov_18.469045	448	528	4	28	80	0.3500000
NODE_5718_length_1052_cov_18.469045	448	528	6	22	80	0.2750000
NODE_5718_length_1052_cov_18.469045	448	528	10	15	80	0.1875000
NODE_5718_length_1052_cov_18.469045	501	581	6	13	80	0.1625000
NODE_5718_length_1052_cov_18.469045	501	581	8	2	80	0.0250000
NODE_5718_length_1052_cov_18.469045	501	581	10	26	80	0.3250000
NODE_5718_length_1052_cov_18.469045	501	581	12	39	80	0.4875000
NODE_5719_length_1052_cov_13.136411	425	505	0	80	80	1.0000000
NODE_5719_length_1052_cov_13.136411	478	558	0	80	80	1.0000000
NODE_5722_length_1052_cov_3.082896	607	687	4	17	80	0.2125000
NODE_5722_length_1052_cov_3.082896	607	687	6	63	80	0.7875000
NODE_5722_length_1052_cov_3.082896	660	740	2	50	80	0.6250000
NODE_5722_length_1052_cov_3.082896	660	740	6	30	80	0.3750000
NODE_5729_length_1051_cov_34.868697	472	552	0	46	80	0.5750000
NODE_5729_length_1051_cov_34.868697	472	552	2	16	80	0.2000000
NODE_5729_length_1051_cov_34.868697	472	552	8	18	80	0.2250000
NODE_5729_length_1051_cov_34.868697	525	605	2	9	80	0.1125000
NODE_5729_length_1051_cov_34.868697	525	605	6	1	80	0.0125000
NODE_5729_length_1051_cov_34.868697	525	605	8	70	80	0.8750000
NODE_5730_length_1051_cov_19.446429	549	629	6	7	80	0.0875000
NODE_5730_length_1051_cov_19.446429	549	629	8	73	80	0.9125000
NODE_5730_length_1051_cov_19.446429	602	682	2	16	80	0.2000000
NODE_5730_length_1051_cov_19.446429	602	682	3	7	80	0.0875000
NODE_5730_length_1051_cov_19.446429	602	682	4	16	80	0.2000000
NODE_5730_length_1051_cov_19.446429	602	682	6	19	80	0.2375000
NODE_5730_length_1051_cov_19.446429	602	682	8	22	80	0.2750000
NODE_5731_length_1051_cov_4.022059	600	680	2	53	80	0.6625000
NODE_5731_length_1051_cov_4.022059	600	680	4	27	80	0.3375000
NODE_5736_length_1050_cov_31.556257	429	509	6	53	80	0.6625000
NODE_5736_length_1050_cov_31.556257	429	509	8	27	80	0.3375000
NODE_5736_length_1050_cov_31.556257	482	562	2	48	80	0.6000000
NODE_5736_length_1050_cov_31.556257	482	562	8	32	80	0.4000000
NODE_5736_length_1050_cov_31.556257	558	638	0	14	80	0.1750000
NODE_5736_length_1050_cov_31.556257	558	638	2	66	80	0.8250000
NODE_5736_length_1050_cov_31.556257	611	691	0	6	80	0.0750000
NODE_5736_length_1050_cov_31.556257	611	691	2	74	80	0.9250000
NODE_5737_length_1050_cov_16.337539	398	478	0	80	80	1.0000000
NODE_5737_length_1050_cov_16.337539	451	531	0	80	80	1.0000000
NODE_5738_length_1050_cov_13.290221	507	587	0	47	80	0.5875000
NODE_5738_length_1050_cov_13.290221	507	587	2	33	80	0.4125000
NODE_5738_length_1050_cov_13.290221	560	640	2	80	80	1.0000000
NODE_5739_length_1050_cov_11.389064	532	612	8	16	80	0.2000000
NODE_5739_length_1050_cov_11.389064	532	612	10	9	80	0.1125000
NODE_5739_length_1050_cov_11.389064	532	612	12	7	80	0.0875000
NODE_5739_length_1050_cov_11.389064	532	612	15	17	80	0.2125000
NODE_5739_length_1050_cov_11.389064	532	612	16	31	80	0.3875000
NODE_5739_length_1050_cov_11.389064	585	665	0	3	80	0.0375000
NODE_5739_length_1050_cov_11.389064	585	665	6	34	80	0.4250000
NODE_5739_length_1050_cov_11.389064	585	665	8	32	80	0.4000000
NODE_5739_length_1050_cov_11.389064	585	665	12	7	80	0.0875000
NODE_5739_length_1050_cov_11.389064	585	665	15	4	80	0.0500000
NODE_5740_length_1050_cov_11.091483	259	321	6	20	62	0.3225806
NODE_5740_length_1050_cov_11.091483	259	321	8	42	62	0.6774194
NODE_5740_length_1050_cov_11.091483	294	374	6	3	80	0.0375000
NODE_5740_length_1050_cov_11.091483	294	374	8	41	80	0.5125000
NODE_5740_length_1050_cov_11.091483	294	374	10	6	80	0.0750000
NODE_5740_length_1050_cov_11.091483	294	374	12	25	80	0.3125000
NODE_5740_length_1050_cov_11.091483	294	374	13	1	80	0.0125000
NODE_5740_length_1050_cov_11.091483	294	374	14	4	80	0.0500000
NODE_5740_length_1050_cov_11.091483	370	450	7	24	80	0.3000000
NODE_5740_length_1050_cov_11.091483	370	450	9	16	80	0.2000000
NODE_5740_length_1050_cov_11.091483	370	450	10	35	80	0.4375000
NODE_5740_length_1050_cov_11.091483	370	450	12	5	80	0.0625000
NODE_5740_length_1050_cov_11.091483	423	503	0	28	80	0.3500000
NODE_5740_length_1050_cov_11.091483	423	503	5	18	80	0.2250000
NODE_5740_length_1050_cov_11.091483	423	503	7	31	80	0.3875000
NODE_5740_length_1050_cov_11.091483	423	503	9	3	80	0.0375000
NODE_5742_length_1050_cov_2.201893	928	990	0	61	62	0.9838710
NODE_5742_length_1050_cov_2.201893	928	990	2	1	62	0.0161290
NODE_5742_length_1050_cov_2.201893	981	1043	0	62	62	1.0000000
NODE_5748_length_1050_cov_1.241851	935	990	9	8	55	0.1454545
NODE_5748_length_1050_cov_1.241851	935	990	11	3	55	0.0545455
NODE_5748_length_1050_cov_1.241851	935	990	13	9	55	0.1636364
NODE_5748_length_1050_cov_1.241851	935	990	15	5	55	0.0909091
NODE_5748_length_1050_cov_1.241851	935	990	17	6	55	0.1090909
NODE_5748_length_1050_cov_1.241851	935	990	19	19	55	0.3454545
NODE_5748_length_1050_cov_1.241851	935	990	21	5	55	0.0909091
NODE_5748_length_1050_cov_1.241851	956	1036	13	4	80	0.0500000
NODE_5748_length_1050_cov_1.241851	956	1036	15	5	80	0.0625000
NODE_5748_length_1050_cov_1.241851	956	1036	17	15	80	0.1875000
NODE_5748_length_1050_cov_1.241851	956	1036	19	51	80	0.6375000
NODE_5748_length_1050_cov_1.241851	956	1036	21	5	80	0.0625000
NODE_5752_length_1049_cov_28.174737	446	526	0	80	80	1.0000000
NODE_5752_length_1049_cov_28.174737	499	579	0	80	80	1.0000000
NODE_5753_length_1049_cov_23.186316	389	469	2	43	80	0.5375000
NODE_5753_length_1049_cov_23.186316	389	469	4	37	80	0.4625000
NODE_5753_length_1049_cov_23.186316	442	522	2	48	80	0.6000000
NODE_5753_length_1049_cov_23.186316	442	522	4	32	80	0.4000000
NODE_5753_length_1049_cov_23.186316	518	595	0	39	77	0.5064935
NODE_5753_length_1049_cov_23.186316	518	595	2	28	77	0.3636364
NODE_5753_length_1049_cov_23.186316	518	595	4	10	77	0.1298701
NODE_5753_length_1049_cov_23.186316	568	648	0	17	80	0.2125000
NODE_5753_length_1049_cov_23.186316	568	648	4	63	80	0.7875000
NODE_5754_length_1049_cov_21.097895	532	612	2	6	80	0.0750000
NODE_5754_length_1049_cov_21.097895	532	612	8	10	80	0.1250000
NODE_5754_length_1049_cov_21.097895	532	612	9	11	80	0.1375000
NODE_5754_length_1049_cov_21.097895	532	612	12	2	80	0.0250000
NODE_5754_length_1049_cov_21.097895	532	612	14	34	80	0.4250000
NODE_5754_length_1049_cov_21.097895	532	612	15	17	80	0.2125000
NODE_5754_length_1049_cov_21.097895	585	665	6	12	80	0.1500000
NODE_5754_length_1049_cov_21.097895	585	665	7	19	80	0.2375000
NODE_5754_length_1049_cov_21.097895	585	665	8	1	80	0.0125000
NODE_5754_length_1049_cov_21.097895	585	665	13	3	80	0.0375000
NODE_5754_length_1049_cov_21.097895	585	665	14	10	80	0.1250000
NODE_5754_length_1049_cov_21.097895	585	665	15	35	80	0.4375000
NODE_5755_length_1049_cov_18.964211	375	466	0	13	91	0.1428571
NODE_5755_length_1049_cov_18.964211	375	466	2	78	91	0.8571429
NODE_5755_length_1049_cov_18.964211	439	519	0	5	80	0.0625000
NODE_5755_length_1049_cov_18.964211	439	519	2	75	80	0.9375000
NODE_5755_length_1049_cov_18.964211	515	595	0	80	80	1.0000000
NODE_5755_length_1049_cov_18.964211	568	648	0	80	80	1.0000000
NODE_5756_length_1049_cov_18.075789	437	517	0	37	80	0.4625000
NODE_5756_length_1049_cov_18.075789	437	517	2	43	80	0.5375000
NODE_5756_length_1049_cov_18.075789	490	570	0	80	80	1.0000000
NODE_5756_length_1049_cov_18.075789	566	644	0	55	78	0.7051282
NODE_5756_length_1049_cov_18.075789	566	644	2	23	78	0.2948718
NODE_5756_length_1049_cov_18.075789	620	695	0	1	75	0.0133333
NODE_5756_length_1049_cov_18.075789	620	695	2	74	75	0.9866667
NODE_5757_length_1049_cov_16.194737	569	650	0	81	81	1.0000000
NODE_5757_length_1049_cov_16.194737	623	703	0	80	80	1.0000000
NODE_5757_length_1049_cov_16.194737	699	779	0	80	80	1.0000000
NODE_5757_length_1049_cov_16.194737	752	832	0	80	80	1.0000000
NODE_5759_length_1049_cov_6.323158	588	668	2	18	80	0.2250000
NODE_5759_length_1049_cov_6.323158	588	668	4	62	80	0.7750000
NODE_5759_length_1049_cov_6.323158	641	721	0	21	80	0.2625000
NODE_5759_length_1049_cov_6.323158	641	721	1	7	80	0.0875000
NODE_5759_length_1049_cov_6.323158	641	721	2	43	80	0.5375000
NODE_5759_length_1049_cov_6.323158	641	721	4	9	80	0.1125000
NODE_5770_length_1048_cov_73.887250	535	615	0	12	80	0.1500000
NODE_5770_length_1048_cov_73.887250	535	615	4	1	80	0.0125000
NODE_5770_length_1048_cov_73.887250	535	615	8	67	80	0.8375000
NODE_5770_length_1048_cov_73.887250	588	668	0	34	80	0.4250000
NODE_5770_length_1048_cov_73.887250	588	668	4	32	80	0.4000000
NODE_5770_length_1048_cov_73.887250	588	668	8	14	80	0.1750000
NODE_5770_length_1048_cov_73.887250	664	744	4	26	80	0.3250000
NODE_5770_length_1048_cov_73.887250	664	744	8	4	80	0.0500000
NODE_5770_length_1048_cov_73.887250	664	744	10	50	80	0.6250000
NODE_5770_length_1048_cov_73.887250	717	797	6	17	80	0.2125000
NODE_5770_length_1048_cov_73.887250	717	797	10	63	80	0.7875000
NODE_5770_length_1048_cov_73.887250	899	979	0	80	80	1.0000000
NODE_5771_length_1048_cov_48.242360	407	487	2	9	80	0.1125000
NODE_5771_length_1048_cov_48.242360	407	487	4	12	80	0.1500000
NODE_5771_length_1048_cov_48.242360	407	487	6	59	80	0.7375000
NODE_5771_length_1048_cov_48.242360	460	540	0	21	80	0.2625000
NODE_5771_length_1048_cov_48.242360	460	540	2	41	80	0.5125000
NODE_5771_length_1048_cov_48.242360	460	540	4	2	80	0.0250000
NODE_5771_length_1048_cov_48.242360	460	540	6	16	80	0.2000000
NODE_5771_length_1048_cov_48.242360	536	616	0	80	80	1.0000000
NODE_5771_length_1048_cov_48.242360	589	669	0	30	80	0.3750000
NODE_5771_length_1048_cov_48.242360	589	669	2	50	80	0.6250000
NODE_5772_length_1048_cov_38.430980	352	432	12	6	80	0.0750000
NODE_5772_length_1048_cov_38.430980	352	432	15	14	80	0.1750000
NODE_5772_length_1048_cov_38.430980	352	432	16	2	80	0.0250000
NODE_5772_length_1048_cov_38.430980	352	432	17	53	80	0.6625000
NODE_5772_length_1048_cov_38.430980	352	432	18	5	80	0.0625000
NODE_5772_length_1048_cov_38.430980	405	485	13	6	80	0.0750000
NODE_5772_length_1048_cov_38.430980	405	485	15	14	80	0.1750000
NODE_5772_length_1048_cov_38.430980	405	485	16	1	80	0.0125000
NODE_5772_length_1048_cov_38.430980	405	485	17	34	80	0.4250000
NODE_5772_length_1048_cov_38.430980	405	485	18	17	80	0.2125000
NODE_5772_length_1048_cov_38.430980	405	485	21	8	80	0.1000000
NODE_5773_length_1048_cov_28.179136	548	628	6	80	80	1.0000000
NODE_5773_length_1048_cov_28.179136	601	681	0	19	80	0.2375000
NODE_5773_length_1048_cov_28.179136	601	681	6	61	80	0.7625000
NODE_5773_length_1048_cov_28.179136	677	757	0	35	80	0.4375000
NODE_5773_length_1048_cov_28.179136	677	757	6	45	80	0.5625000
NODE_5773_length_1048_cov_28.179136	730	810	0	6	80	0.0750000
NODE_5773_length_1048_cov_28.179136	730	810	6	74	80	0.9250000
NODE_5774_length_1048_cov_22.985248	409	489	0	34	80	0.4250000
NODE_5774_length_1048_cov_22.985248	409	489	2	46	80	0.5750000
NODE_5774_length_1048_cov_22.985248	462	542	0	12	80	0.1500000
NODE_5774_length_1048_cov_22.985248	462	542	2	68	80	0.8500000
NODE_5774_length_1048_cov_22.985248	538	618	0	57	80	0.7125000
NODE_5774_length_1048_cov_22.985248	538	618	6	23	80	0.2875000
NODE_5774_length_1048_cov_22.985248	591	671	0	4	80	0.0500000
NODE_5774_length_1048_cov_22.985248	591	671	6	28	80	0.3500000
NODE_5774_length_1048_cov_22.985248	591	671	8	48	80	0.6000000
NODE_5775_length_1048_cov_17.883035	500	580	0	80	80	1.0000000
NODE_5775_length_1048_cov_17.883035	553	633	0	80	80	1.0000000
NODE_5776_length_1048_cov_17.444679	377	457	0	23	80	0.2875000
NODE_5776_length_1048_cov_17.444679	377	457	2	20	80	0.2500000
NODE_5776_length_1048_cov_17.444679	377	457	4	37	80	0.4625000
NODE_5776_length_1048_cov_17.444679	430	510	2	16	80	0.2000000
NODE_5776_length_1048_cov_17.444679	430	510	4	64	80	0.8000000
NODE_5777_length_1048_cov_13.387777	518	598	4	10	80	0.1250000
NODE_5777_length_1048_cov_13.387777	518	598	6	23	80	0.2875000
NODE_5777_length_1048_cov_13.387777	518	598	8	9	80	0.1125000
NODE_5777_length_1048_cov_13.387777	518	598	10	38	80	0.4750000
NODE_5777_length_1048_cov_13.387777	571	651	0	7	80	0.0875000
NODE_5777_length_1048_cov_13.387777	571	651	2	11	80	0.1375000
NODE_5777_length_1048_cov_13.387777	571	651	4	21	80	0.2625000
NODE_5777_length_1048_cov_13.387777	571	651	6	36	80	0.4500000
NODE_5777_length_1048_cov_13.387777	571	651	10	5	80	0.0625000
NODE_5778_length_1048_cov_12.934668	716	796	0	5	80	0.0625000
NODE_5778_length_1048_cov_12.934668	716	796	2	75	80	0.9375000
NODE_5778_length_1048_cov_12.934668	769	849	0	48	80	0.6000000
NODE_5778_length_1048_cov_12.934668	769	849	2	32	80	0.4000000
NODE_5778_length_1048_cov_12.934668	845	925	0	44	80	0.5500000
NODE_5778_length_1048_cov_12.934668	845	925	2	36	80	0.4500000
NODE_5778_length_1048_cov_12.934668	898	975	2	77	77	1.0000000
NODE_5779_length_1048_cov_12.712329	330	410	2	19	80	0.2375000
NODE_5779_length_1048_cov_12.712329	330	410	4	35	80	0.4375000
NODE_5779_length_1048_cov_12.712329	330	410	5	26	80	0.3250000
NODE_5779_length_1048_cov_12.712329	384	463	0	23	79	0.2911392
NODE_5779_length_1048_cov_12.712329	384	463	2	49	79	0.6202531
NODE_5779_length_1048_cov_12.712329	384	463	4	7	79	0.0886076
NODE_5779_length_1048_cov_12.712329	459	539	2	15	80	0.1875000
NODE_5779_length_1048_cov_12.712329	459	539	4	10	80	0.1250000
NODE_5779_length_1048_cov_12.712329	459	539	6	4	80	0.0500000
NODE_5779_length_1048_cov_12.712329	459	539	8	12	80	0.1500000
NODE_5779_length_1048_cov_12.712329	459	539	13	1	80	0.0125000
NODE_5779_length_1048_cov_12.712329	459	539	14	7	80	0.0875000
NODE_5779_length_1048_cov_12.712329	459	539	16	7	80	0.0875000
NODE_5779_length_1048_cov_12.712329	459	539	18	24	80	0.3000000
NODE_5779_length_1048_cov_12.712329	512	592	15	26	80	0.3250000
NODE_5779_length_1048_cov_12.712329	512	592	16	4	80	0.0500000
NODE_5779_length_1048_cov_12.712329	512	592	17	26	80	0.3250000
NODE_5779_length_1048_cov_12.712329	512	592	18	24	80	0.3000000
NODE_5780_length_1048_cov_9.232877	305	355	2	50	50	1.0000000
NODE_5786_length_1047_cov_79.917722	540	620	0	48	80	0.6000000
NODE_5786_length_1047_cov_79.917722	540	620	2	4	80	0.0500000
NODE_5786_length_1047_cov_79.917722	540	620	4	28	80	0.3500000
NODE_5786_length_1047_cov_79.917722	593	673	2	5	80	0.0625000
NODE_5786_length_1047_cov_79.917722	593	673	4	75	80	0.9375000
NODE_5787_length_1047_cov_28.527426	582	662	4	24	80	0.3000000
NODE_5787_length_1047_cov_28.527426	582	662	8	56	80	0.7000000
NODE_5787_length_1047_cov_28.527426	635	715	0	17	80	0.2125000
NODE_5787_length_1047_cov_28.527426	635	715	4	16	80	0.2000000
NODE_5787_length_1047_cov_28.527426	635	715	8	47	80	0.5875000
NODE_5788_length_1047_cov_26.068565	372	452	4	51	80	0.6375000
NODE_5788_length_1047_cov_26.068565	372	452	6	29	80	0.3625000
NODE_5788_length_1047_cov_26.068565	425	505	0	8	80	0.1000000
NODE_5788_length_1047_cov_26.068565	425	505	2	42	80	0.5250000
NODE_5788_length_1047_cov_26.068565	425	505	4	23	80	0.2875000
NODE_5788_length_1047_cov_26.068565	425	505	6	7	80	0.0875000
NODE_5789_length_1047_cov_25.946203	424	504	2	1	80	0.0125000
NODE_5789_length_1047_cov_25.946203	424	504	3	1	80	0.0125000
NODE_5789_length_1047_cov_25.946203	424	504	4	7	80	0.0875000
NODE_5789_length_1047_cov_25.946203	424	504	8	34	80	0.4250000
NODE_5789_length_1047_cov_25.946203	424	504	10	37	80	0.4625000
NODE_5789_length_1047_cov_25.946203	477	557	0	18	80	0.2250000
NODE_5789_length_1047_cov_25.946203	477	557	2	36	80	0.4500000
NODE_5789_length_1047_cov_25.946203	477	557	3	1	80	0.0125000
NODE_5789_length_1047_cov_25.946203	477	557	4	7	80	0.0875000
NODE_5789_length_1047_cov_25.946203	477	557	8	18	80	0.2250000
NODE_5790_length_1047_cov_19.255274	458	538	0	8	80	0.1000000
NODE_5790_length_1047_cov_19.255274	458	538	4	19	80	0.2375000
NODE_5790_length_1047_cov_19.255274	458	538	6	53	80	0.6625000
NODE_5790_length_1047_cov_19.255274	511	591	4	3	80	0.0375000
NODE_5790_length_1047_cov_19.255274	511	591	6	77	80	0.9625000
NODE_5791_length_1047_cov_16.618143	467	547	8	30	80	0.3750000
NODE_5791_length_1047_cov_16.618143	467	547	10	50	80	0.6250000
NODE_5791_length_1047_cov_16.618143	520	600	0	17	80	0.2125000
NODE_5791_length_1047_cov_16.618143	520	600	2	6	80	0.0750000
NODE_5791_length_1047_cov_16.618143	520	600	7	1	80	0.0125000
NODE_5791_length_1047_cov_16.618143	520	600	8	38	80	0.4750000
NODE_5791_length_1047_cov_16.618143	520	600	10	18	80	0.2250000
NODE_5792_length_1047_cov_14.246835	643	723	2	33	80	0.4125000
NODE_5792_length_1047_cov_14.246835	643	723	8	47	80	0.5875000
NODE_5792_length_1047_cov_14.246835	696	776	6	34	80	0.4250000
NODE_5792_length_1047_cov_14.246835	696	776	8	46	80	0.5750000
NODE_5793_length_1047_cov_9.869198	414	494	0	12	80	0.1500000
NODE_5793_length_1047_cov_9.869198	414	494	9	3	80	0.0375000
NODE_5793_length_1047_cov_9.869198	414	494	10	34	80	0.4250000
NODE_5793_length_1047_cov_9.869198	414	494	11	4	80	0.0500000
NODE_5793_length_1047_cov_9.869198	414	494	12	6	80	0.0750000
NODE_5793_length_1047_cov_9.869198	414	494	14	21	80	0.2625000
NODE_5793_length_1047_cov_9.869198	467	547	12	6	80	0.0750000
NODE_5793_length_1047_cov_9.869198	467	547	14	74	80	0.9250000
NODE_5794_length_1047_cov_8.513713	300	380	4	80	80	1.0000000
NODE_5794_length_1047_cov_8.513713	353	433	0	9	80	0.1125000
NODE_5794_length_1047_cov_8.513713	353	433	1	12	80	0.1500000
NODE_5794_length_1047_cov_8.513713	353	433	3	5	80	0.0625000
NODE_5794_length_1047_cov_8.513713	353	433	4	54	80	0.6750000
NODE_5795_length_1047_cov_7.412447	442	522	0	21	80	0.2625000
NODE_5795_length_1047_cov_7.412447	442	522	2	9	80	0.1125000
NODE_5795_length_1047_cov_7.412447	442	522	4	50	80	0.6250000
NODE_5795_length_1047_cov_7.412447	495	575	2	25	80	0.3125000
NODE_5795_length_1047_cov_7.412447	495	575	3	3	80	0.0375000
NODE_5795_length_1047_cov_7.412447	495	575	4	52	80	0.6500000
NODE_5803_length_1046_cov_41.392819	587	667	0	19	80	0.2375000
NODE_5803_length_1046_cov_41.392819	587	667	2	45	80	0.5625000
NODE_5803_length_1046_cov_41.392819	587	667	4	16	80	0.2000000
NODE_5803_length_1046_cov_41.392819	640	720	2	36	80	0.4500000
NODE_5803_length_1046_cov_41.392819	640	720	4	44	80	0.5500000
NODE_5804_length_1046_cov_30.317846	382	462	11	16	80	0.2000000
NODE_5804_length_1046_cov_30.317846	382	462	12	8	80	0.1000000
NODE_5804_length_1046_cov_30.317846	382	462	15	14	80	0.1750000
NODE_5804_length_1046_cov_30.317846	382	462	18	30	80	0.3750000
NODE_5804_length_1046_cov_30.317846	382	462	20	12	80	0.1500000
NODE_5804_length_1046_cov_30.317846	435	515	6	4	80	0.0500000
NODE_5804_length_1046_cov_30.317846	435	515	8	34	80	0.4250000
NODE_5804_length_1046_cov_30.317846	435	515	10	7	80	0.0875000
NODE_5804_length_1046_cov_30.317846	435	515	18	15	80	0.1875000
NODE_5804_length_1046_cov_30.317846	435	515	20	20	80	0.2500000
NODE_5805_length_1046_cov_28.184794	346	426	2	29	80	0.3625000
NODE_5805_length_1046_cov_28.184794	346	426	7	16	80	0.2000000
NODE_5805_length_1046_cov_28.184794	346	426	8	35	80	0.4375000
NODE_5805_length_1046_cov_28.184794	399	479	6	38	80	0.4750000
NODE_5805_length_1046_cov_28.184794	399	479	8	42	80	0.5250000
NODE_5806_length_1046_cov_24.595565	501	581	0	80	80	1.0000000
NODE_5806_length_1046_cov_24.595565	554	634	0	80	80	1.0000000
NODE_5807_length_1046_cov_17.958817	447	527	2	80	80	1.0000000
NODE_5807_length_1046_cov_17.958817	500	580	0	48	80	0.6000000
NODE_5807_length_1046_cov_17.958817	500	580	2	32	80	0.4000000
NODE_5808_length_1046_cov_15.494192	385	465	0	8	80	0.1000000
NODE_5808_length_1046_cov_15.494192	385	465	2	34	80	0.4250000
NODE_5808_length_1046_cov_15.494192	385	465	4	38	80	0.4750000
NODE_5808_length_1046_cov_15.494192	438	518	4	80	80	1.0000000
NODE_5809_length_1046_cov_12.639916	554	634	4	5	80	0.0625000
NODE_5809_length_1046_cov_12.639916	554	634	6	75	80	0.9375000
NODE_5809_length_1046_cov_12.639916	607	687	0	18	80	0.2250000
NODE_5809_length_1046_cov_12.639916	607	687	4	40	80	0.5000000
NODE_5809_length_1046_cov_12.639916	607	687	6	22	80	0.2750000
NODE_5810_length_1046_cov_11.238648	471	551	0	38	80	0.4750000
NODE_5810_length_1046_cov_11.238648	471	551	2	42	80	0.5250000
NODE_5810_length_1046_cov_11.238648	524	604	2	80	80	1.0000000
NODE_5811_length_1046_cov_10.744456	459	539	0	80	80	1.0000000
NODE_5811_length_1046_cov_10.744456	512	592	0	80	80	1.0000000
NODE_5812_length_1046_cov_8.689546	302	382	2	17	80	0.2125000
NODE_5812_length_1046_cov_8.689546	302	382	4	63	80	0.7875000
NODE_5812_length_1046_cov_8.689546	355	435	0	21	80	0.2625000
NODE_5812_length_1046_cov_8.689546	355	435	2	11	80	0.1375000
NODE_5812_length_1046_cov_8.689546	355	435	3	7	80	0.0875000
NODE_5812_length_1046_cov_8.689546	355	435	4	41	80	0.5125000
NODE_5823_length_1045_cov_75.975687	359	440	14	18	81	0.2222222
NODE_5823_length_1045_cov_75.975687	359	440	16	3	81	0.0370370
NODE_5823_length_1045_cov_75.975687	359	440	17	6	81	0.0740741
NODE_5823_length_1045_cov_75.975687	359	440	18	4	81	0.0493827
NODE_5823_length_1045_cov_75.975687	359	440	19	11	81	0.1358025
NODE_5823_length_1045_cov_75.975687	359	440	20	6	81	0.0740741
NODE_5823_length_1045_cov_75.975687	359	440	21	10	81	0.1234568
NODE_5823_length_1045_cov_75.975687	359	440	22	23	81	0.2839506
NODE_5823_length_1045_cov_75.975687	412	493	5	5	81	0.0617284
NODE_5823_length_1045_cov_75.975687	412	493	7	1	81	0.0123457
NODE_5823_length_1045_cov_75.975687	412	493	9	1	81	0.0123457
NODE_5823_length_1045_cov_75.975687	412	493	11	2	81	0.0246914
NODE_5823_length_1045_cov_75.975687	412	493	15	17	81	0.2098765
NODE_5823_length_1045_cov_75.975687	412	493	16	18	81	0.2222222
NODE_5823_length_1045_cov_75.975687	412	493	17	15	81	0.1851852
NODE_5823_length_1045_cov_75.975687	412	493	19	11	81	0.1358025
NODE_5823_length_1045_cov_75.975687	412	493	21	10	81	0.1234568
NODE_5823_length_1045_cov_75.975687	412	493	22	1	81	0.0123457
NODE_5823_length_1045_cov_75.975687	489	569	0	32	80	0.4000000
NODE_5823_length_1045_cov_75.975687	489	569	1	6	80	0.0750000
NODE_5823_length_1045_cov_75.975687	489	569	4	7	80	0.0875000
NODE_5823_length_1045_cov_75.975687	489	569	5	15	80	0.1875000
NODE_5823_length_1045_cov_75.975687	489	569	7	20	80	0.2500000
NODE_5823_length_1045_cov_75.975687	542	622	4	7	80	0.0875000
NODE_5823_length_1045_cov_75.975687	542	622	7	27	80	0.3375000
NODE_5823_length_1045_cov_75.975687	542	622	8	5	80	0.0625000
NODE_5823_length_1045_cov_75.975687	542	622	12	1	80	0.0125000
NODE_5823_length_1045_cov_75.975687	542	622	13	40	80	0.5000000
NODE_5824_length_1045_cov_54.419662	434	514	0	76	80	0.9500000
NODE_5824_length_1045_cov_54.419662	434	514	2	4	80	0.0500000
NODE_5824_length_1045_cov_54.419662	487	567	0	23	80	0.2875000
NODE_5824_length_1045_cov_54.419662	487	567	2	57	80	0.7125000
NODE_5824_length_1045_cov_54.419662	563	639	0	22	76	0.2894737
NODE_5824_length_1045_cov_54.419662	563	639	1	27	76	0.3552631
NODE_5824_length_1045_cov_54.419662	563	639	2	27	76	0.3552631
NODE_5824_length_1045_cov_54.419662	616	696	1	43	80	0.5375000
NODE_5824_length_1045_cov_54.419662	616	696	2	37	80	0.4625000
NODE_5825_length_1045_cov_23.188161	395	475	0	44	80	0.5500000
NODE_5825_length_1045_cov_23.188161	395	475	2	35	80	0.4375000
NODE_5825_length_1045_cov_23.188161	395	475	4	1	80	0.0125000
NODE_5825_length_1045_cov_23.188161	448	528	2	53	80	0.6625000
NODE_5825_length_1045_cov_23.188161	448	528	4	27	80	0.3375000
NODE_5826_length_1045_cov_19.686047	571	651	2	7	80	0.0875000
NODE_5826_length_1045_cov_19.686047	571	651	4	73	80	0.9125000
NODE_5826_length_1045_cov_19.686047	624	704	0	33	80	0.4125000
NODE_5826_length_1045_cov_19.686047	624	704	2	20	80	0.2500000
NODE_5826_length_1045_cov_19.686047	624	704	4	27	80	0.3375000
NODE_5827_length_1045_cov_19.378436	478	558	0	31	80	0.3875000
NODE_5827_length_1045_cov_19.378436	478	558	14	5	80	0.0625000
NODE_5827_length_1045_cov_19.378436	478	558	16	3	80	0.0375000
NODE_5827_length_1045_cov_19.378436	478	558	17	29	80	0.3625000
NODE_5827_length_1045_cov_19.378436	478	558	21	5	80	0.0625000
NODE_5827_length_1045_cov_19.378436	478	558	22	7	80	0.0875000
NODE_5827_length_1045_cov_19.378436	531	611	17	15	80	0.1875000
NODE_5827_length_1045_cov_19.378436	531	611	21	5	80	0.0625000
NODE_5827_length_1045_cov_19.378436	531	611	22	60	80	0.7500000
NODE_5828_length_1045_cov_17.601480	359	439	0	5	80	0.0625000
NODE_5828_length_1045_cov_17.601480	359	439	4	29	80	0.3625000
NODE_5828_length_1045_cov_17.601480	359	439	6	46	80	0.5750000
NODE_5828_length_1045_cov_17.601480	412	492	2	7	80	0.0875000
NODE_5828_length_1045_cov_17.601480	412	492	6	73	80	0.9125000
NODE_5829_length_1045_cov_17.372093	633	713	2	45	80	0.5625000
NODE_5829_length_1045_cov_17.372093	633	713	4	35	80	0.4375000
NODE_5829_length_1045_cov_17.372093	686	766	0	51	80	0.6375000
NODE_5829_length_1045_cov_17.372093	686	766	2	29	80	0.3625000
NODE_5830_length_1045_cov_14.828753	433	513	0	18	80	0.2250000
NODE_5830_length_1045_cov_14.828753	433	513	1	35	80	0.4375000
NODE_5830_length_1045_cov_14.828753	433	513	2	18	80	0.2250000
NODE_5830_length_1045_cov_14.828753	433	513	5	9	80	0.1125000
NODE_5830_length_1045_cov_14.828753	486	566	2	18	80	0.2250000
NODE_5830_length_1045_cov_14.828753	486	566	5	26	80	0.3250000
NODE_5830_length_1045_cov_14.828753	486	566	6	36	80	0.4500000
NODE_5831_length_1045_cov_11.673362	664	744	0	32	80	0.4000000
NODE_5831_length_1045_cov_11.673362	664	744	2	48	80	0.6000000
NODE_5831_length_1045_cov_11.673362	717	797	2	80	80	1.0000000
NODE_5843_length_1044_cov_42.600000	344	424	4	21	80	0.2625000
NODE_5843_length_1044_cov_42.600000	344	424	5	15	80	0.1875000
NODE_5843_length_1044_cov_42.600000	344	424	7	14	80	0.1750000
NODE_5843_length_1044_cov_42.600000	344	424	8	30	80	0.3750000
NODE_5843_length_1044_cov_42.600000	397	477	2	5	80	0.0625000
NODE_5843_length_1044_cov_42.600000	397	477	4	60	80	0.7500000
NODE_5843_length_1044_cov_42.600000	397	477	8	15	80	0.1875000
NODE_5844_length_1044_cov_27.653968	454	534	0	9	80	0.1125000
NODE_5844_length_1044_cov_27.653968	454	534	12	71	80	0.8875000
NODE_5844_length_1044_cov_27.653968	507	587	0	4	80	0.0500000
NODE_5844_length_1044_cov_27.653968	507	587	12	76	80	0.9500000
NODE_5845_length_1044_cov_24.561905	297	375	4	39	78	0.5000000
NODE_5845_length_1044_cov_24.561905	297	375	6	22	78	0.2820513
NODE_5845_length_1044_cov_24.561905	297	375	8	17	78	0.2179487
NODE_5845_length_1044_cov_24.561905	348	428	2	8	80	0.1000000
NODE_5845_length_1044_cov_24.561905	348	428	4	1	80	0.0125000
NODE_5845_length_1044_cov_24.561905	348	428	6	45	80	0.5625000
NODE_5845_length_1044_cov_24.561905	348	428	8	26	80	0.3250000
NODE_5845_length_1044_cov_24.561905	424	504	0	10	80	0.1250000
NODE_5845_length_1044_cov_24.561905	424	504	2	27	80	0.3375000
NODE_5845_length_1044_cov_24.561905	424	504	6	43	80	0.5375000
NODE_5845_length_1044_cov_24.561905	477	557	6	80	80	1.0000000
NODE_5846_length_1044_cov_23.720635	294	374	0	14	80	0.1750000
NODE_5846_length_1044_cov_23.720635	294	374	2	30	80	0.3750000
NODE_5846_length_1044_cov_23.720635	294	374	4	36	80	0.4500000
NODE_5846_length_1044_cov_23.720635	347	427	4	37	80	0.4625000
NODE_5846_length_1044_cov_23.720635	347	427	8	40	80	0.5000000
NODE_5846_length_1044_cov_23.720635	347	427	10	3	80	0.0375000
NODE_5846_length_1044_cov_23.720635	423	503	2	1	80	0.0125000
NODE_5846_length_1044_cov_23.720635	423	503	4	21	80	0.2625000
NODE_5846_length_1044_cov_23.720635	423	503	6	10	80	0.1250000
NODE_5846_length_1044_cov_23.720635	423	503	8	48	80	0.6000000
NODE_5846_length_1044_cov_23.720635	476	556	0	38	80	0.4750000
NODE_5846_length_1044_cov_23.720635	476	556	2	16	80	0.2000000
NODE_5846_length_1044_cov_23.720635	476	556	4	21	80	0.2625000
NODE_5846_length_1044_cov_23.720635	476	556	8	5	80	0.0625000
NODE_5847_length_1044_cov_20.871958	462	542	0	24	80	0.3000000
NODE_5847_length_1044_cov_20.871958	462	542	4	56	80	0.7000000
NODE_5847_length_1044_cov_20.871958	515	595	0	77	80	0.9625000
NODE_5847_length_1044_cov_20.871958	515	595	4	3	80	0.0375000
NODE_5847_length_1044_cov_20.871958	591	671	0	80	80	1.0000000
NODE_5847_length_1044_cov_20.871958	644	724	0	80	80	1.0000000
NODE_5848_length_1044_cov_18.596825	433	513	0	65	80	0.8125000
NODE_5848_length_1044_cov_18.596825	433	513	2	15	80	0.1875000
NODE_5848_length_1044_cov_18.596825	486	566	0	80	80	1.0000000
NODE_5849_length_1044_cov_16.102646	414	494	2	80	80	1.0000000
NODE_5849_length_1044_cov_16.102646	467	547	0	37	80	0.4625000
NODE_5849_length_1044_cov_16.102646	467	547	2	43	80	0.5375000
NODE_5850_length_1044_cov_12.156614	578	658	0	64	80	0.8000000
NODE_5850_length_1044_cov_12.156614	578	658	2	16	80	0.2000000
NODE_5850_length_1044_cov_12.156614	631	711	0	11	80	0.1375000
NODE_5850_length_1044_cov_12.156614	631	711	2	69	80	0.8625000
NODE_5851_length_1044_cov_10.661376	506	586	0	33	80	0.4125000
NODE_5851_length_1044_cov_10.661376	506	586	2	47	80	0.5875000
NODE_5851_length_1044_cov_10.661376	559	639	2	80	80	1.0000000
NODE_5852_length_1044_cov_9.534392	461	541	2	10	80	0.1250000
NODE_5852_length_1044_cov_9.534392	461	541	4	7	80	0.0875000
NODE_5852_length_1044_cov_9.534392	461	541	6	38	80	0.4750000
NODE_5852_length_1044_cov_9.534392	461	541	8	25	80	0.3125000
NODE_5852_length_1044_cov_9.534392	514	594	2	15	80	0.1875000
NODE_5852_length_1044_cov_9.534392	514	594	4	20	80	0.2500000
NODE_5852_length_1044_cov_9.534392	514	594	5	5	80	0.0625000
NODE_5852_length_1044_cov_9.534392	514	594	6	3	80	0.0375000
NODE_5852_length_1044_cov_9.534392	514	594	8	37	80	0.4625000
NODE_5853_length_1044_cov_5.517460	434	514	0	80	80	1.0000000
NODE_5853_length_1044_cov_5.517460	487	567	0	80	80	1.0000000
NODE_5856_length_1044_cov_1.502646	769	845	0	76	76	1.0000000
NODE_5860_length_1043_cov_42.288136	452	532	10	10	80	0.1250000
NODE_5860_length_1043_cov_42.288136	452	532	14	40	80	0.5000000
NODE_5860_length_1043_cov_42.288136	452	532	16	30	80	0.3750000
NODE_5860_length_1043_cov_42.288136	505	585	8	44	80	0.5500000
NODE_5860_length_1043_cov_42.288136	505	585	10	9	80	0.1125000
NODE_5860_length_1043_cov_42.288136	505	585	15	1	80	0.0125000
NODE_5860_length_1043_cov_42.288136	505	585	16	26	80	0.3250000
NODE_5861_length_1043_cov_25.987288	350	430	1	52	80	0.6500000
NODE_5861_length_1043_cov_25.987288	350	430	2	28	80	0.3500000
NODE_5861_length_1043_cov_25.987288	403	483	1	21	80	0.2625000
NODE_5861_length_1043_cov_25.987288	403	483	2	59	80	0.7375000
NODE_5861_length_1043_cov_25.987288	479	559	1	33	80	0.4125000
NODE_5861_length_1043_cov_25.987288	479	559	3	1	80	0.0125000
NODE_5861_length_1043_cov_25.987288	479	559	5	1	80	0.0125000
NODE_5861_length_1043_cov_25.987288	479	559	6	12	80	0.1500000
NODE_5861_length_1043_cov_25.987288	479	559	7	33	80	0.4125000
NODE_5861_length_1043_cov_25.987288	532	612	6	14	80	0.1750000
NODE_5861_length_1043_cov_25.987288	532	612	7	20	80	0.2500000
NODE_5861_length_1043_cov_25.987288	532	612	8	46	80	0.5750000
NODE_5862_length_1043_cov_20.838983	561	641	0	1	80	0.0125000
NODE_5862_length_1043_cov_20.838983	561	641	2	38	80	0.4750000
NODE_5862_length_1043_cov_20.838983	561	641	4	41	80	0.5125000
NODE_5862_length_1043_cov_20.838983	614	694	2	32	80	0.4000000
NODE_5862_length_1043_cov_20.838983	614	694	4	48	80	0.6000000
NODE_5863_length_1043_cov_20.312500	489	569	4	17	80	0.2125000
NODE_5863_length_1043_cov_20.312500	489	569	8	16	80	0.2000000
NODE_5863_length_1043_cov_20.312500	489	569	14	47	80	0.5875000
NODE_5863_length_1043_cov_20.312500	542	622	6	18	80	0.2250000
NODE_5863_length_1043_cov_20.312500	542	622	10	26	80	0.3250000
NODE_5863_length_1043_cov_20.312500	542	622	14	36	80	0.4500000
NODE_5864_length_1043_cov_16.320975	569	649	7	25	80	0.3125000
NODE_5864_length_1043_cov_16.320975	569	649	10	29	80	0.3625000
NODE_5864_length_1043_cov_16.320975	569	649	12	15	80	0.1875000
NODE_5864_length_1043_cov_16.320975	569	649	14	11	80	0.1375000
NODE_5864_length_1043_cov_16.320975	622	702	10	1	80	0.0125000
NODE_5864_length_1043_cov_16.320975	622	702	11	26	80	0.3250000
NODE_5864_length_1043_cov_16.320975	622	702	12	15	80	0.1875000
NODE_5864_length_1043_cov_16.320975	622	702	14	14	80	0.1750000
NODE_5864_length_1043_cov_16.320975	622	702	15	10	80	0.1250000
NODE_5864_length_1043_cov_16.320975	622	702	17	1	80	0.0125000
NODE_5864_length_1043_cov_16.320975	622	702	18	13	80	0.1625000
NODE_5865_length_1043_cov_11.176907	521	601	1	18	80	0.2250000
NODE_5865_length_1043_cov_11.176907	521	601	2	62	80	0.7750000
NODE_5865_length_1043_cov_11.176907	574	654	2	80	80	1.0000000
NODE_5866_length_1043_cov_8.146186	530	596	0	66	66	1.0000000
NODE_5866_length_1043_cov_8.146186	569	649	0	80	80	1.0000000
NODE_5868_length_1043_cov_5.347458	646	726	2	41	80	0.5125000
NODE_5868_length_1043_cov_5.347458	646	726	4	39	80	0.4875000
NODE_5868_length_1043_cov_5.347458	699	779	0	6	80	0.0750000
NODE_5868_length_1043_cov_5.347458	699	779	2	74	80	0.9250000
NODE_5879_length_1042_cov_242.728526	820	900	172	1	80	0.0125000
NODE_5879_length_1042_cov_242.728526	820	900	173	1	80	0.0125000
NODE_5879_length_1042_cov_242.728526	820	900	174	1	80	0.0125000
NODE_5879_length_1042_cov_242.728526	820	900	175	3	80	0.0375000
NODE_5879_length_1042_cov_242.728526	820	900	183	1	80	0.0125000
NODE_5879_length_1042_cov_242.728526	820	900	187	1	80	0.0125000
NODE_5879_length_1042_cov_242.728526	820	900	194	1	80	0.0125000
NODE_5879_length_1042_cov_242.728526	820	900	197	1	80	0.0125000
NODE_5879_length_1042_cov_242.728526	820	900	203	2	80	0.0250000
NODE_5879_length_1042_cov_242.728526	820	900	212	1	80	0.0125000
NODE_5879_length_1042_cov_242.728526	820	900	218	1	80	0.0125000
NODE_5879_length_1042_cov_242.728526	820	900	220	1	80	0.0125000
NODE_5879_length_1042_cov_242.728526	820	900	221	1	80	0.0125000
NODE_5879_length_1042_cov_242.728526	820	900	229	1	80	0.0125000
NODE_5879_length_1042_cov_242.728526	820	900	231	1	80	0.0125000
NODE_5879_length_1042_cov_242.728526	820	900	237	1	80	0.0125000
NODE_5879_length_1042_cov_242.728526	820	900	240	1	80	0.0125000
NODE_5879_length_1042_cov_242.728526	820	900	245	1	80	0.0125000
NODE_5879_length_1042_cov_242.728526	820	900	246	1	80	0.0125000
NODE_5879_length_1042_cov_242.728526	820	900	247	1	80	0.0125000
NODE_5879_length_1042_cov_242.728526	820	900	248	2	80	0.0250000
NODE_5879_length_1042_cov_242.728526	820	900	250	1	80	0.0125000
NODE_5879_length_1042_cov_242.728526	820	900	251	1	80	0.0125000
NODE_5879_length_1042_cov_242.728526	820	900	252	2	80	0.0250000
NODE_5879_length_1042_cov_242.728526	820	900	253	5	80	0.0625000
NODE_5879_length_1042_cov_242.728526	820	900	254	1	80	0.0125000
NODE_5879_length_1042_cov_242.728526	820	900	255	2	80	0.0250000
NODE_5879_length_1042_cov_242.728526	820	900	257	2	80	0.0250000
NODE_5879_length_1042_cov_242.728526	820	900	259	2	80	0.0250000
NODE_5879_length_1042_cov_242.728526	820	900	260	3	80	0.0375000
NODE_5879_length_1042_cov_242.728526	820	900	261	1	80	0.0125000
NODE_5879_length_1042_cov_242.728526	820	900	263	3	80	0.0375000
NODE_5879_length_1042_cov_242.728526	820	900	264	1	80	0.0125000
NODE_5879_length_1042_cov_242.728526	820	900	267	1	80	0.0125000
NODE_5879_length_1042_cov_242.728526	820	900	268	2	80	0.0250000
NODE_5879_length_1042_cov_242.728526	820	900	269	5	80	0.0625000
NODE_5879_length_1042_cov_242.728526	820	900	270	7	80	0.0875000
NODE_5879_length_1042_cov_242.728526	820	900	271	5	80	0.0625000
NODE_5879_length_1042_cov_242.728526	820	900	272	7	80	0.0875000
NODE_5879_length_1042_cov_242.728526	820	900	273	2	80	0.0250000
NODE_5879_length_1042_cov_242.728526	820	900	274	2	80	0.0250000
NODE_5879_length_1042_cov_242.728526	873	903	243	1	30	0.0333333
NODE_5879_length_1042_cov_242.728526	873	903	247	2	30	0.0666667
NODE_5879_length_1042_cov_242.728526	873	903	248	1	30	0.0333333
NODE_5879_length_1042_cov_242.728526	873	903	250	1	30	0.0333333
NODE_5879_length_1042_cov_242.728526	873	903	252	1	30	0.0333333
NODE_5879_length_1042_cov_242.728526	873	903	253	3	30	0.1000000
NODE_5879_length_1042_cov_242.728526	873	903	254	1	30	0.0333333
NODE_5879_length_1042_cov_242.728526	873	903	255	2	30	0.0666667
NODE_5879_length_1042_cov_242.728526	873	903	257	2	30	0.0666667
NODE_5879_length_1042_cov_242.728526	873	903	261	1	30	0.0333333
NODE_5879_length_1042_cov_242.728526	873	903	263	3	30	0.1000000
NODE_5879_length_1042_cov_242.728526	873	903	264	1	30	0.0333333
NODE_5879_length_1042_cov_242.728526	873	903	269	2	30	0.0666667
NODE_5879_length_1042_cov_242.728526	873	903	270	6	30	0.2000000
NODE_5879_length_1042_cov_242.728526	873	903	272	3	30	0.1000000
NODE_5880_length_1042_cov_63.214210	355	435	0	20	80	0.2500000
NODE_5880_length_1042_cov_63.214210	355	435	2	5	80	0.0625000
NODE_5880_length_1042_cov_63.214210	355	435	8	6	80	0.0750000
NODE_5880_length_1042_cov_63.214210	355	435	9	40	80	0.5000000
NODE_5880_length_1042_cov_63.214210	355	435	11	7	80	0.0875000
NODE_5880_length_1042_cov_63.214210	355	435	13	2	80	0.0250000
NODE_5880_length_1042_cov_63.214210	408	488	9	18	80	0.2250000
NODE_5880_length_1042_cov_63.214210	408	488	11	7	80	0.0875000
NODE_5880_length_1042_cov_63.214210	408	488	13	28	80	0.3500000
NODE_5880_length_1042_cov_63.214210	408	488	14	27	80	0.3375000
NODE_5881_length_1042_cov_29.581124	497	577	4	51	80	0.6375000
NODE_5881_length_1042_cov_29.581124	497	577	8	29	80	0.3625000
NODE_5881_length_1042_cov_29.581124	550	630	4	12	80	0.1500000
NODE_5881_length_1042_cov_29.581124	550	630	8	68	80	0.8500000
NODE_5882_length_1042_cov_23.861082	519	599	3	24	80	0.3000000
NODE_5882_length_1042_cov_23.861082	519	599	4	12	80	0.1500000
NODE_5882_length_1042_cov_23.861082	519	599	5	5	80	0.0625000
NODE_5882_length_1042_cov_23.861082	519	599	6	39	80	0.4875000
NODE_5882_length_1042_cov_23.861082	572	652	0	32	80	0.4000000
NODE_5882_length_1042_cov_23.861082	572	652	2	1	80	0.0125000
NODE_5882_length_1042_cov_23.861082	572	652	3	4	80	0.0500000
NODE_5882_length_1042_cov_23.861082	572	652	5	21	80	0.2625000
NODE_5882_length_1042_cov_23.861082	572	652	6	22	80	0.2750000
NODE_5882_length_1042_cov_23.861082	648	728	0	41	80	0.5125000
NODE_5882_length_1042_cov_23.861082	648	728	2	12	80	0.1500000
NODE_5882_length_1042_cov_23.861082	648	728	4	27	80	0.3375000
NODE_5882_length_1042_cov_23.861082	701	781	4	40	80	0.5000000
NODE_5882_length_1042_cov_23.861082	701	781	5	1	80	0.0125000
NODE_5882_length_1042_cov_23.861082	701	781	6	39	80	0.4875000
NODE_5883_length_1042_cov_22.247084	555	635	0	80	80	1.0000000
NODE_5883_length_1042_cov_22.247084	608	688	0	80	80	1.0000000
NODE_5884_length_1042_cov_22.117709	335	415	0	25	80	0.3125000
NODE_5884_length_1042_cov_22.117709	335	415	3	1	80	0.0125000
NODE_5884_length_1042_cov_22.117709	335	415	4	54	80	0.6750000
NODE_5884_length_1042_cov_22.117709	388	468	0	78	80	0.9750000
NODE_5884_length_1042_cov_22.117709	388	468	3	1	80	0.0125000
NODE_5884_length_1042_cov_22.117709	388	468	4	1	80	0.0125000
NODE_5884_length_1042_cov_22.117709	464	544	0	80	80	1.0000000
NODE_5884_length_1042_cov_22.117709	517	597	0	80	80	1.0000000
NODE_5885_length_1042_cov_16.831389	27	97	0	70	70	1.0000000
NODE_5885_length_1042_cov_16.831389	372	452	0	34	80	0.4250000
NODE_5885_length_1042_cov_16.831389	372	452	2	5	80	0.0625000
NODE_5885_length_1042_cov_16.831389	372	452	4	36	80	0.4500000
NODE_5885_length_1042_cov_16.831389	372	452	5	5	80	0.0625000
NODE_5885_length_1042_cov_16.831389	425	505	4	33	80	0.4125000
NODE_5885_length_1042_cov_16.831389	425	505	5	10	80	0.1250000
NODE_5885_length_1042_cov_16.831389	425	505	6	37	80	0.4625000
NODE_5886_length_1042_cov_16.662778	416	496	0	14	80	0.1750000
NODE_5886_length_1042_cov_16.662778	416	496	2	53	80	0.6625000
NODE_5886_length_1042_cov_16.662778	416	496	6	13	80	0.1625000
NODE_5886_length_1042_cov_16.662778	469	549	0	11	80	0.1375000
NODE_5886_length_1042_cov_16.662778	469	549	2	3	80	0.0375000
NODE_5886_length_1042_cov_16.662778	469	549	6	66	80	0.8250000
NODE_5887_length_1042_cov_9.474019	361	441	4	7	80	0.0875000
NODE_5887_length_1042_cov_9.474019	361	441	6	73	80	0.9125000
NODE_5887_length_1042_cov_9.474019	414	494	0	49	80	0.6125000
NODE_5887_length_1042_cov_9.474019	414	494	3	1	80	0.0125000
NODE_5887_length_1042_cov_9.474019	414	494	4	10	80	0.1250000
NODE_5887_length_1042_cov_9.474019	414	494	6	20	80	0.2500000
NODE_5888_length_1042_cov_6.725345	356	419	0	15	63	0.2380952
NODE_5888_length_1042_cov_6.725345	356	419	2	48	63	0.7619048
NODE_5888_length_1042_cov_6.725345	392	472	2	80	80	1.0000000
NODE_5896_length_1041_cov_42.960722	335	415	0	28	80	0.3500000
NODE_5896_length_1041_cov_42.960722	335	415	6	52	80	0.6500000
NODE_5896_length_1041_cov_42.960722	388	468	2	13	80	0.1625000
NODE_5896_length_1041_cov_42.960722	388	468	6	30	80	0.3750000
NODE_5896_length_1041_cov_42.960722	388	468	8	37	80	0.4625000
NODE_5896_length_1041_cov_42.960722	464	544	2	31	80	0.3875000
NODE_5896_length_1041_cov_42.960722	464	544	4	24	80	0.3000000
NODE_5896_length_1041_cov_42.960722	464	544	6	14	80	0.1750000
NODE_5896_length_1041_cov_42.960722	464	544	8	11	80	0.1375000
NODE_5896_length_1041_cov_42.960722	517	597	4	7	80	0.0875000
NODE_5896_length_1041_cov_42.960722	517	597	6	62	80	0.7750000
NODE_5896_length_1041_cov_42.960722	517	597	8	11	80	0.1375000
NODE_5897_length_1041_cov_37.331210	513	593	5	37	80	0.4625000
NODE_5897_length_1041_cov_37.331210	513	593	7	10	80	0.1250000
NODE_5897_length_1041_cov_37.331210	513	593	9	25	80	0.3125000
NODE_5897_length_1041_cov_37.331210	513	593	10	8	80	0.1000000
NODE_5897_length_1041_cov_37.331210	566	646	8	36	80	0.4500000
NODE_5897_length_1041_cov_37.331210	566	646	9	41	80	0.5125000
NODE_5897_length_1041_cov_37.331210	566	646	10	3	80	0.0375000
NODE_5897_length_1041_cov_37.331210	642	722	4	12	80	0.1500000
NODE_5897_length_1041_cov_37.331210	642	722	5	16	80	0.2000000
NODE_5897_length_1041_cov_37.331210	642	722	7	31	80	0.3875000
NODE_5897_length_1041_cov_37.331210	642	722	8	6	80	0.0750000
NODE_5897_length_1041_cov_37.331210	642	722	10	15	80	0.1875000
NODE_5897_length_1041_cov_37.331210	695	775	2	6	80	0.0750000
NODE_5897_length_1041_cov_37.331210	695	775	4	59	80	0.7375000
NODE_5897_length_1041_cov_37.331210	695	775	7	15	80	0.1875000
NODE_5898_length_1041_cov_36.477707	455	535	0	8	80	0.1000000
NODE_5898_length_1041_cov_36.477707	455	535	2	1	80	0.0125000
NODE_5898_length_1041_cov_36.477707	455	535	4	14	80	0.1750000
NODE_5898_length_1041_cov_36.477707	455	535	6	51	80	0.6375000
NODE_5898_length_1041_cov_36.477707	455	535	8	6	80	0.0750000
NODE_5898_length_1041_cov_36.477707	508	588	2	30	80	0.3750000
NODE_5898_length_1041_cov_36.477707	508	588	4	1	80	0.0125000
NODE_5898_length_1041_cov_36.477707	508	588	6	37	80	0.4625000
NODE_5898_length_1041_cov_36.477707	508	588	8	12	80	0.1500000
NODE_5898_length_1041_cov_36.477707	584	664	0	70	80	0.8750000
NODE_5898_length_1041_cov_36.477707	584	664	2	10	80	0.1250000
NODE_5898_length_1041_cov_36.477707	637	717	0	80	80	1.0000000
NODE_5898_length_1041_cov_36.477707	753	799	0	46	46	1.0000000
NODE_5899_length_1041_cov_19.286624	468	548	4	56	80	0.7000000
NODE_5899_length_1041_cov_19.286624	468	548	6	9	80	0.1125000
NODE_5899_length_1041_cov_19.286624	468	548	7	6	80	0.0750000
NODE_5899_length_1041_cov_19.286624	468	548	9	9	80	0.1125000
NODE_5899_length_1041_cov_19.286624	521	601	4	3	80	0.0375000
NODE_5899_length_1041_cov_19.286624	521	601	6	9	80	0.1125000
NODE_5899_length_1041_cov_19.286624	521	601	7	6	80	0.0750000
NODE_5899_length_1041_cov_19.286624	521	601	8	43	80	0.5375000
NODE_5899_length_1041_cov_19.286624	521	601	9	10	80	0.1250000
NODE_5899_length_1041_cov_19.286624	521	601	10	9	80	0.1125000
NODE_5900_length_1041_cov_17.072187	578	658	2	12	80	0.1500000
NODE_5900_length_1041_cov_17.072187	578	658	4	9	80	0.1125000
NODE_5900_length_1041_cov_17.072187	578	658	6	59	80	0.7375000
NODE_5900_length_1041_cov_17.072187	631	711	0	22	80	0.2750000
NODE_5900_length_1041_cov_17.072187	631	711	2	1	80	0.0125000
NODE_5900_length_1041_cov_17.072187	631	711	4	26	80	0.3250000
NODE_5900_length_1041_cov_17.072187	631	711	6	31	80	0.3875000
NODE_5901_length_1041_cov_11.887473	437	517	2	27	80	0.3375000
NODE_5901_length_1041_cov_11.887473	437	517	8	28	80	0.3500000
NODE_5901_length_1041_cov_11.887473	437	517	10	25	80	0.3125000
NODE_5901_length_1041_cov_11.887473	490	570	8	59	80	0.7375000
NODE_5901_length_1041_cov_11.887473	490	570	10	21	80	0.2625000
NODE_5902_length_1041_cov_6.957537	354	434	0	80	80	1.0000000
NODE_5902_length_1041_cov_6.957537	407	487	0	80	80	1.0000000
NODE_5913_length_1040_cov_34.618491	478	558	0	67	80	0.8375000
NODE_5913_length_1040_cov_34.618491	478	558	6	13	80	0.1625000
NODE_5913_length_1040_cov_34.618491	531	611	0	14	80	0.1750000
NODE_5913_length_1040_cov_34.618491	531	611	6	41	80	0.5125000
NODE_5913_length_1040_cov_34.618491	531	611	8	25	80	0.3125000
NODE_5914_length_1040_cov_33.061637	485	565	7	46	80	0.5750000
NODE_5914_length_1040_cov_33.061637	485	565	8	30	80	0.3750000
NODE_5914_length_1040_cov_33.061637	485	565	10	4	80	0.0500000
NODE_5914_length_1040_cov_33.061637	538	618	4	39	80	0.4875000
NODE_5914_length_1040_cov_33.061637	538	618	8	23	80	0.2875000
NODE_5914_length_1040_cov_33.061637	538	618	10	18	80	0.2250000
NODE_5915_length_1040_cov_27.818278	402	482	13	1	80	0.0125000
NODE_5915_length_1040_cov_27.818278	402	482	14	48	80	0.6000000
NODE_5915_length_1040_cov_27.818278	402	482	16	31	80	0.3875000
NODE_5915_length_1040_cov_27.818278	455	535	11	9	80	0.1125000
NODE_5915_length_1040_cov_27.818278	455	535	12	4	80	0.0500000
NODE_5915_length_1040_cov_27.818278	455	535	13	7	80	0.0875000
NODE_5915_length_1040_cov_27.818278	455	535	16	60	80	0.7500000
NODE_5916_length_1040_cov_17.933050	487	567	0	56	80	0.7000000
NODE_5916_length_1040_cov_17.933050	487	567	2	24	80	0.3000000
NODE_5916_length_1040_cov_17.933050	540	620	0	3	80	0.0375000
NODE_5916_length_1040_cov_17.933050	540	620	2	77	80	0.9625000
NODE_5917_length_1040_cov_14.327311	237	317	0	80	80	1.0000000
NODE_5917_length_1040_cov_14.327311	290	370	0	61	80	0.7625000
NODE_5917_length_1040_cov_14.327311	290	370	2	14	80	0.1750000
NODE_5917_length_1040_cov_14.327311	290	370	6	5	80	0.0625000
NODE_5917_length_1040_cov_14.327311	366	446	6	80	80	1.0000000
NODE_5917_length_1040_cov_14.327311	419	499	4	19	80	0.2375000
NODE_5917_length_1040_cov_14.327311	419	499	6	61	80	0.7625000
NODE_5918_length_1040_cov_11.910733	369	449	0	2	80	0.0250000
NODE_5918_length_1040_cov_11.910733	369	449	2	21	80	0.2625000
NODE_5918_length_1040_cov_11.910733	369	449	8	54	80	0.6750000
NODE_5918_length_1040_cov_11.910733	369	449	10	3	80	0.0375000
NODE_5918_length_1040_cov_11.910733	422	502	8	77	80	0.9625000
NODE_5918_length_1040_cov_11.910733	422	502	10	3	80	0.0375000
NODE_5919_length_1040_cov_11.521785	355	435	0	80	80	1.0000000
NODE_5919_length_1040_cov_11.521785	408	488	0	33	80	0.4125000
NODE_5919_length_1040_cov_11.521785	408	488	2	47	80	0.5875000
NODE_5920_length_1040_cov_9.573858	632	712	2	13	80	0.1625000
NODE_5920_length_1040_cov_9.573858	632	712	4	19	80	0.2375000
NODE_5920_length_1040_cov_9.573858	632	712	5	13	80	0.1625000
NODE_5920_length_1040_cov_9.573858	632	712	6	35	80	0.4375000
NODE_5920_length_1040_cov_9.573858	685	765	4	17	80	0.2125000
NODE_5920_length_1040_cov_9.573858	685	765	6	63	80	0.7875000
NODE_5921_length_1040_cov_8.148778	349	429	0	3	80	0.0375000
NODE_5921_length_1040_cov_8.148778	349	429	4	23	80	0.2875000
NODE_5921_length_1040_cov_8.148778	349	429	5	8	80	0.1000000
NODE_5921_length_1040_cov_8.148778	349	429	6	46	80	0.5750000
NODE_5921_length_1040_cov_8.148778	402	482	2	28	80	0.3500000
NODE_5921_length_1040_cov_8.148778	402	482	6	52	80	0.6500000
NODE_5922_length_1040_cov_7.927736	282	362	0	14	80	0.1750000
NODE_5922_length_1040_cov_7.927736	282	362	5	60	80	0.7500000
NODE_5922_length_1040_cov_7.927736	282	362	8	6	80	0.0750000
NODE_5922_length_1040_cov_7.927736	335	415	5	21	80	0.2625000
NODE_5922_length_1040_cov_7.927736	335	415	6	21	80	0.2625000
NODE_5922_length_1040_cov_7.927736	335	415	8	38	80	0.4750000
NODE_5927_length_1040_cov_2.317747	2	78	0	76	76	1.0000000
NODE_5934_length_1039_cov_40.150000	487	567	2	37	80	0.4625000
NODE_5934_length_1039_cov_40.150000	487	567	3	1	80	0.0125000
NODE_5934_length_1039_cov_40.150000	487	567	4	42	80	0.5250000
NODE_5934_length_1039_cov_40.150000	540	620	0	6	80	0.0750000
NODE_5934_length_1039_cov_40.150000	540	620	2	74	80	0.9250000
NODE_5934_length_1039_cov_40.150000	616	696	2	17	80	0.2125000
NODE_5934_length_1039_cov_40.150000	616	696	4	63	80	0.7875000
NODE_5934_length_1039_cov_40.150000	669	739	2	39	70	0.5571429
NODE_5934_length_1039_cov_40.150000	669	739	4	31	70	0.4428571
NODE_5935_length_1039_cov_37.940426	175	255	0	21	80	0.2625000
NODE_5935_length_1039_cov_37.940426	175	255	2	6	80	0.0750000
NODE_5935_length_1039_cov_37.940426	175	255	4	11	80	0.1375000
NODE_5935_length_1039_cov_37.940426	175	255	8	1	80	0.0125000
NODE_5935_length_1039_cov_37.940426	175	255	10	41	80	0.5125000
NODE_5935_length_1039_cov_37.940426	228	308	4	5	80	0.0625000
NODE_5935_length_1039_cov_37.940426	228	308	6	8	80	0.1000000
NODE_5935_length_1039_cov_37.940426	228	308	8	6	80	0.0750000
NODE_5935_length_1039_cov_37.940426	228	308	10	61	80	0.7625000
NODE_5935_length_1039_cov_37.940426	304	384	0	16	80	0.2000000
NODE_5935_length_1039_cov_37.940426	304	384	4	57	80	0.7125000
NODE_5935_length_1039_cov_37.940426	304	384	6	7	80	0.0875000
NODE_5935_length_1039_cov_37.940426	357	437	4	20	80	0.2500000
NODE_5935_length_1039_cov_37.940426	357	437	6	60	80	0.7500000
NODE_5936_length_1039_cov_24.567021	371	451	2	13	80	0.1625000
NODE_5936_length_1039_cov_24.567021	371	451	4	31	80	0.3875000
NODE_5936_length_1039_cov_24.567021	371	451	6	8	80	0.1000000
NODE_5936_length_1039_cov_24.567021	371	451	10	4	80	0.0500000
NODE_5936_length_1039_cov_24.567021	371	451	12	2	80	0.0250000
NODE_5936_length_1039_cov_24.567021	371	451	14	22	80	0.2750000
NODE_5936_length_1039_cov_24.567021	424	504	10	32	80	0.4000000
NODE_5936_length_1039_cov_24.567021	424	504	12	25	80	0.3125000
NODE_5936_length_1039_cov_24.567021	424	504	14	23	80	0.2875000
NODE_5937_length_1039_cov_15.790426	293	373	0	27	80	0.3375000
NODE_5937_length_1039_cov_15.790426	293	373	2	53	80	0.6625000
NODE_5937_length_1039_cov_15.790426	346	426	0	43	80	0.5375000
NODE_5937_length_1039_cov_15.790426	346	426	2	37	80	0.4625000
NODE_5938_length_1039_cov_14.670213	591	671	2	40	80	0.5000000
NODE_5938_length_1039_cov_14.670213	591	671	6	40	80	0.5000000
NODE_5938_length_1039_cov_14.670213	644	724	4	51	80	0.6375000
NODE_5938_length_1039_cov_14.670213	644	724	6	29	80	0.3625000
NODE_5939_length_1039_cov_11.568085	439	519	4	52	80	0.6500000
NODE_5939_length_1039_cov_11.568085	439	519	6	28	80	0.3500000
NODE_5939_length_1039_cov_11.568085	492	571	2	21	79	0.2658228
NODE_5939_length_1039_cov_11.568085	492	571	4	44	79	0.5569620
NODE_5939_length_1039_cov_11.568085	492	571	6	14	79	0.1772152
NODE_5947_length_1038_cov_17.191693	549	629	4	55	80	0.6875000
NODE_5947_length_1038_cov_17.191693	549	629	8	25	80	0.3125000
NODE_5947_length_1038_cov_17.191693	602	682	2	2	80	0.0250000
NODE_5947_length_1038_cov_17.191693	602	682	4	34	80	0.4250000
NODE_5947_length_1038_cov_17.191693	602	682	6	44	80	0.5500000
NODE_5948_length_1038_cov_13.520767	516	596	0	44	80	0.5500000
NODE_5948_length_1038_cov_13.520767	516	596	4	6	80	0.0750000
NODE_5948_length_1038_cov_13.520767	516	596	6	30	80	0.3750000
NODE_5948_length_1038_cov_13.520767	569	649	4	37	80	0.4625000
NODE_5948_length_1038_cov_13.520767	569	649	6	43	80	0.5375000
NODE_5949_length_1038_cov_10.541001	487	567	0	44	80	0.5500000
NODE_5949_length_1038_cov_10.541001	487	567	2	36	80	0.4500000
NODE_5949_length_1038_cov_10.541001	540	620	2	80	80	1.0000000
NODE_5950_length_1038_cov_8.826411	432	512	2	80	80	1.0000000
NODE_5950_length_1038_cov_8.826411	485	565	2	80	80	1.0000000
NODE_5952_length_1038_cov_2.587859	673	753	0	80	80	1.0000000
NODE_5952_length_1038_cov_2.587859	726	806	0	80	80	1.0000000
NODE_5963_length_1037_cov_66.968017	402	482	2	46	80	0.5750000
NODE_5963_length_1037_cov_66.968017	402	482	4	2	80	0.0250000
NODE_5963_length_1037_cov_66.968017	402	482	6	32	80	0.4000000
NODE_5963_length_1037_cov_66.968017	455	535	0	12	80	0.1500000
NODE_5963_length_1037_cov_66.968017	455	535	4	43	80	0.5375000
NODE_5963_length_1037_cov_66.968017	455	535	6	25	80	0.3125000
NODE_5964_length_1037_cov_53.639659	527	607	0	18	80	0.2250000
NODE_5964_length_1037_cov_53.639659	527	607	2	12	80	0.1500000
NODE_5964_length_1037_cov_53.639659	527	607	4	27	80	0.3375000
NODE_5964_length_1037_cov_53.639659	527	607	8	18	80	0.2250000
NODE_5964_length_1037_cov_53.639659	527	607	12	5	80	0.0625000
NODE_5964_length_1037_cov_53.639659	580	660	4	4	80	0.0500000
NODE_5964_length_1037_cov_53.639659	580	660	8	19	80	0.2375000
NODE_5964_length_1037_cov_53.639659	580	660	10	50	80	0.6250000
NODE_5964_length_1037_cov_53.639659	580	660	12	7	80	0.0875000
NODE_5965_length_1037_cov_45.353945	542	622	9	20	80	0.2500000
NODE_5965_length_1037_cov_45.353945	542	622	19	5	80	0.0625000
NODE_5965_length_1037_cov_45.353945	542	622	21	1	80	0.0125000
NODE_5965_length_1037_cov_45.353945	542	622	22	3	80	0.0375000
NODE_5965_length_1037_cov_45.353945	542	622	27	20	80	0.2500000
NODE_5965_length_1037_cov_45.353945	542	622	28	31	80	0.3875000
NODE_5965_length_1037_cov_45.353945	595	675	18	35	80	0.4375000
NODE_5965_length_1037_cov_45.353945	595	675	19	9	80	0.1125000
NODE_5965_length_1037_cov_45.353945	595	675	23	9	80	0.1125000
NODE_5965_length_1037_cov_45.353945	595	675	27	1	80	0.0125000
NODE_5965_length_1037_cov_45.353945	595	675	28	26	80	0.3250000
NODE_5966_length_1037_cov_31.078891	356	436	4	11	80	0.1375000
NODE_5966_length_1037_cov_31.078891	356	436	6	14	80	0.1750000
NODE_5966_length_1037_cov_31.078891	356	436	8	16	80	0.2000000
NODE_5966_length_1037_cov_31.078891	356	436	10	13	80	0.1625000
NODE_5966_length_1037_cov_31.078891	356	436	12	26	80	0.3250000
NODE_5966_length_1037_cov_31.078891	409	489	0	4	80	0.0500000
NODE_5966_length_1037_cov_31.078891	409	489	2	17	80	0.2125000
NODE_5966_length_1037_cov_31.078891	409	489	4	43	80	0.5375000
NODE_5966_length_1037_cov_31.078891	409	489	6	10	80	0.1250000
NODE_5966_length_1037_cov_31.078891	409	489	12	6	80	0.0750000
NODE_5967_length_1037_cov_25.453092	421	501	0	80	80	1.0000000
NODE_5967_length_1037_cov_25.453092	474	554	0	80	80	1.0000000
NODE_5967_length_1037_cov_25.453092	550	573	0	23	23	1.0000000
NODE_5968_length_1037_cov_13.740938	348	428	2	3	80	0.0375000
NODE_5968_length_1037_cov_13.740938	348	428	16	6	80	0.0750000
NODE_5968_length_1037_cov_13.740938	348	428	18	34	80	0.4250000
NODE_5968_length_1037_cov_13.740938	348	428	20	37	80	0.4625000
NODE_5968_length_1037_cov_13.740938	401	481	0	6	80	0.0750000
NODE_5968_length_1037_cov_13.740938	401	481	12	1	80	0.0125000
NODE_5968_length_1037_cov_13.740938	401	481	14	3	80	0.0375000
NODE_5968_length_1037_cov_13.740938	401	481	15	9	80	0.1125000
NODE_5968_length_1037_cov_13.740938	401	481	17	13	80	0.1625000
NODE_5968_length_1037_cov_13.740938	401	481	19	14	80	0.1750000
NODE_5968_length_1037_cov_13.740938	401	481	20	34	80	0.4250000
NODE_5969_length_1037_cov_12.632196	564	644	4	2	80	0.0250000
NODE_5969_length_1037_cov_12.632196	564	644	5	3	80	0.0375000
NODE_5969_length_1037_cov_12.632196	564	644	7	9	80	0.1125000
NODE_5969_length_1037_cov_12.632196	564	644	10	19	80	0.2375000
NODE_5969_length_1037_cov_12.632196	564	644	20	1	80	0.0125000
NODE_5969_length_1037_cov_12.632196	564	644	21	9	80	0.1125000
NODE_5969_length_1037_cov_12.632196	564	644	23	14	80	0.1750000
NODE_5969_length_1037_cov_12.632196	564	644	24	23	80	0.2875000
NODE_5969_length_1037_cov_12.632196	617	697	0	16	80	0.2000000
NODE_5969_length_1037_cov_12.632196	617	697	2	9	80	0.1125000
NODE_5969_length_1037_cov_12.632196	617	697	4	30	80	0.3750000
NODE_5969_length_1037_cov_12.632196	617	697	5	3	80	0.0375000
NODE_5969_length_1037_cov_12.632196	617	697	7	9	80	0.1125000
NODE_5969_length_1037_cov_12.632196	617	697	10	13	80	0.1625000
NODE_5970_length_1037_cov_8.904051	640	720	0	43	80	0.5375000
NODE_5970_length_1037_cov_8.904051	640	720	2	37	80	0.4625000
NODE_5970_length_1037_cov_8.904051	693	773	2	80	80	1.0000000
NODE_5978_length_1037_cov_1.859275	31	91	1	60	60	1.0000000
NODE_5986_length_1036_cov_52.270011	493	573	10	22	80	0.2750000
NODE_5986_length_1036_cov_52.270011	493	573	12	12	80	0.1500000
NODE_5986_length_1036_cov_52.270011	493	573	14	36	80	0.4500000
NODE_5986_length_1036_cov_52.270011	493	573	16	10	80	0.1250000
NODE_5986_length_1036_cov_52.270011	546	626	2	3	80	0.0375000
NODE_5986_length_1036_cov_52.270011	546	626	6	1	80	0.0125000
NODE_5986_length_1036_cov_52.270011	546	626	12	61	80	0.7625000
NODE_5986_length_1036_cov_52.270011	546	626	14	5	80	0.0625000
NODE_5986_length_1036_cov_52.270011	546	626	16	10	80	0.1250000
NODE_5987_length_1036_cov_24.080043	369	449	3	8	80	0.1000000
NODE_5987_length_1036_cov_24.080043	369	449	4	59	80	0.7375000
NODE_5987_length_1036_cov_24.080043	369	449	6	11	80	0.1375000
NODE_5987_length_1036_cov_24.080043	369	449	7	2	80	0.0250000
NODE_5987_length_1036_cov_24.080043	422	502	3	8	80	0.1000000
NODE_5987_length_1036_cov_24.080043	422	502	4	39	80	0.4875000
NODE_5987_length_1036_cov_24.080043	422	502	6	31	80	0.3875000
NODE_5987_length_1036_cov_24.080043	422	502	7	2	80	0.0250000
NODE_5988_length_1036_cov_20.533618	513	593	4	80	80	1.0000000
NODE_5988_length_1036_cov_20.533618	566	645	4	79	79	1.0000000
NODE_5988_length_1036_cov_20.533618	648	728	0	58	80	0.7250000
NODE_5988_length_1036_cov_20.533618	648	728	2	18	80	0.2250000
NODE_5988_length_1036_cov_20.533618	648	728	4	4	80	0.0500000
NODE_5988_length_1036_cov_20.533618	701	781	0	16	80	0.2000000
NODE_5988_length_1036_cov_20.533618	701	781	2	17	80	0.2125000
NODE_5988_length_1036_cov_20.533618	701	781	6	47	80	0.5875000
NODE_5989_length_1036_cov_19.715048	467	547	17	2	80	0.0250000
NODE_5989_length_1036_cov_19.715048	467	547	19	18	80	0.2250000
NODE_5989_length_1036_cov_19.715048	467	547	21	2	80	0.0250000
NODE_5989_length_1036_cov_19.715048	467	547	24	12	80	0.1500000
NODE_5989_length_1036_cov_19.715048	467	547	26	1	80	0.0125000
NODE_5989_length_1036_cov_19.715048	467	547	28	5	80	0.0625000
NODE_5989_length_1036_cov_19.715048	467	547	30	10	80	0.1250000
NODE_5989_length_1036_cov_19.715048	467	547	31	7	80	0.0875000
NODE_5989_length_1036_cov_19.715048	467	547	33	23	80	0.2875000
NODE_5989_length_1036_cov_19.715048	520	600	7	2	80	0.0250000
NODE_5989_length_1036_cov_19.715048	520	600	9	2	80	0.0250000
NODE_5989_length_1036_cov_19.715048	520	600	11	9	80	0.1125000
NODE_5989_length_1036_cov_19.715048	520	600	13	5	80	0.0625000
NODE_5989_length_1036_cov_19.715048	520	600	15	7	80	0.0875000
NODE_5989_length_1036_cov_19.715048	520	600	16	12	80	0.1500000
NODE_5989_length_1036_cov_19.715048	520	600	17	3	80	0.0375000
NODE_5989_length_1036_cov_19.715048	520	600	19	4	80	0.0500000
NODE_5989_length_1036_cov_19.715048	520	600	26	1	80	0.0125000
NODE_5989_length_1036_cov_19.715048	520	600	27	4	80	0.0500000
NODE_5989_length_1036_cov_19.715048	520	600	29	2	80	0.0250000
NODE_5989_length_1036_cov_19.715048	520	600	31	5	80	0.0625000
NODE_5989_length_1036_cov_19.715048	520	600	33	24	80	0.3000000
NODE_5990_length_1036_cov_19.452508	399	479	2	18	80	0.2250000
NODE_5990_length_1036_cov_19.452508	399	479	4	62	80	0.7750000
NODE_5990_length_1036_cov_19.452508	452	532	0	9	80	0.1125000
NODE_5990_length_1036_cov_19.452508	452	532	2	28	80	0.3500000
NODE_5990_length_1036_cov_19.452508	452	532	4	43	80	0.5375000
NODE_5990_length_1036_cov_19.452508	528	608	0	80	80	1.0000000
NODE_5990_length_1036_cov_19.452508	581	661	0	80	80	1.0000000
NODE_5991_length_1036_cov_13.840982	635	715	0	1	80	0.0125000
NODE_5991_length_1036_cov_13.840982	635	715	2	18	80	0.2250000
NODE_5991_length_1036_cov_13.840982	635	715	4	61	80	0.7625000
NODE_5991_length_1036_cov_13.840982	688	768	0	1	80	0.0125000
NODE_5991_length_1036_cov_13.840982	688	768	2	71	80	0.8875000
NODE_5991_length_1036_cov_13.840982	688	768	4	8	80	0.1000000
NODE_5992_length_1036_cov_6.913554	424	504	0	10	80	0.1250000
NODE_5992_length_1036_cov_6.913554	424	504	2	1	80	0.0125000
NODE_5992_length_1036_cov_6.913554	424	504	6	25	80	0.3125000
NODE_5992_length_1036_cov_6.913554	424	504	8	21	80	0.2625000
NODE_5992_length_1036_cov_6.913554	424	504	14	23	80	0.2875000
NODE_5992_length_1036_cov_6.913554	477	557	6	1	80	0.0125000
NODE_5992_length_1036_cov_6.913554	477	557	8	17	80	0.2125000
NODE_5992_length_1036_cov_6.913554	477	557	10	2	80	0.0250000
NODE_5992_length_1036_cov_6.913554	477	557	12	22	80	0.2750000
NODE_5992_length_1036_cov_6.913554	477	557	14	38	80	0.4750000
NODE_5993_length_1036_cov_5.880470	436	516	2	80	80	1.0000000
NODE_5993_length_1036_cov_5.880470	489	569	1	36	80	0.4500000
NODE_5993_length_1036_cov_5.880470	489	569	2	44	80	0.5500000
NODE_5994_length_1036_cov_4.638207	531	611	0	80	80	1.0000000
NODE_5994_length_1036_cov_4.638207	584	664	0	80	80	1.0000000
NODE_5998_length_1036_cov_1.293490	19	69	0	50	50	1.0000000
NODE_6001_length_1035_cov_31.941239	590	670	0	11	80	0.1375000
NODE_6001_length_1035_cov_31.941239	590	670	2	8	80	0.1000000
NODE_6001_length_1035_cov_31.941239	590	670	4	17	80	0.2125000
NODE_6001_length_1035_cov_31.941239	590	670	6	1	80	0.0125000
NODE_6001_length_1035_cov_31.941239	590	670	8	43	80	0.5375000
NODE_6001_length_1035_cov_31.941239	643	723	0	64	80	0.8000000
NODE_6001_length_1035_cov_31.941239	643	723	2	8	80	0.1000000
NODE_6001_length_1035_cov_31.941239	643	723	4	8	80	0.1000000
NODE_6002_length_1035_cov_14.917735	396	476	2	5	80	0.0625000
NODE_6002_length_1035_cov_14.917735	396	476	3	8	80	0.1000000
NODE_6002_length_1035_cov_14.917735	396	476	4	67	80	0.8375000
NODE_6002_length_1035_cov_14.917735	449	529	0	43	80	0.5375000
NODE_6002_length_1035_cov_14.917735	449	529	2	15	80	0.1875000
NODE_6002_length_1035_cov_14.917735	449	529	3	8	80	0.1000000
NODE_6002_length_1035_cov_14.917735	449	529	4	14	80	0.1750000
NODE_6003_length_1035_cov_12.552350	467	547	0	23	80	0.2875000
NODE_6003_length_1035_cov_12.552350	467	547	1	2	80	0.0250000
NODE_6003_length_1035_cov_12.552350	467	547	2	29	80	0.3625000
NODE_6003_length_1035_cov_12.552350	467	547	4	10	80	0.1250000
NODE_6003_length_1035_cov_12.552350	467	547	8	16	80	0.2000000
NODE_6003_length_1035_cov_12.552350	520	600	2	1	80	0.0125000
NODE_6003_length_1035_cov_12.552350	520	600	4	10	80	0.1250000
NODE_6003_length_1035_cov_12.552350	520	600	8	69	80	0.8625000
NODE_6004_length_1035_cov_12.050214	40	103	2	3	63	0.0476190
NODE_6004_length_1035_cov_12.050214	40	103	5	1	63	0.0158730
NODE_6004_length_1035_cov_12.050214	40	103	6	3	63	0.0476190
NODE_6004_length_1035_cov_12.050214	40	103	8	1	63	0.0158730
NODE_6004_length_1035_cov_12.050214	40	103	10	30	63	0.4761905
NODE_6004_length_1035_cov_12.050214	40	103	11	2	63	0.0317460
NODE_6004_length_1035_cov_12.050214	40	103	16	1	63	0.0158730
NODE_6004_length_1035_cov_12.050214	40	103	17	7	63	0.1111111
NODE_6004_length_1035_cov_12.050214	40	103	18	1	63	0.0158730
NODE_6004_length_1035_cov_12.050214	40	103	26	6	63	0.0952381
NODE_6004_length_1035_cov_12.050214	40	103	28	8	63	0.1269841
NODE_6004_length_1035_cov_12.050214	138	219	0	3	81	0.0370370
NODE_6004_length_1035_cov_12.050214	138	219	14	1	81	0.0123457
NODE_6004_length_1035_cov_12.050214	138	219	27	1	81	0.0123457
NODE_6004_length_1035_cov_12.050214	138	219	31	1	81	0.0123457
NODE_6004_length_1035_cov_12.050214	138	219	34	1	81	0.0123457
NODE_6004_length_1035_cov_12.050214	138	219	39	17	81	0.2098765
NODE_6004_length_1035_cov_12.050214	138	219	40	1	81	0.0123457
NODE_6004_length_1035_cov_12.050214	138	219	41	10	81	0.1234568
NODE_6004_length_1035_cov_12.050214	138	219	49	2	81	0.0246914
NODE_6004_length_1035_cov_12.050214	138	219	50	1	81	0.0123457
NODE_6004_length_1035_cov_12.050214	138	219	51	2	81	0.0246914
NODE_6004_length_1035_cov_12.050214	138	219	52	29	81	0.3580247
NODE_6004_length_1035_cov_12.050214	138	219	54	6	81	0.0740741
NODE_6004_length_1035_cov_12.050214	138	219	56	6	81	0.0740741
NODE_6005_length_1035_cov_7.020299	350	430	2	4	80	0.0500000
NODE_6005_length_1035_cov_7.020299	350	430	3	1	80	0.0125000
NODE_6005_length_1035_cov_7.020299	350	430	4	43	80	0.5375000
NODE_6005_length_1035_cov_7.020299	350	430	6	32	80	0.4000000
NODE_6005_length_1035_cov_7.020299	403	483	0	22	80	0.2750000
NODE_6005_length_1035_cov_7.020299	403	483	2	31	80	0.3875000
NODE_6005_length_1035_cov_7.020299	403	483	4	27	80	0.3375000
NODE_6006_length_1035_cov_4.726496	531	611	0	80	80	1.0000000
NODE_6006_length_1035_cov_4.726496	584	664	0	80	80	1.0000000
NODE_6018_length_1034_cov_26.810695	322	402	0	80	80	1.0000000
NODE_6018_length_1034_cov_26.810695	375	455	0	77	80	0.9625000
NODE_6018_length_1034_cov_26.810695	375	455	2	3	80	0.0375000
NODE_6018_length_1034_cov_26.810695	451	531	0	1	80	0.0125000
NODE_6018_length_1034_cov_26.810695	451	531	2	79	80	0.9875000
NODE_6018_length_1034_cov_26.810695	504	584	0	25	80	0.3125000
NODE_6018_length_1034_cov_26.810695	504	584	2	55	80	0.6875000
NODE_6032_length_1033_cov_42.574946	462	542	10	33	80	0.4125000
NODE_6032_length_1033_cov_42.574946	462	542	12	11	80	0.1375000
NODE_6032_length_1033_cov_42.574946	462	542	19	1	80	0.0125000
NODE_6032_length_1033_cov_42.574946	462	542	20	35	80	0.4375000
NODE_6032_length_1033_cov_42.574946	515	595	8	13	80	0.1625000
NODE_6032_length_1033_cov_42.574946	515	595	16	3	80	0.0375000
NODE_6032_length_1033_cov_42.574946	515	595	18	37	80	0.4625000
NODE_6032_length_1033_cov_42.574946	515	595	20	27	80	0.3375000
NODE_6033_length_1033_cov_17.073876	464	544	2	80	80	1.0000000
NODE_6033_length_1033_cov_17.073876	517	597	0	40	80	0.5000000
NODE_6033_length_1033_cov_17.073876	517	597	2	40	80	0.5000000
NODE_6034_length_1033_cov_15.791221	309	386	0	41	77	0.5324675
NODE_6034_length_1033_cov_15.791221	309	386	2	36	77	0.4675325
NODE_6034_length_1033_cov_15.791221	359	439	0	23	80	0.2875000
NODE_6034_length_1033_cov_15.791221	359	439	2	57	80	0.7125000
NODE_6035_length_1033_cov_11.340471	437	517	0	80	80	1.0000000
NODE_6035_length_1033_cov_11.340471	490	570	0	80	80	1.0000000
NODE_6045_length_1032_cov_56.511254	466	546	0	1	80	0.0125000
NODE_6045_length_1032_cov_56.511254	466	546	1	11	80	0.1375000
NODE_6045_length_1032_cov_56.511254	466	546	3	5	80	0.0625000
NODE_6045_length_1032_cov_56.511254	466	546	4	63	80	0.7875000
NODE_6045_length_1032_cov_56.511254	519	599	4	68	80	0.8500000
NODE_6045_length_1032_cov_56.511254	519	599	6	12	80	0.1500000
NODE_6046_length_1032_cov_20.752412	479	559	6	12	80	0.1500000
NODE_6046_length_1032_cov_20.752412	479	559	10	4	80	0.0500000
NODE_6046_length_1032_cov_20.752412	479	559	12	64	80	0.8000000
NODE_6046_length_1032_cov_20.752412	532	612	0	18	80	0.2250000
NODE_6046_length_1032_cov_20.752412	532	612	4	5	80	0.0625000
NODE_6046_length_1032_cov_20.752412	532	612	10	29	80	0.3625000
NODE_6046_length_1032_cov_20.752412	532	612	12	28	80	0.3500000
NODE_6047_length_1032_cov_8.166131	257	337	0	80	80	1.0000000
NODE_6047_length_1032_cov_8.166131	310	390	0	80	80	1.0000000
NODE_6048_length_1032_cov_7.991426	277	357	2	80	80	1.0000000
NODE_6048_length_1032_cov_7.991426	330	410	0	31	80	0.3875000
NODE_6048_length_1032_cov_7.991426	330	410	2	49	80	0.6125000
NODE_6049_length_1032_cov_5.276527	371	451	1	1	80	0.0125000
NODE_6049_length_1032_cov_5.276527	371	451	2	79	80	0.9875000
NODE_6049_length_1032_cov_5.276527	424	504	0	46	80	0.5750000
NODE_6049_length_1032_cov_5.276527	424	504	1	8	80	0.1000000
NODE_6049_length_1032_cov_5.276527	424	504	2	26	80	0.3250000
NODE_6055_length_1031_cov_71.154506	586	654	20	16	68	0.2352941
NODE_6055_length_1031_cov_71.154506	586	654	24	18	68	0.2647059
NODE_6055_length_1031_cov_71.154506	586	654	38	7	68	0.1029412
NODE_6055_length_1031_cov_71.154506	586	654	39	2	68	0.0294118
NODE_6055_length_1031_cov_71.154506	586	654	40	22	68	0.3235294
NODE_6055_length_1031_cov_71.154506	586	654	42	3	68	0.0441176
NODE_6055_length_1031_cov_71.154506	616	696	24	4	80	0.0500000
NODE_6055_length_1031_cov_71.154506	616	696	30	5	80	0.0625000
NODE_6055_length_1031_cov_71.154506	616	696	35	1	80	0.0125000
NODE_6055_length_1031_cov_71.154506	616	696	36	22	80	0.2750000
NODE_6055_length_1031_cov_71.154506	616	696	37	14	80	0.1750000
NODE_6055_length_1031_cov_71.154506	616	696	38	7	80	0.0875000
NODE_6055_length_1031_cov_71.154506	616	696	39	2	80	0.0250000
NODE_6055_length_1031_cov_71.154506	616	696	40	22	80	0.2750000
NODE_6055_length_1031_cov_71.154506	616	696	42	3	80	0.0375000
NODE_6055_length_1031_cov_71.154506	669	749	21	8	80	0.1000000
NODE_6055_length_1031_cov_71.154506	669	749	22	8	80	0.1000000
NODE_6055_length_1031_cov_71.154506	669	749	24	21	80	0.2625000
NODE_6055_length_1031_cov_71.154506	669	749	25	7	80	0.0875000
NODE_6055_length_1031_cov_71.154506	669	749	29	7	80	0.0875000
NODE_6055_length_1031_cov_71.154506	669	749	30	5	80	0.0625000
NODE_6055_length_1031_cov_71.154506	669	749	35	2	80	0.0250000
NODE_6055_length_1031_cov_71.154506	669	749	36	21	80	0.2625000
NODE_6055_length_1031_cov_71.154506	669	749	37	1	80	0.0125000
NODE_6056_length_1031_cov_70.221030	409	489	2	50	80	0.6250000
NODE_6056_length_1031_cov_70.221030	409	489	4	30	80	0.3750000
NODE_6056_length_1031_cov_70.221030	462	542	2	70	80	0.8750000
NODE_6056_length_1031_cov_70.221030	462	542	4	10	80	0.1250000
NODE_6056_length_1031_cov_70.221030	538	618	2	23	80	0.2875000
NODE_6056_length_1031_cov_70.221030	538	618	6	11	80	0.1375000
NODE_6056_length_1031_cov_70.221030	538	618	8	30	80	0.3750000
NODE_6056_length_1031_cov_70.221030	538	618	9	3	80	0.0375000
NODE_6056_length_1031_cov_70.221030	538	618	10	13	80	0.1625000
NODE_6056_length_1031_cov_70.221030	591	671	4	39	80	0.4875000
NODE_6056_length_1031_cov_70.221030	591	671	8	16	80	0.2000000
NODE_6056_length_1031_cov_70.221030	591	671	9	3	80	0.0375000
NODE_6056_length_1031_cov_70.221030	591	671	10	22	80	0.2750000
NODE_6057_length_1031_cov_43.618026	462	542	3	25	80	0.3125000
NODE_6057_length_1031_cov_43.618026	462	542	4	17	80	0.2125000
NODE_6057_length_1031_cov_43.618026	462	542	8	15	80	0.1875000
NODE_6057_length_1031_cov_43.618026	462	542	10	1	80	0.0125000
NODE_6057_length_1031_cov_43.618026	462	542	11	22	80	0.2750000
NODE_6057_length_1031_cov_43.618026	515	595	8	68	80	0.8500000
NODE_6057_length_1031_cov_43.618026	515	595	10	1	80	0.0125000
NODE_6057_length_1031_cov_43.618026	515	595	11	11	80	0.1375000
NODE_6058_length_1031_cov_43.581545	303	383	0	27	80	0.3375000
NODE_6058_length_1031_cov_43.581545	303	383	2	53	80	0.6625000
NODE_6058_length_1031_cov_43.581545	356	436	0	30	80	0.3750000
NODE_6058_length_1031_cov_43.581545	356	436	2	50	80	0.6250000
NODE_6058_length_1031_cov_43.581545	432	512	0	80	80	1.0000000
NODE_6058_length_1031_cov_43.581545	485	565	0	32	80	0.4000000
NODE_6058_length_1031_cov_43.581545	485	565	2	48	80	0.6000000
NODE_6059_length_1031_cov_22.310086	382	462	12	1	80	0.0125000
NODE_6059_length_1031_cov_22.310086	382	462	14	49	80	0.6125000
NODE_6059_length_1031_cov_22.310086	382	462	16	30	80	0.3750000
NODE_6059_length_1031_cov_22.310086	435	515	0	13	80	0.1625000
NODE_6059_length_1031_cov_22.310086	435	515	2	21	80	0.2625000
NODE_6059_length_1031_cov_22.310086	435	515	7	1	80	0.0125000
NODE_6059_length_1031_cov_22.310086	435	515	8	10	80	0.1250000
NODE_6059_length_1031_cov_22.310086	435	515	12	1	80	0.0125000
NODE_6059_length_1031_cov_22.310086	435	515	14	9	80	0.1125000
NODE_6059_length_1031_cov_22.310086	435	515	16	25	80	0.3125000
NODE_6060_length_1031_cov_11.547210	481	561	0	23	80	0.2875000
NODE_6060_length_1031_cov_11.547210	481	561	2	35	80	0.4375000
NODE_6060_length_1031_cov_11.547210	481	561	4	22	80	0.2750000
NODE_6060_length_1031_cov_11.547210	534	614	2	31	80	0.3875000
NODE_6060_length_1031_cov_11.547210	534	614	4	49	80	0.6125000
NODE_6066_length_1030_cov_54.380236	363	443	0	53	80	0.6625000
NODE_6066_length_1030_cov_54.380236	363	443	2	27	80	0.3375000
NODE_6066_length_1030_cov_54.380236	416	496	2	37	80	0.4625000
NODE_6066_length_1030_cov_54.380236	416	496	4	43	80	0.5375000
NODE_6066_length_1030_cov_54.380236	492	572	0	3	80	0.0375000
NODE_6066_length_1030_cov_54.380236	492	572	2	77	80	0.9625000
NODE_6066_length_1030_cov_54.380236	545	625	0	3	80	0.0375000
NODE_6066_length_1030_cov_54.380236	545	625	2	77	80	0.9625000
NODE_6067_length_1030_cov_45.040816	334	414	17	27	80	0.3375000
NODE_6067_length_1030_cov_45.040816	334	414	18	2	80	0.0250000
NODE_6067_length_1030_cov_45.040816	334	414	19	19	80	0.2375000
NODE_6067_length_1030_cov_45.040816	334	414	21	32	80	0.4000000
NODE_6067_length_1030_cov_45.040816	387	467	2	48	80	0.6000000
NODE_6067_length_1030_cov_45.040816	387	467	6	3	80	0.0375000
NODE_6067_length_1030_cov_45.040816	387	467	17	25	80	0.3125000
NODE_6067_length_1030_cov_45.040816	387	467	18	4	80	0.0500000
NODE_6067_length_1030_cov_45.040816	463	543	2	5	80	0.0625000
NODE_6067_length_1030_cov_45.040816	463	543	4	2	80	0.0250000
NODE_6067_length_1030_cov_45.040816	463	543	7	23	80	0.2875000
NODE_6067_length_1030_cov_45.040816	463	543	9	37	80	0.4625000
NODE_6067_length_1030_cov_45.040816	463	543	13	13	80	0.1625000
NODE_6067_length_1030_cov_45.040816	516	596	9	14	80	0.1750000
NODE_6067_length_1030_cov_45.040816	516	596	12	34	80	0.4250000
NODE_6067_length_1030_cov_45.040816	516	596	13	32	80	0.4000000
NODE_6068_length_1030_cov_20.491944	511	591	0	27	80	0.3375000
NODE_6068_length_1030_cov_20.491944	511	591	2	53	80	0.6625000
NODE_6068_length_1030_cov_20.491944	564	644	2	80	80	1.0000000
NODE_6069_length_1030_cov_17.253491	524	604	4	10	80	0.1250000
NODE_6069_length_1030_cov_17.253491	524	604	8	10	80	0.1250000
NODE_6069_length_1030_cov_17.253491	524	604	10	17	80	0.2125000
NODE_6069_length_1030_cov_17.253491	524	604	12	14	80	0.1750000
NODE_6069_length_1030_cov_17.253491	524	604	14	29	80	0.3625000
NODE_6069_length_1030_cov_17.253491	577	657	0	8	80	0.1000000
NODE_6069_length_1030_cov_17.253491	577	657	8	55	80	0.6875000
NODE_6069_length_1030_cov_17.253491	577	657	10	17	80	0.2125000
NODE_6070_length_1030_cov_14.337272	564	644	0	18	80	0.2250000
NODE_6070_length_1030_cov_14.337272	564	644	2	62	80	0.7750000
NODE_6070_length_1030_cov_14.337272	617	697	0	71	80	0.8875000
NODE_6070_length_1030_cov_14.337272	617	697	2	9	80	0.1125000
NODE_6071_length_1030_cov_5.742213	474	554	2	23	80	0.2875000
NODE_6071_length_1030_cov_5.742213	474	554	4	26	80	0.3250000
NODE_6071_length_1030_cov_5.742213	474	554	6	31	80	0.3875000
NODE_6071_length_1030_cov_5.742213	527	607	2	35	80	0.4375000
NODE_6071_length_1030_cov_5.742213	527	607	4	9	80	0.1125000
NODE_6071_length_1030_cov_5.742213	527	607	5	1	80	0.0125000
NODE_6071_length_1030_cov_5.742213	527	607	6	35	80	0.4375000
NODE_6073_length_1030_cov_5.208378	978	1030	0	52	52	1.0000000
NODE_6077_length_1030_cov_2.146079	979	1010	0	31	31	1.0000000
NODE_6083_length_1029_cov_236.527957	584	666	2	10	82	0.1219512
NODE_6083_length_1029_cov_236.527957	584	666	4	51	82	0.6219512
NODE_6083_length_1029_cov_236.527957	584	666	6	11	82	0.1341463
NODE_6083_length_1029_cov_236.527957	584	666	8	10	82	0.1219512
NODE_6083_length_1029_cov_236.527957	639	702	4	6	63	0.0952381
NODE_6083_length_1029_cov_236.527957	639	702	5	9	63	0.1428571
NODE_6083_length_1029_cov_236.527957	639	702	6	14	63	0.2222222
NODE_6083_length_1029_cov_236.527957	639	702	8	34	63	0.5396826
NODE_6084_length_1029_cov_41.650538	364	444	2	36	80	0.4500000
NODE_6084_length_1029_cov_41.650538	364	444	4	38	80	0.4750000
NODE_6084_length_1029_cov_41.650538	364	444	6	6	80	0.0750000
NODE_6084_length_1029_cov_41.650538	417	497	4	64	80	0.8000000
NODE_6084_length_1029_cov_41.650538	417	497	5	1	80	0.0125000
NODE_6084_length_1029_cov_41.650538	417	497	6	15	80	0.1875000
NODE_6084_length_1029_cov_41.650538	493	573	4	77	80	0.9625000
NODE_6084_length_1029_cov_41.650538	493	573	6	3	80	0.0375000
NODE_6084_length_1029_cov_41.650538	546	626	2	3	80	0.0375000
NODE_6084_length_1029_cov_41.650538	546	626	4	63	80	0.7875000
NODE_6084_length_1029_cov_41.650538	546	626	6	14	80	0.1750000
NODE_6085_length_1029_cov_34.940860	314	360	0	46	46	1.0000000
NODE_6085_length_1029_cov_34.940860	371	451	0	28	80	0.3500000
NODE_6085_length_1029_cov_34.940860	371	451	1	16	80	0.2000000
NODE_6085_length_1029_cov_34.940860	371	451	2	19	80	0.2375000
NODE_6085_length_1029_cov_34.940860	371	451	19	1	80	0.0125000
NODE_6085_length_1029_cov_34.940860	371	451	20	16	80	0.2000000
NODE_6085_length_1029_cov_34.940860	424	502	2	10	78	0.1282051
NODE_6085_length_1029_cov_34.940860	424	502	19	30	78	0.3846154
NODE_6085_length_1029_cov_34.940860	424	502	20	38	78	0.4871795
NODE_6086_length_1029_cov_28.752688	255	335	0	80	80	1.0000000
NODE_6086_length_1029_cov_28.752688	308	388	0	80	80	1.0000000
NODE_6086_length_1029_cov_28.752688	384	464	0	39	80	0.4875000
NODE_6086_length_1029_cov_28.752688	384	464	2	35	80	0.4375000
NODE_6086_length_1029_cov_28.752688	384	464	5	1	80	0.0125000
NODE_6086_length_1029_cov_28.752688	384	464	6	5	80	0.0625000
NODE_6086_length_1029_cov_28.752688	437	517	2	21	80	0.2625000
NODE_6086_length_1029_cov_28.752688	437	517	5	1	80	0.0125000
NODE_6086_length_1029_cov_28.752688	437	517	6	58	80	0.7250000
NODE_6087_length_1029_cov_28.523656	409	489	0	9	80	0.1125000
NODE_6087_length_1029_cov_28.523656	409	489	2	27	80	0.3375000
NODE_6087_length_1029_cov_28.523656	409	489	4	44	80	0.5500000
NODE_6087_length_1029_cov_28.523656	462	542	2	27	80	0.3375000
NODE_6087_length_1029_cov_28.523656	462	542	4	53	80	0.6625000
NODE_6088_length_1029_cov_28.283871	281	361	6	36	80	0.4500000
NODE_6088_length_1029_cov_28.283871	281	361	8	44	80	0.5500000
NODE_6088_length_1029_cov_28.283871	334	414	4	47	80	0.5875000
NODE_6088_length_1029_cov_28.283871	334	414	6	16	80	0.2000000
NODE_6088_length_1029_cov_28.283871	334	414	8	17	80	0.2125000
NODE_6088_length_1029_cov_28.283871	410	490	0	17	80	0.2125000
NODE_6088_length_1029_cov_28.283871	410	490	2	6	80	0.0750000
NODE_6088_length_1029_cov_28.283871	410	490	4	57	80	0.7125000
NODE_6088_length_1029_cov_28.283871	463	546	0	3	83	0.0361446
NODE_6088_length_1029_cov_28.283871	463	546	2	5	83	0.0602410
NODE_6088_length_1029_cov_28.283871	463	546	4	47	83	0.5662650
NODE_6088_length_1029_cov_28.283871	463	546	5	1	83	0.0120482
NODE_6088_length_1029_cov_28.283871	463	546	6	27	83	0.3253012
NODE_6089_length_1029_cov_26.883871	434	514	2	42	80	0.5250000
NODE_6089_length_1029_cov_26.883871	434	514	4	38	80	0.4750000
NODE_6089_length_1029_cov_26.883871	487	567	2	55	80	0.6875000
NODE_6089_length_1029_cov_26.883871	487	567	4	25	80	0.3125000
NODE_6090_length_1029_cov_23.552688	305	385	0	80	80	1.0000000
NODE_6090_length_1029_cov_23.552688	358	438	0	80	80	1.0000000
NODE_6090_length_1029_cov_23.552688	434	514	0	80	80	1.0000000
NODE_6090_length_1029_cov_23.552688	487	567	0	80	80	1.0000000
NODE_6091_length_1029_cov_22.520430	434	514	0	26	80	0.3250000
NODE_6091_length_1029_cov_22.520430	434	514	2	54	80	0.6750000
NODE_6091_length_1029_cov_22.520430	487	567	0	17	80	0.2125000
NODE_6091_length_1029_cov_22.520430	487	567	2	63	80	0.7875000
NODE_6092_length_1029_cov_21.924731	335	415	0	26	80	0.3250000
NODE_6092_length_1029_cov_21.924731	335	415	2	54	80	0.6750000
NODE_6092_length_1029_cov_21.924731	388	468	0	79	80	0.9875000
NODE_6092_length_1029_cov_21.924731	388	468	2	1	80	0.0125000
NODE_6093_length_1029_cov_17.101075	501	581	4	2	80	0.0250000
NODE_6093_length_1029_cov_17.101075	501	581	6	6	80	0.0750000
NODE_6093_length_1029_cov_17.101075	501	581	8	8	80	0.1000000
NODE_6093_length_1029_cov_17.101075	501	581	10	64	80	0.8000000
NODE_6093_length_1029_cov_17.101075	554	634	0	21	80	0.2625000
NODE_6093_length_1029_cov_17.101075	554	634	4	7	80	0.0875000
NODE_6093_length_1029_cov_17.101075	554	634	6	31	80	0.3875000
NODE_6093_length_1029_cov_17.101075	554	634	10	21	80	0.2625000
NODE_6093_length_1029_cov_17.101075	630	710	0	8	80	0.1000000
NODE_6093_length_1029_cov_17.101075	630	710	3	1	80	0.0125000
NODE_6093_length_1029_cov_17.101075	630	710	4	3	80	0.0375000
NODE_6093_length_1029_cov_17.101075	630	710	5	5	80	0.0625000
NODE_6093_length_1029_cov_17.101075	630	710	6	16	80	0.2000000
NODE_6093_length_1029_cov_17.101075	630	710	7	47	80	0.5875000
NODE_6093_length_1029_cov_17.101075	683	755	2	22	72	0.3055556
NODE_6093_length_1029_cov_17.101075	683	755	6	17	72	0.2361111
NODE_6093_length_1029_cov_17.101075	683	755	7	33	72	0.4583333
NODE_6094_length_1029_cov_14.052688	405	485	0	27	80	0.3375000
NODE_6094_length_1029_cov_14.052688	405	485	2	16	80	0.2000000
NODE_6094_length_1029_cov_14.052688	405	485	4	37	80	0.4625000
NODE_6094_length_1029_cov_14.052688	458	538	2	13	80	0.1625000
NODE_6094_length_1029_cov_14.052688	458	538	4	67	80	0.8375000
NODE_6095_length_1029_cov_11.119355	291	369	2	23	78	0.2948718
NODE_6095_length_1029_cov_11.119355	291	369	4	4	78	0.0512821
NODE_6095_length_1029_cov_11.119355	291	369	5	9	78	0.1153846
NODE_6095_length_1029_cov_11.119355	291	369	6	42	78	0.5384616
NODE_6095_length_1029_cov_11.119355	342	422	0	14	80	0.1750000
NODE_6095_length_1029_cov_11.119355	342	422	4	43	80	0.5375000
NODE_6095_length_1029_cov_11.119355	342	422	5	9	80	0.1125000
NODE_6095_length_1029_cov_11.119355	342	422	6	14	80	0.1750000
NODE_6097_length_1029_cov_3.850538	231	311	0	3	80	0.0375000
NODE_6097_length_1029_cov_3.850538	231	311	2	1	80	0.0125000
NODE_6097_length_1029_cov_3.850538	231	311	4	2	80	0.0250000
NODE_6097_length_1029_cov_3.850538	231	311	6	13	80	0.1625000
NODE_6097_length_1029_cov_3.850538	231	311	8	61	80	0.7625000
NODE_6097_length_1029_cov_3.850538	284	364	0	2	80	0.0250000
NODE_6097_length_1029_cov_3.850538	284	364	2	25	80	0.3125000
NODE_6097_length_1029_cov_3.850538	284	364	4	7	80	0.0875000
NODE_6097_length_1029_cov_3.850538	284	364	6	20	80	0.2500000
NODE_6097_length_1029_cov_3.850538	284	364	8	26	80	0.3250000
NODE_6104_length_1028_cov_19.625404	495	575	0	80	80	1.0000000
NODE_6104_length_1028_cov_19.625404	548	628	0	33	80	0.4125000
NODE_6104_length_1028_cov_19.625404	548	628	2	47	80	0.5875000
NODE_6105_length_1028_cov_17.497309	533	613	12	40	80	0.5000000
NODE_6105_length_1028_cov_17.497309	533	613	14	40	80	0.5000000
NODE_6105_length_1028_cov_17.497309	586	666	2	30	80	0.3750000
NODE_6105_length_1028_cov_17.497309	586	666	10	7	80	0.0875000
NODE_6105_length_1028_cov_17.497309	586	666	12	37	80	0.4625000
NODE_6105_length_1028_cov_17.497309	586	666	14	6	80	0.0750000
NODE_6106_length_1028_cov_16.528525	497	577	0	51	80	0.6375000
NODE_6106_length_1028_cov_16.528525	497	577	1	5	80	0.0625000
NODE_6106_length_1028_cov_16.528525	497	577	2	24	80	0.3000000
NODE_6106_length_1028_cov_16.528525	550	630	1	3	80	0.0375000
NODE_6106_length_1028_cov_16.528525	550	630	2	77	80	0.9625000
NODE_6107_length_1028_cov_10.212056	463	543	2	80	80	1.0000000
NODE_6107_length_1028_cov_10.212056	516	596	0	52	80	0.6500000
NODE_6107_length_1028_cov_10.212056	516	596	2	28	80	0.3500000
NODE_6108_length_1028_cov_10.131324	399	479	0	4	80	0.0500000
NODE_6108_length_1028_cov_10.131324	399	479	2	32	80	0.4000000
NODE_6108_length_1028_cov_10.131324	399	479	4	44	80	0.5500000
NODE_6108_length_1028_cov_10.131324	452	532	0	57	80	0.7125000
NODE_6108_length_1028_cov_10.131324	452	532	2	23	80	0.2875000
NODE_6109_length_1028_cov_9.773950	482	562	2	63	80	0.7875000
NODE_6109_length_1028_cov_9.773950	482	562	4	17	80	0.2125000
NODE_6109_length_1028_cov_9.773950	535	615	2	63	80	0.7875000
NODE_6109_length_1028_cov_9.773950	535	615	4	17	80	0.2125000
NODE_6110_length_1028_cov_8.079656	399	479	8	25	80	0.3125000
NODE_6110_length_1028_cov_8.079656	399	479	10	55	80	0.6875000
NODE_6110_length_1028_cov_8.079656	452	532	4	1	80	0.0125000
NODE_6110_length_1028_cov_8.079656	452	532	5	6	80	0.0750000
NODE_6110_length_1028_cov_8.079656	452	532	7	10	80	0.1250000
NODE_6110_length_1028_cov_8.079656	452	532	8	3	80	0.0375000
NODE_6110_length_1028_cov_8.079656	452	532	9	3	80	0.0375000
NODE_6110_length_1028_cov_8.079656	452	532	10	57	80	0.7125000
NODE_6111_length_1028_cov_7.092573	439	519	8	75	80	0.9375000
NODE_6111_length_1028_cov_7.092573	439	519	10	5	80	0.0625000
NODE_6111_length_1028_cov_7.092573	492	572	2	7	80	0.0875000
NODE_6111_length_1028_cov_7.092573	492	572	6	45	80	0.5625000
NODE_6111_length_1028_cov_7.092573	492	572	8	23	80	0.2875000
NODE_6111_length_1028_cov_7.092573	492	572	10	5	80	0.0625000
NODE_6112_length_1028_cov_4.727664	416	488	0	72	72	1.0000000
NODE_6112_length_1028_cov_4.727664	461	541	0	80	80	1.0000000
NODE_6125_length_1027_cov_51.341595	399	479	0	80	80	1.0000000
NODE_6125_length_1027_cov_51.341595	452	532	0	80	80	1.0000000
NODE_6125_length_1027_cov_51.341595	528	608	0	80	80	1.0000000
NODE_6125_length_1027_cov_51.341595	581	661	0	45	80	0.5625000
NODE_6125_length_1027_cov_51.341595	581	661	2	35	80	0.4375000
NODE_6126_length_1027_cov_45.613147	347	427	0	80	80	1.0000000
NODE_6126_length_1027_cov_45.613147	400	480	0	80	80	1.0000000
NODE_6126_length_1027_cov_45.613147	476	556	0	18	80	0.2250000
NODE_6126_length_1027_cov_45.613147	476	556	2	18	80	0.2250000
NODE_6126_length_1027_cov_45.613147	476	556	4	44	80	0.5500000
NODE_6126_length_1027_cov_45.613147	529	609	4	64	80	0.8000000
NODE_6126_length_1027_cov_45.613147	529	609	6	16	80	0.2000000
NODE_6127_length_1027_cov_35.435345	431	511	14	17	80	0.2125000
NODE_6127_length_1027_cov_35.435345	431	511	16	21	80	0.2625000
NODE_6127_length_1027_cov_35.435345	431	511	18	31	80	0.3875000
NODE_6127_length_1027_cov_35.435345	431	511	19	2	80	0.0250000
NODE_6127_length_1027_cov_35.435345	431	511	20	9	80	0.1125000
NODE_6127_length_1027_cov_35.435345	484	564	4	1	80	0.0125000
NODE_6127_length_1027_cov_35.435345	484	564	6	13	80	0.1625000
NODE_6127_length_1027_cov_35.435345	484	564	7	1	80	0.0125000
NODE_6127_length_1027_cov_35.435345	484	564	9	7	80	0.0875000
NODE_6127_length_1027_cov_35.435345	484	564	10	19	80	0.2375000
NODE_6127_length_1027_cov_35.435345	484	564	14	17	80	0.2125000
NODE_6127_length_1027_cov_35.435345	484	564	16	8	80	0.1000000
NODE_6127_length_1027_cov_35.435345	484	564	18	14	80	0.1750000
NODE_6135_length_1026_cov_39.737864	374	454	0	80	80	1.0000000
NODE_6135_length_1026_cov_39.737864	427	509	0	82	82	1.0000000
NODE_6135_length_1026_cov_39.737864	505	585	0	76	80	0.9500000
NODE_6135_length_1026_cov_39.737864	505	585	2	4	80	0.0500000
NODE_6135_length_1026_cov_39.737864	558	638	0	23	80	0.2875000
NODE_6135_length_1026_cov_39.737864	558	638	2	57	80	0.7125000
NODE_6136_length_1026_cov_26.400216	423	503	0	5	80	0.0625000
NODE_6136_length_1026_cov_26.400216	423	503	2	10	80	0.1250000
NODE_6136_length_1026_cov_26.400216	423	503	12	65	80	0.8125000
NODE_6136_length_1026_cov_26.400216	476	556	0	58	80	0.7250000
NODE_6136_length_1026_cov_26.400216	476	556	2	10	80	0.1250000
NODE_6136_length_1026_cov_26.400216	476	556	12	12	80	0.1500000
NODE_6137_length_1026_cov_25.325782	477	557	4	77	80	0.9625000
NODE_6137_length_1026_cov_25.325782	477	557	6	3	80	0.0375000
NODE_6137_length_1026_cov_25.325782	530	610	2	12	80	0.1500000
NODE_6137_length_1026_cov_25.325782	530	610	4	36	80	0.4500000
NODE_6137_length_1026_cov_25.325782	530	610	6	32	80	0.4000000
NODE_6137_length_1026_cov_25.325782	606	686	4	26	80	0.3250000
NODE_6137_length_1026_cov_25.325782	606	686	6	54	80	0.6750000
NODE_6137_length_1026_cov_25.325782	659	739	0	3	80	0.0375000
NODE_6137_length_1026_cov_25.325782	659	739	2	35	80	0.4375000
NODE_6137_length_1026_cov_25.325782	659	739	4	41	80	0.5125000
NODE_6137_length_1026_cov_25.325782	659	739	6	1	80	0.0125000
NODE_6138_length_1026_cov_22.218986	408	488	6	1	80	0.0125000
NODE_6138_length_1026_cov_22.218986	408	488	17	29	80	0.3625000
NODE_6138_length_1026_cov_22.218986	408	488	18	15	80	0.1875000
NODE_6138_length_1026_cov_22.218986	408	488	21	12	80	0.1500000
NODE_6138_length_1026_cov_22.218986	408	488	22	18	80	0.2250000
NODE_6138_length_1026_cov_22.218986	408	488	23	5	80	0.0625000
NODE_6138_length_1026_cov_22.218986	461	541	2	10	80	0.1250000
NODE_6138_length_1026_cov_22.218986	461	541	6	44	80	0.5500000
NODE_6138_length_1026_cov_22.218986	461	541	17	17	80	0.2125000
NODE_6138_length_1026_cov_22.218986	461	541	21	1	80	0.0125000
NODE_6138_length_1026_cov_22.218986	461	541	22	8	80	0.1000000
NODE_6138_length_1026_cov_22.218986	537	617	0	23	80	0.2875000
NODE_6138_length_1026_cov_22.218986	537	617	2	57	80	0.7125000
NODE_6138_length_1026_cov_22.218986	590	670	0	76	80	0.9500000
NODE_6138_length_1026_cov_22.218986	590	670	2	4	80	0.0500000
NODE_6139_length_1026_cov_15.640777	450	530	2	33	80	0.4125000
NODE_6139_length_1026_cov_15.640777	450	530	4	47	80	0.5875000
NODE_6139_length_1026_cov_15.640777	503	583	0	8	80	0.1000000
NODE_6139_length_1026_cov_15.640777	503	583	2	66	80	0.8250000
NODE_6139_length_1026_cov_15.640777	503	583	4	6	80	0.0750000
NODE_6140_length_1026_cov_12.062567	165	245	4	63	80	0.7875000
NODE_6140_length_1026_cov_12.062567	165	245	7	1	80	0.0125000
NODE_6140_length_1026_cov_12.062567	165	245	8	5	80	0.0625000
NODE_6140_length_1026_cov_12.062567	165	245	9	11	80	0.1375000
NODE_6140_length_1026_cov_12.062567	218	298	4	10	80	0.1250000
NODE_6140_length_1026_cov_12.062567	218	298	6	21	80	0.2625000
NODE_6140_length_1026_cov_12.062567	218	298	7	1	80	0.0125000
NODE_6140_length_1026_cov_12.062567	218	298	8	5	80	0.0625000
NODE_6140_length_1026_cov_12.062567	218	298	9	12	80	0.1500000
NODE_6140_length_1026_cov_12.062567	218	298	10	31	80	0.3875000
NODE_6142_length_1026_cov_5.002157	335	415	0	80	80	1.0000000
NODE_6142_length_1026_cov_5.002157	388	468	0	80	80	1.0000000
NODE_6155_length_1025_cov_52.053996	366	446	0	13	80	0.1625000
NODE_6155_length_1025_cov_52.053996	366	446	2	67	80	0.8375000
NODE_6155_length_1025_cov_52.053996	419	499	0	17	80	0.2125000
NODE_6155_length_1025_cov_52.053996	419	499	2	63	80	0.7875000
NODE_6155_length_1025_cov_52.053996	495	575	2	11	80	0.1375000
NODE_6155_length_1025_cov_52.053996	495	575	6	3	80	0.0375000
NODE_6155_length_1025_cov_52.053996	495	575	8	5	80	0.0625000
NODE_6155_length_1025_cov_52.053996	495	575	16	17	80	0.2125000
NODE_6155_length_1025_cov_52.053996	495	575	18	35	80	0.4375000
NODE_6155_length_1025_cov_52.053996	495	575	20	5	80	0.0625000
NODE_6155_length_1025_cov_52.053996	495	575	24	4	80	0.0500000
NODE_6155_length_1025_cov_52.053996	548	628	18	18	80	0.2250000
NODE_6155_length_1025_cov_52.053996	548	628	20	5	80	0.0625000
NODE_6155_length_1025_cov_52.053996	548	628	24	57	80	0.7125000
NODE_6156_length_1025_cov_35.980562	318	375	9	10	57	0.1754386
NODE_6156_length_1025_cov_35.980562	318	375	10	17	57	0.2982456
NODE_6156_length_1025_cov_35.980562	318	375	11	3	57	0.0526316
NODE_6156_length_1025_cov_35.980562	318	375	12	27	57	0.4736842
NODE_6156_length_1025_cov_35.980562	348	428	12	52	80	0.6500000
NODE_6156_length_1025_cov_35.980562	348	428	16	28	80	0.3500000
NODE_6156_length_1025_cov_35.980562	425	482	6	34	57	0.5964912
NODE_6156_length_1025_cov_35.980562	425	482	8	3	57	0.0526316
NODE_6156_length_1025_cov_35.980562	425	482	10	8	57	0.1403509
NODE_6156_length_1025_cov_35.980562	425	482	13	2	57	0.0350877
NODE_6156_length_1025_cov_35.980562	425	482	14	6	57	0.1052632
NODE_6156_length_1025_cov_35.980562	425	482	16	4	57	0.0701754
NODE_6156_length_1025_cov_35.980562	455	521	0	23	66	0.3484848
NODE_6156_length_1025_cov_35.980562	455	521	1	1	66	0.0151515
NODE_6156_length_1025_cov_35.980562	455	521	5	2	66	0.0303030
NODE_6156_length_1025_cov_35.980562	455	521	6	40	66	0.6060606
NODE_6157_length_1025_cov_26.954644	607	687	4	13	80	0.1625000
NODE_6157_length_1025_cov_26.954644	607	687	6	62	80	0.7750000
NODE_6157_length_1025_cov_26.954644	607	687	8	5	80	0.0625000
NODE_6157_length_1025_cov_26.954644	660	740	6	24	80	0.3000000
NODE_6157_length_1025_cov_26.954644	660	740	8	56	80	0.7000000
NODE_6158_length_1025_cov_20.576674	428	508	2	6	80	0.0750000
NODE_6158_length_1025_cov_20.576674	428	508	4	43	80	0.5375000
NODE_6158_length_1025_cov_20.576674	428	508	6	31	80	0.3875000
NODE_6158_length_1025_cov_20.576674	481	561	2	32	80	0.4000000
NODE_6158_length_1025_cov_20.576674	481	561	4	30	80	0.3750000
NODE_6158_length_1025_cov_20.576674	481	561	6	18	80	0.2250000
NODE_6159_length_1025_cov_15.525918	415	495	2	5	80	0.0625000
NODE_6159_length_1025_cov_15.525918	415	495	4	66	80	0.8250000
NODE_6159_length_1025_cov_15.525918	415	495	6	9	80	0.1125000
NODE_6159_length_1025_cov_15.525918	468	548	2	58	80	0.7250000
NODE_6159_length_1025_cov_15.525918	468	548	4	13	80	0.1625000
NODE_6159_length_1025_cov_15.525918	468	548	6	9	80	0.1125000
NODE_6160_length_1025_cov_7.044276	240	320	0	80	80	1.0000000
NODE_6161_length_1025_cov_6.688985	334	414	6	25	80	0.3125000
NODE_6161_length_1025_cov_6.688985	334	414	8	55	80	0.6875000
NODE_6161_length_1025_cov_6.688985	387	467	0	12	80	0.1500000
NODE_6161_length_1025_cov_6.688985	387	467	4	19	80	0.2375000
NODE_6161_length_1025_cov_6.688985	387	467	6	15	80	0.1875000
NODE_6161_length_1025_cov_6.688985	387	467	8	34	80	0.4250000
NODE_6170_length_1024_cov_28.681081	264	344	0	1	80	0.0125000
NODE_6170_length_1024_cov_28.681081	264	344	2	45	80	0.5625000
NODE_6170_length_1024_cov_28.681081	264	344	4	34	80	0.4250000
NODE_6170_length_1024_cov_28.681081	317	397	0	10	80	0.1250000
NODE_6170_length_1024_cov_28.681081	317	397	2	2	80	0.0250000
NODE_6170_length_1024_cov_28.681081	317	397	4	68	80	0.8500000
NODE_6170_length_1024_cov_28.681081	393	477	0	2	84	0.0238095
NODE_6170_length_1024_cov_28.681081	393	477	2	2	84	0.0238095
NODE_6170_length_1024_cov_28.681081	393	477	4	36	84	0.4285714
NODE_6170_length_1024_cov_28.681081	393	477	6	15	84	0.1785714
NODE_6170_length_1024_cov_28.681081	393	477	8	29	84	0.3452381
NODE_6171_length_1024_cov_17.922162	324	404	0	18	80	0.2250000
NODE_6171_length_1024_cov_17.922162	324	404	2	62	80	0.7750000
NODE_6171_length_1024_cov_17.922162	377	457	0	71	80	0.8875000
NODE_6171_length_1024_cov_17.922162	377	457	2	9	80	0.1125000
NODE_6173_length_1024_cov_12.018378	368	448	2	80	80	1.0000000
NODE_6173_length_1024_cov_12.018378	421	501	0	48	80	0.6000000
NODE_6173_length_1024_cov_12.018378	421	501	2	32	80	0.4000000
NODE_6174_length_1024_cov_8.800000	517	597	0	80	80	1.0000000
NODE_6174_length_1024_cov_8.800000	570	650	0	80	80	1.0000000
NODE_6175_length_1024_cov_6.207568	318	398	0	24	80	0.3000000
NODE_6175_length_1024_cov_6.207568	318	398	4	56	80	0.7000000
NODE_6175_length_1024_cov_6.207568	371	451	0	6	80	0.0750000
NODE_6175_length_1024_cov_6.207568	371	451	4	74	80	0.9250000
NODE_6178_length_1024_cov_2.468108	274	324	0	50	50	1.0000000
NODE_6178_length_1024_cov_2.468108	274	322	0	48	48	1.0000000
NODE_6178_length_1024_cov_2.468108	274	324	0	50	50	1.0000000
NODE_6178_length_1024_cov_2.468108	274	323	0	49	49	1.0000000
NODE_6178_length_1024_cov_2.468108	274	322	0	48	48	1.0000000
NODE_6185_length_1023_cov_100.366883	441	521	5	2	80	0.0250000
NODE_6185_length_1023_cov_100.366883	441	521	8	13	80	0.1625000
NODE_6185_length_1023_cov_100.366883	441	521	10	6	80	0.0750000
NODE_6185_length_1023_cov_100.366883	441	521	12	26	80	0.3250000
NODE_6185_length_1023_cov_100.366883	441	521	14	33	80	0.4125000
NODE_6185_length_1023_cov_100.366883	494	574	2	4	80	0.0500000
NODE_6185_length_1023_cov_100.366883	494	574	4	9	80	0.1125000
NODE_6185_length_1023_cov_100.366883	494	574	10	24	80	0.3000000
NODE_6185_length_1023_cov_100.366883	494	574	12	15	80	0.1875000
NODE_6185_length_1023_cov_100.366883	494	574	14	28	80	0.3500000
NODE_6186_length_1023_cov_64.271645	349	429	1	19	80	0.2375000
NODE_6186_length_1023_cov_64.271645	349	429	2	22	80	0.2750000
NODE_6186_length_1023_cov_64.271645	349	429	4	33	80	0.4125000
NODE_6186_length_1023_cov_64.271645	349	429	5	6	80	0.0750000
NODE_6186_length_1023_cov_64.271645	402	482	1	5	80	0.0625000
NODE_6186_length_1023_cov_64.271645	402	482	2	75	80	0.9375000
NODE_6186_length_1023_cov_64.271645	478	558	2	10	80	0.1250000
NODE_6186_length_1023_cov_64.271645	478	558	10	23	80	0.2875000
NODE_6186_length_1023_cov_64.271645	478	558	12	12	80	0.1500000
NODE_6186_length_1023_cov_64.271645	478	558	15	4	80	0.0500000
NODE_6186_length_1023_cov_64.271645	478	558	16	8	80	0.1000000
NODE_6186_length_1023_cov_64.271645	478	558	18	3	80	0.0375000
NODE_6186_length_1023_cov_64.271645	478	558	19	20	80	0.2500000
NODE_6186_length_1023_cov_64.271645	531	611	15	3	80	0.0375000
NODE_6186_length_1023_cov_64.271645	531	611	16	14	80	0.1750000
NODE_6186_length_1023_cov_64.271645	531	611	18	43	80	0.5375000
NODE_6186_length_1023_cov_64.271645	531	611	19	20	80	0.2500000
NODE_6187_length_1023_cov_32.695887	318	398	2	19	80	0.2375000
NODE_6187_length_1023_cov_32.695887	318	398	4	61	80	0.7625000
NODE_6187_length_1023_cov_32.695887	371	451	2	32	80	0.4000000
NODE_6187_length_1023_cov_32.695887	371	451	3	13	80	0.1625000
NODE_6187_length_1023_cov_32.695887	371	451	4	35	80	0.4375000
NODE_6187_length_1023_cov_32.695887	447	527	2	74	80	0.9250000
NODE_6187_length_1023_cov_32.695887	447	527	4	6	80	0.0750000
NODE_6187_length_1023_cov_32.695887	500	580	2	74	80	0.9250000
NODE_6187_length_1023_cov_32.695887	500	580	4	6	80	0.0750000
NODE_6188_length_1023_cov_16.244589	601	681	2	11	80	0.1375000
NODE_6188_length_1023_cov_16.244589	601	681	4	18	80	0.2250000
NODE_6188_length_1023_cov_16.244589	601	681	10	18	80	0.2250000
NODE_6188_length_1023_cov_16.244589	601	681	12	33	80	0.4125000
NODE_6188_length_1023_cov_16.244589	654	734	0	4	80	0.0500000
NODE_6188_length_1023_cov_16.244589	654	734	2	1	80	0.0125000
NODE_6188_length_1023_cov_16.244589	654	734	8	21	80	0.2625000
NODE_6188_length_1023_cov_16.244589	654	734	10	22	80	0.2750000
NODE_6188_length_1023_cov_16.244589	654	734	12	32	80	0.4000000
NODE_6189_length_1023_cov_15.876623	371	451	0	80	80	1.0000000
NODE_6189_length_1023_cov_15.876623	424	504	0	80	80	1.0000000
NODE_6189_length_1023_cov_15.876623	500	580	0	31	80	0.3875000
NODE_6189_length_1023_cov_15.876623	500	580	2	1	80	0.0125000
NODE_6189_length_1023_cov_15.876623	500	580	4	6	80	0.0750000
NODE_6189_length_1023_cov_15.876623	500	580	6	9	80	0.1125000
NODE_6189_length_1023_cov_15.876623	500	580	12	9	80	0.1125000
NODE_6189_length_1023_cov_15.876623	500	580	14	24	80	0.3000000
NODE_6189_length_1023_cov_15.876623	553	633	12	3	80	0.0375000
NODE_6189_length_1023_cov_15.876623	553	633	14	39	80	0.4875000
NODE_6189_length_1023_cov_15.876623	553	633	16	38	80	0.4750000
NODE_6190_length_1023_cov_14.678571	555	635	0	65	80	0.8125000
NODE_6190_length_1023_cov_14.678571	555	635	2	14	80	0.1750000
NODE_6190_length_1023_cov_14.678571	555	635	4	1	80	0.0125000
NODE_6190_length_1023_cov_14.678571	608	688	0	12	80	0.1500000
NODE_6190_length_1023_cov_14.678571	608	688	2	14	80	0.1750000
NODE_6190_length_1023_cov_14.678571	608	688	4	54	80	0.6750000
NODE_6191_length_1023_cov_14.443723	406	486	0	7	80	0.0875000
NODE_6191_length_1023_cov_14.443723	406	486	2	50	80	0.6250000
NODE_6191_length_1023_cov_14.443723	406	486	4	23	80	0.2875000
NODE_6191_length_1023_cov_14.443723	459	539	0	11	80	0.1375000
NODE_6191_length_1023_cov_14.443723	459	539	2	55	80	0.6875000
NODE_6191_length_1023_cov_14.443723	459	539	4	14	80	0.1750000
NODE_6192_length_1023_cov_10.984848	590	670	0	55	80	0.6875000
NODE_6192_length_1023_cov_10.984848	590	670	2	1	80	0.0125000
NODE_6192_length_1023_cov_10.984848	590	670	4	6	80	0.0750000
NODE_6192_length_1023_cov_10.984848	590	670	10	18	80	0.2250000
NODE_6192_length_1023_cov_10.984848	643	723	0	2	80	0.0250000
NODE_6192_length_1023_cov_10.984848	643	723	2	1	80	0.0125000
NODE_6192_length_1023_cov_10.984848	643	723	4	6	80	0.0750000
NODE_6192_length_1023_cov_10.984848	643	723	10	71	80	0.8875000
NODE_6202_length_1022_cov_42.952329	555	636	0	44	81	0.5432099
NODE_6202_length_1022_cov_42.952329	555	636	2	5	81	0.0617284
NODE_6202_length_1022_cov_42.952329	555	636	6	32	81	0.3950617
NODE_6202_length_1022_cov_42.952329	609	689	6	54	80	0.6750000
NODE_6202_length_1022_cov_42.952329	609	689	7	26	80	0.3250000
NODE_6202_length_1022_cov_42.952329	685	765	3	4	80	0.0500000
NODE_6202_length_1022_cov_42.952329	685	765	4	47	80	0.5875000
NODE_6202_length_1022_cov_42.952329	685	765	5	9	80	0.1125000
NODE_6202_length_1022_cov_42.952329	685	765	6	13	80	0.1625000
NODE_6202_length_1022_cov_42.952329	685	765	7	7	80	0.0875000
NODE_6202_length_1022_cov_42.952329	738	818	3	5	80	0.0625000
NODE_6202_length_1022_cov_42.952329	738	818	4	75	80	0.9375000
NODE_6203_length_1022_cov_29.949079	510	590	0	10	80	0.1250000
NODE_6203_length_1022_cov_29.949079	510	590	4	30	80	0.3750000
NODE_6203_length_1022_cov_29.949079	510	590	6	4	80	0.0500000
NODE_6203_length_1022_cov_29.949079	510	590	10	36	80	0.4500000
NODE_6203_length_1022_cov_29.949079	563	643	4	18	80	0.2250000
NODE_6203_length_1022_cov_29.949079	563	643	6	24	80	0.3000000
NODE_6203_length_1022_cov_29.949079	563	643	10	38	80	0.4750000
NODE_6204_length_1022_cov_7.672806	461	541	0	80	80	1.0000000
NODE_6204_length_1022_cov_7.672806	514	594	0	80	80	1.0000000
NODE_6213_length_1021_cov_47.379610	341	421	10	17	80	0.2125000
NODE_6213_length_1021_cov_47.379610	341	421	16	1	80	0.0125000
NODE_6213_length_1021_cov_47.379610	341	421	18	28	80	0.3500000
NODE_6213_length_1021_cov_47.379610	341	421	20	26	80	0.3250000
NODE_6213_length_1021_cov_47.379610	341	421	23	8	80	0.1000000
NODE_6213_length_1021_cov_47.379610	394	474	15	9	80	0.1125000
NODE_6213_length_1021_cov_47.379610	394	474	16	3	80	0.0375000
NODE_6213_length_1021_cov_47.379610	394	474	17	1	80	0.0125000
NODE_6213_length_1021_cov_47.379610	394	474	18	25	80	0.3125000
NODE_6213_length_1021_cov_47.379610	394	474	20	5	80	0.0625000
NODE_6213_length_1021_cov_47.379610	394	474	23	27	80	0.3375000
NODE_6213_length_1021_cov_47.379610	394	474	24	10	80	0.1250000
NODE_6213_length_1021_cov_47.379610	470	550	15	17	80	0.2125000
NODE_6213_length_1021_cov_47.379610	470	550	17	4	80	0.0500000
NODE_6213_length_1021_cov_47.379610	470	550	21	14	80	0.1750000
NODE_6213_length_1021_cov_47.379610	470	550	22	28	80	0.3500000
NODE_6213_length_1021_cov_47.379610	470	550	24	6	80	0.0750000
NODE_6213_length_1021_cov_47.379610	470	550	27	9	80	0.1125000
NODE_6213_length_1021_cov_47.379610	470	550	29	2	80	0.0250000
NODE_6213_length_1021_cov_47.379610	523	603	13	13	80	0.1625000
NODE_6213_length_1021_cov_47.379610	523	603	14	13	80	0.1625000
NODE_6213_length_1021_cov_47.379610	523	603	15	1	80	0.0125000
NODE_6213_length_1021_cov_47.379610	523	603	16	13	80	0.1625000
NODE_6213_length_1021_cov_47.379610	523	603	21	1	80	0.0125000
NODE_6213_length_1021_cov_47.379610	523	603	22	39	80	0.4875000
NODE_6214_length_1021_cov_33.255965	588	668	2	13	80	0.1625000
NODE_6214_length_1021_cov_33.255965	588	668	10	67	80	0.8375000
NODE_6214_length_1021_cov_33.255965	641	721	0	12	80	0.1500000
NODE_6214_length_1021_cov_33.255965	641	721	8	27	80	0.3375000
NODE_6214_length_1021_cov_33.255965	641	721	10	41	80	0.5125000
NODE_6227_length_1020_cov_24.565689	485	565	2	22	80	0.2750000
NODE_6227_length_1020_cov_24.565689	485	565	5	1	80	0.0125000
NODE_6227_length_1020_cov_24.565689	485	565	6	29	80	0.3625000
NODE_6227_length_1020_cov_24.565689	485	565	8	7	80	0.0875000
NODE_6227_length_1020_cov_24.565689	485	565	9	13	80	0.1625000
NODE_6227_length_1020_cov_24.565689	485	565	10	1	80	0.0125000
NODE_6227_length_1020_cov_24.565689	485	565	11	7	80	0.0875000
NODE_6227_length_1020_cov_24.565689	538	618	8	6	80	0.0750000
NODE_6227_length_1020_cov_24.565689	538	618	9	13	80	0.1625000
NODE_6227_length_1020_cov_24.565689	538	618	10	1	80	0.0125000
NODE_6227_length_1020_cov_24.565689	538	618	11	40	80	0.5000000
NODE_6227_length_1020_cov_24.565689	538	618	12	20	80	0.2500000
NODE_6228_length_1020_cov_20.825190	395	475	4	6	80	0.0750000
NODE_6228_length_1020_cov_20.825190	395	475	6	1	80	0.0125000
NODE_6228_length_1020_cov_20.825190	395	475	9	73	80	0.9125000
NODE_6228_length_1020_cov_20.825190	448	528	8	20	80	0.2500000
NODE_6228_length_1020_cov_20.825190	448	528	9	42	80	0.5250000
NODE_6228_length_1020_cov_20.825190	448	528	10	18	80	0.2250000
NODE_6229_length_1020_cov_20.305103	285	365	0	8	80	0.1000000
NODE_6229_length_1020_cov_20.305103	285	365	4	10	80	0.1250000
NODE_6229_length_1020_cov_20.305103	285	365	6	62	80	0.7750000
NODE_6229_length_1020_cov_20.305103	338	418	0	43	80	0.5375000
NODE_6229_length_1020_cov_20.305103	338	418	4	28	80	0.3500000
NODE_6229_length_1020_cov_20.305103	338	418	6	9	80	0.1125000
NODE_6229_length_1020_cov_20.305103	414	494	4	50	80	0.6250000
NODE_6229_length_1020_cov_20.305103	414	494	6	30	80	0.3750000
NODE_6229_length_1020_cov_20.305103	467	548	2	14	81	0.1728395
NODE_6229_length_1020_cov_20.305103	467	548	6	67	81	0.8271605
NODE_6230_length_1020_cov_17.919653	408	488	8	80	80	1.0000000
NODE_6230_length_1020_cov_17.919653	461	541	0	3	80	0.0375000
NODE_6230_length_1020_cov_17.919653	461	541	2	38	80	0.4750000
NODE_6230_length_1020_cov_17.919653	461	541	8	39	80	0.4875000
NODE_6231_length_1020_cov_13.972856	436	516	0	14	80	0.1750000
NODE_6231_length_1020_cov_13.972856	436	516	2	2	80	0.0250000
NODE_6231_length_1020_cov_13.972856	436	516	4	64	80	0.8000000
NODE_6231_length_1020_cov_13.972856	489	569	0	67	80	0.8375000
NODE_6231_length_1020_cov_13.972856	489	569	2	2	80	0.0250000
NODE_6231_length_1020_cov_13.972856	489	569	4	11	80	0.1375000
NODE_6232_length_1020_cov_10.472313	407	487	4	80	80	1.0000000
NODE_6232_length_1020_cov_10.472313	460	540	2	11	80	0.1375000
NODE_6232_length_1020_cov_10.472313	460	540	4	69	80	0.8625000
NODE_6235_length_1020_cov_3.707926	821	901	0	54	80	0.6750000
NODE_6235_length_1020_cov_3.707926	821	901	2	3	80	0.0375000
NODE_6235_length_1020_cov_3.707926	821	901	4	2	80	0.0250000
NODE_6235_length_1020_cov_3.707926	821	901	6	21	80	0.2625000
NODE_6235_length_1020_cov_3.707926	874	954	0	1	80	0.0125000
NODE_6235_length_1020_cov_3.707926	874	954	2	3	80	0.0375000
NODE_6235_length_1020_cov_3.707926	874	954	4	2	80	0.0250000
NODE_6235_length_1020_cov_3.707926	874	954	6	74	80	0.9250000
NODE_6238_length_1020_cov_2.648208	0	70	0	70	70	1.0000000
NODE_6238_length_1020_cov_2.648208	43	88	0	45	45	1.0000000
NODE_6248_length_1019_cov_30.164130	476	556	2	13	80	0.1625000
NODE_6248_length_1019_cov_30.164130	476	556	6	19	80	0.2375000
NODE_6248_length_1019_cov_30.164130	476	556	8	19	80	0.2375000
NODE_6248_length_1019_cov_30.164130	476	556	10	29	80	0.3625000
NODE_6248_length_1019_cov_30.164130	529	609	2	17	80	0.2125000
NODE_6248_length_1019_cov_30.164130	529	609	4	21	80	0.2625000
NODE_6248_length_1019_cov_30.164130	529	609	8	28	80	0.3500000
NODE_6248_length_1019_cov_30.164130	529	609	10	14	80	0.1750000
NODE_6248_length_1019_cov_30.164130	605	685	4	47	80	0.5875000
NODE_6248_length_1019_cov_30.164130	605	685	6	33	80	0.4125000
NODE_6248_length_1019_cov_30.164130	658	738	2	34	80	0.4250000
NODE_6248_length_1019_cov_30.164130	658	738	4	46	80	0.5750000
NODE_6249_length_1019_cov_22.845652	343	423	0	80	80	1.0000000
NODE_6249_length_1019_cov_22.845652	396	476	0	61	80	0.7625000
NODE_6249_length_1019_cov_22.845652	396	476	2	19	80	0.2375000
NODE_6249_length_1019_cov_22.845652	472	552	2	61	80	0.7625000
NODE_6249_length_1019_cov_22.845652	472	552	4	19	80	0.2375000
NODE_6249_length_1019_cov_22.845652	525	605	0	13	80	0.1625000
NODE_6249_length_1019_cov_22.845652	525	605	2	33	80	0.4125000
NODE_6249_length_1019_cov_22.845652	525	605	4	34	80	0.4250000
NODE_6250_length_1019_cov_8.098913	523	601	0	47	78	0.6025641
NODE_6250_length_1019_cov_8.098913	523	601	4	31	78	0.3974359
NODE_6250_length_1019_cov_8.098913	574	654	2	10	80	0.1250000
NODE_6250_length_1019_cov_8.098913	574	654	4	70	80	0.8750000
NODE_6251_length_1019_cov_7.896739	423	503	0	25	80	0.3125000
NODE_6251_length_1019_cov_7.896739	423	503	2	55	80	0.6875000
NODE_6251_length_1019_cov_7.896739	476	556	2	80	80	1.0000000
NODE_6252_length_1019_cov_4.597826	625	696	9	32	71	0.4507042
NODE_6252_length_1019_cov_4.597826	625	696	12	39	71	0.5492958
NODE_6263_length_1019_cov_1.139130	89	165	10	32	76	0.4210526
NODE_6263_length_1019_cov_1.139130	89	165	12	44	76	0.5789474
NODE_6265_length_1018_cov_33.494015	212	292	2	9	80	0.1125000
NODE_6265_length_1018_cov_33.494015	212	292	11	3	80	0.0375000
NODE_6265_length_1018_cov_33.494015	212	292	12	3	80	0.0375000
NODE_6265_length_1018_cov_33.494015	212	292	13	4	80	0.0500000
NODE_6265_length_1018_cov_33.494015	212	292	14	26	80	0.3250000
NODE_6265_length_1018_cov_33.494015	212	292	15	6	80	0.0750000
NODE_6265_length_1018_cov_33.494015	212	292	16	29	80	0.3625000
NODE_6265_length_1018_cov_33.494015	265	345	0	18	80	0.2250000
NODE_6265_length_1018_cov_33.494015	265	345	2	44	80	0.5500000
NODE_6265_length_1018_cov_33.494015	265	345	11	3	80	0.0375000
NODE_6265_length_1018_cov_33.494015	265	345	13	4	80	0.0500000
NODE_6265_length_1018_cov_33.494015	265	345	15	6	80	0.0750000
NODE_6265_length_1018_cov_33.494015	265	345	16	5	80	0.0625000
NODE_6266_length_1018_cov_22.776931	372	452	0	70	80	0.8750000
NODE_6266_length_1018_cov_22.776931	372	452	1	10	80	0.1250000
NODE_6266_length_1018_cov_22.776931	425	505	0	17	80	0.2125000
NODE_6266_length_1018_cov_22.776931	425	505	1	12	80	0.1500000
NODE_6266_length_1018_cov_22.776931	425	505	5	7	80	0.0875000
NODE_6266_length_1018_cov_22.776931	425	505	6	44	80	0.5500000
NODE_6268_length_1018_cov_8.486398	404	484	0	3	80	0.0375000
NODE_6268_length_1018_cov_8.486398	404	484	2	8	80	0.1000000
NODE_6268_length_1018_cov_8.486398	404	484	4	25	80	0.3125000
NODE_6268_length_1018_cov_8.486398	404	484	5	26	80	0.3250000
NODE_6268_length_1018_cov_8.486398	404	484	6	7	80	0.0875000
NODE_6268_length_1018_cov_8.486398	404	484	8	11	80	0.1375000
NODE_6268_length_1018_cov_8.486398	457	537	0	56	80	0.7000000
NODE_6268_length_1018_cov_8.486398	457	537	2	8	80	0.1000000
NODE_6268_length_1018_cov_8.486398	457	537	4	16	80	0.2000000
NODE_6270_length_1018_cov_7.737758	357	437	5	26	80	0.3250000
NODE_6270_length_1018_cov_7.737758	357	437	7	31	80	0.3875000
NODE_6270_length_1018_cov_7.737758	357	437	8	23	80	0.2875000
NODE_6270_length_1018_cov_7.737758	410	490	0	30	80	0.3750000
NODE_6270_length_1018_cov_7.737758	410	490	5	49	80	0.6125000
NODE_6270_length_1018_cov_7.737758	410	490	7	1	80	0.0125000
NODE_6286_length_1017_cov_207.523965	0	41	17	2	41	0.0487805
NODE_6286_length_1017_cov_207.523965	0	41	18	1	41	0.0243902
NODE_6286_length_1017_cov_207.523965	0	41	23	11	41	0.2682927
NODE_6286_length_1017_cov_207.523965	0	41	25	9	41	0.2195122
NODE_6286_length_1017_cov_207.523965	0	41	29	1	41	0.0243902
NODE_6286_length_1017_cov_207.523965	0	41	31	2	41	0.0487805
NODE_6286_length_1017_cov_207.523965	0	41	33	2	41	0.0487805
NODE_6286_length_1017_cov_207.523965	0	41	35	6	41	0.1463415
NODE_6286_length_1017_cov_207.523965	0	41	37	2	41	0.0487805
NODE_6286_length_1017_cov_207.523965	0	41	40	5	41	0.1219512
NODE_6286_length_1017_cov_207.523965	14	94	25	9	80	0.1125000
NODE_6286_length_1017_cov_207.523965	14	94	29	1	80	0.0125000
NODE_6286_length_1017_cov_207.523965	14	94	31	2	80	0.0250000
NODE_6286_length_1017_cov_207.523965	14	94	33	2	80	0.0250000
NODE_6286_length_1017_cov_207.523965	14	94	35	6	80	0.0750000
NODE_6286_length_1017_cov_207.523965	14	94	37	2	80	0.0250000
NODE_6286_length_1017_cov_207.523965	14	94	40	14	80	0.1750000
NODE_6286_length_1017_cov_207.523965	14	94	43	44	80	0.5500000
NODE_6287_length_1017_cov_18.824619	490	570	6	29	80	0.3625000
NODE_6287_length_1017_cov_18.824619	490	570	8	27	80	0.3375000
NODE_6287_length_1017_cov_18.824619	490	570	10	24	80	0.3000000
NODE_6287_length_1017_cov_18.824619	543	623	1	11	80	0.1375000
NODE_6287_length_1017_cov_18.824619	543	623	3	8	80	0.1000000
NODE_6287_length_1017_cov_18.824619	543	623	5	27	80	0.3375000
NODE_6287_length_1017_cov_18.824619	543	623	6	22	80	0.2750000
NODE_6287_length_1017_cov_18.824619	543	623	8	8	80	0.1000000
NODE_6287_length_1017_cov_18.824619	543	623	10	4	80	0.0500000
NODE_6288_length_1017_cov_14.794118	428	508	0	12	80	0.1500000
NODE_6288_length_1017_cov_14.794118	428	508	2	68	80	0.8500000
NODE_6288_length_1017_cov_14.794118	481	561	0	8	80	0.1000000
NODE_6288_length_1017_cov_14.794118	481	561	2	72	80	0.9000000
NODE_6288_length_1017_cov_14.794118	557	637	0	80	80	1.0000000
NODE_6288_length_1017_cov_14.794118	610	690	0	80	80	1.0000000
NODE_6297_length_1016_cov_22.267176	577	657	6	80	80	1.0000000
NODE_6297_length_1016_cov_22.267176	630	710	0	30	80	0.3750000
NODE_6297_length_1016_cov_22.267176	630	710	6	50	80	0.6250000
NODE_6298_length_1016_cov_21.134133	625	705	14	11	80	0.1375000
NODE_6298_length_1016_cov_21.134133	625	705	19	6	80	0.0750000
NODE_6298_length_1016_cov_21.134133	625	705	21	63	80	0.7875000
NODE_6298_length_1016_cov_21.134133	678	758	7	9	80	0.1125000
NODE_6298_length_1016_cov_21.134133	678	758	8	12	80	0.1500000
NODE_6298_length_1016_cov_21.134133	678	758	13	6	80	0.0750000
NODE_6298_length_1016_cov_21.134133	678	758	19	32	80	0.4000000
NODE_6298_length_1016_cov_21.134133	678	758	21	21	80	0.2625000
NODE_6299_length_1016_cov_20.392585	504	584	0	16	80	0.2000000
NODE_6299_length_1016_cov_20.392585	504	584	5	56	80	0.7000000
NODE_6299_length_1016_cov_20.392585	504	584	9	8	80	0.1000000
NODE_6299_length_1016_cov_20.392585	557	637	5	19	80	0.2375000
NODE_6299_length_1016_cov_20.392585	557	637	8	15	80	0.1875000
NODE_6299_length_1016_cov_20.392585	557	637	9	16	80	0.2000000
NODE_6299_length_1016_cov_20.392585	557	637	13	30	80	0.3750000
NODE_6299_length_1016_cov_20.392585	633	713	7	3	80	0.0375000
NODE_6299_length_1016_cov_20.392585	633	713	8	77	80	0.9625000
NODE_6299_length_1016_cov_20.392585	686	766	0	24	80	0.3000000
NODE_6299_length_1016_cov_20.392585	686	766	2	1	80	0.0125000
NODE_6299_length_1016_cov_20.392585	686	766	3	1	80	0.0125000
NODE_6299_length_1016_cov_20.392585	686	766	4	14	80	0.1750000
NODE_6299_length_1016_cov_20.392585	686	766	6	1	80	0.0125000
NODE_6299_length_1016_cov_20.392585	686	766	7	15	80	0.1875000
NODE_6299_length_1016_cov_20.392585	686	766	8	24	80	0.3000000
NODE_6300_length_1016_cov_16.917121	524	604	6	17	80	0.2125000
NODE_6300_length_1016_cov_16.917121	524	604	8	7	80	0.0875000
NODE_6300_length_1016_cov_16.917121	524	604	10	8	80	0.1000000
NODE_6300_length_1016_cov_16.917121	524	604	14	4	80	0.0500000
NODE_6300_length_1016_cov_16.917121	524	604	16	44	80	0.5500000
NODE_6300_length_1016_cov_16.917121	577	657	8	5	80	0.0625000
NODE_6300_length_1016_cov_16.917121	577	657	10	15	80	0.1875000
NODE_6300_length_1016_cov_16.917121	577	657	12	19	80	0.2375000
NODE_6300_length_1016_cov_16.917121	577	657	14	11	80	0.1375000
NODE_6300_length_1016_cov_16.917121	577	657	16	30	80	0.3750000
NODE_6301_length_1016_cov_8.243184	438	518	0	80	80	1.0000000
NODE_6301_length_1016_cov_8.243184	491	571	0	80	80	1.0000000
NODE_6301_length_1016_cov_8.243184	567	647	0	27	80	0.3375000
NODE_6301_length_1016_cov_8.243184	567	647	4	53	80	0.6625000
NODE_6301_length_1016_cov_8.243184	620	700	0	19	80	0.2375000
NODE_6301_length_1016_cov_8.243184	620	700	4	61	80	0.7625000
NODE_6302_length_1016_cov_8.141767	166	256	14	1	90	0.0111111
NODE_6302_length_1016_cov_8.141767	166	256	30	14	90	0.1555556
NODE_6302_length_1016_cov_8.141767	166	256	32	6	90	0.0666667
NODE_6302_length_1016_cov_8.141767	166	256	34	69	90	0.7666667
NODE_6303_length_1016_cov_7.466739	576	656	0	37	80	0.4625000
NODE_6303_length_1016_cov_7.466739	576	656	1	3	80	0.0375000
NODE_6303_length_1016_cov_7.466739	576	656	2	40	80	0.5000000
NODE_6303_length_1016_cov_7.466739	629	709	0	80	80	1.0000000
NODE_6318_length_1015_cov_24.680131	459	539	0	15	80	0.1875000
NODE_6318_length_1015_cov_24.680131	459	539	4	20	80	0.2500000
NODE_6318_length_1015_cov_24.680131	459	539	6	13	80	0.1625000
NODE_6318_length_1015_cov_24.680131	459	539	14	32	80	0.4000000
NODE_6318_length_1015_cov_24.680131	512	592	12	6	80	0.0750000
NODE_6318_length_1015_cov_24.680131	512	592	14	58	80	0.7250000
NODE_6318_length_1015_cov_24.680131	512	592	16	16	80	0.2000000
NODE_6318_length_1015_cov_24.680131	588	668	6	15	80	0.1875000
NODE_6318_length_1015_cov_24.680131	588	668	10	1	80	0.0125000
NODE_6318_length_1015_cov_24.680131	588	668	11	1	80	0.0125000
NODE_6318_length_1015_cov_24.680131	588	668	12	27	80	0.3375000
NODE_6318_length_1015_cov_24.680131	588	668	14	36	80	0.4500000
NODE_6318_length_1015_cov_24.680131	641	721	2	1	80	0.0125000
NODE_6318_length_1015_cov_24.680131	641	721	4	10	80	0.1250000
NODE_6318_length_1015_cov_24.680131	641	721	6	57	80	0.7125000
NODE_6318_length_1015_cov_24.680131	641	721	14	12	80	0.1500000
NODE_6319_length_1015_cov_23.198690	407	487	2	11	80	0.1375000
NODE_6319_length_1015_cov_23.198690	407	487	4	64	80	0.8000000
NODE_6319_length_1015_cov_23.198690	407	487	6	5	80	0.0625000
NODE_6319_length_1015_cov_23.198690	460	540	0	11	80	0.1375000
NODE_6319_length_1015_cov_23.198690	460	540	2	10	80	0.1250000
NODE_6319_length_1015_cov_23.198690	460	540	4	54	80	0.6750000
NODE_6319_length_1015_cov_23.198690	460	540	6	5	80	0.0625000
NODE_6319_length_1015_cov_23.198690	536	616	0	49	80	0.6125000
NODE_6319_length_1015_cov_23.198690	536	616	1	21	80	0.2625000
NODE_6319_length_1015_cov_23.198690	536	616	2	10	80	0.1250000
NODE_6319_length_1015_cov_23.198690	589	669	1	17	80	0.2125000
NODE_6319_length_1015_cov_23.198690	589	669	2	13	80	0.1625000
NODE_6319_length_1015_cov_23.198690	589	669	4	50	80	0.6250000
NODE_6320_length_1015_cov_22.544760	490	570	2	5	80	0.0625000
NODE_6320_length_1015_cov_22.544760	490	570	4	3	80	0.0375000
NODE_6320_length_1015_cov_22.544760	490	570	6	7	80	0.0875000
NODE_6320_length_1015_cov_22.544760	490	570	8	13	80	0.1625000
NODE_6320_length_1015_cov_22.544760	490	570	10	12	80	0.1500000
NODE_6320_length_1015_cov_22.544760	490	570	12	40	80	0.5000000
NODE_6320_length_1015_cov_22.544760	543	623	8	24	80	0.3000000
NODE_6320_length_1015_cov_22.544760	543	623	10	34	80	0.4250000
NODE_6320_length_1015_cov_22.544760	543	623	12	22	80	0.2750000
NODE_6321_length_1015_cov_17.994541	510	590	0	34	80	0.4250000
NODE_6321_length_1015_cov_17.994541	510	590	2	33	80	0.4125000
NODE_6321_length_1015_cov_17.994541	510	590	6	13	80	0.1625000
NODE_6321_length_1015_cov_17.994541	563	643	0	1	80	0.0125000
NODE_6321_length_1015_cov_17.994541	563	643	2	14	80	0.1750000
NODE_6321_length_1015_cov_17.994541	563	643	4	20	80	0.2500000
NODE_6321_length_1015_cov_17.994541	563	643	6	45	80	0.5625000
NODE_6322_length_1015_cov_16.594978	437	517	4	4	80	0.0500000
NODE_6322_length_1015_cov_16.594978	437	517	6	6	80	0.0750000
NODE_6322_length_1015_cov_16.594978	437	517	8	13	80	0.1625000
NODE_6322_length_1015_cov_16.594978	437	517	10	57	80	0.7125000
NODE_6322_length_1015_cov_16.594978	490	570	0	13	80	0.1625000
NODE_6322_length_1015_cov_16.594978	490	570	2	15	80	0.1875000
NODE_6322_length_1015_cov_16.594978	490	570	6	20	80	0.2500000
NODE_6322_length_1015_cov_16.594978	490	570	8	8	80	0.1000000
NODE_6322_length_1015_cov_16.594978	490	570	10	24	80	0.3000000
NODE_6323_length_1015_cov_14.000000	505	585	0	1	80	0.0125000
NODE_6323_length_1015_cov_14.000000	505	585	2	69	80	0.8625000
NODE_6323_length_1015_cov_14.000000	505	585	4	10	80	0.1250000
NODE_6323_length_1015_cov_14.000000	558	638	2	60	80	0.7500000
NODE_6323_length_1015_cov_14.000000	558	638	4	20	80	0.2500000
NODE_6324_length_1015_cov_9.978166	345	425	10	1	80	0.0125000
NODE_6324_length_1015_cov_9.978166	345	425	12	79	80	0.9875000
NODE_6324_length_1015_cov_9.978166	398	478	0	37	80	0.4625000
NODE_6324_length_1015_cov_9.978166	398	478	10	2	80	0.0250000
NODE_6324_length_1015_cov_9.978166	398	478	12	41	80	0.5125000
NODE_6325_length_1015_cov_6.844978	393	473	0	27	80	0.3375000
NODE_6325_length_1015_cov_6.844978	393	473	2	53	80	0.6625000
NODE_6325_length_1015_cov_6.844978	446	526	0	4	80	0.0500000
NODE_6325_length_1015_cov_6.844978	446	526	2	76	80	0.9500000
NODE_6337_length_1014_cov_95.709290	259	335	0	21	76	0.2763158
NODE_6337_length_1014_cov_95.709290	259	335	6	55	76	0.7236842
NODE_6337_length_1014_cov_95.709290	310	390	6	30	80	0.3750000
NODE_6337_length_1014_cov_95.709290	310	390	7	1	80	0.0125000
NODE_6337_length_1014_cov_95.709290	310	390	8	49	80	0.6125000
NODE_6337_length_1014_cov_95.709290	386	466	4	65	80	0.8125000
NODE_6337_length_1014_cov_95.709290	386	466	8	4	80	0.0500000
NODE_6337_length_1014_cov_95.709290	386	466	10	11	80	0.1375000
NODE_6337_length_1014_cov_95.709290	439	519	2	29	80	0.3625000
NODE_6337_length_1014_cov_95.709290	439	519	4	51	80	0.6375000
NODE_6338_length_1014_cov_67.918033	182	262	14	19	80	0.2375000
NODE_6338_length_1014_cov_67.918033	182	262	16	24	80	0.3000000
NODE_6338_length_1014_cov_67.918033	182	262	20	32	80	0.4000000
NODE_6338_length_1014_cov_67.918033	182	262	24	5	80	0.0625000
NODE_6338_length_1014_cov_67.918033	235	315	14	5	80	0.0625000
NODE_6338_length_1014_cov_67.918033	235	315	18	18	80	0.2250000
NODE_6338_length_1014_cov_67.918033	235	315	19	1	80	0.0125000
NODE_6338_length_1014_cov_67.918033	235	315	20	56	80	0.7000000
NODE_6338_length_1014_cov_67.918033	311	391	4	20	80	0.2500000
NODE_6338_length_1014_cov_67.918033	311	391	10	43	80	0.5375000
NODE_6338_length_1014_cov_67.918033	311	391	12	12	80	0.1500000
NODE_6338_length_1014_cov_67.918033	311	391	14	5	80	0.0625000
NODE_6338_length_1014_cov_67.918033	364	444	2	1	80	0.0125000
NODE_6338_length_1014_cov_67.918033	364	444	4	72	80	0.9000000
NODE_6338_length_1014_cov_67.918033	364	444	12	7	80	0.0875000
NODE_6339_length_1014_cov_44.802186	418	498	2	63	80	0.7875000
NODE_6339_length_1014_cov_44.802186	418	498	4	17	80	0.2125000
NODE_6339_length_1014_cov_44.802186	471	551	2	47	80	0.5875000
NODE_6339_length_1014_cov_44.802186	471	551	4	33	80	0.4125000
NODE_6340_length_1014_cov_36.349727	369	449	0	34	80	0.4250000
NODE_6340_length_1014_cov_36.349727	369	449	1	46	80	0.5750000
NODE_6340_length_1014_cov_36.349727	422	502	1	40	80	0.5000000
NODE_6340_length_1014_cov_36.349727	422	502	2	15	80	0.1875000
NODE_6340_length_1014_cov_36.349727	422	502	6	22	80	0.2750000
NODE_6340_length_1014_cov_36.349727	422	502	8	3	80	0.0375000
NODE_6340_length_1014_cov_36.349727	498	578	6	1	80	0.0125000
NODE_6340_length_1014_cov_36.349727	498	578	7	25	80	0.3125000
NODE_6340_length_1014_cov_36.349727	498	578	8	54	80	0.6750000
NODE_6340_length_1014_cov_36.349727	551	631	0	14	80	0.1750000
NODE_6340_length_1014_cov_36.349727	551	631	4	5	80	0.0625000
NODE_6340_length_1014_cov_36.349727	551	631	5	7	80	0.0875000
NODE_6340_length_1014_cov_36.349727	551	631	7	52	80	0.6500000
NODE_6340_length_1014_cov_36.349727	551	631	8	2	80	0.0250000
NODE_6341_length_1014_cov_35.547541	363	441	0	78	78	1.0000000
NODE_6341_length_1014_cov_35.547541	416	494	0	78	78	1.0000000
NODE_6342_length_1014_cov_32.266667	428	508	0	80	80	1.0000000
NODE_6342_length_1014_cov_32.266667	481	561	0	80	80	1.0000000
NODE_6343_length_1014_cov_28.493989	480	560	4	2	80	0.0250000
NODE_6343_length_1014_cov_28.493989	480	560	6	78	80	0.9750000
NODE_6343_length_1014_cov_28.493989	533	613	2	39	80	0.4875000
NODE_6343_length_1014_cov_28.493989	533	613	3	5	80	0.0625000
NODE_6343_length_1014_cov_28.493989	533	613	4	11	80	0.1375000
NODE_6343_length_1014_cov_28.493989	533	613	6	25	80	0.3125000
NODE_6343_length_1014_cov_28.493989	609	689	2	80	80	1.0000000
NODE_6343_length_1014_cov_28.493989	662	742	0	37	80	0.4625000
NODE_6343_length_1014_cov_28.493989	662	742	2	43	80	0.5375000
NODE_6344_length_1014_cov_25.171585	500	580	10	28	80	0.3500000
NODE_6344_length_1014_cov_25.171585	500	580	12	13	80	0.1625000
NODE_6344_length_1014_cov_25.171585	500	580	14	39	80	0.4875000
NODE_6344_length_1014_cov_25.171585	553	633	0	37	80	0.4625000
NODE_6344_length_1014_cov_25.171585	553	633	2	4	80	0.0500000
NODE_6344_length_1014_cov_25.171585	553	633	6	8	80	0.1000000
NODE_6344_length_1014_cov_25.171585	553	633	10	31	80	0.3875000
NODE_6345_length_1014_cov_22.437158	534	614	0	9	80	0.1125000
NODE_6345_length_1014_cov_22.437158	534	614	2	71	80	0.8875000
NODE_6345_length_1014_cov_22.437158	587	667	0	30	80	0.3750000
NODE_6345_length_1014_cov_22.437158	587	667	2	50	80	0.6250000
NODE_6346_length_1014_cov_19.238251	379	459	0	7	80	0.0875000
NODE_6346_length_1014_cov_19.238251	379	459	2	25	80	0.3125000
NODE_6346_length_1014_cov_19.238251	379	459	4	48	80	0.6000000
NODE_6346_length_1014_cov_19.238251	432	512	0	18	80	0.2250000
NODE_6346_length_1014_cov_19.238251	432	512	2	62	80	0.7750000
NODE_6346_length_1014_cov_19.238251	508	585	2	77	77	1.0000000
NODE_6346_length_1014_cov_19.238251	558	638	0	31	80	0.3875000
NODE_6346_length_1014_cov_19.238251	558	638	2	49	80	0.6125000
NODE_6347_length_1014_cov_15.926776	594	674	2	35	80	0.4375000
NODE_6347_length_1014_cov_15.926776	594	674	6	21	80	0.2625000
NODE_6347_length_1014_cov_15.926776	594	674	8	24	80	0.3000000
NODE_6347_length_1014_cov_15.926776	647	727	2	2	80	0.0250000
NODE_6347_length_1014_cov_15.926776	647	727	4	4	80	0.0500000
NODE_6347_length_1014_cov_15.926776	647	727	6	32	80	0.4000000
NODE_6347_length_1014_cov_15.926776	647	727	8	42	80	0.5250000
NODE_6348_length_1014_cov_8.691803	285	365	4	57	80	0.7125000
NODE_6348_length_1014_cov_8.691803	285	365	6	2	80	0.0250000
NODE_6348_length_1014_cov_8.691803	285	365	12	21	80	0.2625000
NODE_6348_length_1014_cov_8.691803	338	418	4	4	80	0.0500000
NODE_6348_length_1014_cov_8.691803	338	418	6	2	80	0.0250000
NODE_6348_length_1014_cov_8.691803	338	418	8	34	80	0.4250000
NODE_6348_length_1014_cov_8.691803	338	418	10	1	80	0.0125000
NODE_6348_length_1014_cov_8.691803	338	418	11	12	80	0.1500000
NODE_6348_length_1014_cov_8.691803	338	418	12	27	80	0.3375000
NODE_6349_length_1014_cov_7.959563	531	611	2	80	80	1.0000000
NODE_6349_length_1014_cov_7.959563	584	664	0	38	80	0.4750000
NODE_6349_length_1014_cov_7.959563	584	664	2	42	80	0.5250000
NODE_6351_length_1014_cov_7.608743	298	378	2	11	80	0.1375000
NODE_6351_length_1014_cov_7.608743	298	378	10	69	80	0.8625000
NODE_6351_length_1014_cov_7.608743	351	431	8	50	80	0.6250000
NODE_6351_length_1014_cov_7.608743	351	431	10	30	80	0.3750000
NODE_6352_length_1014_cov_6.209836	321	401	0	26	80	0.3250000
NODE_6352_length_1014_cov_6.209836	321	401	2	54	80	0.6750000
NODE_6352_length_1014_cov_6.209836	374	454	2	60	80	0.7500000
NODE_6352_length_1014_cov_6.209836	374	454	4	20	80	0.2500000
NODE_6364_length_1013_cov_32.695842	423	503	0	80	80	1.0000000
NODE_6364_length_1013_cov_32.695842	476	556	0	80	80	1.0000000
NODE_6364_length_1013_cov_32.695842	552	632	0	46	80	0.5750000
NODE_6364_length_1013_cov_32.695842	552	632	2	34	80	0.4250000
NODE_6364_length_1013_cov_32.695842	605	685	2	80	80	1.0000000
NODE_6365_length_1013_cov_21.935449	424	503	0	79	79	1.0000000
NODE_6365_length_1013_cov_21.935449	476	556	0	80	80	1.0000000
NODE_6366_length_1013_cov_17.532823	440	520	0	35	80	0.4375000
NODE_6366_length_1013_cov_17.532823	440	520	8	9	80	0.1125000
NODE_6366_length_1013_cov_17.532823	440	520	10	36	80	0.4500000
NODE_6366_length_1013_cov_17.532823	493	573	10	80	80	1.0000000
NODE_6367_length_1013_cov_14.555799	478	558	8	38	80	0.4750000
NODE_6367_length_1013_cov_14.555799	478	558	10	38	80	0.4750000
NODE_6367_length_1013_cov_14.555799	478	558	12	1	80	0.0125000
NODE_6367_length_1013_cov_14.555799	478	558	14	3	80	0.0375000
NODE_6367_length_1013_cov_14.555799	531	611	10	54	80	0.6750000
NODE_6367_length_1013_cov_14.555799	531	611	12	23	80	0.2875000
NODE_6367_length_1013_cov_14.555799	531	611	14	3	80	0.0375000
NODE_6368_length_1013_cov_13.142232	476	556	0	1	80	0.0125000
NODE_6368_length_1013_cov_13.142232	476	556	8	17	80	0.2125000
NODE_6368_length_1013_cov_13.142232	476	556	10	62	80	0.7750000
NODE_6368_length_1013_cov_13.142232	529	609	8	21	80	0.2625000
NODE_6368_length_1013_cov_13.142232	529	609	10	59	80	0.7375000
NODE_6369_length_1013_cov_7.756018	538	618	0	24	80	0.3000000
NODE_6369_length_1013_cov_7.756018	538	618	4	56	80	0.7000000
NODE_6369_length_1013_cov_7.756018	591	671	0	77	80	0.9625000
NODE_6369_length_1013_cov_7.756018	591	671	4	3	80	0.0375000
NODE_6371_length_1013_cov_4.368709	550	630	0	80	80	1.0000000
NODE_6371_length_1013_cov_4.368709	603	683	0	80	80	1.0000000
NODE_6380_length_1012_cov_91.547645	378	458	0	80	80	1.0000000
NODE_6380_length_1012_cov_91.547645	431	511	0	80	80	1.0000000
NODE_6380_length_1012_cov_91.547645	507	587	0	19	80	0.2375000
NODE_6380_length_1012_cov_91.547645	507	587	2	18	80	0.2250000
NODE_6380_length_1012_cov_91.547645	507	587	4	43	80	0.5375000
NODE_6380_length_1012_cov_91.547645	560	640	0	14	80	0.1750000
NODE_6380_length_1012_cov_91.547645	560	640	2	14	80	0.1750000
NODE_6380_length_1012_cov_91.547645	560	640	4	52	80	0.6500000
NODE_6381_length_1012_cov_64.409639	345	425	0	35	80	0.4375000
NODE_6381_length_1012_cov_64.409639	345	425	4	8	80	0.1000000
NODE_6381_length_1012_cov_64.409639	345	425	5	3	80	0.0375000
NODE_6381_length_1012_cov_64.409639	345	425	6	3	80	0.0375000
NODE_6381_length_1012_cov_64.409639	345	425	7	5	80	0.0625000
NODE_6381_length_1012_cov_64.409639	345	425	8	26	80	0.3250000
NODE_6381_length_1012_cov_64.409639	398	478	4	5	80	0.0625000
NODE_6381_length_1012_cov_64.409639	398	478	7	1	80	0.0125000
NODE_6381_length_1012_cov_64.409639	398	478	8	74	80	0.9250000
NODE_6382_length_1012_cov_63.035049	438	518	0	36	80	0.4500000
NODE_6382_length_1012_cov_63.035049	438	518	2	6	80	0.0750000
NODE_6382_length_1012_cov_63.035049	438	518	3	1	80	0.0125000
NODE_6382_length_1012_cov_63.035049	438	518	4	3	80	0.0375000
NODE_6382_length_1012_cov_63.035049	438	518	10	8	80	0.1000000
NODE_6382_length_1012_cov_63.035049	438	518	14	21	80	0.2625000
NODE_6382_length_1012_cov_63.035049	438	518	16	5	80	0.0625000
NODE_6382_length_1012_cov_63.035049	491	571	10	1	80	0.0125000
NODE_6382_length_1012_cov_63.035049	491	571	14	21	80	0.2625000
NODE_6382_length_1012_cov_63.035049	491	571	16	58	80	0.7250000
NODE_6383_length_1012_cov_53.686747	276	356	0	80	80	1.0000000
NODE_6383_length_1012_cov_53.686747	329	409	0	80	80	1.0000000
NODE_6383_length_1012_cov_53.686747	405	485	0	68	80	0.8500000
NODE_6383_length_1012_cov_53.686747	405	485	2	12	80	0.1500000
NODE_6383_length_1012_cov_53.686747	458	538	0	15	80	0.1875000
NODE_6383_length_1012_cov_53.686747	458	538	2	21	80	0.2625000
NODE_6383_length_1012_cov_53.686747	458	538	6	44	80	0.5500000
NODE_6384_length_1012_cov_35.861993	453	533	2	80	80	1.0000000
NODE_6384_length_1012_cov_35.861993	506	581	0	45	75	0.6000000
NODE_6384_length_1012_cov_35.861993	506	581	2	30	75	0.4000000
NODE_6385_length_1012_cov_16.125958	510	590	2	80	80	1.0000000
NODE_6385_length_1012_cov_16.125958	563	643	0	33	80	0.4125000
NODE_6385_length_1012_cov_16.125958	563	643	2	47	80	0.5875000
NODE_6386_length_1012_cov_15.395400	501	581	0	33	80	0.4125000
NODE_6386_length_1012_cov_15.395400	501	581	2	47	80	0.5875000
NODE_6386_length_1012_cov_15.395400	554	634	0	38	80	0.4750000
NODE_6386_length_1012_cov_15.395400	554	634	2	42	80	0.5250000
NODE_6388_length_1012_cov_6.409639	528	608	4	9	80	0.1125000
NODE_6388_length_1012_cov_6.409639	528	608	6	71	80	0.8875000
NODE_6388_length_1012_cov_6.409639	581	661	0	28	80	0.3500000
NODE_6388_length_1012_cov_6.409639	581	661	4	34	80	0.4250000
NODE_6388_length_1012_cov_6.409639	581	661	6	18	80	0.2250000
NODE_6398_length_1011_cov_53.032895	515	595	4	40	80	0.5000000
NODE_6398_length_1011_cov_53.032895	515	595	8	39	80	0.4875000
NODE_6398_length_1011_cov_53.032895	515	595	10	1	80	0.0125000
NODE_6398_length_1011_cov_53.032895	568	648	7	19	80	0.2375000
NODE_6398_length_1011_cov_53.032895	568	648	8	28	80	0.3500000
NODE_6398_length_1011_cov_53.032895	568	648	10	14	80	0.1750000
NODE_6398_length_1011_cov_53.032895	568	648	11	19	80	0.2375000
NODE_6399_length_1011_cov_25.838816	366	446	10	37	80	0.4625000
NODE_6399_length_1011_cov_25.838816	366	446	12	43	80	0.5375000
NODE_6399_length_1011_cov_25.838816	419	499	0	21	80	0.2625000
NODE_6399_length_1011_cov_25.838816	419	499	2	8	80	0.1000000
NODE_6399_length_1011_cov_25.838816	419	499	6	19	80	0.2375000
NODE_6399_length_1011_cov_25.838816	419	499	8	4	80	0.0500000
NODE_6399_length_1011_cov_25.838816	419	499	12	28	80	0.3500000
NODE_6400_length_1011_cov_22.734649	426	506	0	1	80	0.0125000
NODE_6400_length_1011_cov_22.734649	426	506	2	38	80	0.4750000
NODE_6400_length_1011_cov_22.734649	426	506	4	41	80	0.5125000
NODE_6400_length_1011_cov_22.734649	479	559	0	42	80	0.5250000
NODE_6400_length_1011_cov_22.734649	479	559	2	26	80	0.3250000
NODE_6400_length_1011_cov_22.734649	479	559	4	12	80	0.1500000
NODE_6400_length_1011_cov_22.734649	555	636	2	6	81	0.0740741
NODE_6400_length_1011_cov_22.734649	555	636	4	48	81	0.5925926
NODE_6400_length_1011_cov_22.734649	555	636	5	1	81	0.0123457
NODE_6400_length_1011_cov_22.734649	555	636	6	26	81	0.3209876
NODE_6400_length_1011_cov_22.734649	609	689	2	12	80	0.1500000
NODE_6400_length_1011_cov_22.734649	609	689	4	47	80	0.5875000
NODE_6400_length_1011_cov_22.734649	609	689	5	1	80	0.0125000
NODE_6400_length_1011_cov_22.734649	609	689	6	20	80	0.2500000
NODE_6401_length_1011_cov_18.127193	389	469	0	31	80	0.3875000
NODE_6401_length_1011_cov_18.127193	389	469	2	34	80	0.4250000
NODE_6401_length_1011_cov_18.127193	389	469	6	15	80	0.1875000
NODE_6401_length_1011_cov_18.127193	442	520	2	12	78	0.1538462
NODE_6401_length_1011_cov_18.127193	442	520	6	66	78	0.8461539
NODE_6401_length_1011_cov_18.127193	516	596	0	5	80	0.0625000
NODE_6401_length_1011_cov_18.127193	516	596	2	23	80	0.2875000
NODE_6401_length_1011_cov_18.127193	516	596	4	30	80	0.3750000
NODE_6401_length_1011_cov_18.127193	516	596	6	22	80	0.2750000
NODE_6401_length_1011_cov_18.127193	569	649	0	58	80	0.7250000
NODE_6401_length_1011_cov_18.127193	569	649	2	22	80	0.2750000
NODE_6402_length_1011_cov_12.709430	309	389	0	30	80	0.3750000
NODE_6402_length_1011_cov_12.709430	309	389	4	50	80	0.6250000
NODE_6402_length_1011_cov_12.709430	362	442	3	48	80	0.6000000
NODE_6402_length_1011_cov_12.709430	362	442	4	32	80	0.4000000
NODE_6403_length_1011_cov_8.731360	441	521	0	80	80	1.0000000
NODE_6403_length_1011_cov_8.731360	494	574	0	80	80	1.0000000
NODE_6405_length_1011_cov_7.212719	219	299	0	15	80	0.1875000
NODE_6405_length_1011_cov_7.212719	219	299	2	65	80	0.8125000
NODE_6408_length_1011_cov_3.569079	173	253	0	27	80	0.3375000
NODE_6408_length_1011_cov_3.569079	173	253	2	53	80	0.6625000
NODE_6408_length_1011_cov_3.569079	226	306	2	80	80	1.0000000
NODE_6409_length_1011_cov_1.703947	779	851	0	13	72	0.1805556
NODE_6409_length_1011_cov_1.703947	779	851	2	59	72	0.8194444
NODE_6416_length_1010_cov_51.841932	335	415	8	24	80	0.3000000
NODE_6416_length_1010_cov_51.841932	335	415	9	1	80	0.0125000
NODE_6416_length_1010_cov_51.841932	335	415	10	28	80	0.3500000
NODE_6416_length_1010_cov_51.841932	335	415	12	27	80	0.3375000
NODE_6416_length_1010_cov_51.841932	388	468	4	31	80	0.3875000
NODE_6416_length_1010_cov_51.841932	388	468	6	1	80	0.0125000
NODE_6416_length_1010_cov_51.841932	388	468	8	33	80	0.4125000
NODE_6416_length_1010_cov_51.841932	388	468	9	1	80	0.0125000
NODE_6416_length_1010_cov_51.841932	388	468	10	14	80	0.1750000
NODE_6417_length_1010_cov_35.860593	576	656	2	12	80	0.1500000
NODE_6417_length_1010_cov_35.860593	576	656	4	34	80	0.4250000
NODE_6417_length_1010_cov_35.860593	576	656	6	34	80	0.4250000
NODE_6417_length_1010_cov_35.860593	629	709	2	65	80	0.8125000
NODE_6417_length_1010_cov_35.860593	629	709	6	15	80	0.1875000
NODE_6418_length_1010_cov_30.043908	509	589	0	80	80	1.0000000
NODE_6418_length_1010_cov_30.043908	562	642	0	80	80	1.0000000
NODE_6418_length_1010_cov_30.043908	638	718	0	80	80	1.0000000
NODE_6418_length_1010_cov_30.043908	691	771	0	80	80	1.0000000
NODE_6420_length_1010_cov_15.156970	364	444	2	4	80	0.0500000
NODE_6420_length_1010_cov_15.156970	364	444	12	44	80	0.5500000
NODE_6420_length_1010_cov_15.156970	364	444	14	32	80	0.4000000
NODE_6420_length_1010_cov_15.156970	417	497	2	2	80	0.0250000
NODE_6420_length_1010_cov_15.156970	417	497	4	7	80	0.0875000
NODE_6420_length_1010_cov_15.156970	417	497	12	12	80	0.1500000
NODE_6420_length_1010_cov_15.156970	417	497	14	59	80	0.7375000
NODE_6421_length_1010_cov_13.546652	385	465	0	80	80	1.0000000
NODE_6421_length_1010_cov_13.546652	438	518	0	80	80	1.0000000
NODE_6422_length_1010_cov_13.317234	480	560	4	8	80	0.1000000
NODE_6422_length_1010_cov_13.317234	480	560	8	72	80	0.9000000
NODE_6422_length_1010_cov_13.317234	533	613	6	6	80	0.0750000
NODE_6422_length_1010_cov_13.317234	533	613	8	42	80	0.5250000
NODE_6422_length_1010_cov_13.317234	533	613	10	32	80	0.4000000
NODE_6423_length_1010_cov_12.900110	427	507	2	34	80	0.4250000
NODE_6423_length_1010_cov_12.900110	427	507	3	24	80	0.3000000
NODE_6423_length_1010_cov_12.900110	427	507	4	22	80	0.2750000
NODE_6423_length_1010_cov_12.900110	480	560	2	4	80	0.0500000
NODE_6423_length_1010_cov_12.900110	480	560	3	73	80	0.9125000
NODE_6423_length_1010_cov_12.900110	480	560	4	3	80	0.0375000
NODE_6424_length_1010_cov_11.423710	631	711	0	80	80	1.0000000
NODE_6424_length_1010_cov_11.423710	684	764	0	80	80	1.0000000
NODE_6425_length_1010_cov_11.256861	492	572	0	6	80	0.0750000
NODE_6425_length_1010_cov_11.256861	492	572	2	74	80	0.9250000
NODE_6425_length_1010_cov_11.256861	545	625	0	9	80	0.1125000
NODE_6425_length_1010_cov_11.256861	545	625	2	71	80	0.8875000
NODE_6426_length_1010_cov_11.000000	455	535	0	25	80	0.3125000
NODE_6426_length_1010_cov_11.000000	455	535	2	55	80	0.6875000
NODE_6426_length_1010_cov_11.000000	508	588	0	27	80	0.3375000
NODE_6426_length_1010_cov_11.000000	508	588	2	53	80	0.6625000
NODE_6428_length_1010_cov_4.990121	476	556	0	80	80	1.0000000
NODE_6428_length_1010_cov_4.990121	529	609	0	80	80	1.0000000
NODE_6430_length_1010_cov_4.892426	476	556	2	18	80	0.2250000
NODE_6430_length_1010_cov_4.892426	476	556	4	21	80	0.2625000
NODE_6430_length_1010_cov_4.892426	476	556	6	41	80	0.5125000
NODE_6430_length_1010_cov_4.892426	529	609	2	71	80	0.8875000
NODE_6430_length_1010_cov_4.892426	529	609	4	9	80	0.1125000
NODE_6431_length_1010_cov_3.624588	157	196	0	39	39	1.0000000
NODE_6435_length_1010_cov_1.440176	1	58	0	57	57	1.0000000
NODE_6436_length_1009_cov_44.626374	288	362	0	56	74	0.7567568
NODE_6436_length_1009_cov_44.626374	288	362	2	18	74	0.2432432
NODE_6436_length_1009_cov_44.626374	335	415	0	9	80	0.1125000
NODE_6436_length_1009_cov_44.626374	335	415	2	71	80	0.8875000
NODE_6436_length_1009_cov_44.626374	411	491	0	52	80	0.6500000
NODE_6436_length_1009_cov_44.626374	411	491	2	28	80	0.3500000
NODE_6436_length_1009_cov_44.626374	464	544	0	80	80	1.0000000
NODE_6437_length_1009_cov_31.828571	412	492	6	8	80	0.1000000
NODE_6437_length_1009_cov_31.828571	412	492	12	72	80	0.9000000
NODE_6437_length_1009_cov_31.828571	465	545	0	2	80	0.0250000
NODE_6437_length_1009_cov_31.828571	465	545	1	2	80	0.0250000
NODE_6437_length_1009_cov_31.828571	465	545	2	39	80	0.4875000
NODE_6437_length_1009_cov_31.828571	465	545	8	5	80	0.0625000
NODE_6437_length_1009_cov_31.828571	465	545	12	32	80	0.4000000
NODE_6438_length_1009_cov_28.539560	571	651	13	5	80	0.0625000
NODE_6438_length_1009_cov_28.539560	571	651	14	20	80	0.2500000
NODE_6438_length_1009_cov_28.539560	571	651	15	52	80	0.6500000
NODE_6438_length_1009_cov_28.539560	571	651	16	3	80	0.0375000
NODE_6438_length_1009_cov_28.539560	624	704	0	10	80	0.1250000
NODE_6438_length_1009_cov_28.539560	624	704	2	8	80	0.1000000
NODE_6438_length_1009_cov_28.539560	624	704	8	8	80	0.1000000
NODE_6438_length_1009_cov_28.539560	624	704	14	47	80	0.5875000
NODE_6438_length_1009_cov_28.539560	624	704	15	4	80	0.0500000
NODE_6438_length_1009_cov_28.539560	624	704	16	3	80	0.0375000
NODE_6439_length_1009_cov_20.281319	577	657	0	2	80	0.0250000
NODE_6439_length_1009_cov_20.281319	577	657	2	2	80	0.0250000
NODE_6439_length_1009_cov_20.281319	577	657	4	76	80	0.9500000
NODE_6439_length_1009_cov_20.281319	630	710	0	55	80	0.6875000
NODE_6439_length_1009_cov_20.281319	630	710	2	2	80	0.0250000
NODE_6439_length_1009_cov_20.281319	630	710	4	23	80	0.2875000
NODE_6440_length_1009_cov_18.649451	430	510	5	3	80	0.0375000
NODE_6440_length_1009_cov_18.649451	430	510	7	15	80	0.1875000
NODE_6440_length_1009_cov_18.649451	430	510	13	21	80	0.2625000
NODE_6440_length_1009_cov_18.649451	430	510	14	3	80	0.0375000
NODE_6440_length_1009_cov_18.649451	430	510	15	36	80	0.4500000
NODE_6440_length_1009_cov_18.649451	430	510	17	2	80	0.0250000
NODE_6440_length_1009_cov_18.649451	483	563	3	4	80	0.0500000
NODE_6440_length_1009_cov_18.649451	483	563	5	52	80	0.6500000
NODE_6440_length_1009_cov_18.649451	483	563	7	15	80	0.1875000
NODE_6440_length_1009_cov_18.649451	483	563	15	7	80	0.0875000
NODE_6440_length_1009_cov_18.649451	483	563	17	2	80	0.0250000
NODE_6442_length_1009_cov_3.767033	647	727	0	3	80	0.0375000
NODE_6442_length_1009_cov_3.767033	647	727	2	11	80	0.1375000
NODE_6442_length_1009_cov_3.767033	647	727	4	5	80	0.0625000
NODE_6442_length_1009_cov_3.767033	647	727	6	61	80	0.7625000
NODE_6442_length_1009_cov_3.767033	700	780	4	29	80	0.3625000
NODE_6442_length_1009_cov_3.767033	700	780	6	51	80	0.6375000
NODE_6443_length_1009_cov_2.903297	36	63	0	27	27	1.0000000
NODE_6451_length_1008_cov_44.825083	399	479	0	18	80	0.2250000
NODE_6451_length_1008_cov_44.825083	399	479	4	62	80	0.7750000
NODE_6451_length_1008_cov_44.825083	452	532	0	71	80	0.8875000
NODE_6451_length_1008_cov_44.825083	452	532	4	9	80	0.1125000
NODE_6452_length_1008_cov_41.030803	280	360	0	80	80	1.0000000
NODE_6452_length_1008_cov_41.030803	333	413	0	80	80	1.0000000
NODE_6452_length_1008_cov_41.030803	409	489	0	37	80	0.4625000
NODE_6452_length_1008_cov_41.030803	409	489	2	14	80	0.1750000
NODE_6452_length_1008_cov_41.030803	409	489	4	29	80	0.3625000
NODE_6452_length_1008_cov_41.030803	462	542	2	11	80	0.1375000
NODE_6452_length_1008_cov_41.030803	462	542	4	69	80	0.8625000
NODE_6453_length_1008_cov_39.377338	311	391	6	39	80	0.4875000
NODE_6453_length_1008_cov_39.377338	311	391	10	41	80	0.5125000
NODE_6453_length_1008_cov_39.377338	364	444	4	33	80	0.4125000
NODE_6453_length_1008_cov_39.377338	364	444	10	47	80	0.5875000
NODE_6453_length_1008_cov_39.377338	440	520	4	30	80	0.3750000
NODE_6453_length_1008_cov_39.377338	440	520	6	14	80	0.1750000
NODE_6453_length_1008_cov_39.377338	440	520	7	25	80	0.3125000
NODE_6453_length_1008_cov_39.377338	440	520	8	11	80	0.1375000
NODE_6453_length_1008_cov_39.377338	493	573	2	11	80	0.1375000
NODE_6453_length_1008_cov_39.377338	493	573	6	2	80	0.0250000
NODE_6453_length_1008_cov_39.377338	493	573	7	27	80	0.3375000
NODE_6453_length_1008_cov_39.377338	493	573	8	40	80	0.5000000
NODE_6454_length_1008_cov_27.836084	405	485	6	43	80	0.5375000
NODE_6454_length_1008_cov_27.836084	405	485	8	37	80	0.4625000
NODE_6454_length_1008_cov_27.836084	458	538	0	21	80	0.2625000
NODE_6454_length_1008_cov_27.836084	458	538	2	5	80	0.0625000
NODE_6454_length_1008_cov_27.836084	458	538	6	28	80	0.3500000
NODE_6454_length_1008_cov_27.836084	458	538	8	26	80	0.3250000
NODE_6454_length_1008_cov_27.836084	534	614	0	80	80	1.0000000
NODE_6454_length_1008_cov_27.836084	587	667	0	80	80	1.0000000
NODE_6455_length_1008_cov_24.741474	485	565	0	80	80	1.0000000
NODE_6455_length_1008_cov_24.741474	538	618	0	80	80	1.0000000
NODE_6456_length_1008_cov_20.278328	401	481	14	8	80	0.1000000
NODE_6456_length_1008_cov_20.278328	401	481	15	9	80	0.1125000
NODE_6456_length_1008_cov_20.278328	401	481	16	40	80	0.5000000
NODE_6456_length_1008_cov_20.278328	401	481	18	23	80	0.2875000
NODE_6456_length_1008_cov_20.278328	454	534	2	4	80	0.0500000
NODE_6456_length_1008_cov_20.278328	454	534	9	1	80	0.0125000
NODE_6456_length_1008_cov_20.278328	454	534	11	1	80	0.0125000
NODE_6456_length_1008_cov_20.278328	454	534	12	10	80	0.1250000
NODE_6456_length_1008_cov_20.278328	454	534	14	45	80	0.5625000
NODE_6456_length_1008_cov_20.278328	454	534	18	19	80	0.2375000
NODE_6457_length_1008_cov_6.071507	460	540	6	29	80	0.3625000
NODE_6457_length_1008_cov_6.071507	460	540	10	51	80	0.6375000
NODE_6457_length_1008_cov_6.071507	513	593	4	34	80	0.4250000
NODE_6457_length_1008_cov_6.071507	513	593	10	46	80	0.5750000
NODE_6466_length_1008_cov_1.798680	0	64	0	16	64	0.2500000
NODE_6466_length_1008_cov_1.798680	0	64	2	1	64	0.0156250
NODE_6466_length_1008_cov_1.798680	0	64	4	5	64	0.0781250
NODE_6466_length_1008_cov_1.798680	0	64	6	42	64	0.6562500
NODE_6466_length_1008_cov_1.798680	37	104	4	1	67	0.0149254
NODE_6466_length_1008_cov_1.798680	37	104	6	66	67	0.9850746
NODE_6473_length_1007_cov_27.011013	294	371	8	11	77	0.1428571
NODE_6473_length_1007_cov_27.011013	294	371	10	4	77	0.0519481
NODE_6473_length_1007_cov_27.011013	294	371	12	40	77	0.5194805
NODE_6473_length_1007_cov_27.011013	294	371	14	22	77	0.2857143
NODE_6473_length_1007_cov_27.011013	347	424	2	17	77	0.2207792
NODE_6473_length_1007_cov_27.011013	347	424	4	2	77	0.0259740
NODE_6473_length_1007_cov_27.011013	347	424	6	10	77	0.1298701
NODE_6473_length_1007_cov_27.011013	347	424	8	8	77	0.1038961
NODE_6473_length_1007_cov_27.011013	347	424	12	2	77	0.0259740
NODE_6473_length_1007_cov_27.011013	347	424	14	38	77	0.4935065
NODE_6474_length_1007_cov_24.668502	369	449	6	62	80	0.7750000
NODE_6474_length_1007_cov_24.668502	369	449	8	18	80	0.2250000
NODE_6474_length_1007_cov_24.668502	422	502	4	28	80	0.3500000
NODE_6474_length_1007_cov_24.668502	422	502	6	52	80	0.6500000
NODE_6474_length_1007_cov_24.668502	498	578	0	65	80	0.8125000
NODE_6474_length_1007_cov_24.668502	498	578	4	15	80	0.1875000
NODE_6474_length_1007_cov_24.668502	551	631	0	80	80	1.0000000
NODE_6475_length_1007_cov_21.729075	454	534	2	30	80	0.3750000
NODE_6475_length_1007_cov_21.729075	454	534	4	21	80	0.2625000
NODE_6475_length_1007_cov_21.729075	454	534	6	29	80	0.3625000
NODE_6475_length_1007_cov_21.729075	507	587	2	11	80	0.1375000
NODE_6475_length_1007_cov_21.729075	507	587	4	57	80	0.7125000
NODE_6475_length_1007_cov_21.729075	507	587	6	12	80	0.1500000
NODE_6475_length_1007_cov_21.729075	583	663	0	37	80	0.4625000
NODE_6475_length_1007_cov_21.729075	583	663	2	43	80	0.5375000
NODE_6475_length_1007_cov_21.729075	636	716	0	80	80	1.0000000
NODE_6476_length_1007_cov_14.515419	400	480	0	28	80	0.3500000
NODE_6476_length_1007_cov_14.515419	400	480	2	52	80	0.6500000
NODE_6476_length_1007_cov_14.515419	453	533	0	14	80	0.1750000
NODE_6476_length_1007_cov_14.515419	453	533	2	66	80	0.8250000
NODE_6477_length_1007_cov_13.685022	376	456	0	38	80	0.4750000
NODE_6477_length_1007_cov_13.685022	376	456	2	42	80	0.5250000
NODE_6477_length_1007_cov_13.685022	429	509	2	80	80	1.0000000
NODE_6478_length_1007_cov_9.189427	438	518	0	38	80	0.4750000
NODE_6478_length_1007_cov_9.189427	438	518	2	42	80	0.5250000
NODE_6478_length_1007_cov_9.189427	491	571	2	80	80	1.0000000
NODE_6491_length_1006_cov_59.773980	379	459	19	39	80	0.4875000
NODE_6491_length_1006_cov_59.773980	379	459	20	33	80	0.4125000
NODE_6491_length_1006_cov_59.773980	379	459	21	2	80	0.0250000
NODE_6491_length_1006_cov_59.773980	379	459	23	4	80	0.0500000
NODE_6491_length_1006_cov_59.773980	379	459	25	1	80	0.0125000
NODE_6491_length_1006_cov_59.773980	379	459	26	1	80	0.0125000
NODE_6491_length_1006_cov_59.773980	432	512	5	16	80	0.2000000
NODE_6491_length_1006_cov_59.773980	432	512	7	1	80	0.0125000
NODE_6491_length_1006_cov_59.773980	432	512	15	2	80	0.0250000
NODE_6491_length_1006_cov_59.773980	432	512	18	1	80	0.0125000
NODE_6491_length_1006_cov_59.773980	432	512	20	60	80	0.7500000
NODE_6491_length_1006_cov_59.773980	508	588	4	14	80	0.1750000
NODE_6491_length_1006_cov_59.773980	508	588	5	17	80	0.2125000
NODE_6491_length_1006_cov_59.773980	508	588	6	1	80	0.0125000
NODE_6491_length_1006_cov_59.773980	508	588	7	48	80	0.6000000
NODE_6491_length_1006_cov_59.773980	561	641	4	67	80	0.8375000
NODE_6491_length_1006_cov_59.773980	561	641	6	1	80	0.0125000
NODE_6491_length_1006_cov_59.773980	561	641	7	12	80	0.1500000
NODE_6492_length_1006_cov_34.762955	482	562	2	9	80	0.1125000
NODE_6492_length_1006_cov_34.762955	482	562	4	8	80	0.1000000
NODE_6492_length_1006_cov_34.762955	482	562	8	19	80	0.2375000
NODE_6492_length_1006_cov_34.762955	482	562	14	44	80	0.5500000
NODE_6492_length_1006_cov_34.762955	535	615	5	28	80	0.3500000
NODE_6492_length_1006_cov_34.762955	535	615	9	1	80	0.0125000
NODE_6492_length_1006_cov_34.762955	535	615	11	5	80	0.0625000
NODE_6492_length_1006_cov_34.762955	535	615	13	15	80	0.1875000
NODE_6492_length_1006_cov_34.762955	535	615	14	31	80	0.3875000
NODE_6493_length_1006_cov_21.776185	516	596	2	18	80	0.2250000
NODE_6493_length_1006_cov_21.776185	516	596	3	5	80	0.0625000
NODE_6493_length_1006_cov_21.776185	516	596	4	39	80	0.4875000
NODE_6493_length_1006_cov_21.776185	516	596	6	18	80	0.2250000
NODE_6493_length_1006_cov_21.776185	569	649	0	25	80	0.3125000
NODE_6493_length_1006_cov_21.776185	569	649	3	33	80	0.4125000
NODE_6493_length_1006_cov_21.776185	569	649	4	6	80	0.0750000
NODE_6493_length_1006_cov_21.776185	569	649	6	16	80	0.2000000
NODE_6494_length_1006_cov_19.690187	371	451	0	1	80	0.0125000
NODE_6494_length_1006_cov_19.690187	371	451	2	79	80	0.9875000
NODE_6494_length_1006_cov_19.690187	424	504	0	28	80	0.3500000
NODE_6494_length_1006_cov_19.690187	424	504	2	52	80	0.6500000
NODE_6495_length_1006_cov_19.299890	495	575	0	11	80	0.1375000
NODE_6495_length_1006_cov_19.299890	495	575	2	69	80	0.8625000
NODE_6495_length_1006_cov_19.299890	548	628	0	10	80	0.1250000
NODE_6495_length_1006_cov_19.299890	548	628	2	70	80	0.8750000
NODE_6496_length_1006_cov_13.187431	245	325	0	13	80	0.1625000
NODE_6496_length_1006_cov_13.187431	245	325	1	6	80	0.0750000
NODE_6496_length_1006_cov_13.187431	245	325	2	47	80	0.5875000
NODE_6496_length_1006_cov_13.187431	245	325	4	14	80	0.1750000
NODE_6496_length_1006_cov_13.187431	298	378	2	13	80	0.1625000
NODE_6496_length_1006_cov_13.187431	298	378	4	67	80	0.8375000
NODE_6497_length_1006_cov_12.862183	383	463	2	36	80	0.4500000
NODE_6497_length_1006_cov_12.862183	383	463	4	44	80	0.5500000
NODE_6497_length_1006_cov_12.862183	436	516	0	32	80	0.4000000
NODE_6497_length_1006_cov_12.862183	436	516	2	46	80	0.5750000
NODE_6497_length_1006_cov_12.862183	436	516	4	2	80	0.0250000
NODE_6498_length_1006_cov_10.986770	762	842	0	38	80	0.4750000
NODE_6498_length_1006_cov_10.986770	762	842	2	42	80	0.5250000
NODE_6498_length_1006_cov_10.986770	815	895	0	80	80	1.0000000
NODE_6499_length_1006_cov_8.633958	314	394	2	34	80	0.4250000
NODE_6499_length_1006_cov_8.633958	314	394	6	13	80	0.1625000
NODE_6499_length_1006_cov_8.633958	314	394	8	3	80	0.0375000
NODE_6499_length_1006_cov_8.633958	314	394	10	30	80	0.3750000
NODE_6499_length_1006_cov_8.633958	367	447	6	25	80	0.3125000
NODE_6499_length_1006_cov_8.633958	367	447	8	1	80	0.0125000
NODE_6499_length_1006_cov_8.633958	367	447	10	54	80	0.6750000
NODE_6515_length_1005_cov_80.271523	509	589	16	8	80	0.1000000
NODE_6515_length_1005_cov_80.271523	509	589	18	1	80	0.0125000
NODE_6515_length_1005_cov_80.271523	509	589	19	36	80	0.4500000
NODE_6515_length_1005_cov_80.271523	509	589	21	27	80	0.3375000
NODE_6515_length_1005_cov_80.271523	509	589	23	8	80	0.1000000
NODE_6515_length_1005_cov_80.271523	562	642	10	24	80	0.3000000
NODE_6515_length_1005_cov_80.271523	562	642	12	14	80	0.1750000
NODE_6515_length_1005_cov_80.271523	562	642	14	2	80	0.0250000
NODE_6515_length_1005_cov_80.271523	562	642	19	8	80	0.1000000
NODE_6515_length_1005_cov_80.271523	562	642	21	11	80	0.1375000
NODE_6515_length_1005_cov_80.271523	562	642	23	9	80	0.1125000
NODE_6515_length_1005_cov_80.271523	562	642	24	12	80	0.1500000
NODE_6516_length_1005_cov_45.008830	357	437	0	54	80	0.6750000
NODE_6516_length_1005_cov_45.008830	357	437	4	26	80	0.3250000
NODE_6516_length_1005_cov_45.008830	410	490	0	1	80	0.0125000
NODE_6516_length_1005_cov_45.008830	410	490	4	29	80	0.3625000
NODE_6516_length_1005_cov_45.008830	410	490	6	50	80	0.6250000
NODE_6517_length_1005_cov_36.636865	567	647	12	15	80	0.1875000
NODE_6517_length_1005_cov_36.636865	567	647	14	65	80	0.8125000
NODE_6517_length_1005_cov_36.636865	620	700	0	20	80	0.2500000
NODE_6517_length_1005_cov_36.636865	620	700	11	16	80	0.2000000
NODE_6517_length_1005_cov_36.636865	620	700	12	32	80	0.4000000
NODE_6517_length_1005_cov_36.636865	620	700	14	12	80	0.1500000
NODE_6518_length_1005_cov_21.222958	389	409	10	10	20	0.5000000
NODE_6518_length_1005_cov_21.222958	389	409	12	10	20	0.5000000
NODE_6518_length_1005_cov_21.222958	451	519	5	9	68	0.1323529
NODE_6518_length_1005_cov_21.222958	451	519	7	9	68	0.1323529
NODE_6518_length_1005_cov_21.222958	451	519	10	8	68	0.1176471
NODE_6518_length_1005_cov_21.222958	451	519	11	6	68	0.0882353
NODE_6518_length_1005_cov_21.222958	451	519	16	36	68	0.5294118
NODE_6518_length_1005_cov_21.222958	515	595	5	5	80	0.0625000
NODE_6518_length_1005_cov_21.222958	515	595	7	4	80	0.0500000
NODE_6518_length_1005_cov_21.222958	515	595	9	53	80	0.6625000
NODE_6518_length_1005_cov_21.222958	515	595	10	13	80	0.1625000
NODE_6518_length_1005_cov_21.222958	515	595	11	5	80	0.0625000
NODE_6518_length_1005_cov_21.222958	568	648	1	3	80	0.0375000
NODE_6518_length_1005_cov_21.222958	568	648	2	2	80	0.0250000
NODE_6518_length_1005_cov_21.222958	568	648	6	34	80	0.4250000
NODE_6518_length_1005_cov_21.222958	568	648	9	14	80	0.1750000
NODE_6518_length_1005_cov_21.222958	568	648	10	27	80	0.3375000
NODE_6520_length_1005_cov_14.278146	480	560	0	80	80	1.0000000
NODE_6520_length_1005_cov_14.278146	533	613	0	80	80	1.0000000
NODE_6521_length_1005_cov_13.215232	511	591	0	80	80	1.0000000
NODE_6521_length_1005_cov_13.215232	564	644	0	80	80	1.0000000
NODE_6523_length_1005_cov_5.579470	534	614	0	2	80	0.0250000
NODE_6523_length_1005_cov_5.579470	534	614	2	78	80	0.9750000
NODE_6523_length_1005_cov_5.579470	587	667	0	55	80	0.6875000
NODE_6523_length_1005_cov_5.579470	587	667	2	25	80	0.3125000
NODE_6536_length_1004_cov_45.470718	343	423	0	80	80	1.0000000
NODE_6536_length_1004_cov_45.470718	396	476	0	35	80	0.4375000
NODE_6536_length_1004_cov_45.470718	396	476	1	1	80	0.0125000
NODE_6536_length_1004_cov_45.470718	396	476	2	44	80	0.5500000
NODE_6536_length_1004_cov_45.470718	472	552	2	22	80	0.2750000
NODE_6536_length_1004_cov_45.470718	472	552	4	49	80	0.6125000
NODE_6536_length_1004_cov_45.470718	472	552	6	4	80	0.0500000
NODE_6536_length_1004_cov_45.470718	472	552	8	5	80	0.0625000
NODE_6536_length_1004_cov_45.470718	525	605	4	71	80	0.8875000
NODE_6536_length_1004_cov_45.470718	525	605	6	4	80	0.0500000
NODE_6536_length_1004_cov_45.470718	525	605	8	5	80	0.0625000
NODE_6537_length_1004_cov_34.565746	419	499	2	6	80	0.0750000
NODE_6537_length_1004_cov_34.565746	419	499	3	14	80	0.1750000
NODE_6537_length_1004_cov_34.565746	419	499	4	26	80	0.3250000
NODE_6537_length_1004_cov_34.565746	419	499	6	1	80	0.0125000
NODE_6537_length_1004_cov_34.565746	419	499	8	5	80	0.0625000
NODE_6537_length_1004_cov_34.565746	419	499	9	28	80	0.3500000
NODE_6537_length_1004_cov_34.565746	472	552	8	58	80	0.7250000
NODE_6537_length_1004_cov_34.565746	472	552	9	22	80	0.2750000
NODE_6538_length_1004_cov_28.710497	385	465	2	1	80	0.0125000
NODE_6538_length_1004_cov_28.710497	385	465	5	1	80	0.0125000
NODE_6538_length_1004_cov_28.710497	385	465	6	61	80	0.7625000
NODE_6538_length_1004_cov_28.710497	385	465	8	17	80	0.2125000
NODE_6538_length_1004_cov_28.710497	438	518	4	35	80	0.4375000
NODE_6538_length_1004_cov_28.710497	438	518	6	45	80	0.5625000
NODE_6538_length_1004_cov_28.710497	514	594	4	16	80	0.2000000
NODE_6538_length_1004_cov_28.710497	514	594	6	3	80	0.0375000
NODE_6538_length_1004_cov_28.710497	514	594	12	28	80	0.3500000
NODE_6538_length_1004_cov_28.710497	514	594	14	30	80	0.3750000
NODE_6538_length_1004_cov_28.710497	514	594	16	3	80	0.0375000
NODE_6538_length_1004_cov_28.710497	567	647	10	24	80	0.3000000
NODE_6538_length_1004_cov_28.710497	567	647	12	56	80	0.7000000
NODE_6539_length_1004_cov_12.745856	432	512	4	23	80	0.2875000
NODE_6539_length_1004_cov_12.745856	432	512	5	2	80	0.0250000
NODE_6539_length_1004_cov_12.745856	432	512	6	55	80	0.6875000
NODE_6539_length_1004_cov_12.745856	485	565	0	18	80	0.2250000
NODE_6539_length_1004_cov_12.745856	485	565	2	26	80	0.3250000
NODE_6539_length_1004_cov_12.745856	485	565	4	11	80	0.1375000
NODE_6539_length_1004_cov_12.745856	485	565	5	2	80	0.0250000
NODE_6539_length_1004_cov_12.745856	485	565	6	23	80	0.2875000
NODE_6550_length_1003_cov_47.014381	383	463	5	12	80	0.1500000
NODE_6550_length_1003_cov_47.014381	383	463	7	62	80	0.7750000
NODE_6550_length_1003_cov_47.014381	383	463	9	6	80	0.0750000
NODE_6550_length_1003_cov_47.014381	436	516	5	7	80	0.0875000
NODE_6550_length_1003_cov_47.014381	436	516	7	44	80	0.5500000
NODE_6550_length_1003_cov_47.014381	436	516	8	1	80	0.0125000
NODE_6550_length_1003_cov_47.014381	436	516	9	28	80	0.3500000
NODE_6550_length_1003_cov_47.014381	512	592	6	21	80	0.2625000
NODE_6550_length_1003_cov_47.014381	512	592	7	13	80	0.1625000
NODE_6550_length_1003_cov_47.014381	512	592	8	46	80	0.5750000
NODE_6550_length_1003_cov_47.014381	565	645	0	17	80	0.2125000
NODE_6550_length_1003_cov_47.014381	565	645	2	11	80	0.1375000
NODE_6550_length_1003_cov_47.014381	565	645	6	35	80	0.4375000
NODE_6550_length_1003_cov_47.014381	565	645	8	17	80	0.2125000
NODE_6551_length_1003_cov_35.329646	372	452	8	9	80	0.1125000
NODE_6551_length_1003_cov_35.329646	372	452	11	2	80	0.0250000
NODE_6551_length_1003_cov_35.329646	372	452	12	14	80	0.1750000
NODE_6551_length_1003_cov_35.329646	372	452	16	49	80	0.6125000
NODE_6551_length_1003_cov_35.329646	372	452	17	6	80	0.0750000
NODE_6551_length_1003_cov_35.329646	425	505	4	8	80	0.1000000
NODE_6551_length_1003_cov_35.329646	425	505	6	1	80	0.0125000
NODE_6551_length_1003_cov_35.329646	425	505	10	18	80	0.2250000
NODE_6551_length_1003_cov_35.329646	425	505	11	8	80	0.1000000
NODE_6551_length_1003_cov_35.329646	425	505	15	2	80	0.0250000
NODE_6551_length_1003_cov_35.329646	425	505	16	43	80	0.5375000
NODE_6552_length_1003_cov_32.721239	357	437	8	80	80	1.0000000
NODE_6552_length_1003_cov_32.721239	410	490	0	32	80	0.4000000
NODE_6552_length_1003_cov_32.721239	410	490	8	48	80	0.6000000
NODE_6553_length_1003_cov_23.758850	467	547	2	1	80	0.0125000
NODE_6553_length_1003_cov_23.758850	467	547	8	21	80	0.2625000
NODE_6553_length_1003_cov_23.758850	467	547	11	19	80	0.2375000
NODE_6553_length_1003_cov_23.758850	467	547	12	21	80	0.2625000
NODE_6553_length_1003_cov_23.758850	467	547	14	5	80	0.0625000
NODE_6553_length_1003_cov_23.758850	467	547	15	5	80	0.0625000
NODE_6553_length_1003_cov_23.758850	467	547	16	2	80	0.0250000
NODE_6553_length_1003_cov_23.758850	467	547	17	6	80	0.0750000
NODE_6553_length_1003_cov_23.758850	520	600	12	9	80	0.1125000
NODE_6553_length_1003_cov_23.758850	520	600	14	9	80	0.1125000
NODE_6553_length_1003_cov_23.758850	520	600	15	9	80	0.1125000
NODE_6553_length_1003_cov_23.758850	520	600	16	30	80	0.3750000
NODE_6553_length_1003_cov_23.758850	520	600	17	23	80	0.2875000
NODE_6554_length_1003_cov_19.939159	240	320	0	17	80	0.2125000
NODE_6554_length_1003_cov_19.939159	240	320	4	63	80	0.7875000
NODE_6554_length_1003_cov_19.939159	293	373	4	78	80	0.9750000
NODE_6554_length_1003_cov_19.939159	293	373	6	2	80	0.0250000
NODE_6555_length_1003_cov_16.618363	524	604	2	47	80	0.5875000
NODE_6555_length_1003_cov_16.618363	524	604	4	33	80	0.4125000
NODE_6555_length_1003_cov_16.618363	577	657	0	4	80	0.0500000
NODE_6555_length_1003_cov_16.618363	577	657	2	76	80	0.9500000
NODE_6555_length_1003_cov_16.618363	653	733	0	32	80	0.4000000
NODE_6555_length_1003_cov_16.618363	653	733	2	35	80	0.4375000
NODE_6555_length_1003_cov_16.618363	653	733	5	13	80	0.1625000
NODE_6555_length_1003_cov_16.618363	706	786	2	14	80	0.1750000
NODE_6555_length_1003_cov_16.618363	706	786	4	19	80	0.2375000
NODE_6555_length_1003_cov_16.618363	706	786	5	39	80	0.4875000
NODE_6555_length_1003_cov_16.618363	706	786	6	8	80	0.1000000
NODE_6556_length_1003_cov_13.863938	537	617	0	19	80	0.2375000
NODE_6556_length_1003_cov_13.863938	537	617	2	38	80	0.4750000
NODE_6556_length_1003_cov_13.863938	537	617	4	23	80	0.2875000
NODE_6556_length_1003_cov_13.863938	590	670	0	4	80	0.0500000
NODE_6556_length_1003_cov_13.863938	590	670	4	76	80	0.9500000
NODE_6557_length_1003_cov_12.363938	529	609	6	3	80	0.0375000
NODE_6557_length_1003_cov_12.363938	529	609	12	25	80	0.3125000
NODE_6557_length_1003_cov_12.363938	529	609	13	19	80	0.2375000
NODE_6557_length_1003_cov_12.363938	529	609	14	33	80	0.4125000
NODE_6557_length_1003_cov_12.363938	582	662	4	15	80	0.1875000
NODE_6557_length_1003_cov_12.363938	582	662	5	11	80	0.1375000
NODE_6557_length_1003_cov_12.363938	582	662	6	30	80	0.3750000
NODE_6557_length_1003_cov_12.363938	582	662	12	1	80	0.0125000
NODE_6557_length_1003_cov_12.363938	582	662	14	23	80	0.2875000
NODE_6567_length_1002_cov_65.513843	387	467	0	80	80	1.0000000
NODE_6567_length_1002_cov_65.513843	440	520	0	63	80	0.7875000
NODE_6567_length_1002_cov_65.513843	440	520	4	17	80	0.2125000
NODE_6567_length_1002_cov_65.513843	516	596	4	76	80	0.9500000
NODE_6567_length_1002_cov_65.513843	516	596	6	4	80	0.0500000
NODE_6567_length_1002_cov_65.513843	569	649	2	27	80	0.3375000
NODE_6567_length_1002_cov_65.513843	569	649	4	23	80	0.2875000
NODE_6567_length_1002_cov_65.513843	569	649	6	30	80	0.3750000
NODE_6568_length_1002_cov_41.995570	408	488	10	7	80	0.0875000
NODE_6568_length_1002_cov_41.995570	408	488	11	10	80	0.1250000
NODE_6568_length_1002_cov_41.995570	408	488	13	4	80	0.0500000
NODE_6568_length_1002_cov_41.995570	408	488	14	9	80	0.1125000
NODE_6568_length_1002_cov_41.995570	408	488	16	5	80	0.0625000
NODE_6568_length_1002_cov_41.995570	408	488	18	5	80	0.0625000
NODE_6568_length_1002_cov_41.995570	408	488	20	40	80	0.5000000
NODE_6568_length_1002_cov_41.995570	461	541	0	6	80	0.0750000
NODE_6568_length_1002_cov_41.995570	461	541	4	14	80	0.1750000
NODE_6568_length_1002_cov_41.995570	461	541	7	1	80	0.0125000
NODE_6568_length_1002_cov_41.995570	461	541	8	30	80	0.3750000
NODE_6568_length_1002_cov_41.995570	461	541	10	3	80	0.0375000
NODE_6568_length_1002_cov_41.995570	461	541	11	10	80	0.1250000
NODE_6568_length_1002_cov_41.995570	461	541	13	4	80	0.0500000
NODE_6568_length_1002_cov_41.995570	461	541	14	8	80	0.1000000
NODE_6568_length_1002_cov_41.995570	461	541	16	4	80	0.0500000
NODE_6569_length_1002_cov_19.966777	401	481	4	14	80	0.1750000
NODE_6569_length_1002_cov_19.966777	401	481	8	47	80	0.5875000
NODE_6569_length_1002_cov_19.966777	401	481	10	19	80	0.2375000
NODE_6569_length_1002_cov_19.966777	454	534	2	19	80	0.2375000
NODE_6569_length_1002_cov_19.966777	454	534	6	20	80	0.2500000
NODE_6569_length_1002_cov_19.966777	454	534	8	8	80	0.1000000
NODE_6569_length_1002_cov_19.966777	454	534	10	33	80	0.4125000
NODE_6570_length_1002_cov_19.539313	334	414	0	5	80	0.0625000
NODE_6570_length_1002_cov_19.539313	334	414	4	75	80	0.9375000
NODE_6570_length_1002_cov_19.539313	335	414	0	4	79	0.0506329
NODE_6570_length_1002_cov_19.539313	335	414	4	75	79	0.9493671
NODE_6570_length_1002_cov_19.539313	387	467	0	11	80	0.1375000
NODE_6570_length_1002_cov_19.539313	387	467	2	14	80	0.1750000
NODE_6570_length_1002_cov_19.539313	387	467	4	55	80	0.6875000
NODE_6570_length_1002_cov_19.539313	387	467	0	11	80	0.1375000
NODE_6570_length_1002_cov_19.539313	387	467	2	14	80	0.1750000
NODE_6570_length_1002_cov_19.539313	387	467	4	55	80	0.6875000
NODE_6570_length_1002_cov_19.539313	396	467	0	11	71	0.1549296
NODE_6570_length_1002_cov_19.539313	396	467	2	14	71	0.1971831
NODE_6570_length_1002_cov_19.539313	396	467	4	46	71	0.6478873
NODE_6570_length_1002_cov_19.539313	463	543	2	50	80	0.6250000
NODE_6570_length_1002_cov_19.539313	463	543	4	2	80	0.0250000
NODE_6570_length_1002_cov_19.539313	463	543	10	17	80	0.2125000
NODE_6570_length_1002_cov_19.539313	463	543	16	11	80	0.1375000
NODE_6570_length_1002_cov_19.539313	516	596	10	16	80	0.2000000
NODE_6570_length_1002_cov_19.539313	516	596	12	14	80	0.1750000
NODE_6570_length_1002_cov_19.539313	516	596	14	10	80	0.1250000
NODE_6570_length_1002_cov_19.539313	516	596	16	40	80	0.5000000
NODE_6571_length_1002_cov_17.780731	631	711	0	28	80	0.3500000
NODE_6571_length_1002_cov_17.780731	631	711	2	52	80	0.6500000
NODE_6571_length_1002_cov_17.780731	684	764	0	22	80	0.2750000
NODE_6571_length_1002_cov_17.780731	684	764	2	58	80	0.7250000
NODE_6572_length_1002_cov_17.590255	0	58	0	58	58	1.0000000
NODE_6572_length_1002_cov_17.590255	31	77	0	46	46	1.0000000
NODE_6573_length_1002_cov_17.105205	522	602	2	68	80	0.8500000
NODE_6573_length_1002_cov_17.105205	522	602	4	12	80	0.1500000
NODE_6573_length_1002_cov_17.105205	575	655	2	80	80	1.0000000
NODE_6574_length_1002_cov_11.954596	480	560	0	80	80	1.0000000
NODE_6574_length_1002_cov_11.954596	533	613	0	80	80	1.0000000
NODE_6575_length_1002_cov_11.823920	471	551	0	41	80	0.5125000
NODE_6575_length_1002_cov_11.823920	471	551	4	39	80	0.4875000
NODE_6575_length_1002_cov_11.823920	524	614	4	90	90	1.0000000
NODE_6577_length_1002_cov_6.596899	422	502	0	29	80	0.3625000
NODE_6577_length_1002_cov_6.596899	422	502	2	51	80	0.6375000
NODE_6577_length_1002_cov_6.596899	475	555	0	80	80	1.0000000
NODE_6588_length_1002_cov_2.102990	29	110	10	30	81	0.3703704
NODE_6588_length_1002_cov_2.102990	29	110	12	51	81	0.6296296
NODE_6596_length_1001_cov_41.914634	549	629	0	28	80	0.3500000
NODE_6596_length_1001_cov_41.914634	549	629	4	14	80	0.1750000
NODE_6596_length_1001_cov_41.914634	549	629	8	38	80	0.4750000
NODE_6596_length_1001_cov_41.914634	602	682	4	27	80	0.3375000
NODE_6596_length_1001_cov_41.914634	602	682	8	53	80	0.6625000
NODE_6597_length_1001_cov_30.378049	306	386	0	7	80	0.0875000
NODE_6597_length_1001_cov_30.378049	306	386	5	1	80	0.0125000
NODE_6597_length_1001_cov_30.378049	306	386	6	28	80	0.3500000
NODE_6597_length_1001_cov_30.378049	306	386	8	14	80	0.1750000
NODE_6597_length_1001_cov_30.378049	306	386	10	30	80	0.3750000
NODE_6597_length_1001_cov_30.378049	359	439	2	6	80	0.0750000
NODE_6597_length_1001_cov_30.378049	359	439	10	74	80	0.9250000
NODE_6597_length_1001_cov_30.378049	369	439	2	6	70	0.0857143
NODE_6597_length_1001_cov_30.378049	369	439	10	64	70	0.9142857
NODE_6597_length_1001_cov_30.378049	435	515	2	13	80	0.1625000
NODE_6597_length_1001_cov_30.378049	435	515	6	17	80	0.2125000
NODE_6597_length_1001_cov_30.378049	435	515	8	50	80	0.6250000
NODE_6597_length_1001_cov_30.378049	488	568	6	22	80	0.2750000
NODE_6597_length_1001_cov_30.378049	488	568	8	58	80	0.7250000
NODE_6598_length_1001_cov_22.517738	536	616	0	26	80	0.3250000
NODE_6598_length_1001_cov_22.517738	536	616	2	54	80	0.6750000
NODE_6598_length_1001_cov_22.517738	589	670	2	81	81	1.0000000
NODE_6599_length_1001_cov_17.996674	414	456	0	40	42	0.9523810
NODE_6599_length_1001_cov_17.996674	414	456	2	2	42	0.0476190
NODE_6599_length_1001_cov_17.996674	429	509	0	25	80	0.3125000
NODE_6599_length_1001_cov_17.996674	429	509	2	55	80	0.6875000
NODE_6599_length_1001_cov_17.996674	505	585	0	2	80	0.0250000
NODE_6599_length_1001_cov_17.996674	505	585	2	78	80	0.9750000
NODE_6599_length_1001_cov_17.996674	558	638	0	55	80	0.6875000
NODE_6599_length_1001_cov_17.996674	558	638	2	25	80	0.3125000
NODE_6600_length_1001_cov_16.798226	422	502	5	41	80	0.5125000
NODE_6600_length_1001_cov_16.798226	422	502	6	21	80	0.2625000
NODE_6600_length_1001_cov_16.798226	422	502	8	18	80	0.2250000
NODE_6600_length_1001_cov_16.798226	475	555	0	31	80	0.3875000
NODE_6600_length_1001_cov_16.798226	475	555	3	14	80	0.1750000
NODE_6600_length_1001_cov_16.798226	475	555	5	35	80	0.4375000
NODE_6600_length_1001_cov_16.798226	551	631	0	62	80	0.7750000
NODE_6600_length_1001_cov_16.798226	551	631	2	18	80	0.2250000
NODE_6600_length_1001_cov_16.798226	604	684	0	9	80	0.1125000
NODE_6600_length_1001_cov_16.798226	604	684	2	71	80	0.8875000
NODE_6601_length_1001_cov_12.778271	348	428	0	80	80	1.0000000
NODE_6601_length_1001_cov_12.778271	401	481	0	80	80	1.0000000
NODE_6602_length_1001_cov_12.305987	255	335	2	19	80	0.2375000
NODE_6602_length_1001_cov_12.305987	255	335	4	58	80	0.7250000
NODE_6602_length_1001_cov_12.305987	255	335	6	3	80	0.0375000
NODE_6602_length_1001_cov_12.305987	308	388	2	13	80	0.1625000
NODE_6602_length_1001_cov_12.305987	308	388	4	30	80	0.3750000
NODE_6602_length_1001_cov_12.305987	308	388	5	5	80	0.0625000
NODE_6602_length_1001_cov_12.305987	308	388	6	32	80	0.4000000
NODE_6603_length_1001_cov_11.955654	485	569	0	18	84	0.2142857
NODE_6603_length_1001_cov_11.955654	485	569	1	17	84	0.2023810
NODE_6603_length_1001_cov_11.955654	485	569	2	5	84	0.0595238
NODE_6603_length_1001_cov_11.955654	485	569	4	44	84	0.5238096
NODE_6603_length_1001_cov_11.955654	542	622	4	80	80	1.0000000
NODE_6604_length_1001_cov_10.156319	587	667	4	1	80	0.0125000
NODE_6604_length_1001_cov_10.156319	587	667	6	7	80	0.0875000
NODE_6604_length_1001_cov_10.156319	587	667	8	15	80	0.1875000
NODE_6604_length_1001_cov_10.156319	587	667	10	57	80	0.7125000
NODE_6604_length_1001_cov_10.156319	640	720	4	38	80	0.4750000
NODE_6604_length_1001_cov_10.156319	640	720	6	2	80	0.0250000
NODE_6604_length_1001_cov_10.156319	640	720	8	23	80	0.2875000
NODE_6604_length_1001_cov_10.156319	640	720	10	17	80	0.2125000
NODE_6605_length_1001_cov_9.754989	377	457	2	80	80	1.0000000
NODE_6605_length_1001_cov_9.754989	430	510	0	18	80	0.2250000
NODE_6605_length_1001_cov_9.754989	430	510	2	62	80	0.7750000
NODE_6607_length_1001_cov_4.616408	408	488	0	80	80	1.0000000
NODE_6607_length_1001_cov_4.616408	461	541	0	80	80	1.0000000
NODE_6616_length_1000_cov_55.578246	393	473	2	35	80	0.4375000
NODE_6616_length_1000_cov_55.578246	393	473	4	45	80	0.5625000
NODE_6616_length_1000_cov_55.578246	446	526	2	23	80	0.2875000
NODE_6616_length_1000_cov_55.578246	446	526	4	57	80	0.7125000
NODE_6616_length_1000_cov_55.578246	522	598	2	7	76	0.0921053
NODE_6616_length_1000_cov_55.578246	522	598	4	18	76	0.2368421
NODE_6616_length_1000_cov_55.578246	522	598	8	30	76	0.3947369
NODE_6616_length_1000_cov_55.578246	522	598	10	5	76	0.0657895
NODE_6616_length_1000_cov_55.578246	522	598	12	16	76	0.2105263
NODE_6616_length_1000_cov_55.578246	575	649	8	3	74	0.0405405
NODE_6616_length_1000_cov_55.578246	575	649	10	5	74	0.0675676
NODE_6616_length_1000_cov_55.578246	575	649	12	44	74	0.5945946
NODE_6616_length_1000_cov_55.578246	575	649	14	18	74	0.2432432
NODE_6616_length_1000_cov_55.578246	575	649	16	4	74	0.0540541
NODE_6617_length_1000_cov_51.534961	432	512	0	45	80	0.5625000
NODE_6617_length_1000_cov_51.534961	432	512	2	35	80	0.4375000
NODE_6617_length_1000_cov_51.534961	485	565	2	65	80	0.8125000
NODE_6617_length_1000_cov_51.534961	485	565	4	15	80	0.1875000
NODE_6617_length_1000_cov_51.534961	561	641	4	20	80	0.2500000
NODE_6617_length_1000_cov_51.534961	561	641	6	60	80	0.7500000
NODE_6617_length_1000_cov_51.534961	614	694	0	11	80	0.1375000
NODE_6617_length_1000_cov_51.534961	614	694	4	52	80	0.6500000
NODE_6617_length_1000_cov_51.534961	614	694	6	17	80	0.2125000
NODE_6618_length_1000_cov_39.011099	186	266	6	2	80	0.0250000
NODE_6618_length_1000_cov_39.011099	186	266	8	78	80	0.9750000
NODE_6618_length_1000_cov_39.011099	239	319	0	23	80	0.2875000
NODE_6618_length_1000_cov_39.011099	239	319	1	14	80	0.1750000
NODE_6618_length_1000_cov_39.011099	239	319	2	3	80	0.0375000
NODE_6618_length_1000_cov_39.011099	239	319	4	1	80	0.0125000
NODE_6618_length_1000_cov_39.011099	239	319	6	14	80	0.1750000
NODE_6618_length_1000_cov_39.011099	239	319	8	25	80	0.3125000
NODE_6619_length_1000_cov_19.897891	451	531	11	10	80	0.1250000
NODE_6619_length_1000_cov_19.897891	451	531	14	5	80	0.0625000
NODE_6619_length_1000_cov_19.897891	451	531	16	44	80	0.5500000
NODE_6619_length_1000_cov_19.897891	451	531	18	21	80	0.2625000
NODE_6619_length_1000_cov_19.897891	504	584	2	8	80	0.1000000
NODE_6619_length_1000_cov_19.897891	504	584	4	20	80	0.2500000
NODE_6619_length_1000_cov_19.897891	504	584	6	15	80	0.1875000
NODE_6619_length_1000_cov_19.897891	504	584	16	7	80	0.0875000
NODE_6619_length_1000_cov_19.897891	504	584	18	30	80	0.3750000
NODE_6619_length_1000_cov_19.897891	580	660	2	27	80	0.3375000
NODE_6619_length_1000_cov_19.897891	580	660	4	53	80	0.6625000
NODE_6619_length_1000_cov_19.897891	633	713	0	21	80	0.2625000
NODE_6619_length_1000_cov_19.897891	633	713	2	48	80	0.6000000
NODE_6619_length_1000_cov_19.897891	633	713	4	11	80	0.1375000
NODE_6620_length_1000_cov_13.349612	324	404	0	80	80	1.0000000
NODE_6620_length_1000_cov_13.349612	377	457	0	80	80	1.0000000
NODE_6621_length_1000_cov_11.463929	382	462	1	21	80	0.2625000
NODE_6621_length_1000_cov_11.463929	382	462	2	59	80	0.7375000
NODE_6621_length_1000_cov_11.463929	435	515	2	80	80	1.0000000
NODE_6622_length_1000_cov_9.675916	625	705	1	8	80	0.1000000
NODE_6622_length_1000_cov_9.675916	625	705	2	72	80	0.9000000
NODE_6622_length_1000_cov_9.675916	678	758	1	7	80	0.0875000
NODE_6622_length_1000_cov_9.675916	678	758	2	73	80	0.9125000
NODE_6623_length_1000_cov_7.051054	358	438	2	34	80	0.4250000
NODE_6623_length_1000_cov_7.051054	358	438	3	9	80	0.1125000
NODE_6623_length_1000_cov_7.051054	358	438	4	37	80	0.4625000
NODE_6623_length_1000_cov_7.051054	411	491	0	42	80	0.5250000
NODE_6623_length_1000_cov_7.051054	411	491	2	38	80	0.4750000
NODE_6626_length_1000_cov_3.652608	203	265	6	22	62	0.3548387
NODE_6626_length_1000_cov_3.652608	203	265	8	11	62	0.1774193
NODE_6626_length_1000_cov_3.652608	203	265	10	29	62	0.4677419
NODE_6639_length_999_cov_47.442222	604	684	2	73	80	0.9125000
NODE_6639_length_999_cov_47.442222	604	684	4	7	80	0.0875000
NODE_6639_length_999_cov_47.442222	657	723	2	66	66	1.0000000
NODE_6640_length_999_cov_33.055556	458	540	0	11	82	0.1341463
NODE_6640_length_999_cov_33.055556	458	540	6	22	82	0.2682927
NODE_6640_length_999_cov_33.055556	458	540	10	2	82	0.0243902
NODE_6640_length_999_cov_33.055556	458	540	14	9	82	0.1097561
NODE_6640_length_999_cov_33.055556	458	540	16	38	82	0.4634146
NODE_6640_length_999_cov_33.055556	513	593	8	3	80	0.0375000
NODE_6640_length_999_cov_33.055556	513	593	14	4	80	0.0500000
NODE_6640_length_999_cov_33.055556	513	593	16	73	80	0.9125000
NODE_6641_length_999_cov_22.755556	493	573	0	73	80	0.9125000
NODE_6641_length_999_cov_22.755556	493	573	4	7	80	0.0875000
NODE_6641_length_999_cov_22.755556	546	626	0	20	80	0.2500000
NODE_6641_length_999_cov_22.755556	546	626	4	60	80	0.7500000
NODE_6642_length_999_cov_21.842222	359	439	4	47	80	0.5875000
NODE_6642_length_999_cov_21.842222	359	439	10	10	80	0.1250000
NODE_6642_length_999_cov_21.842222	359	439	14	15	80	0.1875000
NODE_6642_length_999_cov_21.842222	359	439	16	8	80	0.1000000
NODE_6642_length_999_cov_21.842222	412	492	10	4	80	0.0500000
NODE_6642_length_999_cov_21.842222	412	492	12	16	80	0.2000000
NODE_6642_length_999_cov_21.842222	412	492	14	20	80	0.2500000
NODE_6642_length_999_cov_21.842222	412	492	16	40	80	0.5000000
NODE_6643_length_999_cov_20.006667	361	441	0	80	80	1.0000000
NODE_6643_length_999_cov_20.006667	414	494	0	45	80	0.5625000
NODE_6643_length_999_cov_20.006667	414	494	6	13	80	0.1625000
NODE_6643_length_999_cov_20.006667	414	494	10	22	80	0.2750000
NODE_6643_length_999_cov_20.006667	490	570	4	2	80	0.0250000
NODE_6643_length_999_cov_20.006667	490	570	10	78	80	0.9750000
NODE_6643_length_999_cov_20.006667	543	623	0	40	80	0.5000000
NODE_6643_length_999_cov_20.006667	543	623	4	15	80	0.1875000
NODE_6643_length_999_cov_20.006667	543	623	10	25	80	0.3125000
NODE_6645_length_999_cov_16.794444	438	518	2	80	80	1.0000000
NODE_6645_length_999_cov_16.794444	491	571	2	55	80	0.6875000
NODE_6645_length_999_cov_16.794444	491	571	4	25	80	0.3125000
NODE_6646_length_999_cov_15.146667	464	544	0	80	80	1.0000000
NODE_6646_length_999_cov_15.146667	517	597	0	80	80	1.0000000
NODE_6648_length_999_cov_8.771111	361	441	0	26	80	0.3250000
NODE_6648_length_999_cov_8.771111	361	441	2	25	80	0.3125000
NODE_6648_length_999_cov_8.771111	361	441	4	29	80	0.3625000
NODE_6648_length_999_cov_8.771111	414	492	2	16	78	0.2051282
NODE_6648_length_999_cov_8.771111	414	492	4	62	78	0.7948718
NODE_6649_length_999_cov_5.171111	417	497	0	62	80	0.7750000
NODE_6649_length_999_cov_5.171111	417	497	2	18	80	0.2250000
NODE_6649_length_999_cov_5.171111	470	550	0	9	80	0.1125000
NODE_6649_length_999_cov_5.171111	470	550	2	71	80	0.8875000
NODE_6650_length_999_cov_2.854444	35	101	6	66	66	1.0000000
NODE_6657_length_998_cov_30.697442	404	484	0	1	80	0.0125000
NODE_6657_length_998_cov_30.697442	404	484	2	26	80	0.3250000
NODE_6657_length_998_cov_30.697442	404	484	4	53	80	0.6625000
NODE_6657_length_998_cov_30.697442	457	537	0	54	80	0.6750000
NODE_6657_length_998_cov_30.697442	457	537	2	26	80	0.3250000
NODE_6657_length_998_cov_30.697442	533	613	0	54	80	0.6750000
NODE_6657_length_998_cov_30.697442	533	613	2	26	80	0.3250000
NODE_6657_length_998_cov_30.697442	586	666	0	1	80	0.0125000
NODE_6657_length_998_cov_30.697442	586	666	2	79	80	0.9875000
NODE_6658_length_998_cov_23.703003	235	315	8	51	80	0.6375000
NODE_6658_length_998_cov_23.703003	235	315	10	29	80	0.3625000
NODE_6658_length_998_cov_23.703003	288	368	2	38	80	0.4750000
NODE_6658_length_998_cov_23.703003	288	368	8	12	80	0.1500000
NODE_6658_length_998_cov_23.703003	288	368	10	30	80	0.3750000
NODE_6659_length_998_cov_22.692992	531	611	0	16	80	0.2000000
NODE_6659_length_998_cov_22.692992	531	611	2	64	80	0.8000000
NODE_6659_length_998_cov_22.692992	584	664	0	13	80	0.1625000
NODE_6659_length_998_cov_22.692992	584	664	2	67	80	0.8375000
NODE_6660_length_998_cov_11.152392	514	594	8	80	80	1.0000000
NODE_6660_length_998_cov_11.152392	567	640	0	40	73	0.5479452
NODE_6660_length_998_cov_11.152392	567	640	6	6	73	0.0821918
NODE_6660_length_998_cov_11.152392	567	640	8	27	73	0.3698630
NODE_6660_length_998_cov_11.152392	636	716	0	80	80	1.0000000
NODE_6660_length_998_cov_11.152392	689	769	0	80	80	1.0000000
NODE_6661_length_998_cov_10.061179	422	502	0	80	80	1.0000000
NODE_6661_length_998_cov_10.061179	475	555	0	80	80	1.0000000
NODE_6662_length_998_cov_7.126808	353	430	2	50	77	0.6493506
NODE_6662_length_998_cov_7.126808	353	430	3	1	77	0.0129870
NODE_6662_length_998_cov_7.126808	353	430	4	18	77	0.2337662
NODE_6662_length_998_cov_7.126808	353	430	6	8	77	0.1038961
NODE_6662_length_998_cov_7.126808	403	483	2	15	80	0.1875000
NODE_6662_length_998_cov_7.126808	403	483	4	4	80	0.0500000
NODE_6662_length_998_cov_7.126808	403	483	6	61	80	0.7625000
NODE_6669_length_997_cov_48.518931	445	525	0	80	80	1.0000000
NODE_6669_length_997_cov_48.518931	498	578	0	80	80	1.0000000
NODE_6670_length_997_cov_36.721604	400	480	2	66	80	0.8250000
NODE_6670_length_997_cov_36.721604	400	480	3	14	80	0.1750000
NODE_6670_length_997_cov_36.721604	453	533	2	17	80	0.2125000
NODE_6670_length_997_cov_36.721604	453	533	3	63	80	0.7875000
NODE_6671_length_997_cov_22.646993	328	408	0	80	80	1.0000000
NODE_6671_length_997_cov_22.646993	381	461	0	80	80	1.0000000
NODE_6672_length_997_cov_19.709354	420	500	0	4	80	0.0500000
NODE_6672_length_997_cov_19.709354	420	500	2	76	80	0.9500000
NODE_6672_length_997_cov_19.709354	473	553	0	23	80	0.2875000
NODE_6672_length_997_cov_19.709354	473	553	2	37	80	0.4625000
NODE_6672_length_997_cov_19.709354	473	553	6	20	80	0.2500000
NODE_6672_length_997_cov_19.709354	549	629	6	46	80	0.5750000
NODE_6672_length_997_cov_19.709354	549	629	10	4	80	0.0500000
NODE_6672_length_997_cov_19.709354	549	629	18	6	80	0.0750000
NODE_6672_length_997_cov_19.709354	549	629	24	24	80	0.3000000
NODE_6672_length_997_cov_19.709354	602	682	17	26	80	0.3250000
NODE_6672_length_997_cov_19.709354	602	682	18	3	80	0.0375000
NODE_6672_length_997_cov_19.709354	602	682	21	10	80	0.1250000
NODE_6672_length_997_cov_19.709354	602	682	23	3	80	0.0375000
NODE_6672_length_997_cov_19.709354	602	682	24	38	80	0.4750000
NODE_6673_length_997_cov_17.947661	465	545	2	49	80	0.6125000
NODE_6673_length_997_cov_17.947661	465	545	4	31	80	0.3875000
NODE_6673_length_997_cov_17.947661	518	598	0	6	80	0.0750000
NODE_6673_length_997_cov_17.947661	518	598	2	10	80	0.1250000
NODE_6673_length_997_cov_17.947661	518	598	4	64	80	0.8000000
NODE_6673_length_997_cov_17.947661	594	674	0	32	80	0.4000000
NODE_6673_length_997_cov_17.947661	594	674	2	41	80	0.5125000
NODE_6673_length_997_cov_17.947661	594	674	4	7	80	0.0875000
NODE_6673_length_997_cov_17.947661	647	727	2	25	80	0.3125000
NODE_6673_length_997_cov_17.947661	647	727	4	55	80	0.6875000
NODE_6674_length_997_cov_14.718263	388	468	6	26	80	0.3250000
NODE_6674_length_997_cov_14.718263	388	468	8	35	80	0.4375000
NODE_6674_length_997_cov_14.718263	388	468	10	4	80	0.0500000
NODE_6674_length_997_cov_14.718263	388	468	12	15	80	0.1875000
NODE_6674_length_997_cov_14.718263	441	521	4	4	80	0.0500000
NODE_6674_length_997_cov_14.718263	441	521	6	15	80	0.1875000
NODE_6674_length_997_cov_14.718263	441	521	8	8	80	0.1000000
NODE_6674_length_997_cov_14.718263	441	521	9	23	80	0.2875000
NODE_6674_length_997_cov_14.718263	441	521	10	4	80	0.0500000
NODE_6674_length_997_cov_14.718263	441	521	12	26	80	0.3250000
NODE_6675_length_997_cov_7.114699	307	387	0	3	80	0.0375000
NODE_6675_length_997_cov_7.114699	307	387	2	12	80	0.1500000
NODE_6675_length_997_cov_7.114699	307	387	6	5	80	0.0625000
NODE_6675_length_997_cov_7.114699	307	387	8	54	80	0.6750000
NODE_6675_length_997_cov_7.114699	307	387	10	6	80	0.0750000
NODE_6675_length_997_cov_7.114699	360	440	8	21	80	0.2625000
NODE_6675_length_997_cov_7.114699	360	440	10	59	80	0.7375000
NODE_6694_length_996_cov_59.568562	387	467	0	29	80	0.3625000
NODE_6694_length_996_cov_59.568562	387	467	13	1	80	0.0125000
NODE_6694_length_996_cov_59.568562	387	467	14	11	80	0.1375000
NODE_6694_length_996_cov_59.568562	387	467	15	13	80	0.1625000
NODE_6694_length_996_cov_59.568562	387	467	20	1	80	0.0125000
NODE_6694_length_996_cov_59.568562	387	467	21	25	80	0.3125000
NODE_6694_length_996_cov_59.568562	440	520	15	1	80	0.0125000
NODE_6694_length_996_cov_59.568562	440	520	20	1	80	0.0125000
NODE_6694_length_996_cov_59.568562	440	520	21	39	80	0.4875000
NODE_6694_length_996_cov_59.568562	440	520	22	39	80	0.4875000
NODE_6695_length_996_cov_32.462653	503	583	16	12	80	0.1500000
NODE_6695_length_996_cov_32.462653	503	583	18	18	80	0.2250000
NODE_6695_length_996_cov_32.462653	503	583	20	50	80	0.6250000
NODE_6695_length_996_cov_32.462653	556	636	6	1	80	0.0125000
NODE_6695_length_996_cov_32.462653	556	636	8	42	80	0.5250000
NODE_6695_length_996_cov_32.462653	556	636	18	25	80	0.3125000
NODE_6695_length_996_cov_32.462653	556	636	20	12	80	0.1500000
NODE_6696_length_996_cov_23.312152	571	651	0	46	80	0.5750000
NODE_6696_length_996_cov_23.312152	571	651	1	1	80	0.0125000
NODE_6696_length_996_cov_23.312152	571	651	6	4	80	0.0500000
NODE_6696_length_996_cov_23.312152	571	651	8	29	80	0.3625000
NODE_6696_length_996_cov_23.312152	624	704	6	6	80	0.0750000
NODE_6696_length_996_cov_23.312152	624	704	8	30	80	0.3750000
NODE_6696_length_996_cov_23.312152	624	704	9	20	80	0.2500000
NODE_6696_length_996_cov_23.312152	624	704	10	24	80	0.3000000
NODE_6697_length_996_cov_20.979933	533	613	6	44	80	0.5500000
NODE_6697_length_996_cov_20.979933	533	613	7	9	80	0.1125000
NODE_6697_length_996_cov_20.979933	533	613	8	27	80	0.3375000
NODE_6697_length_996_cov_20.979933	586	666	2	17	80	0.2125000
NODE_6697_length_996_cov_20.979933	586	666	4	9	80	0.1125000
NODE_6697_length_996_cov_20.979933	586	666	6	22	80	0.2750000
NODE_6697_length_996_cov_20.979933	586	666	8	32	80	0.4000000
NODE_6698_length_996_cov_17.865106	535	615	8	3	80	0.0375000
NODE_6698_length_996_cov_17.865106	535	615	11	1	80	0.0125000
NODE_6698_length_996_cov_17.865106	535	615	12	9	80	0.1125000
NODE_6698_length_996_cov_17.865106	535	615	16	14	80	0.1750000
NODE_6698_length_996_cov_17.865106	535	615	18	53	80	0.6625000
NODE_6698_length_996_cov_17.865106	588	668	0	7	80	0.0875000
NODE_6698_length_996_cov_17.865106	588	668	4	8	80	0.1000000
NODE_6698_length_996_cov_17.865106	588	668	12	1	80	0.0125000
NODE_6698_length_996_cov_17.865106	588	668	16	4	80	0.0500000
NODE_6698_length_996_cov_17.865106	588	668	18	60	80	0.7500000
NODE_6699_length_996_cov_10.297659	499	579	2	9	80	0.1125000
NODE_6699_length_996_cov_10.297659	499	579	4	5	80	0.0625000
NODE_6699_length_996_cov_10.297659	499	579	5	26	80	0.3250000
NODE_6699_length_996_cov_10.297659	499	579	7	2	80	0.0250000
NODE_6699_length_996_cov_10.297659	499	579	9	38	80	0.4750000
NODE_6699_length_996_cov_10.297659	552	630	9	51	78	0.6538461
NODE_6699_length_996_cov_10.297659	552	630	10	8	78	0.1025641
NODE_6699_length_996_cov_10.297659	552	630	11	8	78	0.1025641
NODE_6699_length_996_cov_10.297659	552	630	13	11	78	0.1410256
NODE_6702_length_996_cov_3.205128	499	555	6	3	56	0.0535714
NODE_6702_length_996_cov_3.205128	499	555	8	27	56	0.4821429
NODE_6702_length_996_cov_3.205128	499	555	12	26	56	0.4642857
NODE_6707_length_995_cov_26.131696	543	623	0	41	80	0.5125000
NODE_6707_length_995_cov_26.131696	543	623	2	39	80	0.4875000
NODE_6707_length_995_cov_26.131696	596	676	0	19	80	0.2375000
NODE_6707_length_995_cov_26.131696	596	676	2	61	80	0.7625000
NODE_6708_length_995_cov_20.262277	457	537	5	50	80	0.6250000
NODE_6708_length_995_cov_20.262277	457	537	7	30	80	0.3750000
NODE_6708_length_995_cov_20.262277	510	590	2	38	80	0.4750000
NODE_6708_length_995_cov_20.262277	510	590	3	9	80	0.1125000
NODE_6708_length_995_cov_20.262277	510	590	5	33	80	0.4125000
NODE_6709_length_995_cov_19.382812	457	537	2	14	80	0.1750000
NODE_6709_length_995_cov_19.382812	457	537	3	24	80	0.3000000
NODE_6709_length_995_cov_19.382812	457	537	4	42	80	0.5250000
NODE_6709_length_995_cov_19.382812	510	590	2	32	80	0.4000000
NODE_6709_length_995_cov_19.382812	510	590	3	28	80	0.3500000
NODE_6709_length_995_cov_19.382812	510	590	4	20	80	0.2500000
NODE_6710_length_995_cov_19.034598	453	533	0	80	80	1.0000000
NODE_6710_length_995_cov_19.034598	506	586	0	80	80	1.0000000
NODE_6711_length_995_cov_9.734375	222	323	0	101	101	1.0000000
NODE_6711_length_995_cov_9.734375	296	376	0	80	80	1.0000000
NODE_6723_length_994_cov_74.678212	362	442	4	20	80	0.2500000
NODE_6723_length_994_cov_74.678212	362	442	8	26	80	0.3250000
NODE_6723_length_994_cov_74.678212	362	442	9	34	80	0.4250000
NODE_6723_length_994_cov_74.678212	415	495	9	30	80	0.3750000
NODE_6723_length_994_cov_74.678212	415	495	10	26	80	0.3250000
NODE_6723_length_994_cov_74.678212	415	495	14	23	80	0.2875000
NODE_6723_length_994_cov_74.678212	415	495	18	1	80	0.0125000
NODE_6723_length_994_cov_74.678212	491	571	10	38	80	0.4750000
NODE_6723_length_994_cov_74.678212	491	571	39	12	80	0.1500000
NODE_6723_length_994_cov_74.678212	491	571	42	5	80	0.0625000
NODE_6723_length_994_cov_74.678212	491	571	43	9	80	0.1125000
NODE_6723_length_994_cov_74.678212	491	571	44	16	80	0.2000000
NODE_6723_length_994_cov_74.678212	544	624	39	13	80	0.1625000
NODE_6723_length_994_cov_74.678212	544	624	40	11	80	0.1375000
NODE_6723_length_994_cov_74.678212	544	624	41	3	80	0.0375000
NODE_6723_length_994_cov_74.678212	544	624	42	1	80	0.0125000
NODE_6723_length_994_cov_74.678212	544	624	43	1	80	0.0125000
NODE_6723_length_994_cov_74.678212	544	624	44	14	80	0.1750000
NODE_6723_length_994_cov_74.678212	544	624	45	2	80	0.0250000
NODE_6723_length_994_cov_74.678212	544	624	60	1	80	0.0125000
NODE_6723_length_994_cov_74.678212	544	624	65	13	80	0.1625000
NODE_6723_length_994_cov_74.678212	544	624	66	21	80	0.2625000
NODE_6724_length_994_cov_26.045810	442	522	0	7	80	0.0875000
NODE_6724_length_994_cov_26.045810	442	522	4	73	80	0.9125000
NODE_6724_length_994_cov_26.045810	495	575	0	9	80	0.1125000
NODE_6724_length_994_cov_26.045810	495	575	4	71	80	0.8875000
NODE_6725_length_994_cov_25.240223	504	584	3	7	80	0.0875000
NODE_6725_length_994_cov_25.240223	504	584	8	10	80	0.1250000
NODE_6725_length_994_cov_25.240223	504	584	9	9	80	0.1125000
NODE_6725_length_994_cov_25.240223	504	584	10	54	80	0.6750000
NODE_6725_length_994_cov_25.240223	557	637	7	7	80	0.0875000
NODE_6725_length_994_cov_25.240223	557	637	8	28	80	0.3500000
NODE_6725_length_994_cov_25.240223	557	637	10	19	80	0.2375000
NODE_6725_length_994_cov_25.240223	557	637	12	9	80	0.1125000
NODE_6725_length_994_cov_25.240223	557	637	14	17	80	0.2125000
NODE_6726_length_994_cov_24.615642	422	502	0	80	80	1.0000000
NODE_6726_length_994_cov_24.615642	475	555	0	58	80	0.7250000
NODE_6726_length_994_cov_24.615642	475	555	2	22	80	0.2750000
NODE_6726_length_994_cov_24.615642	551	631	2	80	80	1.0000000
NODE_6726_length_994_cov_24.615642	604	684	2	72	80	0.9000000
NODE_6726_length_994_cov_24.615642	604	684	4	8	80	0.1000000
NODE_6727_length_994_cov_22.593296	323	403	4	24	80	0.3000000
NODE_6727_length_994_cov_22.593296	323	403	6	2	80	0.0250000
NODE_6727_length_994_cov_22.593296	323	403	8	31	80	0.3875000
NODE_6727_length_994_cov_22.593296	323	403	10	23	80	0.2875000
NODE_6727_length_994_cov_22.593296	376	456	2	4	80	0.0500000
NODE_6727_length_994_cov_22.593296	376	456	4	13	80	0.1625000
NODE_6727_length_994_cov_22.593296	376	456	6	9	80	0.1125000
NODE_6727_length_994_cov_22.593296	376	456	8	4	80	0.0500000
NODE_6727_length_994_cov_22.593296	376	456	10	50	80	0.6250000
NODE_6727_length_994_cov_22.593296	452	532	0	45	80	0.5625000
NODE_6727_length_994_cov_22.593296	452	532	2	35	80	0.4375000
NODE_6727_length_994_cov_22.593296	505	585	0	80	80	1.0000000
NODE_6728_length_994_cov_6.985475	0	58	0	58	58	1.0000000
NODE_6728_length_994_cov_6.985475	15	95	0	54	80	0.6750000
NODE_6728_length_994_cov_6.985475	15	95	2	26	80	0.3250000
NODE_6728_length_994_cov_6.985475	68	148	0	1	80	0.0125000
NODE_6728_length_994_cov_6.985475	68	148	2	79	80	0.9875000
NODE_6740_length_993_cov_56.321029	266	346	2	80	80	1.0000000
NODE_6740_length_993_cov_56.321029	319	399	0	1	80	0.0125000
NODE_6740_length_993_cov_56.321029	319	399	2	62	80	0.7750000
NODE_6740_length_993_cov_56.321029	319	399	4	17	80	0.2125000
NODE_6740_length_993_cov_56.321029	400	470	4	70	70	1.0000000
NODE_6740_length_993_cov_56.321029	443	523	0	41	80	0.5125000
NODE_6740_length_993_cov_56.321029	443	523	2	1	80	0.0125000
NODE_6740_length_993_cov_56.321029	443	523	4	38	80	0.4750000
NODE_6741_length_993_cov_44.695749	385	465	10	36	80	0.4500000
NODE_6741_length_993_cov_44.695749	385	465	12	30	80	0.3750000
NODE_6741_length_993_cov_44.695749	385	465	14	14	80	0.1750000
NODE_6741_length_993_cov_44.695749	438	518	4	2	80	0.0250000
NODE_6741_length_993_cov_44.695749	438	518	6	41	80	0.5125000
NODE_6741_length_993_cov_44.695749	438	518	9	1	80	0.0125000
NODE_6741_length_993_cov_44.695749	438	518	10	6	80	0.0750000
NODE_6741_length_993_cov_44.695749	438	518	12	30	80	0.3750000
NODE_6742_length_993_cov_40.574944	417	497	0	39	80	0.4875000
NODE_6742_length_993_cov_40.574944	417	497	2	41	80	0.5125000
NODE_6742_length_993_cov_40.574944	470	550	0	80	80	1.0000000
NODE_6742_length_993_cov_40.574944	546	628	0	23	82	0.2804878
NODE_6742_length_993_cov_40.574944	546	628	1	2	82	0.0243902
NODE_6742_length_993_cov_40.574944	546	628	3	8	82	0.0975610
NODE_6742_length_993_cov_40.574944	546	628	5	8	82	0.0975610
NODE_6742_length_993_cov_40.574944	546	628	6	41	82	0.5000000
NODE_6742_length_993_cov_40.574944	601	681	2	7	80	0.0875000
NODE_6742_length_993_cov_40.574944	601	681	4	9	80	0.1125000
NODE_6742_length_993_cov_40.574944	601	681	6	64	80	0.8000000
NODE_6743_length_993_cov_39.817673	3	83	4	15	80	0.1875000
NODE_6743_length_993_cov_39.817673	3	83	6	7	80	0.0875000
NODE_6743_length_993_cov_39.817673	3	83	10	58	80	0.7250000
NODE_6744_length_993_cov_30.128635	477	557	5	34	80	0.4250000
NODE_6744_length_993_cov_30.128635	477	557	13	7	80	0.0875000
NODE_6744_length_993_cov_30.128635	477	557	14	7	80	0.0875000
NODE_6744_length_993_cov_30.128635	477	557	16	32	80	0.4000000
NODE_6744_length_993_cov_30.128635	530	610	13	26	80	0.3250000
NODE_6744_length_993_cov_30.128635	530	610	14	25	80	0.3125000
NODE_6744_length_993_cov_30.128635	530	610	15	1	80	0.0125000
NODE_6744_length_993_cov_30.128635	530	610	16	28	80	0.3500000
NODE_6745_length_993_cov_17.435123	573	653	4	80	80	1.0000000
NODE_6745_length_993_cov_17.435123	626	706	0	33	80	0.4125000
NODE_6745_length_993_cov_17.435123	626	706	4	47	80	0.5875000
NODE_6746_length_993_cov_13.074944	483	563	0	16	80	0.2000000
NODE_6746_length_993_cov_13.074944	483	563	2	3	80	0.0375000
NODE_6746_length_993_cov_13.074944	483	563	6	61	80	0.7625000
NODE_6746_length_993_cov_13.074944	536	616	4	9	80	0.1125000
NODE_6746_length_993_cov_13.074944	536	616	6	71	80	0.8875000
NODE_6747_length_993_cov_10.190157	500	580	0	20	80	0.2500000
NODE_6747_length_993_cov_10.190157	500	580	2	32	80	0.4000000
NODE_6747_length_993_cov_10.190157	500	580	4	28	80	0.3500000
NODE_6747_length_993_cov_10.190157	553	633	4	69	80	0.8625000
NODE_6747_length_993_cov_10.190157	553	633	6	11	80	0.1375000
NODE_6756_length_993_cov_0.909396	16	73	0	57	57	1.0000000
NODE_6757_length_992_cov_36.119821	354	434	4	63	80	0.7875000
NODE_6757_length_992_cov_36.119821	354	434	6	17	80	0.2125000
NODE_6757_length_992_cov_36.119821	407	487	2	50	80	0.6250000
NODE_6757_length_992_cov_36.119821	407	487	4	10	80	0.1250000
NODE_6757_length_992_cov_36.119821	407	487	6	20	80	0.2500000
NODE_6757_length_992_cov_36.119821	483	563	2	73	80	0.9125000
NODE_6757_length_992_cov_36.119821	483	563	4	7	80	0.0875000
NODE_6757_length_992_cov_36.119821	536	616	2	80	80	1.0000000
NODE_6758_length_992_cov_34.802912	443	523	0	29	80	0.3625000
NODE_6758_length_992_cov_34.802912	443	523	2	51	80	0.6375000
NODE_6758_length_992_cov_34.802912	496	576	0	6	80	0.0750000
NODE_6758_length_992_cov_34.802912	496	576	2	74	80	0.9250000
NODE_6759_length_992_cov_33.047032	381	461	16	58	80	0.7250000
NODE_6759_length_992_cov_33.047032	381	461	18	22	80	0.2750000
NODE_6759_length_992_cov_33.047032	434	514	2	29	80	0.3625000
NODE_6759_length_992_cov_33.047032	434	514	16	5	80	0.0625000
NODE_6759_length_992_cov_33.047032	434	514	18	46	80	0.5750000
NODE_6759_length_992_cov_33.047032	510	590	0	67	80	0.8375000
NODE_6759_length_992_cov_33.047032	510	590	2	13	80	0.1625000
NODE_6759_length_992_cov_33.047032	563	643	0	80	80	1.0000000
NODE_6760_length_992_cov_23.543113	435	515	0	1	80	0.0125000
NODE_6760_length_992_cov_23.543113	435	515	1	12	80	0.1500000
NODE_6760_length_992_cov_23.543113	435	515	2	49	80	0.6125000
NODE_6760_length_992_cov_23.543113	435	515	3	3	80	0.0375000
NODE_6760_length_992_cov_23.543113	435	515	4	7	80	0.0875000
NODE_6760_length_992_cov_23.543113	435	515	6	2	80	0.0250000
NODE_6760_length_992_cov_23.543113	435	515	7	6	80	0.0750000
NODE_6760_length_992_cov_23.543113	488	568	1	9	80	0.1125000
NODE_6760_length_992_cov_23.543113	488	568	3	3	80	0.0375000
NODE_6760_length_992_cov_23.543113	488	568	4	7	80	0.0875000
NODE_6760_length_992_cov_23.543113	488	568	6	2	80	0.0250000
NODE_6760_length_992_cov_23.543113	488	568	7	8	80	0.1000000
NODE_6760_length_992_cov_23.543113	488	568	8	51	80	0.6375000
NODE_6761_length_992_cov_22.608063	440	520	0	80	80	1.0000000
NODE_6761_length_992_cov_22.608063	493	573	0	80	80	1.0000000
NODE_6762_length_992_cov_21.427772	216	296	0	80	80	1.0000000
NODE_6762_length_992_cov_21.427772	269	349	0	80	80	1.0000000
NODE_6763_length_992_cov_20.010078	312	392	0	11	80	0.1375000
NODE_6763_length_992_cov_20.010078	312	392	2	3	80	0.0375000
NODE_6763_length_992_cov_20.010078	312	392	8	17	80	0.2125000
NODE_6763_length_992_cov_20.010078	312	392	14	17	80	0.2125000
NODE_6763_length_992_cov_20.010078	312	392	16	32	80	0.4000000
NODE_6763_length_992_cov_20.010078	365	445	10	4	80	0.0500000
NODE_6763_length_992_cov_20.010078	365	445	16	76	80	0.9500000
NODE_6764_length_992_cov_16.524076	465	545	0	14	80	0.1750000
NODE_6764_length_992_cov_16.524076	465	545	2	66	80	0.8250000
NODE_6764_length_992_cov_16.524076	518	598	2	64	80	0.8000000
NODE_6764_length_992_cov_16.524076	518	598	4	16	80	0.2000000
NODE_6765_length_992_cov_16.266517	396	476	0	31	80	0.3875000
NODE_6765_length_992_cov_16.266517	396	476	2	14	80	0.1750000
NODE_6765_length_992_cov_16.266517	396	476	4	35	80	0.4375000
NODE_6765_length_992_cov_16.266517	449	529	4	80	80	1.0000000
NODE_6766_length_992_cov_16.146697	272	352	0	80	80	1.0000000
NODE_6766_length_992_cov_16.146697	325	405	0	80	80	1.0000000
NODE_6767_length_992_cov_15.212766	354	434	0	80	80	1.0000000
NODE_6767_length_992_cov_15.212766	407	487	0	80	80	1.0000000
NODE_6767_length_992_cov_15.212766	483	563	0	80	80	1.0000000
NODE_6767_length_992_cov_15.212766	536	616	0	80	80	1.0000000
NODE_6781_length_991_cov_48.582960	451	531	0	6	80	0.0750000
NODE_6781_length_991_cov_48.582960	451	531	17	9	80	0.1125000
NODE_6781_length_991_cov_48.582960	451	531	25	2	80	0.0250000
NODE_6781_length_991_cov_48.582960	451	531	31	4	80	0.0500000
NODE_6781_length_991_cov_48.582960	451	531	32	10	80	0.1250000
NODE_6781_length_991_cov_48.582960	451	531	38	40	80	0.5000000
NODE_6781_length_991_cov_48.582960	451	531	47	1	80	0.0125000
NODE_6781_length_991_cov_48.582960	451	531	48	6	80	0.0750000
NODE_6781_length_991_cov_48.582960	451	531	50	2	80	0.0250000
NODE_6781_length_991_cov_48.582960	504	584	38	18	80	0.2250000
NODE_6781_length_991_cov_48.582960	504	584	43	10	80	0.1250000
NODE_6781_length_991_cov_48.582960	504	584	47	1	80	0.0125000
NODE_6781_length_991_cov_48.582960	504	584	48	6	80	0.0750000
NODE_6781_length_991_cov_48.582960	504	584	50	12	80	0.1500000
NODE_6781_length_991_cov_48.582960	504	584	51	32	80	0.4000000
NODE_6781_length_991_cov_48.582960	504	584	52	1	80	0.0125000
NODE_6782_length_991_cov_25.891256	340	420	0	21	80	0.2625000
NODE_6782_length_991_cov_25.891256	340	420	4	19	80	0.2375000
NODE_6782_length_991_cov_25.891256	340	420	6	40	80	0.5000000
NODE_6782_length_991_cov_25.891256	393	473	4	20	80	0.2500000
NODE_6782_length_991_cov_25.891256	393	473	6	42	80	0.5250000
NODE_6782_length_991_cov_25.891256	393	473	8	17	80	0.2125000
NODE_6782_length_991_cov_25.891256	393	473	10	1	80	0.0125000
NODE_6782_length_991_cov_25.891256	469	549	6	3	80	0.0375000
NODE_6782_length_991_cov_25.891256	469	549	8	4	80	0.0500000
NODE_6782_length_991_cov_25.891256	469	549	10	10	80	0.1250000
NODE_6782_length_991_cov_25.891256	469	549	12	26	80	0.3250000
NODE_6782_length_991_cov_25.891256	469	549	14	7	80	0.0875000
NODE_6782_length_991_cov_25.891256	469	549	16	12	80	0.1500000
NODE_6782_length_991_cov_25.891256	469	549	18	18	80	0.2250000
NODE_6782_length_991_cov_25.891256	522	602	6	14	80	0.1750000
NODE_6782_length_991_cov_25.891256	522	602	8	2	80	0.0250000
NODE_6782_length_991_cov_25.891256	522	602	12	9	80	0.1125000
NODE_6782_length_991_cov_25.891256	522	602	16	24	80	0.3000000
NODE_6782_length_991_cov_25.891256	522	602	18	31	80	0.3875000
NODE_6783_length_991_cov_25.392377	377	457	0	23	80	0.2875000
NODE_6783_length_991_cov_25.392377	377	457	2	41	80	0.5125000
NODE_6783_length_991_cov_25.392377	377	457	6	16	80	0.2000000
NODE_6783_length_991_cov_25.392377	430	510	2	11	80	0.1375000
NODE_6783_length_991_cov_25.392377	430	510	6	18	80	0.2250000
NODE_6783_length_991_cov_25.392377	430	510	12	51	80	0.6375000
NODE_6783_length_991_cov_25.392377	506	586	8	7	80	0.0875000
NODE_6783_length_991_cov_25.392377	506	586	10	12	80	0.1500000
NODE_6783_length_991_cov_25.392377	506	586	12	61	80	0.7625000
NODE_6783_length_991_cov_25.392377	559	639	2	34	80	0.4250000
NODE_6783_length_991_cov_25.392377	559	639	8	26	80	0.3250000
NODE_6783_length_991_cov_25.392377	559	639	12	20	80	0.2500000
NODE_6784_length_991_cov_22.210762	421	501	0	9	80	0.1125000
NODE_6784_length_991_cov_22.210762	421	501	2	3	80	0.0375000
NODE_6784_length_991_cov_22.210762	421	501	3	1	80	0.0125000
NODE_6784_length_991_cov_22.210762	421	501	5	8	80	0.1000000
NODE_6784_length_991_cov_22.210762	421	501	11	28	80	0.3500000
NODE_6784_length_991_cov_22.210762	421	501	12	31	80	0.3875000
NODE_6784_length_991_cov_22.210762	474	554	8	2	80	0.0250000
NODE_6784_length_991_cov_22.210762	474	554	10	24	80	0.3000000
NODE_6784_length_991_cov_22.210762	474	554	12	54	80	0.6750000
NODE_6785_length_991_cov_18.008969	366	446	0	31	80	0.3875000
NODE_6785_length_991_cov_18.008969	366	446	4	49	80	0.6125000
NODE_6785_length_991_cov_18.008969	419	499	4	80	80	1.0000000
NODE_6785_length_991_cov_18.008969	495	575	0	68	80	0.8500000
NODE_6785_length_991_cov_18.008969	495	575	4	12	80	0.1500000
NODE_6785_length_991_cov_18.008969	548	629	0	81	81	1.0000000
NODE_6786_length_991_cov_14.727578	426	506	0	17	80	0.2125000
NODE_6786_length_991_cov_14.727578	426	506	2	63	80	0.7875000
NODE_6786_length_991_cov_14.727578	479	559	0	4	80	0.0500000
NODE_6786_length_991_cov_14.727578	479	559	2	76	80	0.9500000
NODE_6787_length_991_cov_13.081839	240	320	0	80	80	1.0000000
NODE_6787_length_991_cov_13.081839	293	373	0	80	80	1.0000000
NODE_6788_length_991_cov_12.693946	425	505	0	17	80	0.2125000
NODE_6788_length_991_cov_12.693946	425	505	11	35	80	0.4375000
NODE_6788_length_991_cov_12.693946	425	505	12	11	80	0.1375000
NODE_6788_length_991_cov_12.693946	425	505	16	17	80	0.2125000
NODE_6788_length_991_cov_12.693946	478	558	12	10	80	0.1250000
NODE_6788_length_991_cov_12.693946	478	558	15	17	80	0.2125000
NODE_6788_length_991_cov_12.693946	478	558	16	53	80	0.6625000
NODE_6789_length_991_cov_9.647982	436	516	6	37	80	0.4625000
NODE_6789_length_991_cov_9.647982	436	516	8	43	80	0.5375000
NODE_6789_length_991_cov_9.647982	489	569	0	18	80	0.2250000
NODE_6789_length_991_cov_9.647982	489	569	4	3	80	0.0375000
NODE_6789_length_991_cov_9.647982	489	569	6	57	80	0.7125000
NODE_6789_length_991_cov_9.647982	489	569	8	2	80	0.0250000
NODE_6790_length_991_cov_5.176009	538	618	0	76	80	0.9500000
NODE_6790_length_991_cov_5.176009	538	618	2	4	80	0.0500000
NODE_6790_length_991_cov_5.176009	591	671	0	23	80	0.2875000
NODE_6790_length_991_cov_5.176009	591	671	2	57	80	0.7125000
NODE_6801_length_990_cov_39.386083	402	482	0	13	80	0.1625000
NODE_6801_length_990_cov_39.386083	402	482	7	1	80	0.0125000
NODE_6801_length_990_cov_39.386083	402	482	8	25	80	0.3125000
NODE_6801_length_990_cov_39.386083	402	482	12	41	80	0.5125000
NODE_6801_length_990_cov_39.386083	455	535	0	6	80	0.0750000
NODE_6801_length_990_cov_39.386083	455	535	4	1	80	0.0125000
NODE_6801_length_990_cov_39.386083	455	535	12	73	80	0.9125000
NODE_6802_length_990_cov_35.993266	321	401	0	80	80	1.0000000
NODE_6802_length_990_cov_35.993266	374	454	0	74	80	0.9250000
NODE_6802_length_990_cov_35.993266	374	454	2	6	80	0.0750000
NODE_6802_length_990_cov_35.993266	450	530	2	11	80	0.1375000
NODE_6802_length_990_cov_35.993266	450	530	4	39	80	0.4875000
NODE_6802_length_990_cov_35.993266	450	530	6	30	80	0.3750000
NODE_6802_length_990_cov_35.993266	503	583	0	4	80	0.0500000
NODE_6802_length_990_cov_35.993266	503	583	2	38	80	0.4750000
NODE_6802_length_990_cov_35.993266	503	583	4	8	80	0.1000000
NODE_6802_length_990_cov_35.993266	503	583	6	30	80	0.3750000
NODE_6803_length_990_cov_24.445567	588	668	1	10	80	0.1250000
NODE_6803_length_990_cov_24.445567	588	668	2	14	80	0.1750000
NODE_6803_length_990_cov_24.445567	588	668	4	56	80	0.7000000
NODE_6803_length_990_cov_24.445567	641	721	0	39	80	0.4875000
NODE_6803_length_990_cov_24.445567	641	721	1	24	80	0.3000000
NODE_6803_length_990_cov_24.445567	641	721	2	14	80	0.1750000
NODE_6803_length_990_cov_24.445567	641	721	4	3	80	0.0375000
NODE_6805_length_990_cov_22.378227	430	510	0	29	80	0.3625000
NODE_6805_length_990_cov_22.378227	430	510	2	8	80	0.1000000
NODE_6805_length_990_cov_22.378227	430	510	4	40	80	0.5000000
NODE_6805_length_990_cov_22.378227	430	510	6	3	80	0.0375000
NODE_6805_length_990_cov_22.378227	483	563	0	80	80	1.0000000
NODE_6806_length_990_cov_20.150393	408	488	2	1	80	0.0125000
NODE_6806_length_990_cov_20.150393	408	488	8	53	80	0.6625000
NODE_6806_length_990_cov_20.150393	408	488	10	26	80	0.3250000
NODE_6806_length_990_cov_20.150393	461	541	8	1	80	0.0125000
NODE_6806_length_990_cov_20.150393	461	541	9	5	80	0.0625000
NODE_6806_length_990_cov_20.150393	461	541	10	74	80	0.9250000
NODE_6807_length_990_cov_18.154882	434	514	0	40	80	0.5000000
NODE_6807_length_990_cov_18.154882	434	514	2	40	80	0.5000000
NODE_6807_length_990_cov_18.154882	487	567	0	80	80	1.0000000
NODE_6808_length_990_cov_17.250281	329	409	0	31	80	0.3875000
NODE_6808_length_990_cov_17.250281	329	409	2	49	80	0.6125000
NODE_6808_length_990_cov_17.250281	382	462	0	6	80	0.0750000
NODE_6808_length_990_cov_17.250281	382	462	2	62	80	0.7750000
NODE_6808_length_990_cov_17.250281	382	462	9	12	80	0.1500000
NODE_6808_length_990_cov_17.250281	458	538	9	5	80	0.0625000
NODE_6808_length_990_cov_17.250281	458	538	18	1	80	0.0125000
NODE_6808_length_990_cov_17.250281	458	538	19	36	80	0.4500000
NODE_6808_length_990_cov_17.250281	458	538	21	9	80	0.1125000
NODE_6808_length_990_cov_17.250281	458	538	27	13	80	0.1625000
NODE_6808_length_990_cov_17.250281	458	538	29	6	80	0.0750000
NODE_6808_length_990_cov_17.250281	458	538	30	6	80	0.0750000
NODE_6808_length_990_cov_17.250281	458	538	32	4	80	0.0500000
NODE_6808_length_990_cov_17.250281	511	591	22	4	80	0.0500000
NODE_6808_length_990_cov_17.250281	511	591	27	11	80	0.1375000
NODE_6808_length_990_cov_17.250281	511	591	29	6	80	0.0750000
NODE_6808_length_990_cov_17.250281	511	591	30	6	80	0.0750000
NODE_6808_length_990_cov_17.250281	511	591	32	53	80	0.6625000
NODE_6809_length_990_cov_14.977553	448	528	0	29	80	0.3625000
NODE_6809_length_990_cov_14.977553	448	528	2	51	80	0.6375000
NODE_6809_length_990_cov_14.977553	501	581	0	53	80	0.6625000
NODE_6809_length_990_cov_14.977553	501	581	2	27	80	0.3375000
NODE_6810_length_990_cov_13.846240	482	562	4	41	80	0.5125000
NODE_6810_length_990_cov_13.846240	482	562	8	39	80	0.4875000
NODE_6810_length_990_cov_13.846240	535	615	0	14	80	0.1750000
NODE_6810_length_990_cov_13.846240	535	615	2	23	80	0.2875000
NODE_6810_length_990_cov_13.846240	535	615	4	43	80	0.5375000
NODE_6821_length_990_cov_0.978676	79	151	0	26	72	0.3611111
NODE_6821_length_990_cov_0.978676	79	151	2	46	72	0.6388889
NODE_6821_length_990_cov_0.978676	82	152	0	27	70	0.3857143
NODE_6821_length_990_cov_0.978676	82	152	2	43	70	0.6142857
NODE_6823_length_989_cov_45.902247	47	127	2	1	80	0.0125000
NODE_6823_length_989_cov_45.902247	47	127	4	2	80	0.0250000
NODE_6823_length_989_cov_45.902247	47	127	8	2	80	0.0250000
NODE_6823_length_989_cov_45.902247	47	127	10	2	80	0.0250000
NODE_6823_length_989_cov_45.902247	47	127	14	1	80	0.0125000
NODE_6823_length_989_cov_45.902247	47	127	20	3	80	0.0375000
NODE_6823_length_989_cov_45.902247	47	127	22	69	80	0.8625000
NODE_6823_length_989_cov_45.902247	330	410	0	12	80	0.1500000
NODE_6823_length_989_cov_45.902247	330	410	2	35	80	0.4375000
NODE_6823_length_989_cov_45.902247	330	410	4	33	80	0.4125000
NODE_6823_length_989_cov_45.902247	383	463	0	17	80	0.2125000
NODE_6823_length_989_cov_45.902247	383	463	2	63	80	0.7875000
NODE_6824_length_989_cov_35.430337	412	492	12	16	80	0.2000000
NODE_6824_length_989_cov_35.430337	412	492	16	19	80	0.2375000
NODE_6824_length_989_cov_35.430337	412	492	18	11	80	0.1375000
NODE_6824_length_989_cov_35.430337	412	492	22	10	80	0.1250000
NODE_6824_length_989_cov_35.430337	412	492	26	24	80	0.3000000
NODE_6824_length_989_cov_35.430337	465	545	4	2	80	0.0250000
NODE_6824_length_989_cov_35.430337	465	545	8	5	80	0.0625000
NODE_6824_length_989_cov_35.430337	465	545	10	7	80	0.0875000
NODE_6824_length_989_cov_35.430337	465	545	22	4	80	0.0500000
NODE_6824_length_989_cov_35.430337	465	545	26	62	80	0.7750000
NODE_6825_length_989_cov_30.124719	477	557	7	54	80	0.6750000
NODE_6825_length_989_cov_30.124719	477	557	8	26	80	0.3250000
NODE_6825_length_989_cov_30.124719	530	610	0	42	80	0.5250000
NODE_6825_length_989_cov_30.124719	530	610	6	1	80	0.0125000
NODE_6825_length_989_cov_30.124719	530	610	7	37	80	0.4625000
NODE_6826_length_989_cov_29.347191	447	527	0	38	80	0.4750000
NODE_6826_length_989_cov_29.347191	447	527	4	9	80	0.1125000
NODE_6826_length_989_cov_29.347191	447	527	6	33	80	0.4125000
NODE_6826_length_989_cov_29.347191	500	580	6	80	80	1.0000000
NODE_6826_length_989_cov_29.347191	576	656	0	60	80	0.7500000
NODE_6826_length_989_cov_29.347191	576	656	4	6	80	0.0750000
NODE_6826_length_989_cov_29.347191	576	656	6	14	80	0.1750000
NODE_6826_length_989_cov_29.347191	629	709	0	80	80	1.0000000
NODE_6827_length_989_cov_27.886517	245	325	2	19	80	0.2375000
NODE_6827_length_989_cov_27.886517	245	325	4	61	80	0.7625000
NODE_6827_length_989_cov_27.886517	298	378	0	50	80	0.6250000
NODE_6827_length_989_cov_27.886517	298	378	2	22	80	0.2750000
NODE_6827_length_989_cov_27.886517	298	378	4	8	80	0.1000000
NODE_6827_length_989_cov_27.886517	374	454	0	6	80	0.0750000
NODE_6827_length_989_cov_27.886517	374	454	4	74	80	0.9250000
NODE_6827_length_989_cov_27.886517	427	507	0	8	80	0.1000000
NODE_6827_length_989_cov_27.886517	427	507	4	72	80	0.9000000
NODE_6828_length_989_cov_27.515730	393	473	12	15	80	0.1875000
NODE_6828_length_989_cov_27.515730	393	473	13	4	80	0.0500000
NODE_6828_length_989_cov_27.515730	393	473	14	8	80	0.1000000
NODE_6828_length_989_cov_27.515730	393	473	16	53	80	0.6625000
NODE_6828_length_989_cov_27.515730	446	526	7	8	80	0.1000000
NODE_6828_length_989_cov_27.515730	446	526	8	4	80	0.0500000
NODE_6828_length_989_cov_27.515730	446	526	9	1	80	0.0125000
NODE_6828_length_989_cov_27.515730	446	526	10	16	80	0.2000000
NODE_6828_length_989_cov_27.515730	446	526	11	2	80	0.0250000
NODE_6828_length_989_cov_27.515730	446	526	12	25	80	0.3125000
NODE_6828_length_989_cov_27.515730	446	526	13	16	80	0.2000000
NODE_6828_length_989_cov_27.515730	446	526	14	8	80	0.1000000
NODE_6828_length_989_cov_27.515730	522	602	10	3	80	0.0375000
NODE_6828_length_989_cov_27.515730	522	602	12	77	80	0.9625000
NODE_6828_length_989_cov_27.515730	575	655	2	4	80	0.0500000
NODE_6828_length_989_cov_27.515730	575	655	5	9	80	0.1125000
NODE_6828_length_989_cov_27.515730	575	655	8	35	80	0.4375000
NODE_6828_length_989_cov_27.515730	575	655	10	3	80	0.0375000
NODE_6828_length_989_cov_27.515730	575	655	12	29	80	0.3625000
NODE_6829_length_989_cov_23.844944	312	392	4	29	80	0.3625000
NODE_6829_length_989_cov_23.844944	312	392	6	7	80	0.0875000
NODE_6829_length_989_cov_23.844944	312	392	8	37	80	0.4625000
NODE_6829_length_989_cov_23.844944	312	392	10	7	80	0.0875000
NODE_6829_length_989_cov_23.844944	365	445	0	5	80	0.0625000
NODE_6829_length_989_cov_23.844944	365	445	4	11	80	0.1375000
NODE_6829_length_989_cov_23.844944	365	445	6	28	80	0.3500000
NODE_6829_length_989_cov_23.844944	365	445	8	36	80	0.4500000
NODE_6830_length_989_cov_23.131461	475	555	2	56	80	0.7000000
NODE_6830_length_989_cov_23.131461	475	555	4	24	80	0.3000000
NODE_6830_length_989_cov_23.131461	528	608	2	56	80	0.7000000
NODE_6830_length_989_cov_23.131461	528	608	4	24	80	0.3000000
NODE_6831_length_989_cov_20.189888	500	580	2	19	80	0.2375000
NODE_6831_length_989_cov_20.189888	500	580	4	13	80	0.1625000
NODE_6831_length_989_cov_20.189888	500	580	5	36	80	0.4500000
NODE_6831_length_989_cov_20.189888	500	580	6	12	80	0.1500000
NODE_6831_length_989_cov_20.189888	553	633	0	7	80	0.0875000
NODE_6831_length_989_cov_20.189888	553	633	1	6	80	0.0750000
NODE_6831_length_989_cov_20.189888	553	633	3	17	80	0.2125000
NODE_6831_length_989_cov_20.189888	553	633	5	50	80	0.6250000
NODE_6832_length_989_cov_18.429213	190	270	0	80	80	1.0000000
NODE_6832_length_989_cov_18.429213	258	323	0	28	65	0.4307692
NODE_6832_length_989_cov_18.429213	258	323	1	11	65	0.1692308
NODE_6832_length_989_cov_18.429213	258	323	2	26	65	0.4000000
NODE_6832_length_989_cov_18.429213	319	399	2	39	80	0.4875000
NODE_6832_length_989_cov_18.429213	319	399	4	1	80	0.0125000
NODE_6832_length_989_cov_18.429213	319	399	16	40	80	0.5000000
NODE_6832_length_989_cov_18.429213	372	412	16	40	40	1.0000000
NODE_6833_length_989_cov_10.307865	433	513	2	55	80	0.6875000
NODE_6833_length_989_cov_10.307865	433	513	4	25	80	0.3125000
NODE_6833_length_989_cov_10.307865	486	570	2	6	84	0.0714286
NODE_6833_length_989_cov_10.307865	486	570	3	1	84	0.0119048
NODE_6833_length_989_cov_10.307865	486	570	4	77	84	0.9166667
NODE_6833_length_989_cov_10.307865	566	642	2	10	76	0.1315790
NODE_6833_length_989_cov_10.307865	566	642	4	21	76	0.2763158
NODE_6833_length_989_cov_10.307865	566	642	6	8	76	0.1052632
NODE_6833_length_989_cov_10.307865	566	642	8	6	76	0.0789474
NODE_6833_length_989_cov_10.307865	566	642	10	7	76	0.0921053
NODE_6833_length_989_cov_10.307865	566	642	11	3	76	0.0394737
NODE_6833_length_989_cov_10.307865	566	642	12	21	76	0.2763158
NODE_6833_length_989_cov_10.307865	615	695	6	3	80	0.0375000
NODE_6833_length_989_cov_10.307865	615	695	8	8	80	0.1000000
NODE_6833_length_989_cov_10.307865	615	695	10	6	80	0.0750000
NODE_6833_length_989_cov_10.307865	615	695	11	3	80	0.0375000
NODE_6833_length_989_cov_10.307865	615	695	12	60	80	0.7500000
NODE_6834_length_989_cov_8.941573	528	608	0	70	80	0.8750000
NODE_6834_length_989_cov_8.941573	528	608	2	10	80	0.1250000
NODE_6834_length_989_cov_8.941573	581	661	0	17	80	0.2125000
NODE_6834_length_989_cov_8.941573	581	661	2	63	80	0.7875000
NODE_6835_length_989_cov_5.132584	459	524	0	65	65	1.0000000
NODE_6838_length_989_cov_2.540449	703	783	2	48	80	0.6000000
NODE_6838_length_989_cov_2.540449	703	783	4	32	80	0.4000000
NODE_6845_length_988_cov_52.168729	361	441	0	80	80	1.0000000
NODE_6845_length_988_cov_52.168729	414	494	0	80	80	1.0000000
NODE_6845_length_988_cov_52.168729	490	570	0	14	80	0.1750000
NODE_6845_length_988_cov_52.168729	490	570	2	66	80	0.8250000
NODE_6845_length_988_cov_52.168729	543	623	0	42	80	0.5250000
NODE_6845_length_988_cov_52.168729	543	623	2	38	80	0.4750000
NODE_6846_length_988_cov_36.733408	390	470	4	11	80	0.1375000
NODE_6846_length_988_cov_36.733408	390	470	6	41	80	0.5125000
NODE_6846_length_988_cov_36.733408	390	470	8	28	80	0.3500000
NODE_6846_length_988_cov_36.733408	443	523	2	24	80	0.3000000
NODE_6846_length_988_cov_36.733408	443	523	4	13	80	0.1625000
NODE_6846_length_988_cov_36.733408	443	523	6	43	80	0.5375000
NODE_6847_length_988_cov_36.221597	478	558	0	79	80	0.9875000
NODE_6847_length_988_cov_36.221597	478	558	2	1	80	0.0125000
NODE_6847_length_988_cov_36.221597	531	611	0	32	80	0.4000000
NODE_6847_length_988_cov_36.221597	531	611	2	48	80	0.6000000
NODE_6848_length_988_cov_25.895388	389	469	0	24	80	0.3000000
NODE_6848_length_988_cov_25.895388	389	469	2	2	80	0.0250000
NODE_6848_length_988_cov_25.895388	389	469	6	54	80	0.6750000
NODE_6848_length_988_cov_25.895388	442	522	4	33	80	0.4125000
NODE_6848_length_988_cov_25.895388	442	522	6	47	80	0.5875000
NODE_6848_length_988_cov_25.895388	518	598	2	10	80	0.1250000
NODE_6848_length_988_cov_25.895388	518	598	4	53	80	0.6625000
NODE_6848_length_988_cov_25.895388	518	598	6	17	80	0.2125000
NODE_6848_length_988_cov_25.895388	571	651	0	47	80	0.5875000
NODE_6848_length_988_cov_25.895388	571	651	2	13	80	0.1625000
NODE_6848_length_988_cov_25.895388	571	651	4	20	80	0.2500000
NODE_6849_length_988_cov_20.250844	423	503	4	1	80	0.0125000
NODE_6849_length_988_cov_20.250844	423	503	6	21	80	0.2625000
NODE_6849_length_988_cov_20.250844	423	503	8	39	80	0.4875000
NODE_6849_length_988_cov_20.250844	423	503	10	19	80	0.2375000
NODE_6849_length_988_cov_20.250844	476	556	4	10	80	0.1250000
NODE_6849_length_988_cov_20.250844	476	556	6	11	80	0.1375000
NODE_6849_length_988_cov_20.250844	476	556	8	24	80	0.3000000
NODE_6849_length_988_cov_20.250844	476	556	10	35	80	0.4375000
NODE_6850_length_988_cov_15.812148	474	554	7	43	80	0.5375000
NODE_6850_length_988_cov_15.812148	474	554	8	34	80	0.4250000
NODE_6850_length_988_cov_15.812148	474	554	10	3	80	0.0375000
NODE_6850_length_988_cov_15.812148	527	607	3	6	80	0.0750000
NODE_6850_length_988_cov_15.812148	527	607	5	10	80	0.1250000
NODE_6850_length_988_cov_15.812148	527	607	7	64	80	0.8000000
NODE_6851_length_988_cov_15.082115	435	517	0	43	82	0.5243902
NODE_6851_length_988_cov_15.082115	435	517	2	39	82	0.4756097
NODE_6851_length_988_cov_15.082115	490	570	0	74	80	0.9250000
NODE_6851_length_988_cov_15.082115	490	570	2	6	80	0.0750000
NODE_6852_length_988_cov_14.697413	467	547	0	80	80	1.0000000
NODE_6852_length_988_cov_14.697413	520	600	0	80	80	1.0000000
NODE_6853_length_988_cov_7.730034	562	642	2	80	80	1.0000000
NODE_6853_length_988_cov_7.730034	615	695	0	53	80	0.6625000
NODE_6853_length_988_cov_7.730034	615	695	2	27	80	0.3375000
NODE_6862_length_987_cov_42.784910	383	476	0	93	93	1.0000000
NODE_6862_length_987_cov_42.784910	449	529	0	80	80	1.0000000
NODE_6863_length_987_cov_39.716216	290	370	0	10	80	0.1250000
NODE_6863_length_987_cov_39.716216	290	370	4	70	80	0.8750000
NODE_6863_length_987_cov_39.716216	343	423	0	16	80	0.2000000
NODE_6863_length_987_cov_39.716216	343	423	2	45	80	0.5625000
NODE_6863_length_987_cov_39.716216	343	423	3	2	80	0.0250000
NODE_6863_length_987_cov_39.716216	343	423	4	17	80	0.2125000
NODE_6863_length_987_cov_39.716216	419	499	2	2	80	0.0250000
NODE_6863_length_987_cov_39.716216	419	499	3	56	80	0.7000000
NODE_6863_length_987_cov_39.716216	419	499	4	4	80	0.0500000
NODE_6863_length_987_cov_39.716216	419	499	6	18	80	0.2250000
NODE_6863_length_987_cov_39.716216	472	552	3	5	80	0.0625000
NODE_6863_length_987_cov_39.716216	472	552	4	4	80	0.0500000
NODE_6863_length_987_cov_39.716216	472	552	6	50	80	0.6250000
NODE_6863_length_987_cov_39.716216	472	552	8	21	80	0.2625000
NODE_6864_length_987_cov_28.171171	406	486	0	28	80	0.3500000
NODE_6864_length_987_cov_28.171171	406	486	2	52	80	0.6500000
NODE_6864_length_987_cov_28.171171	459	539	0	22	80	0.2750000
NODE_6864_length_987_cov_28.171171	459	539	2	58	80	0.7250000
NODE_6864_length_987_cov_28.171171	535	615	0	9	80	0.1125000
NODE_6864_length_987_cov_28.171171	535	615	4	28	80	0.3500000
NODE_6864_length_987_cov_28.171171	535	615	6	8	80	0.1000000
NODE_6864_length_987_cov_28.171171	535	615	8	35	80	0.4375000
NODE_6864_length_987_cov_28.171171	588	668	2	11	80	0.1375000
NODE_6864_length_987_cov_28.171171	588	668	4	5	80	0.0625000
NODE_6864_length_987_cov_28.171171	588	668	8	64	80	0.8000000
NODE_6865_length_987_cov_23.627252	331	411	0	34	80	0.4250000
NODE_6865_length_987_cov_23.627252	331	411	2	46	80	0.5750000
NODE_6865_length_987_cov_23.627252	384	464	0	16	80	0.2000000
NODE_6865_length_987_cov_23.627252	384	464	2	64	80	0.8000000
NODE_6866_length_987_cov_18.797297	437	517	2	41	80	0.5125000
NODE_6866_length_987_cov_18.797297	437	517	4	39	80	0.4875000
NODE_6866_length_987_cov_18.797297	490	570	0	51	80	0.6375000
NODE_6866_length_987_cov_18.797297	490	570	2	29	80	0.3625000
NODE_6867_length_987_cov_15.628378	369	449	0	80	80	1.0000000
NODE_6867_length_987_cov_15.628378	422	502	0	80	80	1.0000000
NODE_6868_length_987_cov_15.439189	438	518	2	15	80	0.1875000
NODE_6868_length_987_cov_15.439189	438	518	4	65	80	0.8125000
NODE_6868_length_987_cov_15.439189	491	571	4	80	80	1.0000000
NODE_6869_length_987_cov_14.343468	506	586	2	40	80	0.5000000
NODE_6869_length_987_cov_14.343468	506	586	4	40	80	0.5000000
NODE_6869_length_987_cov_14.343468	559	639	2	26	80	0.3250000
NODE_6869_length_987_cov_14.343468	559	639	4	54	80	0.6750000
NODE_6870_length_987_cov_13.515766	475	555	0	80	80	1.0000000
NODE_6870_length_987_cov_13.515766	528	608	0	80	80	1.0000000
NODE_6871_length_987_cov_9.521396	408	482	0	21	74	0.2837838
NODE_6871_length_987_cov_9.521396	408	482	4	53	74	0.7162162
NODE_6871_length_987_cov_9.521396	455	535	0	7	80	0.0875000
NODE_6871_length_987_cov_9.521396	455	535	4	73	80	0.9125000
NODE_6872_length_987_cov_9.054054	440	520	0	80	80	1.0000000
NODE_6872_length_987_cov_9.054054	493	573	0	80	80	1.0000000
NODE_6875_length_987_cov_5.378378	509	589	0	80	80	1.0000000
NODE_6875_length_987_cov_5.378378	562	642	0	80	80	1.0000000
NODE_6889_length_986_cov_36.937993	327	407	16	10	80	0.1250000
NODE_6889_length_986_cov_36.937993	327	407	18	32	80	0.4000000
NODE_6889_length_986_cov_36.937993	327	407	22	38	80	0.4750000
NODE_6889_length_986_cov_36.937993	380	460	0	13	80	0.1625000
NODE_6889_length_986_cov_36.937993	380	460	1	8	80	0.1000000
NODE_6889_length_986_cov_36.937993	380	460	5	11	80	0.1375000
NODE_6889_length_986_cov_36.937993	380	460	6	8	80	0.1000000
NODE_6889_length_986_cov_36.937993	380	460	14	5	80	0.0625000
NODE_6889_length_986_cov_36.937993	380	460	16	18	80	0.2250000
NODE_6889_length_986_cov_36.937993	380	460	18	17	80	0.2125000
NODE_6889_length_986_cov_36.937993	456	536	0	80	80	1.0000000
NODE_6889_length_986_cov_36.937993	509	589	0	80	80	1.0000000
NODE_6890_length_986_cov_35.130778	325	405	2	9	80	0.1125000
NODE_6890_length_986_cov_35.130778	325	405	4	71	80	0.8875000
NODE_6890_length_986_cov_35.130778	378	458	0	43	80	0.5375000
NODE_6890_length_986_cov_35.130778	378	458	2	4	80	0.0500000
NODE_6890_length_986_cov_35.130778	378	458	4	33	80	0.4125000
NODE_6890_length_986_cov_35.130778	454	534	0	54	80	0.6750000
NODE_6890_length_986_cov_35.130778	454	534	2	9	80	0.1125000
NODE_6890_length_986_cov_35.130778	454	534	4	17	80	0.2125000
NODE_6890_length_986_cov_35.130778	507	587	0	1	80	0.0125000
NODE_6890_length_986_cov_35.130778	507	587	2	39	80	0.4875000
NODE_6890_length_986_cov_35.130778	507	587	4	40	80	0.5000000
NODE_6891_length_986_cov_24.037204	602	682	0	80	80	1.0000000
NODE_6891_length_986_cov_24.037204	655	735	0	43	80	0.5375000
NODE_6891_length_986_cov_24.037204	655	735	3	11	80	0.1375000
NODE_6891_length_986_cov_24.037204	655	735	4	26	80	0.3250000
NODE_6891_length_986_cov_24.037204	731	811	4	80	80	1.0000000
NODE_6891_length_986_cov_24.037204	784	864	0	53	80	0.6625000
NODE_6891_length_986_cov_24.037204	784	864	4	27	80	0.3375000
NODE_6892_length_986_cov_20.591883	395	475	2	10	80	0.1250000
NODE_6892_length_986_cov_20.591883	395	475	4	5	80	0.0625000
NODE_6892_length_986_cov_20.591883	395	475	6	65	80	0.8125000
NODE_6892_length_986_cov_20.591883	448	528	0	28	80	0.3500000
NODE_6892_length_986_cov_20.591883	448	528	2	2	80	0.0250000
NODE_6892_length_986_cov_20.591883	448	528	3	1	80	0.0125000
NODE_6892_length_986_cov_20.591883	448	528	4	8	80	0.1000000
NODE_6892_length_986_cov_20.591883	448	528	6	41	80	0.5125000
NODE_6893_length_986_cov_16.815107	389	469	4	80	80	1.0000000
NODE_6893_length_986_cov_16.815107	442	522	0	34	80	0.4250000
NODE_6893_length_986_cov_16.815107	442	522	2	13	80	0.1625000
NODE_6893_length_986_cov_16.815107	442	522	4	33	80	0.4125000
NODE_6894_length_986_cov_11.021421	474	554	2	13	80	0.1625000
NODE_6894_length_986_cov_11.021421	474	554	6	67	80	0.8375000
NODE_6894_length_986_cov_11.021421	527	607	0	29	80	0.3625000
NODE_6894_length_986_cov_11.021421	527	607	2	37	80	0.4625000
NODE_6894_length_986_cov_11.021421	527	607	6	14	80	0.1750000
NODE_6905_length_985_cov_41.707675	443	523	0	9	80	0.1125000
NODE_6905_length_985_cov_41.707675	443	523	2	71	80	0.8875000
NODE_6905_length_985_cov_41.707675	496	576	0	29	80	0.3625000
NODE_6905_length_985_cov_41.707675	496	576	2	51	80	0.6375000
NODE_6911_length_984_cov_64.531073	412	481	0	20	69	0.2898551
NODE_6911_length_984_cov_64.531073	412	481	2	49	69	0.7101449
NODE_6911_length_984_cov_64.531073	454	534	2	66	80	0.8250000
NODE_6911_length_984_cov_64.531073	454	534	4	14	80	0.1750000
NODE_6911_length_984_cov_64.531073	475	555	2	62	80	0.7750000
NODE_6911_length_984_cov_64.531073	475	555	4	18	80	0.2250000
NODE_6911_length_984_cov_64.531073	528	608	2	25	80	0.3125000
NODE_6911_length_984_cov_64.531073	528	608	4	10	80	0.1250000
NODE_6911_length_984_cov_64.531073	528	608	6	3	80	0.0375000
NODE_6911_length_984_cov_64.531073	528	608	8	16	80	0.2000000
NODE_6911_length_984_cov_64.531073	528	608	10	26	80	0.3250000
NODE_6911_length_984_cov_64.531073	549	629	2	14	80	0.1750000
NODE_6911_length_984_cov_64.531073	549	629	6	3	80	0.0375000
NODE_6911_length_984_cov_64.531073	549	629	8	30	80	0.3750000
NODE_6911_length_984_cov_64.531073	549	629	9	1	80	0.0125000
NODE_6911_length_984_cov_64.531073	549	629	10	32	80	0.4000000
NODE_6912_length_984_cov_28.832768	430	510	25	5	80	0.0625000
NODE_6912_length_984_cov_28.832768	430	510	31	7	80	0.0875000
NODE_6912_length_984_cov_28.832768	430	510	38	30	80	0.3750000
NODE_6912_length_984_cov_28.832768	430	510	41	6	80	0.0750000
NODE_6912_length_984_cov_28.832768	430	510	45	1	80	0.0125000
NODE_6912_length_984_cov_28.832768	430	510	46	31	80	0.3875000
NODE_6912_length_984_cov_28.832768	483	563	34	7	80	0.0875000
NODE_6912_length_984_cov_28.832768	483	563	35	12	80	0.1500000
NODE_6912_length_984_cov_28.832768	483	563	39	1	80	0.0125000
NODE_6912_length_984_cov_28.832768	483	563	41	39	80	0.4875000
NODE_6912_length_984_cov_28.832768	483	563	45	1	80	0.0125000
NODE_6912_length_984_cov_28.832768	483	563	46	20	80	0.2500000
NODE_6913_length_984_cov_27.247458	203	283	0	11	80	0.1375000
NODE_6913_length_984_cov_27.247458	203	283	2	24	80	0.3000000
NODE_6913_length_984_cov_27.247458	203	283	6	5	80	0.0625000
NODE_6913_length_984_cov_27.247458	203	283	8	40	80	0.5000000
NODE_6913_length_984_cov_27.247458	256	336	8	42	80	0.5250000
NODE_6913_length_984_cov_27.247458	256	336	10	26	80	0.3250000
NODE_6913_length_984_cov_27.247458	256	336	12	12	80	0.1500000
NODE_6913_length_984_cov_27.247458	332	412	4	10	80	0.1250000
NODE_6913_length_984_cov_27.247458	332	412	6	27	80	0.3375000
NODE_6913_length_984_cov_27.247458	332	412	10	39	80	0.4875000
NODE_6913_length_984_cov_27.247458	332	412	12	4	80	0.0500000
NODE_6913_length_984_cov_27.247458	385	465	0	18	80	0.2250000
NODE_6913_length_984_cov_27.247458	385	465	4	45	80	0.5625000
NODE_6913_length_984_cov_27.247458	385	465	6	17	80	0.2125000
NODE_6914_length_984_cov_25.944633	483	563	2	23	80	0.2875000
NODE_6914_length_984_cov_25.944633	483	563	4	57	80	0.7125000
NODE_6914_length_984_cov_25.944633	536	616	0	26	80	0.3250000
NODE_6914_length_984_cov_25.944633	536	616	2	50	80	0.6250000
NODE_6914_length_984_cov_25.944633	536	616	4	4	80	0.0500000
NODE_6915_length_984_cov_16.611299	351	431	0	19	80	0.2375000
NODE_6915_length_984_cov_16.611299	351	431	3	39	80	0.4875000
NODE_6915_length_984_cov_16.611299	351	431	6	22	80	0.2750000
NODE_6915_length_984_cov_16.611299	404	484	3	5	80	0.0625000
NODE_6915_length_984_cov_16.611299	404	484	6	37	80	0.4625000
NODE_6915_length_984_cov_16.611299	404	484	8	38	80	0.4750000
NODE_6917_length_984_cov_6.414689	415	495	4	2	80	0.0250000
NODE_6917_length_984_cov_6.414689	415	495	5	38	80	0.4750000
NODE_6917_length_984_cov_6.414689	415	495	6	16	80	0.2000000
NODE_6917_length_984_cov_6.414689	415	495	7	24	80	0.3000000
NODE_6917_length_984_cov_6.414689	468	548	0	25	80	0.3125000
NODE_6917_length_984_cov_6.414689	468	548	2	2	80	0.0250000
NODE_6917_length_984_cov_6.414689	468	548	4	28	80	0.3500000
NODE_6917_length_984_cov_6.414689	468	548	5	9	80	0.1125000
NODE_6917_length_984_cov_6.414689	468	548	6	16	80	0.2000000
NODE_6918_length_984_cov_4.720904	494	574	0	40	80	0.5000000
NODE_6918_length_984_cov_4.720904	494	574	4	40	80	0.5000000
NODE_6918_length_984_cov_4.720904	547	627	4	80	80	1.0000000
NODE_6927_length_984_cov_1.333333	922	971	0	49	49	1.0000000
NODE_6931_length_983_cov_34.566742	466	546	2	18	80	0.2250000
NODE_6931_length_983_cov_34.566742	466	546	4	27	80	0.3375000
NODE_6931_length_983_cov_34.566742	466	546	6	35	80	0.4375000
NODE_6931_length_983_cov_34.566742	519	599	6	40	80	0.5000000
NODE_6931_length_983_cov_34.566742	519	599	8	40	80	0.5000000
NODE_6932_length_983_cov_26.011312	449	529	2	8	80	0.1000000
NODE_6932_length_983_cov_26.011312	449	529	8	72	80	0.9000000
NODE_6932_length_983_cov_26.011312	502	582	0	6	80	0.0750000
NODE_6932_length_983_cov_26.011312	502	582	1	4	80	0.0500000
NODE_6932_length_983_cov_26.011312	502	582	2	51	80	0.6375000
NODE_6932_length_983_cov_26.011312	502	582	8	19	80	0.2375000
NODE_6932_length_983_cov_26.011312	578	658	0	80	80	1.0000000
NODE_6932_length_983_cov_26.011312	631	711	0	80	80	1.0000000
NODE_6933_length_983_cov_24.694570	539	619	2	80	80	1.0000000
NODE_6933_length_983_cov_24.694570	592	672	2	80	80	1.0000000
NODE_6934_length_983_cov_22.214932	395	475	2	38	80	0.4750000
NODE_6934_length_983_cov_22.214932	395	475	4	1	80	0.0125000
NODE_6934_length_983_cov_22.214932	395	475	6	2	80	0.0250000
NODE_6934_length_983_cov_22.214932	395	475	8	39	80	0.4875000
NODE_6934_length_983_cov_22.214932	448	528	2	8	80	0.1000000
NODE_6934_length_983_cov_22.214932	448	528	4	1	80	0.0125000
NODE_6934_length_983_cov_22.214932	448	528	6	41	80	0.5125000
NODE_6934_length_983_cov_22.214932	448	528	8	30	80	0.3750000
NODE_6935_length_983_cov_19.132353	377	457	0	55	80	0.6875000
NODE_6935_length_983_cov_19.132353	377	457	9	1	80	0.0125000
NODE_6935_length_983_cov_19.132353	377	457	10	24	80	0.3000000
NODE_6935_length_983_cov_19.132353	430	510	0	2	80	0.0250000
NODE_6935_length_983_cov_19.132353	430	510	9	1	80	0.0125000
NODE_6935_length_983_cov_19.132353	430	510	10	77	80	0.9625000
NODE_6936_length_983_cov_16.875566	419	499	2	15	80	0.1875000
NODE_6936_length_983_cov_16.875566	419	499	4	11	80	0.1375000
NODE_6936_length_983_cov_16.875566	419	499	6	5	80	0.0625000
NODE_6936_length_983_cov_16.875566	419	499	8	13	80	0.1625000
NODE_6936_length_983_cov_16.875566	419	499	9	7	80	0.0875000
NODE_6936_length_983_cov_16.875566	419	499	10	29	80	0.3625000
NODE_6936_length_983_cov_16.875566	472	552	4	14	80	0.1750000
NODE_6936_length_983_cov_16.875566	472	552	6	7	80	0.0875000
NODE_6936_length_983_cov_16.875566	472	552	8	35	80	0.4375000
NODE_6936_length_983_cov_16.875566	472	552	9	7	80	0.0875000
NODE_6936_length_983_cov_16.875566	472	552	10	17	80	0.2125000
NODE_6936_length_983_cov_16.875566	548	628	0	30	80	0.3750000
NODE_6936_length_983_cov_16.875566	548	628	2	16	80	0.2000000
NODE_6936_length_983_cov_16.875566	548	628	4	34	80	0.4250000
NODE_6936_length_983_cov_16.875566	601	681	0	80	80	1.0000000
NODE_6937_length_983_cov_7.240950	487	567	0	80	80	1.0000000
NODE_6937_length_983_cov_7.240950	540	620	0	80	80	1.0000000
NODE_6949_length_982_cov_30.750849	357	437	2	4	80	0.0500000
NODE_6949_length_982_cov_30.750849	357	437	4	1	80	0.0125000
NODE_6949_length_982_cov_30.750849	357	437	8	17	80	0.2125000
NODE_6949_length_982_cov_30.750849	357	437	9	42	80	0.5250000
NODE_6949_length_982_cov_30.750849	357	437	11	16	80	0.2000000
NODE_6949_length_982_cov_30.750849	410	490	2	57	80	0.7125000
NODE_6949_length_982_cov_30.750849	410	490	4	1	80	0.0125000
NODE_6949_length_982_cov_30.750849	410	490	8	1	80	0.0125000
NODE_6949_length_982_cov_30.750849	410	490	9	5	80	0.0625000
NODE_6949_length_982_cov_30.750849	410	490	11	16	80	0.2000000
NODE_6950_length_982_cov_29.901472	516	596	0	9	80	0.1125000
NODE_6950_length_982_cov_29.901472	516	596	2	42	80	0.5250000
NODE_6950_length_982_cov_29.901472	516	596	3	19	80	0.2375000
NODE_6950_length_982_cov_29.901472	516	596	5	10	80	0.1250000
NODE_6950_length_982_cov_29.901472	569	649	2	30	80	0.3750000
NODE_6950_length_982_cov_29.901472	569	649	3	17	80	0.2125000
NODE_6950_length_982_cov_29.901472	569	649	4	1	80	0.0125000
NODE_6950_length_982_cov_29.901472	569	649	5	32	80	0.4000000
NODE_6951_length_982_cov_18.251416	356	436	10	80	80	1.0000000
NODE_6951_length_982_cov_18.251416	409	489	0	15	80	0.1875000
NODE_6951_length_982_cov_18.251416	409	489	2	4	80	0.0500000
NODE_6951_length_982_cov_18.251416	409	489	8	21	80	0.2625000
NODE_6951_length_982_cov_18.251416	409	489	10	40	80	0.5000000
NODE_6951_length_982_cov_18.251416	485	565	0	15	80	0.1875000
NODE_6951_length_982_cov_18.251416	485	565	2	65	80	0.8125000
NODE_6951_length_982_cov_18.251416	538	618	2	40	80	0.5000000
NODE_6951_length_982_cov_18.251416	538	618	4	40	80	0.5000000
NODE_6952_length_982_cov_13.840317	608	688	4	31	80	0.3875000
NODE_6952_length_982_cov_13.840317	608	688	12	49	80	0.6125000
NODE_6952_length_982_cov_13.840317	661	741	0	25	80	0.3125000
NODE_6952_length_982_cov_13.840317	661	741	1	13	80	0.1625000
NODE_6952_length_982_cov_13.840317	661	741	2	5	80	0.0625000
NODE_6952_length_982_cov_13.840317	661	741	4	37	80	0.4625000
NODE_6953_length_982_cov_13.227633	317	397	0	64	80	0.8000000
NODE_6953_length_982_cov_13.227633	317	397	6	16	80	0.2000000
NODE_6953_length_982_cov_13.227633	370	450	0	11	80	0.1375000
NODE_6953_length_982_cov_13.227633	370	450	6	69	80	0.8625000
NODE_6954_length_982_cov_10.918460	209	289	8	4	80	0.0500000
NODE_6954_length_982_cov_10.918460	209	289	11	11	80	0.1375000
NODE_6954_length_982_cov_10.918460	209	289	14	39	80	0.4875000
NODE_6954_length_982_cov_10.918460	209	289	16	26	80	0.3250000
NODE_6954_length_982_cov_10.918460	262	342	6	18	80	0.2250000
NODE_6954_length_982_cov_10.918460	262	342	7	1	80	0.0125000
NODE_6954_length_982_cov_10.918460	262	342	8	5	80	0.0625000
NODE_6954_length_982_cov_10.918460	262	342	12	7	80	0.0875000
NODE_6954_length_982_cov_10.918460	262	342	14	1	80	0.0125000
NODE_6954_length_982_cov_10.918460	262	342	16	48	80	0.6000000
NODE_6956_length_982_cov_7.210646	216	296	0	16	80	0.2000000
NODE_6956_length_982_cov_7.210646	216	296	2	64	80	0.8000000
NODE_6956_length_982_cov_7.210646	269	349	0	69	80	0.8625000
NODE_6956_length_982_cov_7.210646	269	349	2	11	80	0.1375000
NODE_6973_length_981_cov_55.260771	410	490	0	80	80	1.0000000
NODE_6973_length_981_cov_55.260771	463	543	0	57	80	0.7125000
NODE_6973_length_981_cov_55.260771	463	543	11	1	80	0.0125000
NODE_6973_length_981_cov_55.260771	463	543	12	22	80	0.2750000
NODE_6973_length_981_cov_55.260771	539	619	12	69	80	0.8625000
NODE_6973_length_981_cov_55.260771	539	619	14	11	80	0.1375000
NODE_6973_length_981_cov_55.260771	592	672	2	24	80	0.3000000
NODE_6973_length_981_cov_55.260771	592	672	12	16	80	0.2000000
NODE_6973_length_981_cov_55.260771	592	672	14	40	80	0.5000000
NODE_6974_length_981_cov_33.287982	362	441	10	79	79	1.0000000
NODE_6974_length_981_cov_33.287982	414	495	0	11	81	0.1358025
NODE_6974_length_981_cov_33.287982	414	495	10	70	81	0.8641976
NODE_6974_length_981_cov_33.287982	491	571	0	49	80	0.6125000
NODE_6974_length_981_cov_33.287982	491	571	2	31	80	0.3875000
NODE_6974_length_981_cov_33.287982	544	624	2	80	80	1.0000000
NODE_6975_length_981_cov_33.121315	269	349	2	48	80	0.6000000
NODE_6975_length_981_cov_33.121315	269	349	3	6	80	0.0750000
NODE_6975_length_981_cov_33.121315	269	349	4	26	80	0.3250000
NODE_6975_length_981_cov_33.121315	322	402	2	32	80	0.4000000
NODE_6975_length_981_cov_33.121315	322	402	3	9	80	0.1125000
NODE_6975_length_981_cov_33.121315	322	402	4	39	80	0.4875000
NODE_6975_length_981_cov_33.121315	398	478	2	43	80	0.5375000
NODE_6975_length_981_cov_33.121315	398	478	4	37	80	0.4625000
NODE_6975_length_981_cov_33.121315	451	531	2	29	80	0.3625000
NODE_6975_length_981_cov_33.121315	451	531	3	9	80	0.1125000
NODE_6975_length_981_cov_33.121315	451	531	4	42	80	0.5250000
NODE_6976_length_981_cov_26.732426	397	477	2	80	80	1.0000000
NODE_6976_length_981_cov_26.732426	450	530	0	32	80	0.4000000
NODE_6976_length_981_cov_26.732426	450	530	2	48	80	0.6000000
NODE_6977_length_981_cov_24.304989	390	470	1	9	80	0.1125000
NODE_6977_length_981_cov_24.304989	390	470	5	23	80	0.2875000
NODE_6977_length_981_cov_24.304989	390	470	6	28	80	0.3500000
NODE_6977_length_981_cov_24.304989	390	470	8	1	80	0.0125000
NODE_6977_length_981_cov_24.304989	390	470	12	4	80	0.0500000
NODE_6977_length_981_cov_24.304989	390	470	16	15	80	0.1875000
NODE_6977_length_981_cov_24.304989	443	523	6	7	80	0.0875000
NODE_6977_length_981_cov_24.304989	443	523	8	1	80	0.0125000
NODE_6977_length_981_cov_24.304989	443	523	12	4	80	0.0500000
NODE_6977_length_981_cov_24.304989	443	523	14	16	80	0.2000000
NODE_6977_length_981_cov_24.304989	443	523	16	22	80	0.2750000
NODE_6977_length_981_cov_24.304989	443	523	17	1	80	0.0125000
NODE_6977_length_981_cov_24.304989	443	523	18	16	80	0.2000000
NODE_6977_length_981_cov_24.304989	443	523	20	13	80	0.1625000
NODE_6978_length_981_cov_10.485261	363	443	4	6	80	0.0750000
NODE_6978_length_981_cov_10.485261	363	443	10	74	80	0.9250000
NODE_6978_length_981_cov_10.485261	416	496	0	16	80	0.2000000
NODE_6978_length_981_cov_10.485261	416	496	6	12	80	0.1500000
NODE_6978_length_981_cov_10.485261	416	496	8	3	80	0.0375000
NODE_6978_length_981_cov_10.485261	416	496	10	49	80	0.6125000
NODE_6980_length_981_cov_5.328798	821	885	0	41	64	0.6406250
NODE_6980_length_981_cov_5.328798	821	885	2	23	64	0.3593750
NODE_6980_length_981_cov_5.328798	847	884	0	37	37	1.0000000
NODE_6998_length_980_cov_40.710556	329	409	8	9	80	0.1125000
NODE_6998_length_980_cov_40.710556	329	409	10	71	80	0.8875000
NODE_6998_length_980_cov_40.710556	382	462	0	19	80	0.2375000
NODE_6998_length_980_cov_40.710556	382	462	2	30	80	0.3750000
NODE_6998_length_980_cov_40.710556	382	462	9	1	80	0.0125000
NODE_6998_length_980_cov_40.710556	382	462	10	30	80	0.3750000
NODE_6998_length_980_cov_40.710556	458	538	0	80	80	1.0000000
NODE_6998_length_980_cov_40.710556	511	591	0	80	80	1.0000000
NODE_6999_length_980_cov_37.634506	666	746	0	21	80	0.2625000
NODE_6999_length_980_cov_37.634506	666	746	2	59	80	0.7375000
NODE_6999_length_980_cov_37.634506	719	799	2	80	80	1.0000000
NODE_7000_length_980_cov_36.261067	331	411	4	3	80	0.0375000
NODE_7000_length_980_cov_36.261067	331	411	8	16	80	0.2000000
NODE_7000_length_980_cov_36.261067	331	411	9	3	80	0.0375000
NODE_7000_length_980_cov_36.261067	331	411	10	7	80	0.0875000
NODE_7000_length_980_cov_36.261067	331	411	12	7	80	0.0875000
NODE_7000_length_980_cov_36.261067	331	411	13	9	80	0.1125000
NODE_7000_length_980_cov_36.261067	331	411	14	2	80	0.0250000
NODE_7000_length_980_cov_36.261067	331	411	16	33	80	0.4125000
NODE_7000_length_980_cov_36.261067	384	453	4	41	69	0.5942029
NODE_7000_length_980_cov_36.261067	384	453	6	4	69	0.0579710
NODE_7000_length_980_cov_36.261067	384	453	8	16	69	0.2318841
NODE_7000_length_980_cov_36.261067	384	453	9	3	69	0.0434783
NODE_7000_length_980_cov_36.261067	384	453	16	5	69	0.0724638
NODE_7000_length_980_cov_36.261067	465	545	2	4	80	0.0500000
NODE_7000_length_980_cov_36.261067	465	545	4	18	80	0.2250000
NODE_7000_length_980_cov_36.261067	465	545	6	27	80	0.3375000
NODE_7000_length_980_cov_36.261067	465	545	8	6	80	0.0750000
NODE_7000_length_980_cov_36.261067	465	545	10	25	80	0.3125000
NODE_7000_length_980_cov_36.261067	518	598	8	11	80	0.1375000
NODE_7000_length_980_cov_36.261067	518	598	10	69	80	0.8625000
NODE_7001_length_980_cov_28.514188	430	510	0	8	80	0.1000000
NODE_7001_length_980_cov_28.514188	430	510	2	68	80	0.8500000
NODE_7001_length_980_cov_28.514188	430	510	4	4	80	0.0500000
NODE_7001_length_980_cov_28.514188	483	563	0	8	80	0.1000000
NODE_7001_length_980_cov_28.514188	483	563	2	15	80	0.1875000
NODE_7001_length_980_cov_28.514188	483	563	4	57	80	0.7125000
NODE_7002_length_980_cov_25.205448	497	577	0	20	80	0.2500000
NODE_7002_length_980_cov_25.205448	497	577	2	60	80	0.7500000
NODE_7002_length_980_cov_25.205448	550	630	0	69	80	0.8625000
NODE_7002_length_980_cov_25.205448	550	630	2	11	80	0.1375000
NODE_7003_length_980_cov_24.321226	417	497	0	3	80	0.0375000
NODE_7003_length_980_cov_24.321226	417	497	4	54	80	0.6750000
NODE_7003_length_980_cov_24.321226	417	497	6	23	80	0.2875000
NODE_7003_length_980_cov_24.321226	470	550	2	35	80	0.4375000
NODE_7003_length_980_cov_24.321226	470	550	4	4	80	0.0500000
NODE_7003_length_980_cov_24.321226	470	550	5	1	80	0.0125000
NODE_7003_length_980_cov_24.321226	470	550	6	40	80	0.5000000
NODE_7004_length_980_cov_20.460840	388	468	2	62	80	0.7750000
NODE_7004_length_980_cov_20.460840	388	468	4	18	80	0.2250000
NODE_7004_length_980_cov_20.460840	441	521	2	12	80	0.1500000
NODE_7004_length_980_cov_20.460840	441	521	4	68	80	0.8500000
NODE_7005_length_980_cov_19.969353	486	566	0	50	80	0.6250000
NODE_7005_length_980_cov_19.969353	486	566	2	30	80	0.3750000
NODE_7005_length_980_cov_19.969353	539	619	2	80	80	1.0000000
NODE_7006_length_980_cov_13.736663	350	430	4	32	80	0.4000000
NODE_7006_length_980_cov_13.736663	350	430	5	1	80	0.0125000
NODE_7006_length_980_cov_13.736663	350	430	6	12	80	0.1500000
NODE_7006_length_980_cov_13.736663	350	430	8	35	80	0.4375000
NODE_7006_length_980_cov_13.736663	403	483	2	7	80	0.0875000
NODE_7006_length_980_cov_13.736663	403	483	3	6	80	0.0750000
NODE_7006_length_980_cov_13.736663	403	483	4	39	80	0.4875000
NODE_7006_length_980_cov_13.736663	403	483	8	28	80	0.3500000
NODE_7006_length_980_cov_13.736663	479	559	2	23	80	0.2875000
NODE_7006_length_980_cov_13.736663	479	559	4	57	80	0.7125000
NODE_7006_length_980_cov_13.736663	532	612	4	34	80	0.4250000
NODE_7006_length_980_cov_13.736663	532	612	8	13	80	0.1625000
NODE_7006_length_980_cov_13.736663	532	612	9	6	80	0.0750000
NODE_7006_length_980_cov_13.736663	532	612	10	27	80	0.3375000
NODE_7008_length_980_cov_10.842225	517	597	0	80	80	1.0000000
NODE_7008_length_980_cov_10.842225	570	650	0	80	80	1.0000000
NODE_7009_length_980_cov_10.087401	341	424	18	3	83	0.0361446
NODE_7009_length_980_cov_10.087401	341	424	20	4	83	0.0481928
NODE_7009_length_980_cov_10.087401	341	424	21	11	83	0.1325301
NODE_7009_length_980_cov_10.087401	341	424	22	65	83	0.7831326
NODE_7009_length_980_cov_10.087401	397	477	0	44	80	0.5500000
NODE_7009_length_980_cov_10.087401	397	477	6	6	80	0.0750000
NODE_7009_length_980_cov_10.087401	397	477	17	1	80	0.0125000
NODE_7009_length_980_cov_10.087401	397	477	18	5	80	0.0625000
NODE_7009_length_980_cov_10.087401	397	477	20	4	80	0.0500000
NODE_7009_length_980_cov_10.087401	397	477	22	20	80	0.2500000
NODE_7010_length_980_cov_9.643587	267	347	2	78	80	0.9750000
NODE_7010_length_980_cov_9.643587	267	347	4	2	80	0.0250000
NODE_7010_length_980_cov_9.643587	320	400	2	69	80	0.8625000
NODE_7010_length_980_cov_9.643587	320	400	4	11	80	0.1375000
NODE_7010_length_980_cov_9.643587	396	476	2	29	80	0.3625000
NODE_7010_length_980_cov_9.643587	396	476	4	51	80	0.6375000
NODE_7010_length_980_cov_9.643587	449	529	0	18	80	0.2250000
NODE_7010_length_980_cov_9.643587	449	529	2	25	80	0.3125000
NODE_7010_length_980_cov_9.643587	449	529	3	1	80	0.0125000
NODE_7010_length_980_cov_9.643587	449	529	4	36	80	0.4500000
NODE_7026_length_979_cov_22.576136	442	522	0	4	80	0.0500000
NODE_7026_length_979_cov_22.576136	442	522	2	76	80	0.9500000
NODE_7026_length_979_cov_22.576136	495	575	0	57	80	0.7125000
NODE_7026_length_979_cov_22.576136	495	575	2	23	80	0.2875000
NODE_7027_length_979_cov_19.739773	445	524	0	19	79	0.2405063
NODE_7027_length_979_cov_19.739773	445	524	5	60	79	0.7594936
NODE_7027_length_979_cov_19.739773	497	577	0	16	80	0.2000000
NODE_7027_length_979_cov_19.739773	497	577	5	31	80	0.3875000
NODE_7027_length_979_cov_19.739773	497	577	6	33	80	0.4125000
NODE_7028_length_979_cov_19.480682	436	516	0	52	80	0.6500000
NODE_7028_length_979_cov_19.480682	436	516	4	28	80	0.3500000
NODE_7028_length_979_cov_19.480682	489	569	4	80	80	1.0000000
NODE_7028_length_979_cov_19.480682	565	645	4	46	80	0.5750000
NODE_7028_length_979_cov_19.480682	565	645	6	17	80	0.2125000
NODE_7028_length_979_cov_19.480682	565	645	8	17	80	0.2125000
NODE_7028_length_979_cov_19.480682	618	698	2	7	80	0.0875000
NODE_7028_length_979_cov_19.480682	618	698	4	31	80	0.3875000
NODE_7028_length_979_cov_19.480682	618	698	6	42	80	0.5250000
NODE_7029_length_979_cov_18.901136	470	550	0	15	80	0.1875000
NODE_7029_length_979_cov_18.901136	470	550	2	65	80	0.8125000
NODE_7029_length_979_cov_18.901136	523	603	0	68	80	0.8500000
NODE_7029_length_979_cov_18.901136	523	603	2	12	80	0.1500000
NODE_7031_length_979_cov_3.519318	101	168	2	13	67	0.1940299
NODE_7031_length_979_cov_3.519318	101	168	4	54	67	0.8059701
NODE_7040_length_978_cov_23.195677	424	504	2	37	80	0.4625000
NODE_7040_length_978_cov_23.195677	424	504	4	43	80	0.5375000
NODE_7040_length_978_cov_23.195677	477	557	2	58	80	0.7250000
NODE_7040_length_978_cov_23.195677	477	557	4	22	80	0.2750000
NODE_7041_length_978_cov_18.866894	440	520	0	11	80	0.1375000
NODE_7041_length_978_cov_18.866894	440	520	4	4	80	0.0500000
NODE_7041_length_978_cov_18.866894	440	520	6	7	80	0.0875000
NODE_7041_length_978_cov_18.866894	440	520	8	58	80	0.7250000
NODE_7041_length_978_cov_18.866894	493	573	4	29	80	0.3625000
NODE_7041_length_978_cov_18.866894	493	573	8	51	80	0.6375000
NODE_7042_length_978_cov_15.614334	341	421	2	29	80	0.3625000
NODE_7042_length_978_cov_15.614334	341	421	4	51	80	0.6375000
NODE_7042_length_978_cov_15.614334	394	474	2	79	80	0.9875000
NODE_7042_length_978_cov_15.614334	394	474	4	1	80	0.0125000
NODE_7042_length_978_cov_15.614334	470	550	0	19	80	0.2375000
NODE_7042_length_978_cov_15.614334	470	550	2	33	80	0.4125000
NODE_7042_length_978_cov_15.614334	470	550	4	28	80	0.3500000
NODE_7042_length_978_cov_15.614334	523	603	2	16	80	0.2000000
NODE_7042_length_978_cov_15.614334	523	603	4	64	80	0.8000000
NODE_7043_length_978_cov_15.253697	327	407	6	41	80	0.5125000
NODE_7043_length_978_cov_15.253697	327	407	8	22	80	0.2750000
NODE_7043_length_978_cov_15.253697	327	407	10	17	80	0.2125000
NODE_7043_length_978_cov_15.253697	380	460	2	2	80	0.0250000
NODE_7043_length_978_cov_15.253697	380	460	4	8	80	0.1000000
NODE_7043_length_978_cov_15.253697	380	460	7	5	80	0.0625000
NODE_7043_length_978_cov_15.253697	380	460	8	10	80	0.1250000
NODE_7043_length_978_cov_15.253697	380	460	10	55	80	0.6875000
NODE_7043_length_978_cov_15.253697	456	536	0	37	80	0.4625000
NODE_7043_length_978_cov_15.253697	456	536	2	41	80	0.5125000
NODE_7043_length_978_cov_15.253697	456	536	4	2	80	0.0250000
NODE_7043_length_978_cov_15.253697	509	589	0	23	80	0.2875000
NODE_7043_length_978_cov_15.253697	509	589	2	57	80	0.7125000
NODE_7044_length_978_cov_14.730375	407	487	2	18	80	0.2250000
NODE_7044_length_978_cov_14.730375	407	487	4	21	80	0.2625000
NODE_7044_length_978_cov_14.730375	407	487	6	41	80	0.5125000
NODE_7044_length_978_cov_14.730375	460	540	0	23	80	0.2875000
NODE_7044_length_978_cov_14.730375	460	540	2	48	80	0.6000000
NODE_7044_length_978_cov_14.730375	460	540	4	9	80	0.1125000
NODE_7045_length_978_cov_7.257110	571	651	0	65	80	0.8125000
NODE_7045_length_978_cov_7.257110	571	651	2	15	80	0.1875000
NODE_7045_length_978_cov_7.257110	624	704	0	32	80	0.4000000
NODE_7045_length_978_cov_7.257110	624	704	2	48	80	0.6000000
NODE_7062_length_977_cov_47.484055	427	507	4	1	80	0.0125000
NODE_7062_length_977_cov_47.484055	427	507	6	4	80	0.0500000
NODE_7062_length_977_cov_47.484055	427	507	8	24	80	0.3000000
NODE_7062_length_977_cov_47.484055	427	507	10	51	80	0.6375000
NODE_7062_length_977_cov_47.484055	480	560	4	43	80	0.5375000
NODE_7062_length_977_cov_47.484055	480	560	6	14	80	0.1750000
NODE_7062_length_977_cov_47.484055	480	560	8	23	80	0.2875000
NODE_7063_length_977_cov_47.116173	428	508	0	7	80	0.0875000
NODE_7063_length_977_cov_47.116173	428	508	2	73	80	0.9125000
NODE_7063_length_977_cov_47.116173	481	561	0	60	80	0.7500000
NODE_7063_length_977_cov_47.116173	481	561	2	20	80	0.2500000
NODE_7063_length_977_cov_47.116173	557	637	0	80	80	1.0000000
NODE_7063_length_977_cov_47.116173	610	690	0	80	80	1.0000000
NODE_7064_length_977_cov_32.542141	486	566	0	19	80	0.2375000
NODE_7064_length_977_cov_32.542141	486	566	10	22	80	0.2750000
NODE_7064_length_977_cov_32.542141	486	566	11	20	80	0.2500000
NODE_7064_length_977_cov_32.542141	486	566	12	19	80	0.2375000
NODE_7064_length_977_cov_32.542141	539	619	0	1	80	0.0125000
NODE_7064_length_977_cov_32.542141	539	619	2	2	80	0.0250000
NODE_7064_length_977_cov_32.542141	539	619	11	70	80	0.8750000
NODE_7064_length_977_cov_32.542141	539	619	12	7	80	0.0875000
NODE_7065_length_977_cov_30.676538	361	441	2	26	80	0.3250000
NODE_7065_length_977_cov_30.676538	361	441	4	54	80	0.6750000
NODE_7065_length_977_cov_30.676538	414	494	2	79	80	0.9875000
NODE_7065_length_977_cov_30.676538	414	494	4	1	80	0.0125000
NODE_7066_length_977_cov_28.348519	455	535	0	9	80	0.1125000
NODE_7066_length_977_cov_28.348519	455	535	2	71	80	0.8875000
NODE_7066_length_977_cov_28.348519	508	588	0	36	80	0.4500000
NODE_7066_length_977_cov_28.348519	508	588	2	44	80	0.5500000
NODE_7067_length_977_cov_26.571754	343	423	2	4	80	0.0500000
NODE_7067_length_977_cov_26.571754	343	423	6	44	80	0.5500000
NODE_7067_length_977_cov_26.571754	343	423	8	32	80	0.4000000
NODE_7067_length_977_cov_26.571754	396	476	2	57	80	0.7125000
NODE_7067_length_977_cov_26.571754	396	476	8	23	80	0.2875000
NODE_7067_length_977_cov_26.571754	472	552	0	49	80	0.6125000
NODE_7067_length_977_cov_26.571754	472	552	2	31	80	0.3875000
NODE_7067_length_977_cov_26.571754	525	600	0	75	75	1.0000000
NODE_7068_length_977_cov_24.898633	470	550	0	3	80	0.0375000
NODE_7068_length_977_cov_24.898633	470	550	2	77	80	0.9625000
NODE_7068_length_977_cov_24.898633	523	603	0	42	80	0.5250000
NODE_7068_length_977_cov_24.898633	523	603	2	38	80	0.4750000
NODE_7069_length_977_cov_22.986333	313	393	0	80	80	1.0000000
NODE_7069_length_977_cov_22.986333	366	446	0	80	80	1.0000000
NODE_7069_length_977_cov_22.986333	442	522	0	80	80	1.0000000
NODE_7069_length_977_cov_22.986333	495	575	0	27	80	0.3375000
NODE_7069_length_977_cov_22.986333	495	575	2	53	80	0.6625000
NODE_7070_length_977_cov_10.753986	290	370	1	15	80	0.1875000
NODE_7070_length_977_cov_10.753986	290	370	2	21	80	0.2625000
NODE_7070_length_977_cov_10.753986	290	370	4	20	80	0.2500000
NODE_7070_length_977_cov_10.753986	290	370	6	24	80	0.3000000
NODE_7070_length_977_cov_10.753986	343	423	3	6	80	0.0750000
NODE_7070_length_977_cov_10.753986	343	423	4	3	80	0.0375000
NODE_7070_length_977_cov_10.753986	343	423	5	8	80	0.1000000
NODE_7070_length_977_cov_10.753986	343	423	6	63	80	0.7875000
NODE_7071_length_977_cov_9.924829	401	456	2	55	55	1.0000000
NODE_7073_length_977_cov_6.391800	483	563	0	80	80	1.0000000
NODE_7073_length_977_cov_6.391800	536	616	0	80	80	1.0000000
NODE_7075_length_977_cov_2.907745	191	241	12	7	50	0.1400000
NODE_7075_length_977_cov_2.907745	191	241	13	9	50	0.1800000
NODE_7075_length_977_cov_2.907745	191	241	14	34	50	0.6800000
NODE_7085_length_976_cov_38.192702	326	406	6	7	80	0.0875000
NODE_7085_length_976_cov_38.192702	326	406	8	67	80	0.8375000
NODE_7085_length_976_cov_38.192702	326	406	10	6	80	0.0750000
NODE_7085_length_976_cov_38.192702	379	459	2	25	80	0.3125000
NODE_7085_length_976_cov_38.192702	379	459	4	20	80	0.2500000
NODE_7085_length_976_cov_38.192702	379	459	8	29	80	0.3625000
NODE_7085_length_976_cov_38.192702	379	459	10	6	80	0.0750000
NODE_7085_length_976_cov_38.192702	455	535	2	19	80	0.2375000
NODE_7085_length_976_cov_38.192702	455	535	4	61	80	0.7625000
NODE_7085_length_976_cov_38.192702	455	536	2	20	81	0.2469136
NODE_7085_length_976_cov_38.192702	455	536	4	61	81	0.7530864
NODE_7085_length_976_cov_38.192702	455	519	2	9	64	0.1406250
NODE_7085_length_976_cov_38.192702	455	519	4	55	64	0.8593750
NODE_7085_length_976_cov_38.192702	508	588	2	32	80	0.4000000
NODE_7085_length_976_cov_38.192702	508	588	4	48	80	0.6000000
NODE_7086_length_976_cov_26.275941	499	579	6	69	80	0.8625000
NODE_7086_length_976_cov_26.275941	499	579	8	11	80	0.1375000
NODE_7086_length_976_cov_26.275941	552	632	0	45	80	0.5625000
NODE_7086_length_976_cov_26.275941	552	632	6	35	80	0.4375000
NODE_7087_length_976_cov_25.559863	376	456	2	2	80	0.0250000
NODE_7087_length_976_cov_25.559863	376	456	4	10	80	0.1250000
NODE_7087_length_976_cov_25.559863	376	456	6	22	80	0.2750000
NODE_7087_length_976_cov_25.559863	376	456	8	46	80	0.5750000
NODE_7087_length_976_cov_25.559863	429	509	0	21	80	0.2625000
NODE_7087_length_976_cov_25.559863	429	509	2	18	80	0.2250000
NODE_7087_length_976_cov_25.559863	429	509	4	13	80	0.1625000
NODE_7087_length_976_cov_25.559863	429	509	6	11	80	0.1375000
NODE_7087_length_976_cov_25.559863	429	509	8	17	80	0.2125000
NODE_7088_length_976_cov_17.961231	572	652	8	47	80	0.5875000
NODE_7088_length_976_cov_17.961231	572	652	10	33	80	0.4125000
NODE_7088_length_976_cov_17.961231	625	705	0	26	80	0.3250000
NODE_7088_length_976_cov_17.961231	625	705	8	54	80	0.6750000
NODE_7089_length_976_cov_5.567845	789	851	4	19	62	0.3064516
NODE_7089_length_976_cov_5.567845	789	851	6	43	62	0.6935484
NODE_7089_length_976_cov_5.567845	842	904	2	44	62	0.7096774
NODE_7089_length_976_cov_5.567845	842	904	6	18	62	0.2903226
NODE_7101_length_975_cov_192.211187	722	802	53	1	80	0.0125000
NODE_7101_length_975_cov_192.211187	722	802	56	1	80	0.0125000
NODE_7101_length_975_cov_192.211187	722	802	57	4	80	0.0500000
NODE_7101_length_975_cov_192.211187	722	802	58	2	80	0.0250000
NODE_7101_length_975_cov_192.211187	722	802	59	3	80	0.0375000
NODE_7101_length_975_cov_192.211187	722	802	60	4	80	0.0500000
NODE_7101_length_975_cov_192.211187	722	802	64	1	80	0.0125000
NODE_7101_length_975_cov_192.211187	722	802	66	10	80	0.1250000
NODE_7101_length_975_cov_192.211187	722	802	68	2	80	0.0250000
NODE_7101_length_975_cov_192.211187	722	802	69	7	80	0.0875000
NODE_7101_length_975_cov_192.211187	722	802	70	7	80	0.0875000
NODE_7101_length_975_cov_192.211187	722	802	71	2	80	0.0250000
NODE_7101_length_975_cov_192.211187	722	802	74	1	80	0.0125000
NODE_7101_length_975_cov_192.211187	722	802	76	2	80	0.0250000
NODE_7101_length_975_cov_192.211187	722	802	77	1	80	0.0125000
NODE_7101_length_975_cov_192.211187	722	802	78	1	80	0.0125000
NODE_7101_length_975_cov_192.211187	722	802	79	1	80	0.0125000
NODE_7101_length_975_cov_192.211187	722	802	81	1	80	0.0125000
NODE_7101_length_975_cov_192.211187	722	802	87	1	80	0.0125000
NODE_7101_length_975_cov_192.211187	722	802	89	1	80	0.0125000
NODE_7101_length_975_cov_192.211187	722	802	93	1	80	0.0125000
NODE_7101_length_975_cov_192.211187	722	802	95	3	80	0.0375000
NODE_7101_length_975_cov_192.211187	722	802	96	1	80	0.0125000
NODE_7101_length_975_cov_192.211187	722	802	100	3	80	0.0375000
NODE_7101_length_975_cov_192.211187	722	802	107	1	80	0.0125000
NODE_7101_length_975_cov_192.211187	722	802	108	2	80	0.0250000
NODE_7101_length_975_cov_192.211187	722	802	109	5	80	0.0625000
NODE_7101_length_975_cov_192.211187	722	802	110	2	80	0.0250000
NODE_7101_length_975_cov_192.211187	722	802	111	6	80	0.0750000
NODE_7101_length_975_cov_192.211187	722	802	112	1	80	0.0125000
NODE_7101_length_975_cov_192.211187	722	802	113	2	80	0.0250000
NODE_7102_length_975_cov_41.446347	414	494	0	9	80	0.1125000
NODE_7102_length_975_cov_41.446347	414	494	4	19	80	0.2375000
NODE_7102_length_975_cov_41.446347	414	494	8	52	80	0.6500000
NODE_7102_length_975_cov_41.446347	467	547	8	80	80	1.0000000
NODE_7103_length_975_cov_37.618721	375	455	12	5	80	0.0625000
NODE_7103_length_975_cov_37.618721	375	455	14	13	80	0.1625000
NODE_7103_length_975_cov_37.618721	375	455	16	12	80	0.1500000
NODE_7103_length_975_cov_37.618721	375	455	17	5	80	0.0625000
NODE_7103_length_975_cov_37.618721	375	455	19	24	80	0.3000000
NODE_7103_length_975_cov_37.618721	375	455	20	21	80	0.2625000
NODE_7103_length_975_cov_37.618721	428	508	7	22	80	0.2750000
NODE_7103_length_975_cov_37.618721	428	508	10	16	80	0.2000000
NODE_7103_length_975_cov_37.618721	428	508	16	17	80	0.2125000
NODE_7103_length_975_cov_37.618721	428	508	17	5	80	0.0625000
NODE_7103_length_975_cov_37.618721	428	508	19	20	80	0.2500000
NODE_7104_length_975_cov_34.265982	424	504	6	80	80	1.0000000
NODE_7104_length_975_cov_34.265982	477	557	0	9	80	0.1125000
NODE_7104_length_975_cov_34.265982	477	557	2	22	80	0.2750000
NODE_7104_length_975_cov_34.265982	477	557	6	49	80	0.6125000
NODE_7105_length_975_cov_31.888128	461	541	30	27	80	0.3375000
NODE_7105_length_975_cov_31.888128	461	541	31	19	80	0.2375000
NODE_7105_length_975_cov_31.888128	461	541	33	6	80	0.0750000
NODE_7105_length_975_cov_31.888128	461	541	34	1	80	0.0125000
NODE_7105_length_975_cov_31.888128	461	541	35	11	80	0.1375000
NODE_7105_length_975_cov_31.888128	461	541	37	16	80	0.2000000
NODE_7105_length_975_cov_31.888128	514	594	10	6	80	0.0750000
NODE_7105_length_975_cov_31.888128	514	594	29	12	80	0.1500000
NODE_7105_length_975_cov_31.888128	514	594	30	5	80	0.0625000
NODE_7105_length_975_cov_31.888128	514	594	31	13	80	0.1625000
NODE_7105_length_975_cov_31.888128	514	594	33	18	80	0.2250000
NODE_7105_length_975_cov_31.888128	514	594	35	16	80	0.2000000
NODE_7105_length_975_cov_31.888128	514	594	37	10	80	0.1250000
NODE_7106_length_975_cov_22.093607	392	472	6	6	80	0.0750000
NODE_7106_length_975_cov_22.093607	392	472	16	27	80	0.3375000
NODE_7106_length_975_cov_22.093607	392	472	18	19	80	0.2375000
NODE_7106_length_975_cov_22.093607	392	472	20	28	80	0.3500000
NODE_7106_length_975_cov_22.093607	445	525	6	4	80	0.0500000
NODE_7106_length_975_cov_22.093607	445	525	8	17	80	0.2125000
NODE_7106_length_975_cov_22.093607	445	525	18	25	80	0.3125000
NODE_7106_length_975_cov_22.093607	445	525	20	32	80	0.4000000
NODE_7106_length_975_cov_22.093607	445	525	22	2	80	0.0250000
NODE_7107_length_975_cov_15.091324	403	483	3	49	80	0.6125000
NODE_7107_length_975_cov_15.091324	403	483	6	31	80	0.3875000
NODE_7107_length_975_cov_15.091324	456	536	0	28	80	0.3500000
NODE_7107_length_975_cov_15.091324	456	536	3	52	80	0.6500000
NODE_7108_length_975_cov_15.046804	63	143	10	4	80	0.0500000
NODE_7108_length_975_cov_15.046804	63	143	12	11	80	0.1375000
NODE_7108_length_975_cov_15.046804	63	143	14	65	80	0.8125000
NODE_7108_length_975_cov_15.046804	116	196	0	25	80	0.3125000
NODE_7108_length_975_cov_15.046804	116	196	7	1	80	0.0125000
NODE_7108_length_975_cov_15.046804	116	196	8	6	80	0.0750000
NODE_7108_length_975_cov_15.046804	116	196	10	25	80	0.3125000
NODE_7108_length_975_cov_15.046804	116	196	14	23	80	0.2875000
NODE_7109_length_975_cov_12.043379	535	615	0	22	80	0.2750000
NODE_7109_length_975_cov_12.043379	535	615	2	15	80	0.1875000
NODE_7109_length_975_cov_12.043379	535	615	8	43	80	0.5375000
NODE_7109_length_975_cov_12.043379	588	668	2	5	80	0.0625000
NODE_7109_length_975_cov_12.043379	588	668	6	7	80	0.0875000
NODE_7109_length_975_cov_12.043379	588	668	8	68	80	0.8500000
NODE_7110_length_975_cov_11.772831	276	354	0	20	78	0.2564103
NODE_7110_length_975_cov_11.772831	276	354	6	43	78	0.5512820
NODE_7110_length_975_cov_11.772831	276	354	8	15	78	0.1923077
NODE_7110_length_975_cov_11.772831	327	407	6	12	80	0.1500000
NODE_7110_length_975_cov_11.772831	327	407	8	22	80	0.2750000
NODE_7110_length_975_cov_11.772831	327	407	9	13	80	0.1625000
NODE_7110_length_975_cov_11.772831	327	407	11	14	80	0.1750000
NODE_7110_length_975_cov_11.772831	327	407	12	19	80	0.2375000
NODE_7111_length_975_cov_10.599315	405	485	2	80	80	1.0000000
NODE_7111_length_975_cov_10.599315	458	538	0	26	80	0.3250000
NODE_7111_length_975_cov_10.599315	458	538	2	54	80	0.6750000
NODE_7112_length_975_cov_8.089041	430	510	0	33	80	0.4125000
NODE_7112_length_975_cov_8.089041	430	510	4	47	80	0.5875000
NODE_7112_length_975_cov_8.089041	483	563	4	80	80	1.0000000
NODE_7114_length_975_cov_3.728311	254	334	0	24	80	0.3000000
NODE_7114_length_975_cov_3.728311	254	334	2	56	80	0.7000000
NODE_7114_length_975_cov_3.728311	307	387	2	80	80	1.0000000
NODE_7125_length_974_cov_293.334857	564	642	249	7	78	0.0897436
NODE_7125_length_974_cov_293.334857	564	642	259	3	78	0.0384615
NODE_7125_length_974_cov_293.334857	564	642	260	2	78	0.0256410
NODE_7125_length_974_cov_293.334857	564	642	261	3	78	0.0384615
NODE_7125_length_974_cov_293.334857	564	642	262	2	78	0.0256410
NODE_7125_length_974_cov_293.334857	564	642	263	1	78	0.0128205
NODE_7125_length_974_cov_293.334857	564	642	264	2	78	0.0256410
NODE_7125_length_974_cov_293.334857	564	642	265	7	78	0.0897436
NODE_7125_length_974_cov_293.334857	564	642	266	5	78	0.0641026
NODE_7125_length_974_cov_293.334857	564	642	267	1	78	0.0128205
NODE_7125_length_974_cov_293.334857	564	642	270	1	78	0.0128205
NODE_7125_length_974_cov_293.334857	564	642	272	1	78	0.0128205
NODE_7125_length_974_cov_293.334857	564	642	273	2	78	0.0256410
NODE_7125_length_974_cov_293.334857	564	642	274	7	78	0.0897436
NODE_7125_length_974_cov_293.334857	564	642	275	1	78	0.0128205
NODE_7125_length_974_cov_293.334857	564	642	279	1	78	0.0128205
NODE_7125_length_974_cov_293.334857	564	642	280	2	78	0.0256410
NODE_7125_length_974_cov_293.334857	564	642	285	2	78	0.0256410
NODE_7125_length_974_cov_293.334857	564	642	287	1	78	0.0128205
NODE_7125_length_974_cov_293.334857	564	642	289	1	78	0.0128205
NODE_7125_length_974_cov_293.334857	564	642	292	5	78	0.0641026
NODE_7125_length_974_cov_293.334857	564	642	294	1	78	0.0128205
NODE_7125_length_974_cov_293.334857	564	642	295	3	78	0.0384615
NODE_7125_length_974_cov_293.334857	564	642	296	1	78	0.0128205
NODE_7125_length_974_cov_293.334857	564	642	297	1	78	0.0128205
NODE_7125_length_974_cov_293.334857	564	642	298	2	78	0.0256410
NODE_7125_length_974_cov_293.334857	564	642	299	4	78	0.0512821
NODE_7125_length_974_cov_293.334857	564	642	307	1	78	0.0128205
NODE_7125_length_974_cov_293.334857	564	642	317	1	78	0.0128205
NODE_7125_length_974_cov_293.334857	564	642	325	1	78	0.0128205
NODE_7125_length_974_cov_293.334857	564	642	326	2	78	0.0256410
NODE_7125_length_974_cov_293.334857	564	642	327	1	78	0.0128205
NODE_7125_length_974_cov_293.334857	564	642	329	1	78	0.0128205
NODE_7125_length_974_cov_293.334857	564	642	332	1	78	0.0128205
NODE_7125_length_974_cov_293.334857	564	642	334	1	78	0.0128205
NODE_7125_length_974_cov_293.334857	564	642	249	7	78	0.0897436
NODE_7125_length_974_cov_293.334857	564	642	259	3	78	0.0384615
NODE_7125_length_974_cov_293.334857	564	642	260	2	78	0.0256410
NODE_7125_length_974_cov_293.334857	564	642	261	3	78	0.0384615
NODE_7125_length_974_cov_293.334857	564	642	262	2	78	0.0256410
NODE_7125_length_974_cov_293.334857	564	642	263	1	78	0.0128205
NODE_7125_length_974_cov_293.334857	564	642	264	2	78	0.0256410
NODE_7125_length_974_cov_293.334857	564	642	265	7	78	0.0897436
NODE_7125_length_974_cov_293.334857	564	642	266	5	78	0.0641026
NODE_7125_length_974_cov_293.334857	564	642	267	1	78	0.0128205
NODE_7125_length_974_cov_293.334857	564	642	270	1	78	0.0128205
NODE_7125_length_974_cov_293.334857	564	642	272	1	78	0.0128205
NODE_7125_length_974_cov_293.334857	564	642	273	2	78	0.0256410
NODE_7125_length_974_cov_293.334857	564	642	274	7	78	0.0897436
NODE_7125_length_974_cov_293.334857	564	642	275	1	78	0.0128205
NODE_7125_length_974_cov_293.334857	564	642	279	1	78	0.0128205
NODE_7125_length_974_cov_293.334857	564	642	280	2	78	0.0256410
NODE_7125_length_974_cov_293.334857	564	642	285	2	78	0.0256410
NODE_7125_length_974_cov_293.334857	564	642	287	1	78	0.0128205
NODE_7125_length_974_cov_293.334857	564	642	289	1	78	0.0128205
NODE_7125_length_974_cov_293.334857	564	642	292	5	78	0.0641026
NODE_7125_length_974_cov_293.334857	564	642	294	1	78	0.0128205
NODE_7125_length_974_cov_293.334857	564	642	295	3	78	0.0384615
NODE_7125_length_974_cov_293.334857	564	642	296	1	78	0.0128205
NODE_7125_length_974_cov_293.334857	564	642	297	1	78	0.0128205
NODE_7125_length_974_cov_293.334857	564	642	298	2	78	0.0256410
NODE_7125_length_974_cov_293.334857	564	642	299	4	78	0.0512821
NODE_7125_length_974_cov_293.334857	564	642	307	1	78	0.0128205
NODE_7125_length_974_cov_293.334857	564	642	317	1	78	0.0128205
NODE_7125_length_974_cov_293.334857	564	642	325	1	78	0.0128205
NODE_7125_length_974_cov_293.334857	564	642	326	2	78	0.0256410
NODE_7125_length_974_cov_293.334857	564	642	327	1	78	0.0128205
NODE_7125_length_974_cov_293.334857	564	642	329	1	78	0.0128205
NODE_7125_length_974_cov_293.334857	564	642	332	1	78	0.0128205
NODE_7125_length_974_cov_293.334857	564	642	334	1	78	0.0128205
NODE_7125_length_974_cov_293.334857	564	633	259	1	69	0.0144928
NODE_7125_length_974_cov_293.334857	564	633	260	2	69	0.0289855
NODE_7125_length_974_cov_293.334857	564	633	261	3	69	0.0434783
NODE_7125_length_974_cov_293.334857	564	633	262	2	69	0.0289855
NODE_7125_length_974_cov_293.334857	564	633	263	1	69	0.0144928
NODE_7125_length_974_cov_293.334857	564	633	264	2	69	0.0289855
NODE_7125_length_974_cov_293.334857	564	633	265	7	69	0.1014493
NODE_7125_length_974_cov_293.334857	564	633	266	5	69	0.0724638
NODE_7125_length_974_cov_293.334857	564	633	267	1	69	0.0144928
NODE_7125_length_974_cov_293.334857	564	633	270	1	69	0.0144928
NODE_7125_length_974_cov_293.334857	564	633	272	1	69	0.0144928
NODE_7125_length_974_cov_293.334857	564	633	273	2	69	0.0289855
NODE_7125_length_974_cov_293.334857	564	633	274	7	69	0.1014493
NODE_7125_length_974_cov_293.334857	564	633	275	1	69	0.0144928
NODE_7125_length_974_cov_293.334857	564	633	279	1	69	0.0144928
NODE_7125_length_974_cov_293.334857	564	633	280	2	69	0.0289855
NODE_7125_length_974_cov_293.334857	564	633	285	2	69	0.0289855
NODE_7125_length_974_cov_293.334857	564	633	287	1	69	0.0144928
NODE_7125_length_974_cov_293.334857	564	633	289	1	69	0.0144928
NODE_7125_length_974_cov_293.334857	564	633	292	5	69	0.0724638
NODE_7125_length_974_cov_293.334857	564	633	294	1	69	0.0144928
NODE_7125_length_974_cov_293.334857	564	633	295	3	69	0.0434783
NODE_7125_length_974_cov_293.334857	564	633	296	1	69	0.0144928
NODE_7125_length_974_cov_293.334857	564	633	297	1	69	0.0144928
NODE_7125_length_974_cov_293.334857	564	633	298	2	69	0.0289855
NODE_7125_length_974_cov_293.334857	564	633	299	4	69	0.0579710
NODE_7125_length_974_cov_293.334857	564	633	307	1	69	0.0144928
NODE_7125_length_974_cov_293.334857	564	633	317	1	69	0.0144928
NODE_7125_length_974_cov_293.334857	564	633	325	1	69	0.0144928
NODE_7125_length_974_cov_293.334857	564	633	326	2	69	0.0289855
NODE_7125_length_974_cov_293.334857	564	633	327	1	69	0.0144928
NODE_7125_length_974_cov_293.334857	564	633	329	1	69	0.0144928
NODE_7125_length_974_cov_293.334857	564	633	332	1	69	0.0144928
NODE_7125_length_974_cov_293.334857	564	633	334	1	69	0.0144928
NODE_7126_length_974_cov_49.884571	459	539	2	80	80	1.0000000
NODE_7126_length_974_cov_49.884571	512	592	0	51	80	0.6375000
NODE_7126_length_974_cov_49.884571	512	592	2	29	80	0.3625000
NODE_7127_length_974_cov_38.384000	430	508	0	14	78	0.1794872
NODE_7127_length_974_cov_38.384000	430	508	2	2	78	0.0256410
NODE_7127_length_974_cov_38.384000	430	508	4	20	78	0.2564103
NODE_7127_length_974_cov_38.384000	430	508	6	21	78	0.2692308
NODE_7127_length_974_cov_38.384000	430	508	8	11	78	0.1410256
NODE_7127_length_974_cov_38.384000	430	508	20	10	78	0.1282051
NODE_7127_length_974_cov_38.384000	483	561	6	4	78	0.0512821
NODE_7127_length_974_cov_38.384000	483	561	8	11	78	0.1410256
NODE_7127_length_974_cov_38.384000	483	561	14	9	78	0.1153846
NODE_7127_length_974_cov_38.384000	483	561	16	6	78	0.0769231
NODE_7127_length_974_cov_38.384000	483	561	18	11	78	0.1410256
NODE_7127_length_974_cov_38.384000	483	561	20	37	78	0.4743590
NODE_7128_length_974_cov_26.008000	391	471	0	80	80	1.0000000
NODE_7128_length_974_cov_26.008000	444	524	0	47	80	0.5875000
NODE_7128_length_974_cov_26.008000	444	524	2	33	80	0.4125000
NODE_7128_length_974_cov_26.008000	520	600	2	34	80	0.4250000
NODE_7128_length_974_cov_26.008000	520	600	3	12	80	0.1500000
NODE_7128_length_974_cov_26.008000	520	600	4	16	80	0.2000000
NODE_7128_length_974_cov_26.008000	520	600	5	10	80	0.1250000
NODE_7128_length_974_cov_26.008000	520	600	6	8	80	0.1000000
NODE_7128_length_974_cov_26.008000	573	653	4	69	80	0.8625000
NODE_7128_length_974_cov_26.008000	573	653	5	3	80	0.0375000
NODE_7128_length_974_cov_26.008000	573	653	6	8	80	0.1000000
NODE_7129_length_974_cov_21.160000	460	540	6	30	80	0.3750000
NODE_7129_length_974_cov_21.160000	460	540	8	26	80	0.3250000
NODE_7129_length_974_cov_21.160000	460	540	10	16	80	0.2000000
NODE_7129_length_974_cov_21.160000	460	540	12	8	80	0.1000000
NODE_7129_length_974_cov_21.160000	513	593	8	8	80	0.1000000
NODE_7129_length_974_cov_21.160000	513	593	10	64	80	0.8000000
NODE_7129_length_974_cov_21.160000	513	593	12	8	80	0.1000000
NODE_7131_length_974_cov_11.384000	290	370	0	41	80	0.5125000
NODE_7131_length_974_cov_11.384000	290	370	2	7	80	0.0875000
NODE_7131_length_974_cov_11.384000	290	370	4	32	80	0.4000000
NODE_7131_length_974_cov_11.384000	343	423	4	45	80	0.5625000
NODE_7131_length_974_cov_11.384000	343	423	6	35	80	0.4375000
NODE_7132_length_974_cov_11.216000	543	623	0	23	80	0.2875000
NODE_7132_length_974_cov_11.216000	543	623	2	9	80	0.1125000
NODE_7132_length_974_cov_11.216000	543	623	4	48	80	0.6000000
NODE_7132_length_974_cov_11.216000	596	668	0	68	72	0.9444444
NODE_7132_length_974_cov_11.216000	596	668	2	4	72	0.0555556
NODE_7133_length_974_cov_9.601143	436	516	0	80	80	1.0000000
NODE_7133_length_974_cov_9.601143	489	569	0	80	80	1.0000000
NODE_7134_length_974_cov_7.436571	382	462	0	75	80	0.9375000
NODE_7134_length_974_cov_7.436571	382	462	2	5	80	0.0625000
NODE_7134_length_974_cov_7.436571	436	515	0	21	79	0.2658228
NODE_7134_length_974_cov_7.436571	436	515	2	58	79	0.7341772
NODE_7147_length_973_cov_46.012586	349	429	2	5	80	0.0625000
NODE_7147_length_973_cov_46.012586	349	429	13	1	80	0.0125000
NODE_7147_length_973_cov_46.012586	349	429	14	1	80	0.0125000
NODE_7147_length_973_cov_46.012586	349	429	15	10	80	0.1250000
NODE_7147_length_973_cov_46.012586	349	429	17	11	80	0.1375000
NODE_7147_length_973_cov_46.012586	349	429	21	40	80	0.5000000
NODE_7147_length_973_cov_46.012586	349	429	23	12	80	0.1500000
NODE_7147_length_973_cov_46.012586	402	482	20	7	80	0.0875000
NODE_7147_length_973_cov_46.012586	402	482	21	43	80	0.5375000
NODE_7147_length_973_cov_46.012586	402	482	22	7	80	0.0875000
NODE_7147_length_973_cov_46.012586	402	482	23	4	80	0.0500000
NODE_7147_length_973_cov_46.012586	402	482	24	19	80	0.2375000
NODE_7147_length_973_cov_46.012586	478	558	4	58	80	0.7250000
NODE_7147_length_973_cov_46.012586	478	558	18	9	80	0.1125000
NODE_7147_length_973_cov_46.012586	478	558	20	13	80	0.1625000
NODE_7147_length_973_cov_46.012586	531	611	0	5	80	0.0625000
NODE_7147_length_973_cov_46.012586	531	611	2	15	80	0.1875000
NODE_7147_length_973_cov_46.012586	531	611	4	60	80	0.7500000
NODE_7148_length_973_cov_40.305492	364	444	16	13	80	0.1625000
NODE_7148_length_973_cov_40.305492	364	444	17	4	80	0.0500000
NODE_7148_length_973_cov_40.305492	364	444	20	12	80	0.1500000
NODE_7148_length_973_cov_40.305492	364	444	21	3	80	0.0375000
NODE_7148_length_973_cov_40.305492	364	444	22	22	80	0.2750000
NODE_7148_length_973_cov_40.305492	364	444	25	26	80	0.3250000
NODE_7148_length_973_cov_40.305492	417	497	5	24	80	0.3000000
NODE_7148_length_973_cov_40.305492	417	497	14	16	80	0.2000000
NODE_7148_length_973_cov_40.305492	417	497	16	26	80	0.3250000
NODE_7148_length_973_cov_40.305492	417	497	17	4	80	0.0500000
NODE_7148_length_973_cov_40.305492	417	497	20	2	80	0.0250000
NODE_7148_length_973_cov_40.305492	417	497	21	3	80	0.0375000
NODE_7148_length_973_cov_40.305492	417	497	25	5	80	0.0625000
NODE_7149_length_973_cov_24.105263	460	540	0	80	80	1.0000000
NODE_7149_length_973_cov_24.105263	513	593	0	80	80	1.0000000
NODE_7150_length_973_cov_22.106407	342	422	2	2	80	0.0250000
NODE_7150_length_973_cov_22.106407	342	422	4	2	80	0.0250000
NODE_7150_length_973_cov_22.106407	342	422	5	17	80	0.2125000
NODE_7150_length_973_cov_22.106407	342	422	6	59	80	0.7375000
NODE_7150_length_973_cov_22.106407	395	475	4	46	80	0.5750000
NODE_7150_length_973_cov_22.106407	395	475	6	34	80	0.4250000
NODE_7150_length_973_cov_22.106407	471	550	0	12	79	0.1518987
NODE_7150_length_973_cov_22.106407	471	550	2	5	79	0.0632911
NODE_7150_length_973_cov_22.106407	471	550	4	22	79	0.2784810
NODE_7150_length_973_cov_22.106407	471	550	5	17	79	0.2151899
NODE_7150_length_973_cov_22.106407	471	550	6	23	79	0.2911392
NODE_7150_length_973_cov_22.106407	526	604	0	66	78	0.8461539
NODE_7150_length_973_cov_22.106407	526	604	2	5	78	0.0641026
NODE_7150_length_973_cov_22.106407	526	604	4	7	78	0.0897436
NODE_7151_length_973_cov_10.994279	430	510	0	16	80	0.2000000
NODE_7151_length_973_cov_10.994279	430	510	4	64	80	0.8000000
NODE_7151_length_973_cov_10.994279	483	563	0	69	80	0.8625000
NODE_7151_length_973_cov_10.994279	483	563	4	11	80	0.1375000
NODE_7151_length_973_cov_10.994279	559	635	0	14	76	0.1842105
NODE_7151_length_973_cov_10.994279	559	635	2	62	76	0.8157895
NODE_7151_length_973_cov_10.994279	608	688	0	63	80	0.7875000
NODE_7151_length_973_cov_10.994279	608	688	2	17	80	0.2125000
NODE_7153_length_973_cov_2.973684	734	814	0	8	80	0.1000000
NODE_7153_length_973_cov_2.973684	734	814	2	1	80	0.0125000
NODE_7153_length_973_cov_2.973684	734	814	4	71	80	0.8875000
NODE_7153_length_973_cov_2.973684	820	890	6	46	70	0.6571429
NODE_7153_length_973_cov_2.973684	820	890	8	24	70	0.3428572
NODE_7153_length_973_cov_2.973684	863	944	0	10	81	0.1234568
NODE_7153_length_973_cov_2.973684	863	944	4	27	81	0.3333333
NODE_7153_length_973_cov_2.973684	863	944	6	44	81	0.5432099
NODE_7166_length_972_cov_32.547537	299	379	16	3	80	0.0375000
NODE_7166_length_972_cov_32.547537	299	379	17	1	80	0.0125000
NODE_7166_length_972_cov_32.547537	299	379	18	3	80	0.0375000
NODE_7166_length_972_cov_32.547537	299	379	19	2	80	0.0250000
NODE_7166_length_972_cov_32.547537	299	379	20	4	80	0.0500000
NODE_7166_length_972_cov_32.547537	299	379	24	2	80	0.0250000
NODE_7166_length_972_cov_32.547537	299	379	26	4	80	0.0500000
NODE_7166_length_972_cov_32.547537	299	379	27	10	80	0.1250000
NODE_7166_length_972_cov_32.547537	299	379	28	1	80	0.0125000
NODE_7166_length_972_cov_32.547537	299	379	29	10	80	0.1250000
NODE_7166_length_972_cov_32.547537	299	379	30	40	80	0.5000000
NODE_7166_length_972_cov_32.547537	352	432	2	2	80	0.0250000
NODE_7166_length_972_cov_32.547537	352	432	6	6	80	0.0750000
NODE_7166_length_972_cov_32.547537	352	432	7	1	80	0.0125000
NODE_7166_length_972_cov_32.547537	352	432	8	12	80	0.1500000
NODE_7166_length_972_cov_32.547537	352	432	10	4	80	0.0500000
NODE_7166_length_972_cov_32.547537	352	432	12	1	80	0.0125000
NODE_7166_length_972_cov_32.547537	352	432	14	3	80	0.0375000
NODE_7166_length_972_cov_32.547537	352	432	16	25	80	0.3125000
NODE_7166_length_972_cov_32.547537	352	432	17	1	80	0.0125000
NODE_7166_length_972_cov_32.547537	352	432	18	5	80	0.0625000
NODE_7166_length_972_cov_32.547537	352	432	19	2	80	0.0250000
NODE_7166_length_972_cov_32.547537	352	432	20	4	80	0.0500000
NODE_7166_length_972_cov_32.547537	352	432	26	4	80	0.0500000
NODE_7166_length_972_cov_32.547537	352	432	27	10	80	0.1250000
NODE_7166_length_972_cov_32.547537	428	508	6	61	80	0.7625000
NODE_7166_length_972_cov_32.547537	428	508	8	19	80	0.2375000
NODE_7166_length_972_cov_32.547537	481	561	4	10	80	0.1250000
NODE_7166_length_972_cov_32.547537	481	561	6	28	80	0.3500000
NODE_7166_length_972_cov_32.547537	481	561	8	22	80	0.2750000
NODE_7166_length_972_cov_32.547537	481	561	10	20	80	0.2500000
NODE_7167_length_972_cov_31.010309	474	554	8	13	80	0.1625000
NODE_7167_length_972_cov_31.010309	474	554	10	3	80	0.0375000
NODE_7167_length_972_cov_31.010309	474	554	11	6	80	0.0750000
NODE_7167_length_972_cov_31.010309	474	554	12	10	80	0.1250000
NODE_7167_length_972_cov_31.010309	474	554	14	19	80	0.2375000
NODE_7167_length_972_cov_31.010309	474	554	16	28	80	0.3500000
NODE_7167_length_972_cov_31.010309	474	554	17	1	80	0.0125000
NODE_7167_length_972_cov_31.010309	527	607	5	8	80	0.1000000
NODE_7167_length_972_cov_31.010309	527	607	7	10	80	0.1250000
NODE_7167_length_972_cov_31.010309	527	607	9	22	80	0.2750000
NODE_7167_length_972_cov_31.010309	527	607	11	7	80	0.0875000
NODE_7167_length_972_cov_31.010309	527	607	13	1	80	0.0125000
NODE_7167_length_972_cov_31.010309	527	607	14	10	80	0.1250000
NODE_7167_length_972_cov_31.010309	527	607	16	21	80	0.2625000
NODE_7167_length_972_cov_31.010309	527	607	17	1	80	0.0125000
NODE_7168_length_972_cov_29.810997	481	561	8	51	80	0.6375000
NODE_7168_length_972_cov_29.810997	481	561	12	1	80	0.0125000
NODE_7168_length_972_cov_29.810997	481	561	14	6	80	0.0750000
NODE_7168_length_972_cov_29.810997	481	561	15	1	80	0.0125000
NODE_7168_length_972_cov_29.810997	481	561	16	21	80	0.2625000
NODE_7168_length_972_cov_29.810997	534	614	8	23	80	0.2875000
NODE_7168_length_972_cov_29.810997	534	614	14	36	80	0.4500000
NODE_7168_length_972_cov_29.810997	534	614	16	21	80	0.2625000
NODE_7169_length_972_cov_23.438717	442	522	0	10	80	0.1250000
NODE_7169_length_972_cov_23.438717	442	522	1	39	80	0.4875000
NODE_7169_length_972_cov_23.438717	442	522	3	29	80	0.3625000
NODE_7169_length_972_cov_23.438717	442	522	4	2	80	0.0250000
NODE_7169_length_972_cov_23.438717	495	575	3	25	80	0.3125000
NODE_7169_length_972_cov_23.438717	495	575	4	55	80	0.6875000
NODE_7170_length_972_cov_18.886598	453	533	2	15	80	0.1875000
NODE_7170_length_972_cov_18.886598	453	533	4	65	80	0.8125000
NODE_7170_length_972_cov_18.886598	506	585	0	24	79	0.3037975
NODE_7170_length_972_cov_18.886598	506	585	4	55	79	0.6962025
NODE_7171_length_972_cov_15.100802	329	409	0	9	80	0.1125000
NODE_7171_length_972_cov_15.100802	329	409	2	4	80	0.0500000
NODE_7171_length_972_cov_15.100802	329	409	4	17	80	0.2125000
NODE_7171_length_972_cov_15.100802	329	409	7	50	80	0.6250000
NODE_7171_length_972_cov_15.100802	382	462	6	30	80	0.3750000
NODE_7171_length_972_cov_15.100802	382	462	7	31	80	0.3875000
NODE_7171_length_972_cov_15.100802	382	462	8	19	80	0.2375000
NODE_7172_length_972_cov_12.674685	444	524	0	80	80	1.0000000
NODE_7172_length_972_cov_12.674685	497	577	0	80	80	1.0000000
NODE_7173_length_972_cov_11.235968	504	584	2	32	80	0.4000000
NODE_7173_length_972_cov_11.235968	504	584	3	24	80	0.3000000
NODE_7173_length_972_cov_11.235968	504	584	4	24	80	0.3000000
NODE_7173_length_972_cov_11.235968	557	637	0	18	80	0.2250000
NODE_7173_length_972_cov_11.235968	557	637	2	62	80	0.7750000
NODE_7174_length_972_cov_10.983963	402	482	0	79	80	0.9875000
NODE_7174_length_972_cov_10.983963	402	482	2	1	80	0.0125000
NODE_7174_length_972_cov_10.983963	455	535	0	26	80	0.3250000
NODE_7174_length_972_cov_10.983963	455	535	2	13	80	0.1625000
NODE_7174_length_972_cov_10.983963	455	535	4	41	80	0.5125000
NODE_7175_length_972_cov_8.887743	302	382	2	80	80	1.0000000
NODE_7175_length_972_cov_8.887743	355	430	2	32	75	0.4266667
NODE_7175_length_972_cov_8.887743	355	430	4	43	75	0.5733333
NODE_7176_length_972_cov_8.265750	488	568	0	4	80	0.0500000
NODE_7176_length_972_cov_8.265750	488	568	2	76	80	0.9500000
NODE_7176_length_972_cov_8.265750	541	621	0	30	80	0.3750000
NODE_7176_length_972_cov_8.265750	541	621	2	50	80	0.6250000
NODE_7182_length_972_cov_2.714777	165	241	0	2	76	0.0263158
NODE_7182_length_972_cov_2.714777	165	241	2	74	76	0.9736842
NODE_7195_length_971_cov_52.575688	398	478	0	6	80	0.0750000
NODE_7195_length_971_cov_52.575688	398	478	2	74	80	0.9250000
NODE_7195_length_971_cov_52.575688	451	531	0	6	80	0.0750000
NODE_7195_length_971_cov_52.575688	451	531	2	74	80	0.9250000
NODE_7195_length_971_cov_52.575688	527	607	2	5	80	0.0625000
NODE_7195_length_971_cov_52.575688	527	607	4	22	80	0.2750000
NODE_7195_length_971_cov_52.575688	527	607	8	53	80	0.6625000
NODE_7195_length_971_cov_52.575688	580	660	0	4	80	0.0500000
NODE_7195_length_971_cov_52.575688	580	660	2	3	80	0.0375000
NODE_7195_length_971_cov_52.575688	580	660	3	19	80	0.2375000
NODE_7195_length_971_cov_52.575688	580	660	5	16	80	0.2000000
NODE_7195_length_971_cov_52.575688	580	660	7	9	80	0.1125000
NODE_7195_length_971_cov_52.575688	580	660	8	29	80	0.3625000
NODE_7196_length_971_cov_44.464450	280	360	0	80	80	1.0000000
NODE_7196_length_971_cov_44.464450	333	413	0	80	80	1.0000000
NODE_7196_length_971_cov_44.464450	409	489	0	16	80	0.2000000
NODE_7196_length_971_cov_44.464450	409	489	2	64	80	0.8000000
NODE_7196_length_971_cov_44.464450	462	542	2	80	80	1.0000000
NODE_7197_length_971_cov_32.721330	509	589	0	2	80	0.0250000
NODE_7197_length_971_cov_32.721330	509	589	2	23	80	0.2875000
NODE_7197_length_971_cov_32.721330	509	589	3	27	80	0.3375000
NODE_7197_length_971_cov_32.721330	509	589	7	5	80	0.0625000
NODE_7197_length_971_cov_32.721330	509	589	8	23	80	0.2875000
NODE_7197_length_971_cov_32.721330	562	642	6	6	80	0.0750000
NODE_7197_length_971_cov_32.721330	562	642	7	4	80	0.0500000
NODE_7197_length_971_cov_32.721330	562	642	8	70	80	0.8750000
NODE_7198_length_971_cov_30.264908	474	554	0	80	80	1.0000000
NODE_7198_length_971_cov_30.264908	527	607	0	80	80	1.0000000
NODE_7199_length_971_cov_26.631881	434	514	2	16	80	0.2000000
NODE_7199_length_971_cov_26.631881	434	514	4	64	80	0.8000000
NODE_7199_length_971_cov_26.631881	487	567	0	28	80	0.3500000
NODE_7199_length_971_cov_26.631881	487	567	2	33	80	0.4125000
NODE_7199_length_971_cov_26.631881	487	567	4	19	80	0.2375000
NODE_7200_length_971_cov_25.635321	404	484	0	80	80	1.0000000
NODE_7200_length_971_cov_25.635321	457	537	0	80	80	1.0000000
NODE_7201_length_971_cov_23.334862	363	443	0	5	80	0.0625000
NODE_7201_length_971_cov_23.334862	363	443	2	45	80	0.5625000
NODE_7201_length_971_cov_23.334862	363	443	4	2	80	0.0250000
NODE_7201_length_971_cov_23.334862	363	443	6	28	80	0.3500000
NODE_7201_length_971_cov_23.334862	416	497	2	5	81	0.0617284
NODE_7201_length_971_cov_23.334862	416	497	4	39	81	0.4814815
NODE_7201_length_971_cov_23.334862	416	497	6	37	81	0.4567901
NODE_7202_length_971_cov_18.254587	468	548	1	65	80	0.8125000
NODE_7202_length_971_cov_18.254587	468	548	2	15	80	0.1875000
NODE_7202_length_971_cov_18.254587	521	601	0	26	80	0.3250000
NODE_7202_length_971_cov_18.254587	521	601	1	54	80	0.6750000
NODE_7203_length_971_cov_18.229358	392	472	2	80	80	1.0000000
NODE_7203_length_971_cov_18.229358	445	525	1	18	80	0.2250000
NODE_7203_length_971_cov_18.229358	445	525	2	62	80	0.7750000
NODE_7204_length_971_cov_16.591743	481	561	8	26	80	0.3250000
NODE_7204_length_971_cov_16.591743	481	561	10	24	80	0.3000000
NODE_7204_length_971_cov_16.591743	481	561	11	2	80	0.0250000
NODE_7204_length_971_cov_16.591743	481	561	12	28	80	0.3500000
NODE_7204_length_971_cov_16.591743	534	614	4	14	80	0.1750000
NODE_7204_length_971_cov_16.591743	534	614	10	62	80	0.7750000
NODE_7204_length_971_cov_16.591743	534	614	12	4	80	0.0500000
NODE_7205_length_971_cov_15.563073	463	543	2	4	80	0.0500000
NODE_7205_length_971_cov_15.563073	463	543	10	5	80	0.0625000
NODE_7205_length_971_cov_15.563073	463	543	11	1	80	0.0125000
NODE_7205_length_971_cov_15.563073	463	543	12	16	80	0.2000000
NODE_7205_length_971_cov_15.563073	463	543	14	12	80	0.1500000
NODE_7205_length_971_cov_15.563073	463	543	18	42	80	0.5250000
NODE_7205_length_971_cov_15.563073	516	596	8	3	80	0.0375000
NODE_7205_length_971_cov_15.563073	516	596	12	4	80	0.0500000
NODE_7205_length_971_cov_15.563073	516	596	14	37	80	0.4625000
NODE_7205_length_971_cov_15.563073	516	596	16	4	80	0.0500000
NODE_7205_length_971_cov_15.563073	516	596	18	32	80	0.4000000
NODE_7206_length_971_cov_12.141055	415	495	0	32	80	0.4000000
NODE_7206_length_971_cov_12.141055	415	495	2	7	80	0.0875000
NODE_7206_length_971_cov_12.141055	415	495	4	41	80	0.5125000
NODE_7206_length_971_cov_12.141055	468	548	2	21	80	0.2625000
NODE_7206_length_971_cov_12.141055	468	548	4	59	80	0.7375000
NODE_7222_length_970_cov_34.928817	438	518	0	38	80	0.4750000
NODE_7222_length_970_cov_34.928817	438	518	2	42	80	0.5250000
NODE_7222_length_970_cov_34.928817	491	571	0	20	80	0.2500000
NODE_7222_length_970_cov_34.928817	491	571	2	60	80	0.7500000
NODE_7223_length_970_cov_34.445465	540	620	10	35	80	0.4375000
NODE_7223_length_970_cov_34.445465	540	620	14	24	80	0.3000000
NODE_7223_length_970_cov_34.445465	540	620	16	21	80	0.2625000
NODE_7223_length_970_cov_34.445465	593	673	0	1	80	0.0125000
NODE_7223_length_970_cov_34.445465	593	673	4	11	80	0.1375000
NODE_7223_length_970_cov_34.445465	593	673	6	1	80	0.0125000
NODE_7223_length_970_cov_34.445465	593	673	7	9	80	0.1125000
NODE_7223_length_970_cov_34.445465	593	673	9	5	80	0.0625000
NODE_7223_length_970_cov_34.445465	593	673	12	25	80	0.3125000
NODE_7223_length_970_cov_34.445465	593	673	14	13	80	0.1625000
NODE_7223_length_970_cov_34.445465	593	673	16	15	80	0.1875000
NODE_7224_length_970_cov_34.257176	352	432	6	11	80	0.1375000
NODE_7224_length_970_cov_34.257176	352	432	8	69	80	0.8625000
NODE_7224_length_970_cov_34.257176	405	485	2	2	80	0.0250000
NODE_7224_length_970_cov_34.257176	405	485	3	5	80	0.0625000
NODE_7224_length_970_cov_34.257176	405	485	4	24	80	0.3000000
NODE_7224_length_970_cov_34.257176	405	485	5	1	80	0.0125000
NODE_7224_length_970_cov_34.257176	405	485	6	10	80	0.1250000
NODE_7224_length_970_cov_34.257176	405	485	7	1	80	0.0125000
NODE_7224_length_970_cov_34.257176	405	485	8	37	80	0.4625000
NODE_7225_length_970_cov_26.904707	297	372	8	45	75	0.6000000
NODE_7225_length_970_cov_26.904707	297	372	12	30	75	0.4000000
NODE_7225_length_970_cov_26.904707	303	376	8	43	73	0.5890411
NODE_7225_length_970_cov_26.904707	303	376	12	30	73	0.4109589
NODE_7225_length_970_cov_26.904707	311	377	8	36	66	0.5454546
NODE_7225_length_970_cov_26.904707	311	377	12	30	66	0.4545455
NODE_7225_length_970_cov_26.904707	350	429	2	3	79	0.0379747
NODE_7225_length_970_cov_26.904707	350	429	4	35	79	0.4430380
NODE_7225_length_970_cov_26.904707	350	429	5	5	79	0.0632911
NODE_7225_length_970_cov_26.904707	350	429	6	3	79	0.0379747
NODE_7225_length_970_cov_26.904707	350	429	8	25	79	0.3164557
NODE_7225_length_970_cov_26.904707	350	429	12	8	79	0.1012658
NODE_7225_length_970_cov_26.904707	350	429	2	3	79	0.0379747
NODE_7225_length_970_cov_26.904707	350	429	4	35	79	0.4430380
NODE_7225_length_970_cov_26.904707	350	429	5	5	79	0.0632911
NODE_7225_length_970_cov_26.904707	350	429	6	3	79	0.0379747
NODE_7225_length_970_cov_26.904707	350	429	8	25	79	0.3164557
NODE_7225_length_970_cov_26.904707	350	429	12	8	79	0.1012658
NODE_7225_length_970_cov_26.904707	350	429	2	3	79	0.0379747
NODE_7225_length_970_cov_26.904707	350	429	4	35	79	0.4430380
NODE_7225_length_970_cov_26.904707	350	429	5	5	79	0.0632911
NODE_7225_length_970_cov_26.904707	350	429	6	3	79	0.0379747
NODE_7225_length_970_cov_26.904707	350	429	8	25	79	0.3164557
NODE_7225_length_970_cov_26.904707	350	429	12	8	79	0.1012658
NODE_7226_length_970_cov_26.040184	266	346	2	70	80	0.8750000
NODE_7226_length_970_cov_26.040184	266	346	4	10	80	0.1250000
NODE_7226_length_970_cov_26.040184	319	399	2	27	80	0.3375000
NODE_7226_length_970_cov_26.040184	319	399	3	1	80	0.0125000
NODE_7226_length_970_cov_26.040184	319	399	4	52	80	0.6500000
NODE_7226_length_970_cov_26.040184	395	475	2	40	80	0.5000000
NODE_7226_length_970_cov_26.040184	395	475	6	17	80	0.2125000
NODE_7226_length_970_cov_26.040184	395	475	8	23	80	0.2875000
NODE_7226_length_970_cov_26.040184	448	528	4	12	80	0.1500000
NODE_7226_length_970_cov_26.040184	448	528	6	47	80	0.5875000
NODE_7226_length_970_cov_26.040184	448	528	8	21	80	0.2625000
NODE_7227_length_970_cov_19.291619	415	495	0	7	80	0.0875000
NODE_7227_length_970_cov_19.291619	415	495	2	13	80	0.1625000
NODE_7227_length_970_cov_19.291619	415	495	4	60	80	0.7500000
NODE_7227_length_970_cov_19.291619	468	548	0	36	80	0.4500000
NODE_7227_length_970_cov_19.291619	468	548	2	6	80	0.0750000
NODE_7227_length_970_cov_19.291619	468	548	4	38	80	0.4750000
NODE_7228_length_970_cov_17.731343	557	637	13	4	80	0.0500000
NODE_7228_length_970_cov_17.731343	557	637	16	20	80	0.2500000
NODE_7228_length_970_cov_17.731343	557	637	18	46	80	0.5750000
NODE_7228_length_970_cov_17.731343	557	637	19	1	80	0.0125000
NODE_7228_length_970_cov_17.731343	557	637	20	9	80	0.1125000
NODE_7228_length_970_cov_17.731343	610	690	2	12	80	0.1500000
NODE_7228_length_970_cov_17.731343	610	690	9	9	80	0.1125000
NODE_7228_length_970_cov_17.731343	610	690	10	21	80	0.2625000
NODE_7228_length_970_cov_17.731343	610	690	11	2	80	0.0250000
NODE_7228_length_970_cov_17.731343	610	690	13	13	80	0.1625000
NODE_7228_length_970_cov_17.731343	610	690	16	20	80	0.2500000
NODE_7228_length_970_cov_17.731343	610	690	19	1	80	0.0125000
NODE_7228_length_970_cov_17.731343	610	690	20	2	80	0.0250000
NODE_7229_length_970_cov_15.135476	407	487	2	10	80	0.1250000
NODE_7229_length_970_cov_15.135476	407	487	5	31	80	0.3875000
NODE_7229_length_970_cov_15.135476	407	487	6	24	80	0.3000000
NODE_7229_length_970_cov_15.135476	407	487	8	15	80	0.1875000
NODE_7229_length_970_cov_15.135476	460	540	0	17	80	0.2125000
NODE_7229_length_970_cov_15.135476	460	540	2	46	80	0.5750000
NODE_7229_length_970_cov_15.135476	460	540	5	17	80	0.2125000
NODE_7230_length_970_cov_12.675086	534	614	0	80	80	1.0000000
NODE_7230_length_970_cov_12.675086	587	667	0	80	80	1.0000000
NODE_7231_length_970_cov_8.095293	487	567	2	80	80	1.0000000
NODE_7231_length_970_cov_8.095293	540	620	0	15	80	0.1875000
NODE_7231_length_970_cov_8.095293	540	620	2	65	80	0.8125000
NODE_7233_length_970_cov_7.127440	336	416	2	29	80	0.3625000
NODE_7233_length_970_cov_7.127440	336	416	4	31	80	0.3875000
NODE_7233_length_970_cov_7.127440	336	416	6	20	80	0.2500000
NODE_7233_length_970_cov_7.127440	389	469	2	7	80	0.0875000
NODE_7233_length_970_cov_7.127440	389	469	4	32	80	0.4000000
NODE_7233_length_970_cov_7.127440	389	469	6	41	80	0.5125000
NODE_7234_length_970_cov_5.824340	0	56	0	56	56	1.0000000
NODE_7246_length_969_cov_47.172414	419	499	0	66	80	0.8250000
NODE_7246_length_969_cov_47.172414	419	499	2	11	80	0.1375000
NODE_7246_length_969_cov_47.172414	419	499	34	3	80	0.0375000
NODE_7246_length_969_cov_47.172414	472	552	0	13	80	0.1625000
NODE_7246_length_969_cov_47.172414	472	552	2	11	80	0.1375000
NODE_7246_length_969_cov_47.172414	472	552	34	30	80	0.3750000
NODE_7246_length_969_cov_47.172414	472	552	36	4	80	0.0500000
NODE_7246_length_969_cov_47.172414	472	552	37	1	80	0.0125000
NODE_7246_length_969_cov_47.172414	472	552	38	21	80	0.2625000
NODE_7247_length_969_cov_28.234483	327	407	4	80	80	1.0000000
NODE_7247_length_969_cov_28.234483	380	460	0	12	80	0.1500000
NODE_7247_length_969_cov_28.234483	380	460	2	7	80	0.0875000
NODE_7247_length_969_cov_28.234483	380	460	4	61	80	0.7625000
NODE_7248_length_969_cov_27.131034	392	472	4	49	80	0.6125000
NODE_7248_length_969_cov_27.131034	392	472	5	1	80	0.0125000
NODE_7248_length_969_cov_27.131034	392	472	6	30	80	0.3750000
NODE_7248_length_969_cov_27.131034	445	525	3	11	80	0.1375000
NODE_7248_length_969_cov_27.131034	445	525	4	44	80	0.5500000
NODE_7248_length_969_cov_27.131034	445	525	6	25	80	0.3125000
NODE_7249_length_969_cov_26.345977	466	542	4	44	76	0.5789474
NODE_7249_length_969_cov_26.345977	466	542	6	17	76	0.2236842
NODE_7249_length_969_cov_26.345977	466	542	8	15	76	0.1973684
NODE_7249_length_969_cov_26.345977	515	595	4	53	80	0.6625000
NODE_7249_length_969_cov_26.345977	515	595	6	17	80	0.2125000
NODE_7249_length_969_cov_26.345977	515	595	8	10	80	0.1250000
NODE_7250_length_969_cov_18.954023	274	354	4	40	80	0.5000000
NODE_7250_length_969_cov_18.954023	274	354	6	40	80	0.5000000
NODE_7250_length_969_cov_18.954023	327	407	0	5	80	0.0625000
NODE_7250_length_969_cov_18.954023	327	407	2	39	80	0.4875000
NODE_7250_length_969_cov_18.954023	327	407	6	36	80	0.4500000
NODE_7251_length_969_cov_17.952874	410	490	6	9	80	0.1125000
NODE_7251_length_969_cov_17.952874	410	490	8	71	80	0.8875000
NODE_7251_length_969_cov_17.952874	463	543	0	37	80	0.4625000
NODE_7251_length_969_cov_17.952874	463	543	2	10	80	0.1250000
NODE_7251_length_969_cov_17.952874	463	543	6	15	80	0.1875000
NODE_7251_length_969_cov_17.952874	463	543	8	18	80	0.2250000
NODE_7251_length_969_cov_17.952874	693	773	0	4	80	0.0500000
NODE_7251_length_969_cov_17.952874	693	773	2	25	80	0.3125000
NODE_7251_length_969_cov_17.952874	693	773	6	10	80	0.1250000
NODE_7251_length_969_cov_17.952874	693	773	12	22	80	0.2750000
NODE_7251_length_969_cov_17.952874	693	773	16	7	80	0.0875000
NODE_7251_length_969_cov_17.952874	693	773	20	12	80	0.1500000
NODE_7251_length_969_cov_17.952874	746	826	12	9	80	0.1125000
NODE_7251_length_969_cov_17.952874	746	826	16	12	80	0.1500000
NODE_7251_length_969_cov_17.952874	746	826	18	38	80	0.4750000
NODE_7251_length_969_cov_17.952874	746	826	20	21	80	0.2625000
NODE_7252_length_969_cov_15.942529	446	526	0	80	80	1.0000000
NODE_7252_length_969_cov_15.942529	499	579	0	80	80	1.0000000
NODE_7253_length_969_cov_9.926437	573	653	0	54	80	0.6750000
NODE_7253_length_969_cov_9.926437	573	653	2	26	80	0.3250000
NODE_7253_length_969_cov_9.926437	626	706	0	1	80	0.0125000
NODE_7253_length_969_cov_9.926437	626	706	2	79	80	0.9875000
NODE_7265_length_968_cov_59.162255	376	456	0	41	80	0.5125000
NODE_7265_length_968_cov_59.162255	376	456	2	17	80	0.2125000
NODE_7265_length_968_cov_59.162255	376	456	4	22	80	0.2750000
NODE_7265_length_968_cov_59.162255	429	509	0	13	80	0.1625000
NODE_7265_length_968_cov_59.162255	429	509	2	11	80	0.1375000
NODE_7265_length_968_cov_59.162255	429	509	4	56	80	0.7000000
NODE_7265_length_968_cov_59.162255	505	585	0	35	80	0.4375000
NODE_7265_length_968_cov_59.162255	505	585	3	1	80	0.0125000
NODE_7265_length_968_cov_59.162255	505	585	4	8	80	0.1000000
NODE_7265_length_968_cov_59.162255	505	585	6	12	80	0.1500000
NODE_7265_length_968_cov_59.162255	505	585	7	2	80	0.0250000
NODE_7265_length_968_cov_59.162255	505	585	9	22	80	0.2750000
NODE_7265_length_968_cov_59.162255	558	638	6	3	80	0.0375000
NODE_7265_length_968_cov_59.162255	558	638	7	2	80	0.0250000
NODE_7265_length_968_cov_59.162255	558	638	9	25	80	0.3125000
NODE_7265_length_968_cov_59.162255	558	638	10	2	80	0.0250000
NODE_7265_length_968_cov_59.162255	558	638	12	48	80	0.6000000
NODE_7266_length_968_cov_40.005754	514	594	4	39	80	0.4875000
NODE_7266_length_968_cov_40.005754	514	594	12	3	80	0.0375000
NODE_7266_length_968_cov_40.005754	514	594	14	38	80	0.4750000
NODE_7266_length_968_cov_40.005754	567	647	10	25	80	0.3125000
NODE_7266_length_968_cov_40.005754	567	647	14	55	80	0.6875000
NODE_7267_length_968_cov_36.521289	450	530	2	21	80	0.2625000
NODE_7267_length_968_cov_36.521289	450	530	6	11	80	0.1375000
NODE_7267_length_968_cov_36.521289	450	530	10	20	80	0.2500000
NODE_7267_length_968_cov_36.521289	450	530	12	2	80	0.0250000
NODE_7267_length_968_cov_36.521289	450	530	16	6	80	0.0750000
NODE_7267_length_968_cov_36.521289	450	530	18	20	80	0.2500000
NODE_7267_length_968_cov_36.521289	503	583	12	1	80	0.0125000
NODE_7267_length_968_cov_36.521289	503	583	14	12	80	0.1500000
NODE_7267_length_968_cov_36.521289	503	583	16	20	80	0.2500000
NODE_7267_length_968_cov_36.521289	503	583	18	47	80	0.5875000
NODE_7268_length_968_cov_34.799770	474	554	0	5	80	0.0625000
NODE_7268_length_968_cov_34.799770	474	554	2	30	80	0.3750000
NODE_7268_length_968_cov_34.799770	474	554	8	41	80	0.5125000
NODE_7268_length_968_cov_34.799770	474	554	10	4	80	0.0500000
NODE_7268_length_968_cov_34.799770	527	607	8	30	80	0.3750000
NODE_7268_length_968_cov_34.799770	527	607	10	50	80	0.6250000
NODE_7269_length_968_cov_26.929804	293	372	0	79	79	1.0000000
NODE_7269_length_968_cov_26.929804	345	425	0	80	80	1.0000000
NODE_7269_length_968_cov_26.929804	421	501	0	21	80	0.2625000
NODE_7269_length_968_cov_26.929804	421	501	2	59	80	0.7375000
NODE_7269_length_968_cov_26.929804	474	554	0	22	80	0.2750000
NODE_7269_length_968_cov_26.929804	474	554	2	58	80	0.7250000
NODE_7270_length_968_cov_24.468354	434	514	8	31	80	0.3875000
NODE_7270_length_968_cov_24.468354	434	514	16	8	80	0.1000000
NODE_7270_length_968_cov_24.468354	434	514	18	3	80	0.0375000
NODE_7270_length_968_cov_24.468354	434	514	20	10	80	0.1250000
NODE_7270_length_968_cov_24.468354	434	514	22	4	80	0.0500000
NODE_7270_length_968_cov_24.468354	434	514	24	24	80	0.3000000
NODE_7270_length_968_cov_24.468354	487	567	14	32	80	0.4000000
NODE_7270_length_968_cov_24.468354	487	567	16	16	80	0.2000000
NODE_7270_length_968_cov_24.468354	487	567	22	3	80	0.0375000
NODE_7270_length_968_cov_24.468354	487	567	24	29	80	0.3625000
NODE_7271_length_968_cov_23.204833	344	424	0	4	80	0.0500000
NODE_7271_length_968_cov_23.204833	344	424	2	9	80	0.1125000
NODE_7271_length_968_cov_23.204833	344	424	4	67	80	0.8375000
NODE_7271_length_968_cov_23.204833	397	477	0	57	80	0.7125000
NODE_7271_length_968_cov_23.204833	397	477	2	2	80	0.0250000
NODE_7271_length_968_cov_23.204833	397	477	4	21	80	0.2625000
NODE_7271_length_968_cov_23.204833	473	553	0	80	80	1.0000000
NODE_7271_length_968_cov_23.204833	526	606	0	80	80	1.0000000
NODE_7272_length_968_cov_22.321059	417	497	0	3	80	0.0375000
NODE_7272_length_968_cov_22.321059	417	497	2	41	80	0.5125000
NODE_7272_length_968_cov_22.321059	417	497	4	36	80	0.4500000
NODE_7272_length_968_cov_22.321059	470	550	4	50	80	0.6250000
NODE_7272_length_968_cov_22.321059	470	550	6	30	80	0.3750000
NODE_7273_length_968_cov_20.897583	313	393	4	5	80	0.0625000
NODE_7273_length_968_cov_20.897583	313	393	6	11	80	0.1375000
NODE_7273_length_968_cov_20.897583	313	393	8	27	80	0.3375000
NODE_7273_length_968_cov_20.897583	313	393	10	7	80	0.0875000
NODE_7273_length_968_cov_20.897583	313	393	14	30	80	0.3750000
NODE_7273_length_968_cov_20.897583	366	446	8	25	80	0.3125000
NODE_7273_length_968_cov_20.897583	366	446	10	7	80	0.0875000
NODE_7273_length_968_cov_20.897583	366	446	12	20	80	0.2500000
NODE_7273_length_968_cov_20.897583	366	446	14	28	80	0.3500000
NODE_7274_length_968_cov_19.296893	401	481	6	9	80	0.1125000
NODE_7274_length_968_cov_19.296893	401	481	8	7	80	0.0875000
NODE_7274_length_968_cov_19.296893	401	481	12	12	80	0.1500000
NODE_7274_length_968_cov_19.296893	401	481	14	16	80	0.2000000
NODE_7274_length_968_cov_19.296893	401	481	16	36	80	0.4500000
NODE_7274_length_968_cov_19.296893	454	534	2	3	80	0.0375000
NODE_7274_length_968_cov_19.296893	454	534	4	3	80	0.0375000
NODE_7274_length_968_cov_19.296893	454	534	8	2	80	0.0250000
NODE_7274_length_968_cov_19.296893	454	534	9	1	80	0.0125000
NODE_7274_length_968_cov_19.296893	454	534	10	14	80	0.1750000
NODE_7274_length_968_cov_19.296893	454	534	12	18	80	0.2250000
NODE_7274_length_968_cov_19.296893	454	534	14	22	80	0.2750000
NODE_7274_length_968_cov_19.296893	454	534	16	17	80	0.2125000
NODE_7275_length_968_cov_18.100115	573	653	2	51	80	0.6375000
NODE_7275_length_968_cov_18.100115	573	653	4	29	80	0.3625000
NODE_7275_length_968_cov_18.100115	626	706	2	65	80	0.8125000
NODE_7275_length_968_cov_18.100115	626	706	4	15	80	0.1875000
NODE_7276_length_968_cov_15.576525	472	552	2	28	80	0.3500000
NODE_7276_length_968_cov_15.576525	472	552	4	52	80	0.6500000
NODE_7276_length_968_cov_15.576525	525	605	0	43	80	0.5375000
NODE_7276_length_968_cov_15.576525	525	605	2	37	80	0.4625000
NODE_7277_length_968_cov_15.024166	329	409	0	47	80	0.5875000
NODE_7277_length_968_cov_15.024166	329	409	2	33	80	0.4125000
NODE_7277_length_968_cov_15.024166	382	462	2	80	80	1.0000000
NODE_7277_length_968_cov_15.024166	458	538	1	18	80	0.2250000
NODE_7277_length_968_cov_15.024166	458	538	2	53	80	0.6625000
NODE_7277_length_968_cov_15.024166	458	538	3	9	80	0.1125000
NODE_7277_length_968_cov_15.024166	511	591	2	80	80	1.0000000
NODE_7278_length_968_cov_13.911392	674	754	0	28	80	0.3500000
NODE_7278_length_968_cov_13.911392	674	754	2	52	80	0.6500000
NODE_7278_length_968_cov_13.911392	727	807	0	80	80	1.0000000
NODE_7279_length_968_cov_11.698504	598	678	0	80	80	1.0000000
NODE_7279_length_968_cov_11.698504	651	731	0	80	80	1.0000000
NODE_7280_length_968_cov_6.490219	538	618	0	80	80	1.0000000
NODE_7280_length_968_cov_6.490219	591	671	0	80	80	1.0000000
NODE_7294_length_967_cov_25.572581	332	412	0	49	80	0.6125000
NODE_7294_length_967_cov_25.572581	332	412	2	4	80	0.0500000
NODE_7294_length_967_cov_25.572581	332	412	4	27	80	0.3375000
NODE_7294_length_967_cov_25.572581	385	465	0	16	80	0.2000000
NODE_7294_length_967_cov_25.572581	385	465	2	10	80	0.1250000
NODE_7294_length_967_cov_25.572581	385	465	4	54	80	0.6750000
NODE_7295_length_967_cov_24.919355	396	476	2	57	80	0.7125000
NODE_7295_length_967_cov_24.919355	396	476	5	9	80	0.1125000
NODE_7295_length_967_cov_24.919355	396	476	6	7	80	0.0875000
NODE_7295_length_967_cov_24.919355	396	476	8	7	80	0.0875000
NODE_7295_length_967_cov_24.919355	449	529	2	4	80	0.0500000
NODE_7295_length_967_cov_24.919355	449	529	5	9	80	0.1125000
NODE_7295_length_967_cov_24.919355	449	529	6	60	80	0.7500000
NODE_7295_length_967_cov_24.919355	449	529	8	7	80	0.0875000
NODE_7296_length_967_cov_19.137097	374	454	10	80	80	1.0000000
NODE_7296_length_967_cov_19.137097	427	507	0	34	80	0.4250000
NODE_7296_length_967_cov_19.137097	427	507	5	11	80	0.1375000
NODE_7296_length_967_cov_19.137097	427	507	10	35	80	0.4375000
NODE_7296_length_967_cov_19.137097	503	583	0	80	80	1.0000000
NODE_7296_length_967_cov_19.137097	556	636	0	30	80	0.3750000
NODE_7296_length_967_cov_19.137097	556	636	2	50	80	0.6250000
NODE_7297_length_967_cov_14.654378	453	533	0	5	80	0.0625000
NODE_7297_length_967_cov_14.654378	453	533	2	60	80	0.7500000
NODE_7297_length_967_cov_14.654378	453	533	4	15	80	0.1875000
NODE_7297_length_967_cov_14.654378	506	586	2	57	80	0.7125000
NODE_7297_length_967_cov_14.654378	506	586	4	23	80	0.2875000
NODE_7298_length_967_cov_8.027650	280	360	0	80	80	1.0000000
NODE_7298_length_967_cov_8.027650	333	413	0	80	80	1.0000000
NODE_7310_length_966_cov_43.154556	401	474	0	38	73	0.5205479
NODE_7310_length_966_cov_43.154556	401	474	2	35	73	0.4794520
NODE_7310_length_966_cov_43.154556	447	527	0	15	80	0.1875000
NODE_7310_length_966_cov_43.154556	447	527	2	65	80	0.8125000
NODE_7311_length_966_cov_42.877739	477	557	2	19	80	0.2375000
NODE_7311_length_966_cov_42.877739	477	557	4	9	80	0.1125000
NODE_7311_length_966_cov_42.877739	477	557	6	7	80	0.0875000
NODE_7311_length_966_cov_42.877739	477	557	8	45	80	0.5625000
NODE_7311_length_966_cov_42.877739	530	610	6	37	80	0.4625000
NODE_7311_length_966_cov_42.877739	530	610	8	43	80	0.5375000
NODE_7312_length_966_cov_39.956171	283	363	4	20	80	0.2500000
NODE_7312_length_966_cov_39.956171	283	363	6	32	80	0.4000000
NODE_7312_length_966_cov_39.956171	283	363	14	7	80	0.0875000
NODE_7312_length_966_cov_39.956171	283	363	19	9	80	0.1125000
NODE_7312_length_966_cov_39.956171	283	363	21	12	80	0.1500000
NODE_7312_length_966_cov_39.956171	336	416	14	6	80	0.0750000
NODE_7312_length_966_cov_39.956171	336	416	17	40	80	0.5000000
NODE_7312_length_966_cov_39.956171	336	416	19	22	80	0.2750000
NODE_7312_length_966_cov_39.956171	336	416	21	12	80	0.1500000
NODE_7312_length_966_cov_39.956171	412	494	4	12	82	0.1463415
NODE_7312_length_966_cov_39.956171	412	494	12	2	82	0.0243902
NODE_7312_length_966_cov_39.956171	412	494	16	8	82	0.0975610
NODE_7312_length_966_cov_39.956171	412	494	17	26	82	0.3170732
NODE_7312_length_966_cov_39.956171	412	494	18	24	82	0.2926829
NODE_7312_length_966_cov_39.956171	412	494	20	10	82	0.1219512
NODE_7312_length_966_cov_39.956171	467	547	4	65	80	0.8125000
NODE_7312_length_966_cov_39.956171	467	547	12	2	80	0.0250000
NODE_7312_length_966_cov_39.956171	467	547	18	3	80	0.0375000
NODE_7312_length_966_cov_39.956171	467	547	20	10	80	0.1250000
NODE_7313_length_966_cov_36.160323	461	541	2	55	80	0.6875000
NODE_7313_length_966_cov_36.160323	461	541	4	25	80	0.3125000
NODE_7313_length_966_cov_36.160323	461	541	2	55	80	0.6875000
NODE_7313_length_966_cov_36.160323	461	541	4	25	80	0.3125000
NODE_7313_length_966_cov_36.160323	514	594	2	80	80	1.0000000
NODE_7314_length_966_cov_18.658593	408	488	0	26	80	0.3250000
NODE_7314_length_966_cov_18.658593	408	488	2	5	80	0.0625000
NODE_7314_length_966_cov_18.658593	408	488	6	11	80	0.1375000
NODE_7314_length_966_cov_18.658593	408	488	10	4	80	0.0500000
NODE_7314_length_966_cov_18.658593	408	488	16	13	80	0.1625000
NODE_7314_length_966_cov_18.658593	408	488	20	21	80	0.2625000
NODE_7314_length_966_cov_18.658593	461	541	16	6	80	0.0750000
NODE_7314_length_966_cov_18.658593	461	541	20	74	80	0.9250000
NODE_7315_length_966_cov_17.606690	341	421	2	5	80	0.0625000
NODE_7315_length_966_cov_17.606690	341	421	4	8	80	0.1000000
NODE_7315_length_966_cov_17.606690	341	421	6	32	80	0.4000000
NODE_7315_length_966_cov_17.606690	341	421	8	6	80	0.0750000
NODE_7315_length_966_cov_17.606690	341	421	10	29	80	0.3625000
NODE_7315_length_966_cov_17.606690	394	474	8	4	80	0.0500000
NODE_7315_length_966_cov_17.606690	394	474	10	76	80	0.9500000
NODE_7316_length_966_cov_16.064591	296	376	18	60	80	0.7500000
NODE_7316_length_966_cov_16.064591	296	376	20	20	80	0.2500000
NODE_7316_length_966_cov_16.064591	349	429	18	7	80	0.0875000
NODE_7316_length_966_cov_16.064591	349	429	20	35	80	0.4375000
NODE_7316_length_966_cov_16.064591	349	429	21	35	80	0.4375000
NODE_7316_length_966_cov_16.064591	349	429	22	3	80	0.0375000
NODE_7317_length_966_cov_15.155709	562	642	0	8	80	0.1000000
NODE_7317_length_966_cov_15.155709	562	642	4	72	80	0.9000000
NODE_7317_length_966_cov_15.155709	615	695	0	61	80	0.7625000
NODE_7317_length_966_cov_15.155709	615	695	4	19	80	0.2375000
NODE_7318_length_966_cov_7.726644	280	360	10	20	80	0.2500000
NODE_7318_length_966_cov_7.726644	280	360	14	21	80	0.2625000
NODE_7318_length_966_cov_7.726644	280	360	18	3	80	0.0375000
NODE_7318_length_966_cov_7.726644	280	360	20	36	80	0.4500000
NODE_7318_length_966_cov_7.726644	334	414	0	6	80	0.0750000
NODE_7318_length_966_cov_7.726644	334	414	2	8	80	0.1000000
NODE_7318_length_966_cov_7.726644	334	414	10	4	80	0.0500000
NODE_7318_length_966_cov_7.726644	334	414	14	50	80	0.6250000
NODE_7318_length_966_cov_7.726644	334	414	20	12	80	0.1500000
NODE_7335_length_965_cov_51.524249	197	277	2	16	80	0.2000000
NODE_7335_length_965_cov_51.524249	197	277	8	64	80	0.8000000
NODE_7335_length_965_cov_51.524249	250	327	0	21	77	0.2727273
NODE_7335_length_965_cov_51.524249	250	327	6	29	77	0.3766234
NODE_7335_length_965_cov_51.524249	250	327	8	27	77	0.3506494
NODE_7335_length_965_cov_51.524249	329	406	0	7	77	0.0909091
NODE_7335_length_965_cov_51.524249	329	406	7	1	77	0.0129870
NODE_7335_length_965_cov_51.524249	329	406	8	27	77	0.3506494
NODE_7335_length_965_cov_51.524249	329	406	10	16	77	0.2077922
NODE_7335_length_965_cov_51.524249	329	406	12	21	77	0.2727273
NODE_7335_length_965_cov_51.524249	329	406	14	5	77	0.0649351
NODE_7335_length_965_cov_51.524249	379	459	10	10	80	0.1250000
NODE_7335_length_965_cov_51.524249	379	459	12	25	80	0.3125000
NODE_7335_length_965_cov_51.524249	379	459	14	45	80	0.5625000
NODE_7336_length_965_cov_18.072748	515	595	0	61	80	0.7625000
NODE_7336_length_965_cov_18.072748	515	595	2	19	80	0.2375000
NODE_7336_length_965_cov_18.072748	568	648	0	8	80	0.1000000
NODE_7336_length_965_cov_18.072748	568	648	2	72	80	0.9000000
NODE_7337_length_965_cov_14.277136	342	422	2	11	80	0.1375000
NODE_7337_length_965_cov_14.277136	342	422	4	69	80	0.8625000
NODE_7337_length_965_cov_14.277136	395	470	2	59	75	0.7866667
NODE_7337_length_965_cov_14.277136	395	470	4	16	75	0.2133333
NODE_7338_length_965_cov_7.808314	567	647	0	80	80	1.0000000
NODE_7338_length_965_cov_7.808314	620	700	0	80	80	1.0000000
NODE_7344_length_964_cov_60.153757	197	277	10	17	80	0.2125000
NODE_7344_length_964_cov_60.153757	197	277	13	2	80	0.0250000
NODE_7344_length_964_cov_60.153757	197	277	14	61	80	0.7625000
NODE_7344_length_964_cov_60.153757	250	314	4	11	64	0.1718750
NODE_7344_length_964_cov_60.153757	250	314	8	8	64	0.1250000
NODE_7344_length_964_cov_60.153757	250	314	10	29	64	0.4531250
NODE_7344_length_964_cov_60.153757	250	314	13	2	64	0.0312500
NODE_7344_length_964_cov_60.153757	250	314	14	14	64	0.2187500
NODE_7344_length_964_cov_60.153757	672	752	4	35	80	0.4375000
NODE_7344_length_964_cov_60.153757	672	752	6	45	80	0.5625000
NODE_7344_length_964_cov_60.153757	725	805	2	15	80	0.1875000
NODE_7344_length_964_cov_60.153757	725	805	4	51	80	0.6375000
NODE_7344_length_964_cov_60.153757	725	805	6	14	80	0.1750000
NODE_7345_length_964_cov_45.564162	314	394	0	80	80	1.0000000
NODE_7345_length_964_cov_45.564162	367	447	0	80	80	1.0000000
NODE_7345_length_964_cov_45.564162	443	523	0	11	80	0.1375000
NODE_7345_length_964_cov_45.564162	443	523	2	25	80	0.3125000
NODE_7345_length_964_cov_45.564162	443	523	4	44	80	0.5500000
NODE_7345_length_964_cov_45.564162	496	566	2	13	70	0.1857143
NODE_7345_length_964_cov_45.564162	496	566	4	57	70	0.8142857
NODE_7346_length_964_cov_33.487861	363	443	0	2	80	0.0250000
NODE_7346_length_964_cov_33.487861	363	443	2	31	80	0.3875000
NODE_7346_length_964_cov_33.487861	363	443	4	3	80	0.0375000
NODE_7346_length_964_cov_33.487861	363	443	12	5	80	0.0625000
NODE_7346_length_964_cov_33.487861	363	443	18	39	80	0.4875000
NODE_7346_length_964_cov_33.487861	416	496	13	3	80	0.0375000
NODE_7346_length_964_cov_33.487861	416	496	15	19	80	0.2375000
NODE_7346_length_964_cov_33.487861	416	496	17	7	80	0.0875000
NODE_7346_length_964_cov_33.487861	416	496	18	51	80	0.6375000
NODE_7347_length_964_cov_33.077457	408	488	0	80	80	1.0000000
NODE_7347_length_964_cov_33.077457	461	541	0	80	80	1.0000000
NODE_7347_length_964_cov_33.077457	537	617	0	67	80	0.8375000
NODE_7347_length_964_cov_33.077457	537	617	3	1	80	0.0125000
NODE_7347_length_964_cov_33.077457	537	617	4	12	80	0.1500000
NODE_7347_length_964_cov_33.077457	590	670	0	14	80	0.1750000
NODE_7347_length_964_cov_33.077457	590	670	3	1	80	0.0125000
NODE_7347_length_964_cov_33.077457	590	670	4	65	80	0.8125000
NODE_7348_length_964_cov_29.250867	419	499	6	9	80	0.1125000
NODE_7348_length_964_cov_29.250867	419	499	8	9	80	0.1125000
NODE_7348_length_964_cov_29.250867	419	499	9	1	80	0.0125000
NODE_7348_length_964_cov_29.250867	419	499	10	61	80	0.7625000
NODE_7348_length_964_cov_29.250867	472	552	4	35	80	0.4375000
NODE_7348_length_964_cov_29.250867	472	552	6	7	80	0.0875000
NODE_7348_length_964_cov_29.250867	472	552	10	38	80	0.4750000
NODE_7349_length_964_cov_20.191908	228	301	2	72	73	0.9863014
NODE_7349_length_964_cov_20.191908	228	301	3	1	73	0.0136986
NODE_7349_length_964_cov_20.191908	349	429	4	45	80	0.5625000
NODE_7349_length_964_cov_20.191908	349	429	8	3	80	0.0375000
NODE_7349_length_964_cov_20.191908	349	429	10	32	80	0.4000000
NODE_7349_length_964_cov_20.191908	402	482	7	7	80	0.0875000
NODE_7349_length_964_cov_20.191908	402	482	8	27	80	0.3375000
NODE_7349_length_964_cov_20.191908	402	482	9	17	80	0.2125000
NODE_7349_length_964_cov_20.191908	402	482	10	29	80	0.3625000
NODE_7350_length_964_cov_18.510983	486	566	0	80	80	1.0000000
NODE_7350_length_964_cov_18.510983	539	619	0	80	80	1.0000000
NODE_7351_length_964_cov_16.613873	464	544	2	80	80	1.0000000
NODE_7351_length_964_cov_16.613873	517	597	0	41	80	0.5125000
NODE_7351_length_964_cov_16.613873	517	597	2	39	80	0.4875000
NODE_7352_length_964_cov_15.717919	411	491	0	6	80	0.0750000
NODE_7352_length_964_cov_15.717919	411	491	2	74	80	0.9250000
NODE_7352_length_964_cov_15.717919	464	544	0	59	80	0.7375000
NODE_7352_length_964_cov_15.717919	464	544	2	21	80	0.2625000
NODE_7352_length_964_cov_15.717919	540	620	0	73	80	0.9125000
NODE_7352_length_964_cov_15.717919	540	620	2	7	80	0.0875000
NODE_7352_length_964_cov_15.717919	593	668	0	20	75	0.2666667
NODE_7352_length_964_cov_15.717919	593	668	2	55	75	0.7333333
NODE_7353_length_964_cov_14.591908	521	601	0	80	80	1.0000000
NODE_7353_length_964_cov_14.591908	574	654	0	80	80	1.0000000
NODE_7354_length_964_cov_11.589595	475	555	2	14	80	0.1750000
NODE_7354_length_964_cov_11.589595	475	555	4	8	80	0.1000000
NODE_7354_length_964_cov_11.589595	475	555	6	39	80	0.4875000
NODE_7354_length_964_cov_11.589595	475	555	12	19	80	0.2375000
NODE_7354_length_964_cov_11.589595	528	608	6	8	80	0.1000000
NODE_7354_length_964_cov_11.589595	528	608	8	10	80	0.1250000
NODE_7354_length_964_cov_11.589595	528	608	10	29	80	0.3625000
NODE_7354_length_964_cov_11.589595	528	608	11	1	80	0.0125000
NODE_7354_length_964_cov_11.589595	528	608	12	32	80	0.4000000
NODE_7355_length_964_cov_7.639306	420	500	0	24	80	0.3000000
NODE_7355_length_964_cov_7.639306	420	500	4	15	80	0.1875000
NODE_7355_length_964_cov_7.639306	420	500	6	9	80	0.1125000
NODE_7355_length_964_cov_7.639306	420	500	7	13	80	0.1625000
NODE_7355_length_964_cov_7.639306	420	500	8	19	80	0.2375000
NODE_7355_length_964_cov_7.639306	473	553	7	33	80	0.4125000
NODE_7355_length_964_cov_7.639306	473	553	8	15	80	0.1875000
NODE_7355_length_964_cov_7.639306	473	553	9	27	80	0.3375000
NODE_7355_length_964_cov_7.639306	473	553	11	5	80	0.0625000
NODE_7356_length_964_cov_7.596532	534	614	0	80	80	1.0000000
NODE_7356_length_964_cov_7.596532	587	667	0	80	80	1.0000000
NODE_7357_length_964_cov_6.568786	368	448	0	23	80	0.2875000
NODE_7357_length_964_cov_6.568786	368	448	2	57	80	0.7125000
NODE_7357_length_964_cov_6.568786	421	501	2	80	80	1.0000000
NODE_7359_length_964_cov_6.027746	890	940	8	20	50	0.4000000
NODE_7359_length_964_cov_6.027746	890	940	14	2	50	0.0400000
NODE_7359_length_964_cov_6.027746	890	940	16	28	50	0.5600000
NODE_7361_length_964_cov_4.665896	706	772	0	66	66	1.0000000
NODE_7376_length_963_cov_66.251157	456	536	4	23	80	0.2875000
NODE_7376_length_963_cov_66.251157	456	536	6	50	80	0.6250000
NODE_7376_length_963_cov_66.251157	456	536	8	7	80	0.0875000
NODE_7376_length_963_cov_66.251157	509	589	4	5	80	0.0625000
NODE_7376_length_963_cov_66.251157	509	589	6	36	80	0.4500000
NODE_7376_length_963_cov_66.251157	509	589	8	39	80	0.4875000
NODE_7376_length_963_cov_66.251157	585	665	2	56	80	0.7000000
NODE_7376_length_963_cov_66.251157	585	665	4	24	80	0.3000000
NODE_7376_length_963_cov_66.251157	638	718	0	6	80	0.0750000
NODE_7376_length_963_cov_66.251157	638	718	2	74	80	0.9250000
NODE_7377_length_963_cov_35.638889	381	461	8	33	80	0.4125000
NODE_7377_length_963_cov_35.638889	381	461	10	20	80	0.2500000
NODE_7377_length_963_cov_35.638889	381	461	12	27	80	0.3375000
NODE_7377_length_963_cov_35.638889	434	514	2	5	80	0.0625000
NODE_7377_length_963_cov_35.638889	434	514	4	14	80	0.1750000
NODE_7377_length_963_cov_35.638889	434	514	8	61	80	0.7625000
NODE_7377_length_963_cov_35.638889	510	590	0	20	80	0.2500000
NODE_7377_length_963_cov_35.638889	510	590	2	60	80	0.7500000
NODE_7377_length_963_cov_35.638889	563	643	2	80	80	1.0000000
NODE_7378_length_963_cov_33.642361	347	427	17	50	80	0.6250000
NODE_7378_length_963_cov_33.642361	347	427	21	30	80	0.3750000
NODE_7378_length_963_cov_33.642361	400	480	4	12	80	0.1500000
NODE_7378_length_963_cov_33.642361	400	480	12	1	80	0.0125000
NODE_7378_length_963_cov_33.642361	400	480	13	27	80	0.3375000
NODE_7378_length_963_cov_33.642361	400	480	21	40	80	0.5000000
NODE_7379_length_963_cov_18.626157	392	472	10	1	80	0.0125000
NODE_7379_length_963_cov_18.626157	392	472	14	55	80	0.6875000
NODE_7379_length_963_cov_18.626157	392	472	16	24	80	0.3000000
NODE_7379_length_963_cov_18.626157	445	525	2	6	80	0.0750000
NODE_7379_length_963_cov_18.626157	445	525	9	1	80	0.0125000
NODE_7379_length_963_cov_18.626157	445	525	10	5	80	0.0625000
NODE_7379_length_963_cov_18.626157	445	525	14	15	80	0.1875000
NODE_7379_length_963_cov_18.626157	445	525	16	53	80	0.6625000
NODE_7380_length_963_cov_17.750000	402	482	2	1	80	0.0125000
NODE_7380_length_963_cov_17.750000	402	482	4	25	80	0.3125000
NODE_7380_length_963_cov_17.750000	402	482	6	54	80	0.6750000
NODE_7380_length_963_cov_17.750000	455	535	2	1	80	0.0125000
NODE_7380_length_963_cov_17.750000	455	535	4	48	80	0.6000000
NODE_7380_length_963_cov_17.750000	455	535	6	31	80	0.3875000
NODE_7381_length_963_cov_17.023148	542	622	0	80	80	1.0000000
NODE_7381_length_963_cov_17.023148	595	675	0	80	80	1.0000000
NODE_7382_length_963_cov_16.642361	481	561	12	30	80	0.3750000
NODE_7382_length_963_cov_16.642361	481	561	13	27	80	0.3375000
NODE_7382_length_963_cov_16.642361	481	561	14	10	80	0.1250000
NODE_7382_length_963_cov_16.642361	481	561	16	13	80	0.1625000
NODE_7382_length_963_cov_16.642361	534	614	4	22	80	0.2750000
NODE_7382_length_963_cov_16.642361	534	614	10	28	80	0.3500000
NODE_7382_length_963_cov_16.642361	534	614	12	14	80	0.1750000
NODE_7382_length_963_cov_16.642361	534	614	16	16	80	0.2000000
NODE_7382_length_963_cov_16.642361	572	629	4	37	57	0.6491228
NODE_7382_length_963_cov_16.642361	572	629	10	20	57	0.3508772
NODE_7383_length_963_cov_14.961806	283	363	0	80	80	1.0000000
NODE_7383_length_963_cov_14.961806	336	416	0	80	80	1.0000000
NODE_7384_length_963_cov_13.341435	558	638	4	72	80	0.9000000
NODE_7384_length_963_cov_13.341435	558	638	6	8	80	0.1000000
NODE_7384_length_963_cov_13.341435	611	691	3	23	80	0.2875000
NODE_7384_length_963_cov_13.341435	611	691	4	54	80	0.6750000
NODE_7384_length_963_cov_13.341435	611	691	6	3	80	0.0375000
NODE_7386_length_963_cov_9.520833	459	539	0	22	80	0.2750000
NODE_7386_length_963_cov_9.520833	459	539	2	58	80	0.7250000
NODE_7386_length_963_cov_9.520833	512	592	2	80	80	1.0000000
NODE_7386_length_963_cov_9.520833	588	662	0	27	74	0.3648649
NODE_7386_length_963_cov_9.520833	588	662	2	45	74	0.6081081
NODE_7386_length_963_cov_9.520833	588	662	4	2	74	0.0270270
NODE_7386_length_963_cov_9.520833	641	724	0	16	83	0.1927711
NODE_7386_length_963_cov_9.520833	641	724	2	3	83	0.0361446
NODE_7386_length_963_cov_9.520833	641	724	4	64	83	0.7710843
NODE_7388_length_963_cov_7.510417	781	842	6	4	61	0.0655738
NODE_7388_length_963_cov_7.510417	781	842	13	5	61	0.0819672
NODE_7388_length_963_cov_7.510417	781	842	14	3	61	0.0491803
NODE_7388_length_963_cov_7.510417	781	842	18	8	61	0.1311475
NODE_7388_length_963_cov_7.510417	781	842	22	2	61	0.0327869
NODE_7388_length_963_cov_7.510417	781	842	24	2	61	0.0327869
NODE_7388_length_963_cov_7.510417	781	842	28	3	61	0.0491803
NODE_7388_length_963_cov_7.510417	781	842	30	13	61	0.2131148
NODE_7388_length_963_cov_7.510417	781	842	36	2	61	0.0327869
NODE_7388_length_963_cov_7.510417	781	842	38	4	61	0.0655738
NODE_7388_length_963_cov_7.510417	781	842	40	2	61	0.0327869
NODE_7388_length_963_cov_7.510417	781	842	50	9	61	0.1475410
NODE_7388_length_963_cov_7.510417	781	842	54	4	61	0.0655738
NODE_7388_length_963_cov_7.510417	815	894	30	6	79	0.0759494
NODE_7388_length_963_cov_7.510417	815	894	36	2	79	0.0253165
NODE_7388_length_963_cov_7.510417	815	894	38	6	79	0.0759494
NODE_7388_length_963_cov_7.510417	815	894	40	2	79	0.0253165
NODE_7388_length_963_cov_7.510417	815	894	48	8	79	0.1012658
NODE_7388_length_963_cov_7.510417	815	894	50	9	79	0.1139240
NODE_7388_length_963_cov_7.510417	815	894	52	17	79	0.2151899
NODE_7388_length_963_cov_7.510417	815	894	54	9	79	0.1139240
NODE_7388_length_963_cov_7.510417	815	894	56	20	79	0.2531646
NODE_7392_length_963_cov_3.755787	378	458	0	80	80	1.0000000
NODE_7392_length_963_cov_3.755787	431	511	0	80	80	1.0000000
NODE_7397_length_963_cov_1.931713	426	485	0	59	59	1.0000000
NODE_7404_length_962_cov_37.169177	356	436	6	80	80	1.0000000
NODE_7404_length_962_cov_37.169177	409	489	0	22	80	0.2750000
NODE_7404_length_962_cov_37.169177	409	489	6	58	80	0.7250000
NODE_7405_length_962_cov_28.852839	474	554	0	2	80	0.0250000
NODE_7405_length_962_cov_28.852839	474	554	2	41	80	0.5125000
NODE_7405_length_962_cov_28.852839	474	554	6	37	80	0.4625000
NODE_7405_length_962_cov_28.852839	527	607	4	47	80	0.5875000
NODE_7405_length_962_cov_28.852839	527	607	6	33	80	0.4125000
NODE_7405_length_962_cov_28.852839	603	683	0	13	80	0.1625000
NODE_7405_length_962_cov_28.852839	603	683	2	30	80	0.3750000
NODE_7405_length_962_cov_28.852839	603	683	4	35	80	0.4375000
NODE_7405_length_962_cov_28.852839	603	683	6	2	80	0.0250000
NODE_7405_length_962_cov_28.852839	656	736	2	3	80	0.0375000
NODE_7405_length_962_cov_28.852839	656	736	4	22	80	0.2750000
NODE_7405_length_962_cov_28.852839	656	736	6	17	80	0.2125000
NODE_7405_length_962_cov_28.852839	656	736	8	38	80	0.4750000
NODE_7406_length_962_cov_27.859791	441	521	0	44	80	0.5500000
NODE_7406_length_962_cov_27.859791	441	521	2	36	80	0.4500000
NODE_7406_length_962_cov_27.859791	494	574	2	44	80	0.5500000
NODE_7406_length_962_cov_27.859791	494	574	4	36	80	0.4500000
NODE_7407_length_962_cov_21.019699	318	398	2	28	80	0.3500000
NODE_7407_length_962_cov_21.019699	318	398	6	4	80	0.0500000
NODE_7407_length_962_cov_21.019699	318	398	12	48	80	0.6000000
NODE_7407_length_962_cov_21.019699	371	451	4	1	80	0.0125000
NODE_7407_length_962_cov_21.019699	371	451	10	48	80	0.6000000
NODE_7407_length_962_cov_21.019699	371	451	12	31	80	0.3875000
NODE_7408_length_962_cov_16.792584	350	430	10	28	80	0.3500000
NODE_7408_length_962_cov_16.792584	350	430	11	1	80	0.0125000
NODE_7408_length_962_cov_16.792584	350	430	12	45	80	0.5625000
NODE_7408_length_962_cov_16.792584	350	430	14	6	80	0.0750000
NODE_7408_length_962_cov_16.792584	403	483	2	14	80	0.1750000
NODE_7408_length_962_cov_16.792584	403	483	4	11	80	0.1375000
NODE_7408_length_962_cov_16.792584	403	483	6	3	80	0.0375000
NODE_7408_length_962_cov_16.792584	403	483	8	25	80	0.3125000
NODE_7408_length_962_cov_16.792584	403	483	11	1	80	0.0125000
NODE_7408_length_962_cov_16.792584	403	483	12	20	80	0.2500000
NODE_7408_length_962_cov_16.792584	403	483	14	6	80	0.0750000
NODE_7409_length_962_cov_14.650058	477	557	12	30	80	0.3750000
NODE_7409_length_962_cov_14.650058	477	557	18	50	80	0.6250000
NODE_7409_length_962_cov_14.650058	530	610	0	19	80	0.2375000
NODE_7409_length_962_cov_14.650058	530	610	4	20	80	0.2500000
NODE_7409_length_962_cov_14.650058	530	610	6	13	80	0.1625000
NODE_7409_length_962_cov_14.650058	530	610	12	28	80	0.3500000
NODE_7410_length_962_cov_7.993048	308	345	0	37	37	1.0000000
NODE_7411_length_962_cov_7.835458	447	527	4	24	80	0.3000000
NODE_7411_length_962_cov_7.835458	447	527	6	27	80	0.3375000
NODE_7411_length_962_cov_7.835458	447	527	8	29	80	0.3625000
NODE_7411_length_962_cov_7.835458	500	580	4	55	80	0.6875000
NODE_7411_length_962_cov_7.835458	500	580	8	25	80	0.3125000
NODE_7412_length_962_cov_6.855156	490	570	0	15	80	0.1875000
NODE_7412_length_962_cov_6.855156	490	570	2	15	80	0.1875000
NODE_7412_length_962_cov_6.855156	490	570	4	50	80	0.6250000
NODE_7412_length_962_cov_6.855156	543	623	0	9	80	0.1125000
NODE_7412_length_962_cov_6.855156	543	623	2	30	80	0.3750000
NODE_7412_length_962_cov_6.855156	543	623	4	41	80	0.5125000
NODE_7417_length_962_cov_1.840093	88	151	0	63	63	1.0000000
NODE_7422_length_961_cov_61.019722	453	533	0	49	80	0.6125000
NODE_7422_length_961_cov_61.019722	453	533	2	2	80	0.0250000
NODE_7422_length_961_cov_61.019722	453	533	22	28	80	0.3500000
NODE_7422_length_961_cov_61.019722	453	533	24	1	80	0.0125000
NODE_7422_length_961_cov_61.019722	506	586	22	26	80	0.3250000
NODE_7422_length_961_cov_61.019722	506	586	24	3	80	0.0375000
NODE_7422_length_961_cov_61.019722	506	586	25	4	80	0.0500000
NODE_7422_length_961_cov_61.019722	506	586	26	12	80	0.1500000
NODE_7422_length_961_cov_61.019722	506	586	28	35	80	0.4375000
NODE_7422_length_961_cov_61.019722	614	672	0	11	58	0.1896552
NODE_7422_length_961_cov_61.019722	614	672	4	22	58	0.3793103
NODE_7422_length_961_cov_61.019722	614	672	19	25	58	0.4310345
NODE_7423_length_961_cov_51.005800	334	414	4	8	80	0.1000000
NODE_7423_length_961_cov_51.005800	334	414	5	1	80	0.0125000
NODE_7423_length_961_cov_51.005800	334	414	6	38	80	0.4750000
NODE_7423_length_961_cov_51.005800	334	414	8	33	80	0.4125000
NODE_7423_length_961_cov_51.005800	387	467	4	34	80	0.4250000
NODE_7423_length_961_cov_51.005800	387	467	5	5	80	0.0625000
NODE_7423_length_961_cov_51.005800	387	467	6	41	80	0.5125000
NODE_7424_length_961_cov_45.923434	391	471	0	4	80	0.0500000
NODE_7424_length_961_cov_45.923434	391	471	24	1	80	0.0125000
NODE_7424_length_961_cov_45.923434	391	471	25	2	80	0.0250000
NODE_7424_length_961_cov_45.923434	391	471	26	13	80	0.1625000
NODE_7424_length_961_cov_45.923434	391	471	36	14	80	0.1750000
NODE_7424_length_961_cov_45.923434	391	471	68	12	80	0.1500000
NODE_7424_length_961_cov_45.923434	391	471	69	2	80	0.0250000
NODE_7424_length_961_cov_45.923434	391	471	70	10	80	0.1250000
NODE_7424_length_961_cov_45.923434	391	471	72	3	80	0.0375000
NODE_7424_length_961_cov_45.923434	391	471	73	8	80	0.1000000
NODE_7424_length_961_cov_45.923434	391	471	74	2	80	0.0250000
NODE_7424_length_961_cov_45.923434	391	471	75	9	80	0.1125000
NODE_7424_length_961_cov_45.923434	444	524	70	5	80	0.0625000
NODE_7424_length_961_cov_45.923434	444	524	72	3	80	0.0375000
NODE_7424_length_961_cov_45.923434	444	524	73	8	80	0.1000000
NODE_7424_length_961_cov_45.923434	444	524	74	2	80	0.0250000
NODE_7424_length_961_cov_45.923434	444	524	75	12	80	0.1500000
NODE_7424_length_961_cov_45.923434	444	524	76	2	80	0.0250000
NODE_7424_length_961_cov_45.923434	444	524	78	2	80	0.0250000
NODE_7424_length_961_cov_45.923434	444	524	79	12	80	0.1500000
NODE_7424_length_961_cov_45.923434	444	524	81	3	80	0.0375000
NODE_7424_length_961_cov_45.923434	444	524	82	31	80	0.3875000
NODE_7426_length_961_cov_21.410673	313	393	0	35	80	0.4375000
NODE_7426_length_961_cov_21.410673	313	393	6	45	80	0.5625000
NODE_7426_length_961_cov_21.410673	366	446	5	25	80	0.3125000
NODE_7426_length_961_cov_21.410673	366	446	6	55	80	0.6875000
NODE_7427_length_961_cov_18.592807	403	483	0	11	80	0.1375000
NODE_7427_length_961_cov_18.592807	403	483	2	69	80	0.8625000
NODE_7427_length_961_cov_18.592807	456	536	0	9	80	0.1125000
NODE_7427_length_961_cov_18.592807	456	536	2	71	80	0.8875000
NODE_7428_length_961_cov_17.701856	433	513	2	58	80	0.7250000
NODE_7428_length_961_cov_17.701856	433	513	10	22	80	0.2750000
NODE_7428_length_961_cov_17.701856	486	566	2	5	80	0.0625000
NODE_7428_length_961_cov_17.701856	486	566	10	75	80	0.9375000
NODE_7429_length_961_cov_17.020882	505	585	0	5	80	0.0625000
NODE_7429_length_961_cov_17.020882	505	585	4	28	80	0.3500000
NODE_7429_length_961_cov_17.020882	505	585	6	35	80	0.4375000
NODE_7429_length_961_cov_17.020882	505	585	8	12	80	0.1500000
NODE_7429_length_961_cov_17.020882	558	638	0	58	80	0.7250000
NODE_7429_length_961_cov_17.020882	558	638	4	22	80	0.2750000
NODE_7430_length_961_cov_16.235499	328	408	0	80	80	1.0000000
NODE_7430_length_961_cov_16.235499	381	461	0	80	80	1.0000000
NODE_7432_length_961_cov_12.968677	347	427	0	37	80	0.4625000
NODE_7432_length_961_cov_12.968677	347	427	2	43	80	0.5375000
NODE_7432_length_961_cov_12.968677	400	480	0	80	80	1.0000000
NODE_7433_length_961_cov_9.875870	439	519	0	80	80	1.0000000
NODE_7433_length_961_cov_9.875870	492	572	0	80	80	1.0000000
NODE_7434_length_961_cov_6.172854	624	704	0	10	80	0.1250000
NODE_7434_length_961_cov_6.172854	624	704	2	20	80	0.2500000
NODE_7434_length_961_cov_6.172854	624	704	4	50	80	0.6250000
NODE_7434_length_961_cov_6.172854	677	757	0	63	80	0.7875000
NODE_7434_length_961_cov_6.172854	677	757	2	17	80	0.2125000
NODE_7435_length_961_cov_4.553364	451	531	0	4	80	0.0500000
NODE_7435_length_961_cov_4.553364	451	531	8	76	80	0.9500000
NODE_7435_length_961_cov_4.553364	504	584	8	80	80	1.0000000
NODE_7440_length_960_cov_35.649245	65	145	2	33	80	0.4125000
NODE_7440_length_960_cov_35.649245	65	145	4	1	80	0.0125000
NODE_7440_length_960_cov_35.649245	65	145	6	8	80	0.1000000
NODE_7440_length_960_cov_35.649245	65	145	8	38	80	0.4750000
NODE_7440_length_960_cov_35.649245	118	198	4	6	80	0.0750000
NODE_7440_length_960_cov_35.649245	118	198	6	28	80	0.3500000
NODE_7440_length_960_cov_35.649245	118	198	8	46	80	0.5750000
NODE_7440_length_960_cov_35.649245	446	526	4	32	80	0.4000000
NODE_7440_length_960_cov_35.649245	446	526	8	6	80	0.0750000
NODE_7440_length_960_cov_35.649245	446	526	9	7	80	0.0875000
NODE_7440_length_960_cov_35.649245	446	526	10	16	80	0.2000000
NODE_7440_length_960_cov_35.649245	446	526	16	19	80	0.2375000
NODE_7440_length_960_cov_35.649245	499	579	8	11	80	0.1375000
NODE_7440_length_960_cov_35.649245	499	579	10	8	80	0.1000000
NODE_7440_length_960_cov_35.649245	499	579	12	20	80	0.2500000
NODE_7440_length_960_cov_35.649245	499	579	16	41	80	0.5125000
NODE_7441_length_960_cov_34.886179	386	466	0	58	80	0.7250000
NODE_7441_length_960_cov_34.886179	386	466	2	2	80	0.0250000
NODE_7441_length_960_cov_34.886179	386	466	4	20	80	0.2500000
NODE_7441_length_960_cov_34.886179	439	519	0	5	80	0.0625000
NODE_7441_length_960_cov_34.886179	439	519	2	2	80	0.0250000
NODE_7441_length_960_cov_34.886179	439	519	4	73	80	0.9125000
NODE_7443_length_960_cov_25.133566	413	493	0	19	80	0.2375000
NODE_7443_length_960_cov_25.133566	413	493	2	61	80	0.7625000
NODE_7443_length_960_cov_25.133566	466	546	0	72	80	0.9000000
NODE_7443_length_960_cov_25.133566	466	546	2	8	80	0.1000000
NODE_7444_length_960_cov_19.336818	385	465	2	15	80	0.1875000
NODE_7444_length_960_cov_19.336818	385	465	8	26	80	0.3250000
NODE_7444_length_960_cov_19.336818	385	465	10	11	80	0.1375000
NODE_7444_length_960_cov_19.336818	385	465	14	12	80	0.1500000
NODE_7444_length_960_cov_19.336818	385	465	20	7	80	0.0875000
NODE_7444_length_960_cov_19.336818	385	465	21	1	80	0.0125000
NODE_7444_length_960_cov_19.336818	385	465	22	8	80	0.1000000
NODE_7444_length_960_cov_19.336818	438	518	14	11	80	0.1375000
NODE_7444_length_960_cov_19.336818	438	518	20	33	80	0.4125000
NODE_7444_length_960_cov_19.336818	438	518	21	1	80	0.0125000
NODE_7444_length_960_cov_19.336818	438	518	22	35	80	0.4375000
NODE_7445_length_960_cov_13.221835	460	539	0	8	79	0.1012658
NODE_7445_length_960_cov_13.221835	460	539	2	37	79	0.4683544
NODE_7445_length_960_cov_13.221835	460	539	4	34	79	0.4303797
NODE_7445_length_960_cov_13.221835	512	592	0	11	80	0.1375000
NODE_7445_length_960_cov_13.221835	512	592	2	46	80	0.5750000
NODE_7445_length_960_cov_13.221835	512	592	4	23	80	0.2875000
NODE_7446_length_960_cov_12.804878	347	427	0	26	80	0.3250000
NODE_7446_length_960_cov_12.804878	347	427	2	54	80	0.6750000
NODE_7446_length_960_cov_12.804878	400	480	0	12	80	0.1500000
NODE_7446_length_960_cov_12.804878	400	480	2	68	80	0.8500000
NODE_7462_length_959_cov_39.394186	326	406	2	29	80	0.3625000
NODE_7462_length_959_cov_39.394186	326	406	4	51	80	0.6375000
NODE_7462_length_959_cov_39.394186	379	459	0	5	80	0.0625000
NODE_7462_length_959_cov_39.394186	379	459	2	75	80	0.9375000
NODE_7463_length_959_cov_28.895349	327	407	0	23	80	0.2875000
NODE_7463_length_959_cov_28.895349	327	407	2	49	80	0.6125000
NODE_7463_length_959_cov_28.895349	327	407	4	8	80	0.1000000
NODE_7463_length_959_cov_28.895349	380	460	2	19	80	0.2375000
NODE_7463_length_959_cov_28.895349	380	460	4	61	80	0.7625000
NODE_7464_length_959_cov_26.634884	563	643	0	16	80	0.2000000
NODE_7464_length_959_cov_26.634884	563	643	4	64	80	0.8000000
NODE_7464_length_959_cov_26.634884	616	696	0	69	80	0.8625000
NODE_7464_length_959_cov_26.634884	616	696	4	11	80	0.1375000
NODE_7464_length_959_cov_26.634884	692	772	0	80	80	1.0000000
NODE_7464_length_959_cov_26.634884	745	825	0	80	80	1.0000000
NODE_7465_length_959_cov_18.862791	320	400	0	45	80	0.5625000
NODE_7465_length_959_cov_18.862791	320	400	8	22	80	0.2750000
NODE_7465_length_959_cov_18.862791	320	400	10	13	80	0.1625000
NODE_7465_length_959_cov_18.862791	373	453	8	14	80	0.1750000
NODE_7465_length_959_cov_18.862791	373	453	10	66	80	0.8250000
NODE_7466_length_959_cov_17.910465	358	438	0	80	80	1.0000000
NODE_7466_length_959_cov_17.910465	411	491	0	80	80	1.0000000
NODE_7467_length_959_cov_15.337209	267	347	2	11	80	0.1375000
NODE_7467_length_959_cov_15.337209	267	347	10	23	80	0.2875000
NODE_7467_length_959_cov_15.337209	267	347	12	30	80	0.3750000
NODE_7467_length_959_cov_15.337209	267	347	14	16	80	0.2000000
NODE_7467_length_959_cov_15.337209	320	400	10	1	80	0.0125000
NODE_7467_length_959_cov_15.337209	320	400	12	20	80	0.2500000
NODE_7467_length_959_cov_15.337209	320	400	14	59	80	0.7375000
NODE_7468_length_959_cov_9.005814	529	609	2	23	80	0.2875000
NODE_7468_length_959_cov_9.005814	529	609	4	56	80	0.7000000
NODE_7468_length_959_cov_9.005814	529	609	6	1	80	0.0125000
NODE_7468_length_959_cov_9.005814	582	662	2	76	80	0.9500000
NODE_7468_length_959_cov_9.005814	582	662	4	3	80	0.0375000
NODE_7468_length_959_cov_9.005814	582	662	6	1	80	0.0125000
NODE_7469_length_959_cov_8.163953	392	472	0	80	80	1.0000000
NODE_7469_length_959_cov_8.163953	445	525	0	80	80	1.0000000
NODE_7470_length_959_cov_7.097674	401	481	0	80	80	1.0000000
NODE_7470_length_959_cov_7.097674	454	534	0	80	80	1.0000000
NODE_7472_length_959_cov_4.603488	596	676	2	8	80	0.1000000
NODE_7472_length_959_cov_4.603488	596	676	4	72	80	0.9000000
NODE_7472_length_959_cov_4.603488	649	729	0	52	80	0.6500000
NODE_7472_length_959_cov_4.603488	649	729	2	9	80	0.1125000
NODE_7472_length_959_cov_4.603488	649	729	4	19	80	0.2375000
NODE_7486_length_958_cov_57.015134	328	408	2	23	80	0.2875000
NODE_7486_length_958_cov_57.015134	328	408	4	24	80	0.3000000
NODE_7486_length_958_cov_57.015134	328	408	5	5	80	0.0625000
NODE_7486_length_958_cov_57.015134	328	408	6	5	80	0.0625000
NODE_7486_length_958_cov_57.015134	328	408	7	5	80	0.0625000
NODE_7486_length_958_cov_57.015134	328	408	13	18	80	0.2250000
NODE_7486_length_958_cov_57.015134	381	461	5	4	80	0.0500000
NODE_7486_length_958_cov_57.015134	381	461	7	5	80	0.0625000
NODE_7486_length_958_cov_57.015134	381	461	11	3	80	0.0375000
NODE_7486_length_958_cov_57.015134	381	461	13	58	80	0.7250000
NODE_7486_length_958_cov_57.015134	381	461	15	5	80	0.0625000
NODE_7486_length_958_cov_57.015134	381	461	24	5	80	0.0625000
NODE_7486_length_958_cov_57.015134	457	537	9	2	80	0.0250000
NODE_7486_length_958_cov_57.015134	457	537	11	3	80	0.0375000
NODE_7486_length_958_cov_57.015134	457	537	13	20	80	0.2500000
NODE_7486_length_958_cov_57.015134	457	537	15	1	80	0.0125000
NODE_7486_length_958_cov_57.015134	457	537	16	7	80	0.0875000
NODE_7486_length_958_cov_57.015134	457	537	22	18	80	0.2250000
NODE_7486_length_958_cov_57.015134	457	537	24	29	80	0.3625000
NODE_7486_length_958_cov_57.015134	510	590	8	19	80	0.2375000
NODE_7486_length_958_cov_57.015134	510	590	9	36	80	0.4500000
NODE_7486_length_958_cov_57.015134	510	590	11	3	80	0.0375000
NODE_7486_length_958_cov_57.015134	510	590	13	20	80	0.2500000
NODE_7486_length_958_cov_57.015134	510	590	15	1	80	0.0125000
NODE_7486_length_958_cov_57.015134	510	590	16	1	80	0.0125000
NODE_7487_length_958_cov_42.265425	418	498	8	3	80	0.0375000
NODE_7487_length_958_cov_42.265425	418	498	10	8	80	0.1000000
NODE_7487_length_958_cov_42.265425	418	498	11	1	80	0.0125000
NODE_7487_length_958_cov_42.265425	418	498	12	68	80	0.8500000
NODE_7487_length_958_cov_42.265425	471	551	0	4	80	0.0500000
NODE_7487_length_958_cov_42.265425	471	551	1	2	80	0.0250000
NODE_7487_length_958_cov_42.265425	471	551	3	16	80	0.2000000
NODE_7487_length_958_cov_42.265425	471	551	4	3	80	0.0375000
NODE_7487_length_958_cov_42.265425	471	551	5	1	80	0.0125000
NODE_7487_length_958_cov_42.265425	471	551	6	3	80	0.0375000
NODE_7487_length_958_cov_42.265425	471	551	10	32	80	0.4000000
NODE_7487_length_958_cov_42.265425	471	551	12	19	80	0.2375000
NODE_7488_length_958_cov_28.618161	336	416	12	34	80	0.4250000
NODE_7488_length_958_cov_28.618161	336	416	13	38	80	0.4750000
NODE_7488_length_958_cov_28.618161	336	416	14	8	80	0.1000000
NODE_7488_length_958_cov_28.618161	389	469	0	28	80	0.3500000
NODE_7488_length_958_cov_28.618161	389	469	2	15	80	0.1875000
NODE_7488_length_958_cov_28.618161	389	469	12	37	80	0.4625000
NODE_7488_length_958_cov_28.618161	465	545	0	16	80	0.2000000
NODE_7488_length_958_cov_28.618161	465	545	2	64	80	0.8000000
NODE_7488_length_958_cov_28.618161	518	598	0	31	80	0.3875000
NODE_7488_length_958_cov_28.618161	518	598	2	49	80	0.6125000
NODE_7489_length_958_cov_16.452852	446	526	8	24	80	0.3000000
NODE_7489_length_958_cov_16.452852	446	526	10	28	80	0.3500000
NODE_7489_length_958_cov_16.452852	446	526	12	13	80	0.1625000
NODE_7489_length_958_cov_16.452852	446	526	14	15	80	0.1875000
NODE_7489_length_958_cov_16.452852	499	579	0	13	80	0.1625000
NODE_7489_length_958_cov_16.452852	499	579	1	7	80	0.0875000
NODE_7489_length_958_cov_16.452852	499	579	2	3	80	0.0375000
NODE_7489_length_958_cov_16.452852	499	579	4	9	80	0.1125000
NODE_7489_length_958_cov_16.452852	499	579	8	34	80	0.4250000
NODE_7489_length_958_cov_16.452852	499	579	10	14	80	0.1750000
NODE_7490_length_958_cov_16.008149	446	526	2	54	80	0.6750000
NODE_7490_length_958_cov_16.008149	446	526	4	13	80	0.1625000
NODE_7490_length_958_cov_16.008149	446	526	6	13	80	0.1625000
NODE_7490_length_958_cov_16.008149	499	579	2	1	80	0.0125000
NODE_7490_length_958_cov_16.008149	499	579	4	49	80	0.6125000
NODE_7490_length_958_cov_16.008149	499	579	6	30	80	0.3750000
NODE_7491_length_958_cov_14.154831	516	596	2	3	80	0.0375000
NODE_7491_length_958_cov_14.154831	516	596	6	5	80	0.0625000
NODE_7491_length_958_cov_14.154831	516	596	8	25	80	0.3125000
NODE_7491_length_958_cov_14.154831	516	596	10	47	80	0.5875000
NODE_7491_length_958_cov_14.154831	569	649	0	49	80	0.6125000
NODE_7491_length_958_cov_14.154831	569	649	2	7	80	0.0875000
NODE_7491_length_958_cov_14.154831	569	649	6	5	80	0.0625000
NODE_7491_length_958_cov_14.154831	569	649	8	19	80	0.2375000
NODE_7492_length_958_cov_12.381839	454	534	0	73	80	0.9125000
NODE_7492_length_958_cov_12.381839	454	534	2	7	80	0.0875000
NODE_7492_length_958_cov_12.381839	507	587	0	20	80	0.2500000
NODE_7492_length_958_cov_12.381839	507	587	2	60	80	0.7500000
NODE_7493_length_958_cov_11.782305	479	559	0	14	80	0.1750000
NODE_7493_length_958_cov_11.782305	479	559	4	50	80	0.6250000
NODE_7493_length_958_cov_11.782305	479	559	8	16	80	0.2000000
NODE_7493_length_958_cov_11.782305	532	612	4	11	80	0.1375000
NODE_7493_length_958_cov_11.782305	532	612	6	31	80	0.3875000
NODE_7493_length_958_cov_11.782305	532	612	8	38	80	0.4750000
NODE_7501_length_957_cov_40.837995	746	826	2	80	80	1.0000000
NODE_7501_length_957_cov_40.837995	799	879	0	19	80	0.2375000
NODE_7501_length_957_cov_40.837995	799	879	2	61	80	0.7625000
NODE_7502_length_957_cov_25.976690	631	711	2	11	80	0.1375000
NODE_7502_length_957_cov_25.976690	631	711	6	12	80	0.1500000
NODE_7502_length_957_cov_25.976690	631	711	8	57	80	0.7125000
NODE_7502_length_957_cov_25.976690	684	764	0	10	80	0.1250000
NODE_7502_length_957_cov_25.976690	684	764	1	13	80	0.1625000
NODE_7502_length_957_cov_25.976690	684	764	2	2	80	0.0250000
NODE_7502_length_957_cov_25.976690	684	764	8	55	80	0.6875000
NODE_7503_length_957_cov_25.855478	57	131	10	2	74	0.0270270
NODE_7503_length_957_cov_25.855478	57	131	12	1	74	0.0135135
NODE_7503_length_957_cov_25.855478	57	131	14	1	74	0.0135135
NODE_7503_length_957_cov_25.855478	57	131	18	1	74	0.0135135
NODE_7503_length_957_cov_25.855478	57	131	22	1	74	0.0135135
NODE_7503_length_957_cov_25.855478	57	131	24	2	74	0.0270270
NODE_7503_length_957_cov_25.855478	57	131	26	5	74	0.0675676
NODE_7503_length_957_cov_25.855478	57	131	30	3	74	0.0405405
NODE_7503_length_957_cov_25.855478	57	131	36	3	74	0.0405405
NODE_7503_length_957_cov_25.855478	57	131	38	26	74	0.3513514
NODE_7503_length_957_cov_25.855478	57	131	40	10	74	0.1351351
NODE_7503_length_957_cov_25.855478	57	131	42	19	74	0.2567568
NODE_7503_length_957_cov_25.855478	414	494	4	24	80	0.3000000
NODE_7503_length_957_cov_25.855478	414	494	6	36	80	0.4500000
NODE_7503_length_957_cov_25.855478	414	494	10	2	80	0.0250000
NODE_7503_length_957_cov_25.855478	414	494	12	18	80	0.2250000
NODE_7503_length_957_cov_25.855478	467	547	6	7	80	0.0875000
NODE_7503_length_957_cov_25.855478	467	547	8	23	80	0.2875000
NODE_7503_length_957_cov_25.855478	467	547	9	13	80	0.1625000
NODE_7503_length_957_cov_25.855478	467	547	10	15	80	0.1875000
NODE_7503_length_957_cov_25.855478	467	547	12	22	80	0.2750000
NODE_7504_length_957_cov_24.625874	445	525	0	25	80	0.3125000
NODE_7504_length_957_cov_24.625874	445	525	2	55	80	0.6875000
NODE_7504_length_957_cov_24.625874	498	578	0	78	80	0.9750000
NODE_7504_length_957_cov_24.625874	498	578	2	2	80	0.0250000
NODE_7505_length_957_cov_19.955711	286	366	0	42	80	0.5250000
NODE_7505_length_957_cov_19.955711	286	366	4	38	80	0.4750000
NODE_7505_length_957_cov_19.955711	339	419	4	80	80	1.0000000
NODE_7506_length_957_cov_18.861305	414	494	0	10	80	0.1250000
NODE_7506_length_957_cov_18.861305	414	494	3	16	80	0.2000000
NODE_7506_length_957_cov_18.861305	414	494	4	20	80	0.2500000
NODE_7506_length_957_cov_18.861305	414	494	6	34	80	0.4250000
NODE_7506_length_957_cov_18.861305	467	547	4	47	80	0.5875000
NODE_7506_length_957_cov_18.861305	467	547	6	33	80	0.4125000
NODE_7507_length_957_cov_17.356643	361	441	0	80	80	1.0000000
NODE_7507_length_957_cov_17.356643	414	494	0	44	80	0.5500000
NODE_7507_length_957_cov_17.356643	414	494	2	36	80	0.4500000
NODE_7508_length_957_cov_13.569930	162	242	0	67	80	0.8375000
NODE_7508_length_957_cov_13.569930	162	242	2	13	80	0.1625000
NODE_7508_length_957_cov_13.569930	215	299	0	14	84	0.1666667
NODE_7508_length_957_cov_13.569930	215	299	2	70	84	0.8333333
NODE_7509_length_957_cov_12.334499	314	394	8	1	80	0.0125000
NODE_7509_length_957_cov_12.334499	314	394	16	79	80	0.9875000
NODE_7509_length_957_cov_12.334499	367	447	16	80	80	1.0000000
NODE_7510_length_957_cov_12.017483	173	253	2	25	80	0.3125000
NODE_7510_length_957_cov_12.017483	173	253	8	55	80	0.6875000
NODE_7510_length_957_cov_12.017483	226	306	6	19	80	0.2375000
NODE_7510_length_957_cov_12.017483	226	306	8	61	80	0.7625000
NODE_7511_length_957_cov_10.026807	446	526	2	36	80	0.4500000
NODE_7511_length_957_cov_10.026807	446	526	4	2	80	0.0250000
NODE_7511_length_957_cov_10.026807	446	526	15	3	80	0.0375000
NODE_7511_length_957_cov_10.026807	446	526	16	3	80	0.0375000
NODE_7511_length_957_cov_10.026807	446	526	17	36	80	0.4500000
NODE_7511_length_957_cov_10.026807	499	579	15	3	80	0.0375000
NODE_7511_length_957_cov_10.026807	499	579	16	56	80	0.7000000
NODE_7511_length_957_cov_10.026807	499	579	17	21	80	0.2625000
NODE_7529_length_956_cov_48.047841	479	559	2	25	80	0.3125000
NODE_7529_length_956_cov_48.047841	479	559	3	3	80	0.0375000
NODE_7529_length_956_cov_48.047841	479	559	4	20	80	0.2500000
NODE_7529_length_956_cov_48.047841	479	559	5	2	80	0.0250000
NODE_7529_length_956_cov_48.047841	479	559	6	23	80	0.2875000
NODE_7529_length_956_cov_48.047841	479	559	8	7	80	0.0875000
NODE_7529_length_956_cov_48.047841	532	612	4	20	80	0.2500000
NODE_7529_length_956_cov_48.047841	532	612	6	13	80	0.1625000
NODE_7529_length_956_cov_48.047841	532	612	8	47	80	0.5875000
NODE_7529_length_956_cov_48.047841	608	688	6	9	80	0.1125000
NODE_7529_length_956_cov_48.047841	608	688	8	38	80	0.4750000
NODE_7529_length_956_cov_48.047841	608	688	9	1	80	0.0125000
NODE_7529_length_956_cov_48.047841	608	688	10	24	80	0.3000000
NODE_7529_length_956_cov_48.047841	608	688	11	4	80	0.0500000
NODE_7529_length_956_cov_48.047841	608	688	12	4	80	0.0500000
NODE_7529_length_956_cov_48.047841	661	741	5	1	80	0.0125000
NODE_7529_length_956_cov_48.047841	661	741	6	9	80	0.1125000
NODE_7529_length_956_cov_48.047841	661	741	7	5	80	0.0625000
NODE_7529_length_956_cov_48.047841	661	741	8	40	80	0.5000000
NODE_7529_length_956_cov_48.047841	661	741	10	21	80	0.2625000
NODE_7529_length_956_cov_48.047841	661	741	12	4	80	0.0500000
NODE_7530_length_956_cov_34.539090	298	378	3	9	80	0.1125000
NODE_7530_length_956_cov_34.539090	298	378	4	66	80	0.8250000
NODE_7530_length_956_cov_34.539090	298	378	6	5	80	0.0625000
NODE_7530_length_956_cov_34.539090	351	431	3	1	80	0.0125000
NODE_7530_length_956_cov_34.539090	351	431	4	39	80	0.4875000
NODE_7530_length_956_cov_34.539090	351	431	5	35	80	0.4375000
NODE_7530_length_956_cov_34.539090	351	431	6	5	80	0.0625000
NODE_7530_length_956_cov_34.539090	427	507	4	18	80	0.2250000
NODE_7530_length_956_cov_34.539090	427	507	5	6	80	0.0750000
NODE_7530_length_956_cov_34.539090	427	507	6	32	80	0.4000000
NODE_7530_length_956_cov_34.539090	427	507	7	10	80	0.1250000
NODE_7530_length_956_cov_34.539090	427	507	9	14	80	0.1750000
NODE_7530_length_956_cov_34.539090	480	560	0	36	80	0.4500000
NODE_7530_length_956_cov_34.539090	480	560	3	1	80	0.0125000
NODE_7530_length_956_cov_34.539090	480	560	4	34	80	0.4250000
NODE_7530_length_956_cov_34.539090	480	560	6	9	80	0.1125000
NODE_7531_length_956_cov_24.355893	398	478	4	49	80	0.6125000
NODE_7531_length_956_cov_24.355893	398	478	8	31	80	0.3875000
NODE_7531_length_956_cov_24.355893	451	531	8	30	80	0.3750000
NODE_7531_length_956_cov_24.355893	451	531	10	22	80	0.2750000
NODE_7531_length_956_cov_24.355893	451	531	11	1	80	0.0125000
NODE_7531_length_956_cov_24.355893	451	531	12	27	80	0.3375000
NODE_7532_length_956_cov_21.940490	373	453	0	10	80	0.1250000
NODE_7532_length_956_cov_21.940490	373	453	2	65	80	0.8125000
NODE_7532_length_956_cov_21.940490	373	453	3	5	80	0.0625000
NODE_7532_length_956_cov_21.940490	426	506	0	10	80	0.1250000
NODE_7532_length_956_cov_21.940490	426	506	2	12	80	0.1500000
NODE_7532_length_956_cov_21.940490	426	506	3	12	80	0.1500000
NODE_7532_length_956_cov_21.940490	426	506	6	46	80	0.5750000
NODE_7532_length_956_cov_21.940490	502	582	6	60	80	0.7500000
NODE_7532_length_956_cov_21.940490	502	582	8	20	80	0.2500000
NODE_7532_length_956_cov_21.940490	555	635	4	25	80	0.3125000
NODE_7532_length_956_cov_21.940490	555	635	6	7	80	0.0875000
NODE_7532_length_956_cov_21.940490	555	635	7	15	80	0.1875000
NODE_7532_length_956_cov_21.940490	555	635	8	21	80	0.2625000
NODE_7532_length_956_cov_21.940490	555	635	10	12	80	0.1500000
NODE_7533_length_956_cov_19.435239	274	354	0	11	80	0.1375000
NODE_7533_length_956_cov_19.435239	274	354	2	69	80	0.8625000
NODE_7533_length_956_cov_19.435239	274	301	2	27	27	1.0000000
NODE_7534_length_956_cov_17.819137	378	458	4	52	80	0.6500000
NODE_7534_length_956_cov_17.819137	378	458	6	28	80	0.3500000
NODE_7534_length_956_cov_17.819137	431	511	2	48	80	0.6000000
NODE_7534_length_956_cov_17.819137	431	511	4	8	80	0.1000000
NODE_7534_length_956_cov_17.819137	431	511	6	24	80	0.3000000
NODE_7535_length_956_cov_16.098016	551	631	0	80	80	1.0000000
NODE_7535_length_956_cov_16.098016	604	684	0	80	80	1.0000000
NODE_7536_length_956_cov_15.229872	490	570	0	31	80	0.3875000
NODE_7536_length_956_cov_15.229872	490	570	4	10	80	0.1250000
NODE_7536_length_956_cov_15.229872	490	570	6	39	80	0.4875000
NODE_7536_length_956_cov_15.229872	543	623	2	4	80	0.0500000
NODE_7536_length_956_cov_15.229872	543	623	6	76	80	0.9500000
NODE_7537_length_956_cov_7.533256	439	519	0	80	80	1.0000000
NODE_7537_length_956_cov_7.533256	497	572	0	75	75	1.0000000
NODE_7545_length_955_cov_30.821262	438	518	0	46	80	0.5750000
NODE_7545_length_955_cov_30.821262	438	518	1	6	80	0.0750000
NODE_7545_length_955_cov_30.821262	438	518	5	28	80	0.3500000
NODE_7545_length_955_cov_30.821262	491	571	5	59	80	0.7375000
NODE_7545_length_955_cov_30.821262	491	571	6	21	80	0.2625000
NODE_7546_length_955_cov_30.574766	380	460	0	18	80	0.2250000
NODE_7546_length_955_cov_30.574766	380	460	2	62	80	0.7750000
NODE_7546_length_955_cov_30.574766	433	513	2	80	80	1.0000000
NODE_7546_length_955_cov_30.574766	509	589	0	4	80	0.0500000
NODE_7546_length_955_cov_30.574766	509	589	2	76	80	0.9500000
NODE_7546_length_955_cov_30.574766	562	642	2	80	80	1.0000000
NODE_7547_length_955_cov_27.734813	373	453	2	80	80	1.0000000
NODE_7547_length_955_cov_27.734813	426	506	2	29	80	0.3625000
NODE_7547_length_955_cov_27.734813	426	506	4	20	80	0.2500000
NODE_7547_length_955_cov_27.734813	426	506	6	31	80	0.3875000
NODE_7548_length_955_cov_24.475467	439	519	12	33	80	0.4125000
NODE_7548_length_955_cov_24.475467	439	519	14	18	80	0.2250000
NODE_7548_length_955_cov_24.475467	439	519	18	29	80	0.3625000
NODE_7548_length_955_cov_24.475467	492	572	6	53	80	0.6625000
NODE_7548_length_955_cov_24.475467	492	572	18	27	80	0.3375000
NODE_7549_length_955_cov_22.146028	351	431	0	19	80	0.2375000
NODE_7549_length_955_cov_22.146028	351	431	2	18	80	0.2250000
NODE_7549_length_955_cov_22.146028	351	431	4	10	80	0.1250000
NODE_7549_length_955_cov_22.146028	351	431	12	3	80	0.0375000
NODE_7549_length_955_cov_22.146028	351	431	14	30	80	0.3750000
NODE_7549_length_955_cov_22.146028	404	484	8	3	80	0.0375000
NODE_7549_length_955_cov_22.146028	404	484	12	26	80	0.3250000
NODE_7549_length_955_cov_22.146028	404	484	14	51	80	0.6375000
NODE_7550_length_955_cov_16.212617	441	521	0	31	80	0.3875000
NODE_7550_length_955_cov_16.212617	441	521	2	49	80	0.6125000
NODE_7550_length_955_cov_16.212617	494	574	0	20	80	0.2500000
NODE_7550_length_955_cov_16.212617	494	574	2	60	80	0.7500000
NODE_7551_length_955_cov_13.334112	269	349	0	5	80	0.0625000
NODE_7551_length_955_cov_13.334112	269	349	2	58	80	0.7250000
NODE_7551_length_955_cov_13.334112	269	349	6	17	80	0.2125000
NODE_7551_length_955_cov_13.334112	322	402	2	10	80	0.1250000
NODE_7551_length_955_cov_13.334112	322	402	4	47	80	0.5875000
NODE_7551_length_955_cov_13.334112	322	402	6	23	80	0.2875000
NODE_7552_length_955_cov_12.544393	363	443	4	44	80	0.5500000
NODE_7552_length_955_cov_12.544393	363	443	6	29	80	0.3625000
NODE_7552_length_955_cov_12.544393	363	443	8	7	80	0.0875000
NODE_7552_length_955_cov_12.544393	416	496	4	9	80	0.1125000
NODE_7552_length_955_cov_12.544393	416	496	6	71	80	0.8875000
NODE_7553_length_955_cov_8.204439	358	438	2	10	80	0.1250000
NODE_7553_length_955_cov_8.204439	358	438	4	38	80	0.4750000
NODE_7553_length_955_cov_8.204439	358	438	6	3	80	0.0375000
NODE_7553_length_955_cov_8.204439	358	438	8	29	80	0.3625000
NODE_7553_length_955_cov_8.204439	411	491	0	26	80	0.3250000
NODE_7553_length_955_cov_8.204439	411	491	2	37	80	0.4625000
NODE_7553_length_955_cov_8.204439	411	491	4	17	80	0.2125000
NODE_7563_length_954_cov_35.691228	381	461	0	34	80	0.4250000
NODE_7563_length_954_cov_35.691228	381	461	2	46	80	0.5750000
NODE_7563_length_954_cov_35.691228	434	514	0	80	80	1.0000000
NODE_7564_length_954_cov_30.769591	408	488	4	52	80	0.6500000
NODE_7564_length_954_cov_30.769591	408	488	8	28	80	0.3500000
NODE_7564_length_954_cov_30.769591	461	541	4	20	80	0.2500000
NODE_7564_length_954_cov_30.769591	461	541	6	13	80	0.1625000
NODE_7564_length_954_cov_30.769591	461	541	8	47	80	0.5875000
NODE_7565_length_954_cov_27.247953	418	498	2	34	80	0.4250000
NODE_7565_length_954_cov_27.247953	418	498	4	22	80	0.2750000
NODE_7565_length_954_cov_27.247953	418	498	6	24	80	0.3000000
NODE_7565_length_954_cov_27.247953	471	551	4	17	80	0.2125000
NODE_7565_length_954_cov_27.247953	471	551	6	63	80	0.7875000
NODE_7566_length_954_cov_22.796491	270	350	8	14	80	0.1750000
NODE_7566_length_954_cov_22.796491	270	350	12	18	80	0.2250000
NODE_7566_length_954_cov_22.796491	270	350	14	24	80	0.3000000
NODE_7566_length_954_cov_22.796491	270	350	16	1	80	0.0125000
NODE_7566_length_954_cov_22.796491	270	350	20	23	80	0.2875000
NODE_7566_length_954_cov_22.796491	323	403	10	6	80	0.0750000
NODE_7566_length_954_cov_22.796491	323	403	11	15	80	0.1875000
NODE_7566_length_954_cov_22.796491	323	403	13	3	80	0.0375000
NODE_7566_length_954_cov_22.796491	323	403	14	3	80	0.0375000
NODE_7566_length_954_cov_22.796491	323	403	16	9	80	0.1125000
NODE_7566_length_954_cov_22.796491	323	403	17	20	80	0.2500000
NODE_7566_length_954_cov_22.796491	323	403	18	1	80	0.0125000
NODE_7566_length_954_cov_22.796491	323	403	20	23	80	0.2875000
NODE_7567_length_954_cov_15.645614	337	417	0	26	80	0.3250000
NODE_7567_length_954_cov_15.645614	337	417	2	39	80	0.4875000
NODE_7567_length_954_cov_15.645614	337	417	6	15	80	0.1875000
NODE_7567_length_954_cov_15.645614	390	470	2	12	80	0.1500000
NODE_7567_length_954_cov_15.645614	390	470	4	47	80	0.5875000
NODE_7567_length_954_cov_15.645614	390	470	6	21	80	0.2625000
NODE_7568_length_954_cov_13.538012	346	426	6	35	80	0.4375000
NODE_7568_length_954_cov_13.538012	346	426	14	45	80	0.5625000
NODE_7568_length_954_cov_13.538012	399	479	9	6	80	0.0750000
NODE_7568_length_954_cov_13.538012	399	479	10	12	80	0.1500000
NODE_7568_length_954_cov_13.538012	399	479	12	5	80	0.0625000
NODE_7568_length_954_cov_13.538012	399	479	13	28	80	0.3500000
NODE_7568_length_954_cov_13.538012	399	479	14	29	80	0.3625000
NODE_7569_length_954_cov_12.162573	155	217	0	34	62	0.5483871
NODE_7569_length_954_cov_12.162573	155	217	4	9	62	0.1451613
NODE_7569_length_954_cov_12.162573	155	217	6	19	62	0.3064516
NODE_7570_length_954_cov_10.714620	239	319	0	80	80	1.0000000
NODE_7570_length_954_cov_10.714620	292	372	0	80	80	1.0000000
NODE_7571_length_954_cov_5.670175	431	511	0	48	80	0.6000000
NODE_7571_length_954_cov_5.670175	431	511	2	31	80	0.3875000
NODE_7571_length_954_cov_5.670175	431	511	4	1	80	0.0125000
NODE_7571_length_954_cov_5.670175	484	564	2	26	80	0.3250000
NODE_7571_length_954_cov_5.670175	484	564	4	54	80	0.6750000
NODE_7582_length_953_cov_35.789227	425	505	7	26	80	0.3250000
NODE_7582_length_953_cov_35.789227	425	505	12	19	80	0.2375000
NODE_7582_length_953_cov_35.789227	425	505	14	1	80	0.0125000
NODE_7582_length_953_cov_35.789227	425	505	16	34	80	0.4250000
NODE_7582_length_953_cov_35.789227	478	558	14	54	80	0.6750000
NODE_7582_length_953_cov_35.789227	478	558	16	26	80	0.3250000
NODE_7583_length_953_cov_33.940281	430	510	10	35	80	0.4375000
NODE_7583_length_953_cov_33.940281	430	510	12	24	80	0.3000000
NODE_7583_length_953_cov_33.940281	430	510	13	1	80	0.0125000
NODE_7583_length_953_cov_33.940281	430	510	14	8	80	0.1000000
NODE_7583_length_953_cov_33.940281	430	510	18	11	80	0.1375000
NODE_7583_length_953_cov_33.940281	430	510	19	1	80	0.0125000
NODE_7583_length_953_cov_33.940281	483	563	8	13	80	0.1625000
NODE_7583_length_953_cov_33.940281	483	563	10	67	80	0.8375000
NODE_7584_length_953_cov_26.844262	333	413	2	50	80	0.6250000
NODE_7584_length_953_cov_26.844262	333	413	4	30	80	0.3750000
NODE_7584_length_953_cov_26.844262	386	466	4	59	80	0.7375000
NODE_7584_length_953_cov_26.844262	386	466	6	7	80	0.0875000
NODE_7584_length_953_cov_26.844262	386	466	7	1	80	0.0125000
NODE_7584_length_953_cov_26.844262	386	466	8	13	80	0.1625000
NODE_7584_length_953_cov_26.844262	462	542	6	22	80	0.2750000
NODE_7584_length_953_cov_26.844262	462	542	10	7	80	0.0875000
NODE_7584_length_953_cov_26.844262	462	542	12	30	80	0.3750000
NODE_7584_length_953_cov_26.844262	462	542	14	21	80	0.2625000
NODE_7584_length_953_cov_26.844262	515	595	9	6	80	0.0750000
NODE_7584_length_953_cov_26.844262	515	595	10	22	80	0.2750000
NODE_7584_length_953_cov_26.844262	515	595	12	11	80	0.1375000
NODE_7584_length_953_cov_26.844262	515	595	13	1	80	0.0125000
NODE_7584_length_953_cov_26.844262	515	595	14	40	80	0.5000000
NODE_7585_length_953_cov_20.770492	301	381	0	23	80	0.2875000
NODE_7585_length_953_cov_20.770492	301	381	2	45	80	0.5625000
NODE_7585_length_953_cov_20.770492	301	381	4	12	80	0.1500000
NODE_7585_length_953_cov_20.770492	354	434	2	45	80	0.5625000
NODE_7585_length_953_cov_20.770492	354	434	4	35	80	0.4375000
NODE_7586_length_953_cov_17.514052	421	501	2	6	80	0.0750000
NODE_7586_length_953_cov_17.514052	421	501	13	19	80	0.2375000
NODE_7586_length_953_cov_17.514052	421	501	14	55	80	0.6875000
NODE_7586_length_953_cov_17.514052	474	554	2	2	80	0.0250000
NODE_7586_length_953_cov_17.514052	474	554	12	7	80	0.0875000
NODE_7586_length_953_cov_17.514052	474	554	13	34	80	0.4250000
NODE_7586_length_953_cov_17.514052	474	554	14	37	80	0.4625000
NODE_7586_length_953_cov_17.514052	550	630	2	78	80	0.9750000
NODE_7586_length_953_cov_17.514052	550	630	14	2	80	0.0250000
NODE_7586_length_953_cov_17.514052	603	683	2	69	80	0.8625000
NODE_7586_length_953_cov_17.514052	603	683	4	11	80	0.1375000
NODE_7587_length_953_cov_11.579625	332	412	0	40	80	0.5000000
NODE_7587_length_953_cov_11.579625	332	412	1	14	80	0.1750000
NODE_7587_length_953_cov_11.579625	332	412	3	26	80	0.3250000
NODE_7587_length_953_cov_11.579625	385	465	1	1	80	0.0125000
NODE_7587_length_953_cov_11.579625	385	465	3	49	80	0.6125000
NODE_7587_length_953_cov_11.579625	385	465	4	30	80	0.3750000
NODE_7588_length_953_cov_7.281030	276	356	2	80	80	1.0000000
NODE_7588_length_953_cov_7.281030	329	409	0	11	80	0.1375000
NODE_7588_length_953_cov_7.281030	329	409	2	69	80	0.8625000
NODE_7599_length_952_cov_44.880422	447	527	0	28	80	0.3500000
NODE_7599_length_952_cov_44.880422	447	527	2	52	80	0.6500000
NODE_7599_length_952_cov_44.880422	500	580	0	18	80	0.2250000
NODE_7599_length_952_cov_44.880422	500	580	2	62	80	0.7750000
NODE_7599_length_952_cov_44.880422	871	951	0	80	80	1.0000000
NODE_7600_length_952_cov_42.485346	402	482	2	22	80	0.2750000
NODE_7600_length_952_cov_42.485346	402	482	4	8	80	0.1000000
NODE_7600_length_952_cov_42.485346	402	482	8	10	80	0.1250000
NODE_7600_length_952_cov_42.485346	402	482	11	1	80	0.0125000
NODE_7600_length_952_cov_42.485346	402	482	12	37	80	0.4625000
NODE_7600_length_952_cov_42.485346	402	482	17	1	80	0.0125000
NODE_7600_length_952_cov_42.485346	402	482	18	1	80	0.0125000
NODE_7600_length_952_cov_42.485346	455	535	12	25	80	0.3125000
NODE_7600_length_952_cov_42.485346	455	535	14	4	80	0.0500000
NODE_7600_length_952_cov_42.485346	455	535	16	5	80	0.0625000
NODE_7600_length_952_cov_42.485346	455	535	17	1	80	0.0125000
NODE_7600_length_952_cov_42.485346	455	535	18	22	80	0.2750000
NODE_7600_length_952_cov_42.485346	455	535	20	23	80	0.2875000
NODE_7601_length_952_cov_40.065651	422	502	4	15	80	0.1875000
NODE_7601_length_952_cov_40.065651	422	502	6	23	80	0.2875000
NODE_7601_length_952_cov_40.065651	422	502	8	1	80	0.0125000
NODE_7601_length_952_cov_40.065651	422	502	9	24	80	0.3000000
NODE_7601_length_952_cov_40.065651	422	502	10	17	80	0.2125000
NODE_7601_length_952_cov_40.065651	475	555	8	1	80	0.0125000
NODE_7601_length_952_cov_40.065651	475	555	9	26	80	0.3250000
NODE_7601_length_952_cov_40.065651	475	555	10	10	80	0.1250000
NODE_7601_length_952_cov_40.065651	475	555	12	43	80	0.5375000
NODE_7602_length_952_cov_34.813599	308	388	4	13	80	0.1625000
NODE_7602_length_952_cov_34.813599	308	388	18	19	80	0.2375000
NODE_7602_length_952_cov_34.813599	308	388	19	14	80	0.1750000
NODE_7602_length_952_cov_34.813599	308	388	21	34	80	0.4250000
NODE_7602_length_952_cov_34.813599	361	441	17	26	80	0.3250000
NODE_7602_length_952_cov_34.813599	361	441	21	54	80	0.6750000
NODE_7603_length_952_cov_28.055100	661	741	9	26	80	0.3250000
NODE_7603_length_952_cov_28.055100	661	741	10	54	80	0.6750000
NODE_7603_length_952_cov_28.055100	714	794	7	24	80	0.3000000
NODE_7603_length_952_cov_28.055100	714	794	8	27	80	0.3375000
NODE_7603_length_952_cov_28.055100	714	794	10	29	80	0.3625000
NODE_7604_length_952_cov_23.739742	435	515	0	3	80	0.0375000
NODE_7604_length_952_cov_23.739742	435	515	6	77	80	0.9625000
NODE_7604_length_952_cov_23.739742	488	568	0	13	80	0.1625000
NODE_7604_length_952_cov_23.739742	488	568	6	67	80	0.8375000
NODE_7606_length_952_cov_11.478312	245	324	0	68	79	0.8607595
NODE_7606_length_952_cov_11.478312	245	324	2	11	79	0.1392405
NODE_7606_length_952_cov_11.478312	297	377	0	16	80	0.2000000
NODE_7606_length_952_cov_11.478312	297	377	2	64	80	0.8000000
NODE_7607_length_952_cov_11.284877	272	352	0	12	80	0.1500000
NODE_7607_length_952_cov_11.284877	272	352	2	10	80	0.1250000
NODE_7607_length_952_cov_11.284877	272	352	4	18	80	0.2250000
NODE_7607_length_952_cov_11.284877	272	352	6	2	80	0.0250000
NODE_7607_length_952_cov_11.284877	272	352	8	2	80	0.0250000
NODE_7607_length_952_cov_11.284877	272	352	9	12	80	0.1500000
NODE_7607_length_952_cov_11.284877	272	352	15	24	80	0.3000000
NODE_7607_length_952_cov_11.284877	325	405	9	13	80	0.1625000
NODE_7607_length_952_cov_11.284877	325	405	11	20	80	0.2500000
NODE_7607_length_952_cov_11.284877	325	405	13	2	80	0.0250000
NODE_7607_length_952_cov_11.284877	325	405	15	45	80	0.5625000
NODE_7608_length_952_cov_10.807737	458	538	10	28	80	0.3500000
NODE_7608_length_952_cov_10.807737	458	538	11	14	80	0.1750000
NODE_7608_length_952_cov_10.807737	458	538	12	3	80	0.0375000
NODE_7608_length_952_cov_10.807737	458	538	14	31	80	0.3875000
NODE_7608_length_952_cov_10.807737	458	538	16	4	80	0.0500000
NODE_7608_length_952_cov_10.807737	511	591	2	11	80	0.1375000
NODE_7608_length_952_cov_10.807737	511	591	4	5	80	0.0625000
NODE_7608_length_952_cov_10.807737	511	591	7	24	80	0.3000000
NODE_7608_length_952_cov_10.807737	511	591	9	9	80	0.1125000
NODE_7608_length_952_cov_10.807737	511	591	11	18	80	0.2250000
NODE_7608_length_952_cov_10.807737	511	591	14	9	80	0.1125000
NODE_7608_length_952_cov_10.807737	511	591	16	4	80	0.0500000
NODE_7609_length_952_cov_8.770223	375	455	2	71	80	0.8875000
NODE_7609_length_952_cov_8.770223	375	455	4	9	80	0.1125000
NODE_7609_length_952_cov_8.770223	428	508	2	47	80	0.5875000
NODE_7609_length_952_cov_8.770223	428	508	4	33	80	0.4125000
NODE_7623_length_951_cov_54.397887	354	434	2	8	80	0.1000000
NODE_7623_length_951_cov_54.397887	354	434	4	45	80	0.5625000
NODE_7623_length_951_cov_54.397887	354	434	6	27	80	0.3375000
NODE_7623_length_951_cov_54.397887	407	487	0	21	80	0.2625000
NODE_7623_length_951_cov_54.397887	407	487	4	59	80	0.7375000
NODE_7623_length_951_cov_54.397887	483	563	0	53	80	0.6625000
NODE_7623_length_951_cov_54.397887	483	563	2	27	80	0.3375000
NODE_7623_length_951_cov_54.397887	544	616	2	72	72	1.0000000
NODE_7624_length_951_cov_47.881455	355	435	20	42	80	0.5250000
NODE_7624_length_951_cov_47.881455	355	435	22	38	80	0.4750000
NODE_7624_length_951_cov_47.881455	408	488	8	2	80	0.0250000
NODE_7624_length_951_cov_47.881455	408	488	10	13	80	0.1625000
NODE_7624_length_951_cov_47.881455	408	488	12	4	80	0.0500000
NODE_7624_length_951_cov_47.881455	408	488	13	5	80	0.0625000
NODE_7624_length_951_cov_47.881455	408	488	14	2	80	0.0250000
NODE_7624_length_951_cov_47.881455	408	488	17	1	80	0.0125000
NODE_7624_length_951_cov_47.881455	408	488	18	4	80	0.0500000
NODE_7624_length_951_cov_47.881455	408	488	19	4	80	0.0500000
NODE_7624_length_951_cov_47.881455	408	488	20	10	80	0.1250000
NODE_7624_length_951_cov_47.881455	408	488	22	35	80	0.4375000
NODE_7624_length_951_cov_47.881455	484	564	8	10	80	0.1250000
NODE_7624_length_951_cov_47.881455	484	564	10	70	80	0.8750000
NODE_7624_length_951_cov_47.881455	537	617	2	5	80	0.0625000
NODE_7624_length_951_cov_47.881455	537	617	4	14	80	0.1750000
NODE_7624_length_951_cov_47.881455	537	617	8	20	80	0.2500000
NODE_7624_length_951_cov_47.881455	537	617	10	41	80	0.5125000
NODE_7625_length_951_cov_24.322770	479	559	0	80	80	1.0000000
NODE_7625_length_951_cov_24.322770	532	612	0	80	80	1.0000000
NODE_7626_length_951_cov_23.001174	470	550	14	2	80	0.0250000
NODE_7626_length_951_cov_23.001174	470	550	16	5	80	0.0625000
NODE_7626_length_951_cov_23.001174	470	550	26	43	80	0.5375000
NODE_7626_length_951_cov_23.001174	470	550	29	27	80	0.3375000
NODE_7626_length_951_cov_23.001174	470	550	30	2	80	0.0250000
NODE_7626_length_951_cov_23.001174	470	550	32	1	80	0.0125000
NODE_7626_length_951_cov_23.001174	523	603	16	18	80	0.2250000
NODE_7626_length_951_cov_23.001174	523	603	18	17	80	0.2125000
NODE_7626_length_951_cov_23.001174	523	603	20	9	80	0.1125000
NODE_7626_length_951_cov_23.001174	523	603	28	6	80	0.0750000
NODE_7626_length_951_cov_23.001174	523	603	29	24	80	0.3000000
NODE_7626_length_951_cov_23.001174	523	603	30	5	80	0.0625000
NODE_7626_length_951_cov_23.001174	523	603	32	1	80	0.0125000
NODE_7627_length_951_cov_22.059859	562	642	2	41	80	0.5125000
NODE_7627_length_951_cov_22.059859	562	642	6	35	80	0.4375000
NODE_7627_length_951_cov_22.059859	562	642	8	4	80	0.0500000
NODE_7627_length_951_cov_22.059859	615	695	6	41	80	0.5125000
NODE_7627_length_951_cov_22.059859	615	695	8	39	80	0.4875000
NODE_7628_length_951_cov_19.413146	456	536	0	20	80	0.2500000
NODE_7628_length_951_cov_19.413146	456	536	2	60	80	0.7500000
NODE_7628_length_951_cov_19.413146	509	589	0	29	80	0.3625000
NODE_7628_length_951_cov_19.413146	509	589	1	1	80	0.0125000
NODE_7628_length_951_cov_19.413146	509	589	2	50	80	0.6250000
NODE_7628_length_951_cov_19.413146	830	877	0	47	47	1.0000000
NODE_7629_length_951_cov_18.970657	384	464	2	9	80	0.1125000
NODE_7629_length_951_cov_18.970657	384	464	4	11	80	0.1375000
NODE_7629_length_951_cov_18.970657	384	464	6	57	80	0.7125000
NODE_7629_length_951_cov_18.970657	384	464	8	3	80	0.0375000
NODE_7629_length_951_cov_18.970657	437	517	2	62	80	0.7750000
NODE_7629_length_951_cov_18.970657	437	517	4	11	80	0.1375000
NODE_7629_length_951_cov_18.970657	437	517	6	4	80	0.0500000
NODE_7629_length_951_cov_18.970657	437	517	8	3	80	0.0375000
NODE_7629_length_951_cov_18.970657	513	593	0	30	80	0.3750000
NODE_7629_length_951_cov_18.970657	513	593	2	50	80	0.6250000
NODE_7629_length_951_cov_18.970657	566	646	0	80	80	1.0000000
NODE_7630_length_951_cov_17.164319	409	490	0	14	81	0.1728395
NODE_7630_length_951_cov_17.164319	409	490	2	67	81	0.8271605
NODE_7630_length_951_cov_17.164319	463	543	0	67	80	0.8375000
NODE_7630_length_951_cov_17.164319	463	543	2	13	80	0.1625000
NODE_7631_length_951_cov_17.009390	393	473	0	42	80	0.5250000
NODE_7631_length_951_cov_17.009390	393	473	2	32	80	0.4000000
NODE_7631_length_951_cov_17.009390	393	473	6	6	80	0.0750000
NODE_7631_length_951_cov_17.009390	446	526	2	21	80	0.2625000
NODE_7631_length_951_cov_17.009390	446	526	6	59	80	0.7375000
NODE_7632_length_951_cov_15.551643	520	600	4	1	80	0.0125000
NODE_7632_length_951_cov_15.551643	520	600	6	17	80	0.2125000
NODE_7632_length_951_cov_15.551643	520	600	8	62	80	0.7750000
NODE_7632_length_951_cov_15.551643	573	653	0	23	80	0.2875000
NODE_7632_length_951_cov_15.551643	573	653	2	17	80	0.2125000
NODE_7632_length_951_cov_15.551643	573	653	6	25	80	0.3125000
NODE_7632_length_951_cov_15.551643	573	653	8	15	80	0.1875000
NODE_7633_length_951_cov_13.562207	364	444	0	80	80	1.0000000
NODE_7633_length_951_cov_13.562207	417	497	0	80	80	1.0000000
NODE_7634_length_951_cov_13.086854	450	530	0	1	80	0.0125000
NODE_7634_length_951_cov_13.086854	450	530	4	79	80	0.9875000
NODE_7634_length_951_cov_13.086854	503	583	0	54	80	0.6750000
NODE_7634_length_951_cov_13.086854	503	583	4	26	80	0.3250000
NODE_7635_length_951_cov_6.812207	350	430	0	18	80	0.2250000
NODE_7635_length_951_cov_6.812207	350	430	2	62	80	0.7750000
NODE_7635_length_951_cov_6.812207	403	483	0	31	80	0.3875000
NODE_7635_length_951_cov_6.812207	403	483	2	49	80	0.6125000
NODE_7636_length_951_cov_5.076291	80	160	0	18	80	0.2250000
NODE_7636_length_951_cov_5.076291	80	160	2	14	80	0.1750000
NODE_7636_length_951_cov_5.076291	80	160	3	16	80	0.2000000
NODE_7636_length_951_cov_5.076291	80	160	4	32	80	0.4000000
NODE_7636_length_951_cov_5.076291	133	213	4	59	80	0.7375000
NODE_7636_length_951_cov_5.076291	133	213	6	21	80	0.2625000
NODE_7649_length_950_cov_62.151586	731	794	2	62	63	0.9841270
NODE_7649_length_950_cov_62.151586	731	794	4	1	63	0.0158730
NODE_7650_length_950_cov_56.088132	354	434	4	13	80	0.1625000
NODE_7650_length_950_cov_56.088132	354	434	8	26	80	0.3250000
NODE_7650_length_950_cov_56.088132	354	434	12	41	80	0.5125000
NODE_7650_length_950_cov_56.088132	407	487	8	73	80	0.9125000
NODE_7650_length_950_cov_56.088132	407	487	10	6	80	0.0750000
NODE_7650_length_950_cov_56.088132	407	487	12	1	80	0.0125000
NODE_7650_length_950_cov_56.088132	483	563	4	12	80	0.1500000
NODE_7650_length_950_cov_56.088132	483	563	6	37	80	0.4625000
NODE_7650_length_950_cov_56.088132	483	563	10	21	80	0.2625000
NODE_7650_length_950_cov_56.088132	483	563	11	1	80	0.0125000
NODE_7650_length_950_cov_56.088132	483	563	12	9	80	0.1125000
NODE_7650_length_950_cov_56.088132	536	616	2	29	80	0.3625000
NODE_7650_length_950_cov_56.088132	536	616	4	10	80	0.1250000
NODE_7650_length_950_cov_56.088132	536	616	6	41	80	0.5125000
NODE_7651_length_950_cov_29.780259	501	581	0	2	80	0.0250000
NODE_7651_length_950_cov_29.780259	501	581	2	8	80	0.1000000
NODE_7651_length_950_cov_29.780259	501	581	4	6	80	0.0750000
NODE_7651_length_950_cov_29.780259	501	581	8	6	80	0.0750000
NODE_7651_length_950_cov_29.780259	501	581	10	58	80	0.7250000
NODE_7651_length_950_cov_29.780259	554	634	0	55	80	0.6875000
NODE_7651_length_950_cov_29.780259	554	634	2	8	80	0.1000000
NODE_7651_length_950_cov_29.780259	554	634	4	6	80	0.0750000
NODE_7651_length_950_cov_29.780259	554	634	8	6	80	0.0750000
NODE_7651_length_950_cov_29.780259	554	634	10	5	80	0.0625000
NODE_7652_length_950_cov_27.278496	388	468	4	80	80	1.0000000
NODE_7652_length_950_cov_27.278496	441	519	0	36	78	0.4615385
NODE_7652_length_950_cov_27.278496	441	519	4	42	78	0.5384616
NODE_7653_length_950_cov_26.766157	322	402	0	13	80	0.1625000
NODE_7653_length_950_cov_26.766157	322	402	2	67	80	0.8375000
NODE_7653_length_950_cov_26.766157	375	455	2	46	80	0.5750000
NODE_7653_length_950_cov_26.766157	375	455	6	19	80	0.2375000
NODE_7653_length_950_cov_26.766157	375	455	8	15	80	0.1875000
NODE_7653_length_950_cov_26.766157	451	531	6	54	80	0.6750000
NODE_7653_length_950_cov_26.766157	451	531	8	26	80	0.3250000
NODE_7653_length_950_cov_26.766157	504	584	2	9	80	0.1125000
NODE_7653_length_950_cov_26.766157	504	584	4	42	80	0.5250000
NODE_7653_length_950_cov_26.766157	504	584	6	1	80	0.0125000
NODE_7653_length_950_cov_26.766157	504	584	8	28	80	0.3500000
NODE_7654_length_950_cov_19.638073	421	501	4	6	80	0.0750000
NODE_7654_length_950_cov_19.638073	421	501	6	74	80	0.9250000
NODE_7654_length_950_cov_19.638073	474	554	2	40	80	0.5000000
NODE_7654_length_950_cov_19.638073	474	554	4	13	80	0.1625000
NODE_7654_length_950_cov_19.638073	474	554	6	27	80	0.3375000
NODE_7654_length_950_cov_19.638073	550	630	2	39	80	0.4875000
NODE_7654_length_950_cov_19.638073	550	630	4	41	80	0.5125000
NODE_7654_length_950_cov_19.638073	603	683	0	19	80	0.2375000
NODE_7654_length_950_cov_19.638073	603	683	2	61	80	0.7625000
NODE_7655_length_950_cov_14.686251	376	456	0	80	80	1.0000000
NODE_7655_length_950_cov_14.686251	429	509	0	80	80	1.0000000
NODE_7656_length_950_cov_14.215041	339	419	2	21	80	0.2625000
NODE_7656_length_950_cov_14.215041	339	419	6	6	80	0.0750000
NODE_7656_length_950_cov_14.215041	339	419	8	11	80	0.1375000
NODE_7656_length_950_cov_14.215041	339	419	11	6	80	0.0750000
NODE_7656_length_950_cov_14.215041	339	419	12	4	80	0.0500000
NODE_7656_length_950_cov_14.215041	339	419	14	32	80	0.4000000
NODE_7656_length_950_cov_14.215041	392	472	10	17	80	0.2125000
NODE_7656_length_950_cov_14.215041	392	472	12	6	80	0.0750000
NODE_7656_length_950_cov_14.215041	392	472	14	57	80	0.7125000
NODE_7657_length_950_cov_6.397180	370	450	0	80	80	1.0000000
NODE_7657_length_950_cov_6.397180	423	504	0	81	81	1.0000000
NODE_7659_length_950_cov_4.430082	594	674	0	80	80	1.0000000
NODE_7659_length_950_cov_4.430082	647	727	0	80	80	1.0000000
NODE_7672_length_949_cov_25.550588	371	451	0	80	80	1.0000000
NODE_7672_length_949_cov_25.550588	500	580	0	80	80	1.0000000
NODE_7672_length_949_cov_25.550588	553	633	0	80	80	1.0000000
NODE_7673_length_949_cov_20.949412	252	332	0	37	80	0.4625000
NODE_7673_length_949_cov_20.949412	252	332	8	24	80	0.3000000
NODE_7673_length_949_cov_20.949412	252	332	10	5	80	0.0625000
NODE_7673_length_949_cov_20.949412	252	332	12	1	80	0.0125000
NODE_7673_length_949_cov_20.949412	252	332	14	13	80	0.1625000
NODE_7673_length_949_cov_20.949412	305	385	8	8	80	0.1000000
NODE_7673_length_949_cov_20.949412	305	385	10	5	80	0.0625000
NODE_7673_length_949_cov_20.949412	305	385	12	1	80	0.0125000
NODE_7673_length_949_cov_20.949412	305	385	14	66	80	0.8250000
NODE_7674_length_949_cov_20.601176	364	444	2	4	80	0.0500000
NODE_7674_length_949_cov_20.601176	364	444	6	76	80	0.9500000
NODE_7674_length_949_cov_20.601176	417	497	0	24	80	0.3000000
NODE_7674_length_949_cov_20.601176	417	497	5	17	80	0.2125000
NODE_7674_length_949_cov_20.601176	417	497	6	39	80	0.4875000
NODE_7674_length_949_cov_20.601176	493	573	0	80	80	1.0000000
NODE_7674_length_949_cov_20.601176	546	626	0	80	80	1.0000000
NODE_7675_length_949_cov_20.575294	481	561	2	2	80	0.0250000
NODE_7675_length_949_cov_20.575294	481	561	6	9	80	0.1125000
NODE_7675_length_949_cov_20.575294	481	561	8	5	80	0.0625000
NODE_7675_length_949_cov_20.575294	481	561	10	34	80	0.4250000
NODE_7675_length_949_cov_20.575294	481	561	11	19	80	0.2375000
NODE_7675_length_949_cov_20.575294	481	561	12	11	80	0.1375000
NODE_7675_length_949_cov_20.575294	534	614	2	13	80	0.1625000
NODE_7675_length_949_cov_20.575294	534	614	4	12	80	0.1500000
NODE_7675_length_949_cov_20.575294	534	614	6	4	80	0.0500000
NODE_7675_length_949_cov_20.575294	534	614	8	5	80	0.0625000
NODE_7675_length_949_cov_20.575294	534	614	10	38	80	0.4750000
NODE_7675_length_949_cov_20.575294	534	614	11	8	80	0.1000000
NODE_7676_length_949_cov_19.483529	340	420	2	43	80	0.5375000
NODE_7676_length_949_cov_19.483529	340	420	3	37	80	0.4625000
NODE_7676_length_949_cov_19.483529	393	473	1	5	80	0.0625000
NODE_7676_length_949_cov_19.483529	393	473	2	36	80	0.4500000
NODE_7676_length_949_cov_19.483529	393	473	3	39	80	0.4875000
NODE_7676_length_949_cov_19.483529	469	549	2	43	80	0.5375000
NODE_7676_length_949_cov_19.483529	469	549	3	16	80	0.2000000
NODE_7676_length_949_cov_19.483529	469	549	4	21	80	0.2625000
NODE_7676_length_949_cov_19.483529	522	602	3	24	80	0.3000000
NODE_7676_length_949_cov_19.483529	522	602	4	16	80	0.2000000
NODE_7676_length_949_cov_19.483529	522	602	6	10	80	0.1250000
NODE_7676_length_949_cov_19.483529	522	602	7	30	80	0.3750000
NODE_7677_length_949_cov_19.407059	433	513	2	80	80	1.0000000
NODE_7677_length_949_cov_19.407059	486	566	0	47	80	0.5875000
NODE_7677_length_949_cov_19.407059	486	566	2	33	80	0.4125000
NODE_7677_length_949_cov_19.407059	562	642	0	67	80	0.8375000
NODE_7677_length_949_cov_19.407059	562	642	2	13	80	0.1625000
NODE_7677_length_949_cov_19.407059	615	695	0	33	80	0.4125000
NODE_7677_length_949_cov_19.407059	615	695	2	47	80	0.5875000
NODE_7678_length_949_cov_10.903529	561	641	2	25	80	0.3125000
NODE_7678_length_949_cov_10.903529	561	641	4	55	80	0.6875000
NODE_7678_length_949_cov_10.903529	614	694	0	22	80	0.2750000
NODE_7678_length_949_cov_10.903529	614	694	2	15	80	0.1875000
NODE_7678_length_949_cov_10.903529	614	694	4	43	80	0.5375000
NODE_7679_length_949_cov_7.245882	0	71	0	5	71	0.0704225
NODE_7679_length_949_cov_7.245882	0	71	23	19	71	0.2676056
NODE_7679_length_949_cov_7.245882	0	71	39	1	71	0.0140845
NODE_7679_length_949_cov_7.245882	0	71	41	10	71	0.1408451
NODE_7679_length_949_cov_7.245882	0	71	43	36	71	0.5070422
NODE_7679_length_949_cov_7.245882	0	71	0	5	71	0.0704225
NODE_7679_length_949_cov_7.245882	0	71	23	19	71	0.2676056
NODE_7679_length_949_cov_7.245882	0	71	39	1	71	0.0140845
NODE_7679_length_949_cov_7.245882	0	71	41	10	71	0.1408451
NODE_7679_length_949_cov_7.245882	0	71	43	36	71	0.5070422
NODE_7679_length_949_cov_7.245882	44	124	43	29	80	0.3625000
NODE_7679_length_949_cov_7.245882	44	124	44	3	80	0.0375000
NODE_7679_length_949_cov_7.245882	44	124	45	1	80	0.0125000
NODE_7679_length_949_cov_7.245882	44	124	46	13	80	0.1625000
NODE_7679_length_949_cov_7.245882	44	124	47	34	80	0.4250000
NODE_7680_length_949_cov_6.998824	494	574	0	80	80	1.0000000
NODE_7680_length_949_cov_6.998824	547	627	0	80	80	1.0000000
NODE_7702_length_948_cov_37.201413	510	590	6	6	80	0.0750000
NODE_7702_length_948_cov_37.201413	510	590	8	12	80	0.1500000
NODE_7702_length_948_cov_37.201413	510	590	10	62	80	0.7750000
NODE_7702_length_948_cov_37.201413	563	643	2	24	80	0.3000000
NODE_7702_length_948_cov_37.201413	563	643	4	6	80	0.0750000
NODE_7702_length_948_cov_37.201413	563	643	9	1	80	0.0125000
NODE_7702_length_948_cov_37.201413	563	643	10	49	80	0.6125000
NODE_7703_length_948_cov_20.082450	58	99	2	41	41	1.0000000
NODE_7703_length_948_cov_20.082450	113	193	2	1	80	0.0125000
NODE_7703_length_948_cov_20.082450	113	193	8	3	80	0.0375000
NODE_7703_length_948_cov_20.082450	113	193	10	2	80	0.0250000
NODE_7703_length_948_cov_20.082450	113	193	26	3	80	0.0375000
NODE_7703_length_948_cov_20.082450	113	193	32	7	80	0.0875000
NODE_7703_length_948_cov_20.082450	113	193	34	2	80	0.0250000
NODE_7703_length_948_cov_20.082450	113	193	36	2	80	0.0250000
NODE_7703_length_948_cov_20.082450	113	193	41	1	80	0.0125000
NODE_7703_length_948_cov_20.082450	113	193	42	9	80	0.1125000
NODE_7703_length_948_cov_20.082450	113	193	43	10	80	0.1250000
NODE_7703_length_948_cov_20.082450	113	193	44	3	80	0.0375000
NODE_7703_length_948_cov_20.082450	113	193	45	4	80	0.0500000
NODE_7703_length_948_cov_20.082450	113	193	49	8	80	0.1000000
NODE_7703_length_948_cov_20.082450	113	193	50	3	80	0.0375000
NODE_7703_length_948_cov_20.082450	113	193	52	14	80	0.1750000
NODE_7703_length_948_cov_20.082450	113	193	54	2	80	0.0250000
NODE_7703_length_948_cov_20.082450	113	193	62	2	80	0.0250000
NODE_7703_length_948_cov_20.082450	113	193	64	4	80	0.0500000
NODE_7703_length_948_cov_20.082450	166	246	49	2	80	0.0250000
NODE_7703_length_948_cov_20.082450	166	246	50	3	80	0.0375000
NODE_7703_length_948_cov_20.082450	166	246	52	14	80	0.1750000
NODE_7703_length_948_cov_20.082450	166	246	54	2	80	0.0250000
NODE_7703_length_948_cov_20.082450	166	246	59	13	80	0.1625000
NODE_7703_length_948_cov_20.082450	166	246	61	6	80	0.0750000
NODE_7703_length_948_cov_20.082450	166	246	62	2	80	0.0250000
NODE_7703_length_948_cov_20.082450	166	246	63	5	80	0.0625000
NODE_7703_length_948_cov_20.082450	166	246	64	6	80	0.0750000
NODE_7703_length_948_cov_20.082450	166	246	65	18	80	0.2250000
NODE_7703_length_948_cov_20.082450	166	246	66	9	80	0.1125000
NODE_7704_length_948_cov_16.785630	308	388	2	80	80	1.0000000
NODE_7704_length_948_cov_16.785630	361	441	0	46	80	0.5750000
NODE_7704_length_948_cov_16.785630	361	441	2	34	80	0.4250000
NODE_7704_length_948_cov_16.785630	437	517	0	11	80	0.1375000
NODE_7704_length_948_cov_16.785630	437	517	3	69	80	0.8625000
NODE_7704_length_948_cov_16.785630	490	570	3	56	80	0.7000000
NODE_7704_length_948_cov_16.785630	490	570	4	24	80	0.3000000
NODE_7705_length_948_cov_12.740872	400	480	2	14	80	0.1750000
NODE_7705_length_948_cov_12.740872	400	480	4	2	80	0.0250000
NODE_7705_length_948_cov_12.740872	400	480	5	8	80	0.1000000
NODE_7705_length_948_cov_12.740872	400	480	7	1	80	0.0125000
NODE_7705_length_948_cov_12.740872	400	480	8	51	80	0.6375000
NODE_7705_length_948_cov_12.740872	400	480	10	4	80	0.0500000
NODE_7705_length_948_cov_12.740872	453	533	2	67	80	0.8375000
NODE_7705_length_948_cov_12.740872	453	533	4	2	80	0.0250000
NODE_7705_length_948_cov_12.740872	453	533	5	8	80	0.1000000
NODE_7705_length_948_cov_12.740872	453	533	8	3	80	0.0375000
NODE_7706_length_948_cov_10.220259	465	545	15	13	80	0.1625000
NODE_7706_length_948_cov_10.220259	465	545	16	24	80	0.3000000
NODE_7706_length_948_cov_10.220259	465	545	20	6	80	0.0750000
NODE_7706_length_948_cov_10.220259	465	545	22	37	80	0.4625000
NODE_7706_length_948_cov_10.220259	518	598	6	17	80	0.2125000
NODE_7706_length_948_cov_10.220259	518	598	8	1	80	0.0125000
NODE_7706_length_948_cov_10.220259	518	598	18	1	80	0.0125000
NODE_7706_length_948_cov_10.220259	518	598	19	17	80	0.2125000
NODE_7706_length_948_cov_10.220259	518	598	20	23	80	0.2875000
NODE_7706_length_948_cov_10.220259	518	598	22	21	80	0.2625000
NODE_7707_length_948_cov_8.504122	456	536	0	6	80	0.0750000
NODE_7707_length_948_cov_8.504122	456	536	2	74	80	0.9250000
NODE_7707_length_948_cov_8.504122	509	589	0	59	80	0.7375000
NODE_7707_length_948_cov_8.504122	509	589	2	21	80	0.2625000
NODE_7709_length_948_cov_5.425206	641	721	2	80	80	1.0000000
NODE_7709_length_948_cov_5.425206	694	774	0	46	80	0.5750000
NODE_7709_length_948_cov_5.425206	694	774	2	34	80	0.4250000
NODE_7711_length_948_cov_3.586572	696	776	0	80	80	1.0000000
NODE_7715_length_948_cov_2.786808	259	324	0	46	65	0.7076923
NODE_7715_length_948_cov_2.786808	259	324	2	19	65	0.2923077
NODE_7715_length_948_cov_2.786808	297	377	0	8	80	0.1000000
NODE_7715_length_948_cov_2.786808	297	377	2	72	80	0.9000000
NODE_7721_length_947_cov_91.466981	393	473	8	77	80	0.9625000
NODE_7721_length_947_cov_91.466981	393	473	10	3	80	0.0375000
NODE_7721_length_947_cov_91.466981	446	526	2	48	80	0.6000000
NODE_7721_length_947_cov_91.466981	446	526	8	29	80	0.3625000
NODE_7721_length_947_cov_91.466981	446	526	10	3	80	0.0375000
NODE_7722_length_947_cov_61.139151	402	482	2	10	80	0.1250000
NODE_7722_length_947_cov_61.139151	402	482	4	29	80	0.3625000
NODE_7722_length_947_cov_61.139151	402	482	6	41	80	0.5125000
NODE_7722_length_947_cov_61.139151	455	535	0	16	80	0.2000000
NODE_7722_length_947_cov_61.139151	455	535	2	47	80	0.5875000
NODE_7722_length_947_cov_61.139151	455	535	6	17	80	0.2125000
NODE_7723_length_947_cov_50.009434	488	568	0	52	80	0.6500000
NODE_7723_length_947_cov_50.009434	488	568	3	2	80	0.0250000
NODE_7723_length_947_cov_50.009434	488	568	6	26	80	0.3250000
NODE_7723_length_947_cov_50.009434	541	621	3	1	80	0.0125000
NODE_7723_length_947_cov_50.009434	541	621	6	51	80	0.6375000
NODE_7723_length_947_cov_50.009434	541	621	9	1	80	0.0125000
NODE_7723_length_947_cov_50.009434	541	621	10	27	80	0.3375000
NODE_7724_length_947_cov_36.271226	511	591	6	1	80	0.0125000
NODE_7724_length_947_cov_36.271226	511	591	7	56	80	0.7000000
NODE_7724_length_947_cov_36.271226	511	591	8	1	80	0.0125000
NODE_7724_length_947_cov_36.271226	511	591	9	14	80	0.1750000
NODE_7724_length_947_cov_36.271226	511	591	10	3	80	0.0375000
NODE_7724_length_947_cov_36.271226	511	591	11	5	80	0.0625000
NODE_7724_length_947_cov_36.271226	564	644	3	12	80	0.1500000
NODE_7724_length_947_cov_36.271226	564	644	7	63	80	0.7875000
NODE_7724_length_947_cov_36.271226	564	644	9	5	80	0.0625000
NODE_7725_length_947_cov_23.384434	425	505	0	15	80	0.1875000
NODE_7725_length_947_cov_23.384434	425	505	1	36	80	0.4500000
NODE_7725_length_947_cov_23.384434	425	505	2	29	80	0.3625000
NODE_7725_length_947_cov_23.384434	478	558	0	68	80	0.8500000
NODE_7725_length_947_cov_23.384434	478	558	1	12	80	0.1500000
NODE_7726_length_947_cov_19.103774	316	396	6	9	80	0.1125000
NODE_7726_length_947_cov_19.103774	316	396	10	52	80	0.6500000
NODE_7726_length_947_cov_19.103774	316	396	12	9	80	0.1125000
NODE_7726_length_947_cov_19.103774	316	396	14	10	80	0.1250000
NODE_7726_length_947_cov_19.103774	369	449	4	9	80	0.1125000
NODE_7726_length_947_cov_19.103774	369	449	6	53	80	0.6625000
NODE_7726_length_947_cov_19.103774	369	449	10	10	80	0.1250000
NODE_7726_length_947_cov_19.103774	369	449	12	8	80	0.1000000
NODE_7727_length_947_cov_18.853774	516	596	0	45	80	0.5625000
NODE_7727_length_947_cov_18.853774	516	596	2	35	80	0.4375000
NODE_7727_length_947_cov_18.853774	569	649	0	42	80	0.5250000
NODE_7727_length_947_cov_18.853774	569	649	2	38	80	0.4750000
NODE_7728_length_947_cov_18.077830	315	395	2	21	80	0.2625000
NODE_7728_length_947_cov_18.077830	315	395	4	59	80	0.7375000
NODE_7728_length_947_cov_18.077830	368	448	0	14	80	0.1750000
NODE_7728_length_947_cov_18.077830	368	448	2	60	80	0.7500000
NODE_7728_length_947_cov_18.077830	368	448	4	6	80	0.0750000
NODE_7729_length_947_cov_17.713443	403	483	2	80	80	1.0000000
NODE_7729_length_947_cov_17.713443	456	536	2	52	80	0.6500000
NODE_7729_length_947_cov_17.713443	456	536	4	28	80	0.3500000
NODE_7730_length_947_cov_14.492925	358	438	0	80	80	1.0000000
NODE_7730_length_947_cov_14.492925	411	491	0	80	80	1.0000000
NODE_7730_length_947_cov_14.492925	487	567	0	47	80	0.5875000
NODE_7730_length_947_cov_14.492925	487	567	4	33	80	0.4125000
NODE_7730_length_947_cov_14.492925	540	620	4	33	80	0.4125000
NODE_7730_length_947_cov_14.492925	540	620	8	47	80	0.5875000
NODE_7731_length_947_cov_10.573113	550	630	0	80	80	1.0000000
NODE_7731_length_947_cov_10.573113	603	683	0	80	80	1.0000000
NODE_7732_length_947_cov_7.762972	550	630	10	13	80	0.1625000
NODE_7732_length_947_cov_7.762972	550	630	14	24	80	0.3000000
NODE_7732_length_947_cov_7.762972	550	630	16	43	80	0.5375000
NODE_7732_length_947_cov_7.762972	607	683	6	37	76	0.4868421
NODE_7732_length_947_cov_7.762972	607	683	8	8	76	0.1052632
NODE_7732_length_947_cov_7.762972	607	683	14	31	76	0.4078947
NODE_7747_length_946_cov_39.726092	378	458	0	31	80	0.3875000
NODE_7747_length_946_cov_39.726092	378	458	2	49	80	0.6125000
NODE_7747_length_946_cov_39.726092	431	511	0	10	80	0.1250000
NODE_7747_length_946_cov_39.726092	431	511	2	70	80	0.8750000
NODE_7747_length_946_cov_39.726092	507	587	0	58	80	0.7250000
NODE_7747_length_946_cov_39.726092	507	587	2	22	80	0.2750000
NODE_7747_length_946_cov_39.726092	560	640	0	5	80	0.0625000
NODE_7747_length_946_cov_39.726092	560	640	2	75	80	0.9375000
NODE_7748_length_946_cov_32.728453	404	484	2	18	80	0.2250000
NODE_7748_length_946_cov_32.728453	404	484	4	33	80	0.4125000
NODE_7748_length_946_cov_32.728453	404	484	6	17	80	0.2125000
NODE_7748_length_946_cov_32.728453	404	484	8	12	80	0.1500000
NODE_7748_length_946_cov_32.728453	457	537	4	29	80	0.3625000
NODE_7748_length_946_cov_32.728453	457	537	6	41	80	0.5125000
NODE_7748_length_946_cov_32.728453	457	537	8	10	80	0.1250000
NODE_7749_length_946_cov_27.548996	280	360	0	80	80	1.0000000
NODE_7749_length_946_cov_27.548996	333	413	0	43	80	0.5375000
NODE_7749_length_946_cov_27.548996	333	413	2	37	80	0.4625000
NODE_7750_length_946_cov_24.622196	352	432	0	80	80	1.0000000
NODE_7750_length_946_cov_24.622196	405	486	0	81	81	1.0000000
NODE_7751_length_946_cov_18.082645	492	572	0	80	80	1.0000000
NODE_7751_length_946_cov_18.082645	545	625	0	80	80	1.0000000
NODE_7752_length_946_cov_18.031877	433	513	0	16	80	0.2000000
NODE_7752_length_946_cov_18.031877	433	513	2	1	80	0.0125000
NODE_7752_length_946_cov_18.031877	433	513	6	63	80	0.7875000
NODE_7752_length_946_cov_18.031877	486	566	0	12	80	0.1500000
NODE_7752_length_946_cov_18.031877	486	566	3	1	80	0.0125000
NODE_7752_length_946_cov_18.031877	486	566	4	10	80	0.1250000
NODE_7752_length_946_cov_18.031877	486	566	6	57	80	0.7125000
NODE_7753_length_946_cov_15.188902	472	552	4	13	80	0.1625000
NODE_7753_length_946_cov_15.188902	472	552	6	67	80	0.8375000
NODE_7753_length_946_cov_15.188902	525	605	0	2	80	0.0250000
NODE_7753_length_946_cov_15.188902	525	605	2	18	80	0.2250000
NODE_7753_length_946_cov_15.188902	525	605	4	29	80	0.3625000
NODE_7753_length_946_cov_15.188902	525	605	6	31	80	0.3875000
NODE_7754_length_946_cov_11.201889	408	488	0	13	80	0.1625000
NODE_7754_length_946_cov_11.201889	408	488	2	67	80	0.8375000
NODE_7754_length_946_cov_11.201889	461	541	0	66	80	0.8250000
NODE_7754_length_946_cov_11.201889	461	541	2	14	80	0.1750000
NODE_7768_length_945_cov_42.997636	361	441	2	67	80	0.8375000
NODE_7768_length_945_cov_42.997636	361	441	6	13	80	0.1625000
NODE_7768_length_945_cov_42.997636	414	494	2	14	80	0.1750000
NODE_7768_length_945_cov_42.997636	414	494	5	40	80	0.5000000
NODE_7768_length_945_cov_42.997636	414	494	6	26	80	0.3250000
NODE_7769_length_945_cov_31.223404	357	437	14	17	80	0.2125000
NODE_7769_length_945_cov_31.223404	357	437	16	2	80	0.0250000
NODE_7769_length_945_cov_31.223404	357	437	18	18	80	0.2250000
NODE_7769_length_945_cov_31.223404	357	437	20	43	80	0.5375000
NODE_7769_length_945_cov_31.223404	410	490	8	5	80	0.0625000
NODE_7769_length_945_cov_31.223404	410	490	12	21	80	0.2625000
NODE_7769_length_945_cov_31.223404	410	490	14	3	80	0.0375000
NODE_7769_length_945_cov_31.223404	410	490	18	9	80	0.1125000
NODE_7769_length_945_cov_31.223404	410	490	20	42	80	0.5250000
NODE_7770_length_945_cov_26.348700	331	411	4	16	80	0.2000000
NODE_7770_length_945_cov_26.348700	331	411	6	31	80	0.3875000
NODE_7770_length_945_cov_26.348700	331	411	9	1	80	0.0125000
NODE_7770_length_945_cov_26.348700	331	411	10	14	80	0.1750000
NODE_7770_length_945_cov_26.348700	331	411	11	3	80	0.0375000
NODE_7770_length_945_cov_26.348700	331	411	13	15	80	0.1875000
NODE_7770_length_945_cov_26.348700	384	464	8	28	80	0.3500000
NODE_7770_length_945_cov_26.348700	384	464	10	13	80	0.1625000
NODE_7770_length_945_cov_26.348700	384	464	11	3	80	0.0375000
NODE_7770_length_945_cov_26.348700	384	464	13	26	80	0.3250000
NODE_7770_length_945_cov_26.348700	384	464	14	10	80	0.1250000
NODE_7771_length_945_cov_20.349882	435	515	2	80	80	1.0000000
NODE_7771_length_945_cov_20.349882	488	568	1	15	80	0.1875000
NODE_7771_length_945_cov_20.349882	488	568	2	65	80	0.8125000
NODE_7772_length_945_cov_14.771868	386	466	0	80	80	1.0000000
NODE_7772_length_945_cov_14.771868	439	519	0	80	80	1.0000000
NODE_7773_length_945_cov_10.158392	599	679	0	80	80	1.0000000
NODE_7773_length_945_cov_10.158392	652	732	0	80	80	1.0000000
NODE_7775_length_945_cov_5.403073	357	437	0	80	80	1.0000000
NODE_7775_length_945_cov_5.403073	410	490	0	80	80	1.0000000
NODE_7785_length_944_cov_42.401183	358	438	2	7	80	0.0875000
NODE_7785_length_944_cov_42.401183	358	438	6	59	80	0.7375000
NODE_7785_length_944_cov_42.401183	358	438	7	5	80	0.0625000
NODE_7785_length_944_cov_42.401183	358	438	19	1	80	0.0125000
NODE_7785_length_944_cov_42.401183	358	438	23	8	80	0.1000000
NODE_7785_length_944_cov_42.401183	411	498	6	13	87	0.1494253
NODE_7785_length_944_cov_42.401183	411	498	7	5	87	0.0574713
NODE_7785_length_944_cov_42.401183	411	498	19	1	87	0.0114943
NODE_7785_length_944_cov_42.401183	411	498	22	13	87	0.1494253
NODE_7785_length_944_cov_42.401183	411	498	23	26	87	0.2988506
NODE_7785_length_944_cov_42.401183	411	498	25	17	87	0.1954023
NODE_7785_length_944_cov_42.401183	411	498	26	5	87	0.0574713
NODE_7785_length_944_cov_42.401183	411	498	27	7	87	0.0804598
NODE_7786_length_944_cov_32.712426	377	457	4	80	80	1.0000000
NODE_7786_length_944_cov_32.712426	430	510	0	12	80	0.1500000
NODE_7786_length_944_cov_32.712426	430	510	2	38	80	0.4750000
NODE_7786_length_944_cov_32.712426	430	510	4	30	80	0.3750000
NODE_7787_length_944_cov_27.839053	417	497	14	6	80	0.0750000
NODE_7787_length_944_cov_27.839053	417	497	22	53	80	0.6625000
NODE_7787_length_944_cov_27.839053	417	497	24	21	80	0.2625000
NODE_7787_length_944_cov_27.839053	470	550	0	3	80	0.0375000
NODE_7787_length_944_cov_27.839053	470	550	6	4	80	0.0500000
NODE_7787_length_944_cov_27.839053	470	550	8	5	80	0.0625000
NODE_7787_length_944_cov_27.839053	470	550	13	21	80	0.2625000
NODE_7787_length_944_cov_27.839053	470	550	14	26	80	0.3250000
NODE_7787_length_944_cov_27.839053	470	550	22	19	80	0.2375000
NODE_7787_length_944_cov_27.839053	470	550	24	2	80	0.0250000
NODE_7788_length_944_cov_24.702959	413	493	8	27	80	0.3375000
NODE_7788_length_944_cov_24.702959	413	493	10	8	80	0.1000000
NODE_7788_length_944_cov_24.702959	413	493	14	14	80	0.1750000
NODE_7788_length_944_cov_24.702959	413	493	16	31	80	0.3875000
NODE_7788_length_944_cov_24.702959	466	546	8	2	80	0.0250000
NODE_7788_length_944_cov_24.702959	466	546	12	9	80	0.1125000
NODE_7788_length_944_cov_24.702959	466	546	14	25	80	0.3125000
NODE_7788_length_944_cov_24.702959	466	546	16	44	80	0.5500000
NODE_7789_length_944_cov_11.951479	347	427	2	1	80	0.0125000
NODE_7789_length_944_cov_11.951479	347	427	4	6	80	0.0750000
NODE_7789_length_944_cov_11.951479	347	427	6	73	80	0.9125000
NODE_7789_length_944_cov_11.951479	400	480	0	16	80	0.2000000
NODE_7789_length_944_cov_11.951479	400	480	4	43	80	0.5375000
NODE_7789_length_944_cov_11.951479	400	480	6	21	80	0.2625000
NODE_7789_length_944_cov_11.951479	476	556	0	80	80	1.0000000
NODE_7789_length_944_cov_11.951479	529	609	0	80	80	1.0000000
NODE_7790_length_944_cov_6.745562	366	446	0	7	80	0.0875000
NODE_7790_length_944_cov_6.745562	366	446	2	14	80	0.1750000
NODE_7790_length_944_cov_6.745562	366	446	4	59	80	0.7375000
NODE_7790_length_944_cov_6.745562	419	499	4	80	80	1.0000000
NODE_7792_length_944_cov_4.420118	236	316	0	80	80	1.0000000
NODE_7792_length_944_cov_4.420118	289	369	0	80	80	1.0000000
NODE_7800_length_943_cov_40.111374	536	614	2	9	78	0.1153846
NODE_7800_length_943_cov_40.111374	536	614	7	48	78	0.6153846
NODE_7800_length_943_cov_40.111374	536	614	8	1	78	0.0128205
NODE_7800_length_943_cov_40.111374	536	614	9	14	78	0.1794872
NODE_7800_length_943_cov_40.111374	536	614	11	1	78	0.0128205
NODE_7800_length_943_cov_40.111374	536	614	12	1	78	0.0128205
NODE_7800_length_943_cov_40.111374	536	614	13	1	78	0.0128205
NODE_7800_length_943_cov_40.111374	536	614	14	3	78	0.0384615
NODE_7800_length_943_cov_40.111374	587	667	2	62	80	0.7750000
NODE_7800_length_943_cov_40.111374	587	667	7	5	80	0.0625000
NODE_7800_length_943_cov_40.111374	587	667	9	13	80	0.1625000
NODE_7801_length_943_cov_29.446682	338	418	0	35	80	0.4375000
NODE_7801_length_943_cov_29.446682	338	418	2	45	80	0.5625000
NODE_7801_length_943_cov_29.446682	391	471	0	5	80	0.0625000
NODE_7801_length_943_cov_29.446682	391	471	2	75	80	0.9375000
NODE_7802_length_943_cov_28.289100	393	473	6	9	80	0.1125000
NODE_7802_length_943_cov_28.289100	393	473	10	11	80	0.1375000
NODE_7802_length_943_cov_28.289100	393	473	12	59	80	0.7375000
NODE_7802_length_943_cov_28.289100	393	473	13	1	80	0.0125000
NODE_7802_length_943_cov_28.289100	446	526	0	9	80	0.1125000
NODE_7802_length_943_cov_28.289100	446	526	2	44	80	0.5500000
NODE_7802_length_943_cov_28.289100	446	526	6	9	80	0.1125000
NODE_7802_length_943_cov_28.289100	446	526	10	11	80	0.1375000
NODE_7802_length_943_cov_28.289100	446	526	12	6	80	0.0750000
NODE_7802_length_943_cov_28.289100	446	526	13	1	80	0.0125000
NODE_7803_length_943_cov_27.225118	343	423	2	40	80	0.5000000
NODE_7803_length_943_cov_27.225118	343	423	4	40	80	0.5000000
NODE_7803_length_943_cov_27.225118	396	476	0	14	80	0.1750000
NODE_7803_length_943_cov_27.225118	396	476	2	43	80	0.5375000
NODE_7803_length_943_cov_27.225118	396	476	4	23	80	0.2875000
NODE_7804_length_943_cov_26.536730	275	303	0	28	28	1.0000000
NODE_7804_length_943_cov_26.536730	299	379	0	20	80	0.2500000
NODE_7804_length_943_cov_26.536730	299	379	6	53	80	0.6625000
NODE_7804_length_943_cov_26.536730	299	379	8	7	80	0.0875000
NODE_7804_length_943_cov_26.536730	352	432	2	8	80	0.1000000
NODE_7804_length_943_cov_26.536730	352	432	6	20	80	0.2500000
NODE_7804_length_943_cov_26.536730	352	432	8	52	80	0.6500000
NODE_7805_length_943_cov_24.992891	374	454	0	5	80	0.0625000
NODE_7805_length_943_cov_24.992891	374	454	2	5	80	0.0625000
NODE_7805_length_943_cov_24.992891	374	454	4	8	80	0.1000000
NODE_7805_length_943_cov_24.992891	374	454	6	62	80	0.7750000
NODE_7805_length_943_cov_24.992891	427	507	4	11	80	0.1375000
NODE_7805_length_943_cov_24.992891	427	507	5	1	80	0.0125000
NODE_7805_length_943_cov_24.992891	427	507	6	68	80	0.8500000
NODE_7805_length_943_cov_24.992891	503	583	4	41	80	0.5125000
NODE_7805_length_943_cov_24.992891	503	583	6	16	80	0.2000000
NODE_7805_length_943_cov_24.992891	503	583	8	23	80	0.2875000
NODE_7805_length_943_cov_24.992891	556	636	4	9	80	0.1125000
NODE_7805_length_943_cov_24.992891	556	636	8	71	80	0.8875000
NODE_7806_length_943_cov_24.758294	403	483	4	80	80	1.0000000
NODE_7806_length_943_cov_24.758294	456	536	0	35	80	0.4375000
NODE_7806_length_943_cov_24.758294	456	536	4	45	80	0.5625000
NODE_7807_length_943_cov_22.316351	432	512	4	46	80	0.5750000
NODE_7807_length_943_cov_22.316351	432	512	9	8	80	0.1000000
NODE_7807_length_943_cov_22.316351	432	512	11	26	80	0.3250000
NODE_7807_length_943_cov_22.316351	485	565	8	16	80	0.2000000
NODE_7807_length_943_cov_22.316351	485	565	9	1	80	0.0125000
NODE_7807_length_943_cov_22.316351	485	565	11	54	80	0.6750000
NODE_7807_length_943_cov_22.316351	485	565	12	9	80	0.1125000
NODE_7808_length_943_cov_22.149289	393	473	2	55	80	0.6875000
NODE_7808_length_943_cov_22.149289	393	473	4	25	80	0.3125000
NODE_7808_length_943_cov_22.149289	446	526	0	8	80	0.1000000
NODE_7808_length_943_cov_22.149289	446	526	2	66	80	0.8250000
NODE_7808_length_943_cov_22.149289	446	526	4	6	80	0.0750000
NODE_7809_length_943_cov_20.055687	412	492	10	80	80	1.0000000
NODE_7809_length_943_cov_20.055687	465	545	0	27	80	0.3375000
NODE_7809_length_943_cov_20.055687	465	545	10	53	80	0.6625000
NODE_7810_length_943_cov_16.022512	338	418	8	7	80	0.0875000
NODE_7810_length_943_cov_16.022512	338	418	10	73	80	0.9125000
NODE_7810_length_943_cov_16.022512	391	471	0	15	80	0.1875000
NODE_7810_length_943_cov_16.022512	391	471	3	1	80	0.0125000
NODE_7810_length_943_cov_16.022512	391	471	5	25	80	0.3125000
NODE_7810_length_943_cov_16.022512	391	471	8	19	80	0.2375000
NODE_7810_length_943_cov_16.022512	391	471	10	20	80	0.2500000
NODE_7811_length_943_cov_10.939573	474	554	8	28	80	0.3500000
NODE_7811_length_943_cov_10.939573	474	554	12	47	80	0.5875000
NODE_7811_length_943_cov_10.939573	474	554	14	5	80	0.0625000
NODE_7811_length_943_cov_10.939573	527	607	2	3	80	0.0375000
NODE_7811_length_943_cov_10.939573	527	607	4	25	80	0.3125000
NODE_7811_length_943_cov_10.939573	527	607	12	23	80	0.2875000
NODE_7811_length_943_cov_10.939573	527	607	14	29	80	0.3625000
NODE_7812_length_943_cov_9.483412	422	502	2	18	80	0.2250000
NODE_7812_length_943_cov_9.483412	422	502	4	17	80	0.2125000
NODE_7812_length_943_cov_9.483412	422	502	6	4	80	0.0500000
NODE_7812_length_943_cov_9.483412	422	502	8	41	80	0.5125000
NODE_7812_length_943_cov_9.483412	475	555	2	4	80	0.0500000
NODE_7812_length_943_cov_9.483412	475	555	4	24	80	0.3000000
NODE_7812_length_943_cov_9.483412	475	555	6	2	80	0.0250000
NODE_7812_length_943_cov_9.483412	475	555	8	50	80	0.6250000
NODE_7830_length_942_cov_58.088968	384	464	9	22	80	0.2750000
NODE_7830_length_942_cov_58.088968	384	464	10	47	80	0.5875000
NODE_7830_length_942_cov_58.088968	384	464	12	11	80	0.1375000
NODE_7830_length_942_cov_58.088968	437	517	2	41	80	0.5125000
NODE_7830_length_942_cov_58.088968	437	517	3	10	80	0.1250000
NODE_7830_length_942_cov_58.088968	437	517	9	24	80	0.3000000
NODE_7830_length_942_cov_58.088968	437	517	10	5	80	0.0625000
NODE_7832_length_942_cov_27.466192	360	440	0	58	80	0.7250000
NODE_7832_length_942_cov_27.466192	360	440	2	7	80	0.0875000
NODE_7832_length_942_cov_27.466192	360	440	6	12	80	0.1500000
NODE_7832_length_942_cov_27.466192	360	440	8	3	80	0.0375000
NODE_7832_length_942_cov_27.466192	413	493	0	5	80	0.0625000
NODE_7832_length_942_cov_27.466192	413	493	2	7	80	0.0875000
NODE_7832_length_942_cov_27.466192	413	493	6	12	80	0.1500000
NODE_7832_length_942_cov_27.466192	413	493	8	3	80	0.0375000
NODE_7832_length_942_cov_27.466192	413	493	10	23	80	0.2875000
NODE_7832_length_942_cov_27.466192	413	493	11	6	80	0.0750000
NODE_7832_length_942_cov_27.466192	413	493	12	24	80	0.3000000
NODE_7833_length_942_cov_26.914591	346	426	10	18	80	0.2250000
NODE_7833_length_942_cov_26.914591	346	426	12	41	80	0.5125000
NODE_7833_length_942_cov_26.914591	346	426	14	21	80	0.2625000
NODE_7833_length_942_cov_26.914591	399	479	0	10	80	0.1250000
NODE_7833_length_942_cov_26.914591	399	479	8	25	80	0.3125000
NODE_7833_length_942_cov_26.914591	399	479	10	36	80	0.4500000
NODE_7833_length_942_cov_26.914591	399	479	14	9	80	0.1125000
NODE_7834_length_942_cov_17.911032	390	470	4	3	80	0.0375000
NODE_7834_length_942_cov_17.911032	390	470	5	4	80	0.0500000
NODE_7834_length_942_cov_17.911032	390	470	7	73	80	0.9125000
NODE_7834_length_942_cov_17.911032	443	523	2	11	80	0.1375000
NODE_7834_length_942_cov_17.911032	443	523	4	45	80	0.5625000
NODE_7834_length_942_cov_17.911032	443	523	7	24	80	0.3000000
NODE_7835_length_942_cov_14.695136	442	522	2	80	80	1.0000000
NODE_7835_length_942_cov_14.695136	495	575	0	49	80	0.6125000
NODE_7835_length_942_cov_14.695136	495	575	2	31	80	0.3875000
NODE_7836_length_942_cov_14.097272	547	627	0	9	80	0.1125000
NODE_7836_length_942_cov_14.097272	547	627	2	35	80	0.4375000
NODE_7836_length_942_cov_14.097272	547	627	5	1	80	0.0125000
NODE_7836_length_942_cov_14.097272	547	627	6	4	80	0.0500000
NODE_7836_length_942_cov_14.097272	547	627	8	31	80	0.3875000
NODE_7836_length_942_cov_14.097272	600	680	6	25	80	0.3125000
NODE_7836_length_942_cov_14.097272	600	680	8	55	80	0.6875000
NODE_7837_length_942_cov_13.174377	322	402	0	80	80	1.0000000
NODE_7837_length_942_cov_13.174377	375	455	0	80	80	1.0000000
NODE_7858_length_941_cov_36.592637	259	339	6	16	80	0.2000000
NODE_7858_length_941_cov_36.592637	259	339	8	19	80	0.2375000
NODE_7858_length_941_cov_36.592637	259	339	10	2	80	0.0250000
NODE_7858_length_941_cov_36.592637	259	339	12	4	80	0.0500000
NODE_7858_length_941_cov_36.592637	259	339	14	39	80	0.4875000
NODE_7858_length_941_cov_36.592637	312	392	2	4	80	0.0500000
NODE_7858_length_941_cov_36.592637	312	392	4	24	80	0.3000000
NODE_7858_length_941_cov_36.592637	312	392	6	41	80	0.5125000
NODE_7858_length_941_cov_36.592637	312	392	14	11	80	0.1375000
NODE_7858_length_941_cov_36.592637	388	468	0	54	80	0.6750000
NODE_7858_length_941_cov_36.592637	388	468	2	26	80	0.3250000
NODE_7858_length_941_cov_36.592637	441	521	0	80	80	1.0000000
NODE_7859_length_941_cov_35.375297	352	432	0	80	80	1.0000000
NODE_7859_length_941_cov_35.375297	405	485	0	40	80	0.5000000
NODE_7859_length_941_cov_35.375297	405	485	2	40	80	0.5000000
NODE_7859_length_941_cov_35.375297	481	561	2	26	80	0.3250000
NODE_7859_length_941_cov_35.375297	481	561	4	54	80	0.6750000
NODE_7859_length_941_cov_35.375297	534	614	0	33	80	0.4125000
NODE_7859_length_941_cov_35.375297	534	614	2	29	80	0.3625000
NODE_7859_length_941_cov_35.375297	534	614	4	18	80	0.2250000
NODE_7860_length_941_cov_32.222090	407	487	0	29	80	0.3625000
NODE_7860_length_941_cov_32.222090	407	487	1	51	80	0.6375000
NODE_7860_length_941_cov_32.222090	460	540	0	80	80	1.0000000
NODE_7861_length_941_cov_28.442993	391	471	2	12	80	0.1500000
NODE_7861_length_941_cov_28.442993	391	471	3	1	80	0.0125000
NODE_7861_length_941_cov_28.442993	391	471	4	5	80	0.0625000
NODE_7861_length_941_cov_28.442993	391	471	6	30	80	0.3750000
NODE_7861_length_941_cov_28.442993	391	471	8	32	80	0.4000000
NODE_7861_length_941_cov_28.442993	444	524	4	25	80	0.3125000
NODE_7861_length_941_cov_28.442993	444	524	6	9	80	0.1125000
NODE_7861_length_941_cov_28.442993	444	524	8	46	80	0.5750000
NODE_7862_length_941_cov_20.788599	341	421	0	27	80	0.3375000
NODE_7862_length_941_cov_20.788599	341	421	2	53	80	0.6625000
NODE_7862_length_941_cov_20.788599	394	474	0	3	80	0.0375000
NODE_7862_length_941_cov_20.788599	394	474	2	77	80	0.9625000
NODE_7863_length_941_cov_18.000000	364	444	6	15	80	0.1875000
NODE_7863_length_941_cov_18.000000	364	444	8	12	80	0.1500000
NODE_7863_length_941_cov_18.000000	364	444	9	29	80	0.3625000
NODE_7863_length_941_cov_18.000000	364	444	10	1	80	0.0125000
NODE_7863_length_941_cov_18.000000	364	444	11	14	80	0.1750000
NODE_7863_length_941_cov_18.000000	364	444	13	9	80	0.1125000
NODE_7863_length_941_cov_18.000000	417	497	4	39	80	0.4875000
NODE_7863_length_941_cov_18.000000	417	497	6	26	80	0.3250000
NODE_7863_length_941_cov_18.000000	417	497	10	1	80	0.0125000
NODE_7863_length_941_cov_18.000000	417	497	11	14	80	0.1750000
NODE_7864_length_941_cov_11.020190	325	405	4	80	80	1.0000000
NODE_7864_length_941_cov_11.020190	378	458	0	1	80	0.0125000
NODE_7864_length_941_cov_11.020190	378	458	2	45	80	0.5625000
NODE_7864_length_941_cov_11.020190	378	458	4	34	80	0.4250000
NODE_7865_length_941_cov_6.020190	260	287	4	27	27	1.0000000
NODE_7865_length_941_cov_6.020190	260	340	0	13	80	0.1625000
NODE_7865_length_941_cov_6.020190	260	340	2	27	80	0.3375000
NODE_7865_length_941_cov_6.020190	260	340	4	40	80	0.5000000
NODE_7867_length_941_cov_3.745843	867	941	2	74	74	1.0000000
NODE_7877_length_940_cov_43.954816	243	323	0	79	80	0.9875000
NODE_7877_length_940_cov_43.954816	243	323	2	1	80	0.0125000
NODE_7877_length_940_cov_43.954816	296	376	0	80	80	1.0000000
NODE_7877_length_940_cov_43.954816	372	452	0	65	80	0.8125000
NODE_7877_length_940_cov_43.954816	372	452	3	1	80	0.0125000
NODE_7877_length_940_cov_43.954816	372	452	4	14	80	0.1750000
NODE_7877_length_940_cov_43.954816	425	505	0	12	80	0.1500000
NODE_7877_length_940_cov_43.954816	425	505	3	1	80	0.0125000
NODE_7877_length_940_cov_43.954816	425	505	4	67	80	0.8375000
NODE_7878_length_940_cov_27.763377	423	503	0	25	80	0.3125000
NODE_7878_length_940_cov_27.763377	423	503	6	55	80	0.6875000
NODE_7878_length_940_cov_27.763377	476	556	6	80	80	1.0000000
NODE_7897_length_939_cov_58.982143	363	443	4	34	80	0.4250000
NODE_7897_length_939_cov_58.982143	363	443	17	21	80	0.2625000
NODE_7897_length_939_cov_58.982143	363	443	18	22	80	0.2750000
NODE_7897_length_939_cov_58.982143	363	443	20	3	80	0.0375000
NODE_7897_length_939_cov_58.982143	416	496	16	2	80	0.0250000
NODE_7897_length_939_cov_58.982143	416	496	17	13	80	0.1625000
NODE_7897_length_939_cov_58.982143	416	496	18	60	80	0.7500000
NODE_7897_length_939_cov_58.982143	416	496	20	5	80	0.0625000
NODE_7898_length_939_cov_32.469048	327	407	0	25	80	0.3125000
NODE_7898_length_939_cov_32.469048	327	407	2	55	80	0.6875000
NODE_7898_length_939_cov_32.469048	380	460	0	78	80	0.9750000
NODE_7898_length_939_cov_32.469048	380	460	2	2	80	0.0250000
NODE_7899_length_939_cov_31.895238	265	345	0	49	80	0.6125000
NODE_7899_length_939_cov_31.895238	265	345	2	31	80	0.3875000
NODE_7899_length_939_cov_31.895238	318	398	0	4	80	0.0500000
NODE_7899_length_939_cov_31.895238	318	398	2	76	80	0.9500000
NODE_7900_length_939_cov_25.354762	439	519	6	67	80	0.8375000
NODE_7900_length_939_cov_25.354762	439	519	13	9	80	0.1125000
NODE_7900_length_939_cov_25.354762	439	519	17	4	80	0.0500000
NODE_7900_length_939_cov_25.354762	492	572	6	14	80	0.1750000
NODE_7900_length_939_cov_25.354762	492	572	12	18	80	0.2250000
NODE_7900_length_939_cov_25.354762	492	572	13	18	80	0.2250000
NODE_7900_length_939_cov_25.354762	492	572	17	20	80	0.2500000
NODE_7900_length_939_cov_25.354762	492	572	18	10	80	0.1250000
NODE_7901_length_939_cov_24.892857	370	450	6	29	80	0.3625000
NODE_7901_length_939_cov_24.892857	370	450	8	17	80	0.2125000
NODE_7901_length_939_cov_24.892857	370	450	10	34	80	0.4250000
NODE_7901_length_939_cov_24.892857	423	503	4	21	80	0.2625000
NODE_7901_length_939_cov_24.892857	423	503	10	59	80	0.7375000
NODE_7902_length_939_cov_24.246429	422	502	0	3	80	0.0375000
NODE_7902_length_939_cov_24.246429	422	502	2	6	80	0.0750000
NODE_7902_length_939_cov_24.246429	422	502	4	43	80	0.5375000
NODE_7902_length_939_cov_24.246429	422	502	6	3	80	0.0375000
NODE_7902_length_939_cov_24.246429	422	502	8	24	80	0.3000000
NODE_7902_length_939_cov_24.246429	422	502	20	1	80	0.0125000
NODE_7902_length_939_cov_24.246429	475	555	6	2	80	0.0250000
NODE_7902_length_939_cov_24.246429	475	555	8	24	80	0.3000000
NODE_7902_length_939_cov_24.246429	475	555	20	44	80	0.5500000
NODE_7902_length_939_cov_24.246429	475	555	22	3	80	0.0375000
NODE_7902_length_939_cov_24.246429	475	555	24	5	80	0.0625000
NODE_7902_length_939_cov_24.246429	475	555	26	2	80	0.0250000
NODE_7902_length_939_cov_24.246429	551	631	20	22	80	0.2750000
NODE_7902_length_939_cov_24.246429	551	631	21	1	80	0.0125000
NODE_7902_length_939_cov_24.246429	551	631	22	31	80	0.3875000
NODE_7902_length_939_cov_24.246429	551	631	23	18	80	0.2250000
NODE_7902_length_939_cov_24.246429	551	631	24	2	80	0.0250000
NODE_7902_length_939_cov_24.246429	551	631	25	6	80	0.0750000
NODE_7902_length_939_cov_24.246429	604	684	4	12	80	0.1500000
NODE_7902_length_939_cov_24.246429	604	684	6	25	80	0.3125000
NODE_7902_length_939_cov_24.246429	604	684	10	4	80	0.0500000
NODE_7902_length_939_cov_24.246429	604	684	12	10	80	0.1250000
NODE_7902_length_939_cov_24.246429	604	684	21	1	80	0.0125000
NODE_7902_length_939_cov_24.246429	604	684	22	2	80	0.0250000
NODE_7902_length_939_cov_24.246429	604	684	23	20	80	0.2500000
NODE_7902_length_939_cov_24.246429	604	684	25	6	80	0.0750000
NODE_7903_length_939_cov_21.141667	368	448	0	4	80	0.0500000
NODE_7903_length_939_cov_21.141667	368	448	2	5	80	0.0625000
NODE_7903_length_939_cov_21.141667	368	448	4	71	80	0.8875000
NODE_7903_length_939_cov_21.141667	421	501	0	32	80	0.4000000
NODE_7903_length_939_cov_21.141667	421	501	2	17	80	0.2125000
NODE_7903_length_939_cov_21.141667	421	501	4	31	80	0.3875000
NODE_7904_length_939_cov_16.425000	327	407	4	5	80	0.0625000
NODE_7904_length_939_cov_16.425000	327	407	6	19	80	0.2375000
NODE_7904_length_939_cov_16.425000	327	407	8	27	80	0.3375000
NODE_7904_length_939_cov_16.425000	327	407	10	29	80	0.3625000
NODE_7904_length_939_cov_16.425000	380	460	2	7	80	0.0875000
NODE_7904_length_939_cov_16.425000	380	460	4	27	80	0.3375000
NODE_7904_length_939_cov_16.425000	380	460	8	25	80	0.3125000
NODE_7904_length_939_cov_16.425000	380	460	10	21	80	0.2625000
NODE_7905_length_939_cov_13.828571	469	548	0	79	79	1.0000000
NODE_7905_length_939_cov_13.828571	522	603	0	81	81	1.0000000
NODE_7906_length_939_cov_13.521429	402	482	8	40	80	0.5000000
NODE_7906_length_939_cov_13.521429	402	482	10	40	80	0.5000000
NODE_7906_length_939_cov_13.521429	455	535	0	37	80	0.4625000
NODE_7906_length_939_cov_13.521429	455	535	6	5	80	0.0625000
NODE_7906_length_939_cov_13.521429	455	535	8	38	80	0.4750000
NODE_7907_length_939_cov_12.955952	398	478	2	2	80	0.0250000
NODE_7907_length_939_cov_12.955952	398	478	7	37	80	0.4625000
NODE_7907_length_939_cov_12.955952	398	478	9	9	80	0.1125000
NODE_7907_length_939_cov_12.955952	398	478	10	32	80	0.4000000
NODE_7907_length_939_cov_12.955952	451	531	2	7	80	0.0875000
NODE_7907_length_939_cov_12.955952	451	531	4	13	80	0.1625000
NODE_7907_length_939_cov_12.955952	451	531	8	17	80	0.2125000
NODE_7907_length_939_cov_12.955952	451	531	10	43	80	0.5375000
NODE_7908_length_939_cov_6.564286	523	545	4	22	22	1.0000000
NODE_7922_length_938_cov_44.458880	362	442	0	80	80	1.0000000
NODE_7922_length_938_cov_44.458880	415	495	0	80	80	1.0000000
NODE_7923_length_938_cov_44.435042	748	815	6	8	67	0.1194030
NODE_7923_length_938_cov_44.435042	748	815	8	31	67	0.4626866
NODE_7923_length_938_cov_44.435042	748	815	10	28	67	0.4179105
NODE_7924_length_938_cov_32.177592	466	546	10	2	80	0.0250000
NODE_7924_length_938_cov_32.177592	466	546	12	20	80	0.2500000
NODE_7924_length_938_cov_32.177592	466	546	16	9	80	0.1125000
NODE_7924_length_938_cov_32.177592	466	546	18	4	80	0.0500000
NODE_7924_length_938_cov_32.177592	466	546	20	18	80	0.2250000
NODE_7924_length_938_cov_32.177592	466	546	21	2	80	0.0250000
NODE_7924_length_938_cov_32.177592	466	546	23	17	80	0.2125000
NODE_7924_length_938_cov_32.177592	466	546	24	8	80	0.1000000
NODE_7924_length_938_cov_32.177592	519	599	8	28	80	0.3500000
NODE_7924_length_938_cov_32.177592	519	599	10	27	80	0.3375000
NODE_7924_length_938_cov_32.177592	519	599	12	20	80	0.2500000
NODE_7924_length_938_cov_32.177592	519	599	20	5	80	0.0625000
NODE_7925_length_938_cov_21.139452	474	554	4	2	80	0.0250000
NODE_7925_length_938_cov_21.139452	474	554	7	10	80	0.1250000
NODE_7925_length_938_cov_21.139452	474	554	8	68	80	0.8500000
NODE_7925_length_938_cov_21.139452	527	607	2	42	80	0.5250000
NODE_7925_length_938_cov_21.139452	527	607	4	6	80	0.0750000
NODE_7925_length_938_cov_21.139452	527	607	6	7	80	0.0875000
NODE_7925_length_938_cov_21.139452	527	607	7	10	80	0.1250000
NODE_7925_length_938_cov_21.139452	527	607	8	15	80	0.1875000
NODE_7927_length_938_cov_8.791418	300	380	0	80	80	1.0000000
NODE_7927_length_938_cov_8.791418	353	433	0	73	80	0.9125000
NODE_7927_length_938_cov_8.791418	353	433	2	7	80	0.0875000
NODE_7932_length_938_cov_2.693683	59	139	0	20	80	0.2500000
NODE_7932_length_938_cov_2.693683	59	139	2	60	80	0.7500000
NODE_7932_length_938_cov_2.693683	112	192	0	31	80	0.3875000
NODE_7932_length_938_cov_2.693683	112	192	2	49	80	0.6125000
NODE_7946_length_937_cov_31.890215	407	487	8	24	80	0.3000000
NODE_7946_length_937_cov_31.890215	407	487	10	6	80	0.0750000
NODE_7946_length_937_cov_31.890215	407	487	12	16	80	0.2000000
NODE_7946_length_937_cov_31.890215	407	487	14	34	80	0.4250000
NODE_7946_length_937_cov_31.890215	460	536	2	3	76	0.0394737
NODE_7946_length_937_cov_31.890215	460	536	4	10	76	0.1315790
NODE_7946_length_937_cov_31.890215	460	536	6	10	76	0.1315790
NODE_7946_length_937_cov_31.890215	460	536	8	4	76	0.0526316
NODE_7946_length_937_cov_31.890215	460	536	10	11	76	0.1447368
NODE_7946_length_937_cov_31.890215	460	536	14	29	76	0.3815790
NODE_7946_length_937_cov_31.890215	460	536	16	9	76	0.1184211
NODE_7947_length_937_cov_31.198091	425	505	22	21	80	0.2625000
NODE_7947_length_937_cov_31.198091	425	505	24	2	80	0.0250000
NODE_7947_length_937_cov_31.198091	425	505	28	21	80	0.2625000
NODE_7947_length_937_cov_31.198091	425	505	31	33	80	0.4125000
NODE_7947_length_937_cov_31.198091	425	505	32	3	80	0.0375000
NODE_7947_length_937_cov_31.198091	478	558	0	18	80	0.2250000
NODE_7947_length_937_cov_31.198091	478	558	9	1	80	0.0125000
NODE_7947_length_937_cov_31.198091	478	558	13	7	80	0.0875000
NODE_7947_length_937_cov_31.198091	478	558	16	1	80	0.0125000
NODE_7947_length_937_cov_31.198091	478	558	17	1	80	0.0125000
NODE_7947_length_937_cov_31.198091	478	558	27	1	80	0.0125000
NODE_7947_length_937_cov_31.198091	478	558	31	51	80	0.6375000
NODE_7948_length_937_cov_29.742243	296	376	0	31	80	0.3875000
NODE_7948_length_937_cov_29.742243	296	376	2	49	80	0.6125000
NODE_7948_length_937_cov_29.742243	349	429	2	44	80	0.5500000
NODE_7948_length_937_cov_29.742243	349	429	6	2	80	0.0250000
NODE_7948_length_937_cov_29.742243	349	429	9	1	80	0.0125000
NODE_7948_length_937_cov_29.742243	349	429	10	33	80	0.4125000
NODE_7948_length_937_cov_29.742243	425	505	10	19	80	0.2375000
NODE_7948_length_937_cov_29.742243	425	505	12	25	80	0.3125000
NODE_7948_length_937_cov_29.742243	425	505	14	7	80	0.0875000
NODE_7948_length_937_cov_29.742243	425	505	16	29	80	0.3625000
NODE_7948_length_937_cov_29.742243	478	558	4	13	80	0.1625000
NODE_7948_length_937_cov_29.742243	478	558	8	2	80	0.0250000
NODE_7948_length_937_cov_29.742243	478	558	12	29	80	0.3625000
NODE_7948_length_937_cov_29.742243	478	558	14	16	80	0.2000000
NODE_7948_length_937_cov_29.742243	478	558	16	20	80	0.2500000
NODE_7950_length_937_cov_26.153938	487	567	2	7	80	0.0875000
NODE_7950_length_937_cov_26.153938	487	567	8	43	80	0.5375000
NODE_7950_length_937_cov_26.153938	487	567	10	30	80	0.3750000
NODE_7950_length_937_cov_26.153938	540	620	0	53	80	0.6625000
NODE_7950_length_937_cov_26.153938	540	620	2	7	80	0.0875000
NODE_7950_length_937_cov_26.153938	540	620	8	20	80	0.2500000
NODE_7951_length_937_cov_20.898568	515	595	0	80	80	1.0000000
NODE_7951_length_937_cov_20.898568	568	648	0	80	80	1.0000000
NODE_7952_length_937_cov_20.502387	181	261	11	8	80	0.1000000
NODE_7952_length_937_cov_20.502387	181	261	13	2	80	0.0250000
NODE_7952_length_937_cov_20.502387	181	261	16	2	80	0.0250000
NODE_7952_length_937_cov_20.502387	181	261	18	45	80	0.5625000
NODE_7952_length_937_cov_20.502387	181	261	19	1	80	0.0125000
NODE_7952_length_937_cov_20.502387	181	261	20	22	80	0.2750000
NODE_7952_length_937_cov_20.502387	234	314	2	23	80	0.2875000
NODE_7952_length_937_cov_20.502387	234	314	3	17	80	0.2125000
NODE_7952_length_937_cov_20.502387	234	314	4	4	80	0.0500000
NODE_7952_length_937_cov_20.502387	234	314	6	6	80	0.0750000
NODE_7952_length_937_cov_20.502387	234	314	11	11	80	0.1375000
NODE_7952_length_937_cov_20.502387	234	314	13	2	80	0.0250000
NODE_7952_length_937_cov_20.502387	234	314	19	1	80	0.0125000
NODE_7952_length_937_cov_20.502387	234	314	20	16	80	0.2000000
NODE_7952_length_937_cov_20.502387	310	390	0	40	80	0.5000000
NODE_7952_length_937_cov_20.502387	310	390	2	8	80	0.1000000
NODE_7952_length_937_cov_20.502387	310	390	4	16	80	0.2000000
NODE_7952_length_937_cov_20.502387	310	390	6	16	80	0.2000000
NODE_7952_length_937_cov_20.502387	363	443	4	11	80	0.1375000
NODE_7952_length_937_cov_20.502387	363	443	6	69	80	0.8625000
NODE_7953_length_937_cov_15.219570	526	606	4	8	80	0.1000000
NODE_7953_length_937_cov_15.219570	526	606	6	72	80	0.9000000
NODE_7953_length_937_cov_15.219570	579	659	0	32	80	0.4000000
NODE_7953_length_937_cov_15.219570	579	659	2	12	80	0.1500000
NODE_7953_length_937_cov_15.219570	579	659	6	36	80	0.4500000
NODE_7954_length_937_cov_9.633652	521	601	0	11	80	0.1375000
NODE_7954_length_937_cov_9.633652	521	601	5	15	80	0.1875000
NODE_7954_length_937_cov_9.633652	521	601	7	13	80	0.1625000
NODE_7954_length_937_cov_9.633652	521	601	11	7	80	0.0875000
NODE_7954_length_937_cov_9.633652	521	601	15	1	80	0.0125000
NODE_7954_length_937_cov_9.633652	521	601	16	33	80	0.4125000
NODE_7954_length_937_cov_9.633652	574	654	9	15	80	0.1875000
NODE_7954_length_937_cov_9.633652	574	654	13	16	80	0.2000000
NODE_7954_length_937_cov_9.633652	574	654	15	21	80	0.2625000
NODE_7954_length_937_cov_9.633652	574	654	16	28	80	0.3500000
NODE_7956_length_937_cov_6.630072	305	385	0	69	80	0.8625000
NODE_7956_length_937_cov_6.630072	305	385	2	2	80	0.0250000
NODE_7956_length_937_cov_6.630072	305	385	3	9	80	0.1125000
NODE_7956_length_937_cov_6.630072	358	438	0	16	80	0.2000000
NODE_7956_length_937_cov_6.630072	358	438	2	2	80	0.0250000
NODE_7956_length_937_cov_6.630072	358	438	3	41	80	0.5125000
NODE_7956_length_937_cov_6.630072	358	438	4	21	80	0.2625000
NODE_7957_length_937_cov_4.649165	470	550	0	80	80	1.0000000
NODE_7957_length_937_cov_4.649165	523	603	0	80	80	1.0000000
NODE_7969_length_936_cov_57.105137	267	347	2	15	80	0.1875000
NODE_7969_length_936_cov_57.105137	267	347	8	9	80	0.1125000
NODE_7969_length_936_cov_57.105137	267	347	10	56	80	0.7000000
NODE_7969_length_936_cov_57.105137	320	400	0	5	80	0.0625000
NODE_7969_length_936_cov_57.105137	320	400	2	63	80	0.7875000
NODE_7969_length_936_cov_57.105137	320	400	10	12	80	0.1500000
NODE_7969_length_936_cov_57.105137	396	476	2	4	80	0.0500000
NODE_7969_length_936_cov_57.105137	396	476	7	1	80	0.0125000
NODE_7969_length_936_cov_57.105137	396	476	8	32	80	0.4000000
NODE_7969_length_936_cov_57.105137	396	476	10	35	80	0.4375000
NODE_7969_length_936_cov_57.105137	396	476	14	8	80	0.1000000
NODE_7969_length_936_cov_57.105137	449	529	8	28	80	0.3500000
NODE_7969_length_936_cov_57.105137	449	529	10	9	80	0.1125000
NODE_7969_length_936_cov_57.105137	449	529	14	43	80	0.5375000
NODE_7970_length_936_cov_39.983274	433	513	14	26	80	0.3250000
NODE_7970_length_936_cov_39.983274	433	513	18	54	80	0.6750000
NODE_7970_length_936_cov_39.983274	486	566	0	23	80	0.2875000
NODE_7970_length_936_cov_39.983274	486	566	10	29	80	0.3625000
NODE_7970_length_936_cov_39.983274	486	566	14	27	80	0.3375000
NODE_7970_length_936_cov_39.983274	486	566	18	1	80	0.0125000
NODE_7971_length_936_cov_22.486260	534	614	3	33	80	0.4125000
NODE_7971_length_936_cov_22.486260	534	614	5	16	80	0.2000000
NODE_7971_length_936_cov_22.486260	534	614	8	31	80	0.3875000
NODE_7971_length_936_cov_22.486260	587	667	8	80	80	1.0000000
NODE_7972_length_936_cov_19.639188	409	489	0	49	80	0.6125000
NODE_7972_length_936_cov_19.639188	409	489	4	12	80	0.1500000
NODE_7972_length_936_cov_19.639188	409	489	6	16	80	0.2000000
NODE_7972_length_936_cov_19.639188	409	489	8	3	80	0.0375000
NODE_7972_length_936_cov_19.639188	462	542	4	8	80	0.1000000
NODE_7972_length_936_cov_19.639188	462	542	6	16	80	0.2000000
NODE_7972_length_936_cov_19.639188	462	542	8	56	80	0.7000000
NODE_7973_length_936_cov_15.083632	322	402	4	80	80	1.0000000
NODE_7973_length_936_cov_15.083632	375	455	0	34	80	0.4250000
NODE_7973_length_936_cov_15.083632	375	455	4	46	80	0.5750000
NODE_7974_length_936_cov_13.962963	356	424	6	28	68	0.4117647
NODE_7974_length_936_cov_13.962963	356	424	8	40	68	0.5882353
NODE_7975_length_936_cov_12.502987	447	527	0	80	80	1.0000000
NODE_7975_length_936_cov_12.502987	500	580	0	80	80	1.0000000
NODE_7976_length_936_cov_12.279570	340	420	0	80	80	1.0000000
NODE_7976_length_936_cov_12.279570	393	473	0	80	80	1.0000000
NODE_7977_length_936_cov_7.906810	587	667	2	53	80	0.6625000
NODE_7977_length_936_cov_7.906810	587	667	4	27	80	0.3375000
NODE_7977_length_936_cov_7.906810	640	720	2	63	80	0.7875000
NODE_7977_length_936_cov_7.906810	640	720	4	17	80	0.2125000
NODE_7978_length_936_cov_6.845878	322	402	0	25	80	0.3125000
NODE_7978_length_936_cov_6.845878	322	402	2	55	80	0.6875000
NODE_7978_length_936_cov_6.845878	375	455	0	15	80	0.1875000
NODE_7978_length_936_cov_6.845878	375	455	2	65	80	0.8125000
NODE_7979_length_936_cov_6.434886	556	635	6	79	79	1.0000000
NODE_7979_length_936_cov_6.434886	608	688	0	35	80	0.4375000
NODE_7979_length_936_cov_6.434886	608	688	4	16	80	0.2000000
NODE_7979_length_936_cov_6.434886	608	688	6	29	80	0.3625000
NODE_7993_length_935_cov_38.209330	57	137	70	4	80	0.0500000
NODE_7993_length_935_cov_38.209330	57	137	72	1	80	0.0125000
NODE_7993_length_935_cov_38.209330	57	137	74	2	80	0.0250000
NODE_7993_length_935_cov_38.209330	57	137	76	1	80	0.0125000
NODE_7993_length_935_cov_38.209330	57	137	80	3	80	0.0375000
NODE_7993_length_935_cov_38.209330	57	137	84	1	80	0.0125000
NODE_7993_length_935_cov_38.209330	57	137	86	1	80	0.0125000
NODE_7993_length_935_cov_38.209330	57	137	88	3	80	0.0375000
NODE_7993_length_935_cov_38.209330	57	137	90	4	80	0.0500000
NODE_7993_length_935_cov_38.209330	57	137	92	60	80	0.7500000
NODE_7994_length_935_cov_27.306220	439	519	23	1	80	0.0125000
NODE_7994_length_935_cov_27.306220	439	519	27	32	80	0.4000000
NODE_7994_length_935_cov_27.306220	439	519	35	7	80	0.0875000
NODE_7994_length_935_cov_27.306220	439	519	36	2	80	0.0250000
NODE_7994_length_935_cov_27.306220	439	519	49	1	80	0.0125000
NODE_7994_length_935_cov_27.306220	439	519	50	9	80	0.1125000
NODE_7994_length_935_cov_27.306220	439	519	54	6	80	0.0750000
NODE_7994_length_935_cov_27.306220	439	519	56	13	80	0.1625000
NODE_7994_length_935_cov_27.306220	439	519	57	9	80	0.1125000
NODE_7994_length_935_cov_27.306220	492	572	34	28	80	0.3500000
NODE_7994_length_935_cov_27.306220	492	572	46	1	80	0.0125000
NODE_7994_length_935_cov_27.306220	492	572	47	14	80	0.1750000
NODE_7994_length_935_cov_27.306220	492	572	48	5	80	0.0625000
NODE_7994_length_935_cov_27.306220	492	572	49	6	80	0.0750000
NODE_7994_length_935_cov_27.306220	492	572	50	9	80	0.1125000
NODE_7994_length_935_cov_27.306220	492	572	54	6	80	0.0750000
NODE_7994_length_935_cov_27.306220	492	572	56	11	80	0.1375000
NODE_7995_length_935_cov_26.562201	321	401	4	59	80	0.7375000
NODE_7995_length_935_cov_26.562201	321	401	5	10	80	0.1250000
NODE_7995_length_935_cov_26.562201	321	401	6	11	80	0.1375000
NODE_7995_length_935_cov_26.562201	374	454	3	4	80	0.0500000
NODE_7995_length_935_cov_26.562201	374	454	4	26	80	0.3250000
NODE_7995_length_935_cov_26.562201	374	454	5	15	80	0.1875000
NODE_7995_length_935_cov_26.562201	374	454	6	12	80	0.1500000
NODE_7995_length_935_cov_26.562201	374	454	7	6	80	0.0750000
NODE_7995_length_935_cov_26.562201	374	454	10	7	80	0.0875000
NODE_7995_length_935_cov_26.562201	374	454	11	10	80	0.1250000
NODE_7995_length_935_cov_26.562201	450	530	8	12	80	0.1500000
NODE_7995_length_935_cov_26.562201	450	530	10	68	80	0.8500000
NODE_7995_length_935_cov_26.562201	503	583	6	3	80	0.0375000
NODE_7995_length_935_cov_26.562201	503	583	8	2	80	0.0250000
NODE_7995_length_935_cov_26.562201	503	583	10	75	80	0.9375000
NODE_7996_length_935_cov_25.098086	356	436	0	48	80	0.6000000
NODE_7996_length_935_cov_25.098086	356	436	28	9	80	0.1125000
NODE_7996_length_935_cov_25.098086	356	436	38	23	80	0.2875000
NODE_7996_length_935_cov_25.098086	409	489	28	4	80	0.0500000
NODE_7996_length_935_cov_25.098086	409	489	35	21	80	0.2625000
NODE_7996_length_935_cov_25.098086	409	489	36	2	80	0.0250000
NODE_7996_length_935_cov_25.098086	409	489	37	5	80	0.0625000
NODE_7996_length_935_cov_25.098086	409	489	38	48	80	0.6000000
NODE_7997_length_935_cov_24.316986	467	547	6	10	80	0.1250000
NODE_7997_length_935_cov_24.316986	467	547	8	64	80	0.8000000
NODE_7997_length_935_cov_24.316986	467	547	12	4	80	0.0500000
NODE_7997_length_935_cov_24.316986	467	547	16	2	80	0.0250000
NODE_7997_length_935_cov_24.316986	520	600	8	21	80	0.2625000
NODE_7997_length_935_cov_24.316986	520	600	10	18	80	0.2250000
NODE_7997_length_935_cov_24.316986	520	600	12	4	80	0.0500000
NODE_7997_length_935_cov_24.316986	520	600	14	5	80	0.0625000
NODE_7997_length_935_cov_24.316986	520	600	16	32	80	0.4000000
NODE_7998_length_935_cov_19.221292	397	477	0	80	80	1.0000000
NODE_7998_length_935_cov_19.221292	450	530	0	44	80	0.5500000
NODE_7998_length_935_cov_19.221292	450	530	4	36	80	0.4500000
NODE_7999_length_935_cov_15.016746	404	484	0	14	80	0.1750000
NODE_7999_length_935_cov_15.016746	404	484	2	66	80	0.8250000
NODE_7999_length_935_cov_15.016746	457	537	2	80	80	1.0000000
NODE_8000_length_935_cov_13.138756	341	421	0	56	80	0.7000000
NODE_8000_length_935_cov_13.138756	341	421	5	1	80	0.0125000
NODE_8000_length_935_cov_13.138756	341	421	6	23	80	0.2875000
NODE_8000_length_935_cov_13.138756	394	474	0	3	80	0.0375000
NODE_8000_length_935_cov_13.138756	394	474	5	1	80	0.0125000
NODE_8000_length_935_cov_13.138756	394	474	6	76	80	0.9500000
NODE_8002_length_935_cov_6.485646	512	592	0	13	80	0.1625000
NODE_8002_length_935_cov_6.485646	512	592	2	67	80	0.8375000
NODE_8002_length_935_cov_6.485646	565	645	0	11	80	0.1375000
NODE_8002_length_935_cov_6.485646	565	645	2	69	80	0.8625000
NODE_8003_length_935_cov_6.467703	250	330	2	56	80	0.7000000
NODE_8003_length_935_cov_6.467703	250	330	4	24	80	0.3000000
NODE_8003_length_935_cov_6.467703	303	383	2	43	80	0.5375000
NODE_8003_length_935_cov_6.467703	303	383	4	37	80	0.4625000
NODE_8004_length_935_cov_6.144737	478	558	0	80	80	1.0000000
NODE_8004_length_935_cov_6.144737	531	611	0	80	80	1.0000000
NODE_8005_length_935_cov_3.905502	39	119	0	80	80	1.0000000
NODE_8005_length_935_cov_3.905502	92	166	0	74	74	1.0000000
NODE_8028_length_934_cov_22.898204	403	483	2	15	80	0.1875000
NODE_8028_length_934_cov_22.898204	403	483	4	42	80	0.5250000
NODE_8028_length_934_cov_22.898204	403	483	10	16	80	0.2000000
NODE_8028_length_934_cov_22.898204	403	483	14	7	80	0.0875000
NODE_8028_length_934_cov_22.898204	456	536	4	4	80	0.0500000
NODE_8028_length_934_cov_22.898204	456	536	10	25	80	0.3125000
NODE_8028_length_934_cov_22.898204	456	536	12	17	80	0.2125000
NODE_8028_length_934_cov_22.898204	456	536	14	34	80	0.4250000
NODE_8029_length_934_cov_17.746108	246	326	5	7	80	0.0875000
NODE_8029_length_934_cov_17.746108	246	326	10	1	80	0.0125000
NODE_8029_length_934_cov_17.746108	246	326	11	21	80	0.2625000
NODE_8029_length_934_cov_17.746108	246	326	13	6	80	0.0750000
NODE_8029_length_934_cov_17.746108	246	326	14	17	80	0.2125000
NODE_8029_length_934_cov_17.746108	246	326	16	28	80	0.3500000
NODE_8029_length_934_cov_17.746108	299	379	8	12	80	0.1500000
NODE_8029_length_934_cov_17.746108	299	379	10	26	80	0.3250000
NODE_8029_length_934_cov_17.746108	299	379	14	12	80	0.1500000
NODE_8029_length_934_cov_17.746108	299	379	16	30	80	0.3750000
NODE_8030_length_934_cov_16.049102	367	447	6	11	80	0.1375000
NODE_8030_length_934_cov_16.049102	367	447	14	58	80	0.7250000
NODE_8030_length_934_cov_16.049102	367	447	16	11	80	0.1375000
NODE_8030_length_934_cov_16.049102	420	500	12	48	80	0.6000000
NODE_8030_length_934_cov_16.049102	420	500	14	18	80	0.2250000
NODE_8030_length_934_cov_16.049102	420	500	16	14	80	0.1750000
NODE_8031_length_934_cov_13.738922	379	459	12	80	80	1.0000000
NODE_8031_length_934_cov_13.738922	432	459	12	27	27	1.0000000
NODE_8031_length_934_cov_13.738922	470	512	0	15	42	0.3571429
NODE_8031_length_934_cov_13.738922	470	512	3	1	42	0.0238095
NODE_8031_length_934_cov_13.738922	470	512	8	26	42	0.6190476
NODE_8032_length_934_cov_9.091018	407	487	0	80	80	1.0000000
NODE_8032_length_934_cov_9.091018	460	540	0	80	80	1.0000000
NODE_8034_length_934_cov_5.349701	583	663	0	80	80	1.0000000
NODE_8050_length_933_cov_36.557554	462	542	0	73	80	0.9125000
NODE_8050_length_933_cov_36.557554	462	542	2	7	80	0.0875000
NODE_8050_length_933_cov_36.557554	515	595	0	20	80	0.2500000
NODE_8050_length_933_cov_36.557554	515	595	2	60	80	0.7500000
NODE_8051_length_933_cov_27.645084	476	556	2	24	80	0.3000000
NODE_8051_length_933_cov_27.645084	476	556	4	56	80	0.7000000
NODE_8051_length_933_cov_27.645084	529	609	0	49	80	0.6125000
NODE_8051_length_933_cov_27.645084	529	609	2	28	80	0.3500000
NODE_8051_length_933_cov_27.645084	529	609	4	3	80	0.0375000
NODE_8052_length_933_cov_26.749400	611	691	0	49	80	0.6125000
NODE_8052_length_933_cov_26.749400	611	691	2	31	80	0.3875000
NODE_8052_length_933_cov_26.749400	664	744	2	48	80	0.6000000
NODE_8052_length_933_cov_26.749400	664	744	3	7	80	0.0875000
NODE_8052_length_933_cov_26.749400	664	744	5	25	80	0.3125000
NODE_8053_length_933_cov_26.308153	430	510	0	80	80	1.0000000
NODE_8053_length_933_cov_26.308153	483	563	0	80	80	1.0000000
NODE_8054_length_933_cov_19.966427	444	530	0	86	86	1.0000000
NODE_8054_length_933_cov_19.966427	497	583	0	86	86	1.0000000
NODE_8055_length_933_cov_16.870504	284	364	0	22	80	0.2750000
NODE_8055_length_933_cov_16.870504	284	364	4	27	80	0.3375000
NODE_8055_length_933_cov_16.870504	284	364	6	31	80	0.3875000
NODE_8055_length_933_cov_16.870504	337	415	2	4	78	0.0512821
NODE_8055_length_933_cov_16.870504	337	415	6	74	78	0.9487180
NODE_8056_length_933_cov_16.699041	366	446	2	39	80	0.4875000
NODE_8056_length_933_cov_16.699041	366	446	7	3	80	0.0375000
NODE_8056_length_933_cov_16.699041	366	446	9	7	80	0.0875000
NODE_8056_length_933_cov_16.699041	366	446	14	31	80	0.3875000
NODE_8056_length_933_cov_16.699041	419	499	12	18	80	0.2250000
NODE_8056_length_933_cov_16.699041	419	499	14	62	80	0.7750000
NODE_8057_length_933_cov_11.171463	197	277	0	80	80	1.0000000
NODE_8057_length_933_cov_11.171463	250	330	0	80	80	1.0000000
NODE_8073_length_932_cov_26.656663	397	477	8	13	80	0.1625000
NODE_8073_length_932_cov_26.656663	397	477	10	67	80	0.8375000
NODE_8073_length_932_cov_26.656663	450	530	2	12	80	0.1500000
NODE_8073_length_932_cov_26.656663	450	530	3	37	80	0.4625000
NODE_8073_length_932_cov_26.656663	450	530	4	2	80	0.0250000
NODE_8073_length_932_cov_26.656663	450	530	6	2	80	0.0250000
NODE_8073_length_932_cov_26.656663	450	530	8	9	80	0.1125000
NODE_8073_length_932_cov_26.656663	450	530	10	18	80	0.2250000
NODE_8074_length_932_cov_16.581032	407	485	4	8	78	0.1025641
NODE_8074_length_932_cov_16.581032	407	485	6	3	78	0.0384615
NODE_8074_length_932_cov_16.581032	407	485	8	11	78	0.1410256
NODE_8074_length_932_cov_16.581032	407	485	10	56	78	0.7179487
NODE_8074_length_932_cov_16.581032	460	538	0	8	78	0.1025641
NODE_8074_length_932_cov_16.581032	460	538	2	18	78	0.2307692
NODE_8074_length_932_cov_16.581032	460	538	4	35	78	0.4487180
NODE_8074_length_932_cov_16.581032	460	538	6	3	78	0.0384615
NODE_8074_length_932_cov_16.581032	460	538	10	14	78	0.1794872
NODE_8075_length_932_cov_13.462185	413	493	8	13	80	0.1625000
NODE_8075_length_932_cov_13.462185	413	493	10	25	80	0.3125000
NODE_8075_length_932_cov_13.462185	413	493	12	42	80	0.5250000
NODE_8075_length_932_cov_13.462185	466	546	2	31	80	0.3875000
NODE_8075_length_932_cov_13.462185	466	546	6	4	80	0.0500000
NODE_8075_length_932_cov_13.462185	466	546	10	27	80	0.3375000
NODE_8075_length_932_cov_13.462185	466	546	12	18	80	0.2250000
NODE_8076_length_932_cov_13.442977	386	466	1	18	80	0.2250000
NODE_8076_length_932_cov_13.442977	386	466	2	62	80	0.7750000
NODE_8076_length_932_cov_13.442977	439	519	2	80	80	1.0000000
NODE_8077_length_932_cov_11.947179	344	424	0	80	80	1.0000000
NODE_8077_length_932_cov_11.947179	397	477	0	80	80	1.0000000
NODE_8079_length_932_cov_10.849940	409	489	4	62	80	0.7750000
NODE_8079_length_932_cov_10.849940	409	489	8	10	80	0.1250000
NODE_8079_length_932_cov_10.849940	409	489	9	5	80	0.0625000
NODE_8079_length_932_cov_10.849940	409	489	10	3	80	0.0375000
NODE_8079_length_932_cov_10.849940	462	542	4	9	80	0.1125000
NODE_8079_length_932_cov_10.849940	462	542	6	44	80	0.5500000
NODE_8079_length_932_cov_10.849940	462	542	8	10	80	0.1250000
NODE_8079_length_932_cov_10.849940	462	542	9	14	80	0.1750000
NODE_8079_length_932_cov_10.849940	462	542	10	3	80	0.0375000
NODE_8080_length_932_cov_10.174070	342	422	9	16	80	0.2000000
NODE_8080_length_932_cov_10.174070	342	422	12	23	80	0.2875000
NODE_8080_length_932_cov_10.174070	342	422	13	41	80	0.5125000
NODE_8080_length_932_cov_10.174070	395	475	4	5	80	0.0625000
NODE_8080_length_932_cov_10.174070	395	475	7	37	80	0.4625000
NODE_8080_length_932_cov_10.174070	395	475	13	38	80	0.4750000
NODE_8082_length_932_cov_9.200480	184	264	0	80	80	1.0000000
NODE_8082_length_932_cov_9.200480	237	317	0	80	80	1.0000000
NODE_8090_length_932_cov_2.689076	598	676	2	45	78	0.5769231
NODE_8090_length_932_cov_2.689076	598	676	4	3	78	0.0384615
NODE_8090_length_932_cov_2.689076	598	676	5	24	78	0.3076923
NODE_8090_length_932_cov_2.689076	598	676	6	6	78	0.0769231
NODE_8090_length_932_cov_2.689076	798	845	0	26	47	0.5531915
NODE_8090_length_932_cov_2.689076	798	845	2	21	47	0.4468085
NODE_8103_length_931_cov_51.451923	320	400	0	80	80	1.0000000
NODE_8103_length_931_cov_51.451923	373	453	0	80	80	1.0000000
NODE_8104_length_931_cov_46.621394	527	607	12	4	80	0.0500000
NODE_8104_length_931_cov_46.621394	527	607	13	18	80	0.2250000
NODE_8104_length_931_cov_46.621394	527	607	15	7	80	0.0875000
NODE_8104_length_931_cov_46.621394	527	607	20	2	80	0.0250000
NODE_8104_length_931_cov_46.621394	527	607	22	15	80	0.1875000
NODE_8104_length_931_cov_46.621394	527	607	24	24	80	0.3000000
NODE_8104_length_931_cov_46.621394	527	607	25	10	80	0.1250000
NODE_8104_length_931_cov_46.621394	580	660	11	7	80	0.0875000
NODE_8104_length_931_cov_46.621394	580	660	13	6	80	0.0750000
NODE_8104_length_931_cov_46.621394	580	660	20	32	80	0.4000000
NODE_8104_length_931_cov_46.621394	580	660	24	31	80	0.3875000
NODE_8104_length_931_cov_46.621394	580	660	25	4	80	0.0500000
NODE_8105_length_931_cov_36.334135	347	427	5	2	80	0.0250000
NODE_8105_length_931_cov_36.334135	347	427	6	49	80	0.6125000
NODE_8105_length_931_cov_36.334135	347	427	8	6	80	0.0750000
NODE_8105_length_931_cov_36.334135	347	427	10	22	80	0.2750000
NODE_8105_length_931_cov_36.334135	347	427	12	1	80	0.0125000
NODE_8105_length_931_cov_36.334135	400	480	6	3	80	0.0375000
NODE_8105_length_931_cov_36.334135	400	480	8	4	80	0.0500000
NODE_8105_length_931_cov_36.334135	400	480	10	22	80	0.2750000
NODE_8105_length_931_cov_36.334135	400	480	12	51	80	0.6375000
NODE_8106_length_931_cov_32.495192	482	562	2	80	80	1.0000000
NODE_8106_length_931_cov_32.495192	535	617	0	53	82	0.6463414
NODE_8106_length_931_cov_32.495192	535	617	2	29	82	0.3536585
NODE_8107_length_931_cov_22.100962	375	455	6	9	80	0.1125000
NODE_8107_length_931_cov_22.100962	375	455	8	16	80	0.2000000
NODE_8107_length_931_cov_22.100962	375	455	10	55	80	0.6875000
NODE_8107_length_931_cov_22.100962	428	508	0	17	80	0.2125000
NODE_8107_length_931_cov_22.100962	428	508	2	13	80	0.1625000
NODE_8107_length_931_cov_22.100962	428	508	4	2	80	0.0250000
NODE_8107_length_931_cov_22.100962	428	508	6	18	80	0.2250000
NODE_8107_length_931_cov_22.100962	428	508	8	19	80	0.2375000
NODE_8107_length_931_cov_22.100962	428	508	10	11	80	0.1375000
NODE_8108_length_931_cov_21.781250	347	427	0	58	80	0.7250000
NODE_8108_length_931_cov_21.781250	347	427	4	6	80	0.0750000
NODE_8108_length_931_cov_21.781250	347	427	6	16	80	0.2000000
NODE_8108_length_931_cov_21.781250	400	480	0	5	80	0.0625000
NODE_8108_length_931_cov_21.781250	400	480	4	6	80	0.0750000
NODE_8108_length_931_cov_21.781250	400	480	6	53	80	0.6625000
NODE_8108_length_931_cov_21.781250	400	480	8	16	80	0.2000000
NODE_8109_length_931_cov_19.084135	411	491	4	6	80	0.0750000
NODE_8109_length_931_cov_19.084135	411	491	8	74	80	0.9250000
NODE_8109_length_931_cov_19.084135	464	544	4	3	80	0.0375000
NODE_8109_length_931_cov_19.084135	464	544	5	10	80	0.1250000
NODE_8109_length_931_cov_19.084135	464	544	8	29	80	0.3625000
NODE_8109_length_931_cov_19.084135	464	544	9	31	80	0.3875000
NODE_8109_length_931_cov_19.084135	464	544	10	6	80	0.0750000
NODE_8109_length_931_cov_19.084135	464	544	12	1	80	0.0125000
NODE_8110_length_931_cov_14.879808	444	524	4	55	80	0.6875000
NODE_8110_length_931_cov_14.879808	444	524	10	6	80	0.0750000
NODE_8110_length_931_cov_14.879808	444	524	12	19	80	0.2375000
NODE_8110_length_931_cov_14.879808	497	577	4	2	80	0.0250000
NODE_8110_length_931_cov_14.879808	497	577	8	35	80	0.4375000
NODE_8110_length_931_cov_14.879808	497	577	10	24	80	0.3000000
NODE_8110_length_931_cov_14.879808	497	577	12	19	80	0.2375000
NODE_8111_length_931_cov_13.087740	759	800	0	41	41	1.0000000
NODE_8112_length_931_cov_10.534856	399	479	6	2	80	0.0250000
NODE_8112_length_931_cov_10.534856	399	479	10	78	80	0.9750000
NODE_8112_length_931_cov_10.534856	452	532	0	11	80	0.1375000
NODE_8112_length_931_cov_10.534856	452	532	4	22	80	0.2750000
NODE_8112_length_931_cov_10.534856	452	532	6	8	80	0.1000000
NODE_8112_length_931_cov_10.534856	452	532	10	39	80	0.4875000
NODE_8113_length_931_cov_9.865385	236	316	0	80	80	1.0000000
NODE_8113_length_931_cov_9.865385	289	369	0	80	80	1.0000000
NODE_8115_length_931_cov_6.201923	479	559	4	80	80	1.0000000
NODE_8115_length_931_cov_6.201923	532	612	2	21	80	0.2625000
NODE_8115_length_931_cov_6.201923	532	612	4	32	80	0.4000000
NODE_8115_length_931_cov_6.201923	532	612	6	27	80	0.3375000
NODE_8124_length_931_cov_1.780048	832	902	0	70	70	1.0000000
NODE_8126_length_931_cov_1.433894	220	284	2	46	64	0.7187500
NODE_8126_length_931_cov_1.433894	220	284	3	16	64	0.2500000
NODE_8126_length_931_cov_1.433894	220	284	4	2	64	0.0312500
NODE_8131_length_930_cov_49.052948	252	332	6	33	80	0.4125000
NODE_8131_length_930_cov_49.052948	252	332	8	4	80	0.0500000
NODE_8131_length_930_cov_49.052948	252	332	9	16	80	0.2000000
NODE_8131_length_930_cov_49.052948	252	332	10	27	80	0.3375000
NODE_8131_length_930_cov_49.052948	305	385	2	22	80	0.2750000
NODE_8131_length_930_cov_49.052948	305	385	6	6	80	0.0750000
NODE_8131_length_930_cov_49.052948	305	385	7	3	80	0.0375000
NODE_8131_length_930_cov_49.052948	305	385	8	12	80	0.1500000
NODE_8131_length_930_cov_49.052948	305	385	9	26	80	0.3250000
NODE_8131_length_930_cov_49.052948	305	385	10	11	80	0.1375000
NODE_8131_length_930_cov_49.052948	381	462	6	30	81	0.3703704
NODE_8131_length_930_cov_49.052948	381	462	8	6	81	0.0740741
NODE_8131_length_930_cov_49.052948	381	462	10	45	81	0.5555556
NODE_8131_length_930_cov_49.052948	435	515	4	16	80	0.2000000
NODE_8131_length_930_cov_49.052948	435	515	6	42	80	0.5250000
NODE_8131_length_930_cov_49.052948	435	515	10	22	80	0.2750000
NODE_8132_length_930_cov_31.510229	400	482	2	8	82	0.0975610
NODE_8132_length_930_cov_31.510229	400	482	6	8	82	0.0975610
NODE_8132_length_930_cov_31.510229	400	482	8	38	82	0.4634146
NODE_8132_length_930_cov_31.510229	400	482	10	28	82	0.3414634
NODE_8132_length_930_cov_31.510229	453	535	2	61	82	0.7439024
NODE_8132_length_930_cov_31.510229	453	535	6	8	82	0.0975610
NODE_8132_length_930_cov_31.510229	453	535	8	13	82	0.1585366
NODE_8133_length_930_cov_29.139591	329	409	14	3	80	0.0375000
NODE_8133_length_930_cov_29.139591	329	409	20	21	80	0.2625000
NODE_8133_length_930_cov_29.139591	329	409	22	56	80	0.7000000
NODE_8133_length_930_cov_29.139591	382	462	2	25	80	0.3125000
NODE_8133_length_930_cov_29.139591	382	462	14	31	80	0.3875000
NODE_8133_length_930_cov_29.139591	382	462	20	19	80	0.2375000
NODE_8133_length_930_cov_29.139591	382	462	22	5	80	0.0625000
NODE_8134_length_930_cov_24.787004	518	598	4	2	80	0.0250000
NODE_8134_length_930_cov_24.787004	518	598	6	40	80	0.5000000
NODE_8134_length_930_cov_24.787004	518	598	8	38	80	0.4750000
NODE_8134_length_930_cov_24.787004	571	651	4	41	80	0.5125000
NODE_8134_length_930_cov_24.787004	571	651	6	39	80	0.4875000
NODE_8135_length_930_cov_24.608905	300	380	8	80	80	1.0000000
NODE_8135_length_930_cov_24.608905	353	433	2	14	80	0.1750000
NODE_8135_length_930_cov_24.608905	353	433	3	8	80	0.1000000
NODE_8135_length_930_cov_24.608905	353	433	6	1	80	0.0125000
NODE_8135_length_930_cov_24.608905	353	433	7	22	80	0.2750000
NODE_8135_length_930_cov_24.608905	353	433	8	35	80	0.4375000
NODE_8136_length_930_cov_16.494585	482	562	0	18	80	0.2250000
NODE_8136_length_930_cov_16.494585	482	562	4	37	80	0.4625000
NODE_8136_length_930_cov_16.494585	482	562	6	20	80	0.2500000
NODE_8136_length_930_cov_16.494585	482	562	8	4	80	0.0500000
NODE_8136_length_930_cov_16.494585	482	562	12	1	80	0.0125000
NODE_8136_length_930_cov_16.494585	535	615	4	2	80	0.0250000
NODE_8136_length_930_cov_16.494585	535	615	6	20	80	0.2500000
NODE_8136_length_930_cov_16.494585	535	615	8	23	80	0.2875000
NODE_8136_length_930_cov_16.494585	535	615	12	35	80	0.4375000
NODE_8137_length_930_cov_13.296029	249	329	2	80	80	1.0000000
NODE_8137_length_930_cov_13.296029	302	382	2	62	80	0.7750000
NODE_8137_length_930_cov_13.296029	302	382	4	18	80	0.2250000
NODE_8137_length_930_cov_13.296029	378	458	2	8	80	0.1000000
NODE_8137_length_930_cov_13.296029	378	458	4	32	80	0.4000000
NODE_8137_length_930_cov_13.296029	378	458	8	7	80	0.0875000
NODE_8137_length_930_cov_13.296029	378	458	10	33	80	0.4125000
NODE_8137_length_930_cov_13.296029	431	511	6	19	80	0.2375000
NODE_8137_length_930_cov_13.296029	431	511	8	33	80	0.4125000
NODE_8137_length_930_cov_13.296029	431	511	10	28	80	0.3500000
NODE_8138_length_930_cov_11.758123	463	543	0	80	80	1.0000000
NODE_8138_length_930_cov_11.758123	516	596	0	80	80	1.0000000
NODE_8139_length_930_cov_7.576414	531	611	0	80	80	1.0000000
NODE_8139_length_930_cov_7.576414	584	664	0	80	80	1.0000000
NODE_8156_length_930_cov_0.821901	676	736	0	60	60	1.0000000
NODE_8157_length_929_cov_54.485542	313	393	2	3	80	0.0375000
NODE_8157_length_929_cov_54.485542	313	393	10	38	80	0.4750000
NODE_8157_length_929_cov_54.485542	313	393	11	1	80	0.0125000
NODE_8157_length_929_cov_54.485542	313	393	12	38	80	0.4750000
NODE_8157_length_929_cov_54.485542	366	446	0	10	80	0.1250000
NODE_8157_length_929_cov_54.485542	366	446	10	70	80	0.8750000
NODE_8157_length_929_cov_54.485542	442	522	0	35	80	0.4375000
NODE_8157_length_929_cov_54.485542	442	522	2	45	80	0.5625000
NODE_8157_length_929_cov_54.485542	495	575	0	2	80	0.0250000
NODE_8157_length_929_cov_54.485542	495	575	2	78	80	0.9750000
NODE_8158_length_929_cov_49.865060	429	509	4	38	80	0.4750000
NODE_8158_length_929_cov_49.865060	429	509	8	17	80	0.2125000
NODE_8158_length_929_cov_49.865060	429	509	18	8	80	0.1000000
NODE_8158_length_929_cov_49.865060	429	509	19	13	80	0.1625000
NODE_8158_length_929_cov_49.865060	429	509	21	4	80	0.0500000
NODE_8158_length_929_cov_49.865060	482	562	8	2	80	0.0250000
NODE_8158_length_929_cov_49.865060	482	562	18	8	80	0.1000000
NODE_8158_length_929_cov_49.865060	482	562	19	13	80	0.1625000
NODE_8158_length_929_cov_49.865060	482	562	21	8	80	0.1000000
NODE_8158_length_929_cov_49.865060	482	562	22	17	80	0.2125000
NODE_8158_length_929_cov_49.865060	482	562	25	9	80	0.1125000
NODE_8158_length_929_cov_49.865060	482	562	26	23	80	0.2875000
NODE_8159_length_929_cov_34.634940	358	438	0	5	80	0.0625000
NODE_8159_length_929_cov_34.634940	358	438	2	1	80	0.0125000
NODE_8159_length_929_cov_34.634940	358	438	3	58	80	0.7250000
NODE_8159_length_929_cov_34.634940	358	438	6	16	80	0.2000000
NODE_8159_length_929_cov_34.634940	411	491	0	58	80	0.7250000
NODE_8159_length_929_cov_34.634940	411	491	2	1	80	0.0125000
NODE_8159_length_929_cov_34.634940	411	491	3	21	80	0.2625000
NODE_8161_length_929_cov_20.815663	365	445	0	23	80	0.2875000
NODE_8161_length_929_cov_20.815663	365	445	2	50	80	0.6250000
NODE_8161_length_929_cov_20.815663	365	445	4	7	80	0.0875000
NODE_8161_length_929_cov_20.815663	418	498	2	37	80	0.4625000
NODE_8161_length_929_cov_20.815663	418	498	4	43	80	0.5375000
NODE_8162_length_929_cov_17.798795	376	456	0	60	80	0.7500000
NODE_8162_length_929_cov_17.798795	376	456	2	20	80	0.2500000
NODE_8162_length_929_cov_17.798795	429	509	0	7	80	0.0875000
NODE_8162_length_929_cov_17.798795	429	509	2	73	80	0.9125000
NODE_8163_length_929_cov_16.622892	331	408	0	77	77	1.0000000
NODE_8163_length_929_cov_16.622892	381	461	0	80	80	1.0000000
NODE_8163_length_929_cov_16.622892	457	537	0	8	80	0.1000000
NODE_8163_length_929_cov_16.622892	457	537	2	14	80	0.1750000
NODE_8163_length_929_cov_16.622892	457	537	4	58	80	0.7250000
NODE_8163_length_929_cov_16.622892	510	590	0	7	80	0.0875000
NODE_8163_length_929_cov_16.622892	510	590	2	5	80	0.0625000
NODE_8163_length_929_cov_16.622892	510	590	4	68	80	0.8500000
NODE_8164_length_929_cov_15.242169	302	382	2	19	80	0.2375000
NODE_8164_length_929_cov_15.242169	302	382	3	7	80	0.0875000
NODE_8164_length_929_cov_15.242169	302	382	7	17	80	0.2125000
NODE_8164_length_929_cov_15.242169	302	382	8	33	80	0.4125000
NODE_8164_length_929_cov_15.242169	302	382	12	4	80	0.0500000
NODE_8164_length_929_cov_15.242169	355	435	0	43	80	0.5375000
NODE_8164_length_929_cov_15.242169	355	435	1	6	80	0.0750000
NODE_8164_length_929_cov_15.242169	355	435	2	23	80	0.2875000
NODE_8164_length_929_cov_15.242169	355	435	3	7	80	0.0875000
NODE_8164_length_929_cov_15.242169	355	435	7	1	80	0.0125000
NODE_8164_length_929_cov_15.242169	431	511	0	80	80	1.0000000
NODE_8164_length_929_cov_15.242169	484	564	0	80	80	1.0000000
NODE_8165_length_929_cov_13.197590	259	339	2	40	80	0.5000000
NODE_8165_length_929_cov_13.197590	259	339	4	30	80	0.3750000
NODE_8165_length_929_cov_13.197590	259	339	6	10	80	0.1250000
NODE_8165_length_929_cov_13.197590	312	392	4	56	80	0.7000000
NODE_8165_length_929_cov_13.197590	312	392	6	24	80	0.3000000
NODE_8167_length_929_cov_7.766265	385	465	0	36	80	0.4500000
NODE_8167_length_929_cov_7.766265	385	465	2	44	80	0.5500000
NODE_8167_length_929_cov_7.766265	438	518	0	80	80	1.0000000
NODE_8168_length_929_cov_5.750602	382	462	2	30	80	0.3750000
NODE_8168_length_929_cov_5.750602	382	462	6	50	80	0.6250000
NODE_8168_length_929_cov_5.750602	435	515	0	8	80	0.1000000
NODE_8168_length_929_cov_5.750602	435	515	4	27	80	0.3375000
NODE_8168_length_929_cov_5.750602	435	515	5	3	80	0.0375000
NODE_8168_length_929_cov_5.750602	435	515	6	42	80	0.5250000
NODE_8181_length_928_cov_35.226779	273	353	0	7	80	0.0875000
NODE_8181_length_928_cov_35.226779	273	353	2	73	80	0.9125000
NODE_8181_length_928_cov_35.226779	326	406	0	33	80	0.4125000
NODE_8181_length_928_cov_35.226779	326	406	2	47	80	0.5875000
NODE_8181_length_928_cov_35.226779	402	482	2	27	80	0.3375000
NODE_8181_length_928_cov_35.226779	402	482	6	14	80	0.1750000
NODE_8181_length_928_cov_35.226779	402	482	8	39	80	0.4875000
NODE_8181_length_928_cov_35.226779	455	535	6	33	80	0.4125000
NODE_8181_length_928_cov_35.226779	455	535	8	47	80	0.5875000
NODE_8182_length_928_cov_25.218335	299	379	0	25	80	0.3125000
NODE_8182_length_928_cov_25.218335	299	379	1	1	80	0.0125000
NODE_8182_length_928_cov_25.218335	299	379	2	15	80	0.1875000
NODE_8182_length_928_cov_25.218335	299	379	4	39	80	0.4875000
NODE_8182_length_928_cov_25.218335	352	432	4	80	80	1.0000000
NODE_8183_length_928_cov_22.815440	342	422	0	80	80	1.0000000
NODE_8183_length_928_cov_22.815440	395	475	0	58	80	0.7250000
NODE_8183_length_928_cov_22.815440	395	475	2	22	80	0.2750000
NODE_8183_length_928_cov_22.815440	471	551	2	34	80	0.4250000
NODE_8183_length_928_cov_22.815440	471	551	4	40	80	0.5000000
NODE_8183_length_928_cov_22.815440	471	551	6	6	80	0.0750000
NODE_8183_length_928_cov_22.815440	524	604	4	21	80	0.2625000
NODE_8183_length_928_cov_22.815440	524	604	6	58	80	0.7250000
NODE_8183_length_928_cov_22.815440	524	604	8	1	80	0.0125000
NODE_8184_length_928_cov_20.718938	365	445	2	16	80	0.2000000
NODE_8184_length_928_cov_20.718938	365	445	6	19	80	0.2375000
NODE_8184_length_928_cov_20.718938	365	445	7	15	80	0.1875000
NODE_8184_length_928_cov_20.718938	365	445	8	30	80	0.3750000
NODE_8184_length_928_cov_20.718938	418	498	4	9	80	0.1125000
NODE_8184_length_928_cov_20.718938	418	498	6	3	80	0.0375000
NODE_8184_length_928_cov_20.718938	418	498	7	15	80	0.1875000
NODE_8184_length_928_cov_20.718938	418	498	8	53	80	0.6625000
NODE_8185_length_928_cov_19.418577	420	500	3	38	80	0.4750000
NODE_8185_length_928_cov_19.418577	420	500	4	42	80	0.5250000
NODE_8185_length_928_cov_19.418577	473	553	2	21	80	0.2625000
NODE_8185_length_928_cov_19.418577	473	553	3	17	80	0.2125000
NODE_8185_length_928_cov_19.418577	473	553	4	42	80	0.5250000
NODE_8185_length_928_cov_19.418577	549	591	4	42	42	1.0000000
NODE_8186_length_928_cov_13.354644	323	403	8	80	80	1.0000000
NODE_8186_length_928_cov_13.354644	376	456	0	35	80	0.4375000
NODE_8186_length_928_cov_13.354644	376	456	6	5	80	0.0625000
NODE_8186_length_928_cov_13.354644	376	456	8	40	80	0.5000000
NODE_8187_length_928_cov_13.096502	361	441	8	19	80	0.2375000
NODE_8187_length_928_cov_13.096502	361	441	12	61	80	0.7625000
NODE_8187_length_928_cov_13.096502	414	494	0	16	80	0.2000000
NODE_8187_length_928_cov_13.096502	414	494	2	3	80	0.0375000
NODE_8187_length_928_cov_13.096502	414	494	11	1	80	0.0125000
NODE_8187_length_928_cov_13.096502	414	494	12	60	80	0.7500000
NODE_8189_length_928_cov_10.399276	447	527	10	4	80	0.0500000
NODE_8189_length_928_cov_10.399276	447	527	12	16	80	0.2000000
NODE_8189_length_928_cov_10.399276	447	527	14	60	80	0.7500000
NODE_8189_length_928_cov_10.399276	500	580	0	17	80	0.2125000
NODE_8189_length_928_cov_10.399276	500	580	2	26	80	0.3250000
NODE_8189_length_928_cov_10.399276	500	580	4	4	80	0.0500000
NODE_8189_length_928_cov_10.399276	500	580	10	5	80	0.0625000
NODE_8189_length_928_cov_10.399276	500	580	14	28	80	0.3500000
NODE_8207_length_927_cov_19.516908	398	478	4	7	80	0.0875000
NODE_8207_length_927_cov_19.516908	398	478	6	42	80	0.5250000
NODE_8207_length_927_cov_19.516908	398	478	8	31	80	0.3875000
NODE_8207_length_927_cov_19.516908	451	531	2	19	80	0.2375000
NODE_8207_length_927_cov_19.516908	451	531	4	7	80	0.0875000
NODE_8207_length_927_cov_19.516908	451	531	6	54	80	0.6750000
NODE_8208_length_927_cov_11.190821	358	438	2	2	80	0.0250000
NODE_8208_length_927_cov_11.190821	358	438	6	78	80	0.9750000
NODE_8208_length_927_cov_11.190821	411	491	0	13	80	0.1625000
NODE_8208_length_927_cov_11.190821	411	491	2	42	80	0.5250000
NODE_8208_length_927_cov_11.190821	411	491	6	25	80	0.3125000
NODE_8209_length_927_cov_8.123188	239	319	0	80	80	1.0000000
NODE_8209_length_927_cov_8.123188	292	372	0	80	80	1.0000000
NODE_8210_length_927_cov_4.585749	515	595	0	80	80	1.0000000
NODE_8210_length_927_cov_4.585749	568	648	0	80	80	1.0000000
NODE_8222_length_927_cov_1.250000	626	706	0	80	80	1.0000000
NODE_8222_length_927_cov_1.250000	679	759	0	80	80	1.0000000
NODE_8227_length_926_cov_78.382104	433	513	2	54	80	0.6750000
NODE_8227_length_926_cov_78.382104	433	513	4	14	80	0.1750000
NODE_8227_length_926_cov_78.382104	433	513	5	1	80	0.0125000
NODE_8227_length_926_cov_78.382104	433	513	6	11	80	0.1375000
NODE_8227_length_926_cov_78.382104	486	566	2	1	80	0.0125000
NODE_8227_length_926_cov_78.382104	486	566	4	67	80	0.8375000
NODE_8227_length_926_cov_78.382104	486	566	5	1	80	0.0125000
NODE_8227_length_926_cov_78.382104	486	566	6	11	80	0.1375000
NODE_8228_length_926_cov_44.385732	383	463	7	25	80	0.3125000
NODE_8228_length_926_cov_44.385732	383	463	13	40	80	0.5000000
NODE_8228_length_926_cov_44.385732	383	463	14	15	80	0.1875000
NODE_8228_length_926_cov_44.385732	436	516	0	13	80	0.1625000
NODE_8228_length_926_cov_44.385732	436	516	5	11	80	0.1375000
NODE_8228_length_926_cov_44.385732	436	516	6	7	80	0.0875000
NODE_8228_length_926_cov_44.385732	436	516	12	11	80	0.1375000
NODE_8228_length_926_cov_44.385732	436	516	13	38	80	0.4750000
NODE_8229_length_926_cov_43.446191	362	442	5	9	80	0.1125000
NODE_8229_length_926_cov_43.446191	362	442	7	4	80	0.0500000
NODE_8229_length_926_cov_43.446191	362	442	10	18	80	0.2250000
NODE_8229_length_926_cov_43.446191	362	442	13	21	80	0.2625000
NODE_8229_length_926_cov_43.446191	362	442	15	28	80	0.3500000
NODE_8229_length_926_cov_43.446191	415	495	5	12	80	0.1500000
NODE_8229_length_926_cov_43.446191	415	495	7	4	80	0.0500000
NODE_8229_length_926_cov_43.446191	415	495	11	12	80	0.1500000
NODE_8229_length_926_cov_43.446191	415	495	12	7	80	0.0875000
NODE_8229_length_926_cov_43.446191	415	495	13	14	80	0.1750000
NODE_8229_length_926_cov_43.446191	415	495	21	22	80	0.2750000
NODE_8229_length_926_cov_43.446191	415	495	22	9	80	0.1125000
NODE_8229_length_926_cov_43.446191	491	571	11	23	80	0.2875000
NODE_8229_length_926_cov_43.446191	491	571	15	36	80	0.4500000
NODE_8229_length_926_cov_43.446191	491	571	16	13	80	0.1625000
NODE_8229_length_926_cov_43.446191	491	571	17	4	80	0.0500000
NODE_8229_length_926_cov_43.446191	491	571	21	4	80	0.0500000
NODE_8229_length_926_cov_43.446191	544	624	2	48	80	0.6000000
NODE_8229_length_926_cov_43.446191	544	624	11	28	80	0.3500000
NODE_8229_length_926_cov_43.446191	544	624	16	1	80	0.0125000
NODE_8229_length_926_cov_43.446191	544	624	17	3	80	0.0375000
NODE_8230_length_926_cov_40.163241	42	61	0	19	19	1.0000000
NODE_8230_length_926_cov_40.163241	279	359	4	30	80	0.3750000
NODE_8230_length_926_cov_40.163241	279	359	5	11	80	0.1375000
NODE_8230_length_926_cov_40.163241	279	359	6	38	80	0.4750000
NODE_8230_length_926_cov_40.163241	279	359	8	1	80	0.0125000
NODE_8230_length_926_cov_40.163241	332	412	3	8	80	0.1000000
NODE_8230_length_926_cov_40.163241	332	412	4	72	80	0.9000000
NODE_8230_length_926_cov_40.163241	408	488	2	8	80	0.1000000
NODE_8230_length_926_cov_40.163241	408	488	3	32	80	0.4000000
NODE_8230_length_926_cov_40.163241	408	488	4	16	80	0.2000000
NODE_8230_length_926_cov_40.163241	408	488	8	24	80	0.3000000
NODE_8230_length_926_cov_40.163241	461	541	4	7	80	0.0875000
NODE_8230_length_926_cov_40.163241	461	541	8	73	80	0.9125000
NODE_8231_length_926_cov_29.923821	372	452	2	65	80	0.8125000
NODE_8231_length_926_cov_29.923821	372	452	4	15	80	0.1875000
NODE_8231_length_926_cov_29.923821	425	505	2	17	80	0.2125000
NODE_8231_length_926_cov_29.923821	425	505	4	63	80	0.7875000
NODE_8232_length_926_cov_24.657799	350	430	0	80	80	1.0000000
NODE_8232_length_926_cov_24.657799	403	483	0	80	80	1.0000000
NODE_8233_length_926_cov_17.438936	360	440	6	35	80	0.4375000
NODE_8233_length_926_cov_17.438936	360	440	7	9	80	0.1125000
NODE_8233_length_926_cov_17.438936	360	440	8	4	80	0.0500000
NODE_8233_length_926_cov_17.438936	360	440	15	22	80	0.2750000
NODE_8233_length_926_cov_17.438936	360	440	17	10	80	0.1250000
NODE_8233_length_926_cov_17.438936	413	493	10	5	80	0.0625000
NODE_8233_length_926_cov_17.438936	413	493	14	6	80	0.0750000
NODE_8233_length_926_cov_17.438936	413	493	15	17	80	0.2125000
NODE_8233_length_926_cov_17.438936	413	493	16	3	80	0.0375000
NODE_8233_length_926_cov_17.438936	413	493	17	41	80	0.5125000
NODE_8233_length_926_cov_17.438936	413	493	18	8	80	0.1000000
NODE_8234_length_926_cov_12.413543	418	491	2	24	73	0.3287671
NODE_8234_length_926_cov_12.413543	418	491	4	49	73	0.6712329
NODE_8234_length_926_cov_12.413543	464	544	0	22	80	0.2750000
NODE_8234_length_926_cov_12.413543	464	544	2	15	80	0.1875000
NODE_8234_length_926_cov_12.413543	464	544	4	43	80	0.5375000
NODE_8235_length_926_cov_5.771463	453	533	0	34	80	0.4250000
NODE_8235_length_926_cov_5.771463	453	533	2	46	80	0.5750000
NODE_8235_length_926_cov_5.771463	505	586	0	6	81	0.0740741
NODE_8235_length_926_cov_5.771463	505	586	2	75	81	0.9259259
NODE_8236_length_926_cov_5.209190	435	515	0	33	80	0.4125000
NODE_8236_length_926_cov_5.209190	435	515	1	1	80	0.0125000
NODE_8236_length_926_cov_5.209190	435	515	2	46	80	0.5750000
NODE_8236_length_926_cov_5.209190	488	568	2	80	80	1.0000000
NODE_8247_length_925_cov_40.767554	514	594	0	18	80	0.2250000
NODE_8247_length_925_cov_40.767554	514	594	2	21	80	0.2625000
NODE_8247_length_925_cov_40.767554	514	594	6	17	80	0.2125000
NODE_8247_length_925_cov_40.767554	514	594	8	3	80	0.0375000
NODE_8247_length_925_cov_40.767554	514	594	10	16	80	0.2000000
NODE_8247_length_925_cov_40.767554	514	594	12	5	80	0.0625000
NODE_8247_length_925_cov_40.767554	567	647	6	6	80	0.0750000
NODE_8247_length_925_cov_40.767554	567	647	8	4	80	0.0500000
NODE_8247_length_925_cov_40.767554	567	647	10	16	80	0.2000000
NODE_8247_length_925_cov_40.767554	567	647	12	54	80	0.6750000
NODE_8248_length_925_cov_30.226392	262	342	1	11	80	0.1375000
NODE_8248_length_925_cov_30.226392	262	342	2	8	80	0.1000000
NODE_8248_length_925_cov_30.226392	262	342	10	61	80	0.7625000
NODE_8248_length_925_cov_30.226392	315	395	1	9	80	0.1125000
NODE_8248_length_925_cov_30.226392	315	395	9	13	80	0.1625000
NODE_8248_length_925_cov_30.226392	315	395	10	58	80	0.7250000
NODE_8248_length_925_cov_30.226392	391	471	0	38	80	0.4750000
NODE_8248_length_925_cov_30.226392	391	471	1	32	80	0.4000000
NODE_8248_length_925_cov_30.226392	391	471	2	10	80	0.1250000
NODE_8248_length_925_cov_30.226392	444	524	0	17	80	0.2125000
NODE_8248_length_925_cov_30.226392	444	524	2	63	80	0.7875000
NODE_8249_length_925_cov_22.075061	334	414	3	8	80	0.1000000
NODE_8249_length_925_cov_22.075061	334	414	7	9	80	0.1125000
NODE_8249_length_925_cov_22.075061	334	414	10	4	80	0.0500000
NODE_8249_length_925_cov_22.075061	334	414	11	6	80	0.0750000
NODE_8249_length_925_cov_22.075061	334	414	12	53	80	0.6625000
NODE_8249_length_925_cov_22.075061	387	467	2	6	80	0.0750000
NODE_8249_length_925_cov_22.075061	387	467	6	32	80	0.4000000
NODE_8249_length_925_cov_22.075061	387	467	10	19	80	0.2375000
NODE_8249_length_925_cov_22.075061	387	467	12	23	80	0.2875000
NODE_8250_length_925_cov_18.164649	410	490	0	80	80	1.0000000
NODE_8250_length_925_cov_18.164649	464	543	0	79	79	1.0000000
NODE_8251_length_925_cov_14.067797	472	548	0	19	76	0.2500000
NODE_8251_length_925_cov_14.067797	472	548	2	57	76	0.7500000
NODE_8251_length_925_cov_14.067797	525	601	0	72	76	0.9473684
NODE_8251_length_925_cov_14.067797	525	601	2	4	76	0.0526316
NODE_8252_length_925_cov_7.098063	418	498	2	37	80	0.4625000
NODE_8252_length_925_cov_7.098063	418	498	6	43	80	0.5375000
NODE_8252_length_925_cov_7.098063	471	551	4	34	80	0.4250000
NODE_8252_length_925_cov_7.098063	471	551	6	46	80	0.5750000
NODE_8266_length_924_cov_61.292121	397	477	0	7	80	0.0875000
NODE_8266_length_924_cov_61.292121	397	477	2	73	80	0.9125000
NODE_8266_length_924_cov_61.292121	450	530	0	39	80	0.4875000
NODE_8266_length_924_cov_61.292121	450	530	2	41	80	0.5125000
NODE_8267_length_924_cov_31.522424	375	455	2	4	80	0.0500000
NODE_8267_length_924_cov_31.522424	375	455	6	31	80	0.3875000
NODE_8267_length_924_cov_31.522424	375	455	8	45	80	0.5625000
NODE_8267_length_924_cov_31.522424	428	508	0	16	80	0.2000000
NODE_8267_length_924_cov_31.522424	428	508	2	41	80	0.5125000
NODE_8267_length_924_cov_31.522424	428	508	8	23	80	0.2875000
NODE_8268_length_924_cov_30.446061	299	379	0	13	80	0.1625000
NODE_8268_length_924_cov_30.446061	299	379	4	67	80	0.8375000
NODE_8268_length_924_cov_30.446061	352	432	0	24	80	0.3000000
NODE_8268_length_924_cov_30.446061	352	432	4	56	80	0.7000000
NODE_8268_length_924_cov_30.446061	428	508	0	32	80	0.4000000
NODE_8268_length_924_cov_30.446061	428	508	7	3	80	0.0375000
NODE_8268_length_924_cov_30.446061	428	508	8	16	80	0.2000000
NODE_8268_length_924_cov_30.446061	428	508	10	13	80	0.1625000
NODE_8268_length_924_cov_30.446061	428	508	12	16	80	0.2000000
NODE_8268_length_924_cov_30.446061	481	561	10	11	80	0.1375000
NODE_8268_length_924_cov_30.446061	481	561	12	69	80	0.8625000
NODE_8269_length_924_cov_28.877576	542	622	4	23	80	0.2875000
NODE_8269_length_924_cov_28.877576	542	622	6	57	80	0.7125000
NODE_8269_length_924_cov_28.877576	595	675	0	5	80	0.0625000
NODE_8269_length_924_cov_28.877576	595	675	2	9	80	0.1125000
NODE_8269_length_924_cov_28.877576	595	675	4	8	80	0.1000000
NODE_8269_length_924_cov_28.877576	595	675	6	58	80	0.7250000
NODE_8270_length_924_cov_27.261818	506	586	21	5	80	0.0625000
NODE_8270_length_924_cov_27.261818	506	586	23	16	80	0.2000000
NODE_8270_length_924_cov_27.261818	506	586	24	28	80	0.3500000
NODE_8270_length_924_cov_27.261818	506	586	25	3	80	0.0375000
NODE_8270_length_924_cov_27.261818	506	586	27	6	80	0.0750000
NODE_8270_length_924_cov_27.261818	506	586	28	9	80	0.1125000
NODE_8270_length_924_cov_27.261818	506	586	29	13	80	0.1625000
NODE_8270_length_924_cov_27.261818	559	639	6	25	80	0.3125000
NODE_8270_length_924_cov_27.261818	559	639	8	4	80	0.0500000
NODE_8270_length_924_cov_27.261818	559	639	23	1	80	0.0125000
NODE_8270_length_924_cov_27.261818	559	639	24	2	80	0.0250000
NODE_8270_length_924_cov_27.261818	559	639	25	11	80	0.1375000
NODE_8270_length_924_cov_27.261818	559	639	26	8	80	0.1000000
NODE_8270_length_924_cov_27.261818	559	639	27	9	80	0.1125000
NODE_8270_length_924_cov_27.261818	559	639	28	7	80	0.0875000
NODE_8270_length_924_cov_27.261818	559	639	29	13	80	0.1625000
NODE_8271_length_924_cov_25.946667	371	451	1	18	80	0.2250000
NODE_8271_length_924_cov_25.946667	371	451	2	62	80	0.7750000
NODE_8271_length_924_cov_25.946667	424	504	2	28	80	0.3500000
NODE_8271_length_924_cov_25.946667	424	504	4	3	80	0.0375000
NODE_8271_length_924_cov_25.946667	424	504	5	5	80	0.0625000
NODE_8271_length_924_cov_25.946667	424	504	7	44	80	0.5500000
NODE_8271_length_924_cov_25.946667	500	580	7	25	80	0.3125000
NODE_8271_length_924_cov_25.946667	500	580	8	41	80	0.5125000
NODE_8271_length_924_cov_25.946667	500	580	9	14	80	0.1750000
NODE_8271_length_924_cov_25.946667	553	633	0	15	80	0.1875000
NODE_8271_length_924_cov_25.946667	553	633	2	9	80	0.1125000
NODE_8271_length_924_cov_25.946667	553	633	5	7	80	0.0875000
NODE_8271_length_924_cov_25.946667	553	633	6	1	80	0.0125000
NODE_8271_length_924_cov_25.946667	553	633	8	48	80	0.6000000
NODE_8272_length_924_cov_25.113939	305	385	5	80	80	1.0000000
NODE_8272_length_924_cov_25.113939	358	438	3	53	80	0.6625000
NODE_8272_length_924_cov_25.113939	358	438	5	27	80	0.3375000
NODE_8272_length_924_cov_25.113939	434	514	0	74	80	0.9250000
NODE_8272_length_924_cov_25.113939	434	514	3	6	80	0.0750000
NODE_8272_length_924_cov_25.113939	487	567	0	80	80	1.0000000
NODE_8273_length_924_cov_16.343030	481	561	0	80	80	1.0000000
NODE_8273_length_924_cov_16.343030	534	614	0	80	80	1.0000000
NODE_8274_length_924_cov_14.793939	299	379	6	80	80	1.0000000
NODE_8274_length_924_cov_14.793939	352	432	0	6	80	0.0750000
NODE_8274_length_924_cov_14.793939	352	432	3	10	80	0.1250000
NODE_8274_length_924_cov_14.793939	352	432	6	64	80	0.8000000
NODE_8275_length_924_cov_14.209697	485	562	0	77	77	1.0000000
NODE_8275_length_924_cov_14.209697	535	615	0	80	80	1.0000000
NODE_8276_length_924_cov_13.423030	287	367	0	80	80	1.0000000
NODE_8276_length_924_cov_13.423030	340	420	0	80	80	1.0000000
NODE_8277_length_924_cov_12.008485	237	307	2	20	70	0.2857143
NODE_8277_length_924_cov_12.008485	237	307	7	50	70	0.7142857
NODE_8279_length_924_cov_8.619394	560	640	0	25	80	0.3125000
NODE_8279_length_924_cov_8.619394	560	640	2	55	80	0.6875000
NODE_8279_length_924_cov_8.619394	613	693	0	19	80	0.2375000
NODE_8279_length_924_cov_8.619394	613	693	2	61	80	0.7625000
NODE_8280_length_924_cov_4.640000	426	506	0	30	80	0.3750000
NODE_8280_length_924_cov_4.640000	426	506	2	50	80	0.6250000
NODE_8280_length_924_cov_4.640000	479	559	2	80	80	1.0000000
NODE_8290_length_924_cov_1.467879	352	381	4	29	29	1.0000000
NODE_8296_length_924_cov_0.648485	830	890	0	60	60	1.0000000
NODE_8296_length_924_cov_0.648485	863	924	0	61	61	1.0000000
NODE_8297_length_923_cov_43.213592	371	451	6	21	80	0.2625000
NODE_8297_length_923_cov_43.213592	371	451	7	9	80	0.1125000
NODE_8297_length_923_cov_43.213592	371	451	8	50	80	0.6250000
NODE_8297_length_923_cov_43.213592	424	504	1	27	80	0.3375000
NODE_8297_length_923_cov_43.213592	424	504	3	23	80	0.2875000
NODE_8297_length_923_cov_43.213592	424	504	5	1	80	0.0125000
NODE_8297_length_923_cov_43.213592	424	504	6	23	80	0.2875000
NODE_8297_length_923_cov_43.213592	424	504	8	6	80	0.0750000
NODE_8297_length_923_cov_43.213592	500	580	3	14	80	0.1750000
NODE_8297_length_923_cov_43.213592	500	580	5	35	80	0.4375000
NODE_8297_length_923_cov_43.213592	500	580	6	12	80	0.1500000
NODE_8297_length_923_cov_43.213592	500	580	7	19	80	0.2375000
NODE_8297_length_923_cov_43.213592	553	633	4	12	80	0.1500000
NODE_8297_length_923_cov_43.213592	553	633	5	8	80	0.1000000
NODE_8297_length_923_cov_43.213592	553	633	6	4	80	0.0500000
NODE_8297_length_923_cov_43.213592	553	633	7	56	80	0.7000000
NODE_8298_length_923_cov_34.108010	370	450	2	21	80	0.2625000
NODE_8298_length_923_cov_34.108010	370	450	4	6	80	0.0750000
NODE_8298_length_923_cov_34.108010	370	450	6	27	80	0.3375000
NODE_8298_length_923_cov_34.108010	370	450	10	9	80	0.1125000
NODE_8298_length_923_cov_34.108010	370	450	12	17	80	0.2125000
NODE_8298_length_923_cov_34.108010	423	503	6	1	80	0.0125000
NODE_8298_length_923_cov_34.108010	423	503	10	62	80	0.7750000
NODE_8298_length_923_cov_34.108010	423	503	12	17	80	0.2125000
NODE_8299_length_923_cov_29.163835	392	472	0	10	80	0.1250000
NODE_8299_length_923_cov_29.163835	392	472	2	50	80	0.6250000
NODE_8299_length_923_cov_29.163835	392	472	4	20	80	0.2500000
NODE_8299_length_923_cov_29.163835	445	525	2	54	80	0.6750000
NODE_8299_length_923_cov_29.163835	445	525	4	26	80	0.3250000
NODE_8300_length_923_cov_19.139563	375	455	0	80	80	1.0000000
NODE_8300_length_923_cov_19.139563	428	508	0	80	80	1.0000000
NODE_8301_length_923_cov_17.433252	512	592	4	26	80	0.3250000
NODE_8301_length_923_cov_17.433252	512	592	6	54	80	0.6750000
NODE_8301_length_923_cov_17.433252	565	645	0	18	80	0.2250000
NODE_8301_length_923_cov_17.433252	565	645	2	20	80	0.2500000
NODE_8301_length_923_cov_17.433252	565	645	6	42	80	0.5250000
NODE_8302_length_923_cov_16.597087	279	359	10	10	80	0.1250000
NODE_8302_length_923_cov_16.597087	279	359	12	2	80	0.0250000
NODE_8302_length_923_cov_16.597087	279	359	14	25	80	0.3125000
NODE_8302_length_923_cov_16.597087	279	359	16	43	80	0.5375000
NODE_8302_length_923_cov_16.597087	332	412	2	28	80	0.3500000
NODE_8302_length_923_cov_16.597087	332	412	6	10	80	0.1250000
NODE_8302_length_923_cov_16.597087	332	412	12	17	80	0.2125000
NODE_8302_length_923_cov_16.597087	332	412	16	25	80	0.3125000
NODE_8303_length_923_cov_15.229369	446	526	2	38	80	0.4750000
NODE_8303_length_923_cov_15.229369	446	526	4	42	80	0.5250000
NODE_8303_length_923_cov_15.229369	499	579	0	18	80	0.2250000
NODE_8303_length_923_cov_15.229369	499	579	2	36	80	0.4500000
NODE_8303_length_923_cov_15.229369	499	579	4	26	80	0.3250000
NODE_8304_length_923_cov_14.007282	304	349	0	45	45	1.0000000
NODE_8304_length_923_cov_14.007282	345	427	0	82	82	1.0000000
NODE_8304_length_923_cov_14.007282	397	480	0	83	83	1.0000000
NODE_8305_length_923_cov_6.500000	308	388	0	12	80	0.1500000
NODE_8305_length_923_cov_6.500000	308	388	2	68	80	0.8500000
NODE_8305_length_923_cov_6.500000	361	441	0	5	80	0.0625000
NODE_8305_length_923_cov_6.500000	361	441	2	75	80	0.9375000
NODE_8307_length_923_cov_6.115291	447	527	0	13	80	0.1625000
NODE_8307_length_923_cov_6.115291	447	527	2	10	80	0.1250000
NODE_8307_length_923_cov_6.115291	447	527	4	57	80	0.7125000
NODE_8307_length_923_cov_6.115291	500	580	0	16	80	0.2000000
NODE_8307_length_923_cov_6.115291	500	580	2	5	80	0.0625000
NODE_8307_length_923_cov_6.115291	500	580	4	59	80	0.7375000
NODE_8308_length_923_cov_5.351942	363	445	0	82	82	1.0000000
NODE_8308_length_923_cov_5.351942	365	445	0	80	80	1.0000000
NODE_8317_length_923_cov_1.059466	63	143	0	80	80	1.0000000
NODE_8320_length_922_cov_40.331713	243	289	22	5	46	0.1086956
NODE_8320_length_922_cov_40.331713	243	289	24	5	46	0.1086956
NODE_8320_length_922_cov_40.331713	243	289	25	4	46	0.0869565
NODE_8320_length_922_cov_40.331713	243	289	26	4	46	0.0869565
NODE_8320_length_922_cov_40.331713	243	289	27	2	46	0.0434783
NODE_8320_length_922_cov_40.331713	243	289	28	15	46	0.3260870
NODE_8320_length_922_cov_40.331713	243	289	30	1	46	0.0217391
NODE_8320_length_922_cov_40.331713	243	289	31	1	46	0.0217391
NODE_8320_length_922_cov_40.331713	243	289	32	5	46	0.1086956
NODE_8320_length_922_cov_40.331713	243	289	34	4	46	0.0869565
NODE_8320_length_922_cov_40.331713	262	342	22	3	80	0.0375000
NODE_8320_length_922_cov_40.331713	262	342	24	1	80	0.0125000
NODE_8320_length_922_cov_40.331713	262	342	25	3	80	0.0375000
NODE_8320_length_922_cov_40.331713	262	342	28	9	80	0.1125000
NODE_8320_length_922_cov_40.331713	262	342	30	1	80	0.0125000
NODE_8320_length_922_cov_40.331713	262	342	31	3	80	0.0375000
NODE_8320_length_922_cov_40.331713	262	342	32	5	80	0.0625000
NODE_8320_length_922_cov_40.331713	262	342	33	1	80	0.0125000
NODE_8320_length_922_cov_40.331713	262	342	34	4	80	0.0500000
NODE_8320_length_922_cov_40.331713	262	342	35	3	80	0.0375000
NODE_8320_length_922_cov_40.331713	262	342	36	12	80	0.1500000
NODE_8320_length_922_cov_40.331713	262	342	37	7	80	0.0875000
NODE_8320_length_922_cov_40.331713	262	342	38	9	80	0.1125000
NODE_8320_length_922_cov_40.331713	262	342	40	17	80	0.2125000
NODE_8320_length_922_cov_40.331713	262	342	42	2	80	0.0250000
NODE_8320_length_922_cov_40.331713	780	860	4	19	80	0.2375000
NODE_8320_length_922_cov_40.331713	780	860	6	18	80	0.2250000
NODE_8320_length_922_cov_40.331713	780	860	10	43	80	0.5375000
NODE_8320_length_922_cov_40.331713	833	913	4	17	80	0.2125000
NODE_8320_length_922_cov_40.331713	833	913	5	7	80	0.0875000
NODE_8320_length_922_cov_40.331713	833	913	6	2	80	0.0250000
NODE_8320_length_922_cov_40.331713	833	913	8	7	80	0.0875000
NODE_8320_length_922_cov_40.331713	833	913	10	47	80	0.5875000
NODE_8321_length_922_cov_38.549210	126	177	22	4	51	0.0784314
NODE_8321_length_922_cov_38.549210	126	177	26	2	51	0.0392157
NODE_8321_length_922_cov_38.549210	126	177	32	1	51	0.0196078
NODE_8321_length_922_cov_38.549210	126	177	36	5	51	0.0980392
NODE_8321_length_922_cov_38.549210	126	177	40	1	51	0.0196078
NODE_8321_length_922_cov_38.549210	126	177	41	5	51	0.0980392
NODE_8321_length_922_cov_38.549210	126	177	43	1	51	0.0196078
NODE_8321_length_922_cov_38.549210	126	177	45	11	51	0.2156863
NODE_8321_length_922_cov_38.549210	126	177	50	10	51	0.1960784
NODE_8321_length_922_cov_38.549210	126	177	52	1	51	0.0196078
NODE_8321_length_922_cov_38.549210	126	177	53	3	51	0.0588235
NODE_8321_length_922_cov_38.549210	126	177	55	5	51	0.0980392
NODE_8321_length_922_cov_38.549210	126	177	57	2	51	0.0392157
NODE_8321_length_922_cov_38.549210	308	383	0	12	75	0.1600000
NODE_8321_length_922_cov_38.549210	308	383	2	54	75	0.7200000
NODE_8321_length_922_cov_38.549210	308	383	4	9	75	0.1200000
NODE_8321_length_922_cov_38.549210	356	393	2	18	37	0.4864865
NODE_8321_length_922_cov_38.549210	356	393	4	19	37	0.5135135
NODE_8321_length_922_cov_38.549210	818	898	2	80	80	1.0000000
NODE_8321_length_922_cov_38.549210	871	908	0	3	37	0.0810811
NODE_8321_length_922_cov_38.549210	871	908	2	34	37	0.9189189
NODE_8322_length_922_cov_35.041312	385	465	0	24	80	0.3000000
NODE_8322_length_922_cov_35.041312	385	465	2	20	80	0.2500000
NODE_8322_length_922_cov_35.041312	385	465	5	22	80	0.2750000
NODE_8322_length_922_cov_35.041312	385	465	7	14	80	0.1750000
NODE_8322_length_922_cov_35.041312	438	518	5	18	80	0.2250000
NODE_8322_length_922_cov_35.041312	438	518	7	62	80	0.7750000
NODE_8323_length_922_cov_30.749696	426	506	5	1	80	0.0125000
NODE_8323_length_922_cov_30.749696	426	506	7	4	80	0.0500000
NODE_8323_length_922_cov_30.749696	426	506	8	52	80	0.6500000
NODE_8323_length_922_cov_30.749696	426	506	10	8	80	0.1000000
NODE_8323_length_922_cov_30.749696	426	506	12	15	80	0.1875000
NODE_8323_length_922_cov_30.749696	479	559	4	9	80	0.1125000
NODE_8323_length_922_cov_30.749696	479	559	6	10	80	0.1250000
NODE_8323_length_922_cov_30.749696	479	559	8	51	80	0.6375000
NODE_8323_length_922_cov_30.749696	479	559	12	10	80	0.1250000
NODE_8324_length_922_cov_25.558931	291	370	0	14	79	0.1772152
NODE_8324_length_922_cov_25.558931	291	370	2	65	79	0.8227848
NODE_8324_length_922_cov_25.558931	344	423	0	67	79	0.8481013
NODE_8324_length_922_cov_25.558931	344	423	2	12	79	0.1518987
NODE_8325_length_922_cov_25.527339	391	471	4	22	80	0.2750000
NODE_8325_length_922_cov_25.527339	391	471	6	58	80	0.7250000
NODE_8325_length_922_cov_25.527339	444	524	0	18	80	0.2250000
NODE_8325_length_922_cov_25.527339	444	524	1	9	80	0.1125000
NODE_8325_length_922_cov_25.527339	444	524	2	22	80	0.2750000
NODE_8325_length_922_cov_25.527339	444	524	6	31	80	0.3875000
NODE_8326_length_922_cov_23.630620	224	304	0	80	80	1.0000000
NODE_8326_length_922_cov_23.630620	277	357	0	71	80	0.8875000
NODE_8326_length_922_cov_23.630620	277	357	1	7	80	0.0875000
NODE_8326_length_922_cov_23.630620	277	357	2	2	80	0.0250000
NODE_8326_length_922_cov_23.630620	353	433	1	2	80	0.0250000
NODE_8326_length_922_cov_23.630620	353	433	2	7	80	0.0875000
NODE_8326_length_922_cov_23.630620	353	433	4	71	80	0.8875000
NODE_8326_length_922_cov_23.630620	406	486	4	80	80	1.0000000
NODE_8327_length_922_cov_22.388821	465	545	8	64	80	0.8000000
NODE_8327_length_922_cov_22.388821	465	545	9	9	80	0.1125000
NODE_8327_length_922_cov_22.388821	465	545	13	7	80	0.0875000
NODE_8327_length_922_cov_22.388821	518	598	8	64	80	0.8000000
NODE_8327_length_922_cov_22.388821	518	598	9	9	80	0.1125000
NODE_8327_length_922_cov_22.388821	518	598	13	7	80	0.0875000
NODE_8328_length_922_cov_20.320778	421	501	0	55	80	0.6875000
NODE_8328_length_922_cov_20.320778	421	501	2	11	80	0.1375000
NODE_8328_length_922_cov_20.320778	421	501	8	14	80	0.1750000
NODE_8328_length_922_cov_20.320778	474	554	0	2	80	0.0250000
NODE_8328_length_922_cov_20.320778	474	554	2	11	80	0.1375000
NODE_8328_length_922_cov_20.320778	474	554	8	67	80	0.8375000
NODE_8329_length_922_cov_17.645200	413	479	6	2	66	0.0303030
NODE_8329_length_922_cov_17.645200	413	479	8	54	66	0.8181818
NODE_8329_length_922_cov_17.645200	413	479	10	10	66	0.1515152
NODE_8330_length_922_cov_12.574727	454	534	2	34	80	0.4250000
NODE_8330_length_922_cov_12.574727	454	534	6	25	80	0.3125000
NODE_8330_length_922_cov_12.574727	454	534	8	21	80	0.2625000
NODE_8330_length_922_cov_12.574727	507	587	6	11	80	0.1375000
NODE_8330_length_922_cov_12.574727	507	587	8	33	80	0.4125000
NODE_8330_length_922_cov_12.574727	507	587	12	36	80	0.4500000
NODE_8331_length_922_cov_11.934386	255	335	0	9	80	0.1125000
NODE_8331_length_922_cov_11.934386	255	335	4	20	80	0.2500000
NODE_8331_length_922_cov_11.934386	255	335	8	51	80	0.6375000
NODE_8331_length_922_cov_11.934386	308	388	4	5	80	0.0625000
NODE_8331_length_922_cov_11.934386	308	388	8	75	80	0.9375000
NODE_8332_length_922_cov_11.068044	423	503	0	10	80	0.1250000
NODE_8332_length_922_cov_11.068044	423	503	2	14	80	0.1750000
NODE_8332_length_922_cov_11.068044	423	503	4	56	80	0.7000000
NODE_8332_length_922_cov_11.068044	476	557	0	2	81	0.0246914
NODE_8332_length_922_cov_11.068044	476	557	2	13	81	0.1604938
NODE_8332_length_922_cov_11.068044	476	557	4	66	81	0.8148148
NODE_8333_length_922_cov_7.907655	441	521	0	80	80	1.0000000
NODE_8333_length_922_cov_7.907655	494	574	0	80	80	1.0000000
NODE_8334_length_922_cov_7.737546	463	543	4	22	80	0.2750000
NODE_8334_length_922_cov_7.737546	463	543	5	1	80	0.0125000
NODE_8334_length_922_cov_7.737546	463	543	6	57	80	0.7125000
NODE_8334_length_922_cov_7.737546	516	596	0	8	80	0.1000000
NODE_8334_length_922_cov_7.737546	516	596	2	8	80	0.1000000
NODE_8334_length_922_cov_7.737546	516	596	4	45	80	0.5625000
NODE_8334_length_922_cov_7.737546	516	596	5	1	80	0.0125000
NODE_8334_length_922_cov_7.737546	516	596	6	18	80	0.2250000
NODE_8335_length_922_cov_7.241798	298	378	2	65	80	0.8125000
NODE_8335_length_922_cov_7.241798	298	378	4	15	80	0.1875000
NODE_8335_length_922_cov_7.241798	351	431	2	63	80	0.7875000
NODE_8335_length_922_cov_7.241798	351	431	4	17	80	0.2125000
NODE_8347_length_921_cov_21.317518	457	537	0	4	80	0.0500000
NODE_8347_length_921_cov_21.317518	457	537	2	76	80	0.9500000
NODE_8347_length_921_cov_21.317518	510	590	0	12	80	0.1500000
NODE_8347_length_921_cov_21.317518	510	590	2	68	80	0.8500000
NODE_8348_length_921_cov_18.462287	519	599	4	20	80	0.2500000
NODE_8348_length_921_cov_18.462287	519	599	6	14	80	0.1750000
NODE_8348_length_921_cov_18.462287	519	599	10	46	80	0.5750000
NODE_8348_length_921_cov_18.462287	572	652	0	44	80	0.5500000
NODE_8348_length_921_cov_18.462287	572	652	4	29	80	0.3625000
NODE_8348_length_921_cov_18.462287	572	652	6	7	80	0.0875000
NODE_8349_length_921_cov_15.440389	373	453	0	53	80	0.6625000
NODE_8349_length_921_cov_15.440389	373	453	4	27	80	0.3375000
NODE_8349_length_921_cov_15.440389	426	506	4	80	80	1.0000000
NODE_8350_length_921_cov_13.216545	465	545	0	47	80	0.5875000
NODE_8350_length_921_cov_13.216545	465	545	2	33	80	0.4125000
NODE_8350_length_921_cov_13.216545	518	598	0	80	80	1.0000000
NODE_8351_length_921_cov_9.283455	399	439	0	40	40	1.0000000
NODE_8351_length_921_cov_9.283455	532	612	0	80	80	1.0000000
NODE_8351_length_921_cov_9.283455	585	665	0	80	80	1.0000000
NODE_8352_length_921_cov_8.253041	289	369	0	80	80	1.0000000
NODE_8352_length_921_cov_8.253041	342	422	0	80	80	1.0000000
NODE_8364_length_920_cov_47.493301	543	623	10	15	80	0.1875000
NODE_8364_length_920_cov_47.493301	543	623	12	65	80	0.8125000
NODE_8364_length_920_cov_47.493301	596	676	4	40	80	0.5000000
NODE_8364_length_920_cov_47.493301	596	676	10	1	80	0.0125000
NODE_8364_length_920_cov_47.493301	596	676	12	29	80	0.3625000
NODE_8364_length_920_cov_47.493301	596	676	14	10	80	0.1250000
NODE_8365_length_920_cov_30.404385	543	623	6	61	80	0.7625000
NODE_8365_length_920_cov_30.404385	543	623	8	10	80	0.1250000
NODE_8365_length_920_cov_30.404385	543	623	10	9	80	0.1125000
NODE_8365_length_920_cov_30.404385	596	676	4	11	80	0.1375000
NODE_8365_length_920_cov_30.404385	596	676	6	43	80	0.5375000
NODE_8365_length_920_cov_30.404385	596	676	8	17	80	0.2125000
NODE_8365_length_920_cov_30.404385	596	676	10	9	80	0.1125000
NODE_8366_length_920_cov_25.360536	413	493	4	4	80	0.0500000
NODE_8366_length_920_cov_25.360536	413	493	6	6	80	0.0750000
NODE_8366_length_920_cov_25.360536	413	493	10	37	80	0.4625000
NODE_8366_length_920_cov_25.360536	413	493	11	10	80	0.1250000
NODE_8366_length_920_cov_25.360536	413	493	12	19	80	0.2375000
NODE_8366_length_920_cov_25.360536	413	493	14	4	80	0.0500000
NODE_8366_length_920_cov_25.360536	466	546	4	19	80	0.2375000
NODE_8366_length_920_cov_25.360536	466	546	6	4	80	0.0500000
NODE_8366_length_920_cov_25.360536	466	546	10	25	80	0.3125000
NODE_8366_length_920_cov_25.360536	466	546	12	18	80	0.2250000
NODE_8366_length_920_cov_25.360536	466	546	14	4	80	0.0500000
NODE_8366_length_920_cov_25.360536	466	546	25	5	80	0.0625000
NODE_8366_length_920_cov_25.360536	466	546	26	5	80	0.0625000
NODE_8366_length_920_cov_25.360536	542	615	25	1	73	0.0136986
NODE_8366_length_920_cov_25.360536	542	615	26	31	73	0.4246575
NODE_8366_length_920_cov_25.360536	542	615	29	39	73	0.5342466
NODE_8366_length_920_cov_25.360536	542	615	31	2	73	0.0273973
NODE_8366_length_920_cov_25.360536	588	668	2	13	80	0.1625000
NODE_8366_length_920_cov_25.360536	588	668	8	1	80	0.0125000
NODE_8366_length_920_cov_25.360536	588	668	27	1	80	0.0125000
NODE_8366_length_920_cov_25.360536	588	668	28	28	80	0.3500000
NODE_8366_length_920_cov_25.360536	588	668	29	37	80	0.4625000
NODE_8367_length_920_cov_24.918392	403	483	4	20	80	0.2500000
NODE_8367_length_920_cov_24.918392	403	483	6	34	80	0.4250000
NODE_8367_length_920_cov_24.918392	403	483	8	26	80	0.3250000
NODE_8367_length_920_cov_24.918392	456	536	3	4	80	0.0500000
NODE_8367_length_920_cov_24.918392	456	536	5	37	80	0.4625000
NODE_8367_length_920_cov_24.918392	456	536	6	14	80	0.1750000
NODE_8367_length_920_cov_24.918392	456	536	7	12	80	0.1500000
NODE_8367_length_920_cov_24.918392	456	536	8	13	80	0.1625000
NODE_8368_length_920_cov_18.517661	353	433	0	15	80	0.1875000
NODE_8368_length_920_cov_18.517661	353	433	3	65	80	0.8125000
NODE_8368_length_920_cov_18.517661	406	486	0	68	80	0.8500000
NODE_8368_length_920_cov_18.517661	406	486	3	12	80	0.1500000
NODE_8369_length_920_cov_17.710110	310	390	10	3	80	0.0375000
NODE_8369_length_920_cov_17.710110	310	390	11	1	80	0.0125000
NODE_8369_length_920_cov_17.710110	310	390	12	15	80	0.1875000
NODE_8369_length_920_cov_17.710110	310	390	13	1	80	0.0125000
NODE_8369_length_920_cov_17.710110	310	390	14	22	80	0.2750000
NODE_8369_length_920_cov_17.710110	310	390	16	38	80	0.4750000
NODE_8369_length_920_cov_17.710110	363	443	3	5	80	0.0625000
NODE_8369_length_920_cov_17.710110	363	443	4	1	80	0.0125000
NODE_8369_length_920_cov_17.710110	363	443	12	12	80	0.1500000
NODE_8369_length_920_cov_17.710110	363	443	14	56	80	0.7000000
NODE_8369_length_920_cov_17.710110	363	443	16	6	80	0.0750000
NODE_8370_length_920_cov_15.650426	403	458	2	17	55	0.3090909
NODE_8370_length_920_cov_15.650426	403	458	6	15	55	0.2727273
NODE_8370_length_920_cov_15.650426	403	458	8	23	55	0.4181818
NODE_8371_length_920_cov_12.588307	454	534	2	12	80	0.1500000
NODE_8371_length_920_cov_12.588307	454	534	4	68	80	0.8500000
NODE_8371_length_920_cov_12.588307	507	586	0	35	79	0.4430380
NODE_8371_length_920_cov_12.588307	507	586	2	6	79	0.0759494
NODE_8371_length_920_cov_12.588307	507	586	4	38	79	0.4810127
NODE_8372_length_920_cov_10.822168	354	434	0	80	80	1.0000000
NODE_8372_length_920_cov_10.822168	407	487	0	80	80	1.0000000
NODE_8374_length_920_cov_8.297199	453	533	0	69	80	0.8625000
NODE_8374_length_920_cov_8.297199	453	533	4	11	80	0.1375000
NODE_8374_length_920_cov_8.297199	506	583	0	16	77	0.2077922
NODE_8374_length_920_cov_8.297199	506	583	4	61	77	0.7922078
NODE_8378_length_920_cov_2.992692	501	581	0	80	80	1.0000000
NODE_8378_length_920_cov_2.992692	554	634	0	80	80	1.0000000
NODE_8389_length_919_cov_44.813415	338	418	4	49	80	0.6125000
NODE_8389_length_919_cov_44.813415	338	418	9	1	80	0.0125000
NODE_8389_length_919_cov_44.813415	338	418	10	14	80	0.1750000
NODE_8389_length_919_cov_44.813415	338	418	12	16	80	0.2000000
NODE_8389_length_919_cov_44.813415	391	471	8	48	80	0.6000000
NODE_8389_length_919_cov_44.813415	391	471	10	11	80	0.1375000
NODE_8389_length_919_cov_44.813415	391	471	12	21	80	0.2625000
NODE_8389_length_919_cov_44.813415	467	547	2	55	80	0.6875000
NODE_8389_length_919_cov_44.813415	467	547	4	2	80	0.0250000
NODE_8389_length_919_cov_44.813415	467	547	8	11	80	0.1375000
NODE_8389_length_919_cov_44.813415	467	547	9	1	80	0.0125000
NODE_8389_length_919_cov_44.813415	467	547	10	11	80	0.1375000
NODE_8389_length_919_cov_44.813415	520	600	2	38	80	0.4750000
NODE_8389_length_919_cov_44.813415	520	600	3	17	80	0.2125000
NODE_8389_length_919_cov_44.813415	520	600	4	25	80	0.3125000
NODE_8390_length_919_cov_37.459756	389	469	0	5	80	0.0625000
NODE_8390_length_919_cov_37.459756	389	469	2	21	80	0.2625000
NODE_8390_length_919_cov_37.459756	389	469	4	6	80	0.0750000
NODE_8390_length_919_cov_37.459756	389	469	6	48	80	0.6000000
NODE_8390_length_919_cov_37.459756	442	522	4	47	80	0.5875000
NODE_8390_length_919_cov_37.459756	442	522	5	12	80	0.1500000
NODE_8390_length_919_cov_37.459756	442	522	6	21	80	0.2625000
NODE_8390_length_919_cov_37.459756	518	598	1	12	80	0.1500000
NODE_8390_length_919_cov_37.459756	518	598	2	41	80	0.5125000
NODE_8390_length_919_cov_37.459756	518	598	4	5	80	0.0625000
NODE_8390_length_919_cov_37.459756	518	598	5	22	80	0.2750000
NODE_8390_length_919_cov_37.459756	571	651	2	22	80	0.2750000
NODE_8390_length_919_cov_37.459756	571	651	4	6	80	0.0750000
NODE_8390_length_919_cov_37.459756	571	651	8	52	80	0.6500000
NODE_8391_length_919_cov_35.002439	474	554	4	37	80	0.4625000
NODE_8391_length_919_cov_35.002439	474	554	6	10	80	0.1250000
NODE_8391_length_919_cov_35.002439	474	554	8	16	80	0.2000000
NODE_8391_length_919_cov_35.002439	474	554	10	17	80	0.2125000
NODE_8391_length_919_cov_35.002439	527	607	0	25	80	0.3125000
NODE_8391_length_919_cov_35.002439	527	607	2	8	80	0.1000000
NODE_8391_length_919_cov_35.002439	527	607	4	47	80	0.5875000
NODE_8392_length_919_cov_29.935366	246	326	0	80	80	1.0000000
NODE_8392_length_919_cov_29.935366	299	379	0	80	80	1.0000000
NODE_8393_length_919_cov_28.190244	470	550	9	4	80	0.0500000
NODE_8393_length_919_cov_28.190244	470	550	10	76	80	0.9500000
NODE_8393_length_919_cov_28.190244	523	603	0	20	80	0.2500000
NODE_8393_length_919_cov_28.190244	523	603	6	1	80	0.0125000
NODE_8393_length_919_cov_28.190244	523	603	7	26	80	0.3250000
NODE_8393_length_919_cov_28.190244	523	603	9	10	80	0.1250000
NODE_8393_length_919_cov_28.190244	523	603	10	23	80	0.2875000
NODE_8394_length_919_cov_27.119512	454	534	0	32	80	0.4000000
NODE_8394_length_919_cov_27.119512	454	534	2	48	80	0.6000000
NODE_8394_length_919_cov_27.119512	507	587	0	30	80	0.3750000
NODE_8394_length_919_cov_27.119512	507	587	2	50	80	0.6250000
NODE_8395_length_919_cov_21.836585	545	625	0	51	80	0.6375000
NODE_8395_length_919_cov_21.836585	545	625	2	29	80	0.3625000
NODE_8395_length_919_cov_21.836585	598	677	2	79	79	1.0000000
NODE_8396_length_919_cov_17.442683	385	465	8	30	80	0.3750000
NODE_8396_length_919_cov_17.442683	385	465	16	28	80	0.3500000
NODE_8396_length_919_cov_17.442683	385	465	20	1	80	0.0125000
NODE_8396_length_919_cov_17.442683	385	465	24	17	80	0.2125000
NODE_8396_length_919_cov_17.442683	385	465	28	4	80	0.0500000
NODE_8396_length_919_cov_17.442683	438	518	16	5	80	0.0625000
NODE_8396_length_919_cov_17.442683	438	518	20	21	80	0.2625000
NODE_8396_length_919_cov_17.442683	438	518	24	36	80	0.4500000
NODE_8396_length_919_cov_17.442683	438	518	26	8	80	0.1000000
NODE_8396_length_919_cov_17.442683	438	518	28	10	80	0.1250000
NODE_8397_length_919_cov_16.685366	309	389	0	18	80	0.2250000
NODE_8397_length_919_cov_16.685366	309	389	2	8	80	0.1000000
NODE_8397_length_919_cov_16.685366	309	389	8	54	80	0.6750000
NODE_8397_length_919_cov_16.685366	362	442	0	71	80	0.8875000
NODE_8397_length_919_cov_16.685366	362	442	2	8	80	0.1000000
NODE_8397_length_919_cov_16.685366	362	442	8	1	80	0.0125000
NODE_8398_length_919_cov_14.013415	435	515	0	80	80	1.0000000
NODE_8398_length_919_cov_14.013415	488	568	0	80	80	1.0000000
NODE_8399_length_919_cov_12.013415	340	420	0	9	80	0.1125000
NODE_8399_length_919_cov_12.013415	340	420	2	71	80	0.8875000
NODE_8399_length_919_cov_12.013415	393	473	0	9	80	0.1125000
NODE_8399_length_919_cov_12.013415	393	473	2	50	80	0.6250000
NODE_8399_length_919_cov_12.013415	393	473	4	21	80	0.2625000
NODE_8403_length_919_cov_3.529268	424	504	0	80	80	1.0000000
NODE_8403_length_919_cov_3.529268	477	557	0	80	80	1.0000000
NODE_8404_length_919_cov_3.200000	444	524	0	80	80	1.0000000
NODE_8404_length_919_cov_3.200000	497	577	0	80	80	1.0000000
NODE_8415_length_918_cov_41.115995	387	467	2	17	80	0.2125000
NODE_8415_length_918_cov_41.115995	387	467	4	38	80	0.4750000
NODE_8415_length_918_cov_41.115995	387	467	6	25	80	0.3125000
NODE_8415_length_918_cov_41.115995	440	520	2	34	80	0.4250000
NODE_8415_length_918_cov_41.115995	440	520	4	46	80	0.5750000
NODE_8416_length_918_cov_37.405372	427	507	0	11	80	0.1375000
NODE_8416_length_918_cov_37.405372	427	507	3	6	80	0.0750000
NODE_8416_length_918_cov_37.405372	427	507	4	61	80	0.7625000
NODE_8416_length_918_cov_37.405372	427	507	5	2	80	0.0250000
NODE_8416_length_918_cov_37.405372	480	560	3	6	80	0.0750000
NODE_8416_length_918_cov_37.405372	480	560	4	21	80	0.2625000
NODE_8416_length_918_cov_37.405372	480	560	5	13	80	0.1625000
NODE_8416_length_918_cov_37.405372	480	560	7	40	80	0.5000000
NODE_8417_length_918_cov_31.559219	289	369	6	75	80	0.9375000
NODE_8417_length_918_cov_31.559219	289	369	14	5	80	0.0625000
NODE_8417_length_918_cov_31.559219	342	422	6	22	80	0.2750000
NODE_8417_length_918_cov_31.559219	342	422	8	21	80	0.2625000
NODE_8417_length_918_cov_31.559219	342	422	12	15	80	0.1875000
NODE_8417_length_918_cov_31.559219	342	422	14	22	80	0.2750000
NODE_8417_length_918_cov_31.559219	418	498	4	21	80	0.2625000
NODE_8417_length_918_cov_31.559219	418	498	11	12	80	0.1500000
NODE_8417_length_918_cov_31.559219	418	498	12	47	80	0.5875000
NODE_8417_length_918_cov_31.559219	471	551	0	48	80	0.6000000
NODE_8417_length_918_cov_31.559219	471	551	4	26	80	0.3250000
NODE_8417_length_918_cov_31.559219	471	551	11	6	80	0.0750000
NODE_8418_length_918_cov_25.195360	429	509	9	13	80	0.1625000
NODE_8418_length_918_cov_25.195360	429	509	10	3	80	0.0375000
NODE_8418_length_918_cov_25.195360	429	509	11	4	80	0.0500000
NODE_8418_length_918_cov_25.195360	429	509	20	7	80	0.0875000
NODE_8418_length_918_cov_25.195360	429	509	21	35	80	0.4375000
NODE_8418_length_918_cov_25.195360	429	509	22	18	80	0.2250000
NODE_8418_length_918_cov_25.195360	482	562	11	8	80	0.1000000
NODE_8418_length_918_cov_25.195360	482	562	19	18	80	0.2250000
NODE_8418_length_918_cov_25.195360	482	562	21	54	80	0.6750000
NODE_8420_length_918_cov_10.537241	361	441	2	8	80	0.1000000
NODE_8420_length_918_cov_10.537241	361	441	3	19	80	0.2375000
NODE_8420_length_918_cov_10.537241	361	441	4	27	80	0.3375000
NODE_8420_length_918_cov_10.537241	361	441	8	26	80	0.3250000
NODE_8420_length_918_cov_10.537241	414	492	4	1	78	0.0128205
NODE_8420_length_918_cov_10.537241	414	492	6	12	78	0.1538462
NODE_8420_length_918_cov_10.537241	414	492	8	65	78	0.8333333
NODE_8421_length_918_cov_9.821734	283	363	2	21	80	0.2625000
NODE_8421_length_918_cov_9.821734	283	363	4	59	80	0.7375000
NODE_8421_length_918_cov_9.821734	336	416	0	7	80	0.0875000
NODE_8421_length_918_cov_9.821734	336	416	2	34	80	0.4250000
NODE_8421_length_918_cov_9.821734	336	416	4	39	80	0.4875000
NODE_8422_length_918_cov_9.714286	365	445	0	80	80	1.0000000
NODE_8422_length_918_cov_9.714286	418	498	0	80	80	1.0000000
NODE_8441_length_917_cov_38.845966	405	476	16	66	71	0.9295775
NODE_8441_length_917_cov_38.845966	405	476	20	5	71	0.0704225
NODE_8441_length_917_cov_38.845966	458	538	2	4	80	0.0500000
NODE_8441_length_917_cov_38.845966	458	538	5	22	80	0.2750000
NODE_8441_length_917_cov_38.845966	458	538	12	5	80	0.0625000
NODE_8441_length_917_cov_38.845966	458	538	15	1	80	0.0125000
NODE_8441_length_917_cov_38.845966	458	538	16	48	80	0.6000000
NODE_8442_length_917_cov_37.775061	505	585	0	29	80	0.3625000
NODE_8442_length_917_cov_37.775061	505	585	2	51	80	0.6375000
NODE_8442_length_917_cov_37.775061	558	638	0	80	80	1.0000000
NODE_8443_length_917_cov_33.195599	335	415	0	1	80	0.0125000
NODE_8443_length_917_cov_33.195599	335	415	2	14	80	0.1750000
NODE_8443_length_917_cov_33.195599	335	415	4	65	80	0.8125000
NODE_8443_length_917_cov_33.195599	388	468	0	52	80	0.6500000
NODE_8443_length_917_cov_33.195599	388	468	2	5	80	0.0625000
NODE_8443_length_917_cov_33.195599	388	468	4	23	80	0.2875000
NODE_8443_length_917_cov_33.195599	464	544	0	54	80	0.6750000
NODE_8443_length_917_cov_33.195599	464	544	2	26	80	0.3250000
NODE_8443_length_917_cov_33.195599	517	597	0	1	80	0.0125000
NODE_8443_length_917_cov_33.195599	517	597	2	79	80	0.9875000
NODE_8444_length_917_cov_22.871638	463	543	2	54	80	0.6750000
NODE_8444_length_917_cov_22.871638	463	543	6	25	80	0.3125000
NODE_8444_length_917_cov_22.871638	463	543	8	1	80	0.0125000
NODE_8444_length_917_cov_22.871638	516	593	2	1	77	0.0129870
NODE_8444_length_917_cov_22.871638	516	593	6	25	77	0.3246753
NODE_8444_length_917_cov_22.871638	516	593	8	51	77	0.6623377
NODE_8445_length_917_cov_16.899756	321	401	14	80	80	1.0000000
NODE_8445_length_917_cov_16.899756	374	454	2	43	80	0.5375000
NODE_8445_length_917_cov_16.899756	374	454	14	35	80	0.4375000
NODE_8445_length_917_cov_16.899756	374	454	16	2	80	0.0250000
NODE_8446_length_917_cov_12.283619	397	477	7	10	80	0.1250000
NODE_8446_length_917_cov_12.283619	397	477	9	4	80	0.0500000
NODE_8446_length_917_cov_12.283619	397	477	10	3	80	0.0375000
NODE_8446_length_917_cov_12.283619	397	477	11	8	80	0.1000000
NODE_8446_length_917_cov_12.283619	397	477	19	2	80	0.0250000
NODE_8446_length_917_cov_12.283619	397	477	20	6	80	0.0750000
NODE_8446_length_917_cov_12.283619	397	477	21	1	80	0.0125000
NODE_8446_length_917_cov_12.283619	397	477	22	46	80	0.5750000
NODE_8446_length_917_cov_12.283619	450	530	6	3	80	0.0375000
NODE_8446_length_917_cov_12.283619	450	530	14	21	80	0.2625000
NODE_8446_length_917_cov_12.283619	450	530	16	3	80	0.0375000
NODE_8446_length_917_cov_12.283619	450	530	18	25	80	0.3125000
NODE_8446_length_917_cov_12.283619	450	530	20	5	80	0.0625000
NODE_8446_length_917_cov_12.283619	450	530	21	1	80	0.0125000
NODE_8446_length_917_cov_12.283619	450	530	22	22	80	0.2750000
NODE_8447_length_917_cov_12.172372	380	460	4	3	80	0.0375000
NODE_8447_length_917_cov_12.172372	380	460	8	77	80	0.9625000
NODE_8447_length_917_cov_12.172372	433	513	0	10	80	0.1250000
NODE_8447_length_917_cov_12.172372	433	513	2	8	80	0.1000000
NODE_8447_length_917_cov_12.172372	433	513	6	1	80	0.0125000
NODE_8447_length_917_cov_12.172372	433	513	8	61	80	0.7625000
NODE_8447_length_917_cov_12.172372	545	597	0	52	52	1.0000000
NODE_8448_length_917_cov_8.277506	564	644	8	8	80	0.1000000
NODE_8448_length_917_cov_8.277506	564	644	12	72	80	0.9000000
NODE_8448_length_917_cov_8.277506	617	697	0	51	80	0.6375000
NODE_8448_length_917_cov_8.277506	617	697	8	10	80	0.1250000
NODE_8448_length_917_cov_8.277506	617	697	12	19	80	0.2375000
NODE_8449_length_917_cov_8.145477	155	235	0	64	80	0.8000000
NODE_8449_length_917_cov_8.145477	155	235	1	16	80	0.2000000
NODE_8449_length_917_cov_8.145477	208	288	0	11	80	0.1375000
NODE_8449_length_917_cov_8.145477	208	288	1	23	80	0.2875000
NODE_8449_length_917_cov_8.145477	208	288	2	46	80	0.5750000
NODE_8451_length_917_cov_6.073350	366	446	0	80	80	1.0000000
NODE_8451_length_917_cov_6.073350	419	499	0	80	80	1.0000000
NODE_8463_length_916_cov_32.867809	347	427	2	2	80	0.0250000
NODE_8463_length_916_cov_32.867809	347	427	4	12	80	0.1500000
NODE_8463_length_916_cov_32.867809	347	427	6	43	80	0.5375000
NODE_8463_length_916_cov_32.867809	347	427	10	23	80	0.2875000
NODE_8463_length_916_cov_32.867809	400	480	6	30	80	0.3750000
NODE_8463_length_916_cov_32.867809	400	480	8	1	80	0.0125000
NODE_8463_length_916_cov_32.867809	400	480	10	49	80	0.6125000
NODE_8464_length_916_cov_27.673195	450	530	0	42	80	0.5250000
NODE_8464_length_916_cov_27.673195	450	530	2	27	80	0.3375000
NODE_8464_length_916_cov_27.673195	450	530	3	11	80	0.1375000
NODE_8464_length_916_cov_27.673195	503	583	1	32	80	0.4000000
NODE_8464_length_916_cov_27.673195	503	583	2	24	80	0.3000000
NODE_8464_length_916_cov_27.673195	503	583	3	24	80	0.3000000
NODE_8465_length_916_cov_27.146879	223	303	2	5	80	0.0625000
NODE_8465_length_916_cov_27.146879	223	303	14	4	80	0.0500000
NODE_8465_length_916_cov_27.146879	223	303	21	1	80	0.0125000
NODE_8465_length_916_cov_27.146879	223	303	22	13	80	0.1625000
NODE_8465_length_916_cov_27.146879	223	303	24	57	80	0.7125000
NODE_8465_length_916_cov_27.146879	276	356	2	58	80	0.7250000
NODE_8465_length_916_cov_27.146879	276	356	14	4	80	0.0500000
NODE_8465_length_916_cov_27.146879	276	356	21	1	80	0.0125000
NODE_8465_length_916_cov_27.146879	276	356	22	13	80	0.1625000
NODE_8465_length_916_cov_27.146879	276	356	24	4	80	0.0500000
NODE_8466_length_916_cov_25.604651	398	478	4	3	80	0.0375000
NODE_8466_length_916_cov_25.604651	398	478	6	6	80	0.0750000
NODE_8466_length_916_cov_25.604651	398	478	8	43	80	0.5375000
NODE_8466_length_916_cov_25.604651	398	478	10	23	80	0.2875000
NODE_8466_length_916_cov_25.604651	398	478	12	5	80	0.0625000
NODE_8466_length_916_cov_25.604651	451	531	2	33	80	0.4125000
NODE_8466_length_916_cov_25.604651	451	531	4	1	80	0.0125000
NODE_8466_length_916_cov_25.604651	451	531	6	5	80	0.0625000
NODE_8466_length_916_cov_25.604651	451	531	8	41	80	0.5125000
NODE_8467_length_916_cov_18.035496	456	536	0	80	80	1.0000000
NODE_8467_length_916_cov_18.035496	509	589	0	80	80	1.0000000
NODE_8468_length_916_cov_12.651163	500	580	6	23	80	0.2875000
NODE_8468_length_916_cov_12.651163	500	580	10	1	80	0.0125000
NODE_8468_length_916_cov_12.651163	500	580	11	4	80	0.0500000
NODE_8468_length_916_cov_12.651163	500	580	12	12	80	0.1500000
NODE_8468_length_916_cov_12.651163	500	580	15	10	80	0.1250000
NODE_8468_length_916_cov_12.651163	500	580	16	30	80	0.3750000
NODE_8468_length_916_cov_12.651163	553	633	7	9	80	0.1125000
NODE_8468_length_916_cov_12.651163	553	633	8	4	80	0.0500000
NODE_8468_length_916_cov_12.651163	553	633	10	19	80	0.2375000
NODE_8468_length_916_cov_12.651163	553	633	14	8	80	0.1000000
NODE_8468_length_916_cov_12.651163	553	633	15	17	80	0.2125000
NODE_8468_length_916_cov_12.651163	553	633	16	23	80	0.2875000
NODE_8469_length_916_cov_11.337821	530	610	0	80	80	1.0000000
NODE_8469_length_916_cov_11.337821	583	663	0	80	80	1.0000000
NODE_8470_length_916_cov_9.640147	293	373	0	53	80	0.6625000
NODE_8470_length_916_cov_9.640147	293	373	2	27	80	0.3375000
NODE_8470_length_916_cov_9.640147	346	426	2	80	80	1.0000000
NODE_8472_length_916_cov_8.042840	426	506	0	80	80	1.0000000
NODE_8472_length_916_cov_8.042840	479	559	0	80	80	1.0000000
NODE_8473_length_916_cov_7.123623	785	847	6	8	62	0.1290323
NODE_8473_length_916_cov_7.123623	785	847	16	4	62	0.0645161
NODE_8473_length_916_cov_7.123623	785	847	18	1	62	0.0161290
NODE_8473_length_916_cov_7.123623	785	847	22	3	62	0.0483871
NODE_8473_length_916_cov_7.123623	785	847	24	4	62	0.0645161
NODE_8473_length_916_cov_7.123623	785	847	28	42	62	0.6774194
NODE_8473_length_916_cov_7.123623	820	900	23	1	80	0.0125000
NODE_8473_length_916_cov_7.123623	820	900	25	3	80	0.0375000
NODE_8473_length_916_cov_7.123623	820	900	27	34	80	0.4250000
NODE_8473_length_916_cov_7.123623	820	900	28	42	80	0.5250000
NODE_8481_length_915_cov_59.289216	398	478	2	12	80	0.1500000
NODE_8481_length_915_cov_59.289216	398	478	6	5	80	0.0625000
NODE_8481_length_915_cov_59.289216	398	478	8	5	80	0.0625000
NODE_8481_length_915_cov_59.289216	398	478	9	1	80	0.0125000
NODE_8481_length_915_cov_59.289216	398	478	10	8	80	0.1000000
NODE_8481_length_915_cov_59.289216	398	478	12	49	80	0.6125000
NODE_8481_length_915_cov_59.289216	451	531	2	53	80	0.6625000
NODE_8481_length_915_cov_59.289216	451	531	4	2	80	0.0250000
NODE_8481_length_915_cov_59.289216	451	531	6	5	80	0.0625000
NODE_8481_length_915_cov_59.289216	451	531	8	5	80	0.0625000
NODE_8481_length_915_cov_59.289216	451	531	12	5	80	0.0625000
NODE_8481_length_915_cov_59.289216	451	531	34	10	80	0.1250000
NODE_8481_length_915_cov_59.289216	527	607	34	7	80	0.0875000
NODE_8481_length_915_cov_59.289216	527	607	128	1	80	0.0125000
NODE_8481_length_915_cov_59.289216	527	607	129	16	80	0.2000000
NODE_8481_length_915_cov_59.289216	527	607	136	1	80	0.0125000
NODE_8481_length_915_cov_59.289216	527	607	137	10	80	0.1250000
NODE_8481_length_915_cov_59.289216	527	607	139	1	80	0.0125000
NODE_8481_length_915_cov_59.289216	527	607	140	2	80	0.0250000
NODE_8481_length_915_cov_59.289216	527	607	141	6	80	0.0750000
NODE_8481_length_915_cov_59.289216	527	607	142	15	80	0.1875000
NODE_8481_length_915_cov_59.289216	527	607	144	1	80	0.0125000
NODE_8481_length_915_cov_59.289216	527	607	152	1	80	0.0125000
NODE_8481_length_915_cov_59.289216	527	607	155	19	80	0.2375000
NODE_8481_length_915_cov_59.289216	580	660	64	2	80	0.0250000
NODE_8481_length_915_cov_59.289216	580	660	133	1	80	0.0125000
NODE_8481_length_915_cov_59.289216	580	660	134	14	80	0.1750000
NODE_8481_length_915_cov_59.289216	580	660	135	1	80	0.0125000
NODE_8481_length_915_cov_59.289216	580	660	136	20	80	0.2500000
NODE_8481_length_915_cov_59.289216	580	660	137	23	80	0.2875000
NODE_8481_length_915_cov_59.289216	580	660	139	1	80	0.0125000
NODE_8481_length_915_cov_59.289216	580	660	141	5	80	0.0625000
NODE_8481_length_915_cov_59.289216	580	660	142	12	80	0.1500000
NODE_8481_length_915_cov_59.289216	580	660	144	1	80	0.0125000
NODE_8482_length_915_cov_45.104167	153	228	0	22	75	0.2933333
NODE_8482_length_915_cov_45.104167	153	228	2	32	75	0.4266667
NODE_8482_length_915_cov_45.104167	153	228	8	21	75	0.2800000
NODE_8482_length_915_cov_45.104167	206	286	2	1	80	0.0125000
NODE_8482_length_915_cov_45.104167	206	286	8	50	80	0.6250000
NODE_8482_length_915_cov_45.104167	206	286	14	29	80	0.3625000
NODE_8482_length_915_cov_45.104167	282	362	6	36	80	0.4500000
NODE_8482_length_915_cov_45.104167	282	362	12	34	80	0.4250000
NODE_8482_length_915_cov_45.104167	282	362	14	10	80	0.1250000
NODE_8482_length_915_cov_45.104167	335	415	0	5	80	0.0625000
NODE_8482_length_915_cov_45.104167	335	415	2	48	80	0.6000000
NODE_8482_length_915_cov_45.104167	335	415	6	27	80	0.3375000
NODE_8483_length_915_cov_37.599265	397	477	0	80	80	1.0000000
NODE_8483_length_915_cov_37.599265	450	530	0	80	80	1.0000000
NODE_8485_length_915_cov_20.458333	297	377	0	15	80	0.1875000
NODE_8485_length_915_cov_20.458333	297	377	2	65	80	0.8125000
NODE_8485_length_915_cov_20.458333	350	430	2	80	80	1.0000000
NODE_8485_length_915_cov_20.458333	426	506	0	75	80	0.9375000
NODE_8485_length_915_cov_20.458333	426	506	2	5	80	0.0625000
NODE_8485_length_915_cov_20.458333	479	559	0	80	80	1.0000000
NODE_8486_length_915_cov_14.397059	175	255	4	6	80	0.0750000
NODE_8486_length_915_cov_14.397059	175	255	6	8	80	0.1000000
NODE_8486_length_915_cov_14.397059	175	255	8	8	80	0.1000000
NODE_8486_length_915_cov_14.397059	175	255	10	13	80	0.1625000
NODE_8486_length_915_cov_14.397059	175	255	12	45	80	0.5625000
NODE_8486_length_915_cov_14.397059	228	308	4	4	80	0.0500000
NODE_8486_length_915_cov_14.397059	228	308	6	9	80	0.1125000
NODE_8486_length_915_cov_14.397059	228	308	8	19	80	0.2375000
NODE_8486_length_915_cov_14.397059	228	308	12	48	80	0.6000000
NODE_8487_length_915_cov_8.741422	295	375	0	27	80	0.3375000
NODE_8487_length_915_cov_8.741422	295	375	2	4	80	0.0500000
NODE_8487_length_915_cov_8.741422	295	375	4	49	80	0.6125000
NODE_8487_length_915_cov_8.741422	348	428	4	80	80	1.0000000
NODE_8488_length_915_cov_7.719363	823	894	4	71	71	1.0000000
NODE_8488_length_915_cov_7.719363	828	894	4	66	66	1.0000000
NODE_8488_length_915_cov_7.719363	867	915	0	7	48	0.1458333
NODE_8488_length_915_cov_7.719363	867	915	2	9	48	0.1875000
NODE_8488_length_915_cov_7.719363	867	915	4	32	48	0.6666667
NODE_8488_length_915_cov_7.719363	867	915	0	7	48	0.1458333
NODE_8488_length_915_cov_7.719363	867	915	2	9	48	0.1875000
NODE_8488_length_915_cov_7.719363	867	915	4	32	48	0.6666667
NODE_8488_length_915_cov_7.719363	867	915	0	7	48	0.1458333
NODE_8488_length_915_cov_7.719363	867	915	2	9	48	0.1875000
NODE_8488_length_915_cov_7.719363	867	915	4	32	48	0.6666667
NODE_8489_length_915_cov_7.648284	370	450	0	26	80	0.3250000
NODE_8489_length_915_cov_7.648284	370	450	2	54	80	0.6750000
NODE_8489_length_915_cov_7.648284	423	503	2	46	80	0.5750000
NODE_8489_length_915_cov_7.648284	423	503	4	34	80	0.4250000
NODE_8490_length_915_cov_6.848039	434	514	8	15	80	0.1875000
NODE_8490_length_915_cov_6.848039	434	514	10	65	80	0.8125000
NODE_8490_length_915_cov_6.848039	487	567	0	4	80	0.0500000
NODE_8490_length_915_cov_6.848039	487	567	4	31	80	0.3875000
NODE_8490_length_915_cov_6.848039	487	567	8	33	80	0.4125000
NODE_8490_length_915_cov_6.848039	487	567	10	12	80	0.1500000
NODE_8497_length_915_cov_2.011029	24	99	0	75	75	1.0000000
NODE_8505_length_914_cov_89.814724	0	41	12	1	41	0.0243902
NODE_8505_length_914_cov_89.814724	0	41	14	5	41	0.1219512
NODE_8505_length_914_cov_89.814724	0	41	16	1	41	0.0243902
NODE_8505_length_914_cov_89.814724	0	41	18	1	41	0.0243902
NODE_8505_length_914_cov_89.814724	0	41	20	1	41	0.0243902
NODE_8505_length_914_cov_89.814724	0	41	22	1	41	0.0243902
NODE_8505_length_914_cov_89.814724	0	41	26	1	41	0.0243902
NODE_8505_length_914_cov_89.814724	0	41	35	1	41	0.0243902
NODE_8505_length_914_cov_89.814724	0	41	39	1	41	0.0243902
NODE_8505_length_914_cov_89.814724	0	41	42	1	41	0.0243902
NODE_8505_length_914_cov_89.814724	0	41	59	1	41	0.0243902
NODE_8505_length_914_cov_89.814724	0	41	61	1	41	0.0243902
NODE_8505_length_914_cov_89.814724	0	41	63	1	41	0.0243902
NODE_8505_length_914_cov_89.814724	0	41	70	1	41	0.0243902
NODE_8505_length_914_cov_89.814724	0	41	76	2	41	0.0487805
NODE_8505_length_914_cov_89.814724	0	41	80	1	41	0.0243902
NODE_8505_length_914_cov_89.814724	0	41	82	1	41	0.0243902
NODE_8505_length_914_cov_89.814724	0	41	90	1	41	0.0243902
NODE_8505_length_914_cov_89.814724	0	41	110	1	41	0.0243902
NODE_8505_length_914_cov_89.814724	0	41	116	1	41	0.0243902
NODE_8505_length_914_cov_89.814724	0	41	128	1	41	0.0243902
NODE_8505_length_914_cov_89.814724	0	41	131	1	41	0.0243902
NODE_8505_length_914_cov_89.814724	0	41	133	5	41	0.1219512
NODE_8505_length_914_cov_89.814724	0	41	137	2	41	0.0487805
NODE_8505_length_914_cov_89.814724	0	41	139	3	41	0.0731707
NODE_8505_length_914_cov_89.814724	0	41	141	1	41	0.0243902
NODE_8505_length_914_cov_89.814724	0	41	145	2	41	0.0487805
NODE_8505_length_914_cov_89.814724	0	41	146	1	41	0.0243902
NODE_8505_length_914_cov_89.814724	19	94	76	1	75	0.0133333
NODE_8505_length_914_cov_89.814724	19	94	80	1	75	0.0133333
NODE_8505_length_914_cov_89.814724	19	94	82	1	75	0.0133333
NODE_8505_length_914_cov_89.814724	19	94	90	1	75	0.0133333
NODE_8505_length_914_cov_89.814724	19	94	110	1	75	0.0133333
NODE_8505_length_914_cov_89.814724	19	94	116	1	75	0.0133333
NODE_8505_length_914_cov_89.814724	19	94	128	1	75	0.0133333
NODE_8505_length_914_cov_89.814724	19	94	131	1	75	0.0133333
NODE_8505_length_914_cov_89.814724	19	94	133	5	75	0.0666667
NODE_8505_length_914_cov_89.814724	19	94	137	2	75	0.0266667
NODE_8505_length_914_cov_89.814724	19	94	139	3	75	0.0400000
NODE_8505_length_914_cov_89.814724	19	94	141	1	75	0.0133333
NODE_8505_length_914_cov_89.814724	19	94	145	2	75	0.0266667
NODE_8505_length_914_cov_89.814724	19	94	146	1	75	0.0133333
NODE_8505_length_914_cov_89.814724	19	94	148	1	75	0.0133333
NODE_8505_length_914_cov_89.814724	19	94	150	1	75	0.0133333
NODE_8505_length_914_cov_89.814724	19	94	152	2	75	0.0266667
NODE_8505_length_914_cov_89.814724	19	94	156	1	75	0.0133333
NODE_8505_length_914_cov_89.814724	19	94	161	1	75	0.0133333
NODE_8505_length_914_cov_89.814724	19	94	166	2	75	0.0266667
NODE_8505_length_914_cov_89.814724	19	94	170	7	75	0.0933333
NODE_8505_length_914_cov_89.814724	19	94	172	4	75	0.0533333
NODE_8505_length_914_cov_89.814724	19	94	173	6	75	0.0800000
NODE_8505_length_914_cov_89.814724	19	94	175	4	75	0.0533333
NODE_8505_length_914_cov_89.814724	19	94	186	3	75	0.0400000
NODE_8505_length_914_cov_89.814724	19	94	187	1	75	0.0133333
NODE_8505_length_914_cov_89.814724	19	94	188	8	75	0.1066667
NODE_8505_length_914_cov_89.814724	19	94	189	8	75	0.1066667
NODE_8505_length_914_cov_89.814724	19	94	190	4	75	0.0533333
NODE_8506_length_914_cov_33.755828	400	480	8	11	80	0.1375000
NODE_8506_length_914_cov_33.755828	400	480	10	69	80	0.8625000
NODE_8506_length_914_cov_33.755828	453	533	2	11	80	0.1375000
NODE_8506_length_914_cov_33.755828	453	533	7	2	80	0.0250000
NODE_8506_length_914_cov_33.755828	453	533	8	39	80	0.4875000
NODE_8506_length_914_cov_33.755828	453	533	9	12	80	0.1500000
NODE_8506_length_914_cov_33.755828	453	533	10	16	80	0.2000000
NODE_8507_length_914_cov_31.557055	368	448	0	80	80	1.0000000
NODE_8507_length_914_cov_31.557055	421	501	0	80	80	1.0000000
NODE_8508_length_914_cov_29.087117	331	411	0	37	80	0.4625000
NODE_8508_length_914_cov_29.087117	331	411	2	2	80	0.0250000
NODE_8508_length_914_cov_29.087117	331	411	6	13	80	0.1625000
NODE_8508_length_914_cov_29.087117	331	411	10	28	80	0.3500000
NODE_8508_length_914_cov_29.087117	384	464	6	10	80	0.1250000
NODE_8508_length_914_cov_29.087117	384	464	8	25	80	0.3125000
NODE_8508_length_914_cov_29.087117	384	464	10	45	80	0.5625000
NODE_8509_length_914_cov_28.490798	273	353	2	5	80	0.0625000
NODE_8509_length_914_cov_28.490798	273	353	4	75	80	0.9375000
NODE_8509_length_914_cov_28.490798	326	406	0	53	80	0.6625000
NODE_8509_length_914_cov_28.490798	326	406	2	5	80	0.0625000
NODE_8509_length_914_cov_28.490798	326	406	4	22	80	0.2750000
NODE_8509_length_914_cov_28.490798	402	482	0	38	80	0.4750000
NODE_8509_length_914_cov_28.490798	402	482	2	42	80	0.5250000
NODE_8509_length_914_cov_28.490798	455	535	0	8	80	0.1000000
NODE_8509_length_914_cov_28.490798	455	535	2	72	80	0.9000000
NODE_8510_length_914_cov_25.429448	393	473	2	18	80	0.2250000
NODE_8510_length_914_cov_25.429448	393	473	3	4	80	0.0500000
NODE_8510_length_914_cov_25.429448	393	473	11	34	80	0.4250000
NODE_8510_length_914_cov_25.429448	393	473	12	1	80	0.0125000
NODE_8510_length_914_cov_25.429448	393	473	13	23	80	0.2875000
NODE_8510_length_914_cov_25.429448	446	526	11	31	80	0.3875000
NODE_8510_length_914_cov_25.429448	446	526	12	18	80	0.2250000
NODE_8510_length_914_cov_25.429448	446	526	13	1	80	0.0125000
NODE_8510_length_914_cov_25.429448	446	526	14	30	80	0.3750000
NODE_8510_length_914_cov_25.429448	522	602	8	1	80	0.0125000
NODE_8510_length_914_cov_25.429448	522	602	9	28	80	0.3500000
NODE_8510_length_914_cov_25.429448	522	602	10	1	80	0.0125000
NODE_8510_length_914_cov_25.429448	522	602	11	12	80	0.1500000
NODE_8510_length_914_cov_25.429448	522	602	12	8	80	0.1000000
NODE_8510_length_914_cov_25.429448	522	602	14	15	80	0.1875000
NODE_8510_length_914_cov_25.429448	522	602	16	15	80	0.1875000
NODE_8510_length_914_cov_25.429448	575	655	0	3	80	0.0375000
NODE_8510_length_914_cov_25.429448	575	655	2	13	80	0.1625000
NODE_8510_length_914_cov_25.429448	575	655	6	11	80	0.1375000
NODE_8510_length_914_cov_25.429448	575	655	7	20	80	0.2500000
NODE_8510_length_914_cov_25.429448	575	655	8	1	80	0.0125000
NODE_8510_length_914_cov_25.429448	575	655	9	32	80	0.4000000
NODE_8511_length_914_cov_19.111656	354	434	2	15	80	0.1875000
NODE_8511_length_914_cov_19.111656	354	434	4	34	80	0.4250000
NODE_8511_length_914_cov_19.111656	354	434	6	31	80	0.3875000
NODE_8511_length_914_cov_19.111656	407	487	0	12	80	0.1500000
NODE_8511_length_914_cov_19.111656	407	487	4	68	80	0.8500000
NODE_8512_length_914_cov_13.423313	603	683	2	15	80	0.1875000
NODE_8512_length_914_cov_13.423313	603	683	3	9	80	0.1125000
NODE_8512_length_914_cov_13.423313	603	683	4	56	80	0.7000000
NODE_8512_length_914_cov_13.423313	656	736	1	7	80	0.0875000
NODE_8512_length_914_cov_13.423313	656	736	2	61	80	0.7625000
NODE_8512_length_914_cov_13.423313	656	736	4	12	80	0.1500000
NODE_8513_length_914_cov_10.947239	341	411	6	6	70	0.0857143
NODE_8513_length_914_cov_10.947239	341	411	11	3	70	0.0428571
NODE_8513_length_914_cov_10.947239	341	411	12	17	70	0.2428571
NODE_8513_length_914_cov_10.947239	341	411	13	1	70	0.0142857
NODE_8513_length_914_cov_10.947239	341	411	14	43	70	0.6142857
NODE_8513_length_914_cov_10.947239	384	464	6	6	80	0.0750000
NODE_8513_length_914_cov_10.947239	384	464	9	39	80	0.4875000
NODE_8513_length_914_cov_10.947239	384	464	11	17	80	0.2125000
NODE_8513_length_914_cov_10.947239	384	464	12	15	80	0.1875000
NODE_8513_length_914_cov_10.947239	384	464	14	3	80	0.0375000
NODE_8518_length_914_cov_1.931288	833	873	0	8	40	0.2000000
NODE_8518_length_914_cov_1.931288	833	873	2	32	40	0.8000000
NODE_8526_length_913_cov_49.665848	31	111	37	1	80	0.0125000
NODE_8526_length_913_cov_49.665848	31	111	41	1	80	0.0125000
NODE_8526_length_913_cov_49.665848	31	111	42	2	80	0.0250000
NODE_8526_length_913_cov_49.665848	31	111	48	6	80	0.0750000
NODE_8526_length_913_cov_49.665848	31	111	52	14	80	0.1750000
NODE_8526_length_913_cov_49.665848	31	111	56	1	80	0.0125000
NODE_8526_length_913_cov_49.665848	31	111	58	5	80	0.0625000
NODE_8526_length_913_cov_49.665848	31	111	60	1	80	0.0125000
NODE_8526_length_913_cov_49.665848	31	111	62	3	80	0.0375000
NODE_8526_length_913_cov_49.665848	31	111	64	5	80	0.0625000
NODE_8526_length_913_cov_49.665848	31	111	66	7	80	0.0875000
NODE_8526_length_913_cov_49.665848	31	111	68	4	80	0.0500000
NODE_8526_length_913_cov_49.665848	31	111	70	3	80	0.0375000
NODE_8526_length_913_cov_49.665848	31	111	72	15	80	0.1875000
NODE_8526_length_913_cov_49.665848	31	111	74	12	80	0.1500000
NODE_8526_length_913_cov_49.665848	136	155	30	2	19	0.1052632
NODE_8526_length_913_cov_49.665848	136	155	32	2	19	0.1052632
NODE_8526_length_913_cov_49.665848	136	155	40	3	19	0.1578947
NODE_8526_length_913_cov_49.665848	136	155	42	5	19	0.2631579
NODE_8526_length_913_cov_49.665848	136	155	43	1	19	0.0526316
NODE_8526_length_913_cov_49.665848	136	155	44	5	19	0.2631579
NODE_8526_length_913_cov_49.665848	136	155	46	1	19	0.0526316
NODE_8527_length_913_cov_47.115479	367	447	4	23	80	0.2875000
NODE_8527_length_913_cov_47.115479	367	447	6	1	80	0.0125000
NODE_8527_length_913_cov_47.115479	367	447	8	56	80	0.7000000
NODE_8527_length_913_cov_47.115479	420	500	4	19	80	0.2375000
NODE_8527_length_913_cov_47.115479	420	500	6	7	80	0.0875000
NODE_8527_length_913_cov_47.115479	420	500	8	41	80	0.5125000
NODE_8527_length_913_cov_47.115479	420	500	10	13	80	0.1625000
NODE_8528_length_913_cov_36.541769	502	582	2	9	80	0.1125000
NODE_8528_length_913_cov_36.541769	502	582	4	16	80	0.2000000
NODE_8528_length_913_cov_36.541769	502	582	7	3	80	0.0375000
NODE_8528_length_913_cov_36.541769	502	582	9	25	80	0.3125000
NODE_8528_length_913_cov_36.541769	502	582	10	7	80	0.0875000
NODE_8528_length_913_cov_36.541769	502	582	11	20	80	0.2500000
NODE_8528_length_913_cov_36.541769	555	635	4	2	80	0.0250000
NODE_8528_length_913_cov_36.541769	555	635	6	1	80	0.0125000
NODE_8528_length_913_cov_36.541769	555	635	7	13	80	0.1625000
NODE_8528_length_913_cov_36.541769	555	635	9	29	80	0.3625000
NODE_8528_length_913_cov_36.541769	555	635	10	10	80	0.1250000
NODE_8528_length_913_cov_36.541769	555	635	11	25	80	0.3125000
NODE_8529_length_913_cov_33.679361	433	513	0	9	80	0.1125000
NODE_8529_length_913_cov_33.679361	433	513	2	71	80	0.8875000
NODE_8529_length_913_cov_33.679361	486	566	0	9	80	0.1125000
NODE_8529_length_913_cov_33.679361	486	566	2	71	80	0.8875000
NODE_8530_length_913_cov_29.675676	408	488	0	80	80	1.0000000
NODE_8530_length_913_cov_29.675676	461	541	0	80	80	1.0000000
NODE_8531_length_913_cov_24.901720	342	422	0	26	80	0.3250000
NODE_8531_length_913_cov_24.901720	342	422	2	54	80	0.6750000
NODE_8531_length_913_cov_24.901720	395	475	2	66	80	0.8250000
NODE_8531_length_913_cov_24.901720	395	475	4	14	80	0.1750000
NODE_8532_length_913_cov_24.625307	396	476	0	14	80	0.1750000
NODE_8532_length_913_cov_24.625307	396	476	1	43	80	0.5375000
NODE_8532_length_913_cov_24.625307	396	476	2	23	80	0.2875000
NODE_8532_length_913_cov_24.625307	449	529	0	67	80	0.8375000
NODE_8532_length_913_cov_24.625307	449	529	1	13	80	0.1625000
NODE_8533_length_913_cov_15.094595	525	589	0	64	64	1.0000000
NODE_8533_length_913_cov_15.094595	562	642	0	80	80	1.0000000
NODE_8534_length_913_cov_8.633907	305	385	0	15	80	0.1875000
NODE_8534_length_913_cov_8.633907	305	385	10	30	80	0.3750000
NODE_8534_length_913_cov_8.633907	305	385	12	35	80	0.4375000
NODE_8534_length_913_cov_8.633907	358	429	11	1	71	0.0140845
NODE_8534_length_913_cov_8.633907	358	429	12	32	71	0.4507042
NODE_8534_length_913_cov_8.633907	358	429	13	38	71	0.5352113
NODE_8546_length_912_cov_25.110701	419	499	0	80	80	1.0000000
NODE_8546_length_912_cov_25.110701	472	552	0	80	80	1.0000000
NODE_8547_length_912_cov_20.045510	306	386	2	13	80	0.1625000
NODE_8547_length_912_cov_20.045510	306	386	8	53	80	0.6625000
NODE_8547_length_912_cov_20.045510	306	386	10	14	80	0.1750000
NODE_8547_length_912_cov_20.045510	359	439	2	25	80	0.3125000
NODE_8547_length_912_cov_20.045510	359	439	8	40	80	0.5000000
NODE_8547_length_912_cov_20.045510	359	439	10	15	80	0.1875000
NODE_8548_length_912_cov_19.635916	326	406	12	80	80	1.0000000
NODE_8548_length_912_cov_19.635916	379	459	0	28	80	0.3500000
NODE_8548_length_912_cov_19.635916	379	459	12	52	80	0.6500000
NODE_8549_length_912_cov_17.714637	395	475	2	11	80	0.1375000
NODE_8549_length_912_cov_17.714637	395	475	4	13	80	0.1625000
NODE_8549_length_912_cov_17.714637	395	475	6	56	80	0.7000000
NODE_8549_length_912_cov_17.714637	448	528	2	30	80	0.3750000
NODE_8549_length_912_cov_17.714637	448	528	4	3	80	0.0375000
NODE_8549_length_912_cov_17.714637	448	528	6	47	80	0.5875000
NODE_8550_length_912_cov_15.546125	355	435	4	30	80	0.3750000
NODE_8550_length_912_cov_15.546125	355	435	6	10	80	0.1250000
NODE_8550_length_912_cov_15.546125	355	435	7	1	80	0.0125000
NODE_8550_length_912_cov_15.546125	355	435	8	39	80	0.4875000
NODE_8550_length_912_cov_15.546125	408	488	2	2	80	0.0250000
NODE_8550_length_912_cov_15.546125	408	488	4	12	80	0.1500000
NODE_8550_length_912_cov_15.546125	408	488	6	2	80	0.0250000
NODE_8550_length_912_cov_15.546125	408	488	8	64	80	0.8000000
NODE_8551_length_912_cov_15.077491	255	291	2	36	36	1.0000000
NODE_8551_length_912_cov_15.077491	264	328	2	64	64	1.0000000
NODE_8551_length_912_cov_15.077491	415	495	0	18	80	0.2250000
NODE_8551_length_912_cov_15.077491	415	495	2	62	80	0.7750000
NODE_8551_length_912_cov_15.077491	468	548	2	52	80	0.6500000
NODE_8551_length_912_cov_15.077491	468	548	4	28	80	0.3500000
NODE_8552_length_912_cov_15.023370	361	441	2	19	80	0.2375000
NODE_8552_length_912_cov_15.023370	361	441	4	25	80	0.3125000
NODE_8552_length_912_cov_15.023370	361	441	6	36	80	0.4500000
NODE_8552_length_912_cov_15.023370	414	494	0	21	80	0.2625000
NODE_8552_length_912_cov_15.023370	414	494	2	16	80	0.2000000
NODE_8552_length_912_cov_15.023370	414	494	4	26	80	0.3250000
NODE_8552_length_912_cov_15.023370	414	494	6	17	80	0.2125000
NODE_8553_length_912_cov_13.600246	61	141	0	80	80	1.0000000
NODE_8553_length_912_cov_13.600246	460	540	0	39	80	0.4875000
NODE_8553_length_912_cov_13.600246	460	540	5	40	80	0.5000000
NODE_8553_length_912_cov_13.600246	460	540	7	1	80	0.0125000
NODE_8553_length_912_cov_13.600246	513	593	5	26	80	0.3250000
NODE_8553_length_912_cov_13.600246	513	593	7	48	80	0.6000000
NODE_8553_length_912_cov_13.600246	513	593	8	6	80	0.0750000
NODE_8554_length_912_cov_13.113161	385	465	0	2	80	0.0250000
NODE_8554_length_912_cov_13.113161	385	465	4	50	80	0.6250000
NODE_8554_length_912_cov_13.113161	385	465	6	7	80	0.0875000
NODE_8554_length_912_cov_13.113161	385	465	8	21	80	0.2625000
NODE_8554_length_912_cov_13.113161	438	518	4	32	80	0.4000000
NODE_8554_length_912_cov_13.113161	438	518	6	6	80	0.0750000
NODE_8554_length_912_cov_13.113161	438	518	8	42	80	0.5250000
NODE_8555_length_912_cov_11.110701	353	433	2	57	80	0.7125000
NODE_8555_length_912_cov_11.110701	353	433	4	23	80	0.2875000
NODE_8555_length_912_cov_11.110701	406	486	2	48	80	0.6000000
NODE_8555_length_912_cov_11.110701	406	486	4	32	80	0.4000000
NODE_8555_length_912_cov_11.110701	827	907	0	80	80	1.0000000
NODE_8555_length_912_cov_11.110701	831	854	0	23	23	1.0000000
NODE_8584_length_911_cov_173.171182	580	660	136	1	80	0.0125000
NODE_8584_length_911_cov_173.171182	580	660	138	1	80	0.0125000
NODE_8584_length_911_cov_173.171182	580	660	140	1	80	0.0125000
NODE_8584_length_911_cov_173.171182	580	660	147	1	80	0.0125000
NODE_8584_length_911_cov_173.171182	580	660	153	1	80	0.0125000
NODE_8584_length_911_cov_173.171182	580	660	156	1	80	0.0125000
NODE_8584_length_911_cov_173.171182	580	660	170	1	80	0.0125000
NODE_8584_length_911_cov_173.171182	580	660	172	1	80	0.0125000
NODE_8584_length_911_cov_173.171182	580	660	174	1	80	0.0125000
NODE_8584_length_911_cov_173.171182	580	660	179	1	80	0.0125000
NODE_8584_length_911_cov_173.171182	580	660	188	1	80	0.0125000
NODE_8584_length_911_cov_173.171182	580	660	196	1	80	0.0125000
NODE_8584_length_911_cov_173.171182	580	660	201	1	80	0.0125000
NODE_8584_length_911_cov_173.171182	580	660	202	1	80	0.0125000
NODE_8584_length_911_cov_173.171182	580	660	208	1	80	0.0125000
NODE_8584_length_911_cov_173.171182	580	660	228	1	80	0.0125000
NODE_8584_length_911_cov_173.171182	580	660	235	1	80	0.0125000
NODE_8584_length_911_cov_173.171182	580	660	242	3	80	0.0375000
NODE_8584_length_911_cov_173.171182	580	660	243	1	80	0.0125000
NODE_8584_length_911_cov_173.171182	580	660	258	2	80	0.0250000
NODE_8584_length_911_cov_173.171182	580	660	263	1	80	0.0125000
NODE_8584_length_911_cov_173.171182	580	660	267	1	80	0.0125000
NODE_8584_length_911_cov_173.171182	580	660	279	2	80	0.0250000
NODE_8584_length_911_cov_173.171182	580	660	287	1	80	0.0125000
NODE_8584_length_911_cov_173.171182	580	660	291	1	80	0.0125000
NODE_8584_length_911_cov_173.171182	580	660	299	1	80	0.0125000
NODE_8584_length_911_cov_173.171182	580	660	313	1	80	0.0125000
NODE_8584_length_911_cov_173.171182	580	660	326	1	80	0.0125000
NODE_8584_length_911_cov_173.171182	580	660	336	1	80	0.0125000
NODE_8584_length_911_cov_173.171182	580	660	339	1	80	0.0125000
NODE_8584_length_911_cov_173.171182	580	660	344	1	80	0.0125000
NODE_8584_length_911_cov_173.171182	580	660	346	1	80	0.0125000
NODE_8584_length_911_cov_173.171182	580	660	353	1	80	0.0125000
NODE_8584_length_911_cov_173.171182	580	660	356	2	80	0.0250000
NODE_8584_length_911_cov_173.171182	580	660	359	1	80	0.0125000
NODE_8584_length_911_cov_173.171182	580	660	360	1	80	0.0125000
NODE_8584_length_911_cov_173.171182	580	660	364	1	80	0.0125000
NODE_8584_length_911_cov_173.171182	580	660	365	1	80	0.0125000
NODE_8584_length_911_cov_173.171182	580	660	376	1	80	0.0125000
NODE_8584_length_911_cov_173.171182	580	660	382	2	80	0.0250000
NODE_8584_length_911_cov_173.171182	580	660	387	1	80	0.0125000
NODE_8584_length_911_cov_173.171182	580	660	391	1	80	0.0125000
NODE_8584_length_911_cov_173.171182	580	660	393	1	80	0.0125000
NODE_8584_length_911_cov_173.171182	580	660	396	2	80	0.0250000
NODE_8584_length_911_cov_173.171182	580	660	399	1	80	0.0125000
NODE_8584_length_911_cov_173.171182	580	660	401	1	80	0.0125000
NODE_8584_length_911_cov_173.171182	580	660	411	1	80	0.0125000
NODE_8584_length_911_cov_173.171182	580	660	412	2	80	0.0250000
NODE_8584_length_911_cov_173.171182	580	660	413	2	80	0.0250000
NODE_8584_length_911_cov_173.171182	580	660	416	1	80	0.0125000
NODE_8584_length_911_cov_173.171182	580	660	417	1	80	0.0125000
NODE_8584_length_911_cov_173.171182	580	660	418	1	80	0.0125000
NODE_8584_length_911_cov_173.171182	580	660	420	1	80	0.0125000
NODE_8584_length_911_cov_173.171182	580	660	421	1	80	0.0125000
NODE_8584_length_911_cov_173.171182	580	660	430	3	80	0.0375000
NODE_8584_length_911_cov_173.171182	580	660	431	4	80	0.0500000
NODE_8584_length_911_cov_173.171182	580	660	432	1	80	0.0125000
NODE_8584_length_911_cov_173.171182	580	660	435	3	80	0.0375000
NODE_8584_length_911_cov_173.171182	580	660	444	1	80	0.0125000
NODE_8584_length_911_cov_173.171182	580	660	447	1	80	0.0125000
NODE_8584_length_911_cov_173.171182	580	660	449	4	80	0.0500000
NODE_8584_length_911_cov_173.171182	633	713	350	2	80	0.0250000
NODE_8584_length_911_cov_173.171182	633	713	352	2	80	0.0250000
NODE_8584_length_911_cov_173.171182	633	713	357	1	80	0.0125000
NODE_8584_length_911_cov_173.171182	633	713	361	1	80	0.0125000
NODE_8584_length_911_cov_173.171182	633	713	363	1	80	0.0125000
NODE_8584_length_911_cov_173.171182	633	713	364	1	80	0.0125000
NODE_8584_length_911_cov_173.171182	633	713	369	1	80	0.0125000
NODE_8584_length_911_cov_173.171182	633	713	372	1	80	0.0125000
NODE_8584_length_911_cov_173.171182	633	713	373	2	80	0.0250000
NODE_8584_length_911_cov_173.171182	633	713	379	1	80	0.0125000
NODE_8584_length_911_cov_173.171182	633	713	383	2	80	0.0250000
NODE_8584_length_911_cov_173.171182	633	713	384	1	80	0.0125000
NODE_8584_length_911_cov_173.171182	633	713	388	1	80	0.0125000
NODE_8584_length_911_cov_173.171182	633	713	389	1	80	0.0125000
NODE_8584_length_911_cov_173.171182	633	713	390	1	80	0.0125000
NODE_8584_length_911_cov_173.171182	633	713	394	1	80	0.0125000
NODE_8584_length_911_cov_173.171182	633	713	398	1	80	0.0125000
NODE_8584_length_911_cov_173.171182	633	713	401	1	80	0.0125000
NODE_8584_length_911_cov_173.171182	633	713	405	2	80	0.0250000
NODE_8584_length_911_cov_173.171182	633	713	407	1	80	0.0125000
NODE_8584_length_911_cov_173.171182	633	713	411	1	80	0.0125000
NODE_8584_length_911_cov_173.171182	633	713	412	2	80	0.0250000
NODE_8584_length_911_cov_173.171182	633	713	413	2	80	0.0250000
NODE_8584_length_911_cov_173.171182	633	713	416	1	80	0.0125000
NODE_8584_length_911_cov_173.171182	633	713	417	1	80	0.0125000
NODE_8584_length_911_cov_173.171182	633	713	418	1	80	0.0125000
NODE_8584_length_911_cov_173.171182	633	713	419	1	80	0.0125000
NODE_8584_length_911_cov_173.171182	633	713	420	1	80	0.0125000
NODE_8584_length_911_cov_173.171182	633	713	421	1	80	0.0125000
NODE_8584_length_911_cov_173.171182	633	713	425	1	80	0.0125000
NODE_8584_length_911_cov_173.171182	633	713	430	3	80	0.0375000
NODE_8584_length_911_cov_173.171182	633	713	431	4	80	0.0500000
NODE_8584_length_911_cov_173.171182	633	713	432	1	80	0.0125000
NODE_8584_length_911_cov_173.171182	633	713	435	3	80	0.0375000
NODE_8584_length_911_cov_173.171182	633	713	437	1	80	0.0125000
NODE_8584_length_911_cov_173.171182	633	713	438	2	80	0.0250000
NODE_8584_length_911_cov_173.171182	633	713	440	1	80	0.0125000
NODE_8584_length_911_cov_173.171182	633	713	442	1	80	0.0125000
NODE_8584_length_911_cov_173.171182	633	713	443	2	80	0.0250000
NODE_8584_length_911_cov_173.171182	633	713	444	1	80	0.0125000
NODE_8584_length_911_cov_173.171182	633	713	446	2	80	0.0250000
NODE_8584_length_911_cov_173.171182	633	713	447	2	80	0.0250000
NODE_8584_length_911_cov_173.171182	633	713	448	1	80	0.0125000
NODE_8584_length_911_cov_173.171182	633	713	449	4	80	0.0500000
NODE_8584_length_911_cov_173.171182	633	713	450	2	80	0.0250000
NODE_8584_length_911_cov_173.171182	633	713	451	3	80	0.0375000
NODE_8584_length_911_cov_173.171182	633	713	453	8	80	0.1000000
NODE_8584_length_911_cov_173.171182	633	713	455	2	80	0.0250000
NODE_8585_length_911_cov_88.250000	525	605	0	37	80	0.4625000
NODE_8585_length_911_cov_88.250000	525	605	2	43	80	0.5375000
NODE_8585_length_911_cov_88.250000	578	658	2	80	80	1.0000000
NODE_8586_length_911_cov_46.854680	255	335	11	20	80	0.2500000
NODE_8586_length_911_cov_46.854680	255	335	12	1	80	0.0125000
NODE_8586_length_911_cov_46.854680	255	335	14	1	80	0.0125000
NODE_8586_length_911_cov_46.854680	255	335	15	11	80	0.1375000
NODE_8586_length_911_cov_46.854680	255	335	18	11	80	0.1375000
NODE_8586_length_911_cov_46.854680	255	335	19	19	80	0.2375000
NODE_8586_length_911_cov_46.854680	255	335	21	17	80	0.2125000
NODE_8586_length_911_cov_46.854680	308	388	0	7	80	0.0875000
NODE_8586_length_911_cov_46.854680	308	388	2	3	80	0.0375000
NODE_8586_length_911_cov_46.854680	308	388	4	5	80	0.0625000
NODE_8586_length_911_cov_46.854680	308	388	8	1	80	0.0125000
NODE_8586_length_911_cov_46.854680	308	388	10	4	80	0.0500000
NODE_8586_length_911_cov_46.854680	308	388	14	16	80	0.2000000
NODE_8586_length_911_cov_46.854680	308	388	18	28	80	0.3500000
NODE_8586_length_911_cov_46.854680	308	388	19	7	80	0.0875000
NODE_8586_length_911_cov_46.854680	308	388	21	9	80	0.1125000
NODE_8586_length_911_cov_46.854680	384	464	0	80	80	1.0000000
NODE_8586_length_911_cov_46.854680	437	517	0	80	80	1.0000000
NODE_8587_length_911_cov_31.362069	301	381	0	62	80	0.7750000
NODE_8587_length_911_cov_31.362069	301	381	4	18	80	0.2250000
NODE_8587_length_911_cov_31.362069	354	434	0	9	80	0.1125000
NODE_8587_length_911_cov_31.362069	354	434	4	71	80	0.8875000
NODE_8588_length_911_cov_19.235222	445	525	4	71	80	0.8875000
NODE_8588_length_911_cov_19.235222	445	525	8	9	80	0.1125000
NODE_8588_length_911_cov_19.235222	498	578	4	54	80	0.6750000
NODE_8588_length_911_cov_19.235222	498	578	8	26	80	0.3250000
NODE_8589_length_911_cov_16.230296	233	313	0	7	80	0.0875000
NODE_8589_length_911_cov_16.230296	233	313	2	73	80	0.9125000
NODE_8589_length_911_cov_16.230296	286	366	0	56	80	0.7000000
NODE_8589_length_911_cov_16.230296	286	366	2	24	80	0.3000000
NODE_8590_length_911_cov_14.979064	472	552	0	9	80	0.1125000
NODE_8590_length_911_cov_14.979064	472	552	4	51	80	0.6375000
NODE_8590_length_911_cov_14.979064	472	552	6	20	80	0.2500000
NODE_8590_length_911_cov_14.979064	525	605	4	25	80	0.3125000
NODE_8590_length_911_cov_14.979064	525	605	6	35	80	0.4375000
NODE_8590_length_911_cov_14.979064	525	605	7	1	80	0.0125000
NODE_8590_length_911_cov_14.979064	525	605	8	19	80	0.2375000
NODE_8591_length_911_cov_12.089901	357	409	16	3	52	0.0576923
NODE_8591_length_911_cov_12.089901	357	409	25	34	52	0.6538461
NODE_8591_length_911_cov_12.089901	357	409	26	15	52	0.2884615
NODE_8591_length_911_cov_12.089901	401	462	6	5	61	0.0819672
NODE_8591_length_911_cov_12.089901	401	462	16	25	61	0.4098361
NODE_8591_length_911_cov_12.089901	401	462	18	6	61	0.0983607
NODE_8591_length_911_cov_12.089901	401	462	20	8	61	0.1311475
NODE_8591_length_911_cov_12.089901	401	462	21	4	61	0.0655738
NODE_8591_length_911_cov_12.089901	401	462	25	13	61	0.2131148
NODE_8606_length_910_cov_27.838471	347	427	2	5	80	0.0625000
NODE_8606_length_910_cov_27.838471	347	427	4	37	80	0.4625000
NODE_8606_length_910_cov_27.838471	347	427	6	38	80	0.4750000
NODE_8606_length_910_cov_27.838471	400	480	2	5	80	0.0625000
NODE_8606_length_910_cov_27.838471	400	480	4	70	80	0.8750000
NODE_8606_length_910_cov_27.838471	400	480	6	5	80	0.0625000
NODE_8607_length_910_cov_25.895191	361	441	8	6	80	0.0750000
NODE_8607_length_910_cov_25.895191	361	441	9	45	80	0.5625000
NODE_8607_length_910_cov_25.895191	361	441	10	1	80	0.0125000
NODE_8607_length_910_cov_25.895191	361	441	11	9	80	0.1125000
NODE_8607_length_910_cov_25.895191	361	441	12	6	80	0.0750000
NODE_8607_length_910_cov_25.895191	361	441	13	2	80	0.0250000
NODE_8607_length_910_cov_25.895191	361	441	14	1	80	0.0125000
NODE_8607_length_910_cov_25.895191	361	441	15	10	80	0.1250000
NODE_8607_length_910_cov_25.895191	414	494	10	39	80	0.4875000
NODE_8607_length_910_cov_25.895191	414	494	11	10	80	0.1250000
NODE_8607_length_910_cov_25.895191	414	494	12	5	80	0.0625000
NODE_8607_length_910_cov_25.895191	414	494	13	14	80	0.1750000
NODE_8607_length_910_cov_25.895191	414	494	14	2	80	0.0250000
NODE_8607_length_910_cov_25.895191	414	494	15	10	80	0.1250000
NODE_8608_length_910_cov_25.604192	294	374	3	41	80	0.5125000
NODE_8608_length_910_cov_25.604192	294	374	7	24	80	0.3000000
NODE_8608_length_910_cov_25.604192	294	374	8	13	80	0.1625000
NODE_8608_length_910_cov_25.604192	294	374	9	2	80	0.0250000
NODE_8608_length_910_cov_25.604192	347	427	6	10	80	0.1250000
NODE_8608_length_910_cov_25.604192	347	427	7	12	80	0.1500000
NODE_8608_length_910_cov_25.604192	347	427	8	13	80	0.1625000
NODE_8608_length_910_cov_25.604192	347	427	9	12	80	0.1500000
NODE_8608_length_910_cov_25.604192	347	427	10	33	80	0.4125000
NODE_8608_length_910_cov_25.604192	423	503	2	12	80	0.1500000
NODE_8608_length_910_cov_25.604192	423	503	4	42	80	0.5250000
NODE_8608_length_910_cov_25.604192	423	503	6	26	80	0.3250000
NODE_8608_length_910_cov_25.604192	476	556	4	39	80	0.4875000
NODE_8608_length_910_cov_25.604192	476	556	5	13	80	0.1625000
NODE_8608_length_910_cov_25.604192	476	556	6	28	80	0.3500000
NODE_8609_length_910_cov_16.066584	656	736	4	38	80	0.4750000
NODE_8609_length_910_cov_16.066584	656	736	10	23	80	0.2875000
NODE_8609_length_910_cov_16.066584	656	736	17	19	80	0.2375000
NODE_8609_length_910_cov_16.066584	709	789	10	8	80	0.1000000
NODE_8609_length_910_cov_16.066584	709	789	13	32	80	0.4000000
NODE_8609_length_910_cov_16.066584	709	789	15	11	80	0.1375000
NODE_8609_length_910_cov_16.066584	709	789	17	29	80	0.3625000
NODE_8610_length_910_cov_14.696671	417	497	10	30	80	0.3750000
NODE_8610_length_910_cov_14.696671	417	497	12	6	80	0.0750000
NODE_8610_length_910_cov_14.696671	417	497	17	6	80	0.0750000
NODE_8610_length_910_cov_14.696671	417	497	18	6	80	0.0750000
NODE_8610_length_910_cov_14.696671	417	497	19	7	80	0.0875000
NODE_8610_length_910_cov_14.696671	417	497	20	25	80	0.3125000
NODE_8610_length_910_cov_14.696671	470	550	7	26	80	0.3250000
NODE_8610_length_910_cov_14.696671	470	550	9	18	80	0.2250000
NODE_8610_length_910_cov_14.696671	470	550	15	2	80	0.0250000
NODE_8610_length_910_cov_14.696671	470	550	16	6	80	0.0750000
NODE_8610_length_910_cov_14.696671	470	550	17	7	80	0.0875000
NODE_8610_length_910_cov_14.696671	470	550	18	6	80	0.0750000
NODE_8610_length_910_cov_14.696671	470	550	19	7	80	0.0875000
NODE_8610_length_910_cov_14.696671	470	550	20	8	80	0.1000000
NODE_8612_length_910_cov_7.114673	442	522	0	80	80	1.0000000
NODE_8612_length_910_cov_7.114673	495	575	0	80	80	1.0000000
NODE_8614_length_910_cov_2.992602	196	269	4	2	73	0.0273973
NODE_8614_length_910_cov_2.992602	196	269	6	8	73	0.1095890
NODE_8614_length_910_cov_2.992602	196	269	8	4	73	0.0547945
NODE_8614_length_910_cov_2.992602	196	269	10	34	73	0.4657534
NODE_8614_length_910_cov_2.992602	196	269	14	2	73	0.0273973
NODE_8614_length_910_cov_2.992602	196	269	16	3	73	0.0410959
NODE_8614_length_910_cov_2.992602	196	269	18	5	73	0.0684932
NODE_8614_length_910_cov_2.992602	196	269	20	15	73	0.2054795
NODE_8614_length_910_cov_2.992602	249	329	18	5	80	0.0625000
NODE_8614_length_910_cov_2.992602	249	329	20	22	80	0.2750000
NODE_8614_length_910_cov_2.992602	249	329	21	10	80	0.1250000
NODE_8614_length_910_cov_2.992602	249	329	22	7	80	0.0875000
NODE_8614_length_910_cov_2.992602	249	329	23	15	80	0.1875000
NODE_8614_length_910_cov_2.992602	249	329	24	21	80	0.2625000
NODE_8614_length_910_cov_2.992602	386	439	12	48	53	0.9056604
NODE_8614_length_910_cov_2.992602	386	439	14	3	53	0.0566038
NODE_8614_length_910_cov_2.992602	386	439	16	2	53	0.0377358
NODE_8623_length_909_cov_35.291358	426	506	18	35	80	0.4375000
NODE_8623_length_909_cov_35.291358	426	506	19	33	80	0.4125000
NODE_8623_length_909_cov_35.291358	426	506	20	12	80	0.1500000
NODE_8623_length_909_cov_35.291358	479	559	0	4	80	0.0500000
NODE_8623_length_909_cov_35.291358	479	559	9	15	80	0.1875000
NODE_8623_length_909_cov_35.291358	479	559	11	13	80	0.1625000
NODE_8623_length_909_cov_35.291358	479	559	18	1	80	0.0125000
NODE_8623_length_909_cov_35.291358	479	559	19	47	80	0.5875000
NODE_8624_length_909_cov_27.449383	311	391	2	2	80	0.0250000
NODE_8624_length_909_cov_27.449383	311	391	10	19	80	0.2375000
NODE_8624_length_909_cov_27.449383	311	391	12	4	80	0.0500000
NODE_8624_length_909_cov_27.449383	311	391	14	30	80	0.3750000
NODE_8624_length_909_cov_27.449383	311	391	16	25	80	0.3125000
NODE_8624_length_909_cov_27.449383	364	444	4	9	80	0.1125000
NODE_8624_length_909_cov_27.449383	364	444	6	3	80	0.0375000
NODE_8624_length_909_cov_27.449383	364	444	8	4	80	0.0500000
NODE_8624_length_909_cov_27.449383	364	444	10	10	80	0.1250000
NODE_8624_length_909_cov_27.449383	364	444	14	2	80	0.0250000
NODE_8624_length_909_cov_27.449383	364	444	16	25	80	0.3125000
NODE_8624_length_909_cov_27.449383	364	444	18	27	80	0.3375000
NODE_8625_length_909_cov_25.212346	295	375	0	21	80	0.2625000
NODE_8625_length_909_cov_25.212346	295	375	4	41	80	0.5125000
NODE_8625_length_909_cov_25.212346	295	375	6	10	80	0.1250000
NODE_8625_length_909_cov_25.212346	295	375	12	8	80	0.1000000
NODE_8625_length_909_cov_25.212346	348	428	4	9	80	0.1125000
NODE_8625_length_909_cov_25.212346	348	428	6	10	80	0.1250000
NODE_8625_length_909_cov_25.212346	348	428	8	20	80	0.2500000
NODE_8625_length_909_cov_25.212346	348	428	12	41	80	0.5125000
NODE_8626_length_909_cov_23.604938	403	483	0	31	80	0.3875000
NODE_8626_length_909_cov_23.604938	403	483	2	25	80	0.3125000
NODE_8626_length_909_cov_23.604938	403	483	4	1	80	0.0125000
NODE_8626_length_909_cov_23.604938	403	483	8	23	80	0.2875000
NODE_8626_length_909_cov_23.604938	456	536	2	3	80	0.0375000
NODE_8626_length_909_cov_23.604938	456	536	4	1	80	0.0125000
NODE_8626_length_909_cov_23.604938	456	536	6	6	80	0.0750000
NODE_8626_length_909_cov_23.604938	456	536	8	70	80	0.8750000
NODE_8627_length_909_cov_19.070370	441	521	0	80	80	1.0000000
NODE_8627_length_909_cov_19.070370	494	574	0	80	80	1.0000000
NODE_8628_length_909_cov_11.533333	332	412	4	7	80	0.0875000
NODE_8628_length_909_cov_11.533333	332	412	10	1	80	0.0125000
NODE_8628_length_909_cov_11.533333	332	412	11	2	80	0.0250000
NODE_8628_length_909_cov_11.533333	332	412	12	11	80	0.1375000
NODE_8628_length_909_cov_11.533333	332	412	13	1	80	0.0125000
NODE_8628_length_909_cov_11.533333	332	412	14	58	80	0.7250000
NODE_8628_length_909_cov_11.533333	385	465	0	21	80	0.2625000
NODE_8628_length_909_cov_11.533333	385	465	3	1	80	0.0125000
NODE_8628_length_909_cov_11.533333	385	465	4	5	80	0.0625000
NODE_8628_length_909_cov_11.533333	385	465	7	1	80	0.0125000
NODE_8628_length_909_cov_11.533333	385	465	8	1	80	0.0125000
NODE_8628_length_909_cov_11.533333	385	465	10	12	80	0.1500000
NODE_8628_length_909_cov_11.533333	385	465	14	39	80	0.4875000
NODE_8629_length_909_cov_10.229630	497	577	4	5	80	0.0625000
NODE_8629_length_909_cov_10.229630	497	577	6	75	80	0.9375000
NODE_8629_length_909_cov_10.229630	550	622	0	23	72	0.3194444
NODE_8629_length_909_cov_10.229630	550	622	2	21	72	0.2916667
NODE_8629_length_909_cov_10.229630	550	622	4	6	72	0.0833333
NODE_8629_length_909_cov_10.229630	550	622	6	22	72	0.3055556
NODE_8631_length_909_cov_7.122222	328	408	6	21	80	0.2625000
NODE_8631_length_909_cov_7.122222	328	408	8	44	80	0.5500000
NODE_8631_length_909_cov_7.122222	328	408	10	15	80	0.1875000
NODE_8631_length_909_cov_7.122222	381	461	2	5	80	0.0625000
NODE_8631_length_909_cov_7.122222	381	461	4	15	80	0.1875000
NODE_8631_length_909_cov_7.122222	381	461	7	3	80	0.0375000
NODE_8631_length_909_cov_7.122222	381	461	8	12	80	0.1500000
NODE_8631_length_909_cov_7.122222	381	461	10	45	80	0.5625000
NODE_8632_length_909_cov_4.664198	775	855	2	13	80	0.1625000
NODE_8632_length_909_cov_4.664198	775	855	4	30	80	0.3750000
NODE_8632_length_909_cov_4.664198	775	855	6	37	80	0.4625000
NODE_8632_length_909_cov_4.664198	828	885	0	2	57	0.0350877
NODE_8632_length_909_cov_4.664198	828	885	2	41	57	0.7192982
NODE_8632_length_909_cov_4.664198	828	885	4	14	57	0.2456140
NODE_8644_length_908_cov_55.546354	409	489	0	80	80	1.0000000
NODE_8644_length_908_cov_55.546354	462	542	0	80	80	1.0000000
NODE_8645_length_908_cov_18.720643	329	409	6	27	80	0.3375000
NODE_8645_length_908_cov_18.720643	329	409	8	29	80	0.3625000
NODE_8645_length_908_cov_18.720643	329	409	15	23	80	0.2875000
NODE_8645_length_908_cov_18.720643	329	409	16	1	80	0.0125000
NODE_8645_length_908_cov_18.720643	382	462	8	3	80	0.0375000
NODE_8645_length_908_cov_18.720643	382	462	12	9	80	0.1125000
NODE_8645_length_908_cov_18.720643	382	462	15	23	80	0.2875000
NODE_8645_length_908_cov_18.720643	382	462	16	45	80	0.5625000
NODE_8646_length_908_cov_14.640297	430	510	0	12	80	0.1500000
NODE_8646_length_908_cov_14.640297	430	510	2	12	80	0.1500000
NODE_8646_length_908_cov_14.640297	430	510	5	1	80	0.0125000
NODE_8646_length_908_cov_14.640297	430	510	6	5	80	0.0625000
NODE_8646_length_908_cov_14.640297	430	510	12	20	80	0.2500000
NODE_8646_length_908_cov_14.640297	430	510	16	30	80	0.3750000
NODE_8646_length_908_cov_14.640297	483	562	4	6	79	0.0759494
NODE_8646_length_908_cov_14.640297	483	562	10	7	79	0.0886076
NODE_8646_length_908_cov_14.640297	483	562	14	7	79	0.0886076
NODE_8646_length_908_cov_14.640297	483	562	16	59	79	0.7468355
NODE_8648_length_908_cov_10.789864	370	450	0	45	80	0.5625000
NODE_8648_length_908_cov_10.789864	370	450	4	35	80	0.4375000
NODE_8648_length_908_cov_10.789864	423	503	0	80	80	1.0000000
NODE_8651_length_908_cov_3.737948	251	331	0	80	80	1.0000000
NODE_8651_length_908_cov_3.737948	304	384	0	80	80	1.0000000
NODE_8664_length_907_cov_22.110149	459	539	0	21	80	0.2625000
NODE_8664_length_907_cov_22.110149	459	539	2	23	80	0.2875000
NODE_8664_length_907_cov_22.110149	459	539	6	36	80	0.4500000
NODE_8664_length_907_cov_22.110149	512	592	4	3	80	0.0375000
NODE_8664_length_907_cov_22.110149	512	592	6	77	80	0.9625000
NODE_8665_length_907_cov_20.943069	410	490	2	15	80	0.1875000
NODE_8665_length_907_cov_20.943069	410	490	12	24	80	0.3000000
NODE_8665_length_907_cov_20.943069	410	490	19	1	80	0.0125000
NODE_8665_length_907_cov_20.943069	410	490	20	40	80	0.5000000
NODE_8665_length_907_cov_20.943069	463	543	20	65	80	0.8125000
NODE_8665_length_907_cov_20.943069	463	543	21	1	80	0.0125000
NODE_8665_length_907_cov_20.943069	463	543	22	14	80	0.1750000
NODE_8666_length_907_cov_19.519802	411	488	0	76	77	0.9870130
NODE_8666_length_907_cov_19.519802	411	488	18	1	77	0.0129870
NODE_8666_length_907_cov_19.519802	461	541	0	26	80	0.3250000
NODE_8666_length_907_cov_19.519802	461	541	18	54	80	0.6750000
NODE_8667_length_907_cov_17.928218	329	405	0	4	76	0.0526316
NODE_8667_length_907_cov_17.928218	329	405	2	72	76	0.9473684
NODE_8667_length_907_cov_17.928218	382	462	0	43	80	0.5375000
NODE_8667_length_907_cov_17.928218	382	462	2	37	80	0.4625000
NODE_8668_length_907_cov_13.060644	293	373	0	23	80	0.2875000
NODE_8668_length_907_cov_13.060644	293	373	1	53	80	0.6625000
NODE_8668_length_907_cov_13.060644	293	373	2	4	80	0.0500000
NODE_8668_length_907_cov_13.060644	346	426	1	23	80	0.2875000
NODE_8668_length_907_cov_13.060644	346	426	2	57	80	0.7125000
NODE_8669_length_907_cov_11.155941	401	462	10	17	61	0.2786885
NODE_8669_length_907_cov_11.155941	401	462	12	44	61	0.7213115
NODE_8669_length_907_cov_11.155941	607	687	0	80	80	1.0000000
NODE_8670_length_907_cov_9.237624	247	327	2	80	80	1.0000000
NODE_8670_length_907_cov_9.237624	300	380	0	42	80	0.5250000
NODE_8670_length_907_cov_9.237624	300	380	2	38	80	0.4750000
NODE_8671_length_907_cov_8.686881	275	365	0	16	90	0.1777778
NODE_8671_length_907_cov_8.686881	275	365	2	74	90	0.8222222
NODE_8671_length_907_cov_8.686881	338	418	0	11	80	0.1375000
NODE_8671_length_907_cov_8.686881	338	418	2	69	80	0.8625000
NODE_8680_length_907_cov_2.949257	503	526	0	23	23	1.0000000
NODE_8686_length_906_cov_32.369269	447	527	4	54	80	0.6750000
NODE_8686_length_906_cov_32.369269	447	527	8	5	80	0.0625000
NODE_8686_length_906_cov_32.369269	447	527	10	16	80	0.2000000
NODE_8686_length_906_cov_32.369269	447	527	12	5	80	0.0625000
NODE_8686_length_906_cov_32.369269	500	580	4	1	80	0.0125000
NODE_8686_length_906_cov_32.369269	500	580	6	7	80	0.0875000
NODE_8686_length_906_cov_32.369269	500	580	8	24	80	0.3000000
NODE_8686_length_906_cov_32.369269	500	580	10	43	80	0.5375000
NODE_8686_length_906_cov_32.369269	500	580	12	5	80	0.0625000
NODE_8687_length_906_cov_23.594796	196	276	16	8	80	0.1000000
NODE_8687_length_906_cov_23.594796	196	276	18	6	80	0.0750000
NODE_8687_length_906_cov_23.594796	196	276	20	27	80	0.3375000
NODE_8687_length_906_cov_23.594796	196	276	24	1	80	0.0125000
NODE_8687_length_906_cov_23.594796	196	276	26	38	80	0.4750000
NODE_8687_length_906_cov_23.594796	249	329	16	26	80	0.3250000
NODE_8687_length_906_cov_23.594796	249	329	22	5	80	0.0625000
NODE_8687_length_906_cov_23.594796	249	329	24	23	80	0.2875000
NODE_8687_length_906_cov_23.594796	249	329	26	26	80	0.3250000
NODE_8688_length_906_cov_21.443618	404	484	0	33	80	0.4125000
NODE_8688_length_906_cov_21.443618	404	484	2	16	80	0.2000000
NODE_8688_length_906_cov_21.443618	404	484	4	17	80	0.2125000
NODE_8688_length_906_cov_21.443618	404	484	6	4	80	0.0500000
NODE_8688_length_906_cov_21.443618	404	484	8	1	80	0.0125000
NODE_8688_length_906_cov_21.443618	404	484	10	9	80	0.1125000
NODE_8688_length_906_cov_21.443618	457	537	4	13	80	0.1625000
NODE_8688_length_906_cov_21.443618	457	537	6	4	80	0.0500000
NODE_8688_length_906_cov_21.443618	457	537	8	17	80	0.2125000
NODE_8688_length_906_cov_21.443618	457	537	10	46	80	0.5750000
NODE_8689_length_906_cov_20.596035	593	634	6	14	41	0.3414634
NODE_8689_length_906_cov_20.596035	593	634	8	27	41	0.6585366
NODE_8690_length_906_cov_20.429988	410	490	2	14	80	0.1750000
NODE_8690_length_906_cov_20.429988	410	490	4	28	80	0.3500000
NODE_8690_length_906_cov_20.429988	410	490	11	1	80	0.0125000
NODE_8690_length_906_cov_20.429988	410	490	12	37	80	0.4625000
NODE_8690_length_906_cov_20.429988	463	543	8	29	80	0.3625000
NODE_8690_length_906_cov_20.429988	463	543	10	1	80	0.0125000
NODE_8690_length_906_cov_20.429988	463	543	12	50	80	0.6250000
NODE_8691_length_906_cov_20.395291	523	603	2	13	80	0.1625000
NODE_8691_length_906_cov_20.395291	523	603	6	4	80	0.0500000
NODE_8691_length_906_cov_20.395291	523	603	8	5	80	0.0625000
NODE_8691_length_906_cov_20.395291	523	603	10	51	80	0.6375000
NODE_8691_length_906_cov_20.395291	523	603	12	7	80	0.0875000
NODE_8691_length_906_cov_20.395291	576	656	10	67	80	0.8375000
NODE_8691_length_906_cov_20.395291	576	656	12	13	80	0.1625000
NODE_8692_length_906_cov_19.297398	255	335	0	23	80	0.2875000
NODE_8692_length_906_cov_19.297398	255	335	2	21	80	0.2625000
NODE_8692_length_906_cov_19.297398	255	335	6	10	80	0.1250000
NODE_8692_length_906_cov_19.297398	255	335	10	26	80	0.3250000
NODE_8692_length_906_cov_19.297398	308	388	6	1	80	0.0125000
NODE_8692_length_906_cov_19.297398	308	388	8	23	80	0.2875000
NODE_8692_length_906_cov_19.297398	308	388	10	56	80	0.7000000
NODE_8693_length_906_cov_18.505576	357	437	0	16	80	0.2000000
NODE_8693_length_906_cov_18.505576	357	437	4	64	80	0.8000000
NODE_8693_length_906_cov_18.505576	410	490	0	69	80	0.8625000
NODE_8693_length_906_cov_18.505576	410	490	4	11	80	0.1375000
NODE_8694_length_906_cov_10.068154	191	271	4	16	80	0.2000000
NODE_8694_length_906_cov_10.068154	191	271	14	23	80	0.2875000
NODE_8694_length_906_cov_10.068154	191	271	16	15	80	0.1875000
NODE_8694_length_906_cov_10.068154	191	271	18	2	80	0.0250000
NODE_8694_length_906_cov_10.068154	191	271	20	24	80	0.3000000
NODE_8694_length_906_cov_10.068154	244	324	12	2	80	0.0250000
NODE_8694_length_906_cov_10.068154	244	324	14	18	80	0.2250000
NODE_8694_length_906_cov_10.068154	244	324	16	31	80	0.3875000
NODE_8694_length_906_cov_10.068154	244	324	18	2	80	0.0250000
NODE_8694_length_906_cov_10.068154	244	324	20	27	80	0.3375000
NODE_8695_length_906_cov_10.006196	304	384	0	80	80	1.0000000
NODE_8695_length_906_cov_10.006196	357	437	0	80	80	1.0000000
NODE_8696_length_906_cov_8.562577	370	454	0	55	84	0.6547619
NODE_8696_length_906_cov_8.562577	370	454	4	29	84	0.3452381
NODE_8696_length_906_cov_8.562577	423	507	0	2	84	0.0238095
NODE_8696_length_906_cov_8.562577	423	507	4	78	84	0.9285714
NODE_8696_length_906_cov_8.562577	423	507	8	4	84	0.0476190
NODE_8716_length_905_cov_39.203474	406	486	0	13	80	0.1625000
NODE_8716_length_905_cov_39.203474	406	486	2	38	80	0.4750000
NODE_8716_length_905_cov_39.203474	406	486	4	29	80	0.3625000
NODE_8716_length_905_cov_39.203474	459	539	4	34	80	0.4250000
NODE_8716_length_905_cov_39.203474	459	539	6	18	80	0.2250000
NODE_8716_length_905_cov_39.203474	459	539	8	28	80	0.3500000
NODE_8717_length_905_cov_37.053350	411	491	6	23	80	0.2875000
NODE_8717_length_905_cov_37.053350	411	491	8	11	80	0.1375000
NODE_8717_length_905_cov_37.053350	411	491	10	46	80	0.5750000
NODE_8717_length_905_cov_37.053350	464	544	0	8	80	0.1000000
NODE_8717_length_905_cov_37.053350	464	544	2	25	80	0.3125000
NODE_8717_length_905_cov_37.053350	464	544	4	15	80	0.1875000
NODE_8717_length_905_cov_37.053350	464	544	10	32	80	0.4000000
NODE_8718_length_905_cov_27.426799	288	368	0	18	80	0.2250000
NODE_8718_length_905_cov_27.426799	288	368	2	35	80	0.4375000
NODE_8718_length_905_cov_27.426799	288	368	12	6	80	0.0750000
NODE_8718_length_905_cov_27.426799	288	368	14	21	80	0.2625000
NODE_8718_length_905_cov_27.426799	341	421	12	6	80	0.0750000
NODE_8718_length_905_cov_27.426799	341	421	14	22	80	0.2750000
NODE_8718_length_905_cov_27.426799	341	421	16	30	80	0.3750000
NODE_8718_length_905_cov_27.426799	341	421	18	22	80	0.2750000
NODE_8719_length_905_cov_26.332506	375	455	2	80	80	1.0000000
NODE_8719_length_905_cov_26.332506	428	508	0	48	80	0.6000000
NODE_8719_length_905_cov_26.332506	428	508	2	32	80	0.4000000
NODE_8720_length_905_cov_20.651365	377	457	0	35	80	0.4375000
NODE_8720_length_905_cov_20.651365	377	457	3	1	80	0.0125000
NODE_8720_length_905_cov_20.651365	377	457	4	18	80	0.2250000
NODE_8720_length_905_cov_20.651365	377	457	6	3	80	0.0375000
NODE_8720_length_905_cov_20.651365	377	457	8	23	80	0.2875000
NODE_8720_length_905_cov_20.651365	430	510	4	1	80	0.0125000
NODE_8720_length_905_cov_20.651365	430	510	6	3	80	0.0375000
NODE_8720_length_905_cov_20.651365	430	510	8	76	80	0.9500000
NODE_8721_length_905_cov_19.718362	365	445	2	30	80	0.3750000
NODE_8721_length_905_cov_19.718362	365	445	4	37	80	0.4625000
NODE_8721_length_905_cov_19.718362	365	445	6	13	80	0.1625000
NODE_8721_length_905_cov_19.718362	418	498	2	37	80	0.4625000
NODE_8721_length_905_cov_19.718362	418	498	4	43	80	0.5375000
NODE_8722_length_905_cov_13.696030	366	420	1	9	54	0.1666667
NODE_8722_length_905_cov_13.696030	366	420	3	5	54	0.0925926
NODE_8722_length_905_cov_13.696030	366	420	9	14	54	0.2592593
NODE_8722_length_905_cov_13.696030	366	420	11	26	54	0.4814815
NODE_8723_length_905_cov_9.978908	222	302	8	80	80	1.0000000
NODE_8723_length_905_cov_9.978908	275	355	0	15	80	0.1875000
NODE_8723_length_905_cov_9.978908	275	355	3	1	80	0.0125000
NODE_8723_length_905_cov_9.978908	275	355	4	33	80	0.4125000
NODE_8723_length_905_cov_9.978908	275	355	8	31	80	0.3875000
NODE_8725_length_905_cov_7.980149	321	401	0	63	80	0.7875000
NODE_8725_length_905_cov_7.980149	321	401	2	17	80	0.2125000
NODE_8725_length_905_cov_7.980149	374	454	0	10	80	0.1250000
NODE_8725_length_905_cov_7.980149	374	454	2	70	80	0.8750000
NODE_8727_length_905_cov_6.064516	459	539	0	39	80	0.4875000
NODE_8727_length_905_cov_6.064516	459	539	2	41	80	0.5125000
NODE_8727_length_905_cov_6.064516	512	592	2	80	80	1.0000000
NODE_8742_length_905_cov_1.040943	73	119	17	29	46	0.6304348
NODE_8742_length_905_cov_1.040943	73	119	18	17	46	0.3695652
NODE_8742_length_905_cov_1.040943	126	172	8	8	46	0.1739130
NODE_8742_length_905_cov_1.040943	126	172	10	6	46	0.1304348
NODE_8742_length_905_cov_1.040943	126	172	12	15	46	0.3260870
NODE_8742_length_905_cov_1.040943	126	172	15	1	46	0.0217391
NODE_8742_length_905_cov_1.040943	126	172	16	4	46	0.0869565
NODE_8742_length_905_cov_1.040943	126	172	18	12	46	0.2608696
NODE_8743_length_904_cov_29.532919	338	418	0	80	80	1.0000000
NODE_8743_length_904_cov_29.532919	391	471	0	80	80	1.0000000
NODE_8743_length_904_cov_29.532919	467	547	0	16	80	0.2000000
NODE_8743_length_904_cov_29.532919	467	547	4	3	80	0.0375000
NODE_8743_length_904_cov_29.532919	467	547	6	3	80	0.0375000
NODE_8743_length_904_cov_29.532919	467	547	7	12	80	0.1500000
NODE_8743_length_904_cov_29.532919	467	547	8	2	80	0.0250000
NODE_8743_length_904_cov_29.532919	467	547	12	17	80	0.2125000
NODE_8743_length_904_cov_29.532919	467	547	14	27	80	0.3375000
NODE_8743_length_904_cov_29.532919	520	600	4	6	80	0.0750000
NODE_8743_length_904_cov_29.532919	520	600	8	6	80	0.0750000
NODE_8743_length_904_cov_29.532919	520	600	12	1	80	0.0125000
NODE_8743_length_904_cov_29.532919	520	600	14	67	80	0.8375000
NODE_8744_length_904_cov_28.844720	371	451	0	36	80	0.4500000
NODE_8744_length_904_cov_28.844720	371	451	2	44	80	0.5500000
NODE_8744_length_904_cov_28.844720	424	504	0	16	80	0.2000000
NODE_8744_length_904_cov_28.844720	424	504	2	64	80	0.8000000
NODE_8745_length_904_cov_26.977640	488	568	0	20	80	0.2500000
NODE_8745_length_904_cov_26.977640	488	568	2	60	80	0.7500000
NODE_8745_length_904_cov_26.977640	541	621	0	73	80	0.9125000
NODE_8745_length_904_cov_26.977640	541	621	2	7	80	0.0875000
NODE_8746_length_904_cov_24.529193	464	544	8	3	80	0.0375000
NODE_8746_length_904_cov_24.529193	464	544	12	2	80	0.0250000
NODE_8746_length_904_cov_24.529193	464	544	22	22	80	0.2750000
NODE_8746_length_904_cov_24.529193	464	544	28	53	80	0.6625000
NODE_8746_length_904_cov_24.529193	517	597	0	21	80	0.2625000
NODE_8746_length_904_cov_24.529193	517	597	2	12	80	0.1500000
NODE_8746_length_904_cov_24.529193	517	597	4	17	80	0.2125000
NODE_8746_length_904_cov_24.529193	517	597	8	6	80	0.0750000
NODE_8746_length_904_cov_24.529193	517	597	12	2	80	0.0250000
NODE_8746_length_904_cov_24.529193	517	597	22	22	80	0.2750000
NODE_8747_length_904_cov_24.452174	507	587	0	80	80	1.0000000
NODE_8747_length_904_cov_24.452174	560	640	0	80	80	1.0000000
NODE_8748_length_904_cov_19.649689	307	387	0	80	80	1.0000000
NODE_8748_length_904_cov_19.649689	360	440	0	80	80	1.0000000
NODE_8748_length_904_cov_19.649689	595	675	0	13	80	0.1625000
NODE_8748_length_904_cov_19.649689	595	675	2	38	80	0.4750000
NODE_8748_length_904_cov_19.649689	595	675	4	29	80	0.3625000
NODE_8748_length_904_cov_19.649689	648	728	0	18	80	0.2250000
NODE_8748_length_904_cov_19.649689	648	728	4	62	80	0.7750000
NODE_8750_length_904_cov_16.608696	252	332	0	31	80	0.3875000
NODE_8750_length_904_cov_16.608696	252	332	2	49	80	0.6125000
NODE_8750_length_904_cov_16.608696	305	385	2	80	80	1.0000000
NODE_8750_length_904_cov_16.608696	381	461	0	25	80	0.3125000
NODE_8750_length_904_cov_16.608696	381	461	2	41	80	0.5125000
NODE_8750_length_904_cov_16.608696	381	461	6	14	80	0.1750000
NODE_8750_length_904_cov_16.608696	434	514	2	13	80	0.1625000
NODE_8750_length_904_cov_16.608696	434	514	6	42	80	0.5250000
NODE_8750_length_904_cov_16.608696	434	514	8	25	80	0.3125000
NODE_8751_length_904_cov_15.811180	431	511	4	24	80	0.3000000
NODE_8751_length_904_cov_15.811180	431	511	5	23	80	0.2875000
NODE_8751_length_904_cov_15.811180	431	511	6	6	80	0.0750000
NODE_8751_length_904_cov_15.811180	431	511	10	27	80	0.3375000
NODE_8751_length_904_cov_15.811180	484	564	4	10	80	0.1250000
NODE_8751_length_904_cov_15.811180	484	564	6	30	80	0.3750000
NODE_8751_length_904_cov_15.811180	484	564	10	40	80	0.5000000
NODE_8752_length_904_cov_9.249689	581	661	0	56	80	0.7000000
NODE_8752_length_904_cov_9.249689	581	661	2	10	80	0.1250000
NODE_8752_length_904_cov_9.249689	581	661	3	1	80	0.0125000
NODE_8752_length_904_cov_9.249689	581	661	4	13	80	0.1625000
NODE_8752_length_904_cov_9.249689	634	714	0	3	80	0.0375000
NODE_8752_length_904_cov_9.249689	634	714	2	10	80	0.1250000
NODE_8752_length_904_cov_9.249689	634	714	3	1	80	0.0125000
NODE_8752_length_904_cov_9.249689	634	714	4	66	80	0.8250000
NODE_8756_length_904_cov_4.772671	318	398	0	53	80	0.6625000
NODE_8756_length_904_cov_4.772671	318	398	2	15	80	0.1875000
NODE_8756_length_904_cov_4.772671	318	398	4	12	80	0.1500000
NODE_8756_length_904_cov_4.772671	371	451	2	15	80	0.1875000
NODE_8756_length_904_cov_4.772671	371	451	4	65	80	0.8125000
NODE_8773_length_903_cov_58.723881	386	466	10	2	80	0.0250000
NODE_8773_length_903_cov_58.723881	386	466	12	69	80	0.8625000
NODE_8773_length_903_cov_58.723881	386	466	15	7	80	0.0875000
NODE_8773_length_903_cov_58.723881	386	466	16	2	80	0.0250000
NODE_8773_length_903_cov_58.723881	439	519	8	13	80	0.1625000
NODE_8773_length_903_cov_58.723881	439	519	10	27	80	0.3375000
NODE_8773_length_903_cov_58.723881	439	519	12	16	80	0.2000000
NODE_8773_length_903_cov_58.723881	439	519	13	2	80	0.0250000
NODE_8773_length_903_cov_58.723881	439	519	14	3	80	0.0375000
NODE_8773_length_903_cov_58.723881	439	519	15	17	80	0.2125000
NODE_8773_length_903_cov_58.723881	439	519	16	2	80	0.0250000
NODE_8773_length_903_cov_58.723881	515	595	2	31	80	0.3875000
NODE_8773_length_903_cov_58.723881	515	595	8	33	80	0.4125000
NODE_8773_length_903_cov_58.723881	515	595	10	16	80	0.2000000
NODE_8773_length_903_cov_58.723881	568	648	0	47	80	0.5875000
NODE_8773_length_903_cov_58.723881	568	648	2	33	80	0.4125000
NODE_8774_length_903_cov_41.298507	397	477	1	4	80	0.0500000
NODE_8774_length_903_cov_41.298507	397	477	2	10	80	0.1250000
NODE_8774_length_903_cov_41.298507	397	477	3	66	80	0.8250000
NODE_8774_length_903_cov_41.298507	450	530	0	16	80	0.2000000
NODE_8774_length_903_cov_41.298507	450	530	1	5	80	0.0625000
NODE_8774_length_903_cov_41.298507	450	530	2	46	80	0.5750000
NODE_8774_length_903_cov_41.298507	450	530	3	13	80	0.1625000
NODE_8775_length_903_cov_28.691542	394	474	0	80	80	1.0000000
NODE_8775_length_903_cov_28.691542	447	527	0	80	80	1.0000000
NODE_8776_length_903_cov_26.276119	441	521	5	32	80	0.4000000
NODE_8776_length_903_cov_26.276119	441	521	6	18	80	0.2250000
NODE_8776_length_903_cov_26.276119	441	521	7	4	80	0.0500000
NODE_8776_length_903_cov_26.276119	441	521	9	26	80	0.3250000
NODE_8776_length_903_cov_26.276119	494	574	4	30	80	0.3750000
NODE_8776_length_903_cov_26.276119	494	574	7	1	80	0.0125000
NODE_8776_length_903_cov_26.276119	494	574	9	49	80	0.6125000
NODE_8778_length_903_cov_18.166667	351	431	0	80	80	1.0000000
NODE_8778_length_903_cov_18.166667	404	484	0	80	80	1.0000000
NODE_8779_length_903_cov_15.460199	440	520	0	80	80	1.0000000
NODE_8779_length_903_cov_15.460199	493	573	0	80	80	1.0000000
NODE_8780_length_903_cov_15.084577	352	432	0	80	80	1.0000000
NODE_8780_length_903_cov_15.084577	405	485	0	80	80	1.0000000
NODE_8781_length_903_cov_15.070896	367	447	15	13	80	0.1625000
NODE_8781_length_903_cov_15.070896	367	447	19	5	80	0.0625000
NODE_8781_length_903_cov_15.070896	367	447	20	19	80	0.2375000
NODE_8781_length_903_cov_15.070896	367	447	22	43	80	0.5375000
NODE_8781_length_903_cov_15.070896	420	500	4	19	80	0.2375000
NODE_8781_length_903_cov_15.070896	420	500	6	24	80	0.3000000
NODE_8781_length_903_cov_15.070896	420	500	8	7	80	0.0875000
NODE_8781_length_903_cov_15.070896	420	500	10	1	80	0.0125000
NODE_8781_length_903_cov_15.070896	420	500	20	3	80	0.0375000
NODE_8781_length_903_cov_15.070896	420	500	22	26	80	0.3250000
NODE_8782_length_903_cov_14.004975	318	399	8	81	81	1.0000000
NODE_8782_length_903_cov_14.004975	372	452	0	4	80	0.0500000
NODE_8782_length_903_cov_14.004975	372	452	4	2	80	0.0250000
NODE_8782_length_903_cov_14.004975	372	452	7	1	80	0.0125000
NODE_8782_length_903_cov_14.004975	372	452	8	73	80	0.9125000
NODE_8783_length_903_cov_10.546020	150	230	0	29	80	0.3625000
NODE_8783_length_903_cov_10.546020	150	230	1	51	80	0.6375000
NODE_8783_length_903_cov_10.546020	203	283	1	58	80	0.7250000
NODE_8783_length_903_cov_10.546020	203	283	2	22	80	0.2750000
NODE_8784_length_903_cov_9.288557	373	453	2	9	80	0.1125000
NODE_8784_length_903_cov_9.288557	373	453	4	71	80	0.8875000
NODE_8784_length_903_cov_9.288557	426	506	2	44	80	0.5500000
NODE_8784_length_903_cov_9.288557	426	506	3	3	80	0.0375000
NODE_8784_length_903_cov_9.288557	426	506	4	33	80	0.4125000
NODE_8785_length_903_cov_8.052239	439	519	0	80	80	1.0000000
NODE_8785_length_903_cov_8.052239	492	572	0	80	80	1.0000000
NODE_8798_length_902_cov_64.459527	355	435	0	80	80	1.0000000
NODE_8798_length_902_cov_64.459527	408	488	0	30	80	0.3750000
NODE_8798_length_902_cov_64.459527	408	488	2	50	80	0.6250000
NODE_8798_length_902_cov_64.459527	484	564	0	9	80	0.1125000
NODE_8798_length_902_cov_64.459527	484	564	2	55	80	0.6875000
NODE_8798_length_902_cov_64.459527	484	564	6	16	80	0.2000000
NODE_8798_length_902_cov_64.459527	537	617	0	9	80	0.1125000
NODE_8798_length_902_cov_64.459527	537	617	2	2	80	0.0250000
NODE_8798_length_902_cov_64.459527	537	617	6	69	80	0.8625000
NODE_8799_length_902_cov_60.823163	395	475	0	28	80	0.3500000
NODE_8799_length_902_cov_60.823163	395	475	2	8	80	0.1000000
NODE_8799_length_902_cov_60.823163	395	475	4	7	80	0.0875000
NODE_8799_length_902_cov_60.823163	395	475	6	37	80	0.4625000
NODE_8799_length_902_cov_60.823163	448	528	2	6	80	0.0750000
NODE_8799_length_902_cov_60.823163	448	528	4	7	80	0.0875000
NODE_8799_length_902_cov_60.823163	448	528	6	67	80	0.8375000
NODE_8800_length_902_cov_44.002491	383	463	4	25	80	0.3125000
NODE_8800_length_902_cov_44.002491	383	463	8	55	80	0.6875000
NODE_8800_length_902_cov_44.002491	436	516	4	35	80	0.4375000
NODE_8800_length_902_cov_44.002491	436	516	6	43	80	0.5375000
NODE_8800_length_902_cov_44.002491	436	516	8	2	80	0.0250000
NODE_8801_length_902_cov_41.059776	378	458	32	48	80	0.6000000
NODE_8801_length_902_cov_41.059776	378	458	33	32	80	0.4000000
NODE_8801_length_902_cov_41.059776	431	511	10	5	80	0.0625000
NODE_8801_length_902_cov_41.059776	431	511	18	40	80	0.5000000
NODE_8801_length_902_cov_41.059776	431	511	32	35	80	0.4375000
NODE_8802_length_902_cov_38.952677	372	452	2	7	80	0.0875000
NODE_8802_length_902_cov_38.952677	372	452	6	16	80	0.2000000
NODE_8802_length_902_cov_38.952677	372	452	8	57	80	0.7125000
NODE_8802_length_902_cov_38.952677	425	505	2	34	80	0.4250000
NODE_8802_length_902_cov_38.952677	425	505	6	8	80	0.1000000
NODE_8802_length_902_cov_38.952677	425	505	8	38	80	0.4750000
NODE_8803_length_902_cov_34.156912	373	453	0	80	80	1.0000000
NODE_8803_length_902_cov_34.156912	426	506	0	80	80	1.0000000
NODE_8804_length_902_cov_23.007472	295	375	4	42	80	0.5250000
NODE_8804_length_902_cov_23.007472	295	375	8	38	80	0.4750000
NODE_8804_length_902_cov_23.007472	348	428	4	15	80	0.1875000
NODE_8804_length_902_cov_23.007472	348	428	8	65	80	0.8125000
NODE_8805_length_902_cov_19.491905	238	291	0	14	53	0.2641509
NODE_8805_length_902_cov_19.491905	238	291	2	19	53	0.3584906
NODE_8805_length_902_cov_19.491905	238	291	4	20	53	0.3773585
NODE_8805_length_902_cov_19.491905	264	344	2	51	80	0.6375000
NODE_8805_length_902_cov_19.491905	264	344	4	29	80	0.3625000
NODE_8806_length_902_cov_10.794521	214	294	0	11	80	0.1375000
NODE_8806_length_902_cov_10.794521	214	294	2	30	80	0.3750000
NODE_8806_length_902_cov_10.794521	214	294	4	39	80	0.4875000
NODE_8806_length_902_cov_10.794521	267	347	2	80	80	1.0000000
NODE_8807_length_902_cov_9.520548	518	598	0	19	80	0.2375000
NODE_8807_length_902_cov_9.520548	518	598	2	18	80	0.2250000
NODE_8807_length_902_cov_9.520548	518	598	4	1	80	0.0125000
NODE_8807_length_902_cov_9.520548	518	598	6	10	80	0.1250000
NODE_8807_length_902_cov_9.520548	518	598	10	1	80	0.0125000
NODE_8807_length_902_cov_9.520548	518	598	12	31	80	0.3875000
NODE_8807_length_902_cov_9.520548	571	651	8	8	80	0.1000000
NODE_8807_length_902_cov_9.520548	571	651	10	33	80	0.4125000
NODE_8807_length_902_cov_9.520548	571	651	12	39	80	0.4875000
NODE_8808_length_902_cov_8.323786	337	417	4	6	80	0.0750000
NODE_8808_length_902_cov_8.323786	337	417	6	36	80	0.4500000
NODE_8808_length_902_cov_8.323786	337	417	8	26	80	0.3250000
NODE_8808_length_902_cov_8.323786	337	417	10	12	80	0.1500000
NODE_8808_length_902_cov_8.323786	390	470	2	22	80	0.2750000
NODE_8808_length_902_cov_8.323786	390	470	5	2	80	0.0250000
NODE_8808_length_902_cov_8.323786	390	470	6	44	80	0.5500000
NODE_8808_length_902_cov_8.323786	390	470	8	12	80	0.1500000
NODE_8811_length_902_cov_7.300125	434	514	0	35	80	0.4375000
NODE_8811_length_902_cov_7.300125	434	514	2	45	80	0.5625000
NODE_8811_length_902_cov_7.300125	487	567	0	6	80	0.0750000
NODE_8811_length_902_cov_7.300125	487	567	2	74	80	0.9250000
NODE_8812_length_902_cov_4.185554	505	585	2	18	80	0.2250000
NODE_8812_length_902_cov_4.185554	505	585	4	62	80	0.7750000
NODE_8812_length_902_cov_4.185554	558	588	2	21	30	0.7000000
NODE_8812_length_902_cov_4.185554	558	588	4	9	30	0.3000000
NODE_8812_length_902_cov_4.185554	610	662	0	52	52	1.0000000
NODE_8830_length_902_cov_0.963885	82	106	0	24	24	1.0000000
NODE_8832_length_901_cov_36.066085	412	490	9	17	78	0.2179487
NODE_8832_length_901_cov_36.066085	412	490	10	22	78	0.2820513
NODE_8832_length_901_cov_36.066085	412	490	11	39	78	0.5000000
NODE_8832_length_901_cov_36.066085	463	543	0	8	80	0.1000000
NODE_8832_length_901_cov_36.066085	463	543	2	20	80	0.2500000
NODE_8832_length_901_cov_36.066085	463	543	9	5	80	0.0625000
NODE_8832_length_901_cov_36.066085	463	543	10	47	80	0.5875000
NODE_8833_length_901_cov_28.129676	377	457	0	11	80	0.1375000
NODE_8833_length_901_cov_28.129676	377	457	2	69	80	0.8625000
NODE_8833_length_901_cov_28.129676	430	510	0	37	80	0.4625000
NODE_8833_length_901_cov_28.129676	430	510	2	43	80	0.5375000
NODE_8834_length_901_cov_26.763092	272	352	4	4	80	0.0500000
NODE_8834_length_901_cov_26.763092	272	352	6	28	80	0.3500000
NODE_8834_length_901_cov_26.763092	272	352	7	1	80	0.0125000
NODE_8834_length_901_cov_26.763092	272	352	8	26	80	0.3250000
NODE_8834_length_901_cov_26.763092	272	352	10	21	80	0.2625000
NODE_8834_length_901_cov_26.763092	325	405	4	26	80	0.3250000
NODE_8834_length_901_cov_26.763092	325	405	6	31	80	0.3875000
NODE_8834_length_901_cov_26.763092	325	405	8	7	80	0.0875000
NODE_8834_length_901_cov_26.763092	325	405	10	16	80	0.2000000
NODE_8834_length_901_cov_26.763092	401	481	2	19	80	0.2375000
NODE_8834_length_901_cov_26.763092	401	481	4	1	80	0.0125000
NODE_8834_length_901_cov_26.763092	401	481	6	17	80	0.2125000
NODE_8834_length_901_cov_26.763092	401	481	8	17	80	0.2125000
NODE_8834_length_901_cov_26.763092	401	481	10	26	80	0.3250000
NODE_8834_length_901_cov_26.763092	454	534	8	70	80	0.8750000
NODE_8834_length_901_cov_26.763092	454	534	10	10	80	0.1250000
NODE_8835_length_901_cov_25.628429	369	449	8	27	80	0.3375000
NODE_8835_length_901_cov_25.628429	369	449	12	53	80	0.6625000
NODE_8835_length_901_cov_25.628429	422	502	0	28	80	0.3500000
NODE_8835_length_901_cov_25.628429	422	502	4	5	80	0.0625000
NODE_8835_length_901_cov_25.628429	422	502	10	1	80	0.0125000
NODE_8835_length_901_cov_25.628429	422	502	11	7	80	0.0875000
NODE_8835_length_901_cov_25.628429	422	502	12	39	80	0.4875000
NODE_8836_length_901_cov_17.857855	408	488	2	80	80	1.0000000
NODE_8836_length_901_cov_17.857855	461	541	0	46	80	0.5750000
NODE_8836_length_901_cov_17.857855	461	541	2	34	80	0.4250000
NODE_8837_length_901_cov_16.254364	362	442	2	10	80	0.1250000
NODE_8837_length_901_cov_16.254364	362	442	8	70	80	0.8750000
NODE_8837_length_901_cov_16.254364	415	495	0	50	80	0.6250000
NODE_8837_length_901_cov_16.254364	415	495	2	13	80	0.1625000
NODE_8837_length_901_cov_16.254364	415	495	8	17	80	0.2125000
NODE_8838_length_901_cov_8.346633	321	401	2	80	80	1.0000000
NODE_8838_length_901_cov_8.346633	374	454	0	43	80	0.5375000
NODE_8838_length_901_cov_8.346633	374	454	2	37	80	0.4625000
NODE_8840_length_901_cov_6.044888	363	443	2	7	80	0.0875000
NODE_8840_length_901_cov_6.044888	363	443	10	38	80	0.4750000
NODE_8840_length_901_cov_6.044888	363	443	12	26	80	0.3250000
NODE_8840_length_901_cov_6.044888	363	443	14	9	80	0.1125000
NODE_8840_length_901_cov_6.044888	416	496	4	26	80	0.3250000
NODE_8840_length_901_cov_6.044888	416	496	12	41	80	0.5125000
NODE_8840_length_901_cov_6.044888	416	496	14	13	80	0.1625000
NODE_8845_length_901_cov_3.814214	194	274	0	80	80	1.0000000
NODE_8845_length_901_cov_3.814214	247	326	0	79	79	1.0000000
NODE_8857_length_900_cov_30.284644	407	487	13	15	80	0.1875000
NODE_8857_length_900_cov_30.284644	407	487	14	22	80	0.2750000
NODE_8857_length_900_cov_30.284644	407	487	15	8	80	0.1000000
NODE_8857_length_900_cov_30.284644	407	487	16	13	80	0.1625000
NODE_8857_length_900_cov_30.284644	407	487	19	1	80	0.0125000
NODE_8857_length_900_cov_30.284644	407	487	20	21	80	0.2625000
NODE_8857_length_900_cov_30.284644	460	540	6	33	80	0.4125000
NODE_8857_length_900_cov_30.284644	460	540	11	1	80	0.0125000
NODE_8857_length_900_cov_30.284644	460	540	12	1	80	0.0125000
NODE_8857_length_900_cov_30.284644	460	540	13	33	80	0.4125000
NODE_8857_length_900_cov_30.284644	460	540	19	1	80	0.0125000
NODE_8857_length_900_cov_30.284644	460	540	20	11	80	0.1375000
NODE_8858_length_900_cov_29.679151	425	505	0	4	80	0.0500000
NODE_8858_length_900_cov_29.679151	425	505	2	5	80	0.0625000
NODE_8858_length_900_cov_29.679151	425	505	4	4	80	0.0500000
NODE_8858_length_900_cov_29.679151	425	505	6	5	80	0.0625000
NODE_8858_length_900_cov_29.679151	425	505	8	41	80	0.5125000
NODE_8858_length_900_cov_29.679151	425	505	10	21	80	0.2625000
NODE_8858_length_900_cov_29.679151	478	558	4	14	80	0.1750000
NODE_8858_length_900_cov_29.679151	478	558	6	2	80	0.0250000
NODE_8858_length_900_cov_29.679151	478	558	8	21	80	0.2625000
NODE_8858_length_900_cov_29.679151	478	558	10	43	80	0.5375000
NODE_8859_length_900_cov_25.963795	321	401	0	15	80	0.1875000
NODE_8859_length_900_cov_25.963795	321	401	2	6	80	0.0750000
NODE_8859_length_900_cov_25.963795	321	401	4	32	80	0.4000000
NODE_8859_length_900_cov_25.963795	321	401	6	3	80	0.0375000
NODE_8859_length_900_cov_25.963795	321	401	8	19	80	0.2375000
NODE_8859_length_900_cov_25.963795	321	401	10	5	80	0.0625000
NODE_8859_length_900_cov_25.963795	374	454	6	21	80	0.2625000
NODE_8859_length_900_cov_25.963795	374	454	8	36	80	0.4500000
NODE_8859_length_900_cov_25.963795	374	454	10	23	80	0.2875000
NODE_8860_length_900_cov_17.681648	530	606	2	8	76	0.1052632
NODE_8860_length_900_cov_17.681648	530	606	6	6	76	0.0789474
NODE_8860_length_900_cov_17.681648	530	606	8	23	76	0.3026316
NODE_8860_length_900_cov_17.681648	530	606	10	39	76	0.5131579
NODE_8860_length_900_cov_17.681648	583	659	2	7	76	0.0921053
NODE_8860_length_900_cov_17.681648	583	659	6	11	76	0.1447368
NODE_8860_length_900_cov_17.681648	583	659	8	14	76	0.1842105
NODE_8860_length_900_cov_17.681648	583	659	10	44	76	0.5789474
NODE_8861_length_900_cov_16.294632	316	396	0	57	80	0.7125000
NODE_8861_length_900_cov_16.294632	316	396	2	23	80	0.2875000
NODE_8861_length_900_cov_16.294632	369	449	0	80	80	1.0000000
NODE_8863_length_900_cov_5.962547	0	70	2	2	70	0.0285714
NODE_8863_length_900_cov_5.962547	0	70	4	3	70	0.0428571
NODE_8863_length_900_cov_5.962547	0	70	6	2	70	0.0285714
NODE_8863_length_900_cov_5.962547	0	70	10	1	70	0.0142857
NODE_8863_length_900_cov_5.962547	0	70	12	6	70	0.0857143
NODE_8863_length_900_cov_5.962547	0	70	14	9	70	0.1285714
NODE_8863_length_900_cov_5.962547	0	70	15	1	70	0.0142857
NODE_8863_length_900_cov_5.962547	0	70	18	5	70	0.0714286
NODE_8863_length_900_cov_5.962547	0	70	20	41	70	0.5857143
NODE_8863_length_900_cov_5.962547	43	108	8	3	65	0.0461538
NODE_8863_length_900_cov_5.962547	43	108	16	1	65	0.0153846
NODE_8863_length_900_cov_5.962547	43	108	20	61	65	0.9384615
NODE_8870_length_900_cov_2.521848	85	165	0	80	80	1.0000000
NODE_8870_length_900_cov_2.521848	138	218	0	80	80	1.0000000
NODE_8879_length_899_cov_45.853750	380	460	0	8	80	0.1000000
NODE_8879_length_899_cov_45.853750	380	460	4	6	80	0.0750000
NODE_8879_length_899_cov_45.853750	380	460	6	18	80	0.2250000
NODE_8879_length_899_cov_45.853750	380	460	7	6	80	0.0750000
NODE_8879_length_899_cov_45.853750	380	460	8	7	80	0.0875000
NODE_8879_length_899_cov_45.853750	380	460	10	35	80	0.4375000
NODE_8879_length_899_cov_45.853750	433	516	10	36	83	0.4337350
NODE_8879_length_899_cov_45.853750	433	516	12	1	83	0.0120482
NODE_8879_length_899_cov_45.853750	433	516	14	46	83	0.5542169
NODE_8880_length_899_cov_37.758750	381	461	0	49	80	0.6125000
NODE_8880_length_899_cov_37.758750	381	461	8	31	80	0.3875000
NODE_8880_length_899_cov_37.758750	434	514	7	6	80	0.0750000
NODE_8880_length_899_cov_37.758750	434	514	8	74	80	0.9250000
NODE_8881_length_899_cov_27.362500	413	493	2	15	80	0.1875000
NODE_8881_length_899_cov_27.362500	413	493	4	65	80	0.8125000
NODE_8881_length_899_cov_27.362500	466	546	0	28	80	0.3500000
NODE_8881_length_899_cov_27.362500	466	546	2	40	80	0.5000000
NODE_8881_length_899_cov_27.362500	466	546	4	12	80	0.1500000
NODE_8882_length_899_cov_20.563750	379	459	4	18	80	0.2250000
NODE_8882_length_899_cov_20.563750	379	459	12	14	80	0.1750000
NODE_8882_length_899_cov_20.563750	379	459	14	48	80	0.6000000
NODE_8882_length_899_cov_20.563750	432	507	10	38	75	0.5066667
NODE_8882_length_899_cov_20.563750	432	507	12	24	75	0.3200000
NODE_8882_length_899_cov_20.563750	432	507	14	13	75	0.1733333
NODE_8884_length_899_cov_17.130000	319	399	0	11	80	0.1375000
NODE_8884_length_899_cov_17.130000	319	399	2	54	80	0.6750000
NODE_8884_length_899_cov_17.130000	319	399	4	15	80	0.1875000
NODE_8884_length_899_cov_17.130000	372	452	0	20	80	0.2500000
NODE_8884_length_899_cov_17.130000	372	452	2	55	80	0.6875000
NODE_8884_length_899_cov_17.130000	372	452	4	5	80	0.0625000
NODE_8885_length_899_cov_16.317500	270	350	0	51	80	0.6375000
NODE_8885_length_899_cov_16.317500	270	350	2	29	80	0.3625000
NODE_8885_length_899_cov_16.317500	323	403	2	80	80	1.0000000
NODE_8886_length_899_cov_16.190000	284	364	6	26	80	0.3250000
NODE_8886_length_899_cov_16.190000	284	364	8	54	80	0.6750000
NODE_8886_length_899_cov_16.190000	337	417	0	2	80	0.0250000
NODE_8886_length_899_cov_16.190000	337	417	4	18	80	0.2250000
NODE_8886_length_899_cov_16.190000	337	417	6	59	80	0.7375000
NODE_8886_length_899_cov_16.190000	337	417	8	1	80	0.0125000
NODE_8887_length_899_cov_13.873750	317	397	4	3	80	0.0375000
NODE_8887_length_899_cov_13.873750	317	397	6	77	80	0.9625000
NODE_8887_length_899_cov_13.873750	370	450	0	3	80	0.0375000
NODE_8887_length_899_cov_13.873750	370	450	2	41	80	0.5125000
NODE_8887_length_899_cov_13.873750	370	450	4	8	80	0.1000000
NODE_8887_length_899_cov_13.873750	370	450	6	28	80	0.3500000
NODE_8888_length_899_cov_12.957500	240	320	4	29	80	0.3625000
NODE_8888_length_899_cov_12.957500	240	320	6	51	80	0.6375000
NODE_8888_length_899_cov_12.957500	293	373	2	21	80	0.2625000
NODE_8888_length_899_cov_12.957500	293	373	4	35	80	0.4375000
NODE_8888_length_899_cov_12.957500	293	373	6	24	80	0.3000000
NODE_8889_length_899_cov_12.516250	387	467	8	43	80	0.5375000
NODE_8889_length_899_cov_12.516250	387	467	10	37	80	0.4625000
NODE_8889_length_899_cov_12.516250	440	520	2	2	80	0.0250000
NODE_8889_length_899_cov_12.516250	440	520	10	78	80	0.9750000
NODE_8890_length_899_cov_10.846250	348	428	0	80	80	1.0000000
NODE_8890_length_899_cov_10.846250	401	485	0	70	84	0.8333333
NODE_8890_length_899_cov_10.846250	401	485	2	14	84	0.1666667
NODE_8891_length_899_cov_9.185000	347	427	0	39	80	0.4875000
NODE_8891_length_899_cov_9.185000	347	427	2	14	80	0.1750000
NODE_8891_length_899_cov_9.185000	347	427	4	27	80	0.3375000
NODE_8891_length_899_cov_9.185000	400	480	4	80	80	1.0000000
NODE_8892_length_899_cov_8.655000	498	578	0	17	80	0.2125000
NODE_8892_length_899_cov_8.655000	498	578	2	63	80	0.7875000
NODE_8892_length_899_cov_8.655000	551	631	0	50	80	0.6250000
NODE_8892_length_899_cov_8.655000	551	631	2	30	80	0.3750000
NODE_8893_length_899_cov_3.551250	0	54	6	12	54	0.2222222
NODE_8893_length_899_cov_3.551250	0	54	8	20	54	0.3703704
NODE_8893_length_899_cov_3.551250	0	54	12	22	54	0.4074074
NODE_8893_length_899_cov_3.551250	27	107	8	5	80	0.0625000
NODE_8893_length_899_cov_3.551250	27	107	12	75	80	0.9375000
NODE_8893_length_899_cov_3.551250	103	183	0	32	80	0.4000000
NODE_8893_length_899_cov_3.551250	103	183	2	2	80	0.0250000
NODE_8893_length_899_cov_3.551250	103	183	5	7	80	0.0875000
NODE_8893_length_899_cov_3.551250	103	183	8	21	80	0.2625000
NODE_8893_length_899_cov_3.551250	103	183	12	18	80	0.2250000
NODE_8893_length_899_cov_3.551250	156	179	0	23	23	1.0000000
NODE_8914_length_898_cov_52.405507	299	379	4	80	80	1.0000000
NODE_8914_length_898_cov_52.405507	352	432	0	23	80	0.2875000
NODE_8914_length_898_cov_52.405507	352	432	2	15	80	0.1875000
NODE_8914_length_898_cov_52.405507	352	432	3	1	80	0.0125000
NODE_8914_length_898_cov_52.405507	352	432	4	41	80	0.5125000
NODE_8914_length_898_cov_52.405507	428	508	0	4	80	0.0500000
NODE_8914_length_898_cov_52.405507	428	508	2	76	80	0.9500000
NODE_8914_length_898_cov_52.405507	481	561	0	30	80	0.3750000
NODE_8914_length_898_cov_52.405507	481	561	2	50	80	0.6250000
NODE_8915_length_898_cov_44.973717	363	443	0	39	80	0.4875000
NODE_8915_length_898_cov_44.973717	363	443	4	41	80	0.5125000
NODE_8915_length_898_cov_44.973717	416	496	0	12	80	0.1500000
NODE_8915_length_898_cov_44.973717	416	496	4	68	80	0.8500000
NODE_8916_length_898_cov_38.269086	425	505	16	42	80	0.5250000
NODE_8916_length_898_cov_38.269086	425	505	18	8	80	0.1000000
NODE_8916_length_898_cov_38.269086	425	505	20	9	80	0.1125000
NODE_8916_length_898_cov_38.269086	425	505	21	1	80	0.0125000
NODE_8916_length_898_cov_38.269086	425	505	22	20	80	0.2500000
NODE_8916_length_898_cov_38.269086	478	558	4	16	80	0.2000000
NODE_8916_length_898_cov_38.269086	478	558	6	14	80	0.1750000
NODE_8916_length_898_cov_38.269086	478	558	16	35	80	0.4375000
NODE_8916_length_898_cov_38.269086	478	558	22	15	80	0.1875000
NODE_8917_length_898_cov_27.006258	465	545	6	56	80	0.7000000
NODE_8917_length_898_cov_27.006258	465	545	8	17	80	0.2125000
NODE_8917_length_898_cov_27.006258	465	545	10	7	80	0.0875000
NODE_8917_length_898_cov_27.006258	518	598	2	9	80	0.1125000
NODE_8917_length_898_cov_27.006258	518	598	4	25	80	0.3125000
NODE_8917_length_898_cov_27.006258	518	598	6	12	80	0.1500000
NODE_8917_length_898_cov_27.006258	518	598	8	19	80	0.2375000
NODE_8917_length_898_cov_27.006258	518	598	10	15	80	0.1875000
NODE_8918_length_898_cov_25.902378	185	265	2	80	80	1.0000000
NODE_8918_length_898_cov_25.902378	238	318	0	1	80	0.0125000
NODE_8918_length_898_cov_25.902378	238	318	2	79	80	0.9875000
NODE_8918_length_898_cov_25.902378	314	394	2	80	80	1.0000000
NODE_8918_length_898_cov_25.902378	367	447	0	36	80	0.4500000
NODE_8918_length_898_cov_25.902378	367	447	2	44	80	0.5500000
NODE_8919_length_898_cov_25.209011	368	448	0	80	80	1.0000000
NODE_8919_length_898_cov_25.209011	421	501	0	80	80	1.0000000
NODE_8920_length_898_cov_21.923655	325	405	0	41	80	0.5125000
NODE_8920_length_898_cov_21.923655	325	405	2	39	80	0.4875000
NODE_8920_length_898_cov_21.923655	378	458	2	80	80	1.0000000
NODE_8921_length_898_cov_21.065081	306	386	6	21	80	0.2625000
NODE_8921_length_898_cov_21.065081	306	386	8	12	80	0.1500000
NODE_8921_length_898_cov_21.065081	306	386	9	11	80	0.1375000
NODE_8921_length_898_cov_21.065081	306	386	13	11	80	0.1375000
NODE_8921_length_898_cov_21.065081	306	386	14	6	80	0.0750000
NODE_8921_length_898_cov_21.065081	306	386	22	19	80	0.2375000
NODE_8921_length_898_cov_21.065081	359	439	13	2	80	0.0250000
NODE_8921_length_898_cov_21.065081	359	439	14	6	80	0.0750000
NODE_8921_length_898_cov_21.065081	359	439	16	40	80	0.5000000
NODE_8921_length_898_cov_21.065081	359	439	22	32	80	0.4000000
NODE_8922_length_898_cov_20.954944	374	454	2	25	80	0.3125000
NODE_8922_length_898_cov_20.954944	374	454	4	55	80	0.6875000
NODE_8922_length_898_cov_20.954944	427	507	2	52	80	0.6500000
NODE_8922_length_898_cov_20.954944	427	507	4	28	80	0.3500000
NODE_8923_length_898_cov_17.387985	398	478	4	9	80	0.1125000
NODE_8923_length_898_cov_17.387985	398	478	5	5	80	0.0625000
NODE_8923_length_898_cov_17.387985	398	478	6	15	80	0.1875000
NODE_8923_length_898_cov_17.387985	398	478	7	27	80	0.3375000
NODE_8923_length_898_cov_17.387985	398	478	8	24	80	0.3000000
NODE_8923_length_898_cov_17.387985	451	531	2	10	80	0.1250000
NODE_8923_length_898_cov_17.387985	451	531	4	46	80	0.5750000
NODE_8923_length_898_cov_17.387985	451	531	6	15	80	0.1875000
NODE_8923_length_898_cov_17.387985	451	531	8	9	80	0.1125000
NODE_8924_length_898_cov_17.252816	265	345	0	29	80	0.3625000
NODE_8924_length_898_cov_17.252816	265	345	2	51	80	0.6375000
NODE_8924_length_898_cov_17.252816	318	398	0	47	80	0.5875000
NODE_8924_length_898_cov_17.252816	318	398	2	33	80	0.4125000
NODE_8926_length_898_cov_13.152691	455	535	0	80	80	1.0000000
NODE_8926_length_898_cov_13.152691	508	588	0	80	80	1.0000000
NODE_8927_length_898_cov_12.612015	375	455	0	80	80	1.0000000
NODE_8927_length_898_cov_12.612015	428	508	0	80	80	1.0000000
NODE_8928_length_898_cov_12.498123	428	508	0	56	80	0.7000000
NODE_8928_length_898_cov_12.498123	428	508	2	24	80	0.3000000
NODE_8928_length_898_cov_12.498123	481	561	0	3	80	0.0375000
NODE_8928_length_898_cov_12.498123	481	561	2	77	80	0.9625000
NODE_8932_length_898_cov_1.790989	0	56	0	56	56	1.0000000
NODE_8932_length_898_cov_1.790989	29	93	0	64	64	1.0000000
NODE_8944_length_897_cov_63.921053	350	430	0	3	80	0.0375000
NODE_8944_length_897_cov_63.921053	350	430	7	1	80	0.0125000
NODE_8944_length_897_cov_63.921053	350	430	8	36	80	0.4500000
NODE_8944_length_897_cov_63.921053	350	430	12	40	80	0.5000000
NODE_8944_length_897_cov_63.921053	403	483	4	12	80	0.1500000
NODE_8944_length_897_cov_63.921053	403	483	7	1	80	0.0125000
NODE_8944_length_897_cov_63.921053	403	483	8	21	80	0.2625000
NODE_8944_length_897_cov_63.921053	403	483	12	46	80	0.5750000
NODE_8945_length_897_cov_58.921053	316	396	6	11	80	0.1375000
NODE_8945_length_897_cov_58.921053	316	396	8	17	80	0.2125000
NODE_8945_length_897_cov_58.921053	316	396	13	4	80	0.0500000
NODE_8945_length_897_cov_58.921053	316	396	14	8	80	0.1000000
NODE_8945_length_897_cov_58.921053	316	396	19	22	80	0.2750000
NODE_8945_length_897_cov_58.921053	316	396	23	2	80	0.0250000
NODE_8945_length_897_cov_58.921053	316	396	29	1	80	0.0125000
NODE_8945_length_897_cov_58.921053	316	396	31	11	80	0.1375000
NODE_8945_length_897_cov_58.921053	316	396	39	4	80	0.0500000
NODE_8945_length_897_cov_58.921053	369	449	19	9	80	0.1125000
NODE_8945_length_897_cov_58.921053	369	449	23	2	80	0.0250000
NODE_8945_length_897_cov_58.921053	369	449	26	2	80	0.0250000
NODE_8945_length_897_cov_58.921053	369	449	29	1	80	0.0125000
NODE_8945_length_897_cov_58.921053	369	449	30	2	80	0.0250000
NODE_8945_length_897_cov_58.921053	369	449	31	11	80	0.1375000
NODE_8945_length_897_cov_58.921053	369	449	32	17	80	0.2125000
NODE_8945_length_897_cov_58.921053	369	449	34	16	80	0.2000000
NODE_8945_length_897_cov_58.921053	369	449	37	1	80	0.0125000
NODE_8945_length_897_cov_58.921053	369	449	38	8	80	0.1000000
NODE_8945_length_897_cov_58.921053	369	449	39	11	80	0.1375000
NODE_8946_length_897_cov_35.946115	324	404	10	80	80	1.0000000
NODE_8946_length_897_cov_35.946115	377	457	0	33	80	0.4125000
NODE_8946_length_897_cov_35.946115	377	457	6	14	80	0.1750000
NODE_8946_length_897_cov_35.946115	377	457	10	33	80	0.4125000
NODE_8947_length_897_cov_25.548872	238	318	2	1	80	0.0125000
NODE_8947_length_897_cov_25.548872	238	318	4	16	80	0.2000000
NODE_8947_length_897_cov_25.548872	238	318	5	11	80	0.1375000
NODE_8947_length_897_cov_25.548872	238	318	6	48	80	0.6000000
NODE_8947_length_897_cov_25.548872	238	318	8	4	80	0.0500000
NODE_8947_length_897_cov_25.548872	291	371	4	16	80	0.2000000
NODE_8947_length_897_cov_25.548872	291	371	5	7	80	0.0875000
NODE_8947_length_897_cov_25.548872	291	371	7	27	80	0.3375000
NODE_8947_length_897_cov_25.548872	291	371	8	30	80	0.3750000
NODE_8948_length_897_cov_24.913534	399	479	5	25	80	0.3125000
NODE_8948_length_897_cov_24.913534	399	479	6	7	80	0.0875000
NODE_8948_length_897_cov_24.913534	399	479	7	7	80	0.0875000
NODE_8948_length_897_cov_24.913534	399	479	9	20	80	0.2500000
NODE_8948_length_897_cov_24.913534	399	479	11	21	80	0.2625000
NODE_8948_length_897_cov_24.913534	452	532	6	54	80	0.6750000
NODE_8948_length_897_cov_24.913534	452	532	7	7	80	0.0875000
NODE_8948_length_897_cov_24.913534	452	532	9	19	80	0.2375000
NODE_8949_length_897_cov_21.839599	308	388	0	16	80	0.2000000
NODE_8949_length_897_cov_21.839599	308	388	2	6	80	0.0750000
NODE_8949_length_897_cov_21.839599	308	388	4	32	80	0.4000000
NODE_8949_length_897_cov_21.839599	308	388	6	19	80	0.2375000
NODE_8949_length_897_cov_21.839599	308	388	8	7	80	0.0875000
NODE_8949_length_897_cov_21.839599	361	441	4	1	80	0.0125000
NODE_8949_length_897_cov_21.839599	361	441	6	38	80	0.4750000
NODE_8949_length_897_cov_21.839599	361	441	8	41	80	0.5125000
NODE_8950_length_897_cov_19.355890	489	569	6	80	80	1.0000000
NODE_8950_length_897_cov_19.355890	542	622	0	14	80	0.1750000
NODE_8950_length_897_cov_19.355890	542	622	6	66	80	0.8250000
NODE_8951_length_897_cov_16.295739	209	289	14	25	80	0.3125000
NODE_8951_length_897_cov_16.295739	209	289	15	5	80	0.0625000
NODE_8951_length_897_cov_16.295739	209	289	17	2	80	0.0250000
NODE_8951_length_897_cov_16.295739	209	289	18	21	80	0.2625000
NODE_8951_length_897_cov_16.295739	209	289	19	1	80	0.0125000
NODE_8951_length_897_cov_16.295739	209	289	20	26	80	0.3250000
NODE_8951_length_897_cov_16.295739	262	342	2	18	80	0.2250000
NODE_8951_length_897_cov_16.295739	262	342	6	11	80	0.1375000
NODE_8951_length_897_cov_16.295739	262	342	12	3	80	0.0375000
NODE_8951_length_897_cov_16.295739	262	342	15	26	80	0.3250000
NODE_8951_length_897_cov_16.295739	262	342	17	2	80	0.0250000
NODE_8951_length_897_cov_16.295739	262	342	19	1	80	0.0125000
NODE_8951_length_897_cov_16.295739	262	342	20	19	80	0.2375000
NODE_8952_length_897_cov_14.766917	395	475	10	45	80	0.5625000
NODE_8952_length_897_cov_14.766917	395	475	12	25	80	0.3125000
NODE_8952_length_897_cov_14.766917	395	475	14	10	80	0.1250000
NODE_8952_length_897_cov_14.766917	448	528	8	5	80	0.0625000
NODE_8952_length_897_cov_14.766917	448	528	10	48	80	0.6000000
NODE_8952_length_897_cov_14.766917	448	528	12	17	80	0.2125000
NODE_8952_length_897_cov_14.766917	448	528	14	10	80	0.1250000
NODE_8953_length_897_cov_14.219298	253	333	6	80	80	1.0000000
NODE_8953_length_897_cov_14.219298	306	386	0	15	80	0.1875000
NODE_8953_length_897_cov_14.219298	306	386	6	65	80	0.8125000
NODE_8954_length_897_cov_11.116541	182	262	0	30	80	0.3750000
NODE_8954_length_897_cov_11.116541	182	262	2	50	80	0.6250000
NODE_8954_length_897_cov_11.116541	235	315	2	80	80	1.0000000
NODE_8955_length_897_cov_8.211779	303	383	0	40	80	0.5000000
NODE_8955_length_897_cov_8.211779	303	383	2	7	80	0.0875000
NODE_8955_length_897_cov_8.211779	303	383	4	33	80	0.4125000
NODE_8955_length_897_cov_8.211779	356	436	4	80	80	1.0000000
NODE_8973_length_896_cov_48.249686	397	477	0	37	80	0.4625000
NODE_8973_length_896_cov_48.249686	397	477	2	31	80	0.3875000
NODE_8973_length_896_cov_48.249686	397	477	6	12	80	0.1500000
NODE_8973_length_896_cov_48.249686	450	530	2	15	80	0.1875000
NODE_8973_length_896_cov_48.249686	450	530	6	29	80	0.3625000
NODE_8973_length_896_cov_48.249686	450	530	8	36	80	0.4500000
NODE_8974_length_896_cov_24.824341	213	293	0	44	80	0.5500000
NODE_8974_length_896_cov_24.824341	213	293	2	5	80	0.0625000
NODE_8974_length_896_cov_24.824341	213	293	4	31	80	0.3875000
NODE_8974_length_896_cov_24.824341	266	346	2	7	80	0.0875000
NODE_8974_length_896_cov_24.824341	266	346	4	73	80	0.9125000
NODE_8975_length_896_cov_23.130489	333	413	2	10	80	0.1250000
NODE_8975_length_896_cov_23.130489	333	413	4	70	80	0.8750000
NODE_8975_length_896_cov_23.130489	386	466	2	31	80	0.3875000
NODE_8975_length_896_cov_23.130489	386	466	4	49	80	0.6125000
NODE_8975_length_896_cov_23.130489	462	542	2	38	80	0.4750000
NODE_8975_length_896_cov_23.130489	462	542	4	42	80	0.5250000
NODE_8975_length_896_cov_23.130489	515	595	0	45	80	0.5625000
NODE_8975_length_896_cov_23.130489	515	595	2	35	80	0.4375000
NODE_8976_length_896_cov_20.673777	361	441	9	2	80	0.0250000
NODE_8976_length_896_cov_20.673777	361	441	10	17	80	0.2125000
NODE_8976_length_896_cov_20.673777	361	441	12	19	80	0.2375000
NODE_8976_length_896_cov_20.673777	361	441	14	42	80	0.5250000
NODE_8976_length_896_cov_20.673777	414	497	0	20	83	0.2409639
NODE_8976_length_896_cov_20.673777	414	497	2	10	83	0.1204819
NODE_8976_length_896_cov_20.673777	414	497	4	1	83	0.0120482
NODE_8976_length_896_cov_20.673777	414	497	6	10	83	0.1204819
NODE_8976_length_896_cov_20.673777	414	497	8	3	83	0.0361446
NODE_8976_length_896_cov_20.673777	414	497	9	14	83	0.1686747
NODE_8976_length_896_cov_20.673777	414	497	10	3	83	0.0361446
NODE_8976_length_896_cov_20.673777	414	497	14	22	83	0.2650602
NODE_8977_length_896_cov_18.979925	418	498	8	4	80	0.0500000
NODE_8977_length_896_cov_18.979925	418	498	10	25	80	0.3125000
NODE_8977_length_896_cov_18.979925	418	498	16	48	80	0.6000000
NODE_8977_length_896_cov_18.979925	418	498	18	3	80	0.0375000
NODE_8977_length_896_cov_18.979925	471	551	2	21	80	0.2625000
NODE_8977_length_896_cov_18.979925	471	551	10	57	80	0.7125000
NODE_8977_length_896_cov_18.979925	471	551	16	2	80	0.0250000
NODE_8978_length_896_cov_15.875784	340	420	0	80	80	1.0000000
NODE_8978_length_896_cov_15.875784	393	473	0	80	80	1.0000000
NODE_8980_length_896_cov_10.646173	337	417	4	10	80	0.1250000
NODE_8980_length_896_cov_10.646173	337	417	6	70	80	0.8750000
NODE_8980_length_896_cov_10.646173	390	470	0	16	80	0.2000000
NODE_8980_length_896_cov_10.646173	390	470	2	29	80	0.3625000
NODE_8980_length_896_cov_10.646173	390	470	4	12	80	0.1500000
NODE_8980_length_896_cov_10.646173	390	470	6	23	80	0.2875000
NODE_8981_length_896_cov_10.351317	327	407	0	80	80	1.0000000
NODE_8981_length_896_cov_10.351317	380	460	0	80	80	1.0000000
NODE_8982_length_896_cov_9.754078	411	491	0	23	80	0.2875000
NODE_8982_length_896_cov_9.754078	411	491	2	57	80	0.7125000
NODE_8982_length_896_cov_9.754078	464	544	2	80	80	1.0000000
NODE_8983_length_896_cov_8.069009	340	422	0	82	82	1.0000000
NODE_8983_length_896_cov_8.069009	395	475	0	80	80	1.0000000
NODE_8986_length_896_cov_4.939774	384	464	1	21	80	0.2625000
NODE_8986_length_896_cov_4.939774	384	464	4	59	80	0.7375000
NODE_8986_length_896_cov_4.939774	437	517	0	18	80	0.2250000
NODE_8986_length_896_cov_4.939774	437	517	1	56	80	0.7000000
NODE_8986_length_896_cov_4.939774	437	517	4	6	80	0.0750000
NODE_9005_length_895_cov_54.949749	378	458	4	2	80	0.0250000
NODE_9005_length_895_cov_54.949749	378	458	8	25	80	0.3125000
NODE_9005_length_895_cov_54.949749	378	458	10	19	80	0.2375000
NODE_9005_length_895_cov_54.949749	378	458	11	21	80	0.2625000
NODE_9005_length_895_cov_54.949749	378	458	12	9	80	0.1125000
NODE_9005_length_895_cov_54.949749	378	458	14	4	80	0.0500000
NODE_9005_length_895_cov_54.949749	431	511	6	39	80	0.4875000
NODE_9005_length_895_cov_54.949749	431	511	10	33	80	0.4125000
NODE_9005_length_895_cov_54.949749	431	511	12	8	80	0.1000000
NODE_9006_length_895_cov_53.945980	306	386	2	28	80	0.3500000
NODE_9006_length_895_cov_53.945980	306	386	4	52	80	0.6500000
NODE_9006_length_895_cov_53.945980	359	439	0	5	80	0.0625000
NODE_9006_length_895_cov_53.945980	359	439	2	20	80	0.2500000
NODE_9006_length_895_cov_53.945980	359	439	4	55	80	0.6875000
NODE_9007_length_895_cov_48.915829	369	449	2	8	80	0.1000000
NODE_9007_length_895_cov_48.915829	369	449	6	43	80	0.5375000
NODE_9007_length_895_cov_48.915829	369	449	8	19	80	0.2375000
NODE_9007_length_895_cov_48.915829	369	449	10	10	80	0.1250000
NODE_9007_length_895_cov_48.915829	422	502	4	7	80	0.0875000
NODE_9007_length_895_cov_48.915829	422	502	6	24	80	0.3000000
NODE_9007_length_895_cov_48.915829	422	502	8	17	80	0.2125000
NODE_9007_length_895_cov_48.915829	422	502	10	32	80	0.4000000
NODE_9007_length_895_cov_48.915829	498	578	0	46	80	0.5750000
NODE_9007_length_895_cov_48.915829	498	578	2	13	80	0.1625000
NODE_9007_length_895_cov_48.915829	498	578	3	10	80	0.1250000
NODE_9007_length_895_cov_48.915829	498	578	4	11	80	0.1375000
NODE_9007_length_895_cov_48.915829	551	631	0	80	80	1.0000000
NODE_9008_length_895_cov_38.347990	452	532	0	50	80	0.6250000
NODE_9008_length_895_cov_38.347990	452	532	1	2	80	0.0250000
NODE_9008_length_895_cov_38.347990	452	532	5	8	80	0.1000000
NODE_9008_length_895_cov_38.347990	452	532	7	9	80	0.1125000
NODE_9008_length_895_cov_38.347990	452	532	8	11	80	0.1375000
NODE_9008_length_895_cov_38.347990	505	585	5	7	80	0.0875000
NODE_9008_length_895_cov_38.347990	505	585	7	9	80	0.1125000
NODE_9008_length_895_cov_38.347990	505	585	8	15	80	0.1875000
NODE_9008_length_895_cov_38.347990	505	585	11	20	80	0.2500000
NODE_9008_length_895_cov_38.347990	505	585	12	29	80	0.3625000
NODE_9009_length_895_cov_33.716080	418	499	2	7	81	0.0864198
NODE_9009_length_895_cov_33.716080	418	499	5	2	81	0.0246914
NODE_9009_length_895_cov_33.716080	418	499	7	3	81	0.0370370
NODE_9009_length_895_cov_33.716080	418	499	10	4	81	0.0493827
NODE_9009_length_895_cov_33.716080	418	499	11	3	81	0.0370370
NODE_9009_length_895_cov_33.716080	418	499	12	19	81	0.2345679
NODE_9009_length_895_cov_33.716080	418	499	14	43	81	0.5308642
NODE_9009_length_895_cov_33.716080	472	552	0	13	80	0.1625000
NODE_9009_length_895_cov_33.716080	472	552	2	1	80	0.0125000
NODE_9009_length_895_cov_33.716080	472	552	4	8	80	0.1000000
NODE_9009_length_895_cov_33.716080	472	552	13	1	80	0.0125000
NODE_9009_length_895_cov_33.716080	472	552	14	57	80	0.7125000
NODE_9010_length_895_cov_21.630653	392	468	0	28	76	0.3684210
NODE_9010_length_895_cov_21.630653	392	468	5	9	76	0.1184211
NODE_9010_length_895_cov_21.630653	392	468	6	39	76	0.5131579
NODE_9010_length_895_cov_21.630653	441	521	6	80	80	1.0000000
NODE_9011_length_895_cov_19.932161	331	411	1	2	80	0.0250000
NODE_9011_length_895_cov_19.932161	331	411	2	7	80	0.0875000
NODE_9011_length_895_cov_19.932161	331	411	3	12	80	0.1500000
NODE_9011_length_895_cov_19.932161	331	411	4	17	80	0.2125000
NODE_9011_length_895_cov_19.932161	331	411	10	42	80	0.5250000
NODE_9011_length_895_cov_19.932161	384	464	0	28	80	0.3500000
NODE_9011_length_895_cov_19.932161	384	464	1	27	80	0.3375000
NODE_9011_length_895_cov_19.932161	384	464	2	7	80	0.0875000
NODE_9011_length_895_cov_19.932161	384	464	3	12	80	0.1500000
NODE_9011_length_895_cov_19.932161	384	464	4	6	80	0.0750000
NODE_9011_length_895_cov_19.932161	460	540	0	21	80	0.2625000
NODE_9011_length_895_cov_19.932161	460	540	4	13	80	0.1625000
NODE_9011_length_895_cov_19.932161	460	540	11	22	80	0.2750000
NODE_9011_length_895_cov_19.932161	460	540	12	1	80	0.0125000
NODE_9011_length_895_cov_19.932161	460	540	14	1	80	0.0125000
NODE_9011_length_895_cov_19.932161	460	540	16	22	80	0.2750000
NODE_9011_length_895_cov_19.932161	513	593	11	3	80	0.0375000
NODE_9011_length_895_cov_19.932161	513	593	12	6	80	0.0750000
NODE_9011_length_895_cov_19.932161	513	593	14	1	80	0.0125000
NODE_9011_length_895_cov_19.932161	513	593	16	70	80	0.8750000
NODE_9012_length_895_cov_16.037688	403	479	6	12	76	0.1578947
NODE_9012_length_895_cov_16.037688	403	479	8	59	76	0.7763158
NODE_9012_length_895_cov_16.037688	403	479	9	2	76	0.0263158
NODE_9012_length_895_cov_16.037688	403	479	12	1	76	0.0131579
NODE_9012_length_895_cov_16.037688	403	479	13	2	76	0.0263158
NODE_9012_length_895_cov_16.037688	452	532	4	14	80	0.1750000
NODE_9012_length_895_cov_16.037688	452	532	8	23	80	0.2875000
NODE_9012_length_895_cov_16.037688	452	532	9	14	80	0.1750000
NODE_9012_length_895_cov_16.037688	452	532	11	16	80	0.2000000
NODE_9012_length_895_cov_16.037688	452	532	12	1	80	0.0125000
NODE_9012_length_895_cov_16.037688	452	532	13	12	80	0.1500000
NODE_9013_length_895_cov_13.003769	372	452	0	80	80	1.0000000
NODE_9013_length_895_cov_13.003769	425	491	0	66	66	1.0000000
NODE_9014_length_895_cov_12.736181	280	360	0	76	80	0.9500000
NODE_9014_length_895_cov_12.736181	280	360	2	4	80	0.0500000
NODE_9014_length_895_cov_12.736181	333	413	0	23	80	0.2875000
NODE_9014_length_895_cov_12.736181	333	413	2	57	80	0.7125000
NODE_9015_length_895_cov_11.090452	505	585	6	1	80	0.0125000
NODE_9015_length_895_cov_11.090452	505	585	7	22	80	0.2750000
NODE_9015_length_895_cov_11.090452	505	585	8	17	80	0.2125000
NODE_9015_length_895_cov_11.090452	505	585	11	17	80	0.2125000
NODE_9015_length_895_cov_11.090452	505	585	13	23	80	0.2875000
NODE_9015_length_895_cov_11.090452	558	638	6	1	80	0.0125000
NODE_9015_length_895_cov_11.090452	558	638	7	68	80	0.8500000
NODE_9015_length_895_cov_11.090452	558	638	8	11	80	0.1375000
NODE_9016_length_895_cov_9.266332	468	548	0	18	80	0.2250000
NODE_9016_length_895_cov_9.266332	468	548	1	9	80	0.1125000
NODE_9016_length_895_cov_9.266332	468	548	2	53	80	0.6625000
NODE_9016_length_895_cov_9.266332	521	601	2	80	80	1.0000000
NODE_9018_length_895_cov_5.659548	472	552	2	80	80	1.0000000
NODE_9018_length_895_cov_5.659548	525	605	0	48	80	0.6000000
NODE_9018_length_895_cov_5.659548	525	605	2	32	80	0.4000000
NODE_9019_length_895_cov_5.383166	42	123	0	81	81	1.0000000
NODE_9030_length_894_cov_60.153459	446	526	10	5	80	0.0625000
NODE_9030_length_894_cov_60.153459	446	526	16	13	80	0.1625000
NODE_9030_length_894_cov_60.153459	446	526	18	27	80	0.3375000
NODE_9030_length_894_cov_60.153459	446	526	20	35	80	0.4375000
NODE_9030_length_894_cov_60.153459	499	579	8	18	80	0.2250000
NODE_9030_length_894_cov_60.153459	499	579	10	5	80	0.0625000
NODE_9030_length_894_cov_60.153459	499	579	12	14	80	0.1750000
NODE_9030_length_894_cov_60.153459	499	579	16	2	80	0.0250000
NODE_9030_length_894_cov_60.153459	499	579	18	3	80	0.0375000
NODE_9030_length_894_cov_60.153459	499	579	19	2	80	0.0250000
NODE_9030_length_894_cov_60.153459	499	579	20	36	80	0.4500000
NODE_9031_length_894_cov_49.618868	373	453	0	40	80	0.5000000
NODE_9031_length_894_cov_49.618868	373	453	2	40	80	0.5000000
NODE_9031_length_894_cov_49.618868	426	506	0	6	80	0.0750000
NODE_9031_length_894_cov_49.618868	426	506	2	74	80	0.9250000
NODE_9032_length_894_cov_33.228931	459	539	0	8	80	0.1000000
NODE_9032_length_894_cov_33.228931	459	539	3	2	80	0.0250000
NODE_9032_length_894_cov_33.228931	459	539	5	58	80	0.7250000
NODE_9032_length_894_cov_33.228931	459	539	6	1	80	0.0125000
NODE_9032_length_894_cov_33.228931	459	539	7	11	80	0.1375000
NODE_9032_length_894_cov_33.228931	512	592	1	14	80	0.1750000
NODE_9032_length_894_cov_33.228931	512	592	5	34	80	0.4250000
NODE_9032_length_894_cov_33.228931	512	592	6	1	80	0.0125000
NODE_9032_length_894_cov_33.228931	512	592	7	31	80	0.3875000
NODE_9033_length_894_cov_31.933333	411	491	4	28	80	0.3500000
NODE_9033_length_894_cov_31.933333	411	491	5	9	80	0.1125000
NODE_9033_length_894_cov_31.933333	411	491	6	43	80	0.5375000
NODE_9033_length_894_cov_31.933333	464	544	0	9	80	0.1125000
NODE_9033_length_894_cov_31.933333	464	544	2	34	80	0.4250000
NODE_9033_length_894_cov_31.933333	464	544	3	10	80	0.1250000
NODE_9033_length_894_cov_31.933333	464	544	5	9	80	0.1125000
NODE_9033_length_894_cov_31.933333	464	544	6	18	80	0.2250000
NODE_9034_length_894_cov_30.499371	270	350	2	1	80	0.0125000
NODE_9034_length_894_cov_30.499371	270	350	4	3	80	0.0375000
NODE_9034_length_894_cov_30.499371	270	350	6	11	80	0.1375000
NODE_9034_length_894_cov_30.499371	270	350	11	18	80	0.2250000
NODE_9034_length_894_cov_30.499371	270	350	14	1	80	0.0125000
NODE_9034_length_894_cov_30.499371	270	350	15	46	80	0.5750000
NODE_9034_length_894_cov_30.499371	323	403	9	30	80	0.3750000
NODE_9034_length_894_cov_30.499371	323	403	11	5	80	0.0625000
NODE_9034_length_894_cov_30.499371	323	403	13	11	80	0.1375000
NODE_9034_length_894_cov_30.499371	323	403	15	34	80	0.4250000
NODE_9034_length_894_cov_30.499371	399	479	2	18	80	0.2250000
NODE_9034_length_894_cov_30.499371	399	479	4	8	80	0.1000000
NODE_9034_length_894_cov_30.499371	399	479	5	1	80	0.0125000
NODE_9034_length_894_cov_30.499371	399	479	6	1	80	0.0125000
NODE_9034_length_894_cov_30.499371	399	479	7	16	80	0.2000000
NODE_9034_length_894_cov_30.499371	399	479	9	12	80	0.1500000
NODE_9034_length_894_cov_30.499371	399	479	10	24	80	0.3000000
NODE_9034_length_894_cov_30.499371	452	532	2	18	80	0.2250000
NODE_9034_length_894_cov_30.499371	452	532	4	61	80	0.7625000
NODE_9034_length_894_cov_30.499371	452	532	6	1	80	0.0125000
NODE_9035_length_894_cov_23.046541	79	159	0	80	80	1.0000000
NODE_9035_length_894_cov_23.046541	132	212	0	80	80	1.0000000
NODE_9036_length_894_cov_22.266667	381	461	0	3	80	0.0375000
NODE_9036_length_894_cov_22.266667	381	461	2	21	80	0.2625000
NODE_9036_length_894_cov_22.266667	381	461	4	56	80	0.7000000
NODE_9036_length_894_cov_22.266667	434	514	0	25	80	0.3125000
NODE_9036_length_894_cov_22.266667	434	514	2	16	80	0.2000000
NODE_9036_length_894_cov_22.266667	434	514	4	39	80	0.4875000
NODE_9037_length_894_cov_21.997484	332	412	0	7	80	0.0875000
NODE_9037_length_894_cov_21.997484	332	412	3	9	80	0.1125000
NODE_9037_length_894_cov_21.997484	332	412	9	10	80	0.1250000
NODE_9037_length_894_cov_21.997484	332	412	12	17	80	0.2125000
NODE_9037_length_894_cov_21.997484	332	412	14	37	80	0.4625000
NODE_9037_length_894_cov_21.997484	385	465	14	80	80	1.0000000
NODE_9038_length_894_cov_21.205031	319	399	0	71	80	0.8875000
NODE_9038_length_894_cov_21.205031	319	399	5	1	80	0.0125000
NODE_9038_length_894_cov_21.205031	319	399	6	8	80	0.1000000
NODE_9038_length_894_cov_21.205031	372	452	0	18	80	0.2250000
NODE_9038_length_894_cov_21.205031	372	452	5	1	80	0.0125000
NODE_9038_length_894_cov_21.205031	372	452	6	61	80	0.7625000
NODE_9038_length_894_cov_21.205031	448	528	2	13	80	0.1625000
NODE_9038_length_894_cov_21.205031	448	528	6	24	80	0.3000000
NODE_9038_length_894_cov_21.205031	448	528	8	43	80	0.5375000
NODE_9038_length_894_cov_21.205031	501	581	0	25	80	0.3125000
NODE_9038_length_894_cov_21.205031	501	581	2	41	80	0.5125000
NODE_9038_length_894_cov_21.205031	501	581	8	14	80	0.1750000
NODE_9039_length_894_cov_21.132075	422	502	0	80	80	1.0000000
NODE_9039_length_894_cov_21.132075	475	555	0	80	80	1.0000000
NODE_9040_length_894_cov_15.598742	338	418	2	52	80	0.6500000
NODE_9040_length_894_cov_15.598742	338	418	6	21	80	0.2625000
NODE_9040_length_894_cov_15.598742	338	418	8	7	80	0.0875000
NODE_9040_length_894_cov_15.598742	391	471	6	55	80	0.6875000
NODE_9040_length_894_cov_15.598742	391	471	8	25	80	0.3125000
NODE_9041_length_894_cov_14.079245	344	424	0	61	80	0.7625000
NODE_9041_length_894_cov_14.079245	344	424	2	19	80	0.2375000
NODE_9041_length_894_cov_14.079245	397	477	0	14	80	0.1750000
NODE_9041_length_894_cov_14.079245	397	477	1	1	80	0.0125000
NODE_9041_length_894_cov_14.079245	397	477	2	65	80	0.8125000
NODE_9042_length_894_cov_13.031447	336	416	8	14	80	0.1750000
NODE_9042_length_894_cov_13.031447	336	416	10	66	80	0.8250000
NODE_9042_length_894_cov_13.031447	389	469	0	10	80	0.1250000
NODE_9042_length_894_cov_13.031447	389	469	5	1	80	0.0125000
NODE_9042_length_894_cov_13.031447	389	469	6	36	80	0.4500000
NODE_9042_length_894_cov_13.031447	389	469	8	12	80	0.1500000
NODE_9042_length_894_cov_13.031447	389	469	10	21	80	0.2625000
NODE_9043_length_894_cov_13.031447	353	433	0	29	80	0.3625000
NODE_9043_length_894_cov_13.031447	353	433	2	3	80	0.0375000
NODE_9043_length_894_cov_13.031447	353	433	5	1	80	0.0125000
NODE_9043_length_894_cov_13.031447	353	433	6	47	80	0.5875000
NODE_9043_length_894_cov_13.031447	406	486	6	80	80	1.0000000
NODE_9044_length_894_cov_9.706918	330	410	0	37	80	0.4625000
NODE_9044_length_894_cov_9.706918	330	410	4	43	80	0.5375000
NODE_9045_length_894_cov_6.963522	378	458	0	80	80	1.0000000
NODE_9045_length_894_cov_6.963522	431	511	0	80	80	1.0000000
NODE_9046_length_894_cov_4.993711	365	445	0	35	80	0.4375000
NODE_9046_length_894_cov_4.993711	365	445	1	23	80	0.2875000
NODE_9046_length_894_cov_4.993711	365	445	2	22	80	0.2750000
NODE_9046_length_894_cov_4.993711	418	498	1	5	80	0.0625000
NODE_9046_length_894_cov_4.993711	418	498	2	75	80	0.9375000
NODE_9066_length_893_cov_59.134761	261	341	0	3	80	0.0375000
NODE_9066_length_893_cov_59.134761	261	341	2	19	80	0.2375000
NODE_9066_length_893_cov_59.134761	261	341	8	39	80	0.4875000
NODE_9066_length_893_cov_59.134761	261	341	12	19	80	0.2375000
NODE_9066_length_893_cov_59.134761	314	394	4	1	80	0.0125000
NODE_9066_length_893_cov_59.134761	314	394	8	8	80	0.1000000
NODE_9066_length_893_cov_59.134761	314	394	10	47	80	0.5875000
NODE_9066_length_893_cov_59.134761	314	394	12	24	80	0.3000000
NODE_9067_length_893_cov_58.991184	388	468	0	7	80	0.0875000
NODE_9067_length_893_cov_58.991184	388	468	2	16	80	0.2000000
NODE_9067_length_893_cov_58.991184	388	468	4	57	80	0.7125000
NODE_9067_length_893_cov_58.991184	441	521	0	2	80	0.0250000
NODE_9067_length_893_cov_58.991184	441	521	2	29	80	0.3625000
NODE_9067_length_893_cov_58.991184	441	521	4	49	80	0.6125000
NODE_9067_length_893_cov_58.991184	517	597	2	24	80	0.3000000
NODE_9067_length_893_cov_58.991184	517	597	8	19	80	0.2375000
NODE_9067_length_893_cov_58.991184	517	597	10	37	80	0.4625000
NODE_9067_length_893_cov_58.991184	570	650	8	35	80	0.4375000
NODE_9067_length_893_cov_58.991184	570	650	10	45	80	0.5625000
NODE_9068_length_893_cov_55.644836	434	514	0	80	80	1.0000000
NODE_9068_length_893_cov_55.644836	487	567	0	80	80	1.0000000
NODE_9068_length_893_cov_55.644836	563	643	0	42	80	0.5250000
NODE_9068_length_893_cov_55.644836	563	643	2	38	80	0.4750000
NODE_9068_length_893_cov_55.644836	616	696	0	46	80	0.5750000
NODE_9068_length_893_cov_55.644836	616	696	2	34	80	0.4250000
NODE_9069_length_893_cov_54.803526	479	559	2	3	80	0.0375000
NODE_9069_length_893_cov_54.803526	479	559	24	21	80	0.2625000
NODE_9069_length_893_cov_54.803526	479	559	26	56	80	0.7000000
NODE_9069_length_893_cov_54.803526	532	612	0	10	80	0.1250000
NODE_9069_length_893_cov_54.803526	532	612	21	2	80	0.0250000
NODE_9069_length_893_cov_54.803526	532	612	23	27	80	0.3375000
NODE_9069_length_893_cov_54.803526	532	612	24	33	80	0.4125000
NODE_9069_length_893_cov_54.803526	532	612	26	8	80	0.1000000
NODE_9070_length_893_cov_38.147355	391	471	2	80	80	1.0000000
NODE_9070_length_893_cov_38.147355	444	524	0	26	80	0.3250000
NODE_9070_length_893_cov_38.147355	444	524	2	54	80	0.6750000
NODE_9071_length_893_cov_33.690176	387	467	8	8	80	0.1000000
NODE_9071_length_893_cov_33.690176	387	467	12	15	80	0.1875000
NODE_9071_length_893_cov_33.690176	387	467	13	11	80	0.1375000
NODE_9071_length_893_cov_33.690176	387	467	14	46	80	0.5750000
NODE_9071_length_893_cov_33.690176	440	520	2	27	80	0.3375000
NODE_9071_length_893_cov_33.690176	440	520	8	16	80	0.2000000
NODE_9071_length_893_cov_33.690176	440	520	12	7	80	0.0875000
NODE_9071_length_893_cov_33.690176	440	520	14	30	80	0.3750000
NODE_9072_length_893_cov_32.162469	524	604	0	66	80	0.8250000
NODE_9072_length_893_cov_32.162469	524	604	2	14	80	0.1750000
NODE_9072_length_893_cov_32.162469	577	657	0	13	80	0.1625000
NODE_9072_length_893_cov_32.162469	577	657	2	67	80	0.8375000
NODE_9073_length_893_cov_31.916877	344	424	0	29	80	0.3625000
NODE_9073_length_893_cov_31.916877	344	424	2	51	80	0.6375000
NODE_9073_length_893_cov_31.916877	397	477	2	80	80	1.0000000
NODE_9074_length_893_cov_28.693955	437	517	0	22	80	0.2750000
NODE_9074_length_893_cov_28.693955	437	517	4	7	80	0.0875000
NODE_9074_length_893_cov_28.693955	437	517	6	51	80	0.6375000
NODE_9074_length_893_cov_28.693955	490	570	2	27	80	0.3375000
NODE_9074_length_893_cov_28.693955	490	570	6	53	80	0.6625000
NODE_9075_length_893_cov_23.564232	363	443	0	5	80	0.0625000
NODE_9075_length_893_cov_23.564232	363	443	2	38	80	0.4750000
NODE_9075_length_893_cov_23.564232	363	443	6	37	80	0.4625000
NODE_9075_length_893_cov_23.564232	416	496	4	52	80	0.6500000
NODE_9075_length_893_cov_23.564232	416	496	6	28	80	0.3500000
NODE_9076_length_893_cov_22.633501	272	352	2	12	80	0.1500000
NODE_9076_length_893_cov_22.633501	272	352	4	68	80	0.8500000
NODE_9076_length_893_cov_22.633501	272	352	2	12	80	0.1500000
NODE_9076_length_893_cov_22.633501	272	352	4	68	80	0.8500000
NODE_9076_length_893_cov_22.633501	272	352	2	12	80	0.1500000
NODE_9076_length_893_cov_22.633501	272	352	4	68	80	0.8500000
NODE_9076_length_893_cov_22.633501	325	405	2	59	80	0.7375000
NODE_9076_length_893_cov_22.633501	325	405	4	21	80	0.2625000
NODE_9076_length_893_cov_22.633501	325	405	2	59	80	0.7375000
NODE_9076_length_893_cov_22.633501	325	405	4	21	80	0.2625000
NODE_9076_length_893_cov_22.633501	325	405	2	59	80	0.7375000
NODE_9076_length_893_cov_22.633501	325	405	4	21	80	0.2625000
NODE_9076_length_893_cov_22.633501	401	481	2	2	80	0.0250000
NODE_9076_length_893_cov_22.633501	401	481	3	8	80	0.1000000
NODE_9076_length_893_cov_22.633501	401	481	4	32	80	0.4000000
NODE_9076_length_893_cov_22.633501	401	481	14	38	80	0.4750000
NODE_9076_length_893_cov_22.633501	454	534	10	22	80	0.2750000
NODE_9076_length_893_cov_22.633501	454	534	12	6	80	0.0750000
NODE_9076_length_893_cov_22.633501	454	534	14	52	80	0.6500000
NODE_9077_length_893_cov_22.403023	453	533	6	13	80	0.1625000
NODE_9077_length_893_cov_22.403023	453	533	8	7	80	0.0875000
NODE_9077_length_893_cov_22.403023	453	533	10	10	80	0.1250000
NODE_9077_length_893_cov_22.403023	453	533	14	2	80	0.0250000
NODE_9077_length_893_cov_22.403023	453	533	16	48	80	0.6000000
NODE_9077_length_893_cov_22.403023	506	586	6	4	80	0.0500000
NODE_9077_length_893_cov_22.403023	506	586	10	59	80	0.7375000
NODE_9077_length_893_cov_22.403023	506	586	16	17	80	0.2125000
NODE_9078_length_893_cov_19.423174	298	378	0	11	80	0.1375000
NODE_9078_length_893_cov_19.423174	298	378	2	69	80	0.8625000
NODE_9078_length_893_cov_19.423174	351	431	0	64	80	0.8000000
NODE_9078_length_893_cov_19.423174	351	431	2	16	80	0.2000000
NODE_9078_length_893_cov_19.423174	427	507	0	80	80	1.0000000
NODE_9078_length_893_cov_19.423174	480	560	0	80	80	1.0000000
NODE_9079_length_893_cov_19.389169	360	440	0	71	80	0.8875000
NODE_9079_length_893_cov_19.389169	360	440	4	9	80	0.1125000
NODE_9079_length_893_cov_19.389169	413	493	0	18	80	0.2250000
NODE_9079_length_893_cov_19.389169	413	493	4	26	80	0.3250000
NODE_9079_length_893_cov_19.389169	413	493	6	3	80	0.0375000
NODE_9079_length_893_cov_19.389169	413	493	10	2	80	0.0250000
NODE_9079_length_893_cov_19.389169	413	493	12	31	80	0.3875000
NODE_9079_length_893_cov_19.389169	489	569	12	62	80	0.7750000
NODE_9079_length_893_cov_19.389169	489	569	15	2	80	0.0250000
NODE_9079_length_893_cov_19.389169	489	569	16	6	80	0.0750000
NODE_9079_length_893_cov_19.389169	489	569	18	10	80	0.1250000
NODE_9079_length_893_cov_19.389169	542	622	10	50	80	0.6250000
NODE_9079_length_893_cov_19.389169	542	622	12	13	80	0.1625000
NODE_9079_length_893_cov_19.389169	542	622	15	1	80	0.0125000
NODE_9079_length_893_cov_19.389169	542	622	16	6	80	0.0750000
NODE_9079_length_893_cov_19.389169	542	622	18	10	80	0.1250000
NODE_9080_length_893_cov_18.152393	394	474	4	1	80	0.0125000
NODE_9080_length_893_cov_18.152393	394	474	11	1	80	0.0125000
NODE_9080_length_893_cov_18.152393	394	474	12	58	80	0.7250000
NODE_9080_length_893_cov_18.152393	394	474	14	15	80	0.1875000
NODE_9080_length_893_cov_18.152393	394	474	15	1	80	0.0125000
NODE_9080_length_893_cov_18.152393	394	474	16	4	80	0.0500000
NODE_9080_length_893_cov_18.152393	447	527	6	22	80	0.2750000
NODE_9080_length_893_cov_18.152393	447	527	12	48	80	0.6000000
NODE_9080_length_893_cov_18.152393	447	527	14	7	80	0.0875000
NODE_9080_length_893_cov_18.152393	447	527	16	3	80	0.0375000
NODE_9081_length_893_cov_15.960957	442	522	0	15	80	0.1875000
NODE_9081_length_893_cov_15.960957	442	522	2	65	80	0.8125000
NODE_9081_length_893_cov_15.960957	495	575	0	68	80	0.8500000
NODE_9081_length_893_cov_15.960957	495	575	2	12	80	0.1500000
NODE_9082_length_893_cov_13.119647	473	553	0	80	80	1.0000000
NODE_9082_length_893_cov_13.119647	526	606	0	80	80	1.0000000
NODE_9084_length_893_cov_5.549118	353	415	0	2	62	0.0322581
NODE_9084_length_893_cov_5.549118	353	415	2	60	62	0.9677419
NODE_9100_length_893_cov_1.141058	28	108	0	11	80	0.1375000
NODE_9100_length_893_cov_1.141058	28	108	2	69	80	0.8625000
NODE_9104_length_892_cov_74.968474	333	413	2	16	80	0.2000000
NODE_9104_length_892_cov_74.968474	333	413	8	64	80	0.8000000
NODE_9104_length_892_cov_74.968474	386	466	6	31	80	0.3875000
NODE_9104_length_892_cov_74.968474	386	466	8	49	80	0.6125000
NODE_9104_length_892_cov_74.968474	462	542	0	70	80	0.8750000
NODE_9104_length_892_cov_74.968474	462	542	6	10	80	0.1250000
NODE_9104_length_892_cov_74.968474	515	595	0	80	80	1.0000000
NODE_9105_length_892_cov_54.549811	463	550	0	52	87	0.5977011
NODE_9105_length_892_cov_54.549811	463	550	2	35	87	0.4022988
NODE_9105_length_892_cov_54.549811	523	603	2	80	80	1.0000000
NODE_9105_length_892_cov_54.549811	599	679	0	61	80	0.7625000
NODE_9105_length_892_cov_54.549811	599	679	2	19	80	0.2375000
NODE_9106_length_892_cov_37.887768	373	453	3	2	80	0.0250000
NODE_9106_length_892_cov_37.887768	373	453	4	4	80	0.0500000
NODE_9106_length_892_cov_37.887768	373	453	5	3	80	0.0375000
NODE_9106_length_892_cov_37.887768	373	453	6	9	80	0.1125000
NODE_9106_length_892_cov_37.887768	373	453	7	54	80	0.6750000
NODE_9106_length_892_cov_37.887768	373	453	9	8	80	0.1000000
NODE_9106_length_892_cov_37.887768	426	506	3	2	80	0.0250000
NODE_9106_length_892_cov_37.887768	426	506	4	57	80	0.7125000
NODE_9106_length_892_cov_37.887768	426	506	5	3	80	0.0375000
NODE_9106_length_892_cov_37.887768	426	506	7	10	80	0.1250000
NODE_9106_length_892_cov_37.887768	426	506	9	8	80	0.1000000
NODE_9107_length_892_cov_19.732661	361	441	0	80	80	1.0000000
NODE_9107_length_892_cov_19.732661	414	494	0	80	80	1.0000000
NODE_9108_length_892_cov_19.052963	290	370	6	20	80	0.2500000
NODE_9108_length_892_cov_19.052963	290	370	8	60	80	0.7500000
NODE_9108_length_892_cov_19.052963	343	423	0	34	80	0.4250000
NODE_9108_length_892_cov_19.052963	343	423	2	11	80	0.1375000
NODE_9108_length_892_cov_19.052963	343	423	4	5	80	0.0625000
NODE_9108_length_892_cov_19.052963	343	423	6	23	80	0.2875000
NODE_9108_length_892_cov_19.052963	343	423	8	7	80	0.0875000
NODE_9108_length_892_cov_19.052963	419	499	0	6	80	0.0750000
NODE_9108_length_892_cov_19.052963	419	499	2	73	80	0.9125000
NODE_9108_length_892_cov_19.052963	419	499	4	1	80	0.0125000
NODE_9108_length_892_cov_19.052963	472	552	2	66	80	0.8250000
NODE_9108_length_892_cov_19.052963	472	552	4	14	80	0.1750000
NODE_9109_length_892_cov_17.276166	341	421	2	44	80	0.5500000
NODE_9109_length_892_cov_17.276166	341	421	8	22	80	0.2750000
NODE_9109_length_892_cov_17.276166	341	421	10	14	80	0.1750000
NODE_9109_length_892_cov_17.276166	394	474	8	49	80	0.6125000
NODE_9109_length_892_cov_17.276166	394	474	10	31	80	0.3875000
NODE_9110_length_892_cov_16.312736	411	491	1	34	80	0.4250000
NODE_9110_length_892_cov_16.312736	411	491	5	4	80	0.0500000
NODE_9110_length_892_cov_16.312736	411	491	6	42	80	0.5250000
NODE_9110_length_892_cov_16.312736	464	544	5	36	80	0.4500000
NODE_9110_length_892_cov_16.312736	464	544	6	44	80	0.5500000
NODE_9111_length_892_cov_15.808323	395	475	4	10	80	0.1250000
NODE_9111_length_892_cov_15.808323	395	475	6	47	80	0.5875000
NODE_9111_length_892_cov_15.808323	395	475	8	23	80	0.2875000
NODE_9111_length_892_cov_15.808323	448	528	2	12	80	0.1500000
NODE_9111_length_892_cov_15.808323	448	528	4	15	80	0.1875000
NODE_9111_length_892_cov_15.808323	448	528	6	6	80	0.0750000
NODE_9111_length_892_cov_15.808323	448	528	8	47	80	0.5875000
NODE_9112_length_892_cov_14.020177	522	602	0	80	80	1.0000000
NODE_9112_length_892_cov_14.020177	575	655	0	80	80	1.0000000
NODE_9114_length_892_cov_8.798235	400	480	2	29	80	0.3625000
NODE_9114_length_892_cov_8.798235	400	480	4	51	80	0.6375000
NODE_9114_length_892_cov_8.798235	453	533	4	27	80	0.3375000
NODE_9114_length_892_cov_8.798235	453	533	6	53	80	0.6625000
NODE_9115_length_892_cov_8.413619	428	508	0	3	80	0.0375000
NODE_9115_length_892_cov_8.413619	428	508	6	77	80	0.9625000
NODE_9115_length_892_cov_8.413619	481	561	0	56	80	0.7000000
NODE_9115_length_892_cov_8.413619	481	561	6	24	80	0.3000000
NODE_9116_length_892_cov_6.694830	374	454	2	20	80	0.2500000
NODE_9116_length_892_cov_6.694830	374	454	4	60	80	0.7500000
NODE_9116_length_892_cov_6.694830	427	507	2	40	80	0.5000000
NODE_9116_length_892_cov_6.694830	427	507	4	40	80	0.5000000
NODE_9134_length_891_cov_30.166667	295	375	0	13	80	0.1625000
NODE_9134_length_891_cov_30.166667	295	375	2	8	80	0.1000000
NODE_9134_length_891_cov_30.166667	295	375	4	9	80	0.1125000
NODE_9134_length_891_cov_30.166667	295	375	16	38	80	0.4750000
NODE_9134_length_891_cov_30.166667	295	375	18	12	80	0.1500000
NODE_9134_length_891_cov_30.166667	348	428	12	6	80	0.0750000
NODE_9134_length_891_cov_30.166667	348	428	14	32	80	0.4000000
NODE_9134_length_891_cov_30.166667	348	428	16	30	80	0.3750000
NODE_9134_length_891_cov_30.166667	348	428	18	12	80	0.1500000
NODE_9135_length_891_cov_26.333333	319	399	6	3	80	0.0375000
NODE_9135_length_891_cov_26.333333	319	399	8	77	80	0.9625000
NODE_9135_length_891_cov_26.333333	372	452	0	42	80	0.5250000
NODE_9135_length_891_cov_26.333333	372	452	5	2	80	0.0250000
NODE_9135_length_891_cov_26.333333	372	452	6	7	80	0.0875000
NODE_9135_length_891_cov_26.333333	372	452	8	29	80	0.3625000
NODE_9136_length_891_cov_22.228535	336	416	0	34	80	0.4250000
NODE_9136_length_891_cov_22.228535	336	416	2	6	80	0.0750000
NODE_9136_length_891_cov_22.228535	336	416	4	40	80	0.5000000
NODE_9136_length_891_cov_22.228535	389	469	4	80	80	1.0000000
NODE_9137_length_891_cov_20.446970	377	457	0	20	80	0.2500000
NODE_9137_length_891_cov_20.446970	377	457	2	12	80	0.1500000
NODE_9137_length_891_cov_20.446970	377	457	3	39	80	0.4875000
NODE_9137_length_891_cov_20.446970	377	457	4	7	80	0.0875000
NODE_9137_length_891_cov_20.446970	377	457	6	2	80	0.0250000
NODE_9137_length_891_cov_20.446970	430	510	3	18	80	0.2250000
NODE_9137_length_891_cov_20.446970	430	510	4	7	80	0.0875000
NODE_9137_length_891_cov_20.446970	430	510	6	8	80	0.1000000
NODE_9137_length_891_cov_20.446970	430	510	8	16	80	0.2000000
NODE_9137_length_891_cov_20.446970	430	510	10	31	80	0.3875000
NODE_9138_length_891_cov_20.226010	310	390	0	13	80	0.1625000
NODE_9138_length_891_cov_20.226010	310	390	2	67	80	0.8375000
NODE_9138_length_891_cov_20.226010	363	443	0	64	80	0.8000000
NODE_9138_length_891_cov_20.226010	363	443	2	16	80	0.2000000
NODE_9140_length_891_cov_13.207071	392	472	0	80	80	1.0000000
NODE_9140_length_891_cov_13.207071	445	525	0	80	80	1.0000000
NODE_9141_length_891_cov_11.579545	379	459	0	19	80	0.2375000
NODE_9141_length_891_cov_11.579545	379	459	1	8	80	0.1000000
NODE_9141_length_891_cov_11.579545	379	459	3	53	80	0.6625000
NODE_9141_length_891_cov_11.579545	432	512	0	72	80	0.9000000
NODE_9141_length_891_cov_11.579545	432	512	1	1	80	0.0125000
NODE_9141_length_891_cov_11.579545	432	512	3	7	80	0.0875000
NODE_9142_length_891_cov_11.117424	499	579	6	17	80	0.2125000
NODE_9142_length_891_cov_11.117424	499	579	8	33	80	0.4125000
NODE_9142_length_891_cov_11.117424	499	579	14	30	80	0.3750000
NODE_9142_length_891_cov_11.117424	552	632	6	17	80	0.2125000
NODE_9142_length_891_cov_11.117424	552	632	8	19	80	0.2375000
NODE_9142_length_891_cov_11.117424	552	632	14	44	80	0.5500000
NODE_9153_length_890_cov_29.070796	284	364	0	34	80	0.4250000
NODE_9153_length_890_cov_29.070796	284	364	2	46	80	0.5750000
NODE_9153_length_890_cov_29.070796	337	417	2	61	80	0.7625000
NODE_9153_length_890_cov_29.070796	337	417	6	19	80	0.2375000
NODE_9153_length_890_cov_29.070796	413	497	6	9	84	0.1071429
NODE_9153_length_890_cov_29.070796	413	497	8	74	84	0.8809524
NODE_9153_length_890_cov_29.070796	413	497	9	1	84	0.0119048
NODE_9153_length_890_cov_29.070796	470	550	4	52	80	0.6500000
NODE_9153_length_890_cov_29.070796	470	550	8	28	80	0.3500000
NODE_9154_length_890_cov_27.295828	550	630	9	16	80	0.2000000
NODE_9154_length_890_cov_27.295828	550	630	10	64	80	0.8000000
NODE_9154_length_890_cov_27.295828	603	683	2	23	80	0.2875000
NODE_9154_length_890_cov_27.295828	603	683	4	26	80	0.3250000
NODE_9154_length_890_cov_27.295828	603	683	8	2	80	0.0250000
NODE_9154_length_890_cov_27.295828	603	683	10	29	80	0.3625000
NODE_9155_length_890_cov_18.088496	80	135	0	34	55	0.6181818
NODE_9155_length_890_cov_18.088496	80	135	2	21	55	0.3818182
NODE_9155_length_890_cov_18.088496	276	356	2	11	80	0.1375000
NODE_9155_length_890_cov_18.088496	276	356	4	8	80	0.1000000
NODE_9155_length_890_cov_18.088496	276	356	6	35	80	0.4375000
NODE_9155_length_890_cov_18.088496	276	356	8	26	80	0.3250000
NODE_9155_length_890_cov_18.088496	329	406	4	27	77	0.3506494
NODE_9155_length_890_cov_18.088496	329	406	6	3	77	0.0389610
NODE_9155_length_890_cov_18.088496	329	406	8	47	77	0.6103896
NODE_9156_length_890_cov_16.831858	402	482	0	13	80	0.1625000
NODE_9156_length_890_cov_16.831858	402	482	2	9	80	0.1125000
NODE_9156_length_890_cov_16.831858	402	482	4	51	80	0.6375000
NODE_9156_length_890_cov_16.831858	402	482	6	7	80	0.0875000
NODE_9156_length_890_cov_16.831858	455	535	0	21	80	0.2625000
NODE_9156_length_890_cov_16.831858	455	535	2	2	80	0.0250000
NODE_9156_length_890_cov_16.831858	455	535	4	50	80	0.6250000
NODE_9156_length_890_cov_16.831858	455	535	6	7	80	0.0875000
NODE_9157_length_890_cov_11.881163	222	302	0	18	80	0.2250000
NODE_9157_length_890_cov_11.881163	222	302	4	26	80	0.3250000
NODE_9157_length_890_cov_11.881163	222	302	5	15	80	0.1875000
NODE_9157_length_890_cov_11.881163	222	302	6	21	80	0.2625000
NODE_9157_length_890_cov_11.881163	275	355	2	1	80	0.0125000
NODE_9157_length_890_cov_11.881163	275	355	5	6	80	0.0750000
NODE_9157_length_890_cov_11.881163	275	355	6	73	80	0.9125000
NODE_9158_length_890_cov_8.676359	335	415	0	80	80	1.0000000
NODE_9158_length_890_cov_8.676359	388	468	0	80	80	1.0000000
NODE_9183_length_889_cov_61.520253	334	414	4	34	80	0.4250000
NODE_9183_length_889_cov_61.520253	334	414	17	1	80	0.0125000
NODE_9183_length_889_cov_61.520253	334	414	19	4	80	0.0500000
NODE_9183_length_889_cov_61.520253	334	414	21	18	80	0.2250000
NODE_9183_length_889_cov_61.520253	334	414	23	17	80	0.2125000
NODE_9183_length_889_cov_61.520253	334	414	25	6	80	0.0750000
NODE_9183_length_889_cov_61.520253	387	467	18	1	80	0.0125000
NODE_9183_length_889_cov_61.520253	387	467	20	19	80	0.2375000
NODE_9183_length_889_cov_61.520253	387	467	21	11	80	0.1375000
NODE_9183_length_889_cov_61.520253	387	467	22	10	80	0.1250000
NODE_9183_length_889_cov_61.520253	387	467	23	17	80	0.2125000
NODE_9183_length_889_cov_61.520253	387	467	24	1	80	0.0125000
NODE_9183_length_889_cov_61.520253	387	467	25	21	80	0.2625000
NODE_9183_length_889_cov_61.520253	463	543	0	33	80	0.4125000
NODE_9183_length_889_cov_61.520253	463	543	2	13	80	0.1625000
NODE_9183_length_889_cov_61.520253	463	543	18	31	80	0.3875000
NODE_9183_length_889_cov_61.520253	463	543	20	3	80	0.0375000
NODE_9183_length_889_cov_61.520253	516	596	0	80	80	1.0000000
NODE_9184_length_889_cov_30.012658	311	391	0	16	80	0.2000000
NODE_9184_length_889_cov_30.012658	311	391	5	2	80	0.0250000
NODE_9184_length_889_cov_30.012658	311	391	7	3	80	0.0375000
NODE_9184_length_889_cov_30.012658	311	391	10	26	80	0.3250000
NODE_9184_length_889_cov_30.012658	311	391	14	1	80	0.0125000
NODE_9184_length_889_cov_30.012658	311	391	16	32	80	0.4000000
NODE_9184_length_889_cov_30.012658	364	444	6	4	80	0.0500000
NODE_9184_length_889_cov_30.012658	364	444	10	19	80	0.2375000
NODE_9184_length_889_cov_30.012658	364	444	14	8	80	0.1000000
NODE_9184_length_889_cov_30.012658	364	444	16	49	80	0.6125000
NODE_9185_length_889_cov_28.217722	413	483	2	46	70	0.6571429
NODE_9185_length_889_cov_28.217722	413	483	4	3	70	0.0428571
NODE_9185_length_889_cov_28.217722	413	483	6	21	70	0.3000000
NODE_9185_length_889_cov_28.217722	466	542	2	3	76	0.0394737
NODE_9185_length_889_cov_28.217722	466	542	4	10	76	0.1315790
NODE_9185_length_889_cov_28.217722	466	542	6	63	76	0.8289474
NODE_9186_length_889_cov_27.924051	379	449	2	18	70	0.2571429
NODE_9186_length_889_cov_27.924051	379	449	4	52	70	0.7428572
NODE_9186_length_889_cov_27.924051	432	512	4	33	80	0.4125000
NODE_9186_length_889_cov_27.924051	432	512	6	47	80	0.5875000
NODE_9187_length_889_cov_25.887342	227	285	13	3	58	0.0517241
NODE_9187_length_889_cov_25.887342	227	285	15	19	58	0.3275862
NODE_9187_length_889_cov_25.887342	227	285	17	19	58	0.3275862
NODE_9187_length_889_cov_25.887342	227	285	21	17	58	0.2931035
NODE_9187_length_889_cov_25.887342	258	337	10	3	79	0.0379747
NODE_9187_length_889_cov_25.887342	258	337	11	6	79	0.0759494
NODE_9187_length_889_cov_25.887342	258	337	13	9	79	0.1139240
NODE_9187_length_889_cov_25.887342	258	337	15	29	79	0.3670886
NODE_9187_length_889_cov_25.887342	258	337	17	10	79	0.1265823
NODE_9187_length_889_cov_25.887342	258	337	21	22	79	0.2784810
NODE_9188_length_889_cov_22.992405	451	531	2	9	80	0.1125000
NODE_9188_length_889_cov_22.992405	451	531	4	37	80	0.4625000
NODE_9188_length_889_cov_22.992405	451	531	6	34	80	0.4250000
NODE_9188_length_889_cov_22.992405	504	584	0	44	80	0.5500000
NODE_9188_length_889_cov_22.992405	504	584	2	18	80	0.2250000
NODE_9188_length_889_cov_22.992405	504	584	4	18	80	0.2250000
NODE_9189_length_889_cov_20.703797	331	411	2	2	80	0.0250000
NODE_9189_length_889_cov_20.703797	331	411	6	24	80	0.3000000
NODE_9189_length_889_cov_20.703797	331	411	12	54	80	0.6750000
NODE_9189_length_889_cov_20.703797	384	464	0	50	80	0.6250000
NODE_9189_length_889_cov_20.703797	384	464	2	5	80	0.0625000
NODE_9189_length_889_cov_20.703797	384	464	6	24	80	0.3000000
NODE_9189_length_889_cov_20.703797	384	464	12	1	80	0.0125000
NODE_9190_length_889_cov_20.226582	234	314	0	3	80	0.0375000
NODE_9190_length_889_cov_20.226582	234	314	2	17	80	0.2125000
NODE_9190_length_889_cov_20.226582	234	314	4	17	80	0.2125000
NODE_9190_length_889_cov_20.226582	234	314	6	43	80	0.5375000
NODE_9190_length_889_cov_20.226582	287	367	0	56	80	0.7000000
NODE_9190_length_889_cov_20.226582	287	367	2	17	80	0.2125000
NODE_9190_length_889_cov_20.226582	287	367	4	7	80	0.0875000
NODE_9191_length_889_cov_15.587342	407	487	10	13	80	0.1625000
NODE_9191_length_889_cov_15.587342	407	487	16	3	80	0.0375000
NODE_9191_length_889_cov_15.587342	407	487	18	3	80	0.0375000
NODE_9191_length_889_cov_15.587342	407	487	20	61	80	0.7625000
NODE_9191_length_889_cov_15.587342	460	540	2	3	80	0.0375000
NODE_9191_length_889_cov_15.587342	460	540	12	33	80	0.4125000
NODE_9191_length_889_cov_15.587342	460	540	16	4	80	0.0500000
NODE_9191_length_889_cov_15.587342	460	540	18	19	80	0.2375000
NODE_9191_length_889_cov_15.587342	460	540	20	21	80	0.2625000
NODE_9192_length_889_cov_12.669620	313	393	0	10	80	0.1250000
NODE_9192_length_889_cov_12.669620	313	393	7	70	80	0.8750000
NODE_9192_length_889_cov_12.669620	366	446	7	80	80	1.0000000
NODE_9193_length_889_cov_12.198734	399	479	0	80	80	1.0000000
NODE_9193_length_889_cov_12.198734	452	532	0	80	80	1.0000000
NODE_9197_length_889_cov_3.841772	187	267	0	20	80	0.2500000
NODE_9197_length_889_cov_3.841772	187	267	2	10	80	0.1250000
NODE_9197_length_889_cov_3.841772	187	267	4	50	80	0.6250000
NODE_9197_length_889_cov_3.841772	240	320	2	18	80	0.2250000
NODE_9197_length_889_cov_3.841772	240	320	4	62	80	0.7750000
NODE_9213_length_888_cov_37.102662	490	570	0	8	80	0.1000000
NODE_9213_length_888_cov_37.102662	490	570	1	1	80	0.0125000
NODE_9213_length_888_cov_37.102662	490	570	2	71	80	0.8875000
NODE_9213_length_888_cov_37.102662	543	623	0	1	80	0.0125000
NODE_9213_length_888_cov_37.102662	543	623	1	1	80	0.0125000
NODE_9213_length_888_cov_37.102662	543	623	2	78	80	0.9750000
NODE_9214_length_888_cov_28.230672	366	446	0	33	80	0.4125000
NODE_9214_length_888_cov_28.230672	366	446	2	47	80	0.5875000
NODE_9214_length_888_cov_28.230672	419	499	0	9	80	0.1125000
NODE_9214_length_888_cov_28.230672	419	499	2	71	80	0.8875000
NODE_9215_length_888_cov_25.243346	391	471	6	5	80	0.0625000
NODE_9215_length_888_cov_25.243346	391	471	8	1	80	0.0125000
NODE_9215_length_888_cov_25.243346	391	471	20	7	80	0.0875000
NODE_9215_length_888_cov_25.243346	391	471	22	54	80	0.6750000
NODE_9215_length_888_cov_25.243346	391	471	26	13	80	0.1625000
NODE_9215_length_888_cov_25.243346	444	524	4	7	80	0.0875000
NODE_9215_length_888_cov_25.243346	444	524	15	18	80	0.2250000
NODE_9215_length_888_cov_25.243346	444	524	16	5	80	0.0625000
NODE_9215_length_888_cov_25.243346	444	524	22	21	80	0.2625000
NODE_9215_length_888_cov_25.243346	444	524	24	10	80	0.1250000
NODE_9215_length_888_cov_25.243346	444	524	26	19	80	0.2375000
NODE_9216_length_888_cov_21.045627	236	316	0	80	80	1.0000000
NODE_9216_length_888_cov_21.045627	289	367	0	27	78	0.3461539
NODE_9216_length_888_cov_21.045627	289	367	2	16	78	0.2051282
NODE_9216_length_888_cov_21.045627	289	367	4	35	78	0.4487180
NODE_9218_length_888_cov_13.447402	515	595	0	10	80	0.1250000
NODE_9218_length_888_cov_13.447402	515	595	2	70	80	0.8750000
NODE_9218_length_888_cov_13.447402	568	648	0	34	80	0.4250000
NODE_9218_length_888_cov_13.447402	568	648	2	46	80	0.5750000
NODE_9219_length_888_cov_12.806084	179	259	0	80	80	1.0000000
NODE_9219_length_888_cov_12.806084	232	312	0	38	80	0.4750000
NODE_9219_length_888_cov_12.806084	232	312	2	42	80	0.5250000
NODE_9219_length_888_cov_12.806084	308	388	0	30	80	0.3750000
NODE_9219_length_888_cov_12.806084	308	388	2	50	80	0.6250000
NODE_9219_length_888_cov_12.806084	361	441	0	80	80	1.0000000
NODE_9220_length_888_cov_12.551331	365	445	6	22	80	0.2750000
NODE_9220_length_888_cov_12.551331	365	445	8	12	80	0.1500000
NODE_9220_length_888_cov_12.551331	365	445	10	6	80	0.0750000
NODE_9220_length_888_cov_12.551331	365	445	12	40	80	0.5000000
NODE_9220_length_888_cov_12.551331	418	498	4	6	80	0.0750000
NODE_9220_length_888_cov_12.551331	418	498	6	39	80	0.4875000
NODE_9220_length_888_cov_12.551331	418	498	7	3	80	0.0375000
NODE_9220_length_888_cov_12.551331	418	498	8	3	80	0.0375000
NODE_9220_length_888_cov_12.551331	418	498	10	8	80	0.1000000
NODE_9220_length_888_cov_12.551331	418	498	12	21	80	0.2625000
NODE_9228_length_888_cov_2.041825	42	102	0	60	60	1.0000000
NODE_9237_length_887_cov_32.927665	514	594	0	38	80	0.4750000
NODE_9237_length_887_cov_32.927665	514	594	4	42	80	0.5250000
NODE_9237_length_887_cov_32.927665	567	647	0	15	80	0.1875000
NODE_9237_length_887_cov_32.927665	567	647	2	1	80	0.0125000
NODE_9237_length_887_cov_32.927665	567	647	4	64	80	0.8000000
NODE_9238_length_887_cov_26.920051	358	438	4	47	80	0.5875000
NODE_9238_length_887_cov_26.920051	358	438	6	33	80	0.4125000
NODE_9238_length_887_cov_26.920051	411	491	0	2	80	0.0250000
NODE_9238_length_887_cov_26.920051	411	491	2	35	80	0.4375000
NODE_9238_length_887_cov_26.920051	411	491	6	43	80	0.5375000
NODE_9239_length_887_cov_20.714467	304	384	0	18	80	0.2250000
NODE_9239_length_887_cov_20.714467	304	384	2	20	80	0.2500000
NODE_9239_length_887_cov_20.714467	304	384	4	42	80	0.5250000
NODE_9239_length_887_cov_20.714467	357	433	0	67	76	0.8815789
NODE_9239_length_887_cov_20.714467	357	433	2	9	76	0.1184211
NODE_9240_length_887_cov_19.771574	407	487	0	25	80	0.3125000
NODE_9240_length_887_cov_19.771574	407	487	2	48	80	0.6000000
NODE_9240_length_887_cov_19.771574	407	487	4	7	80	0.0875000
NODE_9240_length_887_cov_19.771574	460	540	0	17	80	0.2125000
NODE_9240_length_887_cov_19.771574	460	540	2	3	80	0.0375000
NODE_9240_length_887_cov_19.771574	460	540	4	60	80	0.7500000
NODE_9241_length_887_cov_14.535533	333	413	3	22	80	0.2750000
NODE_9241_length_887_cov_14.535533	333	413	6	40	80	0.5000000
NODE_9241_length_887_cov_14.535533	333	413	7	2	80	0.0250000
NODE_9241_length_887_cov_14.535533	333	413	9	16	80	0.2000000
NODE_9241_length_887_cov_14.535533	386	466	0	21	80	0.2625000
NODE_9241_length_887_cov_14.535533	386	466	2	16	80	0.2000000
NODE_9241_length_887_cov_14.535533	386	466	6	43	80	0.5375000
NODE_9242_length_887_cov_14.114213	345	425	1	1	80	0.0125000
NODE_9242_length_887_cov_14.114213	345	425	3	1	80	0.0125000
NODE_9242_length_887_cov_14.114213	345	425	5	1	80	0.0125000
NODE_9242_length_887_cov_14.114213	345	425	6	77	80	0.9625000
NODE_9242_length_887_cov_14.114213	398	478	0	12	80	0.1500000
NODE_9242_length_887_cov_14.114213	398	478	1	42	80	0.5250000
NODE_9242_length_887_cov_14.114213	398	478	3	1	80	0.0125000
NODE_9242_length_887_cov_14.114213	398	478	5	1	80	0.0125000
NODE_9242_length_887_cov_14.114213	398	478	6	24	80	0.3000000
NODE_9243_length_887_cov_9.451777	406	486	0	40	80	0.5000000
NODE_9243_length_887_cov_9.451777	406	486	2	40	80	0.5000000
NODE_9243_length_887_cov_9.451777	459	539	2	80	80	1.0000000
NODE_9245_length_887_cov_6.656091	473	553	2	56	80	0.7000000
NODE_9245_length_887_cov_6.656091	473	553	4	24	80	0.3000000
NODE_9245_length_887_cov_6.656091	526	606	2	80	80	1.0000000
NODE_9246_length_887_cov_4.719543	420	500	0	30	80	0.3750000
NODE_9246_length_887_cov_4.719543	420	500	1	2	80	0.0250000
NODE_9246_length_887_cov_4.719543	420	500	2	48	80	0.6000000
NODE_9246_length_887_cov_4.719543	473	553	2	80	80	1.0000000
NODE_9250_length_887_cov_2.583756	385	429	0	17	44	0.3863636
NODE_9250_length_887_cov_2.583756	385	429	2	27	44	0.6136364
NODE_9250_length_887_cov_2.583756	393	428	0	9	35	0.2571429
NODE_9250_length_887_cov_2.583756	393	428	2	26	35	0.7428572
NODE_9261_length_887_cov_1.087563	754	829	2	75	75	1.0000000
NODE_9264_length_886_cov_35.482846	365	445	0	20	80	0.2500000
NODE_9264_length_886_cov_35.482846	365	445	2	60	80	0.7500000
NODE_9264_length_886_cov_35.482846	418	498	0	29	80	0.3625000
NODE_9264_length_886_cov_35.482846	418	498	2	51	80	0.6375000
NODE_9265_length_886_cov_31.939009	438	518	4	27	80	0.3375000
NODE_9265_length_886_cov_31.939009	438	518	6	53	80	0.6625000
NODE_9265_length_886_cov_31.939009	491	571	2	36	80	0.4500000
NODE_9265_length_886_cov_31.939009	491	571	4	5	80	0.0625000
NODE_9265_length_886_cov_31.939009	491	571	6	39	80	0.4875000
NODE_9266_length_886_cov_25.301144	326	406	5	4	80	0.0500000
NODE_9266_length_886_cov_25.301144	326	406	9	7	80	0.0875000
NODE_9266_length_886_cov_25.301144	326	406	11	21	80	0.2625000
NODE_9266_length_886_cov_25.301144	326	406	15	8	80	0.1000000
NODE_9266_length_886_cov_25.301144	326	406	17	4	80	0.0500000
NODE_9266_length_886_cov_25.301144	326	406	21	5	80	0.0625000
NODE_9266_length_886_cov_25.301144	326	406	23	31	80	0.3875000
NODE_9266_length_886_cov_25.301144	326	406	5	4	80	0.0500000
NODE_9266_length_886_cov_25.301144	326	406	9	7	80	0.0875000
NODE_9266_length_886_cov_25.301144	326	406	11	21	80	0.2625000
NODE_9266_length_886_cov_25.301144	326	406	15	8	80	0.1000000
NODE_9266_length_886_cov_25.301144	326	406	17	4	80	0.0500000
NODE_9266_length_886_cov_25.301144	326	406	21	5	80	0.0625000
NODE_9266_length_886_cov_25.301144	326	406	23	31	80	0.3875000
NODE_9266_length_886_cov_25.301144	379	459	8	6	80	0.0750000
NODE_9266_length_886_cov_25.301144	379	459	12	15	80	0.1875000
NODE_9266_length_886_cov_25.301144	379	459	13	6	80	0.0750000
NODE_9266_length_886_cov_25.301144	379	459	15	4	80	0.0500000
NODE_9266_length_886_cov_25.301144	379	459	17	1	80	0.0125000
NODE_9266_length_886_cov_25.301144	379	459	18	1	80	0.0125000
NODE_9266_length_886_cov_25.301144	379	459	19	1	80	0.0125000
NODE_9266_length_886_cov_25.301144	379	459	21	11	80	0.1375000
NODE_9266_length_886_cov_25.301144	379	459	23	35	80	0.4375000
NODE_9266_length_886_cov_25.301144	379	459	8	6	80	0.0750000
NODE_9266_length_886_cov_25.301144	379	459	12	15	80	0.1875000
NODE_9266_length_886_cov_25.301144	379	459	13	6	80	0.0750000
NODE_9266_length_886_cov_25.301144	379	459	15	4	80	0.0500000
NODE_9266_length_886_cov_25.301144	379	459	17	1	80	0.0125000
NODE_9266_length_886_cov_25.301144	379	459	18	1	80	0.0125000
NODE_9266_length_886_cov_25.301144	379	459	19	1	80	0.0125000
NODE_9266_length_886_cov_25.301144	379	459	21	11	80	0.1375000
NODE_9266_length_886_cov_25.301144	379	459	23	35	80	0.4375000
NODE_9267_length_886_cov_14.463787	327	407	0	6	80	0.0750000
NODE_9267_length_886_cov_14.463787	327	407	2	12	80	0.1500000
NODE_9267_length_886_cov_14.463787	327	407	4	62	80	0.7750000
NODE_9267_length_886_cov_14.463787	380	460	0	29	80	0.3625000
NODE_9267_length_886_cov_14.463787	380	460	2	6	80	0.0750000
NODE_9267_length_886_cov_14.463787	380	460	4	45	80	0.5625000
NODE_9286_length_885_cov_35.510178	373	453	6	2	80	0.0250000
NODE_9286_length_885_cov_35.510178	373	453	10	10	80	0.1250000
NODE_9286_length_885_cov_35.510178	373	453	12	35	80	0.4375000
NODE_9286_length_885_cov_35.510178	373	453	14	9	80	0.1125000
NODE_9286_length_885_cov_35.510178	373	453	16	24	80	0.3000000
NODE_9286_length_885_cov_35.510178	426	506	0	13	80	0.1625000
NODE_9286_length_885_cov_35.510178	426	506	2	2	80	0.0250000
NODE_9286_length_885_cov_35.510178	426	506	4	7	80	0.0875000
NODE_9286_length_885_cov_35.510178	426	506	6	33	80	0.4125000
NODE_9286_length_885_cov_35.510178	426	506	12	16	80	0.2000000
NODE_9286_length_885_cov_35.510178	426	506	16	9	80	0.1125000
NODE_9287_length_885_cov_31.857506	368	448	2	11	80	0.1375000
NODE_9287_length_885_cov_31.857506	368	448	4	3	80	0.0375000
NODE_9287_length_885_cov_31.857506	368	448	6	5	80	0.0625000
NODE_9287_length_885_cov_31.857506	368	448	8	61	80	0.7625000
NODE_9287_length_885_cov_31.857506	421	501	4	27	80	0.3375000
NODE_9287_length_885_cov_31.857506	421	501	6	18	80	0.2250000
NODE_9287_length_885_cov_31.857506	421	501	8	35	80	0.4375000
NODE_9288_length_885_cov_31.195929	395	475	1	3	80	0.0375000
NODE_9288_length_885_cov_31.195929	395	475	2	77	80	0.9625000
NODE_9288_length_885_cov_31.195929	448	528	0	37	80	0.4625000
NODE_9288_length_885_cov_31.195929	448	528	1	19	80	0.2375000
NODE_9288_length_885_cov_31.195929	448	528	2	24	80	0.3000000
NODE_9289_length_885_cov_23.735369	356	436	2	46	80	0.5750000
NODE_9289_length_885_cov_23.735369	356	436	4	34	80	0.4250000
NODE_9289_length_885_cov_23.735369	409	489	2	35	80	0.4375000
NODE_9289_length_885_cov_23.735369	409	489	4	45	80	0.5625000
NODE_9289_length_885_cov_23.735369	485	565	0	45	80	0.5625000
NODE_9289_length_885_cov_23.735369	485	565	2	35	80	0.4375000
NODE_9289_length_885_cov_23.735369	538	618	0	80	80	1.0000000
NODE_9290_length_885_cov_22.174300	340	420	0	80	80	1.0000000
NODE_9290_length_885_cov_22.174300	393	473	0	80	80	1.0000000
NODE_9290_length_885_cov_22.174300	469	549	0	37	80	0.4625000
NODE_9290_length_885_cov_22.174300	469	549	4	6	80	0.0750000
NODE_9290_length_885_cov_22.174300	469	549	7	25	80	0.3125000
NODE_9290_length_885_cov_22.174300	469	549	9	2	80	0.0250000
NODE_9290_length_885_cov_22.174300	469	549	11	10	80	0.1250000
NODE_9290_length_885_cov_22.174300	522	602	7	15	80	0.1875000
NODE_9290_length_885_cov_22.174300	522	602	9	2	80	0.0250000
NODE_9290_length_885_cov_22.174300	522	602	11	58	80	0.7250000
NODE_9290_length_885_cov_22.174300	522	602	12	5	80	0.0625000
NODE_9291_length_885_cov_17.852417	413	493	0	27	80	0.3375000
NODE_9291_length_885_cov_17.852417	413	493	2	1	80	0.0125000
NODE_9291_length_885_cov_17.852417	413	493	4	19	80	0.2375000
NODE_9291_length_885_cov_17.852417	413	493	8	33	80	0.4125000
NODE_9291_length_885_cov_17.852417	466	546	4	16	80	0.2000000
NODE_9291_length_885_cov_17.852417	466	546	6	11	80	0.1375000
NODE_9291_length_885_cov_17.852417	466	546	8	53	80	0.6625000
NODE_9292_length_885_cov_15.652672	346	426	2	80	80	1.0000000
NODE_9292_length_885_cov_15.652672	399	479	0	33	80	0.4125000
NODE_9292_length_885_cov_15.652672	399	479	2	47	80	0.5875000
NODE_9292_length_885_cov_15.652672	475	555	0	80	80	1.0000000
NODE_9292_length_885_cov_15.652672	528	608	0	80	80	1.0000000
NODE_9293_length_885_cov_11.648855	530	610	0	80	80	1.0000000
NODE_9293_length_885_cov_11.648855	583	663	0	42	80	0.5250000
NODE_9293_length_885_cov_11.648855	583	663	2	38	80	0.4750000
NODE_9294_length_885_cov_9.707379	611	691	2	17	80	0.2125000
NODE_9294_length_885_cov_9.707379	611	691	4	63	80	0.7875000
NODE_9294_length_885_cov_9.707379	664	744	0	11	80	0.1375000
NODE_9294_length_885_cov_9.707379	664	744	1	9	80	0.1125000
NODE_9294_length_885_cov_9.707379	664	744	4	60	80	0.7500000
NODE_9311_length_884_cov_73.050955	536	616	6	10	80	0.1250000
NODE_9311_length_884_cov_73.050955	536	616	20	2	80	0.0250000
NODE_9311_length_884_cov_73.050955	536	616	24	7	80	0.0875000
NODE_9311_length_884_cov_73.050955	536	616	26	28	80	0.3500000
NODE_9311_length_884_cov_73.050955	536	616	28	11	80	0.1375000
NODE_9311_length_884_cov_73.050955	536	616	29	22	80	0.2750000
NODE_9311_length_884_cov_73.050955	589	669	8	2	80	0.0250000
NODE_9311_length_884_cov_73.050955	589	669	9	5	80	0.0625000
NODE_9311_length_884_cov_73.050955	589	669	22	2	80	0.0250000
NODE_9311_length_884_cov_73.050955	589	669	23	13	80	0.1625000
NODE_9311_length_884_cov_73.050955	589	669	24	4	80	0.0500000
NODE_9311_length_884_cov_73.050955	589	669	28	21	80	0.2625000
NODE_9311_length_884_cov_73.050955	589	669	29	33	80	0.4125000
NODE_9312_length_884_cov_28.373248	381	461	4	27	80	0.3375000
NODE_9312_length_884_cov_28.373248	381	461	8	53	80	0.6625000
NODE_9312_length_884_cov_28.373248	434	514	0	19	80	0.2375000
NODE_9312_length_884_cov_28.373248	434	514	4	53	80	0.6625000
NODE_9312_length_884_cov_28.373248	434	514	8	8	80	0.1000000
NODE_9313_length_884_cov_20.649682	463	543	3	37	80	0.4625000
NODE_9313_length_884_cov_20.649682	463	543	7	6	80	0.0750000
NODE_9313_length_884_cov_20.649682	463	543	9	14	80	0.1750000
NODE_9313_length_884_cov_20.649682	463	543	11	20	80	0.2500000
NODE_9313_length_884_cov_20.649682	463	543	12	3	80	0.0375000
NODE_9313_length_884_cov_20.649682	516	596	6	7	80	0.0875000
NODE_9313_length_884_cov_20.649682	516	596	8	5	80	0.0625000
NODE_9313_length_884_cov_20.649682	516	596	9	4	80	0.0500000
NODE_9313_length_884_cov_20.649682	516	596	10	19	80	0.2375000
NODE_9313_length_884_cov_20.649682	516	596	11	20	80	0.2500000
NODE_9313_length_884_cov_20.649682	516	596	12	25	80	0.3125000
NODE_9314_length_884_cov_13.391083	225	305	0	80	80	1.0000000
NODE_9314_length_884_cov_13.391083	278	358	0	80	80	1.0000000
NODE_9315_length_884_cov_9.192357	278	358	4	11	80	0.1375000
NODE_9315_length_884_cov_9.192357	278	358	6	28	80	0.3500000
NODE_9315_length_884_cov_9.192357	278	358	10	41	80	0.5125000
NODE_9315_length_884_cov_9.192357	331	411	0	2	80	0.0250000
NODE_9315_length_884_cov_9.192357	331	411	2	6	80	0.0750000
NODE_9315_length_884_cov_9.192357	331	411	4	1	80	0.0125000
NODE_9315_length_884_cov_9.192357	331	411	7	4	80	0.0500000
NODE_9315_length_884_cov_9.192357	331	411	8	4	80	0.0500000
NODE_9315_length_884_cov_9.192357	331	411	10	63	80	0.7875000
NODE_9315_length_884_cov_9.192357	407	487	2	80	80	1.0000000
NODE_9315_length_884_cov_9.192357	460	540	0	36	80	0.4500000
NODE_9315_length_884_cov_9.192357	460	540	2	44	80	0.5500000
NODE_9335_length_883_cov_46.780612	344	424	2	22	80	0.2750000
NODE_9335_length_883_cov_46.780612	344	424	4	58	80	0.7250000
NODE_9335_length_883_cov_46.780612	397	477	0	49	80	0.6125000
NODE_9335_length_883_cov_46.780612	397	477	2	26	80	0.3250000
NODE_9335_length_883_cov_46.780612	397	477	4	5	80	0.0625000
NODE_9336_length_883_cov_46.304847	387	467	2	40	80	0.5000000
NODE_9336_length_883_cov_46.304847	387	467	5	17	80	0.2125000
NODE_9336_length_883_cov_46.304847	387	467	8	8	80	0.1000000
NODE_9336_length_883_cov_46.304847	387	467	10	15	80	0.1875000
NODE_9336_length_883_cov_46.304847	440	520	5	4	80	0.0500000
NODE_9336_length_883_cov_46.304847	440	520	8	54	80	0.6750000
NODE_9336_length_883_cov_46.304847	440	520	10	22	80	0.2750000
NODE_9337_length_883_cov_39.579082	410	490	0	9	80	0.1125000
NODE_9337_length_883_cov_39.579082	410	490	4	71	80	0.8875000
NODE_9337_length_883_cov_39.579082	463	543	4	80	80	1.0000000
NODE_9338_length_883_cov_28.307398	379	459	0	4	80	0.0500000
NODE_9338_length_883_cov_28.307398	379	459	4	18	80	0.2250000
NODE_9338_length_883_cov_28.307398	379	459	6	58	80	0.7250000
NODE_9338_length_883_cov_28.307398	432	512	2	39	80	0.4875000
NODE_9338_length_883_cov_28.307398	432	512	6	41	80	0.5125000
NODE_9339_length_883_cov_24.927296	429	509	2	32	80	0.4000000
NODE_9339_length_883_cov_24.927296	429	509	4	48	80	0.6000000
NODE_9339_length_883_cov_24.927296	482	562	2	10	80	0.1250000
NODE_9339_length_883_cov_24.927296	482	562	4	70	80	0.8750000
NODE_9341_length_883_cov_17.445153	326	406	0	8	80	0.1000000
NODE_9341_length_883_cov_17.445153	326	406	12	10	80	0.1250000
NODE_9341_length_883_cov_17.445153	326	406	14	11	80	0.1375000
NODE_9341_length_883_cov_17.445153	326	406	15	1	80	0.0125000
NODE_9341_length_883_cov_17.445153	326	406	16	50	80	0.6250000
NODE_9341_length_883_cov_17.445153	379	459	16	80	80	1.0000000
NODE_9342_length_883_cov_14.660714	319	395	2	8	76	0.1052632
NODE_9342_length_883_cov_14.660714	319	395	4	34	76	0.4473684
NODE_9342_length_883_cov_14.660714	319	395	8	32	76	0.4210526
NODE_9342_length_883_cov_14.660714	319	395	10	2	76	0.0263158
NODE_9342_length_883_cov_14.660714	740	816	0	76	76	1.0000000
NODE_9343_length_883_cov_11.052296	223	303	0	80	80	1.0000000
NODE_9343_length_883_cov_11.052296	276	356	0	80	80	1.0000000
NODE_9344_length_883_cov_6.873724	0	66	4	2	66	0.0303030
NODE_9344_length_883_cov_6.873724	0	66	12	1	66	0.0151515
NODE_9344_length_883_cov_6.873724	0	66	15	2	66	0.0303030
NODE_9344_length_883_cov_6.873724	0	66	17	9	66	0.1363636
NODE_9344_length_883_cov_6.873724	0	66	27	1	66	0.0151515
NODE_9344_length_883_cov_6.873724	0	66	28	1	66	0.0151515
NODE_9344_length_883_cov_6.873724	0	66	31	1	66	0.0151515
NODE_9344_length_883_cov_6.873724	0	66	32	2	66	0.0303030
NODE_9344_length_883_cov_6.873724	0	66	33	4	66	0.0606061
NODE_9344_length_883_cov_6.873724	0	66	38	1	66	0.0151515
NODE_9344_length_883_cov_6.873724	0	66	40	4	66	0.0606061
NODE_9344_length_883_cov_6.873724	0	66	41	2	66	0.0303030
NODE_9344_length_883_cov_6.873724	0	66	42	13	66	0.1969697
NODE_9344_length_883_cov_6.873724	0	66	43	5	66	0.0757576
NODE_9344_length_883_cov_6.873724	0	66	44	13	66	0.1969697
NODE_9344_length_883_cov_6.873724	0	66	45	5	66	0.0757576
NODE_9345_length_883_cov_3.873724	471	551	0	41	80	0.5125000
NODE_9345_length_883_cov_3.873724	471	551	2	39	80	0.4875000
NODE_9345_length_883_cov_3.873724	524	604	0	34	80	0.4250000
NODE_9345_length_883_cov_3.873724	524	604	2	46	80	0.5750000
NODE_9346_length_883_cov_3.247449	294	374	4	20	80	0.2500000
NODE_9346_length_883_cov_3.247449	294	374	8	22	80	0.2750000
NODE_9346_length_883_cov_3.247449	294	374	12	38	80	0.4750000
NODE_9346_length_883_cov_3.247449	347	427	4	20	80	0.2500000
NODE_9346_length_883_cov_3.247449	347	427	8	11	80	0.1375000
NODE_9346_length_883_cov_3.247449	347	427	10	22	80	0.2750000
NODE_9346_length_883_cov_3.247449	347	427	12	27	80	0.3375000
NODE_9370_length_882_cov_24.241379	438	518	0	6	80	0.0750000
NODE_9370_length_882_cov_24.241379	438	518	2	39	80	0.4875000
NODE_9370_length_882_cov_24.241379	438	518	4	35	80	0.4375000
NODE_9370_length_882_cov_24.241379	491	571	0	4	80	0.0500000
NODE_9370_length_882_cov_24.241379	491	571	2	32	80	0.4000000
NODE_9370_length_882_cov_24.241379	491	571	4	44	80	0.5500000
NODE_9371_length_882_cov_23.145594	355	435	0	25	80	0.3125000
NODE_9371_length_882_cov_23.145594	355	435	2	55	80	0.6875000
NODE_9371_length_882_cov_23.145594	408	488	0	43	80	0.5375000
NODE_9371_length_882_cov_23.145594	408	488	2	37	80	0.4625000
NODE_9372_length_882_cov_21.401022	335	415	12	80	80	1.0000000
NODE_9372_length_882_cov_21.401022	388	468	0	12	80	0.1500000
NODE_9372_length_882_cov_21.401022	388	468	12	68	80	0.8500000
NODE_9373_length_882_cov_19.579821	456	511	0	21	55	0.3818182
NODE_9373_length_882_cov_19.579821	456	511	1	34	55	0.6181818
NODE_9373_length_882_cov_19.579821	506	586	1	32	80	0.4000000
NODE_9373_length_882_cov_19.579821	506	586	5	2	80	0.0250000
NODE_9373_length_882_cov_19.579821	506	586	6	10	80	0.1250000
NODE_9373_length_882_cov_19.579821	506	586	8	36	80	0.4500000
NODE_9373_length_882_cov_19.579821	559	639	5	12	80	0.1500000
NODE_9373_length_882_cov_19.579821	559	639	6	38	80	0.4750000
NODE_9373_length_882_cov_19.579821	559	639	8	30	80	0.3750000
NODE_9374_length_882_cov_19.342273	298	378	0	80	80	1.0000000
NODE_9374_length_882_cov_19.342273	351	431	0	80	80	1.0000000
NODE_9374_length_882_cov_19.342273	427	508	0	46	81	0.5679013
NODE_9374_length_882_cov_19.342273	427	508	4	35	81	0.4320988
NODE_9374_length_882_cov_19.342273	481	561	4	80	80	1.0000000
NODE_9375_length_882_cov_11.873563	267	347	1	1	80	0.0125000
NODE_9375_length_882_cov_11.873563	267	347	2	19	80	0.2375000
NODE_9375_length_882_cov_11.873563	267	347	6	60	80	0.7500000
NODE_9375_length_882_cov_11.873563	320	400	6	80	80	1.0000000
NODE_9376_length_882_cov_8.794381	430	510	0	40	80	0.5000000
NODE_9376_length_882_cov_8.794381	430	510	4	40	80	0.5000000
NODE_9376_length_882_cov_8.794381	483	563	4	80	80	1.0000000
NODE_9377_length_882_cov_7.537676	527	608	0	81	81	1.0000000
NODE_9379_length_882_cov_6.696041	355	435	0	26	80	0.3250000
NODE_9379_length_882_cov_6.696041	355	435	2	7	80	0.0875000
NODE_9379_length_882_cov_6.696041	355	435	4	47	80	0.5875000
NODE_9379_length_882_cov_6.696041	408	488	0	79	80	0.9875000
NODE_9379_length_882_cov_6.696041	408	488	2	1	80	0.0125000
NODE_9380_length_882_cov_4.734355	585	665	0	80	80	1.0000000
NODE_9380_length_882_cov_4.734355	638	718	0	80	80	1.0000000
NODE_9398_length_881_cov_32.875959	444	524	28	4	80	0.0500000
NODE_9398_length_881_cov_32.875959	444	524	30	6	80	0.0750000
NODE_9398_length_881_cov_32.875959	444	524	42	2	80	0.0250000
NODE_9398_length_881_cov_32.875959	444	524	43	13	80	0.1625000
NODE_9398_length_881_cov_32.875959	444	524	44	25	80	0.3125000
NODE_9398_length_881_cov_32.875959	444	524	45	21	80	0.2625000
NODE_9398_length_881_cov_32.875959	444	524	50	9	80	0.1125000
NODE_9398_length_881_cov_32.875959	497	577	9	15	80	0.1875000
NODE_9398_length_881_cov_32.875959	497	577	23	6	80	0.0750000
NODE_9398_length_881_cov_32.875959	497	577	34	5	80	0.0625000
NODE_9398_length_881_cov_32.875959	497	577	40	12	80	0.1500000
NODE_9398_length_881_cov_32.875959	497	577	45	18	80	0.2250000
NODE_9398_length_881_cov_32.875959	497	577	49	1	80	0.0125000
NODE_9398_length_881_cov_32.875959	497	577	50	23	80	0.2875000
NODE_9399_length_881_cov_25.750639	43	117	9	8	74	0.1081081
NODE_9399_length_881_cov_25.750639	43	117	11	7	74	0.0945946
NODE_9399_length_881_cov_25.750639	43	117	12	14	74	0.1891892
NODE_9399_length_881_cov_25.750639	43	117	13	6	74	0.0810811
NODE_9399_length_881_cov_25.750639	43	117	14	4	74	0.0540541
NODE_9399_length_881_cov_25.750639	43	117	18	35	74	0.4729730
NODE_9399_length_881_cov_25.750639	116	193	15	8	77	0.1038961
NODE_9399_length_881_cov_25.750639	116	193	16	4	77	0.0519481
NODE_9399_length_881_cov_25.750639	116	193	18	23	77	0.2987013
NODE_9399_length_881_cov_25.750639	116	193	20	12	77	0.1558442
NODE_9399_length_881_cov_25.750639	116	193	22	7	77	0.0909091
NODE_9399_length_881_cov_25.750639	116	193	24	12	77	0.1558442
NODE_9399_length_881_cov_25.750639	116	193	26	11	77	0.1428571
NODE_9400_length_881_cov_23.897698	286	365	2	60	79	0.7594936
NODE_9400_length_881_cov_23.897698	286	365	4	8	79	0.1012658
NODE_9400_length_881_cov_23.897698	286	365	6	11	79	0.1392405
NODE_9400_length_881_cov_23.897698	338	418	2	8	80	0.1000000
NODE_9400_length_881_cov_23.897698	338	418	4	61	80	0.7625000
NODE_9400_length_881_cov_23.897698	338	418	6	11	80	0.1375000
NODE_9401_length_881_cov_20.656010	359	439	2	42	80	0.5250000
NODE_9401_length_881_cov_20.656010	359	439	4	7	80	0.0875000
NODE_9401_length_881_cov_20.656010	359	439	6	31	80	0.3875000
NODE_9401_length_881_cov_20.656010	412	492	4	60	80	0.7500000
NODE_9401_length_881_cov_20.656010	412	492	6	20	80	0.2500000
NODE_9402_length_881_cov_20.340153	242	322	0	80	80	1.0000000
NODE_9402_length_881_cov_20.340153	295	375	0	80	80	1.0000000
NODE_9403_length_881_cov_18.234015	420	500	0	2	80	0.0250000
NODE_9403_length_881_cov_18.234015	420	500	3	1	80	0.0125000
NODE_9403_length_881_cov_18.234015	420	500	4	77	80	0.9625000
NODE_9403_length_881_cov_18.234015	473	553	0	4	80	0.0500000
NODE_9403_length_881_cov_18.234015	473	553	4	76	80	0.9500000
NODE_9404_length_881_cov_17.748082	291	371	0	80	80	1.0000000
NODE_9404_length_881_cov_17.748082	344	424	0	80	80	1.0000000
NODE_9405_length_881_cov_12.884910	332	412	0	80	80	1.0000000
NODE_9405_length_881_cov_12.884910	385	465	0	80	80	1.0000000
NODE_9406_length_881_cov_6.473146	474	553	0	79	79	1.0000000
NODE_9406_length_881_cov_6.473146	514	594	0	80	80	1.0000000
NODE_9406_length_881_cov_6.473146	526	565	0	39	39	1.0000000
NODE_9406_length_881_cov_6.473146	555	606	0	51	51	1.0000000
NODE_9406_length_881_cov_6.473146	567	647	0	80	80	1.0000000
NODE_9407_length_881_cov_5.615090	547	627	4	2	80	0.0250000
NODE_9407_length_881_cov_5.615090	547	627	6	28	80	0.3500000
NODE_9407_length_881_cov_5.615090	547	627	8	50	80	0.6250000
NODE_9407_length_881_cov_5.615090	600	680	0	48	80	0.6000000
NODE_9407_length_881_cov_5.615090	600	680	4	7	80	0.0875000
NODE_9407_length_881_cov_5.615090	600	680	6	23	80	0.2875000
NODE_9407_length_881_cov_5.615090	600	680	8	2	80	0.0250000
NODE_9424_length_880_cov_26.663252	320	400	6	2	80	0.0250000
NODE_9424_length_880_cov_26.663252	320	400	8	12	80	0.1500000
NODE_9424_length_880_cov_26.663252	320	400	10	66	80	0.8250000
NODE_9424_length_880_cov_26.663252	373	453	2	8	80	0.1000000
NODE_9424_length_880_cov_26.663252	373	453	4	1	80	0.0125000
NODE_9424_length_880_cov_26.663252	373	453	6	46	80	0.5750000
NODE_9424_length_880_cov_26.663252	373	453	8	12	80	0.1500000
NODE_9424_length_880_cov_26.663252	373	453	10	13	80	0.1625000
NODE_9425_length_880_cov_21.828425	328	408	0	51	80	0.6375000
NODE_9425_length_880_cov_21.828425	328	408	2	29	80	0.3625000
NODE_9425_length_880_cov_21.828425	381	461	2	80	80	1.0000000
NODE_9426_length_880_cov_20.245839	427	507	0	8	80	0.1000000
NODE_9426_length_880_cov_20.245839	427	507	2	72	80	0.9000000
NODE_9426_length_880_cov_20.245839	480	560	0	17	80	0.2125000
NODE_9426_length_880_cov_20.245839	480	560	2	63	80	0.7875000
NODE_9427_length_880_cov_19.434059	0	69	7	15	69	0.2173913
NODE_9427_length_880_cov_19.434059	0	69	9	54	69	0.7826087
NODE_9428_length_880_cov_11.843790	363	430	6	13	67	0.1940299
NODE_9428_length_880_cov_11.843790	363	430	7	7	67	0.1044776
NODE_9428_length_880_cov_11.843790	363	430	11	9	67	0.1343284
NODE_9428_length_880_cov_11.843790	363	430	13	31	67	0.4626866
NODE_9428_length_880_cov_11.843790	363	430	15	7	67	0.1044776
NODE_9429_length_880_cov_11.544174	185	265	0	24	80	0.3000000
NODE_9429_length_880_cov_11.544174	185	265	2	29	80	0.3625000
NODE_9429_length_880_cov_11.544174	185	265	4	27	80	0.3375000
NODE_9429_length_880_cov_11.544174	238	318	2	23	80	0.2875000
NODE_9429_length_880_cov_11.544174	238	318	4	57	80	0.7125000
NODE_9430_length_880_cov_10.956466	354	434	0	80	80	1.0000000
NODE_9430_length_880_cov_10.956466	407	487	0	80	80	1.0000000
NODE_9431_length_880_cov_10.008963	395	474	4	79	79	1.0000000
NODE_9431_length_880_cov_10.008963	448	527	0	40	79	0.5063291
NODE_9431_length_880_cov_10.008963	448	527	3	1	79	0.0126582
NODE_9431_length_880_cov_10.008963	448	527	4	38	79	0.4810127
NODE_9453_length_879_cov_23.565385	326	406	0	80	80	1.0000000
NODE_9453_length_879_cov_23.565385	379	459	0	38	80	0.4750000
NODE_9453_length_879_cov_23.565385	379	459	6	1	80	0.0125000
NODE_9453_length_879_cov_23.565385	379	459	8	41	80	0.5125000
NODE_9453_length_879_cov_23.565385	455	535	4	8	80	0.1000000
NODE_9453_length_879_cov_23.565385	455	535	8	20	80	0.2500000
NODE_9453_length_879_cov_23.565385	455	535	10	52	80	0.6500000
NODE_9453_length_879_cov_23.565385	508	586	0	14	78	0.1794872
NODE_9453_length_879_cov_23.565385	508	586	2	17	78	0.2179487
NODE_9453_length_879_cov_23.565385	508	586	4	28	78	0.3589744
NODE_9453_length_879_cov_23.565385	508	586	10	19	78	0.2435897
NODE_9454_length_879_cov_20.758974	355	439	2	41	84	0.4880952
NODE_9454_length_879_cov_20.758974	355	439	4	43	84	0.5119048
NODE_9454_length_879_cov_20.758974	412	492	2	26	80	0.3250000
NODE_9454_length_879_cov_20.758974	412	492	4	54	80	0.6750000
NODE_9455_length_879_cov_19.685897	295	375	2	3	80	0.0375000
NODE_9455_length_879_cov_19.685897	295	375	3	15	80	0.1875000
NODE_9455_length_879_cov_19.685897	295	375	4	42	80	0.5250000
NODE_9455_length_879_cov_19.685897	295	375	6	20	80	0.2500000
NODE_9455_length_879_cov_19.685897	348	428	4	7	80	0.0875000
NODE_9455_length_879_cov_19.685897	348	428	6	73	80	0.9125000
NODE_9456_length_879_cov_17.738462	413	488	0	75	75	1.0000000
NODE_9456_length_879_cov_17.738462	569	649	0	80	80	1.0000000
NODE_9456_length_879_cov_17.738462	569	649	0	80	80	1.0000000
NODE_9456_length_879_cov_17.738462	569	649	0	80	80	1.0000000
NODE_9456_length_879_cov_17.738462	622	676	0	54	54	1.0000000
NODE_9458_length_879_cov_10.756410	335	415	0	80	80	1.0000000
NODE_9458_length_879_cov_10.756410	388	468	0	80	80	1.0000000
NODE_9459_length_879_cov_7.432051	234	314	0	13	80	0.1625000
NODE_9459_length_879_cov_7.432051	234	314	2	67	80	0.8375000
NODE_9459_length_879_cov_7.432051	288	367	0	66	79	0.8354430
NODE_9459_length_879_cov_7.432051	288	367	2	13	79	0.1645570
NODE_9473_length_878_cov_230.436457	415	495	16	5	80	0.0625000
NODE_9473_length_878_cov_230.436457	415	495	18	12	80	0.1500000
NODE_9473_length_878_cov_230.436457	415	495	20	11	80	0.1375000
NODE_9473_length_878_cov_230.436457	415	495	22	14	80	0.1750000
NODE_9473_length_878_cov_230.436457	415	495	24	38	80	0.4750000
NODE_9473_length_878_cov_230.436457	468	548	4	29	80	0.3625000
NODE_9473_length_878_cov_230.436457	468	548	13	1	80	0.0125000
NODE_9473_length_878_cov_230.436457	468	548	15	5	80	0.0625000
NODE_9473_length_878_cov_230.436457	468	548	18	12	80	0.1500000
NODE_9473_length_878_cov_230.436457	468	548	19	9	80	0.1125000
NODE_9473_length_878_cov_230.436457	468	548	20	20	80	0.2500000
NODE_9473_length_878_cov_230.436457	468	548	22	4	80	0.0500000
NODE_9474_length_878_cov_49.514763	410	490	2	4	80	0.0500000
NODE_9474_length_878_cov_49.514763	410	490	8	12	80	0.1500000
NODE_9474_length_878_cov_49.514763	410	490	12	22	80	0.2750000
NODE_9474_length_878_cov_49.514763	410	490	16	29	80	0.3625000
NODE_9474_length_878_cov_49.514763	410	490	18	13	80	0.1625000
NODE_9474_length_878_cov_49.514763	463	543	8	8	80	0.1000000
NODE_9474_length_878_cov_49.514763	463	543	12	22	80	0.2750000
NODE_9474_length_878_cov_49.514763	463	543	16	28	80	0.3500000
NODE_9474_length_878_cov_49.514763	463	543	18	22	80	0.2750000
NODE_9475_length_878_cov_38.862644	365	445	16	8	80	0.1000000
NODE_9475_length_878_cov_38.862644	365	445	26	15	80	0.1875000
NODE_9475_length_878_cov_38.862644	365	445	27	1	80	0.0125000
NODE_9475_length_878_cov_38.862644	365	445	28	47	80	0.5875000
NODE_9475_length_878_cov_38.862644	365	445	29	1	80	0.0125000
NODE_9475_length_878_cov_38.862644	365	445	30	8	80	0.1000000
NODE_9475_length_878_cov_38.862644	418	498	25	22	80	0.2750000
NODE_9475_length_878_cov_38.862644	418	498	26	15	80	0.1875000
NODE_9475_length_878_cov_38.862644	418	498	27	1	80	0.0125000
NODE_9475_length_878_cov_38.862644	418	498	28	39	80	0.4875000
NODE_9475_length_878_cov_38.862644	418	498	29	1	80	0.0125000
NODE_9475_length_878_cov_38.862644	418	498	30	2	80	0.0250000
NODE_9476_length_878_cov_36.517330	346	426	0	47	80	0.5875000
NODE_9476_length_878_cov_36.517330	346	426	1	1	80	0.0125000
NODE_9476_length_878_cov_36.517330	346	426	2	21	80	0.2625000
NODE_9476_length_878_cov_36.517330	346	426	4	11	80	0.1375000
NODE_9476_length_878_cov_36.517330	399	479	2	16	80	0.2000000
NODE_9476_length_878_cov_36.517330	399	479	4	64	80	0.8000000
NODE_9476_length_878_cov_36.517330	475	555	0	37	80	0.4625000
NODE_9476_length_878_cov_36.517330	475	555	2	35	80	0.4375000
NODE_9476_length_878_cov_36.517330	475	555	4	8	80	0.1000000
NODE_9476_length_878_cov_36.517330	528	608	0	80	80	1.0000000
NODE_9477_length_878_cov_34.404365	627	707	8	47	80	0.5875000
NODE_9477_length_878_cov_34.404365	627	707	10	33	80	0.4125000
NODE_9477_length_878_cov_34.404365	627	695	8	47	68	0.6911765
NODE_9477_length_878_cov_34.404365	627	695	10	21	68	0.3088235
NODE_9477_length_878_cov_34.404365	680	760	8	12	80	0.1500000
NODE_9477_length_878_cov_34.404365	680	760	10	15	80	0.1875000
NODE_9477_length_878_cov_34.404365	680	760	17	1	80	0.0125000
NODE_9477_length_878_cov_34.404365	680	760	19	5	80	0.0625000
NODE_9477_length_878_cov_34.404365	680	760	27	7	80	0.0875000
NODE_9477_length_878_cov_34.404365	680	760	28	5	80	0.0625000
NODE_9477_length_878_cov_34.404365	680	760	29	4	80	0.0500000
NODE_9477_length_878_cov_34.404365	680	760	31	5	80	0.0625000
NODE_9477_length_878_cov_34.404365	680	760	33	1	80	0.0125000
NODE_9477_length_878_cov_34.404365	680	760	34	10	80	0.1250000
NODE_9477_length_878_cov_34.404365	680	760	40	3	80	0.0375000
NODE_9477_length_878_cov_34.404365	680	760	42	6	80	0.0750000
NODE_9477_length_878_cov_34.404365	680	760	44	1	80	0.0125000
NODE_9477_length_878_cov_34.404365	680	760	45	5	80	0.0625000
NODE_9478_length_878_cov_28.761232	467	547	0	80	80	1.0000000
NODE_9478_length_878_cov_28.761232	520	600	0	80	80	1.0000000
NODE_9479_length_878_cov_24.899872	316	396	0	80	80	1.0000000
NODE_9479_length_878_cov_24.899872	369	449	0	80	80	1.0000000
NODE_9479_length_878_cov_24.899872	445	525	0	80	80	1.0000000
NODE_9479_length_878_cov_24.899872	498	578	0	80	80	1.0000000
NODE_9480_length_878_cov_21.446727	377	457	0	2	80	0.0250000
NODE_9480_length_878_cov_21.446727	377	457	2	8	80	0.1000000
NODE_9480_length_878_cov_21.446727	377	457	4	10	80	0.1250000
NODE_9480_length_878_cov_21.446727	377	457	6	60	80	0.7500000
NODE_9480_length_878_cov_21.446727	430	510	2	30	80	0.3750000
NODE_9480_length_878_cov_21.446727	430	510	4	9	80	0.1125000
NODE_9480_length_878_cov_21.446727	430	510	6	41	80	0.5125000
NODE_9481_length_878_cov_20.553273	424	504	6	5	80	0.0625000
NODE_9481_length_878_cov_20.553273	424	504	8	7	80	0.0875000
NODE_9481_length_878_cov_20.553273	424	504	12	12	80	0.1500000
NODE_9481_length_878_cov_20.553273	424	504	16	1	80	0.0125000
NODE_9481_length_878_cov_20.553273	424	504	21	1	80	0.0125000
NODE_9481_length_878_cov_20.553273	424	504	22	12	80	0.1500000
NODE_9481_length_878_cov_20.553273	424	504	24	42	80	0.5250000
NODE_9481_length_878_cov_20.553273	477	557	11	10	80	0.1250000
NODE_9481_length_878_cov_20.553273	477	557	15	13	80	0.1625000
NODE_9481_length_878_cov_20.553273	477	557	17	4	80	0.0500000
NODE_9481_length_878_cov_20.553273	477	557	19	6	80	0.0750000
NODE_9481_length_878_cov_20.553273	477	557	21	11	80	0.1375000
NODE_9481_length_878_cov_20.553273	477	557	23	4	80	0.0500000
NODE_9481_length_878_cov_20.553273	477	557	24	32	80	0.4000000
NODE_9482_length_878_cov_14.016688	214	294	2	80	80	1.0000000
NODE_9482_length_878_cov_14.016688	267	347	0	26	80	0.3250000
NODE_9482_length_878_cov_14.016688	267	347	2	54	80	0.6750000
NODE_9483_length_878_cov_9.252888	423	503	16	29	80	0.3625000
NODE_9483_length_878_cov_9.252888	423	503	18	14	80	0.1750000
NODE_9483_length_878_cov_9.252888	423	503	20	8	80	0.1000000
NODE_9483_length_878_cov_9.252888	423	503	22	29	80	0.3625000
NODE_9483_length_878_cov_9.252888	476	556	6	13	80	0.1625000
NODE_9483_length_878_cov_9.252888	476	556	15	1	80	0.0125000
NODE_9483_length_878_cov_9.252888	476	556	16	50	80	0.6250000
NODE_9483_length_878_cov_9.252888	476	556	22	16	80	0.2000000
NODE_9484_length_878_cov_8.695764	333	413	0	80	80	1.0000000
NODE_9484_length_878_cov_8.695764	386	466	0	80	80	1.0000000
NODE_9485_length_878_cov_6.686778	65	145	0	80	80	1.0000000
NODE_9485_length_878_cov_6.686778	118	198	0	80	80	1.0000000
NODE_9487_length_878_cov_6.328626	426	506	2	80	80	1.0000000
NODE_9487_length_878_cov_6.328626	479	559	0	11	80	0.1375000
NODE_9487_length_878_cov_6.328626	479	559	2	69	80	0.8625000
NODE_9488_length_878_cov_5.771502	470	513	2	4	43	0.0930233
NODE_9488_length_878_cov_5.771502	470	513	4	39	43	0.9069768
NODE_9490_length_878_cov_2.672657	499	579	0	46	80	0.5750000
NODE_9490_length_878_cov_2.672657	499	579	2	34	80	0.4250000
NODE_9490_length_878_cov_2.672657	552	631	2	79	79	1.0000000
NODE_9507_length_877_cov_59.021851	324	404	0	19	80	0.2375000
NODE_9507_length_877_cov_59.021851	324	404	2	37	80	0.4625000
NODE_9507_length_877_cov_59.021851	324	404	10	7	80	0.0875000
NODE_9507_length_877_cov_59.021851	324	404	12	8	80	0.1000000
NODE_9507_length_877_cov_59.021851	324	404	14	5	80	0.0625000
NODE_9507_length_877_cov_59.021851	324	404	16	4	80	0.0500000
NODE_9507_length_877_cov_59.021851	377	457	0	3	80	0.0375000
NODE_9507_length_877_cov_59.021851	377	457	10	7	80	0.0875000
NODE_9507_length_877_cov_59.021851	377	457	12	13	80	0.1625000
NODE_9507_length_877_cov_59.021851	377	457	14	24	80	0.3000000
NODE_9507_length_877_cov_59.021851	377	457	16	33	80	0.4125000
NODE_9508_length_877_cov_54.422879	418	498	7	3	80	0.0375000
NODE_9508_length_877_cov_54.422879	418	498	8	6	80	0.0750000
NODE_9508_length_877_cov_54.422879	418	498	12	30	80	0.3750000
NODE_9508_length_877_cov_54.422879	418	498	14	2	80	0.0250000
NODE_9508_length_877_cov_54.422879	418	498	16	39	80	0.4875000
NODE_9508_length_877_cov_54.422879	471	551	0	7	80	0.0875000
NODE_9508_length_877_cov_54.422879	471	551	2	1	80	0.0125000
NODE_9508_length_877_cov_54.422879	471	551	4	7	80	0.0875000
NODE_9508_length_877_cov_54.422879	471	551	8	41	80	0.5125000
NODE_9508_length_877_cov_54.422879	471	551	16	24	80	0.3000000
NODE_9509_length_877_cov_47.672237	451	527	0	76	76	1.0000000
NODE_9509_length_877_cov_47.672237	500	580	0	80	80	1.0000000
NODE_9510_length_877_cov_29.884319	349	429	4	6	80	0.0750000
NODE_9510_length_877_cov_29.884319	349	429	6	18	80	0.2250000
NODE_9510_length_877_cov_29.884319	349	429	8	7	80	0.0875000
NODE_9510_length_877_cov_29.884319	349	429	10	34	80	0.4250000
NODE_9510_length_877_cov_29.884319	349	429	11	13	80	0.1625000
NODE_9510_length_877_cov_29.884319	349	429	12	2	80	0.0250000
NODE_9510_length_877_cov_29.884319	402	482	6	17	80	0.2125000
NODE_9510_length_877_cov_29.884319	402	482	8	39	80	0.4875000
NODE_9510_length_877_cov_29.884319	402	482	10	21	80	0.2625000
NODE_9510_length_877_cov_29.884319	402	482	11	3	80	0.0375000
NODE_9511_length_877_cov_17.681234	423	503	2	4	80	0.0500000
NODE_9511_length_877_cov_17.681234	423	503	4	52	80	0.6500000
NODE_9511_length_877_cov_17.681234	423	503	8	24	80	0.3000000
NODE_9511_length_877_cov_17.681234	476	556	4	3	80	0.0375000
NODE_9511_length_877_cov_17.681234	476	556	6	48	80	0.6000000
NODE_9511_length_877_cov_17.681234	476	556	8	29	80	0.3625000
NODE_9512_length_877_cov_17.520566	228	308	0	42	80	0.5250000
NODE_9512_length_877_cov_17.520566	228	308	2	38	80	0.4750000
NODE_9512_length_877_cov_17.520566	281	361	2	69	80	0.8625000
NODE_9512_length_877_cov_17.520566	281	361	8	11	80	0.1375000
NODE_9513_length_877_cov_17.374036	362	442	6	24	80	0.3000000
NODE_9513_length_877_cov_17.374036	362	442	11	51	80	0.6375000
NODE_9513_length_877_cov_17.374036	362	442	16	5	80	0.0625000
NODE_9513_length_877_cov_17.374036	415	495	10	28	80	0.3500000
NODE_9513_length_877_cov_17.374036	415	495	11	22	80	0.2750000
NODE_9513_length_877_cov_17.374036	415	495	12	25	80	0.3125000
NODE_9513_length_877_cov_17.374036	415	495	16	5	80	0.0625000
NODE_9515_length_877_cov_9.320051	395	475	0	77	80	0.9625000
NODE_9515_length_877_cov_9.320051	395	475	2	3	80	0.0375000
NODE_9515_length_877_cov_9.320051	448	528	0	24	80	0.3000000
NODE_9515_length_877_cov_9.320051	448	528	2	10	80	0.1250000
NODE_9515_length_877_cov_9.320051	448	528	4	6	80	0.0750000
NODE_9515_length_877_cov_9.320051	448	528	6	40	80	0.5000000
NODE_9517_length_877_cov_6.755784	222	302	4	23	80	0.2875000
NODE_9517_length_877_cov_6.755784	222	302	10	31	80	0.3875000
NODE_9517_length_877_cov_6.755784	222	302	11	21	80	0.2625000
NODE_9517_length_877_cov_6.755784	222	302	12	5	80	0.0625000
NODE_9517_length_877_cov_6.755784	275	354	2	26	79	0.3291139
NODE_9517_length_877_cov_6.755784	275	354	4	49	79	0.6202531
NODE_9517_length_877_cov_6.755784	275	354	10	4	79	0.0506329
NODE_9537_length_876_cov_46.021879	389	469	0	80	80	1.0000000
NODE_9537_length_876_cov_46.021879	442	522	0	80	80	1.0000000
NODE_9538_length_876_cov_34.441441	379	459	7	10	80	0.1250000
NODE_9538_length_876_cov_34.441441	379	459	11	9	80	0.1125000
NODE_9538_length_876_cov_34.441441	379	459	13	3	80	0.0375000
NODE_9538_length_876_cov_34.441441	379	459	17	33	80	0.4125000
NODE_9538_length_876_cov_34.441441	379	459	19	25	80	0.3125000
NODE_9538_length_876_cov_34.441441	432	512	6	10	80	0.1250000
NODE_9538_length_876_cov_34.441441	432	512	10	13	80	0.1625000
NODE_9538_length_876_cov_34.441441	432	512	12	20	80	0.2500000
NODE_9538_length_876_cov_34.441441	432	512	17	3	80	0.0375000
NODE_9538_length_876_cov_34.441441	432	512	19	34	80	0.4250000
NODE_9539_length_876_cov_30.742600	344	424	0	80	80	1.0000000
NODE_9539_length_876_cov_30.742600	397	477	0	36	80	0.4500000
NODE_9539_length_876_cov_30.742600	397	477	2	44	80	0.5500000
NODE_9540_length_876_cov_28.476190	345	425	0	12	80	0.1500000
NODE_9540_length_876_cov_28.476190	345	425	2	3	80	0.0375000
NODE_9540_length_876_cov_28.476190	345	425	6	24	80	0.3000000
NODE_9540_length_876_cov_28.476190	345	425	8	41	80	0.5125000
NODE_9540_length_876_cov_28.476190	398	478	0	4	80	0.0500000
NODE_9540_length_876_cov_28.476190	398	478	2	19	80	0.2375000
NODE_9540_length_876_cov_28.476190	398	478	6	9	80	0.1125000
NODE_9540_length_876_cov_28.476190	398	478	8	48	80	0.6000000
NODE_9541_length_876_cov_22.722008	324	404	2	15	80	0.1875000
NODE_9541_length_876_cov_22.722008	324	404	6	15	80	0.1875000
NODE_9541_length_876_cov_22.722008	324	404	8	50	80	0.6250000
NODE_9541_length_876_cov_22.722008	377	457	2	38	80	0.4750000
NODE_9541_length_876_cov_22.722008	377	457	3	3	80	0.0375000
NODE_9541_length_876_cov_22.722008	377	457	4	27	80	0.3375000
NODE_9541_length_876_cov_22.722008	377	457	6	6	80	0.0750000
NODE_9541_length_876_cov_22.722008	377	457	8	6	80	0.0750000
NODE_9542_length_876_cov_17.458172	367	447	0	13	80	0.1625000
NODE_9542_length_876_cov_17.458172	367	447	2	67	80	0.8375000
NODE_9542_length_876_cov_17.458172	420	500	0	66	80	0.8250000
NODE_9542_length_876_cov_17.458172	420	500	2	14	80	0.1750000
NODE_9561_length_875_cov_52.965206	190	270	4	14	80	0.1750000
NODE_9561_length_875_cov_52.965206	190	270	5	1	80	0.0125000
NODE_9561_length_875_cov_52.965206	190	270	6	30	80	0.3750000
NODE_9561_length_875_cov_52.965206	190	270	7	1	80	0.0125000
NODE_9561_length_875_cov_52.965206	190	270	8	34	80	0.4250000
NODE_9561_length_875_cov_52.965206	243	323	2	36	80	0.4500000
NODE_9561_length_875_cov_52.965206	243	323	4	10	80	0.1250000
NODE_9561_length_875_cov_52.965206	243	323	6	8	80	0.1000000
NODE_9561_length_875_cov_52.965206	243	323	7	1	80	0.0125000
NODE_9561_length_875_cov_52.965206	243	323	8	25	80	0.3125000
NODE_9561_length_875_cov_52.965206	319	399	0	34	80	0.4250000
NODE_9561_length_875_cov_52.965206	319	399	1	12	80	0.1500000
NODE_9561_length_875_cov_52.965206	319	399	2	34	80	0.4250000
NODE_9561_length_875_cov_52.965206	372	447	1	8	75	0.1066667
NODE_9561_length_875_cov_52.965206	372	447	2	67	75	0.8933333
NODE_9562_length_875_cov_35.634021	260	340	2	35	80	0.4375000
NODE_9562_length_875_cov_35.634021	260	340	3	23	80	0.2875000
NODE_9562_length_875_cov_35.634021	260	340	6	1	80	0.0125000
NODE_9562_length_875_cov_35.634021	260	340	7	12	80	0.1500000
NODE_9562_length_875_cov_35.634021	260	340	8	9	80	0.1125000
NODE_9562_length_875_cov_35.634021	313	393	3	5	80	0.0625000
NODE_9562_length_875_cov_35.634021	313	393	6	1	80	0.0125000
NODE_9562_length_875_cov_35.634021	313	393	7	12	80	0.1500000
NODE_9562_length_875_cov_35.634021	313	393	8	40	80	0.5000000
NODE_9562_length_875_cov_35.634021	313	393	11	4	80	0.0500000
NODE_9562_length_875_cov_35.634021	313	393	12	10	80	0.1250000
NODE_9562_length_875_cov_35.634021	313	393	13	8	80	0.1000000
NODE_9562_length_875_cov_35.634021	389	469	1	11	80	0.1375000
NODE_9562_length_875_cov_35.634021	389	469	5	3	80	0.0375000
NODE_9562_length_875_cov_35.634021	389	469	8	4	80	0.0500000
NODE_9562_length_875_cov_35.634021	389	469	10	6	80	0.0750000
NODE_9562_length_875_cov_35.634021	389	469	11	39	80	0.4875000
NODE_9562_length_875_cov_35.634021	389	469	12	2	80	0.0250000
NODE_9562_length_875_cov_35.634021	389	469	13	15	80	0.1875000
NODE_9562_length_875_cov_35.634021	442	522	0	41	80	0.5125000
NODE_9562_length_875_cov_35.634021	442	522	1	23	80	0.2875000
NODE_9562_length_875_cov_35.634021	442	522	5	3	80	0.0375000
NODE_9562_length_875_cov_35.634021	442	522	8	4	80	0.0500000
NODE_9562_length_875_cov_35.634021	442	522	10	6	80	0.0750000
NODE_9562_length_875_cov_35.634021	442	522	11	3	80	0.0375000
NODE_9563_length_875_cov_33.771907	363	441	2	12	78	0.1538462
NODE_9563_length_875_cov_33.771907	363	441	4	11	78	0.1410256
NODE_9563_length_875_cov_33.771907	363	441	5	2	78	0.0256410
NODE_9563_length_875_cov_33.771907	363	441	6	42	78	0.5384616
NODE_9563_length_875_cov_33.771907	363	441	7	1	78	0.0128205
NODE_9563_length_875_cov_33.771907	363	441	8	10	78	0.1282051
NODE_9563_length_875_cov_33.771907	414	494	4	21	80	0.2625000
NODE_9563_length_875_cov_33.771907	414	494	6	5	80	0.0625000
NODE_9563_length_875_cov_33.771907	414	494	7	1	80	0.0125000
NODE_9563_length_875_cov_33.771907	414	494	8	53	80	0.6625000
NODE_9564_length_875_cov_29.698454	322	402	0	75	80	0.9375000
NODE_9564_length_875_cov_29.698454	322	402	4	4	80	0.0500000
NODE_9564_length_875_cov_29.698454	322	402	6	1	80	0.0125000
NODE_9564_length_875_cov_29.698454	375	455	0	22	80	0.2750000
NODE_9564_length_875_cov_29.698454	375	455	4	4	80	0.0500000
NODE_9564_length_875_cov_29.698454	375	455	6	54	80	0.6750000
NODE_9565_length_875_cov_23.041237	364	444	6	5	80	0.0625000
NODE_9565_length_875_cov_23.041237	364	444	8	75	80	0.9375000
NODE_9565_length_875_cov_23.041237	417	497	6	53	80	0.6625000
NODE_9565_length_875_cov_23.041237	417	497	8	27	80	0.3375000
NODE_9565_length_875_cov_23.041237	493	573	0	74	80	0.9250000
NODE_9565_length_875_cov_23.041237	493	573	6	6	80	0.0750000
NODE_9565_length_875_cov_23.041237	546	626	0	80	80	1.0000000
NODE_9566_length_875_cov_9.800258	242	322	0	10	80	0.1250000
NODE_9566_length_875_cov_9.800258	242	322	1	2	80	0.0250000
NODE_9566_length_875_cov_9.800258	242	322	3	8	80	0.1000000
NODE_9566_length_875_cov_9.800258	242	322	4	24	80	0.3000000
NODE_9566_length_875_cov_9.800258	242	322	6	36	80	0.4500000
NODE_9566_length_875_cov_9.800258	295	376	4	35	81	0.4320988
NODE_9566_length_875_cov_9.800258	295	376	6	46	81	0.5679013
NODE_9567_length_875_cov_8.195876	407	487	0	32	80	0.4000000
NODE_9567_length_875_cov_8.195876	407	487	2	48	80	0.6000000
NODE_9567_length_875_cov_8.195876	460	540	0	80	80	1.0000000
NODE_9585_length_874_cov_48.925161	185	265	2	48	80	0.6000000
NODE_9585_length_874_cov_48.925161	185	265	4	32	80	0.4000000
NODE_9585_length_874_cov_48.925161	238	318	2	27	80	0.3375000
NODE_9585_length_874_cov_48.925161	238	318	4	53	80	0.6625000
NODE_9587_length_874_cov_37.354839	199	279	0	52	80	0.6500000
NODE_9587_length_874_cov_37.354839	199	279	2	27	80	0.3375000
NODE_9587_length_874_cov_37.354839	199	279	4	1	80	0.0125000
NODE_9587_length_874_cov_37.354839	252	332	2	26	80	0.3250000
NODE_9587_length_874_cov_37.354839	252	332	4	9	80	0.1125000
NODE_9587_length_874_cov_37.354839	252	332	7	26	80	0.3250000
NODE_9587_length_874_cov_37.354839	252	332	9	1	80	0.0125000
NODE_9587_length_874_cov_37.354839	252	332	10	18	80	0.2250000
NODE_9588_length_874_cov_35.040000	231	311	0	10	80	0.1250000
NODE_9588_length_874_cov_35.040000	231	311	7	1	80	0.0125000
NODE_9588_length_874_cov_35.040000	231	311	8	28	80	0.3500000
NODE_9588_length_874_cov_35.040000	231	311	11	41	80	0.5125000
NODE_9588_length_874_cov_35.040000	284	364	4	10	80	0.1250000
NODE_9588_length_874_cov_35.040000	284	364	11	43	80	0.5375000
NODE_9588_length_874_cov_35.040000	284	364	12	27	80	0.3375000
NODE_9589_length_874_cov_23.415484	327	407	0	80	80	1.0000000
NODE_9589_length_874_cov_23.415484	380	460	0	80	80	1.0000000
NODE_9589_length_874_cov_23.415484	456	536	0	36	80	0.4500000
NODE_9589_length_874_cov_23.415484	456	536	2	44	80	0.5500000
NODE_9589_length_874_cov_23.415484	509	589	2	80	80	1.0000000
NODE_9590_length_874_cov_21.885161	279	359	0	10	80	0.1250000
NODE_9590_length_874_cov_21.885161	279	359	4	5	80	0.0625000
NODE_9590_length_874_cov_21.885161	279	359	8	26	80	0.3250000
NODE_9590_length_874_cov_21.885161	279	359	10	39	80	0.4875000
NODE_9590_length_874_cov_21.885161	332	412	10	60	80	0.7500000
NODE_9590_length_874_cov_21.885161	332	412	12	20	80	0.2500000
NODE_9591_length_874_cov_11.172903	67	147	0	34	80	0.4250000
NODE_9591_length_874_cov_11.172903	67	147	2	46	80	0.5750000
NODE_9591_length_874_cov_11.172903	120	200	0	40	80	0.5000000
NODE_9591_length_874_cov_11.172903	120	200	2	40	80	0.5000000
NODE_9592_length_874_cov_9.645161	424	504	0	45	80	0.5625000
NODE_9592_length_874_cov_9.645161	424	504	2	35	80	0.4375000
NODE_9592_length_874_cov_9.645161	477	557	2	80	80	1.0000000
NODE_9593_length_874_cov_8.637419	359	439	0	2	80	0.0250000
NODE_9593_length_874_cov_8.637419	359	439	2	78	80	0.9750000
NODE_9593_length_874_cov_8.637419	412	499	0	31	87	0.3563218
NODE_9593_length_874_cov_8.637419	412	499	2	56	87	0.6436782
NODE_9596_length_874_cov_4.785806	829	874	0	1	45	0.0222222
NODE_9596_length_874_cov_4.785806	829	874	4	3	45	0.0666667
NODE_9596_length_874_cov_4.785806	829	874	6	4	45	0.0888889
NODE_9596_length_874_cov_4.785806	829	874	8	2	45	0.0444444
NODE_9596_length_874_cov_4.785806	829	874	10	15	45	0.3333333
NODE_9596_length_874_cov_4.785806	829	874	20	20	45	0.4444444
NODE_9618_length_873_cov_100.625323	50	130	36	8	80	0.1000000
NODE_9618_length_873_cov_100.625323	50	130	37	3	80	0.0375000
NODE_9618_length_873_cov_100.625323	50	130	39	17	80	0.2125000
NODE_9618_length_873_cov_100.625323	50	130	41	4	80	0.0500000
NODE_9618_length_873_cov_100.625323	50	130	43	48	80	0.6000000
NODE_9619_length_873_cov_45.633075	226	306	2	73	80	0.9125000
NODE_9619_length_873_cov_45.633075	226	306	4	7	80	0.0875000
NODE_9619_length_873_cov_45.633075	279	359	2	56	80	0.7000000
NODE_9619_length_873_cov_45.633075	279	359	4	24	80	0.3000000
NODE_9619_length_873_cov_45.633075	693	773	5	12	80	0.1500000
NODE_9619_length_873_cov_45.633075	693	773	8	6	80	0.0750000
NODE_9619_length_873_cov_45.633075	693	773	16	4	80	0.0500000
NODE_9619_length_873_cov_45.633075	693	773	18	11	80	0.1375000
NODE_9619_length_873_cov_45.633075	693	773	19	47	80	0.5875000
NODE_9619_length_873_cov_45.633075	746	826	9	5	80	0.0625000
NODE_9619_length_873_cov_45.633075	746	826	15	3	80	0.0375000
NODE_9619_length_873_cov_45.633075	746	826	16	49	80	0.6125000
NODE_9619_length_873_cov_45.633075	746	826	18	11	80	0.1375000
NODE_9619_length_873_cov_45.633075	746	826	19	12	80	0.1500000
NODE_9620_length_873_cov_39.224806	190	270	12	80	80	1.0000000
NODE_9620_length_873_cov_39.224806	243	307	12	64	64	1.0000000
NODE_9620_length_873_cov_39.224806	390	470	0	80	80	1.0000000
NODE_9620_length_873_cov_39.224806	443	523	0	80	80	1.0000000
NODE_9620_length_873_cov_39.224806	504	523	0	19	19	1.0000000
NODE_9620_length_873_cov_39.224806	519	599	0	80	80	1.0000000
NODE_9620_length_873_cov_39.224806	572	652	0	80	80	1.0000000
NODE_9621_length_873_cov_27.992248	372	452	0	80	80	1.0000000
NODE_9621_length_873_cov_27.992248	425	505	0	80	80	1.0000000
NODE_9622_length_873_cov_23.270026	390	470	5	42	80	0.5250000
NODE_9622_length_873_cov_23.270026	390	470	6	38	80	0.4750000
NODE_9622_length_873_cov_23.270026	443	528	0	51	85	0.6000000
NODE_9622_length_873_cov_23.270026	443	528	5	34	85	0.4000000
NODE_9623_length_873_cov_23.197674	293	373	2	80	80	1.0000000
NODE_9623_length_873_cov_23.197674	346	426	2	28	80	0.3500000
NODE_9623_length_873_cov_23.197674	346	426	3	17	80	0.2125000
NODE_9623_length_873_cov_23.197674	346	426	4	35	80	0.4375000
NODE_9624_length_873_cov_20.432817	347	427	2	16	80	0.2000000
NODE_9624_length_873_cov_20.432817	347	427	4	22	80	0.2750000
NODE_9624_length_873_cov_20.432817	347	427	8	29	80	0.3625000
NODE_9624_length_873_cov_20.432817	347	427	10	13	80	0.1625000
NODE_9624_length_873_cov_20.432817	400	480	6	2	80	0.0250000
NODE_9624_length_873_cov_20.432817	400	480	8	61	80	0.7625000
NODE_9624_length_873_cov_20.432817	400	480	10	17	80	0.2125000
NODE_9624_length_873_cov_20.432817	476	556	6	10	80	0.1250000
NODE_9624_length_873_cov_20.432817	476	556	8	55	80	0.6875000
NODE_9624_length_873_cov_20.432817	476	556	10	15	80	0.1875000
NODE_9624_length_873_cov_20.432817	529	609	6	42	80	0.5250000
NODE_9624_length_873_cov_20.432817	529	609	8	38	80	0.4750000
NODE_9625_length_873_cov_19.913437	445	525	0	80	80	1.0000000
NODE_9625_length_873_cov_19.913437	498	578	0	80	80	1.0000000
NODE_9626_length_873_cov_16.718346	276	356	0	80	80	1.0000000
NODE_9626_length_873_cov_16.718346	329	409	0	80	80	1.0000000
NODE_9627_length_873_cov_16.422481	423	503	0	10	80	0.1250000
NODE_9627_length_873_cov_16.422481	423	503	1	5	80	0.0625000
NODE_9627_length_873_cov_16.422481	423	503	2	65	80	0.8125000
NODE_9627_length_873_cov_16.422481	476	556	2	80	80	1.0000000
NODE_9628_length_873_cov_11.198966	410	490	0	10	80	0.1250000
NODE_9628_length_873_cov_11.198966	410	490	5	13	80	0.1625000
NODE_9628_length_873_cov_11.198966	410	490	7	13	80	0.1625000
NODE_9628_length_873_cov_11.198966	410	490	8	26	80	0.3250000
NODE_9628_length_873_cov_11.198966	410	490	10	18	80	0.2250000
NODE_9628_length_873_cov_11.198966	463	543	4	1	80	0.0125000
NODE_9628_length_873_cov_11.198966	463	543	8	9	80	0.1125000
NODE_9628_length_873_cov_11.198966	463	543	10	70	80	0.8750000
NODE_9629_length_873_cov_9.799742	334	414	2	80	80	1.0000000
NODE_9629_length_873_cov_9.799742	387	467	0	34	80	0.4250000
NODE_9629_length_873_cov_9.799742	387	467	2	46	80	0.5750000
NODE_9632_length_873_cov_3.828165	490	570	0	80	80	1.0000000
NODE_9632_length_873_cov_3.828165	543	583	0	40	40	1.0000000
NODE_9632_length_873_cov_3.828165	690	735	0	45	45	1.0000000
NODE_9633_length_873_cov_3.443152	716	746	2	22	30	0.7333333
NODE_9633_length_873_cov_3.443152	716	746	4	8	30	0.2666667
NODE_9647_length_873_cov_1.239018	593	658	0	65	65	1.0000000
NODE_9651_length_872_cov_47.732212	432	512	0	80	80	1.0000000
NODE_9651_length_872_cov_47.732212	484	564	0	80	80	1.0000000
NODE_9651_length_872_cov_47.732212	560	640	0	62	80	0.7750000
NODE_9651_length_872_cov_47.732212	560	640	4	18	80	0.2250000
NODE_9651_length_872_cov_47.732212	613	693	0	9	80	0.1125000
NODE_9651_length_872_cov_47.732212	613	693	4	71	80	0.8875000
NODE_9652_length_872_cov_16.204398	349	429	0	4	80	0.0500000
NODE_9652_length_872_cov_16.204398	349	429	4	1	80	0.0125000
NODE_9652_length_872_cov_16.204398	349	429	6	75	80	0.9375000
NODE_9652_length_872_cov_16.204398	402	482	0	57	80	0.7125000
NODE_9652_length_872_cov_16.204398	402	482	4	1	80	0.0125000
NODE_9652_length_872_cov_16.204398	402	482	6	22	80	0.2750000
NODE_9652_length_872_cov_16.204398	478	558	0	14	80	0.1750000
NODE_9652_length_872_cov_16.204398	478	558	2	8	80	0.1000000
NODE_9652_length_872_cov_16.204398	478	558	4	25	80	0.3125000
NODE_9652_length_872_cov_16.204398	478	558	6	33	80	0.4125000
NODE_9652_length_872_cov_16.204398	531	611	2	13	80	0.1625000
NODE_9652_length_872_cov_16.204398	531	611	4	23	80	0.2875000
NODE_9652_length_872_cov_16.204398	531	611	6	44	80	0.5500000
NODE_9653_length_872_cov_12.835705	376	456	0	70	80	0.8750000
NODE_9653_length_872_cov_12.835705	376	456	4	10	80	0.1250000
NODE_9653_length_872_cov_12.835705	429	509	0	17	80	0.2125000
NODE_9653_length_872_cov_12.835705	429	509	4	63	80	0.7875000
NODE_9654_length_872_cov_9.657180	356	431	0	21	75	0.2800000
NODE_9654_length_872_cov_9.657180	356	431	2	54	75	0.7200000
NODE_9660_length_872_cov_3.531695	425	505	2	16	80	0.2000000
NODE_9660_length_872_cov_3.531695	425	505	4	64	80	0.8000000
NODE_9660_length_872_cov_3.531695	478	559	2	39	81	0.4814815
NODE_9660_length_872_cov_3.531695	478	559	4	42	81	0.5185185
NODE_9673_length_871_cov_56.841969	265	345	0	51	80	0.6375000
NODE_9673_length_871_cov_56.841969	265	345	7	12	80	0.1500000
NODE_9673_length_871_cov_56.841969	265	345	12	2	80	0.0250000
NODE_9673_length_871_cov_56.841969	265	345	13	15	80	0.1875000
NODE_9673_length_871_cov_56.841969	318	398	7	10	80	0.1250000
NODE_9673_length_871_cov_56.841969	318	398	12	2	80	0.0250000
NODE_9673_length_871_cov_56.841969	318	398	13	68	80	0.8500000
NODE_9673_length_871_cov_56.841969	394	474	6	8	80	0.1000000
NODE_9673_length_871_cov_56.841969	394	474	13	72	80	0.9000000
NODE_9673_length_871_cov_56.841969	447	527	0	49	80	0.6125000
NODE_9673_length_871_cov_56.841969	447	527	5	1	80	0.0125000
NODE_9673_length_871_cov_56.841969	447	527	6	11	80	0.1375000
NODE_9673_length_871_cov_56.841969	447	527	13	19	80	0.2375000
NODE_9674_length_871_cov_47.528497	461	541	0	15	80	0.1875000
NODE_9674_length_871_cov_47.528497	461	541	7	1	80	0.0125000
NODE_9674_length_871_cov_47.528497	461	541	8	34	80	0.4250000
NODE_9674_length_871_cov_47.528497	461	541	10	30	80	0.3750000
NODE_9674_length_871_cov_47.528497	514	594	8	6	80	0.0750000
NODE_9674_length_871_cov_47.528497	514	594	10	74	80	0.9250000
NODE_9675_length_871_cov_31.145078	326	406	0	18	80	0.2250000
NODE_9675_length_871_cov_31.145078	326	406	2	62	80	0.7750000
NODE_9675_length_871_cov_31.145078	379	459	0	57	80	0.7125000
NODE_9675_length_871_cov_31.145078	379	459	2	23	80	0.2875000
NODE_9676_length_871_cov_27.993523	379	459	2	5	80	0.0625000
NODE_9676_length_871_cov_27.993523	379	459	6	9	80	0.1125000
NODE_9676_length_871_cov_27.993523	379	459	8	26	80	0.3250000
NODE_9676_length_871_cov_27.993523	379	459	10	40	80	0.5000000
NODE_9676_length_871_cov_27.993523	432	512	2	24	80	0.3000000
NODE_9676_length_871_cov_27.993523	432	512	4	10	80	0.1250000
NODE_9676_length_871_cov_27.993523	432	512	8	38	80	0.4750000
NODE_9676_length_871_cov_27.993523	432	512	10	8	80	0.1000000
NODE_9677_length_871_cov_25.954663	463	543	4	46	80	0.5750000
NODE_9677_length_871_cov_25.954663	463	543	5	34	80	0.4250000
NODE_9677_length_871_cov_25.954663	516	596	1	5	80	0.0625000
NODE_9677_length_871_cov_25.954663	516	596	2	33	80	0.4125000
NODE_9677_length_871_cov_25.954663	516	596	3	5	80	0.0625000
NODE_9677_length_871_cov_25.954663	516	596	5	37	80	0.4625000
NODE_9678_length_871_cov_24.069948	492	558	2	3	66	0.0454545
NODE_9678_length_871_cov_24.069948	492	558	4	7	66	0.1060606
NODE_9678_length_871_cov_24.069948	492	558	6	17	66	0.2575758
NODE_9678_length_871_cov_24.069948	492	558	10	39	66	0.5909091
NODE_9678_length_871_cov_24.069948	558	634	0	3	76	0.0394737
NODE_9678_length_871_cov_24.069948	558	634	3	1	76	0.0131579
NODE_9678_length_871_cov_24.069948	558	634	4	22	76	0.2894737
NODE_9678_length_871_cov_24.069948	558	634	6	7	76	0.0921053
NODE_9678_length_871_cov_24.069948	558	634	8	36	76	0.4736842
NODE_9678_length_871_cov_24.069948	558	634	10	7	76	0.0921053
NODE_9679_length_871_cov_23.953368	445	522	1	3	77	0.0389610
NODE_9679_length_871_cov_23.953368	445	522	3	19	77	0.2467532
NODE_9679_length_871_cov_23.953368	445	522	5	7	77	0.0909091
NODE_9679_length_871_cov_23.953368	445	522	6	1	77	0.0129870
NODE_9679_length_871_cov_23.953368	445	522	7	19	77	0.2467532
NODE_9679_length_871_cov_23.953368	445	522	9	4	77	0.0519481
NODE_9679_length_871_cov_23.953368	445	522	16	1	77	0.0129870
NODE_9679_length_871_cov_23.953368	445	522	17	15	77	0.1948052
NODE_9679_length_871_cov_23.953368	445	522	25	8	77	0.1038961
NODE_9680_length_871_cov_19.304404	335	415	0	80	80	1.0000000
NODE_9680_length_871_cov_19.304404	388	468	0	80	80	1.0000000
NODE_9682_length_871_cov_18.108808	370	450	8	24	80	0.3000000
NODE_9682_length_871_cov_18.108808	370	450	9	21	80	0.2625000
NODE_9682_length_871_cov_18.108808	370	450	10	33	80	0.4125000
NODE_9682_length_871_cov_18.108808	370	450	11	2	80	0.0250000
NODE_9682_length_871_cov_18.108808	423	503	3	14	80	0.1750000
NODE_9682_length_871_cov_18.108808	423	503	4	36	80	0.4500000
NODE_9682_length_871_cov_18.108808	423	503	10	25	80	0.3125000
NODE_9682_length_871_cov_18.108808	423	503	11	5	80	0.0625000
NODE_9683_length_871_cov_17.034974	362	442	0	80	80	1.0000000
NODE_9683_length_871_cov_17.034974	415	495	0	80	80	1.0000000
NODE_9684_length_871_cov_16.768135	374	454	0	39	80	0.4875000
NODE_9684_length_871_cov_16.768135	374	454	2	41	80	0.5125000
NODE_9685_length_871_cov_14.196891	267	347	2	23	80	0.2875000
NODE_9685_length_871_cov_14.196891	267	347	4	57	80	0.7125000
NODE_9685_length_871_cov_14.196891	320	400	0	49	80	0.6125000
NODE_9685_length_871_cov_14.196891	320	400	2	27	80	0.3375000
NODE_9685_length_871_cov_14.196891	320	400	4	4	80	0.0500000
NODE_9686_length_871_cov_13.443005	246	326	0	1	80	0.0125000
NODE_9686_length_871_cov_13.443005	246	326	2	3	80	0.0375000
NODE_9686_length_871_cov_13.443005	246	326	4	76	80	0.9500000
NODE_9686_length_871_cov_13.443005	299	322	4	23	23	1.0000000
NODE_9687_length_871_cov_11.839378	29	109	4	24	80	0.3000000
NODE_9687_length_871_cov_11.839378	29	109	6	27	80	0.3375000
NODE_9687_length_871_cov_11.839378	29	109	8	29	80	0.3625000
NODE_9687_length_871_cov_11.839378	82	149	4	29	67	0.4328358
NODE_9687_length_871_cov_11.839378	82	149	8	38	67	0.5671642
NODE_9687_length_871_cov_11.839378	331	411	0	8	80	0.1000000
NODE_9687_length_871_cov_11.839378	331	411	2	72	80	0.9000000
NODE_9687_length_871_cov_11.839378	384	464	0	46	80	0.5750000
NODE_9687_length_871_cov_11.839378	384	464	2	34	80	0.4250000
NODE_9689_length_871_cov_5.730570	316	373	0	13	57	0.2280702
NODE_9689_length_871_cov_5.730570	316	373	2	3	57	0.0526316
NODE_9689_length_871_cov_5.730570	316	373	5	1	57	0.0175439
NODE_9689_length_871_cov_5.730570	316	373	6	8	57	0.1403509
NODE_9689_length_871_cov_5.730570	316	373	8	27	57	0.4736842
NODE_9689_length_871_cov_5.730570	316	373	10	5	57	0.0877193
NODE_9694_length_871_cov_3.544041	428	508	0	13	80	0.1625000
NODE_9694_length_871_cov_3.544041	428	508	2	67	80	0.8375000
NODE_9694_length_871_cov_3.544041	481	561	0	16	80	0.2000000
NODE_9694_length_871_cov_3.544041	481	561	2	64	80	0.8000000
NODE_9716_length_870_cov_43.400778	542	622	11	5	80	0.0625000
NODE_9716_length_870_cov_43.400778	542	622	12	26	80	0.3250000
NODE_9716_length_870_cov_43.400778	542	622	13	4	80	0.0500000
NODE_9716_length_870_cov_43.400778	542	622	15	19	80	0.2375000
NODE_9716_length_870_cov_43.400778	542	622	16	26	80	0.3250000
NODE_9716_length_870_cov_43.400778	595	675	11	6	80	0.0750000
NODE_9716_length_870_cov_43.400778	595	675	13	15	80	0.1875000
NODE_9716_length_870_cov_43.400778	595	675	14	10	80	0.1250000
NODE_9716_length_870_cov_43.400778	595	675	15	35	80	0.4375000
NODE_9716_length_870_cov_43.400778	595	675	16	14	80	0.1750000
NODE_9719_length_870_cov_28.249027	442	524	1	1	82	0.0121951
NODE_9719_length_870_cov_28.249027	442	524	2	16	82	0.1951219
NODE_9719_length_870_cov_28.249027	442	524	3	65	82	0.7926829
NODE_9719_length_870_cov_28.249027	497	577	1	1	80	0.0125000
NODE_9719_length_870_cov_28.249027	497	577	2	68	80	0.8500000
NODE_9719_length_870_cov_28.249027	497	577	3	11	80	0.1375000
NODE_9720_length_870_cov_26.992218	240	320	0	66	80	0.8250000
NODE_9720_length_870_cov_26.992218	240	320	4	14	80	0.1750000
NODE_9720_length_870_cov_26.992218	293	373	0	13	80	0.1625000
NODE_9720_length_870_cov_26.992218	293	373	4	49	80	0.6125000
NODE_9720_length_870_cov_26.992218	293	373	6	18	80	0.2250000
NODE_9720_length_870_cov_26.992218	369	449	2	33	80	0.4125000
NODE_9720_length_870_cov_26.992218	369	449	6	47	80	0.5875000
NODE_9720_length_870_cov_26.992218	422	502	0	29	80	0.3625000
NODE_9720_length_870_cov_26.992218	422	502	2	51	80	0.6375000
NODE_9721_length_870_cov_25.806744	186	237	0	51	51	1.0000000
NODE_9721_length_870_cov_25.806744	391	471	4	7	80	0.0875000
NODE_9721_length_870_cov_25.806744	391	471	6	37	80	0.4625000
NODE_9721_length_870_cov_25.806744	391	471	8	6	80	0.0750000
NODE_9721_length_870_cov_25.806744	391	471	9	1	80	0.0125000
NODE_9721_length_870_cov_25.806744	391	471	10	29	80	0.3625000
NODE_9721_length_870_cov_25.806744	444	524	6	25	80	0.3125000
NODE_9721_length_870_cov_25.806744	444	524	8	28	80	0.3500000
NODE_9721_length_870_cov_25.806744	444	524	10	27	80	0.3375000
NODE_9722_length_870_cov_18.862516	345	425	2	26	80	0.3250000
NODE_9722_length_870_cov_18.862516	345	425	4	40	80	0.5000000
NODE_9722_length_870_cov_18.862516	345	425	8	14	80	0.1750000
NODE_9722_length_870_cov_18.862516	398	478	4	13	80	0.1625000
NODE_9722_length_870_cov_18.862516	398	478	6	31	80	0.3875000
NODE_9722_length_870_cov_18.862516	398	478	8	36	80	0.4500000
NODE_9723_length_870_cov_15.686122	330	410	0	21	80	0.2625000
NODE_9723_length_870_cov_15.686122	330	410	1	3	80	0.0375000
NODE_9723_length_870_cov_15.686122	330	410	3	56	80	0.7000000
NODE_9723_length_870_cov_15.686122	383	463	2	18	80	0.2250000
NODE_9723_length_870_cov_15.686122	383	463	3	54	80	0.6750000
NODE_9723_length_870_cov_15.686122	383	463	4	8	80	0.1000000
NODE_9725_length_870_cov_13.334630	479	559	4	80	80	1.0000000
NODE_9725_length_870_cov_13.334630	532	612	0	48	80	0.6000000
NODE_9725_length_870_cov_13.334630	532	612	2	2	80	0.0250000
NODE_9725_length_870_cov_13.334630	532	612	4	30	80	0.3750000
NODE_9726_length_870_cov_9.712062	410	490	0	27	80	0.3375000
NODE_9726_length_870_cov_9.712062	410	490	2	53	80	0.6625000
NODE_9726_length_870_cov_9.712062	463	542	2	79	79	1.0000000
NODE_9728_length_870_cov_7.556420	448	528	0	80	80	1.0000000
NODE_9728_length_870_cov_7.556420	501	581	0	80	80	1.0000000
NODE_9746_length_869_cov_42.784416	395	475	6	25	80	0.3125000
NODE_9746_length_869_cov_42.784416	395	475	7	7	80	0.0875000
NODE_9746_length_869_cov_42.784416	395	475	8	22	80	0.2750000
NODE_9746_length_869_cov_42.784416	395	475	9	26	80	0.3250000
NODE_9746_length_869_cov_42.784416	448	528	7	1	80	0.0125000
NODE_9746_length_869_cov_42.784416	448	528	9	79	80	0.9875000
NODE_9747_length_869_cov_29.525974	211	291	0	22	80	0.2750000
NODE_9747_length_869_cov_29.525974	211	291	6	31	80	0.3875000
NODE_9747_length_869_cov_29.525974	211	291	12	15	80	0.1875000
NODE_9747_length_869_cov_29.525974	211	291	14	12	80	0.1500000
NODE_9747_length_869_cov_29.525974	264	344	12	15	80	0.1875000
NODE_9747_length_869_cov_29.525974	264	344	14	65	80	0.8125000
NODE_9748_length_869_cov_16.258442	389	469	0	17	80	0.2125000
NODE_9748_length_869_cov_16.258442	389	469	2	8	80	0.1000000
NODE_9748_length_869_cov_16.258442	389	469	8	11	80	0.1375000
NODE_9748_length_869_cov_16.258442	389	469	10	44	80	0.5500000
NODE_9748_length_869_cov_16.258442	442	522	10	35	80	0.4375000
NODE_9748_length_869_cov_16.258442	442	522	12	45	80	0.5625000
NODE_9749_length_869_cov_15.940260	321	401	0	15	80	0.1875000
NODE_9749_length_869_cov_15.940260	321	401	2	65	80	0.8125000
NODE_9749_length_869_cov_15.940260	374	454	0	19	80	0.2375000
NODE_9749_length_869_cov_15.940260	374	454	2	61	80	0.7625000
NODE_9750_length_869_cov_9.619481	402	442	61	13	40	0.3250000
NODE_9750_length_869_cov_9.619481	402	442	62	23	40	0.5750000
NODE_9750_length_869_cov_9.619481	402	442	63	4	40	0.1000000
NODE_9751_length_869_cov_7.123377	392	472	2	11	80	0.1375000
NODE_9751_length_869_cov_7.123377	392	472	4	10	80	0.1250000
NODE_9751_length_869_cov_7.123377	392	472	6	59	80	0.7375000
NODE_9751_length_869_cov_7.123377	445	525	0	19	80	0.2375000
NODE_9751_length_869_cov_7.123377	445	525	2	15	80	0.1875000
NODE_9751_length_869_cov_7.123377	445	525	4	5	80	0.0625000
NODE_9751_length_869_cov_7.123377	445	525	6	41	80	0.5125000
NODE_9753_length_869_cov_3.658442	310	378	0	3	68	0.0441176
NODE_9753_length_869_cov_3.658442	310	378	2	65	68	0.9558824
NODE_9777_length_868_cov_57.465540	355	435	29	9	80	0.1125000
NODE_9777_length_868_cov_57.465540	355	435	33	3	80	0.0375000
NODE_9777_length_868_cov_57.465540	355	435	35	32	80	0.4000000
NODE_9777_length_868_cov_57.465540	355	435	39	19	80	0.2375000
NODE_9777_length_868_cov_57.465540	355	435	40	17	80	0.2125000
NODE_9778_length_868_cov_46.509753	0	65	0	5	65	0.0769231
NODE_9778_length_868_cov_46.509753	0	65	2	11	65	0.1692308
NODE_9778_length_868_cov_46.509753	0	65	4	27	65	0.4153846
NODE_9778_length_868_cov_46.509753	0	65	6	22	65	0.3384615
NODE_9778_length_868_cov_46.509753	0	65	0	5	65	0.0769231
NODE_9778_length_868_cov_46.509753	0	65	2	11	65	0.1692308
NODE_9778_length_868_cov_46.509753	0	65	4	27	65	0.4153846
NODE_9778_length_868_cov_46.509753	0	65	6	22	65	0.3384615
NODE_9778_length_868_cov_46.509753	0	65	0	5	65	0.0769231
NODE_9778_length_868_cov_46.509753	0	65	2	11	65	0.1692308
NODE_9778_length_868_cov_46.509753	0	65	4	27	65	0.4153846
NODE_9778_length_868_cov_46.509753	0	65	6	22	65	0.3384615
NODE_9778_length_868_cov_46.509753	0	65	0	5	65	0.0769231
NODE_9778_length_868_cov_46.509753	0	65	2	11	65	0.1692308
NODE_9778_length_868_cov_46.509753	0	65	4	27	65	0.4153846
NODE_9778_length_868_cov_46.509753	0	65	6	22	65	0.3384615
NODE_9778_length_868_cov_46.509753	61	141	2	2	80	0.0250000
NODE_9778_length_868_cov_46.509753	61	141	4	16	80	0.2000000
NODE_9778_length_868_cov_46.509753	61	141	6	62	80	0.7750000
NODE_9778_length_868_cov_46.509753	61	141	2	2	80	0.0250000
NODE_9778_length_868_cov_46.509753	61	141	4	16	80	0.2000000
NODE_9778_length_868_cov_46.509753	61	141	6	62	80	0.7750000
NODE_9778_length_868_cov_46.509753	114	194	0	46	80	0.5750000
NODE_9778_length_868_cov_46.509753	114	194	2	9	80	0.1125000
NODE_9778_length_868_cov_46.509753	114	194	4	16	80	0.2000000
NODE_9778_length_868_cov_46.509753	114	194	6	9	80	0.1125000
NODE_9778_length_868_cov_46.509753	114	194	0	46	80	0.5750000
NODE_9778_length_868_cov_46.509753	114	194	2	9	80	0.1125000
NODE_9778_length_868_cov_46.509753	114	194	4	16	80	0.2000000
NODE_9778_length_868_cov_46.509753	114	194	6	9	80	0.1125000
NODE_9779_length_868_cov_26.092328	318	398	0	80	80	1.0000000
NODE_9779_length_868_cov_26.092328	371	451	0	80	80	1.0000000
NODE_9781_length_868_cov_22.555267	377	457	2	23	80	0.2875000
NODE_9781_length_868_cov_22.555267	377	457	10	10	80	0.1250000
NODE_9781_length_868_cov_22.555267	377	457	12	9	80	0.1125000
NODE_9781_length_868_cov_22.555267	377	457	16	38	80	0.4750000
NODE_9781_length_868_cov_22.555267	430	510	2	1	80	0.0125000
NODE_9781_length_868_cov_22.555267	430	510	4	6	80	0.0750000
NODE_9781_length_868_cov_22.555267	430	510	14	38	80	0.4750000
NODE_9781_length_868_cov_22.555267	430	510	16	35	80	0.4375000
NODE_9782_length_868_cov_20.466840	259	339	4	54	80	0.6750000
NODE_9782_length_868_cov_20.466840	259	339	6	26	80	0.3250000
NODE_9782_length_868_cov_20.466840	312	392	0	32	80	0.4000000
NODE_9782_length_868_cov_20.466840	312	392	2	11	80	0.1375000
NODE_9782_length_868_cov_20.466840	312	392	4	28	80	0.3500000
NODE_9782_length_868_cov_20.466840	312	392	6	9	80	0.1125000
NODE_9782_length_868_cov_20.466840	388	468	0	35	80	0.4375000
NODE_9782_length_868_cov_20.466840	388	468	2	45	80	0.5625000
NODE_9782_length_868_cov_20.466840	441	521	2	80	80	1.0000000
NODE_9783_length_868_cov_20.414824	311	391	6	28	80	0.3500000
NODE_9783_length_868_cov_20.414824	311	391	10	52	80	0.6500000
NODE_9783_length_868_cov_20.414824	364	444	6	80	80	1.0000000
NODE_9784_length_868_cov_17.613784	340	420	0	23	80	0.2875000
NODE_9784_length_868_cov_17.613784	340	420	6	24	80	0.3000000
NODE_9784_length_868_cov_17.613784	340	420	12	2	80	0.0250000
NODE_9784_length_868_cov_17.613784	340	420	14	31	80	0.3875000
NODE_9784_length_868_cov_17.613784	393	473	14	80	80	1.0000000
NODE_9785_length_868_cov_15.768531	353	433	0	21	80	0.2625000
NODE_9785_length_868_cov_15.768531	353	433	2	34	80	0.4250000
NODE_9785_length_868_cov_15.768531	353	433	4	25	80	0.3125000
NODE_9785_length_868_cov_15.768531	406	486	0	8	80	0.1000000
NODE_9785_length_868_cov_15.768531	406	486	2	65	80	0.8125000
NODE_9785_length_868_cov_15.768531	406	486	4	7	80	0.0875000
NODE_9786_length_868_cov_13.997399	611	691	0	41	80	0.5125000
NODE_9786_length_868_cov_13.997399	611	691	1	8	80	0.1000000
NODE_9786_length_868_cov_13.997399	611	691	2	31	80	0.3875000
NODE_9786_length_868_cov_13.997399	664	744	2	80	80	1.0000000
NODE_9787_length_868_cov_13.224967	451	531	0	65	80	0.8125000
NODE_9787_length_868_cov_13.224967	451	531	4	15	80	0.1875000
NODE_9787_length_868_cov_13.224967	504	583	0	12	79	0.1518987
NODE_9787_length_868_cov_13.224967	504	583	4	67	79	0.8481013
NODE_9788_length_868_cov_11.851756	363	422	0	18	59	0.3050847
NODE_9788_length_868_cov_11.851756	363	422	5	4	59	0.0677966
NODE_9788_length_868_cov_11.851756	363	422	6	37	59	0.6271186
NODE_9788_length_868_cov_11.851756	395	475	5	57	80	0.7125000
NODE_9788_length_868_cov_11.851756	395	475	6	23	80	0.2875000
NODE_9789_length_868_cov_11.352406	361	441	4	25	80	0.3125000
NODE_9789_length_868_cov_11.352406	361	441	7	1	80	0.0125000
NODE_9789_length_868_cov_11.352406	361	441	8	4	80	0.0500000
NODE_9789_length_868_cov_11.352406	361	441	10	21	80	0.2625000
NODE_9789_length_868_cov_11.352406	361	441	11	10	80	0.1250000
NODE_9789_length_868_cov_11.352406	361	441	12	19	80	0.2375000
NODE_9789_length_868_cov_11.352406	414	494	4	1	80	0.0125000
NODE_9789_length_868_cov_11.352406	414	494	6	16	80	0.2000000
NODE_9789_length_868_cov_11.352406	414	494	8	35	80	0.4375000
NODE_9789_length_868_cov_11.352406	414	494	10	1	80	0.0125000
NODE_9789_length_868_cov_11.352406	414	494	11	10	80	0.1250000
NODE_9789_length_868_cov_11.352406	414	494	12	17	80	0.2125000
NODE_9790_length_868_cov_11.335501	289	369	0	14	80	0.1750000
NODE_9790_length_868_cov_11.335501	289	369	5	16	80	0.2000000
NODE_9790_length_868_cov_11.335501	289	369	7	20	80	0.2500000
NODE_9790_length_868_cov_11.335501	289	369	12	30	80	0.3750000
NODE_9790_length_868_cov_11.335501	342	422	10	33	80	0.4125000
NODE_9790_length_868_cov_11.335501	342	422	12	47	80	0.5875000
NODE_9791_length_868_cov_8.455137	401	481	0	80	80	1.0000000
NODE_9791_length_868_cov_8.455137	454	534	0	80	80	1.0000000
NODE_9816_length_867_cov_27.756510	333	376	0	8	43	0.1860465
NODE_9816_length_867_cov_27.756510	333	376	5	35	43	0.8139535
NODE_9816_length_867_cov_27.756510	349	429	0	61	80	0.7625000
NODE_9816_length_867_cov_27.756510	349	429	5	19	80	0.2375000
NODE_9816_length_867_cov_27.756510	425	505	0	42	80	0.5250000
NODE_9816_length_867_cov_27.756510	425	505	5	1	80	0.0125000
NODE_9816_length_867_cov_27.756510	425	505	6	37	80	0.4625000
NODE_9816_length_867_cov_27.756510	478	542	6	64	64	1.0000000
NODE_9817_length_867_cov_25.354167	280	345	0	21	65	0.3230769
NODE_9817_length_867_cov_25.354167	280	345	2	44	65	0.6769231
NODE_9817_length_867_cov_25.354167	325	397	2	72	72	1.0000000
NODE_9818_length_867_cov_23.968750	369	449	8	19	80	0.2375000
NODE_9818_length_867_cov_23.968750	369	449	10	61	80	0.7625000
NODE_9818_length_867_cov_23.968750	422	502	0	32	80	0.4000000
NODE_9818_length_867_cov_23.968750	422	502	4	14	80	0.1750000
NODE_9818_length_867_cov_23.968750	422	502	5	2	80	0.0250000
NODE_9818_length_867_cov_23.968750	422	502	6	1	80	0.0125000
NODE_9818_length_867_cov_23.968750	422	502	8	23	80	0.2875000
NODE_9818_length_867_cov_23.968750	422	502	10	8	80	0.1000000
NODE_9819_length_867_cov_21.220052	524	604	0	51	80	0.6375000
NODE_9819_length_867_cov_21.220052	524	604	3	9	80	0.1125000
NODE_9819_length_867_cov_21.220052	524	604	6	20	80	0.2500000
NODE_9819_length_867_cov_21.220052	577	657	3	7	80	0.0875000
NODE_9819_length_867_cov_21.220052	577	657	6	73	80	0.9125000
NODE_9820_length_867_cov_15.042969	287	364	0	77	77	1.0000000
NODE_9821_length_867_cov_11.057292	305	373	0	68	68	1.0000000
NODE_9821_length_867_cov_11.057292	346	426	0	80	80	1.0000000
NODE_9821_length_867_cov_11.057292	475	555	0	80	80	1.0000000
NODE_9822_length_867_cov_8.127604	347	427	2	80	80	1.0000000
NODE_9822_length_867_cov_8.127604	400	480	0	39	80	0.4875000
NODE_9822_length_867_cov_8.127604	400	480	2	41	80	0.5125000
NODE_9823_length_867_cov_7.621094	292	372	0	21	80	0.2625000
NODE_9823_length_867_cov_7.621094	292	372	3	1	80	0.0125000
NODE_9823_length_867_cov_7.621094	292	372	4	16	80	0.2000000
NODE_9823_length_867_cov_7.621094	292	372	8	42	80	0.5250000
NODE_9823_length_867_cov_7.621094	345	425	8	80	80	1.0000000
NODE_9826_length_867_cov_5.494792	445	525	2	80	80	1.0000000
NODE_9826_length_867_cov_5.494792	498	578	0	44	80	0.5500000
NODE_9826_length_867_cov_5.494792	498	578	2	36	80	0.4500000
NODE_9857_length_866_cov_49.224250	269	349	11	28	80	0.3500000
NODE_9857_length_866_cov_49.224250	269	349	15	4	80	0.0500000
NODE_9857_length_866_cov_49.224250	269	349	20	9	80	0.1125000
NODE_9857_length_866_cov_49.224250	269	349	23	3	80	0.0375000
NODE_9857_length_866_cov_49.224250	269	349	24	1	80	0.0125000
NODE_9857_length_866_cov_49.224250	269	349	31	2	80	0.0250000
NODE_9857_length_866_cov_49.224250	269	349	32	22	80	0.2750000
NODE_9857_length_866_cov_49.224250	269	349	34	9	80	0.1125000
NODE_9857_length_866_cov_49.224250	269	349	35	2	80	0.0250000
NODE_9857_length_866_cov_49.224250	322	402	12	38	80	0.4750000
NODE_9857_length_866_cov_49.224250	322	402	32	16	80	0.2000000
NODE_9857_length_866_cov_49.224250	322	402	34	16	80	0.2000000
NODE_9857_length_866_cov_49.224250	322	402	35	10	80	0.1250000
NODE_9858_length_866_cov_47.160365	428	508	2	56	80	0.7000000
NODE_9858_length_866_cov_47.160365	428	508	4	24	80	0.3000000
NODE_9858_length_866_cov_47.160365	481	561	0	13	80	0.1625000
NODE_9858_length_866_cov_47.160365	481	561	2	41	80	0.5125000
NODE_9858_length_866_cov_47.160365	481	561	4	26	80	0.3250000
NODE_9858_length_866_cov_47.160365	557	637	0	80	80	1.0000000
NODE_9858_length_866_cov_47.160365	610	690	0	80	80	1.0000000
NODE_9859_length_866_cov_23.398957	281	361	6	12	80	0.1500000
NODE_9859_length_866_cov_23.398957	281	361	10	29	80	0.3625000
NODE_9859_length_866_cov_23.398957	281	361	13	1	80	0.0125000
NODE_9859_length_866_cov_23.398957	281	361	14	9	80	0.1125000
NODE_9859_length_866_cov_23.398957	281	361	16	29	80	0.3625000
NODE_9859_length_866_cov_23.398957	334	414	10	28	80	0.3500000
NODE_9859_length_866_cov_23.398957	334	414	14	5	80	0.0625000
NODE_9859_length_866_cov_23.398957	334	414	16	47	80	0.5875000
NODE_9860_length_866_cov_22.186441	455	535	4	15	80	0.1875000
NODE_9860_length_866_cov_22.186441	455	535	6	22	80	0.2750000
NODE_9860_length_866_cov_22.186441	455	535	10	43	80	0.5375000
NODE_9860_length_866_cov_22.186441	508	588	6	23	80	0.2875000
NODE_9860_length_866_cov_22.186441	508	588	10	57	80	0.7125000
NODE_9861_length_866_cov_18.362451	451	531	0	9	80	0.1125000
NODE_9861_length_866_cov_18.362451	451	531	2	33	80	0.4125000
NODE_9861_length_866_cov_18.362451	451	531	4	38	80	0.4750000
NODE_9861_length_866_cov_18.362451	504	584	2	30	80	0.3750000
NODE_9861_length_866_cov_18.362451	504	584	4	50	80	0.6250000
NODE_9862_length_866_cov_16.830508	372	452	2	48	80	0.6000000
NODE_9862_length_866_cov_16.830508	372	452	4	32	80	0.4000000
NODE_9862_length_866_cov_16.830508	425	505	0	49	80	0.6125000
NODE_9862_length_866_cov_16.830508	425	505	2	22	80	0.2750000
NODE_9862_length_866_cov_16.830508	425	505	4	9	80	0.1125000
NODE_9882_length_865_cov_63.137076	288	368	6	4	80	0.0500000
NODE_9882_length_865_cov_63.137076	288	368	7	7	80	0.0875000
NODE_9882_length_865_cov_63.137076	288	368	8	4	80	0.0500000
NODE_9882_length_865_cov_63.137076	288	368	21	48	80	0.6000000
NODE_9882_length_865_cov_63.137076	288	368	25	7	80	0.0875000
NODE_9882_length_865_cov_63.137076	288	368	26	5	80	0.0625000
NODE_9882_length_865_cov_63.137076	288	368	28	5	80	0.0625000
NODE_9882_length_865_cov_63.137076	341	421	21	10	80	0.1250000
NODE_9882_length_865_cov_63.137076	341	421	25	7	80	0.0875000
NODE_9882_length_865_cov_63.137076	341	421	26	5	80	0.0625000
NODE_9882_length_865_cov_63.137076	341	421	28	5	80	0.0625000
NODE_9882_length_865_cov_63.137076	341	421	30	1	80	0.0125000
NODE_9882_length_865_cov_63.137076	341	421	32	1	80	0.0125000
NODE_9882_length_865_cov_63.137076	341	421	34	51	80	0.6375000
NODE_9883_length_865_cov_19.882507	335	415	2	4	80	0.0500000
NODE_9883_length_865_cov_19.882507	335	415	4	27	80	0.3375000
NODE_9883_length_865_cov_19.882507	335	415	6	28	80	0.3500000
NODE_9883_length_865_cov_19.882507	335	415	7	1	80	0.0125000
NODE_9883_length_865_cov_19.882507	335	415	8	3	80	0.0375000
NODE_9883_length_865_cov_19.882507	335	415	9	17	80	0.2125000
NODE_9883_length_865_cov_19.882507	388	468	6	16	80	0.2000000
NODE_9883_length_865_cov_19.882507	388	468	7	25	80	0.3125000
NODE_9883_length_865_cov_19.882507	388	468	8	22	80	0.2750000
NODE_9883_length_865_cov_19.882507	388	468	9	17	80	0.2125000
NODE_9884_length_865_cov_17.784595	306	386	0	33	80	0.4125000
NODE_9884_length_865_cov_17.784595	306	386	2	47	80	0.5875000
NODE_9884_length_865_cov_17.784595	359	439	0	20	80	0.2500000
NODE_9884_length_865_cov_17.784595	359	439	2	60	80	0.7500000
NODE_9885_length_865_cov_16.150131	451	531	7	4	80	0.0500000
NODE_9885_length_865_cov_16.150131	451	531	10	1	80	0.0125000
NODE_9885_length_865_cov_16.150131	451	531	11	4	80	0.0500000
NODE_9885_length_865_cov_16.150131	451	531	12	71	80	0.8875000
NODE_9885_length_865_cov_16.150131	504	584	0	2	80	0.0250000
NODE_9885_length_865_cov_16.150131	504	584	1	25	80	0.3125000
NODE_9885_length_865_cov_16.150131	504	584	3	4	80	0.0500000
NODE_9885_length_865_cov_16.150131	504	584	5	22	80	0.2750000
NODE_9885_length_865_cov_16.150131	504	584	7	4	80	0.0500000
NODE_9885_length_865_cov_16.150131	504	584	11	4	80	0.0500000
NODE_9885_length_865_cov_16.150131	504	584	12	19	80	0.2375000
NODE_9886_length_865_cov_14.751958	473	553	2	18	80	0.2250000
NODE_9886_length_865_cov_14.751958	473	553	4	62	80	0.7750000
NODE_9886_length_865_cov_14.751958	473	553	2	18	80	0.2250000
NODE_9886_length_865_cov_14.751958	473	553	4	62	80	0.7750000
NODE_9886_length_865_cov_14.751958	526	589	2	50	63	0.7936508
NODE_9886_length_865_cov_14.751958	526	589	4	13	63	0.2063492
NODE_9886_length_865_cov_14.751958	526	606	0	9	80	0.1125000
NODE_9886_length_865_cov_14.751958	526	606	2	58	80	0.7250000
NODE_9886_length_865_cov_14.751958	526	606	4	13	80	0.1625000
NODE_9887_length_865_cov_10.937337	422	502	2	14	80	0.1750000
NODE_9887_length_865_cov_10.937337	422	502	3	7	80	0.0875000
NODE_9887_length_865_cov_10.937337	422	502	4	59	80	0.7375000
NODE_9887_length_865_cov_10.937337	475	555	0	18	80	0.2250000
NODE_9887_length_865_cov_10.937337	475	555	2	27	80	0.3375000
NODE_9887_length_865_cov_10.937337	475	555	3	15	80	0.1875000
NODE_9887_length_865_cov_10.937337	475	555	4	20	80	0.2500000
NODE_9889_length_865_cov_9.167102	389	469	0	1	80	0.0125000
NODE_9889_length_865_cov_9.167102	389	469	2	79	80	0.9875000
NODE_9889_length_865_cov_9.167102	442	522	0	35	80	0.4375000
NODE_9889_length_865_cov_9.167102	442	522	2	45	80	0.5625000
NODE_9912_length_864_cov_13.398693	491	571	0	80	80	1.0000000
NODE_9912_length_864_cov_13.398693	544	624	0	80	80	1.0000000
NODE_9913_length_864_cov_8.466667	308	388	2	10	80	0.1250000
NODE_9913_length_864_cov_8.466667	308	388	4	2	80	0.0250000
NODE_9913_length_864_cov_8.466667	308	388	6	68	80	0.8500000
NODE_9913_length_864_cov_8.466667	361	441	2	14	80	0.1750000
NODE_9913_length_864_cov_8.466667	361	441	4	10	80	0.1250000
NODE_9913_length_864_cov_8.466667	361	441	6	56	80	0.7000000
NODE_9917_length_864_cov_3.947712	651	676	0	2	25	0.0800000
NODE_9917_length_864_cov_3.947712	651	676	2	23	25	0.9200000
NODE_9917_length_864_cov_3.947712	725	805	2	25	80	0.3125000
NODE_9917_length_864_cov_3.947712	725	805	3	9	80	0.1125000
NODE_9917_length_864_cov_3.947712	725	805	4	46	80	0.5750000
NODE_9917_length_864_cov_3.947712	778	844	2	55	66	0.8333333
NODE_9917_length_864_cov_3.947712	778	844	3	9	66	0.1363636
NODE_9917_length_864_cov_3.947712	778	844	4	2	66	0.0303030
NODE_9931_length_863_cov_72.856021	241	321	0	55	80	0.6875000
NODE_9931_length_863_cov_72.856021	241	321	4	25	80	0.3125000
NODE_9931_length_863_cov_72.856021	294	374	0	2	80	0.0250000
NODE_9931_length_863_cov_72.856021	294	374	4	73	80	0.9125000
NODE_9931_length_863_cov_72.856021	294	374	12	5	80	0.0625000
NODE_9931_length_863_cov_72.856021	370	450	12	26	80	0.3250000
NODE_9931_length_863_cov_72.856021	370	450	14	5	80	0.0625000
NODE_9931_length_863_cov_72.856021	370	450	15	27	80	0.3375000
NODE_9931_length_863_cov_72.856021	370	450	16	22	80	0.2750000
NODE_9931_length_863_cov_72.856021	423	503	4	23	80	0.2875000
NODE_9931_length_863_cov_72.856021	423	503	5	1	80	0.0125000
NODE_9931_length_863_cov_72.856021	423	503	6	4	80	0.0500000
NODE_9931_length_863_cov_72.856021	423	503	12	21	80	0.2625000
NODE_9931_length_863_cov_72.856021	423	503	14	24	80	0.3000000
NODE_9931_length_863_cov_72.856021	423	503	16	7	80	0.0875000
NODE_9932_length_863_cov_37.130890	363	443	0	58	80	0.7250000
NODE_9932_length_863_cov_37.130890	363	443	2	22	80	0.2750000
NODE_9932_length_863_cov_37.130890	416	496	0	5	80	0.0625000
NODE_9932_length_863_cov_37.130890	416	496	2	75	80	0.9375000
NODE_9932_length_863_cov_37.130890	492	572	0	13	80	0.1625000
NODE_9932_length_863_cov_37.130890	492	572	2	24	80	0.3000000
NODE_9932_length_863_cov_37.130890	492	572	4	43	80	0.5375000
NODE_9932_length_863_cov_37.130890	545	617	2	6	72	0.0833333
NODE_9932_length_863_cov_37.130890	545	617	4	66	72	0.9166667
NODE_9933_length_863_cov_33.159686	287	367	0	7	80	0.0875000
NODE_9933_length_863_cov_33.159686	287	367	1	26	80	0.3250000
NODE_9933_length_863_cov_33.159686	287	367	2	7	80	0.0875000
NODE_9933_length_863_cov_33.159686	287	367	4	40	80	0.5000000
NODE_9933_length_863_cov_33.159686	340	420	4	80	80	1.0000000
NODE_9934_length_863_cov_24.714660	370	450	0	35	80	0.4375000
NODE_9934_length_863_cov_24.714660	370	450	12	1	80	0.0125000
NODE_9934_length_863_cov_24.714660	370	450	14	6	80	0.0750000
NODE_9934_length_863_cov_24.714660	370	450	18	3	80	0.0375000
NODE_9934_length_863_cov_24.714660	370	450	19	10	80	0.1250000
NODE_9934_length_863_cov_24.714660	370	450	21	25	80	0.3125000
NODE_9934_length_863_cov_24.714660	423	503	19	2	80	0.0250000
NODE_9934_length_863_cov_24.714660	423	503	21	41	80	0.5125000
NODE_9934_length_863_cov_24.714660	423	503	22	27	80	0.3375000
NODE_9934_length_863_cov_24.714660	423	503	24	10	80	0.1250000
NODE_9935_length_863_cov_21.945026	341	421	0	80	80	1.0000000
NODE_9935_length_863_cov_21.945026	394	474	0	80	80	1.0000000
NODE_9936_length_863_cov_19.794503	393	473	6	33	80	0.4125000
NODE_9936_length_863_cov_19.794503	393	473	7	26	80	0.3250000
NODE_9936_length_863_cov_19.794503	393	473	8	11	80	0.1375000
NODE_9936_length_863_cov_19.794503	393	473	9	10	80	0.1250000
NODE_9936_length_863_cov_19.794503	446	526	4	20	80	0.2500000
NODE_9936_length_863_cov_19.794503	446	526	6	8	80	0.1000000
NODE_9936_length_863_cov_19.794503	446	526	7	27	80	0.3375000
NODE_9936_length_863_cov_19.794503	446	526	9	25	80	0.3125000
NODE_9937_length_863_cov_11.778796	303	383	0	80	80	1.0000000
NODE_9937_length_863_cov_11.778796	356	436	0	80	80	1.0000000
NODE_9938_length_863_cov_10.026178	283	363	2	24	80	0.3000000
NODE_9938_length_863_cov_10.026178	283	363	3	17	80	0.2125000
NODE_9938_length_863_cov_10.026178	283	363	5	5	80	0.0625000
NODE_9938_length_863_cov_10.026178	283	363	9	2	80	0.0250000
NODE_9938_length_863_cov_10.026178	283	363	11	5	80	0.0625000
NODE_9938_length_863_cov_10.026178	283	363	15	1	80	0.0125000
NODE_9938_length_863_cov_10.026178	283	363	16	7	80	0.0875000
NODE_9938_length_863_cov_10.026178	283	363	18	19	80	0.2375000
NODE_9938_length_863_cov_10.026178	336	416	15	1	80	0.0125000
NODE_9938_length_863_cov_10.026178	336	416	16	7	80	0.0875000
NODE_9938_length_863_cov_10.026178	336	416	17	30	80	0.3750000
NODE_9938_length_863_cov_10.026178	336	416	18	42	80	0.5250000
NODE_9957_length_862_cov_46.811271	272	352	2	2	80	0.0250000
NODE_9957_length_862_cov_46.811271	272	352	6	12	80	0.1500000
NODE_9957_length_862_cov_46.811271	272	352	8	64	80	0.8000000
NODE_9957_length_862_cov_46.811271	272	352	10	2	80	0.0250000
NODE_9957_length_862_cov_46.811271	325	405	0	9	80	0.1125000
NODE_9957_length_862_cov_46.811271	325	405	2	2	80	0.0250000
NODE_9957_length_862_cov_46.811271	325	405	3	31	80	0.3875000
NODE_9957_length_862_cov_46.811271	325	405	6	25	80	0.3125000
NODE_9957_length_862_cov_46.811271	325	405	8	13	80	0.1625000
NODE_9957_length_862_cov_46.811271	401	481	6	13	80	0.1625000
NODE_9957_length_862_cov_46.811271	401	481	8	65	80	0.8125000
NODE_9957_length_862_cov_46.811271	401	481	10	2	80	0.0250000
NODE_9957_length_862_cov_46.811271	454	534	8	25	80	0.3125000
NODE_9957_length_862_cov_46.811271	454	534	9	22	80	0.2750000
NODE_9957_length_862_cov_46.811271	454	534	10	32	80	0.4000000
NODE_9957_length_862_cov_46.811271	454	534	12	1	80	0.0125000
NODE_9958_length_862_cov_34.638270	259	339	2	6	80	0.0750000
NODE_9958_length_862_cov_34.638270	259	339	4	74	80	0.9250000
NODE_9958_length_862_cov_34.638270	312	392	0	13	80	0.1625000
NODE_9958_length_862_cov_34.638270	312	392	2	46	80	0.5750000
NODE_9958_length_862_cov_34.638270	312	392	4	21	80	0.2625000
NODE_9958_length_862_cov_34.638270	388	468	0	12	80	0.1500000
NODE_9958_length_862_cov_34.638270	388	468	2	8	80	0.1000000
NODE_9958_length_862_cov_34.638270	388	468	4	60	80	0.7500000
NODE_9958_length_862_cov_34.638270	441	521	2	55	80	0.6875000
NODE_9958_length_862_cov_34.638270	441	521	4	25	80	0.3125000
NODE_9959_length_862_cov_32.068152	468	548	0	80	80	1.0000000
NODE_9959_length_862_cov_32.068152	521	601	0	80	80	1.0000000
NODE_9960_length_862_cov_23.584535	526	606	0	34	80	0.4250000
NODE_9960_length_862_cov_23.584535	526	606	2	46	80	0.5750000
NODE_9960_length_862_cov_23.584535	579	659	0	80	80	1.0000000
NODE_9961_length_862_cov_19.980341	347	427	2	37	80	0.4625000
NODE_9961_length_862_cov_19.980341	347	427	4	43	80	0.5375000
NODE_9961_length_862_cov_19.980341	400	480	3	39	80	0.4875000
NODE_9961_length_862_cov_19.980341	400	480	4	40	80	0.5000000
NODE_9961_length_862_cov_19.980341	400	480	5	1	80	0.0125000
NODE_9962_length_862_cov_19.079948	379	459	0	40	80	0.5000000
NODE_9962_length_862_cov_19.079948	379	459	2	40	80	0.5000000
NODE_9962_length_862_cov_19.079948	432	512	0	80	80	1.0000000
NODE_9963_length_862_cov_18.425950	94	174	0	80	80	1.0000000
NODE_9963_length_862_cov_18.425950	147	201	0	54	54	1.0000000
NODE_9963_length_862_cov_18.425950	392	472	0	29	80	0.3625000
NODE_9963_length_862_cov_18.425950	392	472	2	51	80	0.6375000
NODE_9963_length_862_cov_18.425950	445	525	0	21	80	0.2625000
NODE_9963_length_862_cov_18.425950	445	525	2	59	80	0.7375000
NODE_9964_length_862_cov_11.740498	348	428	0	29	80	0.3625000
NODE_9964_length_862_cov_11.740498	348	428	4	51	80	0.6375000
NODE_9964_length_862_cov_11.740498	401	481	4	80	80	1.0000000
NODE_9965_length_862_cov_11.685452	292	372	0	57	80	0.7125000
NODE_9965_length_862_cov_11.685452	292	372	2	23	80	0.2875000
NODE_9965_length_862_cov_11.685452	345	425	0	4	80	0.0500000
NODE_9965_length_862_cov_11.685452	345	425	2	76	80	0.9500000
NODE_9966_length_862_cov_8.259502	385	465	4	43	80	0.5375000
NODE_9966_length_862_cov_8.259502	385	465	6	37	80	0.4625000
NODE_9966_length_862_cov_8.259502	438	518	0	16	80	0.2000000
NODE_9966_length_862_cov_8.259502	438	518	2	8	80	0.1000000
NODE_9966_length_862_cov_8.259502	438	518	4	28	80	0.3500000
NODE_9966_length_862_cov_8.259502	438	518	6	28	80	0.3500000
NODE_9970_length_862_cov_2.895151	388	468	0	80	80	1.0000000
NODE_9970_length_862_cov_2.895151	441	521	0	80	80	1.0000000
NODE_9984_length_861_cov_52.679790	450	530	9	19	80	0.2375000
NODE_9984_length_861_cov_52.679790	450	530	10	61	80	0.7625000
NODE_9984_length_861_cov_52.679790	503	583	0	28	80	0.3500000
NODE_9984_length_861_cov_52.679790	503	583	2	8	80	0.1000000
NODE_9984_length_861_cov_52.679790	503	583	6	4	80	0.0500000
NODE_9984_length_861_cov_52.679790	503	583	8	12	80	0.1500000
NODE_9984_length_861_cov_52.679790	503	583	9	20	80	0.2500000
NODE_9984_length_861_cov_52.679790	503	583	10	8	80	0.1000000
NODE_9985_length_861_cov_34.868766	470	550	2	21	80	0.2625000
NODE_9985_length_861_cov_34.868766	470	550	4	22	80	0.2750000
NODE_9985_length_861_cov_34.868766	470	550	6	26	80	0.3250000
NODE_9985_length_861_cov_34.868766	470	550	8	11	80	0.1375000
NODE_9985_length_861_cov_34.868766	523	603	0	19	80	0.2375000
NODE_9985_length_861_cov_34.868766	523	603	2	55	80	0.6875000
NODE_9985_length_861_cov_34.868766	523	603	4	6	80	0.0750000
NODE_9986_length_861_cov_25.622047	145	225	6	45	80	0.5625000
NODE_9986_length_861_cov_25.622047	145	225	8	22	80	0.2750000
NODE_9986_length_861_cov_25.622047	145	225	10	13	80	0.1625000
NODE_9986_length_861_cov_25.622047	198	278	6	40	80	0.5000000
NODE_9986_length_861_cov_25.622047	198	278	8	40	80	0.5000000
NODE_9987_length_861_cov_22.052493	401	481	2	17	80	0.2125000
NODE_9987_length_861_cov_22.052493	401	481	4	47	80	0.5875000
NODE_9987_length_861_cov_22.052493	401	481	5	11	80	0.1375000
NODE_9987_length_861_cov_22.052493	401	481	6	5	80	0.0625000
NODE_9987_length_861_cov_22.052493	454	534	0	15	80	0.1875000
NODE_9987_length_861_cov_22.052493	454	534	4	65	80	0.8125000
NODE_9988_length_861_cov_19.913386	400	480	0	21	80	0.2625000
NODE_9988_length_861_cov_19.913386	400	480	1	41	80	0.5125000
NODE_9988_length_861_cov_19.913386	400	480	2	18	80	0.2250000
NODE_9988_length_861_cov_19.913386	453	533	0	74	80	0.9250000
NODE_9988_length_861_cov_19.913386	453	533	1	6	80	0.0750000
NODE_9989_length_861_cov_15.237533	492	572	0	26	80	0.3250000
NODE_9989_length_861_cov_15.237533	492	572	4	54	80	0.6750000
NODE_9989_length_861_cov_15.237533	545	625	0	38	80	0.4750000
NODE_9989_length_861_cov_15.237533	545	625	4	42	80	0.5250000
NODE_9990_length_861_cov_12.460630	451	531	2	54	80	0.6750000
NODE_9990_length_861_cov_12.460630	451	531	4	26	80	0.3250000
NODE_9990_length_861_cov_12.460630	504	584	2	60	80	0.7500000
NODE_9990_length_861_cov_12.460630	504	584	4	20	80	0.2500000
NODE_9991_length_861_cov_9.463255	446	526	2	22	80	0.2750000
NODE_9991_length_861_cov_9.463255	446	526	4	58	80	0.7250000
NODE_9991_length_861_cov_9.463255	499	579	0	8	80	0.1000000
NODE_9991_length_861_cov_9.463255	499	579	1	1	80	0.0125000
NODE_9991_length_861_cov_9.463255	499	579	2	10	80	0.1250000
NODE_9991_length_861_cov_9.463255	499	579	4	61	80	0.7625000
NODE_9992_length_861_cov_9.435696	348	423	0	11	75	0.1466667
NODE_9992_length_861_cov_9.435696	348	423	2	12	75	0.1600000
NODE_9992_length_861_cov_9.435696	348	423	4	52	75	0.6933333
NODE_9993_length_861_cov_7.009186	51	91	0	40	40	1.0000000
NODE_9993_length_861_cov_7.009186	185	265	5	4	80	0.0500000
NODE_9993_length_861_cov_7.009186	185	265	8	76	80	0.9500000
NODE_9993_length_861_cov_7.009186	238	318	0	36	80	0.4500000
NODE_9993_length_861_cov_7.009186	238	318	2	14	80	0.1750000
NODE_9993_length_861_cov_7.009186	238	318	5	7	80	0.0875000
NODE_9993_length_861_cov_7.009186	238	318	8	23	80	0.2875000
NODE_10019_length_860_cov_54.315375	245	325	0	41	80	0.5125000
NODE_10019_length_860_cov_54.315375	245	325	4	24	80	0.3000000
NODE_10019_length_860_cov_54.315375	245	325	6	15	80	0.1875000
NODE_10019_length_860_cov_54.315375	298	378	4	12	80	0.1500000
NODE_10019_length_860_cov_54.315375	298	378	6	40	80	0.5000000
NODE_10019_length_860_cov_54.315375	298	378	7	10	80	0.1250000
NODE_10019_length_860_cov_54.315375	298	378	8	18	80	0.2250000
NODE_10019_length_860_cov_54.315375	374	454	2	2	80	0.0250000
NODE_10019_length_860_cov_54.315375	374	454	3	9	80	0.1125000
NODE_10019_length_860_cov_54.315375	374	454	5	1	80	0.0125000
NODE_10019_length_860_cov_54.315375	374	454	7	13	80	0.1625000
NODE_10019_length_860_cov_54.315375	374	454	8	6	80	0.0750000
NODE_10019_length_860_cov_54.315375	374	454	9	22	80	0.2750000
NODE_10019_length_860_cov_54.315375	374	454	11	23	80	0.2875000
NODE_10019_length_860_cov_54.315375	374	454	12	1	80	0.0125000
NODE_10019_length_860_cov_54.315375	374	454	13	3	80	0.0375000
NODE_10019_length_860_cov_54.315375	427	507	11	46	80	0.5750000
NODE_10019_length_860_cov_54.315375	427	507	12	7	80	0.0875000
NODE_10019_length_860_cov_54.315375	427	507	13	16	80	0.2000000
NODE_10019_length_860_cov_54.315375	427	507	15	11	80	0.1375000
NODE_10020_length_860_cov_29.618922	356	436	6	10	80	0.1250000
NODE_10020_length_860_cov_29.618922	356	436	8	70	80	0.8750000
NODE_10020_length_860_cov_29.618922	409	489	0	1	80	0.0125000
NODE_10020_length_860_cov_29.618922	409	489	2	23	80	0.2875000
NODE_10020_length_860_cov_29.618922	409	489	5	9	80	0.1125000
NODE_10020_length_860_cov_29.618922	409	489	6	10	80	0.1250000
NODE_10020_length_860_cov_29.618922	409	489	8	37	80	0.4625000
NODE_10021_length_860_cov_15.152431	393	473	4	60	80	0.7500000
NODE_10021_length_860_cov_15.152431	393	473	6	20	80	0.2500000
NODE_10021_length_860_cov_15.152431	446	526	0	5	80	0.0625000
NODE_10021_length_860_cov_15.152431	446	526	2	41	80	0.5125000
NODE_10021_length_860_cov_15.152431	446	526	4	34	80	0.4250000
NODE_10022_length_860_cov_11.320631	343	423	0	80	80	1.0000000
NODE_10022_length_860_cov_11.320631	396	476	0	80	80	1.0000000
NODE_10049_length_859_cov_48.173684	432	512	4	13	80	0.1625000
NODE_10049_length_859_cov_48.173684	432	512	6	27	80	0.3375000
NODE_10049_length_859_cov_48.173684	432	512	8	18	80	0.2250000
NODE_10049_length_859_cov_48.173684	432	512	10	22	80	0.2750000
NODE_10049_length_859_cov_48.173684	485	565	4	66	80	0.8250000
NODE_10049_length_859_cov_48.173684	485	565	8	14	80	0.1750000
NODE_10050_length_859_cov_24.957895	402	482	5	9	80	0.1125000
NODE_10050_length_859_cov_24.957895	402	482	7	71	80	0.8875000
NODE_10050_length_859_cov_24.957895	455	535	5	4	80	0.0500000
NODE_10050_length_859_cov_24.957895	455	535	6	49	80	0.6125000
NODE_10050_length_859_cov_24.957895	455	535	7	27	80	0.3375000
NODE_10051_length_859_cov_23.431579	251	331	2	80	80	1.0000000
NODE_10051_length_859_cov_23.431579	304	384	0	9	80	0.1125000
NODE_10051_length_859_cov_23.431579	304	384	2	71	80	0.8875000
NODE_10052_length_859_cov_20.523684	341	421	4	30	80	0.3750000
NODE_10052_length_859_cov_20.523684	341	421	6	50	80	0.6250000
NODE_10052_length_859_cov_20.523684	394	474	0	35	80	0.4375000
NODE_10052_length_859_cov_20.523684	394	474	4	45	80	0.5625000
NODE_10053_length_859_cov_17.996053	316	396	0	80	80	1.0000000
NODE_10053_length_859_cov_17.996053	369	449	0	80	80	1.0000000
NODE_10054_length_859_cov_16.757895	404	484	0	52	80	0.6500000
NODE_10054_length_859_cov_16.757895	404	484	2	28	80	0.3500000
NODE_10054_length_859_cov_16.757895	457	537	0	14	80	0.1750000
NODE_10054_length_859_cov_16.757895	457	537	2	66	80	0.8250000
NODE_10055_length_859_cov_15.852632	346	426	6	14	80	0.1750000
NODE_10055_length_859_cov_15.852632	346	426	8	66	80	0.8250000
NODE_10055_length_859_cov_15.852632	399	479	0	20	80	0.2500000
NODE_10055_length_859_cov_15.852632	399	479	2	24	80	0.3000000
NODE_10055_length_859_cov_15.852632	399	479	6	23	80	0.2875000
NODE_10055_length_859_cov_15.852632	399	479	8	13	80	0.1625000
NODE_10056_length_859_cov_11.584211	407	487	0	80	80	1.0000000
NODE_10056_length_859_cov_11.584211	460	540	0	80	80	1.0000000
NODE_10057_length_859_cov_10.296053	368	448	0	17	80	0.2125000
NODE_10057_length_859_cov_10.296053	368	448	2	15	80	0.1875000
NODE_10057_length_859_cov_10.296053	368	448	4	12	80	0.1500000
NODE_10057_length_859_cov_10.296053	368	448	5	7	80	0.0875000
NODE_10057_length_859_cov_10.296053	368	448	6	29	80	0.3625000
NODE_10057_length_859_cov_10.296053	421	501	6	80	80	1.0000000
NODE_10066_length_859_cov_2.359211	498	578	0	80	80	1.0000000
NODE_10066_length_859_cov_2.359211	551	631	0	80	80	1.0000000
NODE_10079_length_858_cov_54.677207	277	357	0	66	80	0.8250000
NODE_10079_length_858_cov_54.677207	277	357	8	14	80	0.1750000
NODE_10079_length_858_cov_54.677207	330	410	0	13	80	0.1625000
NODE_10079_length_858_cov_54.677207	330	410	2	11	80	0.1375000
NODE_10079_length_858_cov_54.677207	330	410	8	20	80	0.2500000
NODE_10079_length_858_cov_54.677207	330	410	10	36	80	0.4500000
NODE_10080_length_858_cov_40.584980	500	580	0	80	80	1.0000000
NODE_10080_length_858_cov_40.584980	553	633	0	80	80	1.0000000
NODE_10081_length_858_cov_30.177866	363	443	4	10	80	0.1250000
NODE_10081_length_858_cov_30.177866	363	443	8	6	80	0.0750000
NODE_10081_length_858_cov_30.177866	363	443	9	11	80	0.1375000
NODE_10081_length_858_cov_30.177866	363	443	10	7	80	0.0875000
NODE_10081_length_858_cov_30.177866	363	443	14	9	80	0.1125000
NODE_10081_length_858_cov_30.177866	363	443	16	35	80	0.4375000
NODE_10081_length_858_cov_30.177866	363	443	18	2	80	0.0250000
NODE_10081_length_858_cov_30.177866	416	496	10	1	80	0.0125000
NODE_10081_length_858_cov_30.177866	416	496	12	1	80	0.0125000
NODE_10081_length_858_cov_30.177866	416	496	14	12	80	0.1500000
NODE_10081_length_858_cov_30.177866	416	496	16	64	80	0.8000000
NODE_10081_length_858_cov_30.177866	416	496	18	2	80	0.0250000
NODE_10081_length_858_cov_30.177866	492	572	4	32	80	0.4000000
NODE_10081_length_858_cov_30.177866	492	572	5	11	80	0.1375000
NODE_10081_length_858_cov_30.177866	492	572	6	22	80	0.2750000
NODE_10081_length_858_cov_30.177866	492	572	7	2	80	0.0250000
NODE_10081_length_858_cov_30.177866	492	572	9	1	80	0.0125000
NODE_10081_length_858_cov_30.177866	492	572	10	9	80	0.1125000
NODE_10081_length_858_cov_30.177866	492	572	12	1	80	0.0125000
NODE_10081_length_858_cov_30.177866	492	572	16	2	80	0.0250000
NODE_10081_length_858_cov_30.177866	545	625	0	21	80	0.2625000
NODE_10081_length_858_cov_30.177866	545	625	2	14	80	0.1750000
NODE_10081_length_858_cov_30.177866	545	625	4	45	80	0.5625000
NODE_10082_length_858_cov_18.534914	371	451	0	46	80	0.5750000
NODE_10082_length_858_cov_18.534914	371	451	4	34	80	0.4250000
NODE_10082_length_858_cov_18.534914	424	504	4	80	80	1.0000000
NODE_10083_length_858_cov_15.378129	232	312	0	32	80	0.4000000
NODE_10083_length_858_cov_15.378129	232	312	2	45	80	0.5625000
NODE_10083_length_858_cov_15.378129	232	312	6	3	80	0.0375000
NODE_10083_length_858_cov_15.378129	285	365	2	24	80	0.3000000
NODE_10083_length_858_cov_15.378129	285	365	6	4	80	0.0500000
NODE_10083_length_858_cov_15.378129	285	365	8	52	80	0.6500000
NODE_10084_length_858_cov_12.310935	335	415	14	33	80	0.4125000
NODE_10084_length_858_cov_12.310935	335	415	16	1	80	0.0125000
NODE_10084_length_858_cov_12.310935	335	415	18	18	80	0.2250000
NODE_10084_length_858_cov_12.310935	335	415	20	28	80	0.3500000
NODE_10084_length_858_cov_12.310935	388	468	6	23	80	0.2875000
NODE_10084_length_858_cov_12.310935	388	468	8	8	80	0.1000000
NODE_10084_length_858_cov_12.310935	388	468	20	49	80	0.6125000
NODE_10085_length_858_cov_7.835310	396	479	0	83	83	1.0000000
NODE_10085_length_858_cov_7.835310	452	532	0	80	80	1.0000000
NODE_10088_length_858_cov_4.953887	474	554	0	13	80	0.1625000
NODE_10088_length_858_cov_4.953887	474	554	2	67	80	0.8375000
NODE_10088_length_858_cov_4.953887	527	607	0	24	80	0.3000000
NODE_10088_length_858_cov_4.953887	527	607	2	56	80	0.7000000
NODE_10091_length_858_cov_3.475626	428	502	0	22	74	0.2972973
NODE_10091_length_858_cov_3.475626	428	502	4	52	74	0.7027027
NODE_10091_length_858_cov_3.475626	498	578	0	80	80	1.0000000
NODE_10091_length_858_cov_3.475626	551	631	0	80	80	1.0000000
NODE_10108_length_857_cov_33.449868	384	455	0	71	71	1.0000000
NODE_10108_length_857_cov_33.449868	437	518	0	81	81	1.0000000
NODE_10109_length_857_cov_32.527704	391	471	0	11	80	0.1375000
NODE_10109_length_857_cov_32.527704	391	471	2	55	80	0.6875000
NODE_10109_length_857_cov_32.527704	391	471	4	14	80	0.1750000
NODE_10109_length_857_cov_32.527704	444	524	2	31	80	0.3875000
NODE_10109_length_857_cov_32.527704	444	524	4	49	80	0.6125000
NODE_10110_length_857_cov_27.853562	310	390	2	4	80	0.0500000
NODE_10110_length_857_cov_27.853562	310	390	6	1	80	0.0125000
NODE_10110_length_857_cov_27.853562	310	390	7	75	80	0.9375000
NODE_10110_length_857_cov_27.853562	363	443	6	6	80	0.0750000
NODE_10110_length_857_cov_27.853562	363	443	7	74	80	0.9250000
NODE_10111_length_857_cov_24.654354	282	362	0	8	80	0.1000000
NODE_10111_length_857_cov_24.654354	282	362	4	72	80	0.9000000
NODE_10111_length_857_cov_24.654354	335	415	0	32	80	0.4000000
NODE_10111_length_857_cov_24.654354	335	415	4	48	80	0.6000000
NODE_10112_length_857_cov_22.604222	374	456	0	76	82	0.9268293
NODE_10112_length_857_cov_22.604222	374	456	2	6	82	0.0731707
NODE_10112_length_857_cov_22.604222	427	509	0	23	82	0.2804878
NODE_10112_length_857_cov_22.604222	427	509	2	59	82	0.7195122
NODE_10113_length_857_cov_17.399736	320	400	0	24	80	0.3000000
NODE_10113_length_857_cov_17.399736	320	400	2	56	80	0.7000000
NODE_10113_length_857_cov_17.399736	373	453	0	32	80	0.4000000
NODE_10113_length_857_cov_17.399736	373	453	2	48	80	0.6000000
NODE_10114_length_857_cov_17.069921	388	468	0	4	80	0.0500000
NODE_10114_length_857_cov_17.069921	388	468	11	1	80	0.0125000
NODE_10114_length_857_cov_17.069921	388	468	12	10	80	0.1250000
NODE_10114_length_857_cov_17.069921	388	468	14	38	80	0.4750000
NODE_10114_length_857_cov_17.069921	388	468	18	10	80	0.1250000
NODE_10114_length_857_cov_17.069921	388	468	20	17	80	0.2125000
NODE_10114_length_857_cov_17.069921	441	521	8	5	80	0.0625000
NODE_10114_length_857_cov_17.069921	441	521	18	39	80	0.4875000
NODE_10114_length_857_cov_17.069921	441	521	19	1	80	0.0125000
NODE_10114_length_857_cov_17.069921	441	521	20	35	80	0.4375000
NODE_10115_length_857_cov_11.816623	433	513	0	14	80	0.1750000
NODE_10115_length_857_cov_11.816623	433	513	6	3	80	0.0375000
NODE_10115_length_857_cov_11.816623	433	513	9	7	80	0.0875000
NODE_10115_length_857_cov_11.816623	433	513	13	5	80	0.0625000
NODE_10115_length_857_cov_11.816623	433	513	21	4	80	0.0500000
NODE_10115_length_857_cov_11.816623	433	513	23	23	80	0.2875000
NODE_10115_length_857_cov_11.816623	433	513	24	24	80	0.3000000
NODE_10115_length_857_cov_11.816623	486	566	18	6	80	0.0750000
NODE_10115_length_857_cov_11.816623	486	566	23	3	80	0.0375000
NODE_10115_length_857_cov_11.816623	486	566	24	71	80	0.8875000
NODE_10116_length_857_cov_6.733509	513	593	0	21	80	0.2625000
NODE_10116_length_857_cov_6.733509	513	593	2	59	80	0.7375000
NODE_10117_length_857_cov_6.251979	298	378	0	10	80	0.1250000
NODE_10117_length_857_cov_6.251979	298	378	2	70	80	0.8750000
NODE_10117_length_857_cov_6.251979	351	431	0	9	80	0.1125000
NODE_10117_length_857_cov_6.251979	351	431	2	71	80	0.8875000
NODE_10118_length_857_cov_5.827177	323	403	0	47	80	0.5875000
NODE_10118_length_857_cov_5.827177	323	403	4	33	80	0.4125000
NODE_10118_length_857_cov_5.827177	376	456	4	80	80	1.0000000
NODE_10120_length_857_cov_4.530343	362	442	1	11	80	0.1375000
NODE_10120_length_857_cov_4.530343	362	442	2	69	80	0.8625000
NODE_10120_length_857_cov_4.530343	415	495	0	22	80	0.2750000
NODE_10120_length_857_cov_4.530343	415	495	1	42	80	0.5250000
NODE_10120_length_857_cov_4.530343	415	495	2	16	80	0.2000000
NODE_10128_length_857_cov_1.464380	179	249	10	56	70	0.8000000
NODE_10128_length_857_cov_1.464380	179	249	11	14	70	0.2000000
NODE_10128_length_857_cov_1.464380	222	288	4	5	66	0.0757576
NODE_10128_length_857_cov_1.464380	222	288	7	1	66	0.0151515
NODE_10128_length_857_cov_1.464380	222	288	8	4	66	0.0606061
NODE_10128_length_857_cov_1.464380	222	288	9	8	66	0.1212121
NODE_10128_length_857_cov_1.464380	222	288	10	27	66	0.4090909
NODE_10128_length_857_cov_1.464380	222	288	11	21	66	0.3181818
NODE_10138_length_856_cov_39.147952	157	237	2	34	80	0.4250000
NODE_10138_length_856_cov_39.147952	157	237	4	46	80	0.5750000
NODE_10138_length_856_cov_39.147952	210	290	2	58	80	0.7250000
NODE_10138_length_856_cov_39.147952	210	290	4	22	80	0.2750000
NODE_10138_length_856_cov_39.147952	286	366	2	12	80	0.1500000
NODE_10138_length_856_cov_39.147952	286	366	4	22	80	0.2750000
NODE_10138_length_856_cov_39.147952	286	366	6	46	80	0.5750000
NODE_10138_length_856_cov_39.147952	339	419	2	27	80	0.3375000
NODE_10138_length_856_cov_39.147952	339	419	4	18	80	0.2250000
NODE_10138_length_856_cov_39.147952	339	419	6	35	80	0.4375000
NODE_10139_length_856_cov_21.937913	353	433	2	12	80	0.1500000
NODE_10139_length_856_cov_21.937913	353	433	4	18	80	0.2250000
NODE_10139_length_856_cov_21.937913	353	433	8	50	80	0.6250000
NODE_10139_length_856_cov_21.937913	406	486	8	33	80	0.4125000
NODE_10139_length_856_cov_21.937913	406	486	10	1	80	0.0125000
NODE_10139_length_856_cov_21.937913	406	486	11	12	80	0.1500000
NODE_10139_length_856_cov_21.937913	406	486	12	14	80	0.1750000
NODE_10139_length_856_cov_21.937913	406	486	13	17	80	0.2125000
NODE_10139_length_856_cov_21.937913	406	486	14	3	80	0.0375000
NODE_10140_length_856_cov_20.227213	375	459	2	49	84	0.5833333
NODE_10140_length_856_cov_20.227213	375	459	4	35	84	0.4166667
NODE_10140_length_856_cov_20.227213	432	512	4	80	80	1.0000000
NODE_10141_length_856_cov_18.445178	340	420	1	28	80	0.3500000
NODE_10141_length_856_cov_18.445178	340	420	3	3	80	0.0375000
NODE_10141_length_856_cov_18.445178	340	420	4	22	80	0.2750000
NODE_10141_length_856_cov_18.445178	340	420	6	27	80	0.3375000
NODE_10141_length_856_cov_18.445178	393	473	5	25	80	0.3125000
NODE_10141_length_856_cov_18.445178	393	473	6	55	80	0.6875000
NODE_10142_length_856_cov_16.564069	462	543	0	25	81	0.3086420
NODE_10142_length_856_cov_16.564069	462	543	2	56	81	0.6913580
NODE_10142_length_856_cov_16.564069	516	596	2	80	80	1.0000000
NODE_10142_length_856_cov_16.564069	516	593	2	77	77	1.0000000
NODE_10143_length_856_cov_15.803170	403	483	2	12	80	0.1500000
NODE_10143_length_856_cov_15.803170	403	483	4	68	80	0.8500000
NODE_10143_length_856_cov_15.803170	456	536	0	20	80	0.2500000
NODE_10143_length_856_cov_15.803170	456	536	4	60	80	0.7500000
NODE_10144_length_856_cov_12.904888	345	425	0	80	80	1.0000000
NODE_10144_length_856_cov_12.904888	398	478	0	80	80	1.0000000
NODE_10145_length_856_cov_9.881110	338	418	0	80	80	1.0000000
NODE_10145_length_856_cov_9.881110	391	471	0	80	80	1.0000000
NODE_10146_length_856_cov_5.875826	405	485	0	80	80	1.0000000
NODE_10146_length_856_cov_5.875826	458	538	0	44	80	0.5500000
NODE_10146_length_856_cov_5.875826	458	538	2	36	80	0.4500000
NODE_10149_length_856_cov_4.821664	466	546	0	80	80	1.0000000
NODE_10149_length_856_cov_4.821664	519	599	0	80	80	1.0000000
NODE_10151_length_856_cov_4.195509	248	328	0	17	80	0.2125000
NODE_10151_length_856_cov_4.195509	248	328	2	20	80	0.2500000
NODE_10151_length_856_cov_4.195509	248	328	3	2	80	0.0250000
NODE_10151_length_856_cov_4.195509	248	328	4	10	80	0.1250000
NODE_10151_length_856_cov_4.195509	248	328	5	2	80	0.0250000
NODE_10151_length_856_cov_4.195509	248	328	6	12	80	0.1500000
NODE_10151_length_856_cov_4.195509	248	328	7	17	80	0.2125000
NODE_10151_length_856_cov_4.195509	301	381	6	10	80	0.1250000
NODE_10151_length_856_cov_4.195509	301	381	7	70	80	0.8750000
NODE_10152_length_856_cov_3.899604	262	339	0	66	77	0.8571429
NODE_10152_length_856_cov_3.899604	262	339	1	1	77	0.0129870
NODE_10152_length_856_cov_3.899604	262	339	2	10	77	0.1298701
NODE_10152_length_856_cov_3.899604	312	392	0	16	80	0.2000000
NODE_10152_length_856_cov_3.899604	312	392	1	1	80	0.0125000
NODE_10152_length_856_cov_3.899604	312	392	2	63	80	0.7875000
NODE_10176_length_855_cov_28.312169	541	621	8	9	80	0.1125000
NODE_10176_length_855_cov_28.312169	541	621	10	4	80	0.0500000
NODE_10176_length_855_cov_28.312169	541	621	11	1	80	0.0125000
NODE_10176_length_855_cov_28.312169	541	621	12	3	80	0.0375000
NODE_10176_length_855_cov_28.312169	541	621	16	14	80	0.1750000
NODE_10176_length_855_cov_28.312169	541	621	18	47	80	0.5875000
NODE_10176_length_855_cov_28.312169	541	621	20	2	80	0.0250000
NODE_10176_length_855_cov_28.312169	594	674	0	4	80	0.0500000
NODE_10176_length_855_cov_28.312169	594	674	2	16	80	0.2000000
NODE_10176_length_855_cov_28.312169	594	674	4	4	80	0.0500000
NODE_10176_length_855_cov_28.312169	594	674	12	22	80	0.2750000
NODE_10176_length_855_cov_28.312169	594	674	13	1	80	0.0125000
NODE_10176_length_855_cov_28.312169	594	674	14	1	80	0.0125000
NODE_10176_length_855_cov_28.312169	594	674	16	19	80	0.2375000
NODE_10176_length_855_cov_28.312169	594	674	18	13	80	0.1625000
NODE_10177_length_855_cov_19.392857	692	772	6	3	80	0.0375000
NODE_10177_length_855_cov_19.392857	692	772	10	77	80	0.9625000
NODE_10177_length_855_cov_19.392857	745	825	0	9	80	0.1125000
NODE_10177_length_855_cov_19.392857	745	825	1	1	80	0.0125000
NODE_10177_length_855_cov_19.392857	745	825	2	38	80	0.4750000
NODE_10177_length_855_cov_19.392857	745	825	6	4	80	0.0500000
NODE_10177_length_855_cov_19.392857	745	825	10	28	80	0.3500000
NODE_10178_length_855_cov_13.402116	343	423	4	9	80	0.1125000
NODE_10178_length_855_cov_13.402116	343	423	6	8	80	0.1000000
NODE_10178_length_855_cov_13.402116	343	423	8	31	80	0.3875000
NODE_10178_length_855_cov_13.402116	343	423	9	4	80	0.0500000
NODE_10178_length_855_cov_13.402116	343	423	10	28	80	0.3500000
NODE_10178_length_855_cov_13.402116	396	476	4	19	80	0.2375000
NODE_10178_length_855_cov_13.402116	396	476	6	13	80	0.1625000
NODE_10178_length_855_cov_13.402116	396	476	8	9	80	0.1125000
NODE_10178_length_855_cov_13.402116	396	476	9	16	80	0.2000000
NODE_10178_length_855_cov_13.402116	396	476	10	23	80	0.2875000
NODE_10179_length_855_cov_13.116402	295	375	0	45	80	0.5625000
NODE_10179_length_855_cov_13.116402	295	375	2	35	80	0.4375000
NODE_10179_length_855_cov_13.116402	348	428	2	80	80	1.0000000
NODE_10180_length_855_cov_11.179894	360	436	10	76	76	1.0000000
NODE_10180_length_855_cov_11.179894	409	489	0	16	80	0.2000000
NODE_10180_length_855_cov_11.179894	409	489	10	64	80	0.8000000
NODE_10183_length_855_cov_8.593915	339	419	0	80	80	1.0000000
NODE_10183_length_855_cov_8.593915	392	472	0	80	80	1.0000000
NODE_10206_length_854_cov_64.200000	586	666	4	46	80	0.5750000
NODE_10206_length_854_cov_64.200000	586	666	6	3	80	0.0375000
NODE_10206_length_854_cov_64.200000	586	666	7	8	80	0.1000000
NODE_10206_length_854_cov_64.200000	586	666	13	15	80	0.1875000
NODE_10206_length_854_cov_64.200000	586	666	15	8	80	0.1000000
NODE_10206_length_854_cov_64.200000	639	719	7	4	80	0.0500000
NODE_10206_length_854_cov_64.200000	639	719	11	17	80	0.2125000
NODE_10206_length_854_cov_64.200000	639	719	12	22	80	0.2750000
NODE_10206_length_854_cov_64.200000	639	719	13	29	80	0.3625000
NODE_10206_length_854_cov_64.200000	639	719	15	8	80	0.1000000
NODE_10207_length_854_cov_46.037086	348	428	4	73	80	0.9125000
NODE_10207_length_854_cov_46.037086	348	428	6	7	80	0.0875000
NODE_10207_length_854_cov_46.037086	401	481	2	43	80	0.5375000
NODE_10207_length_854_cov_46.037086	401	481	4	26	80	0.3250000
NODE_10207_length_854_cov_46.037086	401	481	6	11	80	0.1375000
NODE_10207_length_854_cov_46.037086	458	481	2	23	23	1.0000000
NODE_10208_length_854_cov_45.633113	393	473	2	1	80	0.0125000
NODE_10208_length_854_cov_45.633113	393	473	6	79	80	0.9875000
NODE_10208_length_854_cov_45.633113	446	526	0	19	80	0.2375000
NODE_10208_length_854_cov_45.633113	446	526	4	7	80	0.0875000
NODE_10208_length_854_cov_45.633113	446	526	6	54	80	0.6750000
NODE_10209_length_854_cov_40.407947	489	569	2	38	80	0.4750000
NODE_10209_length_854_cov_40.407947	489	569	8	3	80	0.0375000
NODE_10209_length_854_cov_40.407947	489	569	10	39	80	0.4875000
NODE_10209_length_854_cov_40.407947	542	622	8	56	80	0.7000000
NODE_10209_length_854_cov_40.407947	542	622	10	24	80	0.3000000
NODE_10210_length_854_cov_29.773510	450	530	2	80	80	1.0000000
NODE_10210_length_854_cov_29.773510	503	583	0	39	80	0.4875000
NODE_10210_length_854_cov_29.773510	503	583	2	41	80	0.5125000
NODE_10211_length_854_cov_22.968212	318	398	2	80	80	1.0000000
NODE_10211_length_854_cov_22.968212	371	451	0	4	80	0.0500000
NODE_10211_length_854_cov_22.968212	371	451	2	76	80	0.9500000
NODE_10212_length_854_cov_18.038411	387	467	6	7	80	0.0875000
NODE_10212_length_854_cov_18.038411	387	467	7	1	80	0.0125000
NODE_10212_length_854_cov_18.038411	387	467	8	42	80	0.5250000
NODE_10212_length_854_cov_18.038411	387	467	13	30	80	0.3750000
NODE_10212_length_854_cov_18.038411	440	520	7	7	80	0.0875000
NODE_10212_length_854_cov_18.038411	440	520	8	1	80	0.0125000
NODE_10212_length_854_cov_18.038411	440	520	12	32	80	0.4000000
NODE_10212_length_854_cov_18.038411	440	520	13	40	80	0.5000000
NODE_10213_length_854_cov_13.774834	330	410	2	40	80	0.5000000
NODE_10213_length_854_cov_13.774834	330	410	4	31	80	0.3875000
NODE_10213_length_854_cov_13.774834	330	410	6	9	80	0.1125000
NODE_10213_length_854_cov_13.774834	383	463	2	16	80	0.2000000
NODE_10213_length_854_cov_13.774834	383	463	4	28	80	0.3500000
NODE_10213_length_854_cov_13.774834	383	463	5	5	80	0.0625000
NODE_10213_length_854_cov_13.774834	383	463	6	31	80	0.3875000
NODE_10214_length_854_cov_11.998675	366	446	6	80	80	1.0000000
NODE_10214_length_854_cov_11.998675	419	499	0	26	80	0.3250000
NODE_10214_length_854_cov_11.998675	419	499	3	8	80	0.1000000
NODE_10214_length_854_cov_11.998675	419	499	6	46	80	0.5750000
NODE_10215_length_854_cov_7.600000	298	378	4	80	80	1.0000000
NODE_10215_length_854_cov_7.600000	351	431	0	14	80	0.1750000
NODE_10215_length_854_cov_7.600000	351	431	2	31	80	0.3875000
NODE_10215_length_854_cov_7.600000	351	431	4	35	80	0.4375000
NODE_10218_length_854_cov_4.939073	603	633	0	30	30	1.0000000
NODE_10226_length_854_cov_2.354967	613	633	0	20	20	1.0000000
NODE_10239_length_853_cov_61.988064	380	460	0	11	80	0.1375000
NODE_10239_length_853_cov_61.988064	380	460	14	5	80	0.0625000
NODE_10239_length_853_cov_61.988064	380	460	16	10	80	0.1250000
NODE_10239_length_853_cov_61.988064	380	460	18	46	80	0.5750000
NODE_10239_length_853_cov_61.988064	380	460	20	8	80	0.1000000
NODE_10239_length_853_cov_61.988064	433	513	16	1	80	0.0125000
NODE_10239_length_853_cov_61.988064	433	513	18	39	80	0.4875000
NODE_10239_length_853_cov_61.988064	433	513	20	40	80	0.5000000
NODE_10240_length_853_cov_33.683024	384	464	0	21	80	0.2625000
NODE_10240_length_853_cov_33.683024	384	464	4	8	80	0.1000000
NODE_10240_length_853_cov_33.683024	384	464	8	51	80	0.6375000
NODE_10240_length_853_cov_33.683024	437	517	8	32	80	0.4000000
NODE_10240_length_853_cov_33.683024	437	517	10	48	80	0.6000000
NODE_10241_length_853_cov_31.965517	224	305	2	15	81	0.1851852
NODE_10241_length_853_cov_31.965517	224	305	4	2	81	0.0246914
NODE_10241_length_853_cov_31.965517	224	305	8	34	81	0.4197531
NODE_10241_length_853_cov_31.965517	224	305	10	30	81	0.3703704
NODE_10241_length_853_cov_31.965517	278	358	2	14	80	0.1750000
NODE_10241_length_853_cov_31.965517	278	358	4	4	80	0.0500000
NODE_10241_length_853_cov_31.965517	278	358	6	7	80	0.0875000
NODE_10241_length_853_cov_31.965517	278	358	8	3	80	0.0375000
NODE_10241_length_853_cov_31.965517	278	358	10	52	80	0.6500000
NODE_10241_length_853_cov_31.965517	354	434	2	34	80	0.4250000
NODE_10241_length_853_cov_31.965517	354	434	4	20	80	0.2500000
NODE_10241_length_853_cov_31.965517	354	434	6	26	80	0.3250000
NODE_10241_length_853_cov_31.965517	407	466	2	1	59	0.0169492
NODE_10241_length_853_cov_31.965517	407	466	4	33	59	0.5593221
NODE_10241_length_853_cov_31.965517	407	466	6	25	59	0.4237288
NODE_10242_length_853_cov_16.551724	247	327	0	80	80	1.0000000
NODE_10242_length_853_cov_16.551724	300	380	0	80	80	1.0000000
NODE_10242_length_853_cov_16.551724	376	456	0	80	80	1.0000000
NODE_10242_length_853_cov_16.551724	429	509	0	80	80	1.0000000
NODE_10243_length_853_cov_15.395225	395	475	2	14	80	0.1750000
NODE_10243_length_853_cov_15.395225	395	475	4	66	80	0.8250000
NODE_10243_length_853_cov_15.395225	448	528	0	13	80	0.1625000
NODE_10243_length_853_cov_15.395225	448	528	2	54	80	0.6750000
NODE_10243_length_853_cov_15.395225	448	528	4	13	80	0.1625000
NODE_10244_length_853_cov_15.086207	355	434	8	7	79	0.0886076
NODE_10244_length_853_cov_15.086207	355	434	17	14	79	0.1772152
NODE_10244_length_853_cov_15.086207	355	434	19	37	79	0.4683544
NODE_10244_length_853_cov_15.086207	355	434	20	21	79	0.2658228
NODE_10244_length_853_cov_15.086207	408	488	2	15	80	0.1875000
NODE_10244_length_853_cov_15.086207	408	488	13	24	80	0.3000000
NODE_10244_length_853_cov_15.086207	408	488	15	3	80	0.0375000
NODE_10244_length_853_cov_15.086207	408	488	17	19	80	0.2375000
NODE_10244_length_853_cov_15.086207	408	488	19	19	80	0.2375000
NODE_10245_length_853_cov_14.929708	160	240	8	9	80	0.1125000
NODE_10245_length_853_cov_14.929708	160	240	12	36	80	0.4500000
NODE_10245_length_853_cov_14.929708	160	240	16	35	80	0.4375000
NODE_10245_length_853_cov_14.929708	213	293	8	16	80	0.2000000
NODE_10245_length_853_cov_14.929708	213	293	12	52	80	0.6500000
NODE_10245_length_853_cov_14.929708	213	293	16	12	80	0.1500000
NODE_10246_length_853_cov_11.299735	395	475	0	62	80	0.7750000
NODE_10246_length_853_cov_11.299735	395	475	6	17	80	0.2125000
NODE_10246_length_853_cov_11.299735	395	475	10	1	80	0.0125000
NODE_10246_length_853_cov_11.299735	448	528	0	9	80	0.1125000
NODE_10246_length_853_cov_11.299735	448	528	6	17	80	0.2125000
NODE_10246_length_853_cov_11.299735	448	528	10	54	80	0.6750000
NODE_10247_length_853_cov_9.571618	479	559	0	53	80	0.6625000
NODE_10247_length_853_cov_9.571618	479	559	2	19	80	0.2375000
NODE_10247_length_853_cov_9.571618	479	559	4	8	80	0.1000000
NODE_10247_length_853_cov_9.571618	532	612	2	19	80	0.2375000
NODE_10247_length_853_cov_9.571618	532	612	4	61	80	0.7625000
NODE_10248_length_853_cov_7.828912	265	345	0	80	80	1.0000000
NODE_10248_length_853_cov_7.828912	318	398	0	80	80	1.0000000
NODE_10249_length_853_cov_7.623342	255	335	0	35	80	0.4375000
NODE_10249_length_853_cov_7.623342	255	335	9	21	80	0.2625000
NODE_10249_length_853_cov_7.623342	255	335	13	24	80	0.3000000
NODE_10249_length_853_cov_7.623342	308	388	9	3	80	0.0375000
NODE_10249_length_853_cov_7.623342	308	388	13	52	80	0.6500000
NODE_10249_length_853_cov_7.623342	308	388	14	25	80	0.3125000
NODE_10253_length_853_cov_3.173740	212	292	0	15	80	0.1875000
NODE_10253_length_853_cov_3.173740	212	292	2	65	80	0.8125000
NODE_10253_length_853_cov_3.173740	265	343	0	66	78	0.8461539
NODE_10253_length_853_cov_3.173740	265	343	2	12	78	0.1538462
NODE_10258_length_853_cov_1.823607	710	773	0	63	63	1.0000000
NODE_10258_length_853_cov_1.823607	711	773	0	62	62	1.0000000
NODE_10258_length_853_cov_1.823607	711	773	0	62	62	1.0000000
NODE_10258_length_853_cov_1.823607	746	826	0	80	80	1.0000000
NODE_10267_length_852_cov_30.022576	279	359	0	44	80	0.5500000
NODE_10267_length_852_cov_30.022576	279	359	2	36	80	0.4500000
NODE_10267_length_852_cov_30.022576	332	412	2	43	80	0.5375000
NODE_10267_length_852_cov_30.022576	332	412	4	37	80	0.4625000
NODE_10268_length_852_cov_19.373174	353	433	0	22	80	0.2750000
NODE_10268_length_852_cov_19.373174	353	433	2	58	80	0.7250000
NODE_10268_length_852_cov_19.373174	406	486	2	30	80	0.3750000
NODE_10268_length_852_cov_19.373174	406	486	4	30	80	0.3750000
NODE_10268_length_852_cov_19.373174	406	486	6	20	80	0.2500000
NODE_10269_length_852_cov_18.853918	297	377	0	80	80	1.0000000
NODE_10269_length_852_cov_18.853918	350	430	0	80	80	1.0000000
NODE_10269_length_852_cov_18.853918	426	506	0	23	80	0.2875000
NODE_10269_length_852_cov_18.853918	426	506	2	57	80	0.7125000
NODE_10269_length_852_cov_18.853918	489	559	2	70	70	1.0000000
NODE_10270_length_852_cov_17.391766	472	552	0	80	80	1.0000000
NODE_10270_length_852_cov_17.391766	525	605	0	80	80	1.0000000
NODE_10271_length_852_cov_8.818061	513	593	0	80	80	1.0000000
NODE_10271_length_852_cov_8.818061	566	646	0	80	80	1.0000000
NODE_10274_length_852_cov_4.403718	493	573	2	35	80	0.4375000
NODE_10274_length_852_cov_4.403718	493	573	3	31	80	0.3875000
NODE_10274_length_852_cov_4.403718	493	573	4	14	80	0.1750000
NODE_10274_length_852_cov_4.403718	546	626	2	58	80	0.7250000
NODE_10274_length_852_cov_4.403718	546	626	3	22	80	0.2750000
NODE_10285_length_851_cov_33.953457	329	409	0	80	80	1.0000000
NODE_10285_length_851_cov_33.953457	382	462	0	80	80	1.0000000
NODE_10286_length_851_cov_30.488032	395	475	8	6	80	0.0750000
NODE_10286_length_851_cov_30.488032	395	475	10	15	80	0.1875000
NODE_10286_length_851_cov_30.488032	395	475	18	5	80	0.0625000
NODE_10286_length_851_cov_30.488032	395	475	21	3	80	0.0375000
NODE_10286_length_851_cov_30.488032	395	475	22	51	80	0.6375000
NODE_10286_length_851_cov_30.488032	448	528	4	23	80	0.2875000
NODE_10286_length_851_cov_30.488032	448	528	12	9	80	0.1125000
NODE_10286_length_851_cov_30.488032	448	528	20	17	80	0.2125000
NODE_10286_length_851_cov_30.488032	448	528	22	31	80	0.3875000
NODE_10287_length_851_cov_27.481383	353	433	0	80	80	1.0000000
NODE_10287_length_851_cov_27.481383	406	486	0	80	80	1.0000000
NODE_10288_length_851_cov_23.656915	345	425	4	6	80	0.0750000
NODE_10288_length_851_cov_23.656915	345	425	6	9	80	0.1125000
NODE_10288_length_851_cov_23.656915	345	425	8	14	80	0.1750000
NODE_10288_length_851_cov_23.656915	345	425	10	51	80	0.6375000
NODE_10288_length_851_cov_23.656915	398	478	0	31	80	0.3875000
NODE_10288_length_851_cov_23.656915	398	478	4	28	80	0.3500000
NODE_10288_length_851_cov_23.656915	398	478	6	9	80	0.1125000
NODE_10288_length_851_cov_23.656915	398	478	8	12	80	0.1500000
NODE_10289_length_851_cov_19.769947	298	378	2	19	80	0.2375000
NODE_10289_length_851_cov_19.769947	298	378	4	49	80	0.6125000
NODE_10289_length_851_cov_19.769947	298	378	6	12	80	0.1500000
NODE_10289_length_851_cov_19.769947	351	431	0	53	80	0.6625000
NODE_10289_length_851_cov_19.769947	351	431	2	19	80	0.2375000
NODE_10289_length_851_cov_19.769947	351	431	4	8	80	0.1000000
NODE_10290_length_851_cov_17.386968	459	539	4	9	80	0.1125000
NODE_10290_length_851_cov_17.386968	459	539	6	16	80	0.2000000
NODE_10290_length_851_cov_17.386968	459	539	10	13	80	0.1625000
NODE_10290_length_851_cov_17.386968	459	539	12	5	80	0.0625000
NODE_10290_length_851_cov_17.386968	459	539	14	37	80	0.4625000
NODE_10290_length_851_cov_17.386968	512	592	0	4	80	0.0500000
NODE_10290_length_851_cov_17.386968	512	592	2	16	80	0.2000000
NODE_10290_length_851_cov_17.386968	512	592	6	2	80	0.0250000
NODE_10290_length_851_cov_17.386968	512	592	8	15	80	0.1875000
NODE_10290_length_851_cov_17.386968	512	592	10	3	80	0.0375000
NODE_10290_length_851_cov_17.386968	512	592	14	40	80	0.5000000
NODE_10291_length_851_cov_13.519947	323	403	6	34	80	0.4250000
NODE_10291_length_851_cov_13.519947	323	403	8	7	80	0.0875000
NODE_10291_length_851_cov_13.519947	323	403	10	39	80	0.4875000
NODE_10291_length_851_cov_13.519947	376	456	4	15	80	0.1875000
NODE_10291_length_851_cov_13.519947	376	456	8	45	80	0.5625000
NODE_10291_length_851_cov_13.519947	376	456	10	20	80	0.2500000
NODE_10292_length_851_cov_11.771277	403	483	2	5	80	0.0625000
NODE_10292_length_851_cov_11.771277	403	483	8	58	80	0.7250000
NODE_10292_length_851_cov_11.771277	403	483	10	17	80	0.2125000
NODE_10292_length_851_cov_11.771277	456	536	0	2	80	0.0250000
NODE_10292_length_851_cov_11.771277	456	536	2	56	80	0.7000000
NODE_10292_length_851_cov_11.771277	456	536	8	5	80	0.0625000
NODE_10292_length_851_cov_11.771277	456	536	10	17	80	0.2125000
NODE_10293_length_851_cov_11.698138	227	307	4	11	80	0.1375000
NODE_10293_length_851_cov_11.698138	227	307	6	69	80	0.8625000
NODE_10293_length_851_cov_11.698138	280	360	0	15	80	0.1875000
NODE_10293_length_851_cov_11.698138	280	360	1	6	80	0.0750000
NODE_10293_length_851_cov_11.698138	280	360	2	19	80	0.2375000
NODE_10293_length_851_cov_11.698138	280	360	4	11	80	0.1375000
NODE_10293_length_851_cov_11.698138	280	360	6	29	80	0.3625000
NODE_10293_length_851_cov_11.698138	356	436	0	4	80	0.0500000
NODE_10293_length_851_cov_11.698138	356	436	1	8	80	0.1000000
NODE_10293_length_851_cov_11.698138	356	436	2	24	80	0.3000000
NODE_10293_length_851_cov_11.698138	356	436	8	1	80	0.0125000
NODE_10293_length_851_cov_11.698138	356	436	10	4	80	0.0500000
NODE_10293_length_851_cov_11.698138	356	436	12	39	80	0.4875000
NODE_10293_length_851_cov_11.698138	409	489	10	17	80	0.2125000
NODE_10293_length_851_cov_11.698138	409	489	12	63	80	0.7875000
NODE_10294_length_851_cov_11.672872	372	452	2	70	80	0.8750000
NODE_10294_length_851_cov_11.672872	372	452	4	10	80	0.1250000
NODE_10294_length_851_cov_11.672872	425	505	2	70	80	0.8750000
NODE_10294_length_851_cov_11.672872	425	505	4	10	80	0.1250000
NODE_10295_length_851_cov_10.938830	418	499	0	81	81	1.0000000
NODE_10296_length_851_cov_10.074468	454	534	0	15	80	0.1875000
NODE_10296_length_851_cov_10.074468	454	534	2	65	80	0.8125000
NODE_10296_length_851_cov_10.074468	507	587	0	68	80	0.8500000
NODE_10296_length_851_cov_10.074468	507	587	2	12	80	0.1500000
NODE_10297_length_851_cov_7.599734	330	410	4	23	80	0.2875000
NODE_10297_length_851_cov_7.599734	330	410	6	57	80	0.7125000
NODE_10297_length_851_cov_7.599734	383	463	0	25	80	0.3125000
NODE_10297_length_851_cov_7.599734	383	463	2	21	80	0.2625000
NODE_10297_length_851_cov_7.599734	383	463	4	16	80	0.2000000
NODE_10297_length_851_cov_7.599734	383	463	6	18	80	0.2250000
NODE_10298_length_851_cov_5.639628	379	459	2	30	80	0.3750000
NODE_10298_length_851_cov_5.639628	379	459	4	12	80	0.1500000
NODE_10298_length_851_cov_5.639628	379	459	6	38	80	0.4750000
NODE_10298_length_851_cov_5.639628	432	512	4	19	80	0.2375000
NODE_10298_length_851_cov_5.639628	432	512	6	61	80	0.7625000
NODE_10300_length_851_cov_3.880319	729	765	6	36	36	1.0000000
NODE_10300_length_851_cov_3.880319	743	824	6	81	81	1.0000000
NODE_10301_length_851_cov_3.823138	380	460	0	80	80	1.0000000
NODE_10301_length_851_cov_3.823138	433	513	0	80	80	1.0000000
NODE_10318_length_851_cov_1.130319	33	103	0	70	70	1.0000000
NODE_10326_length_850_cov_36.527297	360	440	10	17	80	0.2125000
NODE_10326_length_850_cov_36.527297	360	440	15	6	80	0.0750000
NODE_10326_length_850_cov_36.527297	360	440	16	25	80	0.3125000
NODE_10326_length_850_cov_36.527297	360	440	18	32	80	0.4000000
NODE_10326_length_850_cov_36.527297	413	493	2	19	80	0.2375000
NODE_10326_length_850_cov_36.527297	413	493	4	12	80	0.1500000
NODE_10326_length_850_cov_36.527297	413	493	9	1	80	0.0125000
NODE_10326_length_850_cov_36.527297	413	493	10	2	80	0.0250000
NODE_10326_length_850_cov_36.527297	413	493	12	1	80	0.0125000
NODE_10326_length_850_cov_36.527297	413	493	14	1	80	0.0125000
NODE_10326_length_850_cov_36.527297	413	493	18	44	80	0.5500000
NODE_10327_length_850_cov_31.006658	330	410	0	80	80	1.0000000
NODE_10327_length_850_cov_31.006658	383	463	0	80	80	1.0000000
NODE_10328_length_850_cov_30.460719	251	331	0	27	80	0.3375000
NODE_10328_length_850_cov_30.460719	251	331	2	10	80	0.1250000
NODE_10328_length_850_cov_30.460719	251	331	4	19	80	0.2375000
NODE_10328_length_850_cov_30.460719	251	331	18	24	80	0.3000000
NODE_10328_length_850_cov_30.460719	304	384	4	3	80	0.0375000
NODE_10328_length_850_cov_30.460719	304	384	16	11	80	0.1375000
NODE_10328_length_850_cov_30.460719	304	384	18	66	80	0.8250000
NODE_10329_length_850_cov_25.263648	355	435	4	41	80	0.5125000
NODE_10329_length_850_cov_25.263648	355	435	6	10	80	0.1250000
NODE_10329_length_850_cov_25.263648	355	435	8	19	80	0.2375000
NODE_10329_length_850_cov_25.263648	355	435	10	4	80	0.0500000
NODE_10329_length_850_cov_25.263648	355	435	12	6	80	0.0750000
NODE_10329_length_850_cov_25.263648	408	488	8	61	80	0.7625000
NODE_10329_length_850_cov_25.263648	408	488	10	13	80	0.1625000
NODE_10329_length_850_cov_25.263648	408	488	12	6	80	0.0750000
NODE_10330_length_850_cov_21.368842	290	370	0	41	80	0.5125000
NODE_10330_length_850_cov_21.368842	290	370	2	39	80	0.4875000
NODE_10330_length_850_cov_21.368842	343	423	2	35	80	0.4375000
NODE_10330_length_850_cov_21.368842	343	423	4	45	80	0.5625000
NODE_10331_length_850_cov_20.500666	318	398	7	15	80	0.1875000
NODE_10331_length_850_cov_20.500666	318	398	8	45	80	0.5625000
NODE_10331_length_850_cov_20.500666	318	398	10	20	80	0.2500000
NODE_10331_length_850_cov_20.500666	371	451	5	11	80	0.1375000
NODE_10331_length_850_cov_20.500666	371	451	7	10	80	0.1250000
NODE_10331_length_850_cov_20.500666	371	451	8	12	80	0.1500000
NODE_10331_length_850_cov_20.500666	371	451	9	27	80	0.3375000
NODE_10331_length_850_cov_20.500666	371	451	10	20	80	0.2500000
NODE_10332_length_850_cov_17.268975	398	478	0	66	80	0.8250000
NODE_10332_length_850_cov_17.268975	398	478	2	14	80	0.1750000
NODE_10332_length_850_cov_17.268975	451	531	0	13	80	0.1625000
NODE_10332_length_850_cov_17.268975	451	531	2	67	80	0.8375000
NODE_10333_length_850_cov_14.728362	379	459	10	41	80	0.5125000
NODE_10333_length_850_cov_14.728362	379	459	14	39	80	0.4875000
NODE_10333_length_850_cov_14.728362	432	512	4	23	80	0.2875000
NODE_10333_length_850_cov_14.728362	432	512	10	19	80	0.2375000
NODE_10333_length_850_cov_14.728362	432	512	12	4	80	0.0500000
NODE_10333_length_850_cov_14.728362	432	512	14	34	80	0.4250000
NODE_10334_length_850_cov_14.230360	313	393	0	80	80	1.0000000
NODE_10334_length_850_cov_14.230360	366	446	0	80	80	1.0000000
NODE_10335_length_850_cov_12.387483	337	417	0	3	80	0.0375000
NODE_10335_length_850_cov_12.387483	337	417	2	77	80	0.9625000
NODE_10335_length_850_cov_12.387483	390	470	0	19	80	0.2375000
NODE_10335_length_850_cov_12.387483	390	470	2	61	80	0.7625000
NODE_10335_length_850_cov_12.387483	466	545	0	79	79	1.0000000
NODE_10335_length_850_cov_12.387483	518	598	0	80	80	1.0000000
NODE_10336_length_850_cov_11.402130	329	409	0	46	80	0.5750000
NODE_10336_length_850_cov_11.402130	329	409	5	2	80	0.0250000
NODE_10336_length_850_cov_11.402130	329	409	6	16	80	0.2000000
NODE_10336_length_850_cov_11.402130	329	409	7	16	80	0.2000000
NODE_10336_length_850_cov_11.402130	382	462	6	11	80	0.1375000
NODE_10336_length_850_cov_11.402130	382	462	7	69	80	0.8625000
NODE_10337_length_850_cov_10.326232	330	410	0	25	80	0.3125000
NODE_10337_length_850_cov_10.326232	330	410	2	55	80	0.6875000
NODE_10337_length_850_cov_10.326232	383	463	0	78	80	0.9750000
NODE_10337_length_850_cov_10.326232	383	463	2	2	80	0.0250000
NODE_10338_length_850_cov_9.675100	464	544	2	9	80	0.1125000
NODE_10338_length_850_cov_9.675100	464	544	4	71	80	0.8875000
NODE_10338_length_850_cov_9.675100	517	597	0	45	80	0.5625000
NODE_10338_length_850_cov_9.675100	517	597	2	15	80	0.1875000
NODE_10338_length_850_cov_9.675100	517	597	4	20	80	0.2500000
NODE_10367_length_849_cov_43.137333	336	416	0	80	80	1.0000000
NODE_10367_length_849_cov_43.137333	389	469	0	80	80	1.0000000
NODE_10368_length_849_cov_36.562667	326	406	0	25	80	0.3125000
NODE_10368_length_849_cov_36.562667	326	406	2	12	80	0.1500000
NODE_10368_length_849_cov_36.562667	326	406	6	43	80	0.5375000
NODE_10368_length_849_cov_36.562667	379	459	0	6	80	0.0750000
NODE_10368_length_849_cov_36.562667	379	459	4	31	80	0.3875000
NODE_10368_length_849_cov_36.562667	379	459	6	43	80	0.5375000
NODE_10369_length_849_cov_35.449333	408	488	4	6	80	0.0750000
NODE_10369_length_849_cov_35.449333	408	488	6	7	80	0.0875000
NODE_10369_length_849_cov_35.449333	408	488	10	21	80	0.2625000
NODE_10369_length_849_cov_35.449333	408	488	12	12	80	0.1500000
NODE_10369_length_849_cov_35.449333	408	488	16	34	80	0.4250000
NODE_10369_length_849_cov_35.449333	461	541	12	12	80	0.1500000
NODE_10369_length_849_cov_35.449333	461	541	14	20	80	0.2500000
NODE_10369_length_849_cov_35.449333	461	541	16	48	80	0.6000000
NODE_10370_length_849_cov_29.989333	332	412	0	2	80	0.0250000
NODE_10370_length_849_cov_29.989333	332	412	9	1	80	0.0125000
NODE_10370_length_849_cov_29.989333	332	412	10	30	80	0.3750000
NODE_10370_length_849_cov_29.989333	332	412	12	47	80	0.5875000
NODE_10370_length_849_cov_29.989333	385	465	0	13	80	0.1625000
NODE_10370_length_849_cov_29.989333	385	465	2	12	80	0.1500000
NODE_10370_length_849_cov_29.989333	385	465	12	55	80	0.6875000
NODE_10371_length_849_cov_17.974667	343	423	0	80	80	1.0000000
NODE_10371_length_849_cov_17.974667	396	476	0	80	80	1.0000000
NODE_10372_length_849_cov_17.018667	360	440	0	80	80	1.0000000
NODE_10372_length_849_cov_17.018667	416	493	0	77	77	1.0000000
NODE_10373_length_849_cov_15.581333	287	367	2	21	80	0.2625000
NODE_10373_length_849_cov_15.581333	287	367	4	59	80	0.7375000
NODE_10373_length_849_cov_15.581333	340	420	0	13	80	0.1625000
NODE_10373_length_849_cov_15.581333	340	420	2	26	80	0.3250000
NODE_10373_length_849_cov_15.581333	340	420	4	41	80	0.5125000
NODE_10373_length_849_cov_15.581333	416	496	0	80	80	1.0000000
NODE_10373_length_849_cov_15.581333	469	549	0	80	80	1.0000000
NODE_10374_length_849_cov_9.460000	370	450	0	20	80	0.2500000
NODE_10374_length_849_cov_9.460000	370	450	2	60	80	0.7500000
NODE_10374_length_849_cov_9.460000	423	503	0	13	80	0.1625000
NODE_10374_length_849_cov_9.460000	423	503	2	67	80	0.8375000
NODE_10375_length_849_cov_4.893333	427	507	4	80	80	1.0000000
NODE_10375_length_849_cov_4.893333	480	560	0	14	80	0.1750000
NODE_10375_length_849_cov_4.893333	480	560	2	25	80	0.3125000
NODE_10375_length_849_cov_4.893333	480	560	4	41	80	0.5125000
NODE_10376_length_849_cov_4.860000	380	460	0	80	80	1.0000000
NODE_10376_length_849_cov_4.860000	433	513	0	80	80	1.0000000
NODE_10379_length_849_cov_2.761333	254	334	0	80	80	1.0000000
NODE_10396_length_848_cov_27.287049	253	333	0	80	80	1.0000000
NODE_10396_length_848_cov_27.287049	306	386	0	80	80	1.0000000
NODE_10396_length_848_cov_27.287049	382	458	0	57	76	0.7500000
NODE_10396_length_848_cov_27.287049	382	458	2	19	76	0.2500000
NODE_10396_length_848_cov_27.287049	435	513	0	4	78	0.0512821
NODE_10396_length_848_cov_27.287049	435	513	2	74	78	0.9487180
NODE_10397_length_848_cov_23.511348	248	328	0	63	80	0.7875000
NODE_10397_length_848_cov_23.511348	248	328	2	17	80	0.2125000
NODE_10397_length_848_cov_23.511348	301	381	0	10	80	0.1250000
NODE_10397_length_848_cov_23.511348	301	381	2	58	80	0.7250000
NODE_10397_length_848_cov_23.511348	301	381	4	12	80	0.1500000
NODE_10397_length_848_cov_23.511348	377	457	2	6	80	0.0750000
NODE_10397_length_848_cov_23.511348	377	457	4	6	80	0.0750000
NODE_10397_length_848_cov_23.511348	377	457	6	36	80	0.4500000
NODE_10397_length_848_cov_23.511348	377	457	7	15	80	0.1875000
NODE_10397_length_848_cov_23.511348	377	457	9	17	80	0.2125000
NODE_10397_length_848_cov_23.511348	430	508	3	11	78	0.1410256
NODE_10397_length_848_cov_23.511348	430	508	5	24	78	0.3076923
NODE_10397_length_848_cov_23.511348	430	508	6	3	78	0.0384615
NODE_10397_length_848_cov_23.511348	430	508	7	28	78	0.3589744
NODE_10397_length_848_cov_23.511348	430	508	9	12	78	0.1538462
NODE_10398_length_848_cov_21.939920	295	375	0	18	80	0.2250000
NODE_10398_length_848_cov_21.939920	295	375	2	62	80	0.7750000
NODE_10398_length_848_cov_21.939920	348	428	2	72	80	0.9000000
NODE_10398_length_848_cov_21.939920	348	428	4	8	80	0.1000000
NODE_10399_length_848_cov_21.937250	434	514	0	62	80	0.7750000
NODE_10399_length_848_cov_21.937250	434	514	2	18	80	0.2250000
NODE_10399_length_848_cov_21.937250	487	567	0	9	80	0.1125000
NODE_10399_length_848_cov_21.937250	487	567	2	71	80	0.8875000
NODE_10400_length_848_cov_19.500668	367	392	0	25	25	1.0000000
NODE_10400_length_848_cov_19.500668	388	468	0	80	80	1.0000000
NODE_10400_length_848_cov_19.500668	441	521	0	80	80	1.0000000
NODE_10400_length_848_cov_19.500668	443	512	0	69	69	1.0000000
NODE_10400_length_848_cov_19.500668	443	472	0	29	29	1.0000000
NODE_10401_length_848_cov_16.566088	323	403	6	36	80	0.4500000
NODE_10401_length_848_cov_16.566088	323	403	7	40	80	0.5000000
NODE_10401_length_848_cov_16.566088	323	403	8	4	80	0.0500000
NODE_10401_length_848_cov_16.566088	376	456	0	46	80	0.5750000
NODE_10401_length_848_cov_16.566088	376	456	6	34	80	0.4250000
NODE_10402_length_848_cov_16.109479	256	336	6	18	80	0.2250000
NODE_10402_length_848_cov_16.109479	256	336	8	62	80	0.7750000
NODE_10402_length_848_cov_16.109479	309	389	0	21	80	0.2625000
NODE_10402_length_848_cov_16.109479	309	389	3	2	80	0.0250000
NODE_10402_length_848_cov_16.109479	309	389	6	48	80	0.6000000
NODE_10402_length_848_cov_16.109479	309	389	8	9	80	0.1125000
NODE_10402_length_848_cov_16.109479	385	465	0	80	80	1.0000000
NODE_10402_length_848_cov_16.109479	438	518	0	80	80	1.0000000
NODE_10403_length_848_cov_15.919893	492	568	2	76	76	1.0000000
NODE_10403_length_848_cov_15.919893	541	621	0	50	80	0.6250000
NODE_10403_length_848_cov_15.919893	541	621	2	30	80	0.3750000
NODE_10404_length_848_cov_13.979973	269	349	4	11	80	0.1375000
NODE_10404_length_848_cov_13.979973	269	349	6	7	80	0.0875000
NODE_10404_length_848_cov_13.979973	269	349	8	62	80	0.7750000
NODE_10404_length_848_cov_13.979973	322	402	0	24	80	0.3000000
NODE_10404_length_848_cov_13.979973	322	402	2	5	80	0.0625000
NODE_10404_length_848_cov_13.979973	322	402	4	7	80	0.0875000
NODE_10404_length_848_cov_13.979973	322	402	8	44	80	0.5500000
NODE_10405_length_848_cov_13.073431	343	423	2	11	80	0.1375000
NODE_10405_length_848_cov_13.073431	343	423	4	18	80	0.2250000
NODE_10405_length_848_cov_13.073431	343	423	6	10	80	0.1250000
NODE_10405_length_848_cov_13.073431	343	423	8	41	80	0.5125000
NODE_10405_length_848_cov_13.073431	396	476	4	32	80	0.4000000
NODE_10405_length_848_cov_13.073431	396	476	6	31	80	0.3875000
NODE_10405_length_848_cov_13.073431	396	476	8	17	80	0.2125000
NODE_10406_length_848_cov_8.523364	232	312	2	80	80	1.0000000
NODE_10406_length_848_cov_8.523364	285	365	0	40	80	0.5000000
NODE_10406_length_848_cov_8.523364	285	365	2	27	80	0.3375000
NODE_10406_length_848_cov_8.523364	285	365	4	13	80	0.1625000
NODE_10406_length_848_cov_8.523364	361	441	4	80	80	1.0000000
NODE_10406_length_848_cov_8.523364	414	494	4	47	80	0.5875000
NODE_10406_length_848_cov_8.523364	414	494	6	20	80	0.2500000
NODE_10406_length_848_cov_8.523364	414	494	10	13	80	0.1625000
NODE_10408_length_848_cov_5.903872	251	331	0	21	80	0.2625000
NODE_10408_length_848_cov_5.903872	251	331	4	59	80	0.7375000
NODE_10408_length_848_cov_5.903872	304	383	0	16	79	0.2025317
NODE_10408_length_848_cov_5.903872	304	383	4	63	79	0.7974684
NODE_10409_length_848_cov_5.236315	378	458	0	80	80	1.0000000
NODE_10409_length_848_cov_5.236315	431	507	0	30	76	0.3947369
NODE_10409_length_848_cov_5.236315	431	507	4	46	76	0.6052632
NODE_10424_length_847_cov_56.417112	576	656	34	15	80	0.1875000
NODE_10424_length_847_cov_56.417112	576	656	36	18	80	0.2250000
NODE_10424_length_847_cov_56.417112	576	656	38	4	80	0.0500000
NODE_10424_length_847_cov_56.417112	576	656	40	9	80	0.1125000
NODE_10424_length_847_cov_56.417112	576	656	44	1	80	0.0125000
NODE_10424_length_847_cov_56.417112	576	656	50	15	80	0.1875000
NODE_10424_length_847_cov_56.417112	576	656	51	18	80	0.2250000
NODE_10424_length_847_cov_56.417112	629	709	18	8	80	0.1000000
NODE_10424_length_847_cov_56.417112	629	709	20	2	80	0.0250000
NODE_10424_length_847_cov_56.417112	629	709	22	1	80	0.0125000
NODE_10424_length_847_cov_56.417112	629	709	30	4	80	0.0500000
NODE_10424_length_847_cov_56.417112	629	709	37	9	80	0.1125000
NODE_10424_length_847_cov_56.417112	629	709	42	6	80	0.0750000
NODE_10424_length_847_cov_56.417112	629	709	45	5	80	0.0625000
NODE_10424_length_847_cov_56.417112	629	709	50	9	80	0.1125000
NODE_10424_length_847_cov_56.417112	629	709	51	36	80	0.4500000
NODE_10425_length_847_cov_27.292781	390	470	0	2	80	0.0250000
NODE_10425_length_847_cov_27.292781	390	470	2	2	80	0.0250000
NODE_10425_length_847_cov_27.292781	390	470	4	23	80	0.2875000
NODE_10425_length_847_cov_27.292781	390	470	6	53	80	0.6625000
NODE_10425_length_847_cov_27.292781	443	523	2	16	80	0.2000000
NODE_10425_length_847_cov_27.292781	443	523	4	19	80	0.2375000
NODE_10425_length_847_cov_27.292781	443	523	6	45	80	0.5625000
NODE_10426_length_847_cov_24.954545	342	422	1	4	80	0.0500000
NODE_10426_length_847_cov_24.954545	342	422	5	44	80	0.5500000
NODE_10426_length_847_cov_24.954545	342	422	6	32	80	0.4000000
NODE_10426_length_847_cov_24.954545	395	475	2	41	80	0.5125000
NODE_10426_length_847_cov_24.954545	395	475	6	39	80	0.4875000
NODE_10427_length_847_cov_20.310160	341	421	0	7	80	0.0875000
NODE_10427_length_847_cov_20.310160	341	421	2	73	80	0.9125000
NODE_10427_length_847_cov_20.310160	394	474	0	60	80	0.7500000
NODE_10427_length_847_cov_20.310160	394	474	2	20	80	0.2500000
NODE_10428_length_847_cov_19.002674	368	448	0	23	80	0.2875000
NODE_10428_length_847_cov_19.002674	368	448	2	8	80	0.1000000
NODE_10428_length_847_cov_19.002674	368	448	6	49	80	0.6125000
NODE_10428_length_847_cov_19.002674	421	501	4	26	80	0.3250000
NODE_10428_length_847_cov_19.002674	421	501	6	54	80	0.6750000
NODE_10429_length_847_cov_16.879679	218	298	6	7	80	0.0875000
NODE_10429_length_847_cov_16.879679	218	298	12	73	80	0.9125000
NODE_10429_length_847_cov_16.879679	271	351	6	14	80	0.1750000
NODE_10429_length_847_cov_16.879679	271	351	8	2	80	0.0250000
NODE_10429_length_847_cov_16.879679	271	351	10	3	80	0.0375000
NODE_10429_length_847_cov_16.879679	271	351	12	61	80	0.7625000
NODE_10431_length_847_cov_11.784759	298	378	0	80	80	1.0000000
NODE_10431_length_847_cov_11.784759	351	431	0	80	80	1.0000000
NODE_10431_length_847_cov_11.784759	427	507	0	32	80	0.4000000
NODE_10431_length_847_cov_11.784759	427	507	2	19	80	0.2375000
NODE_10431_length_847_cov_11.784759	427	507	4	29	80	0.3625000
NODE_10431_length_847_cov_11.784759	480	560	4	80	80	1.0000000
NODE_10432_length_847_cov_11.604278	407	487	0	80	80	1.0000000
NODE_10432_length_847_cov_11.604278	460	540	0	80	80	1.0000000
NODE_10433_length_847_cov_10.221925	395	475	0	80	80	1.0000000
NODE_10433_length_847_cov_10.221925	448	528	0	80	80	1.0000000
NODE_10434_length_847_cov_4.602941	97	154	2	8	57	0.1403509
NODE_10434_length_847_cov_4.602941	97	154	4	7	57	0.1228070
NODE_10434_length_847_cov_4.602941	97	154	6	42	57	0.7368421
NODE_10434_length_847_cov_4.602941	127	207	0	18	80	0.2250000
NODE_10434_length_847_cov_4.602941	127	207	2	28	80	0.3500000
NODE_10434_length_847_cov_4.602941	127	207	4	14	80	0.1750000
NODE_10434_length_847_cov_4.602941	127	207	6	20	80	0.2500000
NODE_10456_length_846_cov_39.476573	336	416	2	7	80	0.0875000
NODE_10456_length_846_cov_39.476573	336	416	4	25	80	0.3125000
NODE_10456_length_846_cov_39.476573	336	416	6	48	80	0.6000000
NODE_10456_length_846_cov_39.476573	389	469	2	12	80	0.1500000
NODE_10456_length_846_cov_39.476573	389	469	4	13	80	0.1625000
NODE_10456_length_846_cov_39.476573	389	469	6	55	80	0.6875000
NODE_10456_length_846_cov_39.476573	465	545	2	16	80	0.2000000
NODE_10456_length_846_cov_39.476573	465	545	4	6	80	0.0750000
NODE_10456_length_846_cov_39.476573	465	545	6	58	80	0.7250000
NODE_10456_length_846_cov_39.476573	518	598	2	13	80	0.1625000
NODE_10456_length_846_cov_39.476573	518	598	4	6	80	0.0750000
NODE_10456_length_846_cov_39.476573	518	598	6	61	80	0.7625000
NODE_10457_length_846_cov_37.297189	312	392	4	2	80	0.0250000
NODE_10457_length_846_cov_37.297189	312	392	20	25	80	0.3125000
NODE_10457_length_846_cov_37.297189	312	392	21	1	80	0.0125000
NODE_10457_length_846_cov_37.297189	312	392	22	52	80	0.6500000
NODE_10457_length_846_cov_37.297189	365	445	17	51	80	0.6375000
NODE_10457_length_846_cov_37.297189	365	445	20	27	80	0.3375000
NODE_10457_length_846_cov_37.297189	365	445	21	1	80	0.0125000
NODE_10457_length_846_cov_37.297189	365	445	22	1	80	0.0125000
NODE_10458_length_846_cov_32.852744	279	359	0	32	80	0.4000000
NODE_10458_length_846_cov_32.852744	279	359	2	16	80	0.2000000
NODE_10458_length_846_cov_32.852744	279	359	4	32	80	0.4000000
NODE_10458_length_846_cov_32.852744	332	412	0	7	80	0.0875000
NODE_10458_length_846_cov_32.852744	332	412	2	6	80	0.0750000
NODE_10458_length_846_cov_32.852744	332	412	4	67	80	0.8375000
NODE_10459_length_846_cov_31.717537	290	370	6	3	80	0.0375000
NODE_10459_length_846_cov_31.717537	290	370	10	10	80	0.1250000
NODE_10459_length_846_cov_31.717537	290	370	13	2	80	0.0250000
NODE_10459_length_846_cov_31.717537	290	370	14	65	80	0.8125000
NODE_10459_length_846_cov_31.717537	343	423	0	4	80	0.0500000
NODE_10459_length_846_cov_31.717537	343	423	3	18	80	0.2250000
NODE_10459_length_846_cov_31.717537	343	423	6	34	80	0.4250000
NODE_10459_length_846_cov_31.717537	343	423	10	10	80	0.1250000
NODE_10459_length_846_cov_31.717537	343	423	13	2	80	0.0250000
NODE_10459_length_846_cov_31.717537	343	423	14	12	80	0.1500000
NODE_10460_length_846_cov_24.380187	350	430	0	57	80	0.7125000
NODE_10460_length_846_cov_24.380187	350	430	2	23	80	0.2875000
NODE_10460_length_846_cov_24.380187	403	483	0	4	80	0.0500000
NODE_10460_length_846_cov_24.380187	403	483	2	76	80	0.9500000
NODE_10461_length_846_cov_16.155288	364	444	5	37	80	0.4625000
NODE_10461_length_846_cov_16.155288	364	444	6	43	80	0.5375000
NODE_10461_length_846_cov_16.155288	417	497	0	30	80	0.3750000
NODE_10461_length_846_cov_16.155288	417	497	2	22	80	0.2750000
NODE_10461_length_846_cov_16.155288	417	497	4	1	80	0.0125000
NODE_10461_length_846_cov_16.155288	417	497	5	27	80	0.3375000
NODE_10462_length_846_cov_15.917001	398	478	0	18	80	0.2250000
NODE_10462_length_846_cov_15.917001	398	478	2	62	80	0.7750000
NODE_10462_length_846_cov_15.917001	451	531	0	71	80	0.8875000
NODE_10462_length_846_cov_15.917001	451	531	2	9	80	0.1125000
NODE_10463_length_846_cov_15.275770	355	435	0	80	80	1.0000000
NODE_10463_length_846_cov_15.275770	408	488	0	80	80	1.0000000
NODE_10464_length_846_cov_13.618474	216	296	2	38	80	0.4750000
NODE_10464_length_846_cov_13.618474	216	296	4	42	80	0.5250000
NODE_10464_length_846_cov_13.618474	269	349	2	48	80	0.6000000
NODE_10464_length_846_cov_13.618474	269	349	4	6	80	0.0750000
NODE_10464_length_846_cov_13.618474	269	349	6	11	80	0.1375000
NODE_10464_length_846_cov_13.618474	269	349	7	1	80	0.0125000
NODE_10464_length_846_cov_13.618474	269	349	8	14	80	0.1750000
NODE_10464_length_846_cov_13.618474	345	425	8	18	80	0.2250000
NODE_10464_length_846_cov_13.618474	345	425	10	62	80	0.7750000
NODE_10464_length_846_cov_13.618474	398	478	0	25	80	0.3125000
NODE_10464_length_846_cov_13.618474	398	478	5	1	80	0.0125000
NODE_10464_length_846_cov_13.618474	398	478	6	11	80	0.1375000
NODE_10464_length_846_cov_13.618474	398	478	8	25	80	0.3125000
NODE_10464_length_846_cov_13.618474	398	478	10	18	80	0.2250000
NODE_10465_length_846_cov_12.878179	425	505	4	18	80	0.2250000
NODE_10465_length_846_cov_12.878179	425	505	9	16	80	0.2000000
NODE_10465_length_846_cov_12.878179	425	505	10	46	80	0.5750000
NODE_10465_length_846_cov_12.878179	478	558	5	52	80	0.6500000
NODE_10465_length_846_cov_12.878179	478	558	9	17	80	0.2125000
NODE_10465_length_846_cov_12.878179	478	558	10	11	80	0.1375000
NODE_10467_length_846_cov_7.232932	407	487	2	80	80	1.0000000
NODE_10467_length_846_cov_7.232932	460	540	0	37	80	0.4625000
NODE_10467_length_846_cov_7.232932	460	540	2	43	80	0.5375000
NODE_10468_length_846_cov_6.776439	320	400	0	31	80	0.3875000
NODE_10468_length_846_cov_6.776439	320	400	1	11	80	0.1375000
NODE_10468_length_846_cov_6.776439	320	400	2	38	80	0.4750000
NODE_10468_length_846_cov_6.776439	373	453	2	80	80	1.0000000
NODE_10472_length_846_cov_3.025435	190	270	0	61	80	0.7625000
NODE_10472_length_846_cov_3.025435	190	270	2	19	80	0.2375000
NODE_10472_length_846_cov_3.025435	243	323	0	80	80	1.0000000
NODE_10488_length_845_cov_34.458445	213	293	0	30	80	0.3750000
NODE_10488_length_845_cov_34.458445	213	293	15	1	80	0.0125000
NODE_10488_length_845_cov_34.458445	213	293	17	1	80	0.0125000
NODE_10488_length_845_cov_34.458445	213	293	18	13	80	0.1625000
NODE_10488_length_845_cov_34.458445	213	293	22	16	80	0.2000000
NODE_10488_length_845_cov_34.458445	213	293	24	19	80	0.2375000
NODE_10488_length_845_cov_34.458445	266	346	22	8	80	0.1000000
NODE_10488_length_845_cov_34.458445	266	346	24	72	80	0.9000000
NODE_10489_length_845_cov_33.025469	309	389	0	80	80	1.0000000
NODE_10489_length_845_cov_33.025469	362	442	0	80	80	1.0000000
NODE_10490_length_845_cov_30.331099	288	368	5	7	80	0.0875000
NODE_10490_length_845_cov_30.331099	288	368	9	10	80	0.1250000
NODE_10490_length_845_cov_30.331099	288	368	10	6	80	0.0750000
NODE_10490_length_845_cov_30.331099	288	368	22	52	80	0.6500000
NODE_10490_length_845_cov_30.331099	288	368	24	5	80	0.0625000
NODE_10490_length_845_cov_30.331099	341	421	22	22	80	0.2750000
NODE_10490_length_845_cov_30.331099	341	421	23	31	80	0.3875000
NODE_10490_length_845_cov_30.331099	341	421	24	27	80	0.3375000
NODE_10491_length_845_cov_22.042895	455	535	36	9	80	0.1125000
NODE_10491_length_845_cov_22.042895	455	535	41	1	80	0.0125000
NODE_10491_length_845_cov_22.042895	455	535	42	15	80	0.1875000
NODE_10491_length_845_cov_22.042895	455	535	43	10	80	0.1250000
NODE_10491_length_845_cov_22.042895	455	535	44	5	80	0.0625000
NODE_10491_length_845_cov_22.042895	455	535	45	10	80	0.1250000
NODE_10491_length_845_cov_22.042895	455	535	46	3	80	0.0375000
NODE_10491_length_845_cov_22.042895	455	535	47	27	80	0.3375000
NODE_10491_length_845_cov_22.042895	508	588	8	19	80	0.2375000
NODE_10491_length_845_cov_22.042895	508	588	14	1	80	0.0125000
NODE_10491_length_845_cov_22.042895	508	588	16	26	80	0.3250000
NODE_10491_length_845_cov_22.042895	508	588	36	10	80	0.1250000
NODE_10491_length_845_cov_22.042895	508	588	42	6	80	0.0750000
NODE_10491_length_845_cov_22.042895	508	588	44	1	80	0.0125000
NODE_10491_length_845_cov_22.042895	508	588	46	1	80	0.0125000
NODE_10491_length_845_cov_22.042895	508	588	47	16	80	0.2000000
NODE_10492_length_845_cov_20.662198	325	406	0	27	81	0.3333333
NODE_10492_length_845_cov_20.662198	325	406	1	8	81	0.0987654
NODE_10492_length_845_cov_20.662198	325	406	2	42	81	0.5185185
NODE_10492_length_845_cov_20.662198	325	406	9	4	81	0.0493827
NODE_10492_length_845_cov_20.662198	379	459	2	23	80	0.2875000
NODE_10492_length_845_cov_20.662198	379	459	9	18	80	0.2250000
NODE_10492_length_845_cov_20.662198	379	459	10	12	80	0.1500000
NODE_10492_length_845_cov_20.662198	379	459	11	21	80	0.2625000
NODE_10492_length_845_cov_20.662198	379	459	12	6	80	0.0750000
NODE_10493_length_845_cov_17.214477	352	432	0	19	80	0.2375000
NODE_10493_length_845_cov_17.214477	352	432	2	50	80	0.6250000
NODE_10493_length_845_cov_17.214477	352	432	4	11	80	0.1375000
NODE_10493_length_845_cov_17.214477	405	485	2	45	80	0.5625000
NODE_10493_length_845_cov_17.214477	405	485	4	35	80	0.4375000
NODE_10494_length_845_cov_15.805630	409	489	0	80	80	1.0000000
NODE_10494_length_845_cov_15.805630	462	542	0	80	80	1.0000000
NODE_10495_length_845_cov_13.443700	329	409	2	12	80	0.1500000
NODE_10495_length_845_cov_13.443700	329	409	4	32	80	0.4000000
NODE_10495_length_845_cov_13.443700	329	409	6	36	80	0.4500000
NODE_10495_length_845_cov_13.443700	382	462	2	65	80	0.8125000
NODE_10495_length_845_cov_13.443700	382	462	6	15	80	0.1875000
NODE_10496_length_845_cov_12.301609	334	414	2	6	80	0.0750000
NODE_10496_length_845_cov_12.301609	334	414	6	30	80	0.3750000
NODE_10496_length_845_cov_12.301609	334	414	8	44	80	0.5500000
NODE_10496_length_845_cov_12.301609	387	467	0	20	80	0.2500000
NODE_10496_length_845_cov_12.301609	387	467	6	60	80	0.7500000
NODE_10497_length_845_cov_11.836461	389	469	2	80	80	1.0000000
NODE_10497_length_845_cov_11.836461	442	522	0	39	80	0.4875000
NODE_10497_length_845_cov_11.836461	442	522	2	41	80	0.5125000
NODE_10499_length_845_cov_8.140751	439	519	0	27	80	0.3375000
NODE_10499_length_845_cov_8.140751	439	519	3	8	80	0.1000000
NODE_10499_length_845_cov_8.140751	439	519	4	9	80	0.1125000
NODE_10499_length_845_cov_8.140751	439	519	6	36	80	0.4500000
NODE_10499_length_845_cov_8.140751	492	572	6	80	80	1.0000000
NODE_10516_length_845_cov_1.680965	447	491	0	17	44	0.3863636
NODE_10516_length_845_cov_1.680965	447	491	2	27	44	0.6136364
NODE_10528_length_844_cov_43.778523	313	393	0	15	80	0.1875000
NODE_10528_length_844_cov_43.778523	313	393	2	9	80	0.1125000
NODE_10528_length_844_cov_43.778523	313	393	5	2	80	0.0250000
NODE_10528_length_844_cov_43.778523	313	393	6	54	80	0.6750000
NODE_10528_length_844_cov_43.778523	366	446	0	48	80	0.6000000
NODE_10528_length_844_cov_43.778523	366	446	2	29	80	0.3625000
NODE_10528_length_844_cov_43.778523	366	446	5	2	80	0.0250000
NODE_10528_length_844_cov_43.778523	366	446	6	1	80	0.0125000
NODE_10528_length_844_cov_43.778523	442	522	2	27	80	0.3375000
NODE_10528_length_844_cov_43.778523	442	522	4	5	80	0.0625000
NODE_10528_length_844_cov_43.778523	442	522	6	48	80	0.6000000
NODE_10528_length_844_cov_43.778523	495	575	4	19	80	0.2375000
NODE_10528_length_844_cov_43.778523	495	575	6	61	80	0.7625000
NODE_10529_length_844_cov_36.762416	381	461	0	68	80	0.8500000
NODE_10529_length_844_cov_36.762416	381	461	1	4	80	0.0500000
NODE_10529_length_844_cov_36.762416	381	461	2	8	80	0.1000000
NODE_10529_length_844_cov_36.762416	434	514	0	15	80	0.1875000
NODE_10529_length_844_cov_36.762416	434	514	1	4	80	0.0500000
NODE_10529_length_844_cov_36.762416	434	514	2	61	80	0.7625000
NODE_10529_length_844_cov_36.762416	510	590	2	80	80	1.0000000
NODE_10529_length_844_cov_36.762416	563	644	0	38	81	0.4691358
NODE_10529_length_844_cov_36.762416	563	644	1	4	81	0.0493827
NODE_10529_length_844_cov_36.762416	563	644	2	39	81	0.4814815
NODE_10530_length_844_cov_35.765101	424	504	2	14	80	0.1750000
NODE_10530_length_844_cov_35.765101	424	504	6	1	80	0.0125000
NODE_10530_length_844_cov_35.765101	424	504	8	37	80	0.4625000
NODE_10530_length_844_cov_35.765101	424	504	10	28	80	0.3500000
NODE_10530_length_844_cov_35.765101	477	557	0	13	80	0.1625000
NODE_10530_length_844_cov_35.765101	477	557	2	16	80	0.2000000
NODE_10530_length_844_cov_35.765101	477	557	4	2	80	0.0250000
NODE_10530_length_844_cov_35.765101	477	557	8	49	80	0.6125000
NODE_10531_length_844_cov_18.445638	353	420	4	28	67	0.4179105
NODE_10531_length_844_cov_18.445638	353	420	5	28	67	0.4179105
NODE_10531_length_844_cov_18.445638	353	420	6	11	67	0.1641791
NODE_10531_length_844_cov_18.445638	393	473	2	27	80	0.3375000
NODE_10531_length_844_cov_18.445638	393	473	5	16	80	0.2000000
NODE_10531_length_844_cov_18.445638	393	473	6	37	80	0.4625000
NODE_10532_length_844_cov_12.616107	363	443	4	22	80	0.2750000
NODE_10532_length_844_cov_12.616107	363	443	8	58	80	0.7250000
NODE_10532_length_844_cov_12.616107	416	496	4	49	80	0.6125000
NODE_10532_length_844_cov_12.616107	416	496	8	31	80	0.3875000
NODE_10533_length_844_cov_12.092617	171	251	0	15	80	0.1875000
NODE_10533_length_844_cov_12.092617	171	251	4	60	80	0.7500000
NODE_10533_length_844_cov_12.092617	171	251	8	5	80	0.0625000
NODE_10533_length_844_cov_12.092617	224	304	4	22	80	0.2750000
NODE_10533_length_844_cov_12.092617	224	304	8	58	80	0.7250000
NODE_10534_length_844_cov_11.883221	341	421	0	16	80	0.2000000
NODE_10534_length_844_cov_11.883221	341	421	2	33	80	0.4125000
NODE_10534_length_844_cov_11.883221	341	421	4	31	80	0.3875000
NODE_10534_length_844_cov_11.883221	394	474	0	69	80	0.8625000
NODE_10534_length_844_cov_11.883221	394	474	2	11	80	0.1375000
NODE_10535_length_844_cov_10.571812	390	448	0	19	58	0.3275862
NODE_10535_length_844_cov_10.571812	390	448	1	20	58	0.3448276
NODE_10535_length_844_cov_10.571812	390	448	2	19	58	0.3275862
NODE_10537_length_844_cov_9.357047	370	450	0	80	80	1.0000000
NODE_10537_length_844_cov_9.357047	423	503	0	80	80	1.0000000
NODE_10538_length_844_cov_8.975839	355	435	0	80	80	1.0000000
NODE_10538_length_844_cov_8.975839	408	488	0	80	80	1.0000000
NODE_10539_length_844_cov_7.347651	357	438	8	53	81	0.6543210
NODE_10539_length_844_cov_7.347651	357	438	12	28	81	0.3456790
NODE_10539_length_844_cov_7.347651	410	491	4	24	81	0.2962963
NODE_10539_length_844_cov_7.347651	410	491	11	1	81	0.0123457
NODE_10539_length_844_cov_7.347651	410	491	12	56	81	0.6913580
NODE_10540_length_844_cov_6.975839	444	524	0	45	80	0.5625000
NODE_10540_length_844_cov_6.975839	444	524	2	35	80	0.4375000
NODE_10540_length_844_cov_6.975839	497	577	2	80	80	1.0000000
NODE_10567_length_843_cov_48.258065	203	262	81	3	59	0.0508475
NODE_10567_length_843_cov_48.258065	203	262	82	4	59	0.0677966
NODE_10567_length_843_cov_48.258065	203	262	83	3	59	0.0508475
NODE_10567_length_843_cov_48.258065	203	262	86	3	59	0.0508475
NODE_10567_length_843_cov_48.258065	203	262	88	13	59	0.2203390
NODE_10567_length_843_cov_48.258065	203	262	89	2	59	0.0338983
NODE_10567_length_843_cov_48.258065	203	262	91	6	59	0.1016949
NODE_10567_length_843_cov_48.258065	203	262	93	13	59	0.2203390
NODE_10567_length_843_cov_48.258065	203	262	94	1	59	0.0169492
NODE_10567_length_843_cov_48.258065	203	262	95	9	59	0.1525424
NODE_10567_length_843_cov_48.258065	203	262	97	2	59	0.0338983
NODE_10568_length_843_cov_31.279570	351	431	0	11	80	0.1375000
NODE_10568_length_843_cov_31.279570	351	431	4	15	80	0.1875000
NODE_10568_length_843_cov_31.279570	351	431	6	54	80	0.6750000
NODE_10568_length_843_cov_31.279570	404	484	0	23	80	0.2875000
NODE_10568_length_843_cov_31.279570	404	484	2	41	80	0.5125000
NODE_10568_length_843_cov_31.279570	404	484	4	15	80	0.1875000
NODE_10568_length_843_cov_31.279570	404	484	6	1	80	0.0125000
NODE_10569_length_843_cov_27.060484	423	503	2	40	80	0.5000000
NODE_10569_length_843_cov_27.060484	423	503	4	18	80	0.2250000
NODE_10569_length_843_cov_27.060484	423	503	8	22	80	0.2750000
NODE_10569_length_843_cov_27.060484	476	556	4	10	80	0.1250000
NODE_10569_length_843_cov_27.060484	476	556	6	46	80	0.5750000
NODE_10569_length_843_cov_27.060484	476	556	8	24	80	0.3000000
NODE_10570_length_843_cov_22.725806	334	414	0	67	80	0.8375000
NODE_10570_length_843_cov_22.725806	334	414	1	13	80	0.1625000
NODE_10570_length_843_cov_22.725806	339	396	0	57	57	1.0000000
NODE_10570_length_843_cov_22.725806	356	427	0	45	71	0.6338028
NODE_10570_length_843_cov_22.725806	356	427	1	26	71	0.3661972
NODE_10570_length_843_cov_22.725806	387	455	0	14	68	0.2058824
NODE_10570_length_843_cov_22.725806	387	455	1	43	68	0.6323529
NODE_10570_length_843_cov_22.725806	387	455	2	11	68	0.1617647
NODE_10570_length_843_cov_22.725806	401	476	1	43	75	0.5733333
NODE_10570_length_843_cov_22.725806	401	476	2	25	75	0.3333333
NODE_10570_length_843_cov_22.725806	401	476	4	7	75	0.0933333
NODE_10570_length_843_cov_22.725806	418	486	1	26	68	0.3823529
NODE_10570_length_843_cov_22.725806	418	486	2	25	68	0.3676471
NODE_10570_length_843_cov_22.725806	418	486	4	17	68	0.2500000
NODE_10570_length_843_cov_22.725806	449	529	2	20	80	0.2500000
NODE_10570_length_843_cov_22.725806	449	529	4	58	80	0.7250000
NODE_10570_length_843_cov_22.725806	449	529	6	2	80	0.0250000
NODE_10571_length_843_cov_22.387097	412	492	10	16	80	0.2000000
NODE_10571_length_843_cov_22.387097	412	492	12	26	80	0.3250000
NODE_10571_length_843_cov_22.387097	412	492	14	38	80	0.4750000
NODE_10571_length_843_cov_22.387097	465	545	6	4	80	0.0500000
NODE_10571_length_843_cov_22.387097	465	545	9	24	80	0.3000000
NODE_10571_length_843_cov_22.387097	465	545	11	7	80	0.0875000
NODE_10571_length_843_cov_22.387097	465	545	12	44	80	0.5500000
NODE_10571_length_843_cov_22.387097	465	545	14	1	80	0.0125000
NODE_10572_length_843_cov_16.326613	551	631	2	80	80	1.0000000
NODE_10572_length_843_cov_16.326613	604	684	0	53	80	0.6625000
NODE_10572_length_843_cov_16.326613	604	684	2	27	80	0.3375000
NODE_10573_length_843_cov_13.478495	381	461	0	80	80	1.0000000
NODE_10573_length_843_cov_13.478495	434	514	0	28	80	0.3500000
NODE_10573_length_843_cov_13.478495	434	514	2	52	80	0.6500000
NODE_10574_length_843_cov_13.150538	448	528	0	80	80	1.0000000
NODE_10574_length_843_cov_13.150538	501	581	0	80	80	1.0000000
NODE_10575_length_843_cov_12.510753	360	440	2	16	80	0.2000000
NODE_10575_length_843_cov_12.510753	360	440	4	23	80	0.2875000
NODE_10575_length_843_cov_12.510753	360	440	6	41	80	0.5125000
NODE_10575_length_843_cov_12.510753	413	493	0	36	80	0.4500000
NODE_10575_length_843_cov_12.510753	413	493	2	33	80	0.4125000
NODE_10575_length_843_cov_12.510753	413	493	6	11	80	0.1375000
NODE_10576_length_843_cov_11.090054	457	537	6	34	80	0.4250000
NODE_10576_length_843_cov_11.090054	457	537	8	46	80	0.5750000
NODE_10576_length_843_cov_11.090054	510	590	0	24	80	0.3000000
NODE_10576_length_843_cov_11.090054	510	590	6	56	80	0.7000000
NODE_10577_length_843_cov_7.672043	472	552	0	22	80	0.2750000
NODE_10577_length_843_cov_7.672043	472	552	2	58	80	0.7250000
NODE_10577_length_843_cov_7.672043	525	605	0	6	80	0.0750000
NODE_10577_length_843_cov_7.672043	525	605	2	74	80	0.9250000
NODE_10601_length_842_cov_39.518170	390	470	4	16	80	0.2000000
NODE_10601_length_842_cov_39.518170	390	470	6	47	80	0.5875000
NODE_10601_length_842_cov_39.518170	390	470	8	3	80	0.0375000
NODE_10601_length_842_cov_39.518170	390	470	10	14	80	0.1750000
NODE_10601_length_842_cov_39.518170	443	523	6	65	80	0.8125000
NODE_10601_length_842_cov_39.518170	443	523	8	3	80	0.0375000
NODE_10601_length_842_cov_39.518170	443	523	10	12	80	0.1500000
NODE_10602_length_842_cov_21.567968	331	411	0	72	80	0.9000000
NODE_10602_length_842_cov_21.567968	331	411	6	8	80	0.1000000
NODE_10602_length_842_cov_21.567968	384	464	0	19	80	0.2375000
NODE_10602_length_842_cov_21.567968	384	464	6	61	80	0.7625000
NODE_10603_length_842_cov_19.761777	228	308	0	80	80	1.0000000
NODE_10603_length_842_cov_19.761777	281	361	0	30	80	0.3750000
NODE_10603_length_842_cov_19.761777	281	361	2	50	80	0.6250000
NODE_10605_length_842_cov_8.703903	641	722	0	81	81	1.0000000
NODE_10608_length_842_cov_5.305518	287	367	0	80	80	1.0000000
NODE_10608_length_842_cov_5.305518	340	420	0	80	80	1.0000000
NODE_10617_length_842_cov_1.751009	35	66	0	31	31	1.0000000
NODE_10622_length_841_cov_23.815364	292	372	0	8	80	0.1000000
NODE_10622_length_841_cov_23.815364	292	372	2	39	80	0.4875000
NODE_10622_length_841_cov_23.815364	292	372	4	7	80	0.0875000
NODE_10622_length_841_cov_23.815364	292	372	8	26	80	0.3250000
NODE_10622_length_841_cov_23.815364	345	425	4	1	80	0.0125000
NODE_10622_length_841_cov_23.815364	345	425	6	39	80	0.4875000
NODE_10622_length_841_cov_23.815364	345	425	8	40	80	0.5000000
NODE_10623_length_841_cov_18.871968	338	418	0	68	80	0.8500000
NODE_10623_length_841_cov_18.871968	338	418	2	12	80	0.1500000
NODE_10623_length_841_cov_18.871968	391	471	0	15	80	0.1875000
NODE_10623_length_841_cov_18.871968	391	471	2	65	80	0.8125000
NODE_10624_length_841_cov_14.663073	345	425	4	3	80	0.0375000
NODE_10624_length_841_cov_14.663073	345	425	6	5	80	0.0625000
NODE_10624_length_841_cov_14.663073	345	425	7	1	80	0.0125000
NODE_10624_length_841_cov_14.663073	345	425	8	71	80	0.8875000
NODE_10624_length_841_cov_14.663073	398	478	0	39	80	0.4875000
NODE_10624_length_841_cov_14.663073	398	478	4	17	80	0.2125000
NODE_10624_length_841_cov_14.663073	398	478	6	5	80	0.0625000
NODE_10624_length_841_cov_14.663073	398	478	7	1	80	0.0125000
NODE_10624_length_841_cov_14.663073	398	478	8	18	80	0.2250000
NODE_10625_length_841_cov_14.149596	341	421	0	23	80	0.2875000
NODE_10625_length_841_cov_14.149596	341	421	2	9	80	0.1125000
NODE_10625_length_841_cov_14.149596	341	421	4	48	80	0.6000000
NODE_10625_length_841_cov_14.149596	394	474	0	6	80	0.0750000
NODE_10625_length_841_cov_14.149596	394	474	2	27	80	0.3375000
NODE_10625_length_841_cov_14.149596	394	474	4	47	80	0.5875000
NODE_10626_length_841_cov_12.452830	240	320	0	39	80	0.4875000
NODE_10626_length_841_cov_12.452830	240	320	2	7	80	0.0875000
NODE_10626_length_841_cov_12.452830	240	320	4	1	80	0.0125000
NODE_10626_length_841_cov_12.452830	240	320	5	18	80	0.2250000
NODE_10626_length_841_cov_12.452830	240	320	7	15	80	0.1875000
NODE_10626_length_841_cov_12.452830	293	373	5	12	80	0.1500000
NODE_10626_length_841_cov_12.452830	293	373	7	22	80	0.2750000
NODE_10626_length_841_cov_12.452830	293	373	9	46	80	0.5750000
NODE_10628_length_841_cov_9.925876	394	474	2	13	80	0.1625000
NODE_10628_length_841_cov_9.925876	394	474	4	17	80	0.2125000
NODE_10628_length_841_cov_9.925876	394	474	6	50	80	0.6250000
NODE_10628_length_841_cov_9.925876	447	527	0	8	80	0.1000000
NODE_10628_length_841_cov_9.925876	447	527	2	20	80	0.2500000
NODE_10628_length_841_cov_9.925876	447	527	4	36	80	0.4500000
NODE_10628_length_841_cov_9.925876	447	527	6	16	80	0.2000000
NODE_10629_length_841_cov_7.407008	317	397	0	19	80	0.2375000
NODE_10629_length_841_cov_7.407008	317	397	2	61	80	0.7625000
NODE_10629_length_841_cov_7.407008	370	450	0	12	80	0.1500000
NODE_10629_length_841_cov_7.407008	370	450	2	68	80	0.8500000
NODE_10632_length_841_cov_3.865229	305	356	0	51	51	1.0000000
NODE_10651_length_840_cov_63.726046	461	541	2	29	80	0.3625000
NODE_10651_length_840_cov_63.726046	461	541	4	51	80	0.6375000
NODE_10651_length_840_cov_63.726046	514	594	0	37	80	0.4625000
NODE_10651_length_840_cov_63.726046	514	594	2	43	80	0.5375000
NODE_10652_length_840_cov_35.874494	486	566	0	10	80	0.1250000
NODE_10652_length_840_cov_35.874494	486	566	12	1	80	0.0125000
NODE_10652_length_840_cov_35.874494	486	566	13	41	80	0.5125000
NODE_10652_length_840_cov_35.874494	486	566	15	28	80	0.3500000
NODE_10652_length_840_cov_35.874494	539	619	0	4	80	0.0500000
NODE_10652_length_840_cov_35.874494	539	619	13	1	80	0.0125000
NODE_10652_length_840_cov_35.874494	539	619	14	30	80	0.3750000
NODE_10652_length_840_cov_35.874494	539	619	15	35	80	0.4375000
NODE_10652_length_840_cov_35.874494	539	619	16	10	80	0.1250000
NODE_10653_length_840_cov_24.499325	224	304	6	80	80	1.0000000
NODE_10653_length_840_cov_24.499325	277	357	0	28	80	0.3500000
NODE_10653_length_840_cov_24.499325	277	357	2	4	80	0.0500000
NODE_10653_length_840_cov_24.499325	277	357	4	6	80	0.0750000
NODE_10653_length_840_cov_24.499325	277	357	5	1	80	0.0125000
NODE_10653_length_840_cov_24.499325	277	357	6	41	80	0.5125000
NODE_10653_length_840_cov_24.499325	353	433	0	20	80	0.2500000
NODE_10653_length_840_cov_24.499325	353	433	2	60	80	0.7500000
NODE_10653_length_840_cov_24.499325	406	486	0	42	80	0.5250000
NODE_10653_length_840_cov_24.499325	406	486	2	38	80	0.4750000
NODE_10654_length_840_cov_23.272605	309	389	2	45	80	0.5625000
NODE_10654_length_840_cov_23.272605	309	389	4	35	80	0.4375000
NODE_10654_length_840_cov_23.272605	362	442	0	40	80	0.5000000
NODE_10654_length_840_cov_23.272605	362	442	2	26	80	0.3250000
NODE_10654_length_840_cov_23.272605	362	442	4	14	80	0.1750000
NODE_10655_length_840_cov_22.221323	293	373	0	43	80	0.5375000
NODE_10655_length_840_cov_22.221323	293	373	6	28	80	0.3500000
NODE_10655_length_840_cov_22.221323	293	373	8	9	80	0.1125000
NODE_10655_length_840_cov_22.221323	346	426	6	18	80	0.2250000
NODE_10655_length_840_cov_22.221323	346	426	8	62	80	0.7750000
NODE_10656_length_840_cov_17.026991	348	432	0	32	84	0.3809524
NODE_10656_length_840_cov_17.026991	348	432	2	52	84	0.6190476
NODE_10656_length_840_cov_17.026991	405	485	0	80	80	1.0000000
NODE_10657_length_840_cov_16.635628	347	427	2	8	80	0.1000000
NODE_10657_length_840_cov_16.635628	347	427	4	27	80	0.3375000
NODE_10657_length_840_cov_16.635628	347	427	7	1	80	0.0125000
NODE_10657_length_840_cov_16.635628	347	427	8	44	80	0.5500000
NODE_10657_length_840_cov_16.635628	400	480	2	6	80	0.0750000
NODE_10657_length_840_cov_16.635628	400	480	6	39	80	0.4875000
NODE_10657_length_840_cov_16.635628	400	480	8	35	80	0.4375000
NODE_10658_length_840_cov_12.133603	336	416	2	80	80	1.0000000
NODE_10658_length_840_cov_12.133603	389	469	0	19	80	0.2375000
NODE_10658_length_840_cov_12.133603	389	469	2	61	80	0.7625000
NODE_10659_length_840_cov_12.041835	332	412	4	19	80	0.2375000
NODE_10659_length_840_cov_12.041835	332	412	8	16	80	0.2000000
NODE_10659_length_840_cov_12.041835	332	412	10	34	80	0.4250000
NODE_10659_length_840_cov_12.041835	332	412	12	11	80	0.1375000
NODE_10659_length_840_cov_12.041835	385	465	4	21	80	0.2625000
NODE_10659_length_840_cov_12.041835	385	465	6	16	80	0.2000000
NODE_10659_length_840_cov_12.041835	385	465	8	35	80	0.4375000
NODE_10659_length_840_cov_12.041835	385	465	12	8	80	0.1000000
NODE_10660_length_840_cov_10.719298	275	354	0	2	79	0.0253165
NODE_10660_length_840_cov_10.719298	275	354	6	24	79	0.3037975
NODE_10660_length_840_cov_10.719298	275	354	8	53	79	0.6708861
NODE_10660_length_840_cov_10.719298	327	407	2	18	80	0.2250000
NODE_10660_length_840_cov_10.719298	327	407	8	62	80	0.7750000
NODE_10663_length_840_cov_5.207827	427	507	2	53	80	0.6625000
NODE_10663_length_840_cov_5.207827	427	507	4	27	80	0.3375000
NODE_10663_length_840_cov_5.207827	480	560	2	25	80	0.3125000
NODE_10663_length_840_cov_5.207827	480	560	4	55	80	0.6875000
NODE_10683_length_839_cov_274.987838	450	530	45	1	80	0.0125000
NODE_10683_length_839_cov_274.987838	450	530	47	4	80	0.0500000
NODE_10683_length_839_cov_274.987838	450	530	49	2	80	0.0250000
NODE_10683_length_839_cov_274.987838	450	530	51	3	80	0.0375000
NODE_10683_length_839_cov_274.987838	450	530	53	10	80	0.1250000
NODE_10683_length_839_cov_274.987838	450	530	54	1	80	0.0125000
NODE_10683_length_839_cov_274.987838	450	530	55	3	80	0.0375000
NODE_10683_length_839_cov_274.987838	450	530	56	1	80	0.0125000
NODE_10683_length_839_cov_274.987838	450	530	57	10	80	0.1250000
NODE_10683_length_839_cov_274.987838	450	530	58	2	80	0.0250000
NODE_10683_length_839_cov_274.987838	450	530	59	10	80	0.1250000
NODE_10683_length_839_cov_274.987838	450	530	60	5	80	0.0625000
NODE_10683_length_839_cov_274.987838	450	530	61	6	80	0.0750000
NODE_10683_length_839_cov_274.987838	450	530	62	2	80	0.0250000
NODE_10683_length_839_cov_274.987838	450	530	64	3	80	0.0375000
NODE_10683_length_839_cov_274.987838	450	530	69	1	80	0.0125000
NODE_10683_length_839_cov_274.987838	450	530	70	1	80	0.0125000
NODE_10683_length_839_cov_274.987838	450	530	72	2	80	0.0250000
NODE_10683_length_839_cov_274.987838	450	530	76	8	80	0.1000000
NODE_10683_length_839_cov_274.987838	450	530	78	4	80	0.0500000
NODE_10683_length_839_cov_274.987838	450	530	80	1	80	0.0125000
NODE_10683_length_839_cov_274.987838	503	583	57	1	80	0.0125000
NODE_10683_length_839_cov_274.987838	503	583	59	1	80	0.0125000
NODE_10683_length_839_cov_274.987838	503	583	60	5	80	0.0625000
NODE_10683_length_839_cov_274.987838	503	583	62	1	80	0.0125000
NODE_10683_length_839_cov_274.987838	503	583	64	3	80	0.0375000
NODE_10683_length_839_cov_274.987838	503	583	66	2	80	0.0250000
NODE_10683_length_839_cov_274.987838	503	583	67	13	80	0.1625000
NODE_10683_length_839_cov_274.987838	503	583	69	4	80	0.0500000
NODE_10683_length_839_cov_274.987838	503	583	70	1	80	0.0125000
NODE_10683_length_839_cov_274.987838	503	583	72	2	80	0.0250000
NODE_10683_length_839_cov_274.987838	503	583	75	5	80	0.0625000
NODE_10683_length_839_cov_274.987838	503	583	76	8	80	0.1000000
NODE_10683_length_839_cov_274.987838	503	583	77	16	80	0.2000000
NODE_10683_length_839_cov_274.987838	503	583	78	4	80	0.0500000
NODE_10683_length_839_cov_274.987838	503	583	80	4	80	0.0500000
NODE_10683_length_839_cov_274.987838	503	583	82	2	80	0.0250000
NODE_10683_length_839_cov_274.987838	503	583	83	8	80	0.1000000
NODE_10684_length_839_cov_24.500000	303	383	0	80	80	1.0000000
NODE_10684_length_839_cov_24.500000	356	436	0	80	80	1.0000000
NODE_10685_length_839_cov_16.390541	477	557	0	80	80	1.0000000
NODE_10685_length_839_cov_16.390541	530	610	0	80	80	1.0000000
NODE_10686_length_839_cov_10.006757	383	463	0	57	80	0.7125000
NODE_10686_length_839_cov_10.006757	383	463	4	23	80	0.2875000
NODE_10686_length_839_cov_10.006757	436	516	0	80	80	1.0000000
NODE_10688_length_839_cov_7.612162	308	388	0	47	80	0.5875000
NODE_10688_length_839_cov_7.612162	308	388	3	25	80	0.3125000
NODE_10688_length_839_cov_7.612162	308	388	6	8	80	0.1000000
NODE_10688_length_839_cov_7.612162	361	441	3	19	80	0.2375000
NODE_10688_length_839_cov_7.612162	361	441	5	1	80	0.0125000
NODE_10688_length_839_cov_7.612162	361	441	6	60	80	0.7500000
NODE_10689_length_839_cov_6.693243	343	423	10	53	80	0.6625000
NODE_10689_length_839_cov_6.693243	343	423	11	18	80	0.2250000
NODE_10689_length_839_cov_6.693243	343	423	12	9	80	0.1125000
NODE_10706_length_838_cov_39.263870	383	463	10	31	80	0.3875000
NODE_10706_length_838_cov_39.263870	383	463	11	3	80	0.0375000
NODE_10706_length_838_cov_39.263870	383	463	13	22	80	0.2750000
NODE_10706_length_838_cov_39.263870	383	463	14	24	80	0.3000000
NODE_10706_length_838_cov_39.263870	436	516	4	11	80	0.1375000
NODE_10706_length_838_cov_39.263870	436	516	11	45	80	0.5625000
NODE_10706_length_838_cov_39.263870	436	516	13	22	80	0.2750000
NODE_10706_length_838_cov_39.263870	436	516	14	2	80	0.0250000
NODE_10707_length_838_cov_27.843031	473	553	2	67	80	0.8375000
NODE_10707_length_838_cov_27.843031	473	553	3	1	80	0.0125000
NODE_10707_length_838_cov_27.843031	473	553	4	12	80	0.1500000
NODE_10707_length_838_cov_27.843031	526	606	2	20	80	0.2500000
NODE_10707_length_838_cov_27.843031	526	606	3	48	80	0.6000000
NODE_10707_length_838_cov_27.843031	526	606	4	12	80	0.1500000
NODE_10708_length_838_cov_27.238160	432	512	6	9	80	0.1125000
NODE_10708_length_838_cov_27.238160	432	512	8	33	80	0.4125000
NODE_10708_length_838_cov_27.238160	432	512	10	23	80	0.2875000
NODE_10708_length_838_cov_27.238160	432	512	12	15	80	0.1875000
NODE_10708_length_838_cov_27.238160	485	565	1	14	80	0.1750000
NODE_10708_length_838_cov_27.238160	485	565	2	1	80	0.0125000
NODE_10708_length_838_cov_27.238160	485	565	4	6	80	0.0750000
NODE_10708_length_838_cov_27.238160	485	565	6	41	80	0.5125000
NODE_10708_length_838_cov_27.238160	485	565	8	16	80	0.2000000
NODE_10708_length_838_cov_27.238160	485	565	10	2	80	0.0250000
NODE_10709_length_838_cov_22.691475	380	460	2	14	80	0.1750000
NODE_10709_length_838_cov_22.691475	380	460	6	21	80	0.2625000
NODE_10709_length_838_cov_22.691475	380	460	10	45	80	0.5625000
NODE_10709_length_838_cov_22.691475	433	513	0	21	80	0.2625000
NODE_10709_length_838_cov_22.691475	433	513	2	46	80	0.5750000
NODE_10709_length_838_cov_22.691475	433	513	6	13	80	0.1625000
NODE_10710_length_838_cov_16.169147	312	392	0	80	80	1.0000000
NODE_10710_length_838_cov_16.169147	365	445	0	80	80	1.0000000
NODE_10711_length_838_cov_15.753721	328	408	0	80	80	1.0000000
NODE_10711_length_838_cov_15.753721	381	461	0	80	80	1.0000000
NODE_10712_length_838_cov_15.514208	294	374	2	5	80	0.0625000
NODE_10712_length_838_cov_15.514208	294	374	4	65	80	0.8125000
NODE_10712_length_838_cov_15.514208	294	374	6	10	80	0.1250000
NODE_10712_length_838_cov_15.514208	347	427	0	25	80	0.3125000
NODE_10712_length_838_cov_15.514208	347	427	2	14	80	0.1750000
NODE_10712_length_838_cov_15.514208	347	427	4	41	80	0.5125000
NODE_10713_length_838_cov_7.733424	350	430	0	22	80	0.2750000
NODE_10713_length_838_cov_7.733424	350	430	2	58	80	0.7250000
NODE_10713_length_838_cov_7.733424	403	483	0	64	80	0.8000000
NODE_10713_length_838_cov_7.733424	403	483	2	16	80	0.2000000
NODE_10716_length_838_cov_4.511502	131	213	4	13	82	0.1585366
NODE_10716_length_838_cov_4.511502	131	213	10	45	82	0.5487805
NODE_10716_length_838_cov_4.511502	131	213	11	13	82	0.1585366
NODE_10716_length_838_cov_4.511502	131	213	12	5	82	0.0609756
NODE_10716_length_838_cov_4.511502	131	213	13	6	82	0.0731707
NODE_10716_length_838_cov_4.511502	184	252	10	18	68	0.2647059
NODE_10716_length_838_cov_4.511502	184	252	11	2	68	0.0294118
NODE_10716_length_838_cov_4.511502	184	252	12	8	68	0.1176471
NODE_10716_length_838_cov_4.511502	184	252	13	10	68	0.1470588
NODE_10716_length_838_cov_4.511502	184	252	15	30	68	0.4411765
NODE_10722_length_838_cov_2.247632	359	405	0	46	46	1.0000000
NODE_10727_length_838_cov_1.843031	732	752	0	20	20	1.0000000
NODE_10740_length_837_cov_32.691057	401	481	2	38	80	0.4750000
NODE_10740_length_837_cov_32.691057	401	481	4	42	80	0.5250000
NODE_10740_length_837_cov_32.691057	454	534	0	48	80	0.6000000
NODE_10740_length_837_cov_32.691057	454	534	2	32	80	0.4000000
NODE_10741_length_837_cov_30.995935	399	479	2	28	80	0.3500000
NODE_10741_length_837_cov_30.995935	399	479	4	52	80	0.6500000
NODE_10741_length_837_cov_30.995935	452	532	0	2	80	0.0250000
NODE_10741_length_837_cov_30.995935	452	532	2	15	80	0.1875000
NODE_10741_length_837_cov_30.995935	452	532	4	63	80	0.7875000
NODE_10742_length_837_cov_30.883469	278	358	0	78	80	0.9750000
NODE_10742_length_837_cov_30.883469	278	358	2	2	80	0.0250000
NODE_10742_length_837_cov_30.883469	331	411	0	25	80	0.3125000
NODE_10742_length_837_cov_30.883469	331	411	2	12	80	0.1500000
NODE_10742_length_837_cov_30.883469	331	411	4	43	80	0.5375000
NODE_10742_length_837_cov_30.883469	407	487	4	71	80	0.8875000
NODE_10742_length_837_cov_30.883469	407	487	6	9	80	0.1125000
NODE_10742_length_837_cov_30.883469	460	540	2	48	80	0.6000000
NODE_10742_length_837_cov_30.883469	460	540	4	32	80	0.4000000
NODE_10743_length_837_cov_14.573171	205	280	4	75	75	1.0000000
NODE_10743_length_837_cov_14.573171	258	337	0	10	79	0.1265823
NODE_10743_length_837_cov_14.573171	258	337	2	41	79	0.5189874
NODE_10743_length_837_cov_14.573171	258	337	4	28	79	0.3544304
NODE_10743_length_837_cov_14.573171	333	413	0	25	80	0.3125000
NODE_10743_length_837_cov_14.573171	333	413	2	55	80	0.6875000
NODE_10743_length_837_cov_14.573171	386	466	2	80	80	1.0000000
NODE_10744_length_837_cov_12.582656	226	306	0	62	80	0.7750000
NODE_10744_length_837_cov_12.582656	226	306	2	18	80	0.2250000
NODE_10744_length_837_cov_12.582656	279	359	0	9	80	0.1125000
NODE_10744_length_837_cov_12.582656	279	359	2	71	80	0.8875000
NODE_10745_length_837_cov_6.998645	389	474	2	85	85	1.0000000
NODE_10745_length_837_cov_6.998645	447	527	0	22	80	0.2750000
NODE_10745_length_837_cov_6.998645	447	527	2	58	80	0.7250000
NODE_10750_length_837_cov_3.119241	373	453	1	4	80	0.0500000
NODE_10750_length_837_cov_3.119241	373	453	2	76	80	0.9500000
NODE_10750_length_837_cov_3.119241	426	506	0	39	80	0.4875000
NODE_10750_length_837_cov_3.119241	426	506	1	14	80	0.1750000
NODE_10750_length_837_cov_3.119241	426	506	2	27	80	0.3375000
NODE_10769_length_836_cov_40.141113	224	304	0	80	80	1.0000000
NODE_10769_length_836_cov_40.141113	277	357	0	72	80	0.9000000
NODE_10769_length_836_cov_40.141113	277	357	6	3	80	0.0375000
NODE_10769_length_836_cov_40.141113	277	357	9	5	80	0.0625000
NODE_10769_length_836_cov_40.141113	353	433	9	20	80	0.2500000
NODE_10769_length_836_cov_40.141113	353	433	11	4	80	0.0500000
NODE_10769_length_836_cov_40.141113	353	433	14	15	80	0.1875000
NODE_10769_length_836_cov_40.141113	353	433	16	41	80	0.5125000
NODE_10769_length_836_cov_40.141113	406	486	10	29	80	0.3625000
NODE_10769_length_836_cov_40.141113	406	486	14	15	80	0.1875000
NODE_10769_length_836_cov_40.141113	406	486	15	1	80	0.0125000
NODE_10769_length_836_cov_40.141113	406	486	16	35	80	0.4375000
NODE_10770_length_836_cov_27.610583	344	424	6	39	80	0.4875000
NODE_10770_length_836_cov_27.610583	344	424	8	30	80	0.3750000
NODE_10770_length_836_cov_27.610583	344	424	10	11	80	0.1375000
NODE_10770_length_836_cov_27.610583	397	477	2	37	80	0.4625000
NODE_10770_length_836_cov_27.610583	397	477	6	2	80	0.0250000
NODE_10770_length_836_cov_27.610583	397	477	8	35	80	0.4375000
NODE_10770_length_836_cov_27.610583	397	477	10	6	80	0.0750000
NODE_10771_length_836_cov_15.719132	295	375	0	18	80	0.2250000
NODE_10771_length_836_cov_15.719132	295	375	2	2	80	0.0250000
NODE_10771_length_836_cov_15.719132	295	375	3	19	80	0.2375000
NODE_10771_length_836_cov_15.719132	295	375	4	38	80	0.4750000
NODE_10771_length_836_cov_15.719132	295	375	6	3	80	0.0375000
NODE_10771_length_836_cov_15.719132	348	428	4	24	80	0.3000000
NODE_10771_length_836_cov_15.719132	348	428	6	56	80	0.7000000
NODE_10772_length_836_cov_9.309362	295	375	0	39	80	0.4875000
NODE_10772_length_836_cov_9.309362	295	375	2	41	80	0.5125000
NODE_10772_length_836_cov_9.309362	348	428	2	80	80	1.0000000
NODE_10773_length_836_cov_6.283582	336	416	0	80	80	1.0000000
NODE_10773_length_836_cov_6.283582	389	469	0	80	80	1.0000000
NODE_10774_length_836_cov_4.979647	371	451	0	43	80	0.5375000
NODE_10774_length_836_cov_4.979647	371	451	4	37	80	0.4625000
NODE_10774_length_836_cov_4.979647	424	504	4	80	80	1.0000000
NODE_10787_length_835_cov_61.033967	253	333	2	41	80	0.5125000
NODE_10787_length_835_cov_61.033967	253	333	4	39	80	0.4875000
NODE_10787_length_835_cov_61.033967	306	386	0	43	80	0.5375000
NODE_10787_length_835_cov_61.033967	306	386	2	30	80	0.3750000
NODE_10787_length_835_cov_61.033967	306	386	4	7	80	0.0875000
NODE_10788_length_835_cov_32.380435	390	470	0	28	80	0.3500000
NODE_10788_length_835_cov_32.380435	390	470	2	52	80	0.6500000
NODE_10788_length_835_cov_32.380435	443	523	0	80	80	1.0000000
NODE_10789_length_835_cov_20.779891	415	495	4	18	80	0.2250000
NODE_10789_length_835_cov_20.779891	415	495	8	5	80	0.0625000
NODE_10789_length_835_cov_20.779891	415	495	9	28	80	0.3500000
NODE_10789_length_835_cov_20.779891	415	495	10	29	80	0.3625000
NODE_10789_length_835_cov_20.779891	468	548	2	7	80	0.0875000
NODE_10789_length_835_cov_20.779891	468	548	3	3	80	0.0375000
NODE_10789_length_835_cov_20.779891	468	548	4	13	80	0.1625000
NODE_10789_length_835_cov_20.779891	468	548	8	25	80	0.3125000
NODE_10789_length_835_cov_20.779891	468	548	9	32	80	0.4000000
NODE_10808_length_835_cov_1.694293	18	80	0	62	62	1.0000000
NODE_10820_length_834_cov_13.689796	213	293	2	5	80	0.0625000
NODE_10820_length_834_cov_13.689796	213	293	4	8	80	0.1000000
NODE_10820_length_834_cov_13.689796	213	293	7	18	80	0.2250000
NODE_10820_length_834_cov_13.689796	213	293	8	22	80	0.2750000
NODE_10820_length_834_cov_13.689796	213	293	9	27	80	0.3375000
NODE_10820_length_834_cov_13.689796	266	346	2	58	80	0.7250000
NODE_10820_length_834_cov_13.689796	266	346	4	8	80	0.1000000
NODE_10820_length_834_cov_13.689796	266	346	9	14	80	0.1750000
NODE_10822_length_834_cov_12.609524	406	486	6	73	80	0.9125000
NODE_10822_length_834_cov_12.609524	406	486	8	7	80	0.0875000
NODE_10822_length_834_cov_12.609524	459	539	2	29	80	0.3625000
NODE_10822_length_834_cov_12.609524	459	539	6	44	80	0.5500000
NODE_10822_length_834_cov_12.609524	459	539	8	7	80	0.0875000
NODE_10823_length_834_cov_11.492517	248	328	4	22	80	0.2750000
NODE_10823_length_834_cov_11.492517	248	328	8	19	80	0.2375000
NODE_10823_length_834_cov_11.492517	248	328	10	10	80	0.1250000
NODE_10823_length_834_cov_11.492517	248	328	11	11	80	0.1375000
NODE_10823_length_834_cov_11.492517	248	328	12	18	80	0.2250000
NODE_10823_length_834_cov_11.492517	301	381	6	28	80	0.3500000
NODE_10823_length_834_cov_11.492517	301	381	8	19	80	0.2375000
NODE_10823_length_834_cov_11.492517	301	381	11	17	80	0.2125000
NODE_10823_length_834_cov_11.492517	301	381	12	16	80	0.2000000
NODE_10824_length_834_cov_9.957823	212	292	0	60	80	0.7500000
NODE_10824_length_834_cov_9.957823	212	292	2	20	80	0.2500000
NODE_10824_length_834_cov_9.957823	265	345	0	19	80	0.2375000
NODE_10824_length_834_cov_9.957823	265	345	2	61	80	0.7625000
NODE_10825_length_834_cov_6.448980	482	546	3	16	64	0.2500000
NODE_10825_length_834_cov_6.448980	482	546	6	48	64	0.7500000
NODE_10833_length_834_cov_2.658503	589	641	0	52	52	1.0000000
NODE_10846_length_833_cov_57.702997	338	418	2	15	80	0.1875000
NODE_10846_length_833_cov_57.702997	338	418	6	39	80	0.4875000
NODE_10846_length_833_cov_57.702997	338	418	8	26	80	0.3250000
NODE_10846_length_833_cov_57.702997	391	471	2	9	80	0.1125000
NODE_10846_length_833_cov_57.702997	391	471	6	29	80	0.3625000
NODE_10846_length_833_cov_57.702997	391	471	8	42	80	0.5250000
NODE_10847_length_833_cov_38.153951	364	444	2	9	80	0.1125000
NODE_10847_length_833_cov_38.153951	364	444	4	22	80	0.2750000
NODE_10847_length_833_cov_38.153951	364	444	10	24	80	0.3000000
NODE_10847_length_833_cov_38.153951	364	444	11	1	80	0.0125000
NODE_10847_length_833_cov_38.153951	364	444	12	19	80	0.2375000
NODE_10847_length_833_cov_38.153951	364	444	14	5	80	0.0625000
NODE_10847_length_833_cov_38.153951	417	497	6	1	80	0.0125000
NODE_10847_length_833_cov_38.153951	417	497	10	35	80	0.4375000
NODE_10847_length_833_cov_38.153951	417	497	12	1	80	0.0125000
NODE_10847_length_833_cov_38.153951	417	497	14	43	80	0.5375000
NODE_10848_length_833_cov_34.302452	368	448	2	8	80	0.1000000
NODE_10848_length_833_cov_34.302452	368	448	4	72	80	0.9000000
NODE_10848_length_833_cov_34.302452	421	501	0	53	80	0.6625000
NODE_10848_length_833_cov_34.302452	421	501	2	8	80	0.1000000
NODE_10848_length_833_cov_34.302452	421	501	4	19	80	0.2375000
NODE_10849_length_833_cov_20.452316	311	392	0	26	81	0.3209876
NODE_10849_length_833_cov_20.452316	311	392	3	16	81	0.1975309
NODE_10849_length_833_cov_20.452316	311	392	4	39	81	0.4814815
NODE_10849_length_833_cov_20.452316	365	445	4	29	80	0.3625000
NODE_10849_length_833_cov_20.452316	365	445	6	51	80	0.6375000
NODE_10850_length_833_cov_16.643052	238	318	0	80	80	1.0000000
NODE_10851_length_833_cov_16.536785	84	164	0	25	80	0.3125000
NODE_10851_length_833_cov_16.536785	84	164	2	55	80	0.6875000
NODE_10851_length_833_cov_16.536785	137	217	0	9	80	0.1125000
NODE_10851_length_833_cov_16.536785	137	217	2	71	80	0.8875000
NODE_10865_length_833_cov_3.089918	467	547	0	1	80	0.0125000
NODE_10865_length_833_cov_3.089918	467	547	2	79	80	0.9875000
NODE_10865_length_833_cov_3.089918	520	600	0	54	80	0.6750000
NODE_10865_length_833_cov_3.089918	520	600	2	26	80	0.3250000
NODE_10891_length_832_cov_35.728513	460	540	0	27	80	0.3375000
NODE_10891_length_832_cov_35.728513	460	540	8	53	80	0.6625000
NODE_10891_length_832_cov_35.728513	513	593	0	14	80	0.1750000
NODE_10891_length_832_cov_35.728513	513	593	7	1	80	0.0125000
NODE_10891_length_832_cov_35.728513	513	593	8	65	80	0.8125000
NODE_10892_length_832_cov_25.450205	292	372	2	11	80	0.1375000
NODE_10892_length_832_cov_25.450205	292	372	12	2	80	0.0250000
NODE_10892_length_832_cov_25.450205	292	372	13	4	80	0.0500000
NODE_10892_length_832_cov_25.450205	292	372	30	1	80	0.0125000
NODE_10892_length_832_cov_25.450205	292	372	37	9	80	0.1125000
NODE_10892_length_832_cov_25.450205	292	372	38	37	80	0.4625000
NODE_10892_length_832_cov_25.450205	292	372	40	16	80	0.2000000
NODE_10892_length_832_cov_25.450205	345	425	38	11	80	0.1375000
NODE_10892_length_832_cov_25.450205	345	425	39	37	80	0.4625000
NODE_10892_length_832_cov_25.450205	345	425	40	32	80	0.4000000
NODE_10893_length_832_cov_18.858117	428	508	2	41	80	0.5125000
NODE_10893_length_832_cov_18.858117	428	508	3	14	80	0.1750000
NODE_10893_length_832_cov_18.858117	428	508	4	25	80	0.3125000
NODE_10893_length_832_cov_18.858117	481	561	2	3	80	0.0375000
NODE_10893_length_832_cov_18.858117	481	561	4	77	80	0.9625000
NODE_10894_length_832_cov_17.799454	314	394	0	32	80	0.4000000
NODE_10894_length_832_cov_17.799454	314	394	2	48	80	0.6000000
NODE_10894_length_832_cov_17.799454	367	447	2	80	80	1.0000000
NODE_10895_length_832_cov_14.811733	353	433	1	2	80	0.0250000
NODE_10895_length_832_cov_14.811733	353	433	2	15	80	0.1875000
NODE_10895_length_832_cov_14.811733	353	433	7	1	80	0.0125000
NODE_10895_length_832_cov_14.811733	353	433	12	5	80	0.0625000
NODE_10895_length_832_cov_14.811733	353	433	14	10	80	0.1250000
NODE_10895_length_832_cov_14.811733	353	433	16	47	80	0.5875000
NODE_10896_length_832_cov_14.770805	259	339	0	17	80	0.2125000
NODE_10896_length_832_cov_14.770805	259	339	4	63	80	0.7875000
NODE_10896_length_832_cov_14.770805	312	392	0	70	80	0.8750000
NODE_10896_length_832_cov_14.770805	312	392	4	10	80	0.1250000
NODE_10897_length_832_cov_8.305593	266	346	0	3	80	0.0375000
NODE_10897_length_832_cov_8.305593	266	346	2	71	80	0.8875000
NODE_10897_length_832_cov_8.305593	266	346	4	6	80	0.0750000
NODE_10897_length_832_cov_8.305593	319	399	2	72	80	0.9000000
NODE_10897_length_832_cov_8.305593	319	399	4	8	80	0.1000000
NODE_10918_length_831_cov_18.403005	371	451	18	8	80	0.1000000
NODE_10918_length_831_cov_18.403005	371	451	20	1	80	0.0125000
NODE_10918_length_831_cov_18.403005	371	451	21	2	80	0.0250000
NODE_10918_length_831_cov_18.403005	371	451	22	69	80	0.8625000
NODE_10918_length_831_cov_18.403005	424	504	5	16	80	0.2000000
NODE_10918_length_831_cov_18.403005	424	504	6	1	80	0.0125000
NODE_10918_length_831_cov_18.403005	424	504	10	13	80	0.1625000
NODE_10918_length_831_cov_18.403005	424	504	20	24	80	0.3000000
NODE_10918_length_831_cov_18.403005	424	504	21	2	80	0.0250000
NODE_10918_length_831_cov_18.403005	424	504	22	24	80	0.3000000
NODE_10919_length_831_cov_16.017760	357	437	0	40	80	0.5000000
NODE_10919_length_831_cov_16.017760	357	437	2	40	80	0.5000000
NODE_10919_length_831_cov_16.017760	410	490	0	13	80	0.1625000
NODE_10919_length_831_cov_16.017760	410	490	2	67	80	0.8375000
NODE_10920_length_831_cov_13.740437	405	485	0	17	80	0.2125000
NODE_10920_length_831_cov_13.740437	405	485	1	21	80	0.2625000
NODE_10920_length_831_cov_13.740437	405	485	3	2	80	0.0250000
NODE_10920_length_831_cov_13.740437	405	485	4	1	80	0.0125000
NODE_10920_length_831_cov_13.740437	405	485	5	39	80	0.4875000
NODE_10920_length_831_cov_13.740437	458	538	0	70	80	0.8750000
NODE_10920_length_831_cov_13.740437	458	538	1	10	80	0.1250000
NODE_10921_length_831_cov_9.595628	281	361	0	7	80	0.0875000
NODE_10921_length_831_cov_9.595628	281	361	2	73	80	0.9125000
NODE_10921_length_831_cov_9.595628	334	414	2	80	80	1.0000000
NODE_10922_length_831_cov_8.199454	433	482	8	2	49	0.0408163
NODE_10922_length_831_cov_8.199454	433	482	11	1	49	0.0204082
NODE_10922_length_831_cov_8.199454	433	482	13	3	49	0.0612245
NODE_10922_length_831_cov_8.199454	433	482	14	43	49	0.8775510
NODE_10923_length_831_cov_7.607923	216	296	0	80	80	1.0000000
NODE_10923_length_831_cov_7.607923	269	349	0	80	80	1.0000000
NODE_10924_length_831_cov_6.454918	334	409	2	47	75	0.6266667
NODE_10924_length_831_cov_6.454918	334	409	4	28	75	0.3733333
NODE_10924_length_831_cov_6.454918	382	462	2	39	80	0.4875000
NODE_10924_length_831_cov_6.454918	382	462	4	41	80	0.5125000
NODE_10960_length_830_cov_40.856361	238	318	0	11	80	0.1375000
NODE_10960_length_830_cov_40.856361	238	318	2	69	80	0.8625000
NODE_10960_length_830_cov_40.856361	291	371	2	51	80	0.6375000
NODE_10960_length_830_cov_40.856361	291	371	3	29	80	0.3625000
NODE_10961_length_830_cov_32.170999	302	378	1	4	76	0.0526316
NODE_10961_length_830_cov_32.170999	302	378	2	58	76	0.7631579
NODE_10961_length_830_cov_32.170999	302	378	4	13	76	0.1710526
NODE_10961_length_830_cov_32.170999	302	378	6	1	76	0.0131579
NODE_10961_length_830_cov_32.170999	303	383	1	3	80	0.0375000
NODE_10961_length_830_cov_32.170999	303	383	2	58	80	0.7250000
NODE_10961_length_830_cov_32.170999	303	383	4	13	80	0.1625000
NODE_10961_length_830_cov_32.170999	303	383	6	6	80	0.0750000
NODE_10961_length_830_cov_32.170999	356	436	2	8	80	0.1000000
NODE_10961_length_830_cov_32.170999	356	436	4	13	80	0.1625000
NODE_10961_length_830_cov_32.170999	356	436	6	59	80	0.7375000
NODE_10962_length_830_cov_28.041040	393	473	2	80	80	1.0000000
NODE_10962_length_830_cov_28.041040	446	526	0	11	80	0.1375000
NODE_10962_length_830_cov_28.041040	446	526	1	28	80	0.3500000
NODE_10962_length_830_cov_28.041040	446	526	2	41	80	0.5125000
NODE_10963_length_830_cov_20.280438	360	440	2	14	80	0.1750000
NODE_10963_length_830_cov_20.280438	360	440	4	14	80	0.1750000
NODE_10963_length_830_cov_20.280438	360	440	6	14	80	0.1750000
NODE_10963_length_830_cov_20.280438	360	440	8	38	80	0.4750000
NODE_10963_length_830_cov_20.280438	413	492	6	31	79	0.3924051
NODE_10963_length_830_cov_20.280438	413	492	8	48	79	0.6075949
NODE_10964_length_830_cov_19.495212	274	354	0	80	80	1.0000000
NODE_10964_length_830_cov_19.495212	327	407	0	80	80	1.0000000
NODE_10965_length_830_cov_18.522572	368	448	0	5	80	0.0625000
NODE_10965_length_830_cov_18.522572	368	448	6	62	80	0.7750000
NODE_10965_length_830_cov_18.522572	368	448	8	2	80	0.0250000
NODE_10965_length_830_cov_18.522572	368	448	10	11	80	0.1375000
NODE_10965_length_830_cov_18.522572	421	501	4	30	80	0.3750000
NODE_10965_length_830_cov_18.522572	421	501	6	14	80	0.1750000
NODE_10965_length_830_cov_18.522572	421	501	8	2	80	0.0250000
NODE_10965_length_830_cov_18.522572	421	501	10	34	80	0.4250000
NODE_10966_length_830_cov_13.830369	278	358	6	15	80	0.1875000
NODE_10966_length_830_cov_13.830369	278	358	8	65	80	0.8125000
NODE_10966_length_830_cov_13.830369	331	411	3	26	80	0.3250000
NODE_10966_length_830_cov_13.830369	331	411	5	6	80	0.0750000
NODE_10966_length_830_cov_13.830369	331	411	8	48	80	0.6000000
NODE_10967_length_830_cov_12.459644	201	281	0	27	80	0.3375000
NODE_10967_length_830_cov_12.459644	201	281	2	36	80	0.4500000
NODE_10967_length_830_cov_12.459644	201	281	4	17	80	0.2125000
NODE_10967_length_830_cov_12.459644	254	334	2	10	80	0.1250000
NODE_10967_length_830_cov_12.459644	254	334	4	70	80	0.8750000
NODE_10968_length_830_cov_8.344733	450	530	0	8	80	0.1000000
NODE_10968_length_830_cov_8.344733	450	530	2	23	80	0.2875000
NODE_10968_length_830_cov_8.344733	450	530	4	49	80	0.6125000
NODE_10968_length_830_cov_8.344733	503	583	0	28	80	0.3500000
NODE_10968_length_830_cov_8.344733	503	583	2	14	80	0.1750000
NODE_10968_length_830_cov_8.344733	503	583	4	38	80	0.4750000
NODE_10969_length_830_cov_8.227086	634	714	0	59	80	0.7375000
NODE_10969_length_830_cov_8.227086	634	714	8	21	80	0.2625000
NODE_10969_length_830_cov_8.227086	687	767	0	6	80	0.0750000
NODE_10969_length_830_cov_8.227086	687	767	8	74	80	0.9250000
NODE_10995_length_829_cov_74.910959	271	351	0	13	80	0.1625000
NODE_10995_length_829_cov_74.910959	271	351	2	67	80	0.8375000
NODE_10995_length_829_cov_74.910959	324	404	0	22	80	0.2750000
NODE_10995_length_829_cov_74.910959	324	404	2	58	80	0.7250000
NODE_10996_length_829_cov_34.068493	302	382	0	15	80	0.1875000
NODE_10996_length_829_cov_34.068493	302	382	2	65	80	0.8125000
NODE_10996_length_829_cov_34.068493	355	435	2	74	80	0.9250000
NODE_10996_length_829_cov_34.068493	355	435	4	6	80	0.0750000
NODE_10997_length_829_cov_24.027397	441	521	2	4	80	0.0500000
NODE_10997_length_829_cov_24.027397	441	521	7	15	80	0.1875000
NODE_10997_length_829_cov_24.027397	441	521	8	61	80	0.7625000
NODE_10997_length_829_cov_24.027397	494	574	0	9	80	0.1125000
NODE_10997_length_829_cov_24.027397	494	574	2	48	80	0.6000000
NODE_10997_length_829_cov_24.027397	494	574	7	2	80	0.0250000
NODE_10997_length_829_cov_24.027397	494	574	8	21	80	0.2625000
NODE_10998_length_829_cov_21.735616	420	500	5	6	80	0.0750000
NODE_10998_length_829_cov_21.735616	420	500	6	17	80	0.2125000
NODE_10998_length_829_cov_21.735616	420	500	7	32	80	0.4000000
NODE_10998_length_829_cov_21.735616	420	500	8	25	80	0.3125000
NODE_10998_length_829_cov_21.735616	473	553	0	18	80	0.2250000
NODE_10998_length_829_cov_21.735616	473	553	2	7	80	0.0875000
NODE_10998_length_829_cov_21.735616	473	553	6	45	80	0.5625000
NODE_10998_length_829_cov_21.735616	473	553	8	10	80	0.1250000
NODE_10999_length_829_cov_18.446575	407	487	0	37	80	0.4625000
NODE_10999_length_829_cov_18.446575	407	487	2	43	80	0.5375000
NODE_10999_length_829_cov_18.446575	460	540	2	80	80	1.0000000
NODE_11000_length_829_cov_10.971233	368	448	0	35	80	0.4375000
NODE_11000_length_829_cov_10.971233	368	448	2	3	80	0.0375000
NODE_11000_length_829_cov_10.971233	368	448	6	42	80	0.5250000
NODE_11000_length_829_cov_10.971233	421	501	6	80	80	1.0000000
NODE_11001_length_829_cov_10.035616	387	467	0	32	80	0.4000000
NODE_11001_length_829_cov_10.035616	387	467	4	48	80	0.6000000
NODE_11001_length_829_cov_10.035616	440	520	4	80	80	1.0000000
NODE_11002_length_829_cov_9.906849	326	406	0	80	80	1.0000000
NODE_11002_length_829_cov_9.906849	379	459	0	80	80	1.0000000
NODE_11003_length_829_cov_8.809589	450	530	0	80	80	1.0000000
NODE_11003_length_829_cov_8.809589	503	583	0	80	80	1.0000000
NODE_11006_length_829_cov_4.310959	473	553	0	80	80	1.0000000
NODE_11006_length_829_cov_4.310959	526	606	0	80	80	1.0000000
NODE_11008_length_829_cov_3.079452	507	587	4	17	80	0.2125000
NODE_11008_length_829_cov_3.079452	507	587	6	63	80	0.7875000
NODE_11008_length_829_cov_3.079452	507	587	4	17	80	0.2125000
NODE_11008_length_829_cov_3.079452	507	587	6	63	80	0.7875000
NODE_11008_length_829_cov_3.079452	560	640	0	17	80	0.2125000
NODE_11008_length_829_cov_3.079452	560	640	1	1	80	0.0125000
NODE_11008_length_829_cov_3.079452	560	640	2	14	80	0.1750000
NODE_11008_length_829_cov_3.079452	560	640	4	38	80	0.4750000
NODE_11008_length_829_cov_3.079452	560	640	6	10	80	0.1250000
NODE_11025_length_828_cov_41.116598	436	516	11	20	80	0.2500000
NODE_11025_length_828_cov_41.116598	436	516	13	19	80	0.2375000
NODE_11025_length_828_cov_41.116598	436	516	15	41	80	0.5125000
NODE_11025_length_828_cov_41.116598	489	569	6	26	80	0.3250000
NODE_11025_length_828_cov_41.116598	489	569	8	6	80	0.0750000
NODE_11025_length_828_cov_41.116598	489	569	11	14	80	0.1750000
NODE_11025_length_828_cov_41.116598	489	569	12	13	80	0.1625000
NODE_11025_length_828_cov_41.116598	489	569	15	21	80	0.2625000
NODE_11026_length_828_cov_36.459534	372	452	4	42	80	0.5250000
NODE_11026_length_828_cov_36.459534	372	452	6	38	80	0.4750000
NODE_11026_length_828_cov_36.459534	425	505	0	22	80	0.2750000
NODE_11026_length_828_cov_36.459534	425	505	2	4	80	0.0500000
NODE_11026_length_828_cov_36.459534	425	505	4	24	80	0.3000000
NODE_11026_length_828_cov_36.459534	425	505	6	30	80	0.3750000
NODE_11027_length_828_cov_33.515775	443	523	7	15	80	0.1875000
NODE_11027_length_828_cov_33.515775	443	523	13	1	80	0.0125000
NODE_11027_length_828_cov_33.515775	443	523	14	64	80	0.8000000
NODE_11027_length_828_cov_33.515775	496	576	14	80	80	1.0000000
NODE_11028_length_828_cov_21.123457	380	460	0	80	80	1.0000000
NODE_11028_length_828_cov_21.123457	433	513	0	80	80	1.0000000
NODE_11029_length_828_cov_17.406036	304	392	0	21	88	0.2386364
NODE_11029_length_828_cov_17.406036	304	392	1	10	88	0.1136364
NODE_11029_length_828_cov_17.406036	304	392	4	22	88	0.2500000
NODE_11029_length_828_cov_17.406036	304	392	5	6	88	0.0681818
NODE_11029_length_828_cov_17.406036	304	392	6	29	88	0.3295455
NODE_11029_length_828_cov_17.406036	369	445	0	24	76	0.3157895
NODE_11029_length_828_cov_17.406036	369	445	1	2	76	0.0263158
NODE_11029_length_828_cov_17.406036	369	445	2	50	76	0.6578947
NODE_11030_length_828_cov_14.606310	287	367	4	1	80	0.0125000
NODE_11030_length_828_cov_14.606310	287	367	6	36	80	0.4500000
NODE_11030_length_828_cov_14.606310	287	367	7	12	80	0.1500000
NODE_11030_length_828_cov_14.606310	287	367	8	30	80	0.3750000
NODE_11030_length_828_cov_14.606310	287	367	9	1	80	0.0125000
NODE_11030_length_828_cov_14.606310	340	420	4	54	80	0.6750000
NODE_11030_length_828_cov_14.606310	340	420	7	12	80	0.1500000
NODE_11030_length_828_cov_14.606310	340	420	8	13	80	0.1625000
NODE_11030_length_828_cov_14.606310	340	420	9	1	80	0.0125000
NODE_11031_length_828_cov_14.493827	326	406	0	16	80	0.2000000
NODE_11031_length_828_cov_14.493827	326	406	2	17	80	0.2125000
NODE_11031_length_828_cov_14.493827	326	406	4	47	80	0.5875000
NODE_11031_length_828_cov_14.493827	379	459	0	4	80	0.0500000
NODE_11031_length_828_cov_14.493827	379	459	2	15	80	0.1875000
NODE_11031_length_828_cov_14.493827	379	459	4	61	80	0.7625000
NODE_11031_length_828_cov_14.493827	455	535	0	6	80	0.0750000
NODE_11031_length_828_cov_14.493827	455	535	1	19	80	0.2375000
NODE_11031_length_828_cov_14.493827	455	535	2	55	80	0.6875000
NODE_11031_length_828_cov_14.493827	508	588	2	80	80	1.0000000
NODE_11032_length_828_cov_10.550069	280	360	2	9	80	0.1125000
NODE_11032_length_828_cov_10.550069	280	360	6	71	80	0.8875000
NODE_11032_length_828_cov_10.550069	333	413	0	27	80	0.3375000
NODE_11032_length_828_cov_10.550069	333	413	2	35	80	0.4375000
NODE_11032_length_828_cov_10.550069	333	413	6	18	80	0.2250000
NODE_11033_length_828_cov_9.292181	594	674	0	80	80	1.0000000
NODE_11033_length_828_cov_9.292181	647	727	0	80	80	1.0000000
NODE_11034_length_828_cov_8.747599	298	378	6	3	80	0.0375000
NODE_11034_length_828_cov_8.747599	298	378	8	77	80	0.9625000
NODE_11034_length_828_cov_8.747599	351	431	4	50	80	0.6250000
NODE_11034_length_828_cov_8.747599	351	431	6	6	80	0.0750000
NODE_11034_length_828_cov_8.747599	351	431	8	24	80	0.3000000
NODE_11035_length_828_cov_8.098765	199	279	0	40	80	0.5000000
NODE_11035_length_828_cov_8.098765	199	279	2	40	80	0.5000000
NODE_11035_length_828_cov_8.098765	252	332	2	80	80	1.0000000
NODE_11037_length_828_cov_7.473251	300	380	0	80	80	1.0000000
NODE_11037_length_828_cov_7.473251	353	433	0	80	80	1.0000000
NODE_11039_length_828_cov_5.481481	543	623	0	7	80	0.0875000
NODE_11039_length_828_cov_5.481481	543	623	2	73	80	0.9125000
NODE_11039_length_828_cov_5.481481	596	676	0	22	80	0.2750000
NODE_11039_length_828_cov_5.481481	596	676	2	58	80	0.7250000
NODE_11041_length_828_cov_5.069959	259	339	2	16	80	0.2000000
NODE_11041_length_828_cov_5.069959	259	339	4	64	80	0.8000000
NODE_11066_length_827_cov_34.567308	269	349	4	8	80	0.1000000
NODE_11066_length_827_cov_34.567308	269	349	6	44	80	0.5500000
NODE_11066_length_827_cov_34.567308	269	349	8	22	80	0.2750000
NODE_11066_length_827_cov_34.567308	269	349	10	6	80	0.0750000
NODE_11066_length_827_cov_34.567308	322	402	4	33	80	0.4125000
NODE_11066_length_827_cov_34.567308	322	402	6	35	80	0.4375000
NODE_11066_length_827_cov_34.567308	322	402	8	12	80	0.1500000
NODE_11066_length_827_cov_34.567308	398	478	0	65	80	0.8125000
NODE_11066_length_827_cov_34.567308	398	478	4	15	80	0.1875000
NODE_11066_length_827_cov_34.567308	451	531	0	80	80	1.0000000
NODE_11067_length_827_cov_31.538462	320	400	4	38	80	0.4750000
NODE_11067_length_827_cov_31.538462	320	400	5	2	80	0.0250000
NODE_11067_length_827_cov_31.538462	320	400	7	20	80	0.2500000
NODE_11067_length_827_cov_31.538462	320	400	9	8	80	0.1000000
NODE_11067_length_827_cov_31.538462	320	400	11	12	80	0.1500000
NODE_11067_length_827_cov_31.538462	373	453	6	10	80	0.1250000
NODE_11067_length_827_cov_31.538462	373	453	7	8	80	0.1000000
NODE_11067_length_827_cov_31.538462	373	453	8	42	80	0.5250000
NODE_11067_length_827_cov_31.538462	373	453	9	8	80	0.1000000
NODE_11067_length_827_cov_31.538462	373	453	11	12	80	0.1500000
NODE_11068_length_827_cov_19.548077	464	544	0	66	80	0.8250000
NODE_11068_length_827_cov_19.548077	464	544	1	11	80	0.1375000
NODE_11068_length_827_cov_19.548077	464	544	2	3	80	0.0375000
NODE_11068_length_827_cov_19.548077	517	597	0	13	80	0.1625000
NODE_11068_length_827_cov_19.548077	517	597	1	11	80	0.1375000
NODE_11068_length_827_cov_19.548077	517	597	2	56	80	0.7000000
NODE_11069_length_827_cov_17.490385	320	400	0	80	80	1.0000000
NODE_11069_length_827_cov_17.490385	373	453	0	80	80	1.0000000
NODE_11070_length_827_cov_15.247253	205	285	0	39	80	0.4875000
NODE_11070_length_827_cov_15.247253	205	285	2	41	80	0.5125000
NODE_11070_length_827_cov_15.247253	258	338	0	1	80	0.0125000
NODE_11070_length_827_cov_15.247253	258	338	2	79	80	0.9875000
NODE_11071_length_827_cov_14.151099	372	452	2	6	80	0.0750000
NODE_11071_length_827_cov_14.151099	372	452	4	14	80	0.1750000
NODE_11071_length_827_cov_14.151099	372	452	6	9	80	0.1125000
NODE_11071_length_827_cov_14.151099	372	452	8	51	80	0.6375000
NODE_11071_length_827_cov_14.151099	425	505	2	59	80	0.7375000
NODE_11071_length_827_cov_14.151099	425	505	4	14	80	0.1750000
NODE_11071_length_827_cov_14.151099	425	505	6	6	80	0.0750000
NODE_11071_length_827_cov_14.151099	425	505	8	1	80	0.0125000
NODE_11072_length_827_cov_12.157967	262	342	0	20	80	0.2500000
NODE_11072_length_827_cov_12.157967	262	342	2	15	80	0.1875000
NODE_11072_length_827_cov_12.157967	262	342	4	3	80	0.0375000
NODE_11072_length_827_cov_12.157967	262	342	6	42	80	0.5250000
NODE_11072_length_827_cov_12.157967	315	395	4	16	80	0.2000000
NODE_11072_length_827_cov_12.157967	315	395	6	64	80	0.8000000
NODE_11073_length_827_cov_11.777473	316	396	8	12	80	0.1500000
NODE_11073_length_827_cov_11.777473	316	396	10	5	80	0.0625000
NODE_11073_length_827_cov_11.777473	316	396	12	63	80	0.7875000
NODE_11073_length_827_cov_11.777473	369	449	0	5	80	0.0625000
NODE_11073_length_827_cov_11.777473	369	449	2	11	80	0.1375000
NODE_11073_length_827_cov_11.777473	369	449	4	7	80	0.0875000
NODE_11073_length_827_cov_11.777473	369	449	6	25	80	0.3125000
NODE_11073_length_827_cov_11.777473	369	449	8	17	80	0.2125000
NODE_11073_length_827_cov_11.777473	369	449	12	15	80	0.1875000
NODE_11074_length_827_cov_11.651099	393	473	0	13	80	0.1625000
NODE_11074_length_827_cov_11.651099	393	473	2	67	80	0.8375000
NODE_11074_length_827_cov_11.651099	446	526	0	66	80	0.8250000
NODE_11074_length_827_cov_11.651099	446	526	2	14	80	0.1750000
NODE_11075_length_827_cov_10.711538	286	366	0	80	80	1.0000000
NODE_11075_length_827_cov_10.711538	339	419	0	80	80	1.0000000
NODE_11076_length_827_cov_10.262363	273	353	0	80	80	1.0000000
NODE_11076_length_827_cov_10.262363	326	406	0	80	80	1.0000000
NODE_11077_length_827_cov_10.221154	256	336	10	1	80	0.0125000
NODE_11077_length_827_cov_10.221154	256	336	11	25	80	0.3125000
NODE_11077_length_827_cov_10.221154	256	336	12	8	80	0.1000000
NODE_11077_length_827_cov_10.221154	256	336	14	46	80	0.5750000
NODE_11078_length_827_cov_9.576923	359	439	0	4	80	0.0500000
NODE_11078_length_827_cov_9.576923	359	439	2	76	80	0.9500000
NODE_11078_length_827_cov_9.576923	412	492	0	32	80	0.4000000
NODE_11078_length_827_cov_9.576923	412	492	2	48	80	0.6000000
NODE_11079_length_827_cov_8.780220	361	441	0	12	80	0.1500000
NODE_11079_length_827_cov_8.780220	361	441	6	17	80	0.2125000
NODE_11079_length_827_cov_8.780220	361	441	8	3	80	0.0375000
NODE_11079_length_827_cov_8.780220	361	441	12	8	80	0.1000000
NODE_11079_length_827_cov_8.780220	361	441	14	4	80	0.0500000
NODE_11079_length_827_cov_8.780220	361	441	18	36	80	0.4500000
NODE_11079_length_827_cov_8.780220	414	494	4	2	80	0.0250000
NODE_11079_length_827_cov_8.780220	414	494	10	14	80	0.1750000
NODE_11079_length_827_cov_8.780220	414	494	14	7	80	0.0875000
NODE_11079_length_827_cov_8.780220	414	494	16	4	80	0.0500000
NODE_11079_length_827_cov_8.780220	414	494	18	53	80	0.6625000
NODE_11093_length_827_cov_1.412088	736	784	0	48	48	1.0000000
NODE_11106_length_826_cov_34.026135	211	291	0	8	80	0.1000000
NODE_11106_length_826_cov_34.026135	211	291	2	72	80	0.9000000
NODE_11106_length_826_cov_34.026135	264	344	0	32	80	0.4000000
NODE_11106_length_826_cov_34.026135	264	344	2	48	80	0.6000000
NODE_11107_length_826_cov_24.093535	282	362	4	34	80	0.4250000
NODE_11107_length_826_cov_24.093535	282	362	6	46	80	0.5750000
NODE_11107_length_826_cov_24.093535	335	415	0	15	80	0.1875000
NODE_11107_length_826_cov_24.093535	335	415	2	21	80	0.2625000
NODE_11107_length_826_cov_24.093535	335	415	6	44	80	0.5500000
NODE_11108_length_826_cov_20.943604	207	287	2	10	80	0.1250000
NODE_11108_length_826_cov_20.943604	207	287	6	31	80	0.3875000
NODE_11108_length_826_cov_20.943604	207	287	12	23	80	0.2875000
NODE_11108_length_826_cov_20.943604	207	287	13	9	80	0.1125000
NODE_11108_length_826_cov_20.943604	207	287	14	7	80	0.0875000
NODE_11108_length_826_cov_20.943604	260	340	10	32	80	0.4000000
NODE_11108_length_826_cov_20.943604	260	340	12	11	80	0.1375000
NODE_11108_length_826_cov_20.943604	260	340	13	14	80	0.1750000
NODE_11108_length_826_cov_20.943604	260	340	14	23	80	0.2875000
NODE_11109_length_826_cov_20.437414	413	493	4	70	80	0.8750000
NODE_11109_length_826_cov_20.437414	413	493	6	10	80	0.1250000
NODE_11109_length_826_cov_20.437414	466	546	0	19	80	0.2375000
NODE_11109_length_826_cov_20.437414	466	546	4	61	80	0.7625000
NODE_11110_length_826_cov_20.200825	432	512	0	80	80	1.0000000
NODE_11110_length_826_cov_20.200825	485	565	0	80	80	1.0000000
NODE_11111_length_826_cov_18.489684	345	425	2	9	80	0.1125000
NODE_11111_length_826_cov_18.489684	345	425	4	71	80	0.8875000
NODE_11111_length_826_cov_18.489684	398	478	0	4	80	0.0500000
NODE_11111_length_826_cov_18.489684	398	478	2	37	80	0.4625000
NODE_11111_length_826_cov_18.489684	398	478	4	39	80	0.4875000
NODE_11112_length_826_cov_17.998624	336	416	2	12	80	0.1500000
NODE_11112_length_826_cov_17.998624	336	416	4	37	80	0.4625000
NODE_11112_length_826_cov_17.998624	336	416	6	31	80	0.3875000
NODE_11112_length_826_cov_17.998624	389	469	2	16	80	0.2000000
NODE_11112_length_826_cov_17.998624	389	469	4	49	80	0.6125000
NODE_11112_length_826_cov_17.998624	389	469	6	15	80	0.1875000
NODE_11113_length_826_cov_17.038514	358	438	2	4	80	0.0500000
NODE_11113_length_826_cov_17.038514	358	438	4	76	80	0.9500000
NODE_11113_length_826_cov_17.038514	411	491	0	30	80	0.3750000
NODE_11113_length_826_cov_17.038514	411	491	2	27	80	0.3375000
NODE_11113_length_826_cov_17.038514	411	491	4	23	80	0.2875000
NODE_11114_length_826_cov_16.777166	514	603	3	11	89	0.1235955
NODE_11114_length_826_cov_16.777166	514	603	7	4	89	0.0449438
NODE_11114_length_826_cov_16.777166	514	603	15	1	89	0.0112360
NODE_11114_length_826_cov_16.777166	514	603	16	3	89	0.0337079
NODE_11114_length_826_cov_16.777166	514	603	20	68	89	0.7640449
NODE_11114_length_826_cov_16.777166	514	603	22	2	89	0.0224719
NODE_11115_length_826_cov_16.177442	361	441	0	1	80	0.0125000
NODE_11115_length_826_cov_16.177442	361	441	12	7	80	0.0875000
NODE_11115_length_826_cov_16.177442	361	441	14	20	80	0.2500000
NODE_11115_length_826_cov_16.177442	361	441	16	26	80	0.3250000
NODE_11115_length_826_cov_16.177442	361	441	18	26	80	0.3250000
NODE_11115_length_826_cov_16.177442	414	494	14	25	80	0.3125000
NODE_11115_length_826_cov_16.177442	414	494	16	21	80	0.2625000
NODE_11115_length_826_cov_16.177442	414	494	18	34	80	0.4250000
NODE_11116_length_826_cov_15.134801	346	426	8	13	80	0.1625000
NODE_11116_length_826_cov_15.134801	346	426	10	67	80	0.8375000
NODE_11116_length_826_cov_15.134801	399	479	0	30	80	0.3750000
NODE_11116_length_826_cov_15.134801	399	479	8	36	80	0.4500000
NODE_11116_length_826_cov_15.134801	399	479	10	14	80	0.1750000
NODE_11117_length_826_cov_9.943604	320	400	0	80	80	1.0000000
NODE_11117_length_826_cov_9.943604	373	453	0	80	80	1.0000000
NODE_11120_length_826_cov_4.852820	501	579	0	78	78	1.0000000
NODE_11120_length_826_cov_4.852820	552	632	0	80	80	1.0000000
NODE_11161_length_825_cov_61.804408	382	462	0	37	80	0.4625000
NODE_11161_length_825_cov_61.804408	382	462	2	43	80	0.5375000
NODE_11161_length_825_cov_61.804408	435	514	0	6	79	0.0759494
NODE_11161_length_825_cov_61.804408	435	514	2	73	79	0.9240506
NODE_11162_length_825_cov_43.825069	488	568	0	21	80	0.2625000
NODE_11162_length_825_cov_43.825069	488	568	12	59	80	0.7375000
NODE_11162_length_825_cov_43.825069	541	621	0	74	80	0.9250000
NODE_11162_length_825_cov_43.825069	541	621	12	6	80	0.0750000
NODE_11162_length_825_cov_43.825069	617	697	0	80	80	1.0000000
NODE_11162_length_825_cov_43.825069	670	750	0	30	80	0.3750000
NODE_11162_length_825_cov_43.825069	670	750	4	10	80	0.1250000
NODE_11162_length_825_cov_43.825069	670	750	6	40	80	0.5000000
NODE_11163_length_825_cov_43.389807	496	576	0	4	80	0.0500000
NODE_11163_length_825_cov_43.389807	496	576	6	14	80	0.1750000
NODE_11163_length_825_cov_43.389807	496	576	8	9	80	0.1125000
NODE_11163_length_825_cov_43.389807	496	576	10	15	80	0.1875000
NODE_11163_length_825_cov_43.389807	496	576	16	4	80	0.0500000
NODE_11163_length_825_cov_43.389807	496	576	20	34	80	0.4250000
NODE_11163_length_825_cov_43.389807	549	629	6	10	80	0.1250000
NODE_11163_length_825_cov_43.389807	549	629	8	4	80	0.0500000
NODE_11163_length_825_cov_43.389807	549	629	10	8	80	0.1000000
NODE_11163_length_825_cov_43.389807	549	629	14	1	80	0.0125000
NODE_11163_length_825_cov_43.389807	549	629	20	57	80	0.7125000
NODE_11164_length_825_cov_39.603306	386	466	0	1	80	0.0125000
NODE_11164_length_825_cov_39.603306	386	466	2	79	80	0.9875000
NODE_11164_length_825_cov_39.603306	439	519	0	54	80	0.6750000
NODE_11164_length_825_cov_39.603306	439	519	2	26	80	0.3250000
NODE_11165_length_825_cov_32.205234	354	434	5	24	80	0.3000000
NODE_11165_length_825_cov_32.205234	354	434	6	13	80	0.1625000
NODE_11165_length_825_cov_32.205234	354	434	12	12	80	0.1500000
NODE_11165_length_825_cov_32.205234	354	434	14	31	80	0.3875000
NODE_11165_length_825_cov_32.205234	407	487	6	24	80	0.3000000
NODE_11165_length_825_cov_32.205234	407	487	8	14	80	0.1750000
NODE_11165_length_825_cov_32.205234	407	487	13	1	80	0.0125000
NODE_11165_length_825_cov_32.205234	407	487	14	41	80	0.5125000
NODE_11166_length_825_cov_29.411846	503	583	0	15	80	0.1875000
NODE_11166_length_825_cov_29.411846	503	583	4	7	80	0.0875000
NODE_11166_length_825_cov_29.411846	503	583	6	58	80	0.7250000
NODE_11166_length_825_cov_29.411846	556	636	0	33	80	0.4125000
NODE_11166_length_825_cov_29.411846	556	636	2	18	80	0.2250000
NODE_11166_length_825_cov_29.411846	556	636	6	29	80	0.3625000
NODE_11167_length_825_cov_22.428375	312	392	2	4	80	0.0500000
NODE_11167_length_825_cov_22.428375	312	392	4	17	80	0.2125000
NODE_11167_length_825_cov_22.428375	312	392	6	59	80	0.7375000
NODE_11167_length_825_cov_22.428375	365	445	2	15	80	0.1875000
NODE_11167_length_825_cov_22.428375	365	445	4	38	80	0.4750000
NODE_11167_length_825_cov_22.428375	365	445	6	27	80	0.3375000
NODE_11167_length_825_cov_22.428375	441	521	0	1	80	0.0125000
NODE_11167_length_825_cov_22.428375	441	521	2	16	80	0.2000000
NODE_11167_length_825_cov_22.428375	441	521	12	63	80	0.7875000
NODE_11167_length_825_cov_22.428375	494	574	12	80	80	1.0000000
NODE_11168_length_825_cov_19.964187	249	329	0	16	80	0.2000000
NODE_11168_length_825_cov_19.964187	249	329	2	64	80	0.8000000
NODE_11168_length_825_cov_19.964187	302	382	0	69	80	0.8625000
NODE_11168_length_825_cov_19.964187	302	382	2	11	80	0.1375000
NODE_11169_length_825_cov_13.790634	273	353	2	80	80	1.0000000
NODE_11169_length_825_cov_13.790634	326	406	0	27	80	0.3375000
NODE_11169_length_825_cov_13.790634	326	406	2	53	80	0.6625000
NODE_11170_length_825_cov_11.834711	331	411	0	2	80	0.0250000
NODE_11170_length_825_cov_11.834711	331	411	2	3	80	0.0375000
NODE_11170_length_825_cov_11.834711	331	411	4	75	80	0.9375000
NODE_11170_length_825_cov_11.834711	384	464	0	55	80	0.6875000
NODE_11170_length_825_cov_11.834711	384	464	2	3	80	0.0375000
NODE_11170_length_825_cov_11.834711	384	464	4	22	80	0.2750000
NODE_11171_length_825_cov_11.477961	392	472	2	25	80	0.3125000
NODE_11171_length_825_cov_11.477961	392	472	4	3	80	0.0375000
NODE_11171_length_825_cov_11.477961	392	472	6	5	80	0.0625000
NODE_11171_length_825_cov_11.477961	392	472	8	47	80	0.5875000
NODE_11172_length_825_cov_8.947658	259	339	0	37	80	0.4625000
NODE_11172_length_825_cov_8.947658	259	339	2	43	80	0.5375000
NODE_11172_length_825_cov_8.947658	312	392	0	80	80	1.0000000
NODE_11173_length_825_cov_7.811295	379	459	0	1	80	0.0125000
NODE_11173_length_825_cov_7.811295	379	459	2	8	80	0.1000000
NODE_11173_length_825_cov_7.811295	379	459	4	71	80	0.8875000
NODE_11173_length_825_cov_7.811295	432	512	0	8	80	0.1000000
NODE_11173_length_825_cov_7.811295	432	512	2	26	80	0.3250000
NODE_11173_length_825_cov_7.811295	432	512	4	46	80	0.5750000
NODE_11174_length_825_cov_7.104683	464	544	2	80	80	1.0000000
NODE_11174_length_825_cov_7.104683	517	597	2	80	80	1.0000000
NODE_11176_length_825_cov_6.252066	542	622	0	10	80	0.1250000
NODE_11176_length_825_cov_6.252066	542	622	2	70	80	0.8750000
NODE_11176_length_825_cov_6.252066	595	675	0	17	80	0.2125000
NODE_11176_length_825_cov_6.252066	595	675	2	63	80	0.7875000
NODE_11178_length_825_cov_5.230028	264	344	0	18	80	0.2250000
NODE_11178_length_825_cov_5.230028	264	344	2	62	80	0.7750000
NODE_11178_length_825_cov_5.230028	317	372	2	55	55	1.0000000
NODE_11178_length_825_cov_5.230028	383	463	2	80	80	1.0000000
NODE_11178_length_825_cov_5.230028	436	516	0	29	80	0.3625000
NODE_11178_length_825_cov_5.230028	436	516	2	51	80	0.6375000
NODE_11205_length_825_cov_0.765840	0	50	0	50	50	1.0000000
NODE_11207_length_824_cov_27.074483	337	412	12	56	75	0.7466667
NODE_11207_length_824_cov_27.074483	337	412	14	5	75	0.0666667
NODE_11207_length_824_cov_27.074483	337	412	15	14	75	0.1866667
NODE_11207_length_824_cov_27.074483	390	470	6	5	80	0.0625000
NODE_11207_length_824_cov_27.074483	390	470	9	2	80	0.0250000
NODE_11207_length_824_cov_27.074483	390	470	12	16	80	0.2000000
NODE_11207_length_824_cov_27.074483	390	470	13	45	80	0.5625000
NODE_11207_length_824_cov_27.074483	390	470	15	12	80	0.1500000
NODE_11208_length_824_cov_23.936552	365	445	0	42	80	0.5250000
NODE_11208_length_824_cov_23.936552	365	445	2	38	80	0.4750000
NODE_11208_length_824_cov_23.936552	418	493	2	75	75	1.0000000
NODE_11209_length_824_cov_22.129655	377	457	10	3	80	0.0375000
NODE_11209_length_824_cov_22.129655	377	457	12	25	80	0.3125000
NODE_11209_length_824_cov_22.129655	377	457	14	52	80	0.6500000
NODE_11209_length_824_cov_22.129655	430	510	0	10	80	0.1250000
NODE_11209_length_824_cov_22.129655	430	510	2	13	80	0.1625000
NODE_11209_length_824_cov_22.129655	430	510	10	33	80	0.4125000
NODE_11209_length_824_cov_22.129655	430	510	14	24	80	0.3000000
NODE_11210_length_824_cov_17.914483	387	467	0	3	80	0.0375000
NODE_11210_length_824_cov_17.914483	387	467	4	8	80	0.1000000
NODE_11210_length_824_cov_17.914483	387	467	6	2	80	0.0250000
NODE_11210_length_824_cov_17.914483	387	467	8	67	80	0.8375000
NODE_11210_length_824_cov_17.914483	440	520	0	56	80	0.7000000
NODE_11210_length_824_cov_17.914483	440	520	4	8	80	0.1000000
NODE_11210_length_824_cov_17.914483	440	520	6	2	80	0.0250000
NODE_11210_length_824_cov_17.914483	440	520	8	14	80	0.1750000
NODE_11211_length_824_cov_16.662069	362	442	0	65	80	0.8125000
NODE_11211_length_824_cov_16.662069	362	442	2	15	80	0.1875000
NODE_11211_length_824_cov_16.662069	415	495	0	29	80	0.3625000
NODE_11211_length_824_cov_16.662069	415	495	2	51	80	0.6375000
NODE_11212_length_824_cov_16.306207	352	432	4	8	80	0.1000000
NODE_11212_length_824_cov_16.306207	352	432	6	8	80	0.1000000
NODE_11212_length_824_cov_16.306207	352	432	8	64	80	0.8000000
NODE_11212_length_824_cov_16.306207	405	485	0	46	80	0.5750000
NODE_11212_length_824_cov_16.306207	405	485	2	1	80	0.0125000
NODE_11212_length_824_cov_16.306207	405	485	4	14	80	0.1750000
NODE_11212_length_824_cov_16.306207	405	485	8	19	80	0.2375000
NODE_11213_length_824_cov_15.891034	342	422	0	25	80	0.3125000
NODE_11213_length_824_cov_15.891034	342	422	2	55	80	0.6875000
NODE_11213_length_824_cov_15.891034	395	475	0	15	80	0.1875000
NODE_11213_length_824_cov_15.891034	395	475	2	65	80	0.8125000
NODE_11214_length_824_cov_12.485517	280	360	3	17	80	0.2125000
NODE_11214_length_824_cov_12.485517	280	360	5	29	80	0.3625000
NODE_11214_length_824_cov_12.485517	280	360	8	34	80	0.4250000
NODE_11214_length_824_cov_12.485517	333	413	3	1	80	0.0125000
NODE_11214_length_824_cov_12.485517	333	413	6	33	80	0.4125000
NODE_11214_length_824_cov_12.485517	333	413	8	46	80	0.5750000
NODE_11216_length_824_cov_5.924138	269	349	2	37	80	0.4625000
NODE_11216_length_824_cov_5.924138	269	349	4	43	80	0.5375000
NODE_11216_length_824_cov_5.924138	322	402	0	16	80	0.2000000
NODE_11216_length_824_cov_5.924138	322	402	4	64	80	0.8000000
NODE_11222_length_824_cov_3.849655	191	271	0	80	80	1.0000000
NODE_11251_length_823_cov_75.169890	207	287	2	45	80	0.5625000
NODE_11251_length_823_cov_75.169890	207	287	4	27	80	0.3375000
NODE_11251_length_823_cov_75.169890	207	287	13	5	80	0.0625000
NODE_11251_length_823_cov_75.169890	207	287	15	1	80	0.0125000
NODE_11251_length_823_cov_75.169890	207	287	16	2	80	0.0250000
NODE_11251_length_823_cov_75.169890	260	340	4	19	80	0.2375000
NODE_11251_length_823_cov_75.169890	260	340	13	5	80	0.0625000
NODE_11251_length_823_cov_75.169890	260	340	15	1	80	0.0125000
NODE_11251_length_823_cov_75.169890	260	340	16	4	80	0.0500000
NODE_11251_length_823_cov_75.169890	260	340	19	19	80	0.2375000
NODE_11251_length_823_cov_75.169890	260	340	25	3	80	0.0375000
NODE_11251_length_823_cov_75.169890	260	340	26	22	80	0.2750000
NODE_11251_length_823_cov_75.169890	260	340	27	7	80	0.0875000
NODE_11251_length_823_cov_75.169890	336	416	24	1	80	0.0125000
NODE_11251_length_823_cov_75.169890	336	416	25	1	80	0.0125000
NODE_11251_length_823_cov_75.169890	336	416	26	78	80	0.9750000
NODE_11251_length_823_cov_75.169890	389	469	2	11	80	0.1375000
NODE_11251_length_823_cov_75.169890	389	469	11	19	80	0.2375000
NODE_11251_length_823_cov_75.169890	389	469	14	5	80	0.0625000
NODE_11251_length_823_cov_75.169890	389	469	17	5	80	0.0625000
NODE_11251_length_823_cov_75.169890	389	469	26	40	80	0.5000000
NODE_11253_length_823_cov_37.738950	332	412	4	14	80	0.1750000
NODE_11253_length_823_cov_37.738950	332	412	6	31	80	0.3875000
NODE_11253_length_823_cov_37.738950	332	412	7	28	80	0.3500000
NODE_11253_length_823_cov_37.738950	332	412	8	7	80	0.0875000
NODE_11253_length_823_cov_37.738950	385	466	0	16	81	0.1975309
NODE_11253_length_823_cov_37.738950	385	466	4	45	81	0.5555556
NODE_11253_length_823_cov_37.738950	385	466	6	20	81	0.2469136
NODE_11254_length_823_cov_29.349448	400	480	0	6	80	0.0750000
NODE_11254_length_823_cov_29.349448	400	480	2	18	80	0.2250000
NODE_11254_length_823_cov_29.349448	400	480	4	56	80	0.7000000
NODE_11254_length_823_cov_29.349448	453	533	0	27	80	0.3375000
NODE_11254_length_823_cov_29.349448	453	533	2	20	80	0.2500000
NODE_11254_length_823_cov_29.349448	453	533	4	33	80	0.4125000
NODE_11255_length_823_cov_25.730663	338	418	0	70	80	0.8750000
NODE_11255_length_823_cov_25.730663	338	418	4	1	80	0.0125000
NODE_11255_length_823_cov_25.730663	338	418	5	3	80	0.0375000
NODE_11255_length_823_cov_25.730663	338	418	6	6	80	0.0750000
NODE_11255_length_823_cov_25.730663	391	471	0	17	80	0.2125000
NODE_11255_length_823_cov_25.730663	391	471	4	1	80	0.0125000
NODE_11255_length_823_cov_25.730663	391	471	5	3	80	0.0375000
NODE_11255_length_823_cov_25.730663	391	471	6	59	80	0.7375000
NODE_11256_length_823_cov_24.599448	349	429	12	12	80	0.1500000
NODE_11256_length_823_cov_24.599448	349	429	20	14	80	0.1750000
NODE_11256_length_823_cov_24.599448	349	429	22	26	80	0.3250000
NODE_11256_length_823_cov_24.599448	349	429	24	28	80	0.3500000
NODE_11256_length_823_cov_24.599448	402	482	12	12	80	0.1500000
NODE_11256_length_823_cov_24.599448	402	482	20	8	80	0.1000000
NODE_11256_length_823_cov_24.599448	402	482	22	43	80	0.5375000
NODE_11256_length_823_cov_24.599448	402	482	24	17	80	0.2125000
NODE_11257_length_823_cov_22.149171	356	436	0	80	80	1.0000000
NODE_11257_length_823_cov_22.149171	409	489	0	80	80	1.0000000
NODE_11257_length_823_cov_22.149171	485	565	0	80	80	1.0000000
NODE_11257_length_823_cov_22.149171	538	618	0	80	80	1.0000000
NODE_11258_length_823_cov_20.892265	329	409	0	80	80	1.0000000
NODE_11258_length_823_cov_20.892265	382	462	0	32	80	0.4000000
NODE_11258_length_823_cov_20.892265	382	462	1	4	80	0.0500000
NODE_11258_length_823_cov_20.892265	382	462	2	1	80	0.0125000
NODE_11258_length_823_cov_20.892265	382	462	4	43	80	0.5375000
NODE_11259_length_823_cov_19.281768	305	385	8	80	80	1.0000000
NODE_11259_length_823_cov_19.281768	358	438	0	46	80	0.5750000
NODE_11259_length_823_cov_19.281768	358	438	4	4	80	0.0500000
NODE_11259_length_823_cov_19.281768	358	438	7	1	80	0.0125000
NODE_11259_length_823_cov_19.281768	358	438	8	29	80	0.3625000
NODE_11260_length_823_cov_15.738950	409	489	0	9	80	0.1125000
NODE_11260_length_823_cov_15.738950	409	489	2	3	80	0.0375000
NODE_11260_length_823_cov_15.738950	409	489	4	8	80	0.1000000
NODE_11260_length_823_cov_15.738950	409	489	6	60	80	0.7500000
NODE_11260_length_823_cov_15.738950	462	542	0	29	80	0.3625000
NODE_11260_length_823_cov_15.738950	462	542	2	3	80	0.0375000
NODE_11260_length_823_cov_15.738950	462	542	4	11	80	0.1375000
NODE_11260_length_823_cov_15.738950	462	542	6	37	80	0.4625000
NODE_11261_length_823_cov_10.729282	362	437	0	75	75	1.0000000
NODE_11261_length_823_cov_10.729282	410	484	0	74	74	1.0000000
NODE_11262_length_823_cov_9.110497	394	474	2	19	80	0.2375000
NODE_11262_length_823_cov_9.110497	394	474	4	61	80	0.7625000
NODE_11262_length_823_cov_9.110497	447	527	0	13	80	0.1625000
NODE_11262_length_823_cov_9.110497	447	527	2	56	80	0.7000000
NODE_11262_length_823_cov_9.110497	447	527	4	11	80	0.1375000
NODE_11265_length_823_cov_5.511050	168	248	4	4	80	0.0500000
NODE_11265_length_823_cov_5.511050	168	248	6	18	80	0.2250000
NODE_11265_length_823_cov_5.511050	168	248	7	4	80	0.0500000
NODE_11265_length_823_cov_5.511050	168	248	8	33	80	0.4125000
NODE_11265_length_823_cov_5.511050	168	248	9	13	80	0.1625000
NODE_11265_length_823_cov_5.511050	168	248	10	8	80	0.1000000
NODE_11265_length_823_cov_5.511050	434	485	0	51	51	1.0000000
NODE_11292_length_823_cov_0.968232	86	154	0	68	68	1.0000000
NODE_11298_length_822_cov_25.423237	377	459	5	1	82	0.0121951
NODE_11298_length_822_cov_25.423237	377	459	6	9	82	0.1097561
NODE_11298_length_822_cov_25.423237	377	459	8	72	82	0.8780488
NODE_11298_length_822_cov_25.423237	432	512	4	37	80	0.4625000
NODE_11298_length_822_cov_25.423237	432	512	6	20	80	0.2500000
NODE_11298_length_822_cov_25.423237	432	512	8	23	80	0.2875000
NODE_11299_length_822_cov_16.381743	394	474	0	20	80	0.2500000
NODE_11299_length_822_cov_16.381743	394	474	2	7	80	0.0875000
NODE_11299_length_822_cov_16.381743	394	474	4	26	80	0.3250000
NODE_11299_length_822_cov_16.381743	394	474	6	27	80	0.3375000
NODE_11299_length_822_cov_16.381743	447	527	0	73	80	0.9125000
NODE_11299_length_822_cov_16.381743	447	527	2	7	80	0.0875000
NODE_11300_length_822_cov_12.426003	223	296	0	29	73	0.3972603
NODE_11300_length_822_cov_12.426003	223	296	2	44	73	0.6027398
NODE_11300_length_822_cov_12.426003	278	349	2	71	71	1.0000000
NODE_11301_length_822_cov_10.608575	464	544	2	24	80	0.3000000
NODE_11301_length_822_cov_10.608575	464	544	4	56	80	0.7000000
NODE_11301_length_822_cov_10.608575	517	597	0	53	80	0.6625000
NODE_11301_length_822_cov_10.608575	517	597	2	24	80	0.3000000
NODE_11301_length_822_cov_10.608575	517	597	4	3	80	0.0375000
NODE_11302_length_822_cov_9.496542	363	443	0	15	80	0.1875000
NODE_11302_length_822_cov_9.496542	363	443	2	65	80	0.8125000
NODE_11302_length_822_cov_9.496542	416	496	0	47	80	0.5875000
NODE_11302_length_822_cov_9.496542	416	496	2	33	80	0.4125000
NODE_11333_length_821_cov_39.818560	341	420	2	34	79	0.4303797
NODE_11333_length_821_cov_39.818560	341	420	4	45	79	0.5696203
NODE_11333_length_821_cov_39.818560	393	473	0	34	80	0.4250000
NODE_11333_length_821_cov_39.818560	393	473	2	46	80	0.5750000
NODE_11334_length_821_cov_27.721607	299	379	0	80	80	1.0000000
NODE_11334_length_821_cov_27.721607	352	432	0	80	80	1.0000000
NODE_11335_length_821_cov_26.252078	386	466	0	1	80	0.0125000
NODE_11335_length_821_cov_26.252078	386	466	2	16	80	0.2000000
NODE_11335_length_821_cov_26.252078	386	466	6	5	80	0.0625000
NODE_11335_length_821_cov_26.252078	386	466	10	58	80	0.7250000
NODE_11335_length_821_cov_26.252078	439	519	0	54	80	0.6750000
NODE_11335_length_821_cov_26.252078	439	519	2	16	80	0.2000000
NODE_11335_length_821_cov_26.252078	439	519	6	5	80	0.0625000
NODE_11335_length_821_cov_26.252078	439	519	10	5	80	0.0625000
NODE_11336_length_821_cov_19.603878	353	433	2	20	80	0.2500000
NODE_11336_length_821_cov_19.603878	353	433	4	15	80	0.1875000
NODE_11336_length_821_cov_19.603878	353	433	5	45	80	0.5625000
NODE_11336_length_821_cov_19.603878	406	486	5	64	80	0.8000000
NODE_11336_length_821_cov_19.603878	406	486	6	16	80	0.2000000
NODE_11337_length_821_cov_15.945983	310	390	4	52	80	0.6500000
NODE_11337_length_821_cov_15.945983	310	390	6	4	80	0.0500000
NODE_11337_length_821_cov_15.945983	310	390	7	5	80	0.0625000
NODE_11337_length_821_cov_15.945983	310	390	8	19	80	0.2375000
NODE_11337_length_821_cov_15.945983	363	443	4	24	80	0.3000000
NODE_11337_length_821_cov_15.945983	363	443	6	32	80	0.4000000
NODE_11337_length_821_cov_15.945983	363	443	7	5	80	0.0625000
NODE_11337_length_821_cov_15.945983	363	443	8	19	80	0.2375000
NODE_11339_length_821_cov_8.711911	288	368	0	33	80	0.4125000
NODE_11339_length_821_cov_8.711911	288	368	2	47	80	0.5875000
NODE_11339_length_821_cov_8.711911	341	421	2	80	80	1.0000000
NODE_11349_length_821_cov_3.026316	310	390	5	13	80	0.1625000
NODE_11349_length_821_cov_3.026316	310	390	6	67	80	0.8375000
NODE_11349_length_821_cov_3.026316	363	443	1	19	80	0.2375000
NODE_11349_length_821_cov_3.026316	363	443	3	8	80	0.1000000
NODE_11349_length_821_cov_3.026316	363	443	4	14	80	0.1750000
NODE_11349_length_821_cov_3.026316	363	443	6	39	80	0.4875000
NODE_11361_length_820_cov_67.292649	328	408	0	6	80	0.0750000
NODE_11361_length_820_cov_67.292649	328	408	4	46	80	0.5750000
NODE_11361_length_820_cov_67.292649	328	408	16	28	80	0.3500000
NODE_11361_length_820_cov_67.292649	381	461	12	29	80	0.3625000
NODE_11361_length_820_cov_67.292649	381	461	14	1	80	0.0125000
NODE_11361_length_820_cov_67.292649	381	461	15	15	80	0.1875000
NODE_11361_length_820_cov_67.292649	381	461	16	35	80	0.4375000
NODE_11362_length_820_cov_26.915395	308	388	6	20	80	0.2500000
NODE_11362_length_820_cov_26.915395	308	388	8	27	80	0.3375000
NODE_11362_length_820_cov_26.915395	308	388	10	6	80	0.0750000
NODE_11362_length_820_cov_26.915395	308	388	11	1	80	0.0125000
NODE_11362_length_820_cov_26.915395	308	388	12	26	80	0.3250000
NODE_11363_length_820_cov_25.253814	301	381	2	41	80	0.5125000
NODE_11363_length_820_cov_25.253814	301	381	10	39	80	0.4875000
NODE_11363_length_820_cov_25.253814	354	434	8	19	80	0.2375000
NODE_11363_length_820_cov_25.253814	354	434	10	61	80	0.7625000
NODE_11363_length_820_cov_25.253814	430	510	2	10	80	0.1250000
NODE_11363_length_820_cov_25.253814	430	510	6	34	80	0.4250000
NODE_11363_length_820_cov_25.253814	430	510	8	33	80	0.4125000
NODE_11363_length_820_cov_25.253814	430	510	10	3	80	0.0375000
NODE_11363_length_820_cov_25.253814	483	563	6	80	80	1.0000000
NODE_11364_length_820_cov_16.015257	325	405	2	56	80	0.7000000
NODE_11364_length_820_cov_16.015257	325	405	4	24	80	0.3000000
NODE_11364_length_820_cov_16.015257	378	458	0	29	80	0.3625000
NODE_11364_length_820_cov_16.015257	378	458	2	51	80	0.6375000
NODE_11365_length_820_cov_14.703190	371	451	2	80	80	1.0000000
NODE_11365_length_820_cov_14.703190	424	504	0	48	80	0.6000000
NODE_11365_length_820_cov_14.703190	424	504	2	32	80	0.4000000
NODE_11366_length_820_cov_14.527046	249	329	0	80	80	1.0000000
NODE_11366_length_820_cov_14.527046	302	382	0	80	80	1.0000000
NODE_11367_length_820_cov_14.284327	286	366	0	33	80	0.4125000
NODE_11367_length_820_cov_14.284327	286	366	4	27	80	0.3375000
NODE_11367_length_820_cov_14.284327	286	366	6	20	80	0.2500000
NODE_11367_length_820_cov_14.284327	339	419	4	7	80	0.0875000
NODE_11367_length_820_cov_14.284327	339	419	6	73	80	0.9125000
NODE_11367_length_820_cov_14.284327	619	699	0	80	80	1.0000000
NODE_11368_length_820_cov_13.036061	364	444	0	80	80	1.0000000
NODE_11368_length_820_cov_13.036061	417	497	0	80	80	1.0000000
NODE_11369_length_820_cov_12.830791	313	393	0	8	80	0.1000000
NODE_11369_length_820_cov_12.830791	313	393	2	13	80	0.1625000
NODE_11369_length_820_cov_12.830791	313	393	4	2	80	0.0250000
NODE_11369_length_820_cov_12.830791	313	393	5	3	80	0.0375000
NODE_11369_length_820_cov_12.830791	313	393	6	20	80	0.2500000
NODE_11369_length_820_cov_12.830791	313	393	7	34	80	0.4250000
NODE_11369_length_820_cov_12.830791	366	446	2	12	80	0.1500000
NODE_11369_length_820_cov_12.830791	366	446	5	4	80	0.0500000
NODE_11369_length_820_cov_12.830791	366	446	7	64	80	0.8000000
NODE_11370_length_820_cov_12.768377	366	443	0	77	77	1.0000000
NODE_11370_length_820_cov_12.768377	496	525	0	29	29	1.0000000
NODE_11371_length_820_cov_12.223301	452	519	0	67	67	1.0000000
NODE_11371_length_820_cov_12.223301	492	572	0	80	80	1.0000000
NODE_11396_length_819_cov_43.027778	403	483	0	80	80	1.0000000
NODE_11396_length_819_cov_43.027778	456	536	0	80	80	1.0000000
NODE_11396_length_819_cov_43.027778	532	612	0	72	80	0.9000000
NODE_11396_length_819_cov_43.027778	532	612	2	2	80	0.0250000
NODE_11396_length_819_cov_43.027778	532	612	4	6	80	0.0750000
NODE_11396_length_819_cov_43.027778	585	665	0	19	80	0.2375000
NODE_11396_length_819_cov_43.027778	585	665	2	2	80	0.0250000
NODE_11396_length_819_cov_43.027778	585	665	4	59	80	0.7375000
NODE_11397_length_819_cov_42.758333	391	471	18	8	80	0.1000000
NODE_11397_length_819_cov_42.758333	391	471	22	27	80	0.3375000
NODE_11397_length_819_cov_42.758333	391	471	23	1	80	0.0125000
NODE_11397_length_819_cov_42.758333	391	471	27	25	80	0.3125000
NODE_11397_length_819_cov_42.758333	391	471	28	15	80	0.1875000
NODE_11397_length_819_cov_42.758333	391	471	29	4	80	0.0500000
NODE_11397_length_819_cov_42.758333	444	524	8	9	80	0.1125000
NODE_11397_length_819_cov_42.758333	444	524	20	17	80	0.2125000
NODE_11397_length_819_cov_42.758333	444	524	24	16	80	0.2000000
NODE_11397_length_819_cov_42.758333	444	524	26	4	80	0.0500000
NODE_11397_length_819_cov_42.758333	444	524	27	12	80	0.1500000
NODE_11397_length_819_cov_42.758333	444	524	28	22	80	0.2750000
NODE_11398_length_819_cov_41.341667	86	166	6	23	80	0.2875000
NODE_11398_length_819_cov_41.341667	86	166	8	21	80	0.2625000
NODE_11398_length_819_cov_41.341667	86	166	10	36	80	0.4500000
NODE_11398_length_819_cov_41.341667	139	219	4	24	80	0.3000000
NODE_11398_length_819_cov_41.341667	139	219	8	50	80	0.6250000
NODE_11398_length_819_cov_41.341667	139	219	10	6	80	0.0750000
NODE_11398_length_819_cov_41.341667	215	295	0	1	80	0.0125000
NODE_11398_length_819_cov_41.341667	215	295	2	73	80	0.9125000
NODE_11398_length_819_cov_41.341667	215	295	4	6	80	0.0750000
NODE_11398_length_819_cov_41.341667	268	348	0	53	80	0.6625000
NODE_11398_length_819_cov_41.341667	268	348	2	27	80	0.3375000
NODE_11399_length_819_cov_23.656944	335	415	0	7	80	0.0875000
NODE_11399_length_819_cov_23.656944	335	415	2	22	80	0.2750000
NODE_11399_length_819_cov_23.656944	335	415	6	51	80	0.6375000
NODE_11399_length_819_cov_23.656944	388	468	0	10	80	0.1250000
NODE_11399_length_819_cov_23.656944	388	468	3	1	80	0.0125000
NODE_11399_length_819_cov_23.656944	388	468	4	35	80	0.4375000
NODE_11399_length_819_cov_23.656944	388	468	6	34	80	0.4250000
NODE_11400_length_819_cov_20.633333	475	555	0	18	80	0.2250000
NODE_11400_length_819_cov_20.633333	475	555	2	17	80	0.2125000
NODE_11400_length_819_cov_20.633333	475	555	10	3	80	0.0375000
NODE_11400_length_819_cov_20.633333	475	555	12	21	80	0.2625000
NODE_11400_length_819_cov_20.633333	475	555	14	21	80	0.2625000
NODE_11400_length_819_cov_20.633333	528	608	0	71	80	0.8875000
NODE_11400_length_819_cov_20.633333	528	608	2	9	80	0.1125000
NODE_11401_length_819_cov_18.941667	307	387	0	80	80	1.0000000
NODE_11401_length_819_cov_18.941667	360	440	0	32	80	0.4000000
NODE_11401_length_819_cov_18.941667	360	440	2	48	80	0.6000000
NODE_11401_length_819_cov_18.941667	436	516	2	6	80	0.0750000
NODE_11401_length_819_cov_18.941667	436	516	4	74	80	0.9250000
NODE_11401_length_819_cov_18.941667	489	569	0	42	80	0.5250000
NODE_11401_length_819_cov_18.941667	489	569	2	13	80	0.1625000
NODE_11401_length_819_cov_18.941667	489	569	4	25	80	0.3125000
NODE_11402_length_819_cov_12.225000	431	511	2	15	80	0.1875000
NODE_11402_length_819_cov_12.225000	431	511	3	1	80	0.0125000
NODE_11402_length_819_cov_12.225000	431	511	4	64	80	0.8000000
NODE_11402_length_819_cov_12.225000	484	564	0	17	80	0.2125000
NODE_11402_length_819_cov_12.225000	484	564	2	39	80	0.4875000
NODE_11402_length_819_cov_12.225000	484	564	3	1	80	0.0125000
NODE_11402_length_819_cov_12.225000	484	564	4	23	80	0.2875000
NODE_11403_length_819_cov_11.562500	273	353	6	5	80	0.0625000
NODE_11403_length_819_cov_11.562500	273	353	8	12	80	0.1500000
NODE_11403_length_819_cov_11.562500	273	353	14	11	80	0.1375000
NODE_11403_length_819_cov_11.562500	273	353	16	52	80	0.6500000
NODE_11403_length_819_cov_11.562500	326	406	8	24	80	0.3000000
NODE_11403_length_819_cov_11.562500	326	406	12	24	80	0.3000000
NODE_11403_length_819_cov_11.562500	326	406	14	3	80	0.0375000
NODE_11403_length_819_cov_11.562500	326	406	16	29	80	0.3625000
NODE_11404_length_819_cov_8.905556	477	557	0	15	80	0.1875000
NODE_11404_length_819_cov_8.905556	477	557	4	65	80	0.8125000
NODE_11404_length_819_cov_8.905556	530	610	0	68	80	0.8500000
NODE_11404_length_819_cov_8.905556	530	610	4	12	80	0.1500000
NODE_11405_length_819_cov_5.675000	232	312	0	80	80	1.0000000
NODE_11405_length_819_cov_5.675000	285	365	0	80	80	1.0000000
NODE_11431_length_818_cov_21.979138	342	422	0	38	80	0.4750000
NODE_11431_length_818_cov_21.979138	342	422	4	5	80	0.0625000
NODE_11431_length_818_cov_21.979138	342	422	6	37	80	0.4625000
NODE_11431_length_818_cov_21.979138	395	475	6	80	80	1.0000000
NODE_11432_length_818_cov_15.326843	334	414	2	10	80	0.1250000
NODE_11432_length_818_cov_15.326843	334	414	6	70	80	0.8750000
NODE_11432_length_818_cov_15.326843	387	467	0	30	80	0.3750000
NODE_11432_length_818_cov_15.326843	387	467	6	50	80	0.6250000
NODE_11433_length_818_cov_14.880389	392	472	5	1	80	0.0125000
NODE_11433_length_818_cov_14.880389	392	472	6	11	80	0.1375000
NODE_11433_length_818_cov_14.880389	392	472	7	3	80	0.0375000
NODE_11433_length_818_cov_14.880389	392	472	11	30	80	0.3750000
NODE_11433_length_818_cov_14.880389	392	472	12	18	80	0.2250000
NODE_11433_length_818_cov_14.880389	392	472	13	1	80	0.0125000
NODE_11433_length_818_cov_14.880389	392	472	14	16	80	0.2000000
NODE_11433_length_818_cov_14.880389	445	525	3	33	80	0.4125000
NODE_11433_length_818_cov_14.880389	445	525	4	11	80	0.1375000
NODE_11433_length_818_cov_14.880389	445	525	5	10	80	0.1250000
NODE_11433_length_818_cov_14.880389	445	525	6	11	80	0.1375000
NODE_11433_length_818_cov_14.880389	445	525	7	3	80	0.0375000
NODE_11433_length_818_cov_14.880389	445	525	11	11	80	0.1375000
NODE_11433_length_818_cov_14.880389	445	525	13	1	80	0.0125000
NODE_11434_length_818_cov_12.369958	390	470	0	2	80	0.0250000
NODE_11434_length_818_cov_12.369958	390	470	8	4	80	0.0500000
NODE_11434_length_818_cov_12.369958	390	470	10	74	80	0.9250000
NODE_11434_length_818_cov_12.369958	443	523	0	26	80	0.3250000
NODE_11434_length_818_cov_12.369958	443	523	2	7	80	0.0875000
NODE_11434_length_818_cov_12.369958	443	523	10	47	80	0.5875000
NODE_11436_length_818_cov_8.421419	370	450	0	80	80	1.0000000
NODE_11436_length_818_cov_8.421419	423	503	0	80	80	1.0000000
NODE_11437_length_818_cov_6.439499	706	741	0	35	35	1.0000000
NODE_11439_length_818_cov_4.098748	320	390	0	2	70	0.0285714
NODE_11439_length_818_cov_4.098748	320	390	4	14	70	0.2000000
NODE_11439_length_818_cov_4.098748	320	390	6	54	70	0.7714286
NODE_11439_length_818_cov_4.098748	416	472	0	56	56	1.0000000
NODE_11457_length_817_cov_7.238162	494	574	0	80	80	1.0000000
NODE_11457_length_817_cov_7.238162	547	627	0	80	80	1.0000000
NODE_11458_length_817_cov_5.789694	400	480	0	80	80	1.0000000
NODE_11458_length_817_cov_5.789694	476	555	0	79	79	1.0000000
NODE_11458_length_817_cov_5.789694	528	608	0	80	80	1.0000000
NODE_11462_length_817_cov_4.357939	433	513	0	80	80	1.0000000
NODE_11462_length_817_cov_4.357939	486	566	0	80	80	1.0000000
NODE_11486_length_817_cov_0.692201	626	696	2	4	70	0.0571429
NODE_11486_length_817_cov_0.692201	626	696	4	66	70	0.9428571
NODE_11488_length_816_cov_69.800558	395	475	2	25	80	0.3125000
NODE_11488_length_816_cov_69.800558	395	475	10	5	80	0.0625000
NODE_11488_length_816_cov_69.800558	395	475	12	50	80	0.6250000
NODE_11488_length_816_cov_69.800558	448	520	0	3	72	0.0416667
NODE_11488_length_816_cov_69.800558	448	520	8	13	72	0.1805556
NODE_11488_length_816_cov_69.800558	448	520	10	13	72	0.1805556
NODE_11488_length_816_cov_69.800558	448	520	12	43	72	0.5972222
NODE_11489_length_816_cov_19.044630	77	154	0	77	77	1.0000000
NODE_11489_length_816_cov_19.044630	130	212	0	82	82	1.0000000
NODE_11490_length_816_cov_16.418410	381	461	0	80	80	1.0000000
NODE_11490_length_816_cov_16.418410	434	514	0	80	80	1.0000000
NODE_11491_length_816_cov_15.945607	319	399	0	26	80	0.3250000
NODE_11491_length_816_cov_15.945607	319	399	2	54	80	0.6750000
NODE_11491_length_816_cov_15.945607	372	452	0	29	80	0.3625000
NODE_11491_length_816_cov_15.945607	372	452	2	51	80	0.6375000
NODE_11492_length_816_cov_12.797768	358	438	6	13	80	0.1625000
NODE_11492_length_816_cov_12.797768	358	438	8	67	80	0.8375000
NODE_11492_length_816_cov_12.797768	411	491	0	11	80	0.1375000
NODE_11492_length_816_cov_12.797768	411	491	4	6	80	0.0750000
NODE_11492_length_816_cov_12.797768	411	491	5	10	80	0.1250000
NODE_11492_length_816_cov_12.797768	411	491	6	39	80	0.4875000
NODE_11492_length_816_cov_12.797768	411	491	8	14	80	0.1750000
NODE_11493_length_816_cov_12.086471	242	322	0	24	80	0.3000000
NODE_11493_length_816_cov_12.086471	242	322	2	35	80	0.4375000
NODE_11493_length_816_cov_12.086471	242	322	4	3	80	0.0375000
NODE_11493_length_816_cov_12.086471	242	322	6	18	80	0.2250000
NODE_11493_length_816_cov_12.086471	295	375	2	6	80	0.0750000
NODE_11493_length_816_cov_12.086471	295	375	4	14	80	0.1750000
NODE_11493_length_816_cov_12.086471	295	375	6	60	80	0.7500000
NODE_11495_length_816_cov_3.873082	412	492	0	80	80	1.0000000
NODE_11495_length_816_cov_3.873082	465	545	0	80	80	1.0000000
NODE_11516_length_815_cov_48.090782	334	414	0	28	80	0.3500000
NODE_11516_length_815_cov_48.090782	334	414	2	23	80	0.2875000
NODE_11516_length_815_cov_48.090782	334	414	6	29	80	0.3625000
NODE_11516_length_815_cov_48.090782	387	467	2	9	80	0.1125000
NODE_11516_length_815_cov_48.090782	387	467	4	18	80	0.2250000
NODE_11516_length_815_cov_48.090782	387	467	6	53	80	0.6625000
NODE_11517_length_815_cov_27.748603	290	370	0	18	80	0.2250000
NODE_11517_length_815_cov_27.748603	290	370	1	3	80	0.0375000
NODE_11517_length_815_cov_27.748603	290	370	2	47	80	0.5875000
NODE_11517_length_815_cov_27.748603	290	370	4	12	80	0.1500000
NODE_11517_length_815_cov_27.748603	343	423	2	15	80	0.1875000
NODE_11517_length_815_cov_27.748603	343	423	4	24	80	0.3000000
NODE_11517_length_815_cov_27.748603	343	423	8	41	80	0.5125000
NODE_11518_length_815_cov_23.748603	429	509	0	45	80	0.5625000
NODE_11518_length_815_cov_23.748603	429	509	2	4	80	0.0500000
NODE_11518_length_815_cov_23.748603	429	509	4	11	80	0.1375000
NODE_11518_length_815_cov_23.748603	429	509	6	20	80	0.2500000
NODE_11518_length_815_cov_23.748603	482	562	2	6	80	0.0750000
NODE_11518_length_815_cov_23.748603	482	562	4	23	80	0.2875000
NODE_11518_length_815_cov_23.748603	482	562	6	51	80	0.6375000
NODE_11519_length_815_cov_14.870112	318	398	7	3	80	0.0375000
NODE_11519_length_815_cov_14.870112	318	398	8	73	80	0.9125000
NODE_11519_length_815_cov_14.870112	318	398	9	4	80	0.0500000
NODE_11519_length_815_cov_14.870112	371	451	2	28	80	0.3500000
NODE_11519_length_815_cov_14.870112	371	451	3	1	80	0.0125000
NODE_11519_length_815_cov_14.870112	371	451	6	8	80	0.1000000
NODE_11519_length_815_cov_14.870112	371	451	7	3	80	0.0375000
NODE_11519_length_815_cov_14.870112	371	451	8	20	80	0.2500000
NODE_11519_length_815_cov_14.870112	371	451	9	20	80	0.2500000
NODE_11520_length_815_cov_13.317039	338	418	0	9	80	0.1125000
NODE_11520_length_815_cov_13.317039	338	418	8	1	80	0.0125000
NODE_11520_length_815_cov_13.317039	338	418	11	22	80	0.2750000
NODE_11520_length_815_cov_13.317039	338	418	12	48	80	0.6000000
NODE_11520_length_815_cov_13.317039	391	471	7	23	80	0.2875000
NODE_11520_length_815_cov_13.317039	391	471	11	52	80	0.6500000
NODE_11520_length_815_cov_13.317039	391	471	12	5	80	0.0625000
NODE_11521_length_815_cov_12.270950	315	395	0	59	80	0.7375000
NODE_11521_length_815_cov_12.270950	315	395	8	21	80	0.2625000
NODE_11521_length_815_cov_12.270950	368	448	0	6	80	0.0750000
NODE_11521_length_815_cov_12.270950	368	448	8	74	80	0.9250000
NODE_11522_length_815_cov_9.304469	150	230	4	16	80	0.2000000
NODE_11522_length_815_cov_9.304469	150	230	6	31	80	0.3875000
NODE_11522_length_815_cov_9.304469	150	230	8	33	80	0.4125000
NODE_11522_length_815_cov_9.304469	203	283	2	8	80	0.1000000
NODE_11522_length_815_cov_9.304469	203	283	4	24	80	0.3000000
NODE_11522_length_815_cov_9.304469	203	283	8	48	80	0.6000000
NODE_11524_length_815_cov_8.117318	437	517	0	80	80	1.0000000
NODE_11524_length_815_cov_8.117318	490	570	0	74	80	0.9250000
NODE_11524_length_815_cov_8.117318	490	570	2	6	80	0.0750000
NODE_11530_length_815_cov_3.963687	275	355	0	80	80	1.0000000
NODE_11530_length_815_cov_3.963687	328	408	0	80	80	1.0000000
NODE_11532_length_815_cov_2.976257	441	508	0	12	67	0.1791045
NODE_11532_length_815_cov_2.976257	441	508	4	55	67	0.8208955
NODE_11554_length_814_cov_55.545455	304	384	4	1	80	0.0125000
NODE_11554_length_814_cov_55.545455	304	384	6	24	80	0.3000000
NODE_11554_length_814_cov_55.545455	304	384	10	7	80	0.0875000
NODE_11554_length_814_cov_55.545455	304	384	13	2	80	0.0250000
NODE_11554_length_814_cov_55.545455	304	384	14	46	80	0.5750000
NODE_11554_length_814_cov_55.545455	357	437	8	5	80	0.0625000
NODE_11554_length_814_cov_55.545455	357	437	10	55	80	0.6875000
NODE_11554_length_814_cov_55.545455	357	437	13	1	80	0.0125000
NODE_11554_length_814_cov_55.545455	357	437	14	19	80	0.2375000
NODE_11554_length_814_cov_55.545455	517	559	0	42	42	1.0000000
NODE_11554_length_814_cov_55.545455	724	804	4	1	80	0.0125000
NODE_11554_length_814_cov_55.545455	724	804	6	5	80	0.0625000
NODE_11554_length_814_cov_55.545455	724	804	8	5	80	0.0625000
NODE_11554_length_814_cov_55.545455	724	804	12	3	80	0.0375000
NODE_11554_length_814_cov_55.545455	724	804	15	2	80	0.0250000
NODE_11554_length_814_cov_55.545455	724	804	21	2	80	0.0250000
NODE_11554_length_814_cov_55.545455	724	804	23	6	80	0.0750000
NODE_11554_length_814_cov_55.545455	724	804	25	9	80	0.1125000
NODE_11554_length_814_cov_55.545455	724	804	27	47	80	0.5875000
NODE_11555_length_814_cov_32.216783	317	397	0	9	80	0.1125000
NODE_11555_length_814_cov_32.216783	317	397	6	71	80	0.8875000
NODE_11555_length_814_cov_32.216783	370	450	0	17	80	0.2125000
NODE_11555_length_814_cov_32.216783	370	450	6	63	80	0.7875000
NODE_11556_length_814_cov_19.507692	174	254	8	2	80	0.0250000
NODE_11556_length_814_cov_19.507692	174	254	12	78	80	0.9750000
NODE_11556_length_814_cov_19.507692	227	307	0	36	80	0.4500000
NODE_11556_length_814_cov_19.507692	227	307	5	1	80	0.0125000
NODE_11556_length_814_cov_19.507692	227	307	6	7	80	0.0875000
NODE_11556_length_814_cov_19.507692	227	307	8	11	80	0.1375000
NODE_11556_length_814_cov_19.507692	227	307	12	25	80	0.3125000
NODE_11556_length_814_cov_19.507692	303	383	0	44	80	0.5500000
NODE_11556_length_814_cov_19.507692	303	383	6	6	80	0.0750000
NODE_11556_length_814_cov_19.507692	303	383	8	30	80	0.3750000
NODE_11556_length_814_cov_19.507692	356	436	6	26	80	0.3250000
NODE_11556_length_814_cov_19.507692	356	436	8	54	80	0.6750000
NODE_11557_length_814_cov_18.579021	433	513	2	14	80	0.1750000
NODE_11557_length_814_cov_18.579021	433	513	4	45	80	0.5625000
NODE_11557_length_814_cov_18.579021	433	513	10	21	80	0.2625000
NODE_11557_length_814_cov_18.579021	486	566	4	6	80	0.0750000
NODE_11557_length_814_cov_18.579021	486	566	8	44	80	0.5500000
NODE_11557_length_814_cov_18.579021	486	566	10	30	80	0.3750000
NODE_11558_length_814_cov_17.183217	339	419	4	80	80	1.0000000
NODE_11558_length_814_cov_17.183217	392	472	0	42	80	0.5250000
NODE_11558_length_814_cov_17.183217	392	472	4	38	80	0.4750000
NODE_11559_length_814_cov_15.306294	238	318	4	46	80	0.5750000
NODE_11559_length_814_cov_15.306294	238	318	6	12	80	0.1500000
NODE_11559_length_814_cov_15.306294	238	318	7	19	80	0.2375000
NODE_11559_length_814_cov_15.306294	238	318	9	2	80	0.0250000
NODE_11559_length_814_cov_15.306294	238	318	10	1	80	0.0125000
NODE_11559_length_814_cov_15.306294	291	371	4	3	80	0.0375000
NODE_11559_length_814_cov_15.306294	291	371	6	7	80	0.0875000
NODE_11559_length_814_cov_15.306294	291	371	7	19	80	0.2375000
NODE_11559_length_814_cov_15.306294	291	371	8	17	80	0.2125000
NODE_11559_length_814_cov_15.306294	291	371	9	2	80	0.0250000
NODE_11559_length_814_cov_15.306294	291	371	10	32	80	0.4000000
NODE_11560_length_814_cov_11.511888	397	477	2	23	80	0.2875000
NODE_11560_length_814_cov_11.511888	397	477	6	25	80	0.3125000
NODE_11560_length_814_cov_11.511888	397	477	8	32	80	0.4000000
NODE_11560_length_814_cov_11.511888	459	530	0	3	71	0.0422535
NODE_11560_length_814_cov_11.511888	459	530	6	68	71	0.9577465
NODE_11561_length_814_cov_10.395804	305	385	0	22	80	0.2750000
NODE_11561_length_814_cov_10.395804	305	385	4	4	80	0.0500000
NODE_11561_length_814_cov_10.395804	305	385	10	7	80	0.0875000
NODE_11561_length_814_cov_10.395804	305	385	14	22	80	0.2750000
NODE_11561_length_814_cov_10.395804	305	385	16	25	80	0.3125000
NODE_11561_length_814_cov_10.395804	358	438	12	19	80	0.2375000
NODE_11561_length_814_cov_10.395804	358	438	14	2	80	0.0250000
NODE_11561_length_814_cov_10.395804	358	438	16	59	80	0.7375000
NODE_11562_length_814_cov_9.692308	347	427	0	80	80	1.0000000
NODE_11562_length_814_cov_9.692308	400	480	0	80	80	1.0000000
NODE_11564_length_814_cov_9.274126	245	325	0	80	80	1.0000000
NODE_11564_length_814_cov_9.274126	298	378	0	80	80	1.0000000
NODE_11565_length_814_cov_8.973427	271	351	0	80	80	1.0000000
NODE_11565_length_814_cov_8.973427	324	404	0	80	80	1.0000000
NODE_11573_length_814_cov_2.145455	273	327	0	54	54	1.0000000
NODE_11573_length_814_cov_2.145455	307	371	0	64	64	1.0000000
NODE_11587_length_813_cov_39.228291	225	305	13	8	80	0.1000000
NODE_11587_length_813_cov_39.228291	225	305	16	1	80	0.0125000
NODE_11587_length_813_cov_39.228291	225	305	18	24	80	0.3000000
NODE_11587_length_813_cov_39.228291	225	305	22	19	80	0.2375000
NODE_11587_length_813_cov_39.228291	225	305	24	28	80	0.3500000
NODE_11587_length_813_cov_39.228291	278	358	11	16	80	0.2000000
NODE_11587_length_813_cov_39.228291	278	358	16	17	80	0.2125000
NODE_11587_length_813_cov_39.228291	278	358	21	1	80	0.0125000
NODE_11587_length_813_cov_39.228291	278	358	22	30	80	0.3750000
NODE_11587_length_813_cov_39.228291	278	358	24	16	80	0.2000000
NODE_11588_length_813_cov_36.570028	406	486	0	80	80	1.0000000
NODE_11588_length_813_cov_36.570028	459	539	0	80	80	1.0000000
NODE_11589_length_813_cov_26.718487	209	289	4	33	80	0.4125000
NODE_11589_length_813_cov_26.718487	209	289	6	3	80	0.0375000
NODE_11589_length_813_cov_26.718487	209	289	8	40	80	0.5000000
NODE_11589_length_813_cov_26.718487	209	289	10	4	80	0.0500000
NODE_11589_length_813_cov_26.718487	262	342	8	37	80	0.4625000
NODE_11589_length_813_cov_26.718487	262	342	10	43	80	0.5375000
NODE_11590_length_813_cov_17.537815	335	415	0	80	80	1.0000000
NODE_11590_length_813_cov_17.537815	388	468	0	80	80	1.0000000
NODE_11591_length_813_cov_14.243697	279	359	0	52	80	0.6500000
NODE_11591_length_813_cov_14.243697	279	359	1	28	80	0.3500000
NODE_11591_length_813_cov_14.243697	332	412	1	38	80	0.4750000
NODE_11591_length_813_cov_14.243697	332	412	2	42	80	0.5250000
NODE_11592_length_813_cov_13.984594	307	387	8	38	80	0.4750000
NODE_11592_length_813_cov_13.984594	307	387	10	10	80	0.1250000
NODE_11592_length_813_cov_13.984594	307	387	11	1	80	0.0125000
NODE_11592_length_813_cov_13.984594	307	387	20	1	80	0.0125000
NODE_11592_length_813_cov_13.984594	307	387	21	1	80	0.0125000
NODE_11592_length_813_cov_13.984594	307	387	22	29	80	0.3625000
NODE_11592_length_813_cov_13.984594	360	440	12	5	80	0.0625000
NODE_11592_length_813_cov_13.984594	360	440	14	27	80	0.3375000
NODE_11592_length_813_cov_13.984594	360	440	20	21	80	0.2625000
NODE_11592_length_813_cov_13.984594	360	440	22	27	80	0.3375000
NODE_11593_length_813_cov_13.242297	336	416	11	16	80	0.2000000
NODE_11593_length_813_cov_13.242297	336	416	13	25	80	0.3125000
NODE_11593_length_813_cov_13.242297	336	416	20	39	80	0.4875000
NODE_11593_length_813_cov_13.242297	389	469	14	14	80	0.1750000
NODE_11593_length_813_cov_13.242297	389	469	20	66	80	0.8250000
NODE_11594_length_813_cov_11.985994	374	454	0	34	80	0.4250000
NODE_11594_length_813_cov_11.985994	374	454	2	4	80	0.0500000
NODE_11594_length_813_cov_11.985994	374	454	6	5	80	0.0625000
NODE_11594_length_813_cov_11.985994	374	454	10	4	80	0.0500000
NODE_11594_length_813_cov_11.985994	374	454	12	33	80	0.4125000
NODE_11594_length_813_cov_11.985994	427	507	3	15	80	0.1875000
NODE_11594_length_813_cov_11.985994	427	507	5	5	80	0.0625000
NODE_11594_length_813_cov_11.985994	427	507	9	1	80	0.0125000
NODE_11594_length_813_cov_11.985994	427	507	10	5	80	0.0625000
NODE_11594_length_813_cov_11.985994	427	507	12	54	80	0.6750000
NODE_11595_length_813_cov_11.668067	279	359	0	13	80	0.1625000
NODE_11595_length_813_cov_11.668067	279	359	4	67	80	0.8375000
NODE_11595_length_813_cov_11.668067	332	412	0	66	80	0.8250000
NODE_11595_length_813_cov_11.668067	332	412	4	14	80	0.1750000
NODE_11596_length_813_cov_8.149860	538	618	0	80	80	1.0000000
NODE_11596_length_813_cov_8.149860	591	671	0	80	80	1.0000000
NODE_11597_length_813_cov_7.098039	234	314	0	20	80	0.2500000
NODE_11597_length_813_cov_7.098039	234	314	6	2	80	0.0250000
NODE_11597_length_813_cov_7.098039	234	314	7	58	80	0.7250000
NODE_11597_length_813_cov_7.098039	287	367	7	80	80	1.0000000
NODE_11613_length_812_cov_45.183731	435	515	3	63	80	0.7875000
NODE_11613_length_812_cov_45.183731	435	515	4	17	80	0.2125000
NODE_11613_length_812_cov_45.183731	488	568	0	30	80	0.3750000
NODE_11613_length_812_cov_45.183731	488	568	3	10	80	0.1250000
NODE_11613_length_812_cov_45.183731	488	568	4	40	80	0.5000000
NODE_11614_length_812_cov_23.862553	386	466	4	80	80	1.0000000
NODE_11614_length_812_cov_23.862553	439	519	0	47	80	0.5875000
NODE_11614_length_812_cov_23.862553	439	519	4	33	80	0.4125000
NODE_11615_length_812_cov_23.516129	295	375	0	80	80	1.0000000
NODE_11615_length_812_cov_23.516129	348	428	0	80	80	1.0000000
NODE_11616_length_812_cov_15.577840	509	589	0	15	80	0.1875000
NODE_11616_length_812_cov_15.577840	509	589	2	65	80	0.8125000
NODE_11616_length_812_cov_15.577840	562	644	0	34	82	0.4146341
NODE_11616_length_812_cov_15.577840	562	644	2	48	82	0.5853658
NODE_11617_length_812_cov_13.277700	257	331	0	74	74	1.0000000
NODE_11617_length_812_cov_13.277700	304	384	0	80	80	1.0000000
NODE_11619_length_812_cov_6.697055	309	389	0	80	80	1.0000000
NODE_11619_length_812_cov_6.697055	362	442	0	80	80	1.0000000
NODE_11642_length_811_cov_65.762640	418	492	11	1	74	0.0135135
NODE_11642_length_811_cov_65.762640	418	492	12	1	74	0.0135135
NODE_11642_length_811_cov_65.762640	418	492	21	1	74	0.0135135
NODE_11642_length_811_cov_65.762640	418	492	27	5	74	0.0675676
NODE_11642_length_811_cov_65.762640	418	492	31	5	74	0.0675676
NODE_11642_length_811_cov_65.762640	418	492	33	12	74	0.1621622
NODE_11642_length_811_cov_65.762640	418	492	35	1	74	0.0135135
NODE_11642_length_811_cov_65.762640	418	492	39	1	74	0.0135135
NODE_11642_length_811_cov_65.762640	418	492	41	1	74	0.0135135
NODE_11642_length_811_cov_65.762640	418	492	42	12	74	0.1621622
NODE_11642_length_811_cov_65.762640	418	492	44	34	74	0.4594595
NODE_11642_length_811_cov_65.762640	471	545	0	9	74	0.1216216
NODE_11642_length_811_cov_65.762640	471	545	2	33	74	0.4459459
NODE_11642_length_811_cov_65.762640	471	545	4	5	74	0.0675676
NODE_11642_length_811_cov_65.762640	471	545	8	6	74	0.0810811
NODE_11642_length_811_cov_65.762640	471	545	11	1	74	0.0135135
NODE_11642_length_811_cov_65.762640	471	545	12	1	74	0.0135135
NODE_11642_length_811_cov_65.762640	471	545	21	1	74	0.0135135
NODE_11642_length_811_cov_65.762640	471	545	27	5	74	0.0675676
NODE_11642_length_811_cov_65.762640	471	545	31	5	74	0.0675676
NODE_11642_length_811_cov_65.762640	471	545	33	8	74	0.1081081
NODE_11643_length_811_cov_62.933989	457	537	63	7	80	0.0875000
NODE_11643_length_811_cov_62.933989	457	537	64	3	80	0.0375000
NODE_11643_length_811_cov_62.933989	457	537	65	4	80	0.0500000
NODE_11643_length_811_cov_62.933989	457	537	66	22	80	0.2750000
NODE_11643_length_811_cov_62.933989	457	537	120	8	80	0.1000000
NODE_11643_length_811_cov_62.933989	457	537	122	3	80	0.0375000
NODE_11643_length_811_cov_62.933989	457	537	125	21	80	0.2625000
NODE_11643_length_811_cov_62.933989	457	537	126	5	80	0.0625000
NODE_11643_length_811_cov_62.933989	457	537	127	7	80	0.0875000
NODE_11643_length_811_cov_62.933989	510	590	113	7	80	0.0875000
NODE_11643_length_811_cov_62.933989	510	590	114	5	80	0.0625000
NODE_11643_length_811_cov_62.933989	510	590	116	8	80	0.1000000
NODE_11643_length_811_cov_62.933989	510	590	117	5	80	0.0625000
NODE_11643_length_811_cov_62.933989	510	590	118	2	80	0.0250000
NODE_11643_length_811_cov_62.933989	510	590	119	2	80	0.0250000
NODE_11643_length_811_cov_62.933989	510	590	120	32	80	0.4000000
NODE_11643_length_811_cov_62.933989	510	590	122	3	80	0.0375000
NODE_11643_length_811_cov_62.933989	510	590	125	4	80	0.0500000
NODE_11643_length_811_cov_62.933989	510	590	126	5	80	0.0625000
NODE_11643_length_811_cov_62.933989	510	590	127	7	80	0.0875000
NODE_11644_length_811_cov_26.401685	397	477	2	80	80	1.0000000
NODE_11644_length_811_cov_26.401685	450	530	0	29	80	0.3625000
NODE_11644_length_811_cov_26.401685	450	530	2	51	80	0.6375000
NODE_11645_length_811_cov_23.009831	189	269	0	14	80	0.1750000
NODE_11645_length_811_cov_23.009831	189	269	2	66	80	0.8250000
NODE_11645_length_811_cov_23.009831	242	322	0	7	80	0.0875000
NODE_11645_length_811_cov_23.009831	242	322	2	73	80	0.9125000
NODE_11646_length_811_cov_20.523876	375	455	2	5	80	0.0625000
NODE_11646_length_811_cov_20.523876	375	455	4	15	80	0.1875000
NODE_11646_length_811_cov_20.523876	375	455	12	60	80	0.7500000
NODE_11646_length_811_cov_20.523876	428	508	0	44	80	0.5500000
NODE_11646_length_811_cov_20.523876	428	508	2	14	80	0.1750000
NODE_11646_length_811_cov_20.523876	428	508	4	15	80	0.1875000
NODE_11646_length_811_cov_20.523876	428	508	12	7	80	0.0875000
NODE_11647_length_811_cov_17.386236	421	501	6	6	80	0.0750000
NODE_11647_length_811_cov_17.386236	421	501	7	14	80	0.1750000
NODE_11647_length_811_cov_17.386236	421	501	8	13	80	0.1625000
NODE_11647_length_811_cov_17.386236	421	501	9	6	80	0.0750000
NODE_11647_length_811_cov_17.386236	421	501	10	41	80	0.5125000
NODE_11647_length_811_cov_17.386236	474	554	0	4	80	0.0500000
NODE_11647_length_811_cov_17.386236	474	554	1	16	80	0.2000000
NODE_11647_length_811_cov_17.386236	474	554	2	13	80	0.1625000
NODE_11647_length_811_cov_17.386236	474	554	4	13	80	0.1625000
NODE_11647_length_811_cov_17.386236	474	554	6	7	80	0.0875000
NODE_11647_length_811_cov_17.386236	474	554	7	14	80	0.1750000
NODE_11647_length_811_cov_17.386236	474	554	9	6	80	0.0750000
NODE_11647_length_811_cov_17.386236	474	554	10	7	80	0.0875000
NODE_11648_length_811_cov_15.279494	368	448	0	37	80	0.4625000
NODE_11648_length_811_cov_15.279494	368	448	2	6	80	0.0750000
NODE_11648_length_811_cov_15.279494	368	448	3	17	80	0.2125000
NODE_11648_length_811_cov_15.279494	368	448	4	20	80	0.2500000
NODE_11648_length_811_cov_15.279494	421	502	3	7	81	0.0864198
NODE_11648_length_811_cov_15.279494	421	502	4	74	81	0.9135802
NODE_11649_length_811_cov_14.543539	222	302	0	14	80	0.1750000
NODE_11649_length_811_cov_14.543539	222	302	2	37	80	0.4625000
NODE_11649_length_811_cov_14.543539	222	302	4	29	80	0.3625000
NODE_11649_length_811_cov_14.543539	275	355	4	80	80	1.0000000
NODE_11650_length_811_cov_12.196629	402	482	1	41	80	0.5125000
NODE_11650_length_811_cov_12.196629	402	482	2	39	80	0.4875000
NODE_11650_length_811_cov_12.196629	455	535	2	80	80	1.0000000
NODE_11651_length_811_cov_12.117978	289	369	0	80	80	1.0000000
NODE_11651_length_811_cov_12.117978	342	422	0	80	80	1.0000000
NODE_11652_length_811_cov_11.886236	330	410	0	80	80	1.0000000
NODE_11652_length_811_cov_11.886236	383	463	0	80	80	1.0000000
NODE_11653_length_811_cov_10.602528	342	422	2	80	80	1.0000000
NODE_11653_length_811_cov_10.602528	395	461	0	19	66	0.2878788
NODE_11653_length_811_cov_10.602528	395	461	2	47	66	0.7121212
NODE_11653_length_811_cov_10.602528	452	519	0	67	67	1.0000000
NODE_11653_length_811_cov_10.602528	492	572	0	80	80	1.0000000
NODE_11654_length_811_cov_7.539326	324	404	0	80	80	1.0000000
NODE_11654_length_811_cov_7.539326	377	457	0	80	80	1.0000000
NODE_11655_length_811_cov_6.398876	419	499	0	80	80	1.0000000
NODE_11655_length_811_cov_6.398876	472	552	0	80	80	1.0000000
NODE_11657_length_811_cov_5.939607	496	527	2	31	31	1.0000000
NODE_11657_length_811_cov_5.939607	528	603	2	21	75	0.2800000
NODE_11657_length_811_cov_5.939607	528	603	3	7	75	0.0933333
NODE_11657_length_811_cov_5.939607	528	603	4	45	75	0.6000000
NODE_11657_length_811_cov_5.939607	528	603	5	2	75	0.0266667
NODE_11669_length_811_cov_1.501404	645	676	0	31	31	1.0000000
NODE_11684_length_810_cov_42.358650	484	564	0	3	80	0.0375000
NODE_11684_length_810_cov_42.358650	484	564	2	12	80	0.1500000
NODE_11684_length_810_cov_42.358650	484	564	3	1	80	0.0125000
NODE_11684_length_810_cov_42.358650	484	564	4	64	80	0.8000000
NODE_11684_length_810_cov_42.358650	537	617	0	21	80	0.2625000
NODE_11684_length_810_cov_42.358650	537	617	2	4	80	0.0500000
NODE_11684_length_810_cov_42.358650	537	617	4	55	80	0.6875000
NODE_11685_length_810_cov_38.604782	370	450	0	45	80	0.5625000
NODE_11685_length_810_cov_38.604782	370	450	21	1	80	0.0125000
NODE_11685_length_810_cov_38.604782	370	450	22	34	80	0.4250000
NODE_11685_length_810_cov_38.604782	423	499	22	76	76	1.0000000
NODE_11686_length_810_cov_20.354430	338	418	8	42	80	0.5250000
NODE_11686_length_810_cov_20.354430	338	418	11	1	80	0.0125000
NODE_11686_length_810_cov_20.354430	338	418	12	37	80	0.4625000
NODE_11686_length_810_cov_20.354430	391	471	4	45	80	0.5625000
NODE_11686_length_810_cov_20.354430	391	471	8	31	80	0.3875000
NODE_11686_length_810_cov_20.354430	391	471	12	4	80	0.0500000
NODE_11688_length_810_cov_12.367089	144	224	2	8	80	0.1000000
NODE_11688_length_810_cov_12.367089	144	224	4	24	80	0.3000000
NODE_11688_length_810_cov_12.367089	144	224	6	13	80	0.1625000
NODE_11688_length_810_cov_12.367089	144	224	8	7	80	0.0875000
NODE_11688_length_810_cov_12.367089	144	224	10	28	80	0.3500000
NODE_11688_length_810_cov_12.367089	197	277	6	8	80	0.1000000
NODE_11688_length_810_cov_12.367089	197	277	8	11	80	0.1375000
NODE_11688_length_810_cov_12.367089	197	277	9	24	80	0.3000000
NODE_11688_length_810_cov_12.367089	197	277	10	37	80	0.4625000
NODE_11689_length_810_cov_8.886076	333	399	0	8	66	0.1212121
NODE_11689_length_810_cov_8.886076	333	399	2	2	66	0.0303030
NODE_11689_length_810_cov_8.886076	333	399	4	8	66	0.1212121
NODE_11689_length_810_cov_8.886076	333	399	6	48	66	0.7272727
NODE_11690_length_810_cov_8.291139	446	526	0	35	80	0.4375000
NODE_11690_length_810_cov_8.291139	446	526	2	1	80	0.0125000
NODE_11690_length_810_cov_8.291139	446	526	8	14	80	0.1750000
NODE_11690_length_810_cov_8.291139	446	526	10	23	80	0.2875000
NODE_11690_length_810_cov_8.291139	446	526	12	7	80	0.0875000
NODE_11690_length_810_cov_8.291139	499	579	10	20	80	0.2500000
NODE_11690_length_810_cov_8.291139	499	579	12	13	80	0.1625000
NODE_11690_length_810_cov_8.291139	499	579	13	43	80	0.5375000
NODE_11690_length_810_cov_8.291139	499	579	15	4	80	0.0500000
NODE_11692_length_810_cov_7.213783	335	406	0	71	71	1.0000000
NODE_11692_length_810_cov_7.213783	335	416	0	81	81	1.0000000
NODE_11692_length_810_cov_7.213783	379	459	0	80	80	1.0000000
NODE_11714_length_809_cov_40.536620	428	500	0	60	72	0.8333333
NODE_11714_length_809_cov_40.536620	428	500	2	12	72	0.1666667
NODE_11714_length_809_cov_40.536620	473	553	0	15	80	0.1875000
NODE_11714_length_809_cov_40.536620	473	553	2	65	80	0.8125000
NODE_11715_length_809_cov_15.871831	385	465	0	57	80	0.7125000
NODE_11715_length_809_cov_15.871831	385	465	2	23	80	0.2875000
NODE_11715_length_809_cov_15.871831	402	465	0	40	63	0.6349207
NODE_11715_length_809_cov_15.871831	402	465	2	23	63	0.3650794
NODE_11715_length_809_cov_15.871831	438	518	0	4	80	0.0500000
NODE_11715_length_809_cov_15.871831	438	518	2	76	80	0.9500000
NODE_11715_length_809_cov_15.871831	438	518	0	4	80	0.0500000
NODE_11715_length_809_cov_15.871831	438	518	2	76	80	0.9500000
NODE_11716_length_809_cov_15.019718	286	366	0	51	80	0.6375000
NODE_11716_length_809_cov_15.019718	286	366	4	7	80	0.0875000
NODE_11716_length_809_cov_15.019718	286	366	5	3	80	0.0375000
NODE_11716_length_809_cov_15.019718	286	366	7	3	80	0.0375000
NODE_11716_length_809_cov_15.019718	286	366	8	8	80	0.1000000
NODE_11716_length_809_cov_15.019718	286	366	10	2	80	0.0250000
NODE_11716_length_809_cov_15.019718	286	366	12	6	80	0.0750000
NODE_11716_length_809_cov_15.019718	339	419	4	5	80	0.0625000
NODE_11716_length_809_cov_15.019718	339	419	5	3	80	0.0375000
NODE_11716_length_809_cov_15.019718	339	419	7	3	80	0.0375000
NODE_11716_length_809_cov_15.019718	339	419	8	8	80	0.1000000
NODE_11716_length_809_cov_15.019718	339	419	10	2	80	0.0250000
NODE_11716_length_809_cov_15.019718	339	419	12	59	80	0.7375000
NODE_11718_length_809_cov_4.483099	244	324	2	37	80	0.4625000
NODE_11718_length_809_cov_4.483099	244	324	4	40	80	0.5000000
NODE_11718_length_809_cov_4.483099	244	324	6	3	80	0.0375000
NODE_11718_length_809_cov_4.483099	278	324	2	3	46	0.0652174
NODE_11718_length_809_cov_4.483099	278	324	4	40	46	0.8695652
NODE_11718_length_809_cov_4.483099	278	324	6	3	46	0.0652174
NODE_11718_length_809_cov_4.483099	298	377	4	79	79	1.0000000
NODE_11718_length_809_cov_4.483099	308	377	4	69	69	1.0000000
NODE_11738_length_808_cov_45.023977	325	405	10	31	80	0.3875000
NODE_11738_length_808_cov_45.023977	325	405	12	49	80	0.6125000
NODE_11738_length_808_cov_45.023977	378	458	2	46	80	0.5750000
NODE_11738_length_808_cov_45.023977	378	458	12	34	80	0.4250000
NODE_11739_length_808_cov_24.087447	287	367	0	17	80	0.2125000
NODE_11739_length_808_cov_24.087447	287	367	4	63	80	0.7875000
NODE_11739_length_808_cov_24.087447	340	420	0	24	80	0.3000000
NODE_11739_length_808_cov_24.087447	340	420	4	56	80	0.7000000
NODE_11740_length_808_cov_21.867419	324	404	4	66	80	0.8250000
NODE_11740_length_808_cov_21.867419	324	404	6	14	80	0.1750000
NODE_11740_length_808_cov_21.867419	377	457	2	46	80	0.5750000
NODE_11740_length_808_cov_21.867419	377	457	4	13	80	0.1625000
NODE_11740_length_808_cov_21.867419	377	457	6	21	80	0.2625000
NODE_11741_length_808_cov_16.289140	333	413	0	69	80	0.8625000
NODE_11741_length_808_cov_16.289140	333	413	2	11	80	0.1375000
NODE_11741_length_808_cov_16.289140	386	466	0	16	80	0.2000000
NODE_11741_length_808_cov_16.289140	386	466	2	64	80	0.8000000
NODE_11742_length_808_cov_14.489422	307	387	4	39	80	0.4875000
NODE_11742_length_808_cov_14.489422	307	387	8	41	80	0.5125000
NODE_11742_length_808_cov_14.489422	360	440	4	30	80	0.3750000
NODE_11742_length_808_cov_14.489422	360	440	8	50	80	0.6250000
NODE_11744_length_808_cov_10.507757	317	397	0	80	80	1.0000000
NODE_11744_length_808_cov_10.507757	370	450	0	80	80	1.0000000
NODE_11745_length_808_cov_10.066291	483	563	0	28	80	0.3500000
NODE_11745_length_808_cov_10.066291	483	563	2	52	80	0.6500000
NODE_11745_length_808_cov_10.066291	536	616	2	80	80	1.0000000
NODE_11746_length_808_cov_7.581100	358	438	0	80	80	1.0000000
NODE_11746_length_808_cov_7.581100	411	491	0	80	80	1.0000000
NODE_11756_length_808_cov_3.283498	471	551	0	80	80	1.0000000
NODE_11756_length_808_cov_3.283498	524	604	0	80	80	1.0000000
NODE_11783_length_807_cov_67.341808	2	25	18	1	23	0.0434783
NODE_11783_length_807_cov_67.341808	2	25	21	2	23	0.0869565
NODE_11783_length_807_cov_67.341808	2	25	23	1	23	0.0434783
NODE_11783_length_807_cov_67.341808	2	25	25	1	23	0.0434783
NODE_11783_length_807_cov_67.341808	2	25	35	1	23	0.0434783
NODE_11783_length_807_cov_67.341808	2	25	38	1	23	0.0434783
NODE_11783_length_807_cov_67.341808	2	25	40	1	23	0.0434783
NODE_11783_length_807_cov_67.341808	2	25	43	1	23	0.0434783
NODE_11783_length_807_cov_67.341808	2	25	47	1	23	0.0434783
NODE_11783_length_807_cov_67.341808	2	25	49	1	23	0.0434783
NODE_11783_length_807_cov_67.341808	2	25	51	1	23	0.0434783
NODE_11783_length_807_cov_67.341808	2	25	53	1	23	0.0434783
NODE_11783_length_807_cov_67.341808	2	25	55	1	23	0.0434783
NODE_11783_length_807_cov_67.341808	2	25	63	1	23	0.0434783
NODE_11783_length_807_cov_67.341808	2	25	66	2	23	0.0869565
NODE_11783_length_807_cov_67.341808	2	25	70	1	23	0.0434783
NODE_11783_length_807_cov_67.341808	2	25	74	1	23	0.0434783
NODE_11783_length_807_cov_67.341808	2	25	80	2	23	0.0869565
NODE_11783_length_807_cov_67.341808	2	25	86	2	23	0.0869565
NODE_11783_length_807_cov_67.341808	339	370	181	1	31	0.0322581
NODE_11783_length_807_cov_67.341808	339	370	187	1	31	0.0322581
NODE_11783_length_807_cov_67.341808	339	370	189	1	31	0.0322581
NODE_11783_length_807_cov_67.341808	339	370	197	3	31	0.0967742
NODE_11783_length_807_cov_67.341808	339	370	199	1	31	0.0322581
NODE_11783_length_807_cov_67.341808	339	370	207	1	31	0.0322581
NODE_11783_length_807_cov_67.341808	339	370	208	1	31	0.0322581
NODE_11783_length_807_cov_67.341808	339	370	225	1	31	0.0322581
NODE_11783_length_807_cov_67.341808	339	370	227	3	31	0.0967742
NODE_11783_length_807_cov_67.341808	339	370	233	1	31	0.0322581
NODE_11783_length_807_cov_67.341808	339	370	239	1	31	0.0322581
NODE_11783_length_807_cov_67.341808	339	370	241	1	31	0.0322581
NODE_11783_length_807_cov_67.341808	339	370	244	1	31	0.0322581
NODE_11783_length_807_cov_67.341808	339	370	250	1	31	0.0322581
NODE_11783_length_807_cov_67.341808	339	370	252	2	31	0.0645161
NODE_11783_length_807_cov_67.341808	339	370	254	2	31	0.0645161
NODE_11783_length_807_cov_67.341808	339	370	255	3	31	0.0967742
NODE_11783_length_807_cov_67.341808	339	370	257	1	31	0.0322581
NODE_11783_length_807_cov_67.341808	339	370	259	1	31	0.0322581
NODE_11783_length_807_cov_67.341808	339	370	260	1	31	0.0322581
NODE_11783_length_807_cov_67.341808	339	370	263	2	31	0.0645161
NODE_11783_length_807_cov_67.341808	339	370	265	1	31	0.0322581
NODE_11783_length_807_cov_67.341808	343	423	197	2	80	0.0250000
NODE_11783_length_807_cov_67.341808	343	423	199	1	80	0.0125000
NODE_11783_length_807_cov_67.341808	343	423	207	1	80	0.0125000
NODE_11783_length_807_cov_67.341808	343	423	208	1	80	0.0125000
NODE_11783_length_807_cov_67.341808	343	423	225	1	80	0.0125000
NODE_11783_length_807_cov_67.341808	343	423	227	3	80	0.0375000
NODE_11783_length_807_cov_67.341808	343	423	233	1	80	0.0125000
NODE_11783_length_807_cov_67.341808	343	423	239	1	80	0.0125000
NODE_11783_length_807_cov_67.341808	343	423	241	1	80	0.0125000
NODE_11783_length_807_cov_67.341808	343	423	244	1	80	0.0125000
NODE_11783_length_807_cov_67.341808	343	423	249	1	80	0.0125000
NODE_11783_length_807_cov_67.341808	343	423	250	1	80	0.0125000
NODE_11783_length_807_cov_67.341808	343	423	252	2	80	0.0250000
NODE_11783_length_807_cov_67.341808	343	423	253	1	80	0.0125000
NODE_11783_length_807_cov_67.341808	343	423	254	3	80	0.0375000
NODE_11783_length_807_cov_67.341808	343	423	255	3	80	0.0375000
NODE_11783_length_807_cov_67.341808	343	423	257	1	80	0.0125000
NODE_11783_length_807_cov_67.341808	343	423	259	2	80	0.0250000
NODE_11783_length_807_cov_67.341808	343	423	260	2	80	0.0250000
NODE_11783_length_807_cov_67.341808	343	423	262	2	80	0.0250000
NODE_11783_length_807_cov_67.341808	343	423	263	2	80	0.0250000
NODE_11783_length_807_cov_67.341808	343	423	264	1	80	0.0125000
NODE_11783_length_807_cov_67.341808	343	423	265	1	80	0.0125000
NODE_11783_length_807_cov_67.341808	343	423	266	1	80	0.0125000
NODE_11783_length_807_cov_67.341808	343	423	268	1	80	0.0125000
NODE_11783_length_807_cov_67.341808	343	423	269	5	80	0.0625000
NODE_11783_length_807_cov_67.341808	343	423	271	4	80	0.0500000
NODE_11783_length_807_cov_67.341808	343	423	273	1	80	0.0125000
NODE_11783_length_807_cov_67.341808	343	423	274	2	80	0.0250000
NODE_11783_length_807_cov_67.341808	343	423	281	1	80	0.0125000
NODE_11783_length_807_cov_67.341808	343	423	287	5	80	0.0625000
NODE_11783_length_807_cov_67.341808	343	423	291	1	80	0.0125000
NODE_11783_length_807_cov_67.341808	343	423	292	3	80	0.0375000
NODE_11783_length_807_cov_67.341808	343	423	293	3	80	0.0375000
NODE_11783_length_807_cov_67.341808	343	423	294	7	80	0.0875000
NODE_11783_length_807_cov_67.341808	343	423	295	3	80	0.0375000
NODE_11783_length_807_cov_67.341808	343	423	296	4	80	0.0500000
NODE_11783_length_807_cov_67.341808	343	423	297	4	80	0.0500000
NODE_11784_length_807_cov_54.980226	683	749	154	2	66	0.0303030
NODE_11784_length_807_cov_54.980226	683	749	155	1	66	0.0151515
NODE_11784_length_807_cov_54.980226	683	749	157	2	66	0.0303030
NODE_11784_length_807_cov_54.980226	683	749	158	14	66	0.2121212
NODE_11784_length_807_cov_54.980226	683	749	160	10	66	0.1515152
NODE_11784_length_807_cov_54.980226	683	749	162	7	66	0.1060606
NODE_11784_length_807_cov_54.980226	683	749	165	3	66	0.0454545
NODE_11784_length_807_cov_54.980226	683	749	169	1	66	0.0151515
NODE_11784_length_807_cov_54.980226	683	749	171	3	66	0.0454545
NODE_11784_length_807_cov_54.980226	683	749	172	5	66	0.0757576
NODE_11784_length_807_cov_54.980226	683	749	173	1	66	0.0151515
NODE_11784_length_807_cov_54.980226	683	749	175	4	66	0.0606061
NODE_11784_length_807_cov_54.980226	683	749	177	5	66	0.0757576
NODE_11784_length_807_cov_54.980226	683	749	179	5	66	0.0757576
NODE_11784_length_807_cov_54.980226	683	749	181	2	66	0.0303030
NODE_11784_length_807_cov_54.980226	683	749	183	1	66	0.0151515
NODE_11784_length_807_cov_54.980226	727	802	34	1	75	0.0133333
NODE_11784_length_807_cov_54.980226	727	802	38	1	75	0.0133333
NODE_11784_length_807_cov_54.980226	727	802	39	1	75	0.0133333
NODE_11784_length_807_cov_54.980226	727	802	41	2	75	0.0266667
NODE_11784_length_807_cov_54.980226	727	802	47	2	75	0.0266667
NODE_11784_length_807_cov_54.980226	727	802	50	1	75	0.0133333
NODE_11784_length_807_cov_54.980226	727	802	59	1	75	0.0133333
NODE_11784_length_807_cov_54.980226	727	802	60	1	75	0.0133333
NODE_11784_length_807_cov_54.980226	727	802	62	1	75	0.0133333
NODE_11784_length_807_cov_54.980226	727	802	64	1	75	0.0133333
NODE_11784_length_807_cov_54.980226	727	802	66	1	75	0.0133333
NODE_11784_length_807_cov_54.980226	727	802	73	2	75	0.0266667
NODE_11784_length_807_cov_54.980226	727	802	79	1	75	0.0133333
NODE_11784_length_807_cov_54.980226	727	802	82	1	75	0.0133333
NODE_11784_length_807_cov_54.980226	727	802	86	1	75	0.0133333
NODE_11784_length_807_cov_54.980226	727	802	91	2	75	0.0266667
NODE_11784_length_807_cov_54.980226	727	802	110	2	75	0.0266667
NODE_11784_length_807_cov_54.980226	727	802	112	2	75	0.0266667
NODE_11784_length_807_cov_54.980226	727	802	116	1	75	0.0133333
NODE_11784_length_807_cov_54.980226	727	802	120	2	75	0.0266667
NODE_11784_length_807_cov_54.980226	727	802	124	1	75	0.0133333
NODE_11784_length_807_cov_54.980226	727	802	129	1	75	0.0133333
NODE_11784_length_807_cov_54.980226	727	802	131	3	75	0.0400000
NODE_11784_length_807_cov_54.980226	727	802	133	1	75	0.0133333
NODE_11784_length_807_cov_54.980226	727	802	135	2	75	0.0266667
NODE_11784_length_807_cov_54.980226	727	802	139	1	75	0.0133333
NODE_11784_length_807_cov_54.980226	727	802	141	2	75	0.0266667
NODE_11784_length_807_cov_54.980226	727	802	143	5	75	0.0666667
NODE_11784_length_807_cov_54.980226	727	802	145	1	75	0.0133333
NODE_11784_length_807_cov_54.980226	727	802	147	2	75	0.0266667
NODE_11784_length_807_cov_54.980226	727	802	149	4	75	0.0533333
NODE_11784_length_807_cov_54.980226	727	802	151	3	75	0.0400000
NODE_11784_length_807_cov_54.980226	727	802	154	2	75	0.0266667
NODE_11784_length_807_cov_54.980226	727	802	155	1	75	0.0133333
NODE_11784_length_807_cov_54.980226	727	802	157	2	75	0.0266667
NODE_11784_length_807_cov_54.980226	727	802	158	14	75	0.1866667
NODE_11784_length_807_cov_54.980226	727	802	160	3	75	0.0400000
NODE_11785_length_807_cov_37.306497	435	515	0	7	80	0.0875000
NODE_11785_length_807_cov_37.306497	435	515	6	45	80	0.5625000
NODE_11785_length_807_cov_37.306497	435	515	8	28	80	0.3500000
NODE_11785_length_807_cov_37.306497	488	568	2	9	80	0.1125000
NODE_11785_length_807_cov_37.306497	488	568	8	71	80	0.8875000
NODE_11786_length_807_cov_31.177966	287	367	0	10	80	0.1250000
NODE_11786_length_807_cov_31.177966	287	367	2	70	80	0.8750000
NODE_11786_length_807_cov_31.177966	340	420	0	63	80	0.7875000
NODE_11786_length_807_cov_31.177966	340	420	2	17	80	0.2125000
NODE_11787_length_807_cov_30.638418	250	329	0	79	79	1.0000000
NODE_11787_length_807_cov_30.638418	302	382	0	80	80	1.0000000
NODE_11787_length_807_cov_30.638418	378	458	0	80	80	1.0000000
NODE_11787_length_807_cov_30.638418	431	511	0	80	80	1.0000000
NODE_11788_length_807_cov_29.725989	362	442	0	19	80	0.2375000
NODE_11788_length_807_cov_29.725989	362	442	2	2	80	0.0250000
NODE_11788_length_807_cov_29.725989	362	442	4	59	80	0.7375000
NODE_11788_length_807_cov_29.725989	415	495	4	30	80	0.3750000
NODE_11788_length_807_cov_29.725989	415	495	6	50	80	0.6250000
NODE_11789_length_807_cov_23.200565	441	521	7	10	80	0.1250000
NODE_11789_length_807_cov_23.200565	441	521	9	12	80	0.1500000
NODE_11789_length_807_cov_23.200565	441	521	12	14	80	0.1750000
NODE_11789_length_807_cov_23.200565	441	521	14	1	80	0.0125000
NODE_11789_length_807_cov_23.200565	441	521	15	8	80	0.1000000
NODE_11789_length_807_cov_23.200565	441	521	17	32	80	0.4000000
NODE_11789_length_807_cov_23.200565	441	521	19	3	80	0.0375000
NODE_11789_length_807_cov_23.200565	494	574	11	6	80	0.0750000
NODE_11789_length_807_cov_23.200565	494	574	13	26	80	0.3250000
NODE_11789_length_807_cov_23.200565	494	574	15	28	80	0.3500000
NODE_11789_length_807_cov_23.200565	494	574	17	17	80	0.2125000
NODE_11789_length_807_cov_23.200565	494	574	19	3	80	0.0375000
NODE_11790_length_807_cov_21.888418	319	386	0	67	67	1.0000000
NODE_11790_length_807_cov_21.888418	390	440	0	50	50	1.0000000
NODE_11791_length_807_cov_17.480226	339	419	2	6	80	0.0750000
NODE_11791_length_807_cov_17.480226	339	419	4	74	80	0.9250000
NODE_11791_length_807_cov_17.480226	392	472	0	50	80	0.6250000
NODE_11791_length_807_cov_17.480226	392	472	2	9	80	0.1125000
NODE_11791_length_807_cov_17.480226	392	472	4	21	80	0.2625000
NODE_11792_length_807_cov_14.895480	350	430	4	25	80	0.3125000
NODE_11792_length_807_cov_14.895480	350	430	6	39	80	0.4875000
NODE_11792_length_807_cov_14.895480	350	430	8	16	80	0.2000000
NODE_11792_length_807_cov_14.895480	403	483	2	17	80	0.2125000
NODE_11792_length_807_cov_14.895480	403	483	4	1	80	0.0125000
NODE_11792_length_807_cov_14.895480	403	483	6	35	80	0.4375000
NODE_11792_length_807_cov_14.895480	403	483	8	27	80	0.3375000
NODE_11794_length_807_cov_12.255650	440	520	2	1	80	0.0125000
NODE_11794_length_807_cov_12.255650	440	520	6	79	80	0.9875000
NODE_11794_length_807_cov_12.255650	493	573	0	39	80	0.4875000
NODE_11794_length_807_cov_12.255650	493	573	2	15	80	0.1875000
NODE_11794_length_807_cov_12.255650	493	573	6	26	80	0.3250000
NODE_11795_length_807_cov_11.129944	359	439	2	2	80	0.0250000
NODE_11795_length_807_cov_11.129944	359	439	4	28	80	0.3500000
NODE_11795_length_807_cov_11.129944	359	439	5	2	80	0.0250000
NODE_11795_length_807_cov_11.129944	359	439	6	42	80	0.5250000
NODE_11795_length_807_cov_11.129944	359	439	7	6	80	0.0750000
NODE_11795_length_807_cov_11.129944	412	492	5	6	80	0.0750000
NODE_11795_length_807_cov_11.129944	412	492	6	43	80	0.5375000
NODE_11795_length_807_cov_11.129944	412	492	7	15	80	0.1875000
NODE_11795_length_807_cov_11.129944	412	492	8	16	80	0.2000000
NODE_11801_length_807_cov_3.847458	322	385	0	16	63	0.2539683
NODE_11801_length_807_cov_3.847458	322	385	2	47	63	0.7460318
NODE_11822_length_806_cov_35.650636	397	477	0	80	80	1.0000000
NODE_11822_length_806_cov_35.650636	450	530	0	75	80	0.9375000
NODE_11822_length_806_cov_35.650636	450	530	2	5	80	0.0625000
NODE_11822_length_806_cov_35.650636	526	606	2	11	80	0.1375000
NODE_11822_length_806_cov_35.650636	526	606	6	40	80	0.5000000
NODE_11822_length_806_cov_35.650636	526	606	15	1	80	0.0125000
NODE_11822_length_806_cov_35.650636	526	606	16	7	80	0.0875000
NODE_11822_length_806_cov_35.650636	526	606	17	21	80	0.2625000
NODE_11822_length_806_cov_35.650636	579	667	14	13	88	0.1477273
NODE_11822_length_806_cov_35.650636	579	667	15	8	88	0.0909091
NODE_11822_length_806_cov_35.650636	579	667	16	46	88	0.5227273
NODE_11822_length_806_cov_35.650636	579	667	17	21	88	0.2386364
NODE_11823_length_806_cov_29.615276	377	457	6	11	80	0.1375000
NODE_11823_length_806_cov_29.615276	377	457	10	34	80	0.4250000
NODE_11823_length_806_cov_29.615276	377	457	12	35	80	0.4375000
NODE_11823_length_806_cov_29.615276	430	510	4	48	80	0.6000000
NODE_11823_length_806_cov_29.615276	430	510	6	16	80	0.2000000
NODE_11823_length_806_cov_29.615276	430	510	10	16	80	0.2000000
NODE_11824_length_806_cov_23.680339	394	474	0	80	80	1.0000000
NODE_11824_length_806_cov_23.680339	447	527	0	80	80	1.0000000
NODE_11825_length_806_cov_19.107496	239	293	0	54	54	1.0000000
NODE_11825_length_806_cov_19.107496	248	293	0	45	45	1.0000000
NODE_11825_length_806_cov_19.107496	266	345	0	79	79	1.0000000
NODE_11825_length_806_cov_19.107496	266	345	0	79	79	1.0000000
NODE_11825_length_806_cov_19.107496	421	501	2	11	80	0.1375000
NODE_11825_length_806_cov_19.107496	421	501	3	2	80	0.0250000
NODE_11825_length_806_cov_19.107496	421	501	4	46	80	0.5750000
NODE_11825_length_806_cov_19.107496	421	501	5	18	80	0.2250000
NODE_11825_length_806_cov_19.107496	421	501	6	3	80	0.0375000
NODE_11826_length_806_cov_17.551627	308	388	0	2	80	0.0250000
NODE_11826_length_806_cov_17.551627	308	388	4	38	80	0.4750000
NODE_11826_length_806_cov_17.551627	308	388	8	40	80	0.5000000
NODE_11826_length_806_cov_17.551627	361	441	0	55	80	0.6875000
NODE_11826_length_806_cov_17.551627	361	441	4	25	80	0.3125000
NODE_11827_length_806_cov_15.608204	408	488	0	10	80	0.1250000
NODE_11827_length_806_cov_15.608204	408	488	2	2	80	0.0250000
NODE_11827_length_806_cov_15.608204	408	488	15	63	80	0.7875000
NODE_11827_length_806_cov_15.608204	408	488	16	5	80	0.0625000
NODE_11827_length_806_cov_15.608204	461	543	0	3	82	0.0365854
NODE_11827_length_806_cov_15.608204	461	543	2	11	82	0.1341463
NODE_11827_length_806_cov_15.608204	461	543	15	22	82	0.2682927
NODE_11827_length_806_cov_15.608204	461	543	16	46	82	0.5609756
NODE_11864_length_805_cov_94.121813	398	478	10	30	80	0.3750000
NODE_11864_length_805_cov_94.121813	398	478	14	1	80	0.0125000
NODE_11864_length_805_cov_94.121813	398	478	15	26	80	0.3250000
NODE_11864_length_805_cov_94.121813	398	478	17	1	80	0.0125000
NODE_11864_length_805_cov_94.121813	398	478	18	22	80	0.2750000
NODE_11864_length_805_cov_94.121813	451	531	2	14	80	0.1750000
NODE_11864_length_805_cov_94.121813	451	531	8	31	80	0.3875000
NODE_11864_length_805_cov_94.121813	451	531	15	4	80	0.0500000
NODE_11864_length_805_cov_94.121813	451	531	17	1	80	0.0125000
NODE_11864_length_805_cov_94.121813	451	531	18	30	80	0.3750000
NODE_11865_length_805_cov_54.001416	284	364	0	2	80	0.0250000
NODE_11865_length_805_cov_54.001416	284	364	4	78	80	0.9750000
NODE_11865_length_805_cov_54.001416	337	417	0	53	80	0.6625000
NODE_11865_length_805_cov_54.001416	337	417	4	27	80	0.3375000
NODE_11865_length_805_cov_54.001416	413	493	0	80	80	1.0000000
NODE_11865_length_805_cov_54.001416	466	546	0	80	80	1.0000000
NODE_11866_length_805_cov_42.325779	377	457	0	77	80	0.9625000
NODE_11866_length_805_cov_42.325779	377	457	2	3	80	0.0375000
NODE_11866_length_805_cov_42.325779	430	510	0	80	80	1.0000000
NODE_11867_length_805_cov_36.742210	345	425	4	24	80	0.3000000
NODE_11867_length_805_cov_36.742210	345	425	6	56	80	0.7000000
NODE_11867_length_805_cov_36.742210	398	478	2	46	80	0.5750000
NODE_11867_length_805_cov_36.742210	398	478	6	34	80	0.4250000
NODE_11868_length_805_cov_25.879603	361	441	6	14	80	0.1750000
NODE_11868_length_805_cov_25.879603	361	441	8	66	80	0.8250000
NODE_11868_length_805_cov_25.879603	414	494	0	42	80	0.5250000
NODE_11868_length_805_cov_25.879603	414	494	5	2	80	0.0250000
NODE_11868_length_805_cov_25.879603	414	494	6	23	80	0.2875000
NODE_11868_length_805_cov_25.879603	414	494	8	13	80	0.1625000
NODE_11869_length_805_cov_25.048159	306	386	0	14	80	0.1750000
NODE_11869_length_805_cov_25.048159	306	386	1	12	80	0.1500000
NODE_11869_length_805_cov_25.048159	306	386	2	6	80	0.0750000
NODE_11869_length_805_cov_25.048159	306	386	4	26	80	0.3250000
NODE_11869_length_805_cov_25.048159	306	386	5	1	80	0.0125000
NODE_11869_length_805_cov_25.048159	306	386	6	21	80	0.2625000
NODE_11869_length_805_cov_25.048159	359	439	4	7	80	0.0875000
NODE_11869_length_805_cov_25.048159	359	439	5	1	80	0.0125000
NODE_11869_length_805_cov_25.048159	359	439	6	72	80	0.9000000
NODE_11870_length_805_cov_15.453258	311	391	11	4	80	0.0500000
NODE_11870_length_805_cov_15.453258	311	391	17	7	80	0.0875000
NODE_11870_length_805_cov_15.453258	311	391	18	51	80	0.6375000
NODE_11870_length_805_cov_15.453258	311	391	19	14	80	0.1750000
NODE_11870_length_805_cov_15.453258	311	391	20	4	80	0.0500000
NODE_11870_length_805_cov_15.453258	364	444	12	3	80	0.0375000
NODE_11870_length_805_cov_15.453258	364	444	13	13	80	0.1625000
NODE_11870_length_805_cov_15.453258	364	444	15	11	80	0.1375000
NODE_11870_length_805_cov_15.453258	364	444	18	35	80	0.4375000
NODE_11870_length_805_cov_15.453258	364	444	19	14	80	0.1750000
NODE_11870_length_805_cov_15.453258	364	444	20	4	80	0.0500000
NODE_11871_length_805_cov_14.930595	264	344	8	13	80	0.1625000
NODE_11871_length_805_cov_14.930595	264	344	10	12	80	0.1500000
NODE_11871_length_805_cov_14.930595	264	344	12	14	80	0.1750000
NODE_11871_length_805_cov_14.930595	264	344	14	41	80	0.5125000
NODE_11871_length_805_cov_14.930595	317	397	0	34	80	0.4250000
NODE_11871_length_805_cov_14.930595	317	397	8	32	80	0.4000000
NODE_11871_length_805_cov_14.930595	317	397	10	12	80	0.1500000
NODE_11871_length_805_cov_14.930595	317	397	12	2	80	0.0250000
NODE_11872_length_805_cov_10.888102	259	339	0	6	80	0.0750000
NODE_11872_length_805_cov_10.888102	259	339	2	74	80	0.9250000
NODE_11872_length_805_cov_10.888102	312	392	0	59	80	0.7375000
NODE_11872_length_805_cov_10.888102	312	392	2	21	80	0.2625000
NODE_11873_length_805_cov_10.716714	348	428	0	6	80	0.0750000
NODE_11873_length_805_cov_10.716714	348	428	2	74	80	0.9250000
NODE_11873_length_805_cov_10.716714	401	481	0	37	80	0.4625000
NODE_11873_length_805_cov_10.716714	401	481	2	43	80	0.5375000
NODE_11876_length_805_cov_7.212465	374	454	0	80	80	1.0000000
NODE_11876_length_805_cov_7.212465	427	507	0	80	80	1.0000000
NODE_11877_length_805_cov_5.637394	323	403	0	80	80	1.0000000
NODE_11877_length_805_cov_5.637394	376	456	0	80	80	1.0000000
NODE_11878_length_805_cov_4.001416	304	384	0	80	80	1.0000000
NODE_11878_length_805_cov_4.001416	357	437	0	80	80	1.0000000
NODE_11903_length_804_cov_26.204255	319	399	13	10	80	0.1250000
NODE_11903_length_804_cov_26.204255	319	399	15	28	80	0.3500000
NODE_11903_length_804_cov_26.204255	319	399	17	8	80	0.1000000
NODE_11903_length_804_cov_26.204255	319	399	18	21	80	0.2625000
NODE_11903_length_804_cov_26.204255	319	399	19	13	80	0.1625000
NODE_11903_length_804_cov_26.204255	372	452	2	6	80	0.0750000
NODE_11903_length_804_cov_26.204255	372	452	11	8	80	0.1000000
NODE_11903_length_804_cov_26.204255	372	452	13	21	80	0.2625000
NODE_11903_length_804_cov_26.204255	372	452	14	1	80	0.0125000
NODE_11903_length_804_cov_26.204255	372	452	15	31	80	0.3875000
NODE_11903_length_804_cov_26.204255	372	452	17	8	80	0.1000000
NODE_11903_length_804_cov_26.204255	372	452	18	5	80	0.0625000
NODE_11904_length_804_cov_25.978723	242	322	6	42	80	0.5250000
NODE_11904_length_804_cov_25.978723	242	322	8	14	80	0.1750000
NODE_11904_length_804_cov_25.978723	242	322	10	24	80	0.3000000
NODE_11904_length_804_cov_25.978723	295	375	4	21	80	0.2625000
NODE_11904_length_804_cov_25.978723	295	375	6	9	80	0.1125000
NODE_11904_length_804_cov_25.978723	295	375	8	37	80	0.4625000
NODE_11904_length_804_cov_25.978723	295	375	10	13	80	0.1625000
NODE_11904_length_804_cov_25.978723	371	451	4	18	80	0.2250000
NODE_11904_length_804_cov_25.978723	371	451	6	35	80	0.4375000
NODE_11904_length_804_cov_25.978723	371	451	8	6	80	0.0750000
NODE_11904_length_804_cov_25.978723	371	451	10	21	80	0.2625000
NODE_11904_length_804_cov_25.978723	424	504	4	6	80	0.0750000
NODE_11904_length_804_cov_25.978723	424	504	6	29	80	0.3625000
NODE_11904_length_804_cov_25.978723	424	504	10	45	80	0.5625000
NODE_11905_length_804_cov_25.628369	444	524	0	8	80	0.1000000
NODE_11905_length_804_cov_25.628369	444	524	2	22	80	0.2750000
NODE_11905_length_804_cov_25.628369	444	524	4	43	80	0.5375000
NODE_11905_length_804_cov_25.628369	444	524	6	7	80	0.0875000
NODE_11905_length_804_cov_25.628369	497	577	4	59	80	0.7375000
NODE_11905_length_804_cov_25.628369	497	577	6	21	80	0.2625000
NODE_11906_length_804_cov_22.438298	269	349	2	16	80	0.2000000
NODE_11906_length_804_cov_22.438298	269	349	4	29	80	0.3625000
NODE_11906_length_804_cov_22.438298	269	349	6	35	80	0.4375000
NODE_11906_length_804_cov_22.438298	322	402	5	11	80	0.1375000
NODE_11906_length_804_cov_22.438298	322	402	6	65	80	0.8125000
NODE_11906_length_804_cov_22.438298	322	402	7	4	80	0.0500000
NODE_11907_length_804_cov_17.425532	273	353	0	7	80	0.0875000
NODE_11907_length_804_cov_17.425532	273	353	8	33	80	0.4125000
NODE_11907_length_804_cov_17.425532	273	353	10	35	80	0.4375000
NODE_11907_length_804_cov_17.425532	273	353	12	5	80	0.0625000
NODE_11907_length_804_cov_17.425532	326	406	10	22	80	0.2750000
NODE_11907_length_804_cov_17.425532	326	406	12	10	80	0.1250000
NODE_11907_length_804_cov_17.425532	326	406	14	48	80	0.6000000
NODE_11908_length_804_cov_16.849645	229	309	0	80	80	1.0000000
NODE_11908_length_804_cov_16.849645	282	362	0	35	80	0.4375000
NODE_11908_length_804_cov_16.849645	282	362	2	45	80	0.5625000
NODE_11909_length_804_cov_16.024113	499	579	6	2	80	0.0250000
NODE_11909_length_804_cov_16.024113	499	579	12	15	80	0.1875000
NODE_11909_length_804_cov_16.024113	499	579	14	63	80	0.7875000
NODE_11909_length_804_cov_16.024113	552	632	8	46	80	0.5750000
NODE_11909_length_804_cov_16.024113	552	632	12	22	80	0.2750000
NODE_11909_length_804_cov_16.024113	552	632	14	12	80	0.1500000
NODE_11910_length_804_cov_14.567376	375	455	9	4	80	0.0500000
NODE_11910_length_804_cov_14.567376	375	455	11	3	80	0.0375000
NODE_11910_length_804_cov_14.567376	375	455	12	1	80	0.0125000
NODE_11910_length_804_cov_14.567376	375	455	13	20	80	0.2500000
NODE_11910_length_804_cov_14.567376	375	455	14	9	80	0.1125000
NODE_11910_length_804_cov_14.567376	375	455	18	32	80	0.4000000
NODE_11910_length_804_cov_14.567376	375	455	19	3	80	0.0375000
NODE_11910_length_804_cov_14.567376	375	455	20	8	80	0.1000000
NODE_11910_length_804_cov_14.567376	428	508	4	8	80	0.1000000
NODE_11910_length_804_cov_14.567376	428	508	9	2	80	0.0250000
NODE_11910_length_804_cov_14.567376	428	508	13	13	80	0.1625000
NODE_11910_length_804_cov_14.567376	428	508	16	1	80	0.0125000
NODE_11910_length_804_cov_14.567376	428	508	17	12	80	0.1500000
NODE_11910_length_804_cov_14.567376	428	508	18	18	80	0.2250000
NODE_11910_length_804_cov_14.567376	428	508	19	18	80	0.2250000
NODE_11910_length_804_cov_14.567376	428	508	20	8	80	0.1000000
NODE_11911_length_804_cov_14.011348	262	342	0	22	80	0.2750000
NODE_11911_length_804_cov_14.011348	262	342	2	58	80	0.7250000
NODE_11911_length_804_cov_14.011348	315	395	0	75	80	0.9375000
NODE_11911_length_804_cov_14.011348	315	395	2	5	80	0.0625000
NODE_11912_length_804_cov_13.800000	289	318	2	16	29	0.5517241
NODE_11912_length_804_cov_13.800000	289	318	4	13	29	0.4482759
NODE_11913_length_804_cov_12.585816	396	476	0	69	80	0.8625000
NODE_11913_length_804_cov_12.585816	396	476	2	11	80	0.1375000
NODE_11913_length_804_cov_12.585816	449	529	0	16	80	0.2000000
NODE_11913_length_804_cov_12.585816	449	529	2	64	80	0.8000000
NODE_11914_length_804_cov_12.375887	190	270	0	80	80	1.0000000
NODE_11914_length_804_cov_12.375887	243	323	0	80	80	1.0000000
NODE_11915_length_804_cov_10.947518	363	443	1	16	80	0.2000000
NODE_11915_length_804_cov_10.947518	363	443	2	64	80	0.8000000
NODE_11915_length_804_cov_10.947518	416	496	0	52	80	0.6500000
NODE_11915_length_804_cov_10.947518	416	496	1	17	80	0.2125000
NODE_11915_length_804_cov_10.947518	416	496	2	11	80	0.1375000
NODE_11916_length_804_cov_8.164539	427	507	0	5	80	0.0625000
NODE_11916_length_804_cov_8.164539	427	507	4	75	80	0.9375000
NODE_11916_length_804_cov_8.164539	480	560	0	58	80	0.7250000
NODE_11916_length_804_cov_8.164539	480	560	4	22	80	0.2750000
NODE_11917_length_804_cov_7.462411	345	425	0	80	80	1.0000000
NODE_11917_length_804_cov_7.462411	398	478	0	80	80	1.0000000
NODE_11919_length_804_cov_3.663830	736	799	0	63	63	1.0000000
NODE_11933_length_804_cov_1.303546	480	560	0	80	80	1.0000000
NODE_11933_length_804_cov_1.303546	533	613	0	80	80	1.0000000
NODE_11942_length_803_cov_40.930398	374	454	6	27	80	0.3375000
NODE_11942_length_803_cov_40.930398	374	454	8	42	80	0.5250000
NODE_11942_length_803_cov_40.930398	374	454	10	11	80	0.1375000
NODE_11942_length_803_cov_40.930398	427	507	2	13	80	0.1625000
NODE_11942_length_803_cov_40.930398	427	507	4	26	80	0.3250000
NODE_11942_length_803_cov_40.930398	427	507	8	16	80	0.2000000
NODE_11942_length_803_cov_40.930398	427	507	10	25	80	0.3125000
NODE_11944_length_803_cov_28.346591	242	322	8	33	80	0.4125000
NODE_11944_length_803_cov_28.346591	242	322	12	1	80	0.0125000
NODE_11944_length_803_cov_28.346591	242	322	14	26	80	0.3250000
NODE_11944_length_803_cov_28.346591	242	322	15	1	80	0.0125000
NODE_11944_length_803_cov_28.346591	242	322	16	19	80	0.2375000
NODE_11944_length_803_cov_28.346591	295	375	10	8	80	0.1000000
NODE_11944_length_803_cov_28.346591	295	375	14	54	80	0.6750000
NODE_11944_length_803_cov_28.346591	295	375	16	18	80	0.2250000
NODE_11945_length_803_cov_23.420455	288	368	2	23	80	0.2875000
NODE_11945_length_803_cov_23.420455	288	368	4	57	80	0.7125000
NODE_11945_length_803_cov_23.420455	341	421	2	70	80	0.8750000
NODE_11945_length_803_cov_23.420455	341	421	4	10	80	0.1250000
NODE_11946_length_803_cov_20.977273	316	396	0	72	80	0.9000000
NODE_11946_length_803_cov_20.977273	316	396	4	8	80	0.1000000
NODE_11946_length_803_cov_20.977273	369	449	0	19	80	0.2375000
NODE_11946_length_803_cov_20.977273	369	449	4	61	80	0.7625000
NODE_11947_length_803_cov_18.458807	307	387	2	7	80	0.0875000
NODE_11947_length_803_cov_18.458807	307	387	4	46	80	0.5750000
NODE_11947_length_803_cov_18.458807	307	387	6	10	80	0.1250000
NODE_11947_length_803_cov_18.458807	307	387	8	17	80	0.2125000
NODE_11947_length_803_cov_18.458807	360	440	4	52	80	0.6500000
NODE_11947_length_803_cov_18.458807	360	440	6	11	80	0.1375000
NODE_11947_length_803_cov_18.458807	360	440	8	17	80	0.2125000
NODE_11948_length_803_cov_14.411932	386	466	0	28	80	0.3500000
NODE_11948_length_803_cov_14.411932	386	466	4	21	80	0.2625000
NODE_11948_length_803_cov_14.411932	386	466	8	31	80	0.3875000
NODE_11948_length_803_cov_14.411932	439	519	8	80	80	1.0000000
NODE_11949_length_803_cov_10.157670	319	399	0	80	80	1.0000000
NODE_11949_length_803_cov_10.157670	372	452	0	80	80	1.0000000
NODE_11950_length_803_cov_8.977273	362	442	6	5	80	0.0625000
NODE_11950_length_803_cov_8.977273	362	442	13	1	80	0.0125000
NODE_11950_length_803_cov_8.977273	362	442	14	54	80	0.6750000
NODE_11950_length_803_cov_8.977273	362	442	16	20	80	0.2500000
NODE_11950_length_803_cov_8.977273	415	485	4	6	70	0.0857143
NODE_11950_length_803_cov_8.977273	415	485	11	5	70	0.0714286
NODE_11950_length_803_cov_8.977273	415	485	12	11	70	0.1571429
NODE_11950_length_803_cov_8.977273	415	485	14	16	70	0.2285714
NODE_11950_length_803_cov_8.977273	415	485	16	26	70	0.3714286
NODE_11950_length_803_cov_8.977273	415	485	18	6	70	0.0857143
NODE_11951_length_803_cov_7.735795	195	275	0	39	80	0.4875000
NODE_11951_length_803_cov_7.735795	195	275	2	41	80	0.5125000
NODE_11951_length_803_cov_7.735795	248	328	0	9	80	0.1125000
NODE_11951_length_803_cov_7.735795	248	328	2	71	80	0.8875000
NODE_11955_length_803_cov_4.613636	266	346	0	14	80	0.1750000
NODE_11955_length_803_cov_4.613636	266	346	2	1	80	0.0125000
NODE_11955_length_803_cov_4.613636	266	346	4	65	80	0.8125000
NODE_11955_length_803_cov_4.613636	319	399	0	5	80	0.0625000
NODE_11955_length_803_cov_4.613636	319	399	2	19	80	0.2375000
NODE_11955_length_803_cov_4.613636	319	399	4	56	80	0.7000000
NODE_11957_length_803_cov_4.220170	72	152	6	9	80	0.1125000
NODE_11957_length_803_cov_4.220170	72	152	8	71	80	0.8875000
NODE_11957_length_803_cov_4.220170	130	207	0	24	77	0.3116883
NODE_11957_length_803_cov_4.220170	130	207	2	1	77	0.0129870
NODE_11957_length_803_cov_4.220170	130	207	4	11	77	0.1428571
NODE_11957_length_803_cov_4.220170	130	207	6	13	77	0.1688312
NODE_11957_length_803_cov_4.220170	130	207	8	28	77	0.3636364
NODE_11985_length_802_cov_42.294452	289	369	2	9	80	0.1125000
NODE_11985_length_802_cov_42.294452	289	369	4	66	80	0.8250000
NODE_11985_length_802_cov_42.294452	289	369	6	5	80	0.0625000
NODE_11985_length_802_cov_42.294452	342	422	4	80	80	1.0000000
NODE_11986_length_802_cov_31.896159	246	326	10	8	80	0.1000000
NODE_11986_length_802_cov_31.896159	246	326	28	1	80	0.0125000
NODE_11986_length_802_cov_31.896159	246	326	29	11	80	0.1375000
NODE_11986_length_802_cov_31.896159	246	326	31	18	80	0.2250000
NODE_11986_length_802_cov_31.896159	246	326	32	18	80	0.2250000
NODE_11986_length_802_cov_31.896159	246	326	34	24	80	0.3000000
NODE_11986_length_802_cov_31.896159	299	379	2	6	80	0.0750000
NODE_11986_length_802_cov_31.896159	299	379	9	1	80	0.0125000
NODE_11986_length_802_cov_31.896159	299	379	10	5	80	0.0625000
NODE_11986_length_802_cov_31.896159	299	379	12	17	80	0.2125000
NODE_11986_length_802_cov_31.896159	299	379	14	1	80	0.0125000
NODE_11986_length_802_cov_31.896159	299	379	15	1	80	0.0125000
NODE_11986_length_802_cov_31.896159	299	379	19	2	80	0.0250000
NODE_11986_length_802_cov_31.896159	299	379	30	5	80	0.0625000
NODE_11986_length_802_cov_31.896159	299	379	32	5	80	0.0625000
NODE_11986_length_802_cov_31.896159	299	379	34	37	80	0.4625000
NODE_11987_length_802_cov_30.786629	419	499	0	17	80	0.2125000
NODE_11987_length_802_cov_30.786629	419	499	4	62	80	0.7750000
NODE_11987_length_802_cov_30.786629	419	499	6	1	80	0.0125000
NODE_11987_length_802_cov_30.786629	472	552	2	23	80	0.2875000
NODE_11987_length_802_cov_30.786629	472	552	4	26	80	0.3250000
NODE_11987_length_802_cov_30.786629	472	552	6	31	80	0.3875000
NODE_11988_length_802_cov_19.540541	368	448	6	14	80	0.1750000
NODE_11988_length_802_cov_19.540541	368	448	8	39	80	0.4875000
NODE_11988_length_802_cov_19.540541	368	448	10	3	80	0.0375000
NODE_11988_length_802_cov_19.540541	368	448	12	4	80	0.0500000
NODE_11988_length_802_cov_19.540541	368	448	13	1	80	0.0125000
NODE_11988_length_802_cov_19.540541	368	448	14	6	80	0.0750000
NODE_11988_length_802_cov_19.540541	368	448	16	9	80	0.1125000
NODE_11988_length_802_cov_19.540541	368	448	18	4	80	0.0500000
NODE_11988_length_802_cov_19.540541	421	501	6	14	80	0.1750000
NODE_11988_length_802_cov_19.540541	421	501	7	3	80	0.0375000
NODE_11988_length_802_cov_19.540541	421	501	8	1	80	0.0125000
NODE_11988_length_802_cov_19.540541	421	501	10	5	80	0.0625000
NODE_11988_length_802_cov_19.540541	421	501	12	15	80	0.1875000
NODE_11988_length_802_cov_19.540541	421	501	13	1	80	0.0125000
NODE_11988_length_802_cov_19.540541	421	501	14	6	80	0.0750000
NODE_11988_length_802_cov_19.540541	421	501	16	9	80	0.1125000
NODE_11988_length_802_cov_19.540541	421	501	18	26	80	0.3250000
NODE_11989_length_802_cov_17.689900	268	348	2	54	80	0.6750000
NODE_11989_length_802_cov_17.689900	268	348	6	21	80	0.2625000
NODE_11989_length_802_cov_17.689900	268	348	8	5	80	0.0625000
NODE_11989_length_802_cov_17.689900	321	401	2	1	80	0.0125000
NODE_11989_length_802_cov_17.689900	321	401	6	28	80	0.3500000
NODE_11989_length_802_cov_17.689900	321	401	8	35	80	0.4375000
NODE_11989_length_802_cov_17.689900	321	401	10	16	80	0.2000000
NODE_11990_length_802_cov_16.432432	364	444	0	7	80	0.0875000
NODE_11990_length_802_cov_16.432432	364	444	2	73	80	0.9125000
NODE_11990_length_802_cov_16.432432	417	497	0	60	80	0.7500000
NODE_11990_length_802_cov_16.432432	417	497	2	20	80	0.2500000
NODE_11991_length_802_cov_15.409673	317	397	0	11	80	0.1375000
NODE_11991_length_802_cov_15.409673	317	397	2	4	80	0.0500000
NODE_11991_length_802_cov_15.409673	317	397	4	47	80	0.5875000
NODE_11991_length_802_cov_15.409673	317	397	8	18	80	0.2250000
NODE_11991_length_802_cov_15.409673	370	450	4	9	80	0.1125000
NODE_11991_length_802_cov_15.409673	370	450	8	71	80	0.8875000
NODE_11992_length_802_cov_12.507824	340	420	0	2	80	0.0250000
NODE_11992_length_802_cov_12.507824	340	420	4	47	80	0.5875000
NODE_11992_length_802_cov_12.507824	340	420	6	31	80	0.3875000
NODE_11992_length_802_cov_12.507824	393	473	2	2	80	0.0250000
NODE_11992_length_802_cov_12.507824	393	473	6	78	80	0.9750000
NODE_11993_length_802_cov_9.310100	374	454	2	43	80	0.5375000
NODE_11993_length_802_cov_9.310100	374	454	4	14	80	0.1750000
NODE_11993_length_802_cov_9.310100	374	454	5	1	80	0.0125000
NODE_11993_length_802_cov_9.310100	374	454	6	22	80	0.2750000
NODE_11993_length_802_cov_9.310100	427	507	4	67	80	0.8375000
NODE_11993_length_802_cov_9.310100	427	507	6	13	80	0.1625000
NODE_11994_length_802_cov_8.421053	272	351	0	16	79	0.2025317
NODE_11994_length_802_cov_8.421053	272	351	2	1	79	0.0126582
NODE_11994_length_802_cov_8.421053	272	351	5	1	79	0.0126582
NODE_11994_length_802_cov_8.421053	272	351	6	9	79	0.1139240
NODE_11994_length_802_cov_8.421053	272	351	12	8	79	0.1012658
NODE_11994_length_802_cov_8.421053	272	351	14	22	79	0.2784810
NODE_11994_length_802_cov_8.421053	272	351	16	22	79	0.2784810
NODE_11994_length_802_cov_8.421053	324	404	12	13	80	0.1625000
NODE_11994_length_802_cov_8.421053	324	404	14	32	80	0.4000000
NODE_11994_length_802_cov_8.421053	324	404	15	1	80	0.0125000
NODE_11994_length_802_cov_8.421053	324	404	16	34	80	0.4250000
NODE_11997_length_802_cov_5.576102	294	374	0	2	80	0.0250000
NODE_11997_length_802_cov_5.576102	294	374	2	21	80	0.2625000
NODE_11997_length_802_cov_5.576102	294	374	4	57	80	0.7125000
NODE_11997_length_802_cov_5.576102	347	427	0	2	80	0.0250000
NODE_11997_length_802_cov_5.576102	347	427	2	69	80	0.8625000
NODE_11997_length_802_cov_5.576102	347	427	4	9	80	0.1125000
NODE_12025_length_801_cov_35.199430	334	414	6	24	80	0.3000000
NODE_12025_length_801_cov_35.199430	334	414	10	15	80	0.1875000
NODE_12025_length_801_cov_35.199430	334	414	12	25	80	0.3125000
NODE_12025_length_801_cov_35.199430	334	414	14	16	80	0.2000000
NODE_12025_length_801_cov_35.199430	387	467	8	19	80	0.2375000
NODE_12025_length_801_cov_35.199430	387	467	12	59	80	0.7375000
NODE_12025_length_801_cov_35.199430	387	467	14	2	80	0.0250000
NODE_12026_length_801_cov_20.096866	347	427	6	16	80	0.2000000
NODE_12026_length_801_cov_20.096866	347	427	13	3	80	0.0375000
NODE_12026_length_801_cov_20.096866	347	427	14	7	80	0.0875000
NODE_12026_length_801_cov_20.096866	347	427	16	54	80	0.6750000
NODE_12026_length_801_cov_20.096866	400	480	0	28	80	0.3500000
NODE_12026_length_801_cov_20.096866	400	480	4	22	80	0.2750000
NODE_12026_length_801_cov_20.096866	400	480	6	19	80	0.2375000
NODE_12026_length_801_cov_20.096866	400	480	13	3	80	0.0375000
NODE_12026_length_801_cov_20.096866	400	480	14	7	80	0.0875000
NODE_12026_length_801_cov_20.096866	400	480	16	1	80	0.0125000
NODE_12027_length_801_cov_18.643875	355	435	0	80	80	1.0000000
NODE_12027_length_801_cov_18.643875	408	488	0	27	80	0.3375000
NODE_12027_length_801_cov_18.643875	408	488	2	16	80	0.2000000
NODE_12027_length_801_cov_18.643875	408	488	4	37	80	0.4625000
NODE_12028_length_801_cov_16.099715	427	507	2	7	80	0.0875000
NODE_12028_length_801_cov_16.099715	427	507	4	73	80	0.9125000
NODE_12028_length_801_cov_16.099715	480	560	0	51	80	0.6375000
NODE_12028_length_801_cov_16.099715	480	560	2	7	80	0.0875000
NODE_12028_length_801_cov_16.099715	480	560	4	22	80	0.2750000
NODE_12029_length_801_cov_12.307692	332	412	0	11	80	0.1375000
NODE_12029_length_801_cov_12.307692	332	412	2	69	80	0.8625000
NODE_12029_length_801_cov_12.307692	385	465	0	64	80	0.8000000
NODE_12029_length_801_cov_12.307692	385	465	2	16	80	0.2000000
NODE_12030_length_801_cov_11.464387	293	373	0	80	80	1.0000000
NODE_12030_length_801_cov_11.464387	346	426	0	37	80	0.4625000
NODE_12030_length_801_cov_11.464387	346	426	2	43	80	0.5375000
NODE_12031_length_801_cov_8.562678	309	389	6	5	80	0.0625000
NODE_12031_length_801_cov_8.562678	309	389	7	29	80	0.3625000
NODE_12031_length_801_cov_8.562678	309	389	10	45	80	0.5625000
NODE_12031_length_801_cov_8.562678	309	389	11	1	80	0.0125000
NODE_12031_length_801_cov_8.562678	362	442	10	37	80	0.4625000
NODE_12031_length_801_cov_8.562678	362	442	11	43	80	0.5375000
NODE_12032_length_801_cov_3.927350	339	419	2	19	80	0.2375000
NODE_12032_length_801_cov_3.927350	339	419	4	52	80	0.6500000
NODE_12032_length_801_cov_3.927350	339	419	6	9	80	0.1125000
NODE_12032_length_801_cov_3.927350	392	472	2	72	80	0.9000000
NODE_12032_length_801_cov_3.927350	392	472	4	3	80	0.0375000
NODE_12032_length_801_cov_3.927350	392	472	6	5	80	0.0625000
NODE_12053_length_800_cov_72.029957	245	325	8	80	80	1.0000000
NODE_12053_length_800_cov_72.029957	298	378	0	44	80	0.5500000
NODE_12053_length_800_cov_72.029957	298	378	8	36	80	0.4500000
NODE_12054_length_800_cov_22.631954	297	377	9	7	80	0.0875000
NODE_12054_length_800_cov_22.631954	297	377	11	39	80	0.4875000
NODE_12054_length_800_cov_22.631954	297	377	13	34	80	0.4250000
NODE_12054_length_800_cov_22.631954	350	430	0	10	80	0.1250000
NODE_12054_length_800_cov_22.631954	350	430	6	5	80	0.0625000
NODE_12054_length_800_cov_22.631954	350	430	9	13	80	0.1625000
NODE_12054_length_800_cov_22.631954	350	430	10	32	80	0.4000000
NODE_12054_length_800_cov_22.631954	350	430	13	20	80	0.2500000
NODE_12055_length_800_cov_9.457917	409	489	8	7	80	0.0875000
NODE_12055_length_800_cov_9.457917	409	489	10	19	80	0.2375000
NODE_12055_length_800_cov_9.457917	409	489	12	21	80	0.2625000
NODE_12055_length_800_cov_9.457917	409	489	14	33	80	0.4125000
NODE_12055_length_800_cov_9.457917	462	542	2	1	80	0.0125000
NODE_12055_length_800_cov_9.457917	462	542	4	8	80	0.1000000
NODE_12055_length_800_cov_9.457917	462	542	6	22	80	0.2750000
NODE_12055_length_800_cov_9.457917	462	542	8	7	80	0.0875000
NODE_12055_length_800_cov_9.457917	462	542	10	1	80	0.0125000
NODE_12055_length_800_cov_9.457917	462	542	11	11	80	0.1375000
NODE_12055_length_800_cov_9.457917	462	542	12	7	80	0.0875000
NODE_12055_length_800_cov_9.457917	462	542	14	23	80	0.2875000
NODE_12084_length_799_cov_101.640000	101	132	28	1	31	0.0322581
NODE_12084_length_799_cov_101.640000	101	132	30	2	31	0.0645161
NODE_12084_length_799_cov_101.640000	101	132	32	1	31	0.0322581
NODE_12084_length_799_cov_101.640000	101	132	34	7	31	0.2258064
NODE_12084_length_799_cov_101.640000	101	132	36	5	31	0.1612903
NODE_12084_length_799_cov_101.640000	101	132	38	1	31	0.0322581
NODE_12084_length_799_cov_101.640000	101	132	40	6	31	0.1935484
NODE_12084_length_799_cov_101.640000	101	132	42	8	31	0.2580645
NODE_12085_length_799_cov_33.630000	367	447	4	13	80	0.1625000
NODE_12085_length_799_cov_33.630000	367	447	6	67	80	0.8375000
NODE_12085_length_799_cov_33.630000	420	500	0	28	80	0.3500000
NODE_12085_length_799_cov_33.630000	420	500	2	12	80	0.1500000
NODE_12085_length_799_cov_33.630000	420	500	6	40	80	0.5000000
NODE_12086_length_799_cov_15.717143	408	488	2	80	80	1.0000000
NODE_12086_length_799_cov_15.717143	461	541	0	48	80	0.6000000
NODE_12086_length_799_cov_15.717143	461	541	2	32	80	0.4000000
NODE_12087_length_799_cov_15.175714	293	373	0	5	80	0.0625000
NODE_12087_length_799_cov_15.175714	293	373	2	20	80	0.2500000
NODE_12087_length_799_cov_15.175714	293	373	4	17	80	0.2125000
NODE_12087_length_799_cov_15.175714	293	373	8	37	80	0.4625000
NODE_12087_length_799_cov_15.175714	293	373	9	1	80	0.0125000
NODE_12087_length_799_cov_15.175714	346	426	8	27	80	0.3375000
NODE_12087_length_799_cov_15.175714	346	426	9	18	80	0.2250000
NODE_12087_length_799_cov_15.175714	346	426	10	35	80	0.4375000
NODE_12088_length_799_cov_8.444286	408	488	0	35	80	0.4375000
NODE_12088_length_799_cov_8.444286	408	488	2	45	80	0.5625000
NODE_12088_length_799_cov_8.444286	461	541	2	80	80	1.0000000
NODE_12120_length_798_cov_42.629471	148	228	2	8	80	0.1000000
NODE_12120_length_798_cov_42.629471	148	228	4	72	80	0.9000000
NODE_12120_length_798_cov_42.629471	201	281	2	60	80	0.7500000
NODE_12120_length_798_cov_42.629471	201	281	4	20	80	0.2500000
NODE_12121_length_798_cov_23.658083	368	448	8	23	80	0.2875000
NODE_12121_length_798_cov_23.658083	368	448	12	15	80	0.1875000
NODE_12121_length_798_cov_23.658083	368	448	14	30	80	0.3750000
NODE_12121_length_798_cov_23.658083	368	448	16	12	80	0.1500000
NODE_12121_length_798_cov_23.658083	421	501	4	9	80	0.1125000
NODE_12121_length_798_cov_23.658083	421	501	6	28	80	0.3500000
NODE_12121_length_798_cov_23.658083	421	501	8	16	80	0.2000000
NODE_12121_length_798_cov_23.658083	421	501	14	15	80	0.1875000
NODE_12121_length_798_cov_23.658083	421	501	16	12	80	0.1500000
NODE_12122_length_798_cov_15.037196	341	421	12	80	80	1.0000000
NODE_12122_length_798_cov_15.037196	394	474	0	21	80	0.2625000
NODE_12122_length_798_cov_15.037196	394	474	4	20	80	0.2500000
NODE_12122_length_798_cov_15.037196	394	474	6	4	80	0.0500000
NODE_12122_length_798_cov_15.037196	394	474	8	3	80	0.0375000
NODE_12122_length_798_cov_15.037196	394	474	12	32	80	0.4000000
NODE_12123_length_798_cov_6.816881	404	483	0	43	79	0.5443038
NODE_12123_length_798_cov_6.816881	404	483	2	36	79	0.4556962
NODE_12123_length_798_cov_6.816881	457	536	0	20	79	0.2531646
NODE_12123_length_798_cov_6.816881	457	536	2	59	79	0.7468355
NODE_12129_length_798_cov_2.796853	246	326	0	80	80	1.0000000
NODE_12129_length_798_cov_2.796853	299	379	0	80	80	1.0000000
NODE_12151_length_797_cov_24.340974	207	287	0	8	80	0.1000000
NODE_12151_length_797_cov_24.340974	207	287	2	72	80	0.9000000
NODE_12151_length_797_cov_24.340974	260	340	0	35	80	0.4375000
NODE_12151_length_797_cov_24.340974	260	340	2	45	80	0.5625000
NODE_12152_length_797_cov_21.071633	372	452	0	13	80	0.1625000
NODE_12152_length_797_cov_21.071633	372	452	2	18	80	0.2250000
NODE_12152_length_797_cov_21.071633	372	452	4	10	80	0.1250000
NODE_12152_length_797_cov_21.071633	372	452	8	9	80	0.1125000
NODE_12152_length_797_cov_21.071633	372	452	12	3	80	0.0375000
NODE_12152_length_797_cov_21.071633	372	452	13	1	80	0.0125000
NODE_12152_length_797_cov_21.071633	372	452	14	2	80	0.0250000
NODE_12152_length_797_cov_21.071633	372	452	15	1	80	0.0125000
NODE_12152_length_797_cov_21.071633	372	452	19	14	80	0.1750000
NODE_12152_length_797_cov_21.071633	372	452	21	9	80	0.1125000
NODE_12152_length_797_cov_21.071633	425	505	13	1	80	0.0125000
NODE_12152_length_797_cov_21.071633	425	505	14	2	80	0.0250000
NODE_12152_length_797_cov_21.071633	425	505	15	1	80	0.0125000
NODE_12152_length_797_cov_21.071633	425	505	19	15	80	0.1875000
NODE_12152_length_797_cov_21.071633	425	505	20	49	80	0.6125000
NODE_12152_length_797_cov_21.071633	425	505	21	12	80	0.1500000
NODE_12153_length_797_cov_18.286533	346	426	1	11	80	0.1375000
NODE_12153_length_797_cov_18.286533	346	426	2	18	80	0.2250000
NODE_12153_length_797_cov_18.286533	346	426	4	51	80	0.6375000
NODE_12153_length_797_cov_18.286533	399	479	0	14	80	0.1750000
NODE_12153_length_797_cov_18.286533	399	479	1	50	80	0.6250000
NODE_12153_length_797_cov_18.286533	399	479	2	16	80	0.2000000
NODE_12154_length_797_cov_16.628940	322	402	14	50	80	0.6250000
NODE_12154_length_797_cov_16.628940	322	402	16	16	80	0.2000000
NODE_12154_length_797_cov_16.628940	322	402	18	2	80	0.0250000
NODE_12154_length_797_cov_16.628940	322	402	20	12	80	0.1500000
NODE_12154_length_797_cov_16.628940	375	455	8	5	80	0.0625000
NODE_12154_length_797_cov_16.628940	375	455	12	5	80	0.0625000
NODE_12154_length_797_cov_16.628940	375	455	13	8	80	0.1000000
NODE_12154_length_797_cov_16.628940	375	455	14	6	80	0.0750000
NODE_12154_length_797_cov_16.628940	375	455	16	44	80	0.5500000
NODE_12154_length_797_cov_16.628940	375	455	20	12	80	0.1500000
NODE_12155_length_797_cov_15.266476	299	379	0	80	80	1.0000000
NODE_12155_length_797_cov_15.266476	352	432	0	80	80	1.0000000
NODE_12156_length_797_cov_15.035817	263	343	2	42	80	0.5250000
NODE_12156_length_797_cov_15.035817	263	343	4	25	80	0.3125000
NODE_12156_length_797_cov_15.035817	263	343	6	10	80	0.1250000
NODE_12156_length_797_cov_15.035817	263	343	8	3	80	0.0375000
NODE_12156_length_797_cov_15.035817	316	396	4	14	80	0.1750000
NODE_12156_length_797_cov_15.035817	316	396	6	63	80	0.7875000
NODE_12156_length_797_cov_15.035817	316	396	8	3	80	0.0375000
NODE_12157_length_797_cov_12.934097	403	484	0	81	81	1.0000000
NODE_12157_length_797_cov_12.934097	457	537	0	71	80	0.8875000
NODE_12157_length_797_cov_12.934097	457	537	4	9	80	0.1125000
NODE_12158_length_797_cov_11.140401	201	281	4	18	80	0.2250000
NODE_12158_length_797_cov_11.140401	201	281	6	62	80	0.7750000
NODE_12158_length_797_cov_11.140401	254	334	0	13	80	0.1625000
NODE_12158_length_797_cov_11.140401	254	334	2	3	80	0.0375000
NODE_12158_length_797_cov_11.140401	254	334	4	55	80	0.6875000
NODE_12158_length_797_cov_11.140401	254	334	6	9	80	0.1125000
NODE_12159_length_797_cov_8.681948	284	364	0	80	80	1.0000000
NODE_12159_length_797_cov_8.681948	337	417	0	80	80	1.0000000
NODE_12160_length_797_cov_7.616046	314	397	0	72	83	0.8674699
NODE_12160_length_797_cov_7.616046	314	397	2	11	83	0.1325301
NODE_12160_length_797_cov_7.616046	370	450	0	16	80	0.2000000
NODE_12160_length_797_cov_7.616046	370	450	2	64	80	0.8000000
NODE_12161_length_797_cov_7.487106	275	347	2	72	72	1.0000000
NODE_12161_length_797_cov_7.487106	320	400	0	50	80	0.6250000
NODE_12161_length_797_cov_7.487106	320	400	2	30	80	0.3750000
NODE_12163_length_797_cov_6.068768	357	437	4	80	80	1.0000000
NODE_12163_length_797_cov_6.068768	410	490	0	48	80	0.6000000
NODE_12163_length_797_cov_6.068768	410	490	2	3	80	0.0375000
NODE_12163_length_797_cov_6.068768	410	490	4	29	80	0.3625000
NODE_12186_length_796_cov_20.862267	262	342	0	17	80	0.2125000
NODE_12186_length_796_cov_20.862267	262	342	2	63	80	0.7875000
NODE_12186_length_796_cov_20.862267	315	395	0	70	80	0.8750000
NODE_12186_length_796_cov_20.862267	315	395	2	10	80	0.1250000
NODE_12187_length_796_cov_18.291248	283	363	0	8	80	0.1000000
NODE_12187_length_796_cov_18.291248	283	363	20	40	80	0.5000000
NODE_12187_length_796_cov_18.291248	283	363	28	1	80	0.0125000
NODE_12187_length_796_cov_18.291248	283	363	29	2	80	0.0250000
NODE_12187_length_796_cov_18.291248	283	363	30	2	80	0.0250000
NODE_12187_length_796_cov_18.291248	283	363	32	27	80	0.3375000
NODE_12187_length_796_cov_18.291248	336	416	7	3	80	0.0375000
NODE_12187_length_796_cov_18.291248	336	416	9	13	80	0.1625000
NODE_12187_length_796_cov_18.291248	336	416	21	12	80	0.1500000
NODE_12187_length_796_cov_18.291248	336	416	22	6	80	0.0750000
NODE_12187_length_796_cov_18.291248	336	416	23	7	80	0.0875000
NODE_12187_length_796_cov_18.291248	336	416	24	7	80	0.0875000
NODE_12187_length_796_cov_18.291248	336	416	27	4	80	0.0500000
NODE_12187_length_796_cov_18.291248	336	416	28	2	80	0.0250000
NODE_12187_length_796_cov_18.291248	336	416	29	2	80	0.0250000
NODE_12187_length_796_cov_18.291248	336	416	32	24	80	0.3000000
NODE_12189_length_796_cov_7.880918	388	460	0	72	72	1.0000000
NODE_12189_length_796_cov_7.880918	442	513	0	71	71	1.0000000
NODE_12216_length_795_cov_31.729885	298	378	0	80	80	1.0000000
NODE_12216_length_795_cov_31.729885	351	431	0	80	80	1.0000000
NODE_12217_length_795_cov_26.760057	367	447	0	18	80	0.2250000
NODE_12217_length_795_cov_26.760057	367	447	2	12	80	0.1500000
NODE_12217_length_795_cov_26.760057	367	447	6	8	80	0.1000000
NODE_12217_length_795_cov_26.760057	367	447	10	6	80	0.0750000
NODE_12217_length_795_cov_26.760057	367	447	11	1	80	0.0125000
NODE_12217_length_795_cov_26.760057	367	447	12	3	80	0.0375000
NODE_12217_length_795_cov_26.760057	367	447	14	20	80	0.2500000
NODE_12217_length_795_cov_26.760057	367	447	16	11	80	0.1375000
NODE_12217_length_795_cov_26.760057	367	447	18	1	80	0.0125000
NODE_12217_length_795_cov_26.760057	420	500	14	15	80	0.1875000
NODE_12217_length_795_cov_26.760057	420	500	16	42	80	0.5250000
NODE_12217_length_795_cov_26.760057	420	500	18	23	80	0.2875000
NODE_12218_length_795_cov_24.522989	352	432	6	10	80	0.1250000
NODE_12218_length_795_cov_24.522989	352	432	8	7	80	0.0875000
NODE_12218_length_795_cov_24.522989	352	432	10	63	80	0.7875000
NODE_12218_length_795_cov_24.522989	405	485	0	43	80	0.5375000
NODE_12218_length_795_cov_24.522989	405	485	5	2	80	0.0250000
NODE_12218_length_795_cov_24.522989	405	485	6	18	80	0.2250000
NODE_12218_length_795_cov_24.522989	405	485	8	7	80	0.0875000
NODE_12218_length_795_cov_24.522989	405	485	10	10	80	0.1250000
NODE_12219_length_795_cov_22.747126	363	443	0	21	80	0.2625000
NODE_12219_length_795_cov_22.747126	363	443	8	14	80	0.1750000
NODE_12219_length_795_cov_22.747126	363	443	12	7	80	0.0875000
NODE_12219_length_795_cov_22.747126	363	443	14	22	80	0.2750000
NODE_12219_length_795_cov_22.747126	363	443	16	16	80	0.2000000
NODE_12219_length_795_cov_22.747126	416	496	14	16	80	0.2000000
NODE_12219_length_795_cov_22.747126	416	496	16	64	80	0.8000000
NODE_12220_length_795_cov_9.439655	425	505	2	41	80	0.5125000
NODE_12220_length_795_cov_9.439655	425	505	4	34	80	0.4250000
NODE_12220_length_795_cov_9.439655	425	505	6	5	80	0.0625000
NODE_12220_length_795_cov_9.439655	478	558	2	12	80	0.1500000
NODE_12220_length_795_cov_9.439655	478	558	3	16	80	0.2000000
NODE_12220_length_795_cov_9.439655	478	558	4	24	80	0.3000000
NODE_12220_length_795_cov_9.439655	478	558	6	28	80	0.3500000
NODE_12232_length_795_cov_3.359195	349	429	2	57	80	0.7125000
NODE_12232_length_795_cov_3.359195	349	429	4	23	80	0.2875000
NODE_12232_length_795_cov_3.359195	402	482	2	57	80	0.7125000
NODE_12232_length_795_cov_3.359195	402	482	4	23	80	0.2875000
NODE_12256_length_794_cov_24.680576	326	406	14	11	80	0.1375000
NODE_12256_length_794_cov_24.680576	326	406	15	22	80	0.2750000
NODE_12256_length_794_cov_24.680576	326	406	16	13	80	0.1625000
NODE_12256_length_794_cov_24.680576	326	406	17	12	80	0.1500000
NODE_12256_length_794_cov_24.680576	326	406	19	2	80	0.0250000
NODE_12256_length_794_cov_24.680576	326	406	21	5	80	0.0625000
NODE_12256_length_794_cov_24.680576	326	406	23	15	80	0.1875000
NODE_12256_length_794_cov_24.680576	379	459	6	11	80	0.1375000
NODE_12256_length_794_cov_24.680576	379	459	8	3	80	0.0375000
NODE_12256_length_794_cov_24.680576	379	459	11	4	80	0.0500000
NODE_12256_length_794_cov_24.680576	379	459	13	16	80	0.2000000
NODE_12256_length_794_cov_24.680576	379	459	15	11	80	0.1375000
NODE_12256_length_794_cov_24.680576	379	459	16	5	80	0.0625000
NODE_12256_length_794_cov_24.680576	379	459	17	5	80	0.0625000
NODE_12256_length_794_cov_24.680576	379	459	19	2	80	0.0250000
NODE_12256_length_794_cov_24.680576	379	459	21	5	80	0.0625000
NODE_12256_length_794_cov_24.680576	379	459	23	18	80	0.2250000
NODE_12257_length_794_cov_20.057554	153	233	2	33	80	0.4125000
NODE_12257_length_794_cov_20.057554	153	233	8	47	80	0.5875000
NODE_12257_length_794_cov_20.057554	206	286	6	45	80	0.5625000
NODE_12257_length_794_cov_20.057554	206	286	8	35	80	0.4375000
NODE_12257_length_794_cov_20.057554	282	362	0	33	80	0.4125000
NODE_12257_length_794_cov_20.057554	282	362	2	1	80	0.0125000
NODE_12257_length_794_cov_20.057554	282	362	6	46	80	0.5750000
NODE_12257_length_794_cov_20.057554	335	415	0	26	80	0.3250000
NODE_12257_length_794_cov_20.057554	335	415	2	54	80	0.6750000
NODE_12258_length_794_cov_16.602878	361	441	2	57	80	0.7125000
NODE_12258_length_794_cov_16.602878	361	441	4	23	80	0.2875000
NODE_12258_length_794_cov_16.602878	414	494	2	4	80	0.0500000
NODE_12258_length_794_cov_16.602878	414	494	3	10	80	0.1250000
NODE_12258_length_794_cov_16.602878	414	494	4	66	80	0.8250000
NODE_12259_length_794_cov_16.362590	337	417	0	80	80	1.0000000
NODE_12259_length_794_cov_16.362590	390	470	0	80	80	1.0000000
NODE_12260_length_794_cov_14.444604	101	160	1	19	59	0.3220339
NODE_12260_length_794_cov_14.444604	101	160	2	40	59	0.6779661
NODE_12260_length_794_cov_14.444604	409	489	2	2	80	0.0250000
NODE_12260_length_794_cov_14.444604	409	489	4	28	80	0.3500000
NODE_12260_length_794_cov_14.444604	409	489	6	50	80	0.6250000
NODE_12260_length_794_cov_14.444604	462	542	0	5	80	0.0625000
NODE_12260_length_794_cov_14.444604	462	542	2	5	80	0.0625000
NODE_12260_length_794_cov_14.444604	462	542	4	25	80	0.3125000
NODE_12260_length_794_cov_14.444604	462	542	6	45	80	0.5625000
NODE_12261_length_794_cov_12.866187	442	522	4	7	80	0.0875000
NODE_12261_length_794_cov_12.866187	442	522	6	73	80	0.9125000
NODE_12261_length_794_cov_12.866187	495	575	0	14	80	0.1750000
NODE_12261_length_794_cov_12.866187	495	575	2	35	80	0.4375000
NODE_12261_length_794_cov_12.866187	495	575	6	31	80	0.3875000
NODE_12262_length_794_cov_12.287770	235	315	4	80	80	1.0000000
NODE_12262_length_794_cov_12.287770	288	368	0	39	80	0.4875000
NODE_12262_length_794_cov_12.287770	288	368	2	2	80	0.0250000
NODE_12262_length_794_cov_12.287770	288	368	4	39	80	0.4875000
NODE_12263_length_794_cov_11.210072	315	395	6	5	80	0.0625000
NODE_12263_length_794_cov_11.210072	315	395	8	15	80	0.1875000
NODE_12263_length_794_cov_11.210072	315	395	14	33	80	0.4125000
NODE_12263_length_794_cov_11.210072	315	395	18	1	80	0.0125000
NODE_12263_length_794_cov_11.210072	315	395	19	1	80	0.0125000
NODE_12263_length_794_cov_11.210072	315	395	20	25	80	0.3125000
NODE_12263_length_794_cov_11.210072	368	448	12	41	80	0.5125000
NODE_12263_length_794_cov_11.210072	368	448	16	1	80	0.0125000
NODE_12263_length_794_cov_11.210072	368	448	18	12	80	0.1500000
NODE_12263_length_794_cov_11.210072	368	448	19	1	80	0.0125000
NODE_12263_length_794_cov_11.210072	368	448	20	25	80	0.3125000
NODE_12264_length_794_cov_10.638849	325	406	0	15	81	0.1851852
NODE_12264_length_794_cov_10.638849	325	406	2	11	81	0.1358025
NODE_12264_length_794_cov_10.638849	325	406	4	55	81	0.6790124
NODE_12264_length_794_cov_10.638849	379	459	4	80	80	1.0000000
NODE_12266_length_794_cov_6.274820	412	492	4	22	80	0.2750000
NODE_12266_length_794_cov_6.274820	412	492	6	58	80	0.7250000
NODE_12266_length_794_cov_6.274820	465	545	0	40	80	0.5000000
NODE_12266_length_794_cov_6.274820	465	545	4	24	80	0.3000000
NODE_12266_length_794_cov_6.274820	465	545	6	16	80	0.2000000
NODE_12271_length_794_cov_3.197122	273	338	0	65	65	1.0000000
NODE_12282_length_794_cov_1.848921	246	326	0	80	80	1.0000000
NODE_12282_length_794_cov_1.848921	299	379	0	80	80	1.0000000
NODE_12295_length_793_cov_29.878963	326	406	8	24	80	0.3000000
NODE_12295_length_793_cov_29.878963	326	406	10	8	80	0.1000000
NODE_12295_length_793_cov_29.878963	326	406	12	48	80	0.6000000
NODE_12295_length_793_cov_29.878963	379	459	2	9	80	0.1125000
NODE_12295_length_793_cov_29.878963	379	459	4	2	80	0.0250000
NODE_12295_length_793_cov_29.878963	379	459	6	37	80	0.4625000
NODE_12295_length_793_cov_29.878963	379	459	10	13	80	0.1625000
NODE_12295_length_793_cov_29.878963	379	459	12	19	80	0.2375000
NODE_12296_length_793_cov_25.981268	310	390	0	80	80	1.0000000
NODE_12296_length_793_cov_25.981268	363	445	0	82	82	1.0000000
NODE_12297_length_793_cov_24.840058	331	411	0	80	80	1.0000000
NODE_12297_length_793_cov_24.840058	384	464	0	80	80	1.0000000
NODE_12298_length_793_cov_21.707493	398	478	2	35	80	0.4375000
NODE_12298_length_793_cov_21.707493	398	478	4	16	80	0.2000000
NODE_12298_length_793_cov_21.707493	398	478	6	29	80	0.3625000
NODE_12298_length_793_cov_21.707493	451	531	2	36	80	0.4500000
NODE_12298_length_793_cov_21.707493	451	531	4	8	80	0.1000000
NODE_12298_length_793_cov_21.707493	451	531	5	8	80	0.1000000
NODE_12298_length_793_cov_21.707493	451	531	6	28	80	0.3500000
NODE_12299_length_793_cov_8.358790	257	337	2	15	80	0.1875000
NODE_12299_length_793_cov_8.358790	257	337	4	38	80	0.4750000
NODE_12299_length_793_cov_8.358790	257	337	5	3	80	0.0375000
NODE_12299_length_793_cov_8.358790	257	337	6	24	80	0.3000000
NODE_12299_length_793_cov_8.358790	310	390	0	12	80	0.1500000
NODE_12299_length_793_cov_8.358790	310	390	2	56	80	0.7000000
NODE_12299_length_793_cov_8.358790	310	390	4	12	80	0.1500000
NODE_12300_length_793_cov_8.236311	477	557	0	13	80	0.1625000
NODE_12300_length_793_cov_8.236311	477	557	2	32	80	0.4000000
NODE_12300_length_793_cov_8.236311	477	557	4	35	80	0.4375000
NODE_12300_length_793_cov_8.236311	530	610	2	19	80	0.2375000
NODE_12300_length_793_cov_8.236311	530	610	4	61	80	0.7625000
NODE_12302_length_793_cov_6.763689	461	541	4	17	80	0.2125000
NODE_12302_length_793_cov_6.763689	461	541	6	24	80	0.3000000
NODE_12302_length_793_cov_6.763689	461	541	8	22	80	0.2750000
NODE_12302_length_793_cov_6.763689	461	541	9	2	80	0.0250000
NODE_12302_length_793_cov_6.763689	461	541	10	15	80	0.1875000
NODE_12302_length_793_cov_6.763689	514	594	6	15	80	0.1875000
NODE_12302_length_793_cov_6.763689	514	594	8	43	80	0.5375000
NODE_12302_length_793_cov_6.763689	514	594	10	22	80	0.2750000
NODE_12307_length_793_cov_4.465418	501	549	2	5	48	0.1041667
NODE_12307_length_793_cov_4.465418	501	549	4	43	48	0.8958333
NODE_12311_length_793_cov_4.138329	174	254	0	80	80	1.0000000
NODE_12311_length_793_cov_4.138329	227	307	0	80	80	1.0000000
NODE_12338_length_792_cov_40.025974	198	278	0	80	80	1.0000000
NODE_12338_length_792_cov_40.025974	251	331	0	56	80	0.7000000
NODE_12338_length_792_cov_40.025974	251	331	2	24	80	0.3000000
NODE_12338_length_792_cov_40.025974	327	408	2	58	81	0.7160494
NODE_12338_length_792_cov_40.025974	327	408	4	23	81	0.2839506
NODE_12338_length_792_cov_40.025974	381	461	2	22	80	0.2750000
NODE_12338_length_792_cov_40.025974	381	461	4	58	80	0.7250000
NODE_12339_length_792_cov_31.176046	331	411	0	14	80	0.1750000
NODE_12339_length_792_cov_31.176046	331	411	2	12	80	0.1500000
NODE_12339_length_792_cov_31.176046	331	411	3	43	80	0.5375000
NODE_12339_length_792_cov_31.176046	331	411	4	11	80	0.1375000
NODE_12339_length_792_cov_31.176046	384	463	3	16	79	0.2025317
NODE_12339_length_792_cov_31.176046	384	463	4	45	79	0.5696203
NODE_12339_length_792_cov_31.176046	384	463	5	17	79	0.2151899
NODE_12339_length_792_cov_31.176046	384	463	6	1	79	0.0126582
NODE_12339_length_792_cov_31.176046	459	539	3	32	80	0.4000000
NODE_12339_length_792_cov_31.176046	459	539	4	18	80	0.2250000
NODE_12339_length_792_cov_31.176046	459	539	5	3	80	0.0375000
NODE_12339_length_792_cov_31.176046	459	539	6	27	80	0.3375000
NODE_12339_length_792_cov_31.176046	512	546	3	34	34	1.0000000
NODE_12340_length_792_cov_21.347763	303	383	0	70	80	0.8750000
NODE_12340_length_792_cov_21.347763	303	383	2	10	80	0.1250000
NODE_12340_length_792_cov_21.347763	356	436	0	17	80	0.2125000
NODE_12340_length_792_cov_21.347763	356	436	2	63	80	0.7875000
NODE_12341_length_792_cov_20.142857	361	441	0	31	80	0.3875000
NODE_12341_length_792_cov_20.142857	361	441	2	49	80	0.6125000
NODE_12341_length_792_cov_20.142857	414	494	2	80	80	1.0000000
NODE_12342_length_792_cov_18.733045	320	400	6	57	80	0.7125000
NODE_12342_length_792_cov_18.733045	320	400	8	23	80	0.2875000
NODE_12342_length_792_cov_18.733045	373	453	2	39	80	0.4875000
NODE_12342_length_792_cov_18.733045	373	453	4	2	80	0.0250000
NODE_12342_length_792_cov_18.733045	373	453	6	4	80	0.0500000
NODE_12342_length_792_cov_18.733045	373	453	8	35	80	0.4375000
NODE_12343_length_792_cov_12.024531	369	449	0	80	80	1.0000000
NODE_12343_length_792_cov_12.024531	422	502	0	80	80	1.0000000
NODE_12372_length_791_cov_53.573699	287	359	1	5	72	0.0694444
NODE_12372_length_791_cov_53.573699	287	359	2	13	72	0.1805556
NODE_12372_length_791_cov_53.573699	287	359	4	1	72	0.0138889
NODE_12372_length_791_cov_53.573699	287	359	6	22	72	0.3055556
NODE_12372_length_791_cov_53.573699	287	359	11	11	72	0.1527778
NODE_12372_length_791_cov_53.573699	287	359	13	17	72	0.2361111
NODE_12372_length_791_cov_53.573699	287	359	17	3	72	0.0416667
NODE_12372_length_791_cov_53.573699	332	412	11	7	80	0.0875000
NODE_12372_length_791_cov_53.573699	332	412	13	19	80	0.2375000
NODE_12372_length_791_cov_53.573699	332	412	14	9	80	0.1125000
NODE_12372_length_791_cov_53.573699	332	412	15	17	80	0.2125000
NODE_12372_length_791_cov_53.573699	332	412	16	17	80	0.2125000
NODE_12372_length_791_cov_53.573699	332	412	17	11	80	0.1375000
NODE_12373_length_791_cov_40.416185	238	318	2	3	80	0.0375000
NODE_12373_length_791_cov_40.416185	238	318	4	44	80	0.5500000
NODE_12373_length_791_cov_40.416185	238	318	6	33	80	0.4125000
NODE_12373_length_791_cov_40.416185	291	371	2	56	80	0.7000000
NODE_12373_length_791_cov_40.416185	291	371	6	24	80	0.3000000
NODE_12374_length_791_cov_38.791908	309	389	1	35	80	0.4375000
NODE_12374_length_791_cov_38.791908	309	389	2	13	80	0.1625000
NODE_12374_length_791_cov_38.791908	309	389	6	32	80	0.4000000
NODE_12374_length_791_cov_38.791908	362	442	5	15	80	0.1875000
NODE_12374_length_791_cov_38.791908	362	442	6	65	80	0.8125000
NODE_12375_length_791_cov_23.468208	328	408	0	15	80	0.1875000
NODE_12375_length_791_cov_23.468208	328	408	2	65	80	0.8125000
NODE_12375_length_791_cov_23.468208	381	461	0	20	80	0.2500000
NODE_12375_length_791_cov_23.468208	381	461	2	60	80	0.7500000
NODE_12376_length_791_cov_20.897399	299	379	0	9	80	0.1125000
NODE_12376_length_791_cov_20.897399	299	379	2	53	80	0.6625000
NODE_12376_length_791_cov_20.897399	299	379	6	15	80	0.1875000
NODE_12376_length_791_cov_20.897399	299	379	8	3	80	0.0375000
NODE_12376_length_791_cov_20.897399	352	432	2	9	80	0.1125000
NODE_12376_length_791_cov_20.897399	352	432	6	15	80	0.1875000
NODE_12376_length_791_cov_20.897399	352	432	8	56	80	0.7000000
NODE_12377_length_791_cov_13.504335	339	419	2	37	80	0.4625000
NODE_12377_length_791_cov_13.504335	339	419	4	13	80	0.1625000
NODE_12377_length_791_cov_13.504335	339	419	6	30	80	0.3750000
NODE_12377_length_791_cov_13.504335	392	472	0	7	80	0.0875000
NODE_12377_length_791_cov_13.504335	392	472	2	9	80	0.1125000
NODE_12377_length_791_cov_13.504335	392	472	4	2	80	0.0250000
NODE_12377_length_791_cov_13.504335	392	472	5	11	80	0.1375000
NODE_12377_length_791_cov_13.504335	392	472	6	51	80	0.6375000
NODE_12379_length_791_cov_12.547688	338	418	2	3	80	0.0375000
NODE_12379_length_791_cov_12.547688	338	418	4	77	80	0.9625000
NODE_12379_length_791_cov_12.547688	391	471	0	30	80	0.3750000
NODE_12379_length_791_cov_12.547688	391	471	2	3	80	0.0375000
NODE_12379_length_791_cov_12.547688	391	471	4	47	80	0.5875000
NODE_12380_length_791_cov_11.791908	440	520	0	4	80	0.0500000
NODE_12380_length_791_cov_11.791908	440	520	4	76	80	0.9500000
NODE_12380_length_791_cov_11.791908	493	573	0	15	80	0.1875000
NODE_12380_length_791_cov_11.791908	493	573	3	1	80	0.0125000
NODE_12380_length_791_cov_11.791908	493	573	4	64	80	0.8000000
NODE_12381_length_791_cov_11.011561	337	417	0	67	80	0.8375000
NODE_12381_length_791_cov_11.011561	337	417	2	13	80	0.1625000
NODE_12381_length_791_cov_11.011561	390	470	0	14	80	0.1750000
NODE_12381_length_791_cov_11.011561	390	470	2	66	80	0.8250000
NODE_12382_length_791_cov_8.757225	325	405	0	80	80	1.0000000
NODE_12382_length_791_cov_8.757225	378	458	0	80	80	1.0000000
NODE_12384_length_791_cov_8.125723	416	496	2	38	80	0.4750000
NODE_12384_length_791_cov_8.125723	416	496	4	42	80	0.5250000
NODE_12384_length_791_cov_8.125723	469	549	2	16	80	0.2000000
NODE_12384_length_791_cov_8.125723	469	549	4	57	80	0.7125000
NODE_12384_length_791_cov_8.125723	469	549	6	7	80	0.0875000
NODE_12409_length_790_cov_48.021708	526	606	2	42	80	0.5250000
NODE_12409_length_790_cov_48.021708	526	606	4	38	80	0.4750000
NODE_12409_length_790_cov_48.021708	579	659	1	7	80	0.0875000
NODE_12409_length_790_cov_48.021708	579	659	2	73	80	0.9125000
NODE_12410_length_790_cov_44.151954	343	423	0	80	80	1.0000000
NODE_12410_length_790_cov_44.151954	396	438	0	42	42	1.0000000
NODE_12410_length_790_cov_44.151954	696	776	13	2	80	0.0250000
NODE_12410_length_790_cov_44.151954	696	776	17	3	80	0.0375000
NODE_12410_length_790_cov_44.151954	696	776	21	2	80	0.0250000
NODE_12410_length_790_cov_44.151954	696	776	23	1	80	0.0125000
NODE_12410_length_790_cov_44.151954	696	776	24	3	80	0.0375000
NODE_12410_length_790_cov_44.151954	696	776	26	7	80	0.0875000
NODE_12410_length_790_cov_44.151954	696	776	28	6	80	0.0750000
NODE_12410_length_790_cov_44.151954	696	776	30	1	80	0.0125000
NODE_12410_length_790_cov_44.151954	696	776	32	3	80	0.0375000
NODE_12410_length_790_cov_44.151954	696	776	36	3	80	0.0375000
NODE_12410_length_790_cov_44.151954	696	776	39	3	80	0.0375000
NODE_12410_length_790_cov_44.151954	696	776	40	2	80	0.0250000
NODE_12410_length_790_cov_44.151954	696	776	43	5	80	0.0625000
NODE_12410_length_790_cov_44.151954	696	776	44	2	80	0.0250000
NODE_12410_length_790_cov_44.151954	696	776	46	1	80	0.0125000
NODE_12410_length_790_cov_44.151954	696	776	50	1	80	0.0125000
NODE_12410_length_790_cov_44.151954	696	776	51	1	80	0.0125000
NODE_12410_length_790_cov_44.151954	696	776	52	16	80	0.2000000
NODE_12410_length_790_cov_44.151954	696	776	53	18	80	0.2250000
NODE_12411_length_790_cov_27.144718	291	371	0	12	80	0.1500000
NODE_12411_length_790_cov_27.144718	291	371	8	36	80	0.4500000
NODE_12411_length_790_cov_27.144718	291	371	12	5	80	0.0625000
NODE_12411_length_790_cov_27.144718	291	371	13	3	80	0.0375000
NODE_12411_length_790_cov_27.144718	291	371	14	24	80	0.3000000
NODE_12411_length_790_cov_27.144718	344	424	13	3	80	0.0375000
NODE_12411_length_790_cov_27.144718	344	424	14	77	80	0.9625000
NODE_12412_length_790_cov_16.973951	232	312	0	80	80	1.0000000
NODE_12412_length_790_cov_16.973951	285	365	0	80	80	1.0000000
NODE_12413_length_790_cov_13.374819	204	284	0	68	80	0.8500000
NODE_12413_length_790_cov_13.374819	204	284	2	6	80	0.0750000
NODE_12413_length_790_cov_13.374819	204	284	4	6	80	0.0750000
NODE_12413_length_790_cov_13.374819	257	337	0	15	80	0.1875000
NODE_12413_length_790_cov_13.374819	257	337	2	6	80	0.0750000
NODE_12413_length_790_cov_13.374819	257	337	4	22	80	0.2750000
NODE_12413_length_790_cov_13.374819	257	337	6	37	80	0.4625000
NODE_12415_length_790_cov_10.613603	302	382	4	16	80	0.2000000
NODE_12415_length_790_cov_10.613603	302	382	6	3	80	0.0375000
NODE_12415_length_790_cov_10.613603	302	382	8	61	80	0.7625000
NODE_12415_length_790_cov_10.613603	355	435	0	14	80	0.1750000
NODE_12415_length_790_cov_10.613603	355	435	1	11	80	0.1375000
NODE_12415_length_790_cov_10.613603	355	435	2	26	80	0.3250000
NODE_12415_length_790_cov_10.613603	355	435	4	18	80	0.2250000
NODE_12415_length_790_cov_10.613603	355	435	6	3	80	0.0375000
NODE_12415_length_790_cov_10.613603	355	435	8	8	80	0.1000000
NODE_12418_length_790_cov_5.493488	271	351	0	80	80	1.0000000
NODE_12418_length_790_cov_5.493488	324	404	0	80	80	1.0000000
NODE_12434_length_790_cov_1.463097	313	376	0	63	63	1.0000000
NODE_12452_length_789_cov_39.123188	226	306	0	80	80	1.0000000
NODE_12452_length_789_cov_39.123188	279	359	0	80	80	1.0000000
NODE_12453_length_789_cov_37.205797	423	503	15	5	80	0.0625000
NODE_12453_length_789_cov_37.205797	423	503	22	61	80	0.7625000
NODE_12453_length_789_cov_37.205797	423	503	24	14	80	0.1750000
NODE_12453_length_789_cov_37.205797	476	556	11	2	80	0.0250000
NODE_12453_length_789_cov_37.205797	476	556	18	17	80	0.2125000
NODE_12453_length_789_cov_37.205797	476	556	22	18	80	0.2250000
NODE_12453_length_789_cov_37.205797	476	556	24	25	80	0.3125000
NODE_12453_length_789_cov_37.205797	476	556	26	18	80	0.2250000
NODE_12454_length_789_cov_31.311594	223	303	6	80	80	1.0000000
NODE_12454_length_789_cov_31.311594	276	356	6	80	80	1.0000000
NODE_12455_length_789_cov_30.536232	306	386	4	1	80	0.0125000
NODE_12455_length_789_cov_30.536232	306	386	6	12	80	0.1500000
NODE_12455_length_789_cov_30.536232	306	386	8	40	80	0.5000000
NODE_12455_length_789_cov_30.536232	306	386	10	27	80	0.3375000
NODE_12455_length_789_cov_30.536232	359	439	6	63	80	0.7875000
NODE_12455_length_789_cov_30.536232	359	439	10	17	80	0.2125000
NODE_12456_length_789_cov_24.886957	343	423	0	80	80	1.0000000
NODE_12456_length_789_cov_24.886957	396	476	0	80	80	1.0000000
NODE_12457_length_789_cov_23.539130	357	437	8	80	80	1.0000000
NODE_12457_length_789_cov_23.539130	410	490	2	28	80	0.3500000
NODE_12457_length_789_cov_23.539130	410	490	8	49	80	0.6125000
NODE_12457_length_789_cov_23.539130	410	490	10	3	80	0.0375000
NODE_12458_length_789_cov_16.169565	392	472	0	21	80	0.2625000
NODE_12458_length_789_cov_16.169565	392	472	2	30	80	0.3750000
NODE_12458_length_789_cov_16.169565	392	472	4	29	80	0.3625000
NODE_12458_length_789_cov_16.169565	445	525	2	35	80	0.4375000
NODE_12458_length_789_cov_16.169565	445	525	4	45	80	0.5625000
NODE_12459_length_789_cov_15.175362	242	322	0	80	80	1.0000000
NODE_12459_length_789_cov_15.175362	295	375	0	80	80	1.0000000
NODE_12459_length_789_cov_15.175362	371	451	0	10	80	0.1250000
NODE_12459_length_789_cov_15.175362	371	451	2	70	80	0.8750000
NODE_12459_length_789_cov_15.175362	424	504	0	11	80	0.1375000
NODE_12459_length_789_cov_15.175362	424	504	2	69	80	0.8625000
NODE_12460_length_789_cov_7.276812	306	386	6	80	80	1.0000000
NODE_12460_length_789_cov_7.276812	359	439	0	11	80	0.1375000
NODE_12460_length_789_cov_7.276812	359	439	2	14	80	0.1750000
NODE_12460_length_789_cov_7.276812	359	439	6	55	80	0.6875000
NODE_12482_length_788_cov_43.091437	335	415	0	26	80	0.3250000
NODE_12482_length_788_cov_43.091437	335	415	2	14	80	0.1750000
NODE_12482_length_788_cov_43.091437	335	415	4	40	80	0.5000000
NODE_12482_length_788_cov_43.091437	388	460	4	56	72	0.7777778
NODE_12482_length_788_cov_43.091437	388	460	6	16	72	0.2222222
NODE_12483_length_788_cov_38.914369	345	425	2	33	80	0.4125000
NODE_12483_length_788_cov_38.914369	345	425	3	16	80	0.2000000
NODE_12483_length_788_cov_38.914369	345	425	4	31	80	0.3875000
NODE_12483_length_788_cov_38.914369	398	478	2	80	80	1.0000000
NODE_12484_length_788_cov_36.148041	320	400	8	15	80	0.1875000
NODE_12484_length_788_cov_36.148041	320	400	10	65	80	0.8125000
NODE_12484_length_788_cov_36.148041	373	453	0	14	80	0.1750000
NODE_12484_length_788_cov_36.148041	373	453	2	14	80	0.1750000
NODE_12484_length_788_cov_36.148041	373	453	3	3	80	0.0375000
NODE_12484_length_788_cov_36.148041	373	453	4	20	80	0.2500000
NODE_12484_length_788_cov_36.148041	373	453	10	29	80	0.3625000
NODE_12485_length_788_cov_35.460087	346	426	6	22	80	0.2750000
NODE_12485_length_788_cov_35.460087	346	426	8	58	80	0.7250000
NODE_12485_length_788_cov_35.460087	399	479	0	32	80	0.4000000
NODE_12485_length_788_cov_35.460087	399	479	2	20	80	0.2500000
NODE_12485_length_788_cov_35.460087	399	479	8	28	80	0.3500000
NODE_12486_length_788_cov_30.785196	278	358	0	15	80	0.1875000
NODE_12486_length_788_cov_30.785196	278	358	2	65	80	0.8125000
NODE_12486_length_788_cov_30.785196	331	411	0	27	80	0.3375000
NODE_12486_length_788_cov_30.785196	331	411	2	12	80	0.1500000
NODE_12486_length_788_cov_30.785196	331	411	4	41	80	0.5125000
NODE_12488_length_788_cov_20.867925	300	380	2	80	80	1.0000000
NODE_12488_length_788_cov_20.867925	353	430	0	29	77	0.3766234
NODE_12488_length_788_cov_20.867925	353	430	2	48	77	0.6233766
NODE_12489_length_788_cov_20.821480	322	402	2	56	80	0.7000000
NODE_12489_length_788_cov_20.821480	322	402	4	24	80	0.3000000
NODE_12489_length_788_cov_20.821480	375	455	2	45	80	0.5625000
NODE_12489_length_788_cov_20.821480	375	455	4	35	80	0.4375000
NODE_12490_length_788_cov_15.570392	342	422	0	13	80	0.1625000
NODE_12490_length_788_cov_15.570392	342	422	2	4	80	0.0500000
NODE_12490_length_788_cov_15.570392	342	422	4	1	80	0.0125000
NODE_12490_length_788_cov_15.570392	342	422	5	11	80	0.1375000
NODE_12490_length_788_cov_15.570392	342	422	6	51	80	0.6375000
NODE_12490_length_788_cov_15.570392	395	475	2	12	80	0.1500000
NODE_12490_length_788_cov_15.570392	395	475	4	4	80	0.0500000
NODE_12490_length_788_cov_15.570392	395	475	6	64	80	0.8000000
NODE_12491_length_788_cov_12.235123	241	321	0	80	80	1.0000000
NODE_12491_length_788_cov_12.235123	294	374	0	80	80	1.0000000
NODE_12492_length_788_cov_10.509434	405	480	0	8	75	0.1066667
NODE_12492_length_788_cov_10.509434	405	480	2	67	75	0.8933333
NODE_12493_length_788_cov_9.737300	310	390	0	11	80	0.1375000
NODE_12493_length_788_cov_9.737300	310	390	4	69	80	0.8625000
NODE_12493_length_788_cov_9.737300	363	443	0	26	80	0.3250000
NODE_12493_length_788_cov_9.737300	363	443	4	54	80	0.6750000
NODE_12494_length_788_cov_8.872279	280	360	0	60	80	0.7500000
NODE_12494_length_788_cov_8.872279	280	360	2	14	80	0.1750000
NODE_12494_length_788_cov_8.872279	280	360	4	6	80	0.0750000
NODE_12494_length_788_cov_8.872279	333	413	0	7	80	0.0875000
NODE_12494_length_788_cov_8.872279	333	413	2	19	80	0.2375000
NODE_12494_length_788_cov_8.872279	333	413	4	54	80	0.6750000
NODE_12516_length_787_cov_34.683140	274	335	0	61	61	1.0000000
NODE_12516_length_787_cov_34.683140	319	380	0	61	61	1.0000000
NODE_12517_length_787_cov_28.039244	252	329	2	77	77	1.0000000
NODE_12517_length_787_cov_28.039244	302	370	0	22	68	0.3235294
NODE_12517_length_787_cov_28.039244	302	370	2	46	68	0.6764706
NODE_12518_length_787_cov_25.422965	351	431	2	40	80	0.5000000
NODE_12518_length_787_cov_25.422965	351	431	4	40	80	0.5000000
NODE_12518_length_787_cov_25.422965	404	484	2	43	80	0.5375000
NODE_12518_length_787_cov_25.422965	404	484	4	37	80	0.4625000
NODE_12519_length_787_cov_24.857558	319	399	1	3	80	0.0375000
NODE_12519_length_787_cov_24.857558	319	399	2	5	80	0.0625000
NODE_12519_length_787_cov_24.857558	319	399	10	18	80	0.2250000
NODE_12519_length_787_cov_24.857558	319	399	18	54	80	0.6750000
NODE_12519_length_787_cov_24.857558	372	452	9	2	80	0.0250000
NODE_12519_length_787_cov_24.857558	372	452	10	3	80	0.0375000
NODE_12519_length_787_cov_24.857558	372	452	18	75	80	0.9375000
NODE_12520_length_787_cov_21.357558	291	371	0	56	80	0.7000000
NODE_12520_length_787_cov_21.357558	291	371	6	24	80	0.3000000
NODE_12520_length_787_cov_21.357558	344	424	0	3	80	0.0375000
NODE_12520_length_787_cov_21.357558	344	424	6	77	80	0.9625000
NODE_12521_length_787_cov_17.360465	396	476	6	44	80	0.5500000
NODE_12521_length_787_cov_17.360465	396	476	7	5	80	0.0625000
NODE_12521_length_787_cov_17.360465	396	476	8	31	80	0.3875000
NODE_12521_length_787_cov_17.360465	449	529	2	43	80	0.5375000
NODE_12521_length_787_cov_17.360465	449	529	6	37	80	0.4625000
NODE_12522_length_787_cov_14.677326	178	258	0	57	80	0.7125000
NODE_12522_length_787_cov_14.677326	178	258	4	23	80	0.2875000
NODE_12522_length_787_cov_14.677326	231	311	0	4	80	0.0500000
NODE_12522_length_787_cov_14.677326	231	311	4	43	80	0.5375000
NODE_12522_length_787_cov_14.677326	231	311	8	33	80	0.4125000
NODE_12523_length_787_cov_12.959302	331	411	4	18	80	0.2250000
NODE_12523_length_787_cov_12.959302	331	411	6	62	80	0.7750000
NODE_12523_length_787_cov_12.959302	384	464	2	2	80	0.0250000
NODE_12523_length_787_cov_12.959302	384	464	4	6	80	0.0750000
NODE_12523_length_787_cov_12.959302	384	464	6	72	80	0.9000000
NODE_12524_length_787_cov_12.748547	426	506	0	80	80	1.0000000
NODE_12524_length_787_cov_12.748547	479	559	0	80	80	1.0000000
NODE_12525_length_787_cov_12.369186	338	418	4	38	80	0.4750000
NODE_12525_length_787_cov_12.369186	338	418	6	42	80	0.5250000
NODE_12525_length_787_cov_12.369186	391	471	0	31	80	0.3875000
NODE_12525_length_787_cov_12.369186	391	471	2	1	80	0.0125000
NODE_12525_length_787_cov_12.369186	391	471	4	46	80	0.5750000
NODE_12525_length_787_cov_12.369186	391	471	6	2	80	0.0250000
NODE_12526_length_787_cov_9.213663	376	456	0	80	80	1.0000000
NODE_12527_length_787_cov_8.857558	344	424	2	80	80	1.0000000
NODE_12527_length_787_cov_8.857558	397	477	0	31	80	0.3875000
NODE_12527_length_787_cov_8.857558	397	477	1	8	80	0.1000000
NODE_12527_length_787_cov_8.857558	397	477	2	41	80	0.5125000
NODE_12529_length_787_cov_8.186047	508	552	0	9	44	0.2045455
NODE_12529_length_787_cov_8.186047	508	552	2	35	44	0.7954546
NODE_12541_length_787_cov_2.188953	505	552	0	47	47	1.0000000
NODE_12562_length_786_cov_36.441048	431	511	6	1	80	0.0125000
NODE_12562_length_786_cov_36.441048	431	511	10	1	80	0.0125000
NODE_12562_length_786_cov_36.441048	431	511	12	1	80	0.0125000
NODE_12562_length_786_cov_36.441048	431	511	13	46	80	0.5750000
NODE_12562_length_786_cov_36.441048	431	511	14	31	80	0.3875000
NODE_12562_length_786_cov_36.441048	484	564	2	14	80	0.1750000
NODE_12562_length_786_cov_36.441048	484	564	6	40	80	0.5000000
NODE_12562_length_786_cov_36.441048	484	564	10	1	80	0.0125000
NODE_12562_length_786_cov_36.441048	484	564	12	1	80	0.0125000
NODE_12562_length_786_cov_36.441048	484	564	14	24	80	0.3000000
NODE_12563_length_786_cov_23.771470	235	315	6	3	80	0.0375000
NODE_12563_length_786_cov_23.771470	235	315	8	77	80	0.9625000
NODE_12563_length_786_cov_23.771470	288	368	0	20	80	0.2500000
NODE_12563_length_786_cov_23.771470	288	368	5	2	80	0.0250000
NODE_12563_length_786_cov_23.771470	288	368	6	1	80	0.0125000
NODE_12563_length_786_cov_23.771470	288	368	8	57	80	0.7125000
NODE_12564_length_786_cov_23.333333	361	436	2	42	75	0.5600000
NODE_12564_length_786_cov_23.333333	361	436	6	2	75	0.0266667
NODE_12564_length_786_cov_23.333333	361	436	16	7	75	0.0933333
NODE_12564_length_786_cov_23.333333	361	436	18	19	75	0.2533333
NODE_12564_length_786_cov_23.333333	361	436	20	5	75	0.0666667
NODE_12564_length_786_cov_23.333333	362	436	2	41	74	0.5540541
NODE_12564_length_786_cov_23.333333	362	436	6	2	74	0.0270270
NODE_12564_length_786_cov_23.333333	362	436	16	7	74	0.0945946
NODE_12564_length_786_cov_23.333333	362	436	18	19	74	0.2567568
NODE_12564_length_786_cov_23.333333	362	436	20	5	74	0.0675676
NODE_12564_length_786_cov_23.333333	375	436	2	28	61	0.4590164
NODE_12564_length_786_cov_23.333333	375	436	6	2	61	0.0327869
NODE_12564_length_786_cov_23.333333	375	436	16	7	61	0.1147541
NODE_12564_length_786_cov_23.333333	375	436	18	19	61	0.3114754
NODE_12564_length_786_cov_23.333333	375	436	20	5	61	0.0819672
NODE_12564_length_786_cov_23.333333	414	489	18	17	75	0.2266667
NODE_12564_length_786_cov_23.333333	414	489	20	58	75	0.7733333
NODE_12564_length_786_cov_23.333333	414	489	18	17	75	0.2266667
NODE_12564_length_786_cov_23.333333	414	489	20	58	75	0.7733333
NODE_12564_length_786_cov_23.333333	414	489	18	17	75	0.2266667
NODE_12564_length_786_cov_23.333333	414	489	20	58	75	0.7733333
NODE_12564_length_786_cov_23.333333	490	564	4	9	74	0.1216216
NODE_12564_length_786_cov_23.333333	490	564	6	6	74	0.0810811
NODE_12564_length_786_cov_23.333333	490	564	8	9	74	0.1216216
NODE_12564_length_786_cov_23.333333	490	564	18	11	74	0.1486486
NODE_12564_length_786_cov_23.333333	490	564	22	7	74	0.0945946
NODE_12564_length_786_cov_23.333333	490	564	24	32	74	0.4324324
NODE_12565_length_786_cov_19.279476	310	375	0	65	65	1.0000000
NODE_12565_length_786_cov_19.279476	371	441	0	15	70	0.2142857
NODE_12565_length_786_cov_19.279476	371	441	1	2	70	0.0285714
NODE_12565_length_786_cov_19.279476	371	441	2	53	70	0.7571428
NODE_12565_length_786_cov_19.279476	371	451	0	15	80	0.1875000
NODE_12565_length_786_cov_19.279476	371	451	1	2	80	0.0250000
NODE_12565_length_786_cov_19.279476	371	451	2	63	80	0.7875000
NODE_12565_length_786_cov_19.279476	424	491	2	37	67	0.5522388
NODE_12565_length_786_cov_19.279476	424	491	6	30	67	0.4477612
NODE_12566_length_786_cov_18.652111	251	331	0	42	80	0.5250000
NODE_12566_length_786_cov_18.652111	251	331	2	27	80	0.3375000
NODE_12566_length_786_cov_18.652111	251	331	4	11	80	0.1375000
NODE_12566_length_786_cov_18.652111	304	384	2	16	80	0.2000000
NODE_12566_length_786_cov_18.652111	304	384	4	64	80	0.8000000
NODE_12567_length_786_cov_16.704512	319	399	4	1	80	0.0125000
NODE_12567_length_786_cov_16.704512	319	399	6	40	80	0.5000000
NODE_12567_length_786_cov_16.704512	319	399	8	39	80	0.4875000
NODE_12567_length_786_cov_16.704512	372	452	0	2	80	0.0250000
NODE_12567_length_786_cov_16.704512	372	452	2	27	80	0.3375000
NODE_12567_length_786_cov_16.704512	372	452	4	3	80	0.0375000
NODE_12567_length_786_cov_16.704512	372	452	6	48	80	0.6000000
NODE_12568_length_786_cov_16.254731	378	458	0	80	80	1.0000000
NODE_12568_length_786_cov_16.254731	431	511	0	80	80	1.0000000
NODE_12571_length_786_cov_10.053857	381	461	0	23	80	0.2875000
NODE_12571_length_786_cov_10.053857	381	461	2	57	80	0.7125000
NODE_12571_length_786_cov_10.053857	434	514	2	80	80	1.0000000
NODE_12572_length_786_cov_7.455604	400	473	0	73	73	1.0000000
NODE_12572_length_786_cov_7.455604	453	533	0	80	80	1.0000000
NODE_12573_length_786_cov_7.119360	276	356	4	8	80	0.1000000
NODE_12573_length_786_cov_7.119360	276	356	9	26	80	0.3250000
NODE_12573_length_786_cov_7.119360	276	356	10	38	80	0.4750000
NODE_12573_length_786_cov_7.119360	276	356	14	8	80	0.1000000
NODE_12573_length_786_cov_7.119360	329	409	4	2	80	0.0250000
NODE_12573_length_786_cov_7.119360	329	409	10	66	80	0.8250000
NODE_12573_length_786_cov_7.119360	329	409	13	1	80	0.0125000
NODE_12573_length_786_cov_7.119360	329	409	14	11	80	0.1375000
NODE_12575_length_786_cov_6.771470	382	462	2	80	80	1.0000000
NODE_12575_length_786_cov_6.771470	435	515	0	13	80	0.1625000
NODE_12575_length_786_cov_6.771470	435	515	2	67	80	0.8375000
NODE_12603_length_785_cov_83.972303	315	395	10	14	80	0.1750000
NODE_12603_length_785_cov_83.972303	315	395	18	20	80	0.2500000
NODE_12603_length_785_cov_83.972303	315	395	20	46	80	0.5750000
NODE_12603_length_785_cov_83.972303	368	448	0	4	80	0.0500000
NODE_12603_length_785_cov_83.972303	368	448	2	15	80	0.1875000
NODE_12603_length_785_cov_83.972303	368	448	10	12	80	0.1500000
NODE_12603_length_785_cov_83.972303	368	448	18	3	80	0.0375000
NODE_12603_length_785_cov_83.972303	368	448	20	46	80	0.5750000
NODE_12604_length_785_cov_33.911079	477	557	0	56	80	0.7000000
NODE_12604_length_785_cov_33.911079	477	557	4	24	80	0.3000000
NODE_12604_length_785_cov_33.911079	530	610	0	3	80	0.0375000
NODE_12604_length_785_cov_33.911079	530	610	4	77	80	0.9625000
NODE_12605_length_785_cov_21.174927	265	299	0	34	34	1.0000000
NODE_12605_length_785_cov_21.174927	295	375	0	80	80	1.0000000
NODE_12605_length_785_cov_21.174927	348	428	0	80	80	1.0000000
NODE_12606_length_785_cov_18.612245	291	371	0	80	80	1.0000000
NODE_12606_length_785_cov_18.612245	344	424	0	80	80	1.0000000
NODE_12606_length_785_cov_18.612245	684	705	0	21	21	1.0000000
NODE_12607_length_785_cov_9.893586	153	233	2	4	80	0.0500000
NODE_12607_length_785_cov_9.893586	153	233	10	76	80	0.9500000
NODE_12607_length_785_cov_9.893586	206	286	0	13	80	0.1625000
NODE_12607_length_785_cov_9.893586	206	286	7	1	80	0.0125000
NODE_12607_length_785_cov_9.893586	206	286	8	25	80	0.3125000
NODE_12607_length_785_cov_9.893586	206	286	10	41	80	0.5125000
NODE_12645_length_784_cov_203.604380	5	85	16	5	80	0.0625000
NODE_12645_length_784_cov_203.604380	5	85	18	3	80	0.0375000
NODE_12645_length_784_cov_203.604380	5	85	27	1	80	0.0125000
NODE_12645_length_784_cov_203.604380	5	85	28	2	80	0.0250000
NODE_12645_length_784_cov_203.604380	5	85	32	2	80	0.0250000
NODE_12645_length_784_cov_203.604380	5	85	36	6	80	0.0750000
NODE_12645_length_784_cov_203.604380	5	85	38	2	80	0.0250000
NODE_12645_length_784_cov_203.604380	5	85	40	2	80	0.0250000
NODE_12645_length_784_cov_203.604380	5	85	44	1	80	0.0125000
NODE_12645_length_784_cov_203.604380	5	85	46	1	80	0.0125000
NODE_12645_length_784_cov_203.604380	5	85	48	1	80	0.0125000
NODE_12645_length_784_cov_203.604380	5	85	50	4	80	0.0500000
NODE_12645_length_784_cov_203.604380	5	85	52	1	80	0.0125000
NODE_12645_length_784_cov_203.604380	5	85	53	1	80	0.0125000
NODE_12645_length_784_cov_203.604380	5	85	59	6	80	0.0750000
NODE_12645_length_784_cov_203.604380	5	85	61	22	80	0.2750000
NODE_12645_length_784_cov_203.604380	5	85	62	20	80	0.2500000
NODE_12645_length_784_cov_203.604380	58	138	43	6	80	0.0750000
NODE_12645_length_784_cov_203.604380	58	138	51	2	80	0.0250000
NODE_12645_length_784_cov_203.604380	58	138	53	8	80	0.1000000
NODE_12645_length_784_cov_203.604380	58	138	55	11	80	0.1375000
NODE_12645_length_784_cov_203.604380	58	138	57	3	80	0.0375000
NODE_12645_length_784_cov_203.604380	58	138	59	1	80	0.0125000
NODE_12645_length_784_cov_203.604380	58	138	61	10	80	0.1250000
NODE_12645_length_784_cov_203.604380	58	138	62	27	80	0.3375000
NODE_12645_length_784_cov_203.604380	58	138	63	8	80	0.1000000
NODE_12645_length_784_cov_203.604380	58	138	64	4	80	0.0500000
NODE_12646_length_784_cov_45.210219	49	129	0	2	80	0.0250000
NODE_12646_length_784_cov_45.210219	49	129	4	78	80	0.9750000
NODE_12646_length_784_cov_45.210219	102	182	0	55	80	0.6875000
NODE_12646_length_784_cov_45.210219	102	182	4	25	80	0.3125000
NODE_12646_length_784_cov_45.210219	218	298	8	7	80	0.0875000
NODE_12646_length_784_cov_45.210219	218	298	9	48	80	0.6000000
NODE_12646_length_784_cov_45.210219	218	298	10	25	80	0.3125000
NODE_12646_length_784_cov_45.210219	271	351	0	31	80	0.3875000
NODE_12646_length_784_cov_45.210219	271	351	8	11	80	0.1375000
NODE_12646_length_784_cov_45.210219	271	351	9	2	80	0.0250000
NODE_12646_length_784_cov_45.210219	271	351	10	36	80	0.4500000
NODE_12646_length_784_cov_45.210219	347	427	0	80	80	1.0000000
NODE_12646_length_784_cov_45.210219	347	427	0	80	80	1.0000000
NODE_12646_length_784_cov_45.210219	347	427	0	80	80	1.0000000
NODE_12646_length_784_cov_45.210219	400	447	0	47	47	1.0000000
NODE_12646_length_784_cov_45.210219	400	480	0	80	80	1.0000000
NODE_12646_length_784_cov_45.210219	400	455	0	55	55	1.0000000
NODE_12647_length_784_cov_33.543066	405	485	2	2	80	0.0250000
NODE_12647_length_784_cov_33.543066	405	485	4	13	80	0.1625000
NODE_12647_length_784_cov_33.543066	405	485	24	9	80	0.1125000
NODE_12647_length_784_cov_33.543066	405	485	36	13	80	0.1625000
NODE_12647_length_784_cov_33.543066	405	485	37	24	80	0.3000000
NODE_12647_length_784_cov_33.543066	405	485	38	19	80	0.2375000
NODE_12647_length_784_cov_33.543066	458	538	2	55	80	0.6875000
NODE_12647_length_784_cov_33.543066	458	538	4	13	80	0.1625000
NODE_12647_length_784_cov_33.543066	458	538	24	9	80	0.1125000
NODE_12647_length_784_cov_33.543066	458	538	36	1	80	0.0125000
NODE_12647_length_784_cov_33.543066	458	538	38	2	80	0.0250000
NODE_12648_length_784_cov_21.762044	318	398	0	80	80	1.0000000
NODE_12648_length_784_cov_21.762044	371	451	0	80	80	1.0000000
NODE_12649_length_784_cov_20.583942	286	366	2	43	80	0.5375000
NODE_12649_length_784_cov_20.583942	286	366	6	37	80	0.4625000
NODE_12649_length_784_cov_20.583942	339	419	0	32	80	0.4000000
NODE_12649_length_784_cov_20.583942	339	419	2	48	80	0.6000000
NODE_12649_length_784_cov_20.583942	415	495	0	58	80	0.7250000
NODE_12649_length_784_cov_20.583942	415	495	2	22	80	0.2750000
NODE_12649_length_784_cov_20.583942	468	548	0	5	80	0.0625000
NODE_12649_length_784_cov_20.583942	468	548	2	75	80	0.9375000
NODE_12650_length_784_cov_19.448175	217	297	1	1	80	0.0125000
NODE_12650_length_784_cov_19.448175	217	297	2	57	80	0.7125000
NODE_12650_length_784_cov_19.448175	217	297	3	22	80	0.2750000
NODE_12650_length_784_cov_19.448175	270	350	0	16	80	0.2000000
NODE_12650_length_784_cov_19.448175	270	350	2	64	80	0.8000000
NODE_12652_length_784_cov_12.480292	297	377	0	24	80	0.3000000
NODE_12652_length_784_cov_12.480292	297	377	4	56	80	0.7000000
NODE_12652_length_784_cov_12.480292	350	430	0	77	80	0.9625000
NODE_12652_length_784_cov_12.480292	350	430	4	3	80	0.0375000
NODE_12653_length_784_cov_9.296350	250	330	0	80	80	1.0000000
NODE_12653_length_784_cov_9.296350	303	383	0	80	80	1.0000000
NODE_12653_length_784_cov_9.296350	379	459	0	52	80	0.6500000
NODE_12653_length_784_cov_9.296350	379	459	2	28	80	0.3500000
NODE_12653_length_784_cov_9.296350	432	512	2	80	80	1.0000000
NODE_12654_length_784_cov_6.316788	274	354	0	80	80	1.0000000
NODE_12654_length_784_cov_6.316788	327	407	0	80	80	1.0000000
NODE_12688_length_783_cov_41.849415	459	539	10	5	80	0.0625000
NODE_12688_length_783_cov_41.849415	459	539	16	16	80	0.2000000
NODE_12688_length_783_cov_41.849415	459	539	17	4	80	0.0500000
NODE_12688_length_783_cov_41.849415	459	539	18	17	80	0.2125000
NODE_12688_length_783_cov_41.849415	459	539	20	1	80	0.0125000
NODE_12688_length_783_cov_41.849415	459	539	21	17	80	0.2125000
NODE_12688_length_783_cov_41.849415	459	539	25	20	80	0.2500000
NODE_12688_length_783_cov_41.849415	512	592	1	1	80	0.0125000
NODE_12688_length_783_cov_41.849415	512	592	10	57	80	0.7125000
NODE_12688_length_783_cov_41.849415	512	592	18	17	80	0.2125000
NODE_12688_length_783_cov_41.849415	512	592	20	1	80	0.0125000
NODE_12688_length_783_cov_41.849415	512	592	21	4	80	0.0500000
NODE_12689_length_783_cov_39.881579	230	310	0	80	80	1.0000000
NODE_12689_length_783_cov_39.881579	283	363	0	80	80	1.0000000
NODE_12689_length_783_cov_39.881579	359	439	0	17	80	0.2125000
NODE_12689_length_783_cov_39.881579	359	439	4	18	80	0.2250000
NODE_12689_length_783_cov_39.881579	359	439	6	26	80	0.3250000
NODE_12689_length_783_cov_39.881579	359	439	8	19	80	0.2375000
NODE_12689_length_783_cov_39.881579	412	492	6	8	80	0.1000000
NODE_12689_length_783_cov_39.881579	412	492	8	28	80	0.3500000
NODE_12689_length_783_cov_39.881579	412	492	10	44	80	0.5500000
NODE_12690_length_783_cov_35.967836	229	309	0	62	80	0.7750000
NODE_12690_length_783_cov_35.967836	229	309	4	18	80	0.2250000
NODE_12690_length_783_cov_35.967836	282	362	0	9	80	0.1125000
NODE_12690_length_783_cov_35.967836	282	362	4	71	80	0.8875000
NODE_12691_length_783_cov_28.203216	292	372	0	80	80	1.0000000
NODE_12691_length_783_cov_28.203216	345	425	0	80	80	1.0000000
NODE_12692_length_783_cov_16.695906	393	473	6	9	80	0.1125000
NODE_12692_length_783_cov_16.695906	393	473	7	49	80	0.6125000
NODE_12692_length_783_cov_16.695906	393	473	9	22	80	0.2750000
NODE_12692_length_783_cov_16.695906	446	526	2	2	80	0.0250000
NODE_12692_length_783_cov_16.695906	446	526	3	19	80	0.2375000
NODE_12692_length_783_cov_16.695906	446	526	5	2	80	0.0250000
NODE_12692_length_783_cov_16.695906	446	526	6	39	80	0.4875000
NODE_12692_length_783_cov_16.695906	446	526	7	3	80	0.0375000
NODE_12692_length_783_cov_16.695906	446	526	9	15	80	0.1875000
NODE_12693_length_783_cov_15.656433	418	498	0	4	80	0.0500000
NODE_12693_length_783_cov_15.656433	418	498	2	62	80	0.7750000
NODE_12693_length_783_cov_15.656433	418	498	4	14	80	0.1750000
NODE_12693_length_783_cov_15.656433	471	551	2	13	80	0.1625000
NODE_12693_length_783_cov_15.656433	471	551	4	67	80	0.8375000
NODE_12694_length_783_cov_14.904971	321	401	2	74	80	0.9250000
NODE_12694_length_783_cov_14.904971	321	401	5	6	80	0.0750000
NODE_12694_length_783_cov_14.904971	374	454	2	21	80	0.2625000
NODE_12694_length_783_cov_14.904971	374	454	5	56	80	0.7000000
NODE_12694_length_783_cov_14.904971	374	454	6	3	80	0.0375000
NODE_12728_length_782_cov_22.461201	347	427	0	43	80	0.5375000
NODE_12728_length_782_cov_22.461201	347	427	6	37	80	0.4625000
NODE_12728_length_782_cov_22.461201	400	480	6	80	80	1.0000000
NODE_12729_length_782_cov_19.163982	306	386	0	78	80	0.9750000
NODE_12729_length_782_cov_19.163982	306	386	4	2	80	0.0250000
NODE_12729_length_782_cov_19.163982	382	462	0	2	80	0.0250000
NODE_12729_length_782_cov_19.163982	382	462	4	37	80	0.4625000
NODE_12729_length_782_cov_19.163982	382	462	6	16	80	0.2000000
NODE_12729_length_782_cov_19.163982	382	462	8	25	80	0.3125000
NODE_12729_length_782_cov_19.163982	435	515	4	46	80	0.5750000
NODE_12729_length_782_cov_19.163982	435	515	6	2	80	0.0250000
NODE_12729_length_782_cov_19.163982	435	515	8	32	80	0.4000000
NODE_12730_length_782_cov_19.090776	295	375	6	8	80	0.1000000
NODE_12730_length_782_cov_19.090776	295	375	10	55	80	0.6875000
NODE_12730_length_782_cov_19.090776	295	375	12	17	80	0.2125000
NODE_12730_length_782_cov_19.090776	348	428	2	36	80	0.4500000
NODE_12730_length_782_cov_19.090776	348	428	6	8	80	0.1000000
NODE_12730_length_782_cov_19.090776	348	428	10	10	80	0.1250000
NODE_12730_length_782_cov_19.090776	348	428	12	26	80	0.3250000
NODE_12731_length_782_cov_13.509517	323	403	0	80	80	1.0000000
NODE_12731_length_782_cov_13.509517	376	456	0	80	80	1.0000000
NODE_12732_length_782_cov_11.364568	367	447	2	80	80	1.0000000
NODE_12732_length_782_cov_11.364568	420	500	0	24	80	0.3000000
NODE_12732_length_782_cov_11.364568	420	500	1	14	80	0.1750000
NODE_12732_length_782_cov_11.364568	420	500	2	42	80	0.5250000
NODE_12735_length_782_cov_7.976574	245	325	0	80	80	1.0000000
NODE_12735_length_782_cov_7.976574	298	378	0	80	80	1.0000000
NODE_12737_length_782_cov_5.500732	384	464	0	54	80	0.6750000
NODE_12737_length_782_cov_5.500732	384	464	2	26	80	0.3250000
NODE_12737_length_782_cov_5.500732	437	517	0	1	80	0.0125000
NODE_12737_length_782_cov_5.500732	437	517	2	79	80	0.9875000
NODE_12739_length_782_cov_4.434846	309	389	0	29	80	0.3625000
NODE_12739_length_782_cov_4.434846	309	389	2	51	80	0.6375000
NODE_12739_length_782_cov_4.434846	362	442	0	80	80	1.0000000
NODE_12740_length_782_cov_3.352855	177	196	0	19	19	1.0000000
NODE_12741_length_782_cov_3.231332	160	240	0	80	80	1.0000000
NODE_12741_length_782_cov_3.231332	213	298	0	85	85	1.0000000
NODE_12765_length_781_cov_34.247801	174	254	0	80	80	1.0000000
NODE_12765_length_781_cov_34.247801	227	307	0	80	80	1.0000000
NODE_12766_length_781_cov_27.530792	490	570	6	11	80	0.1375000
NODE_12766_length_781_cov_27.530792	490	570	20	10	80	0.1250000
NODE_12766_length_781_cov_27.530792	490	570	26	22	80	0.2750000
NODE_12766_length_781_cov_27.530792	490	570	28	24	80	0.3000000
NODE_12766_length_781_cov_27.530792	490	570	31	1	80	0.0125000
NODE_12766_length_781_cov_27.530792	490	570	32	12	80	0.1500000
NODE_12766_length_781_cov_27.530792	543	623	14	9	80	0.1125000
NODE_12766_length_781_cov_27.530792	543	623	16	13	80	0.1625000
NODE_12766_length_781_cov_27.530792	543	623	28	49	80	0.6125000
NODE_12766_length_781_cov_27.530792	543	623	32	9	80	0.1125000
NODE_12766_length_781_cov_27.530792	619	699	4	40	80	0.5000000
NODE_12766_length_781_cov_27.530792	619	699	14	22	80	0.2750000
NODE_12766_length_781_cov_27.530792	619	699	16	18	80	0.2250000
NODE_12766_length_781_cov_27.530792	672	752	0	27	80	0.3375000
NODE_12766_length_781_cov_27.530792	672	752	2	8	80	0.1000000
NODE_12766_length_781_cov_27.530792	672	752	4	45	80	0.5625000
NODE_12767_length_781_cov_22.768328	427	507	6	36	80	0.4500000
NODE_12767_length_781_cov_22.768328	427	507	8	44	80	0.5500000
NODE_12767_length_781_cov_22.768328	480	560	0	2	80	0.0250000
NODE_12767_length_781_cov_22.768328	480	560	2	48	80	0.6000000
NODE_12767_length_781_cov_22.768328	480	560	6	21	80	0.2625000
NODE_12767_length_781_cov_22.768328	480	560	8	9	80	0.1125000
NODE_12768_length_781_cov_17.894428	411	491	0	80	80	1.0000000
NODE_12768_length_781_cov_17.894428	464	544	0	80	80	1.0000000
NODE_12769_length_781_cov_14.922287	486	565	2	7	79	0.0886076
NODE_12769_length_781_cov_14.922287	486	565	4	72	79	0.9113924
NODE_12769_length_781_cov_14.922287	538	618	4	80	80	1.0000000
NODE_12770_length_781_cov_12.529326	318	398	5	4	80	0.0500000
NODE_12770_length_781_cov_12.529326	318	398	9	1	80	0.0125000
NODE_12770_length_781_cov_12.529326	318	398	10	1	80	0.0125000
NODE_12770_length_781_cov_12.529326	318	398	14	45	80	0.5625000
NODE_12770_length_781_cov_12.529326	318	398	18	29	80	0.3625000
NODE_12770_length_781_cov_12.529326	371	451	4	14	80	0.1750000
NODE_12770_length_781_cov_12.529326	371	451	8	3	80	0.0375000
NODE_12770_length_781_cov_12.529326	371	451	10	25	80	0.3125000
NODE_12770_length_781_cov_12.529326	371	451	14	32	80	0.4000000
NODE_12770_length_781_cov_12.529326	371	451	18	6	80	0.0750000
NODE_12771_length_781_cov_10.303519	444	524	0	10	80	0.1250000
NODE_12771_length_781_cov_10.303519	444	524	2	70	80	0.8750000
NODE_12772_length_781_cov_9.851906	374	454	0	4	80	0.0500000
NODE_12772_length_781_cov_9.851906	374	454	2	76	80	0.9500000
NODE_12772_length_781_cov_9.851906	427	507	0	57	80	0.7125000
NODE_12772_length_781_cov_9.851906	427	507	2	23	80	0.2875000
NODE_12775_length_781_cov_8.557185	113	194	6	81	81	1.0000000
NODE_12775_length_781_cov_8.557185	166	239	0	1	73	0.0136986
NODE_12775_length_781_cov_8.557185	166	239	2	41	73	0.5616438
NODE_12775_length_781_cov_8.557185	166	239	6	31	73	0.4246575
NODE_12778_length_781_cov_4.734604	30	110	0	40	80	0.5000000
NODE_12778_length_781_cov_4.734604	30	110	2	40	80	0.5000000
NODE_12778_length_781_cov_4.734604	83	163	2	80	80	1.0000000
NODE_12780_length_781_cov_4.077713	269	349	0	80	80	1.0000000
NODE_12780_length_781_cov_4.077713	322	402	0	80	80	1.0000000
NODE_12812_length_780_cov_37.693098	165	245	2	46	80	0.5750000
NODE_12812_length_780_cov_37.693098	165	245	4	28	80	0.3500000
NODE_12812_length_780_cov_37.693098	165	245	5	1	80	0.0125000
NODE_12812_length_780_cov_37.693098	165	245	6	5	80	0.0625000
NODE_12812_length_780_cov_37.693098	218	298	4	21	80	0.2625000
NODE_12812_length_780_cov_37.693098	218	298	5	1	80	0.0125000
NODE_12812_length_780_cov_37.693098	218	298	6	7	80	0.0875000
NODE_12812_length_780_cov_37.693098	218	298	14	46	80	0.5750000
NODE_12812_length_780_cov_37.693098	218	298	16	5	80	0.0625000
NODE_12813_length_780_cov_22.132159	407	487	3	6	80	0.0750000
NODE_12813_length_780_cov_22.132159	407	487	5	13	80	0.1625000
NODE_12813_length_780_cov_22.132159	407	487	13	6	80	0.0750000
NODE_12813_length_780_cov_22.132159	407	487	15	14	80	0.1750000
NODE_12813_length_780_cov_22.132159	407	487	17	41	80	0.5125000
NODE_12813_length_780_cov_22.132159	460	540	0	43	80	0.5375000
NODE_12813_length_780_cov_22.132159	460	540	1	3	80	0.0375000
NODE_12813_length_780_cov_22.132159	460	540	3	13	80	0.1625000
NODE_12813_length_780_cov_22.132159	460	540	5	13	80	0.1625000
NODE_12813_length_780_cov_22.132159	460	540	13	6	80	0.0750000
NODE_12813_length_780_cov_22.132159	460	540	15	2	80	0.0250000
NODE_12814_length_780_cov_21.831131	299	379	2	20	80	0.2500000
NODE_12814_length_780_cov_21.831131	299	379	11	1	80	0.0125000
NODE_12814_length_780_cov_21.831131	299	379	12	44	80	0.5500000
NODE_12814_length_780_cov_21.831131	299	379	14	15	80	0.1875000
NODE_12814_length_780_cov_21.831131	352	432	12	58	80	0.7250000
NODE_12814_length_780_cov_21.831131	352	432	14	22	80	0.2750000
NODE_12815_length_780_cov_16.722467	165	245	8	80	80	1.0000000
NODE_12815_length_780_cov_16.722467	218	298	0	46	80	0.5750000
NODE_12815_length_780_cov_16.722467	218	298	4	2	80	0.0250000
NODE_12815_length_780_cov_16.722467	218	298	8	32	80	0.4000000
NODE_12816_length_780_cov_13.189427	150	254	0	104	104	1.0000000
NODE_12816_length_780_cov_13.189427	227	307	0	80	80	1.0000000
NODE_12817_length_780_cov_12.910426	276	356	6	49	80	0.6125000
NODE_12817_length_780_cov_12.910426	276	356	7	1	80	0.0125000
NODE_12817_length_780_cov_12.910426	276	356	8	30	80	0.3750000
NODE_12817_length_780_cov_12.910426	329	409	4	24	80	0.3000000
NODE_12817_length_780_cov_12.910426	329	409	6	34	80	0.4250000
NODE_12817_length_780_cov_12.910426	329	409	8	22	80	0.2750000
NODE_12818_length_780_cov_8.455213	141	221	2	5	80	0.0625000
NODE_12818_length_780_cov_8.455213	141	221	6	41	80	0.5125000
NODE_12818_length_780_cov_8.455213	141	221	8	34	80	0.4250000
NODE_12818_length_780_cov_8.455213	194	274	2	20	80	0.2500000
NODE_12818_length_780_cov_8.455213	194	274	6	8	80	0.1000000
NODE_12818_length_780_cov_8.455213	194	274	8	52	80	0.6500000
NODE_12848_length_779_cov_51.022059	8	43	0	35	35	1.0000000
NODE_12848_length_779_cov_51.022059	53	96	0	38	43	0.8837209
NODE_12848_length_779_cov_51.022059	53	96	6	5	43	0.1162791
NODE_12848_length_779_cov_51.022059	97	177	6	9	80	0.1125000
NODE_12848_length_779_cov_51.022059	97	177	10	71	80	0.8875000
NODE_12848_length_779_cov_51.022059	150	230	4	32	80	0.4000000
NODE_12848_length_779_cov_51.022059	150	230	9	15	80	0.1875000
NODE_12848_length_779_cov_51.022059	150	230	10	33	80	0.4125000
NODE_12849_length_779_cov_23.682353	362	442	2	80	80	1.0000000
NODE_12849_length_779_cov_23.682353	415	495	0	31	80	0.3875000
NODE_12849_length_779_cov_23.682353	415	495	2	49	80	0.6125000
NODE_12850_length_779_cov_15.994118	320	400	4	11	80	0.1375000
NODE_12850_length_779_cov_15.994118	320	400	6	37	80	0.4625000
NODE_12850_length_779_cov_15.994118	320	400	8	32	80	0.4000000
NODE_12850_length_779_cov_15.994118	373	453	0	8	80	0.1000000
NODE_12850_length_779_cov_15.994118	373	453	1	7	80	0.0875000
NODE_12850_length_779_cov_15.994118	373	453	3	9	80	0.1125000
NODE_12850_length_779_cov_15.994118	373	453	4	40	80	0.5000000
NODE_12850_length_779_cov_15.994118	373	453	6	12	80	0.1500000
NODE_12850_length_779_cov_15.994118	373	453	8	4	80	0.0500000
NODE_12851_length_779_cov_14.386765	258	320	3	35	62	0.5645161
NODE_12851_length_779_cov_14.386765	258	320	9	15	62	0.2419355
NODE_12851_length_779_cov_14.386765	258	320	11	9	62	0.1451613
NODE_12851_length_779_cov_14.386765	258	320	13	3	62	0.0483871
NODE_12851_length_779_cov_14.386765	293	368	9	15	75	0.2000000
NODE_12851_length_779_cov_14.386765	293	368	10	13	75	0.1733333
NODE_12851_length_779_cov_14.386765	293	368	11	40	75	0.5333334
NODE_12851_length_779_cov_14.386765	293	368	13	7	75	0.0933333
NODE_12851_length_779_cov_14.386765	369	443	2	38	74	0.5135135
NODE_12851_length_779_cov_14.386765	369	443	4	3	74	0.0405405
NODE_12851_length_779_cov_14.386765	369	443	10	33	74	0.4459459
NODE_12852_length_779_cov_11.861765	180	263	0	83	83	1.0000000
NODE_12852_length_779_cov_11.861765	236	316	0	80	80	1.0000000
NODE_12852_length_779_cov_11.861765	312	392	0	80	80	1.0000000
NODE_12852_length_779_cov_11.861765	365	445	0	80	80	1.0000000
NODE_12853_length_779_cov_11.735294	285	365	2	2	80	0.0250000
NODE_12853_length_779_cov_11.735294	285	365	3	78	80	0.9750000
NODE_12853_length_779_cov_11.735294	338	418	2	13	80	0.1625000
NODE_12853_length_779_cov_11.735294	338	418	3	38	80	0.4750000
NODE_12853_length_779_cov_11.735294	338	418	4	29	80	0.3625000
NODE_12854_length_779_cov_7.211765	333	413	2	1	80	0.0125000
NODE_12854_length_779_cov_7.211765	333	413	4	79	80	0.9875000
NODE_12854_length_779_cov_7.211765	386	466	0	51	80	0.6375000
NODE_12854_length_779_cov_7.211765	386	466	2	3	80	0.0375000
NODE_12854_length_779_cov_7.211765	386	466	4	26	80	0.3250000
NODE_12857_length_779_cov_5.611765	271	351	2	80	80	1.0000000
NODE_12857_length_779_cov_5.611765	324	404	0	41	80	0.5125000
NODE_12857_length_779_cov_5.611765	324	404	2	39	80	0.4875000
NODE_12859_length_779_cov_4.695588	216	296	0	23	80	0.2875000
NODE_12859_length_779_cov_4.695588	216	296	2	57	80	0.7125000
NODE_12859_length_779_cov_4.695588	269	349	0	76	80	0.9500000
NODE_12859_length_779_cov_4.695588	269	349	2	4	80	0.0500000
NODE_12863_length_779_cov_2.329412	615	672	2	22	57	0.3859649
NODE_12863_length_779_cov_2.329412	615	672	4	35	57	0.6140351
NODE_12883_length_778_cov_21.615611	325	405	0	39	80	0.4875000
NODE_12883_length_778_cov_21.615611	325	405	4	23	80	0.2875000
NODE_12883_length_778_cov_21.615611	325	405	5	12	80	0.1500000
NODE_12883_length_778_cov_21.615611	325	405	6	6	80	0.0750000
NODE_12883_length_778_cov_21.615611	378	458	2	18	80	0.2250000
NODE_12883_length_778_cov_21.615611	378	458	4	9	80	0.1125000
NODE_12883_length_778_cov_21.615611	378	458	5	12	80	0.1500000
NODE_12883_length_778_cov_21.615611	378	458	6	41	80	0.5125000
NODE_12884_length_778_cov_19.549337	348	428	2	80	80	1.0000000
NODE_12884_length_778_cov_19.549337	401	481	0	37	80	0.4625000
NODE_12884_length_778_cov_19.549337	401	481	2	43	80	0.5375000
NODE_12885_length_778_cov_15.403535	312	392	0	80	80	1.0000000
NODE_12885_length_778_cov_15.403535	365	445	0	80	80	1.0000000
NODE_12886_length_778_cov_14.614138	101	181	0	30	80	0.3750000
NODE_12886_length_778_cov_14.614138	101	181	2	17	80	0.2125000
NODE_12886_length_778_cov_14.614138	101	181	6	33	80	0.4125000
NODE_12886_length_778_cov_14.614138	154	234	4	20	80	0.2500000
NODE_12886_length_778_cov_14.614138	154	234	6	60	80	0.7500000
NODE_12887_length_778_cov_13.368189	256	336	0	30	80	0.3750000
NODE_12887_length_778_cov_13.368189	256	336	2	50	80	0.6250000
NODE_12887_length_778_cov_13.368189	309	389	0	11	80	0.1375000
NODE_12887_length_778_cov_13.368189	309	389	2	69	80	0.8625000
NODE_12891_length_778_cov_6.307806	349	429	0	80	80	1.0000000
NODE_12891_length_778_cov_6.307806	402	482	0	80	80	1.0000000
NODE_12893_length_778_cov_5.985272	385	465	0	80	80	1.0000000
NODE_12893_length_778_cov_5.985272	438	518	0	80	80	1.0000000
NODE_12928_length_777_cov_25.504425	323	403	0	80	80	1.0000000
NODE_12928_length_777_cov_25.504425	376	456	0	80	80	1.0000000
NODE_12929_length_777_cov_25.410029	346	426	0	10	80	0.1250000
NODE_12929_length_777_cov_25.410029	346	426	2	1	80	0.0125000
NODE_12929_length_777_cov_25.410029	346	426	4	11	80	0.1375000
NODE_12929_length_777_cov_25.410029	346	426	6	3	80	0.0375000
NODE_12929_length_777_cov_25.410029	346	426	12	47	80	0.5875000
NODE_12929_length_777_cov_25.410029	346	426	14	8	80	0.1000000
NODE_12929_length_777_cov_25.410029	399	479	9	25	80	0.3125000
NODE_12929_length_777_cov_25.410029	399	479	11	9	80	0.1125000
NODE_12929_length_777_cov_25.410029	399	479	12	21	80	0.2625000
NODE_12929_length_777_cov_25.410029	399	479	14	25	80	0.3125000
NODE_12930_length_777_cov_25.333333	97	177	0	32	80	0.4000000
NODE_12930_length_777_cov_25.333333	97	177	2	48	80	0.6000000
NODE_12930_length_777_cov_25.333333	150	230	0	80	80	1.0000000
NODE_12931_length_777_cov_21.600295	408	485	0	6	77	0.0779221
NODE_12931_length_777_cov_21.600295	408	485	6	17	77	0.2207792
NODE_12931_length_777_cov_21.600295	408	485	10	54	77	0.7012987
NODE_12931_length_777_cov_21.600295	458	538	0	59	80	0.7375000
NODE_12931_length_777_cov_21.600295	458	538	6	17	80	0.2125000
NODE_12931_length_777_cov_21.600295	458	538	10	4	80	0.0500000
NODE_12932_length_777_cov_19.561947	343	423	0	11	80	0.1375000
NODE_12932_length_777_cov_19.561947	343	423	1	42	80	0.5250000
NODE_12932_length_777_cov_19.561947	343	423	2	27	80	0.3375000
NODE_12932_length_777_cov_19.561947	396	476	2	80	80	1.0000000
NODE_12933_length_777_cov_16.961652	264	344	0	80	80	1.0000000
NODE_12933_length_777_cov_16.961652	317	397	0	80	80	1.0000000
NODE_12934_length_777_cov_16.081121	299	379	2	12	80	0.1500000
NODE_12934_length_777_cov_16.081121	299	379	4	9	80	0.1125000
NODE_12934_length_777_cov_16.081121	299	379	6	3	80	0.0375000
NODE_12934_length_777_cov_16.081121	299	379	10	5	80	0.0625000
NODE_12934_length_777_cov_16.081121	299	379	12	2	80	0.0250000
NODE_12934_length_777_cov_16.081121	299	379	14	49	80	0.6125000
NODE_12934_length_777_cov_16.081121	352	432	10	31	80	0.3875000
NODE_12934_length_777_cov_16.081121	352	432	12	13	80	0.1625000
NODE_12934_length_777_cov_16.081121	352	432	14	36	80	0.4500000
NODE_12935_length_777_cov_13.827434	380	460	0	61	80	0.7625000
NODE_12935_length_777_cov_13.827434	380	460	4	19	80	0.2375000
NODE_12935_length_777_cov_13.827434	433	513	0	80	80	1.0000000
NODE_12936_length_777_cov_12.497050	413	493	2	80	80	1.0000000
NODE_12936_length_777_cov_12.497050	466	546	0	45	80	0.5625000
NODE_12936_length_777_cov_12.497050	466	546	2	35	80	0.4375000
NODE_12937_length_777_cov_10.787611	213	286	0	73	73	1.0000000
NODE_12938_length_777_cov_8.530973	362	422	12	60	60	1.0000000
NODE_12939_length_777_cov_7.634218	79	159	0	4	80	0.0500000
NODE_12939_length_777_cov_7.634218	79	159	2	76	80	0.9500000
NODE_12939_length_777_cov_7.634218	132	212	0	57	80	0.7125000
NODE_12939_length_777_cov_7.634218	132	212	2	23	80	0.2875000
NODE_12940_length_777_cov_6.963127	256	336	2	41	80	0.5125000
NODE_12940_length_777_cov_6.963127	256	336	4	39	80	0.4875000
NODE_12940_length_777_cov_6.963127	309	389	0	18	80	0.2250000
NODE_12940_length_777_cov_6.963127	309	389	2	8	80	0.1000000
NODE_12940_length_777_cov_6.963127	309	389	4	54	80	0.6750000
NODE_12941_length_777_cov_6.417404	565	638	0	73	73	1.0000000
NODE_12942_length_777_cov_5.868732	443	523	2	29	80	0.3625000
NODE_12942_length_777_cov_5.868732	443	523	4	51	80	0.6375000
NODE_12942_length_777_cov_5.868732	496	576	2	66	80	0.8250000
NODE_12942_length_777_cov_5.868732	496	576	4	14	80	0.1750000
NODE_12971_length_776_cov_81.002954	237	317	2	6	80	0.0750000
NODE_12971_length_776_cov_81.002954	237	317	4	38	80	0.4750000
NODE_12971_length_776_cov_81.002954	237	317	6	29	80	0.3625000
NODE_12971_length_776_cov_81.002954	237	317	12	1	80	0.0125000
NODE_12971_length_776_cov_81.002954	237	317	17	1	80	0.0125000
NODE_12971_length_776_cov_81.002954	237	317	19	2	80	0.0250000
NODE_12971_length_776_cov_81.002954	237	317	21	1	80	0.0125000
NODE_12971_length_776_cov_81.002954	237	317	22	2	80	0.0250000
NODE_12971_length_776_cov_81.002954	290	370	2	5	80	0.0625000
NODE_12971_length_776_cov_81.002954	290	370	4	14	80	0.1750000
NODE_12971_length_776_cov_81.002954	290	370	6	61	80	0.7625000
NODE_12972_length_776_cov_40.502216	345	425	14	24	80	0.3000000
NODE_12972_length_776_cov_40.502216	345	425	16	33	80	0.4125000
NODE_12972_length_776_cov_40.502216	345	425	18	23	80	0.2875000
NODE_12972_length_776_cov_40.502216	398	478	2	32	80	0.4000000
NODE_12972_length_776_cov_40.502216	398	478	4	9	80	0.1125000
NODE_12972_length_776_cov_40.502216	398	478	6	10	80	0.1250000
NODE_12972_length_776_cov_40.502216	398	478	16	15	80	0.1875000
NODE_12972_length_776_cov_40.502216	398	478	18	14	80	0.1750000
NODE_12973_length_776_cov_34.921713	204	284	5	10	80	0.1250000
NODE_12973_length_776_cov_34.921713	204	284	6	70	80	0.8750000
NODE_12973_length_776_cov_34.921713	257	337	0	23	80	0.2875000
NODE_12973_length_776_cov_34.921713	257	337	5	40	80	0.5000000
NODE_12973_length_776_cov_34.921713	257	337	6	17	80	0.2125000
NODE_12974_length_776_cov_29.998523	177	257	0	8	80	0.1000000
NODE_12974_length_776_cov_29.998523	177	257	6	10	80	0.1250000
NODE_12974_length_776_cov_29.998523	177	257	12	17	80	0.2125000
NODE_12974_length_776_cov_29.998523	177	257	14	36	80	0.4500000
NODE_12974_length_776_cov_29.998523	177	257	16	9	80	0.1125000
NODE_12974_length_776_cov_29.998523	230	310	14	18	80	0.2250000
NODE_12974_length_776_cov_29.998523	230	310	16	62	80	0.7750000
NODE_12975_length_776_cov_25.683900	417	497	0	75	80	0.9375000
NODE_12975_length_776_cov_25.683900	417	497	8	5	80	0.0625000
NODE_12975_length_776_cov_25.683900	470	550	0	22	80	0.2750000
NODE_12975_length_776_cov_25.683900	470	550	8	58	80	0.7250000
NODE_12976_length_776_cov_22.276219	367	447	4	34	80	0.4250000
NODE_12976_length_776_cov_22.276219	367	447	6	34	80	0.4250000
NODE_12976_length_776_cov_22.276219	367	447	8	12	80	0.1500000
NODE_12976_length_776_cov_22.276219	420	500	0	8	80	0.1000000
NODE_12976_length_776_cov_22.276219	420	500	2	7	80	0.0875000
NODE_12976_length_776_cov_22.276219	420	500	4	46	80	0.5750000
NODE_12976_length_776_cov_22.276219	420	500	6	7	80	0.0875000
NODE_12976_length_776_cov_22.276219	420	500	8	12	80	0.1500000
NODE_12977_length_776_cov_19.574594	242	322	0	36	80	0.4500000
NODE_12977_length_776_cov_19.574594	242	322	2	29	80	0.3625000
NODE_12977_length_776_cov_19.574594	242	322	4	15	80	0.1875000
NODE_12977_length_776_cov_19.574594	295	375	2	12	80	0.1500000
NODE_12977_length_776_cov_19.574594	295	375	4	15	80	0.1875000
NODE_12977_length_776_cov_19.574594	295	375	6	53	80	0.6625000
NODE_12978_length_776_cov_18.262925	384	464	0	47	80	0.5875000
NODE_12978_length_776_cov_18.262925	384	464	4	33	80	0.4125000
NODE_12978_length_776_cov_18.262925	437	517	0	2	80	0.0250000
NODE_12978_length_776_cov_18.262925	437	517	4	78	80	0.9750000
NODE_12979_length_776_cov_16.023634	334	414	0	41	80	0.5125000
NODE_12979_length_776_cov_16.023634	334	414	2	39	80	0.4875000
NODE_12979_length_776_cov_16.023634	387	467	0	80	80	1.0000000
NODE_12980_length_776_cov_15.841950	282	362	6	27	80	0.3375000
NODE_12980_length_776_cov_15.841950	282	362	7	51	80	0.6375000
NODE_12980_length_776_cov_15.841950	282	362	8	2	80	0.0250000
NODE_12980_length_776_cov_15.841950	335	415	2	25	80	0.3125000
NODE_12980_length_776_cov_15.841950	335	415	7	25	80	0.3125000
NODE_12980_length_776_cov_15.841950	335	415	8	30	80	0.3750000
NODE_12981_length_776_cov_14.131462	240	320	0	80	80	1.0000000
NODE_12981_length_776_cov_14.131462	293	373	0	47	80	0.5875000
NODE_12981_length_776_cov_14.131462	293	373	2	33	80	0.4125000
NODE_12981_length_776_cov_14.131462	369	449	2	80	80	1.0000000
NODE_12981_length_776_cov_14.131462	422	502	0	9	80	0.1125000
NODE_12981_length_776_cov_14.131462	422	502	2	71	80	0.8875000
NODE_12983_length_776_cov_13.890694	302	382	0	31	80	0.3875000
NODE_12983_length_776_cov_13.890694	302	382	2	49	80	0.6125000
NODE_12983_length_776_cov_13.890694	355	435	0	11	80	0.1375000
NODE_12983_length_776_cov_13.890694	355	435	2	69	80	0.8625000
NODE_12984_length_776_cov_12.097489	488	568	0	30	80	0.3750000
NODE_12984_length_776_cov_12.097489	488	568	2	50	80	0.6250000
NODE_12984_length_776_cov_12.097489	541	621	0	41	80	0.5125000
NODE_12984_length_776_cov_12.097489	541	621	2	39	80	0.4875000
NODE_12985_length_776_cov_11.923191	422	498	0	76	76	1.0000000
NODE_12985_length_776_cov_11.923191	475	551	0	76	76	1.0000000
NODE_12986_length_776_cov_11.163959	312	392	0	43	80	0.5375000
NODE_12986_length_776_cov_11.163959	312	392	3	4	80	0.0500000
NODE_12986_length_776_cov_11.163959	312	392	6	33	80	0.4125000
NODE_12986_length_776_cov_11.163959	365	445	6	80	80	1.0000000
NODE_12987_length_776_cov_9.754801	370	450	0	10	80	0.1250000
NODE_12987_length_776_cov_9.754801	370	450	2	33	80	0.4125000
NODE_12987_length_776_cov_9.754801	370	450	4	8	80	0.1000000
NODE_12987_length_776_cov_9.754801	370	450	6	29	80	0.3625000
NODE_12987_length_776_cov_9.754801	423	503	4	15	80	0.1875000
NODE_12987_length_776_cov_9.754801	423	503	6	65	80	0.8125000
NODE_12989_length_776_cov_8.271787	332	412	0	47	80	0.5875000
NODE_12989_length_776_cov_8.271787	332	412	2	33	80	0.4125000
NODE_12989_length_776_cov_8.271787	385	465	2	80	80	1.0000000
NODE_12990_length_776_cov_4.874446	330	410	0	80	80	1.0000000
NODE_12990_length_776_cov_4.874446	383	463	0	80	80	1.0000000
NODE_13022_length_775_cov_33.612426	372	452	12	1	80	0.0125000
NODE_13022_length_775_cov_33.612426	372	452	14	39	80	0.4875000
NODE_13022_length_775_cov_33.612426	372	452	16	40	80	0.5000000
NODE_13022_length_775_cov_33.612426	425	505	4	46	80	0.5750000
NODE_13022_length_775_cov_33.612426	425	505	14	14	80	0.1750000
NODE_13022_length_775_cov_33.612426	425	505	16	20	80	0.2500000
NODE_13023_length_775_cov_25.500000	361	434	0	5	73	0.0684932
NODE_13023_length_775_cov_25.500000	361	434	1	9	73	0.1232877
NODE_13023_length_775_cov_25.500000	361	434	2	38	73	0.5205479
NODE_13023_length_775_cov_25.500000	361	434	4	21	73	0.2876712
NODE_13023_length_775_cov_25.500000	413	487	2	58	74	0.7837838
NODE_13023_length_775_cov_25.500000	413	487	4	16	74	0.2162162
NODE_13024_length_775_cov_24.128698	220	300	4	65	80	0.8125000
NODE_13024_length_775_cov_24.128698	220	300	6	15	80	0.1875000
NODE_13024_length_775_cov_24.128698	273	353	2	2	80	0.0250000
NODE_13024_length_775_cov_24.128698	273	353	4	29	80	0.3625000
NODE_13024_length_775_cov_24.128698	273	353	6	49	80	0.6125000
NODE_13026_length_775_cov_16.165680	358	438	0	80	80	1.0000000
NODE_13026_length_775_cov_16.165680	411	491	0	80	80	1.0000000
NODE_13027_length_775_cov_8.522189	440	520	2	4	80	0.0500000
NODE_13027_length_775_cov_8.522189	440	520	4	16	80	0.2000000
NODE_13027_length_775_cov_8.522189	440	520	6	60	80	0.7500000
NODE_13027_length_775_cov_8.522189	493	573	0	26	80	0.3250000
NODE_13027_length_775_cov_8.522189	493	573	2	10	80	0.1250000
NODE_13027_length_775_cov_8.522189	493	573	4	3	80	0.0375000
NODE_13027_length_775_cov_8.522189	493	573	6	41	80	0.5125000
NODE_13028_length_775_cov_8.258876	247	327	0	80	80	1.0000000
NODE_13028_length_775_cov_8.258876	300	380	0	80	80	1.0000000
NODE_13031_length_775_cov_3.786982	299	379	4	80	80	1.0000000
NODE_13031_length_775_cov_3.786982	352	432	0	36	80	0.4500000
NODE_13031_length_775_cov_3.786982	352	432	2	6	80	0.0750000
NODE_13031_length_775_cov_3.786982	352	432	4	38	80	0.4750000
NODE_13059_length_774_cov_27.386667	433	514	10	81	81	1.0000000
NODE_13059_length_774_cov_27.386667	487	567	0	21	80	0.2625000
NODE_13059_length_774_cov_27.386667	487	567	2	18	80	0.2250000
NODE_13059_length_774_cov_27.386667	487	567	6	7	80	0.0875000
NODE_13059_length_774_cov_27.386667	487	567	9	2	80	0.0250000
NODE_13059_length_774_cov_27.386667	487	567	10	32	80	0.4000000
NODE_13060_length_774_cov_19.721481	239	319	2	23	80	0.2875000
NODE_13060_length_774_cov_19.721481	239	319	3	48	80	0.6000000
NODE_13060_length_774_cov_19.721481	239	319	4	9	80	0.1125000
NODE_13060_length_774_cov_19.721481	292	372	2	25	80	0.3125000
NODE_13060_length_774_cov_19.721481	292	372	3	34	80	0.4250000
NODE_13060_length_774_cov_19.721481	292	372	4	21	80	0.2625000
NODE_13063_length_774_cov_4.594074	216	294	0	78	78	1.0000000
NODE_13063_length_774_cov_4.594074	269	347	0	78	78	1.0000000
NODE_13063_length_774_cov_4.594074	405	485	0	80	80	1.0000000
NODE_13103_length_773_cov_60.566766	249	328	4	38	79	0.4810127
NODE_13103_length_773_cov_60.566766	249	328	5	1	79	0.0126582
NODE_13103_length_773_cov_60.566766	249	328	9	21	79	0.2658228
NODE_13103_length_773_cov_60.566766	249	328	17	7	79	0.0886076
NODE_13103_length_773_cov_60.566766	249	328	18	12	79	0.1518987
NODE_13103_length_773_cov_60.566766	304	381	9	5	77	0.0649351
NODE_13103_length_773_cov_60.566766	304	381	14	9	77	0.1168831
NODE_13103_length_773_cov_60.566766	304	381	17	7	77	0.0909091
NODE_13103_length_773_cov_60.566766	304	381	18	56	77	0.7272727
NODE_13104_length_773_cov_27.299703	230	310	0	80	80	1.0000000
NODE_13104_length_773_cov_27.299703	283	363	0	80	80	1.0000000
NODE_13105_length_773_cov_24.250742	392	470	2	23	78	0.2948718
NODE_13105_length_773_cov_24.250742	392	470	4	55	78	0.7051282
NODE_13105_length_773_cov_24.250742	443	523	0	17	80	0.2125000
NODE_13105_length_773_cov_24.250742	443	523	2	41	80	0.5125000
NODE_13105_length_773_cov_24.250742	443	523	4	22	80	0.2750000
NODE_13106_length_773_cov_20.683976	367	447	0	54	80	0.6750000
NODE_13106_length_773_cov_20.683976	367	447	2	26	80	0.3250000
NODE_13106_length_773_cov_20.683976	420	500	0	1	80	0.0125000
NODE_13106_length_773_cov_20.683976	420	500	2	79	80	0.9875000
NODE_13107_length_773_cov_18.498516	248	328	8	10	80	0.1250000
NODE_13107_length_773_cov_18.498516	248	328	16	46	80	0.5750000
NODE_13107_length_773_cov_18.498516	248	328	18	2	80	0.0250000
NODE_13107_length_773_cov_18.498516	248	328	22	22	80	0.2750000
NODE_13107_length_773_cov_18.498516	301	381	14	17	80	0.2125000
NODE_13107_length_773_cov_18.498516	301	381	16	3	80	0.0375000
NODE_13107_length_773_cov_18.498516	301	381	18	2	80	0.0250000
NODE_13107_length_773_cov_18.498516	301	381	22	58	80	0.7250000
NODE_13108_length_773_cov_14.063798	405	485	0	63	80	0.7875000
NODE_13108_length_773_cov_14.063798	405	485	2	17	80	0.2125000
NODE_13108_length_773_cov_14.063798	458	538	0	10	80	0.1250000
NODE_13108_length_773_cov_14.063798	458	538	2	70	80	0.8750000
NODE_13109_length_773_cov_12.482196	421	501	0	80	80	1.0000000
NODE_13109_length_773_cov_12.482196	474	554	0	80	80	1.0000000
NODE_13114_length_773_cov_9.136499	214	294	2	5	80	0.0625000
NODE_13114_length_773_cov_9.136499	214	294	6	3	80	0.0375000
NODE_13114_length_773_cov_9.136499	214	294	7	21	80	0.2625000
NODE_13114_length_773_cov_9.136499	214	294	8	3	80	0.0375000
NODE_13114_length_773_cov_9.136499	214	294	9	48	80	0.6000000
NODE_13114_length_773_cov_9.136499	267	347	0	19	80	0.2375000
NODE_13114_length_773_cov_9.136499	267	347	5	34	80	0.4250000
NODE_13114_length_773_cov_9.136499	267	347	6	3	80	0.0375000
NODE_13114_length_773_cov_9.136499	267	347	7	12	80	0.1500000
NODE_13114_length_773_cov_9.136499	267	347	8	3	80	0.0375000
NODE_13114_length_773_cov_9.136499	267	347	9	9	80	0.1125000
NODE_13115_length_773_cov_8.609792	461	541	0	80	80	1.0000000
NODE_13115_length_773_cov_8.609792	514	594	0	80	80	1.0000000
NODE_13116_length_773_cov_7.224036	200	280	0	11	80	0.1375000
NODE_13116_length_773_cov_7.224036	200	280	4	23	80	0.2875000
NODE_13116_length_773_cov_7.224036	200	280	6	17	80	0.2125000
NODE_13116_length_773_cov_7.224036	200	280	10	29	80	0.3625000
NODE_13116_length_773_cov_7.224036	253	333	4	4	80	0.0500000
NODE_13116_length_773_cov_7.224036	253	333	9	1	80	0.0125000
NODE_13116_length_773_cov_7.224036	253	333	10	75	80	0.9375000
NODE_13117_length_773_cov_6.910979	522	615	0	93	93	1.0000000
NODE_13117_length_773_cov_6.910979	588	668	0	80	80	1.0000000
NODE_13147_length_772_cov_28.044577	231	311	0	6	80	0.0750000
NODE_13147_length_772_cov_28.044577	231	311	2	14	80	0.1750000
NODE_13147_length_772_cov_28.044577	231	311	11	6	80	0.0750000
NODE_13147_length_772_cov_28.044577	231	311	12	44	80	0.5500000
NODE_13147_length_772_cov_28.044577	231	311	13	10	80	0.1250000
NODE_13147_length_772_cov_28.044577	284	364	11	21	80	0.2625000
NODE_13147_length_772_cov_28.044577	284	364	12	49	80	0.6125000
NODE_13147_length_772_cov_28.044577	284	364	13	10	80	0.1250000
NODE_13149_length_772_cov_9.523031	288	368	0	62	80	0.7750000
NODE_13149_length_772_cov_9.523031	288	368	2	18	80	0.2250000
NODE_13149_length_772_cov_9.523031	341	421	0	9	80	0.1125000
NODE_13149_length_772_cov_9.523031	341	421	2	71	80	0.8875000
NODE_13150_length_772_cov_8.778603	133	213	0	80	80	1.0000000
NODE_13150_length_772_cov_8.778603	186	266	0	80	80	1.0000000
NODE_13151_length_772_cov_7.921248	351	431	0	52	80	0.6500000
NODE_13151_length_772_cov_7.921248	351	431	4	28	80	0.3500000
NODE_13151_length_772_cov_7.921248	404	480	4	76	76	1.0000000
NODE_13152_length_772_cov_7.059435	276	356	0	80	80	1.0000000
NODE_13152_length_772_cov_7.059435	329	409	0	80	80	1.0000000
NODE_13153_length_772_cov_5.536404	269	299	0	30	30	1.0000000
NODE_13153_length_772_cov_5.536404	272	341	0	69	69	1.0000000
NODE_13156_length_772_cov_4.838039	430	510	0	80	80	1.0000000
NODE_13156_length_772_cov_4.838039	483	563	0	80	80	1.0000000
NODE_13162_length_772_cov_3.041605	339	419	0	37	80	0.4625000
NODE_13162_length_772_cov_3.041605	339	419	2	43	80	0.5375000
NODE_13162_length_772_cov_3.041605	392	472	0	13	80	0.1625000
NODE_13162_length_772_cov_3.041605	392	472	2	67	80	0.8375000
NODE_13195_length_771_cov_36.729167	223	304	0	81	81	1.0000000
NODE_13195_length_771_cov_36.729167	277	357	0	80	80	1.0000000
NODE_13195_length_771_cov_36.729167	353	434	0	81	81	1.0000000
NODE_13195_length_771_cov_36.729167	407	487	0	80	80	1.0000000
NODE_13196_length_771_cov_28.903274	337	417	0	1	80	0.0125000
NODE_13196_length_771_cov_28.903274	337	417	5	16	80	0.2000000
NODE_13196_length_771_cov_28.903274	337	417	7	3	80	0.0375000
NODE_13196_length_771_cov_28.903274	337	417	12	60	80	0.7500000
NODE_13196_length_771_cov_28.903274	390	470	12	73	80	0.9125000
NODE_13196_length_771_cov_28.903274	390	470	14	7	80	0.0875000
NODE_13197_length_771_cov_28.165179	453	533	0	7	80	0.0875000
NODE_13197_length_771_cov_28.165179	453	533	2	7	80	0.0875000
NODE_13197_length_771_cov_28.165179	453	533	4	66	80	0.8250000
NODE_13197_length_771_cov_28.165179	506	586	4	80	80	1.0000000
NODE_13198_length_771_cov_14.336310	259	339	0	64	80	0.8000000
NODE_13198_length_771_cov_14.336310	259	339	2	16	80	0.2000000
NODE_13198_length_771_cov_14.336310	312	392	0	11	80	0.1375000
NODE_13198_length_771_cov_14.336310	312	392	2	69	80	0.8625000
NODE_13199_length_771_cov_13.592262	428	508	4	10	80	0.1250000
NODE_13199_length_771_cov_13.592262	428	508	6	17	80	0.2125000
NODE_13199_length_771_cov_13.592262	428	508	8	53	80	0.6625000
NODE_13199_length_771_cov_13.592262	481	561	0	13	80	0.1625000
NODE_13199_length_771_cov_13.592262	481	561	2	20	80	0.2500000
NODE_13199_length_771_cov_13.592262	481	561	4	30	80	0.3750000
NODE_13199_length_771_cov_13.592262	481	561	6	12	80	0.1500000
NODE_13199_length_771_cov_13.592262	481	561	8	5	80	0.0625000
NODE_13200_length_771_cov_12.226190	407	487	2	80	80	1.0000000
NODE_13200_length_771_cov_12.226190	460	540	0	28	80	0.3500000
NODE_13200_length_771_cov_12.226190	460	540	2	52	80	0.6500000
NODE_13201_length_771_cov_11.188988	348	428	0	41	80	0.5125000
NODE_13201_length_771_cov_11.188988	348	428	2	39	80	0.4875000
NODE_13201_length_771_cov_11.188988	401	481	0	7	80	0.0875000
NODE_13201_length_771_cov_11.188988	401	481	2	73	80	0.9125000
NODE_13202_length_771_cov_10.525298	171	251	0	80	80	1.0000000
NODE_13202_length_771_cov_10.525298	224	304	0	80	80	1.0000000
NODE_13207_length_771_cov_3.357143	238	318	0	29	80	0.3625000
NODE_13207_length_771_cov_3.357143	238	318	2	14	80	0.1750000
NODE_13207_length_771_cov_3.357143	238	318	3	4	80	0.0500000
NODE_13207_length_771_cov_3.357143	238	318	4	10	80	0.1250000
NODE_13207_length_771_cov_3.357143	238	318	7	7	80	0.0875000
NODE_13207_length_771_cov_3.357143	238	318	10	15	80	0.1875000
NODE_13207_length_771_cov_3.357143	238	318	11	1	80	0.0125000
NODE_13207_length_771_cov_3.357143	291	371	4	4	80	0.0500000
NODE_13207_length_771_cov_3.357143	291	371	7	7	80	0.0875000
NODE_13207_length_771_cov_3.357143	291	371	9	9	80	0.1125000
NODE_13207_length_771_cov_3.357143	291	371	10	15	80	0.1875000
NODE_13207_length_771_cov_3.357143	291	371	11	45	80	0.5625000
NODE_13209_length_771_cov_3.129464	476	518	2	42	42	1.0000000
NODE_13238_length_770_cov_45.312966	212	292	4	80	80	1.0000000
NODE_13238_length_770_cov_45.312966	265	345	2	25	80	0.3125000
NODE_13238_length_770_cov_45.312966	265	345	4	55	80	0.6875000
NODE_13239_length_770_cov_23.153502	348	428	6	12	80	0.1500000
NODE_13239_length_770_cov_23.153502	348	428	7	2	80	0.0250000
NODE_13239_length_770_cov_23.153502	348	428	9	12	80	0.1500000
NODE_13239_length_770_cov_23.153502	348	428	10	44	80	0.5500000
NODE_13239_length_770_cov_23.153502	348	428	12	10	80	0.1250000
NODE_13239_length_770_cov_23.153502	401	481	4	15	80	0.1875000
NODE_13239_length_770_cov_23.153502	401	481	6	12	80	0.1500000
NODE_13239_length_770_cov_23.153502	401	481	8	26	80	0.3250000
NODE_13239_length_770_cov_23.153502	401	481	10	27	80	0.3375000
NODE_13240_length_770_cov_22.463487	340	420	4	27	80	0.3375000
NODE_13240_length_770_cov_22.463487	340	420	6	9	80	0.1125000
NODE_13240_length_770_cov_22.463487	340	420	8	7	80	0.0875000
NODE_13240_length_770_cov_22.463487	340	420	10	2	80	0.0250000
NODE_13240_length_770_cov_22.463487	340	420	12	25	80	0.3125000
NODE_13240_length_770_cov_22.463487	340	420	14	10	80	0.1250000
NODE_13240_length_770_cov_22.463487	393	473	10	29	80	0.3625000
NODE_13240_length_770_cov_22.463487	393	473	12	51	80	0.6375000
NODE_13241_length_770_cov_18.594635	335	416	4	18	81	0.2222222
NODE_13241_length_770_cov_18.594635	335	416	6	63	81	0.7777778
NODE_13241_length_770_cov_18.594635	389	469	0	24	80	0.3000000
NODE_13241_length_770_cov_18.594635	389	469	2	4	80	0.0500000
NODE_13241_length_770_cov_18.594635	389	469	4	4	80	0.0500000
NODE_13241_length_770_cov_18.594635	389	469	6	48	80	0.6000000
NODE_13242_length_770_cov_18.092399	292	372	4	8	80	0.1000000
NODE_13242_length_770_cov_18.092399	292	372	5	6	80	0.0750000
NODE_13242_length_770_cov_18.092399	292	372	6	30	80	0.3750000
NODE_13242_length_770_cov_18.092399	292	372	10	2	80	0.0250000
NODE_13242_length_770_cov_18.092399	292	372	12	34	80	0.4250000
NODE_13242_length_770_cov_18.092399	345	425	8	11	80	0.1375000
NODE_13242_length_770_cov_18.092399	345	425	12	69	80	0.8625000
NODE_13243_length_770_cov_7.064083	294	374	2	26	80	0.3250000
NODE_13243_length_770_cov_7.064083	294	374	4	54	80	0.6750000
NODE_13243_length_770_cov_7.064083	347	426	0	13	79	0.1645570
NODE_13243_length_770_cov_7.064083	347	426	2	10	79	0.1265823
NODE_13243_length_770_cov_7.064083	347	426	3	1	79	0.0126582
NODE_13243_length_770_cov_7.064083	347	426	4	55	79	0.6962025
NODE_13246_length_770_cov_5.184799	341	421	0	80	80	1.0000000
NODE_13246_length_770_cov_5.184799	394	474	0	80	80	1.0000000
NODE_13250_length_770_cov_4.120715	325	405	0	53	80	0.6625000
NODE_13250_length_770_cov_4.120715	325	405	2	27	80	0.3375000
NODE_13250_length_770_cov_4.120715	378	458	0	11	80	0.1375000
NODE_13250_length_770_cov_4.120715	378	458	2	69	80	0.8625000
NODE_13272_length_769_cov_11.008955	355	435	0	10	80	0.1250000
NODE_13272_length_769_cov_11.008955	355	435	1	6	80	0.0750000
NODE_13272_length_769_cov_11.008955	355	435	5	35	80	0.4375000
NODE_13272_length_769_cov_11.008955	355	435	6	29	80	0.3625000
NODE_13272_length_769_cov_11.008955	408	488	2	11	80	0.1375000
NODE_13272_length_769_cov_11.008955	408	488	6	69	80	0.8625000
NODE_13274_length_769_cov_9.077612	263	343	0	76	80	0.9500000
NODE_13274_length_769_cov_9.077612	263	343	2	4	80	0.0500000
NODE_13274_length_769_cov_9.077612	316	396	0	23	80	0.2875000
NODE_13274_length_769_cov_9.077612	316	396	2	57	80	0.7125000
NODE_13275_length_769_cov_7.034328	289	367	2	78	78	1.0000000
NODE_13275_length_769_cov_7.034328	340	420	0	38	80	0.4750000
NODE_13275_length_769_cov_7.034328	340	420	2	42	80	0.5250000
NODE_13307_length_769_cov_1.262687	620	668	0	48	48	1.0000000
NODE_13316_length_768_cov_19.195815	266	346	0	80	80	1.0000000
NODE_13316_length_768_cov_19.195815	319	399	0	61	80	0.7625000
NODE_13316_length_768_cov_19.195815	319	399	1	8	80	0.1000000
NODE_13316_length_768_cov_19.195815	319	399	2	11	80	0.1375000
NODE_13316_length_768_cov_19.195815	395	475	2	80	80	1.0000000
NODE_13316_length_768_cov_19.195815	448	528	2	80	80	1.0000000
NODE_13317_length_768_cov_16.420030	246	326	10	2	80	0.0250000
NODE_13317_length_768_cov_16.420030	246	326	18	30	80	0.3750000
NODE_13317_length_768_cov_16.420030	246	326	21	45	80	0.5625000
NODE_13317_length_768_cov_16.420030	246	326	22	3	80	0.0375000
NODE_13317_length_768_cov_16.420030	299	379	4	11	80	0.1375000
NODE_13317_length_768_cov_16.420030	299	379	10	1	80	0.0125000
NODE_13317_length_768_cov_16.420030	299	379	11	7	80	0.0875000
NODE_13317_length_768_cov_16.420030	299	379	15	4	80	0.0500000
NODE_13317_length_768_cov_16.420030	299	379	21	57	80	0.7125000
NODE_13318_length_768_cov_14.508221	309	389	0	30	80	0.3750000
NODE_13318_length_768_cov_14.508221	309	389	4	50	80	0.6250000
NODE_13318_length_768_cov_14.508221	362	442	0	80	80	1.0000000
NODE_13319_length_768_cov_11.635277	309	389	6	11	80	0.1375000
NODE_13319_length_768_cov_11.635277	309	389	8	16	80	0.2000000
NODE_13319_length_768_cov_11.635277	309	389	12	18	80	0.2250000
NODE_13319_length_768_cov_11.635277	309	389	16	35	80	0.4375000
NODE_13319_length_768_cov_11.635277	362	442	6	4	80	0.0500000
NODE_13319_length_768_cov_11.635277	362	442	10	3	80	0.0375000
NODE_13319_length_768_cov_11.635277	362	442	16	73	80	0.9125000
NODE_13321_length_768_cov_9.064275	392	472	2	10	80	0.1250000
NODE_13321_length_768_cov_9.064275	392	472	4	70	80	0.8750000
NODE_13321_length_768_cov_9.064275	445	525	2	12	80	0.1500000
NODE_13321_length_768_cov_9.064275	445	525	4	50	80	0.6250000
NODE_13321_length_768_cov_9.064275	445	525	6	18	80	0.2250000
NODE_13324_length_768_cov_3.605381	512	592	0	80	80	1.0000000
NODE_13324_length_768_cov_3.605381	565	645	0	80	80	1.0000000
NODE_13354_length_767_cov_38.161677	28	108	8	1	80	0.0125000
NODE_13354_length_767_cov_38.161677	28	108	10	62	80	0.7750000
NODE_13354_length_767_cov_38.161677	28	108	12	17	80	0.2125000
NODE_13354_length_767_cov_38.161677	254	334	0	4	80	0.0500000
NODE_13354_length_767_cov_38.161677	254	334	2	24	80	0.3000000
NODE_13354_length_767_cov_38.161677	254	334	8	9	80	0.1125000
NODE_13354_length_767_cov_38.161677	254	334	10	43	80	0.5375000
NODE_13354_length_767_cov_38.161677	307	387	6	39	80	0.4875000
NODE_13354_length_767_cov_38.161677	307	387	8	11	80	0.1375000
NODE_13354_length_767_cov_38.161677	307	387	10	30	80	0.3750000
NODE_13355_length_767_cov_24.107784	279	359	0	7	80	0.0875000
NODE_13355_length_767_cov_24.107784	279	359	2	73	80	0.9125000
NODE_13355_length_767_cov_24.107784	332	412	0	33	80	0.4125000
NODE_13355_length_767_cov_24.107784	332	412	2	47	80	0.5875000
NODE_13356_length_767_cov_22.823353	286	366	2	80	80	1.0000000
NODE_13356_length_767_cov_22.823353	339	419	0	35	80	0.4375000
NODE_13356_length_767_cov_22.823353	339	419	2	45	80	0.5625000
NODE_13357_length_767_cov_20.898204	312	392	2	50	80	0.6250000
NODE_13357_length_767_cov_20.898204	312	392	4	13	80	0.1625000
NODE_13357_length_767_cov_20.898204	312	392	8	17	80	0.2125000
NODE_13357_length_767_cov_20.898204	365	445	2	5	80	0.0625000
NODE_13357_length_767_cov_20.898204	365	445	4	10	80	0.1250000
NODE_13357_length_767_cov_20.898204	365	445	6	34	80	0.4250000
NODE_13357_length_767_cov_20.898204	365	445	8	31	80	0.3875000
NODE_13358_length_767_cov_20.058383	357	439	0	82	82	1.0000000
NODE_13358_length_767_cov_20.058383	410	490	0	80	80	1.0000000
NODE_13359_length_767_cov_20.020958	191	271	4	20	80	0.2500000
NODE_13359_length_767_cov_20.020958	191	271	6	3	80	0.0375000
NODE_13359_length_767_cov_20.020958	191	271	7	1	80	0.0125000
NODE_13359_length_767_cov_20.020958	191	271	8	38	80	0.4750000
NODE_13359_length_767_cov_20.020958	191	271	10	18	80	0.2250000
NODE_13359_length_767_cov_20.020958	244	324	6	3	80	0.0375000
NODE_13359_length_767_cov_20.020958	244	324	8	6	80	0.0750000
NODE_13359_length_767_cov_20.020958	244	324	9	14	80	0.1750000
NODE_13359_length_767_cov_20.020958	244	324	10	57	80	0.7125000
NODE_13360_length_767_cov_18.687126	270	350	4	25	80	0.3125000
NODE_13360_length_767_cov_18.687126	270	350	6	31	80	0.3875000
NODE_13360_length_767_cov_18.687126	270	350	8	24	80	0.3000000
NODE_13360_length_767_cov_18.687126	323	403	0	20	80	0.2500000
NODE_13360_length_767_cov_18.687126	323	403	2	4	80	0.0500000
NODE_13360_length_767_cov_18.687126	323	403	4	54	80	0.6750000
NODE_13360_length_767_cov_18.687126	323	403	8	2	80	0.0250000
NODE_13362_length_767_cov_13.323353	45	125	0	14	80	0.1750000
NODE_13362_length_767_cov_13.323353	45	125	2	45	80	0.5625000
NODE_13362_length_767_cov_13.323353	45	125	6	16	80	0.2000000
NODE_13362_length_767_cov_13.323353	45	125	8	5	80	0.0625000
NODE_13362_length_767_cov_13.323353	98	178	2	6	80	0.0750000
NODE_13362_length_767_cov_13.323353	98	178	6	38	80	0.4750000
NODE_13362_length_767_cov_13.323353	98	178	8	36	80	0.4500000
NODE_13366_length_767_cov_8.787425	377	447	0	70	70	1.0000000
NODE_13366_length_767_cov_8.787425	420	500	0	80	80	1.0000000
NODE_13367_length_767_cov_7.206587	306	386	0	47	80	0.5875000
NODE_13367_length_767_cov_7.206587	306	386	2	33	80	0.4125000
NODE_13367_length_767_cov_7.206587	359	440	0	7	81	0.0864198
NODE_13367_length_767_cov_7.206587	359	440	2	74	81	0.9135802
NODE_13403_length_766_cov_59.388306	322	402	0	9	80	0.1125000
NODE_13403_length_766_cov_59.388306	322	402	2	70	80	0.8750000
NODE_13403_length_766_cov_59.388306	322	402	4	1	80	0.0125000
NODE_13403_length_766_cov_59.388306	375	455	2	79	80	0.9875000
NODE_13403_length_766_cov_59.388306	375	455	4	1	80	0.0125000
NODE_13403_length_766_cov_59.388306	451	531	2	10	80	0.1250000
NODE_13403_length_766_cov_59.388306	451	531	10	57	80	0.7125000
NODE_13403_length_766_cov_59.388306	451	531	12	13	80	0.1625000
NODE_13403_length_766_cov_59.388306	504	584	2	25	80	0.3125000
NODE_13403_length_766_cov_59.388306	504	584	10	42	80	0.5250000
NODE_13403_length_766_cov_59.388306	504	584	12	13	80	0.1625000
NODE_13404_length_766_cov_23.361319	308	388	0	19	80	0.2375000
NODE_13404_length_766_cov_23.361319	308	388	2	55	80	0.6875000
NODE_13404_length_766_cov_23.361319	308	388	4	6	80	0.0750000
NODE_13404_length_766_cov_23.361319	361	441	2	33	80	0.4125000
NODE_13404_length_766_cov_23.361319	361	441	4	47	80	0.5875000
NODE_13405_length_766_cov_22.751124	229	309	0	14	80	0.1750000
NODE_13405_length_766_cov_22.751124	229	309	2	66	80	0.8250000
NODE_13405_length_766_cov_22.751124	282	362	0	67	80	0.8375000
NODE_13405_length_766_cov_22.751124	282	362	2	13	80	0.1625000
NODE_13406_length_766_cov_20.011994	285	363	8	70	78	0.8974359
NODE_13406_length_766_cov_20.011994	285	363	9	8	78	0.1025641
NODE_13406_length_766_cov_20.011994	336	416	0	20	80	0.2500000
NODE_13406_length_766_cov_20.011994	336	416	2	26	80	0.3250000
NODE_13406_length_766_cov_20.011994	336	416	8	34	80	0.4250000
NODE_13407_length_766_cov_18.685157	288	368	0	24	80	0.3000000
NODE_13407_length_766_cov_18.685157	288	368	2	23	80	0.2875000
NODE_13407_length_766_cov_18.685157	288	368	6	13	80	0.1625000
NODE_13407_length_766_cov_18.685157	288	368	8	2	80	0.0250000
NODE_13407_length_766_cov_18.685157	288	368	14	18	80	0.2250000
NODE_13407_length_766_cov_18.685157	341	421	6	7	80	0.0875000
NODE_13407_length_766_cov_18.685157	341	421	8	2	80	0.0250000
NODE_13407_length_766_cov_18.685157	341	421	14	31	80	0.3875000
NODE_13407_length_766_cov_18.685157	341	421	15	36	80	0.4500000
NODE_13407_length_766_cov_18.685157	341	421	16	4	80	0.0500000
NODE_13408_length_766_cov_13.131934	271	351	2	15	80	0.1875000
NODE_13408_length_766_cov_13.131934	271	351	4	65	80	0.8125000
NODE_13408_length_766_cov_13.131934	324	404	2	68	80	0.8500000
NODE_13408_length_766_cov_13.131934	324	404	4	12	80	0.1500000
NODE_13410_length_766_cov_9.479760	274	354	2	80	80	1.0000000
NODE_13410_length_766_cov_9.479760	327	407	0	45	80	0.5625000
NODE_13410_length_766_cov_9.479760	327	407	2	35	80	0.4375000
NODE_13415_length_766_cov_4.500750	333	413	2	1	80	0.0125000
NODE_13415_length_766_cov_4.500750	333	413	4	79	80	0.9875000
NODE_13415_length_766_cov_4.500750	369	404	4	35	35	1.0000000
NODE_13415_length_766_cov_4.500750	371	413	2	1	42	0.0238095
NODE_13415_length_766_cov_4.500750	371	413	4	41	42	0.9761904
NODE_13415_length_766_cov_4.500750	397	466	0	27	69	0.3913043
NODE_13415_length_766_cov_4.500750	397	466	2	27	69	0.3913043
NODE_13415_length_766_cov_4.500750	397	466	4	15	69	0.2173913
NODE_13447_length_765_cov_92.851351	16	96	0	7	80	0.0875000
NODE_13447_length_765_cov_92.851351	16	96	2	21	80	0.2625000
NODE_13447_length_765_cov_92.851351	16	96	4	14	80	0.1750000
NODE_13447_length_765_cov_92.851351	16	96	6	11	80	0.1375000
NODE_13447_length_765_cov_92.851351	16	96	8	1	80	0.0125000
NODE_13447_length_765_cov_92.851351	16	96	10	10	80	0.1250000
NODE_13447_length_765_cov_92.851351	16	96	12	6	80	0.0750000
NODE_13447_length_765_cov_92.851351	16	96	14	4	80	0.0500000
NODE_13447_length_765_cov_92.851351	16	96	16	6	80	0.0750000
NODE_13448_length_765_cov_36.345345	504	584	0	11	80	0.1375000
NODE_13448_length_765_cov_36.345345	504	584	2	69	80	0.8625000
NODE_13448_length_765_cov_36.345345	557	637	0	64	80	0.8000000
NODE_13448_length_765_cov_36.345345	557	637	2	16	80	0.2000000
NODE_13449_length_765_cov_27.334835	370	450	2	6	80	0.0750000
NODE_13449_length_765_cov_27.334835	370	450	4	21	80	0.2625000
NODE_13449_length_765_cov_27.334835	370	450	6	25	80	0.3125000
NODE_13449_length_765_cov_27.334835	370	450	10	5	80	0.0625000
NODE_13449_length_765_cov_27.334835	370	450	11	9	80	0.1125000
NODE_13449_length_765_cov_27.334835	370	450	12	14	80	0.1750000
NODE_13449_length_765_cov_27.334835	423	503	8	38	80	0.4750000
NODE_13449_length_765_cov_27.334835	423	503	10	19	80	0.2375000
NODE_13449_length_765_cov_27.334835	423	503	11	9	80	0.1125000
NODE_13449_length_765_cov_27.334835	423	503	12	14	80	0.1750000
NODE_13450_length_765_cov_23.355856	251	331	0	80	80	1.0000000
NODE_13450_length_765_cov_23.355856	304	384	0	80	80	1.0000000
NODE_13450_length_765_cov_23.355856	380	460	0	4	80	0.0500000
NODE_13450_length_765_cov_23.355856	380	460	2	36	80	0.4500000
NODE_13450_length_765_cov_23.355856	380	460	6	17	80	0.2125000
NODE_13450_length_765_cov_23.355856	380	460	8	23	80	0.2875000
NODE_13450_length_765_cov_23.355856	433	506	6	63	73	0.8630137
NODE_13450_length_765_cov_23.355856	433	506	8	10	73	0.1369863
NODE_13451_length_765_cov_23.322823	256	336	0	80	80	1.0000000
NODE_13451_length_765_cov_23.322823	309	389	0	80	80	1.0000000
NODE_13452_length_765_cov_21.741742	379	452	0	14	73	0.1917808
NODE_13452_length_765_cov_21.741742	379	452	5	1	73	0.0136986
NODE_13452_length_765_cov_21.741742	379	452	7	1	73	0.0136986
NODE_13452_length_765_cov_21.741742	379	452	10	57	73	0.7808219
NODE_13452_length_765_cov_21.741742	425	505	0	67	80	0.8375000
NODE_13452_length_765_cov_21.741742	425	505	5	1	80	0.0125000
NODE_13452_length_765_cov_21.741742	425	505	7	1	80	0.0125000
NODE_13452_length_765_cov_21.741742	425	505	10	11	80	0.1375000
NODE_13453_length_765_cov_14.253754	450	530	6	6	80	0.0750000
NODE_13453_length_765_cov_14.253754	450	530	10	4	80	0.0500000
NODE_13453_length_765_cov_14.253754	450	530	12	5	80	0.0625000
NODE_13453_length_765_cov_14.253754	450	530	16	65	80	0.8125000
NODE_13453_length_765_cov_14.253754	503	583	0	15	80	0.1875000
NODE_13453_length_765_cov_14.253754	503	583	4	13	80	0.1625000
NODE_13453_length_765_cov_14.253754	503	583	6	6	80	0.0750000
NODE_13453_length_765_cov_14.253754	503	583	10	1	80	0.0125000
NODE_13453_length_765_cov_14.253754	503	583	12	9	80	0.1125000
NODE_13453_length_765_cov_14.253754	503	583	16	36	80	0.4500000
NODE_13454_length_765_cov_13.627628	313	393	0	7	80	0.0875000
NODE_13454_length_765_cov_13.627628	313	393	2	73	80	0.9125000
NODE_13454_length_765_cov_13.627628	366	446	0	38	80	0.4750000
NODE_13454_length_765_cov_13.627628	366	446	2	42	80	0.5250000
NODE_13455_length_765_cov_5.561562	319	349	0	30	30	1.0000000
NODE_13458_length_765_cov_4.367868	433	513	0	13	80	0.1625000
NODE_13458_length_765_cov_4.367868	433	513	2	67	80	0.8375000
NODE_13458_length_765_cov_4.367868	486	566	0	66	80	0.8250000
NODE_13458_length_765_cov_4.367868	486	566	2	14	80	0.1750000
NODE_13483_length_764_cov_30.096241	436	516	0	14	80	0.1750000
NODE_13483_length_764_cov_30.096241	436	516	1	10	80	0.1250000
NODE_13483_length_764_cov_30.096241	436	516	2	13	80	0.1625000
NODE_13483_length_764_cov_30.096241	436	516	4	43	80	0.5375000
NODE_13483_length_764_cov_30.096241	489	569	0	67	80	0.8375000
NODE_13483_length_764_cov_30.096241	489	569	1	10	80	0.1250000
NODE_13483_length_764_cov_30.096241	489	569	2	3	80	0.0375000
NODE_13484_length_764_cov_29.218045	304	384	4	23	80	0.2875000
NODE_13484_length_764_cov_29.218045	304	384	8	36	80	0.4500000
NODE_13484_length_764_cov_29.218045	304	384	10	21	80	0.2625000
NODE_13484_length_764_cov_29.218045	357	437	6	44	80	0.5500000
NODE_13484_length_764_cov_29.218045	357	437	8	6	80	0.0750000
NODE_13484_length_764_cov_29.218045	357	437	10	30	80	0.3750000
NODE_13485_length_764_cov_25.951880	421	501	0	80	80	1.0000000
NODE_13485_length_764_cov_25.951880	474	554	0	68	80	0.8500000
NODE_13485_length_764_cov_25.951880	474	554	2	12	80	0.1500000
NODE_13486_length_764_cov_23.590977	204	284	0	80	80	1.0000000
NODE_13486_length_764_cov_23.590977	257	337	0	80	80	1.0000000
NODE_13488_length_764_cov_6.804511	281	361	0	80	80	1.0000000
NODE_13488_length_764_cov_6.804511	334	414	0	80	80	1.0000000
NODE_13489_length_764_cov_6.700752	392	458	4	66	66	1.0000000
NODE_13508_length_764_cov_1.171429	475	537	0	62	62	1.0000000
NODE_13520_length_763_cov_28.807229	311	391	0	80	80	1.0000000
NODE_13520_length_763_cov_28.807229	364	444	0	80	80	1.0000000
NODE_13521_length_763_cov_25.299699	598	673	16	4	75	0.0533333
NODE_13521_length_763_cov_25.299699	598	673	18	16	75	0.2133333
NODE_13521_length_763_cov_25.299699	598	673	20	39	75	0.5200000
NODE_13521_length_763_cov_25.299699	598	673	22	16	75	0.2133333
NODE_13521_length_763_cov_25.299699	598	678	16	4	80	0.0500000
NODE_13521_length_763_cov_25.299699	598	678	18	21	80	0.2625000
NODE_13521_length_763_cov_25.299699	598	678	20	39	80	0.4875000
NODE_13521_length_763_cov_25.299699	598	678	22	16	80	0.2000000
NODE_13521_length_763_cov_25.299699	605	675	18	15	70	0.2142857
NODE_13521_length_763_cov_25.299699	605	675	20	39	70	0.5571429
NODE_13521_length_763_cov_25.299699	605	675	22	16	70	0.2285714
NODE_13521_length_763_cov_25.299699	607	678	18	16	71	0.2253521
NODE_13521_length_763_cov_25.299699	607	678	20	39	71	0.5492958
NODE_13521_length_763_cov_25.299699	607	678	22	16	71	0.2253521
NODE_13521_length_763_cov_25.299699	651	731	2	5	80	0.0625000
NODE_13521_length_763_cov_25.299699	651	731	4	16	80	0.2000000
NODE_13521_length_763_cov_25.299699	651	731	16	4	80	0.0500000
NODE_13521_length_763_cov_25.299699	651	731	18	38	80	0.4750000
NODE_13521_length_763_cov_25.299699	651	731	20	17	80	0.2125000
NODE_13521_length_763_cov_25.299699	651	731	2	5	80	0.0625000
NODE_13521_length_763_cov_25.299699	651	731	4	16	80	0.2000000
NODE_13521_length_763_cov_25.299699	651	731	16	4	80	0.0500000
NODE_13521_length_763_cov_25.299699	651	731	18	38	80	0.4750000
NODE_13521_length_763_cov_25.299699	651	731	20	17	80	0.2125000
NODE_13521_length_763_cov_25.299699	651	731	2	5	80	0.0625000
NODE_13521_length_763_cov_25.299699	651	731	4	16	80	0.2000000
NODE_13521_length_763_cov_25.299699	651	731	16	4	80	0.0500000
NODE_13521_length_763_cov_25.299699	651	731	18	38	80	0.4750000
NODE_13521_length_763_cov_25.299699	651	731	20	17	80	0.2125000
NODE_13521_length_763_cov_25.299699	651	731	2	5	80	0.0625000
NODE_13521_length_763_cov_25.299699	651	731	4	16	80	0.2000000
NODE_13521_length_763_cov_25.299699	651	731	16	4	80	0.0500000
NODE_13521_length_763_cov_25.299699	651	731	18	38	80	0.4750000
NODE_13521_length_763_cov_25.299699	651	731	20	17	80	0.2125000
NODE_13522_length_763_cov_12.887048	336	416	2	3	80	0.0375000
NODE_13522_length_763_cov_12.887048	336	416	4	45	80	0.5625000
NODE_13522_length_763_cov_12.887048	336	416	6	32	80	0.4000000
NODE_13522_length_763_cov_12.887048	389	469	0	9	80	0.1125000
NODE_13522_length_763_cov_12.887048	389	469	2	33	80	0.4125000
NODE_13522_length_763_cov_12.887048	389	469	4	38	80	0.4750000
NODE_13523_length_763_cov_11.599398	547	627	0	80	80	1.0000000
NODE_13523_length_763_cov_11.599398	600	680	0	80	80	1.0000000
NODE_13524_length_763_cov_9.378012	297	377	0	25	80	0.3125000
NODE_13524_length_763_cov_9.378012	297	377	4	55	80	0.6875000
NODE_13524_length_763_cov_9.378012	350	430	0	5	80	0.0625000
NODE_13524_length_763_cov_9.378012	350	430	3	1	80	0.0125000
NODE_13524_length_763_cov_9.378012	350	430	4	74	80	0.9250000
NODE_13526_length_763_cov_7.246988	368	448	0	80	80	1.0000000
NODE_13526_length_763_cov_7.246988	421	501	0	80	80	1.0000000
NODE_13527_length_763_cov_6.414157	371	451	0	80	80	1.0000000
NODE_13527_length_763_cov_6.414157	424	504	0	80	80	1.0000000
NODE_13558_length_762_cov_21.236802	368	448	10	31	80	0.3875000
NODE_13558_length_762_cov_21.236802	368	448	12	7	80	0.0875000
NODE_13558_length_762_cov_21.236802	368	448	14	11	80	0.1375000
NODE_13558_length_762_cov_21.236802	368	448	16	31	80	0.3875000
NODE_13558_length_762_cov_21.236802	421	501	4	17	80	0.2125000
NODE_13558_length_762_cov_21.236802	421	501	6	1	80	0.0125000
NODE_13558_length_762_cov_21.236802	421	501	14	46	80	0.5750000
NODE_13558_length_762_cov_21.236802	421	501	16	16	80	0.2000000
NODE_13559_length_762_cov_19.984917	327	407	2	39	80	0.4875000
NODE_13559_length_762_cov_19.984917	327	407	4	7	80	0.0875000
NODE_13559_length_762_cov_19.984917	327	407	6	34	80	0.4250000
NODE_13559_length_762_cov_19.984917	380	460	2	8	80	0.1000000
NODE_13559_length_762_cov_19.984917	380	460	4	8	80	0.1000000
NODE_13559_length_762_cov_19.984917	380	460	6	64	80	0.8000000
NODE_13560_length_762_cov_15.975867	318	398	0	34	80	0.4250000
NODE_13560_length_762_cov_15.975867	318	398	2	28	80	0.3500000
NODE_13560_length_762_cov_15.975867	318	398	4	18	80	0.2250000
NODE_13560_length_762_cov_15.975867	371	439	2	34	68	0.5000000
NODE_13560_length_762_cov_15.975867	371	439	4	34	68	0.5000000
NODE_13561_length_762_cov_12.728507	381	461	6	16	80	0.2000000
NODE_13561_length_762_cov_12.728507	381	461	8	19	80	0.2375000
NODE_13561_length_762_cov_12.728507	381	461	9	15	80	0.1875000
NODE_13561_length_762_cov_12.728507	381	461	10	30	80	0.3750000
NODE_13561_length_762_cov_12.728507	434	514	2	38	80	0.4750000
NODE_13561_length_762_cov_12.728507	434	514	4	15	80	0.1875000
NODE_13561_length_762_cov_12.728507	434	514	6	9	80	0.1125000
NODE_13561_length_762_cov_12.728507	434	514	8	18	80	0.2250000
NODE_13562_length_762_cov_10.078431	277	357	0	2	80	0.0250000
NODE_13562_length_762_cov_10.078431	277	357	2	78	80	0.9750000
NODE_13562_length_762_cov_10.078431	330	410	0	55	80	0.6875000
NODE_13562_length_762_cov_10.078431	330	410	2	25	80	0.3125000
NODE_13563_length_762_cov_9.705882	339	419	0	80	80	1.0000000
NODE_13563_length_762_cov_9.705882	392	472	0	80	80	1.0000000
NODE_13564_length_762_cov_7.276018	316	395	6	27	79	0.3417721
NODE_13564_length_762_cov_7.276018	316	395	9	7	79	0.0886076
NODE_13564_length_762_cov_7.276018	316	395	11	44	79	0.5569620
NODE_13564_length_762_cov_7.276018	316	395	14	1	79	0.0126582
NODE_13564_length_762_cov_7.276018	368	448	6	10	80	0.1250000
NODE_13564_length_762_cov_7.276018	368	448	8	36	80	0.4500000
NODE_13564_length_762_cov_7.276018	368	448	11	26	80	0.3250000
NODE_13564_length_762_cov_7.276018	368	448	14	8	80	0.1000000
NODE_13565_length_762_cov_6.168929	222	302	2	6	80	0.0750000
NODE_13565_length_762_cov_6.168929	222	302	4	74	80	0.9250000
NODE_13565_length_762_cov_6.168929	275	355	0	10	80	0.1250000
NODE_13565_length_762_cov_6.168929	275	355	2	49	80	0.6125000
NODE_13565_length_762_cov_6.168929	275	355	4	21	80	0.2625000
NODE_13613_length_761_cov_44.243202	531	582	61	2	51	0.0392157
NODE_13613_length_761_cov_44.243202	531	582	63	2	51	0.0392157
NODE_13613_length_761_cov_44.243202	531	582	73	3	51	0.0588235
NODE_13613_length_761_cov_44.243202	531	582	75	1	51	0.0196078
NODE_13613_length_761_cov_44.243202	531	582	81	1	51	0.0196078
NODE_13613_length_761_cov_44.243202	531	582	85	9	51	0.1764706
NODE_13613_length_761_cov_44.243202	531	582	91	2	51	0.0392157
NODE_13613_length_761_cov_44.243202	531	582	95	2	51	0.0392157
NODE_13613_length_761_cov_44.243202	531	582	101	1	51	0.0196078
NODE_13613_length_761_cov_44.243202	531	582	103	3	51	0.0588235
NODE_13613_length_761_cov_44.243202	531	582	107	4	51	0.0784314
NODE_13613_length_761_cov_44.243202	531	582	109	5	51	0.0980392
NODE_13613_length_761_cov_44.243202	531	582	112	1	51	0.0196078
NODE_13613_length_761_cov_44.243202	531	582	116	5	51	0.0980392
NODE_13613_length_761_cov_44.243202	531	582	117	2	51	0.0392157
NODE_13613_length_761_cov_44.243202	531	582	118	6	51	0.1176471
NODE_13613_length_761_cov_44.243202	531	582	120	2	51	0.0392157
NODE_13614_length_761_cov_38.809668	342	422	2	11	80	0.1375000
NODE_13614_length_761_cov_38.809668	342	422	10	1	80	0.0125000
NODE_13614_length_761_cov_38.809668	342	422	11	17	80	0.2125000
NODE_13614_length_761_cov_38.809668	342	422	14	8	80	0.1000000
NODE_13614_length_761_cov_38.809668	342	422	15	5	80	0.0625000
NODE_13614_length_761_cov_38.809668	342	422	16	38	80	0.4750000
NODE_13614_length_761_cov_38.809668	395	475	0	53	80	0.6625000
NODE_13614_length_761_cov_38.809668	395	475	2	11	80	0.1375000
NODE_13614_length_761_cov_38.809668	395	475	10	1	80	0.0125000
NODE_13614_length_761_cov_38.809668	395	475	11	15	80	0.1875000
NODE_13615_length_761_cov_38.694864	314	394	10	57	80	0.7125000
NODE_13615_length_761_cov_38.694864	314	394	12	23	80	0.2875000
NODE_13615_length_761_cov_38.694864	367	447	4	19	80	0.2375000
NODE_13615_length_761_cov_38.694864	367	447	8	15	80	0.1875000
NODE_13615_length_761_cov_38.694864	367	447	10	20	80	0.2500000
NODE_13615_length_761_cov_38.694864	367	447	12	26	80	0.3250000
NODE_13616_length_761_cov_32.382175	432	512	2	5	80	0.0625000
NODE_13616_length_761_cov_32.382175	432	512	4	8	80	0.1000000
NODE_13616_length_761_cov_32.382175	432	512	7	6	80	0.0750000
NODE_13616_length_761_cov_32.382175	432	512	8	20	80	0.2500000
NODE_13616_length_761_cov_32.382175	432	512	9	41	80	0.5125000
NODE_13616_length_761_cov_32.382175	485	565	0	20	80	0.2500000
NODE_13616_length_761_cov_32.382175	485	565	6	20	80	0.2500000
NODE_13616_length_761_cov_32.382175	485	565	7	6	80	0.0750000
NODE_13616_length_761_cov_32.382175	485	565	8	33	80	0.4125000
NODE_13616_length_761_cov_32.382175	485	565	9	1	80	0.0125000
NODE_13617_length_761_cov_31.444109	323	403	0	3	80	0.0375000
NODE_13617_length_761_cov_31.444109	323	403	1	2	80	0.0250000
NODE_13617_length_761_cov_31.444109	323	403	3	27	80	0.3375000
NODE_13617_length_761_cov_31.444109	323	403	4	24	80	0.3000000
NODE_13617_length_761_cov_31.444109	323	403	6	24	80	0.3000000
NODE_13617_length_761_cov_31.444109	376	467	4	3	91	0.0329670
NODE_13617_length_761_cov_31.444109	376	467	6	45	91	0.4945055
NODE_13617_length_761_cov_31.444109	376	467	8	43	91	0.4725275
NODE_13618_length_761_cov_14.004532	366	446	2	8	80	0.1000000
NODE_13618_length_761_cov_14.004532	366	446	4	25	80	0.3125000
NODE_13618_length_761_cov_14.004532	366	446	8	47	80	0.5875000
NODE_13618_length_761_cov_14.004532	419	499	0	4	80	0.0500000
NODE_13618_length_761_cov_14.004532	419	499	4	25	80	0.3125000
NODE_13618_length_761_cov_14.004532	419	499	6	6	80	0.0750000
NODE_13618_length_761_cov_14.004532	419	499	8	45	80	0.5625000
NODE_13619_length_761_cov_13.287009	336	415	4	16	79	0.2025317
NODE_13619_length_761_cov_13.287009	336	415	6	63	79	0.7974684
NODE_13619_length_761_cov_13.287009	388	468	0	3	80	0.0375000
NODE_13619_length_761_cov_13.287009	388	468	2	46	80	0.5750000
NODE_13619_length_761_cov_13.287009	388	468	4	13	80	0.1625000
NODE_13619_length_761_cov_13.287009	388	468	6	18	80	0.2250000
NODE_13621_length_761_cov_9.654079	274	354	2	14	80	0.1750000
NODE_13621_length_761_cov_9.654079	274	354	4	48	80	0.6000000
NODE_13621_length_761_cov_9.654079	274	354	6	18	80	0.2250000
NODE_13621_length_761_cov_9.654079	327	407	0	30	80	0.3750000
NODE_13621_length_761_cov_9.654079	327	407	4	50	80	0.6250000
NODE_13622_length_761_cov_7.306647	308	388	8	2	80	0.0250000
NODE_13622_length_761_cov_7.306647	308	388	10	70	80	0.8750000
NODE_13622_length_761_cov_7.306647	308	388	12	8	80	0.1000000
NODE_13622_length_761_cov_7.306647	361	441	2	26	80	0.3250000
NODE_13622_length_761_cov_7.306647	361	441	4	15	80	0.1875000
NODE_13622_length_761_cov_7.306647	361	441	6	5	80	0.0625000
NODE_13622_length_761_cov_7.306647	361	441	10	31	80	0.3875000
NODE_13622_length_761_cov_7.306647	361	441	12	3	80	0.0375000
NODE_13625_length_761_cov_4.314199	354	434	0	80	80	1.0000000
NODE_13625_length_761_cov_4.314199	407	487	0	80	80	1.0000000
NODE_13658_length_760_cov_48.290469	215	295	0	4	80	0.0500000
NODE_13658_length_760_cov_48.290469	215	295	6	10	80	0.1250000
NODE_13658_length_760_cov_48.290469	215	295	8	66	80	0.8250000
NODE_13658_length_760_cov_48.290469	268	348	0	57	80	0.7125000
NODE_13658_length_760_cov_48.290469	268	348	6	10	80	0.1250000
NODE_13658_length_760_cov_48.290469	268	348	8	13	80	0.1625000
NODE_13658_length_760_cov_48.290469	344	424	0	80	80	1.0000000
NODE_13658_length_760_cov_48.290469	397	477	0	80	80	1.0000000
NODE_13659_length_760_cov_28.314675	384	464	12	4	80	0.0500000
NODE_13659_length_760_cov_28.314675	384	464	14	36	80	0.4500000
NODE_13659_length_760_cov_28.314675	384	464	16	40	80	0.5000000
NODE_13659_length_760_cov_28.314675	437	517	4	4	80	0.0500000
NODE_13659_length_760_cov_28.314675	437	517	6	25	80	0.3125000
NODE_13659_length_760_cov_28.314675	437	517	9	2	80	0.0250000
NODE_13659_length_760_cov_28.314675	437	517	10	18	80	0.2250000
NODE_13659_length_760_cov_28.314675	437	517	14	31	80	0.3875000
NODE_13660_length_760_cov_27.981846	432	512	0	2	80	0.0250000
NODE_13660_length_760_cov_27.981846	432	512	2	27	80	0.3375000
NODE_13660_length_760_cov_27.981846	432	512	4	29	80	0.3625000
NODE_13660_length_760_cov_27.981846	432	512	6	22	80	0.2750000
NODE_13660_length_760_cov_27.981846	485	565	2	19	80	0.2375000
NODE_13660_length_760_cov_27.981846	485	565	4	27	80	0.3375000
NODE_13660_length_760_cov_27.981846	485	565	6	34	80	0.4250000
NODE_13661_length_760_cov_17.500756	372	452	0	80	80	1.0000000
NODE_13661_length_760_cov_17.500756	425	505	0	80	80	1.0000000
NODE_13662_length_760_cov_17.420575	183	263	0	16	80	0.2000000
NODE_13662_length_760_cov_17.420575	183	263	2	64	80	0.8000000
NODE_13662_length_760_cov_17.420575	236	316	0	11	80	0.1375000
NODE_13662_length_760_cov_17.420575	236	316	2	69	80	0.8625000
NODE_13663_length_760_cov_13.444781	357	437	0	51	80	0.6375000
NODE_13663_length_760_cov_13.444781	357	437	2	15	80	0.1875000
NODE_13663_length_760_cov_13.444781	357	437	4	14	80	0.1750000
NODE_13663_length_760_cov_13.444781	410	490	2	13	80	0.1625000
NODE_13663_length_760_cov_13.444781	410	490	4	67	80	0.8375000
NODE_13664_length_760_cov_13.196672	282	362	0	80	80	1.0000000
NODE_13664_length_760_cov_13.196672	335	415	0	80	80	1.0000000
NODE_13665_length_760_cov_12.692890	295	375	0	21	80	0.2625000
NODE_13665_length_760_cov_12.692890	295	375	4	2	80	0.0250000
NODE_13665_length_760_cov_12.692890	295	375	6	43	80	0.5375000
NODE_13665_length_760_cov_12.692890	295	375	8	5	80	0.0625000
NODE_13665_length_760_cov_12.692890	295	375	10	9	80	0.1125000
NODE_13665_length_760_cov_12.692890	348	428	6	13	80	0.1625000
NODE_13665_length_760_cov_12.692890	348	428	8	5	80	0.0625000
NODE_13665_length_760_cov_12.692890	348	428	10	18	80	0.2250000
NODE_13665_length_760_cov_12.692890	348	428	12	30	80	0.3750000
NODE_13665_length_760_cov_12.692890	348	428	14	14	80	0.1750000
NODE_13671_length_760_cov_4.282905	388	468	0	80	80	1.0000000
NODE_13671_length_760_cov_4.282905	441	521	0	80	80	1.0000000
NODE_13671_length_760_cov_4.282905	517	597	0	80	80	1.0000000
NODE_13683_length_760_cov_1.990923	490	570	4	80	80	1.0000000
NODE_13683_length_760_cov_1.990923	543	623	0	12	80	0.1500000
NODE_13683_length_760_cov_1.990923	543	623	1	2	80	0.0250000
NODE_13683_length_760_cov_1.990923	543	623	2	27	80	0.3375000
NODE_13683_length_760_cov_1.990923	543	623	3	7	80	0.0875000
NODE_13683_length_760_cov_1.990923	543	623	4	32	80	0.4000000
NODE_13709_length_759_cov_24.757576	376	456	10	44	80	0.5500000
NODE_13709_length_759_cov_24.757576	376	456	12	36	80	0.4500000
NODE_13709_length_759_cov_24.757576	429	509	4	50	80	0.6250000
NODE_13709_length_759_cov_24.757576	429	509	12	30	80	0.3750000
NODE_13710_length_759_cov_14.356061	210	290	4	12	80	0.1500000
NODE_13710_length_759_cov_14.356061	210	290	6	2	80	0.0250000
NODE_13710_length_759_cov_14.356061	210	290	8	18	80	0.2250000
NODE_13710_length_759_cov_14.356061	210	290	10	48	80	0.6000000
NODE_13710_length_759_cov_14.356061	263	343	0	18	80	0.2250000
NODE_13710_length_759_cov_14.356061	263	343	2	7	80	0.0875000
NODE_13710_length_759_cov_14.356061	263	343	4	40	80	0.5000000
NODE_13710_length_759_cov_14.356061	263	343	8	8	80	0.1000000
NODE_13710_length_759_cov_14.356061	263	343	10	7	80	0.0875000
NODE_13711_length_759_cov_10.956061	328	408	0	49	80	0.6125000
NODE_13711_length_759_cov_10.956061	328	408	2	31	80	0.3875000
NODE_13711_length_759_cov_10.956061	381	461	2	80	80	1.0000000
NODE_13712_length_759_cov_10.639394	330	410	2	2	80	0.0250000
NODE_13712_length_759_cov_10.639394	330	410	6	16	80	0.2000000
NODE_13712_length_759_cov_10.639394	330	410	10	20	80	0.2500000
NODE_13712_length_759_cov_10.639394	330	410	12	42	80	0.5250000
NODE_13712_length_759_cov_10.639394	383	463	0	4	80	0.0500000
NODE_13712_length_759_cov_10.639394	383	463	6	17	80	0.2125000
NODE_13712_length_759_cov_10.639394	383	463	10	43	80	0.5375000
NODE_13712_length_759_cov_10.639394	383	463	12	16	80	0.2000000
NODE_13713_length_759_cov_9.192424	209	290	22	2	81	0.0246914
NODE_13713_length_759_cov_9.192424	209	290	24	7	81	0.0864198
NODE_13713_length_759_cov_9.192424	209	290	26	7	81	0.0864198
NODE_13713_length_759_cov_9.192424	209	290	27	3	81	0.0370370
NODE_13713_length_759_cov_9.192424	209	290	28	4	81	0.0493827
NODE_13713_length_759_cov_9.192424	209	290	29	5	81	0.0617284
NODE_13713_length_759_cov_9.192424	209	290	30	22	81	0.2716049
NODE_13713_length_759_cov_9.192424	209	290	32	31	81	0.3827161
NODE_13713_length_759_cov_9.192424	262	310	4	2	48	0.0416667
NODE_13713_length_759_cov_9.192424	262	310	6	3	48	0.0625000
NODE_13713_length_759_cov_9.192424	262	310	8	3	48	0.0625000
NODE_13713_length_759_cov_9.192424	262	310	10	1	48	0.0208333
NODE_13713_length_759_cov_9.192424	262	310	14	2	48	0.0416667
NODE_13713_length_759_cov_9.192424	262	310	16	4	48	0.0833333
NODE_13713_length_759_cov_9.192424	262	310	20	5	48	0.1041667
NODE_13713_length_759_cov_9.192424	262	310	22	2	48	0.0416667
NODE_13713_length_759_cov_9.192424	262	310	24	7	48	0.1458333
NODE_13713_length_759_cov_9.192424	262	310	26	7	48	0.1458333
NODE_13713_length_759_cov_9.192424	262	310	27	3	48	0.0625000
NODE_13713_length_759_cov_9.192424	262	310	29	5	48	0.1041667
NODE_13713_length_759_cov_9.192424	262	310	30	4	48	0.0833333
NODE_13714_length_759_cov_8.771212	292	372	2	41	80	0.5125000
NODE_13714_length_759_cov_8.771212	292	372	3	7	80	0.0875000
NODE_13714_length_759_cov_8.771212	292	372	6	32	80	0.4000000
NODE_13714_length_759_cov_8.771212	345	425	4	30	80	0.3750000
NODE_13714_length_759_cov_8.771212	345	425	6	50	80	0.6250000
NODE_13715_length_759_cov_8.650000	324	404	0	31	80	0.3875000
NODE_13715_length_759_cov_8.650000	324	404	2	23	80	0.2875000
NODE_13715_length_759_cov_8.650000	324	404	4	10	80	0.1250000
NODE_13715_length_759_cov_8.650000	324	404	5	10	80	0.1250000
NODE_13715_length_759_cov_8.650000	324	404	9	2	80	0.0250000
NODE_13715_length_759_cov_8.650000	324	404	10	4	80	0.0500000
NODE_13715_length_759_cov_8.650000	377	457	2	1	80	0.0125000
NODE_13715_length_759_cov_8.650000	377	457	4	10	80	0.1250000
NODE_13715_length_759_cov_8.650000	377	457	5	10	80	0.1250000
NODE_13715_length_759_cov_8.650000	377	457	9	2	80	0.0250000
NODE_13715_length_759_cov_8.650000	377	457	10	57	80	0.7125000
NODE_13716_length_759_cov_8.268182	604	684	2	70	80	0.8750000
NODE_13716_length_759_cov_8.268182	604	684	4	10	80	0.1250000
NODE_13716_length_759_cov_8.268182	657	737	2	25	80	0.3125000
NODE_13716_length_759_cov_8.268182	657	737	3	15	80	0.1875000
NODE_13716_length_759_cov_8.268182	657	737	4	40	80	0.5000000
NODE_13717_length_759_cov_6.833333	381	461	0	80	80	1.0000000
NODE_13717_length_759_cov_6.833333	434	515	0	81	81	1.0000000
NODE_13718_length_759_cov_6.407576	319	399	6	17	80	0.2125000
NODE_13718_length_759_cov_6.407576	319	399	8	12	80	0.1500000
NODE_13718_length_759_cov_6.407576	319	399	10	51	80	0.6375000
NODE_13718_length_759_cov_6.407576	372	452	0	32	80	0.4000000
NODE_13718_length_759_cov_6.407576	372	452	2	8	80	0.1000000
NODE_13718_length_759_cov_6.407576	372	452	6	30	80	0.3750000
NODE_13718_length_759_cov_6.407576	372	452	10	10	80	0.1250000
NODE_13725_length_759_cov_3.400000	355	435	0	20	80	0.2500000
NODE_13725_length_759_cov_3.400000	355	435	4	1	80	0.0125000
NODE_13725_length_759_cov_3.400000	355	435	6	11	80	0.1375000
NODE_13725_length_759_cov_3.400000	355	435	7	15	80	0.1875000
NODE_13725_length_759_cov_3.400000	355	435	8	33	80	0.4125000
NODE_13725_length_759_cov_3.400000	408	488	6	25	80	0.3125000
NODE_13725_length_759_cov_3.400000	408	488	8	55	80	0.6875000
NODE_13726_length_759_cov_3.346970	240	322	0	31	82	0.3780488
NODE_13726_length_759_cov_3.346970	240	322	6	51	82	0.6219512
NODE_13760_length_758_cov_38.414264	215	295	4	13	80	0.1625000
NODE_13760_length_758_cov_38.414264	215	295	8	67	80	0.8375000
NODE_13760_length_758_cov_38.414264	268	348	0	6	80	0.0750000
NODE_13760_length_758_cov_38.414264	268	348	4	57	80	0.7125000
NODE_13760_length_758_cov_38.414264	268	348	8	16	80	0.2000000
NODE_13760_length_758_cov_38.414264	268	348	13	1	80	0.0125000
NODE_13760_length_758_cov_38.414264	344	424	0	1	80	0.0125000
NODE_13760_length_758_cov_38.414264	344	424	8	2	80	0.0250000
NODE_13760_length_758_cov_38.414264	344	424	13	4	80	0.0500000
NODE_13760_length_758_cov_38.414264	344	424	14	22	80	0.2750000
NODE_13760_length_758_cov_38.414264	344	424	15	29	80	0.3625000
NODE_13760_length_758_cov_38.414264	344	424	16	19	80	0.2375000
NODE_13760_length_758_cov_38.414264	344	424	17	3	80	0.0375000
NODE_13760_length_758_cov_38.414264	397	477	2	1	80	0.0125000
NODE_13760_length_758_cov_38.414264	397	477	8	1	80	0.0125000
NODE_13760_length_758_cov_38.414264	397	477	9	4	80	0.0500000
NODE_13760_length_758_cov_38.414264	397	477	11	28	80	0.3500000
NODE_13760_length_758_cov_38.414264	397	477	15	24	80	0.3000000
NODE_13760_length_758_cov_38.414264	397	477	17	22	80	0.2750000
NODE_13761_length_758_cov_36.722307	331	411	2	30	80	0.3750000
NODE_13761_length_758_cov_36.722307	331	411	3	27	80	0.3375000
NODE_13761_length_758_cov_36.722307	331	411	4	14	80	0.1750000
NODE_13761_length_758_cov_36.722307	331	411	5	9	80	0.1125000
NODE_13761_length_758_cov_36.722307	384	464	3	17	80	0.2125000
NODE_13761_length_758_cov_36.722307	384	464	4	54	80	0.6750000
NODE_13761_length_758_cov_36.722307	384	464	5	9	80	0.1125000
NODE_13762_length_758_cov_29.910470	235	315	6	22	80	0.2750000
NODE_13762_length_758_cov_29.910470	235	315	8	40	80	0.5000000
NODE_13762_length_758_cov_29.910470	235	315	10	18	80	0.2250000
NODE_13762_length_758_cov_29.910470	288	368	4	30	80	0.3750000
NODE_13762_length_758_cov_29.910470	288	368	6	7	80	0.0875000
NODE_13762_length_758_cov_29.910470	288	368	8	34	80	0.4250000
NODE_13762_length_758_cov_29.910470	288	368	10	9	80	0.1125000
NODE_13763_length_758_cov_16.226100	386	466	0	39	80	0.4875000
NODE_13763_length_758_cov_16.226100	386	466	2	41	80	0.5125000
NODE_13763_length_758_cov_16.226100	439	519	0	8	80	0.1000000
NODE_13763_length_758_cov_16.226100	439	519	2	72	80	0.9000000
NODE_13764_length_758_cov_16.097117	311	391	4	10	80	0.1250000
NODE_13764_length_758_cov_16.097117	311	391	6	70	80	0.8750000
NODE_13764_length_758_cov_16.097117	364	444	0	4	80	0.0500000
NODE_13764_length_758_cov_16.097117	364	444	1	19	80	0.2375000
NODE_13764_length_758_cov_16.097117	364	444	3	25	80	0.3125000
NODE_13764_length_758_cov_16.097117	364	444	4	15	80	0.1875000
NODE_13764_length_758_cov_16.097117	364	444	6	17	80	0.2125000
NODE_13765_length_758_cov_15.525038	260	340	0	14	80	0.1750000
NODE_13765_length_758_cov_15.525038	260	340	2	66	80	0.8250000
NODE_13765_length_758_cov_15.525038	313	393	0	34	80	0.4250000
NODE_13765_length_758_cov_15.525038	313	393	2	46	80	0.5750000
NODE_13768_length_758_cov_9.153263	224	299	0	64	75	0.8533334
NODE_13768_length_758_cov_9.153263	224	299	2	11	75	0.1466667
NODE_13771_length_758_cov_4.241275	508	588	0	20	80	0.2500000
NODE_13771_length_758_cov_4.241275	508	588	6	42	80	0.5250000
NODE_13771_length_758_cov_4.241275	508	588	8	5	80	0.0625000
NODE_13771_length_758_cov_4.241275	508	588	12	13	80	0.1625000
NODE_13772_length_758_cov_3.902883	346	426	0	80	80	1.0000000
NODE_13772_length_758_cov_3.902883	399	479	0	80	80	1.0000000
NODE_13794_length_757_cov_49.057751	155	235	2	15	80	0.1875000
NODE_13794_length_757_cov_49.057751	155	235	4	65	80	0.8125000
NODE_13794_length_757_cov_49.057751	208	288	2	36	80	0.4500000
NODE_13794_length_757_cov_49.057751	208	288	4	44	80	0.5500000
NODE_13795_length_757_cov_29.954407	181	262	0	62	81	0.7654321
NODE_13795_length_757_cov_29.954407	181	262	4	19	81	0.2345679
NODE_13795_length_757_cov_29.954407	235	315	0	8	80	0.1000000
NODE_13795_length_757_cov_29.954407	235	315	4	72	80	0.9000000
NODE_13795_length_757_cov_29.954407	311	391	0	16	80	0.2000000
NODE_13795_length_757_cov_29.954407	311	391	4	64	80	0.8000000
NODE_13795_length_757_cov_29.954407	364	444	0	69	80	0.8625000
NODE_13795_length_757_cov_29.954407	364	444	4	11	80	0.1375000
NODE_13796_length_757_cov_25.565350	352	432	0	60	80	0.7500000
NODE_13796_length_757_cov_25.565350	352	432	2	1	80	0.0125000
NODE_13796_length_757_cov_25.565350	352	432	4	19	80	0.2375000
NODE_13796_length_757_cov_25.565350	405	483	0	7	78	0.0897436
NODE_13796_length_757_cov_25.565350	405	483	2	1	78	0.0128205
NODE_13796_length_757_cov_25.565350	405	483	4	23	78	0.2948718
NODE_13796_length_757_cov_25.565350	405	483	5	10	78	0.1282051
NODE_13796_length_757_cov_25.565350	405	483	6	37	78	0.4743590
NODE_13797_length_757_cov_18.338906	264	344	0	80	80	1.0000000
NODE_13797_length_757_cov_18.338906	317	397	0	80	80	1.0000000
NODE_13798_length_757_cov_15.879939	58	138	4	6	80	0.0750000
NODE_13798_length_757_cov_15.879939	58	138	6	6	80	0.0750000
NODE_13798_length_757_cov_15.879939	58	138	8	68	80	0.8500000
NODE_13798_length_757_cov_15.879939	111	191	4	48	80	0.6000000
NODE_13798_length_757_cov_15.879939	111	191	6	6	80	0.0750000
NODE_13798_length_757_cov_15.879939	111	191	8	26	80	0.3250000
NODE_13800_length_757_cov_15.291793	314	394	13	66	80	0.8250000
NODE_13800_length_757_cov_15.291793	314	394	14	14	80	0.1750000
NODE_13800_length_757_cov_15.291793	367	447	0	4	80	0.0500000
NODE_13800_length_757_cov_15.291793	367	447	2	26	80	0.3250000
NODE_13800_length_757_cov_15.291793	367	447	6	6	80	0.0750000
NODE_13800_length_757_cov_15.291793	367	447	9	4	80	0.0500000
NODE_13800_length_757_cov_15.291793	367	447	11	10	80	0.1250000
NODE_13800_length_757_cov_15.291793	367	447	13	30	80	0.3750000
NODE_13807_length_757_cov_3.182371	423	503	2	80	80	1.0000000
NODE_13807_length_757_cov_3.182371	476	556	0	20	80	0.2500000
NODE_13807_length_757_cov_3.182371	476	556	2	60	80	0.7500000
NODE_13832_length_756_cov_26.441400	287	367	0	43	80	0.5375000
NODE_13832_length_756_cov_26.441400	287	367	2	37	80	0.4625000
NODE_13832_length_756_cov_26.441400	340	420	0	80	80	1.0000000
NODE_13834_length_756_cov_13.097412	154	234	0	80	80	1.0000000
NODE_13834_length_756_cov_13.097412	207	287	0	80	80	1.0000000
NODE_13835_length_756_cov_12.732116	377	457	2	80	80	1.0000000
NODE_13836_length_756_cov_9.254186	241	321	0	5	80	0.0625000
NODE_13836_length_756_cov_9.254186	241	321	4	75	80	0.9375000
NODE_13836_length_756_cov_9.254186	294	374	4	80	80	1.0000000
NODE_13837_length_756_cov_8.304414	363	409	0	46	46	1.0000000
NODE_13838_length_756_cov_8.105023	271	351	0	80	80	1.0000000
NODE_13838_length_756_cov_8.105023	324	404	0	80	80	1.0000000
NODE_13840_length_756_cov_6.622527	431	511	2	21	80	0.2625000
NODE_13840_length_756_cov_6.622527	431	511	4	24	80	0.3000000
NODE_13840_length_756_cov_6.622527	431	511	6	35	80	0.4375000
NODE_13840_length_756_cov_6.622527	484	565	0	2	81	0.0246914
NODE_13840_length_756_cov_6.622527	484	565	4	76	81	0.9382716
NODE_13840_length_756_cov_6.622527	484	565	6	3	81	0.0370370
NODE_13888_length_755_cov_64.705793	303	383	0	43	80	0.5375000
NODE_13888_length_755_cov_64.705793	303	383	2	37	80	0.4625000
NODE_13888_length_755_cov_64.705793	356	436	2	80	80	1.0000000
NODE_13889_length_755_cov_58.214939	425	505	5	3	80	0.0375000
NODE_13889_length_755_cov_58.214939	425	505	8	1	80	0.0125000
NODE_13889_length_755_cov_58.214939	425	505	9	12	80	0.1500000
NODE_13889_length_755_cov_58.214939	425	505	13	14	80	0.1750000
NODE_13889_length_755_cov_58.214939	425	505	15	1	80	0.0125000
NODE_13889_length_755_cov_58.214939	425	505	16	41	80	0.5125000
NODE_13889_length_755_cov_58.214939	425	505	20	7	80	0.0875000
NODE_13889_length_755_cov_58.214939	425	505	22	1	80	0.0125000
NODE_13889_length_755_cov_58.214939	425	505	5	3	80	0.0375000
NODE_13889_length_755_cov_58.214939	425	505	8	1	80	0.0125000
NODE_13889_length_755_cov_58.214939	425	505	9	12	80	0.1500000
NODE_13889_length_755_cov_58.214939	425	505	13	14	80	0.1750000
NODE_13889_length_755_cov_58.214939	425	505	15	1	80	0.0125000
NODE_13889_length_755_cov_58.214939	425	505	16	41	80	0.5125000
NODE_13889_length_755_cov_58.214939	425	505	20	7	80	0.0875000
NODE_13889_length_755_cov_58.214939	425	505	22	1	80	0.0125000
NODE_13889_length_755_cov_58.214939	478	556	3	50	78	0.6410257
NODE_13889_length_755_cov_58.214939	478	556	5	4	78	0.0512821
NODE_13889_length_755_cov_58.214939	478	556	8	1	78	0.0128205
NODE_13889_length_755_cov_58.214939	478	556	9	12	78	0.1538462
NODE_13889_length_755_cov_58.214939	478	556	13	11	78	0.1410256
NODE_13889_length_755_cov_58.214939	478	556	3	50	78	0.6410257
NODE_13889_length_755_cov_58.214939	478	556	5	4	78	0.0512821
NODE_13889_length_755_cov_58.214939	478	556	8	1	78	0.0128205
NODE_13889_length_755_cov_58.214939	478	556	9	12	78	0.1538462
NODE_13889_length_755_cov_58.214939	478	556	13	11	78	0.1410256
NODE_13890_length_755_cov_25.945122	237	317	0	18	80	0.2250000
NODE_13890_length_755_cov_25.945122	237	317	2	37	80	0.4625000
NODE_13890_length_755_cov_25.945122	237	317	4	25	80	0.3125000
NODE_13890_length_755_cov_25.945122	290	370	0	6	80	0.0750000
NODE_13890_length_755_cov_25.945122	290	370	2	16	80	0.2000000
NODE_13890_length_755_cov_25.945122	290	370	4	58	80	0.7250000
NODE_13891_length_755_cov_24.263720	334	414	0	12	80	0.1500000
NODE_13891_length_755_cov_24.263720	334	414	2	28	80	0.3500000
NODE_13891_length_755_cov_24.263720	334	414	6	40	80	0.5000000
NODE_13891_length_755_cov_24.263720	387	467	0	65	80	0.8125000
NODE_13891_length_755_cov_24.263720	387	467	2	15	80	0.1875000
NODE_13892_length_755_cov_15.559451	306	386	0	80	80	1.0000000
NODE_13892_length_755_cov_15.559451	359	439	0	80	80	1.0000000
NODE_13894_length_755_cov_10.196646	332	412	0	80	80	1.0000000
NODE_13894_length_755_cov_10.196646	385	465	0	80	80	1.0000000
NODE_13895_length_755_cov_9.772866	210	290	0	18	80	0.2250000
NODE_13895_length_755_cov_9.772866	210	290	2	15	80	0.1875000
NODE_13895_length_755_cov_9.772866	210	290	4	17	80	0.2125000
NODE_13895_length_755_cov_9.772866	210	290	6	13	80	0.1625000
NODE_13895_length_755_cov_9.772866	210	290	8	17	80	0.2125000
NODE_13895_length_755_cov_9.772866	263	343	6	10	80	0.1250000
NODE_13895_length_755_cov_9.772866	263	343	8	70	80	0.8750000
NODE_13936_length_754_cov_87.432061	208	288	0	65	80	0.8125000
NODE_13936_length_754_cov_87.432061	208	288	2	15	80	0.1875000
NODE_13936_length_754_cov_87.432061	261	341	0	12	80	0.1500000
NODE_13936_length_754_cov_87.432061	261	341	2	68	80	0.8500000
NODE_13937_length_754_cov_16.549618	156	236	0	80	80	1.0000000
NODE_13937_length_754_cov_16.549618	209	289	0	80	80	1.0000000
NODE_13939_length_754_cov_9.068702	316	396	0	9	80	0.1125000
NODE_13939_length_754_cov_9.068702	316	396	1	11	80	0.1375000
NODE_13939_length_754_cov_9.068702	316	396	2	60	80	0.7500000
NODE_13939_length_754_cov_9.068702	369	449	2	80	80	1.0000000
NODE_13940_length_754_cov_5.925191	287	367	2	14	80	0.1750000
NODE_13940_length_754_cov_5.925191	287	367	4	66	80	0.8250000
NODE_13940_length_754_cov_5.925191	340	420	0	43	80	0.5375000
NODE_13940_length_754_cov_5.925191	340	420	1	5	80	0.0625000
NODE_13940_length_754_cov_5.925191	340	420	2	19	80	0.2375000
NODE_13940_length_754_cov_5.925191	340	420	4	13	80	0.1625000
NODE_13974_length_753_cov_10.434251	386	466	4	1	80	0.0125000
NODE_13974_length_753_cov_10.434251	386	466	6	22	80	0.2750000
NODE_13974_length_753_cov_10.434251	386	466	8	44	80	0.5500000
NODE_13974_length_753_cov_10.434251	386	466	10	13	80	0.1625000
NODE_13974_length_753_cov_10.434251	439	519	0	26	80	0.3250000
NODE_13974_length_753_cov_10.434251	439	519	2	10	80	0.1250000
NODE_13974_length_753_cov_10.434251	439	519	6	39	80	0.4875000
NODE_13974_length_753_cov_10.434251	439	519	8	5	80	0.0625000
NODE_13976_length_753_cov_7.056575	344	424	2	80	80	1.0000000
NODE_13976_length_753_cov_7.056575	397	477	0	50	80	0.6250000
NODE_13976_length_753_cov_7.056575	397	477	2	30	80	0.3750000
NODE_13977_length_753_cov_4.597859	321	401	0	80	80	1.0000000
NODE_13977_length_753_cov_4.597859	374	454	0	80	80	1.0000000
NODE_14003_length_752_cov_66.281776	617	697	15	9	80	0.1125000
NODE_14003_length_752_cov_66.281776	617	697	17	2	80	0.0250000
NODE_14003_length_752_cov_66.281776	617	697	19	7	80	0.0875000
NODE_14003_length_752_cov_66.281776	617	697	23	5	80	0.0625000
NODE_14003_length_752_cov_66.281776	617	697	25	5	80	0.0625000
NODE_14003_length_752_cov_66.281776	617	697	26	5	80	0.0625000
NODE_14003_length_752_cov_66.281776	617	697	27	38	80	0.4750000
NODE_14003_length_752_cov_66.281776	617	697	28	9	80	0.1125000
NODE_14003_length_752_cov_66.281776	670	751	0	23	81	0.2839506
NODE_14003_length_752_cov_66.281776	670	751	2	5	81	0.0617284
NODE_14003_length_752_cov_66.281776	670	751	4	3	81	0.0370370
NODE_14003_length_752_cov_66.281776	670	751	6	13	81	0.1604938
NODE_14003_length_752_cov_66.281776	670	751	11	1	81	0.0123457
NODE_14003_length_752_cov_66.281776	670	751	12	3	81	0.0370370
NODE_14003_length_752_cov_66.281776	670	751	13	2	81	0.0246914
NODE_14003_length_752_cov_66.281776	670	751	15	13	81	0.1604938
NODE_14003_length_752_cov_66.281776	670	751	17	2	81	0.0246914
NODE_14003_length_752_cov_66.281776	670	751	19	7	81	0.0864198
NODE_14003_length_752_cov_66.281776	670	751	23	5	81	0.0617284
NODE_14003_length_752_cov_66.281776	670	751	25	4	81	0.0493827
NODE_14004_length_752_cov_60.274119	193	273	4	53	80	0.6625000
NODE_14004_length_752_cov_60.274119	193	273	5	6	80	0.0750000
NODE_14004_length_752_cov_60.274119	193	273	6	21	80	0.2625000
NODE_14004_length_752_cov_60.274119	246	326	2	52	80	0.6500000
NODE_14004_length_752_cov_60.274119	246	326	5	6	80	0.0750000
NODE_14004_length_752_cov_60.274119	246	326	6	22	80	0.2750000
NODE_14005_length_752_cov_19.811639	299	379	2	6	80	0.0750000
NODE_14005_length_752_cov_19.811639	299	379	4	34	80	0.4250000
NODE_14005_length_752_cov_19.811639	299	379	5	1	80	0.0125000
NODE_14005_length_752_cov_19.811639	299	379	6	39	80	0.4875000
NODE_14005_length_752_cov_19.811639	352	432	0	18	80	0.2250000
NODE_14005_length_752_cov_19.811639	352	432	2	8	80	0.1000000
NODE_14005_length_752_cov_19.811639	352	432	4	46	80	0.5750000
NODE_14005_length_752_cov_19.811639	352	432	6	8	80	0.1000000
NODE_14006_length_752_cov_17.661562	118	198	8	68	80	0.8500000
NODE_14006_length_752_cov_17.661562	118	198	10	2	80	0.0250000
NODE_14006_length_752_cov_17.661562	118	198	12	10	80	0.1250000
NODE_14006_length_752_cov_17.661562	171	251	4	15	80	0.1875000
NODE_14006_length_752_cov_17.661562	171	251	6	2	80	0.0250000
NODE_14006_length_752_cov_17.661562	171	251	7	7	80	0.0875000
NODE_14006_length_752_cov_17.661562	171	251	8	15	80	0.1875000
NODE_14006_length_752_cov_17.661562	171	251	10	31	80	0.3875000
NODE_14006_length_752_cov_17.661562	171	251	12	10	80	0.1250000
NODE_14007_length_752_cov_13.275651	241	321	0	47	80	0.5875000
NODE_14007_length_752_cov_13.275651	241	321	6	33	80	0.4125000
NODE_14007_length_752_cov_13.275651	294	374	6	34	80	0.4250000
NODE_14007_length_752_cov_13.275651	294	374	8	46	80	0.5750000
NODE_14008_length_752_cov_10.928025	313	393	12	4	80	0.0500000
NODE_14008_length_752_cov_10.928025	313	393	13	21	80	0.2625000
NODE_14008_length_752_cov_10.928025	313	393	14	13	80	0.1625000
NODE_14008_length_752_cov_10.928025	313	393	18	2	80	0.0250000
NODE_14008_length_752_cov_10.928025	313	393	22	9	80	0.1125000
NODE_14008_length_752_cov_10.928025	313	393	24	9	80	0.1125000
NODE_14008_length_752_cov_10.928025	313	393	26	22	80	0.2750000
NODE_14011_length_752_cov_9.558959	249	329	0	34	80	0.4250000
NODE_14011_length_752_cov_9.558959	249	329	2	28	80	0.3500000
NODE_14011_length_752_cov_9.558959	249	329	4	18	80	0.2250000
NODE_14011_length_752_cov_9.558959	302	382	2	9	80	0.1125000
NODE_14011_length_752_cov_9.558959	302	382	4	71	80	0.8875000
NODE_14014_length_752_cov_8.281776	237	317	0	80	80	1.0000000
NODE_14014_length_752_cov_8.281776	290	370	0	80	80	1.0000000
NODE_14015_length_752_cov_8.082695	352	432	0	80	80	1.0000000
NODE_14015_length_752_cov_8.082695	405	485	0	80	80	1.0000000
NODE_14044_length_751_cov_20.730061	238	318	0	61	80	0.7625000
NODE_14044_length_751_cov_20.730061	238	318	2	19	80	0.2375000
NODE_14044_length_751_cov_20.730061	291	371	0	10	80	0.1250000
NODE_14044_length_751_cov_20.730061	291	371	2	70	80	0.8750000
NODE_14045_length_751_cov_18.478528	328	409	0	53	81	0.6543210
NODE_14045_length_751_cov_18.478528	328	409	2	20	81	0.2469136
NODE_14045_length_751_cov_18.478528	328	409	4	3	81	0.0370370
NODE_14045_length_751_cov_18.478528	328	409	6	1	81	0.0123457
NODE_14045_length_751_cov_18.478528	328	409	8	4	81	0.0493827
NODE_14045_length_751_cov_18.478528	382	462	2	19	80	0.2375000
NODE_14045_length_751_cov_18.478528	382	462	4	3	80	0.0375000
NODE_14045_length_751_cov_18.478528	382	462	6	1	80	0.0125000
NODE_14045_length_751_cov_18.478528	382	462	8	57	80	0.7125000
NODE_14046_length_751_cov_13.016871	172	252	0	80	80	1.0000000
NODE_14046_length_751_cov_13.016871	225	305	0	80	80	1.0000000
NODE_14047_length_751_cov_12.363497	397	477	0	80	80	1.0000000
NODE_14047_length_751_cov_12.363497	450	530	0	37	80	0.4625000
NODE_14047_length_751_cov_12.363497	450	530	2	43	80	0.5375000
NODE_14085_length_750_cov_46.371736	396	476	12	14	80	0.1750000
NODE_14085_length_750_cov_46.371736	396	476	14	61	80	0.7625000
NODE_14085_length_750_cov_46.371736	396	476	17	1	80	0.0125000
NODE_14085_length_750_cov_46.371736	396	476	18	4	80	0.0500000
NODE_14085_length_750_cov_46.371736	449	529	4	34	80	0.4250000
NODE_14085_length_750_cov_46.371736	449	529	6	3	80	0.0375000
NODE_14085_length_750_cov_46.371736	449	529	10	14	80	0.1750000
NODE_14085_length_750_cov_46.371736	449	529	12	3	80	0.0375000
NODE_14085_length_750_cov_46.371736	449	529	14	21	80	0.2625000
NODE_14085_length_750_cov_46.371736	449	529	17	1	80	0.0125000
NODE_14085_length_750_cov_46.371736	449	529	18	4	80	0.0500000
NODE_14086_length_750_cov_24.428571	524	604	8	4	80	0.0500000
NODE_14086_length_750_cov_24.428571	524	604	13	1	80	0.0125000
NODE_14086_length_750_cov_24.428571	524	604	14	1	80	0.0125000
NODE_14086_length_750_cov_24.428571	524	604	16	1	80	0.0125000
NODE_14086_length_750_cov_24.428571	524	604	18	2	80	0.0250000
NODE_14086_length_750_cov_24.428571	524	604	22	13	80	0.1625000
NODE_14086_length_750_cov_24.428571	524	604	24	23	80	0.2875000
NODE_14086_length_750_cov_24.428571	524	604	25	14	80	0.1750000
NODE_14086_length_750_cov_24.428571	524	604	26	21	80	0.2625000
NODE_14086_length_750_cov_24.428571	683	746	0	63	63	1.0000000
NODE_14087_length_750_cov_24.311828	325	405	2	12	80	0.1500000
NODE_14087_length_750_cov_24.311828	325	405	4	5	80	0.0625000
NODE_14087_length_750_cov_24.311828	325	405	6	53	80	0.6625000
NODE_14087_length_750_cov_24.311828	325	405	17	9	80	0.1125000
NODE_14087_length_750_cov_24.311828	325	405	19	1	80	0.0125000
NODE_14087_length_750_cov_24.311828	378	458	2	12	80	0.1500000
NODE_14087_length_750_cov_24.311828	378	458	4	5	80	0.0625000
NODE_14087_length_750_cov_24.311828	378	458	17	62	80	0.7750000
NODE_14087_length_750_cov_24.311828	378	458	19	1	80	0.0125000
NODE_14089_length_750_cov_8.529954	336	416	8	80	80	1.0000000
NODE_14089_length_750_cov_8.529954	395	469	0	22	74	0.2972973
NODE_14089_length_750_cov_8.529954	395	469	8	52	74	0.7027027
NODE_14137_length_749_cov_18.986154	221	301	10	19	80	0.2375000
NODE_14137_length_749_cov_18.986154	221	301	11	46	80	0.5750000
NODE_14137_length_749_cov_18.986154	221	301	12	15	80	0.1875000
NODE_14137_length_749_cov_18.986154	274	354	0	33	80	0.4125000
NODE_14137_length_749_cov_18.986154	274	354	2	8	80	0.1000000
NODE_14137_length_749_cov_18.986154	274	354	11	39	80	0.4875000
NODE_14138_length_749_cov_18.836923	273	355	0	5	82	0.0609756
NODE_14138_length_749_cov_18.836923	273	355	4	77	82	0.9390244
NODE_14138_length_749_cov_18.836923	328	408	1	3	80	0.0375000
NODE_14138_length_749_cov_18.836923	328	408	2	6	80	0.0750000
NODE_14138_length_749_cov_18.836923	328	408	4	45	80	0.5625000
NODE_14138_length_749_cov_18.836923	328	408	5	26	80	0.3250000
NODE_14138_length_749_cov_18.836923	404	484	2	9	80	0.1125000
NODE_14138_length_749_cov_18.836923	404	484	3	7	80	0.0875000
NODE_14138_length_749_cov_18.836923	404	484	5	19	80	0.2375000
NODE_14138_length_749_cov_18.836923	404	484	7	10	80	0.1250000
NODE_14138_length_749_cov_18.836923	404	484	9	19	80	0.2375000
NODE_14138_length_749_cov_18.836923	404	484	10	16	80	0.2000000
NODE_14138_length_749_cov_18.836923	457	535	7	12	78	0.1538462
NODE_14138_length_749_cov_18.836923	457	535	8	7	78	0.0897436
NODE_14138_length_749_cov_18.836923	457	535	9	11	78	0.1410256
NODE_14138_length_749_cov_18.836923	457	535	10	48	78	0.6153846
NODE_14139_length_749_cov_16.160000	232	253	7	14	21	0.6666667
NODE_14139_length_749_cov_16.160000	232	253	9	7	21	0.3333333
NODE_14139_length_749_cov_16.160000	232	306	7	14	74	0.1891892
NODE_14139_length_749_cov_16.160000	232	306	8	38	74	0.5135135
NODE_14139_length_749_cov_16.160000	232	306	9	22	74	0.2972973
NODE_14140_length_749_cov_16.115385	307	387	0	9	80	0.1125000
NODE_14140_length_749_cov_16.115385	307	387	2	71	80	0.8875000
NODE_14140_length_749_cov_16.115385	360	440	0	62	80	0.7750000
NODE_14140_length_749_cov_16.115385	360	440	2	18	80	0.2250000
NODE_14141_length_749_cov_11.210769	340	420	0	80	80	1.0000000
NODE_14141_length_749_cov_11.210769	393	473	0	80	80	1.0000000
NODE_14142_length_749_cov_8.424615	372	452	0	80	80	1.0000000
NODE_14142_length_749_cov_8.424615	425	505	0	80	80	1.0000000
NODE_14145_length_749_cov_4.521538	550	630	0	26	80	0.3250000
NODE_14145_length_749_cov_4.521538	550	630	2	54	80	0.6750000
NODE_14145_length_749_cov_4.521538	603	683	2	80	80	1.0000000
NODE_14185_length_748_cov_55.348228	393	473	0	31	80	0.3875000
NODE_14185_length_748_cov_55.348228	393	473	6	3	80	0.0375000
NODE_14185_length_748_cov_55.348228	393	473	8	22	80	0.2750000
NODE_14185_length_748_cov_55.348228	393	473	10	24	80	0.3000000
NODE_14185_length_748_cov_55.348228	446	526	4	12	80	0.1500000
NODE_14185_length_748_cov_55.348228	446	526	8	3	80	0.0375000
NODE_14185_length_748_cov_55.348228	446	526	10	65	80	0.8125000
NODE_14186_length_748_cov_51.838213	369	449	4	80	80	1.0000000
NODE_14186_length_748_cov_51.838213	422	502	0	48	80	0.6000000
NODE_14186_length_748_cov_51.838213	422	502	2	4	80	0.0500000
NODE_14186_length_748_cov_51.838213	422	502	4	28	80	0.3500000
NODE_14187_length_748_cov_46.952234	293	373	2	26	80	0.3250000
NODE_14187_length_748_cov_46.952234	293	373	4	54	80	0.6750000
NODE_14187_length_748_cov_46.952234	346	426	0	27	80	0.3375000
NODE_14187_length_748_cov_46.952234	346	426	2	11	80	0.1375000
NODE_14187_length_748_cov_46.952234	346	426	4	42	80	0.5250000
NODE_14188_length_748_cov_45.001541	272	352	0	4	80	0.0500000
NODE_14188_length_748_cov_45.001541	272	352	2	76	80	0.9500000
NODE_14188_length_748_cov_45.001541	325	405	0	57	80	0.7125000
NODE_14188_length_748_cov_45.001541	325	405	2	23	80	0.2875000
NODE_14189_length_748_cov_34.355932	488	568	6	34	80	0.4250000
NODE_14189_length_748_cov_34.355932	488	568	8	24	80	0.3000000
NODE_14189_length_748_cov_34.355932	488	568	14	7	80	0.0875000
NODE_14189_length_748_cov_34.355932	488	568	15	6	80	0.0750000
NODE_14189_length_748_cov_34.355932	488	568	16	8	80	0.1000000
NODE_14189_length_748_cov_34.355932	488	568	17	1	80	0.0125000
NODE_14189_length_748_cov_34.355932	541	621	8	5	80	0.0625000
NODE_14189_length_748_cov_34.355932	541	621	14	10	80	0.1250000
NODE_14189_length_748_cov_34.355932	541	621	15	50	80	0.6250000
NODE_14189_length_748_cov_34.355932	541	621	16	14	80	0.1750000
NODE_14189_length_748_cov_34.355932	541	621	17	1	80	0.0125000
NODE_14190_length_748_cov_25.972265	297	377	0	7	80	0.0875000
NODE_14190_length_748_cov_25.972265	297	377	2	3	80	0.0375000
NODE_14190_length_748_cov_25.972265	297	377	5	70	80	0.8750000
NODE_14190_length_748_cov_25.972265	350	430	0	7	80	0.0875000
NODE_14190_length_748_cov_25.972265	350	430	2	56	80	0.7000000
NODE_14190_length_748_cov_25.972265	350	430	5	17	80	0.2125000
NODE_14191_length_748_cov_21.050847	362	442	7	2	80	0.0250000
NODE_14191_length_748_cov_21.050847	362	442	8	16	80	0.2000000
NODE_14191_length_748_cov_21.050847	362	442	9	8	80	0.1000000
NODE_14191_length_748_cov_21.050847	362	442	13	14	80	0.1750000
NODE_14191_length_748_cov_21.050847	362	442	14	40	80	0.5000000
NODE_14191_length_748_cov_21.050847	415	495	6	1	80	0.0125000
NODE_14191_length_748_cov_21.050847	415	495	8	32	80	0.4000000
NODE_14191_length_748_cov_21.050847	415	495	13	34	80	0.4250000
NODE_14191_length_748_cov_21.050847	415	495	14	13	80	0.1625000
NODE_14192_length_748_cov_20.682589	353	433	0	46	80	0.5750000
NODE_14192_length_748_cov_20.682589	353	433	2	34	80	0.4250000
NODE_14192_length_748_cov_20.682589	406	486	2	80	80	1.0000000
NODE_14193_length_748_cov_19.081664	261	341	0	26	80	0.3250000
NODE_14193_length_748_cov_19.081664	261	341	3	3	80	0.0375000
NODE_14193_length_748_cov_19.081664	261	341	6	51	80	0.6375000
NODE_14193_length_748_cov_19.081664	314	394	6	36	80	0.4500000
NODE_14193_length_748_cov_19.081664	314	394	9	1	80	0.0125000
NODE_14193_length_748_cov_19.081664	314	394	10	43	80	0.5375000
NODE_14193_length_748_cov_19.081664	390	470	10	37	80	0.4625000
NODE_14193_length_748_cov_19.081664	390	470	12	14	80	0.1750000
NODE_14193_length_748_cov_19.081664	390	470	15	9	80	0.1125000
NODE_14193_length_748_cov_19.081664	390	470	16	7	80	0.0875000
NODE_14193_length_748_cov_19.081664	390	470	17	2	80	0.0250000
NODE_14193_length_748_cov_19.081664	390	470	18	7	80	0.0875000
NODE_14193_length_748_cov_19.081664	390	470	20	4	80	0.0500000
NODE_14193_length_748_cov_19.081664	443	522	12	66	79	0.8354430
NODE_14193_length_748_cov_19.081664	443	522	15	6	79	0.0759494
NODE_14193_length_748_cov_19.081664	443	522	16	7	79	0.0886076
NODE_14194_length_748_cov_16.579353	81	161	0	2	80	0.0250000
NODE_14194_length_748_cov_16.579353	81	161	2	3	80	0.0375000
NODE_14194_length_748_cov_16.579353	81	161	4	75	80	0.9375000
NODE_14194_length_748_cov_16.579353	134	214	0	47	80	0.5875000
NODE_14194_length_748_cov_16.579353	134	214	2	3	80	0.0375000
NODE_14194_length_748_cov_16.579353	134	214	4	22	80	0.2750000
NODE_14194_length_748_cov_16.579353	134	214	12	8	80	0.1000000
NODE_14194_length_748_cov_16.579353	210	290	12	50	80	0.6250000
NODE_14194_length_748_cov_16.579353	210	290	14	30	80	0.3750000
NODE_14194_length_748_cov_16.579353	263	343	2	45	80	0.5625000
NODE_14194_length_748_cov_16.579353	263	343	13	1	80	0.0125000
NODE_14194_length_748_cov_16.579353	263	343	14	34	80	0.4250000
NODE_14196_length_748_cov_11.983051	375	455	2	80	80	1.0000000
NODE_14196_length_748_cov_11.983051	428	508	0	46	80	0.5750000
NODE_14196_length_748_cov_11.983051	428	508	2	34	80	0.4250000
NODE_14197_length_748_cov_11.474576	257	337	0	23	80	0.2875000
NODE_14197_length_748_cov_11.474576	257	337	6	57	80	0.7125000
NODE_14197_length_748_cov_11.474576	310	390	0	76	80	0.9500000
NODE_14197_length_748_cov_11.474576	310	390	6	4	80	0.0500000
NODE_14200_length_748_cov_7.979969	223	303	2	47	80	0.5875000
NODE_14200_length_748_cov_7.979969	223	303	4	24	80	0.3000000
NODE_14200_length_748_cov_7.979969	223	303	6	9	80	0.1125000
NODE_14200_length_748_cov_7.979969	276	356	0	8	80	0.1000000
NODE_14200_length_748_cov_7.979969	276	356	4	69	80	0.8625000
NODE_14200_length_748_cov_7.979969	276	356	6	3	80	0.0375000
NODE_14240_length_747_cov_24.279321	205	285	0	80	80	1.0000000
NODE_14240_length_747_cov_24.279321	258	338	0	80	80	1.0000000
NODE_14241_length_747_cov_15.438272	352	432	2	80	80	1.0000000
NODE_14241_length_747_cov_15.438272	405	485	0	45	80	0.5625000
NODE_14241_length_747_cov_15.438272	405	485	2	35	80	0.4375000
NODE_14244_length_747_cov_7.979938	237	317	0	72	80	0.9000000
NODE_14244_length_747_cov_7.979938	237	317	2	8	80	0.1000000
NODE_14244_length_747_cov_7.979938	290	370	0	19	80	0.2375000
NODE_14244_length_747_cov_7.979938	290	370	2	61	80	0.7625000
NODE_14248_length_747_cov_4.918210	157	237	0	8	80	0.1000000
NODE_14248_length_747_cov_4.918210	157	237	4	72	80	0.9000000
NODE_14248_length_747_cov_4.918210	210	290	0	3	80	0.0375000
NODE_14248_length_747_cov_4.918210	210	290	4	77	80	0.9625000
NODE_14277_length_746_cov_44.041731	153	233	0	9	80	0.1125000
NODE_14277_length_746_cov_44.041731	153	233	2	26	80	0.3250000
NODE_14277_length_746_cov_44.041731	153	233	4	45	80	0.5625000
NODE_14277_length_746_cov_44.041731	206	286	2	18	80	0.2250000
NODE_14277_length_746_cov_44.041731	206	286	4	62	80	0.7750000
NODE_14278_length_746_cov_24.435858	334	414	2	52	80	0.6500000
NODE_14278_length_746_cov_24.435858	334	414	4	6	80	0.0750000
NODE_14278_length_746_cov_24.435858	334	414	6	22	80	0.2750000
NODE_14278_length_746_cov_24.435858	387	467	4	5	80	0.0625000
NODE_14278_length_746_cov_24.435858	387	467	5	51	80	0.6375000
NODE_14278_length_746_cov_24.435858	387	467	6	24	80	0.3000000
NODE_14279_length_746_cov_20.225657	114	194	0	64	80	0.8000000
NODE_14279_length_746_cov_20.225657	114	194	2	16	80	0.2000000
NODE_14279_length_746_cov_20.225657	167	247	0	11	80	0.1375000
NODE_14279_length_746_cov_20.225657	167	247	2	69	80	0.8625000
NODE_14280_length_746_cov_17.919629	330	410	0	36	80	0.4500000
NODE_14280_length_746_cov_17.919629	330	410	2	44	80	0.5500000
NODE_14280_length_746_cov_17.919629	383	463	0	17	80	0.2125000
NODE_14280_length_746_cov_17.919629	383	463	2	63	80	0.7875000
NODE_14281_length_746_cov_17.523957	292	372	2	33	80	0.4125000
NODE_14281_length_746_cov_17.523957	292	372	4	2	80	0.0250000
NODE_14281_length_746_cov_17.523957	292	372	5	1	80	0.0125000
NODE_14281_length_746_cov_17.523957	292	372	6	44	80	0.5500000
NODE_14281_length_746_cov_17.523957	345	425	4	2	80	0.0250000
NODE_14281_length_746_cov_17.523957	345	425	6	78	80	0.9750000
NODE_14282_length_746_cov_17.214838	306	386	0	80	80	1.0000000
NODE_14282_length_746_cov_17.214838	359	439	0	80	80	1.0000000
NODE_14283_length_746_cov_16.765070	344	424	2	20	80	0.2500000
NODE_14283_length_746_cov_16.765070	344	424	4	4	80	0.0500000
NODE_14283_length_746_cov_16.765070	344	424	5	13	80	0.1625000
NODE_14283_length_746_cov_16.765070	344	424	6	6	80	0.0750000
NODE_14283_length_746_cov_16.765070	344	424	10	37	80	0.4625000
NODE_14283_length_746_cov_16.765070	397	477	6	10	80	0.1250000
NODE_14283_length_746_cov_16.765070	397	477	8	12	80	0.1500000
NODE_14283_length_746_cov_16.765070	397	477	10	58	80	0.7250000
NODE_14284_length_746_cov_13.153014	126	206	0	80	80	1.0000000
NODE_14284_length_746_cov_13.153014	179	259	0	80	80	1.0000000
NODE_14284_length_746_cov_13.153014	244	263	0	19	19	1.0000000
NODE_14285_length_746_cov_12.316847	364	442	0	6	78	0.0769231
NODE_14285_length_746_cov_12.316847	364	442	2	72	78	0.9230769
NODE_14286_length_746_cov_11.301391	349	429	0	2	80	0.0250000
NODE_14286_length_746_cov_11.301391	349	429	2	78	80	0.9750000
NODE_14286_length_746_cov_11.301391	402	482	2	80	80	1.0000000
NODE_14302_length_746_cov_2.639876	331	411	0	80	80	1.0000000
NODE_14307_length_746_cov_1.879444	435	502	0	67	67	1.0000000
NODE_14310_length_746_cov_1.727975	65	121	0	56	56	1.0000000
NODE_14310_length_746_cov_1.727975	494	540	2	1	46	0.0217391
NODE_14310_length_746_cov_1.727975	494	540	4	45	46	0.9782609
NODE_14329_length_745_cov_40.360681	257	337	0	80	80	1.0000000
NODE_14329_length_745_cov_40.360681	310	390	0	80	80	1.0000000
NODE_14330_length_745_cov_30.817337	339	419	2	19	80	0.2375000
NODE_14330_length_745_cov_30.817337	339	419	4	61	80	0.7625000
NODE_14330_length_745_cov_30.817337	392	459	2	9	67	0.1343284
NODE_14330_length_745_cov_30.817337	392	459	4	37	67	0.5522388
NODE_14330_length_745_cov_30.817337	392	459	6	21	67	0.3134328
NODE_14335_length_745_cov_8.620743	225	275	0	50	50	1.0000000
NODE_14335_length_745_cov_8.620743	248	328	0	80	80	1.0000000
NODE_14343_length_745_cov_3.922601	249	280	18	22	31	0.7096774
NODE_14343_length_745_cov_3.922601	249	280	20	9	31	0.2903226
NODE_14343_length_745_cov_3.922601	253	333	18	18	80	0.2250000
NODE_14343_length_745_cov_3.922601	253	333	20	62	80	0.7750000
NODE_14381_length_744_cov_44.953488	553	633	0	4	80	0.0500000
NODE_14381_length_744_cov_44.953488	553	633	1	11	80	0.1375000
NODE_14381_length_744_cov_44.953488	553	633	2	65	80	0.8125000
NODE_14381_length_744_cov_44.953488	553	633	0	4	80	0.0500000
NODE_14381_length_744_cov_44.953488	553	633	1	11	80	0.1375000
NODE_14381_length_744_cov_44.953488	553	633	2	65	80	0.8125000
NODE_14381_length_744_cov_44.953488	553	633	0	4	80	0.0500000
NODE_14381_length_744_cov_44.953488	553	633	1	11	80	0.1375000
NODE_14381_length_744_cov_44.953488	553	633	2	65	80	0.8125000
NODE_14381_length_744_cov_44.953488	553	633	0	4	80	0.0500000
NODE_14381_length_744_cov_44.953488	553	633	1	11	80	0.1375000
NODE_14381_length_744_cov_44.953488	553	633	2	65	80	0.8125000
NODE_14382_length_744_cov_35.333333	163	243	4	20	80	0.2500000
NODE_14382_length_744_cov_35.333333	163	243	18	6	80	0.0750000
NODE_14382_length_744_cov_35.333333	163	243	26	10	80	0.1250000
NODE_14382_length_744_cov_35.333333	163	243	27	1	80	0.0125000
NODE_14382_length_744_cov_35.333333	163	243	28	43	80	0.5375000
NODE_14382_length_744_cov_35.333333	216	296	24	43	80	0.5375000
NODE_14382_length_744_cov_35.333333	216	296	26	20	80	0.2500000
NODE_14382_length_744_cov_35.333333	216	296	28	17	80	0.2125000
NODE_14382_length_744_cov_35.333333	292	372	0	12	80	0.1500000
NODE_14382_length_744_cov_35.333333	292	372	2	40	80	0.5000000
NODE_14382_length_744_cov_35.333333	292	372	10	4	80	0.0500000
NODE_14382_length_744_cov_35.333333	292	372	24	24	80	0.3000000
NODE_14382_length_744_cov_35.333333	345	425	2	80	80	1.0000000
NODE_14383_length_744_cov_34.503876	294	374	8	80	80	1.0000000
NODE_14383_length_744_cov_34.503876	347	427	0	24	80	0.3000000
NODE_14383_length_744_cov_34.503876	347	427	2	10	80	0.1250000
NODE_14383_length_744_cov_34.503876	347	427	8	46	80	0.5750000
NODE_14384_length_744_cov_32.282171	333	403	1	60	70	0.8571429
NODE_14384_length_744_cov_32.282171	333	403	2	10	70	0.1428571
NODE_14384_length_744_cov_32.282171	440	520	2	1	80	0.0125000
NODE_14384_length_744_cov_32.282171	440	520	3	2	80	0.0250000
NODE_14384_length_744_cov_32.282171	440	520	11	1	80	0.0125000
NODE_14384_length_744_cov_32.282171	440	520	12	6	80	0.0750000
NODE_14384_length_744_cov_32.282171	440	520	16	39	80	0.4875000
NODE_14384_length_744_cov_32.282171	440	520	18	31	80	0.3875000
NODE_14384_length_744_cov_32.282171	493	573	0	4	80	0.0500000
NODE_14384_length_744_cov_32.282171	493	573	1	6	80	0.0750000
NODE_14384_length_744_cov_32.282171	493	573	12	1	80	0.0125000
NODE_14384_length_744_cov_32.282171	493	573	13	19	80	0.2375000
NODE_14384_length_744_cov_32.282171	493	573	14	9	80	0.1125000
NODE_14384_length_744_cov_32.282171	493	573	17	1	80	0.0125000
NODE_14384_length_744_cov_32.282171	493	573	18	40	80	0.5000000
NODE_14390_length_744_cov_4.537984	260	340	0	34	80	0.4250000
NODE_14390_length_744_cov_4.537984	260	340	4	46	80	0.5750000
NODE_14390_length_744_cov_4.537984	313	393	0	1	80	0.0125000
NODE_14390_length_744_cov_4.537984	313	393	4	79	80	0.9875000
NODE_14396_length_744_cov_2.784496	335	387	0	10	52	0.1923077
NODE_14396_length_744_cov_2.784496	335	387	2	42	52	0.8076923
NODE_14396_length_744_cov_2.784496	360	437	2	77	77	1.0000000
NODE_14427_length_743_cov_26.369565	354	434	4	9	80	0.1125000
NODE_14427_length_743_cov_26.369565	354	434	6	33	80	0.4125000
NODE_14427_length_743_cov_26.369565	354	434	10	38	80	0.4750000
NODE_14427_length_743_cov_26.369565	407	487	4	9	80	0.1125000
NODE_14427_length_743_cov_26.369565	407	487	8	14	80	0.1750000
NODE_14427_length_743_cov_26.369565	407	487	10	57	80	0.7125000
NODE_14428_length_743_cov_21.759317	138	218	2	32	80	0.4000000
NODE_14428_length_743_cov_21.759317	138	218	7	11	80	0.1375000
NODE_14428_length_743_cov_21.759317	138	218	8	4	80	0.0500000
NODE_14428_length_743_cov_21.759317	138	218	10	33	80	0.4125000
NODE_14428_length_743_cov_21.759317	191	271	4	4	80	0.0500000
NODE_14428_length_743_cov_21.759317	191	271	6	1	80	0.0125000
NODE_14428_length_743_cov_21.759317	191	271	8	12	80	0.1500000
NODE_14428_length_743_cov_21.759317	191	271	10	63	80	0.7875000
NODE_14429_length_743_cov_18.173913	213	293	0	80	80	1.0000000
NODE_14429_length_743_cov_18.173913	266	346	0	80	80	1.0000000
NODE_14431_length_743_cov_17.066770	400	480	0	6	80	0.0750000
NODE_14431_length_743_cov_17.066770	400	480	2	12	80	0.1500000
NODE_14431_length_743_cov_17.066770	400	480	4	62	80	0.7750000
NODE_14431_length_743_cov_17.066770	453	532	0	27	79	0.3417721
NODE_14431_length_743_cov_17.066770	453	532	2	3	79	0.0379747
NODE_14431_length_743_cov_17.066770	453	532	4	49	79	0.6202531
NODE_14432_length_743_cov_16.354037	350	430	2	10	80	0.1250000
NODE_14432_length_743_cov_16.354037	350	430	4	11	80	0.1375000
NODE_14432_length_743_cov_16.354037	350	430	8	20	80	0.2500000
NODE_14432_length_743_cov_16.354037	350	430	10	39	80	0.4875000
NODE_14432_length_743_cov_16.354037	403	483	8	62	80	0.7750000
NODE_14432_length_743_cov_16.354037	403	483	10	18	80	0.2250000
NODE_14433_length_743_cov_15.667702	220	300	0	80	80	1.0000000
NODE_14433_length_743_cov_15.667702	273	353	0	80	80	1.0000000
NODE_14433_length_743_cov_15.667702	349	429	0	80	80	1.0000000
NODE_14433_length_743_cov_15.667702	402	482	0	80	80	1.0000000
NODE_14434_length_743_cov_14.975155	289	362	0	16	73	0.2191781
NODE_14434_length_743_cov_14.975155	289	362	2	57	73	0.7808219
NODE_14435_length_743_cov_14.100932	232	312	0	49	80	0.6125000
NODE_14435_length_743_cov_14.100932	232	312	2	23	80	0.2875000
NODE_14435_length_743_cov_14.100932	232	312	4	8	80	0.1000000
NODE_14435_length_743_cov_14.100932	285	365	2	41	80	0.5125000
NODE_14435_length_743_cov_14.100932	285	365	4	39	80	0.4875000
NODE_14435_length_743_cov_14.100932	361	441	0	59	80	0.7375000
NODE_14435_length_743_cov_14.100932	361	441	2	21	80	0.2625000
NODE_14435_length_743_cov_14.100932	414	494	0	80	80	1.0000000
NODE_14436_length_743_cov_12.968944	268	348	0	26	80	0.3250000
NODE_14436_length_743_cov_12.968944	268	348	2	54	80	0.6750000
NODE_14436_length_743_cov_12.968944	321	401	2	80	80	1.0000000
NODE_14437_length_743_cov_12.847826	485	565	0	17	80	0.2125000
NODE_14437_length_743_cov_12.847826	485	565	2	63	80	0.7875000
NODE_14437_length_743_cov_12.847826	538	618	0	70	80	0.8750000
NODE_14437_length_743_cov_12.847826	538	618	2	10	80	0.1250000
NODE_14438_length_743_cov_11.871118	403	483	0	80	80	1.0000000
NODE_14438_length_743_cov_11.871118	456	536	0	80	80	1.0000000
NODE_14439_length_743_cov_11.760870	337	417	0	25	80	0.3125000
NODE_14439_length_743_cov_11.760870	337	417	2	55	80	0.6875000
NODE_14439_length_743_cov_11.760870	390	470	2	80	80	1.0000000
NODE_14440_length_743_cov_9.006211	351	431	0	80	80	1.0000000
NODE_14440_length_743_cov_9.006211	404	484	0	80	80	1.0000000
NODE_14441_length_743_cov_8.063665	290	370	8	80	80	1.0000000
NODE_14441_length_743_cov_8.063665	343	423	0	36	80	0.4500000
NODE_14441_length_743_cov_8.063665	343	423	4	4	80	0.0500000
NODE_14441_length_743_cov_8.063665	343	423	8	40	80	0.5000000
NODE_14456_length_743_cov_2.029503	260	284	0	24	24	1.0000000
NODE_14456_length_743_cov_2.029503	301	363	0	62	62	1.0000000
NODE_14473_length_743_cov_0.989130	592	670	0	3	78	0.0384615
NODE_14473_length_743_cov_0.989130	592	670	2	3	78	0.0384615
NODE_14473_length_743_cov_0.989130	592	670	4	9	78	0.1153846
NODE_14473_length_743_cov_0.989130	592	670	11	8	78	0.1025641
NODE_14473_length_743_cov_0.989130	592	670	13	55	78	0.7051282
NODE_14477_length_742_cov_23.664075	271	351	0	2	80	0.0250000
NODE_14477_length_742_cov_23.664075	271	351	2	34	80	0.4250000
NODE_14477_length_742_cov_23.664075	271	351	6	44	80	0.5500000
NODE_14477_length_742_cov_23.664075	324	404	4	23	80	0.2875000
NODE_14477_length_742_cov_23.664075	324	404	6	57	80	0.7125000
NODE_14478_length_742_cov_19.488336	288	368	2	18	80	0.2250000
NODE_14478_length_742_cov_19.488336	288	368	4	7	80	0.0875000
NODE_14478_length_742_cov_19.488336	288	368	6	7	80	0.0875000
NODE_14478_length_742_cov_19.488336	288	368	8	48	80	0.6000000
NODE_14478_length_742_cov_19.488336	341	421	2	71	80	0.8875000
NODE_14478_length_742_cov_19.488336	341	421	4	2	80	0.0250000
NODE_14478_length_742_cov_19.488336	341	421	6	7	80	0.0875000
NODE_14479_length_742_cov_18.528771	319	399	0	35	80	0.4375000
NODE_14479_length_742_cov_18.528771	319	399	2	30	80	0.3750000
NODE_14479_length_742_cov_18.528771	319	399	4	15	80	0.1875000
NODE_14479_length_742_cov_18.528771	372	452	2	23	80	0.2875000
NODE_14479_length_742_cov_18.528771	372	452	4	57	80	0.7125000
NODE_14480_length_742_cov_17.401244	126	206	0	50	80	0.6250000
NODE_14480_length_742_cov_17.401244	126	206	6	30	80	0.3750000
NODE_14480_length_742_cov_17.401244	179	259	6	39	80	0.4875000
NODE_14480_length_742_cov_17.401244	179	259	7	25	80	0.3125000
NODE_14480_length_742_cov_17.401244	179	259	8	16	80	0.2000000
NODE_14482_length_742_cov_7.679627	274	354	2	80	80	1.0000000
NODE_14482_length_742_cov_7.679627	327	407	0	35	80	0.4375000
NODE_14482_length_742_cov_7.679627	327	407	2	45	80	0.5625000
NODE_14521_length_741_cov_12.168224	316	392	0	76	76	1.0000000
NODE_14521_length_741_cov_12.168224	598	663	0	65	65	1.0000000
NODE_14522_length_741_cov_8.542056	198	278	0	8	80	0.1000000
NODE_14522_length_741_cov_8.542056	198	278	4	72	80	0.9000000
NODE_14522_length_741_cov_8.542056	251	331	0	32	80	0.4000000
NODE_14522_length_741_cov_8.542056	251	331	4	48	80	0.6000000
NODE_14525_length_741_cov_5.989097	457	538	8	1	81	0.0123457
NODE_14525_length_741_cov_5.989097	457	538	9	18	81	0.2222222
NODE_14525_length_741_cov_5.989097	457	538	10	15	81	0.1851852
NODE_14525_length_741_cov_5.989097	457	538	12	9	81	0.1111111
NODE_14525_length_741_cov_5.989097	457	538	14	11	81	0.1358025
NODE_14525_length_741_cov_5.989097	457	538	16	27	81	0.3333333
NODE_14536_length_741_cov_2.556075	212	289	0	5	77	0.0649351
NODE_14536_length_741_cov_2.556075	212	289	2	72	77	0.9350649
NODE_14571_length_740_cov_54.372855	192	272	0	80	80	1.0000000
NODE_14571_length_740_cov_54.372855	245	325	0	80	80	1.0000000
NODE_14571_length_740_cov_54.372855	321	401	0	11	80	0.1375000
NODE_14571_length_740_cov_54.372855	321	401	2	69	80	0.8625000
NODE_14571_length_740_cov_54.372855	374	454	2	80	80	1.0000000
NODE_14572_length_740_cov_51.758190	194	274	0	22	80	0.2750000
NODE_14572_length_740_cov_51.758190	194	274	2	33	80	0.4125000
NODE_14572_length_740_cov_51.758190	194	274	3	4	80	0.0500000
NODE_14572_length_740_cov_51.758190	194	274	5	21	80	0.2625000
NODE_14572_length_740_cov_51.758190	247	327	2	2	80	0.0250000
NODE_14572_length_740_cov_51.758190	247	327	3	4	80	0.0500000
NODE_14572_length_740_cov_51.758190	247	327	5	31	80	0.3875000
NODE_14572_length_740_cov_51.758190	247	327	6	43	80	0.5375000
NODE_14573_length_740_cov_34.185647	359	439	0	2	80	0.0250000
NODE_14573_length_740_cov_34.185647	359	439	4	19	80	0.2375000
NODE_14573_length_740_cov_34.185647	359	439	6	59	80	0.7375000
NODE_14573_length_740_cov_34.185647	412	492	0	55	80	0.6875000
NODE_14573_length_740_cov_34.185647	412	492	4	19	80	0.2375000
NODE_14573_length_740_cov_34.185647	412	492	6	6	80	0.0750000
NODE_14574_length_740_cov_24.794072	286	366	2	33	80	0.4125000
NODE_14574_length_740_cov_24.794072	286	366	6	47	80	0.5875000
NODE_14574_length_740_cov_24.794072	339	419	5	42	80	0.5250000
NODE_14574_length_740_cov_24.794072	339	419	6	38	80	0.4750000
NODE_14575_length_740_cov_20.361934	316	396	0	27	80	0.3375000
NODE_14575_length_740_cov_20.361934	316	396	2	39	80	0.4875000
NODE_14575_length_740_cov_20.361934	316	396	4	14	80	0.1750000
NODE_14575_length_740_cov_20.361934	369	449	2	51	80	0.6375000
NODE_14575_length_740_cov_20.361934	369	449	4	29	80	0.3625000
NODE_14576_length_740_cov_18.982839	266	348	0	18	82	0.2195122
NODE_14576_length_740_cov_18.982839	266	348	2	64	82	0.7804878
NODE_14576_length_740_cov_18.982839	321	401	0	8	80	0.1000000
NODE_14576_length_740_cov_18.982839	321	401	2	72	80	0.9000000
NODE_14577_length_740_cov_16.755070	354	434	4	29	80	0.3625000
NODE_14577_length_740_cov_16.755070	354	434	6	19	80	0.2375000
NODE_14577_length_740_cov_16.755070	354	434	8	30	80	0.3750000
NODE_14577_length_740_cov_16.755070	354	434	10	2	80	0.0250000
NODE_14577_length_740_cov_16.755070	407	487	6	72	80	0.9000000
NODE_14577_length_740_cov_16.755070	407	487	8	8	80	0.1000000
NODE_14579_length_740_cov_7.585023	206	286	0	80	80	1.0000000
NODE_14579_length_740_cov_7.585023	259	339	0	80	80	1.0000000
NODE_14580_length_740_cov_7.174727	165	245	0	2	80	0.0250000
NODE_14580_length_740_cov_7.174727	165	245	2	75	80	0.9375000
NODE_14580_length_740_cov_7.174727	165	245	4	3	80	0.0375000
NODE_14580_length_740_cov_7.174727	218	298	2	47	80	0.5875000
NODE_14580_length_740_cov_7.174727	218	298	4	33	80	0.4125000
NODE_14614_length_739_cov_52.970312	346	426	4	6	80	0.0750000
NODE_14614_length_739_cov_52.970312	346	426	6	26	80	0.3250000
NODE_14614_length_739_cov_52.970312	346	426	8	9	80	0.1125000
NODE_14614_length_739_cov_52.970312	346	426	10	12	80	0.1500000
NODE_14614_length_739_cov_52.970312	346	426	20	27	80	0.3375000
NODE_14614_length_739_cov_52.970312	399	479	16	31	80	0.3875000
NODE_14614_length_739_cov_52.970312	399	479	18	3	80	0.0375000
NODE_14614_length_739_cov_52.970312	399	479	19	12	80	0.1500000
NODE_14614_length_739_cov_52.970312	399	479	20	32	80	0.4000000
NODE_14614_length_739_cov_52.970312	399	479	21	2	80	0.0250000
NODE_14615_length_739_cov_31.175000	204	284	11	15	80	0.1875000
NODE_14615_length_739_cov_31.175000	204	284	12	1	80	0.0125000
NODE_14615_length_739_cov_31.175000	204	284	13	32	80	0.4000000
NODE_14615_length_739_cov_31.175000	204	284	15	32	80	0.4000000
NODE_14615_length_739_cov_31.175000	257	337	11	15	80	0.1875000
NODE_14615_length_739_cov_31.175000	257	337	12	13	80	0.1625000
NODE_14615_length_739_cov_31.175000	257	337	13	47	80	0.5875000
NODE_14615_length_739_cov_31.175000	257	337	14	5	80	0.0625000
NODE_14616_length_739_cov_25.482813	487	567	0	34	80	0.4250000
NODE_14616_length_739_cov_25.482813	487	567	2	46	80	0.5750000
NODE_14616_length_739_cov_25.482813	540	620	0	8	80	0.1000000
NODE_14616_length_739_cov_25.482813	540	620	2	72	80	0.9000000
NODE_14617_length_739_cov_24.871875	191	271	4	80	80	1.0000000
NODE_14617_length_739_cov_24.871875	244	324	0	36	80	0.4500000
NODE_14617_length_739_cov_24.871875	244	324	2	12	80	0.1500000
NODE_14617_length_739_cov_24.871875	244	324	4	32	80	0.4000000
NODE_14618_length_739_cov_18.360937	146	226	0	53	80	0.6625000
NODE_14618_length_739_cov_18.360937	146	226	2	27	80	0.3375000
NODE_14618_length_739_cov_18.360937	199	279	0	25	80	0.3125000
NODE_14618_length_739_cov_18.360937	199	279	2	55	80	0.6875000
NODE_14619_length_739_cov_13.195312	273	353	0	54	80	0.6750000
NODE_14619_length_739_cov_13.195312	273	353	2	26	80	0.3250000
NODE_14619_length_739_cov_13.195312	326	406	0	1	80	0.0125000
NODE_14619_length_739_cov_13.195312	326	406	2	79	80	0.9875000
NODE_14620_length_739_cov_10.314063	231	311	0	80	80	1.0000000
NODE_14620_length_739_cov_10.314063	284	364	0	80	80	1.0000000
NODE_14622_length_739_cov_8.523438	468	548	6	55	80	0.6875000
NODE_14622_length_739_cov_8.523438	468	548	8	25	80	0.3125000
NODE_14622_length_739_cov_8.523438	521	600	2	23	79	0.2911392
NODE_14622_length_739_cov_8.523438	521	600	4	12	79	0.1518987
NODE_14622_length_739_cov_8.523438	521	600	6	2	79	0.0253165
NODE_14622_length_739_cov_8.523438	521	600	8	42	79	0.5316456
NODE_14623_length_739_cov_7.398438	342	422	2	36	80	0.4500000
NODE_14623_length_739_cov_7.398438	342	422	3	2	80	0.0250000
NODE_14623_length_739_cov_7.398438	342	422	4	42	80	0.5250000
NODE_14623_length_739_cov_7.398438	395	475	2	45	80	0.5625000
NODE_14623_length_739_cov_7.398438	395	475	4	35	80	0.4375000
NODE_14625_length_739_cov_5.826562	252	332	0	80	80	1.0000000
NODE_14625_length_739_cov_5.826562	305	385	0	80	80	1.0000000
NODE_14634_length_739_cov_3.232813	355	435	0	80	80	1.0000000
NODE_14634_length_739_cov_3.232813	408	488	0	80	80	1.0000000
NODE_14679_length_738_cov_35.278560	274	318	54	1	44	0.0227273
NODE_14679_length_738_cov_35.278560	274	318	55	3	44	0.0681818
NODE_14679_length_738_cov_35.278560	274	318	58	1	44	0.0227273
NODE_14679_length_738_cov_35.278560	274	318	60	1	44	0.0227273
NODE_14679_length_738_cov_35.278560	274	318	62	2	44	0.0454545
NODE_14679_length_738_cov_35.278560	274	318	63	4	44	0.0909091
NODE_14679_length_738_cov_35.278560	274	318	67	7	44	0.1590909
NODE_14679_length_738_cov_35.278560	274	318	73	1	44	0.0227273
NODE_14679_length_738_cov_35.278560	274	318	75	1	44	0.0227273
NODE_14679_length_738_cov_35.278560	274	318	77	7	44	0.1590909
NODE_14679_length_738_cov_35.278560	274	318	79	1	44	0.0227273
NODE_14679_length_738_cov_35.278560	274	318	81	2	44	0.0454545
NODE_14679_length_738_cov_35.278560	274	318	83	4	44	0.0909091
NODE_14679_length_738_cov_35.278560	274	318	84	1	44	0.0227273
NODE_14679_length_738_cov_35.278560	274	318	85	8	44	0.1818182
NODE_14680_length_738_cov_21.672926	208	288	0	80	80	1.0000000
NODE_14680_length_738_cov_21.672926	261	341	0	80	80	1.0000000
NODE_14681_length_738_cov_15.665102	302	382	0	40	80	0.5000000
NODE_14681_length_738_cov_15.665102	302	382	2	9	80	0.1125000
NODE_14681_length_738_cov_15.665102	302	382	4	4	80	0.0500000
NODE_14681_length_738_cov_15.665102	302	382	6	27	80	0.3375000
NODE_14681_length_738_cov_15.665102	355	435	4	7	80	0.0875000
NODE_14681_length_738_cov_15.665102	355	435	6	73	80	0.9125000
NODE_14682_length_738_cov_15.661972	338	418	0	80	80	1.0000000
NODE_14682_length_738_cov_15.661972	391	471	0	80	80	1.0000000
NODE_14683_length_738_cov_12.594679	49	129	7	73	80	0.9125000
NODE_14683_length_738_cov_12.594679	49	129	8	7	80	0.0875000
NODE_14683_length_738_cov_12.594679	102	182	0	9	80	0.1125000
NODE_14683_length_738_cov_12.594679	102	182	7	20	80	0.2500000
NODE_14683_length_738_cov_12.594679	102	182	8	51	80	0.6375000
NODE_14683_length_738_cov_12.594679	178	258	0	80	80	1.0000000
NODE_14683_length_738_cov_12.594679	231	311	0	80	80	1.0000000
NODE_14691_length_738_cov_4.056338	254	326	4	36	72	0.5000000
NODE_14691_length_738_cov_4.056338	254	326	6	36	72	0.5000000
NODE_14691_length_738_cov_4.056338	437	528	0	91	91	1.0000000
NODE_14724_length_737_cov_22.363636	303	383	2	1	80	0.0125000
NODE_14724_length_737_cov_22.363636	303	383	4	79	80	0.9875000
NODE_14724_length_737_cov_22.363636	356	436	0	31	80	0.3875000
NODE_14724_length_737_cov_22.363636	356	436	2	15	80	0.1875000
NODE_14724_length_737_cov_22.363636	356	436	4	34	80	0.4250000
NODE_14725_length_737_cov_21.318182	208	288	6	66	80	0.8250000
NODE_14725_length_737_cov_21.318182	208	288	8	14	80	0.1750000
NODE_14725_length_737_cov_21.318182	261	341	2	40	80	0.5000000
NODE_14725_length_737_cov_21.318182	261	341	6	27	80	0.3375000
NODE_14725_length_737_cov_21.318182	261	341	8	13	80	0.1625000
NODE_14726_length_737_cov_17.161442	346	426	0	33	80	0.4125000
NODE_14726_length_737_cov_17.161442	346	426	2	13	80	0.1625000
NODE_14726_length_737_cov_17.161442	346	426	8	3	80	0.0375000
NODE_14726_length_737_cov_17.161442	346	426	10	1	80	0.0125000
NODE_14726_length_737_cov_17.161442	346	426	11	15	80	0.1875000
NODE_14726_length_737_cov_17.161442	346	426	12	15	80	0.1875000
NODE_14726_length_737_cov_17.161442	399	479	11	12	80	0.1500000
NODE_14726_length_737_cov_17.161442	399	479	12	44	80	0.5500000
NODE_14726_length_737_cov_17.161442	399	479	14	24	80	0.3000000
NODE_14727_length_737_cov_11.835423	211	291	0	80	80	1.0000000
NODE_14727_length_737_cov_11.835423	264	344	0	80	80	1.0000000
NODE_14729_length_737_cov_6.782132	488	548	0	60	60	1.0000000
NODE_14732_length_737_cov_6.089342	241	321	5	15	80	0.1875000
NODE_14732_length_737_cov_6.089342	241	321	6	2	80	0.0250000
NODE_14732_length_737_cov_6.089342	241	321	8	63	80	0.7875000
NODE_14732_length_737_cov_6.089342	294	374	0	37	80	0.4625000
NODE_14732_length_737_cov_6.089342	294	374	5	31	80	0.3875000
NODE_14732_length_737_cov_6.089342	294	374	6	2	80	0.0250000
NODE_14732_length_737_cov_6.089342	294	374	8	10	80	0.1250000
NODE_14747_length_737_cov_2.548589	386	416	0	30	30	1.0000000
NODE_14781_length_736_cov_46.601256	226	306	5	30	80	0.3750000
NODE_14781_length_736_cov_46.601256	226	306	6	30	80	0.3750000
NODE_14781_length_736_cov_46.601256	226	306	7	14	80	0.1750000
NODE_14781_length_736_cov_46.601256	226	306	8	6	80	0.0750000
NODE_14781_length_736_cov_46.601256	279	359	1	23	80	0.2875000
NODE_14781_length_736_cov_46.601256	279	359	2	5	80	0.0625000
NODE_14781_length_736_cov_46.601256	279	359	4	3	80	0.0375000
NODE_14781_length_736_cov_46.601256	279	359	6	49	80	0.6125000
NODE_14782_length_736_cov_32.442700	215	295	2	2	80	0.0250000
NODE_14782_length_736_cov_32.442700	215	295	6	67	80	0.8375000
NODE_14782_length_736_cov_32.442700	215	295	10	11	80	0.1375000
NODE_14782_length_736_cov_32.442700	268	350	4	8	82	0.0975610
NODE_14782_length_736_cov_32.442700	268	350	6	20	82	0.2439024
NODE_14782_length_736_cov_32.442700	268	350	10	54	82	0.6585366
NODE_14783_length_736_cov_26.364207	220	300	8	6	80	0.0750000
NODE_14783_length_736_cov_26.364207	220	300	9	1	80	0.0125000
NODE_14783_length_736_cov_26.364207	220	300	15	1	80	0.0125000
NODE_14783_length_736_cov_26.364207	220	300	16	2	80	0.0250000
NODE_14783_length_736_cov_26.364207	220	300	18	70	80	0.8750000
NODE_14783_length_736_cov_26.364207	273	353	8	4	80	0.0500000
NODE_14783_length_736_cov_26.364207	273	353	9	1	80	0.0125000
NODE_14783_length_736_cov_26.364207	273	353	16	21	80	0.2625000
NODE_14783_length_736_cov_26.364207	273	353	18	54	80	0.6750000
NODE_14785_length_736_cov_10.317111	313	393	1	80	80	1.0000000
NODE_14785_length_736_cov_10.317111	366	446	1	28	80	0.3500000
NODE_14785_length_736_cov_10.317111	366	446	2	52	80	0.6500000
NODE_14786_length_736_cov_9.188383	292	372	0	13	80	0.1625000
NODE_14786_length_736_cov_9.188383	292	372	2	9	80	0.1125000
NODE_14786_length_736_cov_9.188383	292	372	4	58	80	0.7250000
NODE_14786_length_736_cov_9.188383	345	425	0	13	80	0.1625000
NODE_14786_length_736_cov_9.188383	345	425	4	67	80	0.8375000
NODE_14787_length_736_cov_8.149137	315	391	2	10	76	0.1315790
NODE_14787_length_736_cov_8.149137	315	391	4	15	76	0.1973684
NODE_14787_length_736_cov_8.149137	315	391	6	41	76	0.5394737
NODE_14787_length_736_cov_8.149137	315	391	10	10	76	0.1315790
NODE_14787_length_736_cov_8.149137	365	445	6	16	80	0.2000000
NODE_14787_length_736_cov_8.149137	365	445	10	64	80	0.8000000
NODE_14788_length_736_cov_8.103611	295	375	2	80	80	1.0000000
NODE_14788_length_736_cov_8.103611	348	428	0	45	80	0.5625000
NODE_14788_length_736_cov_8.103611	348	428	2	35	80	0.4375000
NODE_14789_length_736_cov_7.513344	239	319	2	3	80	0.0375000
NODE_14789_length_736_cov_7.513344	239	319	4	38	80	0.4750000
NODE_14789_length_736_cov_7.513344	239	319	6	39	80	0.4875000
NODE_14789_length_736_cov_7.513344	292	372	0	24	80	0.3000000
NODE_14789_length_736_cov_7.513344	292	372	4	56	80	0.7000000
NODE_14792_length_736_cov_5.967033	253	333	0	80	80	1.0000000
NODE_14792_length_736_cov_5.967033	306	386	0	80	80	1.0000000
NODE_14795_length_736_cov_4.908948	258	338	0	80	80	1.0000000
NODE_14795_length_736_cov_4.908948	311	391	0	80	80	1.0000000
NODE_14825_length_735_cov_21.099057	265	345	2	61	80	0.7625000
NODE_14825_length_735_cov_21.099057	265	345	3	4	80	0.0500000
NODE_14825_length_735_cov_21.099057	265	345	4	15	80	0.1875000
NODE_14825_length_735_cov_21.099057	318	398	2	63	80	0.7875000
NODE_14825_length_735_cov_21.099057	318	398	3	4	80	0.0500000
NODE_14825_length_735_cov_21.099057	318	398	4	13	80	0.1625000
NODE_14826_length_735_cov_16.696541	190	270	4	50	80	0.6250000
NODE_14826_length_735_cov_16.696541	190	270	6	6	80	0.0750000
NODE_14826_length_735_cov_16.696541	190	270	10	24	80	0.3000000
NODE_14826_length_735_cov_16.696541	243	323	6	27	80	0.3375000
NODE_14826_length_735_cov_16.696541	243	323	10	53	80	0.6625000
NODE_14826_length_735_cov_16.696541	479	538	2	4	59	0.0677966
NODE_14826_length_735_cov_16.696541	479	538	4	35	59	0.5932204
NODE_14826_length_735_cov_16.696541	479	538	6	20	59	0.3389831
NODE_14827_length_735_cov_13.143082	231	311	0	80	80	1.0000000
NODE_14827_length_735_cov_13.143082	284	364	0	80	80	1.0000000
NODE_14828_length_735_cov_12.415094	434	514	2	10	80	0.1250000
NODE_14828_length_735_cov_12.415094	434	514	4	19	80	0.2375000
NODE_14828_length_735_cov_12.415094	434	514	6	10	80	0.1250000
NODE_14828_length_735_cov_12.415094	434	514	8	8	80	0.1000000
NODE_14828_length_735_cov_12.415094	434	514	10	33	80	0.4125000
NODE_14828_length_735_cov_12.415094	487	567	2	1	80	0.0125000
NODE_14828_length_735_cov_12.415094	487	567	4	8	80	0.1000000
NODE_14828_length_735_cov_12.415094	487	567	6	9	80	0.1125000
NODE_14828_length_735_cov_12.415094	487	567	8	38	80	0.4750000
NODE_14828_length_735_cov_12.415094	487	567	10	24	80	0.3000000
NODE_14836_length_735_cov_5.603774	326	394	0	29	68	0.4264706
NODE_14836_length_735_cov_5.603774	326	394	2	20	68	0.2941177
NODE_14836_length_735_cov_5.603774	326	394	4	19	68	0.2794118
NODE_14836_length_735_cov_5.603774	367	409	2	8	42	0.1904762
NODE_14836_length_735_cov_5.603774	367	409	4	34	42	0.8095238
NODE_14880_length_734_cov_26.787402	209	289	0	16	80	0.2000000
NODE_14880_length_734_cov_26.787402	209	289	6	10	80	0.1250000
NODE_14880_length_734_cov_26.787402	209	289	8	54	80	0.6750000
NODE_14880_length_734_cov_26.787402	262	342	0	16	80	0.2000000
NODE_14880_length_734_cov_26.787402	262	342	5	1	80	0.0125000
NODE_14880_length_734_cov_26.787402	262	342	7	31	80	0.3875000
NODE_14880_length_734_cov_26.787402	262	342	8	32	80	0.4000000
NODE_14881_length_734_cov_23.214173	200	280	0	34	80	0.4250000
NODE_14881_length_734_cov_23.214173	200	280	1	42	80	0.5250000
NODE_14881_length_734_cov_23.214173	200	280	2	4	80	0.0500000
NODE_14881_length_734_cov_23.214173	253	333	1	23	80	0.2875000
NODE_14881_length_734_cov_23.214173	253	333	2	57	80	0.7125000
NODE_14883_length_734_cov_21.645669	245	325	4	58	80	0.7250000
NODE_14883_length_734_cov_21.645669	245	325	6	22	80	0.2750000
NODE_14883_length_734_cov_21.645669	298	378	2	34	80	0.4250000
NODE_14883_length_734_cov_21.645669	298	378	4	5	80	0.0625000
NODE_14883_length_734_cov_21.645669	298	378	6	41	80	0.5125000
NODE_14884_length_734_cov_14.393701	249	329	0	80	80	1.0000000
NODE_14884_length_734_cov_14.393701	302	382	0	80	80	1.0000000
NODE_14885_length_734_cov_11.324409	133	196	0	63	63	1.0000000
NODE_14885_length_734_cov_11.324409	169	229	0	60	60	1.0000000
NODE_14886_length_734_cov_10.872441	302	331	0	5	29	0.1724138
NODE_14886_length_734_cov_10.872441	302	331	4	24	29	0.8275862
NODE_14890_length_734_cov_6.352756	371	451	0	47	80	0.5875000
NODE_14890_length_734_cov_6.352756	371	451	2	33	80	0.4125000
NODE_14890_length_734_cov_6.352756	424	504	0	1	80	0.0125000
NODE_14890_length_734_cov_6.352756	424	504	2	79	80	0.9875000
NODE_14896_length_734_cov_2.705512	231	302	0	71	71	1.0000000
NODE_14934_length_733_cov_35.041009	268	348	2	4	80	0.0500000
NODE_14934_length_733_cov_35.041009	268	348	4	5	80	0.0625000
NODE_14934_length_733_cov_35.041009	268	348	6	71	80	0.8875000
NODE_14934_length_733_cov_35.041009	321	402	0	46	81	0.5679013
NODE_14934_length_733_cov_35.041009	321	402	2	12	81	0.1481481
NODE_14934_length_733_cov_35.041009	321	402	4	5	81	0.0617284
NODE_14934_length_733_cov_35.041009	321	402	6	18	81	0.2222222
NODE_14935_length_733_cov_29.810726	28	108	2	80	80	1.0000000
NODE_14935_length_733_cov_29.810726	81	161	2	36	80	0.4500000
NODE_14935_length_733_cov_29.810726	81	161	10	44	80	0.5500000
NODE_14935_length_733_cov_29.810726	157	237	2	8	80	0.1000000
NODE_14935_length_733_cov_29.810726	157	237	8	18	80	0.2250000
NODE_14935_length_733_cov_29.810726	157	237	9	6	80	0.0750000
NODE_14935_length_733_cov_29.810726	157	237	10	48	80	0.6000000
NODE_14935_length_733_cov_29.810726	210	290	2	52	80	0.6500000
NODE_14935_length_733_cov_29.810726	210	290	4	9	80	0.1125000
NODE_14935_length_733_cov_29.810726	210	290	10	19	80	0.2375000
NODE_14936_length_733_cov_13.738170	333	413	12	7	80	0.0875000
NODE_14936_length_733_cov_13.738170	333	413	14	12	80	0.1500000
NODE_14936_length_733_cov_13.738170	333	413	16	61	80	0.7625000
NODE_14936_length_733_cov_13.738170	386	466	0	10	80	0.1250000
NODE_14936_length_733_cov_13.738170	386	466	2	12	80	0.1500000
NODE_14936_length_733_cov_13.738170	386	466	9	1	80	0.0125000
NODE_14936_length_733_cov_13.738170	386	466	10	24	80	0.3000000
NODE_14936_length_733_cov_13.738170	386	466	12	13	80	0.1625000
NODE_14936_length_733_cov_13.738170	386	466	14	12	80	0.1500000
NODE_14936_length_733_cov_13.738170	386	466	16	8	80	0.1000000
NODE_14937_length_733_cov_11.471609	314	389	2	75	75	1.0000000
NODE_14938_length_733_cov_11.321767	245	325	2	12	80	0.1500000
NODE_14938_length_733_cov_11.321767	245	325	6	6	80	0.0750000
NODE_14938_length_733_cov_11.321767	245	325	8	62	80	0.7750000
NODE_14938_length_733_cov_11.321767	298	378	2	4	80	0.0500000
NODE_14938_length_733_cov_11.321767	298	378	3	1	80	0.0125000
NODE_14938_length_733_cov_11.321767	298	378	7	3	80	0.0375000
NODE_14938_length_733_cov_11.321767	298	378	8	72	80	0.9000000
NODE_14940_length_733_cov_8.481073	318	395	0	16	77	0.2077922
NODE_14940_length_733_cov_8.481073	318	395	2	61	77	0.7922078
NODE_14940_length_733_cov_8.481073	371	451	2	80	80	1.0000000
NODE_14944_length_733_cov_5.485804	659	715	4	56	56	1.0000000
NODE_14944_length_733_cov_5.485804	696	733	4	37	37	1.0000000
NODE_14957_length_733_cov_2.272871	312	392	0	80	80	1.0000000
NODE_14957_length_733_cov_2.272871	365	445	0	80	80	1.0000000
NODE_14975_length_732_cov_19.519747	229	309	6	13	80	0.1625000
NODE_14975_length_732_cov_19.519747	229	309	10	21	80	0.2625000
NODE_14975_length_732_cov_19.519747	229	309	12	46	80	0.5750000
NODE_14975_length_732_cov_19.519747	282	362	0	24	80	0.3000000
NODE_14975_length_732_cov_19.519747	282	362	6	30	80	0.3750000
NODE_14975_length_732_cov_19.519747	282	362	10	17	80	0.2125000
NODE_14975_length_732_cov_19.519747	282	362	12	9	80	0.1125000
NODE_14976_length_732_cov_10.846761	247	327	2	62	80	0.7750000
NODE_14976_length_732_cov_10.846761	247	327	4	18	80	0.2250000
NODE_14976_length_732_cov_10.846761	300	380	0	17	80	0.2125000
NODE_14976_length_732_cov_10.846761	300	380	2	63	80	0.7875000
NODE_14977_length_732_cov_9.807267	276	356	0	14	80	0.1750000
NODE_14977_length_732_cov_9.807267	276	356	2	66	80	0.8250000
NODE_14977_length_732_cov_9.807267	329	409	2	80	80	1.0000000
NODE_14978_length_732_cov_8.053712	415	495	0	26	80	0.3250000
NODE_14978_length_732_cov_8.053712	415	495	2	20	80	0.2500000
NODE_14978_length_732_cov_8.053712	415	495	4	34	80	0.4250000
NODE_14978_length_732_cov_8.053712	468	548	2	36	80	0.4500000
NODE_14978_length_732_cov_8.053712	468	548	4	44	80	0.5500000
NODE_14980_length_732_cov_5.194313	319	399	0	80	80	1.0000000
NODE_14980_length_732_cov_5.194313	372	452	0	80	80	1.0000000
NODE_14981_length_732_cov_4.998420	293	373	0	80	80	1.0000000
NODE_14981_length_732_cov_4.998420	346	426	0	80	80	1.0000000
NODE_14983_length_732_cov_4.758294	483	524	0	41	41	1.0000000
NODE_15021_length_731_cov_36.123418	464	544	18	6	80	0.0750000
NODE_15021_length_731_cov_36.123418	464	544	20	31	80	0.3875000
NODE_15021_length_731_cov_36.123418	464	544	22	43	80	0.5375000
NODE_15021_length_731_cov_36.123418	517	597	2	24	80	0.3000000
NODE_15021_length_731_cov_36.123418	517	597	8	18	80	0.2250000
NODE_15021_length_731_cov_36.123418	517	597	18	17	80	0.2125000
NODE_15021_length_731_cov_36.123418	517	597	20	21	80	0.2625000
NODE_15022_length_731_cov_27.721519	294	374	2	13	80	0.1625000
NODE_15022_length_731_cov_27.721519	294	374	6	3	80	0.0375000
NODE_15022_length_731_cov_27.721519	294	374	8	64	80	0.8000000
NODE_15022_length_731_cov_27.721519	347	427	0	11	80	0.1375000
NODE_15022_length_731_cov_27.721519	347	427	6	45	80	0.5625000
NODE_15022_length_731_cov_27.721519	347	427	8	24	80	0.3000000
NODE_15023_length_731_cov_19.655063	394	474	4	80	80	1.0000000
NODE_15023_length_731_cov_19.655063	447	527	0	53	80	0.6625000
NODE_15023_length_731_cov_19.655063	447	527	4	27	80	0.3375000
NODE_15024_length_731_cov_16.346519	429	509	0	4	80	0.0500000
NODE_15024_length_731_cov_16.346519	429	509	8	18	80	0.2250000
NODE_15024_length_731_cov_16.346519	429	509	11	37	80	0.4625000
NODE_15024_length_731_cov_16.346519	429	509	14	21	80	0.2625000
NODE_15024_length_731_cov_16.346519	482	562	6	17	80	0.2125000
NODE_15024_length_731_cov_16.346519	482	562	11	6	80	0.0750000
NODE_15024_length_731_cov_16.346519	482	562	13	2	80	0.0250000
NODE_15024_length_731_cov_16.346519	482	562	14	55	80	0.6875000
NODE_15025_length_731_cov_13.892405	321	401	0	5	80	0.0625000
NODE_15025_length_731_cov_13.892405	321	401	2	75	80	0.9375000
NODE_15025_length_731_cov_13.892405	374	454	0	58	80	0.7250000
NODE_15025_length_731_cov_13.892405	374	454	2	22	80	0.2750000
NODE_15027_length_731_cov_8.800633	218	298	0	3	80	0.0375000
NODE_15027_length_731_cov_8.800633	218	298	4	17	80	0.2125000
NODE_15027_length_731_cov_8.800633	218	298	6	60	80	0.7500000
NODE_15027_length_731_cov_8.800633	271	352	4	36	81	0.4444444
NODE_15027_length_731_cov_8.800633	271	352	6	45	81	0.5555556
NODE_15028_length_731_cov_7.658228	335	406	1	1	71	0.0140845
NODE_15028_length_731_cov_7.658228	335	406	2	37	71	0.5211267
NODE_15028_length_731_cov_7.658228	335	406	3	1	71	0.0140845
NODE_15028_length_731_cov_7.658228	335	406	4	32	71	0.4507042
NODE_15028_length_731_cov_7.658228	387	468	1	4	81	0.0493827
NODE_15028_length_731_cov_7.658228	387	468	2	20	81	0.2469136
NODE_15028_length_731_cov_7.658228	387	468	4	57	81	0.7037037
NODE_15031_length_731_cov_5.471519	261	341	6	9	80	0.1125000
NODE_15031_length_731_cov_5.471519	261	341	10	46	80	0.5750000
NODE_15031_length_731_cov_5.471519	261	341	14	3	80	0.0375000
NODE_15031_length_731_cov_5.471519	261	341	16	22	80	0.2750000
NODE_15031_length_731_cov_5.471519	314	394	6	6	80	0.0750000
NODE_15031_length_731_cov_5.471519	314	394	10	50	80	0.6250000
NODE_15031_length_731_cov_5.471519	314	394	14	3	80	0.0375000
NODE_15031_length_731_cov_5.471519	314	394	16	21	80	0.2625000
NODE_15034_length_731_cov_4.083861	361	441	0	80	80	1.0000000
NODE_15034_length_731_cov_4.083861	458	482	0	24	24	1.0000000
NODE_15050_length_731_cov_2.226266	466	548	10	82	82	1.0000000
NODE_15077_length_730_cov_51.556260	349	429	0	7	80	0.0875000
NODE_15077_length_730_cov_51.556260	349	429	9	1	80	0.0125000
NODE_15077_length_730_cov_51.556260	349	429	10	72	80	0.9000000
NODE_15077_length_730_cov_51.556260	402	482	0	60	80	0.7500000
NODE_15077_length_730_cov_51.556260	402	482	9	1	80	0.0125000
NODE_15077_length_730_cov_51.556260	402	482	10	19	80	0.2375000
NODE_15078_length_730_cov_39.862124	370	450	0	3	80	0.0375000
NODE_15078_length_730_cov_39.862124	370	450	2	77	80	0.9625000
NODE_15078_length_730_cov_39.862124	423	503	2	80	80	1.0000000
NODE_15079_length_730_cov_15.801902	261	341	0	45	80	0.5625000
NODE_15079_length_730_cov_15.801902	261	341	2	3	80	0.0375000
NODE_15079_length_730_cov_15.801902	261	341	6	32	80	0.4000000
NODE_15079_length_730_cov_15.801902	314	394	6	80	80	1.0000000
NODE_15080_length_730_cov_11.746434	242	322	4	9	80	0.1125000
NODE_15080_length_730_cov_11.746434	242	322	5	1	80	0.0125000
NODE_15080_length_730_cov_11.746434	242	322	6	35	80	0.4375000
NODE_15080_length_730_cov_11.746434	242	322	8	35	80	0.4375000
NODE_15080_length_730_cov_11.746434	295	375	2	24	80	0.3000000
NODE_15080_length_730_cov_11.746434	295	375	4	17	80	0.2125000
NODE_15080_length_730_cov_11.746434	295	375	8	39	80	0.4875000
NODE_15081_length_730_cov_9.209192	358	438	0	4	80	0.0500000
NODE_15081_length_730_cov_9.209192	358	438	4	15	80	0.1875000
NODE_15081_length_730_cov_9.209192	358	438	6	61	80	0.7625000
NODE_15081_length_730_cov_9.209192	411	483	0	9	72	0.1250000
NODE_15081_length_730_cov_9.209192	411	483	2	18	72	0.2500000
NODE_15081_length_730_cov_9.209192	411	483	6	45	72	0.6250000
NODE_15131_length_729_cov_44.188889	418	498	1	49	80	0.6125000
NODE_15131_length_729_cov_44.188889	418	498	2	11	80	0.1375000
NODE_15131_length_729_cov_44.188889	418	498	5	20	80	0.2500000
NODE_15131_length_729_cov_44.188889	471	551	1	7	80	0.0875000
NODE_15131_length_729_cov_44.188889	471	551	4	42	80	0.5250000
NODE_15131_length_729_cov_44.188889	471	551	5	31	80	0.3875000
NODE_15132_length_729_cov_40.390476	330	410	0	5	80	0.0625000
NODE_15132_length_729_cov_40.390476	330	410	2	18	80	0.2250000
NODE_15132_length_729_cov_40.390476	330	410	4	5	80	0.0625000
NODE_15132_length_729_cov_40.390476	330	410	6	52	80	0.6500000
NODE_15132_length_729_cov_40.390476	383	463	6	80	80	1.0000000
NODE_15133_length_729_cov_35.973016	231	311	2	3	80	0.0375000
NODE_15133_length_729_cov_35.973016	231	311	4	77	80	0.9625000
NODE_15133_length_729_cov_35.973016	284	363	2	49	79	0.6202531
NODE_15133_length_729_cov_35.973016	284	363	4	30	79	0.3797468
NODE_15134_length_729_cov_18.357143	170	250	2	13	80	0.1625000
NODE_15134_length_729_cov_18.357143	170	250	6	26	80	0.3250000
NODE_15134_length_729_cov_18.357143	170	250	8	41	80	0.5125000
NODE_15134_length_729_cov_18.357143	223	303	5	10	80	0.1250000
NODE_15134_length_729_cov_18.357143	223	303	6	22	80	0.2750000
NODE_15134_length_729_cov_18.357143	223	303	8	30	80	0.3750000
NODE_15134_length_729_cov_18.357143	223	303	10	18	80	0.2250000
NODE_15135_length_729_cov_17.928571	194	274	0	2	80	0.0250000
NODE_15135_length_729_cov_17.928571	194	274	4	6	80	0.0750000
NODE_15135_length_729_cov_17.928571	194	274	6	51	80	0.6375000
NODE_15135_length_729_cov_17.928571	194	274	8	21	80	0.2625000
NODE_15135_length_729_cov_17.928571	247	327	2	22	80	0.2750000
NODE_15135_length_729_cov_17.928571	247	327	4	4	80	0.0500000
NODE_15135_length_729_cov_17.928571	247	327	6	6	80	0.0750000
NODE_15135_length_729_cov_17.928571	247	327	8	48	80	0.6000000
NODE_15136_length_729_cov_17.373016	369	449	2	80	80	1.0000000
NODE_15136_length_729_cov_17.373016	422	502	2	80	80	1.0000000
NODE_15137_length_729_cov_12.452381	347	427	0	28	80	0.3500000
NODE_15137_length_729_cov_12.452381	347	427	2	48	80	0.6000000
NODE_15137_length_729_cov_12.452381	347	427	5	4	80	0.0500000
NODE_15137_length_729_cov_12.452381	400	480	2	23	80	0.2875000
NODE_15137_length_729_cov_12.452381	400	480	5	5	80	0.0625000
NODE_15137_length_729_cov_12.452381	400	480	10	14	80	0.1750000
NODE_15137_length_729_cov_12.452381	400	480	11	29	80	0.3625000
NODE_15137_length_729_cov_12.452381	400	480	12	9	80	0.1125000
NODE_15138_length_729_cov_10.388889	296	376	0	17	80	0.2125000
NODE_15138_length_729_cov_10.388889	296	376	2	33	80	0.4125000
NODE_15138_length_729_cov_10.388889	296	376	4	26	80	0.3250000
NODE_15138_length_729_cov_10.388889	296	376	6	4	80	0.0500000
NODE_15138_length_729_cov_10.388889	349	429	4	23	80	0.2875000
NODE_15138_length_729_cov_10.388889	349	429	6	57	80	0.7125000
NODE_15185_length_728_cov_23.503975	338	418	4	27	80	0.3375000
NODE_15185_length_728_cov_23.503975	338	418	10	53	80	0.6625000
NODE_15185_length_728_cov_23.503975	391	471	0	13	80	0.1625000
NODE_15185_length_728_cov_23.503975	391	471	4	67	80	0.8375000
NODE_15186_length_728_cov_22.496025	310	390	2	63	80	0.7875000
NODE_15186_length_728_cov_22.496025	310	390	4	17	80	0.2125000
NODE_15186_length_728_cov_22.496025	363	443	0	45	80	0.5625000
NODE_15186_length_728_cov_22.496025	363	443	2	35	80	0.4375000
NODE_15187_length_728_cov_16.596184	257	337	4	80	80	1.0000000
NODE_15187_length_728_cov_16.596184	310	387	0	15	77	0.1948052
NODE_15187_length_728_cov_16.596184	310	387	4	62	77	0.8051948
NODE_15188_length_728_cov_16.114467	192	272	0	80	80	1.0000000
NODE_15188_length_728_cov_16.114467	245	325	0	80	80	1.0000000
NODE_15189_length_728_cov_15.128776	298	377	0	20	79	0.2531646
NODE_15189_length_728_cov_15.128776	298	377	2	59	79	0.7468355
NODE_15189_length_728_cov_15.128776	350	430	0	61	80	0.7625000
NODE_15189_length_728_cov_15.128776	350	430	2	19	80	0.2375000
NODE_15190_length_728_cov_10.613672	269	349	6	80	80	1.0000000
NODE_15190_length_728_cov_10.613672	322	402	0	47	80	0.5875000
NODE_15190_length_728_cov_10.613672	322	402	6	33	80	0.4125000
NODE_15191_length_728_cov_7.613672	408	488	0	80	80	1.0000000
NODE_15191_length_728_cov_7.613672	461	541	0	80	80	1.0000000
NODE_15196_length_728_cov_3.405405	335	415	4	2	80	0.0250000
NODE_15196_length_728_cov_3.405405	335	415	6	78	80	0.9750000
NODE_15244_length_727_cov_34.883758	57	137	0	62	80	0.7750000
NODE_15244_length_727_cov_34.883758	57	137	2	18	80	0.2250000
NODE_15244_length_727_cov_34.883758	57	137	0	62	80	0.7750000
NODE_15244_length_727_cov_34.883758	57	137	2	18	80	0.2250000
NODE_15244_length_727_cov_34.883758	57	137	0	62	80	0.7750000
NODE_15244_length_727_cov_34.883758	57	137	2	18	80	0.2250000
NODE_15244_length_727_cov_34.883758	110	190	0	9	80	0.1125000
NODE_15244_length_727_cov_34.883758	110	190	2	71	80	0.8875000
NODE_15244_length_727_cov_34.883758	110	190	0	9	80	0.1125000
NODE_15244_length_727_cov_34.883758	110	190	2	71	80	0.8875000
NODE_15245_length_727_cov_32.025478	275	355	12	10	80	0.1250000
NODE_15245_length_727_cov_32.025478	275	355	14	32	80	0.4000000
NODE_15245_length_727_cov_32.025478	275	355	16	20	80	0.2500000
NODE_15245_length_727_cov_32.025478	275	355	34	18	80	0.2250000
NODE_15245_length_727_cov_32.025478	328	408	16	9	80	0.1125000
NODE_15245_length_727_cov_32.025478	328	408	19	2	80	0.0250000
NODE_15245_length_727_cov_32.025478	328	408	20	17	80	0.2125000
NODE_15245_length_727_cov_32.025478	328	408	26	5	80	0.0625000
NODE_15245_length_727_cov_32.025478	328	408	32	16	80	0.2000000
NODE_15245_length_727_cov_32.025478	328	408	34	31	80	0.3875000
NODE_15246_length_727_cov_28.523885	307	381	0	44	74	0.5945946
NODE_15246_length_727_cov_28.523885	307	381	2	2	74	0.0270270
NODE_15246_length_727_cov_28.523885	307	381	3	15	74	0.2027027
NODE_15246_length_727_cov_28.523885	307	381	4	13	74	0.1756757
NODE_15246_length_727_cov_28.523885	360	381	3	8	21	0.3809524
NODE_15246_length_727_cov_28.523885	360	381	4	13	21	0.6190476
NODE_15246_length_727_cov_28.523885	378	415	4	37	37	1.0000000
NODE_15247_length_727_cov_25.826433	325	405	0	61	80	0.7625000
NODE_15247_length_727_cov_25.826433	325	405	4	19	80	0.2375000
NODE_15247_length_727_cov_25.826433	378	458	0	8	80	0.1000000
NODE_15247_length_727_cov_25.826433	378	458	3	5	80	0.0625000
NODE_15247_length_727_cov_25.826433	378	458	4	67	80	0.8375000
NODE_15248_length_727_cov_22.253185	150	230	5	8	80	0.1000000
NODE_15248_length_727_cov_22.253185	150	230	7	38	80	0.4750000
NODE_15248_length_727_cov_22.253185	150	230	11	8	80	0.1000000
NODE_15248_length_727_cov_22.253185	150	230	17	16	80	0.2000000
NODE_15248_length_727_cov_22.253185	150	230	18	10	80	0.1250000
NODE_15248_length_727_cov_22.253185	203	283	11	5	80	0.0625000
NODE_15248_length_727_cov_22.253185	203	283	12	17	80	0.2125000
NODE_15248_length_727_cov_22.253185	203	283	16	15	80	0.1875000
NODE_15248_length_727_cov_22.253185	203	283	17	16	80	0.2000000
NODE_15248_length_727_cov_22.253185	203	283	18	27	80	0.3375000
NODE_15249_length_727_cov_18.972930	263	343	0	19	80	0.2375000
NODE_15249_length_727_cov_18.972930	263	343	2	3	80	0.0375000
NODE_15249_length_727_cov_18.972930	263	343	8	58	80	0.7250000
NODE_15249_length_727_cov_18.972930	316	396	0	18	80	0.2250000
NODE_15249_length_727_cov_18.972930	316	396	6	13	80	0.1625000
NODE_15249_length_727_cov_18.972930	316	396	8	49	80	0.6125000
NODE_15250_length_727_cov_15.531847	269	349	0	51	80	0.6375000
NODE_15250_length_727_cov_15.531847	269	349	2	29	80	0.3625000
NODE_15250_length_727_cov_15.531847	322	402	0	80	80	1.0000000
NODE_15252_length_727_cov_10.178344	280	360	0	80	80	1.0000000
NODE_15252_length_727_cov_10.178344	333	413	0	80	80	1.0000000
NODE_15258_length_727_cov_4.955414	360	440	0	49	80	0.6125000
NODE_15258_length_727_cov_4.955414	360	440	2	31	80	0.3875000
NODE_15258_length_727_cov_4.955414	413	493	2	80	80	1.0000000
NODE_15287_length_726_cov_52.923445	415	495	4	80	80	1.0000000
NODE_15287_length_726_cov_52.923445	468	548	2	23	80	0.2875000
NODE_15287_length_726_cov_52.923445	468	548	4	39	80	0.4875000
NODE_15287_length_726_cov_52.923445	468	548	6	18	80	0.2250000
NODE_15288_length_726_cov_35.896332	108	188	0	57	80	0.7125000
NODE_15288_length_726_cov_35.896332	108	188	2	23	80	0.2875000
NODE_15288_length_726_cov_35.896332	161	241	0	4	80	0.0500000
NODE_15288_length_726_cov_35.896332	161	241	2	70	80	0.8750000
NODE_15288_length_726_cov_35.896332	161	241	4	1	80	0.0125000
NODE_15288_length_726_cov_35.896332	161	241	5	2	80	0.0250000
NODE_15288_length_726_cov_35.896332	161	241	8	3	80	0.0375000
NODE_15288_length_726_cov_35.896332	237	317	5	1	80	0.0125000
NODE_15288_length_726_cov_35.896332	237	317	8	32	80	0.4000000
NODE_15288_length_726_cov_35.896332	237	317	10	47	80	0.5875000
NODE_15288_length_726_cov_35.896332	290	370	6	10	80	0.1250000
NODE_15288_length_726_cov_35.896332	290	370	8	70	80	0.8750000
NODE_15291_length_726_cov_8.534290	355	435	0	80	80	1.0000000
NODE_15291_length_726_cov_8.534290	408	488	0	80	80	1.0000000
NODE_15330_length_725_cov_40.856230	203	283	0	6	80	0.0750000
NODE_15330_length_725_cov_40.856230	203	283	2	74	80	0.9250000
NODE_15330_length_725_cov_40.856230	256	336	2	62	80	0.7750000
NODE_15330_length_725_cov_40.856230	256	336	4	18	80	0.2250000
NODE_15330_length_725_cov_40.856230	332	412	2	10	80	0.1250000
NODE_15330_length_725_cov_40.856230	332	412	4	63	80	0.7875000
NODE_15330_length_725_cov_40.856230	332	412	5	7	80	0.0875000
NODE_15330_length_725_cov_40.856230	385	465	3	16	80	0.2000000
NODE_15330_length_725_cov_40.856230	385	465	4	20	80	0.2500000
NODE_15330_length_725_cov_40.856230	385	465	5	34	80	0.4250000
NODE_15330_length_725_cov_40.856230	385	465	7	10	80	0.1250000
NODE_15331_length_725_cov_25.036741	366	446	2	80	80	1.0000000
NODE_15331_length_725_cov_25.036741	419	499	1	25	80	0.3125000
NODE_15331_length_725_cov_25.036741	419	499	2	55	80	0.6875000
NODE_15332_length_725_cov_23.009585	455	536	0	36	81	0.4444444
NODE_15332_length_725_cov_23.009585	455	536	2	45	81	0.5555556
NODE_15333_length_725_cov_20.474441	112	192	8	35	80	0.4375000
NODE_15333_length_725_cov_20.474441	112	192	14	7	80	0.0875000
NODE_15333_length_725_cov_20.474441	112	192	15	33	80	0.4125000
NODE_15333_length_725_cov_20.474441	112	192	17	5	80	0.0625000
NODE_15333_length_725_cov_20.474441	165	245	13	12	80	0.1500000
NODE_15333_length_725_cov_20.474441	165	245	14	4	80	0.0500000
NODE_15333_length_725_cov_20.474441	165	245	15	36	80	0.4500000
NODE_15333_length_725_cov_20.474441	165	245	17	5	80	0.0625000
NODE_15333_length_725_cov_20.474441	165	245	19	23	80	0.2875000
NODE_15334_length_725_cov_15.455272	106	186	0	31	80	0.3875000
NODE_15334_length_725_cov_15.455272	106	186	2	49	80	0.6125000
NODE_15334_length_725_cov_15.455272	159	239	0	80	80	1.0000000
NODE_15334_length_725_cov_15.455272	235	315	0	80	80	1.0000000
NODE_15334_length_725_cov_15.455272	288	368	0	80	80	1.0000000
NODE_15335_length_725_cov_10.426518	289	369	1	20	80	0.2500000
NODE_15335_length_725_cov_10.426518	289	369	2	10	80	0.1250000
NODE_15335_length_725_cov_10.426518	289	369	12	3	80	0.0375000
NODE_15335_length_725_cov_10.426518	289	369	14	47	80	0.5875000
NODE_15335_length_725_cov_10.426518	342	422	3	2	80	0.0250000
NODE_15335_length_725_cov_10.426518	342	422	12	8	80	0.1000000
NODE_15335_length_725_cov_10.426518	342	422	13	34	80	0.4250000
NODE_15335_length_725_cov_10.426518	342	422	14	36	80	0.4500000
NODE_15337_length_725_cov_7.781150	189	269	0	66	80	0.8250000
NODE_15337_length_725_cov_7.781150	189	269	2	6	80	0.0750000
NODE_15337_length_725_cov_7.781150	189	269	4	8	80	0.1000000
NODE_15337_length_725_cov_7.781150	242	322	0	13	80	0.1625000
NODE_15337_length_725_cov_7.781150	242	322	2	6	80	0.0750000
NODE_15337_length_725_cov_7.781150	242	322	4	23	80	0.2875000
NODE_15337_length_725_cov_7.781150	242	322	6	38	80	0.4750000
NODE_15388_length_724_cov_28.132800	354	434	4	14	80	0.1750000
NODE_15388_length_724_cov_28.132800	354	434	5	13	80	0.1625000
NODE_15388_length_724_cov_28.132800	354	434	6	53	80	0.6625000
NODE_15388_length_724_cov_28.132800	407	473	0	31	66	0.4696970
NODE_15388_length_724_cov_28.132800	407	473	2	4	66	0.0606061
NODE_15388_length_724_cov_28.132800	407	473	4	18	66	0.2727273
NODE_15388_length_724_cov_28.132800	407	473	6	13	66	0.1969697
NODE_15389_length_724_cov_24.710400	376	461	25	4	85	0.0470588
NODE_15389_length_724_cov_24.710400	376	461	26	21	85	0.2470588
NODE_15389_length_724_cov_24.710400	376	461	27	11	85	0.1294118
NODE_15389_length_724_cov_24.710400	376	461	30	9	85	0.1058824
NODE_15389_length_724_cov_24.710400	376	461	31	14	85	0.1647059
NODE_15389_length_724_cov_24.710400	376	461	32	26	85	0.3058824
NODE_15389_length_724_cov_24.710400	434	514	2	16	80	0.2000000
NODE_15389_length_724_cov_24.710400	434	514	6	19	80	0.2375000
NODE_15389_length_724_cov_24.710400	434	514	28	13	80	0.1625000
NODE_15389_length_724_cov_24.710400	434	514	30	4	80	0.0500000
NODE_15389_length_724_cov_24.710400	434	514	32	28	80	0.3500000
NODE_15390_length_724_cov_13.960000	152	232	0	2	80	0.0250000
NODE_15390_length_724_cov_13.960000	152	232	2	78	80	0.9750000
NODE_15390_length_724_cov_13.960000	205	248	2	43	43	1.0000000
NODE_15390_length_724_cov_13.960000	237	286	2	49	49	1.0000000
NODE_15390_length_724_cov_13.960000	259	302	0	4	43	0.0930233
NODE_15390_length_724_cov_13.960000	259	302	2	39	43	0.9069768
NODE_15390_length_724_cov_13.960000	288	340	0	3	52	0.0576923
NODE_15390_length_724_cov_13.960000	288	340	2	16	52	0.3076923
NODE_15390_length_724_cov_13.960000	288	340	3	17	52	0.3269231
NODE_15390_length_724_cov_13.960000	288	340	4	16	52	0.3076923
NODE_15390_length_724_cov_13.960000	313	393	3	11	80	0.1375000
NODE_15390_length_724_cov_13.960000	313	393	4	69	80	0.8625000
NODE_15391_length_724_cov_13.065600	215	295	0	80	80	1.0000000
NODE_15391_length_724_cov_13.065600	268	347	0	79	79	1.0000000
NODE_15393_length_724_cov_10.358400	257	337	0	21	80	0.2625000
NODE_15393_length_724_cov_10.358400	257	337	2	59	80	0.7375000
NODE_15393_length_724_cov_10.358400	310	385	2	75	75	1.0000000
NODE_15396_length_724_cov_6.451200	151	231	0	56	80	0.7000000
NODE_15396_length_724_cov_6.451200	151	231	2	24	80	0.3000000
NODE_15396_length_724_cov_6.451200	202	282	0	5	80	0.0625000
NODE_15396_length_724_cov_6.451200	202	282	2	75	80	0.9375000
NODE_15397_length_724_cov_5.921600	165	213	9	48	48	1.0000000
NODE_15399_length_724_cov_5.028800	416	469	4	15	53	0.2830189
NODE_15399_length_724_cov_5.028800	416	469	6	38	53	0.7169811
NODE_15399_length_724_cov_5.028800	488	526	0	1	38	0.0263158
NODE_15399_length_724_cov_5.028800	488	526	2	24	38	0.6315789
NODE_15399_length_724_cov_5.028800	488	526	5	13	38	0.3421053
NODE_15403_length_724_cov_3.315200	166	246	0	80	80	1.0000000
NODE_15403_length_724_cov_3.315200	219	299	0	80	80	1.0000000
NODE_15442_length_723_cov_81.453526	205	285	0	12	80	0.1500000
NODE_15442_length_723_cov_81.453526	205	285	2	35	80	0.4375000
NODE_15442_length_723_cov_81.453526	205	285	3	9	80	0.1125000
NODE_15442_length_723_cov_81.453526	205	285	4	11	80	0.1375000
NODE_15442_length_723_cov_81.453526	205	285	6	13	80	0.1625000
NODE_15442_length_723_cov_81.453526	258	338	2	11	80	0.1375000
NODE_15442_length_723_cov_81.453526	258	338	3	3	80	0.0375000
NODE_15442_length_723_cov_81.453526	258	338	4	53	80	0.6625000
NODE_15442_length_723_cov_81.453526	258	338	6	13	80	0.1625000
NODE_15443_length_723_cov_33.075321	254	329	0	23	75	0.3066667
NODE_15443_length_723_cov_33.075321	254	329	2	30	75	0.4000000
NODE_15443_length_723_cov_33.075321	254	329	4	22	75	0.2933333
NODE_15443_length_723_cov_33.075321	307	387	0	15	80	0.1875000
NODE_15443_length_723_cov_33.075321	307	387	2	12	80	0.1500000
NODE_15443_length_723_cov_33.075321	307	387	4	53	80	0.6625000
NODE_15444_length_723_cov_25.410256	291	371	0	57	80	0.7125000
NODE_15444_length_723_cov_25.410256	291	371	2	23	80	0.2875000
NODE_15444_length_723_cov_25.410256	344	424	0	4	80	0.0500000
NODE_15444_length_723_cov_25.410256	344	424	2	76	80	0.9500000
NODE_15445_length_723_cov_18.097756	233	313	6	56	80	0.7000000
NODE_15445_length_723_cov_18.097756	233	313	8	24	80	0.3000000
NODE_15445_length_723_cov_18.097756	286	351	5	1	65	0.0153846
NODE_15445_length_723_cov_18.097756	286	351	6	3	65	0.0461538
NODE_15445_length_723_cov_18.097756	286	351	8	61	65	0.9384615
NODE_15446_length_723_cov_14.113782	311	391	0	22	80	0.2750000
NODE_15446_length_723_cov_14.113782	311	391	2	18	80	0.2250000
NODE_15446_length_723_cov_14.113782	311	391	4	32	80	0.4000000
NODE_15446_length_723_cov_14.113782	311	391	6	8	80	0.1000000
NODE_15446_length_723_cov_14.113782	364	444	4	19	80	0.2375000
NODE_15446_length_723_cov_14.113782	364	444	6	61	80	0.7625000
NODE_15447_length_723_cov_11.634615	299	379	0	80	80	1.0000000
NODE_15447_length_723_cov_11.634615	352	432	0	80	80	1.0000000
NODE_15448_length_723_cov_8.342949	357	437	4	38	80	0.4750000
NODE_15448_length_723_cov_8.342949	357	437	6	42	80	0.5250000
NODE_15448_length_723_cov_8.342949	410	490	2	49	80	0.6125000
NODE_15448_length_723_cov_8.342949	410	490	4	31	80	0.3875000
NODE_15455_length_723_cov_2.711538	379	422	0	43	43	1.0000000
NODE_15459_length_723_cov_2.573718	383	413	6	5	30	0.1666667
NODE_15459_length_723_cov_2.573718	383	413	8	25	30	0.8333333
NODE_15495_length_722_cov_19.182986	180	260	0	18	80	0.2250000
NODE_15495_length_722_cov_19.182986	180	260	8	29	80	0.3625000
NODE_15495_length_722_cov_19.182986	180	260	16	29	80	0.3625000
NODE_15495_length_722_cov_19.182986	180	260	18	4	80	0.0500000
NODE_15495_length_722_cov_19.182986	233	313	16	23	80	0.2875000
NODE_15495_length_722_cov_19.182986	233	313	18	57	80	0.7125000
NODE_15496_length_722_cov_13.582665	192	272	0	34	80	0.4250000
NODE_15496_length_722_cov_13.582665	192	272	2	46	80	0.5750000
NODE_15496_length_722_cov_13.582665	245	326	0	11	81	0.1358025
NODE_15496_length_722_cov_13.582665	245	326	2	70	81	0.8641976
NODE_15497_length_722_cov_9.202247	347	427	0	42	80	0.5250000
NODE_15497_length_722_cov_9.202247	347	427	4	38	80	0.4750000
NODE_15497_length_722_cov_9.202247	400	480	4	80	80	1.0000000
NODE_15500_length_722_cov_6.707865	343	423	2	80	80	1.0000000
NODE_15500_length_722_cov_6.707865	396	476	2	80	80	1.0000000
NODE_15504_length_722_cov_4.985554	332	393	0	26	61	0.4262295
NODE_15504_length_722_cov_4.985554	332	393	2	35	61	0.5737705
NODE_15508_length_722_cov_3.977528	217	297	0	80	80	1.0000000
NODE_15508_length_722_cov_3.977528	270	350	0	80	80	1.0000000
NODE_15553_length_721_cov_105.927653	425	505	0	80	80	1.0000000
NODE_15553_length_721_cov_105.927653	478	558	0	80	80	1.0000000
NODE_15554_length_721_cov_49.660772	304	384	0	80	80	1.0000000
NODE_15554_length_721_cov_49.660772	357	437	0	80	80	1.0000000
NODE_15555_length_721_cov_46.991961	341	421	2	5	80	0.0625000
NODE_15555_length_721_cov_46.991961	341	421	4	5	80	0.0625000
NODE_15555_length_721_cov_46.991961	341	421	23	27	80	0.3375000
NODE_15555_length_721_cov_46.991961	341	421	39	22	80	0.2750000
NODE_15555_length_721_cov_46.991961	341	421	40	1	80	0.0125000
NODE_15555_length_721_cov_46.991961	341	421	41	20	80	0.2500000
NODE_15555_length_721_cov_46.991961	394	474	39	65	80	0.8125000
NODE_15555_length_721_cov_46.991961	394	474	40	9	80	0.1125000
NODE_15555_length_721_cov_46.991961	394	474	41	6	80	0.0750000
NODE_15556_length_721_cov_38.864952	208	288	0	61	80	0.7625000
NODE_15556_length_721_cov_38.864952	208	288	1	19	80	0.2375000
NODE_15556_length_721_cov_38.864952	269	341	1	39	72	0.5416667
NODE_15556_length_721_cov_38.864952	269	341	2	33	72	0.4583333
NODE_15556_length_721_cov_38.864952	337	417	2	7	80	0.0875000
NODE_15556_length_721_cov_38.864952	337	417	8	16	80	0.2000000
NODE_15556_length_721_cov_38.864952	337	417	10	6	80	0.0750000
NODE_15556_length_721_cov_38.864952	337	417	12	38	80	0.4750000
NODE_15556_length_721_cov_38.864952	337	417	16	13	80	0.1625000
NODE_15556_length_721_cov_38.864952	390	467	12	14	77	0.1818182
NODE_15556_length_721_cov_38.864952	390	467	14	4	77	0.0519481
NODE_15556_length_721_cov_38.864952	390	467	16	17	77	0.2207792
NODE_15556_length_721_cov_38.864952	390	467	17	39	77	0.5064935
NODE_15556_length_721_cov_38.864952	390	467	18	3	77	0.0389610
NODE_15557_length_721_cov_29.016077	192	272	2	80	80	1.0000000
NODE_15557_length_721_cov_29.016077	251	325	0	51	74	0.6891892
NODE_15557_length_721_cov_29.016077	251	325	2	23	74	0.3108108
NODE_15558_length_721_cov_26.196141	398	478	2	9	80	0.1125000
NODE_15558_length_721_cov_26.196141	398	478	6	16	80	0.2000000
NODE_15558_length_721_cov_26.196141	398	478	13	1	80	0.0125000
NODE_15558_length_721_cov_26.196141	398	478	14	40	80	0.5000000
NODE_15558_length_721_cov_26.196141	398	478	16	14	80	0.1750000
NODE_15558_length_721_cov_26.196141	451	531	10	30	80	0.3750000
NODE_15558_length_721_cov_26.196141	451	531	14	36	80	0.4500000
NODE_15558_length_721_cov_26.196141	451	531	16	14	80	0.1750000
NODE_15560_length_721_cov_20.054662	178	258	2	31	80	0.3875000
NODE_15560_length_721_cov_20.054662	178	258	3	34	80	0.4250000
NODE_15560_length_721_cov_20.054662	178	258	4	15	80	0.1875000
NODE_15560_length_721_cov_20.054662	231	311	3	12	80	0.1500000
NODE_15560_length_721_cov_20.054662	231	311	4	68	80	0.8500000
NODE_15561_length_721_cov_13.670418	263	343	0	1	80	0.0125000
NODE_15561_length_721_cov_13.670418	263	343	1	10	80	0.1250000
NODE_15561_length_721_cov_13.670418	263	343	2	13	80	0.1625000
NODE_15561_length_721_cov_13.670418	263	343	4	56	80	0.7000000
NODE_15561_length_721_cov_13.670418	316	396	0	54	80	0.6750000
NODE_15561_length_721_cov_13.670418	316	396	1	10	80	0.1250000
NODE_15561_length_721_cov_13.670418	316	396	2	13	80	0.1625000
NODE_15561_length_721_cov_13.670418	316	396	4	3	80	0.0375000
NODE_15562_length_721_cov_13.652733	268	350	2	20	82	0.2439024
NODE_15562_length_721_cov_13.652733	268	350	3	12	82	0.1463415
NODE_15562_length_721_cov_13.652733	268	350	4	23	82	0.2804878
NODE_15562_length_721_cov_13.652733	268	350	6	8	82	0.0975610
NODE_15562_length_721_cov_13.652733	268	350	8	19	82	0.2317073
NODE_15562_length_721_cov_13.652733	321	403	4	14	82	0.1707317
NODE_15562_length_721_cov_13.652733	321	403	6	37	82	0.4512195
NODE_15562_length_721_cov_13.652733	321	403	8	31	82	0.3780488
NODE_15563_length_721_cov_13.120579	312	392	0	54	80	0.6750000
NODE_15563_length_721_cov_13.120579	312	392	2	26	80	0.3250000
NODE_15563_length_721_cov_13.120579	365	445	0	1	80	0.0125000
NODE_15563_length_721_cov_13.120579	365	445	2	79	80	0.9875000
NODE_15572_length_721_cov_4.491961	210	280	0	35	70	0.5000000
NODE_15572_length_721_cov_4.491961	210	280	2	35	70	0.5000000
NODE_15572_length_721_cov_4.491961	253	333	2	80	80	1.0000000
NODE_15572_length_721_cov_4.491961	470	521	0	51	51	1.0000000
NODE_15608_length_720_cov_17.449275	267	347	0	13	80	0.1625000
NODE_15608_length_720_cov_17.449275	267	347	1	1	80	0.0125000
NODE_15608_length_720_cov_17.449275	267	347	2	66	80	0.8250000
NODE_15608_length_720_cov_17.449275	320	400	0	13	80	0.1625000
NODE_15608_length_720_cov_17.449275	320	400	1	1	80	0.0125000
NODE_15608_length_720_cov_17.449275	320	400	2	66	80	0.8250000
NODE_15609_length_720_cov_14.814815	261	341	4	80	80	1.0000000
NODE_15609_length_720_cov_14.814815	314	394	2	32	80	0.4000000
NODE_15609_length_720_cov_14.814815	314	394	4	48	80	0.6000000
NODE_15610_length_720_cov_14.107890	290	370	0	80	80	1.0000000
NODE_15610_length_720_cov_14.107890	343	423	0	80	80	1.0000000
NODE_15612_length_720_cov_12.924316	314	394	6	22	80	0.2750000
NODE_15612_length_720_cov_12.924316	314	394	8	1	80	0.0125000
NODE_15612_length_720_cov_12.924316	314	394	10	57	80	0.7125000
NODE_15612_length_720_cov_12.924316	367	447	8	26	80	0.3250000
NODE_15612_length_720_cov_12.924316	367	447	10	54	80	0.6750000
NODE_15614_length_720_cov_10.389694	435	515	0	5	80	0.0625000
NODE_15614_length_720_cov_10.389694	435	515	2	75	80	0.9375000
NODE_15614_length_720_cov_10.389694	488	568	0	58	80	0.7250000
NODE_15614_length_720_cov_10.389694	488	568	2	22	80	0.2750000
NODE_15620_length_720_cov_5.278583	309	389	6	10	80	0.1250000
NODE_15620_length_720_cov_5.278583	309	389	10	17	80	0.2125000
NODE_15620_length_720_cov_5.278583	309	389	12	14	80	0.1750000
NODE_15620_length_720_cov_5.278583	309	389	14	26	80	0.3250000
NODE_15620_length_720_cov_5.278583	309	389	16	13	80	0.1625000
NODE_15620_length_720_cov_5.278583	362	442	2	34	80	0.4250000
NODE_15620_length_720_cov_5.278583	362	442	8	7	80	0.0875000
NODE_15620_length_720_cov_5.278583	362	442	10	22	80	0.2750000
NODE_15620_length_720_cov_5.278583	362	442	12	2	80	0.0250000
NODE_15620_length_720_cov_5.278583	362	442	14	3	80	0.0375000
NODE_15620_length_720_cov_5.278583	362	442	16	12	80	0.1500000
NODE_15624_length_720_cov_3.792271	157	235	4	3	78	0.0384615
NODE_15624_length_720_cov_3.792271	157	235	8	4	78	0.0512821
NODE_15624_length_720_cov_3.792271	157	235	10	14	78	0.1794872
NODE_15624_length_720_cov_3.792271	157	235	12	4	78	0.0512821
NODE_15624_length_720_cov_3.792271	157	235	14	12	78	0.1538462
NODE_15624_length_720_cov_3.792271	157	235	16	41	78	0.5256410
NODE_15624_length_720_cov_3.792271	215	265	10	5	50	0.1000000
NODE_15624_length_720_cov_3.792271	215	265	12	29	50	0.5800000
NODE_15624_length_720_cov_3.792271	215	265	14	12	50	0.2400000
NODE_15624_length_720_cov_3.792271	215	265	16	4	50	0.0800000
NODE_15658_length_719_cov_30.256452	279	359	0	16	80	0.2000000
NODE_15658_length_719_cov_30.256452	279	359	2	64	80	0.8000000
NODE_15658_length_719_cov_30.256452	332	412	0	69	80	0.8625000
NODE_15658_length_719_cov_30.256452	332	412	2	11	80	0.1375000
NODE_15659_length_719_cov_29.093548	310	390	0	15	80	0.1875000
NODE_15659_length_719_cov_29.093548	310	390	4	18	80	0.2250000
NODE_15659_length_719_cov_29.093548	310	390	6	5	80	0.0625000
NODE_15659_length_719_cov_29.093548	310	390	8	29	80	0.3625000
NODE_15659_length_719_cov_29.093548	310	390	10	5	80	0.0625000
NODE_15659_length_719_cov_29.093548	310	390	12	8	80	0.1000000
NODE_15659_length_719_cov_29.093548	363	443	8	14	80	0.1750000
NODE_15659_length_719_cov_29.093548	363	443	10	5	80	0.0625000
NODE_15659_length_719_cov_29.093548	363	443	12	25	80	0.3125000
NODE_15659_length_719_cov_29.093548	363	443	14	36	80	0.4500000
NODE_15660_length_719_cov_10.988710	195	275	2	58	80	0.7250000
NODE_15660_length_719_cov_10.988710	195	275	4	22	80	0.2750000
NODE_15660_length_719_cov_10.988710	248	328	2	50	80	0.6250000
NODE_15660_length_719_cov_10.988710	248	328	4	30	80	0.3750000
NODE_15661_length_719_cov_10.837097	259	339	2	55	80	0.6875000
NODE_15661_length_719_cov_10.837097	259	339	4	25	80	0.3125000
NODE_15661_length_719_cov_10.837097	312	392	2	4	80	0.0500000
NODE_15661_length_719_cov_10.837097	312	392	3	7	80	0.0875000
NODE_15661_length_719_cov_10.837097	312	392	4	69	80	0.8625000
NODE_15662_length_719_cov_7.622581	288	368	2	80	80	1.0000000
NODE_15662_length_719_cov_7.622581	341	421	0	52	80	0.6500000
NODE_15662_length_719_cov_7.622581	341	421	2	28	80	0.3500000
NODE_15663_length_719_cov_7.570968	351	431	0	80	80	1.0000000
NODE_15663_length_719_cov_7.570968	404	484	0	80	80	1.0000000
NODE_15672_length_719_cov_4.264516	251	281	4	8	30	0.2666667
NODE_15672_length_719_cov_4.264516	251	281	6	22	30	0.7333333
NODE_15684_length_719_cov_1.629032	88	163	0	4	75	0.0533333
NODE_15684_length_719_cov_1.629032	88	163	2	71	75	0.9466667
NODE_15706_length_718_cov_35.382876	296	376	0	80	80	1.0000000
NODE_15706_length_718_cov_35.382876	296	376	0	80	80	1.0000000
NODE_15706_length_718_cov_35.382876	349	429	0	80	80	1.0000000
NODE_15706_length_718_cov_35.382876	349	429	0	80	80	1.0000000
NODE_15707_length_718_cov_24.211632	313	393	0	14	80	0.1750000
NODE_15707_length_718_cov_24.211632	313	393	6	33	80	0.4125000
NODE_15707_length_718_cov_24.211632	313	393	10	33	80	0.4125000
NODE_15707_length_718_cov_24.211632	366	446	10	80	80	1.0000000
NODE_15708_length_718_cov_18.300485	217	297	0	18	80	0.2250000
NODE_15708_length_718_cov_18.300485	217	297	2	62	80	0.7750000
NODE_15708_length_718_cov_18.300485	270	350	0	31	80	0.3875000
NODE_15708_length_718_cov_18.300485	270	350	2	49	80	0.6125000
NODE_15709_length_718_cov_14.757674	383	463	0	80	80	1.0000000
NODE_15709_length_718_cov_14.757674	436	516	0	80	80	1.0000000
NODE_15710_length_718_cov_14.355412	254	334	0	20	80	0.2500000
NODE_15710_length_718_cov_14.355412	254	334	2	42	80	0.5250000
NODE_15710_length_718_cov_14.355412	254	334	4	18	80	0.2250000
NODE_15710_length_718_cov_14.355412	307	387	2	11	80	0.1375000
NODE_15710_length_718_cov_14.355412	307	387	4	69	80	0.8625000
NODE_15715_length_718_cov_4.804523	263	343	0	33	80	0.4125000
NODE_15715_length_718_cov_4.804523	263	343	4	41	80	0.5125000
NODE_15715_length_718_cov_4.804523	263	343	6	6	80	0.0750000
NODE_15715_length_718_cov_4.804523	316	396	4	33	80	0.4125000
NODE_15715_length_718_cov_4.804523	316	396	6	47	80	0.5875000
NODE_15750_length_717_cov_28.377023	335	415	2	11	80	0.1375000
NODE_15750_length_717_cov_28.377023	335	415	4	12	80	0.1500000
NODE_15750_length_717_cov_28.377023	335	415	6	8	80	0.1000000
NODE_15750_length_717_cov_28.377023	335	415	8	49	80	0.6125000
NODE_15750_length_717_cov_28.377023	388	468	4	10	80	0.1250000
NODE_15750_length_717_cov_28.377023	388	468	6	51	80	0.6375000
NODE_15750_length_717_cov_28.377023	388	468	8	19	80	0.2375000
NODE_15751_length_717_cov_23.275081	162	242	0	80	80	1.0000000
NODE_15751_length_717_cov_23.275081	215	295	0	80	80	1.0000000
NODE_15752_length_717_cov_18.564725	319	399	0	80	80	1.0000000
NODE_15752_length_717_cov_18.564725	372	452	0	80	80	1.0000000
NODE_15753_length_717_cov_18.389968	358	438	0	80	80	1.0000000
NODE_15753_length_717_cov_18.389968	411	491	0	80	80	1.0000000
NODE_15754_length_717_cov_17.932039	241	321	0	7	80	0.0875000
NODE_15754_length_717_cov_17.932039	241	321	2	73	80	0.9125000
NODE_15754_length_717_cov_17.932039	294	374	0	47	80	0.5875000
NODE_15754_length_717_cov_17.932039	294	374	2	33	80	0.4125000
NODE_15755_length_717_cov_14.637540	298	378	2	22	80	0.2750000
NODE_15755_length_717_cov_14.637540	298	378	4	47	80	0.5875000
NODE_15755_length_717_cov_14.637540	298	378	6	11	80	0.1375000
NODE_15755_length_717_cov_14.637540	351	431	2	29	80	0.3625000
NODE_15755_length_717_cov_14.637540	351	431	4	25	80	0.3125000
NODE_15755_length_717_cov_14.637540	351	431	6	26	80	0.3250000
NODE_15756_length_717_cov_12.279935	113	196	0	83	83	1.0000000
NODE_15756_length_717_cov_12.279935	169	249	0	80	80	1.0000000
NODE_15757_length_717_cov_10.711974	353	431	0	30	78	0.3846154
NODE_15757_length_717_cov_10.711974	353	431	2	48	78	0.6153846
NODE_15758_length_717_cov_9.399676	331	411	0	80	80	1.0000000
NODE_15758_length_717_cov_9.399676	384	464	0	80	80	1.0000000
NODE_15762_length_717_cov_5.341424	475	555	2	80	80	1.0000000
NODE_15762_length_717_cov_5.341424	528	608	0	52	80	0.6500000
NODE_15762_length_717_cov_5.341424	528	608	2	28	80	0.3500000
NODE_15770_length_717_cov_3.187702	285	322	0	37	37	1.0000000
NODE_15805_length_716_cov_16.800648	430	510	7	1	80	0.0125000
NODE_15805_length_716_cov_16.800648	430	510	14	79	80	0.9875000
NODE_15805_length_716_cov_16.800648	483	563	7	12	80	0.1500000
NODE_15805_length_716_cov_16.800648	483	563	13	1	80	0.0125000
NODE_15805_length_716_cov_16.800648	483	563	14	67	80	0.8375000
NODE_15806_length_716_cov_12.565640	356	436	2	80	80	1.0000000
NODE_15806_length_716_cov_12.565640	409	489	0	12	80	0.1500000
NODE_15806_length_716_cov_12.565640	409	489	2	68	80	0.8500000
NODE_15807_length_716_cov_9.277147	385	465	0	80	80	1.0000000
NODE_15807_length_716_cov_9.277147	438	518	0	80	80	1.0000000
NODE_15808_length_716_cov_9.257699	302	382	0	50	80	0.6250000
NODE_15808_length_716_cov_9.257699	302	382	2	30	80	0.3750000
NODE_15808_length_716_cov_9.257699	355	435	2	80	80	1.0000000
NODE_15809_length_716_cov_6.761750	263	343	0	37	80	0.4625000
NODE_15809_length_716_cov_6.761750	263	343	4	43	80	0.5375000
NODE_15809_length_716_cov_6.761750	316	396	4	80	80	1.0000000
NODE_15812_length_716_cov_4.909238	236	316	0	80	80	1.0000000
NODE_15812_length_716_cov_4.909238	289	369	0	80	80	1.0000000
NODE_15824_length_716_cov_2.068071	453	481	10	28	28	1.0000000
NODE_15853_length_715_cov_38.795455	260	340	4	28	80	0.3500000
NODE_15853_length_715_cov_38.795455	260	340	6	12	80	0.1500000
NODE_15853_length_715_cov_38.795455	260	340	11	6	80	0.0750000
NODE_15853_length_715_cov_38.795455	260	340	12	34	80	0.4250000
NODE_15853_length_715_cov_38.795455	313	393	8	28	80	0.3500000
NODE_15853_length_715_cov_38.795455	313	393	12	52	80	0.6500000
NODE_15854_length_715_cov_30.344156	316	396	0	80	80	1.0000000
NODE_15854_length_715_cov_30.344156	369	449	0	80	80	1.0000000
NODE_15857_length_715_cov_11.209416	484	564	0	80	80	1.0000000
NODE_15857_length_715_cov_11.209416	537	617	0	80	80	1.0000000
NODE_15858_length_715_cov_10.894481	189	242	0	53	53	1.0000000
NODE_15859_length_715_cov_10.628247	502	582	0	80	80	1.0000000
NODE_15859_length_715_cov_10.628247	555	635	0	80	80	1.0000000
NODE_15860_length_715_cov_8.647727	138	218	0	39	80	0.4875000
NODE_15860_length_715_cov_8.647727	138	218	4	41	80	0.5125000
NODE_15860_length_715_cov_8.647727	191	271	2	13	80	0.1625000
NODE_15860_length_715_cov_8.647727	191	271	4	67	80	0.8375000
NODE_15861_length_715_cov_8.412338	364	444	0	80	80	1.0000000
NODE_15861_length_715_cov_8.412338	417	497	0	80	80	1.0000000
NODE_15864_length_715_cov_5.373377	318	398	0	7	80	0.0875000
NODE_15864_length_715_cov_5.373377	318	398	2	73	80	0.9125000
NODE_15864_length_715_cov_5.373377	371	451	2	80	80	1.0000000
NODE_15898_length_715_cov_1.271104	331	397	0	66	66	1.0000000
NODE_15910_length_714_cov_18.621138	297	377	2	30	80	0.3750000
NODE_15910_length_714_cov_18.621138	297	377	6	50	80	0.6250000
NODE_15910_length_714_cov_18.621138	350	430	4	27	80	0.3375000
NODE_15910_length_714_cov_18.621138	350	430	6	53	80	0.6625000
NODE_15911_length_714_cov_15.468293	268	348	0	18	80	0.2250000
NODE_15911_length_714_cov_15.468293	268	348	2	11	80	0.1375000
NODE_15911_length_714_cov_15.468293	268	348	4	51	80	0.6375000
NODE_15911_length_714_cov_15.468293	321	401	0	5	80	0.0625000
NODE_15911_length_714_cov_15.468293	321	401	2	19	80	0.2375000
NODE_15911_length_714_cov_15.468293	321	401	4	56	80	0.7000000
NODE_15913_length_714_cov_10.530081	218	298	0	80	80	1.0000000
NODE_15913_length_714_cov_10.530081	271	351	0	80	80	1.0000000
NODE_15913_length_714_cov_10.530081	354	434	0	28	80	0.3500000
NODE_15913_length_714_cov_10.530081	354	434	2	41	80	0.5125000
NODE_15913_length_714_cov_10.530081	354	434	4	11	80	0.1375000
NODE_15913_length_714_cov_10.530081	407	487	2	36	80	0.4500000
NODE_15913_length_714_cov_10.530081	407	487	4	44	80	0.5500000
NODE_15914_length_714_cov_8.365854	285	365	0	80	80	1.0000000
NODE_15914_length_714_cov_8.365854	338	418	0	80	80	1.0000000
NODE_15919_length_714_cov_6.993496	263	343	0	80	80	1.0000000
NODE_15919_length_714_cov_6.993496	316	384	0	29	68	0.4264706
NODE_15919_length_714_cov_6.993496	316	384	1	13	68	0.1911765
NODE_15919_length_714_cov_6.993496	316	384	2	26	68	0.3823529
NODE_15921_length_714_cov_4.224390	218	288	5	32	70	0.4571429
NODE_15921_length_714_cov_4.224390	218	288	7	7	70	0.1000000
NODE_15921_length_714_cov_4.224390	218	288	8	31	70	0.4428571
NODE_15921_length_714_cov_4.224390	271	351	5	80	80	1.0000000
NODE_15969_length_713_cov_19.304560	271	351	0	11	80	0.1375000
NODE_15969_length_713_cov_19.304560	271	351	4	5	80	0.0625000
NODE_15969_length_713_cov_19.304560	271	351	6	64	80	0.8000000
NODE_15969_length_713_cov_19.304560	324	404	0	64	80	0.8000000
NODE_15969_length_713_cov_19.304560	324	404	4	2	80	0.0250000
NODE_15969_length_713_cov_19.304560	324	404	6	14	80	0.1750000
NODE_15970_length_713_cov_16.926710	262	342	0	30	80	0.3750000
NODE_15970_length_713_cov_16.926710	262	342	6	50	80	0.6250000
NODE_15970_length_713_cov_16.926710	315	395	0	13	80	0.1625000
NODE_15970_length_713_cov_16.926710	315	395	6	67	80	0.8375000
NODE_15973_length_713_cov_7.159609	351	431	2	80	80	1.0000000
NODE_15973_length_713_cov_7.159609	404	484	0	16	80	0.2000000
NODE_15973_length_713_cov_7.159609	404	484	2	64	80	0.8000000
NODE_15974_length_713_cov_6.723127	379	427	8	28	48	0.5833333
NODE_15974_length_713_cov_6.723127	379	427	9	2	48	0.0416667
NODE_15974_length_713_cov_6.723127	379	427	10	18	48	0.3750000
NODE_15975_length_713_cov_4.954397	90	171	2	81	81	1.0000000
NODE_15975_length_713_cov_4.954397	144	224	0	15	80	0.1875000
NODE_15975_length_713_cov_4.954397	144	224	2	65	80	0.8125000
NODE_15980_length_713_cov_4.302932	402	482	4	55	80	0.6875000
NODE_15980_length_713_cov_4.302932	402	482	8	1	80	0.0125000
NODE_15980_length_713_cov_4.302932	402	482	10	24	80	0.3000000
NODE_15980_length_713_cov_4.302932	455	535	4	2	80	0.0250000
NODE_15980_length_713_cov_4.302932	455	535	6	2	80	0.0250000
NODE_15980_length_713_cov_4.302932	455	535	7	4	80	0.0500000
NODE_15980_length_713_cov_4.302932	455	535	8	27	80	0.3375000
NODE_15980_length_713_cov_4.302932	455	535	10	45	80	0.5625000
NODE_16004_length_713_cov_1.939739	15	75	0	60	60	1.0000000
NODE_16010_length_713_cov_1.605863	81	161	2	40	80	0.5000000
NODE_16010_length_713_cov_1.605863	81	161	4	40	80	0.5000000
NODE_16010_length_713_cov_1.605863	134	214	2	41	80	0.5125000
NODE_16010_length_713_cov_1.605863	134	214	4	39	80	0.4875000
NODE_16052_length_712_cov_32.931485	289	369	0	7	80	0.0875000
NODE_16052_length_712_cov_32.931485	289	369	2	73	80	0.9125000
NODE_16052_length_712_cov_32.931485	342	422	2	80	80	1.0000000
NODE_16053_length_712_cov_31.752039	185	251	0	2	66	0.0303030
NODE_16053_length_712_cov_31.752039	185	251	8	64	66	0.9696970
NODE_16053_length_712_cov_31.752039	228	307	8	79	79	1.0000000
NODE_16054_length_712_cov_22.567700	228	308	2	65	80	0.8125000
NODE_16054_length_712_cov_22.567700	228	308	18	13	80	0.1625000
NODE_16054_length_712_cov_22.567700	228	308	20	2	80	0.0250000
NODE_16054_length_712_cov_22.567700	281	361	2	12	80	0.1500000
NODE_16054_length_712_cov_22.567700	281	361	18	38	80	0.4750000
NODE_16054_length_712_cov_22.567700	281	361	20	2	80	0.0250000
NODE_16054_length_712_cov_22.567700	281	361	31	1	80	0.0125000
NODE_16054_length_712_cov_22.567700	281	361	34	27	80	0.3375000
NODE_16055_length_712_cov_19.306688	238	318	0	29	80	0.3625000
NODE_16055_length_712_cov_19.306688	238	318	6	20	80	0.2500000
NODE_16055_length_712_cov_19.306688	238	318	8	1	80	0.0125000
NODE_16055_length_712_cov_19.306688	238	318	9	9	80	0.1125000
NODE_16055_length_712_cov_19.306688	238	318	12	21	80	0.2625000
NODE_16055_length_712_cov_19.306688	291	371	6	7	80	0.0875000
NODE_16055_length_712_cov_19.306688	291	371	9	6	80	0.0750000
NODE_16055_length_712_cov_19.306688	291	371	12	67	80	0.8375000
NODE_16056_length_712_cov_14.929853	332	412	0	26	80	0.3250000
NODE_16056_length_712_cov_14.929853	332	412	4	54	80	0.6750000
NODE_16056_length_712_cov_14.929853	385	465	4	80	80	1.0000000
NODE_16057_length_712_cov_14.228385	250	330	2	26	80	0.3250000
NODE_16057_length_712_cov_14.228385	250	330	4	8	80	0.1000000
NODE_16057_length_712_cov_14.228385	250	330	6	9	80	0.1125000
NODE_16057_length_712_cov_14.228385	250	330	8	37	80	0.4625000
NODE_16057_length_712_cov_14.228385	303	383	2	6	80	0.0750000
NODE_16057_length_712_cov_14.228385	303	383	4	14	80	0.1750000
NODE_16057_length_712_cov_14.228385	303	383	6	16	80	0.2000000
NODE_16057_length_712_cov_14.228385	303	383	8	44	80	0.5500000
NODE_16059_length_712_cov_9.221860	326	406	0	33	80	0.4125000
NODE_16059_length_712_cov_9.221860	326	406	2	47	80	0.5875000
NODE_16059_length_712_cov_9.221860	379	463	0	22	84	0.2619048
NODE_16059_length_712_cov_9.221860	379	463	2	62	84	0.7380952
NODE_16060_length_712_cov_8.368679	331	411	0	80	80	1.0000000
NODE_16060_length_712_cov_8.368679	384	464	0	80	80	1.0000000
NODE_16079_length_712_cov_2.350734	466	510	0	44	44	1.0000000
NODE_16118_length_711_cov_36.459150	146	223	2	77	77	1.0000000
NODE_16118_length_711_cov_36.459150	199	280	0	44	81	0.5432099
NODE_16118_length_711_cov_36.459150	199	280	2	37	81	0.4567901
NODE_16119_length_711_cov_26.702614	460	540	0	15	80	0.1875000
NODE_16119_length_711_cov_26.702614	460	540	4	31	80	0.3875000
NODE_16119_length_711_cov_26.702614	460	540	6	20	80	0.2500000
NODE_16119_length_711_cov_26.702614	460	540	10	14	80	0.1750000
NODE_16119_length_711_cov_26.702614	513	593	6	38	80	0.4750000
NODE_16119_length_711_cov_26.702614	513	593	10	42	80	0.5250000
NODE_16120_length_711_cov_19.632353	329	409	0	80	80	1.0000000
NODE_16120_length_711_cov_19.632353	382	462	0	80	80	1.0000000
NODE_16121_length_711_cov_19.267974	283	363	0	8	80	0.1000000
NODE_16121_length_711_cov_19.267974	283	363	2	72	80	0.9000000
NODE_16121_length_711_cov_19.267974	336	416	0	13	80	0.1625000
NODE_16121_length_711_cov_19.267974	336	416	2	67	80	0.8375000
NODE_16122_length_711_cov_12.813725	255	334	12	7	79	0.0886076
NODE_16122_length_711_cov_12.813725	255	334	14	17	79	0.2151899
NODE_16122_length_711_cov_12.813725	255	334	16	55	79	0.6962025
NODE_16123_length_711_cov_12.147059	314	394	0	80	80	1.0000000
NODE_16123_length_711_cov_12.147059	367	447	0	80	80	1.0000000
NODE_16124_length_711_cov_10.009804	336	415	0	79	79	1.0000000
NODE_16127_length_711_cov_5.619281	276	356	0	16	80	0.2000000
NODE_16127_length_711_cov_5.619281	276	356	4	64	80	0.8000000
NODE_16127_length_711_cov_5.619281	329	409	0	69	80	0.8625000
NODE_16127_length_711_cov_5.619281	329	409	4	11	80	0.1375000
NODE_16130_length_711_cov_4.040850	165	245	1	13	80	0.1625000
NODE_16130_length_711_cov_4.040850	165	245	3	1	80	0.0125000
NODE_16130_length_711_cov_4.040850	165	245	4	66	80	0.8250000
NODE_16130_length_711_cov_4.040850	218	298	2	18	80	0.2250000
NODE_16130_length_711_cov_4.040850	218	298	4	62	80	0.7750000
NODE_16167_length_710_cov_73.721768	626	706	0	80	80	1.0000000
NODE_16168_length_710_cov_21.772504	292	372	0	59	80	0.7375000
NODE_16168_length_710_cov_21.772504	292	372	2	11	80	0.1375000
NODE_16168_length_710_cov_21.772504	292	372	4	10	80	0.1250000
NODE_16168_length_710_cov_21.772504	345	425	0	6	80	0.0750000
NODE_16168_length_710_cov_21.772504	345	425	2	11	80	0.1375000
NODE_16168_length_710_cov_21.772504	345	425	4	63	80	0.7875000
NODE_16169_length_710_cov_21.597381	18	54	2	36	36	1.0000000
NODE_16170_length_710_cov_13.155483	306	386	0	80	80	1.0000000
NODE_16170_length_710_cov_13.155483	359	439	0	80	80	1.0000000
NODE_16173_length_710_cov_8.031097	316	396	0	5	80	0.0625000
NODE_16173_length_710_cov_8.031097	316	396	2	75	80	0.9375000
NODE_16173_length_710_cov_8.031097	369	449	0	10	80	0.1250000
NODE_16173_length_710_cov_8.031097	369	449	2	70	80	0.8750000
NODE_16175_length_710_cov_6.664484	264	344	0	80	80	1.0000000
NODE_16178_length_710_cov_5.590835	352	421	6	7	69	0.1014493
NODE_16178_length_710_cov_5.590835	352	421	8	6	69	0.0869565
NODE_16178_length_710_cov_5.590835	352	421	10	56	69	0.8115942
NODE_16178_length_710_cov_5.590835	394	474	0	4	80	0.0500000
NODE_16178_length_710_cov_5.590835	394	474	2	2	80	0.0250000
NODE_16178_length_710_cov_5.590835	394	474	4	38	80	0.4750000
NODE_16178_length_710_cov_5.590835	394	474	6	16	80	0.2000000
NODE_16178_length_710_cov_5.590835	394	474	10	20	80	0.2500000
NODE_16180_length_710_cov_5.356792	248	328	6	13	80	0.1625000
NODE_16180_length_710_cov_5.356792	248	328	8	67	80	0.8375000
NODE_16180_length_710_cov_5.356792	301	381	2	36	80	0.4500000
NODE_16180_length_710_cov_5.356792	301	381	4	11	80	0.1375000
NODE_16180_length_710_cov_5.356792	301	381	8	33	80	0.4125000
NODE_16233_length_709_cov_12.227869	347	427	4	80	80	1.0000000
NODE_16233_length_709_cov_12.227869	400	480	0	39	80	0.4875000
NODE_16233_length_709_cov_12.227869	400	480	4	41	80	0.5125000
NODE_16234_length_709_cov_10.531148	279	359	4	80	80	1.0000000
NODE_16234_length_709_cov_10.531148	332	412	0	51	80	0.6375000
NODE_16234_length_709_cov_10.531148	332	412	4	29	80	0.3625000
NODE_16238_length_709_cov_7.181967	225	305	0	43	80	0.5375000
NODE_16238_length_709_cov_7.181967	225	305	2	37	80	0.4625000
NODE_16238_length_709_cov_7.181967	279	312	2	33	33	1.0000000
NODE_16241_length_709_cov_5.888525	239	319	0	80	80	1.0000000
NODE_16241_length_709_cov_5.888525	292	372	0	80	80	1.0000000
NODE_16294_length_708_cov_42.435140	307	387	0	9	80	0.1125000
NODE_16294_length_708_cov_42.435140	307	387	2	1	80	0.0125000
NODE_16294_length_708_cov_42.435140	307	387	8	2	80	0.0250000
NODE_16294_length_708_cov_42.435140	307	387	12	27	80	0.3375000
NODE_16294_length_708_cov_42.435140	307	387	14	41	80	0.5125000
NODE_16294_length_708_cov_42.435140	360	440	12	47	80	0.5875000
NODE_16294_length_708_cov_42.435140	360	440	14	33	80	0.4125000
NODE_16296_length_708_cov_33.412151	235	315	2	18	80	0.2250000
NODE_16296_length_708_cov_33.412151	235	315	3	1	80	0.0125000
NODE_16296_length_708_cov_33.412151	235	315	4	15	80	0.1875000
NODE_16296_length_708_cov_33.412151	235	315	5	46	80	0.5750000
NODE_16296_length_708_cov_33.412151	288	368	2	71	80	0.8875000
NODE_16296_length_708_cov_33.412151	288	368	3	1	80	0.0125000
NODE_16296_length_708_cov_33.412151	288	368	4	1	80	0.0125000
NODE_16296_length_708_cov_33.412151	288	368	5	7	80	0.0875000
NODE_16297_length_708_cov_23.034483	316	396	0	80	80	1.0000000
NODE_16297_length_708_cov_23.034483	369	449	0	80	80	1.0000000
NODE_16298_length_708_cov_20.449918	254	334	2	20	80	0.2500000
NODE_16298_length_708_cov_20.449918	254	334	8	60	80	0.7500000
NODE_16298_length_708_cov_20.449918	307	387	0	2	80	0.0250000
NODE_16298_length_708_cov_20.449918	307	387	5	1	80	0.0125000
NODE_16298_length_708_cov_20.449918	307	387	6	30	80	0.3750000
NODE_16298_length_708_cov_20.449918	307	387	8	47	80	0.5875000
NODE_16299_length_708_cov_19.998358	238	318	0	21	80	0.2625000
NODE_16299_length_708_cov_19.998358	238	318	4	16	80	0.2000000
NODE_16299_length_708_cov_19.998358	238	318	10	43	80	0.5375000
NODE_16299_length_708_cov_19.998358	291	371	10	35	80	0.4375000
NODE_16299_length_708_cov_19.998358	291	371	12	45	80	0.5625000
NODE_16300_length_708_cov_19.021346	366	446	10	34	80	0.4250000
NODE_16300_length_708_cov_19.021346	366	446	12	46	80	0.5750000
NODE_16300_length_708_cov_19.021346	419	499	0	2	80	0.0250000
NODE_16300_length_708_cov_19.021346	419	499	2	11	80	0.1375000
NODE_16300_length_708_cov_19.021346	419	499	4	9	80	0.1125000
NODE_16300_length_708_cov_19.021346	419	499	6	26	80	0.3250000
NODE_16300_length_708_cov_19.021346	419	499	8	5	80	0.0625000
NODE_16300_length_708_cov_19.021346	419	499	12	27	80	0.3375000
NODE_16302_length_708_cov_12.228243	181	263	0	20	82	0.2439024
NODE_16302_length_708_cov_12.228243	181	263	2	42	82	0.5121951
NODE_16302_length_708_cov_12.228243	181	263	4	6	82	0.0731707
NODE_16302_length_708_cov_12.228243	181	263	5	6	82	0.0731707
NODE_16302_length_708_cov_12.228243	181	263	7	8	82	0.0975610
NODE_16302_length_708_cov_12.228243	188	268	0	20	80	0.2500000
NODE_16302_length_708_cov_12.228243	188	268	2	35	80	0.4375000
NODE_16302_length_708_cov_12.228243	188	268	4	6	80	0.0750000
NODE_16302_length_708_cov_12.228243	188	268	5	6	80	0.0750000
NODE_16302_length_708_cov_12.228243	188	268	7	13	80	0.1625000
NODE_16302_length_708_cov_12.228243	236	316	0	7	80	0.0875000
NODE_16302_length_708_cov_12.228243	236	316	4	6	80	0.0750000
NODE_16302_length_708_cov_12.228243	236	316	5	6	80	0.0750000
NODE_16302_length_708_cov_12.228243	236	316	7	44	80	0.5500000
NODE_16302_length_708_cov_12.228243	236	316	8	17	80	0.2125000
NODE_16302_length_708_cov_12.228243	312	392	2	19	80	0.2375000
NODE_16302_length_708_cov_12.228243	312	392	4	37	80	0.4625000
NODE_16302_length_708_cov_12.228243	312	392	8	24	80	0.3000000
NODE_16302_length_708_cov_12.228243	312	392	2	19	80	0.2375000
NODE_16302_length_708_cov_12.228243	312	392	4	37	80	0.4625000
NODE_16302_length_708_cov_12.228243	312	392	8	24	80	0.3000000
NODE_16302_length_708_cov_12.228243	365	445	1	21	80	0.2625000
NODE_16302_length_708_cov_12.228243	365	445	3	25	80	0.3125000
NODE_16302_length_708_cov_12.228243	365	445	4	34	80	0.4250000
NODE_16303_length_708_cov_11.338259	255	335	4	80	80	1.0000000
NODE_16303_length_708_cov_11.338259	308	388	0	42	80	0.5250000
NODE_16303_length_708_cov_11.338259	308	388	4	38	80	0.4750000
NODE_16305_length_708_cov_9.676519	219	299	0	13	80	0.1625000
NODE_16305_length_708_cov_9.676519	219	299	4	67	80	0.8375000
NODE_16305_length_708_cov_9.676519	272	352	2	5	80	0.0625000
NODE_16305_length_708_cov_9.676519	272	352	4	65	80	0.8125000
NODE_16305_length_708_cov_9.676519	272	352	6	10	80	0.1250000
NODE_16306_length_708_cov_8.638752	324	399	0	75	75	1.0000000
NODE_16330_length_708_cov_2.699507	358	398	2	40	40	1.0000000
NODE_16370_length_707_cov_30.067434	325	405	0	80	80	1.0000000
NODE_16370_length_707_cov_30.067434	378	458	0	80	80	1.0000000
NODE_16371_length_707_cov_26.555921	241	321	4	80	80	1.0000000
NODE_16371_length_707_cov_26.555921	294	374	0	30	80	0.3750000
NODE_16371_length_707_cov_26.555921	294	374	4	50	80	0.6250000
NODE_16372_length_707_cov_23.972039	322	402	0	13	80	0.1625000
NODE_16372_length_707_cov_23.972039	322	402	2	67	80	0.8375000
NODE_16372_length_707_cov_23.972039	375	455	0	20	80	0.2500000
NODE_16372_length_707_cov_23.972039	375	455	2	60	80	0.7500000
NODE_16373_length_707_cov_20.348684	157	237	2	12	80	0.1500000
NODE_16373_length_707_cov_20.348684	157	237	4	41	80	0.5125000
NODE_16373_length_707_cov_20.348684	157	237	6	27	80	0.3375000
NODE_16373_length_707_cov_20.348684	210	281	4	25	71	0.3521127
NODE_16373_length_707_cov_20.348684	210	281	6	46	71	0.6478873
NODE_16374_length_707_cov_18.970395	253	333	0	80	80	1.0000000
NODE_16374_length_707_cov_18.970395	306	386	0	80	80	1.0000000
NODE_16375_length_707_cov_14.324013	302	382	2	10	80	0.1250000
NODE_16375_length_707_cov_14.324013	302	382	4	51	80	0.6375000
NODE_16375_length_707_cov_14.324013	302	382	6	18	80	0.2250000
NODE_16375_length_707_cov_14.324013	302	382	8	1	80	0.0125000
NODE_16375_length_707_cov_14.324013	355	435	4	38	80	0.4750000
NODE_16375_length_707_cov_14.324013	355	435	6	41	80	0.5125000
NODE_16375_length_707_cov_14.324013	355	435	8	1	80	0.0125000
NODE_16378_length_707_cov_5.062500	313	393	0	80	80	1.0000000
NODE_16441_length_706_cov_34.116969	272	352	7	5	80	0.0625000
NODE_16441_length_706_cov_34.116969	272	352	9	25	80	0.3125000
NODE_16441_length_706_cov_34.116969	272	352	10	10	80	0.1250000
NODE_16441_length_706_cov_34.116969	272	352	11	2	80	0.0250000
NODE_16441_length_706_cov_34.116969	272	352	13	38	80	0.4750000
NODE_16441_length_706_cov_34.116969	325	405	0	6	80	0.0750000
NODE_16441_length_706_cov_34.116969	325	405	1	1	80	0.0125000
NODE_16441_length_706_cov_34.116969	325	405	2	7	80	0.0875000
NODE_16441_length_706_cov_34.116969	325	405	4	9	80	0.1125000
NODE_16441_length_706_cov_34.116969	325	405	6	19	80	0.2375000
NODE_16441_length_706_cov_34.116969	325	405	10	21	80	0.2625000
NODE_16441_length_706_cov_34.116969	325	405	13	17	80	0.2125000
NODE_16442_length_706_cov_27.220758	229	309	0	26	80	0.3250000
NODE_16442_length_706_cov_27.220758	229	309	2	13	80	0.1625000
NODE_16442_length_706_cov_27.220758	229	309	4	22	80	0.2750000
NODE_16442_length_706_cov_27.220758	229	309	50	19	80	0.2375000
NODE_16442_length_706_cov_27.220758	282	362	4	8	80	0.1000000
NODE_16442_length_706_cov_27.220758	282	362	48	1	80	0.0125000
NODE_16442_length_706_cov_27.220758	282	362	50	71	80	0.8875000
NODE_16443_length_706_cov_20.380560	264	344	0	22	80	0.2750000
NODE_16443_length_706_cov_20.380560	264	344	2	58	80	0.7250000
NODE_16443_length_706_cov_20.380560	317	397	0	75	80	0.9375000
NODE_16443_length_706_cov_20.380560	317	397	2	5	80	0.0625000
NODE_16444_length_706_cov_19.525535	289	369	0	80	80	1.0000000
NODE_16444_length_706_cov_19.525535	342	422	0	80	80	1.0000000
NODE_16454_length_706_cov_3.344316	465	545	2	80	80	1.0000000
NODE_16454_length_706_cov_3.344316	518	598	0	38	80	0.4750000
NODE_16454_length_706_cov_3.344316	518	598	2	42	80	0.5250000
NODE_16494_length_705_cov_19.211221	118	198	0	1	80	0.0125000
NODE_16494_length_705_cov_19.211221	118	198	2	79	80	0.9875000
NODE_16494_length_705_cov_19.211221	171	250	2	79	79	1.0000000
NODE_16495_length_705_cov_16.338284	291	339	1	9	48	0.1875000
NODE_16495_length_705_cov_16.338284	291	339	2	39	48	0.8125000
NODE_16495_length_705_cov_16.338284	336	406	1	12	70	0.1714286
NODE_16495_length_705_cov_16.338284	336	406	2	58	70	0.8285714
NODE_16496_length_705_cov_14.354785	209	289	0	80	80	1.0000000
NODE_16496_length_705_cov_14.354785	262	342	0	80	80	1.0000000
NODE_16497_length_705_cov_12.231023	293	373	2	52	80	0.6500000
NODE_16497_length_705_cov_12.231023	293	373	4	28	80	0.3500000
NODE_16497_length_705_cov_12.231023	346	426	2	2	80	0.0250000
NODE_16497_length_705_cov_12.231023	346	426	4	78	80	0.9750000
NODE_16498_length_705_cov_11.836634	390	470	3	18	80	0.2250000
NODE_16498_length_705_cov_11.836634	390	470	4	27	80	0.3375000
NODE_16498_length_705_cov_11.836634	390	470	6	35	80	0.4375000
NODE_16498_length_705_cov_11.836634	443	523	1	8	80	0.1000000
NODE_16498_length_705_cov_11.836634	443	523	3	7	80	0.0875000
NODE_16498_length_705_cov_11.836634	443	523	4	57	80	0.7125000
NODE_16498_length_705_cov_11.836634	443	523	6	8	80	0.1000000
NODE_16499_length_705_cov_10.049505	382	479	0	97	97	1.0000000
NODE_16499_length_705_cov_10.049505	452	532	0	80	80	1.0000000
NODE_16507_length_705_cov_4.275578	358	438	0	80	80	1.0000000
NODE_16507_length_705_cov_4.275578	411	491	0	80	80	1.0000000
NODE_16509_length_705_cov_4.018152	306	364	0	13	58	0.2241379
NODE_16509_length_705_cov_4.018152	306	364	2	31	58	0.5344828
NODE_16509_length_705_cov_4.018152	306	364	4	14	58	0.2413793
NODE_16509_length_705_cov_4.018152	337	410	2	13	73	0.1780822
NODE_16509_length_705_cov_4.018152	337	410	4	60	73	0.8219178
NODE_16511_length_705_cov_3.620462	253	315	12	3	62	0.0483871
NODE_16511_length_705_cov_3.620462	253	315	14	56	62	0.9032258
NODE_16511_length_705_cov_3.620462	253	315	16	3	62	0.0483871
NODE_16511_length_705_cov_3.620462	308	368	2	7	60	0.1166667
NODE_16511_length_705_cov_3.620462	308	368	8	4	60	0.0666667
NODE_16511_length_705_cov_3.620462	308	368	10	10	60	0.1666667
NODE_16511_length_705_cov_3.620462	308	368	14	39	60	0.6500000
NODE_16527_length_705_cov_1.607261	462	531	2	11	69	0.1594203
NODE_16527_length_705_cov_1.607261	462	531	4	58	69	0.8405797
NODE_16549_length_705_cov_0.529703	33	97	0	64	64	1.0000000
NODE_16549_length_705_cov_0.529703	86	150	0	64	64	1.0000000
NODE_16550_length_704_cov_18.256198	295	375	2	1	80	0.0125000
NODE_16550_length_704_cov_18.256198	295	375	6	7	80	0.0875000
NODE_16550_length_704_cov_18.256198	295	375	7	72	80	0.9000000
NODE_16550_length_704_cov_18.256198	348	428	1	3	80	0.0375000
NODE_16550_length_704_cov_18.256198	348	428	2	51	80	0.6375000
NODE_16550_length_704_cov_18.256198	348	428	7	26	80	0.3250000
NODE_16552_length_704_cov_16.662810	264	344	17	8	80	0.1000000
NODE_16552_length_704_cov_16.662810	264	344	18	22	80	0.2750000
NODE_16552_length_704_cov_16.662810	264	344	20	3	80	0.0375000
NODE_16552_length_704_cov_16.662810	264	344	22	6	80	0.0750000
NODE_16552_length_704_cov_16.662810	264	344	25	1	80	0.0125000
NODE_16552_length_704_cov_16.662810	264	344	26	2	80	0.0250000
NODE_16552_length_704_cov_16.662810	264	344	27	27	80	0.3375000
NODE_16552_length_704_cov_16.662810	264	344	29	11	80	0.1375000
NODE_16552_length_704_cov_16.662810	317	397	11	11	80	0.1375000
NODE_16552_length_704_cov_16.662810	317	397	13	20	80	0.2500000
NODE_16552_length_704_cov_16.662810	317	397	21	1	80	0.0125000
NODE_16552_length_704_cov_16.662810	317	397	22	17	80	0.2125000
NODE_16552_length_704_cov_16.662810	317	397	26	6	80	0.0750000
NODE_16552_length_704_cov_16.662810	317	397	27	14	80	0.1750000
NODE_16552_length_704_cov_16.662810	317	397	29	11	80	0.1375000
NODE_16553_length_704_cov_12.641322	294	374	7	7	80	0.0875000
NODE_16553_length_704_cov_12.641322	294	374	10	73	80	0.9125000
NODE_16553_length_704_cov_12.641322	347	427	3	15	80	0.1875000
NODE_16553_length_704_cov_12.641322	347	427	6	8	80	0.1000000
NODE_16553_length_704_cov_12.641322	347	427	10	57	80	0.7125000
NODE_16557_length_704_cov_5.603306	440	498	0	58	58	1.0000000
NODE_16564_length_704_cov_3.535537	303	383	2	80	80	1.0000000
NODE_16564_length_704_cov_3.535537	369	436	2	56	67	0.8358209
NODE_16564_length_704_cov_3.535537	369	436	4	11	67	0.1641791
NODE_16578_length_704_cov_1.963636	345	425	0	80	80	1.0000000
NODE_16578_length_704_cov_1.963636	398	478	0	80	80	1.0000000
NODE_16598_length_703_cov_44.102649	514	594	4	42	80	0.5250000
NODE_16598_length_703_cov_44.102649	514	594	6	2	80	0.0250000
NODE_16598_length_703_cov_44.102649	514	594	8	36	80	0.4500000
NODE_16598_length_703_cov_44.102649	567	647	2	26	80	0.3250000
NODE_16598_length_703_cov_44.102649	567	647	4	50	80	0.6250000
NODE_16598_length_703_cov_44.102649	567	647	8	4	80	0.0500000
NODE_16599_length_703_cov_33.067881	521	594	75	1	73	0.0136986
NODE_16599_length_703_cov_33.067881	521	594	77	5	73	0.0684932
NODE_16599_length_703_cov_33.067881	521	594	79	2	73	0.0273973
NODE_16599_length_703_cov_33.067881	521	594	85	2	73	0.0273973
NODE_16599_length_703_cov_33.067881	521	594	89	4	73	0.0547945
NODE_16599_length_703_cov_33.067881	521	594	93	4	73	0.0547945
NODE_16599_length_703_cov_33.067881	521	594	94	1	73	0.0136986
NODE_16599_length_703_cov_33.067881	521	594	95	4	73	0.0547945
NODE_16599_length_703_cov_33.067881	521	594	96	3	73	0.0410959
NODE_16599_length_703_cov_33.067881	521	594	97	13	73	0.1780822
NODE_16599_length_703_cov_33.067881	521	594	98	2	73	0.0273973
NODE_16599_length_703_cov_33.067881	521	594	99	5	73	0.0684932
NODE_16599_length_703_cov_33.067881	521	594	101	12	73	0.1643836
NODE_16599_length_703_cov_33.067881	521	594	105	3	73	0.0410959
NODE_16599_length_703_cov_33.067881	521	594	107	6	73	0.0821918
NODE_16599_length_703_cov_33.067881	521	594	109	1	73	0.0136986
NODE_16599_length_703_cov_33.067881	521	594	111	4	73	0.0547945
NODE_16599_length_703_cov_33.067881	521	594	113	1	73	0.0136986
NODE_16599_length_703_cov_33.067881	561	602	97	5	41	0.1219512
NODE_16599_length_703_cov_33.067881	561	602	99	1	41	0.0243902
NODE_16599_length_703_cov_33.067881	561	602	101	13	41	0.3170732
NODE_16599_length_703_cov_33.067881	561	602	104	7	41	0.1707317
NODE_16599_length_703_cov_33.067881	561	602	105	3	41	0.0731707
NODE_16599_length_703_cov_33.067881	561	602	107	6	41	0.1463415
NODE_16599_length_703_cov_33.067881	561	602	109	1	41	0.0243902
NODE_16599_length_703_cov_33.067881	561	602	111	4	41	0.0975610
NODE_16599_length_703_cov_33.067881	561	602	113	1	41	0.0243902
NODE_16600_length_703_cov_30.266556	312	392	2	9	80	0.1125000
NODE_16600_length_703_cov_30.266556	312	392	4	8	80	0.1000000
NODE_16600_length_703_cov_30.266556	312	392	6	63	80	0.7875000
NODE_16600_length_703_cov_30.266556	365	445	0	16	80	0.2000000
NODE_16600_length_703_cov_30.266556	365	445	4	45	80	0.5625000
NODE_16600_length_703_cov_30.266556	365	445	6	19	80	0.2375000
NODE_16601_length_703_cov_17.006623	449	529	2	61	80	0.7625000
NODE_16601_length_703_cov_17.006623	449	529	4	19	80	0.2375000
NODE_16601_length_703_cov_17.006623	502	582	2	61	80	0.7625000
NODE_16601_length_703_cov_17.006623	502	582	4	19	80	0.2375000
NODE_16602_length_703_cov_14.801325	383	463	0	20	80	0.2500000
NODE_16602_length_703_cov_14.801325	383	463	2	60	80	0.7500000
NODE_16602_length_703_cov_14.801325	436	516	0	15	80	0.1875000
NODE_16602_length_703_cov_14.801325	436	516	2	65	80	0.8125000
NODE_16603_length_703_cov_11.766556	308	388	0	4	80	0.0500000
NODE_16603_length_703_cov_11.766556	308	388	2	59	80	0.7375000
NODE_16603_length_703_cov_11.766556	308	388	6	17	80	0.2125000
NODE_16603_length_703_cov_11.766556	361	441	2	10	80	0.1250000
NODE_16603_length_703_cov_11.766556	361	441	4	1	80	0.0125000
NODE_16603_length_703_cov_11.766556	361	441	6	69	80	0.8625000
NODE_16604_length_703_cov_10.405629	213	293	4	80	80	1.0000000
NODE_16604_length_703_cov_10.405629	266	301	2	3	35	0.0857143
NODE_16604_length_703_cov_10.405629	266	301	4	32	35	0.9142857
NODE_16605_length_703_cov_6.966887	381	440	0	59	59	1.0000000
NODE_16616_length_703_cov_3.491722	256	309	0	52	53	0.9811321
NODE_16616_length_703_cov_3.491722	256	309	2	1	53	0.0188679
NODE_16616_length_703_cov_3.491722	257	337	0	80	80	1.0000000
NODE_16616_length_703_cov_3.491722	305	362	0	57	57	1.0000000
NODE_16624_length_703_cov_2.687086	216	296	0	6	80	0.0750000
NODE_16624_length_703_cov_2.687086	216	296	2	52	80	0.6500000
NODE_16624_length_703_cov_2.687086	216	296	4	22	80	0.2750000
NODE_16624_length_703_cov_2.687086	269	349	2	15	80	0.1875000
NODE_16624_length_703_cov_2.687086	269	349	4	65	80	0.8125000
NODE_16663_length_702_cov_49.784411	221	299	0	7	78	0.0897436
NODE_16663_length_702_cov_49.784411	221	299	4	71	78	0.9102564
NODE_16663_length_702_cov_49.784411	277	352	0	60	75	0.8000000
NODE_16663_length_702_cov_49.784411	277	352	4	15	75	0.2000000
NODE_16664_length_702_cov_26.570481	201	281	0	8	80	0.1000000
NODE_16664_length_702_cov_26.570481	201	281	2	59	80	0.7375000
NODE_16664_length_702_cov_26.570481	201	281	5	4	80	0.0500000
NODE_16664_length_702_cov_26.570481	201	281	15	9	80	0.1125000
NODE_16664_length_702_cov_26.570481	254	334	2	14	80	0.1750000
NODE_16664_length_702_cov_26.570481	254	334	5	4	80	0.0500000
NODE_16664_length_702_cov_26.570481	254	334	13	37	80	0.4625000
NODE_16664_length_702_cov_26.570481	254	334	15	25	80	0.3125000
NODE_16665_length_702_cov_23.971808	139	219	6	27	80	0.3375000
NODE_16665_length_702_cov_23.971808	139	219	7	34	80	0.4250000
NODE_16665_length_702_cov_23.971808	139	219	8	13	80	0.1625000
NODE_16665_length_702_cov_23.971808	139	219	10	6	80	0.0750000
NODE_16665_length_702_cov_23.971808	192	272	0	10	80	0.1250000
NODE_16665_length_702_cov_23.971808	192	272	3	9	80	0.1125000
NODE_16665_length_702_cov_23.971808	192	272	4	7	80	0.0875000
NODE_16665_length_702_cov_23.971808	192	272	5	1	80	0.0125000
NODE_16665_length_702_cov_23.971808	192	272	6	53	80	0.6625000
NODE_16665_length_702_cov_23.971808	268	348	0	1	80	0.0125000
NODE_16665_length_702_cov_23.971808	268	348	2	7	80	0.0875000
NODE_16665_length_702_cov_23.971808	268	348	6	30	80	0.3750000
NODE_16665_length_702_cov_23.971808	268	348	8	42	80	0.5250000
NODE_16665_length_702_cov_23.971808	321	401	0	54	80	0.6750000
NODE_16665_length_702_cov_23.971808	321	401	2	7	80	0.0875000
NODE_16665_length_702_cov_23.971808	321	401	6	7	80	0.0875000
NODE_16665_length_702_cov_23.971808	321	401	8	12	80	0.1500000
NODE_16666_length_702_cov_23.827529	448	528	2	56	80	0.7000000
NODE_16666_length_702_cov_23.827529	448	528	4	24	80	0.3000000
NODE_16666_length_702_cov_23.827529	501	581	2	18	80	0.2250000
NODE_16666_length_702_cov_23.827529	501	581	4	62	80	0.7750000
NODE_16667_length_702_cov_14.661692	424	504	0	44	80	0.5500000
NODE_16667_length_702_cov_14.661692	424	504	1	9	80	0.1125000
NODE_16667_length_702_cov_14.661692	424	504	3	7	80	0.0875000
NODE_16667_length_702_cov_14.661692	424	504	4	20	80	0.2500000
NODE_16667_length_702_cov_14.661692	477	557	3	7	80	0.0875000
NODE_16667_length_702_cov_14.661692	477	557	4	73	80	0.9125000
NODE_16668_length_702_cov_13.908789	259	304	6	2	45	0.0444444
NODE_16668_length_702_cov_13.908789	259	304	8	4	45	0.0888889
NODE_16668_length_702_cov_13.908789	259	304	10	3	45	0.0666667
NODE_16668_length_702_cov_13.908789	259	304	12	1	45	0.0222222
NODE_16668_length_702_cov_13.908789	259	304	14	12	45	0.2666667
NODE_16668_length_702_cov_13.908789	259	304	16	6	45	0.1333333
NODE_16668_length_702_cov_13.908789	259	304	18	14	45	0.3111111
NODE_16668_length_702_cov_13.908789	259	304	20	3	45	0.0666667
NODE_16668_length_702_cov_13.908789	277	357	12	12	80	0.1500000
NODE_16668_length_702_cov_13.908789	277	357	14	5	80	0.0625000
NODE_16668_length_702_cov_13.908789	277	357	16	6	80	0.0750000
NODE_16668_length_702_cov_13.908789	277	357	18	33	80	0.4125000
NODE_16668_length_702_cov_13.908789	277	357	20	24	80	0.3000000
NODE_16668_length_702_cov_13.908789	289	357	12	12	68	0.1764706
NODE_16668_length_702_cov_13.908789	289	357	14	1	68	0.0147059
NODE_16668_length_702_cov_13.908789	289	357	18	31	68	0.4558823
NODE_16668_length_702_cov_13.908789	289	357	20	24	68	0.3529412
NODE_16669_length_702_cov_8.502488	337	417	0	70	80	0.8750000
NODE_16669_length_702_cov_8.502488	337	417	4	10	80	0.1250000
NODE_16669_length_702_cov_8.502488	390	470	0	17	80	0.2125000
NODE_16669_length_702_cov_8.502488	390	470	4	63	80	0.7875000
NODE_16671_length_702_cov_6.470978	209	289	2	29	80	0.3625000
NODE_16671_length_702_cov_6.470978	209	289	6	51	80	0.6375000
NODE_16671_length_702_cov_6.470978	262	342	0	10	80	0.1250000
NODE_16671_length_702_cov_6.470978	262	342	4	17	80	0.2125000
NODE_16671_length_702_cov_6.470978	262	342	6	53	80	0.6625000
NODE_16729_length_701_cov_38.715947	178	258	4	2	80	0.0250000
NODE_16729_length_701_cov_38.715947	178	258	7	17	80	0.2125000
NODE_16729_length_701_cov_38.715947	178	258	8	20	80	0.2500000
NODE_16729_length_701_cov_38.715947	178	258	9	2	80	0.0250000
NODE_16729_length_701_cov_38.715947	178	258	11	39	80	0.4875000
NODE_16729_length_701_cov_38.715947	231	311	7	5	80	0.0625000
NODE_16729_length_701_cov_38.715947	231	311	8	47	80	0.5875000
NODE_16729_length_701_cov_38.715947	231	311	9	28	80	0.3500000
NODE_16729_length_701_cov_38.715947	307	387	0	48	80	0.6000000
NODE_16729_length_701_cov_38.715947	307	387	2	14	80	0.1750000
NODE_16729_length_701_cov_38.715947	307	387	7	1	80	0.0125000
NODE_16729_length_701_cov_38.715947	307	387	8	17	80	0.2125000
NODE_16729_length_701_cov_38.715947	360	440	0	80	80	1.0000000
NODE_16730_length_701_cov_28.059801	432	513	0	81	81	1.0000000
NODE_16730_length_701_cov_28.059801	486	566	0	80	80	1.0000000
NODE_16731_length_701_cov_18.387043	258	338	0	32	80	0.4000000
NODE_16731_length_701_cov_18.387043	258	338	2	48	80	0.6000000
NODE_16731_length_701_cov_18.387043	311	391	2	80	80	1.0000000
NODE_16732_length_701_cov_17.122924	295	367	0	2	72	0.0277778
NODE_16732_length_701_cov_17.122924	295	367	2	11	72	0.1527778
NODE_16732_length_701_cov_17.122924	295	367	7	28	72	0.3888889
NODE_16732_length_701_cov_17.122924	295	367	9	23	72	0.3194444
NODE_16732_length_701_cov_17.122924	295	367	10	1	72	0.0138889
NODE_16732_length_701_cov_17.122924	295	367	12	7	72	0.0972222
NODE_16733_length_701_cov_16.114618	242	322	3	4	80	0.0500000
NODE_16733_length_701_cov_16.114618	242	322	7	3	80	0.0375000
NODE_16733_length_701_cov_16.114618	242	322	9	21	80	0.2625000
NODE_16733_length_701_cov_16.114618	242	322	11	26	80	0.3250000
NODE_16733_length_701_cov_16.114618	242	322	13	11	80	0.1375000
NODE_16733_length_701_cov_16.114618	242	322	16	15	80	0.1875000
NODE_16733_length_701_cov_16.114618	295	375	11	1	80	0.0125000
NODE_16733_length_701_cov_16.114618	295	375	12	8	80	0.1000000
NODE_16733_length_701_cov_16.114618	295	375	13	11	80	0.1375000
NODE_16733_length_701_cov_16.114618	295	375	14	34	80	0.4250000
NODE_16733_length_701_cov_16.114618	295	375	16	26	80	0.3250000
NODE_16734_length_701_cov_15.588040	399	479	0	14	80	0.1750000
NODE_16734_length_701_cov_15.588040	399	479	7	8	80	0.1000000
NODE_16734_length_701_cov_15.588040	399	479	8	17	80	0.2125000
NODE_16734_length_701_cov_15.588040	399	479	11	1	80	0.0125000
NODE_16734_length_701_cov_15.588040	399	479	12	40	80	0.5000000
NODE_16734_length_701_cov_15.588040	452	532	12	80	80	1.0000000
NODE_16736_length_701_cov_11.420266	229	309	0	80	80	1.0000000
NODE_16736_length_701_cov_11.420266	282	362	0	80	80	1.0000000
NODE_16737_length_701_cov_10.411960	202	283	4	8	81	0.0987654
NODE_16737_length_701_cov_10.411960	202	283	12	49	81	0.6049383
NODE_16737_length_701_cov_10.411960	202	283	14	24	81	0.2962963
NODE_16737_length_701_cov_10.411960	256	336	12	50	80	0.6250000
NODE_16737_length_701_cov_10.411960	256	336	14	30	80	0.3750000
NODE_16738_length_701_cov_9.107973	400	480	0	80	80	1.0000000
NODE_16738_length_701_cov_9.107973	453	533	0	80	80	1.0000000
NODE_16739_length_701_cov_8.877076	283	363	0	80	80	1.0000000
NODE_16739_length_701_cov_8.877076	336	416	0	80	80	1.0000000
NODE_16740_length_701_cov_8.543189	341	421	0	80	80	1.0000000
NODE_16740_length_701_cov_8.543189	394	474	0	80	80	1.0000000
NODE_16742_length_701_cov_6.317276	273	353	8	80	80	1.0000000
NODE_16742_length_701_cov_6.317276	326	382	8	56	56	1.0000000
NODE_16747_length_701_cov_5.081395	318	374	9	23	56	0.4107143
NODE_16747_length_701_cov_5.081395	318	374	11	33	56	0.5892857
NODE_16752_length_701_cov_3.320598	207	287	0	8	80	0.1000000
NODE_16752_length_701_cov_3.320598	207	287	4	72	80	0.9000000
NODE_16752_length_701_cov_3.320598	260	340	0	23	80	0.2875000
NODE_16752_length_701_cov_3.320598	260	340	4	57	80	0.7125000
NODE_16794_length_700_cov_22.241265	326	406	8	26	80	0.3250000
NODE_16794_length_700_cov_22.241265	326	406	10	19	80	0.2375000
NODE_16794_length_700_cov_22.241265	326	406	12	3	80	0.0375000
NODE_16794_length_700_cov_22.241265	326	406	18	2	80	0.0250000
NODE_16794_length_700_cov_22.241265	326	406	23	5	80	0.0625000
NODE_16794_length_700_cov_22.241265	326	406	29	16	80	0.2000000
NODE_16794_length_700_cov_22.241265	326	406	32	2	80	0.0250000
NODE_16794_length_700_cov_22.241265	326	406	33	3	80	0.0375000
NODE_16794_length_700_cov_22.241265	326	406	34	4	80	0.0500000
NODE_16796_length_700_cov_11.730449	294	374	0	80	80	1.0000000
NODE_16796_length_700_cov_11.730449	347	427	0	80	80	1.0000000
NODE_16800_length_700_cov_7.291181	317	397	0	80	80	1.0000000
NODE_16800_length_700_cov_7.291181	370	450	0	80	80	1.0000000
NODE_16801_length_700_cov_6.557404	353	404	0	22	51	0.4313726
NODE_16801_length_700_cov_6.557404	353	404	2	29	51	0.5686275
NODE_16802_length_700_cov_5.475874	301	381	6	4	80	0.0500000
NODE_16802_length_700_cov_5.475874	301	381	10	76	80	0.9500000
NODE_16802_length_700_cov_5.475874	354	434	0	48	80	0.6000000
NODE_16802_length_700_cov_5.475874	354	434	4	4	80	0.0500000
NODE_16802_length_700_cov_5.475874	354	434	6	5	80	0.0625000
NODE_16802_length_700_cov_5.475874	354	434	10	23	80	0.2875000
NODE_16803_length_700_cov_3.960067	158	234	2	76	76	1.0000000
NODE_16803_length_700_cov_3.960067	209	291	0	36	82	0.4390244
NODE_16803_length_700_cov_3.960067	209	291	2	46	82	0.5609756
NODE_16822_length_700_cov_1.517471	324	404	0	80	80	1.0000000
NODE_16822_length_700_cov_1.517471	377	457	0	80	80	1.0000000
NODE_16844_length_699_cov_18.446667	185	265	7	27	80	0.3375000
NODE_16844_length_699_cov_18.446667	185	265	11	1	80	0.0125000
NODE_16844_length_699_cov_18.446667	185	265	12	52	80	0.6500000
NODE_16844_length_699_cov_18.446667	238	318	5	50	80	0.6250000
NODE_16844_length_699_cov_18.446667	238	318	7	30	80	0.3750000
NODE_16845_length_699_cov_18.383333	258	338	4	4	80	0.0500000
NODE_16845_length_699_cov_18.383333	258	338	6	11	80	0.1375000
NODE_16845_length_699_cov_18.383333	258	338	8	45	80	0.5625000
NODE_16845_length_699_cov_18.383333	258	338	10	20	80	0.2500000
NODE_16845_length_699_cov_18.383333	311	391	4	57	80	0.7125000
NODE_16845_length_699_cov_18.383333	311	391	8	3	80	0.0375000
NODE_16845_length_699_cov_18.383333	311	391	10	20	80	0.2500000
NODE_16846_length_699_cov_18.103333	218	298	5	16	80	0.2000000
NODE_16846_length_699_cov_18.103333	218	298	6	13	80	0.1625000
NODE_16846_length_699_cov_18.103333	218	298	10	9	80	0.1125000
NODE_16846_length_699_cov_18.103333	218	298	11	2	80	0.0250000
NODE_16846_length_699_cov_18.103333	218	298	12	7	80	0.0875000
NODE_16846_length_699_cov_18.103333	218	298	18	33	80	0.4125000
NODE_16846_length_699_cov_18.103333	271	351	15	10	80	0.1250000
NODE_16846_length_699_cov_18.103333	271	351	17	11	80	0.1375000
NODE_16846_length_699_cov_18.103333	271	351	18	32	80	0.4000000
NODE_16846_length_699_cov_18.103333	271	351	19	27	80	0.3375000
NODE_16847_length_699_cov_15.636667	279	359	0	19	80	0.2375000
NODE_16847_length_699_cov_15.636667	279	359	2	5	80	0.0625000
NODE_16847_length_699_cov_15.636667	279	359	4	22	80	0.2750000
NODE_16847_length_699_cov_15.636667	279	359	7	5	80	0.0625000
NODE_16847_length_699_cov_15.636667	279	359	9	1	80	0.0125000
NODE_16847_length_699_cov_15.636667	279	359	10	28	80	0.3500000
NODE_16847_length_699_cov_15.636667	332	412	6	23	80	0.2875000
NODE_16847_length_699_cov_15.636667	332	412	8	6	80	0.0750000
NODE_16847_length_699_cov_15.636667	332	412	10	51	80	0.6375000
NODE_16848_length_699_cov_15.113333	313	393	4	4	80	0.0500000
NODE_16848_length_699_cov_15.113333	313	393	6	46	80	0.5750000
NODE_16848_length_699_cov_15.113333	313	393	8	30	80	0.3750000
NODE_16848_length_699_cov_15.113333	366	446	0	43	80	0.5375000
NODE_16848_length_699_cov_15.113333	366	446	4	14	80	0.1750000
NODE_16848_length_699_cov_15.113333	366	446	6	23	80	0.2875000
NODE_16849_length_699_cov_10.070000	233	313	0	80	80	1.0000000
NODE_16849_length_699_cov_10.070000	286	366	0	80	80	1.0000000
NODE_16849_length_699_cov_10.070000	362	442	0	80	80	1.0000000
NODE_16849_length_699_cov_10.070000	415	495	0	80	80	1.0000000
NODE_16850_length_699_cov_8.083333	347	427	0	80	80	1.0000000
NODE_16850_length_699_cov_8.083333	400	480	0	80	80	1.0000000
NODE_16851_length_699_cov_7.758333	307	387	2	80	80	1.0000000
NODE_16851_length_699_cov_7.758333	360	440	2	80	80	1.0000000
NODE_16852_length_699_cov_7.713333	252	332	6	4	80	0.0500000
NODE_16852_length_699_cov_7.713333	252	332	8	76	80	0.9500000
NODE_16852_length_699_cov_7.713333	305	385	0	28	80	0.3500000
NODE_16852_length_699_cov_7.713333	305	385	2	4	80	0.0500000
NODE_16852_length_699_cov_7.713333	305	385	4	2	80	0.0250000
NODE_16852_length_699_cov_7.713333	305	385	6	3	80	0.0375000
NODE_16852_length_699_cov_7.713333	305	385	8	43	80	0.5375000
NODE_16853_length_699_cov_7.186667	271	332	0	61	61	1.0000000
NODE_16853_length_699_cov_7.186667	348	428	15	2	80	0.0250000
NODE_16853_length_699_cov_7.186667	348	428	22	10	80	0.1250000
NODE_16853_length_699_cov_7.186667	348	428	27	7	80	0.0875000
NODE_16853_length_699_cov_7.186667	348	428	28	1	80	0.0125000
NODE_16853_length_699_cov_7.186667	348	428	29	1	80	0.0125000
NODE_16853_length_699_cov_7.186667	348	428	30	59	80	0.7375000
NODE_16857_length_699_cov_5.815000	243	316	0	4	73	0.0547945
NODE_16857_length_699_cov_5.815000	243	316	2	4	73	0.0547945
NODE_16857_length_699_cov_5.815000	243	316	4	65	73	0.8904110
NODE_16857_length_699_cov_5.815000	293	374	0	29	81	0.3580247
NODE_16857_length_699_cov_5.815000	293	374	2	9	81	0.1111111
NODE_16857_length_699_cov_5.815000	293	374	3	12	81	0.1481481
NODE_16857_length_699_cov_5.815000	293	374	4	31	81	0.3827161
NODE_16858_length_699_cov_5.520000	302	382	0	80	80	1.0000000
NODE_16858_length_699_cov_5.520000	355	435	0	80	80	1.0000000
NODE_16860_length_699_cov_4.051667	289	369	0	80	80	1.0000000
NODE_16860_length_699_cov_4.051667	342	422	0	80	80	1.0000000
NODE_16868_length_699_cov_2.498333	204	284	0	80	80	1.0000000
NODE_16868_length_699_cov_2.498333	257	337	0	80	80	1.0000000
NODE_16908_length_698_cov_47.350584	321	401	8	17	80	0.2125000
NODE_16908_length_698_cov_47.350584	321	401	9	3	80	0.0375000
NODE_16908_length_698_cov_47.350584	321	401	10	9	80	0.1125000
NODE_16908_length_698_cov_47.350584	321	401	12	38	80	0.4750000
NODE_16908_length_698_cov_47.350584	321	401	14	13	80	0.1625000
NODE_16908_length_698_cov_47.350584	374	454	0	4	80	0.0500000
NODE_16908_length_698_cov_47.350584	374	454	2	24	80	0.3000000
NODE_16908_length_698_cov_47.350584	374	454	8	4	80	0.0500000
NODE_16908_length_698_cov_47.350584	374	454	12	48	80	0.6000000
NODE_16909_length_698_cov_42.848080	255	335	8	6	80	0.0750000
NODE_16909_length_698_cov_42.848080	255	335	12	55	80	0.6875000
NODE_16909_length_698_cov_42.848080	255	335	14	19	80	0.2375000
NODE_16909_length_698_cov_42.848080	308	388	0	6	80	0.0750000
NODE_16909_length_698_cov_42.848080	308	388	1	1	80	0.0125000
NODE_16909_length_698_cov_42.848080	308	388	10	35	80	0.4375000
NODE_16909_length_698_cov_42.848080	308	388	12	38	80	0.4750000
NODE_16910_length_698_cov_36.697830	366	446	0	80	80	1.0000000
NODE_16910_length_698_cov_36.697830	419	484	0	65	65	1.0000000
NODE_16911_length_698_cov_23.874791	222	302	0	5	80	0.0625000
NODE_16911_length_698_cov_23.874791	222	302	2	75	80	0.9375000
NODE_16911_length_698_cov_23.874791	275	355	0	29	80	0.3625000
NODE_16911_length_698_cov_23.874791	275	355	2	51	80	0.6375000
NODE_16912_length_698_cov_7.133556	360	440	0	80	80	1.0000000
NODE_16912_length_698_cov_7.133556	413	493	0	42	80	0.5250000
NODE_16912_length_698_cov_7.133556	413	493	2	38	80	0.4750000
NODE_16913_length_698_cov_6.520868	267	347	0	18	80	0.2250000
NODE_16913_length_698_cov_6.520868	267	347	8	62	80	0.7750000
NODE_16913_length_698_cov_6.520868	320	400	8	80	80	1.0000000
NODE_16917_length_698_cov_4.762938	329	359	0	30	30	1.0000000
NODE_16926_length_698_cov_2.577629	309	389	0	37	80	0.4625000
NODE_16926_length_698_cov_2.577629	309	389	2	43	80	0.5375000
NODE_16926_length_698_cov_2.577629	362	442	0	80	80	1.0000000
NODE_16962_length_697_cov_16.013378	305	385	0	80	80	1.0000000
NODE_16962_length_697_cov_16.013378	358	438	0	80	80	1.0000000
NODE_16963_length_697_cov_14.411371	440	520	2	10	80	0.1250000
NODE_16963_length_697_cov_14.411371	440	520	4	8	80	0.1000000
NODE_16963_length_697_cov_14.411371	440	520	6	62	80	0.7750000
NODE_16963_length_697_cov_14.411371	493	573	0	39	80	0.4875000
NODE_16963_length_697_cov_14.411371	493	573	2	24	80	0.3000000
NODE_16963_length_697_cov_14.411371	493	573	4	7	80	0.0875000
NODE_16963_length_697_cov_14.411371	493	573	6	10	80	0.1250000
NODE_16964_length_697_cov_14.282609	257	354	8	39	97	0.4020618
NODE_16964_length_697_cov_14.282609	257	354	12	29	97	0.2989691
NODE_16964_length_697_cov_14.282609	257	354	14	8	97	0.0824742
NODE_16964_length_697_cov_14.282609	257	354	16	21	97	0.2164948
NODE_16964_length_697_cov_14.282609	327	385	9	4	58	0.0689655
NODE_16964_length_697_cov_14.282609	327	385	12	35	58	0.6034483
NODE_16964_length_697_cov_14.282609	327	385	13	8	58	0.1379310
NODE_16964_length_697_cov_14.282609	327	385	14	1	58	0.0172414
NODE_16964_length_697_cov_14.282609	327	385	15	1	58	0.0172414
NODE_16964_length_697_cov_14.282609	327	385	16	9	58	0.1551724
NODE_16965_length_697_cov_9.969900	360	440	0	11	80	0.1375000
NODE_16965_length_697_cov_9.969900	360	440	4	69	80	0.8625000
NODE_16965_length_697_cov_9.969900	413	493	4	80	80	1.0000000
NODE_16968_length_697_cov_6.117057	236	316	2	80	80	1.0000000
NODE_16968_length_697_cov_6.117057	289	369	0	5	80	0.0625000
NODE_16968_length_697_cov_6.117057	289	369	1	32	80	0.4000000
NODE_16968_length_697_cov_6.117057	289	369	2	43	80	0.5375000
NODE_17025_length_696_cov_28.360134	319	399	2	5	80	0.0625000
NODE_17025_length_696_cov_28.360134	319	399	6	22	80	0.2750000
NODE_17025_length_696_cov_28.360134	319	399	8	53	80	0.6625000
NODE_17025_length_696_cov_28.360134	372	452	2	58	80	0.7250000
NODE_17025_length_696_cov_28.360134	372	452	6	22	80	0.2750000
NODE_17026_length_696_cov_18.708543	367	447	4	3	80	0.0375000
NODE_17026_length_696_cov_18.708543	367	447	6	77	80	0.9625000
NODE_17026_length_696_cov_18.708543	420	500	0	39	80	0.4875000
NODE_17026_length_696_cov_18.708543	420	500	2	1	80	0.0125000
NODE_17026_length_696_cov_18.708543	420	500	4	16	80	0.2000000
NODE_17026_length_696_cov_18.708543	420	500	6	24	80	0.3000000
NODE_17027_length_696_cov_18.170854	390	470	0	80	80	1.0000000
NODE_17027_length_696_cov_18.170854	443	523	0	80	80	1.0000000
NODE_17028_length_696_cov_13.738693	266	346	2	43	80	0.5375000
NODE_17028_length_696_cov_13.738693	266	346	4	37	80	0.4625000
NODE_17028_length_696_cov_13.738693	319	399	0	17	80	0.2125000
NODE_17028_length_696_cov_13.738693	319	399	2	60	80	0.7500000
NODE_17028_length_696_cov_13.738693	319	399	4	3	80	0.0375000
NODE_17030_length_696_cov_10.693467	239	266	0	27	27	1.0000000
NODE_17031_length_696_cov_9.949749	248	328	0	49	80	0.6125000
NODE_17031_length_696_cov_9.949749	248	328	4	3	80	0.0375000
NODE_17031_length_696_cov_9.949749	248	328	8	28	80	0.3500000
NODE_17031_length_696_cov_9.949749	301	381	8	80	80	1.0000000
NODE_17032_length_696_cov_8.658291	247	327	0	80	80	1.0000000
NODE_17032_length_696_cov_8.658291	300	380	0	80	80	1.0000000
NODE_17032_length_696_cov_8.658291	376	456	0	80	80	1.0000000
NODE_17032_length_696_cov_8.658291	429	509	0	80	80	1.0000000
NODE_17068_length_696_cov_1.675042	498	543	0	45	45	1.0000000
NODE_17100_length_695_cov_24.112416	388	468	5	10	80	0.1250000
NODE_17100_length_695_cov_24.112416	388	468	6	70	80	0.8750000
NODE_17100_length_695_cov_24.112416	441	521	0	31	80	0.3875000
NODE_17100_length_695_cov_24.112416	441	521	4	3	80	0.0375000
NODE_17100_length_695_cov_24.112416	441	521	5	29	80	0.3625000
NODE_17100_length_695_cov_24.112416	441	521	6	17	80	0.2125000
NODE_17101_length_695_cov_12.152685	349	429	4	5	80	0.0625000
NODE_17101_length_695_cov_12.152685	349	429	6	29	80	0.3625000
NODE_17101_length_695_cov_12.152685	349	429	8	46	80	0.5750000
NODE_17101_length_695_cov_12.152685	402	482	4	58	80	0.7250000
NODE_17101_length_695_cov_12.152685	402	482	6	11	80	0.1375000
NODE_17101_length_695_cov_12.152685	402	482	8	11	80	0.1375000
NODE_17103_length_695_cov_8.466443	345	425	0	3	80	0.0375000
NODE_17103_length_695_cov_8.466443	345	425	3	22	80	0.2750000
NODE_17103_length_695_cov_8.466443	345	425	4	2	80	0.0250000
NODE_17103_length_695_cov_8.466443	345	425	6	53	80	0.6625000
NODE_17103_length_695_cov_8.466443	398	478	6	80	80	1.0000000
NODE_17106_length_695_cov_5.661074	283	363	0	80	80	1.0000000
NODE_17106_length_695_cov_5.661074	346	416	0	70	70	1.0000000
NODE_17124_length_695_cov_2.050336	36	112	0	76	76	1.0000000
NODE_17161_length_694_cov_46.675630	30	110	8	80	80	1.0000000
NODE_17161_length_694_cov_46.675630	83	163	0	8	80	0.1000000
NODE_17161_length_694_cov_46.675630	83	163	4	28	80	0.3500000
NODE_17161_length_694_cov_46.675630	83	163	6	1	80	0.0125000
NODE_17161_length_694_cov_46.675630	83	163	8	43	80	0.5375000
NODE_17161_length_694_cov_46.675630	159	239	0	80	80	1.0000000
NODE_17161_length_694_cov_46.675630	212	292	0	80	80	1.0000000
NODE_17162_length_694_cov_12.850420	326	406	2	80	80	1.0000000
NODE_17162_length_694_cov_12.850420	379	459	0	33	80	0.4125000
NODE_17162_length_694_cov_12.850420	379	459	2	47	80	0.5875000
NODE_17163_length_694_cov_7.236975	318	396	3	2	78	0.0256410
NODE_17163_length_694_cov_7.236975	318	396	4	9	78	0.1153846
NODE_17163_length_694_cov_7.236975	318	396	8	1	78	0.0128205
NODE_17163_length_694_cov_7.236975	318	396	10	1	78	0.0128205
NODE_17163_length_694_cov_7.236975	318	396	11	9	78	0.1153846
NODE_17163_length_694_cov_7.236975	318	396	12	55	78	0.7051282
NODE_17163_length_694_cov_7.236975	318	396	14	1	78	0.0128205
NODE_17163_length_694_cov_7.236975	371	450	12	64	79	0.8101266
NODE_17163_length_694_cov_7.236975	371	450	13	14	79	0.1772152
NODE_17163_length_694_cov_7.236975	371	450	14	1	79	0.0126582
NODE_17166_length_694_cov_5.554622	404	484	0	80	80	1.0000000
NODE_17166_length_694_cov_5.554622	457	537	0	80	80	1.0000000
NODE_17168_length_694_cov_5.373109	152	232	2	14	80	0.1750000
NODE_17168_length_694_cov_5.373109	152	232	6	27	80	0.3375000
NODE_17168_length_694_cov_5.373109	152	232	8	39	80	0.4875000
NODE_17168_length_694_cov_5.373109	205	285	6	18	80	0.2250000
NODE_17168_length_694_cov_5.373109	205	285	8	62	80	0.7750000
NODE_17227_length_693_cov_26.616162	435	515	0	36	80	0.4500000
NODE_17227_length_693_cov_26.616162	435	515	2	3	80	0.0375000
NODE_17227_length_693_cov_26.616162	435	515	8	41	80	0.5125000
NODE_17227_length_693_cov_26.616162	488	568	0	80	80	1.0000000
NODE_17228_length_693_cov_23.552189	193	273	6	80	80	1.0000000
NODE_17228_length_693_cov_23.552189	246	326	0	29	80	0.3625000
NODE_17228_length_693_cov_23.552189	246	326	6	51	80	0.6375000
NODE_17229_length_693_cov_22.848485	231	311	4	80	80	1.0000000
NODE_17229_length_693_cov_22.848485	284	364	0	49	80	0.6125000
NODE_17229_length_693_cov_22.848485	284	364	4	31	80	0.3875000
NODE_17230_length_693_cov_13.616162	219	299	0	80	80	1.0000000
NODE_17230_length_693_cov_13.616162	272	352	0	80	80	1.0000000
NODE_17231_length_693_cov_12.382155	305	385	2	12	80	0.1500000
NODE_17231_length_693_cov_12.382155	305	385	8	68	80	0.8500000
NODE_17231_length_693_cov_12.382155	358	424	0	9	66	0.1363636
NODE_17231_length_693_cov_12.382155	358	424	2	3	66	0.0454545
NODE_17231_length_693_cov_12.382155	358	424	8	54	66	0.8181818
NODE_17232_length_693_cov_10.053872	279	359	8	11	80	0.1375000
NODE_17232_length_693_cov_10.053872	279	359	11	19	80	0.2375000
NODE_17232_length_693_cov_10.053872	279	359	13	50	80	0.6250000
NODE_17232_length_693_cov_10.053872	332	412	11	49	80	0.6125000
NODE_17232_length_693_cov_10.053872	332	412	12	23	80	0.2875000
NODE_17232_length_693_cov_10.053872	332	412	13	8	80	0.1000000
NODE_17233_length_693_cov_9.659933	247	327	0	29	80	0.3625000
NODE_17233_length_693_cov_9.659933	247	327	1	1	80	0.0125000
NODE_17233_length_693_cov_9.659933	247	327	2	35	80	0.4375000
NODE_17233_length_693_cov_9.659933	247	327	6	15	80	0.1875000
NODE_17233_length_693_cov_9.659933	300	380	2	12	80	0.1500000
NODE_17233_length_693_cov_9.659933	300	380	6	29	80	0.3625000
NODE_17233_length_693_cov_9.659933	300	380	8	39	80	0.4875000
NODE_17235_length_693_cov_8.077441	343	423	2	80	80	1.0000000
NODE_17235_length_693_cov_8.077441	396	476	0	46	80	0.5750000
NODE_17235_length_693_cov_8.077441	396	476	2	34	80	0.4250000
NODE_17243_length_693_cov_3.680135	250	321	4	29	71	0.4084507
NODE_17243_length_693_cov_3.680135	250	321	6	42	71	0.5915493
NODE_17280_length_692_cov_33.416526	462	542	16	22	80	0.2750000
NODE_17280_length_692_cov_33.416526	462	542	17	1	80	0.0125000
NODE_17280_length_692_cov_33.416526	462	542	27	1	80	0.0125000
NODE_17280_length_692_cov_33.416526	462	542	29	1	80	0.0125000
NODE_17280_length_692_cov_33.416526	462	542	30	20	80	0.2500000
NODE_17280_length_692_cov_33.416526	462	542	31	17	80	0.2125000
NODE_17280_length_692_cov_33.416526	462	542	32	18	80	0.2250000
NODE_17280_length_692_cov_33.416526	515	595	0	45	80	0.5625000
NODE_17280_length_692_cov_33.416526	515	595	14	1	80	0.0125000
NODE_17280_length_692_cov_33.416526	515	595	16	29	80	0.3625000
NODE_17280_length_692_cov_33.416526	515	595	17	1	80	0.0125000
NODE_17280_length_692_cov_33.416526	515	595	27	1	80	0.0125000
NODE_17280_length_692_cov_33.416526	515	595	29	1	80	0.0125000
NODE_17280_length_692_cov_33.416526	515	595	30	2	80	0.0250000
NODE_17281_length_692_cov_17.559865	291	371	2	15	80	0.1875000
NODE_17281_length_692_cov_17.559865	291	371	4	65	80	0.8125000
NODE_17282_length_692_cov_15.070826	304	375	4	17	71	0.2394366
NODE_17282_length_692_cov_15.070826	304	375	6	13	71	0.1830986
NODE_17282_length_692_cov_15.070826	304	375	10	41	71	0.5774648
NODE_17283_length_692_cov_13.279933	308	388	0	27	80	0.3375000
NODE_17283_length_692_cov_13.279933	308	388	2	53	80	0.6625000
NODE_17283_length_692_cov_13.279933	361	441	0	22	80	0.2750000
NODE_17283_length_692_cov_13.279933	361	441	2	58	80	0.7250000
NODE_17285_length_692_cov_10.750422	317	397	0	27	80	0.3375000
NODE_17285_length_692_cov_10.750422	317	397	2	53	80	0.6625000
NODE_17287_length_692_cov_7.497470	175	255	2	71	80	0.8875000
NODE_17287_length_692_cov_7.497470	175	255	4	9	80	0.1125000
NODE_17287_length_692_cov_7.497470	228	312	2	75	84	0.8928571
NODE_17287_length_692_cov_7.497470	228	312	4	9	84	0.1071429
NODE_17289_length_692_cov_7.370995	235	315	6	4	80	0.0500000
NODE_17289_length_692_cov_7.370995	235	315	8	6	80	0.0750000
NODE_17289_length_692_cov_7.370995	235	315	11	4	80	0.0500000
NODE_17289_length_692_cov_7.370995	235	315	14	1	80	0.0125000
NODE_17289_length_692_cov_7.370995	235	315	15	39	80	0.4875000
NODE_17289_length_692_cov_7.370995	235	315	17	6	80	0.0750000
NODE_17289_length_692_cov_7.370995	235	315	18	19	80	0.2375000
NODE_17289_length_692_cov_7.370995	235	315	19	1	80	0.0125000
NODE_17289_length_692_cov_7.370995	288	369	6	3	81	0.0370370
NODE_17289_length_692_cov_7.370995	288	369	7	1	81	0.0123457
NODE_17289_length_692_cov_7.370995	288	369	8	17	81	0.2098765
NODE_17289_length_692_cov_7.370995	288	369	12	8	81	0.0987654
NODE_17289_length_692_cov_7.370995	288	369	13	7	81	0.0864198
NODE_17289_length_692_cov_7.370995	288	369	15	7	81	0.0864198
NODE_17289_length_692_cov_7.370995	288	369	16	3	81	0.0370370
NODE_17289_length_692_cov_7.370995	288	369	17	6	81	0.0740741
NODE_17289_length_692_cov_7.370995	288	369	18	28	81	0.3456790
NODE_17289_length_692_cov_7.370995	288	369	19	1	81	0.0123457
NODE_17328_length_692_cov_1.514334	404	484	6	6	80	0.0750000
NODE_17328_length_692_cov_1.514334	404	484	8	20	80	0.2500000
NODE_17328_length_692_cov_1.514334	404	484	10	5	80	0.0625000
NODE_17328_length_692_cov_1.514334	404	484	12	6	80	0.0750000
NODE_17328_length_692_cov_1.514334	404	484	13	1	80	0.0125000
NODE_17328_length_692_cov_1.514334	404	484	14	27	80	0.3375000
NODE_17328_length_692_cov_1.514334	404	484	16	15	80	0.1875000
NODE_17350_length_691_cov_115.233108	276	356	4	30	80	0.3750000
NODE_17350_length_691_cov_115.233108	276	356	11	44	80	0.5500000
NODE_17350_length_691_cov_115.233108	276	356	12	6	80	0.0750000
NODE_17350_length_691_cov_115.233108	329	409	3	4	80	0.0500000
NODE_17350_length_691_cov_115.233108	329	409	5	1	80	0.0125000
NODE_17350_length_691_cov_115.233108	329	409	10	16	80	0.2000000
NODE_17350_length_691_cov_115.233108	329	409	11	44	80	0.5500000
NODE_17350_length_691_cov_115.233108	329	409	12	15	80	0.1875000
NODE_17350_length_691_cov_115.233108	405	485	3	3	80	0.0375000
NODE_17350_length_691_cov_115.233108	405	485	5	1	80	0.0125000
NODE_17350_length_691_cov_115.233108	405	485	6	6	80	0.0750000
NODE_17350_length_691_cov_115.233108	405	485	7	7	80	0.0875000
NODE_17350_length_691_cov_115.233108	405	485	9	1	80	0.0125000
NODE_17350_length_691_cov_115.233108	405	485	13	9	80	0.1125000
NODE_17350_length_691_cov_115.233108	405	485	15	4	80	0.0500000
NODE_17350_length_691_cov_115.233108	405	485	18	1	80	0.0125000
NODE_17350_length_691_cov_115.233108	405	485	20	1	80	0.0125000
NODE_17350_length_691_cov_115.233108	405	485	25	4	80	0.0500000
NODE_17350_length_691_cov_115.233108	405	485	26	8	80	0.1000000
NODE_17350_length_691_cov_115.233108	405	485	34	2	80	0.0250000
NODE_17350_length_691_cov_115.233108	405	485	35	3	80	0.0375000
NODE_17350_length_691_cov_115.233108	405	485	41	5	80	0.0625000
NODE_17350_length_691_cov_115.233108	405	485	47	1	80	0.0125000
NODE_17350_length_691_cov_115.233108	405	485	49	3	80	0.0375000
NODE_17350_length_691_cov_115.233108	405	485	52	1	80	0.0125000
NODE_17350_length_691_cov_115.233108	405	485	55	4	80	0.0500000
NODE_17350_length_691_cov_115.233108	405	485	57	2	80	0.0250000
NODE_17350_length_691_cov_115.233108	405	485	58	1	80	0.0125000
NODE_17350_length_691_cov_115.233108	405	485	60	1	80	0.0125000
NODE_17350_length_691_cov_115.233108	405	485	63	7	80	0.0875000
NODE_17350_length_691_cov_115.233108	405	485	64	1	80	0.0125000
NODE_17350_length_691_cov_115.233108	405	485	67	1	80	0.0125000
NODE_17350_length_691_cov_115.233108	405	485	68	3	80	0.0375000
NODE_17350_length_691_cov_115.233108	458	538	41	2	80	0.0250000
NODE_17350_length_691_cov_115.233108	458	538	47	1	80	0.0125000
NODE_17350_length_691_cov_115.233108	458	538	49	3	80	0.0375000
NODE_17350_length_691_cov_115.233108	458	538	52	1	80	0.0125000
NODE_17350_length_691_cov_115.233108	458	538	55	4	80	0.0500000
NODE_17350_length_691_cov_115.233108	458	538	57	2	80	0.0250000
NODE_17350_length_691_cov_115.233108	458	538	58	1	80	0.0125000
NODE_17350_length_691_cov_115.233108	458	538	60	1	80	0.0125000
NODE_17350_length_691_cov_115.233108	458	538	63	7	80	0.0875000
NODE_17350_length_691_cov_115.233108	458	538	64	1	80	0.0125000
NODE_17350_length_691_cov_115.233108	458	538	67	1	80	0.0125000
NODE_17350_length_691_cov_115.233108	458	538	68	3	80	0.0375000
NODE_17350_length_691_cov_115.233108	458	538	72	1	80	0.0125000
NODE_17350_length_691_cov_115.233108	458	538	74	7	80	0.0875000
NODE_17350_length_691_cov_115.233108	458	538	75	37	80	0.4625000
NODE_17350_length_691_cov_115.233108	458	538	76	1	80	0.0125000
NODE_17350_length_691_cov_115.233108	458	538	77	7	80	0.0875000
NODE_17351_length_691_cov_26.076014	188	268	0	47	80	0.5875000
NODE_17351_length_691_cov_26.076014	188	268	6	33	80	0.4125000
NODE_17351_length_691_cov_26.076014	241	321	6	80	80	1.0000000
NODE_17352_length_691_cov_21.991554	288	368	0	80	80	1.0000000
NODE_17352_length_691_cov_21.991554	341	419	0	78	78	1.0000000
NODE_17353_length_691_cov_14.908784	226	306	2	40	80	0.5000000
NODE_17353_length_691_cov_14.908784	226	306	4	40	80	0.5000000
NODE_17353_length_691_cov_14.908784	279	359	2	20	80	0.2500000
NODE_17353_length_691_cov_14.908784	279	359	4	60	80	0.7500000
NODE_17358_length_691_cov_5.670608	325	402	0	77	77	1.0000000
NODE_17358_length_691_cov_5.670608	375	455	0	80	80	1.0000000
NODE_17361_length_691_cov_4.866554	103	183	0	34	80	0.4250000
NODE_17361_length_691_cov_4.866554	103	183	4	46	80	0.5750000
NODE_17361_length_691_cov_4.866554	156	236	4	80	80	1.0000000
NODE_17367_length_691_cov_3.388514	304	384	0	49	80	0.6125000
NODE_17367_length_691_cov_3.388514	304	384	2	31	80	0.3875000
NODE_17367_length_691_cov_3.388514	357	437	2	80	80	1.0000000
NODE_17415_length_690_cov_39.538071	563	612	0	15	49	0.3061225
NODE_17415_length_690_cov_39.538071	563	612	3	1	49	0.0204082
NODE_17415_length_690_cov_39.538071	563	612	4	33	49	0.6734694
NODE_17415_length_690_cov_39.538071	598	678	4	80	80	1.0000000
NODE_17415_length_690_cov_39.538071	651	690	0	8	39	0.2051282
NODE_17415_length_690_cov_39.538071	651	690	4	31	39	0.7948718
NODE_17417_length_690_cov_30.336717	319	394	0	75	75	1.0000000
NODE_17417_length_690_cov_30.336717	372	453	0	81	81	1.0000000
NODE_17417_length_690_cov_30.336717	449	529	0	80	80	1.0000000
NODE_17417_length_690_cov_30.336717	502	582	0	80	80	1.0000000
NODE_17418_length_690_cov_26.888325	270	350	6	80	80	1.0000000
NODE_17418_length_690_cov_26.888325	323	403	0	29	80	0.3625000
NODE_17418_length_690_cov_26.888325	323	403	6	51	80	0.6375000
NODE_17419_length_690_cov_23.360406	131	211	2	62	80	0.7750000
NODE_17419_length_690_cov_23.360406	131	211	4	18	80	0.2250000
NODE_17419_length_690_cov_23.360406	188	264	2	36	76	0.4736842
NODE_17419_length_690_cov_23.360406	188	264	4	40	76	0.5263158
NODE_17420_length_690_cov_18.737733	316	396	0	19	80	0.2375000
NODE_17420_length_690_cov_18.737733	316	396	6	9	80	0.1125000
NODE_17420_length_690_cov_18.737733	316	396	10	16	80	0.2000000
NODE_17420_length_690_cov_18.737733	316	396	14	36	80	0.4500000
NODE_17420_length_690_cov_18.737733	369	449	14	80	80	1.0000000
NODE_17421_length_690_cov_16.593909	364	444	0	80	80	1.0000000
NODE_17421_length_690_cov_16.593909	417	497	0	80	80	1.0000000
NODE_17422_length_690_cov_12.896785	320	400	0	20	80	0.2500000
NODE_17422_length_690_cov_12.896785	320	400	2	60	80	0.7500000
NODE_17422_length_690_cov_12.896785	373	453	0	25	80	0.3125000
NODE_17422_length_690_cov_12.896785	373	453	2	55	80	0.6875000
NODE_17423_length_690_cov_10.818951	349	429	4	80	80	1.0000000
NODE_17424_length_690_cov_7.015228	273	353	0	19	80	0.2375000
NODE_17424_length_690_cov_7.015228	273	353	4	61	80	0.7625000
NODE_17424_length_690_cov_7.015228	326	406	0	5	80	0.0625000
NODE_17424_length_690_cov_7.015228	326	406	4	75	80	0.9375000
NODE_17429_length_690_cov_4.793570	316	365	8	5	49	0.1020408
NODE_17429_length_690_cov_4.793570	316	365	10	36	49	0.7346939
NODE_17429_length_690_cov_4.793570	316	365	11	8	49	0.1632653
NODE_17430_length_690_cov_4.717428	316	396	2	80	80	1.0000000
NODE_17430_length_690_cov_4.717428	369	449	0	40	80	0.5000000
NODE_17430_length_690_cov_4.717428	369	449	2	40	80	0.5000000
NODE_17484_length_689_cov_45.984746	244	322	0	78	78	1.0000000
NODE_17484_length_689_cov_45.984746	297	377	0	80	80	1.0000000
NODE_17485_length_689_cov_35.705085	436	516	0	14	80	0.1750000
NODE_17485_length_689_cov_35.705085	436	516	4	66	80	0.8250000
NODE_17485_length_689_cov_35.705085	489	569	0	67	80	0.8375000
NODE_17485_length_689_cov_35.705085	489	569	4	13	80	0.1625000
NODE_17486_length_689_cov_25.372881	211	291	2	2	80	0.0250000
NODE_17486_length_689_cov_25.372881	211	291	12	78	80	0.9750000
NODE_17486_length_689_cov_25.372881	264	344	10	4	80	0.0500000
NODE_17486_length_689_cov_25.372881	264	344	12	76	80	0.9500000
NODE_17487_length_689_cov_20.138983	319	399	2	16	80	0.2000000
NODE_17487_length_689_cov_20.138983	319	399	4	27	80	0.3375000
NODE_17487_length_689_cov_20.138983	319	399	6	37	80	0.4625000
NODE_17487_length_689_cov_20.138983	372	452	0	31	80	0.3875000
NODE_17487_length_689_cov_20.138983	372	452	4	49	80	0.6125000
NODE_17488_length_689_cov_14.377966	351	431	0	45	80	0.5625000
NODE_17488_length_689_cov_14.377966	351	431	2	35	80	0.4375000
NODE_17488_length_689_cov_14.377966	404	484	0	6	80	0.0750000
NODE_17488_length_689_cov_14.377966	404	484	2	74	80	0.9250000
NODE_17489_length_689_cov_9.477966	201	281	0	6	80	0.0750000
NODE_17489_length_689_cov_9.477966	201	281	2	74	80	0.9250000
NODE_17489_length_689_cov_9.477966	254	334	0	52	80	0.6500000
NODE_17489_length_689_cov_9.477966	254	334	2	28	80	0.3500000
NODE_17491_length_689_cov_7.367797	122	207	12	14	85	0.1647059
NODE_17491_length_689_cov_7.367797	122	207	14	71	85	0.8352941
NODE_17492_length_689_cov_6.649153	242	322	8	80	80	1.0000000
NODE_17492_length_689_cov_6.649153	295	375	0	41	80	0.5125000
NODE_17492_length_689_cov_6.649153	295	375	4	6	80	0.0750000
NODE_17492_length_689_cov_6.649153	295	375	7	4	80	0.0500000
NODE_17492_length_689_cov_6.649153	295	375	8	29	80	0.3625000
NODE_17504_length_689_cov_2.788136	128	208	0	30	80	0.3750000
NODE_17504_length_689_cov_2.788136	128	208	2	23	80	0.2875000
NODE_17504_length_689_cov_2.788136	128	208	4	27	80	0.3375000
NODE_17504_length_689_cov_2.788136	181	261	4	80	80	1.0000000
NODE_17548_length_688_cov_52.256367	198	278	3	1	80	0.0125000
NODE_17548_length_688_cov_52.256367	198	278	5	22	80	0.2750000
NODE_17548_length_688_cov_52.256367	198	278	6	7	80	0.0875000
NODE_17548_length_688_cov_52.256367	198	278	7	6	80	0.0750000
NODE_17548_length_688_cov_52.256367	198	278	8	6	80	0.0750000
NODE_17548_length_688_cov_52.256367	198	278	9	38	80	0.4750000
NODE_17548_length_688_cov_52.256367	251	331	3	14	80	0.1750000
NODE_17548_length_688_cov_52.256367	251	331	5	26	80	0.3250000
NODE_17548_length_688_cov_52.256367	251	331	6	2	80	0.0250000
NODE_17548_length_688_cov_52.256367	251	331	7	2	80	0.0250000
NODE_17548_length_688_cov_52.256367	251	331	9	36	80	0.4500000
NODE_17549_length_688_cov_37.563667	373	453	8	17	80	0.2125000
NODE_17549_length_688_cov_37.563667	373	453	10	15	80	0.1875000
NODE_17549_length_688_cov_37.563667	373	453	14	26	80	0.3250000
NODE_17549_length_688_cov_37.563667	373	453	16	22	80	0.2750000
NODE_17549_length_688_cov_37.563667	426	506	2	6	80	0.0750000
NODE_17549_length_688_cov_37.563667	426	506	3	31	80	0.3875000
NODE_17549_length_688_cov_37.563667	426	506	4	13	80	0.1625000
NODE_17549_length_688_cov_37.563667	426	506	8	20	80	0.2500000
NODE_17549_length_688_cov_37.563667	426	506	10	10	80	0.1250000
NODE_17549_length_688_cov_37.563667	514	594	0	41	80	0.5125000
NODE_17549_length_688_cov_37.563667	514	594	2	39	80	0.4875000
NODE_17549_length_688_cov_37.563667	514	594	0	41	80	0.5125000
NODE_17549_length_688_cov_37.563667	514	594	2	39	80	0.4875000
NODE_17549_length_688_cov_37.563667	514	584	0	41	70	0.5857143
NODE_17549_length_688_cov_37.563667	514	584	2	29	70	0.4142857
NODE_17549_length_688_cov_37.563667	567	647	0	10	80	0.1250000
NODE_17549_length_688_cov_37.563667	567	647	2	70	80	0.8750000
NODE_17549_length_688_cov_37.563667	567	646	0	10	79	0.1265823
NODE_17549_length_688_cov_37.563667	567	646	2	69	79	0.8734177
NODE_17550_length_688_cov_33.898132	373	453	6	16	80	0.2000000
NODE_17550_length_688_cov_33.898132	373	453	8	11	80	0.1375000
NODE_17550_length_688_cov_33.898132	373	453	10	37	80	0.4625000
NODE_17550_length_688_cov_33.898132	373	453	12	16	80	0.2000000
NODE_17550_length_688_cov_33.898132	426	506	0	9	80	0.1125000
NODE_17550_length_688_cov_33.898132	426	506	2	5	80	0.0625000
NODE_17550_length_688_cov_33.898132	426	506	6	55	80	0.6875000
NODE_17550_length_688_cov_33.898132	426	506	8	11	80	0.1375000
NODE_17551_length_688_cov_26.769100	457	537	5	1	80	0.0125000
NODE_17551_length_688_cov_26.769100	457	537	7	26	80	0.3250000
NODE_17551_length_688_cov_26.769100	457	537	8	53	80	0.6625000
NODE_17551_length_688_cov_26.769100	510	590	0	22	80	0.2750000
NODE_17551_length_688_cov_26.769100	510	590	1	17	80	0.2125000
NODE_17551_length_688_cov_26.769100	510	590	2	8	80	0.1000000
NODE_17551_length_688_cov_26.769100	510	590	5	7	80	0.0875000
NODE_17551_length_688_cov_26.769100	510	590	7	26	80	0.3250000
NODE_17552_length_688_cov_22.517827	332	412	1	29	80	0.3625000
NODE_17552_length_688_cov_22.517827	332	412	3	42	80	0.5250000
NODE_17552_length_688_cov_22.517827	332	412	4	9	80	0.1125000
NODE_17552_length_688_cov_22.517827	385	465	3	35	80	0.4375000
NODE_17552_length_688_cov_22.517827	385	465	4	45	80	0.5625000
NODE_17553_length_688_cov_16.796265	225	305	0	10	80	0.1250000
NODE_17553_length_688_cov_16.796265	225	305	4	70	80	0.8750000
NODE_17553_length_688_cov_16.796265	278	358	0	63	80	0.7875000
NODE_17553_length_688_cov_16.796265	278	358	4	17	80	0.2125000
NODE_17555_length_688_cov_13.758913	378	458	0	80	80	1.0000000
NODE_17555_length_688_cov_13.758913	431	511	0	80	80	1.0000000
NODE_17556_length_688_cov_12.511036	330	410	0	80	80	1.0000000
NODE_17556_length_688_cov_12.511036	383	463	0	80	80	1.0000000
NODE_17561_length_688_cov_5.446520	366	414	0	48	48	1.0000000
NODE_17567_length_688_cov_3.692699	265	345	0	80	80	1.0000000
NODE_17567_length_688_cov_3.692699	322	380	0	58	58	1.0000000
NODE_17621_length_687_cov_50.214286	430	510	2	66	80	0.8250000
NODE_17621_length_687_cov_50.214286	430	510	4	14	80	0.1750000
NODE_17621_length_687_cov_50.214286	483	563	2	33	80	0.4125000
NODE_17621_length_687_cov_50.214286	483	563	6	9	80	0.1125000
NODE_17621_length_687_cov_50.214286	483	563	8	38	80	0.4750000
NODE_17622_length_687_cov_32.564626	204	284	2	29	80	0.3625000
NODE_17622_length_687_cov_32.564626	204	284	4	51	80	0.6375000
NODE_17622_length_687_cov_32.564626	257	337	0	35	80	0.4375000
NODE_17622_length_687_cov_32.564626	257	337	2	32	80	0.4000000
NODE_17622_length_687_cov_32.564626	257	337	4	13	80	0.1625000
NODE_17623_length_687_cov_22.365646	231	311	4	4	80	0.0500000
NODE_17623_length_687_cov_22.365646	231	311	6	13	80	0.1625000
NODE_17623_length_687_cov_22.365646	231	311	8	44	80	0.5500000
NODE_17623_length_687_cov_22.365646	231	311	10	19	80	0.2375000
NODE_17623_length_687_cov_22.365646	284	364	2	8	80	0.1000000
NODE_17623_length_687_cov_22.365646	284	364	4	4	80	0.0500000
NODE_17623_length_687_cov_22.365646	284	364	6	2	80	0.0250000
NODE_17623_length_687_cov_22.365646	284	364	8	46	80	0.5750000
NODE_17623_length_687_cov_22.365646	284	364	10	20	80	0.2500000
NODE_17626_length_687_cov_11.943878	233	313	0	80	80	1.0000000
NODE_17626_length_687_cov_11.943878	286	366	0	80	80	1.0000000
NODE_17627_length_687_cov_7.865646	311	391	8	80	80	1.0000000
NODE_17627_length_687_cov_7.865646	364	444	0	18	80	0.2250000
NODE_17627_length_687_cov_7.865646	364	444	2	19	80	0.2375000
NODE_17627_length_687_cov_7.865646	364	444	6	11	80	0.1375000
NODE_17627_length_687_cov_7.865646	364	444	8	32	80	0.4000000
NODE_17628_length_687_cov_7.353741	286	366	4	80	80	1.0000000
NODE_17628_length_687_cov_7.353741	339	419	4	51	80	0.6375000
NODE_17628_length_687_cov_7.353741	339	419	8	29	80	0.3625000
NODE_17631_length_687_cov_5.903061	369	449	0	80	80	1.0000000
NODE_17631_length_687_cov_5.903061	422	502	0	80	80	1.0000000
NODE_17695_length_686_cov_34.642249	355	440	0	17	85	0.2000000
NODE_17695_length_686_cov_34.642249	355	440	2	7	85	0.0823529
NODE_17695_length_686_cov_34.642249	355	440	3	61	85	0.7176471
NODE_17695_length_686_cov_34.642249	413	493	0	70	80	0.8750000
NODE_17695_length_686_cov_34.642249	413	493	2	7	80	0.0875000
NODE_17695_length_686_cov_34.642249	413	493	3	3	80	0.0375000
NODE_17697_length_686_cov_26.357751	413	493	6	65	80	0.8125000
NODE_17697_length_686_cov_26.357751	413	493	8	15	80	0.1875000
NODE_17697_length_686_cov_26.357751	466	546	0	4	80	0.0500000
NODE_17697_length_686_cov_26.357751	466	546	4	24	80	0.3000000
NODE_17697_length_686_cov_26.357751	466	546	6	52	80	0.6500000
NODE_17698_length_686_cov_16.715503	400	480	8	80	80	1.0000000
NODE_17698_length_686_cov_16.715503	453	533	8	80	80	1.0000000
NODE_17757_length_685_cov_8.769625	178	258	0	60	80	0.7500000
NODE_17757_length_685_cov_8.769625	178	258	12	20	80	0.2500000
NODE_17757_length_685_cov_8.769625	222	250	0	16	28	0.5714286
NODE_17757_length_685_cov_8.769625	222	250	12	12	28	0.4285714
NODE_17757_length_685_cov_8.769625	231	311	0	7	80	0.0875000
NODE_17757_length_685_cov_8.769625	231	311	12	73	80	0.9125000
NODE_17764_length_685_cov_4.447099	249	329	0	80	80	1.0000000
NODE_17764_length_685_cov_4.447099	302	382	0	80	80	1.0000000
NODE_17768_length_685_cov_3.556314	338	418	0	37	80	0.4625000
NODE_17768_length_685_cov_3.556314	338	418	2	43	80	0.5375000
NODE_17768_length_685_cov_3.556314	391	471	0	80	80	1.0000000
NODE_17821_length_684_cov_7.521368	189	269	2	47	80	0.5875000
NODE_17821_length_684_cov_7.521368	189	269	4	33	80	0.4125000
NODE_17821_length_684_cov_7.521368	242	322	2	72	80	0.9000000
NODE_17821_length_684_cov_7.521368	242	322	4	8	80	0.1000000
NODE_17832_length_684_cov_3.639316	306	386	0	80	80	1.0000000
NODE_17832_length_684_cov_3.639316	359	439	0	80	80	1.0000000
NODE_17866_length_683_cov_27.493151	346	426	0	13	80	0.1625000
NODE_17866_length_683_cov_27.493151	346	426	2	67	80	0.8375000
NODE_17866_length_683_cov_27.493151	399	479	0	59	80	0.7375000
NODE_17866_length_683_cov_27.493151	399	479	2	21	80	0.2625000
NODE_17867_length_683_cov_12.880137	242	321	0	4	79	0.0506329
NODE_17867_length_683_cov_12.880137	242	321	2	75	79	0.9493671
NODE_17868_length_683_cov_11.772260	218	274	0	45	56	0.8035714
NODE_17868_length_683_cov_11.772260	218	274	2	11	56	0.1964286
NODE_17868_length_683_cov_11.772260	247	333	0	16	86	0.1860465
NODE_17868_length_683_cov_11.772260	247	333	2	70	86	0.8139535
NODE_17869_length_683_cov_9.936644	435	515	1	36	80	0.4500000
NODE_17869_length_683_cov_9.936644	435	515	3	44	80	0.5500000
NODE_17869_length_683_cov_9.936644	488	568	2	40	80	0.5000000
NODE_17869_length_683_cov_9.936644	488	568	3	40	80	0.5000000
NODE_17871_length_683_cov_9.017123	296	364	0	13	68	0.1911765
NODE_17871_length_683_cov_9.017123	296	364	2	42	68	0.6176471
NODE_17871_length_683_cov_9.017123	296	364	4	13	68	0.1911765
NODE_17871_length_683_cov_9.017123	337	417	2	14	80	0.1750000
NODE_17871_length_683_cov_9.017123	337	417	4	66	80	0.8250000
NODE_17873_length_683_cov_6.797945	359	415	0	5	56	0.0892857
NODE_17873_length_683_cov_6.797945	359	415	4	6	56	0.1071429
NODE_17873_length_683_cov_6.797945	359	415	5	45	56	0.8035714
NODE_17884_length_683_cov_3.176370	113	186	0	73	73	1.0000000
NODE_17947_length_682_cov_33.516295	423	503	4	34	80	0.4250000
NODE_17947_length_682_cov_33.516295	423	503	7	20	80	0.2500000
NODE_17947_length_682_cov_33.516295	423	503	8	26	80	0.3250000
NODE_17947_length_682_cov_33.516295	476	556	0	49	80	0.6125000
NODE_17947_length_682_cov_33.516295	476	556	4	31	80	0.3875000
NODE_17948_length_682_cov_27.022298	479	559	4	2	80	0.0250000
NODE_17948_length_682_cov_27.022298	479	559	6	27	80	0.3375000
NODE_17948_length_682_cov_27.022298	479	559	11	1	80	0.0125000
NODE_17948_length_682_cov_27.022298	479	559	12	22	80	0.2750000
NODE_17948_length_682_cov_27.022298	479	559	14	11	80	0.1375000
NODE_17948_length_682_cov_27.022298	479	559	20	1	80	0.0125000
NODE_17948_length_682_cov_27.022298	479	559	24	3	80	0.0375000
NODE_17948_length_682_cov_27.022298	479	559	26	2	80	0.0250000
NODE_17948_length_682_cov_27.022298	479	559	30	9	80	0.1125000
NODE_17948_length_682_cov_27.022298	479	559	32	2	80	0.0250000
NODE_17948_length_682_cov_27.022298	532	612	14	10	80	0.1250000
NODE_17948_length_682_cov_27.022298	532	612	20	1	80	0.0125000
NODE_17948_length_682_cov_27.022298	532	612	24	3	80	0.0375000
NODE_17948_length_682_cov_27.022298	532	612	26	2	80	0.0250000
NODE_17948_length_682_cov_27.022298	532	612	30	39	80	0.4875000
NODE_17948_length_682_cov_27.022298	532	612	31	2	80	0.0250000
NODE_17948_length_682_cov_27.022298	532	612	32	23	80	0.2875000
NODE_17949_length_682_cov_19.612350	434	514	0	28	80	0.3500000
NODE_17949_length_682_cov_19.612350	434	514	2	52	80	0.6500000
NODE_17949_length_682_cov_19.612350	487	567	0	10	80	0.1250000
NODE_17949_length_682_cov_19.612350	487	567	2	70	80	0.8750000
NODE_17950_length_682_cov_16.620926	261	341	0	3	80	0.0375000
NODE_17950_length_682_cov_16.620926	261	341	2	77	80	0.9625000
NODE_17950_length_682_cov_16.620926	314	394	0	56	80	0.7000000
NODE_17950_length_682_cov_16.620926	314	394	2	24	80	0.3000000
NODE_17951_length_682_cov_13.735849	251	331	0	15	80	0.1875000
NODE_17951_length_682_cov_13.735849	251	331	3	3	80	0.0375000
NODE_17951_length_682_cov_13.735849	251	331	5	4	80	0.0500000
NODE_17951_length_682_cov_13.735849	251	331	7	23	80	0.2875000
NODE_17951_length_682_cov_13.735849	251	331	8	11	80	0.1375000
NODE_17951_length_682_cov_13.735849	251	331	10	24	80	0.3000000
NODE_17951_length_682_cov_13.735849	304	384	8	3	80	0.0375000
NODE_17951_length_682_cov_13.735849	304	384	10	77	80	0.9625000
NODE_17952_length_682_cov_12.835334	228	308	4	38	80	0.4750000
NODE_17952_length_682_cov_12.835334	228	308	6	42	80	0.5250000
NODE_17952_length_682_cov_12.835334	281	361	4	31	80	0.3875000
NODE_17952_length_682_cov_12.835334	281	361	6	49	80	0.6125000
NODE_17956_length_682_cov_7.504288	224	304	0	2	80	0.0250000
NODE_17956_length_682_cov_7.504288	224	304	2	53	80	0.6625000
NODE_17956_length_682_cov_7.504288	224	304	8	25	80	0.3125000
NODE_17956_length_682_cov_7.504288	277	357	2	2	80	0.0250000
NODE_17956_length_682_cov_7.504288	277	357	6	37	80	0.4625000
NODE_17956_length_682_cov_7.504288	277	357	8	41	80	0.5125000
NODE_17960_length_682_cov_5.102916	314	351	0	37	37	1.0000000
NODE_17963_length_682_cov_4.579760	152	232	0	6	80	0.0750000
NODE_17963_length_682_cov_4.579760	152	232	2	48	80	0.6000000
NODE_17963_length_682_cov_4.579760	152	232	4	26	80	0.3250000
NODE_17963_length_682_cov_4.579760	205	285	2	58	80	0.7250000
NODE_17963_length_682_cov_4.579760	205	285	4	22	80	0.2750000
NODE_17967_length_682_cov_4.006861	317	397	0	80	80	1.0000000
NODE_17967_length_682_cov_4.006861	370	450	0	80	80	1.0000000
NODE_17968_length_682_cov_3.859348	160	240	2	80	80	1.0000000
NODE_17968_length_682_cov_3.859348	213	293	0	17	80	0.2125000
NODE_17968_length_682_cov_3.859348	213	293	2	63	80	0.7875000
NODE_18010_length_681_cov_51.810997	181	261	2	80	80	1.0000000
NODE_18010_length_681_cov_51.810997	234	316	0	23	82	0.2804878
NODE_18010_length_681_cov_51.810997	234	316	2	59	82	0.7195122
NODE_18011_length_681_cov_32.128866	347	427	4	72	80	0.9000000
NODE_18011_length_681_cov_32.128866	347	427	8	8	80	0.1000000
NODE_18011_length_681_cov_32.128866	400	475	4	67	75	0.8933333
NODE_18011_length_681_cov_32.128866	400	475	8	8	75	0.1066667
NODE_18012_length_681_cov_19.079038	282	362	0	80	80	1.0000000
NODE_18012_length_681_cov_19.079038	335	415	0	80	80	1.0000000
NODE_18013_length_681_cov_17.053265	294	374	0	80	80	1.0000000
NODE_18013_length_681_cov_17.053265	347	427	0	80	80	1.0000000
NODE_18014_length_681_cov_11.183849	306	386	0	20	80	0.2500000
NODE_18014_length_681_cov_11.183849	306	386	2	60	80	0.7500000
NODE_18014_length_681_cov_11.183849	359	439	0	8	80	0.1000000
NODE_18014_length_681_cov_11.183849	359	439	2	72	80	0.9000000
NODE_18015_length_681_cov_8.065292	236	316	0	30	80	0.3750000
NODE_18015_length_681_cov_8.065292	236	316	2	50	80	0.6250000
NODE_18015_length_681_cov_8.065292	289	369	2	80	80	1.0000000
NODE_18017_length_681_cov_6.888316	344	424	2	80	80	1.0000000
NODE_18017_length_681_cov_6.888316	397	477	0	22	80	0.2750000
NODE_18017_length_681_cov_6.888316	397	477	2	58	80	0.7250000
NODE_18080_length_680_cov_35.695353	348	428	0	3	80	0.0375000
NODE_18080_length_680_cov_35.695353	348	428	4	1	80	0.0125000
NODE_18080_length_680_cov_35.695353	348	428	5	6	80	0.0750000
NODE_18080_length_680_cov_35.695353	348	428	15	70	80	0.8750000
NODE_18080_length_680_cov_35.695353	401	481	0	30	80	0.3750000
NODE_18080_length_680_cov_35.695353	401	481	10	9	80	0.1125000
NODE_18080_length_680_cov_35.695353	401	481	15	41	80	0.5125000
NODE_18081_length_680_cov_17.500861	296	376	6	80	80	1.0000000
NODE_18081_length_680_cov_17.500861	349	429	0	16	80	0.2000000
NODE_18081_length_680_cov_17.500861	349	429	1	15	80	0.1875000
NODE_18081_length_680_cov_17.500861	349	429	2	13	80	0.1625000
NODE_18081_length_680_cov_17.500861	349	429	6	36	80	0.4500000
NODE_18082_length_680_cov_16.685026	260	340	0	42	80	0.5250000
NODE_18082_length_680_cov_16.685026	260	340	6	13	80	0.1625000
NODE_18082_length_680_cov_16.685026	260	340	8	13	80	0.1625000
NODE_18082_length_680_cov_16.685026	260	340	10	12	80	0.1500000
NODE_18082_length_680_cov_16.685026	313	393	4	8	80	0.1000000
NODE_18082_length_680_cov_16.685026	313	393	6	2	80	0.0250000
NODE_18082_length_680_cov_16.685026	313	393	8	24	80	0.3000000
NODE_18082_length_680_cov_16.685026	313	393	10	46	80	0.5750000
NODE_18083_length_680_cov_15.345955	332	412	4	52	80	0.6500000
NODE_18083_length_680_cov_15.345955	332	412	5	10	80	0.1250000
NODE_18083_length_680_cov_15.345955	332	412	6	18	80	0.2250000
NODE_18083_length_680_cov_15.345955	385	465	0	10	80	0.1250000
NODE_18083_length_680_cov_15.345955	385	465	1	1	80	0.0125000
NODE_18083_length_680_cov_15.345955	385	465	2	1	80	0.0125000
NODE_18083_length_680_cov_15.345955	385	465	4	20	80	0.2500000
NODE_18083_length_680_cov_15.345955	385	465	5	31	80	0.3875000
NODE_18083_length_680_cov_15.345955	385	465	6	17	80	0.2125000
NODE_18089_length_680_cov_3.858864	458	538	2	80	80	1.0000000
NODE_18107_length_680_cov_1.879518	236	256	0	20	20	1.0000000
NODE_18146_length_679_cov_52.046552	367	447	4	10	80	0.1250000
NODE_18146_length_679_cov_52.046552	367	447	6	16	80	0.2000000
NODE_18146_length_679_cov_52.046552	367	447	14	20	80	0.2500000
NODE_18146_length_679_cov_52.046552	367	447	16	7	80	0.0875000
NODE_18146_length_679_cov_52.046552	367	447	18	27	80	0.3375000
NODE_18146_length_679_cov_52.046552	420	500	12	39	80	0.4875000
NODE_18146_length_679_cov_52.046552	420	500	14	34	80	0.4250000
NODE_18146_length_679_cov_52.046552	420	500	16	6	80	0.0750000
NODE_18146_length_679_cov_52.046552	420	500	18	1	80	0.0125000
NODE_18147_length_679_cov_40.353448	179	259	0	13	80	0.1625000
NODE_18147_length_679_cov_40.353448	179	259	6	67	80	0.8375000
NODE_18147_length_679_cov_40.353448	232	312	0	45	80	0.5625000
NODE_18147_length_679_cov_40.353448	232	312	6	35	80	0.4375000
NODE_18148_length_679_cov_38.144828	364	428	0	3	64	0.0468750
NODE_18148_length_679_cov_38.144828	364	428	2	61	64	0.9531250
NODE_18148_length_679_cov_38.144828	401	481	0	15	80	0.1875000
NODE_18148_length_679_cov_38.144828	401	481	2	65	80	0.8125000
NODE_18149_length_679_cov_17.134483	277	357	0	80	80	1.0000000
NODE_18149_length_679_cov_17.134483	330	410	0	80	80	1.0000000
NODE_18150_length_679_cov_15.046552	310	375	0	65	65	1.0000000
NODE_18151_length_679_cov_12.586207	247	327	2	22	80	0.2750000
NODE_18151_length_679_cov_12.586207	247	327	6	1	80	0.0125000
NODE_18151_length_679_cov_12.586207	247	327	8	57	80	0.7125000
NODE_18151_length_679_cov_12.586207	303	381	0	7	78	0.0897436
NODE_18151_length_679_cov_12.586207	303	381	2	69	78	0.8846154
NODE_18151_length_679_cov_12.586207	303	381	6	1	78	0.0128205
NODE_18151_length_679_cov_12.586207	303	381	8	1	78	0.0128205
NODE_18152_length_679_cov_12.282759	337	417	2	33	80	0.4125000
NODE_18152_length_679_cov_12.282759	337	417	3	2	80	0.0250000
NODE_18152_length_679_cov_12.282759	337	417	4	45	80	0.5625000
NODE_18152_length_679_cov_12.282759	390	470	0	7	80	0.0875000
NODE_18152_length_679_cov_12.282759	390	470	2	10	80	0.1250000
NODE_18152_length_679_cov_12.282759	390	470	4	63	80	0.7875000
NODE_18153_length_679_cov_11.532759	205	285	2	45	80	0.5625000
NODE_18153_length_679_cov_11.532759	205	285	4	35	80	0.4375000
NODE_18153_length_679_cov_11.532759	258	338	2	41	80	0.5125000
NODE_18153_length_679_cov_11.532759	258	338	4	39	80	0.4875000
NODE_18155_length_679_cov_8.043103	269	341	0	61	72	0.8472222
NODE_18155_length_679_cov_8.043103	269	341	2	11	72	0.1527778
NODE_18155_length_679_cov_8.043103	314	394	0	80	80	1.0000000
NODE_18156_length_679_cov_7.267241	191	271	0	3	80	0.0375000
NODE_18156_length_679_cov_7.267241	191	271	2	31	80	0.3875000
NODE_18156_length_679_cov_7.267241	191	271	10	46	80	0.5750000
NODE_18156_length_679_cov_7.267241	244	324	8	26	80	0.3250000
NODE_18156_length_679_cov_7.267241	244	324	10	54	80	0.6750000
NODE_18162_length_679_cov_5.391379	279	331	0	52	52	1.0000000
NODE_18164_length_679_cov_3.813793	10	69	0	59	59	1.0000000
NODE_18164_length_679_cov_3.813793	48	122	0	74	74	1.0000000
NODE_18217_length_678_cov_38.910190	252	332	0	80	80	1.0000000
NODE_18217_length_678_cov_38.910190	305	385	0	80	80	1.0000000
NODE_18217_length_678_cov_38.910190	381	461	0	80	80	1.0000000
NODE_18217_length_678_cov_38.910190	434	514	0	80	80	1.0000000
NODE_18218_length_678_cov_20.663212	243	323	2	25	80	0.3125000
NODE_18218_length_678_cov_20.663212	243	323	4	26	80	0.3250000
NODE_18218_length_678_cov_20.663212	243	323	6	29	80	0.3625000
NODE_18218_length_678_cov_20.663212	296	376	2	6	80	0.0750000
NODE_18218_length_678_cov_20.663212	296	376	4	28	80	0.3500000
NODE_18218_length_678_cov_20.663212	296	376	6	46	80	0.5750000
NODE_18219_length_678_cov_12.081174	243	323	0	7	80	0.0875000
NODE_18219_length_678_cov_12.081174	243	323	6	1	80	0.0125000
NODE_18219_length_678_cov_12.081174	243	323	7	21	80	0.2625000
NODE_18219_length_678_cov_12.081174	243	323	13	26	80	0.3250000
NODE_18219_length_678_cov_12.081174	243	323	18	25	80	0.3125000
NODE_18219_length_678_cov_12.081174	296	376	13	2	80	0.0250000
NODE_18219_length_678_cov_12.081174	296	376	18	78	80	0.9750000
NODE_18224_length_678_cov_6.559585	195	264	0	69	69	1.0000000
NODE_18224_length_678_cov_6.559585	237	317	0	80	80	1.0000000
NODE_18228_length_678_cov_4.462867	133	213	2	27	80	0.3375000
NODE_18228_length_678_cov_4.462867	133	213	4	53	80	0.6625000
NODE_18228_length_678_cov_4.462867	186	266	2	44	80	0.5500000
NODE_18228_length_678_cov_4.462867	186	266	4	36	80	0.4500000
NODE_18239_length_678_cov_2.716753	351	431	2	16	80	0.2000000
NODE_18239_length_678_cov_2.716753	351	431	4	13	80	0.1625000
NODE_18239_length_678_cov_2.716753	351	431	6	51	80	0.6375000
NODE_18239_length_678_cov_2.716753	404	484	0	26	80	0.3250000
NODE_18239_length_678_cov_2.716753	404	484	2	34	80	0.4250000
NODE_18239_length_678_cov_2.716753	404	484	4	6	80	0.0750000
NODE_18239_length_678_cov_2.716753	404	484	6	14	80	0.1750000
NODE_18289_length_677_cov_22.235294	274	354	0	24	80	0.3000000
NODE_18289_length_677_cov_22.235294	274	354	2	56	80	0.7000000
NODE_18289_length_677_cov_22.235294	327	407	0	77	80	0.9625000
NODE_18289_length_677_cov_22.235294	327	407	2	3	80	0.0375000
NODE_18290_length_677_cov_16.410035	124	206	0	6	82	0.0731707
NODE_18290_length_677_cov_16.410035	124	206	1	2	82	0.0243902
NODE_18290_length_677_cov_16.410035	124	206	2	9	82	0.1097561
NODE_18290_length_677_cov_16.410035	124	206	8	10	82	0.1219512
NODE_18290_length_677_cov_16.410035	124	206	10	38	82	0.4634146
NODE_18290_length_677_cov_16.410035	124	206	12	17	82	0.2073171
NODE_18290_length_677_cov_16.410035	177	261	4	12	84	0.1428571
NODE_18290_length_677_cov_16.410035	177	261	6	2	84	0.0238095
NODE_18290_length_677_cov_16.410035	177	261	8	1	84	0.0119048
NODE_18290_length_677_cov_16.410035	177	261	10	12	84	0.1428571
NODE_18290_length_677_cov_16.410035	177	261	12	24	84	0.2857143
NODE_18290_length_677_cov_16.410035	177	261	14	33	84	0.3928571
NODE_18291_length_677_cov_11.031142	393	473	4	80	80	1.0000000
NODE_18291_length_677_cov_11.031142	446	526	0	34	80	0.4250000
NODE_18291_length_677_cov_11.031142	446	526	4	46	80	0.5750000
NODE_18292_length_677_cov_10.129758	258	338	0	80	80	1.0000000
NODE_18292_length_677_cov_10.129758	311	391	0	65	80	0.8125000
NODE_18292_length_677_cov_10.129758	311	391	2	15	80	0.1875000
NODE_18295_length_677_cov_6.660900	217	297	25	3	80	0.0375000
NODE_18295_length_677_cov_6.660900	217	297	29	1	80	0.0125000
NODE_18295_length_677_cov_6.660900	217	297	31	1	80	0.0125000
NODE_18295_length_677_cov_6.660900	217	297	33	4	80	0.0500000
NODE_18295_length_677_cov_6.660900	217	297	39	3	80	0.0375000
NODE_18295_length_677_cov_6.660900	217	297	40	2	80	0.0250000
NODE_18295_length_677_cov_6.660900	217	297	42	16	80	0.2000000
NODE_18295_length_677_cov_6.660900	217	297	44	42	80	0.5250000
NODE_18295_length_677_cov_6.660900	217	297	46	8	80	0.1000000
NODE_18297_length_677_cov_5.228374	366	446	0	4	80	0.0500000
NODE_18297_length_677_cov_5.228374	366	446	2	76	80	0.9500000
NODE_18312_length_677_cov_2.306228	230	278	0	48	48	1.0000000
NODE_18329_length_677_cov_1.709343	369	449	4	26	80	0.3250000
NODE_18329_length_677_cov_1.709343	369	449	6	54	80	0.6750000
NODE_18329_length_677_cov_1.709343	422	502	2	11	80	0.1375000
NODE_18329_length_677_cov_1.709343	422	502	4	2	80	0.0250000
NODE_18329_length_677_cov_1.709343	422	502	6	67	80	0.8375000
NODE_18368_length_676_cov_66.473137	286	366	4	1	80	0.0125000
NODE_18368_length_676_cov_66.473137	286	366	10	3	80	0.0375000
NODE_18368_length_676_cov_66.473137	286	366	11	6	80	0.0750000
NODE_18368_length_676_cov_66.473137	286	366	12	64	80	0.8000000
NODE_18368_length_676_cov_66.473137	286	366	13	3	80	0.0375000
NODE_18368_length_676_cov_66.473137	286	366	14	3	80	0.0375000
NODE_18368_length_676_cov_66.473137	339	419	2	3	80	0.0375000
NODE_18368_length_676_cov_66.473137	339	419	4	15	80	0.1875000
NODE_18368_length_676_cov_66.473137	339	419	5	9	80	0.1125000
NODE_18368_length_676_cov_66.473137	339	419	7	6	80	0.0750000
NODE_18368_length_676_cov_66.473137	339	419	9	19	80	0.2375000
NODE_18368_length_676_cov_66.473137	339	419	11	1	80	0.0125000
NODE_18368_length_676_cov_66.473137	339	419	12	27	80	0.3375000
NODE_18368_length_676_cov_66.473137	383	419	5	9	36	0.2500000
NODE_18368_length_676_cov_66.473137	383	419	7	6	36	0.1666667
NODE_18368_length_676_cov_66.473137	383	419	9	19	36	0.5277778
NODE_18368_length_676_cov_66.473137	383	419	11	1	36	0.0277778
NODE_18368_length_676_cov_66.473137	383	419	12	1	36	0.0277778
NODE_18368_length_676_cov_66.473137	383	419	5	9	36	0.2500000
NODE_18368_length_676_cov_66.473137	383	419	7	6	36	0.1666667
NODE_18368_length_676_cov_66.473137	383	419	9	19	36	0.5277778
NODE_18368_length_676_cov_66.473137	383	419	11	1	36	0.0277778
NODE_18368_length_676_cov_66.473137	383	419	12	1	36	0.0277778
NODE_18368_length_676_cov_66.473137	398	419	9	19	21	0.9047619
NODE_18368_length_676_cov_66.473137	398	419	11	1	21	0.0476190
NODE_18368_length_676_cov_66.473137	398	419	12	1	21	0.0476190
NODE_18369_length_676_cov_14.429809	259	330	0	71	71	1.0000000
NODE_18370_length_676_cov_13.882149	292	372	2	16	80	0.2000000
NODE_18370_length_676_cov_13.882149	292	372	6	38	80	0.4750000
NODE_18370_length_676_cov_13.882149	292	372	8	26	80	0.3250000
NODE_18370_length_676_cov_13.882149	345	425	2	69	80	0.8625000
NODE_18370_length_676_cov_13.882149	345	425	8	11	80	0.1375000
NODE_18374_length_676_cov_7.225303	363	443	0	80	80	1.0000000
NODE_18374_length_676_cov_7.225303	416	496	0	80	80	1.0000000
NODE_18375_length_676_cov_6.740035	373	433	0	60	60	1.0000000
NODE_18375_length_676_cov_6.740035	406	486	0	80	80	1.0000000
NODE_18378_length_676_cov_4.658579	167	240	0	73	73	1.0000000
NODE_18397_length_676_cov_2.292894	146	226	1	11	80	0.1375000
NODE_18397_length_676_cov_2.292894	146	226	3	26	80	0.3250000
NODE_18397_length_676_cov_2.292894	146	226	4	43	80	0.5375000
NODE_18401_length_676_cov_2.157712	175	226	0	32	51	0.6274510
NODE_18401_length_676_cov_2.157712	175	226	2	19	51	0.3725490
NODE_18417_length_676_cov_1.547660	133	164	0	31	31	1.0000000
NODE_18447_length_675_cov_27.574653	190	270	2	3	80	0.0375000
NODE_18447_length_675_cov_27.574653	190	270	4	33	80	0.4125000
NODE_18447_length_675_cov_27.574653	190	270	5	1	80	0.0125000
NODE_18447_length_675_cov_27.574653	190	270	6	42	80	0.5250000
NODE_18447_length_675_cov_27.574653	190	270	8	1	80	0.0125000
NODE_18447_length_675_cov_27.574653	243	323	4	31	80	0.3875000
NODE_18447_length_675_cov_27.574653	243	323	6	40	80	0.5000000
NODE_18447_length_675_cov_27.574653	243	323	8	9	80	0.1125000
NODE_18448_length_675_cov_11.895833	336	416	4	80	80	1.0000000
NODE_18448_length_675_cov_11.895833	389	469	0	38	80	0.4750000
NODE_18448_length_675_cov_11.895833	389	469	4	42	80	0.5250000
NODE_18449_length_675_cov_8.157986	414	494	0	58	80	0.7250000
NODE_18449_length_675_cov_8.157986	414	494	2	22	80	0.2750000
NODE_18449_length_675_cov_8.157986	467	547	0	5	80	0.0625000
NODE_18449_length_675_cov_8.157986	467	547	2	75	80	0.9375000
NODE_18450_length_675_cov_8.026042	320	400	4	6	80	0.0750000
NODE_18450_length_675_cov_8.026042	320	400	7	2	80	0.0250000
NODE_18450_length_675_cov_8.026042	320	400	9	40	80	0.5000000
NODE_18450_length_675_cov_8.026042	320	400	11	32	80	0.4000000
NODE_18450_length_675_cov_8.026042	373	453	7	26	80	0.3250000
NODE_18450_length_675_cov_8.026042	373	453	8	11	80	0.1375000
NODE_18450_length_675_cov_8.026042	373	453	9	24	80	0.3000000
NODE_18450_length_675_cov_8.026042	373	453	10	10	80	0.1250000
NODE_18450_length_675_cov_8.026042	373	453	11	9	80	0.1125000
NODE_18451_length_675_cov_7.277778	317	397	0	80	80	1.0000000
NODE_18455_length_675_cov_5.666667	142	222	0	41	80	0.5125000
NODE_18455_length_675_cov_5.666667	142	222	2	39	80	0.4875000
NODE_18455_length_675_cov_5.666667	195	275	0	13	80	0.1625000
NODE_18455_length_675_cov_5.666667	195	275	2	67	80	0.8375000
NODE_18464_length_675_cov_2.751736	67	122	0	55	55	1.0000000
NODE_18467_length_675_cov_2.623264	251	289	0	38	38	1.0000000
NODE_18467_length_675_cov_2.623264	279	343	0	64	64	1.0000000
NODE_18467_length_675_cov_2.623264	432	494	0	33	62	0.5322581
NODE_18467_length_675_cov_2.623264	432	494	2	29	62	0.4677419
NODE_18515_length_674_cov_38.401739	225	305	2	34	80	0.4250000
NODE_18515_length_674_cov_38.401739	225	305	4	3	80	0.0375000
NODE_18515_length_674_cov_38.401739	225	305	10	5	80	0.0625000
NODE_18515_length_674_cov_38.401739	225	305	12	38	80	0.4750000
NODE_18515_length_674_cov_38.401739	278	358	8	33	80	0.4125000
NODE_18515_length_674_cov_38.401739	278	358	10	9	80	0.1125000
NODE_18515_length_674_cov_38.401739	278	358	12	38	80	0.4750000
NODE_18516_length_674_cov_30.215652	519	599	43	6	80	0.0750000
NODE_18516_length_674_cov_30.215652	519	599	45	4	80	0.0500000
NODE_18516_length_674_cov_30.215652	519	599	46	2	80	0.0250000
NODE_18516_length_674_cov_30.215652	519	599	50	2	80	0.0250000
NODE_18516_length_674_cov_30.215652	519	599	52	6	80	0.0750000
NODE_18516_length_674_cov_30.215652	519	599	54	27	80	0.3375000
NODE_18516_length_674_cov_30.215652	519	599	55	1	80	0.0125000
NODE_18516_length_674_cov_30.215652	519	599	56	13	80	0.1625000
NODE_18516_length_674_cov_30.215652	519	599	58	19	80	0.2375000
NODE_18516_length_674_cov_30.215652	572	602	39	3	30	0.1000000
NODE_18516_length_674_cov_30.215652	572	602	43	6	30	0.2000000
NODE_18516_length_674_cov_30.215652	572	602	45	4	30	0.1333333
NODE_18516_length_674_cov_30.215652	572	602	46	2	30	0.0666667
NODE_18516_length_674_cov_30.215652	572	602	50	2	30	0.0666667
NODE_18516_length_674_cov_30.215652	572	602	54	1	30	0.0333333
NODE_18516_length_674_cov_30.215652	572	602	55	1	30	0.0333333
NODE_18516_length_674_cov_30.215652	572	602	56	6	30	0.2000000
NODE_18516_length_674_cov_30.215652	572	602	58	5	30	0.1666667
NODE_18517_length_674_cov_19.636522	283	363	0	24	80	0.3000000
NODE_18517_length_674_cov_19.636522	283	363	2	56	80	0.7000000
NODE_18517_length_674_cov_19.636522	336	416	0	39	80	0.4875000
NODE_18517_length_674_cov_19.636522	336	416	2	41	80	0.5125000
NODE_18518_length_674_cov_19.436522	81	161	0	80	80	1.0000000
NODE_18518_length_674_cov_19.436522	134	214	0	80	80	1.0000000
NODE_18519_length_674_cov_16.819130	185	265	0	4	80	0.0500000
NODE_18519_length_674_cov_16.819130	185	265	2	76	80	0.9500000
NODE_18519_length_674_cov_16.819130	238	318	0	57	80	0.7125000
NODE_18519_length_674_cov_16.819130	238	318	2	23	80	0.2875000
NODE_18520_length_674_cov_14.733913	169	249	0	36	80	0.4500000
NODE_18520_length_674_cov_14.733913	169	249	4	8	80	0.1000000
NODE_18520_length_674_cov_14.733913	169	249	8	36	80	0.4500000
NODE_18520_length_674_cov_14.733913	222	302	8	80	80	1.0000000
NODE_18524_length_674_cov_7.086957	357	437	0	80	80	1.0000000
NODE_18524_length_674_cov_7.086957	410	490	0	80	80	1.0000000
NODE_18528_length_674_cov_4.808696	262	342	6	48	80	0.6000000
NODE_18528_length_674_cov_4.808696	262	342	8	32	80	0.4000000
NODE_18528_length_674_cov_4.808696	315	395	0	33	80	0.4125000
NODE_18528_length_674_cov_4.808696	315	395	2	2	80	0.0250000
NODE_18528_length_674_cov_4.808696	315	395	5	15	80	0.1875000
NODE_18528_length_674_cov_4.808696	315	395	6	29	80	0.3625000
NODE_18528_length_674_cov_4.808696	315	395	8	1	80	0.0125000
NODE_18592_length_673_cov_47.109756	405	485	4	6	80	0.0750000
NODE_18592_length_673_cov_47.109756	405	485	8	7	80	0.0875000
NODE_18592_length_673_cov_47.109756	405	485	10	2	80	0.0250000
NODE_18592_length_673_cov_47.109756	405	485	12	29	80	0.3625000
NODE_18592_length_673_cov_47.109756	405	485	14	36	80	0.4500000
NODE_18592_length_673_cov_47.109756	458	538	0	33	80	0.4125000
NODE_18592_length_673_cov_47.109756	458	538	2	4	80	0.0500000
NODE_18592_length_673_cov_47.109756	458	538	6	7	80	0.0875000
NODE_18592_length_673_cov_47.109756	458	538	7	1	80	0.0125000
NODE_18592_length_673_cov_47.109756	458	538	8	5	80	0.0625000
NODE_18592_length_673_cov_47.109756	458	538	10	3	80	0.0375000
NODE_18592_length_673_cov_47.109756	458	538	12	22	80	0.2750000
NODE_18592_length_673_cov_47.109756	458	538	14	5	80	0.0625000
NODE_18593_length_673_cov_20.548780	214	294	4	7	80	0.0875000
NODE_18593_length_673_cov_20.548780	214	294	6	43	80	0.5375000
NODE_18593_length_673_cov_20.548780	214	294	10	30	80	0.3750000
NODE_18593_length_673_cov_20.548780	267	347	4	33	80	0.4125000
NODE_18593_length_673_cov_20.548780	267	347	6	2	80	0.0250000
NODE_18593_length_673_cov_20.548780	267	347	8	15	80	0.1875000
NODE_18593_length_673_cov_20.548780	267	347	10	30	80	0.3750000
NODE_18596_length_673_cov_8.306620	337	426	2	20	89	0.2247191
NODE_18596_length_673_cov_8.306620	337	426	4	69	89	0.7752809
NODE_18607_length_673_cov_3.041812	196	276	0	57	80	0.7125000
NODE_18607_length_673_cov_3.041812	196	276	4	23	80	0.2875000
NODE_18607_length_673_cov_3.041812	249	329	0	4	80	0.0500000
NODE_18607_length_673_cov_3.041812	249	329	4	76	80	0.9500000
NODE_18660_length_672_cov_15.380454	282	362	0	80	80	1.0000000
NODE_18660_length_672_cov_15.380454	335	415	0	80	80	1.0000000
NODE_18661_length_672_cov_9.902269	328	408	6	29	80	0.3625000
NODE_18661_length_672_cov_9.902269	328	408	10	51	80	0.6375000
NODE_18661_length_672_cov_9.902269	381	461	0	48	80	0.6000000
NODE_18661_length_672_cov_9.902269	381	461	6	32	80	0.4000000
NODE_18662_length_672_cov_9.462478	309	389	0	7	80	0.0875000
NODE_18662_length_672_cov_9.462478	309	389	2	10	80	0.1250000
NODE_18662_length_672_cov_9.462478	309	389	4	63	80	0.7875000
NODE_18662_length_672_cov_9.462478	362	442	0	60	80	0.7500000
NODE_18662_length_672_cov_9.462478	362	442	2	10	80	0.1250000
NODE_18662_length_672_cov_9.462478	362	442	4	10	80	0.1250000
NODE_18666_length_672_cov_6.516579	354	434	0	80	80	1.0000000
NODE_18666_length_672_cov_6.516579	407	487	0	80	80	1.0000000
NODE_18668_length_672_cov_6.108202	135	215	2	80	80	1.0000000
NODE_18668_length_672_cov_6.108202	188	268	0	33	80	0.4125000
NODE_18668_length_672_cov_6.108202	188	268	2	47	80	0.5875000
NODE_18670_length_672_cov_4.949389	115	152	0	37	37	1.0000000
NODE_18670_length_672_cov_4.949389	125	205	0	80	80	1.0000000
NODE_18670_length_672_cov_4.949389	278	326	2	48	48	1.0000000
NODE_18672_length_672_cov_4.753927	378	450	2	1	72	0.0138889
NODE_18672_length_672_cov_4.753927	378	450	6	71	72	0.9861111
NODE_18704_length_672_cov_1.713787	340	401	0	61	61	1.0000000
NODE_18742_length_671_cov_28.874126	306	387	14	54	81	0.6666667
NODE_18742_length_671_cov_28.874126	306	387	15	1	81	0.0123457
NODE_18742_length_671_cov_28.874126	306	387	16	26	81	0.3209876
NODE_18742_length_671_cov_28.874126	360	440	0	7	80	0.0875000
NODE_18742_length_671_cov_28.874126	360	440	2	28	80	0.3500000
NODE_18742_length_671_cov_28.874126	360	440	8	1	80	0.0125000
NODE_18742_length_671_cov_28.874126	360	440	14	17	80	0.2125000
NODE_18742_length_671_cov_28.874126	360	440	15	1	80	0.0125000
NODE_18742_length_671_cov_28.874126	360	440	16	26	80	0.3250000
NODE_18744_length_671_cov_18.526224	294	333	0	39	39	1.0000000
NODE_18744_length_671_cov_18.526224	331	404	0	26	73	0.3561644
NODE_18744_length_671_cov_18.526224	331	404	1	47	73	0.6438356
NODE_18744_length_671_cov_18.526224	331	351	0	9	20	0.4500000
NODE_18744_length_671_cov_18.526224	331	351	1	11	20	0.5500000
NODE_18745_length_671_cov_16.094406	417	497	5	13	80	0.1625000
NODE_18745_length_671_cov_16.094406	417	497	7	3	80	0.0375000
NODE_18745_length_671_cov_16.094406	417	497	8	13	80	0.1625000
NODE_18745_length_671_cov_16.094406	417	497	9	9	80	0.1125000
NODE_18745_length_671_cov_16.094406	417	497	10	42	80	0.5250000
NODE_18745_length_671_cov_16.094406	470	550	3	23	80	0.2875000
NODE_18745_length_671_cov_16.094406	470	550	5	43	80	0.5375000
NODE_18745_length_671_cov_16.094406	470	550	7	3	80	0.0375000
NODE_18745_length_671_cov_16.094406	470	550	9	9	80	0.1125000
NODE_18745_length_671_cov_16.094406	470	550	10	2	80	0.0250000
NODE_18746_length_671_cov_11.756993	337	417	2	12	80	0.1500000
NODE_18746_length_671_cov_11.756993	337	417	5	10	80	0.1250000
NODE_18746_length_671_cov_11.756993	337	417	7	15	80	0.1875000
NODE_18746_length_671_cov_11.756993	337	417	8	43	80	0.5375000
NODE_18746_length_671_cov_11.756993	390	470	0	47	80	0.5875000
NODE_18746_length_671_cov_11.756993	390	470	2	18	80	0.2250000
NODE_18746_length_671_cov_11.756993	390	470	5	10	80	0.1250000
NODE_18746_length_671_cov_11.756993	390	470	7	5	80	0.0625000
NODE_18747_length_671_cov_9.237762	305	382	0	77	77	1.0000000
NODE_18748_length_671_cov_8.491259	298	379	0	21	81	0.2592593
NODE_18748_length_671_cov_8.491259	298	379	2	13	81	0.1604938
NODE_18748_length_671_cov_8.491259	298	379	3	16	81	0.1975309
NODE_18748_length_671_cov_8.491259	298	379	4	31	81	0.3827161
NODE_18748_length_671_cov_8.491259	352	430	0	72	78	0.9230769
NODE_18748_length_671_cov_8.491259	352	430	2	6	78	0.0769231
NODE_18749_length_671_cov_8.241259	97	128	0	31	31	1.0000000
NODE_18752_length_671_cov_7.201049	368	448	0	80	80	1.0000000
NODE_18752_length_671_cov_7.201049	421	501	0	80	80	1.0000000
NODE_18753_length_671_cov_5.680070	370	450	2	80	80	1.0000000
NODE_18753_length_671_cov_5.680070	423	503	0	53	80	0.6625000
NODE_18753_length_671_cov_5.680070	423	503	2	27	80	0.3375000
NODE_18754_length_671_cov_4.769231	362	414	0	31	52	0.5961539
NODE_18754_length_671_cov_4.769231	362	414	4	21	52	0.4038461
NODE_18760_length_671_cov_3.804196	360	440	0	13	80	0.1625000
NODE_18760_length_671_cov_3.804196	360	440	2	67	80	0.8375000
NODE_18812_length_670_cov_21.017513	443	523	2	69	80	0.8625000
NODE_18812_length_670_cov_21.017513	443	523	4	11	80	0.1375000
NODE_18812_length_670_cov_21.017513	496	576	2	69	80	0.8625000
NODE_18812_length_670_cov_21.017513	496	576	4	11	80	0.1375000
NODE_18813_length_670_cov_20.346760	372	452	4	10	80	0.1250000
NODE_18813_length_670_cov_20.346760	372	452	8	25	80	0.3125000
NODE_18813_length_670_cov_20.346760	372	452	9	5	80	0.0625000
NODE_18813_length_670_cov_20.346760	372	452	10	18	80	0.2250000
NODE_18813_length_670_cov_20.346760	372	452	12	22	80	0.2750000
NODE_18813_length_670_cov_20.346760	425	505	0	9	80	0.1125000
NODE_18813_length_670_cov_20.346760	425	505	4	20	80	0.2500000
NODE_18813_length_670_cov_20.346760	425	505	8	32	80	0.4000000
NODE_18813_length_670_cov_20.346760	425	505	9	5	80	0.0625000
NODE_18813_length_670_cov_20.346760	425	505	10	14	80	0.1750000
NODE_18814_length_670_cov_15.728546	157	237	0	80	80	1.0000000
NODE_18814_length_670_cov_15.728546	210	290	0	69	80	0.8625000
NODE_18814_length_670_cov_15.728546	210	290	2	7	80	0.0875000
NODE_18814_length_670_cov_15.728546	210	290	4	4	80	0.0500000
NODE_18814_length_670_cov_15.728546	286	366	4	32	80	0.4000000
NODE_18814_length_670_cov_15.728546	286	366	6	9	80	0.1125000
NODE_18814_length_670_cov_15.728546	286	366	8	38	80	0.4750000
NODE_18814_length_670_cov_15.728546	286	366	9	1	80	0.0125000
NODE_18814_length_670_cov_15.728546	339	419	4	5	80	0.0625000
NODE_18814_length_670_cov_15.728546	339	419	6	5	80	0.0625000
NODE_18814_length_670_cov_15.728546	339	419	8	45	80	0.5625000
NODE_18814_length_670_cov_15.728546	339	419	9	1	80	0.0125000
NODE_18814_length_670_cov_15.728546	339	419	10	24	80	0.3000000
NODE_18818_length_670_cov_6.499124	390	470	16	12	80	0.1500000
NODE_18818_length_670_cov_6.499124	390	470	18	20	80	0.2500000
NODE_18818_length_670_cov_6.499124	390	470	20	48	80	0.6000000
NODE_18834_length_670_cov_3.099825	159	217	2	21	58	0.3620690
NODE_18834_length_670_cov_3.099825	159	217	4	1	58	0.0172414
NODE_18834_length_670_cov_3.099825	159	217	6	36	58	0.6206896
NODE_18838_length_670_cov_2.700525	252	332	0	80	80	1.0000000
NODE_18838_length_670_cov_2.700525	305	385	0	80	80	1.0000000
NODE_18883_length_669_cov_13.307018	432	512	2	59	80	0.7375000
NODE_18883_length_669_cov_13.307018	432	512	3	21	80	0.2625000
NODE_18883_length_669_cov_13.307018	485	565	2	45	80	0.5625000
NODE_18883_length_669_cov_13.307018	485	565	3	35	80	0.4375000
NODE_18886_length_669_cov_6.921053	245	325	25	6	80	0.0750000
NODE_18886_length_669_cov_6.921053	245	325	26	8	80	0.1000000
NODE_18886_length_669_cov_6.921053	245	325	29	26	80	0.3250000
NODE_18886_length_669_cov_6.921053	245	325	31	2	80	0.0250000
NODE_18886_length_669_cov_6.921053	245	325	32	2	80	0.0250000
NODE_18886_length_669_cov_6.921053	245	325	33	2	80	0.0250000
NODE_18886_length_669_cov_6.921053	245	325	34	2	80	0.0250000
NODE_18886_length_669_cov_6.921053	245	325	36	2	80	0.0250000
NODE_18886_length_669_cov_6.921053	245	325	37	20	80	0.2500000
NODE_18886_length_669_cov_6.921053	245	325	38	4	80	0.0500000
NODE_18886_length_669_cov_6.921053	245	325	40	6	80	0.0750000
NODE_18886_length_669_cov_6.921053	298	370	20	7	72	0.0972222
NODE_18886_length_669_cov_6.921053	298	370	37	17	72	0.2361111
NODE_18886_length_669_cov_6.921053	298	370	38	13	72	0.1805556
NODE_18886_length_669_cov_6.921053	298	370	40	35	72	0.4861111
NODE_18901_length_669_cov_3.633333	277	347	0	14	70	0.2000000
NODE_18901_length_669_cov_3.633333	277	347	2	56	70	0.8000000
NODE_18909_length_669_cov_2.361404	434	490	0	56	56	1.0000000
NODE_18958_length_668_cov_23.131810	275	355	2	4	80	0.0500000
NODE_18958_length_668_cov_23.131810	275	355	4	9	80	0.1125000
NODE_18958_length_668_cov_23.131810	275	355	7	3	80	0.0375000
NODE_18958_length_668_cov_23.131810	275	355	9	29	80	0.3625000
NODE_18958_length_668_cov_23.131810	275	355	10	35	80	0.4375000
NODE_18958_length_668_cov_23.131810	328	408	0	18	80	0.2250000
NODE_18958_length_668_cov_23.131810	328	408	6	1	80	0.0125000
NODE_18958_length_668_cov_23.131810	328	408	7	37	80	0.4625000
NODE_18958_length_668_cov_23.131810	328	408	9	24	80	0.3000000
NODE_18959_length_668_cov_14.978910	324	404	2	9	80	0.1125000
NODE_18959_length_668_cov_14.978910	324	404	4	30	80	0.3750000
NODE_18959_length_668_cov_14.978910	324	404	5	15	80	0.1875000
NODE_18959_length_668_cov_14.978910	324	404	6	26	80	0.3250000
NODE_18959_length_668_cov_14.978910	377	457	2	8	80	0.1000000
NODE_18959_length_668_cov_14.978910	377	457	3	19	80	0.2375000
NODE_18959_length_668_cov_14.978910	377	457	5	41	80	0.5125000
NODE_18959_length_668_cov_14.978910	377	457	6	12	80	0.1500000
NODE_18962_length_668_cov_11.184534	187	267	6	1	80	0.0125000
NODE_18962_length_668_cov_11.184534	187	267	8	31	80	0.3875000
NODE_18962_length_668_cov_11.184534	187	267	10	48	80	0.6000000
NODE_18962_length_668_cov_11.184534	240	320	2	37	80	0.4625000
NODE_18962_length_668_cov_11.184534	240	320	4	11	80	0.1375000
NODE_18962_length_668_cov_11.184534	240	320	6	6	80	0.0750000
NODE_18962_length_668_cov_11.184534	240	320	8	18	80	0.2250000
NODE_18962_length_668_cov_11.184534	240	320	10	8	80	0.1000000
NODE_18963_length_668_cov_10.548330	211	291	0	47	80	0.5875000
NODE_18963_length_668_cov_10.548330	211	291	2	1	80	0.0125000
NODE_18963_length_668_cov_10.548330	211	291	4	32	80	0.4000000
NODE_18963_length_668_cov_10.548330	264	344	0	1	80	0.0125000
NODE_18963_length_668_cov_10.548330	264	344	4	79	80	0.9875000
NODE_18964_length_668_cov_10.370826	226	308	0	18	82	0.2195122
NODE_18964_length_668_cov_10.370826	226	308	2	2	82	0.0243902
NODE_18964_length_668_cov_10.370826	226	308	3	36	82	0.4390244
NODE_18964_length_668_cov_10.370826	226	308	4	26	82	0.3170732
NODE_18964_length_668_cov_10.370826	279	361	3	3	82	0.0365854
NODE_18964_length_668_cov_10.370826	279	361	4	79	82	0.9634146
NODE_18965_length_668_cov_10.223199	238	318	0	15	80	0.1875000
NODE_18965_length_668_cov_10.223199	238	318	4	65	80	0.8125000
NODE_18965_length_668_cov_10.223199	291	371	0	10	80	0.1250000
NODE_18965_length_668_cov_10.223199	291	371	4	70	80	0.8750000
NODE_18967_length_668_cov_9.340949	310	390	0	49	80	0.6125000
NODE_18967_length_668_cov_9.340949	310	390	2	31	80	0.3875000
NODE_18967_length_668_cov_9.340949	363	443	0	80	80	1.0000000
NODE_18975_length_668_cov_4.077329	304	384	10	27	80	0.3375000
NODE_18975_length_668_cov_4.077329	304	384	12	53	80	0.6625000
NODE_18975_length_668_cov_4.077329	338	367	10	10	29	0.3448276
NODE_18975_length_668_cov_4.077329	338	367	12	19	29	0.6551724
NODE_18975_length_668_cov_4.077329	358	427	0	1	69	0.0144928
NODE_18975_length_668_cov_4.077329	358	427	2	16	69	0.2318841
NODE_18975_length_668_cov_4.077329	358	427	8	4	69	0.0579710
NODE_18975_length_668_cov_4.077329	358	427	10	48	69	0.6956522
NODE_19032_length_667_cov_33.848592	168	248	1	6	80	0.0750000
NODE_19032_length_667_cov_33.848592	168	248	3	28	80	0.3500000
NODE_19032_length_667_cov_33.848592	168	248	4	4	80	0.0500000
NODE_19032_length_667_cov_33.848592	168	248	5	35	80	0.4375000
NODE_19032_length_667_cov_33.848592	168	248	6	7	80	0.0875000
NODE_19032_length_667_cov_33.848592	221	301	1	6	80	0.0750000
NODE_19032_length_667_cov_33.848592	221	301	3	3	80	0.0375000
NODE_19032_length_667_cov_33.848592	221	301	5	28	80	0.3500000
NODE_19032_length_667_cov_33.848592	221	301	6	1	80	0.0125000
NODE_19032_length_667_cov_33.848592	221	301	7	42	80	0.5250000
NODE_19033_length_667_cov_21.218310	270	350	0	46	80	0.5750000
NODE_19033_length_667_cov_21.218310	270	350	4	19	80	0.2375000
NODE_19033_length_667_cov_21.218310	270	350	16	15	80	0.1875000
NODE_19033_length_667_cov_21.218310	323	403	4	12	80	0.1500000
NODE_19033_length_667_cov_21.218310	323	403	16	68	80	0.8500000
NODE_19034_length_667_cov_19.204225	258	338	0	80	80	1.0000000
NODE_19034_length_667_cov_19.204225	311	391	0	80	80	1.0000000
NODE_19036_length_667_cov_8.264085	299	379	0	8	80	0.1000000
NODE_19036_length_667_cov_8.264085	299	379	4	14	80	0.1750000
NODE_19036_length_667_cov_8.264085	299	379	6	58	80	0.7250000
NODE_19036_length_667_cov_8.264085	352	432	0	61	80	0.7625000
NODE_19036_length_667_cov_8.264085	352	432	4	14	80	0.1750000
NODE_19036_length_667_cov_8.264085	352	432	6	5	80	0.0625000
NODE_19037_length_667_cov_8.248239	76	156	0	80	80	1.0000000
NODE_19037_length_667_cov_8.248239	129	209	0	80	80	1.0000000
NODE_19038_length_667_cov_8.207746	257	323	0	66	66	1.0000000
NODE_19038_length_667_cov_8.207746	296	376	0	80	80	1.0000000
NODE_19039_length_667_cov_7.232394	357	437	2	80	80	1.0000000
NODE_19039_length_667_cov_7.232394	410	490	2	59	80	0.7375000
NODE_19039_length_667_cov_7.232394	410	490	4	21	80	0.2625000
NODE_19042_length_667_cov_4.941901	199	279	0	42	80	0.5250000
NODE_19042_length_667_cov_4.941901	199	279	2	38	80	0.4750000
NODE_19042_length_667_cov_4.941901	252	332	0	38	80	0.4750000
NODE_19042_length_667_cov_4.941901	252	332	2	42	80	0.5250000
NODE_19053_length_667_cov_3.404930	501	536	4	35	35	1.0000000
NODE_19053_length_667_cov_3.404930	503	533	4	30	30	1.0000000
NODE_19100_length_666_cov_24.811287	179	254	4	14	75	0.1866667
NODE_19100_length_666_cov_24.811287	179	254	6	61	75	0.8133333
NODE_19100_length_666_cov_24.811287	182	254	4	11	72	0.1527778
NODE_19100_length_666_cov_24.811287	182	254	6	61	72	0.8472222
NODE_19100_length_666_cov_24.811287	227	307	2	21	80	0.2625000
NODE_19100_length_666_cov_24.811287	227	307	4	31	80	0.3875000
NODE_19100_length_666_cov_24.811287	227	307	6	28	80	0.3500000
NODE_19100_length_666_cov_24.811287	227	307	2	21	80	0.2625000
NODE_19100_length_666_cov_24.811287	227	307	4	31	80	0.3875000
NODE_19100_length_666_cov_24.811287	227	307	6	28	80	0.3500000
NODE_19100_length_666_cov_24.811287	303	383	2	4	80	0.0500000
NODE_19100_length_666_cov_24.811287	303	383	4	10	80	0.1250000
NODE_19100_length_666_cov_24.811287	303	383	6	5	80	0.0625000
NODE_19100_length_666_cov_24.811287	303	383	9	1	80	0.0125000
NODE_19100_length_666_cov_24.811287	303	383	10	16	80	0.2000000
NODE_19100_length_666_cov_24.811287	303	383	33	1	80	0.0125000
NODE_19100_length_666_cov_24.811287	303	383	34	11	80	0.1375000
NODE_19100_length_666_cov_24.811287	303	383	39	1	80	0.0125000
NODE_19100_length_666_cov_24.811287	303	383	40	9	80	0.1125000
NODE_19100_length_666_cov_24.811287	303	383	41	16	80	0.2000000
NODE_19100_length_666_cov_24.811287	303	383	43	6	80	0.0750000
NODE_19100_length_666_cov_24.811287	356	436	35	19	80	0.2375000
NODE_19100_length_666_cov_24.811287	356	436	40	8	80	0.1000000
NODE_19100_length_666_cov_24.811287	356	436	41	38	80	0.4750000
NODE_19100_length_666_cov_24.811287	356	436	43	15	80	0.1875000
NODE_19102_length_666_cov_20.114638	172	252	0	23	80	0.2875000
NODE_19102_length_666_cov_20.114638	172	252	2	37	80	0.4625000
NODE_19102_length_666_cov_20.114638	172	252	4	18	80	0.2250000
NODE_19102_length_666_cov_20.114638	172	252	6	2	80	0.0250000
NODE_19102_length_666_cov_20.114638	225	305	2	7	80	0.0875000
NODE_19102_length_666_cov_20.114638	225	305	4	59	80	0.7375000
NODE_19102_length_666_cov_20.114638	225	305	6	14	80	0.1750000
NODE_19103_length_666_cov_16.813051	220	286	2	22	66	0.3333333
NODE_19103_length_666_cov_16.813051	220	286	4	18	66	0.2727273
NODE_19103_length_666_cov_16.813051	220	286	6	1	66	0.0151515
NODE_19103_length_666_cov_16.813051	220	286	8	25	66	0.3787879
NODE_19103_length_666_cov_16.813051	259	344	0	14	85	0.1647059
NODE_19103_length_666_cov_16.813051	259	344	4	8	85	0.0941176
NODE_19103_length_666_cov_16.813051	259	344	6	38	85	0.4470588
NODE_19103_length_666_cov_16.813051	259	344	8	25	85	0.2941177
NODE_19104_length_666_cov_15.384480	306	386	2	80	80	1.0000000
NODE_19104_length_666_cov_15.384480	359	439	0	53	80	0.6625000
NODE_19104_length_666_cov_15.384480	359	439	2	27	80	0.3375000
NODE_19105_length_666_cov_14.195767	485	565	0	80	80	1.0000000
NODE_19105_length_666_cov_14.195767	538	618	0	80	80	1.0000000
NODE_19108_length_666_cov_7.770723	226	306	0	41	80	0.5125000
NODE_19108_length_666_cov_7.770723	226	306	4	39	80	0.4875000
NODE_19108_length_666_cov_7.770723	279	359	4	80	80	1.0000000
NODE_19163_length_665_cov_28.786219	391	471	2	49	80	0.6125000
NODE_19163_length_665_cov_28.786219	391	471	4	31	80	0.3875000
NODE_19163_length_665_cov_28.786219	444	524	2	6	80	0.0750000
NODE_19163_length_665_cov_28.786219	444	524	4	74	80	0.9250000
NODE_19164_length_665_cov_21.740283	311	391	0	1	80	0.0125000
NODE_19164_length_665_cov_21.740283	311	391	2	9	80	0.1125000
NODE_19164_length_665_cov_21.740283	311	391	3	1	80	0.0125000
NODE_19164_length_665_cov_21.740283	311	391	4	69	80	0.8625000
NODE_19164_length_665_cov_21.740283	364	444	0	19	80	0.2375000
NODE_19164_length_665_cov_21.740283	364	444	2	20	80	0.2500000
NODE_19164_length_665_cov_21.740283	364	444	4	41	80	0.5125000
NODE_19165_length_665_cov_15.904594	390	470	0	80	80	1.0000000
NODE_19165_length_665_cov_15.904594	443	523	0	80	80	1.0000000
NODE_19224_length_664_cov_27.208850	259	339	0	80	80	1.0000000
NODE_19224_length_664_cov_27.208850	345	404	0	17	59	0.2881356
NODE_19224_length_664_cov_27.208850	345	404	2	6	59	0.1016949
NODE_19224_length_664_cov_27.208850	345	404	6	36	59	0.6101695
NODE_19225_length_664_cov_16.116814	241	321	0	61	80	0.7625000
NODE_19225_length_664_cov_16.116814	241	321	2	19	80	0.2375000
NODE_19225_length_664_cov_16.116814	294	374	0	8	80	0.1000000
NODE_19225_length_664_cov_16.116814	294	374	2	72	80	0.9000000
NODE_19227_length_664_cov_14.185841	332	412	0	80	80	1.0000000
NODE_19227_length_664_cov_14.185841	385	465	0	80	80	1.0000000
NODE_19228_length_664_cov_12.256637	325	405	0	80	80	1.0000000
NODE_19228_length_664_cov_12.256637	378	454	0	76	76	1.0000000
NODE_19229_length_664_cov_8.378761	252	332	0	54	80	0.6750000
NODE_19229_length_664_cov_8.378761	252	332	2	26	80	0.3250000
NODE_19229_length_664_cov_8.378761	305	385	0	1	80	0.0125000
NODE_19229_length_664_cov_8.378761	305	385	2	79	80	0.9875000
NODE_19229_length_664_cov_8.378761	381	461	0	19	80	0.2375000
NODE_19229_length_664_cov_8.378761	381	461	2	61	80	0.7625000
NODE_19229_length_664_cov_8.378761	434	514	2	80	80	1.0000000
NODE_19254_length_664_cov_1.922124	393	434	2	41	41	1.0000000
NODE_19298_length_663_cov_26.601064	398	478	6	20	80	0.2500000
NODE_19298_length_663_cov_26.601064	398	478	12	60	80	0.7500000
NODE_19298_length_663_cov_26.601064	451	531	0	22	80	0.2750000
NODE_19298_length_663_cov_26.601064	451	531	6	17	80	0.2125000
NODE_19298_length_663_cov_26.601064	451	531	12	41	80	0.5125000
NODE_19299_length_663_cov_16.948582	368	448	0	36	80	0.4500000
NODE_19299_length_663_cov_16.948582	368	448	4	44	80	0.5500000
NODE_19299_length_663_cov_16.948582	421	501	4	80	80	1.0000000
NODE_19300_length_663_cov_16.225177	118	198	2	18	80	0.2250000
NODE_19300_length_663_cov_16.225177	118	198	4	62	80	0.7750000
NODE_19300_length_663_cov_16.225177	171	251	4	80	80	1.0000000
NODE_19302_length_663_cov_13.748227	277	357	2	33	80	0.4125000
NODE_19302_length_663_cov_13.748227	277	357	3	34	80	0.4250000
NODE_19302_length_663_cov_13.748227	277	357	4	13	80	0.1625000
NODE_19302_length_663_cov_13.748227	330	410	2	59	80	0.7375000
NODE_19302_length_663_cov_13.748227	330	410	3	8	80	0.1000000
NODE_19302_length_663_cov_13.748227	330	410	4	13	80	0.1625000
NODE_19303_length_663_cov_10.377660	300	380	4	4	80	0.0500000
NODE_19303_length_663_cov_10.377660	300	380	8	7	80	0.0875000
NODE_19303_length_663_cov_10.377660	300	380	10	16	80	0.2000000
NODE_19303_length_663_cov_10.377660	300	380	12	21	80	0.2625000
NODE_19303_length_663_cov_10.377660	300	380	13	1	80	0.0125000
NODE_19303_length_663_cov_10.377660	300	380	14	31	80	0.3875000
NODE_19304_length_663_cov_9.549645	199	279	0	80	80	1.0000000
NODE_19304_length_663_cov_9.549645	252	332	0	80	80	1.0000000
NODE_19305_length_663_cov_7.397163	151	231	2	80	80	1.0000000
NODE_19305_length_663_cov_7.397163	204	284	0	48	80	0.6000000
NODE_19305_length_663_cov_7.397163	204	284	2	32	80	0.4000000
NODE_19307_length_663_cov_5.081560	317	397	0	11	80	0.1375000
NODE_19307_length_663_cov_5.081560	317	397	4	69	80	0.8625000
NODE_19368_length_662_cov_29.218472	233	313	0	66	80	0.8250000
NODE_19368_length_662_cov_29.218472	233	313	2	1	80	0.0125000
NODE_19368_length_662_cov_29.218472	233	313	5	13	80	0.1625000
NODE_19368_length_662_cov_29.218472	286	366	0	13	80	0.1625000
NODE_19368_length_662_cov_29.218472	286	366	2	1	80	0.0125000
NODE_19368_length_662_cov_29.218472	286	366	5	66	80	0.8250000
NODE_19369_length_662_cov_18.717584	193	273	0	19	80	0.2375000
NODE_19369_length_662_cov_18.717584	193	273	2	61	80	0.7625000
NODE_19369_length_662_cov_18.717584	246	326	0	11	80	0.1375000
NODE_19369_length_662_cov_18.717584	246	326	2	69	80	0.8625000
NODE_19370_length_662_cov_16.358792	258	338	0	80	80	1.0000000
NODE_19370_length_662_cov_16.358792	311	391	0	30	80	0.3750000
NODE_19370_length_662_cov_16.358792	311	391	4	50	80	0.6250000
NODE_19371_length_662_cov_12.845471	259	339	0	80	80	1.0000000
NODE_19371_length_662_cov_12.845471	312	392	0	80	80	1.0000000
NODE_19372_length_662_cov_12.476021	299	379	0	6	80	0.0750000
NODE_19372_length_662_cov_12.476021	299	379	2	54	80	0.6750000
NODE_19372_length_662_cov_12.476021	299	379	4	20	80	0.2500000
NODE_19372_length_662_cov_12.476021	352	432	2	28	80	0.3500000
NODE_19372_length_662_cov_12.476021	352	432	4	52	80	0.6500000
NODE_19373_length_662_cov_10.252220	239	319	0	80	80	1.0000000
NODE_19373_length_662_cov_10.252220	292	372	0	80	80	1.0000000
NODE_19376_length_662_cov_6.335702	267	347	6	2	80	0.0250000
NODE_19376_length_662_cov_6.335702	267	347	9	1	80	0.0125000
NODE_19376_length_662_cov_6.335702	267	347	10	67	80	0.8375000
NODE_19376_length_662_cov_6.335702	267	347	12	10	80	0.1250000
NODE_19376_length_662_cov_6.335702	320	400	2	27	80	0.3375000
NODE_19376_length_662_cov_6.335702	320	400	4	12	80	0.1500000
NODE_19376_length_662_cov_6.335702	320	400	6	16	80	0.2000000
NODE_19376_length_662_cov_6.335702	320	400	9	1	80	0.0125000
NODE_19376_length_662_cov_6.335702	320	400	10	19	80	0.2375000
NODE_19376_length_662_cov_6.335702	320	400	12	5	80	0.0625000
NODE_19378_length_662_cov_5.738899	295	331	0	36	36	1.0000000
NODE_19378_length_662_cov_5.738899	301	322	0	21	21	1.0000000
NODE_19402_length_662_cov_1.905861	150	230	4	3	80	0.0375000
NODE_19402_length_662_cov_1.905861	150	230	6	77	80	0.9625000
NODE_19402_length_662_cov_1.905861	203	277	0	2	74	0.0270270
NODE_19402_length_662_cov_1.905861	203	277	2	21	74	0.2837838
NODE_19402_length_662_cov_1.905861	203	277	4	22	74	0.2972973
NODE_19402_length_662_cov_1.905861	203	277	6	29	74	0.3918919
NODE_19441_length_661_cov_55.176157	236	316	9	5	80	0.0625000
NODE_19441_length_661_cov_55.176157	236	316	10	1	80	0.0125000
NODE_19441_length_661_cov_55.176157	236	316	13	6	80	0.0750000
NODE_19441_length_661_cov_55.176157	236	316	15	18	80	0.2250000
NODE_19441_length_661_cov_55.176157	236	316	17	28	80	0.3500000
NODE_19441_length_661_cov_55.176157	236	316	19	22	80	0.2750000
NODE_19441_length_661_cov_55.176157	289	369	0	16	80	0.2000000
NODE_19441_length_661_cov_55.176157	289	369	2	26	80	0.3250000
NODE_19441_length_661_cov_55.176157	289	369	6	7	80	0.0875000
NODE_19441_length_661_cov_55.176157	289	369	10	5	80	0.0625000
NODE_19441_length_661_cov_55.176157	289	369	15	18	80	0.2250000
NODE_19441_length_661_cov_55.176157	289	369	19	8	80	0.1000000
NODE_19442_length_661_cov_38.501779	231	311	0	80	80	1.0000000
NODE_19442_length_661_cov_38.501779	284	364	0	74	80	0.9250000
NODE_19442_length_661_cov_38.501779	284	364	2	6	80	0.0750000
NODE_19442_length_661_cov_38.501779	360	440	2	6	80	0.0750000
NODE_19442_length_661_cov_38.501779	360	440	4	2	80	0.0250000
NODE_19442_length_661_cov_38.501779	360	440	5	48	80	0.6000000
NODE_19442_length_661_cov_38.501779	360	440	6	9	80	0.1125000
NODE_19442_length_661_cov_38.501779	360	440	8	15	80	0.1875000
NODE_19442_length_661_cov_38.501779	413	493	5	3	80	0.0375000
NODE_19442_length_661_cov_38.501779	413	493	6	9	80	0.1125000
NODE_19442_length_661_cov_38.501779	413	493	8	22	80	0.2750000
NODE_19442_length_661_cov_38.501779	413	493	10	46	80	0.5750000
NODE_19443_length_661_cov_31.460854	128	208	0	27	80	0.3375000
NODE_19443_length_661_cov_31.460854	128	208	1	19	80	0.2375000
NODE_19443_length_661_cov_31.460854	128	208	2	34	80	0.4250000
NODE_19443_length_661_cov_31.460854	181	261	2	80	80	1.0000000
NODE_19444_length_661_cov_18.960854	216	296	0	30	80	0.3750000
NODE_19444_length_661_cov_18.960854	216	296	2	2	80	0.0250000
NODE_19444_length_661_cov_18.960854	216	296	8	11	80	0.1375000
NODE_19444_length_661_cov_18.960854	216	296	10	37	80	0.4625000
NODE_19444_length_661_cov_18.960854	269	349	6	39	80	0.4875000
NODE_19444_length_661_cov_18.960854	269	349	8	15	80	0.1875000
NODE_19444_length_661_cov_18.960854	269	349	10	26	80	0.3250000
NODE_19445_length_661_cov_16.035587	201	281	6	2	80	0.0250000
NODE_19445_length_661_cov_16.035587	201	281	8	78	80	0.9750000
NODE_19445_length_661_cov_16.035587	254	334	0	26	80	0.3250000
NODE_19445_length_661_cov_16.035587	254	334	2	16	80	0.2000000
NODE_19445_length_661_cov_16.035587	254	334	6	10	80	0.1250000
NODE_19445_length_661_cov_16.035587	254	334	8	28	80	0.3500000
NODE_19447_length_661_cov_13.005338	281	343	0	62	62	1.0000000
NODE_19447_length_661_cov_13.005338	353	433	0	80	80	1.0000000
NODE_19447_length_661_cov_13.005338	406	486	0	80	80	1.0000000
NODE_19452_length_661_cov_5.670819	374	454	0	44	80	0.5500000
NODE_19452_length_661_cov_5.670819	374	454	2	4	80	0.0500000
NODE_19452_length_661_cov_5.670819	374	454	4	32	80	0.4000000
NODE_19452_length_661_cov_5.670819	427	507	2	8	80	0.1000000
NODE_19452_length_661_cov_5.670819	427	507	4	72	80	0.9000000
NODE_19457_length_661_cov_4.601423	319	395	0	76	76	1.0000000
NODE_19459_length_661_cov_3.532028	282	362	0	80	80	1.0000000
NODE_19459_length_661_cov_3.532028	335	415	0	80	80	1.0000000
NODE_19515_length_660_cov_20.741533	343	423	2	22	80	0.2750000
NODE_19515_length_660_cov_20.741533	343	423	5	3	80	0.0375000
NODE_19515_length_660_cov_20.741533	343	423	6	55	80	0.6875000
NODE_19515_length_660_cov_20.741533	396	476	0	8	80	0.1000000
NODE_19515_length_660_cov_20.741533	396	476	4	45	80	0.5625000
NODE_19515_length_660_cov_20.741533	396	476	5	3	80	0.0375000
NODE_19515_length_660_cov_20.741533	396	476	6	24	80	0.3000000
NODE_19516_length_660_cov_15.089127	148	228	0	22	80	0.2750000
NODE_19516_length_660_cov_15.089127	148	228	1	2	80	0.0250000
NODE_19516_length_660_cov_15.089127	148	228	2	34	80	0.4250000
NODE_19516_length_660_cov_15.089127	148	228	4	22	80	0.2750000
NODE_19516_length_660_cov_15.089127	201	281	2	5	80	0.0625000
NODE_19516_length_660_cov_15.089127	201	281	4	75	80	0.9375000
NODE_19518_length_660_cov_13.301248	276	356	0	80	80	1.0000000
NODE_19518_length_660_cov_13.301248	329	409	0	80	80	1.0000000
NODE_19519_length_660_cov_12.393939	234	314	0	80	80	1.0000000
NODE_19519_length_660_cov_12.393939	287	367	0	80	80	1.0000000
NODE_19521_length_660_cov_11.495544	399	479	2	80	80	1.0000000
NODE_19521_length_660_cov_11.495544	452	532	0	24	80	0.3000000
NODE_19521_length_660_cov_11.495544	452	532	2	56	80	0.7000000
NODE_19522_length_660_cov_10.522282	177	257	2	2	80	0.0250000
NODE_19522_length_660_cov_10.522282	177	257	4	78	80	0.9750000
NODE_19522_length_660_cov_10.522282	230	311	0	16	81	0.1975309
NODE_19522_length_660_cov_10.522282	230	311	1	1	81	0.0123457
NODE_19522_length_660_cov_10.522282	230	311	3	5	81	0.0617284
NODE_19522_length_660_cov_10.522282	230	311	4	59	81	0.7283950
NODE_19524_length_660_cov_8.887701	254	325	14	71	71	1.0000000
NODE_19527_length_660_cov_7.278075	225	305	0	80	80	1.0000000
NODE_19527_length_660_cov_7.278075	278	358	0	80	80	1.0000000
NODE_19529_length_660_cov_6.577540	350	430	0	7	80	0.0875000
NODE_19529_length_660_cov_6.577540	350	430	4	73	80	0.9125000
NODE_19529_length_660_cov_6.577540	403	483	0	60	80	0.7500000
NODE_19529_length_660_cov_6.577540	403	483	4	20	80	0.2500000
NODE_19549_length_660_cov_2.354724	421	470	8	4	49	0.0816327
NODE_19549_length_660_cov_2.354724	421	470	12	28	49	0.5714286
NODE_19549_length_660_cov_2.354724	421	470	14	17	49	0.3469388
NODE_19594_length_659_cov_43.587500	2	82	0	15	80	0.1875000
NODE_19594_length_659_cov_43.587500	2	82	2	2	80	0.0250000
NODE_19594_length_659_cov_43.587500	2	82	6	25	80	0.3125000
NODE_19594_length_659_cov_43.587500	2	82	8	25	80	0.3125000
NODE_19594_length_659_cov_43.587500	2	82	10	13	80	0.1625000
NODE_19594_length_659_cov_43.587500	55	135	2	8	80	0.1000000
NODE_19594_length_659_cov_43.587500	55	135	4	4	80	0.0500000
NODE_19594_length_659_cov_43.587500	55	135	6	4	80	0.0500000
NODE_19594_length_659_cov_43.587500	55	135	8	14	80	0.1750000
NODE_19594_length_659_cov_43.587500	55	135	10	50	80	0.6250000
NODE_19594_length_659_cov_43.587500	131	211	2	66	80	0.8250000
NODE_19594_length_659_cov_43.587500	131	211	3	1	80	0.0125000
NODE_19594_length_659_cov_43.587500	131	211	4	13	80	0.1625000
NODE_19594_length_659_cov_43.587500	184	264	0	11	80	0.1375000
NODE_19594_length_659_cov_43.587500	184	264	2	55	80	0.6875000
NODE_19594_length_659_cov_43.587500	184	264	3	1	80	0.0125000
NODE_19594_length_659_cov_43.587500	184	264	4	13	80	0.1625000
NODE_19595_length_659_cov_23.330357	236	316	0	80	80	1.0000000
NODE_19595_length_659_cov_23.330357	289	369	0	80	80	1.0000000
NODE_19596_length_659_cov_12.775000	255	335	8	7	80	0.0875000
NODE_19596_length_659_cov_12.775000	255	335	10	2	80	0.0250000
NODE_19596_length_659_cov_12.775000	255	335	12	14	80	0.1750000
NODE_19596_length_659_cov_12.775000	255	335	16	7	80	0.0875000
NODE_19596_length_659_cov_12.775000	255	335	18	18	80	0.2250000
NODE_19596_length_659_cov_12.775000	255	335	22	6	80	0.0750000
NODE_19596_length_659_cov_12.775000	255	335	24	9	80	0.1125000
NODE_19596_length_659_cov_12.775000	255	335	26	10	80	0.1250000
NODE_19596_length_659_cov_12.775000	255	335	28	7	80	0.0875000
NODE_19596_length_659_cov_12.775000	308	388	22	1	80	0.0125000
NODE_19596_length_659_cov_12.775000	308	388	23	7	80	0.0875000
NODE_19596_length_659_cov_12.775000	308	388	24	9	80	0.1125000
NODE_19596_length_659_cov_12.775000	308	388	26	10	80	0.1250000
NODE_19596_length_659_cov_12.775000	308	388	28	15	80	0.1875000
NODE_19596_length_659_cov_12.775000	308	388	29	12	80	0.1500000
NODE_19596_length_659_cov_12.775000	308	388	31	23	80	0.2875000
NODE_19596_length_659_cov_12.775000	308	388	32	3	80	0.0375000
NODE_19598_length_659_cov_9.683929	220	298	0	29	78	0.3717949
NODE_19598_length_659_cov_9.683929	220	298	2	9	78	0.1153846
NODE_19598_length_659_cov_9.683929	220	298	4	40	78	0.5128205
NODE_19598_length_659_cov_9.683929	271	351	2	19	80	0.2375000
NODE_19598_length_659_cov_9.683929	271	351	4	61	80	0.7625000
NODE_19613_length_659_cov_3.658929	305	385	2	24	80	0.3000000
NODE_19613_length_659_cov_3.658929	305	385	4	4	80	0.0500000
NODE_19613_length_659_cov_3.658929	305	385	5	1	80	0.0125000
NODE_19613_length_659_cov_3.658929	305	385	6	10	80	0.1250000
NODE_19613_length_659_cov_3.658929	305	385	8	3	80	0.0375000
NODE_19613_length_659_cov_3.658929	305	385	9	5	80	0.0625000
NODE_19613_length_659_cov_3.658929	305	385	10	33	80	0.4125000
NODE_19613_length_659_cov_3.658929	358	438	6	15	80	0.1875000
NODE_19613_length_659_cov_3.658929	358	438	8	24	80	0.3000000
NODE_19613_length_659_cov_3.658929	358	438	10	41	80	0.5125000
NODE_19678_length_658_cov_38.479428	289	369	0	11	80	0.1375000
NODE_19678_length_658_cov_38.479428	289	369	2	69	80	0.8625000
NODE_19678_length_658_cov_38.479428	342	422	0	44	80	0.5500000
NODE_19678_length_658_cov_38.479428	342	422	2	36	80	0.4500000
NODE_19679_length_658_cov_35.409660	242	322	6	14	80	0.1750000
NODE_19679_length_658_cov_35.409660	242	322	10	7	80	0.0875000
NODE_19679_length_658_cov_35.409660	242	322	15	23	80	0.2875000
NODE_19679_length_658_cov_35.409660	242	322	16	36	80	0.4500000
NODE_19679_length_658_cov_35.409660	295	375	0	5	80	0.0625000
NODE_19679_length_658_cov_35.409660	295	375	6	19	80	0.2375000
NODE_19679_length_658_cov_35.409660	295	375	10	27	80	0.3375000
NODE_19679_length_658_cov_35.409660	295	375	11	1	80	0.0125000
NODE_19679_length_658_cov_35.409660	295	375	15	23	80	0.2875000
NODE_19679_length_658_cov_35.409660	295	375	16	5	80	0.0625000
NODE_19680_length_658_cov_20.322004	191	271	2	80	80	1.0000000
NODE_19680_length_658_cov_20.322004	244	321	2	52	77	0.6753247
NODE_19680_length_658_cov_20.322004	244	321	8	25	77	0.3246753
NODE_19680_length_658_cov_20.322004	317	397	6	15	80	0.1875000
NODE_19680_length_658_cov_20.322004	317	397	8	18	80	0.2250000
NODE_19680_length_658_cov_20.322004	317	397	9	1	80	0.0125000
NODE_19680_length_658_cov_20.322004	317	397	10	19	80	0.2375000
NODE_19680_length_658_cov_20.322004	317	397	12	13	80	0.1625000
NODE_19680_length_658_cov_20.322004	317	397	14	14	80	0.1750000
NODE_19680_length_658_cov_20.322004	370	449	4	9	79	0.1139240
NODE_19680_length_658_cov_20.322004	370	449	8	28	79	0.3544304
NODE_19680_length_658_cov_20.322004	370	449	12	13	79	0.1645570
NODE_19680_length_658_cov_20.322004	370	449	14	29	79	0.3670886
NODE_19681_length_658_cov_11.352415	324	404	0	3	80	0.0375000
NODE_19681_length_658_cov_11.352415	324	404	2	77	80	0.9625000
NODE_19681_length_658_cov_11.352415	377	457	0	9	80	0.1125000
NODE_19681_length_658_cov_11.352415	377	457	2	71	80	0.8875000
NODE_19685_length_658_cov_8.241503	227	307	2	14	80	0.1750000
NODE_19685_length_658_cov_8.241503	227	307	4	9	80	0.1125000
NODE_19685_length_658_cov_8.241503	227	307	6	57	80	0.7125000
NODE_19685_length_658_cov_8.241503	280	360	0	29	80	0.3625000
NODE_19685_length_658_cov_8.241503	280	360	2	6	80	0.0750000
NODE_19685_length_658_cov_8.241503	280	360	4	2	80	0.0250000
NODE_19685_length_658_cov_8.241503	280	360	6	43	80	0.5375000
NODE_19689_length_658_cov_5.477639	450	530	0	80	80	1.0000000
NODE_19705_length_658_cov_2.277281	286	366	0	80	80	1.0000000
NODE_19705_length_658_cov_2.277281	339	419	0	51	80	0.6375000
NODE_19705_length_658_cov_2.277281	339	419	2	22	80	0.2750000
NODE_19705_length_658_cov_2.277281	339	419	4	7	80	0.0875000
NODE_19750_length_657_cov_71.087814	306	372	2	41	66	0.6212121
NODE_19750_length_657_cov_71.087814	306	372	6	18	66	0.2727273
NODE_19750_length_657_cov_71.087814	306	372	10	5	66	0.0757576
NODE_19750_length_657_cov_71.087814	306	372	13	1	66	0.0151515
NODE_19750_length_657_cov_71.087814	306	372	14	1	66	0.0151515
NODE_19750_length_657_cov_71.087814	382	462	12	3	80	0.0375000
NODE_19750_length_657_cov_71.087814	382	462	18	9	80	0.1125000
NODE_19750_length_657_cov_71.087814	382	462	19	1	80	0.0125000
NODE_19750_length_657_cov_71.087814	382	462	20	4	80	0.0500000
NODE_19750_length_657_cov_71.087814	382	462	22	63	80	0.7875000
NODE_19750_length_657_cov_71.087814	382	462	12	3	80	0.0375000
NODE_19750_length_657_cov_71.087814	382	462	18	9	80	0.1125000
NODE_19750_length_657_cov_71.087814	382	462	19	1	80	0.0125000
NODE_19750_length_657_cov_71.087814	382	462	20	4	80	0.0500000
NODE_19750_length_657_cov_71.087814	382	462	22	63	80	0.7875000
NODE_19750_length_657_cov_71.087814	435	515	0	11	80	0.1375000
NODE_19750_length_657_cov_71.087814	435	515	2	20	80	0.2500000
NODE_19750_length_657_cov_71.087814	435	515	6	7	80	0.0875000
NODE_19750_length_657_cov_71.087814	435	515	10	9	80	0.1125000
NODE_19750_length_657_cov_71.087814	435	515	18	14	80	0.1750000
NODE_19750_length_657_cov_71.087814	435	515	20	2	80	0.0250000
NODE_19750_length_657_cov_71.087814	435	515	22	17	80	0.2125000
NODE_19750_length_657_cov_71.087814	440	515	0	11	75	0.1466667
NODE_19750_length_657_cov_71.087814	440	515	2	20	75	0.2666667
NODE_19750_length_657_cov_71.087814	440	515	6	7	75	0.0933333
NODE_19750_length_657_cov_71.087814	440	515	10	9	75	0.1200000
NODE_19750_length_657_cov_71.087814	440	515	18	14	75	0.1866667
NODE_19750_length_657_cov_71.087814	440	515	20	2	75	0.0266667
NODE_19750_length_657_cov_71.087814	440	515	22	12	75	0.1600000
NODE_19751_length_657_cov_67.408602	98	178	2	80	80	1.0000000
NODE_19751_length_657_cov_67.408602	151	231	0	53	80	0.6625000
NODE_19751_length_657_cov_67.408602	151	231	2	27	80	0.3375000
NODE_19752_length_657_cov_15.568100	265	345	13	12	80	0.1500000
NODE_19752_length_657_cov_15.568100	265	345	14	13	80	0.1625000
NODE_19752_length_657_cov_15.568100	265	345	17	15	80	0.1875000
NODE_19752_length_657_cov_15.568100	265	345	18	3	80	0.0375000
NODE_19752_length_657_cov_15.568100	265	345	19	9	80	0.1125000
NODE_19752_length_657_cov_15.568100	265	345	20	28	80	0.3500000
NODE_19752_length_657_cov_15.568100	341	421	7	36	80	0.4500000
NODE_19752_length_657_cov_15.568100	341	421	8	37	80	0.4625000
NODE_19752_length_657_cov_15.568100	341	421	19	7	80	0.0875000
NODE_19759_length_657_cov_5.161290	185	256	0	71	71	1.0000000
NODE_19759_length_657_cov_5.161290	229	309	0	80	80	1.0000000
NODE_19824_length_656_cov_37.023339	470	550	4	23	80	0.2875000
NODE_19824_length_656_cov_37.023339	470	550	6	57	80	0.7125000
NODE_19824_length_656_cov_37.023339	523	603	1	18	80	0.2250000
NODE_19824_length_656_cov_37.023339	523	603	2	13	80	0.1625000
NODE_19824_length_656_cov_37.023339	523	603	4	17	80	0.2125000
NODE_19824_length_656_cov_37.023339	523	603	6	32	80	0.4000000
NODE_19825_length_656_cov_22.804309	173	253	2	80	80	1.0000000
NODE_19825_length_656_cov_22.804309	226	306	0	18	80	0.2250000
NODE_19825_length_656_cov_22.804309	226	306	2	62	80	0.7750000
NODE_19826_length_656_cov_19.280072	345	425	0	80	80	1.0000000
NODE_19826_length_656_cov_19.280072	398	478	0	80	80	1.0000000
NODE_19827_length_656_cov_18.267504	272	352	2	10	80	0.1250000
NODE_19827_length_656_cov_18.267504	272	352	8	70	80	0.8750000
NODE_19827_length_656_cov_18.267504	325	405	0	40	80	0.5000000
NODE_19827_length_656_cov_18.267504	325	405	2	23	80	0.2875000
NODE_19827_length_656_cov_18.267504	325	405	8	17	80	0.2125000
NODE_19828_length_656_cov_15.928187	223	303	0	80	80	1.0000000
NODE_19829_length_656_cov_15.091562	297	377	0	80	80	1.0000000
NODE_19829_length_656_cov_15.091562	350	430	0	80	80	1.0000000
NODE_19830_length_656_cov_12.773788	269	349	2	13	80	0.1625000
NODE_19830_length_656_cov_12.773788	269	349	4	1	80	0.0125000
NODE_19830_length_656_cov_12.773788	269	349	5	8	80	0.1000000
NODE_19830_length_656_cov_12.773788	269	349	6	4	80	0.0500000
NODE_19830_length_656_cov_12.773788	269	349	22	14	80	0.1750000
NODE_19830_length_656_cov_12.773788	269	349	26	3	80	0.0375000
NODE_19830_length_656_cov_12.773788	269	349	27	16	80	0.2000000
NODE_19830_length_656_cov_12.773788	269	349	28	21	80	0.2625000
NODE_19830_length_656_cov_12.773788	322	399	26	42	77	0.5454546
NODE_19830_length_656_cov_12.773788	322	399	27	11	77	0.1428571
NODE_19830_length_656_cov_12.773788	322	399	28	24	77	0.3116883
NODE_19831_length_656_cov_12.493716	212	292	0	80	80	1.0000000
NODE_19831_length_656_cov_12.493716	265	345	0	80	80	1.0000000
NODE_19832_length_656_cov_10.946140	197	277	2	80	80	1.0000000
NODE_19832_length_656_cov_10.946140	250	330	0	23	80	0.2875000
NODE_19832_length_656_cov_10.946140	250	330	2	57	80	0.7125000
NODE_19833_length_656_cov_9.412926	295	375	0	80	80	1.0000000
NODE_19833_length_656_cov_9.412926	348	428	0	80	80	1.0000000
NODE_19904_length_655_cov_31.019784	212	292	0	37	80	0.4625000
NODE_19904_length_655_cov_31.019784	212	292	2	4	80	0.0500000
NODE_19904_length_655_cov_31.019784	212	292	3	39	80	0.4875000
NODE_19904_length_655_cov_31.019784	265	345	0	80	80	1.0000000
NODE_19907_length_655_cov_8.672662	216	296	0	11	80	0.1375000
NODE_19907_length_655_cov_8.672662	216	296	4	69	80	0.8625000
NODE_19907_length_655_cov_8.672662	269	349	0	22	80	0.2750000
NODE_19907_length_655_cov_8.672662	269	349	4	58	80	0.7250000
NODE_19908_length_655_cov_8.250000	204	234	0	30	30	1.0000000
NODE_19909_length_655_cov_7.910072	366	446	0	80	80	1.0000000
NODE_19909_length_655_cov_7.910072	419	499	0	80	80	1.0000000
NODE_19916_length_655_cov_5.478417	178	255	0	77	77	1.0000000
NODE_19916_length_655_cov_5.478417	178	221	0	43	43	1.0000000
NODE_19919_length_655_cov_5.174460	347	428	4	26	81	0.3209876
NODE_19919_length_655_cov_5.174460	347	428	5	35	81	0.4320988
NODE_19919_length_655_cov_5.174460	347	428	6	15	81	0.1851852
NODE_19919_length_655_cov_5.174460	347	428	8	5	81	0.0617284
NODE_19919_length_655_cov_5.174460	401	481	4	39	80	0.4875000
NODE_19919_length_655_cov_5.174460	401	481	5	8	80	0.1000000
NODE_19919_length_655_cov_5.174460	401	481	6	23	80	0.2875000
NODE_19919_length_655_cov_5.174460	401	481	8	10	80	0.1250000
NODE_19979_length_654_cov_17.086486	323	403	0	80	80	1.0000000
NODE_19979_length_654_cov_17.086486	376	456	0	80	80	1.0000000
NODE_19980_length_654_cov_16.194595	318	398	8	18	80	0.2250000
NODE_19980_length_654_cov_16.194595	318	398	9	9	80	0.1125000
NODE_19980_length_654_cov_16.194595	318	398	10	6	80	0.0750000
NODE_19980_length_654_cov_16.194595	318	398	11	47	80	0.5875000
NODE_19980_length_654_cov_16.194595	371	451	4	10	80	0.1250000
NODE_19980_length_654_cov_16.194595	371	451	8	56	80	0.7000000
NODE_19980_length_654_cov_16.194595	371	451	10	6	80	0.0750000
NODE_19980_length_654_cov_16.194595	371	451	11	8	80	0.1000000
NODE_19983_length_654_cov_5.556757	341	412	0	71	71	1.0000000
NODE_19990_length_654_cov_3.236036	105	181	0	76	76	1.0000000
NODE_19990_length_654_cov_3.236036	158	236	0	78	78	1.0000000
NODE_19998_length_654_cov_2.549550	279	366	0	35	87	0.4022988
NODE_19998_length_654_cov_2.549550	279	366	2	8	87	0.0919540
NODE_19998_length_654_cov_2.549550	279	366	6	15	87	0.1724138
NODE_19998_length_654_cov_2.549550	279	366	10	3	87	0.0344828
NODE_19998_length_654_cov_2.549550	279	366	11	26	87	0.2988506
NODE_20013_length_654_cov_1.790991	480	560	4	9	80	0.1125000
NODE_20013_length_654_cov_1.790991	480	560	6	71	80	0.8875000
NODE_20044_length_653_cov_70.296029	277	357	2	29	80	0.3625000
NODE_20044_length_653_cov_70.296029	277	357	4	9	80	0.1125000
NODE_20044_length_653_cov_70.296029	277	357	6	10	80	0.1250000
NODE_20044_length_653_cov_70.296029	277	357	33	1	80	0.0125000
NODE_20044_length_653_cov_70.296029	277	357	34	8	80	0.1000000
NODE_20044_length_653_cov_70.296029	277	357	36	23	80	0.2875000
NODE_20044_length_653_cov_70.296029	330	410	32	6	80	0.0750000
NODE_20044_length_653_cov_70.296029	330	410	34	24	80	0.3000000
NODE_20044_length_653_cov_70.296029	330	410	36	50	80	0.6250000
NODE_20045_length_653_cov_28.072202	302	382	0	22	80	0.2750000
NODE_20045_length_653_cov_28.072202	302	382	2	58	80	0.7250000
NODE_20045_length_653_cov_28.072202	355	435	2	80	80	1.0000000
NODE_20046_length_653_cov_18.382671	214	294	0	18	80	0.2250000
NODE_20046_length_653_cov_18.382671	214	294	2	60	80	0.7500000
NODE_20046_length_653_cov_18.382671	214	294	6	2	80	0.0250000
NODE_20046_length_653_cov_18.382671	267	347	2	25	80	0.3125000
NODE_20046_length_653_cov_18.382671	267	347	4	44	80	0.5500000
NODE_20046_length_653_cov_18.382671	267	347	6	11	80	0.1375000
NODE_20047_length_653_cov_8.821300	292	372	0	80	80	1.0000000
NODE_20047_length_653_cov_8.821300	345	425	0	80	80	1.0000000
NODE_20048_length_653_cov_8.660650	200	280	3	17	80	0.2125000
NODE_20048_length_653_cov_8.660650	200	280	5	1	80	0.0125000
NODE_20048_length_653_cov_8.660650	200	280	6	13	80	0.1625000
NODE_20048_length_653_cov_8.660650	200	280	10	1	80	0.0125000
NODE_20048_length_653_cov_8.660650	200	280	11	25	80	0.3125000
NODE_20048_length_653_cov_8.660650	200	280	13	23	80	0.2875000
NODE_20048_length_653_cov_8.660650	253	333	10	12	80	0.1500000
NODE_20048_length_653_cov_8.660650	253	333	11	15	80	0.1875000
NODE_20048_length_653_cov_8.660650	253	333	13	53	80	0.6625000
NODE_20052_length_653_cov_5.777978	308	383	0	75	75	1.0000000
NODE_20052_length_653_cov_5.777978	361	435	0	74	74	1.0000000
NODE_20054_length_653_cov_5.193141	304	356	6	12	52	0.2307692
NODE_20054_length_653_cov_5.193141	304	356	9	4	52	0.0769231
NODE_20054_length_653_cov_5.193141	304	356	10	36	52	0.6923077
NODE_20058_length_653_cov_4.823105	178	251	0	31	73	0.4246575
NODE_20058_length_653_cov_4.823105	178	251	2	42	73	0.5753425
NODE_20058_length_653_cov_4.823105	178	256	0	36	78	0.4615385
NODE_20058_length_653_cov_4.823105	178	256	2	42	78	0.5384616
NODE_20058_length_653_cov_4.823105	229	309	0	80	80	1.0000000
NODE_20058_length_653_cov_4.823105	229	309	0	80	80	1.0000000
NODE_20058_length_653_cov_4.823105	239	309	0	70	70	1.0000000
NODE_20127_length_652_cov_215.211573	185	248	8	5	63	0.0793651
NODE_20127_length_652_cov_215.211573	185	248	13	18	63	0.2857143
NODE_20127_length_652_cov_215.211573	185	248	15	2	63	0.0317460
NODE_20127_length_652_cov_215.211573	185	248	16	3	63	0.0476190
NODE_20127_length_652_cov_215.211573	185	248	18	3	63	0.0476190
NODE_20127_length_652_cov_215.211573	185	248	19	23	63	0.3650794
NODE_20127_length_652_cov_215.211573	185	248	21	5	63	0.0793651
NODE_20127_length_652_cov_215.211573	185	248	22	4	63	0.0634921
NODE_20127_length_652_cov_215.211573	221	301	19	18	80	0.2250000
NODE_20127_length_652_cov_215.211573	221	301	21	5	80	0.0625000
NODE_20127_length_652_cov_215.211573	221	301	22	11	80	0.1375000
NODE_20127_length_652_cov_215.211573	221	301	24	16	80	0.2000000
NODE_20127_length_652_cov_215.211573	221	301	26	30	80	0.3750000
NODE_20128_length_652_cov_21.267631	299	379	0	80	80	1.0000000
NODE_20128_length_652_cov_21.267631	352	432	0	80	80	1.0000000
NODE_20138_length_652_cov_4.622061	266	315	4	20	49	0.4081633
NODE_20138_length_652_cov_4.622061	266	315	6	29	49	0.5918368
NODE_20138_length_652_cov_4.622061	288	368	2	24	80	0.3000000
NODE_20138_length_652_cov_4.622061	288	368	6	56	80	0.7000000
NODE_20210_length_651_cov_49.981884	425	505	18	14	80	0.1750000
NODE_20210_length_651_cov_49.981884	425	505	20	32	80	0.4000000
NODE_20210_length_651_cov_49.981884	425	505	21	1	80	0.0125000
NODE_20210_length_651_cov_49.981884	425	505	22	30	80	0.3750000
NODE_20210_length_651_cov_49.981884	425	505	23	3	80	0.0375000
NODE_20210_length_651_cov_49.981884	425	505	18	14	80	0.1750000
NODE_20210_length_651_cov_49.981884	425	505	20	32	80	0.4000000
NODE_20210_length_651_cov_49.981884	425	505	21	1	80	0.0125000
NODE_20210_length_651_cov_49.981884	425	505	22	30	80	0.3750000
NODE_20210_length_651_cov_49.981884	425	505	23	3	80	0.0375000
NODE_20210_length_651_cov_49.981884	425	505	18	14	80	0.1750000
NODE_20210_length_651_cov_49.981884	425	505	20	32	80	0.4000000
NODE_20210_length_651_cov_49.981884	425	505	21	1	80	0.0125000
NODE_20210_length_651_cov_49.981884	425	505	22	30	80	0.3750000
NODE_20210_length_651_cov_49.981884	425	505	23	3	80	0.0375000
NODE_20210_length_651_cov_49.981884	425	505	18	14	80	0.1750000
NODE_20210_length_651_cov_49.981884	425	505	20	32	80	0.4000000
NODE_20210_length_651_cov_49.981884	425	505	21	1	80	0.0125000
NODE_20210_length_651_cov_49.981884	425	505	22	30	80	0.3750000
NODE_20210_length_651_cov_49.981884	425	505	23	3	80	0.0375000
NODE_20210_length_651_cov_49.981884	478	540	4	1	62	0.0161290
NODE_20210_length_651_cov_49.981884	478	540	6	6	62	0.0967742
NODE_20210_length_651_cov_49.981884	478	540	8	5	62	0.0806452
NODE_20210_length_651_cov_49.981884	478	540	16	5	62	0.0806452
NODE_20210_length_651_cov_49.981884	478	540	21	1	62	0.0161290
NODE_20210_length_651_cov_49.981884	478	540	22	41	62	0.6612903
NODE_20210_length_651_cov_49.981884	478	540	23	3	62	0.0483871
NODE_20210_length_651_cov_49.981884	478	540	4	1	62	0.0161290
NODE_20210_length_651_cov_49.981884	478	540	6	6	62	0.0967742
NODE_20210_length_651_cov_49.981884	478	540	8	5	62	0.0806452
NODE_20210_length_651_cov_49.981884	478	540	16	5	62	0.0806452
NODE_20210_length_651_cov_49.981884	478	540	21	1	62	0.0161290
NODE_20210_length_651_cov_49.981884	478	540	22	41	62	0.6612903
NODE_20210_length_651_cov_49.981884	478	540	23	3	62	0.0483871
NODE_20210_length_651_cov_49.981884	478	540	4	1	62	0.0161290
NODE_20210_length_651_cov_49.981884	478	540	6	6	62	0.0967742
NODE_20210_length_651_cov_49.981884	478	540	8	5	62	0.0806452
NODE_20210_length_651_cov_49.981884	478	540	16	5	62	0.0806452
NODE_20210_length_651_cov_49.981884	478	540	21	1	62	0.0161290
NODE_20210_length_651_cov_49.981884	478	540	22	41	62	0.6612903
NODE_20210_length_651_cov_49.981884	478	540	23	3	62	0.0483871
NODE_20210_length_651_cov_49.981884	478	542	4	3	64	0.0468750
NODE_20210_length_651_cov_49.981884	478	542	6	6	64	0.0937500
NODE_20210_length_651_cov_49.981884	478	542	8	5	64	0.0781250
NODE_20210_length_651_cov_49.981884	478	542	16	5	64	0.0781250
NODE_20210_length_651_cov_49.981884	478	542	21	1	64	0.0156250
NODE_20210_length_651_cov_49.981884	478	542	22	41	64	0.6406250
NODE_20210_length_651_cov_49.981884	478	542	23	3	64	0.0468750
NODE_20211_length_651_cov_36.121377	422	502	2	80	80	1.0000000
NODE_20211_length_651_cov_36.121377	475	555	0	39	80	0.4875000
NODE_20211_length_651_cov_36.121377	475	555	2	41	80	0.5125000
NODE_20212_length_651_cov_20.045290	252	332	0	20	80	0.2500000
NODE_20212_length_651_cov_20.045290	252	332	2	60	80	0.7500000
NODE_20212_length_651_cov_20.045290	305	385	2	80	80	1.0000000
NODE_20213_length_651_cov_12.704710	264	344	4	80	80	1.0000000
NODE_20213_length_651_cov_12.704710	317	397	0	46	80	0.5750000
NODE_20213_length_651_cov_12.704710	317	397	4	34	80	0.4250000
NODE_20214_length_651_cov_11.632246	205	285	0	18	80	0.2250000
NODE_20214_length_651_cov_11.632246	205	285	2	62	80	0.7750000
NODE_20214_length_651_cov_11.632246	258	338	0	33	80	0.4125000
NODE_20214_length_651_cov_11.632246	258	338	2	47	80	0.5875000
NODE_20215_length_651_cov_10.074275	369	449	4	80	80	1.0000000
NODE_20215_length_651_cov_10.074275	422	502	0	51	80	0.6375000
NODE_20215_length_651_cov_10.074275	422	502	4	29	80	0.3625000
NODE_20216_length_651_cov_9.699275	199	279	0	11	80	0.1375000
NODE_20216_length_651_cov_9.699275	199	279	2	69	80	0.8625000
NODE_20216_length_651_cov_9.699275	252	332	0	64	80	0.8000000
NODE_20216_length_651_cov_9.699275	252	332	2	16	80	0.2000000
NODE_20219_length_651_cov_8.309783	217	296	0	46	79	0.5822785
NODE_20219_length_651_cov_8.309783	217	296	2	33	79	0.4177215
NODE_20219_length_651_cov_8.309783	269	349	2	80	80	1.0000000
NODE_20220_length_651_cov_5.621377	148	228	0	20	80	0.2500000
NODE_20220_length_651_cov_5.621377	148	228	2	4	80	0.0500000
NODE_20220_length_651_cov_5.621377	148	228	4	39	80	0.4875000
NODE_20220_length_651_cov_5.621377	148	228	6	17	80	0.2125000
NODE_20220_length_651_cov_5.621377	201	281	4	10	80	0.1250000
NODE_20220_length_651_cov_5.621377	201	281	6	70	80	0.8750000
NODE_20221_length_651_cov_5.610507	342	422	0	18	80	0.2250000
NODE_20221_length_651_cov_5.610507	342	422	2	5	80	0.0625000
NODE_20221_length_651_cov_5.610507	342	422	6	7	80	0.0875000
NODE_20221_length_651_cov_5.610507	342	422	8	6	80	0.0750000
NODE_20221_length_651_cov_5.610507	342	422	10	44	80	0.5500000
NODE_20221_length_651_cov_5.610507	395	475	2	11	80	0.1375000
NODE_20221_length_651_cov_5.610507	395	475	6	2	80	0.0250000
NODE_20221_length_651_cov_5.610507	395	475	8	6	80	0.0750000
NODE_20221_length_651_cov_5.610507	395	475	10	61	80	0.7625000
NODE_20225_length_651_cov_4.246377	299	359	0	14	60	0.2333333
NODE_20225_length_651_cov_4.246377	299	359	2	46	60	0.7666667
NODE_20238_length_651_cov_2.744565	340	421	0	23	81	0.2839506
NODE_20238_length_651_cov_2.744565	340	421	2	58	81	0.7160494
NODE_20252_length_651_cov_2.016304	280	311	1	31	31	1.0000000
NODE_20292_length_650_cov_22.644283	233	313	0	80	80	1.0000000
NODE_20292_length_650_cov_22.644283	286	366	0	80	80	1.0000000
NODE_20293_length_650_cov_22.156080	269	349	0	58	80	0.7250000
NODE_20293_length_650_cov_22.156080	269	349	4	22	80	0.2750000
NODE_20293_length_650_cov_22.156080	322	402	0	5	80	0.0625000
NODE_20293_length_650_cov_22.156080	322	402	4	75	80	0.9375000
NODE_20294_length_650_cov_20.012704	186	266	0	7	80	0.0875000
NODE_20294_length_650_cov_20.012704	186	266	4	4	80	0.0500000
NODE_20294_length_650_cov_20.012704	186	266	6	69	80	0.8625000
NODE_20294_length_650_cov_20.012704	239	319	4	19	80	0.2375000
NODE_20294_length_650_cov_20.012704	239	319	6	61	80	0.7625000
NODE_20295_length_650_cov_17.626134	52	132	8	24	80	0.3000000
NODE_20295_length_650_cov_17.626134	52	132	9	34	80	0.4250000
NODE_20295_length_650_cov_17.626134	52	132	10	22	80	0.2750000
NODE_20295_length_650_cov_17.626134	105	185	0	14	80	0.1750000
NODE_20295_length_650_cov_17.626134	105	185	7	6	80	0.0750000
NODE_20295_length_650_cov_17.626134	105	185	9	60	80	0.7500000
NODE_20297_length_650_cov_10.687840	289	369	0	46	80	0.5750000
NODE_20297_length_650_cov_10.687840	289	369	2	34	80	0.4250000
NODE_20297_length_650_cov_10.687840	342	422	0	12	80	0.1500000
NODE_20297_length_650_cov_10.687840	342	422	2	68	80	0.8500000
NODE_20301_length_650_cov_6.519056	312	365	0	25	53	0.4716981
NODE_20301_length_650_cov_6.519056	312	365	2	28	53	0.5283019
NODE_20301_length_650_cov_6.519056	338	417	2	79	79	1.0000000
NODE_20302_length_650_cov_6.159710	243	323	0	52	80	0.6500000
NODE_20302_length_650_cov_6.159710	243	323	4	10	80	0.1250000
NODE_20302_length_650_cov_6.159710	243	323	6	18	80	0.2250000
NODE_20302_length_650_cov_6.159710	296	376	2	25	80	0.3125000
NODE_20302_length_650_cov_6.159710	296	376	4	9	80	0.1125000
NODE_20302_length_650_cov_6.159710	296	376	6	46	80	0.5750000
NODE_20318_length_650_cov_2.488203	213	266	0	17	53	0.3207547
NODE_20318_length_650_cov_2.488203	213	266	2	36	53	0.6792453
NODE_20370_length_649_cov_20.780000	111	140	4	23	29	0.7931035
NODE_20370_length_649_cov_20.780000	111	140	6	6	29	0.2068966
NODE_20370_length_649_cov_20.780000	111	191	4	23	80	0.2875000
NODE_20370_length_649_cov_20.780000	111	191	6	44	80	0.5500000
NODE_20370_length_649_cov_20.780000	111	191	8	12	80	0.1500000
NODE_20370_length_649_cov_20.780000	111	191	10	1	80	0.0125000
NODE_20370_length_649_cov_20.780000	138	161	6	23	23	1.0000000
NODE_20370_length_649_cov_20.780000	138	214	6	48	76	0.6315789
NODE_20370_length_649_cov_20.780000	138	214	8	18	76	0.2368421
NODE_20370_length_649_cov_20.780000	138	214	10	10	76	0.1315790
NODE_20370_length_649_cov_20.780000	164	244	6	22	80	0.2750000
NODE_20370_length_649_cov_20.780000	164	244	8	48	80	0.6000000
NODE_20370_length_649_cov_20.780000	164	244	10	10	80	0.1250000
NODE_20371_length_649_cov_17.938182	162	242	0	48	80	0.6000000
NODE_20371_length_649_cov_17.938182	162	242	2	32	80	0.4000000
NODE_20371_length_649_cov_17.938182	215	295	2	80	80	1.0000000
NODE_20372_length_649_cov_16.761818	395	475	2	4	80	0.0500000
NODE_20372_length_649_cov_16.761818	395	475	4	76	80	0.9500000
NODE_20372_length_649_cov_16.761818	448	528	0	31	80	0.3875000
NODE_20372_length_649_cov_16.761818	448	528	2	26	80	0.3250000
NODE_20372_length_649_cov_16.761818	448	528	4	23	80	0.2875000
NODE_20373_length_649_cov_15.632727	226	306	2	79	80	0.9875000
NODE_20373_length_649_cov_15.632727	226	306	4	1	80	0.0125000
NODE_20373_length_649_cov_15.632727	279	359	2	80	80	1.0000000
NODE_20374_length_649_cov_15.516364	329	409	0	80	80	1.0000000
NODE_20374_length_649_cov_15.516364	382	462	0	80	80	1.0000000
NODE_20375_length_649_cov_10.374545	453	533	4	17	80	0.2125000
NODE_20375_length_649_cov_10.374545	453	533	6	63	80	0.7875000
NODE_20375_length_649_cov_10.374545	506	586	0	22	80	0.2750000
NODE_20375_length_649_cov_10.374545	506	586	2	4	80	0.0500000
NODE_20375_length_649_cov_10.374545	506	586	4	14	80	0.1750000
NODE_20375_length_649_cov_10.374545	506	586	6	40	80	0.5000000
NODE_20382_length_649_cov_4.403636	213	293	0	35	80	0.4375000
NODE_20382_length_649_cov_4.403636	213	293	4	45	80	0.5625000
NODE_20382_length_649_cov_4.403636	266	346	4	80	80	1.0000000
NODE_20454_length_648_cov_34.287796	343	423	2	52	80	0.6500000
NODE_20454_length_648_cov_34.287796	343	423	4	28	80	0.3500000
NODE_20454_length_648_cov_34.287796	396	476	2	48	80	0.6000000
NODE_20454_length_648_cov_34.287796	396	476	3	7	80	0.0875000
NODE_20454_length_648_cov_34.287796	396	476	4	15	80	0.1875000
NODE_20454_length_648_cov_34.287796	396	476	5	10	80	0.1250000
NODE_20454_length_648_cov_34.287796	472	552	3	1	80	0.0125000
NODE_20454_length_648_cov_34.287796	472	552	4	9	80	0.1125000
NODE_20454_length_648_cov_34.287796	472	552	6	21	80	0.2625000
NODE_20454_length_648_cov_34.287796	472	552	8	49	80	0.6125000
NODE_20454_length_648_cov_34.287796	525	605	2	2	80	0.0250000
NODE_20454_length_648_cov_34.287796	525	605	4	9	80	0.1125000
NODE_20454_length_648_cov_34.287796	525	605	6	11	80	0.1375000
NODE_20454_length_648_cov_34.287796	525	605	8	58	80	0.7250000
NODE_20455_length_648_cov_19.433515	259	339	0	80	80	1.0000000
NODE_20455_length_648_cov_19.433515	312	392	0	80	80	1.0000000
NODE_20457_length_648_cov_8.391621	206	286	0	80	80	1.0000000
NODE_20457_length_648_cov_8.391621	259	339	0	80	80	1.0000000
NODE_20459_length_648_cov_6.573770	293	373	2	1	80	0.0125000
NODE_20459_length_648_cov_6.573770	293	373	4	79	80	0.9875000
NODE_20459_length_648_cov_6.573770	346	426	0	37	80	0.4625000
NODE_20459_length_648_cov_6.573770	346	426	2	1	80	0.0125000
NODE_20459_length_648_cov_6.573770	346	426	4	42	80	0.5250000
NODE_20460_length_648_cov_6.431694	285	328	0	43	43	1.0000000
NODE_20463_length_648_cov_6.085610	257	337	2	34	80	0.4250000
NODE_20463_length_648_cov_6.085610	257	337	6	28	80	0.3500000
NODE_20463_length_648_cov_6.085610	257	337	8	18	80	0.2250000
NODE_20463_length_648_cov_6.085610	310	390	6	32	80	0.4000000
NODE_20463_length_648_cov_6.085610	310	390	8	48	80	0.6000000
NODE_20483_length_648_cov_2.333333	19	86	0	67	67	1.0000000
NODE_20531_length_647_cov_18.489051	295	375	0	34	80	0.4250000
NODE_20531_length_647_cov_18.489051	295	375	2	46	80	0.5750000
NODE_20531_length_647_cov_18.489051	348	428	0	21	80	0.2625000
NODE_20531_length_647_cov_18.489051	348	428	2	59	80	0.7375000
NODE_20532_length_647_cov_14.677007	286	366	0	41	80	0.5125000
NODE_20532_length_647_cov_14.677007	286	366	2	39	80	0.4875000
NODE_20532_length_647_cov_14.677007	339	419	2	80	80	1.0000000
NODE_20533_length_647_cov_10.895985	231	311	2	80	80	1.0000000
NODE_20533_length_647_cov_10.895985	284	364	0	23	80	0.2875000
NODE_20533_length_647_cov_10.895985	284	364	2	57	80	0.7125000
NODE_20534_length_647_cov_9.116788	372	452	4	47	80	0.5875000
NODE_20534_length_647_cov_9.116788	372	452	5	15	80	0.1875000
NODE_20534_length_647_cov_9.116788	372	452	6	18	80	0.2250000
NODE_20534_length_647_cov_9.116788	425	505	2	4	80	0.0500000
NODE_20534_length_647_cov_9.116788	425	505	4	47	80	0.5875000
NODE_20534_length_647_cov_9.116788	425	505	5	9	80	0.1125000
NODE_20534_length_647_cov_9.116788	425	505	6	20	80	0.2500000
NODE_20536_length_647_cov_6.410584	150	221	2	32	71	0.4507042
NODE_20536_length_647_cov_6.410584	150	221	4	39	71	0.5492958
NODE_20536_length_647_cov_6.410584	194	274	2	48	80	0.6000000
NODE_20536_length_647_cov_6.410584	194	274	4	32	80	0.4000000
NODE_20539_length_647_cov_5.567518	239	319	2	61	80	0.7625000
NODE_20539_length_647_cov_5.567518	239	319	4	19	80	0.2375000
NODE_20539_length_647_cov_5.567518	292	355	2	40	63	0.6349207
NODE_20539_length_647_cov_5.567518	292	355	3	17	63	0.2698413
NODE_20539_length_647_cov_5.567518	292	355	4	6	63	0.0952381
NODE_20539_length_647_cov_5.567518	348	416	3	1	68	0.0147059
NODE_20539_length_647_cov_5.567518	348	416	4	6	68	0.0882353
NODE_20539_length_647_cov_5.567518	348	416	5	7	68	0.1029412
NODE_20539_length_647_cov_5.567518	348	416	6	53	68	0.7794118
NODE_20539_length_647_cov_5.567518	348	416	7	1	68	0.0147059
NODE_20539_length_647_cov_5.567518	401	469	6	68	68	1.0000000
NODE_20544_length_647_cov_3.775547	356	399	2	43	43	1.0000000
NODE_20550_length_647_cov_2.678832	239	319	0	80	80	1.0000000
NODE_20550_length_647_cov_2.678832	292	372	0	80	80	1.0000000
NODE_20561_length_647_cov_1.937956	254	304	0	12	50	0.2400000
NODE_20561_length_647_cov_1.937956	254	304	4	38	50	0.7600000
NODE_20607_length_646_cov_56.226691	267	347	4	6	80	0.0750000
NODE_20607_length_646_cov_56.226691	267	347	5	60	80	0.7500000
NODE_20607_length_646_cov_56.226691	267	347	7	14	80	0.1750000
NODE_20607_length_646_cov_56.226691	320	400	3	5	80	0.0625000
NODE_20607_length_646_cov_56.226691	320	400	4	27	80	0.3375000
NODE_20607_length_646_cov_56.226691	320	400	5	13	80	0.1625000
NODE_20607_length_646_cov_56.226691	320	400	7	35	80	0.4375000
NODE_20608_length_646_cov_23.747715	76	153	2	38	77	0.4935065
NODE_20608_length_646_cov_23.747715	76	153	7	2	77	0.0259740
NODE_20608_length_646_cov_23.747715	76	153	10	21	77	0.2727273
NODE_20608_length_646_cov_23.747715	76	153	12	16	77	0.2077922
NODE_20608_length_646_cov_23.747715	129	209	10	77	80	0.9625000
NODE_20608_length_646_cov_23.747715	129	209	12	3	80	0.0375000
NODE_20609_length_646_cov_22.740402	326	406	0	8	80	0.1000000
NODE_20609_length_646_cov_22.740402	326	406	2	72	80	0.9000000
NODE_20609_length_646_cov_22.740402	379	459	0	33	80	0.4125000
NODE_20609_length_646_cov_22.740402	379	459	2	47	80	0.5875000
NODE_20610_length_646_cov_15.160878	363	443	2	80	80	1.0000000
NODE_20610_length_646_cov_15.160878	416	496	0	48	80	0.6000000
NODE_20610_length_646_cov_15.160878	416	496	2	32	80	0.4000000
NODE_20611_length_646_cov_9.429616	309	389	3	2	80	0.0250000
NODE_20611_length_646_cov_9.429616	309	389	4	7	80	0.0875000
NODE_20611_length_646_cov_9.429616	309	389	6	71	80	0.8875000
NODE_20611_length_646_cov_9.429616	362	442	1	11	80	0.1375000
NODE_20611_length_646_cov_9.429616	362	442	2	18	80	0.2250000
NODE_20611_length_646_cov_9.429616	362	442	3	26	80	0.3250000
NODE_20611_length_646_cov_9.429616	362	442	4	7	80	0.0875000
NODE_20611_length_646_cov_9.429616	362	442	6	18	80	0.2250000
NODE_20612_length_646_cov_9.246801	149	221	4	72	72	1.0000000
NODE_20613_length_646_cov_7.539305	227	307	0	80	80	1.0000000
NODE_20613_length_646_cov_7.539305	280	360	0	80	80	1.0000000
NODE_20614_length_646_cov_6.756856	236	316	2	80	80	1.0000000
NODE_20614_length_646_cov_6.756856	289	369	2	80	80	1.0000000
NODE_20615_length_646_cov_6.480804	373	437	0	64	64	1.0000000
NODE_20615_length_646_cov_6.480804	410	490	0	80	80	1.0000000
NODE_20616_length_646_cov_6.396709	194	274	0	37	80	0.4625000
NODE_20616_length_646_cov_6.396709	194	274	2	43	80	0.5375000
NODE_20616_length_646_cov_6.396709	254	327	2	73	73	1.0000000
NODE_20619_length_646_cov_4.652651	265	345	0	80	80	1.0000000
NODE_20623_length_646_cov_4.122486	401	452	0	51	51	1.0000000
NODE_20688_length_645_cov_95.882784	179	259	4	2	80	0.0250000
NODE_20688_length_645_cov_95.882784	179	259	8	15	80	0.1875000
NODE_20688_length_645_cov_95.882784	179	259	10	32	80	0.4000000
NODE_20688_length_645_cov_95.882784	179	259	15	10	80	0.1250000
NODE_20688_length_645_cov_95.882784	179	259	16	15	80	0.1875000
NODE_20688_length_645_cov_95.882784	179	259	17	6	80	0.0750000
NODE_20688_length_645_cov_95.882784	232	312	10	13	80	0.1625000
NODE_20688_length_645_cov_95.882784	232	312	11	6	80	0.0750000
NODE_20688_length_645_cov_95.882784	232	312	15	10	80	0.1250000
NODE_20688_length_645_cov_95.882784	232	312	16	11	80	0.1375000
NODE_20688_length_645_cov_95.882784	232	312	17	40	80	0.5000000
NODE_20689_length_645_cov_12.985348	343	423	2	80	80	1.0000000
NODE_20689_length_645_cov_12.985348	396	476	0	24	80	0.3000000
NODE_20689_length_645_cov_12.985348	396	476	1	27	80	0.3375000
NODE_20689_length_645_cov_12.985348	396	476	2	29	80	0.3625000
NODE_20691_length_645_cov_9.228938	254	334	4	13	80	0.1625000
NODE_20691_length_645_cov_9.228938	254	334	6	36	80	0.4500000
NODE_20691_length_645_cov_9.228938	254	334	8	31	80	0.3875000
NODE_20691_length_645_cov_9.228938	307	387	2	52	80	0.6500000
NODE_20691_length_645_cov_9.228938	307	387	4	12	80	0.1500000
NODE_20691_length_645_cov_9.228938	307	387	8	16	80	0.2000000
NODE_20692_length_645_cov_9.172161	293	373	2	10	80	0.1250000
NODE_20692_length_645_cov_9.172161	293	373	4	22	80	0.2750000
NODE_20692_length_645_cov_9.172161	293	373	6	48	80	0.6000000
NODE_20692_length_645_cov_9.172161	346	426	1	11	80	0.1375000
NODE_20692_length_645_cov_9.172161	346	426	2	52	80	0.6500000
NODE_20692_length_645_cov_9.172161	346	426	4	17	80	0.2125000
NODE_20697_length_645_cov_5.609890	461	541	0	80	80	1.0000000
NODE_20697_length_645_cov_5.609890	514	594	0	80	80	1.0000000
NODE_20698_length_645_cov_4.743590	237	317	0	80	80	1.0000000
NODE_20698_length_645_cov_4.743590	290	370	0	80	80	1.0000000
NODE_20716_length_645_cov_2.177656	373	416	0	43	43	1.0000000
NODE_20762_length_644_cov_59.286239	323	401	102	4	78	0.0512821
NODE_20762_length_644_cov_59.286239	323	401	106	3	78	0.0384615
NODE_20762_length_644_cov_59.286239	323	401	108	3	78	0.0384615
NODE_20762_length_644_cov_59.286239	323	401	114	5	78	0.0641026
NODE_20762_length_644_cov_59.286239	323	401	116	1	78	0.0128205
NODE_20762_length_644_cov_59.286239	323	401	120	1	78	0.0128205
NODE_20762_length_644_cov_59.286239	323	401	122	2	78	0.0256410
NODE_20762_length_644_cov_59.286239	323	401	123	2	78	0.0256410
NODE_20762_length_644_cov_59.286239	323	401	124	2	78	0.0256410
NODE_20762_length_644_cov_59.286239	323	401	125	2	78	0.0256410
NODE_20762_length_644_cov_59.286239	323	401	126	3	78	0.0384615
NODE_20762_length_644_cov_59.286239	323	401	127	1	78	0.0128205
NODE_20762_length_644_cov_59.286239	323	401	128	1	78	0.0128205
NODE_20762_length_644_cov_59.286239	323	401	129	9	78	0.1153846
NODE_20762_length_644_cov_59.286239	323	401	131	1	78	0.0128205
NODE_20762_length_644_cov_59.286239	323	401	135	3	78	0.0384615
NODE_20762_length_644_cov_59.286239	323	401	137	6	78	0.0769231
NODE_20762_length_644_cov_59.286239	323	401	139	6	78	0.0769231
NODE_20762_length_644_cov_59.286239	323	401	141	1	78	0.0128205
NODE_20762_length_644_cov_59.286239	323	401	143	5	78	0.0641026
NODE_20762_length_644_cov_59.286239	323	401	144	1	78	0.0128205
NODE_20762_length_644_cov_59.286239	323	401	146	6	78	0.0769231
NODE_20762_length_644_cov_59.286239	323	401	147	3	78	0.0384615
NODE_20762_length_644_cov_59.286239	323	401	148	6	78	0.0769231
NODE_20762_length_644_cov_59.286239	323	401	149	1	78	0.0128205
NODE_20763_length_644_cov_27.577982	63	143	0	5	80	0.0625000
NODE_20763_length_644_cov_27.577982	63	143	2	14	80	0.1750000
NODE_20763_length_644_cov_27.577982	63	143	4	28	80	0.3500000
NODE_20763_length_644_cov_27.577982	63	143	6	33	80	0.4125000
NODE_20763_length_644_cov_27.577982	116	196	2	30	80	0.3750000
NODE_20763_length_644_cov_27.577982	116	196	4	5	80	0.0625000
NODE_20763_length_644_cov_27.577982	116	196	6	45	80	0.5625000
NODE_20765_length_644_cov_10.073394	284	364	0	80	80	1.0000000
NODE_20765_length_644_cov_10.073394	337	417	0	80	80	1.0000000
NODE_20845_length_643_cov_27.562500	201	281	0	80	80	1.0000000
NODE_20845_length_643_cov_27.562500	254	334	0	76	80	0.9500000
NODE_20845_length_643_cov_27.562500	254	334	2	4	80	0.0500000
NODE_20845_length_643_cov_27.562500	330	410	2	10	80	0.1250000
NODE_20845_length_643_cov_27.562500	330	410	6	63	80	0.7875000
NODE_20845_length_643_cov_27.562500	330	410	8	7	80	0.0875000
NODE_20845_length_643_cov_27.562500	383	463	6	73	80	0.9125000
NODE_20845_length_643_cov_27.562500	383	463	8	7	80	0.0875000
NODE_20846_length_643_cov_12.895221	203	283	0	80	80	1.0000000
NODE_20846_length_643_cov_12.895221	256	336	0	80	80	1.0000000
NODE_20847_length_643_cov_10.501838	280	360	0	66	80	0.8250000
NODE_20847_length_643_cov_10.501838	280	360	2	14	80	0.1750000
NODE_20847_length_643_cov_10.501838	333	413	0	80	80	1.0000000
NODE_20848_length_643_cov_9.136029	307	385	7	5	78	0.0641026
NODE_20848_length_643_cov_9.136029	307	385	8	44	78	0.5641026
NODE_20848_length_643_cov_9.136029	307	385	9	9	78	0.1153846
NODE_20848_length_643_cov_9.136029	307	385	11	20	78	0.2564103
NODE_20848_length_643_cov_9.136029	358	438	4	9	80	0.1125000
NODE_20848_length_643_cov_9.136029	358	438	5	1	80	0.0125000
NODE_20848_length_643_cov_9.136029	358	438	6	14	80	0.1750000
NODE_20848_length_643_cov_9.136029	358	438	7	22	80	0.2750000
NODE_20848_length_643_cov_9.136029	358	438	8	12	80	0.1500000
NODE_20848_length_643_cov_9.136029	358	438	9	9	80	0.1125000
NODE_20848_length_643_cov_9.136029	358	438	11	13	80	0.1625000
NODE_20849_length_643_cov_8.264706	202	282	0	50	80	0.6250000
NODE_20849_length_643_cov_8.264706	202	282	2	30	80	0.3750000
NODE_20849_length_643_cov_8.264706	255	335	2	80	80	1.0000000
NODE_20851_length_643_cov_7.137868	173	253	2	31	80	0.3875000
NODE_20851_length_643_cov_7.137868	173	253	4	1	80	0.0125000
NODE_20851_length_643_cov_7.137868	173	253	5	11	80	0.1375000
NODE_20851_length_643_cov_7.137868	173	253	6	7	80	0.0875000
NODE_20851_length_643_cov_7.137868	173	253	8	30	80	0.3750000
NODE_20851_length_643_cov_7.137868	226	306	4	27	80	0.3375000
NODE_20851_length_643_cov_7.137868	226	306	6	1	80	0.0125000
NODE_20851_length_643_cov_7.137868	226	306	8	52	80	0.6500000
NODE_20855_length_643_cov_5.851103	255	335	27	1	80	0.0125000
NODE_20855_length_643_cov_5.851103	255	335	29	2	80	0.0250000
NODE_20855_length_643_cov_5.851103	255	335	30	51	80	0.6375000
NODE_20855_length_643_cov_5.851103	255	335	32	26	80	0.3250000
NODE_20855_length_643_cov_5.851103	308	388	2	5	80	0.0625000
NODE_20855_length_643_cov_5.851103	308	388	4	3	80	0.0375000
NODE_20855_length_643_cov_5.851103	308	388	9	2	80	0.0250000
NODE_20855_length_643_cov_5.851103	308	388	12	18	80	0.2250000
NODE_20855_length_643_cov_5.851103	308	388	14	4	80	0.0500000
NODE_20855_length_643_cov_5.851103	308	388	16	6	80	0.0750000
NODE_20855_length_643_cov_5.851103	308	388	18	2	80	0.0250000
NODE_20855_length_643_cov_5.851103	308	388	19	8	80	0.1000000
NODE_20855_length_643_cov_5.851103	308	388	21	2	80	0.0250000
NODE_20855_length_643_cov_5.851103	308	388	23	2	80	0.0250000
NODE_20855_length_643_cov_5.851103	308	388	25	1	80	0.0125000
NODE_20855_length_643_cov_5.851103	308	388	27	1	80	0.0125000
NODE_20855_length_643_cov_5.851103	308	388	29	2	80	0.0250000
NODE_20855_length_643_cov_5.851103	308	388	30	5	80	0.0625000
NODE_20855_length_643_cov_5.851103	308	388	32	19	80	0.2375000
NODE_20869_length_643_cov_3.121324	283	348	0	65	65	1.0000000
NODE_20872_length_643_cov_2.806985	387	451	0	64	64	1.0000000
NODE_20942_length_642_cov_36.309392	156	236	2	52	80	0.6500000
NODE_20942_length_642_cov_36.309392	156	236	3	1	80	0.0125000
NODE_20942_length_642_cov_36.309392	156	236	4	27	80	0.3375000
NODE_20942_length_642_cov_36.309392	209	289	0	22	80	0.2750000
NODE_20942_length_642_cov_36.309392	209	289	2	20	80	0.2500000
NODE_20942_length_642_cov_36.309392	209	289	4	38	80	0.4750000
NODE_20943_length_642_cov_27.046041	154	234	0	80	80	1.0000000
NODE_20943_length_642_cov_27.046041	207	287	0	80	80	1.0000000
NODE_20944_length_642_cov_26.290976	209	289	0	1	80	0.0125000
NODE_20944_length_642_cov_26.290976	209	289	2	74	80	0.9250000
NODE_20944_length_642_cov_26.290976	209	289	4	5	80	0.0625000
NODE_20944_length_642_cov_26.290976	262	342	2	22	80	0.2750000
NODE_20944_length_642_cov_26.290976	262	342	4	43	80	0.5375000
NODE_20944_length_642_cov_26.290976	262	342	6	15	80	0.1875000
NODE_20945_length_642_cov_11.651934	309	389	2	14	80	0.1750000
NODE_20945_length_642_cov_11.651934	309	389	6	39	80	0.4875000
NODE_20945_length_642_cov_11.651934	309	389	8	27	80	0.3375000
NODE_20945_length_642_cov_11.651934	362	442	2	17	80	0.2125000
NODE_20945_length_642_cov_11.651934	362	442	6	19	80	0.2375000
NODE_20945_length_642_cov_11.651934	362	442	8	44	80	0.5500000
NODE_20947_length_642_cov_6.692449	453	533	1	16	80	0.2000000
NODE_20947_length_642_cov_6.692449	453	533	2	33	80	0.4125000
NODE_20947_length_642_cov_6.692449	453	533	3	31	80	0.3875000
NODE_20947_length_642_cov_6.692449	506	586	2	51	80	0.6375000
NODE_20947_length_642_cov_6.692449	506	586	3	29	80	0.3625000
NODE_20951_length_642_cov_5.933702	260	340	0	4	80	0.0500000
NODE_20951_length_642_cov_5.933702	260	340	1	23	80	0.2875000
NODE_20951_length_642_cov_5.933702	260	340	2	53	80	0.6625000
NODE_20951_length_642_cov_5.933702	313	391	0	55	78	0.7051282
NODE_20951_length_642_cov_5.933702	313	391	1	23	78	0.2948718
NODE_20967_length_642_cov_2.823204	115	158	0	22	43	0.5116279
NODE_20967_length_642_cov_2.823204	115	158	2	21	43	0.4883721
NODE_20967_length_642_cov_2.823204	245	300	4	18	55	0.3272727
NODE_20967_length_642_cov_2.823204	245	300	6	2	55	0.0363636
NODE_20967_length_642_cov_2.823204	245	300	8	35	55	0.6363636
NODE_20967_length_642_cov_2.823204	329	410	0	61	81	0.7530864
NODE_20967_length_642_cov_2.823204	329	410	4	20	81	0.2469136
NODE_20991_length_642_cov_1.357274	0	75	0	75	75	1.0000000
NODE_21018_length_641_cov_38.675277	284	345	32	6	61	0.0983607
NODE_21018_length_641_cov_38.675277	284	345	33	7	61	0.1147541
NODE_21018_length_641_cov_38.675277	284	345	40	7	61	0.1147541
NODE_21018_length_641_cov_38.675277	284	345	42	3	61	0.0491803
NODE_21018_length_641_cov_38.675277	284	345	44	5	61	0.0819672
NODE_21018_length_641_cov_38.675277	284	345	45	3	61	0.0491803
NODE_21018_length_641_cov_38.675277	284	345	46	4	61	0.0655738
NODE_21018_length_641_cov_38.675277	284	345	50	10	61	0.1639344
NODE_21018_length_641_cov_38.675277	284	345	51	16	61	0.2622951
NODE_21018_length_641_cov_38.675277	318	369	27	7	51	0.1372549
NODE_21018_length_641_cov_38.675277	318	369	29	4	51	0.0784314
NODE_21018_length_641_cov_38.675277	318	369	32	19	51	0.3725490
NODE_21018_length_641_cov_38.675277	318	369	33	7	51	0.1372549
NODE_21018_length_641_cov_38.675277	318	369	44	2	51	0.0392157
NODE_21018_length_641_cov_38.675277	318	369	46	4	51	0.0784314
NODE_21018_length_641_cov_38.675277	318	369	50	8	51	0.1568628
NODE_21019_length_641_cov_15.271218	260	340	2	27	80	0.3375000
NODE_21019_length_641_cov_15.271218	260	340	4	4	80	0.0500000
NODE_21019_length_641_cov_15.271218	260	340	6	15	80	0.1875000
NODE_21019_length_641_cov_15.271218	260	340	8	34	80	0.4250000
NODE_21019_length_641_cov_15.271218	313	393	4	10	80	0.1250000
NODE_21019_length_641_cov_15.271218	313	393	6	3	80	0.0375000
NODE_21019_length_641_cov_15.271218	313	393	8	67	80	0.8375000
NODE_21021_length_641_cov_12.584871	363	443	0	72	80	0.9000000
NODE_21021_length_641_cov_12.584871	363	443	2	8	80	0.1000000
NODE_21021_length_641_cov_12.584871	416	496	0	19	80	0.2375000
NODE_21021_length_641_cov_12.584871	416	496	2	61	80	0.7625000
NODE_21022_length_641_cov_11.125461	38	118	0	20	80	0.2500000
NODE_21022_length_641_cov_11.125461	38	118	2	60	80	0.7500000
NODE_21022_length_641_cov_11.125461	91	171	0	73	80	0.9125000
NODE_21022_length_641_cov_11.125461	91	171	2	7	80	0.0875000
NODE_21025_length_641_cov_7.719557	84	138	2	54	54	1.0000000
NODE_21025_length_641_cov_7.719557	113	193	0	9	80	0.1125000
NODE_21025_length_641_cov_7.719557	113	193	2	71	80	0.8875000
NODE_21026_length_641_cov_7.675277	232	312	0	10	80	0.1250000
NODE_21026_length_641_cov_7.675277	232	312	2	35	80	0.4375000
NODE_21026_length_641_cov_7.675277	232	312	4	35	80	0.4375000
NODE_21026_length_641_cov_7.675277	285	365	2	31	80	0.3875000
NODE_21026_length_641_cov_7.675277	285	365	4	49	80	0.6125000
NODE_21027_length_641_cov_7.675277	255	335	10	80	80	1.0000000
NODE_21027_length_641_cov_7.675277	308	388	2	37	80	0.4625000
NODE_21027_length_641_cov_7.675277	308	388	3	3	80	0.0375000
NODE_21027_length_641_cov_7.675277	308	388	10	28	80	0.3500000
NODE_21027_length_641_cov_7.675277	308	388	11	4	80	0.0500000
NODE_21027_length_641_cov_7.675277	308	388	12	8	80	0.1000000
NODE_21028_length_641_cov_7.627306	262	342	0	80	80	1.0000000
NODE_21028_length_641_cov_7.627306	315	395	0	80	80	1.0000000
NODE_21029_length_641_cov_7.282288	247	300	0	1	53	0.0188679
NODE_21029_length_641_cov_7.282288	247	300	2	52	53	0.9811321
NODE_21031_length_641_cov_5.029520	138	218	0	21	80	0.2625000
NODE_21031_length_641_cov_5.029520	138	218	2	59	80	0.7375000
NODE_21031_length_641_cov_5.029520	191	271	0	74	80	0.9250000
NODE_21031_length_641_cov_5.029520	191	271	2	6	80	0.0750000
NODE_21034_length_641_cov_4.701107	238	282	2	44	44	1.0000000
NODE_21109_length_640_cov_39.676525	524	597	23	3	73	0.0410959
NODE_21109_length_640_cov_39.676525	524	597	25	2	73	0.0273973
NODE_21109_length_640_cov_39.676525	524	597	29	1	73	0.0136986
NODE_21109_length_640_cov_39.676525	524	597	31	2	73	0.0273973
NODE_21109_length_640_cov_39.676525	524	597	33	1	73	0.0136986
NODE_21109_length_640_cov_39.676525	524	597	35	8	73	0.1095890
NODE_21109_length_640_cov_39.676525	524	597	37	2	73	0.0273973
NODE_21109_length_640_cov_39.676525	524	597	39	3	73	0.0410959
NODE_21109_length_640_cov_39.676525	524	597	41	10	73	0.1369863
NODE_21109_length_640_cov_39.676525	524	597	42	1	73	0.0136986
NODE_21109_length_640_cov_39.676525	524	597	43	15	73	0.2054795
NODE_21109_length_640_cov_39.676525	524	597	45	1	73	0.0136986
NODE_21109_length_640_cov_39.676525	524	597	47	24	73	0.3287671
NODE_21109_length_640_cov_39.676525	564	605	18	1	41	0.0243902
NODE_21109_length_640_cov_39.676525	564	605	23	10	41	0.2439024
NODE_21109_length_640_cov_39.676525	564	605	25	2	41	0.0487805
NODE_21109_length_640_cov_39.676525	564	605	29	1	41	0.0243902
NODE_21109_length_640_cov_39.676525	564	605	31	2	41	0.0487805
NODE_21109_length_640_cov_39.676525	564	605	33	1	41	0.0243902
NODE_21109_length_640_cov_39.676525	564	605	35	8	41	0.1951219
NODE_21109_length_640_cov_39.676525	564	605	37	2	41	0.0487805
NODE_21109_length_640_cov_39.676525	564	605	39	1	41	0.0243902
NODE_21109_length_640_cov_39.676525	564	605	41	9	41	0.2195122
NODE_21109_length_640_cov_39.676525	564	605	43	4	41	0.0975610
NODE_21110_length_640_cov_19.578558	273	353	0	80	80	1.0000000
NODE_21110_length_640_cov_19.578558	326	406	0	80	80	1.0000000
NODE_21111_length_640_cov_15.717190	178	258	4	80	80	1.0000000
NODE_21111_length_640_cov_15.717190	231	311	0	27	80	0.3375000
NODE_21111_length_640_cov_15.717190	231	311	2	15	80	0.1875000
NODE_21111_length_640_cov_15.717190	231	311	4	38	80	0.4750000
NODE_21112_length_640_cov_15.338262	319	399	4	35	80	0.4375000
NODE_21112_length_640_cov_15.338262	319	399	6	45	80	0.5625000
NODE_21112_length_640_cov_15.338262	372	452	0	17	80	0.2125000
NODE_21112_length_640_cov_15.338262	372	452	2	4	80	0.0500000
NODE_21112_length_640_cov_15.338262	372	452	4	59	80	0.7375000
NODE_21113_length_640_cov_9.523105	20	43	0	23	23	1.0000000
NODE_21118_length_640_cov_5.123845	272	335	0	63	63	1.0000000
NODE_21121_length_640_cov_4.410351	254	334	0	80	80	1.0000000
NODE_21121_length_640_cov_4.410351	307	387	0	80	80	1.0000000
NODE_21129_length_640_cov_3.406654	244	324	0	17	80	0.2125000
NODE_21129_length_640_cov_3.406654	244	324	2	63	80	0.7875000
NODE_21140_length_640_cov_2.316081	21	57	0	36	36	1.0000000
NODE_21190_length_639_cov_58.092593	302	377	2	8	75	0.1066667
NODE_21190_length_639_cov_58.092593	302	377	3	10	75	0.1333333
NODE_21190_length_639_cov_58.092593	302	377	6	57	75	0.7600000
NODE_21190_length_639_cov_58.092593	350	430	2	34	80	0.4250000
NODE_21190_length_639_cov_58.092593	350	430	4	8	80	0.1000000
NODE_21190_length_639_cov_58.092593	350	430	6	38	80	0.4750000
NODE_21191_length_639_cov_32.951852	213	293	0	10	80	0.1250000
NODE_21191_length_639_cov_32.951852	213	293	2	70	80	0.8750000
NODE_21191_length_639_cov_32.951852	266	346	0	63	80	0.7875000
NODE_21191_length_639_cov_32.951852	266	346	2	17	80	0.2125000
NODE_21192_length_639_cov_24.564815	290	370	4	53	80	0.6625000
NODE_21192_length_639_cov_24.564815	290	370	6	27	80	0.3375000
NODE_21192_length_639_cov_24.564815	343	423	2	36	80	0.4500000
NODE_21192_length_639_cov_24.564815	343	423	3	1	80	0.0125000
NODE_21192_length_639_cov_24.564815	343	423	4	10	80	0.1250000
NODE_21192_length_639_cov_24.564815	343	423	6	33	80	0.4125000
NODE_21193_length_639_cov_14.448148	288	368	0	80	80	1.0000000
NODE_21193_length_639_cov_14.448148	341	421	0	80	80	1.0000000
NODE_21195_length_639_cov_9.001852	265	345	0	74	80	0.9250000
NODE_21195_length_639_cov_9.001852	265	345	4	6	80	0.0750000
NODE_21195_length_639_cov_9.001852	318	398	0	21	80	0.2625000
NODE_21195_length_639_cov_9.001852	318	398	4	59	80	0.7375000
NODE_21197_length_639_cov_8.444444	161	241	2	80	80	1.0000000
NODE_21197_length_639_cov_8.444444	214	294	0	39	80	0.4875000
NODE_21197_length_639_cov_8.444444	214	294	2	41	80	0.5125000
NODE_21202_length_639_cov_6.283333	157	176	0	1	19	0.0526316
NODE_21202_length_639_cov_6.283333	157	176	2	18	19	0.9473684
NODE_21207_length_639_cov_4.188889	258	335	0	77	77	1.0000000
NODE_21207_length_639_cov_4.188889	308	354	0	46	46	1.0000000
NODE_21213_length_639_cov_3.448148	126	206	2	49	80	0.6125000
NODE_21213_length_639_cov_3.448148	126	206	6	31	80	0.3875000
NODE_21213_length_639_cov_3.448148	179	259	4	48	80	0.6000000
NODE_21213_length_639_cov_3.448148	179	259	5	4	80	0.0500000
NODE_21213_length_639_cov_3.448148	179	259	6	28	80	0.3500000
NODE_21223_length_639_cov_2.683333	256	288	0	32	32	1.0000000
NODE_21224_length_639_cov_2.555556	189	240	2	51	51	1.0000000
NODE_21225_length_639_cov_2.477778	562	635	0	73	73	1.0000000
NODE_21265_length_639_cov_1.179630	542	564	0	22	22	1.0000000
NODE_21269_length_639_cov_1.051852	404	455	0	51	51	1.0000000
NODE_21278_length_638_cov_13.018553	273	353	4	80	80	1.0000000
NODE_21278_length_638_cov_13.018553	326	406	0	16	80	0.2000000
NODE_21278_length_638_cov_13.018553	326	406	2	37	80	0.4625000
NODE_21278_length_638_cov_13.018553	326	406	4	27	80	0.3375000
NODE_21279_length_638_cov_12.656772	343	423	4	80	80	1.0000000
NODE_21279_length_638_cov_12.656772	396	476	0	18	80	0.2250000
NODE_21279_length_638_cov_12.656772	396	476	2	26	80	0.3250000
NODE_21279_length_638_cov_12.656772	396	476	4	36	80	0.4500000
NODE_21280_length_638_cov_11.877551	298	378	3	24	80	0.3000000
NODE_21280_length_638_cov_11.877551	298	378	4	39	80	0.4875000
NODE_21280_length_638_cov_11.877551	298	378	5	2	80	0.0250000
NODE_21280_length_638_cov_11.877551	298	378	6	15	80	0.1875000
NODE_21280_length_638_cov_11.877551	351	431	4	12	80	0.1500000
NODE_21280_length_638_cov_11.877551	351	431	5	2	80	0.0250000
NODE_21280_length_638_cov_11.877551	351	431	6	66	80	0.8250000
NODE_21281_length_638_cov_8.779221	330	408	0	35	78	0.4487180
NODE_21281_length_638_cov_8.779221	330	408	1	43	78	0.5512820
NODE_21281_length_638_cov_8.779221	383	461	1	58	78	0.7435898
NODE_21281_length_638_cov_8.779221	383	461	2	20	78	0.2564103
NODE_21284_length_638_cov_5.543599	315	395	0	80	80	1.0000000
NODE_21290_length_638_cov_3.966605	307	387	4	6	80	0.0750000
NODE_21290_length_638_cov_3.966605	307	387	6	25	80	0.3125000
NODE_21290_length_638_cov_3.966605	307	387	8	49	80	0.6125000
NODE_21301_length_638_cov_2.786642	157	208	0	51	51	1.0000000
NODE_21301_length_638_cov_2.786642	181	261	0	80	80	1.0000000
NODE_21364_length_637_cov_67.157993	285	365	0	20	80	0.2500000
NODE_21364_length_637_cov_67.157993	285	365	2	60	80	0.7500000
NODE_21364_length_637_cov_67.157993	338	418	0	9	80	0.1125000
NODE_21364_length_637_cov_67.157993	338	418	2	71	80	0.8875000
NODE_21364_length_637_cov_67.157993	414	494	0	31	80	0.3875000
NODE_21364_length_637_cov_67.157993	414	494	2	49	80	0.6125000
NODE_21364_length_637_cov_67.157993	467	547	2	80	80	1.0000000
NODE_21365_length_637_cov_63.029740	195	275	4	1	80	0.0125000
NODE_21365_length_637_cov_63.029740	195	275	6	28	80	0.3500000
NODE_21365_length_637_cov_63.029740	195	275	7	1	80	0.0125000
NODE_21365_length_637_cov_63.029740	195	275	8	50	80	0.6250000
NODE_21365_length_637_cov_63.029740	248	328	0	4	80	0.0500000
NODE_21365_length_637_cov_63.029740	248	328	2	10	80	0.1250000
NODE_21365_length_637_cov_63.029740	248	328	5	1	80	0.0125000
NODE_21365_length_637_cov_63.029740	248	328	6	65	80	0.8125000
NODE_21366_length_637_cov_44.923792	53	133	4	40	80	0.5000000
NODE_21366_length_637_cov_44.923792	53	133	6	30	80	0.3750000
NODE_21366_length_637_cov_44.923792	53	133	8	10	80	0.1250000
NODE_21366_length_637_cov_44.923792	54	133	4	39	79	0.4936709
NODE_21366_length_637_cov_44.923792	54	133	6	30	79	0.3797468
NODE_21366_length_637_cov_44.923792	54	133	8	10	79	0.1265823
NODE_21366_length_637_cov_44.923792	106	186	4	24	80	0.3000000
NODE_21366_length_637_cov_44.923792	106	186	6	23	80	0.2875000
NODE_21366_length_637_cov_44.923792	106	186	8	33	80	0.4125000
NODE_21366_length_637_cov_44.923792	106	186	4	24	80	0.3000000
NODE_21366_length_637_cov_44.923792	106	186	6	23	80	0.2875000
NODE_21366_length_637_cov_44.923792	106	186	8	33	80	0.4125000
NODE_21366_length_637_cov_44.923792	182	262	2	19	80	0.2375000
NODE_21366_length_637_cov_44.923792	182	262	4	61	80	0.7625000
NODE_21366_length_637_cov_44.923792	235	315	0	42	80	0.5250000
NODE_21366_length_637_cov_44.923792	235	315	1	3	80	0.0375000
NODE_21366_length_637_cov_44.923792	235	315	2	27	80	0.3375000
NODE_21366_length_637_cov_44.923792	235	315	4	8	80	0.1000000
NODE_21367_length_637_cov_44.193309	193	273	4	22	80	0.2750000
NODE_21367_length_637_cov_44.193309	193	273	6	22	80	0.2750000
NODE_21367_length_637_cov_44.193309	193	273	8	20	80	0.2500000
NODE_21367_length_637_cov_44.193309	193	273	10	16	80	0.2000000
NODE_21367_length_637_cov_44.193309	246	326	0	18	80	0.2250000
NODE_21367_length_637_cov_44.193309	246	326	2	6	80	0.0750000
NODE_21367_length_637_cov_44.193309	246	326	4	13	80	0.1625000
NODE_21367_length_637_cov_44.193309	246	326	6	28	80	0.3500000
NODE_21367_length_637_cov_44.193309	246	326	10	15	80	0.1875000
NODE_21368_length_637_cov_37.855019	215	295	1	10	80	0.1250000
NODE_21368_length_637_cov_37.855019	215	295	3	12	80	0.1500000
NODE_21368_length_637_cov_37.855019	215	295	5	11	80	0.1375000
NODE_21368_length_637_cov_37.855019	215	295	15	9	80	0.1125000
NODE_21368_length_637_cov_37.855019	215	295	22	4	80	0.0500000
NODE_21368_length_637_cov_37.855019	215	295	23	19	80	0.2375000
NODE_21368_length_637_cov_37.855019	215	295	25	15	80	0.1875000
NODE_21368_length_637_cov_37.855019	268	347	21	14	79	0.1772152
NODE_21368_length_637_cov_37.855019	268	347	22	27	79	0.3417721
NODE_21368_length_637_cov_37.855019	268	347	23	23	79	0.2911392
NODE_21368_length_637_cov_37.855019	268	347	25	15	79	0.1898734
NODE_21369_length_637_cov_33.957249	332	412	0	39	80	0.4875000
NODE_21369_length_637_cov_33.957249	332	412	2	41	80	0.5125000
NODE_21369_length_637_cov_33.957249	385	465	0	17	80	0.2125000
NODE_21369_length_637_cov_33.957249	385	465	2	63	80	0.7875000
NODE_21370_length_637_cov_23.682156	275	355	0	80	80	1.0000000
NODE_21370_length_637_cov_23.682156	328	408	0	80	80	1.0000000
NODE_21371_length_637_cov_19.676580	267	347	10	11	80	0.1375000
NODE_21371_length_637_cov_19.676580	267	347	12	9	80	0.1125000
NODE_21371_length_637_cov_19.676580	267	347	14	3	80	0.0375000
NODE_21371_length_637_cov_19.676580	267	347	16	57	80	0.7125000
NODE_21371_length_637_cov_19.676580	320	400	6	28	80	0.3500000
NODE_21371_length_637_cov_19.676580	320	400	12	34	80	0.4250000
NODE_21371_length_637_cov_19.676580	320	400	14	3	80	0.0375000
NODE_21371_length_637_cov_19.676580	320	400	16	15	80	0.1875000
NODE_21373_length_637_cov_9.182156	226	276	0	50	50	1.0000000
NODE_21373_length_637_cov_9.182156	312	357	0	45	45	1.0000000
NODE_21374_length_637_cov_9.078067	276	357	0	34	81	0.4197531
NODE_21374_length_637_cov_9.078067	276	357	2	47	81	0.5802469
NODE_21374_length_637_cov_9.078067	330	410	2	80	80	1.0000000
NODE_21375_length_637_cov_8.566914	235	315	0	33	80	0.4125000
NODE_21375_length_637_cov_8.566914	235	315	2	47	80	0.5875000
NODE_21375_length_637_cov_8.566914	288	368	0	8	80	0.1000000
NODE_21375_length_637_cov_8.566914	288	368	2	72	80	0.9000000
NODE_21378_length_637_cov_6.652416	337	415	0	78	78	1.0000000
NODE_21378_length_637_cov_6.652416	390	472	0	82	82	1.0000000
NODE_21385_length_637_cov_4.522305	284	364	0	80	80	1.0000000
NODE_21385_length_637_cov_4.522305	337	417	0	80	80	1.0000000
NODE_21389_length_637_cov_4.131970	292	370	0	78	78	1.0000000
NODE_21389_length_637_cov_4.131970	343	423	0	80	80	1.0000000
NODE_21457_length_636_cov_19.938547	214	294	16	21	80	0.2625000
NODE_21457_length_636_cov_19.938547	214	294	20	59	80	0.7375000
NODE_21457_length_636_cov_19.938547	267	347	7	9	80	0.1125000
NODE_21457_length_636_cov_19.938547	267	347	9	9	80	0.1125000
NODE_21457_length_636_cov_19.938547	267	347	12	4	80	0.0500000
NODE_21457_length_636_cov_19.938547	267	347	20	58	80	0.7250000
NODE_21458_length_636_cov_12.283054	295	375	2	11	80	0.1375000
NODE_21458_length_636_cov_12.283054	295	375	4	5	80	0.0625000
NODE_21458_length_636_cov_12.283054	295	375	6	3	80	0.0375000
NODE_21458_length_636_cov_12.283054	295	375	8	61	80	0.7625000
NODE_21458_length_636_cov_12.283054	348	428	0	32	80	0.4000000
NODE_21458_length_636_cov_12.283054	348	428	2	32	80	0.4000000
NODE_21458_length_636_cov_12.283054	348	428	4	5	80	0.0625000
NODE_21458_length_636_cov_12.283054	348	428	6	3	80	0.0375000
NODE_21458_length_636_cov_12.283054	348	428	8	8	80	0.1000000
NODE_21460_length_636_cov_8.312849	346	413	2	10	67	0.1492537
NODE_21460_length_636_cov_8.312849	346	413	3	57	67	0.8507463
NODE_21460_length_636_cov_8.312849	399	479	0	35	80	0.4375000
NODE_21460_length_636_cov_8.312849	399	479	2	41	80	0.5125000
NODE_21460_length_636_cov_8.312849	399	479	3	4	80	0.0500000
NODE_21467_length_636_cov_4.324022	185	251	6	66	66	1.0000000
NODE_21467_length_636_cov_4.324022	224	266	6	42	42	1.0000000
NODE_21467_length_636_cov_4.324022	224	264	6	40	40	1.0000000
NODE_21539_length_635_cov_45.483209	195	239	70	1	44	0.0227273
NODE_21539_length_635_cov_45.483209	195	239	74	3	44	0.0681818
NODE_21539_length_635_cov_45.483209	195	239	76	1	44	0.0227273
NODE_21539_length_635_cov_45.483209	195	239	80	2	44	0.0454545
NODE_21539_length_635_cov_45.483209	195	239	82	8	44	0.1818182
NODE_21539_length_635_cov_45.483209	195	239	84	3	44	0.0681818
NODE_21539_length_635_cov_45.483209	195	239	85	4	44	0.0909091
NODE_21539_length_635_cov_45.483209	195	239	87	5	44	0.1136364
NODE_21539_length_635_cov_45.483209	195	239	89	1	44	0.0227273
NODE_21539_length_635_cov_45.483209	195	239	90	5	44	0.1136364
NODE_21539_length_635_cov_45.483209	195	239	94	11	44	0.2500000
NODE_21539_length_635_cov_45.483209	225	268	68	1	43	0.0232558
NODE_21539_length_635_cov_45.483209	225	268	72	2	43	0.0465116
NODE_21539_length_635_cov_45.483209	225	268	74	1	43	0.0232558
NODE_21539_length_635_cov_45.483209	225	268	78	3	43	0.0697674
NODE_21539_length_635_cov_45.483209	225	268	80	2	43	0.0465116
NODE_21539_length_635_cov_45.483209	225	268	81	2	43	0.0465116
NODE_21539_length_635_cov_45.483209	225	268	82	4	43	0.0930233
NODE_21539_length_635_cov_45.483209	225	268	83	2	43	0.0465116
NODE_21539_length_635_cov_45.483209	225	268	85	2	43	0.0465116
NODE_21539_length_635_cov_45.483209	225	268	87	2	43	0.0465116
NODE_21539_length_635_cov_45.483209	225	268	89	1	43	0.0232558
NODE_21539_length_635_cov_45.483209	225	268	90	5	43	0.1162791
NODE_21539_length_635_cov_45.483209	225	268	91	6	43	0.1395349
NODE_21539_length_635_cov_45.483209	225	268	94	10	43	0.2325581
NODE_21539_length_635_cov_45.483209	248	298	27	4	50	0.0800000
NODE_21539_length_635_cov_45.483209	248	298	29	1	50	0.0200000
NODE_21539_length_635_cov_45.483209	248	298	31	3	50	0.0600000
NODE_21539_length_635_cov_45.483209	248	298	33	2	50	0.0400000
NODE_21539_length_635_cov_45.483209	248	298	37	3	50	0.0600000
NODE_21539_length_635_cov_45.483209	248	298	45	3	50	0.0600000
NODE_21539_length_635_cov_45.483209	248	298	47	3	50	0.0600000
NODE_21539_length_635_cov_45.483209	248	298	51	1	50	0.0200000
NODE_21539_length_635_cov_45.483209	248	298	56	1	50	0.0200000
NODE_21539_length_635_cov_45.483209	248	298	58	1	50	0.0200000
NODE_21539_length_635_cov_45.483209	248	298	61	1	50	0.0200000
NODE_21539_length_635_cov_45.483209	248	298	64	2	50	0.0400000
NODE_21539_length_635_cov_45.483209	248	298	66	3	50	0.0600000
NODE_21539_length_635_cov_45.483209	248	298	68	3	50	0.0600000
NODE_21539_length_635_cov_45.483209	248	298	72	2	50	0.0400000
NODE_21539_length_635_cov_45.483209	248	298	74	1	50	0.0200000
NODE_21539_length_635_cov_45.483209	248	298	78	3	50	0.0600000
NODE_21539_length_635_cov_45.483209	248	298	80	2	50	0.0400000
NODE_21539_length_635_cov_45.483209	248	298	81	2	50	0.0400000
NODE_21539_length_635_cov_45.483209	248	298	82	4	50	0.0800000
NODE_21539_length_635_cov_45.483209	248	298	83	2	50	0.0400000
NODE_21539_length_635_cov_45.483209	248	298	85	2	50	0.0400000
NODE_21539_length_635_cov_45.483209	248	298	87	1	50	0.0200000
NODE_21541_length_635_cov_23.895522	179	259	0	3	80	0.0375000
NODE_21541_length_635_cov_23.895522	179	259	4	77	80	0.9625000
NODE_21541_length_635_cov_23.895522	232	312	0	11	80	0.1375000
NODE_21541_length_635_cov_23.895522	232	312	4	69	80	0.8625000
NODE_21543_length_635_cov_14.772388	48	128	2	23	80	0.2875000
NODE_21543_length_635_cov_14.772388	48	128	4	57	80	0.7125000
NODE_21543_length_635_cov_14.772388	101	181	0	30	80	0.3750000
NODE_21543_length_635_cov_14.772388	101	181	2	25	80	0.3125000
NODE_21543_length_635_cov_14.772388	101	181	4	25	80	0.3125000
NODE_21549_length_635_cov_6.180970	276	356	0	80	80	1.0000000
NODE_21549_length_635_cov_6.180970	329	409	0	80	80	1.0000000
NODE_21554_length_635_cov_4.421642	442	522	0	18	80	0.2250000
NODE_21554_length_635_cov_4.421642	442	522	2	62	80	0.7750000
NODE_21560_length_635_cov_2.985075	296	376	9	1	80	0.0125000
NODE_21560_length_635_cov_2.985075	296	376	10	1	80	0.0125000
NODE_21560_length_635_cov_2.985075	296	376	12	7	80	0.0875000
NODE_21560_length_635_cov_2.985075	296	376	18	45	80	0.5625000
NODE_21560_length_635_cov_2.985075	296	376	20	26	80	0.3250000
NODE_21625_length_634_cov_53.315888	349	429	4	5	80	0.0625000
NODE_21625_length_634_cov_53.315888	349	429	5	6	80	0.0750000
NODE_21625_length_634_cov_53.315888	349	429	6	55	80	0.6875000
NODE_21625_length_634_cov_53.315888	349	429	7	14	80	0.1750000
NODE_21625_length_634_cov_53.315888	402	482	0	20	80	0.2500000
NODE_21625_length_634_cov_53.315888	402	482	2	10	80	0.1250000
NODE_21625_length_634_cov_53.315888	402	482	4	24	80	0.3000000
NODE_21625_length_634_cov_53.315888	402	482	6	26	80	0.3250000
NODE_21626_length_634_cov_28.530841	156	236	2	80	80	1.0000000
NODE_21626_length_634_cov_28.530841	209	289	0	22	80	0.2750000
NODE_21626_length_634_cov_28.530841	209	289	2	58	80	0.7250000
NODE_21627_length_634_cov_19.117757	151	229	6	4	78	0.0512821
NODE_21627_length_634_cov_19.117757	151	229	8	74	78	0.9487180
NODE_21627_length_634_cov_19.117757	204	268	0	6	64	0.0937500
NODE_21627_length_634_cov_19.117757	204	268	6	34	64	0.5312500
NODE_21627_length_634_cov_19.117757	204	268	8	24	64	0.3750000
NODE_21628_length_634_cov_18.762617	84	164	0	31	80	0.3875000
NODE_21628_length_634_cov_18.762617	84	164	2	49	80	0.6125000
NODE_21628_length_634_cov_18.762617	137	217	0	23	80	0.2875000
NODE_21628_length_634_cov_18.762617	137	217	2	57	80	0.7125000
NODE_21629_length_634_cov_18.136449	162	242	2	53	80	0.6625000
NODE_21629_length_634_cov_18.136449	162	242	6	27	80	0.3375000
NODE_21629_length_634_cov_18.136449	215	295	4	34	80	0.4250000
NODE_21629_length_634_cov_18.136449	215	295	6	46	80	0.5750000
NODE_21635_length_634_cov_9.988785	508	553	0	27	45	0.6000000
NODE_21635_length_634_cov_9.988785	508	553	4	18	45	0.4000000
NODE_21636_length_634_cov_9.381308	267	353	2	24	86	0.2790698
NODE_21636_length_634_cov_9.381308	267	353	6	38	86	0.4418605
NODE_21636_length_634_cov_9.381308	267	353	8	24	86	0.2790698
NODE_21636_length_634_cov_9.381308	324	404	6	22	80	0.2750000
NODE_21636_length_634_cov_9.381308	324	404	7	16	80	0.2000000
NODE_21636_length_634_cov_9.381308	324	404	8	42	80	0.5250000
NODE_21651_length_634_cov_3.702804	460	532	0	72	72	1.0000000
NODE_21720_length_633_cov_30.076779	180	214	0	34	34	1.0000000
NODE_21720_length_633_cov_30.076779	187	267	0	80	80	1.0000000
NODE_21720_length_633_cov_30.076779	263	343	0	80	80	1.0000000
NODE_21720_length_633_cov_30.076779	316	396	0	80	80	1.0000000
NODE_21721_length_633_cov_17.595506	282	362	0	11	80	0.1375000
NODE_21721_length_633_cov_17.595506	282	362	2	69	80	0.8625000
NODE_21721_length_633_cov_17.595506	335	415	0	37	80	0.4625000
NODE_21721_length_633_cov_17.595506	335	415	2	43	80	0.5375000
NODE_21722_length_633_cov_17.327715	228	308	0	58	80	0.7250000
NODE_21722_length_633_cov_17.327715	228	308	2	2	80	0.0250000
NODE_21722_length_633_cov_17.327715	228	308	4	15	80	0.1875000
NODE_21722_length_633_cov_17.327715	228	308	6	5	80	0.0625000
NODE_21722_length_633_cov_17.327715	281	361	0	5	80	0.0625000
NODE_21722_length_633_cov_17.327715	281	361	2	2	80	0.0250000
NODE_21722_length_633_cov_17.327715	281	361	4	15	80	0.1875000
NODE_21722_length_633_cov_17.327715	281	361	6	58	80	0.7250000
NODE_21723_length_633_cov_9.689139	79	147	0	68	68	1.0000000
NODE_21729_length_633_cov_7.018727	309	389	0	7	80	0.0875000
NODE_21729_length_633_cov_7.018727	309	389	1	2	80	0.0250000
NODE_21729_length_633_cov_7.018727	309	389	2	71	80	0.8875000
NODE_21729_length_633_cov_7.018727	362	442	0	60	80	0.7500000
NODE_21729_length_633_cov_7.018727	362	442	1	2	80	0.0250000
NODE_21729_length_633_cov_7.018727	362	442	2	18	80	0.2250000
NODE_21755_length_633_cov_2.644195	166	240	0	24	74	0.3243243
NODE_21755_length_633_cov_2.644195	166	240	2	50	74	0.6756757
NODE_21816_length_632_cov_25.425891	332	412	6	19	80	0.2375000
NODE_21816_length_632_cov_25.425891	332	412	8	61	80	0.7625000
NODE_21816_length_632_cov_25.425891	385	465	0	40	80	0.5000000
NODE_21816_length_632_cov_25.425891	385	465	6	32	80	0.4000000
NODE_21816_length_632_cov_25.425891	385	465	8	8	80	0.1000000
NODE_21817_length_632_cov_21.613508	243	323	2	63	80	0.7875000
NODE_21817_length_632_cov_21.613508	243	323	4	17	80	0.2125000
NODE_21817_length_632_cov_21.613508	296	376	2	23	80	0.2875000
NODE_21817_length_632_cov_21.613508	296	376	3	6	80	0.0750000
NODE_21817_length_632_cov_21.613508	296	376	4	51	80	0.6375000
NODE_21818_length_632_cov_16.465291	293	373	0	30	80	0.3750000
NODE_21818_length_632_cov_16.465291	293	373	2	50	80	0.6250000
NODE_21818_length_632_cov_16.465291	346	426	0	80	80	1.0000000
NODE_21819_length_632_cov_13.260788	232	312	0	80	80	1.0000000
NODE_21819_length_632_cov_13.260788	285	365	0	80	80	1.0000000
NODE_21821_length_632_cov_9.106942	188	268	0	80	80	1.0000000
NODE_21821_length_632_cov_9.106942	241	321	0	80	80	1.0000000
NODE_21834_length_632_cov_4.135084	229	309	0	8	80	0.1000000
NODE_21834_length_632_cov_4.135084	229	309	4	72	80	0.9000000
NODE_21834_length_632_cov_4.135084	282	359	0	29	77	0.3766234
NODE_21834_length_632_cov_4.135084	282	359	4	48	77	0.6233766
NODE_21841_length_632_cov_2.939962	216	274	0	4	58	0.0689655
NODE_21841_length_632_cov_2.939962	216	274	2	54	58	0.9310345
NODE_21841_length_632_cov_2.939962	247	327	0	57	80	0.7125000
NODE_21841_length_632_cov_2.939962	247	327	2	23	80	0.2875000
NODE_21848_length_632_cov_2.330206	57	76	0	19	19	1.0000000
NODE_21912_length_631_cov_31.469925	321	396	0	75	75	1.0000000
NODE_21912_length_631_cov_31.469925	369	449	0	31	80	0.3875000
NODE_21912_length_631_cov_31.469925	369	449	2	49	80	0.6125000
NODE_21913_length_631_cov_26.453008	383	463	0	80	80	1.0000000
NODE_21913_length_631_cov_26.453008	436	516	0	80	80	1.0000000
NODE_21917_length_631_cov_8.374060	318	398	2	80	80	1.0000000
NODE_21917_length_631_cov_8.374060	371	451	0	53	80	0.6625000
NODE_21917_length_631_cov_8.374060	371	451	2	27	80	0.3375000
NODE_21924_length_631_cov_5.507519	335	386	0	15	51	0.2941177
NODE_21924_length_631_cov_5.507519	335	386	1	36	51	0.7058824
NODE_21927_length_631_cov_5.227444	443	523	0	7	80	0.0875000
NODE_21927_length_631_cov_5.227444	443	523	2	73	80	0.9125000
NODE_21927_length_631_cov_5.227444	496	576	0	34	80	0.4250000
NODE_21927_length_631_cov_5.227444	496	576	2	46	80	0.5750000
NODE_21942_length_631_cov_2.926692	307	354	0	11	47	0.2340426
NODE_21942_length_631_cov_2.926692	307	354	2	36	47	0.7659575
NODE_21983_length_631_cov_1.383459	248	267	0	19	19	1.0000000
NODE_22011_length_630_cov_41.728814	6	86	0	4	80	0.0500000
NODE_22011_length_630_cov_41.728814	6	86	4	18	80	0.2250000
NODE_22011_length_630_cov_41.728814	6	86	6	10	80	0.1250000
NODE_22011_length_630_cov_41.728814	6	86	8	5	80	0.0625000
NODE_22011_length_630_cov_41.728814	6	86	13	1	80	0.0125000
NODE_22011_length_630_cov_41.728814	6	86	18	1	80	0.0125000
NODE_22011_length_630_cov_41.728814	6	86	19	7	80	0.0875000
NODE_22011_length_630_cov_41.728814	6	86	20	2	80	0.0250000
NODE_22011_length_630_cov_41.728814	6	86	22	1	80	0.0125000
NODE_22011_length_630_cov_41.728814	6	86	30	3	80	0.0375000
NODE_22011_length_630_cov_41.728814	6	86	34	1	80	0.0125000
NODE_22011_length_630_cov_41.728814	6	86	36	1	80	0.0125000
NODE_22011_length_630_cov_41.728814	6	86	42	1	80	0.0125000
NODE_22011_length_630_cov_41.728814	6	86	48	11	80	0.1375000
NODE_22011_length_630_cov_41.728814	6	86	52	14	80	0.1750000
NODE_22011_length_630_cov_41.728814	59	139	36	1	80	0.0125000
NODE_22011_length_630_cov_41.728814	59	139	41	1	80	0.0125000
NODE_22011_length_630_cov_41.728814	59	139	42	1	80	0.0125000
NODE_22011_length_630_cov_41.728814	59	139	43	1	80	0.0125000
NODE_22011_length_630_cov_41.728814	59	139	48	11	80	0.1375000
NODE_22011_length_630_cov_41.728814	59	139	49	4	80	0.0500000
NODE_22011_length_630_cov_41.728814	59	139	51	5	80	0.0625000
NODE_22011_length_630_cov_41.728814	59	139	52	30	80	0.3750000
NODE_22011_length_630_cov_41.728814	59	139	54	26	80	0.3250000
NODE_22012_length_630_cov_24.856874	421	501	2	28	80	0.3500000
NODE_22012_length_630_cov_24.856874	421	501	4	52	80	0.6500000
NODE_22012_length_630_cov_24.856874	474	554	0	7	80	0.0875000
NODE_22012_length_630_cov_24.856874	474	554	2	37	80	0.4625000
NODE_22012_length_630_cov_24.856874	474	554	4	36	80	0.4500000
NODE_22013_length_630_cov_14.323917	196	276	2	80	80	1.0000000
NODE_22013_length_630_cov_14.323917	249	329	2	80	80	1.0000000
NODE_22014_length_630_cov_9.964218	284	364	0	80	80	1.0000000
NODE_22014_length_630_cov_9.964218	337	417	0	80	80	1.0000000
NODE_22086_length_629_cov_38.271698	288	368	0	59	80	0.7375000
NODE_22086_length_629_cov_38.271698	288	368	6	21	80	0.2625000
NODE_22086_length_629_cov_38.271698	341	421	0	6	80	0.0750000
NODE_22086_length_629_cov_38.271698	341	421	6	74	80	0.9250000
NODE_22087_length_629_cov_27.556604	212	292	5	4	80	0.0500000
NODE_22087_length_629_cov_27.556604	212	292	6	53	80	0.6625000
NODE_22087_length_629_cov_27.556604	212	292	7	23	80	0.2875000
NODE_22087_length_629_cov_27.556604	265	345	2	41	80	0.5125000
NODE_22087_length_629_cov_27.556604	265	345	4	9	80	0.1125000
NODE_22087_length_629_cov_27.556604	265	345	5	5	80	0.0625000
NODE_22087_length_629_cov_27.556604	265	345	6	10	80	0.1250000
NODE_22087_length_629_cov_27.556604	265	345	7	15	80	0.1875000
NODE_22088_length_629_cov_24.150943	356	436	8	7	80	0.0875000
NODE_22088_length_629_cov_24.150943	356	436	9	1	80	0.0125000
NODE_22088_length_629_cov_24.150943	356	436	10	5	80	0.0625000
NODE_22088_length_629_cov_24.150943	356	436	12	67	80	0.8375000
NODE_22088_length_629_cov_24.150943	409	489	0	36	80	0.4500000
NODE_22088_length_629_cov_24.150943	409	489	8	24	80	0.3000000
NODE_22088_length_629_cov_24.150943	409	489	9	1	80	0.0125000
NODE_22088_length_629_cov_24.150943	409	489	10	5	80	0.0625000
NODE_22088_length_629_cov_24.150943	409	489	12	14	80	0.1750000
NODE_22091_length_629_cov_13.641509	176	256	2	21	80	0.2625000
NODE_22091_length_629_cov_13.641509	176	256	4	17	80	0.2125000
NODE_22091_length_629_cov_13.641509	176	256	6	20	80	0.2500000
NODE_22091_length_629_cov_13.641509	176	256	7	22	80	0.2750000
NODE_22091_length_629_cov_13.641509	229	309	1	1	80	0.0125000
NODE_22091_length_629_cov_13.641509	229	309	2	6	80	0.0750000
NODE_22091_length_629_cov_13.641509	229	309	3	1	80	0.0125000
NODE_22091_length_629_cov_13.641509	229	309	5	41	80	0.5125000
NODE_22091_length_629_cov_13.641509	229	309	6	5	80	0.0625000
NODE_22091_length_629_cov_13.641509	229	309	7	26	80	0.3250000
NODE_22101_length_629_cov_4.264151	362	442	0	80	80	1.0000000
NODE_22188_length_628_cov_5.015123	210	274	0	12	64	0.1875000
NODE_22188_length_628_cov_5.015123	210	274	2	52	64	0.8125000
NODE_22257_length_627_cov_24.500000	217	297	2	20	80	0.2500000
NODE_22257_length_627_cov_24.500000	217	297	4	60	80	0.7500000
NODE_22257_length_627_cov_24.500000	270	350	1	1	80	0.0125000
NODE_22257_length_627_cov_24.500000	270	350	2	20	80	0.2500000
NODE_22257_length_627_cov_24.500000	270	350	4	59	80	0.7375000
NODE_22258_length_627_cov_20.395833	84	164	0	48	80	0.6000000
NODE_22258_length_627_cov_20.395833	84	164	2	32	80	0.4000000
NODE_22258_length_627_cov_20.395833	137	217	2	80	80	1.0000000
NODE_22259_length_627_cov_19.676136	308	388	0	15	80	0.1875000
NODE_22259_length_627_cov_19.676136	308	388	1	12	80	0.1500000
NODE_22259_length_627_cov_19.676136	308	388	2	53	80	0.6625000
NODE_22259_length_627_cov_19.676136	361	441	2	33	80	0.4125000
NODE_22259_length_627_cov_19.676136	361	441	4	47	80	0.5875000
NODE_22260_length_627_cov_17.634470	264	296	0	32	32	1.0000000
NODE_22260_length_627_cov_17.634470	360	385	0	25	25	1.0000000
NODE_22260_length_627_cov_17.634470	365	385	0	20	20	1.0000000
NODE_22260_length_627_cov_17.634470	385	424	0	39	39	1.0000000
NODE_22267_length_627_cov_5.634470	298	346	8	43	48	0.8958333
NODE_22267_length_627_cov_5.634470	298	346	10	5	48	0.1041667
NODE_22274_length_627_cov_4.517045	323	403	0	80	80	1.0000000
NODE_22274_length_627_cov_4.517045	376	456	0	80	80	1.0000000
NODE_22357_length_626_cov_24.184061	140	220	2	35	80	0.4375000
NODE_22357_length_626_cov_24.184061	140	220	6	6	80	0.0750000
NODE_22357_length_626_cov_24.184061	140	220	20	39	80	0.4875000
NODE_22357_length_626_cov_24.184061	193	273	18	19	80	0.2375000
NODE_22357_length_626_cov_24.184061	193	273	20	61	80	0.7625000
NODE_22358_length_626_cov_21.189753	342	419	10	12	77	0.1558442
NODE_22358_length_626_cov_21.189753	342	419	12	65	77	0.8441558
NODE_22358_length_626_cov_21.189753	342	419	10	12	77	0.1558442
NODE_22358_length_626_cov_21.189753	342	419	12	65	77	0.8441558
NODE_22358_length_626_cov_21.189753	392	453	3	20	61	0.3278688
NODE_22358_length_626_cov_21.189753	392	453	5	7	61	0.1147541
NODE_22358_length_626_cov_21.189753	392	453	10	18	61	0.2950820
NODE_22358_length_626_cov_21.189753	392	453	12	15	61	0.2459016
NODE_22358_length_626_cov_21.189753	392	453	13	1	61	0.0163934
NODE_22364_length_626_cov_7.100569	236	311	0	75	75	1.0000000
NODE_22364_length_626_cov_7.100569	284	364	0	80	80	1.0000000
NODE_22366_length_626_cov_6.296015	193	273	10	73	80	0.9125000
NODE_22366_length_626_cov_6.296015	193	273	12	7	80	0.0875000
NODE_22366_length_626_cov_6.296015	246	326	2	19	80	0.2375000
NODE_22366_length_626_cov_6.296015	246	326	6	2	80	0.0250000
NODE_22366_length_626_cov_6.296015	246	326	10	20	80	0.2500000
NODE_22366_length_626_cov_6.296015	246	326	12	39	80	0.4875000
NODE_22367_length_626_cov_6.163188	257	337	2	61	80	0.7625000
NODE_22367_length_626_cov_6.163188	257	337	3	13	80	0.1625000
NODE_22367_length_626_cov_6.163188	257	337	4	6	80	0.0750000
NODE_22367_length_626_cov_6.163188	310	390	0	20	80	0.2500000
NODE_22367_length_626_cov_6.163188	310	390	2	32	80	0.4000000
NODE_22367_length_626_cov_6.163188	310	390	3	22	80	0.2750000
NODE_22367_length_626_cov_6.163188	310	390	4	6	80	0.0750000
NODE_22438_length_625_cov_33.100760	239	319	0	80	80	1.0000000
NODE_22438_length_625_cov_33.100760	292	372	0	80	80	1.0000000
NODE_22438_length_625_cov_33.100760	368	448	0	80	80	1.0000000
NODE_22438_length_625_cov_33.100760	421	501	0	80	80	1.0000000
NODE_22439_length_625_cov_21.062738	267	347	4	34	80	0.4250000
NODE_22439_length_625_cov_21.062738	267	347	6	12	80	0.1500000
NODE_22439_length_625_cov_21.062738	267	347	8	34	80	0.4250000
NODE_22439_length_625_cov_21.062738	320	400	4	7	80	0.0875000
NODE_22439_length_625_cov_21.062738	320	400	6	27	80	0.3375000
NODE_22439_length_625_cov_21.062738	320	400	8	46	80	0.5750000
NODE_22440_length_625_cov_14.237643	28	108	0	80	80	1.0000000
NODE_22440_length_625_cov_14.237643	81	161	0	80	80	1.0000000
NODE_22441_length_625_cov_14.207224	358	438	13	55	80	0.6875000
NODE_22441_length_625_cov_14.207224	358	438	21	1	80	0.0125000
NODE_22441_length_625_cov_14.207224	358	438	22	24	80	0.3000000
NODE_22441_length_625_cov_14.207224	411	491	8	8	80	0.1000000
NODE_22441_length_625_cov_14.207224	411	491	13	2	80	0.0250000
NODE_22441_length_625_cov_14.207224	411	491	21	2	80	0.0250000
NODE_22441_length_625_cov_14.207224	411	491	22	68	80	0.8500000
NODE_22455_length_625_cov_4.157795	548	600	0	52	52	1.0000000
NODE_22466_length_625_cov_2.929658	118	198	0	60	80	0.7500000
NODE_22466_length_625_cov_2.929658	118	198	2	2	80	0.0250000
NODE_22466_length_625_cov_2.929658	118	198	4	18	80	0.2250000
NODE_22466_length_625_cov_2.929658	171	251	0	25	80	0.3125000
NODE_22466_length_625_cov_2.929658	171	251	2	55	80	0.6875000
NODE_22491_length_625_cov_1.570342	471	502	0	31	31	1.0000000
NODE_22542_length_624_cov_9.598095	77	126	0	49	49	1.0000000
NODE_22542_length_624_cov_9.598095	103	183	0	80	80	1.0000000
NODE_22544_length_624_cov_8.485714	271	351	0	33	80	0.4125000
NODE_22544_length_624_cov_8.485714	271	351	2	47	80	0.5875000
NODE_22544_length_624_cov_8.485714	324	404	2	53	80	0.6625000
NODE_22544_length_624_cov_8.485714	324	404	4	27	80	0.3375000
NODE_22546_length_624_cov_6.691429	386	466	2	12	80	0.1500000
NODE_22546_length_624_cov_6.691429	386	466	4	24	80	0.3000000
NODE_22546_length_624_cov_6.691429	386	466	5	20	80	0.2500000
NODE_22546_length_624_cov_6.691429	386	466	6	24	80	0.3000000
NODE_22546_length_624_cov_6.691429	439	519	2	21	80	0.2625000
NODE_22546_length_624_cov_6.691429	439	519	3	17	80	0.2125000
NODE_22546_length_624_cov_6.691429	439	519	5	35	80	0.4375000
NODE_22546_length_624_cov_6.691429	439	519	6	7	80	0.0875000
NODE_22547_length_624_cov_5.592381	312	387	2	29	75	0.3866667
NODE_22547_length_624_cov_5.592381	312	387	4	46	75	0.6133333
NODE_22551_length_624_cov_4.638095	328	388	0	60	60	1.0000000
NODE_22642_length_623_cov_41.877863	419	499	0	80	80	1.0000000
NODE_22642_length_623_cov_41.877863	472	552	0	80	80	1.0000000
NODE_22643_length_623_cov_31.875954	148	228	6	5	80	0.0625000
NODE_22643_length_623_cov_31.875954	148	228	8	3	80	0.0375000
NODE_22643_length_623_cov_31.875954	148	228	10	20	80	0.2500000
NODE_22643_length_623_cov_31.875954	148	228	12	4	80	0.0500000
NODE_22643_length_623_cov_31.875954	148	228	14	27	80	0.3375000
NODE_22643_length_623_cov_31.875954	148	228	16	18	80	0.2250000
NODE_22643_length_623_cov_31.875954	148	228	18	3	80	0.0375000
NODE_22643_length_623_cov_31.875954	201	281	12	3	80	0.0375000
NODE_22643_length_623_cov_31.875954	201	281	14	37	80	0.4625000
NODE_22643_length_623_cov_31.875954	201	281	15	1	80	0.0125000
NODE_22643_length_623_cov_31.875954	201	281	16	36	80	0.4500000
NODE_22643_length_623_cov_31.875954	201	281	18	3	80	0.0375000
NODE_22644_length_623_cov_31.192748	313	393	2	9	80	0.1125000
NODE_22644_length_623_cov_31.192748	313	393	3	1	80	0.0125000
NODE_22644_length_623_cov_31.192748	313	393	4	33	80	0.4125000
NODE_22644_length_623_cov_31.192748	313	393	6	3	80	0.0375000
NODE_22644_length_623_cov_31.192748	313	393	7	6	80	0.0750000
NODE_22644_length_623_cov_31.192748	313	393	8	28	80	0.3500000
NODE_22644_length_623_cov_31.192748	366	446	4	6	80	0.0750000
NODE_22644_length_623_cov_31.192748	366	446	6	27	80	0.3375000
NODE_22644_length_623_cov_31.192748	366	446	8	47	80	0.5875000
NODE_22645_length_623_cov_20.187023	287	367	0	7	80	0.0875000
NODE_22645_length_623_cov_20.187023	287	367	2	73	80	0.9125000
NODE_22645_length_623_cov_20.187023	340	420	0	29	80	0.3625000
NODE_22645_length_623_cov_20.187023	340	420	2	51	80	0.6375000
NODE_22646_length_623_cov_12.045802	377	457	0	80	80	1.0000000
NODE_22646_length_623_cov_12.045802	430	510	0	80	80	1.0000000
NODE_22668_length_623_cov_2.891221	457	535	0	29	78	0.3717949
NODE_22668_length_623_cov_2.891221	457	535	4	49	78	0.6282051
NODE_22725_length_622_cov_19.042065	368	448	4	14	80	0.1750000
NODE_22725_length_622_cov_19.042065	368	448	8	51	80	0.6375000
NODE_22725_length_622_cov_19.042065	368	448	10	15	80	0.1875000
NODE_22725_length_622_cov_19.042065	421	501	2	42	80	0.5250000
NODE_22725_length_622_cov_19.042065	421	501	4	25	80	0.3125000
NODE_22725_length_622_cov_19.042065	421	501	10	13	80	0.1625000
NODE_22726_length_622_cov_13.470363	109	189	0	32	80	0.4000000
NODE_22726_length_622_cov_13.470363	109	189	2	48	80	0.6000000
NODE_22726_length_622_cov_13.470363	162	242	0	80	80	1.0000000
NODE_22752_length_622_cov_2.407266	94	170	0	76	76	1.0000000
NODE_22796_length_622_cov_1.353728	346	376	0	30	30	1.0000000
NODE_22819_length_621_cov_46.247126	0	52	0	52	52	1.0000000
NODE_22819_length_621_cov_46.247126	25	105	0	80	80	1.0000000
NODE_22819_length_621_cov_46.247126	101	181	0	80	80	1.0000000
NODE_22819_length_621_cov_46.247126	154	234	0	80	80	1.0000000
NODE_22820_length_621_cov_45.764368	344	424	6	80	80	1.0000000
NODE_22820_length_621_cov_45.764368	397	477	0	32	80	0.4000000
NODE_22820_length_621_cov_45.764368	397	477	6	48	80	0.6000000
NODE_22821_length_621_cov_35.147510	393	473	10	17	80	0.2125000
NODE_22821_length_621_cov_35.147510	393	473	12	63	80	0.7875000
NODE_22821_length_621_cov_35.147510	446	526	8	19	80	0.2375000
NODE_22821_length_621_cov_35.147510	446	526	9	2	80	0.0250000
NODE_22821_length_621_cov_35.147510	446	526	10	7	80	0.0875000
NODE_22821_length_621_cov_35.147510	446	526	12	52	80	0.6500000
NODE_22822_length_621_cov_13.842912	231	311	0	57	80	0.7125000
NODE_22822_length_621_cov_13.842912	231	311	2	23	80	0.2875000
NODE_22822_length_621_cov_13.842912	284	364	0	4	80	0.0500000
NODE_22822_length_621_cov_13.842912	284	364	2	76	80	0.9500000
NODE_22825_length_621_cov_6.279693	376	406	6	19	30	0.6333333
NODE_22825_length_621_cov_6.279693	376	406	8	11	30	0.3666667
NODE_22845_length_621_cov_2.645594	367	426	0	59	59	1.0000000
NODE_22914_length_620_cov_23.913628	433	513	14	8	80	0.1000000
NODE_22914_length_620_cov_23.913628	433	513	16	72	80	0.9000000
NODE_22914_length_620_cov_23.913628	486	566	0	22	80	0.2750000
NODE_22914_length_620_cov_23.913628	486	566	14	39	80	0.4875000
NODE_22914_length_620_cov_23.913628	486	566	16	19	80	0.2375000
NODE_22915_length_620_cov_9.222649	186	266	2	17	80	0.2125000
NODE_22915_length_620_cov_9.222649	186	266	3	6	80	0.0750000
NODE_22915_length_620_cov_9.222649	186	266	4	57	80	0.7125000
NODE_22915_length_620_cov_9.222649	239	319	2	52	80	0.6500000
NODE_22915_length_620_cov_9.222649	239	319	3	7	80	0.0875000
NODE_22915_length_620_cov_9.222649	239	319	4	21	80	0.2625000
NODE_22919_length_620_cov_7.804223	57	137	2	19	80	0.2375000
NODE_22919_length_620_cov_7.804223	57	137	6	25	80	0.3125000
NODE_22919_length_620_cov_7.804223	57	137	8	36	80	0.4500000
NODE_22919_length_620_cov_7.804223	110	190	4	13	80	0.1625000
NODE_22919_length_620_cov_7.804223	110	190	6	15	80	0.1875000
NODE_22919_length_620_cov_7.804223	110	190	8	52	80	0.6500000
NODE_22920_length_620_cov_6.909789	199	279	0	47	80	0.5875000
NODE_22920_length_620_cov_6.909789	199	279	2	33	80	0.4125000
NODE_22920_length_620_cov_6.909789	252	332	0	7	80	0.0875000
NODE_22920_length_620_cov_6.909789	252	332	2	73	80	0.9125000
NODE_22930_length_620_cov_4.560461	309	347	33	7	38	0.1842105
NODE_22930_length_620_cov_4.560461	309	347	34	31	38	0.8157895
NODE_22930_length_620_cov_4.560461	395	421	0	14	26	0.5384616
NODE_22930_length_620_cov_4.560461	395	421	4	3	26	0.1153846
NODE_22930_length_620_cov_4.560461	395	421	6	3	26	0.1153846
NODE_22930_length_620_cov_4.560461	395	421	10	6	26	0.2307692
NODE_22930_length_620_cov_4.560461	395	451	0	44	56	0.7857143
NODE_22930_length_620_cov_4.560461	395	451	4	3	56	0.0535714
NODE_22930_length_620_cov_4.560461	395	451	6	3	56	0.0535714
NODE_22930_length_620_cov_4.560461	395	451	10	6	56	0.1071429
NODE_23031_length_619_cov_26.309615	118	198	8	8	80	0.1000000
NODE_23031_length_619_cov_26.309615	118	198	10	72	80	0.9000000
NODE_23031_length_619_cov_26.309615	171	251	0	51	80	0.6375000
NODE_23031_length_619_cov_26.309615	171	251	8	10	80	0.1250000
NODE_23031_length_619_cov_26.309615	171	251	10	19	80	0.2375000
NODE_23033_length_619_cov_10.417308	427	487	0	60	60	1.0000000
NODE_23034_length_619_cov_7.944231	213	293	0	80	80	1.0000000
NODE_23034_length_619_cov_7.944231	266	346	0	80	80	1.0000000
NODE_23135_length_618_cov_14.477842	223	299	0	47	76	0.6184211
NODE_23135_length_618_cov_14.477842	223	299	2	13	76	0.1710526
NODE_23135_length_618_cov_14.477842	223	299	3	5	76	0.0657895
NODE_23135_length_618_cov_14.477842	223	299	6	11	76	0.1447368
NODE_23135_length_618_cov_14.477842	223	299	0	47	76	0.6184211
NODE_23135_length_618_cov_14.477842	223	299	2	13	76	0.1710526
NODE_23135_length_618_cov_14.477842	223	299	3	5	76	0.0657895
NODE_23135_length_618_cov_14.477842	223	299	6	11	76	0.1447368
NODE_23135_length_618_cov_14.477842	276	337	2	7	61	0.1147541
NODE_23135_length_618_cov_14.477842	276	337	3	5	61	0.0819672
NODE_23135_length_618_cov_14.477842	276	337	6	49	61	0.8032787
NODE_23136_length_618_cov_13.840077	377	457	0	80	80	1.0000000
NODE_23136_length_618_cov_13.840077	430	510	0	80	80	1.0000000
NODE_23137_length_618_cov_12.048170	348	428	2	48	80	0.6000000
NODE_23137_length_618_cov_12.048170	348	428	4	32	80	0.4000000
NODE_23137_length_618_cov_12.048170	401	481	0	27	80	0.3375000
NODE_23137_length_618_cov_12.048170	401	481	2	39	80	0.4875000
NODE_23137_length_618_cov_12.048170	401	481	4	14	80	0.1750000
NODE_23138_length_618_cov_8.799615	353	433	0	32	80	0.4000000
NODE_23138_length_618_cov_8.799615	353	433	2	48	80	0.6000000
NODE_23138_length_618_cov_8.799615	406	486	0	80	80	1.0000000
NODE_23147_length_618_cov_3.793834	412	478	5	1	66	0.0151515
NODE_23147_length_618_cov_3.793834	412	478	6	65	66	0.9848485
NODE_23148_length_618_cov_3.761079	305	385	0	11	80	0.1375000
NODE_23148_length_618_cov_3.761079	305	385	8	20	80	0.2500000
NODE_23148_length_618_cov_3.761079	305	385	10	49	80	0.6125000
NODE_23252_length_617_cov_29.565637	378	458	2	33	80	0.4125000
NODE_23252_length_617_cov_29.565637	378	458	6	47	80	0.5875000
NODE_23252_length_617_cov_29.565637	431	511	0	6	80	0.0750000
NODE_23252_length_617_cov_29.565637	431	511	4	13	80	0.1625000
NODE_23252_length_617_cov_29.565637	431	511	5	33	80	0.4125000
NODE_23252_length_617_cov_29.565637	431	511	6	28	80	0.3500000
NODE_23253_length_617_cov_16.781853	253	333	0	19	80	0.2375000
NODE_23253_length_617_cov_16.781853	253	333	2	61	80	0.7625000
NODE_23253_length_617_cov_16.781853	306	386	0	35	80	0.4375000
NODE_23253_length_617_cov_16.781853	306	386	2	45	80	0.5625000
NODE_23254_length_617_cov_9.175676	373	453	0	6	80	0.0750000
NODE_23254_length_617_cov_9.175676	373	453	4	11	80	0.1375000
NODE_23254_length_617_cov_9.175676	373	453	8	63	80	0.7875000
NODE_23254_length_617_cov_9.175676	426	506	4	20	80	0.2500000
NODE_23254_length_617_cov_9.175676	426	506	8	60	80	0.7500000
NODE_23255_length_617_cov_8.774131	320	406	0	42	86	0.4883721
NODE_23255_length_617_cov_8.774131	320	406	1	44	86	0.5116279
NODE_23255_length_617_cov_8.774131	379	458	1	31	79	0.3924051
NODE_23255_length_617_cov_8.774131	379	458	2	48	79	0.6075949
NODE_23257_length_617_cov_8.416988	359	439	0	18	80	0.2250000
NODE_23257_length_617_cov_8.416988	359	439	1	26	80	0.3250000
NODE_23257_length_617_cov_8.416988	359	439	2	36	80	0.4500000
NODE_23257_length_617_cov_8.416988	412	492	0	71	80	0.8875000
NODE_23257_length_617_cov_8.416988	412	492	1	9	80	0.1125000
NODE_23259_length_617_cov_7.683398	197	275	0	78	78	1.0000000
NODE_23259_length_617_cov_7.683398	250	330	0	80	80	1.0000000
NODE_23263_length_617_cov_5.330116	288	360	0	72	72	1.0000000
NODE_23263_length_617_cov_5.330116	333	413	0	80	80	1.0000000
NODE_23302_length_617_cov_1.967181	384	430	4	46	46	1.0000000
NODE_23311_length_617_cov_1.847490	273	344	0	71	71	1.0000000
NODE_23331_length_617_cov_1.322394	269	318	2	19	49	0.3877551
NODE_23331_length_617_cov_1.322394	269	318	4	30	49	0.6122449
NODE_23365_length_616_cov_15.914894	292	370	6	9	78	0.1153846
NODE_23365_length_616_cov_15.914894	292	370	8	69	78	0.8846154
NODE_23365_length_616_cov_15.914894	343	423	0	26	80	0.3250000
NODE_23365_length_616_cov_15.914894	343	423	4	5	80	0.0625000
NODE_23365_length_616_cov_15.914894	343	423	6	22	80	0.2750000
NODE_23365_length_616_cov_15.914894	343	423	8	27	80	0.3375000
NODE_23366_length_616_cov_14.276596	191	271	0	40	80	0.5000000
NODE_23366_length_616_cov_14.276596	191	271	2	40	80	0.5000000
NODE_23366_length_616_cov_14.276596	244	319	2	65	75	0.8666667
NODE_23366_length_616_cov_14.276596	244	319	4	10	75	0.1333333
NODE_23366_length_616_cov_14.276596	368	448	14	9	80	0.1125000
NODE_23366_length_616_cov_14.276596	368	448	15	27	80	0.3375000
NODE_23366_length_616_cov_14.276596	368	448	17	27	80	0.3375000
NODE_23366_length_616_cov_14.276596	368	448	19	17	80	0.2125000
NODE_23367_length_616_cov_12.119923	273	353	0	80	80	1.0000000
NODE_23367_length_616_cov_12.119923	326	406	0	80	80	1.0000000
NODE_23373_length_616_cov_6.379110	305	385	3	18	80	0.2250000
NODE_23373_length_616_cov_6.379110	305	385	4	62	80	0.7750000
NODE_23373_length_616_cov_6.379110	358	438	0	41	80	0.5125000
NODE_23373_length_616_cov_6.379110	358	438	4	39	80	0.4875000
NODE_23381_length_616_cov_4.441006	286	350	1	3	64	0.0468750
NODE_23381_length_616_cov_4.441006	286	350	2	61	64	0.9531250
NODE_23381_length_616_cov_4.441006	286	306	2	20	20	1.0000000
NODE_23400_length_616_cov_2.541586	375	415	0	7	40	0.1750000
NODE_23400_length_616_cov_2.541586	375	415	4	33	40	0.8250000
NODE_23430_length_616_cov_1.491296	105	183	0	78	78	1.0000000
NODE_23474_length_615_cov_27.519380	302	382	0	6	80	0.0750000
NODE_23474_length_615_cov_27.519380	302	382	2	74	80	0.9250000
NODE_23474_length_615_cov_27.519380	355	435	0	59	80	0.7375000
NODE_23474_length_615_cov_27.519380	355	435	2	21	80	0.2625000
NODE_23475_length_615_cov_17.792636	239	319	0	60	80	0.7500000
NODE_23475_length_615_cov_17.792636	239	319	4	20	80	0.2500000
NODE_23475_length_615_cov_17.792636	292	372	0	7	80	0.0875000
NODE_23475_length_615_cov_17.792636	292	372	4	73	80	0.9125000
NODE_23477_length_615_cov_11.835271	240	320	0	68	80	0.8500000
NODE_23477_length_615_cov_11.835271	240	320	2	12	80	0.1500000
NODE_23477_length_615_cov_11.835271	293	373	0	80	80	1.0000000
NODE_23478_length_615_cov_8.591085	287	367	2	12	80	0.1500000
NODE_23478_length_615_cov_8.591085	287	367	4	37	80	0.4625000
NODE_23478_length_615_cov_8.591085	287	367	5	8	80	0.1000000
NODE_23478_length_615_cov_8.591085	287	367	7	18	80	0.2250000
NODE_23478_length_615_cov_8.591085	287	367	8	5	80	0.0625000
NODE_23478_length_615_cov_8.591085	340	420	4	42	80	0.5250000
NODE_23478_length_615_cov_8.591085	340	420	5	19	80	0.2375000
NODE_23478_length_615_cov_8.591085	340	420	7	18	80	0.2250000
NODE_23478_length_615_cov_8.591085	340	420	8	1	80	0.0125000
NODE_23513_length_615_cov_2.461240	429	509	0	80	80	1.0000000
NODE_23513_length_615_cov_2.461240	482	562	0	80	80	1.0000000
NODE_23516_length_615_cov_2.379845	405	467	2	1	62	0.0161290
NODE_23516_length_615_cov_2.379845	405	467	4	61	62	0.9838710
NODE_23516_length_615_cov_2.379845	440	520	2	36	80	0.4500000
NODE_23516_length_615_cov_2.379845	440	520	4	44	80	0.5500000
NODE_23517_length_615_cov_2.294574	205	268	0	63	63	1.0000000
NODE_23554_length_615_cov_1.122093	255	335	0	80	80	1.0000000
NODE_23566_length_615_cov_0.887597	561	582	0	21	21	1.0000000
NODE_23575_length_614_cov_17.772816	257	337	0	47	80	0.5875000
NODE_23575_length_614_cov_17.772816	257	337	2	33	80	0.4125000
NODE_23575_length_614_cov_17.772816	310	390	2	80	80	1.0000000
NODE_23576_length_614_cov_10.706796	425	505	2	6	80	0.0750000
NODE_23576_length_614_cov_10.706796	425	505	4	32	80	0.4000000
NODE_23576_length_614_cov_10.706796	425	505	6	42	80	0.5250000
NODE_23576_length_614_cov_10.706796	478	558	0	11	80	0.1375000
NODE_23576_length_614_cov_10.706796	478	558	2	48	80	0.6000000
NODE_23576_length_614_cov_10.706796	478	558	4	6	80	0.0750000
NODE_23576_length_614_cov_10.706796	478	558	6	15	80	0.1875000
NODE_23578_length_614_cov_8.545631	193	273	0	11	80	0.1375000
NODE_23578_length_614_cov_8.545631	193	273	2	69	80	0.8625000
NODE_23578_length_614_cov_8.545631	246	326	0	15	80	0.1875000
NODE_23578_length_614_cov_8.545631	246	326	2	65	80	0.8125000
NODE_23604_length_614_cov_2.450485	315	393	0	31	78	0.3974359
NODE_23604_length_614_cov_2.450485	315	393	1	47	78	0.6025641
NODE_23604_length_614_cov_2.450485	355	383	1	28	28	1.0000000
NODE_23604_length_614_cov_2.450485	368	448	1	37	80	0.4625000
NODE_23604_length_614_cov_2.450485	368	448	2	43	80	0.5375000
NODE_23604_length_614_cov_2.450485	379	448	1	26	69	0.3768116
NODE_23604_length_614_cov_2.450485	379	448	2	43	69	0.6231884
NODE_23662_length_613_cov_18.075875	211	291	0	26	80	0.3250000
NODE_23662_length_613_cov_18.075875	211	291	2	54	80	0.6750000
NODE_23662_length_613_cov_18.075875	264	344	0	9	80	0.1125000
NODE_23662_length_613_cov_18.075875	264	344	2	71	80	0.8875000
NODE_23663_length_613_cov_16.118677	283	363	2	80	80	1.0000000
NODE_23663_length_613_cov_16.118677	336	416	0	40	80	0.5000000
NODE_23663_length_613_cov_16.118677	336	416	2	40	80	0.5000000
NODE_23665_length_613_cov_12.883268	155	235	2	80	80	1.0000000
NODE_23665_length_613_cov_12.883268	208	288	0	24	80	0.3000000
NODE_23665_length_613_cov_12.883268	208	288	2	56	80	0.7000000
NODE_23674_length_613_cov_3.857977	167	247	0	80	80	1.0000000
NODE_23674_length_613_cov_3.857977	220	300	0	80	80	1.0000000
NODE_23771_length_612_cov_24.023392	173	253	0	11	80	0.1375000
NODE_23771_length_612_cov_24.023392	173	253	2	69	80	0.8625000
NODE_23771_length_612_cov_24.023392	226	306	0	35	80	0.4375000
NODE_23771_length_612_cov_24.023392	226	306	2	45	80	0.5625000
NODE_23772_length_612_cov_23.846004	141	221	6	32	80	0.4000000
NODE_23772_length_612_cov_23.846004	141	221	8	24	80	0.3000000
NODE_23772_length_612_cov_23.846004	141	221	10	24	80	0.3000000
NODE_23772_length_612_cov_23.846004	194	274	0	16	80	0.2000000
NODE_23772_length_612_cov_23.846004	194	274	2	29	80	0.3625000
NODE_23772_length_612_cov_23.846004	194	274	4	6	80	0.0750000
NODE_23772_length_612_cov_23.846004	194	274	6	29	80	0.3625000
NODE_23773_length_612_cov_12.448343	244	324	0	5	80	0.0625000
NODE_23773_length_612_cov_12.448343	244	324	2	75	80	0.9375000
NODE_23773_length_612_cov_12.448343	297	377	0	58	80	0.7250000
NODE_23773_length_612_cov_12.448343	297	377	2	22	80	0.2750000
NODE_23774_length_612_cov_12.068226	267	347	0	34	80	0.4250000
NODE_23774_length_612_cov_12.068226	267	347	2	46	80	0.5750000
NODE_23774_length_612_cov_12.068226	320	400	2	80	80	1.0000000
NODE_23779_length_612_cov_6.393762	242	322	2	28	80	0.3500000
NODE_23779_length_612_cov_6.393762	242	322	6	52	80	0.6500000
NODE_23779_length_612_cov_6.393762	295	375	4	49	80	0.6125000
NODE_23779_length_612_cov_6.393762	295	375	6	31	80	0.3875000
NODE_23814_length_612_cov_1.904483	288	354	0	66	66	1.0000000
NODE_23869_length_611_cov_38.705078	132	212	2	27	80	0.3375000
NODE_23869_length_611_cov_38.705078	132	212	4	4	80	0.0500000
NODE_23869_length_611_cov_38.705078	132	212	8	1	80	0.0125000
NODE_23869_length_611_cov_38.705078	132	212	10	37	80	0.4625000
NODE_23869_length_611_cov_38.705078	132	212	12	4	80	0.0500000
NODE_23869_length_611_cov_38.705078	132	212	13	4	80	0.0500000
NODE_23869_length_611_cov_38.705078	132	212	15	3	80	0.0375000
NODE_23869_length_611_cov_38.705078	185	262	10	16	77	0.2077922
NODE_23869_length_611_cov_38.705078	185	262	12	4	77	0.0519481
NODE_23869_length_611_cov_38.705078	185	262	13	4	77	0.0519481
NODE_23869_length_611_cov_38.705078	185	262	15	3	77	0.0389610
NODE_23869_length_611_cov_38.705078	185	262	18	12	77	0.1558442
NODE_23869_length_611_cov_38.705078	185	262	19	8	77	0.1038961
NODE_23869_length_611_cov_38.705078	185	262	20	30	77	0.3896104
NODE_23869_length_611_cov_38.705078	185	262	10	16	77	0.2077922
NODE_23869_length_611_cov_38.705078	185	262	12	4	77	0.0519481
NODE_23869_length_611_cov_38.705078	185	262	13	4	77	0.0519481
NODE_23869_length_611_cov_38.705078	185	262	15	3	77	0.0389610
NODE_23869_length_611_cov_38.705078	185	262	18	12	77	0.1558442
NODE_23869_length_611_cov_38.705078	185	262	19	8	77	0.1038961
NODE_23869_length_611_cov_38.705078	185	262	20	30	77	0.3896104
NODE_23871_length_611_cov_12.669922	264	344	0	9	80	0.1125000
NODE_23871_length_611_cov_12.669922	264	344	4	50	80	0.6250000
NODE_23871_length_611_cov_12.669922	264	344	7	9	80	0.1125000
NODE_23871_length_611_cov_12.669922	264	344	10	12	80	0.1500000
NODE_23871_length_611_cov_12.669922	317	397	4	6	80	0.0750000
NODE_23871_length_611_cov_12.669922	317	397	6	28	80	0.3500000
NODE_23871_length_611_cov_12.669922	317	397	7	9	80	0.1125000
NODE_23871_length_611_cov_12.669922	317	397	10	37	80	0.4625000
NODE_23880_length_611_cov_4.943359	27	107	6	30	80	0.3750000
NODE_23880_length_611_cov_4.943359	27	107	12	50	80	0.6250000
NODE_23880_length_611_cov_4.943359	80	137	8	26	57	0.4561403
NODE_23880_length_611_cov_4.943359	80	137	12	31	57	0.5438597
NODE_23880_length_611_cov_4.943359	143	209	2	66	66	1.0000000
NODE_23880_length_611_cov_4.943359	182	262	0	40	80	0.5000000
NODE_23880_length_611_cov_4.943359	182	262	2	40	80	0.5000000
NODE_23894_length_611_cov_3.294922	271	300	4	29	29	1.0000000
NODE_23894_length_611_cov_3.294922	434	469	0	11	35	0.3142857
NODE_23894_length_611_cov_3.294922	434	469	4	24	35	0.6857143
NODE_23897_length_611_cov_3.162109	313	342	2	29	29	1.0000000
NODE_23973_length_610_cov_20.673190	87	167	0	39	80	0.4875000
NODE_23973_length_610_cov_20.673190	87	167	2	11	80	0.1375000
NODE_23973_length_610_cov_20.673190	87	167	6	30	80	0.3750000
NODE_23973_length_610_cov_20.673190	140	220	6	80	80	1.0000000
NODE_23974_length_610_cov_10.191781	250	330	0	80	80	1.0000000
NODE_23974_length_610_cov_10.191781	303	383	0	80	80	1.0000000
NODE_23980_length_610_cov_4.998043	129	181	6	52	52	1.0000000
NODE_23980_length_610_cov_4.998043	182	234	0	7	52	0.1346154
NODE_23980_length_610_cov_4.998043	182	234	2	20	52	0.3846154
NODE_23980_length_610_cov_4.998043	182	234	4	2	52	0.0384615
NODE_23980_length_610_cov_4.998043	182	234	6	23	52	0.4423077
NODE_23989_length_610_cov_3.479452	215	267	2	37	52	0.7115384
NODE_23989_length_610_cov_3.479452	215	267	4	15	52	0.2884615
NODE_24059_length_609_cov_21.117647	80	160	0	3	80	0.0375000
NODE_24059_length_609_cov_21.117647	80	160	2	77	80	0.9625000
NODE_24059_length_609_cov_21.117647	133	213	0	35	80	0.4375000
NODE_24059_length_609_cov_21.117647	133	213	2	45	80	0.5625000
NODE_24060_length_609_cov_11.300000	218	298	2	37	80	0.4625000
NODE_24060_length_609_cov_11.300000	218	298	8	41	80	0.5125000
NODE_24060_length_609_cov_11.300000	218	298	14	2	80	0.0250000
NODE_24060_length_609_cov_11.300000	271	351	8	25	80	0.3125000
NODE_24060_length_609_cov_11.300000	271	351	12	26	80	0.3250000
NODE_24060_length_609_cov_11.300000	271	351	13	13	80	0.1625000
NODE_24060_length_609_cov_11.300000	271	351	14	16	80	0.2000000
NODE_24061_length_609_cov_10.778431	239	319	0	40	80	0.5000000
NODE_24061_length_609_cov_10.778431	239	319	2	1	80	0.0125000
NODE_24061_length_609_cov_10.778431	239	319	8	2	80	0.0250000
NODE_24061_length_609_cov_10.778431	239	319	12	37	80	0.4625000
NODE_24061_length_609_cov_10.778431	292	372	12	57	80	0.7125000
NODE_24061_length_609_cov_10.778431	292	372	14	23	80	0.2875000
NODE_24062_length_609_cov_10.298039	340	420	4	80	80	1.0000000
NODE_24062_length_609_cov_10.298039	393	473	0	1	80	0.0125000
NODE_24062_length_609_cov_10.298039	393	473	2	3	80	0.0375000
NODE_24062_length_609_cov_10.298039	393	473	3	1	80	0.0125000
NODE_24062_length_609_cov_10.298039	393	473	4	75	80	0.9375000
NODE_24062_length_609_cov_10.298039	469	537	0	1	68	0.0147059
NODE_24062_length_609_cov_10.298039	469	537	2	2	68	0.0294118
NODE_24062_length_609_cov_10.298039	469	537	3	7	68	0.1029412
NODE_24062_length_609_cov_10.298039	469	537	4	58	68	0.8529412
NODE_24063_length_609_cov_10.270588	217	297	6	8	80	0.1000000
NODE_24063_length_609_cov_10.270588	217	297	12	46	80	0.5750000
NODE_24063_length_609_cov_10.270588	217	297	28	26	80	0.3250000
NODE_24063_length_609_cov_10.270588	270	353	12	1	83	0.0120482
NODE_24063_length_609_cov_10.270588	270	353	20	4	83	0.0481928
NODE_24063_length_609_cov_10.270588	270	353	21	2	83	0.0240964
NODE_24063_length_609_cov_10.270588	270	353	27	12	83	0.1445783
NODE_24063_length_609_cov_10.270588	270	353	28	64	83	0.7710843
NODE_24064_length_609_cov_8.345098	408	488	2	43	80	0.5375000
NODE_24064_length_609_cov_8.345098	408	488	4	37	80	0.4625000
NODE_24064_length_609_cov_8.345098	461	515	4	54	54	1.0000000
NODE_24064_length_609_cov_8.345098	537	566	2	28	29	0.9655172
NODE_24064_length_609_cov_8.345098	537	566	4	1	29	0.0344828
NODE_24066_length_609_cov_6.054902	219	299	2	28	80	0.3500000
NODE_24066_length_609_cov_6.054902	219	299	4	52	80	0.6500000
NODE_24066_length_609_cov_6.054902	272	352	2	18	80	0.2250000
NODE_24066_length_609_cov_6.054902	272	352	4	62	80	0.7750000
NODE_24067_length_609_cov_5.986275	219	299	0	53	80	0.6625000
NODE_24067_length_609_cov_5.986275	219	299	2	27	80	0.3375000
NODE_24067_length_609_cov_5.986275	272	352	2	80	80	1.0000000
NODE_24160_length_608_cov_76.257367	300	380	6	17	80	0.2125000
NODE_24160_length_608_cov_76.257367	300	380	8	26	80	0.3250000
NODE_24160_length_608_cov_76.257367	300	380	10	6	80	0.0750000
NODE_24160_length_608_cov_76.257367	300	380	14	31	80	0.3875000
NODE_24160_length_608_cov_76.257367	353	433	4	22	80	0.2750000
NODE_24160_length_608_cov_76.257367	353	433	6	4	80	0.0500000
NODE_24160_length_608_cov_76.257367	353	433	8	7	80	0.0875000
NODE_24160_length_608_cov_76.257367	353	433	10	4	80	0.0500000
NODE_24160_length_608_cov_76.257367	353	433	14	43	80	0.5375000
NODE_24161_length_608_cov_13.271120	252	332	0	3	80	0.0375000
NODE_24161_length_608_cov_13.271120	252	332	2	77	80	0.9625000
NODE_24161_length_608_cov_13.271120	305	385	0	56	80	0.7000000
NODE_24161_length_608_cov_13.271120	305	385	2	24	80	0.3000000
NODE_24162_length_608_cov_11.583497	63	139	0	20	76	0.2631579
NODE_24162_length_608_cov_11.583497	63	139	2	56	76	0.7368421
NODE_24162_length_608_cov_11.583497	112	192	0	38	80	0.4750000
NODE_24162_length_608_cov_11.583497	112	192	2	42	80	0.5250000
NODE_24164_length_608_cov_8.076621	53	133	4	2	80	0.0250000
NODE_24164_length_608_cov_8.076621	53	133	8	4	80	0.0500000
NODE_24164_length_608_cov_8.076621	53	133	12	23	80	0.2875000
NODE_24164_length_608_cov_8.076621	53	133	15	18	80	0.2250000
NODE_24164_length_608_cov_8.076621	53	133	16	1	80	0.0125000
NODE_24164_length_608_cov_8.076621	53	133	17	32	80	0.4000000
NODE_24164_length_608_cov_8.076621	106	186	0	31	80	0.3875000
NODE_24164_length_608_cov_8.076621	106	186	2	10	80	0.1250000
NODE_24164_length_608_cov_8.076621	106	186	4	14	80	0.1750000
NODE_24164_length_608_cov_8.076621	106	186	8	4	80	0.0500000
NODE_24164_length_608_cov_8.076621	106	186	12	21	80	0.2625000
NODE_24165_length_608_cov_7.994106	279	326	4	47	47	1.0000000
NODE_24165_length_608_cov_7.994106	348	373	4	25	25	1.0000000
NODE_24166_length_608_cov_7.939096	247	277	0	30	30	1.0000000
NODE_24177_length_608_cov_3.829077	313	393	0	80	80	1.0000000
NODE_24177_length_608_cov_3.829077	366	446	0	80	80	1.0000000
NODE_24251_length_608_cov_1.064833	472	512	0	40	40	1.0000000
NODE_24281_length_607_cov_61.316929	347	427	4	6	80	0.0750000
NODE_24281_length_607_cov_61.316929	347	427	6	33	80	0.4125000
NODE_24281_length_607_cov_61.316929	347	427	8	9	80	0.1125000
NODE_24281_length_607_cov_61.316929	347	427	9	32	80	0.4000000
NODE_24281_length_607_cov_61.316929	347	427	4	6	80	0.0750000
NODE_24281_length_607_cov_61.316929	347	427	6	33	80	0.4125000
NODE_24281_length_607_cov_61.316929	347	427	8	9	80	0.1125000
NODE_24281_length_607_cov_61.316929	347	427	9	32	80	0.4000000
NODE_24281_length_607_cov_61.316929	347	427	4	6	80	0.0750000
NODE_24281_length_607_cov_61.316929	347	427	6	33	80	0.4125000
NODE_24281_length_607_cov_61.316929	347	427	8	9	80	0.1125000
NODE_24281_length_607_cov_61.316929	347	427	9	32	80	0.4000000
NODE_24281_length_607_cov_61.316929	364	427	6	22	63	0.3492064
NODE_24281_length_607_cov_61.316929	364	427	8	9	63	0.1428571
NODE_24281_length_607_cov_61.316929	364	427	9	32	63	0.5079365
NODE_24281_length_607_cov_61.316929	400	480	6	7	80	0.0875000
NODE_24281_length_607_cov_61.316929	400	480	8	6	80	0.0750000
NODE_24281_length_607_cov_61.316929	400	480	9	35	80	0.4375000
NODE_24281_length_607_cov_61.316929	400	480	10	28	80	0.3500000
NODE_24281_length_607_cov_61.316929	400	480	12	4	80	0.0500000
NODE_24281_length_607_cov_61.316929	400	480	6	7	80	0.0875000
NODE_24281_length_607_cov_61.316929	400	480	8	6	80	0.0750000
NODE_24281_length_607_cov_61.316929	400	480	9	35	80	0.4375000
NODE_24281_length_607_cov_61.316929	400	480	10	28	80	0.3500000
NODE_24281_length_607_cov_61.316929	400	480	12	4	80	0.0500000
NODE_24281_length_607_cov_61.316929	400	480	6	7	80	0.0875000
NODE_24281_length_607_cov_61.316929	400	480	8	6	80	0.0750000
NODE_24281_length_607_cov_61.316929	400	480	9	35	80	0.4375000
NODE_24281_length_607_cov_61.316929	400	480	10	28	80	0.3500000
NODE_24281_length_607_cov_61.316929	400	480	12	4	80	0.0500000
NODE_24281_length_607_cov_61.316929	400	480	6	7	80	0.0875000
NODE_24281_length_607_cov_61.316929	400	480	8	6	80	0.0750000
NODE_24281_length_607_cov_61.316929	400	480	9	35	80	0.4375000
NODE_24281_length_607_cov_61.316929	400	480	10	28	80	0.3500000
NODE_24281_length_607_cov_61.316929	400	480	12	4	80	0.0500000
NODE_24281_length_607_cov_61.316929	476	556	6	2	80	0.0250000
NODE_24281_length_607_cov_61.316929	476	556	7	11	80	0.1375000
NODE_24281_length_607_cov_61.316929	476	556	8	11	80	0.1375000
NODE_24281_length_607_cov_61.316929	476	556	10	56	80	0.7000000
NODE_24281_length_607_cov_61.316929	476	556	6	2	80	0.0250000
NODE_24281_length_607_cov_61.316929	476	556	7	11	80	0.1375000
NODE_24281_length_607_cov_61.316929	476	556	8	11	80	0.1375000
NODE_24281_length_607_cov_61.316929	476	556	10	56	80	0.7000000
NODE_24281_length_607_cov_61.316929	476	556	6	2	80	0.0250000
NODE_24281_length_607_cov_61.316929	476	556	7	11	80	0.1375000
NODE_24281_length_607_cov_61.316929	476	556	8	11	80	0.1375000
NODE_24281_length_607_cov_61.316929	476	556	10	56	80	0.7000000
NODE_24281_length_607_cov_61.316929	529	595	2	10	66	0.1515152
NODE_24281_length_607_cov_61.316929	529	595	3	24	66	0.3636364
NODE_24281_length_607_cov_61.316929	529	595	5	4	66	0.0606061
NODE_24281_length_607_cov_61.316929	529	595	7	12	66	0.1818182
NODE_24281_length_607_cov_61.316929	529	595	8	3	66	0.0454545
NODE_24281_length_607_cov_61.316929	529	595	10	13	66	0.1969697
NODE_24281_length_607_cov_61.316929	529	607	0	3	78	0.0384615
NODE_24281_length_607_cov_61.316929	529	607	2	19	78	0.2435897
NODE_24281_length_607_cov_61.316929	529	607	3	24	78	0.3076923
NODE_24281_length_607_cov_61.316929	529	607	5	4	78	0.0512821
NODE_24281_length_607_cov_61.316929	529	607	7	12	78	0.1538462
NODE_24281_length_607_cov_61.316929	529	607	8	3	78	0.0384615
NODE_24281_length_607_cov_61.316929	529	607	10	13	78	0.1666667
NODE_24281_length_607_cov_61.316929	529	600	2	15	71	0.2112676
NODE_24281_length_607_cov_61.316929	529	600	3	24	71	0.3380282
NODE_24281_length_607_cov_61.316929	529	600	5	4	71	0.0563380
NODE_24281_length_607_cov_61.316929	529	600	7	12	71	0.1690141
NODE_24281_length_607_cov_61.316929	529	600	8	3	71	0.0422535
NODE_24281_length_607_cov_61.316929	529	600	10	13	71	0.1830986
NODE_24281_length_607_cov_61.316929	534	607	0	3	73	0.0410959
NODE_24281_length_607_cov_61.316929	534	607	2	19	73	0.2602740
NODE_24281_length_607_cov_61.316929	534	607	3	24	73	0.3287671
NODE_24281_length_607_cov_61.316929	534	607	5	4	73	0.0547945
NODE_24281_length_607_cov_61.316929	534	607	7	12	73	0.1643836
NODE_24281_length_607_cov_61.316929	534	607	8	3	73	0.0410959
NODE_24281_length_607_cov_61.316929	534	607	10	8	73	0.1095890
NODE_24282_length_607_cov_16.852362	383	463	8	80	80	1.0000000
NODE_24282_length_607_cov_16.852362	436	516	0	6	80	0.0750000
NODE_24282_length_607_cov_16.852362	436	516	4	25	80	0.3125000
NODE_24282_length_607_cov_16.852362	436	516	7	2	80	0.0250000
NODE_24282_length_607_cov_16.852362	436	516	8	47	80	0.5875000
NODE_24283_length_607_cov_12.889764	67	147	0	54	80	0.6750000
NODE_24283_length_607_cov_12.889764	67	147	2	26	80	0.3250000
NODE_24283_length_607_cov_12.889764	120	200	0	1	80	0.0125000
NODE_24283_length_607_cov_12.889764	120	200	2	71	80	0.8875000
NODE_24283_length_607_cov_12.889764	120	200	4	8	80	0.1000000
NODE_24284_length_607_cov_11.023622	122	202	2	39	80	0.4875000
NODE_24284_length_607_cov_11.023622	122	202	4	16	80	0.2000000
NODE_24284_length_607_cov_11.023622	122	202	6	25	80	0.3125000
NODE_24284_length_607_cov_11.023622	175	255	2	4	80	0.0500000
NODE_24284_length_607_cov_11.023622	175	255	4	20	80	0.2500000
NODE_24284_length_607_cov_11.023622	175	255	6	56	80	0.7000000
NODE_24285_length_607_cov_10.690945	199	279	2	24	80	0.3000000
NODE_24285_length_607_cov_10.690945	199	279	4	29	80	0.3625000
NODE_24285_length_607_cov_10.690945	199	279	8	27	80	0.3375000
NODE_24285_length_607_cov_10.690945	252	332	4	3	80	0.0375000
NODE_24285_length_607_cov_10.690945	252	332	6	44	80	0.5500000
NODE_24285_length_607_cov_10.690945	252	332	8	33	80	0.4125000
NODE_24290_length_607_cov_5.818898	301	386	0	85	85	1.0000000
NODE_24291_length_607_cov_5.771654	278	358	0	28	80	0.3500000
NODE_24291_length_607_cov_5.771654	278	358	2	52	80	0.6500000
NODE_24291_length_607_cov_5.771654	331	411	0	8	80	0.1000000
NODE_24291_length_607_cov_5.771654	331	411	2	72	80	0.9000000
NODE_24295_length_607_cov_4.816929	282	362	0	80	80	1.0000000
NODE_24295_length_607_cov_4.816929	335	415	0	80	80	1.0000000
NODE_24300_length_607_cov_4.015748	295	354	0	48	59	0.8135593
NODE_24300_length_607_cov_4.015748	295	354	2	11	59	0.1864407
NODE_24310_length_607_cov_3.088583	107	158	0	51	51	1.0000000
NODE_24331_length_607_cov_1.791339	204	247	2	43	43	1.0000000
NODE_24400_length_606_cov_42.264300	182	262	2	6	80	0.0750000
NODE_24400_length_606_cov_42.264300	182	262	4	74	80	0.9250000
NODE_24400_length_606_cov_42.264300	235	315	0	53	80	0.6625000
NODE_24400_length_606_cov_42.264300	235	315	2	6	80	0.0750000
NODE_24400_length_606_cov_42.264300	235	315	4	21	80	0.2625000
NODE_24402_length_606_cov_26.341223	371	451	0	7	80	0.0875000
NODE_24402_length_606_cov_26.341223	371	451	2	1	80	0.0125000
NODE_24402_length_606_cov_26.341223	371	451	3	6	80	0.0750000
NODE_24402_length_606_cov_26.341223	371	451	4	66	80	0.8250000
NODE_24402_length_606_cov_26.341223	424	504	0	60	80	0.7500000
NODE_24402_length_606_cov_26.341223	424	504	2	1	80	0.0125000
NODE_24402_length_606_cov_26.341223	424	504	3	6	80	0.0750000
NODE_24402_length_606_cov_26.341223	424	504	4	13	80	0.1625000
NODE_24403_length_606_cov_14.895464	308	388	2	80	80	1.0000000
NODE_24403_length_606_cov_14.895464	361	441	0	14	80	0.1750000
NODE_24403_length_606_cov_14.895464	361	441	2	66	80	0.8250000
NODE_24406_length_606_cov_7.934911	412	492	0	80	80	1.0000000
NODE_24406_length_606_cov_7.934911	465	545	0	80	80	1.0000000
NODE_24407_length_606_cov_7.481262	250	330	4	33	80	0.4125000
NODE_24407_length_606_cov_7.481262	250	330	11	1	80	0.0125000
NODE_24407_length_606_cov_7.481262	250	330	12	46	80	0.5750000
NODE_24407_length_606_cov_7.481262	303	383	2	2	80	0.0250000
NODE_24407_length_606_cov_7.481262	303	383	8	21	80	0.2625000
NODE_24407_length_606_cov_7.481262	303	383	10	29	80	0.3625000
NODE_24407_length_606_cov_7.481262	303	383	12	28	80	0.3500000
NODE_24409_length_606_cov_6.842209	139	219	0	20	80	0.2500000
NODE_24409_length_606_cov_6.842209	139	219	2	60	80	0.7500000
NODE_24409_length_606_cov_6.842209	192	272	2	80	80	1.0000000
NODE_24428_length_606_cov_3.384615	156	206	4	50	50	1.0000000
NODE_24433_length_606_cov_2.670611	113	193	2	18	80	0.2250000
NODE_24433_length_606_cov_2.670611	113	193	4	62	80	0.7750000
NODE_24525_length_605_cov_63.343874	7	83	0	2	76	0.0263158
NODE_24525_length_605_cov_63.343874	7	83	1	3	76	0.0394737
NODE_24525_length_605_cov_63.343874	7	83	3	40	76	0.5263158
NODE_24525_length_605_cov_63.343874	7	83	4	13	76	0.1710526
NODE_24525_length_605_cov_63.343874	7	83	8	1	76	0.0131579
NODE_24525_length_605_cov_63.343874	7	83	10	11	76	0.1447368
NODE_24525_length_605_cov_63.343874	7	83	15	1	76	0.0131579
NODE_24525_length_605_cov_63.343874	7	83	16	2	76	0.0263158
NODE_24525_length_605_cov_63.343874	7	83	22	3	76	0.0394737
NODE_24525_length_605_cov_63.343874	12	83	3	40	71	0.5633803
NODE_24525_length_605_cov_63.343874	12	83	4	13	71	0.1830986
NODE_24525_length_605_cov_63.343874	12	83	8	1	71	0.0140845
NODE_24525_length_605_cov_63.343874	12	83	10	11	71	0.1549296
NODE_24525_length_605_cov_63.343874	12	83	15	1	71	0.0140845
NODE_24525_length_605_cov_63.343874	12	83	16	2	71	0.0281690
NODE_24525_length_605_cov_63.343874	12	83	22	3	71	0.0422535
NODE_24525_length_605_cov_63.343874	17	83	3	35	66	0.5303030
NODE_24525_length_605_cov_63.343874	17	83	4	13	66	0.1969697
NODE_24525_length_605_cov_63.343874	17	83	8	1	66	0.0151515
NODE_24525_length_605_cov_63.343874	17	83	10	11	66	0.1666667
NODE_24525_length_605_cov_63.343874	17	83	15	1	66	0.0151515
NODE_24525_length_605_cov_63.343874	17	83	16	2	66	0.0303030
NODE_24525_length_605_cov_63.343874	17	83	22	3	66	0.0454545
NODE_24525_length_605_cov_63.343874	56	136	4	9	80	0.1125000
NODE_24525_length_605_cov_63.343874	56	136	8	1	80	0.0125000
NODE_24525_length_605_cov_63.343874	56	136	10	11	80	0.1375000
NODE_24525_length_605_cov_63.343874	56	136	15	1	80	0.0125000
NODE_24525_length_605_cov_63.343874	56	136	16	2	80	0.0250000
NODE_24525_length_605_cov_63.343874	56	136	22	36	80	0.4500000
NODE_24525_length_605_cov_63.343874	56	136	24	8	80	0.1000000
NODE_24525_length_605_cov_63.343874	56	136	25	1	80	0.0125000
NODE_24525_length_605_cov_63.343874	56	136	26	11	80	0.1375000
NODE_24525_length_605_cov_63.343874	56	136	4	9	80	0.1125000
NODE_24525_length_605_cov_63.343874	56	136	8	1	80	0.0125000
NODE_24525_length_605_cov_63.343874	56	136	10	11	80	0.1375000
NODE_24525_length_605_cov_63.343874	56	136	15	1	80	0.0125000
NODE_24525_length_605_cov_63.343874	56	136	16	2	80	0.0250000
NODE_24525_length_605_cov_63.343874	56	136	22	36	80	0.4500000
NODE_24525_length_605_cov_63.343874	56	136	24	8	80	0.1000000
NODE_24525_length_605_cov_63.343874	56	136	25	1	80	0.0125000
NODE_24525_length_605_cov_63.343874	56	136	26	11	80	0.1375000
NODE_24525_length_605_cov_63.343874	56	136	4	9	80	0.1125000
NODE_24525_length_605_cov_63.343874	56	136	8	1	80	0.0125000
NODE_24525_length_605_cov_63.343874	56	136	10	11	80	0.1375000
NODE_24525_length_605_cov_63.343874	56	136	15	1	80	0.0125000
NODE_24525_length_605_cov_63.343874	56	136	16	2	80	0.0250000
NODE_24525_length_605_cov_63.343874	56	136	22	36	80	0.4500000
NODE_24525_length_605_cov_63.343874	56	136	24	8	80	0.1000000
NODE_24525_length_605_cov_63.343874	56	136	25	1	80	0.0125000
NODE_24525_length_605_cov_63.343874	56	136	26	11	80	0.1375000
NODE_24525_length_605_cov_63.343874	132	212	19	10	80	0.1250000
NODE_24525_length_605_cov_63.343874	132	212	20	5	80	0.0625000
NODE_24525_length_605_cov_63.343874	132	212	26	34	80	0.4250000
NODE_24525_length_605_cov_63.343874	132	212	28	10	80	0.1250000
NODE_24525_length_605_cov_63.343874	132	212	29	2	80	0.0250000
NODE_24525_length_605_cov_63.343874	132	212	30	11	80	0.1375000
NODE_24525_length_605_cov_63.343874	132	212	32	8	80	0.1000000
NODE_24525_length_605_cov_63.343874	132	212	19	10	80	0.1250000
NODE_24525_length_605_cov_63.343874	132	212	20	5	80	0.0625000
NODE_24525_length_605_cov_63.343874	132	212	26	34	80	0.4250000
NODE_24525_length_605_cov_63.343874	132	212	28	10	80	0.1250000
NODE_24525_length_605_cov_63.343874	132	212	29	2	80	0.0250000
NODE_24525_length_605_cov_63.343874	132	212	30	11	80	0.1375000
NODE_24525_length_605_cov_63.343874	132	212	32	8	80	0.1000000
NODE_24525_length_605_cov_63.343874	132	210	19	8	78	0.1025641
NODE_24525_length_605_cov_63.343874	132	210	20	5	78	0.0641026
NODE_24525_length_605_cov_63.343874	132	210	26	34	78	0.4358974
NODE_24525_length_605_cov_63.343874	132	210	28	10	78	0.1282051
NODE_24525_length_605_cov_63.343874	132	210	29	2	78	0.0256410
NODE_24525_length_605_cov_63.343874	132	210	30	11	78	0.1410256
NODE_24525_length_605_cov_63.343874	132	210	32	8	78	0.1025641
NODE_24525_length_605_cov_63.343874	132	212	19	10	80	0.1250000
NODE_24525_length_605_cov_63.343874	132	212	20	5	80	0.0625000
NODE_24525_length_605_cov_63.343874	132	212	26	34	80	0.4250000
NODE_24525_length_605_cov_63.343874	132	212	28	10	80	0.1250000
NODE_24525_length_605_cov_63.343874	132	212	29	2	80	0.0250000
NODE_24525_length_605_cov_63.343874	132	212	30	11	80	0.1375000
NODE_24525_length_605_cov_63.343874	132	212	32	8	80	0.1000000
NODE_24525_length_605_cov_63.343874	132	212	19	10	80	0.1250000
NODE_24525_length_605_cov_63.343874	132	212	20	5	80	0.0625000
NODE_24525_length_605_cov_63.343874	132	212	26	34	80	0.4250000
NODE_24525_length_605_cov_63.343874	132	212	28	10	80	0.1250000
NODE_24525_length_605_cov_63.343874	132	212	29	2	80	0.0250000
NODE_24525_length_605_cov_63.343874	132	212	30	11	80	0.1375000
NODE_24525_length_605_cov_63.343874	132	212	32	8	80	0.1000000
NODE_24525_length_605_cov_63.343874	185	265	7	15	80	0.1875000
NODE_24525_length_605_cov_63.343874	185	265	9	13	80	0.1625000
NODE_24525_length_605_cov_63.343874	185	265	11	10	80	0.1250000
NODE_24525_length_605_cov_63.343874	185	265	17	2	80	0.0250000
NODE_24525_length_605_cov_63.343874	185	265	19	23	80	0.2875000
NODE_24525_length_605_cov_63.343874	185	265	20	5	80	0.0625000
NODE_24525_length_605_cov_63.343874	185	265	26	12	80	0.1500000
NODE_24526_length_605_cov_48.191700	298	374	4	76	76	1.0000000
NODE_24526_length_605_cov_48.191700	347	427	2	50	80	0.6250000
NODE_24526_length_605_cov_48.191700	347	427	4	30	80	0.3750000
NODE_24528_length_605_cov_33.328063	57	137	25	3	80	0.0375000
NODE_24528_length_605_cov_33.328063	57	137	29	1	80	0.0125000
NODE_24528_length_605_cov_33.328063	57	137	31	9	80	0.1125000
NODE_24528_length_605_cov_33.328063	57	137	33	1	80	0.0125000
NODE_24528_length_605_cov_33.328063	57	137	35	4	80	0.0500000
NODE_24528_length_605_cov_33.328063	57	137	37	16	80	0.2000000
NODE_24528_length_605_cov_33.328063	57	137	39	5	80	0.0625000
NODE_24528_length_605_cov_33.328063	57	137	41	7	80	0.0875000
NODE_24528_length_605_cov_33.328063	57	137	43	6	80	0.0750000
NODE_24528_length_605_cov_33.328063	57	137	45	14	80	0.1750000
NODE_24528_length_605_cov_33.328063	57	137	47	14	80	0.1750000
NODE_24528_length_605_cov_33.328063	140	175	40	1	35	0.0285714
NODE_24528_length_605_cov_33.328063	140	175	42	2	35	0.0571429
NODE_24528_length_605_cov_33.328063	140	175	43	5	35	0.1428571
NODE_24528_length_605_cov_33.328063	140	175	44	6	35	0.1714286
NODE_24528_length_605_cov_33.328063	140	175	46	4	35	0.1142857
NODE_24528_length_605_cov_33.328063	140	175	47	1	35	0.0285714
NODE_24528_length_605_cov_33.328063	140	175	48	8	35	0.2285714
NODE_24528_length_605_cov_33.328063	140	175	50	3	35	0.0857143
NODE_24528_length_605_cov_33.328063	140	175	52	5	35	0.1428571
NODE_24529_length_605_cov_26.717391	353	433	0	80	80	1.0000000
NODE_24529_length_605_cov_26.717391	406	486	0	80	80	1.0000000
NODE_24530_length_605_cov_17.677866	215	295	0	50	80	0.6250000
NODE_24530_length_605_cov_17.677866	215	295	2	30	80	0.3750000
NODE_24530_length_605_cov_17.677866	268	348	2	80	80	1.0000000
NODE_24531_length_605_cov_15.225296	144	224	4	50	80	0.6250000
NODE_24531_length_605_cov_15.225296	144	224	6	30	80	0.3750000
NODE_24531_length_605_cov_15.225296	197	277	2	12	80	0.1500000
NODE_24531_length_605_cov_15.225296	197	277	4	68	80	0.8500000
NODE_24532_length_605_cov_14.990119	136	216	0	6	80	0.0750000
NODE_24532_length_605_cov_14.990119	136	216	11	51	80	0.6375000
NODE_24532_length_605_cov_14.990119	136	216	15	1	80	0.0125000
NODE_24532_length_605_cov_14.990119	136	216	16	22	80	0.2750000
NODE_24532_length_605_cov_14.990119	189	269	4	31	80	0.3875000
NODE_24532_length_605_cov_14.990119	189	269	11	4	80	0.0500000
NODE_24532_length_605_cov_14.990119	189	269	15	1	80	0.0125000
NODE_24532_length_605_cov_14.990119	189	269	16	44	80	0.5500000
NODE_24533_length_605_cov_10.835968	103	183	0	74	80	0.9250000
NODE_24533_length_605_cov_10.835968	103	183	2	6	80	0.0750000
NODE_24533_length_605_cov_10.835968	156	236	0	21	80	0.2625000
NODE_24533_length_605_cov_10.835968	156	236	2	59	80	0.7375000
NODE_24534_length_605_cov_9.169960	306	377	0	6	71	0.0845070
NODE_24534_length_605_cov_9.169960	306	377	2	1	71	0.0140845
NODE_24534_length_605_cov_9.169960	306	377	4	64	71	0.9014084
NODE_24534_length_605_cov_9.169960	359	432	4	36	73	0.4931507
NODE_24534_length_605_cov_9.169960	359	432	6	37	73	0.5068493
NODE_24546_length_605_cov_4.308300	159	239	0	1	80	0.0125000
NODE_24546_length_605_cov_4.308300	159	239	2	79	80	0.9875000
NODE_24546_length_605_cov_4.308300	271	338	4	42	67	0.6268657
NODE_24546_length_605_cov_4.308300	271	338	6	25	67	0.3731343
NODE_24546_length_605_cov_4.308300	275	350	2	1	75	0.0133333
NODE_24546_length_605_cov_4.308300	275	350	4	53	75	0.7066666
NODE_24546_length_605_cov_4.308300	275	350	6	21	75	0.2800000
NODE_24546_length_605_cov_4.308300	315	372	0	10	57	0.1754386
NODE_24546_length_605_cov_4.308300	315	372	2	13	57	0.2280702
NODE_24546_length_605_cov_4.308300	315	372	4	34	57	0.5964912
NODE_24546_length_605_cov_4.308300	328	373	0	11	45	0.2444444
NODE_24546_length_605_cov_4.308300	328	373	2	13	45	0.2888889
NODE_24546_length_605_cov_4.308300	328	373	4	21	45	0.4666667
NODE_24558_length_605_cov_3.120553	216	287	0	71	71	1.0000000
NODE_24561_length_605_cov_2.909091	408	487	2	2	79	0.0253165
NODE_24561_length_605_cov_2.909091	408	487	4	77	79	0.9746835
NODE_24577_length_605_cov_1.897233	230	273	0	3	43	0.0697674
NODE_24577_length_605_cov_1.897233	230	273	4	40	43	0.9302326
NODE_24603_length_605_cov_1.339921	168	210	4	42	42	1.0000000
NODE_24636_length_604_cov_30.411881	93	173	0	1	80	0.0125000
NODE_24636_length_604_cov_30.411881	93	173	2	79	80	0.9875000
NODE_24636_length_604_cov_30.411881	146	226	0	16	80	0.2000000
NODE_24636_length_604_cov_30.411881	146	226	2	64	80	0.8000000
NODE_24637_length_604_cov_20.099010	414	494	0	80	80	1.0000000
NODE_24637_length_604_cov_20.099010	467	547	0	80	80	1.0000000
NODE_24639_length_604_cov_10.291089	184	264	1	12	80	0.1500000
NODE_24639_length_604_cov_10.291089	184	264	2	68	80	0.8500000
NODE_24639_length_604_cov_10.291089	237	317	0	43	80	0.5375000
NODE_24639_length_604_cov_10.291089	237	317	1	22	80	0.2750000
NODE_24639_length_604_cov_10.291089	237	317	2	15	80	0.1875000
NODE_24646_length_604_cov_6.033663	265	345	6	80	80	1.0000000
NODE_24646_length_604_cov_6.033663	318	397	6	37	79	0.4683544
NODE_24646_length_604_cov_6.033663	318	397	8	34	79	0.4303797
NODE_24646_length_604_cov_6.033663	318	397	10	8	79	0.1012658
NODE_24654_length_604_cov_4.316832	40	106	0	66	66	1.0000000
NODE_24654_length_604_cov_4.316832	377	435	0	58	58	1.0000000
NODE_24692_length_604_cov_1.805941	299	380	0	81	81	1.0000000
NODE_24692_length_604_cov_1.805941	353	433	0	80	80	1.0000000
NODE_24732_length_603_cov_18.761905	108	188	2	80	80	1.0000000
NODE_24732_length_603_cov_18.761905	161	241	0	44	80	0.5500000
NODE_24732_length_603_cov_18.761905	161	241	2	36	80	0.4500000
NODE_24734_length_603_cov_8.996032	163	243	4	29	80	0.3625000
NODE_24734_length_603_cov_8.996032	163	243	8	19	80	0.2375000
NODE_24734_length_603_cov_8.996032	163	243	9	32	80	0.4000000
NODE_24734_length_603_cov_8.996032	216	296	4	13	80	0.1625000
NODE_24734_length_603_cov_8.996032	216	296	5	18	80	0.2250000
NODE_24734_length_603_cov_8.996032	216	296	8	37	80	0.4625000
NODE_24734_length_603_cov_8.996032	216	296	9	12	80	0.1500000
NODE_24735_length_603_cov_8.970238	413	493	3	80	80	1.0000000
NODE_24736_length_603_cov_7.212302	324	404	0	71	80	0.8875000
NODE_24736_length_603_cov_7.212302	324	404	2	9	80	0.1125000
NODE_24736_length_603_cov_7.212302	377	457	0	29	80	0.3625000
NODE_24736_length_603_cov_7.212302	377	457	2	51	80	0.6375000
NODE_24739_length_603_cov_5.831349	351	385	0	34	34	1.0000000
NODE_24744_length_603_cov_4.744048	103	183	0	36	80	0.4500000
NODE_24744_length_603_cov_4.744048	103	183	4	44	80	0.5500000
NODE_24744_length_603_cov_4.744048	156	236	4	80	80	1.0000000
NODE_24748_length_603_cov_4.115079	219	259	0	40	40	1.0000000
NODE_24755_length_603_cov_3.269841	186	223	2	37	37	1.0000000
NODE_24755_length_603_cov_3.269841	196	276	0	12	80	0.1500000
NODE_24755_length_603_cov_3.269841	196	276	2	68	80	0.8500000
NODE_24755_length_603_cov_3.269841	367	441	0	74	74	1.0000000
NODE_24843_length_602_cov_33.208748	106	186	2	28	80	0.3500000
NODE_24843_length_602_cov_33.208748	106	186	4	6	80	0.0750000
NODE_24843_length_602_cov_33.208748	106	186	6	46	80	0.5750000
NODE_24843_length_602_cov_33.208748	159	239	0	16	80	0.2000000
NODE_24843_length_602_cov_33.208748	159	239	2	24	80	0.3000000
NODE_24843_length_602_cov_33.208748	159	239	6	40	80	0.5000000
NODE_24844_length_602_cov_28.922465	319	399	0	55	80	0.6875000
NODE_24844_length_602_cov_28.922465	319	399	2	25	80	0.3125000
NODE_24844_length_602_cov_28.922465	372	452	0	2	80	0.0250000
NODE_24844_length_602_cov_28.922465	372	452	2	78	80	0.9750000
NODE_24846_length_602_cov_10.930417	248	328	0	80	80	1.0000000
NODE_24846_length_602_cov_10.930417	301	381	0	80	80	1.0000000
NODE_24847_length_602_cov_10.447316	148	207	0	18	59	0.3050847
NODE_24847_length_602_cov_10.447316	148	207	4	13	59	0.2203390
NODE_24847_length_602_cov_10.447316	148	207	6	16	59	0.2711864
NODE_24847_length_602_cov_10.447316	148	207	10	3	59	0.0508475
NODE_24847_length_602_cov_10.447316	148	207	12	9	59	0.1525424
NODE_24847_length_602_cov_10.447316	181	207	6	14	26	0.5384616
NODE_24847_length_602_cov_10.447316	181	207	10	3	26	0.1153846
NODE_24847_length_602_cov_10.447316	181	207	12	9	26	0.3461539
NODE_24847_length_602_cov_10.447316	259	291	18	7	32	0.2187500
NODE_24847_length_602_cov_10.447316	259	291	20	25	32	0.7812500
NODE_24851_length_602_cov_7.787276	544	565	0	21	21	1.0000000
NODE_24875_length_602_cov_3.332008	157	239	2	82	82	1.0000000
NODE_24957_length_601_cov_14.952191	183	263	0	80	80	1.0000000
NODE_24957_length_601_cov_14.952191	236	316	0	80	80	1.0000000
NODE_24958_length_601_cov_14.747012	324	404	2	21	80	0.2625000
NODE_24958_length_601_cov_14.747012	324	404	4	16	80	0.2000000
NODE_24958_length_601_cov_14.747012	324	404	6	43	80	0.5375000
NODE_24958_length_601_cov_14.747012	377	457	0	5	80	0.0625000
NODE_24958_length_601_cov_14.747012	377	457	2	8	80	0.1000000
NODE_24958_length_601_cov_14.747012	377	457	3	3	80	0.0375000
NODE_24958_length_601_cov_14.747012	377	457	5	26	80	0.3250000
NODE_24958_length_601_cov_14.747012	377	457	6	38	80	0.4750000
NODE_24959_length_601_cov_11.561753	226	306	10	10	80	0.1250000
NODE_24959_length_601_cov_11.561753	226	306	12	70	80	0.8750000
NODE_24959_length_601_cov_11.561753	279	359	0	8	80	0.1000000
NODE_24959_length_601_cov_11.561753	279	359	4	15	80	0.1875000
NODE_24959_length_601_cov_11.561753	279	359	6	1	80	0.0125000
NODE_24959_length_601_cov_11.561753	279	359	8	1	80	0.0125000
NODE_24959_length_601_cov_11.561753	279	359	10	24	80	0.3000000
NODE_24959_length_601_cov_11.561753	279	359	12	31	80	0.3875000
NODE_24960_length_601_cov_10.826693	320	388	2	34	68	0.5000000
NODE_24960_length_601_cov_10.826693	320	388	4	11	68	0.1617647
NODE_24960_length_601_cov_10.826693	320	388	10	23	68	0.3382353
NODE_24961_length_601_cov_10.392430	243	323	0	80	80	1.0000000
NODE_24961_length_601_cov_10.392430	296	375	0	79	79	1.0000000
NODE_24965_length_601_cov_7.037849	236	316	0	80	80	1.0000000
NODE_24965_length_601_cov_7.037849	289	369	0	80	80	1.0000000
NODE_24969_length_601_cov_5.798805	290	361	16	2	71	0.0281690
NODE_24969_length_601_cov_5.798805	290	361	20	3	71	0.0422535
NODE_24969_length_601_cov_5.798805	290	361	22	7	71	0.0985916
NODE_24969_length_601_cov_5.798805	290	361	24	14	71	0.1971831
NODE_24969_length_601_cov_5.798805	290	361	26	17	71	0.2394366
NODE_24969_length_601_cov_5.798805	290	361	28	28	71	0.3943662
NODE_24970_length_601_cov_5.657371	228	308	2	80	80	1.0000000
NODE_24973_length_601_cov_5.039841	395	462	0	67	67	1.0000000
NODE_24975_length_601_cov_4.735060	184	247	0	63	63	1.0000000
NODE_24995_length_601_cov_2.599602	371	430	0	59	59	1.0000000
NODE_24995_length_601_cov_2.599602	441	494	0	50	53	0.9433962
NODE_24995_length_601_cov_2.599602	441	494	2	3	53	0.0566038
NODE_25090_length_600_cov_6.341317	125	147	4	22	22	1.0000000
NODE_25103_length_600_cov_3.754491	142	222	17	2	80	0.0250000
NODE_25103_length_600_cov_3.754491	142	222	25	5	80	0.0625000
NODE_25103_length_600_cov_3.754491	142	222	27	1	80	0.0125000
NODE_25103_length_600_cov_3.754491	142	222	29	11	80	0.1375000
NODE_25103_length_600_cov_3.754491	142	222	30	4	80	0.0500000
NODE_25103_length_600_cov_3.754491	142	222	31	3	80	0.0375000
NODE_25103_length_600_cov_3.754491	142	222	32	13	80	0.1625000
NODE_25103_length_600_cov_3.754491	142	222	33	15	80	0.1875000
NODE_25103_length_600_cov_3.754491	142	222	34	3	80	0.0375000
NODE_25103_length_600_cov_3.754491	142	222	35	23	80	0.2875000
NODE_25126_length_600_cov_2.081836	282	328	0	46	46	1.0000000
NODE_25141_length_600_cov_1.728543	381	423	4	3	42	0.0714286
NODE_25141_length_600_cov_1.728543	381	423	6	39	42	0.9285714
NODE_25190_length_599_cov_36.488000	25	105	22	5	80	0.0625000
NODE_25190_length_599_cov_36.488000	25	105	23	2	80	0.0250000
NODE_25190_length_599_cov_36.488000	25	105	26	3	80	0.0375000
NODE_25190_length_599_cov_36.488000	25	105	28	52	80	0.6500000
NODE_25190_length_599_cov_36.488000	25	105	30	4	80	0.0500000
NODE_25190_length_599_cov_36.488000	25	105	31	5	80	0.0625000
NODE_25190_length_599_cov_36.488000	25	105	32	9	80	0.1125000
NODE_25191_length_599_cov_27.870000	255	335	6	21	80	0.2625000
NODE_25191_length_599_cov_27.870000	255	335	8	29	80	0.3625000
NODE_25191_length_599_cov_27.870000	255	335	10	30	80	0.3750000
NODE_25191_length_599_cov_27.870000	308	388	2	21	80	0.2625000
NODE_25191_length_599_cov_27.870000	308	388	4	29	80	0.3625000
NODE_25191_length_599_cov_27.870000	308	388	6	17	80	0.2125000
NODE_25191_length_599_cov_27.870000	308	388	8	13	80	0.1625000
NODE_25192_length_599_cov_22.640000	229	309	0	80	80	1.0000000
NODE_25192_length_599_cov_22.640000	229	309	0	80	80	1.0000000
NODE_25192_length_599_cov_22.640000	229	309	0	80	80	1.0000000
NODE_25192_length_599_cov_22.640000	229	309	0	80	80	1.0000000
NODE_25192_length_599_cov_22.640000	229	309	0	80	80	1.0000000
NODE_25192_length_599_cov_22.640000	282	362	0	80	80	1.0000000
NODE_25192_length_599_cov_22.640000	282	362	0	80	80	1.0000000
NODE_25192_length_599_cov_22.640000	282	353	0	71	71	1.0000000
NODE_25192_length_599_cov_22.640000	285	355	0	70	70	1.0000000
NODE_25192_length_599_cov_22.640000	287	362	0	75	75	1.0000000
NODE_25193_length_599_cov_14.618000	279	359	2	50	80	0.6250000
NODE_25193_length_599_cov_14.618000	279	359	6	30	80	0.3750000
NODE_25193_length_599_cov_14.618000	332	412	6	80	80	1.0000000
NODE_25195_length_599_cov_10.308000	245	325	0	17	80	0.2125000
NODE_25195_length_599_cov_10.308000	245	325	4	63	80	0.7875000
NODE_25195_length_599_cov_10.308000	298	378	0	5	80	0.0625000
NODE_25195_length_599_cov_10.308000	298	378	4	75	80	0.9375000
NODE_25196_length_599_cov_9.224000	160	240	2	1	80	0.0125000
NODE_25196_length_599_cov_9.224000	160	240	6	16	80	0.2000000
NODE_25196_length_599_cov_9.224000	160	240	8	63	80	0.7875000
NODE_25196_length_599_cov_9.224000	213	297	0	23	84	0.2738095
NODE_25196_length_599_cov_9.224000	213	297	2	35	84	0.4166667
NODE_25196_length_599_cov_9.224000	213	297	8	26	84	0.3095238
NODE_25201_length_599_cov_5.536000	58	112	0	54	54	1.0000000
NODE_25208_length_599_cov_3.810000	271	334	0	8	63	0.1269841
NODE_25208_length_599_cov_3.810000	271	334	2	55	63	0.8730159
NODE_25208_length_599_cov_3.810000	324	390	0	9	66	0.1363636
NODE_25208_length_599_cov_3.810000	324	390	2	57	66	0.8636364
NODE_25211_length_599_cov_3.598000	238	318	2	2	80	0.0250000
NODE_25211_length_599_cov_3.598000	238	318	4	7	80	0.0875000
NODE_25211_length_599_cov_3.598000	238	318	8	71	80	0.8875000
NODE_25211_length_599_cov_3.598000	291	371	0	13	80	0.1625000
NODE_25211_length_599_cov_3.598000	291	371	4	13	80	0.1625000
NODE_25211_length_599_cov_3.598000	291	371	6	8	80	0.1000000
NODE_25211_length_599_cov_3.598000	291	371	8	46	80	0.5750000
NODE_25308_length_598_cov_54.450902	264	344	3	62	80	0.7750000
NODE_25308_length_598_cov_54.450902	264	344	4	18	80	0.2250000
NODE_25308_length_598_cov_54.450902	317	397	0	50	80	0.6250000
NODE_25308_length_598_cov_54.450902	317	397	3	30	80	0.3750000
NODE_25309_length_598_cov_8.326653	204	284	9	13	80	0.1625000
NODE_25309_length_598_cov_8.326653	204	284	11	9	80	0.1125000
NODE_25309_length_598_cov_8.326653	204	284	14	5	80	0.0625000
NODE_25309_length_598_cov_8.326653	204	284	16	13	80	0.1625000
NODE_25309_length_598_cov_8.326653	204	284	17	40	80	0.5000000
NODE_25309_length_598_cov_8.326653	257	337	0	47	80	0.5875000
NODE_25309_length_598_cov_8.326653	257	337	17	33	80	0.4125000
NODE_25316_length_598_cov_5.623246	169	240	2	20	71	0.2816902
NODE_25316_length_598_cov_5.623246	169	240	6	51	71	0.7183099
NODE_25320_length_598_cov_4.929860	73	153	0	80	80	1.0000000
NODE_25320_length_598_cov_4.929860	126	206	0	80	80	1.0000000
NODE_25421_length_597_cov_15.142570	197	277	2	80	80	1.0000000
NODE_25421_length_597_cov_15.142570	250	330	0	37	80	0.4625000
NODE_25421_length_597_cov_15.142570	250	330	2	43	80	0.5375000
NODE_25422_length_597_cov_12.387550	118	198	0	80	80	1.0000000
NODE_25422_length_597_cov_12.387550	171	251	0	80	80	1.0000000
NODE_25423_length_597_cov_7.016064	213	293	0	80	80	1.0000000
NODE_25423_length_597_cov_7.016064	266	346	0	80	80	1.0000000
NODE_25426_length_597_cov_6.212851	374	449	0	75	75	1.0000000
NODE_25434_length_597_cov_4.273092	368	448	4	3	80	0.0375000
NODE_25434_length_597_cov_4.273092	368	448	6	33	80	0.4125000
NODE_25434_length_597_cov_4.273092	368	448	8	44	80	0.5500000
NODE_25434_length_597_cov_4.273092	421	507	0	52	86	0.6046512
NODE_25434_length_597_cov_4.273092	421	507	4	4	86	0.0465116
NODE_25434_length_597_cov_4.273092	421	507	6	30	86	0.3488372
NODE_25464_length_597_cov_2.162651	92	172	0	80	80	1.0000000
NODE_25464_length_597_cov_2.162651	145	225	0	80	80	1.0000000
NODE_25467_length_597_cov_2.096386	440	509	0	34	69	0.4927536
NODE_25467_length_597_cov_2.096386	440	509	1	1	69	0.0144928
NODE_25467_length_597_cov_2.096386	440	509	2	34	69	0.4927536
NODE_25469_length_597_cov_1.977912	392	472	8	17	80	0.2125000
NODE_25469_length_597_cov_1.977912	392	472	10	63	80	0.7875000
NODE_25469_length_597_cov_1.977912	437	494	2	11	57	0.1929825
NODE_25469_length_597_cov_1.977912	437	494	4	10	57	0.1754386
NODE_25469_length_597_cov_1.977912	437	494	8	18	57	0.3157895
NODE_25469_length_597_cov_1.977912	437	494	10	18	57	0.3157895
NODE_25469_length_597_cov_1.977912	445	525	0	31	80	0.3875000
NODE_25469_length_597_cov_1.977912	445	525	2	11	80	0.1375000
NODE_25469_length_597_cov_1.977912	445	525	4	10	80	0.1250000
NODE_25469_length_597_cov_1.977912	445	525	8	18	80	0.2250000
NODE_25469_length_597_cov_1.977912	445	525	10	10	80	0.1250000
NODE_25552_length_596_cov_32.293763	221	301	0	24	80	0.3000000
NODE_25552_length_596_cov_32.293763	221	301	4	56	80	0.7000000
NODE_25552_length_596_cov_32.293763	274	354	4	31	80	0.3875000
NODE_25552_length_596_cov_32.293763	274	354	6	16	80	0.2000000
NODE_25552_length_596_cov_32.293763	274	354	8	33	80	0.4125000
NODE_25552_length_596_cov_32.293763	351	406	0	2	55	0.0363636
NODE_25552_length_596_cov_32.293763	351	406	4	44	55	0.8000000
NODE_25552_length_596_cov_32.293763	351	406	6	9	55	0.1636364
NODE_25552_length_596_cov_32.293763	381	459	0	55	78	0.7051282
NODE_25552_length_596_cov_32.293763	381	459	4	23	78	0.2948718
NODE_25553_length_596_cov_26.891348	199	279	4	80	80	1.0000000
NODE_25553_length_596_cov_26.891348	252	332	0	50	80	0.6250000
NODE_25553_length_596_cov_26.891348	252	332	4	30	80	0.3750000
NODE_25554_length_596_cov_17.082495	179	259	0	14	80	0.1750000
NODE_25554_length_596_cov_17.082495	179	259	4	66	80	0.8250000
NODE_25554_length_596_cov_17.082495	232	312	0	7	80	0.0875000
NODE_25554_length_596_cov_17.082495	232	312	4	73	80	0.9125000
NODE_25555_length_596_cov_10.372233	354	434	0	80	80	1.0000000
NODE_25555_length_596_cov_10.372233	407	487	0	80	80	1.0000000
NODE_25557_length_596_cov_6.955734	142	222	0	80	80	1.0000000
NODE_25558_length_596_cov_6.225352	242	322	0	26	80	0.3250000
NODE_25558_length_596_cov_6.225352	242	322	2	54	80	0.6750000
NODE_25558_length_596_cov_6.225352	308	375	0	11	67	0.1641791
NODE_25558_length_596_cov_6.225352	308	375	2	56	67	0.8358209
NODE_25567_length_596_cov_4.197183	369	444	6	29	75	0.3866667
NODE_25567_length_596_cov_4.197183	369	444	8	9	75	0.1200000
NODE_25567_length_596_cov_4.197183	369	444	10	37	75	0.4933333
NODE_25593_length_596_cov_2.066398	534	583	0	49	49	1.0000000
NODE_25666_length_595_cov_52.532258	248	328	10	46	80	0.5750000
NODE_25666_length_595_cov_52.532258	248	328	12	32	80	0.4000000
NODE_25666_length_595_cov_52.532258	248	328	14	2	80	0.0250000
NODE_25666_length_595_cov_52.532258	301	381	2	16	80	0.2000000
NODE_25666_length_595_cov_52.532258	301	381	4	1	80	0.0125000
NODE_25666_length_595_cov_52.532258	301	381	9	1	80	0.0125000
NODE_25666_length_595_cov_52.532258	301	381	10	51	80	0.6375000
NODE_25666_length_595_cov_52.532258	301	381	12	9	80	0.1125000
NODE_25666_length_595_cov_52.532258	301	381	14	2	80	0.0250000
NODE_25667_length_595_cov_38.584677	122	202	0	55	80	0.6875000
NODE_25667_length_595_cov_38.584677	122	202	2	25	80	0.3125000
NODE_25667_length_595_cov_38.584677	175	255	0	2	80	0.0250000
NODE_25667_length_595_cov_38.584677	175	255	2	78	80	0.9750000
NODE_25669_length_595_cov_10.576613	323	403	6	11	80	0.1375000
NODE_25669_length_595_cov_10.576613	323	403	10	3	80	0.0375000
NODE_25669_length_595_cov_10.576613	323	403	12	23	80	0.2875000
NODE_25669_length_595_cov_10.576613	323	403	14	43	80	0.5375000
NODE_25669_length_595_cov_10.576613	376	456	4	12	80	0.1500000
NODE_25669_length_595_cov_10.576613	376	456	8	32	80	0.4000000
NODE_25669_length_595_cov_10.576613	376	456	12	32	80	0.4000000
NODE_25669_length_595_cov_10.576613	376	456	14	4	80	0.0500000
NODE_25672_length_595_cov_7.917339	342	415	0	73	73	1.0000000
NODE_25672_length_595_cov_7.917339	388	438	0	50	50	1.0000000
NODE_25702_length_595_cov_2.792339	178	258	4	31	80	0.3875000
NODE_25702_length_595_cov_2.792339	178	258	6	49	80	0.6125000
NODE_25702_length_595_cov_2.792339	231	311	0	38	80	0.4750000
NODE_25702_length_595_cov_2.792339	231	311	2	8	80	0.1000000
NODE_25702_length_595_cov_2.792339	231	311	4	34	80	0.4250000
NODE_25807_length_594_cov_34.157576	283	363	4	17	80	0.2125000
NODE_25807_length_594_cov_34.157576	283	363	6	56	80	0.7000000
NODE_25807_length_594_cov_34.157576	283	363	8	7	80	0.0875000
NODE_25807_length_594_cov_34.157576	336	416	0	35	80	0.4375000
NODE_25807_length_594_cov_34.157576	336	416	2	15	80	0.1875000
NODE_25807_length_594_cov_34.157576	336	416	4	20	80	0.2500000
NODE_25807_length_594_cov_34.157576	336	416	6	10	80	0.1250000
NODE_25811_length_594_cov_8.933333	258	338	0	37	80	0.4625000
NODE_25811_length_594_cov_8.933333	258	338	2	43	80	0.5375000
NODE_25811_length_594_cov_8.933333	311	389	0	1	78	0.0128205
NODE_25811_length_594_cov_8.933333	311	389	2	77	78	0.9871795
NODE_25815_length_594_cov_5.759596	82	118	0	36	36	1.0000000
NODE_25815_length_594_cov_5.759596	114	194	0	18	80	0.2250000
NODE_25815_length_594_cov_5.759596	114	194	2	41	80	0.5125000
NODE_25815_length_594_cov_5.759596	114	194	4	21	80	0.2625000
NODE_25815_length_594_cov_5.759596	167	242	2	24	75	0.3200000
NODE_25815_length_594_cov_5.759596	167	242	4	51	75	0.6800000
NODE_25825_length_594_cov_3.913131	275	355	0	58	80	0.7250000
NODE_25825_length_594_cov_3.913131	275	355	2	22	80	0.2750000
NODE_25844_length_594_cov_2.470707	209	247	0	38	38	1.0000000
NODE_25919_length_594_cov_0.698990	33	73	0	40	40	1.0000000
NODE_25928_length_593_cov_124.985830	247	285	34	11	38	0.2894737
NODE_25928_length_593_cov_124.985830	247	285	36	9	38	0.2368421
NODE_25928_length_593_cov_124.985830	247	285	38	18	38	0.4736842
NODE_25929_length_593_cov_36.161943	150	230	5	37	80	0.4625000
NODE_25929_length_593_cov_36.161943	150	230	6	26	80	0.3250000
NODE_25929_length_593_cov_36.161943	150	230	9	17	80	0.2125000
NODE_25929_length_593_cov_36.161943	203	283	4	26	80	0.3250000
NODE_25929_length_593_cov_36.161943	203	283	5	10	80	0.1250000
NODE_25929_length_593_cov_36.161943	203	283	8	14	80	0.1750000
NODE_25929_length_593_cov_36.161943	203	283	9	30	80	0.3750000
NODE_25930_length_593_cov_14.979757	219	299	0	80	80	1.0000000
NODE_25930_length_593_cov_14.979757	272	352	0	80	80	1.0000000
NODE_25931_length_593_cov_11.018219	324	404	0	80	80	1.0000000
NODE_25931_length_593_cov_11.018219	377	457	0	80	80	1.0000000
NODE_25946_length_593_cov_3.232794	210	273	0	62	63	0.9841270
NODE_25946_length_593_cov_3.232794	210	273	1	1	63	0.0158730
NODE_25946_length_593_cov_3.232794	263	326	0	63	63	1.0000000
NODE_25996_length_593_cov_1.261134	227	249	0	22	22	1.0000000
NODE_26033_length_592_cov_18.908722	163	243	0	20	80	0.2500000
NODE_26033_length_592_cov_18.908722	163	243	2	47	80	0.5875000
NODE_26033_length_592_cov_18.908722	163	243	4	13	80	0.1625000
NODE_26033_length_592_cov_18.908722	230	296	4	66	66	1.0000000
NODE_26034_length_592_cov_7.531440	232	312	0	30	80	0.3750000
NODE_26034_length_592_cov_7.531440	232	312	6	50	80	0.6250000
NODE_26034_length_592_cov_7.531440	285	361	6	76	76	1.0000000
NODE_26035_length_592_cov_7.000000	77	157	0	6	80	0.0750000
NODE_26035_length_592_cov_7.000000	77	157	2	74	80	0.9250000
NODE_26035_length_592_cov_7.000000	130	210	0	59	80	0.7375000
NODE_26035_length_592_cov_7.000000	130	210	2	21	80	0.2625000
NODE_26040_length_592_cov_5.036511	270	349	0	4	79	0.0506329
NODE_26040_length_592_cov_5.036511	270	349	1	34	79	0.4303797
NODE_26040_length_592_cov_5.036511	270	349	2	41	79	0.5189874
NODE_26041_length_592_cov_5.024341	205	285	0	2	80	0.0250000
NODE_26041_length_592_cov_5.024341	205	285	3	1	80	0.0125000
NODE_26041_length_592_cov_5.024341	205	285	4	34	80	0.4250000
NODE_26041_length_592_cov_5.024341	205	285	6	43	80	0.5375000
NODE_26041_length_592_cov_5.024341	258	309	6	51	51	1.0000000
NODE_26062_length_592_cov_2.866126	61	127	0	66	66	1.0000000
NODE_26069_length_592_cov_2.361055	476	526	0	50	50	1.0000000
NODE_26142_length_591_cov_11.286585	245	325	0	80	80	1.0000000
NODE_26142_length_591_cov_11.286585	298	378	0	80	80	1.0000000
NODE_26143_length_591_cov_9.432927	241	321	0	80	80	1.0000000
NODE_26143_length_591_cov_9.432927	294	374	0	80	80	1.0000000
NODE_26184_length_591_cov_2.365854	396	476	0	80	80	1.0000000
NODE_26184_length_591_cov_2.365854	449	529	0	80	80	1.0000000
NODE_26272_length_590_cov_29.661914	26	106	2	80	80	1.0000000
NODE_26272_length_590_cov_29.661914	79	159	2	59	80	0.7375000
NODE_26272_length_590_cov_29.661914	79	159	4	21	80	0.2625000
NODE_26272_length_590_cov_29.661914	155	235	0	11	80	0.1375000
NODE_26272_length_590_cov_29.661914	155	235	2	69	80	0.8625000
NODE_26272_length_590_cov_29.661914	208	288	0	64	80	0.8000000
NODE_26272_length_590_cov_29.661914	208	288	2	16	80	0.2000000
NODE_26273_length_590_cov_21.360489	178	258	0	25	80	0.3125000
NODE_26273_length_590_cov_21.360489	178	258	2	55	80	0.6875000
NODE_26273_length_590_cov_21.360489	231	311	2	80	80	1.0000000
NODE_26274_length_590_cov_18.395112	161	241	0	48	80	0.6000000
NODE_26274_length_590_cov_18.395112	161	241	4	10	80	0.1250000
NODE_26274_length_590_cov_18.395112	161	241	6	22	80	0.2750000
NODE_26274_length_590_cov_18.395112	214	294	4	5	80	0.0625000
NODE_26274_length_590_cov_18.395112	214	294	6	75	80	0.9375000
NODE_26275_length_590_cov_17.376782	238	318	0	11	80	0.1375000
NODE_26275_length_590_cov_17.376782	238	318	2	69	80	0.8625000
NODE_26275_length_590_cov_17.376782	291	371	2	80	80	1.0000000
NODE_26279_length_590_cov_6.205703	262	333	0	71	71	1.0000000
NODE_26283_length_590_cov_5.319756	224	304	0	32	80	0.4000000
NODE_26283_length_590_cov_5.319756	224	304	2	13	80	0.1625000
NODE_26283_length_590_cov_5.319756	224	304	4	35	80	0.4375000
NODE_26283_length_590_cov_5.319756	277	357	4	80	80	1.0000000
NODE_26366_length_590_cov_0.971487	0	32	0	32	32	1.0000000
NODE_26390_length_589_cov_15.810204	384	464	0	5	80	0.0625000
NODE_26390_length_589_cov_15.810204	384	464	4	8	80	0.1000000
NODE_26390_length_589_cov_15.810204	384	464	6	55	80	0.6875000
NODE_26390_length_589_cov_15.810204	384	464	8	12	80	0.1500000
NODE_26390_length_589_cov_15.810204	437	517	6	45	80	0.5625000
NODE_26390_length_589_cov_15.810204	437	517	8	35	80	0.4375000
NODE_26391_length_589_cov_13.855102	320	400	4	80	80	1.0000000
NODE_26391_length_589_cov_13.855102	373	453	0	48	80	0.6000000
NODE_26391_length_589_cov_13.855102	373	453	4	32	80	0.4000000
NODE_26395_length_589_cov_6.297959	186	266	0	80	80	1.0000000
NODE_26395_length_589_cov_6.297959	239	319	0	80	80	1.0000000
NODE_26430_length_589_cov_2.320408	431	511	0	80	80	1.0000000
NODE_26515_length_588_cov_49.936605	264	341	0	27	77	0.3506494
NODE_26515_length_588_cov_49.936605	264	341	2	4	77	0.0519481
NODE_26515_length_588_cov_49.936605	264	341	6	46	77	0.5974026
NODE_26515_length_588_cov_49.936605	314	394	2	14	80	0.1750000
NODE_26515_length_588_cov_49.936605	314	394	6	66	80	0.8250000
NODE_26516_length_588_cov_33.691207	273	353	0	8	80	0.1000000
NODE_26516_length_588_cov_33.691207	273	353	2	35	80	0.4375000
NODE_26516_length_588_cov_33.691207	273	353	4	37	80	0.4625000
NODE_26516_length_588_cov_33.691207	326	406	2	44	80	0.5500000
NODE_26516_length_588_cov_33.691207	326	406	4	36	80	0.4500000
NODE_26517_length_588_cov_16.564417	245	325	2	5	80	0.0625000
NODE_26517_length_588_cov_16.564417	245	325	4	17	80	0.2125000
NODE_26517_length_588_cov_16.564417	245	325	6	35	80	0.4375000
NODE_26517_length_588_cov_16.564417	245	325	8	23	80	0.2875000
NODE_26517_length_588_cov_16.564417	298	378	2	58	80	0.7250000
NODE_26517_length_588_cov_16.564417	298	378	4	17	80	0.2125000
NODE_26517_length_588_cov_16.564417	298	378	6	5	80	0.0625000
NODE_26518_length_588_cov_14.595092	266	346	0	80	80	1.0000000
NODE_26518_length_588_cov_14.595092	319	399	0	80	80	1.0000000
NODE_26522_length_588_cov_7.439673	155	235	2	18	80	0.2250000
NODE_26522_length_588_cov_7.439673	155	235	3	30	80	0.3750000
NODE_26522_length_588_cov_7.439673	155	235	4	24	80	0.3000000
NODE_26522_length_588_cov_7.439673	155	235	6	8	80	0.1000000
NODE_26522_length_588_cov_7.439673	208	288	4	60	80	0.7500000
NODE_26522_length_588_cov_7.439673	208	288	6	20	80	0.2500000
NODE_26523_length_588_cov_7.094070	191	263	0	3	72	0.0416667
NODE_26523_length_588_cov_7.094070	191	263	2	69	72	0.9583333
NODE_26523_length_588_cov_7.094070	244	310	0	50	66	0.7575758
NODE_26523_length_588_cov_7.094070	244	310	2	16	66	0.2424242
NODE_26523_length_588_cov_7.094070	439	519	0	80	80	1.0000000
NODE_26523_length_588_cov_7.094070	492	572	0	80	80	1.0000000
NODE_26534_length_588_cov_4.167689	65	122	0	57	57	1.0000000
NODE_26634_length_587_cov_39.782787	123	203	0	5	80	0.0625000
NODE_26634_length_587_cov_39.782787	123	203	2	75	80	0.9375000
NODE_26634_length_587_cov_39.782787	176	256	0	58	80	0.7250000
NODE_26634_length_587_cov_39.782787	176	256	2	22	80	0.2750000
NODE_26634_length_587_cov_39.782787	252	332	0	51	80	0.6375000
NODE_26634_length_587_cov_39.782787	252	332	4	29	80	0.3625000
NODE_26634_length_587_cov_39.782787	305	385	4	80	80	1.0000000
NODE_26635_length_587_cov_31.807377	141	221	0	80	80	1.0000000
NODE_26635_length_587_cov_31.807377	194	274	0	80	80	1.0000000
NODE_26636_length_587_cov_12.629098	219	299	0	22	80	0.2750000
NODE_26636_length_587_cov_12.629098	219	299	6	17	80	0.2125000
NODE_26636_length_587_cov_12.629098	219	299	8	27	80	0.3375000
NODE_26636_length_587_cov_12.629098	219	299	10	14	80	0.1750000
NODE_26636_length_587_cov_12.629098	272	352	0	75	80	0.9375000
NODE_26636_length_587_cov_12.629098	272	352	6	5	80	0.0625000
NODE_26639_length_587_cov_9.067623	203	283	2	42	80	0.5250000
NODE_26639_length_587_cov_9.067623	203	283	4	8	80	0.1000000
NODE_26639_length_587_cov_9.067623	203	283	6	30	80	0.3750000
NODE_26639_length_587_cov_9.067623	256	336	2	8	80	0.1000000
NODE_26639_length_587_cov_9.067623	256	336	3	3	80	0.0375000
NODE_26639_length_587_cov_9.067623	256	336	4	23	80	0.2875000
NODE_26639_length_587_cov_9.067623	256	336	6	46	80	0.5750000
NODE_26640_length_587_cov_8.411885	253	311	0	28	58	0.4827586
NODE_26640_length_587_cov_8.411885	253	311	7	23	58	0.3965517
NODE_26640_length_587_cov_8.411885	253	311	8	7	58	0.1206897
NODE_26656_length_587_cov_3.231557	201	256	16	55	55	1.0000000
NODE_26665_length_587_cov_2.850410	255	288	2	33	33	1.0000000
NODE_26749_length_586_cov_37.843943	268	348	0	80	80	1.0000000
NODE_26749_length_586_cov_37.843943	321	401	0	80	80	1.0000000
NODE_26749_length_586_cov_37.843943	397	477	0	80	80	1.0000000
NODE_26749_length_586_cov_37.843943	450	531	0	81	81	1.0000000
NODE_26750_length_586_cov_12.831622	186	266	0	26	80	0.3250000
NODE_26750_length_586_cov_12.831622	186	266	4	28	80	0.3500000
NODE_26750_length_586_cov_12.831622	186	266	8	26	80	0.3250000
NODE_26750_length_586_cov_12.831622	239	319	4	56	80	0.7000000
NODE_26750_length_586_cov_12.831622	239	319	8	24	80	0.3000000
NODE_26752_length_586_cov_11.264887	108	188	0	48	80	0.6000000
NODE_26752_length_586_cov_11.264887	108	188	2	32	80	0.4000000
NODE_26752_length_586_cov_11.264887	161	241	0	33	80	0.4125000
NODE_26752_length_586_cov_11.264887	161	241	2	47	80	0.5875000
NODE_26754_length_586_cov_9.624230	299	360	0	28	61	0.4590164
NODE_26754_length_586_cov_9.624230	299	360	2	33	61	0.5409836
NODE_26754_length_586_cov_9.624230	299	360	0	28	61	0.4590164
NODE_26754_length_586_cov_9.624230	299	360	2	33	61	0.5409836
NODE_26754_length_586_cov_9.624230	299	360	0	28	61	0.4590164
NODE_26754_length_586_cov_9.624230	299	360	2	33	61	0.5409836
NODE_26754_length_586_cov_9.624230	301	360	0	28	59	0.4745763
NODE_26754_length_586_cov_9.624230	301	360	2	31	59	0.5254237
NODE_26756_length_586_cov_8.591376	273	353	2	80	80	1.0000000
NODE_26756_length_586_cov_8.591376	326	406	0	33	80	0.4125000
NODE_26756_length_586_cov_8.591376	326	406	2	47	80	0.5875000
NODE_26758_length_586_cov_6.135524	334	375	2	41	41	1.0000000
NODE_26758_length_586_cov_6.135524	334	375	2	41	41	1.0000000
NODE_26760_length_586_cov_5.634497	150	230	2	13	80	0.1625000
NODE_26760_length_586_cov_5.634497	150	230	4	31	80	0.3875000
NODE_26760_length_586_cov_5.634497	150	230	6	36	80	0.4500000
NODE_26760_length_586_cov_5.634497	203	283	0	2	80	0.0250000
NODE_26760_length_586_cov_5.634497	203	283	2	64	80	0.8000000
NODE_26760_length_586_cov_5.634497	203	283	6	14	80	0.1750000
NODE_26765_length_586_cov_4.626283	296	362	9	28	66	0.4242424
NODE_26765_length_586_cov_4.626283	296	362	10	21	66	0.3181818
NODE_26765_length_586_cov_4.626283	296	362	11	17	66	0.2575758
NODE_26765_length_586_cov_4.626283	453	533	3	7	80	0.0875000
NODE_26765_length_586_cov_4.626283	453	533	5	3	80	0.0375000
NODE_26765_length_586_cov_4.626283	453	533	6	42	80	0.5250000
NODE_26765_length_586_cov_4.626283	453	533	7	28	80	0.3500000
NODE_26885_length_585_cov_112.094650	456	536	57	1	80	0.0125000
NODE_26885_length_585_cov_112.094650	456	536	59	2	80	0.0250000
NODE_26885_length_585_cov_112.094650	456	536	60	4	80	0.0500000
NODE_26885_length_585_cov_112.094650	456	536	64	1	80	0.0125000
NODE_26885_length_585_cov_112.094650	456	536	65	4	80	0.0500000
NODE_26885_length_585_cov_112.094650	456	536	66	3	80	0.0375000
NODE_26885_length_585_cov_112.094650	456	536	67	2	80	0.0250000
NODE_26885_length_585_cov_112.094650	456	536	68	1	80	0.0125000
NODE_26885_length_585_cov_112.094650	456	536	69	1	80	0.0125000
NODE_26885_length_585_cov_112.094650	456	536	71	2	80	0.0250000
NODE_26885_length_585_cov_112.094650	456	536	72	3	80	0.0375000
NODE_26885_length_585_cov_112.094650	456	536	75	3	80	0.0375000
NODE_26885_length_585_cov_112.094650	456	536	76	11	80	0.1375000
NODE_26885_length_585_cov_112.094650	456	536	77	17	80	0.2125000
NODE_26885_length_585_cov_112.094650	456	536	78	2	80	0.0250000
NODE_26885_length_585_cov_112.094650	456	536	79	19	80	0.2375000
NODE_26885_length_585_cov_112.094650	456	536	80	2	80	0.0250000
NODE_26885_length_585_cov_112.094650	456	536	81	2	80	0.0250000
NODE_26885_length_585_cov_112.094650	509	585	8	1	76	0.0131579
NODE_26885_length_585_cov_112.094650	509	585	12	3	76	0.0394737
NODE_26885_length_585_cov_112.094650	509	585	18	6	76	0.0789474
NODE_26885_length_585_cov_112.094650	509	585	20	1	76	0.0131579
NODE_26885_length_585_cov_112.094650	509	585	22	2	76	0.0263158
NODE_26885_length_585_cov_112.094650	509	585	24	7	76	0.0921053
NODE_26885_length_585_cov_112.094650	509	585	30	3	76	0.0394737
NODE_26885_length_585_cov_112.094650	509	585	32	2	76	0.0263158
NODE_26885_length_585_cov_112.094650	509	585	38	7	76	0.0921053
NODE_26885_length_585_cov_112.094650	509	585	44	8	76	0.1052632
NODE_26885_length_585_cov_112.094650	509	585	48	5	76	0.0657895
NODE_26885_length_585_cov_112.094650	509	585	50	1	76	0.0131579
NODE_26885_length_585_cov_112.094650	509	585	52	1	76	0.0131579
NODE_26885_length_585_cov_112.094650	509	585	59	1	76	0.0131579
NODE_26885_length_585_cov_112.094650	509	585	64	2	76	0.0263158
NODE_26885_length_585_cov_112.094650	509	585	65	4	76	0.0526316
NODE_26885_length_585_cov_112.094650	509	585	66	2	76	0.0263158
NODE_26885_length_585_cov_112.094650	509	585	67	2	76	0.0263158
NODE_26885_length_585_cov_112.094650	509	585	69	1	76	0.0131579
NODE_26885_length_585_cov_112.094650	509	585	71	2	76	0.0263158
NODE_26885_length_585_cov_112.094650	509	585	75	3	76	0.0394737
NODE_26885_length_585_cov_112.094650	509	585	77	12	76	0.1578947
NODE_26886_length_585_cov_23.872428	168	248	0	22	80	0.2750000
NODE_26886_length_585_cov_23.872428	168	248	1	12	80	0.1500000
NODE_26886_length_585_cov_23.872428	168	248	2	18	80	0.2250000
NODE_26886_length_585_cov_23.872428	168	248	4	28	80	0.3500000
NODE_26886_length_585_cov_23.872428	222	301	2	1	79	0.0126582
NODE_26886_length_585_cov_23.872428	222	301	4	78	79	0.9873418
NODE_26887_length_585_cov_18.981481	360	440	2	23	80	0.2875000
NODE_26887_length_585_cov_18.981481	360	440	4	57	80	0.7125000
NODE_26887_length_585_cov_18.981481	413	493	2	28	80	0.3500000
NODE_26887_length_585_cov_18.981481	413	493	4	52	80	0.6500000
NODE_26888_length_585_cov_13.967078	323	387	0	64	64	1.0000000
NODE_26889_length_585_cov_10.555556	229	309	0	69	80	0.8625000
NODE_26889_length_585_cov_10.555556	229	309	2	11	80	0.1375000
NODE_26889_length_585_cov_10.555556	282	362	0	16	80	0.2000000
NODE_26889_length_585_cov_10.555556	282	362	2	64	80	0.8000000
NODE_26891_length_585_cov_9.216049	233	313	6	80	80	1.0000000
NODE_26891_length_585_cov_9.216049	286	366	0	28	80	0.3500000
NODE_26891_length_585_cov_9.216049	286	366	6	52	80	0.6500000
NODE_26894_length_585_cov_8.090535	292	372	4	80	80	1.0000000
NODE_26894_length_585_cov_8.090535	345	425	0	36	80	0.4500000
NODE_26894_length_585_cov_8.090535	345	425	4	44	80	0.5500000
NODE_26895_length_585_cov_8.018519	339	381	0	42	42	1.0000000
NODE_26895_length_585_cov_8.018519	354	419	0	65	65	1.0000000
NODE_26900_length_585_cov_4.954733	147	227	0	40	80	0.5000000
NODE_26900_length_585_cov_4.954733	147	227	2	40	80	0.5000000
NODE_26912_length_585_cov_3.751029	288	368	16	19	80	0.2375000
NODE_26912_length_585_cov_3.751029	288	368	18	9	80	0.1125000
NODE_26912_length_585_cov_3.751029	288	368	22	52	80	0.6500000
NODE_26912_length_585_cov_3.751029	341	421	4	16	80	0.2000000
NODE_26912_length_585_cov_3.751029	341	421	20	28	80	0.3500000
NODE_26912_length_585_cov_3.751029	341	421	22	36	80	0.4500000
NODE_27019_length_584_cov_21.657732	57	137	14	80	80	1.0000000
NODE_27019_length_584_cov_21.657732	110	190	13	20	80	0.2500000
NODE_27019_length_584_cov_21.657732	110	190	14	60	80	0.7500000
NODE_27020_length_584_cov_11.915464	280	360	2	9	80	0.1125000
NODE_27020_length_584_cov_11.915464	280	360	4	23	80	0.2875000
NODE_27020_length_584_cov_11.915464	280	360	6	48	80	0.6000000
NODE_27020_length_584_cov_11.915464	333	413	4	1	80	0.0125000
NODE_27020_length_584_cov_11.915464	333	413	6	44	80	0.5500000
NODE_27020_length_584_cov_11.915464	333	413	8	35	80	0.4375000
NODE_27021_length_584_cov_11.197938	217	297	4	20	80	0.2500000
NODE_27021_length_584_cov_11.197938	217	297	6	20	80	0.2500000
NODE_27021_length_584_cov_11.197938	217	297	8	8	80	0.1000000
NODE_27021_length_584_cov_11.197938	217	297	9	4	80	0.0500000
NODE_27021_length_584_cov_11.197938	217	297	10	28	80	0.3500000
NODE_27021_length_584_cov_11.197938	270	350	4	37	80	0.4625000
NODE_27021_length_584_cov_11.197938	270	350	5	1	80	0.0125000
NODE_27021_length_584_cov_11.197938	270	350	7	2	80	0.0250000
NODE_27021_length_584_cov_11.197938	270	350	9	17	80	0.2125000
NODE_27021_length_584_cov_11.197938	270	350	10	23	80	0.2875000
NODE_27022_length_584_cov_9.824742	375	441	0	4	66	0.0606061
NODE_27022_length_584_cov_9.824742	375	441	6	26	66	0.3939394
NODE_27022_length_584_cov_9.824742	375	441	8	3	66	0.0454545
NODE_27022_length_584_cov_9.824742	375	441	11	33	66	0.5000000
NODE_27022_length_584_cov_9.824742	375	441	0	4	66	0.0606061
NODE_27022_length_584_cov_9.824742	375	441	6	26	66	0.3939394
NODE_27022_length_584_cov_9.824742	375	441	8	3	66	0.0454545
NODE_27022_length_584_cov_9.824742	375	441	11	33	66	0.5000000
NODE_27023_length_584_cov_9.160825	369	449	2	80	80	1.0000000
NODE_27023_length_584_cov_9.160825	422	502	0	46	80	0.5750000
NODE_27023_length_584_cov_9.160825	422	502	2	34	80	0.4250000
NODE_27023_length_584_cov_9.160825	422	502	0	46	80	0.5750000
NODE_27023_length_584_cov_9.160825	422	502	2	34	80	0.4250000
NODE_27026_length_584_cov_7.736082	51	131	2	49	80	0.6125000
NODE_27026_length_584_cov_7.736082	51	131	4	31	80	0.3875000
NODE_27026_length_584_cov_7.736082	104	184	2	58	80	0.7250000
NODE_27026_length_584_cov_7.736082	104	184	4	22	80	0.2750000
NODE_27031_length_584_cov_7.113402	213	293	8	29	80	0.3625000
NODE_27031_length_584_cov_7.113402	213	293	10	51	80	0.6375000
NODE_27031_length_584_cov_7.113402	266	346	0	25	80	0.3125000
NODE_27031_length_584_cov_7.113402	266	346	4	2	80	0.0250000
NODE_27031_length_584_cov_7.113402	266	346	6	22	80	0.2750000
NODE_27031_length_584_cov_7.113402	266	346	8	6	80	0.0750000
NODE_27031_length_584_cov_7.113402	266	346	10	25	80	0.3125000
NODE_27035_length_584_cov_5.843299	281	341	0	5	60	0.0833333
NODE_27035_length_584_cov_5.843299	281	341	2	55	60	0.9166667
NODE_27039_length_584_cov_5.032990	240	320	0	80	80	1.0000000
NODE_27039_length_584_cov_5.032990	293	373	0	80	80	1.0000000
NODE_27061_length_584_cov_2.707216	186	257	0	52	71	0.7323943
NODE_27061_length_584_cov_2.707216	186	257	2	19	71	0.2676056
NODE_27147_length_583_cov_7.973140	232	312	0	41	80	0.5125000
NODE_27147_length_583_cov_7.973140	232	312	2	39	80	0.4875000
NODE_27147_length_583_cov_7.973140	285	365	0	80	80	1.0000000
NODE_27148_length_583_cov_6.731405	328	408	0	80	80	1.0000000
NODE_27148_length_583_cov_6.731405	381	461	0	80	80	1.0000000
NODE_27149_length_583_cov_6.363636	161	231	10	29	70	0.4142857
NODE_27149_length_583_cov_6.363636	161	231	13	2	70	0.0285714
NODE_27149_length_583_cov_6.363636	161	231	20	39	70	0.5571429
NODE_27152_length_583_cov_5.766529	132	186	0	41	54	0.7592593
NODE_27152_length_583_cov_5.766529	132	186	1	13	54	0.2407407
NODE_27263_length_583_cov_0.762397	9	50	0	41	41	1.0000000
NODE_27278_length_582_cov_74.269151	295	375	0	18	80	0.2250000
NODE_27278_length_582_cov_74.269151	295	375	8	2	80	0.0250000
NODE_27278_length_582_cov_74.269151	295	375	10	40	80	0.5000000
NODE_27278_length_582_cov_74.269151	295	375	12	20	80	0.2500000
NODE_27278_length_582_cov_74.269151	348	428	10	22	80	0.2750000
NODE_27278_length_582_cov_74.269151	348	428	12	58	80	0.7250000
NODE_27279_length_582_cov_53.093168	11	91	0	80	80	1.0000000
NODE_27279_length_582_cov_53.093168	64	144	0	80	80	1.0000000
NODE_27279_length_582_cov_53.093168	140	220	0	80	80	1.0000000
NODE_27279_length_582_cov_53.093168	193	273	0	80	80	1.0000000
NODE_27280_length_582_cov_47.393375	345	425	0	64	80	0.8000000
NODE_27280_length_582_cov_47.393375	345	425	4	12	80	0.1500000
NODE_27280_length_582_cov_47.393375	345	425	6	4	80	0.0500000
NODE_27280_length_582_cov_47.393375	398	478	0	11	80	0.1375000
NODE_27280_length_582_cov_47.393375	398	478	4	12	80	0.1500000
NODE_27280_length_582_cov_47.393375	398	478	6	57	80	0.7125000
NODE_27281_length_582_cov_16.358178	297	377	0	27	80	0.3375000
NODE_27281_length_582_cov_16.358178	297	377	6	53	80	0.6625000
NODE_27281_length_582_cov_16.358178	350	431	0	81	81	1.0000000
NODE_27282_length_582_cov_14.107660	128	208	4	50	80	0.6250000
NODE_27282_length_582_cov_14.107660	128	208	6	30	80	0.3750000
NODE_27282_length_582_cov_14.107660	181	261	2	37	80	0.4625000
NODE_27282_length_582_cov_14.107660	181	261	4	6	80	0.0750000
NODE_27282_length_582_cov_14.107660	181	261	6	37	80	0.4625000
NODE_27283_length_582_cov_7.923395	208	287	0	79	79	1.0000000
NODE_27283_length_582_cov_7.923395	262	340	0	78	78	1.0000000
NODE_27284_length_582_cov_7.722567	216	296	0	80	80	1.0000000
NODE_27284_length_582_cov_7.722567	269	349	0	80	80	1.0000000
NODE_27289_length_582_cov_4.956522	294	325	0	31	31	1.0000000
NODE_27295_length_582_cov_4.308489	151	192	4	41	41	1.0000000
NODE_27297_length_582_cov_3.838509	223	299	2	10	76	0.1315790
NODE_27297_length_582_cov_3.838509	223	299	6	66	76	0.8684211
NODE_27297_length_582_cov_3.838509	272	354	0	6	82	0.0731707
NODE_27297_length_582_cov_3.838509	272	354	2	59	82	0.7195122
NODE_27297_length_582_cov_3.838509	272	354	6	17	82	0.2073171
NODE_27350_length_582_cov_1.650104	375	450	0	13	75	0.1733333
NODE_27350_length_582_cov_1.650104	375	450	1	12	75	0.1600000
NODE_27350_length_582_cov_1.650104	375	450	2	50	75	0.6666667
NODE_27405_length_581_cov_16.890041	244	316	0	34	72	0.4722222
NODE_27405_length_581_cov_16.890041	244	316	2	38	72	0.5277778
NODE_27413_length_581_cov_6.340249	262	342	0	45	80	0.5625000
NODE_27413_length_581_cov_6.340249	262	342	2	35	80	0.4375000
NODE_27413_length_581_cov_6.340249	315	395	2	80	80	1.0000000
NODE_27416_length_581_cov_5.827801	122	192	4	27	70	0.3857143
NODE_27416_length_581_cov_5.827801	122	192	6	20	70	0.2857143
NODE_27416_length_581_cov_5.827801	122	192	8	23	70	0.3285714
NODE_27420_length_581_cov_5.072614	392	466	0	74	74	1.0000000
NODE_27420_length_581_cov_5.072614	424	444	0	20	20	1.0000000
NODE_27464_length_581_cov_1.881743	474	538	0	64	64	1.0000000
NODE_27541_length_580_cov_39.353430	358	438	18	76	80	0.9500000
NODE_27541_length_580_cov_39.353430	358	438	22	4	80	0.0500000
NODE_27541_length_580_cov_39.353430	411	491	13	3	80	0.0375000
NODE_27541_length_580_cov_39.353430	411	491	16	7	80	0.0875000
NODE_27541_length_580_cov_39.353430	411	491	18	23	80	0.2875000
NODE_27541_length_580_cov_39.353430	411	491	19	11	80	0.1375000
NODE_27541_length_580_cov_39.353430	411	491	20	5	80	0.0625000
NODE_27541_length_580_cov_39.353430	411	491	22	24	80	0.3000000
NODE_27541_length_580_cov_39.353430	411	491	24	3	80	0.0375000
NODE_27541_length_580_cov_39.353430	411	491	26	4	80	0.0500000
NODE_27541_length_580_cov_39.353430	487	567	0	8	80	0.1000000
NODE_27541_length_580_cov_39.353430	487	567	5	1	80	0.0125000
NODE_27541_length_580_cov_39.353430	487	567	6	5	80	0.0625000
NODE_27541_length_580_cov_39.353430	487	567	10	56	80	0.7000000
NODE_27541_length_580_cov_39.353430	487	567	13	9	80	0.1125000
NODE_27541_length_580_cov_39.353430	487	567	16	1	80	0.0125000
NODE_27541_length_580_cov_39.353430	487	567	0	8	80	0.1000000
NODE_27541_length_580_cov_39.353430	487	567	5	1	80	0.0125000
NODE_27541_length_580_cov_39.353430	487	567	6	5	80	0.0625000
NODE_27541_length_580_cov_39.353430	487	567	10	56	80	0.7000000
NODE_27541_length_580_cov_39.353430	487	567	13	9	80	0.1125000
NODE_27541_length_580_cov_39.353430	487	567	16	1	80	0.0125000
NODE_27541_length_580_cov_39.353430	487	567	0	8	80	0.1000000
NODE_27541_length_580_cov_39.353430	487	567	5	1	80	0.0125000
NODE_27541_length_580_cov_39.353430	487	567	6	5	80	0.0625000
NODE_27541_length_580_cov_39.353430	487	567	10	56	80	0.7000000
NODE_27541_length_580_cov_39.353430	487	567	13	9	80	0.1125000
NODE_27541_length_580_cov_39.353430	487	567	16	1	80	0.0125000
NODE_27541_length_580_cov_39.353430	487	567	0	8	80	0.1000000
NODE_27541_length_580_cov_39.353430	487	567	5	1	80	0.0125000
NODE_27541_length_580_cov_39.353430	487	567	6	5	80	0.0625000
NODE_27541_length_580_cov_39.353430	487	567	10	56	80	0.7000000
NODE_27541_length_580_cov_39.353430	487	567	13	9	80	0.1125000
NODE_27541_length_580_cov_39.353430	487	567	16	1	80	0.0125000
NODE_27541_length_580_cov_39.353430	487	567	0	8	80	0.1000000
NODE_27541_length_580_cov_39.353430	487	567	5	1	80	0.0125000
NODE_27541_length_580_cov_39.353430	487	567	6	5	80	0.0625000
NODE_27541_length_580_cov_39.353430	487	567	10	56	80	0.7000000
NODE_27541_length_580_cov_39.353430	487	567	13	9	80	0.1125000
NODE_27541_length_580_cov_39.353430	487	567	16	1	80	0.0125000
NODE_27541_length_580_cov_39.353430	487	567	0	8	80	0.1000000
NODE_27541_length_580_cov_39.353430	487	567	5	1	80	0.0125000
NODE_27541_length_580_cov_39.353430	487	567	6	5	80	0.0625000
NODE_27541_length_580_cov_39.353430	487	567	10	56	80	0.7000000
NODE_27541_length_580_cov_39.353430	487	567	13	9	80	0.1125000
NODE_27541_length_580_cov_39.353430	487	567	16	1	80	0.0125000
NODE_27544_length_580_cov_8.925156	198	238	0	40	40	1.0000000
NODE_27544_length_580_cov_8.925156	258	338	0	80	80	1.0000000
NODE_27545_length_580_cov_8.634096	197	277	2	6	80	0.0750000
NODE_27545_length_580_cov_8.634096	197	277	6	10	80	0.1250000
NODE_27545_length_580_cov_8.634096	197	277	8	64	80	0.8000000
NODE_27545_length_580_cov_8.634096	250	330	4	43	80	0.5375000
NODE_27545_length_580_cov_8.634096	250	330	6	6	80	0.0750000
NODE_27545_length_580_cov_8.634096	250	330	8	31	80	0.3875000
NODE_27551_length_580_cov_6.291060	356	398	0	42	42	1.0000000
NODE_27554_length_580_cov_5.494802	110	190	0	80	80	1.0000000
NODE_27554_length_580_cov_5.494802	163	243	0	80	80	1.0000000
NODE_27559_length_580_cov_4.563410	231	292	0	61	61	1.0000000
NODE_27559_length_580_cov_4.563410	322	357	0	35	35	1.0000000
NODE_27590_length_580_cov_2.264033	215	277	2	62	62	1.0000000
NODE_27597_length_580_cov_2.116424	265	345	0	80	80	1.0000000
NODE_27659_length_579_cov_24.231250	159	239	0	18	80	0.2250000
NODE_27659_length_579_cov_24.231250	159	239	2	62	80	0.7750000
NODE_27659_length_579_cov_24.231250	212	287	0	26	75	0.3466667
NODE_27659_length_579_cov_24.231250	212	287	2	49	75	0.6533333
NODE_27660_length_579_cov_12.602083	246	326	0	80	80	1.0000000
NODE_27660_length_579_cov_12.602083	299	377	0	78	78	1.0000000
NODE_27663_length_579_cov_9.195833	254	334	11	4	80	0.0500000
NODE_27663_length_579_cov_9.195833	254	334	13	34	80	0.4250000
NODE_27663_length_579_cov_9.195833	254	334	15	13	80	0.1625000
NODE_27663_length_579_cov_9.195833	254	334	19	3	80	0.0375000
NODE_27663_length_579_cov_9.195833	254	334	20	26	80	0.3250000
NODE_27663_length_579_cov_9.195833	307	387	12	25	80	0.3125000
NODE_27663_length_579_cov_9.195833	307	387	18	10	80	0.1250000
NODE_27663_length_579_cov_9.195833	307	387	19	1	80	0.0125000
NODE_27663_length_579_cov_9.195833	307	387	20	44	80	0.5500000
NODE_27663_length_579_cov_9.195833	383	463	0	28	80	0.3500000
NODE_27663_length_579_cov_9.195833	383	463	3	12	80	0.1500000
NODE_27663_length_579_cov_9.195833	383	463	7	18	80	0.2250000
NODE_27663_length_579_cov_9.195833	383	463	9	13	80	0.1625000
NODE_27663_length_579_cov_9.195833	383	463	10	5	80	0.0625000
NODE_27663_length_579_cov_9.195833	383	463	12	4	80	0.0500000
NODE_27664_length_579_cov_6.600000	169	249	0	80	80	1.0000000
NODE_27664_length_579_cov_6.600000	222	302	0	80	80	1.0000000
NODE_27667_length_579_cov_5.956250	225	295	0	70	70	1.0000000
NODE_27667_length_579_cov_5.956250	279	316	0	37	37	1.0000000
NODE_27674_length_579_cov_4.850000	105	185	0	26	80	0.3250000
NODE_27674_length_579_cov_4.850000	105	185	2	54	80	0.6750000
NODE_27674_length_579_cov_4.850000	158	238	0	47	80	0.5875000
NODE_27674_length_579_cov_4.850000	158	238	2	33	80	0.4125000
NODE_27688_length_579_cov_3.291667	290	343	0	53	53	1.0000000
NODE_27695_length_579_cov_2.420833	251	331	2	41	80	0.5125000
NODE_27695_length_579_cov_2.420833	251	331	4	39	80	0.4875000
NODE_27695_length_579_cov_2.420833	304	384	0	30	80	0.3750000
NODE_27695_length_579_cov_2.420833	304	384	2	50	80	0.6250000
NODE_27724_length_579_cov_1.435417	463	497	0	34	34	1.0000000
NODE_27781_length_578_cov_70.192067	100	180	0	2	80	0.0250000
NODE_27781_length_578_cov_70.192067	100	180	2	14	80	0.1750000
NODE_27781_length_578_cov_70.192067	100	180	4	49	80	0.6125000
NODE_27781_length_578_cov_70.192067	100	180	14	13	80	0.1625000
NODE_27781_length_578_cov_70.192067	100	180	16	2	80	0.0250000
NODE_27781_length_578_cov_70.192067	153	233	4	12	80	0.1500000
NODE_27781_length_578_cov_70.192067	153	233	12	24	80	0.3000000
NODE_27781_length_578_cov_70.192067	153	233	14	36	80	0.4500000
NODE_27781_length_578_cov_70.192067	153	233	16	8	80	0.1000000
NODE_27782_length_578_cov_51.676409	129	209	0	18	80	0.2250000
NODE_27782_length_578_cov_51.676409	129	209	11	15	80	0.1875000
NODE_27782_length_578_cov_51.676409	129	209	12	1	80	0.0125000
NODE_27782_length_578_cov_51.676409	129	209	14	46	80	0.5750000
NODE_27782_length_578_cov_51.676409	182	262	2	9	80	0.1125000
NODE_27782_length_578_cov_51.676409	182	262	13	24	80	0.3000000
NODE_27782_length_578_cov_51.676409	182	262	14	47	80	0.5875000
NODE_27783_length_578_cov_32.152401	310	390	0	80	80	1.0000000
NODE_27783_length_578_cov_32.152401	363	443	0	39	80	0.4875000
NODE_27783_length_578_cov_32.152401	363	443	2	41	80	0.5125000
NODE_27784_length_578_cov_30.484342	215	295	0	80	80	1.0000000
NODE_27784_length_578_cov_30.484342	268	348	0	80	80	1.0000000
NODE_27785_length_578_cov_15.983299	213	265	2	28	52	0.5384616
NODE_27785_length_578_cov_15.983299	213	265	4	24	52	0.4615385
NODE_27786_length_578_cov_14.968685	147	227	2	17	80	0.2125000
NODE_27786_length_578_cov_14.968685	147	227	6	63	80	0.7875000
NODE_27786_length_578_cov_14.968685	200	280	5	11	80	0.1375000
NODE_27786_length_578_cov_14.968685	200	280	6	34	80	0.4250000
NODE_27786_length_578_cov_14.968685	200	280	7	29	80	0.3625000
NODE_27786_length_578_cov_14.968685	200	280	9	6	80	0.0750000
NODE_27787_length_578_cov_9.567850	273	328	4	55	55	1.0000000
NODE_27792_length_578_cov_6.670146	273	353	1	14	80	0.1750000
NODE_27792_length_578_cov_6.670146	273	353	2	66	80	0.8250000
NODE_27792_length_578_cov_6.670146	326	406	0	46	80	0.5750000
NODE_27792_length_578_cov_6.670146	326	406	1	21	80	0.2625000
NODE_27792_length_578_cov_6.670146	326	406	2	13	80	0.1625000
NODE_27793_length_578_cov_6.465553	320	400	2	80	80	1.0000000
NODE_27793_length_578_cov_6.465553	373	453	0	53	80	0.6625000
NODE_27793_length_578_cov_6.465553	373	453	2	27	80	0.3375000
NODE_27863_length_578_cov_1.480167	185	265	0	17	80	0.2125000
NODE_27863_length_578_cov_1.480167	185	265	2	63	80	0.7875000
NODE_27863_length_578_cov_1.480167	238	318	2	80	80	1.0000000
NODE_27935_length_577_cov_11.638075	312	392	0	80	80	1.0000000
NODE_27942_length_577_cov_4.912134	218	249	0	31	31	1.0000000
NODE_27942_length_577_cov_4.912134	301	330	0	29	29	1.0000000
NODE_27961_length_577_cov_2.970711	78	126	4	1	48	0.0208333
NODE_27961_length_577_cov_2.970711	78	126	6	3	48	0.0625000
NODE_27961_length_577_cov_2.970711	78	126	8	3	48	0.0625000
NODE_27961_length_577_cov_2.970711	78	126	9	7	48	0.1458333
NODE_27961_length_577_cov_2.970711	78	126	13	4	48	0.0833333
NODE_27961_length_577_cov_2.970711	78	126	15	30	48	0.6250000
NODE_27968_length_577_cov_2.631799	169	253	0	62	84	0.7380952
NODE_27968_length_577_cov_2.631799	169	253	2	22	84	0.2619048
NODE_27968_length_577_cov_2.631799	226	269	0	5	43	0.1162791
NODE_27968_length_577_cov_2.631799	226	269	2	38	43	0.8837209
NODE_28003_length_577_cov_1.468619	71	146	2	75	75	1.0000000
NODE_28003_length_577_cov_1.468619	119	199	1	27	80	0.3375000
NODE_28003_length_577_cov_1.468619	119	199	2	53	80	0.6625000
NODE_28058_length_576_cov_10.903564	194	274	0	80	80	1.0000000
NODE_28059_length_576_cov_9.039832	271	351	0	55	80	0.6875000
NODE_28059_length_576_cov_9.039832	271	351	2	25	80	0.3125000
NODE_28059_length_576_cov_9.039832	324	404	0	2	80	0.0250000
NODE_28059_length_576_cov_9.039832	324	404	2	78	80	0.9750000
NODE_28060_length_576_cov_8.490566	338	418	0	80	80	1.0000000
NODE_28060_length_576_cov_8.490566	391	471	0	80	80	1.0000000
NODE_28061_length_576_cov_7.002096	157	237	0	17	80	0.2125000
NODE_28061_length_576_cov_7.002096	157	237	2	63	80	0.7875000
NODE_28061_length_576_cov_7.002096	210	290	2	80	80	1.0000000
NODE_28076_length_576_cov_3.322851	118	183	4	65	65	1.0000000
NODE_28102_length_576_cov_1.964361	148	228	0	80	80	1.0000000
NODE_28102_length_576_cov_1.964361	201	281	0	80	80	1.0000000
NODE_28104_length_576_cov_1.951782	159	239	0	80	80	1.0000000
NODE_28104_length_576_cov_1.951782	212	292	0	80	80	1.0000000
NODE_28116_length_576_cov_1.584906	381	455	4	31	74	0.4189189
NODE_28116_length_576_cov_1.584906	381	455	6	43	74	0.5810811
NODE_28179_length_575_cov_15.319328	319	399	0	63	80	0.7875000
NODE_28179_length_575_cov_15.319328	319	399	2	17	80	0.2125000
NODE_28179_length_575_cov_15.319328	372	452	0	10	80	0.1250000
NODE_28179_length_575_cov_15.319328	372	452	2	70	80	0.8750000
NODE_28181_length_575_cov_8.254202	286	366	0	63	80	0.7875000
NODE_28181_length_575_cov_8.254202	286	366	3	1	80	0.0125000
NODE_28181_length_575_cov_8.254202	286	366	4	16	80	0.2000000
NODE_28181_length_575_cov_8.254202	339	419	0	10	80	0.1250000
NODE_28181_length_575_cov_8.254202	339	419	3	1	80	0.0125000
NODE_28181_length_575_cov_8.254202	339	419	4	19	80	0.2375000
NODE_28181_length_575_cov_8.254202	339	419	6	50	80	0.6250000
NODE_28182_length_575_cov_7.558824	300	380	0	80	80	1.0000000
NODE_28313_length_574_cov_6.282105	185	265	0	80	80	1.0000000
NODE_28313_length_574_cov_6.282105	238	318	0	80	80	1.0000000
NODE_28330_length_574_cov_2.993684	215	234	0	19	19	1.0000000
NODE_28438_length_573_cov_53.668776	393	473	2	49	80	0.6125000
NODE_28438_length_573_cov_53.668776	393	473	4	31	80	0.3875000
NODE_28438_length_573_cov_53.668776	446	526	0	27	80	0.3375000
NODE_28438_length_573_cov_53.668776	446	526	2	53	80	0.6625000
NODE_28439_length_573_cov_30.658228	451	531	0	65	80	0.8125000
NODE_28439_length_573_cov_30.658228	451	531	1	3	80	0.0375000
NODE_28439_length_573_cov_30.658228	451	531	2	12	80	0.1500000
NODE_28440_length_573_cov_30.116034	435	515	16	13	80	0.1625000
NODE_28440_length_573_cov_30.116034	435	515	18	5	80	0.0625000
NODE_28440_length_573_cov_30.116034	435	515	20	3	80	0.0375000
NODE_28440_length_573_cov_30.116034	435	515	22	13	80	0.1625000
NODE_28440_length_573_cov_30.116034	435	515	26	2	80	0.0250000
NODE_28440_length_573_cov_30.116034	435	515	30	32	80	0.4000000
NODE_28440_length_573_cov_30.116034	435	515	32	2	80	0.0250000
NODE_28440_length_573_cov_30.116034	435	515	34	5	80	0.0625000
NODE_28440_length_573_cov_30.116034	435	515	38	5	80	0.0625000
NODE_28440_length_573_cov_30.116034	488	568	0	4	80	0.0500000
NODE_28440_length_573_cov_30.116034	488	568	2	2	80	0.0250000
NODE_28440_length_573_cov_30.116034	488	568	4	2	80	0.0250000
NODE_28440_length_573_cov_30.116034	488	568	6	1	80	0.0125000
NODE_28440_length_573_cov_30.116034	488	568	7	4	80	0.0500000
NODE_28440_length_573_cov_30.116034	488	568	9	15	80	0.1875000
NODE_28440_length_573_cov_30.116034	488	568	10	1	80	0.0125000
NODE_28440_length_573_cov_30.116034	488	568	12	12	80	0.1500000
NODE_28440_length_573_cov_30.116034	488	568	16	25	80	0.3125000
NODE_28440_length_573_cov_30.116034	488	568	18	5	80	0.0625000
NODE_28440_length_573_cov_30.116034	488	568	20	3	80	0.0375000
NODE_28440_length_573_cov_30.116034	488	568	22	6	80	0.0750000
NODE_28441_length_573_cov_24.234177	210	290	0	75	80	0.9375000
NODE_28441_length_573_cov_24.234177	210	290	2	5	80	0.0625000
NODE_28441_length_573_cov_24.234177	263	343	0	22	80	0.2750000
NODE_28441_length_573_cov_24.234177	263	343	2	58	80	0.7250000
NODE_28442_length_573_cov_13.464135	278	358	0	2	80	0.0250000
NODE_28442_length_573_cov_13.464135	278	358	2	78	80	0.9750000
NODE_28442_length_573_cov_13.464135	331	411	0	55	80	0.6875000
NODE_28442_length_573_cov_13.464135	331	411	2	25	80	0.3125000
NODE_28443_length_573_cov_8.761603	124	204	0	19	80	0.2375000
NODE_28443_length_573_cov_8.761603	124	204	6	61	80	0.7625000
NODE_28443_length_573_cov_8.761603	177	257	6	80	80	1.0000000
NODE_28456_length_573_cov_3.364979	365	398	25	16	33	0.4848485
NODE_28456_length_573_cov_3.364979	365	398	27	17	33	0.5151515
NODE_28565_length_572_cov_17.530655	312	392	0	80	80	1.0000000
NODE_28565_length_572_cov_17.530655	365	445	0	80	80	1.0000000
NODE_28567_length_572_cov_8.059197	250	321	0	5	71	0.0704225
NODE_28567_length_572_cov_8.059197	250	321	3	8	71	0.1126761
NODE_28567_length_572_cov_8.059197	250	321	5	5	71	0.0704225
NODE_28567_length_572_cov_8.059197	250	321	6	53	71	0.7464789
NODE_28568_length_572_cov_7.873150	134	214	0	69	80	0.8625000
NODE_28568_length_572_cov_7.873150	134	214	2	11	80	0.1375000
NODE_28568_length_572_cov_7.873150	187	267	0	16	80	0.2000000
NODE_28568_length_572_cov_7.873150	187	267	2	64	80	0.8000000
NODE_28570_length_572_cov_6.706131	365	445	4	80	80	1.0000000
NODE_28570_length_572_cov_6.706131	418	498	2	10	80	0.1250000
NODE_28570_length_572_cov_6.706131	418	498	4	70	80	0.8750000
NODE_28573_length_572_cov_5.625793	137	217	0	80	80	1.0000000
NODE_28573_length_572_cov_5.625793	190	270	0	80	80	1.0000000
NODE_28574_length_572_cov_5.617336	331	401	0	13	70	0.1857143
NODE_28574_length_572_cov_5.617336	331	401	2	1	70	0.0142857
NODE_28574_length_572_cov_5.617336	331	401	4	16	70	0.2285714
NODE_28574_length_572_cov_5.617336	331	401	8	5	70	0.0714286
NODE_28574_length_572_cov_5.617336	331	401	10	18	70	0.2571429
NODE_28574_length_572_cov_5.617336	331	401	11	17	70	0.2428571
NODE_28578_length_572_cov_4.596195	212	288	6	1	76	0.0131579
NODE_28578_length_572_cov_4.596195	212	288	10	12	76	0.1578947
NODE_28578_length_572_cov_4.596195	212	288	12	63	76	0.8289474
NODE_28578_length_572_cov_4.596195	261	341	0	22	80	0.2750000
NODE_28578_length_572_cov_4.596195	261	341	3	7	80	0.0875000
NODE_28578_length_572_cov_4.596195	261	341	7	3	80	0.0375000
NODE_28578_length_572_cov_4.596195	261	341	9	1	80	0.0125000
NODE_28578_length_572_cov_4.596195	261	341	12	47	80	0.5875000
NODE_28585_length_572_cov_3.843552	210	290	0	52	80	0.6500000
NODE_28585_length_572_cov_3.843552	210	290	4	28	80	0.3500000
NODE_28585_length_572_cov_3.843552	263	343	4	80	80	1.0000000
NODE_28621_length_572_cov_2.319239	357	431	4	67	74	0.9054054
NODE_28621_length_572_cov_2.319239	357	431	6	7	74	0.0945946
NODE_28621_length_572_cov_2.319239	410	478	2	27	68	0.3970588
NODE_28621_length_572_cov_2.319239	410	478	4	34	68	0.5000000
NODE_28621_length_572_cov_2.319239	410	478	6	7	68	0.1029412
NODE_28625_length_572_cov_2.107822	184	254	0	7	70	0.1000000
NODE_28625_length_572_cov_2.107822	184	254	2	63	70	0.9000000
NODE_28625_length_572_cov_2.107822	415	493	0	42	78	0.5384616
NODE_28625_length_572_cov_2.107822	415	493	2	36	78	0.4615385
NODE_28631_length_572_cov_1.947146	327	363	2	10	36	0.2777778
NODE_28631_length_572_cov_1.947146	327	363	4	26	36	0.7222222
NODE_28631_length_572_cov_1.947146	328	354	2	1	26	0.0384615
NODE_28631_length_572_cov_1.947146	328	354	4	25	26	0.9615384
NODE_28700_length_571_cov_14.262712	237	317	0	33	80	0.4125000
NODE_28700_length_571_cov_14.262712	237	317	2	47	80	0.5875000
NODE_28700_length_571_cov_14.262712	290	370	0	20	80	0.2500000
NODE_28700_length_571_cov_14.262712	290	370	2	60	80	0.7500000
NODE_28717_length_571_cov_4.033898	154	234	6	44	80	0.5500000
NODE_28717_length_571_cov_4.033898	154	234	7	2	80	0.0250000
NODE_28717_length_571_cov_4.033898	154	234	8	26	80	0.3250000
NODE_28717_length_571_cov_4.033898	154	234	9	8	80	0.1000000
NODE_28717_length_571_cov_4.033898	207	273	3	18	66	0.2727273
NODE_28717_length_571_cov_4.033898	207	273	4	2	66	0.0303030
NODE_28717_length_571_cov_4.033898	207	273	6	46	66	0.6969697
NODE_28809_length_570_cov_28.269639	487	559	73	1	72	0.0138889
NODE_28809_length_570_cov_28.269639	487	559	89	1	72	0.0138889
NODE_28809_length_570_cov_28.269639	487	559	93	2	72	0.0277778
NODE_28809_length_570_cov_28.269639	487	559	103	1	72	0.0138889
NODE_28809_length_570_cov_28.269639	487	559	105	3	72	0.0416667
NODE_28809_length_570_cov_28.269639	487	559	111	3	72	0.0416667
NODE_28809_length_570_cov_28.269639	487	559	113	1	72	0.0138889
NODE_28809_length_570_cov_28.269639	487	559	115	5	72	0.0694444
NODE_28809_length_570_cov_28.269639	487	559	117	1	72	0.0138889
NODE_28809_length_570_cov_28.269639	487	559	121	2	72	0.0277778
NODE_28809_length_570_cov_28.269639	487	559	123	2	72	0.0277778
NODE_28809_length_570_cov_28.269639	487	559	127	2	72	0.0277778
NODE_28809_length_570_cov_28.269639	487	559	129	2	72	0.0277778
NODE_28809_length_570_cov_28.269639	487	559	131	2	72	0.0277778
NODE_28809_length_570_cov_28.269639	487	559	132	1	72	0.0138889
NODE_28809_length_570_cov_28.269639	487	559	134	2	72	0.0277778
NODE_28809_length_570_cov_28.269639	487	559	135	7	72	0.0972222
NODE_28809_length_570_cov_28.269639	487	559	136	14	72	0.1944444
NODE_28809_length_570_cov_28.269639	487	559	139	13	72	0.1805556
NODE_28809_length_570_cov_28.269639	487	559	140	1	72	0.0138889
NODE_28809_length_570_cov_28.269639	487	559	149	1	72	0.0138889
NODE_28809_length_570_cov_28.269639	487	559	150	1	72	0.0138889
NODE_28809_length_570_cov_28.269639	487	559	152	1	72	0.0138889
NODE_28809_length_570_cov_28.269639	487	559	153	3	72	0.0416667
NODE_28812_length_570_cov_10.161359	167	247	0	80	80	1.0000000
NODE_28812_length_570_cov_10.161359	220	256	0	36	36	1.0000000
NODE_28819_length_570_cov_5.010616	179	216	0	1	37	0.0270270
NODE_28819_length_570_cov_5.010616	179	216	2	21	37	0.5675676
NODE_28819_length_570_cov_5.010616	179	216	4	15	37	0.4054054
NODE_28819_length_570_cov_5.010616	189	269	2	12	80	0.1500000
NODE_28819_length_570_cov_5.010616	189	269	4	68	80	0.8500000
NODE_28828_length_570_cov_3.898089	236	316	0	9	80	0.1125000
NODE_28828_length_570_cov_3.898089	236	316	2	71	80	0.8875000
NODE_28828_length_570_cov_3.898089	289	369	0	62	80	0.7750000
NODE_28828_length_570_cov_3.898089	289	369	2	18	80	0.2250000
NODE_28840_length_570_cov_2.938429	202	280	1	16	78	0.2051282
NODE_28840_length_570_cov_2.938429	202	280	2	62	78	0.7948718
NODE_28840_length_570_cov_2.938429	262	333	0	43	71	0.6056338
NODE_28840_length_570_cov_2.938429	262	333	1	26	71	0.3661972
NODE_28840_length_570_cov_2.938429	262	333	2	2	71	0.0281690
NODE_28842_length_570_cov_2.891720	204	260	4	56	56	1.0000000
NODE_28950_length_569_cov_20.559574	275	355	0	80	80	1.0000000
NODE_28950_length_569_cov_20.559574	328	408	0	80	80	1.0000000
NODE_28951_length_569_cov_15.282979	272	352	0	46	80	0.5750000
NODE_28951_length_569_cov_15.282979	272	352	2	34	80	0.4250000
NODE_28951_length_569_cov_15.282979	325	405	0	80	80	1.0000000
NODE_28952_length_569_cov_11.023404	280	360	2	80	80	1.0000000
NODE_28952_length_569_cov_11.023404	333	413	0	39	80	0.4875000
NODE_28952_length_569_cov_11.023404	333	413	2	41	80	0.5125000
NODE_28953_length_569_cov_9.310638	231	277	15	1	46	0.0217391
NODE_28953_length_569_cov_9.310638	231	277	16	2	46	0.0434783
NODE_28953_length_569_cov_9.310638	231	277	22	16	46	0.3478261
NODE_28953_length_569_cov_9.310638	231	277	24	27	46	0.5869565
NODE_28956_length_569_cov_6.989362	258	338	2	7	80	0.0875000
NODE_28956_length_569_cov_6.989362	258	338	4	8	80	0.1000000
NODE_28956_length_569_cov_6.989362	258	338	6	18	80	0.2250000
NODE_28956_length_569_cov_6.989362	258	338	7	5	80	0.0625000
NODE_28956_length_569_cov_6.989362	258	338	8	38	80	0.4750000
NODE_28956_length_569_cov_6.989362	258	338	9	4	80	0.0500000
NODE_28956_length_569_cov_6.989362	294	329	4	6	35	0.1714286
NODE_28956_length_569_cov_6.989362	294	329	6	18	35	0.5142857
NODE_28956_length_569_cov_6.989362	294	329	8	11	35	0.3142857
NODE_28956_length_569_cov_6.989362	296	338	2	7	42	0.1666667
NODE_28956_length_569_cov_6.989362	296	338	4	8	42	0.1904762
NODE_28956_length_569_cov_6.989362	296	338	6	18	42	0.4285714
NODE_28956_length_569_cov_6.989362	296	338	8	9	42	0.2142857
NODE_28957_length_569_cov_6.978723	264	344	0	13	80	0.1625000
NODE_28957_length_569_cov_6.978723	264	344	1	3	80	0.0375000
NODE_28957_length_569_cov_6.978723	264	344	2	64	80	0.8000000
NODE_28957_length_569_cov_6.978723	317	397	2	80	80	1.0000000
NODE_28960_length_569_cov_6.434043	228	308	1	56	80	0.7000000
NODE_28960_length_569_cov_6.434043	228	308	3	16	80	0.2000000
NODE_28960_length_569_cov_6.434043	228	308	4	8	80	0.1000000
NODE_28973_length_569_cov_3.353191	340	419	0	25	79	0.3164557
NODE_28973_length_569_cov_3.353191	340	419	2	54	79	0.6835443
NODE_28981_length_569_cov_3.027660	277	348	0	32	71	0.4507042
NODE_28981_length_569_cov_3.027660	277	348	2	39	71	0.5492958
NODE_29072_length_568_cov_59.729211	124	204	0	24	80	0.3000000
NODE_29072_length_568_cov_59.729211	124	204	2	56	80	0.7000000
NODE_29072_length_568_cov_59.729211	177	257	0	77	80	0.9625000
NODE_29072_length_568_cov_59.729211	177	257	2	3	80	0.0375000
NODE_29075_length_568_cov_7.763326	215	294	0	79	79	1.0000000
NODE_29075_length_568_cov_7.763326	267	347	0	80	80	1.0000000
NODE_29078_length_568_cov_6.257996	397	471	0	74	74	1.0000000
NODE_29091_length_568_cov_3.748401	170	236	0	66	66	1.0000000
NODE_29091_length_568_cov_3.748401	262	311	0	49	49	1.0000000
NODE_29133_length_568_cov_1.769723	192	233	2	41	41	1.0000000
NODE_29160_length_568_cov_1.358209	355	432	0	77	77	1.0000000
NODE_29182_length_568_cov_1.038380	195	275	0	36	80	0.4500000
NODE_29182_length_568_cov_1.038380	195	275	2	44	80	0.5500000
NODE_29216_length_567_cov_21.155983	347	427	0	3	80	0.0375000
NODE_29216_length_567_cov_21.155983	347	427	5	1	80	0.0125000
NODE_29216_length_567_cov_21.155983	347	427	6	53	80	0.6625000
NODE_29216_length_567_cov_21.155983	347	427	10	23	80	0.2875000
NODE_29216_length_567_cov_21.155983	400	480	4	30	80	0.3750000
NODE_29216_length_567_cov_21.155983	400	480	6	4	80	0.0500000
NODE_29216_length_567_cov_21.155983	400	480	10	46	80	0.5750000
NODE_29217_length_567_cov_18.292735	367	447	0	80	80	1.0000000
NODE_29217_length_567_cov_18.292735	420	500	0	80	80	1.0000000
NODE_29218_length_567_cov_17.579060	259	339	0	80	80	1.0000000
NODE_29218_length_567_cov_17.579060	312	392	0	80	80	1.0000000
NODE_29220_length_567_cov_15.457265	276	356	0	40	80	0.5000000
NODE_29220_length_567_cov_15.457265	276	356	2	40	80	0.5000000
NODE_29220_length_567_cov_15.457265	329	409	0	28	80	0.3500000
NODE_29220_length_567_cov_15.457265	329	409	2	52	80	0.6500000
NODE_29221_length_567_cov_14.393162	270	350	0	28	80	0.3500000
NODE_29221_length_567_cov_14.393162	270	350	2	52	80	0.6500000
NODE_29221_length_567_cov_14.393162	323	403	2	80	80	1.0000000
NODE_29225_length_567_cov_6.611111	356	436	0	80	80	1.0000000
NODE_29225_length_567_cov_6.611111	409	489	0	80	80	1.0000000
NODE_29245_length_567_cov_2.884615	204	284	0	74	80	0.9250000
NODE_29245_length_567_cov_2.884615	204	284	2	6	80	0.0750000
NODE_29245_length_567_cov_2.884615	204	254	0	50	50	1.0000000
NODE_29245_length_567_cov_2.884615	266	297	0	12	31	0.3870968
NODE_29245_length_567_cov_2.884615	266	297	2	19	31	0.6129032
NODE_29363_length_566_cov_47.747323	157	237	0	6	80	0.0750000
NODE_29363_length_566_cov_47.747323	157	237	1	18	80	0.2250000
NODE_29363_length_566_cov_47.747323	157	237	2	29	80	0.3625000
NODE_29363_length_566_cov_47.747323	157	237	8	9	80	0.1125000
NODE_29363_length_566_cov_47.747323	157	237	10	18	80	0.2250000
NODE_29363_length_566_cov_47.747323	210	290	8	9	80	0.1125000
NODE_29363_length_566_cov_47.747323	210	290	10	71	80	0.8875000
NODE_29364_length_566_cov_44.824411	14	94	16	12	80	0.1500000
NODE_29364_length_566_cov_44.824411	14	94	18	3	80	0.0375000
NODE_29364_length_566_cov_44.824411	14	94	22	1	80	0.0125000
NODE_29364_length_566_cov_44.824411	14	94	26	2	80	0.0250000
NODE_29364_length_566_cov_44.824411	14	94	30	1	80	0.0125000
NODE_29364_length_566_cov_44.824411	14	94	32	55	80	0.6875000
NODE_29364_length_566_cov_44.824411	14	94	34	6	80	0.0750000
NODE_29364_length_566_cov_44.824411	15	94	16	11	79	0.1392405
NODE_29364_length_566_cov_44.824411	15	94	18	3	79	0.0379747
NODE_29364_length_566_cov_44.824411	15	94	22	1	79	0.0126582
NODE_29364_length_566_cov_44.824411	15	94	26	2	79	0.0253165
NODE_29364_length_566_cov_44.824411	15	94	30	1	79	0.0126582
NODE_29364_length_566_cov_44.824411	15	94	32	55	79	0.6962025
NODE_29364_length_566_cov_44.824411	15	94	34	6	79	0.0759494
NODE_29364_length_566_cov_44.824411	67	147	4	4	80	0.0500000
NODE_29364_length_566_cov_44.824411	67	147	8	10	80	0.1250000
NODE_29364_length_566_cov_44.824411	67	147	12	2	80	0.0250000
NODE_29364_length_566_cov_44.824411	67	147	14	3	80	0.0375000
NODE_29364_length_566_cov_44.824411	67	147	16	3	80	0.0375000
NODE_29364_length_566_cov_44.824411	67	147	24	2	80	0.0250000
NODE_29364_length_566_cov_44.824411	67	147	26	12	80	0.1500000
NODE_29364_length_566_cov_44.824411	67	147	32	23	80	0.2875000
NODE_29364_length_566_cov_44.824411	67	147	34	21	80	0.2625000
NODE_29364_length_566_cov_44.824411	67	147	4	4	80	0.0500000
NODE_29364_length_566_cov_44.824411	67	147	8	10	80	0.1250000
NODE_29364_length_566_cov_44.824411	67	147	12	2	80	0.0250000
NODE_29364_length_566_cov_44.824411	67	147	14	3	80	0.0375000
NODE_29364_length_566_cov_44.824411	67	147	16	3	80	0.0375000
NODE_29364_length_566_cov_44.824411	67	147	24	2	80	0.0250000
NODE_29364_length_566_cov_44.824411	67	147	26	12	80	0.1500000
NODE_29364_length_566_cov_44.824411	67	147	32	23	80	0.2875000
NODE_29364_length_566_cov_44.824411	67	147	34	21	80	0.2625000
NODE_29364_length_566_cov_44.824411	77	147	4	4	70	0.0571429
NODE_29364_length_566_cov_44.824411	77	147	8	10	70	0.1428571
NODE_29364_length_566_cov_44.824411	77	147	12	2	70	0.0285714
NODE_29364_length_566_cov_44.824411	77	147	14	3	70	0.0428571
NODE_29364_length_566_cov_44.824411	77	147	16	3	70	0.0428571
NODE_29364_length_566_cov_44.824411	77	147	24	2	70	0.0285714
NODE_29364_length_566_cov_44.824411	77	147	26	12	70	0.1714286
NODE_29364_length_566_cov_44.824411	77	147	32	13	70	0.1857143
NODE_29364_length_566_cov_44.824411	77	147	34	21	70	0.3000000
NODE_29364_length_566_cov_44.824411	143	223	4	7	80	0.0875000
NODE_29364_length_566_cov_44.824411	143	223	5	29	80	0.3625000
NODE_29364_length_566_cov_44.824411	143	223	6	1	80	0.0125000
NODE_29364_length_566_cov_44.824411	143	223	14	30	80	0.3750000
NODE_29364_length_566_cov_44.824411	143	223	15	1	80	0.0125000
NODE_29364_length_566_cov_44.824411	143	223	16	12	80	0.1500000
NODE_29364_length_566_cov_44.824411	196	276	14	14	80	0.1750000
NODE_29364_length_566_cov_44.824411	196	276	15	54	80	0.6750000
NODE_29364_length_566_cov_44.824411	196	276	16	12	80	0.1500000
NODE_29367_length_566_cov_18.494647	344	424	0	34	80	0.4250000
NODE_29367_length_566_cov_18.494647	344	424	2	46	80	0.5750000
NODE_29367_length_566_cov_18.494647	397	477	0	80	80	1.0000000
NODE_29368_length_566_cov_17.537473	324	404	2	80	80	1.0000000
NODE_29368_length_566_cov_17.537473	377	457	0	29	80	0.3625000
NODE_29368_length_566_cov_17.537473	377	457	2	51	80	0.6375000
NODE_29369_length_566_cov_13.019272	157	237	0	80	80	1.0000000
NODE_29369_length_566_cov_13.019272	210	290	0	80	80	1.0000000
NODE_29371_length_566_cov_9.513919	191	279	0	81	88	0.9204546
NODE_29371_length_566_cov_9.513919	191	279	2	7	88	0.0795455
NODE_29371_length_566_cov_9.513919	252	332	0	20	80	0.2500000
NODE_29371_length_566_cov_9.513919	252	332	2	60	80	0.7500000
NODE_29397_length_566_cov_3.239829	292	334	0	42	42	1.0000000
NODE_29397_length_566_cov_3.239829	351	375	0	24	24	1.0000000
NODE_29437_length_566_cov_1.698073	432	481	2	49	49	1.0000000
NODE_29472_length_566_cov_0.957173	378	405	0	27	27	1.0000000
NODE_29503_length_565_cov_10.508584	202	280	0	78	78	1.0000000
NODE_29503_length_565_cov_10.508584	253	334	0	81	81	1.0000000
NODE_29509_length_565_cov_7.560086	170	246	3	8	76	0.1052632
NODE_29509_length_565_cov_7.560086	170	246	5	7	76	0.0921053
NODE_29509_length_565_cov_7.560086	170	246	6	61	76	0.8026316
NODE_29520_length_565_cov_4.045064	231	311	0	1	80	0.0125000
NODE_29520_length_565_cov_4.045064	231	311	2	18	80	0.2250000
NODE_29520_length_565_cov_4.045064	231	311	6	10	80	0.1250000
NODE_29520_length_565_cov_4.045064	231	311	8	51	80	0.6375000
NODE_29520_length_565_cov_4.045064	284	364	0	2	80	0.0250000
NODE_29520_length_565_cov_4.045064	284	364	4	20	80	0.2500000
NODE_29520_length_565_cov_4.045064	284	364	6	11	80	0.1375000
NODE_29520_length_565_cov_4.045064	284	364	8	47	80	0.5875000
NODE_29528_length_565_cov_3.399142	161	241	0	23	80	0.2875000
NODE_29528_length_565_cov_3.399142	161	241	4	23	80	0.2875000
NODE_29528_length_565_cov_3.399142	161	241	6	8	80	0.1000000
NODE_29528_length_565_cov_3.399142	161	241	8	26	80	0.3250000
NODE_29528_length_565_cov_3.399142	214	294	2	12	80	0.1500000
NODE_29528_length_565_cov_3.399142	214	294	6	24	80	0.3000000
NODE_29528_length_565_cov_3.399142	214	294	8	44	80	0.5500000
NODE_29542_length_565_cov_2.542918	302	382	0	80	80	1.0000000
NODE_29542_length_565_cov_2.542918	355	435	0	80	80	1.0000000
NODE_29650_length_564_cov_46.901075	129	209	35	6	80	0.0750000
NODE_29650_length_564_cov_46.901075	129	209	51	1	80	0.0125000
NODE_29650_length_564_cov_46.901075	129	209	52	66	80	0.8250000
NODE_29650_length_564_cov_46.901075	129	209	53	7	80	0.0875000
NODE_29650_length_564_cov_46.901075	182	262	17	18	80	0.2250000
NODE_29650_length_564_cov_46.901075	182	262	18	27	80	0.3375000
NODE_29650_length_564_cov_46.901075	182	262	52	20	80	0.2500000
NODE_29650_length_564_cov_46.901075	182	262	53	15	80	0.1875000
NODE_29651_length_564_cov_13.520430	300	380	0	80	80	1.0000000
NODE_29651_length_564_cov_13.520430	353	433	0	80	80	1.0000000
NODE_29653_length_564_cov_7.965591	291	332	4	41	41	1.0000000
NODE_29796_length_563_cov_24.487069	97	177	2	80	80	1.0000000
NODE_29796_length_563_cov_24.487069	150	230	2	44	80	0.5500000
NODE_29796_length_563_cov_24.487069	150	230	4	36	80	0.4500000
NODE_29800_length_563_cov_6.758621	301	367	4	12	66	0.1818182
NODE_29800_length_563_cov_6.758621	301	367	6	6	66	0.0909091
NODE_29800_length_563_cov_6.758621	301	367	8	3	66	0.0454545
NODE_29800_length_563_cov_6.758621	301	367	10	3	66	0.0454545
NODE_29800_length_563_cov_6.758621	301	367	12	15	66	0.2272727
NODE_29800_length_563_cov_6.758621	301	367	16	12	66	0.1818182
NODE_29800_length_563_cov_6.758621	301	367	22	15	66	0.2272727
NODE_29800_length_563_cov_6.758621	378	422	0	28	44	0.6363636
NODE_29800_length_563_cov_6.758621	378	422	2	2	44	0.0454545
NODE_29800_length_563_cov_6.758621	378	422	4	14	44	0.3181818
NODE_29802_length_563_cov_5.762931	48	135	0	87	87	1.0000000
NODE_29802_length_563_cov_5.762931	108	188	0	80	80	1.0000000
NODE_29808_length_563_cov_4.176724	197	277	0	80	80	1.0000000
NODE_29808_length_563_cov_4.176724	250	330	0	80	80	1.0000000
NODE_29809_length_563_cov_4.155172	273	315	18	17	42	0.4047619
NODE_29809_length_563_cov_4.155172	273	315	20	7	42	0.1666667
NODE_29809_length_563_cov_4.155172	273	315	22	18	42	0.4285714
NODE_29809_length_563_cov_4.155172	288	358	8	14	70	0.2000000
NODE_29809_length_563_cov_4.155172	288	358	16	21	70	0.3000000
NODE_29809_length_563_cov_4.155172	288	358	18	7	70	0.1000000
NODE_29809_length_563_cov_4.155172	288	358	20	10	70	0.1428571
NODE_29809_length_563_cov_4.155172	288	358	22	18	70	0.2571429
NODE_29925_length_562_cov_31.194384	47	127	0	52	80	0.6500000
NODE_29925_length_562_cov_31.194384	47	127	2	28	80	0.3500000
NODE_29925_length_562_cov_31.194384	100	180	0	2	80	0.0250000
NODE_29925_length_562_cov_31.194384	100	180	2	78	80	0.9750000
NODE_29926_length_562_cov_29.857451	33	113	0	6	80	0.0750000
NODE_29926_length_562_cov_29.857451	33	113	2	15	80	0.1875000
NODE_29926_length_562_cov_29.857451	33	113	8	41	80	0.5125000
NODE_29926_length_562_cov_29.857451	33	113	10	18	80	0.2250000
NODE_29926_length_562_cov_29.857451	86	166	2	11	80	0.1375000
NODE_29926_length_562_cov_29.857451	86	166	8	28	80	0.3500000
NODE_29926_length_562_cov_29.857451	86	166	10	41	80	0.5125000
NODE_29927_length_562_cov_23.194384	245	325	4	43	80	0.5375000
NODE_29927_length_562_cov_23.194384	245	325	8	37	80	0.4625000
NODE_29927_length_562_cov_23.194384	298	378	4	12	80	0.1500000
NODE_29927_length_562_cov_23.194384	298	378	8	68	80	0.8500000
NODE_29930_length_562_cov_10.304536	271	321	0	18	50	0.3600000
NODE_29930_length_562_cov_10.304536	271	321	4	32	50	0.6400000
NODE_29931_length_562_cov_9.131749	265	346	0	28	81	0.3456790
NODE_29931_length_562_cov_9.131749	265	346	4	28	81	0.3456790
NODE_29931_length_562_cov_9.131749	265	346	8	25	81	0.3086420
NODE_29931_length_562_cov_9.131749	319	399	4	2	80	0.0250000
NODE_29931_length_562_cov_9.131749	319	399	8	78	80	0.9750000
NODE_29960_length_562_cov_2.961123	350	398	0	48	48	1.0000000
NODE_30083_length_561_cov_18.049784	54	134	8	6	80	0.0750000
NODE_30083_length_561_cov_18.049784	54	134	9	12	80	0.1500000
NODE_30083_length_561_cov_18.049784	54	134	11	3	80	0.0375000
NODE_30083_length_561_cov_18.049784	54	134	12	59	80	0.7375000
NODE_30083_length_561_cov_18.049784	107	187	2	31	80	0.3875000
NODE_30083_length_561_cov_18.049784	107	187	4	15	80	0.1875000
NODE_30083_length_561_cov_18.049784	107	187	6	2	80	0.0250000
NODE_30083_length_561_cov_18.049784	107	187	8	11	80	0.1375000
NODE_30083_length_561_cov_18.049784	107	187	12	21	80	0.2625000
NODE_30087_length_561_cov_5.348485	208	274	0	24	66	0.3636364
NODE_30087_length_561_cov_5.348485	208	274	2	42	66	0.6363636
NODE_30105_length_561_cov_2.787879	216	285	0	10	69	0.1449275
NODE_30105_length_561_cov_2.787879	216	285	2	59	69	0.8550724
NODE_30120_length_561_cov_2.233766	339	419	0	80	80	1.0000000
NODE_30120_length_561_cov_2.233766	391	445	0	54	54	1.0000000
NODE_30120_length_561_cov_2.233766	392	438	0	46	46	1.0000000
NODE_30133_length_561_cov_1.803030	258	334	0	76	76	1.0000000
NODE_30224_length_560_cov_41.433839	67	147	4	27	80	0.3375000
NODE_30224_length_560_cov_41.433839	67	147	6	22	80	0.2750000
NODE_30224_length_560_cov_41.433839	67	147	10	6	80	0.0750000
NODE_30224_length_560_cov_41.433839	67	147	12	14	80	0.1750000
NODE_30224_length_560_cov_41.433839	67	147	14	11	80	0.1375000
NODE_30224_length_560_cov_41.433839	120	200	10	59	80	0.7375000
NODE_30224_length_560_cov_41.433839	120	200	12	11	80	0.1375000
NODE_30224_length_560_cov_41.433839	120	200	14	10	80	0.1250000
NODE_30225_length_560_cov_35.993492	366	446	0	80	80	1.0000000
NODE_30225_length_560_cov_35.993492	419	499	0	80	80	1.0000000
NODE_30226_length_560_cov_20.433839	342	422	2	7	80	0.0875000
NODE_30226_length_560_cov_20.433839	342	422	4	47	80	0.5875000
NODE_30226_length_560_cov_20.433839	342	422	6	26	80	0.3250000
NODE_30226_length_560_cov_20.433839	395	475	0	35	80	0.4375000
NODE_30226_length_560_cov_20.433839	395	475	4	45	80	0.5625000
NODE_30227_length_560_cov_13.850325	274	327	2	45	53	0.8490566
NODE_30227_length_560_cov_13.850325	274	327	4	8	53	0.1509434
NODE_30228_length_560_cov_12.075922	233	314	4	20	81	0.2469136
NODE_30228_length_560_cov_12.075922	233	314	6	61	81	0.7530864
NODE_30229_length_560_cov_8.594360	263	343	0	68	80	0.8500000
NODE_30229_length_560_cov_8.594360	263	343	2	1	80	0.0125000
NODE_30229_length_560_cov_8.594360	263	343	3	11	80	0.1375000
NODE_30229_length_560_cov_8.594360	316	396	0	15	80	0.1875000
NODE_30229_length_560_cov_8.594360	316	396	2	1	80	0.0125000
NODE_30229_length_560_cov_8.594360	316	396	3	23	80	0.2875000
NODE_30229_length_560_cov_8.594360	316	396	4	41	80	0.5125000
NODE_30237_length_560_cov_5.227766	264	328	6	11	64	0.1718750
NODE_30237_length_560_cov_5.227766	264	328	8	9	64	0.1406250
NODE_30237_length_560_cov_5.227766	264	328	12	44	64	0.6875000
NODE_30238_length_560_cov_5.056399	299	379	0	80	80	1.0000000
NODE_30238_length_560_cov_5.056399	352	432	0	80	80	1.0000000
NODE_30244_length_560_cov_4.518438	156	236	0	3	80	0.0375000
NODE_30244_length_560_cov_4.518438	156	236	2	77	80	0.9625000
NODE_30281_length_560_cov_2.154013	204	275	0	47	71	0.6619718
NODE_30281_length_560_cov_2.154013	204	275	1	24	71	0.3380282
NODE_30281_length_560_cov_2.154013	255	335	1	38	80	0.4750000
NODE_30281_length_560_cov_2.154013	255	335	2	42	80	0.5250000
NODE_30288_length_560_cov_2.017354	52	114	0	62	62	1.0000000
NODE_30363_length_559_cov_37.526087	289	370	0	78	81	0.9629630
NODE_30363_length_559_cov_37.526087	289	370	3	3	81	0.0370370
NODE_30363_length_559_cov_37.526087	343	423	0	24	80	0.3000000
NODE_30363_length_559_cov_37.526087	343	423	3	16	80	0.2000000
NODE_30363_length_559_cov_37.526087	343	423	5	23	80	0.2875000
NODE_30363_length_559_cov_37.526087	343	423	8	11	80	0.1375000
NODE_30363_length_559_cov_37.526087	343	423	10	6	80	0.0750000
NODE_30363_length_559_cov_37.526087	419	500	10	81	81	1.0000000
NODE_30363_length_559_cov_37.526087	473	553	3	31	80	0.3875000
NODE_30363_length_559_cov_37.526087	473	553	5	4	80	0.0500000
NODE_30363_length_559_cov_37.526087	473	553	8	7	80	0.0875000
NODE_30363_length_559_cov_37.526087	473	553	10	38	80	0.4750000
NODE_30365_length_559_cov_19.126087	388	468	0	80	80	1.0000000
NODE_30365_length_559_cov_19.126087	441	521	0	80	80	1.0000000
NODE_30366_length_559_cov_12.489130	262	341	1	35	79	0.4430380
NODE_30366_length_559_cov_12.489130	262	341	2	44	79	0.5569620
NODE_30366_length_559_cov_12.489130	316	394	0	22	78	0.2820513
NODE_30366_length_559_cov_12.489130	316	394	1	56	78	0.7179487
NODE_30370_length_559_cov_6.530435	283	363	4	80	80	1.0000000
NODE_30377_length_559_cov_4.930435	112	192	6	80	80	1.0000000
NODE_30377_length_559_cov_4.930435	165	244	0	19	79	0.2405063
NODE_30377_length_559_cov_4.930435	165	244	4	26	79	0.3291139
NODE_30377_length_559_cov_4.930435	165	244	6	34	79	0.4303797
NODE_30419_length_559_cov_1.776087	395	433	2	12	38	0.3157895
NODE_30419_length_559_cov_1.776087	395	433	4	26	38	0.6842105
NODE_30480_length_558_cov_13.102397	297	364	0	8	67	0.1194030
NODE_30480_length_558_cov_13.102397	297	364	4	35	67	0.5223880
NODE_30480_length_558_cov_13.102397	297	364	6	24	67	0.3582090
NODE_30482_length_558_cov_9.309368	369	449	0	17	80	0.2125000
NODE_30482_length_558_cov_9.309368	369	449	4	63	80	0.7875000
NODE_30482_length_558_cov_9.309368	422	502	0	2	80	0.0250000
NODE_30482_length_558_cov_9.309368	422	502	4	78	80	0.9750000
NODE_30489_length_558_cov_5.921569	304	361	0	17	57	0.2982456
NODE_30489_length_558_cov_5.921569	304	361	2	40	57	0.7017544
NODE_30493_length_558_cov_4.801743	197	266	0	46	69	0.6666667
NODE_30493_length_558_cov_4.801743	197	266	2	23	69	0.3333333
NODE_30493_length_558_cov_4.801743	197	277	0	46	80	0.5750000
NODE_30493_length_558_cov_4.801743	197	277	2	34	80	0.4250000
NODE_30493_length_558_cov_4.801743	250	330	2	68	80	0.8500000
NODE_30493_length_558_cov_4.801743	250	330	4	12	80	0.1500000
NODE_30493_length_558_cov_4.801743	250	330	2	68	80	0.8500000
NODE_30493_length_558_cov_4.801743	250	330	4	12	80	0.1500000
NODE_30495_length_558_cov_4.570806	188	244	8	17	56	0.3035714
NODE_30495_length_558_cov_4.570806	188	244	10	39	56	0.6964286
NODE_30536_length_558_cov_2.259259	236	294	4	17	58	0.2931035
NODE_30536_length_558_cov_2.259259	236	294	8	4	58	0.0689655
NODE_30536_length_558_cov_2.259259	236	294	10	2	58	0.0344828
NODE_30536_length_558_cov_2.259259	236	294	12	5	58	0.0862069
NODE_30536_length_558_cov_2.259259	236	294	14	30	58	0.5172414
NODE_30536_length_558_cov_2.259259	267	347	10	43	80	0.5375000
NODE_30536_length_558_cov_2.259259	267	347	12	4	80	0.0500000
NODE_30536_length_558_cov_2.259259	267	347	14	33	80	0.4125000
NODE_30568_length_558_cov_1.544662	403	483	0	80	80	1.0000000
NODE_30568_length_558_cov_1.544662	456	536	0	80	80	1.0000000
NODE_30623_length_557_cov_9.141921	255	335	0	80	80	1.0000000
NODE_30623_length_557_cov_9.141921	308	388	0	80	80	1.0000000
NODE_30626_length_557_cov_7.316594	210	290	0	12	80	0.1500000
NODE_30626_length_557_cov_7.316594	210	290	2	27	80	0.3375000
NODE_30626_length_557_cov_7.316594	210	290	4	9	80	0.1125000
NODE_30626_length_557_cov_7.316594	210	290	6	4	80	0.0500000
NODE_30626_length_557_cov_7.316594	210	290	8	6	80	0.0750000
NODE_30626_length_557_cov_7.316594	210	290	9	22	80	0.2750000
NODE_30626_length_557_cov_7.316594	263	341	8	5	78	0.0641026
NODE_30626_length_557_cov_7.316594	263	341	9	37	78	0.4743590
NODE_30626_length_557_cov_7.316594	263	341	10	36	78	0.4615385
NODE_30636_length_557_cov_4.259825	185	267	0	82	82	1.0000000
NODE_30646_length_557_cov_3.794760	131	188	0	57	57	1.0000000
NODE_30646_length_557_cov_3.794760	139	219	0	80	80	1.0000000
NODE_30650_length_557_cov_3.517467	246	325	0	10	79	0.1265823
NODE_30650_length_557_cov_3.517467	246	325	2	69	79	0.8734177
NODE_30650_length_557_cov_3.517467	298	378	0	63	80	0.7875000
NODE_30650_length_557_cov_3.517467	298	378	2	17	80	0.2125000
NODE_30652_length_557_cov_3.390830	366	395	12	5	29	0.1724138
NODE_30652_length_557_cov_3.390830	366	395	16	24	29	0.8275862
NODE_30792_length_556_cov_37.258206	122	202	0	21	80	0.2625000
NODE_30792_length_556_cov_37.258206	122	202	2	59	80	0.7375000
NODE_30792_length_556_cov_37.258206	175	255	0	59	80	0.7375000
NODE_30792_length_556_cov_37.258206	175	255	2	21	80	0.2625000
NODE_30793_length_556_cov_15.266958	360	440	2	15	80	0.1875000
NODE_30793_length_556_cov_15.266958	360	440	4	44	80	0.5500000
NODE_30793_length_556_cov_15.266958	360	440	8	21	80	0.2625000
NODE_30793_length_556_cov_15.266958	413	493	4	22	80	0.2750000
NODE_30793_length_556_cov_15.266958	413	493	6	32	80	0.4000000
NODE_30793_length_556_cov_15.266958	413	493	8	26	80	0.3250000
NODE_30794_length_556_cov_12.781182	341	421	4	24	80	0.3000000
NODE_30794_length_556_cov_12.781182	341	421	6	56	80	0.7000000
NODE_30794_length_556_cov_12.781182	394	474	0	25	80	0.3125000
NODE_30794_length_556_cov_12.781182	394	474	1	13	80	0.1625000
NODE_30794_length_556_cov_12.781182	394	474	3	2	80	0.0250000
NODE_30794_length_556_cov_12.781182	394	474	4	37	80	0.4625000
NODE_30794_length_556_cov_12.781182	394	474	6	3	80	0.0375000
NODE_30795_length_556_cov_11.131291	304	384	2	18	80	0.2250000
NODE_30795_length_556_cov_11.131291	304	384	4	16	80	0.2000000
NODE_30795_length_556_cov_11.131291	304	384	6	31	80	0.3875000
NODE_30795_length_556_cov_11.131291	304	384	8	15	80	0.1875000
NODE_30795_length_556_cov_11.131291	357	437	0	2	80	0.0250000
NODE_30795_length_556_cov_11.131291	357	437	2	69	80	0.8625000
NODE_30795_length_556_cov_11.131291	357	437	4	9	80	0.1125000
NODE_30797_length_556_cov_7.168490	163	243	0	80	80	1.0000000
NODE_30797_length_556_cov_7.168490	216	296	0	80	80	1.0000000
NODE_30798_length_556_cov_7.089716	325	379	2	7	54	0.1296296
NODE_30798_length_556_cov_7.089716	325	379	4	47	54	0.8703704
NODE_30801_length_556_cov_6.505470	232	312	4	35	80	0.4375000
NODE_30801_length_556_cov_6.505470	232	312	8	4	80	0.0500000
NODE_30801_length_556_cov_6.505470	232	312	10	41	80	0.5125000
NODE_30801_length_556_cov_6.505470	285	365	4	17	80	0.2125000
NODE_30801_length_556_cov_6.505470	285	365	6	15	80	0.1875000
NODE_30801_length_556_cov_6.505470	285	365	10	48	80	0.6000000
NODE_30802_length_556_cov_6.496718	140	179	2	39	39	1.0000000
NODE_30802_length_556_cov_6.496718	226	255	0	29	29	1.0000000
NODE_30809_length_556_cov_4.457330	197	277	2	2	80	0.0250000
NODE_30809_length_556_cov_4.457330	197	277	3	1	80	0.0125000
NODE_30809_length_556_cov_4.457330	197	277	4	15	80	0.1875000
NODE_30809_length_556_cov_4.457330	197	277	6	41	80	0.5125000
NODE_30809_length_556_cov_4.457330	197	277	8	21	80	0.2625000
NODE_30818_length_556_cov_3.761488	234	307	0	9	73	0.1232877
NODE_30818_length_556_cov_3.761488	234	307	2	64	73	0.8767123
NODE_30930_length_555_cov_20.949561	322	402	0	13	80	0.1625000
NODE_30930_length_555_cov_20.949561	322	402	2	67	80	0.8375000
NODE_30930_length_555_cov_20.949561	375	455	0	66	80	0.8250000
NODE_30930_length_555_cov_20.949561	375	455	2	14	80	0.1750000
NODE_30931_length_555_cov_16.822368	268	348	0	3	80	0.0375000
NODE_30931_length_555_cov_16.822368	268	348	2	77	80	0.9625000
NODE_30931_length_555_cov_16.822368	321	401	0	56	80	0.7000000
NODE_30931_length_555_cov_16.822368	321	401	2	24	80	0.3000000
NODE_30933_length_555_cov_9.912281	313	393	0	80	80	1.0000000
NODE_30935_length_555_cov_8.057018	277	357	0	79	80	0.9875000
NODE_30935_length_555_cov_8.057018	277	357	2	1	80	0.0125000
NODE_30935_length_555_cov_8.057018	330	410	0	26	80	0.3250000
NODE_30935_length_555_cov_8.057018	330	410	2	54	80	0.6750000
NODE_30938_length_555_cov_6.778509	62	92	4	12	30	0.4000000
NODE_30938_length_555_cov_6.778509	62	92	6	18	30	0.6000000
NODE_30986_length_555_cov_2.177632	208	288	2	80	80	1.0000000
NODE_30986_length_555_cov_2.177632	261	329	2	68	68	1.0000000
NODE_31092_length_554_cov_11.942857	118	198	0	5	80	0.0625000
NODE_31092_length_554_cov_11.942857	118	198	2	75	80	0.9375000
NODE_31092_length_554_cov_11.942857	171	251	0	58	80	0.7250000
NODE_31092_length_554_cov_11.942857	171	251	2	22	80	0.2750000
NODE_31096_length_554_cov_8.426374	242	322	4	80	80	1.0000000
NODE_31096_length_554_cov_8.426374	295	375	0	21	80	0.2625000
NODE_31096_length_554_cov_8.426374	295	375	4	59	80	0.7375000
NODE_31101_length_554_cov_6.116484	264	344	0	8	80	0.1000000
NODE_31101_length_554_cov_6.116484	264	344	2	57	80	0.7125000
NODE_31101_length_554_cov_6.116484	264	344	4	15	80	0.1875000
NODE_31101_length_554_cov_6.116484	317	393	2	26	76	0.3421053
NODE_31101_length_554_cov_6.116484	317	393	4	50	76	0.6578947
NODE_31115_length_554_cov_3.586813	207	286	0	79	79	1.0000000
NODE_31240_length_553_cov_42.017621	197	277	4	80	80	1.0000000
NODE_31240_length_553_cov_42.017621	250	330	0	14	80	0.1750000
NODE_31240_length_553_cov_42.017621	250	330	4	66	80	0.8250000
NODE_31241_length_553_cov_28.944934	333	413	0	27	80	0.3375000
NODE_31241_length_553_cov_28.944934	333	413	2	53	80	0.6625000
NODE_31241_length_553_cov_28.944934	386	466	0	76	80	0.9500000
NODE_31241_length_553_cov_28.944934	386	466	2	4	80	0.0500000
NODE_31242_length_553_cov_12.176211	242	322	0	23	80	0.2875000
NODE_31242_length_553_cov_12.176211	242	322	8	11	80	0.1375000
NODE_31242_length_553_cov_12.176211	242	322	14	46	80	0.5750000
NODE_31242_length_553_cov_12.176211	295	375	14	80	80	1.0000000
NODE_31244_length_553_cov_9.876652	232	312	0	80	80	1.0000000
NODE_31244_length_553_cov_9.876652	285	365	0	80	80	1.0000000
NODE_31246_length_553_cov_9.306167	207	287	0	80	80	1.0000000
NODE_31246_length_553_cov_9.306167	207	287	0	80	80	1.0000000
NODE_31246_length_553_cov_9.306167	260	340	0	80	80	1.0000000
NODE_31259_length_553_cov_3.729075	36	93	20	13	57	0.2280702
NODE_31259_length_553_cov_3.729075	36	93	22	1	57	0.0175439
NODE_31259_length_553_cov_3.729075	36	93	26	20	57	0.3508772
NODE_31259_length_553_cov_3.729075	36	93	28	23	57	0.4035088
NODE_31259_length_553_cov_3.729075	89	146	17	1	57	0.0175439
NODE_31259_length_553_cov_3.729075	89	146	22	6	57	0.1052632
NODE_31259_length_553_cov_3.729075	89	146	24	3	57	0.0526316
NODE_31259_length_553_cov_3.729075	89	146	25	4	57	0.0701754
NODE_31259_length_553_cov_3.729075	89	146	26	7	57	0.1228070
NODE_31259_length_553_cov_3.729075	89	146	28	36	57	0.6315789
NODE_31266_length_553_cov_3.310573	226	293	0	67	67	1.0000000
NODE_31279_length_553_cov_2.678414	102	180	0	78	78	1.0000000
NODE_31279_length_553_cov_2.678414	248	275	0	27	27	1.0000000
NODE_31295_length_553_cov_1.958150	416	462	10	1	46	0.0217391
NODE_31295_length_553_cov_1.958150	416	462	12	11	46	0.2391304
NODE_31295_length_553_cov_1.958150	416	462	14	2	46	0.0434783
NODE_31295_length_553_cov_1.958150	416	462	18	32	46	0.6956522
NODE_31295_length_553_cov_1.958150	469	515	12	1	46	0.0217391
NODE_31295_length_553_cov_1.958150	469	515	14	2	46	0.0434783
NODE_31295_length_553_cov_1.958150	469	515	16	11	46	0.2391304
NODE_31295_length_553_cov_1.958150	469	515	18	32	46	0.6956522
NODE_31377_length_552_cov_92.070640	298	378	6	3	80	0.0375000
NODE_31377_length_552_cov_92.070640	298	378	7	1	80	0.0125000
NODE_31377_length_552_cov_92.070640	298	378	13	2	80	0.0250000
NODE_31377_length_552_cov_92.070640	298	378	14	19	80	0.2375000
NODE_31377_length_552_cov_92.070640	298	378	20	1	80	0.0125000
NODE_31377_length_552_cov_92.070640	298	378	22	10	80	0.1250000
NODE_31377_length_552_cov_92.070640	298	378	34	16	80	0.2000000
NODE_31377_length_552_cov_92.070640	298	378	35	1	80	0.0125000
NODE_31377_length_552_cov_92.070640	298	378	36	24	80	0.3000000
NODE_31377_length_552_cov_92.070640	298	378	37	3	80	0.0375000
NODE_31377_length_552_cov_92.070640	298	378	6	3	80	0.0375000
NODE_31377_length_552_cov_92.070640	298	378	7	1	80	0.0125000
NODE_31377_length_552_cov_92.070640	298	378	13	2	80	0.0250000
NODE_31377_length_552_cov_92.070640	298	378	14	19	80	0.2375000
NODE_31377_length_552_cov_92.070640	298	378	20	1	80	0.0125000
NODE_31377_length_552_cov_92.070640	298	378	22	10	80	0.1250000
NODE_31377_length_552_cov_92.070640	298	378	34	16	80	0.2000000
NODE_31377_length_552_cov_92.070640	298	378	35	1	80	0.0125000
NODE_31377_length_552_cov_92.070640	298	378	36	24	80	0.3000000
NODE_31377_length_552_cov_92.070640	298	378	37	3	80	0.0375000
NODE_31377_length_552_cov_92.070640	374	454	14	2	80	0.0250000
NODE_31377_length_552_cov_92.070640	374	454	15	4	80	0.0500000
NODE_31377_length_552_cov_92.070640	374	454	33	3	80	0.0375000
NODE_31377_length_552_cov_92.070640	374	454	35	11	80	0.1375000
NODE_31377_length_552_cov_92.070640	374	454	36	7	80	0.0875000
NODE_31377_length_552_cov_92.070640	374	454	37	1	80	0.0125000
NODE_31377_length_552_cov_92.070640	374	454	38	3	80	0.0375000
NODE_31377_length_552_cov_92.070640	374	454	39	4	80	0.0500000
NODE_31377_length_552_cov_92.070640	374	454	40	3	80	0.0375000
NODE_31377_length_552_cov_92.070640	374	454	41	6	80	0.0750000
NODE_31377_length_552_cov_92.070640	374	454	45	13	80	0.1625000
NODE_31377_length_552_cov_92.070640	374	454	47	23	80	0.2875000
NODE_31377_length_552_cov_92.070640	374	454	14	2	80	0.0250000
NODE_31377_length_552_cov_92.070640	374	454	15	4	80	0.0500000
NODE_31377_length_552_cov_92.070640	374	454	33	3	80	0.0375000
NODE_31377_length_552_cov_92.070640	374	454	35	11	80	0.1375000
NODE_31377_length_552_cov_92.070640	374	454	36	7	80	0.0875000
NODE_31377_length_552_cov_92.070640	374	454	37	1	80	0.0125000
NODE_31377_length_552_cov_92.070640	374	454	38	3	80	0.0375000
NODE_31377_length_552_cov_92.070640	374	454	39	4	80	0.0500000
NODE_31377_length_552_cov_92.070640	374	454	40	3	80	0.0375000
NODE_31377_length_552_cov_92.070640	374	454	41	6	80	0.0750000
NODE_31377_length_552_cov_92.070640	374	454	45	13	80	0.1625000
NODE_31377_length_552_cov_92.070640	374	454	47	23	80	0.2875000
NODE_31377_length_552_cov_92.070640	374	454	14	2	80	0.0250000
NODE_31377_length_552_cov_92.070640	374	454	15	4	80	0.0500000
NODE_31377_length_552_cov_92.070640	374	454	33	3	80	0.0375000
NODE_31377_length_552_cov_92.070640	374	454	35	11	80	0.1375000
NODE_31377_length_552_cov_92.070640	374	454	36	7	80	0.0875000
NODE_31377_length_552_cov_92.070640	374	454	37	1	80	0.0125000
NODE_31377_length_552_cov_92.070640	374	454	38	3	80	0.0375000
NODE_31377_length_552_cov_92.070640	374	454	39	4	80	0.0500000
NODE_31377_length_552_cov_92.070640	374	454	40	3	80	0.0375000
NODE_31377_length_552_cov_92.070640	374	454	41	6	80	0.0750000
NODE_31377_length_552_cov_92.070640	374	454	45	13	80	0.1625000
NODE_31377_length_552_cov_92.070640	374	454	47	23	80	0.2875000
NODE_31377_length_552_cov_92.070640	374	454	14	2	80	0.0250000
NODE_31377_length_552_cov_92.070640	374	454	15	4	80	0.0500000
NODE_31377_length_552_cov_92.070640	374	454	33	3	80	0.0375000
NODE_31377_length_552_cov_92.070640	374	454	35	11	80	0.1375000
NODE_31377_length_552_cov_92.070640	374	454	36	7	80	0.0875000
NODE_31377_length_552_cov_92.070640	374	454	37	1	80	0.0125000
NODE_31377_length_552_cov_92.070640	374	454	38	3	80	0.0375000
NODE_31377_length_552_cov_92.070640	374	454	39	4	80	0.0500000
NODE_31377_length_552_cov_92.070640	374	454	40	3	80	0.0375000
NODE_31377_length_552_cov_92.070640	374	454	41	6	80	0.0750000
NODE_31377_length_552_cov_92.070640	374	454	45	13	80	0.1625000
NODE_31377_length_552_cov_92.070640	374	454	47	23	80	0.2875000
NODE_31377_length_552_cov_92.070640	374	450	15	2	76	0.0263158
NODE_31377_length_552_cov_92.070640	374	450	33	3	76	0.0394737
NODE_31377_length_552_cov_92.070640	374	450	35	11	76	0.1447368
NODE_31377_length_552_cov_92.070640	374	450	36	7	76	0.0921053
NODE_31377_length_552_cov_92.070640	374	450	37	1	76	0.0131579
NODE_31377_length_552_cov_92.070640	374	450	38	3	76	0.0394737
NODE_31377_length_552_cov_92.070640	374	450	39	4	76	0.0526316
NODE_31377_length_552_cov_92.070640	374	450	40	3	76	0.0394737
NODE_31377_length_552_cov_92.070640	374	450	41	6	76	0.0789474
NODE_31377_length_552_cov_92.070640	374	450	45	13	76	0.1710526
NODE_31377_length_552_cov_92.070640	374	450	47	23	76	0.3026316
NODE_31377_length_552_cov_92.070640	427	507	10	7	80	0.0875000
NODE_31377_length_552_cov_92.070640	427	507	12	7	80	0.0875000
NODE_31377_length_552_cov_92.070640	427	507	14	41	80	0.5125000
NODE_31377_length_552_cov_92.070640	427	507	15	4	80	0.0500000
NODE_31377_length_552_cov_92.070640	427	507	33	3	80	0.0375000
NODE_31377_length_552_cov_92.070640	427	507	35	11	80	0.1375000
NODE_31377_length_552_cov_92.070640	427	507	41	3	80	0.0375000
NODE_31377_length_552_cov_92.070640	427	507	45	4	80	0.0500000
NODE_31377_length_552_cov_92.070640	427	507	10	7	80	0.0875000
NODE_31377_length_552_cov_92.070640	427	507	12	7	80	0.0875000
NODE_31377_length_552_cov_92.070640	427	507	14	41	80	0.5125000
NODE_31377_length_552_cov_92.070640	427	507	15	4	80	0.0500000
NODE_31377_length_552_cov_92.070640	427	507	33	3	80	0.0375000
NODE_31377_length_552_cov_92.070640	427	507	35	11	80	0.1375000
NODE_31377_length_552_cov_92.070640	427	507	41	3	80	0.0375000
NODE_31377_length_552_cov_92.070640	427	507	45	4	80	0.0500000
NODE_31377_length_552_cov_92.070640	427	498	12	5	71	0.0704225
NODE_31377_length_552_cov_92.070640	427	498	14	41	71	0.5774648
NODE_31377_length_552_cov_92.070640	427	498	15	4	71	0.0563380
NODE_31377_length_552_cov_92.070640	427	498	33	3	71	0.0422535
NODE_31377_length_552_cov_92.070640	427	498	35	11	71	0.1549296
NODE_31377_length_552_cov_92.070640	427	498	41	3	71	0.0422535
NODE_31377_length_552_cov_92.070640	427	498	45	4	71	0.0563380
NODE_31377_length_552_cov_92.070640	430	500	12	7	70	0.1000000
NODE_31377_length_552_cov_92.070640	430	500	14	41	70	0.5857143
NODE_31377_length_552_cov_92.070640	430	500	15	4	70	0.0571429
NODE_31377_length_552_cov_92.070640	430	500	33	3	70	0.0428571
NODE_31377_length_552_cov_92.070640	430	500	35	11	70	0.1571429
NODE_31377_length_552_cov_92.070640	430	500	41	3	70	0.0428571
NODE_31377_length_552_cov_92.070640	430	500	45	1	70	0.0142857
NODE_31377_length_552_cov_92.070640	432	507	10	7	75	0.0933333
NODE_31377_length_552_cov_92.070640	432	507	12	7	75	0.0933333
NODE_31377_length_552_cov_92.070640	432	507	14	41	75	0.5466667
NODE_31377_length_552_cov_92.070640	432	507	15	4	75	0.0533333
NODE_31377_length_552_cov_92.070640	432	507	33	3	75	0.0400000
NODE_31377_length_552_cov_92.070640	432	507	35	11	75	0.1466667
NODE_31377_length_552_cov_92.070640	432	507	41	2	75	0.0266667
NODE_31378_length_552_cov_20.432671	151	231	4	7	80	0.0875000
NODE_31378_length_552_cov_20.432671	151	231	6	14	80	0.1750000
NODE_31378_length_552_cov_20.432671	151	231	10	59	80	0.7375000
NODE_31378_length_552_cov_20.432671	204	284	4	26	80	0.3250000
NODE_31378_length_552_cov_20.432671	204	284	8	25	80	0.3125000
NODE_31378_length_552_cov_20.432671	204	284	10	29	80	0.3625000
NODE_31379_length_552_cov_18.075055	257	333	0	1	76	0.0131579
NODE_31379_length_552_cov_18.075055	257	333	1	14	76	0.1842105
NODE_31379_length_552_cov_18.075055	257	333	2	61	76	0.8026316
NODE_31380_length_552_cov_13.331126	214	294	0	33	80	0.4125000
NODE_31380_length_552_cov_13.331126	214	294	2	47	80	0.5875000
NODE_31380_length_552_cov_13.331126	267	347	0	41	80	0.5125000
NODE_31380_length_552_cov_13.331126	267	347	2	39	80	0.4875000
NODE_31381_length_552_cov_12.774834	360	440	0	80	80	1.0000000
NODE_31381_length_552_cov_12.774834	413	493	0	80	80	1.0000000
NODE_31384_length_552_cov_8.883002	310	390	2	15	80	0.1875000
NODE_31384_length_552_cov_8.883002	310	390	4	27	80	0.3375000
NODE_31384_length_552_cov_8.883002	310	390	16	35	80	0.4375000
NODE_31384_length_552_cov_8.883002	310	390	18	3	80	0.0375000
NODE_31384_length_552_cov_8.883002	363	443	14	24	80	0.3000000
NODE_31384_length_552_cov_8.883002	363	443	16	47	80	0.5875000
NODE_31384_length_552_cov_8.883002	363	443	18	3	80	0.0375000
NODE_31384_length_552_cov_8.883002	363	443	20	6	80	0.0750000
NODE_31385_length_552_cov_6.916115	206	281	4	9	75	0.1200000
NODE_31385_length_552_cov_6.916115	206	281	6	26	75	0.3466667
NODE_31385_length_552_cov_6.916115	206	281	8	40	75	0.5333334
NODE_31538_length_551_cov_34.070796	324	406	5	21	82	0.2560976
NODE_31538_length_551_cov_34.070796	324	406	10	61	82	0.7439024
NODE_31538_length_551_cov_34.070796	379	444	0	36	65	0.5538462
NODE_31538_length_551_cov_34.070796	379	444	5	23	65	0.3538462
NODE_31538_length_551_cov_34.070796	379	444	10	6	65	0.0923077
NODE_31541_length_551_cov_10.252212	164	244	0	80	80	1.0000000
NODE_31541_length_551_cov_10.252212	217	297	0	80	80	1.0000000
NODE_31543_length_551_cov_8.075221	363	406	4	43	43	1.0000000
NODE_31547_length_551_cov_5.668142	213	293	6	41	80	0.5125000
NODE_31547_length_551_cov_5.668142	213	293	8	9	80	0.1125000
NODE_31547_length_551_cov_5.668142	213	293	12	30	80	0.3750000
NODE_31547_length_551_cov_5.668142	266	346	4	6	80	0.0750000
NODE_31547_length_551_cov_5.668142	266	346	6	29	80	0.3625000
NODE_31547_length_551_cov_5.668142	266	346	8	5	80	0.0625000
NODE_31547_length_551_cov_5.668142	266	346	12	40	80	0.5000000
NODE_31552_length_551_cov_4.212389	171	242	8	16	71	0.2253521
NODE_31552_length_551_cov_4.212389	171	242	10	39	71	0.5492958
NODE_31552_length_551_cov_4.212389	171	242	12	5	71	0.0704225
NODE_31552_length_551_cov_4.212389	171	242	14	11	71	0.1549296
NODE_31552_length_551_cov_4.212389	215	263	6	3	48	0.0625000
NODE_31552_length_551_cov_4.212389	215	263	8	34	48	0.7083333
NODE_31552_length_551_cov_4.212389	215	263	10	1	48	0.0208333
NODE_31552_length_551_cov_4.212389	215	263	14	10	48	0.2083333
NODE_31563_length_551_cov_3.307522	227	307	0	80	80	1.0000000
NODE_31563_length_551_cov_3.307522	280	360	0	80	80	1.0000000
NODE_31693_length_550_cov_17.308204	101	181	4	6	80	0.0750000
NODE_31693_length_550_cov_17.308204	101	181	6	74	80	0.9250000
NODE_31693_length_550_cov_17.308204	154	234	0	27	80	0.3375000
NODE_31693_length_550_cov_17.308204	154	234	4	32	80	0.4000000
NODE_31693_length_550_cov_17.308204	154	234	6	21	80	0.2625000
NODE_31700_length_550_cov_5.580931	286	329	0	43	43	1.0000000
NODE_31701_length_550_cov_5.490022	458	500	0	42	42	1.0000000
NODE_31701_length_550_cov_5.490022	459	523	0	64	64	1.0000000
NODE_31703_length_550_cov_5.243902	194	274	0	25	80	0.3125000
NODE_31703_length_550_cov_5.243902	194	274	2	55	80	0.6875000
NODE_31703_length_550_cov_5.243902	247	327	0	78	80	0.9750000
NODE_31703_length_550_cov_5.243902	247	327	2	2	80	0.0250000
NODE_31706_length_550_cov_4.815965	184	264	0	15	80	0.1875000
NODE_31706_length_550_cov_4.815965	184	264	2	65	80	0.8125000
NODE_31726_length_550_cov_3.252772	308	388	2	4	80	0.0500000
NODE_31726_length_550_cov_3.252772	308	388	4	5	80	0.0625000
NODE_31726_length_550_cov_3.252772	308	388	6	2	80	0.0250000
NODE_31726_length_550_cov_3.252772	308	388	8	69	80	0.8625000
NODE_31756_length_550_cov_1.864745	189	259	0	5	70	0.0714286
NODE_31756_length_550_cov_1.864745	189	259	2	65	70	0.9285714
NODE_31756_length_550_cov_1.864745	189	258	0	4	69	0.0579710
NODE_31756_length_550_cov_1.864745	189	258	2	65	69	0.9420290
NODE_31847_length_549_cov_31.826667	216	292	19	1	76	0.0131579
NODE_31847_length_549_cov_31.826667	216	292	21	5	76	0.0657895
NODE_31847_length_549_cov_31.826667	216	292	23	1	76	0.0131579
NODE_31847_length_549_cov_31.826667	216	292	25	4	76	0.0526316
NODE_31847_length_549_cov_31.826667	216	292	29	11	76	0.1447368
NODE_31847_length_549_cov_31.826667	216	292	30	54	76	0.7105263
NODE_31847_length_549_cov_31.826667	267	331	13	7	64	0.1093750
NODE_31847_length_549_cov_31.826667	267	331	19	5	64	0.0781250
NODE_31847_length_549_cov_31.826667	267	331	23	1	64	0.0156250
NODE_31847_length_549_cov_31.826667	267	331	25	5	64	0.0781250
NODE_31847_length_549_cov_31.826667	267	331	27	14	64	0.2187500
NODE_31847_length_549_cov_31.826667	267	331	29	2	64	0.0312500
NODE_31847_length_549_cov_31.826667	267	331	30	30	64	0.4687500
NODE_31848_length_549_cov_14.124444	174	263	2	36	89	0.4044944
NODE_31848_length_549_cov_14.124444	174	263	4	53	89	0.5955056
NODE_31848_length_549_cov_14.124444	242	315	0	41	73	0.5616438
NODE_31848_length_549_cov_14.124444	242	315	2	32	73	0.4383562
NODE_31857_length_549_cov_5.375556	181	257	46	15	76	0.1973684
NODE_31857_length_549_cov_5.375556	181	257	48	17	76	0.2236842
NODE_31857_length_549_cov_5.375556	181	257	50	14	76	0.1842105
NODE_31857_length_549_cov_5.375556	181	257	52	14	76	0.1842105
NODE_31857_length_549_cov_5.375556	181	257	54	3	76	0.0394737
NODE_31857_length_549_cov_5.375556	181	257	56	10	76	0.1315790
NODE_31857_length_549_cov_5.375556	181	257	58	3	76	0.0394737
NODE_31859_length_549_cov_4.933333	260	340	0	4	80	0.0500000
NODE_31859_length_549_cov_4.933333	260	340	2	30	80	0.3750000
NODE_31859_length_549_cov_4.933333	260	340	4	46	80	0.5750000
NODE_31864_length_549_cov_4.537778	345	430	0	85	85	1.0000000
NODE_31864_length_549_cov_4.537778	403	483	0	80	80	1.0000000
NODE_31865_length_549_cov_4.124444	406	486	4	4	80	0.0500000
NODE_31865_length_549_cov_4.124444	406	486	6	5	80	0.0625000
NODE_31865_length_549_cov_4.124444	406	486	7	2	80	0.0250000
NODE_31865_length_549_cov_4.124444	406	486	8	69	80	0.8625000
NODE_31866_length_549_cov_3.931111	182	219	7	27	37	0.7297297
NODE_31866_length_549_cov_3.931111	182	219	12	3	37	0.0810811
NODE_31866_length_549_cov_3.931111	182	219	13	7	37	0.1891892
NODE_31868_length_549_cov_3.893333	287	367	0	80	80	1.0000000
NODE_31868_length_549_cov_3.893333	340	420	0	80	80	1.0000000
NODE_31887_length_549_cov_2.673333	282	343	2	61	61	1.0000000
NODE_31890_length_549_cov_2.622222	144	220	2	76	76	1.0000000
NODE_32013_length_548_cov_13.962138	285	371	0	4	86	0.0465116
NODE_32013_length_548_cov_13.962138	285	371	2	1	86	0.0116279
NODE_32013_length_548_cov_13.962138	285	371	6	81	86	0.9418604
NODE_32013_length_548_cov_13.962138	344	424	4	18	80	0.2250000
NODE_32013_length_548_cov_13.962138	344	424	6	62	80	0.7750000
NODE_32022_length_548_cov_4.683742	261	336	0	75	75	1.0000000
NODE_32023_length_548_cov_4.670379	140	182	0	42	42	1.0000000
NODE_32023_length_548_cov_4.670379	282	311	0	29	29	1.0000000
NODE_32023_length_548_cov_4.670379	410	455	0	45	45	1.0000000
NODE_32029_length_548_cov_3.630290	111	177	2	28	66	0.4242424
NODE_32029_length_548_cov_3.630290	111	177	6	38	66	0.5757576
NODE_32039_length_548_cov_3.080178	142	191	10	49	49	1.0000000
NODE_32180_length_547_cov_23.982143	243	323	12	1	80	0.0125000
NODE_32180_length_547_cov_23.982143	243	323	14	2	80	0.0250000
NODE_32180_length_547_cov_23.982143	243	323	26	5	80	0.0625000
NODE_32180_length_547_cov_23.982143	243	323	28	4	80	0.0500000
NODE_32180_length_547_cov_23.982143	243	323	30	31	80	0.3875000
NODE_32180_length_547_cov_23.982143	243	323	32	4	80	0.0500000
NODE_32180_length_547_cov_23.982143	243	323	36	4	80	0.0500000
NODE_32180_length_547_cov_23.982143	243	323	38	10	80	0.1250000
NODE_32180_length_547_cov_23.982143	243	323	42	7	80	0.0875000
NODE_32180_length_547_cov_23.982143	243	323	44	12	80	0.1500000
NODE_32180_length_547_cov_23.982143	243	323	12	1	80	0.0125000
NODE_32180_length_547_cov_23.982143	243	323	14	2	80	0.0250000
NODE_32180_length_547_cov_23.982143	243	323	26	5	80	0.0625000
NODE_32180_length_547_cov_23.982143	243	323	28	4	80	0.0500000
NODE_32180_length_547_cov_23.982143	243	323	30	31	80	0.3875000
NODE_32180_length_547_cov_23.982143	243	323	32	4	80	0.0500000
NODE_32180_length_547_cov_23.982143	243	323	36	4	80	0.0500000
NODE_32180_length_547_cov_23.982143	243	323	38	10	80	0.1250000
NODE_32180_length_547_cov_23.982143	243	323	42	7	80	0.0875000
NODE_32180_length_547_cov_23.982143	243	323	44	12	80	0.1500000
NODE_32180_length_547_cov_23.982143	252	323	28	3	71	0.0422535
NODE_32180_length_547_cov_23.982143	252	323	30	31	71	0.4366197
NODE_32180_length_547_cov_23.982143	252	323	32	4	71	0.0563380
NODE_32180_length_547_cov_23.982143	252	323	36	4	71	0.0563380
NODE_32180_length_547_cov_23.982143	252	323	38	10	71	0.1408451
NODE_32180_length_547_cov_23.982143	252	323	42	7	71	0.0985916
NODE_32180_length_547_cov_23.982143	252	323	44	12	71	0.1690141
NODE_32181_length_547_cov_23.555804	42	122	1	10	80	0.1250000
NODE_32181_length_547_cov_23.555804	42	122	2	12	80	0.1500000
NODE_32181_length_547_cov_23.555804	42	122	6	15	80	0.1875000
NODE_32181_length_547_cov_23.555804	42	122	12	43	80	0.5375000
NODE_32181_length_547_cov_23.555804	95	175	11	3	80	0.0375000
NODE_32181_length_547_cov_23.555804	95	175	12	77	80	0.9625000
NODE_32183_length_547_cov_12.819196	190	270	4	2	80	0.0250000
NODE_32183_length_547_cov_12.819196	190	270	8	3	80	0.0375000
NODE_32183_length_547_cov_12.819196	190	270	12	1	80	0.0125000
NODE_32183_length_547_cov_12.819196	190	270	19	14	80	0.1750000
NODE_32183_length_547_cov_12.819196	190	270	21	60	80	0.7500000
NODE_32195_length_547_cov_5.207589	290	370	0	20	80	0.2500000
NODE_32195_length_547_cov_5.207589	290	370	2	28	80	0.3500000
NODE_32195_length_547_cov_5.207589	290	370	7	9	80	0.1125000
NODE_32195_length_547_cov_5.207589	290	370	9	16	80	0.2000000
NODE_32195_length_547_cov_5.207589	290	370	29	1	80	0.0125000
NODE_32195_length_547_cov_5.207589	290	370	30	6	80	0.0750000
NODE_32195_length_547_cov_5.207589	343	423	7	4	80	0.0500000
NODE_32195_length_547_cov_5.207589	343	423	9	16	80	0.2000000
NODE_32195_length_547_cov_5.207589	343	423	29	1	80	0.0125000
NODE_32195_length_547_cov_5.207589	343	423	30	6	80	0.0750000
NODE_32195_length_547_cov_5.207589	343	423	32	7	80	0.0875000
NODE_32195_length_547_cov_5.207589	343	423	34	20	80	0.2500000
NODE_32195_length_547_cov_5.207589	343	423	35	26	80	0.3250000
NODE_32197_length_547_cov_4.975446	411	488	0	77	77	1.0000000
NODE_32197_length_547_cov_4.975446	461	542	0	81	81	1.0000000
NODE_32199_length_547_cov_4.683036	451	492	0	41	41	1.0000000
NODE_32204_length_547_cov_4.138393	97	175	2	8	78	0.1025641
NODE_32204_length_547_cov_4.138393	97	175	6	70	78	0.8974359
NODE_32204_length_547_cov_4.138393	151	228	0	2	77	0.0259740
NODE_32204_length_547_cov_4.138393	151	228	2	18	77	0.2337662
NODE_32204_length_547_cov_4.138393	151	228	6	57	77	0.7402598
NODE_32206_length_547_cov_4.026786	136	216	0	80	80	1.0000000
NODE_32206_length_547_cov_4.026786	189	269	0	80	80	1.0000000
NODE_32215_length_547_cov_3.468750	219	299	0	5	80	0.0625000
NODE_32215_length_547_cov_3.468750	219	299	4	75	80	0.9375000
NODE_32222_length_547_cov_2.901786	304	384	2	80	80	1.0000000
NODE_32347_length_546_cov_17.733781	159	239	4	20	80	0.2500000
NODE_32347_length_546_cov_17.733781	159	239	5	2	80	0.0250000
NODE_32347_length_546_cov_17.733781	159	239	6	58	80	0.7250000
NODE_32347_length_546_cov_17.733781	212	293	2	52	81	0.6419753
NODE_32347_length_546_cov_17.733781	212	293	4	13	81	0.1604938
NODE_32347_length_546_cov_17.733781	212	293	6	16	81	0.1975309
NODE_32348_length_546_cov_16.275168	272	352	2	2	80	0.0250000
NODE_32348_length_546_cov_16.275168	272	352	4	78	80	0.9750000
NODE_32348_length_546_cov_16.275168	325	405	0	31	80	0.3875000
NODE_32348_length_546_cov_16.275168	325	405	4	49	80	0.6125000
NODE_32349_length_546_cov_8.201342	179	259	0	5	80	0.0625000
NODE_32349_length_546_cov_8.201342	179	259	1	8	80	0.1000000
NODE_32349_length_546_cov_8.201342	179	259	3	67	80	0.8375000
NODE_32351_length_546_cov_7.454139	241	321	2	80	80	1.0000000
NODE_32351_length_546_cov_7.454139	294	374	0	46	80	0.5750000
NODE_32351_length_546_cov_7.454139	294	374	2	34	80	0.4250000
NODE_32380_length_546_cov_3.192394	171	251	0	36	80	0.4500000
NODE_32380_length_546_cov_3.192394	171	251	4	44	80	0.5500000
NODE_32510_length_545_cov_31.524664	38	118	0	10	80	0.1250000
NODE_32510_length_545_cov_31.524664	38	118	4	25	80	0.3125000
NODE_32510_length_545_cov_31.524664	38	118	5	5	80	0.0625000
NODE_32510_length_545_cov_31.524664	38	118	6	8	80	0.1000000
NODE_32510_length_545_cov_31.524664	38	118	8	10	80	0.1250000
NODE_32510_length_545_cov_31.524664	38	118	16	22	80	0.2750000
NODE_32510_length_545_cov_31.524664	91	171	8	5	80	0.0625000
NODE_32510_length_545_cov_31.524664	91	171	12	25	80	0.3125000
NODE_32510_length_545_cov_31.524664	91	171	16	50	80	0.6250000
NODE_32517_length_545_cov_5.524664	268	348	8	1	80	0.0125000
NODE_32517_length_545_cov_5.524664	268	348	10	18	80	0.2250000
NODE_32517_length_545_cov_5.524664	268	348	12	20	80	0.2500000
NODE_32517_length_545_cov_5.524664	268	348	13	41	80	0.5125000
NODE_32525_length_545_cov_3.885650	137	217	6	58	80	0.7250000
NODE_32525_length_545_cov_3.885650	137	217	8	22	80	0.2750000
NODE_32571_length_545_cov_2.013453	246	318	0	72	72	1.0000000
NODE_32599_length_545_cov_1.450673	130	179	0	23	49	0.4693878
NODE_32599_length_545_cov_1.450673	130	179	4	26	49	0.5306122
NODE_32616_length_545_cov_1.179372	431	469	0	38	38	1.0000000
NODE_32673_length_544_cov_37.705618	258	338	0	80	80	1.0000000
NODE_32673_length_544_cov_37.705618	311	391	0	80	80	1.0000000
NODE_32674_length_544_cov_33.847191	189	269	2	32	80	0.4000000
NODE_32674_length_544_cov_33.847191	189	269	4	48	80	0.6000000
NODE_32674_length_544_cov_33.847191	242	327	0	53	85	0.6235294
NODE_32674_length_544_cov_33.847191	242	327	2	13	85	0.1529412
NODE_32674_length_544_cov_33.847191	242	327	4	19	85	0.2235294
NODE_32675_length_544_cov_19.467416	251	331	0	16	80	0.2000000
NODE_32675_length_544_cov_19.467416	251	331	2	64	80	0.8000000
NODE_32675_length_544_cov_19.467416	304	384	0	69	80	0.8625000
NODE_32675_length_544_cov_19.467416	304	384	2	11	80	0.1375000
NODE_32676_length_544_cov_16.775281	163	243	0	80	80	1.0000000
NODE_32676_length_544_cov_16.775281	216	296	0	80	80	1.0000000
NODE_32677_length_544_cov_8.943820	81	161	0	70	80	0.8750000
NODE_32677_length_544_cov_8.943820	81	161	2	10	80	0.1250000
NODE_32677_length_544_cov_8.943820	134	214	0	17	80	0.2125000
NODE_32677_length_544_cov_8.943820	134	214	2	63	80	0.7875000
NODE_32678_length_544_cov_8.537079	283	363	2	36	80	0.4500000
NODE_32678_length_544_cov_8.537079	283	363	4	44	80	0.5500000
NODE_32678_length_544_cov_8.537079	336	416	2	11	80	0.1375000
NODE_32678_length_544_cov_8.537079	336	416	4	69	80	0.8625000
NODE_32680_length_544_cov_8.440449	209	289	0	43	80	0.5375000
NODE_32680_length_544_cov_8.440449	209	289	2	37	80	0.4625000
NODE_32680_length_544_cov_8.440449	262	342	0	80	80	1.0000000
NODE_32681_length_544_cov_7.604494	332	412	0	41	80	0.5125000
NODE_32681_length_544_cov_7.604494	332	412	2	18	80	0.2250000
NODE_32681_length_544_cov_7.604494	332	412	4	21	80	0.2625000
NODE_32681_length_544_cov_7.604494	385	465	2	16	80	0.2000000
NODE_32681_length_544_cov_7.604494	385	465	4	64	80	0.8000000
NODE_32684_length_544_cov_6.000000	461	513	2	18	52	0.3461539
NODE_32684_length_544_cov_6.000000	461	513	4	34	52	0.6538461
NODE_32830_length_543_cov_38.790541	116	196	6	43	80	0.5375000
NODE_32830_length_543_cov_38.790541	116	196	8	37	80	0.4625000
NODE_32830_length_543_cov_38.790541	169	249	0	2	80	0.0250000
NODE_32830_length_543_cov_38.790541	169	249	2	35	80	0.4375000
NODE_32830_length_543_cov_38.790541	169	249	6	27	80	0.3375000
NODE_32830_length_543_cov_38.790541	169	249	8	16	80	0.2000000
NODE_32831_length_543_cov_31.713964	193	273	0	30	80	0.3750000
NODE_32831_length_543_cov_31.713964	193	273	2	50	80	0.6250000
NODE_32831_length_543_cov_31.713964	246	326	2	80	80	1.0000000
NODE_32832_length_543_cov_13.689189	118	198	0	80	80	1.0000000
NODE_32832_length_543_cov_13.689189	171	251	0	80	80	1.0000000
NODE_32833_length_543_cov_10.601351	271	351	4	32	80	0.4000000
NODE_32833_length_543_cov_10.601351	271	351	6	48	80	0.6000000
NODE_32833_length_543_cov_10.601351	324	404	2	47	80	0.5875000
NODE_32833_length_543_cov_10.601351	324	404	4	14	80	0.1750000
NODE_32833_length_543_cov_10.601351	324	404	6	19	80	0.2375000
NODE_32833_length_543_cov_10.601351	400	480	0	69	80	0.8625000
NODE_32833_length_543_cov_10.601351	400	480	2	11	80	0.1375000
NODE_32833_length_543_cov_10.601351	453	533	0	80	80	1.0000000
NODE_32834_length_543_cov_9.202703	291	341	2	31	50	0.6200000
NODE_32834_length_543_cov_9.202703	291	341	4	19	50	0.3800000
NODE_32834_length_543_cov_9.202703	347	384	2	22	37	0.5945946
NODE_32834_length_543_cov_9.202703	347	384	4	15	37	0.4054054
NODE_32835_length_543_cov_7.722973	300	378	0	41	78	0.5256410
NODE_32835_length_543_cov_7.722973	300	378	1	10	78	0.1282051
NODE_32835_length_543_cov_7.722973	300	378	2	27	78	0.3461539
NODE_32835_length_543_cov_7.722973	351	431	0	80	80	1.0000000
NODE_32836_length_543_cov_6.815315	181	260	0	4	79	0.0506329
NODE_32836_length_543_cov_6.815315	181	260	2	15	79	0.1898734
NODE_32836_length_543_cov_6.815315	181	260	4	60	79	0.7594936
NODE_32845_length_543_cov_4.704955	145	225	0	80	80	1.0000000
NODE_32845_length_543_cov_4.704955	198	275	0	77	77	1.0000000
NODE_32864_length_543_cov_3.301802	247	312	4	65	65	1.0000000
NODE_32875_length_543_cov_2.635135	253	316	0	63	63	1.0000000
NODE_32875_length_543_cov_2.635135	293	373	0	28	80	0.3500000
NODE_32875_length_543_cov_2.635135	293	373	1	1	80	0.0125000
NODE_32875_length_543_cov_2.635135	293	373	3	7	80	0.0875000
NODE_32875_length_543_cov_2.635135	293	373	4	5	80	0.0625000
NODE_32875_length_543_cov_2.635135	293	373	8	39	80	0.4875000
NODE_33002_length_543_cov_0.682432	98	178	0	80	80	1.0000000
NODE_33012_length_542_cov_57.370203	287	367	0	17	80	0.2125000
NODE_33012_length_542_cov_57.370203	287	367	5	12	80	0.1500000
NODE_33012_length_542_cov_57.370203	287	367	6	7	80	0.0875000
NODE_33012_length_542_cov_57.370203	287	367	14	4	80	0.0500000
NODE_33012_length_542_cov_57.370203	287	367	16	8	80	0.1000000
NODE_33012_length_542_cov_57.370203	287	367	17	1	80	0.0125000
NODE_33012_length_542_cov_57.370203	287	367	18	3	80	0.0375000
NODE_33012_length_542_cov_57.370203	287	367	22	28	80	0.3500000
NODE_33012_length_542_cov_57.370203	340	378	22	38	38	1.0000000
NODE_33014_length_542_cov_11.616253	277	357	4	3	80	0.0375000
NODE_33014_length_542_cov_11.616253	277	357	6	77	80	0.9625000
NODE_33014_length_542_cov_11.616253	330	410	0	41	80	0.5125000
NODE_33014_length_542_cov_11.616253	330	410	4	15	80	0.1875000
NODE_33014_length_542_cov_11.616253	330	410	6	24	80	0.3000000
NODE_33015_length_542_cov_9.988713	253	333	2	33	80	0.4125000
NODE_33015_length_542_cov_9.988713	253	333	6	47	80	0.5875000
NODE_33015_length_542_cov_9.988713	306	386	0	37	80	0.4625000
NODE_33015_length_542_cov_9.988713	306	386	2	43	80	0.5375000
NODE_33018_length_542_cov_7.934537	215	295	12	13	80	0.1625000
NODE_33018_length_542_cov_7.934537	215	295	16	9	80	0.1125000
NODE_33018_length_542_cov_7.934537	215	295	18	13	80	0.1625000
NODE_33018_length_542_cov_7.934537	215	295	22	45	80	0.5625000
NODE_33018_length_542_cov_7.934537	268	348	2	1	80	0.0125000
NODE_33018_length_542_cov_7.934537	268	348	6	6	80	0.0750000
NODE_33018_length_542_cov_7.934537	268	348	10	30	80	0.3750000
NODE_33018_length_542_cov_7.934537	268	348	19	1	80	0.0125000
NODE_33018_length_542_cov_7.934537	268	348	20	3	80	0.0375000
NODE_33018_length_542_cov_7.934537	268	348	22	39	80	0.4875000
NODE_33020_length_542_cov_7.266366	159	239	0	58	80	0.7250000
NODE_33020_length_542_cov_7.266366	159	239	2	22	80	0.2750000
NODE_33021_length_542_cov_7.069977	230	304	0	74	74	1.0000000
NODE_33021_length_542_cov_7.069977	284	362	0	78	78	1.0000000
NODE_33025_length_542_cov_4.783296	237	267	16	3	30	0.1000000
NODE_33025_length_542_cov_4.783296	237	267	18	1	30	0.0333333
NODE_33025_length_542_cov_4.783296	237	267	20	15	30	0.5000000
NODE_33025_length_542_cov_4.783296	237	267	22	11	30	0.3666667
NODE_33035_length_542_cov_3.882619	275	303	2	6	28	0.2142857
NODE_33035_length_542_cov_3.882619	275	303	4	22	28	0.7857143
NODE_33040_length_542_cov_3.600451	82	131	0	49	49	1.0000000
NODE_33188_length_541_cov_22.463801	247	327	8	10	80	0.1250000
NODE_33188_length_541_cov_22.463801	247	327	10	2	80	0.0250000
NODE_33188_length_541_cov_22.463801	247	327	11	13	80	0.1625000
NODE_33188_length_541_cov_22.463801	247	327	12	55	80	0.6875000
NODE_33188_length_541_cov_22.463801	300	380	2	21	80	0.2625000
NODE_33188_length_541_cov_22.463801	300	380	10	5	80	0.0625000
NODE_33188_length_541_cov_22.463801	300	380	12	54	80	0.6750000
NODE_33190_length_541_cov_11.070136	60	140	0	19	80	0.2375000
NODE_33190_length_541_cov_11.070136	60	140	2	61	80	0.7625000
NODE_33190_length_541_cov_11.070136	113	193	2	80	80	1.0000000
NODE_33204_length_541_cov_3.690045	179	250	0	71	71	1.0000000
NODE_33300_length_541_cov_1.187783	352	400	3	48	48	1.0000000
NODE_33359_length_540_cov_78.353741	219	299	0	9	80	0.1125000
NODE_33359_length_540_cov_78.353741	219	299	2	71	80	0.8875000
NODE_33359_length_540_cov_78.353741	272	352	0	62	80	0.7750000
NODE_33359_length_540_cov_78.353741	272	352	2	18	80	0.2250000
NODE_33360_length_540_cov_33.473923	59	139	2	39	80	0.4875000
NODE_33360_length_540_cov_33.473923	59	139	4	41	80	0.5125000
NODE_33360_length_540_cov_33.473923	112	192	0	2	80	0.0250000
NODE_33360_length_540_cov_33.473923	112	192	2	46	80	0.5750000
NODE_33360_length_540_cov_33.473923	112	192	4	32	80	0.4000000
NODE_33361_length_540_cov_20.380952	97	177	8	27	80	0.3375000
NODE_33361_length_540_cov_20.380952	97	177	10	34	80	0.4250000
NODE_33361_length_540_cov_20.380952	97	177	12	19	80	0.2375000
NODE_33361_length_540_cov_20.380952	150	230	2	16	80	0.2000000
NODE_33361_length_540_cov_20.380952	150	230	4	10	80	0.1250000
NODE_33361_length_540_cov_20.380952	150	230	8	27	80	0.3375000
NODE_33361_length_540_cov_20.380952	150	230	10	8	80	0.1000000
NODE_33361_length_540_cov_20.380952	150	230	12	19	80	0.2375000
NODE_33362_length_540_cov_12.657596	248	328	0	26	80	0.3250000
NODE_33362_length_540_cov_12.657596	248	328	4	21	80	0.2625000
NODE_33362_length_540_cov_12.657596	248	328	6	33	80	0.4125000
NODE_33362_length_540_cov_12.657596	301	381	6	80	80	1.0000000
NODE_33363_length_540_cov_11.111111	180	260	0	11	80	0.1375000
NODE_33363_length_540_cov_11.111111	180	260	4	7	80	0.0875000
NODE_33363_length_540_cov_11.111111	180	260	8	62	80	0.7750000
NODE_33363_length_540_cov_11.111111	233	313	2	7	80	0.0875000
NODE_33363_length_540_cov_11.111111	233	313	6	15	80	0.1875000
NODE_33363_length_540_cov_11.111111	233	313	8	36	80	0.4500000
NODE_33363_length_540_cov_11.111111	233	313	10	22	80	0.2750000
NODE_33365_length_540_cov_6.328798	260	340	0	16	80	0.2000000
NODE_33365_length_540_cov_6.328798	260	340	2	64	80	0.8000000
NODE_33365_length_540_cov_6.328798	313	393	0	69	80	0.8625000
NODE_33365_length_540_cov_6.328798	313	393	2	11	80	0.1375000
NODE_33382_length_540_cov_3.587302	351	411	0	60	60	1.0000000
NODE_33503_length_539_cov_1023.604545	264	344	222	1	80	0.0125000
NODE_33503_length_539_cov_1023.604545	264	344	230	1	80	0.0125000
NODE_33503_length_539_cov_1023.604545	264	344	252	1	80	0.0125000
NODE_33503_length_539_cov_1023.604545	264	344	258	1	80	0.0125000
NODE_33503_length_539_cov_1023.604545	264	344	271	1	80	0.0125000
NODE_33503_length_539_cov_1023.604545	264	344	280	1	80	0.0125000
NODE_33503_length_539_cov_1023.604545	264	344	293	1	80	0.0125000
NODE_33503_length_539_cov_1023.604545	264	344	309	1	80	0.0125000
NODE_33503_length_539_cov_1023.604545	264	344	323	1	80	0.0125000
NODE_33503_length_539_cov_1023.604545	264	344	339	1	80	0.0125000
NODE_33503_length_539_cov_1023.604545	264	344	347	1	80	0.0125000
NODE_33503_length_539_cov_1023.604545	264	344	355	1	80	0.0125000
NODE_33503_length_539_cov_1023.604545	264	344	367	1	80	0.0125000
NODE_33503_length_539_cov_1023.604545	264	344	378	1	80	0.0125000
NODE_33503_length_539_cov_1023.604545	264	344	396	1	80	0.0125000
NODE_33503_length_539_cov_1023.604545	264	344	409	1	80	0.0125000
NODE_33503_length_539_cov_1023.604545	264	344	416	1	80	0.0125000
NODE_33503_length_539_cov_1023.604545	264	344	430	1	80	0.0125000
NODE_33503_length_539_cov_1023.604545	264	344	436	1	80	0.0125000
NODE_33503_length_539_cov_1023.604545	264	344	438	1	80	0.0125000
NODE_33503_length_539_cov_1023.604545	264	344	446	1	80	0.0125000
NODE_33503_length_539_cov_1023.604545	264	344	458	1	80	0.0125000
NODE_33503_length_539_cov_1023.604545	264	344	467	1	80	0.0125000
NODE_33503_length_539_cov_1023.604545	264	344	488	1	80	0.0125000
NODE_33503_length_539_cov_1023.604545	264	344	503	1	80	0.0125000
NODE_33503_length_539_cov_1023.604545	264	344	528	1	80	0.0125000
NODE_33503_length_539_cov_1023.604545	264	344	553	1	80	0.0125000
NODE_33503_length_539_cov_1023.604545	264	344	578	1	80	0.0125000
NODE_33503_length_539_cov_1023.604545	264	344	596	1	80	0.0125000
NODE_33503_length_539_cov_1023.604545	264	344	620	1	80	0.0125000
NODE_33503_length_539_cov_1023.604545	264	344	639	1	80	0.0125000
NODE_33503_length_539_cov_1023.604545	264	344	662	1	80	0.0125000
NODE_33503_length_539_cov_1023.604545	264	344	698	1	80	0.0125000
NODE_33503_length_539_cov_1023.604545	264	344	712	1	80	0.0125000
NODE_33503_length_539_cov_1023.604545	264	344	720	1	80	0.0125000
NODE_33503_length_539_cov_1023.604545	264	344	731	1	80	0.0125000
NODE_33503_length_539_cov_1023.604545	264	344	758	1	80	0.0125000
NODE_33503_length_539_cov_1023.604545	264	344	774	1	80	0.0125000
NODE_33503_length_539_cov_1023.604545	264	344	791	1	80	0.0125000
NODE_33503_length_539_cov_1023.604545	264	344	794	1	80	0.0125000
NODE_33503_length_539_cov_1023.604545	264	344	804	1	80	0.0125000
NODE_33503_length_539_cov_1023.604545	264	344	819	1	80	0.0125000
NODE_33503_length_539_cov_1023.604545	264	344	823	1	80	0.0125000
NODE_33503_length_539_cov_1023.604545	264	344	836	1	80	0.0125000
NODE_33503_length_539_cov_1023.604545	264	344	848	1	80	0.0125000
NODE_33503_length_539_cov_1023.604545	264	344	849	1	80	0.0125000
NODE_33503_length_539_cov_1023.604545	264	344	854	1	80	0.0125000
NODE_33503_length_539_cov_1023.604545	264	344	862	1	80	0.0125000
NODE_33503_length_539_cov_1023.604545	264	344	876	1	80	0.0125000
NODE_33503_length_539_cov_1023.604545	264	344	888	1	80	0.0125000
NODE_33503_length_539_cov_1023.604545	264	344	901	1	80	0.0125000
NODE_33503_length_539_cov_1023.604545	264	344	916	1	80	0.0125000
NODE_33503_length_539_cov_1023.604545	264	344	933	1	80	0.0125000
NODE_33503_length_539_cov_1023.604545	264	344	942	1	80	0.0125000
NODE_33503_length_539_cov_1023.604545	264	344	947	1	80	0.0125000
NODE_33503_length_539_cov_1023.604545	264	344	965	1	80	0.0125000
NODE_33503_length_539_cov_1023.604545	264	344	983	1	80	0.0125000
NODE_33503_length_539_cov_1023.604545	264	344	993	1	80	0.0125000
NODE_33503_length_539_cov_1023.604545	264	344	1011	1	80	0.0125000
NODE_33503_length_539_cov_1023.604545	264	344	1014	1	80	0.0125000
NODE_33503_length_539_cov_1023.604545	264	344	1021	1	80	0.0125000
NODE_33503_length_539_cov_1023.604545	264	344	1030	1	80	0.0125000
NODE_33503_length_539_cov_1023.604545	264	344	1048	1	80	0.0125000
NODE_33503_length_539_cov_1023.604545	264	344	1061	1	80	0.0125000
NODE_33503_length_539_cov_1023.604545	264	344	1067	1	80	0.0125000
NODE_33503_length_539_cov_1023.604545	264	344	1080	1	80	0.0125000
NODE_33503_length_539_cov_1023.604545	264	344	1094	1	80	0.0125000
NODE_33503_length_539_cov_1023.604545	264	344	1116	1	80	0.0125000
NODE_33503_length_539_cov_1023.604545	264	344	1119	1	80	0.0125000
NODE_33503_length_539_cov_1023.604545	264	344	1128	1	80	0.0125000
NODE_33503_length_539_cov_1023.604545	264	344	1129	1	80	0.0125000
NODE_33503_length_539_cov_1023.604545	264	344	1140	1	80	0.0125000
NODE_33503_length_539_cov_1023.604545	264	344	1141	1	80	0.0125000
NODE_33503_length_539_cov_1023.604545	264	344	1142	1	80	0.0125000
NODE_33503_length_539_cov_1023.604545	264	344	1148	2	80	0.0250000
NODE_33503_length_539_cov_1023.604545	264	344	1157	1	80	0.0125000
NODE_33503_length_539_cov_1023.604545	264	344	1161	2	80	0.0250000
NODE_33503_length_539_cov_1023.604545	264	344	1164	1	80	0.0125000
NODE_33503_length_539_cov_1023.604545	317	397	942	1	80	0.0125000
NODE_33503_length_539_cov_1023.604545	317	397	947	1	80	0.0125000
NODE_33503_length_539_cov_1023.604545	317	397	965	1	80	0.0125000
NODE_33503_length_539_cov_1023.604545	317	397	977	1	80	0.0125000
NODE_33503_length_539_cov_1023.604545	317	397	978	1	80	0.0125000
NODE_33503_length_539_cov_1023.604545	317	397	983	1	80	0.0125000
NODE_33503_length_539_cov_1023.604545	317	397	985	1	80	0.0125000
NODE_33503_length_539_cov_1023.604545	317	397	990	1	80	0.0125000
NODE_33503_length_539_cov_1023.604545	317	397	993	1	80	0.0125000
NODE_33503_length_539_cov_1023.604545	317	397	995	1	80	0.0125000
NODE_33503_length_539_cov_1023.604545	317	397	997	1	80	0.0125000
NODE_33503_length_539_cov_1023.604545	317	397	1005	1	80	0.0125000
NODE_33503_length_539_cov_1023.604545	317	397	1006	1	80	0.0125000
NODE_33503_length_539_cov_1023.604545	317	397	1011	1	80	0.0125000
NODE_33503_length_539_cov_1023.604545	317	397	1013	1	80	0.0125000
NODE_33503_length_539_cov_1023.604545	317	397	1014	2	80	0.0250000
NODE_33503_length_539_cov_1023.604545	317	397	1021	1	80	0.0125000
NODE_33503_length_539_cov_1023.604545	317	397	1023	1	80	0.0125000
NODE_33503_length_539_cov_1023.604545	317	397	1030	2	80	0.0250000
NODE_33503_length_539_cov_1023.604545	317	397	1036	1	80	0.0125000
NODE_33503_length_539_cov_1023.604545	317	397	1042	1	80	0.0125000
NODE_33503_length_539_cov_1023.604545	317	397	1048	1	80	0.0125000
NODE_33503_length_539_cov_1023.604545	317	397	1055	1	80	0.0125000
NODE_33503_length_539_cov_1023.604545	317	397	1059	1	80	0.0125000
NODE_33503_length_539_cov_1023.604545	317	397	1061	1	80	0.0125000
NODE_33503_length_539_cov_1023.604545	317	397	1067	1	80	0.0125000
NODE_33503_length_539_cov_1023.604545	317	397	1077	1	80	0.0125000
NODE_33503_length_539_cov_1023.604545	317	397	1080	1	80	0.0125000
NODE_33503_length_539_cov_1023.604545	317	397	1092	1	80	0.0125000
NODE_33503_length_539_cov_1023.604545	317	397	1093	1	80	0.0125000
NODE_33503_length_539_cov_1023.604545	317	397	1094	1	80	0.0125000
NODE_33503_length_539_cov_1023.604545	317	397	1097	2	80	0.0250000
NODE_33503_length_539_cov_1023.604545	317	397	1109	1	80	0.0125000
NODE_33503_length_539_cov_1023.604545	317	397	1114	1	80	0.0125000
NODE_33503_length_539_cov_1023.604545	317	397	1116	1	80	0.0125000
NODE_33503_length_539_cov_1023.604545	317	397	1119	1	80	0.0125000
NODE_33503_length_539_cov_1023.604545	317	397	1120	1	80	0.0125000
NODE_33503_length_539_cov_1023.604545	317	397	1128	1	80	0.0125000
NODE_33503_length_539_cov_1023.604545	317	397	1129	1	80	0.0125000
NODE_33503_length_539_cov_1023.604545	317	397	1134	1	80	0.0125000
NODE_33503_length_539_cov_1023.604545	317	397	1139	1	80	0.0125000
NODE_33503_length_539_cov_1023.604545	317	397	1140	1	80	0.0125000
NODE_33503_length_539_cov_1023.604545	317	397	1141	1	80	0.0125000
NODE_33503_length_539_cov_1023.604545	317	397	1142	1	80	0.0125000
NODE_33503_length_539_cov_1023.604545	317	397	1148	4	80	0.0500000
NODE_33503_length_539_cov_1023.604545	317	397	1155	1	80	0.0125000
NODE_33503_length_539_cov_1023.604545	317	397	1157	1	80	0.0125000
NODE_33503_length_539_cov_1023.604545	317	397	1160	1	80	0.0125000
NODE_33503_length_539_cov_1023.604545	317	397	1161	2	80	0.0250000
NODE_33503_length_539_cov_1023.604545	317	397	1162	2	80	0.0250000
NODE_33503_length_539_cov_1023.604545	317	397	1164	1	80	0.0125000
NODE_33503_length_539_cov_1023.604545	317	397	1165	2	80	0.0250000
NODE_33503_length_539_cov_1023.604545	317	397	1166	1	80	0.0125000
NODE_33503_length_539_cov_1023.604545	317	397	1168	1	80	0.0125000
NODE_33503_length_539_cov_1023.604545	317	397	1171	1	80	0.0125000
NODE_33503_length_539_cov_1023.604545	317	397	1174	1	80	0.0125000
NODE_33503_length_539_cov_1023.604545	317	397	1177	2	80	0.0250000
NODE_33503_length_539_cov_1023.604545	317	397	1178	1	80	0.0125000
NODE_33503_length_539_cov_1023.604545	317	397	1182	1	80	0.0125000
NODE_33503_length_539_cov_1023.604545	317	397	1183	1	80	0.0125000
NODE_33503_length_539_cov_1023.604545	317	397	1185	1	80	0.0125000
NODE_33503_length_539_cov_1023.604545	317	397	1186	1	80	0.0125000
NODE_33503_length_539_cov_1023.604545	317	397	1187	1	80	0.0125000
NODE_33503_length_539_cov_1023.604545	317	397	1191	1	80	0.0125000
NODE_33503_length_539_cov_1023.604545	317	397	1193	2	80	0.0250000
NODE_33503_length_539_cov_1023.604545	317	397	1194	1	80	0.0125000
NODE_33503_length_539_cov_1023.604545	317	397	1195	1	80	0.0125000
NODE_33503_length_539_cov_1023.604545	317	397	1197	1	80	0.0125000
NODE_33503_length_539_cov_1023.604545	317	397	1200	1	80	0.0125000
NODE_33504_length_539_cov_99.579545	478	539	9	2	61	0.0327869
NODE_33504_length_539_cov_99.579545	478	539	11	11	61	0.1803279
NODE_33504_length_539_cov_99.579545	478	539	13	2	61	0.0327869
NODE_33504_length_539_cov_99.579545	478	539	16	15	61	0.2459016
NODE_33504_length_539_cov_99.579545	478	539	21	2	61	0.0327869
NODE_33504_length_539_cov_99.579545	478	539	22	29	61	0.4754098
NODE_33505_length_539_cov_15.247727	217	297	4	80	80	1.0000000
NODE_33505_length_539_cov_15.247727	270	350	0	41	80	0.5125000
NODE_33505_length_539_cov_15.247727	270	350	2	4	80	0.0500000
NODE_33505_length_539_cov_15.247727	270	350	4	35	80	0.4375000
NODE_33506_length_539_cov_14.172727	278	350	4	72	72	1.0000000
NODE_33507_length_539_cov_13.154545	118	198	0	40	80	0.5000000
NODE_33507_length_539_cov_13.154545	118	198	1	1	80	0.0125000
NODE_33507_length_539_cov_13.154545	118	198	2	39	80	0.4875000
NODE_33507_length_539_cov_13.154545	171	251	0	6	80	0.0750000
NODE_33507_length_539_cov_13.154545	171	251	2	74	80	0.9250000
NODE_33508_length_539_cov_10.811364	48	128	0	29	80	0.3625000
NODE_33508_length_539_cov_10.811364	48	128	4	51	80	0.6375000
NODE_33508_length_539_cov_10.811364	101	181	3	25	80	0.3125000
NODE_33508_length_539_cov_10.811364	101	181	4	55	80	0.6875000
NODE_33509_length_539_cov_9.563636	201	277	2	20	76	0.2631579
NODE_33509_length_539_cov_9.563636	201	277	4	56	76	0.7368421
NODE_33510_length_539_cov_7.934091	311	369	0	13	58	0.2241379
NODE_33510_length_539_cov_7.934091	311	369	3	2	58	0.0344828
NODE_33510_length_539_cov_7.934091	311	369	4	1	58	0.0172414
NODE_33510_length_539_cov_7.934091	311	369	6	24	58	0.4137931
NODE_33510_length_539_cov_7.934091	311	369	7	8	58	0.1379310
NODE_33510_length_539_cov_7.934091	311	369	8	10	58	0.1724138
NODE_33510_length_539_cov_7.934091	342	422	6	9	80	0.1125000
NODE_33510_length_539_cov_7.934091	342	422	7	8	80	0.1000000
NODE_33510_length_539_cov_7.934091	342	422	8	63	80	0.7875000
NODE_33517_length_539_cov_5.740909	251	319	0	68	68	1.0000000
NODE_33517_length_539_cov_5.740909	301	372	0	71	71	1.0000000
NODE_33533_length_539_cov_3.627273	80	157	4	77	77	1.0000000
NODE_33533_length_539_cov_3.627273	130	175	2	17	45	0.3777778
NODE_33533_length_539_cov_3.627273	130	175	4	28	45	0.6222222
NODE_33569_length_539_cov_2.143182	325	371	0	46	46	1.0000000
NODE_33595_length_539_cov_1.618182	408	456	0	48	48	1.0000000
NODE_33623_length_539_cov_1.129545	97	134	0	37	37	1.0000000
NODE_33669_length_538_cov_23.193622	171	256	0	25	85	0.2941177
NODE_33669_length_538_cov_23.193622	171	256	4	5	85	0.0588235
NODE_33669_length_538_cov_23.193622	171	256	15	27	85	0.3176471
NODE_33669_length_538_cov_23.193622	171	256	16	28	85	0.3294118
NODE_33669_length_538_cov_23.193622	225	305	7	8	80	0.1000000
NODE_33669_length_538_cov_23.193622	225	305	9	2	80	0.0250000
NODE_33669_length_538_cov_23.193622	225	305	10	1	80	0.0125000
NODE_33669_length_538_cov_23.193622	225	305	11	4	80	0.0500000
NODE_33669_length_538_cov_23.193622	225	305	12	2	80	0.0250000
NODE_33669_length_538_cov_23.193622	225	305	15	3	80	0.0375000
NODE_33669_length_538_cov_23.193622	225	305	16	60	80	0.7500000
NODE_33672_length_538_cov_7.378132	145	225	1	5	80	0.0625000
NODE_33672_length_538_cov_7.378132	145	225	3	2	80	0.0250000
NODE_33672_length_538_cov_7.378132	145	225	5	21	80	0.2625000
NODE_33672_length_538_cov_7.378132	145	225	11	30	80	0.3750000
NODE_33672_length_538_cov_7.378132	145	225	12	22	80	0.2750000
NODE_33672_length_538_cov_7.378132	198	278	4	14	80	0.1750000
NODE_33672_length_538_cov_7.378132	198	278	10	24	80	0.3000000
NODE_33672_length_538_cov_7.378132	198	278	11	5	80	0.0625000
NODE_33672_length_538_cov_7.378132	198	278	12	37	80	0.4625000
NODE_33683_length_538_cov_4.496583	277	357	0	6	80	0.0750000
NODE_33683_length_538_cov_4.496583	277	357	2	13	80	0.1625000
NODE_33683_length_538_cov_4.496583	277	357	4	61	80	0.7625000
NODE_33683_length_538_cov_4.496583	330	410	0	18	80	0.2250000
NODE_33683_length_538_cov_4.496583	330	410	2	19	80	0.2375000
NODE_33683_length_538_cov_4.496583	330	410	4	43	80	0.5375000
NODE_33687_length_538_cov_3.753986	251	309	0	28	58	0.4827586
NODE_33687_length_538_cov_3.753986	251	309	2	30	58	0.5172414
NODE_33713_length_538_cov_2.239180	256	338	0	50	82	0.6097561
NODE_33713_length_538_cov_2.239180	256	338	1	29	82	0.3536585
NODE_33713_length_538_cov_2.239180	256	338	2	3	82	0.0365854
NODE_33814_length_538_cov_0.822323	397	477	6	2	80	0.0250000
NODE_33814_length_538_cov_0.822323	397	477	10	11	80	0.1375000
NODE_33814_length_538_cov_0.822323	397	477	12	67	80	0.8375000
NODE_33852_length_537_cov_13.031963	258	309	6	24	51	0.4705882
NODE_33852_length_537_cov_13.031963	258	309	11	27	51	0.5294118
NODE_33854_length_537_cov_9.552511	198	278	4	80	80	1.0000000
NODE_33854_length_537_cov_9.552511	251	332	0	39	81	0.4814815
NODE_33854_length_537_cov_9.552511	251	332	4	42	81	0.5185185
NODE_33960_length_537_cov_1.244292	107	187	2	3	80	0.0375000
NODE_33960_length_537_cov_1.244292	107	187	4	18	80	0.2250000
NODE_33960_length_537_cov_1.244292	107	187	6	9	80	0.1125000
NODE_33960_length_537_cov_1.244292	107	187	8	5	80	0.0625000
NODE_33960_length_537_cov_1.244292	107	187	14	9	80	0.1125000
NODE_33960_length_537_cov_1.244292	107	187	16	14	80	0.1750000
NODE_33960_length_537_cov_1.244292	107	187	18	22	80	0.2750000
NODE_34029_length_536_cov_87.622426	430	462	52	13	32	0.4062500
NODE_34029_length_536_cov_87.622426	430	462	53	13	32	0.4062500
NODE_34029_length_536_cov_87.622426	430	462	54	6	32	0.1875000
NODE_34030_length_536_cov_11.629291	119	199	0	51	80	0.6375000
NODE_34030_length_536_cov_11.629291	119	199	2	29	80	0.3625000
NODE_34030_length_536_cov_11.629291	172	252	2	80	80	1.0000000
NODE_34032_length_536_cov_6.613272	286	372	0	40	86	0.4651163
NODE_34032_length_536_cov_6.613272	286	372	2	46	86	0.5348837
NODE_34035_length_536_cov_5.810069	191	271	2	80	80	1.0000000
NODE_34035_length_536_cov_5.810069	244	324	2	71	80	0.8875000
NODE_34035_length_536_cov_5.810069	244	324	4	9	80	0.1125000
NODE_34035_length_536_cov_5.810069	374	404	2	30	30	1.0000000
NODE_34039_length_536_cov_4.729977	202	245	0	43	43	1.0000000
NODE_34057_length_536_cov_3.297483	86	126	0	40	40	1.0000000
NODE_34068_length_536_cov_2.796339	223	280	0	57	57	1.0000000
NODE_34094_length_536_cov_1.956522	181	230	6	1	49	0.0204082
NODE_34094_length_536_cov_1.956522	181	230	7	2	49	0.0408163
NODE_34094_length_536_cov_1.956522	181	230	9	4	49	0.0816327
NODE_34094_length_536_cov_1.956522	181	230	10	42	49	0.8571429
NODE_34095_length_536_cov_1.951945	203	284	0	3	81	0.0370370
NODE_34095_length_536_cov_1.951945	203	284	2	2	81	0.0246914
NODE_34095_length_536_cov_1.951945	203	284	3	11	81	0.1358025
NODE_34095_length_536_cov_1.951945	203	284	6	40	81	0.4938272
NODE_34095_length_536_cov_1.951945	203	284	8	2	81	0.0246914
NODE_34095_length_536_cov_1.951945	203	284	10	23	81	0.2839506
NODE_34095_length_536_cov_1.951945	306	368	0	24	62	0.3870968
NODE_34095_length_536_cov_1.951945	306	368	2	38	62	0.6129032
NODE_34209_length_535_cov_32.277523	158	238	1	1	80	0.0125000
NODE_34209_length_535_cov_32.277523	158	238	2	15	80	0.1875000
NODE_34209_length_535_cov_32.277523	158	238	6	26	80	0.3250000
NODE_34209_length_535_cov_32.277523	158	238	7	38	80	0.4750000
NODE_34209_length_535_cov_32.277523	211	291	1	1	80	0.0125000
NODE_34209_length_535_cov_32.277523	211	291	2	22	80	0.2750000
NODE_34209_length_535_cov_32.277523	211	291	3	5	80	0.0625000
NODE_34209_length_535_cov_32.277523	211	291	5	12	80	0.1500000
NODE_34209_length_535_cov_32.277523	211	291	7	11	80	0.1375000
NODE_34209_length_535_cov_32.277523	211	291	9	8	80	0.1000000
NODE_34209_length_535_cov_32.277523	211	291	10	21	80	0.2625000
NODE_34215_length_535_cov_5.910550	110	162	0	1	52	0.0192308
NODE_34215_length_535_cov_5.910550	110	162	2	51	52	0.9807692
NODE_34229_length_535_cov_3.795872	217	297	2	3	80	0.0375000
NODE_34229_length_535_cov_3.795872	217	297	4	77	80	0.9625000
NODE_34375_length_534_cov_54.331034	435	498	2	58	63	0.9206349
NODE_34375_length_534_cov_54.331034	435	498	4	1	63	0.0158730
NODE_34375_length_534_cov_54.331034	435	498	8	4	63	0.0634921
NODE_34375_length_534_cov_54.331034	471	534	0	20	63	0.3174603
NODE_34375_length_534_cov_54.331034	471	534	2	43	63	0.6825397
NODE_34377_length_534_cov_15.462069	460	534	0	74	74	1.0000000
NODE_34377_length_534_cov_15.462069	512	534	0	22	22	1.0000000
NODE_34378_length_534_cov_10.308046	268	348	0	80	80	1.0000000
NODE_34378_length_534_cov_10.308046	321	401	0	80	80	1.0000000
NODE_34380_length_534_cov_9.041379	204	284	0	80	80	1.0000000
NODE_34380_length_534_cov_9.041379	257	332	0	75	75	1.0000000
NODE_34383_length_534_cov_6.958621	273	303	0	30	30	1.0000000
NODE_34392_length_534_cov_5.022989	291	371	14	2	80	0.0250000
NODE_34392_length_534_cov_5.022989	291	371	25	6	80	0.0750000
NODE_34392_length_534_cov_5.022989	291	371	26	31	80	0.3875000
NODE_34392_length_534_cov_5.022989	291	371	27	13	80	0.1625000
NODE_34392_length_534_cov_5.022989	291	371	28	7	80	0.0875000
NODE_34392_length_534_cov_5.022989	291	371	30	7	80	0.0875000
NODE_34392_length_534_cov_5.022989	291	371	32	10	80	0.1250000
NODE_34392_length_534_cov_5.022989	291	371	38	4	80	0.0500000
NODE_34402_length_534_cov_3.873563	110	190	0	80	80	1.0000000
NODE_34409_length_534_cov_3.202299	221	301	0	80	80	1.0000000
NODE_34411_length_534_cov_3.158621	171	200	0	26	29	0.8965517
NODE_34411_length_534_cov_3.158621	171	200	1	3	29	0.1034483
NODE_34418_length_534_cov_3.002299	175	219	0	44	44	1.0000000
NODE_34489_length_534_cov_1.344828	475	518	0	43	43	1.0000000
NODE_34494_length_534_cov_1.291954	273	336	0	63	63	1.0000000
NODE_34511_length_534_cov_1.160920	227	264	0	37	37	1.0000000
NODE_34570_length_533_cov_13.956221	216	296	0	80	80	1.0000000
NODE_34570_length_533_cov_13.956221	269	349	0	80	80	1.0000000
NODE_34575_length_533_cov_8.207373	244	322	0	78	78	1.0000000
NODE_34576_length_533_cov_8.023041	230	310	3	22	80	0.2750000
NODE_34576_length_533_cov_8.023041	230	310	7	29	80	0.3625000
NODE_34576_length_533_cov_8.023041	230	310	10	29	80	0.3625000
NODE_34576_length_533_cov_8.023041	283	364	3	7	81	0.0864198
NODE_34576_length_533_cov_8.023041	283	364	7	31	81	0.3827161
NODE_34576_length_533_cov_8.023041	283	364	10	43	81	0.5308642
NODE_34585_length_533_cov_5.170507	308	369	0	61	61	1.0000000
NODE_34588_length_533_cov_4.988479	229	309	0	41	80	0.5125000
NODE_34588_length_533_cov_4.988479	229	309	2	39	80	0.4875000
NODE_34588_length_533_cov_4.988479	282	362	0	35	80	0.4375000
NODE_34588_length_533_cov_4.988479	282	362	2	45	80	0.5625000
NODE_34600_length_533_cov_3.638249	201	265	4	38	64	0.5937500
NODE_34600_length_533_cov_3.638249	201	265	6	26	64	0.4062500
NODE_34603_length_533_cov_3.511521	138	218	0	80	80	1.0000000
NODE_34615_length_533_cov_3.073733	294	340	0	46	46	1.0000000
NODE_34617_length_533_cov_3.052995	256	304	10	11	48	0.2291667
NODE_34617_length_533_cov_3.052995	256	304	14	37	48	0.7708333
NODE_34631_length_533_cov_2.366359	229	311	6	8	82	0.0975610
NODE_34631_length_533_cov_2.366359	229	311	8	29	82	0.3536585
NODE_34631_length_533_cov_2.366359	229	311	10	45	82	0.5487805
NODE_34635_length_533_cov_2.288018	468	490	0	22	22	1.0000000
NODE_34767_length_532_cov_73.279446	0	64	8	5	64	0.0781250
NODE_34767_length_532_cov_73.279446	0	64	13	1	64	0.0156250
NODE_34767_length_532_cov_73.279446	0	64	14	2	64	0.0312500
NODE_34767_length_532_cov_73.279446	0	64	16	6	64	0.0937500
NODE_34767_length_532_cov_73.279446	0	64	18	1	64	0.0156250
NODE_34767_length_532_cov_73.279446	0	64	20	1	64	0.0156250
NODE_34767_length_532_cov_73.279446	0	64	22	6	64	0.0937500
NODE_34767_length_532_cov_73.279446	0	64	24	1	64	0.0156250
NODE_34767_length_532_cov_73.279446	0	64	26	15	64	0.2343750
NODE_34767_length_532_cov_73.279446	0	64	27	26	64	0.4062500
NODE_34768_length_532_cov_23.055427	168	248	2	15	80	0.1875000
NODE_34768_length_532_cov_23.055427	168	248	4	47	80	0.5875000
NODE_34768_length_532_cov_23.055427	168	248	6	4	80	0.0500000
NODE_34768_length_532_cov_23.055427	168	248	8	2	80	0.0250000
NODE_34768_length_532_cov_23.055427	168	248	10	12	80	0.1500000
NODE_34768_length_532_cov_23.055427	221	301	4	9	80	0.1125000
NODE_34768_length_532_cov_23.055427	221	301	6	4	80	0.0500000
NODE_34768_length_532_cov_23.055427	221	301	7	15	80	0.1875000
NODE_34768_length_532_cov_23.055427	221	301	8	2	80	0.0250000
NODE_34768_length_532_cov_23.055427	221	301	9	18	80	0.2250000
NODE_34768_length_532_cov_23.055427	221	301	10	32	80	0.4000000
NODE_34769_length_532_cov_22.778291	256	336	2	5	80	0.0625000
NODE_34769_length_532_cov_22.778291	256	336	4	3	80	0.0375000
NODE_34769_length_532_cov_22.778291	256	336	6	71	80	0.8875000
NODE_34769_length_532_cov_22.778291	256	336	8	1	80	0.0125000
NODE_34769_length_532_cov_22.778291	309	389	0	32	80	0.4000000
NODE_34769_length_532_cov_22.778291	309	389	2	26	80	0.3250000
NODE_34769_length_532_cov_22.778291	309	389	4	3	80	0.0375000
NODE_34769_length_532_cov_22.778291	309	389	6	19	80	0.2375000
NODE_34770_length_532_cov_13.279446	85	165	0	80	80	1.0000000
NODE_34770_length_532_cov_13.279446	138	218	0	80	80	1.0000000
NODE_34774_length_532_cov_7.591224	171	235	8	22	64	0.3437500
NODE_34774_length_532_cov_7.591224	171	235	9	6	64	0.0937500
NODE_34774_length_532_cov_7.591224	171	235	17	5	64	0.0781250
NODE_34774_length_532_cov_7.591224	171	235	18	31	64	0.4843750
NODE_34774_length_532_cov_7.591224	172	235	8	21	63	0.3333333
NODE_34774_length_532_cov_7.591224	172	235	9	6	63	0.0952381
NODE_34774_length_532_cov_7.591224	172	235	17	5	63	0.0793651
NODE_34774_length_532_cov_7.591224	172	235	18	31	63	0.4920635
NODE_34774_length_532_cov_7.591224	173	226	8	20	53	0.3773585
NODE_34774_length_532_cov_7.591224	173	226	9	6	53	0.1132075
NODE_34774_length_532_cov_7.591224	173	226	17	5	53	0.0943396
NODE_34774_length_532_cov_7.591224	173	226	18	22	53	0.4150943
NODE_34774_length_532_cov_7.591224	173	228	8	20	55	0.3636364
NODE_34774_length_532_cov_7.591224	173	228	9	6	55	0.1090909
NODE_34774_length_532_cov_7.591224	173	228	17	5	55	0.0909091
NODE_34774_length_532_cov_7.591224	173	228	18	24	55	0.4363636
NODE_34774_length_532_cov_7.591224	208	282	16	39	74	0.5270270
NODE_34774_length_532_cov_7.591224	208	282	18	27	74	0.3648649
NODE_34774_length_532_cov_7.591224	208	282	20	8	74	0.1081081
NODE_34774_length_532_cov_7.591224	208	282	16	39	74	0.5270270
NODE_34774_length_532_cov_7.591224	208	282	18	27	74	0.3648649
NODE_34774_length_532_cov_7.591224	208	282	20	8	74	0.1081081
NODE_34774_length_532_cov_7.591224	208	282	16	39	74	0.5270270
NODE_34774_length_532_cov_7.591224	208	282	18	27	74	0.3648649
NODE_34774_length_532_cov_7.591224	208	282	20	8	74	0.1081081
NODE_34774_length_532_cov_7.591224	208	282	16	39	74	0.5270270
NODE_34774_length_532_cov_7.591224	208	282	18	27	74	0.3648649
NODE_34774_length_532_cov_7.591224	208	282	20	8	74	0.1081081
NODE_34788_length_532_cov_4.524249	84	151	0	67	67	1.0000000
NODE_34788_length_532_cov_4.524249	137	218	0	81	81	1.0000000
NODE_34838_length_532_cov_1.866051	263	309	0	46	46	1.0000000
NODE_34845_length_532_cov_1.757506	126	146	0	20	20	1.0000000
NODE_34948_length_531_cov_35.539352	7	45	0	38	38	1.0000000
NODE_34948_length_531_cov_35.539352	18	98	0	31	80	0.3875000
NODE_34948_length_531_cov_35.539352	18	98	2	49	80	0.6125000
NODE_34949_length_531_cov_13.162037	129	209	2	80	80	1.0000000
NODE_34949_length_531_cov_13.162037	182	251	2	69	69	1.0000000
NODE_34953_length_531_cov_6.821759	242	322	4	80	80	1.0000000
NODE_34953_length_531_cov_6.821759	295	375	0	42	80	0.5250000
NODE_34953_length_531_cov_6.821759	295	375	4	38	80	0.4750000
NODE_34958_length_531_cov_5.261574	261	336	8	12	75	0.1600000
NODE_34958_length_531_cov_5.261574	261	336	10	8	75	0.1066667
NODE_34958_length_531_cov_5.261574	261	336	12	2	75	0.0266667
NODE_34958_length_531_cov_5.261574	261	336	14	9	75	0.1200000
NODE_34958_length_531_cov_5.261574	261	336	18	2	75	0.0266667
NODE_34958_length_531_cov_5.261574	261	336	20	42	75	0.5600000
NODE_34958_length_531_cov_5.261574	309	362	18	6	53	0.1132075
NODE_34958_length_531_cov_5.261574	309	362	20	47	53	0.8867925
NODE_34963_length_531_cov_4.527778	177	255	0	5	78	0.0641026
NODE_34963_length_531_cov_4.527778	177	255	2	50	78	0.6410257
NODE_34963_length_531_cov_4.527778	177	255	4	23	78	0.2948718
NODE_34965_length_531_cov_4.319444	283	363	0	29	80	0.3625000
NODE_34965_length_531_cov_4.319444	283	363	2	51	80	0.6375000
NODE_34965_length_531_cov_4.319444	336	416	0	27	80	0.3375000
NODE_34965_length_531_cov_4.319444	336	416	2	53	80	0.6625000
NODE_34979_length_531_cov_3.488426	238	318	2	17	80	0.2125000
NODE_34979_length_531_cov_3.488426	238	318	4	63	80	0.7875000
NODE_34979_length_531_cov_3.488426	291	371	0	50	80	0.6250000
NODE_34979_length_531_cov_3.488426	291	371	2	20	80	0.2500000
NODE_34979_length_531_cov_3.488426	291	371	4	10	80	0.1250000
NODE_34980_length_531_cov_3.375000	153	207	4	4	54	0.0740741
NODE_34980_length_531_cov_3.375000	153	207	6	6	54	0.1111111
NODE_34980_length_531_cov_3.375000	153	207	8	9	54	0.1666667
NODE_34980_length_531_cov_3.375000	153	207	12	25	54	0.4629630
NODE_34980_length_531_cov_3.375000	153	207	14	10	54	0.1851852
NODE_34980_length_531_cov_3.375000	180	260	12	69	80	0.8625000
NODE_34980_length_531_cov_3.375000	180	260	14	11	80	0.1375000
NODE_34986_length_531_cov_3.111111	243	323	2	80	80	1.0000000
NODE_34986_length_531_cov_3.111111	296	376	0	50	80	0.6250000
NODE_34986_length_531_cov_3.111111	296	376	2	30	80	0.3750000
NODE_35008_length_531_cov_2.201389	302	373	0	4	71	0.0563380
NODE_35008_length_531_cov_2.201389	302	373	3	1	71	0.0140845
NODE_35008_length_531_cov_2.201389	302	373	4	66	71	0.9295775
NODE_35008_length_531_cov_2.201389	350	426	0	9	76	0.1184211
NODE_35008_length_531_cov_2.201389	350	426	4	67	76	0.8815789
NODE_35141_length_530_cov_30.605568	250	330	0	80	80	1.0000000
NODE_35141_length_530_cov_30.605568	303	383	0	80	80	1.0000000
NODE_35142_length_530_cov_16.937355	404	484	4	1	80	0.0125000
NODE_35142_length_530_cov_16.937355	404	484	10	2	80	0.0250000
NODE_35142_length_530_cov_16.937355	404	484	14	2	80	0.0250000
NODE_35142_length_530_cov_16.937355	404	484	16	2	80	0.0250000
NODE_35142_length_530_cov_16.937355	404	484	24	2	80	0.0250000
NODE_35142_length_530_cov_16.937355	404	484	26	1	80	0.0125000
NODE_35142_length_530_cov_16.937355	404	484	28	3	80	0.0375000
NODE_35142_length_530_cov_16.937355	404	484	30	7	80	0.0875000
NODE_35142_length_530_cov_16.937355	404	484	32	2	80	0.0250000
NODE_35142_length_530_cov_16.937355	404	484	34	58	80	0.7250000
NODE_35142_length_530_cov_16.937355	457	530	0	3	73	0.0410959
NODE_35142_length_530_cov_16.937355	457	530	4	1	73	0.0136986
NODE_35142_length_530_cov_16.937355	457	530	6	1	73	0.0136986
NODE_35142_length_530_cov_16.937355	457	530	10	6	73	0.0821918
NODE_35142_length_530_cov_16.937355	457	530	14	6	73	0.0821918
NODE_35142_length_530_cov_16.937355	457	530	16	1	73	0.0136986
NODE_35142_length_530_cov_16.937355	457	530	22	4	73	0.0547945
NODE_35142_length_530_cov_16.937355	457	530	24	9	73	0.1232877
NODE_35142_length_530_cov_16.937355	457	530	30	7	73	0.0958904
NODE_35142_length_530_cov_16.937355	457	530	32	10	73	0.1369863
NODE_35142_length_530_cov_16.937355	457	530	34	25	73	0.3424658
NODE_35143_length_530_cov_9.902552	273	353	2	46	80	0.5750000
NODE_35143_length_530_cov_9.902552	273	353	4	34	80	0.4250000
NODE_35143_length_530_cov_9.902552	326	406	2	50	80	0.6250000
NODE_35143_length_530_cov_9.902552	326	406	4	30	80	0.3750000
NODE_35144_length_530_cov_7.928074	46	126	0	13	80	0.1625000
NODE_35144_length_530_cov_7.928074	46	126	2	67	80	0.8375000
NODE_35144_length_530_cov_7.928074	99	179	2	80	80	1.0000000
NODE_35150_length_530_cov_4.647332	188	268	0	80	80	1.0000000
NODE_35150_length_530_cov_4.647332	241	321	0	80	80	1.0000000
NODE_35154_length_530_cov_4.389791	162	242	0	49	80	0.6125000
NODE_35154_length_530_cov_4.389791	162	242	2	31	80	0.3875000
NODE_35159_length_530_cov_4.046404	76	111	0	35	35	1.0000000
NODE_35319_length_529_cov_38.983721	140	220	5	27	80	0.3375000
NODE_35319_length_529_cov_38.983721	140	220	7	9	80	0.1125000
NODE_35319_length_529_cov_38.983721	140	220	12	13	80	0.1625000
NODE_35319_length_529_cov_38.983721	140	220	13	23	80	0.2875000
NODE_35319_length_529_cov_38.983721	140	220	14	8	80	0.1000000
NODE_35320_length_529_cov_18.223256	189	269	0	29	80	0.3625000
NODE_35320_length_529_cov_18.223256	189	269	6	51	80	0.6375000
NODE_35320_length_529_cov_18.223256	242	322	0	80	80	1.0000000
NODE_35321_length_529_cov_17.009302	358	438	0	4	80	0.0500000
NODE_35321_length_529_cov_17.009302	358	438	2	33	80	0.4125000
NODE_35321_length_529_cov_17.009302	358	438	13	19	80	0.2375000
NODE_35321_length_529_cov_17.009302	358	438	14	24	80	0.3000000
NODE_35321_length_529_cov_17.009302	411	491	12	45	80	0.5625000
NODE_35321_length_529_cov_17.009302	411	491	13	3	80	0.0375000
NODE_35321_length_529_cov_17.009302	411	491	14	32	80	0.4000000
NODE_35331_length_529_cov_6.195349	211	291	0	80	80	1.0000000
NODE_35331_length_529_cov_6.195349	264	322	0	58	58	1.0000000
NODE_35336_length_529_cov_5.176744	139	207	0	68	68	1.0000000
NODE_35336_length_529_cov_5.176744	185	260	0	75	75	1.0000000
NODE_35364_length_529_cov_2.883721	223	281	0	6	58	0.1034483
NODE_35364_length_529_cov_2.883721	223	281	2	52	58	0.8965517
NODE_35374_length_529_cov_2.660465	89	168	0	53	79	0.6708861
NODE_35374_length_529_cov_2.660465	89	168	4	26	79	0.3291139
NODE_35375_length_529_cov_2.595349	278	321	0	43	43	1.0000000
NODE_35384_length_529_cov_2.272093	247	313	4	14	66	0.2121212
NODE_35384_length_529_cov_2.272093	247	313	6	52	66	0.7878788
NODE_35427_length_529_cov_1.597674	289	332	0	43	43	1.0000000
NODE_35521_length_528_cov_25.808858	233	313	4	48	80	0.6000000
NODE_35521_length_528_cov_25.808858	233	313	6	32	80	0.4000000
NODE_35521_length_528_cov_25.808858	286	366	0	25	80	0.3125000
NODE_35521_length_528_cov_25.808858	286	366	1	25	80	0.3125000
NODE_35521_length_528_cov_25.808858	286	366	2	3	80	0.0375000
NODE_35521_length_528_cov_25.808858	286	366	4	27	80	0.3375000
NODE_35522_length_528_cov_17.331002	219	299	2	8	80	0.1000000
NODE_35522_length_528_cov_17.331002	219	299	4	29	80	0.3625000
NODE_35522_length_528_cov_17.331002	219	299	6	43	80	0.5375000
NODE_35522_length_528_cov_17.331002	272	352	0	20	80	0.2500000
NODE_35522_length_528_cov_17.331002	272	352	2	17	80	0.2125000
NODE_35522_length_528_cov_17.331002	272	352	4	2	80	0.0250000
NODE_35522_length_528_cov_17.331002	272	352	6	41	80	0.5125000
NODE_35523_length_528_cov_16.165501	262	342	2	12	80	0.1500000
NODE_35523_length_528_cov_16.165501	262	342	4	38	80	0.4750000
NODE_35523_length_528_cov_16.165501	262	342	8	15	80	0.1875000
NODE_35523_length_528_cov_16.165501	262	342	12	15	80	0.1875000
NODE_35523_length_528_cov_16.165501	315	395	8	45	80	0.5625000
NODE_35523_length_528_cov_16.165501	315	395	10	2	80	0.0250000
NODE_35523_length_528_cov_16.165501	315	395	12	33	80	0.4125000
NODE_35529_length_528_cov_5.776224	204	284	0	80	80	1.0000000
NODE_35529_length_528_cov_5.776224	257	337	0	80	80	1.0000000
NODE_35542_length_528_cov_4.016317	235	315	0	80	80	1.0000000
NODE_35542_length_528_cov_4.016317	288	368	0	53	80	0.6625000
NODE_35542_length_528_cov_4.016317	288	368	2	27	80	0.3375000
NODE_35545_length_528_cov_3.799534	144	192	0	48	48	1.0000000
NODE_35561_length_528_cov_2.902098	252	305	0	12	53	0.2264151
NODE_35561_length_528_cov_2.902098	252	305	4	3	53	0.0566038
NODE_35561_length_528_cov_2.902098	252	305	5	13	53	0.2452830
NODE_35561_length_528_cov_2.902098	252	305	6	25	53	0.4716981
NODE_35575_length_528_cov_2.324009	137	188	0	51	51	1.0000000
NODE_35575_length_528_cov_2.324009	161	241	0	80	80	1.0000000
NODE_35597_length_528_cov_1.755245	268	348	4	80	80	1.0000000
NODE_35597_length_528_cov_1.755245	321	401	0	40	80	0.5000000
NODE_35597_length_528_cov_1.755245	321	401	4	40	80	0.5000000
NODE_35687_length_527_cov_19.247664	306	386	5	15	80	0.1875000
NODE_35687_length_527_cov_19.247664	306	386	6	53	80	0.6625000
NODE_35687_length_527_cov_19.247664	306	386	8	12	80	0.1500000
NODE_35687_length_527_cov_19.247664	359	439	2	31	80	0.3875000
NODE_35687_length_527_cov_19.247664	359	439	3	16	80	0.2000000
NODE_35687_length_527_cov_19.247664	359	439	5	21	80	0.2625000
NODE_35687_length_527_cov_19.247664	359	439	6	12	80	0.1500000
NODE_35688_length_527_cov_15.974299	250	349	0	99	99	1.0000000
NODE_35688_length_527_cov_15.974299	322	402	0	80	80	1.0000000
NODE_35691_length_527_cov_8.221963	235	315	2	69	80	0.8625000
NODE_35691_length_527_cov_8.221963	235	315	4	1	80	0.0125000
NODE_35691_length_527_cov_8.221963	235	315	6	10	80	0.1250000
NODE_35691_length_527_cov_8.221963	288	368	2	16	80	0.2000000
NODE_35691_length_527_cov_8.221963	288	368	4	41	80	0.5125000
NODE_35691_length_527_cov_8.221963	288	368	6	23	80	0.2875000
NODE_35693_length_527_cov_7.200935	190	270	0	80	80	1.0000000
NODE_35693_length_527_cov_7.200935	243	346	0	103	103	1.0000000
NODE_35693_length_527_cov_7.200935	342	422	0	80	80	1.0000000
NODE_35693_length_527_cov_7.200935	395	475	0	80	80	1.0000000
NODE_35696_length_527_cov_6.862150	279	359	0	80	80	1.0000000
NODE_35697_length_527_cov_6.046729	155	235	2	80	80	1.0000000
NODE_35697_length_527_cov_6.046729	208	288	0	8	80	0.1000000
NODE_35697_length_527_cov_6.046729	208	288	2	72	80	0.9000000
NODE_35736_length_527_cov_2.238318	226	306	0	1	80	0.0125000
NODE_35736_length_527_cov_2.238318	226	306	2	79	80	0.9875000
NODE_35858_length_526_cov_50.866511	169	242	0	73	73	1.0000000
NODE_35858_length_526_cov_50.866511	215	295	0	80	80	1.0000000
NODE_35858_length_526_cov_50.866511	291	371	0	80	80	1.0000000
NODE_35858_length_526_cov_50.866511	344	424	0	80	80	1.0000000
NODE_35860_length_526_cov_26.395785	315	395	2	8	80	0.1000000
NODE_35860_length_526_cov_26.395785	315	395	3	17	80	0.2125000
NODE_35860_length_526_cov_26.395785	315	395	4	7	80	0.0875000
NODE_35860_length_526_cov_26.395785	315	395	6	11	80	0.1375000
NODE_35860_length_526_cov_26.395785	315	395	8	37	80	0.4625000
NODE_35860_length_526_cov_26.395785	368	448	6	64	80	0.8000000
NODE_35860_length_526_cov_26.395785	368	448	8	16	80	0.2000000
NODE_35861_length_526_cov_16.611241	305	385	0	21	80	0.2625000
NODE_35861_length_526_cov_16.611241	305	385	8	4	80	0.0500000
NODE_35861_length_526_cov_16.611241	305	385	10	25	80	0.3125000
NODE_35861_length_526_cov_16.611241	305	385	12	30	80	0.3750000
NODE_35861_length_526_cov_16.611241	358	438	4	19	80	0.2375000
NODE_35861_length_526_cov_16.611241	358	438	11	1	80	0.0125000
NODE_35861_length_526_cov_16.611241	358	438	12	60	80	0.7500000
NODE_35866_length_526_cov_6.215457	303	351	0	48	48	1.0000000
NODE_35877_length_526_cov_3.936768	118	142	2	21	24	0.8750000
NODE_35877_length_526_cov_3.936768	118	142	4	3	24	0.1250000
NODE_35877_length_526_cov_3.936768	118	163	2	21	45	0.4666667
NODE_35877_length_526_cov_3.936768	118	163	4	24	45	0.5333334
NODE_35901_length_526_cov_2.466042	138	184	2	25	46	0.5434783
NODE_35901_length_526_cov_2.466042	138	184	4	21	46	0.4565217
NODE_36055_length_525_cov_33.910798	98	178	0	26	80	0.3250000
NODE_36055_length_525_cov_33.910798	98	178	14	3	80	0.0375000
NODE_36055_length_525_cov_33.910798	98	178	16	1	80	0.0125000
NODE_36055_length_525_cov_33.910798	98	178	17	3	80	0.0375000
NODE_36055_length_525_cov_33.910798	98	178	18	1	80	0.0125000
NODE_36055_length_525_cov_33.910798	98	178	19	6	80	0.0750000
NODE_36055_length_525_cov_33.910798	98	178	21	22	80	0.2750000
NODE_36055_length_525_cov_33.910798	98	178	22	18	80	0.2250000
NODE_36055_length_525_cov_33.910798	151	231	0	27	80	0.3375000
NODE_36055_length_525_cov_33.910798	151	231	4	15	80	0.1875000
NODE_36055_length_525_cov_33.910798	151	231	6	6	80	0.0750000
NODE_36055_length_525_cov_33.910798	151	231	8	31	80	0.3875000
NODE_36055_length_525_cov_33.910798	151	231	14	1	80	0.0125000
NODE_36055_length_525_cov_33.910798	159	231	0	20	72	0.2777778
NODE_36055_length_525_cov_33.910798	159	231	4	15	72	0.2083333
NODE_36055_length_525_cov_33.910798	159	231	6	6	72	0.0833333
NODE_36055_length_525_cov_33.910798	159	231	8	31	72	0.4305556
NODE_36058_length_525_cov_8.788732	175	255	0	80	80	1.0000000
NODE_36058_length_525_cov_8.788732	228	308	0	80	80	1.0000000
NODE_36059_length_525_cov_7.880282	242	285	3	19	43	0.4418605
NODE_36059_length_525_cov_7.880282	242	285	4	24	43	0.5581396
NODE_36098_length_525_cov_2.417840	229	306	0	77	77	1.0000000
NODE_36230_length_524_cov_21.649412	262	342	2	11	80	0.1375000
NODE_36230_length_524_cov_21.649412	262	342	6	3	80	0.0375000
NODE_36230_length_524_cov_21.649412	262	342	8	9	80	0.1125000
NODE_36230_length_524_cov_21.649412	262	342	10	12	80	0.1500000
NODE_36230_length_524_cov_21.649412	262	342	12	45	80	0.5625000
NODE_36230_length_524_cov_21.649412	315	395	4	19	80	0.2375000
NODE_36230_length_524_cov_21.649412	315	395	6	12	80	0.1500000
NODE_36230_length_524_cov_21.649412	315	395	10	34	80	0.4250000
NODE_36230_length_524_cov_21.649412	315	395	12	15	80	0.1875000
NODE_36231_length_524_cov_14.131765	136	201	2	2	65	0.0307692
NODE_36231_length_524_cov_14.131765	136	201	10	63	65	0.9692308
NODE_36232_length_524_cov_10.392941	237	317	0	80	80	1.0000000
NODE_36232_length_524_cov_10.392941	290	370	0	80	80	1.0000000
NODE_36262_length_524_cov_3.221176	195	272	0	25	77	0.3246753
NODE_36262_length_524_cov_3.221176	195	272	2	52	77	0.6753247
NODE_36262_length_524_cov_3.221176	253	324	0	27	71	0.3802817
NODE_36262_length_524_cov_3.221176	253	324	2	44	71	0.6197183
NODE_36264_length_524_cov_3.148235	317	397	0	80	80	1.0000000
NODE_36410_length_523_cov_113.438679	0	48	2	1	48	0.0208333
NODE_36410_length_523_cov_113.438679	0	48	4	2	48	0.0416667
NODE_36410_length_523_cov_113.438679	0	48	8	5	48	0.1041667
NODE_36410_length_523_cov_113.438679	0	48	10	7	48	0.1458333
NODE_36410_length_523_cov_113.438679	0	48	12	9	48	0.1875000
NODE_36410_length_523_cov_113.438679	0	48	14	24	48	0.5000000
NODE_36410_length_523_cov_113.438679	14	69	10	1	55	0.0181818
NODE_36410_length_523_cov_113.438679	14	69	12	9	55	0.1636364
NODE_36410_length_523_cov_113.438679	14	69	14	26	55	0.4727273
NODE_36410_length_523_cov_113.438679	14	69	15	19	55	0.3454545
NODE_36410_length_523_cov_113.438679	25	101	14	25	76	0.3289474
NODE_36410_length_523_cov_113.438679	25	101	15	31	76	0.4078947
NODE_36410_length_523_cov_113.438679	25	101	16	3	76	0.0394737
NODE_36410_length_523_cov_113.438679	25	101	18	1	76	0.0131579
NODE_36410_length_523_cov_113.438679	25	101	20	1	76	0.0131579
NODE_36410_length_523_cov_113.438679	25	101	22	2	76	0.0263158
NODE_36410_length_523_cov_113.438679	25	101	24	5	76	0.0657895
NODE_36410_length_523_cov_113.438679	25	101	26	2	76	0.0263158
NODE_36410_length_523_cov_113.438679	25	101	29	3	76	0.0394737
NODE_36410_length_523_cov_113.438679	25	101	31	3	76	0.0394737
NODE_36410_length_523_cov_113.438679	105	181	29	1	76	0.0131579
NODE_36410_length_523_cov_113.438679	105	181	31	3	76	0.0394737
NODE_36410_length_523_cov_113.438679	105	181	33	1	76	0.0131579
NODE_36410_length_523_cov_113.438679	105	181	35	1	76	0.0131579
NODE_36410_length_523_cov_113.438679	105	181	37	1	76	0.0131579
NODE_36410_length_523_cov_113.438679	105	181	42	3	76	0.0394737
NODE_36410_length_523_cov_113.438679	105	181	43	1	76	0.0131579
NODE_36410_length_523_cov_113.438679	105	181	44	3	76	0.0394737
NODE_36410_length_523_cov_113.438679	105	181	46	3	76	0.0394737
NODE_36410_length_523_cov_113.438679	105	181	52	3	76	0.0394737
NODE_36410_length_523_cov_113.438679	105	181	54	2	76	0.0263158
NODE_36410_length_523_cov_113.438679	105	181	56	1	76	0.0131579
NODE_36410_length_523_cov_113.438679	105	181	60	1	76	0.0131579
NODE_36410_length_523_cov_113.438679	105	181	64	1	76	0.0131579
NODE_36410_length_523_cov_113.438679	105	181	66	1	76	0.0131579
NODE_36410_length_523_cov_113.438679	105	181	68	1	76	0.0131579
NODE_36410_length_523_cov_113.438679	105	181	72	1	76	0.0131579
NODE_36410_length_523_cov_113.438679	105	181	80	2	76	0.0263158
NODE_36410_length_523_cov_113.438679	105	181	84	5	76	0.0657895
NODE_36410_length_523_cov_113.438679	105	181	88	2	76	0.0263158
NODE_36410_length_523_cov_113.438679	105	181	90	2	76	0.0263158
NODE_36410_length_523_cov_113.438679	105	181	92	2	76	0.0263158
NODE_36410_length_523_cov_113.438679	105	181	94	2	76	0.0263158
NODE_36410_length_523_cov_113.438679	105	181	96	1	76	0.0131579
NODE_36410_length_523_cov_113.438679	105	181	100	2	76	0.0263158
NODE_36410_length_523_cov_113.438679	105	181	102	3	76	0.0394737
NODE_36410_length_523_cov_113.438679	105	181	104	1	76	0.0131579
NODE_36410_length_523_cov_113.438679	105	181	107	1	76	0.0131579
NODE_36410_length_523_cov_113.438679	105	181	109	1	76	0.0131579
NODE_36410_length_523_cov_113.438679	105	181	112	1	76	0.0131579
NODE_36410_length_523_cov_113.438679	105	181	113	1	76	0.0131579
NODE_36410_length_523_cov_113.438679	105	181	115	3	76	0.0394737
NODE_36410_length_523_cov_113.438679	105	181	117	1	76	0.0131579
NODE_36410_length_523_cov_113.438679	105	181	122	6	76	0.0789474
NODE_36410_length_523_cov_113.438679	105	181	124	2	76	0.0263158
NODE_36410_length_523_cov_113.438679	105	181	126	1	76	0.0131579
NODE_36410_length_523_cov_113.438679	105	181	127	1	76	0.0131579
NODE_36410_length_523_cov_113.438679	105	181	129	1	76	0.0131579
NODE_36410_length_523_cov_113.438679	105	181	133	3	76	0.0394737
NODE_36410_length_523_cov_113.438679	105	181	135	2	76	0.0263158
NODE_36410_length_523_cov_113.438679	105	181	137	2	76	0.0263158
NODE_36410_length_523_cov_113.438679	154	234	104	1	80	0.0125000
NODE_36410_length_523_cov_113.438679	154	234	107	1	80	0.0125000
NODE_36410_length_523_cov_113.438679	154	234	109	1	80	0.0125000
NODE_36410_length_523_cov_113.438679	154	234	111	1	80	0.0125000
NODE_36410_length_523_cov_113.438679	154	234	112	1	80	0.0125000
NODE_36410_length_523_cov_113.438679	154	234	113	3	80	0.0375000
NODE_36410_length_523_cov_113.438679	154	234	115	3	80	0.0375000
NODE_36410_length_523_cov_113.438679	154	234	117	1	80	0.0125000
NODE_36410_length_523_cov_113.438679	154	234	118	1	80	0.0125000
NODE_36410_length_523_cov_113.438679	154	234	120	5	80	0.0625000
NODE_36410_length_523_cov_113.438679	154	234	122	11	80	0.1375000
NODE_36410_length_523_cov_113.438679	154	234	124	4	80	0.0500000
NODE_36410_length_523_cov_113.438679	154	234	126	1	80	0.0125000
NODE_36410_length_523_cov_113.438679	154	234	127	1	80	0.0125000
NODE_36410_length_523_cov_113.438679	154	234	129	1	80	0.0125000
NODE_36410_length_523_cov_113.438679	154	234	130	2	80	0.0250000
NODE_36410_length_523_cov_113.438679	154	234	132	3	80	0.0375000
NODE_36410_length_523_cov_113.438679	154	234	133	3	80	0.0375000
NODE_36410_length_523_cov_113.438679	154	234	135	2	80	0.0250000
NODE_36410_length_523_cov_113.438679	154	234	136	2	80	0.0250000
NODE_36410_length_523_cov_113.438679	154	234	137	2	80	0.0250000
NODE_36410_length_523_cov_113.438679	154	234	138	2	80	0.0250000
NODE_36410_length_523_cov_113.438679	154	234	140	7	80	0.0875000
NODE_36410_length_523_cov_113.438679	154	234	141	15	80	0.1875000
NODE_36410_length_523_cov_113.438679	154	234	142	1	80	0.0125000
NODE_36410_length_523_cov_113.438679	154	234	143	5	80	0.0625000
NODE_36410_length_523_cov_113.438679	312	355	49	1	43	0.0232558
NODE_36410_length_523_cov_113.438679	312	355	52	4	43	0.0930233
NODE_36410_length_523_cov_113.438679	312	355	54	3	43	0.0697674
NODE_36410_length_523_cov_113.438679	312	355	55	3	43	0.0697674
NODE_36410_length_523_cov_113.438679	312	355	57	9	43	0.2093023
NODE_36410_length_523_cov_113.438679	312	355	59	13	43	0.3023256
NODE_36410_length_523_cov_113.438679	312	355	60	8	43	0.1860465
NODE_36410_length_523_cov_113.438679	312	355	61	2	43	0.0465116
NODE_36412_length_523_cov_64.695755	35	115	0	57	80	0.7125000
NODE_36412_length_523_cov_64.695755	35	115	2	23	80	0.2875000
NODE_36412_length_523_cov_64.695755	88	168	0	4	80	0.0500000
NODE_36412_length_523_cov_64.695755	88	168	2	76	80	0.9500000
NODE_36414_length_523_cov_20.724057	235	315	8	17	80	0.2125000
NODE_36414_length_523_cov_20.724057	235	315	12	11	80	0.1375000
NODE_36414_length_523_cov_20.724057	235	315	24	52	80	0.6500000
NODE_36414_length_523_cov_20.724057	288	368	0	4	80	0.0500000
NODE_36414_length_523_cov_20.724057	288	368	12	10	80	0.1250000
NODE_36414_length_523_cov_20.724057	288	368	14	3	80	0.0375000
NODE_36414_length_523_cov_20.724057	288	368	16	22	80	0.2750000
NODE_36414_length_523_cov_20.724057	288	368	24	41	80	0.5125000
NODE_36415_length_523_cov_18.500000	164	244	0	35	80	0.4375000
NODE_36415_length_523_cov_18.500000	164	244	2	14	80	0.1750000
NODE_36415_length_523_cov_18.500000	164	244	3	4	80	0.0500000
NODE_36415_length_523_cov_18.500000	164	244	4	27	80	0.3375000
NODE_36415_length_523_cov_18.500000	217	297	2	5	80	0.0625000
NODE_36415_length_523_cov_18.500000	217	297	4	75	80	0.9375000
NODE_36416_length_523_cov_15.216981	62	142	0	80	80	1.0000000
NODE_36416_length_523_cov_15.216981	115	195	0	80	80	1.0000000
NODE_36417_length_523_cov_10.575472	157	183	0	26	26	1.0000000
NODE_36418_length_523_cov_9.962264	212	292	0	80	80	1.0000000
NODE_36418_length_523_cov_9.962264	265	345	0	80	80	1.0000000
NODE_36427_length_523_cov_4.943396	108	188	6	21	80	0.2625000
NODE_36427_length_523_cov_4.943396	108	188	8	3	80	0.0375000
NODE_36427_length_523_cov_4.943396	108	188	10	7	80	0.0875000
NODE_36427_length_523_cov_4.943396	108	188	11	8	80	0.1000000
NODE_36427_length_523_cov_4.943396	108	188	15	4	80	0.0500000
NODE_36427_length_523_cov_4.943396	108	188	17	6	80	0.0750000
NODE_36427_length_523_cov_4.943396	108	188	19	4	80	0.0500000
NODE_36427_length_523_cov_4.943396	108	188	20	5	80	0.0625000
NODE_36427_length_523_cov_4.943396	108	188	22	22	80	0.2750000
NODE_36427_length_523_cov_4.943396	161	241	12	13	80	0.1625000
NODE_36427_length_523_cov_4.943396	161	241	14	2	80	0.0250000
NODE_36427_length_523_cov_4.943396	161	241	16	3	80	0.0375000
NODE_36427_length_523_cov_4.943396	161	241	17	17	80	0.2125000
NODE_36427_length_523_cov_4.943396	161	241	18	7	80	0.0875000
NODE_36427_length_523_cov_4.943396	161	241	20	5	80	0.0625000
NODE_36427_length_523_cov_4.943396	161	241	22	33	80	0.4125000
NODE_36429_length_523_cov_4.787736	110	141	4	3	31	0.0967742
NODE_36429_length_523_cov_4.787736	110	141	6	28	31	0.9032258
NODE_36429_length_523_cov_4.787736	131	194	6	63	63	1.0000000
NODE_36439_length_523_cov_3.792453	139	219	2	16	80	0.2000000
NODE_36439_length_523_cov_3.792453	139	219	7	13	80	0.1625000
NODE_36439_length_523_cov_3.792453	139	219	8	51	80	0.6375000
NODE_36439_length_523_cov_3.792453	192	272	0	7	80	0.0875000
NODE_36439_length_523_cov_3.792453	192	272	4	1	80	0.0125000
NODE_36439_length_523_cov_3.792453	192	272	5	24	80	0.3000000
NODE_36439_length_523_cov_3.792453	192	272	7	33	80	0.4125000
NODE_36439_length_523_cov_3.792453	192	272	8	15	80	0.1875000
NODE_36481_length_523_cov_2.259434	337	372	0	35	35	1.0000000
NODE_36490_length_523_cov_2.096698	307	351	0	1	44	0.0227273
NODE_36490_length_523_cov_2.096698	307	351	2	30	44	0.6818182
NODE_36490_length_523_cov_2.096698	307	351	3	3	44	0.0681818
NODE_36490_length_523_cov_2.096698	307	351	4	10	44	0.2272727
NODE_36518_length_523_cov_1.700472	176	195	0	19	19	1.0000000
NODE_36632_length_522_cov_33.579196	55	135	0	80	80	1.0000000
NODE_36632_length_522_cov_33.579196	108	188	0	80	80	1.0000000
NODE_36634_length_522_cov_12.851064	266	342	2	27	76	0.3552631
NODE_36634_length_522_cov_12.851064	266	342	3	49	76	0.6447368
NODE_36634_length_522_cov_12.851064	319	395	2	40	76	0.5263158
NODE_36634_length_522_cov_12.851064	319	395	3	36	76	0.4736842
NODE_36637_length_522_cov_7.349882	212	283	0	71	71	1.0000000
NODE_36637_length_522_cov_7.349882	400	469	0	69	69	1.0000000
NODE_36670_length_522_cov_2.933806	178	258	0	2	80	0.0250000
NODE_36670_length_522_cov_2.933806	178	258	2	78	80	0.9750000
NODE_36670_length_522_cov_2.933806	231	311	0	55	80	0.6875000
NODE_36670_length_522_cov_2.933806	231	311	2	25	80	0.3125000
NODE_36676_length_522_cov_2.661939	187	241	0	54	54	1.0000000
NODE_36820_length_521_cov_9.303318	106	186	4	33	80	0.4125000
NODE_36820_length_521_cov_9.303318	106	186	7	1	80	0.0125000
NODE_36820_length_521_cov_9.303318	106	186	8	46	80	0.5750000
NODE_36820_length_521_cov_9.303318	159	239	0	6	80	0.0750000
NODE_36820_length_521_cov_9.303318	159	239	4	55	80	0.6875000
NODE_36820_length_521_cov_9.303318	159	239	8	19	80	0.2375000
NODE_36832_length_521_cov_4.971564	218	298	0	80	80	1.0000000
NODE_36832_length_521_cov_4.971564	271	351	0	80	80	1.0000000
NODE_36845_length_521_cov_3.504739	113	191	0	28	78	0.3589744
NODE_36845_length_521_cov_3.504739	113	191	2	50	78	0.6410257
NODE_36845_length_521_cov_3.504739	164	205	0	41	41	1.0000000
NODE_36848_length_521_cov_3.324645	158	244	0	86	86	1.0000000
NODE_36848_length_521_cov_3.324645	217	280	0	63	63	1.0000000
NODE_36916_length_521_cov_1.613744	165	227	8	62	62	1.0000000
NODE_37036_length_520_cov_50.676960	0	75	0	75	75	1.0000000
NODE_37036_length_520_cov_50.676960	48	128	0	80	80	1.0000000
NODE_37036_length_520_cov_50.676960	124	204	0	6	80	0.0750000
NODE_37036_length_520_cov_50.676960	124	204	3	4	80	0.0500000
NODE_37036_length_520_cov_50.676960	124	204	6	24	80	0.3000000
NODE_37036_length_520_cov_50.676960	124	204	7	3	80	0.0375000
NODE_37036_length_520_cov_50.676960	124	204	8	43	80	0.5375000
NODE_37036_length_520_cov_50.676960	177	257	8	80	80	1.0000000
NODE_37037_length_520_cov_43.294537	10	90	0	21	80	0.2625000
NODE_37037_length_520_cov_43.294537	10	90	4	59	80	0.7375000
NODE_37037_length_520_cov_43.294537	10	90	0	21	80	0.2625000
NODE_37037_length_520_cov_43.294537	10	90	4	59	80	0.7375000
NODE_37037_length_520_cov_43.294537	10	90	0	21	80	0.2625000
NODE_37037_length_520_cov_43.294537	10	90	4	59	80	0.7375000
NODE_37037_length_520_cov_43.294537	10	90	0	21	80	0.2625000
NODE_37037_length_520_cov_43.294537	10	90	4	59	80	0.7375000
NODE_37037_length_520_cov_43.294537	10	90	0	21	80	0.2625000
NODE_37037_length_520_cov_43.294537	10	90	4	59	80	0.7375000
NODE_37037_length_520_cov_43.294537	10	90	0	21	80	0.2625000
NODE_37037_length_520_cov_43.294537	10	90	4	59	80	0.7375000
NODE_37037_length_520_cov_43.294537	63	129	4	66	66	1.0000000
NODE_37037_length_520_cov_43.294537	63	142	4	79	79	1.0000000
NODE_37037_length_520_cov_43.294537	63	143	4	80	80	1.0000000
NODE_37037_length_520_cov_43.294537	63	133	4	70	70	1.0000000
NODE_37037_length_520_cov_43.294537	66	133	4	67	67	1.0000000
NODE_37037_length_520_cov_43.294537	68	143	4	75	75	1.0000000
NODE_37038_length_520_cov_29.427553	224	304	0	80	80	1.0000000
NODE_37038_length_520_cov_29.427553	277	357	0	80	80	1.0000000
NODE_37038_length_520_cov_29.427553	353	433	0	80	80	1.0000000
NODE_37038_length_520_cov_29.427553	406	486	0	80	80	1.0000000
NODE_37039_length_520_cov_14.365796	103	183	0	2	80	0.0250000
NODE_37039_length_520_cov_14.365796	103	183	2	78	80	0.9750000
NODE_37039_length_520_cov_14.365796	156	237	0	8	81	0.0987654
NODE_37039_length_520_cov_14.365796	156	237	2	73	81	0.9012346
NODE_37059_length_520_cov_4.121140	79	159	0	38	80	0.4750000
NODE_37059_length_520_cov_4.121140	79	159	4	42	80	0.5250000
NODE_37059_length_520_cov_4.121140	132	212	0	5	80	0.0625000
NODE_37059_length_520_cov_4.121140	132	212	4	75	80	0.9375000
NODE_37063_length_520_cov_3.900238	203	233	16	9	30	0.3000000
NODE_37063_length_520_cov_3.900238	203	233	17	1	30	0.0333333
NODE_37063_length_520_cov_3.900238	203	233	22	20	30	0.6666667
NODE_37235_length_519_cov_42.842857	8	88	11	25	80	0.3125000
NODE_37235_length_519_cov_42.842857	8	88	13	7	80	0.0875000
NODE_37235_length_519_cov_42.842857	8	88	19	7	80	0.0875000
NODE_37235_length_519_cov_42.842857	8	88	20	6	80	0.0750000
NODE_37235_length_519_cov_42.842857	8	88	22	9	80	0.1125000
NODE_37235_length_519_cov_42.842857	8	88	24	8	80	0.1000000
NODE_37235_length_519_cov_42.842857	8	88	26	3	80	0.0375000
NODE_37235_length_519_cov_42.842857	8	88	28	15	80	0.1875000
NODE_37235_length_519_cov_42.842857	61	139	14	1	78	0.0128205
NODE_37235_length_519_cov_42.842857	61	139	18	3	78	0.0384615
NODE_37235_length_519_cov_42.842857	61	139	20	12	78	0.1538462
NODE_37235_length_519_cov_42.842857	61	139	22	1	78	0.0128205
NODE_37235_length_519_cov_42.842857	61	139	24	21	78	0.2692308
NODE_37235_length_519_cov_42.842857	61	139	26	3	78	0.0384615
NODE_37235_length_519_cov_42.842857	61	139	28	19	78	0.2435897
NODE_37235_length_519_cov_42.842857	61	139	30	18	78	0.2307692
NODE_37236_length_519_cov_19.269048	284	363	0	16	79	0.2025317
NODE_37236_length_519_cov_19.269048	284	363	4	20	79	0.2531646
NODE_37236_length_519_cov_19.269048	284	363	6	5	79	0.0632911
NODE_37236_length_519_cov_19.269048	284	363	8	5	79	0.0632911
NODE_37236_length_519_cov_19.269048	284	363	10	33	79	0.4177215
NODE_37236_length_519_cov_19.269048	336	416	6	21	80	0.2625000
NODE_37236_length_519_cov_19.269048	336	416	8	8	80	0.1000000
NODE_37236_length_519_cov_19.269048	336	416	10	51	80	0.6375000
NODE_37237_length_519_cov_8.500000	195	267	0	57	72	0.7916667
NODE_37237_length_519_cov_8.500000	195	267	2	5	72	0.0694444
NODE_37237_length_519_cov_8.500000	195	267	4	10	72	0.1388889
NODE_37245_length_519_cov_5.169048	282	346	0	64	64	1.0000000
NODE_37290_length_519_cov_2.783333	174	235	0	61	61	1.0000000
NODE_37349_length_519_cov_1.538095	147	213	0	66	66	1.0000000
NODE_37447_length_518_cov_40.026253	385	465	2	80	80	1.0000000
NODE_37447_length_518_cov_40.026253	438	518	0	37	80	0.4625000
NODE_37447_length_518_cov_40.026253	438	518	2	43	80	0.5375000
NODE_37449_length_518_cov_12.083532	144	224	0	27	80	0.3375000
NODE_37449_length_518_cov_12.083532	144	224	2	53	80	0.6625000
NODE_37449_length_518_cov_12.083532	197	277	2	80	80	1.0000000
NODE_37449_length_518_cov_12.083532	407	481	0	74	74	1.0000000
NODE_37449_length_518_cov_12.083532	454	518	0	64	64	1.0000000
NODE_37450_length_518_cov_11.467780	171	200	0	29	29	1.0000000
NODE_37450_length_518_cov_11.467780	253	320	0	67	67	1.0000000
NODE_37450_length_518_cov_11.467780	253	282	0	29	29	1.0000000
NODE_37454_length_518_cov_7.441527	188	273	0	85	85	1.0000000
NODE_37461_length_518_cov_5.563246	315	366	0	13	51	0.2549020
NODE_37461_length_518_cov_5.563246	315	366	2	2	51	0.0392157
NODE_37461_length_518_cov_5.563246	315	366	3	25	51	0.4901961
NODE_37461_length_518_cov_5.563246	315	366	4	11	51	0.2156863
NODE_37461_length_518_cov_5.563246	339	383	0	30	44	0.6818182
NODE_37461_length_518_cov_5.563246	339	383	2	2	44	0.0454545
NODE_37461_length_518_cov_5.563246	339	383	3	12	44	0.2727273
NODE_37465_length_518_cov_4.732697	214	276	4	27	62	0.4354839
NODE_37465_length_518_cov_4.732697	214	276	6	35	62	0.5645161
NODE_37465_length_518_cov_4.732697	350	430	0	73	80	0.9125000
NODE_37465_length_518_cov_4.732697	350	430	2	7	80	0.0875000
NODE_37479_length_518_cov_3.503580	291	333	6	6	42	0.1428571
NODE_37479_length_518_cov_3.503580	291	333	8	36	42	0.8571429
NODE_37479_length_518_cov_3.503580	306	363	6	7	57	0.1228070
NODE_37479_length_518_cov_3.503580	306	363	8	50	57	0.8771930
NODE_37483_length_518_cov_3.136038	269	338	4	8	69	0.1159420
NODE_37483_length_518_cov_3.136038	269	338	6	1	69	0.0144928
NODE_37483_length_518_cov_3.136038	269	338	10	8	69	0.1159420
NODE_37483_length_518_cov_3.136038	269	338	12	36	69	0.5217391
NODE_37483_length_518_cov_3.136038	269	338	14	16	69	0.2318841
NODE_37483_length_518_cov_3.136038	269	348	4	8	79	0.1012658
NODE_37483_length_518_cov_3.136038	269	348	6	1	79	0.0126582
NODE_37483_length_518_cov_3.136038	269	348	10	8	79	0.1012658
NODE_37483_length_518_cov_3.136038	269	348	12	45	79	0.5696203
NODE_37483_length_518_cov_3.136038	269	348	14	17	79	0.2151899
NODE_37483_length_518_cov_3.136038	269	349	4	8	80	0.1000000
NODE_37483_length_518_cov_3.136038	269	349	6	1	80	0.0125000
NODE_37483_length_518_cov_3.136038	269	349	10	8	80	0.1000000
NODE_37483_length_518_cov_3.136038	269	349	12	46	80	0.5750000
NODE_37483_length_518_cov_3.136038	269	349	14	17	80	0.2125000
NODE_37483_length_518_cov_3.136038	322	402	2	10	80	0.1250000
NODE_37483_length_518_cov_3.136038	322	402	4	16	80	0.2000000
NODE_37483_length_518_cov_3.136038	322	402	5	10	80	0.1250000
NODE_37483_length_518_cov_3.136038	322	402	6	1	80	0.0125000
NODE_37483_length_518_cov_3.136038	322	402	10	3	80	0.0375000
NODE_37483_length_518_cov_3.136038	322	402	12	23	80	0.2875000
NODE_37483_length_518_cov_3.136038	322	402	14	17	80	0.2125000
NODE_37483_length_518_cov_3.136038	322	364	10	2	42	0.0476190
NODE_37483_length_518_cov_3.136038	322	364	12	23	42	0.5476190
NODE_37483_length_518_cov_3.136038	322	364	14	17	42	0.4047619
NODE_37483_length_518_cov_3.136038	322	368	5	2	46	0.0434783
NODE_37483_length_518_cov_3.136038	322	368	6	1	46	0.0217391
NODE_37483_length_518_cov_3.136038	322	368	10	3	46	0.0652174
NODE_37483_length_518_cov_3.136038	322	368	12	23	46	0.5000000
NODE_37483_length_518_cov_3.136038	322	368	14	17	46	0.3695652
NODE_37483_length_518_cov_3.136038	331	366	6	1	35	0.0285714
NODE_37483_length_518_cov_3.136038	331	366	10	3	35	0.0857143
NODE_37483_length_518_cov_3.136038	331	366	12	23	35	0.6571429
NODE_37483_length_518_cov_3.136038	331	366	14	8	35	0.2285714
NODE_37637_length_517_cov_55.267943	177	257	0	64	80	0.8000000
NODE_37637_length_517_cov_55.267943	177	257	2	4	80	0.0500000
NODE_37637_length_517_cov_55.267943	177	257	8	12	80	0.1500000
NODE_37637_length_517_cov_55.267943	230	310	0	11	80	0.1375000
NODE_37637_length_517_cov_55.267943	230	310	2	4	80	0.0500000
NODE_37637_length_517_cov_55.267943	230	310	8	12	80	0.1500000
NODE_37637_length_517_cov_55.267943	230	310	12	11	80	0.1375000
NODE_37637_length_517_cov_55.267943	230	310	18	42	80	0.5250000
NODE_37639_length_517_cov_30.863636	0	72	0	72	72	1.0000000
NODE_37639_length_517_cov_30.863636	0	72	0	72	72	1.0000000
NODE_37639_length_517_cov_30.863636	45	125	0	36	80	0.4500000
NODE_37639_length_517_cov_30.863636	45	125	2	44	80	0.5500000
NODE_37639_length_517_cov_30.863636	45	99	0	36	54	0.6666667
NODE_37639_length_517_cov_30.863636	45	99	2	18	54	0.3333333
NODE_37641_length_517_cov_12.258373	305	385	0	21	80	0.2625000
NODE_37641_length_517_cov_12.258373	305	385	2	59	80	0.7375000
NODE_37641_length_517_cov_12.258373	358	438	0	74	80	0.9250000
NODE_37641_length_517_cov_12.258373	358	438	2	6	80	0.0750000
NODE_37643_length_517_cov_7.131579	100	152	0	35	52	0.6730769
NODE_37643_length_517_cov_7.131579	100	152	2	17	52	0.3269231
NODE_37662_length_517_cov_4.492823	140	220	2	33	80	0.4125000
NODE_37662_length_517_cov_4.492823	140	220	4	2	80	0.0250000
NODE_37662_length_517_cov_4.492823	140	220	8	45	80	0.5625000
NODE_37662_length_517_cov_4.492823	193	273	6	18	80	0.2250000
NODE_37662_length_517_cov_4.492823	193	273	8	59	80	0.7375000
NODE_37662_length_517_cov_4.492823	193	273	9	1	80	0.0125000
NODE_37662_length_517_cov_4.492823	193	273	10	2	80	0.0250000
NODE_37697_length_517_cov_2.437799	331	388	0	57	57	1.0000000
NODE_37850_length_516_cov_17.570743	147	227	0	80	80	1.0000000
NODE_37850_length_516_cov_17.570743	200	280	0	80	80	1.0000000
NODE_37861_length_516_cov_5.268585	402	448	0	46	46	1.0000000
NODE_37862_length_516_cov_5.067146	114	194	0	80	80	1.0000000
NODE_37862_length_516_cov_5.067146	167	247	0	80	80	1.0000000
NODE_37864_length_516_cov_4.788969	156	236	0	80	80	1.0000000
NODE_37864_length_516_cov_4.788969	209	277	0	68	68	1.0000000
NODE_37881_length_516_cov_3.167866	48	93	0	45	45	1.0000000
NODE_37881_length_516_cov_3.167866	103	177	0	3	74	0.0405405
NODE_37881_length_516_cov_3.167866	103	177	2	71	74	0.9594595
NODE_38044_length_515_cov_69.442308	177	257	15	10	80	0.1250000
NODE_38044_length_515_cov_69.442308	177	257	18	22	80	0.2750000
NODE_38044_length_515_cov_69.442308	177	257	19	16	80	0.2000000
NODE_38044_length_515_cov_69.442308	177	257	20	10	80	0.1250000
NODE_38044_length_515_cov_69.442308	177	257	21	22	80	0.2750000
NODE_38044_length_515_cov_69.442308	177	257	15	10	80	0.1250000
NODE_38044_length_515_cov_69.442308	177	257	18	22	80	0.2750000
NODE_38044_length_515_cov_69.442308	177	257	19	16	80	0.2000000
NODE_38044_length_515_cov_69.442308	177	257	20	10	80	0.1250000
NODE_38044_length_515_cov_69.442308	177	257	21	22	80	0.2750000
NODE_38044_length_515_cov_69.442308	177	257	15	10	80	0.1250000
NODE_38044_length_515_cov_69.442308	177	257	18	22	80	0.2750000
NODE_38044_length_515_cov_69.442308	177	257	19	16	80	0.2000000
NODE_38044_length_515_cov_69.442308	177	257	20	10	80	0.1250000
NODE_38044_length_515_cov_69.442308	177	257	21	22	80	0.2750000
NODE_38044_length_515_cov_69.442308	230	291	3	12	61	0.1967213
NODE_38044_length_515_cov_69.442308	230	291	5	3	61	0.0491803
NODE_38044_length_515_cov_69.442308	230	291	13	17	61	0.2786885
NODE_38044_length_515_cov_69.442308	230	291	15	12	61	0.1967213
NODE_38044_length_515_cov_69.442308	230	291	18	7	61	0.1147541
NODE_38044_length_515_cov_69.442308	230	291	19	10	61	0.1639344
NODE_38044_length_515_cov_69.442308	230	308	3	29	78	0.3717949
NODE_38044_length_515_cov_69.442308	230	308	5	3	78	0.0384615
NODE_38044_length_515_cov_69.442308	230	308	13	17	78	0.2179487
NODE_38044_length_515_cov_69.442308	230	308	15	12	78	0.1538462
NODE_38044_length_515_cov_69.442308	230	308	18	7	78	0.0897436
NODE_38044_length_515_cov_69.442308	230	308	19	10	78	0.1282051
NODE_38044_length_515_cov_69.442308	235	308	3	29	73	0.3972603
NODE_38044_length_515_cov_69.442308	235	308	5	3	73	0.0410959
NODE_38044_length_515_cov_69.442308	235	308	13	17	73	0.2328767
NODE_38044_length_515_cov_69.442308	235	308	15	12	73	0.1643836
NODE_38044_length_515_cov_69.442308	235	308	18	7	73	0.0958904
NODE_38044_length_515_cov_69.442308	235	308	19	5	73	0.0684932
NODE_38045_length_515_cov_13.271635	168	248	0	80	80	1.0000000
NODE_38045_length_515_cov_13.271635	221	301	0	80	80	1.0000000
NODE_38048_length_515_cov_8.314904	213	290	0	77	77	1.0000000
NODE_38054_length_515_cov_5.487981	317	402	0	18	85	0.2117647
NODE_38054_length_515_cov_5.487981	317	402	4	12	85	0.1411765
NODE_38054_length_515_cov_5.487981	317	402	6	4	85	0.0470588
NODE_38054_length_515_cov_5.487981	317	402	7	5	85	0.0588235
NODE_38054_length_515_cov_5.487981	317	402	8	3	85	0.0352941
NODE_38054_length_515_cov_5.487981	317	402	10	2	85	0.0235294
NODE_38054_length_515_cov_5.487981	317	402	12	41	85	0.4823529
NODE_38242_length_514_cov_26.910843	170	250	2	80	80	1.0000000
NODE_38242_length_514_cov_26.910843	223	303	0	36	80	0.4500000
NODE_38242_length_514_cov_26.910843	223	303	2	44	80	0.5500000
NODE_38243_length_514_cov_12.775904	85	149	0	64	64	1.0000000
NODE_38243_length_514_cov_12.775904	123	202	0	79	79	1.0000000
NODE_38244_length_514_cov_11.156627	124	204	0	18	80	0.2250000
NODE_38244_length_514_cov_11.156627	124	204	2	32	80	0.4000000
NODE_38244_length_514_cov_11.156627	124	204	4	30	80	0.3750000
NODE_38244_length_514_cov_11.156627	177	257	2	16	80	0.2000000
NODE_38244_length_514_cov_11.156627	177	257	4	64	80	0.8000000
NODE_38253_length_514_cov_5.802410	165	217	2	52	52	1.0000000
NODE_38253_length_514_cov_5.802410	190	270	0	11	80	0.1375000
NODE_38253_length_514_cov_5.802410	190	270	2	69	80	0.8625000
NODE_38254_length_514_cov_5.554217	192	272	0	80	80	1.0000000
NODE_38254_length_514_cov_5.554217	294	340	0	46	46	1.0000000
NODE_38257_length_514_cov_5.322892	230	260	2	30	30	1.0000000
NODE_38262_length_514_cov_4.337349	220	300	4	80	80	1.0000000
NODE_38286_length_514_cov_3.012048	264	328	0	64	64	1.0000000
NODE_38432_length_513_cov_14.613527	118	198	0	5	80	0.0625000
NODE_38432_length_513_cov_14.613527	118	198	2	21	80	0.2625000
NODE_38432_length_513_cov_14.613527	118	198	6	27	80	0.3375000
NODE_38432_length_513_cov_14.613527	118	198	8	14	80	0.1750000
NODE_38432_length_513_cov_14.613527	118	198	10	13	80	0.1625000
NODE_38432_length_513_cov_14.613527	171	251	8	27	80	0.3375000
NODE_38432_length_513_cov_14.613527	171	251	10	53	80	0.6625000
NODE_38433_length_513_cov_9.898551	253	333	12	80	80	1.0000000
NODE_38433_length_513_cov_9.898551	306	386	0	4	80	0.0500000
NODE_38433_length_513_cov_9.898551	306	386	11	1	80	0.0125000
NODE_38433_length_513_cov_9.898551	306	386	12	75	80	0.9375000
NODE_38434_length_513_cov_9.164251	185	265	4	48	80	0.6000000
NODE_38434_length_513_cov_9.164251	185	265	8	32	80	0.4000000
NODE_38434_length_513_cov_9.164251	238	318	4	23	80	0.2875000
NODE_38434_length_513_cov_9.164251	238	318	8	57	80	0.7125000
NODE_38441_length_513_cov_6.123188	284	364	4	80	80	1.0000000
NODE_38441_length_513_cov_6.123188	337	417	0	40	80	0.5000000
NODE_38441_length_513_cov_6.123188	337	417	4	40	80	0.5000000
NODE_38460_length_513_cov_3.456522	283	350	0	7	67	0.1044776
NODE_38460_length_513_cov_3.456522	283	350	2	1	67	0.0149254
NODE_38460_length_513_cov_3.456522	283	350	4	4	67	0.0597015
NODE_38460_length_513_cov_3.456522	283	350	6	14	67	0.2089552
NODE_38460_length_513_cov_3.456522	283	350	8	8	67	0.1194030
NODE_38460_length_513_cov_3.456522	283	350	10	33	67	0.4925373
NODE_38460_length_513_cov_3.456522	336	398	2	2	62	0.0322581
NODE_38460_length_513_cov_3.456522	336	398	4	1	62	0.0161290
NODE_38460_length_513_cov_3.456522	336	398	6	3	62	0.0483871
NODE_38460_length_513_cov_3.456522	336	398	8	3	62	0.0483871
NODE_38460_length_513_cov_3.456522	336	398	10	53	62	0.8548387
NODE_38482_length_513_cov_2.309179	134	174	0	40	40	1.0000000
NODE_38482_length_513_cov_2.309179	170	223	0	53	53	1.0000000
NODE_38482_length_513_cov_2.309179	238	285	0	47	47	1.0000000
NODE_38515_length_513_cov_1.671498	427	476	2	28	49	0.5714286
NODE_38515_length_513_cov_1.671498	427	476	4	21	49	0.4285714
NODE_38646_length_512_cov_45.070218	34	114	0	80	80	1.0000000
NODE_38646_length_512_cov_45.070218	87	167	0	80	80	1.0000000
NODE_38647_length_512_cov_39.639225	323	404	2	8	81	0.0987654
NODE_38647_length_512_cov_39.639225	323	404	4	14	81	0.1728395
NODE_38647_length_512_cov_39.639225	323	404	6	59	81	0.7283950
NODE_38647_length_512_cov_39.639225	377	457	0	38	80	0.4750000
NODE_38647_length_512_cov_39.639225	377	457	2	23	80	0.2875000
NODE_38647_length_512_cov_39.639225	377	457	4	9	80	0.1125000
NODE_38647_length_512_cov_39.639225	377	457	6	10	80	0.1250000
NODE_38648_length_512_cov_8.581114	192	256	15	4	64	0.0625000
NODE_38648_length_512_cov_8.581114	192	256	16	21	64	0.3281250
NODE_38648_length_512_cov_8.581114	192	256	19	14	64	0.2187500
NODE_38648_length_512_cov_8.581114	192	256	20	1	64	0.0156250
NODE_38648_length_512_cov_8.581114	192	256	24	3	64	0.0468750
NODE_38648_length_512_cov_8.581114	192	256	26	14	64	0.2187500
NODE_38648_length_512_cov_8.581114	192	256	28	7	64	0.1093750
NODE_38661_length_512_cov_4.869249	327	407	0	35	80	0.4375000
NODE_38661_length_512_cov_4.869249	327	407	4	45	80	0.5625000
NODE_38661_length_512_cov_4.869249	380	460	4	80	80	1.0000000
NODE_38668_length_512_cov_4.157385	161	204	3	28	43	0.6511628
NODE_38668_length_512_cov_4.157385	161	204	4	15	43	0.3488372
NODE_38668_length_512_cov_4.157385	178	257	0	7	79	0.0886076
NODE_38668_length_512_cov_4.157385	178	257	3	72	79	0.9113924
NODE_38677_length_512_cov_3.435835	138	218	2	11	80	0.1375000
NODE_38677_length_512_cov_3.435835	138	218	6	29	80	0.3625000
NODE_38677_length_512_cov_3.435835	138	218	8	40	80	0.5000000
NODE_38677_length_512_cov_3.435835	191	271	6	42	80	0.5250000
NODE_38677_length_512_cov_3.435835	191	271	8	38	80	0.4750000
NODE_38693_length_512_cov_2.888620	320	400	0	80	80	1.0000000
NODE_38768_length_512_cov_1.341404	198	269	0	1	71	0.0140845
NODE_38768_length_512_cov_1.341404	198	269	2	45	71	0.6338028
NODE_38768_length_512_cov_1.341404	198	269	4	25	71	0.3521127
NODE_38866_length_511_cov_9.796117	251	331	4	43	80	0.5375000
NODE_38866_length_511_cov_9.796117	251	331	8	24	80	0.3000000
NODE_38866_length_511_cov_9.796117	251	331	10	13	80	0.1625000
NODE_38866_length_511_cov_9.796117	304	370	0	6	66	0.0909091
NODE_38866_length_511_cov_9.796117	304	370	2	21	66	0.3181818
NODE_38866_length_511_cov_9.796117	304	370	4	39	66	0.5909091
NODE_38869_length_511_cov_8.873786	239	319	0	12	80	0.1500000
NODE_38869_length_511_cov_8.873786	239	319	2	68	80	0.8500000
NODE_38869_length_511_cov_8.873786	292	356	2	64	64	1.0000000
NODE_38870_length_511_cov_8.434466	232	312	0	80	80	1.0000000
NODE_38870_length_511_cov_8.434466	285	366	0	81	81	1.0000000
NODE_38872_length_511_cov_7.519417	157	237	4	65	80	0.8125000
NODE_38872_length_511_cov_7.519417	157	237	8	15	80	0.1875000
NODE_38872_length_511_cov_7.519417	210	290	4	65	80	0.8125000
NODE_38872_length_511_cov_7.519417	210	290	8	15	80	0.1875000
NODE_38877_length_511_cov_5.762136	102	179	4	14	77	0.1818182
NODE_38877_length_511_cov_5.762136	102	179	6	5	77	0.0649351
NODE_38877_length_511_cov_5.762136	102	179	8	58	77	0.7532467
NODE_38877_length_511_cov_5.762136	155	230	3	3	75	0.0400000
NODE_38877_length_511_cov_5.762136	155	230	5	6	75	0.0800000
NODE_38877_length_511_cov_5.762136	155	230	6	26	75	0.3466667
NODE_38877_length_511_cov_5.762136	155	230	8	40	75	0.5333334
NODE_38878_length_511_cov_5.655340	133	213	0	80	80	1.0000000
NODE_38878_length_511_cov_5.655340	186	266	0	80	80	1.0000000
NODE_38911_length_511_cov_2.978155	219	255	2	27	36	0.7500000
NODE_38911_length_511_cov_2.978155	219	255	4	9	36	0.2500000
NODE_39013_length_511_cov_1.225728	99	127	0	28	28	1.0000000
NODE_39092_length_511_cov_0.708738	98	146	0	48	48	1.0000000
NODE_39105_length_510_cov_18.206813	334	414	0	12	80	0.1500000
NODE_39105_length_510_cov_18.206813	334	414	6	68	80	0.8500000
NODE_39105_length_510_cov_18.206813	387	467	0	23	80	0.2875000
NODE_39105_length_510_cov_18.206813	387	467	6	57	80	0.7125000
NODE_39110_length_510_cov_8.017032	211	291	6	24	80	0.3000000
NODE_39110_length_510_cov_8.017032	211	291	8	56	80	0.7000000
NODE_39110_length_510_cov_8.017032	264	344	0	14	80	0.1750000
NODE_39110_length_510_cov_8.017032	264	344	2	36	80	0.4500000
NODE_39110_length_510_cov_8.017032	264	344	8	30	80	0.3750000
NODE_39110_length_510_cov_8.017032	391	413	0	11	22	0.5000000
NODE_39110_length_510_cov_8.017032	391	413	2	11	22	0.5000000
NODE_39112_length_510_cov_6.476886	208	251	3	7	43	0.1627907
NODE_39112_length_510_cov_6.476886	208	251	4	36	43	0.8372093
NODE_39115_length_510_cov_6.133820	149	200	0	51	51	1.0000000
NODE_39122_length_510_cov_4.313869	32	106	2	41	74	0.5540541
NODE_39122_length_510_cov_4.313869	32	106	4	33	74	0.4459459
NODE_39131_length_510_cov_3.435523	149	213	0	6	64	0.0937500
NODE_39131_length_510_cov_3.435523	149	213	2	58	64	0.9062500
NODE_39131_length_510_cov_3.435523	191	249	2	25	58	0.4310345
NODE_39131_length_510_cov_3.435523	191	249	4	6	58	0.1034483
NODE_39131_length_510_cov_3.435523	191	249	6	9	58	0.1551724
NODE_39131_length_510_cov_3.435523	191	249	8	18	58	0.3103448
NODE_39293_length_509_cov_13.378049	160	240	0	80	80	1.0000000
NODE_39293_length_509_cov_13.378049	213	294	0	81	81	1.0000000
NODE_39302_length_509_cov_5.190244	203	283	0	14	80	0.1750000
NODE_39302_length_509_cov_5.190244	203	283	2	66	80	0.8250000
NODE_39302_length_509_cov_5.190244	256	336	0	5	80	0.0625000
NODE_39302_length_509_cov_5.190244	256	336	2	75	80	0.9375000
NODE_39309_length_509_cov_4.478049	221	301	0	80	80	1.0000000
NODE_39309_length_509_cov_4.478049	274	354	0	80	80	1.0000000
NODE_39311_length_509_cov_4.451220	203	283	0	80	80	1.0000000
NODE_39322_length_509_cov_3.443902	133	185	2	14	52	0.2692308
NODE_39322_length_509_cov_3.443902	133	185	4	38	52	0.7307692
NODE_39326_length_509_cov_3.207317	367	445	0	7	78	0.0897436
NODE_39326_length_509_cov_3.207317	367	445	4	71	78	0.9102564
NODE_39337_length_509_cov_2.853659	194	274	2	23	80	0.2875000
NODE_39337_length_509_cov_2.853659	194	274	4	57	80	0.7125000
NODE_39480_length_509_cov_0.809756	229	272	0	43	43	1.0000000
NODE_39506_length_508_cov_22.009780	440	508	0	68	68	1.0000000
NODE_39512_length_508_cov_5.158924	248	284	0	36	36	1.0000000
NODE_39539_length_508_cov_2.662592	165	244	6	79	79	1.0000000
NODE_39698_length_507_cov_32.286765	0	61	1	5	61	0.0819672
NODE_39698_length_507_cov_32.286765	0	61	3	1	61	0.0163934
NODE_39698_length_507_cov_32.286765	0	61	5	7	61	0.1147541
NODE_39698_length_507_cov_32.286765	0	61	9	1	61	0.0163934
NODE_39698_length_507_cov_32.286765	0	61	11	10	61	0.1639344
NODE_39698_length_507_cov_32.286765	0	61	12	5	61	0.0819672
NODE_39698_length_507_cov_32.286765	0	61	15	2	61	0.0327869
NODE_39698_length_507_cov_32.286765	0	61	19	1	61	0.0163934
NODE_39698_length_507_cov_32.286765	0	61	21	1	61	0.0163934
NODE_39698_length_507_cov_32.286765	0	61	23	1	61	0.0163934
NODE_39698_length_507_cov_32.286765	0	61	27	1	61	0.0163934
NODE_39698_length_507_cov_32.286765	0	61	28	1	61	0.0163934
NODE_39698_length_507_cov_32.286765	0	61	29	2	61	0.0327869
NODE_39698_length_507_cov_32.286765	0	61	31	11	61	0.1803279
NODE_39698_length_507_cov_32.286765	0	61	32	1	61	0.0163934
NODE_39698_length_507_cov_32.286765	0	61	34	5	61	0.0819672
NODE_39698_length_507_cov_32.286765	0	61	36	1	61	0.0163934
NODE_39698_length_507_cov_32.286765	0	61	38	5	61	0.0819672
NODE_39698_length_507_cov_32.286765	53	97	34	2	44	0.0454545
NODE_39698_length_507_cov_32.286765	53	97	36	1	44	0.0227273
NODE_39698_length_507_cov_32.286765	53	97	38	7	44	0.1590909
NODE_39698_length_507_cov_32.286765	53	97	40	5	44	0.1136364
NODE_39698_length_507_cov_32.286765	53	97	44	4	44	0.0909091
NODE_39698_length_507_cov_32.286765	53	97	48	1	44	0.0227273
NODE_39698_length_507_cov_32.286765	53	97	50	1	44	0.0227273
NODE_39698_length_507_cov_32.286765	53	97	51	11	44	0.2500000
NODE_39698_length_507_cov_32.286765	53	97	53	12	44	0.2727273
NODE_39701_length_507_cov_7.553922	203	283	8	3	80	0.0375000
NODE_39701_length_507_cov_7.553922	203	283	12	23	80	0.2875000
NODE_39701_length_507_cov_7.553922	203	283	14	54	80	0.6750000
NODE_39709_length_507_cov_5.154412	296	362	5	9	66	0.1363636
NODE_39709_length_507_cov_5.154412	296	362	6	17	66	0.2575758
NODE_39709_length_507_cov_5.154412	296	362	7	40	66	0.6060606
NODE_39714_length_507_cov_4.710784	248	328	0	80	80	1.0000000
NODE_39714_length_507_cov_4.710784	308	379	0	71	71	1.0000000
NODE_39728_length_507_cov_3.649510	80	109	1	29	29	1.0000000
NODE_39728_length_507_cov_3.649510	184	266	11	3	82	0.0365854
NODE_39728_length_507_cov_3.649510	184	266	13	3	82	0.0365854
NODE_39728_length_507_cov_3.649510	184	266	14	12	82	0.1463415
NODE_39728_length_507_cov_3.649510	184	266	15	34	82	0.4146341
NODE_39728_length_507_cov_3.649510	184	266	16	1	82	0.0121951
NODE_39728_length_507_cov_3.649510	184	266	17	10	82	0.1219512
NODE_39728_length_507_cov_3.649510	184	266	18	19	82	0.2317073
NODE_39728_length_507_cov_3.649510	189	273	9	3	84	0.0357143
NODE_39728_length_507_cov_3.649510	189	273	11	7	84	0.0833333
NODE_39728_length_507_cov_3.649510	189	273	13	3	84	0.0357143
NODE_39728_length_507_cov_3.649510	189	273	14	7	84	0.0833333
NODE_39728_length_507_cov_3.649510	189	273	15	34	84	0.4047619
NODE_39728_length_507_cov_3.649510	189	273	16	1	84	0.0119048
NODE_39728_length_507_cov_3.649510	189	273	17	10	84	0.1190476
NODE_39728_length_507_cov_3.649510	189	273	18	19	84	0.2261905
NODE_39728_length_507_cov_3.649510	207	266	11	3	59	0.0508475
NODE_39728_length_507_cov_3.649510	207	266	13	3	59	0.0508475
NODE_39728_length_507_cov_3.649510	207	266	15	34	59	0.5762712
NODE_39728_length_507_cov_3.649510	207	266	17	10	59	0.1694915
NODE_39728_length_507_cov_3.649510	207	266	18	9	59	0.1525424
NODE_39747_length_507_cov_2.754902	345	425	0	80	80	1.0000000
NODE_39747_length_507_cov_2.754902	428	463	0	35	35	1.0000000
NODE_39918_length_506_cov_31.987715	71	156	6	5	85	0.0588235
NODE_39918_length_506_cov_31.987715	71	156	8	6	85	0.0705882
NODE_39918_length_506_cov_31.987715	71	156	12	11	85	0.1294118
NODE_39918_length_506_cov_31.987715	71	156	14	63	85	0.7411765
NODE_39918_length_506_cov_31.987715	71	156	6	5	85	0.0588235
NODE_39918_length_506_cov_31.987715	71	156	8	6	85	0.0705882
NODE_39918_length_506_cov_31.987715	71	156	12	11	85	0.1294118
NODE_39918_length_506_cov_31.987715	71	156	14	63	85	0.7411765
NODE_39918_length_506_cov_31.987715	71	156	6	5	85	0.0588235
NODE_39918_length_506_cov_31.987715	71	156	8	6	85	0.0705882
NODE_39918_length_506_cov_31.987715	71	156	12	11	85	0.1294118
NODE_39918_length_506_cov_31.987715	71	156	14	63	85	0.7411765
NODE_39918_length_506_cov_31.987715	129	209	0	37	80	0.4625000
NODE_39918_length_506_cov_31.987715	129	209	8	22	80	0.2750000
NODE_39918_length_506_cov_31.987715	129	209	12	11	80	0.1375000
NODE_39918_length_506_cov_31.987715	129	209	14	10	80	0.1250000
NODE_39919_length_506_cov_15.877150	210	279	34	7	69	0.1014493
NODE_39919_length_506_cov_15.877150	210	279	41	2	69	0.0289855
NODE_39919_length_506_cov_15.877150	210	279	50	1	69	0.0144928
NODE_39919_length_506_cov_15.877150	210	279	52	3	69	0.0434783
NODE_39919_length_506_cov_15.877150	210	279	58	1	69	0.0144928
NODE_39919_length_506_cov_15.877150	210	279	60	2	69	0.0289855
NODE_39919_length_506_cov_15.877150	210	279	61	3	69	0.0434783
NODE_39919_length_506_cov_15.877150	210	279	65	11	69	0.1594203
NODE_39919_length_506_cov_15.877150	210	279	69	1	69	0.0144928
NODE_39919_length_506_cov_15.877150	210	279	70	6	69	0.0869565
NODE_39919_length_506_cov_15.877150	210	279	71	1	69	0.0144928
NODE_39919_length_506_cov_15.877150	210	279	78	1	69	0.0144928
NODE_39919_length_506_cov_15.877150	210	279	79	2	69	0.0289855
NODE_39919_length_506_cov_15.877150	210	279	80	28	69	0.4057971
NODE_39920_length_506_cov_15.461916	334	414	5	6	80	0.0750000
NODE_39920_length_506_cov_15.461916	334	414	7	15	80	0.1875000
NODE_39920_length_506_cov_15.461916	334	414	8	5	80	0.0625000
NODE_39920_length_506_cov_15.461916	334	414	10	54	80	0.6750000
NODE_39920_length_506_cov_15.461916	387	467	2	45	80	0.5625000
NODE_39920_length_506_cov_15.461916	387	467	5	6	80	0.0750000
NODE_39920_length_506_cov_15.461916	387	467	7	23	80	0.2875000
NODE_39920_length_506_cov_15.461916	387	467	8	5	80	0.0625000
NODE_39920_length_506_cov_15.461916	387	467	10	1	80	0.0125000
NODE_39921_length_506_cov_9.749386	197	276	2	1	79	0.0126582
NODE_39921_length_506_cov_9.749386	197	276	6	1	79	0.0126582
NODE_39921_length_506_cov_9.749386	197	276	9	18	79	0.2278481
NODE_39921_length_506_cov_9.749386	197	276	11	2	79	0.0253165
NODE_39921_length_506_cov_9.749386	197	276	12	57	79	0.7215190
NODE_39921_length_506_cov_9.749386	249	329	10	16	80	0.2000000
NODE_39921_length_506_cov_9.749386	249	329	11	1	80	0.0125000
NODE_39921_length_506_cov_9.749386	249	329	12	63	80	0.7875000
NODE_39947_length_506_cov_3.122850	218	298	0	80	80	1.0000000
NODE_39947_length_506_cov_3.122850	271	351	0	80	80	1.0000000
NODE_39951_length_506_cov_2.894349	190	270	0	80	80	1.0000000
NODE_40133_length_505_cov_35.541872	373	453	4	11	80	0.1375000
NODE_40133_length_505_cov_35.541872	373	453	6	21	80	0.2625000
NODE_40133_length_505_cov_35.541872	373	453	8	48	80	0.6000000
NODE_40135_length_505_cov_10.339901	30	110	0	80	80	1.0000000
NODE_40135_length_505_cov_10.339901	83	163	0	80	80	1.0000000
NODE_40158_length_505_cov_3.554187	225	305	0	80	80	1.0000000
NODE_40158_length_505_cov_3.554187	278	358	0	80	80	1.0000000
NODE_40160_length_505_cov_3.403941	207	287	4	80	80	1.0000000
NODE_40175_length_505_cov_2.975369	162	227	0	65	65	1.0000000
NODE_40222_length_505_cov_1.864532	55	126	0	71	71	1.0000000
NODE_40368_length_504_cov_115.891358	122	202	125	2	80	0.0250000
NODE_40368_length_504_cov_115.891358	122	202	127	1	80	0.0125000
NODE_40368_length_504_cov_115.891358	122	202	130	1	80	0.0125000
NODE_40368_length_504_cov_115.891358	122	202	133	1	80	0.0125000
NODE_40368_length_504_cov_115.891358	122	202	144	2	80	0.0250000
NODE_40368_length_504_cov_115.891358	122	202	147	3	80	0.0375000
NODE_40368_length_504_cov_115.891358	122	202	165	1	80	0.0125000
NODE_40368_length_504_cov_115.891358	122	202	178	1	80	0.0125000
NODE_40368_length_504_cov_115.891358	122	202	180	1	80	0.0125000
NODE_40368_length_504_cov_115.891358	122	202	183	1	80	0.0125000
NODE_40368_length_504_cov_115.891358	122	202	186	2	80	0.0250000
NODE_40368_length_504_cov_115.891358	122	202	187	5	80	0.0625000
NODE_40368_length_504_cov_115.891358	122	202	189	1	80	0.0125000
NODE_40368_length_504_cov_115.891358	122	202	207	3	80	0.0375000
NODE_40368_length_504_cov_115.891358	122	202	211	1	80	0.0125000
NODE_40368_length_504_cov_115.891358	122	202	221	1	80	0.0125000
NODE_40368_length_504_cov_115.891358	122	202	225	2	80	0.0250000
NODE_40368_length_504_cov_115.891358	122	202	229	1	80	0.0125000
NODE_40368_length_504_cov_115.891358	122	202	235	2	80	0.0250000
NODE_40368_length_504_cov_115.891358	122	202	237	1	80	0.0125000
NODE_40368_length_504_cov_115.891358	122	202	242	1	80	0.0125000
NODE_40368_length_504_cov_115.891358	122	202	246	2	80	0.0250000
NODE_40368_length_504_cov_115.891358	122	202	250	1	80	0.0125000
NODE_40368_length_504_cov_115.891358	122	202	252	4	80	0.0500000
NODE_40368_length_504_cov_115.891358	122	202	258	1	80	0.0125000
NODE_40368_length_504_cov_115.891358	122	202	260	3	80	0.0375000
NODE_40368_length_504_cov_115.891358	122	202	262	1	80	0.0125000
NODE_40368_length_504_cov_115.891358	122	202	276	1	80	0.0125000
NODE_40368_length_504_cov_115.891358	122	202	280	1	80	0.0125000
NODE_40368_length_504_cov_115.891358	122	202	284	1	80	0.0125000
NODE_40368_length_504_cov_115.891358	122	202	288	2	80	0.0250000
NODE_40368_length_504_cov_115.891358	122	202	290	2	80	0.0250000
NODE_40368_length_504_cov_115.891358	122	202	291	2	80	0.0250000
NODE_40368_length_504_cov_115.891358	122	202	292	2	80	0.0250000
NODE_40368_length_504_cov_115.891358	122	202	293	1	80	0.0125000
NODE_40368_length_504_cov_115.891358	122	202	295	1	80	0.0125000
NODE_40368_length_504_cov_115.891358	122	202	301	5	80	0.0625000
NODE_40368_length_504_cov_115.891358	122	202	303	2	80	0.0250000
NODE_40368_length_504_cov_115.891358	122	202	304	1	80	0.0125000
NODE_40368_length_504_cov_115.891358	122	202	305	1	80	0.0125000
NODE_40368_length_504_cov_115.891358	122	202	306	1	80	0.0125000
NODE_40368_length_504_cov_115.891358	122	202	308	6	80	0.0750000
NODE_40368_length_504_cov_115.891358	122	202	310	1	80	0.0125000
NODE_40368_length_504_cov_115.891358	122	202	311	3	80	0.0375000
NODE_40368_length_504_cov_115.891358	122	202	312	1	80	0.0125000
NODE_40368_length_504_cov_115.891358	175	255	202	1	80	0.0125000
NODE_40368_length_504_cov_115.891358	175	255	207	1	80	0.0125000
NODE_40368_length_504_cov_115.891358	175	255	209	1	80	0.0125000
NODE_40368_length_504_cov_115.891358	175	255	213	1	80	0.0125000
NODE_40368_length_504_cov_115.891358	175	255	219	1	80	0.0125000
NODE_40368_length_504_cov_115.891358	175	255	223	1	80	0.0125000
NODE_40368_length_504_cov_115.891358	175	255	226	1	80	0.0125000
NODE_40368_length_504_cov_115.891358	175	255	235	1	80	0.0125000
NODE_40368_length_504_cov_115.891358	175	255	239	1	80	0.0125000
NODE_40368_length_504_cov_115.891358	175	255	243	1	80	0.0125000
NODE_40368_length_504_cov_115.891358	175	255	245	3	80	0.0375000
NODE_40368_length_504_cov_115.891358	175	255	246	2	80	0.0250000
NODE_40368_length_504_cov_115.891358	175	255	252	4	80	0.0500000
NODE_40368_length_504_cov_115.891358	175	255	259	1	80	0.0125000
NODE_40368_length_504_cov_115.891358	175	255	261	2	80	0.0250000
NODE_40368_length_504_cov_115.891358	175	255	265	1	80	0.0125000
NODE_40368_length_504_cov_115.891358	175	255	279	1	80	0.0125000
NODE_40368_length_504_cov_115.891358	175	255	280	1	80	0.0125000
NODE_40368_length_504_cov_115.891358	175	255	291	4	80	0.0500000
NODE_40368_length_504_cov_115.891358	175	255	292	3	80	0.0375000
NODE_40368_length_504_cov_115.891358	175	255	293	2	80	0.0250000
NODE_40368_length_504_cov_115.891358	175	255	295	1	80	0.0125000
NODE_40368_length_504_cov_115.891358	175	255	301	5	80	0.0625000
NODE_40368_length_504_cov_115.891358	175	255	303	4	80	0.0500000
NODE_40368_length_504_cov_115.891358	175	255	304	1	80	0.0125000
NODE_40368_length_504_cov_115.891358	175	255	305	1	80	0.0125000
NODE_40368_length_504_cov_115.891358	175	255	306	1	80	0.0125000
NODE_40368_length_504_cov_115.891358	175	255	307	1	80	0.0125000
NODE_40368_length_504_cov_115.891358	175	255	308	6	80	0.0750000
NODE_40368_length_504_cov_115.891358	175	255	310	1	80	0.0125000
NODE_40368_length_504_cov_115.891358	175	255	311	4	80	0.0500000
NODE_40368_length_504_cov_115.891358	175	255	312	2	80	0.0250000
NODE_40368_length_504_cov_115.891358	175	255	313	2	80	0.0250000
NODE_40368_length_504_cov_115.891358	175	255	315	1	80	0.0125000
NODE_40368_length_504_cov_115.891358	175	255	317	2	80	0.0250000
NODE_40368_length_504_cov_115.891358	175	255	319	5	80	0.0625000
NODE_40368_length_504_cov_115.891358	175	255	320	3	80	0.0375000
NODE_40368_length_504_cov_115.891358	175	255	321	5	80	0.0625000
NODE_40368_length_504_cov_115.891358	175	255	322	1	80	0.0125000
NODE_40369_length_504_cov_33.360494	28	108	2	8	80	0.1000000
NODE_40369_length_504_cov_33.360494	28	108	4	14	80	0.1750000
NODE_40369_length_504_cov_33.360494	28	108	6	52	80	0.6500000
NODE_40369_length_504_cov_33.360494	28	108	9	6	80	0.0750000
NODE_40369_length_504_cov_33.360494	81	161	6	21	80	0.2625000
NODE_40369_length_504_cov_33.360494	81	161	7	10	80	0.1250000
NODE_40369_length_504_cov_33.360494	81	161	8	4	80	0.0500000
NODE_40369_length_504_cov_33.360494	81	161	9	7	80	0.0875000
NODE_40369_length_504_cov_33.360494	81	161	10	38	80	0.4750000
NODE_40370_length_504_cov_15.669136	176	256	0	20	80	0.2500000
NODE_40370_length_504_cov_15.669136	176	256	2	60	80	0.7500000
NODE_40370_length_504_cov_15.669136	229	309	0	50	80	0.6250000
NODE_40370_length_504_cov_15.669136	229	309	2	30	80	0.3750000
NODE_40371_length_504_cov_13.202469	134	215	0	11	81	0.1358025
NODE_40371_length_504_cov_13.202469	134	215	4	5	81	0.0617284
NODE_40371_length_504_cov_13.202469	134	215	6	21	81	0.2592593
NODE_40371_length_504_cov_13.202469	134	215	12	44	81	0.5432099
NODE_40371_length_504_cov_13.202469	188	268	8	7	80	0.0875000
NODE_40371_length_504_cov_13.202469	188	268	10	1	80	0.0125000
NODE_40371_length_504_cov_13.202469	188	268	12	72	80	0.9000000
NODE_40377_length_504_cov_6.770370	55	135	2	15	80	0.1875000
NODE_40377_length_504_cov_6.770370	55	135	4	65	80	0.8125000
NODE_40377_length_504_cov_6.770370	108	188	0	5	80	0.0625000
NODE_40377_length_504_cov_6.770370	108	188	2	60	80	0.7500000
NODE_40377_length_504_cov_6.770370	108	188	4	15	80	0.1875000
NODE_40427_length_504_cov_2.234568	359	407	0	48	48	1.0000000
NODE_40428_length_504_cov_2.227160	307	370	0	24	63	0.3809524
NODE_40428_length_504_cov_2.227160	307	370	2	2	63	0.0317460
NODE_40428_length_504_cov_2.227160	307	370	4	37	63	0.5873016
NODE_40434_length_504_cov_2.116049	245	325	0	21	80	0.2625000
NODE_40434_length_504_cov_2.116049	245	325	1	2	80	0.0250000
NODE_40434_length_504_cov_2.116049	245	325	2	57	80	0.7125000
NODE_40434_length_504_cov_2.116049	298	378	2	80	80	1.0000000
NODE_40446_length_504_cov_1.925926	196	262	0	12	66	0.1818182
NODE_40446_length_504_cov_1.925926	196	262	2	54	66	0.8181818
NODE_40601_length_503_cov_11.356436	268	348	4	7	80	0.0875000
NODE_40601_length_503_cov_11.356436	268	348	6	73	80	0.9125000
NODE_40601_length_503_cov_11.356436	321	401	0	48	80	0.6000000
NODE_40601_length_503_cov_11.356436	321	401	2	4	80	0.0500000
NODE_40601_length_503_cov_11.356436	321	401	4	8	80	0.1000000
NODE_40601_length_503_cov_11.356436	321	401	6	20	80	0.2500000
NODE_40615_length_503_cov_5.537129	314	381	4	6	67	0.0895522
NODE_40615_length_503_cov_5.537129	314	381	6	61	67	0.9104478
NODE_40645_length_503_cov_3.012376	264	285	0	21	21	1.0000000
NODE_40652_length_503_cov_2.757426	266	334	8	3	68	0.0441176
NODE_40652_length_503_cov_2.757426	266	334	12	1	68	0.0147059
NODE_40652_length_503_cov_2.757426	266	334	14	1	68	0.0147059
NODE_40652_length_503_cov_2.757426	266	334	16	2	68	0.0294118
NODE_40652_length_503_cov_2.757426	266	334	17	1	68	0.0147059
NODE_40652_length_503_cov_2.757426	266	334	18	1	68	0.0147059
NODE_40652_length_503_cov_2.757426	266	334	20	8	68	0.1176471
NODE_40652_length_503_cov_2.757426	266	334	22	24	68	0.3529412
NODE_40652_length_503_cov_2.757426	266	334	24	3	68	0.0441176
NODE_40652_length_503_cov_2.757426	266	334	26	24	68	0.3529412
NODE_40652_length_503_cov_2.757426	307	387	14	6	80	0.0750000
NODE_40652_length_503_cov_2.757426	307	387	16	1	80	0.0125000
NODE_40652_length_503_cov_2.757426	307	387	18	1	80	0.0125000
NODE_40652_length_503_cov_2.757426	307	387	20	9	80	0.1125000
NODE_40652_length_503_cov_2.757426	307	387	22	2	80	0.0250000
NODE_40652_length_503_cov_2.757426	307	387	24	37	80	0.4625000
NODE_40652_length_503_cov_2.757426	307	387	26	24	80	0.3000000
NODE_40655_length_503_cov_2.705446	158	237	0	79	79	1.0000000
NODE_40655_length_503_cov_2.705446	211	291	0	80	80	1.0000000
NODE_40656_length_503_cov_2.705446	251	331	2	9	80	0.1125000
NODE_40656_length_503_cov_2.705446	251	331	4	70	80	0.8750000
NODE_40656_length_503_cov_2.705446	251	331	6	1	80	0.0125000
NODE_40656_length_503_cov_2.705446	251	321	4	69	70	0.9857143
NODE_40656_length_503_cov_2.705446	251	321	6	1	70	0.0142857
NODE_40656_length_503_cov_2.705446	330	384	2	54	54	1.0000000
NODE_40656_length_503_cov_2.705446	338	384	2	46	46	1.0000000
NODE_40664_length_503_cov_2.584158	95	163	0	68	68	1.0000000
NODE_40857_length_502_cov_45.292804	353	433	23	18	80	0.2250000
NODE_40857_length_502_cov_45.292804	353	433	28	4	80	0.0500000
NODE_40857_length_502_cov_45.292804	353	433	30	6	80	0.0750000
NODE_40857_length_502_cov_45.292804	353	433	33	1	80	0.0125000
NODE_40857_length_502_cov_45.292804	353	433	34	6	80	0.0750000
NODE_40857_length_502_cov_45.292804	353	433	35	10	80	0.1250000
NODE_40857_length_502_cov_45.292804	353	433	36	27	80	0.3375000
NODE_40857_length_502_cov_45.292804	353	433	38	8	80	0.1000000
NODE_40864_length_502_cov_5.980149	305	381	0	14	76	0.1842105
NODE_40864_length_502_cov_5.980149	305	381	2	1	76	0.0131579
NODE_40864_length_502_cov_5.980149	305	381	4	61	76	0.8026316
NODE_41070_length_501_cov_208.708955	288	350	394	1	62	0.0161290
NODE_41070_length_501_cov_208.708955	288	350	411	1	62	0.0161290
NODE_41070_length_501_cov_208.708955	288	350	412	1	62	0.0161290
NODE_41070_length_501_cov_208.708955	288	350	419	1	62	0.0161290
NODE_41070_length_501_cov_208.708955	288	350	425	1	62	0.0161290
NODE_41070_length_501_cov_208.708955	288	350	427	1	62	0.0161290
NODE_41070_length_501_cov_208.708955	288	350	430	1	62	0.0161290
NODE_41070_length_501_cov_208.708955	288	350	434	1	62	0.0161290
NODE_41070_length_501_cov_208.708955	288	350	439	1	62	0.0161290
NODE_41070_length_501_cov_208.708955	288	350	448	1	62	0.0161290
NODE_41070_length_501_cov_208.708955	288	350	455	1	62	0.0161290
NODE_41070_length_501_cov_208.708955	288	350	465	1	62	0.0161290
NODE_41070_length_501_cov_208.708955	288	350	469	1	62	0.0161290
NODE_41070_length_501_cov_208.708955	288	350	471	1	62	0.0161290
NODE_41070_length_501_cov_208.708955	288	350	480	2	62	0.0322581
NODE_41070_length_501_cov_208.708955	288	350	488	1	62	0.0161290
NODE_41070_length_501_cov_208.708955	288	350	497	1	62	0.0161290
NODE_41070_length_501_cov_208.708955	288	350	499	1	62	0.0161290
NODE_41070_length_501_cov_208.708955	288	350	502	3	62	0.0483871
NODE_41070_length_501_cov_208.708955	288	350	504	1	62	0.0161290
NODE_41070_length_501_cov_208.708955	288	350	517	1	62	0.0161290
NODE_41070_length_501_cov_208.708955	288	350	529	3	62	0.0483871
NODE_41070_length_501_cov_208.708955	288	350	530	1	62	0.0161290
NODE_41070_length_501_cov_208.708955	288	350	543	2	62	0.0322581
NODE_41070_length_501_cov_208.708955	288	350	544	1	62	0.0161290
NODE_41070_length_501_cov_208.708955	288	350	545	1	62	0.0161290
NODE_41070_length_501_cov_208.708955	288	350	555	3	62	0.0483871
NODE_41070_length_501_cov_208.708955	288	350	557	1	62	0.0161290
NODE_41070_length_501_cov_208.708955	288	350	558	1	62	0.0161290
NODE_41070_length_501_cov_208.708955	288	350	566	1	62	0.0161290
NODE_41070_length_501_cov_208.708955	288	350	571	6	62	0.0967742
NODE_41070_length_501_cov_208.708955	288	350	572	5	62	0.0806452
NODE_41070_length_501_cov_208.708955	288	350	573	1	62	0.0161290
NODE_41070_length_501_cov_208.708955	288	350	577	1	62	0.0161290
NODE_41070_length_501_cov_208.708955	288	350	580	3	62	0.0483871
NODE_41070_length_501_cov_208.708955	288	350	581	3	62	0.0483871
NODE_41070_length_501_cov_208.708955	288	350	589	2	62	0.0322581
NODE_41070_length_501_cov_208.708955	288	350	595	1	62	0.0161290
NODE_41070_length_501_cov_208.708955	288	350	596	2	62	0.0322581
NODE_41070_length_501_cov_208.708955	327	413	151	1	86	0.0116279
NODE_41070_length_501_cov_208.708955	327	413	155	3	86	0.0348837
NODE_41070_length_501_cov_208.708955	327	413	170	1	86	0.0116279
NODE_41070_length_501_cov_208.708955	327	413	189	1	86	0.0116279
NODE_41070_length_501_cov_208.708955	327	413	193	1	86	0.0116279
NODE_41070_length_501_cov_208.708955	327	413	197	1	86	0.0116279
NODE_41070_length_501_cov_208.708955	327	413	220	3	86	0.0348837
NODE_41070_length_501_cov_208.708955	327	413	224	1	86	0.0116279
NODE_41070_length_501_cov_208.708955	327	413	229	1	86	0.0116279
NODE_41070_length_501_cov_208.708955	327	413	259	1	86	0.0116279
NODE_41070_length_501_cov_208.708955	327	413	277	1	86	0.0116279
NODE_41070_length_501_cov_208.708955	327	413	291	1	86	0.0116279
NODE_41070_length_501_cov_208.708955	327	413	293	1	86	0.0116279
NODE_41070_length_501_cov_208.708955	327	413	308	1	86	0.0116279
NODE_41070_length_501_cov_208.708955	327	413	311	1	86	0.0116279
NODE_41070_length_501_cov_208.708955	327	413	330	1	86	0.0116279
NODE_41070_length_501_cov_208.708955	327	413	360	1	86	0.0116279
NODE_41070_length_501_cov_208.708955	327	413	369	2	86	0.0232558
NODE_41070_length_501_cov_208.708955	327	413	370	1	86	0.0116279
NODE_41070_length_501_cov_208.708955	327	413	379	1	86	0.0116279
NODE_41070_length_501_cov_208.708955	327	413	396	1	86	0.0116279
NODE_41070_length_501_cov_208.708955	327	413	428	1	86	0.0116279
NODE_41070_length_501_cov_208.708955	327	413	442	1	86	0.0116279
NODE_41070_length_501_cov_208.708955	327	413	455	1	86	0.0116279
NODE_41070_length_501_cov_208.708955	327	413	466	1	86	0.0116279
NODE_41070_length_501_cov_208.708955	327	413	469	1	86	0.0116279
NODE_41070_length_501_cov_208.708955	327	413	479	1	86	0.0116279
NODE_41070_length_501_cov_208.708955	327	413	481	1	86	0.0116279
NODE_41070_length_501_cov_208.708955	327	413	485	1	86	0.0116279
NODE_41070_length_501_cov_208.708955	327	413	492	2	86	0.0232558
NODE_41070_length_501_cov_208.708955	327	413	510	1	86	0.0116279
NODE_41070_length_501_cov_208.708955	327	413	511	1	86	0.0116279
NODE_41070_length_501_cov_208.708955	327	413	515	2	86	0.0232558
NODE_41070_length_501_cov_208.708955	327	413	517	1	86	0.0116279
NODE_41070_length_501_cov_208.708955	327	413	521	2	86	0.0232558
NODE_41070_length_501_cov_208.708955	327	413	522	1	86	0.0116279
NODE_41070_length_501_cov_208.708955	327	413	525	2	86	0.0232558
NODE_41070_length_501_cov_208.708955	327	413	526	1	86	0.0116279
NODE_41070_length_501_cov_208.708955	327	413	533	1	86	0.0116279
NODE_41070_length_501_cov_208.708955	327	413	535	1	86	0.0116279
NODE_41070_length_501_cov_208.708955	327	413	540	1	86	0.0116279
NODE_41070_length_501_cov_208.708955	327	413	541	1	86	0.0116279
NODE_41070_length_501_cov_208.708955	327	413	544	1	86	0.0116279
NODE_41070_length_501_cov_208.708955	327	413	545	1	86	0.0116279
NODE_41070_length_501_cov_208.708955	327	413	547	1	86	0.0116279
NODE_41070_length_501_cov_208.708955	327	413	552	1	86	0.0116279
NODE_41070_length_501_cov_208.708955	327	413	557	1	86	0.0116279
NODE_41070_length_501_cov_208.708955	327	413	559	1	86	0.0116279
NODE_41070_length_501_cov_208.708955	327	413	561	1	86	0.0116279
NODE_41070_length_501_cov_208.708955	327	413	562	1	86	0.0116279
NODE_41070_length_501_cov_208.708955	327	413	566	1	86	0.0116279
NODE_41070_length_501_cov_208.708955	327	413	571	5	86	0.0581395
NODE_41070_length_501_cov_208.708955	327	413	572	5	86	0.0581395
NODE_41070_length_501_cov_208.708955	327	413	573	1	86	0.0116279
NODE_41070_length_501_cov_208.708955	327	413	575	1	86	0.0116279
NODE_41070_length_501_cov_208.708955	327	413	577	1	86	0.0116279
NODE_41070_length_501_cov_208.708955	327	413	580	4	86	0.0465116
NODE_41070_length_501_cov_208.708955	327	413	581	3	86	0.0348837
NODE_41070_length_501_cov_208.708955	327	413	582	1	86	0.0116279
NODE_41070_length_501_cov_208.708955	327	413	589	2	86	0.0232558
NODE_41070_length_501_cov_208.708955	327	413	595	1	86	0.0116279
NODE_41070_length_501_cov_208.708955	327	413	596	2	86	0.0232558
NODE_41071_length_501_cov_29.126866	23	103	0	80	80	1.0000000
NODE_41071_length_501_cov_29.126866	76	156	0	80	80	1.0000000
NODE_41072_length_501_cov_23.736318	85	165	0	7	80	0.0875000
NODE_41072_length_501_cov_23.736318	85	165	2	73	80	0.9125000
NODE_41072_length_501_cov_23.736318	138	218	0	36	80	0.4500000
NODE_41072_length_501_cov_23.736318	138	218	2	44	80	0.5500000
NODE_41075_length_501_cov_7.820896	270	350	0	60	80	0.7500000
NODE_41075_length_501_cov_7.820896	270	350	2	10	80	0.1250000
NODE_41075_length_501_cov_7.820896	270	350	4	10	80	0.1250000
NODE_41075_length_501_cov_7.820896	323	403	0	7	80	0.0875000
NODE_41075_length_501_cov_7.820896	323	403	2	10	80	0.1250000
NODE_41075_length_501_cov_7.820896	323	403	3	9	80	0.1125000
NODE_41075_length_501_cov_7.820896	323	403	4	54	80	0.6750000
NODE_41080_length_501_cov_6.437811	309	389	0	31	80	0.3875000
NODE_41080_length_501_cov_6.437811	309	389	2	49	80	0.6125000
NODE_41097_length_501_cov_3.656716	289	312	4	23	23	1.0000000
NODE_41097_length_501_cov_3.656716	355	420	0	65	65	1.0000000
NODE_41103_length_501_cov_3.477612	329	409	2	11	80	0.1375000
NODE_41103_length_501_cov_3.477612	329	409	4	21	80	0.2625000
NODE_41103_length_501_cov_3.477612	329	409	6	48	80	0.6000000
NODE_41109_length_501_cov_3.134328	266	345	0	79	79	1.0000000
NODE_41308_length_500_cov_77.895262	456	500	3	2	44	0.0454545
NODE_41308_length_500_cov_77.895262	456	500	5	1	44	0.0227273
NODE_41308_length_500_cov_77.895262	456	500	6	41	44	0.9318182
NODE_41309_length_500_cov_35.805486	326	406	2	4	80	0.0500000
NODE_41309_length_500_cov_35.805486	326	406	4	12	80	0.1500000
NODE_41309_length_500_cov_35.805486	326	406	18	38	80	0.4750000
NODE_41309_length_500_cov_35.805486	326	406	20	26	80	0.3250000
NODE_41309_length_500_cov_35.805486	379	459	0	18	80	0.2250000
NODE_41309_length_500_cov_35.805486	379	459	9	1	80	0.0125000
NODE_41309_length_500_cov_35.805486	379	459	10	11	80	0.1375000
NODE_41309_length_500_cov_35.805486	379	459	16	1	80	0.0125000
NODE_41309_length_500_cov_35.805486	379	459	18	49	80	0.6125000
NODE_41310_length_500_cov_13.084788	160	221	0	6	61	0.0983607
NODE_41310_length_500_cov_13.084788	160	221	4	24	61	0.3934426
NODE_41310_length_500_cov_13.084788	160	221	5	3	61	0.0491803
NODE_41310_length_500_cov_13.084788	160	221	8	28	61	0.4590164
NODE_41311_length_500_cov_12.650873	215	295	0	80	80	1.0000000
NODE_41311_length_500_cov_12.650873	268	348	0	80	80	1.0000000
NODE_41312_length_500_cov_12.009975	203	268	22	3	65	0.0461538
NODE_41312_length_500_cov_12.009975	203	268	24	1	65	0.0153846
NODE_41312_length_500_cov_12.009975	203	268	25	4	65	0.0615385
NODE_41312_length_500_cov_12.009975	203	268	27	2	65	0.0307692
NODE_41312_length_500_cov_12.009975	203	268	30	3	65	0.0461538
NODE_41312_length_500_cov_12.009975	203	268	32	16	65	0.2461538
NODE_41312_length_500_cov_12.009975	203	268	33	10	65	0.1538462
NODE_41312_length_500_cov_12.009975	203	268	34	26	65	0.4000000
NODE_41312_length_500_cov_12.009975	241	321	16	4	80	0.0500000
NODE_41312_length_500_cov_12.009975	241	321	18	2	80	0.0250000
NODE_41312_length_500_cov_12.009975	241	321	24	20	80	0.2500000
NODE_41312_length_500_cov_12.009975	241	321	25	2	80	0.0250000
NODE_41312_length_500_cov_12.009975	241	321	27	17	80	0.2125000
NODE_41312_length_500_cov_12.009975	241	321	31	7	80	0.0875000
NODE_41312_length_500_cov_12.009975	241	321	33	7	80	0.0875000
NODE_41312_length_500_cov_12.009975	241	321	34	21	80	0.2625000
NODE_41325_length_500_cov_4.653367	224	295	0	8	71	0.1126761
NODE_41325_length_500_cov_4.653367	224	295	2	63	71	0.8873239
NODE_41415_length_500_cov_1.650873	355	435	0	20	80	0.2500000
NODE_41415_length_500_cov_1.650873	355	435	2	60	80	0.7500000
NODE_41415_length_500_cov_1.650873	408	488	0	10	80	0.1250000
NODE_41415_length_500_cov_1.650873	408	488	2	70	80	0.8750000
NODE_41462_length_500_cov_1.231920	169	212	4	10	43	0.2325581
NODE_41462_length_500_cov_1.231920	169	212	6	33	43	0.7674419
NODE_41542_length_499_cov_358.730000	425	492	14	1	67	0.0149254
NODE_41542_length_499_cov_358.730000	425	492	18	2	67	0.0298507
NODE_41542_length_499_cov_358.730000	425	492	20	1	67	0.0149254
NODE_41542_length_499_cov_358.730000	425	492	21	1	67	0.0149254
NODE_41542_length_499_cov_358.730000	425	492	23	1	67	0.0149254
NODE_41542_length_499_cov_358.730000	425	492	27	1	67	0.0149254
NODE_41542_length_499_cov_358.730000	425	492	29	8	67	0.1194030
NODE_41542_length_499_cov_358.730000	425	492	37	5	67	0.0746269
NODE_41542_length_499_cov_358.730000	425	492	40	1	67	0.0149254
NODE_41542_length_499_cov_358.730000	425	492	44	8	67	0.1194030
NODE_41542_length_499_cov_358.730000	425	492	46	1	67	0.0149254
NODE_41542_length_499_cov_358.730000	425	492	48	6	67	0.0895522
NODE_41542_length_499_cov_358.730000	425	492	50	3	67	0.0447761
NODE_41542_length_499_cov_358.730000	425	492	51	1	67	0.0149254
NODE_41542_length_499_cov_358.730000	425	492	55	17	67	0.2537313
NODE_41542_length_499_cov_358.730000	425	492	58	7	67	0.1044776
NODE_41542_length_499_cov_358.730000	425	492	60	3	67	0.0447761
NODE_41543_length_499_cov_21.135000	52	132	0	80	80	1.0000000
NODE_41543_length_499_cov_21.135000	105	185	0	80	80	1.0000000
NODE_41544_length_499_cov_11.917500	50	130	0	10	80	0.1250000
NODE_41544_length_499_cov_11.917500	50	130	1	11	80	0.1375000
NODE_41544_length_499_cov_11.917500	50	130	3	8	80	0.1000000
NODE_41544_length_499_cov_11.917500	50	130	5	51	80	0.6375000
NODE_41544_length_499_cov_11.917500	103	183	0	18	80	0.2250000
NODE_41544_length_499_cov_11.917500	103	183	1	4	80	0.0500000
NODE_41544_length_499_cov_11.917500	103	183	3	15	80	0.1875000
NODE_41544_length_499_cov_11.917500	103	183	5	43	80	0.5375000
NODE_41549_length_499_cov_5.007500	0	54	0	54	54	1.0000000
NODE_41563_length_499_cov_3.482500	307	336	4	22	29	0.7586207
NODE_41563_length_499_cov_3.482500	307	336	6	6	29	0.2068966
NODE_41563_length_499_cov_3.482500	307	336	8	1	29	0.0344828
NODE_41594_length_499_cov_2.420000	198	247	0	49	49	1.0000000
NODE_41662_length_499_cov_1.445000	311	372	0	61	61	1.0000000
NODE_41770_length_498_cov_31.704261	12	92	0	80	80	1.0000000
NODE_41770_length_498_cov_31.704261	65	145	0	80	80	1.0000000
NODE_41775_length_498_cov_7.002506	256	336	2	80	80	1.0000000
NODE_41780_length_498_cov_5.759398	217	247	0	10	30	0.3333333
NODE_41780_length_498_cov_5.759398	217	247	2	20	30	0.6666667
NODE_41814_length_498_cov_3.075188	225	262	3	2	37	0.0540541
NODE_41814_length_498_cov_3.075188	225	262	5	5	37	0.1351351
NODE_41814_length_498_cov_3.075188	225	262	9	18	37	0.4864865
NODE_41814_length_498_cov_3.075188	225	262	11	4	37	0.1081081
NODE_41814_length_498_cov_3.075188	225	262	13	2	37	0.0540541
NODE_41814_length_498_cov_3.075188	225	262	15	6	37	0.1621622
NODE_41814_length_498_cov_3.075188	246	324	9	4	78	0.0512821
NODE_41814_length_498_cov_3.075188	246	324	11	4	78	0.0512821
NODE_41814_length_498_cov_3.075188	246	324	13	2	78	0.0256410
NODE_41814_length_498_cov_3.075188	246	324	15	9	78	0.1153846
NODE_41814_length_498_cov_3.075188	246	324	19	2	78	0.0256410
NODE_41814_length_498_cov_3.075188	246	324	20	14	78	0.1794872
NODE_41814_length_498_cov_3.075188	246	324	21	9	78	0.1153846
NODE_41814_length_498_cov_3.075188	246	324	22	34	78	0.4358974
NODE_42016_length_497_cov_44.105528	169	249	6	1	80	0.0125000
NODE_42016_length_497_cov_44.105528	169	249	10	24	80	0.3000000
NODE_42016_length_497_cov_44.105528	169	249	12	55	80	0.6875000
NODE_42016_length_497_cov_44.105528	222	302	2	38	80	0.4750000
NODE_42016_length_497_cov_44.105528	222	302	4	8	80	0.1000000
NODE_42016_length_497_cov_44.105528	222	302	6	8	80	0.1000000
NODE_42016_length_497_cov_44.105528	222	302	10	24	80	0.3000000
NODE_42016_length_497_cov_44.105528	222	302	12	2	80	0.0250000
NODE_42017_length_497_cov_10.145729	85	165	0	44	80	0.5500000
NODE_42017_length_497_cov_10.145729	85	165	2	36	80	0.4500000
NODE_42017_length_497_cov_10.145729	138	226	0	88	88	1.0000000
NODE_42024_length_497_cov_6.618090	231	304	0	73	73	1.0000000
NODE_42024_length_497_cov_6.618090	284	364	0	80	80	1.0000000
NODE_42065_length_497_cov_2.889447	109	189	0	35	80	0.4375000
NODE_42065_length_497_cov_2.889447	109	189	2	45	80	0.5625000
NODE_42065_length_497_cov_2.889447	162	242	1	2	80	0.0250000
NODE_42065_length_497_cov_2.889447	162	242	2	62	80	0.7750000
NODE_42065_length_497_cov_2.889447	162	242	3	16	80	0.2000000
NODE_42071_length_497_cov_2.623116	302	368	0	66	66	1.0000000
NODE_42071_length_497_cov_2.623116	355	406	0	51	51	1.0000000
NODE_42100_length_497_cov_1.909548	106	186	5	8	80	0.1000000
NODE_42100_length_497_cov_1.909548	106	186	7	12	80	0.1500000
NODE_42100_length_497_cov_1.909548	106	186	9	4	80	0.0500000
NODE_42100_length_497_cov_1.909548	106	186	11	2	80	0.0250000
NODE_42100_length_497_cov_1.909548	106	186	12	2	80	0.0250000
NODE_42100_length_497_cov_1.909548	106	186	13	2	80	0.0250000
NODE_42100_length_497_cov_1.909548	106	186	15	9	80	0.1125000
NODE_42100_length_497_cov_1.909548	106	186	17	2	80	0.0250000
NODE_42100_length_497_cov_1.909548	106	186	18	1	80	0.0125000
NODE_42100_length_497_cov_1.909548	106	186	19	8	80	0.1000000
NODE_42100_length_497_cov_1.909548	106	186	20	7	80	0.0875000
NODE_42100_length_497_cov_1.909548	106	186	22	8	80	0.1000000
NODE_42100_length_497_cov_1.909548	106	186	24	15	80	0.1875000
NODE_42100_length_497_cov_1.909548	159	240	20	4	81	0.0493827
NODE_42100_length_497_cov_1.909548	159	240	22	8	81	0.0987654
NODE_42100_length_497_cov_1.909548	159	240	24	22	81	0.2716049
NODE_42100_length_497_cov_1.909548	159	240	26	1	81	0.0123457
NODE_42100_length_497_cov_1.909548	159	240	28	10	81	0.1234568
NODE_42100_length_497_cov_1.909548	159	240	32	1	81	0.0123457
NODE_42100_length_497_cov_1.909548	159	240	40	2	81	0.0246914
NODE_42100_length_497_cov_1.909548	159	240	42	5	81	0.0617284
NODE_42100_length_497_cov_1.909548	159	240	44	3	81	0.0370370
NODE_42100_length_497_cov_1.909548	159	240	46	3	81	0.0370370
NODE_42100_length_497_cov_1.909548	159	240	47	3	81	0.0370370
NODE_42100_length_497_cov_1.909548	159	240	48	13	81	0.1604938
NODE_42100_length_497_cov_1.909548	159	240	50	6	81	0.0740741
NODE_42100_length_497_cov_1.909548	262	324	2	5	62	0.0806452
NODE_42100_length_497_cov_1.909548	262	324	4	2	62	0.0322581
NODE_42100_length_497_cov_1.909548	262	324	8	3	62	0.0483871
NODE_42100_length_497_cov_1.909548	262	324	10	1	62	0.0161290
NODE_42100_length_497_cov_1.909548	262	324	12	1	62	0.0161290
NODE_42100_length_497_cov_1.909548	262	324	14	1	62	0.0161290
NODE_42100_length_497_cov_1.909548	262	324	16	1	62	0.0161290
NODE_42100_length_497_cov_1.909548	262	324	22	1	62	0.0161290
NODE_42100_length_497_cov_1.909548	262	324	25	1	62	0.0161290
NODE_42100_length_497_cov_1.909548	262	324	27	2	62	0.0322581
NODE_42100_length_497_cov_1.909548	262	324	31	1	62	0.0161290
NODE_42100_length_497_cov_1.909548	262	324	35	5	62	0.0806452
NODE_42100_length_497_cov_1.909548	262	324	36	7	62	0.1129032
NODE_42100_length_497_cov_1.909548	262	324	37	9	62	0.1451613
NODE_42100_length_497_cov_1.909548	262	324	39	1	62	0.0161290
NODE_42100_length_497_cov_1.909548	262	324	41	13	62	0.2096774
NODE_42100_length_497_cov_1.909548	262	324	43	2	62	0.0322581
NODE_42100_length_497_cov_1.909548	262	324	44	6	62	0.0967742
NODE_42131_length_497_cov_1.500000	259	339	0	80	80	1.0000000
NODE_42136_length_497_cov_1.404523	211	263	0	52	52	1.0000000
NODE_42279_length_496_cov_5.619647	239	269	0	30	30	1.0000000
NODE_42281_length_496_cov_5.392947	103	168	0	65	65	1.0000000
NODE_42281_length_496_cov_5.392947	141	221	0	80	80	1.0000000
NODE_42281_length_496_cov_5.392947	217	295	0	78	78	1.0000000
NODE_42281_length_496_cov_5.392947	270	295	0	25	25	1.0000000
NODE_42287_length_496_cov_4.397985	388	467	0	50	79	0.6329114
NODE_42287_length_496_cov_4.397985	388	467	3	9	79	0.1139240
NODE_42287_length_496_cov_4.397985	388	467	5	1	79	0.0126582
NODE_42287_length_496_cov_4.397985	388	467	6	19	79	0.2405063
NODE_42288_length_496_cov_4.193955	235	315	2	1	80	0.0125000
NODE_42288_length_496_cov_4.193955	235	315	4	11	80	0.1375000
NODE_42288_length_496_cov_4.193955	235	315	8	1	80	0.0125000
NODE_42288_length_496_cov_4.193955	235	315	10	9	80	0.1125000
NODE_42288_length_496_cov_4.193955	235	315	12	58	80	0.7250000
NODE_42297_length_496_cov_3.531486	192	273	2	14	81	0.1728395
NODE_42297_length_496_cov_3.531486	192	273	3	7	81	0.0864198
NODE_42297_length_496_cov_3.531486	192	273	5	3	81	0.0370370
NODE_42297_length_496_cov_3.531486	192	273	6	57	81	0.7037037
NODE_42297_length_496_cov_3.531486	245	325	4	20	80	0.2500000
NODE_42297_length_496_cov_3.531486	245	325	6	60	80	0.7500000
NODE_42298_length_496_cov_3.377834	252	332	0	3	80	0.0375000
NODE_42298_length_496_cov_3.377834	252	332	2	77	80	0.9625000
NODE_42298_length_496_cov_3.377834	305	383	2	78	78	1.0000000
NODE_42316_length_496_cov_2.659950	203	251	10	48	48	1.0000000
NODE_42328_length_496_cov_2.445844	95	165	2	43	70	0.6142857
NODE_42328_length_496_cov_2.445844	95	165	4	27	70	0.3857143
NODE_42328_length_496_cov_2.445844	148	228	0	12	80	0.1500000
NODE_42328_length_496_cov_2.445844	148	228	2	68	80	0.8500000
NODE_42333_length_496_cov_2.214106	299	359	26	4	60	0.0666667
NODE_42333_length_496_cov_2.214106	299	359	28	20	60	0.3333333
NODE_42333_length_496_cov_2.214106	299	359	32	5	60	0.0833333
NODE_42333_length_496_cov_2.214106	299	359	34	14	60	0.2333333
NODE_42333_length_496_cov_2.214106	299	359	36	17	60	0.2833333
NODE_42415_length_496_cov_1.395466	273	317	0	44	44	1.0000000
NODE_42461_length_496_cov_0.979849	214	294	4	29	80	0.3625000
NODE_42461_length_496_cov_0.979849	214	294	6	51	80	0.6375000
NODE_42525_length_495_cov_34.888889	209	264	0	29	55	0.5272727
NODE_42525_length_495_cov_34.888889	209	264	4	26	55	0.4727273
NODE_42526_length_495_cov_12.800505	268	348	0	23	80	0.2875000
NODE_42526_length_495_cov_12.800505	268	348	4	48	80	0.6000000
NODE_42526_length_495_cov_12.800505	268	348	6	6	80	0.0750000
NODE_42526_length_495_cov_12.800505	268	348	7	3	80	0.0375000
NODE_42526_length_495_cov_12.800505	321	401	0	76	80	0.9500000
NODE_42526_length_495_cov_12.800505	321	401	4	4	80	0.0500000
NODE_42529_length_495_cov_7.080808	386	416	6	30	30	1.0000000
NODE_42548_length_495_cov_3.868687	218	298	9	4	80	0.0500000
NODE_42548_length_495_cov_3.868687	218	298	10	4	80	0.0500000
NODE_42548_length_495_cov_3.868687	218	298	12	36	80	0.4500000
NODE_42548_length_495_cov_3.868687	218	298	14	29	80	0.3625000
NODE_42548_length_495_cov_3.868687	218	298	16	7	80	0.0875000
NODE_42736_length_495_cov_0.792929	274	309	2	20	35	0.5714286
NODE_42736_length_495_cov_0.792929	274	309	3	15	35	0.4285714
NODE_42773_length_494_cov_20.096203	182	262	0	4	80	0.0500000
NODE_42773_length_494_cov_20.096203	182	262	2	76	80	0.9500000
NODE_42773_length_494_cov_20.096203	235	315	0	4	80	0.0500000
NODE_42773_length_494_cov_20.096203	235	315	2	76	80	0.9500000
NODE_42778_length_494_cov_7.498734	187	240	0	8	53	0.1509434
NODE_42778_length_494_cov_7.498734	187	240	4	45	53	0.8490566
NODE_42788_length_494_cov_4.283544	255	332	4	10	77	0.1298701
NODE_42788_length_494_cov_4.283544	255	332	6	16	77	0.2077922
NODE_42788_length_494_cov_4.283544	255	332	8	51	77	0.6623377
NODE_42804_length_494_cov_3.496203	209	276	2	67	67	1.0000000
NODE_42812_length_494_cov_3.032911	385	432	4	2	47	0.0425532
NODE_42812_length_494_cov_3.032911	385	432	6	3	47	0.0638298
NODE_42812_length_494_cov_3.032911	385	432	8	41	47	0.8723404
NODE_42812_length_494_cov_3.032911	385	432	10	1	47	0.0212766
NODE_42816_length_494_cov_2.908861	189	269	2	2	80	0.0250000
NODE_42816_length_494_cov_2.908861	189	269	6	5	80	0.0625000
NODE_42816_length_494_cov_2.908861	189	269	8	2	80	0.0250000
NODE_42816_length_494_cov_2.908861	189	269	10	7	80	0.0875000
NODE_42816_length_494_cov_2.908861	189	269	12	64	80	0.8000000
NODE_42822_length_494_cov_2.777215	145	188	0	43	43	1.0000000
NODE_42834_length_494_cov_2.531646	371	430	0	45	59	0.7627119
NODE_42834_length_494_cov_2.531646	371	430	3	14	59	0.2372881
NODE_42834_length_494_cov_2.531646	428	494	0	66	66	1.0000000
NODE_43021_length_493_cov_34.946701	140	220	2	80	80	1.0000000
NODE_43021_length_493_cov_34.946701	193	265	0	22	72	0.3055556
NODE_43021_length_493_cov_34.946701	193	265	2	50	72	0.6944444
NODE_43022_length_493_cov_12.451777	173	253	5	11	80	0.1375000
NODE_43022_length_493_cov_12.451777	173	253	6	36	80	0.4500000
NODE_43022_length_493_cov_12.451777	173	253	7	6	80	0.0750000
NODE_43022_length_493_cov_12.451777	173	253	9	10	80	0.1250000
NODE_43022_length_493_cov_12.451777	173	253	11	16	80	0.2000000
NODE_43022_length_493_cov_12.451777	173	253	13	1	80	0.0125000
NODE_43022_length_493_cov_12.451777	226	306	8	22	80	0.2750000
NODE_43022_length_493_cov_12.451777	226	306	9	10	80	0.1250000
NODE_43022_length_493_cov_12.451777	226	306	10	3	80	0.0375000
NODE_43022_length_493_cov_12.451777	226	306	11	18	80	0.2250000
NODE_43022_length_493_cov_12.451777	226	306	13	27	80	0.3375000
NODE_43025_length_493_cov_8.540609	116	146	0	2	30	0.0666667
NODE_43025_length_493_cov_8.540609	116	146	4	6	30	0.2000000
NODE_43025_length_493_cov_8.540609	116	146	6	22	30	0.7333333
NODE_43025_length_493_cov_8.540609	119	199	4	6	80	0.0750000
NODE_43025_length_493_cov_8.540609	119	199	6	74	80	0.9250000
NODE_43031_length_493_cov_6.144670	300	380	0	1	80	0.0125000
NODE_43031_length_493_cov_6.144670	300	380	2	7	80	0.0875000
NODE_43031_length_493_cov_6.144670	300	380	8	72	80	0.9000000
NODE_43031_length_493_cov_6.144670	353	433	6	25	80	0.3125000
NODE_43031_length_493_cov_6.144670	353	433	8	55	80	0.6875000
NODE_43046_length_493_cov_3.840102	178	258	0	22	80	0.2750000
NODE_43046_length_493_cov_3.840102	178	258	2	58	80	0.7250000
NODE_43046_length_493_cov_3.840102	231	311	0	75	80	0.9375000
NODE_43046_length_493_cov_3.840102	231	311	2	5	80	0.0625000
NODE_43125_length_493_cov_1.588832	126	206	0	38	80	0.4750000
NODE_43125_length_493_cov_1.588832	126	206	2	42	80	0.5250000
NODE_43125_length_493_cov_1.588832	179	259	2	80	80	1.0000000
NODE_43261_length_492_cov_5.488550	117	197	0	24	80	0.3000000
NODE_43261_length_492_cov_5.488550	117	197	4	56	80	0.7000000
NODE_43261_length_492_cov_5.488550	170	250	4	80	80	1.0000000
NODE_43270_length_492_cov_4.445293	158	234	0	76	76	1.0000000
NODE_43270_length_492_cov_4.445293	207	285	0	78	78	1.0000000
NODE_43273_length_492_cov_4.244275	272	315	0	43	43	1.0000000
NODE_43293_length_492_cov_3.297710	113	193	2	56	80	0.7000000
NODE_43293_length_492_cov_3.297710	113	193	4	24	80	0.3000000
NODE_43528_length_491_cov_17.196429	138	218	4	30	80	0.3750000
NODE_43528_length_491_cov_17.196429	138	218	6	3	80	0.0375000
NODE_43528_length_491_cov_17.196429	138	218	8	32	80	0.4000000
NODE_43528_length_491_cov_17.196429	138	218	10	15	80	0.1875000
NODE_43528_length_491_cov_17.196429	191	271	6	56	80	0.7000000
NODE_43528_length_491_cov_17.196429	191	271	8	9	80	0.1125000
NODE_43528_length_491_cov_17.196429	191	271	10	15	80	0.1875000
NODE_43529_length_491_cov_17.193878	77	157	0	15	80	0.1875000
NODE_43529_length_491_cov_17.193878	77	157	3	1	80	0.0125000
NODE_43529_length_491_cov_17.193878	77	157	4	21	80	0.2625000
NODE_43529_length_491_cov_17.193878	77	157	6	43	80	0.5375000
NODE_43529_length_491_cov_17.193878	130	210	2	9	80	0.1125000
NODE_43529_length_491_cov_17.193878	130	210	5	1	80	0.0125000
NODE_43529_length_491_cov_17.193878	130	210	6	70	80	0.8750000
NODE_43535_length_491_cov_5.505102	215	284	4	24	69	0.3478261
NODE_43535_length_491_cov_5.505102	215	284	6	45	69	0.6521739
NODE_43535_length_491_cov_5.505102	215	295	4	28	80	0.3500000
NODE_43535_length_491_cov_5.505102	215	295	6	52	80	0.6500000
NODE_43535_length_491_cov_5.505102	268	348	2	14	80	0.1750000
NODE_43535_length_491_cov_5.505102	268	348	4	25	80	0.3125000
NODE_43535_length_491_cov_5.505102	268	348	6	41	80	0.5125000
NODE_43536_length_491_cov_5.477041	169	222	0	53	53	1.0000000
NODE_43546_length_491_cov_4.176020	383	449	0	1	66	0.0151515
NODE_43546_length_491_cov_4.176020	383	449	2	65	66	0.9848485
NODE_43546_length_491_cov_4.176020	422	476	0	7	54	0.1296296
NODE_43546_length_491_cov_4.176020	422	476	2	47	54	0.8703704
NODE_43570_length_491_cov_2.887755	348	428	2	4	80	0.0500000
NODE_43570_length_491_cov_2.887755	348	428	4	10	80	0.1250000
NODE_43570_length_491_cov_2.887755	348	428	6	66	80	0.8250000
NODE_43570_length_491_cov_2.887755	401	472	0	36	71	0.5070422
NODE_43570_length_491_cov_2.887755	401	472	2	12	71	0.1690141
NODE_43570_length_491_cov_2.887755	401	472	6	23	71	0.3239437
NODE_43575_length_491_cov_2.693878	239	316	0	26	77	0.3376623
NODE_43575_length_491_cov_2.693878	239	316	2	6	77	0.0779221
NODE_43575_length_491_cov_2.693878	239	316	6	45	77	0.5844156
NODE_43744_length_490_cov_10.058824	192	272	7	9	80	0.1125000
NODE_43744_length_490_cov_10.058824	192	272	8	1	80	0.0125000
NODE_43744_length_490_cov_10.058824	192	272	9	49	80	0.6125000
NODE_43744_length_490_cov_10.058824	192	272	10	11	80	0.1375000
NODE_43744_length_490_cov_10.058824	192	272	11	2	80	0.0250000
NODE_43744_length_490_cov_10.058824	192	272	12	8	80	0.1000000
NODE_43744_length_490_cov_10.058824	245	325	3	7	80	0.0875000
NODE_43744_length_490_cov_10.058824	245	325	5	45	80	0.5625000
NODE_43744_length_490_cov_10.058824	245	325	8	2	80	0.0250000
NODE_43744_length_490_cov_10.058824	245	325	9	26	80	0.3250000
NODE_43748_length_490_cov_6.652174	304	363	2	8	59	0.1355932
NODE_43748_length_490_cov_6.652174	304	363	4	16	59	0.2711864
NODE_43748_length_490_cov_6.652174	304	363	6	13	59	0.2203390
NODE_43748_length_490_cov_6.652174	304	363	8	22	59	0.3728814
NODE_43816_length_490_cov_2.212276	241	300	2	8	59	0.1355932
NODE_43816_length_490_cov_2.212276	241	300	4	11	59	0.1864407
NODE_43816_length_490_cov_2.212276	241	300	6	40	59	0.6779661
NODE_43816_length_490_cov_2.212276	280	358	0	5	78	0.0641026
NODE_43816_length_490_cov_2.212276	280	358	2	1	78	0.0128205
NODE_43816_length_490_cov_2.212276	280	358	4	13	78	0.1666667
NODE_43816_length_490_cov_2.212276	280	358	6	59	78	0.7564102
NODE_43886_length_490_cov_1.360614	97	159	0	18	62	0.2903226
NODE_43886_length_490_cov_1.360614	97	159	2	44	62	0.7096774
NODE_43886_length_490_cov_1.360614	132	212	2	80	80	1.0000000
NODE_43993_length_489_cov_55.992308	50	130	0	42	80	0.5250000
NODE_43993_length_489_cov_55.992308	50	130	2	5	80	0.0625000
NODE_43993_length_489_cov_55.992308	50	130	7	20	80	0.2500000
NODE_43993_length_489_cov_55.992308	50	130	8	13	80	0.1625000
NODE_43993_length_489_cov_55.992308	103	183	7	14	80	0.1750000
NODE_43993_length_489_cov_55.992308	103	183	8	20	80	0.2500000
NODE_43993_length_489_cov_55.992308	103	183	12	46	80	0.5750000
NODE_43993_length_489_cov_55.992308	179	259	4	21	80	0.2625000
NODE_43993_length_489_cov_55.992308	179	259	6	20	80	0.2500000
NODE_43993_length_489_cov_55.992308	179	259	9	22	80	0.2750000
NODE_43993_length_489_cov_55.992308	179	259	11	12	80	0.1500000
NODE_43993_length_489_cov_55.992308	179	259	12	5	80	0.0625000
NODE_43993_length_489_cov_55.992308	232	312	2	51	80	0.6375000
NODE_43993_length_489_cov_55.992308	232	312	4	7	80	0.0875000
NODE_43993_length_489_cov_55.992308	232	312	6	22	80	0.2750000
NODE_43994_length_489_cov_31.707692	299	384	0	13	85	0.1529412
NODE_43994_length_489_cov_31.707692	299	384	2	32	85	0.3764706
NODE_43994_length_489_cov_31.707692	299	384	4	1	85	0.0117647
NODE_43994_length_489_cov_31.707692	299	384	6	3	85	0.0352941
NODE_43994_length_489_cov_31.707692	299	384	8	4	85	0.0470588
NODE_43994_length_489_cov_31.707692	299	384	9	1	85	0.0117647
NODE_43994_length_489_cov_31.707692	299	384	10	31	85	0.3647059
NODE_43994_length_489_cov_31.707692	299	384	0	13	85	0.1529412
NODE_43994_length_489_cov_31.707692	299	384	2	32	85	0.3764706
NODE_43994_length_489_cov_31.707692	299	384	4	1	85	0.0117647
NODE_43994_length_489_cov_31.707692	299	384	6	3	85	0.0352941
NODE_43994_length_489_cov_31.707692	299	384	8	4	85	0.0470588
NODE_43994_length_489_cov_31.707692	299	384	9	1	85	0.0117647
NODE_43994_length_489_cov_31.707692	299	384	10	31	85	0.3647059
NODE_43996_length_489_cov_13.661538	227	307	0	5	80	0.0625000
NODE_43996_length_489_cov_13.661538	227	307	4	75	80	0.9375000
NODE_43996_length_489_cov_13.661538	280	358	0	8	78	0.1025641
NODE_43996_length_489_cov_13.661538	280	358	4	70	78	0.8974359
NODE_43997_length_489_cov_12.017949	214	294	0	38	80	0.4750000
NODE_43997_length_489_cov_12.017949	214	294	4	32	80	0.4000000
NODE_43997_length_489_cov_12.017949	214	294	6	10	80	0.1250000
NODE_43997_length_489_cov_12.017949	267	347	4	17	80	0.2125000
NODE_43997_length_489_cov_12.017949	267	347	6	63	80	0.7875000
NODE_43998_length_489_cov_10.774359	262	304	5	42	42	1.0000000
NODE_44001_length_489_cov_8.094872	141	221	0	6	80	0.0750000
NODE_44001_length_489_cov_8.094872	141	221	2	3	80	0.0375000
NODE_44001_length_489_cov_8.094872	141	221	4	32	80	0.4000000
NODE_44001_length_489_cov_8.094872	141	221	6	39	80	0.4875000
NODE_44001_length_489_cov_8.094872	194	247	6	53	53	1.0000000
NODE_44007_length_489_cov_5.284615	176	256	0	9	80	0.1125000
NODE_44007_length_489_cov_5.284615	176	256	2	71	80	0.8875000
NODE_44007_length_489_cov_5.284615	229	309	0	17	80	0.2125000
NODE_44007_length_489_cov_5.284615	229	309	2	63	80	0.7875000
NODE_44096_length_489_cov_1.646154	234	278	0	44	44	1.0000000
NODE_44105_length_489_cov_1.574359	351	391	0	4	40	0.1000000
NODE_44105_length_489_cov_1.574359	351	391	2	36	40	0.9000000
NODE_44105_length_489_cov_1.574359	351	383	2	32	32	1.0000000
NODE_44105_length_489_cov_1.574359	365	445	0	58	80	0.7250000
NODE_44105_length_489_cov_1.574359	365	445	2	22	80	0.2750000
NODE_44105_length_489_cov_1.574359	365	445	0	58	80	0.7250000
NODE_44105_length_489_cov_1.574359	365	445	2	22	80	0.2750000
NODE_44105_length_489_cov_1.574359	366	445	0	58	79	0.7341772
NODE_44105_length_489_cov_1.574359	366	445	2	21	79	0.2658228
NODE_44231_length_488_cov_15.406170	235	313	0	78	78	1.0000000
NODE_44231_length_488_cov_15.406170	286	367	0	81	81	1.0000000
NODE_44234_length_488_cov_8.416452	210	290	0	28	80	0.3500000
NODE_44234_length_488_cov_8.416452	210	290	2	52	80	0.6500000
NODE_44234_length_488_cov_8.416452	263	343	0	8	80	0.1000000
NODE_44234_length_488_cov_8.416452	263	343	2	72	80	0.9000000
NODE_44240_length_488_cov_6.084833	254	302	2	48	48	1.0000000
NODE_44243_length_488_cov_5.434447	210	279	0	3	69	0.0434783
NODE_44243_length_488_cov_5.434447	210	279	2	66	69	0.9565217
NODE_44243_length_488_cov_5.434447	265	300	2	35	35	1.0000000
NODE_44263_length_488_cov_3.431877	212	248	0	36	36	1.0000000
NODE_44264_length_488_cov_3.424165	320	367	2	3	47	0.0638298
NODE_44264_length_488_cov_3.424165	320	367	4	25	47	0.5319149
NODE_44264_length_488_cov_3.424165	320	367	6	19	47	0.4042553
NODE_44264_length_488_cov_3.424165	320	378	2	3	58	0.0517241
NODE_44264_length_488_cov_3.424165	320	378	4	25	58	0.4310345
NODE_44264_length_488_cov_3.424165	320	378	6	30	58	0.5172414
NODE_44264_length_488_cov_3.424165	351	393	4	1	42	0.0238095
NODE_44264_length_488_cov_3.424165	351	393	6	41	42	0.9761904
NODE_44264_length_488_cov_3.424165	360	395	4	3	35	0.0857143
NODE_44264_length_488_cov_3.424165	360	395	6	32	35	0.9142857
NODE_44274_length_488_cov_2.850900	276	356	2	80	80	1.0000000
NODE_44376_length_488_cov_1.562982	31	67	0	36	36	1.0000000
NODE_44496_length_487_cov_7.028351	278	358	4	53	80	0.6625000
NODE_44496_length_487_cov_7.028351	278	358	6	27	80	0.3375000
NODE_44498_length_487_cov_6.804124	242	313	0	7	71	0.0985916
NODE_44498_length_487_cov_6.804124	242	313	2	30	71	0.4225352
NODE_44498_length_487_cov_6.804124	242	313	4	34	71	0.4788733
NODE_44498_length_487_cov_6.804124	286	366	0	60	80	0.7500000
NODE_44498_length_487_cov_6.804124	286	366	2	20	80	0.2500000
NODE_44500_length_487_cov_5.917526	140	220	0	57	80	0.7125000
NODE_44500_length_487_cov_5.917526	140	220	2	23	80	0.2875000
NODE_44500_length_487_cov_5.917526	193	273	0	4	80	0.0500000
NODE_44500_length_487_cov_5.917526	193	273	2	76	80	0.9500000
NODE_44520_length_487_cov_3.296392	235	315	0	54	80	0.6750000
NODE_44520_length_487_cov_3.296392	235	315	1	5	80	0.0625000
NODE_44520_length_487_cov_3.296392	235	315	2	21	80	0.2625000
NODE_44521_length_487_cov_3.237113	301	363	0	62	62	1.0000000
NODE_44525_length_487_cov_3.074742	214	294	0	20	80	0.2500000
NODE_44525_length_487_cov_3.074742	214	294	2	60	80	0.7500000
NODE_44723_length_486_cov_6.609819	206	286	0	3	80	0.0375000
NODE_44723_length_486_cov_6.609819	206	286	6	77	80	0.9625000
NODE_44728_length_486_cov_5.428941	147	227	0	28	80	0.3500000
NODE_44728_length_486_cov_5.428941	147	227	2	52	80	0.6500000
NODE_44754_length_486_cov_3.072351	131	211	0	80	80	1.0000000
NODE_44754_length_486_cov_3.072351	190	235	0	45	45	1.0000000
NODE_44769_length_486_cov_2.581395	156	236	0	80	80	1.0000000
NODE_44769_length_486_cov_2.581395	209	289	0	80	80	1.0000000
NODE_44781_length_486_cov_2.343669	189	230	0	41	41	1.0000000
NODE_44781_length_486_cov_2.343669	242	306	0	64	64	1.0000000
NODE_44959_length_485_cov_29.505181	270	350	0	80	80	1.0000000
NODE_44959_length_485_cov_29.505181	323	403	0	80	80	1.0000000
NODE_44959_length_485_cov_29.505181	399	479	0	80	80	1.0000000
NODE_44960_length_485_cov_10.450777	67	153	0	86	86	1.0000000
NODE_44960_length_485_cov_10.450777	133	206	0	73	73	1.0000000
NODE_44965_length_485_cov_5.922280	196	273	2	15	77	0.1948052
NODE_44965_length_485_cov_5.922280	196	273	4	29	77	0.3766234
NODE_44965_length_485_cov_5.922280	196	273	5	2	77	0.0259740
NODE_44965_length_485_cov_5.922280	196	273	6	31	77	0.4025974
NODE_44965_length_485_cov_5.922280	246	326	3	40	80	0.5000000
NODE_44965_length_485_cov_5.922280	246	326	4	40	80	0.5000000
NODE_44966_length_485_cov_5.818653	279	359	0	80	80	1.0000000
NODE_44966_length_485_cov_5.818653	332	412	0	80	80	1.0000000
NODE_44968_length_485_cov_5.670984	321	396	1	11	75	0.1466667
NODE_44968_length_485_cov_5.670984	321	396	3	5	75	0.0666667
NODE_44968_length_485_cov_5.670984	321	396	4	36	75	0.4800000
NODE_44968_length_485_cov_5.670984	321	396	6	23	75	0.3066667
NODE_44992_length_485_cov_3.518135	162	210	0	48	48	1.0000000
NODE_45005_length_485_cov_2.790155	193	253	0	60	60	1.0000000
NODE_45021_length_485_cov_2.427461	170	249	0	79	79	1.0000000
NODE_45100_length_485_cov_1.264249	232	251	0	19	19	1.0000000
NODE_45193_length_484_cov_33.384416	92	172	0	29	80	0.3625000
NODE_45193_length_484_cov_33.384416	92	172	2	51	80	0.6375000
NODE_45193_length_484_cov_33.384416	145	225	0	37	80	0.4625000
NODE_45193_length_484_cov_33.384416	145	225	2	43	80	0.5375000
NODE_45195_length_484_cov_9.111688	136	216	0	80	80	1.0000000
NODE_45195_length_484_cov_9.111688	189	270	0	81	81	1.0000000
NODE_45196_length_484_cov_8.353247	165	244	0	64	79	0.8101266
NODE_45196_length_484_cov_8.353247	165	244	4	15	79	0.1898734
NODE_45196_length_484_cov_8.353247	217	297	0	12	80	0.1500000
NODE_45196_length_484_cov_8.353247	217	297	4	68	80	0.8500000
NODE_45197_length_484_cov_8.119481	108	188	0	11	80	0.1375000
NODE_45197_length_484_cov_8.119481	108	188	2	69	80	0.8625000
NODE_45197_length_484_cov_8.119481	161	241	0	64	80	0.8000000
NODE_45197_length_484_cov_8.119481	161	241	2	16	80	0.2000000
NODE_45200_length_484_cov_7.703896	208	288	0	80	80	1.0000000
NODE_45200_length_484_cov_7.703896	261	341	0	80	80	1.0000000
NODE_45202_length_484_cov_7.153247	230	292	0	11	62	0.1774193
NODE_45202_length_484_cov_7.153247	230	292	4	14	62	0.2258064
NODE_45202_length_484_cov_7.153247	230	292	5	7	62	0.1129032
NODE_45202_length_484_cov_7.153247	230	292	6	30	62	0.4838710
NODE_45204_length_484_cov_6.594805	221	301	1	43	80	0.5375000
NODE_45204_length_484_cov_6.594805	221	301	2	37	80	0.4625000
NODE_45204_length_484_cov_6.594805	274	354	0	33	80	0.4125000
NODE_45204_length_484_cov_6.594805	274	354	1	47	80	0.5875000
NODE_45218_length_484_cov_4.044156	267	347	2	14	80	0.1750000
NODE_45218_length_484_cov_4.044156	267	347	3	13	80	0.1625000
NODE_45218_length_484_cov_4.044156	267	347	4	9	80	0.1125000
NODE_45218_length_484_cov_4.044156	267	347	7	3	80	0.0375000
NODE_45218_length_484_cov_4.044156	267	347	8	7	80	0.0875000
NODE_45218_length_484_cov_4.044156	267	347	9	34	80	0.4250000
NODE_45218_length_484_cov_4.044156	342	396	6	29	54	0.5370370
NODE_45218_length_484_cov_4.044156	342	396	8	25	54	0.4629630
NODE_45225_length_484_cov_3.787013	287	331	0	9	44	0.2045455
NODE_45225_length_484_cov_3.787013	287	331	2	35	44	0.7954546
NODE_45225_length_484_cov_3.787013	307	386	2	79	79	1.0000000
NODE_45225_length_484_cov_3.787013	317	386	2	69	69	1.0000000
NODE_45276_length_484_cov_2.254545	79	132	0	53	53	1.0000000
NODE_45352_length_484_cov_1.322078	429	477	0	48	48	1.0000000
NODE_45353_length_484_cov_1.314286	431	472	0	41	41	1.0000000
NODE_45459_length_483_cov_40.815104	396	473	0	77	77	1.0000000
NODE_45459_length_483_cov_40.815104	396	473	0	77	77	1.0000000
NODE_45473_length_483_cov_5.289062	124	185	0	61	61	1.0000000
NODE_45494_length_483_cov_4.114583	226	306	0	3	80	0.0375000
NODE_45494_length_483_cov_4.114583	226	306	4	53	80	0.6625000
NODE_45494_length_483_cov_4.114583	226	306	6	20	80	0.2500000
NODE_45494_length_483_cov_4.114583	226	306	7	1	80	0.0125000
NODE_45494_length_483_cov_4.114583	226	306	8	3	80	0.0375000
NODE_45494_length_483_cov_4.114583	226	305	0	3	79	0.0379747
NODE_45494_length_483_cov_4.114583	226	305	4	52	79	0.6582279
NODE_45494_length_483_cov_4.114583	226	305	6	20	79	0.2531646
NODE_45494_length_483_cov_4.114583	226	305	7	1	79	0.0126582
NODE_45494_length_483_cov_4.114583	226	305	8	3	79	0.0379747
NODE_45494_length_483_cov_4.114583	226	306	0	3	80	0.0375000
NODE_45494_length_483_cov_4.114583	226	306	4	53	80	0.6625000
NODE_45494_length_483_cov_4.114583	226	306	6	20	80	0.2500000
NODE_45494_length_483_cov_4.114583	226	306	7	1	80	0.0125000
NODE_45494_length_483_cov_4.114583	226	306	8	3	80	0.0375000
NODE_45494_length_483_cov_4.114583	226	306	0	3	80	0.0375000
NODE_45494_length_483_cov_4.114583	226	306	4	53	80	0.6625000
NODE_45494_length_483_cov_4.114583	226	306	6	20	80	0.2500000
NODE_45494_length_483_cov_4.114583	226	306	7	1	80	0.0125000
NODE_45494_length_483_cov_4.114583	226	306	8	3	80	0.0375000
NODE_45494_length_483_cov_4.114583	279	359	4	57	80	0.7125000
NODE_45494_length_483_cov_4.114583	279	359	6	19	80	0.2375000
NODE_45494_length_483_cov_4.114583	279	359	7	1	80	0.0125000
NODE_45494_length_483_cov_4.114583	279	359	8	3	80	0.0375000
NODE_45494_length_483_cov_4.114583	279	325	4	23	46	0.5000000
NODE_45494_length_483_cov_4.114583	279	325	6	19	46	0.4130435
NODE_45494_length_483_cov_4.114583	279	325	7	1	46	0.0217391
NODE_45494_length_483_cov_4.114583	279	325	8	3	46	0.0652174
NODE_45494_length_483_cov_4.114583	297	323	4	21	26	0.8076923
NODE_45494_length_483_cov_4.114583	297	323	6	1	26	0.0384615
NODE_45494_length_483_cov_4.114583	297	323	7	1	26	0.0384615
NODE_45494_length_483_cov_4.114583	297	323	8	3	26	0.1153846
NODE_45495_length_483_cov_4.046875	68	117	0	49	49	1.0000000
NODE_45495_length_483_cov_4.046875	184	250	2	66	66	1.0000000
NODE_45635_length_483_cov_1.205729	249	291	0	42	42	1.0000000
NODE_45725_length_482_cov_37.900783	72	152	16	6	80	0.0750000
NODE_45725_length_482_cov_37.900783	72	152	18	5	80	0.0625000
NODE_45725_length_482_cov_37.900783	72	152	20	69	80	0.8625000
NODE_45725_length_482_cov_37.900783	125	205	0	21	80	0.2625000
NODE_45725_length_482_cov_37.900783	125	205	4	22	80	0.2750000
NODE_45725_length_482_cov_37.900783	125	205	12	10	80	0.1250000
NODE_45725_length_482_cov_37.900783	125	205	16	6	80	0.0750000
NODE_45725_length_482_cov_37.900783	125	205	18	5	80	0.0625000
NODE_45725_length_482_cov_37.900783	125	205	20	16	80	0.2000000
NODE_45728_length_482_cov_10.545692	233	297	0	64	64	1.0000000
NODE_45729_length_482_cov_9.342037	281	333	0	52	52	1.0000000
NODE_45730_length_482_cov_8.190601	247	311	10	11	64	0.1718750
NODE_45730_length_482_cov_8.190601	247	311	16	7	64	0.1093750
NODE_45730_length_482_cov_8.190601	247	311	18	7	64	0.1093750
NODE_45730_length_482_cov_8.190601	247	311	20	13	64	0.2031250
NODE_45730_length_482_cov_8.190601	247	311	22	26	64	0.4062500
NODE_45730_length_482_cov_8.190601	284	355	4	3	71	0.0422535
NODE_45730_length_482_cov_8.190601	284	355	5	1	71	0.0140845
NODE_45730_length_482_cov_8.190601	284	355	6	11	71	0.1549296
NODE_45730_length_482_cov_8.190601	284	355	8	22	71	0.3098592
NODE_45730_length_482_cov_8.190601	284	355	10	18	71	0.2535211
NODE_45730_length_482_cov_8.190601	284	355	16	5	71	0.0704225
NODE_45730_length_482_cov_8.190601	284	355	18	4	71	0.0563380
NODE_45730_length_482_cov_8.190601	284	355	20	2	71	0.0281690
NODE_45730_length_482_cov_8.190601	284	355	22	5	71	0.0704225
NODE_45734_length_482_cov_6.002611	112	192	0	80	80	1.0000000
NODE_45734_length_482_cov_6.002611	165	245	0	32	80	0.4000000
NODE_45734_length_482_cov_6.002611	165	245	1	3	80	0.0375000
NODE_45734_length_482_cov_6.002611	165	245	2	45	80	0.5625000
NODE_45735_length_482_cov_5.953003	315	395	0	80	80	1.0000000
NODE_45735_length_482_cov_5.953003	368	441	0	73	73	1.0000000
NODE_45748_length_482_cov_4.530026	20	85	0	65	65	1.0000000
NODE_45759_length_482_cov_3.791123	278	358	0	80	80	1.0000000
NODE_45759_length_482_cov_3.791123	331	411	0	80	80	1.0000000
NODE_45842_length_482_cov_1.647520	382	446	0	64	64	1.0000000
NODE_45842_length_482_cov_1.647520	435	482	0	47	47	1.0000000
NODE_45994_length_481_cov_50.623037	154	234	0	20	80	0.2500000
NODE_45994_length_481_cov_50.623037	154	234	4	25	80	0.3125000
NODE_45994_length_481_cov_50.623037	154	234	8	35	80	0.4375000
NODE_45994_length_481_cov_50.623037	207	287	0	3	80	0.0375000
NODE_45994_length_481_cov_50.623037	207	287	4	23	80	0.2875000
NODE_45994_length_481_cov_50.623037	207	287	8	54	80	0.6750000
NODE_45995_length_481_cov_30.939791	149	198	0	8	49	0.1632653
NODE_45995_length_481_cov_30.939791	149	198	2	5	49	0.1020408
NODE_45995_length_481_cov_30.939791	149	198	4	2	49	0.0408163
NODE_45995_length_481_cov_30.939791	149	198	6	34	49	0.6938776
NODE_45995_length_481_cov_30.939791	171	235	4	12	64	0.1875000
NODE_45995_length_481_cov_30.939791	171	235	6	52	64	0.8125000
NODE_45995_length_481_cov_30.939791	171	235	4	12	64	0.1875000
NODE_45995_length_481_cov_30.939791	171	235	6	52	64	0.8125000
NODE_45996_length_481_cov_30.183246	0	41	0	34	41	0.8292683
NODE_45996_length_481_cov_30.183246	0	41	6	7	41	0.1707317
NODE_45996_length_481_cov_30.183246	0	39	0	34	39	0.8717949
NODE_45996_length_481_cov_30.183246	0	39	6	5	39	0.1282051
NODE_45996_length_481_cov_30.183246	0	44	0	34	44	0.7727273
NODE_45996_length_481_cov_30.183246	0	44	6	7	44	0.1590909
NODE_45996_length_481_cov_30.183246	0	44	7	3	44	0.0681818
NODE_45996_length_481_cov_30.183246	0	44	0	34	44	0.7727273
NODE_45996_length_481_cov_30.183246	0	44	6	7	44	0.1590909
NODE_45996_length_481_cov_30.183246	0	44	7	3	44	0.0681818
NODE_45996_length_481_cov_30.183246	0	44	0	34	44	0.7727273
NODE_45996_length_481_cov_30.183246	0	44	6	7	44	0.1590909
NODE_45996_length_481_cov_30.183246	0	44	7	3	44	0.0681818
NODE_45996_length_481_cov_30.183246	0	44	0	34	44	0.7727273
NODE_45996_length_481_cov_30.183246	0	44	6	7	44	0.1590909
NODE_45996_length_481_cov_30.183246	0	44	7	3	44	0.0681818
NODE_45996_length_481_cov_30.183246	17	97	0	17	80	0.2125000
NODE_45996_length_481_cov_30.183246	17	97	6	7	80	0.0875000
NODE_45996_length_481_cov_30.183246	17	97	7	49	80	0.6125000
NODE_45996_length_481_cov_30.183246	17	97	8	1	80	0.0125000
NODE_45996_length_481_cov_30.183246	17	97	9	6	80	0.0750000
NODE_45996_length_481_cov_30.183246	17	97	0	17	80	0.2125000
NODE_45996_length_481_cov_30.183246	17	97	6	7	80	0.0875000
NODE_45996_length_481_cov_30.183246	17	97	7	49	80	0.6125000
NODE_45996_length_481_cov_30.183246	17	97	8	1	80	0.0125000
NODE_45996_length_481_cov_30.183246	17	97	9	6	80	0.0750000
NODE_45996_length_481_cov_30.183246	17	97	0	17	80	0.2125000
NODE_45996_length_481_cov_30.183246	17	97	6	7	80	0.0875000
NODE_45996_length_481_cov_30.183246	17	97	7	49	80	0.6125000
NODE_45996_length_481_cov_30.183246	17	97	8	1	80	0.0125000
NODE_45996_length_481_cov_30.183246	17	97	9	6	80	0.0750000
NODE_45996_length_481_cov_30.183246	17	97	0	17	80	0.2125000
NODE_45996_length_481_cov_30.183246	17	97	6	7	80	0.0875000
NODE_45996_length_481_cov_30.183246	17	97	7	49	80	0.6125000
NODE_45996_length_481_cov_30.183246	17	97	8	1	80	0.0125000
NODE_45996_length_481_cov_30.183246	17	97	9	6	80	0.0750000
NODE_45996_length_481_cov_30.183246	17	97	0	17	80	0.2125000
NODE_45996_length_481_cov_30.183246	17	97	6	7	80	0.0875000
NODE_45996_length_481_cov_30.183246	17	97	7	49	80	0.6125000
NODE_45996_length_481_cov_30.183246	17	97	8	1	80	0.0125000
NODE_45996_length_481_cov_30.183246	17	97	9	6	80	0.0750000
NODE_45996_length_481_cov_30.183246	17	97	0	17	80	0.2125000
NODE_45996_length_481_cov_30.183246	17	97	6	7	80	0.0875000
NODE_45996_length_481_cov_30.183246	17	97	7	49	80	0.6125000
NODE_45996_length_481_cov_30.183246	17	97	8	1	80	0.0125000
NODE_45996_length_481_cov_30.183246	17	97	9	6	80	0.0750000
NODE_45997_length_481_cov_12.709424	250	330	4	28	80	0.3500000
NODE_45997_length_481_cov_12.709424	250	330	6	52	80	0.6500000
NODE_45997_length_481_cov_12.709424	303	383	2	7	80	0.0875000
NODE_45997_length_481_cov_12.709424	303	383	3	1	80	0.0125000
NODE_45997_length_481_cov_12.709424	303	383	4	48	80	0.6000000
NODE_45997_length_481_cov_12.709424	303	383	6	24	80	0.3000000
NODE_46037_length_481_cov_3.002618	197	277	0	80	80	1.0000000
NODE_46064_length_481_cov_2.261780	271	351	0	5	80	0.0625000
NODE_46064_length_481_cov_2.261780	271	351	2	75	80	0.9375000
NODE_46256_length_480_cov_22.346457	318	398	0	22	80	0.2750000
NODE_46256_length_480_cov_22.346457	318	398	4	2	80	0.0250000
NODE_46256_length_480_cov_22.346457	318	398	5	2	80	0.0250000
NODE_46256_length_480_cov_22.346457	318	398	8	54	80	0.6750000
NODE_46256_length_480_cov_22.346457	371	451	0	75	80	0.9375000
NODE_46256_length_480_cov_22.346457	371	451	4	2	80	0.0250000
NODE_46256_length_480_cov_22.346457	371	451	5	2	80	0.0250000
NODE_46256_length_480_cov_22.346457	371	451	8	1	80	0.0125000
NODE_46257_length_480_cov_16.488189	252	332	4	80	80	1.0000000
NODE_46257_length_480_cov_16.488189	305	385	0	48	80	0.6000000
NODE_46257_length_480_cov_16.488189	305	385	4	32	80	0.4000000
NODE_46258_length_480_cov_12.874016	164	234	2	58	70	0.8285714
NODE_46258_length_480_cov_12.874016	164	234	4	12	70	0.1714286
NODE_46258_length_480_cov_12.874016	207	273	2	30	66	0.4545455
NODE_46258_length_480_cov_12.874016	207	273	4	36	66	0.5454546
NODE_46260_length_480_cov_11.879265	170	250	0	25	80	0.3125000
NODE_46260_length_480_cov_11.879265	170	250	2	1	80	0.0125000
NODE_46260_length_480_cov_11.879265	170	250	4	54	80	0.6750000
NODE_46260_length_480_cov_11.879265	223	303	0	78	80	0.9750000
NODE_46260_length_480_cov_11.879265	223	303	2	1	80	0.0125000
NODE_46260_length_480_cov_11.879265	223	303	4	1	80	0.0125000
NODE_46261_length_480_cov_8.774278	114	143	0	29	29	1.0000000
NODE_46261_length_480_cov_8.774278	165	245	2	80	80	1.0000000
NODE_46261_length_480_cov_8.774278	218	298	0	46	80	0.5750000
NODE_46261_length_480_cov_8.774278	218	298	2	34	80	0.4250000
NODE_46261_length_480_cov_8.774278	385	428	0	43	43	1.0000000
NODE_46271_length_480_cov_5.671916	231	302	4	23	71	0.3239437
NODE_46271_length_480_cov_5.671916	231	302	5	13	71	0.1830986
NODE_46271_length_480_cov_5.671916	231	302	6	35	71	0.4929577
NODE_46283_length_480_cov_4.354331	126	187	0	61	61	1.0000000
NODE_46283_length_480_cov_4.354331	218	298	0	80	80	1.0000000
NODE_46445_length_480_cov_1.152231	142	216	0	74	74	1.0000000
NODE_46470_length_480_cov_0.973753	31	71	0	40	40	1.0000000
NODE_46533_length_479_cov_28.205263	308	388	2	1	80	0.0125000
NODE_46533_length_479_cov_28.205263	308	388	4	41	80	0.5125000
NODE_46533_length_479_cov_28.205263	308	388	6	38	80	0.4750000
NODE_46533_length_479_cov_28.205263	361	441	0	26	80	0.3250000
NODE_46533_length_479_cov_28.205263	361	441	2	3	80	0.0375000
NODE_46533_length_479_cov_28.205263	361	441	4	44	80	0.5500000
NODE_46533_length_479_cov_28.205263	361	441	6	7	80	0.0875000
NODE_46534_length_479_cov_23.944737	189	269	0	80	80	1.0000000
NODE_46534_length_479_cov_23.944737	242	322	0	80	80	1.0000000
NODE_46554_length_479_cov_4.942105	283	363	2	80	80	1.0000000
NODE_46554_length_479_cov_4.942105	336	416	0	52	80	0.6500000
NODE_46554_length_479_cov_4.942105	336	416	2	28	80	0.3500000
NODE_46574_length_479_cov_3.494737	217	279	0	14	62	0.2258064
NODE_46574_length_479_cov_3.494737	217	279	2	21	62	0.3387097
NODE_46574_length_479_cov_3.494737	217	279	4	27	62	0.4354839
NODE_46574_length_479_cov_3.494737	272	332	4	60	60	1.0000000
NODE_46611_length_479_cov_2.281579	219	265	0	3	46	0.0652174
NODE_46611_length_479_cov_2.281579	219	265	6	21	46	0.4565217
NODE_46611_length_479_cov_2.281579	219	265	8	2	46	0.0434783
NODE_46611_length_479_cov_2.281579	219	265	10	5	46	0.1086956
NODE_46611_length_479_cov_2.281579	219	265	12	5	46	0.1086956
NODE_46611_length_479_cov_2.281579	219	265	14	10	46	0.2173913
NODE_46638_length_479_cov_1.839474	376	431	2	23	55	0.4181818
NODE_46638_length_479_cov_1.839474	376	431	4	32	55	0.5818182
NODE_46654_length_479_cov_1.710526	203	265	0	62	62	1.0000000
NODE_46654_length_479_cov_1.710526	248	318	0	70	70	1.0000000
NODE_46828_length_478_cov_336.139842	153	233	130	1	80	0.0125000
NODE_46828_length_478_cov_336.139842	153	233	137	1	80	0.0125000
NODE_46828_length_478_cov_336.139842	153	233	141	1	80	0.0125000
NODE_46828_length_478_cov_336.139842	153	233	142	3	80	0.0375000
NODE_46828_length_478_cov_336.139842	153	233	144	1	80	0.0125000
NODE_46828_length_478_cov_336.139842	153	233	148	2	80	0.0250000
NODE_46828_length_478_cov_336.139842	153	233	152	1	80	0.0125000
NODE_46828_length_478_cov_336.139842	153	233	156	1	80	0.0125000
NODE_46828_length_478_cov_336.139842	153	233	162	1	80	0.0125000
NODE_46828_length_478_cov_336.139842	153	233	167	1	80	0.0125000
NODE_46828_length_478_cov_336.139842	153	233	169	1	80	0.0125000
NODE_46828_length_478_cov_336.139842	153	233	175	1	80	0.0125000
NODE_46828_length_478_cov_336.139842	153	233	181	5	80	0.0625000
NODE_46828_length_478_cov_336.139842	153	233	186	1	80	0.0125000
NODE_46828_length_478_cov_336.139842	153	233	188	2	80	0.0250000
NODE_46828_length_478_cov_336.139842	153	233	190	3	80	0.0375000
NODE_46828_length_478_cov_336.139842	153	233	197	1	80	0.0125000
NODE_46828_length_478_cov_336.139842	153	233	198	1	80	0.0125000
NODE_46828_length_478_cov_336.139842	153	233	208	3	80	0.0375000
NODE_46828_length_478_cov_336.139842	153	233	210	1	80	0.0125000
NODE_46828_length_478_cov_336.139842	153	233	216	1	80	0.0125000
NODE_46828_length_478_cov_336.139842	153	233	219	2	80	0.0250000
NODE_46828_length_478_cov_336.139842	153	233	220	1	80	0.0125000
NODE_46828_length_478_cov_336.139842	153	233	222	1	80	0.0125000
NODE_46828_length_478_cov_336.139842	153	233	224	2	80	0.0250000
NODE_46828_length_478_cov_336.139842	153	233	226	1	80	0.0125000
NODE_46828_length_478_cov_336.139842	153	233	230	4	80	0.0500000
NODE_46828_length_478_cov_336.139842	153	233	235	2	80	0.0250000
NODE_46828_length_478_cov_336.139842	153	233	237	1	80	0.0125000
NODE_46828_length_478_cov_336.139842	153	233	246	1	80	0.0125000
NODE_46828_length_478_cov_336.139842	153	233	247	1	80	0.0125000
NODE_46828_length_478_cov_336.139842	153	233	251	1	80	0.0125000
NODE_46828_length_478_cov_336.139842	153	233	261	1	80	0.0125000
NODE_46828_length_478_cov_336.139842	153	233	268	1	80	0.0125000
NODE_46828_length_478_cov_336.139842	153	233	275	1	80	0.0125000
NODE_46828_length_478_cov_336.139842	153	233	291	1	80	0.0125000
NODE_46828_length_478_cov_336.139842	153	233	296	1	80	0.0125000
NODE_46828_length_478_cov_336.139842	153	233	297	1	80	0.0125000
NODE_46828_length_478_cov_336.139842	153	233	298	1	80	0.0125000
NODE_46828_length_478_cov_336.139842	153	233	305	1	80	0.0125000
NODE_46828_length_478_cov_336.139842	153	233	306	1	80	0.0125000
NODE_46828_length_478_cov_336.139842	153	233	307	2	80	0.0250000
NODE_46828_length_478_cov_336.139842	153	233	310	1	80	0.0125000
NODE_46828_length_478_cov_336.139842	153	233	312	1	80	0.0125000
NODE_46828_length_478_cov_336.139842	153	233	315	1	80	0.0125000
NODE_46828_length_478_cov_336.139842	153	233	322	1	80	0.0125000
NODE_46828_length_478_cov_336.139842	153	233	325	2	80	0.0250000
NODE_46828_length_478_cov_336.139842	153	233	326	1	80	0.0125000
NODE_46828_length_478_cov_336.139842	153	233	329	1	80	0.0125000
NODE_46828_length_478_cov_336.139842	153	233	331	1	80	0.0125000
NODE_46828_length_478_cov_336.139842	153	233	334	2	80	0.0250000
NODE_46828_length_478_cov_336.139842	153	233	336	3	80	0.0375000
NODE_46828_length_478_cov_336.139842	153	233	337	3	80	0.0375000
NODE_46828_length_478_cov_336.139842	153	233	338	1	80	0.0125000
NODE_46828_length_478_cov_336.139842	153	233	340	1	80	0.0125000
NODE_46828_length_478_cov_336.139842	206	286	246	1	80	0.0125000
NODE_46828_length_478_cov_336.139842	206	286	254	2	80	0.0250000
NODE_46828_length_478_cov_336.139842	206	286	256	1	80	0.0125000
NODE_46828_length_478_cov_336.139842	206	286	258	1	80	0.0125000
NODE_46828_length_478_cov_336.139842	206	286	263	1	80	0.0125000
NODE_46828_length_478_cov_336.139842	206	286	271	4	80	0.0500000
NODE_46828_length_478_cov_336.139842	206	286	273	2	80	0.0250000
NODE_46828_length_478_cov_336.139842	206	286	275	1	80	0.0125000
NODE_46828_length_478_cov_336.139842	206	286	276	1	80	0.0125000
NODE_46828_length_478_cov_336.139842	206	286	277	1	80	0.0125000
NODE_46828_length_478_cov_336.139842	206	286	278	1	80	0.0125000
NODE_46828_length_478_cov_336.139842	206	286	281	1	80	0.0125000
NODE_46828_length_478_cov_336.139842	206	286	283	1	80	0.0125000
NODE_46828_length_478_cov_336.139842	206	286	285	2	80	0.0250000
NODE_46828_length_478_cov_336.139842	206	286	287	1	80	0.0125000
NODE_46828_length_478_cov_336.139842	206	286	289	1	80	0.0125000
NODE_46828_length_478_cov_336.139842	206	286	291	2	80	0.0250000
NODE_46828_length_478_cov_336.139842	206	286	296	1	80	0.0125000
NODE_46828_length_478_cov_336.139842	206	286	297	2	80	0.0250000
NODE_46828_length_478_cov_336.139842	206	286	298	1	80	0.0125000
NODE_46828_length_478_cov_336.139842	206	286	300	1	80	0.0125000
NODE_46828_length_478_cov_336.139842	206	286	305	1	80	0.0125000
NODE_46828_length_478_cov_336.139842	206	286	306	4	80	0.0500000
NODE_46828_length_478_cov_336.139842	206	286	307	2	80	0.0250000
NODE_46828_length_478_cov_336.139842	206	286	308	2	80	0.0250000
NODE_46828_length_478_cov_336.139842	206	286	310	1	80	0.0125000
NODE_46828_length_478_cov_336.139842	206	286	312	2	80	0.0250000
NODE_46828_length_478_cov_336.139842	206	286	315	1	80	0.0125000
NODE_46828_length_478_cov_336.139842	206	286	316	2	80	0.0250000
NODE_46828_length_478_cov_336.139842	206	286	320	3	80	0.0375000
NODE_46828_length_478_cov_336.139842	206	286	321	1	80	0.0125000
NODE_46828_length_478_cov_336.139842	206	286	322	1	80	0.0125000
NODE_46828_length_478_cov_336.139842	206	286	323	1	80	0.0125000
NODE_46828_length_478_cov_336.139842	206	286	325	2	80	0.0250000
NODE_46828_length_478_cov_336.139842	206	286	326	4	80	0.0500000
NODE_46828_length_478_cov_336.139842	206	286	327	1	80	0.0125000
NODE_46828_length_478_cov_336.139842	206	286	328	1	80	0.0125000
NODE_46828_length_478_cov_336.139842	206	286	329	1	80	0.0125000
NODE_46828_length_478_cov_336.139842	206	286	331	1	80	0.0125000
NODE_46828_length_478_cov_336.139842	206	286	334	2	80	0.0250000
NODE_46828_length_478_cov_336.139842	206	286	336	3	80	0.0375000
NODE_46828_length_478_cov_336.139842	206	286	337	8	80	0.1000000
NODE_46828_length_478_cov_336.139842	206	286	338	1	80	0.0125000
NODE_46828_length_478_cov_336.139842	206	286	339	3	80	0.0375000
NODE_46828_length_478_cov_336.139842	206	286	340	3	80	0.0375000
NODE_46846_length_478_cov_4.448549	150	230	0	80	80	1.0000000
NODE_46846_length_478_cov_4.448549	203	284	0	81	81	1.0000000
NODE_46874_length_478_cov_2.627968	228	278	0	35	50	0.7000000
NODE_46874_length_478_cov_2.627968	228	278	1	4	50	0.0800000
NODE_46874_length_478_cov_2.627968	228	278	2	4	50	0.0800000
NODE_46874_length_478_cov_2.627968	228	278	4	1	50	0.0200000
NODE_46874_length_478_cov_2.627968	228	278	5	6	50	0.1200000
NODE_47128_length_477_cov_36.230159	225	305	4	30	80	0.3750000
NODE_47128_length_477_cov_36.230159	225	305	6	50	80	0.6250000
NODE_47128_length_477_cov_36.230159	278	358	0	11	80	0.1375000
NODE_47128_length_477_cov_36.230159	278	358	2	17	80	0.2125000
NODE_47128_length_477_cov_36.230159	278	358	3	25	80	0.3125000
NODE_47128_length_477_cov_36.230159	278	358	4	5	80	0.0625000
NODE_47128_length_477_cov_36.230159	278	358	6	22	80	0.2750000
NODE_47129_length_477_cov_33.111111	307	387	16	7	80	0.0875000
NODE_47129_length_477_cov_33.111111	307	387	18	16	80	0.2000000
NODE_47129_length_477_cov_33.111111	307	387	19	4	80	0.0500000
NODE_47129_length_477_cov_33.111111	307	387	20	5	80	0.0625000
NODE_47129_length_477_cov_33.111111	307	387	22	6	80	0.0750000
NODE_47129_length_477_cov_33.111111	307	387	24	13	80	0.1625000
NODE_47129_length_477_cov_33.111111	307	387	25	14	80	0.1750000
NODE_47129_length_477_cov_33.111111	307	387	26	15	80	0.1875000
NODE_47129_length_477_cov_33.111111	360	440	4	29	80	0.3625000
NODE_47129_length_477_cov_33.111111	360	440	8	1	80	0.0125000
NODE_47129_length_477_cov_33.111111	360	440	14	4	80	0.0500000
NODE_47129_length_477_cov_33.111111	360	440	18	25	80	0.3125000
NODE_47129_length_477_cov_33.111111	360	440	19	4	80	0.0500000
NODE_47129_length_477_cov_33.111111	360	440	20	5	80	0.0625000
NODE_47129_length_477_cov_33.111111	360	440	22	6	80	0.0750000
NODE_47129_length_477_cov_33.111111	360	440	26	6	80	0.0750000
NODE_47133_length_477_cov_11.235450	119	199	0	80	80	1.0000000
NODE_47133_length_477_cov_11.235450	172	247	0	75	75	1.0000000
NODE_47135_length_477_cov_9.359788	221	301	0	80	80	1.0000000
NODE_47135_length_477_cov_9.359788	274	354	0	80	80	1.0000000
NODE_47139_length_477_cov_7.436508	230	304	6	5	74	0.0675676
NODE_47139_length_477_cov_7.436508	230	304	14	15	74	0.2027027
NODE_47139_length_477_cov_7.436508	230	304	16	12	74	0.1621622
NODE_47139_length_477_cov_7.436508	230	304	18	19	74	0.2567568
NODE_47139_length_477_cov_7.436508	230	304	20	23	74	0.3108108
NODE_47140_length_477_cov_7.433862	43	123	0	80	80	1.0000000
NODE_47140_length_477_cov_7.433862	96	176	0	80	80	1.0000000
NODE_47143_length_477_cov_6.846561	163	243	0	80	80	1.0000000
NODE_47143_length_477_cov_6.846561	216	296	0	80	80	1.0000000
NODE_47147_length_477_cov_5.677249	150	228	0	78	78	1.0000000
NODE_47148_length_477_cov_5.084656	227	288	10	58	61	0.9508197
NODE_47148_length_477_cov_5.084656	227	288	12	3	61	0.0491803
NODE_47253_length_477_cov_1.629630	115	171	2	15	56	0.2678571
NODE_47253_length_477_cov_1.629630	115	171	4	5	56	0.0892857
NODE_47253_length_477_cov_1.629630	115	171	6	2	56	0.0357143
NODE_47253_length_477_cov_1.629630	115	171	8	34	56	0.6071429
NODE_47253_length_477_cov_1.629630	167	224	6	30	57	0.5263158
NODE_47253_length_477_cov_1.629630	167	224	8	27	57	0.4736842
NODE_47375_length_477_cov_0.859788	445	477	0	32	32	1.0000000
NODE_47427_length_476_cov_7.533156	221	301	0	36	80	0.4500000
NODE_47427_length_476_cov_7.533156	221	301	2	17	80	0.2125000
NODE_47427_length_476_cov_7.533156	221	301	4	27	80	0.3375000
NODE_47427_length_476_cov_7.533156	274	354	2	9	80	0.1125000
NODE_47427_length_476_cov_7.533156	274	354	4	71	80	0.8875000
NODE_47529_length_476_cov_1.618037	385	444	0	59	59	1.0000000
NODE_47601_length_476_cov_1.129973	15	34	0	19	19	1.0000000
NODE_47620_length_476_cov_1.037135	180	243	0	3	63	0.0476190
NODE_47620_length_476_cov_1.037135	180	243	2	53	63	0.8412699
NODE_47620_length_476_cov_1.037135	180	243	4	7	63	0.1111111
NODE_47620_length_476_cov_1.037135	237	296	4	46	59	0.7796610
NODE_47620_length_476_cov_1.037135	237	296	6	13	59	0.2203390
NODE_47693_length_475_cov_34.460106	270	350	0	9	80	0.1125000
NODE_47693_length_475_cov_34.460106	270	350	2	71	80	0.8875000
NODE_47693_length_475_cov_34.460106	323	403	0	62	80	0.7750000
NODE_47693_length_475_cov_34.460106	323	403	2	18	80	0.2250000
NODE_47694_length_475_cov_30.087766	273	353	6	40	80	0.5000000
NODE_47694_length_475_cov_30.087766	273	353	8	40	80	0.5000000
NODE_47694_length_475_cov_30.087766	326	406	0	16	80	0.2000000
NODE_47694_length_475_cov_30.087766	326	406	2	34	80	0.4250000
NODE_47694_length_475_cov_30.087766	326	406	6	14	80	0.1750000
NODE_47694_length_475_cov_30.087766	326	406	8	16	80	0.2000000
NODE_47695_length_475_cov_10.247340	42	122	0	80	80	1.0000000
NODE_47701_length_475_cov_8.393617	9	89	0	80	80	1.0000000
NODE_47701_length_475_cov_8.393617	62	142	0	80	80	1.0000000
NODE_47828_length_475_cov_1.531915	272	352	0	80	80	1.0000000
NODE_47839_length_475_cov_1.457447	50	93	0	43	43	1.0000000
NODE_47979_length_474_cov_49.453333	392	472	38	5	80	0.0625000
NODE_47979_length_474_cov_49.453333	392	472	40	1	80	0.0125000
NODE_47979_length_474_cov_49.453333	392	472	44	1	80	0.0125000
NODE_47979_length_474_cov_49.453333	392	472	52	1	80	0.0125000
NODE_47979_length_474_cov_49.453333	392	472	57	4	80	0.0500000
NODE_47979_length_474_cov_49.453333	392	472	61	3	80	0.0375000
NODE_47979_length_474_cov_49.453333	392	472	64	2	80	0.0250000
NODE_47979_length_474_cov_49.453333	392	472	66	5	80	0.0625000
NODE_47979_length_474_cov_49.453333	392	472	68	15	80	0.1875000
NODE_47979_length_474_cov_49.453333	392	472	70	1	80	0.0125000
NODE_47979_length_474_cov_49.453333	392	472	72	1	80	0.0125000
NODE_47979_length_474_cov_49.453333	392	472	76	6	80	0.0750000
NODE_47979_length_474_cov_49.453333	392	472	78	5	80	0.0625000
NODE_47979_length_474_cov_49.453333	392	472	80	3	80	0.0375000
NODE_47979_length_474_cov_49.453333	392	472	83	2	80	0.0250000
NODE_47979_length_474_cov_49.453333	392	472	85	9	80	0.1125000
NODE_47979_length_474_cov_49.453333	392	472	86	4	80	0.0500000
NODE_47979_length_474_cov_49.453333	392	472	88	4	80	0.0500000
NODE_47979_length_474_cov_49.453333	392	472	90	3	80	0.0375000
NODE_47979_length_474_cov_49.453333	392	472	92	5	80	0.0625000
NODE_47979_length_474_cov_49.453333	445	474	38	7	29	0.2413793
NODE_47979_length_474_cov_49.453333	445	474	40	1	29	0.0344828
NODE_47979_length_474_cov_49.453333	445	474	44	1	29	0.0344828
NODE_47979_length_474_cov_49.453333	445	474	52	1	29	0.0344828
NODE_47979_length_474_cov_49.453333	445	474	57	4	29	0.1379310
NODE_47979_length_474_cov_49.453333	445	474	61	3	29	0.1034483
NODE_47979_length_474_cov_49.453333	445	474	64	2	29	0.0689655
NODE_47979_length_474_cov_49.453333	445	474	66	5	29	0.1724138
NODE_47979_length_474_cov_49.453333	445	474	68	5	29	0.1724138
NODE_47981_length_474_cov_24.930667	287	367	2	72	80	0.9000000
NODE_47981_length_474_cov_24.930667	287	367	4	8	80	0.1000000
NODE_47981_length_474_cov_24.930667	340	420	2	80	80	1.0000000
NODE_47982_length_474_cov_15.952000	258	338	0	45	80	0.5625000
NODE_47982_length_474_cov_15.952000	258	338	2	35	80	0.4375000
NODE_47982_length_474_cov_15.952000	311	391	0	32	80	0.4000000
NODE_47982_length_474_cov_15.952000	311	391	2	48	80	0.6000000
NODE_48003_length_474_cov_3.986667	172	252	10	5	80	0.0625000
NODE_48003_length_474_cov_3.986667	172	252	12	6	80	0.0750000
NODE_48003_length_474_cov_3.986667	172	252	14	69	80	0.8625000
NODE_48015_length_474_cov_3.496000	163	243	6	8	80	0.1000000
NODE_48015_length_474_cov_3.496000	163	243	8	14	80	0.1750000
NODE_48015_length_474_cov_3.496000	163	243	10	31	80	0.3875000
NODE_48015_length_474_cov_3.496000	163	243	12	27	80	0.3375000
NODE_48038_length_474_cov_2.784000	259	300	4	41	41	1.0000000
NODE_48116_length_474_cov_1.538667	41	62	0	21	21	1.0000000
NODE_48181_length_474_cov_1.085333	0	50	0	50	50	1.0000000
NODE_48184_length_474_cov_1.056000	95	133	0	38	38	1.0000000
NODE_48266_length_473_cov_82.374332	123	203	0	22	80	0.2750000
NODE_48266_length_473_cov_82.374332	123	203	2	56	80	0.7000000
NODE_48266_length_473_cov_82.374332	123	203	4	2	80	0.0250000
NODE_48266_length_473_cov_82.374332	176	256	2	49	80	0.6125000
NODE_48266_length_473_cov_82.374332	176	256	4	31	80	0.3875000
NODE_48267_length_473_cov_54.882353	199	279	0	23	80	0.2875000
NODE_48267_length_473_cov_54.882353	199	279	4	6	80	0.0750000
NODE_48267_length_473_cov_54.882353	199	279	8	51	80	0.6375000
NODE_48267_length_473_cov_54.882353	252	332	0	76	80	0.9500000
NODE_48267_length_473_cov_54.882353	252	332	4	4	80	0.0500000
NODE_48268_length_473_cov_48.997326	119	194	33	5	75	0.0666667
NODE_48268_length_473_cov_48.997326	119	194	35	1	75	0.0133333
NODE_48268_length_473_cov_48.997326	119	194	43	1	75	0.0133333
NODE_48268_length_473_cov_48.997326	119	194	44	6	75	0.0800000
NODE_48268_length_473_cov_48.997326	119	194	45	1	75	0.0133333
NODE_48268_length_473_cov_48.997326	119	194	46	3	75	0.0400000
NODE_48268_length_473_cov_48.997326	119	194	47	2	75	0.0266667
NODE_48268_length_473_cov_48.997326	119	194	50	4	75	0.0533333
NODE_48268_length_473_cov_48.997326	119	194	51	6	75	0.0800000
NODE_48268_length_473_cov_48.997326	119	194	52	3	75	0.0400000
NODE_48268_length_473_cov_48.997326	119	194	54	15	75	0.2000000
NODE_48268_length_473_cov_48.997326	119	194	58	28	75	0.3733333
NODE_48268_length_473_cov_48.997326	119	194	33	5	75	0.0666667
NODE_48268_length_473_cov_48.997326	119	194	35	1	75	0.0133333
NODE_48268_length_473_cov_48.997326	119	194	43	1	75	0.0133333
NODE_48268_length_473_cov_48.997326	119	194	44	6	75	0.0800000
NODE_48268_length_473_cov_48.997326	119	194	45	1	75	0.0133333
NODE_48268_length_473_cov_48.997326	119	194	46	3	75	0.0400000
NODE_48268_length_473_cov_48.997326	119	194	47	2	75	0.0266667
NODE_48268_length_473_cov_48.997326	119	194	50	4	75	0.0533333
NODE_48268_length_473_cov_48.997326	119	194	51	6	75	0.0800000
NODE_48268_length_473_cov_48.997326	119	194	52	3	75	0.0400000
NODE_48268_length_473_cov_48.997326	119	194	54	15	75	0.2000000
NODE_48268_length_473_cov_48.997326	119	194	58	28	75	0.3733333
NODE_48268_length_473_cov_48.997326	167	247	23	13	80	0.1625000
NODE_48268_length_473_cov_48.997326	167	247	24	2	80	0.0250000
NODE_48268_length_473_cov_48.997326	167	247	25	5	80	0.0625000
NODE_48268_length_473_cov_48.997326	167	247	26	1	80	0.0125000
NODE_48268_length_473_cov_48.997326	167	247	27	13	80	0.1625000
NODE_48268_length_473_cov_48.997326	167	247	30	17	80	0.2125000
NODE_48268_length_473_cov_48.997326	167	247	33	7	80	0.0875000
NODE_48268_length_473_cov_48.997326	167	247	35	1	80	0.0125000
NODE_48268_length_473_cov_48.997326	167	247	43	1	80	0.0125000
NODE_48268_length_473_cov_48.997326	167	247	45	1	80	0.0125000
NODE_48268_length_473_cov_48.997326	167	247	47	2	80	0.0250000
NODE_48268_length_473_cov_48.997326	167	247	51	6	80	0.0750000
NODE_48268_length_473_cov_48.997326	167	247	52	3	80	0.0375000
NODE_48268_length_473_cov_48.997326	167	247	58	8	80	0.1000000
NODE_48269_length_473_cov_30.679144	174	254	0	2	80	0.0250000
NODE_48269_length_473_cov_30.679144	174	254	2	32	80	0.4000000
NODE_48269_length_473_cov_30.679144	174	254	4	32	80	0.4000000
NODE_48269_length_473_cov_30.679144	174	254	6	8	80	0.1000000
NODE_48269_length_473_cov_30.679144	174	254	8	6	80	0.0750000
NODE_48269_length_473_cov_30.679144	226	307	2	81	81	1.0000000
NODE_48269_length_473_cov_30.679144	227	307	2	80	80	1.0000000
NODE_48270_length_473_cov_24.967914	295	370	2	11	75	0.1466667
NODE_48270_length_473_cov_24.967914	295	370	4	6	75	0.0800000
NODE_48270_length_473_cov_24.967914	295	370	6	58	75	0.7733333
NODE_48270_length_473_cov_24.967914	343	423	4	59	80	0.7375000
NODE_48270_length_473_cov_24.967914	343	423	6	21	80	0.2625000
NODE_48271_length_473_cov_18.540107	168	248	0	11	80	0.1375000
NODE_48271_length_473_cov_18.540107	168	248	2	69	80	0.8625000
NODE_48271_length_473_cov_18.540107	221	301	0	38	80	0.4750000
NODE_48271_length_473_cov_18.540107	221	301	2	42	80	0.5250000
NODE_48272_length_473_cov_15.871658	143	223	0	80	80	1.0000000
NODE_48272_length_473_cov_15.871658	196	276	0	80	80	1.0000000
NODE_48291_length_473_cov_4.363636	160	240	0	32	80	0.4000000
NODE_48291_length_473_cov_4.363636	160	240	2	48	80	0.6000000
NODE_48291_length_473_cov_4.363636	213	293	2	80	80	1.0000000
NODE_48320_length_473_cov_2.959893	199	267	0	68	68	1.0000000
NODE_48325_length_473_cov_2.804813	207	269	1	2	62	0.0322581
NODE_48325_length_473_cov_2.804813	207	269	2	60	62	0.9677419
NODE_48350_length_473_cov_2.251337	48	128	0	80	80	1.0000000
NODE_48350_length_473_cov_2.251337	101	181	0	30	80	0.3750000
NODE_48350_length_473_cov_2.251337	101	181	1	4	80	0.0500000
NODE_48350_length_473_cov_2.251337	101	181	2	46	80	0.5750000
NODE_48568_length_472_cov_50.077748	1	81	1	2	80	0.0250000
NODE_48568_length_472_cov_50.077748	1	81	2	16	80	0.2000000
NODE_48568_length_472_cov_50.077748	1	81	8	42	80	0.5250000
NODE_48568_length_472_cov_50.077748	1	81	12	5	80	0.0625000
NODE_48568_length_472_cov_50.077748	1	81	14	10	80	0.1250000
NODE_48568_length_472_cov_50.077748	1	81	16	5	80	0.0625000
NODE_48568_length_472_cov_50.077748	1	81	1	2	80	0.0250000
NODE_48568_length_472_cov_50.077748	1	81	2	16	80	0.2000000
NODE_48568_length_472_cov_50.077748	1	81	8	42	80	0.5250000
NODE_48568_length_472_cov_50.077748	1	81	12	5	80	0.0625000
NODE_48568_length_472_cov_50.077748	1	81	14	10	80	0.1250000
NODE_48568_length_472_cov_50.077748	1	81	16	5	80	0.0625000
NODE_48568_length_472_cov_50.077748	1	81	1	2	80	0.0250000
NODE_48568_length_472_cov_50.077748	1	81	2	16	80	0.2000000
NODE_48568_length_472_cov_50.077748	1	81	8	42	80	0.5250000
NODE_48568_length_472_cov_50.077748	1	81	12	5	80	0.0625000
NODE_48568_length_472_cov_50.077748	1	81	14	10	80	0.1250000
NODE_48568_length_472_cov_50.077748	1	81	16	5	80	0.0625000
NODE_48568_length_472_cov_50.077748	1	81	1	2	80	0.0250000
NODE_48568_length_472_cov_50.077748	1	81	2	16	80	0.2000000
NODE_48568_length_472_cov_50.077748	1	81	8	42	80	0.5250000
NODE_48568_length_472_cov_50.077748	1	81	12	5	80	0.0625000
NODE_48568_length_472_cov_50.077748	1	81	14	10	80	0.1250000
NODE_48568_length_472_cov_50.077748	1	81	16	5	80	0.0625000
NODE_48568_length_472_cov_50.077748	1	81	1	2	80	0.0250000
NODE_48568_length_472_cov_50.077748	1	81	2	16	80	0.2000000
NODE_48568_length_472_cov_50.077748	1	81	8	42	80	0.5250000
NODE_48568_length_472_cov_50.077748	1	81	12	5	80	0.0625000
NODE_48568_length_472_cov_50.077748	1	81	14	10	80	0.1250000
NODE_48568_length_472_cov_50.077748	1	81	16	5	80	0.0625000
NODE_48568_length_472_cov_50.077748	10	81	2	9	71	0.1267606
NODE_48568_length_472_cov_50.077748	10	81	8	42	71	0.5915493
NODE_48568_length_472_cov_50.077748	10	81	12	5	71	0.0704225
NODE_48568_length_472_cov_50.077748	10	81	14	10	71	0.1408451
NODE_48568_length_472_cov_50.077748	10	81	16	5	71	0.0704225
NODE_48568_length_472_cov_50.077748	54	131	8	7	77	0.0909091
NODE_48568_length_472_cov_50.077748	54	131	11	23	77	0.2987013
NODE_48568_length_472_cov_50.077748	54	131	12	5	77	0.0649351
NODE_48568_length_472_cov_50.077748	54	131	14	10	77	0.1298701
NODE_48568_length_472_cov_50.077748	54	131	16	10	77	0.1298701
NODE_48568_length_472_cov_50.077748	54	131	17	20	77	0.2597403
NODE_48568_length_472_cov_50.077748	54	131	18	2	77	0.0259740
NODE_48568_length_472_cov_50.077748	54	131	8	7	77	0.0909091
NODE_48568_length_472_cov_50.077748	54	131	11	23	77	0.2987013
NODE_48568_length_472_cov_50.077748	54	131	12	5	77	0.0649351
NODE_48568_length_472_cov_50.077748	54	131	14	10	77	0.1298701
NODE_48568_length_472_cov_50.077748	54	131	16	10	77	0.1298701
NODE_48568_length_472_cov_50.077748	54	131	17	20	77	0.2597403
NODE_48568_length_472_cov_50.077748	54	131	18	2	77	0.0259740
NODE_48568_length_472_cov_50.077748	54	131	8	7	77	0.0909091
NODE_48568_length_472_cov_50.077748	54	131	11	23	77	0.2987013
NODE_48568_length_472_cov_50.077748	54	131	12	5	77	0.0649351
NODE_48568_length_472_cov_50.077748	54	131	14	10	77	0.1298701
NODE_48568_length_472_cov_50.077748	54	131	16	10	77	0.1298701
NODE_48568_length_472_cov_50.077748	54	131	17	20	77	0.2597403
NODE_48568_length_472_cov_50.077748	54	131	18	2	77	0.0259740
NODE_48568_length_472_cov_50.077748	130	204	0	5	74	0.0675676
NODE_48568_length_472_cov_50.077748	130	204	4	5	74	0.0675676
NODE_48568_length_472_cov_50.077748	130	204	6	37	74	0.5000000
NODE_48568_length_472_cov_50.077748	130	204	10	4	74	0.0540541
NODE_48568_length_472_cov_50.077748	130	204	11	23	74	0.3108108
NODE_48569_length_472_cov_10.469169	294	374	2	23	80	0.2875000
NODE_48569_length_472_cov_10.469169	294	374	4	28	80	0.3500000
NODE_48569_length_472_cov_10.469169	294	374	6	9	80	0.1125000
NODE_48569_length_472_cov_10.469169	294	374	8	20	80	0.2500000
NODE_48569_length_472_cov_10.469169	347	427	6	7	80	0.0875000
NODE_48569_length_472_cov_10.469169	347	427	8	73	80	0.9125000
NODE_48570_length_472_cov_10.195710	143	223	6	14	80	0.1750000
NODE_48570_length_472_cov_10.195710	143	223	8	66	80	0.8250000
NODE_48570_length_472_cov_10.195710	196	276	2	31	80	0.3875000
NODE_48570_length_472_cov_10.195710	196	276	6	17	80	0.2125000
NODE_48570_length_472_cov_10.195710	196	276	8	32	80	0.4000000
NODE_48593_length_472_cov_4.375335	165	245	0	80	80	1.0000000
NODE_48593_length_472_cov_4.375335	218	251	0	33	33	1.0000000
NODE_48614_length_472_cov_3.495979	305	349	0	44	44	1.0000000
NODE_48620_length_472_cov_3.093834	220	295	0	75	75	1.0000000
NODE_48638_length_472_cov_2.592493	431	471	0	40	40	1.0000000
NODE_48745_length_472_cov_1.294906	43	98	4	55	55	1.0000000
NODE_48745_length_472_cov_1.294906	71	151	0	32	80	0.4000000
NODE_48745_length_472_cov_1.294906	71	151	2	7	80	0.0875000
NODE_48745_length_472_cov_1.294906	71	151	4	41	80	0.5125000
NODE_48768_length_472_cov_1.211796	106	126	0	20	20	1.0000000
NODE_48873_length_471_cov_39.319892	119	193	0	72	74	0.9729730
NODE_48873_length_471_cov_39.319892	119	193	2	1	74	0.0135135
NODE_48873_length_471_cov_39.319892	119	193	3	1	74	0.0135135
NODE_48874_length_471_cov_24.279570	185	265	0	26	80	0.3250000
NODE_48874_length_471_cov_24.279570	185	265	2	54	80	0.6750000
NODE_48874_length_471_cov_24.279570	238	318	0	15	80	0.1875000
NODE_48874_length_471_cov_24.279570	238	318	2	65	80	0.8125000
NODE_48875_length_471_cov_19.669355	83	163	0	33	80	0.4125000
NODE_48875_length_471_cov_19.669355	83	163	4	5	80	0.0625000
NODE_48875_length_471_cov_19.669355	83	163	6	3	80	0.0375000
NODE_48875_length_471_cov_19.669355	83	163	8	7	80	0.0875000
NODE_48875_length_471_cov_19.669355	83	163	10	32	80	0.4000000
NODE_48875_length_471_cov_19.669355	136	216	10	80	80	1.0000000
NODE_48876_length_471_cov_14.387097	198	278	4	44	80	0.5500000
NODE_48876_length_471_cov_14.387097	198	278	5	1	80	0.0125000
NODE_48876_length_471_cov_14.387097	198	278	6	13	80	0.1625000
NODE_48876_length_471_cov_14.387097	198	278	7	21	80	0.2625000
NODE_48876_length_471_cov_14.387097	198	278	9	1	80	0.0125000
NODE_48876_length_471_cov_14.387097	251	331	5	1	80	0.0125000
NODE_48876_length_471_cov_14.387097	251	331	6	46	80	0.5750000
NODE_48876_length_471_cov_14.387097	251	331	7	32	80	0.4000000
NODE_48876_length_471_cov_14.387097	251	331	9	1	80	0.0125000
NODE_48881_length_471_cov_6.948925	186	213	4	27	27	1.0000000
NODE_48881_length_471_cov_6.948925	204	284	0	59	80	0.7375000
NODE_48881_length_471_cov_6.948925	204	284	2	5	80	0.0625000
NODE_48881_length_471_cov_6.948925	204	284	4	16	80	0.2000000
NODE_48881_length_471_cov_6.948925	244	275	0	31	31	1.0000000
NODE_48881_length_471_cov_6.948925	257	337	0	80	80	1.0000000
NODE_48881_length_471_cov_6.948925	268	337	0	69	69	1.0000000
NODE_48902_length_471_cov_3.803763	83	162	0	79	79	1.0000000
NODE_48902_length_471_cov_3.803763	135	215	0	80	80	1.0000000
NODE_48924_length_471_cov_2.954301	284	315	8	31	31	1.0000000
NODE_48957_length_471_cov_2.287634	133	200	0	1	67	0.0149254
NODE_48957_length_471_cov_2.287634	133	200	2	1	67	0.0149254
NODE_48957_length_471_cov_2.287634	133	200	4	5	67	0.0746269
NODE_48957_length_471_cov_2.287634	133	200	6	60	67	0.8955224
NODE_49186_length_470_cov_57.078167	184	264	0	80	80	1.0000000
NODE_49186_length_470_cov_57.078167	237	317	0	49	80	0.6125000
NODE_49186_length_470_cov_57.078167	237	317	2	31	80	0.3875000
NODE_49186_length_470_cov_57.078167	313	393	2	80	80	1.0000000
NODE_49186_length_470_cov_57.078167	366	446	0	34	80	0.4250000
NODE_49186_length_470_cov_57.078167	366	446	2	46	80	0.5750000
NODE_49187_length_470_cov_34.035040	228	308	0	80	80	1.0000000
NODE_49187_length_470_cov_34.035040	281	361	0	80	80	1.0000000
NODE_49187_length_470_cov_34.035040	357	437	0	80	80	1.0000000
NODE_49187_length_470_cov_34.035040	410	470	0	60	60	1.0000000
NODE_49188_length_470_cov_15.539084	142	222	0	80	80	1.0000000
NODE_49188_length_470_cov_15.539084	195	275	0	80	80	1.0000000
NODE_49193_length_470_cov_6.070081	272	330	50	2	58	0.0344828
NODE_49193_length_470_cov_6.070081	272	330	54	7	58	0.1206897
NODE_49193_length_470_cov_6.070081	272	330	55	5	58	0.0862069
NODE_49193_length_470_cov_6.070081	272	330	57	6	58	0.1034483
NODE_49193_length_470_cov_6.070081	272	330	58	5	58	0.0862069
NODE_49193_length_470_cov_6.070081	272	330	59	9	58	0.1551724
NODE_49193_length_470_cov_6.070081	272	330	60	11	58	0.1896552
NODE_49193_length_470_cov_6.070081	272	330	61	8	58	0.1379310
NODE_49193_length_470_cov_6.070081	272	330	62	5	58	0.0862069
NODE_49193_length_470_cov_6.070081	325	383	2	1	58	0.0172414
NODE_49193_length_470_cov_6.070081	325	383	11	3	58	0.0517241
NODE_49193_length_470_cov_6.070081	325	383	12	1	58	0.0172414
NODE_49193_length_470_cov_6.070081	325	383	14	1	58	0.0172414
NODE_49193_length_470_cov_6.070081	325	383	15	4	58	0.0689655
NODE_49193_length_470_cov_6.070081	325	383	17	1	58	0.0172414
NODE_49193_length_470_cov_6.070081	325	383	18	3	58	0.0517241
NODE_49193_length_470_cov_6.070081	325	383	20	8	58	0.1379310
NODE_49193_length_470_cov_6.070081	325	383	21	4	58	0.0689655
NODE_49193_length_470_cov_6.070081	325	383	23	3	58	0.0517241
NODE_49193_length_470_cov_6.070081	325	383	28	1	58	0.0172414
NODE_49193_length_470_cov_6.070081	325	383	30	1	58	0.0172414
NODE_49193_length_470_cov_6.070081	325	383	36	1	58	0.0172414
NODE_49193_length_470_cov_6.070081	325	383	38	1	58	0.0172414
NODE_49193_length_470_cov_6.070081	325	383	40	2	58	0.0344828
NODE_49193_length_470_cov_6.070081	325	383	41	8	58	0.1379310
NODE_49193_length_470_cov_6.070081	325	383	42	1	58	0.0172414
NODE_49193_length_470_cov_6.070081	325	383	44	1	58	0.0172414
NODE_49193_length_470_cov_6.070081	325	383	46	3	58	0.0517241
NODE_49193_length_470_cov_6.070081	325	383	49	1	58	0.0172414
NODE_49193_length_470_cov_6.070081	325	383	50	6	58	0.1034483
NODE_49193_length_470_cov_6.070081	325	383	54	3	58	0.0517241
NODE_49215_length_470_cov_3.735849	194	251	0	57	57	1.0000000
NODE_49260_length_470_cov_2.363881	403	422	0	15	19	0.7894737
NODE_49260_length_470_cov_2.363881	403	422	2	4	19	0.2105263
NODE_49260_length_470_cov_2.363881	403	422	0	15	19	0.7894737
NODE_49260_length_470_cov_2.363881	403	422	2	4	19	0.2105263
NODE_49389_length_470_cov_1.142857	414	470	0	13	56	0.2321429
NODE_49389_length_470_cov_1.142857	414	470	4	4	56	0.0714286
NODE_49389_length_470_cov_1.142857	414	470	6	10	56	0.1785714
NODE_49389_length_470_cov_1.142857	414	470	9	1	56	0.0178571
NODE_49389_length_470_cov_1.142857	414	470	10	28	56	0.5000000
NODE_49502_length_469_cov_221.024324	150	228	350	1	78	0.0128205
NODE_49502_length_469_cov_221.024324	150	228	354	1	78	0.0128205
NODE_49502_length_469_cov_221.024324	150	228	370	1	78	0.0128205
NODE_49502_length_469_cov_221.024324	150	228	373	1	78	0.0128205
NODE_49502_length_469_cov_221.024324	150	228	391	3	78	0.0384615
NODE_49502_length_469_cov_221.024324	150	228	393	1	78	0.0128205
NODE_49502_length_469_cov_221.024324	150	228	403	1	78	0.0128205
NODE_49502_length_469_cov_221.024324	150	228	404	2	78	0.0256410
NODE_49502_length_469_cov_221.024324	150	228	409	2	78	0.0256410
NODE_49502_length_469_cov_221.024324	150	228	414	1	78	0.0128205
NODE_49502_length_469_cov_221.024324	150	228	415	1	78	0.0128205
NODE_49502_length_469_cov_221.024324	150	228	417	2	78	0.0256410
NODE_49502_length_469_cov_221.024324	150	228	421	4	78	0.0512821
NODE_49502_length_469_cov_221.024324	150	228	425	3	78	0.0384615
NODE_49502_length_469_cov_221.024324	150	228	427	1	78	0.0128205
NODE_49502_length_469_cov_221.024324	150	228	431	3	78	0.0384615
NODE_49502_length_469_cov_221.024324	150	228	432	4	78	0.0512821
NODE_49502_length_469_cov_221.024324	150	228	433	2	78	0.0256410
NODE_49502_length_469_cov_221.024324	150	228	434	1	78	0.0128205
NODE_49502_length_469_cov_221.024324	150	228	435	1	78	0.0128205
NODE_49502_length_469_cov_221.024324	150	228	436	1	78	0.0128205
NODE_49502_length_469_cov_221.024324	150	228	439	3	78	0.0384615
NODE_49502_length_469_cov_221.024324	150	228	440	6	78	0.0769231
NODE_49502_length_469_cov_221.024324	150	228	441	1	78	0.0128205
NODE_49502_length_469_cov_221.024324	150	228	443	2	78	0.0256410
NODE_49502_length_469_cov_221.024324	150	228	444	1	78	0.0128205
NODE_49502_length_469_cov_221.024324	150	228	445	5	78	0.0641026
NODE_49502_length_469_cov_221.024324	150	228	447	1	78	0.0128205
NODE_49502_length_469_cov_221.024324	150	228	448	1	78	0.0128205
NODE_49502_length_469_cov_221.024324	150	228	449	2	78	0.0256410
NODE_49502_length_469_cov_221.024324	150	228	454	1	78	0.0128205
NODE_49502_length_469_cov_221.024324	150	228	456	1	78	0.0128205
NODE_49502_length_469_cov_221.024324	150	228	460	1	78	0.0128205
NODE_49502_length_469_cov_221.024324	150	228	461	1	78	0.0128205
NODE_49502_length_469_cov_221.024324	150	228	462	1	78	0.0128205
NODE_49502_length_469_cov_221.024324	150	228	463	1	78	0.0128205
NODE_49502_length_469_cov_221.024324	150	228	464	1	78	0.0128205
NODE_49502_length_469_cov_221.024324	150	228	465	1	78	0.0128205
NODE_49502_length_469_cov_221.024324	150	228	466	1	78	0.0128205
NODE_49502_length_469_cov_221.024324	150	228	468	2	78	0.0256410
NODE_49502_length_469_cov_221.024324	150	228	473	1	78	0.0128205
NODE_49502_length_469_cov_221.024324	150	228	478	5	78	0.0641026
NODE_49502_length_469_cov_221.024324	150	228	481	1	78	0.0128205
NODE_49502_length_469_cov_221.024324	150	228	486	1	78	0.0128205
NODE_49502_length_469_cov_221.024324	150	228	350	1	78	0.0128205
NODE_49502_length_469_cov_221.024324	150	228	354	1	78	0.0128205
NODE_49502_length_469_cov_221.024324	150	228	370	1	78	0.0128205
NODE_49502_length_469_cov_221.024324	150	228	373	1	78	0.0128205
NODE_49502_length_469_cov_221.024324	150	228	391	3	78	0.0384615
NODE_49502_length_469_cov_221.024324	150	228	393	1	78	0.0128205
NODE_49502_length_469_cov_221.024324	150	228	403	1	78	0.0128205
NODE_49502_length_469_cov_221.024324	150	228	404	2	78	0.0256410
NODE_49502_length_469_cov_221.024324	150	228	409	2	78	0.0256410
NODE_49502_length_469_cov_221.024324	150	228	414	1	78	0.0128205
NODE_49502_length_469_cov_221.024324	150	228	415	1	78	0.0128205
NODE_49502_length_469_cov_221.024324	150	228	417	2	78	0.0256410
NODE_49502_length_469_cov_221.024324	150	228	421	4	78	0.0512821
NODE_49502_length_469_cov_221.024324	150	228	425	3	78	0.0384615
NODE_49502_length_469_cov_221.024324	150	228	427	1	78	0.0128205
NODE_49502_length_469_cov_221.024324	150	228	431	3	78	0.0384615
NODE_49502_length_469_cov_221.024324	150	228	432	4	78	0.0512821
NODE_49502_length_469_cov_221.024324	150	228	433	2	78	0.0256410
NODE_49502_length_469_cov_221.024324	150	228	434	1	78	0.0128205
NODE_49502_length_469_cov_221.024324	150	228	435	1	78	0.0128205
NODE_49502_length_469_cov_221.024324	150	228	436	1	78	0.0128205
NODE_49502_length_469_cov_221.024324	150	228	439	3	78	0.0384615
NODE_49502_length_469_cov_221.024324	150	228	440	6	78	0.0769231
NODE_49502_length_469_cov_221.024324	150	228	441	1	78	0.0128205
NODE_49502_length_469_cov_221.024324	150	228	443	2	78	0.0256410
NODE_49502_length_469_cov_221.024324	150	228	444	1	78	0.0128205
NODE_49502_length_469_cov_221.024324	150	228	445	5	78	0.0641026
NODE_49502_length_469_cov_221.024324	150	228	447	1	78	0.0128205
NODE_49502_length_469_cov_221.024324	150	228	448	1	78	0.0128205
NODE_49502_length_469_cov_221.024324	150	228	449	2	78	0.0256410
NODE_49502_length_469_cov_221.024324	150	228	454	1	78	0.0128205
NODE_49502_length_469_cov_221.024324	150	228	456	1	78	0.0128205
NODE_49502_length_469_cov_221.024324	150	228	460	1	78	0.0128205
NODE_49502_length_469_cov_221.024324	150	228	461	1	78	0.0128205
NODE_49502_length_469_cov_221.024324	150	228	462	1	78	0.0128205
NODE_49502_length_469_cov_221.024324	150	228	463	1	78	0.0128205
NODE_49502_length_469_cov_221.024324	150	228	464	1	78	0.0128205
NODE_49502_length_469_cov_221.024324	150	228	465	1	78	0.0128205
NODE_49502_length_469_cov_221.024324	150	228	466	1	78	0.0128205
NODE_49502_length_469_cov_221.024324	150	228	468	2	78	0.0256410
NODE_49502_length_469_cov_221.024324	150	228	473	1	78	0.0128205
NODE_49502_length_469_cov_221.024324	150	228	478	5	78	0.0641026
NODE_49502_length_469_cov_221.024324	150	228	481	1	78	0.0128205
NODE_49502_length_469_cov_221.024324	150	228	486	1	78	0.0128205
NODE_49502_length_469_cov_221.024324	150	219	404	2	69	0.0289855
NODE_49502_length_469_cov_221.024324	150	219	409	2	69	0.0289855
NODE_49502_length_469_cov_221.024324	150	219	414	1	69	0.0144928
NODE_49502_length_469_cov_221.024324	150	219	415	1	69	0.0144928
NODE_49502_length_469_cov_221.024324	150	219	417	2	69	0.0289855
NODE_49502_length_469_cov_221.024324	150	219	421	4	69	0.0579710
NODE_49502_length_469_cov_221.024324	150	219	425	3	69	0.0434783
NODE_49502_length_469_cov_221.024324	150	219	427	1	69	0.0144928
NODE_49502_length_469_cov_221.024324	150	219	431	3	69	0.0434783
NODE_49502_length_469_cov_221.024324	150	219	432	4	69	0.0579710
NODE_49502_length_469_cov_221.024324	150	219	433	2	69	0.0289855
NODE_49502_length_469_cov_221.024324	150	219	434	1	69	0.0144928
NODE_49502_length_469_cov_221.024324	150	219	435	1	69	0.0144928
NODE_49502_length_469_cov_221.024324	150	219	436	1	69	0.0144928
NODE_49502_length_469_cov_221.024324	150	219	439	3	69	0.0434783
NODE_49502_length_469_cov_221.024324	150	219	440	6	69	0.0869565
NODE_49502_length_469_cov_221.024324	150	219	441	1	69	0.0144928
NODE_49502_length_469_cov_221.024324	150	219	443	2	69	0.0289855
NODE_49502_length_469_cov_221.024324	150	219	444	1	69	0.0144928
NODE_49502_length_469_cov_221.024324	150	219	445	5	69	0.0724638
NODE_49502_length_469_cov_221.024324	150	219	447	1	69	0.0144928
NODE_49502_length_469_cov_221.024324	150	219	448	1	69	0.0144928
NODE_49502_length_469_cov_221.024324	150	219	449	2	69	0.0289855
NODE_49502_length_469_cov_221.024324	150	219	454	1	69	0.0144928
NODE_49502_length_469_cov_221.024324	150	219	456	1	69	0.0144928
NODE_49502_length_469_cov_221.024324	150	219	460	1	69	0.0144928
NODE_49502_length_469_cov_221.024324	150	219	461	1	69	0.0144928
NODE_49502_length_469_cov_221.024324	150	219	462	1	69	0.0144928
NODE_49502_length_469_cov_221.024324	150	219	463	1	69	0.0144928
NODE_49502_length_469_cov_221.024324	150	219	464	1	69	0.0144928
NODE_49502_length_469_cov_221.024324	150	219	465	1	69	0.0144928
NODE_49502_length_469_cov_221.024324	150	219	466	1	69	0.0144928
NODE_49502_length_469_cov_221.024324	150	219	468	2	69	0.0289855
NODE_49502_length_469_cov_221.024324	150	219	473	1	69	0.0144928
NODE_49502_length_469_cov_221.024324	150	219	478	5	69	0.0724638
NODE_49502_length_469_cov_221.024324	150	219	481	1	69	0.0144928
NODE_49502_length_469_cov_221.024324	150	219	486	1	69	0.0144928
NODE_49557_length_469_cov_2.686486	263	343	0	80	80	1.0000000
NODE_49561_length_469_cov_2.521622	237	289	0	52	52	1.0000000
NODE_49579_length_469_cov_2.224324	279	331	0	52	52	1.0000000
NODE_49796_length_468_cov_8.043360	190	250	2	60	60	1.0000000
NODE_49796_length_468_cov_8.043360	223	303	0	52	80	0.6500000
NODE_49796_length_468_cov_8.043360	223	303	2	28	80	0.3500000
NODE_49800_length_468_cov_6.046070	152	232	0	80	80	1.0000000
NODE_49800_length_468_cov_6.046070	205	285	0	80	80	1.0000000
NODE_49801_length_468_cov_5.997290	81	161	0	9	80	0.1125000
NODE_49801_length_468_cov_5.997290	81	161	6	6	80	0.0750000
NODE_49801_length_468_cov_5.997290	81	161	7	65	80	0.8125000
NODE_49801_length_468_cov_5.997290	134	214	0	5	80	0.0625000
NODE_49801_length_468_cov_5.997290	134	214	6	6	80	0.0750000
NODE_49801_length_468_cov_5.997290	134	214	7	69	80	0.8625000
NODE_49801_length_468_cov_5.997290	210	270	0	60	60	1.0000000
NODE_49803_length_468_cov_5.872629	133	201	2	3	68	0.0441176
NODE_49803_length_468_cov_5.872629	133	201	4	22	68	0.3235294
NODE_49803_length_468_cov_5.872629	133	201	6	40	68	0.5882353
NODE_49803_length_468_cov_5.872629	133	201	8	3	68	0.0441176
NODE_49807_length_468_cov_5.384824	305	356	2	51	51	1.0000000
NODE_49894_length_468_cov_2.067751	45	96	2	51	51	1.0000000
NODE_49913_length_468_cov_1.891599	4	63	0	59	59	1.0000000
NODE_49928_length_468_cov_1.758808	140	218	0	78	78	1.0000000
NODE_49928_length_468_cov_1.758808	191	257	0	66	66	1.0000000
NODE_49974_length_468_cov_1.390244	291	310	0	19	19	1.0000000
NODE_49974_length_468_cov_1.390244	369	405	0	36	36	1.0000000
NODE_50133_length_467_cov_14.100543	176	256	0	80	80	1.0000000
NODE_50134_length_467_cov_11.902174	193	236	0	43	43	1.0000000
NODE_50135_length_467_cov_10.875000	226	306	6	80	80	1.0000000
NODE_50135_length_467_cov_10.875000	279	359	0	17	80	0.2125000
NODE_50135_length_467_cov_10.875000	279	359	6	63	80	0.7875000
NODE_50144_length_467_cov_6.625000	206	275	0	8	69	0.1159420
NODE_50144_length_467_cov_6.625000	206	275	2	18	69	0.2608696
NODE_50144_length_467_cov_6.625000	206	275	6	4	69	0.0579710
NODE_50144_length_467_cov_6.625000	206	275	8	39	69	0.5652174
NODE_50144_length_467_cov_6.625000	257	328	6	7	71	0.0985916
NODE_50144_length_467_cov_6.625000	257	328	8	64	71	0.9014084
NODE_50197_length_467_cov_2.709239	247	327	2	28	80	0.3500000
NODE_50197_length_467_cov_2.709239	247	327	4	52	80	0.6500000
NODE_50215_length_467_cov_2.296196	284	329	0	45	45	1.0000000
NODE_50238_length_467_cov_2.027174	218	269	4	51	51	1.0000000
NODE_50252_length_467_cov_1.836957	55	118	0	63	63	1.0000000
NODE_50267_length_467_cov_1.603261	92	141	0	7	49	0.1428571
NODE_50267_length_467_cov_1.603261	92	141	2	42	49	0.8571429
NODE_50283_length_467_cov_1.426630	135	183	4	48	48	1.0000000
NODE_50447_length_466_cov_42.839237	0	47	0	47	47	1.0000000
NODE_50447_length_466_cov_42.839237	20	100	0	80	80	1.0000000
NODE_50447_length_466_cov_42.839237	96	176	0	30	80	0.3750000
NODE_50447_length_466_cov_42.839237	96	176	2	50	80	0.6250000
NODE_50447_length_466_cov_42.839237	149	229	0	27	80	0.3375000
NODE_50447_length_466_cov_42.839237	149	229	2	53	80	0.6625000
NODE_50448_length_466_cov_36.901907	85	165	0	5	80	0.0625000
NODE_50448_length_466_cov_36.901907	85	165	3	32	80	0.4000000
NODE_50448_length_466_cov_36.901907	85	165	5	1	80	0.0125000
NODE_50448_length_466_cov_36.901907	85	165	6	42	80	0.5250000
NODE_50448_length_466_cov_36.901907	138	218	6	80	80	1.0000000
NODE_50448_length_466_cov_36.901907	214	294	0	22	80	0.2750000
NODE_50448_length_466_cov_36.901907	214	294	3	32	80	0.4000000
NODE_50448_length_466_cov_36.901907	214	294	6	26	80	0.3250000
NODE_50448_length_466_cov_36.901907	267	347	0	75	80	0.9375000
NODE_50448_length_466_cov_36.901907	267	347	3	5	80	0.0625000
NODE_50457_length_466_cov_5.122616	275	316	2	41	41	1.0000000
NODE_50457_length_466_cov_5.122616	276	316	2	40	40	1.0000000
NODE_50457_length_466_cov_5.122616	289	338	0	1	49	0.0204082
NODE_50457_length_466_cov_5.122616	289	338	2	48	49	0.9795918
NODE_50515_length_466_cov_2.602180	9	90	0	3	81	0.0370370
NODE_50515_length_466_cov_2.602180	9	90	1	1	81	0.0123457
NODE_50515_length_466_cov_2.602180	9	90	2	5	81	0.0617284
NODE_50515_length_466_cov_2.602180	9	90	5	1	81	0.0123457
NODE_50515_length_466_cov_2.602180	9	90	6	13	81	0.1604938
NODE_50515_length_466_cov_2.602180	9	90	8	58	81	0.7160494
NODE_50515_length_466_cov_2.602180	312	341	0	29	29	1.0000000
NODE_50549_length_466_cov_2.108992	130	182	7	22	52	0.4230769
NODE_50549_length_466_cov_2.108992	130	182	9	30	52	0.5769231
NODE_50562_length_466_cov_1.980926	183	265	0	82	82	1.0000000
NODE_50787_length_465_cov_13.019126	170	250	0	80	80	1.0000000
NODE_50787_length_465_cov_13.019126	223	301	0	78	78	1.0000000
NODE_50799_length_465_cov_5.363388	316	393	10	23	77	0.2987013
NODE_50799_length_465_cov_5.363388	316	393	12	54	77	0.7012987
NODE_50800_length_465_cov_4.898907	376	406	0	22	30	0.7333333
NODE_50800_length_465_cov_4.898907	376	406	2	8	30	0.2666667
NODE_50869_length_465_cov_2.366120	147	227	0	37	80	0.4625000
NODE_50869_length_465_cov_2.366120	147	227	1	17	80	0.2125000
NODE_50869_length_465_cov_2.366120	147	227	2	26	80	0.3250000
NODE_50869_length_465_cov_2.366120	200	271	1	1	71	0.0140845
NODE_50869_length_465_cov_2.366120	200	271	2	70	71	0.9859155
NODE_50911_length_465_cov_1.737705	338	383	4	45	45	1.0000000
NODE_51100_length_464_cov_8.473973	209	289	0	11	80	0.1375000
NODE_51100_length_464_cov_8.473973	209	289	2	69	80	0.8625000
NODE_51100_length_464_cov_8.473973	262	342	0	64	80	0.8000000
NODE_51100_length_464_cov_8.473973	262	342	2	16	80	0.2000000
NODE_51148_length_464_cov_2.528767	136	199	2	63	63	1.0000000
NODE_51167_length_464_cov_2.134247	130	203	2	33	73	0.4520548
NODE_51167_length_464_cov_2.134247	130	203	5	12	73	0.1643836
NODE_51167_length_464_cov_2.134247	130	203	7	28	73	0.3835616
NODE_51186_length_464_cov_1.901370	58	138	0	80	80	1.0000000
NODE_51203_length_464_cov_1.706849	186	265	2	79	79	1.0000000
NODE_51377_length_463_cov_64.420330	375	455	0	12	80	0.1500000
NODE_51377_length_463_cov_64.420330	375	455	3	2	80	0.0250000
NODE_51377_length_463_cov_64.420330	375	455	5	10	80	0.1250000
NODE_51377_length_463_cov_64.420330	375	455	7	1	80	0.0125000
NODE_51377_length_463_cov_64.420330	375	455	8	7	80	0.0875000
NODE_51377_length_463_cov_64.420330	375	455	10	29	80	0.3625000
NODE_51377_length_463_cov_64.420330	375	455	14	2	80	0.0250000
NODE_51377_length_463_cov_64.420330	375	455	17	6	80	0.0750000
NODE_51377_length_463_cov_64.420330	375	455	19	1	80	0.0125000
NODE_51377_length_463_cov_64.420330	375	455	20	4	80	0.0500000
NODE_51377_length_463_cov_64.420330	375	455	22	6	80	0.0750000
NODE_51377_length_463_cov_64.420330	375	455	0	12	80	0.1500000
NODE_51377_length_463_cov_64.420330	375	455	3	2	80	0.0250000
NODE_51377_length_463_cov_64.420330	375	455	5	10	80	0.1250000
NODE_51377_length_463_cov_64.420330	375	455	7	1	80	0.0125000
NODE_51377_length_463_cov_64.420330	375	455	8	7	80	0.0875000
NODE_51377_length_463_cov_64.420330	375	455	10	29	80	0.3625000
NODE_51377_length_463_cov_64.420330	375	455	14	2	80	0.0250000
NODE_51377_length_463_cov_64.420330	375	455	17	6	80	0.0750000
NODE_51377_length_463_cov_64.420330	375	455	19	1	80	0.0125000
NODE_51377_length_463_cov_64.420330	375	455	20	4	80	0.0500000
NODE_51377_length_463_cov_64.420330	375	455	22	6	80	0.0750000
NODE_51377_length_463_cov_64.420330	375	455	0	12	80	0.1500000
NODE_51377_length_463_cov_64.420330	375	455	3	2	80	0.0250000
NODE_51377_length_463_cov_64.420330	375	455	5	10	80	0.1250000
NODE_51377_length_463_cov_64.420330	375	455	7	1	80	0.0125000
NODE_51377_length_463_cov_64.420330	375	455	8	7	80	0.0875000
NODE_51377_length_463_cov_64.420330	375	455	10	29	80	0.3625000
NODE_51377_length_463_cov_64.420330	375	455	14	2	80	0.0250000
NODE_51377_length_463_cov_64.420330	375	455	17	6	80	0.0750000
NODE_51377_length_463_cov_64.420330	375	455	19	1	80	0.0125000
NODE_51377_length_463_cov_64.420330	375	455	20	4	80	0.0500000
NODE_51377_length_463_cov_64.420330	375	455	22	6	80	0.0750000
NODE_51377_length_463_cov_64.420330	375	455	0	12	80	0.1500000
NODE_51377_length_463_cov_64.420330	375	455	3	2	80	0.0250000
NODE_51377_length_463_cov_64.420330	375	455	5	10	80	0.1250000
NODE_51377_length_463_cov_64.420330	375	455	7	1	80	0.0125000
NODE_51377_length_463_cov_64.420330	375	455	8	7	80	0.0875000
NODE_51377_length_463_cov_64.420330	375	455	10	29	80	0.3625000
NODE_51377_length_463_cov_64.420330	375	455	14	2	80	0.0250000
NODE_51377_length_463_cov_64.420330	375	455	17	6	80	0.0750000
NODE_51377_length_463_cov_64.420330	375	455	19	1	80	0.0125000
NODE_51377_length_463_cov_64.420330	375	455	20	4	80	0.0500000
NODE_51377_length_463_cov_64.420330	375	455	22	6	80	0.0750000
NODE_51377_length_463_cov_64.420330	375	455	0	12	80	0.1500000
NODE_51377_length_463_cov_64.420330	375	455	3	2	80	0.0250000
NODE_51377_length_463_cov_64.420330	375	455	5	10	80	0.1250000
NODE_51377_length_463_cov_64.420330	375	455	7	1	80	0.0125000
NODE_51377_length_463_cov_64.420330	375	455	8	7	80	0.0875000
NODE_51377_length_463_cov_64.420330	375	455	10	29	80	0.3625000
NODE_51377_length_463_cov_64.420330	375	455	14	2	80	0.0250000
NODE_51377_length_463_cov_64.420330	375	455	17	6	80	0.0750000
NODE_51377_length_463_cov_64.420330	375	455	19	1	80	0.0125000
NODE_51377_length_463_cov_64.420330	375	455	20	4	80	0.0500000
NODE_51377_length_463_cov_64.420330	375	455	22	6	80	0.0750000
NODE_51378_length_463_cov_49.673077	0	71	3	1	71	0.0140845
NODE_51378_length_463_cov_49.673077	0	71	5	1	71	0.0140845
NODE_51378_length_463_cov_49.673077	0	71	8	1	71	0.0140845
NODE_51378_length_463_cov_49.673077	0	71	11	4	71	0.0563380
NODE_51378_length_463_cov_49.673077	0	71	15	17	71	0.2394366
NODE_51378_length_463_cov_49.673077	0	71	20	19	71	0.2676056
NODE_51378_length_463_cov_49.673077	0	71	21	16	71	0.2253521
NODE_51378_length_463_cov_49.673077	0	71	26	4	71	0.0563380
NODE_51378_length_463_cov_49.673077	0	71	28	1	71	0.0140845
NODE_51378_length_463_cov_49.673077	0	71	33	6	71	0.0845070
NODE_51378_length_463_cov_49.673077	0	71	34	1	71	0.0140845
NODE_51378_length_463_cov_49.673077	44	121	21	15	77	0.1948052
NODE_51378_length_463_cov_49.673077	44	121	26	4	77	0.0519481
NODE_51378_length_463_cov_49.673077	44	121	28	1	77	0.0129870
NODE_51378_length_463_cov_49.673077	44	121	33	19	77	0.2467532
NODE_51378_length_463_cov_49.673077	44	121	34	9	77	0.1168831
NODE_51378_length_463_cov_49.673077	44	121	36	29	77	0.3766234
NODE_51379_length_463_cov_41.005495	8	88	0	23	80	0.2875000
NODE_51379_length_463_cov_41.005495	8	88	4	57	80	0.7125000
NODE_51379_length_463_cov_41.005495	61	141	0	4	80	0.0500000
NODE_51379_length_463_cov_41.005495	61	141	4	76	80	0.9500000
NODE_51380_length_463_cov_30.626374	318	398	6	29	80	0.3625000
NODE_51380_length_463_cov_30.626374	318	398	12	2	80	0.0250000
NODE_51380_length_463_cov_30.626374	318	398	14	49	80	0.6125000
NODE_51380_length_463_cov_30.626374	371	451	0	7	80	0.0875000
NODE_51380_length_463_cov_30.626374	371	451	6	27	80	0.3375000
NODE_51380_length_463_cov_30.626374	371	451	8	3	80	0.0375000
NODE_51380_length_463_cov_30.626374	371	451	14	43	80	0.5375000
NODE_51381_length_463_cov_27.475275	211	291	4	33	80	0.4125000
NODE_51381_length_463_cov_27.475275	211	291	6	47	80	0.5875000
NODE_51381_length_463_cov_27.475275	264	344	0	5	80	0.0625000
NODE_51381_length_463_cov_27.475275	264	344	2	3	80	0.0375000
NODE_51381_length_463_cov_27.475275	264	344	6	72	80	0.9000000
NODE_51383_length_463_cov_11.211538	304	377	6	61	73	0.8356164
NODE_51383_length_463_cov_11.211538	304	377	8	12	73	0.1643836
NODE_51383_length_463_cov_11.211538	350	430	2	20	80	0.2500000
NODE_51383_length_463_cov_11.211538	350	430	4	11	80	0.1375000
NODE_51383_length_463_cov_11.211538	350	430	6	20	80	0.2500000
NODE_51383_length_463_cov_11.211538	350	430	8	29	80	0.3625000
NODE_51391_length_463_cov_5.711538	181	261	0	80	80	1.0000000
NODE_51391_length_463_cov_5.711538	234	314	0	80	80	1.0000000
NODE_51399_length_463_cov_4.398352	119	169	0	50	50	1.0000000
NODE_51402_length_463_cov_4.186813	175	233	6	9	58	0.1551724
NODE_51402_length_463_cov_4.186813	175	233	8	3	58	0.0517241
NODE_51402_length_463_cov_4.186813	175	233	10	46	58	0.7931035
NODE_51402_length_463_cov_4.186813	206	251	10	45	45	1.0000000
NODE_51408_length_463_cov_3.846154	235	268	2	33	33	1.0000000
NODE_51421_length_463_cov_3.063187	193	248	2	55	55	1.0000000
NODE_51421_length_463_cov_3.063187	222	301	0	7	79	0.0886076
NODE_51421_length_463_cov_3.063187	222	301	2	72	79	0.9113924
NODE_51680_length_462_cov_21.876033	93	173	0	78	80	0.9750000
NODE_51680_length_462_cov_21.876033	93	173	2	2	80	0.0250000
NODE_51680_length_462_cov_21.876033	146	226	0	25	80	0.3125000
NODE_51680_length_462_cov_21.876033	146	226	2	55	80	0.6875000
NODE_51687_length_462_cov_5.033058	93	154	0	61	61	1.0000000
NODE_51687_length_462_cov_5.033058	159	209	4	50	50	1.0000000
NODE_51699_length_462_cov_4.101928	168	246	0	78	78	1.0000000
NODE_51699_length_462_cov_4.101928	184	208	0	24	24	1.0000000
NODE_51699_length_462_cov_4.101928	219	299	0	80	80	1.0000000
NODE_51708_length_462_cov_3.630854	149	194	0	45	45	1.0000000
NODE_51720_length_462_cov_3.079890	103	147	0	44	44	1.0000000
NODE_51735_length_462_cov_2.677686	78	118	0	40	40	1.0000000
NODE_51763_length_462_cov_2.209366	18	58	0	40	40	1.0000000
NODE_51817_length_462_cov_1.570248	68	113	0	45	45	1.0000000
NODE_51995_length_461_cov_35.116022	0	79	0	79	79	1.0000000
NODE_51995_length_461_cov_35.116022	52	132	0	80	80	1.0000000
NODE_51996_length_461_cov_11.124309	77	157	0	80	80	1.0000000
NODE_51996_length_461_cov_11.124309	130	210	0	80	80	1.0000000
NODE_52010_length_461_cov_5.361878	246	322	6	2	76	0.0263158
NODE_52010_length_461_cov_5.361878	246	322	8	74	76	0.9736842
NODE_52018_length_461_cov_4.472376	268	333	0	65	65	1.0000000
NODE_52021_length_461_cov_4.168508	159	234	11	10	75	0.1333333
NODE_52021_length_461_cov_4.168508	159	234	13	18	75	0.2400000
NODE_52021_length_461_cov_4.168508	159	234	14	7	75	0.0933333
NODE_52021_length_461_cov_4.168508	159	234	15	40	75	0.5333334
NODE_52047_length_461_cov_2.892265	233	312	0	11	79	0.1392405
NODE_52047_length_461_cov_2.892265	233	312	2	68	79	0.8607595
NODE_52073_length_461_cov_2.392265	186	223	0	37	37	1.0000000
NODE_52154_length_461_cov_1.389503	283	349	0	11	66	0.1666667
NODE_52154_length_461_cov_1.389503	283	349	2	55	66	0.8333333
NODE_52292_length_460_cov_172.986150	0	68	22	1	68	0.0147059
NODE_52292_length_460_cov_172.986150	0	68	28	2	68	0.0294118
NODE_52292_length_460_cov_172.986150	0	68	37	1	68	0.0147059
NODE_52292_length_460_cov_172.986150	0	68	39	1	68	0.0147059
NODE_52292_length_460_cov_172.986150	0	68	45	1	68	0.0147059
NODE_52292_length_460_cov_172.986150	0	68	50	1	68	0.0147059
NODE_52292_length_460_cov_172.986150	0	68	61	1	68	0.0147059
NODE_52292_length_460_cov_172.986150	0	68	78	1	68	0.0147059
NODE_52292_length_460_cov_172.986150	0	68	87	1	68	0.0147059
NODE_52292_length_460_cov_172.986150	0	68	96	1	68	0.0147059
NODE_52292_length_460_cov_172.986150	0	68	103	1	68	0.0147059
NODE_52292_length_460_cov_172.986150	0	68	124	1	68	0.0147059
NODE_52292_length_460_cov_172.986150	0	68	132	1	68	0.0147059
NODE_52292_length_460_cov_172.986150	0	68	135	1	68	0.0147059
NODE_52292_length_460_cov_172.986150	0	68	145	1	68	0.0147059
NODE_52292_length_460_cov_172.986150	0	68	171	1	68	0.0147059
NODE_52292_length_460_cov_172.986150	0	68	189	1	68	0.0147059
NODE_52292_length_460_cov_172.986150	0	68	199	1	68	0.0147059
NODE_52292_length_460_cov_172.986150	0	68	216	1	68	0.0147059
NODE_52292_length_460_cov_172.986150	0	68	230	3	68	0.0441176
NODE_52292_length_460_cov_172.986150	0	68	250	1	68	0.0147059
NODE_52292_length_460_cov_172.986150	0	68	259	1	68	0.0147059
NODE_52292_length_460_cov_172.986150	0	68	266	1	68	0.0147059
NODE_52292_length_460_cov_172.986150	0	68	278	1	68	0.0147059
NODE_52292_length_460_cov_172.986150	0	68	292	1	68	0.0147059
NODE_52292_length_460_cov_172.986150	0	68	295	1	68	0.0147059
NODE_52292_length_460_cov_172.986150	0	68	300	1	68	0.0147059
NODE_52292_length_460_cov_172.986150	0	68	302	2	68	0.0294118
NODE_52292_length_460_cov_172.986150	0	68	304	1	68	0.0147059
NODE_52292_length_460_cov_172.986150	0	68	309	1	68	0.0147059
NODE_52292_length_460_cov_172.986150	0	68	313	2	68	0.0294118
NODE_52292_length_460_cov_172.986150	0	68	315	1	68	0.0147059
NODE_52292_length_460_cov_172.986150	0	68	322	1	68	0.0147059
NODE_52292_length_460_cov_172.986150	0	68	326	1	68	0.0147059
NODE_52292_length_460_cov_172.986150	0	68	328	1	68	0.0147059
NODE_52292_length_460_cov_172.986150	0	68	336	2	68	0.0294118
NODE_52292_length_460_cov_172.986150	0	68	338	3	68	0.0441176
NODE_52292_length_460_cov_172.986150	0	68	340	1	68	0.0147059
NODE_52292_length_460_cov_172.986150	0	68	343	1	68	0.0147059
NODE_52292_length_460_cov_172.986150	0	68	349	2	68	0.0294118
NODE_52292_length_460_cov_172.986150	0	68	351	1	68	0.0147059
NODE_52292_length_460_cov_172.986150	0	68	358	1	68	0.0147059
NODE_52292_length_460_cov_172.986150	0	68	359	1	68	0.0147059
NODE_52292_length_460_cov_172.986150	0	68	365	1	68	0.0147059
NODE_52292_length_460_cov_172.986150	0	68	368	1	68	0.0147059
NODE_52292_length_460_cov_172.986150	0	68	371	1	68	0.0147059
NODE_52292_length_460_cov_172.986150	0	68	373	3	68	0.0441176
NODE_52292_length_460_cov_172.986150	0	68	375	1	68	0.0147059
NODE_52292_length_460_cov_172.986150	0	68	378	3	68	0.0441176
NODE_52292_length_460_cov_172.986150	0	68	379	4	68	0.0588235
NODE_52292_length_460_cov_172.986150	0	68	381	2	68	0.0294118
NODE_52292_length_460_cov_172.986150	41	121	336	1	80	0.0125000
NODE_52292_length_460_cov_172.986150	41	121	338	3	80	0.0375000
NODE_52292_length_460_cov_172.986150	41	121	340	1	80	0.0125000
NODE_52292_length_460_cov_172.986150	41	121	343	1	80	0.0125000
NODE_52292_length_460_cov_172.986150	41	121	349	2	80	0.0250000
NODE_52292_length_460_cov_172.986150	41	121	351	1	80	0.0125000
NODE_52292_length_460_cov_172.986150	41	121	358	1	80	0.0125000
NODE_52292_length_460_cov_172.986150	41	121	359	1	80	0.0125000
NODE_52292_length_460_cov_172.986150	41	121	365	1	80	0.0125000
NODE_52292_length_460_cov_172.986150	41	121	368	1	80	0.0125000
NODE_52292_length_460_cov_172.986150	41	121	371	1	80	0.0125000
NODE_52292_length_460_cov_172.986150	41	121	373	3	80	0.0375000
NODE_52292_length_460_cov_172.986150	41	121	375	1	80	0.0125000
NODE_52292_length_460_cov_172.986150	41	121	378	3	80	0.0375000
NODE_52292_length_460_cov_172.986150	41	121	379	5	80	0.0625000
NODE_52292_length_460_cov_172.986150	41	121	381	2	80	0.0250000
NODE_52292_length_460_cov_172.986150	41	121	383	6	80	0.0750000
NODE_52292_length_460_cov_172.986150	41	121	388	1	80	0.0125000
NODE_52292_length_460_cov_172.986150	41	121	390	8	80	0.1000000
NODE_52292_length_460_cov_172.986150	41	121	391	2	80	0.0250000
NODE_52292_length_460_cov_172.986150	41	121	393	1	80	0.0125000
NODE_52292_length_460_cov_172.986150	41	121	394	5	80	0.0625000
NODE_52292_length_460_cov_172.986150	41	121	395	2	80	0.0250000
NODE_52292_length_460_cov_172.986150	41	121	396	2	80	0.0250000
NODE_52292_length_460_cov_172.986150	41	121	397	3	80	0.0375000
NODE_52292_length_460_cov_172.986150	41	121	398	1	80	0.0125000
NODE_52292_length_460_cov_172.986150	41	121	399	2	80	0.0250000
NODE_52292_length_460_cov_172.986150	41	121	400	4	80	0.0500000
NODE_52292_length_460_cov_172.986150	41	121	402	10	80	0.1250000
NODE_52292_length_460_cov_172.986150	41	121	404	2	80	0.0250000
NODE_52292_length_460_cov_172.986150	41	121	406	1	80	0.0125000
NODE_52292_length_460_cov_172.986150	41	121	408	1	80	0.0125000
NODE_52292_length_460_cov_172.986150	41	121	414	1	80	0.0125000
NODE_52293_length_460_cov_62.512465	9	48	0	39	39	1.0000000
NODE_52294_length_460_cov_33.146814	0	47	0	47	47	1.0000000
NODE_52294_length_460_cov_33.146814	43	115	0	29	72	0.4027778
NODE_52294_length_460_cov_33.146814	43	115	2	43	72	0.5972222
NODE_52294_length_460_cov_33.146814	96	165	0	2	69	0.0289855
NODE_52294_length_460_cov_33.146814	96	165	2	67	69	0.9710145
NODE_52295_length_460_cov_26.049861	0	63	0	63	63	1.0000000
NODE_52296_length_460_cov_25.709141	246	326	0	22	80	0.2750000
NODE_52296_length_460_cov_25.709141	246	326	4	58	80	0.7250000
NODE_52296_length_460_cov_25.709141	299	379	0	75	80	0.9375000
NODE_52296_length_460_cov_25.709141	299	379	4	5	80	0.0625000
NODE_52297_length_460_cov_11.063712	273	353	0	18	80	0.2250000
NODE_52297_length_460_cov_11.063712	273	353	8	62	80	0.7750000
NODE_52297_length_460_cov_11.063712	326	406	8	80	80	1.0000000
NODE_52303_length_460_cov_7.285319	172	250	0	78	78	1.0000000
NODE_52312_length_460_cov_5.163435	120	200	0	80	80	1.0000000
NODE_52312_length_460_cov_5.163435	173	253	0	80	80	1.0000000
NODE_52333_length_460_cov_3.457064	150	230	0	80	80	1.0000000
NODE_52333_length_460_cov_3.457064	203	246	0	43	43	1.0000000
NODE_52339_length_460_cov_3.027701	167	230	2	63	63	1.0000000
NODE_52347_length_460_cov_2.819945	195	266	7	17	71	0.2394366
NODE_52347_length_460_cov_2.819945	195	266	9	34	71	0.4788733
NODE_52347_length_460_cov_2.819945	195	266	11	20	71	0.2816902
NODE_52358_length_460_cov_2.626039	223	277	2	54	54	1.0000000
NODE_52612_length_459_cov_34.927778	165	239	0	36	74	0.4864865
NODE_52612_length_459_cov_34.927778	165	239	2	38	74	0.5135135
NODE_52612_length_459_cov_34.927778	212	292	0	10	80	0.1250000
NODE_52612_length_459_cov_34.927778	212	292	2	70	80	0.8750000
NODE_52617_length_459_cov_7.261111	143	189	0	6	46	0.1304348
NODE_52617_length_459_cov_7.261111	143	189	4	40	46	0.8695652
NODE_52617_length_459_cov_7.261111	162	242	4	80	80	1.0000000
NODE_52635_length_459_cov_4.127778	153	233	0	2	80	0.0250000
NODE_52635_length_459_cov_4.127778	153	233	2	78	80	0.9750000
NODE_52685_length_459_cov_2.158333	219	285	0	66	66	1.0000000
NODE_52685_length_459_cov_2.158333	283	342	0	59	59	1.0000000
NODE_52704_length_459_cov_1.722222	280	353	0	73	73	1.0000000
NODE_52920_length_458_cov_71.047354	0	51	0	51	51	1.0000000
NODE_52920_length_458_cov_71.047354	24	104	0	70	80	0.8750000
NODE_52920_length_458_cov_71.047354	24	104	2	10	80	0.1250000
NODE_52920_length_458_cov_71.047354	100	180	2	6	80	0.0750000
NODE_52920_length_458_cov_71.047354	100	180	4	12	80	0.1500000
NODE_52920_length_458_cov_71.047354	100	180	8	2	80	0.0250000
NODE_52920_length_458_cov_71.047354	100	180	9	21	80	0.2625000
NODE_52920_length_458_cov_71.047354	100	180	11	12	80	0.1500000
NODE_52920_length_458_cov_71.047354	100	180	13	15	80	0.1875000
NODE_52920_length_458_cov_71.047354	100	180	14	10	80	0.1250000
NODE_52920_length_458_cov_71.047354	100	180	16	2	80	0.0250000
NODE_52920_length_458_cov_71.047354	153	233	12	5	80	0.0625000
NODE_52920_length_458_cov_71.047354	153	233	13	15	80	0.1875000
NODE_52920_length_458_cov_71.047354	153	233	14	39	80	0.4875000
NODE_52920_length_458_cov_71.047354	153	233	16	21	80	0.2625000
NODE_52921_length_458_cov_47.966574	151	231	2	62	80	0.7750000
NODE_52921_length_458_cov_47.966574	151	231	4	18	80	0.2250000
NODE_52921_length_458_cov_47.966574	204	284	2	38	80	0.4750000
NODE_52921_length_458_cov_47.966574	204	284	4	42	80	0.5250000
NODE_52921_length_458_cov_47.966574	280	360	2	47	80	0.5875000
NODE_52921_length_458_cov_47.966574	280	360	4	33	80	0.4125000
NODE_52921_length_458_cov_47.966574	333	413	2	67	80	0.8375000
NODE_52921_length_458_cov_47.966574	333	413	4	13	80	0.1625000
NODE_52924_length_458_cov_9.935933	267	347	10	32	80	0.4000000
NODE_52924_length_458_cov_9.935933	267	347	12	2	80	0.0250000
NODE_52924_length_458_cov_9.935933	267	347	14	46	80	0.5750000
NODE_52924_length_458_cov_9.935933	320	400	0	5	80	0.0625000
NODE_52924_length_458_cov_9.935933	320	400	2	4	80	0.0500000
NODE_52924_length_458_cov_9.935933	320	400	4	26	80	0.3250000
NODE_52924_length_458_cov_9.935933	320	400	8	5	80	0.0625000
NODE_52924_length_458_cov_9.935933	320	400	10	13	80	0.1625000
NODE_52924_length_458_cov_9.935933	320	400	14	27	80	0.3375000
NODE_52929_length_458_cov_7.598886	87	167	0	5	80	0.0625000
NODE_52929_length_458_cov_7.598886	87	167	2	75	80	0.9375000
NODE_52967_length_458_cov_3.061281	62	91	0	29	29	1.0000000
NODE_52967_length_458_cov_3.061281	185	224	2	3	39	0.0769231
NODE_52967_length_458_cov_3.061281	185	224	6	36	39	0.9230769
NODE_52992_length_458_cov_2.454039	210	251	2	41	41	1.0000000
NODE_53107_length_458_cov_1.139276	242	289	2	47	47	1.0000000
NODE_53107_length_458_cov_1.139276	262	328	0	25	66	0.3787879
NODE_53107_length_458_cov_1.139276	262	328	2	41	66	0.6212121
NODE_53205_length_457_cov_20.754190	123	203	0	64	80	0.8000000
NODE_53205_length_457_cov_20.754190	123	203	2	16	80	0.2000000
NODE_53205_length_457_cov_20.754190	176	256	0	11	80	0.1375000
NODE_53205_length_457_cov_20.754190	176	256	2	32	80	0.4000000
NODE_53205_length_457_cov_20.754190	176	256	4	37	80	0.4625000
NODE_53207_length_457_cov_13.918994	218	298	0	80	80	1.0000000
NODE_53207_length_457_cov_13.918994	218	298	0	80	80	1.0000000
NODE_53207_length_457_cov_13.918994	218	298	0	80	80	1.0000000
NODE_53207_length_457_cov_13.918994	218	298	0	80	80	1.0000000
NODE_53207_length_457_cov_13.918994	271	320	0	49	49	1.0000000
NODE_53207_length_457_cov_13.918994	271	320	0	49	49	1.0000000
NODE_53207_length_457_cov_13.918994	271	320	0	49	49	1.0000000
NODE_53216_length_457_cov_6.050279	264	326	0	62	62	1.0000000
NODE_53220_length_457_cov_5.078212	71	149	0	78	78	1.0000000
NODE_53220_length_457_cov_5.078212	122	202	0	80	80	1.0000000
NODE_53225_length_457_cov_4.530726	193	273	4	20	80	0.2500000
NODE_53225_length_457_cov_4.530726	193	273	6	60	80	0.7500000
NODE_53225_length_457_cov_4.530726	246	315	0	9	69	0.1304348
NODE_53225_length_457_cov_4.530726	246	315	2	4	69	0.0579710
NODE_53225_length_457_cov_4.530726	246	315	6	56	69	0.8115942
NODE_53230_length_457_cov_3.986034	192	272	0	80	80	1.0000000
NODE_53267_length_457_cov_2.636872	117	197	0	80	80	1.0000000
NODE_53462_length_457_cov_0.916201	108	188	0	80	80	1.0000000
NODE_53462_length_457_cov_0.916201	108	188	0	80	80	1.0000000
NODE_53462_length_457_cov_0.916201	161	241	0	80	80	1.0000000
NODE_53462_length_457_cov_0.916201	161	241	0	80	80	1.0000000
NODE_53512_length_456_cov_34.731092	0	63	0	63	63	1.0000000
NODE_53512_length_456_cov_34.731092	36	116	0	80	80	1.0000000
NODE_53512_length_456_cov_34.731092	112	194	0	82	82	1.0000000
NODE_53532_length_456_cov_4.582633	269	349	0	80	80	1.0000000
NODE_53533_length_456_cov_4.554622	124	206	0	82	82	1.0000000
NODE_53533_length_456_cov_4.554622	179	263	0	84	84	1.0000000
NODE_53546_length_456_cov_3.669468	123	186	2	63	63	1.0000000
NODE_53566_length_456_cov_2.921569	302	362	0	60	60	1.0000000
NODE_53859_length_455_cov_113.589888	137	220	8	7	83	0.0843373
NODE_53859_length_455_cov_113.589888	137	220	10	41	83	0.4939759
NODE_53859_length_455_cov_113.589888	137	220	12	35	83	0.4216867
NODE_53859_length_455_cov_113.589888	198	268	4	2	70	0.0285714
NODE_53859_length_455_cov_113.589888	198	268	6	43	70	0.6142857
NODE_53859_length_455_cov_113.589888	198	268	10	6	70	0.0857143
NODE_53859_length_455_cov_113.589888	198	268	12	19	70	0.2714286
NODE_53859_length_455_cov_113.589888	269	348	2	10	79	0.1265823
NODE_53859_length_455_cov_113.589888	269	348	4	13	79	0.1645570
NODE_53859_length_455_cov_113.589888	269	348	5	1	79	0.0126582
NODE_53859_length_455_cov_113.589888	269	348	6	5	79	0.0632911
NODE_53859_length_455_cov_113.589888	269	348	10	7	79	0.0886076
NODE_53859_length_455_cov_113.589888	269	348	16	16	79	0.2025317
NODE_53859_length_455_cov_113.589888	269	348	18	9	79	0.1139240
NODE_53859_length_455_cov_113.589888	269	348	20	6	79	0.0759494
NODE_53859_length_455_cov_113.589888	269	348	22	12	79	0.1518987
NODE_53859_length_455_cov_113.589888	321	401	18	9	80	0.1125000
NODE_53859_length_455_cov_113.589888	321	401	20	6	80	0.0750000
NODE_53859_length_455_cov_113.589888	321	401	22	65	80	0.8125000
NODE_53860_length_455_cov_52.941011	260	340	4	80	80	1.0000000
NODE_53860_length_455_cov_52.941011	313	393	0	41	80	0.5125000
NODE_53860_length_455_cov_52.941011	313	393	4	39	80	0.4875000
NODE_53863_length_455_cov_8.584270	250	302	0	52	52	1.0000000
NODE_53863_length_455_cov_8.584270	275	355	0	80	80	1.0000000
NODE_53864_length_455_cov_8.084270	146	226	2	14	80	0.1750000
NODE_53864_length_455_cov_8.084270	146	226	4	34	80	0.4250000
NODE_53864_length_455_cov_8.084270	146	226	6	32	80	0.4000000
NODE_53864_length_455_cov_8.084270	199	279	0	16	80	0.2000000
NODE_53864_length_455_cov_8.084270	199	279	2	14	80	0.1750000
NODE_53864_length_455_cov_8.084270	199	279	4	50	80	0.6250000
NODE_53870_length_455_cov_6.022472	122	203	2	20	81	0.2469136
NODE_53870_length_455_cov_6.022472	122	203	4	61	81	0.7530864
NODE_53872_length_455_cov_5.140449	181	232	0	51	51	1.0000000
NODE_54512_length_453_cov_29.528249	44	124	0	80	80	1.0000000
NODE_54512_length_453_cov_29.528249	97	177	0	80	80	1.0000000
NODE_54512_length_453_cov_29.528249	173	253	0	80	80	1.0000000
NODE_54512_length_453_cov_29.528249	226	301	0	75	75	1.0000000
NODE_54513_length_453_cov_11.146893	95	140	0	45	45	1.0000000
NODE_54513_length_453_cov_11.146893	146	220	0	74	74	1.0000000
NODE_54517_length_453_cov_7.709040	194	252	2	24	58	0.4137931
NODE_54517_length_453_cov_7.709040	194	252	3	29	58	0.5000000
NODE_54517_length_453_cov_7.709040	194	252	4	5	58	0.0862069
NODE_54518_length_453_cov_7.440678	250	319	0	69	69	1.0000000
NODE_54533_length_453_cov_4.282486	190	270	0	80	80	1.0000000
NODE_54533_length_453_cov_4.282486	243	283	0	40	40	1.0000000
NODE_54566_length_453_cov_2.836158	186	266	2	15	80	0.1875000
NODE_54566_length_453_cov_2.836158	186	266	4	5	80	0.0625000
NODE_54566_length_453_cov_2.836158	186	266	6	60	80	0.7500000
NODE_54566_length_453_cov_2.836158	239	319	4	58	80	0.7250000
NODE_54566_length_453_cov_2.836158	239	319	6	22	80	0.2750000
NODE_54592_length_453_cov_2.048023	139	174	0	35	35	1.0000000
NODE_54600_length_453_cov_2.002825	78	98	0	20	20	1.0000000
NODE_54767_length_453_cov_0.774011	174	195	0	21	21	1.0000000
NODE_54822_length_452_cov_36.028329	0	72	0	15	72	0.2083333
NODE_54822_length_452_cov_36.028329	0	72	2	17	72	0.2361111
NODE_54822_length_452_cov_36.028329	0	72	4	40	72	0.5555556
NODE_54822_length_452_cov_36.028329	0	72	0	15	72	0.2083333
NODE_54822_length_452_cov_36.028329	0	72	2	17	72	0.2361111
NODE_54822_length_452_cov_36.028329	0	72	4	40	72	0.5555556
NODE_54822_length_452_cov_36.028329	45	99	4	54	54	1.0000000
NODE_54822_length_452_cov_36.028329	45	125	4	80	80	1.0000000
NODE_54823_length_452_cov_17.424929	29	109	2	60	80	0.7500000
NODE_54823_length_452_cov_17.424929	29	109	4	20	80	0.2500000
NODE_54823_length_452_cov_17.424929	82	162	2	30	80	0.3750000
NODE_54823_length_452_cov_17.424929	82	162	4	50	80	0.6250000
NODE_54844_length_452_cov_4.317280	141	200	0	59	59	1.0000000
NODE_54886_length_452_cov_2.634561	262	338	0	76	76	1.0000000
NODE_55146_length_451_cov_37.090909	230	310	0	7	80	0.0875000
NODE_55146_length_451_cov_37.090909	230	310	1	22	80	0.2750000
NODE_55146_length_451_cov_37.090909	230	310	2	51	80	0.6375000
NODE_55146_length_451_cov_37.090909	283	363	0	60	80	0.7500000
NODE_55146_length_451_cov_37.090909	283	363	1	20	80	0.2500000
NODE_55147_length_451_cov_16.517045	205	286	8	10	81	0.1234568
NODE_55147_length_451_cov_16.517045	205	286	12	9	81	0.1111111
NODE_55147_length_451_cov_16.517045	205	286	14	3	81	0.0370370
NODE_55147_length_451_cov_16.517045	205	286	17	1	81	0.0123457
NODE_55147_length_451_cov_16.517045	205	286	18	23	81	0.2839506
NODE_55147_length_451_cov_16.517045	205	286	20	17	81	0.2098765
NODE_55147_length_451_cov_16.517045	205	286	22	18	81	0.2222222
NODE_55147_length_451_cov_16.517045	259	339	10	36	80	0.4500000
NODE_55147_length_451_cov_16.517045	259	339	14	20	80	0.2500000
NODE_55147_length_451_cov_16.517045	259	339	18	18	80	0.2250000
NODE_55147_length_451_cov_16.517045	259	339	22	6	80	0.0750000
NODE_55148_length_451_cov_13.153409	182	262	13	1	80	0.0125000
NODE_55148_length_451_cov_13.153409	182	262	14	51	80	0.6375000
NODE_55148_length_451_cov_13.153409	182	262	15	24	80	0.3000000
NODE_55148_length_451_cov_13.153409	182	262	16	4	80	0.0500000
NODE_55148_length_451_cov_13.153409	235	315	4	4	80	0.0500000
NODE_55148_length_451_cov_13.153409	235	315	12	44	80	0.5500000
NODE_55148_length_451_cov_13.153409	235	315	13	1	80	0.0125000
NODE_55148_length_451_cov_13.153409	235	315	15	29	80	0.3625000
NODE_55148_length_451_cov_13.153409	235	315	16	2	80	0.0250000
NODE_55149_length_451_cov_11.926136	141	221	2	3	80	0.0375000
NODE_55149_length_451_cov_11.926136	141	221	4	77	80	0.9625000
NODE_55149_length_451_cov_11.926136	331	411	4	80	80	1.0000000
NODE_55154_length_451_cov_7.102273	81	143	0	62	62	1.0000000
NODE_55161_length_451_cov_5.610795	1	31	0	30	30	1.0000000
NODE_55161_length_451_cov_5.610795	60	90	0	30	30	1.0000000
NODE_55166_length_451_cov_5.065341	219	285	4	66	66	1.0000000
NODE_55166_length_451_cov_5.065341	272	322	0	19	50	0.3800000
NODE_55166_length_451_cov_5.065341	272	322	4	31	50	0.6200000
NODE_55184_length_451_cov_3.696023	253	332	2	66	79	0.8354430
NODE_55184_length_451_cov_3.696023	253	332	4	1	79	0.0126582
NODE_55184_length_451_cov_3.696023	253	332	6	12	79	0.1518987
NODE_55188_length_451_cov_3.406250	176	247	2	2	71	0.0281690
NODE_55188_length_451_cov_3.406250	176	247	4	10	71	0.1408451
NODE_55188_length_451_cov_3.406250	176	247	6	3	71	0.0422535
NODE_55188_length_451_cov_3.406250	176	247	10	6	71	0.0845070
NODE_55188_length_451_cov_3.406250	176	247	11	50	71	0.7042254
NODE_55188_length_451_cov_3.406250	220	300	3	10	80	0.1250000
NODE_55188_length_451_cov_3.406250	220	300	5	11	80	0.1375000
NODE_55188_length_451_cov_3.406250	220	300	7	17	80	0.2125000
NODE_55188_length_451_cov_3.406250	220	300	11	42	80	0.5250000
NODE_55198_length_451_cov_3.025568	72	148	2	30	76	0.3947369
NODE_55198_length_451_cov_3.025568	72	148	4	46	76	0.6052632
NODE_55213_length_451_cov_2.607955	84	143	0	59	59	1.0000000
NODE_55213_length_451_cov_2.607955	257	326	4	69	69	1.0000000
NODE_55234_length_451_cov_2.125000	156	224	0	8	68	0.1176471
NODE_55234_length_451_cov_2.125000	156	224	4	5	68	0.0735294
NODE_55234_length_451_cov_2.125000	156	224	6	55	68	0.8088235
NODE_55436_length_450_cov_105.723647	317	386	6	4	69	0.0579710
NODE_55436_length_450_cov_105.723647	317	386	8	5	69	0.0724638
NODE_55436_length_450_cov_105.723647	317	386	18	25	69	0.3623188
NODE_55436_length_450_cov_105.723647	317	386	20	35	69	0.5072464
NODE_55438_length_450_cov_27.982906	98	120	0	22	22	1.0000000
NODE_55438_length_450_cov_27.982906	225	305	2	18	80	0.2250000
NODE_55438_length_450_cov_27.982906	225	305	4	7	80	0.0875000
NODE_55438_length_450_cov_27.982906	225	305	6	55	80	0.6875000
NODE_55438_length_450_cov_27.982906	278	358	0	22	80	0.2750000
NODE_55438_length_450_cov_27.982906	278	358	2	49	80	0.6125000
NODE_55438_length_450_cov_27.982906	278	358	4	7	80	0.0875000
NODE_55438_length_450_cov_27.982906	278	358	6	2	80	0.0250000
NODE_55459_length_450_cov_3.991453	220	290	0	70	70	1.0000000
NODE_55459_length_450_cov_3.991453	223	290	0	67	67	1.0000000
NODE_55459_length_450_cov_3.991453	268	348	0	80	80	1.0000000
NODE_55459_length_450_cov_3.991453	268	348	0	80	80	1.0000000
NODE_55459_length_450_cov_3.991453	278	348	0	70	70	1.0000000
NODE_55459_length_450_cov_3.991453	344	363	0	19	19	1.0000000
NODE_55466_length_450_cov_3.717949	107	177	0	5	70	0.0714286
NODE_55466_length_450_cov_3.717949	107	177	2	65	70	0.9285714
NODE_55483_length_450_cov_3.162393	99	157	0	10	58	0.1724138
NODE_55483_length_450_cov_3.162393	99	157	2	8	58	0.1379310
NODE_55483_length_450_cov_3.162393	99	157	4	40	58	0.6896552
NODE_55550_length_450_cov_1.857550	114	172	12	28	58	0.4827586
NODE_55550_length_450_cov_1.857550	114	172	13	13	58	0.2241379
NODE_55550_length_450_cov_1.857550	114	172	14	17	58	0.2931035
NODE_55560_length_450_cov_1.749288	321	376	0	55	55	1.0000000
NODE_55565_length_450_cov_1.723647	101	161	14	8	60	0.1333333
NODE_55565_length_450_cov_1.723647	101	161	16	7	60	0.1166667
NODE_55565_length_450_cov_1.723647	101	161	18	45	60	0.7500000
NODE_55685_length_450_cov_1.017094	116	196	2	9	80	0.1125000
NODE_55685_length_450_cov_1.017094	116	196	4	3	80	0.0375000
NODE_55685_length_450_cov_1.017094	116	196	5	1	80	0.0125000
NODE_55685_length_450_cov_1.017094	116	196	6	67	80	0.8375000
NODE_55761_length_449_cov_46.882857	237	317	0	33	80	0.4125000
NODE_55761_length_449_cov_46.882857	237	317	10	28	80	0.3500000
NODE_55761_length_449_cov_46.882857	237	317	12	19	80	0.2375000
NODE_55761_length_449_cov_46.882857	290	370	10	8	80	0.1000000
NODE_55761_length_449_cov_46.882857	290	370	12	72	80	0.9000000
NODE_55762_length_449_cov_36.031429	238	318	0	56	80	0.7000000
NODE_55762_length_449_cov_36.031429	238	318	2	24	80	0.3000000
NODE_55762_length_449_cov_36.031429	291	371	0	3	80	0.0375000
NODE_55762_length_449_cov_36.031429	291	371	2	77	80	0.9625000
NODE_55783_length_449_cov_4.594286	137	184	2	15	47	0.3191489
NODE_55783_length_449_cov_4.594286	137	184	4	24	47	0.5106383
NODE_55783_length_449_cov_4.594286	137	184	8	2	47	0.0425532
NODE_55783_length_449_cov_4.594286	137	184	10	6	47	0.1276596
NODE_55794_length_449_cov_3.797143	204	284	4	13	80	0.1625000
NODE_55794_length_449_cov_3.797143	204	284	6	26	80	0.3250000
NODE_55794_length_449_cov_3.797143	204	284	8	41	80	0.5125000
NODE_55844_length_449_cov_2.445714	346	376	0	30	30	1.0000000
NODE_56144_length_448_cov_44.664756	126	206	0	5	80	0.0625000
NODE_56144_length_448_cov_44.664756	126	206	2	3	80	0.0375000
NODE_56144_length_448_cov_44.664756	126	206	4	20	80	0.2500000
NODE_56144_length_448_cov_44.664756	126	206	6	6	80	0.0750000
NODE_56144_length_448_cov_44.664756	126	206	8	12	80	0.1500000
NODE_56144_length_448_cov_44.664756	126	206	10	34	80	0.4250000
NODE_56144_length_448_cov_44.664756	179	259	4	7	80	0.0875000
NODE_56144_length_448_cov_44.664756	179	259	6	12	80	0.1500000
NODE_56144_length_448_cov_44.664756	179	259	8	16	80	0.2000000
NODE_56144_length_448_cov_44.664756	179	259	10	45	80	0.5625000
NODE_56145_length_448_cov_36.148997	195	275	0	80	80	1.0000000
NODE_56145_length_448_cov_36.148997	248	328	0	80	80	1.0000000
NODE_56145_length_448_cov_36.148997	324	404	0	80	80	1.0000000
NODE_56145_length_448_cov_36.148997	377	448	0	71	71	1.0000000
NODE_56146_length_448_cov_31.816619	43	123	10	80	80	1.0000000
NODE_56151_length_448_cov_6.779370	197	277	0	32	80	0.4000000
NODE_56151_length_448_cov_6.779370	197	277	2	34	80	0.4250000
NODE_56151_length_448_cov_6.779370	197	277	4	14	80	0.1750000
NODE_56151_length_448_cov_6.779370	250	313	2	13	63	0.2063492
NODE_56151_length_448_cov_6.779370	250	313	4	50	63	0.7936508
NODE_56180_length_448_cov_3.664756	148	189	0	6	41	0.1463415
NODE_56180_length_448_cov_3.664756	148	189	2	35	41	0.8536586
NODE_56189_length_448_cov_3.108883	242	324	4	34	82	0.4146341
NODE_56189_length_448_cov_3.108883	242	324	6	48	82	0.5853658
NODE_56233_length_448_cov_2.263610	292	360	0	68	68	1.0000000
NODE_56518_length_447_cov_10.505747	205	234	0	29	29	1.0000000
NODE_56518_length_447_cov_10.505747	267	326	0	1	59	0.0169492
NODE_56518_length_447_cov_10.505747	267	326	2	5	59	0.0847458
NODE_56518_length_447_cov_10.505747	267	326	3	18	59	0.3050847
NODE_56518_length_447_cov_10.505747	267	326	4	35	59	0.5932204
NODE_56518_length_447_cov_10.505747	299	379	4	80	80	1.0000000
NODE_56527_length_447_cov_5.767241	176	256	7	42	80	0.5250000
NODE_56527_length_447_cov_5.767241	176	256	8	5	80	0.0625000
NODE_56527_length_447_cov_5.767241	176	256	9	31	80	0.3875000
NODE_56527_length_447_cov_5.767241	176	256	10	2	80	0.0250000
NODE_56527_length_447_cov_5.767241	229	309	2	21	80	0.2625000
NODE_56527_length_447_cov_5.767241	229	309	6	1	80	0.0125000
NODE_56527_length_447_cov_5.767241	229	309	7	32	80	0.4000000
NODE_56527_length_447_cov_5.767241	229	309	9	26	80	0.3250000
NODE_56539_length_447_cov_4.583333	265	289	0	24	24	1.0000000
NODE_56545_length_447_cov_4.037356	58	138	0	80	80	1.0000000
NODE_56545_length_447_cov_4.037356	111	191	0	80	80	1.0000000
NODE_56890_length_446_cov_42.527378	239	310	6	1	71	0.0140845
NODE_56890_length_446_cov_42.527378	239	310	14	2	71	0.0281690
NODE_56890_length_446_cov_42.527378	239	310	16	8	71	0.1126761
NODE_56890_length_446_cov_42.527378	239	310	20	2	71	0.0281690
NODE_56890_length_446_cov_42.527378	239	310	22	7	71	0.0985916
NODE_56890_length_446_cov_42.527378	239	310	26	27	71	0.3802817
NODE_56890_length_446_cov_42.527378	239	310	28	10	71	0.1408451
NODE_56890_length_446_cov_42.527378	239	310	29	3	71	0.0422535
NODE_56890_length_446_cov_42.527378	239	310	31	2	71	0.0281690
NODE_56890_length_446_cov_42.527378	239	310	32	3	71	0.0422535
NODE_56890_length_446_cov_42.527378	239	310	36	2	71	0.0281690
NODE_56890_length_446_cov_42.527378	239	310	54	2	71	0.0281690
NODE_56890_length_446_cov_42.527378	239	310	56	2	71	0.0281690
NODE_56890_length_446_cov_42.527378	359	433	14	11	74	0.1486486
NODE_56890_length_446_cov_42.527378	359	433	16	7	74	0.0945946
NODE_56890_length_446_cov_42.527378	359	433	36	1	74	0.0135135
NODE_56890_length_446_cov_42.527378	359	433	38	3	74	0.0405405
NODE_56890_length_446_cov_42.527378	359	433	40	19	74	0.2567568
NODE_56890_length_446_cov_42.527378	359	433	42	9	74	0.1216216
NODE_56890_length_446_cov_42.527378	359	433	46	1	74	0.0135135
NODE_56890_length_446_cov_42.527378	359	433	50	19	74	0.2567568
NODE_56890_length_446_cov_42.527378	359	433	52	4	74	0.0540541
NODE_56891_length_446_cov_12.749280	92	172	0	80	80	1.0000000
NODE_56891_length_446_cov_12.749280	145	225	0	46	80	0.5750000
NODE_56891_length_446_cov_12.749280	145	225	2	34	80	0.4250000
NODE_56896_length_446_cov_6.902017	175	217	4	42	42	1.0000000
NODE_56902_length_446_cov_5.930836	165	245	0	46	80	0.5750000
NODE_56902_length_446_cov_5.930836	165	245	2	34	80	0.4250000
NODE_56902_length_446_cov_5.930836	165	245	0	46	80	0.5750000
NODE_56902_length_446_cov_5.930836	165	245	2	34	80	0.4250000
NODE_56902_length_446_cov_5.930836	165	235	0	46	70	0.6571429
NODE_56902_length_446_cov_5.930836	165	235	2	24	70	0.3428572
NODE_56902_length_446_cov_5.930836	218	298	2	80	80	1.0000000
NODE_56902_length_446_cov_5.930836	218	297	2	79	79	1.0000000
NODE_56919_length_446_cov_3.896254	215	274	4	22	59	0.3728814
NODE_56919_length_446_cov_3.896254	215	274	10	37	59	0.6271186
NODE_56934_length_446_cov_3.282421	130	168	0	38	38	1.0000000
NODE_56952_length_446_cov_2.775216	337	417	0	80	80	1.0000000
NODE_56995_length_446_cov_2.161383	17	97	0	80	80	1.0000000
NODE_57022_length_446_cov_1.907781	196	225	0	5	29	0.1724138
NODE_57022_length_446_cov_1.907781	196	225	2	24	29	0.8275862
NODE_57277_length_445_cov_75.572254	108	188	0	52	80	0.6500000
NODE_57277_length_445_cov_75.572254	108	188	2	28	80	0.3500000
NODE_57277_length_445_cov_75.572254	161	241	0	27	80	0.3375000
NODE_57277_length_445_cov_75.572254	161	241	2	52	80	0.6500000
NODE_57277_length_445_cov_75.572254	161	241	4	1	80	0.0125000
NODE_57277_length_445_cov_75.572254	237	317	0	3	80	0.0375000
NODE_57277_length_445_cov_75.572254	237	317	4	45	80	0.5625000
NODE_57277_length_445_cov_75.572254	237	317	6	4	80	0.0500000
NODE_57277_length_445_cov_75.572254	237	317	8	3	80	0.0375000
NODE_57277_length_445_cov_75.572254	237	317	12	25	80	0.3125000
NODE_57277_length_445_cov_75.572254	290	370	6	25	80	0.3125000
NODE_57277_length_445_cov_75.572254	290	370	8	31	80	0.3875000
NODE_57277_length_445_cov_75.572254	290	370	12	24	80	0.3000000
NODE_57278_length_445_cov_33.973988	83	163	0	42	80	0.5250000
NODE_57278_length_445_cov_33.973988	83	163	2	7	80	0.0875000
NODE_57278_length_445_cov_33.973988	83	163	4	24	80	0.3000000
NODE_57278_length_445_cov_33.973988	83	163	8	7	80	0.0875000
NODE_57278_length_445_cov_33.973988	136	216	4	25	80	0.3125000
NODE_57278_length_445_cov_33.973988	136	216	6	20	80	0.2500000
NODE_57278_length_445_cov_33.973988	136	216	8	35	80	0.4375000
NODE_57280_length_445_cov_9.323699	78	148	0	70	70	1.0000000
NODE_57280_length_445_cov_9.323699	121	201	0	80	80	1.0000000
NODE_57284_length_445_cov_6.439306	210	282	8	72	72	1.0000000
NODE_57286_length_445_cov_5.479769	115	184	0	50	69	0.7246377
NODE_57286_length_445_cov_5.479769	115	184	2	19	69	0.2753623
NODE_57286_length_445_cov_5.479769	157	237	0	8	80	0.1000000
NODE_57286_length_445_cov_5.479769	157	237	2	72	80	0.9000000
NODE_57286_length_445_cov_5.479769	233	309	0	68	76	0.8947368
NODE_57286_length_445_cov_5.479769	233	309	2	8	76	0.1052632
NODE_57286_length_445_cov_5.479769	286	309	0	23	23	1.0000000
NODE_57345_length_445_cov_2.843931	124	199	0	75	75	1.0000000
NODE_57352_length_445_cov_2.682081	202	248	0	10	46	0.2173913
NODE_57352_length_445_cov_2.682081	202	248	1	1	46	0.0217391
NODE_57352_length_445_cov_2.682081	202	248	2	35	46	0.7608696
NODE_57400_length_445_cov_1.884393	252	332	0	80	80	1.0000000
NODE_57409_length_445_cov_1.783237	132	203	0	1	71	0.0140845
NODE_57409_length_445_cov_1.783237	132	203	2	49	71	0.6901408
NODE_57409_length_445_cov_1.783237	132	203	6	21	71	0.2957746
NODE_57409_length_445_cov_1.783237	256	331	0	11	75	0.1466667
NODE_57409_length_445_cov_1.783237	256	331	4	38	75	0.5066667
NODE_57409_length_445_cov_1.783237	256	331	6	26	75	0.3466667
NODE_57409_length_445_cov_1.783237	256	278	6	22	22	1.0000000
NODE_57644_length_444_cov_34.075362	243	323	2	33	80	0.4125000
NODE_57644_length_444_cov_34.075362	243	323	6	9	80	0.1125000
NODE_57644_length_444_cov_34.075362	243	323	8	38	80	0.4750000
NODE_57644_length_444_cov_34.075362	296	376	6	62	80	0.7750000
NODE_57644_length_444_cov_34.075362	296	376	8	18	80	0.2250000
NODE_57645_length_444_cov_22.524638	98	178	0	30	80	0.3750000
NODE_57645_length_444_cov_22.524638	98	178	2	50	80	0.6250000
NODE_57645_length_444_cov_22.524638	151	231	0	80	80	1.0000000
NODE_57646_length_444_cov_16.544928	263	343	2	80	80	1.0000000
NODE_57646_length_444_cov_16.544928	316	396	0	52	80	0.6500000
NODE_57646_length_444_cov_16.544928	316	396	2	28	80	0.3500000
NODE_57647_length_444_cov_12.684058	293	373	0	80	80	1.0000000
NODE_57647_length_444_cov_12.684058	346	426	0	80	80	1.0000000
NODE_57649_length_444_cov_9.284058	176	256	0	80	80	1.0000000
NODE_57649_length_444_cov_9.284058	229	309	0	80	80	1.0000000
NODE_57666_length_444_cov_5.159420	170	241	0	71	71	1.0000000
NODE_57668_length_444_cov_5.060870	201	245	13	17	44	0.3863636
NODE_57668_length_444_cov_5.060870	201	245	15	3	44	0.0681818
NODE_57668_length_444_cov_5.060870	201	245	16	15	44	0.3409091
NODE_57668_length_444_cov_5.060870	201	245	18	9	44	0.2045455
NODE_57668_length_444_cov_5.060870	218	298	6	8	80	0.1000000
NODE_57668_length_444_cov_5.060870	218	298	14	6	80	0.0750000
NODE_57668_length_444_cov_5.060870	218	298	15	3	80	0.0375000
NODE_57668_length_444_cov_5.060870	218	298	16	40	80	0.5000000
NODE_57668_length_444_cov_5.060870	218	298	18	23	80	0.2875000
NODE_57717_length_444_cov_2.744928	73	136	0	63	63	1.0000000
NODE_57770_length_444_cov_2.028986	46	113	10	2	67	0.0298507
NODE_57770_length_444_cov_2.028986	46	113	12	2	67	0.0298507
NODE_57770_length_444_cov_2.028986	46	113	15	1	67	0.0149254
NODE_57770_length_444_cov_2.028986	46	113	16	8	67	0.1194030
NODE_57770_length_444_cov_2.028986	46	113	18	17	67	0.2537313
NODE_57770_length_444_cov_2.028986	46	113	20	9	67	0.1343284
NODE_57770_length_444_cov_2.028986	46	113	22	6	67	0.0895522
NODE_57770_length_444_cov_2.028986	46	113	24	1	67	0.0149254
NODE_57770_length_444_cov_2.028986	46	113	26	6	67	0.0895522
NODE_57770_length_444_cov_2.028986	46	113	28	5	67	0.0746269
NODE_57770_length_444_cov_2.028986	46	113	31	1	67	0.0149254
NODE_57770_length_444_cov_2.028986	46	113	32	9	67	0.1343284
NODE_57770_length_444_cov_2.028986	86	166	20	2	80	0.0250000
NODE_57770_length_444_cov_2.028986	86	166	22	6	80	0.0750000
NODE_57770_length_444_cov_2.028986	86	166	24	15	80	0.1875000
NODE_57770_length_444_cov_2.028986	86	166	26	11	80	0.1375000
NODE_57770_length_444_cov_2.028986	86	166	28	15	80	0.1875000
NODE_57770_length_444_cov_2.028986	86	166	30	1	80	0.0125000
NODE_57770_length_444_cov_2.028986	86	166	31	1	80	0.0125000
NODE_57770_length_444_cov_2.028986	86	166	32	29	80	0.3625000
NODE_57873_length_444_cov_1.234783	335	407	0	72	72	1.0000000
NODE_57892_length_444_cov_1.173913	7	87	0	80	80	1.0000000
NODE_58026_length_443_cov_71.284884	209	289	3	27	80	0.3375000
NODE_58026_length_443_cov_71.284884	209	289	5	44	80	0.5500000
NODE_58026_length_443_cov_71.284884	209	289	6	9	80	0.1125000
NODE_58026_length_443_cov_71.284884	262	342	2	2	80	0.0250000
NODE_58026_length_443_cov_71.284884	262	342	4	1	80	0.0125000
NODE_58026_length_443_cov_71.284884	262	342	5	18	80	0.2250000
NODE_58026_length_443_cov_71.284884	262	342	6	59	80	0.7375000
NODE_58026_length_443_cov_71.284884	338	418	2	2	80	0.0250000
NODE_58026_length_443_cov_71.284884	338	418	6	78	80	0.9750000
NODE_58026_length_443_cov_71.284884	391	443	0	12	52	0.2307692
NODE_58026_length_443_cov_71.284884	391	443	2	15	52	0.2884615
NODE_58026_length_443_cov_71.284884	391	443	6	25	52	0.4807692
NODE_58027_length_443_cov_68.973837	314	394	0	17	80	0.2125000
NODE_58027_length_443_cov_68.973837	314	394	4	63	80	0.7875000
NODE_58027_length_443_cov_68.973837	367	443	4	76	76	1.0000000
NODE_58028_length_443_cov_61.116279	34	114	0	30	80	0.3750000
NODE_58028_length_443_cov_61.116279	34	114	8	7	80	0.0875000
NODE_58028_length_443_cov_61.116279	34	114	21	1	80	0.0125000
NODE_58028_length_443_cov_61.116279	34	114	22	42	80	0.5250000
NODE_58028_length_443_cov_61.116279	87	167	22	80	80	1.0000000
NODE_58041_length_443_cov_4.895349	127	207	0	80	80	1.0000000
NODE_58086_length_443_cov_2.581395	121	195	0	74	74	1.0000000
NODE_58088_length_443_cov_2.508721	297	347	0	50	50	1.0000000
NODE_58088_length_443_cov_2.508721	320	395	0	75	75	1.0000000
NODE_58091_length_443_cov_2.456395	114	192	0	78	78	1.0000000
NODE_58091_length_443_cov_2.456395	118	141	0	23	23	1.0000000
NODE_58237_length_443_cov_1.151163	144	224	2	36	80	0.4500000
NODE_58237_length_443_cov_1.151163	144	224	4	44	80	0.5500000
NODE_58321_length_443_cov_0.715116	52	104	0	52	52	1.0000000
NODE_58321_length_443_cov_0.715116	105	146	0	41	41	1.0000000
NODE_58346_length_442_cov_42.956268	290	375	6	11	85	0.1294118
NODE_58346_length_442_cov_42.956268	290	375	8	9	85	0.1058824
NODE_58346_length_442_cov_42.956268	290	375	10	1	85	0.0117647
NODE_58346_length_442_cov_42.956268	290	375	12	47	85	0.5529412
NODE_58346_length_442_cov_42.956268	290	375	14	17	85	0.2000000
NODE_58346_length_442_cov_42.956268	290	375	6	11	85	0.1294118
NODE_58346_length_442_cov_42.956268	290	375	8	9	85	0.1058824
NODE_58346_length_442_cov_42.956268	290	375	10	1	85	0.0117647
NODE_58346_length_442_cov_42.956268	290	375	12	47	85	0.5529412
NODE_58346_length_442_cov_42.956268	290	375	14	17	85	0.2000000
NODE_58347_length_442_cov_24.093294	225	305	4	22	80	0.2750000
NODE_58347_length_442_cov_24.093294	225	305	6	48	80	0.6000000
NODE_58347_length_442_cov_24.093294	225	305	9	7	80	0.0875000
NODE_58347_length_442_cov_24.093294	225	305	10	3	80	0.0375000
NODE_58347_length_442_cov_24.093294	278	358	4	6	80	0.0750000
NODE_58347_length_442_cov_24.093294	278	358	6	34	80	0.4250000
NODE_58347_length_442_cov_24.093294	278	358	8	29	80	0.3625000
NODE_58347_length_442_cov_24.093294	278	358	9	7	80	0.0875000
NODE_58347_length_442_cov_24.093294	278	358	10	4	80	0.0500000
NODE_58348_length_442_cov_8.956268	173	192	0	11	19	0.5789474
NODE_58348_length_442_cov_8.956268	173	192	2	1	19	0.0526316
NODE_58348_length_442_cov_8.956268	173	192	3	1	19	0.0526316
NODE_58348_length_442_cov_8.956268	173	192	4	6	19	0.3157895
NODE_58361_length_442_cov_5.052478	213	293	4	11	80	0.1375000
NODE_58361_length_442_cov_5.052478	213	293	6	69	80	0.8625000
NODE_58361_length_442_cov_5.052478	266	346	0	20	80	0.2500000
NODE_58361_length_442_cov_5.052478	266	346	2	12	80	0.1500000
NODE_58361_length_442_cov_5.052478	266	346	6	48	80	0.6000000
NODE_58376_length_442_cov_3.871720	297	372	2	23	75	0.3066667
NODE_58376_length_442_cov_3.871720	297	372	4	52	75	0.6933333
NODE_58376_length_442_cov_3.871720	360	413	2	9	53	0.1698113
NODE_58376_length_442_cov_3.871720	360	413	4	44	53	0.8301887
NODE_58378_length_442_cov_3.804665	211	244	0	31	33	0.9393939
NODE_58378_length_442_cov_3.804665	211	244	2	2	33	0.0606061
NODE_58405_length_442_cov_3.206997	149	217	0	11	68	0.1617647
NODE_58405_length_442_cov_3.206997	149	217	2	57	68	0.8382353
NODE_58438_length_442_cov_2.434402	203	274	18	71	71	1.0000000
NODE_58438_length_442_cov_2.434402	247	327	10	2	80	0.0250000
NODE_58438_length_442_cov_2.434402	247	327	14	1	80	0.0125000
NODE_58438_length_442_cov_2.434402	247	327	16	3	80	0.0375000
NODE_58438_length_442_cov_2.434402	247	327	18	74	80	0.9250000
NODE_58503_length_442_cov_1.746356	95	161	4	66	66	1.0000000
NODE_58503_length_442_cov_1.746356	95	122	4	27	27	1.0000000
NODE_58759_length_441_cov_21.877193	28	108	2	66	80	0.8250000
NODE_58759_length_441_cov_21.877193	28	108	4	14	80	0.1750000
NODE_58759_length_441_cov_21.877193	81	161	2	22	80	0.2750000
NODE_58759_length_441_cov_21.877193	81	161	3	6	80	0.0750000
NODE_58759_length_441_cov_21.877193	81	161	4	52	80	0.6500000
NODE_58760_length_441_cov_13.546784	152	232	4	6	80	0.0750000
NODE_58760_length_441_cov_13.546784	152	232	6	6	80	0.0750000
NODE_58760_length_441_cov_13.546784	152	232	13	59	80	0.7375000
NODE_58760_length_441_cov_13.546784	152	232	14	9	80	0.1125000
NODE_58760_length_441_cov_13.546784	205	285	8	21	80	0.2625000
NODE_58760_length_441_cov_13.546784	205	285	10	8	80	0.1000000
NODE_58760_length_441_cov_13.546784	205	285	13	51	80	0.6375000
NODE_58771_length_441_cov_5.710526	200	280	0	80	80	1.0000000
NODE_58771_length_441_cov_5.710526	253	333	0	80	80	1.0000000
NODE_58817_length_441_cov_3.096491	240	324	0	84	84	1.0000000
NODE_58820_length_441_cov_3.023392	105	163	0	58	58	1.0000000
NODE_58852_length_441_cov_2.438596	19	99	0	80	80	1.0000000
NODE_58852_length_441_cov_2.438596	72	126	0	54	54	1.0000000
NODE_58970_length_441_cov_1.435673	105	156	0	51	51	1.0000000
NODE_59142_length_440_cov_43.131965	122	202	16	19	80	0.2375000
NODE_59142_length_440_cov_43.131965	122	202	20	14	80	0.1750000
NODE_59142_length_440_cov_43.131965	122	202	22	4	80	0.0500000
NODE_59142_length_440_cov_43.131965	122	202	24	15	80	0.1875000
NODE_59142_length_440_cov_43.131965	122	202	26	28	80	0.3500000
NODE_59142_length_440_cov_43.131965	175	255	10	9	80	0.1125000
NODE_59142_length_440_cov_43.131965	175	255	11	4	80	0.0500000
NODE_59142_length_440_cov_43.131965	175	255	12	6	80	0.0750000
NODE_59142_length_440_cov_43.131965	175	255	14	3	80	0.0375000
NODE_59142_length_440_cov_43.131965	175	255	15	3	80	0.0375000
NODE_59142_length_440_cov_43.131965	175	255	16	8	80	0.1000000
NODE_59142_length_440_cov_43.131965	175	255	17	6	80	0.0750000
NODE_59142_length_440_cov_43.131965	175	255	19	3	80	0.0375000
NODE_59142_length_440_cov_43.131965	175	255	20	7	80	0.0875000
NODE_59142_length_440_cov_43.131965	175	255	21	5	80	0.0625000
NODE_59142_length_440_cov_43.131965	175	255	22	4	80	0.0500000
NODE_59142_length_440_cov_43.131965	175	255	26	22	80	0.2750000
NODE_59142_length_440_cov_43.131965	251	331	8	6	80	0.0750000
NODE_59142_length_440_cov_43.131965	251	331	10	9	80	0.1125000
NODE_59142_length_440_cov_43.131965	251	331	14	13	80	0.1625000
NODE_59142_length_440_cov_43.131965	251	331	15	7	80	0.0875000
NODE_59142_length_440_cov_43.131965	251	331	16	25	80	0.3125000
NODE_59142_length_440_cov_43.131965	251	331	18	15	80	0.1875000
NODE_59142_length_440_cov_43.131965	251	331	19	5	80	0.0625000
NODE_59142_length_440_cov_43.131965	304	384	8	5	80	0.0625000
NODE_59142_length_440_cov_43.131965	304	384	14	4	80	0.0500000
NODE_59142_length_440_cov_43.131965	304	384	15	17	80	0.2125000
NODE_59142_length_440_cov_43.131965	304	384	16	44	80	0.5500000
NODE_59142_length_440_cov_43.131965	304	384	18	10	80	0.1250000
NODE_59143_length_440_cov_42.929619	116	196	7	32	80	0.4000000
NODE_59143_length_440_cov_42.929619	116	196	8	48	80	0.6000000
NODE_59143_length_440_cov_42.929619	169	249	0	24	80	0.3000000
NODE_59143_length_440_cov_42.929619	169	249	7	1	80	0.0125000
NODE_59143_length_440_cov_42.929619	169	249	8	55	80	0.6875000
NODE_59147_length_440_cov_8.164223	45	125	0	80	80	1.0000000
NODE_59147_length_440_cov_8.164223	98	178	0	80	80	1.0000000
NODE_59157_length_440_cov_5.193548	146	210	6	5	64	0.0781250
NODE_59157_length_440_cov_5.193548	146	210	8	36	64	0.5625000
NODE_59157_length_440_cov_5.193548	146	210	9	23	64	0.3593750
NODE_59157_length_440_cov_5.193548	146	210	6	5	64	0.0781250
NODE_59157_length_440_cov_5.193548	146	210	8	36	64	0.5625000
NODE_59157_length_440_cov_5.193548	146	210	9	23	64	0.3593750
NODE_59157_length_440_cov_5.193548	146	210	6	5	64	0.0781250
NODE_59157_length_440_cov_5.193548	146	210	8	36	64	0.5625000
NODE_59157_length_440_cov_5.193548	146	210	9	23	64	0.3593750
NODE_59164_length_440_cov_4.595308	153	233	4	14	80	0.1750000
NODE_59164_length_440_cov_4.595308	153	233	6	1	80	0.0125000
NODE_59164_length_440_cov_4.595308	153	233	8	65	80	0.8125000
NODE_59164_length_440_cov_4.595308	153	180	8	27	27	1.0000000
NODE_59188_length_440_cov_3.431085	84	150	8	59	66	0.8939394
NODE_59188_length_440_cov_3.431085	84	150	10	7	66	0.1060606
NODE_59191_length_440_cov_3.331378	139	195	6	10	56	0.1785714
NODE_59191_length_440_cov_3.331378	139	195	12	3	56	0.0535714
NODE_59191_length_440_cov_3.331378	139	195	14	43	56	0.7678571
NODE_59517_length_439_cov_76.552941	0	68	0	34	68	0.5000000
NODE_59517_length_439_cov_76.552941	0	68	2	23	68	0.3382353
NODE_59517_length_439_cov_76.552941	0	68	4	11	68	0.1617647
NODE_59517_length_439_cov_76.552941	0	68	0	34	68	0.5000000
NODE_59517_length_439_cov_76.552941	0	68	2	23	68	0.3382353
NODE_59517_length_439_cov_76.552941	0	68	4	11	68	0.1617647
NODE_59517_length_439_cov_76.552941	0	68	0	34	68	0.5000000
NODE_59517_length_439_cov_76.552941	0	68	2	23	68	0.3382353
NODE_59517_length_439_cov_76.552941	0	68	4	11	68	0.1617647
NODE_59517_length_439_cov_76.552941	1	68	0	33	67	0.4925373
NODE_59517_length_439_cov_76.552941	1	68	2	23	67	0.3432836
NODE_59517_length_439_cov_76.552941	1	68	4	11	67	0.1641791
NODE_59517_length_439_cov_76.552941	64	144	4	5	80	0.0625000
NODE_59517_length_439_cov_76.552941	64	144	6	12	80	0.1500000
NODE_59517_length_439_cov_76.552941	64	144	10	11	80	0.1375000
NODE_59517_length_439_cov_76.552941	64	144	12	12	80	0.1500000
NODE_59517_length_439_cov_76.552941	64	144	13	35	80	0.4375000
NODE_59517_length_439_cov_76.552941	64	144	15	5	80	0.0625000
NODE_59517_length_439_cov_76.552941	64	144	4	5	80	0.0625000
NODE_59517_length_439_cov_76.552941	64	144	6	12	80	0.1500000
NODE_59517_length_439_cov_76.552941	64	144	10	11	80	0.1375000
NODE_59517_length_439_cov_76.552941	64	144	12	12	80	0.1500000
NODE_59517_length_439_cov_76.552941	64	144	13	35	80	0.4375000
NODE_59517_length_439_cov_76.552941	64	144	15	5	80	0.0625000
NODE_59517_length_439_cov_76.552941	117	197	8	5	80	0.0625000
NODE_59517_length_439_cov_76.552941	117	197	9	1	80	0.0125000
NODE_59517_length_439_cov_76.552941	117	197	10	27	80	0.3375000
NODE_59517_length_439_cov_76.552941	117	197	11	7	80	0.0875000
NODE_59517_length_439_cov_76.552941	117	197	13	35	80	0.4375000
NODE_59517_length_439_cov_76.552941	117	197	15	5	80	0.0625000
NODE_59517_length_439_cov_76.552941	117	195	8	3	78	0.0384615
NODE_59517_length_439_cov_76.552941	117	195	9	1	78	0.0128205
NODE_59517_length_439_cov_76.552941	117	195	10	27	78	0.3461539
NODE_59517_length_439_cov_76.552941	117	195	11	7	78	0.0897436
NODE_59517_length_439_cov_76.552941	117	195	13	35	78	0.4487180
NODE_59517_length_439_cov_76.552941	117	195	15	5	78	0.0641026
NODE_59533_length_439_cov_4.408824	174	238	0	64	64	1.0000000
NODE_59536_length_439_cov_4.255882	258	318	4	60	60	1.0000000
NODE_59560_length_439_cov_3.011765	57	128	24	20	71	0.2816902
NODE_59560_length_439_cov_3.011765	57	128	26	25	71	0.3521127
NODE_59560_length_439_cov_3.011765	57	128	27	2	71	0.0281690
NODE_59560_length_439_cov_3.011765	57	128	29	1	71	0.0140845
NODE_59560_length_439_cov_3.011765	57	128	31	20	71	0.2816902
NODE_59560_length_439_cov_3.011765	57	128	32	3	71	0.0422535
NODE_59560_length_439_cov_3.011765	101	140	26	1	39	0.0256410
NODE_59560_length_439_cov_3.011765	101	140	27	2	39	0.0512821
NODE_59560_length_439_cov_3.011765	101	140	29	6	39	0.1538462
NODE_59560_length_439_cov_3.011765	101	140	31	27	39	0.6923077
NODE_59560_length_439_cov_3.011765	101	140	32	3	39	0.0769231
NODE_59592_length_439_cov_2.252941	227	269	0	42	42	1.0000000
NODE_59599_length_439_cov_2.135294	116	179	0	27	63	0.4285714
NODE_59599_length_439_cov_2.135294	116	179	2	36	63	0.5714286
NODE_59617_length_439_cov_1.929412	388	439	0	51	51	1.0000000
NODE_59897_length_438_cov_29.952802	196	276	0	48	80	0.6000000
NODE_59897_length_438_cov_29.952802	196	276	1	1	80	0.0125000
NODE_59897_length_438_cov_29.952802	196	276	2	31	80	0.3875000
NODE_59897_length_438_cov_29.952802	249	329	0	80	80	1.0000000
NODE_59898_length_438_cov_16.330383	225	305	2	6	80	0.0750000
NODE_59898_length_438_cov_16.330383	225	305	4	68	80	0.8500000
NODE_59898_length_438_cov_16.330383	225	305	6	6	80	0.0750000
NODE_59898_length_438_cov_16.330383	278	358	0	47	80	0.5875000
NODE_59898_length_438_cov_16.330383	278	358	2	12	80	0.1500000
NODE_59898_length_438_cov_16.330383	278	358	4	21	80	0.2625000
NODE_59899_length_438_cov_15.436578	74	154	0	80	80	1.0000000
NODE_59899_length_438_cov_15.436578	127	207	0	80	80	1.0000000
NODE_59901_length_438_cov_9.306785	256	309	0	53	53	1.0000000
NODE_59901_length_438_cov_9.306785	282	327	0	45	45	1.0000000
NODE_59916_length_438_cov_4.808260	46	133	4	9	87	0.1034483
NODE_59916_length_438_cov_4.808260	46	133	8	13	87	0.1494253
NODE_59916_length_438_cov_4.808260	46	133	9	8	87	0.0919540
NODE_59916_length_438_cov_4.808260	46	133	11	4	87	0.0459770
NODE_59916_length_438_cov_4.808260	46	133	12	36	87	0.4137931
NODE_59916_length_438_cov_4.808260	46	133	13	14	87	0.1609195
NODE_59916_length_438_cov_4.808260	46	133	14	3	87	0.0344828
NODE_59916_length_438_cov_4.808260	106	186	8	25	80	0.3125000
NODE_59916_length_438_cov_4.808260	106	186	10	3	80	0.0375000
NODE_59916_length_438_cov_4.808260	106	186	12	51	80	0.6375000
NODE_59916_length_438_cov_4.808260	106	186	13	1	80	0.0125000
NODE_59920_length_438_cov_4.622419	135	184	0	1	49	0.0204082
NODE_59920_length_438_cov_4.622419	135	184	2	48	49	0.9795918
NODE_59936_length_438_cov_3.651917	86	166	0	35	80	0.4375000
NODE_59936_length_438_cov_3.651917	86	166	1	27	80	0.3375000
NODE_59936_length_438_cov_3.651917	86	166	2	10	80	0.1250000
NODE_59936_length_438_cov_3.651917	86	166	4	8	80	0.1000000
NODE_59936_length_438_cov_3.651917	139	219	1	9	80	0.1125000
NODE_59936_length_438_cov_3.651917	139	219	2	10	80	0.1250000
NODE_59936_length_438_cov_3.651917	139	219	4	61	80	0.7625000
NODE_59952_length_438_cov_3.109145	215	273	0	58	58	1.0000000
NODE_59957_length_438_cov_3.005900	175	258	0	83	83	1.0000000
NODE_60317_length_437_cov_57.260355	272	352	0	80	80	1.0000000
NODE_60317_length_437_cov_57.260355	325	405	0	80	80	1.0000000
NODE_60318_length_437_cov_40.964497	0	73	0	44	73	0.6027398
NODE_60318_length_437_cov_40.964497	0	73	6	29	73	0.3972603
NODE_60318_length_437_cov_40.964497	46	126	6	80	80	1.0000000
NODE_60319_length_437_cov_30.843195	140	220	0	50	80	0.6250000
NODE_60319_length_437_cov_30.843195	140	220	2	30	80	0.3750000
NODE_60319_length_437_cov_30.843195	193	273	2	80	80	1.0000000
NODE_60320_length_437_cov_14.736686	164	244	0	73	80	0.9125000
NODE_60320_length_437_cov_14.736686	164	244	2	7	80	0.0875000
NODE_60320_length_437_cov_14.736686	217	297	0	20	80	0.2500000
NODE_60320_length_437_cov_14.736686	217	297	2	60	80	0.7500000
NODE_60331_length_437_cov_6.032544	249	320	0	71	71	1.0000000
NODE_60332_length_437_cov_6.020710	272	352	2	12	80	0.1500000
NODE_60332_length_437_cov_6.020710	272	352	4	22	80	0.2750000
NODE_60332_length_437_cov_6.020710	272	352	6	46	80	0.5750000
NODE_60332_length_437_cov_6.020710	325	405	3	18	80	0.2250000
NODE_60332_length_437_cov_6.020710	325	405	4	11	80	0.1375000
NODE_60332_length_437_cov_6.020710	325	405	6	51	80	0.6375000
NODE_60336_length_437_cov_5.526627	129	209	0	80	80	1.0000000
NODE_60336_length_437_cov_5.526627	182	262	0	80	80	1.0000000
NODE_60348_length_437_cov_4.505917	247	327	0	29	80	0.3625000
NODE_60348_length_437_cov_4.505917	247	327	2	51	80	0.6375000
NODE_60361_length_437_cov_3.470414	204	259	0	55	55	1.0000000
NODE_60369_length_437_cov_3.301775	95	149	10	7	54	0.1296296
NODE_60369_length_437_cov_3.301775	95	149	12	19	54	0.3518519
NODE_60369_length_437_cov_3.301775	95	149	14	28	54	0.5185185
NODE_60381_length_437_cov_2.911243	91	171	0	14	80	0.1750000
NODE_60381_length_437_cov_2.911243	91	171	2	28	80	0.3500000
NODE_60381_length_437_cov_2.911243	91	171	3	38	80	0.4750000
NODE_60400_length_437_cov_2.650888	190	239	0	47	49	0.9591837
NODE_60400_length_437_cov_2.650888	190	239	2	2	49	0.0408163
NODE_60400_length_437_cov_2.650888	212	292	0	25	80	0.3125000
NODE_60400_length_437_cov_2.650888	212	292	2	55	80	0.6875000
NODE_60411_length_437_cov_2.514793	292	333	2	2	41	0.0487805
NODE_60411_length_437_cov_2.514793	292	333	4	39	41	0.9512195
NODE_60509_length_437_cov_1.473373	252	324	2	19	72	0.2638889
NODE_60509_length_437_cov_1.473373	252	324	4	53	72	0.7361111
NODE_60709_length_436_cov_125.940653	204	284	36	1	80	0.0125000
NODE_60709_length_436_cov_125.940653	204	284	38	2	80	0.0250000
NODE_60709_length_436_cov_125.940653	204	284	42	1	80	0.0125000
NODE_60709_length_436_cov_125.940653	204	284	46	5	80	0.0625000
NODE_60709_length_436_cov_125.940653	204	284	48	1	80	0.0125000
NODE_60709_length_436_cov_125.940653	204	284	50	1	80	0.0125000
NODE_60709_length_436_cov_125.940653	204	284	51	3	80	0.0375000
NODE_60709_length_436_cov_125.940653	204	284	52	23	80	0.2875000
NODE_60709_length_436_cov_125.940653	204	284	53	13	80	0.1625000
NODE_60709_length_436_cov_125.940653	204	284	54	5	80	0.0625000
NODE_60709_length_436_cov_125.940653	204	284	55	7	80	0.0875000
NODE_60709_length_436_cov_125.940653	204	284	56	8	80	0.1000000
NODE_60709_length_436_cov_125.940653	204	284	58	10	80	0.1250000
NODE_60709_length_436_cov_125.940653	255	301	31	1	46	0.0217391
NODE_60709_length_436_cov_125.940653	255	301	33	2	46	0.0434783
NODE_60709_length_436_cov_125.940653	255	301	37	2	46	0.0434783
NODE_60709_length_436_cov_125.940653	255	301	39	8	46	0.1739130
NODE_60709_length_436_cov_125.940653	255	301	44	1	46	0.0217391
NODE_60709_length_436_cov_125.940653	255	301	45	1	46	0.0217391
NODE_60709_length_436_cov_125.940653	255	301	47	1	46	0.0217391
NODE_60709_length_436_cov_125.940653	255	301	48	2	46	0.0434783
NODE_60709_length_436_cov_125.940653	255	301	51	2	46	0.0434783
NODE_60709_length_436_cov_125.940653	255	301	52	7	46	0.1521739
NODE_60709_length_436_cov_125.940653	255	301	53	5	46	0.1086956
NODE_60709_length_436_cov_125.940653	255	301	55	7	46	0.1521739
NODE_60709_length_436_cov_125.940653	255	301	56	7	46	0.1521739
NODE_60709_length_436_cov_125.940653	257	337	14	4	80	0.0500000
NODE_60709_length_436_cov_125.940653	257	337	16	8	80	0.1000000
NODE_60709_length_436_cov_125.940653	257	337	18	10	80	0.1250000
NODE_60709_length_436_cov_125.940653	257	337	23	5	80	0.0625000
NODE_60709_length_436_cov_125.940653	257	337	25	4	80	0.0500000
NODE_60709_length_436_cov_125.940653	257	337	28	1	80	0.0125000
NODE_60709_length_436_cov_125.940653	257	337	29	2	80	0.0250000
NODE_60709_length_436_cov_125.940653	257	337	31	3	80	0.0375000
NODE_60709_length_436_cov_125.940653	257	337	33	2	80	0.0250000
NODE_60709_length_436_cov_125.940653	257	337	37	2	80	0.0250000
NODE_60709_length_436_cov_125.940653	257	337	39	8	80	0.1000000
NODE_60709_length_436_cov_125.940653	257	337	44	1	80	0.0125000
NODE_60709_length_436_cov_125.940653	257	337	45	1	80	0.0125000
NODE_60709_length_436_cov_125.940653	257	337	47	1	80	0.0125000
NODE_60709_length_436_cov_125.940653	257	337	48	2	80	0.0250000
NODE_60709_length_436_cov_125.940653	257	337	51	2	80	0.0250000
NODE_60709_length_436_cov_125.940653	257	337	52	7	80	0.0875000
NODE_60709_length_436_cov_125.940653	257	337	53	5	80	0.0625000
NODE_60709_length_436_cov_125.940653	257	337	55	7	80	0.0875000
NODE_60709_length_436_cov_125.940653	257	337	56	5	80	0.0625000
NODE_60709_length_436_cov_125.940653	333	413	4	8	80	0.1000000
NODE_60709_length_436_cov_125.940653	333	413	6	10	80	0.1250000
NODE_60709_length_436_cov_125.940653	333	413	9	1	80	0.0125000
NODE_60709_length_436_cov_125.940653	333	413	10	1	80	0.0125000
NODE_60709_length_436_cov_125.940653	333	413	11	34	80	0.4250000
NODE_60709_length_436_cov_125.940653	333	413	14	26	80	0.3250000
NODE_60709_length_436_cov_125.940653	386	436	2	23	50	0.4600000
NODE_60709_length_436_cov_125.940653	386	436	4	8	50	0.1600000
NODE_60709_length_436_cov_125.940653	386	436	6	10	50	0.2000000
NODE_60709_length_436_cov_125.940653	386	436	9	1	50	0.0200000
NODE_60709_length_436_cov_125.940653	386	436	11	8	50	0.1600000
NODE_60712_length_436_cov_45.459941	166	246	2	80	80	1.0000000
NODE_60712_length_436_cov_45.459941	219	299	0	1	80	0.0125000
NODE_60712_length_436_cov_45.459941	219	299	2	79	80	0.9875000
NODE_60712_length_436_cov_45.459941	295	375	0	77	80	0.9625000
NODE_60712_length_436_cov_45.459941	295	375	2	3	80	0.0375000
NODE_60712_length_436_cov_45.459941	348	428	0	80	80	1.0000000
NODE_60713_length_436_cov_10.560831	74	154	0	80	80	1.0000000
NODE_60713_length_436_cov_10.560831	127	207	0	80	80	1.0000000
NODE_60716_length_436_cov_8.317507	51	127	0	76	76	1.0000000
NODE_60716_length_436_cov_8.317507	104	182	0	78	78	1.0000000
NODE_60760_length_436_cov_3.109792	153	205	0	52	52	1.0000000
NODE_60786_length_436_cov_2.551929	182	258	0	76	76	1.0000000
NODE_60786_length_436_cov_2.551929	235	315	0	80	80	1.0000000
NODE_60934_length_436_cov_1.207715	105	181	0	76	76	1.0000000
NODE_61088_length_435_cov_17.401786	55	135	2	29	80	0.3625000
NODE_61088_length_435_cov_17.401786	55	135	4	28	80	0.3500000
NODE_61088_length_435_cov_17.401786	55	135	8	13	80	0.1625000
NODE_61088_length_435_cov_17.401786	55	135	10	10	80	0.1250000
NODE_61088_length_435_cov_17.401786	108	188	4	4	80	0.0500000
NODE_61088_length_435_cov_17.401786	108	188	6	29	80	0.3625000
NODE_61088_length_435_cov_17.401786	108	188	8	37	80	0.4625000
NODE_61088_length_435_cov_17.401786	108	188	10	10	80	0.1250000
NODE_61094_length_435_cov_6.910714	113	193	2	1	80	0.0125000
NODE_61094_length_435_cov_6.910714	113	193	4	71	80	0.8875000
NODE_61094_length_435_cov_6.910714	113	193	6	8	80	0.1000000
NODE_61094_length_435_cov_6.910714	147	194	2	2	47	0.0425532
NODE_61094_length_435_cov_6.910714	147	194	4	37	47	0.7872341
NODE_61094_length_435_cov_6.910714	147	194	6	8	47	0.1702128
NODE_61094_length_435_cov_6.910714	149	184	4	28	35	0.8000000
NODE_61094_length_435_cov_6.910714	149	184	6	7	35	0.2000000
NODE_61094_length_435_cov_6.910714	151	193	2	1	42	0.0238095
NODE_61094_length_435_cov_6.910714	151	193	4	33	42	0.7857143
NODE_61094_length_435_cov_6.910714	151	193	6	8	42	0.1904762
NODE_61094_length_435_cov_6.910714	166	251	2	59	85	0.6941177
NODE_61094_length_435_cov_6.910714	166	251	4	18	85	0.2117647
NODE_61094_length_435_cov_6.910714	166	251	6	8	85	0.0941176
NODE_61094_length_435_cov_6.910714	167	251	2	59	84	0.7023810
NODE_61094_length_435_cov_6.910714	167	251	4	17	84	0.2023810
NODE_61094_length_435_cov_6.910714	167	251	6	8	84	0.0952381
NODE_61102_length_435_cov_5.630952	159	217	0	48	58	0.8275862
NODE_61102_length_435_cov_5.630952	159	217	2	1	58	0.0172414
NODE_61102_length_435_cov_5.630952	159	217	3	9	58	0.1551724
NODE_61102_length_435_cov_5.630952	190	270	0	17	80	0.2125000
NODE_61102_length_435_cov_5.630952	190	270	2	1	80	0.0125000
NODE_61102_length_435_cov_5.630952	190	270	3	17	80	0.2125000
NODE_61102_length_435_cov_5.630952	190	270	6	45	80	0.5625000
NODE_61112_length_435_cov_4.601190	271	309	0	38	38	1.0000000
NODE_61112_length_435_cov_4.601190	282	344	0	62	62	1.0000000
NODE_61122_length_435_cov_3.770833	209	240	0	31	31	1.0000000
NODE_61137_length_435_cov_2.836310	113	194	6	81	81	1.0000000
NODE_61357_length_435_cov_0.988095	286	322	0	36	36	1.0000000
NODE_61451_length_434_cov_136.483582	0	58	10	1	58	0.0172414
NODE_61451_length_434_cov_136.483582	0	58	15	1	58	0.0172414
NODE_61451_length_434_cov_136.483582	0	58	21	1	58	0.0172414
NODE_61451_length_434_cov_136.483582	0	58	34	1	58	0.0172414
NODE_61451_length_434_cov_136.483582	0	58	36	1	58	0.0172414
NODE_61451_length_434_cov_136.483582	0	58	45	1	58	0.0172414
NODE_61451_length_434_cov_136.483582	0	58	48	1	58	0.0172414
NODE_61451_length_434_cov_136.483582	0	58	54	1	58	0.0172414
NODE_61451_length_434_cov_136.483582	0	58	65	2	58	0.0344828
NODE_61451_length_434_cov_136.483582	0	58	67	1	58	0.0172414
NODE_61451_length_434_cov_136.483582	0	58	75	3	58	0.0517241
NODE_61451_length_434_cov_136.483582	0	58	78	1	58	0.0172414
NODE_61451_length_434_cov_136.483582	0	58	79	3	58	0.0517241
NODE_61451_length_434_cov_136.483582	0	58	83	1	58	0.0172414
NODE_61451_length_434_cov_136.483582	0	58	85	1	58	0.0172414
NODE_61451_length_434_cov_136.483582	0	58	86	1	58	0.0172414
NODE_61451_length_434_cov_136.483582	0	58	94	1	58	0.0172414
NODE_61451_length_434_cov_136.483582	0	58	96	1	58	0.0172414
NODE_61451_length_434_cov_136.483582	0	58	99	1	58	0.0172414
NODE_61451_length_434_cov_136.483582	0	58	101	1	58	0.0172414
NODE_61451_length_434_cov_136.483582	0	58	103	3	58	0.0517241
NODE_61451_length_434_cov_136.483582	0	58	105	2	58	0.0344828
NODE_61451_length_434_cov_136.483582	0	58	107	2	58	0.0344828
NODE_61451_length_434_cov_136.483582	0	58	108	2	58	0.0344828
NODE_61451_length_434_cov_136.483582	0	58	110	4	58	0.0689655
NODE_61451_length_434_cov_136.483582	0	58	111	6	58	0.1034483
NODE_61451_length_434_cov_136.483582	0	58	112	3	58	0.0517241
NODE_61451_length_434_cov_136.483582	0	58	114	11	58	0.1896552
NODE_61451_length_434_cov_136.483582	31	111	106	4	80	0.0500000
NODE_61451_length_434_cov_136.483582	31	111	107	1	80	0.0125000
NODE_61451_length_434_cov_136.483582	31	111	108	4	80	0.0500000
NODE_61451_length_434_cov_136.483582	31	111	110	5	80	0.0625000
NODE_61451_length_434_cov_136.483582	31	111	111	6	80	0.0750000
NODE_61451_length_434_cov_136.483582	31	111	112	3	80	0.0375000
NODE_61451_length_434_cov_136.483582	31	111	114	13	80	0.1625000
NODE_61451_length_434_cov_136.483582	31	111	115	4	80	0.0500000
NODE_61451_length_434_cov_136.483582	31	111	116	27	80	0.3375000
NODE_61451_length_434_cov_136.483582	31	111	118	4	80	0.0500000
NODE_61451_length_434_cov_136.483582	31	111	120	9	80	0.1125000
NODE_61452_length_434_cov_43.214925	291	366	16	22	75	0.2933333
NODE_61452_length_434_cov_43.214925	291	366	18	53	75	0.7066666
NODE_61452_length_434_cov_43.214925	344	424	0	11	80	0.1375000
NODE_61452_length_434_cov_43.214925	344	424	2	11	80	0.1375000
NODE_61452_length_434_cov_43.214925	344	424	11	14	80	0.1750000
NODE_61452_length_434_cov_43.214925	344	424	16	2	80	0.0250000
NODE_61452_length_434_cov_43.214925	344	424	17	11	80	0.1375000
NODE_61452_length_434_cov_43.214925	344	424	18	31	80	0.3875000
NODE_61452_length_434_cov_43.214925	344	424	0	11	80	0.1375000
NODE_61452_length_434_cov_43.214925	344	424	2	11	80	0.1375000
NODE_61452_length_434_cov_43.214925	344	424	11	14	80	0.1750000
NODE_61452_length_434_cov_43.214925	344	424	16	2	80	0.0250000
NODE_61452_length_434_cov_43.214925	344	424	17	11	80	0.1375000
NODE_61452_length_434_cov_43.214925	344	424	18	31	80	0.3875000
NODE_61453_length_434_cov_22.373134	80	160	0	15	80	0.1875000
NODE_61453_length_434_cov_22.373134	80	160	5	2	80	0.0250000
NODE_61453_length_434_cov_22.373134	80	160	6	26	80	0.3250000
NODE_61453_length_434_cov_22.373134	80	160	7	16	80	0.2000000
NODE_61453_length_434_cov_22.373134	80	160	8	16	80	0.2000000
NODE_61453_length_434_cov_22.373134	80	160	9	5	80	0.0625000
NODE_61453_length_434_cov_22.373134	133	213	7	20	80	0.2500000
NODE_61453_length_434_cov_22.373134	133	213	8	6	80	0.0750000
NODE_61453_length_434_cov_22.373134	133	213	9	54	80	0.6750000
NODE_61455_length_434_cov_11.549254	74	145	0	71	71	1.0000000
NODE_61455_length_434_cov_11.549254	118	198	0	80	80	1.0000000
NODE_61477_length_434_cov_4.125373	191	233	2	42	42	1.0000000
NODE_61477_length_434_cov_4.125373	200	235	2	35	35	1.0000000
NODE_61497_length_434_cov_3.104478	191	263	0	72	72	1.0000000
NODE_61528_length_434_cov_2.197015	129	168	0	39	39	1.0000000
NODE_61563_length_434_cov_1.883582	88	133	0	45	45	1.0000000
NODE_61563_length_434_cov_1.883582	141	182	0	41	41	1.0000000
NODE_61603_length_434_cov_1.626866	163	243	2	2	80	0.0250000
NODE_61603_length_434_cov_1.626866	163	243	4	1	80	0.0125000
NODE_61603_length_434_cov_1.626866	163	243	6	20	80	0.2500000
NODE_61603_length_434_cov_1.626866	163	243	8	57	80	0.7125000
NODE_61676_length_434_cov_1.220896	118	198	33	1	80	0.0125000
NODE_61676_length_434_cov_1.220896	118	198	35	2	80	0.0250000
NODE_61676_length_434_cov_1.220896	118	198	37	3	80	0.0375000
NODE_61676_length_434_cov_1.220896	118	198	39	1	80	0.0125000
NODE_61676_length_434_cov_1.220896	118	198	41	5	80	0.0625000
NODE_61676_length_434_cov_1.220896	118	198	43	4	80	0.0500000
NODE_61676_length_434_cov_1.220896	118	198	47	4	80	0.0500000
NODE_61676_length_434_cov_1.220896	118	198	48	1	80	0.0125000
NODE_61676_length_434_cov_1.220896	118	198	49	9	80	0.1125000
NODE_61676_length_434_cov_1.220896	118	198	51	5	80	0.0625000
NODE_61676_length_434_cov_1.220896	118	198	53	1	80	0.0125000
NODE_61676_length_434_cov_1.220896	118	198	55	10	80	0.1250000
NODE_61676_length_434_cov_1.220896	118	198	56	1	80	0.0125000
NODE_61676_length_434_cov_1.220896	118	198	57	1	80	0.0125000
NODE_61676_length_434_cov_1.220896	118	198	60	1	80	0.0125000
NODE_61676_length_434_cov_1.220896	118	198	62	8	80	0.1000000
NODE_61676_length_434_cov_1.220896	118	198	63	5	80	0.0625000
NODE_61676_length_434_cov_1.220896	118	198	64	18	80	0.2250000
NODE_61727_length_434_cov_1.002985	245	286	3	41	41	1.0000000
NODE_61727_length_434_cov_1.002985	258	339	1	5	81	0.0617284
NODE_61727_length_434_cov_1.002985	258	339	3	76	81	0.9382716
NODE_61826_length_433_cov_51.392216	2	82	0	16	80	0.2000000
NODE_61826_length_433_cov_51.392216	2	82	1	39	80	0.4875000
NODE_61826_length_433_cov_51.392216	2	82	2	8	80	0.1000000
NODE_61826_length_433_cov_51.392216	2	82	6	17	80	0.2125000
NODE_61826_length_433_cov_51.392216	55	135	1	2	80	0.0250000
NODE_61826_length_433_cov_51.392216	55	135	2	8	80	0.1000000
NODE_61826_length_433_cov_51.392216	55	135	6	70	80	0.8750000
NODE_61826_length_433_cov_51.392216	131	213	0	6	82	0.0731707
NODE_61826_length_433_cov_51.392216	131	213	1	39	82	0.4756097
NODE_61826_length_433_cov_51.392216	131	213	2	2	82	0.0243902
NODE_61826_length_433_cov_51.392216	131	213	6	35	82	0.4268293
NODE_61826_length_433_cov_51.392216	189	266	0	59	77	0.7662337
NODE_61826_length_433_cov_51.392216	189	266	1	18	77	0.2337662
NODE_61827_length_433_cov_46.344311	248	328	0	80	80	1.0000000
NODE_61827_length_433_cov_46.344311	301	381	0	80	80	1.0000000
NODE_61828_length_433_cov_41.808383	92	172	0	80	80	1.0000000
NODE_61828_length_433_cov_41.808383	145	225	0	80	80	1.0000000
NODE_61835_length_433_cov_6.227545	157	237	0	80	80	1.0000000
NODE_61836_length_433_cov_6.080838	164	244	1	33	80	0.4125000
NODE_61836_length_433_cov_6.080838	164	244	3	14	80	0.1750000
NODE_61836_length_433_cov_6.080838	164	244	5	7	80	0.0875000
NODE_61836_length_433_cov_6.080838	164	244	6	26	80	0.3250000
NODE_61838_length_433_cov_5.547904	10	80	2	9	70	0.1285714
NODE_61838_length_433_cov_5.547904	10	80	4	61	70	0.8714285
NODE_61838_length_433_cov_5.547904	51	133	2	7	82	0.0853659
NODE_61838_length_433_cov_5.547904	51	133	4	75	82	0.9146342
NODE_61839_length_433_cov_5.476048	81	141	0	60	60	1.0000000
NODE_61855_length_433_cov_3.907186	77	107	4	30	30	1.0000000
NODE_61862_length_433_cov_3.595808	231	316	2	85	85	1.0000000
NODE_61864_length_433_cov_3.526946	107	178	0	71	71	1.0000000
NODE_61931_length_433_cov_2.137725	123	203	0	80	80	1.0000000
NODE_62258_length_432_cov_17.540541	150	230	4	80	80	1.0000000
NODE_62258_length_432_cov_17.540541	203	288	0	26	85	0.3058824
NODE_62258_length_432_cov_17.540541	203	288	4	59	85	0.6941177
NODE_62264_length_432_cov_6.555556	52	82	0	30	30	1.0000000
NODE_62268_length_432_cov_5.720721	77	157	0	80	80	1.0000000
NODE_62268_length_432_cov_5.720721	130	202	0	72	72	1.0000000
NODE_62269_length_432_cov_5.387387	65	95	11	2	30	0.0666667
NODE_62269_length_432_cov_5.387387	65	95	12	2	30	0.0666667
NODE_62269_length_432_cov_5.387387	65	95	13	5	30	0.1666667
NODE_62269_length_432_cov_5.387387	65	95	14	21	30	0.7000000
NODE_62270_length_432_cov_5.345345	271	324	4	53	53	1.0000000
NODE_62293_length_432_cov_3.678679	78	121	2	43	43	1.0000000
NODE_62304_length_432_cov_3.246246	87	128	4	22	41	0.5365854
NODE_62304_length_432_cov_3.246246	87	128	6	10	41	0.2439024
NODE_62304_length_432_cov_3.246246	87	128	8	9	41	0.2195122
NODE_62304_length_432_cov_3.246246	101	167	4	8	66	0.1212121
NODE_62304_length_432_cov_3.246246	101	167	6	10	66	0.1515152
NODE_62304_length_432_cov_3.246246	101	167	8	9	66	0.1363636
NODE_62304_length_432_cov_3.246246	101	167	12	2	66	0.0303030
NODE_62304_length_432_cov_3.246246	101	167	14	10	66	0.1515152
NODE_62304_length_432_cov_3.246246	101	167	16	6	66	0.0909091
NODE_62304_length_432_cov_3.246246	101	167	18	21	66	0.3181818
NODE_62396_length_432_cov_1.762763	4	71	0	15	67	0.2238806
NODE_62396_length_432_cov_1.762763	4	71	2	2	67	0.0298507
NODE_62396_length_432_cov_1.762763	4	71	4	50	67	0.7462686
NODE_62544_length_432_cov_1.027027	44	68	0	24	24	1.0000000
NODE_62650_length_431_cov_35.355422	202	284	2	82	82	1.0000000
NODE_62650_length_431_cov_35.355422	257	333	0	41	76	0.5394737
NODE_62650_length_431_cov_35.355422	257	333	1	1	76	0.0131579
NODE_62650_length_431_cov_35.355422	257	333	2	34	76	0.4473684
NODE_62652_length_431_cov_11.207831	185	265	0	80	80	1.0000000
NODE_62652_length_431_cov_11.207831	238	318	0	80	80	1.0000000
NODE_62657_length_431_cov_7.018072	110	190	0	27	80	0.3375000
NODE_62657_length_431_cov_7.018072	110	190	6	53	80	0.6625000
NODE_62657_length_431_cov_7.018072	163	243	0	3	80	0.0375000
NODE_62657_length_431_cov_7.018072	163	243	6	77	80	0.9625000
NODE_62661_length_431_cov_6.292169	123	203	0	80	80	1.0000000
NODE_62668_length_431_cov_5.608434	170	241	4	4	71	0.0563380
NODE_62668_length_431_cov_5.608434	170	241	6	6	71	0.0845070
NODE_62668_length_431_cov_5.608434	170	241	9	6	71	0.0845070
NODE_62668_length_431_cov_5.608434	170	241	10	11	71	0.1549296
NODE_62668_length_431_cov_5.608434	170	241	11	15	71	0.2112676
NODE_62668_length_431_cov_5.608434	170	241	13	1	71	0.0140845
NODE_62668_length_431_cov_5.608434	170	241	14	28	71	0.3943662
NODE_62681_length_431_cov_4.250000	146	216	2	70	70	1.0000000
NODE_62684_length_431_cov_3.993976	210	290	2	9	80	0.1125000
NODE_62684_length_431_cov_3.993976	210	290	4	4	80	0.0500000
NODE_62684_length_431_cov_3.993976	210	290	6	24	80	0.3000000
NODE_62684_length_431_cov_3.993976	210	290	8	43	80	0.5375000
NODE_62794_length_431_cov_1.695783	76	156	2	48	80	0.6000000
NODE_62794_length_431_cov_1.695783	76	156	4	32	80	0.4000000
NODE_62794_length_431_cov_1.695783	129	199	2	39	70	0.5571429
NODE_62794_length_431_cov_1.695783	129	199	4	31	70	0.4428571
NODE_63043_length_430_cov_49.791541	319	399	32	2	80	0.0250000
NODE_63043_length_430_cov_49.791541	319	399	36	16	80	0.2000000
NODE_63043_length_430_cov_49.791541	319	399	37	4	80	0.0500000
NODE_63043_length_430_cov_49.791541	319	399	41	4	80	0.0500000
NODE_63043_length_430_cov_49.791541	319	399	42	7	80	0.0875000
NODE_63043_length_430_cov_49.791541	319	399	44	10	80	0.1250000
NODE_63043_length_430_cov_49.791541	319	399	45	23	80	0.2875000
NODE_63043_length_430_cov_49.791541	319	399	46	2	80	0.0250000
NODE_63043_length_430_cov_49.791541	319	399	47	7	80	0.0875000
NODE_63043_length_430_cov_49.791541	319	399	48	5	80	0.0625000
NODE_63043_length_430_cov_49.791541	372	430	3	3	58	0.0517241
NODE_63043_length_430_cov_49.791541	372	430	7	3	58	0.0517241
NODE_63043_length_430_cov_49.791541	372	430	9	2	58	0.0344828
NODE_63043_length_430_cov_49.791541	372	430	10	1	58	0.0172414
NODE_63043_length_430_cov_49.791541	372	430	12	2	58	0.0344828
NODE_63043_length_430_cov_49.791541	372	430	14	1	58	0.0172414
NODE_63043_length_430_cov_49.791541	372	430	16	3	58	0.0517241
NODE_63043_length_430_cov_49.791541	372	430	20	2	58	0.0344828
NODE_63043_length_430_cov_49.791541	372	430	21	3	58	0.0517241
NODE_63043_length_430_cov_49.791541	372	430	23	1	58	0.0172414
NODE_63043_length_430_cov_49.791541	372	430	25	1	58	0.0172414
NODE_63043_length_430_cov_49.791541	372	430	26	3	58	0.0517241
NODE_63043_length_430_cov_49.791541	372	430	28	2	58	0.0344828
NODE_63043_length_430_cov_49.791541	372	430	30	4	58	0.0689655
NODE_63043_length_430_cov_49.791541	372	430	32	2	58	0.0344828
NODE_63043_length_430_cov_49.791541	372	430	36	16	58	0.2758621
NODE_63043_length_430_cov_49.791541	372	430	37	4	58	0.0689655
NODE_63043_length_430_cov_49.791541	372	430	41	4	58	0.0689655
NODE_63043_length_430_cov_49.791541	372	430	42	1	58	0.0172414
NODE_63044_length_430_cov_44.365559	109	189	0	80	80	1.0000000
NODE_63044_length_430_cov_44.365559	162	242	0	80	80	1.0000000
NODE_63045_length_430_cov_16.746224	92	172	2	14	80	0.1750000
NODE_63045_length_430_cov_16.746224	92	172	5	4	80	0.0500000
NODE_63045_length_430_cov_16.746224	92	172	7	14	80	0.1750000
NODE_63045_length_430_cov_16.746224	92	172	9	6	80	0.0750000
NODE_63045_length_430_cov_16.746224	92	172	10	6	80	0.0750000
NODE_63045_length_430_cov_16.746224	92	172	12	36	80	0.4500000
NODE_63045_length_430_cov_16.746224	145	225	8	4	80	0.0500000
NODE_63045_length_430_cov_16.746224	145	225	10	55	80	0.6875000
NODE_63045_length_430_cov_16.746224	145	225	12	21	80	0.2625000
NODE_63048_length_430_cov_7.737160	180	263	10	83	83	1.0000000
NODE_63050_length_430_cov_6.163142	135	197	0	29	62	0.4677419
NODE_63050_length_430_cov_6.163142	135	197	3	1	62	0.0161290
NODE_63050_length_430_cov_6.163142	135	197	4	32	62	0.5161290
NODE_63051_length_430_cov_5.873112	7	90	2	23	83	0.2771084
NODE_63051_length_430_cov_5.873112	7	90	4	60	83	0.7228916
NODE_63051_length_430_cov_5.873112	60	126	0	1	66	0.0151515
NODE_63051_length_430_cov_5.873112	60	126	2	14	66	0.2121212
NODE_63051_length_430_cov_5.873112	60	126	4	51	66	0.7727273
NODE_63066_length_430_cov_4.323263	18	90	0	63	72	0.8750000
NODE_63066_length_430_cov_4.323263	18	90	2	9	72	0.1250000
NODE_63161_length_430_cov_1.945619	153	233	0	80	80	1.0000000
NODE_63401_length_430_cov_0.664653	391	430	0	39	39	1.0000000
NODE_63437_length_429_cov_10.424242	78	158	0	80	80	1.0000000
NODE_63437_length_429_cov_10.424242	207	287	2	23	80	0.2875000
NODE_63437_length_429_cov_10.424242	207	287	4	57	80	0.7125000
NODE_63437_length_429_cov_10.424242	260	340	0	28	80	0.3500000
NODE_63437_length_429_cov_10.424242	260	340	2	19	80	0.2375000
NODE_63437_length_429_cov_10.424242	260	340	4	33	80	0.4125000
NODE_63439_length_429_cov_8.957576	213	293	0	80	80	1.0000000
NODE_63439_length_429_cov_8.957576	266	346	0	80	80	1.0000000
NODE_63441_length_429_cov_6.772727	337	366	0	29	29	1.0000000
NODE_63485_length_429_cov_3.003030	173	251	4	78	78	1.0000000
NODE_63516_length_429_cov_2.433333	220	300	0	80	80	1.0000000
NODE_63519_length_429_cov_2.360606	24	85	0	61	61	1.0000000
NODE_63527_length_429_cov_2.224242	115	195	8	80	80	1.0000000
NODE_63547_length_429_cov_2.051515	114	143	2	29	29	1.0000000
NODE_63547_length_429_cov_2.051515	286	348	2	6	62	0.0967742
NODE_63547_length_429_cov_2.051515	286	348	4	23	62	0.3709677
NODE_63547_length_429_cov_2.051515	286	348	6	33	62	0.5322581
NODE_63864_length_428_cov_40.449848	217	297	0	58	80	0.7250000
NODE_63864_length_428_cov_40.449848	217	297	4	9	80	0.1125000
NODE_63864_length_428_cov_40.449848	217	297	8	13	80	0.1625000
NODE_63864_length_428_cov_40.449848	270	350	0	5	80	0.0625000
NODE_63864_length_428_cov_40.449848	270	350	4	9	80	0.1125000
NODE_63864_length_428_cov_40.449848	270	350	8	66	80	0.8250000
NODE_63864_length_428_cov_40.449848	346	426	0	10	80	0.1250000
NODE_63864_length_428_cov_40.449848	346	426	4	36	80	0.4500000
NODE_63864_length_428_cov_40.449848	346	426	8	34	80	0.4250000
NODE_63865_length_428_cov_31.066869	249	325	4	3	76	0.0394737
NODE_63865_length_428_cov_31.066869	249	325	6	8	76	0.1052632
NODE_63865_length_428_cov_31.066869	249	325	8	8	76	0.1052632
NODE_63865_length_428_cov_31.066869	249	325	12	1	76	0.0131579
NODE_63865_length_428_cov_31.066869	249	325	14	28	76	0.3684210
NODE_63865_length_428_cov_31.066869	249	325	16	7	76	0.0921053
NODE_63865_length_428_cov_31.066869	249	325	17	8	76	0.1052632
NODE_63865_length_428_cov_31.066869	249	325	18	13	76	0.1710526
NODE_63865_length_428_cov_31.066869	297	378	6	7	81	0.0864198
NODE_63865_length_428_cov_31.066869	297	378	11	1	81	0.0123457
NODE_63865_length_428_cov_31.066869	297	378	14	3	81	0.0370370
NODE_63865_length_428_cov_31.066869	297	378	16	21	81	0.2592593
NODE_63865_length_428_cov_31.066869	297	378	17	36	81	0.4444444
NODE_63865_length_428_cov_31.066869	297	378	18	13	81	0.1604938
NODE_63866_length_428_cov_11.799392	62	142	0	80	80	1.0000000
NODE_63866_length_428_cov_11.799392	115	195	0	80	80	1.0000000
NODE_63867_length_428_cov_10.595745	227	307	0	80	80	1.0000000
NODE_63870_length_428_cov_6.784195	344	374	0	30	30	1.0000000
NODE_63871_length_428_cov_6.768997	131	194	5	1	63	0.0158730
NODE_63871_length_428_cov_6.768997	131	194	7	6	63	0.0952381
NODE_63871_length_428_cov_6.768997	131	194	11	14	63	0.2222222
NODE_63871_length_428_cov_6.768997	131	194	13	42	63	0.6666667
NODE_63895_length_428_cov_4.206687	224	304	0	80	80	1.0000000
NODE_63905_length_428_cov_3.525836	168	236	0	68	68	1.0000000
NODE_63905_length_428_cov_3.525836	209	244	0	35	35	1.0000000
NODE_63959_length_428_cov_2.322188	1	42	0	41	41	1.0000000
NODE_63977_length_428_cov_2.124620	228	308	0	80	80	1.0000000
NODE_64011_length_428_cov_1.848024	178	260	0	25	82	0.3048781
NODE_64011_length_428_cov_1.848024	178	260	4	57	82	0.6951219
NODE_64027_length_428_cov_1.772036	187	255	0	68	68	1.0000000
NODE_64245_length_428_cov_0.790274	275	308	0	33	33	1.0000000
NODE_64245_length_428_cov_0.790274	276	302	0	26	26	1.0000000
NODE_64310_length_427_cov_29.628049	312	392	4	22	80	0.2750000
NODE_64310_length_427_cov_29.628049	312	392	6	58	80	0.7250000
NODE_64310_length_427_cov_29.628049	365	427	0	1	62	0.0161290
NODE_64310_length_427_cov_29.628049	365	427	2	7	62	0.1129032
NODE_64310_length_427_cov_29.628049	365	427	4	49	62	0.7903226
NODE_64310_length_427_cov_29.628049	365	427	6	5	62	0.0806452
NODE_64310_length_427_cov_29.628049	365	427	0	1	62	0.0161290
NODE_64310_length_427_cov_29.628049	365	427	2	7	62	0.1129032
NODE_64310_length_427_cov_29.628049	365	427	4	49	62	0.7903226
NODE_64310_length_427_cov_29.628049	365	427	6	5	62	0.0806452
NODE_64312_length_427_cov_9.371951	184	239	0	14	55	0.2545455
NODE_64312_length_427_cov_9.371951	184	239	2	41	55	0.7454545
NODE_64313_length_427_cov_9.359756	11	82	0	71	71	1.0000000
NODE_64313_length_427_cov_9.359756	70	149	0	79	79	1.0000000
NODE_64313_length_427_cov_9.359756	145	225	0	80	80	1.0000000
NODE_64313_length_427_cov_9.359756	198	278	0	80	80	1.0000000
NODE_64321_length_427_cov_5.929878	405	424	0	19	19	1.0000000
NODE_64324_length_427_cov_5.088415	257	332	0	75	75	1.0000000
NODE_64345_length_427_cov_3.884146	212	260	0	48	48	1.0000000
NODE_64383_length_427_cov_2.765244	312	363	0	51	51	1.0000000
NODE_64409_length_427_cov_2.362805	142	177	0	35	35	1.0000000
NODE_64537_length_427_cov_1.359756	56	139	0	55	83	0.6626506
NODE_64537_length_427_cov_1.359756	56	139	2	28	83	0.3373494
NODE_64728_length_426_cov_21.837920	178	258	4	8	80	0.1000000
NODE_64728_length_426_cov_21.837920	178	258	8	72	80	0.9000000
NODE_64729_length_426_cov_16.850153	76	156	0	80	80	1.0000000
NODE_64729_length_426_cov_16.850153	129	209	0	80	80	1.0000000
NODE_64731_length_426_cov_9.033639	152	232	0	80	80	1.0000000
NODE_64731_length_426_cov_9.033639	205	285	0	80	80	1.0000000
NODE_64734_length_426_cov_8.314985	133	213	2	80	80	1.0000000
NODE_64734_length_426_cov_8.314985	186	266	0	50	80	0.6250000
NODE_64734_length_426_cov_8.314985	186	266	2	30	80	0.3750000
NODE_64735_length_426_cov_8.278287	132	212	0	80	80	1.0000000
NODE_64735_length_426_cov_8.278287	185	265	0	80	80	1.0000000
NODE_64752_length_426_cov_4.926606	116	196	0	80	80	1.0000000
NODE_64754_length_426_cov_4.743119	119	199	0	10	80	0.1250000
NODE_64754_length_426_cov_4.743119	119	199	2	70	80	0.8750000
NODE_64754_length_426_cov_4.743119	172	252	0	45	80	0.5625000
NODE_64754_length_426_cov_4.743119	172	252	2	35	80	0.4375000
NODE_64833_length_426_cov_2.278287	92	132	0	40	40	1.0000000
NODE_64833_length_426_cov_2.278287	139	205	0	66	66	1.0000000
NODE_64865_length_426_cov_1.896024	80	154	0	74	74	1.0000000
NODE_64948_length_426_cov_1.397554	240	290	4	50	50	1.0000000
NODE_65135_length_426_cov_0.602446	127	158	0	31	31	1.0000000
NODE_65152_length_425_cov_63.938650	0	61	0	1	61	0.0163934
NODE_65152_length_425_cov_63.938650	0	61	1	23	61	0.3770492
NODE_65152_length_425_cov_63.938650	0	61	2	37	61	0.6065574
NODE_65152_length_425_cov_63.938650	34	114	2	38	80	0.4750000
NODE_65152_length_425_cov_63.938650	34	114	4	42	80	0.5250000
NODE_65164_length_425_cov_4.877301	171	229	34	4	58	0.0689655
NODE_65164_length_425_cov_4.877301	171	229	35	9	58	0.1551724
NODE_65164_length_425_cov_4.877301	171	229	38	8	58	0.1379310
NODE_65164_length_425_cov_4.877301	171	229	39	29	58	0.5000000
NODE_65164_length_425_cov_4.877301	171	229	40	8	58	0.1379310
NODE_65165_length_425_cov_4.822086	295	377	0	23	82	0.2804878
NODE_65165_length_425_cov_4.822086	295	377	2	22	82	0.2682927
NODE_65165_length_425_cov_4.822086	295	377	8	10	82	0.1219512
NODE_65165_length_425_cov_4.822086	295	377	10	7	82	0.0853659
NODE_65165_length_425_cov_4.822086	295	377	12	20	82	0.2439024
NODE_65218_length_425_cov_2.809816	38	118	0	80	80	1.0000000
NODE_65278_length_425_cov_1.935583	93	138	0	45	45	1.0000000
NODE_65278_length_425_cov_1.935583	170	225	0	55	55	1.0000000
NODE_65278_length_425_cov_1.935583	312	355	0	43	43	1.0000000
NODE_65565_length_425_cov_0.628834	104	131	0	27	27	1.0000000
NODE_65602_length_424_cov_5.295385	224	270	0	46	46	1.0000000
NODE_65634_length_424_cov_3.255385	266	329	0	63	63	1.0000000
NODE_65669_length_424_cov_2.578462	403	422	0	19	19	1.0000000
NODE_65670_length_424_cov_2.578462	122	144	0	22	22	1.0000000
NODE_66111_length_423_cov_2.728395	150	229	2	48	79	0.6075949
NODE_66111_length_423_cov_2.728395	150	229	4	31	79	0.3924051
NODE_66181_length_423_cov_1.879630	94	142	0	48	48	1.0000000
NODE_66222_length_423_cov_1.580247	128	208	0	80	80	1.0000000
NODE_66258_length_423_cov_1.410494	206	286	0	80	80	1.0000000
NODE_66459_length_422_cov_12.021672	201	236	4	35	35	1.0000000
NODE_66459_length_422_cov_12.021672	247	289	4	42	42	1.0000000
NODE_66460_length_422_cov_10.712074	62	140	0	4	78	0.0512821
NODE_66460_length_422_cov_10.712074	62	140	2	39	78	0.5000000
NODE_66460_length_422_cov_10.712074	62	140	4	25	78	0.3205128
NODE_66460_length_422_cov_10.712074	62	140	6	10	78	0.1282051
NODE_66460_length_422_cov_10.712074	115	195	4	18	80	0.2250000
NODE_66460_length_422_cov_10.712074	115	195	6	10	80	0.1250000
NODE_66460_length_422_cov_10.712074	115	195	8	52	80	0.6500000
NODE_66468_length_422_cov_6.281734	37	117	0	80	80	1.0000000
NODE_66468_length_422_cov_6.281734	90	170	0	80	80	1.0000000
NODE_66474_length_422_cov_5.266254	176	256	2	20	80	0.2500000
NODE_66474_length_422_cov_5.266254	176	256	4	60	80	0.7500000
NODE_66485_length_422_cov_4.148607	159	224	0	65	65	1.0000000
NODE_66485_length_422_cov_4.148607	197	277	0	80	80	1.0000000
NODE_66488_length_422_cov_4.003096	146	226	0	13	80	0.1625000
NODE_66488_length_422_cov_4.003096	146	226	2	42	80	0.5250000
NODE_66488_length_422_cov_4.003096	146	226	4	11	80	0.1375000
NODE_66488_length_422_cov_4.003096	146	226	6	14	80	0.1750000
NODE_66488_length_422_cov_4.003096	199	279	2	2	80	0.0250000
NODE_66488_length_422_cov_4.003096	199	279	4	11	80	0.1375000
NODE_66488_length_422_cov_4.003096	199	279	5	11	80	0.1375000
NODE_66488_length_422_cov_4.003096	199	279	6	37	80	0.4625000
NODE_66488_length_422_cov_4.003096	199	279	7	6	80	0.0750000
NODE_66488_length_422_cov_4.003096	199	279	8	13	80	0.1625000
NODE_66512_length_422_cov_3.130031	93	173	0	80	80	1.0000000
NODE_66512_length_422_cov_3.130031	146	226	0	80	80	1.0000000
NODE_66515_length_422_cov_3.077399	291	359	6	4	68	0.0588235
NODE_66515_length_422_cov_3.077399	291	359	8	2	68	0.0294118
NODE_66515_length_422_cov_3.077399	291	359	9	1	68	0.0147059
NODE_66515_length_422_cov_3.077399	291	359	11	8	68	0.1176471
NODE_66515_length_422_cov_3.077399	291	359	12	45	68	0.6617647
NODE_66515_length_422_cov_3.077399	291	359	14	8	68	0.1176471
NODE_66550_length_422_cov_2.191950	5	24	0	19	19	1.0000000
NODE_66560_length_422_cov_2.108359	97	177	0	80	80	1.0000000
NODE_66560_length_422_cov_2.108359	150	189	0	39	39	1.0000000
NODE_66560_length_422_cov_2.108359	249	289	2	38	40	0.9500000
NODE_66560_length_422_cov_2.108359	249	289	4	2	40	0.0500000
NODE_66806_length_422_cov_0.845201	2	76	0	74	74	1.0000000
NODE_66869_length_421_cov_10.664596	178	256	0	78	78	1.0000000
NODE_66869_length_421_cov_10.664596	229	309	0	80	80	1.0000000
NODE_66874_length_421_cov_7.552795	325	407	0	82	82	1.0000000
NODE_66874_length_421_cov_7.552795	380	421	0	41	41	1.0000000
NODE_66875_length_421_cov_7.431677	96	118	0	22	22	1.0000000
NODE_66883_length_421_cov_5.279503	245	310	0	19	65	0.2923077
NODE_66883_length_421_cov_5.279503	245	310	1	7	65	0.1076923
NODE_66883_length_421_cov_5.279503	245	310	2	1	65	0.0153846
NODE_66883_length_421_cov_5.279503	245	310	6	38	65	0.5846154
NODE_66884_length_421_cov_5.158385	68	145	0	77	77	1.0000000
NODE_66897_length_421_cov_4.114907	221	287	0	66	66	1.0000000
NODE_66898_length_421_cov_4.102484	202	277	0	75	75	1.0000000
NODE_66899_length_421_cov_4.040373	192	272	0	23	80	0.2875000
NODE_66899_length_421_cov_4.040373	192	272	2	25	80	0.3125000
NODE_66899_length_421_cov_4.040373	192	272	6	32	80	0.4000000
NODE_66899_length_421_cov_4.040373	245	314	4	37	69	0.5362319
NODE_66899_length_421_cov_4.040373	245	314	6	32	69	0.4637681
NODE_66923_length_421_cov_3.319876	0	57	0	57	57	1.0000000
NODE_66955_length_421_cov_2.708075	95	118	2	23	23	1.0000000
NODE_66955_length_421_cov_2.708075	109	189	0	5	80	0.0625000
NODE_66955_length_421_cov_2.708075	109	189	2	75	80	0.9375000
NODE_66955_length_421_cov_2.708075	248	300	0	52	52	1.0000000
NODE_67073_length_421_cov_1.559006	240	309	0	69	69	1.0000000
NODE_67073_length_421_cov_1.559006	240	310	0	70	70	1.0000000
NODE_67077_length_421_cov_1.537267	305	383	0	78	78	1.0000000
NODE_67098_length_421_cov_1.413043	254	303	0	27	49	0.5510204
NODE_67098_length_421_cov_1.413043	254	303	2	22	49	0.4489796
NODE_67283_length_421_cov_0.633540	132	156	0	24	24	1.0000000
NODE_67317_length_420_cov_80.766355	90	170	0	32	80	0.4000000
NODE_67317_length_420_cov_80.766355	90	170	4	11	80	0.1375000
NODE_67317_length_420_cov_80.766355	90	170	7	2	80	0.0250000
NODE_67317_length_420_cov_80.766355	90	170	8	35	80	0.4375000
NODE_67317_length_420_cov_80.766355	143	223	8	80	80	1.0000000
NODE_67319_length_420_cov_51.473520	171	250	0	16	79	0.2025317
NODE_67319_length_420_cov_51.473520	171	250	2	63	79	0.7974684
NODE_67319_length_420_cov_51.473520	223	307	0	73	84	0.8690476
NODE_67319_length_420_cov_51.473520	223	307	2	11	84	0.1309524
NODE_67319_length_420_cov_51.473520	303	383	0	80	80	1.0000000
NODE_67319_length_420_cov_51.473520	356	420	0	64	64	1.0000000
NODE_67330_length_420_cov_5.071651	230	310	2	4	80	0.0500000
NODE_67330_length_420_cov_5.071651	230	310	8	2	80	0.0250000
NODE_67330_length_420_cov_5.071651	230	310	10	6	80	0.0750000
NODE_67330_length_420_cov_5.071651	230	310	12	6	80	0.0750000
NODE_67330_length_420_cov_5.071651	230	310	14	62	80	0.7750000
NODE_67334_length_420_cov_4.775701	177	221	3	1	44	0.0227273
NODE_67334_length_420_cov_4.775701	177	221	5	10	44	0.2272727
NODE_67334_length_420_cov_4.775701	177	221	6	1	44	0.0227273
NODE_67334_length_420_cov_4.775701	177	221	7	32	44	0.7272727
NODE_67345_length_420_cov_4.037383	161	240	0	6	79	0.0759494
NODE_67345_length_420_cov_4.037383	161	240	2	73	79	0.9240506
NODE_67358_length_420_cov_3.657321	291	373	2	5	82	0.0609756
NODE_67358_length_420_cov_3.657321	291	373	4	66	82	0.8048781
NODE_67358_length_420_cov_3.657321	291	373	6	11	82	0.1341463
NODE_67398_length_420_cov_2.542056	96	176	0	80	80	1.0000000
NODE_67398_length_420_cov_2.542056	148	202	0	54	54	1.0000000
NODE_67398_length_420_cov_2.542056	149	195	0	46	46	1.0000000
NODE_67414_length_420_cov_2.323988	89	108	0	19	19	1.0000000
NODE_67506_length_420_cov_1.641745	277	312	0	35	35	1.0000000
NODE_67547_length_420_cov_1.429907	15	68	0	22	53	0.4150943
NODE_67547_length_420_cov_1.429907	15	68	2	14	53	0.2641509
NODE_67547_length_420_cov_1.429907	15	68	3	17	53	0.3207547
NODE_67547_length_420_cov_1.429907	69	111	3	42	42	1.0000000
NODE_67770_length_419_cov_491.015625	0	67	0	4	67	0.0597015
NODE_67770_length_419_cov_491.015625	0	67	4	5	67	0.0746269
NODE_67770_length_419_cov_491.015625	0	67	6	1	67	0.0149254
NODE_67770_length_419_cov_491.015625	0	67	8	1	67	0.0149254
NODE_67770_length_419_cov_491.015625	0	67	9	1	67	0.0149254
NODE_67770_length_419_cov_491.015625	0	67	10	12	67	0.1791045
NODE_67770_length_419_cov_491.015625	0	67	16	7	67	0.1044776
NODE_67770_length_419_cov_491.015625	0	67	17	1	67	0.0149254
NODE_67770_length_419_cov_491.015625	0	67	19	2	67	0.0298507
NODE_67770_length_419_cov_491.015625	0	67	21	1	67	0.0149254
NODE_67770_length_419_cov_491.015625	0	67	22	11	67	0.1641791
NODE_67770_length_419_cov_491.015625	0	67	23	2	67	0.0298507
NODE_67770_length_419_cov_491.015625	0	67	25	4	67	0.0597015
NODE_67770_length_419_cov_491.015625	0	67	26	1	67	0.0149254
NODE_67770_length_419_cov_491.015625	0	67	28	5	67	0.0746269
NODE_67770_length_419_cov_491.015625	0	67	31	1	67	0.0149254
NODE_67770_length_419_cov_491.015625	0	67	32	1	67	0.0149254
NODE_67770_length_419_cov_491.015625	0	67	33	1	67	0.0149254
NODE_67770_length_419_cov_491.015625	0	67	34	6	67	0.0895522
NODE_67770_length_419_cov_491.015625	0	67	0	4	67	0.0597015
NODE_67770_length_419_cov_491.015625	0	67	4	5	67	0.0746269
NODE_67770_length_419_cov_491.015625	0	67	6	1	67	0.0149254
NODE_67770_length_419_cov_491.015625	0	67	8	1	67	0.0149254
NODE_67770_length_419_cov_491.015625	0	67	9	1	67	0.0149254
NODE_67770_length_419_cov_491.015625	0	67	10	12	67	0.1791045
NODE_67770_length_419_cov_491.015625	0	67	16	7	67	0.1044776
NODE_67770_length_419_cov_491.015625	0	67	17	1	67	0.0149254
NODE_67770_length_419_cov_491.015625	0	67	19	2	67	0.0298507
NODE_67770_length_419_cov_491.015625	0	67	21	1	67	0.0149254
NODE_67770_length_419_cov_491.015625	0	67	22	11	67	0.1641791
NODE_67770_length_419_cov_491.015625	0	67	23	2	67	0.0298507
NODE_67770_length_419_cov_491.015625	0	67	25	4	67	0.0597015
NODE_67770_length_419_cov_491.015625	0	67	26	1	67	0.0149254
NODE_67770_length_419_cov_491.015625	0	67	28	5	67	0.0746269
NODE_67770_length_419_cov_491.015625	0	67	31	1	67	0.0149254
NODE_67770_length_419_cov_491.015625	0	67	32	1	67	0.0149254
NODE_67770_length_419_cov_491.015625	0	67	33	1	67	0.0149254
NODE_67770_length_419_cov_491.015625	0	67	34	6	67	0.0895522
NODE_67770_length_419_cov_491.015625	0	67	0	4	67	0.0597015
NODE_67770_length_419_cov_491.015625	0	67	4	5	67	0.0746269
NODE_67770_length_419_cov_491.015625	0	67	6	1	67	0.0149254
NODE_67770_length_419_cov_491.015625	0	67	8	1	67	0.0149254
NODE_67770_length_419_cov_491.015625	0	67	9	1	67	0.0149254
NODE_67770_length_419_cov_491.015625	0	67	10	12	67	0.1791045
NODE_67770_length_419_cov_491.015625	0	67	16	7	67	0.1044776
NODE_67770_length_419_cov_491.015625	0	67	17	1	67	0.0149254
NODE_67770_length_419_cov_491.015625	0	67	19	2	67	0.0298507
NODE_67770_length_419_cov_491.015625	0	67	21	1	67	0.0149254
NODE_67770_length_419_cov_491.015625	0	67	22	11	67	0.1641791
NODE_67770_length_419_cov_491.015625	0	67	23	2	67	0.0298507
NODE_67770_length_419_cov_491.015625	0	67	25	4	67	0.0597015
NODE_67770_length_419_cov_491.015625	0	67	26	1	67	0.0149254
NODE_67770_length_419_cov_491.015625	0	67	28	5	67	0.0746269
NODE_67770_length_419_cov_491.015625	0	67	31	1	67	0.0149254
NODE_67770_length_419_cov_491.015625	0	67	32	1	67	0.0149254
NODE_67770_length_419_cov_491.015625	0	67	33	1	67	0.0149254
NODE_67770_length_419_cov_491.015625	0	67	34	6	67	0.0895522
NODE_67770_length_419_cov_491.015625	0	67	0	4	67	0.0597015
NODE_67770_length_419_cov_491.015625	0	67	4	5	67	0.0746269
NODE_67770_length_419_cov_491.015625	0	67	6	1	67	0.0149254
NODE_67770_length_419_cov_491.015625	0	67	8	1	67	0.0149254
NODE_67770_length_419_cov_491.015625	0	67	9	1	67	0.0149254
NODE_67770_length_419_cov_491.015625	0	67	10	12	67	0.1791045
NODE_67770_length_419_cov_491.015625	0	67	16	7	67	0.1044776
NODE_67770_length_419_cov_491.015625	0	67	17	1	67	0.0149254
NODE_67770_length_419_cov_491.015625	0	67	19	2	67	0.0298507
NODE_67770_length_419_cov_491.015625	0	67	21	1	67	0.0149254
NODE_67770_length_419_cov_491.015625	0	67	22	11	67	0.1641791
NODE_67770_length_419_cov_491.015625	0	67	23	2	67	0.0298507
NODE_67770_length_419_cov_491.015625	0	67	25	4	67	0.0597015
NODE_67770_length_419_cov_491.015625	0	67	26	1	67	0.0149254
NODE_67770_length_419_cov_491.015625	0	67	28	5	67	0.0746269
NODE_67770_length_419_cov_491.015625	0	67	31	1	67	0.0149254
NODE_67770_length_419_cov_491.015625	0	67	32	1	67	0.0149254
NODE_67770_length_419_cov_491.015625	0	67	33	1	67	0.0149254
NODE_67770_length_419_cov_491.015625	0	67	34	6	67	0.0895522
NODE_67770_length_419_cov_491.015625	63	143	34	8	80	0.1000000
NODE_67770_length_419_cov_491.015625	63	143	38	2	80	0.0250000
NODE_67770_length_419_cov_491.015625	63	143	40	6	80	0.0750000
NODE_67770_length_419_cov_491.015625	63	143	41	2	80	0.0250000
NODE_67770_length_419_cov_491.015625	63	143	43	1	80	0.0125000
NODE_67770_length_419_cov_491.015625	63	143	47	1	80	0.0125000
NODE_67770_length_419_cov_491.015625	63	143	49	8	80	0.1000000
NODE_67770_length_419_cov_491.015625	63	143	50	1	80	0.0125000
NODE_67770_length_419_cov_491.015625	63	143	52	9	80	0.1125000
NODE_67770_length_419_cov_491.015625	63	143	54	1	80	0.0125000
NODE_67770_length_419_cov_491.015625	63	143	60	11	80	0.1375000
NODE_67770_length_419_cov_491.015625	63	143	72	1	80	0.0125000
NODE_67770_length_419_cov_491.015625	63	143	76	4	80	0.0500000
NODE_67770_length_419_cov_491.015625	63	143	78	15	80	0.1875000
NODE_67770_length_419_cov_491.015625	63	143	80	10	80	0.1250000
NODE_67770_length_419_cov_491.015625	63	143	34	8	80	0.1000000
NODE_67770_length_419_cov_491.015625	63	143	38	2	80	0.0250000
NODE_67770_length_419_cov_491.015625	63	143	40	6	80	0.0750000
NODE_67770_length_419_cov_491.015625	63	143	41	2	80	0.0250000
NODE_67770_length_419_cov_491.015625	63	143	43	1	80	0.0125000
NODE_67770_length_419_cov_491.015625	63	143	47	1	80	0.0125000
NODE_67770_length_419_cov_491.015625	63	143	49	8	80	0.1000000
NODE_67770_length_419_cov_491.015625	63	143	50	1	80	0.0125000
NODE_67770_length_419_cov_491.015625	63	143	52	9	80	0.1125000
NODE_67770_length_419_cov_491.015625	63	143	54	1	80	0.0125000
NODE_67770_length_419_cov_491.015625	63	143	60	11	80	0.1375000
NODE_67770_length_419_cov_491.015625	63	143	72	1	80	0.0125000
NODE_67770_length_419_cov_491.015625	63	143	76	4	80	0.0500000
NODE_67770_length_419_cov_491.015625	63	143	78	15	80	0.1875000
NODE_67770_length_419_cov_491.015625	63	143	80	10	80	0.1250000
NODE_67770_length_419_cov_491.015625	63	143	34	8	80	0.1000000
NODE_67770_length_419_cov_491.015625	63	143	38	2	80	0.0250000
NODE_67770_length_419_cov_491.015625	63	143	40	6	80	0.0750000
NODE_67770_length_419_cov_491.015625	63	143	41	2	80	0.0250000
NODE_67770_length_419_cov_491.015625	63	143	43	1	80	0.0125000
NODE_67770_length_419_cov_491.015625	63	143	47	1	80	0.0125000
NODE_67770_length_419_cov_491.015625	63	143	49	8	80	0.1000000
NODE_67770_length_419_cov_491.015625	63	143	50	1	80	0.0125000
NODE_67770_length_419_cov_491.015625	63	143	52	9	80	0.1125000
NODE_67770_length_419_cov_491.015625	63	143	54	1	80	0.0125000
NODE_67770_length_419_cov_491.015625	63	143	60	11	80	0.1375000
NODE_67770_length_419_cov_491.015625	63	143	72	1	80	0.0125000
NODE_67770_length_419_cov_491.015625	63	143	76	4	80	0.0500000
NODE_67770_length_419_cov_491.015625	63	143	78	15	80	0.1875000
NODE_67770_length_419_cov_491.015625	63	143	80	10	80	0.1250000
NODE_67770_length_419_cov_491.015625	116	196	64	11	80	0.1375000
NODE_67770_length_419_cov_491.015625	116	196	65	2	80	0.0250000
NODE_67770_length_419_cov_491.015625	116	196	67	6	80	0.0750000
NODE_67770_length_419_cov_491.015625	116	196	69	3	80	0.0375000
NODE_67770_length_419_cov_491.015625	116	196	76	3	80	0.0375000
NODE_67770_length_419_cov_491.015625	116	196	77	5	80	0.0625000
NODE_67770_length_419_cov_491.015625	116	196	78	21	80	0.2625000
NODE_67770_length_419_cov_491.015625	116	196	79	4	80	0.0500000
NODE_67770_length_419_cov_491.015625	116	196	80	22	80	0.2750000
NODE_67770_length_419_cov_491.015625	116	196	82	3	80	0.0375000
NODE_67770_length_419_cov_491.015625	116	196	64	11	80	0.1375000
NODE_67770_length_419_cov_491.015625	116	196	65	2	80	0.0250000
NODE_67770_length_419_cov_491.015625	116	196	67	6	80	0.0750000
NODE_67770_length_419_cov_491.015625	116	196	69	3	80	0.0375000
NODE_67770_length_419_cov_491.015625	116	196	76	3	80	0.0375000
NODE_67770_length_419_cov_491.015625	116	196	77	5	80	0.0625000
NODE_67770_length_419_cov_491.015625	116	196	78	21	80	0.2625000
NODE_67770_length_419_cov_491.015625	116	196	79	4	80	0.0500000
NODE_67770_length_419_cov_491.015625	116	196	80	22	80	0.2750000
NODE_67770_length_419_cov_491.015625	116	196	82	3	80	0.0375000
NODE_67770_length_419_cov_491.015625	116	196	64	11	80	0.1375000
NODE_67770_length_419_cov_491.015625	116	196	65	2	80	0.0250000
NODE_67770_length_419_cov_491.015625	116	196	67	6	80	0.0750000
NODE_67770_length_419_cov_491.015625	116	196	69	3	80	0.0375000
NODE_67770_length_419_cov_491.015625	116	196	76	3	80	0.0375000
NODE_67770_length_419_cov_491.015625	116	196	77	5	80	0.0625000
NODE_67770_length_419_cov_491.015625	116	196	78	21	80	0.2625000
NODE_67770_length_419_cov_491.015625	116	196	79	4	80	0.0500000
NODE_67770_length_419_cov_491.015625	116	196	80	22	80	0.2750000
NODE_67770_length_419_cov_491.015625	116	196	82	3	80	0.0375000
NODE_67770_length_419_cov_491.015625	116	196	64	11	80	0.1375000
NODE_67770_length_419_cov_491.015625	116	196	65	2	80	0.0250000
NODE_67770_length_419_cov_491.015625	116	196	67	6	80	0.0750000
NODE_67770_length_419_cov_491.015625	116	196	69	3	80	0.0375000
NODE_67770_length_419_cov_491.015625	116	196	76	3	80	0.0375000
NODE_67770_length_419_cov_491.015625	116	196	77	5	80	0.0625000
NODE_67770_length_419_cov_491.015625	116	196	78	21	80	0.2625000
NODE_67770_length_419_cov_491.015625	116	196	79	4	80	0.0500000
NODE_67770_length_419_cov_491.015625	116	196	80	22	80	0.2750000
NODE_67770_length_419_cov_491.015625	116	196	82	3	80	0.0375000
NODE_67770_length_419_cov_491.015625	116	196	64	11	80	0.1375000
NODE_67770_length_419_cov_491.015625	116	196	65	2	80	0.0250000
NODE_67770_length_419_cov_491.015625	116	196	67	6	80	0.0750000
NODE_67770_length_419_cov_491.015625	116	196	69	3	80	0.0375000
NODE_67770_length_419_cov_491.015625	116	196	76	3	80	0.0375000
NODE_67770_length_419_cov_491.015625	116	196	77	5	80	0.0625000
NODE_67770_length_419_cov_491.015625	116	196	78	21	80	0.2625000
NODE_67770_length_419_cov_491.015625	116	196	79	4	80	0.0500000
NODE_67770_length_419_cov_491.015625	116	196	80	22	80	0.2750000
NODE_67770_length_419_cov_491.015625	116	196	82	3	80	0.0375000
NODE_67772_length_419_cov_31.725000	12	92	0	80	80	1.0000000
NODE_67772_length_419_cov_31.725000	65	145	0	80	80	1.0000000
NODE_67789_length_419_cov_4.862500	47	103	0	2	56	0.0357143
NODE_67789_length_419_cov_4.862500	47	103	2	54	56	0.9642857
NODE_67789_length_419_cov_4.862500	258	327	0	12	69	0.1739130
NODE_67789_length_419_cov_4.862500	258	327	2	57	69	0.8260869
NODE_67789_length_419_cov_4.862500	284	328	2	44	44	1.0000000
NODE_67803_length_419_cov_4.193750	215	262	0	47	47	1.0000000
NODE_67803_length_419_cov_4.193750	235	275	0	40	40	1.0000000
NODE_67817_length_419_cov_3.696875	165	215	0	50	50	1.0000000
NODE_67854_length_419_cov_2.628125	234	314	2	35	80	0.4375000
NODE_67854_length_419_cov_2.628125	234	314	6	16	80	0.2000000
NODE_67854_length_419_cov_2.628125	234	314	8	29	80	0.3625000
NODE_67856_length_419_cov_2.603125	154	196	0	17	42	0.4047619
NODE_67856_length_419_cov_2.603125	154	196	2	25	42	0.5952381
NODE_67878_length_419_cov_2.350000	156	220	0	3	64	0.0468750
NODE_67878_length_419_cov_2.350000	156	220	4	7	64	0.1093750
NODE_67878_length_419_cov_2.350000	156	220	6	54	64	0.8437500
NODE_67961_length_419_cov_1.593750	339	358	0	19	19	1.0000000
NODE_68250_length_418_cov_63.059561	105	186	0	81	81	1.0000000
NODE_68250_length_418_cov_63.059561	159	239	0	80	80	1.0000000
NODE_68251_length_418_cov_49.796238	325	405	13	1	80	0.0125000
NODE_68251_length_418_cov_49.796238	325	405	14	5	80	0.0625000
NODE_68251_length_418_cov_49.796238	325	405	15	6	80	0.0750000
NODE_68251_length_418_cov_49.796238	325	405	21	2	80	0.0250000
NODE_68251_length_418_cov_49.796238	325	405	22	1	80	0.0125000
NODE_68251_length_418_cov_49.796238	325	405	26	1	80	0.0125000
NODE_68251_length_418_cov_49.796238	325	405	28	4	80	0.0500000
NODE_68251_length_418_cov_49.796238	325	405	29	7	80	0.0875000
NODE_68251_length_418_cov_49.796238	325	405	31	7	80	0.0875000
NODE_68251_length_418_cov_49.796238	325	405	33	3	80	0.0375000
NODE_68251_length_418_cov_49.796238	325	405	35	2	80	0.0250000
NODE_68251_length_418_cov_49.796238	325	405	39	3	80	0.0375000
NODE_68251_length_418_cov_49.796238	325	405	42	4	80	0.0500000
NODE_68251_length_418_cov_49.796238	325	405	43	1	80	0.0125000
NODE_68251_length_418_cov_49.796238	325	405	44	2	80	0.0250000
NODE_68251_length_418_cov_49.796238	325	405	45	3	80	0.0375000
NODE_68251_length_418_cov_49.796238	325	405	46	4	80	0.0500000
NODE_68251_length_418_cov_49.796238	325	405	47	9	80	0.1125000
NODE_68251_length_418_cov_49.796238	325	405	49	10	80	0.1250000
NODE_68251_length_418_cov_49.796238	325	405	55	5	80	0.0625000
NODE_68251_length_418_cov_49.796238	378	415	7	3	37	0.0810811
NODE_68251_length_418_cov_49.796238	378	415	13	8	37	0.2162162
NODE_68251_length_418_cov_49.796238	378	415	14	5	37	0.1351351
NODE_68251_length_418_cov_49.796238	378	415	15	6	37	0.1621622
NODE_68251_length_418_cov_49.796238	378	415	21	2	37	0.0540541
NODE_68251_length_418_cov_49.796238	378	415	22	1	37	0.0270270
NODE_68251_length_418_cov_49.796238	378	415	26	1	37	0.0270270
NODE_68251_length_418_cov_49.796238	378	415	28	4	37	0.1081081
NODE_68251_length_418_cov_49.796238	378	415	29	7	37	0.1891892
NODE_68252_length_418_cov_42.764890	119	196	0	61	77	0.7922078
NODE_68252_length_418_cov_42.764890	119	196	2	7	77	0.0909091
NODE_68252_length_418_cov_42.764890	119	196	6	9	77	0.1168831
NODE_68252_length_418_cov_42.764890	172	250	0	8	78	0.1025641
NODE_68252_length_418_cov_42.764890	172	250	2	7	78	0.0897436
NODE_68252_length_418_cov_42.764890	172	250	6	23	78	0.2948718
NODE_68252_length_418_cov_42.764890	172	250	8	40	78	0.5128205
NODE_68253_length_418_cov_23.830721	73	153	6	11	80	0.1375000
NODE_68253_length_418_cov_23.830721	73	153	8	69	80	0.8625000
NODE_68253_length_418_cov_23.830721	126	200	0	32	74	0.4324324
NODE_68253_length_418_cov_23.830721	126	200	6	26	74	0.3513514
NODE_68253_length_418_cov_23.830721	126	200	8	16	74	0.2162162
NODE_68255_length_418_cov_7.216301	211	291	0	65	80	0.8125000
NODE_68255_length_418_cov_7.216301	211	291	2	15	80	0.1875000
NODE_68265_length_418_cov_5.382445	134	215	0	81	81	1.0000000
NODE_68265_length_418_cov_5.382445	187	268	0	81	81	1.0000000
NODE_68275_length_418_cov_4.463950	191	272	2	38	81	0.4691358
NODE_68275_length_418_cov_4.463950	191	272	3	12	81	0.1481481
NODE_68275_length_418_cov_4.463950	191	272	4	31	81	0.3827161
NODE_68280_length_418_cov_4.216301	148	230	0	82	82	1.0000000
NODE_68281_length_418_cov_4.065831	211	280	1	3	69	0.0434783
NODE_68281_length_418_cov_4.065831	211	280	3	43	69	0.6231884
NODE_68281_length_418_cov_4.065831	211	280	4	23	69	0.3333333
NODE_68284_length_418_cov_3.909091	95	175	0	10	80	0.1250000
NODE_68284_length_418_cov_3.909091	95	175	1	1	80	0.0125000
NODE_68284_length_418_cov_3.909091	95	175	2	8	80	0.1000000
NODE_68284_length_418_cov_3.909091	95	175	4	4	80	0.0500000
NODE_68284_length_418_cov_3.909091	95	175	5	5	80	0.0625000
NODE_68284_length_418_cov_3.909091	95	175	7	1	80	0.0125000
NODE_68284_length_418_cov_3.909091	95	175	13	1	80	0.0125000
NODE_68284_length_418_cov_3.909091	95	175	15	13	80	0.1625000
NODE_68284_length_418_cov_3.909091	95	175	16	37	80	0.4625000
NODE_68284_length_418_cov_3.909091	148	224	0	10	76	0.1315790
NODE_68284_length_418_cov_3.909091	148	224	1	1	76	0.0131579
NODE_68284_length_418_cov_3.909091	148	224	2	8	76	0.1052632
NODE_68284_length_418_cov_3.909091	148	224	4	2	76	0.0263158
NODE_68284_length_418_cov_3.909091	148	224	5	5	76	0.0657895
NODE_68284_length_418_cov_3.909091	148	224	7	1	76	0.0131579
NODE_68284_length_418_cov_3.909091	148	224	11	8	76	0.1052632
NODE_68284_length_418_cov_3.909091	148	224	14	35	76	0.4605263
NODE_68284_length_418_cov_3.909091	148	224	16	6	76	0.0789474
NODE_68288_length_418_cov_3.749216	181	247	2	66	66	1.0000000
NODE_68289_length_418_cov_3.711599	249	313	0	55	64	0.8593750
NODE_68289_length_418_cov_3.711599	249	313	2	9	64	0.1406250
NODE_68307_length_418_cov_3.012539	101	181	0	80	80	1.0000000
NODE_68354_length_418_cov_2.376176	95	115	0	20	20	1.0000000
NODE_68436_length_418_cov_1.623824	47	128	0	81	81	1.0000000
NODE_68436_length_418_cov_1.623824	239	268	10	29	29	1.0000000
NODE_68682_length_418_cov_0.626959	255	299	0	44	44	1.0000000
NODE_68708_length_417_cov_45.267296	212	292	0	80	80	1.0000000
NODE_68708_length_417_cov_45.267296	265	345	0	80	80	1.0000000
NODE_68708_length_417_cov_45.267296	341	417	0	76	76	1.0000000
NODE_68709_length_417_cov_36.006289	159	239	0	80	80	1.0000000
NODE_68711_length_417_cov_12.886792	193	273	0	11	80	0.1375000
NODE_68711_length_417_cov_12.886792	193	273	2	69	80	0.8625000
NODE_68711_length_417_cov_12.886792	246	326	0	38	80	0.4750000
NODE_68711_length_417_cov_12.886792	246	326	2	42	80	0.5250000
NODE_68717_length_417_cov_7.056604	210	271	0	61	61	1.0000000
NODE_68717_length_417_cov_7.056604	263	315	0	52	52	1.0000000
NODE_68718_length_417_cov_6.669811	194	264	10	15	70	0.2142857
NODE_68718_length_417_cov_6.669811	194	264	12	55	70	0.7857143
NODE_68779_length_417_cov_2.795597	20	91	0	71	71	1.0000000
NODE_69163_length_416_cov_115.782334	174	259	1	7	85	0.0823529
NODE_69163_length_416_cov_115.782334	174	259	6	4	85	0.0470588
NODE_69163_length_416_cov_115.782334	174	259	10	1	85	0.0117647
NODE_69163_length_416_cov_115.782334	174	259	17	1	85	0.0117647
NODE_69163_length_416_cov_115.782334	174	259	23	2	85	0.0235294
NODE_69163_length_416_cov_115.782334	174	259	27	3	85	0.0352941
NODE_69163_length_416_cov_115.782334	174	259	29	1	85	0.0117647
NODE_69163_length_416_cov_115.782334	174	259	31	2	85	0.0235294
NODE_69163_length_416_cov_115.782334	174	259	35	4	85	0.0470588
NODE_69163_length_416_cov_115.782334	174	259	37	1	85	0.0117647
NODE_69163_length_416_cov_115.782334	174	259	38	3	85	0.0352941
NODE_69163_length_416_cov_115.782334	174	259	44	3	85	0.0352941
NODE_69163_length_416_cov_115.782334	174	259	55	4	85	0.0470588
NODE_69163_length_416_cov_115.782334	174	259	57	3	85	0.0352941
NODE_69163_length_416_cov_115.782334	174	259	61	1	85	0.0117647
NODE_69163_length_416_cov_115.782334	174	259	65	6	85	0.0705882
NODE_69163_length_416_cov_115.782334	174	259	67	2	85	0.0235294
NODE_69163_length_416_cov_115.782334	174	259	69	4	85	0.0470588
NODE_69163_length_416_cov_115.782334	174	259	72	1	85	0.0117647
NODE_69163_length_416_cov_115.782334	174	259	74	4	85	0.0470588
NODE_69163_length_416_cov_115.782334	174	259	79	1	85	0.0117647
NODE_69163_length_416_cov_115.782334	174	259	81	5	85	0.0588235
NODE_69163_length_416_cov_115.782334	174	259	85	2	85	0.0235294
NODE_69163_length_416_cov_115.782334	174	259	87	16	85	0.1882353
NODE_69163_length_416_cov_115.782334	174	259	89	1	85	0.0117647
NODE_69163_length_416_cov_115.782334	174	259	90	2	85	0.0235294
NODE_69163_length_416_cov_115.782334	174	259	91	1	85	0.0117647
NODE_69164_length_416_cov_70.678233	180	244	8	10	64	0.1562500
NODE_69164_length_416_cov_70.678233	180	244	10	19	64	0.2968750
NODE_69164_length_416_cov_70.678233	180	244	12	1	64	0.0156250
NODE_69164_length_416_cov_70.678233	180	244	14	4	64	0.0625000
NODE_69164_length_416_cov_70.678233	180	244	16	6	64	0.0937500
NODE_69164_length_416_cov_70.678233	180	244	18	3	64	0.0468750
NODE_69164_length_416_cov_70.678233	180	244	22	21	64	0.3281250
NODE_69166_length_416_cov_39.933754	288	368	0	80	80	1.0000000
NODE_69166_length_416_cov_39.933754	341	416	0	75	75	1.0000000
NODE_69167_length_416_cov_37.334385	158	238	4	2	80	0.0250000
NODE_69167_length_416_cov_37.334385	158	238	7	1	80	0.0125000
NODE_69167_length_416_cov_37.334385	158	238	8	8	80	0.1000000
NODE_69167_length_416_cov_37.334385	158	238	9	6	80	0.0750000
NODE_69167_length_416_cov_37.334385	158	238	10	4	80	0.0500000
NODE_69167_length_416_cov_37.334385	158	238	18	13	80	0.1625000
NODE_69167_length_416_cov_37.334385	158	238	19	22	80	0.2750000
NODE_69167_length_416_cov_37.334385	158	238	20	24	80	0.3000000
NODE_69167_length_416_cov_37.334385	211	291	2	36	80	0.4500000
NODE_69167_length_416_cov_37.334385	211	291	4	19	80	0.2375000
NODE_69167_length_416_cov_37.334385	211	291	7	1	80	0.0125000
NODE_69167_length_416_cov_37.334385	211	291	8	8	80	0.1000000
NODE_69167_length_416_cov_37.334385	211	291	9	6	80	0.0750000
NODE_69167_length_416_cov_37.334385	211	291	10	4	80	0.0500000
NODE_69167_length_416_cov_37.334385	211	291	19	6	80	0.0750000
NODE_69167_length_416_cov_37.334385	287	367	1	65	80	0.8125000
NODE_69167_length_416_cov_37.334385	287	367	2	15	80	0.1875000
NODE_69167_length_416_cov_37.334385	340	416	0	44	76	0.5789474
NODE_69167_length_416_cov_37.334385	340	416	1	32	76	0.4210526
NODE_69179_length_416_cov_5.242902	89	169	0	80	80	1.0000000
NODE_69179_length_416_cov_5.242902	142	222	0	80	80	1.0000000
NODE_69184_length_416_cov_4.892744	79	145	0	66	66	1.0000000
NODE_69184_length_416_cov_4.892744	194	272	0	78	78	1.0000000
NODE_69184_length_416_cov_4.892744	247	272	0	25	25	1.0000000
NODE_69204_length_416_cov_3.886435	79	136	4	57	57	1.0000000
NODE_69279_length_416_cov_2.230284	10	90	0	38	80	0.4750000
NODE_69279_length_416_cov_2.230284	10	90	2	7	80	0.0875000
NODE_69279_length_416_cov_2.230284	10	90	4	35	80	0.4375000
NODE_69399_length_416_cov_1.520505	198	244	0	4	46	0.0869565
NODE_69399_length_416_cov_1.520505	198	244	3	1	46	0.0217391
NODE_69399_length_416_cov_1.520505	198	244	4	41	46	0.8913044
NODE_69399_length_416_cov_1.520505	261	328	4	67	67	1.0000000
NODE_69673_length_415_cov_35.924051	260	339	0	2	79	0.0253165
NODE_69673_length_415_cov_35.924051	260	339	2	77	79	0.9746835
NODE_69673_length_415_cov_35.924051	316	392	0	44	76	0.5789474
NODE_69673_length_415_cov_35.924051	316	392	2	32	76	0.4210526
NODE_69679_length_415_cov_6.376582	117	197	0	6	80	0.0750000
NODE_69679_length_415_cov_6.376582	117	197	2	3	80	0.0375000
NODE_69679_length_415_cov_6.376582	117	197	4	7	80	0.0875000
NODE_69679_length_415_cov_6.376582	117	197	5	1	80	0.0125000
NODE_69679_length_415_cov_6.376582	117	197	6	63	80	0.7875000
NODE_69679_length_415_cov_6.376582	254	334	0	16	80	0.2000000
NODE_69679_length_415_cov_6.376582	254	334	2	64	80	0.8000000
NODE_69774_length_415_cov_2.224684	144	224	2	34	80	0.4250000
NODE_69774_length_415_cov_2.224684	144	224	4	46	80	0.5750000
NODE_69795_length_415_cov_2.069620	207	273	2	66	66	1.0000000
NODE_69817_length_415_cov_1.832278	225	283	0	56	58	0.9655172
NODE_69817_length_415_cov_1.832278	225	283	2	2	58	0.0344828
NODE_69845_length_415_cov_1.610759	90	170	18	1	80	0.0125000
NODE_69845_length_415_cov_1.610759	90	170	20	3	80	0.0375000
NODE_69845_length_415_cov_1.610759	90	170	24	1	80	0.0125000
NODE_69845_length_415_cov_1.610759	90	170	27	7	80	0.0875000
NODE_69845_length_415_cov_1.610759	90	170	29	2	80	0.0250000
NODE_69845_length_415_cov_1.610759	90	170	31	5	80	0.0625000
NODE_69845_length_415_cov_1.610759	90	170	33	2	80	0.0250000
NODE_69845_length_415_cov_1.610759	90	170	35	4	80	0.0500000
NODE_69845_length_415_cov_1.610759	90	170	37	55	80	0.6875000
NODE_69845_length_415_cov_1.610759	335	376	0	41	41	1.0000000
NODE_70175_length_414_cov_46.263492	0	49	0	49	49	1.0000000
NODE_70175_length_414_cov_46.263492	22	102	0	80	80	1.0000000
NODE_70183_length_414_cov_7.460317	167	247	0	80	80	1.0000000
NODE_70183_length_414_cov_7.460317	220	300	0	80	80	1.0000000
NODE_70192_length_414_cov_5.676190	54	134	3	70	80	0.8750000
NODE_70192_length_414_cov_5.676190	54	134	4	10	80	0.1250000
NODE_70192_length_414_cov_5.676190	107	187	0	22	80	0.2750000
NODE_70192_length_414_cov_5.676190	107	187	3	48	80	0.6000000
NODE_70192_length_414_cov_5.676190	107	187	4	10	80	0.1250000
NODE_70222_length_414_cov_4.130159	257	303	4	46	46	1.0000000
NODE_70222_length_414_cov_4.130159	276	356	0	7	80	0.0875000
NODE_70222_length_414_cov_4.130159	276	356	2	7	80	0.0875000
NODE_70222_length_414_cov_4.130159	276	356	4	66	80	0.8250000
NODE_70254_length_414_cov_2.996825	75	135	8	1	60	0.0166667
NODE_70254_length_414_cov_2.996825	75	135	10	8	60	0.1333333
NODE_70254_length_414_cov_2.996825	75	135	12	51	60	0.8500000
NODE_70271_length_414_cov_2.631746	68	145	0	77	77	1.0000000
NODE_70284_length_414_cov_2.473016	164	197	2	33	33	1.0000000
NODE_70284_length_414_cov_2.473016	170	255	2	85	85	1.0000000
NODE_70305_length_414_cov_2.222222	185	260	0	3	75	0.0400000
NODE_70305_length_414_cov_2.222222	185	260	2	2	75	0.0266667
NODE_70305_length_414_cov_2.222222	185	260	4	2	75	0.0266667
NODE_70305_length_414_cov_2.222222	185	260	6	9	75	0.1200000
NODE_70305_length_414_cov_2.222222	185	260	8	42	75	0.5600000
NODE_70305_length_414_cov_2.222222	185	260	10	17	75	0.2266667
NODE_70305_length_414_cov_2.222222	233	304	6	6	71	0.0845070
NODE_70305_length_414_cov_2.222222	233	304	8	14	71	0.1971831
NODE_70305_length_414_cov_2.222222	233	304	10	51	71	0.7183099
NODE_70307_length_414_cov_2.206349	88	163	2	17	75	0.2266667
NODE_70307_length_414_cov_2.206349	88	163	4	40	75	0.5333334
NODE_70307_length_414_cov_2.206349	88	163	6	18	75	0.2400000
NODE_70326_length_414_cov_2.047619	298	349	0	51	51	1.0000000
NODE_70486_length_414_cov_1.177778	106	190	0	84	84	1.0000000
NODE_70494_length_414_cov_1.155556	0	23	0	23	23	1.0000000
NODE_70690_length_413_cov_41.471338	35	115	2	8	80	0.1000000
NODE_70690_length_413_cov_41.471338	35	115	4	72	80	0.9000000
NODE_70690_length_413_cov_41.471338	35	115	2	8	80	0.1000000
NODE_70690_length_413_cov_41.471338	35	115	4	72	80	0.9000000
NODE_70690_length_413_cov_41.471338	88	168	0	17	80	0.2125000
NODE_70690_length_413_cov_41.471338	88	168	2	21	80	0.2625000
NODE_70690_length_413_cov_41.471338	88	168	4	42	80	0.5250000
NODE_70690_length_413_cov_41.471338	88	168	0	17	80	0.2125000
NODE_70690_length_413_cov_41.471338	88	168	2	21	80	0.2625000
NODE_70690_length_413_cov_41.471338	88	168	4	42	80	0.5250000
NODE_70691_length_413_cov_16.687898	222	302	8	7	80	0.0875000
NODE_70691_length_413_cov_16.687898	222	302	10	73	80	0.9125000
NODE_70691_length_413_cov_16.687898	275	355	0	26	80	0.3250000
NODE_70691_length_413_cov_16.687898	275	355	2	8	80	0.1000000
NODE_70691_length_413_cov_16.687898	275	355	5	2	80	0.0250000
NODE_70691_length_413_cov_16.687898	275	355	8	21	80	0.2625000
NODE_70691_length_413_cov_16.687898	275	355	10	23	80	0.2875000
NODE_70699_length_413_cov_7.057325	170	250	12	6	80	0.0750000
NODE_70699_length_413_cov_7.057325	170	250	13	28	80	0.3500000
NODE_70699_length_413_cov_7.057325	170	250	14	4	80	0.0500000
NODE_70699_length_413_cov_7.057325	170	250	15	12	80	0.1500000
NODE_70699_length_413_cov_7.057325	170	250	16	27	80	0.3375000
NODE_70699_length_413_cov_7.057325	170	250	17	3	80	0.0375000
NODE_70699_length_413_cov_7.057325	223	300	2	12	77	0.1558442
NODE_70699_length_413_cov_7.057325	223	300	7	11	77	0.1428571
NODE_70699_length_413_cov_7.057325	223	300	11	3	77	0.0389610
NODE_70699_length_413_cov_7.057325	223	300	13	51	77	0.6623377
NODE_70703_length_413_cov_5.665605	125	182	0	57	57	1.0000000
NODE_70712_length_413_cov_4.754777	140	184	0	44	44	1.0000000
NODE_70743_length_413_cov_3.506369	113	193	2	24	80	0.3000000
NODE_70743_length_413_cov_3.506369	113	193	4	56	80	0.7000000
NODE_70749_length_413_cov_3.235669	251	331	0	80	80	1.0000000
NODE_70749_length_413_cov_3.235669	304	356	0	52	52	1.0000000
NODE_70792_length_413_cov_2.484076	209	257	2	48	48	1.0000000
NODE_70835_length_413_cov_1.949045	224	296	0	72	72	1.0000000
NODE_71196_length_412_cov_9.996805	172	244	0	72	72	1.0000000
NODE_71218_length_412_cov_4.686901	112	167	0	55	55	1.0000000
NODE_71253_length_412_cov_3.204473	44	124	0	29	80	0.3625000
NODE_71253_length_412_cov_3.204473	44	124	2	51	80	0.6375000
NODE_71276_length_412_cov_2.824281	225	305	0	80	80	1.0000000
NODE_71371_length_412_cov_1.782748	262	342	2	5	80	0.0625000
NODE_71371_length_412_cov_1.782748	262	342	4	75	80	0.9375000
NODE_71398_length_412_cov_1.603834	143	182	0	15	39	0.3846154
NODE_71398_length_412_cov_1.603834	143	182	4	9	39	0.2307692
NODE_71398_length_412_cov_1.603834	143	182	6	1	39	0.0256410
NODE_71398_length_412_cov_1.603834	143	182	8	3	39	0.0769231
NODE_71398_length_412_cov_1.603834	143	182	10	11	39	0.2820513
NODE_71665_length_411_cov_44.701923	4	72	0	68	68	1.0000000
NODE_71665_length_411_cov_44.701923	35	116	0	81	81	1.0000000
NODE_71665_length_411_cov_44.701923	161	242	0	81	81	1.0000000
NODE_71665_length_411_cov_44.701923	293	374	0	81	81	1.0000000
NODE_71665_length_411_cov_44.701923	337	411	0	74	74	1.0000000
NODE_71666_length_411_cov_43.144231	102	183	0	72	81	0.8888889
NODE_71666_length_411_cov_43.144231	102	183	2	9	81	0.1111111
NODE_71666_length_411_cov_43.144231	156	236	0	18	80	0.2250000
NODE_71666_length_411_cov_43.144231	156	236	2	13	80	0.1625000
NODE_71666_length_411_cov_43.144231	156	236	4	49	80	0.6125000
NODE_71666_length_411_cov_43.144231	232	312	4	47	80	0.5875000
NODE_71666_length_411_cov_43.144231	232	312	6	6	80	0.0750000
NODE_71666_length_411_cov_43.144231	232	312	8	27	80	0.3375000
NODE_71666_length_411_cov_43.144231	285	365	4	66	80	0.8250000
NODE_71666_length_411_cov_43.144231	285	365	6	6	80	0.0750000
NODE_71666_length_411_cov_43.144231	285	365	8	8	80	0.1000000
NODE_71672_length_411_cov_8.471154	133	213	0	80	80	1.0000000
NODE_71672_length_411_cov_8.471154	186	266	0	80	80	1.0000000
NODE_71673_length_411_cov_8.407051	133	220	2	2	87	0.0229885
NODE_71673_length_411_cov_8.407051	133	220	4	85	87	0.9770115
NODE_71675_length_411_cov_6.455128	249	316	0	67	67	1.0000000
NODE_71675_length_411_cov_6.455128	292	344	0	52	52	1.0000000
NODE_71687_length_411_cov_4.782051	98	178	4	80	80	1.0000000
NODE_71687_length_411_cov_4.782051	151	228	0	33	77	0.4285714
NODE_71687_length_411_cov_4.782051	151	228	4	44	77	0.5714286
NODE_71705_length_411_cov_3.698718	282	347	0	65	65	1.0000000
NODE_71713_length_411_cov_3.378205	88	148	2	2	60	0.0333333
NODE_71713_length_411_cov_3.378205	88	148	3	1	60	0.0166667
NODE_71713_length_411_cov_3.378205	88	148	4	3	60	0.0500000
NODE_71713_length_411_cov_3.378205	88	148	6	54	60	0.9000000
NODE_71714_length_411_cov_3.371795	145	225	4	80	80	1.0000000
NODE_71714_length_411_cov_3.371795	198	274	0	42	76	0.5526316
NODE_71714_length_411_cov_3.371795	198	274	2	6	76	0.0789474
NODE_71714_length_411_cov_3.371795	198	274	4	28	76	0.3684210
NODE_72163_length_410_cov_49.331190	320	400	0	80	80	1.0000000
NODE_72163_length_410_cov_49.331190	320	400	0	80	80	1.0000000
NODE_72163_length_410_cov_49.331190	320	400	0	80	80	1.0000000
NODE_72163_length_410_cov_49.331190	320	400	0	80	80	1.0000000
NODE_72163_length_410_cov_49.331190	320	400	0	80	80	1.0000000
NODE_72163_length_410_cov_49.331190	329	400	0	71	71	1.0000000
NODE_72169_length_410_cov_6.797428	179	259	0	80	80	1.0000000
NODE_72169_length_410_cov_6.797428	232	312	0	34	80	0.4250000
NODE_72169_length_410_cov_6.797428	232	312	2	46	80	0.5750000
NODE_72184_length_410_cov_5.102894	153	222	0	28	69	0.4057971
NODE_72184_length_410_cov_5.102894	153	222	2	41	69	0.5942029
NODE_72186_length_410_cov_4.884244	101	179	0	54	78	0.6923077
NODE_72186_length_410_cov_4.884244	101	179	2	24	78	0.3076923
NODE_72187_length_410_cov_4.787781	287	344	2	57	57	1.0000000
NODE_72187_length_410_cov_4.787781	340	397	0	39	57	0.6842105
NODE_72187_length_410_cov_4.787781	340	397	2	18	57	0.3157895
NODE_72194_length_410_cov_4.591640	245	303	9	1	58	0.0172414
NODE_72194_length_410_cov_4.591640	245	303	14	2	58	0.0344828
NODE_72194_length_410_cov_4.591640	245	303	18	11	58	0.1896552
NODE_72194_length_410_cov_4.591640	245	303	20	12	58	0.2068966
NODE_72194_length_410_cov_4.591640	245	303	22	4	58	0.0689655
NODE_72194_length_410_cov_4.591640	245	303	24	1	58	0.0172414
NODE_72194_length_410_cov_4.591640	245	303	31	2	58	0.0344828
NODE_72194_length_410_cov_4.591640	245	303	32	25	58	0.4310345
NODE_72194_length_410_cov_4.591640	298	356	16	3	58	0.0517241
NODE_72194_length_410_cov_4.591640	298	356	18	6	58	0.1034483
NODE_72194_length_410_cov_4.591640	298	356	22	6	58	0.1034483
NODE_72194_length_410_cov_4.591640	298	356	26	5	58	0.0862069
NODE_72194_length_410_cov_4.591640	298	356	28	1	58	0.0172414
NODE_72194_length_410_cov_4.591640	298	356	30	17	58	0.2931035
NODE_72194_length_410_cov_4.591640	298	356	32	20	58	0.3448276
NODE_72230_length_410_cov_3.215434	32	112	0	80	80	1.0000000
NODE_72230_length_410_cov_3.215434	85	165	0	80	80	1.0000000
NODE_72327_length_410_cov_1.913183	227	285	6	58	58	1.0000000
NODE_72526_length_410_cov_1.038585	272	316	4	44	44	1.0000000
NODE_72688_length_409_cov_11.506452	56	136	0	2	80	0.0250000
NODE_72688_length_409_cov_11.506452	56	136	2	51	80	0.6375000
NODE_72688_length_409_cov_11.506452	56	136	4	27	80	0.3375000
NODE_72688_length_409_cov_11.506452	109	189	2	31	80	0.3875000
NODE_72688_length_409_cov_11.506452	109	189	4	49	80	0.6125000
NODE_72689_length_409_cov_10.329032	131	186	0	55	55	1.0000000
NODE_72690_length_409_cov_9.625806	62	142	0	7	80	0.0875000
NODE_72690_length_409_cov_9.625806	62	142	6	37	80	0.4625000
NODE_72690_length_409_cov_9.625806	62	142	14	36	80	0.4500000
NODE_72690_length_409_cov_9.625806	115	195	14	80	80	1.0000000
NODE_72697_length_409_cov_6.867742	41	71	6	26	30	0.8666667
NODE_72697_length_409_cov_6.867742	41	71	8	4	30	0.1333333
NODE_72730_length_409_cov_3.822581	103	158	0	55	55	1.0000000
NODE_72730_length_409_cov_3.822581	151	232	0	81	81	1.0000000
NODE_72754_length_409_cov_2.987097	240	287	0	1	47	0.0212766
NODE_72754_length_409_cov_2.987097	240	287	6	46	47	0.9787234
NODE_72951_length_409_cov_1.319355	49	131	0	82	82	1.0000000
NODE_72951_length_409_cov_1.319355	104	161	0	57	57	1.0000000
NODE_73196_length_408_cov_8.585761	57	137	2	36	80	0.4500000
NODE_73196_length_408_cov_8.585761	57	137	4	29	80	0.3625000
NODE_73196_length_408_cov_8.585761	57	137	6	15	80	0.1875000
NODE_73196_length_408_cov_8.585761	110	190	2	15	80	0.1875000
NODE_73196_length_408_cov_8.585761	110	190	4	24	80	0.3000000
NODE_73196_length_408_cov_8.585761	110	190	6	41	80	0.5125000
NODE_73198_length_408_cov_6.948220	71	151	0	63	80	0.7875000
NODE_73198_length_408_cov_6.948220	71	151	2	8	80	0.1000000
NODE_73198_length_408_cov_6.948220	71	151	4	9	80	0.1125000
NODE_73198_length_408_cov_6.948220	124	204	0	10	80	0.1250000
NODE_73198_length_408_cov_6.948220	124	204	2	8	80	0.1000000
NODE_73198_length_408_cov_6.948220	124	204	4	62	80	0.7750000
NODE_73219_length_408_cov_3.957929	83	132	2	49	49	1.0000000
NODE_73226_length_408_cov_3.511327	40	97	0	5	57	0.0877193
NODE_73226_length_408_cov_3.511327	40	97	2	52	57	0.9122807
NODE_73226_length_408_cov_3.511327	357	398	0	41	41	1.0000000
NODE_73262_length_408_cov_2.724919	128	180	0	52	52	1.0000000
NODE_73269_length_408_cov_2.563107	164	241	0	77	77	1.0000000
NODE_73271_length_408_cov_2.456311	314	379	2	65	65	1.0000000
NODE_73271_length_408_cov_2.456311	352	408	0	9	56	0.1607143
NODE_73271_length_408_cov_2.456311	352	408	2	47	56	0.8392857
NODE_73690_length_407_cov_6.191558	144	208	2	64	64	1.0000000
NODE_73698_length_407_cov_4.961039	212	291	6	22	79	0.2784810
NODE_73698_length_407_cov_4.961039	212	291	8	8	79	0.1012658
NODE_73698_length_407_cov_4.961039	212	291	10	49	79	0.6202531
NODE_73719_length_407_cov_3.681818	314	375	4	61	61	1.0000000
NODE_73732_length_407_cov_3.344156	199	247	0	2	48	0.0416667
NODE_73732_length_407_cov_3.344156	199	247	6	46	48	0.9583333
NODE_73736_length_407_cov_3.250000	142	223	2	64	81	0.7901235
NODE_73736_length_407_cov_3.250000	142	223	4	17	81	0.2098765
NODE_73762_length_407_cov_2.594156	194	257	0	2	63	0.0317460
NODE_73762_length_407_cov_2.594156	194	257	2	25	63	0.3968254
NODE_73762_length_407_cov_2.594156	194	257	4	11	63	0.1746032
NODE_73762_length_407_cov_2.594156	194	257	6	25	63	0.3968254
NODE_73769_length_407_cov_2.538961	34	114	0	80	80	1.0000000
NODE_73853_length_407_cov_1.737013	208	264	4	17	56	0.3035714
NODE_73853_length_407_cov_1.737013	208	264	8	39	56	0.6964286
NODE_74200_length_406_cov_176.856678	200	271	59	3	71	0.0422535
NODE_74200_length_406_cov_176.856678	200	271	61	4	71	0.0563380
NODE_74200_length_406_cov_176.856678	200	271	63	6	71	0.0845070
NODE_74200_length_406_cov_176.856678	200	271	65	2	71	0.0281690
NODE_74200_length_406_cov_176.856678	200	271	68	4	71	0.0563380
NODE_74200_length_406_cov_176.856678	200	271	70	3	71	0.0422535
NODE_74200_length_406_cov_176.856678	200	271	76	1	71	0.0140845
NODE_74200_length_406_cov_176.856678	200	271	78	1	71	0.0140845
NODE_74200_length_406_cov_176.856678	200	271	80	2	71	0.0281690
NODE_74200_length_406_cov_176.856678	200	271	84	1	71	0.0140845
NODE_74200_length_406_cov_176.856678	200	271	86	8	71	0.1126761
NODE_74200_length_406_cov_176.856678	200	271	88	1	71	0.0140845
NODE_74200_length_406_cov_176.856678	200	271	89	2	71	0.0281690
NODE_74200_length_406_cov_176.856678	200	271	92	1	71	0.0140845
NODE_74200_length_406_cov_176.856678	200	271	93	5	71	0.0704225
NODE_74200_length_406_cov_176.856678	200	271	94	3	71	0.0422535
NODE_74200_length_406_cov_176.856678	200	271	97	2	71	0.0281690
NODE_74200_length_406_cov_176.856678	200	271	98	5	71	0.0704225
NODE_74200_length_406_cov_176.856678	200	271	99	2	71	0.0281690
NODE_74200_length_406_cov_176.856678	200	271	100	3	71	0.0422535
NODE_74200_length_406_cov_176.856678	200	271	101	12	71	0.1690141
NODE_74200_length_406_cov_176.856678	244	321	56	2	77	0.0259740
NODE_74200_length_406_cov_176.856678	244	321	57	1	77	0.0129870
NODE_74200_length_406_cov_176.856678	244	321	67	8	77	0.1038961
NODE_74200_length_406_cov_176.856678	244	321	68	1	77	0.0129870
NODE_74200_length_406_cov_176.856678	244	321	73	4	77	0.0519481
NODE_74200_length_406_cov_176.856678	244	321	75	1	77	0.0129870
NODE_74200_length_406_cov_176.856678	244	321	77	2	77	0.0259740
NODE_74200_length_406_cov_176.856678	244	321	79	2	77	0.0259740
NODE_74200_length_406_cov_176.856678	244	321	80	8	77	0.1038961
NODE_74200_length_406_cov_176.856678	244	321	84	19	77	0.2467532
NODE_74200_length_406_cov_176.856678	244	321	85	1	77	0.0129870
NODE_74200_length_406_cov_176.856678	244	321	86	7	77	0.0909091
NODE_74200_length_406_cov_176.856678	244	321	92	1	77	0.0129870
NODE_74200_length_406_cov_176.856678	244	321	94	3	77	0.0389610
NODE_74200_length_406_cov_176.856678	244	321	98	5	77	0.0649351
NODE_74200_length_406_cov_176.856678	244	321	99	1	77	0.0129870
NODE_74200_length_406_cov_176.856678	244	321	100	3	77	0.0389610
NODE_74200_length_406_cov_176.856678	244	321	101	8	77	0.1038961
NODE_74203_length_406_cov_37.723127	15	95	2	80	80	1.0000000
NODE_74219_length_406_cov_4.960912	268	327	0	2	59	0.0338983
NODE_74219_length_406_cov_4.960912	268	327	2	4	59	0.0677966
NODE_74219_length_406_cov_4.960912	268	327	3	12	59	0.2033898
NODE_74219_length_406_cov_4.960912	268	327	6	16	59	0.2711864
NODE_74219_length_406_cov_4.960912	268	327	7	1	59	0.0169492
NODE_74219_length_406_cov_4.960912	268	327	9	17	59	0.2881356
NODE_74219_length_406_cov_4.960912	268	327	10	7	59	0.1186441
NODE_74253_length_406_cov_3.087948	261	302	0	41	41	1.0000000
NODE_74284_length_406_cov_2.475570	220	270	0	50	50	1.0000000
NODE_74332_length_406_cov_1.986971	238	276	0	38	38	1.0000000
NODE_74368_length_406_cov_1.778502	159	195	8	5	36	0.1388889
NODE_74368_length_406_cov_1.778502	159	195	10	3	36	0.0833333
NODE_74368_length_406_cov_1.778502	159	195	12	28	36	0.7777778
NODE_74368_length_406_cov_1.778502	234	294	4	5	60	0.0833333
NODE_74368_length_406_cov_1.778502	234	294	6	17	60	0.2833333
NODE_74368_length_406_cov_1.778502	234	294	8	38	60	0.6333333
NODE_74368_length_406_cov_1.778502	267	347	0	22	80	0.2750000
NODE_74368_length_406_cov_1.778502	267	347	2	12	80	0.1500000
NODE_74368_length_406_cov_1.778502	267	347	4	24	80	0.3000000
NODE_74368_length_406_cov_1.778502	267	347	6	14	80	0.1750000
NODE_74368_length_406_cov_1.778502	267	347	8	8	80	0.1000000
NODE_74427_length_406_cov_1.495114	173	212	0	39	39	1.0000000
NODE_74476_length_406_cov_1.325733	367	398	0	31	31	1.0000000
NODE_74588_length_406_cov_0.934853	1	32	0	31	31	1.0000000
NODE_74588_length_406_cov_0.934853	5	85	0	80	80	1.0000000
NODE_74696_length_405_cov_5.107843	332	380	0	48	48	1.0000000
NODE_74697_length_405_cov_4.915033	15	46	0	31	31	1.0000000
NODE_74727_length_405_cov_3.346405	195	240	8	45	45	1.0000000
NODE_74727_length_405_cov_3.346405	274	329	0	32	55	0.5818182
NODE_74727_length_405_cov_3.346405	274	329	2	9	55	0.1636364
NODE_74727_length_405_cov_3.346405	274	329	3	7	55	0.1272727
NODE_74727_length_405_cov_3.346405	274	329	5	7	55	0.1272727
NODE_74737_length_405_cov_3.124183	210	260	0	50	50	1.0000000
NODE_74737_length_405_cov_3.124183	240	286	0	46	46	1.0000000
NODE_74737_length_405_cov_3.124183	260	339	0	79	79	1.0000000
NODE_74737_length_405_cov_3.124183	272	339	0	67	67	1.0000000
NODE_74780_length_405_cov_2.503268	352	399	0	37	47	0.7872341
NODE_74780_length_405_cov_2.503268	352	399	2	10	47	0.2127660
NODE_74787_length_405_cov_2.460784	0	73	0	8	73	0.1095890
NODE_74787_length_405_cov_2.460784	0	73	1	4	73	0.0547945
NODE_74787_length_405_cov_2.460784	0	73	2	61	73	0.8356164
NODE_75145_length_405_cov_0.666667	207	268	0	61	61	1.0000000
NODE_75196_length_404_cov_40.937705	40	120	0	80	80	1.0000000
NODE_75196_length_404_cov_40.937705	93	173	0	80	80	1.0000000
NODE_75197_length_404_cov_32.940984	46	126	0	11	80	0.1375000
NODE_75197_length_404_cov_32.940984	46	126	4	66	80	0.8250000
NODE_75197_length_404_cov_32.940984	46	126	6	3	80	0.0375000
NODE_75197_length_404_cov_32.940984	99	179	2	32	80	0.4000000
NODE_75197_length_404_cov_32.940984	99	179	4	24	80	0.3000000
NODE_75197_length_404_cov_32.940984	99	179	6	24	80	0.3000000
NODE_75197_length_404_cov_32.940984	175	255	2	26	80	0.3250000
NODE_75197_length_404_cov_32.940984	175	255	4	22	80	0.2750000
NODE_75197_length_404_cov_32.940984	175	255	6	32	80	0.4000000
NODE_75197_length_404_cov_32.940984	228	308	4	6	80	0.0750000
NODE_75197_length_404_cov_32.940984	228	308	6	74	80	0.9250000
NODE_75198_length_404_cov_11.731148	130	210	0	63	80	0.7875000
NODE_75198_length_404_cov_11.731148	130	210	2	17	80	0.2125000
NODE_75198_length_404_cov_11.731148	183	263	0	10	80	0.1250000
NODE_75198_length_404_cov_11.731148	183	263	2	70	80	0.8750000
NODE_75200_length_404_cov_9.170492	201	257	0	13	56	0.2321429
NODE_75200_length_404_cov_9.170492	201	257	4	43	56	0.7678571
NODE_75236_length_404_cov_3.613115	323	385	0	15	62	0.2419355
NODE_75236_length_404_cov_3.613115	323	385	1	1	62	0.0161290
NODE_75236_length_404_cov_3.613115	323	385	2	46	62	0.7419355
NODE_75259_length_404_cov_2.914754	181	261	0	80	80	1.0000000
NODE_75345_length_404_cov_2.085246	245	325	0	80	80	1.0000000
NODE_75357_length_404_cov_1.993443	95	148	0	53	53	1.0000000
NODE_75399_length_404_cov_1.672131	32	106	0	74	74	1.0000000
NODE_75440_length_404_cov_1.498361	94	174	0	15	80	0.1875000
NODE_75440_length_404_cov_1.498361	94	174	2	23	80	0.2875000
NODE_75440_length_404_cov_1.498361	94	174	4	4	80	0.0500000
NODE_75440_length_404_cov_1.498361	94	174	8	26	80	0.3250000
NODE_75440_length_404_cov_1.498361	94	174	10	12	80	0.1500000
NODE_75446_length_404_cov_1.485246	234	282	6	10	48	0.2083333
NODE_75446_length_404_cov_1.485246	234	282	8	16	48	0.3333333
NODE_75446_length_404_cov_1.485246	234	282	10	22	48	0.4583333
NODE_75545_length_404_cov_1.121311	114	194	0	21	80	0.2625000
NODE_75545_length_404_cov_1.121311	114	194	3	1	80	0.0125000
NODE_75545_length_404_cov_1.121311	114	194	4	58	80	0.7250000
NODE_75750_length_403_cov_7.325658	80	146	0	66	66	1.0000000
NODE_75750_length_403_cov_7.325658	165	234	0	69	69	1.0000000
NODE_75750_length_403_cov_7.325658	215	255	0	40	40	1.0000000
NODE_75751_length_403_cov_7.217105	207	284	0	77	77	1.0000000
NODE_75751_length_403_cov_7.217105	257	334	0	77	77	1.0000000
NODE_75752_length_403_cov_6.776316	192	250	0	58	58	1.0000000
NODE_75788_length_403_cov_3.710526	327	373	0	46	46	1.0000000
NODE_75788_length_403_cov_3.710526	346	403	0	57	57	1.0000000
NODE_75793_length_403_cov_3.611842	283	363	8	80	80	1.0000000
NODE_75824_length_403_cov_2.822368	201	282	7	5	81	0.0617284
NODE_75824_length_403_cov_2.822368	201	282	8	5	81	0.0617284
NODE_75824_length_403_cov_2.822368	201	282	9	8	81	0.0987654
NODE_75824_length_403_cov_2.822368	201	282	10	29	81	0.3580247
NODE_75824_length_403_cov_2.822368	201	282	14	34	81	0.4197531
NODE_75871_length_403_cov_2.082237	102	145	2	5	43	0.1162791
NODE_75871_length_403_cov_2.082237	102	145	4	9	43	0.2093023
NODE_75871_length_403_cov_2.082237	102	145	6	29	43	0.6744186
NODE_75908_length_403_cov_1.871711	130	166	2	36	36	1.0000000
NODE_75993_length_403_cov_1.398026	79	116	0	37	37	1.0000000
NODE_76029_length_403_cov_1.269737	82	111	0	29	29	1.0000000
NODE_76239_length_402_cov_6.293729	217	297	0	52	80	0.6500000
NODE_76239_length_402_cov_6.293729	217	297	2	28	80	0.3500000
NODE_76239_length_402_cov_6.293729	270	350	2	80	80	1.0000000
NODE_76246_length_402_cov_5.227723	176	236	0	10	60	0.1666667
NODE_76246_length_402_cov_5.227723	176	236	1	32	60	0.5333334
NODE_76246_length_402_cov_5.227723	176	236	2	18	60	0.3000000
NODE_76261_length_402_cov_4.356436	44	123	0	79	79	1.0000000
NODE_76261_length_402_cov_4.356436	119	199	0	16	80	0.2000000
NODE_76261_length_402_cov_4.356436	119	199	2	12	80	0.1500000
NODE_76261_length_402_cov_4.356436	119	199	3	1	80	0.0125000
NODE_76261_length_402_cov_4.356436	119	199	4	9	80	0.1125000
NODE_76261_length_402_cov_4.356436	119	199	5	5	80	0.0625000
NODE_76261_length_402_cov_4.356436	119	199	7	7	80	0.0875000
NODE_76261_length_402_cov_4.356436	119	199	9	28	80	0.3500000
NODE_76261_length_402_cov_4.356436	119	199	10	2	80	0.0250000
NODE_76261_length_402_cov_4.356436	172	252	8	40	80	0.5000000
NODE_76261_length_402_cov_4.356436	172	252	9	25	80	0.3125000
NODE_76261_length_402_cov_4.356436	172	252	10	15	80	0.1875000
NODE_76276_length_402_cov_3.564356	197	257	2	60	60	1.0000000
NODE_76276_length_402_cov_3.564356	230	310	1	12	80	0.1500000
NODE_76276_length_402_cov_3.564356	230	310	2	68	80	0.8500000
NODE_76328_length_402_cov_2.633663	335	402	0	67	67	1.0000000
NODE_76336_length_402_cov_2.514851	82	162	4	9	80	0.1125000
NODE_76336_length_402_cov_2.514851	82	162	6	71	80	0.8875000
NODE_76336_length_402_cov_2.514851	135	200	0	21	65	0.3230769
NODE_76336_length_402_cov_2.514851	135	200	2	8	65	0.1230769
NODE_76336_length_402_cov_2.514851	135	200	4	18	65	0.2769231
NODE_76336_length_402_cov_2.514851	135	200	6	18	65	0.2769231
NODE_76380_length_402_cov_2.102310	114	165	2	51	51	1.0000000
NODE_76380_length_402_cov_2.102310	138	195	0	29	57	0.5087720
NODE_76380_length_402_cov_2.102310	138	195	2	28	57	0.4912281
NODE_76560_length_402_cov_1.214521	0	33	0	33	33	1.0000000
NODE_76646_length_402_cov_1.000000	119	188	0	21	69	0.3043478
NODE_76646_length_402_cov_1.000000	119	188	6	43	69	0.6231884
NODE_76646_length_402_cov_1.000000	119	188	7	5	69	0.0724638
NODE_76752_length_402_cov_0.663366	0	46	2	46	46	1.0000000
NODE_76780_length_401_cov_43.675497	285	343	7	8	58	0.1379310
NODE_76780_length_401_cov_43.675497	285	343	8	40	58	0.6896552
NODE_76780_length_401_cov_43.675497	285	343	9	10	58	0.1724138
NODE_76801_length_401_cov_4.377483	309	389	0	80	80	1.0000000
NODE_76804_length_401_cov_4.241722	125	180	2	1	55	0.0181818
NODE_76804_length_401_cov_4.241722	125	180	4	1	55	0.0181818
NODE_76804_length_401_cov_4.241722	125	180	6	10	55	0.1818182
NODE_76804_length_401_cov_4.241722	125	180	8	43	55	0.7818182
NODE_76808_length_401_cov_4.132450	195	275	0	34	80	0.4250000
NODE_76808_length_401_cov_4.132450	195	275	2	46	80	0.5750000
NODE_76811_length_401_cov_3.973510	138	181	6	35	43	0.8139535
NODE_76811_length_401_cov_3.973510	138	181	8	8	43	0.1860465
NODE_76828_length_401_cov_3.370861	141	221	0	80	80	1.0000000
NODE_76828_length_401_cov_3.370861	194	273	0	79	79	1.0000000
NODE_76830_length_401_cov_3.317881	67	147	0	80	80	1.0000000
NODE_76918_length_401_cov_1.937086	160	239	1	7	79	0.0886076
NODE_76918_length_401_cov_1.937086	160	239	3	14	79	0.1772152
NODE_76918_length_401_cov_1.937086	160	239	5	26	79	0.3291139
NODE_76918_length_401_cov_1.937086	160	239	6	5	79	0.0632911
NODE_76918_length_401_cov_1.937086	160	239	8	27	79	0.3417721
NODE_76978_length_401_cov_1.615894	205	269	0	7	64	0.1093750
NODE_76978_length_401_cov_1.615894	205	269	2	7	64	0.1093750
NODE_76978_length_401_cov_1.615894	205	269	3	1	64	0.0156250
NODE_76978_length_401_cov_1.615894	205	269	5	4	64	0.0625000
NODE_76978_length_401_cov_1.615894	205	269	7	1	64	0.0156250
NODE_76978_length_401_cov_1.615894	205	269	9	2	64	0.0312500
NODE_76978_length_401_cov_1.615894	205	269	10	1	64	0.0156250
NODE_76978_length_401_cov_1.615894	205	269	12	7	64	0.1093750
NODE_76978_length_401_cov_1.615894	205	269	14	5	64	0.0781250
NODE_76978_length_401_cov_1.615894	205	269	18	7	64	0.1093750
NODE_76978_length_401_cov_1.615894	205	269	20	14	64	0.2187500
NODE_76978_length_401_cov_1.615894	205	269	22	8	64	0.1250000
NODE_77017_length_401_cov_1.407285	23	92	0	69	69	1.0000000
NODE_77017_length_401_cov_1.407285	76	122	0	46	46	1.0000000
NODE_77236_length_401_cov_0.675497	292	372	1	80	80	1.0000000
NODE_77236_length_401_cov_0.675497	345	401	1	56	56	1.0000000
NODE_77284_length_400_cov_40.584718	205	281	0	76	76	1.0000000
NODE_77284_length_400_cov_40.584718	254	334	0	80	80	1.0000000
NODE_77289_length_400_cov_8.631229	307	372	8	65	65	1.0000000
NODE_77292_length_400_cov_6.850498	281	329	0	48	48	1.0000000
NODE_77322_length_400_cov_4.000000	82	140	2	58	58	1.0000000
NODE_77358_length_400_cov_3.029900	204	284	2	80	80	1.0000000
NODE_77358_length_400_cov_3.029900	205	231	2	26	26	1.0000000
NODE_77362_length_400_cov_3.009967	146	220	4	35	74	0.4729730
NODE_77362_length_400_cov_3.009967	146	220	6	26	74	0.3513514
NODE_77362_length_400_cov_3.009967	146	220	8	13	74	0.1756757
NODE_77362_length_400_cov_3.009967	195	261	4	3	66	0.0454545
NODE_77362_length_400_cov_3.009967	195	261	6	63	66	0.9545454
NODE_77363_length_400_cov_2.990033	253	332	52	8	79	0.1012658
NODE_77363_length_400_cov_2.990033	253	332	54	2	79	0.0253165
NODE_77363_length_400_cov_2.990033	253	332	55	1	79	0.0126582
NODE_77363_length_400_cov_2.990033	253	332	56	2	79	0.0253165
NODE_77363_length_400_cov_2.990033	253	332	62	2	79	0.0253165
NODE_77363_length_400_cov_2.990033	253	332	67	1	79	0.0126582
NODE_77363_length_400_cov_2.990033	253	332	73	1	79	0.0126582
NODE_77363_length_400_cov_2.990033	253	332	76	2	79	0.0253165
NODE_77363_length_400_cov_2.990033	253	332	78	7	79	0.0886076
NODE_77363_length_400_cov_2.990033	253	332	80	4	79	0.0506329
NODE_77363_length_400_cov_2.990033	253	332	82	15	79	0.1898734
NODE_77363_length_400_cov_2.990033	253	332	84	2	79	0.0253165
NODE_77363_length_400_cov_2.990033	253	332	86	10	79	0.1265823
NODE_77363_length_400_cov_2.990033	253	332	88	19	79	0.2405063
NODE_77363_length_400_cov_2.990033	253	332	89	2	79	0.0253165
NODE_77363_length_400_cov_2.990033	253	332	90	1	79	0.0126582
NODE_77363_length_400_cov_2.990033	306	385	44	1	79	0.0126582
NODE_77363_length_400_cov_2.990033	306	385	46	2	79	0.0253165
NODE_77363_length_400_cov_2.990033	306	385	48	8	79	0.1012658
NODE_77363_length_400_cov_2.990033	306	385	50	20	79	0.2531646
NODE_77363_length_400_cov_2.990033	306	385	51	9	79	0.1139240
NODE_77363_length_400_cov_2.990033	306	385	57	1	79	0.0126582
NODE_77363_length_400_cov_2.990033	306	385	61	1	79	0.0126582
NODE_77363_length_400_cov_2.990033	306	385	63	1	79	0.0126582
NODE_77363_length_400_cov_2.990033	306	385	65	2	79	0.0253165
NODE_77363_length_400_cov_2.990033	306	385	67	1	79	0.0126582
NODE_77363_length_400_cov_2.990033	306	385	69	1	79	0.0126582
NODE_77363_length_400_cov_2.990033	306	385	71	4	79	0.0506329
NODE_77363_length_400_cov_2.990033	306	385	75	1	79	0.0126582
NODE_77363_length_400_cov_2.990033	306	385	76	2	79	0.0253165
NODE_77363_length_400_cov_2.990033	306	385	80	1	79	0.0126582
NODE_77363_length_400_cov_2.990033	306	385	82	5	79	0.0632911
NODE_77363_length_400_cov_2.990033	306	385	84	2	79	0.0253165
NODE_77363_length_400_cov_2.990033	306	385	86	7	79	0.0886076
NODE_77363_length_400_cov_2.990033	306	385	88	7	79	0.0886076
NODE_77363_length_400_cov_2.990033	306	385	89	2	79	0.0253165
NODE_77363_length_400_cov_2.990033	306	385	90	1	79	0.0126582
NODE_77368_length_400_cov_2.860465	365	400	0	35	35	1.0000000
NODE_77371_length_400_cov_2.797342	324	372	2	3	48	0.0625000
NODE_77371_length_400_cov_2.797342	324	372	4	45	48	0.9375000
NODE_77380_length_400_cov_2.581395	192	254	0	11	62	0.1774193
NODE_77380_length_400_cov_2.581395	192	254	2	51	62	0.8225806
NODE_77460_length_400_cov_1.940199	225	268	0	43	43	1.0000000
NODE_77460_length_400_cov_1.940199	293	374	2	81	81	1.0000000
NODE_77821_length_399_cov_71.493333	215	295	0	80	80	1.0000000
NODE_77821_length_399_cov_71.493333	268	348	0	80	80	1.0000000
NODE_77823_length_399_cov_7.510000	229	309	2	47	80	0.5875000
NODE_77823_length_399_cov_7.510000	229	309	4	24	80	0.3000000
NODE_77823_length_399_cov_7.510000	229	309	6	9	80	0.1125000
NODE_77823_length_399_cov_7.510000	282	362	4	71	80	0.8875000
NODE_77823_length_399_cov_7.510000	282	362	6	9	80	0.1125000
NODE_77825_length_399_cov_7.310000	125	187	0	2	62	0.0322581
NODE_77825_length_399_cov_7.310000	125	187	4	60	62	0.9677419
NODE_77854_length_399_cov_4.293333	86	164	3	11	78	0.1410256
NODE_77854_length_399_cov_4.293333	86	164	7	1	78	0.0128205
NODE_77854_length_399_cov_4.293333	86	164	8	3	78	0.0384615
NODE_77854_length_399_cov_4.293333	86	164	10	1	78	0.0128205
NODE_77854_length_399_cov_4.293333	86	164	12	26	78	0.3333333
NODE_77854_length_399_cov_4.293333	86	164	14	36	78	0.4615385
NODE_77877_length_399_cov_3.406667	51	124	0	73	73	1.0000000
NODE_77933_length_399_cov_2.286667	310	390	0	1	80	0.0125000
NODE_77933_length_399_cov_2.286667	310	390	4	79	80	0.9875000
NODE_77966_length_399_cov_1.916667	76	136	0	16	60	0.2666667
NODE_77966_length_399_cov_1.916667	76	136	2	6	60	0.1000000
NODE_77966_length_399_cov_1.916667	76	136	4	8	60	0.1333333
NODE_77966_length_399_cov_1.916667	76	136	6	30	60	0.5000000
NODE_77966_length_399_cov_1.916667	123	189	6	27	66	0.4090909
NODE_77966_length_399_cov_1.916667	123	189	10	39	66	0.5909091
NODE_78276_length_399_cov_0.710000	313	392	0	79	79	1.0000000
NODE_78354_length_398_cov_9.688963	1	81	0	80	80	1.0000000
NODE_78354_length_398_cov_9.688963	247	327	0	80	80	1.0000000
NODE_78354_length_398_cov_9.688963	300	380	0	80	80	1.0000000
NODE_78360_length_398_cov_6.488294	130	210	2	11	80	0.1375000
NODE_78360_length_398_cov_6.488294	130	210	4	61	80	0.7625000
NODE_78360_length_398_cov_6.488294	130	210	6	8	80	0.1000000
NODE_78364_length_398_cov_5.765886	253	333	0	13	80	0.1625000
NODE_78364_length_398_cov_5.765886	253	333	10	67	80	0.8375000
NODE_78372_length_398_cov_5.244147	248	312	2	25	64	0.3906250
NODE_78372_length_398_cov_5.244147	248	312	4	39	64	0.6093750
NODE_78376_length_398_cov_5.006689	116	196	0	80	80	1.0000000
NODE_78376_length_398_cov_5.006689	169	251	0	82	82	1.0000000
NODE_78383_length_398_cov_4.284281	63	117	0	54	54	1.0000000
NODE_78383_length_398_cov_4.284281	135	160	0	25	25	1.0000000
NODE_78420_length_398_cov_2.993311	229	309	0	29	80	0.3625000
NODE_78420_length_398_cov_2.993311	229	309	2	29	80	0.3625000
NODE_78420_length_398_cov_2.993311	229	309	4	22	80	0.2750000
NODE_78429_length_398_cov_2.822742	236	271	0	35	35	1.0000000
NODE_78891_length_397_cov_52.855705	124	204	0	23	80	0.2875000
NODE_78891_length_397_cov_52.855705	124	204	8	22	80	0.2750000
NODE_78891_length_397_cov_52.855705	124	204	10	35	80	0.4375000
NODE_78891_length_397_cov_52.855705	177	257	8	4	80	0.0500000
NODE_78891_length_397_cov_52.855705	177	257	10	76	80	0.9500000
NODE_78894_length_397_cov_35.036913	173	253	4	16	80	0.2000000
NODE_78894_length_397_cov_35.036913	173	253	6	1	80	0.0125000
NODE_78894_length_397_cov_35.036913	173	253	10	1	80	0.0125000
NODE_78894_length_397_cov_35.036913	173	253	12	6	80	0.0750000
NODE_78894_length_397_cov_35.036913	173	253	14	1	80	0.0125000
NODE_78894_length_397_cov_35.036913	173	253	16	10	80	0.1250000
NODE_78894_length_397_cov_35.036913	173	253	20	3	80	0.0375000
NODE_78894_length_397_cov_35.036913	173	253	22	5	80	0.0625000
NODE_78894_length_397_cov_35.036913	173	253	23	9	80	0.1125000
NODE_78894_length_397_cov_35.036913	173	253	24	3	80	0.0375000
NODE_78894_length_397_cov_35.036913	173	253	25	7	80	0.0875000
NODE_78894_length_397_cov_35.036913	173	253	26	18	80	0.2250000
NODE_78895_length_397_cov_13.667785	94	174	12	80	80	1.0000000
NODE_78895_length_397_cov_13.667785	147	227	0	29	80	0.3625000
NODE_78895_length_397_cov_13.667785	147	227	12	51	80	0.6375000
NODE_78897_length_397_cov_7.496644	192	272	0	80	80	1.0000000
NODE_78897_length_397_cov_7.496644	245	325	0	80	80	1.0000000
NODE_78898_length_397_cov_6.828859	127	173	1	5	46	0.1086956
NODE_78898_length_397_cov_6.828859	127	173	2	41	46	0.8913044
NODE_78913_length_397_cov_4.902685	293	364	2	71	71	1.0000000
NODE_78933_length_397_cov_3.765101	164	244	2	80	80	1.0000000
NODE_78951_length_397_cov_3.325503	107	187	2	80	80	1.0000000
NODE_78951_length_397_cov_3.325503	163	236	0	14	73	0.1917808
NODE_78951_length_397_cov_3.325503	163	236	2	59	73	0.8082192
NODE_78999_length_397_cov_2.530201	269	312	0	43	43	1.0000000
NODE_79047_length_397_cov_1.959732	154	193	0	39	39	1.0000000
NODE_79072_length_397_cov_1.791946	218	283	0	35	65	0.5384616
NODE_79072_length_397_cov_1.791946	218	283	2	1	65	0.0153846
NODE_79072_length_397_cov_1.791946	218	283	4	29	65	0.4461538
NODE_79127_length_397_cov_1.560403	183	240	0	57	57	1.0000000
NODE_79456_length_396_cov_11.632997	162	242	0	80	80	1.0000000
NODE_79456_length_396_cov_11.632997	215	295	0	80	80	1.0000000
NODE_79460_length_396_cov_7.053872	71	101	0	3	30	0.1000000
NODE_79460_length_396_cov_7.053872	71	101	4	17	30	0.5666667
NODE_79460_length_396_cov_7.053872	71	101	6	6	30	0.2000000
NODE_79460_length_396_cov_7.053872	71	101	10	4	30	0.1333333
NODE_79464_length_396_cov_6.097643	229	309	0	19	80	0.2375000
NODE_79464_length_396_cov_6.097643	229	309	1	20	80	0.2500000
NODE_79464_length_396_cov_6.097643	229	309	2	41	80	0.5125000
NODE_79464_length_396_cov_6.097643	282	362	2	80	80	1.0000000
NODE_79471_length_396_cov_5.484848	125	205	8	24	80	0.3000000
NODE_79471_length_396_cov_5.484848	125	205	10	56	80	0.7000000
NODE_79471_length_396_cov_5.484848	178	259	2	4	81	0.0493827
NODE_79471_length_396_cov_5.484848	178	259	3	1	81	0.0123457
NODE_79471_length_396_cov_5.484848	178	259	4	44	81	0.5432099
NODE_79471_length_396_cov_5.484848	178	259	6	4	81	0.0493827
NODE_79471_length_396_cov_5.484848	178	259	8	2	81	0.0246914
NODE_79471_length_396_cov_5.484848	178	259	10	26	81	0.3209876
NODE_79473_length_396_cov_5.434343	224	275	0	51	51	1.0000000
NODE_79473_length_396_cov_5.434343	272	331	0	59	59	1.0000000
NODE_79483_length_396_cov_4.414141	189	264	2	9	75	0.1200000
NODE_79483_length_396_cov_4.414141	189	264	4	66	75	0.8800000
NODE_79483_length_396_cov_4.414141	241	317	0	35	76	0.4605263
NODE_79483_length_396_cov_4.414141	241	317	2	27	76	0.3552631
NODE_79483_length_396_cov_4.414141	241	317	4	14	76	0.1842105
NODE_79493_length_396_cov_4.010101	163	205	0	42	42	1.0000000
NODE_79522_length_396_cov_3.080808	95	161	0	66	66	1.0000000
NODE_79524_length_396_cov_3.067340	252	316	18	15	64	0.2343750
NODE_79524_length_396_cov_3.067340	252	316	20	49	64	0.7656250
NODE_79535_length_396_cov_2.892256	136	217	4	81	81	1.0000000
NODE_79557_length_396_cov_2.710438	88	168	8	14	80	0.1750000
NODE_79557_length_396_cov_2.710438	88	168	10	4	80	0.0500000
NODE_79557_length_396_cov_2.710438	88	168	14	5	80	0.0625000
NODE_79557_length_396_cov_2.710438	88	168	16	20	80	0.2500000
NODE_79557_length_396_cov_2.710438	88	168	18	37	80	0.4625000
NODE_79561_length_396_cov_2.680135	297	335	0	38	38	1.0000000
NODE_79562_length_396_cov_2.659933	68	148	0	62	80	0.7750000
NODE_79562_length_396_cov_2.659933	68	148	2	18	80	0.2250000
NODE_79562_length_396_cov_2.659933	121	168	0	9	47	0.1914894
NODE_79562_length_396_cov_2.659933	121	168	2	38	47	0.8085107
NODE_79616_length_396_cov_2.060606	308	388	0	80	80	1.0000000
NODE_79643_length_396_cov_1.939394	63	142	2	3	79	0.0379747
NODE_79643_length_396_cov_1.939394	63	142	4	3	79	0.0379747
NODE_79643_length_396_cov_1.939394	63	142	10	1	79	0.0126582
NODE_79643_length_396_cov_1.939394	63	142	12	72	79	0.9113924
NODE_79643_length_396_cov_1.939394	115	164	8	5	49	0.1020408
NODE_79643_length_396_cov_1.939394	115	164	10	17	49	0.3469388
NODE_79643_length_396_cov_1.939394	115	164	12	27	49	0.5510204
NODE_79683_length_396_cov_1.811448	82	162	0	80	80	1.0000000
NODE_79692_length_396_cov_1.734007	88	119	0	31	31	1.0000000
NODE_79930_length_396_cov_0.905724	101	151	13	45	50	0.9000000
NODE_79930_length_396_cov_0.905724	101	151	15	5	50	0.1000000
NODE_80057_length_395_cov_449.327703	0	79	29	1	79	0.0126582
NODE_80057_length_395_cov_449.327703	0	79	33	1	79	0.0126582
NODE_80057_length_395_cov_449.327703	0	79	40	1	79	0.0126582
NODE_80057_length_395_cov_449.327703	0	79	42	1	79	0.0126582
NODE_80057_length_395_cov_449.327703	0	79	44	1	79	0.0126582
NODE_80057_length_395_cov_449.327703	0	79	54	1	79	0.0126582
NODE_80057_length_395_cov_449.327703	0	79	56	1	79	0.0126582
NODE_80057_length_395_cov_449.327703	0	79	61	1	79	0.0126582
NODE_80057_length_395_cov_449.327703	0	79	62	1	79	0.0126582
NODE_80057_length_395_cov_449.327703	0	79	65	1	79	0.0126582
NODE_80057_length_395_cov_449.327703	0	79	79	1	79	0.0126582
NODE_80057_length_395_cov_449.327703	0	79	83	1	79	0.0126582
NODE_80057_length_395_cov_449.327703	0	79	90	1	79	0.0126582
NODE_80057_length_395_cov_449.327703	0	79	92	1	79	0.0126582
NODE_80057_length_395_cov_449.327703	0	79	98	1	79	0.0126582
NODE_80057_length_395_cov_449.327703	0	79	104	1	79	0.0126582
NODE_80057_length_395_cov_449.327703	0	79	110	2	79	0.0253165
NODE_80057_length_395_cov_449.327703	0	79	112	1	79	0.0126582
NODE_80057_length_395_cov_449.327703	0	79	117	1	79	0.0126582
NODE_80057_length_395_cov_449.327703	0	79	118	1	79	0.0126582
NODE_80057_length_395_cov_449.327703	0	79	138	1	79	0.0126582
NODE_80057_length_395_cov_449.327703	0	79	143	1	79	0.0126582
NODE_80057_length_395_cov_449.327703	0	79	154	1	79	0.0126582
NODE_80057_length_395_cov_449.327703	0	79	162	1	79	0.0126582
NODE_80057_length_395_cov_449.327703	0	79	173	2	79	0.0253165
NODE_80057_length_395_cov_449.327703	0	79	177	1	79	0.0126582
NODE_80057_length_395_cov_449.327703	0	79	179	1	79	0.0126582
NODE_80057_length_395_cov_449.327703	0	79	182	2	79	0.0253165
NODE_80057_length_395_cov_449.327703	0	79	192	1	79	0.0126582
NODE_80057_length_395_cov_449.327703	0	79	194	1	79	0.0126582
NODE_80057_length_395_cov_449.327703	0	79	203	1	79	0.0126582
NODE_80057_length_395_cov_449.327703	0	79	206	1	79	0.0126582
NODE_80057_length_395_cov_449.327703	0	79	211	1	79	0.0126582
NODE_80057_length_395_cov_449.327703	0	79	212	1	79	0.0126582
NODE_80057_length_395_cov_449.327703	0	79	215	1	79	0.0126582
NODE_80057_length_395_cov_449.327703	0	79	217	1	79	0.0126582
NODE_80057_length_395_cov_449.327703	0	79	219	1	79	0.0126582
NODE_80057_length_395_cov_449.327703	0	79	220	1	79	0.0126582
NODE_80057_length_395_cov_449.327703	0	79	221	2	79	0.0253165
NODE_80057_length_395_cov_449.327703	0	79	224	2	79	0.0253165
NODE_80057_length_395_cov_449.327703	0	79	230	3	79	0.0379747
NODE_80057_length_395_cov_449.327703	0	79	232	1	79	0.0126582
NODE_80057_length_395_cov_449.327703	0	79	234	3	79	0.0379747
NODE_80057_length_395_cov_449.327703	0	79	236	3	79	0.0379747
NODE_80057_length_395_cov_449.327703	0	79	239	1	79	0.0126582
NODE_80057_length_395_cov_449.327703	0	79	241	1	79	0.0126582
NODE_80057_length_395_cov_449.327703	0	79	242	3	79	0.0379747
NODE_80057_length_395_cov_449.327703	0	79	243	1	79	0.0126582
NODE_80057_length_395_cov_449.327703	0	79	245	2	79	0.0253165
NODE_80057_length_395_cov_449.327703	0	79	250	5	79	0.0632911
NODE_80057_length_395_cov_449.327703	0	79	252	1	79	0.0126582
NODE_80057_length_395_cov_449.327703	0	79	254	1	79	0.0126582
NODE_80057_length_395_cov_449.327703	0	79	256	4	79	0.0506329
NODE_80057_length_395_cov_449.327703	0	79	257	2	79	0.0253165
NODE_80057_length_395_cov_449.327703	0	79	259	3	79	0.0379747
NODE_80058_length_395_cov_13.695946	113	193	0	80	80	1.0000000
NODE_80058_length_395_cov_13.695946	166	246	0	80	80	1.0000000
NODE_80086_length_395_cov_4.179054	152	232	0	80	80	1.0000000
NODE_80116_length_395_cov_2.962838	118	198	0	80	80	1.0000000
NODE_80116_length_395_cov_2.962838	171	237	0	66	66	1.0000000
NODE_80121_length_395_cov_2.878378	261	301	0	40	40	1.0000000
NODE_80139_length_395_cov_2.587838	111	188	0	77	77	1.0000000
NODE_80139_length_395_cov_2.587838	232	301	0	69	69	1.0000000
NODE_80139_length_395_cov_2.587838	258	302	0	44	44	1.0000000
NODE_80141_length_395_cov_2.560811	123	187	0	22	64	0.3437500
NODE_80141_length_395_cov_2.560811	123	187	2	42	64	0.6562500
NODE_80146_length_395_cov_2.527027	194	274	0	80	80	1.0000000
NODE_80146_length_395_cov_2.527027	247	327	0	80	80	1.0000000
NODE_80439_length_395_cov_1.033784	103	151	0	48	48	1.0000000
NODE_80448_length_395_cov_1.010135	85	105	0	20	20	1.0000000
NODE_80639_length_394_cov_9.464407	211	291	0	80	80	1.0000000
NODE_80639_length_394_cov_9.464407	264	344	0	80	80	1.0000000
NODE_80643_length_394_cov_7.437288	221	301	2	23	80	0.2875000
NODE_80643_length_394_cov_7.437288	221	301	4	4	80	0.0500000
NODE_80643_length_394_cov_7.437288	221	301	6	7	80	0.0875000
NODE_80643_length_394_cov_7.437288	221	301	7	9	80	0.1125000
NODE_80643_length_394_cov_7.437288	221	301	8	37	80	0.4625000
NODE_80643_length_394_cov_7.437288	274	331	8	57	57	1.0000000
NODE_80647_length_394_cov_6.444068	187	267	2	44	80	0.5500000
NODE_80647_length_394_cov_6.444068	187	267	4	36	80	0.4500000
NODE_80647_length_394_cov_6.444068	240	320	0	24	80	0.3000000
NODE_80647_length_394_cov_6.444068	240	320	2	48	80	0.6000000
NODE_80647_length_394_cov_6.444068	240	320	4	8	80	0.1000000
NODE_80709_length_394_cov_2.932203	119	140	0	21	21	1.0000000
NODE_80710_length_394_cov_2.894915	79	135	4	56	56	1.0000000
NODE_80710_length_394_cov_2.894915	166	202	4	18	36	0.5000000
NODE_80710_length_394_cov_2.894915	166	202	6	18	36	0.5000000
NODE_81216_length_393_cov_4.261905	201	267	12	20	66	0.3030303
NODE_81216_length_393_cov_4.261905	201	267	14	46	66	0.6969697
NODE_81216_length_393_cov_4.261905	240	282	10	10	42	0.2380952
NODE_81216_length_393_cov_4.261905	240	282	12	25	42	0.5952381
NODE_81216_length_393_cov_4.261905	240	282	14	7	42	0.1666667
NODE_81240_length_393_cov_3.503401	121	201	0	80	80	1.0000000
NODE_81240_length_393_cov_3.503401	174	246	0	72	72	1.0000000
NODE_81277_length_393_cov_2.704082	198	271	4	2	73	0.0273973
NODE_81277_length_393_cov_2.704082	198	271	6	12	73	0.1643836
NODE_81277_length_393_cov_2.704082	198	271	8	59	73	0.8082192
NODE_81289_length_393_cov_2.493197	136	216	0	80	80	1.0000000
NODE_81289_length_393_cov_2.493197	189	269	0	80	80	1.0000000
NODE_81296_length_393_cov_2.360544	195	252	2	3	57	0.0526316
NODE_81296_length_393_cov_2.360544	195	252	4	32	57	0.5614035
NODE_81296_length_393_cov_2.360544	195	252	6	22	57	0.3859649
NODE_81416_length_393_cov_1.608844	207	270	0	63	63	1.0000000
NODE_81778_length_392_cov_7.873720	161	241	0	80	80	1.0000000
NODE_81778_length_392_cov_7.873720	214	294	0	80	80	1.0000000
NODE_81790_length_392_cov_5.262799	218	248	4	30	30	1.0000000
NODE_81805_length_392_cov_3.655290	109	157	0	48	48	1.0000000
NODE_81805_length_392_cov_3.655290	306	386	0	13	80	0.1625000
NODE_81805_length_392_cov_3.655290	306	386	2	67	80	0.8375000
NODE_81823_length_392_cov_3.197952	102	171	2	4	69	0.0579710
NODE_81823_length_392_cov_3.197952	102	171	3	21	69	0.3043478
NODE_81823_length_392_cov_3.197952	102	171	4	33	69	0.4782609
NODE_81823_length_392_cov_3.197952	102	171	5	11	69	0.1594203
NODE_81823_length_392_cov_3.197952	233	314	0	28	81	0.3456790
NODE_81823_length_392_cov_3.197952	233	314	1	5	81	0.0617284
NODE_81823_length_392_cov_3.197952	233	314	3	48	81	0.5925926
NODE_81857_length_392_cov_2.511945	67	133	14	7	66	0.1060606
NODE_81857_length_392_cov_2.511945	67	133	18	1	66	0.0151515
NODE_81857_length_392_cov_2.511945	67	133	22	3	66	0.0454545
NODE_81857_length_392_cov_2.511945	67	133	23	3	66	0.0454545
NODE_81857_length_392_cov_2.511945	67	133	25	1	66	0.0151515
NODE_81857_length_392_cov_2.511945	67	133	29	2	66	0.0303030
NODE_81857_length_392_cov_2.511945	67	133	31	1	66	0.0151515
NODE_81857_length_392_cov_2.511945	67	133	33	1	66	0.0151515
NODE_81857_length_392_cov_2.511945	67	133	38	1	66	0.0151515
NODE_81857_length_392_cov_2.511945	67	133	40	1	66	0.0151515
NODE_81857_length_392_cov_2.511945	67	133	44	3	66	0.0454545
NODE_81857_length_392_cov_2.511945	67	133	49	1	66	0.0151515
NODE_81857_length_392_cov_2.511945	67	133	50	1	66	0.0151515
NODE_81857_length_392_cov_2.511945	67	133	57	2	66	0.0303030
NODE_81857_length_392_cov_2.511945	67	133	59	1	66	0.0151515
NODE_81857_length_392_cov_2.511945	67	133	63	6	66	0.0909091
NODE_81857_length_392_cov_2.511945	67	133	65	3	66	0.0454545
NODE_81857_length_392_cov_2.511945	67	133	67	9	66	0.1363636
NODE_81857_length_392_cov_2.511945	67	133	69	3	66	0.0454545
NODE_81857_length_392_cov_2.511945	67	133	71	6	66	0.0909091
NODE_81857_length_392_cov_2.511945	67	133	73	6	66	0.0909091
NODE_81857_length_392_cov_2.511945	67	133	75	2	66	0.0303030
NODE_81857_length_392_cov_2.511945	67	133	79	2	66	0.0303030
NODE_81857_length_392_cov_2.511945	120	206	47	4	86	0.0465116
NODE_81857_length_392_cov_2.511945	120	206	49	2	86	0.0232558
NODE_81857_length_392_cov_2.511945	120	206	54	5	86	0.0581395
NODE_81857_length_392_cov_2.511945	120	206	56	3	86	0.0348837
NODE_81857_length_392_cov_2.511945	120	206	64	1	86	0.0116279
NODE_81857_length_392_cov_2.511945	120	206	67	1	86	0.0116279
NODE_81857_length_392_cov_2.511945	120	206	71	3	86	0.0348837
NODE_81857_length_392_cov_2.511945	120	206	72	4	86	0.0465116
NODE_81857_length_392_cov_2.511945	120	206	73	6	86	0.0697674
NODE_81857_length_392_cov_2.511945	120	206	74	4	86	0.0465116
NODE_81857_length_392_cov_2.511945	120	206	75	2	86	0.0232558
NODE_81857_length_392_cov_2.511945	120	206	76	1	86	0.0116279
NODE_81857_length_392_cov_2.511945	120	206	78	9	86	0.1046512
NODE_81857_length_392_cov_2.511945	120	206	79	2	86	0.0232558
NODE_81857_length_392_cov_2.511945	120	206	81	1	86	0.0116279
NODE_81857_length_392_cov_2.511945	120	206	82	1	86	0.0116279
NODE_81857_length_392_cov_2.511945	120	206	83	4	86	0.0465116
NODE_81857_length_392_cov_2.511945	120	206	84	3	86	0.0348837
NODE_81857_length_392_cov_2.511945	120	206	85	7	86	0.0813954
NODE_81857_length_392_cov_2.511945	120	206	87	4	86	0.0465116
NODE_81857_length_392_cov_2.511945	120	206	89	19	86	0.2209302
NODE_81914_length_392_cov_2.075085	268	349	0	34	81	0.4197531
NODE_81914_length_392_cov_2.075085	268	349	2	47	81	0.5802469
NODE_81914_length_392_cov_2.075085	322	387	2	65	65	1.0000000
NODE_81928_length_392_cov_1.955631	11	56	0	45	45	1.0000000
NODE_81929_length_392_cov_1.952218	40	59	0	19	19	1.0000000
NODE_81940_length_392_cov_1.911263	238	315	0	77	77	1.0000000
NODE_81994_length_392_cov_1.631399	114	139	2	25	25	1.0000000
NODE_82008_length_392_cov_1.559727	83	163	0	18	80	0.2250000
NODE_82008_length_392_cov_1.559727	83	163	2	62	80	0.7750000
NODE_82015_length_392_cov_1.552901	32	52	0	20	20	1.0000000
NODE_82390_length_391_cov_69.510274	9	89	48	1	80	0.0125000
NODE_82390_length_391_cov_69.510274	9	89	56	1	80	0.0125000
NODE_82390_length_391_cov_69.510274	9	89	58	1	80	0.0125000
NODE_82390_length_391_cov_69.510274	9	89	62	1	80	0.0125000
NODE_82390_length_391_cov_69.510274	9	89	69	1	80	0.0125000
NODE_82390_length_391_cov_69.510274	9	89	74	1	80	0.0125000
NODE_82390_length_391_cov_69.510274	9	89	80	1	80	0.0125000
NODE_82390_length_391_cov_69.510274	9	89	81	3	80	0.0375000
NODE_82390_length_391_cov_69.510274	9	89	83	1	80	0.0125000
NODE_82390_length_391_cov_69.510274	9	89	97	1	80	0.0125000
NODE_82390_length_391_cov_69.510274	9	89	104	1	80	0.0125000
NODE_82390_length_391_cov_69.510274	9	89	113	1	80	0.0125000
NODE_82390_length_391_cov_69.510274	9	89	114	2	80	0.0250000
NODE_82390_length_391_cov_69.510274	9	89	116	1	80	0.0125000
NODE_82390_length_391_cov_69.510274	9	89	122	4	80	0.0500000
NODE_82390_length_391_cov_69.510274	9	89	126	1	80	0.0125000
NODE_82390_length_391_cov_69.510274	9	89	128	1	80	0.0125000
NODE_82390_length_391_cov_69.510274	9	89	130	2	80	0.0250000
NODE_82390_length_391_cov_69.510274	9	89	133	1	80	0.0125000
NODE_82390_length_391_cov_69.510274	9	89	137	2	80	0.0250000
NODE_82390_length_391_cov_69.510274	9	89	141	1	80	0.0125000
NODE_82390_length_391_cov_69.510274	9	89	145	3	80	0.0375000
NODE_82390_length_391_cov_69.510274	9	89	149	1	80	0.0125000
NODE_82390_length_391_cov_69.510274	9	89	150	1	80	0.0125000
NODE_82390_length_391_cov_69.510274	9	89	152	1	80	0.0125000
NODE_82390_length_391_cov_69.510274	9	89	153	1	80	0.0125000
NODE_82390_length_391_cov_69.510274	9	89	155	2	80	0.0250000
NODE_82390_length_391_cov_69.510274	9	89	156	2	80	0.0250000
NODE_82390_length_391_cov_69.510274	9	89	158	35	80	0.4375000
NODE_82390_length_391_cov_69.510274	9	89	160	5	80	0.0625000
NODE_82391_length_391_cov_39.414384	0	66	5	1	66	0.0151515
NODE_82391_length_391_cov_39.414384	0	66	8	12	66	0.1818182
NODE_82391_length_391_cov_39.414384	0	66	10	9	66	0.1363636
NODE_82391_length_391_cov_39.414384	0	66	12	7	66	0.1060606
NODE_82391_length_391_cov_39.414384	0	66	14	25	66	0.3787879
NODE_82391_length_391_cov_39.414384	0	66	18	1	66	0.0151515
NODE_82391_length_391_cov_39.414384	0	66	22	6	66	0.0909091
NODE_82391_length_391_cov_39.414384	0	66	26	5	66	0.0757576
NODE_82391_length_391_cov_39.414384	0	71	5	1	71	0.0140845
NODE_82391_length_391_cov_39.414384	0	71	8	12	71	0.1690141
NODE_82391_length_391_cov_39.414384	0	71	10	9	71	0.1267606
NODE_82391_length_391_cov_39.414384	0	71	12	7	71	0.0985916
NODE_82391_length_391_cov_39.414384	0	71	14	25	71	0.3521127
NODE_82391_length_391_cov_39.414384	0	71	18	1	71	0.0140845
NODE_82391_length_391_cov_39.414384	0	71	22	6	71	0.0845070
NODE_82391_length_391_cov_39.414384	0	71	26	10	71	0.1408451
NODE_82391_length_391_cov_39.414384	44	124	14	10	80	0.1250000
NODE_82391_length_391_cov_39.414384	44	124	18	5	80	0.0625000
NODE_82391_length_391_cov_39.414384	44	124	20	7	80	0.0875000
NODE_82391_length_391_cov_39.414384	44	124	22	9	80	0.1125000
NODE_82391_length_391_cov_39.414384	44	124	24	6	80	0.0750000
NODE_82391_length_391_cov_39.414384	44	124	26	43	80	0.5375000
NODE_82394_length_391_cov_10.352740	156	235	0	79	79	1.0000000
NODE_82415_length_391_cov_5.030822	85	166	0	6	81	0.0740741
NODE_82415_length_391_cov_5.030822	85	166	2	14	81	0.1728395
NODE_82415_length_391_cov_5.030822	85	166	4	61	81	0.7530864
NODE_82498_length_391_cov_2.660959	267	343	4	1	76	0.0131579
NODE_82498_length_391_cov_2.660959	267	343	6	28	76	0.3684210
NODE_82498_length_391_cov_2.660959	267	343	8	12	76	0.1578947
NODE_82498_length_391_cov_2.660959	267	343	10	35	76	0.4605263
NODE_82552_length_391_cov_2.089041	176	256	4	80	80	1.0000000
NODE_82552_length_391_cov_2.089041	229	280	2	3	51	0.0588235
NODE_82552_length_391_cov_2.089041	229	280	3	15	51	0.2941177
NODE_82552_length_391_cov_2.089041	229	280	4	33	51	0.6470588
NODE_82574_length_391_cov_1.907534	200	257	0	4	57	0.0701754
NODE_82574_length_391_cov_1.907534	200	257	2	53	57	0.9298246
NODE_82597_length_391_cov_1.773973	160	190	0	5	30	0.1666667
NODE_82597_length_391_cov_1.773973	160	190	2	25	30	0.8333333
NODE_82632_length_391_cov_1.647260	298	378	0	16	80	0.2000000
NODE_82632_length_391_cov_1.647260	298	378	2	64	80	0.8000000
NODE_82662_length_391_cov_1.561644	241	261	0	20	20	1.0000000
NODE_83015_length_390_cov_29.030928	86	166	0	40	80	0.5000000
NODE_83015_length_390_cov_29.030928	86	166	4	40	80	0.5000000
NODE_83015_length_390_cov_29.030928	139	219	0	7	80	0.0875000
NODE_83015_length_390_cov_29.030928	139	219	4	73	80	0.9125000
NODE_83016_length_390_cov_22.319588	118	198	2	80	80	1.0000000
NODE_83016_length_390_cov_22.319588	171	251	0	24	80	0.3000000
NODE_83016_length_390_cov_22.319588	171	251	2	56	80	0.7000000
NODE_83044_length_390_cov_4.481100	208	277	0	1	69	0.0144928
NODE_83044_length_390_cov_4.481100	208	277	2	68	69	0.9855072
NODE_83044_length_390_cov_4.481100	286	327	2	41	41	1.0000000
NODE_83045_length_390_cov_4.481100	93	171	6	45	78	0.5769231
NODE_83045_length_390_cov_4.481100	93	171	8	33	78	0.4230769
NODE_83045_length_390_cov_4.481100	144	210	2	1	66	0.0151515
NODE_83045_length_390_cov_4.481100	144	210	4	3	66	0.0454545
NODE_83045_length_390_cov_4.481100	144	210	6	16	66	0.2424242
NODE_83045_length_390_cov_4.481100	144	210	7	1	66	0.0151515
NODE_83045_length_390_cov_4.481100	144	210	8	45	66	0.6818182
NODE_83060_length_390_cov_3.814433	66	99	4	33	33	1.0000000
NODE_83061_length_390_cov_3.783505	188	268	0	80	80	1.0000000
NODE_83061_length_390_cov_3.783505	241	321	0	80	80	1.0000000
NODE_83066_length_390_cov_3.560137	304	367	2	58	63	0.9206349
NODE_83066_length_390_cov_3.560137	304	367	4	5	63	0.0793651
NODE_83066_length_390_cov_3.560137	340	381	0	2	41	0.0487805
NODE_83066_length_390_cov_3.560137	340	381	2	39	41	0.9512195
NODE_83169_length_390_cov_2.127148	242	322	0	22	80	0.2750000
NODE_83169_length_390_cov_2.127148	242	322	2	58	80	0.7250000
NODE_83171_length_390_cov_2.123711	133	177	12	7	44	0.1590909
NODE_83171_length_390_cov_2.123711	133	177	14	4	44	0.0909091
NODE_83171_length_390_cov_2.123711	133	177	16	33	44	0.7500000
NODE_83171_length_390_cov_2.123711	157	237	8	3	80	0.0375000
NODE_83171_length_390_cov_2.123711	157	237	12	17	80	0.2125000
NODE_83171_length_390_cov_2.123711	157	237	14	44	80	0.5500000
NODE_83171_length_390_cov_2.123711	157	237	16	16	80	0.2000000
NODE_83288_length_390_cov_1.536082	223	276	0	53	53	1.0000000
NODE_83338_length_390_cov_1.398625	49	110	8	1	61	0.0163934
NODE_83338_length_390_cov_1.398625	49	110	10	2	61	0.0327869
NODE_83338_length_390_cov_1.398625	49	110	12	16	61	0.2622951
NODE_83338_length_390_cov_1.398625	49	110	14	42	61	0.6885246
NODE_83463_length_390_cov_1.034364	78	158	0	80	80	1.0000000
NODE_83633_length_389_cov_63.710345	32	112	0	80	80	1.0000000
NODE_83633_length_389_cov_63.710345	85	165	0	68	80	0.8500000
NODE_83633_length_389_cov_63.710345	85	165	1	4	80	0.0500000
NODE_83633_length_389_cov_63.710345	85	165	2	8	80	0.1000000
NODE_83633_length_389_cov_63.710345	161	241	2	7	80	0.0875000
NODE_83633_length_389_cov_63.710345	161	241	3	5	80	0.0625000
NODE_83633_length_389_cov_63.710345	161	241	4	47	80	0.5875000
NODE_83633_length_389_cov_63.710345	161	241	5	10	80	0.1250000
NODE_83633_length_389_cov_63.710345	161	241	6	11	80	0.1375000
NODE_83633_length_389_cov_63.710345	214	294	4	6	80	0.0750000
NODE_83633_length_389_cov_63.710345	214	294	5	10	80	0.1250000
NODE_83633_length_389_cov_63.710345	214	294	6	64	80	0.8000000
NODE_83650_length_389_cov_5.382759	154	234	0	1	80	0.0125000
NODE_83650_length_389_cov_5.382759	154	234	4	10	80	0.1250000
NODE_83650_length_389_cov_5.382759	154	234	8	69	80	0.8625000
NODE_83662_length_389_cov_4.468966	199	269	4	42	70	0.6000000
NODE_83662_length_389_cov_4.468966	199	269	6	28	70	0.4000000
NODE_83663_length_389_cov_4.424138	68	148	48	1	80	0.0125000
NODE_83663_length_389_cov_4.424138	68	148	50	5	80	0.0625000
NODE_83663_length_389_cov_4.424138	68	148	52	1	80	0.0125000
NODE_83663_length_389_cov_4.424138	68	148	54	14	80	0.1750000
NODE_83663_length_389_cov_4.424138	68	148	56	3	80	0.0375000
NODE_83663_length_389_cov_4.424138	68	148	58	4	80	0.0500000
NODE_83663_length_389_cov_4.424138	68	148	60	2	80	0.0250000
NODE_83663_length_389_cov_4.424138	68	148	62	16	80	0.2000000
NODE_83663_length_389_cov_4.424138	68	148	66	18	80	0.2250000
NODE_83663_length_389_cov_4.424138	68	148	67	6	80	0.0750000
NODE_83663_length_389_cov_4.424138	68	148	68	10	80	0.1250000
NODE_83685_length_389_cov_3.782759	194	225	0	31	31	1.0000000
NODE_83689_length_389_cov_3.555172	107	153	0	46	46	1.0000000
NODE_83695_length_389_cov_3.251724	120	163	7	28	43	0.6511628
NODE_83695_length_389_cov_3.251724	120	163	8	1	43	0.0232558
NODE_83695_length_389_cov_3.251724	120	163	11	6	43	0.1395349
NODE_83695_length_389_cov_3.251724	120	163	12	3	43	0.0697674
NODE_83695_length_389_cov_3.251724	120	163	14	5	43	0.1162791
NODE_83695_length_389_cov_3.251724	136	206	7	12	70	0.1714286
NODE_83695_length_389_cov_3.251724	136	206	8	1	70	0.0142857
NODE_83695_length_389_cov_3.251724	136	206	11	6	70	0.0857143
NODE_83695_length_389_cov_3.251724	136	206	12	39	70	0.5571429
NODE_83695_length_389_cov_3.251724	136	206	14	12	70	0.1714286
NODE_83816_length_389_cov_1.951724	68	148	0	80	80	1.0000000
NODE_83819_length_389_cov_1.937931	53	82	0	29	29	1.0000000
NODE_83819_length_389_cov_1.937931	153	233	8	27	80	0.3375000
NODE_83819_length_389_cov_1.937931	153	233	10	44	80	0.5500000
NODE_83819_length_389_cov_1.937931	153	233	11	9	80	0.1125000
NODE_83829_length_389_cov_1.920690	296	365	0	69	69	1.0000000
NODE_84182_length_389_cov_0.720690	294	374	0	80	80	1.0000000
NODE_84267_length_388_cov_9.179931	47	127	4	34	80	0.4250000
NODE_84267_length_388_cov_9.179931	47	127	6	46	80	0.5750000
NODE_84267_length_388_cov_9.179931	100	180	0	17	80	0.2125000
NODE_84267_length_388_cov_9.179931	100	180	2	20	80	0.2500000
NODE_84267_length_388_cov_9.179931	100	180	3	2	80	0.0250000
NODE_84267_length_388_cov_9.179931	100	180	4	6	80	0.0750000
NODE_84267_length_388_cov_9.179931	100	180	6	35	80	0.4375000
NODE_84270_length_388_cov_7.249135	171	251	0	80	80	1.0000000
NODE_84270_length_388_cov_7.249135	224	304	0	80	80	1.0000000
NODE_84305_length_388_cov_3.913495	151	231	0	7	80	0.0875000
NODE_84305_length_388_cov_3.913495	151	231	2	16	80	0.2000000
NODE_84305_length_388_cov_3.913495	151	231	4	41	80	0.5125000
NODE_84305_length_388_cov_3.913495	151	231	6	16	80	0.2000000
NODE_84308_length_388_cov_3.809689	233	277	0	44	44	1.0000000
NODE_84332_length_388_cov_3.103806	101	166	0	19	65	0.2923077
NODE_84332_length_388_cov_3.103806	101	166	2	46	65	0.7076923
NODE_84332_length_388_cov_3.103806	147	227	0	32	80	0.4000000
NODE_84332_length_388_cov_3.103806	147	227	2	48	80	0.6000000
NODE_84334_length_388_cov_3.041522	48	128	0	20	80	0.2500000
NODE_84334_length_388_cov_3.041522	48	128	2	1	80	0.0125000
NODE_84334_length_388_cov_3.041522	48	128	4	59	80	0.7375000
NODE_84410_length_388_cov_2.114187	82	141	0	59	59	1.0000000
NODE_84410_length_388_cov_2.114187	135	194	0	59	59	1.0000000
NODE_84423_length_388_cov_2.017301	99	151	0	52	52	1.0000000
NODE_84427_length_388_cov_1.989619	0	76	0	76	76	1.0000000
NODE_84427_length_388_cov_1.989619	49	114	0	65	65	1.0000000
NODE_84587_length_388_cov_1.352941	172	247	0	75	75	1.0000000
NODE_84631_length_388_cov_1.228374	308	339	0	31	31	1.0000000
NODE_84885_length_387_cov_33.052083	194	274	0	80	80	1.0000000
NODE_84885_length_387_cov_33.052083	247	327	0	80	80	1.0000000
NODE_84890_length_387_cov_6.871528	26	106	0	72	80	0.9000000
NODE_84890_length_387_cov_6.871528	26	106	2	8	80	0.1000000
NODE_84890_length_387_cov_6.871528	79	159	0	19	80	0.2375000
NODE_84890_length_387_cov_6.871528	79	159	2	61	80	0.7625000
NODE_84902_length_387_cov_5.420139	286	341	0	55	55	1.0000000
NODE_84946_length_387_cov_3.364583	287	367	0	80	80	1.0000000
NODE_85007_length_387_cov_2.260417	140	210	5	27	70	0.3857143
NODE_85007_length_387_cov_2.260417	140	210	7	43	70	0.6142857
NODE_85019_length_387_cov_2.128472	220	286	2	66	66	1.0000000
NODE_85019_length_387_cov_2.128472	273	329	0	26	56	0.4642857
NODE_85019_length_387_cov_2.128472	273	329	2	30	56	0.5357143
NODE_85032_length_387_cov_2.090278	318	352	0	34	34	1.0000000
NODE_85037_length_387_cov_2.055556	23	45	0	22	22	1.0000000
NODE_85047_length_387_cov_1.979167	259	316	2	57	57	1.0000000
NODE_85047_length_387_cov_1.979167	312	369	2	57	57	1.0000000
NODE_85091_length_387_cov_1.770833	315	361	0	46	46	1.0000000
NODE_85528_length_386_cov_9.979094	38	118	0	37	80	0.4625000
NODE_85528_length_386_cov_9.979094	38	118	2	43	80	0.5375000
NODE_85528_length_386_cov_9.979094	91	174	2	83	83	1.0000000
NODE_85546_length_386_cov_4.428571	197	249	0	15	52	0.2884615
NODE_85546_length_386_cov_4.428571	197	249	2	37	52	0.7115384
NODE_85570_length_386_cov_3.355401	151	231	0	80	80	1.0000000
NODE_85570_length_386_cov_3.355401	204	265	0	61	61	1.0000000
NODE_85602_length_386_cov_2.686411	293	325	0	32	32	1.0000000
NODE_85602_length_386_cov_2.686411	349	379	0	30	30	1.0000000
NODE_85629_length_386_cov_2.442509	55	135	0	80	80	1.0000000
NODE_85629_length_386_cov_2.442509	108	164	0	56	56	1.0000000
NODE_85793_length_386_cov_1.494774	79	121	0	42	42	1.0000000
NODE_85793_length_386_cov_1.494774	93	156	0	46	63	0.7301587
NODE_85793_length_386_cov_1.494774	93	156	2	17	63	0.2698413
NODE_85816_length_386_cov_1.421603	160	236	0	8	76	0.1052632
NODE_85816_length_386_cov_1.421603	160	236	4	68	76	0.8947368
NODE_85845_length_386_cov_1.372822	62	142	0	77	80	0.9625000
NODE_85845_length_386_cov_1.372822	62	142	2	3	80	0.0375000
NODE_85845_length_386_cov_1.372822	115	195	0	24	80	0.3000000
NODE_85845_length_386_cov_1.372822	115	195	2	56	80	0.7000000
NODE_85858_length_386_cov_1.317073	124	161	18	19	37	0.5135135
NODE_85858_length_386_cov_1.317073	124	161	20	18	37	0.4864865
NODE_85902_length_386_cov_1.170732	260	308	2	48	48	1.0000000
NODE_86143_length_385_cov_167.877622	103	164	99	1	61	0.0163934
NODE_86143_length_385_cov_167.877622	103	164	103	1	61	0.0163934
NODE_86143_length_385_cov_167.877622	103	164	105	1	61	0.0163934
NODE_86143_length_385_cov_167.877622	103	164	109	3	61	0.0491803
NODE_86143_length_385_cov_167.877622	103	164	111	4	61	0.0655738
NODE_86143_length_385_cov_167.877622	103	164	112	4	61	0.0655738
NODE_86143_length_385_cov_167.877622	103	164	113	2	61	0.0327869
NODE_86143_length_385_cov_167.877622	103	164	114	5	61	0.0819672
NODE_86143_length_385_cov_167.877622	103	164	116	2	61	0.0327869
NODE_86143_length_385_cov_167.877622	103	164	117	3	61	0.0491803
NODE_86143_length_385_cov_167.877622	103	164	118	1	61	0.0163934
NODE_86143_length_385_cov_167.877622	103	164	119	1	61	0.0163934
NODE_86143_length_385_cov_167.877622	103	164	120	1	61	0.0163934
NODE_86143_length_385_cov_167.877622	103	164	126	5	61	0.0819672
NODE_86143_length_385_cov_167.877622	103	164	127	5	61	0.0819672
NODE_86143_length_385_cov_167.877622	103	164	128	1	61	0.0163934
NODE_86143_length_385_cov_167.877622	103	164	129	3	61	0.0491803
NODE_86143_length_385_cov_167.877622	103	164	130	1	61	0.0163934
NODE_86143_length_385_cov_167.877622	103	164	137	1	61	0.0163934
NODE_86143_length_385_cov_167.877622	103	164	139	1	61	0.0163934
NODE_86143_length_385_cov_167.877622	103	164	141	2	61	0.0327869
NODE_86143_length_385_cov_167.877622	103	164	142	1	61	0.0163934
NODE_86143_length_385_cov_167.877622	103	164	144	8	61	0.1311475
NODE_86143_length_385_cov_167.877622	103	164	148	3	61	0.0491803
NODE_86143_length_385_cov_167.877622	103	164	150	1	61	0.0163934
NODE_86144_length_385_cov_38.695804	164	244	0	35	80	0.4375000
NODE_86144_length_385_cov_38.695804	164	244	2	10	80	0.1250000
NODE_86144_length_385_cov_38.695804	164	244	4	35	80	0.4375000
NODE_86144_length_385_cov_38.695804	217	297	4	80	80	1.0000000
NODE_86169_length_385_cov_4.335664	173	250	0	16	77	0.2077922
NODE_86169_length_385_cov_4.335664	173	250	1	18	77	0.2337662
NODE_86169_length_385_cov_4.335664	173	250	2	28	77	0.3636364
NODE_86169_length_385_cov_4.335664	173	250	4	15	77	0.1948052
NODE_86185_length_385_cov_3.793706	215	297	4	16	82	0.1951219
NODE_86185_length_385_cov_3.793706	215	297	8	34	82	0.4146341
NODE_86185_length_385_cov_3.793706	215	297	10	4	82	0.0487805
NODE_86185_length_385_cov_3.793706	215	297	12	2	82	0.0243902
NODE_86185_length_385_cov_3.793706	215	297	14	26	82	0.3170732
NODE_86230_length_385_cov_2.786713	99	179	7	6	80	0.0750000
NODE_86230_length_385_cov_2.786713	99	179	8	22	80	0.2750000
NODE_86230_length_385_cov_2.786713	99	179	10	32	80	0.4000000
NODE_86230_length_385_cov_2.786713	99	179	11	5	80	0.0625000
NODE_86230_length_385_cov_2.786713	99	179	12	15	80	0.1875000
NODE_86230_length_385_cov_2.786713	152	232	4	33	80	0.4125000
NODE_86230_length_385_cov_2.786713	152	232	6	13	80	0.1625000
NODE_86230_length_385_cov_2.786713	152	232	8	29	80	0.3625000
NODE_86230_length_385_cov_2.786713	152	232	10	5	80	0.0625000
NODE_86230_length_385_cov_2.786713	281	362	0	81	81	1.0000000
NODE_86448_length_385_cov_1.381119	71	145	0	50	74	0.6756757
NODE_86448_length_385_cov_1.381119	71	145	2	24	74	0.3243243
NODE_86448_length_385_cov_1.381119	118	198	0	3	80	0.0375000
NODE_86448_length_385_cov_1.381119	118	198	2	77	80	0.9625000
NODE_86798_length_384_cov_3.996491	135	217	2	53	82	0.6463414
NODE_86798_length_384_cov_3.996491	135	217	4	27	82	0.3292683
NODE_86798_length_384_cov_3.996491	135	217	6	2	82	0.0243902
NODE_86809_length_384_cov_3.729825	181	228	0	47	47	1.0000000
NODE_86812_length_384_cov_3.715789	145	221	3	15	76	0.1973684
NODE_86812_length_384_cov_3.715789	145	221	4	2	76	0.0263158
NODE_86812_length_384_cov_3.715789	145	221	5	1	76	0.0131579
NODE_86812_length_384_cov_3.715789	145	221	6	58	76	0.7631579
NODE_86841_length_384_cov_2.996491	147	227	2	80	80	1.0000000
NODE_86847_length_384_cov_2.835088	65	145	14	8	80	0.1000000
NODE_86847_length_384_cov_2.835088	65	145	18	7	80	0.0875000
NODE_86847_length_384_cov_2.835088	65	145	20	3	80	0.0375000
NODE_86847_length_384_cov_2.835088	65	145	24	17	80	0.2125000
NODE_86847_length_384_cov_2.835088	65	145	26	3	80	0.0375000
NODE_86847_length_384_cov_2.835088	65	145	28	13	80	0.1625000
NODE_86847_length_384_cov_2.835088	65	145	30	29	80	0.3625000
NODE_86866_length_384_cov_2.575439	151	224	2	73	73	1.0000000
NODE_86866_length_384_cov_2.575439	197	281	0	33	84	0.3928571
NODE_86866_length_384_cov_2.575439	197	281	2	51	84	0.6071429
NODE_86907_length_384_cov_2.231579	78	153	0	75	75	1.0000000
NODE_86942_length_384_cov_1.940351	73	153	4	2	80	0.0250000
NODE_86942_length_384_cov_1.940351	73	153	6	2	80	0.0250000
NODE_86942_length_384_cov_1.940351	73	153	8	25	80	0.3125000
NODE_86942_length_384_cov_1.940351	73	153	9	12	80	0.1500000
NODE_86942_length_384_cov_1.940351	73	153	10	1	80	0.0125000
NODE_86942_length_384_cov_1.940351	73	153	12	38	80	0.4750000
NODE_87431_length_383_cov_4.869718	117	197	0	10	80	0.1250000
NODE_87431_length_383_cov_4.869718	117	197	4	70	80	0.8750000
NODE_87431_length_383_cov_4.869718	170	250	2	2	80	0.0250000
NODE_87431_length_383_cov_4.869718	170	250	3	2	80	0.0250000
NODE_87431_length_383_cov_4.869718	170	250	4	50	80	0.6250000
NODE_87431_length_383_cov_4.869718	170	250	6	26	80	0.3250000
NODE_87432_length_383_cov_4.841549	121	180	2	59	59	1.0000000
NODE_87438_length_383_cov_4.559859	33	109	0	76	76	1.0000000
NODE_87487_length_383_cov_2.940141	185	265	2	80	80	1.0000000
NODE_87495_length_383_cov_2.760563	123	203	13	1	80	0.0125000
NODE_87495_length_383_cov_2.760563	123	203	17	2	80	0.0250000
NODE_87495_length_383_cov_2.760563	123	203	19	1	80	0.0125000
NODE_87495_length_383_cov_2.760563	123	203	23	6	80	0.0750000
NODE_87495_length_383_cov_2.760563	123	203	25	1	80	0.0125000
NODE_87495_length_383_cov_2.760563	123	203	29	3	80	0.0375000
NODE_87495_length_383_cov_2.760563	123	203	38	1	80	0.0125000
NODE_87495_length_383_cov_2.760563	123	203	44	2	80	0.0250000
NODE_87495_length_383_cov_2.760563	123	203	45	10	80	0.1250000
NODE_87495_length_383_cov_2.760563	123	203	47	9	80	0.1125000
NODE_87495_length_383_cov_2.760563	123	203	49	1	80	0.0125000
NODE_87495_length_383_cov_2.760563	123	203	53	6	80	0.0750000
NODE_87495_length_383_cov_2.760563	123	203	55	1	80	0.0125000
NODE_87495_length_383_cov_2.760563	123	203	56	10	80	0.1250000
NODE_87495_length_383_cov_2.760563	123	203	58	23	80	0.2875000
NODE_87495_length_383_cov_2.760563	123	203	60	3	80	0.0375000
NODE_87495_length_383_cov_2.760563	169	249	0	14	80	0.1750000
NODE_87495_length_383_cov_2.760563	169	249	4	19	80	0.2375000
NODE_87495_length_383_cov_2.760563	169	249	8	3	80	0.0375000
NODE_87495_length_383_cov_2.760563	169	249	11	6	80	0.0750000
NODE_87495_length_383_cov_2.760563	169	249	13	5	80	0.0625000
NODE_87495_length_383_cov_2.760563	169	249	17	2	80	0.0250000
NODE_87495_length_383_cov_2.760563	169	249	19	1	80	0.0125000
NODE_87495_length_383_cov_2.760563	169	249	23	6	80	0.0750000
NODE_87495_length_383_cov_2.760563	169	249	25	1	80	0.0125000
NODE_87495_length_383_cov_2.760563	169	249	29	3	80	0.0375000
NODE_87495_length_383_cov_2.760563	169	249	38	1	80	0.0125000
NODE_87495_length_383_cov_2.760563	169	249	44	2	80	0.0250000
NODE_87495_length_383_cov_2.760563	169	249	45	10	80	0.1250000
NODE_87495_length_383_cov_2.760563	169	249	47	7	80	0.0875000
NODE_87495_length_383_cov_2.760563	222	302	0	67	80	0.8375000
NODE_87495_length_383_cov_2.760563	222	302	4	13	80	0.1625000
NODE_87566_length_383_cov_2.123239	29	94	0	65	65	1.0000000
NODE_87566_length_383_cov_2.123239	93	173	0	80	80	1.0000000
NODE_87566_length_383_cov_2.123239	146	193	0	47	47	1.0000000
NODE_87634_length_383_cov_1.728873	196	257	0	61	61	1.0000000
NODE_87634_length_383_cov_1.728873	239	310	0	71	71	1.0000000
NODE_88039_length_382_cov_43.724382	245	325	9	43	80	0.5375000
NODE_88039_length_382_cov_43.724382	245	325	10	37	80	0.4625000
NODE_88039_length_382_cov_43.724382	298	378	0	42	80	0.5250000
NODE_88039_length_382_cov_43.724382	298	378	9	38	80	0.4750000
NODE_88040_length_382_cov_35.908127	163	243	0	30	80	0.3750000
NODE_88040_length_382_cov_35.908127	163	243	2	50	80	0.6250000
NODE_88040_length_382_cov_35.908127	216	296	2	80	80	1.0000000
NODE_88040_length_382_cov_35.908127	292	372	0	66	80	0.8250000
NODE_88040_length_382_cov_35.908127	292	372	2	14	80	0.1750000
NODE_88041_length_382_cov_26.240283	57	137	4	32	80	0.4000000
NODE_88041_length_382_cov_26.240283	57	137	6	48	80	0.6000000
NODE_88041_length_382_cov_26.240283	110	190	0	11	80	0.1375000
NODE_88041_length_382_cov_26.240283	110	190	2	6	80	0.0750000
NODE_88041_length_382_cov_26.240283	110	190	4	7	80	0.0875000
NODE_88041_length_382_cov_26.240283	110	190	6	56	80	0.7000000
NODE_88054_length_382_cov_5.583039	63	143	2	80	80	1.0000000
NODE_88054_length_382_cov_5.583039	116	196	0	33	80	0.4125000
NODE_88054_length_382_cov_5.583039	116	196	2	47	80	0.5875000
NODE_88063_length_382_cov_4.837456	19	78	0	59	59	1.0000000
NODE_88067_length_382_cov_4.618375	0	55	0	55	55	1.0000000
NODE_88067_length_382_cov_4.618375	104	184	0	14	80	0.1750000
NODE_88067_length_382_cov_4.618375	104	184	2	40	80	0.5000000
NODE_88067_length_382_cov_4.618375	104	184	4	5	80	0.0625000
NODE_88067_length_382_cov_4.618375	104	184	6	9	80	0.1125000
NODE_88067_length_382_cov_4.618375	104	184	7	1	80	0.0125000
NODE_88067_length_382_cov_4.618375	104	184	9	2	80	0.0250000
NODE_88067_length_382_cov_4.618375	104	184	11	5	80	0.0625000
NODE_88067_length_382_cov_4.618375	104	184	12	4	80	0.0500000
NODE_88067_length_382_cov_4.618375	157	237	2	1	80	0.0125000
NODE_88067_length_382_cov_4.618375	157	237	4	5	80	0.0625000
NODE_88067_length_382_cov_4.618375	157	237	6	9	80	0.1125000
NODE_88067_length_382_cov_4.618375	157	237	7	1	80	0.0125000
NODE_88067_length_382_cov_4.618375	157	237	9	2	80	0.0250000
NODE_88067_length_382_cov_4.618375	157	237	10	27	80	0.3375000
NODE_88067_length_382_cov_4.618375	157	237	11	7	80	0.0875000
NODE_88067_length_382_cov_4.618375	157	237	12	28	80	0.3500000
NODE_88075_length_382_cov_4.268551	71	152	0	15	81	0.1851852
NODE_88075_length_382_cov_4.268551	71	152	2	66	81	0.8148148
NODE_88075_length_382_cov_4.268551	124	205	2	81	81	1.0000000
NODE_88080_length_382_cov_4.091873	30	92	0	62	62	1.0000000
NODE_88121_length_382_cov_3.031802	173	253	2	5	80	0.0625000
NODE_88121_length_382_cov_3.031802	173	253	4	37	80	0.4625000
NODE_88121_length_382_cov_3.031802	173	253	6	38	80	0.4750000
NODE_88121_length_382_cov_3.031802	226	295	2	27	69	0.3913043
NODE_88121_length_382_cov_3.031802	226	295	4	7	69	0.1014493
NODE_88121_length_382_cov_3.031802	226	295	6	35	69	0.5072464
NODE_88135_length_382_cov_2.798587	231	293	0	62	62	1.0000000
NODE_88136_length_382_cov_2.791519	195	244	2	1	49	0.0204082
NODE_88136_length_382_cov_2.791519	195	244	4	38	49	0.7755102
NODE_88136_length_382_cov_2.791519	195	244	6	10	49	0.2040816
NODE_88136_length_382_cov_2.791519	217	297	4	17	80	0.2125000
NODE_88136_length_382_cov_2.791519	217	297	6	63	80	0.7875000
NODE_88164_length_382_cov_2.611307	301	368	4	67	67	1.0000000
NODE_88276_length_382_cov_1.802120	0	60	2	30	60	0.5000000
NODE_88276_length_382_cov_1.802120	0	60	4	30	60	0.5000000
NODE_88660_length_382_cov_0.738516	48	95	12	2	47	0.0425532
NODE_88660_length_382_cov_0.738516	48	95	16	45	47	0.9574468
NODE_88660_length_382_cov_0.738516	68	148	16	80	80	1.0000000
NODE_88758_length_381_cov_12.010638	195	274	0	5	79	0.0632911
NODE_88758_length_381_cov_12.010638	195	274	2	11	79	0.1392405
NODE_88758_length_381_cov_12.010638	195	274	4	63	79	0.7974684
NODE_88865_length_381_cov_2.606383	68	98	0	30	30	1.0000000
NODE_88867_length_381_cov_2.570922	115	175	7	15	60	0.2500000
NODE_88867_length_381_cov_2.570922	115	175	9	45	60	0.7500000
NODE_88872_length_381_cov_2.514184	225	307	4	1	82	0.0121951
NODE_88872_length_381_cov_2.514184	225	307	6	3	82	0.0365854
NODE_88872_length_381_cov_2.514184	225	307	8	78	82	0.9512195
NODE_88900_length_381_cov_2.198582	193	276	0	83	83	1.0000000
NODE_88935_length_381_cov_1.989362	279	325	0	46	46	1.0000000
NODE_89009_length_381_cov_1.663121	51	128	4	77	77	1.0000000
NODE_89009_length_381_cov_1.663121	101	181	2	24	80	0.3000000
NODE_89009_length_381_cov_1.663121	101	181	3	7	80	0.0875000
NODE_89009_length_381_cov_1.663121	101	181	4	49	80	0.6125000
NODE_89090_length_381_cov_1.400709	254	334	0	4	80	0.0500000
NODE_89090_length_381_cov_1.400709	254	334	2	3	80	0.0375000
NODE_89090_length_381_cov_1.400709	254	334	4	73	80	0.9125000
NODE_89090_length_381_cov_1.400709	254	334	0	4	80	0.0500000
NODE_89090_length_381_cov_1.400709	254	334	2	3	80	0.0375000
NODE_89090_length_381_cov_1.400709	254	334	4	73	80	0.9125000
NODE_89090_length_381_cov_1.400709	309	373	0	21	64	0.3281250
NODE_89090_length_381_cov_1.400709	309	373	2	6	64	0.0937500
NODE_89090_length_381_cov_1.400709	309	373	4	37	64	0.5781250
NODE_89482_length_380_cov_57.604982	196	276	2	80	80	1.0000000
NODE_89482_length_380_cov_57.604982	249	329	0	41	80	0.5125000
NODE_89482_length_380_cov_57.604982	249	329	2	39	80	0.4875000
NODE_89482_length_380_cov_57.604982	325	359	0	34	34	1.0000000
NODE_89483_length_380_cov_11.185053	79	161	8	82	82	1.0000000
NODE_89483_length_380_cov_11.185053	134	214	0	33	80	0.4125000
NODE_89483_length_380_cov_11.185053	134	214	8	47	80	0.5875000
NODE_89491_length_380_cov_5.811388	100	156	0	56	56	1.0000000
NODE_89491_length_380_cov_5.811388	177	213	0	36	36	1.0000000
NODE_89495_length_380_cov_5.377224	242	271	32	6	29	0.2068966
NODE_89495_length_380_cov_5.377224	242	271	34	21	29	0.7241379
NODE_89495_length_380_cov_5.377224	242	271	36	2	29	0.0689655
NODE_89508_length_380_cov_4.185053	158	230	0	72	72	1.0000000
NODE_89508_length_380_cov_4.185053	159	229	0	70	70	1.0000000
NODE_89508_length_380_cov_4.185053	203	283	0	80	80	1.0000000
NODE_89508_length_380_cov_4.185053	203	283	0	80	80	1.0000000
NODE_89527_length_380_cov_3.423488	164	233	0	8	69	0.1159420
NODE_89527_length_380_cov_3.423488	164	233	2	61	69	0.8840580
NODE_89540_length_380_cov_3.153025	188	260	2	6	72	0.0833333
NODE_89540_length_380_cov_3.153025	188	260	8	66	72	0.9166667
NODE_89568_length_380_cov_2.718861	51	131	2	80	80	1.0000000
NODE_89568_length_380_cov_2.718861	104	184	2	80	80	1.0000000
NODE_89658_length_380_cov_1.943060	22	56	0	34	34	1.0000000
NODE_89750_length_380_cov_1.601423	292	332	8	2	40	0.0500000
NODE_89750_length_380_cov_1.601423	292	332	10	15	40	0.3750000
NODE_89750_length_380_cov_1.601423	292	332	12	21	40	0.5250000
NODE_89750_length_380_cov_1.601423	292	332	14	2	40	0.0500000
NODE_89911_length_380_cov_1.088968	312	353	4	41	41	1.0000000
NODE_89911_length_380_cov_1.088968	326	380	1	15	54	0.2777778
NODE_89911_length_380_cov_1.088968	326	380	2	9	54	0.1666667
NODE_89911_length_380_cov_1.088968	326	380	4	30	54	0.5555556
NODE_90152_length_379_cov_42.339286	10	90	0	80	80	1.0000000
NODE_90152_length_379_cov_42.339286	86	166	0	22	80	0.2750000
NODE_90152_length_379_cov_42.339286	86	166	4	58	80	0.7250000
NODE_90152_length_379_cov_42.339286	139	219	4	80	80	1.0000000
NODE_90153_length_379_cov_32.075000	0	62	0	62	62	1.0000000
NODE_90165_length_379_cov_5.607143	279	338	0	59	59	1.0000000
NODE_90180_length_379_cov_4.432143	219	243	0	24	24	1.0000000
NODE_90193_length_379_cov_3.778571	271	300	0	29	29	1.0000000
NODE_90198_length_379_cov_3.585714	128	152	0	24	24	1.0000000
NODE_90198_length_379_cov_3.585714	169	249	0	80	80	1.0000000
NODE_90203_length_379_cov_3.375000	19	43	0	24	24	1.0000000
NODE_90247_length_379_cov_2.692857	121	201	2	80	80	1.0000000
NODE_90247_length_379_cov_2.692857	174	221	0	1	47	0.0212766
NODE_90247_length_379_cov_2.692857	174	221	2	46	47	0.9787234
NODE_90789_length_378_cov_53.039427	147	227	0	80	80	1.0000000
NODE_90789_length_378_cov_53.039427	200	280	0	80	80	1.0000000
NODE_90789_length_378_cov_53.039427	276	356	0	80	80	1.0000000
NODE_90789_length_378_cov_53.039427	329	378	0	49	49	1.0000000
NODE_90794_length_378_cov_6.569892	223	304	6	1	81	0.0123457
NODE_90794_length_378_cov_6.569892	223	304	7	1	81	0.0123457
NODE_90794_length_378_cov_6.569892	223	304	8	1	81	0.0123457
NODE_90794_length_378_cov_6.569892	223	304	10	10	81	0.1234568
NODE_90794_length_378_cov_6.569892	223	304	12	24	81	0.2962963
NODE_90794_length_378_cov_6.569892	223	304	13	6	81	0.0740741
NODE_90794_length_378_cov_6.569892	223	304	14	38	81	0.4691358
NODE_90795_length_378_cov_6.444444	217	297	1	27	80	0.3375000
NODE_90795_length_378_cov_6.444444	217	297	2	53	80	0.6625000
NODE_90795_length_378_cov_6.444444	270	350	0	41	80	0.5125000
NODE_90795_length_378_cov_6.444444	270	350	1	39	80	0.4875000
NODE_90808_length_378_cov_4.899642	135	191	2	1	56	0.0178571
NODE_90808_length_378_cov_4.899642	135	191	4	55	56	0.9821429
NODE_90855_length_378_cov_3.236559	143	212	0	69	69	1.0000000
NODE_90859_length_378_cov_3.132616	238	280	4	42	42	1.0000000
NODE_90898_length_378_cov_2.534050	203	243	0	40	40	1.0000000
NODE_90898_length_378_cov_2.534050	271	347	2	76	76	1.0000000
NODE_90898_length_378_cov_2.534050	331	360	0	1	29	0.0344828
NODE_90898_length_378_cov_2.534050	331	360	2	28	29	0.9655172
NODE_90948_length_378_cov_2.093190	179	250	0	1	71	0.0140845
NODE_90948_length_378_cov_2.093190	179	250	4	70	71	0.9859155
NODE_90948_length_378_cov_2.093190	183	219	4	36	36	1.0000000
NODE_91002_length_378_cov_1.813620	36	89	0	53	53	1.0000000
NODE_91475_length_377_cov_71.723022	19	99	0	11	80	0.1375000
NODE_91475_length_377_cov_71.723022	19	99	2	69	80	0.8625000
NODE_91475_length_377_cov_71.723022	72	152	0	37	80	0.4625000
NODE_91475_length_377_cov_71.723022	72	152	2	43	80	0.5375000
NODE_91475_length_377_cov_71.723022	148	228	0	80	80	1.0000000
NODE_91475_length_377_cov_71.723022	201	281	0	80	80	1.0000000
NODE_91477_length_377_cov_41.787770	210	290	0	80	80	1.0000000
NODE_91477_length_377_cov_41.787770	263	343	0	80	80	1.0000000
NODE_91478_length_377_cov_9.982014	32	83	0	29	51	0.5686275
NODE_91478_length_377_cov_9.982014	32	83	2	22	51	0.4313726
NODE_91486_length_377_cov_6.244604	101	177	0	45	76	0.5921053
NODE_91486_length_377_cov_6.244604	101	177	2	31	76	0.4078947
NODE_91494_length_377_cov_5.183453	169	224	0	55	55	1.0000000
NODE_91499_length_377_cov_4.586331	186	266	0	73	80	0.9125000
NODE_91499_length_377_cov_4.586331	186	266	2	7	80	0.0875000
NODE_91499_length_377_cov_4.586331	239	319	0	20	80	0.2500000
NODE_91499_length_377_cov_4.586331	239	319	2	60	80	0.7500000
NODE_91500_length_377_cov_4.431655	139	216	0	77	77	1.0000000
NODE_91502_length_377_cov_4.330935	134	214	2	80	80	1.0000000
NODE_91502_length_377_cov_4.330935	187	267	0	16	80	0.2000000
NODE_91502_length_377_cov_4.330935	187	267	2	64	80	0.8000000
NODE_91506_length_377_cov_4.032374	124	181	6	57	57	1.0000000
NODE_91506_length_377_cov_4.032374	154	201	0	8	47	0.1702128
NODE_91506_length_377_cov_4.032374	154	201	2	10	47	0.2127660
NODE_91506_length_377_cov_4.032374	154	201	6	29	47	0.6170213
NODE_91526_length_377_cov_3.615108	82	140	0	58	58	1.0000000
NODE_91526_length_377_cov_3.615108	82	140	0	58	58	1.0000000
NODE_91526_length_377_cov_3.615108	113	193	0	80	80	1.0000000
NODE_91526_length_377_cov_3.615108	113	193	0	80	80	1.0000000
NODE_91526_length_377_cov_3.615108	189	258	0	69	69	1.0000000
NODE_91526_length_377_cov_3.615108	243	313	0	70	70	1.0000000
NODE_91553_length_377_cov_2.913669	38	61	0	23	23	1.0000000
NODE_91553_length_377_cov_2.913669	167	228	0	61	61	1.0000000
NODE_91619_length_377_cov_2.104317	137	188	0	51	51	1.0000000
NODE_91619_length_377_cov_2.104317	168	211	0	43	43	1.0000000
NODE_91619_length_377_cov_2.104317	190	241	0	51	51	1.0000000
NODE_91727_length_377_cov_1.622302	123	181	8	36	58	0.6206896
NODE_91727_length_377_cov_1.622302	123	181	10	22	58	0.3793103
NODE_91727_length_377_cov_1.622302	176	234	0	18	58	0.3103448
NODE_91727_length_377_cov_1.622302	176	234	2	2	58	0.0344828
NODE_91727_length_377_cov_1.622302	176	234	4	2	58	0.0344828
NODE_91727_length_377_cov_1.622302	176	234	6	9	58	0.1551724
NODE_91727_length_377_cov_1.622302	176	234	8	27	58	0.4655173
NODE_91749_length_377_cov_1.539568	230	310	2	7	80	0.0875000
NODE_91749_length_377_cov_1.539568	230	310	4	4	80	0.0500000
NODE_91749_length_377_cov_1.539568	230	310	6	69	80	0.8625000
NODE_91749_length_377_cov_1.539568	230	310	2	7	80	0.0875000
NODE_91749_length_377_cov_1.539568	230	310	4	4	80	0.0500000
NODE_91749_length_377_cov_1.539568	230	310	6	69	80	0.8625000
NODE_91749_length_377_cov_1.539568	306	377	0	63	71	0.8873239
NODE_91749_length_377_cov_1.539568	306	377	1	2	71	0.0281690
NODE_91749_length_377_cov_1.539568	306	377	2	6	71	0.0845070
NODE_91749_length_377_cov_1.539568	327	351	0	24	24	1.0000000
NODE_91765_length_377_cov_1.471223	118	198	4	4	80	0.0500000
NODE_91765_length_377_cov_1.471223	118	198	6	31	80	0.3875000
NODE_91765_length_377_cov_1.471223	118	198	8	45	80	0.5625000
NODE_91790_length_377_cov_1.456835	177	257	0	80	80	1.0000000
NODE_91790_length_377_cov_1.456835	230	310	0	80	80	1.0000000
NODE_91817_length_377_cov_1.330935	0	44	0	14	44	0.3181818
NODE_91817_length_377_cov_1.330935	0	44	2	30	44	0.6818182
NODE_91817_length_377_cov_1.330935	45	117	0	2	72	0.0277778
NODE_91817_length_377_cov_1.330935	45	117	2	70	72	0.9722222
NODE_92046_length_377_cov_0.762590	299	330	0	31	31	1.0000000
NODE_92166_length_376_cov_6.938628	0	63	0	26	63	0.4126984
NODE_92166_length_376_cov_6.938628	0	63	2	31	63	0.4920635
NODE_92166_length_376_cov_6.938628	0	63	4	6	63	0.0952381
NODE_92166_length_376_cov_6.938628	269	340	10	9	71	0.1267606
NODE_92166_length_376_cov_6.938628	269	340	12	20	71	0.2816902
NODE_92166_length_376_cov_6.938628	269	340	14	6	71	0.0845070
NODE_92166_length_376_cov_6.938628	269	340	16	5	71	0.0704225
NODE_92166_length_376_cov_6.938628	269	340	18	31	71	0.4366197
NODE_92168_length_376_cov_6.415162	177	257	0	2	80	0.0250000
NODE_92168_length_376_cov_6.415162	177	257	2	43	80	0.5375000
NODE_92168_length_376_cov_6.415162	177	257	4	35	80	0.4375000
NODE_92168_length_376_cov_6.415162	230	310	2	2	80	0.0250000
NODE_92168_length_376_cov_6.415162	230	310	4	78	80	0.9750000
NODE_92173_length_376_cov_5.722022	100	171	0	71	71	1.0000000
NODE_92173_length_376_cov_5.722022	155	192	0	37	37	1.0000000
NODE_92191_length_376_cov_4.148014	300	330	12	30	30	1.0000000
NODE_92196_length_376_cov_3.859206	168	236	10	5	68	0.0735294
NODE_92196_length_376_cov_3.859206	168	236	11	19	68	0.2794118
NODE_92196_length_376_cov_3.859206	168	236	13	30	68	0.4411765
NODE_92196_length_376_cov_3.859206	168	236	15	14	68	0.2058824
NODE_92219_length_376_cov_3.140794	122	188	0	66	66	1.0000000
NODE_92442_length_376_cov_1.516245	57	106	0	49	49	1.0000000
NODE_92879_length_375_cov_4.217391	321	350	0	29	29	1.0000000
NODE_92897_length_375_cov_3.699275	287	367	0	15	80	0.1875000
NODE_92897_length_375_cov_3.699275	287	367	1	27	80	0.3375000
NODE_92897_length_375_cov_3.699275	287	367	2	38	80	0.4750000
NODE_92911_length_375_cov_3.376812	70	136	0	3	66	0.0454545
NODE_92911_length_375_cov_3.376812	70	136	2	22	66	0.3333333
NODE_92911_length_375_cov_3.376812	70	136	4	13	66	0.1969697
NODE_92911_length_375_cov_3.376812	70	136	6	28	66	0.4242424
NODE_93031_length_375_cov_2.032609	162	224	2	3	62	0.0483871
NODE_93031_length_375_cov_2.032609	162	224	3	2	62	0.0322581
NODE_93031_length_375_cov_2.032609	162	224	5	1	62	0.0161290
NODE_93031_length_375_cov_2.032609	162	224	7	2	62	0.0322581
NODE_93031_length_375_cov_2.032609	162	224	11	16	62	0.2580645
NODE_93031_length_375_cov_2.032609	162	224	13	12	62	0.1935484
NODE_93031_length_375_cov_2.032609	162	224	14	4	62	0.0645161
NODE_93031_length_375_cov_2.032609	162	224	16	22	62	0.3548387
NODE_93031_length_375_cov_2.032609	215	272	5	1	57	0.0175439
NODE_93031_length_375_cov_2.032609	215	272	6	2	57	0.0350877
NODE_93031_length_375_cov_2.032609	215	272	8	2	57	0.0350877
NODE_93031_length_375_cov_2.032609	215	272	11	4	57	0.0701754
NODE_93031_length_375_cov_2.032609	215	272	15	30	57	0.5263158
NODE_93031_length_375_cov_2.032609	215	272	16	18	57	0.3157895
NODE_93050_length_375_cov_1.967391	131	190	0	3	59	0.0508475
NODE_93050_length_375_cov_1.967391	131	190	2	42	59	0.7118644
NODE_93050_length_375_cov_1.967391	131	190	4	14	59	0.2372881
NODE_93050_length_375_cov_1.967391	184	235	2	31	51	0.6078432
NODE_93050_length_375_cov_1.967391	184	235	4	20	51	0.3921569
NODE_93081_length_375_cov_1.840580	195	276	0	81	81	1.0000000
NODE_93386_length_375_cov_1.000000	320	375	0	55	55	1.0000000
NODE_93609_length_374_cov_4.563636	93	160	0	46	67	0.6865672
NODE_93609_length_374_cov_4.563636	93	160	4	21	67	0.3134328
NODE_93609_length_374_cov_4.563636	146	213	4	67	67	1.0000000
NODE_93612_length_374_cov_4.523636	23	101	2	12	78	0.1538462
NODE_93612_length_374_cov_4.523636	23	101	4	66	78	0.8461539
NODE_93612_length_374_cov_4.523636	81	154	0	31	73	0.4246575
NODE_93612_length_374_cov_4.523636	81	154	2	34	73	0.4657534
NODE_93612_length_374_cov_4.523636	81	154	4	8	73	0.1095890
NODE_93628_length_374_cov_3.810909	130	189	2	1	59	0.0169492
NODE_93628_length_374_cov_3.810909	130	189	4	1	59	0.0169492
NODE_93628_length_374_cov_3.810909	130	189	10	12	59	0.2033898
NODE_93628_length_374_cov_3.810909	130	189	12	36	59	0.6101695
NODE_93628_length_374_cov_3.810909	130	189	14	9	59	0.1525424
NODE_93628_length_374_cov_3.810909	162	242	2	9	80	0.1125000
NODE_93628_length_374_cov_3.810909	162	242	6	2	80	0.0250000
NODE_93628_length_374_cov_3.810909	162	242	8	11	80	0.1375000
NODE_93628_length_374_cov_3.810909	162	242	12	19	80	0.2375000
NODE_93628_length_374_cov_3.810909	162	242	14	39	80	0.4875000
NODE_93630_length_374_cov_3.789091	236	271	4	35	35	1.0000000
NODE_93630_length_374_cov_3.789091	238	280	0	3	42	0.0714286
NODE_93630_length_374_cov_3.789091	238	280	4	39	42	0.9285714
NODE_93637_length_374_cov_3.458182	190	248	0	58	58	1.0000000
NODE_93688_length_374_cov_2.600000	142	217	4	40	75	0.5333334
NODE_93688_length_374_cov_2.600000	142	217	6	35	75	0.4666667
NODE_93688_length_374_cov_2.600000	190	270	0	40	80	0.5000000
NODE_93688_length_374_cov_2.600000	190	270	2	4	80	0.0500000
NODE_93688_length_374_cov_2.600000	190	270	4	36	80	0.4500000
NODE_93718_length_374_cov_2.330909	40	120	0	80	80	1.0000000
NODE_93769_length_374_cov_2.010909	40	105	0	65	65	1.0000000
NODE_93821_length_374_cov_1.796364	254	288	2	34	34	1.0000000
NODE_93852_length_374_cov_1.661818	95	157	0	28	62	0.4516129
NODE_93852_length_374_cov_1.661818	95	157	2	34	62	0.5483871
NODE_93859_length_374_cov_1.621818	202	254	2	9	52	0.1730769
NODE_93859_length_374_cov_1.621818	202	254	4	43	52	0.8269231
NODE_93936_length_374_cov_1.360000	211	291	6	17	80	0.2125000
NODE_93936_length_374_cov_1.360000	211	291	8	46	80	0.5750000
NODE_93936_length_374_cov_1.360000	211	291	10	17	80	0.2125000
NODE_93981_length_374_cov_1.236364	263	336	0	73	73	1.0000000
NODE_94321_length_373_cov_31.302920	0	53	0	1	53	0.0188679
NODE_94321_length_373_cov_31.302920	0	53	4	4	53	0.0754717
NODE_94321_length_373_cov_31.302920	0	53	6	2	53	0.0377358
NODE_94321_length_373_cov_31.302920	0	53	7	4	53	0.0754717
NODE_94321_length_373_cov_31.302920	0	53	8	1	53	0.0188679
NODE_94321_length_373_cov_31.302920	0	53	12	4	53	0.0754717
NODE_94321_length_373_cov_31.302920	0	53	22	11	53	0.2075472
NODE_94321_length_373_cov_31.302920	0	53	24	18	53	0.3396226
NODE_94321_length_373_cov_31.302920	0	53	25	8	53	0.1509434
NODE_94321_length_373_cov_31.302920	0	53	0	1	53	0.0188679
NODE_94321_length_373_cov_31.302920	0	53	4	4	53	0.0754717
NODE_94321_length_373_cov_31.302920	0	53	6	2	53	0.0377358
NODE_94321_length_373_cov_31.302920	0	53	7	4	53	0.0754717
NODE_94321_length_373_cov_31.302920	0	53	8	1	53	0.0188679
NODE_94321_length_373_cov_31.302920	0	53	12	4	53	0.0754717
NODE_94321_length_373_cov_31.302920	0	53	22	11	53	0.2075472
NODE_94321_length_373_cov_31.302920	0	53	24	18	53	0.3396226
NODE_94321_length_373_cov_31.302920	0	53	25	8	53	0.1509434
NODE_94321_length_373_cov_31.302920	0	53	0	1	53	0.0188679
NODE_94321_length_373_cov_31.302920	0	53	4	4	53	0.0754717
NODE_94321_length_373_cov_31.302920	0	53	6	2	53	0.0377358
NODE_94321_length_373_cov_31.302920	0	53	7	4	53	0.0754717
NODE_94321_length_373_cov_31.302920	0	53	8	1	53	0.0188679
NODE_94321_length_373_cov_31.302920	0	53	12	4	53	0.0754717
NODE_94321_length_373_cov_31.302920	0	53	22	11	53	0.2075472
NODE_94321_length_373_cov_31.302920	0	53	24	18	53	0.3396226
NODE_94321_length_373_cov_31.302920	0	53	25	8	53	0.1509434
NODE_94321_length_373_cov_31.302920	26	106	22	1	80	0.0125000
NODE_94321_length_373_cov_31.302920	26	106	24	20	80	0.2500000
NODE_94321_length_373_cov_31.302920	26	106	25	14	80	0.1750000
NODE_94321_length_373_cov_31.302920	26	106	26	45	80	0.5625000
NODE_94340_length_373_cov_4.671533	76	142	2	66	66	1.0000000
NODE_94340_length_373_cov_4.671533	115	195	0	38	80	0.4750000
NODE_94340_length_373_cov_4.671533	115	195	2	42	80	0.5250000
NODE_94340_length_373_cov_4.671533	115	195	0	38	80	0.4750000
NODE_94340_length_373_cov_4.671533	115	195	2	42	80	0.5250000
NODE_94340_length_373_cov_4.671533	288	368	0	80	80	1.0000000
NODE_94352_length_373_cov_4.080292	109	189	6	80	80	1.0000000
NODE_94352_length_373_cov_4.080292	162	220	6	58	58	1.0000000
NODE_94380_length_373_cov_3.167883	131	210	4	39	79	0.4936709
NODE_94380_length_373_cov_3.167883	131	210	6	40	79	0.5063291
NODE_94414_length_373_cov_2.751825	80	151	0	71	71	1.0000000
NODE_94414_length_373_cov_2.751825	124	162	0	38	38	1.0000000
NODE_94493_length_373_cov_2.036496	248	326	0	78	78	1.0000000
NODE_94493_length_373_cov_2.036496	299	359	0	60	60	1.0000000
NODE_94500_length_373_cov_2.003650	150	194	0	44	44	1.0000000
NODE_94937_length_373_cov_0.759124	62	114	0	52	52	1.0000000
NODE_95051_length_372_cov_30.135531	111	191	0	80	80	1.0000000
NODE_95051_length_372_cov_30.135531	159	222	0	63	63	1.0000000
NODE_95051_length_372_cov_30.135531	164	239	0	75	75	1.0000000
NODE_95051_length_372_cov_30.135531	182	253	0	71	71	1.0000000
NODE_95051_length_372_cov_30.135531	195	275	0	80	80	1.0000000
NODE_95051_length_372_cov_30.135531	213	276	0	63	63	1.0000000
NODE_95053_length_372_cov_9.091575	150	230	0	80	80	1.0000000
NODE_95053_length_372_cov_9.091575	203	283	0	80	80	1.0000000
NODE_95063_length_372_cov_5.706960	168	208	0	40	40	1.0000000
NODE_95067_length_372_cov_5.124542	146	211	0	3	65	0.0461538
NODE_95067_length_372_cov_5.124542	146	211	1	5	65	0.0769231
NODE_95067_length_372_cov_5.124542	146	211	3	1	65	0.0153846
NODE_95067_length_372_cov_5.124542	146	211	6	1	65	0.0153846
NODE_95067_length_372_cov_5.124542	146	211	7	1	65	0.0153846
NODE_95067_length_372_cov_5.124542	146	211	8	28	65	0.4307692
NODE_95067_length_372_cov_5.124542	146	211	10	26	65	0.4000000
NODE_95067_length_372_cov_5.124542	189	264	10	75	75	1.0000000
NODE_95090_length_372_cov_3.761905	177	221	4	44	44	1.0000000
NODE_95109_length_372_cov_3.186813	137	218	0	29	81	0.3580247
NODE_95109_length_372_cov_3.186813	137	218	2	52	81	0.6419753
NODE_95159_length_372_cov_2.582418	167	239	2	7	72	0.0972222
NODE_95159_length_372_cov_2.582418	167	239	4	6	72	0.0833333
NODE_95159_length_372_cov_2.582418	167	239	6	59	72	0.8194444
NODE_95159_length_372_cov_2.582418	212	292	0	17	80	0.2125000
NODE_95159_length_372_cov_2.582418	212	292	4	5	80	0.0625000
NODE_95159_length_372_cov_2.582418	212	292	6	58	80	0.7250000
NODE_95183_length_372_cov_2.347985	97	141	4	44	44	1.0000000
NODE_95183_length_372_cov_2.347985	98	133	4	35	35	1.0000000
NODE_95183_length_372_cov_2.347985	178	243	4	8	65	0.1230769
NODE_95183_length_372_cov_2.347985	178	243	6	19	65	0.2923077
NODE_95183_length_372_cov_2.347985	178	243	8	38	65	0.5846154
NODE_95303_length_372_cov_1.699634	195	276	2	18	81	0.2222222
NODE_95303_length_372_cov_1.699634	195	276	4	12	81	0.1481481
NODE_95303_length_372_cov_1.699634	195	276	6	51	81	0.6296296
NODE_95453_length_372_cov_1.223443	264	334	0	70	70	1.0000000
NODE_95784_length_371_cov_52.040441	104	184	4	80	80	1.0000000
NODE_95784_length_371_cov_52.040441	157	237	4	43	80	0.5375000
NODE_95784_length_371_cov_52.040441	157	237	6	37	80	0.4625000
NODE_95784_length_371_cov_52.040441	180	232	4	20	52	0.3846154
NODE_95784_length_371_cov_52.040441	180	232	6	32	52	0.6153846
NODE_95785_length_371_cov_24.878676	91	171	2	46	80	0.5750000
NODE_95785_length_371_cov_24.878676	91	171	4	13	80	0.1625000
NODE_95785_length_371_cov_24.878676	91	171	6	21	80	0.2625000
NODE_95785_length_371_cov_24.878676	144	224	4	43	80	0.5375000
NODE_95785_length_371_cov_24.878676	144	224	6	37	80	0.4625000
NODE_95797_length_371_cov_5.738971	170	245	4	11	75	0.1466667
NODE_95797_length_371_cov_5.738971	170	245	10	4	75	0.0533333
NODE_95797_length_371_cov_5.738971	170	245	12	60	75	0.8000000
NODE_95797_length_371_cov_5.738971	218	298	6	25	80	0.3125000
NODE_95797_length_371_cov_5.738971	218	298	8	24	80	0.3000000
NODE_95797_length_371_cov_5.738971	218	298	12	31	80	0.3875000
NODE_95807_length_371_cov_4.452206	65	145	0	30	80	0.3750000
NODE_95807_length_371_cov_4.452206	65	145	4	50	80	0.6250000
NODE_95807_length_371_cov_4.452206	118	198	0	2	80	0.0250000
NODE_95807_length_371_cov_4.452206	118	198	4	78	80	0.9750000
NODE_95863_length_371_cov_2.841912	288	350	0	62	62	1.0000000
NODE_96013_length_371_cov_1.790441	188	235	0	14	47	0.2978723
NODE_96013_length_371_cov_1.790441	188	235	2	33	47	0.7021276
NODE_96105_length_371_cov_1.422794	199	287	0	88	88	1.0000000
NODE_96500_length_370_cov_50.380074	144	224	0	80	80	1.0000000
NODE_96500_length_370_cov_50.380074	197	277	0	80	80	1.0000000
NODE_96504_length_370_cov_7.553506	105	162	0	2	57	0.0350877
NODE_96504_length_370_cov_7.553506	105	162	1	11	57	0.1929825
NODE_96504_length_370_cov_7.553506	105	162	2	5	57	0.0877193
NODE_96504_length_370_cov_7.553506	105	162	4	39	57	0.6842105
NODE_96510_length_370_cov_5.811808	153	221	0	68	68	1.0000000
NODE_96510_length_370_cov_5.811808	206	286	0	80	80	1.0000000
NODE_96522_length_370_cov_4.915129	157	207	6	9	50	0.1800000
NODE_96522_length_370_cov_4.915129	157	207	8	41	50	0.8200000
NODE_96528_length_370_cov_4.535055	141	221	2	80	80	1.0000000
NODE_96528_length_370_cov_4.535055	194	274	0	30	80	0.3750000
NODE_96528_length_370_cov_4.535055	194	274	2	50	80	0.6250000
NODE_96532_length_370_cov_4.199262	230	275	0	1	45	0.0222222
NODE_96532_length_370_cov_4.199262	230	275	2	5	45	0.1111111
NODE_96532_length_370_cov_4.199262	230	275	4	39	45	0.8666667
NODE_96533_length_370_cov_4.151292	142	209	12	1	67	0.0149254
NODE_96533_length_370_cov_4.151292	142	209	14	4	67	0.0597015
NODE_96533_length_370_cov_4.151292	142	209	16	20	67	0.2985075
NODE_96533_length_370_cov_4.151292	142	209	20	42	67	0.6268657
NODE_96542_length_370_cov_3.719557	214	251	17	22	37	0.5945946
NODE_96542_length_370_cov_3.719557	214	251	21	1	37	0.0270270
NODE_96542_length_370_cov_3.719557	214	251	25	1	37	0.0270270
NODE_96542_length_370_cov_3.719557	214	251	26	13	37	0.3513514
NODE_96581_length_370_cov_2.822878	126	173	2	47	47	1.0000000
NODE_96668_length_370_cov_2.081181	0	52	0	52	52	1.0000000
NODE_97207_length_369_cov_36.811111	273	358	6	3	85	0.0352941
NODE_97207_length_369_cov_36.811111	273	358	16	5	85	0.0588235
NODE_97207_length_369_cov_36.811111	273	358	22	11	85	0.1294118
NODE_97207_length_369_cov_36.811111	273	358	24	8	85	0.0941176
NODE_97207_length_369_cov_36.811111	273	358	32	4	85	0.0470588
NODE_97207_length_369_cov_36.811111	273	358	34	7	85	0.0823529
NODE_97207_length_369_cov_36.811111	273	358	38	1	85	0.0117647
NODE_97207_length_369_cov_36.811111	273	358	42	1	85	0.0117647
NODE_97207_length_369_cov_36.811111	273	358	44	39	85	0.4588235
NODE_97207_length_369_cov_36.811111	273	358	46	6	85	0.0705882
NODE_97207_length_369_cov_36.811111	273	358	6	3	85	0.0352941
NODE_97207_length_369_cov_36.811111	273	358	16	5	85	0.0588235
NODE_97207_length_369_cov_36.811111	273	358	22	11	85	0.1294118
NODE_97207_length_369_cov_36.811111	273	358	24	8	85	0.0941176
NODE_97207_length_369_cov_36.811111	273	358	32	4	85	0.0470588
NODE_97207_length_369_cov_36.811111	273	358	34	7	85	0.0823529
NODE_97207_length_369_cov_36.811111	273	358	38	1	85	0.0117647
NODE_97207_length_369_cov_36.811111	273	358	42	1	85	0.0117647
NODE_97207_length_369_cov_36.811111	273	358	44	39	85	0.4588235
NODE_97207_length_369_cov_36.811111	273	358	46	6	85	0.0705882
NODE_97207_length_369_cov_36.811111	273	358	6	3	85	0.0352941
NODE_97207_length_369_cov_36.811111	273	358	16	5	85	0.0588235
NODE_97207_length_369_cov_36.811111	273	358	22	11	85	0.1294118
NODE_97207_length_369_cov_36.811111	273	358	24	8	85	0.0941176
NODE_97207_length_369_cov_36.811111	273	358	32	4	85	0.0470588
NODE_97207_length_369_cov_36.811111	273	358	34	7	85	0.0823529
NODE_97207_length_369_cov_36.811111	273	358	38	1	85	0.0117647
NODE_97207_length_369_cov_36.811111	273	358	42	1	85	0.0117647
NODE_97207_length_369_cov_36.811111	273	358	44	39	85	0.4588235
NODE_97207_length_369_cov_36.811111	273	358	46	6	85	0.0705882
NODE_97211_length_369_cov_8.751852	107	187	14	39	80	0.4875000
NODE_97211_length_369_cov_8.751852	107	187	16	41	80	0.5125000
NODE_97226_length_369_cov_6.677778	189	269	0	80	80	1.0000000
NODE_97226_length_369_cov_6.677778	242	323	0	81	81	1.0000000
NODE_97236_length_369_cov_5.337037	199	264	10	5	65	0.0769231
NODE_97236_length_369_cov_5.337037	199	264	17	3	65	0.0461538
NODE_97236_length_369_cov_5.337037	199	264	19	5	65	0.0769231
NODE_97236_length_369_cov_5.337037	199	264	21	29	65	0.4461538
NODE_97236_length_369_cov_5.337037	199	264	23	23	65	0.3538462
NODE_97249_length_369_cov_4.459259	89	157	0	54	68	0.7941176
NODE_97249_length_369_cov_4.459259	89	157	2	14	68	0.2058824
NODE_97249_length_369_cov_4.459259	130	210	0	13	80	0.1625000
NODE_97249_length_369_cov_4.459259	130	210	2	67	80	0.8375000
NODE_97255_length_369_cov_4.111111	216	279	0	63	63	1.0000000
NODE_97265_length_369_cov_3.837037	205	238	6	33	33	1.0000000
NODE_97265_length_369_cov_3.837037	211	291	0	39	80	0.4875000
NODE_97265_length_369_cov_3.837037	211	291	6	41	80	0.5125000
NODE_97265_length_369_cov_3.837037	287	316	0	29	29	1.0000000
NODE_97346_length_369_cov_2.355556	62	142	0	9	80	0.1125000
NODE_97346_length_369_cov_2.355556	62	142	1	35	80	0.4375000
NODE_97346_length_369_cov_2.355556	62	142	2	36	80	0.4500000
NODE_97346_length_369_cov_2.355556	114	195	2	81	81	1.0000000
NODE_97440_length_369_cov_1.803704	170	235	0	65	65	1.0000000
NODE_97936_length_368_cov_42.208178	231	311	6	6	80	0.0750000
NODE_97936_length_368_cov_42.208178	231	311	8	13	80	0.1625000
NODE_97936_length_368_cov_42.208178	231	311	10	61	80	0.7625000
NODE_97936_length_368_cov_42.208178	284	364	0	8	80	0.1000000
NODE_97936_length_368_cov_42.208178	284	364	2	43	80	0.5375000
NODE_97936_length_368_cov_42.208178	284	364	6	8	80	0.1000000
NODE_97936_length_368_cov_42.208178	284	364	8	10	80	0.1250000
NODE_97936_length_368_cov_42.208178	284	364	10	11	80	0.1375000
NODE_97939_length_368_cov_11.988848	47	127	0	57	80	0.7125000
NODE_97939_length_368_cov_11.988848	47	127	2	23	80	0.2875000
NODE_97939_length_368_cov_11.988848	100	180	0	6	80	0.0750000
NODE_97939_length_368_cov_11.988848	100	180	2	74	80	0.9250000
NODE_97945_length_368_cov_6.267658	133	213	0	38	80	0.4750000
NODE_97945_length_368_cov_6.267658	133	213	2	42	80	0.5250000
NODE_97945_length_368_cov_6.267658	186	266	2	80	80	1.0000000
NODE_97997_length_368_cov_3.486989	127	207	8	3	80	0.0375000
NODE_97997_length_368_cov_3.486989	127	207	10	77	80	0.9625000
NODE_98008_length_368_cov_3.282528	182	255	0	73	73	1.0000000
NODE_98058_length_368_cov_2.605948	192	246	2	54	54	1.0000000
NODE_98123_length_368_cov_2.182156	85	145	0	60	60	1.0000000
NODE_98129_length_368_cov_2.137546	66	107	0	41	41	1.0000000
NODE_98157_length_368_cov_1.944238	192	272	4	31	80	0.3875000
NODE_98157_length_368_cov_1.944238	192	272	5	5	80	0.0625000
NODE_98157_length_368_cov_1.944238	192	272	6	32	80	0.4000000
NODE_98157_length_368_cov_1.944238	192	272	7	9	80	0.1125000
NODE_98157_length_368_cov_1.944238	192	272	8	3	80	0.0375000
NODE_98723_length_367_cov_7.156716	174	254	6	28	80	0.3500000
NODE_98723_length_367_cov_7.156716	174	254	8	52	80	0.6500000
NODE_98723_length_367_cov_7.156716	227	307	0	49	80	0.6125000
NODE_98723_length_367_cov_7.156716	227	307	6	31	80	0.3875000
NODE_98734_length_367_cov_5.313433	148	206	0	2	58	0.0344828
NODE_98734_length_367_cov_5.313433	148	206	2	14	58	0.2413793
NODE_98734_length_367_cov_5.313433	148	206	7	1	58	0.0172414
NODE_98734_length_367_cov_5.313433	148	206	8	1	58	0.0172414
NODE_98734_length_367_cov_5.313433	148	206	9	18	58	0.3103448
NODE_98734_length_367_cov_5.313433	148	206	11	4	58	0.0689655
NODE_98734_length_367_cov_5.313433	148	206	13	9	58	0.1551724
NODE_98734_length_367_cov_5.313433	148	206	15	9	58	0.1551724
NODE_98737_length_367_cov_5.138060	58	138	0	80	80	1.0000000
NODE_98737_length_367_cov_5.138060	111	191	0	80	80	1.0000000
NODE_98796_length_367_cov_3.059701	110	154	6	13	44	0.2954545
NODE_98796_length_367_cov_3.059701	110	154	8	31	44	0.7045454
NODE_98796_length_367_cov_3.059701	111	146	6	5	35	0.1428571
NODE_98796_length_367_cov_3.059701	111	146	8	30	35	0.8571429
NODE_98843_length_367_cov_2.384328	246	326	2	80	80	1.0000000
NODE_98843_length_367_cov_2.384328	299	367	1	11	68	0.1617647
NODE_98843_length_367_cov_2.384328	299	367	2	57	68	0.8382353
NODE_98849_length_367_cov_2.332090	127	207	2	5	80	0.0625000
NODE_98849_length_367_cov_2.332090	127	207	4	75	80	0.9375000
NODE_98909_length_367_cov_1.944030	91	156	0	65	65	1.0000000
NODE_98980_length_367_cov_1.679104	173	252	0	51	79	0.6455696
NODE_98980_length_367_cov_1.679104	173	252	2	28	79	0.3544304
NODE_99005_length_367_cov_1.552239	148	200	4	27	52	0.5192308
NODE_99005_length_367_cov_1.552239	148	200	6	25	52	0.4807692
NODE_99138_length_367_cov_1.201493	79	159	0	14	80	0.1750000
NODE_99138_length_367_cov_1.201493	79	159	2	66	80	0.8250000
NODE_99138_length_367_cov_1.201493	136	179	2	43	43	1.0000000
NODE_99318_length_367_cov_0.761194	288	357	0	69	69	1.0000000
NODE_99451_length_366_cov_5.239700	193	253	0	60	60	1.0000000
NODE_99472_length_366_cov_4.168539	302	355	0	53	53	1.0000000
NODE_99478_length_366_cov_3.913858	183	229	2	46	46	1.0000000
NODE_99478_length_366_cov_3.913858	203	282	0	29	79	0.3670886
NODE_99478_length_366_cov_3.913858	203	282	2	50	79	0.6329114
NODE_99496_length_366_cov_3.168539	88	160	2	4	72	0.0555556
NODE_99496_length_366_cov_3.168539	88	160	3	14	72	0.1944444
NODE_99496_length_366_cov_3.168539	88	160	4	4	72	0.0555556
NODE_99496_length_366_cov_3.168539	88	160	5	47	72	0.6527778
NODE_99496_length_366_cov_3.168539	88	160	6	3	72	0.0416667
NODE_99496_length_366_cov_3.168539	133	193	4	19	60	0.3166667
NODE_99496_length_366_cov_3.168539	133	193	5	20	60	0.3333333
NODE_99496_length_366_cov_3.168539	133	193	6	21	60	0.3500000
NODE_100137_length_365_cov_140.101504	40	107	69	4	67	0.0597015
NODE_100137_length_365_cov_140.101504	40	107	73	3	67	0.0447761
NODE_100137_length_365_cov_140.101504	40	107	79	3	67	0.0447761
NODE_100137_length_365_cov_140.101504	40	107	81	3	67	0.0447761
NODE_100137_length_365_cov_140.101504	40	107	85	1	67	0.0149254
NODE_100137_length_365_cov_140.101504	40	107	87	6	67	0.0895522
NODE_100137_length_365_cov_140.101504	40	107	89	8	67	0.1194030
NODE_100137_length_365_cov_140.101504	40	107	91	1	67	0.0149254
NODE_100137_length_365_cov_140.101504	40	107	95	1	67	0.0149254
NODE_100137_length_365_cov_140.101504	40	107	97	1	67	0.0149254
NODE_100137_length_365_cov_140.101504	40	107	99	4	67	0.0597015
NODE_100137_length_365_cov_140.101504	40	107	101	12	67	0.1791045
NODE_100137_length_365_cov_140.101504	40	107	102	4	67	0.0597015
NODE_100137_length_365_cov_140.101504	40	107	103	6	67	0.0895522
NODE_100137_length_365_cov_140.101504	40	107	104	10	67	0.1492537
NODE_100138_length_365_cov_45.815789	0	38	0	38	38	1.0000000
NODE_100138_length_365_cov_45.815789	11	91	0	80	80	1.0000000
NODE_100140_length_365_cov_8.169173	191	244	4	53	53	1.0000000
NODE_100140_length_365_cov_8.169173	217	297	2	27	80	0.3375000
NODE_100140_length_365_cov_8.169173	217	297	4	53	80	0.6625000
NODE_100145_length_365_cov_5.954887	136	216	0	54	80	0.6750000
NODE_100145_length_365_cov_5.954887	136	216	4	26	80	0.3250000
NODE_100145_length_365_cov_5.954887	189	269	0	1	80	0.0125000
NODE_100145_length_365_cov_5.954887	189	269	3	34	80	0.4250000
NODE_100145_length_365_cov_5.954887	189	269	4	45	80	0.5625000
NODE_100147_length_365_cov_5.721805	37	78	0	41	41	1.0000000
NODE_100168_length_365_cov_4.195489	269	329	0	60	60	1.0000000
NODE_100172_length_365_cov_4.071429	106	186	0	80	80	1.0000000
NODE_100172_length_365_cov_4.071429	159	239	0	80	80	1.0000000
NODE_100180_length_365_cov_3.879699	131	187	6	56	56	1.0000000
NODE_100206_length_365_cov_3.270677	211	280	0	69	69	1.0000000
NODE_100253_length_365_cov_2.601504	189	265	4	76	76	1.0000000
NODE_100293_length_365_cov_2.289474	169	249	0	80	80	1.0000000
NODE_100407_length_365_cov_1.635338	156	235	0	13	79	0.1645570
NODE_100407_length_365_cov_1.635338	156	235	2	8	79	0.1012658
NODE_100407_length_365_cov_1.635338	156	235	6	58	79	0.7341772
NODE_100485_length_365_cov_1.421053	228	309	0	81	81	1.0000000
NODE_100570_length_365_cov_1.169173	57	137	2	80	80	1.0000000
NODE_100570_length_365_cov_1.169173	65	145	2	73	80	0.9125000
NODE_100570_length_365_cov_1.169173	65	145	4	7	80	0.0875000
NODE_100570_length_365_cov_1.169173	194	274	1	12	80	0.1500000
NODE_100570_length_365_cov_1.169173	194	274	2	15	80	0.1875000
NODE_100570_length_365_cov_1.169173	194	274	3	53	80	0.6625000
NODE_100893_length_364_cov_24.600000	101	181	0	47	80	0.5875000
NODE_100893_length_364_cov_24.600000	101	181	2	33	80	0.4125000
NODE_100893_length_364_cov_24.600000	154	234	2	80	80	1.0000000
NODE_100896_length_364_cov_7.377358	0	50	0	50	50	1.0000000
NODE_100933_length_364_cov_3.988679	122	168	0	46	46	1.0000000
NODE_100935_length_364_cov_3.913208	151	208	0	24	57	0.4210526
NODE_100935_length_364_cov_3.913208	151	208	2	21	57	0.3684210
NODE_100935_length_364_cov_3.913208	151	208	6	12	57	0.2105263
NODE_100959_length_364_cov_3.305660	296	358	0	62	62	1.0000000
NODE_100966_length_364_cov_3.181132	78	138	0	19	60	0.3166667
NODE_100966_length_364_cov_3.181132	78	138	2	41	60	0.6833333
NODE_100975_length_364_cov_3.041509	264	321	0	57	57	1.0000000
NODE_100975_length_364_cov_3.041509	294	359	0	65	65	1.0000000
NODE_100978_length_364_cov_3.015094	238	274	2	36	36	1.0000000
NODE_101087_length_364_cov_1.977358	126	201	0	32	75	0.4266667
NODE_101087_length_364_cov_1.977358	126	201	4	43	75	0.5733333
NODE_101141_length_364_cov_1.811321	209	256	0	47	47	1.0000000
NODE_101148_length_364_cov_1.781132	130	203	0	43	73	0.5890411
NODE_101148_length_364_cov_1.781132	130	203	2	1	73	0.0136986
NODE_101148_length_364_cov_1.781132	130	203	6	5	73	0.0684932
NODE_101148_length_364_cov_1.781132	130	203	10	24	73	0.3287671
NODE_101148_length_364_cov_1.781132	183	203	0	20	20	1.0000000
NODE_101720_length_363_cov_7.791667	121	200	0	79	79	1.0000000
NODE_101725_length_363_cov_6.484848	33	90	0	57	57	1.0000000
NODE_101725_length_363_cov_6.484848	93	146	0	53	53	1.0000000
NODE_101734_length_363_cov_4.825758	154	215	0	61	61	1.0000000
NODE_101760_length_363_cov_3.950758	112	183	2	71	71	1.0000000
NODE_101760_length_363_cov_3.950758	156	236	0	19	80	0.2375000
NODE_101760_length_363_cov_3.950758	156	236	2	61	80	0.7625000
NODE_101769_length_363_cov_3.617424	16	79	0	1	63	0.0158730
NODE_101769_length_363_cov_3.617424	16	79	2	62	63	0.9841270
NODE_101774_length_363_cov_3.409091	241	267	2	26	26	1.0000000
NODE_101791_length_363_cov_3.087121	228	308	4	6	80	0.0750000
NODE_101791_length_363_cov_3.087121	228	308	6	1	80	0.0125000
NODE_101791_length_363_cov_3.087121	228	308	8	73	80	0.9125000
NODE_101809_length_363_cov_2.795455	240	320	15	5	80	0.0625000
NODE_101809_length_363_cov_2.795455	240	320	19	6	80	0.0750000
NODE_101809_length_363_cov_2.795455	240	320	20	3	80	0.0375000
NODE_101809_length_363_cov_2.795455	240	320	21	4	80	0.0500000
NODE_101809_length_363_cov_2.795455	240	320	22	16	80	0.2000000
NODE_101809_length_363_cov_2.795455	240	320	23	41	80	0.5125000
NODE_101809_length_363_cov_2.795455	240	320	24	5	80	0.0625000
NODE_101822_length_363_cov_2.481061	86	166	0	80	80	1.0000000
NODE_101822_length_363_cov_2.481061	139	219	0	80	80	1.0000000
NODE_101879_length_363_cov_2.034091	46	126	0	80	80	1.0000000
NODE_101879_length_363_cov_2.034091	99	153	0	54	54	1.0000000
NODE_101992_length_363_cov_1.541667	235	315	0	80	80	1.0000000
NODE_102022_length_363_cov_1.477273	141	202	0	20	61	0.3278688
NODE_102022_length_363_cov_1.477273	141	202	1	6	61	0.0983607
NODE_102022_length_363_cov_1.477273	141	202	3	6	61	0.0983607
NODE_102022_length_363_cov_1.477273	141	202	5	1	61	0.0163934
NODE_102022_length_363_cov_1.477273	141	202	7	8	61	0.1311475
NODE_102022_length_363_cov_1.477273	141	202	9	20	61	0.3278688
NODE_102022_length_363_cov_1.477273	153	210	0	8	57	0.1403509
NODE_102022_length_363_cov_1.477273	153	210	1	6	57	0.1052632
NODE_102022_length_363_cov_1.477273	153	210	3	6	57	0.1052632
NODE_102022_length_363_cov_1.477273	153	210	5	1	57	0.0175439
NODE_102022_length_363_cov_1.477273	153	210	7	8	57	0.1403509
NODE_102022_length_363_cov_1.477273	153	210	9	28	57	0.4912281
NODE_102187_length_363_cov_1.113636	245	316	0	71	71	1.0000000
NODE_102464_length_362_cov_54.927757	52	116	0	64	64	1.0000000
NODE_102465_length_362_cov_29.273764	86	166	0	80	80	1.0000000
NODE_102465_length_362_cov_29.273764	139	219	0	80	80	1.0000000
NODE_102467_length_362_cov_14.847909	130	210	0	80	80	1.0000000
NODE_102467_length_362_cov_14.847909	183	263	0	80	80	1.0000000
NODE_102633_length_362_cov_2.159696	133	216	0	83	83	1.0000000
NODE_103259_length_361_cov_4.641221	249	312	7	10	63	0.1587302
NODE_103259_length_361_cov_4.641221	249	312	8	12	63	0.1904762
NODE_103259_length_361_cov_4.641221	249	312	9	22	63	0.3492064
NODE_103259_length_361_cov_4.641221	249	312	10	8	63	0.1269841
NODE_103259_length_361_cov_4.641221	249	312	11	1	63	0.0158730
NODE_103259_length_361_cov_4.641221	249	312	13	10	63	0.1587302
NODE_103280_length_361_cov_3.717557	185	265	2	15	80	0.1875000
NODE_103280_length_361_cov_3.717557	185	265	4	65	80	0.8125000
NODE_103280_length_361_cov_3.717557	238	265	4	27	27	1.0000000
NODE_103314_length_361_cov_2.988550	121	201	2	1	80	0.0125000
NODE_103314_length_361_cov_2.988550	121	201	4	79	80	0.9875000
NODE_103314_length_361_cov_2.988550	174	216	2	5	42	0.1190476
NODE_103314_length_361_cov_2.988550	174	216	4	37	42	0.8809524
NODE_103338_length_361_cov_2.641221	4	33	2	29	29	1.0000000
NODE_103338_length_361_cov_2.641221	101	182	0	7	81	0.0864198
NODE_103338_length_361_cov_2.641221	101	182	2	6	81	0.0740741
NODE_103338_length_361_cov_2.641221	101	182	4	37	81	0.4567901
NODE_103338_length_361_cov_2.641221	101	182	6	31	81	0.3827161
NODE_103391_length_361_cov_2.137405	138	194	0	56	56	1.0000000
NODE_103396_length_361_cov_2.106870	192	256	0	64	64	1.0000000
NODE_103418_length_361_cov_1.969466	137	198	0	61	61	1.0000000
NODE_103632_length_361_cov_1.343511	171	250	0	79	79	1.0000000
NODE_103802_length_361_cov_1.000000	60	123	0	63	63	1.0000000
NODE_104057_length_360_cov_8.191571	171	242	0	1	71	0.0140845
NODE_104057_length_360_cov_8.191571	171	242	6	12	71	0.1690141
NODE_104057_length_360_cov_8.191571	171	242	8	12	71	0.1690141
NODE_104057_length_360_cov_8.191571	171	242	10	8	71	0.1126761
NODE_104057_length_360_cov_8.191571	171	242	12	38	71	0.5352113
NODE_104057_length_360_cov_8.191571	176	242	6	8	66	0.1212121
NODE_104057_length_360_cov_8.191571	176	242	8	12	66	0.1818182
NODE_104057_length_360_cov_8.191571	176	242	10	8	66	0.1212121
NODE_104057_length_360_cov_8.191571	176	242	12	38	66	0.5757576
NODE_104057_length_360_cov_8.191571	215	279	12	64	64	1.0000000
NODE_104057_length_360_cov_8.191571	215	279	12	64	64	1.0000000
NODE_104079_length_360_cov_5.003831	86	166	0	80	80	1.0000000
NODE_104091_length_360_cov_4.111111	158	238	80	1	80	0.0125000
NODE_104091_length_360_cov_4.111111	158	238	84	2	80	0.0250000
NODE_104091_length_360_cov_4.111111	158	238	88	1	80	0.0125000
NODE_104091_length_360_cov_4.111111	158	238	95	4	80	0.0500000
NODE_104091_length_360_cov_4.111111	158	238	97	2	80	0.0250000
NODE_104091_length_360_cov_4.111111	158	238	99	2	80	0.0250000
NODE_104091_length_360_cov_4.111111	158	238	102	1	80	0.0125000
NODE_104091_length_360_cov_4.111111	158	238	103	1	80	0.0125000
NODE_104091_length_360_cov_4.111111	158	238	105	1	80	0.0125000
NODE_104091_length_360_cov_4.111111	158	238	106	1	80	0.0125000
NODE_104091_length_360_cov_4.111111	158	238	107	4	80	0.0500000
NODE_104091_length_360_cov_4.111111	158	238	108	1	80	0.0125000
NODE_104091_length_360_cov_4.111111	158	238	110	2	80	0.0250000
NODE_104091_length_360_cov_4.111111	158	238	111	5	80	0.0625000
NODE_104091_length_360_cov_4.111111	158	238	113	1	80	0.0125000
NODE_104091_length_360_cov_4.111111	158	238	114	5	80	0.0625000
NODE_104091_length_360_cov_4.111111	158	238	116	1	80	0.0125000
NODE_104091_length_360_cov_4.111111	158	238	118	5	80	0.0625000
NODE_104091_length_360_cov_4.111111	158	238	120	1	80	0.0125000
NODE_104091_length_360_cov_4.111111	158	238	122	3	80	0.0375000
NODE_104091_length_360_cov_4.111111	158	238	124	4	80	0.0500000
NODE_104091_length_360_cov_4.111111	158	238	126	32	80	0.4000000
NODE_104102_length_360_cov_3.613027	123	203	0	2	80	0.0250000
NODE_104102_length_360_cov_3.613027	123	203	4	78	80	0.9750000
NODE_104102_length_360_cov_3.613027	176	256	0	55	80	0.6875000
NODE_104102_length_360_cov_3.613027	176	256	4	25	80	0.3125000
NODE_104129_length_360_cov_3.080460	48	70	0	22	22	1.0000000
NODE_104162_length_360_cov_2.689655	118	198	8	4	80	0.0500000
NODE_104162_length_360_cov_2.689655	118	198	10	76	80	0.9500000
NODE_104261_length_360_cov_1.977011	235	286	0	51	51	1.0000000
NODE_104572_length_360_cov_1.149425	273	353	0	80	80	1.0000000
NODE_104669_length_360_cov_0.965517	119	175	0	56	56	1.0000000
NODE_104671_length_360_cov_0.957854	140	186	0	46	46	1.0000000
NODE_104858_length_359_cov_45.519231	140	220	2	5	80	0.0625000
NODE_104858_length_359_cov_45.519231	140	220	4	1	80	0.0125000
NODE_104858_length_359_cov_45.519231	140	220	6	1	80	0.0125000
NODE_104858_length_359_cov_45.519231	140	220	8	10	80	0.1250000
NODE_104858_length_359_cov_45.519231	140	220	10	63	80	0.7875000
NODE_104858_length_359_cov_45.519231	193	273	2	41	80	0.5125000
NODE_104858_length_359_cov_45.519231	193	273	6	2	80	0.0250000
NODE_104858_length_359_cov_45.519231	193	273	8	6	80	0.0750000
NODE_104858_length_359_cov_45.519231	193	273	10	31	80	0.3875000
NODE_104932_length_359_cov_3.296154	67	147	4	7	80	0.0875000
NODE_104932_length_359_cov_3.296154	67	147	6	3	80	0.0375000
NODE_104932_length_359_cov_3.296154	67	147	10	11	80	0.1375000
NODE_104932_length_359_cov_3.296154	67	147	11	23	80	0.2875000
NODE_104932_length_359_cov_3.296154	67	147	12	36	80	0.4500000
NODE_104932_length_359_cov_3.296154	120	177	10	13	57	0.2280702
NODE_104932_length_359_cov_3.296154	120	177	12	16	57	0.2807018
NODE_104932_length_359_cov_3.296154	120	177	14	14	57	0.2456140
NODE_104932_length_359_cov_3.296154	120	177	16	14	57	0.2456140
NODE_104932_length_359_cov_3.296154	201	256	5	1	55	0.0181818
NODE_104932_length_359_cov_3.296154	201	256	6	5	55	0.0909091
NODE_104932_length_359_cov_3.296154	201	256	7	33	55	0.6000000
NODE_104932_length_359_cov_3.296154	201	256	8	1	55	0.0181818
NODE_104932_length_359_cov_3.296154	201	256	10	2	55	0.0363636
NODE_104932_length_359_cov_3.296154	201	256	14	13	55	0.2363636
NODE_104936_length_359_cov_3.276923	5	95	0	17	90	0.1888889
NODE_104936_length_359_cov_3.276923	5	95	2	73	90	0.8111111
NODE_104954_length_359_cov_3.007692	156	212	14	11	56	0.1964286
NODE_104954_length_359_cov_3.007692	156	212	18	23	56	0.4107143
NODE_104954_length_359_cov_3.007692	156	212	20	22	56	0.3928571
NODE_104998_length_359_cov_2.523077	148	228	0	80	80	1.0000000
NODE_104998_length_359_cov_2.523077	201	278	0	77	77	1.0000000
NODE_105002_length_359_cov_2.419231	106	186	4	80	80	1.0000000
NODE_105002_length_359_cov_2.419231	159	211	4	52	52	1.0000000
NODE_105006_length_359_cov_2.353846	172	243	0	71	71	1.0000000
NODE_105006_length_359_cov_2.353846	216	296	0	80	80	1.0000000
NODE_105026_length_359_cov_2.257692	211	270	0	59	59	1.0000000
NODE_105063_length_359_cov_2.003846	8	88	0	63	80	0.7875000
NODE_105063_length_359_cov_2.003846	8	88	2	17	80	0.2125000
NODE_105063_length_359_cov_2.003846	61	139	0	10	78	0.1282051
NODE_105063_length_359_cov_2.003846	61	139	2	68	78	0.8717949
NODE_105106_length_359_cov_1.815385	126	207	0	22	81	0.2716049
NODE_105106_length_359_cov_1.815385	126	207	2	1	81	0.0123457
NODE_105106_length_359_cov_1.815385	126	207	3	37	81	0.4567901
NODE_105106_length_359_cov_1.815385	126	207	4	21	81	0.2592593
NODE_105106_length_359_cov_1.815385	180	227	3	17	47	0.3617021
NODE_105106_length_359_cov_1.815385	180	227	4	30	47	0.6382979
NODE_105142_length_359_cov_1.692308	88	116	0	28	28	1.0000000
NODE_105373_length_359_cov_1.096154	64	89	0	25	25	1.0000000
NODE_105599_length_359_cov_0.711538	222	248	0	26	26	1.0000000
NODE_105600_length_359_cov_0.707692	10	90	0	80	80	1.0000000
NODE_105600_length_359_cov_0.707692	10	90	0	80	80	1.0000000
NODE_105600_length_359_cov_0.707692	63	143	0	80	80	1.0000000
NODE_105678_length_358_cov_19.760618	213	293	4	80	80	1.0000000
NODE_105678_length_358_cov_19.760618	266	346	0	24	80	0.3000000
NODE_105678_length_358_cov_19.760618	266	346	4	56	80	0.7000000
NODE_105679_length_358_cov_18.455598	303	358	1	13	55	0.2363636
NODE_105679_length_358_cov_18.455598	303	358	2	4	55	0.0727273
NODE_105679_length_358_cov_18.455598	303	358	4	5	55	0.0909091
NODE_105679_length_358_cov_18.455598	303	358	8	14	55	0.2545455
NODE_105679_length_358_cov_18.455598	303	358	10	19	55	0.3454545
NODE_105680_length_358_cov_17.023166	0	63	24	1	63	0.0158730
NODE_105680_length_358_cov_17.023166	0	63	29	3	63	0.0476190
NODE_105680_length_358_cov_17.023166	0	63	31	15	63	0.2380952
NODE_105680_length_358_cov_17.023166	0	63	33	3	63	0.0476190
NODE_105680_length_358_cov_17.023166	0	63	35	4	63	0.0634921
NODE_105680_length_358_cov_17.023166	0	63	51	3	63	0.0476190
NODE_105680_length_358_cov_17.023166	0	63	53	1	63	0.0158730
NODE_105680_length_358_cov_17.023166	0	63	54	15	63	0.2380952
NODE_105680_length_358_cov_17.023166	0	63	55	1	63	0.0158730
NODE_105680_length_358_cov_17.023166	0	63	57	3	63	0.0476190
NODE_105680_length_358_cov_17.023166	0	63	58	1	63	0.0158730
NODE_105680_length_358_cov_17.023166	0	63	62	13	63	0.2063492
NODE_105680_length_358_cov_17.023166	0	63	24	1	63	0.0158730
NODE_105680_length_358_cov_17.023166	0	63	29	3	63	0.0476190
NODE_105680_length_358_cov_17.023166	0	63	31	15	63	0.2380952
NODE_105680_length_358_cov_17.023166	0	63	33	3	63	0.0476190
NODE_105680_length_358_cov_17.023166	0	63	35	4	63	0.0634921
NODE_105680_length_358_cov_17.023166	0	63	51	3	63	0.0476190
NODE_105680_length_358_cov_17.023166	0	63	53	1	63	0.0158730
NODE_105680_length_358_cov_17.023166	0	63	54	15	63	0.2380952
NODE_105680_length_358_cov_17.023166	0	63	55	1	63	0.0158730
NODE_105680_length_358_cov_17.023166	0	63	57	3	63	0.0476190
NODE_105680_length_358_cov_17.023166	0	63	58	1	63	0.0158730
NODE_105680_length_358_cov_17.023166	0	63	62	13	63	0.2063492
NODE_105680_length_358_cov_17.023166	0	63	24	1	63	0.0158730
NODE_105680_length_358_cov_17.023166	0	63	29	3	63	0.0476190
NODE_105680_length_358_cov_17.023166	0	63	31	15	63	0.2380952
NODE_105680_length_358_cov_17.023166	0	63	33	3	63	0.0476190
NODE_105680_length_358_cov_17.023166	0	63	35	4	63	0.0634921
NODE_105680_length_358_cov_17.023166	0	63	51	3	63	0.0476190
NODE_105680_length_358_cov_17.023166	0	63	53	1	63	0.0158730
NODE_105680_length_358_cov_17.023166	0	63	54	15	63	0.2380952
NODE_105680_length_358_cov_17.023166	0	63	55	1	63	0.0158730
NODE_105680_length_358_cov_17.023166	0	63	57	3	63	0.0476190
NODE_105680_length_358_cov_17.023166	0	63	58	1	63	0.0158730
NODE_105680_length_358_cov_17.023166	0	63	62	13	63	0.2063492
NODE_105680_length_358_cov_17.023166	36	116	54	9	80	0.1125000
NODE_105680_length_358_cov_17.023166	36	116	55	1	80	0.0125000
NODE_105680_length_358_cov_17.023166	36	116	57	3	80	0.0375000
NODE_105680_length_358_cov_17.023166	36	116	58	1	80	0.0125000
NODE_105680_length_358_cov_17.023166	36	116	62	15	80	0.1875000
NODE_105680_length_358_cov_17.023166	36	116	63	2	80	0.0250000
NODE_105680_length_358_cov_17.023166	36	116	65	8	80	0.1000000
NODE_105680_length_358_cov_17.023166	36	116	66	41	80	0.5125000
NODE_105680_length_358_cov_17.023166	53	115	62	12	62	0.1935484
NODE_105680_length_358_cov_17.023166	53	115	63	1	62	0.0161290
NODE_105680_length_358_cov_17.023166	53	115	65	8	62	0.1290323
NODE_105680_length_358_cov_17.023166	53	115	66	41	62	0.6612903
NODE_105686_length_358_cov_6.509653	109	155	0	5	46	0.1086956
NODE_105686_length_358_cov_6.509653	109	155	2	41	46	0.8913044
NODE_105710_length_358_cov_4.239382	114	143	0	21	29	0.7241379
NODE_105710_length_358_cov_4.239382	114	143	2	8	29	0.2758621
NODE_105710_length_358_cov_4.239382	180	245	0	15	65	0.2307692
NODE_105710_length_358_cov_4.239382	180	245	2	50	65	0.7692308
NODE_105710_length_358_cov_4.239382	218	298	0	68	80	0.8500000
NODE_105710_length_358_cov_4.239382	218	298	2	12	80	0.1500000
NODE_105846_length_358_cov_2.162162	229	305	2	1	76	0.0131579
NODE_105846_length_358_cov_2.162162	229	305	4	45	76	0.5921053
NODE_105846_length_358_cov_2.162162	229	305	6	30	76	0.3947369
NODE_105902_length_358_cov_1.926641	290	358	0	68	68	1.0000000
NODE_105910_length_358_cov_1.884170	250	317	0	67	67	1.0000000
NODE_105923_length_358_cov_1.841699	189	269	0	18	80	0.2250000
NODE_105923_length_358_cov_1.841699	189	269	2	15	80	0.1875000
NODE_105923_length_358_cov_1.841699	189	269	4	4	80	0.0500000
NODE_105923_length_358_cov_1.841699	189	269	5	2	80	0.0250000
NODE_105923_length_358_cov_1.841699	189	269	6	41	80	0.5125000
NODE_106096_length_358_cov_1.235521	99	179	6	9	80	0.1125000
NODE_106096_length_358_cov_1.235521	99	179	8	1	80	0.0125000
NODE_106096_length_358_cov_1.235521	99	179	9	43	80	0.5375000
NODE_106096_length_358_cov_1.235521	99	179	10	4	80	0.0500000
NODE_106096_length_358_cov_1.235521	99	179	11	23	80	0.2875000
NODE_106096_length_358_cov_1.235521	152	222	0	12	70	0.1714286
NODE_106096_length_358_cov_1.235521	152	222	1	5	70	0.0714286
NODE_106096_length_358_cov_1.235521	152	222	3	1	70	0.0142857
NODE_106096_length_358_cov_1.235521	152	222	4	7	70	0.1000000
NODE_106096_length_358_cov_1.235521	152	222	5	7	70	0.1000000
NODE_106096_length_358_cov_1.235521	152	222	6	20	70	0.2857143
NODE_106096_length_358_cov_1.235521	152	222	8	1	70	0.0142857
NODE_106096_length_358_cov_1.235521	152	222	9	10	70	0.1428571
NODE_106096_length_358_cov_1.235521	152	222	11	7	70	0.1000000
NODE_106189_length_358_cov_1.096525	148	228	0	80	80	1.0000000
NODE_106233_length_358_cov_0.984556	193	265	0	9	72	0.1250000
NODE_106233_length_358_cov_0.984556	193	265	2	63	72	0.8750000
NODE_106489_length_357_cov_381.833333	244	324	39	5	80	0.0625000
NODE_106489_length_357_cov_381.833333	244	324	41	5	80	0.0625000
NODE_106489_length_357_cov_381.833333	244	324	43	2	80	0.0250000
NODE_106489_length_357_cov_381.833333	244	324	47	4	80	0.0500000
NODE_106489_length_357_cov_381.833333	244	324	50	2	80	0.0250000
NODE_106489_length_357_cov_381.833333	244	324	52	5	80	0.0625000
NODE_106489_length_357_cov_381.833333	244	324	54	22	80	0.2750000
NODE_106489_length_357_cov_381.833333	244	324	56	35	80	0.4375000
NODE_106493_length_357_cov_7.643411	45	125	0	46	80	0.5750000
NODE_106493_length_357_cov_7.643411	45	125	2	34	80	0.4250000
NODE_106493_length_357_cov_7.643411	98	178	2	80	80	1.0000000
NODE_106495_length_357_cov_7.027132	157	237	0	48	80	0.6000000
NODE_106495_length_357_cov_7.027132	157	237	2	32	80	0.4000000
NODE_106495_length_357_cov_7.027132	210	252	2	42	42	1.0000000
NODE_106496_length_357_cov_6.732558	183	263	14	10	80	0.1250000
NODE_106496_length_357_cov_6.732558	183	263	15	3	80	0.0375000
NODE_106496_length_357_cov_6.732558	183	263	16	27	80	0.3375000
NODE_106496_length_357_cov_6.732558	183	263	17	1	80	0.0125000
NODE_106496_length_357_cov_6.732558	183	263	18	16	80	0.2000000
NODE_106496_length_357_cov_6.732558	183	263	19	1	80	0.0125000
NODE_106496_length_357_cov_6.732558	183	263	20	22	80	0.2750000
NODE_106529_length_357_cov_4.081395	145	225	0	31	80	0.3875000
NODE_106529_length_357_cov_4.081395	145	225	2	49	80	0.6125000
NODE_106529_length_357_cov_4.081395	198	271	0	23	73	0.3150685
NODE_106529_length_357_cov_4.081395	198	271	2	50	73	0.6849315
NODE_106542_length_357_cov_3.724806	192	265	0	73	73	1.0000000
NODE_106558_length_357_cov_3.341085	205	285	2	13	80	0.1625000
NODE_106558_length_357_cov_3.341085	205	285	4	20	80	0.2500000
NODE_106558_length_357_cov_3.341085	205	285	14	34	80	0.4250000
NODE_106558_length_357_cov_3.341085	205	285	16	13	80	0.1625000
NODE_106558_length_357_cov_3.341085	258	338	14	80	80	1.0000000
NODE_106625_length_357_cov_2.414729	245	302	0	1	57	0.0175439
NODE_106625_length_357_cov_2.414729	245	302	2	56	57	0.9824561
NODE_106625_length_357_cov_2.414729	275	355	0	20	80	0.2500000
NODE_106625_length_357_cov_2.414729	275	355	2	60	80	0.7500000
NODE_106661_length_357_cov_2.174419	250	330	0	80	80	1.0000000
NODE_106666_length_357_cov_2.166667	103	133	0	30	30	1.0000000
NODE_106666_length_357_cov_2.166667	112	133	0	21	21	1.0000000
NODE_106702_length_357_cov_1.961240	150	169	0	19	19	1.0000000
NODE_106708_length_357_cov_1.918605	173	253	18	1	80	0.0125000
NODE_106708_length_357_cov_1.918605	173	253	20	14	80	0.1750000
NODE_106708_length_357_cov_1.918605	173	253	22	4	80	0.0500000
NODE_106708_length_357_cov_1.918605	173	253	24	4	80	0.0500000
NODE_106708_length_357_cov_1.918605	173	253	26	32	80	0.4000000
NODE_106708_length_357_cov_1.918605	173	253	30	25	80	0.3125000
NODE_106737_length_357_cov_1.782946	73	142	0	47	69	0.6811594
NODE_106737_length_357_cov_1.782946	73	142	1	1	69	0.0144928
NODE_106737_length_357_cov_1.782946	73	142	2	21	69	0.3043478
NODE_106737_length_357_cov_1.782946	115	195	0	5	80	0.0625000
NODE_106737_length_357_cov_1.782946	115	195	1	1	80	0.0125000
NODE_106737_length_357_cov_1.782946	115	195	2	74	80	0.9250000
NODE_107002_length_357_cov_1.127907	98	129	2	31	31	1.0000000
NODE_107306_length_356_cov_5.299611	140	200	10	18	60	0.3000000
NODE_107306_length_356_cov_5.299611	140	200	12	42	60	0.7000000
NODE_107347_length_356_cov_3.400778	255	317	0	20	62	0.3225806
NODE_107347_length_356_cov_3.400778	255	317	2	42	62	0.6774194
NODE_107347_length_356_cov_3.400778	308	353	2	45	45	1.0000000
NODE_107402_length_356_cov_2.657588	256	298	30	9	42	0.2142857
NODE_107402_length_356_cov_2.657588	256	298	32	33	42	0.7857143
NODE_107402_length_356_cov_2.657588	265	338	14	1	73	0.0136986
NODE_107402_length_356_cov_2.657588	265	338	16	1	73	0.0136986
NODE_107402_length_356_cov_2.657588	265	338	22	4	73	0.0547945
NODE_107402_length_356_cov_2.657588	265	338	24	2	73	0.0273973
NODE_107402_length_356_cov_2.657588	265	338	25	2	73	0.0273973
NODE_107402_length_356_cov_2.657588	265	338	27	5	73	0.0684932
NODE_107402_length_356_cov_2.657588	265	338	31	10	73	0.1369863
NODE_107402_length_356_cov_2.657588	265	338	32	48	73	0.6575342
NODE_107402_length_356_cov_2.657588	299	351	6	6	52	0.1153846
NODE_107402_length_356_cov_2.657588	299	351	9	2	52	0.0384615
NODE_107402_length_356_cov_2.657588	299	351	11	2	52	0.0384615
NODE_107402_length_356_cov_2.657588	299	351	12	1	52	0.0192308
NODE_107402_length_356_cov_2.657588	299	351	14	3	52	0.0576923
NODE_107402_length_356_cov_2.657588	299	351	16	1	52	0.0192308
NODE_107402_length_356_cov_2.657588	299	351	22	4	52	0.0769231
NODE_107402_length_356_cov_2.657588	299	351	24	2	52	0.0384615
NODE_107402_length_356_cov_2.657588	299	351	25	2	52	0.0384615
NODE_107402_length_356_cov_2.657588	299	351	27	5	52	0.0961538
NODE_107402_length_356_cov_2.657588	299	351	31	10	52	0.1923077
NODE_107402_length_356_cov_2.657588	299	351	32	14	52	0.2692308
NODE_107452_length_356_cov_2.237354	90	135	0	9	45	0.2000000
NODE_107452_length_356_cov_2.237354	90	135	2	36	45	0.8000000
NODE_107475_length_356_cov_1.996109	127	194	0	67	67	1.0000000
NODE_107521_length_356_cov_1.813230	296	341	2	45	45	1.0000000
NODE_107606_length_356_cov_1.560311	192	272	0	80	80	1.0000000
NODE_107606_length_356_cov_1.560311	245	319	0	74	74	1.0000000
NODE_108122_length_355_cov_6.796875	127	173	0	46	46	1.0000000
NODE_108210_length_355_cov_2.734375	111	162	0	51	51	1.0000000
NODE_108210_length_355_cov_2.734375	142	222	0	80	80	1.0000000
NODE_108215_length_355_cov_2.707031	277	314	0	37	37	1.0000000
NODE_108215_length_355_cov_2.707031	287	353	0	66	66	1.0000000
NODE_108239_length_355_cov_2.500000	38	82	5	44	44	1.0000000
NODE_108278_length_355_cov_2.207031	258	308	0	11	50	0.2200000
NODE_108278_length_355_cov_2.207031	258	308	2	39	50	0.7800000
NODE_108284_length_355_cov_2.179688	153	233	2	11	80	0.1375000
NODE_108284_length_355_cov_2.179688	153	233	3	8	80	0.1000000
NODE_108284_length_355_cov_2.179688	153	233	4	61	80	0.7625000
NODE_108284_length_355_cov_2.179688	206	286	2	42	80	0.5250000
NODE_108284_length_355_cov_2.179688	206	286	4	38	80	0.4750000
NODE_108291_length_355_cov_2.132812	261	334	0	73	73	1.0000000
NODE_108291_length_355_cov_2.132812	301	342	0	41	41	1.0000000
NODE_108315_length_355_cov_2.007812	281	347	0	12	66	0.1818182
NODE_108315_length_355_cov_2.007812	281	347	5	1	66	0.0151515
NODE_108315_length_355_cov_2.007812	281	347	6	53	66	0.8030303
NODE_108395_length_355_cov_1.765625	186	247	0	24	61	0.3934426
NODE_108395_length_355_cov_1.765625	186	247	1	37	61	0.6065574
NODE_108395_length_355_cov_1.765625	220	300	0	16	80	0.2000000
NODE_108395_length_355_cov_1.765625	220	300	1	64	80	0.8000000
NODE_109015_length_354_cov_6.843137	53	132	0	79	79	1.0000000
NODE_109015_length_354_cov_6.843137	53	132	0	79	79	1.0000000
NODE_109015_length_354_cov_6.843137	105	185	0	80	80	1.0000000
NODE_109015_length_354_cov_6.843137	105	185	0	80	80	1.0000000
NODE_109033_length_354_cov_4.823529	208	255	1	5	47	0.1063830
NODE_109033_length_354_cov_4.823529	208	255	3	42	47	0.8936170
NODE_109054_length_354_cov_3.956863	145	208	4	63	63	1.0000000
NODE_109054_length_354_cov_3.956863	181	261	0	23	80	0.2875000
NODE_109054_length_354_cov_3.956863	181	261	2	21	80	0.2625000
NODE_109054_length_354_cov_3.956863	181	261	4	36	80	0.4500000
NODE_109057_length_354_cov_3.878431	198	244	0	1	46	0.0217391
NODE_109057_length_354_cov_3.878431	198	244	1	10	46	0.2173913
NODE_109057_length_354_cov_3.878431	198	244	2	35	46	0.7608696
NODE_109089_length_354_cov_3.207843	130	199	0	26	69	0.3768116
NODE_109089_length_354_cov_3.207843	130	199	1	20	69	0.2898551
NODE_109089_length_354_cov_3.207843	130	199	3	5	69	0.0724638
NODE_109089_length_354_cov_3.207843	130	199	4	18	69	0.2608696
NODE_109126_length_354_cov_2.725490	179	259	0	56	80	0.7000000
NODE_109126_length_354_cov_2.725490	179	259	2	6	80	0.0750000
NODE_109126_length_354_cov_2.725490	179	259	4	18	80	0.2250000
NODE_109126_length_354_cov_2.725490	235	312	2	6	77	0.0779221
NODE_109126_length_354_cov_2.725490	235	312	4	71	77	0.9220779
NODE_109128_length_354_cov_2.713725	16	76	0	13	60	0.2166667
NODE_109128_length_354_cov_2.713725	16	76	1	1	60	0.0166667
NODE_109128_length_354_cov_2.713725	16	76	2	15	60	0.2500000
NODE_109128_length_354_cov_2.713725	16	76	4	31	60	0.5166667
NODE_109128_length_354_cov_2.713725	90	149	0	6	59	0.1016949
NODE_109128_length_354_cov_2.713725	90	149	2	18	59	0.3050847
NODE_109128_length_354_cov_2.713725	90	149	3	2	59	0.0338983
NODE_109128_length_354_cov_2.713725	90	149	4	33	59	0.5593221
NODE_109140_length_354_cov_2.580392	176	234	0	16	58	0.2758621
NODE_109140_length_354_cov_2.580392	176	234	2	20	58	0.3448276
NODE_109140_length_354_cov_2.580392	176	234	4	14	58	0.2413793
NODE_109140_length_354_cov_2.580392	176	234	6	8	58	0.1379310
NODE_109140_length_354_cov_2.580392	207	251	2	5	44	0.1136364
NODE_109140_length_354_cov_2.580392	207	251	4	14	44	0.3181818
NODE_109140_length_354_cov_2.580392	207	251	6	25	44	0.5681818
NODE_109237_length_354_cov_1.996078	79	145	0	66	66	1.0000000
NODE_109237_length_354_cov_1.996078	118	200	0	82	82	1.0000000
NODE_109244_length_354_cov_1.988235	7	77	0	70	70	1.0000000
NODE_109244_length_354_cov_1.988235	64	130	0	46	66	0.6969697
NODE_109244_length_354_cov_1.988235	64	130	2	20	66	0.3030303
NODE_109321_length_354_cov_1.682353	99	171	2	72	72	1.0000000
NODE_109321_length_354_cov_1.682353	144	224	2	80	80	1.0000000
NODE_109852_length_353_cov_11.169291	14	90	0	76	76	1.0000000
NODE_109852_length_353_cov_11.169291	67	143	0	76	76	1.0000000
NODE_109911_length_353_cov_3.874016	220	256	6	36	36	1.0000000
NODE_109911_length_353_cov_3.874016	265	334	0	17	69	0.2463768
NODE_109911_length_353_cov_3.874016	265	334	3	1	69	0.0144928
NODE_109911_length_353_cov_3.874016	265	334	6	51	69	0.7391304
NODE_109928_length_353_cov_3.488189	200	282	2	22	82	0.2682927
NODE_109928_length_353_cov_3.488189	200	282	4	49	82	0.5975610
NODE_109928_length_353_cov_3.488189	200	282	6	11	82	0.1341463
NODE_109976_length_353_cov_2.826772	8	88	0	26	80	0.3250000
NODE_109976_length_353_cov_2.826772	8	88	2	54	80	0.6750000
NODE_109976_length_353_cov_2.826772	61	120	2	59	59	1.0000000
NODE_110022_length_353_cov_2.417323	260	336	0	76	76	1.0000000
NODE_110610_length_353_cov_0.744094	299	318	0	19	19	1.0000000
NODE_110708_length_352_cov_34.691700	110	203	2	2	93	0.0215054
NODE_110708_length_352_cov_34.691700	110	203	4	3	93	0.0322581
NODE_110708_length_352_cov_34.691700	110	203	6	14	93	0.1505376
NODE_110708_length_352_cov_34.691700	110	203	8	8	93	0.0860215
NODE_110708_length_352_cov_34.691700	110	203	12	66	93	0.7096774
NODE_110710_length_352_cov_17.944664	20	100	0	80	80	1.0000000
NODE_110710_length_352_cov_17.944664	73	153	0	80	80	1.0000000
NODE_110710_length_352_cov_17.944664	273	352	0	79	79	1.0000000
NODE_110735_length_352_cov_4.707510	157	237	0	26	80	0.3250000
NODE_110735_length_352_cov_4.707510	157	237	2	1	80	0.0125000
NODE_110735_length_352_cov_4.707510	157	237	4	20	80	0.2500000
NODE_110735_length_352_cov_4.707510	157	237	6	6	80	0.0750000
NODE_110735_length_352_cov_4.707510	157	237	8	27	80	0.3375000
NODE_110749_length_352_cov_4.221344	144	205	0	61	61	1.0000000
NODE_110749_length_352_cov_4.221344	178	259	0	81	81	1.0000000
NODE_110754_length_352_cov_4.011858	98	143	0	37	45	0.8222222
NODE_110754_length_352_cov_4.011858	98	143	1	8	45	0.1777778
NODE_110754_length_352_cov_4.011858	151	228	2	77	77	1.0000000
NODE_110798_length_352_cov_2.849802	74	154	0	2	80	0.0250000
NODE_110798_length_352_cov_2.849802	74	154	4	78	80	0.9750000
NODE_110798_length_352_cov_2.849802	127	198	0	26	71	0.3661972
NODE_110798_length_352_cov_2.849802	127	198	4	45	71	0.6338028
NODE_110820_length_352_cov_2.683794	0	77	0	77	77	1.0000000
NODE_110820_length_352_cov_2.683794	50	130	0	38	80	0.4750000
NODE_110820_length_352_cov_2.683794	50	130	2	42	80	0.5250000
NODE_110832_length_352_cov_2.608696	90	136	0	46	46	1.0000000
NODE_110832_length_352_cov_2.608696	144	189	0	45	45	1.0000000
NODE_110838_length_352_cov_2.577075	111	191	0	80	80	1.0000000
NODE_110876_length_352_cov_2.264822	171	251	0	80	80	1.0000000
NODE_110938_length_352_cov_2.007905	277	326	1	49	49	1.0000000
NODE_111439_length_352_cov_0.806324	165	238	6	3	73	0.0410959
NODE_111439_length_352_cov_0.806324	165	238	10	1	73	0.0136986
NODE_111439_length_352_cov_0.806324	165	238	12	3	73	0.0410959
NODE_111439_length_352_cov_0.806324	165	238	14	3	73	0.0410959
NODE_111439_length_352_cov_0.806324	165	238	16	9	73	0.1232877
NODE_111439_length_352_cov_0.806324	165	238	18	4	73	0.0547945
NODE_111439_length_352_cov_0.806324	165	238	20	6	73	0.0821918
NODE_111439_length_352_cov_0.806324	165	238	22	4	73	0.0547945
NODE_111439_length_352_cov_0.806324	165	238	24	40	73	0.5479452
NODE_111593_length_351_cov_5.003968	115	195	0	80	80	1.0000000
NODE_111662_length_351_cov_2.900794	289	320	14	31	31	1.0000000
NODE_111738_length_351_cov_2.376984	79	159	0	22	80	0.2750000
NODE_111738_length_351_cov_2.376984	79	159	2	22	80	0.2750000
NODE_111738_length_351_cov_2.376984	79	159	4	36	80	0.4500000
NODE_111759_length_351_cov_2.226190	116	170	2	1	54	0.0185185
NODE_111759_length_351_cov_2.226190	116	170	4	53	54	0.9814815
NODE_111769_length_351_cov_2.186508	198	277	0	79	79	1.0000000
NODE_111861_length_351_cov_1.809524	276	309	0	24	33	0.7272727
NODE_111861_length_351_cov_1.809524	276	309	4	9	33	0.2727273
NODE_111969_length_351_cov_1.515873	228	299	0	71	71	1.0000000
NODE_112493_length_350_cov_232.529880	25	92	49	1	67	0.0149254
NODE_112493_length_350_cov_232.529880	25	92	51	1	67	0.0149254
NODE_112493_length_350_cov_232.529880	25	92	54	7	67	0.1044776
NODE_112493_length_350_cov_232.529880	25	92	56	3	67	0.0447761
NODE_112493_length_350_cov_232.529880	25	92	58	1	67	0.0149254
NODE_112493_length_350_cov_232.529880	25	92	60	3	67	0.0447761
NODE_112493_length_350_cov_232.529880	25	92	64	3	67	0.0447761
NODE_112493_length_350_cov_232.529880	25	92	66	5	67	0.0746269
NODE_112493_length_350_cov_232.529880	25	92	68	1	67	0.0149254
NODE_112493_length_350_cov_232.529880	25	92	69	1	67	0.0149254
NODE_112493_length_350_cov_232.529880	25	92	74	3	67	0.0447761
NODE_112493_length_350_cov_232.529880	25	92	84	3	67	0.0447761
NODE_112493_length_350_cov_232.529880	25	92	86	3	67	0.0447761
NODE_112493_length_350_cov_232.529880	25	92	88	7	67	0.1044776
NODE_112493_length_350_cov_232.529880	25	92	90	25	67	0.3731343
NODE_112494_length_350_cov_40.677291	181	246	30	1	65	0.0153846
NODE_112494_length_350_cov_40.677291	181	246	32	1	65	0.0153846
NODE_112494_length_350_cov_40.677291	181	246	35	6	65	0.0923077
NODE_112494_length_350_cov_40.677291	181	246	36	3	65	0.0461538
NODE_112494_length_350_cov_40.677291	181	246	37	12	65	0.1846154
NODE_112494_length_350_cov_40.677291	181	246	38	4	65	0.0615385
NODE_112494_length_350_cov_40.677291	181	246	39	4	65	0.0615385
NODE_112494_length_350_cov_40.677291	181	246	41	4	65	0.0615385
NODE_112494_length_350_cov_40.677291	181	246	44	1	65	0.0153846
NODE_112494_length_350_cov_40.677291	181	246	45	12	65	0.1846154
NODE_112494_length_350_cov_40.677291	181	246	46	1	65	0.0153846
NODE_112494_length_350_cov_40.677291	181	246	48	14	65	0.2153846
NODE_112494_length_350_cov_40.677291	181	246	50	2	65	0.0307692
NODE_112535_length_350_cov_4.179283	114	194	0	54	80	0.6750000
NODE_112535_length_350_cov_4.179283	114	194	2	3	80	0.0375000
NODE_112535_length_350_cov_4.179283	114	194	4	14	80	0.1750000
NODE_112535_length_350_cov_4.179283	114	194	6	5	80	0.0625000
NODE_112535_length_350_cov_4.179283	114	194	8	4	80	0.0500000
NODE_112535_length_350_cov_4.179283	167	244	0	1	77	0.0129870
NODE_112535_length_350_cov_4.179283	167	244	2	3	77	0.0389610
NODE_112535_length_350_cov_4.179283	167	244	4	14	77	0.1818182
NODE_112535_length_350_cov_4.179283	167	244	6	5	77	0.0649351
NODE_112535_length_350_cov_4.179283	167	244	8	18	77	0.2337662
NODE_112535_length_350_cov_4.179283	167	244	10	36	77	0.4675325
NODE_112554_length_350_cov_3.573705	128	202	6	32	74	0.4324324
NODE_112554_length_350_cov_3.573705	128	202	8	1	74	0.0135135
NODE_112554_length_350_cov_3.573705	128	202	13	5	74	0.0675676
NODE_112554_length_350_cov_3.573705	128	202	17	36	74	0.4864865
NODE_112554_length_350_cov_3.573705	178	241	0	11	63	0.1746032
NODE_112554_length_350_cov_3.573705	178	241	1	28	63	0.4444444
NODE_112554_length_350_cov_3.573705	178	241	6	24	63	0.3809524
NODE_112627_length_350_cov_2.478088	266	297	0	31	31	1.0000000
NODE_112647_length_350_cov_2.346614	97	148	42	28	51	0.5490196
NODE_112647_length_350_cov_2.346614	97	148	44	15	51	0.2941177
NODE_112647_length_350_cov_2.346614	97	148	46	8	51	0.1568628
NODE_112714_length_350_cov_2.031873	181	238	22	1	57	0.0175439
NODE_112714_length_350_cov_2.031873	181	238	24	56	57	0.9824561
NODE_112997_length_350_cov_1.223108	202	275	0	53	73	0.7260274
NODE_112997_length_350_cov_1.223108	202	275	4	4	73	0.0547945
NODE_112997_length_350_cov_1.223108	202	275	6	11	73	0.1506849
NODE_112997_length_350_cov_1.223108	202	275	8	5	73	0.0684932
NODE_113450_length_349_cov_4.268000	83	163	2	17	80	0.2125000
NODE_113450_length_349_cov_4.268000	83	163	4	54	80	0.6750000
NODE_113450_length_349_cov_4.268000	83	163	6	9	80	0.1125000
NODE_113450_length_349_cov_4.268000	83	163	2	17	80	0.2125000
NODE_113450_length_349_cov_4.268000	83	163	4	54	80	0.6750000
NODE_113450_length_349_cov_4.268000	83	163	6	9	80	0.1125000
NODE_113450_length_349_cov_4.268000	136	216	2	70	80	0.8750000
NODE_113450_length_349_cov_4.268000	136	216	4	1	80	0.0125000
NODE_113450_length_349_cov_4.268000	136	216	6	9	80	0.1125000
NODE_113450_length_349_cov_4.268000	145	180	2	34	35	0.9714286
NODE_113450_length_349_cov_4.268000	145	180	6	1	35	0.0285714
NODE_113473_length_349_cov_3.648000	219	300	2	6	81	0.0740741
NODE_113473_length_349_cov_3.648000	219	300	4	25	81	0.3086420
NODE_113473_length_349_cov_3.648000	219	300	6	18	81	0.2222222
NODE_113473_length_349_cov_3.648000	219	300	10	5	81	0.0617284
NODE_113473_length_349_cov_3.648000	219	300	12	27	81	0.3333333
NODE_113480_length_349_cov_3.484000	196	276	8	8	80	0.1000000
NODE_113480_length_349_cov_3.484000	196	276	10	1	80	0.0125000
NODE_113480_length_349_cov_3.484000	196	276	16	1	80	0.0125000
NODE_113480_length_349_cov_3.484000	196	276	18	12	80	0.1500000
NODE_113480_length_349_cov_3.484000	196	276	20	58	80	0.7250000
NODE_113486_length_349_cov_3.364000	219	284	4	65	65	1.0000000
NODE_113511_length_349_cov_2.916000	94	189	4	26	95	0.2736842
NODE_113511_length_349_cov_2.916000	94	189	6	48	95	0.5052631
NODE_113511_length_349_cov_2.916000	94	189	8	21	95	0.2210526
NODE_113571_length_349_cov_2.420000	35	54	0	19	19	1.0000000
NODE_113647_length_349_cov_1.964000	32	63	0	31	31	1.0000000
NODE_113654_length_349_cov_1.928000	9	77	0	68	68	1.0000000
NODE_113654_length_349_cov_1.928000	62	115	0	53	53	1.0000000
NODE_113710_length_349_cov_1.684000	225	265	2	1	40	0.0250000
NODE_113710_length_349_cov_1.684000	225	265	4	37	40	0.9250000
NODE_113710_length_349_cov_1.684000	225	265	8	2	40	0.0500000
NODE_113825_length_349_cov_1.392000	32	95	0	63	63	1.0000000
NODE_113961_length_349_cov_1.056000	316	339	0	23	23	1.0000000
NODE_114002_length_349_cov_1.020000	177	257	0	80	80	1.0000000
NODE_114263_length_348_cov_34.867470	156	236	0	38	80	0.4750000
NODE_114263_length_348_cov_34.867470	156	236	3	1	80	0.0125000
NODE_114263_length_348_cov_34.867470	156	236	5	16	80	0.2000000
NODE_114263_length_348_cov_34.867470	156	236	11	25	80	0.3125000
NODE_114263_length_348_cov_34.867470	209	289	5	2	80	0.0250000
NODE_114263_length_348_cov_34.867470	209	289	10	41	80	0.5125000
NODE_114263_length_348_cov_34.867470	209	289	11	37	80	0.4625000
NODE_114296_length_348_cov_4.180723	106	186	2	80	80	1.0000000
NODE_114296_length_348_cov_4.180723	159	239	0	2	80	0.0250000
NODE_114296_length_348_cov_4.180723	159	239	2	78	80	0.9750000
NODE_114330_length_348_cov_3.277108	83	137	0	54	54	1.0000000
NODE_114330_length_348_cov_3.277108	145	197	0	52	52	1.0000000
NODE_114424_length_348_cov_2.305221	204	273	0	3	69	0.0434783
NODE_114424_length_348_cov_2.305221	204	273	2	66	69	0.9565217
NODE_114448_length_348_cov_2.216867	103	152	0	5	49	0.1020408
NODE_114448_length_348_cov_2.216867	103	152	2	44	49	0.8979592
NODE_114505_length_348_cov_1.995984	170	239	4	29	69	0.4202898
NODE_114505_length_348_cov_1.995984	170	239	6	40	69	0.5797101
NODE_114591_length_348_cov_1.638554	309	346	0	37	37	1.0000000
NODE_114643_length_348_cov_1.485944	9	60	2	45	51	0.8823529
NODE_114643_length_348_cov_1.485944	9	60	4	6	51	0.1176471
NODE_115147_length_347_cov_15.100806	57	137	0	80	80	1.0000000
NODE_115147_length_347_cov_15.100806	110	152	0	42	42	1.0000000
NODE_115147_length_347_cov_15.100806	182	209	0	27	27	1.0000000
NODE_115147_length_347_cov_15.100806	290	317	0	27	27	1.0000000
NODE_115161_length_347_cov_5.967742	110	173	4	63	63	1.0000000
NODE_115195_length_347_cov_4.028226	260	329	0	69	69	1.0000000
NODE_115321_length_347_cov_2.463710	99	141	0	42	42	1.0000000
NODE_115321_length_347_cov_2.463710	108	143	0	35	35	1.0000000
NODE_115331_length_347_cov_2.391129	35	70	0	35	35	1.0000000
NODE_115331_length_347_cov_2.391129	37	79	0	42	42	1.0000000
NODE_115331_length_347_cov_2.391129	77	105	0	28	28	1.0000000
NODE_115397_length_347_cov_2.048387	15	34	0	19	19	1.0000000
NODE_115417_length_347_cov_1.967742	205	268	0	63	63	1.0000000
NODE_115450_length_347_cov_1.818548	109	156	0	47	47	1.0000000
NODE_115771_length_347_cov_1.028226	230	255	0	25	25	1.0000000
NODE_116114_length_346_cov_74.433198	10	90	0	1	80	0.0125000
NODE_116114_length_346_cov_74.433198	10	90	22	37	80	0.4625000
NODE_116114_length_346_cov_74.433198	10	90	24	42	80	0.5250000
NODE_116114_length_346_cov_74.433198	19	90	22	29	71	0.4084507
NODE_116114_length_346_cov_74.433198	19	90	24	42	71	0.5915493
NODE_116114_length_346_cov_74.433198	192	272	12	2	80	0.0250000
NODE_116114_length_346_cov_74.433198	192	272	24	21	80	0.2625000
NODE_116114_length_346_cov_74.433198	192	272	26	9	80	0.1125000
NODE_116114_length_346_cov_74.433198	192	272	28	48	80	0.6000000
NODE_116115_length_346_cov_67.834008	133	213	0	30	80	0.3750000
NODE_116115_length_346_cov_67.834008	133	213	6	50	80	0.6250000
NODE_116115_length_346_cov_67.834008	186	266	0	11	80	0.1375000
NODE_116115_length_346_cov_67.834008	186	266	6	69	80	0.8625000
NODE_116117_length_346_cov_10.299595	190	270	0	3	80	0.0375000
NODE_116117_length_346_cov_10.299595	190	270	2	77	80	0.9625000
NODE_116117_length_346_cov_10.299595	243	323	0	21	80	0.2625000
NODE_116117_length_346_cov_10.299595	243	323	2	59	80	0.7375000
NODE_116119_length_346_cov_9.566802	159	239	0	8	80	0.1000000
NODE_116119_length_346_cov_9.566802	159	239	4	30	80	0.3750000
NODE_116119_length_346_cov_9.566802	159	239	6	6	80	0.0750000
NODE_116119_length_346_cov_9.566802	159	239	8	36	80	0.4500000
NODE_116119_length_346_cov_9.566802	212	292	7	27	80	0.3375000
NODE_116119_length_346_cov_9.566802	212	292	8	32	80	0.4000000
NODE_116119_length_346_cov_9.566802	212	292	9	21	80	0.2625000
NODE_116134_length_346_cov_5.506073	157	238	2	2	81	0.0246914
NODE_116134_length_346_cov_5.506073	157	238	4	2	81	0.0246914
NODE_116134_length_346_cov_5.506073	157	238	8	15	81	0.1851852
NODE_116134_length_346_cov_5.506073	157	238	10	1	81	0.0123457
NODE_116134_length_346_cov_5.506073	157	238	12	61	81	0.7530864
NODE_116155_length_346_cov_4.368421	205	264	0	59	59	1.0000000
NODE_116159_length_346_cov_4.032389	121	141	2	11	20	0.5500000
NODE_116159_length_346_cov_4.032389	121	141	5	1	20	0.0500000
NODE_116159_length_346_cov_4.032389	121	141	7	8	20	0.4000000
NODE_116184_length_346_cov_3.400810	194	253	0	59	59	1.0000000
NODE_116212_length_346_cov_3.008097	183	263	0	80	80	1.0000000
NODE_116257_length_346_cov_2.538462	47	102	0	55	55	1.0000000
NODE_116257_length_346_cov_2.538462	118	173	0	55	55	1.0000000
NODE_116439_length_346_cov_1.700405	71	107	0	36	36	1.0000000
NODE_117035_length_345_cov_47.699187	0	66	0	66	66	1.0000000
NODE_117035_length_345_cov_47.699187	39	119	0	80	80	1.0000000
NODE_117035_length_345_cov_47.699187	115	182	0	67	67	1.0000000
NODE_117035_length_345_cov_47.699187	246	311	4	16	65	0.2461538
NODE_117035_length_345_cov_47.699187	246	311	6	49	65	0.7538462
NODE_117036_length_345_cov_13.439024	28	108	2	18	80	0.2250000
NODE_117036_length_345_cov_13.439024	28	108	4	62	80	0.7750000
NODE_117036_length_345_cov_13.439024	81	161	0	5	80	0.0625000
NODE_117036_length_345_cov_13.439024	81	161	2	48	80	0.6000000
NODE_117036_length_345_cov_13.439024	81	161	4	27	80	0.3375000
NODE_117037_length_345_cov_9.906504	224	283	8	59	59	1.0000000
NODE_117051_length_345_cov_5.475610	52	132	0	41	80	0.5125000
NODE_117051_length_345_cov_5.475610	52	132	1	7	80	0.0875000
NODE_117051_length_345_cov_5.475610	52	132	3	8	80	0.1000000
NODE_117051_length_345_cov_5.475610	52	132	5	24	80	0.3000000
NODE_117051_length_345_cov_5.475610	105	185	3	10	80	0.1250000
NODE_117051_length_345_cov_5.475610	105	185	5	70	80	0.8750000
NODE_117055_length_345_cov_5.321138	104	152	0	48	48	1.0000000
NODE_117065_length_345_cov_4.524390	205	269	0	64	64	1.0000000
NODE_117075_length_345_cov_4.109756	95	157	0	62	62	1.0000000
NODE_117075_length_345_cov_4.109756	162	204	0	42	42	1.0000000
NODE_117076_length_345_cov_4.073171	251	326	0	75	75	1.0000000
NODE_117084_length_345_cov_3.776423	199	273	0	74	74	1.0000000
NODE_117084_length_345_cov_3.776423	246	326	0	80	80	1.0000000
NODE_117148_length_345_cov_2.821138	61	141	0	1	80	0.0125000
NODE_117148_length_345_cov_2.821138	61	141	4	32	80	0.4000000
NODE_117148_length_345_cov_2.821138	61	141	8	47	80	0.5875000
NODE_117205_length_345_cov_2.333333	47	90	0	2	43	0.0465116
NODE_117205_length_345_cov_2.333333	47	90	2	2	43	0.0465116
NODE_117205_length_345_cov_2.333333	47	90	4	39	43	0.9069768
NODE_117205_length_345_cov_2.333333	63	147	4	84	84	1.0000000
NODE_117219_length_345_cov_2.239837	0	81	0	2	81	0.0246914
NODE_117219_length_345_cov_2.239837	0	81	1	1	81	0.0123457
NODE_117219_length_345_cov_2.239837	0	81	3	2	81	0.0246914
NODE_117219_length_345_cov_2.239837	0	81	4	12	81	0.1481481
NODE_117219_length_345_cov_2.239837	0	81	6	10	81	0.1234568
NODE_117219_length_345_cov_2.239837	0	81	8	35	81	0.4320988
NODE_117219_length_345_cov_2.239837	0	81	10	19	81	0.2345679
NODE_117669_length_345_cov_1.040650	6	73	2	35	67	0.5223880
NODE_117669_length_345_cov_1.040650	6	73	4	32	67	0.4776119
NODE_117989_length_344_cov_54.020408	6	55	2	1	49	0.0204082
NODE_117989_length_344_cov_54.020408	6	55	4	9	49	0.1836735
NODE_117989_length_344_cov_54.020408	6	55	8	5	49	0.1020408
NODE_117989_length_344_cov_54.020408	6	55	10	7	49	0.1428571
NODE_117989_length_344_cov_54.020408	6	55	22	6	49	0.1224490
NODE_117989_length_344_cov_54.020408	6	55	24	21	49	0.4285714
NODE_117989_length_344_cov_54.020408	28	105	22	6	77	0.0779221
NODE_117989_length_344_cov_54.020408	28	105	24	22	77	0.2857143
NODE_117989_length_344_cov_54.020408	28	105	25	16	77	0.2077922
NODE_117989_length_344_cov_54.020408	28	105	26	31	77	0.4025974
NODE_117989_length_344_cov_54.020408	28	105	27	2	77	0.0259740
NODE_117989_length_344_cov_54.020408	28	105	22	6	77	0.0779221
NODE_117989_length_344_cov_54.020408	28	105	24	22	77	0.2857143
NODE_117989_length_344_cov_54.020408	28	105	25	16	77	0.2077922
NODE_117989_length_344_cov_54.020408	28	105	26	31	77	0.4025974
NODE_117989_length_344_cov_54.020408	28	105	27	2	77	0.0259740
NODE_117989_length_344_cov_54.020408	112	178	4	6	66	0.0909091
NODE_117989_length_344_cov_54.020408	112	178	15	1	66	0.0151515
NODE_117989_length_344_cov_54.020408	112	178	18	14	66	0.2121212
NODE_117989_length_344_cov_54.020408	112	178	19	2	66	0.0303030
NODE_117989_length_344_cov_54.020408	112	178	23	36	66	0.5454546
NODE_117989_length_344_cov_54.020408	112	178	25	3	66	0.0454545
NODE_117989_length_344_cov_54.020408	112	178	27	4	66	0.0606061
NODE_118009_length_344_cov_5.016327	72	125	2	53	53	1.0000000
NODE_118009_length_344_cov_5.016327	136	203	0	49	67	0.7313433
NODE_118009_length_344_cov_5.016327	136	203	2	18	67	0.2686567
NODE_118017_length_344_cov_4.579592	172	254	2	27	82	0.3292683
NODE_118017_length_344_cov_4.579592	172	254	4	55	82	0.6707317
NODE_118045_length_344_cov_3.840816	197	240	2	43	43	1.0000000
NODE_118074_length_344_cov_3.293878	149	189	12	40	40	1.0000000
NODE_118074_length_344_cov_3.293878	162	229	2	4	67	0.0597015
NODE_118074_length_344_cov_3.293878	162	229	4	22	67	0.3283582
NODE_118074_length_344_cov_3.293878	162	229	12	41	67	0.6119403
NODE_118111_length_344_cov_2.751020	24	87	0	63	63	1.0000000
NODE_118179_length_344_cov_2.126531	274	305	0	31	31	1.0000000
NODE_118243_length_344_cov_1.914286	114	194	0	80	80	1.0000000
NODE_118243_length_344_cov_1.914286	167	247	0	80	80	1.0000000
NODE_118297_length_344_cov_1.685714	180	220	0	40	40	1.0000000
NODE_118393_length_344_cov_1.457143	160	240	28	2	80	0.0250000
NODE_118393_length_344_cov_1.457143	160	240	30	14	80	0.1750000
NODE_118393_length_344_cov_1.457143	160	240	32	14	80	0.1750000
NODE_118393_length_344_cov_1.457143	160	240	34	35	80	0.4375000
NODE_118393_length_344_cov_1.457143	160	240	36	15	80	0.1875000
NODE_118393_length_344_cov_1.457143	213	273	7	3	60	0.0500000
NODE_118393_length_344_cov_1.457143	213	273	9	7	60	0.1166667
NODE_118393_length_344_cov_1.457143	213	273	13	1	60	0.0166667
NODE_118393_length_344_cov_1.457143	213	273	14	1	60	0.0166667
NODE_118393_length_344_cov_1.457143	213	273	15	1	60	0.0166667
NODE_118393_length_344_cov_1.457143	213	273	17	1	60	0.0166667
NODE_118393_length_344_cov_1.457143	213	273	21	7	60	0.1166667
NODE_118393_length_344_cov_1.457143	213	273	25	10	60	0.1666667
NODE_118393_length_344_cov_1.457143	213	273	28	4	60	0.0666667
NODE_118393_length_344_cov_1.457143	213	273	30	6	60	0.1000000
NODE_118393_length_344_cov_1.457143	213	273	32	3	60	0.0500000
NODE_118393_length_344_cov_1.457143	213	273	34	16	60	0.2666667
NODE_118743_length_344_cov_0.800000	123	163	0	40	40	1.0000000
NODE_118899_length_343_cov_3.770492	2	60	0	58	58	1.0000000
NODE_118905_length_343_cov_3.598361	97	170	8	2	73	0.0273973
NODE_118905_length_343_cov_3.598361	97	170	10	3	73	0.0410959
NODE_118905_length_343_cov_3.598361	97	170	12	7	73	0.0958904
NODE_118905_length_343_cov_3.598361	97	170	13	8	73	0.1095890
NODE_118905_length_343_cov_3.598361	97	170	14	52	73	0.7123288
NODE_118905_length_343_cov_3.598361	97	170	15	1	73	0.0136986
NODE_118905_length_343_cov_3.598361	150	223	0	12	73	0.1643836
NODE_118905_length_343_cov_3.598361	150	223	2	18	73	0.2465753
NODE_118905_length_343_cov_3.598361	150	223	4	3	73	0.0410959
NODE_118905_length_343_cov_3.598361	150	223	6	7	73	0.0958904
NODE_118905_length_343_cov_3.598361	150	223	14	33	73	0.4520548
NODE_118911_length_343_cov_3.401639	48	128	8	2	80	0.0250000
NODE_118911_length_343_cov_3.401639	48	128	12	11	80	0.1375000
NODE_118911_length_343_cov_3.401639	48	128	14	2	80	0.0250000
NODE_118911_length_343_cov_3.401639	48	128	16	2	80	0.0250000
NODE_118911_length_343_cov_3.401639	48	128	18	3	80	0.0375000
NODE_118911_length_343_cov_3.401639	48	128	20	4	80	0.0500000
NODE_118911_length_343_cov_3.401639	48	128	22	5	80	0.0625000
NODE_118911_length_343_cov_3.401639	48	128	24	5	80	0.0625000
NODE_118911_length_343_cov_3.401639	48	128	26	46	80	0.5750000
NODE_118941_length_343_cov_3.049180	12	62	0	50	50	1.0000000
NODE_118941_length_343_cov_3.049180	82	111	0	29	29	1.0000000
NODE_118941_length_343_cov_3.049180	133	205	2	8	72	0.1111111
NODE_118941_length_343_cov_3.049180	133	205	4	57	72	0.7916667
NODE_118941_length_343_cov_3.049180	133	205	6	7	72	0.0972222
NODE_118957_length_343_cov_2.770492	236	316	0	27	80	0.3375000
NODE_118957_length_343_cov_2.770492	236	316	2	10	80	0.1250000
NODE_118957_length_343_cov_2.770492	236	316	4	1	80	0.0125000
NODE_118957_length_343_cov_2.770492	236	316	8	1	80	0.0125000
NODE_118957_length_343_cov_2.770492	236	316	10	4	80	0.0500000
NODE_118957_length_343_cov_2.770492	236	316	12	3	80	0.0375000
NODE_118957_length_343_cov_2.770492	236	316	16	1	80	0.0125000
NODE_118957_length_343_cov_2.770492	236	316	17	2	80	0.0250000
NODE_118957_length_343_cov_2.770492	236	316	19	2	80	0.0250000
NODE_118957_length_343_cov_2.770492	236	316	21	9	80	0.1125000
NODE_118957_length_343_cov_2.770492	236	316	23	2	80	0.0250000
NODE_118957_length_343_cov_2.770492	236	316	24	3	80	0.0375000
NODE_118957_length_343_cov_2.770492	236	316	26	4	80	0.0500000
NODE_118957_length_343_cov_2.770492	236	316	30	11	80	0.1375000
NODE_118978_length_343_cov_2.590164	167	225	4	3	58	0.0517241
NODE_118978_length_343_cov_2.590164	167	225	5	55	58	0.9482759
NODE_118998_length_343_cov_2.430328	208	274	0	66	66	1.0000000
NODE_119040_length_343_cov_2.209016	32	111	2	79	79	1.0000000
NODE_119067_length_343_cov_2.081967	95	177	0	77	82	0.9390244
NODE_119067_length_343_cov_2.081967	95	177	2	5	82	0.0609756
NODE_119067_length_343_cov_2.081967	150	199	0	22	49	0.4489796
NODE_119067_length_343_cov_2.081967	150	199	2	27	49	0.5510204
NODE_119202_length_343_cov_1.635246	0	52	0	52	52	1.0000000
NODE_119439_length_343_cov_1.143443	60	120	0	60	60	1.0000000
NODE_119834_length_342_cov_3.872428	136	216	0	26	80	0.3250000
NODE_119834_length_342_cov_3.872428	136	216	2	54	80	0.6750000
NODE_119834_length_342_cov_3.872428	189	259	2	70	70	1.0000000
NODE_119840_length_342_cov_3.769547	146	212	0	30	66	0.4545455
NODE_119840_length_342_cov_3.769547	146	212	4	6	66	0.0909091
NODE_119840_length_342_cov_3.769547	146	212	10	30	66	0.4545455
NODE_119841_length_342_cov_3.740741	113	146	0	31	33	0.9393939
NODE_119841_length_342_cov_3.740741	113	146	2	2	33	0.0606061
NODE_119846_length_342_cov_3.674897	20	100	4	7	80	0.0875000
NODE_119846_length_342_cov_3.674897	20	100	6	72	80	0.9000000
NODE_119846_length_342_cov_3.674897	20	100	8	1	80	0.0125000
NODE_119846_length_342_cov_3.674897	73	153	2	17	80	0.2125000
NODE_119846_length_342_cov_3.674897	73	153	4	11	80	0.1375000
NODE_119846_length_342_cov_3.674897	73	153	6	26	80	0.3250000
NODE_119846_length_342_cov_3.674897	73	153	8	26	80	0.3250000
NODE_119847_length_342_cov_3.588477	117	197	0	80	80	1.0000000
NODE_119849_length_342_cov_3.530864	72	151	0	8	79	0.1012658
NODE_119849_length_342_cov_3.530864	72	151	2	26	79	0.3291139
NODE_119849_length_342_cov_3.530864	72	151	3	23	79	0.2911392
NODE_119849_length_342_cov_3.530864	72	151	4	22	79	0.2784810
NODE_119852_length_342_cov_3.423868	172	252	2	4	80	0.0500000
NODE_119852_length_342_cov_3.423868	172	252	4	76	80	0.9500000
NODE_119852_length_342_cov_3.423868	225	283	0	12	58	0.2068966
NODE_119852_length_342_cov_3.423868	225	283	2	15	58	0.2586207
NODE_119852_length_342_cov_3.423868	225	283	4	31	58	0.5344828
NODE_119922_length_342_cov_2.432099	16	81	0	65	65	1.0000000
NODE_119993_length_342_cov_2.049383	249	317	0	68	68	1.0000000
NODE_120047_length_342_cov_1.864198	138	190	2	2	52	0.0384615
NODE_120047_length_342_cov_1.864198	138	190	6	50	52	0.9615384
NODE_120047_length_342_cov_1.864198	183	243	6	57	60	0.9500000
NODE_120047_length_342_cov_1.864198	183	243	8	3	60	0.0500000
NODE_120073_length_342_cov_1.720165	91	147	0	56	56	1.0000000
NODE_120284_length_342_cov_1.271605	201	240	0	39	39	1.0000000
NODE_120755_length_341_cov_15.896694	50	130	2	80	80	1.0000000
NODE_120755_length_341_cov_15.896694	103	183	0	43	80	0.5375000
NODE_120755_length_341_cov_15.896694	103	183	2	37	80	0.4625000
NODE_120757_length_341_cov_9.756198	117	196	0	79	79	1.0000000
NODE_120770_length_341_cov_5.404959	141	220	0	20	79	0.2531646
NODE_120770_length_341_cov_5.404959	141	220	2	47	79	0.5949367
NODE_120770_length_341_cov_5.404959	141	220	3	2	79	0.0253165
NODE_120770_length_341_cov_5.404959	141	220	4	10	79	0.1265823
NODE_120780_length_341_cov_4.669421	301	320	0	19	19	1.0000000
NODE_120783_length_341_cov_4.438017	57	132	0	75	75	1.0000000
NODE_120783_length_341_cov_4.438017	110	185	0	75	75	1.0000000
NODE_120785_length_341_cov_4.400826	164	244	0	80	80	1.0000000
NODE_120785_length_341_cov_4.400826	224	297	0	73	73	1.0000000
NODE_120797_length_341_cov_3.896694	58	122	0	27	64	0.4218750
NODE_120797_length_341_cov_3.896694	58	122	2	37	64	0.5781250
NODE_120805_length_341_cov_3.727273	191	273	2	82	82	1.0000000
NODE_120805_length_341_cov_3.727273	253	326	0	52	73	0.7123288
NODE_120805_length_341_cov_3.727273	253	326	2	21	73	0.2876712
NODE_120839_length_341_cov_3.000000	91	161	6	12	70	0.1714286
NODE_120839_length_341_cov_3.000000	91	161	8	58	70	0.8285714
NODE_120839_length_341_cov_3.000000	146	215	0	16	69	0.2318841
NODE_120839_length_341_cov_3.000000	146	215	2	16	69	0.2318841
NODE_120839_length_341_cov_3.000000	146	215	4	13	69	0.1884058
NODE_120839_length_341_cov_3.000000	146	215	6	16	69	0.2318841
NODE_120839_length_341_cov_3.000000	146	215	8	8	69	0.1159420
NODE_120840_length_341_cov_3.000000	127	207	0	80	80	1.0000000
NODE_120892_length_341_cov_2.533058	92	172	0	80	80	1.0000000
NODE_120901_length_341_cov_2.495868	8	89	0	81	81	1.0000000
NODE_120946_length_341_cov_2.235537	10	90	8	80	80	1.0000000
NODE_120972_length_341_cov_2.103306	46	125	2	29	79	0.3670886
NODE_120972_length_341_cov_2.103306	46	125	4	50	79	0.6329114
NODE_120994_length_341_cov_2.066116	147	184	5	37	37	1.0000000
NODE_121052_length_341_cov_1.772727	179	250	0	11	71	0.1549296
NODE_121052_length_341_cov_1.772727	179	250	2	60	71	0.8450704
NODE_121064_length_341_cov_1.727273	105	185	0	22	80	0.2750000
NODE_121064_length_341_cov_1.727273	105	185	2	56	80	0.7000000
NODE_121064_length_341_cov_1.727273	105	185	4	2	80	0.0250000
NODE_121160_length_341_cov_1.475207	120	185	4	65	65	1.0000000
NODE_121160_length_341_cov_1.475207	158	238	0	3	80	0.0375000
NODE_121160_length_341_cov_1.475207	158	238	1	22	80	0.2750000
NODE_121160_length_341_cov_1.475207	158	238	3	9	80	0.1125000
NODE_121160_length_341_cov_1.475207	158	238	4	46	80	0.5750000
NODE_121173_length_341_cov_1.471074	186	266	0	32	80	0.4000000
NODE_121173_length_341_cov_1.471074	186	266	2	48	80	0.6000000
NODE_121173_length_341_cov_1.471074	239	319	0	80	80	1.0000000
NODE_121211_length_341_cov_1.342975	284	322	2	38	38	1.0000000
NODE_121431_length_341_cov_0.991736	36	89	2	53	53	1.0000000
NODE_121693_length_340_cov_541.348548	86	144	207	1	58	0.0172414
NODE_121693_length_340_cov_541.348548	86	144	208	1	58	0.0172414
NODE_121693_length_340_cov_541.348548	86	144	212	1	58	0.0172414
NODE_121693_length_340_cov_541.348548	86	144	214	1	58	0.0172414
NODE_121693_length_340_cov_541.348548	86	144	217	2	58	0.0344828
NODE_121693_length_340_cov_541.348548	86	144	221	1	58	0.0172414
NODE_121693_length_340_cov_541.348548	86	144	223	1	58	0.0172414
NODE_121693_length_340_cov_541.348548	86	144	228	1	58	0.0172414
NODE_121693_length_340_cov_541.348548	86	144	230	1	58	0.0172414
NODE_121693_length_340_cov_541.348548	86	144	234	1	58	0.0172414
NODE_121693_length_340_cov_541.348548	86	144	238	1	58	0.0172414
NODE_121693_length_340_cov_541.348548	86	144	242	1	58	0.0172414
NODE_121693_length_340_cov_541.348548	86	144	246	1	58	0.0172414
NODE_121693_length_340_cov_541.348548	86	144	252	1	58	0.0172414
NODE_121693_length_340_cov_541.348548	86	144	259	1	58	0.0172414
NODE_121693_length_340_cov_541.348548	86	144	262	1	58	0.0172414
NODE_121693_length_340_cov_541.348548	86	144	263	1	58	0.0172414
NODE_121693_length_340_cov_541.348548	86	144	273	1	58	0.0172414
NODE_121693_length_340_cov_541.348548	86	144	275	2	58	0.0344828
NODE_121693_length_340_cov_541.348548	86	144	279	1	58	0.0172414
NODE_121693_length_340_cov_541.348548	86	144	281	1	58	0.0172414
NODE_121693_length_340_cov_541.348548	86	144	283	2	58	0.0344828
NODE_121693_length_340_cov_541.348548	86	144	287	1	58	0.0172414
NODE_121693_length_340_cov_541.348548	86	144	290	1	58	0.0172414
NODE_121693_length_340_cov_541.348548	86	144	294	1	58	0.0172414
NODE_121693_length_340_cov_541.348548	86	144	299	1	58	0.0172414
NODE_121693_length_340_cov_541.348548	86	144	302	1	58	0.0172414
NODE_121693_length_340_cov_541.348548	86	144	308	2	58	0.0344828
NODE_121693_length_340_cov_541.348548	86	144	309	3	58	0.0517241
NODE_121693_length_340_cov_541.348548	86	144	313	4	58	0.0689655
NODE_121693_length_340_cov_541.348548	86	144	314	1	58	0.0172414
NODE_121693_length_340_cov_541.348548	86	144	315	6	58	0.1034483
NODE_121693_length_340_cov_541.348548	86	144	316	1	58	0.0172414
NODE_121693_length_340_cov_541.348548	86	144	317	1	58	0.0172414
NODE_121693_length_340_cov_541.348548	86	144	319	3	58	0.0517241
NODE_121693_length_340_cov_541.348548	86	144	321	1	58	0.0172414
NODE_121693_length_340_cov_541.348548	86	144	326	4	58	0.0689655
NODE_121693_length_340_cov_541.348548	86	144	328	1	58	0.0172414
NODE_121693_length_340_cov_541.348548	86	144	330	1	58	0.0172414
NODE_121693_length_340_cov_541.348548	86	154	207	1	68	0.0147059
NODE_121693_length_340_cov_541.348548	86	154	208	1	68	0.0147059
NODE_121693_length_340_cov_541.348548	86	154	212	1	68	0.0147059
NODE_121693_length_340_cov_541.348548	86	154	214	1	68	0.0147059
NODE_121693_length_340_cov_541.348548	86	154	217	2	68	0.0294118
NODE_121693_length_340_cov_541.348548	86	154	221	1	68	0.0147059
NODE_121693_length_340_cov_541.348548	86	154	223	1	68	0.0147059
NODE_121693_length_340_cov_541.348548	86	154	228	1	68	0.0147059
NODE_121693_length_340_cov_541.348548	86	154	230	1	68	0.0147059
NODE_121693_length_340_cov_541.348548	86	154	234	1	68	0.0147059
NODE_121693_length_340_cov_541.348548	86	154	238	1	68	0.0147059
NODE_121693_length_340_cov_541.348548	86	154	242	1	68	0.0147059
NODE_121693_length_340_cov_541.348548	86	154	246	1	68	0.0147059
NODE_121693_length_340_cov_541.348548	86	154	252	1	68	0.0147059
NODE_121693_length_340_cov_541.348548	86	154	259	1	68	0.0147059
NODE_121693_length_340_cov_541.348548	86	154	262	1	68	0.0147059
NODE_121693_length_340_cov_541.348548	86	154	263	1	68	0.0147059
NODE_121693_length_340_cov_541.348548	86	154	273	1	68	0.0147059
NODE_121693_length_340_cov_541.348548	86	154	275	2	68	0.0294118
NODE_121693_length_340_cov_541.348548	86	154	279	1	68	0.0147059
NODE_121693_length_340_cov_541.348548	86	154	281	1	68	0.0147059
NODE_121693_length_340_cov_541.348548	86	154	283	2	68	0.0294118
NODE_121693_length_340_cov_541.348548	86	154	287	1	68	0.0147059
NODE_121693_length_340_cov_541.348548	86	154	290	1	68	0.0147059
NODE_121693_length_340_cov_541.348548	86	154	294	1	68	0.0147059
NODE_121693_length_340_cov_541.348548	86	154	299	1	68	0.0147059
NODE_121693_length_340_cov_541.348548	86	154	302	1	68	0.0147059
NODE_121693_length_340_cov_541.348548	86	154	308	2	68	0.0294118
NODE_121693_length_340_cov_541.348548	86	154	309	3	68	0.0441176
NODE_121693_length_340_cov_541.348548	86	154	313	4	68	0.0588235
NODE_121693_length_340_cov_541.348548	86	154	314	1	68	0.0147059
NODE_121693_length_340_cov_541.348548	86	154	315	6	68	0.0882353
NODE_121693_length_340_cov_541.348548	86	154	316	1	68	0.0147059
NODE_121693_length_340_cov_541.348548	86	154	317	1	68	0.0147059
NODE_121693_length_340_cov_541.348548	86	154	319	4	68	0.0588235
NODE_121693_length_340_cov_541.348548	86	154	320	1	68	0.0147059
NODE_121693_length_340_cov_541.348548	86	154	321	1	68	0.0147059
NODE_121693_length_340_cov_541.348548	86	154	322	1	68	0.0147059
NODE_121693_length_340_cov_541.348548	86	154	323	1	68	0.0147059
NODE_121693_length_340_cov_541.348548	86	154	326	5	68	0.0735294
NODE_121693_length_340_cov_541.348548	86	154	328	1	68	0.0147059
NODE_121693_length_340_cov_541.348548	86	154	330	1	68	0.0147059
NODE_121693_length_340_cov_541.348548	86	154	331	4	68	0.0588235
NODE_121693_length_340_cov_541.348548	86	154	333	1	68	0.0147059
NODE_121693_length_340_cov_541.348548	86	107	207	1	21	0.0476190
NODE_121693_length_340_cov_541.348548	86	107	208	1	21	0.0476190
NODE_121693_length_340_cov_541.348548	86	107	212	1	21	0.0476190
NODE_121693_length_340_cov_541.348548	86	107	214	1	21	0.0476190
NODE_121693_length_340_cov_541.348548	86	107	217	2	21	0.0952381
NODE_121693_length_340_cov_541.348548	86	107	221	1	21	0.0476190
NODE_121693_length_340_cov_541.348548	86	107	223	1	21	0.0476190
NODE_121693_length_340_cov_541.348548	86	107	228	1	21	0.0476190
NODE_121693_length_340_cov_541.348548	86	107	230	1	21	0.0476190
NODE_121693_length_340_cov_541.348548	86	107	234	1	21	0.0476190
NODE_121693_length_340_cov_541.348548	86	107	238	1	21	0.0476190
NODE_121693_length_340_cov_541.348548	86	107	242	1	21	0.0476190
NODE_121693_length_340_cov_541.348548	86	107	246	1	21	0.0476190
NODE_121693_length_340_cov_541.348548	86	107	252	1	21	0.0476190
NODE_121693_length_340_cov_541.348548	86	107	259	1	21	0.0476190
NODE_121693_length_340_cov_541.348548	86	107	262	1	21	0.0476190
NODE_121693_length_340_cov_541.348548	86	107	263	1	21	0.0476190
NODE_121693_length_340_cov_541.348548	86	107	273	1	21	0.0476190
NODE_121693_length_340_cov_541.348548	86	107	275	2	21	0.0952381
NODE_121694_length_340_cov_50.755187	196	266	27	8	70	0.1142857
NODE_121694_length_340_cov_50.755187	196	266	29	2	70	0.0285714
NODE_121694_length_340_cov_50.755187	196	266	33	13	70	0.1857143
NODE_121694_length_340_cov_50.755187	196	266	35	13	70	0.1857143
NODE_121694_length_340_cov_50.755187	196	266	37	34	70	0.4857143
NODE_121696_length_340_cov_8.917012	240	270	4	30	30	1.0000000
NODE_121696_length_340_cov_8.917012	243	315	2	36	72	0.5000000
NODE_121696_length_340_cov_8.917012	243	315	4	36	72	0.5000000
NODE_121702_length_340_cov_6.439834	175	255	0	1	80	0.0125000
NODE_121702_length_340_cov_6.439834	175	255	2	79	80	0.9875000
NODE_121702_length_340_cov_6.439834	228	310	0	38	82	0.4634146
NODE_121702_length_340_cov_6.439834	228	310	2	44	82	0.5365854
NODE_121708_length_340_cov_5.883817	72	121	2	17	49	0.3469388
NODE_121708_length_340_cov_5.883817	72	121	4	32	49	0.6530612
NODE_121708_length_340_cov_5.883817	82	113	2	1	31	0.0322581
NODE_121708_length_340_cov_5.883817	82	113	4	30	31	0.9677419
NODE_121714_length_340_cov_5.228216	116	186	2	7	70	0.1000000
NODE_121714_length_340_cov_5.228216	116	186	4	48	70	0.6857143
NODE_121714_length_340_cov_5.228216	116	186	6	15	70	0.2142857
NODE_121714_length_340_cov_5.228216	159	201	0	7	42	0.1666667
NODE_121714_length_340_cov_5.228216	159	201	2	15	42	0.3571429
NODE_121714_length_340_cov_5.228216	159	201	4	20	42	0.4761905
NODE_121730_length_340_cov_4.497925	136	184	0	48	48	1.0000000
NODE_121752_length_340_cov_3.759336	88	169	2	20	81	0.2469136
NODE_121752_length_340_cov_3.759336	88	169	4	61	81	0.7530864
NODE_121849_length_340_cov_2.506224	68	114	0	46	46	1.0000000
NODE_121951_length_340_cov_1.995851	29	101	0	72	72	1.0000000
NODE_121951_length_340_cov_1.995851	96	143	0	47	47	1.0000000
NODE_122154_length_340_cov_1.427386	244	274	6	30	30	1.0000000
NODE_122218_length_340_cov_1.282158	71	135	0	14	64	0.2187500
NODE_122218_length_340_cov_1.282158	71	135	4	10	64	0.1562500
NODE_122218_length_340_cov_1.282158	71	135	6	40	64	0.6250000
NODE_122218_length_340_cov_1.282158	128	188	6	60	60	1.0000000
NODE_122218_length_340_cov_1.282158	142	189	6	47	47	1.0000000
NODE_122220_length_340_cov_1.278008	51	102	2	36	51	0.7058824
NODE_122220_length_340_cov_1.278008	51	102	4	15	51	0.2941177
NODE_122321_length_340_cov_1.199170	98	160	0	62	62	1.0000000
NODE_122381_length_340_cov_1.070539	32	65	0	33	33	1.0000000
NODE_122429_length_340_cov_1.020747	209	228	0	19	19	1.0000000
NODE_122686_length_339_cov_87.841667	149	227	42	1	78	0.0128205
NODE_122686_length_339_cov_87.841667	149	227	44	1	78	0.0128205
NODE_122686_length_339_cov_87.841667	149	227	48	2	78	0.0256410
NODE_122686_length_339_cov_87.841667	149	227	52	1	78	0.0128205
NODE_122686_length_339_cov_87.841667	149	227	54	1	78	0.0128205
NODE_122686_length_339_cov_87.841667	149	227	56	1	78	0.0128205
NODE_122686_length_339_cov_87.841667	149	227	58	6	78	0.0769231
NODE_122686_length_339_cov_87.841667	149	227	59	1	78	0.0128205
NODE_122686_length_339_cov_87.841667	149	227	60	1	78	0.0128205
NODE_122686_length_339_cov_87.841667	149	227	63	3	78	0.0384615
NODE_122686_length_339_cov_87.841667	149	227	64	4	78	0.0512821
NODE_122686_length_339_cov_87.841667	149	227	66	4	78	0.0512821
NODE_122686_length_339_cov_87.841667	149	227	67	1	78	0.0128205
NODE_122686_length_339_cov_87.841667	149	227	68	3	78	0.0384615
NODE_122686_length_339_cov_87.841667	149	227	69	4	78	0.0512821
NODE_122686_length_339_cov_87.841667	149	227	70	7	78	0.0897436
NODE_122686_length_339_cov_87.841667	149	227	71	3	78	0.0384615
NODE_122686_length_339_cov_87.841667	149	227	72	9	78	0.1153846
NODE_122686_length_339_cov_87.841667	149	227	73	12	78	0.1538462
NODE_122686_length_339_cov_87.841667	149	227	74	1	78	0.0128205
NODE_122686_length_339_cov_87.841667	149	227	75	6	78	0.0769231
NODE_122686_length_339_cov_87.841667	149	227	76	1	78	0.0128205
NODE_122686_length_339_cov_87.841667	149	227	78	5	78	0.0641026
NODE_122687_length_339_cov_14.304167	69	138	0	21	69	0.3043478
NODE_122687_length_339_cov_14.304167	69	138	2	2	69	0.0289855
NODE_122687_length_339_cov_14.304167	69	138	3	26	69	0.3768116
NODE_122687_length_339_cov_14.304167	69	138	5	20	69	0.2898551
NODE_122687_length_339_cov_14.304167	69	138	0	21	69	0.3043478
NODE_122687_length_339_cov_14.304167	69	138	2	2	69	0.0289855
NODE_122687_length_339_cov_14.304167	69	138	3	26	69	0.3768116
NODE_122687_length_339_cov_14.304167	69	138	5	20	69	0.2898551
NODE_122687_length_339_cov_14.304167	69	138	0	21	69	0.3043478
NODE_122687_length_339_cov_14.304167	69	138	2	2	69	0.0289855
NODE_122687_length_339_cov_14.304167	69	138	3	26	69	0.3768116
NODE_122687_length_339_cov_14.304167	69	138	5	20	69	0.2898551
NODE_122687_length_339_cov_14.304167	88	138	0	2	50	0.0400000
NODE_122687_length_339_cov_14.304167	88	138	2	2	50	0.0400000
NODE_122687_length_339_cov_14.304167	88	138	3	26	50	0.5200000
NODE_122687_length_339_cov_14.304167	88	138	5	20	50	0.4000000
NODE_122687_length_339_cov_14.304167	111	160	3	7	49	0.1428571
NODE_122687_length_339_cov_14.304167	111	160	5	42	49	0.8571429
NODE_122727_length_339_cov_4.320833	187	267	10	24	80	0.3000000
NODE_122727_length_339_cov_4.320833	187	267	12	56	80	0.7000000
NODE_122804_length_339_cov_2.754167	45	125	0	80	80	1.0000000
NODE_122971_length_339_cov_1.841667	265	312	0	21	47	0.4468085
NODE_122971_length_339_cov_1.841667	265	312	2	26	47	0.5531915
NODE_123041_length_339_cov_1.662500	10	57	0	47	47	1.0000000
NODE_123182_length_339_cov_1.275000	247	312	0	65	65	1.0000000
NODE_123285_length_339_cov_1.070833	147	169	0	22	22	1.0000000
NODE_123633_length_338_cov_57.163180	59	120	0	61	61	1.0000000
NODE_123633_length_338_cov_57.163180	102	176	0	74	74	1.0000000
NODE_123674_length_338_cov_4.263598	113	165	0	52	52	1.0000000
NODE_123679_length_338_cov_4.079498	96	151	0	55	55	1.0000000
NODE_123689_length_338_cov_3.841004	122	149	0	27	27	1.0000000
NODE_123793_length_338_cov_2.393305	216	288	8	72	72	1.0000000
NODE_123795_length_338_cov_2.380753	29	93	0	64	64	1.0000000
NODE_123919_length_338_cov_1.878661	146	232	0	55	86	0.6395349
NODE_123919_length_338_cov_1.878661	146	232	4	31	86	0.3604651
NODE_123944_length_338_cov_1.740586	79	159	0	80	80	1.0000000
NODE_123946_length_338_cov_1.732218	216	257	0	41	41	1.0000000
NODE_124046_length_338_cov_1.493724	14	90	0	76	76	1.0000000
NODE_124247_length_338_cov_1.100418	265	333	0	68	68	1.0000000
NODE_124456_length_338_cov_0.849372	281	338	0	13	57	0.2280702
NODE_124456_length_338_cov_0.849372	281	338	2	44	57	0.7719298
NODE_124533_length_338_cov_0.711297	188	263	2	22	75	0.2933333
NODE_124533_length_338_cov_0.711297	188	263	4	53	75	0.7066666
NODE_124625_length_337_cov_468.180672	107	187	34	3	80	0.0375000
NODE_124625_length_337_cov_468.180672	107	187	40	4	80	0.0500000
NODE_124625_length_337_cov_468.180672	107	187	41	2	80	0.0250000
NODE_124625_length_337_cov_468.180672	107	187	42	1	80	0.0125000
NODE_124625_length_337_cov_468.180672	107	187	43	2	80	0.0250000
NODE_124625_length_337_cov_468.180672	107	187	44	1	80	0.0125000
NODE_124625_length_337_cov_468.180672	107	187	45	4	80	0.0500000
NODE_124625_length_337_cov_468.180672	107	187	46	11	80	0.1375000
NODE_124625_length_337_cov_468.180672	107	187	47	2	80	0.0250000
NODE_124625_length_337_cov_468.180672	107	187	48	4	80	0.0500000
NODE_124625_length_337_cov_468.180672	107	187	49	6	80	0.0750000
NODE_124625_length_337_cov_468.180672	107	187	50	5	80	0.0625000
NODE_124625_length_337_cov_468.180672	107	187	53	7	80	0.0875000
NODE_124625_length_337_cov_468.180672	107	187	54	28	80	0.3500000
NODE_124625_length_337_cov_468.180672	160	230	14	4	70	0.0571429
NODE_124625_length_337_cov_468.180672	160	230	15	3	70	0.0428571
NODE_124625_length_337_cov_468.180672	160	230	16	2	70	0.0285714
NODE_124625_length_337_cov_468.180672	160	230	18	3	70	0.0428571
NODE_124625_length_337_cov_468.180672	160	230	19	1	70	0.0142857
NODE_124625_length_337_cov_468.180672	160	230	22	5	70	0.0714286
NODE_124625_length_337_cov_468.180672	160	230	26	1	70	0.0142857
NODE_124625_length_337_cov_468.180672	160	230	27	5	70	0.0714286
NODE_124625_length_337_cov_468.180672	160	230	28	7	70	0.1000000
NODE_124625_length_337_cov_468.180672	160	230	29	5	70	0.0714286
NODE_124625_length_337_cov_468.180672	160	230	30	2	70	0.0285714
NODE_124625_length_337_cov_468.180672	160	230	34	4	70	0.0571429
NODE_124625_length_337_cov_468.180672	160	230	35	2	70	0.0285714
NODE_124625_length_337_cov_468.180672	160	230	37	1	70	0.0142857
NODE_124625_length_337_cov_468.180672	160	230	39	1	70	0.0142857
NODE_124625_length_337_cov_468.180672	160	230	40	4	70	0.0571429
NODE_124625_length_337_cov_468.180672	160	230	41	2	70	0.0285714
NODE_124625_length_337_cov_468.180672	160	230	42	1	70	0.0142857
NODE_124625_length_337_cov_468.180672	160	230	43	2	70	0.0285714
NODE_124625_length_337_cov_468.180672	160	230	44	1	70	0.0142857
NODE_124625_length_337_cov_468.180672	160	230	45	4	70	0.0571429
NODE_124625_length_337_cov_468.180672	160	230	46	8	70	0.1142857
NODE_124625_length_337_cov_468.180672	160	230	47	2	70	0.0285714
NODE_124625_length_337_cov_468.180672	226	306	35	2	80	0.0250000
NODE_124625_length_337_cov_468.180672	226	306	36	6	80	0.0750000
NODE_124625_length_337_cov_468.180672	226	306	37	1	80	0.0125000
NODE_124625_length_337_cov_468.180672	226	306	38	1	80	0.0125000
NODE_124625_length_337_cov_468.180672	226	306	39	5	80	0.0625000
NODE_124625_length_337_cov_468.180672	226	306	40	40	80	0.5000000
NODE_124625_length_337_cov_468.180672	226	306	41	19	80	0.2375000
NODE_124625_length_337_cov_468.180672	226	306	42	4	80	0.0500000
NODE_124625_length_337_cov_468.180672	226	306	43	2	80	0.0250000
NODE_124625_length_337_cov_468.180672	279	337	12	8	58	0.1379310
NODE_124625_length_337_cov_468.180672	279	337	14	3	58	0.0517241
NODE_124625_length_337_cov_468.180672	279	337	16	1	58	0.0172414
NODE_124625_length_337_cov_468.180672	279	337	23	2	58	0.0344828
NODE_124625_length_337_cov_468.180672	279	337	26	2	58	0.0344828
NODE_124625_length_337_cov_468.180672	279	337	29	3	58	0.0517241
NODE_124625_length_337_cov_468.180672	279	337	31	3	58	0.0517241
NODE_124625_length_337_cov_468.180672	279	337	32	3	58	0.0517241
NODE_124625_length_337_cov_468.180672	279	337	34	3	58	0.0517241
NODE_124625_length_337_cov_468.180672	279	337	36	9	58	0.1551724
NODE_124625_length_337_cov_468.180672	279	337	38	1	58	0.0172414
NODE_124625_length_337_cov_468.180672	279	337	40	20	58	0.3448276
NODE_124626_length_337_cov_91.344538	1	50	5	2	49	0.0408163
NODE_124626_length_337_cov_91.344538	1	50	6	3	49	0.0612245
NODE_124626_length_337_cov_91.344538	1	50	8	4	49	0.0816327
NODE_124626_length_337_cov_91.344538	1	50	10	3	49	0.0612245
NODE_124626_length_337_cov_91.344538	1	50	11	3	49	0.0612245
NODE_124626_length_337_cov_91.344538	1	50	12	1	49	0.0204082
NODE_124626_length_337_cov_91.344538	1	50	14	3	49	0.0612245
NODE_124626_length_337_cov_91.344538	1	50	16	1	49	0.0204082
NODE_124626_length_337_cov_91.344538	1	50	18	1	49	0.0204082
NODE_124626_length_337_cov_91.344538	1	50	20	1	49	0.0204082
NODE_124626_length_337_cov_91.344538	1	50	26	4	49	0.0816327
NODE_124626_length_337_cov_91.344538	1	50	28	5	49	0.1020408
NODE_124626_length_337_cov_91.344538	1	50	30	2	49	0.0408163
NODE_124626_length_337_cov_91.344538	1	50	32	2	49	0.0408163
NODE_124626_length_337_cov_91.344538	1	50	34	2	49	0.0408163
NODE_124626_length_337_cov_91.344538	1	50	38	2	49	0.0408163
NODE_124626_length_337_cov_91.344538	1	50	42	1	49	0.0204082
NODE_124626_length_337_cov_91.344538	1	50	46	1	49	0.0204082
NODE_124626_length_337_cov_91.344538	1	50	47	3	49	0.0612245
NODE_124626_length_337_cov_91.344538	1	50	49	3	49	0.0612245
NODE_124626_length_337_cov_91.344538	1	50	55	2	49	0.0408163
NODE_124626_length_337_cov_91.344538	23	103	26	4	80	0.0500000
NODE_124626_length_337_cov_91.344538	23	103	28	5	80	0.0625000
NODE_124626_length_337_cov_91.344538	23	103	30	2	80	0.0250000
NODE_124626_length_337_cov_91.344538	23	103	32	2	80	0.0250000
NODE_124626_length_337_cov_91.344538	23	103	34	2	80	0.0250000
NODE_124626_length_337_cov_91.344538	23	103	38	2	80	0.0250000
NODE_124626_length_337_cov_91.344538	23	103	42	1	80	0.0125000
NODE_124626_length_337_cov_91.344538	23	103	46	1	80	0.0125000
NODE_124626_length_337_cov_91.344538	23	103	47	3	80	0.0375000
NODE_124626_length_337_cov_91.344538	23	103	49	3	80	0.0375000
NODE_124626_length_337_cov_91.344538	23	103	55	3	80	0.0375000
NODE_124626_length_337_cov_91.344538	23	103	57	4	80	0.0500000
NODE_124626_length_337_cov_91.344538	23	103	59	2	80	0.0250000
NODE_124626_length_337_cov_91.344538	23	103	61	14	80	0.1750000
NODE_124626_length_337_cov_91.344538	23	103	62	9	80	0.1125000
NODE_124626_length_337_cov_91.344538	23	103	63	4	80	0.0500000
NODE_124626_length_337_cov_91.344538	23	103	64	19	80	0.2375000
NODE_124627_length_337_cov_73.352941	71	151	0	27	80	0.3375000
NODE_124627_length_337_cov_73.352941	71	151	2	53	80	0.6625000
NODE_124627_length_337_cov_73.352941	124	204	0	26	80	0.3250000
NODE_124627_length_337_cov_73.352941	124	204	2	54	80	0.6750000
NODE_124629_length_337_cov_46.978992	220	305	29	19	85	0.2235294
NODE_124629_length_337_cov_46.978992	220	305	33	1	85	0.0117647
NODE_124629_length_337_cov_46.978992	220	305	34	2	85	0.0235294
NODE_124629_length_337_cov_46.978992	220	305	38	1	85	0.0117647
NODE_124629_length_337_cov_46.978992	220	305	39	6	85	0.0705882
NODE_124629_length_337_cov_46.978992	220	305	41	14	85	0.1647059
NODE_124629_length_337_cov_46.978992	220	305	42	42	85	0.4941176
NODE_124629_length_337_cov_46.978992	220	305	29	19	85	0.2235294
NODE_124629_length_337_cov_46.978992	220	305	33	1	85	0.0117647
NODE_124629_length_337_cov_46.978992	220	305	34	2	85	0.0235294
NODE_124629_length_337_cov_46.978992	220	305	38	1	85	0.0117647
NODE_124629_length_337_cov_46.978992	220	305	39	6	85	0.0705882
NODE_124629_length_337_cov_46.978992	220	305	41	14	85	0.1647059
NODE_124629_length_337_cov_46.978992	220	305	42	42	85	0.4941176
NODE_124629_length_337_cov_46.978992	220	305	29	19	85	0.2235294
NODE_124629_length_337_cov_46.978992	220	305	33	1	85	0.0117647
NODE_124629_length_337_cov_46.978992	220	305	34	2	85	0.0235294
NODE_124629_length_337_cov_46.978992	220	305	38	1	85	0.0117647
NODE_124629_length_337_cov_46.978992	220	305	39	6	85	0.0705882
NODE_124629_length_337_cov_46.978992	220	305	41	14	85	0.1647059
NODE_124629_length_337_cov_46.978992	220	305	42	42	85	0.4941176
NODE_124629_length_337_cov_46.978992	278	327	17	6	49	0.1224490
NODE_124629_length_337_cov_46.978992	278	327	19	4	49	0.0816327
NODE_124629_length_337_cov_46.978992	278	327	21	12	49	0.2448980
NODE_124629_length_337_cov_46.978992	278	327	29	19	49	0.3877551
NODE_124629_length_337_cov_46.978992	278	327	33	1	49	0.0204082
NODE_124629_length_337_cov_46.978992	278	327	34	2	49	0.0408163
NODE_124629_length_337_cov_46.978992	278	327	38	1	49	0.0204082
NODE_124629_length_337_cov_46.978992	278	327	39	4	49	0.0816327
NODE_124629_length_337_cov_46.978992	278	337	0	2	59	0.0338983
NODE_124629_length_337_cov_46.978992	278	337	10	4	59	0.0677966
NODE_124629_length_337_cov_46.978992	278	337	12	4	59	0.0677966
NODE_124629_length_337_cov_46.978992	278	337	17	6	59	0.1016949
NODE_124629_length_337_cov_46.978992	278	337	19	4	59	0.0677966
NODE_124629_length_337_cov_46.978992	278	337	21	12	59	0.2033898
NODE_124629_length_337_cov_46.978992	278	337	29	19	59	0.3220339
NODE_124629_length_337_cov_46.978992	278	337	33	1	59	0.0169492
NODE_124629_length_337_cov_46.978992	278	337	34	2	59	0.0338983
NODE_124629_length_337_cov_46.978992	278	337	38	1	59	0.0169492
NODE_124629_length_337_cov_46.978992	278	337	39	4	59	0.0677966
NODE_124629_length_337_cov_46.978992	283	337	0	2	54	0.0370370
NODE_124629_length_337_cov_46.978992	283	337	10	4	54	0.0740741
NODE_124629_length_337_cov_46.978992	283	337	12	4	54	0.0740741
NODE_124629_length_337_cov_46.978992	283	337	17	6	54	0.1111111
NODE_124629_length_337_cov_46.978992	283	337	19	4	54	0.0740741
NODE_124629_length_337_cov_46.978992	283	337	21	12	54	0.2222222
NODE_124629_length_337_cov_46.978992	283	337	29	19	54	0.3518519
NODE_124629_length_337_cov_46.978992	283	337	33	1	54	0.0185185
NODE_124629_length_337_cov_46.978992	283	337	34	2	54	0.0370370
NODE_124640_length_337_cov_6.214286	52	95	0	43	43	1.0000000
NODE_124669_length_337_cov_4.298319	5	58	0	53	53	1.0000000
NODE_124703_length_337_cov_3.478992	179	259	8	8	80	0.1000000
NODE_124703_length_337_cov_3.478992	179	259	10	12	80	0.1500000
NODE_124703_length_337_cov_3.478992	179	259	22	4	80	0.0500000
NODE_124703_length_337_cov_3.478992	179	259	23	18	80	0.2250000
NODE_124703_length_337_cov_3.478992	179	259	24	3	80	0.0375000
NODE_124703_length_337_cov_3.478992	179	259	25	16	80	0.2000000
NODE_124703_length_337_cov_3.478992	179	259	27	2	80	0.0250000
NODE_124703_length_337_cov_3.478992	179	259	29	17	80	0.2125000
NODE_124703_length_337_cov_3.478992	232	307	4	1	75	0.0133333
NODE_124703_length_337_cov_3.478992	232	307	6	5	75	0.0666667
NODE_124703_length_337_cov_3.478992	232	307	8	50	75	0.6666667
NODE_124703_length_337_cov_3.478992	232	307	10	12	75	0.1600000
NODE_124703_length_337_cov_3.478992	232	307	22	4	75	0.0533333
NODE_124703_length_337_cov_3.478992	232	307	29	3	75	0.0400000
NODE_124759_length_337_cov_2.647059	80	146	0	65	66	0.9848485
NODE_124759_length_337_cov_2.647059	80	146	2	1	66	0.0151515
NODE_124858_length_337_cov_2.121849	23	103	0	11	80	0.1375000
NODE_124858_length_337_cov_2.121849	23	103	4	13	80	0.1625000
NODE_124858_length_337_cov_2.121849	23	103	5	6	80	0.0750000
NODE_124858_length_337_cov_2.121849	23	103	6	50	80	0.6250000
NODE_124858_length_337_cov_2.121849	76	141	6	65	65	1.0000000
NODE_125001_length_337_cov_1.689076	138	218	0	15	80	0.1875000
NODE_125001_length_337_cov_1.689076	138	218	2	65	80	0.8125000
NODE_125024_length_337_cov_1.592437	109	151	0	42	42	1.0000000
NODE_125024_length_337_cov_1.592437	126	204	0	78	78	1.0000000
NODE_125074_length_337_cov_1.466387	266	332	0	66	66	1.0000000
NODE_125271_length_337_cov_1.071429	279	319	0	4	40	0.1000000
NODE_125271_length_337_cov_1.071429	279	319	2	36	40	0.9000000
NODE_125332_length_337_cov_0.978992	227	272	0	45	45	1.0000000
NODE_125633_length_336_cov_7.843882	151	231	0	80	80	1.0000000
NODE_125645_length_336_cov_5.578059	159	220	4	61	61	1.0000000
NODE_125645_length_336_cov_5.578059	212	273	0	29	61	0.4754098
NODE_125645_length_336_cov_5.578059	212	273	2	7	61	0.1147541
NODE_125645_length_336_cov_5.578059	212	273	4	25	61	0.4098361
NODE_125663_length_336_cov_4.481013	129	207	0	78	78	1.0000000
NODE_125752_length_336_cov_2.755274	83	112	0	29	29	1.0000000
NODE_125752_length_336_cov_2.755274	187	268	0	47	81	0.5802469
NODE_125752_length_336_cov_2.755274	187	268	4	34	81	0.4197531
NODE_125806_length_336_cov_2.358650	60	133	0	73	73	1.0000000
NODE_125811_length_336_cov_2.337553	93	173	2	80	80	1.0000000
NODE_125965_length_336_cov_1.729958	78	141	0	63	63	1.0000000
NODE_125965_length_336_cov_1.729958	131	194	0	63	63	1.0000000
NODE_126134_length_336_cov_1.333333	34	114	0	80	80	1.0000000
NODE_126134_length_336_cov_1.333333	87	124	0	37	37	1.0000000
NODE_126134_length_336_cov_1.333333	182	213	0	31	31	1.0000000
NODE_126216_length_336_cov_1.244726	222	276	0	54	54	1.0000000
NODE_126216_length_336_cov_1.244726	288	312	0	24	24	1.0000000
NODE_126260_length_336_cov_1.143460	129	154	0	25	25	1.0000000
NODE_126545_length_336_cov_0.670886	259	288	0	29	29	1.0000000
NODE_126606_length_335_cov_16.114407	162	242	0	80	80	1.0000000
NODE_126606_length_335_cov_16.114407	215	295	0	80	80	1.0000000
NODE_126609_length_335_cov_9.258475	177	250	0	73	73	1.0000000
NODE_126614_length_335_cov_7.207627	29	109	2	6	80	0.0750000
NODE_126614_length_335_cov_7.207627	29	109	4	74	80	0.9250000
NODE_126614_length_335_cov_7.207627	82	162	0	11	80	0.1375000
NODE_126614_length_335_cov_7.207627	82	162	2	28	80	0.3500000
NODE_126614_length_335_cov_7.207627	82	162	4	41	80	0.5125000
NODE_126636_length_335_cov_5.046610	182	263	0	29	81	0.3580247
NODE_126636_length_335_cov_5.046610	182	263	2	16	81	0.1975309
NODE_126636_length_335_cov_5.046610	182	263	4	33	81	0.4074074
NODE_126636_length_335_cov_5.046610	182	263	6	3	81	0.0370370
NODE_126639_length_335_cov_4.995763	144	215	0	6	71	0.0845070
NODE_126639_length_335_cov_4.995763	144	215	2	65	71	0.9154930
NODE_126665_length_335_cov_3.923729	163	231	0	68	68	1.0000000
NODE_126787_length_335_cov_2.411017	230	294	0	20	64	0.3125000
NODE_126787_length_335_cov_2.411017	230	294	2	44	64	0.6875000
NODE_126791_length_335_cov_2.402542	164	240	2	25	76	0.3289474
NODE_126791_length_335_cov_2.402542	164	240	4	10	76	0.1315790
NODE_126791_length_335_cov_2.402542	164	240	6	2	76	0.0263158
NODE_126791_length_335_cov_2.402542	164	240	8	2	76	0.0263158
NODE_126791_length_335_cov_2.402542	164	240	12	37	76	0.4868421
NODE_126792_length_335_cov_2.398305	116	179	0	2	63	0.0317460
NODE_126792_length_335_cov_2.398305	116	179	2	61	63	0.9682540
NODE_126826_length_335_cov_2.161017	82	141	0	59	59	1.0000000
NODE_126835_length_335_cov_2.152542	61	134	0	10	73	0.1369863
NODE_126835_length_335_cov_2.152542	61	134	2	10	73	0.1369863
NODE_126835_length_335_cov_2.152542	61	134	4	53	73	0.7260274
NODE_126835_length_335_cov_2.152542	114	134	0	10	20	0.5000000
NODE_126835_length_335_cov_2.152542	114	134	2	10	20	0.5000000
NODE_126920_length_335_cov_1.766949	257	330	8	73	73	1.0000000
NODE_126920_length_335_cov_1.766949	297	335	6	3	38	0.0789474
NODE_126920_length_335_cov_1.766949	297	335	8	35	38	0.9210526
NODE_127022_length_335_cov_1.529661	255	320	2	65	65	1.0000000
NODE_127023_length_335_cov_1.525424	222	266	5	5	44	0.1136364
NODE_127023_length_335_cov_1.525424	222	266	6	39	44	0.8863636
NODE_127062_length_335_cov_1.457627	38	87	0	1	49	0.0204082
NODE_127062_length_335_cov_1.457627	38	87	4	48	49	0.9795918
NODE_127130_length_335_cov_1.296610	291	311	0	20	20	1.0000000
NODE_127130_length_335_cov_1.296610	291	311	0	20	20	1.0000000
NODE_127143_length_335_cov_1.292373	202	232	0	30	30	1.0000000
NODE_127200_length_335_cov_1.194915	75	156	2	23	81	0.2839506
NODE_127200_length_335_cov_1.194915	75	156	4	6	81	0.0740741
NODE_127200_length_335_cov_1.194915	75	156	6	8	81	0.0987654
NODE_127200_length_335_cov_1.194915	75	156	8	44	81	0.5432099
NODE_127200_length_335_cov_1.194915	129	195	4	15	66	0.2272727
NODE_127200_length_335_cov_1.194915	129	195	6	32	66	0.4848485
NODE_127200_length_335_cov_1.194915	129	195	8	19	66	0.2878788
NODE_127310_length_335_cov_0.983051	96	117	0	21	21	1.0000000
NODE_127585_length_334_cov_275.425532	135	215	262	1	80	0.0125000
NODE_127585_length_334_cov_275.425532	135	215	263	1	80	0.0125000
NODE_127585_length_334_cov_275.425532	135	215	267	1	80	0.0125000
NODE_127585_length_334_cov_275.425532	135	215	268	1	80	0.0125000
NODE_127585_length_334_cov_275.425532	135	215	279	1	80	0.0125000
NODE_127585_length_334_cov_275.425532	135	215	282	1	80	0.0125000
NODE_127585_length_334_cov_275.425532	135	215	283	1	80	0.0125000
NODE_127585_length_334_cov_275.425532	135	215	293	1	80	0.0125000
NODE_127585_length_334_cov_275.425532	135	215	298	1	80	0.0125000
NODE_127585_length_334_cov_275.425532	135	215	303	1	80	0.0125000
NODE_127585_length_334_cov_275.425532	135	215	308	1	80	0.0125000
NODE_127585_length_334_cov_275.425532	135	215	312	1	80	0.0125000
NODE_127585_length_334_cov_275.425532	135	215	321	1	80	0.0125000
NODE_127585_length_334_cov_275.425532	135	215	326	1	80	0.0125000
NODE_127585_length_334_cov_275.425532	135	215	329	1	80	0.0125000
NODE_127585_length_334_cov_275.425532	135	215	332	1	80	0.0125000
NODE_127585_length_334_cov_275.425532	135	215	335	3	80	0.0375000
NODE_127585_length_334_cov_275.425532	135	215	339	2	80	0.0250000
NODE_127585_length_334_cov_275.425532	135	215	341	2	80	0.0250000
NODE_127585_length_334_cov_275.425532	135	215	345	1	80	0.0125000
NODE_127585_length_334_cov_275.425532	135	215	348	1	80	0.0125000
NODE_127585_length_334_cov_275.425532	135	215	350	2	80	0.0250000
NODE_127585_length_334_cov_275.425532	135	215	353	3	80	0.0375000
NODE_127585_length_334_cov_275.425532	135	215	354	2	80	0.0250000
NODE_127585_length_334_cov_275.425532	135	215	356	1	80	0.0125000
NODE_127585_length_334_cov_275.425532	135	215	357	1	80	0.0125000
NODE_127585_length_334_cov_275.425532	135	215	358	1	80	0.0125000
NODE_127585_length_334_cov_275.425532	135	215	361	1	80	0.0125000
NODE_127585_length_334_cov_275.425532	135	215	363	1	80	0.0125000
NODE_127585_length_334_cov_275.425532	135	215	364	2	80	0.0250000
NODE_127585_length_334_cov_275.425532	135	215	365	2	80	0.0250000
NODE_127585_length_334_cov_275.425532	135	215	372	1	80	0.0125000
NODE_127585_length_334_cov_275.425532	135	215	377	2	80	0.0250000
NODE_127585_length_334_cov_275.425532	135	215	379	1	80	0.0125000
NODE_127585_length_334_cov_275.425532	135	215	381	2	80	0.0250000
NODE_127585_length_334_cov_275.425532	135	215	382	1	80	0.0125000
NODE_127585_length_334_cov_275.425532	135	215	383	1	80	0.0125000
NODE_127585_length_334_cov_275.425532	135	215	384	1	80	0.0125000
NODE_127585_length_334_cov_275.425532	135	215	385	3	80	0.0375000
NODE_127585_length_334_cov_275.425532	135	215	386	4	80	0.0500000
NODE_127585_length_334_cov_275.425532	135	215	387	2	80	0.0250000
NODE_127585_length_334_cov_275.425532	135	215	389	5	80	0.0625000
NODE_127585_length_334_cov_275.425532	135	215	390	3	80	0.0375000
NODE_127585_length_334_cov_275.425532	135	215	391	4	80	0.0500000
NODE_127585_length_334_cov_275.425532	135	215	392	2	80	0.0250000
NODE_127585_length_334_cov_275.425532	135	215	393	1	80	0.0125000
NODE_127585_length_334_cov_275.425532	135	215	394	2	80	0.0250000
NODE_127585_length_334_cov_275.425532	135	215	396	4	80	0.0500000
NODE_127585_length_334_cov_275.425532	188	269	191	2	81	0.0246914
NODE_127585_length_334_cov_275.425532	188	269	192	4	81	0.0493827
NODE_127585_length_334_cov_275.425532	188	269	193	1	81	0.0123457
NODE_127585_length_334_cov_275.425532	188	269	194	1	81	0.0123457
NODE_127585_length_334_cov_275.425532	188	269	195	2	81	0.0246914
NODE_127585_length_334_cov_275.425532	188	269	196	1	81	0.0123457
NODE_127585_length_334_cov_275.425532	188	269	198	3	81	0.0370370
NODE_127585_length_334_cov_275.425532	188	269	199	3	81	0.0370370
NODE_127585_length_334_cov_275.425532	188	269	202	2	81	0.0246914
NODE_127585_length_334_cov_275.425532	188	269	206	1	81	0.0123457
NODE_127585_length_334_cov_275.425532	188	269	207	2	81	0.0246914
NODE_127585_length_334_cov_275.425532	188	269	209	2	81	0.0246914
NODE_127585_length_334_cov_275.425532	188	269	213	2	81	0.0246914
NODE_127585_length_334_cov_275.425532	188	269	223	1	81	0.0123457
NODE_127585_length_334_cov_275.425532	188	269	229	1	81	0.0123457
NODE_127585_length_334_cov_275.425532	188	269	234	2	81	0.0246914
NODE_127585_length_334_cov_275.425532	188	269	248	3	81	0.0370370
NODE_127585_length_334_cov_275.425532	188	269	252	1	81	0.0123457
NODE_127585_length_334_cov_275.425532	188	269	256	1	81	0.0123457
NODE_127585_length_334_cov_275.425532	188	269	259	1	81	0.0123457
NODE_127585_length_334_cov_275.425532	188	269	262	1	81	0.0123457
NODE_127585_length_334_cov_275.425532	188	269	264	1	81	0.0123457
NODE_127585_length_334_cov_275.425532	188	269	266	1	81	0.0123457
NODE_127585_length_334_cov_275.425532	188	269	275	1	81	0.0123457
NODE_127585_length_334_cov_275.425532	188	269	282	1	81	0.0123457
NODE_127585_length_334_cov_275.425532	188	269	284	1	81	0.0123457
NODE_127585_length_334_cov_275.425532	188	269	287	1	81	0.0123457
NODE_127585_length_334_cov_275.425532	188	269	291	1	81	0.0123457
NODE_127585_length_334_cov_275.425532	188	269	293	1	81	0.0123457
NODE_127585_length_334_cov_275.425532	188	269	296	1	81	0.0123457
NODE_127585_length_334_cov_275.425532	188	269	299	1	81	0.0123457
NODE_127585_length_334_cov_275.425532	188	269	309	1	81	0.0123457
NODE_127585_length_334_cov_275.425532	188	269	312	2	81	0.0246914
NODE_127585_length_334_cov_275.425532	188	269	314	1	81	0.0123457
NODE_127585_length_334_cov_275.425532	188	269	320	1	81	0.0123457
NODE_127585_length_334_cov_275.425532	188	269	321	2	81	0.0246914
NODE_127585_length_334_cov_275.425532	188	269	329	1	81	0.0123457
NODE_127585_length_334_cov_275.425532	188	269	332	1	81	0.0123457
NODE_127585_length_334_cov_275.425532	188	269	335	3	81	0.0370370
NODE_127585_length_334_cov_275.425532	188	269	341	2	81	0.0246914
NODE_127585_length_334_cov_275.425532	188	269	348	1	81	0.0123457
NODE_127585_length_334_cov_275.425532	188	269	350	1	81	0.0123457
NODE_127585_length_334_cov_275.425532	188	269	353	3	81	0.0370370
NODE_127585_length_334_cov_275.425532	188	269	354	2	81	0.0246914
NODE_127585_length_334_cov_275.425532	188	269	356	1	81	0.0123457
NODE_127585_length_334_cov_275.425532	188	269	358	1	81	0.0123457
NODE_127585_length_334_cov_275.425532	188	269	364	2	81	0.0246914
NODE_127585_length_334_cov_275.425532	188	269	365	1	81	0.0123457
NODE_127585_length_334_cov_275.425532	188	269	372	1	81	0.0123457
NODE_127585_length_334_cov_275.425532	188	269	377	2	81	0.0246914
NODE_127585_length_334_cov_275.425532	188	269	381	1	81	0.0123457
NODE_127585_length_334_cov_275.425532	188	269	382	1	81	0.0123457
NODE_127585_length_334_cov_275.425532	188	269	383	1	81	0.0123457
NODE_127585_length_334_cov_275.425532	188	269	384	1	81	0.0123457
NODE_127585_length_334_cov_275.425532	188	269	386	1	81	0.0123457
NODE_127586_length_334_cov_14.753191	135	215	0	80	80	1.0000000
NODE_127586_length_334_cov_14.753191	188	268	0	80	80	1.0000000
NODE_127610_length_334_cov_4.829787	92	174	0	82	82	1.0000000
NODE_127610_length_334_cov_4.829787	151	237	0	86	86	1.0000000
NODE_127612_length_334_cov_4.817021	179	231	0	52	52	1.0000000
NODE_127626_length_334_cov_4.438298	121	201	12	6	80	0.0750000
NODE_127626_length_334_cov_4.438298	121	201	14	5	80	0.0625000
NODE_127626_length_334_cov_4.438298	121	201	16	4	80	0.0500000
NODE_127626_length_334_cov_4.438298	121	201	17	25	80	0.3125000
NODE_127626_length_334_cov_4.438298	121	201	18	40	80	0.5000000
NODE_127672_length_334_cov_3.604255	248	314	0	1	66	0.0151515
NODE_127672_length_334_cov_3.604255	248	314	2	65	66	0.9848485
NODE_127672_length_334_cov_3.604255	287	334	0	1	47	0.0212766
NODE_127672_length_334_cov_3.604255	287	334	2	46	47	0.9787234
NODE_127844_length_334_cov_2.165957	0	48	0	48	48	1.0000000
NODE_128026_length_334_cov_1.595745	253	328	0	75	75	1.0000000
NODE_128258_length_334_cov_1.157447	146	177	0	31	31	1.0000000
NODE_128665_length_333_cov_5.423077	172	242	0	2	70	0.0285714
NODE_128665_length_333_cov_5.423077	172	242	2	21	70	0.3000000
NODE_128665_length_333_cov_5.423077	172	242	4	47	70	0.6714286
NODE_128673_length_333_cov_4.867521	122	172	2	38	50	0.7600000
NODE_128673_length_333_cov_4.867521	122	172	4	12	50	0.2400000
NODE_128673_length_333_cov_4.867521	175	255	2	46	80	0.5750000
NODE_128673_length_333_cov_4.867521	175	255	4	34	80	0.4250000
NODE_128673_length_333_cov_4.867521	194	219	2	10	25	0.4000000
NODE_128673_length_333_cov_4.867521	194	219	4	15	25	0.6000000
NODE_128717_length_333_cov_3.717949	49	129	0	58	80	0.7250000
NODE_128717_length_333_cov_3.717949	49	129	4	17	80	0.2125000
NODE_128717_length_333_cov_3.717949	49	129	6	5	80	0.0625000
NODE_128717_length_333_cov_3.717949	102	182	0	5	80	0.0625000
NODE_128717_length_333_cov_3.717949	102	182	4	17	80	0.2125000
NODE_128717_length_333_cov_3.717949	102	182	6	58	80	0.7250000
NODE_128767_length_333_cov_2.897436	59	139	4	10	80	0.1250000
NODE_128767_length_333_cov_2.897436	59	139	6	10	80	0.1250000
NODE_128767_length_333_cov_2.897436	59	139	12	20	80	0.2500000
NODE_128767_length_333_cov_2.897436	59	139	14	35	80	0.4375000
NODE_128767_length_333_cov_2.897436	59	139	16	5	80	0.0625000
NODE_128850_length_333_cov_2.307692	68	148	0	80	80	1.0000000
NODE_128933_length_333_cov_1.940171	135	215	0	13	80	0.1625000
NODE_128933_length_333_cov_1.940171	135	215	2	67	80	0.8375000
NODE_129252_length_333_cov_1.200855	0	80	0	80	80	1.0000000
NODE_129263_length_333_cov_1.170940	146	193	0	47	47	1.0000000
NODE_129263_length_333_cov_1.170940	203	243	0	40	40	1.0000000
NODE_129303_length_333_cov_1.089744	241	306	6	65	65	1.0000000
NODE_129310_length_333_cov_1.089744	206	226	0	20	20	1.0000000
NODE_129665_length_332_cov_5.386266	101	167	0	66	66	1.0000000
NODE_129680_length_332_cov_4.768240	221	250	2	13	29	0.4482759
NODE_129680_length_332_cov_4.768240	221	250	4	16	29	0.5517241
NODE_129695_length_332_cov_4.343348	130	179	0	49	49	1.0000000
NODE_129698_length_332_cov_4.201717	191	237	5	5	46	0.1086956
NODE_129698_length_332_cov_4.201717	191	237	6	9	46	0.1956522
NODE_129698_length_332_cov_4.201717	191	237	8	32	46	0.6956522
NODE_129698_length_332_cov_4.201717	211	290	6	62	79	0.7848101
NODE_129698_length_332_cov_4.201717	211	290	8	17	79	0.2151899
NODE_129879_length_332_cov_2.274678	187	227	8	1	40	0.0250000
NODE_129879_length_332_cov_2.274678	187	227	10	13	40	0.3250000
NODE_129879_length_332_cov_2.274678	187	227	12	20	40	0.5000000
NODE_129879_length_332_cov_2.274678	187	227	14	5	40	0.1250000
NODE_129879_length_332_cov_2.274678	187	227	16	1	40	0.0250000
NODE_129901_length_332_cov_2.184549	194	258	2	64	64	1.0000000
NODE_130053_length_332_cov_1.682403	241	316	0	75	75	1.0000000
NODE_130055_length_332_cov_1.673820	157	220	0	63	63	1.0000000
NODE_130183_length_332_cov_1.364807	132	212	0	80	80	1.0000000
NODE_130187_length_332_cov_1.356223	276	332	2	56	56	1.0000000
NODE_130312_length_332_cov_1.210300	120	176	0	39	56	0.6964286
NODE_130312_length_332_cov_1.210300	120	176	2	17	56	0.3035714
NODE_130757_length_331_cov_5.254310	141	221	4	1	80	0.0125000
NODE_130757_length_331_cov_5.254310	141	221	8	6	80	0.0750000
NODE_130757_length_331_cov_5.254310	141	221	10	73	80	0.9125000
NODE_130757_length_331_cov_5.254310	194	274	0	21	80	0.2625000
NODE_130757_length_331_cov_5.254310	194	274	6	3	80	0.0375000
NODE_130757_length_331_cov_5.254310	194	274	8	35	80	0.4375000
NODE_130757_length_331_cov_5.254310	194	274	10	21	80	0.2625000
NODE_130781_length_331_cov_4.323276	26	108	0	14	82	0.1707317
NODE_130781_length_331_cov_4.323276	26	108	2	2	82	0.0243902
NODE_130781_length_331_cov_4.323276	26	108	4	49	82	0.5975610
NODE_130781_length_331_cov_4.323276	26	108	6	17	82	0.2073171
NODE_130902_length_331_cov_2.603448	128	181	0	53	53	1.0000000
NODE_131036_length_331_cov_1.965517	183	216	0	33	33	1.0000000
NODE_131054_length_331_cov_1.896552	266	331	0	29	65	0.4461538
NODE_131054_length_331_cov_1.896552	266	331	4	36	65	0.5538462
NODE_131817_length_330_cov_14.731602	209	280	8	6	71	0.0845070
NODE_131817_length_330_cov_14.731602	209	280	14	37	71	0.5211267
NODE_131817_length_330_cov_14.731602	209	280	18	9	71	0.1267606
NODE_131817_length_330_cov_14.731602	209	280	21	12	71	0.1690141
NODE_131817_length_330_cov_14.731602	209	280	23	1	71	0.0140845
NODE_131817_length_330_cov_14.731602	209	280	24	6	71	0.0845070
NODE_131840_length_330_cov_4.935065	16	97	2	12	81	0.1481481
NODE_131840_length_330_cov_4.935065	16	97	7	1	81	0.0123457
NODE_131840_length_330_cov_4.935065	16	97	8	68	81	0.8395061
NODE_131840_length_330_cov_4.935065	81	149	6	44	68	0.6470588
NODE_131840_length_330_cov_4.935065	81	149	8	24	68	0.3529412
NODE_131841_length_330_cov_4.891775	177	255	0	78	78	1.0000000
NODE_131845_length_330_cov_4.740260	134	209	0	75	75	1.0000000
NODE_131892_length_330_cov_3.467532	161	225	2	6	64	0.0937500
NODE_131892_length_330_cov_3.467532	161	225	4	9	64	0.1406250
NODE_131892_length_330_cov_3.467532	161	225	6	8	64	0.1250000
NODE_131892_length_330_cov_3.467532	161	225	8	41	64	0.6406250
NODE_131969_length_330_cov_2.601732	8	88	0	27	80	0.3375000
NODE_131969_length_330_cov_2.601732	8	88	4	53	80	0.6625000
NODE_132188_length_330_cov_1.623377	154	200	0	46	46	1.0000000
NODE_132238_length_330_cov_1.541126	98	156	2	58	58	1.0000000
NODE_132268_length_330_cov_1.467532	234	287	0	53	53	1.0000000
NODE_132268_length_330_cov_1.467532	242	283	0	41	41	1.0000000
NODE_132306_length_330_cov_1.346320	230	296	0	66	66	1.0000000
NODE_132306_length_330_cov_1.346320	230	257	0	27	27	1.0000000
NODE_132410_length_330_cov_1.220779	249	272	0	23	23	1.0000000
NODE_132478_length_330_cov_1.103896	189	227	0	33	38	0.8684211
NODE_132478_length_330_cov_1.103896	189	227	2	5	38	0.1315790
NODE_132542_length_330_cov_1.038961	219	297	12	7	78	0.0897436
NODE_132542_length_330_cov_1.038961	219	297	14	2	78	0.0256410
NODE_132542_length_330_cov_1.038961	219	297	18	66	78	0.8461539
NODE_132542_length_330_cov_1.038961	219	297	20	3	78	0.0384615
NODE_132688_length_330_cov_0.883117	284	330	0	46	46	1.0000000
NODE_132873_length_329_cov_110.178261	138	167	24	3	29	0.1034483
NODE_132873_length_329_cov_110.178261	138	167	25	10	29	0.3448276
NODE_132873_length_329_cov_110.178261	138	167	26	12	29	0.4137931
NODE_132873_length_329_cov_110.178261	138	167	28	4	29	0.1379310
NODE_132873_length_329_cov_110.178261	189	269	33	4	80	0.0500000
NODE_132873_length_329_cov_110.178261	189	269	37	2	80	0.0250000
NODE_132873_length_329_cov_110.178261	189	269	40	1	80	0.0125000
NODE_132873_length_329_cov_110.178261	189	269	41	1	80	0.0125000
NODE_132873_length_329_cov_110.178261	189	269	43	3	80	0.0375000
NODE_132873_length_329_cov_110.178261	189	269	46	3	80	0.0375000
NODE_132873_length_329_cov_110.178261	189	269	48	2	80	0.0250000
NODE_132873_length_329_cov_110.178261	189	269	49	2	80	0.0250000
NODE_132873_length_329_cov_110.178261	189	269	51	1	80	0.0125000
NODE_132873_length_329_cov_110.178261	189	269	55	5	80	0.0625000
NODE_132873_length_329_cov_110.178261	189	269	56	2	80	0.0250000
NODE_132873_length_329_cov_110.178261	189	269	57	7	80	0.0875000
NODE_132873_length_329_cov_110.178261	189	269	58	4	80	0.0500000
NODE_132873_length_329_cov_110.178261	189	269	59	4	80	0.0500000
NODE_132873_length_329_cov_110.178261	189	269	60	1	80	0.0125000
NODE_132873_length_329_cov_110.178261	189	269	62	9	80	0.1125000
NODE_132873_length_329_cov_110.178261	189	269	63	8	80	0.1000000
NODE_132873_length_329_cov_110.178261	189	269	64	21	80	0.2625000
NODE_132873_length_329_cov_110.178261	242	322	14	2	80	0.0250000
NODE_132873_length_329_cov_110.178261	242	322	20	1	80	0.0125000
NODE_132873_length_329_cov_110.178261	242	322	22	1	80	0.0125000
NODE_132873_length_329_cov_110.178261	242	322	27	6	80	0.0750000
NODE_132873_length_329_cov_110.178261	242	322	29	4	80	0.0500000
NODE_132873_length_329_cov_110.178261	242	322	31	1	80	0.0125000
NODE_132873_length_329_cov_110.178261	242	322	35	1	80	0.0125000
NODE_132873_length_329_cov_110.178261	242	322	36	1	80	0.0125000
NODE_132873_length_329_cov_110.178261	242	322	38	6	80	0.0750000
NODE_132873_length_329_cov_110.178261	242	322	40	1	80	0.0125000
NODE_132873_length_329_cov_110.178261	242	322	42	2	80	0.0250000
NODE_132873_length_329_cov_110.178261	242	322	44	4	80	0.0500000
NODE_132873_length_329_cov_110.178261	242	322	48	3	80	0.0375000
NODE_132873_length_329_cov_110.178261	242	322	50	11	80	0.1375000
NODE_132873_length_329_cov_110.178261	242	322	52	7	80	0.0875000
NODE_132873_length_329_cov_110.178261	242	322	54	1	80	0.0125000
NODE_132873_length_329_cov_110.178261	242	322	56	3	80	0.0375000
NODE_132873_length_329_cov_110.178261	242	322	57	2	80	0.0250000
NODE_132873_length_329_cov_110.178261	242	322	58	4	80	0.0500000
NODE_132873_length_329_cov_110.178261	242	322	60	1	80	0.0125000
NODE_132873_length_329_cov_110.178261	242	322	62	9	80	0.1125000
NODE_132873_length_329_cov_110.178261	242	322	64	9	80	0.1125000
NODE_132879_length_329_cov_8.882609	61	141	0	80	80	1.0000000
NODE_132879_length_329_cov_8.882609	114	194	0	80	80	1.0000000
NODE_132885_length_329_cov_6.586957	166	207	0	3	41	0.0731707
NODE_132885_length_329_cov_6.586957	166	207	2	38	41	0.9268293
NODE_132908_length_329_cov_4.617391	175	229	2	54	54	1.0000000
NODE_132970_length_329_cov_3.160870	59	139	2	2	80	0.0250000
NODE_132970_length_329_cov_3.160870	59	139	8	15	80	0.1875000
NODE_132970_length_329_cov_3.160870	59	139	10	63	80	0.7875000
NODE_133003_length_329_cov_2.821739	164	209	0	45	45	1.0000000
NODE_133003_length_329_cov_2.821739	184	262	0	78	78	1.0000000
NODE_133033_length_329_cov_2.560870	139	201	0	51	62	0.8225806
NODE_133033_length_329_cov_2.560870	139	201	2	11	62	0.1774193
NODE_133036_length_329_cov_2.543478	145	206	6	61	61	1.0000000
NODE_133123_length_329_cov_2.143478	39	119	6	24	80	0.3000000
NODE_133123_length_329_cov_2.143478	39	119	8	2	80	0.0250000
NODE_133123_length_329_cov_2.143478	39	119	14	4	80	0.0500000
NODE_133123_length_329_cov_2.143478	39	119	18	50	80	0.6250000
NODE_133123_length_329_cov_2.143478	92	158	11	2	66	0.0303030
NODE_133123_length_329_cov_2.143478	92	158	13	1	66	0.0151515
NODE_133123_length_329_cov_2.143478	92	158	14	1	66	0.0151515
NODE_133123_length_329_cov_2.143478	92	158	15	11	66	0.1666667
NODE_133123_length_329_cov_2.143478	92	158	16	18	66	0.2727273
NODE_133123_length_329_cov_2.143478	92	158	18	33	66	0.5000000
NODE_133184_length_329_cov_1.865217	182	252	0	70	70	1.0000000
NODE_133200_length_329_cov_1.791304	50	84	0	34	34	1.0000000
NODE_133200_length_329_cov_1.791304	92	149	0	2	57	0.0350877
NODE_133200_length_329_cov_1.791304	92	149	2	5	57	0.0877193
NODE_133200_length_329_cov_1.791304	92	149	3	10	57	0.1754386
NODE_133200_length_329_cov_1.791304	92	149	4	5	57	0.0877193
NODE_133200_length_329_cov_1.791304	92	149	5	35	57	0.6140351
NODE_133200_length_329_cov_1.791304	145	203	5	58	58	1.0000000
NODE_133332_length_329_cov_1.508696	261	323	0	62	62	1.0000000
NODE_133348_length_329_cov_1.469565	168	237	0	41	69	0.5942029
NODE_133348_length_329_cov_1.469565	168	237	2	28	69	0.4057971
NODE_133376_length_329_cov_1.391304	275	307	30	3	32	0.0937500
NODE_133376_length_329_cov_1.391304	275	307	32	12	32	0.3750000
NODE_133376_length_329_cov_1.391304	275	307	34	6	32	0.1875000
NODE_133376_length_329_cov_1.391304	275	307	36	11	32	0.3437500
NODE_133547_length_329_cov_1.165217	199	242	0	2	43	0.0465116
NODE_133547_length_329_cov_1.165217	199	242	2	41	43	0.9534883
NODE_133768_length_329_cov_0.878261	221	296	0	50	75	0.6666667
NODE_133768_length_329_cov_0.878261	221	296	2	25	75	0.3333333
NODE_133970_length_328_cov_4.484716	95	175	6	4	80	0.0500000
NODE_133970_length_328_cov_4.484716	95	175	8	5	80	0.0625000
NODE_133970_length_328_cov_4.484716	95	175	10	21	80	0.2625000
NODE_133970_length_328_cov_4.484716	95	175	12	15	80	0.1875000
NODE_133970_length_328_cov_4.484716	95	175	14	35	80	0.4375000
NODE_133989_length_328_cov_4.087336	79	159	0	80	80	1.0000000
NODE_133989_length_328_cov_4.087336	132	207	0	75	75	1.0000000
NODE_133993_length_328_cov_3.895197	110	190	16	1	80	0.0125000
NODE_133993_length_328_cov_3.895197	110	190	17	2	80	0.0250000
NODE_133993_length_328_cov_3.895197	110	190	22	4	80	0.0500000
NODE_133993_length_328_cov_3.895197	110	190	23	6	80	0.0750000
NODE_133993_length_328_cov_3.895197	110	190	24	40	80	0.5000000
NODE_133993_length_328_cov_3.895197	110	190	25	20	80	0.2500000
NODE_133993_length_328_cov_3.895197	110	190	26	7	80	0.0875000
NODE_134019_length_328_cov_3.393013	30	78	0	48	48	1.0000000
NODE_134144_length_328_cov_2.161572	103	134	0	31	31	1.0000000
NODE_134247_length_328_cov_1.781659	16	44	0	28	28	1.0000000
NODE_134335_length_328_cov_1.567686	0	76	0	2	76	0.0263158
NODE_134335_length_328_cov_1.567686	0	76	2	3	76	0.0394737
NODE_134335_length_328_cov_1.567686	0	76	8	29	76	0.3815790
NODE_134335_length_328_cov_1.567686	0	76	10	42	76	0.5526316
NODE_134335_length_328_cov_1.567686	49	94	10	45	45	1.0000000
NODE_134452_length_328_cov_1.336245	0	73	0	73	73	1.0000000
NODE_134508_length_328_cov_1.266376	78	158	3	34	80	0.4250000
NODE_134508_length_328_cov_1.266376	78	158	4	46	80	0.5750000
NODE_135002_length_327_cov_4.934211	170	250	0	80	80	1.0000000
NODE_135009_length_327_cov_4.701754	225	305	0	80	80	1.0000000
NODE_135018_length_327_cov_4.241228	97	173	4	21	76	0.2763158
NODE_135018_length_327_cov_4.241228	97	173	5	1	76	0.0131579
NODE_135018_length_327_cov_4.241228	97	173	8	54	76	0.7105263
NODE_135037_length_327_cov_3.719298	70	150	0	80	80	1.0000000
NODE_135063_length_327_cov_3.350877	156	227	0	71	71	1.0000000
NODE_135328_length_327_cov_1.780702	191	271	10	7	80	0.0875000
NODE_135328_length_327_cov_1.780702	191	271	12	5	80	0.0625000
NODE_135328_length_327_cov_1.780702	191	271	14	9	80	0.1125000
NODE_135328_length_327_cov_1.780702	191	271	18	59	80	0.7375000
NODE_136081_length_326_cov_3.964758	178	228	2	30	50	0.6000000
NODE_136081_length_326_cov_3.964758	178	228	4	20	50	0.4000000
NODE_136100_length_326_cov_3.502203	211	253	0	5	42	0.1190476
NODE_136100_length_326_cov_3.502203	211	253	2	37	42	0.8809524
NODE_136100_length_326_cov_3.502203	220	255	0	7	35	0.2000000
NODE_136100_length_326_cov_3.502203	220	255	2	28	35	0.8000000
NODE_136116_length_326_cov_3.202643	149	203	2	54	54	1.0000000
NODE_136130_length_326_cov_3.057269	107	126	0	19	19	1.0000000
NODE_136176_length_326_cov_2.594714	125	196	0	71	71	1.0000000
NODE_136283_length_326_cov_2.123348	184	244	0	60	60	1.0000000
NODE_136496_length_326_cov_1.515419	86	166	0	80	80	1.0000000
NODE_137182_length_325_cov_4.893805	142	222	18	2	80	0.0250000
NODE_137182_length_325_cov_4.893805	142	222	22	7	80	0.0875000
NODE_137182_length_325_cov_4.893805	142	222	24	11	80	0.1375000
NODE_137182_length_325_cov_4.893805	142	222	26	2	80	0.0250000
NODE_137182_length_325_cov_4.893805	142	222	28	3	80	0.0375000
NODE_137182_length_325_cov_4.893805	142	222	32	16	80	0.2000000
NODE_137182_length_325_cov_4.893805	142	222	34	24	80	0.3000000
NODE_137182_length_325_cov_4.893805	142	222	36	15	80	0.1875000
NODE_137182_length_325_cov_4.893805	195	275	18	5	80	0.0625000
NODE_137182_length_325_cov_4.893805	195	275	20	24	80	0.3000000
NODE_137182_length_325_cov_4.893805	195	275	24	1	80	0.0125000
NODE_137182_length_325_cov_4.893805	195	275	27	1	80	0.0125000
NODE_137182_length_325_cov_4.893805	195	275	28	9	80	0.1125000
NODE_137182_length_325_cov_4.893805	195	275	30	13	80	0.1625000
NODE_137182_length_325_cov_4.893805	195	275	32	2	80	0.0250000
NODE_137182_length_325_cov_4.893805	195	275	34	20	80	0.2500000
NODE_137182_length_325_cov_4.893805	195	275	36	5	80	0.0625000
NODE_137199_length_325_cov_4.000000	134	198	6	64	64	1.0000000
NODE_137221_length_325_cov_3.513274	191	266	6	9	75	0.1200000
NODE_137221_length_325_cov_3.513274	191	266	8	30	75	0.4000000
NODE_137221_length_325_cov_3.513274	191	266	10	36	75	0.4800000
NODE_137221_length_325_cov_3.513274	240	319	2	4	79	0.0506329
NODE_137221_length_325_cov_3.513274	240	319	4	15	79	0.1898734
NODE_137221_length_325_cov_3.513274	240	319	6	2	79	0.0253165
NODE_137221_length_325_cov_3.513274	240	319	10	58	79	0.7341772
NODE_137223_length_325_cov_3.469027	216	278	0	62	62	1.0000000
NODE_137224_length_325_cov_3.429204	178	224	2	6	46	0.1304348
NODE_137224_length_325_cov_3.429204	178	224	4	40	46	0.8695652
NODE_137243_length_325_cov_3.168142	188	274	0	86	86	1.0000000
NODE_137268_length_325_cov_2.880531	72	152	3	9	80	0.1125000
NODE_137268_length_325_cov_2.880531	72	152	4	12	80	0.1500000
NODE_137268_length_325_cov_2.880531	72	152	6	6	80	0.0750000
NODE_137268_length_325_cov_2.880531	72	152	8	3	80	0.0375000
NODE_137268_length_325_cov_2.880531	72	152	10	50	80	0.6250000
NODE_137268_length_325_cov_2.880531	125	205	3	5	80	0.0625000
NODE_137268_length_325_cov_2.880531	125	205	7	8	80	0.1000000
NODE_137268_length_325_cov_2.880531	125	205	8	9	80	0.1125000
NODE_137268_length_325_cov_2.880531	125	205	10	58	80	0.7250000
NODE_137291_length_325_cov_2.707965	203	261	0	58	58	1.0000000
NODE_137296_length_325_cov_2.703540	68	148	8	52	80	0.6500000
NODE_137296_length_325_cov_2.703540	68	148	10	28	80	0.3500000
NODE_137330_length_325_cov_2.500000	0	42	0	42	42	1.0000000
NODE_137407_length_325_cov_2.048673	122	202	24	9	80	0.1125000
NODE_137407_length_325_cov_2.048673	122	202	26	2	80	0.0250000
NODE_137407_length_325_cov_2.048673	122	202	28	1	80	0.0125000
NODE_137407_length_325_cov_2.048673	122	202	30	11	80	0.1375000
NODE_137407_length_325_cov_2.048673	122	202	31	9	80	0.1125000
NODE_137407_length_325_cov_2.048673	122	202	32	24	80	0.3000000
NODE_137407_length_325_cov_2.048673	122	202	34	24	80	0.3000000
NODE_137409_length_325_cov_2.035398	83	154	0	71	71	1.0000000
NODE_137642_length_325_cov_1.464602	153	224	0	71	71	1.0000000
NODE_137939_length_325_cov_1.017699	103	134	2	31	31	1.0000000
NODE_138113_length_325_cov_0.827434	258	308	0	50	50	1.0000000
NODE_138309_length_324_cov_4.737778	113	160	0	47	47	1.0000000
NODE_138309_length_324_cov_4.737778	142	213	0	71	71	1.0000000
NODE_138358_length_324_cov_3.626667	218	273	0	55	55	1.0000000
NODE_138396_length_324_cov_3.124444	101	181	0	80	80	1.0000000
NODE_138396_length_324_cov_3.124444	256	285	0	29	29	1.0000000
NODE_138416_length_324_cov_2.924444	114	198	6	28	84	0.3333333
NODE_138416_length_324_cov_2.924444	114	198	7	2	84	0.0238095
NODE_138416_length_324_cov_2.924444	114	198	8	21	84	0.2500000
NODE_138416_length_324_cov_2.924444	114	198	9	33	84	0.3928571
NODE_138416_length_324_cov_2.924444	178	237	0	26	59	0.4406780
NODE_138416_length_324_cov_2.924444	178	237	2	6	59	0.1016949
NODE_138416_length_324_cov_2.924444	178	237	4	4	59	0.0677966
NODE_138416_length_324_cov_2.924444	178	237	6	23	59	0.3898305
NODE_138418_length_324_cov_2.915556	141	221	0	50	80	0.6250000
NODE_138418_length_324_cov_2.915556	141	221	2	30	80	0.3750000
NODE_138434_length_324_cov_2.715556	4	51	2	29	47	0.6170213
NODE_138434_length_324_cov_2.715556	4	51	5	1	47	0.0212766
NODE_138434_length_324_cov_2.715556	4	51	7	17	47	0.3617021
NODE_138434_length_324_cov_2.715556	24	104	2	9	80	0.1125000
NODE_138434_length_324_cov_2.715556	24	104	5	1	80	0.0125000
NODE_138434_length_324_cov_2.715556	24	104	6	19	80	0.2375000
NODE_138434_length_324_cov_2.715556	24	104	7	51	80	0.6375000
NODE_138463_length_324_cov_2.506667	270	306	0	36	36	1.0000000
NODE_138483_length_324_cov_2.448889	187	238	0	25	51	0.4901961
NODE_138483_length_324_cov_2.448889	187	238	2	26	51	0.5098040
NODE_138527_length_324_cov_2.248889	30	96	0	66	66	1.0000000
NODE_138778_length_324_cov_1.502222	10	90	1	20	80	0.2500000
NODE_138778_length_324_cov_1.502222	10	90	2	60	80	0.7500000
NODE_138792_length_324_cov_1.457778	0	45	0	31	45	0.6888889
NODE_138792_length_324_cov_1.457778	0	45	4	14	45	0.3111111
NODE_138792_length_324_cov_1.457778	18	75	0	13	57	0.2280702
NODE_138792_length_324_cov_1.457778	18	75	4	36	57	0.6315789
NODE_138792_length_324_cov_1.457778	18	75	5	1	57	0.0175439
NODE_138792_length_324_cov_1.457778	18	75	6	1	57	0.0175439
NODE_138792_length_324_cov_1.457778	18	75	8	6	57	0.1052632
NODE_138808_length_324_cov_1.382222	263	304	2	41	41	1.0000000
NODE_139129_length_324_cov_1.017778	0	59	0	59	59	1.0000000
NODE_139497_length_323_cov_6.669643	215	286	0	32	71	0.4507042
NODE_139497_length_323_cov_6.669643	215	286	2	39	71	0.5492958
NODE_139497_length_323_cov_6.669643	268	315	0	47	47	1.0000000
NODE_139511_length_323_cov_5.089286	224	290	0	66	66	1.0000000
NODE_139511_length_323_cov_5.089286	263	319	0	56	56	1.0000000
NODE_139572_length_323_cov_3.276786	189	269	0	80	80	1.0000000
NODE_139575_length_323_cov_3.263393	101	181	4	17	80	0.2125000
NODE_139575_length_323_cov_3.263393	101	181	5	9	80	0.1125000
NODE_139575_length_323_cov_3.263393	101	181	7	16	80	0.2000000
NODE_139575_length_323_cov_3.263393	101	181	8	16	80	0.2000000
NODE_139575_length_323_cov_3.263393	101	181	10	3	80	0.0375000
NODE_139575_length_323_cov_3.263393	101	181	12	1	80	0.0125000
NODE_139575_length_323_cov_3.263393	101	181	18	14	80	0.1750000
NODE_139575_length_323_cov_3.263393	101	181	21	1	80	0.0125000
NODE_139575_length_323_cov_3.263393	101	181	22	3	80	0.0375000
NODE_139591_length_323_cov_3.089286	128	208	0	22	80	0.2750000
NODE_139591_length_323_cov_3.089286	128	208	4	58	80	0.7250000
NODE_139591_length_323_cov_3.089286	166	208	0	22	42	0.5238096
NODE_139591_length_323_cov_3.089286	166	208	4	20	42	0.4761905
NODE_139591_length_323_cov_3.089286	181	261	0	75	80	0.9375000
NODE_139591_length_323_cov_3.089286	181	261	4	5	80	0.0625000
NODE_139591_length_323_cov_3.089286	181	261	0	75	80	0.9375000
NODE_139591_length_323_cov_3.089286	181	261	4	5	80	0.0625000
NODE_139629_length_323_cov_2.683036	144	215	4	71	71	1.0000000
NODE_139746_length_323_cov_2.089286	64	144	5	60	80	0.7500000
NODE_139746_length_323_cov_2.089286	64	144	7	20	80	0.2500000
NODE_139797_length_323_cov_1.888393	148	207	0	59	59	1.0000000
NODE_139901_length_323_cov_1.705357	195	262	0	67	67	1.0000000
NODE_139901_length_323_cov_1.705357	235	315	0	80	80	1.0000000
NODE_140651_length_322_cov_5.475336	56	136	0	80	80	1.0000000
NODE_140651_length_322_cov_5.475336	113	189	0	76	76	1.0000000
NODE_140692_length_322_cov_3.753363	63	133	0	36	70	0.5142857
NODE_140692_length_322_cov_3.753363	63	133	2	34	70	0.4857143
NODE_140692_length_322_cov_3.753363	116	190	0	74	74	1.0000000
NODE_140693_length_322_cov_3.735426	60	86	3	26	26	1.0000000
NODE_140693_length_322_cov_3.735426	99	139	3	5	40	0.1250000
NODE_140693_length_322_cov_3.735426	99	139	4	35	40	0.8750000
NODE_140701_length_322_cov_3.605381	73	116	0	43	43	1.0000000
NODE_140702_length_322_cov_3.600897	75	145	0	70	70	1.0000000
NODE_140820_length_322_cov_2.304933	182	213	0	31	31	1.0000000
NODE_141738_length_321_cov_8.527027	176	240	12	64	64	1.0000000
NODE_141786_length_321_cov_4.094595	196	266	0	19	70	0.2714286
NODE_141786_length_321_cov_4.094595	196	266	2	51	70	0.7285714
NODE_141811_length_321_cov_3.563063	59	131	0	30	72	0.4166667
NODE_141811_length_321_cov_3.563063	59	131	2	42	72	0.5833333
NODE_141811_length_321_cov_3.563063	112	183	0	32	71	0.4507042
NODE_141811_length_321_cov_3.563063	112	183	2	39	71	0.5492958
NODE_141813_length_321_cov_3.540541	112	141	18	29	29	1.0000000
NODE_141833_length_321_cov_3.049550	65	115	18	13	50	0.2600000
NODE_141833_length_321_cov_3.049550	65	115	20	37	50	0.7400000
NODE_141833_length_321_cov_3.049550	95	138	20	43	43	1.0000000
NODE_141833_length_321_cov_3.049550	118	168	6	2	50	0.0400000
NODE_141833_length_321_cov_3.049550	118	168	8	2	50	0.0400000
NODE_141833_length_321_cov_3.049550	118	168	10	9	50	0.1800000
NODE_141833_length_321_cov_3.049550	118	168	12	3	50	0.0600000
NODE_141833_length_321_cov_3.049550	118	168	16	7	50	0.1400000
NODE_141833_length_321_cov_3.049550	118	168	18	2	50	0.0400000
NODE_141833_length_321_cov_3.049550	118	168	20	25	50	0.5000000
NODE_141837_length_321_cov_2.995495	146	220	0	74	74	1.0000000
NODE_141842_length_321_cov_2.981982	251	304	8	53	53	1.0000000
NODE_141876_length_321_cov_2.734234	239	306	0	67	67	1.0000000
NODE_141910_length_321_cov_2.427928	221	265	0	44	44	1.0000000
NODE_141922_length_321_cov_2.315315	22	65	0	43	43	1.0000000
NODE_141951_length_321_cov_2.270270	43	105	2	62	62	1.0000000
NODE_141951_length_321_cov_2.270270	120	203	0	56	83	0.6746988
NODE_141951_length_321_cov_2.270270	120	203	2	27	83	0.3253012
NODE_141951_length_321_cov_2.270270	127	208	0	57	81	0.7037037
NODE_141951_length_321_cov_2.270270	127	208	2	24	81	0.2962963
NODE_142200_length_321_cov_1.576577	241	321	0	80	80	1.0000000
NODE_142363_length_321_cov_1.319820	253	304	0	51	51	1.0000000
NODE_142484_length_321_cov_1.130631	0	43	0	6	43	0.1395349
NODE_142484_length_321_cov_1.130631	0	43	2	37	43	0.8604651
NODE_142700_length_321_cov_0.869369	248	294	0	46	46	1.0000000
NODE_142885_length_320_cov_200.484163	264	320	2	6	56	0.1071429
NODE_142885_length_320_cov_200.484163	264	320	3	4	56	0.0714286
NODE_142885_length_320_cov_200.484163	264	320	5	1	56	0.0178571
NODE_142885_length_320_cov_200.484163	264	320	7	1	56	0.0178571
NODE_142885_length_320_cov_200.484163	264	320	9	4	56	0.0714286
NODE_142885_length_320_cov_200.484163	264	320	11	3	56	0.0535714
NODE_142885_length_320_cov_200.484163	264	320	12	1	56	0.0178571
NODE_142885_length_320_cov_200.484163	264	320	14	2	56	0.0357143
NODE_142885_length_320_cov_200.484163	264	320	16	16	56	0.2857143
NODE_142885_length_320_cov_200.484163	264	320	20	17	56	0.3035714
NODE_142885_length_320_cov_200.484163	264	320	22	1	56	0.0178571
NODE_142886_length_320_cov_73.357466	51	97	0	46	46	1.0000000
NODE_142886_length_320_cov_73.357466	108	154	0	28	46	0.6086956
NODE_142886_length_320_cov_73.357466	108	154	12	18	46	0.3913043
NODE_142886_length_320_cov_73.357466	165	245	14	8	80	0.1000000
NODE_142886_length_320_cov_73.357466	165	245	16	30	80	0.3750000
NODE_142886_length_320_cov_73.357466	165	245	21	6	80	0.0750000
NODE_142886_length_320_cov_73.357466	165	245	26	36	80	0.4500000
NODE_142886_length_320_cov_73.357466	218	296	10	12	78	0.1538462
NODE_142886_length_320_cov_73.357466	218	296	12	38	78	0.4871795
NODE_142886_length_320_cov_73.357466	218	296	14	3	78	0.0384615
NODE_142886_length_320_cov_73.357466	218	296	26	25	78	0.3205128
NODE_142887_length_320_cov_35.787330	212	292	4	11	80	0.1375000
NODE_142887_length_320_cov_35.787330	212	292	8	4	80	0.0500000
NODE_142887_length_320_cov_35.787330	212	292	10	2	80	0.0250000
NODE_142887_length_320_cov_35.787330	212	292	12	2	80	0.0250000
NODE_142887_length_320_cov_35.787330	212	292	14	61	80	0.7625000
NODE_142887_length_320_cov_35.787330	212	292	4	11	80	0.1375000
NODE_142887_length_320_cov_35.787330	212	292	8	4	80	0.0500000
NODE_142887_length_320_cov_35.787330	212	292	10	2	80	0.0250000
NODE_142887_length_320_cov_35.787330	212	292	12	2	80	0.0250000
NODE_142887_length_320_cov_35.787330	212	292	14	61	80	0.7625000
NODE_142887_length_320_cov_35.787330	212	292	4	11	80	0.1375000
NODE_142887_length_320_cov_35.787330	212	292	8	4	80	0.0500000
NODE_142887_length_320_cov_35.787330	212	292	10	2	80	0.0250000
NODE_142887_length_320_cov_35.787330	212	292	12	2	80	0.0250000
NODE_142887_length_320_cov_35.787330	212	292	14	61	80	0.7625000
NODE_142887_length_320_cov_35.787330	212	292	4	11	80	0.1375000
NODE_142887_length_320_cov_35.787330	212	292	8	4	80	0.0500000
NODE_142887_length_320_cov_35.787330	212	292	10	2	80	0.0250000
NODE_142887_length_320_cov_35.787330	212	292	12	2	80	0.0250000
NODE_142887_length_320_cov_35.787330	212	292	14	61	80	0.7625000
NODE_142887_length_320_cov_35.787330	212	292	4	11	80	0.1375000
NODE_142887_length_320_cov_35.787330	212	292	8	4	80	0.0500000
NODE_142887_length_320_cov_35.787330	212	292	10	2	80	0.0250000
NODE_142887_length_320_cov_35.787330	212	292	12	2	80	0.0250000
NODE_142887_length_320_cov_35.787330	212	292	14	61	80	0.7625000
NODE_142887_length_320_cov_35.787330	265	314	0	1	49	0.0204082
NODE_142887_length_320_cov_35.787330	265	314	2	2	49	0.0408163
NODE_142887_length_320_cov_35.787330	265	314	4	30	49	0.6122449
NODE_142887_length_320_cov_35.787330	265	314	8	4	49	0.0816327
NODE_142887_length_320_cov_35.787330	265	314	14	12	49	0.2448980
NODE_142887_length_320_cov_35.787330	265	320	0	7	55	0.1272727
NODE_142887_length_320_cov_35.787330	265	320	2	2	55	0.0363636
NODE_142887_length_320_cov_35.787330	265	320	4	30	55	0.5454546
NODE_142887_length_320_cov_35.787330	265	320	8	4	55	0.0727273
NODE_142887_length_320_cov_35.787330	265	320	14	12	55	0.2181818
NODE_142887_length_320_cov_35.787330	265	320	0	7	55	0.1272727
NODE_142887_length_320_cov_35.787330	265	320	2	2	55	0.0363636
NODE_142887_length_320_cov_35.787330	265	320	4	30	55	0.5454546
NODE_142887_length_320_cov_35.787330	265	320	8	4	55	0.0727273
NODE_142887_length_320_cov_35.787330	265	320	14	12	55	0.2181818
NODE_142887_length_320_cov_35.787330	268	320	0	7	52	0.1346154
NODE_142887_length_320_cov_35.787330	268	320	2	2	52	0.0384615
NODE_142887_length_320_cov_35.787330	268	320	4	30	52	0.5769231
NODE_142887_length_320_cov_35.787330	268	320	8	4	52	0.0769231
NODE_142887_length_320_cov_35.787330	268	320	14	9	52	0.1730769
NODE_142887_length_320_cov_35.787330	270	320	0	7	50	0.1400000
NODE_142887_length_320_cov_35.787330	270	320	2	2	50	0.0400000
NODE_142887_length_320_cov_35.787330	270	320	4	30	50	0.6000000
NODE_142887_length_320_cov_35.787330	270	320	8	4	50	0.0800000
NODE_142887_length_320_cov_35.787330	270	320	14	7	50	0.1400000
NODE_142900_length_320_cov_5.841629	115	172	2	57	57	1.0000000
NODE_142900_length_320_cov_5.841629	168	225	0	5	57	0.0877193
NODE_142900_length_320_cov_5.841629	168	225	2	52	57	0.9122807
NODE_142934_length_320_cov_4.153846	134	200	0	66	66	1.0000000
NODE_142958_length_320_cov_3.733032	5	40	0	35	35	1.0000000
NODE_142985_length_320_cov_3.402715	142	222	0	13	80	0.1625000
NODE_142985_length_320_cov_3.402715	142	222	2	67	80	0.8375000
NODE_143076_length_320_cov_2.475113	120	187	0	49	67	0.7313433
NODE_143076_length_320_cov_2.475113	120	187	2	18	67	0.2686567
NODE_143142_length_320_cov_2.171946	16	96	0	4	80	0.0500000
NODE_143142_length_320_cov_2.171946	16	96	2	5	80	0.0625000
NODE_143142_length_320_cov_2.171946	16	96	6	17	80	0.2125000
NODE_143142_length_320_cov_2.171946	16	96	8	4	80	0.0500000
NODE_143142_length_320_cov_2.171946	16	96	10	5	80	0.0625000
NODE_143142_length_320_cov_2.171946	16	96	12	11	80	0.1375000
NODE_143142_length_320_cov_2.171946	16	96	14	34	80	0.4250000
NODE_143142_length_320_cov_2.171946	69	149	12	43	80	0.5375000
NODE_143142_length_320_cov_2.171946	69	149	14	37	80	0.4625000
NODE_143207_length_320_cov_1.900452	37	117	0	80	80	1.0000000
NODE_143207_length_320_cov_1.900452	90	164	0	74	74	1.0000000
NODE_143230_length_320_cov_1.846154	188	220	4	32	32	1.0000000
NODE_143309_length_320_cov_1.665158	144	198	0	54	54	1.0000000
NODE_143309_length_320_cov_1.665158	198	251	0	53	53	1.0000000
NODE_143351_length_320_cov_1.601810	157	181	0	24	24	1.0000000
NODE_143351_length_320_cov_1.601810	231	290	0	11	59	0.1864407
NODE_143351_length_320_cov_1.601810	231	290	2	48	59	0.8135593
NODE_143366_length_320_cov_1.556561	0	39	1	6	39	0.1538462
NODE_143366_length_320_cov_1.556561	0	39	2	15	39	0.3846154
NODE_143366_length_320_cov_1.556561	0	39	6	18	39	0.4615385
NODE_143442_length_320_cov_1.384615	18	98	0	80	80	1.0000000
NODE_143442_length_320_cov_1.384615	71	145	0	74	74	1.0000000
NODE_143521_length_320_cov_1.312217	117	170	0	53	53	1.0000000
NODE_143670_length_320_cov_1.117647	58	109	0	51	51	1.0000000
NODE_144091_length_319_cov_5.940909	122	202	0	28	80	0.3500000
NODE_144091_length_319_cov_5.940909	122	202	4	52	80	0.6500000
NODE_144107_length_319_cov_4.700000	16	47	0	31	31	1.0000000
NODE_144137_length_319_cov_4.068182	5	36	0	31	31	1.0000000
NODE_144162_length_319_cov_3.568182	149	229	0	80	80	1.0000000
NODE_144206_length_319_cov_3.036364	112	174	0	62	62	1.0000000
NODE_144226_length_319_cov_2.800000	25	106	0	5	81	0.0617284
NODE_144226_length_319_cov_2.800000	25	106	2	2	81	0.0246914
NODE_144226_length_319_cov_2.800000	25	106	6	1	81	0.0123457
NODE_144226_length_319_cov_2.800000	25	106	11	2	81	0.0246914
NODE_144226_length_319_cov_2.800000	25	106	12	2	81	0.0246914
NODE_144226_length_319_cov_2.800000	25	106	15	1	81	0.0123457
NODE_144226_length_319_cov_2.800000	25	106	17	3	81	0.0370370
NODE_144226_length_319_cov_2.800000	25	106	19	3	81	0.0370370
NODE_144226_length_319_cov_2.800000	25	106	23	27	81	0.3333333
NODE_144226_length_319_cov_2.800000	25	106	24	1	81	0.0123457
NODE_144226_length_319_cov_2.800000	25	106	25	1	81	0.0123457
NODE_144226_length_319_cov_2.800000	25	106	26	3	81	0.0370370
NODE_144226_length_319_cov_2.800000	25	106	28	9	81	0.1111111
NODE_144226_length_319_cov_2.800000	25	106	29	1	81	0.0123457
NODE_144226_length_319_cov_2.800000	25	106	39	18	81	0.2222222
NODE_144226_length_319_cov_2.800000	25	106	41	2	81	0.0246914
NODE_144226_length_319_cov_2.800000	79	158	28	6	79	0.0759494
NODE_144226_length_319_cov_2.800000	79	158	29	1	79	0.0126582
NODE_144226_length_319_cov_2.800000	79	158	36	5	79	0.0632911
NODE_144226_length_319_cov_2.800000	79	158	37	5	79	0.0632911
NODE_144226_length_319_cov_2.800000	79	158	38	16	79	0.2025317
NODE_144226_length_319_cov_2.800000	79	158	39	18	79	0.2278481
NODE_144226_length_319_cov_2.800000	79	158	40	4	79	0.0506329
NODE_144226_length_319_cov_2.800000	79	158	41	11	79	0.1392405
NODE_144226_length_319_cov_2.800000	79	158	42	13	79	0.1645570
NODE_144237_length_319_cov_2.740909	67	147	0	16	80	0.2000000
NODE_144237_length_319_cov_2.740909	67	147	2	64	80	0.8000000
NODE_144252_length_319_cov_2.586364	247	319	0	15	72	0.2083333
NODE_144252_length_319_cov_2.586364	247	319	4	57	72	0.7916667
NODE_144272_length_319_cov_2.463636	90	153	0	63	63	1.0000000
NODE_144272_length_319_cov_2.463636	163	216	2	53	53	1.0000000
NODE_144316_length_319_cov_2.259091	146	212	0	66	66	1.0000000
NODE_144340_length_319_cov_2.163636	213	275	0	62	62	1.0000000
NODE_144390_length_319_cov_1.968182	120	200	2	4	80	0.0500000
NODE_144390_length_319_cov_1.968182	120	200	4	2	80	0.0250000
NODE_144390_length_319_cov_1.968182	120	200	5	57	80	0.7125000
NODE_144390_length_319_cov_1.968182	120	200	6	17	80	0.2125000
NODE_144616_length_319_cov_1.431818	111	157	2	21	46	0.4565217
NODE_144616_length_319_cov_1.431818	111	157	4	25	46	0.5434783
NODE_144629_length_319_cov_1.395455	129	179	0	50	50	1.0000000
NODE_144788_length_319_cov_1.190909	119	182	2	63	63	1.0000000
NODE_144788_length_319_cov_1.190909	197	232	0	35	35	1.0000000
NODE_145289_length_318_cov_232.639269	169	198	149	1	29	0.0344828
NODE_145289_length_318_cov_232.639269	169	198	157	1	29	0.0344828
NODE_145289_length_318_cov_232.639269	169	198	160	2	29	0.0689655
NODE_145289_length_318_cov_232.639269	169	198	161	1	29	0.0344828
NODE_145289_length_318_cov_232.639269	169	198	163	1	29	0.0344828
NODE_145289_length_318_cov_232.639269	169	198	170	1	29	0.0344828
NODE_145289_length_318_cov_232.639269	169	198	174	3	29	0.1034483
NODE_145289_length_318_cov_232.639269	169	198	175	2	29	0.0689655
NODE_145289_length_318_cov_232.639269	169	198	177	1	29	0.0344828
NODE_145289_length_318_cov_232.639269	169	198	179	2	29	0.0689655
NODE_145289_length_318_cov_232.639269	169	198	181	1	29	0.0344828
NODE_145289_length_318_cov_232.639269	169	198	185	2	29	0.0689655
NODE_145289_length_318_cov_232.639269	169	198	187	5	29	0.1724138
NODE_145289_length_318_cov_232.639269	169	198	188	1	29	0.0344828
NODE_145289_length_318_cov_232.639269	169	198	189	3	29	0.1034483
NODE_145289_length_318_cov_232.639269	169	198	190	2	29	0.0689655
NODE_145289_length_318_cov_232.639269	171	246	137	1	75	0.0133333
NODE_145289_length_318_cov_232.639269	171	246	140	1	75	0.0133333
NODE_145289_length_318_cov_232.639269	171	246	147	1	75	0.0133333
NODE_145289_length_318_cov_232.639269	171	246	151	3	75	0.0400000
NODE_145289_length_318_cov_232.639269	171	246	153	3	75	0.0400000
NODE_145289_length_318_cov_232.639269	171	246	155	1	75	0.0133333
NODE_145289_length_318_cov_232.639269	171	246	157	2	75	0.0266667
NODE_145289_length_318_cov_232.639269	171	246	159	1	75	0.0133333
NODE_145289_length_318_cov_232.639269	171	246	160	3	75	0.0400000
NODE_145289_length_318_cov_232.639269	171	246	161	1	75	0.0133333
NODE_145289_length_318_cov_232.639269	171	246	162	1	75	0.0133333
NODE_145289_length_318_cov_232.639269	171	246	163	2	75	0.0266667
NODE_145289_length_318_cov_232.639269	171	246	166	1	75	0.0133333
NODE_145289_length_318_cov_232.639269	171	246	168	1	75	0.0133333
NODE_145289_length_318_cov_232.639269	171	246	170	2	75	0.0266667
NODE_145289_length_318_cov_232.639269	171	246	172	6	75	0.0800000
NODE_145289_length_318_cov_232.639269	171	246	174	4	75	0.0533333
NODE_145289_length_318_cov_232.639269	171	246	175	2	75	0.0266667
NODE_145289_length_318_cov_232.639269	171	246	176	3	75	0.0400000
NODE_145289_length_318_cov_232.639269	171	246	177	4	75	0.0533333
NODE_145289_length_318_cov_232.639269	171	246	179	2	75	0.0266667
NODE_145289_length_318_cov_232.639269	171	246	181	1	75	0.0133333
NODE_145289_length_318_cov_232.639269	171	246	183	3	75	0.0400000
NODE_145289_length_318_cov_232.639269	171	246	184	1	75	0.0133333
NODE_145289_length_318_cov_232.639269	171	246	185	4	75	0.0533333
NODE_145289_length_318_cov_232.639269	171	246	187	5	75	0.0666667
NODE_145289_length_318_cov_232.639269	171	246	188	1	75	0.0133333
NODE_145289_length_318_cov_232.639269	171	246	189	3	75	0.0400000
NODE_145289_length_318_cov_232.639269	171	246	190	5	75	0.0666667
NODE_145289_length_318_cov_232.639269	171	246	191	7	75	0.0933333
NODE_145333_length_318_cov_4.237443	222	294	18	10	72	0.1388889
NODE_145333_length_318_cov_4.237443	222	294	20	62	72	0.8611111
NODE_145348_length_318_cov_3.721461	98	148	0	29	50	0.5800000
NODE_145348_length_318_cov_3.721461	98	148	2	21	50	0.4200000
NODE_145362_length_318_cov_3.515982	60	129	0	69	69	1.0000000
NODE_145362_length_318_cov_3.515982	60	140	0	80	80	1.0000000
NODE_145362_length_318_cov_3.515982	60	140	0	80	80	1.0000000
NODE_145362_length_318_cov_3.515982	113	153	0	40	40	1.0000000
NODE_145362_length_318_cov_3.515982	122	153	0	31	31	1.0000000
NODE_145465_length_318_cov_2.557078	205	247	0	42	42	1.0000000
NODE_145551_length_318_cov_2.109589	70	150	0	6	80	0.0750000
NODE_145551_length_318_cov_2.109589	70	150	2	74	80	0.9250000
NODE_145619_length_318_cov_1.945205	229	286	6	57	57	1.0000000
NODE_145709_length_318_cov_1.739726	242	308	0	44	66	0.6666667
NODE_145709_length_318_cov_1.739726	242	308	3	22	66	0.3333333
NODE_145725_length_318_cov_1.684932	49	80	0	31	31	1.0000000
NODE_145787_length_318_cov_1.561644	99	158	0	59	59	1.0000000
NODE_145807_length_318_cov_1.493151	151	195	0	18	44	0.4090909
NODE_145807_length_318_cov_1.493151	151	195	1	3	44	0.0681818
NODE_145807_length_318_cov_1.493151	151	195	5	23	44	0.5227273
NODE_145807_length_318_cov_1.493151	199	258	5	10	59	0.1694915
NODE_145807_length_318_cov_1.493151	199	258	6	49	59	0.8305085
NODE_145968_length_318_cov_1.301370	91	141	0	31	50	0.6200000
NODE_145968_length_318_cov_1.301370	91	141	2	19	50	0.3800000
NODE_146017_length_318_cov_1.173516	83	150	0	51	67	0.7611941
NODE_146017_length_318_cov_1.173516	83	150	2	16	67	0.2388060
NODE_146065_length_318_cov_1.127854	24	51	2	27	27	1.0000000
NODE_146065_length_318_cov_1.127854	24	60	2	36	36	1.0000000
NODE_146467_length_317_cov_55.467890	172	243	98	1	71	0.0140845
NODE_146467_length_317_cov_55.467890	172	243	100	1	71	0.0140845
NODE_146467_length_317_cov_55.467890	172	243	102	1	71	0.0140845
NODE_146467_length_317_cov_55.467890	172	243	106	1	71	0.0140845
NODE_146467_length_317_cov_55.467890	172	243	108	4	71	0.0563380
NODE_146467_length_317_cov_55.467890	172	243	110	1	71	0.0140845
NODE_146467_length_317_cov_55.467890	172	243	113	4	71	0.0563380
NODE_146467_length_317_cov_55.467890	172	243	115	2	71	0.0281690
NODE_146467_length_317_cov_55.467890	172	243	117	1	71	0.0140845
NODE_146467_length_317_cov_55.467890	172	243	122	1	71	0.0140845
NODE_146467_length_317_cov_55.467890	172	243	124	1	71	0.0140845
NODE_146467_length_317_cov_55.467890	172	243	126	2	71	0.0281690
NODE_146467_length_317_cov_55.467890	172	243	127	3	71	0.0422535
NODE_146467_length_317_cov_55.467890	172	243	128	1	71	0.0140845
NODE_146467_length_317_cov_55.467890	172	243	129	1	71	0.0140845
NODE_146467_length_317_cov_55.467890	172	243	133	1	71	0.0140845
NODE_146467_length_317_cov_55.467890	172	243	135	5	71	0.0704225
NODE_146467_length_317_cov_55.467890	172	243	136	15	71	0.2112676
NODE_146467_length_317_cov_55.467890	172	243	137	1	71	0.0140845
NODE_146467_length_317_cov_55.467890	172	243	138	11	71	0.1549296
NODE_146467_length_317_cov_55.467890	172	243	140	2	71	0.0281690
NODE_146467_length_317_cov_55.467890	172	243	141	10	71	0.1408451
NODE_146467_length_317_cov_55.467890	172	243	143	1	71	0.0140845
NODE_146487_length_317_cov_5.252294	247	307	0	60	60	1.0000000
NODE_146503_length_317_cov_4.467890	105	185	6	80	80	1.0000000
NODE_146503_length_317_cov_4.467890	113	193	4	6	80	0.0750000
NODE_146503_length_317_cov_4.467890	113	193	6	74	80	0.9250000
NODE_146554_length_317_cov_3.298165	146	206	2	60	60	1.0000000
NODE_146562_length_317_cov_3.266055	111	191	0	61	80	0.7625000
NODE_146562_length_317_cov_3.266055	111	191	2	19	80	0.2375000
NODE_146562_length_317_cov_3.266055	164	244	0	8	80	0.1000000
NODE_146562_length_317_cov_3.266055	164	244	2	72	80	0.9000000
NODE_146585_length_317_cov_3.036697	3	79	2	76	76	1.0000000
NODE_146601_length_317_cov_2.825688	14	94	1	39	80	0.4875000
NODE_146601_length_317_cov_2.825688	14	94	2	41	80	0.5125000
NODE_146601_length_317_cov_2.825688	67	147	2	80	80	1.0000000
NODE_146602_length_317_cov_2.821101	142	208	2	23	66	0.3484848
NODE_146602_length_317_cov_2.821101	142	208	4	9	66	0.1363636
NODE_146602_length_317_cov_2.821101	142	208	6	34	66	0.5151515
NODE_146604_length_317_cov_2.816514	121	201	2	12	80	0.1500000
NODE_146604_length_317_cov_2.816514	121	201	4	68	80	0.8500000
NODE_146612_length_317_cov_2.779817	67	138	2	71	71	1.0000000
NODE_147046_length_317_cov_1.353211	166	239	0	2	73	0.0273973
NODE_147046_length_317_cov_1.353211	166	239	2	2	73	0.0273973
NODE_147046_length_317_cov_1.353211	166	239	4	1	73	0.0136986
NODE_147046_length_317_cov_1.353211	166	239	6	68	73	0.9315069
NODE_147046_length_317_cov_1.353211	212	292	0	4	80	0.0500000
NODE_147046_length_317_cov_1.353211	212	292	2	11	80	0.1375000
NODE_147046_length_317_cov_1.353211	212	292	4	4	80	0.0500000
NODE_147046_length_317_cov_1.353211	212	292	6	61	80	0.7625000
NODE_147172_length_317_cov_1.160550	58	117	4	46	59	0.7796610
NODE_147172_length_317_cov_1.160550	58	117	5	13	59	0.2203390
NODE_147172_length_317_cov_1.160550	90	170	3	4	80	0.0500000
NODE_147172_length_317_cov_1.160550	90	170	4	39	80	0.4875000
NODE_147172_length_317_cov_1.160550	90	170	5	20	80	0.2500000
NODE_147172_length_317_cov_1.160550	90	170	6	17	80	0.2125000
NODE_147187_length_317_cov_1.137615	245	313	2	68	68	1.0000000
NODE_147259_length_317_cov_0.967890	170	211	0	41	41	1.0000000
NODE_147373_length_317_cov_0.926606	194	232	0	38	38	1.0000000
NODE_147383_length_317_cov_0.912844	186	244	0	58	58	1.0000000
NODE_147595_length_316_cov_31.502304	96	174	0	22	78	0.2820513
NODE_147595_length_316_cov_31.502304	96	174	2	17	78	0.2179487
NODE_147595_length_316_cov_31.502304	96	174	5	13	78	0.1666667
NODE_147595_length_316_cov_31.502304	96	174	7	5	78	0.0641026
NODE_147595_length_316_cov_31.502304	96	174	10	20	78	0.2564103
NODE_147595_length_316_cov_31.502304	96	174	12	1	78	0.0128205
NODE_147595_length_316_cov_31.502304	96	121	0	22	25	0.8800000
NODE_147595_length_316_cov_31.502304	96	121	2	3	25	0.1200000
NODE_147609_length_316_cov_6.179724	225	278	0	53	53	1.0000000
NODE_147623_length_316_cov_5.539171	91	171	4	13	80	0.1625000
NODE_147623_length_316_cov_5.539171	91	171	6	67	80	0.8375000
NODE_147668_length_316_cov_3.732719	128	208	0	15	80	0.1875000
NODE_147668_length_316_cov_3.732719	128	208	2	65	80	0.8125000
NODE_147668_length_316_cov_3.732719	181	257	0	64	76	0.8421053
NODE_147668_length_316_cov_3.732719	181	257	2	12	76	0.1578947
NODE_147680_length_316_cov_3.589862	185	247	2	62	62	1.0000000
NODE_147684_length_316_cov_3.520737	101	143	0	4	42	0.0952381
NODE_147684_length_316_cov_3.520737	101	143	6	38	42	0.9047619
NODE_147702_length_316_cov_3.221198	108	184	0	10	76	0.1315790
NODE_147702_length_316_cov_3.221198	108	184	2	26	76	0.3421053
NODE_147702_length_316_cov_3.221198	108	184	4	40	76	0.5263158
NODE_147734_length_316_cov_2.824885	274	311	0	37	37	1.0000000
NODE_147736_length_316_cov_2.820276	200	280	0	80	80	1.0000000
NODE_147757_length_316_cov_2.672811	23	80	0	57	57	1.0000000
NODE_147796_length_316_cov_2.456221	104	144	2	40	40	1.0000000
NODE_147985_length_316_cov_1.751152	73	122	2	49	49	1.0000000
NODE_148030_length_316_cov_1.640553	218	300	0	82	82	1.0000000
NODE_148042_length_316_cov_1.631336	180	233	2	53	53	1.0000000
NODE_148042_length_316_cov_1.631336	180	215	2	35	35	1.0000000
NODE_148080_length_316_cov_1.520737	194	275	0	81	81	1.0000000
NODE_148080_length_316_cov_1.520737	248	302	0	54	54	1.0000000
NODE_148086_length_316_cov_1.493088	64	144	0	7	80	0.0875000
NODE_148086_length_316_cov_1.493088	64	144	2	32	80	0.4000000
NODE_148086_length_316_cov_1.493088	64	144	4	41	80	0.5125000
NODE_148193_length_316_cov_1.377880	22	64	0	42	42	1.0000000
NODE_148204_length_316_cov_1.350230	74	117	6	43	43	1.0000000
NODE_148204_length_316_cov_1.350230	90	140	2	11	50	0.2200000
NODE_148204_length_316_cov_1.350230	90	140	6	39	50	0.7800000
NODE_148533_length_316_cov_0.940092	104	180	0	76	76	1.0000000
NODE_148533_length_316_cov_0.940092	155	234	0	79	79	1.0000000
NODE_148693_length_316_cov_0.695853	232	267	0	35	35	1.0000000
NODE_148778_length_315_cov_6.967593	127	191	0	64	64	1.0000000
NODE_148786_length_315_cov_6.300926	67	147	0	80	80	1.0000000
NODE_148786_length_315_cov_6.300926	120	200	0	80	80	1.0000000
NODE_148812_length_315_cov_4.449074	125	205	2	43	80	0.5375000
NODE_148812_length_315_cov_4.449074	125	205	4	37	80	0.4625000
NODE_148812_length_315_cov_4.449074	178	225	0	20	47	0.4255319
NODE_148812_length_315_cov_4.449074	178	225	2	25	47	0.5319149
NODE_148812_length_315_cov_4.449074	178	225	4	2	47	0.0425532
NODE_148834_length_315_cov_4.009259	0	61	0	61	61	1.0000000
NODE_148834_length_315_cov_4.009259	42	61	0	19	19	1.0000000
NODE_148872_length_315_cov_3.421296	37	120	0	1	83	0.0120482
NODE_148872_length_315_cov_3.421296	37	120	2	68	83	0.8192771
NODE_148872_length_315_cov_3.421296	37	120	4	14	83	0.1686747
NODE_148915_length_315_cov_2.847222	0	74	0	74	74	1.0000000
NODE_148915_length_315_cov_2.847222	47	127	0	80	80	1.0000000
NODE_148921_length_315_cov_2.833333	186	253	0	67	67	1.0000000
NODE_148921_length_315_cov_2.833333	186	253	0	67	67	1.0000000
NODE_148991_length_315_cov_2.416667	44	117	0	9	73	0.1232877
NODE_148991_length_315_cov_2.416667	44	117	4	4	73	0.0547945
NODE_148991_length_315_cov_2.416667	44	117	6	60	73	0.8219178
NODE_149074_length_315_cov_2.115741	128	193	0	4	65	0.0615385
NODE_149074_length_315_cov_2.115741	128	193	2	61	65	0.9384615
NODE_149095_length_315_cov_2.004630	270	315	0	45	45	1.0000000
NODE_149201_length_315_cov_1.731481	125	202	0	22	77	0.2857143
NODE_149201_length_315_cov_1.731481	125	202	2	55	77	0.7142857
NODE_149391_length_315_cov_1.384259	183	233	2	50	50	1.0000000
NODE_149935_length_315_cov_0.430556	125	145	0	20	20	1.0000000
NODE_149943_length_314_cov_108.139535	151	213	93	1	62	0.0161290
NODE_149943_length_314_cov_108.139535	151	213	95	2	62	0.0322581
NODE_149943_length_314_cov_108.139535	151	213	97	1	62	0.0161290
NODE_149943_length_314_cov_108.139535	151	213	99	2	62	0.0322581
NODE_149943_length_314_cov_108.139535	151	213	101	1	62	0.0161290
NODE_149943_length_314_cov_108.139535	151	213	102	1	62	0.0161290
NODE_149943_length_314_cov_108.139535	151	213	108	2	62	0.0322581
NODE_149943_length_314_cov_108.139535	151	213	112	1	62	0.0161290
NODE_149943_length_314_cov_108.139535	151	213	113	8	62	0.1290323
NODE_149943_length_314_cov_108.139535	151	213	115	1	62	0.0161290
NODE_149943_length_314_cov_108.139535	151	213	116	2	62	0.0322581
NODE_149943_length_314_cov_108.139535	151	213	117	3	62	0.0483871
NODE_149943_length_314_cov_108.139535	151	213	119	4	62	0.0645161
NODE_149943_length_314_cov_108.139535	151	213	120	4	62	0.0645161
NODE_149943_length_314_cov_108.139535	151	213	121	4	62	0.0645161
NODE_149943_length_314_cov_108.139535	151	213	122	14	62	0.2258064
NODE_149943_length_314_cov_108.139535	151	213	123	2	62	0.0322581
NODE_149943_length_314_cov_108.139535	151	213	124	4	62	0.0645161
NODE_149943_length_314_cov_108.139535	151	213	125	5	62	0.0806452
NODE_149943_length_314_cov_108.139535	160	213	108	2	53	0.0377358
NODE_149943_length_314_cov_108.139535	160	213	113	8	53	0.1509434
NODE_149943_length_314_cov_108.139535	160	213	115	1	53	0.0188679
NODE_149943_length_314_cov_108.139535	160	213	116	2	53	0.0377358
NODE_149943_length_314_cov_108.139535	160	213	117	3	53	0.0566038
NODE_149943_length_314_cov_108.139535	160	213	119	4	53	0.0754717
NODE_149943_length_314_cov_108.139535	160	213	120	4	53	0.0754717
NODE_149943_length_314_cov_108.139535	160	213	121	4	53	0.0754717
NODE_149943_length_314_cov_108.139535	160	213	122	14	53	0.2641509
NODE_149943_length_314_cov_108.139535	160	213	123	2	53	0.0377358
NODE_149943_length_314_cov_108.139535	160	213	124	4	53	0.0754717
NODE_149943_length_314_cov_108.139535	160	213	125	5	53	0.0943396
NODE_149944_length_314_cov_48.134884	245	314	0	69	69	1.0000000
NODE_149946_length_314_cov_9.097674	149	206	0	6	57	0.1052632
NODE_149946_length_314_cov_9.097674	149	206	2	8	57	0.1403509
NODE_149946_length_314_cov_9.097674	149	206	6	1	57	0.0175439
NODE_149946_length_314_cov_9.097674	149	206	8	42	57	0.7368421
NODE_149967_length_314_cov_4.897674	109	189	2	4	80	0.0500000
NODE_149967_length_314_cov_4.897674	109	189	4	24	80	0.3000000
NODE_149967_length_314_cov_4.897674	109	189	6	52	80	0.6500000
NODE_150004_length_314_cov_3.823256	119	199	0	80	80	1.0000000
NODE_150020_length_314_cov_3.558140	32	92	0	2	60	0.0333333
NODE_150020_length_314_cov_3.558140	32	92	2	58	60	0.9666666
NODE_150035_length_314_cov_3.316279	84	126	17	1	42	0.0238095
NODE_150035_length_314_cov_3.316279	84	126	19	18	42	0.4285714
NODE_150035_length_314_cov_3.316279	84	126	20	23	42	0.5476190
NODE_150035_length_314_cov_3.316279	127	180	0	14	53	0.2641509
NODE_150035_length_314_cov_3.316279	127	180	7	7	53	0.1320755
NODE_150035_length_314_cov_3.316279	127	180	9	8	53	0.1509434
NODE_150035_length_314_cov_3.316279	127	180	11	2	53	0.0377358
NODE_150035_length_314_cov_3.316279	127	180	13	15	53	0.2830189
NODE_150035_length_314_cov_3.316279	127	180	15	1	53	0.0188679
NODE_150035_length_314_cov_3.316279	127	180	17	6	53	0.1132075
NODE_150035_length_314_cov_3.316279	128	148	13	14	20	0.7000000
NODE_150035_length_314_cov_3.316279	128	148	15	1	20	0.0500000
NODE_150035_length_314_cov_3.316279	128	148	17	5	20	0.2500000
NODE_150066_length_314_cov_3.032558	252	308	0	56	56	1.0000000
NODE_150141_length_314_cov_2.520930	0	61	1	15	61	0.2459016
NODE_150141_length_314_cov_2.520930	0	61	2	46	61	0.7540984
NODE_150141_length_314_cov_2.520930	34	93	2	59	59	1.0000000
NODE_150153_length_314_cov_2.441860	48	84	0	22	36	0.6111111
NODE_150153_length_314_cov_2.441860	48	84	2	14	36	0.3888889
NODE_150159_length_314_cov_2.395349	62	112	0	50	50	1.0000000
NODE_150200_length_314_cov_2.265116	7	53	2	46	46	1.0000000
NODE_150220_length_314_cov_2.144186	224	264	0	40	40	1.0000000
NODE_150257_length_314_cov_2.004651	68	148	0	39	80	0.4875000
NODE_150257_length_314_cov_2.004651	68	148	2	9	80	0.1125000
NODE_150257_length_314_cov_2.004651	68	148	4	32	80	0.4000000
NODE_150257_length_314_cov_2.004651	121	201	2	4	80	0.0500000
NODE_150257_length_314_cov_2.004651	121	201	4	76	80	0.9500000
NODE_150385_length_314_cov_1.665116	204	242	0	38	38	1.0000000
NODE_150385_length_314_cov_1.665116	215	295	0	80	80	1.0000000
NODE_150647_length_314_cov_1.223256	7	87	3	4	80	0.0500000
NODE_150647_length_314_cov_1.223256	7	87	4	76	80	0.9500000
NODE_150709_length_314_cov_1.167442	1	69	0	68	68	1.0000000
NODE_151193_length_313_cov_156.051402	177	254	10	4	77	0.0519481
NODE_151193_length_313_cov_156.051402	177	254	14	2	77	0.0259740
NODE_151193_length_313_cov_156.051402	177	254	16	12	77	0.1558442
NODE_151193_length_313_cov_156.051402	177	254	20	2	77	0.0259740
NODE_151193_length_313_cov_156.051402	177	254	24	1	77	0.0129870
NODE_151193_length_313_cov_156.051402	177	254	30	1	77	0.0129870
NODE_151193_length_313_cov_156.051402	177	254	38	4	77	0.0519481
NODE_151193_length_313_cov_156.051402	177	254	40	24	77	0.3116883
NODE_151193_length_313_cov_156.051402	177	254	42	9	77	0.1168831
NODE_151193_length_313_cov_156.051402	177	254	46	18	77	0.2337662
NODE_151193_length_313_cov_156.051402	177	254	10	4	77	0.0519481
NODE_151193_length_313_cov_156.051402	177	254	14	2	77	0.0259740
NODE_151193_length_313_cov_156.051402	177	254	16	12	77	0.1558442
NODE_151193_length_313_cov_156.051402	177	254	20	2	77	0.0259740
NODE_151193_length_313_cov_156.051402	177	254	24	1	77	0.0129870
NODE_151193_length_313_cov_156.051402	177	254	30	1	77	0.0129870
NODE_151193_length_313_cov_156.051402	177	254	38	4	77	0.0519481
NODE_151193_length_313_cov_156.051402	177	254	40	24	77	0.3116883
NODE_151193_length_313_cov_156.051402	177	254	42	9	77	0.1168831
NODE_151193_length_313_cov_156.051402	177	254	46	18	77	0.2337662
NODE_151214_length_313_cov_5.359813	135	196	0	61	61	1.0000000
NODE_151214_length_313_cov_5.359813	169	241	0	72	72	1.0000000
NODE_151230_length_313_cov_4.794393	126	206	6	34	80	0.4250000
NODE_151230_length_313_cov_4.794393	126	206	8	7	80	0.0875000
NODE_151230_length_313_cov_4.794393	126	206	9	8	80	0.1000000
NODE_151230_length_313_cov_4.794393	126	206	10	3	80	0.0375000
NODE_151230_length_313_cov_4.794393	126	206	11	28	80	0.3500000
NODE_151230_length_313_cov_4.794393	179	259	0	5	80	0.0625000
NODE_151230_length_313_cov_4.794393	179	259	5	1	80	0.0125000
NODE_151230_length_313_cov_4.794393	179	259	7	8	80	0.1000000
NODE_151230_length_313_cov_4.794393	179	259	9	12	80	0.1500000
NODE_151230_length_313_cov_4.794393	179	259	11	54	80	0.6750000
NODE_151232_length_313_cov_4.761682	104	162	0	58	58	1.0000000
NODE_151232_length_313_cov_4.761682	135	215	0	80	80	1.0000000
NODE_151277_length_313_cov_3.560748	106	186	2	80	80	1.0000000
NODE_151331_length_313_cov_2.953271	92	153	0	61	61	1.0000000
NODE_151364_length_313_cov_2.640187	110	182	2	12	72	0.1666667
NODE_151364_length_313_cov_2.640187	110	182	4	60	72	0.8333333
NODE_151364_length_313_cov_2.640187	113	184	2	11	71	0.1549296
NODE_151364_length_313_cov_2.640187	113	184	4	60	71	0.8450704
NODE_151409_length_313_cov_2.383178	58	137	0	79	79	1.0000000
NODE_151409_length_313_cov_2.383178	110	190	0	80	80	1.0000000
NODE_151474_length_313_cov_2.107477	153	221	22	24	68	0.3529412
NODE_151474_length_313_cov_2.107477	153	221	24	44	68	0.6470588
NODE_151510_length_313_cov_1.934579	107	187	0	31	80	0.3875000
NODE_151510_length_313_cov_1.934579	107	187	2	15	80	0.1875000
NODE_151510_length_313_cov_1.934579	107	187	4	15	80	0.1875000
NODE_151510_length_313_cov_1.934579	107	187	6	19	80	0.2375000
NODE_151510_length_313_cov_1.934579	160	240	4	21	80	0.2625000
NODE_151510_length_313_cov_1.934579	160	240	6	59	80	0.7375000
NODE_151576_length_313_cov_1.780374	236	296	0	60	60	1.0000000
NODE_151623_length_313_cov_1.663551	58	135	0	77	77	1.0000000
NODE_151703_length_313_cov_1.439252	0	64	0	15	64	0.2343750
NODE_151703_length_313_cov_1.439252	0	64	2	49	64	0.7656250
NODE_151703_length_313_cov_1.439252	37	82	2	45	45	1.0000000
NODE_151753_length_313_cov_1.429907	74	111	2	37	37	1.0000000
NODE_151753_length_313_cov_1.429907	109	172	0	5	63	0.0793651
NODE_151753_length_313_cov_1.429907	109	172	2	58	63	0.9206349
NODE_151953_length_313_cov_1.172897	106	161	0	45	55	0.8181818
NODE_151953_length_313_cov_1.172897	106	161	2	8	55	0.1454545
NODE_151953_length_313_cov_1.172897	106	161	4	2	55	0.0363636
NODE_151953_length_313_cov_1.172897	149	214	0	2	65	0.0307692
NODE_151953_length_313_cov_1.172897	149	214	2	8	65	0.1230769
NODE_151953_length_313_cov_1.172897	149	214	4	55	65	0.8461539
NODE_152525_length_312_cov_3.723005	178	238	0	28	60	0.4666667
NODE_152525_length_312_cov_3.723005	178	238	2	32	60	0.5333334
NODE_152525_length_312_cov_3.723005	231	291	2	60	60	1.0000000
NODE_152609_length_312_cov_2.723005	34	96	4	62	62	1.0000000
NODE_152609_length_312_cov_2.723005	87	149	0	34	62	0.5483871
NODE_152609_length_312_cov_2.723005	87	149	2	14	62	0.2258064
NODE_152609_length_312_cov_2.723005	87	149	4	14	62	0.2258064
NODE_152680_length_312_cov_2.333333	6	70	0	64	64	1.0000000
NODE_152680_length_312_cov_2.333333	43	123	0	80	80	1.0000000
NODE_152686_length_312_cov_2.267606	176	208	0	26	32	0.8125000
NODE_152686_length_312_cov_2.267606	176	208	2	6	32	0.1875000
NODE_152697_length_312_cov_2.234742	108	169	0	61	61	1.0000000
NODE_152751_length_312_cov_2.014085	141	205	2	8	64	0.1250000
NODE_152751_length_312_cov_2.014085	141	205	3	1	64	0.0156250
NODE_152751_length_312_cov_2.014085	141	205	4	55	64	0.8593750
NODE_152751_length_312_cov_2.014085	178	258	2	8	80	0.1000000
NODE_152751_length_312_cov_2.014085	178	258	3	13	80	0.1625000
NODE_152751_length_312_cov_2.014085	178	258	4	59	80	0.7375000
NODE_152827_length_312_cov_1.835681	176	221	0	45	45	1.0000000
NODE_152827_length_312_cov_1.835681	194	269	0	75	75	1.0000000
NODE_153222_length_312_cov_1.173709	87	133	1	3	46	0.0652174
NODE_153222_length_312_cov_1.173709	87	133	3	3	46	0.0652174
NODE_153222_length_312_cov_1.173709	87	133	7	5	46	0.1086956
NODE_153222_length_312_cov_1.173709	87	133	10	1	46	0.0217391
NODE_153222_length_312_cov_1.173709	87	133	11	8	46	0.1739130
NODE_153222_length_312_cov_1.173709	87	133	12	3	46	0.0652174
NODE_153222_length_312_cov_1.173709	87	133	13	8	46	0.1739130
NODE_153222_length_312_cov_1.173709	87	133	14	1	46	0.0217391
NODE_153222_length_312_cov_1.173709	87	133	15	14	46	0.3043478
NODE_153222_length_312_cov_1.173709	150	217	20	4	67	0.0597015
NODE_153222_length_312_cov_1.173709	150	217	22	5	67	0.0746269
NODE_153222_length_312_cov_1.173709	150	217	26	23	67	0.3432836
NODE_153222_length_312_cov_1.173709	150	217	28	30	67	0.4477612
NODE_153222_length_312_cov_1.173709	150	217	30	5	67	0.0746269
NODE_153532_length_312_cov_0.788732	49	110	0	61	61	1.0000000
NODE_153532_length_312_cov_0.788732	102	163	0	61	61	1.0000000
NODE_153708_length_311_cov_5.179245	155	235	2	23	80	0.2875000
NODE_153708_length_311_cov_5.179245	155	235	6	57	80	0.7125000
NODE_153721_length_311_cov_4.589623	133	200	2	6	67	0.0895522
NODE_153721_length_311_cov_4.589623	133	200	4	61	67	0.9104478
NODE_153730_length_311_cov_4.358491	199	263	0	64	64	1.0000000
NODE_153743_length_311_cov_3.929245	91	127	0	36	36	1.0000000
NODE_153755_length_311_cov_3.825472	224	304	0	15	80	0.1875000
NODE_153755_length_311_cov_3.825472	224	304	3	3	80	0.0375000
NODE_153755_length_311_cov_3.825472	224	304	4	62	80	0.7750000
NODE_153773_length_311_cov_3.466981	106	186	0	7	80	0.0875000
NODE_153773_length_311_cov_3.466981	106	186	2	73	80	0.9125000
NODE_153796_length_311_cov_3.188679	39	96	0	7	57	0.1228070
NODE_153796_length_311_cov_3.188679	39	96	2	50	57	0.8771930
NODE_153846_length_311_cov_2.702830	144	193	2	2	49	0.0408163
NODE_153846_length_311_cov_2.702830	144	193	4	47	49	0.9591837
NODE_153850_length_311_cov_2.665094	43	113	2	70	70	1.0000000
NODE_153859_length_311_cov_2.617925	206	284	0	78	78	1.0000000
NODE_153859_length_311_cov_2.617925	257	301	0	44	44	1.0000000
NODE_153913_length_311_cov_2.349057	177	204	2	27	27	1.0000000
NODE_153919_length_311_cov_2.325472	74	138	0	64	64	1.0000000
NODE_153947_length_311_cov_2.188679	21	92	0	71	71	1.0000000
NODE_154014_length_311_cov_1.924528	46	65	0	19	19	1.0000000
NODE_154056_length_311_cov_1.891509	122	180	0	58	58	1.0000000
NODE_154188_length_311_cov_1.594340	0	35	2	35	35	1.0000000
NODE_154190_length_311_cov_1.589623	96	151	3	55	55	1.0000000
NODE_154194_length_311_cov_1.570755	125	145	0	20	20	1.0000000
NODE_154957_length_311_cov_0.613208	136	216	0	5	80	0.0625000
NODE_154957_length_311_cov_0.613208	136	216	2	75	80	0.9375000
NODE_154957_length_311_cov_0.613208	189	264	0	53	75	0.7066666
NODE_154957_length_311_cov_0.613208	189	264	2	22	75	0.2933333
NODE_154996_length_310_cov_96.995261	211	249	71	7	38	0.1842105
NODE_154996_length_310_cov_96.995261	211	249	73	8	38	0.2105263
NODE_154996_length_310_cov_96.995261	211	249	74	1	38	0.0263158
NODE_154996_length_310_cov_96.995261	211	249	76	22	38	0.5789474
NODE_155001_length_310_cov_7.767773	80	151	4	71	71	1.0000000
NODE_155001_length_310_cov_7.767773	134	189	0	30	55	0.5454546
NODE_155001_length_310_cov_7.767773	134	189	4	25	55	0.4545455
NODE_155017_length_310_cov_5.914692	84	134	2	22	50	0.4400000
NODE_155017_length_310_cov_5.914692	84	134	3	3	50	0.0600000
NODE_155017_length_310_cov_5.914692	84	134	4	25	50	0.5000000
NODE_155017_length_310_cov_5.914692	113	134	4	21	21	1.0000000
NODE_155017_length_310_cov_5.914692	113	188	0	3	75	0.0400000
NODE_155017_length_310_cov_5.914692	113	188	2	9	75	0.1200000
NODE_155017_length_310_cov_5.914692	113	188	4	63	75	0.8400000
NODE_155066_length_310_cov_3.777251	146	226	4	19	80	0.2375000
NODE_155066_length_310_cov_3.777251	146	226	6	61	80	0.7625000
NODE_155115_length_310_cov_3.180095	137	211	2	9	74	0.1216216
NODE_155115_length_310_cov_3.180095	137	211	4	40	74	0.5405405
NODE_155115_length_310_cov_3.180095	137	211	6	10	74	0.1351351
NODE_155115_length_310_cov_3.180095	137	211	12	15	74	0.2027027
NODE_155179_length_310_cov_2.630332	122	174	0	52	52	1.0000000
NODE_155179_length_310_cov_2.630332	175	222	0	47	47	1.0000000
NODE_155180_length_310_cov_2.625592	258	301	0	43	43	1.0000000
NODE_155195_length_310_cov_2.563981	149	196	2	47	47	1.0000000
NODE_155195_length_310_cov_2.563981	169	249	2	80	80	1.0000000
NODE_155261_length_310_cov_2.298578	213	259	4	46	46	1.0000000
NODE_155334_length_310_cov_2.009479	223	303	0	80	80	1.0000000
NODE_155439_length_310_cov_1.729858	53	91	0	38	38	1.0000000
NODE_155768_length_310_cov_1.222749	181	244	0	63	63	1.0000000
NODE_155864_length_310_cov_1.142180	65	135	4	1	70	0.0142857
NODE_155864_length_310_cov_1.142180	65	135	6	1	70	0.0142857
NODE_155864_length_310_cov_1.142180	65	135	8	6	70	0.0857143
NODE_155864_length_310_cov_1.142180	65	135	16	8	70	0.1142857
NODE_155864_length_310_cov_1.142180	65	135	18	10	70	0.1428571
NODE_155864_length_310_cov_1.142180	65	135	20	14	70	0.2000000
NODE_155864_length_310_cov_1.142180	65	135	22	30	70	0.4285714
NODE_155937_length_310_cov_0.966825	131	212	0	5	81	0.0617284
NODE_155937_length_310_cov_0.966825	131	212	2	31	81	0.3827161
NODE_155937_length_310_cov_0.966825	131	212	4	45	81	0.5555556
NODE_155937_length_310_cov_0.966825	193	256	2	36	63	0.5714286
NODE_155937_length_310_cov_0.966825	193	256	4	27	63	0.4285714
NODE_156078_length_310_cov_0.924171	180	222	0	4	42	0.0952381
NODE_156078_length_310_cov_0.924171	180	222	2	38	42	0.9047619
NODE_156174_length_310_cov_0.739336	208	288	0	80	80	1.0000000
NODE_156332_length_309_cov_8.552381	154	234	4	80	80	1.0000000
NODE_156340_length_309_cov_6.147619	20	83	2	63	63	1.0000000
NODE_156349_length_309_cov_5.147619	213	291	0	24	78	0.3076923
NODE_156349_length_309_cov_5.147619	213	291	2	54	78	0.6923077
NODE_156364_length_309_cov_4.585714	15	95	0	80	80	1.0000000
NODE_156472_length_309_cov_3.028571	0	47	6	47	47	1.0000000
NODE_156472_length_309_cov_3.028571	20	101	6	81	81	1.0000000
NODE_156563_length_309_cov_2.304762	179	218	0	28	39	0.7179487
NODE_156563_length_309_cov_2.304762	179	218	2	11	39	0.2820513
NODE_156615_length_309_cov_2.095238	55	85	0	30	30	1.0000000
NODE_156678_length_309_cov_1.938095	2	73	0	71	71	1.0000000
NODE_156950_length_309_cov_1.414286	189	231	0	42	42	1.0000000
NODE_156978_length_309_cov_1.376190	94	168	0	71	74	0.9594595
NODE_156978_length_309_cov_1.376190	94	168	2	3	74	0.0405405
NODE_157334_length_309_cov_0.966667	134	153	0	19	19	1.0000000
NODE_157469_length_309_cov_0.738095	150	215	2	25	65	0.3846154
NODE_157469_length_309_cov_0.738095	150	215	4	21	65	0.3230769
NODE_157469_length_309_cov_0.738095	150	215	6	19	65	0.2923077
NODE_157661_length_308_cov_4.775120	137	174	0	3	37	0.0810811
NODE_157661_length_308_cov_4.775120	137	174	2	34	37	0.9189189
NODE_157690_length_308_cov_3.966507	126	206	0	80	80	1.0000000
NODE_157705_length_308_cov_3.665072	11	75	0	64	64	1.0000000
NODE_157819_length_308_cov_2.593301	137	193	6	56	56	1.0000000
NODE_157852_length_308_cov_2.435407	14	58	0	44	44	1.0000000
NODE_157852_length_308_cov_2.435407	31	111	0	80	80	1.0000000
NODE_157898_length_308_cov_2.191388	14	80	0	66	66	1.0000000
NODE_157903_length_308_cov_2.191388	236	296	0	60	60	1.0000000
NODE_157969_length_308_cov_1.952153	251	296	0	45	45	1.0000000
NODE_158083_length_308_cov_1.708134	102	148	4	46	46	1.0000000
NODE_158276_length_308_cov_1.435407	196	276	0	72	80	0.9000000
NODE_158276_length_308_cov_1.435407	196	276	2	8	80	0.1000000
NODE_158439_length_308_cov_1.162679	260	300	0	40	40	1.0000000
NODE_158439_length_308_cov_1.162679	273	307	0	34	34	1.0000000
NODE_158447_length_308_cov_1.148325	35	83	0	48	48	1.0000000
NODE_158448_length_308_cov_1.148325	253	308	0	55	55	1.0000000
NODE_158510_length_308_cov_1.038278	147	202	4	55	55	1.0000000
NODE_158811_length_308_cov_0.684211	196	275	0	79	79	1.0000000
NODE_158821_length_308_cov_0.660287	109	157	0	31	48	0.6458333
NODE_158821_length_308_cov_0.660287	109	157	2	17	48	0.3541667
NODE_158821_length_308_cov_0.660287	130	210	0	10	80	0.1250000
NODE_158821_length_308_cov_0.660287	130	210	2	70	80	0.8750000
NODE_158905_length_307_cov_30.725962	0	73	0	9	73	0.1232877
NODE_158905_length_307_cov_30.725962	0	73	2	64	73	0.8767123
NODE_158905_length_307_cov_30.725962	46	99	2	53	53	1.0000000
NODE_158906_length_307_cov_25.096154	84	164	2	13	80	0.1625000
NODE_158906_length_307_cov_25.096154	84	164	5	1	80	0.0125000
NODE_158906_length_307_cov_25.096154	84	164	6	19	80	0.2375000
NODE_158906_length_307_cov_25.096154	84	164	8	47	80	0.5875000
NODE_158906_length_307_cov_25.096154	137	217	4	37	80	0.4625000
NODE_158906_length_307_cov_25.096154	137	217	6	30	80	0.3750000
NODE_158906_length_307_cov_25.096154	137	217	8	13	80	0.1625000
NODE_158933_length_307_cov_5.524038	150	221	0	10	71	0.1408451
NODE_158933_length_307_cov_5.524038	150	221	6	40	71	0.5633803
NODE_158933_length_307_cov_5.524038	150	221	8	21	71	0.2957746
NODE_158983_length_307_cov_3.730769	172	252	0	80	80	1.0000000
NODE_158983_length_307_cov_3.730769	225	305	0	80	80	1.0000000
NODE_158999_length_307_cov_3.322115	20	100	0	13	80	0.1625000
NODE_158999_length_307_cov_3.322115	20	100	2	1	80	0.0125000
NODE_158999_length_307_cov_3.322115	20	100	3	1	80	0.0125000
NODE_158999_length_307_cov_3.322115	20	100	4	7	80	0.0875000
NODE_158999_length_307_cov_3.322115	20	100	6	58	80	0.7250000
NODE_158999_length_307_cov_3.322115	78	153	6	75	75	1.0000000
NODE_159000_length_307_cov_3.317308	12	94	0	14	82	0.1707317
NODE_159000_length_307_cov_3.317308	12	94	2	68	82	0.8292683
NODE_159000_length_307_cov_3.317308	76	134	0	54	58	0.9310345
NODE_159000_length_307_cov_3.317308	76	134	2	4	58	0.0689655
NODE_159053_length_307_cov_2.870192	43	108	2	65	65	1.0000000
NODE_159084_length_307_cov_2.653846	117	177	14	4	60	0.0666667
NODE_159084_length_307_cov_2.653846	117	177	16	18	60	0.3000000
NODE_159084_length_307_cov_2.653846	117	177	18	38	60	0.6333333
NODE_159142_length_307_cov_2.346154	54	105	2	7	51	0.1372549
NODE_159142_length_307_cov_2.346154	54	105	4	44	51	0.8627451
NODE_159351_length_307_cov_1.716346	124	165	0	41	41	1.0000000
NODE_159362_length_307_cov_1.716346	30	93	0	63	63	1.0000000
NODE_159407_length_307_cov_1.600962	221	269	0	48	48	1.0000000
NODE_159407_length_307_cov_1.600962	242	307	0	65	65	1.0000000
NODE_159447_length_307_cov_1.475962	252	307	0	11	55	0.2000000
NODE_159447_length_307_cov_1.475962	252	307	2	44	55	0.8000000
NODE_159585_length_307_cov_1.326923	96	142	0	14	46	0.3043478
NODE_159585_length_307_cov_1.326923	96	142	2	32	46	0.6956522
NODE_159585_length_307_cov_1.326923	115	195	2	80	80	1.0000000
NODE_159618_length_307_cov_1.264423	13	61	0	48	48	1.0000000
NODE_159618_length_307_cov_1.264423	23	54	0	31	31	1.0000000
NODE_159696_length_307_cov_1.197115	92	121	2	29	29	1.0000000
NODE_159787_length_307_cov_1.000000	132	168	0	6	36	0.1666667
NODE_159787_length_307_cov_1.000000	132	168	2	30	36	0.8333333
NODE_160213_length_306_cov_74.526570	68	136	4	27	68	0.3970588
NODE_160213_length_306_cov_74.526570	68	136	8	38	68	0.5588235
NODE_160213_length_306_cov_74.526570	68	136	9	1	68	0.0147059
NODE_160213_length_306_cov_74.526570	68	136	10	2	68	0.0294118
NODE_160213_length_306_cov_74.526570	68	148	4	27	80	0.3375000
NODE_160213_length_306_cov_74.526570	68	148	7	3	80	0.0375000
NODE_160213_length_306_cov_74.526570	68	148	8	44	80	0.5500000
NODE_160213_length_306_cov_74.526570	68	148	9	4	80	0.0500000
NODE_160213_length_306_cov_74.526570	68	148	10	2	80	0.0250000
NODE_160213_length_306_cov_74.526570	121	201	7	3	80	0.0375000
NODE_160213_length_306_cov_74.526570	121	201	8	19	80	0.2375000
NODE_160213_length_306_cov_74.526570	121	201	9	23	80	0.2875000
NODE_160213_length_306_cov_74.526570	121	201	10	2	80	0.0250000
NODE_160213_length_306_cov_74.526570	121	201	11	6	80	0.0750000
NODE_160213_length_306_cov_74.526570	121	201	17	3	80	0.0375000
NODE_160213_length_306_cov_74.526570	121	201	18	18	80	0.2250000
NODE_160213_length_306_cov_74.526570	121	201	20	6	80	0.0750000
NODE_160213_length_306_cov_74.526570	121	201	7	3	80	0.0375000
NODE_160213_length_306_cov_74.526570	121	201	8	19	80	0.2375000
NODE_160213_length_306_cov_74.526570	121	201	9	23	80	0.2875000
NODE_160213_length_306_cov_74.526570	121	201	10	2	80	0.0250000
NODE_160213_length_306_cov_74.526570	121	201	11	6	80	0.0750000
NODE_160213_length_306_cov_74.526570	121	201	17	3	80	0.0375000
NODE_160213_length_306_cov_74.526570	121	201	18	18	80	0.2250000
NODE_160213_length_306_cov_74.526570	121	201	20	6	80	0.0750000
NODE_160213_length_306_cov_74.526570	197	277	14	8	80	0.1000000
NODE_160213_length_306_cov_74.526570	197	277	16	8	80	0.1000000
NODE_160213_length_306_cov_74.526570	197	277	18	64	80	0.8000000
NODE_160213_length_306_cov_74.526570	197	277	14	8	80	0.1000000
NODE_160213_length_306_cov_74.526570	197	277	16	8	80	0.1000000
NODE_160213_length_306_cov_74.526570	197	277	18	64	80	0.8000000
NODE_160213_length_306_cov_74.526570	197	277	14	8	80	0.1000000
NODE_160213_length_306_cov_74.526570	197	277	16	8	80	0.1000000
NODE_160213_length_306_cov_74.526570	197	277	18	64	80	0.8000000
NODE_160213_length_306_cov_74.526570	250	299	2	3	49	0.0612245
NODE_160213_length_306_cov_74.526570	250	299	4	4	49	0.0816327
NODE_160213_length_306_cov_74.526570	250	299	5	7	49	0.1428571
NODE_160213_length_306_cov_74.526570	250	299	6	3	49	0.0612245
NODE_160213_length_306_cov_74.526570	250	299	8	2	49	0.0408163
NODE_160213_length_306_cov_74.526570	250	299	14	11	49	0.2244898
NODE_160213_length_306_cov_74.526570	250	299	16	8	49	0.1632653
NODE_160213_length_306_cov_74.526570	250	299	18	11	49	0.2244898
NODE_160213_length_306_cov_74.526570	250	306	1	7	56	0.1250000
NODE_160213_length_306_cov_74.526570	250	306	2	3	56	0.0535714
NODE_160213_length_306_cov_74.526570	250	306	4	4	56	0.0714286
NODE_160213_length_306_cov_74.526570	250	306	5	7	56	0.1250000
NODE_160213_length_306_cov_74.526570	250	306	6	3	56	0.0535714
NODE_160213_length_306_cov_74.526570	250	306	8	2	56	0.0357143
NODE_160213_length_306_cov_74.526570	250	306	14	11	56	0.1964286
NODE_160213_length_306_cov_74.526570	250	306	16	8	56	0.1428571
NODE_160213_length_306_cov_74.526570	250	306	18	11	56	0.1964286
NODE_160213_length_306_cov_74.526570	255	306	1	7	51	0.1372549
NODE_160213_length_306_cov_74.526570	255	306	2	3	51	0.0588235
NODE_160213_length_306_cov_74.526570	255	306	4	4	51	0.0784314
NODE_160213_length_306_cov_74.526570	255	306	5	7	51	0.1372549
NODE_160213_length_306_cov_74.526570	255	306	6	3	51	0.0588235
NODE_160213_length_306_cov_74.526570	255	306	8	2	51	0.0392157
NODE_160213_length_306_cov_74.526570	255	306	14	11	51	0.2156863
NODE_160213_length_306_cov_74.526570	255	306	16	8	51	0.1568628
NODE_160213_length_306_cov_74.526570	255	306	18	6	51	0.1176471
NODE_160217_length_306_cov_7.396135	23	117	0	94	94	1.0000000
NODE_160217_length_306_cov_7.396135	90	170	0	80	80	1.0000000
NODE_160261_length_306_cov_4.275362	67	147	0	80	80	1.0000000
NODE_160275_length_306_cov_3.937198	104	176	3	16	72	0.2222222
NODE_160275_length_306_cov_3.937198	104	176	4	56	72	0.7777778
NODE_160300_length_306_cov_3.444444	130	206	0	9	76	0.1184211
NODE_160300_length_306_cov_3.444444	130	206	2	67	76	0.8815789
NODE_160323_length_306_cov_3.217391	198	278	0	80	80	1.0000000
NODE_160333_length_306_cov_3.043478	90	171	0	81	81	1.0000000
NODE_160333_length_306_cov_3.043478	144	202	0	58	58	1.0000000
NODE_160340_length_306_cov_2.956522	242	273	0	31	31	1.0000000
NODE_160355_length_306_cov_2.884058	173	243	2	70	70	1.0000000
NODE_160403_length_306_cov_2.574879	122	203	0	81	81	1.0000000
NODE_160403_length_306_cov_2.574879	176	254	0	78	78	1.0000000
NODE_160475_length_306_cov_2.265700	223	278	2	10	55	0.1818182
NODE_160475_length_306_cov_2.265700	223	278	4	45	55	0.8181818
NODE_160512_length_306_cov_2.106280	73	149	2	5	76	0.0657895
NODE_160512_length_306_cov_2.106280	73	149	5	22	76	0.2894737
NODE_160512_length_306_cov_2.106280	73	149	6	49	76	0.6447368
NODE_160512_length_306_cov_2.106280	125	205	2	10	80	0.1250000
NODE_160512_length_306_cov_2.106280	125	205	4	7	80	0.0875000
NODE_160512_length_306_cov_2.106280	125	205	5	14	80	0.1750000
NODE_160512_length_306_cov_2.106280	125	205	6	49	80	0.6125000
NODE_160608_length_306_cov_1.879227	165	196	8	31	31	1.0000000
NODE_160752_length_306_cov_1.478261	206	237	0	31	31	1.0000000
NODE_160761_length_306_cov_1.478261	157	220	0	63	63	1.0000000
NODE_160833_length_306_cov_1.434783	40	88	2	48	48	1.0000000
NODE_160875_length_306_cov_1.357488	128	171	8	43	43	1.0000000
NODE_160992_length_306_cov_1.222222	216	252	0	36	36	1.0000000
NODE_160992_length_306_cov_1.222222	230	305	0	75	75	1.0000000
NODE_161018_length_306_cov_1.188406	79	159	0	22	80	0.2750000
NODE_161018_length_306_cov_1.188406	79	159	2	58	80	0.7250000
NODE_161042_length_306_cov_1.130435	122	202	0	80	80	1.0000000
NODE_161042_length_306_cov_1.130435	175	255	0	80	80	1.0000000
NODE_161078_length_306_cov_1.067633	156	188	0	32	32	1.0000000
NODE_161234_length_306_cov_0.975845	219	247	0	28	28	1.0000000
NODE_161246_length_306_cov_0.956522	206	284	4	78	78	1.0000000
NODE_161550_length_305_cov_5.718447	177	243	0	66	66	1.0000000
NODE_161566_length_305_cov_4.854369	55	135	0	73	80	0.9125000
NODE_161566_length_305_cov_4.854369	55	135	1	7	80	0.0875000
NODE_161584_length_305_cov_4.266990	186	266	0	35	80	0.4375000
NODE_161584_length_305_cov_4.266990	186	266	2	7	80	0.0875000
NODE_161584_length_305_cov_4.266990	186	266	4	36	80	0.4500000
NODE_161584_length_305_cov_4.266990	186	266	8	2	80	0.0250000
NODE_161723_length_305_cov_2.616505	220	263	0	43	43	1.0000000
NODE_161723_length_305_cov_2.616505	236	305	0	69	69	1.0000000
NODE_161726_length_305_cov_2.597087	171	256	44	2	85	0.0235294
NODE_161726_length_305_cov_2.597087	171	256	45	7	85	0.0823529
NODE_161726_length_305_cov_2.597087	171	256	47	1	85	0.0117647
NODE_161726_length_305_cov_2.597087	171	256	53	3	85	0.0352941
NODE_161726_length_305_cov_2.597087	171	256	55	7	85	0.0823529
NODE_161726_length_305_cov_2.597087	171	256	57	7	85	0.0823529
NODE_161726_length_305_cov_2.597087	171	256	58	2	85	0.0235294
NODE_161726_length_305_cov_2.597087	171	256	59	11	85	0.1294118
NODE_161726_length_305_cov_2.597087	171	256	61	2	85	0.0235294
NODE_161726_length_305_cov_2.597087	171	256	63	38	85	0.4470588
NODE_161726_length_305_cov_2.597087	171	256	65	5	85	0.0588235
NODE_161732_length_305_cov_2.533981	3	57	0	3	54	0.0555556
NODE_161732_length_305_cov_2.533981	3	57	2	51	54	0.9444444
NODE_161775_length_305_cov_2.339806	149	237	10	5	88	0.0568182
NODE_161775_length_305_cov_2.339806	149	237	12	39	88	0.4431818
NODE_161775_length_305_cov_2.339806	149	237	16	18	88	0.2045455
NODE_161775_length_305_cov_2.339806	149	237	18	26	88	0.2954545
NODE_161795_length_305_cov_2.228155	194	274	0	80	80	1.0000000
NODE_161795_length_305_cov_2.228155	247	300	0	53	53	1.0000000
NODE_161877_length_305_cov_1.975728	44	116	0	9	72	0.1250000
NODE_161877_length_305_cov_1.975728	44	116	2	1	72	0.0138889
NODE_161877_length_305_cov_1.975728	44	116	4	5	72	0.0694444
NODE_161877_length_305_cov_1.975728	44	116	6	57	72	0.7916667
NODE_161908_length_305_cov_1.883495	135	172	14	1	37	0.0270270
NODE_161908_length_305_cov_1.883495	135	172	16	36	37	0.9729730
NODE_161990_length_305_cov_1.674757	14	80	0	66	66	1.0000000
NODE_161990_length_305_cov_1.674757	53	133	0	80	80	1.0000000
NODE_161996_length_305_cov_1.655340	110	179	0	30	69	0.4347826
NODE_161996_length_305_cov_1.655340	110	179	2	1	69	0.0144928
NODE_161996_length_305_cov_1.655340	110	179	4	38	69	0.5507246
NODE_162123_length_305_cov_1.466019	153	238	4	4	85	0.0470588
NODE_162123_length_305_cov_1.466019	153	238	6	20	85	0.2352941
NODE_162123_length_305_cov_1.466019	153	238	8	17	85	0.2000000
NODE_162123_length_305_cov_1.466019	153	238	12	24	85	0.2823530
NODE_162123_length_305_cov_1.466019	153	238	14	5	85	0.0588235
NODE_162123_length_305_cov_1.466019	153	238	16	1	85	0.0117647
NODE_162123_length_305_cov_1.466019	153	238	18	1	85	0.0117647
NODE_162123_length_305_cov_1.466019	153	238	20	1	85	0.0117647
NODE_162123_length_305_cov_1.466019	153	238	22	12	85	0.1411765
NODE_162123_length_305_cov_1.466019	222	284	12	1	62	0.0161290
NODE_162123_length_305_cov_1.466019	222	284	14	1	62	0.0161290
NODE_162123_length_305_cov_1.466019	222	284	16	7	62	0.1129032
NODE_162123_length_305_cov_1.466019	222	284	18	10	62	0.1612903
NODE_162123_length_305_cov_1.466019	222	284	20	5	62	0.0806452
NODE_162123_length_305_cov_1.466019	222	284	22	38	62	0.6129032
NODE_162169_length_305_cov_1.398058	28	75	0	47	47	1.0000000
NODE_162198_length_305_cov_1.330097	212	292	2	15	80	0.1875000
NODE_162198_length_305_cov_1.330097	212	292	4	27	80	0.3375000
NODE_162198_length_305_cov_1.330097	212	292	6	38	80	0.4750000
NODE_162198_length_305_cov_1.330097	265	305	1	9	40	0.2250000
NODE_162198_length_305_cov_1.330097	265	305	2	19	40	0.4750000
NODE_162198_length_305_cov_1.330097	265	305	4	12	40	0.3000000
NODE_162359_length_305_cov_1.111650	245	275	0	30	30	1.0000000
NODE_162411_length_305_cov_0.990291	46	126	0	80	80	1.0000000
NODE_162593_length_305_cov_0.873786	73	109	0	36	36	1.0000000
NODE_162782_length_305_cov_0.631068	86	166	0	80	80	1.0000000
NODE_162782_length_305_cov_0.631068	139	186	0	47	47	1.0000000
NODE_162854_length_304_cov_44.482927	61	102	32	36	41	0.8780488
NODE_162854_length_304_cov_44.482927	61	102	34	5	41	0.1219512
NODE_162855_length_304_cov_30.678049	205	281	0	35	76	0.4605263
NODE_162855_length_304_cov_30.678049	205	281	2	41	76	0.5394737
NODE_162855_length_304_cov_30.678049	254	304	0	50	50	1.0000000
NODE_162886_length_304_cov_4.956098	72	152	6	14	80	0.1750000
NODE_162886_length_304_cov_4.956098	72	152	8	27	80	0.3375000
NODE_162886_length_304_cov_4.956098	72	152	10	39	80	0.4875000
NODE_162919_length_304_cov_3.980488	46	126	2	80	80	1.0000000
NODE_162919_length_304_cov_3.980488	99	179	1	33	80	0.4125000
NODE_162919_length_304_cov_3.980488	99	179	2	47	80	0.5875000
NODE_162932_length_304_cov_3.809756	108	156	0	48	48	1.0000000
NODE_162955_length_304_cov_3.424390	67	129	0	62	62	1.0000000
NODE_162955_length_304_cov_3.424390	120	182	0	62	62	1.0000000
NODE_162997_length_304_cov_2.980488	105	126	0	21	21	1.0000000
NODE_163048_length_304_cov_2.629268	106	186	3	12	80	0.1500000
NODE_163048_length_304_cov_2.629268	106	186	5	28	80	0.3500000
NODE_163048_length_304_cov_2.629268	106	186	7	1	80	0.0125000
NODE_163048_length_304_cov_2.629268	106	186	8	39	80	0.4875000
NODE_163048_length_304_cov_2.629268	159	209	0	1	50	0.0200000
NODE_163048_length_304_cov_2.629268	159	209	2	8	50	0.1600000
NODE_163048_length_304_cov_2.629268	159	209	3	26	50	0.5200000
NODE_163048_length_304_cov_2.629268	159	209	5	15	50	0.3000000
NODE_163116_length_304_cov_2.239024	57	137	0	80	80	1.0000000
NODE_163116_length_304_cov_2.239024	110	152	0	42	42	1.0000000
NODE_163148_length_304_cov_2.170732	112	145	0	5	33	0.1515152
NODE_163148_length_304_cov_2.170732	112	145	2	21	33	0.6363636
NODE_163148_length_304_cov_2.170732	112	145	4	7	33	0.2121212
NODE_163148_length_304_cov_2.170732	146	198	4	52	52	1.0000000
NODE_163333_length_304_cov_1.687805	219	288	0	69	69	1.0000000
NODE_163432_length_304_cov_1.492683	190	238	0	48	48	1.0000000
NODE_163559_length_304_cov_1.287805	99	165	28	3	66	0.0454545
NODE_163559_length_304_cov_1.287805	99	165	30	29	66	0.4393939
NODE_163559_length_304_cov_1.287805	99	165	31	23	66	0.3484848
NODE_163559_length_304_cov_1.287805	99	165	32	11	66	0.1666667
NODE_163670_length_304_cov_1.175610	0	30	0	30	30	1.0000000
NODE_163895_length_304_cov_0.951220	70	150	4	10	80	0.1250000
NODE_163895_length_304_cov_0.951220	70	150	12	4	80	0.0500000
NODE_163895_length_304_cov_0.951220	70	150	14	66	80	0.8250000
NODE_164171_length_303_cov_30.843137	46	97	0	51	51	1.0000000
NODE_164194_length_303_cov_5.401961	33	79	0	46	46	1.0000000
NODE_164224_length_303_cov_4.210784	136	205	6	14	69	0.2028985
NODE_164224_length_303_cov_4.210784	136	205	9	1	69	0.0144928
NODE_164224_length_303_cov_4.210784	136	205	10	30	69	0.4347826
NODE_164224_length_303_cov_4.210784	136	205	12	24	69	0.3478261
NODE_164224_length_303_cov_4.210784	178	259	0	13	81	0.1604938
NODE_164224_length_303_cov_4.210784	178	259	2	36	81	0.4444444
NODE_164224_length_303_cov_4.210784	178	259	6	19	81	0.2345679
NODE_164224_length_303_cov_4.210784	178	259	9	1	81	0.0123457
NODE_164224_length_303_cov_4.210784	178	259	10	8	81	0.0987654
NODE_164224_length_303_cov_4.210784	178	259	12	4	81	0.0493827
NODE_164251_length_303_cov_3.671569	9	75	2	66	66	1.0000000
NODE_164251_length_303_cov_3.671569	48	128	2	80	80	1.0000000
NODE_164251_length_303_cov_3.671569	48	128	2	80	80	1.0000000
NODE_164251_length_303_cov_3.671569	220	300	0	80	80	1.0000000
NODE_164267_length_303_cov_3.500000	55	123	0	68	68	1.0000000
NODE_164272_length_303_cov_3.460784	0	67	0	31	67	0.4626866
NODE_164272_length_303_cov_3.460784	0	67	2	2	67	0.0298507
NODE_164272_length_303_cov_3.460784	0	67	4	4	67	0.0597015
NODE_164272_length_303_cov_3.460784	0	67	10	2	67	0.0298507
NODE_164272_length_303_cov_3.460784	0	67	11	7	67	0.1044776
NODE_164272_length_303_cov_3.460784	0	67	15	1	67	0.0149254
NODE_164272_length_303_cov_3.460784	0	67	17	2	67	0.0298507
NODE_164272_length_303_cov_3.460784	0	67	19	2	67	0.0298507
NODE_164272_length_303_cov_3.460784	0	67	20	3	67	0.0447761
NODE_164272_length_303_cov_3.460784	0	67	21	1	67	0.0149254
NODE_164272_length_303_cov_3.460784	0	67	24	1	67	0.0149254
NODE_164272_length_303_cov_3.460784	0	67	28	1	67	0.0149254
NODE_164272_length_303_cov_3.460784	0	67	30	2	67	0.0298507
NODE_164272_length_303_cov_3.460784	0	67	31	2	67	0.0298507
NODE_164272_length_303_cov_3.460784	0	67	37	6	67	0.0895522
NODE_164272_length_303_cov_3.460784	98	178	103	1	80	0.0125000
NODE_164272_length_303_cov_3.460784	98	178	107	1	80	0.0125000
NODE_164272_length_303_cov_3.460784	98	178	109	1	80	0.0125000
NODE_164272_length_303_cov_3.460784	98	178	118	1	80	0.0125000
NODE_164272_length_303_cov_3.460784	98	178	126	1	80	0.0125000
NODE_164272_length_303_cov_3.460784	98	178	136	1	80	0.0125000
NODE_164272_length_303_cov_3.460784	98	178	138	1	80	0.0125000
NODE_164272_length_303_cov_3.460784	98	178	140	2	80	0.0250000
NODE_164272_length_303_cov_3.460784	98	178	141	1	80	0.0125000
NODE_164272_length_303_cov_3.460784	98	178	150	2	80	0.0250000
NODE_164272_length_303_cov_3.460784	98	178	153	2	80	0.0250000
NODE_164272_length_303_cov_3.460784	98	178	155	1	80	0.0125000
NODE_164272_length_303_cov_3.460784	98	178	162	4	80	0.0500000
NODE_164272_length_303_cov_3.460784	98	178	164	2	80	0.0250000
NODE_164272_length_303_cov_3.460784	98	178	166	8	80	0.1000000
NODE_164272_length_303_cov_3.460784	98	178	167	1	80	0.0125000
NODE_164272_length_303_cov_3.460784	98	178	169	2	80	0.0250000
NODE_164272_length_303_cov_3.460784	98	178	174	1	80	0.0125000
NODE_164272_length_303_cov_3.460784	98	178	176	1	80	0.0125000
NODE_164272_length_303_cov_3.460784	98	178	177	2	80	0.0250000
NODE_164272_length_303_cov_3.460784	98	178	178	5	80	0.0625000
NODE_164272_length_303_cov_3.460784	98	178	179	1	80	0.0125000
NODE_164272_length_303_cov_3.460784	98	178	180	4	80	0.0500000
NODE_164272_length_303_cov_3.460784	98	178	182	3	80	0.0375000
NODE_164272_length_303_cov_3.460784	98	178	183	1	80	0.0125000
NODE_164272_length_303_cov_3.460784	98	178	185	1	80	0.0125000
NODE_164272_length_303_cov_3.460784	98	178	186	2	80	0.0250000
NODE_164272_length_303_cov_3.460784	98	178	187	1	80	0.0125000
NODE_164272_length_303_cov_3.460784	98	178	189	1	80	0.0125000
NODE_164272_length_303_cov_3.460784	98	178	190	1	80	0.0125000
NODE_164272_length_303_cov_3.460784	98	178	192	14	80	0.1750000
NODE_164272_length_303_cov_3.460784	98	178	193	2	80	0.0250000
NODE_164272_length_303_cov_3.460784	98	178	194	8	80	0.1000000
NODE_164272_length_303_cov_3.460784	151	191	163	1	40	0.0250000
NODE_164272_length_303_cov_3.460784	151	191	167	1	40	0.0250000
NODE_164272_length_303_cov_3.460784	151	191	170	1	40	0.0250000
NODE_164272_length_303_cov_3.460784	151	191	171	3	40	0.0750000
NODE_164272_length_303_cov_3.460784	151	191	173	4	40	0.1000000
NODE_164272_length_303_cov_3.460784	151	191	175	1	40	0.0250000
NODE_164272_length_303_cov_3.460784	151	191	176	1	40	0.0250000
NODE_164272_length_303_cov_3.460784	151	191	177	4	40	0.1000000
NODE_164272_length_303_cov_3.460784	151	191	178	4	40	0.1000000
NODE_164272_length_303_cov_3.460784	151	191	180	4	40	0.1000000
NODE_164272_length_303_cov_3.460784	151	191	182	3	40	0.0750000
NODE_164272_length_303_cov_3.460784	151	191	186	2	40	0.0500000
NODE_164272_length_303_cov_3.460784	151	191	190	1	40	0.0250000
NODE_164272_length_303_cov_3.460784	151	191	192	10	40	0.2500000
NODE_164283_length_303_cov_3.352941	77	146	0	48	69	0.6956522
NODE_164283_length_303_cov_3.352941	77	146	2	21	69	0.3043478
NODE_164433_length_303_cov_2.284314	78	158	4	25	80	0.3125000
NODE_164433_length_303_cov_2.284314	78	158	6	55	80	0.6875000
NODE_164433_length_303_cov_2.284314	215	295	0	80	80	1.0000000
NODE_164581_length_303_cov_1.848039	90	170	0	80	80	1.0000000
NODE_164581_length_303_cov_1.848039	143	223	0	80	80	1.0000000
NODE_164581_length_303_cov_1.848039	212	235	0	23	23	1.0000000
NODE_164668_length_303_cov_1.686275	62	88	0	26	26	1.0000000
NODE_164695_length_303_cov_1.583333	206	270	0	64	64	1.0000000
NODE_164800_length_303_cov_1.475490	155	221	0	66	66	1.0000000
NODE_164846_length_303_cov_1.392157	135	213	6	22	78	0.2820513
NODE_164846_length_303_cov_1.392157	135	213	8	56	78	0.7179487
NODE_164878_length_303_cov_1.318627	0	75	0	75	75	1.0000000
NODE_164974_length_303_cov_1.215686	278	297	0	19	19	1.0000000
NODE_165498_length_302_cov_10.852217	266	300	0	34	34	1.0000000
NODE_165502_length_302_cov_7.896552	46	131	0	85	85	1.0000000
NODE_165502_length_302_cov_7.896552	104	160	0	56	56	1.0000000
NODE_165505_length_302_cov_7.266010	135	191	2	56	56	1.0000000
NODE_165507_length_302_cov_7.216749	93	149	10	4	56	0.0714286
NODE_165507_length_302_cov_7.216749	93	149	12	52	56	0.9285714
NODE_165507_length_302_cov_7.216749	155	226	4	37	71	0.5211267
NODE_165507_length_302_cov_7.216749	155	226	8	1	71	0.0140845
NODE_165507_length_302_cov_7.216749	155	226	10	12	71	0.1690141
NODE_165507_length_302_cov_7.216749	155	226	12	21	71	0.2957746
NODE_165517_length_302_cov_6.172414	179	243	0	64	64	1.0000000
NODE_165517_length_302_cov_6.172414	232	287	0	55	55	1.0000000
NODE_165528_length_302_cov_5.586207	221	293	0	63	72	0.8750000
NODE_165528_length_302_cov_5.586207	221	293	2	9	72	0.1250000
NODE_165641_length_302_cov_2.985222	104	186	4	11	82	0.1341463
NODE_165641_length_302_cov_2.985222	104	186	6	1	82	0.0121951
NODE_165641_length_302_cov_2.985222	104	186	8	37	82	0.4512195
NODE_165641_length_302_cov_2.985222	104	186	10	33	82	0.4024390
NODE_165848_length_302_cov_2.009852	12	34	0	22	22	1.0000000
NODE_165934_length_302_cov_1.758621	98	152	0	54	54	1.0000000
NODE_165945_length_302_cov_1.758621	230	294	0	64	64	1.0000000
NODE_166007_length_302_cov_1.620690	172	232	3	8	60	0.1333333
NODE_166007_length_302_cov_1.620690	172	232	4	17	60	0.2833333
NODE_166007_length_302_cov_1.620690	172	232	5	35	60	0.5833333
NODE_166007_length_302_cov_1.620690	225	277	2	40	52	0.7692308
NODE_166007_length_302_cov_1.620690	225	277	4	12	52	0.2307692
NODE_166320_length_302_cov_1.172414	34	103	0	69	69	1.0000000
NODE_166381_length_302_cov_1.044335	54	130	0	76	76	1.0000000
NODE_166617_length_302_cov_0.847291	94	172	4	1	78	0.0128205
NODE_166617_length_302_cov_0.847291	94	172	8	4	78	0.0512821
NODE_166617_length_302_cov_0.847291	94	172	10	1	78	0.0128205
NODE_166617_length_302_cov_0.847291	94	172	12	1	78	0.0128205
NODE_166617_length_302_cov_0.847291	94	172	14	15	78	0.1923077
NODE_166617_length_302_cov_0.847291	94	172	16	10	78	0.1282051
NODE_166617_length_302_cov_0.847291	94	172	17	6	78	0.0769231
NODE_166617_length_302_cov_0.847291	94	172	21	1	78	0.0128205
NODE_166617_length_302_cov_0.847291	94	172	22	3	78	0.0384615
NODE_166617_length_302_cov_0.847291	94	172	23	1	78	0.0128205
NODE_166617_length_302_cov_0.847291	94	172	27	1	78	0.0128205
NODE_166617_length_302_cov_0.847291	94	172	29	2	78	0.0256410
NODE_166617_length_302_cov_0.847291	94	172	30	1	78	0.0128205
NODE_166617_length_302_cov_0.847291	94	172	38	1	78	0.0128205
NODE_166617_length_302_cov_0.847291	94	172	42	6	78	0.0769231
NODE_166617_length_302_cov_0.847291	94	172	43	11	78	0.1410256
NODE_166617_length_302_cov_0.847291	94	172	47	1	78	0.0128205
NODE_166617_length_302_cov_0.847291	94	172	48	12	78	0.1538462
NODE_166617_length_302_cov_0.847291	94	172	4	1	78	0.0128205
NODE_166617_length_302_cov_0.847291	94	172	8	4	78	0.0512821
NODE_166617_length_302_cov_0.847291	94	172	10	1	78	0.0128205
NODE_166617_length_302_cov_0.847291	94	172	12	1	78	0.0128205
NODE_166617_length_302_cov_0.847291	94	172	14	15	78	0.1923077
NODE_166617_length_302_cov_0.847291	94	172	16	10	78	0.1282051
NODE_166617_length_302_cov_0.847291	94	172	17	6	78	0.0769231
NODE_166617_length_302_cov_0.847291	94	172	21	1	78	0.0128205
NODE_166617_length_302_cov_0.847291	94	172	22	3	78	0.0384615
NODE_166617_length_302_cov_0.847291	94	172	23	1	78	0.0128205
NODE_166617_length_302_cov_0.847291	94	172	27	1	78	0.0128205
NODE_166617_length_302_cov_0.847291	94	172	29	2	78	0.0256410
NODE_166617_length_302_cov_0.847291	94	172	30	1	78	0.0128205
NODE_166617_length_302_cov_0.847291	94	172	38	1	78	0.0128205
NODE_166617_length_302_cov_0.847291	94	172	42	6	78	0.0769231
NODE_166617_length_302_cov_0.847291	94	172	43	11	78	0.1410256
NODE_166617_length_302_cov_0.847291	94	172	47	1	78	0.0128205
NODE_166617_length_302_cov_0.847291	94	172	48	12	78	0.1538462
NODE_166617_length_302_cov_0.847291	103	172	14	13	69	0.1884058
NODE_166617_length_302_cov_0.847291	103	172	16	10	69	0.1449275
NODE_166617_length_302_cov_0.847291	103	172	17	6	69	0.0869565
NODE_166617_length_302_cov_0.847291	103	172	21	1	69	0.0144928
NODE_166617_length_302_cov_0.847291	103	172	22	3	69	0.0434783
NODE_166617_length_302_cov_0.847291	103	172	23	1	69	0.0144928
NODE_166617_length_302_cov_0.847291	103	172	27	1	69	0.0144928
NODE_166617_length_302_cov_0.847291	103	172	29	2	69	0.0289855
NODE_166617_length_302_cov_0.847291	103	172	30	1	69	0.0144928
NODE_166617_length_302_cov_0.847291	103	172	38	1	69	0.0144928
NODE_166617_length_302_cov_0.847291	103	172	42	6	69	0.0869565
NODE_166617_length_302_cov_0.847291	103	172	43	11	69	0.1594203
NODE_166617_length_302_cov_0.847291	103	172	47	1	69	0.0144928
NODE_166617_length_302_cov_0.847291	103	172	48	12	69	0.1739130
NODE_166638_length_302_cov_0.807882	97	177	0	80	80	1.0000000
NODE_166819_length_301_cov_6.960396	268	299	0	31	31	1.0000000
NODE_166827_length_301_cov_6.148515	214	283	0	69	69	1.0000000
NODE_166889_length_301_cov_3.747525	116	196	2	26	80	0.3250000
NODE_166889_length_301_cov_3.747525	116	196	4	14	80	0.1750000
NODE_166889_length_301_cov_3.747525	116	196	10	9	80	0.1125000
NODE_166889_length_301_cov_3.747525	116	196	12	31	80	0.3875000
NODE_166904_length_301_cov_3.509901	217	277	2	10	60	0.1666667
NODE_166904_length_301_cov_3.509901	217	277	4	1	60	0.0166667
NODE_166904_length_301_cov_3.509901	217	277	5	3	60	0.0500000
NODE_166904_length_301_cov_3.509901	217	277	6	39	60	0.6500000
NODE_166904_length_301_cov_3.509901	217	277	8	2	60	0.0333333
NODE_166904_length_301_cov_3.509901	217	277	11	1	60	0.0166667
NODE_166904_length_301_cov_3.509901	217	277	12	3	60	0.0500000
NODE_166904_length_301_cov_3.509901	217	277	14	1	60	0.0166667
NODE_166993_length_301_cov_2.653465	133	213	0	1	80	0.0125000
NODE_166993_length_301_cov_2.653465	133	213	4	10	80	0.1250000
NODE_166993_length_301_cov_2.653465	133	213	6	13	80	0.1625000
NODE_166993_length_301_cov_2.653465	133	213	8	56	80	0.7000000
NODE_167126_length_301_cov_2.084158	178	258	18	6	80	0.0750000
NODE_167126_length_301_cov_2.084158	178	258	20	6	80	0.0750000
NODE_167126_length_301_cov_2.084158	178	258	24	6	80	0.0750000
NODE_167126_length_301_cov_2.084158	178	258	28	62	80	0.7750000
NODE_167215_length_301_cov_1.831683	111	175	0	64	64	1.0000000
NODE_167215_length_301_cov_1.831683	164	228	0	64	64	1.0000000
NODE_167308_length_301_cov_1.603960	173	233	0	60	60	1.0000000
NODE_167313_length_301_cov_1.584158	30	108	0	78	78	1.0000000
NODE_167434_length_301_cov_1.470297	90	165	0	75	75	1.0000000
NODE_167508_length_301_cov_1.326733	175	247	0	72	72	1.0000000
NODE_167612_length_301_cov_1.247525	29	73	0	44	44	1.0000000
NODE_167642_length_301_cov_1.183168	123	203	4	80	80	1.0000000
NODE_167659_length_301_cov_1.163366	10	83	0	73	73	1.0000000
NODE_167659_length_301_cov_1.163366	91	121	0	30	30	1.0000000
NODE_167668_length_301_cov_1.148515	161	209	0	48	48	1.0000000
NODE_167880_length_301_cov_0.980198	242	297	0	55	55	1.0000000
NODE_167891_length_301_cov_0.960396	22	63	0	41	41	1.0000000
NODE_168253_length_300_cov_3.402985	44	124	0	80	80	1.0000000
NODE_168253_length_300_cov_3.402985	97	177	0	57	80	0.7125000
NODE_168253_length_300_cov_3.402985	97	177	2	23	80	0.2875000
NODE_168253_length_300_cov_3.402985	173	254	2	17	81	0.2098765
NODE_168253_length_300_cov_3.402985	173	254	4	64	81	0.7901235
NODE_168253_length_300_cov_3.402985	233	300	0	1	67	0.0149254
NODE_168253_length_300_cov_3.402985	233	300	2	49	67	0.7313433
NODE_168253_length_300_cov_3.402985	233	300	4	17	67	0.2537313
NODE_168265_length_300_cov_3.298507	18	98	0	80	80	1.0000000
NODE_168360_length_300_cov_2.597015	110	182	12	72	72	1.0000000
NODE_168363_length_300_cov_2.572139	28	102	0	14	74	0.1891892
NODE_168363_length_300_cov_2.572139	28	102	2	1	74	0.0135135
NODE_168363_length_300_cov_2.572139	28	102	4	7	74	0.0945946
NODE_168363_length_300_cov_2.572139	28	102	6	4	74	0.0540541
NODE_168363_length_300_cov_2.572139	28	102	8	4	74	0.0540541
NODE_168363_length_300_cov_2.572139	28	102	10	2	74	0.0270270
NODE_168363_length_300_cov_2.572139	28	102	14	6	74	0.0810811
NODE_168363_length_300_cov_2.572139	28	102	16	9	74	0.1216216
NODE_168363_length_300_cov_2.572139	28	102	17	1	74	0.0135135
NODE_168363_length_300_cov_2.572139	28	102	19	10	74	0.1351351
NODE_168363_length_300_cov_2.572139	28	102	21	1	74	0.0135135
NODE_168363_length_300_cov_2.572139	28	102	22	2	74	0.0270270
NODE_168363_length_300_cov_2.572139	28	102	28	13	74	0.1756757
NODE_168363_length_300_cov_2.572139	75	141	17	1	66	0.0151515
NODE_168363_length_300_cov_2.572139	75	141	19	10	66	0.1515152
NODE_168363_length_300_cov_2.572139	75	141	21	1	66	0.0151515
NODE_168363_length_300_cov_2.572139	75	141	22	2	66	0.0303030
NODE_168363_length_300_cov_2.572139	75	141	28	52	66	0.7878788
NODE_168402_length_300_cov_2.417910	0	44	0	44	44	1.0000000
NODE_168459_length_300_cov_2.174129	117	197	0	18	80	0.2250000
NODE_168459_length_300_cov_2.174129	117	197	1	13	80	0.1625000
NODE_168459_length_300_cov_2.174129	117	197	3	3	80	0.0375000
NODE_168459_length_300_cov_2.174129	117	197	5	1	80	0.0125000
NODE_168459_length_300_cov_2.174129	117	197	8	3	80	0.0375000
NODE_168459_length_300_cov_2.174129	117	197	10	1	80	0.0125000
NODE_168459_length_300_cov_2.174129	117	197	16	1	80	0.0125000
NODE_168459_length_300_cov_2.174129	117	197	20	6	80	0.0750000
NODE_168459_length_300_cov_2.174129	117	197	22	1	80	0.0125000
NODE_168459_length_300_cov_2.174129	117	197	28	5	80	0.0625000
NODE_168459_length_300_cov_2.174129	117	197	30	28	80	0.3500000
NODE_168459_length_300_cov_2.174129	170	250	30	41	80	0.5125000
NODE_168459_length_300_cov_2.174129	170	250	34	2	80	0.0250000
NODE_168459_length_300_cov_2.174129	170	250	38	2	80	0.0250000
NODE_168459_length_300_cov_2.174129	170	250	40	2	80	0.0250000
NODE_168459_length_300_cov_2.174129	170	250	42	2	80	0.0250000
NODE_168459_length_300_cov_2.174129	170	250	44	31	80	0.3875000
NODE_168459_length_300_cov_2.174129	216	296	13	2	80	0.0250000
NODE_168459_length_300_cov_2.174129	216	296	16	2	80	0.0250000
NODE_168459_length_300_cov_2.174129	216	296	17	2	80	0.0250000
NODE_168459_length_300_cov_2.174129	216	296	21	3	80	0.0375000
NODE_168459_length_300_cov_2.174129	216	296	23	2	80	0.0250000
NODE_168459_length_300_cov_2.174129	216	296	26	5	80	0.0625000
NODE_168459_length_300_cov_2.174129	216	296	30	6	80	0.0750000
NODE_168459_length_300_cov_2.174129	216	296	34	5	80	0.0625000
NODE_168459_length_300_cov_2.174129	216	296	36	3	80	0.0375000
NODE_168459_length_300_cov_2.174129	216	296	38	7	80	0.0875000
NODE_168459_length_300_cov_2.174129	216	296	40	3	80	0.0375000
NODE_168459_length_300_cov_2.174129	216	296	42	2	80	0.0250000
NODE_168459_length_300_cov_2.174129	216	296	44	38	80	0.4750000
NODE_168462_length_300_cov_2.164179	122	141	0	19	19	1.0000000
NODE_168479_length_300_cov_2.079602	127	207	6	6	80	0.0750000
NODE_168479_length_300_cov_2.079602	127	207	8	9	80	0.1125000
NODE_168479_length_300_cov_2.079602	127	207	10	3	80	0.0375000
NODE_168479_length_300_cov_2.079602	127	207	12	9	80	0.1125000
NODE_168479_length_300_cov_2.079602	127	207	13	40	80	0.5000000
NODE_168479_length_300_cov_2.079602	127	207	14	13	80	0.1625000
NODE_168479_length_300_cov_2.079602	203	273	0	45	70	0.6428571
NODE_168479_length_300_cov_2.079602	203	273	2	9	70	0.1285714
NODE_168479_length_300_cov_2.079602	203	273	6	16	70	0.2285714
NODE_168541_length_300_cov_1.965174	15	86	0	71	71	1.0000000
NODE_168656_length_300_cov_1.731343	31	88	10	5	57	0.0877193
NODE_168656_length_300_cov_1.731343	31	88	12	52	57	0.9122807
NODE_168906_length_300_cov_1.268657	62	98	0	33	36	0.9166667
NODE_168906_length_300_cov_1.268657	62	98	2	3	36	0.0833333
NODE_168906_length_300_cov_1.268657	151	186	0	35	35	1.0000000
NODE_169014_length_300_cov_1.104478	86	165	4	16	79	0.2025317
NODE_169014_length_300_cov_1.104478	86	165	6	20	79	0.2531646
NODE_169014_length_300_cov_1.104478	86	165	8	43	79	0.5443038
NODE_169053_length_300_cov_1.029851	110	177	0	42	67	0.6268657
NODE_169053_length_300_cov_1.029851	110	177	2	25	67	0.3731343
NODE_169053_length_300_cov_1.029851	120	177	0	42	57	0.7368421
NODE_169053_length_300_cov_1.029851	120	177	2	15	57	0.2631579
NODE_169378_length_300_cov_0.716418	191	210	0	19	19	1.0000000
NODE_169528_length_299_cov_4.435000	48	128	0	14	80	0.1750000
NODE_169528_length_299_cov_4.435000	48	128	2	66	80	0.8250000
NODE_169528_length_299_cov_4.435000	101	167	2	66	66	1.0000000
NODE_169567_length_299_cov_3.780000	114	181	0	67	67	1.0000000
NODE_169631_length_299_cov_3.095000	0	73	0	73	73	1.0000000
NODE_169631_length_299_cov_3.095000	0	20	0	20	20	1.0000000
NODE_169725_length_299_cov_2.495000	46	126	2	80	80	1.0000000
NODE_169725_length_299_cov_2.495000	99	179	0	46	80	0.5750000
NODE_169725_length_299_cov_2.495000	99	179	2	34	80	0.4250000
NODE_169769_length_299_cov_2.275000	127	192	0	65	65	1.0000000
NODE_169781_length_299_cov_2.250000	72	135	4	2	63	0.0317460
NODE_169781_length_299_cov_2.250000	72	135	6	61	63	0.9682540
NODE_169781_length_299_cov_2.250000	108	188	0	2	80	0.0250000
NODE_169781_length_299_cov_2.250000	108	188	2	16	80	0.2000000
NODE_169781_length_299_cov_2.250000	108	188	4	12	80	0.1500000
NODE_169781_length_299_cov_2.250000	108	188	6	50	80	0.6250000
NODE_169811_length_299_cov_2.090000	25	105	0	80	80	1.0000000
NODE_169888_length_299_cov_1.955000	173	214	2	41	41	1.0000000
NODE_169888_length_299_cov_1.955000	187	227	2	40	40	1.0000000
NODE_169916_length_299_cov_1.885000	29	109	0	80	80	1.0000000
NODE_169920_length_299_cov_1.880000	204	236	0	32	32	1.0000000
NODE_169938_length_299_cov_1.840000	154	190	0	36	36	1.0000000
NODE_169995_length_299_cov_1.710000	211	291	0	80	80	1.0000000
NODE_170048_length_299_cov_1.550000	174	205	0	31	31	1.0000000
NODE_170501_length_299_cov_1.020000	42	115	0	73	73	1.0000000
NODE_170546_length_299_cov_1.020000	132	175	0	43	43	1.0000000
NODE_170620_length_299_cov_0.935000	173	216	0	43	43	1.0000000
NODE_170691_length_299_cov_0.765000	86	128	0	42	42	1.0000000
NODE_170887_length_298_cov_20.894472	70	150	0	72	80	0.9000000
NODE_170887_length_298_cov_20.894472	70	150	2	8	80	0.1000000
NODE_170887_length_298_cov_20.894472	123	203	0	19	80	0.2375000
NODE_170887_length_298_cov_20.894472	123	203	2	61	80	0.7625000
NODE_170888_length_298_cov_13.859296	228	298	0	39	70	0.5571429
NODE_170888_length_298_cov_13.859296	228	298	4	31	70	0.4428571
NODE_170909_length_298_cov_5.859296	1	65	0	4	64	0.0625000
NODE_170909_length_298_cov_5.859296	1	65	2	8	64	0.1250000
NODE_170909_length_298_cov_5.859296	1	65	4	52	64	0.8125000
NODE_170909_length_298_cov_5.859296	38	118	0	1	80	0.0125000
NODE_170909_length_298_cov_5.859296	38	118	2	25	80	0.3125000
NODE_170909_length_298_cov_5.859296	38	118	4	54	80	0.6750000
NODE_170909_length_298_cov_5.859296	114	194	0	5	80	0.0625000
NODE_170909_length_298_cov_5.859296	114	194	2	49	80	0.6125000
NODE_170909_length_298_cov_5.859296	114	194	3	8	80	0.1000000
NODE_170909_length_298_cov_5.859296	114	194	4	18	80	0.2250000
NODE_170909_length_298_cov_5.859296	167	238	2	1	71	0.0140845
NODE_170909_length_298_cov_5.859296	167	238	3	8	71	0.1126761
NODE_170909_length_298_cov_5.859296	167	238	4	62	71	0.8732395
NODE_170964_length_298_cov_3.829146	80	160	8	12	80	0.1500000
NODE_170964_length_298_cov_3.829146	80	160	10	50	80	0.6250000
NODE_170964_length_298_cov_3.829146	80	160	12	1	80	0.0125000
NODE_170964_length_298_cov_3.829146	80	160	14	17	80	0.2125000
NODE_170964_length_298_cov_3.829146	133	213	4	29	80	0.3625000
NODE_170964_length_298_cov_3.829146	133	213	8	1	80	0.0125000
NODE_170964_length_298_cov_3.829146	133	213	10	11	80	0.1375000
NODE_170964_length_298_cov_3.829146	133	213	12	6	80	0.0750000
NODE_170964_length_298_cov_3.829146	133	213	14	33	80	0.4125000
NODE_170968_length_298_cov_3.733668	203	283	2	80	80	1.0000000
NODE_170972_length_298_cov_3.673367	117	175	18	27	58	0.4655173
NODE_170972_length_298_cov_3.673367	117	175	21	18	58	0.3103448
NODE_170972_length_298_cov_3.673367	117	175	22	13	58	0.2241379
NODE_171043_length_298_cov_2.924623	159	239	2	10	80	0.1250000
NODE_171043_length_298_cov_2.924623	159	239	3	12	80	0.1500000
NODE_171043_length_298_cov_2.924623	159	239	5	20	80	0.2500000
NODE_171043_length_298_cov_2.924623	159	239	6	15	80	0.1875000
NODE_171043_length_298_cov_2.924623	159	239	7	3	80	0.0375000
NODE_171043_length_298_cov_2.924623	159	239	8	6	80	0.0750000
NODE_171043_length_298_cov_2.924623	159	239	10	8	80	0.1000000
NODE_171043_length_298_cov_2.924623	159	239	12	6	80	0.0750000
NODE_171043_length_298_cov_2.924623	212	265	2	36	53	0.6792453
NODE_171043_length_298_cov_2.924623	212	265	3	12	53	0.2264151
NODE_171043_length_298_cov_2.924623	212	265	5	5	53	0.0943396
NODE_171047_length_298_cov_2.854271	50	120	2	70	70	1.0000000
NODE_171082_length_298_cov_2.663317	87	167	0	80	80	1.0000000
NODE_171082_length_298_cov_2.663317	140	192	0	52	52	1.0000000
NODE_171191_length_298_cov_2.201005	112	166	0	54	54	1.0000000
NODE_171210_length_298_cov_2.120603	135	166	0	31	31	1.0000000
NODE_171226_length_298_cov_2.055276	69	132	0	63	63	1.0000000
NODE_171286_length_298_cov_2.025126	21	92	0	71	71	1.0000000
NODE_171356_length_298_cov_1.798995	0	67	0	67	67	1.0000000
NODE_171356_length_298_cov_1.798995	40	106	0	66	66	1.0000000
NODE_171391_length_298_cov_1.788945	140	197	0	57	57	1.0000000
NODE_171415_length_298_cov_1.733668	56	91	0	35	35	1.0000000
NODE_171415_length_298_cov_1.733668	118	172	0	54	54	1.0000000
NODE_171505_length_298_cov_1.537688	101	154	0	5	53	0.0943396
NODE_171505_length_298_cov_1.537688	101	154	2	48	53	0.9056604
NODE_172083_length_298_cov_0.829146	34	96	0	62	62	1.0000000
NODE_172330_length_297_cov_6.525253	100	122	0	22	22	1.0000000
NODE_172352_length_297_cov_4.888889	150	218	6	8	68	0.1176471
NODE_172352_length_297_cov_4.888889	150	218	8	60	68	0.8823529
NODE_172356_length_297_cov_4.671717	56	120	0	64	64	1.0000000
NODE_172422_length_297_cov_3.338384	96	176	2	80	80	1.0000000
NODE_172422_length_297_cov_3.338384	149	198	0	22	49	0.4489796
NODE_172422_length_297_cov_3.338384	149	198	2	27	49	0.5510204
NODE_172447_length_297_cov_3.040404	0	55	0	55	55	1.0000000
NODE_172447_length_297_cov_3.040404	14	55	0	41	41	1.0000000
NODE_172447_length_297_cov_3.040404	65	119	0	54	54	1.0000000
NODE_172574_length_297_cov_2.308081	8	70	0	62	62	1.0000000
NODE_172606_length_297_cov_2.196970	219	259	14	2	40	0.0500000
NODE_172606_length_297_cov_2.196970	219	259	17	1	40	0.0250000
NODE_172606_length_297_cov_2.196970	219	259	19	4	40	0.1000000
NODE_172606_length_297_cov_2.196970	219	259	21	6	40	0.1500000
NODE_172606_length_297_cov_2.196970	219	259	22	4	40	0.1000000
NODE_172606_length_297_cov_2.196970	219	259	24	1	40	0.0250000
NODE_172606_length_297_cov_2.196970	219	259	26	12	40	0.3000000
NODE_172606_length_297_cov_2.196970	219	259	28	10	40	0.2500000
NODE_172629_length_297_cov_2.106061	81	161	10	3	80	0.0375000
NODE_172629_length_297_cov_2.106061	81	161	11	9	80	0.1125000
NODE_172629_length_297_cov_2.106061	81	161	12	8	80	0.1000000
NODE_172629_length_297_cov_2.106061	81	161	14	60	80	0.7500000
NODE_172629_length_297_cov_2.106061	134	178	5	7	44	0.1590909
NODE_172629_length_297_cov_2.106061	134	178	7	1	44	0.0227273
NODE_172629_length_297_cov_2.106061	134	178	9	5	44	0.1136364
NODE_172629_length_297_cov_2.106061	134	178	11	13	44	0.2954545
NODE_172629_length_297_cov_2.106061	134	178	12	7	44	0.1590909
NODE_172629_length_297_cov_2.106061	134	178	14	11	44	0.2500000
NODE_172668_length_297_cov_2.060606	46	76	0	30	30	1.0000000
NODE_172697_length_297_cov_2.010101	9	85	4	76	76	1.0000000
NODE_172783_length_297_cov_1.777778	168	208	0	5	40	0.1250000
NODE_172783_length_297_cov_1.777778	168	208	2	14	40	0.3500000
NODE_172783_length_297_cov_1.777778	168	208	4	21	40	0.5250000
NODE_172855_length_297_cov_1.595960	175	255	2	2	80	0.0250000
NODE_172855_length_297_cov_1.595960	175	255	6	13	80	0.1625000
NODE_172855_length_297_cov_1.595960	175	255	8	6	80	0.0750000
NODE_172855_length_297_cov_1.595960	175	255	10	5	80	0.0625000
NODE_172855_length_297_cov_1.595960	175	255	12	6	80	0.0750000
NODE_172855_length_297_cov_1.595960	175	255	14	18	80	0.2250000
NODE_172855_length_297_cov_1.595960	175	255	16	30	80	0.3750000
NODE_172862_length_297_cov_1.570707	100	177	2	77	77	1.0000000
NODE_172863_length_297_cov_1.570707	194	275	0	5	81	0.0617284
NODE_172863_length_297_cov_1.570707	194	275	2	76	81	0.9382716
NODE_173063_length_297_cov_1.338384	140	199	0	59	59	1.0000000
NODE_173136_length_297_cov_1.277778	39	115	0	76	76	1.0000000
NODE_173176_length_297_cov_1.196970	7	87	0	33	80	0.4125000
NODE_173176_length_297_cov_1.196970	7	87	2	47	80	0.5875000
NODE_173176_length_297_cov_1.196970	60	116	2	56	56	1.0000000
NODE_173345_length_297_cov_1.030303	0	33	0	33	33	1.0000000
NODE_173467_length_297_cov_0.888889	109	172	0	63	63	1.0000000
NODE_173520_length_297_cov_0.782828	24	104	1	15	80	0.1875000
NODE_173520_length_297_cov_0.782828	24	104	2	65	80	0.8125000
NODE_173708_length_296_cov_41.390863	189	260	4	14	71	0.1971831
NODE_173708_length_296_cov_41.390863	189	260	6	1	71	0.0140845
NODE_173708_length_296_cov_41.390863	189	260	8	30	71	0.4225352
NODE_173708_length_296_cov_41.390863	189	260	10	26	71	0.3661972
NODE_173709_length_296_cov_34.776650	214	294	0	80	80	1.0000000
NODE_173758_length_296_cov_4.243655	14	54	2	40	40	1.0000000
NODE_173773_length_296_cov_3.954315	120	200	0	80	80	1.0000000
NODE_173787_length_296_cov_3.736041	6	46	0	40	40	1.0000000
NODE_173797_length_296_cov_3.619289	193	251	0	1	58	0.0172414
NODE_173797_length_296_cov_3.619289	193	251	2	57	58	0.9827586
NODE_173797_length_296_cov_3.619289	246	296	0	14	50	0.2800000
NODE_173797_length_296_cov_3.619289	246	296	2	36	50	0.7200000
NODE_173859_length_296_cov_3.015228	177	257	0	46	80	0.5750000
NODE_173859_length_296_cov_3.015228	177	257	4	27	80	0.3375000
NODE_173859_length_296_cov_3.015228	177	257	8	7	80	0.0875000
NODE_173992_length_296_cov_2.309645	5	77	0	8	72	0.1111111
NODE_173992_length_296_cov_2.309645	5	77	1	2	72	0.0277778
NODE_173992_length_296_cov_2.309645	5	77	3	1	72	0.0138889
NODE_173992_length_296_cov_2.309645	5	77	5	1	72	0.0138889
NODE_173992_length_296_cov_2.309645	5	77	7	15	72	0.2083333
NODE_173992_length_296_cov_2.309645	5	77	9	17	72	0.2361111
NODE_173992_length_296_cov_2.309645	5	77	11	2	72	0.0277778
NODE_173992_length_296_cov_2.309645	5	77	13	4	72	0.0555556
NODE_173992_length_296_cov_2.309645	5	77	14	22	72	0.3055556
NODE_173992_length_296_cov_2.309645	50	130	11	1	80	0.0125000
NODE_173992_length_296_cov_2.309645	50	130	13	4	80	0.0500000
NODE_173992_length_296_cov_2.309645	50	130	14	75	80	0.9375000
NODE_174040_length_296_cov_2.081218	90	139	0	49	49	1.0000000
NODE_174167_length_296_cov_1.807107	199	246	0	47	47	1.0000000
NODE_174167_length_296_cov_1.807107	219	296	0	77	77	1.0000000
NODE_174213_length_296_cov_1.670051	28	103	4	1	75	0.0133333
NODE_174213_length_296_cov_1.670051	28	103	6	74	75	0.9866667
NODE_174274_length_296_cov_1.553299	102	179	2	13	77	0.1688312
NODE_174274_length_296_cov_1.553299	102	179	4	28	77	0.3636364
NODE_174274_length_296_cov_1.553299	102	179	6	36	77	0.4675325
NODE_174274_length_296_cov_1.553299	160	179	2	13	19	0.6842105
NODE_174274_length_296_cov_1.553299	160	179	6	6	19	0.3157895
NODE_174438_length_296_cov_1.319797	82	162	0	80	80	1.0000000
NODE_174438_length_296_cov_1.319797	135	205	0	70	70	1.0000000
NODE_174545_length_296_cov_1.258883	222	280	2	58	58	1.0000000
NODE_174554_length_296_cov_1.238579	90	147	0	20	57	0.3508772
NODE_174554_length_296_cov_1.238579	90	147	4	36	57	0.6315789
NODE_174554_length_296_cov_1.238579	90	147	6	1	57	0.0175439
NODE_174614_length_296_cov_1.116751	130	169	0	20	39	0.5128205
NODE_174614_length_296_cov_1.116751	130	169	2	19	39	0.4871795
NODE_175210_length_295_cov_4.290816	2	70	0	68	68	1.0000000
NODE_175210_length_295_cov_4.290816	55	123	0	68	68	1.0000000
NODE_175220_length_295_cov_4.040816	119	165	2	46	46	1.0000000
NODE_175258_length_295_cov_3.576531	130	198	0	68	68	1.0000000
NODE_175324_length_295_cov_2.918367	0	77	0	77	77	1.0000000
NODE_175416_length_295_cov_2.454082	216	277	0	12	61	0.1967213
NODE_175416_length_295_cov_2.454082	216	277	2	49	61	0.8032787
NODE_175475_length_295_cov_2.224490	11	91	6	6	80	0.0750000
NODE_175475_length_295_cov_2.224490	11	91	8	1	80	0.0125000
NODE_175475_length_295_cov_2.224490	11	91	10	73	80	0.9125000
NODE_175483_length_295_cov_2.183673	93	151	7	1	58	0.0172414
NODE_175483_length_295_cov_2.183673	93	151	11	7	58	0.1206897
NODE_175483_length_295_cov_2.183673	93	151	14	2	58	0.0344828
NODE_175483_length_295_cov_2.183673	93	151	16	1	58	0.0172414
NODE_175483_length_295_cov_2.183673	93	151	18	2	58	0.0344828
NODE_175483_length_295_cov_2.183673	93	151	19	2	58	0.0344828
NODE_175483_length_295_cov_2.183673	93	151	21	2	58	0.0344828
NODE_175483_length_295_cov_2.183673	93	151	23	3	58	0.0517241
NODE_175483_length_295_cov_2.183673	93	151	25	1	58	0.0172414
NODE_175483_length_295_cov_2.183673	93	151	32	2	58	0.0344828
NODE_175483_length_295_cov_2.183673	93	151	39	1	58	0.0172414
NODE_175483_length_295_cov_2.183673	93	151	42	1	58	0.0172414
NODE_175483_length_295_cov_2.183673	93	151	44	33	58	0.5689655
NODE_175483_length_295_cov_2.183673	124	204	38	9	80	0.1125000
NODE_175483_length_295_cov_2.183673	124	204	42	16	80	0.2000000
NODE_175483_length_295_cov_2.183673	124	204	44	55	80	0.6875000
NODE_175597_length_295_cov_1.867347	191	239	6	48	48	1.0000000
NODE_175598_length_295_cov_1.862245	225	285	0	60	60	1.0000000
NODE_175721_length_295_cov_1.596939	173	254	0	14	81	0.1728395
NODE_175721_length_295_cov_1.596939	173	254	2	67	81	0.8271605
NODE_175804_length_295_cov_1.520408	217	282	1	14	65	0.2153846
NODE_175804_length_295_cov_1.520408	217	282	2	51	65	0.7846154
NODE_175930_length_295_cov_1.301020	99	121	0	22	22	1.0000000
NODE_176250_length_295_cov_0.938776	200	247	0	47	47	1.0000000
NODE_176367_length_295_cov_0.780612	24	44	0	20	20	1.0000000
NODE_176436_length_295_cov_0.724490	6	87	0	67	81	0.8271605
NODE_176436_length_295_cov_0.724490	6	87	2	14	81	0.1728395
NODE_176436_length_295_cov_0.724490	83	163	2	80	80	1.0000000
NODE_176436_length_295_cov_0.724490	136	216	0	47	80	0.5875000
NODE_176436_length_295_cov_0.724490	136	216	2	33	80	0.4125000
NODE_176547_length_294_cov_83.882051	143	173	47	3	30	0.1000000
NODE_176547_length_294_cov_83.882051	143	173	48	3	30	0.1000000
NODE_176547_length_294_cov_83.882051	143	173	49	7	30	0.2333333
NODE_176547_length_294_cov_83.882051	143	173	51	2	30	0.0666667
NODE_176547_length_294_cov_83.882051	143	173	53	2	30	0.0666667
NODE_176547_length_294_cov_83.882051	143	173	54	1	30	0.0333333
NODE_176547_length_294_cov_83.882051	143	173	59	2	30	0.0666667
NODE_176547_length_294_cov_83.882051	143	173	60	3	30	0.1000000
NODE_176547_length_294_cov_83.882051	143	173	64	1	30	0.0333333
NODE_176547_length_294_cov_83.882051	143	173	66	4	30	0.1333333
NODE_176547_length_294_cov_83.882051	143	173	69	1	30	0.0333333
NODE_176547_length_294_cov_83.882051	143	173	72	1	30	0.0333333
NODE_176547_length_294_cov_83.882051	209	239	30	25	30	0.8333333
NODE_176547_length_294_cov_83.882051	209	239	40	5	30	0.1666667
NODE_176549_length_294_cov_50.589744	187	258	24	3	71	0.0422535
NODE_176549_length_294_cov_50.589744	187	258	26	5	71	0.0704225
NODE_176549_length_294_cov_50.589744	187	258	27	2	71	0.0281690
NODE_176549_length_294_cov_50.589744	187	258	28	5	71	0.0704225
NODE_176549_length_294_cov_50.589744	187	258	39	3	71	0.0422535
NODE_176549_length_294_cov_50.589744	187	258	40	1	71	0.0140845
NODE_176549_length_294_cov_50.589744	187	258	42	2	71	0.0281690
NODE_176549_length_294_cov_50.589744	187	258	44	3	71	0.0422535
NODE_176549_length_294_cov_50.589744	187	258	45	10	71	0.1408451
NODE_176549_length_294_cov_50.589744	187	258	49	2	71	0.0281690
NODE_176549_length_294_cov_50.589744	187	258	52	2	71	0.0281690
NODE_176549_length_294_cov_50.589744	187	258	56	2	71	0.0281690
NODE_176549_length_294_cov_50.589744	187	258	60	2	71	0.0281690
NODE_176549_length_294_cov_50.589744	187	258	62	1	71	0.0140845
NODE_176549_length_294_cov_50.589744	187	258	64	12	71	0.1690141
NODE_176549_length_294_cov_50.589744	187	258	65	16	71	0.2253521
NODE_176561_length_294_cov_6.676923	61	138	0	77	77	1.0000000
NODE_176596_length_294_cov_4.538462	127	214	2	36	87	0.4137931
NODE_176596_length_294_cov_4.538462	127	214	4	4	87	0.0459770
NODE_176596_length_294_cov_4.538462	127	214	8	47	87	0.5402299
NODE_176598_length_294_cov_4.512821	218	248	0	30	30	1.0000000
NODE_176600_length_294_cov_4.497436	159	200	0	41	41	1.0000000
NODE_176697_length_294_cov_2.953846	114	194	1	9	80	0.1125000
NODE_176697_length_294_cov_2.953846	114	194	2	71	80	0.8875000
NODE_176727_length_294_cov_2.764103	103	183	0	80	80	1.0000000
NODE_176727_length_294_cov_2.764103	156	236	0	80	80	1.0000000
NODE_176728_length_294_cov_2.764103	224	282	2	11	58	0.1896552
NODE_176728_length_294_cov_2.764103	224	282	4	11	58	0.1896552
NODE_176728_length_294_cov_2.764103	224	282	6	36	58	0.6206896
NODE_176728_length_294_cov_2.764103	225	277	2	6	52	0.1153846
NODE_176728_length_294_cov_2.764103	225	277	4	11	52	0.2115385
NODE_176728_length_294_cov_2.764103	225	277	6	35	52	0.6730769
NODE_176735_length_294_cov_2.697436	204	261	0	57	57	1.0000000
NODE_176735_length_294_cov_2.697436	234	294	0	60	60	1.0000000
NODE_176779_length_294_cov_2.517949	23	85	4	62	62	1.0000000
NODE_176816_length_294_cov_2.353846	129	167	12	38	38	1.0000000
NODE_176833_length_294_cov_2.338462	133	213	4	17	80	0.2125000
NODE_176833_length_294_cov_2.338462	133	213	6	40	80	0.5000000
NODE_176833_length_294_cov_2.338462	133	213	7	18	80	0.2250000
NODE_176833_length_294_cov_2.338462	133	213	8	5	80	0.0625000
NODE_176943_length_294_cov_2.046154	219	269	0	50	50	1.0000000
NODE_176957_length_294_cov_2.010256	191	235	0	44	44	1.0000000
NODE_176999_length_294_cov_1.902564	52	83	2	31	31	1.0000000
NODE_177102_length_294_cov_1.692308	46	112	0	66	66	1.0000000
NODE_177187_length_294_cov_1.569231	49	95	2	46	46	1.0000000
NODE_177252_length_294_cov_1.482051	28	108	0	80	80	1.0000000
NODE_177252_length_294_cov_1.482051	201	281	0	80	80	1.0000000
NODE_177252_length_294_cov_1.482051	201	281	0	80	80	1.0000000
NODE_177298_length_294_cov_1.420513	216	262	6	46	46	1.0000000
NODE_177298_length_294_cov_1.420513	235	294	0	5	59	0.0847458
NODE_177298_length_294_cov_1.420513	235	294	2	22	59	0.3728814
NODE_177298_length_294_cov_1.420513	235	294	4	2	59	0.0338983
NODE_177298_length_294_cov_1.420513	235	294	6	30	59	0.5084746
NODE_177972_length_294_cov_0.666667	245	293	0	48	48	1.0000000
NODE_178066_length_293_cov_6.257732	167	247	0	56	80	0.7000000
NODE_178066_length_293_cov_6.257732	167	247	2	24	80	0.3000000
NODE_178161_length_293_cov_3.567010	50	130	0	80	80	1.0000000
NODE_178226_length_293_cov_2.907216	218	281	4	63	63	1.0000000
NODE_178246_length_293_cov_2.768041	95	175	0	62	80	0.7750000
NODE_178246_length_293_cov_2.768041	95	175	2	18	80	0.2250000
NODE_178246_length_293_cov_2.768041	148	228	0	9	80	0.1125000
NODE_178246_length_293_cov_2.768041	148	228	2	71	80	0.8875000
NODE_178268_length_293_cov_2.628866	207	266	8	1	59	0.0169492
NODE_178268_length_293_cov_2.628866	207	266	10	43	59	0.7288136
NODE_178268_length_293_cov_2.628866	207	266	12	15	59	0.2542373
NODE_178277_length_293_cov_2.623711	182	223	12	7	41	0.1707317
NODE_178277_length_293_cov_2.623711	182	223	14	34	41	0.8292683
NODE_178299_length_293_cov_2.561856	139	192	3	23	53	0.4339623
NODE_178299_length_293_cov_2.561856	139	192	4	30	53	0.5660377
NODE_178299_length_293_cov_2.561856	177	223	4	46	46	1.0000000
NODE_178317_length_293_cov_2.448454	98	158	0	15	60	0.2500000
NODE_178317_length_293_cov_2.448454	98	158	2	12	60	0.2000000
NODE_178317_length_293_cov_2.448454	98	158	4	33	60	0.5500000
NODE_178351_length_293_cov_2.335052	62	91	0	29	29	1.0000000
NODE_178357_length_293_cov_2.314433	35	89	2	54	54	1.0000000
NODE_178523_length_293_cov_1.840206	27	107	0	29	80	0.3625000
NODE_178523_length_293_cov_1.840206	27	107	2	51	80	0.6375000
NODE_178523_length_293_cov_1.840206	80	160	2	80	80	1.0000000
NODE_178560_length_293_cov_1.804124	144	173	4	29	29	1.0000000
NODE_178570_length_293_cov_1.778351	224	258	4	34	34	1.0000000
NODE_178646_length_293_cov_1.577320	158	177	0	19	19	1.0000000
NODE_178692_length_293_cov_1.577320	161	225	0	3	64	0.0468750
NODE_178692_length_293_cov_1.577320	161	225	8	61	64	0.9531250
NODE_178693_length_293_cov_1.577320	15	55	0	40	40	1.0000000
NODE_178788_length_293_cov_1.402062	3	72	0	69	69	1.0000000
NODE_178822_length_293_cov_1.319588	202	268	2	66	66	1.0000000
NODE_178927_length_293_cov_1.226804	84	141	0	57	57	1.0000000
NODE_179542_length_292_cov_4.523316	240	290	0	50	50	1.0000000
NODE_179552_length_292_cov_4.145078	106	186	2	49	80	0.6125000
NODE_179552_length_292_cov_4.145078	106	186	3	5	80	0.0625000
NODE_179552_length_292_cov_4.145078	106	186	4	26	80	0.3250000
NODE_179604_length_292_cov_3.502591	129	205	5	8	76	0.1052632
NODE_179604_length_292_cov_3.502591	129	205	6	4	76	0.0526316
NODE_179604_length_292_cov_3.502591	129	205	7	18	76	0.2368421
NODE_179604_length_292_cov_3.502591	129	205	8	1	76	0.0131579
NODE_179604_length_292_cov_3.502591	129	205	9	45	76	0.5921053
NODE_179613_length_292_cov_3.435233	176	200	0	24	24	1.0000000
NODE_179621_length_292_cov_3.341969	70	150	5	18	80	0.2250000
NODE_179621_length_292_cov_3.341969	70	150	6	31	80	0.3875000
NODE_179621_length_292_cov_3.341969	70	150	8	31	80	0.3875000
NODE_179621_length_292_cov_3.341969	118	175	2	10	57	0.1754386
NODE_179621_length_292_cov_3.341969	118	175	5	33	57	0.5789474
NODE_179621_length_292_cov_3.341969	118	175	6	14	57	0.2456140
NODE_179627_length_292_cov_3.222798	47	127	0	17	80	0.2125000
NODE_179627_length_292_cov_3.222798	47	127	1	63	80	0.7875000
NODE_179627_length_292_cov_3.222798	100	129	1	29	29	1.0000000
NODE_179819_length_292_cov_2.238342	211	290	6	4	79	0.0506329
NODE_179819_length_292_cov_2.238342	211	290	8	75	79	0.9493671
NODE_179943_length_292_cov_1.865285	34	114	37	11	80	0.1375000
NODE_179943_length_292_cov_1.865285	34	114	39	48	80	0.6000000
NODE_179943_length_292_cov_1.865285	34	114	40	7	80	0.0875000
NODE_179943_length_292_cov_1.865285	34	114	41	14	80	0.1750000
NODE_179943_length_292_cov_1.865285	87	167	2	18	80	0.2250000
NODE_179943_length_292_cov_1.865285	87	167	6	2	80	0.0250000
NODE_179943_length_292_cov_1.865285	87	167	8	2	80	0.0250000
NODE_179943_length_292_cov_1.865285	87	167	11	1	80	0.0125000
NODE_179943_length_292_cov_1.865285	87	167	14	4	80	0.0500000
NODE_179943_length_292_cov_1.865285	87	167	16	1	80	0.0125000
NODE_179943_length_292_cov_1.865285	87	167	23	12	80	0.1500000
NODE_179943_length_292_cov_1.865285	87	167	25	1	80	0.0125000
NODE_179943_length_292_cov_1.865285	87	167	37	23	80	0.2875000
NODE_179943_length_292_cov_1.865285	87	167	39	7	80	0.0875000
NODE_179943_length_292_cov_1.865285	87	167	41	9	80	0.1125000
NODE_180013_length_292_cov_1.761658	174	254	0	80	80	1.0000000
NODE_180029_length_292_cov_1.699482	0	80	0	80	80	1.0000000
NODE_180068_length_292_cov_1.611399	89	157	0	68	68	1.0000000
NODE_180210_length_292_cov_1.455959	72	115	0	43	43	1.0000000
NODE_180210_length_292_cov_1.455959	203	265	9	1	62	0.0161290
NODE_180210_length_292_cov_1.455959	203	265	11	1	62	0.0161290
NODE_180210_length_292_cov_1.455959	203	265	12	60	62	0.9677419
NODE_180302_length_292_cov_1.321244	102	182	9	15	80	0.1875000
NODE_180302_length_292_cov_1.321244	102	182	10	65	80	0.8125000
NODE_180302_length_292_cov_1.321244	155	217	6	33	62	0.5322581
NODE_180302_length_292_cov_1.321244	155	217	10	29	62	0.4677419
NODE_180968_length_291_cov_45.031250	71	145	26	6	74	0.0810811
NODE_180968_length_291_cov_45.031250	71	145	28	11	74	0.1486486
NODE_180968_length_291_cov_45.031250	71	145	32	5	74	0.0675676
NODE_180968_length_291_cov_45.031250	71	145	35	10	74	0.1351351
NODE_180968_length_291_cov_45.031250	71	145	37	3	74	0.0405405
NODE_180968_length_291_cov_45.031250	71	145	38	5	74	0.0675676
NODE_180968_length_291_cov_45.031250	71	145	39	7	74	0.0945946
NODE_180968_length_291_cov_45.031250	71	145	40	7	74	0.0945946
NODE_180968_length_291_cov_45.031250	71	145	42	19	74	0.2567568
NODE_180968_length_291_cov_45.031250	71	145	43	1	74	0.0135135
NODE_180968_length_291_cov_45.031250	71	145	26	6	74	0.0810811
NODE_180968_length_291_cov_45.031250	71	145	28	11	74	0.1486486
NODE_180968_length_291_cov_45.031250	71	145	32	5	74	0.0675676
NODE_180968_length_291_cov_45.031250	71	145	35	10	74	0.1351351
NODE_180968_length_291_cov_45.031250	71	145	37	3	74	0.0405405
NODE_180968_length_291_cov_45.031250	71	145	38	5	74	0.0675676
NODE_180968_length_291_cov_45.031250	71	145	39	7	74	0.0945946
NODE_180968_length_291_cov_45.031250	71	145	40	7	74	0.0945946
NODE_180968_length_291_cov_45.031250	71	145	42	19	74	0.2567568
NODE_180968_length_291_cov_45.031250	71	145	43	1	74	0.0135135
NODE_180968_length_291_cov_45.031250	118	184	24	4	66	0.0606061
NODE_180968_length_291_cov_45.031250	118	184	26	18	66	0.2727273
NODE_180968_length_291_cov_45.031250	118	184	28	21	66	0.3181818
NODE_180968_length_291_cov_45.031250	118	184	30	5	66	0.0757576
NODE_180968_length_291_cov_45.031250	118	184	31	8	66	0.1212121
NODE_180968_length_291_cov_45.031250	118	184	32	5	66	0.0757576
NODE_180968_length_291_cov_45.031250	118	184	37	1	66	0.0151515
NODE_180968_length_291_cov_45.031250	118	184	38	4	66	0.0606061
NODE_180969_length_291_cov_14.791667	125	205	0	80	80	1.0000000
NODE_180969_length_291_cov_14.791667	178	258	0	80	80	1.0000000
NODE_180983_length_291_cov_5.536458	97	169	4	72	72	1.0000000
NODE_180986_length_291_cov_5.401042	77	130	2	29	53	0.5471698
NODE_180986_length_291_cov_5.401042	77	130	4	24	53	0.4528302
NODE_180998_length_291_cov_4.859375	185	257	4	72	72	1.0000000
NODE_181043_length_291_cov_3.723958	196	276	0	80	80	1.0000000
NODE_181057_length_291_cov_3.531250	129	152	0	23	23	1.0000000
NODE_181191_length_291_cov_2.390625	18	80	0	62	62	1.0000000
NODE_181272_length_291_cov_2.125000	70	117	2	47	47	1.0000000
NODE_181391_length_291_cov_1.859375	197	228	2	31	31	1.0000000
NODE_181497_length_291_cov_1.593750	144	175	0	31	31	1.0000000
NODE_181530_length_291_cov_1.593750	206	281	0	10	75	0.1333333
NODE_181530_length_291_cov_1.593750	206	281	2	65	75	0.8666667
NODE_181599_length_291_cov_1.552083	189	269	0	53	80	0.6625000
NODE_181599_length_291_cov_1.552083	189	269	2	27	80	0.3375000
NODE_181615_length_291_cov_1.520833	180	258	0	78	78	1.0000000
NODE_181623_length_291_cov_1.510417	245	291	0	46	46	1.0000000
NODE_181696_length_291_cov_1.385417	80	120	2	40	40	1.0000000
NODE_181791_length_291_cov_1.322917	70	96	0	26	26	1.0000000
NODE_181799_length_291_cov_1.307292	108	188	0	39	80	0.4875000
NODE_181799_length_291_cov_1.307292	108	188	2	41	80	0.5125000
NODE_181907_length_291_cov_1.114583	79	174	18	1	95	0.0105263
NODE_181907_length_291_cov_1.114583	79	174	22	1	95	0.0105263
NODE_181907_length_291_cov_1.114583	79	174	26	1	95	0.0105263
NODE_181907_length_291_cov_1.114583	79	174	28	4	95	0.0421053
NODE_181907_length_291_cov_1.114583	79	174	30	18	95	0.1894737
NODE_181907_length_291_cov_1.114583	79	174	32	28	95	0.2947368
NODE_181907_length_291_cov_1.114583	79	174	34	26	95	0.2736842
NODE_181907_length_291_cov_1.114583	79	174	36	16	95	0.1684211
NODE_181930_length_291_cov_1.078125	4	85	0	5	81	0.0617284
NODE_181930_length_291_cov_1.078125	4	85	2	26	81	0.3209876
NODE_181930_length_291_cov_1.078125	4	85	6	21	81	0.2592593
NODE_181930_length_291_cov_1.078125	4	85	7	2	81	0.0246914
NODE_181930_length_291_cov_1.078125	4	85	8	27	81	0.3333333
NODE_182112_length_291_cov_1.031250	5	50	0	45	45	1.0000000
NODE_182205_length_291_cov_0.890625	0	55	0	8	55	0.1454545
NODE_182205_length_291_cov_0.890625	0	55	2	47	55	0.8545455
NODE_182252_length_291_cov_0.802083	80	160	4	9	80	0.1125000
NODE_182252_length_291_cov_0.802083	80	160	6	71	80	0.8875000
NODE_182491_length_290_cov_96.963351	44	124	0	80	80	1.0000000
NODE_182491_length_290_cov_96.963351	97	177	0	41	80	0.5125000
NODE_182491_length_290_cov_96.963351	97	177	4	39	80	0.4875000
NODE_182512_length_290_cov_5.968586	89	150	0	1	61	0.0163934
NODE_182512_length_290_cov_5.968586	89	150	1	8	61	0.1311475
NODE_182512_length_290_cov_5.968586	89	150	3	1	61	0.0163934
NODE_182512_length_290_cov_5.968586	89	150	6	43	61	0.7049180
NODE_182512_length_290_cov_5.968586	89	150	8	8	61	0.1311475
NODE_182512_length_290_cov_5.968586	142	203	6	9	61	0.1475410
NODE_182512_length_290_cov_5.968586	142	203	8	52	61	0.8524590
NODE_182535_length_290_cov_4.968586	32	52	0	20	20	1.0000000
NODE_182535_length_290_cov_4.968586	73	93	0	20	20	1.0000000
NODE_182547_length_290_cov_4.670157	63	139	0	2	76	0.0263158
NODE_182547_length_290_cov_4.670157	63	139	2	74	76	0.9736842
NODE_182550_length_290_cov_4.575916	110	153	4	43	43	1.0000000
NODE_182589_length_290_cov_3.816754	113	186	0	73	73	1.0000000
NODE_182607_length_290_cov_3.612565	114	181	0	67	67	1.0000000
NODE_182622_length_290_cov_3.445026	91	150	0	59	59	1.0000000
NODE_182772_length_290_cov_2.596859	189	218	2	29	29	1.0000000
NODE_182844_length_290_cov_2.319372	45	74	2	29	29	1.0000000
NODE_182973_length_290_cov_2.041885	59	139	0	3	80	0.0375000
NODE_182973_length_290_cov_2.041885	59	139	2	77	80	0.9625000
NODE_182995_length_290_cov_1.979058	229	271	10	42	42	1.0000000
NODE_183288_length_290_cov_1.602094	16	68	0	52	52	1.0000000
NODE_183347_length_290_cov_1.575916	173	250	0	77	77	1.0000000
NODE_183373_length_290_cov_1.544503	151	203	0	52	52	1.0000000
NODE_183403_length_290_cov_1.513089	22	107	0	24	85	0.2823530
NODE_183403_length_290_cov_1.513089	22	107	4	61	85	0.7176471
NODE_183436_length_290_cov_1.460733	11	91	0	80	80	1.0000000
NODE_183546_length_290_cov_1.335079	91	163	0	24	72	0.3333333
NODE_183546_length_290_cov_1.335079	91	163	2	48	72	0.6666667
NODE_183546_length_290_cov_1.335079	144	216	2	72	72	1.0000000
NODE_183642_length_290_cov_1.314136	0	80	0	4	80	0.0500000
NODE_183642_length_290_cov_1.314136	0	80	2	32	80	0.4000000
NODE_183642_length_290_cov_1.314136	0	80	5	19	80	0.2375000
NODE_183642_length_290_cov_1.314136	0	80	8	11	80	0.1375000
NODE_183642_length_290_cov_1.314136	0	80	10	14	80	0.1750000
NODE_183663_length_290_cov_1.287958	17	97	0	80	80	1.0000000
NODE_183946_length_290_cov_1.068063	0	60	0	60	60	1.0000000
NODE_183946_length_290_cov_1.068063	33	113	0	80	80	1.0000000
NODE_184119_length_290_cov_1.000000	198	254	28	5	56	0.0892857
NODE_184119_length_290_cov_1.000000	198	254	30	9	56	0.1607143
NODE_184119_length_290_cov_1.000000	198	254	32	42	56	0.7500000
NODE_184326_length_290_cov_0.832461	154	236	0	82	82	1.0000000
NODE_184585_length_290_cov_0.701571	201	281	0	80	80	1.0000000
NODE_184716_length_289_cov_554.947368	45	125	254	1	80	0.0125000
NODE_184716_length_289_cov_554.947368	45	125	262	1	80	0.0125000
NODE_184716_length_289_cov_554.947368	45	125	264	1	80	0.0125000
NODE_184716_length_289_cov_554.947368	45	125	265	1	80	0.0125000
NODE_184716_length_289_cov_554.947368	45	125	268	1	80	0.0125000
NODE_184716_length_289_cov_554.947368	45	125	271	1	80	0.0125000
NODE_184716_length_289_cov_554.947368	45	125	273	2	80	0.0250000
NODE_184716_length_289_cov_554.947368	45	125	275	1	80	0.0125000
NODE_184716_length_289_cov_554.947368	45	125	279	1	80	0.0125000
NODE_184716_length_289_cov_554.947368	45	125	283	3	80	0.0375000
NODE_184716_length_289_cov_554.947368	45	125	285	2	80	0.0250000
NODE_184716_length_289_cov_554.947368	45	125	293	1	80	0.0125000
NODE_184716_length_289_cov_554.947368	45	125	295	3	80	0.0375000
NODE_184716_length_289_cov_554.947368	45	125	297	1	80	0.0125000
NODE_184716_length_289_cov_554.947368	45	125	299	1	80	0.0125000
NODE_184716_length_289_cov_554.947368	45	125	301	1	80	0.0125000
NODE_184716_length_289_cov_554.947368	45	125	303	3	80	0.0375000
NODE_184716_length_289_cov_554.947368	45	125	305	1	80	0.0125000
NODE_184716_length_289_cov_554.947368	45	125	307	1	80	0.0125000
NODE_184716_length_289_cov_554.947368	45	125	309	1	80	0.0125000
NODE_184716_length_289_cov_554.947368	45	125	311	5	80	0.0625000
NODE_184716_length_289_cov_554.947368	45	125	315	13	80	0.1625000
NODE_184716_length_289_cov_554.947368	45	125	317	1	80	0.0125000
NODE_184716_length_289_cov_554.947368	45	125	319	2	80	0.0250000
NODE_184716_length_289_cov_554.947368	45	125	321	5	80	0.0625000
NODE_184716_length_289_cov_554.947368	45	125	323	6	80	0.0750000
NODE_184716_length_289_cov_554.947368	45	125	325	9	80	0.1125000
NODE_184716_length_289_cov_554.947368	45	125	327	11	80	0.1375000
NODE_184729_length_289_cov_7.436842	181	229	0	1	48	0.0208333
NODE_184729_length_289_cov_7.436842	181	229	2	12	48	0.2500000
NODE_184729_length_289_cov_7.436842	181	229	4	35	48	0.7291667
NODE_184745_length_289_cov_5.789474	35	100	2	15	65	0.2307692
NODE_184745_length_289_cov_5.789474	35	100	4	50	65	0.7692308
NODE_184745_length_289_cov_5.789474	85	153	0	2	68	0.0294118
NODE_184745_length_289_cov_5.789474	85	153	2	38	68	0.5588235
NODE_184745_length_289_cov_5.789474	85	153	4	28	68	0.4117647
NODE_184745_length_289_cov_5.789474	146	181	0	30	35	0.8571429
NODE_184745_length_289_cov_5.789474	146	181	2	5	35	0.1428571
NODE_184781_length_289_cov_4.515789	192	254	0	62	62	1.0000000
NODE_184806_length_289_cov_4.136842	101	148	0	7	47	0.1489362
NODE_184806_length_289_cov_4.136842	101	148	2	21	47	0.4468085
NODE_184806_length_289_cov_4.136842	101	148	4	19	47	0.4042553
NODE_184892_length_289_cov_2.973684	38	83	0	45	45	1.0000000
NODE_184960_length_289_cov_2.678947	105	168	0	14	63	0.2222222
NODE_184960_length_289_cov_2.678947	105	168	2	10	63	0.1587302
NODE_184960_length_289_cov_2.678947	105	168	4	5	63	0.0793651
NODE_184960_length_289_cov_2.678947	105	168	6	34	63	0.5396826
NODE_184960_length_289_cov_2.678947	158	204	6	46	46	1.0000000
NODE_184963_length_289_cov_2.673684	216	263	0	47	47	1.0000000
NODE_185036_length_289_cov_2.378947	233	289	0	56	56	1.0000000
NODE_185152_length_289_cov_2.089474	26	91	0	65	65	1.0000000
NODE_185213_length_289_cov_1.921053	0	54	0	54	54	1.0000000
NODE_185383_length_289_cov_1.642105	58	123	0	65	65	1.0000000
NODE_185570_length_289_cov_1.547368	81	124	8	43	43	1.0000000
NODE_185617_length_289_cov_1.489474	192	274	0	82	82	1.0000000
NODE_185622_length_289_cov_1.484211	50	69	0	19	19	1.0000000
NODE_185708_length_289_cov_1.357895	31	74	0	43	43	1.0000000
NODE_185852_length_289_cov_1.278947	239	270	0	31	31	1.0000000
NODE_185864_length_289_cov_1.252632	23	66	4	43	43	1.0000000
NODE_185926_length_289_cov_1.168421	40	100	0	60	60	1.0000000
NODE_185937_length_289_cov_1.152632	0	50	0	50	50	1.0000000
NODE_185937_length_289_cov_1.152632	41	103	0	62	62	1.0000000
NODE_186095_length_289_cov_1.073684	152	198	0	46	46	1.0000000
NODE_186491_length_289_cov_0.878947	113	193	6	10	80	0.1250000
NODE_186491_length_289_cov_0.878947	113	193	8	8	80	0.1000000
NODE_186491_length_289_cov_0.878947	113	193	10	62	80	0.7750000
NODE_186491_length_289_cov_0.878947	166	246	0	4	80	0.0500000
NODE_186491_length_289_cov_0.878947	166	246	2	1	80	0.0125000
NODE_186491_length_289_cov_0.878947	166	246	7	1	80	0.0125000
NODE_186491_length_289_cov_0.878947	166	246	8	8	80	0.1000000
NODE_186491_length_289_cov_0.878947	166	246	10	66	80	0.8250000
NODE_186507_length_289_cov_0.863158	116	211	0	3	95	0.0315789
NODE_186507_length_289_cov_0.863158	116	211	4	8	95	0.0842105
NODE_186507_length_289_cov_0.863158	116	211	6	18	95	0.1894737
NODE_186507_length_289_cov_0.863158	116	211	8	47	95	0.4947369
NODE_186507_length_289_cov_0.863158	116	211	10	19	95	0.2000000
NODE_186515_length_289_cov_0.857895	6	75	0	69	69	1.0000000
NODE_186547_length_289_cov_0.831579	230	289	4	9	59	0.1525424
NODE_186547_length_289_cov_0.831579	230	289	8	50	59	0.8474576
NODE_186631_length_289_cov_0.805263	98	159	2	61	61	1.0000000
NODE_186865_length_289_cov_0.568421	141	213	0	72	72	1.0000000
NODE_186934_length_288_cov_11.089947	135	195	0	17	60	0.2833333
NODE_186934_length_288_cov_11.089947	135	195	2	43	60	0.7166666
NODE_187025_length_288_cov_3.587302	108	188	6	13	80	0.1625000
NODE_187025_length_288_cov_3.587302	108	188	10	67	80	0.8375000
NODE_187049_length_288_cov_3.296296	61	125	0	64	64	1.0000000
NODE_187049_length_288_cov_3.296296	102	178	0	76	76	1.0000000
NODE_187062_length_288_cov_3.206349	149	202	0	53	53	1.0000000
NODE_187170_length_288_cov_2.539683	4	68	4	1	64	0.0156250
NODE_187170_length_288_cov_2.539683	4	68	6	1	64	0.0156250
NODE_187170_length_288_cov_2.539683	4	68	8	1	64	0.0156250
NODE_187170_length_288_cov_2.539683	4	68	10	4	64	0.0625000
NODE_187170_length_288_cov_2.539683	4	68	12	57	64	0.8906250
NODE_187187_length_288_cov_2.465608	137	182	4	45	45	1.0000000
NODE_187191_length_288_cov_2.449735	216	278	6	3	62	0.0483871
NODE_187191_length_288_cov_2.449735	216	278	8	59	62	0.9516129
NODE_187191_length_288_cov_2.449735	237	273	8	36	36	1.0000000
NODE_187248_length_288_cov_2.275132	10	46	6	36	36	1.0000000
NODE_187248_length_288_cov_2.275132	13	86	6	73	73	1.0000000
NODE_187248_length_288_cov_2.275132	47	100	2	1	53	0.0188679
NODE_187248_length_288_cov_2.275132	47	100	4	6	53	0.1132075
NODE_187248_length_288_cov_2.275132	47	100	6	46	53	0.8679245
NODE_187318_length_288_cov_2.153439	50	81	0	31	31	1.0000000
NODE_187431_length_288_cov_1.915344	0	75	0	75	75	1.0000000
NODE_187443_length_288_cov_1.888889	49	125	0	76	76	1.0000000
NODE_187484_length_288_cov_1.878307	0	42	0	42	42	1.0000000
NODE_187484_length_288_cov_1.878307	15	63	0	48	48	1.0000000
NODE_187810_length_288_cov_1.492063	0	42	0	42	42	1.0000000
NODE_188135_length_288_cov_1.158730	213	288	0	75	75	1.0000000
NODE_188161_length_288_cov_1.100529	256	288	0	32	32	1.0000000
NODE_188169_length_288_cov_1.079365	10	74	0	64	64	1.0000000
NODE_188169_length_288_cov_1.079365	65	110	0	45	45	1.0000000
NODE_188760_length_288_cov_0.809524	141	170	0	6	29	0.2068966
NODE_188760_length_288_cov_0.809524	141	170	4	23	29	0.7931035
NODE_189068_length_287_cov_7.632979	117	184	12	11	67	0.1641791
NODE_189068_length_287_cov_7.632979	117	184	13	3	67	0.0447761
NODE_189068_length_287_cov_7.632979	117	184	14	1	67	0.0149254
NODE_189068_length_287_cov_7.632979	117	184	15	52	67	0.7761194
NODE_189079_length_287_cov_6.510638	20	100	0	80	80	1.0000000
NODE_189097_length_287_cov_5.781915	164	246	0	82	82	1.0000000
NODE_189182_length_287_cov_3.590426	114	194	0	80	80	1.0000000
NODE_189192_length_287_cov_3.452128	0	52	0	52	52	1.0000000
NODE_189208_length_287_cov_3.281915	263	286	0	23	23	1.0000000
NODE_189266_length_287_cov_2.936170	41	110	0	14	69	0.2028985
NODE_189266_length_287_cov_2.936170	41	110	2	55	69	0.7971014
NODE_189266_length_287_cov_2.936170	41	111	0	14	70	0.2000000
NODE_189266_length_287_cov_2.936170	41	111	2	56	70	0.8000000
NODE_189266_length_287_cov_2.936170	94	167	0	11	73	0.1506849
NODE_189266_length_287_cov_2.936170	94	167	2	62	73	0.8493150
NODE_189266_length_287_cov_2.936170	156	179	0	23	23	1.0000000
NODE_189330_length_287_cov_2.638298	22	86	0	64	64	1.0000000
NODE_189381_length_287_cov_2.436170	182	262	2	1	80	0.0125000
NODE_189381_length_287_cov_2.436170	182	262	6	3	80	0.0375000
NODE_189381_length_287_cov_2.436170	182	262	8	76	80	0.9500000
NODE_189582_length_287_cov_1.984043	137	166	8	29	29	1.0000000
NODE_189594_length_287_cov_1.941489	56	123	0	67	67	1.0000000
NODE_189614_length_287_cov_1.904255	8	51	0	43	43	1.0000000
NODE_189710_length_287_cov_1.803191	146	217	0	16	71	0.2253521
NODE_189710_length_287_cov_1.803191	146	217	2	55	71	0.7746479
NODE_189843_length_287_cov_1.627660	113	175	0	62	62	1.0000000
NODE_189843_length_287_cov_1.627660	148	228	0	80	80	1.0000000
NODE_189864_length_287_cov_1.627660	14	59	0	45	45	1.0000000
NODE_189864_length_287_cov_1.627660	41	112	0	71	71	1.0000000
NODE_189949_length_287_cov_1.574468	150	220	0	70	70	1.0000000
NODE_189985_length_287_cov_1.531915	123	154	0	31	31	1.0000000
NODE_190122_length_287_cov_1.356383	93	147	0	54	54	1.0000000
NODE_190142_length_287_cov_1.356383	135	199	0	64	64	1.0000000
NODE_190189_length_287_cov_1.335106	149	201	2	52	52	1.0000000
NODE_190654_length_287_cov_1.037234	23	44	0	21	21	1.0000000
NODE_190701_length_287_cov_0.994681	206	225	0	19	19	1.0000000
NODE_190802_length_287_cov_0.898936	0	57	0	9	57	0.1578947
NODE_190802_length_287_cov_0.898936	0	57	1	5	57	0.0877193
NODE_190802_length_287_cov_0.898936	0	57	2	36	57	0.6315789
NODE_190802_length_287_cov_0.898936	0	57	4	7	57	0.1228070
NODE_190873_length_287_cov_0.840426	46	121	0	38	75	0.5066667
NODE_190873_length_287_cov_0.840426	46	121	2	37	75	0.4933333
NODE_191306_length_286_cov_141.540107	4	63	20	59	59	1.0000000
NODE_191389_length_286_cov_3.935829	79	123	0	44	44	1.0000000
NODE_191391_length_286_cov_3.871658	45	121	2	6	76	0.0789474
NODE_191391_length_286_cov_3.871658	45	121	4	70	76	0.9210526
NODE_191391_length_286_cov_3.871658	102	169	0	39	67	0.5820895
NODE_191391_length_286_cov_3.871658	102	169	2	9	67	0.1343284
NODE_191391_length_286_cov_3.871658	102	169	4	19	67	0.2835821
NODE_191393_length_286_cov_3.812834	62	142	2	12	80	0.1500000
NODE_191393_length_286_cov_3.812834	62	142	4	68	80	0.8500000
NODE_191430_length_286_cov_3.352941	63	143	0	29	80	0.3625000
NODE_191430_length_286_cov_3.352941	63	143	2	24	80	0.3000000
NODE_191430_length_286_cov_3.352941	63	143	4	27	80	0.3375000
NODE_191430_length_286_cov_3.352941	116	196	4	80	80	1.0000000
NODE_191466_length_286_cov_3.101604	217	271	0	54	54	1.0000000
NODE_191509_length_286_cov_2.823529	56	122	2	3	66	0.0454545
NODE_191509_length_286_cov_2.823529	56	122	4	11	66	0.1666667
NODE_191509_length_286_cov_2.823529	56	122	6	8	66	0.1212121
NODE_191509_length_286_cov_2.823529	56	122	10	3	66	0.0454545
NODE_191509_length_286_cov_2.823529	56	122	12	1	66	0.0151515
NODE_191509_length_286_cov_2.823529	56	122	14	4	66	0.0606061
NODE_191509_length_286_cov_2.823529	56	122	16	2	66	0.0303030
NODE_191509_length_286_cov_2.823529	56	122	18	6	66	0.0909091
NODE_191509_length_286_cov_2.823529	56	122	20	1	66	0.0151515
NODE_191509_length_286_cov_2.823529	56	122	22	6	66	0.0909091
NODE_191509_length_286_cov_2.823529	56	122	24	21	66	0.3181818
NODE_191598_length_286_cov_2.438503	151	218	0	67	67	1.0000000
NODE_191754_length_286_cov_2.037433	57	138	0	30	81	0.3703704
NODE_191754_length_286_cov_2.037433	57	138	2	9	81	0.1111111
NODE_191754_length_286_cov_2.037433	57	138	4	42	81	0.5185185
NODE_191892_length_286_cov_1.807487	186	232	0	46	46	1.0000000
NODE_191892_length_286_cov_1.807487	239	285	0	46	46	1.0000000
NODE_192100_length_286_cov_1.566845	112	160	2	48	48	1.0000000
NODE_192100_length_286_cov_1.566845	165	213	2	48	48	1.0000000
NODE_192150_length_286_cov_1.497326	107	160	2	53	53	1.0000000
NODE_192233_length_286_cov_1.363636	20	87	0	62	67	0.9253731
NODE_192233_length_286_cov_1.363636	20	87	1	3	67	0.0447761
NODE_192233_length_286_cov_1.363636	20	87	2	2	67	0.0298507
NODE_192302_length_286_cov_1.358289	218	262	2	44	44	1.0000000
NODE_192357_length_286_cov_1.304813	147	205	0	58	58	1.0000000
NODE_192427_length_286_cov_1.203209	30	76	0	46	46	1.0000000
NODE_192427_length_286_cov_1.203209	49	129	0	80	80	1.0000000
NODE_192757_length_286_cov_1.074866	160	220	0	60	60	1.0000000
NODE_193023_length_286_cov_0.871658	218	279	0	1	61	0.0163934
NODE_193023_length_286_cov_0.871658	218	279	2	60	61	0.9836066
NODE_193038_length_286_cov_0.855615	224	281	0	3	57	0.0526316
NODE_193038_length_286_cov_0.855615	224	281	1	19	57	0.3333333
NODE_193038_length_286_cov_0.855615	224	281	2	3	57	0.0526316
NODE_193038_length_286_cov_0.855615	224	281	3	22	57	0.3859649
NODE_193038_length_286_cov_0.855615	224	281	5	10	57	0.1754386
NODE_193362_length_286_cov_0.625668	110	190	0	80	80	1.0000000
NODE_193362_length_286_cov_0.625668	163	240	0	77	77	1.0000000
NODE_193481_length_285_cov_7.392473	91	152	0	61	61	1.0000000
NODE_193481_length_285_cov_7.392473	150	184	0	34	34	1.0000000
NODE_193513_length_285_cov_4.650538	0	74	0	74	74	1.0000000
NODE_193513_length_285_cov_4.650538	47	127	0	80	80	1.0000000
NODE_193513_length_285_cov_4.650538	123	203	0	80	80	1.0000000
NODE_193513_length_285_cov_4.650538	176	256	0	80	80	1.0000000
NODE_193532_length_285_cov_4.091398	91	154	0	63	63	1.0000000
NODE_193538_length_285_cov_4.010753	120	201	4	22	81	0.2716049
NODE_193538_length_285_cov_4.010753	120	201	6	59	81	0.7283950
NODE_193547_length_285_cov_3.854839	97	151	0	54	54	1.0000000
NODE_193547_length_285_cov_3.854839	106	153	0	47	47	1.0000000
NODE_193566_length_285_cov_3.607527	197	258	0	61	61	1.0000000
NODE_193624_length_285_cov_3.037634	190	272	0	82	82	1.0000000
NODE_193660_length_285_cov_2.806452	215	279	0	64	64	1.0000000
NODE_193688_length_285_cov_2.736559	106	173	1	9	67	0.1343284
NODE_193688_length_285_cov_2.736559	106	173	3	7	67	0.1044776
NODE_193688_length_285_cov_2.736559	106	173	5	51	67	0.7611941
NODE_193784_length_285_cov_2.311828	220	262	0	42	42	1.0000000
NODE_193883_length_285_cov_2.043011	77	150	0	73	73	1.0000000
NODE_193883_length_285_cov_2.043011	155	197	0	42	42	1.0000000
NODE_193978_length_285_cov_1.876344	67	110	0	14	43	0.3255814
NODE_193978_length_285_cov_1.876344	67	110	2	29	43	0.6744186
NODE_194150_length_285_cov_1.645161	112	160	1	23	48	0.4791667
NODE_194150_length_285_cov_1.645161	112	160	2	25	48	0.5208333
NODE_194260_length_285_cov_1.548387	124	172	0	48	48	1.0000000
NODE_194332_length_285_cov_1.456989	210	277	0	2	67	0.0298507
NODE_194332_length_285_cov_1.456989	210	277	2	65	67	0.9701493
NODE_194499_length_285_cov_1.327957	114	191	0	2	77	0.0259740
NODE_194499_length_285_cov_1.327957	114	191	2	75	77	0.9740260
NODE_194865_length_285_cov_1.096774	175	229	0	54	54	1.0000000
NODE_194865_length_285_cov_1.096774	230	271	0	41	41	1.0000000
NODE_195109_length_285_cov_0.924731	128	208	1	9	80	0.1125000
NODE_195109_length_285_cov_0.924731	128	208	2	71	80	0.8875000
NODE_195115_length_285_cov_0.919355	5	65	0	60	60	1.0000000
NODE_195124_length_285_cov_0.913978	6	80	2	73	74	0.9864865
NODE_195124_length_285_cov_0.913978	6	80	6	1	74	0.0135135
NODE_195124_length_285_cov_0.913978	58	133	2	21	75	0.2800000
NODE_195124_length_285_cov_0.913978	58	133	4	21	75	0.2800000
NODE_195124_length_285_cov_0.913978	58	133	6	33	75	0.4400000
NODE_195642_length_284_cov_7.967568	143	207	16	2	64	0.0312500
NODE_195642_length_284_cov_7.967568	143	207	18	13	64	0.2031250
NODE_195642_length_284_cov_7.967568	143	207	20	20	64	0.3125000
NODE_195642_length_284_cov_7.967568	143	207	22	2	64	0.0312500
NODE_195642_length_284_cov_7.967568	143	207	24	27	64	0.4218750
NODE_195667_length_284_cov_5.016216	115	169	4	54	54	1.0000000
NODE_195715_length_284_cov_3.913514	26	82	2	56	56	1.0000000
NODE_195760_length_284_cov_3.405405	209	283	0	74	74	1.0000000
NODE_195863_length_284_cov_2.718919	138	162	0	24	24	1.0000000
NODE_195863_length_284_cov_2.718919	138	215	0	77	77	1.0000000
NODE_196090_length_284_cov_2.097297	46	122	0	76	76	1.0000000
NODE_196253_length_284_cov_1.756757	27	100	10	2	73	0.0273973
NODE_196253_length_284_cov_1.756757	27	100	12	1	73	0.0136986
NODE_196253_length_284_cov_1.756757	27	100	14	4	73	0.0547945
NODE_196253_length_284_cov_1.756757	27	100	18	3	73	0.0410959
NODE_196253_length_284_cov_1.756757	27	100	22	10	73	0.1369863
NODE_196253_length_284_cov_1.756757	27	100	26	6	73	0.0821918
NODE_196253_length_284_cov_1.756757	27	100	28	6	73	0.0821918
NODE_196253_length_284_cov_1.756757	27	100	30	23	73	0.3150685
NODE_196253_length_284_cov_1.756757	27	100	32	18	73	0.2465753
NODE_196253_length_284_cov_1.756757	97	153	18	2	56	0.0357143
NODE_196253_length_284_cov_1.756757	97	153	22	4	56	0.0714286
NODE_196253_length_284_cov_1.756757	97	153	26	17	56	0.3035714
NODE_196253_length_284_cov_1.756757	97	153	28	12	56	0.2142857
NODE_196253_length_284_cov_1.756757	97	153	32	21	56	0.3750000
NODE_196273_length_284_cov_1.713514	24	59	0	35	35	1.0000000
NODE_196372_length_284_cov_1.654054	207	251	0	44	44	1.0000000
NODE_196426_length_284_cov_1.643243	180	239	0	4	59	0.0677966
NODE_196426_length_284_cov_1.643243	180	239	2	55	59	0.9322034
NODE_196505_length_284_cov_1.540541	148	186	0	14	38	0.3684210
NODE_196505_length_284_cov_1.540541	148	186	2	24	38	0.6315789
NODE_196670_length_284_cov_1.378378	65	145	0	71	80	0.8875000
NODE_196670_length_284_cov_1.378378	65	145	2	9	80	0.1125000
NODE_196670_length_284_cov_1.378378	118	165	0	18	47	0.3829787
NODE_196670_length_284_cov_1.378378	118	165	2	29	47	0.6170213
NODE_196733_length_284_cov_1.329730	114	170	4	56	56	1.0000000
NODE_197755_length_284_cov_0.686486	13	94	2	81	81	1.0000000
NODE_197755_length_284_cov_0.686486	13	94	2	81	81	1.0000000
NODE_197755_length_284_cov_0.686486	13	94	2	81	81	1.0000000
NODE_197835_length_284_cov_0.551351	167	219	1	25	52	0.4807692
NODE_197835_length_284_cov_0.551351	167	219	2	27	52	0.5192308
NODE_197936_length_283_cov_4.434783	81	137	8	12	56	0.2142857
NODE_197936_length_283_cov_4.434783	81	137	10	44	56	0.7857143
NODE_197936_length_283_cov_4.434783	114	190	0	5	76	0.0657895
NODE_197936_length_283_cov_4.434783	114	190	1	1	76	0.0131579
NODE_197936_length_283_cov_4.434783	114	190	7	40	76	0.5263158
NODE_197936_length_283_cov_4.434783	114	190	8	19	76	0.2500000
NODE_197936_length_283_cov_4.434783	114	190	10	11	76	0.1447368
NODE_197936_length_283_cov_4.434783	190	270	0	80	80	1.0000000
NODE_197937_length_283_cov_4.429348	104	168	8	2	64	0.0312500
NODE_197937_length_283_cov_4.429348	104	168	10	18	64	0.2812500
NODE_197937_length_283_cov_4.429348	104	168	11	1	64	0.0156250
NODE_197937_length_283_cov_4.429348	104	168	12	10	64	0.1562500
NODE_197937_length_283_cov_4.429348	104	168	13	11	64	0.1718750
NODE_197937_length_283_cov_4.429348	104	168	14	22	64	0.3437500
NODE_197937_length_283_cov_4.429348	104	168	8	2	64	0.0312500
NODE_197937_length_283_cov_4.429348	104	168	10	18	64	0.2812500
NODE_197937_length_283_cov_4.429348	104	168	11	1	64	0.0156250
NODE_197937_length_283_cov_4.429348	104	168	12	10	64	0.1562500
NODE_197937_length_283_cov_4.429348	104	168	13	11	64	0.1718750
NODE_197937_length_283_cov_4.429348	104	168	14	22	64	0.3437500
NODE_197937_length_283_cov_4.429348	141	207	8	15	66	0.2272727
NODE_197937_length_283_cov_4.429348	141	207	10	33	66	0.5000000
NODE_197937_length_283_cov_4.429348	141	207	12	10	66	0.1515152
NODE_197937_length_283_cov_4.429348	141	207	14	8	66	0.1212121
NODE_197937_length_283_cov_4.429348	141	221	8	29	80	0.3625000
NODE_197937_length_283_cov_4.429348	141	221	10	33	80	0.4125000
NODE_197937_length_283_cov_4.429348	141	221	12	10	80	0.1250000
NODE_197937_length_283_cov_4.429348	141	221	14	8	80	0.1000000
NODE_198007_length_283_cov_3.369565	0	35	0	35	35	1.0000000
NODE_198022_length_283_cov_3.309783	47	91	0	10	44	0.2272727
NODE_198022_length_283_cov_3.309783	47	91	2	34	44	0.7727273
NODE_198081_length_283_cov_2.923913	95	137	0	37	42	0.8809524
NODE_198081_length_283_cov_2.923913	95	137	2	5	42	0.1190476
NODE_198081_length_283_cov_2.923913	110	190	0	22	80	0.2750000
NODE_198081_length_283_cov_2.923913	110	190	2	58	80	0.7250000
NODE_198098_length_283_cov_2.782609	120	200	8	80	80	1.0000000
NODE_198109_length_283_cov_2.771739	29	72	0	43	43	1.0000000
NODE_198171_length_283_cov_2.494565	186	229	0	43	43	1.0000000
NODE_198176_length_283_cov_2.494565	181	238	0	57	57	1.0000000
NODE_198271_length_283_cov_2.217391	222	281	0	59	59	1.0000000
NODE_198518_length_283_cov_1.777174	40	120	0	80	80	1.0000000
NODE_198745_length_283_cov_1.543478	125	161	1	4	36	0.1111111
NODE_198745_length_283_cov_1.543478	125	161	2	14	36	0.3888889
NODE_198745_length_283_cov_1.543478	125	161	4	2	36	0.0555556
NODE_198745_length_283_cov_1.543478	125	161	6	16	36	0.4444444
NODE_198751_length_283_cov_1.538043	182	203	0	21	21	1.0000000
NODE_198986_length_283_cov_1.304348	208	270	10	62	62	1.0000000
NODE_199042_length_283_cov_1.211957	157	234	0	77	77	1.0000000
NODE_199070_length_283_cov_1.168478	183	250	10	67	67	1.0000000
NODE_199606_length_283_cov_0.918478	146	226	0	80	80	1.0000000
NODE_199606_length_283_cov_0.918478	199	279	0	80	80	1.0000000
NODE_199641_length_283_cov_0.885870	143	205	0	62	62	1.0000000
NODE_199958_length_283_cov_0.706522	119	159	4	40	40	1.0000000
NODE_200085_length_282_cov_51.027322	219	280	0	61	61	1.0000000
NODE_200085_length_282_cov_51.027322	219	282	0	63	63	1.0000000
NODE_200166_length_282_cov_3.901639	38	118	0	80	80	1.0000000
NODE_200166_length_282_cov_3.901639	91	171	0	80	80	1.0000000
NODE_200171_length_282_cov_3.874317	96	116	0	20	20	1.0000000
NODE_200201_length_282_cov_3.562842	224	279	2	55	55	1.0000000
NODE_200270_length_282_cov_2.890710	41	123	0	81	82	0.9878049
NODE_200270_length_282_cov_2.890710	41	123	2	1	82	0.0121951
NODE_200276_length_282_cov_2.846995	26	47	0	21	21	1.0000000
NODE_200304_length_282_cov_2.770492	145	225	4	80	80	1.0000000
NODE_200304_length_282_cov_2.770492	198	278	0	28	80	0.3500000
NODE_200304_length_282_cov_2.770492	198	278	2	14	80	0.1750000
NODE_200304_length_282_cov_2.770492	198	278	4	38	80	0.4750000
NODE_200329_length_282_cov_2.655738	46	119	2	73	73	1.0000000
NODE_200329_length_282_cov_2.655738	100	159	0	30	59	0.5084746
NODE_200329_length_282_cov_2.655738	100	159	2	29	59	0.4915254
NODE_200335_length_282_cov_2.622951	0	36	0	36	36	1.0000000
NODE_200335_length_282_cov_2.622951	9	89	0	42	80	0.5250000
NODE_200335_length_282_cov_2.622951	9	89	2	38	80	0.4750000
NODE_200336_length_282_cov_2.622951	38	111	2	73	73	1.0000000
NODE_200336_length_282_cov_2.622951	98	144	0	23	46	0.5000000
NODE_200336_length_282_cov_2.622951	98	144	2	23	46	0.5000000
NODE_200367_length_282_cov_2.508197	138	186	2	25	48	0.5208333
NODE_200367_length_282_cov_2.508197	138	186	4	23	48	0.4791667
NODE_200367_length_282_cov_2.508197	191	234	2	15	43	0.3488372
NODE_200367_length_282_cov_2.508197	191	234	4	28	43	0.6511628
NODE_200425_length_282_cov_2.289617	68	137	0	69	69	1.0000000
NODE_200443_length_282_cov_2.229508	169	249	0	80	80	1.0000000
NODE_200501_length_282_cov_2.163934	138	192	0	54	54	1.0000000
NODE_200634_length_282_cov_1.901639	149	216	0	2	67	0.0298507
NODE_200634_length_282_cov_1.901639	149	216	4	65	67	0.9701493
NODE_200924_length_282_cov_1.612022	123	162	0	39	39	1.0000000
NODE_201084_length_282_cov_1.393443	158	225	2	9	67	0.1343284
NODE_201084_length_282_cov_1.393443	158	225	5	1	67	0.0149254
NODE_201084_length_282_cov_1.393443	158	225	6	57	67	0.8507463
NODE_201219_length_282_cov_1.273224	91	140	0	49	49	1.0000000
NODE_201413_length_282_cov_1.114754	5	53	0	48	48	1.0000000
NODE_202284_length_281_cov_7.895604	165	210	2	1	45	0.0222222
NODE_202284_length_281_cov_7.895604	165	210	4	44	45	0.9777778
NODE_202284_length_281_cov_7.895604	183	263	4	80	80	1.0000000
NODE_202294_length_281_cov_6.379121	151	231	0	80	80	1.0000000
NODE_202333_length_281_cov_4.565934	71	127	0	56	56	1.0000000
NODE_202337_length_281_cov_4.494505	211	261	0	50	50	1.0000000
NODE_202356_length_281_cov_4.219780	85	135	2	50	50	1.0000000
NODE_202356_length_281_cov_4.219780	145	188	2	43	43	1.0000000
NODE_202401_length_281_cov_3.620879	245	281	0	36	36	1.0000000
NODE_202421_length_281_cov_3.324176	104	161	0	4	57	0.0701754
NODE_202421_length_281_cov_3.324176	104	161	2	53	57	0.9298246
NODE_202421_length_281_cov_3.324176	112	192	2	80	80	1.0000000
NODE_202436_length_281_cov_3.197802	6	80	0	74	74	1.0000000
NODE_202473_length_281_cov_2.923077	92	150	0	58	58	1.0000000
NODE_202650_length_281_cov_2.241758	5	58	0	53	53	1.0000000
NODE_202712_length_281_cov_2.120879	56	136	0	80	80	1.0000000
NODE_202788_length_281_cov_1.961538	199	270	0	71	71	1.0000000
NODE_203008_length_281_cov_1.675824	147	199	2	52	52	1.0000000
NODE_203008_length_281_cov_1.675824	178	198	2	20	20	1.0000000
NODE_203008_length_281_cov_1.675824	200	241	0	23	41	0.5609756
NODE_203008_length_281_cov_1.675824	200	241	2	18	41	0.4390244
NODE_203065_length_281_cov_1.653846	29	65	2	36	36	1.0000000
NODE_203168_length_281_cov_1.483516	85	135	2	10	50	0.2000000
NODE_203168_length_281_cov_1.483516	85	135	4	39	50	0.7800000
NODE_203168_length_281_cov_1.483516	85	135	6	1	50	0.0200000
NODE_203168_length_281_cov_1.483516	86	166	2	41	80	0.5125000
NODE_203168_length_281_cov_1.483516	86	166	4	38	80	0.4750000
NODE_203168_length_281_cov_1.483516	86	166	6	1	80	0.0125000
NODE_203168_length_281_cov_1.483516	139	184	0	8	45	0.1777778
NODE_203168_length_281_cov_1.483516	139	184	2	37	45	0.8222222
NODE_203183_length_281_cov_1.461538	223	276	0	53	53	1.0000000
NODE_203262_length_281_cov_1.401099	237	281	0	44	44	1.0000000
NODE_203281_length_281_cov_1.401099	150	214	2	20	64	0.3125000
NODE_203281_length_281_cov_1.401099	150	214	4	44	64	0.6875000
NODE_203281_length_281_cov_1.401099	187	267	0	40	80	0.5000000
NODE_203281_length_281_cov_1.401099	187	267	2	33	80	0.4125000
NODE_203281_length_281_cov_1.401099	187	267	4	7	80	0.0875000
NODE_203292_length_281_cov_1.401099	31	111	0	80	80	1.0000000
NODE_203440_length_281_cov_1.186813	0	79	0	59	79	0.7468355
NODE_203440_length_281_cov_1.186813	0	79	2	15	79	0.1898734
NODE_203440_length_281_cov_1.186813	0	79	4	5	79	0.0632911
NODE_203440_length_281_cov_1.186813	52	132	0	7	80	0.0875000
NODE_203440_length_281_cov_1.186813	52	132	2	15	80	0.1875000
NODE_203440_length_281_cov_1.186813	52	132	4	58	80	0.7250000
NODE_203516_length_281_cov_1.120879	47	82	0	35	35	1.0000000
NODE_203534_length_281_cov_1.120879	243	276	0	33	33	1.0000000
NODE_203544_length_281_cov_1.120879	216	281	0	65	65	1.0000000
NODE_203785_length_281_cov_1.060440	139	179	2	40	40	1.0000000
NODE_204094_length_281_cov_0.840659	72	138	0	66	66	1.0000000
NODE_204094_length_281_cov_0.840659	111	191	0	80	80	1.0000000
NODE_204467_length_280_cov_39.320442	118	198	0	21	80	0.2625000
NODE_204467_length_280_cov_39.320442	118	198	2	59	80	0.7375000
NODE_204467_length_280_cov_39.320442	181	251	0	70	70	1.0000000
NODE_204468_length_280_cov_34.259669	97	137	5	7	40	0.1750000
NODE_204468_length_280_cov_34.259669	97	137	7	25	40	0.6250000
NODE_204468_length_280_cov_34.259669	97	137	8	8	40	0.2000000
NODE_204532_length_280_cov_4.287293	53	100	0	47	47	1.0000000
NODE_204532_length_280_cov_4.287293	129	186	0	57	57	1.0000000
NODE_204596_length_280_cov_3.436464	34	103	0	69	69	1.0000000
NODE_204597_length_280_cov_3.430939	17	97	0	4	80	0.0500000
NODE_204597_length_280_cov_3.430939	17	97	4	18	80	0.2250000
NODE_204597_length_280_cov_3.430939	17	97	7	39	80	0.4875000
NODE_204597_length_280_cov_3.430939	17	97	10	19	80	0.2375000
NODE_204597_length_280_cov_3.430939	27	97	4	12	70	0.1714286
NODE_204597_length_280_cov_3.430939	27	97	7	39	70	0.5571429
NODE_204597_length_280_cov_3.430939	27	97	10	19	70	0.2714286
NODE_204674_length_280_cov_2.988950	118	164	0	46	46	1.0000000
NODE_204938_length_280_cov_2.165746	2	48	0	46	46	1.0000000
NODE_204938_length_280_cov_2.165746	6	48	0	42	42	1.0000000
NODE_204938_length_280_cov_2.165746	21	101	0	80	80	1.0000000
NODE_204938_length_280_cov_2.165746	22	101	0	79	79	1.0000000
NODE_204938_length_280_cov_2.165746	32	101	0	69	69	1.0000000
NODE_204976_length_280_cov_2.022099	105	148	0	43	43	1.0000000
NODE_204976_length_280_cov_2.022099	121	148	0	27	27	1.0000000
NODE_205044_length_280_cov_1.889503	50	132	2	19	82	0.2317073
NODE_205044_length_280_cov_1.889503	50	132	4	63	82	0.7682927
NODE_205062_length_280_cov_1.828729	45	75	0	30	30	1.0000000
NODE_205410_length_280_cov_1.425414	17	50	2	33	33	1.0000000
NODE_205410_length_280_cov_1.425414	70	112	0	19	42	0.4523810
NODE_205410_length_280_cov_1.425414	70	112	2	23	42	0.5476190
NODE_205416_length_280_cov_1.414365	37	97	2	14	60	0.2333333
NODE_205416_length_280_cov_1.414365	37	97	4	46	60	0.7666667
NODE_205633_length_280_cov_1.187845	56	136	0	80	80	1.0000000
NODE_205635_length_280_cov_1.182320	154	234	0	80	80	1.0000000
NODE_205635_length_280_cov_1.182320	207	280	0	73	73	1.0000000
NODE_205701_length_280_cov_1.127072	204	265	0	61	61	1.0000000
NODE_205794_length_280_cov_1.127072	0	39	0	39	39	1.0000000
NODE_205801_length_280_cov_1.127072	218	253	0	35	35	1.0000000
NODE_205894_length_280_cov_1.127072	0	59	0	59	59	1.0000000
NODE_206211_length_280_cov_0.911602	176	256	0	80	80	1.0000000
NODE_206211_length_280_cov_0.911602	229	280	0	51	51	1.0000000
NODE_206319_length_280_cov_0.845304	211	268	0	57	57	1.0000000
NODE_206531_length_280_cov_0.779006	129	203	8	2	74	0.0270270
NODE_206531_length_280_cov_0.779006	129	203	10	3	74	0.0405405
NODE_206531_length_280_cov_0.779006	129	203	14	2	74	0.0270270
NODE_206531_length_280_cov_0.779006	129	203	16	21	74	0.2837838
NODE_206531_length_280_cov_0.779006	129	203	18	11	74	0.1486486
NODE_206531_length_280_cov_0.779006	129	203	22	1	74	0.0135135
NODE_206531_length_280_cov_0.779006	129	203	23	17	74	0.2297297
NODE_206531_length_280_cov_0.779006	129	203	25	2	74	0.0270270
NODE_206531_length_280_cov_0.779006	129	203	27	9	74	0.1216216
NODE_206531_length_280_cov_0.779006	129	203	28	6	74	0.0810811
NODE_206721_length_279_cov_50.005556	51	130	21	1	79	0.0126582
NODE_206721_length_279_cov_50.005556	51	130	25	4	79	0.0506329
NODE_206721_length_279_cov_50.005556	51	130	26	24	79	0.3037975
NODE_206721_length_279_cov_50.005556	51	130	28	50	79	0.6329114
NODE_206721_length_279_cov_50.005556	103	179	4	3	76	0.0394737
NODE_206721_length_279_cov_50.005556	103	179	6	13	76	0.1710526
NODE_206721_length_279_cov_50.005556	103	179	8	1	76	0.0131579
NODE_206721_length_279_cov_50.005556	103	179	14	13	76	0.1710526
NODE_206721_length_279_cov_50.005556	103	179	16	5	76	0.0657895
NODE_206721_length_279_cov_50.005556	103	179	20	13	76	0.1710526
NODE_206721_length_279_cov_50.005556	103	179	24	1	76	0.0131579
NODE_206721_length_279_cov_50.005556	103	179	26	15	76	0.1973684
NODE_206721_length_279_cov_50.005556	103	179	28	12	76	0.1578947
NODE_206744_length_279_cov_6.055556	196	228	0	32	32	1.0000000
NODE_206762_length_279_cov_5.166667	197	277	0	80	80	1.0000000
NODE_206788_length_279_cov_4.427778	107	187	2	5	80	0.0625000
NODE_206788_length_279_cov_4.427778	107	187	6	75	80	0.9375000
NODE_206879_length_279_cov_3.200000	205	225	0	20	20	1.0000000
NODE_206886_length_279_cov_3.116667	115	195	0	6	80	0.0750000
NODE_206886_length_279_cov_3.116667	115	195	4	2	80	0.0250000
NODE_206886_length_279_cov_3.116667	115	195	5	6	80	0.0750000
NODE_206886_length_279_cov_3.116667	115	195	6	66	80	0.8250000
NODE_206886_length_279_cov_3.116667	168	248	6	80	80	1.0000000
NODE_206972_length_279_cov_2.600000	67	147	0	12	80	0.1500000
NODE_206972_length_279_cov_2.600000	67	147	2	68	80	0.8500000
NODE_206972_length_279_cov_2.600000	120	199	0	15	79	0.1898734
NODE_206972_length_279_cov_2.600000	120	199	2	64	79	0.8101266
NODE_207023_length_279_cov_2.427778	155	199	0	44	44	1.0000000
NODE_207052_length_279_cov_2.283333	168	240	0	72	72	1.0000000
NODE_207054_length_279_cov_2.277778	190	265	0	75	75	1.0000000
NODE_207086_length_279_cov_2.266667	66	109	2	43	43	1.0000000
NODE_207115_length_279_cov_2.255556	115	176	0	61	61	1.0000000
NODE_207115_length_279_cov_2.255556	168	222	0	54	54	1.0000000
NODE_207155_length_279_cov_2.200000	57	104	0	19	47	0.4042553
NODE_207155_length_279_cov_2.200000	57	104	2	28	47	0.5957447
NODE_207269_length_279_cov_1.977778	0	62	0	62	62	1.0000000
NODE_207293_length_279_cov_1.944444	63	105	3	5	42	0.1190476
NODE_207293_length_279_cov_1.944444	63	105	4	37	42	0.8809524
NODE_207306_length_279_cov_1.916667	182	262	0	80	80	1.0000000
NODE_207318_length_279_cov_1.866667	63	143	0	29	80	0.3625000
NODE_207318_length_279_cov_1.866667	63	143	4	51	80	0.6375000
NODE_207387_length_279_cov_1.700000	8	37	1	12	29	0.4137931
NODE_207387_length_279_cov_1.700000	8	37	2	17	29	0.5862069
NODE_207389_length_279_cov_1.700000	10	42	0	32	32	1.0000000
NODE_207534_length_279_cov_1.672222	103	183	1	5	80	0.0625000
NODE_207534_length_279_cov_1.672222	103	183	2	75	80	0.9375000
NODE_207641_length_279_cov_1.433333	51	110	0	59	59	1.0000000
NODE_207641_length_279_cov_1.433333	83	119	0	36	36	1.0000000
NODE_207929_length_279_cov_1.144444	146	211	0	65	65	1.0000000
NODE_207929_length_279_cov_1.144444	184	266	0	82	82	1.0000000
NODE_207931_length_279_cov_1.138889	125	188	20	2	63	0.0317460
NODE_207931_length_279_cov_1.138889	125	188	26	1	63	0.0158730
NODE_207931_length_279_cov_1.138889	125	188	32	2	63	0.0317460
NODE_207931_length_279_cov_1.138889	125	188	34	5	63	0.0793651
NODE_207931_length_279_cov_1.138889	125	188	36	3	63	0.0476190
NODE_207931_length_279_cov_1.138889	125	188	38	6	63	0.0952381
NODE_207931_length_279_cov_1.138889	125	188	40	8	63	0.1269841
NODE_207931_length_279_cov_1.138889	125	188	42	10	63	0.1587302
NODE_207931_length_279_cov_1.138889	125	188	44	1	63	0.0158730
NODE_207931_length_279_cov_1.138889	125	188	49	1	63	0.0158730
NODE_207931_length_279_cov_1.138889	125	188	50	1	63	0.0158730
NODE_207931_length_279_cov_1.138889	125	188	54	9	63	0.1428571
NODE_207931_length_279_cov_1.138889	125	188	55	3	63	0.0476190
NODE_207931_length_279_cov_1.138889	125	188	56	2	63	0.0317460
NODE_207931_length_279_cov_1.138889	125	188	57	4	63	0.0634921
NODE_207931_length_279_cov_1.138889	125	188	58	5	63	0.0793651
NODE_207932_length_279_cov_1.138889	111	191	0	80	80	1.0000000
NODE_207948_length_279_cov_1.133333	231	271	0	40	40	1.0000000
NODE_208183_length_279_cov_1.116667	15	92	0	77	77	1.0000000
NODE_208334_length_279_cov_0.988889	181	261	0	80	80	1.0000000
NODE_208410_length_279_cov_0.927778	50	69	0	19	19	1.0000000
NODE_208410_length_279_cov_0.927778	50	69	0	19	19	1.0000000
NODE_208664_length_279_cov_0.844444	35	70	0	35	35	1.0000000
NODE_209293_length_278_cov_44.882682	158	210	10	2	52	0.0384615
NODE_209293_length_278_cov_44.882682	158	210	12	8	52	0.1538462
NODE_209293_length_278_cov_44.882682	158	210	14	1	52	0.0192308
NODE_209293_length_278_cov_44.882682	158	210	16	1	52	0.0192308
NODE_209293_length_278_cov_44.882682	158	210	20	13	52	0.2500000
NODE_209293_length_278_cov_44.882682	158	210	22	11	52	0.2115385
NODE_209293_length_278_cov_44.882682	158	210	24	2	52	0.0384615
NODE_209293_length_278_cov_44.882682	158	210	26	2	52	0.0384615
NODE_209293_length_278_cov_44.882682	158	210	28	1	52	0.0192308
NODE_209293_length_278_cov_44.882682	158	210	34	11	52	0.2115385
NODE_209293_length_278_cov_44.882682	206	232	1	1	26	0.0384615
NODE_209293_length_278_cov_44.882682	206	232	3	2	26	0.0769231
NODE_209293_length_278_cov_44.882682	206	232	4	13	26	0.5000000
NODE_209293_length_278_cov_44.882682	206	232	8	3	26	0.1153846
NODE_209293_length_278_cov_44.882682	206	232	10	5	26	0.1923077
NODE_209293_length_278_cov_44.882682	206	232	12	2	26	0.0769231
NODE_209293_length_278_cov_44.882682	206	265	1	34	59	0.5762712
NODE_209293_length_278_cov_44.882682	206	265	3	2	59	0.0338983
NODE_209293_length_278_cov_44.882682	206	265	4	13	59	0.2203390
NODE_209293_length_278_cov_44.882682	206	265	8	3	59	0.0508475
NODE_209293_length_278_cov_44.882682	206	265	10	5	59	0.0847458
NODE_209293_length_278_cov_44.882682	206	265	12	2	59	0.0338983
NODE_209294_length_278_cov_37.474860	0	52	0	38	52	0.7307692
NODE_209294_length_278_cov_37.474860	0	52	1	1	52	0.0192308
NODE_209294_length_278_cov_37.474860	0	52	2	13	52	0.2500000
NODE_209294_length_278_cov_37.474860	48	128	2	8	80	0.1000000
NODE_209294_length_278_cov_37.474860	48	128	6	19	80	0.2375000
NODE_209294_length_278_cov_37.474860	48	128	12	23	80	0.2875000
NODE_209294_length_278_cov_37.474860	48	128	20	6	80	0.0750000
NODE_209294_length_278_cov_37.474860	48	128	41	1	80	0.0125000
NODE_209294_length_278_cov_37.474860	48	128	42	14	80	0.1750000
NODE_209294_length_278_cov_37.474860	48	128	44	9	80	0.1125000
NODE_209294_length_278_cov_37.474860	101	181	20	3	80	0.0375000
NODE_209294_length_278_cov_37.474860	101	181	38	19	80	0.2375000
NODE_209294_length_278_cov_37.474860	101	181	41	1	80	0.0125000
NODE_209294_length_278_cov_37.474860	101	181	42	28	80	0.3500000
NODE_209294_length_278_cov_37.474860	101	181	44	29	80	0.3625000
NODE_209295_length_278_cov_21.340782	84	164	0	80	80	1.0000000
NODE_209295_length_278_cov_21.340782	137	217	0	80	80	1.0000000
NODE_209360_length_278_cov_4.156425	132	210	2	78	78	1.0000000
NODE_209360_length_278_cov_4.156425	193	263	0	51	70	0.7285714
NODE_209360_length_278_cov_4.156425	193	263	2	19	70	0.2714286
NODE_209372_length_278_cov_3.977654	142	221	0	79	79	1.0000000
NODE_209378_length_278_cov_3.865922	168	210	0	42	42	1.0000000
NODE_209552_length_278_cov_2.558659	93	123	0	30	30	1.0000000
NODE_209565_length_278_cov_2.513966	54	106	0	3	52	0.0576923
NODE_209565_length_278_cov_2.513966	54	106	2	49	52	0.9423077
NODE_209565_length_278_cov_2.513966	79	158	0	20	79	0.2531646
NODE_209565_length_278_cov_2.513966	79	158	2	59	79	0.7468355
NODE_209605_length_278_cov_2.296089	127	207	0	23	80	0.2875000
NODE_209605_length_278_cov_2.296089	127	207	2	57	80	0.7125000
NODE_209883_length_278_cov_1.731844	145	194	5	49	49	1.0000000
NODE_210038_length_278_cov_1.681564	129	184	0	31	55	0.5636364
NODE_210038_length_278_cov_1.681564	129	184	2	3	55	0.0545455
NODE_210038_length_278_cov_1.681564	129	184	4	8	55	0.1454545
NODE_210038_length_278_cov_1.681564	129	184	6	13	55	0.2363636
NODE_210068_length_278_cov_1.636872	13	41	4	2	28	0.0714286
NODE_210068_length_278_cov_1.636872	13	41	8	26	28	0.9285714
NODE_210373_length_278_cov_1.290503	3	67	17	1	64	0.0156250
NODE_210373_length_278_cov_1.290503	3	67	19	3	64	0.0468750
NODE_210373_length_278_cov_1.290503	3	67	23	1	64	0.0156250
NODE_210373_length_278_cov_1.290503	3	67	24	1	64	0.0156250
NODE_210373_length_278_cov_1.290503	3	67	32	2	64	0.0312500
NODE_210373_length_278_cov_1.290503	3	67	34	2	64	0.0312500
NODE_210373_length_278_cov_1.290503	3	67	37	5	64	0.0781250
NODE_210373_length_278_cov_1.290503	3	67	43	2	64	0.0312500
NODE_210373_length_278_cov_1.290503	3	67	48	3	64	0.0468750
NODE_210373_length_278_cov_1.290503	3	67	49	1	64	0.0156250
NODE_210373_length_278_cov_1.290503	3	67	51	1	64	0.0156250
NODE_210373_length_278_cov_1.290503	3	67	52	1	64	0.0156250
NODE_210373_length_278_cov_1.290503	3	67	57	13	64	0.2031250
NODE_210373_length_278_cov_1.290503	3	67	58	19	64	0.2968750
NODE_210373_length_278_cov_1.290503	3	67	59	2	64	0.0312500
NODE_210373_length_278_cov_1.290503	3	67	62	7	64	0.1093750
NODE_210373_length_278_cov_1.290503	3	67	17	1	64	0.0156250
NODE_210373_length_278_cov_1.290503	3	67	19	3	64	0.0468750
NODE_210373_length_278_cov_1.290503	3	67	23	1	64	0.0156250
NODE_210373_length_278_cov_1.290503	3	67	24	1	64	0.0156250
NODE_210373_length_278_cov_1.290503	3	67	32	2	64	0.0312500
NODE_210373_length_278_cov_1.290503	3	67	34	2	64	0.0312500
NODE_210373_length_278_cov_1.290503	3	67	37	5	64	0.0781250
NODE_210373_length_278_cov_1.290503	3	67	43	2	64	0.0312500
NODE_210373_length_278_cov_1.290503	3	67	48	3	64	0.0468750
NODE_210373_length_278_cov_1.290503	3	67	49	1	64	0.0156250
NODE_210373_length_278_cov_1.290503	3	67	51	1	64	0.0156250
NODE_210373_length_278_cov_1.290503	3	67	52	1	64	0.0156250
NODE_210373_length_278_cov_1.290503	3	67	57	13	64	0.2031250
NODE_210373_length_278_cov_1.290503	3	67	58	19	64	0.2968750
NODE_210373_length_278_cov_1.290503	3	67	59	2	64	0.0312500
NODE_210373_length_278_cov_1.290503	3	67	62	7	64	0.1093750
NODE_210373_length_278_cov_1.290503	3	67	17	1	64	0.0156250
NODE_210373_length_278_cov_1.290503	3	67	19	3	64	0.0468750
NODE_210373_length_278_cov_1.290503	3	67	23	1	64	0.0156250
NODE_210373_length_278_cov_1.290503	3	67	24	1	64	0.0156250
NODE_210373_length_278_cov_1.290503	3	67	32	2	64	0.0312500
NODE_210373_length_278_cov_1.290503	3	67	34	2	64	0.0312500
NODE_210373_length_278_cov_1.290503	3	67	37	5	64	0.0781250
NODE_210373_length_278_cov_1.290503	3	67	43	2	64	0.0312500
NODE_210373_length_278_cov_1.290503	3	67	48	3	64	0.0468750
NODE_210373_length_278_cov_1.290503	3	67	49	1	64	0.0156250
NODE_210373_length_278_cov_1.290503	3	67	51	1	64	0.0156250
NODE_210373_length_278_cov_1.290503	3	67	52	1	64	0.0156250
NODE_210373_length_278_cov_1.290503	3	67	57	13	64	0.2031250
NODE_210373_length_278_cov_1.290503	3	67	58	19	64	0.2968750
NODE_210373_length_278_cov_1.290503	3	67	59	2	64	0.0312500
NODE_210373_length_278_cov_1.290503	3	67	62	7	64	0.1093750
NODE_210463_length_278_cov_1.150838	52	76	2	24	24	1.0000000
NODE_210463_length_278_cov_1.150838	58	84	2	26	26	1.0000000
NODE_210559_length_278_cov_1.139665	108	187	0	79	79	1.0000000
NODE_210612_length_278_cov_1.139665	232	278	0	46	46	1.0000000
NODE_210691_length_278_cov_1.139665	210	278	0	7	68	0.1029412
NODE_210691_length_278_cov_1.139665	210	278	2	61	68	0.8970588
NODE_212166_length_277_cov_2.691011	0	60	0	60	60	1.0000000
NODE_212166_length_277_cov_2.691011	33	113	0	80	80	1.0000000
NODE_212175_length_277_cov_2.617978	85	127	0	42	42	1.0000000
NODE_212233_length_277_cov_2.438202	137	218	2	7	81	0.0864198
NODE_212233_length_277_cov_2.438202	137	218	4	74	81	0.9135802
NODE_212357_length_277_cov_2.140449	234	276	0	42	42	1.0000000
NODE_212377_length_277_cov_2.095506	41	114	0	73	73	1.0000000
NODE_212377_length_277_cov_2.095506	41	114	0	73	73	1.0000000
NODE_212377_length_277_cov_2.095506	94	161	0	67	67	1.0000000
NODE_212525_length_277_cov_1.837079	92	172	0	80	80	1.0000000
NODE_212558_length_277_cov_1.764045	115	155	0	34	40	0.8500000
NODE_212558_length_277_cov_1.764045	115	155	2	6	40	0.1500000
NODE_212605_length_277_cov_1.719101	150	215	0	8	65	0.1230769
NODE_212605_length_277_cov_1.719101	150	215	2	57	65	0.8769231
NODE_212845_length_277_cov_1.505618	0	47	2	47	47	1.0000000
NODE_212845_length_277_cov_1.505618	20	100	0	14	80	0.1750000
NODE_212845_length_277_cov_1.505618	20	100	2	66	80	0.8250000
NODE_212970_length_277_cov_1.426966	113	191	0	40	78	0.5128205
NODE_212970_length_277_cov_1.426966	113	191	2	38	78	0.4871795
NODE_213057_length_277_cov_1.314607	127	176	2	49	49	1.0000000
NODE_213091_length_277_cov_1.258427	141	222	0	81	81	1.0000000
NODE_213223_length_277_cov_1.146067	19	95	0	29	76	0.3815790
NODE_213223_length_277_cov_1.146067	19	95	2	30	76	0.3947369
NODE_213223_length_277_cov_1.146067	19	95	4	15	76	0.1973684
NODE_213223_length_277_cov_1.146067	19	95	6	2	76	0.0263158
NODE_213490_length_277_cov_1.061798	67	105	0	38	38	1.0000000
NODE_213505_length_277_cov_1.044944	19	77	0	58	58	1.0000000
NODE_214572_length_276_cov_31.774011	91	153	13	8	62	0.1290323
NODE_214572_length_276_cov_31.774011	91	153	14	21	62	0.3387097
NODE_214572_length_276_cov_31.774011	91	153	16	1	62	0.0161290
NODE_214572_length_276_cov_31.774011	91	153	17	4	62	0.0645161
NODE_214572_length_276_cov_31.774011	91	153	18	17	62	0.2741936
NODE_214572_length_276_cov_31.774011	91	153	20	11	62	0.1774193
NODE_214576_length_276_cov_10.056497	66	146	2	80	80	1.0000000
NODE_214698_length_276_cov_3.564972	176	256	2	80	80	1.0000000
NODE_214785_length_276_cov_2.920904	203	260	0	57	57	1.0000000
NODE_214785_length_276_cov_2.920904	233	276	0	43	43	1.0000000
NODE_214883_length_276_cov_2.542373	164	204	0	40	40	1.0000000
NODE_215016_length_276_cov_2.197740	64	144	4	18	80	0.2250000
NODE_215016_length_276_cov_2.197740	64	144	6	10	80	0.1250000
NODE_215016_length_276_cov_2.197740	64	144	8	5	80	0.0625000
NODE_215016_length_276_cov_2.197740	64	144	10	47	80	0.5875000
NODE_215086_length_276_cov_2.022599	136	193	2	1	57	0.0175439
NODE_215086_length_276_cov_2.022599	136	193	4	56	57	0.9824561
NODE_215105_length_276_cov_2.016949	97	138	0	41	41	1.0000000
NODE_215139_length_276_cov_2.005650	82	153	0	71	71	1.0000000
NODE_215234_length_276_cov_1.734463	102	182	6	1	80	0.0125000
NODE_215234_length_276_cov_1.734463	102	182	7	2	80	0.0250000
NODE_215234_length_276_cov_1.734463	102	182	12	1	80	0.0125000
NODE_215234_length_276_cov_1.734463	102	182	13	5	80	0.0625000
NODE_215234_length_276_cov_1.734463	102	182	17	3	80	0.0375000
NODE_215234_length_276_cov_1.734463	102	182	19	6	80	0.0750000
NODE_215234_length_276_cov_1.734463	102	182	21	1	80	0.0125000
NODE_215234_length_276_cov_1.734463	102	182	23	6	80	0.0750000
NODE_215234_length_276_cov_1.734463	102	182	27	13	80	0.1625000
NODE_215234_length_276_cov_1.734463	102	182	29	22	80	0.2750000
NODE_215234_length_276_cov_1.734463	102	182	30	20	80	0.2500000
NODE_215516_length_276_cov_1.525424	70	116	0	46	46	1.0000000
NODE_215516_length_276_cov_1.525424	123	169	0	46	46	1.0000000
NODE_215519_length_276_cov_1.514124	115	155	12	2	40	0.0500000
NODE_215519_length_276_cov_1.514124	115	155	14	38	40	0.9500000
NODE_215748_length_276_cov_1.288136	114	154	4	27	40	0.6750000
NODE_215748_length_276_cov_1.288136	114	154	6	13	40	0.3250000
NODE_216141_length_276_cov_1.124294	122	170	0	48	48	1.0000000
NODE_216141_length_276_cov_1.124294	132	163	0	31	31	1.0000000
NODE_216220_length_276_cov_1.039548	7	68	0	24	61	0.3934426
NODE_216220_length_276_cov_1.039548	7	68	2	11	61	0.1803279
NODE_216220_length_276_cov_1.039548	7	68	4	26	61	0.4262295
NODE_216220_length_276_cov_1.039548	7	70	0	24	63	0.3809524
NODE_216220_length_276_cov_1.039548	7	70	2	11	63	0.1746032
NODE_216220_length_276_cov_1.039548	7	70	4	28	63	0.4444444
NODE_216220_length_276_cov_1.039548	7	70	0	24	63	0.3809524
NODE_216220_length_276_cov_1.039548	7	70	2	11	63	0.1746032
NODE_216220_length_276_cov_1.039548	7	70	4	28	63	0.4444444
NODE_216220_length_276_cov_1.039548	7	70	0	24	63	0.3809524
NODE_216220_length_276_cov_1.039548	7	70	2	11	63	0.1746032
NODE_216220_length_276_cov_1.039548	7	70	4	28	63	0.4444444
NODE_216269_length_276_cov_1.000000	48	89	0	41	41	1.0000000
NODE_216269_length_276_cov_1.000000	62	106	0	44	44	1.0000000
NODE_216414_length_276_cov_0.898305	54	105	0	51	51	1.0000000
NODE_217265_length_275_cov_85.085227	94	174	20	1	80	0.0125000
NODE_217265_length_275_cov_85.085227	94	174	22	12	80	0.1500000
NODE_217265_length_275_cov_85.085227	94	174	28	5	80	0.0625000
NODE_217265_length_275_cov_85.085227	94	174	30	10	80	0.1250000
NODE_217265_length_275_cov_85.085227	94	174	32	52	80	0.6500000
NODE_217265_length_275_cov_85.085227	147	227	0	2	80	0.0250000
NODE_217265_length_275_cov_85.085227	147	227	6	36	80	0.4500000
NODE_217265_length_275_cov_85.085227	147	227	14	14	80	0.1750000
NODE_217265_length_275_cov_85.085227	147	227	20	2	80	0.0250000
NODE_217265_length_275_cov_85.085227	147	227	22	12	80	0.1500000
NODE_217265_length_275_cov_85.085227	147	227	28	5	80	0.0625000
NODE_217265_length_275_cov_85.085227	147	227	32	9	80	0.1125000
NODE_217287_length_275_cov_5.818182	0	44	0	44	44	1.0000000
NODE_217355_length_275_cov_3.857955	0	67	0	67	67	1.0000000
NODE_217396_length_275_cov_3.306818	199	275	0	76	76	1.0000000
NODE_217402_length_275_cov_3.284091	127	175	0	48	48	1.0000000
NODE_217433_length_275_cov_2.977273	95	145	3	37	50	0.7400000
NODE_217433_length_275_cov_2.977273	95	145	5	13	50	0.2600000
NODE_217531_length_275_cov_2.585227	85	122	62	1	37	0.0270270
NODE_217531_length_275_cov_2.585227	85	122	64	36	37	0.9729730
NODE_217714_length_275_cov_2.090909	0	47	0	26	47	0.5531915
NODE_217714_length_275_cov_2.090909	0	47	4	21	47	0.4468085
NODE_217714_length_275_cov_2.090909	20	91	0	6	71	0.0845070
NODE_217714_length_275_cov_2.090909	20	91	4	65	71	0.9154930
NODE_217801_length_275_cov_1.960227	198	251	0	53	53	1.0000000
NODE_217835_length_275_cov_1.875000	190	247	2	57	57	1.0000000
NODE_217839_length_275_cov_1.857955	52	119	0	56	67	0.8358209
NODE_217839_length_275_cov_1.857955	52	119	2	11	67	0.1641791
NODE_217839_length_275_cov_1.857955	136	182	2	46	46	1.0000000
NODE_217885_length_275_cov_1.755682	21	76	0	11	55	0.2000000
NODE_217885_length_275_cov_1.755682	21	76	2	44	55	0.8000000
NODE_217912_length_275_cov_1.738636	225	256	0	31	31	1.0000000
NODE_217967_length_275_cov_1.738636	161	241	2	80	80	1.0000000
NODE_218257_length_275_cov_1.448864	123	155	8	32	32	1.0000000
NODE_218402_length_275_cov_1.301136	132	196	0	64	64	1.0000000
NODE_218706_length_275_cov_1.159091	13	93	0	3	80	0.0375000
NODE_218706_length_275_cov_1.159091	13	93	2	26	80	0.3250000
NODE_218706_length_275_cov_1.159091	13	93	7	7	80	0.0875000
NODE_218706_length_275_cov_1.159091	13	93	9	32	80	0.4000000
NODE_218706_length_275_cov_1.159091	13	93	13	1	80	0.0125000
NODE_218706_length_275_cov_1.159091	13	93	14	11	80	0.1375000
NODE_218734_length_275_cov_1.153409	11	91	0	2	80	0.0250000
NODE_218734_length_275_cov_1.153409	11	91	2	78	80	0.9750000
NODE_219031_length_275_cov_0.937500	13	49	6	2	36	0.0555556
NODE_219031_length_275_cov_0.937500	13	49	7	8	36	0.2222222
NODE_219031_length_275_cov_0.937500	13	49	8	19	36	0.5277778
NODE_219031_length_275_cov_0.937500	13	49	9	4	36	0.1111111
NODE_219031_length_275_cov_0.937500	13	49	10	2	36	0.0555556
NODE_219031_length_275_cov_0.937500	13	49	12	1	36	0.0277778
NODE_219031_length_275_cov_0.937500	22	86	7	1	64	0.0156250
NODE_219031_length_275_cov_0.937500	22	86	8	19	64	0.2968750
NODE_219031_length_275_cov_0.937500	22	86	9	4	64	0.0625000
NODE_219031_length_275_cov_0.937500	22	86	10	2	64	0.0312500
NODE_219031_length_275_cov_0.937500	22	86	12	32	64	0.5000000
NODE_219031_length_275_cov_0.937500	22	86	16	6	64	0.0937500
NODE_219220_length_275_cov_0.869318	67	126	0	59	59	1.0000000
NODE_219655_length_275_cov_0.579545	40	70	0	30	30	1.0000000
NODE_220021_length_274_cov_6.074286	141	175	0	34	34	1.0000000
NODE_220047_length_274_cov_4.845714	48	105	2	57	57	1.0000000
NODE_220047_length_274_cov_4.845714	113	175	0	46	62	0.7419355
NODE_220047_length_274_cov_4.845714	113	175	2	16	62	0.2580645
NODE_220078_length_274_cov_4.080000	210	274	0	7	64	0.1093750
NODE_220078_length_274_cov_4.080000	210	274	4	2	64	0.0312500
NODE_220078_length_274_cov_4.080000	210	274	6	55	64	0.8593750
NODE_220215_length_274_cov_2.988571	104	161	2	57	57	1.0000000
NODE_220221_length_274_cov_2.937143	199	234	2	35	35	1.0000000
NODE_220293_length_274_cov_2.622857	29	76	6	16	47	0.3404255
NODE_220293_length_274_cov_2.622857	29	76	8	31	47	0.6595744
NODE_220293_length_274_cov_2.622857	82	157	0	23	75	0.3066667
NODE_220293_length_274_cov_2.622857	82	157	2	52	75	0.6933333
NODE_220413_length_274_cov_2.308571	51	130	2	2	79	0.0253165
NODE_220413_length_274_cov_2.308571	51	130	4	7	79	0.0886076
NODE_220413_length_274_cov_2.308571	51	130	6	13	79	0.1645570
NODE_220413_length_274_cov_2.308571	51	130	8	13	79	0.1645570
NODE_220413_length_274_cov_2.308571	51	130	12	8	79	0.1012658
NODE_220413_length_274_cov_2.308571	51	130	16	10	79	0.1265823
NODE_220413_length_274_cov_2.308571	51	130	19	3	79	0.0379747
NODE_220413_length_274_cov_2.308571	51	130	22	5	79	0.0632911
NODE_220413_length_274_cov_2.308571	51	130	25	4	79	0.0506329
NODE_220413_length_274_cov_2.308571	51	130	26	1	79	0.0126582
NODE_220413_length_274_cov_2.308571	51	130	27	1	79	0.0126582
NODE_220413_length_274_cov_2.308571	51	130	28	10	79	0.1265823
NODE_220413_length_274_cov_2.308571	51	130	30	2	79	0.0253165
NODE_220504_length_274_cov_2.062857	172	242	0	70	70	1.0000000
NODE_220504_length_274_cov_2.062857	215	256	0	41	41	1.0000000
NODE_220662_length_274_cov_1.754286	219	259	0	40	40	1.0000000
NODE_220681_length_274_cov_1.748571	168	231	0	63	63	1.0000000
NODE_220806_length_274_cov_1.737143	134	172	0	38	38	1.0000000
NODE_220847_length_274_cov_1.685714	132	189	0	11	57	0.1929825
NODE_220847_length_274_cov_1.685714	132	189	2	46	57	0.8070176
NODE_220847_length_274_cov_1.685714	141	199	0	2	58	0.0344828
NODE_220847_length_274_cov_1.685714	141	199	2	56	58	0.9655172
NODE_220966_length_274_cov_1.502857	170	232	6	62	62	1.0000000
NODE_220966_length_274_cov_1.502857	223	274	6	51	51	1.0000000
NODE_221005_length_274_cov_1.457143	118	147	0	29	29	1.0000000
NODE_221101_length_274_cov_1.434286	25	69	0	44	44	1.0000000
NODE_221211_length_274_cov_1.285714	84	156	0	72	72	1.0000000
NODE_221612_length_274_cov_1.131429	205	251	0	46	46	1.0000000
NODE_221764_length_274_cov_0.994286	219	260	0	41	41	1.0000000
NODE_222849_length_273_cov_4.948276	204	262	0	58	58	1.0000000
NODE_222849_length_273_cov_4.948276	204	258	0	54	54	1.0000000
NODE_222914_length_273_cov_3.712644	103	183	0	2	80	0.0250000
NODE_222914_length_273_cov_3.712644	103	183	5	1	80	0.0125000
NODE_222914_length_273_cov_3.712644	103	183	7	1	80	0.0125000
NODE_222914_length_273_cov_3.712644	103	183	8	1	80	0.0125000
NODE_222914_length_273_cov_3.712644	103	183	9	66	80	0.8250000
NODE_222914_length_273_cov_3.712644	103	183	11	9	80	0.1125000
NODE_222955_length_273_cov_3.298851	69	100	2	31	31	1.0000000
NODE_222955_length_273_cov_3.298851	73	153	2	80	80	1.0000000
NODE_222974_length_273_cov_3.195402	122	189	0	67	67	1.0000000
NODE_222991_length_273_cov_3.063218	76	151	17	1	75	0.0133333
NODE_222991_length_273_cov_3.063218	76	151	21	15	75	0.2000000
NODE_222991_length_273_cov_3.063218	76	151	23	42	75	0.5600000
NODE_222991_length_273_cov_3.063218	76	151	24	10	75	0.1333333
NODE_222991_length_273_cov_3.063218	76	151	25	1	75	0.0133333
NODE_222991_length_273_cov_3.063218	76	151	26	6	75	0.0800000
NODE_222991_length_273_cov_3.063218	135	191	3	9	56	0.1607143
NODE_222991_length_273_cov_3.063218	135	191	4	10	56	0.1785714
NODE_222991_length_273_cov_3.063218	135	191	8	5	56	0.0892857
NODE_222991_length_273_cov_3.063218	135	191	12	9	56	0.1607143
NODE_222991_length_273_cov_3.063218	135	191	14	1	56	0.0178571
NODE_222991_length_273_cov_3.063218	135	191	16	4	56	0.0714286
NODE_222991_length_273_cov_3.063218	135	191	17	3	56	0.0535714
NODE_222991_length_273_cov_3.063218	135	191	21	15	56	0.2678571
NODE_223066_length_273_cov_2.706897	11	45	0	34	34	1.0000000
NODE_223203_length_273_cov_2.339080	69	145	16	12	76	0.1578947
NODE_223203_length_273_cov_2.339080	69	145	18	13	76	0.1710526
NODE_223203_length_273_cov_2.339080	69	145	20	51	76	0.6710526
NODE_223353_length_273_cov_2.051724	31	74	0	43	43	1.0000000
NODE_223377_length_273_cov_2.034483	81	161	4	12	80	0.1500000
NODE_223377_length_273_cov_2.034483	81	161	7	2	80	0.0250000
NODE_223377_length_273_cov_2.034483	81	161	11	8	80	0.1000000
NODE_223377_length_273_cov_2.034483	81	161	17	1	80	0.0125000
NODE_223377_length_273_cov_2.034483	81	161	18	23	80	0.2875000
NODE_223377_length_273_cov_2.034483	81	161	19	10	80	0.1250000
NODE_223377_length_273_cov_2.034483	81	161	20	24	80	0.3000000
NODE_223377_length_273_cov_2.034483	213	263	1	21	50	0.4200000
NODE_223377_length_273_cov_2.034483	213	263	6	7	50	0.1400000
NODE_223377_length_273_cov_2.034483	213	263	7	2	50	0.0400000
NODE_223377_length_273_cov_2.034483	213	263	13	3	50	0.0600000
NODE_223377_length_273_cov_2.034483	213	263	15	17	50	0.3400000
NODE_223680_length_273_cov_1.706897	181	238	2	57	57	1.0000000
NODE_223913_length_273_cov_1.442529	5	47	0	42	42	1.0000000
NODE_224023_length_273_cov_1.281609	167	247	0	15	80	0.1875000
NODE_224023_length_273_cov_1.281609	167	247	2	65	80	0.8125000
NODE_224082_length_273_cov_1.189655	120	156	0	36	36	1.0000000
NODE_224082_length_273_cov_1.189655	129	160	0	31	31	1.0000000
NODE_224165_length_273_cov_1.172414	94	130	0	36	36	1.0000000
NODE_224254_length_273_cov_1.172414	8	58	0	50	50	1.0000000
NODE_224367_length_273_cov_1.166667	74	93	0	19	19	1.0000000
NODE_224441_length_273_cov_1.091954	6	42	0	1	36	0.0277778
NODE_224441_length_273_cov_1.091954	6	42	2	35	36	0.9722222
NODE_224441_length_273_cov_1.091954	43	95	2	52	52	1.0000000
NODE_224587_length_273_cov_0.971264	188	235	0	47	47	1.0000000
NODE_225303_length_273_cov_0.586207	27	88	0	61	61	1.0000000
NODE_225344_length_273_cov_0.586207	24	79	0	55	55	1.0000000
NODE_225344_length_273_cov_0.586207	81	113	0	32	32	1.0000000
NODE_225592_length_272_cov_6.190751	172	236	0	64	64	1.0000000
NODE_225607_length_272_cov_5.335260	193	272	0	79	79	1.0000000
NODE_225633_length_272_cov_4.716763	228	257	0	29	29	1.0000000
NODE_225656_length_272_cov_4.219653	93	166	0	73	73	1.0000000
NODE_225656_length_272_cov_4.219653	146	219	0	73	73	1.0000000
NODE_225658_length_272_cov_4.184971	75	128	0	19	53	0.3584906
NODE_225658_length_272_cov_4.184971	75	128	2	7	53	0.1320755
NODE_225658_length_272_cov_4.184971	75	128	8	27	53	0.5094340
NODE_225739_length_272_cov_3.352601	154	199	0	45	45	1.0000000
NODE_225872_length_272_cov_2.664740	106	186	4	22	80	0.2750000
NODE_225872_length_272_cov_2.664740	106	186	6	2	80	0.0250000
NODE_225872_length_272_cov_2.664740	106	186	8	56	80	0.7000000
NODE_226010_length_272_cov_2.335260	33	103	0	70	70	1.0000000
NODE_226029_length_272_cov_2.277457	219	256	2	37	37	1.0000000
NODE_226045_length_272_cov_2.236994	104	184	2	3	80	0.0375000
NODE_226045_length_272_cov_2.236994	104	184	4	7	80	0.0875000
NODE_226045_length_272_cov_2.236994	104	184	6	14	80	0.1750000
NODE_226045_length_272_cov_2.236994	104	184	8	1	80	0.0125000
NODE_226045_length_272_cov_2.236994	104	184	10	55	80	0.6875000
NODE_226169_length_272_cov_1.982659	172	252	0	80	80	1.0000000
NODE_226245_length_272_cov_1.780347	37	99	2	62	62	1.0000000
NODE_226245_length_272_cov_1.780347	90	152	0	8	62	0.1290323
NODE_226245_length_272_cov_1.780347	90	152	2	54	62	0.8709677
NODE_226248_length_272_cov_1.768786	12	45	0	33	33	1.0000000
NODE_226461_length_272_cov_1.618497	97	160	1	2	63	0.0317460
NODE_226461_length_272_cov_1.618497	97	160	3	1	63	0.0158730
NODE_226461_length_272_cov_1.618497	97	160	7	2	63	0.0317460
NODE_226461_length_272_cov_1.618497	97	160	9	3	63	0.0476190
NODE_226461_length_272_cov_1.618497	97	160	11	1	63	0.0158730
NODE_226461_length_272_cov_1.618497	97	160	12	54	63	0.8571429
NODE_226508_length_272_cov_1.543353	69	137	0	68	68	1.0000000
NODE_227037_length_272_cov_1.173410	147	203	2	56	56	1.0000000
NODE_227265_length_272_cov_0.988439	169	215	0	23	46	0.5000000
NODE_227265_length_272_cov_0.988439	169	215	1	13	46	0.2826087
NODE_227265_length_272_cov_0.988439	169	215	2	10	46	0.2173913
NODE_227444_length_272_cov_0.884393	126	163	0	37	37	1.0000000
NODE_228332_length_271_cov_5.238372	103	183	0	39	80	0.4875000
NODE_228332_length_271_cov_5.238372	103	183	2	8	80	0.1000000
NODE_228332_length_271_cov_5.238372	103	183	4	33	80	0.4125000
NODE_228423_length_271_cov_3.546512	102	165	0	3	63	0.0476190
NODE_228423_length_271_cov_3.546512	102	165	2	60	63	0.9523810
NODE_228429_length_271_cov_3.476744	62	93	0	13	31	0.4193548
NODE_228429_length_271_cov_3.476744	62	93	2	18	31	0.5806451
NODE_228494_length_271_cov_2.959302	96	176	0	80	80	1.0000000
NODE_228494_length_271_cov_2.959302	149	229	0	80	80	1.0000000
NODE_228554_length_271_cov_2.715116	160	241	0	81	81	1.0000000
NODE_228593_length_271_cov_2.622093	180	253	0	73	73	1.0000000
NODE_228623_length_271_cov_2.465116	45	75	0	30	30	1.0000000
NODE_228731_length_271_cov_2.284884	95	158	1	22	63	0.3492064
NODE_228731_length_271_cov_2.284884	95	158	2	41	63	0.6507937
NODE_228731_length_271_cov_2.284884	131	211	0	17	80	0.2125000
NODE_228731_length_271_cov_2.284884	131	211	1	58	80	0.7250000
NODE_228731_length_271_cov_2.284884	131	211	2	5	80	0.0625000
NODE_228737_length_271_cov_2.273256	163	219	0	56	56	1.0000000
NODE_228830_length_271_cov_2.069767	130	212	0	82	82	1.0000000
NODE_228932_length_271_cov_1.784884	135	183	2	48	48	1.0000000
NODE_228937_length_271_cov_1.779070	204	268	0	64	64	1.0000000
NODE_229085_length_271_cov_1.755814	119	199	6	12	80	0.1500000
NODE_229085_length_271_cov_1.755814	119	199	9	2	80	0.0250000
NODE_229085_length_271_cov_1.755814	119	199	10	4	80	0.0500000
NODE_229085_length_271_cov_1.755814	119	199	18	8	80	0.1000000
NODE_229085_length_271_cov_1.755814	119	199	21	1	80	0.0125000
NODE_229085_length_271_cov_1.755814	119	199	22	27	80	0.3375000
NODE_229085_length_271_cov_1.755814	119	199	24	26	80	0.3250000
NODE_229242_length_271_cov_1.523256	122	183	0	3	61	0.0491803
NODE_229242_length_271_cov_1.523256	122	183	2	1	61	0.0163934
NODE_229242_length_271_cov_1.523256	122	183	4	57	61	0.9344262
NODE_229254_length_271_cov_1.511628	106	186	11	2	80	0.0250000
NODE_229254_length_271_cov_1.511628	106	186	13	2	80	0.0250000
NODE_229254_length_271_cov_1.511628	106	186	15	40	80	0.5000000
NODE_229254_length_271_cov_1.511628	106	186	17	4	80	0.0500000
NODE_229254_length_271_cov_1.511628	106	186	23	4	80	0.0500000
NODE_229254_length_271_cov_1.511628	106	186	25	2	80	0.0250000
NODE_229254_length_271_cov_1.511628	106	186	26	24	80	0.3000000
NODE_229254_length_271_cov_1.511628	106	186	27	2	80	0.0250000
NODE_229525_length_271_cov_1.226744	119	184	0	65	65	1.0000000
NODE_229541_length_271_cov_1.197674	88	145	0	57	57	1.0000000
NODE_229541_length_271_cov_1.197674	118	192	0	74	74	1.0000000
NODE_230154_length_271_cov_0.918605	155	227	0	17	72	0.2361111
NODE_230154_length_271_cov_0.918605	155	227	2	55	72	0.7638889
NODE_230255_length_271_cov_0.889535	101	148	0	47	47	1.0000000
NODE_230318_length_271_cov_0.889535	127	188	0	61	61	1.0000000
NODE_231165_length_270_cov_4.818713	72	118	0	46	46	1.0000000
NODE_231187_length_270_cov_4.327485	5	82	0	77	77	1.0000000
NODE_231240_length_270_cov_3.666667	87	154	0	67	67	1.0000000
NODE_231240_length_270_cov_3.666667	140	207	0	67	67	1.0000000
NODE_231263_length_270_cov_3.491228	186	270	0	83	84	0.9880952
NODE_231263_length_270_cov_3.491228	186	270	2	1	84	0.0119048
NODE_231310_length_270_cov_3.105263	43	90	9	15	47	0.3191489
NODE_231310_length_270_cov_3.105263	43	90	10	32	47	0.6808510
NODE_231316_length_270_cov_3.046784	64	135	0	71	71	1.0000000
NODE_231439_length_270_cov_2.649123	210	270	0	24	60	0.4000000
NODE_231439_length_270_cov_2.649123	210	270	11	4	60	0.0666667
NODE_231439_length_270_cov_2.649123	210	270	12	23	60	0.3833333
NODE_231439_length_270_cov_2.649123	210	270	14	9	60	0.1500000
NODE_231655_length_270_cov_2.087719	16	55	0	39	39	1.0000000
NODE_231655_length_270_cov_2.087719	78	108	0	30	30	1.0000000
NODE_231714_length_270_cov_2.040936	103	159	16	1	56	0.0178571
NODE_231714_length_270_cov_2.040936	103	159	18	9	56	0.1607143
NODE_231714_length_270_cov_2.040936	103	159	20	14	56	0.2500000
NODE_231714_length_270_cov_2.040936	103	159	22	26	56	0.4642857
NODE_231714_length_270_cov_2.040936	103	159	24	6	56	0.1071429
NODE_231726_length_270_cov_2.017544	1	48	0	47	47	1.0000000
NODE_231820_length_270_cov_1.789474	146	228	0	82	82	1.0000000
NODE_232008_length_270_cov_1.678363	178	246	0	68	68	1.0000000
NODE_232021_length_270_cov_1.666667	127	191	6	20	64	0.3125000
NODE_232021_length_270_cov_1.666667	127	191	8	11	64	0.1718750
NODE_232021_length_270_cov_1.666667	127	191	10	11	64	0.1718750
NODE_232021_length_270_cov_1.666667	127	191	12	22	64	0.3437500
NODE_232021_length_270_cov_1.666667	180	227	4	5	47	0.1063830
NODE_232021_length_270_cov_1.666667	180	227	5	6	47	0.1276596
NODE_232021_length_270_cov_1.666667	180	227	6	36	47	0.7659575
NODE_232087_length_270_cov_1.555556	138	218	0	12	80	0.1500000
NODE_232087_length_270_cov_1.555556	138	218	4	68	80	0.8500000
NODE_232331_length_270_cov_1.280702	4	75	0	71	71	1.0000000
NODE_232331_length_270_cov_1.280702	57	137	0	80	80	1.0000000
NODE_232331_length_270_cov_1.280702	65	120	0	55	55	1.0000000
NODE_232331_length_270_cov_1.280702	125	198	0	73	73	1.0000000
NODE_232440_length_270_cov_1.192982	146	194	0	48	48	1.0000000
NODE_232583_length_270_cov_1.192982	61	141	0	80	80	1.0000000
NODE_233290_length_270_cov_0.847953	53	128	0	2	75	0.0266667
NODE_233290_length_270_cov_0.847953	53	128	4	73	75	0.9733334
NODE_234072_length_269_cov_3.894118	30	110	0	80	80	1.0000000
NODE_234072_length_269_cov_3.894118	83	163	0	80	80	1.0000000
NODE_234100_length_269_cov_3.605882	175	205	0	30	30	1.0000000
NODE_234116_length_269_cov_3.523529	192	233	2	41	41	1.0000000
NODE_234116_length_269_cov_3.523529	206	268	0	6	62	0.0967742
NODE_234116_length_269_cov_3.523529	206	268	2	56	62	0.9032258
NODE_234118_length_269_cov_3.505882	13	93	0	43	80	0.5375000
NODE_234118_length_269_cov_3.505882	13	93	4	37	80	0.4625000
NODE_234118_length_269_cov_3.505882	66	145	4	79	79	1.0000000
NODE_234162_length_269_cov_3.147059	134	174	0	9	40	0.2250000
NODE_234162_length_269_cov_3.147059	134	174	6	31	40	0.7750000
NODE_234167_length_269_cov_3.111765	39	119	0	80	80	1.0000000
NODE_234167_length_269_cov_3.111765	92	169	0	77	77	1.0000000
NODE_234178_length_269_cov_3.000000	166	233	0	39	67	0.5820895
NODE_234178_length_269_cov_3.000000	166	233	2	28	67	0.4179105
NODE_234205_length_269_cov_2.947059	55	123	14	68	68	1.0000000
NODE_234224_length_269_cov_2.858824	9	89	0	3	80	0.0375000
NODE_234224_length_269_cov_2.858824	9	89	2	7	80	0.0875000
NODE_234224_length_269_cov_2.858824	9	89	4	70	80	0.8750000
NODE_234224_length_269_cov_2.858824	62	91	4	29	29	1.0000000
NODE_234228_length_269_cov_2.823529	0	73	4	2	73	0.0273973
NODE_234228_length_269_cov_2.823529	0	73	7	7	73	0.0958904
NODE_234228_length_269_cov_2.823529	0	73	9	7	73	0.0958904
NODE_234228_length_269_cov_2.823529	0	73	10	3	73	0.0410959
NODE_234228_length_269_cov_2.823529	0	73	14	54	73	0.7397260
NODE_234228_length_269_cov_2.823529	46	77	14	31	31	1.0000000
NODE_234431_length_269_cov_2.311765	111	157	2	46	46	1.0000000
NODE_234431_length_269_cov_2.311765	130	209	2	79	79	1.0000000
NODE_234606_length_269_cov_1.958824	176	248	0	72	72	1.0000000
NODE_234647_length_269_cov_1.847059	72	99	0	27	27	1.0000000
NODE_234657_length_269_cov_1.823529	30	81	2	51	51	1.0000000
NODE_234758_length_269_cov_1.800000	0	42	0	42	42	1.0000000
NODE_234978_length_269_cov_1.552941	90	170	0	1	80	0.0125000
NODE_234978_length_269_cov_1.552941	90	170	2	79	80	0.9875000
NODE_235157_length_269_cov_1.400000	139	219	2	80	80	1.0000000
NODE_235168_length_269_cov_1.388235	185	252	0	67	67	1.0000000
NODE_235239_length_269_cov_1.288235	150	179	0	29	29	1.0000000
NODE_235292_length_269_cov_1.217647	141	221	0	80	80	1.0000000
NODE_235561_length_269_cov_1.194118	107	170	0	63	63	1.0000000
NODE_235561_length_269_cov_1.194118	143	221	0	78	78	1.0000000
NODE_235714_length_269_cov_1.094118	38	72	0	34	34	1.0000000
NODE_235780_length_269_cov_1.035294	6	36	0	5	30	0.1666667
NODE_235780_length_269_cov_1.035294	6	36	2	25	30	0.8333333
NODE_235780_length_269_cov_1.035294	96	150	0	15	54	0.2777778
NODE_235780_length_269_cov_1.035294	96	150	2	39	54	0.7222222
NODE_235930_length_269_cov_0.917647	4	79	0	75	75	1.0000000
NODE_235930_length_269_cov_0.917647	57	93	0	36	36	1.0000000
NODE_236243_length_269_cov_0.782353	2	52	0	50	50	1.0000000
NODE_236243_length_269_cov_0.782353	76	132	0	7	56	0.1250000
NODE_236243_length_269_cov_0.782353	76	132	4	14	56	0.2500000
NODE_236243_length_269_cov_0.782353	76	132	6	35	56	0.6250000
NODE_236856_length_268_cov_223.165680	161	188	70	4	27	0.1481481
NODE_236856_length_268_cov_223.165680	161	188	72	6	27	0.2222222
NODE_236856_length_268_cov_223.165680	161	188	74	1	27	0.0370370
NODE_236856_length_268_cov_223.165680	161	188	76	1	27	0.0370370
NODE_236856_length_268_cov_223.165680	161	188	78	7	27	0.2592593
NODE_236856_length_268_cov_223.165680	161	188	79	3	27	0.1111111
NODE_236856_length_268_cov_223.165680	161	188	84	4	27	0.1481481
NODE_236856_length_268_cov_223.165680	161	188	86	1	27	0.0370370
NODE_236856_length_268_cov_223.165680	161	241	16	2	80	0.0250000
NODE_236856_length_268_cov_223.165680	161	241	18	3	80	0.0375000
NODE_236856_length_268_cov_223.165680	161	241	20	2	80	0.0250000
NODE_236856_length_268_cov_223.165680	161	241	21	1	80	0.0125000
NODE_236856_length_268_cov_223.165680	161	241	24	1	80	0.0125000
NODE_236856_length_268_cov_223.165680	161	241	32	2	80	0.0250000
NODE_236856_length_268_cov_223.165680	161	241	34	3	80	0.0375000
NODE_236856_length_268_cov_223.165680	161	241	36	2	80	0.0250000
NODE_236856_length_268_cov_223.165680	161	241	37	3	80	0.0375000
NODE_236856_length_268_cov_223.165680	161	241	39	1	80	0.0125000
NODE_236856_length_268_cov_223.165680	161	241	41	3	80	0.0375000
NODE_236856_length_268_cov_223.165680	161	241	42	1	80	0.0125000
NODE_236856_length_268_cov_223.165680	161	241	44	1	80	0.0125000
NODE_236856_length_268_cov_223.165680	161	241	46	2	80	0.0250000
NODE_236856_length_268_cov_223.165680	161	241	48	2	80	0.0250000
NODE_236856_length_268_cov_223.165680	161	241	50	1	80	0.0125000
NODE_236856_length_268_cov_223.165680	161	241	52	1	80	0.0125000
NODE_236856_length_268_cov_223.165680	161	241	54	1	80	0.0125000
NODE_236856_length_268_cov_223.165680	161	241	56	7	80	0.0875000
NODE_236856_length_268_cov_223.165680	161	241	57	1	80	0.0125000
NODE_236856_length_268_cov_223.165680	161	241	62	3	80	0.0375000
NODE_236856_length_268_cov_223.165680	161	241	64	2	80	0.0250000
NODE_236856_length_268_cov_223.165680	161	241	66	1	80	0.0125000
NODE_236856_length_268_cov_223.165680	161	241	68	3	80	0.0375000
NODE_236856_length_268_cov_223.165680	161	241	70	8	80	0.1000000
NODE_236856_length_268_cov_223.165680	161	241	72	6	80	0.0750000
NODE_236856_length_268_cov_223.165680	161	241	74	1	80	0.0125000
NODE_236856_length_268_cov_223.165680	161	241	76	1	80	0.0125000
NODE_236856_length_268_cov_223.165680	161	241	78	7	80	0.0875000
NODE_236856_length_268_cov_223.165680	161	241	79	3	80	0.0375000
NODE_236856_length_268_cov_223.165680	161	241	84	4	80	0.0500000
NODE_236856_length_268_cov_223.165680	161	241	86	1	80	0.0125000
NODE_236878_length_268_cov_6.266272	29	111	0	82	82	1.0000000
NODE_236909_length_268_cov_5.053254	137	217	0	80	80	1.0000000
NODE_236909_length_268_cov_5.053254	190	253	0	63	63	1.0000000
NODE_236911_length_268_cov_4.994083	92	168	0	60	76	0.7894737
NODE_236911_length_268_cov_4.994083	92	168	2	16	76	0.2105263
NODE_236972_length_268_cov_3.905325	1	61	0	60	60	1.0000000
NODE_237107_length_268_cov_2.982249	95	175	4	3	80	0.0375000
NODE_237107_length_268_cov_2.982249	95	175	6	9	80	0.1125000
NODE_237107_length_268_cov_2.982249	95	175	8	4	80	0.0500000
NODE_237107_length_268_cov_2.982249	95	175	10	10	80	0.1250000
NODE_237107_length_268_cov_2.982249	95	175	12	54	80	0.6750000
NODE_237115_length_268_cov_2.940828	28	97	0	69	69	1.0000000
NODE_237185_length_268_cov_2.668639	57	110	0	53	53	1.0000000
NODE_237190_length_268_cov_2.621302	149	176	0	27	27	1.0000000
NODE_237325_length_268_cov_2.289941	87	127	36	5	40	0.1250000
NODE_237325_length_268_cov_2.289941	87	127	40	3	40	0.0750000
NODE_237325_length_268_cov_2.289941	87	127	42	4	40	0.1000000
NODE_237325_length_268_cov_2.289941	87	127	44	7	40	0.1750000
NODE_237325_length_268_cov_2.289941	87	127	46	3	40	0.0750000
NODE_237325_length_268_cov_2.289941	87	127	48	18	40	0.4500000
NODE_237345_length_268_cov_2.224852	96	176	4	80	80	1.0000000
NODE_237345_length_268_cov_2.224852	149	229	0	14	80	0.1750000
NODE_237345_length_268_cov_2.224852	149	229	4	66	80	0.8250000
NODE_237457_length_268_cov_2.005917	97	162	0	65	65	1.0000000
NODE_237502_length_268_cov_1.840237	80	155	0	75	75	1.0000000
NODE_237572_length_268_cov_1.810651	8	84	0	4	76	0.0526316
NODE_237572_length_268_cov_1.810651	8	84	4	72	76	0.9473684
NODE_237831_length_268_cov_1.532544	186	257	0	1	71	0.0140845
NODE_237831_length_268_cov_1.532544	186	257	2	2	71	0.0281690
NODE_237831_length_268_cov_1.532544	186	257	4	36	71	0.5070422
NODE_237831_length_268_cov_1.532544	186	257	5	3	71	0.0422535
NODE_237831_length_268_cov_1.532544	186	257	13	3	71	0.0422535
NODE_237831_length_268_cov_1.532544	186	257	15	6	71	0.0845070
NODE_237831_length_268_cov_1.532544	186	257	17	11	71	0.1549296
NODE_237831_length_268_cov_1.532544	186	257	18	9	71	0.1267606
NODE_237906_length_268_cov_1.508876	52	131	0	79	79	1.0000000
NODE_238009_length_268_cov_1.384615	0	46	0	46	46	1.0000000
NODE_238070_length_268_cov_1.278107	100	175	2	75	75	1.0000000
NODE_238153_length_268_cov_1.207101	187	209	0	22	22	1.0000000
NODE_238478_length_268_cov_1.153846	135	195	2	60	60	1.0000000
NODE_239018_length_268_cov_0.852071	59	119	16	60	60	1.0000000
NODE_239805_length_267_cov_4.297619	0	52	0	52	52	1.0000000
NODE_239817_length_267_cov_4.119048	41	87	0	46	46	1.0000000
NODE_239845_length_267_cov_3.785714	96	163	6	67	67	1.0000000
NODE_239845_length_267_cov_3.785714	136	178	4	6	42	0.1428571
NODE_239845_length_267_cov_3.785714	136	178	6	36	42	0.8571429
NODE_239873_length_267_cov_3.535714	40	101	0	61	61	1.0000000
NODE_239873_length_267_cov_3.535714	74	154	0	80	80	1.0000000
NODE_239958_length_267_cov_3.005952	216	267	0	51	51	1.0000000
NODE_239959_length_267_cov_3.000000	87	144	2	6	57	0.1052632
NODE_239959_length_267_cov_3.000000	87	144	6	5	57	0.0877193
NODE_239959_length_267_cov_3.000000	87	144	8	1	57	0.0175439
NODE_239959_length_267_cov_3.000000	87	144	14	11	57	0.1929825
NODE_239959_length_267_cov_3.000000	87	144	18	3	57	0.0526316
NODE_239959_length_267_cov_3.000000	87	144	20	1	57	0.0175439
NODE_239959_length_267_cov_3.000000	87	144	22	4	57	0.0701754
NODE_239959_length_267_cov_3.000000	87	144	24	5	57	0.0877193
NODE_239959_length_267_cov_3.000000	87	144	30	11	57	0.1929825
NODE_239959_length_267_cov_3.000000	87	144	33	10	57	0.1754386
NODE_240007_length_267_cov_2.726190	177	220	0	43	43	1.0000000
NODE_240024_length_267_cov_2.690476	117	170	27	16	53	0.3018868
NODE_240024_length_267_cov_2.690476	117	170	28	5	53	0.0943396
NODE_240024_length_267_cov_2.690476	117	170	29	17	53	0.3207547
NODE_240024_length_267_cov_2.690476	117	170	30	15	53	0.2830189
NODE_240029_length_267_cov_2.666667	198	267	2	69	69	1.0000000
NODE_240114_length_267_cov_2.428571	189	254	0	65	65	1.0000000
NODE_240207_length_267_cov_2.208333	45	103	2	58	58	1.0000000
NODE_240246_length_267_cov_2.125000	124	175	0	51	51	1.0000000
NODE_240303_length_267_cov_2.077381	65	146	11	11	81	0.1358025
NODE_240303_length_267_cov_2.077381	65	146	13	56	81	0.6913580
NODE_240303_length_267_cov_2.077381	65	146	14	14	81	0.1728395
NODE_240303_length_267_cov_2.077381	229	264	0	35	35	1.0000000
NODE_240331_length_267_cov_2.005952	147	228	0	70	81	0.8641976
NODE_240331_length_267_cov_2.005952	147	228	2	11	81	0.1358025
NODE_240331_length_267_cov_2.005952	201	267	0	66	66	1.0000000
NODE_240336_length_267_cov_1.988095	77	157	0	80	80	1.0000000
NODE_240336_length_267_cov_1.988095	130	210	0	80	80	1.0000000
NODE_240620_length_267_cov_1.755952	119	199	0	80	80	1.0000000
NODE_240624_length_267_cov_1.750000	23	104	16	2	81	0.0246914
NODE_240624_length_267_cov_1.750000	23	104	18	8	81	0.0987654
NODE_240624_length_267_cov_1.750000	23	104	24	8	81	0.0987654
NODE_240624_length_267_cov_1.750000	23	104	26	63	81	0.7777778
NODE_240624_length_267_cov_1.750000	179	208	0	29	29	1.0000000
NODE_240653_length_267_cov_1.690476	18	90	0	72	72	1.0000000
NODE_240790_length_267_cov_1.517857	6	43	0	37	37	1.0000000
NODE_241075_length_267_cov_1.214286	37	91	2	54	54	1.0000000
NODE_241240_length_267_cov_1.214286	89	126	0	37	37	1.0000000
NODE_241352_length_267_cov_1.208333	124	164	2	40	40	1.0000000
NODE_241484_length_267_cov_1.125000	57	103	2	46	46	1.0000000
NODE_241512_length_267_cov_1.089286	119	196	0	77	77	1.0000000
NODE_241512_length_267_cov_1.089286	169	249	0	80	80	1.0000000
NODE_241517_length_267_cov_1.083333	133	152	4	8	19	0.4210526
NODE_241517_length_267_cov_1.083333	133	152	6	11	19	0.5789474
NODE_241517_length_267_cov_1.083333	183	264	3	17	81	0.2098765
NODE_241517_length_267_cov_1.083333	183	264	4	64	81	0.7901235
NODE_241588_length_267_cov_1.017857	205	267	0	62	62	1.0000000
NODE_241633_length_267_cov_0.982143	4	75	0	71	71	1.0000000
NODE_242999_length_266_cov_5.706587	120	199	0	79	79	1.0000000
NODE_242999_length_266_cov_5.706587	172	239	0	67	67	1.0000000
NODE_243010_length_266_cov_5.107784	68	150	4	82	82	1.0000000
NODE_243064_length_266_cov_4.125749	99	168	6	2	69	0.0289855
NODE_243064_length_266_cov_4.125749	99	168	8	3	69	0.0434783
NODE_243064_length_266_cov_4.125749	99	168	10	1	69	0.0144928
NODE_243064_length_266_cov_4.125749	99	168	12	63	69	0.9130435
NODE_243079_length_266_cov_3.958084	40	120	0	80	80	1.0000000
NODE_243079_length_266_cov_3.958084	93	159	0	66	66	1.0000000
NODE_243136_length_266_cov_3.419162	68	130	6	23	62	0.3709677
NODE_243136_length_266_cov_3.419162	68	130	8	39	62	0.6290323
NODE_243136_length_266_cov_3.419162	116	183	0	41	67	0.6119403
NODE_243136_length_266_cov_3.419162	116	183	4	1	67	0.0149254
NODE_243136_length_266_cov_3.419162	116	183	6	25	67	0.3731343
NODE_243168_length_266_cov_3.137725	6	86	0	80	80	1.0000000
NODE_243168_length_266_cov_3.137725	59	120	0	61	61	1.0000000
NODE_243174_length_266_cov_3.107784	166	232	2	5	66	0.0757576
NODE_243174_length_266_cov_3.107784	166	232	4	1	66	0.0151515
NODE_243174_length_266_cov_3.107784	166	232	6	22	66	0.3333333
NODE_243174_length_266_cov_3.107784	166	232	7	15	66	0.2272727
NODE_243174_length_266_cov_3.107784	166	232	9	4	66	0.0606061
NODE_243174_length_266_cov_3.107784	166	232	11	19	66	0.2878788
NODE_243475_length_266_cov_2.179641	110	191	1	5	81	0.0617284
NODE_243475_length_266_cov_2.179641	110	191	3	2	81	0.0246914
NODE_243475_length_266_cov_2.179641	110	191	4	14	81	0.1728395
NODE_243475_length_266_cov_2.179641	110	191	6	3	81	0.0370370
NODE_243475_length_266_cov_2.179641	110	191	8	3	81	0.0370370
NODE_243475_length_266_cov_2.179641	110	191	10	6	81	0.0740741
NODE_243475_length_266_cov_2.179641	110	191	12	13	81	0.1604938
NODE_243475_length_266_cov_2.179641	110	191	14	18	81	0.2222222
NODE_243475_length_266_cov_2.179641	110	191	16	3	81	0.0370370
NODE_243475_length_266_cov_2.179641	110	191	18	14	81	0.1728395
NODE_243497_length_266_cov_2.137725	156	236	4	80	80	1.0000000
NODE_243570_length_266_cov_2.023952	47	123	0	76	76	1.0000000
NODE_243972_length_266_cov_1.532934	155	235	0	80	80	1.0000000
NODE_244681_length_266_cov_1.113772	70	97	0	27	27	1.0000000
NODE_244760_length_266_cov_1.023952	144	201	5	3	57	0.0526316
NODE_244760_length_266_cov_1.023952	144	201	6	54	57	0.9473684
NODE_244760_length_266_cov_1.023952	199	265	0	50	66	0.7575758
NODE_244760_length_266_cov_1.023952	199	265	5	16	66	0.2424242
NODE_245049_length_266_cov_0.916168	51	122	0	71	71	1.0000000
NODE_245280_length_266_cov_0.730539	132	158	0	26	26	1.0000000
NODE_245538_length_266_cov_0.610778	99	139	0	40	40	1.0000000
NODE_245538_length_266_cov_0.610778	112	156	0	44	44	1.0000000
NODE_246087_length_265_cov_7.843373	128	208	0	1	80	0.0125000
NODE_246087_length_265_cov_7.843373	128	208	8	17	80	0.2125000
NODE_246087_length_265_cov_7.843373	128	208	9	32	80	0.4000000
NODE_246087_length_265_cov_7.843373	128	208	10	1	80	0.0125000
NODE_246087_length_265_cov_7.843373	128	208	12	3	80	0.0375000
NODE_246087_length_265_cov_7.843373	128	208	16	26	80	0.3250000
NODE_246192_length_265_cov_4.054217	65	145	0	80	80	1.0000000
NODE_246192_length_265_cov_4.054217	118	198	0	80	80	1.0000000
NODE_246198_length_265_cov_3.993976	195	231	2	36	36	1.0000000
NODE_246284_length_265_cov_3.150602	183	263	0	80	80	1.0000000
NODE_246374_length_265_cov_2.789157	177	238	0	61	61	1.0000000
NODE_246409_length_265_cov_2.734940	167	247	0	80	80	1.0000000
NODE_246432_length_265_cov_2.608434	188	259	0	71	71	1.0000000
NODE_246606_length_265_cov_2.156627	197	237	14	2	40	0.0500000
NODE_246606_length_265_cov_2.156627	197	237	20	23	40	0.5750000
NODE_246606_length_265_cov_2.156627	197	237	22	15	40	0.3750000
NODE_246624_length_265_cov_2.150602	169	218	0	49	49	1.0000000
NODE_246692_length_265_cov_1.975904	15	44	0	29	29	1.0000000
NODE_246811_length_265_cov_1.843373	195	265	0	70	70	1.0000000
NODE_247028_length_265_cov_1.620482	115	186	0	71	71	1.0000000
NODE_247028_length_265_cov_1.620482	117	171	0	54	54	1.0000000
NODE_247031_length_265_cov_1.614458	53	113	6	7	60	0.1166667
NODE_247031_length_265_cov_1.614458	53	113	8	3	60	0.0500000
NODE_247031_length_265_cov_1.614458	53	113	10	3	60	0.0500000
NODE_247031_length_265_cov_1.614458	53	113	11	1	60	0.0166667
NODE_247031_length_265_cov_1.614458	53	113	14	2	60	0.0333333
NODE_247031_length_265_cov_1.614458	53	113	16	4	60	0.0666667
NODE_247031_length_265_cov_1.614458	53	113	22	6	60	0.1000000
NODE_247031_length_265_cov_1.614458	53	113	24	3	60	0.0500000
NODE_247031_length_265_cov_1.614458	53	113	26	1	60	0.0166667
NODE_247031_length_265_cov_1.614458	53	113	28	8	60	0.1333333
NODE_247031_length_265_cov_1.614458	53	113	29	6	60	0.1000000
NODE_247031_length_265_cov_1.614458	53	113	31	7	60	0.1166667
NODE_247031_length_265_cov_1.614458	53	113	33	9	60	0.1500000
NODE_247031_length_265_cov_1.614458	86	166	28	5	80	0.0625000
NODE_247031_length_265_cov_1.614458	86	166	29	6	80	0.0750000
NODE_247031_length_265_cov_1.614458	86	166	31	7	80	0.0875000
NODE_247031_length_265_cov_1.614458	86	166	33	10	80	0.1250000
NODE_247031_length_265_cov_1.614458	86	166	34	9	80	0.1125000
NODE_247031_length_265_cov_1.614458	86	166	35	11	80	0.1375000
NODE_247031_length_265_cov_1.614458	86	166	36	21	80	0.2625000
NODE_247031_length_265_cov_1.614458	86	166	37	4	80	0.0500000
NODE_247031_length_265_cov_1.614458	86	166	38	7	80	0.0875000
NODE_247314_length_265_cov_1.337349	107	168	2	61	61	1.0000000
NODE_247952_length_265_cov_1.000000	187	251	4	64	64	1.0000000
NODE_247972_length_265_cov_0.987952	44	63	0	19	19	1.0000000
NODE_249395_length_264_cov_4.018182	141	178	0	37	37	1.0000000
NODE_249404_length_264_cov_3.957576	59	132	0	73	73	1.0000000
NODE_249404_length_264_cov_3.957576	112	192	0	80	80	1.0000000
NODE_249415_length_264_cov_3.824242	178	220	0	42	42	1.0000000
NODE_249452_length_264_cov_3.400000	73	125	0	52	52	1.0000000
NODE_249452_length_264_cov_3.400000	124	165	0	41	41	1.0000000
NODE_249485_length_264_cov_3.133333	119	186	0	67	67	1.0000000
NODE_249530_length_264_cov_3.012121	122	198	0	76	76	1.0000000
NODE_249904_length_264_cov_2.048485	32	98	0	8	66	0.1212121
NODE_249904_length_264_cov_2.048485	32	98	2	48	66	0.7272727
NODE_249904_length_264_cov_2.048485	32	98	4	10	66	0.1515152
NODE_249905_length_264_cov_2.048485	133	176	0	43	43	1.0000000
NODE_249912_length_264_cov_2.012121	20	84	0	64	64	1.0000000
NODE_249931_length_264_cov_1.951515	178	211	0	33	33	1.0000000
NODE_249982_length_264_cov_1.854545	130	161	0	31	31	1.0000000
NODE_250202_length_264_cov_1.745455	26	81	0	55	55	1.0000000
NODE_250202_length_264_cov_1.745455	86	153	0	67	67	1.0000000
NODE_250203_length_264_cov_1.745455	90	169	4	26	79	0.3291139
NODE_250203_length_264_cov_1.745455	90	169	8	22	79	0.2784810
NODE_250203_length_264_cov_1.745455	90	169	10	7	79	0.0886076
NODE_250203_length_264_cov_1.745455	90	169	12	15	79	0.1898734
NODE_250203_length_264_cov_1.745455	90	169	14	9	79	0.1139240
NODE_250203_length_264_cov_1.745455	143	207	10	14	64	0.2187500
NODE_250203_length_264_cov_1.745455	143	207	12	16	64	0.2500000
NODE_250203_length_264_cov_1.745455	143	207	13	2	64	0.0312500
NODE_250203_length_264_cov_1.745455	143	207	14	32	64	0.5000000
NODE_250297_length_264_cov_1.569697	173	236	4	63	63	1.0000000
NODE_250314_length_264_cov_1.545455	206	255	0	49	49	1.0000000
NODE_250381_length_264_cov_1.545455	35	66	0	31	31	1.0000000
NODE_250446_length_264_cov_1.503030	0	63	0	63	63	1.0000000
NODE_250513_length_264_cov_1.406061	149	230	0	8	81	0.0987654
NODE_250513_length_264_cov_1.406061	149	230	2	73	81	0.9012346
NODE_250513_length_264_cov_1.406061	225	260	0	35	35	1.0000000
NODE_250635_length_264_cov_1.236364	2	63	0	61	61	1.0000000
NODE_251015_length_264_cov_1.151515	11	68	0	52	57	0.9122807
NODE_251015_length_264_cov_1.151515	11	68	2	5	57	0.0877193
NODE_251529_length_264_cov_0.921212	49	85	0	36	36	1.0000000
NODE_251703_length_264_cov_0.721212	233	252	0	19	19	1.0000000
NODE_252559_length_263_cov_5.115854	132	219	20	2	87	0.0229885
NODE_252559_length_263_cov_5.115854	132	219	24	4	87	0.0459770
NODE_252559_length_263_cov_5.115854	132	219	26	3	87	0.0344828
NODE_252559_length_263_cov_5.115854	132	219	28	4	87	0.0459770
NODE_252559_length_263_cov_5.115854	132	219	30	3	87	0.0344828
NODE_252559_length_263_cov_5.115854	132	219	31	2	87	0.0229885
NODE_252559_length_263_cov_5.115854	132	219	33	2	87	0.0229885
NODE_252559_length_263_cov_5.115854	132	219	35	1	87	0.0114943
NODE_252559_length_263_cov_5.115854	132	219	36	2	87	0.0229885
NODE_252559_length_263_cov_5.115854	132	219	40	4	87	0.0459770
NODE_252559_length_263_cov_5.115854	132	219	41	18	87	0.2068966
NODE_252559_length_263_cov_5.115854	132	219	42	13	87	0.1494253
NODE_252559_length_263_cov_5.115854	132	219	43	11	87	0.1264368
NODE_252559_length_263_cov_5.115854	132	219	44	18	87	0.2068966
NODE_252563_length_263_cov_4.914634	45	117	2	72	72	1.0000000
NODE_252595_length_263_cov_4.225610	67	124	12	3	57	0.0526316
NODE_252595_length_263_cov_4.225610	67	124	14	54	57	0.9473684
NODE_252663_length_263_cov_3.518293	104	176	2	72	72	1.0000000
NODE_252766_length_263_cov_2.908537	7	93	0	9	86	0.1046512
NODE_252766_length_263_cov_2.908537	7	93	2	77	86	0.8953488
NODE_252778_length_263_cov_2.798780	67	146	3	34	79	0.4303797
NODE_252778_length_263_cov_2.798780	67	146	4	45	79	0.5696203
NODE_252932_length_263_cov_2.396341	207	238	0	31	31	1.0000000
NODE_253261_length_263_cov_1.865854	51	81	0	30	30	1.0000000
NODE_253310_length_263_cov_1.847561	113	189	2	76	76	1.0000000
NODE_253379_length_263_cov_1.750000	151	231	0	80	80	1.0000000
NODE_253468_length_263_cov_1.579268	32	95	2	4	63	0.0634921
NODE_253468_length_263_cov_1.579268	32	95	4	24	63	0.3809524
NODE_253468_length_263_cov_1.579268	32	95	6	18	63	0.2857143
NODE_253468_length_263_cov_1.579268	32	95	8	17	63	0.2698413
NODE_253477_length_263_cov_1.567073	98	155	0	57	57	1.0000000
NODE_253619_length_263_cov_1.506098	157	217	2	60	60	1.0000000
NODE_253620_length_263_cov_1.506098	84	113	2	29	29	1.0000000
NODE_253753_length_263_cov_1.286585	143	223	0	3	80	0.0375000
NODE_253753_length_263_cov_1.286585	143	223	4	2	80	0.0250000
NODE_253753_length_263_cov_1.286585	143	223	6	1	80	0.0125000
NODE_253753_length_263_cov_1.286585	143	223	7	1	80	0.0125000
NODE_253753_length_263_cov_1.286585	143	223	8	6	80	0.0750000
NODE_253753_length_263_cov_1.286585	143	223	10	2	80	0.0250000
NODE_253753_length_263_cov_1.286585	143	223	14	6	80	0.0750000
NODE_253753_length_263_cov_1.286585	143	223	16	13	80	0.1625000
NODE_253753_length_263_cov_1.286585	143	223	18	5	80	0.0625000
NODE_253753_length_263_cov_1.286585	143	223	26	3	80	0.0375000
NODE_253753_length_263_cov_1.286585	143	223	28	18	80	0.2250000
NODE_253753_length_263_cov_1.286585	143	223	29	20	80	0.2500000
NODE_253788_length_263_cov_1.243902	206	263	0	57	57	1.0000000
NODE_254174_length_263_cov_1.170732	12	66	0	54	54	1.0000000
NODE_254174_length_263_cov_1.170732	39	119	0	80	80	1.0000000
NODE_254301_length_263_cov_1.067073	137	202	0	65	65	1.0000000
NODE_254301_length_263_cov_1.067073	175	255	0	80	80	1.0000000
NODE_254783_length_263_cov_0.810976	163	245	49	2	82	0.0243902
NODE_254783_length_263_cov_0.810976	163	245	51	2	82	0.0243902
NODE_254783_length_263_cov_0.810976	163	245	55	3	82	0.0365854
NODE_254783_length_263_cov_0.810976	163	245	60	1	82	0.0121951
NODE_254783_length_263_cov_0.810976	163	245	61	1	82	0.0121951
NODE_254783_length_263_cov_0.810976	163	245	63	1	82	0.0121951
NODE_254783_length_263_cov_0.810976	163	245	68	2	82	0.0243902
NODE_254783_length_263_cov_0.810976	163	245	70	1	82	0.0121951
NODE_254783_length_263_cov_0.810976	163	245	73	1	82	0.0121951
NODE_254783_length_263_cov_0.810976	163	245	77	1	82	0.0121951
NODE_254783_length_263_cov_0.810976	163	245	80	1	82	0.0121951
NODE_254783_length_263_cov_0.810976	163	245	81	1	82	0.0121951
NODE_254783_length_263_cov_0.810976	163	245	84	3	82	0.0365854
NODE_254783_length_263_cov_0.810976	163	245	86	3	82	0.0365854
NODE_254783_length_263_cov_0.810976	163	245	87	4	82	0.0487805
NODE_254783_length_263_cov_0.810976	163	245	89	4	82	0.0487805
NODE_254783_length_263_cov_0.810976	163	245	91	2	82	0.0243902
NODE_254783_length_263_cov_0.810976	163	245	92	4	82	0.0487805
NODE_254783_length_263_cov_0.810976	163	245	96	4	82	0.0487805
NODE_254783_length_263_cov_0.810976	163	245	100	4	82	0.0487805
NODE_254783_length_263_cov_0.810976	163	245	102	3	82	0.0365854
NODE_254783_length_263_cov_0.810976	163	245	104	2	82	0.0243902
NODE_254783_length_263_cov_0.810976	163	245	108	3	82	0.0365854
NODE_254783_length_263_cov_0.810976	163	245	110	1	82	0.0121951
NODE_254783_length_263_cov_0.810976	163	245	112	8	82	0.0975610
NODE_254783_length_263_cov_0.810976	163	245	115	1	82	0.0121951
NODE_254783_length_263_cov_0.810976	163	245	116	3	82	0.0365854
NODE_254783_length_263_cov_0.810976	163	245	117	2	82	0.0243902
NODE_254783_length_263_cov_0.810976	163	245	118	5	82	0.0609756
NODE_254783_length_263_cov_0.810976	163	245	119	4	82	0.0487805
NODE_254783_length_263_cov_0.810976	163	245	121	5	82	0.0609756
NODE_255446_length_263_cov_0.621951	212	258	0	46	46	1.0000000
NODE_255524_length_263_cov_0.621951	131	151	0	20	20	1.0000000
NODE_255559_length_263_cov_0.621951	67	86	0	19	19	1.0000000
NODE_255727_length_262_cov_5.312883	20	82	0	62	62	1.0000000
NODE_255769_length_262_cov_4.447853	102	155	0	15	53	0.2830189
NODE_255769_length_262_cov_4.447853	102	155	2	38	53	0.7169811
NODE_255821_length_262_cov_3.766871	48	89	0	41	41	1.0000000
NODE_255860_length_262_cov_3.435583	158	235	4	77	77	1.0000000
NODE_255945_length_262_cov_2.938650	142	222	4	49	80	0.6125000
NODE_255945_length_262_cov_2.938650	142	222	6	7	80	0.0875000
NODE_255945_length_262_cov_2.938650	142	222	8	24	80	0.3000000
NODE_256009_length_262_cov_2.723926	103	183	0	80	80	1.0000000
NODE_256049_length_262_cov_2.509202	88	148	4	60	60	1.0000000
NODE_256050_length_262_cov_2.509202	0	61	0	61	61	1.0000000
NODE_256050_length_262_cov_2.509202	107	171	6	64	64	1.0000000
NODE_256050_length_262_cov_2.509202	144	224	0	10	80	0.1250000
NODE_256050_length_262_cov_2.509202	144	224	4	39	80	0.4875000
NODE_256050_length_262_cov_2.509202	144	224	6	31	80	0.3875000
NODE_256129_length_262_cov_2.429448	14	87	0	73	73	1.0000000
NODE_256129_length_262_cov_2.429448	62	149	0	87	87	1.0000000
NODE_256176_length_262_cov_2.226994	2	79	0	77	77	1.0000000
NODE_256187_length_262_cov_2.202454	61	81	0	20	20	1.0000000
NODE_256199_length_262_cov_2.190184	172	235	2	6	63	0.0952381
NODE_256199_length_262_cov_2.190184	172	235	4	57	63	0.9047619
NODE_256239_length_262_cov_2.177914	133	189	0	56	56	1.0000000
NODE_256265_length_262_cov_2.122699	96	157	2	21	61	0.3442623
NODE_256265_length_262_cov_2.122699	96	157	4	37	61	0.6065574
NODE_256265_length_262_cov_2.122699	96	157	6	3	61	0.0491803
NODE_256386_length_262_cov_1.877301	0	77	0	16	77	0.2077922
NODE_256386_length_262_cov_1.877301	0	77	2	61	77	0.7922078
NODE_256390_length_262_cov_1.877301	77	124	2	47	47	1.0000000
NODE_256481_length_262_cov_1.871166	192	252	2	60	60	1.0000000
NODE_256596_length_262_cov_1.736196	149	208	0	59	59	1.0000000
NODE_256630_length_262_cov_1.680982	2	82	0	80	80	1.0000000
NODE_256650_length_262_cov_1.656442	135	166	0	31	31	1.0000000
NODE_256659_length_262_cov_1.638037	111	142	4	31	31	1.0000000
NODE_256704_length_262_cov_1.576687	102	182	2	29	80	0.3625000
NODE_256704_length_262_cov_1.576687	102	182	4	51	80	0.6375000
NODE_256704_length_262_cov_1.576687	155	221	0	2	66	0.0303030
NODE_256704_length_262_cov_1.576687	155	221	4	64	66	0.9696970
NODE_256742_length_262_cov_1.564417	69	124	0	32	55	0.5818182
NODE_256742_length_262_cov_1.564417	69	124	2	23	55	0.4181818
NODE_256742_length_262_cov_1.564417	106	177	2	71	71	1.0000000
NODE_256933_length_262_cov_1.349693	52	102	0	50	50	1.0000000
NODE_256933_length_262_cov_1.349693	83	149	0	66	66	1.0000000
NODE_257199_length_262_cov_1.251534	44	124	2	55	80	0.6875000
NODE_257199_length_262_cov_1.251534	44	124	4	25	80	0.3125000
NODE_257199_length_262_cov_1.251534	97	171	0	18	74	0.2432432
NODE_257199_length_262_cov_1.251534	97	171	2	56	74	0.7567568
NODE_258876_length_261_cov_31.913580	32	112	2	63	80	0.7875000
NODE_258876_length_261_cov_31.913580	32	112	8	17	80	0.2125000
NODE_258876_length_261_cov_31.913580	85	171	2	10	86	0.1162791
NODE_258876_length_261_cov_31.913580	85	171	6	28	86	0.3255814
NODE_258876_length_261_cov_31.913580	85	171	8	48	86	0.5581396
NODE_258901_length_261_cov_6.376543	126	201	0	75	75	1.0000000
NODE_258901_length_261_cov_6.376543	179	254	0	75	75	1.0000000
NODE_258929_length_261_cov_5.469136	56	132	0	76	76	1.0000000
NODE_259329_length_261_cov_2.425926	53	134	0	81	81	1.0000000
NODE_259361_length_261_cov_2.333333	41	136	0	61	95	0.6421053
NODE_259361_length_261_cov_2.333333	41	136	2	34	95	0.3578947
NODE_259435_length_261_cov_2.191358	86	122	0	3	36	0.0833333
NODE_259435_length_261_cov_2.191358	86	122	1	2	36	0.0555556
NODE_259435_length_261_cov_2.191358	86	122	2	31	36	0.8611111
NODE_259495_length_261_cov_1.993827	134	214	4	6	80	0.0750000
NODE_259495_length_261_cov_1.993827	134	214	10	12	80	0.1500000
NODE_259495_length_261_cov_1.993827	134	214	19	5	80	0.0625000
NODE_259495_length_261_cov_1.993827	134	214	21	3	80	0.0375000
NODE_259495_length_261_cov_1.993827	134	214	23	4	80	0.0500000
NODE_259495_length_261_cov_1.993827	134	214	24	50	80	0.6250000
NODE_259672_length_261_cov_1.882716	51	105	0	28	54	0.5185185
NODE_259672_length_261_cov_1.882716	51	105	2	26	54	0.4814815
NODE_259740_length_261_cov_1.839506	118	197	0	40	79	0.5063291
NODE_259740_length_261_cov_1.839506	118	197	2	23	79	0.2911392
NODE_259740_length_261_cov_1.839506	118	197	4	16	79	0.2025317
NODE_259769_length_261_cov_1.783951	69	141	0	25	72	0.3472222
NODE_259769_length_261_cov_1.783951	69	141	2	47	72	0.6527778
NODE_260089_length_261_cov_1.388889	202	247	0	45	45	1.0000000
NODE_260090_length_261_cov_1.382716	14	61	0	47	47	1.0000000
NODE_260428_length_261_cov_1.253086	100	138	4	38	38	1.0000000
NODE_260738_length_261_cov_1.030864	122	205	0	83	83	1.0000000
NODE_260738_length_261_cov_1.030864	129	210	0	81	81	1.0000000
NODE_260738_length_261_cov_1.030864	129	184	0	55	55	1.0000000
NODE_260738_length_261_cov_1.030864	187	248	0	61	61	1.0000000
NODE_260767_length_261_cov_1.006173	3	45	0	1	42	0.0238095
NODE_260767_length_261_cov_1.006173	3	45	4	41	42	0.9761904
NODE_260767_length_261_cov_1.006173	46	98	2	11	52	0.2115385
NODE_260767_length_261_cov_1.006173	46	98	4	9	52	0.1730769
NODE_260767_length_261_cov_1.006173	46	98	6	32	52	0.6153846
NODE_262062_length_261_cov_0.580247	11	31	0	20	20	1.0000000
NODE_262121_length_260_cov_8.844720	74	138	0	64	64	1.0000000
NODE_262123_length_260_cov_8.447205	30	110	0	36	80	0.4500000
NODE_262123_length_260_cov_8.447205	30	110	2	44	80	0.5500000
NODE_262123_length_260_cov_8.447205	83	167	2	84	84	1.0000000
NODE_262123_length_260_cov_8.447205	163	243	0	72	80	0.9000000
NODE_262123_length_260_cov_8.447205	163	243	2	8	80	0.1000000
NODE_262149_length_260_cov_5.807453	38	118	0	80	80	1.0000000
NODE_262149_length_260_cov_5.807453	91	171	0	80	80	1.0000000
NODE_262264_length_260_cov_3.645963	5	57	0	1	52	0.0192308
NODE_262264_length_260_cov_3.645963	5	57	2	51	52	0.9807692
NODE_262329_length_260_cov_3.167702	91	163	0	72	72	1.0000000
NODE_262378_length_260_cov_2.981366	58	127	0	37	69	0.5362319
NODE_262378_length_260_cov_2.981366	58	127	2	32	69	0.4637681
NODE_262384_length_260_cov_2.913043	10	90	0	8	80	0.1000000
NODE_262384_length_260_cov_2.913043	10	90	2	72	80	0.9000000
NODE_262708_length_260_cov_2.161491	174	251	0	77	77	1.0000000
NODE_262733_length_260_cov_2.080745	188	258	0	70	70	1.0000000
NODE_262788_length_260_cov_1.950311	27	85	0	14	58	0.2413793
NODE_262788_length_260_cov_1.950311	27	85	2	44	58	0.7586207
NODE_262930_length_260_cov_1.900621	14	50	0	36	36	1.0000000
NODE_263117_length_260_cov_1.683230	50	130	0	80	80	1.0000000
NODE_263428_length_260_cov_1.347826	38	118	4	5	80	0.0625000
NODE_263428_length_260_cov_1.347826	38	118	6	75	80	0.9375000
NODE_263533_length_260_cov_1.267081	114	199	0	85	85	1.0000000
NODE_263556_length_260_cov_1.267081	198	244	0	46	46	1.0000000
NODE_263568_length_260_cov_1.267081	145	189	0	2	44	0.0454545
NODE_263568_length_260_cov_1.267081	145	189	2	42	44	0.9545454
NODE_265483_length_259_cov_4.800000	35	95	2	10	60	0.1666667
NODE_265483_length_259_cov_4.800000	35	95	5	1	60	0.0166667
NODE_265483_length_259_cov_4.800000	35	95	10	1	60	0.0166667
NODE_265483_length_259_cov_4.800000	35	95	12	48	60	0.8000000
NODE_265584_length_259_cov_3.675000	119	161	0	42	42	1.0000000
NODE_265584_length_259_cov_3.675000	134	214	0	80	80	1.0000000
NODE_265592_length_259_cov_3.593750	100	143	0	43	43	1.0000000
NODE_265611_length_259_cov_3.475000	198	259	1	32	61	0.5245901
NODE_265611_length_259_cov_3.475000	198	259	2	29	61	0.4754098
NODE_265625_length_259_cov_3.331250	72	118	2	46	46	1.0000000
NODE_265636_length_259_cov_3.237500	103	160	0	57	57	1.0000000
NODE_265704_length_259_cov_2.937500	209	233	0	24	24	1.0000000
NODE_265735_length_259_cov_2.850000	0	41	0	6	41	0.1463415
NODE_265735_length_259_cov_2.850000	0	41	2	19	41	0.4634146
NODE_265735_length_259_cov_2.850000	0	41	4	16	41	0.3902439
NODE_265735_length_259_cov_2.850000	14	94	2	11	80	0.1375000
NODE_265735_length_259_cov_2.850000	14	94	4	69	80	0.8625000
NODE_265818_length_259_cov_2.550000	9	82	2	1	73	0.0136986
NODE_265818_length_259_cov_2.550000	9	82	4	1	73	0.0136986
NODE_265818_length_259_cov_2.550000	9	82	6	71	73	0.9726027
NODE_265942_length_259_cov_2.287500	147	225	0	1	78	0.0128205
NODE_265942_length_259_cov_2.287500	147	225	2	77	78	0.9871795
NODE_265942_length_259_cov_2.287500	198	241	0	17	43	0.3953488
NODE_265942_length_259_cov_2.287500	198	241	2	26	43	0.6046512
NODE_266032_length_259_cov_2.156250	0	72	0	72	72	1.0000000
NODE_266080_length_259_cov_2.012500	8	73	0	65	65	1.0000000
NODE_266080_length_259_cov_2.012500	53	126	0	73	73	1.0000000
NODE_266101_length_259_cov_1.962500	108	189	0	35	81	0.4320988
NODE_266101_length_259_cov_1.962500	108	189	6	4	81	0.0493827
NODE_266101_length_259_cov_1.962500	108	189	8	39	81	0.4814815
NODE_266101_length_259_cov_1.962500	108	189	10	3	81	0.0370370
NODE_266117_length_259_cov_1.918750	49	120	0	71	71	1.0000000
NODE_266183_length_259_cov_1.912500	114	177	0	63	63	1.0000000
NODE_266365_length_259_cov_1.837500	180	252	0	3	72	0.0416667
NODE_266365_length_259_cov_1.837500	180	252	4	13	72	0.1805556
NODE_266365_length_259_cov_1.837500	180	252	12	21	72	0.2916667
NODE_266365_length_259_cov_1.837500	180	252	14	35	72	0.4861111
NODE_266609_length_259_cov_1.593750	27	67	0	40	40	1.0000000
NODE_266746_length_259_cov_1.400000	117	164	0	47	47	1.0000000
NODE_266746_length_259_cov_1.400000	137	217	0	80	80	1.0000000
NODE_268816_length_258_cov_6.415094	129	209	0	80	80	1.0000000
NODE_268816_length_258_cov_6.415094	182	258	0	76	76	1.0000000
NODE_268823_length_258_cov_6.157233	1	81	0	80	80	1.0000000
NODE_268823_length_258_cov_6.157233	9	64	0	55	55	1.0000000
NODE_268852_length_258_cov_4.798742	83	163	0	23	80	0.2875000
NODE_268852_length_258_cov_4.798742	83	163	6	57	80	0.7125000
NODE_268870_length_258_cov_4.396226	0	44	0	44	44	1.0000000
NODE_268870_length_258_cov_4.396226	24	97	0	73	73	1.0000000
NODE_268880_length_258_cov_4.301887	0	54	0	54	54	1.0000000
NODE_268942_length_258_cov_3.616352	29	58	0	29	29	1.0000000
NODE_268982_length_258_cov_3.352201	47	127	4	1	80	0.0125000
NODE_268982_length_258_cov_3.352201	47	127	8	1	80	0.0125000
NODE_268982_length_258_cov_3.352201	47	127	13	2	80	0.0250000
NODE_268982_length_258_cov_3.352201	47	127	14	1	80	0.0125000
NODE_268982_length_258_cov_3.352201	47	127	16	1	80	0.0125000
NODE_268982_length_258_cov_3.352201	47	127	18	74	80	0.9250000
NODE_269086_length_258_cov_2.886792	102	121	4	19	19	1.0000000
NODE_269091_length_258_cov_2.880503	92	172	0	80	80	1.0000000
NODE_269102_length_258_cov_2.855346	96	138	15	8	42	0.1904762
NODE_269102_length_258_cov_2.855346	96	138	16	4	42	0.0952381
NODE_269102_length_258_cov_2.855346	96	138	20	1	42	0.0238095
NODE_269102_length_258_cov_2.855346	96	138	24	29	42	0.6904762
NODE_269102_length_258_cov_2.855346	148	191	8	4	43	0.0930233
NODE_269102_length_258_cov_2.855346	148	191	10	2	43	0.0465116
NODE_269102_length_258_cov_2.855346	148	191	12	1	43	0.0232558
NODE_269102_length_258_cov_2.855346	148	191	18	15	43	0.3488372
NODE_269102_length_258_cov_2.855346	148	191	20	21	43	0.4883721
NODE_269113_length_258_cov_2.817610	10	58	0	46	48	0.9583333
NODE_269113_length_258_cov_2.817610	10	58	2	2	48	0.0416667
NODE_269264_length_258_cov_2.383648	48	128	2	1	80	0.0125000
NODE_269264_length_258_cov_2.383648	48	128	4	79	80	0.9875000
NODE_269264_length_258_cov_2.383648	101	182	0	36	81	0.4444444
NODE_269264_length_258_cov_2.383648	101	182	2	19	81	0.2345679
NODE_269264_length_258_cov_2.383648	101	182	4	26	81	0.3209876
NODE_269338_length_258_cov_2.238994	61	141	3	80	80	1.0000000
NODE_269615_length_258_cov_1.918239	0	51	0	51	51	1.0000000
NODE_269682_length_258_cov_1.855346	26	47	2	21	21	1.0000000
NODE_269682_length_258_cov_1.855346	71	104	2	33	33	1.0000000
NODE_269682_length_258_cov_1.855346	81	156	0	37	75	0.4933333
NODE_269682_length_258_cov_1.855346	81	156	2	38	75	0.5066667
NODE_269749_length_258_cov_1.735849	105	176	0	8	71	0.1126761
NODE_269749_length_258_cov_1.735849	105	176	2	48	71	0.6760563
NODE_269749_length_258_cov_1.735849	105	176	4	15	71	0.2112676
NODE_269767_length_258_cov_1.710692	8	49	0	19	41	0.4634146
NODE_269767_length_258_cov_1.710692	8	49	2	22	41	0.5365854
NODE_270191_length_258_cov_1.283019	127	191	2	64	64	1.0000000
NODE_270191_length_258_cov_1.283019	164	227	0	33	63	0.5238096
NODE_270191_length_258_cov_1.283019	164	227	2	30	63	0.4761905
NODE_270465_length_258_cov_1.270440	4	55	0	51	51	1.0000000
NODE_270504_length_258_cov_1.232704	90	166	2	1	76	0.0131579
NODE_270504_length_258_cov_1.232704	90	166	4	75	76	0.9868421
NODE_270547_length_258_cov_1.201258	49	98	0	49	49	1.0000000
NODE_270876_length_258_cov_0.962264	186	258	0	72	72	1.0000000
NODE_270970_length_258_cov_0.962264	69	124	0	55	55	1.0000000
NODE_272169_length_257_cov_71.158228	81	165	55	2	84	0.0238095
NODE_272169_length_257_cov_71.158228	81	165	57	2	84	0.0238095
NODE_272169_length_257_cov_71.158228	81	165	60	1	84	0.0119048
NODE_272169_length_257_cov_71.158228	81	165	62	3	84	0.0357143
NODE_272169_length_257_cov_71.158228	81	165	64	1	84	0.0119048
NODE_272169_length_257_cov_71.158228	81	165	73	1	84	0.0119048
NODE_272169_length_257_cov_71.158228	81	165	75	5	84	0.0595238
NODE_272169_length_257_cov_71.158228	81	165	77	4	84	0.0476190
NODE_272169_length_257_cov_71.158228	81	165	81	1	84	0.0119048
NODE_272169_length_257_cov_71.158228	81	165	83	2	84	0.0238095
NODE_272169_length_257_cov_71.158228	81	165	85	3	84	0.0357143
NODE_272169_length_257_cov_71.158228	81	165	88	1	84	0.0119048
NODE_272169_length_257_cov_71.158228	81	165	92	1	84	0.0119048
NODE_272169_length_257_cov_71.158228	81	165	94	1	84	0.0119048
NODE_272169_length_257_cov_71.158228	81	165	96	11	84	0.1309524
NODE_272169_length_257_cov_71.158228	81	165	98	6	84	0.0714286
NODE_272169_length_257_cov_71.158228	81	165	100	3	84	0.0357143
NODE_272169_length_257_cov_71.158228	81	165	101	1	84	0.0119048
NODE_272169_length_257_cov_71.158228	81	165	102	4	84	0.0476190
NODE_272169_length_257_cov_71.158228	81	165	103	1	84	0.0119048
NODE_272169_length_257_cov_71.158228	81	165	104	3	84	0.0357143
NODE_272169_length_257_cov_71.158228	81	165	106	1	84	0.0119048
NODE_272169_length_257_cov_71.158228	81	165	107	3	84	0.0357143
NODE_272169_length_257_cov_71.158228	81	165	108	14	84	0.1666667
NODE_272169_length_257_cov_71.158228	81	165	110	9	84	0.1071429
NODE_272169_length_257_cov_71.158228	145	218	47	1	73	0.0136986
NODE_272169_length_257_cov_71.158228	145	218	49	2	73	0.0273973
NODE_272169_length_257_cov_71.158228	145	218	51	3	73	0.0410959
NODE_272169_length_257_cov_71.158228	145	218	53	2	73	0.0273973
NODE_272169_length_257_cov_71.158228	145	218	57	3	73	0.0410959
NODE_272169_length_257_cov_71.158228	145	218	59	3	73	0.0410959
NODE_272169_length_257_cov_71.158228	145	218	61	8	73	0.1095890
NODE_272169_length_257_cov_71.158228	145	218	63	1	73	0.0136986
NODE_272169_length_257_cov_71.158228	145	218	65	4	73	0.0547945
NODE_272169_length_257_cov_71.158228	145	218	67	1	73	0.0136986
NODE_272169_length_257_cov_71.158228	145	218	69	2	73	0.0273973
NODE_272169_length_257_cov_71.158228	145	218	73	4	73	0.0547945
NODE_272169_length_257_cov_71.158228	145	218	75	1	73	0.0136986
NODE_272169_length_257_cov_71.158228	145	218	80	1	73	0.0136986
NODE_272169_length_257_cov_71.158228	145	218	83	1	73	0.0136986
NODE_272169_length_257_cov_71.158228	145	218	84	1	73	0.0136986
NODE_272169_length_257_cov_71.158228	145	218	86	3	73	0.0410959
NODE_272169_length_257_cov_71.158228	145	218	88	6	73	0.0821918
NODE_272169_length_257_cov_71.158228	145	218	90	2	73	0.0273973
NODE_272169_length_257_cov_71.158228	145	218	92	1	73	0.0136986
NODE_272169_length_257_cov_71.158228	145	218	99	3	73	0.0410959
NODE_272169_length_257_cov_71.158228	145	218	101	1	73	0.0136986
NODE_272169_length_257_cov_71.158228	145	218	103	1	73	0.0136986
NODE_272169_length_257_cov_71.158228	145	218	107	2	73	0.0273973
NODE_272169_length_257_cov_71.158228	145	218	108	10	73	0.1369863
NODE_272169_length_257_cov_71.158228	145	218	110	6	73	0.0821918
NODE_272194_length_257_cov_6.329114	15	93	0	78	78	1.0000000
NODE_272275_length_257_cov_4.177215	25	86	2	61	61	1.0000000
NODE_272291_length_257_cov_3.987342	55	107	0	52	52	1.0000000
NODE_272304_length_257_cov_3.873418	145	225	0	80	80	1.0000000
NODE_272304_length_257_cov_3.873418	198	254	0	56	56	1.0000000
NODE_272322_length_257_cov_3.740506	133	199	0	40	66	0.6060606
NODE_272322_length_257_cov_3.740506	133	199	2	26	66	0.3939394
NODE_272322_length_257_cov_3.740506	177	256	0	26	79	0.3291139
NODE_272322_length_257_cov_3.740506	177	256	2	53	79	0.6708861
NODE_272486_length_257_cov_2.734177	1	65	0	64	64	1.0000000
NODE_272491_length_257_cov_2.677215	170	250	0	46	80	0.5750000
NODE_272491_length_257_cov_2.677215	170	250	6	34	80	0.4250000
NODE_272580_length_257_cov_2.537975	60	137	0	77	77	1.0000000
NODE_272596_length_257_cov_2.487342	95	172	4	61	77	0.7922078
NODE_272596_length_257_cov_2.487342	95	172	6	16	77	0.2077922
NODE_272625_length_257_cov_2.379747	106	186	4	13	80	0.1625000
NODE_272625_length_257_cov_2.379747	106	186	6	51	80	0.6375000
NODE_272625_length_257_cov_2.379747	106	186	8	16	80	0.2000000
NODE_272625_length_257_cov_2.379747	159	207	2	3	48	0.0625000
NODE_272625_length_257_cov_2.379747	159	207	4	7	48	0.1458333
NODE_272625_length_257_cov_2.379747	159	207	6	22	48	0.4583333
NODE_272625_length_257_cov_2.379747	159	207	8	16	48	0.3333333
NODE_272724_length_257_cov_2.221519	163	240	0	77	77	1.0000000
NODE_272729_length_257_cov_2.202532	16	97	0	81	81	1.0000000
NODE_273151_length_257_cov_1.664557	220	239	0	19	19	1.0000000
NODE_273357_length_257_cov_1.500000	85	166	0	1	81	0.0123457
NODE_273357_length_257_cov_1.500000	85	166	2	13	81	0.1604938
NODE_273357_length_257_cov_1.500000	85	166	4	67	81	0.8271605
NODE_273462_length_257_cov_1.329114	120	186	2	66	66	1.0000000
NODE_273533_length_257_cov_1.291139	13	53	0	40	40	1.0000000
NODE_273697_length_257_cov_1.291139	205	257	0	52	52	1.0000000
NODE_273894_length_257_cov_1.221519	10	74	0	64	64	1.0000000
NODE_273917_length_257_cov_1.196203	70	150	0	11	80	0.1375000
NODE_273917_length_257_cov_1.196203	70	150	2	69	80	0.8625000
NODE_273917_length_257_cov_1.196203	123	204	0	45	81	0.5555556
NODE_273917_length_257_cov_1.196203	123	204	2	36	81	0.4444444
NODE_275399_length_257_cov_0.645570	138	158	0	20	20	1.0000000
NODE_275419_length_257_cov_0.645570	181	241	0	60	60	1.0000000
NODE_275598_length_256_cov_5.235669	30	77	0	47	47	1.0000000
NODE_275624_length_256_cov_4.598726	100	180	2	44	80	0.5500000
NODE_275624_length_256_cov_4.598726	100	180	4	36	80	0.4500000
NODE_275624_length_256_cov_4.598726	160	211	0	28	51	0.5490196
NODE_275624_length_256_cov_4.598726	160	211	2	23	51	0.4509804
NODE_275682_length_256_cov_3.866242	112	166	8	9	54	0.1666667
NODE_275682_length_256_cov_3.866242	112	166	10	34	54	0.6296296
NODE_275682_length_256_cov_3.866242	112	166	12	11	54	0.2037037
NODE_275840_length_256_cov_2.878981	79	159	0	18	80	0.2250000
NODE_275840_length_256_cov_2.878981	79	159	2	62	80	0.7750000
NODE_275840_length_256_cov_2.878981	132	212	0	59	80	0.7375000
NODE_275840_length_256_cov_2.878981	132	212	2	21	80	0.2625000
NODE_275909_length_256_cov_2.598726	157	222	0	65	65	1.0000000
NODE_275909_length_256_cov_2.598726	195	249	0	54	54	1.0000000
NODE_275981_length_256_cov_2.445860	104	183	0	79	79	1.0000000
NODE_276082_length_256_cov_2.229299	0	58	0	58	58	1.0000000
NODE_276082_length_256_cov_2.229299	17	68	0	51	51	1.0000000
NODE_276082_length_256_cov_2.229299	41	88	0	47	47	1.0000000
NODE_276082_length_256_cov_2.229299	42	122	0	80	80	1.0000000
NODE_276098_length_256_cov_2.184713	192	246	0	54	54	1.0000000
NODE_276119_length_256_cov_2.121019	150	236	0	18	86	0.2093023
NODE_276119_length_256_cov_2.121019	150	236	2	68	86	0.7906977
NODE_276174_length_256_cov_1.974522	130	174	0	44	44	1.0000000
NODE_276471_length_256_cov_1.707006	39	92	0	1	53	0.0188679
NODE_276471_length_256_cov_1.707006	39	92	2	2	53	0.0377358
NODE_276471_length_256_cov_1.707006	39	92	3	5	53	0.0943396
NODE_276471_length_256_cov_1.707006	39	92	4	1	53	0.0188679
NODE_276471_length_256_cov_1.707006	39	92	5	23	53	0.4339623
NODE_276471_length_256_cov_1.707006	39	92	7	13	53	0.2452830
NODE_276471_length_256_cov_1.707006	39	92	8	8	53	0.1509434
NODE_276471_length_256_cov_1.707006	93	135	8	7	42	0.1666667
NODE_276471_length_256_cov_1.707006	93	135	10	35	42	0.8333333
NODE_276484_length_256_cov_1.700637	107	129	0	22	22	1.0000000
NODE_276495_length_256_cov_1.675159	52	98	0	46	46	1.0000000
NODE_276654_length_256_cov_1.598726	125	202	0	20	77	0.2597403
NODE_276654_length_256_cov_1.598726	125	202	2	57	77	0.7402598
NODE_276654_length_256_cov_1.598726	178	256	0	74	78	0.9487180
NODE_276654_length_256_cov_1.598726	178	256	2	4	78	0.0512821
NODE_276672_length_256_cov_1.579618	110	172	0	14	62	0.2258064
NODE_276672_length_256_cov_1.579618	110	172	2	48	62	0.7741935
NODE_276672_length_256_cov_1.579618	194	239	0	28	45	0.6222222
NODE_276672_length_256_cov_1.579618	194	239	2	17	45	0.3777778
NODE_276742_length_256_cov_1.464968	112	135	0	23	23	1.0000000
NODE_276826_length_256_cov_1.331210	138	209	2	15	71	0.2112676
NODE_276826_length_256_cov_1.331210	138	209	6	56	71	0.7887324
NODE_276826_length_256_cov_1.331210	182	240	4	22	58	0.3793103
NODE_276826_length_256_cov_1.331210	182	240	6	36	58	0.6206896
NODE_277113_length_256_cov_1.299363	88	160	4	72	72	1.0000000
NODE_277305_length_256_cov_1.203822	3	43	0	17	40	0.4250000
NODE_277305_length_256_cov_1.203822	3	43	2	23	40	0.5750000
NODE_277305_length_256_cov_1.203822	16	96	0	4	80	0.0500000
NODE_277305_length_256_cov_1.203822	16	96	2	76	80	0.9500000
NODE_278934_length_255_cov_73.756410	52	99	0	47	47	1.0000000
NODE_278934_length_255_cov_73.756410	133	184	14	5	51	0.0980392
NODE_278934_length_255_cov_73.756410	133	184	18	46	51	0.9019608
NODE_278934_length_255_cov_73.756410	157	237	9	2	80	0.0250000
NODE_278934_length_255_cov_73.756410	157	237	11	6	80	0.0750000
NODE_278934_length_255_cov_73.756410	157	237	15	30	80	0.3750000
NODE_278934_length_255_cov_73.756410	157	237	16	10	80	0.1250000
NODE_278934_length_255_cov_73.756410	157	237	18	32	80	0.4000000
NODE_278937_length_255_cov_15.538462	219	255	0	36	36	1.0000000
NODE_279003_length_255_cov_4.884615	157	230	0	4	73	0.0547945
NODE_279003_length_255_cov_4.884615	157	230	4	69	73	0.9452055
NODE_279003_length_255_cov_4.884615	203	248	0	22	45	0.4888889
NODE_279003_length_255_cov_4.884615	203	248	4	23	45	0.5111111
NODE_279058_length_255_cov_4.012821	68	148	0	6	80	0.0750000
NODE_279058_length_255_cov_4.012821	68	148	2	74	80	0.9250000
NODE_279075_length_255_cov_3.826923	16	80	0	38	64	0.5937500
NODE_279075_length_255_cov_3.826923	16	80	2	26	64	0.4062500
NODE_279102_length_255_cov_3.596154	30	60	0	30	30	1.0000000
NODE_279134_length_255_cov_3.423077	64	109	1	4	45	0.0888889
NODE_279134_length_255_cov_3.423077	64	109	2	41	45	0.9111111
NODE_279166_length_255_cov_3.262821	0	48	0	48	48	1.0000000
NODE_279166_length_255_cov_3.262821	66	113	0	47	47	1.0000000
NODE_279241_length_255_cov_2.942308	157	176	0	19	19	1.0000000
NODE_279320_length_255_cov_2.621795	227	254	0	20	27	0.7407407
NODE_279320_length_255_cov_2.621795	227	254	2	7	27	0.2592593
NODE_279379_length_255_cov_2.602564	131	185	0	54	54	1.0000000
NODE_279427_length_255_cov_2.487179	43	119	4	1	76	0.0131579
NODE_279427_length_255_cov_2.487179	43	119	6	1	76	0.0131579
NODE_279427_length_255_cov_2.487179	43	119	8	3	76	0.0394737
NODE_279427_length_255_cov_2.487179	43	119	10	4	76	0.0526316
NODE_279427_length_255_cov_2.487179	43	119	12	67	76	0.8815789
NODE_279447_length_255_cov_2.435897	0	58	0	58	58	1.0000000
NODE_279462_length_255_cov_2.391026	189	255	0	66	66	1.0000000
NODE_279507_length_255_cov_2.288462	0	60	0	60	60	1.0000000
NODE_279510_length_255_cov_2.288462	0	74	0	74	74	1.0000000
NODE_279620_length_255_cov_2.089744	105	145	0	40	40	1.0000000
NODE_279649_length_255_cov_1.987179	0	72	0	72	72	1.0000000
NODE_279842_length_255_cov_1.910256	198	255	0	57	57	1.0000000
NODE_279871_length_255_cov_1.871795	16	68	4	52	52	1.0000000
NODE_279892_length_255_cov_1.826923	146	218	0	72	72	1.0000000
NODE_279956_length_255_cov_1.705128	0	45	0	5	45	0.1111111
NODE_279956_length_255_cov_1.705128	0	45	6	40	45	0.8888889
NODE_279956_length_255_cov_1.705128	41	121	6	80	80	1.0000000
NODE_279956_length_255_cov_1.705128	94	174	0	45	80	0.5625000
NODE_279956_length_255_cov_1.705128	94	174	6	35	80	0.4375000
NODE_280153_length_255_cov_1.576923	43	117	0	15	74	0.2027027
NODE_280153_length_255_cov_1.576923	43	117	2	37	74	0.5000000
NODE_280153_length_255_cov_1.576923	43	117	4	1	74	0.0135135
NODE_280153_length_255_cov_1.576923	43	117	6	21	74	0.2837838
NODE_280153_length_255_cov_1.576923	90	175	0	5	85	0.0588235
NODE_280153_length_255_cov_1.576923	90	175	4	1	85	0.0117647
NODE_280153_length_255_cov_1.576923	90	175	6	22	85	0.2588235
NODE_280153_length_255_cov_1.576923	90	175	8	57	85	0.6705883
NODE_280168_length_255_cov_1.557692	62	125	0	63	63	1.0000000
NODE_280297_length_255_cov_1.358974	178	246	0	68	68	1.0000000
NODE_280904_length_255_cov_1.128205	183	219	0	36	36	1.0000000
NODE_281094_length_255_cov_0.987179	220	241	0	21	21	1.0000000
NODE_281380_length_255_cov_0.955128	119	171	2	7	52	0.1346154
NODE_281380_length_255_cov_0.955128	119	171	4	45	52	0.8653846
NODE_281384_length_255_cov_0.955128	12	92	4	80	80	1.0000000
NODE_282137_length_255_cov_0.653846	87	106	2	19	19	1.0000000
NODE_282534_length_254_cov_4.935484	144	189	0	45	45	1.0000000
NODE_282534_length_254_cov_4.935484	164	242	0	78	78	1.0000000
NODE_282548_length_254_cov_4.722581	44	85	0	41	41	1.0000000
NODE_282576_length_254_cov_4.296774	149	174	0	25	25	1.0000000
NODE_282576_length_254_cov_4.296774	149	223	0	74	74	1.0000000
NODE_282590_length_254_cov_4.206452	57	86	4	5	29	0.1724138
NODE_282590_length_254_cov_4.206452	57	86	8	2	29	0.0689655
NODE_282590_length_254_cov_4.206452	57	86	10	22	29	0.7586207
NODE_282626_length_254_cov_3.677419	7	64	4	8	57	0.1403509
NODE_282626_length_254_cov_3.677419	7	64	8	2	57	0.0350877
NODE_282626_length_254_cov_3.677419	7	64	10	2	57	0.0350877
NODE_282626_length_254_cov_3.677419	7	64	12	45	57	0.7894737
NODE_282626_length_254_cov_3.677419	60	117	6	4	57	0.0701754
NODE_282626_length_254_cov_3.677419	60	117	8	9	57	0.1578947
NODE_282626_length_254_cov_3.677419	60	117	10	10	57	0.1754386
NODE_282626_length_254_cov_3.677419	60	117	12	34	57	0.5964912
NODE_282642_length_254_cov_3.593548	154	197	0	1	43	0.0232558
NODE_282642_length_254_cov_3.593548	154	197	2	2	43	0.0465116
NODE_282642_length_254_cov_3.593548	154	197	4	40	43	0.9302326
NODE_282659_length_254_cov_3.438710	82	129	0	44	47	0.9361702
NODE_282659_length_254_cov_3.438710	82	129	2	3	47	0.0638298
NODE_282659_length_254_cov_3.438710	102	182	0	42	80	0.5250000
NODE_282659_length_254_cov_3.438710	102	182	3	6	80	0.0750000
NODE_282659_length_254_cov_3.438710	102	182	5	27	80	0.3375000
NODE_282659_length_254_cov_3.438710	102	182	6	5	80	0.0625000
NODE_282736_length_254_cov_2.961290	5	79	2	36	74	0.4864865
NODE_282736_length_254_cov_2.961290	5	79	4	38	74	0.5135135
NODE_282736_length_254_cov_2.961290	52	118	4	66	66	1.0000000
NODE_282771_length_254_cov_2.780645	169	252	0	83	83	1.0000000
NODE_282947_length_254_cov_2.341935	167	201	0	13	34	0.3823529
NODE_282947_length_254_cov_2.341935	167	201	2	21	34	0.6176471
NODE_283082_length_254_cov_2.161290	14	74	0	60	60	1.0000000
NODE_283244_length_254_cov_1.974194	156	204	0	48	48	1.0000000
NODE_283440_length_254_cov_1.780645	79	126	3	10	47	0.2127660
NODE_283440_length_254_cov_1.780645	79	126	6	37	47	0.7872341
NODE_283952_length_254_cov_1.316129	23	87	1	64	64	1.0000000
NODE_284013_length_254_cov_1.316129	193	215	0	22	22	1.0000000
NODE_284256_length_254_cov_1.258065	181	249	0	68	68	1.0000000
NODE_284275_length_254_cov_1.238710	9	82	2	19	73	0.2602740
NODE_284275_length_254_cov_1.238710	9	82	4	54	73	0.7397260
NODE_284275_length_254_cov_1.238710	62	82	4	20	20	1.0000000
NODE_284277_length_254_cov_1.238710	54	73	2	19	19	1.0000000
NODE_284301_length_254_cov_1.219355	98	157	0	59	59	1.0000000
NODE_284638_length_254_cov_0.987097	139	193	0	54	54	1.0000000
NODE_284638_length_254_cov_0.987097	205	254	0	49	49	1.0000000
NODE_284796_length_254_cov_0.987097	121	152	0	31	31	1.0000000
NODE_285963_length_253_cov_60.311688	137	202	22	1	65	0.0153846
NODE_285963_length_253_cov_60.311688	137	202	28	1	65	0.0153846
NODE_285963_length_253_cov_60.311688	137	202	29	8	65	0.1230769
NODE_285963_length_253_cov_60.311688	137	202	30	4	65	0.0615385
NODE_285963_length_253_cov_60.311688	137	202	32	2	65	0.0307692
NODE_285963_length_253_cov_60.311688	137	202	33	2	65	0.0307692
NODE_285963_length_253_cov_60.311688	137	202	34	1	65	0.0153846
NODE_285963_length_253_cov_60.311688	137	202	36	3	65	0.0461538
NODE_285963_length_253_cov_60.311688	137	202	38	14	65	0.2153846
NODE_285963_length_253_cov_60.311688	137	202	40	9	65	0.1384615
NODE_285963_length_253_cov_60.311688	137	202	42	20	65	0.3076923
NODE_285963_length_253_cov_60.311688	175	253	4	6	78	0.0769231
NODE_285963_length_253_cov_60.311688	175	253	6	1	78	0.0128205
NODE_285963_length_253_cov_60.311688	175	253	12	2	78	0.0256410
NODE_285963_length_253_cov_60.311688	175	253	14	4	78	0.0512821
NODE_285963_length_253_cov_60.311688	175	253	16	1	78	0.0128205
NODE_285963_length_253_cov_60.311688	175	253	18	3	78	0.0384615
NODE_285963_length_253_cov_60.311688	175	253	24	5	78	0.0641026
NODE_285963_length_253_cov_60.311688	175	253	27	7	78	0.0897436
NODE_285963_length_253_cov_60.311688	175	253	29	30	78	0.3846154
NODE_285963_length_253_cov_60.311688	175	253	33	2	78	0.0256410
NODE_285963_length_253_cov_60.311688	175	253	36	3	78	0.0384615
NODE_285963_length_253_cov_60.311688	175	253	38	11	78	0.1410256
NODE_285963_length_253_cov_60.311688	175	253	40	3	78	0.0384615
NODE_285965_length_253_cov_41.519481	0	68	0	2	68	0.0294118
NODE_285965_length_253_cov_41.519481	0	68	2	1	68	0.0147059
NODE_285965_length_253_cov_41.519481	0	68	6	8	68	0.1176471
NODE_285965_length_253_cov_41.519481	0	68	8	8	68	0.1176471
NODE_285965_length_253_cov_41.519481	0	68	14	1	68	0.0147059
NODE_285965_length_253_cov_41.519481	0	68	18	21	68	0.3088235
NODE_285965_length_253_cov_41.519481	0	68	20	4	68	0.0588235
NODE_285965_length_253_cov_41.519481	0	68	22	21	68	0.3088235
NODE_285965_length_253_cov_41.519481	0	68	28	2	68	0.0294118
NODE_285965_length_253_cov_41.519481	0	70	0	2	70	0.0285714
NODE_285965_length_253_cov_41.519481	0	70	2	1	70	0.0142857
NODE_285965_length_253_cov_41.519481	0	70	6	8	70	0.1142857
NODE_285965_length_253_cov_41.519481	0	70	8	8	70	0.1142857
NODE_285965_length_253_cov_41.519481	0	70	14	1	70	0.0142857
NODE_285965_length_253_cov_41.519481	0	70	18	21	70	0.3000000
NODE_285965_length_253_cov_41.519481	0	70	20	4	70	0.0571429
NODE_285965_length_253_cov_41.519481	0	70	22	21	70	0.3000000
NODE_285965_length_253_cov_41.519481	0	70	28	4	70	0.0571429
NODE_285965_length_253_cov_41.519481	2	73	2	1	71	0.0140845
NODE_285965_length_253_cov_41.519481	2	73	6	8	71	0.1126761
NODE_285965_length_253_cov_41.519481	2	73	8	8	71	0.1126761
NODE_285965_length_253_cov_41.519481	2	73	14	1	71	0.0140845
NODE_285965_length_253_cov_41.519481	2	73	18	21	71	0.2957746
NODE_285965_length_253_cov_41.519481	2	73	20	4	71	0.0563380
NODE_285965_length_253_cov_41.519481	2	73	22	21	71	0.2957746
NODE_285965_length_253_cov_41.519481	2	73	28	7	71	0.0985916
NODE_285965_length_253_cov_41.519481	7	73	6	4	66	0.0606061
NODE_285965_length_253_cov_41.519481	7	73	8	8	66	0.1212121
NODE_285965_length_253_cov_41.519481	7	73	14	1	66	0.0151515
NODE_285965_length_253_cov_41.519481	7	73	18	21	66	0.3181818
NODE_285965_length_253_cov_41.519481	7	73	20	4	66	0.0606061
NODE_285965_length_253_cov_41.519481	7	73	22	21	66	0.3181818
NODE_285965_length_253_cov_41.519481	7	73	28	7	66	0.1060606
NODE_285965_length_253_cov_41.519481	46	123	20	1	77	0.0129870
NODE_285965_length_253_cov_41.519481	46	123	22	25	77	0.3246753
NODE_285965_length_253_cov_41.519481	46	123	24	6	77	0.0779221
NODE_285965_length_253_cov_41.519481	46	123	28	45	77	0.5844156
NODE_285965_length_253_cov_41.519481	46	123	20	1	77	0.0129870
NODE_285965_length_253_cov_41.519481	46	123	22	25	77	0.3246753
NODE_285965_length_253_cov_41.519481	46	123	24	6	77	0.0779221
NODE_285965_length_253_cov_41.519481	46	123	28	45	77	0.5844156
NODE_285965_length_253_cov_41.519481	46	123	20	1	77	0.0129870
NODE_285965_length_253_cov_41.519481	46	123	22	25	77	0.3246753
NODE_285965_length_253_cov_41.519481	46	123	24	6	77	0.0779221
NODE_285965_length_253_cov_41.519481	46	123	28	45	77	0.5844156
NODE_285967_length_253_cov_13.967532	25	105	10	61	80	0.7625000
NODE_285967_length_253_cov_13.967532	25	105	12	17	80	0.2125000
NODE_285967_length_253_cov_13.967532	25	105	14	2	80	0.0250000
NODE_285967_length_253_cov_13.967532	78	158	4	38	80	0.4750000
NODE_285967_length_253_cov_13.967532	78	158	10	8	80	0.1000000
NODE_285967_length_253_cov_13.967532	78	158	12	17	80	0.2125000
NODE_285967_length_253_cov_13.967532	78	158	13	1	80	0.0125000
NODE_285967_length_253_cov_13.967532	78	158	14	16	80	0.2000000
NODE_285969_length_253_cov_12.259740	0	54	0	46	54	0.8518519
NODE_285969_length_253_cov_12.259740	0	54	5	8	54	0.1481481
NODE_285969_length_253_cov_12.259740	27	62	0	19	35	0.5428572
NODE_285969_length_253_cov_12.259740	27	62	5	16	35	0.4571429
NODE_285969_length_253_cov_12.259740	51	131	5	80	80	1.0000000
NODE_285969_length_253_cov_12.259740	104	139	5	35	35	1.0000000
NODE_285969_length_253_cov_12.259740	128	208	0	11	80	0.1375000
NODE_285969_length_253_cov_12.259740	128	208	5	69	80	0.8625000
NODE_285969_length_253_cov_12.259740	181	216	0	19	35	0.5428572
NODE_285969_length_253_cov_12.259740	181	216	5	16	35	0.4571429
NODE_285987_length_253_cov_7.279221	184	250	0	24	66	0.3636364
NODE_285987_length_253_cov_7.279221	184	250	2	27	66	0.4090909
NODE_285987_length_253_cov_7.279221	184	250	4	15	66	0.2272727
NODE_286022_length_253_cov_5.376623	66	147	2	3	81	0.0370370
NODE_286022_length_253_cov_5.376623	66	147	4	78	81	0.9629630
NODE_286022_length_253_cov_5.376623	120	185	0	33	65	0.5076923
NODE_286022_length_253_cov_5.376623	120	185	2	8	65	0.1230769
NODE_286022_length_253_cov_5.376623	120	185	4	24	65	0.3692308
NODE_286042_length_253_cov_4.896104	102	182	5	17	80	0.2125000
NODE_286042_length_253_cov_4.896104	102	182	6	21	80	0.2625000
NODE_286042_length_253_cov_4.896104	102	182	8	12	80	0.1500000
NODE_286042_length_253_cov_4.896104	102	182	14	30	80	0.3750000
NODE_286046_length_253_cov_4.798701	199	253	0	54	54	1.0000000
NODE_286069_length_253_cov_4.487013	85	126	0	41	41	1.0000000
NODE_286151_length_253_cov_3.500000	44	105	29	1	61	0.0163934
NODE_286151_length_253_cov_3.500000	44	105	30	2	61	0.0327869
NODE_286151_length_253_cov_3.500000	44	105	31	2	61	0.0327869
NODE_286151_length_253_cov_3.500000	44	105	32	2	61	0.0327869
NODE_286151_length_253_cov_3.500000	44	105	34	6	61	0.0983607
NODE_286151_length_253_cov_3.500000	44	105	35	7	61	0.1147541
NODE_286151_length_253_cov_3.500000	44	105	36	41	61	0.6721311
NODE_286151_length_253_cov_3.500000	90	158	0	9	68	0.1323529
NODE_286151_length_253_cov_3.500000	90	158	2	1	68	0.0147059
NODE_286151_length_253_cov_3.500000	90	158	4	4	68	0.0588235
NODE_286151_length_253_cov_3.500000	90	158	8	3	68	0.0441176
NODE_286151_length_253_cov_3.500000	90	158	15	4	68	0.0588235
NODE_286151_length_253_cov_3.500000	90	158	17	2	68	0.0294118
NODE_286151_length_253_cov_3.500000	90	158	21	1	68	0.0147059
NODE_286151_length_253_cov_3.500000	90	158	23	2	68	0.0294118
NODE_286151_length_253_cov_3.500000	90	158	25	1	68	0.0147059
NODE_286151_length_253_cov_3.500000	90	158	27	1	68	0.0147059
NODE_286151_length_253_cov_3.500000	90	158	29	26	68	0.3823529
NODE_286151_length_253_cov_3.500000	90	158	30	2	68	0.0294118
NODE_286151_length_253_cov_3.500000	90	158	32	2	68	0.0294118
NODE_286151_length_253_cov_3.500000	90	158	34	6	68	0.0882353
NODE_286151_length_253_cov_3.500000	90	158	36	4	68	0.0588235
NODE_286259_length_253_cov_2.987013	85	165	0	23	80	0.2875000
NODE_286259_length_253_cov_2.987013	85	165	2	57	80	0.7125000
NODE_286259_length_253_cov_2.987013	138	169	0	27	31	0.8709677
NODE_286259_length_253_cov_2.987013	138	169	2	4	31	0.1290323
NODE_286275_length_253_cov_2.954545	100	148	0	48	48	1.0000000
NODE_286281_length_253_cov_2.909091	34	99	22	1	65	0.0153846
NODE_286281_length_253_cov_2.909091	34	99	24	7	65	0.1076923
NODE_286281_length_253_cov_2.909091	34	99	26	22	65	0.3384615
NODE_286281_length_253_cov_2.909091	34	99	28	28	65	0.4307692
NODE_286281_length_253_cov_2.909091	34	99	30	7	65	0.1076923
NODE_286288_length_253_cov_2.889610	129	200	4	6	71	0.0845070
NODE_286288_length_253_cov_2.889610	129	200	6	34	71	0.4788733
NODE_286288_length_253_cov_2.889610	129	200	8	31	71	0.4366197
NODE_286288_length_253_cov_2.889610	173	253	2	1	80	0.0125000
NODE_286288_length_253_cov_2.889610	173	253	4	29	80	0.3625000
NODE_286288_length_253_cov_2.889610	173	253	6	5	80	0.0625000
NODE_286288_length_253_cov_2.889610	173	253	8	45	80	0.5625000
NODE_286289_length_253_cov_2.889610	21	76	0	55	55	1.0000000
NODE_286289_length_253_cov_2.889610	149	229	0	80	80	1.0000000
NODE_286379_length_253_cov_2.610390	113	193	0	80	80	1.0000000
NODE_286386_length_253_cov_2.584416	97	154	0	57	57	1.0000000
NODE_286545_length_253_cov_2.240260	185	250	0	65	65	1.0000000
NODE_286667_length_253_cov_1.987013	157	237	0	78	80	0.9750000
NODE_286667_length_253_cov_1.987013	157	237	2	2	80	0.0250000
NODE_286667_length_253_cov_1.987013	210	253	0	43	43	1.0000000
NODE_286685_length_253_cov_1.987013	18	60	0	42	42	1.0000000
NODE_286829_length_253_cov_1.961039	186	232	2	46	46	1.0000000
NODE_286837_length_253_cov_1.948052	68	120	0	52	52	1.0000000
NODE_286838_length_253_cov_1.948052	63	114	0	51	51	1.0000000
NODE_286947_length_253_cov_1.746753	164	193	0	29	29	1.0000000
NODE_287031_length_253_cov_1.655844	40	120	0	24	80	0.3000000
NODE_287031_length_253_cov_1.655844	40	120	2	56	80	0.7000000
NODE_287031_length_253_cov_1.655844	93	152	0	2	59	0.0338983
NODE_287031_length_253_cov_1.655844	93	152	2	57	59	0.9661017
NODE_287133_length_253_cov_1.590909	102	148	2	46	46	1.0000000
NODE_287156_length_253_cov_1.558442	67	149	0	53	82	0.6463414
NODE_287156_length_253_cov_1.558442	67	149	2	29	82	0.3536585
NODE_287230_length_253_cov_1.441558	49	113	0	64	64	1.0000000
NODE_287230_length_253_cov_1.441558	102	166	0	64	64	1.0000000
NODE_287232_length_253_cov_1.441558	121	185	2	64	64	1.0000000
NODE_287234_length_253_cov_1.435065	50	81	2	31	31	1.0000000
NODE_287584_length_253_cov_1.324675	193	239	0	46	46	1.0000000
NODE_287599_length_253_cov_1.324675	90	132	10	7	42	0.1666667
NODE_287599_length_253_cov_1.324675	90	132	12	14	42	0.3333333
NODE_287599_length_253_cov_1.324675	90	132	16	21	42	0.5000000
NODE_287599_length_253_cov_1.324675	133	185	4	7	52	0.1346154
NODE_287599_length_253_cov_1.324675	133	185	6	2	52	0.0384615
NODE_287599_length_253_cov_1.324675	133	185	8	6	52	0.1153846
NODE_287599_length_253_cov_1.324675	133	185	10	2	52	0.0384615
NODE_287599_length_253_cov_1.324675	133	185	12	19	52	0.3653846
NODE_287599_length_253_cov_1.324675	133	185	14	11	52	0.2115385
NODE_287599_length_253_cov_1.324675	133	185	16	5	52	0.0961538
NODE_287721_length_253_cov_1.285714	87	125	0	38	38	1.0000000
NODE_287794_length_253_cov_1.214286	99	148	2	49	49	1.0000000
NODE_287845_length_253_cov_1.181818	185	247	0	62	62	1.0000000
NODE_287845_length_253_cov_1.181818	185	247	0	62	62	1.0000000
NODE_287989_length_253_cov_1.064935	83	159	0	9	76	0.1184211
NODE_287989_length_253_cov_1.064935	83	159	2	67	76	0.8815789
NODE_288099_length_253_cov_0.993506	0	44	0	44	44	1.0000000
NODE_288465_length_253_cov_0.870130	17	46	0	29	29	1.0000000
NODE_288478_length_253_cov_0.850649	0	89	0	89	89	1.0000000
NODE_289563_length_252_cov_4.771242	94	148	2	54	54	1.0000000
NODE_289574_length_252_cov_4.614379	16	37	0	21	21	1.0000000
NODE_289624_length_252_cov_3.960784	7	85	0	78	78	1.0000000
NODE_289624_length_252_cov_3.960784	63	136	0	73	73	1.0000000
NODE_289663_length_252_cov_3.549020	89	157	3	40	68	0.5882353
NODE_289663_length_252_cov_3.549020	89	157	4	28	68	0.4117647
NODE_289672_length_252_cov_3.405229	26	107	0	5	81	0.0617284
NODE_289672_length_252_cov_3.405229	26	107	2	76	81	0.9382716
NODE_289705_length_252_cov_3.307190	91	141	0	50	50	1.0000000
NODE_289742_length_252_cov_3.032680	135	212	6	6	77	0.0779221
NODE_289742_length_252_cov_3.032680	135	212	10	5	77	0.0649351
NODE_289742_length_252_cov_3.032680	135	212	12	66	77	0.8571429
NODE_289775_length_252_cov_2.928105	0	57	0	57	57	1.0000000
NODE_289799_length_252_cov_2.803922	41	121	0	1	80	0.0125000
NODE_289799_length_252_cov_2.803922	41	121	3	27	80	0.3375000
NODE_289799_length_252_cov_2.803922	41	121	4	52	80	0.6500000
NODE_290032_length_252_cov_2.320261	0	64	0	64	64	1.0000000
NODE_290046_length_252_cov_2.281046	120	170	0	50	50	1.0000000
NODE_290066_length_252_cov_2.215686	137	175	4	14	38	0.3684210
NODE_290066_length_252_cov_2.215686	137	175	8	24	38	0.6315789
NODE_290103_length_252_cov_2.052288	18	39	0	21	21	1.0000000
NODE_290238_length_252_cov_1.993464	80	139	0	59	59	1.0000000
NODE_290385_length_252_cov_1.810458	3	49	0	46	46	1.0000000
NODE_290623_length_252_cov_1.594771	103	156	0	53	53	1.0000000
NODE_290623_length_252_cov_1.594771	152	192	0	40	40	1.0000000
NODE_290638_length_252_cov_1.568627	1	68	0	3	67	0.0447761
NODE_290638_length_252_cov_1.568627	1	68	2	64	67	0.9552239
NODE_290767_length_252_cov_1.359477	26	93	0	67	67	1.0000000
NODE_290790_length_252_cov_1.333333	179	232	0	53	53	1.0000000
NODE_290850_length_252_cov_1.333333	187	222	2	35	35	1.0000000
NODE_291072_length_252_cov_1.333333	31	111	6	80	80	1.0000000
NODE_291076_length_252_cov_1.333333	90	140	6	6	50	0.1200000
NODE_291076_length_252_cov_1.333333	90	140	8	8	50	0.1600000
NODE_291076_length_252_cov_1.333333	90	140	10	1	50	0.0200000
NODE_291076_length_252_cov_1.333333	90	140	11	15	50	0.3000000
NODE_291076_length_252_cov_1.333333	90	140	15	20	50	0.4000000
NODE_291118_length_252_cov_1.326797	112	143	0	31	31	1.0000000
NODE_291351_length_252_cov_1.156863	1	32	0	31	31	1.0000000
NODE_291650_length_252_cov_1.000000	49	79	0	30	30	1.0000000
NODE_291911_length_252_cov_0.836601	125	172	0	2	47	0.0425532
NODE_291911_length_252_cov_0.836601	125	172	2	1	47	0.0212766
NODE_291911_length_252_cov_0.836601	125	172	4	5	47	0.1063830
NODE_291911_length_252_cov_0.836601	125	172	6	17	47	0.3617021
NODE_291911_length_252_cov_0.836601	125	172	8	22	47	0.4680851
NODE_293004_length_251_cov_5.032895	0	62	0	62	62	1.0000000
NODE_293005_length_251_cov_5.026316	84	164	0	80	80	1.0000000
NODE_293165_length_251_cov_3.302632	187	249	0	62	62	1.0000000
NODE_293195_length_251_cov_3.131579	96	148	0	1	52	0.0192308
NODE_293195_length_251_cov_3.131579	96	148	2	51	52	0.9807692
NODE_293238_length_251_cov_2.980263	11	38	11	1	27	0.0370370
NODE_293238_length_251_cov_2.980263	11	38	13	5	27	0.1851852
NODE_293238_length_251_cov_2.980263	11	38	15	1	27	0.0370370
NODE_293238_length_251_cov_2.980263	11	38	18	4	27	0.1481481
NODE_293238_length_251_cov_2.980263	11	38	19	1	27	0.0370370
NODE_293238_length_251_cov_2.980263	11	38	20	2	27	0.0740741
NODE_293238_length_251_cov_2.980263	11	38	21	13	27	0.4814815
NODE_293238_length_251_cov_2.980263	11	91	11	1	80	0.0125000
NODE_293238_length_251_cov_2.980263	11	91	13	5	80	0.0625000
NODE_293238_length_251_cov_2.980263	11	91	15	1	80	0.0125000
NODE_293238_length_251_cov_2.980263	11	91	18	4	80	0.0500000
NODE_293238_length_251_cov_2.980263	11	91	19	1	80	0.0125000
NODE_293238_length_251_cov_2.980263	11	91	20	2	80	0.0250000
NODE_293238_length_251_cov_2.980263	11	91	21	62	80	0.7750000
NODE_293238_length_251_cov_2.980263	11	91	22	4	80	0.0500000
NODE_293259_length_251_cov_2.842105	170	198	0	28	28	1.0000000
NODE_293279_length_251_cov_2.743421	181	232	0	50	51	0.9803922
NODE_293279_length_251_cov_2.743421	181	232	4	1	51	0.0196078
NODE_293335_length_251_cov_2.677632	35	54	0	19	19	1.0000000
NODE_293454_length_251_cov_2.348684	196	251	6	55	55	1.0000000
NODE_293502_length_251_cov_2.328947	86	149	0	63	63	1.0000000
NODE_293516_length_251_cov_2.296053	91	171	6	14	80	0.1750000
NODE_293516_length_251_cov_2.296053	91	171	8	66	80	0.8250000
NODE_293516_length_251_cov_2.296053	144	224	0	16	80	0.2000000
NODE_293516_length_251_cov_2.296053	144	224	2	12	80	0.1500000
NODE_293516_length_251_cov_2.296053	144	224	4	16	80	0.2000000
NODE_293516_length_251_cov_2.296053	144	224	6	21	80	0.2625000
NODE_293516_length_251_cov_2.296053	144	224	8	15	80	0.1875000
NODE_293591_length_251_cov_2.065789	7	52	4	45	45	1.0000000
NODE_293698_length_251_cov_2.013158	96	179	0	83	83	1.0000000
NODE_293698_length_251_cov_2.013158	96	179	0	83	83	1.0000000
NODE_293698_length_251_cov_2.013158	152	203	0	51	51	1.0000000
NODE_293698_length_251_cov_2.013158	152	201	0	49	49	1.0000000
NODE_293919_length_251_cov_1.710526	135	194	0	59	59	1.0000000
NODE_294028_length_251_cov_1.671053	94	127	0	33	33	1.0000000
NODE_294063_length_251_cov_1.644737	135	164	0	29	29	1.0000000
NODE_294147_length_251_cov_1.473684	137	202	0	65	65	1.0000000
NODE_294153_length_251_cov_1.460526	17	78	0	61	61	1.0000000
NODE_294190_length_251_cov_1.407895	182	246	0	64	64	1.0000000
NODE_294393_length_251_cov_1.342105	9	89	0	80	80	1.0000000
NODE_294393_length_251_cov_1.342105	62	91	0	29	29	1.0000000
NODE_294624_length_251_cov_1.296053	7	47	0	40	40	1.0000000
NODE_294624_length_251_cov_1.296053	24	47	0	23	23	1.0000000
NODE_295165_length_251_cov_1.006579	4	50	0	46	46	1.0000000
NODE_296033_length_251_cov_0.671053	184	204	0	20	20	1.0000000
NODE_296386_length_251_cov_0.572368	54	74	0	20	20	1.0000000
NODE_296437_length_250_cov_35.662252	33	99	1	25	66	0.3787879
NODE_296437_length_250_cov_35.662252	33	99	3	7	66	0.1060606
NODE_296437_length_250_cov_35.662252	33	99	4	34	66	0.5151515
NODE_296437_length_250_cov_35.662252	143	223	0	8	80	0.1000000
NODE_296437_length_250_cov_35.662252	143	223	1	41	80	0.5125000
NODE_296437_length_250_cov_35.662252	143	223	2	6	80	0.0750000
NODE_296437_length_250_cov_35.662252	143	223	4	25	80	0.3125000
NODE_296456_length_250_cov_6.503311	186	250	0	64	64	1.0000000
NODE_296467_length_250_cov_5.867550	99	120	0	21	21	1.0000000
NODE_296520_length_250_cov_4.662252	143	187	0	44	44	1.0000000
NODE_296520_length_250_cov_4.662252	160	227	0	67	67	1.0000000
NODE_296598_length_250_cov_3.715232	37	90	2	53	53	1.0000000
NODE_296633_length_250_cov_3.417219	113	193	0	80	80	1.0000000
NODE_296633_length_250_cov_3.417219	166	246	0	80	80	1.0000000
NODE_296653_length_250_cov_3.364238	0	61	0	2	61	0.0327869
NODE_296653_length_250_cov_3.364238	0	61	6	59	61	0.9672131
NODE_296653_length_250_cov_3.364238	34	94	6	60	60	1.0000000
NODE_296680_length_250_cov_3.225166	157	209	0	52	52	1.0000000
NODE_296680_length_250_cov_3.225166	182	250	0	68	68	1.0000000
NODE_296699_length_250_cov_3.086093	33	67	2	34	34	1.0000000
NODE_296703_length_250_cov_3.052980	29	94	4	5	65	0.0769231
NODE_296703_length_250_cov_3.052980	29	94	6	15	65	0.2307692
NODE_296703_length_250_cov_3.052980	29	94	8	7	65	0.1076923
NODE_296703_length_250_cov_3.052980	29	94	10	7	65	0.1076923
NODE_296703_length_250_cov_3.052980	29	94	14	31	65	0.4769231
NODE_296707_length_250_cov_3.039735	51	106	0	55	55	1.0000000
NODE_296737_length_250_cov_2.986755	124	185	8	14	61	0.2295082
NODE_296737_length_250_cov_2.986755	124	185	10	47	61	0.7704918
NODE_296737_length_250_cov_2.986755	172	243	0	13	71	0.1830986
NODE_296737_length_250_cov_2.986755	172	243	2	6	71	0.0845070
NODE_296737_length_250_cov_2.986755	172	243	4	12	71	0.1690141
NODE_296737_length_250_cov_2.986755	172	243	6	10	71	0.1408451
NODE_296737_length_250_cov_2.986755	172	243	8	25	71	0.3521127
NODE_296737_length_250_cov_2.986755	172	243	10	5	71	0.0704225
NODE_296885_length_250_cov_2.516556	0	49	4	49	49	1.0000000
NODE_296893_length_250_cov_2.476821	94	174	0	80	80	1.0000000
NODE_296893_length_250_cov_2.476821	147	227	0	80	80	1.0000000
NODE_296897_length_250_cov_2.470199	166	212	0	46	46	1.0000000
NODE_297070_length_250_cov_2.059603	150	207	0	57	57	1.0000000
NODE_297211_length_250_cov_2.019868	74	141	4	6	67	0.0895522
NODE_297211_length_250_cov_2.019868	74	141	6	49	67	0.7313433
NODE_297211_length_250_cov_2.019868	74	141	8	12	67	0.1791045
NODE_297211_length_250_cov_2.019868	158	204	0	14	46	0.3043478
NODE_297211_length_250_cov_2.019868	158	204	2	7	46	0.1521739
NODE_297211_length_250_cov_2.019868	158	204	4	3	46	0.0652174
NODE_297211_length_250_cov_2.019868	158	204	6	13	46	0.2826087
NODE_297211_length_250_cov_2.019868	158	204	8	9	46	0.1956522
NODE_297550_length_250_cov_1.688742	6	42	0	36	36	1.0000000
NODE_297624_length_250_cov_1.635762	150	191	2	41	41	1.0000000
NODE_297679_length_250_cov_1.529801	59	108	2	49	49	1.0000000
NODE_297679_length_250_cov_1.529801	81	161	2	40	80	0.5000000
NODE_297679_length_250_cov_1.529801	81	161	4	40	80	0.5000000
NODE_297693_length_250_cov_1.516556	124	184	0	60	60	1.0000000
NODE_297693_length_250_cov_1.516556	166	237	0	71	71	1.0000000
NODE_297762_length_250_cov_1.377483	0	80	0	80	80	1.0000000
NODE_297963_length_250_cov_1.350993	40	98	0	58	58	1.0000000
NODE_298213_length_250_cov_1.291391	116	196	11	1	80	0.0125000
NODE_298213_length_250_cov_1.291391	116	196	12	12	80	0.1500000
NODE_298213_length_250_cov_1.291391	116	196	13	8	80	0.1000000
NODE_298213_length_250_cov_1.291391	116	196	14	59	80	0.7375000
NODE_298719_length_250_cov_1.013245	126	163	0	37	37	1.0000000
NODE_298794_length_250_cov_1.006623	129	148	0	19	19	1.0000000
NODE_298900_length_250_cov_0.920530	126	178	8	8	52	0.1538462
NODE_298900_length_250_cov_0.920530	126	178	10	24	52	0.4615385
NODE_298900_length_250_cov_0.920530	126	178	12	5	52	0.0961538
NODE_298900_length_250_cov_0.920530	126	178	14	15	52	0.2884615
NODE_299979_length_249_cov_55.413333	97	172	0	75	75	1.0000000
NODE_299979_length_249_cov_55.413333	150	225	0	75	75	1.0000000
NODE_300012_length_247_cov_51.243243	172	247	0	75	75	1.0000000
NODE_300014_length_247_cov_37.614865	156	239	9	8	83	0.0963855
NODE_300014_length_247_cov_37.614865	156	239	13	21	83	0.2530121
NODE_300014_length_247_cov_37.614865	156	239	14	54	83	0.6506024
NODE_300056_length_245_cov_40.876712	138	202	44	3	64	0.0468750
NODE_300056_length_245_cov_40.876712	138	202	45	1	64	0.0156250
NODE_300056_length_245_cov_40.876712	138	202	57	1	64	0.0156250
NODE_300056_length_245_cov_40.876712	138	202	59	1	64	0.0156250
NODE_300056_length_245_cov_40.876712	138	202	62	3	64	0.0468750
NODE_300056_length_245_cov_40.876712	138	202	66	1	64	0.0156250
NODE_300056_length_245_cov_40.876712	138	202	70	2	64	0.0312500
NODE_300056_length_245_cov_40.876712	138	202	74	4	64	0.0625000
NODE_300056_length_245_cov_40.876712	138	202	79	2	64	0.0312500
NODE_300056_length_245_cov_40.876712	138	202	80	1	64	0.0156250
NODE_300056_length_245_cov_40.876712	138	202	82	1	64	0.0156250
NODE_300056_length_245_cov_40.876712	138	202	84	1	64	0.0156250
NODE_300056_length_245_cov_40.876712	138	202	86	1	64	0.0156250
NODE_300056_length_245_cov_40.876712	138	202	90	2	64	0.0312500
NODE_300056_length_245_cov_40.876712	138	202	94	3	64	0.0468750
NODE_300056_length_245_cov_40.876712	138	202	99	1	64	0.0156250
NODE_300056_length_245_cov_40.876712	138	202	100	1	64	0.0156250
NODE_300056_length_245_cov_40.876712	138	202	101	1	64	0.0156250
NODE_300056_length_245_cov_40.876712	138	202	102	12	64	0.1875000
NODE_300056_length_245_cov_40.876712	138	202	103	9	64	0.1406250
NODE_300056_length_245_cov_40.876712	138	202	104	3	64	0.0468750
NODE_300056_length_245_cov_40.876712	138	202	105	1	64	0.0156250
NODE_300056_length_245_cov_40.876712	138	202	107	7	64	0.1093750
NODE_300056_length_245_cov_40.876712	138	202	109	1	64	0.0156250
NODE_300056_length_245_cov_40.876712	138	202	111	1	64	0.0156250
NODE_300056_length_245_cov_40.876712	138	202	44	3	64	0.0468750
NODE_300056_length_245_cov_40.876712	138	202	45	1	64	0.0156250
NODE_300056_length_245_cov_40.876712	138	202	57	1	64	0.0156250
NODE_300056_length_245_cov_40.876712	138	202	59	1	64	0.0156250
NODE_300056_length_245_cov_40.876712	138	202	62	3	64	0.0468750
NODE_300056_length_245_cov_40.876712	138	202	66	1	64	0.0156250
NODE_300056_length_245_cov_40.876712	138	202	70	2	64	0.0312500
NODE_300056_length_245_cov_40.876712	138	202	74	4	64	0.0625000
NODE_300056_length_245_cov_40.876712	138	202	79	2	64	0.0312500
NODE_300056_length_245_cov_40.876712	138	202	80	1	64	0.0156250
NODE_300056_length_245_cov_40.876712	138	202	82	1	64	0.0156250
NODE_300056_length_245_cov_40.876712	138	202	84	1	64	0.0156250
NODE_300056_length_245_cov_40.876712	138	202	86	1	64	0.0156250
NODE_300056_length_245_cov_40.876712	138	202	90	2	64	0.0312500
NODE_300056_length_245_cov_40.876712	138	202	94	3	64	0.0468750
NODE_300056_length_245_cov_40.876712	138	202	99	1	64	0.0156250
NODE_300056_length_245_cov_40.876712	138	202	100	1	64	0.0156250
NODE_300056_length_245_cov_40.876712	138	202	101	1	64	0.0156250
NODE_300056_length_245_cov_40.876712	138	202	102	12	64	0.1875000
NODE_300056_length_245_cov_40.876712	138	202	103	9	64	0.1406250
NODE_300056_length_245_cov_40.876712	138	202	104	3	64	0.0468750
NODE_300056_length_245_cov_40.876712	138	202	105	1	64	0.0156250
NODE_300056_length_245_cov_40.876712	138	202	107	7	64	0.1093750
NODE_300056_length_245_cov_40.876712	138	202	109	1	64	0.0156250
NODE_300056_length_245_cov_40.876712	138	202	111	1	64	0.0156250
NODE_300056_length_245_cov_40.876712	138	202	44	3	64	0.0468750
NODE_300056_length_245_cov_40.876712	138	202	45	1	64	0.0156250
NODE_300056_length_245_cov_40.876712	138	202	57	1	64	0.0156250
NODE_300056_length_245_cov_40.876712	138	202	59	1	64	0.0156250
NODE_300056_length_245_cov_40.876712	138	202	62	3	64	0.0468750
NODE_300056_length_245_cov_40.876712	138	202	66	1	64	0.0156250
NODE_300056_length_245_cov_40.876712	138	202	70	2	64	0.0312500
NODE_300056_length_245_cov_40.876712	138	202	74	4	64	0.0625000
NODE_300056_length_245_cov_40.876712	138	202	79	2	64	0.0312500
NODE_300056_length_245_cov_40.876712	138	202	80	1	64	0.0156250
NODE_300056_length_245_cov_40.876712	138	202	82	1	64	0.0156250
NODE_300056_length_245_cov_40.876712	138	202	84	1	64	0.0156250
NODE_300056_length_245_cov_40.876712	138	202	86	1	64	0.0156250
NODE_300056_length_245_cov_40.876712	138	202	90	2	64	0.0312500
NODE_300056_length_245_cov_40.876712	138	202	94	3	64	0.0468750
NODE_300056_length_245_cov_40.876712	138	202	99	1	64	0.0156250
NODE_300056_length_245_cov_40.876712	138	202	100	1	64	0.0156250
NODE_300056_length_245_cov_40.876712	138	202	101	1	64	0.0156250
NODE_300056_length_245_cov_40.876712	138	202	102	12	64	0.1875000
NODE_300056_length_245_cov_40.876712	138	202	103	9	64	0.1406250
NODE_300056_length_245_cov_40.876712	138	202	104	3	64	0.0468750
NODE_300056_length_245_cov_40.876712	138	202	105	1	64	0.0156250
NODE_300056_length_245_cov_40.876712	138	202	107	7	64	0.1093750
NODE_300056_length_245_cov_40.876712	138	202	109	1	64	0.0156250
NODE_300056_length_245_cov_40.876712	138	202	111	1	64	0.0156250
NODE_300056_length_245_cov_40.876712	175	241	12	3	66	0.0454545
NODE_300056_length_245_cov_40.876712	175	241	14	2	66	0.0303030
NODE_300056_length_245_cov_40.876712	175	241	16	4	66	0.0606061
NODE_300056_length_245_cov_40.876712	175	241	18	3	66	0.0454545
NODE_300056_length_245_cov_40.876712	175	241	19	1	66	0.0151515
NODE_300056_length_245_cov_40.876712	175	241	21	2	66	0.0303030
NODE_300056_length_245_cov_40.876712	175	241	23	3	66	0.0454545
NODE_300056_length_245_cov_40.876712	175	241	24	3	66	0.0454545
NODE_300056_length_245_cov_40.876712	175	241	25	2	66	0.0303030
NODE_300056_length_245_cov_40.876712	175	241	26	2	66	0.0303030
NODE_300056_length_245_cov_40.876712	175	241	27	2	66	0.0303030
NODE_300056_length_245_cov_40.876712	175	241	28	1	66	0.0151515
NODE_300056_length_245_cov_40.876712	175	241	30	2	66	0.0303030
NODE_300056_length_245_cov_40.876712	175	241	35	1	66	0.0151515
NODE_300056_length_245_cov_40.876712	175	241	36	2	66	0.0303030
NODE_300056_length_245_cov_40.876712	175	241	37	4	66	0.0606061
NODE_300056_length_245_cov_40.876712	175	241	38	1	66	0.0151515
NODE_300056_length_245_cov_40.876712	175	241	41	1	66	0.0151515
NODE_300056_length_245_cov_40.876712	175	241	44	3	66	0.0454545
NODE_300056_length_245_cov_40.876712	175	241	45	1	66	0.0151515
NODE_300056_length_245_cov_40.876712	175	241	57	1	66	0.0151515
NODE_300056_length_245_cov_40.876712	175	241	59	1	66	0.0151515
NODE_300056_length_245_cov_40.876712	175	241	62	3	66	0.0454545
NODE_300056_length_245_cov_40.876712	175	241	66	1	66	0.0151515
NODE_300056_length_245_cov_40.876712	175	241	70	2	66	0.0303030
NODE_300056_length_245_cov_40.876712	175	241	74	4	66	0.0606061
NODE_300056_length_245_cov_40.876712	175	241	79	2	66	0.0303030
NODE_300056_length_245_cov_40.876712	175	241	80	1	66	0.0151515
NODE_300056_length_245_cov_40.876712	175	241	82	1	66	0.0151515
NODE_300056_length_245_cov_40.876712	175	241	84	1	66	0.0151515
NODE_300056_length_245_cov_40.876712	175	241	86	1	66	0.0151515
NODE_300056_length_245_cov_40.876712	175	241	90	2	66	0.0303030
NODE_300056_length_245_cov_40.876712	175	241	94	3	66	0.0454545
NODE_300147_length_240_cov_80.744681	167	238	2	29	71	0.4084507
NODE_300147_length_240_cov_80.744681	167	238	8	21	71	0.2957746
NODE_300147_length_240_cov_80.744681	167	238	10	3	71	0.0422535
NODE_300147_length_240_cov_80.744681	167	238	14	3	71	0.0422535
NODE_300147_length_240_cov_80.744681	167	238	15	2	71	0.0281690
NODE_300147_length_240_cov_80.744681	167	238	18	5	71	0.0704225
NODE_300147_length_240_cov_80.744681	167	238	22	8	71	0.1126761
NODE_300148_length_240_cov_38.035461	31	82	18	8	51	0.1568628
NODE_300148_length_240_cov_38.035461	31	82	20	5	51	0.0980392
NODE_300148_length_240_cov_38.035461	31	82	24	4	51	0.0784314
NODE_300148_length_240_cov_38.035461	31	82	26	1	51	0.0196078
NODE_300148_length_240_cov_38.035461	31	82	27	1	51	0.0196078
NODE_300148_length_240_cov_38.035461	31	82	28	13	51	0.2549020
NODE_300148_length_240_cov_38.035461	31	82	32	9	51	0.1764706
NODE_300148_length_240_cov_38.035461	31	82	34	10	51	0.1960784
NODE_300165_length_239_cov_72.878571	0	48	0	21	48	0.4375000
NODE_300165_length_239_cov_72.878571	0	48	4	27	48	0.5625000
NODE_300165_length_239_cov_72.878571	21	101	4	57	80	0.7125000
NODE_300165_length_239_cov_72.878571	21	101	6	23	80	0.2875000
NODE_300165_length_239_cov_72.878571	150	230	0	18	80	0.2250000
NODE_300165_length_239_cov_72.878571	150	230	2	62	80	0.7750000
NODE_300165_length_239_cov_72.878571	150	230	0	18	80	0.2250000
NODE_300165_length_239_cov_72.878571	150	230	2	62	80	0.7750000
NODE_300165_length_239_cov_72.878571	150	212	2	62	62	1.0000000
NODE_300165_length_239_cov_72.878571	150	221	0	9	71	0.1267606
NODE_300165_length_239_cov_72.878571	150	221	2	62	71	0.8732395
NODE_300208_length_238_cov_385.683453	35	104	200	2	69	0.0289855
NODE_300208_length_238_cov_385.683453	35	104	204	1	69	0.0144928
NODE_300208_length_238_cov_385.683453	35	104	207	1	69	0.0144928
NODE_300208_length_238_cov_385.683453	35	104	210	2	69	0.0289855
NODE_300208_length_238_cov_385.683453	35	104	216	1	69	0.0144928
NODE_300208_length_238_cov_385.683453	35	104	218	2	69	0.0289855
NODE_300208_length_238_cov_385.683453	35	104	224	3	69	0.0434783
NODE_300208_length_238_cov_385.683453	35	104	227	1	69	0.0144928
NODE_300208_length_238_cov_385.683453	35	104	229	1	69	0.0144928
NODE_300208_length_238_cov_385.683453	35	104	235	2	69	0.0289855
NODE_300208_length_238_cov_385.683453	35	104	241	2	69	0.0289855
NODE_300208_length_238_cov_385.683453	35	104	248	1	69	0.0144928
NODE_300208_length_238_cov_385.683453	35	104	257	1	69	0.0144928
NODE_300208_length_238_cov_385.683453	35	104	258	2	69	0.0289855
NODE_300208_length_238_cov_385.683453	35	104	260	2	69	0.0289855
NODE_300208_length_238_cov_385.683453	35	104	261	1	69	0.0144928
NODE_300208_length_238_cov_385.683453	35	104	267	1	69	0.0144928
NODE_300208_length_238_cov_385.683453	35	104	273	1	69	0.0144928
NODE_300208_length_238_cov_385.683453	35	104	277	2	69	0.0289855
NODE_300208_length_238_cov_385.683453	35	104	279	2	69	0.0289855
NODE_300208_length_238_cov_385.683453	35	104	286	1	69	0.0144928
NODE_300208_length_238_cov_385.683453	35	104	288	1	69	0.0144928
NODE_300208_length_238_cov_385.683453	35	104	290	1	69	0.0144928
NODE_300208_length_238_cov_385.683453	35	104	294	2	69	0.0289855
NODE_300208_length_238_cov_385.683453	35	104	300	2	69	0.0289855
NODE_300208_length_238_cov_385.683453	35	104	306	2	69	0.0289855
NODE_300208_length_238_cov_385.683453	35	104	310	10	69	0.1449275
NODE_300208_length_238_cov_385.683453	35	104	312	1	69	0.0144928
NODE_300208_length_238_cov_385.683453	35	104	315	1	69	0.0144928
NODE_300208_length_238_cov_385.683453	35	104	319	1	69	0.0144928
NODE_300208_length_238_cov_385.683453	35	104	326	1	69	0.0144928
NODE_300208_length_238_cov_385.683453	35	104	328	2	69	0.0289855
NODE_300208_length_238_cov_385.683453	35	104	330	3	69	0.0434783
NODE_300208_length_238_cov_385.683453	35	104	332	7	69	0.1014493
NODE_300208_length_238_cov_385.683453	35	104	334	3	69	0.0434783
NODE_300225_length_237_cov_101.543478	83	163	0	45	80	0.5625000
NODE_300225_length_237_cov_101.543478	83	163	4	35	80	0.4375000
NODE_300225_length_237_cov_101.543478	83	163	0	45	80	0.5625000
NODE_300225_length_237_cov_101.543478	83	163	4	35	80	0.4375000
NODE_300225_length_237_cov_101.543478	83	163	0	45	80	0.5625000
NODE_300225_length_237_cov_101.543478	83	163	4	35	80	0.4375000
NODE_300225_length_237_cov_101.543478	83	163	0	45	80	0.5625000
NODE_300225_length_237_cov_101.543478	83	163	4	35	80	0.4375000
NODE_300225_length_237_cov_101.543478	136	216	0	8	80	0.1000000
NODE_300225_length_237_cov_101.543478	136	216	3	1	80	0.0125000
NODE_300225_length_237_cov_101.543478	136	216	4	71	80	0.8875000
NODE_300225_length_237_cov_101.543478	136	216	0	8	80	0.1000000
NODE_300225_length_237_cov_101.543478	136	216	3	1	80	0.0125000
NODE_300225_length_237_cov_101.543478	136	216	4	71	80	0.8875000
NODE_300225_length_237_cov_101.543478	136	216	0	8	80	0.1000000
NODE_300225_length_237_cov_101.543478	136	216	3	1	80	0.0125000
NODE_300225_length_237_cov_101.543478	136	216	4	71	80	0.8875000
NODE_300225_length_237_cov_101.543478	138	216	0	8	78	0.1025641
NODE_300225_length_237_cov_101.543478	138	216	3	1	78	0.0128205
NODE_300225_length_237_cov_101.543478	138	216	4	69	78	0.8846154
NODE_300225_length_237_cov_101.543478	138	216	0	8	78	0.1025641
NODE_300225_length_237_cov_101.543478	138	216	3	1	78	0.0128205
NODE_300225_length_237_cov_101.543478	138	216	4	69	78	0.8846154
NODE_300227_length_237_cov_49.623188	13	88	0	75	75	1.0000000
NODE_300227_length_237_cov_49.623188	73	153	0	80	80	1.0000000
NODE_300227_length_237_cov_49.623188	126	206	0	80	80	1.0000000
NODE_300289_length_235_cov_67.904412	0	62	0	25	62	0.4032258
NODE_300289_length_235_cov_67.904412	0	62	3	22	62	0.3548387
NODE_300289_length_235_cov_67.904412	0	62	6	15	62	0.2419355
NODE_300289_length_235_cov_67.904412	25	111	3	22	86	0.2558140
NODE_300289_length_235_cov_67.904412	25	111	6	64	86	0.7441860
NODE_300289_length_235_cov_67.904412	69	150	6	81	81	1.0000000
NODE_300289_length_235_cov_67.904412	113	194	3	19	81	0.2345679
NODE_300289_length_235_cov_67.904412	113	194	6	62	81	0.7654321
NODE_300289_length_235_cov_67.904412	157	235	0	40	78	0.5128205
NODE_300289_length_235_cov_67.904412	157	235	3	20	78	0.2564103
NODE_300289_length_235_cov_67.904412	157	235	6	18	78	0.2307692
NODE_300322_length_234_cov_76.496296	0	76	0	76	76	1.0000000
NODE_300322_length_234_cov_76.496296	0	76	0	76	76	1.0000000
NODE_300322_length_234_cov_76.496296	0	76	0	76	76	1.0000000
NODE_300322_length_234_cov_76.496296	0	76	0	76	76	1.0000000
NODE_300322_length_234_cov_76.496296	49	128	0	65	79	0.8227848
NODE_300322_length_234_cov_76.496296	49	128	4	14	79	0.1772152
NODE_300322_length_234_cov_76.496296	49	128	0	65	79	0.8227848
NODE_300322_length_234_cov_76.496296	49	128	4	14	79	0.1772152
NODE_300322_length_234_cov_76.496296	124	204	4	80	80	1.0000000
NODE_300322_length_234_cov_76.496296	124	204	4	80	80	1.0000000
NODE_300322_length_234_cov_76.496296	124	204	4	80	80	1.0000000
NODE_300322_length_234_cov_76.496296	177	226	0	7	49	0.1428571
NODE_300322_length_234_cov_76.496296	177	226	4	42	49	0.8571429
NODE_300322_length_234_cov_76.496296	177	234	0	15	57	0.2631579
NODE_300322_length_234_cov_76.496296	177	234	4	42	57	0.7368421
NODE_300322_length_234_cov_76.496296	182	234	0	15	52	0.2884615
NODE_300322_length_234_cov_76.496296	182	234	4	37	52	0.7115384
NODE_300323_length_234_cov_71.548148	90	162	1	9	72	0.1250000
NODE_300323_length_234_cov_71.548148	90	162	8	1	72	0.0138889
NODE_300323_length_234_cov_71.548148	90	162	9	24	72	0.3333333
NODE_300323_length_234_cov_71.548148	90	162	11	15	72	0.2083333
NODE_300323_length_234_cov_71.548148	90	162	12	23	72	0.3194444
NODE_300323_length_234_cov_71.548148	90	162	1	9	72	0.1250000
NODE_300323_length_234_cov_71.548148	90	162	8	1	72	0.0138889
NODE_300323_length_234_cov_71.548148	90	162	9	24	72	0.3333333
NODE_300323_length_234_cov_71.548148	90	162	11	15	72	0.2083333
NODE_300323_length_234_cov_71.548148	90	162	12	23	72	0.3194444
NODE_300323_length_234_cov_71.548148	135	215	8	14	80	0.1750000
NODE_300323_length_234_cov_71.548148	135	215	10	13	80	0.1625000
NODE_300323_length_234_cov_71.548148	135	215	11	4	80	0.0500000
NODE_300323_length_234_cov_71.548148	135	215	12	49	80	0.6125000
NODE_300323_length_234_cov_71.548148	135	215	8	14	80	0.1750000
NODE_300323_length_234_cov_71.548148	135	215	10	13	80	0.1625000
NODE_300323_length_234_cov_71.548148	135	215	11	4	80	0.0500000
NODE_300323_length_234_cov_71.548148	135	215	12	49	80	0.6125000
NODE_300357_length_233_cov_180.701493	0	65	4	2	65	0.0307692
NODE_300357_length_233_cov_180.701493	0	65	8	14	65	0.2153846
NODE_300357_length_233_cov_180.701493	0	65	12	17	65	0.2615385
NODE_300357_length_233_cov_180.701493	0	65	16	32	65	0.4923077
NODE_300357_length_233_cov_180.701493	38	118	16	32	80	0.4000000
NODE_300357_length_233_cov_180.701493	38	118	18	3	80	0.0375000
NODE_300357_length_233_cov_180.701493	38	118	20	10	80	0.1250000
NODE_300357_length_233_cov_180.701493	38	118	22	7	80	0.0875000
NODE_300357_length_233_cov_180.701493	38	118	24	28	80	0.3500000
NODE_300392_length_232_cov_132.045113	53	133	11	12	80	0.1500000
NODE_300392_length_232_cov_132.045113	53	133	12	27	80	0.3375000
NODE_300392_length_232_cov_132.045113	53	133	16	41	80	0.5125000
NODE_300392_length_232_cov_132.045113	106	186	10	3	80	0.0375000
NODE_300392_length_232_cov_132.045113	106	186	14	1	80	0.0125000
NODE_300392_length_232_cov_132.045113	106	186	15	17	80	0.2125000
NODE_300392_length_232_cov_132.045113	106	186	16	59	80	0.7375000
NODE_300471_length_230_cov_34.427481	0	59	0	59	59	1.0000000
NODE_300471_length_230_cov_34.427481	0	59	0	59	59	1.0000000
NODE_300471_length_230_cov_34.427481	10	59	0	49	49	1.0000000
NODE_300487_length_229_cov_76.907692	94	176	18	7	82	0.0853659
NODE_300487_length_229_cov_76.907692	94	176	20	7	82	0.0853659
NODE_300487_length_229_cov_76.907692	94	176	22	6	82	0.0731707
NODE_300487_length_229_cov_76.907692	94	176	24	10	82	0.1219512
NODE_300487_length_229_cov_76.907692	94	176	26	12	82	0.1463415
NODE_300487_length_229_cov_76.907692	94	176	28	4	82	0.0487805
NODE_300487_length_229_cov_76.907692	94	176	30	2	82	0.0243902
NODE_300487_length_229_cov_76.907692	94	176	32	26	82	0.3170732
NODE_300487_length_229_cov_76.907692	94	176	34	8	82	0.0975610
NODE_300523_length_228_cov_127.131783	0	76	0	5	76	0.0657895
NODE_300523_length_228_cov_127.131783	0	76	4	8	76	0.1052632
NODE_300523_length_228_cov_127.131783	0	76	6	5	76	0.0657895
NODE_300523_length_228_cov_127.131783	0	76	8	20	76	0.2631579
NODE_300523_length_228_cov_127.131783	0	76	13	1	76	0.0131579
NODE_300523_length_228_cov_127.131783	0	76	14	4	76	0.0526316
NODE_300523_length_228_cov_127.131783	0	76	18	3	76	0.0394737
NODE_300523_length_228_cov_127.131783	0	76	20	1	76	0.0131579
NODE_300523_length_228_cov_127.131783	0	76	22	11	76	0.1447368
NODE_300523_length_228_cov_127.131783	0	76	24	5	76	0.0657895
NODE_300523_length_228_cov_127.131783	0	76	26	1	76	0.0131579
NODE_300523_length_228_cov_127.131783	0	76	32	4	76	0.0526316
NODE_300523_length_228_cov_127.131783	0	76	33	8	76	0.1052632
NODE_300523_length_228_cov_127.131783	5	76	4	8	71	0.1126761
NODE_300523_length_228_cov_127.131783	5	76	6	5	71	0.0704225
NODE_300523_length_228_cov_127.131783	5	76	8	20	71	0.2816902
NODE_300523_length_228_cov_127.131783	5	76	13	1	71	0.0140845
NODE_300523_length_228_cov_127.131783	5	76	14	4	71	0.0563380
NODE_300523_length_228_cov_127.131783	5	76	18	3	71	0.0422535
NODE_300523_length_228_cov_127.131783	5	76	20	1	71	0.0140845
NODE_300523_length_228_cov_127.131783	5	76	22	11	71	0.1549296
NODE_300523_length_228_cov_127.131783	5	76	24	5	71	0.0704225
NODE_300523_length_228_cov_127.131783	5	76	26	1	71	0.0140845
NODE_300523_length_228_cov_127.131783	5	76	32	4	71	0.0563380
NODE_300523_length_228_cov_127.131783	5	76	33	8	71	0.1126761
NODE_300523_length_228_cov_127.131783	10	76	4	3	66	0.0454545
NODE_300523_length_228_cov_127.131783	10	76	6	5	66	0.0757576
NODE_300523_length_228_cov_127.131783	10	76	8	20	66	0.3030303
NODE_300523_length_228_cov_127.131783	10	76	13	1	66	0.0151515
NODE_300523_length_228_cov_127.131783	10	76	14	4	66	0.0606061
NODE_300523_length_228_cov_127.131783	10	76	18	3	66	0.0454545
NODE_300523_length_228_cov_127.131783	10	76	20	1	66	0.0151515
NODE_300523_length_228_cov_127.131783	10	76	22	11	66	0.1666667
NODE_300523_length_228_cov_127.131783	10	76	24	5	66	0.0757576
NODE_300523_length_228_cov_127.131783	10	76	26	1	66	0.0151515
NODE_300523_length_228_cov_127.131783	10	76	32	4	66	0.0606061
NODE_300523_length_228_cov_127.131783	10	76	33	8	66	0.1212121
NODE_300523_length_228_cov_127.131783	49	129	22	9	80	0.1125000
NODE_300523_length_228_cov_127.131783	49	129	24	5	80	0.0625000
NODE_300523_length_228_cov_127.131783	49	129	26	1	80	0.0125000
NODE_300523_length_228_cov_127.131783	49	129	28	16	80	0.2000000
NODE_300523_length_228_cov_127.131783	49	129	32	6	80	0.0750000
NODE_300523_length_228_cov_127.131783	49	129	33	16	80	0.2000000
NODE_300523_length_228_cov_127.131783	49	129	34	27	80	0.3375000
NODE_300523_length_228_cov_127.131783	49	129	22	9	80	0.1125000
NODE_300523_length_228_cov_127.131783	49	129	24	5	80	0.0625000
NODE_300523_length_228_cov_127.131783	49	129	26	1	80	0.0125000
NODE_300523_length_228_cov_127.131783	49	129	28	16	80	0.2000000
NODE_300523_length_228_cov_127.131783	49	129	32	6	80	0.0750000
NODE_300523_length_228_cov_127.131783	49	129	33	16	80	0.2000000
NODE_300523_length_228_cov_127.131783	49	129	34	27	80	0.3375000
NODE_300523_length_228_cov_127.131783	49	129	22	9	80	0.1125000
NODE_300523_length_228_cov_127.131783	49	129	24	5	80	0.0625000
NODE_300523_length_228_cov_127.131783	49	129	26	1	80	0.0125000
NODE_300523_length_228_cov_127.131783	49	129	28	16	80	0.2000000
NODE_300523_length_228_cov_127.131783	49	129	32	6	80	0.0750000
NODE_300523_length_228_cov_127.131783	49	129	33	16	80	0.2000000
NODE_300523_length_228_cov_127.131783	49	129	34	27	80	0.3375000
NODE_300523_length_228_cov_127.131783	125	205	2	3	80	0.0375000
NODE_300523_length_228_cov_127.131783	125	205	4	15	80	0.1875000
NODE_300523_length_228_cov_127.131783	125	205	6	9	80	0.1125000
NODE_300523_length_228_cov_127.131783	125	205	12	7	80	0.0875000
NODE_300523_length_228_cov_127.131783	125	205	16	9	80	0.1125000
NODE_300523_length_228_cov_127.131783	125	205	18	17	80	0.2125000
NODE_300523_length_228_cov_127.131783	125	205	20	11	80	0.1375000
NODE_300523_length_228_cov_127.131783	125	205	26	5	80	0.0625000
NODE_300523_length_228_cov_127.131783	125	205	28	4	80	0.0500000
NODE_300523_length_228_cov_127.131783	125	205	2	3	80	0.0375000
NODE_300523_length_228_cov_127.131783	125	205	4	15	80	0.1875000
NODE_300523_length_228_cov_127.131783	125	205	6	9	80	0.1125000
NODE_300523_length_228_cov_127.131783	125	205	12	7	80	0.0875000
NODE_300523_length_228_cov_127.131783	125	205	16	9	80	0.1125000
NODE_300523_length_228_cov_127.131783	125	205	18	17	80	0.2125000
NODE_300523_length_228_cov_127.131783	125	205	20	11	80	0.1375000
NODE_300523_length_228_cov_127.131783	125	205	26	5	80	0.0625000
NODE_300523_length_228_cov_127.131783	125	205	28	4	80	0.0500000
NODE_300523_length_228_cov_127.131783	125	205	2	3	80	0.0375000
NODE_300523_length_228_cov_127.131783	125	205	4	15	80	0.1875000
NODE_300523_length_228_cov_127.131783	125	205	6	9	80	0.1125000
NODE_300523_length_228_cov_127.131783	125	205	12	7	80	0.0875000
NODE_300523_length_228_cov_127.131783	125	205	16	9	80	0.1125000
NODE_300523_length_228_cov_127.131783	125	205	18	17	80	0.2125000
NODE_300523_length_228_cov_127.131783	125	205	20	11	80	0.1375000
NODE_300523_length_228_cov_127.131783	125	205	26	5	80	0.0625000
NODE_300523_length_228_cov_127.131783	125	205	28	4	80	0.0500000
NODE_300523_length_228_cov_127.131783	178	228	1	11	50	0.2200000
NODE_300523_length_228_cov_127.131783	178	228	2	15	50	0.3000000
NODE_300523_length_228_cov_127.131783	178	228	4	15	50	0.3000000
NODE_300523_length_228_cov_127.131783	178	228	6	9	50	0.1800000
NODE_300523_length_228_cov_127.131783	178	228	1	11	50	0.2200000
NODE_300523_length_228_cov_127.131783	178	228	2	15	50	0.3000000
NODE_300523_length_228_cov_127.131783	178	228	4	15	50	0.3000000
NODE_300523_length_228_cov_127.131783	178	228	6	9	50	0.1800000
NODE_300523_length_228_cov_127.131783	178	228	1	11	50	0.2200000
NODE_300523_length_228_cov_127.131783	178	228	2	15	50	0.3000000
NODE_300523_length_228_cov_127.131783	178	228	4	15	50	0.3000000
NODE_300523_length_228_cov_127.131783	178	228	6	9	50	0.1800000
NODE_300524_length_228_cov_94.255814	34	99	2	43	65	0.6615385
NODE_300524_length_228_cov_94.255814	34	99	4	4	65	0.0615385
NODE_300524_length_228_cov_94.255814	34	99	8	18	65	0.2769231
NODE_300524_length_228_cov_94.255814	34	114	2	43	80	0.5375000
NODE_300524_length_228_cov_94.255814	34	114	4	4	80	0.0500000
NODE_300524_length_228_cov_94.255814	34	114	8	33	80	0.4125000
NODE_300524_length_228_cov_94.255814	41	111	2	36	70	0.5142857
NODE_300524_length_228_cov_94.255814	41	111	4	4	70	0.0571429
NODE_300524_length_228_cov_94.255814	41	111	8	30	70	0.4285714
NODE_300524_length_228_cov_94.255814	43	114	2	34	71	0.4788733
NODE_300524_length_228_cov_94.255814	43	114	4	4	71	0.0563380
NODE_300524_length_228_cov_94.255814	43	114	8	33	71	0.4647887
NODE_300524_length_228_cov_94.255814	87	167	4	2	80	0.0250000
NODE_300524_length_228_cov_94.255814	87	167	5	1	80	0.0125000
NODE_300524_length_228_cov_94.255814	87	167	6	33	80	0.4125000
NODE_300524_length_228_cov_94.255814	87	167	7	2	80	0.0250000
NODE_300524_length_228_cov_94.255814	87	167	8	42	80	0.5250000
NODE_300524_length_228_cov_94.255814	87	167	4	2	80	0.0250000
NODE_300524_length_228_cov_94.255814	87	167	5	1	80	0.0125000
NODE_300524_length_228_cov_94.255814	87	167	6	33	80	0.4125000
NODE_300524_length_228_cov_94.255814	87	167	7	2	80	0.0250000
NODE_300524_length_228_cov_94.255814	87	167	8	42	80	0.5250000
NODE_300524_length_228_cov_94.255814	87	167	4	2	80	0.0250000
NODE_300524_length_228_cov_94.255814	87	167	5	1	80	0.0125000
NODE_300524_length_228_cov_94.255814	87	167	6	33	80	0.4125000
NODE_300524_length_228_cov_94.255814	87	167	7	2	80	0.0250000
NODE_300524_length_228_cov_94.255814	87	167	8	42	80	0.5250000
NODE_300524_length_228_cov_94.255814	87	167	4	2	80	0.0250000
NODE_300524_length_228_cov_94.255814	87	167	5	1	80	0.0125000
NODE_300524_length_228_cov_94.255814	87	167	6	33	80	0.4125000
NODE_300524_length_228_cov_94.255814	87	167	7	2	80	0.0250000
NODE_300524_length_228_cov_94.255814	87	167	8	42	80	0.5250000
NODE_300547_length_228_cov_0.395349	27	107	0	80	80	1.0000000
NODE_300547_length_228_cov_0.395349	70	150	0	80	80	1.0000000
NODE_300556_length_227_cov_37.429688	40	111	2	8	71	0.1126761
NODE_300556_length_227_cov_37.429688	40	111	4	1	71	0.0140845
NODE_300556_length_227_cov_37.429688	40	111	5	11	71	0.1549296
NODE_300556_length_227_cov_37.429688	40	111	7	18	71	0.2535211
NODE_300556_length_227_cov_37.429688	40	111	8	25	71	0.3521127
NODE_300556_length_227_cov_37.429688	40	111	10	5	71	0.0704225
NODE_300556_length_227_cov_37.429688	40	111	11	2	71	0.0281690
NODE_300556_length_227_cov_37.429688	40	111	12	1	71	0.0140845
NODE_300556_length_227_cov_37.429688	49	112	5	11	63	0.1746032
NODE_300556_length_227_cov_37.429688	49	112	7	18	63	0.2857143
NODE_300556_length_227_cov_37.429688	49	112	8	25	63	0.3968254
NODE_300556_length_227_cov_37.429688	49	112	10	5	63	0.0793651
NODE_300556_length_227_cov_37.429688	49	112	11	2	63	0.0317460
NODE_300556_length_227_cov_37.429688	49	112	12	2	63	0.0317460
NODE_300556_length_227_cov_37.429688	93	172	8	13	79	0.1645570
NODE_300556_length_227_cov_37.429688	93	172	10	15	79	0.1898734
NODE_300556_length_227_cov_37.429688	93	172	11	2	79	0.0253165
NODE_300556_length_227_cov_37.429688	93	172	12	49	79	0.6202531
NODE_300556_length_227_cov_37.429688	168	227	3	23	59	0.3898305
NODE_300556_length_227_cov_37.429688	168	227	5	5	59	0.0847458
NODE_300556_length_227_cov_37.429688	168	227	6	24	59	0.4067796
NODE_300556_length_227_cov_37.429688	168	227	8	6	59	0.1016949
NODE_300556_length_227_cov_37.429688	168	227	10	1	59	0.0169492
NODE_300556_length_227_cov_37.429688	168	227	3	23	59	0.3898305
NODE_300556_length_227_cov_37.429688	168	227	5	5	59	0.0847458
NODE_300556_length_227_cov_37.429688	168	227	6	24	59	0.4067796
NODE_300556_length_227_cov_37.429688	168	227	8	6	59	0.1016949
NODE_300556_length_227_cov_37.429688	168	227	10	1	59	0.0169492
NODE_300595_length_226_cov_547.629921	82	162	641	1	80	0.0125000
NODE_300595_length_226_cov_547.629921	82	162	669	1	80	0.0125000
NODE_300595_length_226_cov_547.629921	82	162	688	2	80	0.0250000
NODE_300595_length_226_cov_547.629921	82	162	710	1	80	0.0125000
NODE_300595_length_226_cov_547.629921	82	162	716	1	80	0.0125000
NODE_300595_length_226_cov_547.629921	82	162	752	1	80	0.0125000
NODE_300595_length_226_cov_547.629921	82	162	761	2	80	0.0250000
NODE_300595_length_226_cov_547.629921	82	162	771	1	80	0.0125000
NODE_300595_length_226_cov_547.629921	82	162	775	1	80	0.0125000
NODE_300595_length_226_cov_547.629921	82	162	783	1	80	0.0125000
NODE_300595_length_226_cov_547.629921	82	162	793	1	80	0.0125000
NODE_300595_length_226_cov_547.629921	82	162	799	1	80	0.0125000
NODE_300595_length_226_cov_547.629921	82	162	809	1	80	0.0125000
NODE_300595_length_226_cov_547.629921	82	162	811	1	80	0.0125000
NODE_300595_length_226_cov_547.629921	82	162	819	1	80	0.0125000
NODE_300595_length_226_cov_547.629921	82	162	829	1	80	0.0125000
NODE_300595_length_226_cov_547.629921	82	162	831	1	80	0.0125000
NODE_300595_length_226_cov_547.629921	82	162	833	1	80	0.0125000
NODE_300595_length_226_cov_547.629921	82	162	838	2	80	0.0250000
NODE_300595_length_226_cov_547.629921	82	162	845	1	80	0.0125000
NODE_300595_length_226_cov_547.629921	82	162	847	1	80	0.0125000
NODE_300595_length_226_cov_547.629921	82	162	849	1	80	0.0125000
NODE_300595_length_226_cov_547.629921	82	162	850	1	80	0.0125000
NODE_300595_length_226_cov_547.629921	82	162	853	2	80	0.0250000
NODE_300595_length_226_cov_547.629921	82	162	854	1	80	0.0125000
NODE_300595_length_226_cov_547.629921	82	162	858	1	80	0.0125000
NODE_300595_length_226_cov_547.629921	82	162	862	1	80	0.0125000
NODE_300595_length_226_cov_547.629921	82	162	864	1	80	0.0125000
NODE_300595_length_226_cov_547.629921	82	162	871	1	80	0.0125000
NODE_300595_length_226_cov_547.629921	82	162	873	1	80	0.0125000
NODE_300595_length_226_cov_547.629921	82	162	874	1	80	0.0125000
NODE_300595_length_226_cov_547.629921	82	162	876	1	80	0.0125000
NODE_300595_length_226_cov_547.629921	82	162	884	1	80	0.0125000
NODE_300595_length_226_cov_547.629921	82	162	895	4	80	0.0500000
NODE_300595_length_226_cov_547.629921	82	162	897	1	80	0.0125000
NODE_300595_length_226_cov_547.629921	82	162	898	2	80	0.0250000
NODE_300595_length_226_cov_547.629921	82	162	901	1	80	0.0125000
NODE_300595_length_226_cov_547.629921	82	162	904	1	80	0.0125000
NODE_300595_length_226_cov_547.629921	82	162	908	1	80	0.0125000
NODE_300595_length_226_cov_547.629921	82	162	911	1	80	0.0125000
NODE_300595_length_226_cov_547.629921	82	162	913	1	80	0.0125000
NODE_300595_length_226_cov_547.629921	82	162	914	2	80	0.0250000
NODE_300595_length_226_cov_547.629921	82	162	924	1	80	0.0125000
NODE_300595_length_226_cov_547.629921	82	162	926	1	80	0.0125000
NODE_300595_length_226_cov_547.629921	82	162	928	2	80	0.0250000
NODE_300595_length_226_cov_547.629921	82	162	935	1	80	0.0125000
NODE_300595_length_226_cov_547.629921	82	162	936	2	80	0.0250000
NODE_300595_length_226_cov_547.629921	82	162	938	1	80	0.0125000
NODE_300595_length_226_cov_547.629921	82	162	943	1	80	0.0125000
NODE_300595_length_226_cov_547.629921	82	162	944	1	80	0.0125000
NODE_300595_length_226_cov_547.629921	82	162	945	1	80	0.0125000
NODE_300595_length_226_cov_547.629921	82	162	948	2	80	0.0250000
NODE_300595_length_226_cov_547.629921	82	162	950	3	80	0.0375000
NODE_300595_length_226_cov_547.629921	82	162	952	1	80	0.0125000
NODE_300595_length_226_cov_547.629921	82	162	954	3	80	0.0375000
NODE_300595_length_226_cov_547.629921	82	162	955	2	80	0.0250000
NODE_300595_length_226_cov_547.629921	82	162	956	4	80	0.0500000
NODE_300595_length_226_cov_547.629921	82	162	958	3	80	0.0375000
NODE_300617_length_225_cov_41.269841	81	165	5	11	84	0.1309524
NODE_300617_length_225_cov_41.269841	81	165	7	2	84	0.0238095
NODE_300617_length_225_cov_41.269841	81	165	9	12	84	0.1428571
NODE_300617_length_225_cov_41.269841	81	165	10	2	84	0.0238095
NODE_300617_length_225_cov_41.269841	81	165	11	5	84	0.0595238
NODE_300617_length_225_cov_41.269841	81	165	12	37	84	0.4404762
NODE_300617_length_225_cov_41.269841	81	165	14	15	84	0.1785714
NODE_300617_length_225_cov_41.269841	134	218	2	44	84	0.5238096
NODE_300617_length_225_cov_41.269841	134	218	4	5	84	0.0595238
NODE_300617_length_225_cov_41.269841	134	218	5	15	84	0.1785714
NODE_300617_length_225_cov_41.269841	134	218	7	2	84	0.0238095
NODE_300617_length_225_cov_41.269841	134	218	9	12	84	0.1428571
NODE_300617_length_225_cov_41.269841	134	218	10	2	84	0.0238095
NODE_300617_length_225_cov_41.269841	134	218	12	4	84	0.0476190
NODE_300661_length_224_cov_209.528000	12	84	43	3	72	0.0416667
NODE_300661_length_224_cov_209.528000	12	84	45	1	72	0.0138889
NODE_300661_length_224_cov_209.528000	12	84	47	1	72	0.0138889
NODE_300661_length_224_cov_209.528000	12	84	52	2	72	0.0277778
NODE_300661_length_224_cov_209.528000	12	84	54	2	72	0.0277778
NODE_300661_length_224_cov_209.528000	12	84	60	1	72	0.0138889
NODE_300661_length_224_cov_209.528000	12	84	62	1	72	0.0138889
NODE_300661_length_224_cov_209.528000	12	84	64	13	72	0.1805556
NODE_300661_length_224_cov_209.528000	12	84	66	5	72	0.0694444
NODE_300661_length_224_cov_209.528000	12	84	72	18	72	0.2500000
NODE_300661_length_224_cov_209.528000	12	84	74	3	72	0.0416667
NODE_300661_length_224_cov_209.528000	12	84	76	1	72	0.0138889
NODE_300661_length_224_cov_209.528000	12	84	80	2	72	0.0277778
NODE_300661_length_224_cov_209.528000	12	84	82	10	72	0.1388889
NODE_300661_length_224_cov_209.528000	12	84	84	9	72	0.1250000
NODE_300663_length_224_cov_146.568000	13	72	4	5	59	0.0847458
NODE_300663_length_224_cov_146.568000	13	72	5	15	59	0.2542373
NODE_300663_length_224_cov_146.568000	13	72	6	1	59	0.0169492
NODE_300663_length_224_cov_146.568000	13	72	7	11	59	0.1864407
NODE_300663_length_224_cov_146.568000	13	72	9	6	59	0.1016949
NODE_300663_length_224_cov_146.568000	13	72	10	7	59	0.1186441
NODE_300663_length_224_cov_146.568000	13	72	12	2	59	0.0338983
NODE_300663_length_224_cov_146.568000	13	72	16	2	59	0.0338983
NODE_300663_length_224_cov_146.568000	13	72	18	4	59	0.0677966
NODE_300663_length_224_cov_146.568000	13	72	24	2	59	0.0338983
NODE_300663_length_224_cov_146.568000	13	72	26	4	59	0.0677966
NODE_300663_length_224_cov_146.568000	46	72	9	5	26	0.1923077
NODE_300663_length_224_cov_146.568000	46	72	10	7	26	0.2692308
NODE_300663_length_224_cov_146.568000	46	72	12	2	26	0.0769231
NODE_300663_length_224_cov_146.568000	46	72	16	2	26	0.0769231
NODE_300663_length_224_cov_146.568000	46	72	18	4	26	0.1538462
NODE_300663_length_224_cov_146.568000	46	72	24	2	26	0.0769231
NODE_300663_length_224_cov_146.568000	46	72	26	4	26	0.1538462
NODE_300663_length_224_cov_146.568000	68	120	26	8	52	0.1538462
NODE_300663_length_224_cov_146.568000	68	120	28	1	52	0.0192308
NODE_300663_length_224_cov_146.568000	68	120	30	2	52	0.0384615
NODE_300663_length_224_cov_146.568000	68	120	40	1	52	0.0192308
NODE_300663_length_224_cov_146.568000	68	120	42	3	52	0.0576923
NODE_300663_length_224_cov_146.568000	68	120	44	3	52	0.0576923
NODE_300663_length_224_cov_146.568000	68	120	48	4	52	0.0769231
NODE_300663_length_224_cov_146.568000	68	120	51	2	52	0.0384615
NODE_300663_length_224_cov_146.568000	68	120	52	16	52	0.3076923
NODE_300663_length_224_cov_146.568000	68	120	53	7	52	0.1346154
NODE_300663_length_224_cov_146.568000	68	120	54	2	52	0.0384615
NODE_300663_length_224_cov_146.568000	68	120	62	3	52	0.0576923
NODE_300665_length_224_cov_59.088000	98	178	19	5	80	0.0625000
NODE_300665_length_224_cov_59.088000	98	178	20	6	80	0.0750000
NODE_300665_length_224_cov_59.088000	98	178	23	1	80	0.0125000
NODE_300665_length_224_cov_59.088000	98	178	24	28	80	0.3500000
NODE_300665_length_224_cov_59.088000	98	178	25	23	80	0.2875000
NODE_300665_length_224_cov_59.088000	98	178	26	17	80	0.2125000
NODE_300665_length_224_cov_59.088000	98	178	19	5	80	0.0625000
NODE_300665_length_224_cov_59.088000	98	178	20	6	80	0.0750000
NODE_300665_length_224_cov_59.088000	98	178	23	1	80	0.0125000
NODE_300665_length_224_cov_59.088000	98	178	24	28	80	0.3500000
NODE_300665_length_224_cov_59.088000	98	178	25	23	80	0.2875000
NODE_300665_length_224_cov_59.088000	98	178	26	17	80	0.2125000
NODE_300665_length_224_cov_59.088000	98	178	19	5	80	0.0625000
NODE_300665_length_224_cov_59.088000	98	178	20	6	80	0.0750000
NODE_300665_length_224_cov_59.088000	98	178	23	1	80	0.0125000
NODE_300665_length_224_cov_59.088000	98	178	24	28	80	0.3500000
NODE_300665_length_224_cov_59.088000	98	178	25	23	80	0.2875000
NODE_300665_length_224_cov_59.088000	98	178	26	17	80	0.2125000
NODE_300665_length_224_cov_59.088000	151	217	8	4	66	0.0606061
NODE_300665_length_224_cov_59.088000	151	217	9	5	66	0.0757576
NODE_300665_length_224_cov_59.088000	151	217	10	1	66	0.0151515
NODE_300665_length_224_cov_59.088000	151	217	12	9	66	0.1363636
NODE_300665_length_224_cov_59.088000	151	217	13	3	66	0.0454545
NODE_300665_length_224_cov_59.088000	151	217	14	2	66	0.0303030
NODE_300665_length_224_cov_59.088000	151	217	15	1	66	0.0151515
NODE_300665_length_224_cov_59.088000	151	217	17	4	66	0.0606061
NODE_300665_length_224_cov_59.088000	151	217	18	1	66	0.0151515
NODE_300665_length_224_cov_59.088000	151	217	19	14	66	0.2121212
NODE_300665_length_224_cov_59.088000	151	217	20	6	66	0.0909091
NODE_300665_length_224_cov_59.088000	151	217	24	16	66	0.2424242
NODE_300665_length_224_cov_59.088000	151	224	3	1	73	0.0136986
NODE_300665_length_224_cov_59.088000	151	224	4	1	73	0.0136986
NODE_300665_length_224_cov_59.088000	151	224	5	2	73	0.0273973
NODE_300665_length_224_cov_59.088000	151	224	6	1	73	0.0136986
NODE_300665_length_224_cov_59.088000	151	224	8	6	73	0.0821918
NODE_300665_length_224_cov_59.088000	151	224	9	5	73	0.0684932
NODE_300665_length_224_cov_59.088000	151	224	10	1	73	0.0136986
NODE_300665_length_224_cov_59.088000	151	224	12	9	73	0.1232877
NODE_300665_length_224_cov_59.088000	151	224	13	3	73	0.0410959
NODE_300665_length_224_cov_59.088000	151	224	14	2	73	0.0273973
NODE_300665_length_224_cov_59.088000	151	224	15	1	73	0.0136986
NODE_300665_length_224_cov_59.088000	151	224	17	4	73	0.0547945
NODE_300665_length_224_cov_59.088000	151	224	18	1	73	0.0136986
NODE_300665_length_224_cov_59.088000	151	224	19	14	73	0.1917808
NODE_300665_length_224_cov_59.088000	151	224	20	6	73	0.0821918
NODE_300665_length_224_cov_59.088000	151	224	24	16	73	0.2191781
NODE_300667_length_224_cov_43.640000	98	157	0	17	59	0.2881356
NODE_300667_length_224_cov_43.640000	98	157	2	2	59	0.0338983
NODE_300667_length_224_cov_43.640000	98	157	4	40	59	0.6779661
NODE_300667_length_224_cov_43.640000	98	157	0	17	59	0.2881356
NODE_300667_length_224_cov_43.640000	98	157	2	2	59	0.0338983
NODE_300667_length_224_cov_43.640000	98	157	4	40	59	0.6779661
NODE_300667_length_224_cov_43.640000	106	157	0	9	51	0.1764706
NODE_300667_length_224_cov_43.640000	106	157	2	2	51	0.0392157
NODE_300667_length_224_cov_43.640000	106	157	4	40	51	0.7843137
NODE_300669_length_224_cov_36.224000	100	171	30	1	71	0.0140845
NODE_300669_length_224_cov_36.224000	100	171	32	14	71	0.1971831
NODE_300669_length_224_cov_36.224000	100	171	34	56	71	0.7887324
NODE_300669_length_224_cov_36.224000	151	224	4	3	73	0.0410959
NODE_300669_length_224_cov_36.224000	151	224	6	3	73	0.0410959
NODE_300669_length_224_cov_36.224000	151	224	9	3	73	0.0410959
NODE_300669_length_224_cov_36.224000	151	224	17	3	73	0.0410959
NODE_300669_length_224_cov_36.224000	151	224	19	5	73	0.0684932
NODE_300669_length_224_cov_36.224000	151	224	24	1	73	0.0136986
NODE_300669_length_224_cov_36.224000	151	224	25	4	73	0.0547945
NODE_300669_length_224_cov_36.224000	151	224	27	2	73	0.0273973
NODE_300669_length_224_cov_36.224000	151	224	28	12	73	0.1643836
NODE_300669_length_224_cov_36.224000	151	224	34	37	73	0.5068493
NODE_300696_length_223_cov_35.814516	0	54	0	9	54	0.1666667
NODE_300696_length_223_cov_35.814516	0	54	2	2	54	0.0370370
NODE_300696_length_223_cov_35.814516	0	54	4	43	54	0.7962963
NODE_300696_length_223_cov_35.814516	30	107	2	5	77	0.0649351
NODE_300696_length_223_cov_35.814516	30	107	4	72	77	0.9350649
NODE_300768_length_221_cov_71.319672	14	94	30	5	80	0.0625000
NODE_300768_length_221_cov_71.319672	14	94	34	1	80	0.0125000
NODE_300768_length_221_cov_71.319672	14	94	40	1	80	0.0125000
NODE_300768_length_221_cov_71.319672	14	94	42	1	80	0.0125000
NODE_300768_length_221_cov_71.319672	14	94	44	2	80	0.0250000
NODE_300768_length_221_cov_71.319672	14	94	46	1	80	0.0125000
NODE_300768_length_221_cov_71.319672	14	94	51	4	80	0.0500000
NODE_300768_length_221_cov_71.319672	14	94	53	1	80	0.0125000
NODE_300768_length_221_cov_71.319672	14	94	71	1	80	0.0125000
NODE_300768_length_221_cov_71.319672	14	94	75	2	80	0.0250000
NODE_300768_length_221_cov_71.319672	14	94	82	2	80	0.0250000
NODE_300768_length_221_cov_71.319672	14	94	84	3	80	0.0375000
NODE_300768_length_221_cov_71.319672	14	94	85	8	80	0.1000000
NODE_300768_length_221_cov_71.319672	14	94	86	1	80	0.0125000
NODE_300768_length_221_cov_71.319672	14	94	88	18	80	0.2250000
NODE_300768_length_221_cov_71.319672	14	94	89	2	80	0.0250000
NODE_300768_length_221_cov_71.319672	14	94	90	27	80	0.3375000
NODE_300800_length_220_cov_42.206612	3	74	5	5	71	0.0704225
NODE_300800_length_220_cov_42.206612	3	74	6	7	71	0.0985916
NODE_300800_length_220_cov_42.206612	3	74	7	7	71	0.0985916
NODE_300800_length_220_cov_42.206612	3	74	8	3	71	0.0422535
NODE_300800_length_220_cov_42.206612	3	74	14	1	71	0.0140845
NODE_300800_length_220_cov_42.206612	3	74	15	2	71	0.0281690
NODE_300800_length_220_cov_42.206612	3	74	17	1	71	0.0140845
NODE_300800_length_220_cov_42.206612	3	74	19	9	71	0.1267606
NODE_300800_length_220_cov_42.206612	3	74	22	5	71	0.0704225
NODE_300800_length_220_cov_42.206612	3	74	24	3	71	0.0422535
NODE_300800_length_220_cov_42.206612	3	74	27	6	71	0.0845070
NODE_300800_length_220_cov_42.206612	3	74	29	3	71	0.0422535
NODE_300800_length_220_cov_42.206612	3	74	36	1	71	0.0140845
NODE_300800_length_220_cov_42.206612	3	74	38	1	71	0.0140845
NODE_300800_length_220_cov_42.206612	3	74	40	17	71	0.2394366
NODE_300800_length_220_cov_42.206612	8	74	6	7	66	0.1060606
NODE_300800_length_220_cov_42.206612	8	74	7	7	66	0.1060606
NODE_300800_length_220_cov_42.206612	8	74	8	3	66	0.0454545
NODE_300800_length_220_cov_42.206612	8	74	14	1	66	0.0151515
NODE_300800_length_220_cov_42.206612	8	74	15	2	66	0.0303030
NODE_300800_length_220_cov_42.206612	8	74	17	1	66	0.0151515
NODE_300800_length_220_cov_42.206612	8	74	19	9	66	0.1363636
NODE_300800_length_220_cov_42.206612	8	74	22	5	66	0.0757576
NODE_300800_length_220_cov_42.206612	8	74	24	3	66	0.0454545
NODE_300800_length_220_cov_42.206612	8	74	27	6	66	0.0909091
NODE_300800_length_220_cov_42.206612	8	74	29	3	66	0.0454545
NODE_300800_length_220_cov_42.206612	8	74	36	1	66	0.0151515
NODE_300800_length_220_cov_42.206612	8	74	38	1	66	0.0151515
NODE_300800_length_220_cov_42.206612	8	74	40	17	66	0.2575758
NODE_300800_length_220_cov_42.206612	47	98	27	5	51	0.0980392
NODE_300800_length_220_cov_42.206612	47	98	29	3	51	0.0588235
NODE_300800_length_220_cov_42.206612	47	98	36	1	51	0.0196078
NODE_300800_length_220_cov_42.206612	47	98	38	1	51	0.0196078
NODE_300800_length_220_cov_42.206612	47	98	40	41	51	0.8039216
NODE_300800_length_220_cov_42.206612	47	98	27	5	51	0.0980392
NODE_300800_length_220_cov_42.206612	47	98	29	3	51	0.0588235
NODE_300800_length_220_cov_42.206612	47	98	36	1	51	0.0196078
NODE_300800_length_220_cov_42.206612	47	98	38	1	51	0.0196078
NODE_300800_length_220_cov_42.206612	47	98	40	41	51	0.8039216
NODE_300800_length_220_cov_42.206612	47	98	27	5	51	0.0980392
NODE_300800_length_220_cov_42.206612	47	98	29	3	51	0.0588235
NODE_300800_length_220_cov_42.206612	47	98	36	1	51	0.0196078
NODE_300800_length_220_cov_42.206612	47	98	38	1	51	0.0196078
NODE_300800_length_220_cov_42.206612	47	98	40	41	51	0.8039216
NODE_300874_length_218_cov_244.773109	128	203	3	1	75	0.0133333
NODE_300874_length_218_cov_244.773109	128	203	7	3	75	0.0400000
NODE_300874_length_218_cov_244.773109	128	203	11	7	75	0.0933333
NODE_300874_length_218_cov_244.773109	128	203	12	1	75	0.0133333
NODE_300874_length_218_cov_244.773109	128	203	14	7	75	0.0933333
NODE_300874_length_218_cov_244.773109	128	203	16	7	75	0.0933333
NODE_300874_length_218_cov_244.773109	128	203	17	13	75	0.1733333
NODE_300874_length_218_cov_244.773109	128	203	20	1	75	0.0133333
NODE_300874_length_218_cov_244.773109	128	203	21	7	75	0.0933333
NODE_300874_length_218_cov_244.773109	128	203	22	28	75	0.3733333
NODE_300874_length_218_cov_244.773109	176	218	3	16	42	0.3809524
NODE_300874_length_218_cov_244.773109	176	218	7	3	42	0.0714286
NODE_300874_length_218_cov_244.773109	176	218	11	7	42	0.1666667
NODE_300874_length_218_cov_244.773109	176	218	12	1	42	0.0238095
NODE_300874_length_218_cov_244.773109	176	218	14	7	42	0.1666667
NODE_300874_length_218_cov_244.773109	176	218	16	7	42	0.1666667
NODE_300874_length_218_cov_244.773109	176	218	17	1	42	0.0238095
NODE_300915_length_217_cov_2.144068	14	49	0	35	35	1.0000000
NODE_300915_length_217_cov_2.144068	132	167	0	35	35	1.0000000
NODE_300924_length_216_cov_215.410256	0	63	1	8	63	0.1269841
NODE_300924_length_216_cov_215.410256	0	63	3	13	63	0.2063492
NODE_300924_length_216_cov_215.410256	0	63	7	9	63	0.1428571
NODE_300924_length_216_cov_215.410256	0	63	13	3	63	0.0476190
NODE_300924_length_216_cov_215.410256	0	63	19	1	63	0.0158730
NODE_300924_length_216_cov_215.410256	0	63	21	9	63	0.1428571
NODE_300924_length_216_cov_215.410256	0	63	22	7	63	0.1111111
NODE_300924_length_216_cov_215.410256	0	63	24	13	63	0.2063492
NODE_300924_length_216_cov_215.410256	36	102	21	7	66	0.1060606
NODE_300924_length_216_cov_215.410256	36	102	22	7	66	0.1060606
NODE_300924_length_216_cov_215.410256	36	102	24	52	66	0.7878788
NODE_300925_length_216_cov_51.940171	164	216	0	52	52	1.0000000
NODE_300953_length_215_cov_14.784483	0	50	0	50	50	1.0000000
NODE_300953_length_215_cov_14.784483	23	103	0	80	80	1.0000000
NODE_300984_length_214_cov_144.165217	0	62	0	3	62	0.0483871
NODE_300984_length_214_cov_144.165217	0	62	4	42	62	0.6774194
NODE_300984_length_214_cov_144.165217	0	62	14	17	62	0.2741936
NODE_300984_length_214_cov_144.165217	0	62	0	3	62	0.0483871
NODE_300984_length_214_cov_144.165217	0	62	4	42	62	0.6774194
NODE_300984_length_214_cov_144.165217	0	62	14	17	62	0.2741936
NODE_300984_length_214_cov_144.165217	35	115	4	10	80	0.1250000
NODE_300984_length_214_cov_144.165217	35	115	10	15	80	0.1875000
NODE_300984_length_214_cov_144.165217	35	115	14	55	80	0.6875000
NODE_300984_length_214_cov_144.165217	35	115	4	10	80	0.1250000
NODE_300984_length_214_cov_144.165217	35	115	10	15	80	0.1875000
NODE_300984_length_214_cov_144.165217	35	115	14	55	80	0.6875000
NODE_300984_length_214_cov_144.165217	35	115	4	10	80	0.1250000
NODE_300984_length_214_cov_144.165217	35	115	10	15	80	0.1875000
NODE_300984_length_214_cov_144.165217	35	115	14	55	80	0.6875000
NODE_300984_length_214_cov_144.165217	111	191	0	35	80	0.4375000
NODE_300984_length_214_cov_144.165217	111	191	10	45	80	0.5625000
NODE_300984_length_214_cov_144.165217	111	191	0	35	80	0.4375000
NODE_300984_length_214_cov_144.165217	111	191	10	45	80	0.5625000
NODE_300984_length_214_cov_144.165217	111	191	0	35	80	0.4375000
NODE_300984_length_214_cov_144.165217	111	191	10	45	80	0.5625000
NODE_300984_length_214_cov_144.165217	164	214	0	50	50	1.0000000
NODE_300984_length_214_cov_144.165217	164	214	0	50	50	1.0000000
NODE_300984_length_214_cov_144.165217	164	214	0	50	50	1.0000000
NODE_301068_length_211_cov_39.571429	4	84	0	80	80	1.0000000
NODE_301169_length_208_cov_45.238532	3	59	0	12	56	0.2142857
NODE_301169_length_208_cov_45.238532	3	59	4	3	56	0.0535714
NODE_301169_length_208_cov_45.238532	3	59	10	23	56	0.4107143
NODE_301169_length_208_cov_45.238532	3	59	14	18	56	0.3214286
NODE_301169_length_208_cov_45.238532	35	112	10	6	77	0.0779221
NODE_301169_length_208_cov_45.238532	35	112	14	28	77	0.3636364
NODE_301169_length_208_cov_45.238532	35	112	18	43	77	0.5584416
NODE_301170_length_208_cov_35.229358	76	156	0	20	80	0.2500000
NODE_301170_length_208_cov_35.229358	76	156	2	60	80	0.7500000
NODE_301179_length_207_cov_341.324074	33	113	12	8	80	0.1000000
NODE_301179_length_207_cov_341.324074	33	113	13	2	80	0.0250000
NODE_301179_length_207_cov_341.324074	33	113	15	8	80	0.1000000
NODE_301179_length_207_cov_341.324074	33	113	17	8	80	0.1000000
NODE_301179_length_207_cov_341.324074	33	113	19	4	80	0.0500000
NODE_301179_length_207_cov_341.324074	33	113	21	3	80	0.0375000
NODE_301179_length_207_cov_341.324074	33	113	22	47	80	0.5875000
NODE_301179_length_207_cov_341.324074	86	166	4	22	80	0.2750000
NODE_301179_length_207_cov_341.324074	86	166	6	3	80	0.0375000
NODE_301179_length_207_cov_341.324074	86	166	7	3	80	0.0375000
NODE_301179_length_207_cov_341.324074	86	166	8	9	80	0.1125000
NODE_301179_length_207_cov_341.324074	86	166	18	10	80	0.1250000
NODE_301179_length_207_cov_341.324074	86	166	20	2	80	0.0250000
NODE_301179_length_207_cov_341.324074	86	166	22	31	80	0.3875000
NODE_301248_length_205_cov_64.179245	6	77	10	2	71	0.0281690
NODE_301248_length_205_cov_64.179245	6	77	12	9	71	0.1267606
NODE_301248_length_205_cov_64.179245	6	77	17	13	71	0.1830986
NODE_301248_length_205_cov_64.179245	6	77	25	2	71	0.0281690
NODE_301248_length_205_cov_64.179245	6	77	27	8	71	0.1126761
NODE_301248_length_205_cov_64.179245	6	77	33	10	71	0.1408451
NODE_301248_length_205_cov_64.179245	6	77	37	1	71	0.0140845
NODE_301248_length_205_cov_64.179245	6	77	38	1	71	0.0140845
NODE_301248_length_205_cov_64.179245	6	77	39	3	71	0.0422535
NODE_301248_length_205_cov_64.179245	6	77	41	3	71	0.0422535
NODE_301248_length_205_cov_64.179245	6	77	56	6	71	0.0845070
NODE_301248_length_205_cov_64.179245	6	77	58	13	71	0.1830986
NODE_301248_length_205_cov_64.179245	11	77	12	6	66	0.0909091
NODE_301248_length_205_cov_64.179245	11	77	17	13	66	0.1969697
NODE_301248_length_205_cov_64.179245	11	77	25	2	66	0.0303030
NODE_301248_length_205_cov_64.179245	11	77	27	8	66	0.1212121
NODE_301248_length_205_cov_64.179245	11	77	33	10	66	0.1515152
NODE_301248_length_205_cov_64.179245	11	77	37	1	66	0.0151515
NODE_301248_length_205_cov_64.179245	11	77	38	1	66	0.0151515
NODE_301248_length_205_cov_64.179245	11	77	39	3	66	0.0454545
NODE_301248_length_205_cov_64.179245	11	77	41	3	66	0.0454545
NODE_301248_length_205_cov_64.179245	11	77	56	6	66	0.0909091
NODE_301248_length_205_cov_64.179245	11	77	58	13	66	0.1969697
NODE_301248_length_205_cov_64.179245	50	98	37	1	48	0.0208333
NODE_301248_length_205_cov_64.179245	50	98	38	1	48	0.0208333
NODE_301248_length_205_cov_64.179245	50	98	39	3	48	0.0625000
NODE_301248_length_205_cov_64.179245	50	98	41	3	48	0.0625000
NODE_301248_length_205_cov_64.179245	50	98	56	6	48	0.1250000
NODE_301248_length_205_cov_64.179245	50	98	58	34	48	0.7083333
NODE_301248_length_205_cov_64.179245	50	98	37	1	48	0.0208333
NODE_301248_length_205_cov_64.179245	50	98	38	1	48	0.0208333
NODE_301248_length_205_cov_64.179245	50	98	39	3	48	0.0625000
NODE_301248_length_205_cov_64.179245	50	98	41	3	48	0.0625000
NODE_301248_length_205_cov_64.179245	50	98	56	6	48	0.1250000
NODE_301248_length_205_cov_64.179245	50	98	58	34	48	0.7083333
NODE_301248_length_205_cov_64.179245	50	98	37	1	48	0.0208333
NODE_301248_length_205_cov_64.179245	50	98	38	1	48	0.0208333
NODE_301248_length_205_cov_64.179245	50	98	39	3	48	0.0625000
NODE_301248_length_205_cov_64.179245	50	98	41	3	48	0.0625000
NODE_301248_length_205_cov_64.179245	50	98	56	6	48	0.1250000
NODE_301248_length_205_cov_64.179245	50	98	58	34	48	0.7083333
NODE_301281_length_204_cov_183.390476	119	199	13	1	80	0.0125000
NODE_301281_length_204_cov_183.390476	119	199	17	5	80	0.0625000
NODE_301281_length_204_cov_183.390476	119	199	19	4	80	0.0500000
NODE_301281_length_204_cov_183.390476	119	199	23	15	80	0.1875000
NODE_301281_length_204_cov_183.390476	119	199	25	3	80	0.0375000
NODE_301281_length_204_cov_183.390476	119	199	27	1	80	0.0125000
NODE_301281_length_204_cov_183.390476	119	199	29	6	80	0.0750000
NODE_301281_length_204_cov_183.390476	119	199	30	45	80	0.5625000
NODE_301281_length_204_cov_183.390476	172	194	17	1	22	0.0454545
NODE_301281_length_204_cov_183.390476	172	194	19	4	22	0.1818182
NODE_301281_length_204_cov_183.390476	172	194	23	15	22	0.6818182
NODE_301281_length_204_cov_183.390476	172	194	25	2	22	0.0909091
NODE_301283_length_204_cov_80.095238	10	90	0	33	80	0.4125000
NODE_301283_length_204_cov_80.095238	10	90	2	47	80	0.5875000
NODE_301283_length_204_cov_80.095238	63	143	0	14	80	0.1750000
NODE_301283_length_204_cov_80.095238	63	143	2	66	80	0.8250000
NODE_301345_length_202_cov_123.184466	0	64	12	1	64	0.0156250
NODE_301345_length_202_cov_123.184466	0	64	19	1	64	0.0156250
NODE_301345_length_202_cov_123.184466	0	64	20	1	64	0.0156250
NODE_301345_length_202_cov_123.184466	0	64	22	1	64	0.0156250
NODE_301345_length_202_cov_123.184466	0	64	27	2	64	0.0312500
NODE_301345_length_202_cov_123.184466	0	64	31	3	64	0.0468750
NODE_301345_length_202_cov_123.184466	0	64	33	2	64	0.0312500
NODE_301345_length_202_cov_123.184466	0	64	35	3	64	0.0468750
NODE_301345_length_202_cov_123.184466	0	64	39	1	64	0.0156250
NODE_301345_length_202_cov_123.184466	0	64	41	1	64	0.0156250
NODE_301345_length_202_cov_123.184466	0	64	45	1	64	0.0156250
NODE_301345_length_202_cov_123.184466	0	64	47	1	64	0.0156250
NODE_301345_length_202_cov_123.184466	0	64	49	1	64	0.0156250
NODE_301345_length_202_cov_123.184466	0	64	50	2	64	0.0312500
NODE_301345_length_202_cov_123.184466	0	64	55	1	64	0.0156250
NODE_301345_length_202_cov_123.184466	0	64	57	2	64	0.0312500
NODE_301345_length_202_cov_123.184466	0	64	59	2	64	0.0312500
NODE_301345_length_202_cov_123.184466	0	64	61	2	64	0.0312500
NODE_301345_length_202_cov_123.184466	0	64	63	4	64	0.0625000
NODE_301345_length_202_cov_123.184466	0	64	65	4	64	0.0625000
NODE_301345_length_202_cov_123.184466	0	64	68	1	64	0.0156250
NODE_301345_length_202_cov_123.184466	0	64	70	1	64	0.0156250
NODE_301345_length_202_cov_123.184466	0	64	73	1	64	0.0156250
NODE_301345_length_202_cov_123.184466	0	64	75	9	64	0.1406250
NODE_301345_length_202_cov_123.184466	0	64	77	3	64	0.0468750
NODE_301345_length_202_cov_123.184466	0	64	79	1	64	0.0156250
NODE_301345_length_202_cov_123.184466	0	64	80	1	64	0.0156250
NODE_301345_length_202_cov_123.184466	0	64	82	1	64	0.0156250
NODE_301345_length_202_cov_123.184466	0	64	84	1	64	0.0156250
NODE_301345_length_202_cov_123.184466	0	64	86	4	64	0.0625000
NODE_301345_length_202_cov_123.184466	0	64	87	1	64	0.0156250
NODE_301345_length_202_cov_123.184466	0	64	90	4	64	0.0625000
NODE_301345_length_202_cov_123.184466	31	72	63	1	41	0.0243902
NODE_301345_length_202_cov_123.184466	31	72	65	4	41	0.0975610
NODE_301345_length_202_cov_123.184466	31	72	68	1	41	0.0243902
NODE_301345_length_202_cov_123.184466	31	72	70	1	41	0.0243902
NODE_301345_length_202_cov_123.184466	31	72	73	1	41	0.0243902
NODE_301345_length_202_cov_123.184466	31	72	75	9	41	0.2195122
NODE_301345_length_202_cov_123.184466	31	72	77	3	41	0.0731707
NODE_301345_length_202_cov_123.184466	31	72	79	1	41	0.0243902
NODE_301345_length_202_cov_123.184466	31	72	80	1	41	0.0243902
NODE_301345_length_202_cov_123.184466	31	72	82	1	41	0.0243902
NODE_301345_length_202_cov_123.184466	31	72	84	1	41	0.0243902
NODE_301345_length_202_cov_123.184466	31	72	86	4	41	0.0975610
NODE_301345_length_202_cov_123.184466	31	72	87	1	41	0.0243902
NODE_301345_length_202_cov_123.184466	31	72	90	7	41	0.1707317
NODE_301345_length_202_cov_123.184466	31	72	92	2	41	0.0487805
NODE_301345_length_202_cov_123.184466	31	72	94	2	41	0.0487805
NODE_301345_length_202_cov_123.184466	31	72	96	1	41	0.0243902
NODE_301370_length_201_cov_56.323529	133	201	2	14	68	0.2058824
NODE_301370_length_201_cov_56.323529	133	201	4	4	68	0.0588235
NODE_301370_length_201_cov_56.323529	133	201	6	50	68	0.7352941
NODE_301371_length_201_cov_50.647059	44	99	16	2	55	0.0363636
NODE_301371_length_201_cov_50.647059	44	99	18	1	55	0.0181818
NODE_301371_length_201_cov_50.647059	44	99	19	1	55	0.0181818
NODE_301371_length_201_cov_50.647059	44	99	24	4	55	0.0727273
NODE_301371_length_201_cov_50.647059	44	99	28	4	55	0.0727273
NODE_301371_length_201_cov_50.647059	44	99	29	3	55	0.0545455
NODE_301371_length_201_cov_50.647059	44	99	30	3	55	0.0545455
NODE_301371_length_201_cov_50.647059	44	99	36	6	55	0.1090909
NODE_301371_length_201_cov_50.647059	44	99	40	4	55	0.0727273
NODE_301371_length_201_cov_50.647059	44	99	42	2	55	0.0363636
NODE_301371_length_201_cov_50.647059	44	99	44	15	55	0.2727273
NODE_301371_length_201_cov_50.647059	44	99	46	3	55	0.0545455
NODE_301371_length_201_cov_50.647059	44	99	50	7	55	0.1272727
NODE_301371_length_201_cov_50.647059	136	201	0	3	65	0.0461538
NODE_301371_length_201_cov_50.647059	136	201	5	1	65	0.0153846
NODE_301371_length_201_cov_50.647059	136	201	6	1	65	0.0153846
NODE_301371_length_201_cov_50.647059	136	201	8	1	65	0.0153846
NODE_301371_length_201_cov_50.647059	136	201	20	1	65	0.0153846
NODE_301371_length_201_cov_50.647059	136	201	22	4	65	0.0615385
NODE_301371_length_201_cov_50.647059	136	201	29	1	65	0.0153846
NODE_301371_length_201_cov_50.647059	136	201	32	5	65	0.0769231
NODE_301371_length_201_cov_50.647059	136	201	35	6	65	0.0923077
NODE_301371_length_201_cov_50.647059	136	201	39	6	65	0.0923077
NODE_301371_length_201_cov_50.647059	136	201	40	36	65	0.5538462
NODE_301371_length_201_cov_50.647059	136	201	0	3	65	0.0461538
NODE_301371_length_201_cov_50.647059	136	201	5	1	65	0.0153846
NODE_301371_length_201_cov_50.647059	136	201	6	1	65	0.0153846
NODE_301371_length_201_cov_50.647059	136	201	8	1	65	0.0153846
NODE_301371_length_201_cov_50.647059	136	201	20	1	65	0.0153846
NODE_301371_length_201_cov_50.647059	136	201	22	4	65	0.0615385
NODE_301371_length_201_cov_50.647059	136	201	29	1	65	0.0153846
NODE_301371_length_201_cov_50.647059	136	201	32	5	65	0.0769231
NODE_301371_length_201_cov_50.647059	136	201	35	6	65	0.0923077
NODE_301371_length_201_cov_50.647059	136	201	39	6	65	0.0923077
NODE_301371_length_201_cov_50.647059	136	201	40	36	65	0.5538462
NODE_301371_length_201_cov_50.647059	136	201	0	3	65	0.0461538
NODE_301371_length_201_cov_50.647059	136	201	5	1	65	0.0153846
NODE_301371_length_201_cov_50.647059	136	201	6	1	65	0.0153846
NODE_301371_length_201_cov_50.647059	136	201	8	1	65	0.0153846
NODE_301371_length_201_cov_50.647059	136	201	20	1	65	0.0153846
NODE_301371_length_201_cov_50.647059	136	201	22	4	65	0.0615385
NODE_301371_length_201_cov_50.647059	136	201	29	1	65	0.0153846
NODE_301371_length_201_cov_50.647059	136	201	32	5	65	0.0769231
NODE_301371_length_201_cov_50.647059	136	201	35	6	65	0.0923077
NODE_301371_length_201_cov_50.647059	136	201	39	6	65	0.0923077
NODE_301371_length_201_cov_50.647059	136	201	40	36	65	0.5538462
NODE_301371_length_201_cov_50.647059	136	201	0	3	65	0.0461538
NODE_301371_length_201_cov_50.647059	136	201	5	1	65	0.0153846
NODE_301371_length_201_cov_50.647059	136	201	6	1	65	0.0153846
NODE_301371_length_201_cov_50.647059	136	201	8	1	65	0.0153846
NODE_301371_length_201_cov_50.647059	136	201	20	1	65	0.0153846
NODE_301371_length_201_cov_50.647059	136	201	22	4	65	0.0615385
NODE_301371_length_201_cov_50.647059	136	201	29	1	65	0.0153846
NODE_301371_length_201_cov_50.647059	136	201	32	5	65	0.0769231
NODE_301371_length_201_cov_50.647059	136	201	35	6	65	0.0923077
NODE_301371_length_201_cov_50.647059	136	201	39	6	65	0.0923077
NODE_301371_length_201_cov_50.647059	136	201	40	36	65	0.5538462
NODE_301405_length_200_cov_29.118812	0	73	2	2	73	0.0273973
NODE_301405_length_200_cov_29.118812	0	73	4	5	73	0.0684932
NODE_301405_length_200_cov_29.118812	0	73	6	2	73	0.0273973
NODE_301405_length_200_cov_29.118812	0	73	10	6	73	0.0821918
NODE_301405_length_200_cov_29.118812	0	73	12	2	73	0.0273973
NODE_301405_length_200_cov_29.118812	0	73	14	1	73	0.0136986
NODE_301405_length_200_cov_29.118812	0	73	16	4	73	0.0547945
NODE_301405_length_200_cov_29.118812	0	73	18	9	73	0.1232877
NODE_301405_length_200_cov_29.118812	0	73	19	1	73	0.0136986
NODE_301405_length_200_cov_29.118812	0	73	22	3	73	0.0410959
NODE_301405_length_200_cov_29.118812	0	73	28	1	73	0.0136986
NODE_301405_length_200_cov_29.118812	0	73	30	9	73	0.1232877
NODE_301405_length_200_cov_29.118812	0	73	32	2	73	0.0273973
NODE_301405_length_200_cov_29.118812	0	73	34	5	73	0.0684932
NODE_301405_length_200_cov_29.118812	0	73	36	1	73	0.0136986
NODE_301405_length_200_cov_29.118812	0	73	37	9	73	0.1232877
NODE_301405_length_200_cov_29.118812	0	73	38	11	73	0.1506849
NODE_301419_length_199_cov_768.700000	94	142	335	3	48	0.0625000
NODE_301419_length_199_cov_768.700000	94	142	336	1	48	0.0208333
NODE_301419_length_199_cov_768.700000	94	142	337	5	48	0.1041667
NODE_301419_length_199_cov_768.700000	94	142	338	1	48	0.0208333
NODE_301419_length_199_cov_768.700000	94	142	340	1	48	0.0208333
NODE_301419_length_199_cov_768.700000	94	142	342	37	48	0.7708333
NODE_301419_length_199_cov_768.700000	115	186	102	2	71	0.0281690
NODE_301419_length_199_cov_768.700000	115	186	107	1	71	0.0140845
NODE_301419_length_199_cov_768.700000	115	186	120	1	71	0.0140845
NODE_301419_length_199_cov_768.700000	115	186	125	1	71	0.0140845
NODE_301419_length_199_cov_768.700000	115	186	144	1	71	0.0140845
NODE_301419_length_199_cov_768.700000	115	186	148	1	71	0.0140845
NODE_301419_length_199_cov_768.700000	115	186	158	1	71	0.0140845
NODE_301419_length_199_cov_768.700000	115	186	164	1	71	0.0140845
NODE_301419_length_199_cov_768.700000	115	186	179	1	71	0.0140845
NODE_301419_length_199_cov_768.700000	115	186	187	1	71	0.0140845
NODE_301419_length_199_cov_768.700000	115	186	198	1	71	0.0140845
NODE_301419_length_199_cov_768.700000	115	186	212	1	71	0.0140845
NODE_301419_length_199_cov_768.700000	115	186	223	1	71	0.0140845
NODE_301419_length_199_cov_768.700000	115	186	227	3	71	0.0422535
NODE_301419_length_199_cov_768.700000	115	186	233	1	71	0.0140845
NODE_301419_length_199_cov_768.700000	115	186	239	1	71	0.0140845
NODE_301419_length_199_cov_768.700000	115	186	250	1	71	0.0140845
NODE_301419_length_199_cov_768.700000	115	186	255	1	71	0.0140845
NODE_301419_length_199_cov_768.700000	115	186	273	1	71	0.0140845
NODE_301419_length_199_cov_768.700000	115	186	276	1	71	0.0140845
NODE_301419_length_199_cov_768.700000	115	186	283	1	71	0.0140845
NODE_301419_length_199_cov_768.700000	115	186	285	1	71	0.0140845
NODE_301419_length_199_cov_768.700000	115	186	291	1	71	0.0140845
NODE_301419_length_199_cov_768.700000	115	186	293	1	71	0.0140845
NODE_301419_length_199_cov_768.700000	115	186	296	1	71	0.0140845
NODE_301419_length_199_cov_768.700000	115	186	304	1	71	0.0140845
NODE_301419_length_199_cov_768.700000	115	186	305	1	71	0.0140845
NODE_301419_length_199_cov_768.700000	115	186	307	1	71	0.0140845
NODE_301419_length_199_cov_768.700000	115	186	311	4	71	0.0563380
NODE_301419_length_199_cov_768.700000	115	186	316	2	71	0.0281690
NODE_301419_length_199_cov_768.700000	115	186	317	1	71	0.0140845
NODE_301419_length_199_cov_768.700000	115	186	321	1	71	0.0140845
NODE_301419_length_199_cov_768.700000	115	186	323	2	71	0.0281690
NODE_301419_length_199_cov_768.700000	115	186	325	2	71	0.0281690
NODE_301419_length_199_cov_768.700000	115	186	331	1	71	0.0140845
NODE_301419_length_199_cov_768.700000	115	186	335	2	71	0.0281690
NODE_301419_length_199_cov_768.700000	115	186	337	5	71	0.0704225
NODE_301419_length_199_cov_768.700000	115	186	340	1	71	0.0140845
NODE_301419_length_199_cov_768.700000	115	186	342	19	71	0.2676056
NODE_301420_length_199_cov_702.860000	3	78	40	1	75	0.0133333
NODE_301420_length_199_cov_702.860000	3	78	46	2	75	0.0266667
NODE_301420_length_199_cov_702.860000	3	78	48	1	75	0.0133333
NODE_301420_length_199_cov_702.860000	3	78	54	1	75	0.0133333
NODE_301420_length_199_cov_702.860000	3	78	56	3	75	0.0400000
NODE_301420_length_199_cov_702.860000	3	78	60	1	75	0.0133333
NODE_301420_length_199_cov_702.860000	3	78	65	1	75	0.0133333
NODE_301420_length_199_cov_702.860000	3	78	74	1	75	0.0133333
NODE_301420_length_199_cov_702.860000	3	78	78	1	75	0.0133333
NODE_301420_length_199_cov_702.860000	3	78	81	1	75	0.0133333
NODE_301420_length_199_cov_702.860000	3	78	87	1	75	0.0133333
NODE_301420_length_199_cov_702.860000	3	78	103	1	75	0.0133333
NODE_301420_length_199_cov_702.860000	3	78	105	1	75	0.0133333
NODE_301420_length_199_cov_702.860000	3	78	111	1	75	0.0133333
NODE_301420_length_199_cov_702.860000	3	78	112	1	75	0.0133333
NODE_301420_length_199_cov_702.860000	3	78	116	1	75	0.0133333
NODE_301420_length_199_cov_702.860000	3	78	118	1	75	0.0133333
NODE_301420_length_199_cov_702.860000	3	78	122	2	75	0.0266667
NODE_301420_length_199_cov_702.860000	3	78	134	1	75	0.0133333
NODE_301420_length_199_cov_702.860000	3	78	146	1	75	0.0133333
NODE_301420_length_199_cov_702.860000	3	78	168	1	75	0.0133333
NODE_301420_length_199_cov_702.860000	3	78	173	1	75	0.0133333
NODE_301420_length_199_cov_702.860000	3	78	197	1	75	0.0133333
NODE_301420_length_199_cov_702.860000	3	78	203	1	75	0.0133333
NODE_301420_length_199_cov_702.860000	3	78	209	3	75	0.0400000
NODE_301420_length_199_cov_702.860000	3	78	214	1	75	0.0133333
NODE_301420_length_199_cov_702.860000	3	78	215	3	75	0.0400000
NODE_301420_length_199_cov_702.860000	3	78	223	1	75	0.0133333
NODE_301420_length_199_cov_702.860000	3	78	225	3	75	0.0400000
NODE_301420_length_199_cov_702.860000	3	78	227	1	75	0.0133333
NODE_301420_length_199_cov_702.860000	3	78	229	2	75	0.0266667
NODE_301420_length_199_cov_702.860000	3	78	231	2	75	0.0266667
NODE_301420_length_199_cov_702.860000	3	78	249	2	75	0.0266667
NODE_301420_length_199_cov_702.860000	3	78	261	1	75	0.0133333
NODE_301420_length_199_cov_702.860000	3	78	264	1	75	0.0133333
NODE_301420_length_199_cov_702.860000	3	78	272	2	75	0.0266667
NODE_301420_length_199_cov_702.860000	3	78	274	1	75	0.0133333
NODE_301420_length_199_cov_702.860000	3	78	276	2	75	0.0266667
NODE_301420_length_199_cov_702.860000	3	78	280	1	75	0.0133333
NODE_301420_length_199_cov_702.860000	3	78	283	1	75	0.0133333
NODE_301420_length_199_cov_702.860000	3	78	290	2	75	0.0266667
NODE_301420_length_199_cov_702.860000	3	78	297	1	75	0.0133333
NODE_301420_length_199_cov_702.860000	3	78	298	1	75	0.0133333
NODE_301420_length_199_cov_702.860000	3	78	316	3	75	0.0400000
NODE_301420_length_199_cov_702.860000	3	78	324	12	75	0.1600000
NODE_301420_length_199_cov_702.860000	3	78	326	1	75	0.0133333
NODE_301420_length_199_cov_702.860000	51	131	235	1	80	0.0125000
NODE_301420_length_199_cov_702.860000	51	131	237	1	80	0.0125000
NODE_301420_length_199_cov_702.860000	51	131	243	2	80	0.0250000
NODE_301420_length_199_cov_702.860000	51	131	249	1	80	0.0125000
NODE_301420_length_199_cov_702.860000	51	131	253	1	80	0.0125000
NODE_301420_length_199_cov_702.860000	51	131	255	1	80	0.0125000
NODE_301420_length_199_cov_702.860000	51	131	260	1	80	0.0125000
NODE_301420_length_199_cov_702.860000	51	131	268	1	80	0.0125000
NODE_301420_length_199_cov_702.860000	51	131	272	2	80	0.0250000
NODE_301420_length_199_cov_702.860000	51	131	274	1	80	0.0125000
NODE_301420_length_199_cov_702.860000	51	131	276	2	80	0.0250000
NODE_301420_length_199_cov_702.860000	51	131	280	2	80	0.0250000
NODE_301420_length_199_cov_702.860000	51	131	283	1	80	0.0125000
NODE_301420_length_199_cov_702.860000	51	131	287	1	80	0.0125000
NODE_301420_length_199_cov_702.860000	51	131	290	2	80	0.0250000
NODE_301420_length_199_cov_702.860000	51	131	294	1	80	0.0125000
NODE_301420_length_199_cov_702.860000	51	131	297	1	80	0.0125000
NODE_301420_length_199_cov_702.860000	51	131	298	1	80	0.0125000
NODE_301420_length_199_cov_702.860000	51	131	302	1	80	0.0125000
NODE_301420_length_199_cov_702.860000	51	131	306	1	80	0.0125000
NODE_301420_length_199_cov_702.860000	51	131	309	1	80	0.0125000
NODE_301420_length_199_cov_702.860000	51	131	310	1	80	0.0125000
NODE_301420_length_199_cov_702.860000	51	131	313	1	80	0.0125000
NODE_301420_length_199_cov_702.860000	51	131	315	1	80	0.0125000
NODE_301420_length_199_cov_702.860000	51	131	316	4	80	0.0500000
NODE_301420_length_199_cov_702.860000	51	131	324	12	80	0.1500000
NODE_301420_length_199_cov_702.860000	51	131	326	2	80	0.0250000
NODE_301420_length_199_cov_702.860000	51	131	328	3	80	0.0375000
NODE_301420_length_199_cov_702.860000	51	131	330	2	80	0.0250000
NODE_301420_length_199_cov_702.860000	51	131	334	2	80	0.0250000
NODE_301420_length_199_cov_702.860000	51	131	336	1	80	0.0125000
NODE_301420_length_199_cov_702.860000	51	131	338	4	80	0.0500000
NODE_301420_length_199_cov_702.860000	51	131	340	1	80	0.0125000
NODE_301420_length_199_cov_702.860000	51	131	342	6	80	0.0750000
NODE_301420_length_199_cov_702.860000	51	131	344	1	80	0.0125000
NODE_301420_length_199_cov_702.860000	51	131	346	13	80	0.1625000
NODE_301421_length_199_cov_670.570000	22	52	210	1	30	0.0333333
NODE_301421_length_199_cov_670.570000	22	52	226	1	30	0.0333333
NODE_301421_length_199_cov_670.570000	22	52	237	1	30	0.0333333
NODE_301421_length_199_cov_670.570000	22	52	243	1	30	0.0333333
NODE_301421_length_199_cov_670.570000	22	52	256	1	30	0.0333333
NODE_301421_length_199_cov_670.570000	22	52	266	1	30	0.0333333
NODE_301421_length_199_cov_670.570000	22	52	273	2	30	0.0666667
NODE_301421_length_199_cov_670.570000	22	52	281	1	30	0.0333333
NODE_301421_length_199_cov_670.570000	22	52	286	1	30	0.0333333
NODE_301421_length_199_cov_670.570000	22	52	292	1	30	0.0333333
NODE_301421_length_199_cov_670.570000	22	52	294	1	30	0.0333333
NODE_301421_length_199_cov_670.570000	22	52	298	1	30	0.0333333
NODE_301421_length_199_cov_670.570000	22	52	302	1	30	0.0333333
NODE_301421_length_199_cov_670.570000	22	52	305	1	30	0.0333333
NODE_301421_length_199_cov_670.570000	22	52	314	1	30	0.0333333
NODE_301421_length_199_cov_670.570000	22	52	320	2	30	0.0666667
NODE_301421_length_199_cov_670.570000	22	52	323	1	30	0.0333333
NODE_301421_length_199_cov_670.570000	22	52	325	1	30	0.0333333
NODE_301421_length_199_cov_670.570000	22	52	329	3	30	0.1000000
NODE_301421_length_199_cov_670.570000	22	52	334	2	30	0.0666667
NODE_301421_length_199_cov_670.570000	22	52	336	1	30	0.0333333
NODE_301421_length_199_cov_670.570000	22	52	339	1	30	0.0333333
NODE_301421_length_199_cov_670.570000	22	52	345	1	30	0.0333333
NODE_301421_length_199_cov_670.570000	22	52	349	2	30	0.0666667
NODE_301421_length_199_cov_670.570000	25	105	243	1	80	0.0125000
NODE_301421_length_199_cov_670.570000	25	105	256	1	80	0.0125000
NODE_301421_length_199_cov_670.570000	25	105	266	1	80	0.0125000
NODE_301421_length_199_cov_670.570000	25	105	273	2	80	0.0250000
NODE_301421_length_199_cov_670.570000	25	105	281	1	80	0.0125000
NODE_301421_length_199_cov_670.570000	25	105	286	1	80	0.0125000
NODE_301421_length_199_cov_670.570000	25	105	292	1	80	0.0125000
NODE_301421_length_199_cov_670.570000	25	105	294	1	80	0.0125000
NODE_301421_length_199_cov_670.570000	25	105	298	1	80	0.0125000
NODE_301421_length_199_cov_670.570000	25	105	302	1	80	0.0125000
NODE_301421_length_199_cov_670.570000	25	105	305	1	80	0.0125000
NODE_301421_length_199_cov_670.570000	25	105	314	1	80	0.0125000
NODE_301421_length_199_cov_670.570000	25	105	320	2	80	0.0250000
NODE_301421_length_199_cov_670.570000	25	105	323	1	80	0.0125000
NODE_301421_length_199_cov_670.570000	25	105	325	1	80	0.0125000
NODE_301421_length_199_cov_670.570000	25	105	329	3	80	0.0375000
NODE_301421_length_199_cov_670.570000	25	105	334	2	80	0.0250000
NODE_301421_length_199_cov_670.570000	25	105	336	1	80	0.0125000
NODE_301421_length_199_cov_670.570000	25	105	339	1	80	0.0125000
NODE_301421_length_199_cov_670.570000	25	105	345	1	80	0.0125000
NODE_301421_length_199_cov_670.570000	25	105	349	2	80	0.0250000
NODE_301421_length_199_cov_670.570000	25	105	361	1	80	0.0125000
NODE_301421_length_199_cov_670.570000	25	105	367	1	80	0.0125000
NODE_301421_length_199_cov_670.570000	25	105	373	1	80	0.0125000
NODE_301421_length_199_cov_670.570000	25	105	375	5	80	0.0625000
NODE_301421_length_199_cov_670.570000	25	105	385	3	80	0.0375000
NODE_301421_length_199_cov_670.570000	25	105	387	2	80	0.0250000
NODE_301421_length_199_cov_670.570000	25	105	390	2	80	0.0250000
NODE_301421_length_199_cov_670.570000	25	105	392	7	80	0.0875000
NODE_301421_length_199_cov_670.570000	25	105	395	10	80	0.1250000
NODE_301421_length_199_cov_670.570000	25	105	396	21	80	0.2625000
NODE_301430_length_199_cov_215.860000	3	75	4	14	72	0.1944444
NODE_301430_length_199_cov_215.860000	3	75	6	3	72	0.0416667
NODE_301430_length_199_cov_215.860000	3	75	8	1	72	0.0138889
NODE_301430_length_199_cov_215.860000	3	75	10	10	72	0.1388889
NODE_301430_length_199_cov_215.860000	3	75	12	5	72	0.0694444
NODE_301430_length_199_cov_215.860000	3	75	14	14	72	0.1944444
NODE_301430_length_199_cov_215.860000	3	75	18	2	72	0.0277778
NODE_301430_length_199_cov_215.860000	3	75	20	2	72	0.0277778
NODE_301430_length_199_cov_215.860000	3	75	24	10	72	0.1388889
NODE_301430_length_199_cov_215.860000	3	75	26	11	72	0.1527778
NODE_301430_length_199_cov_215.860000	48	128	14	2	80	0.0250000
NODE_301430_length_199_cov_215.860000	48	128	18	2	80	0.0250000
NODE_301430_length_199_cov_215.860000	48	128	20	2	80	0.0250000
NODE_301430_length_199_cov_215.860000	48	128	24	25	80	0.3125000
NODE_301430_length_199_cov_215.860000	48	128	26	15	80	0.1875000
NODE_301430_length_199_cov_215.860000	48	128	28	34	80	0.4250000
NODE_301432_length_199_cov_206.800000	120	199	0	20	79	0.2531646
NODE_301432_length_199_cov_206.800000	120	199	4	59	79	0.7468355
NODE_301441_length_199_cov_131.120000	97	177	0	80	80	1.0000000
NODE_301448_length_199_cov_97.490000	4	77	0	28	73	0.3835616
NODE_301448_length_199_cov_97.490000	4	77	4	2	73	0.0273973
NODE_301448_length_199_cov_97.490000	4	77	6	18	73	0.2465753
NODE_301448_length_199_cov_97.490000	4	77	8	5	73	0.0684932
NODE_301448_length_199_cov_97.490000	4	77	10	4	73	0.0547945
NODE_301448_length_199_cov_97.490000	4	77	12	1	73	0.0136986
NODE_301448_length_199_cov_97.490000	4	77	13	9	73	0.1232877
NODE_301448_length_199_cov_97.490000	4	77	14	4	73	0.0547945
NODE_301448_length_199_cov_97.490000	4	77	16	2	73	0.0273973
NODE_301449_length_199_cov_96.090000	91	171	18	3	80	0.0375000
NODE_301449_length_199_cov_96.090000	91	171	20	2	80	0.0250000
NODE_301449_length_199_cov_96.090000	91	171	22	1	80	0.0125000
NODE_301449_length_199_cov_96.090000	91	171	24	1	80	0.0125000
NODE_301449_length_199_cov_96.090000	91	171	28	1	80	0.0125000
NODE_301449_length_199_cov_96.090000	91	171	30	1	80	0.0125000
NODE_301449_length_199_cov_96.090000	91	171	33	10	80	0.1250000
NODE_301449_length_199_cov_96.090000	91	171	35	2	80	0.0250000
NODE_301449_length_199_cov_96.090000	91	171	37	1	80	0.0125000
NODE_301449_length_199_cov_96.090000	91	171	38	2	80	0.0250000
NODE_301449_length_199_cov_96.090000	91	171	39	4	80	0.0500000
NODE_301449_length_199_cov_96.090000	91	171	41	2	80	0.0250000
NODE_301449_length_199_cov_96.090000	91	171	43	3	80	0.0375000
NODE_301449_length_199_cov_96.090000	91	171	44	5	80	0.0625000
NODE_301449_length_199_cov_96.090000	91	171	46	19	80	0.2375000
NODE_301449_length_199_cov_96.090000	91	171	48	7	80	0.0875000
NODE_301449_length_199_cov_96.090000	91	171	50	16	80	0.2000000
NODE_301455_length_199_cov_84.060000	44	75	14	8	31	0.2580645
NODE_301455_length_199_cov_84.060000	44	75	20	23	31	0.7419355
NODE_301456_length_199_cov_83.220000	0	64	19	64	64	1.0000000
NODE_301459_length_199_cov_80.390000	15	98	6	4	83	0.0481928
NODE_301459_length_199_cov_80.390000	15	98	11	1	83	0.0120482
NODE_301459_length_199_cov_80.390000	15	98	14	12	83	0.1445783
NODE_301459_length_199_cov_80.390000	15	98	16	1	83	0.0120482
NODE_301459_length_199_cov_80.390000	15	98	20	22	83	0.2650602
NODE_301459_length_199_cov_80.390000	15	98	22	43	83	0.5180723
NODE_301469_length_199_cov_63.420000	128	194	4	3	66	0.0454545
NODE_301469_length_199_cov_63.420000	128	194	12	2	66	0.0303030
NODE_301469_length_199_cov_63.420000	128	194	16	1	66	0.0151515
NODE_301469_length_199_cov_63.420000	128	194	18	1	66	0.0151515
NODE_301469_length_199_cov_63.420000	128	194	20	4	66	0.0606061
NODE_301469_length_199_cov_63.420000	128	194	22	2	66	0.0303030
NODE_301469_length_199_cov_63.420000	128	194	26	18	66	0.2727273
NODE_301469_length_199_cov_63.420000	128	194	28	6	66	0.0909091
NODE_301469_length_199_cov_63.420000	128	194	30	2	66	0.0303030
NODE_301469_length_199_cov_63.420000	128	194	32	7	66	0.1060606
NODE_301469_length_199_cov_63.420000	128	194	34	1	66	0.0151515
NODE_301469_length_199_cov_63.420000	128	194	37	5	66	0.0757576
NODE_301469_length_199_cov_63.420000	128	194	38	2	66	0.0303030
NODE_301469_length_199_cov_63.420000	128	194	40	7	66	0.1060606
NODE_301469_length_199_cov_63.420000	128	194	42	5	66	0.0757576
NODE_301477_length_199_cov_58.660000	18	85	0	28	67	0.4179105
NODE_301477_length_199_cov_58.660000	18	85	4	10	67	0.1492537
NODE_301477_length_199_cov_58.660000	18	85	10	12	67	0.1791045
NODE_301477_length_199_cov_58.660000	18	85	14	17	67	0.2537313
NODE_301484_length_199_cov_50.350000	102	183	0	7	81	0.0864198
NODE_301484_length_199_cov_50.350000	102	183	2	4	81	0.0493827
NODE_301484_length_199_cov_50.350000	102	183	4	17	81	0.2098765
NODE_301484_length_199_cov_50.350000	102	183	8	14	81	0.1728395
NODE_301484_length_199_cov_50.350000	102	183	10	9	81	0.1111111
NODE_301484_length_199_cov_50.350000	102	183	12	30	81	0.3703704
NODE_301485_length_199_cov_49.630000	5	47	0	15	42	0.3571429
NODE_301485_length_199_cov_49.630000	5	47	2	27	42	0.6428571
NODE_301485_length_199_cov_49.630000	100	163	2	3	63	0.0476190
NODE_301485_length_199_cov_49.630000	100	163	4	5	63	0.0793651
NODE_301485_length_199_cov_49.630000	100	163	8	13	63	0.2063492
NODE_301485_length_199_cov_49.630000	100	163	10	42	63	0.6666667
NODE_301485_length_199_cov_49.630000	100	163	2	3	63	0.0476190
NODE_301485_length_199_cov_49.630000	100	163	4	5	63	0.0793651
NODE_301485_length_199_cov_49.630000	100	163	8	13	63	0.2063492
NODE_301485_length_199_cov_49.630000	100	163	10	42	63	0.6666667
NODE_301485_length_199_cov_49.630000	100	163	2	3	63	0.0476190
NODE_301485_length_199_cov_49.630000	100	163	4	5	63	0.0793651
NODE_301485_length_199_cov_49.630000	100	163	8	13	63	0.2063492
NODE_301485_length_199_cov_49.630000	100	163	10	42	63	0.6666667
NODE_301485_length_199_cov_49.630000	136	185	2	25	49	0.5102041
NODE_301485_length_199_cov_49.630000	136	185	4	5	49	0.1020408
NODE_301485_length_199_cov_49.630000	136	185	8	13	49	0.2653061
NODE_301485_length_199_cov_49.630000	136	185	10	6	49	0.1224490
NODE_301485_length_199_cov_49.630000	153	199	0	3	46	0.0652174
NODE_301485_length_199_cov_49.630000	153	199	2	36	46	0.7826087
NODE_301485_length_199_cov_49.630000	153	199	4	5	46	0.1086956
NODE_301485_length_199_cov_49.630000	153	199	8	2	46	0.0434783
NODE_301491_length_199_cov_40.000000	0	66	0	21	66	0.3181818
NODE_301491_length_199_cov_40.000000	0	66	1	4	66	0.0606061
NODE_301491_length_199_cov_40.000000	0	66	5	1	66	0.0151515
NODE_301491_length_199_cov_40.000000	0	66	7	6	66	0.0909091
NODE_301491_length_199_cov_40.000000	0	66	11	8	66	0.1212121
NODE_301491_length_199_cov_40.000000	0	66	12	26	66	0.3939394
NODE_301491_length_199_cov_40.000000	34	114	11	6	80	0.0750000
NODE_301491_length_199_cov_40.000000	34	114	12	74	80	0.9250000
NODE_301491_length_199_cov_40.000000	39	61	11	1	22	0.0454545
NODE_301491_length_199_cov_40.000000	39	61	12	21	22	0.9545454
NODE_301498_length_199_cov_31.400000	3	77	6	2	74	0.0270270
NODE_301498_length_199_cov_31.400000	3	77	10	4	74	0.0540541
NODE_301498_length_199_cov_31.400000	3	77	12	4	74	0.0540541
NODE_301498_length_199_cov_31.400000	3	77	16	1	74	0.0135135
NODE_301498_length_199_cov_31.400000	3	77	18	2	74	0.0270270
NODE_301498_length_199_cov_31.400000	3	77	19	6	74	0.0810811
NODE_301498_length_199_cov_31.400000	3	77	20	1	74	0.0135135
NODE_301498_length_199_cov_31.400000	3	77	22	1	74	0.0135135
NODE_301498_length_199_cov_31.400000	3	77	24	3	74	0.0405405
NODE_301498_length_199_cov_31.400000	3	77	28	18	74	0.2432432
NODE_301498_length_199_cov_31.400000	3	77	30	32	74	0.4324324
NODE_301498_length_199_cov_31.400000	76	153	30	10	77	0.1298701
NODE_301498_length_199_cov_31.400000	76	153	31	2	77	0.0259740
NODE_301498_length_199_cov_31.400000	76	153	33	3	77	0.0389610
NODE_301498_length_199_cov_31.400000	76	153	35	3	77	0.0389610
NODE_301498_length_199_cov_31.400000	76	153	37	2	77	0.0259740
NODE_301498_length_199_cov_31.400000	76	153	40	2	77	0.0259740
NODE_301498_length_199_cov_31.400000	76	153	41	1	77	0.0129870
NODE_301498_length_199_cov_31.400000	76	153	42	31	77	0.4025974
NODE_301498_length_199_cov_31.400000	76	153	44	23	77	0.2987013
NODE_301498_length_199_cov_31.400000	76	153	30	10	77	0.1298701
NODE_301498_length_199_cov_31.400000	76	153	31	2	77	0.0259740
NODE_301498_length_199_cov_31.400000	76	153	33	3	77	0.0389610
NODE_301498_length_199_cov_31.400000	76	153	35	3	77	0.0389610
NODE_301498_length_199_cov_31.400000	76	153	37	2	77	0.0259740
NODE_301498_length_199_cov_31.400000	76	153	40	2	77	0.0259740
NODE_301498_length_199_cov_31.400000	76	153	41	1	77	0.0129870
NODE_301498_length_199_cov_31.400000	76	153	42	31	77	0.4025974
NODE_301498_length_199_cov_31.400000	76	153	44	23	77	0.2987013
NODE_301498_length_199_cov_31.400000	76	153	30	10	77	0.1298701
NODE_301498_length_199_cov_31.400000	76	153	31	2	77	0.0259740
NODE_301498_length_199_cov_31.400000	76	153	33	3	77	0.0389610
NODE_301498_length_199_cov_31.400000	76	153	35	3	77	0.0389610
NODE_301498_length_199_cov_31.400000	76	153	37	2	77	0.0259740
NODE_301498_length_199_cov_31.400000	76	153	40	2	77	0.0259740
NODE_301498_length_199_cov_31.400000	76	153	41	1	77	0.0129870
NODE_301498_length_199_cov_31.400000	76	153	42	31	77	0.4025974
NODE_301498_length_199_cov_31.400000	76	153	44	23	77	0.2987013
NODE_301498_length_199_cov_31.400000	126	192	8	17	66	0.2575758
NODE_301498_length_199_cov_31.400000	126	192	10	3	66	0.0454545
NODE_301498_length_199_cov_31.400000	126	192	12	5	66	0.0757576
NODE_301498_length_199_cov_31.400000	126	192	15	1	66	0.0151515
NODE_301498_length_199_cov_31.400000	126	192	16	4	66	0.0606061
NODE_301498_length_199_cov_31.400000	126	192	22	7	66	0.1060606
NODE_301498_length_199_cov_31.400000	126	192	26	2	66	0.0303030
NODE_301498_length_199_cov_31.400000	126	192	30	3	66	0.0454545
NODE_301498_length_199_cov_31.400000	126	192	31	2	66	0.0303030
NODE_301498_length_199_cov_31.400000	126	192	33	3	66	0.0454545
NODE_301498_length_199_cov_31.400000	126	192	35	3	66	0.0454545
NODE_301498_length_199_cov_31.400000	126	192	37	2	66	0.0303030
NODE_301498_length_199_cov_31.400000	126	192	41	1	66	0.0151515
NODE_301498_length_199_cov_31.400000	126	192	42	13	66	0.1969697
NODE_301498_length_199_cov_31.400000	129	199	8	24	70	0.3428572
NODE_301498_length_199_cov_31.400000	129	199	10	3	70	0.0428571
NODE_301498_length_199_cov_31.400000	129	199	12	5	70	0.0714286
NODE_301498_length_199_cov_31.400000	129	199	15	1	70	0.0142857
NODE_301498_length_199_cov_31.400000	129	199	16	4	70	0.0571429
NODE_301498_length_199_cov_31.400000	129	199	22	7	70	0.1000000
NODE_301498_length_199_cov_31.400000	129	199	26	2	70	0.0285714
NODE_301498_length_199_cov_31.400000	129	199	30	3	70	0.0428571
NODE_301498_length_199_cov_31.400000	129	199	31	2	70	0.0285714
NODE_301498_length_199_cov_31.400000	129	199	33	3	70	0.0428571
NODE_301498_length_199_cov_31.400000	129	199	35	3	70	0.0428571
NODE_301498_length_199_cov_31.400000	129	199	37	2	70	0.0285714
NODE_301498_length_199_cov_31.400000	129	199	41	1	70	0.0142857
NODE_301498_length_199_cov_31.400000	129	199	42	10	70	0.1428571
NODE_301498_length_199_cov_31.400000	131	199	8	24	68	0.3529412
NODE_301498_length_199_cov_31.400000	131	199	10	3	68	0.0441176
NODE_301498_length_199_cov_31.400000	131	199	12	5	68	0.0735294
NODE_301498_length_199_cov_31.400000	131	199	15	1	68	0.0147059
NODE_301498_length_199_cov_31.400000	131	199	16	4	68	0.0588235
NODE_301498_length_199_cov_31.400000	131	199	22	7	68	0.1029412
NODE_301498_length_199_cov_31.400000	131	199	26	2	68	0.0294118
NODE_301498_length_199_cov_31.400000	131	199	30	3	68	0.0441176
NODE_301498_length_199_cov_31.400000	131	199	31	2	68	0.0294118
NODE_301498_length_199_cov_31.400000	131	199	33	3	68	0.0441176
NODE_301498_length_199_cov_31.400000	131	199	35	3	68	0.0441176
NODE_301498_length_199_cov_31.400000	131	199	37	2	68	0.0294118
NODE_301498_length_199_cov_31.400000	131	199	41	1	68	0.0147059
NODE_301498_length_199_cov_31.400000	131	199	42	8	68	0.1176471
NODE_301500_length_199_cov_30.140000	118	198	0	2	80	0.0250000
NODE_301500_length_199_cov_30.140000	118	198	1	31	80	0.3875000
NODE_301500_length_199_cov_30.140000	118	198	2	8	80	0.1000000
NODE_301500_length_199_cov_30.140000	118	198	4	39	80	0.4875000
NODE_301500_length_199_cov_30.140000	118	198	0	2	80	0.0250000
NODE_301500_length_199_cov_30.140000	118	198	1	31	80	0.3875000
NODE_301500_length_199_cov_30.140000	118	198	2	8	80	0.1000000
NODE_301500_length_199_cov_30.140000	118	198	4	39	80	0.4875000
NODE_301500_length_199_cov_30.140000	118	198	0	2	80	0.0250000
NODE_301500_length_199_cov_30.140000	118	198	1	31	80	0.3875000
NODE_301500_length_199_cov_30.140000	118	198	2	8	80	0.1000000
NODE_301500_length_199_cov_30.140000	118	198	4	39	80	0.4875000
NODE_301500_length_199_cov_30.140000	118	198	0	2	80	0.0250000
NODE_301500_length_199_cov_30.140000	118	198	1	31	80	0.3875000
NODE_301500_length_199_cov_30.140000	118	198	2	8	80	0.1000000
NODE_301500_length_199_cov_30.140000	118	198	4	39	80	0.4875000
NODE_301500_length_199_cov_30.140000	118	198	0	2	80	0.0250000
NODE_301500_length_199_cov_30.140000	118	198	1	31	80	0.3875000
NODE_301500_length_199_cov_30.140000	118	198	2	8	80	0.1000000
NODE_301500_length_199_cov_30.140000	118	198	4	39	80	0.4875000
NODE_301500_length_199_cov_30.140000	127	198	0	2	71	0.0281690
NODE_301500_length_199_cov_30.140000	127	198	1	31	71	0.4366197
NODE_301500_length_199_cov_30.140000	127	198	2	8	71	0.1126761
NODE_301500_length_199_cov_30.140000	127	198	4	30	71	0.4225352
NODE_301581_length_197_cov_41.265306	0	70	0	70	70	1.0000000
NODE_301611_length_196_cov_101.855670	72	136	137	4	64	0.0625000
NODE_301611_length_196_cov_101.855670	72	136	141	2	64	0.0312500
NODE_301611_length_196_cov_101.855670	72	136	153	2	64	0.0312500
NODE_301611_length_196_cov_101.855670	72	136	163	2	64	0.0312500
NODE_301611_length_196_cov_101.855670	72	136	167	3	64	0.0468750
NODE_301611_length_196_cov_101.855670	72	136	169	1	64	0.0156250
NODE_301611_length_196_cov_101.855670	72	136	171	2	64	0.0312500
NODE_301611_length_196_cov_101.855670	72	136	173	1	64	0.0156250
NODE_301611_length_196_cov_101.855670	72	136	178	6	64	0.0937500
NODE_301611_length_196_cov_101.855670	72	136	180	2	64	0.0312500
NODE_301611_length_196_cov_101.855670	72	136	182	6	64	0.0937500
NODE_301611_length_196_cov_101.855670	72	136	184	2	64	0.0312500
NODE_301611_length_196_cov_101.855670	72	136	186	2	64	0.0312500
NODE_301611_length_196_cov_101.855670	72	136	188	2	64	0.0312500
NODE_301611_length_196_cov_101.855670	72	136	190	6	64	0.0937500
NODE_301611_length_196_cov_101.855670	72	136	192	21	64	0.3281250
NODE_301611_length_196_cov_101.855670	72	136	137	4	64	0.0625000
NODE_301611_length_196_cov_101.855670	72	136	141	2	64	0.0312500
NODE_301611_length_196_cov_101.855670	72	136	153	2	64	0.0312500
NODE_301611_length_196_cov_101.855670	72	136	163	2	64	0.0312500
NODE_301611_length_196_cov_101.855670	72	136	167	3	64	0.0468750
NODE_301611_length_196_cov_101.855670	72	136	169	1	64	0.0156250
NODE_301611_length_196_cov_101.855670	72	136	171	2	64	0.0312500
NODE_301611_length_196_cov_101.855670	72	136	173	1	64	0.0156250
NODE_301611_length_196_cov_101.855670	72	136	178	6	64	0.0937500
NODE_301611_length_196_cov_101.855670	72	136	180	2	64	0.0312500
NODE_301611_length_196_cov_101.855670	72	136	182	6	64	0.0937500
NODE_301611_length_196_cov_101.855670	72	136	184	2	64	0.0312500
NODE_301611_length_196_cov_101.855670	72	136	186	2	64	0.0312500
NODE_301611_length_196_cov_101.855670	72	136	188	2	64	0.0312500
NODE_301611_length_196_cov_101.855670	72	136	190	6	64	0.0937500
NODE_301611_length_196_cov_101.855670	72	136	192	21	64	0.3281250
NODE_301611_length_196_cov_101.855670	109	169	49	1	60	0.0166667
NODE_301611_length_196_cov_101.855670	109	169	50	1	60	0.0166667
NODE_301611_length_196_cov_101.855670	109	169	52	1	60	0.0166667
NODE_301611_length_196_cov_101.855670	109	169	53	1	60	0.0166667
NODE_301611_length_196_cov_101.855670	109	169	58	6	60	0.1000000
NODE_301611_length_196_cov_101.855670	109	169	63	1	60	0.0166667
NODE_301611_length_196_cov_101.855670	109	169	65	1	60	0.0166667
NODE_301611_length_196_cov_101.855670	109	169	71	1	60	0.0166667
NODE_301611_length_196_cov_101.855670	109	169	72	2	60	0.0333333
NODE_301611_length_196_cov_101.855670	109	169	79	1	60	0.0166667
NODE_301611_length_196_cov_101.855670	109	169	82	1	60	0.0166667
NODE_301611_length_196_cov_101.855670	109	169	86	1	60	0.0166667
NODE_301611_length_196_cov_101.855670	109	169	87	1	60	0.0166667
NODE_301611_length_196_cov_101.855670	109	169	90	1	60	0.0166667
NODE_301611_length_196_cov_101.855670	109	169	91	3	60	0.0500000
NODE_301611_length_196_cov_101.855670	109	169	96	1	60	0.0166667
NODE_301611_length_196_cov_101.855670	109	169	106	1	60	0.0166667
NODE_301611_length_196_cov_101.855670	109	169	113	3	60	0.0500000
NODE_301611_length_196_cov_101.855670	109	169	116	1	60	0.0166667
NODE_301611_length_196_cov_101.855670	109	169	119	1	60	0.0166667
NODE_301611_length_196_cov_101.855670	109	169	121	1	60	0.0166667
NODE_301611_length_196_cov_101.855670	109	169	129	1	60	0.0166667
NODE_301611_length_196_cov_101.855670	109	169	133	1	60	0.0166667
NODE_301611_length_196_cov_101.855670	109	169	137	4	60	0.0666667
NODE_301611_length_196_cov_101.855670	109	169	141	2	60	0.0333333
NODE_301611_length_196_cov_101.855670	109	169	153	2	60	0.0333333
NODE_301611_length_196_cov_101.855670	109	169	163	2	60	0.0333333
NODE_301611_length_196_cov_101.855670	109	169	167	3	60	0.0500000
NODE_301611_length_196_cov_101.855670	109	169	169	1	60	0.0166667
NODE_301611_length_196_cov_101.855670	109	169	171	2	60	0.0333333
NODE_301611_length_196_cov_101.855670	109	169	173	1	60	0.0166667
NODE_301611_length_196_cov_101.855670	109	169	178	2	60	0.0333333
NODE_301611_length_196_cov_101.855670	109	169	184	1	60	0.0166667
NODE_301611_length_196_cov_101.855670	109	169	186	2	60	0.0333333
NODE_301611_length_196_cov_101.855670	109	169	190	5	60	0.0833333
NODE_301613_length_196_cov_100.618557	129	196	0	67	67	1.0000000
NODE_301618_length_196_cov_67.268041	8	88	7	4	80	0.0500000
NODE_301618_length_196_cov_67.268041	8	88	8	9	80	0.1125000
NODE_301618_length_196_cov_67.268041	8	88	12	1	80	0.0125000
NODE_301618_length_196_cov_67.268041	8	88	16	14	80	0.1750000
NODE_301618_length_196_cov_67.268041	8	88	17	4	80	0.0500000
NODE_301618_length_196_cov_67.268041	8	88	20	2	80	0.0250000
NODE_301618_length_196_cov_67.268041	8	88	22	4	80	0.0500000
NODE_301618_length_196_cov_67.268041	8	88	27	1	80	0.0125000
NODE_301618_length_196_cov_67.268041	8	88	31	2	80	0.0250000
NODE_301618_length_196_cov_67.268041	8	88	32	1	80	0.0125000
NODE_301618_length_196_cov_67.268041	8	88	37	1	80	0.0125000
NODE_301618_length_196_cov_67.268041	8	88	39	1	80	0.0125000
NODE_301618_length_196_cov_67.268041	8	88	41	4	80	0.0500000
NODE_301618_length_196_cov_67.268041	8	88	44	4	80	0.0500000
NODE_301618_length_196_cov_67.268041	8	88	46	2	80	0.0250000
NODE_301618_length_196_cov_67.268041	8	88	48	8	80	0.1000000
NODE_301618_length_196_cov_67.268041	8	88	50	18	80	0.2250000
NODE_301618_length_196_cov_67.268041	61	124	46	13	63	0.2063492
NODE_301618_length_196_cov_67.268041	61	124	48	14	63	0.2222222
NODE_301618_length_196_cov_67.268041	61	124	50	36	63	0.5714286
NODE_301629_length_196_cov_40.195876	101	184	0	28	83	0.3373494
NODE_301629_length_196_cov_40.195876	101	184	2	55	83	0.6626506
NODE_301704_length_194_cov_63.252632	12	78	7	4	66	0.0606061
NODE_301704_length_194_cov_63.252632	12	78	9	3	66	0.0454545
NODE_301704_length_194_cov_63.252632	12	78	15	5	66	0.0757576
NODE_301704_length_194_cov_63.252632	12	78	17	2	66	0.0303030
NODE_301704_length_194_cov_63.252632	12	78	20	3	66	0.0454545
NODE_301704_length_194_cov_63.252632	12	78	24	1	66	0.0151515
NODE_301704_length_194_cov_63.252632	12	78	25	4	66	0.0606061
NODE_301704_length_194_cov_63.252632	12	78	29	1	66	0.0151515
NODE_301704_length_194_cov_63.252632	12	78	34	2	66	0.0303030
NODE_301704_length_194_cov_63.252632	12	78	40	2	66	0.0303030
NODE_301704_length_194_cov_63.252632	12	78	44	1	66	0.0151515
NODE_301704_length_194_cov_63.252632	12	78	50	1	66	0.0151515
NODE_301704_length_194_cov_63.252632	12	78	56	1	66	0.0151515
NODE_301704_length_194_cov_63.252632	12	78	60	3	66	0.0454545
NODE_301704_length_194_cov_63.252632	12	78	62	1	66	0.0151515
NODE_301704_length_194_cov_63.252632	12	78	66	4	66	0.0606061
NODE_301704_length_194_cov_63.252632	12	78	70	7	66	0.1060606
NODE_301704_length_194_cov_63.252632	12	78	74	2	66	0.0303030
NODE_301704_length_194_cov_63.252632	12	78	76	2	66	0.0303030
NODE_301704_length_194_cov_63.252632	12	78	78	1	66	0.0151515
NODE_301704_length_194_cov_63.252632	12	78	80	1	66	0.0151515
NODE_301704_length_194_cov_63.252632	12	78	82	2	66	0.0303030
NODE_301704_length_194_cov_63.252632	12	78	84	2	66	0.0303030
NODE_301704_length_194_cov_63.252632	12	78	90	1	66	0.0151515
NODE_301704_length_194_cov_63.252632	12	78	92	3	66	0.0454545
NODE_301704_length_194_cov_63.252632	12	78	94	3	66	0.0454545
NODE_301704_length_194_cov_63.252632	12	78	96	2	66	0.0303030
NODE_301704_length_194_cov_63.252632	12	78	98	2	66	0.0303030
NODE_301704_length_194_cov_63.252632	51	112	70	6	61	0.0983607
NODE_301704_length_194_cov_63.252632	51	112	74	2	61	0.0327869
NODE_301704_length_194_cov_63.252632	51	112	76	2	61	0.0327869
NODE_301704_length_194_cov_63.252632	51	112	78	1	61	0.0163934
NODE_301704_length_194_cov_63.252632	51	112	80	1	61	0.0163934
NODE_301704_length_194_cov_63.252632	51	112	82	2	61	0.0327869
NODE_301704_length_194_cov_63.252632	51	112	84	2	61	0.0327869
NODE_301704_length_194_cov_63.252632	51	112	90	1	61	0.0163934
NODE_301704_length_194_cov_63.252632	51	112	92	3	61	0.0491803
NODE_301704_length_194_cov_63.252632	51	112	94	3	61	0.0491803
NODE_301704_length_194_cov_63.252632	51	112	96	3	61	0.0491803
NODE_301704_length_194_cov_63.252632	51	112	98	35	61	0.5737705
NODE_301704_length_194_cov_63.252632	51	99	70	6	48	0.1250000
NODE_301704_length_194_cov_63.252632	51	99	74	2	48	0.0416667
NODE_301704_length_194_cov_63.252632	51	99	76	2	48	0.0416667
NODE_301704_length_194_cov_63.252632	51	99	78	1	48	0.0208333
NODE_301704_length_194_cov_63.252632	51	99	80	1	48	0.0208333
NODE_301704_length_194_cov_63.252632	51	99	82	2	48	0.0416667
NODE_301704_length_194_cov_63.252632	51	99	84	2	48	0.0416667
NODE_301704_length_194_cov_63.252632	51	99	90	1	48	0.0208333
NODE_301704_length_194_cov_63.252632	51	99	92	3	48	0.0625000
NODE_301704_length_194_cov_63.252632	51	99	94	3	48	0.0625000
NODE_301704_length_194_cov_63.252632	51	99	96	2	48	0.0416667
NODE_301704_length_194_cov_63.252632	51	99	98	23	48	0.4791667
NODE_301704_length_194_cov_63.252632	51	112	70	6	61	0.0983607
NODE_301704_length_194_cov_63.252632	51	112	74	2	61	0.0327869
NODE_301704_length_194_cov_63.252632	51	112	76	2	61	0.0327869
NODE_301704_length_194_cov_63.252632	51	112	78	1	61	0.0163934
NODE_301704_length_194_cov_63.252632	51	112	80	1	61	0.0163934
NODE_301704_length_194_cov_63.252632	51	112	82	2	61	0.0327869
NODE_301704_length_194_cov_63.252632	51	112	84	2	61	0.0327869
NODE_301704_length_194_cov_63.252632	51	112	90	1	61	0.0163934
NODE_301704_length_194_cov_63.252632	51	112	92	3	61	0.0491803
NODE_301704_length_194_cov_63.252632	51	112	94	3	61	0.0491803
NODE_301704_length_194_cov_63.252632	51	112	96	3	61	0.0491803
NODE_301704_length_194_cov_63.252632	51	112	98	35	61	0.5737705
NODE_301708_length_194_cov_35.010526	95	162	11	9	67	0.1343284
NODE_301708_length_194_cov_35.010526	95	162	12	13	67	0.1940299
NODE_301708_length_194_cov_35.010526	95	162	14	3	67	0.0447761
NODE_301708_length_194_cov_35.010526	95	162	16	3	67	0.0447761
NODE_301708_length_194_cov_35.010526	95	162	18	39	67	0.5820895
NODE_301708_length_194_cov_35.010526	95	162	11	9	67	0.1343284
NODE_301708_length_194_cov_35.010526	95	162	12	13	67	0.1940299
NODE_301708_length_194_cov_35.010526	95	162	14	3	67	0.0447761
NODE_301708_length_194_cov_35.010526	95	162	16	3	67	0.0447761
NODE_301708_length_194_cov_35.010526	95	162	18	39	67	0.5820895
NODE_301708_length_194_cov_35.010526	135	184	8	1	49	0.0204082
NODE_301708_length_194_cov_35.010526	135	184	9	21	49	0.4285714
NODE_301708_length_194_cov_35.010526	135	184	11	9	49	0.1836735
NODE_301708_length_194_cov_35.010526	135	184	12	13	49	0.2653061
NODE_301708_length_194_cov_35.010526	135	184	14	3	49	0.0612245
NODE_301708_length_194_cov_35.010526	135	184	16	2	49	0.0408163
NODE_301714_length_194_cov_9.978947	153	194	0	41	41	1.0000000
NODE_301727_length_193_cov_117.170213	21	93	24	2	72	0.0277778
NODE_301727_length_193_cov_117.170213	21	93	26	2	72	0.0277778
NODE_301727_length_193_cov_117.170213	21	93	28	1	72	0.0138889
NODE_301727_length_193_cov_117.170213	21	93	29	7	72	0.0972222
NODE_301727_length_193_cov_117.170213	21	93	38	2	72	0.0277778
NODE_301727_length_193_cov_117.170213	21	93	39	2	72	0.0277778
NODE_301727_length_193_cov_117.170213	21	93	40	1	72	0.0138889
NODE_301727_length_193_cov_117.170213	21	93	42	2	72	0.0277778
NODE_301727_length_193_cov_117.170213	21	93	44	6	72	0.0833333
NODE_301727_length_193_cov_117.170213	21	93	52	4	72	0.0555556
NODE_301727_length_193_cov_117.170213	21	93	56	3	72	0.0416667
NODE_301727_length_193_cov_117.170213	21	93	60	4	72	0.0555556
NODE_301727_length_193_cov_117.170213	21	93	62	6	72	0.0833333
NODE_301727_length_193_cov_117.170213	21	93	68	7	72	0.0972222
NODE_301727_length_193_cov_117.170213	21	93	70	2	72	0.0277778
NODE_301727_length_193_cov_117.170213	21	93	74	4	72	0.0555556
NODE_301727_length_193_cov_117.170213	21	93	76	1	72	0.0138889
NODE_301727_length_193_cov_117.170213	21	93	78	16	72	0.2222222
NODE_301727_length_193_cov_117.170213	41	121	44	5	80	0.0625000
NODE_301727_length_193_cov_117.170213	41	121	52	4	80	0.0500000
NODE_301727_length_193_cov_117.170213	41	121	56	3	80	0.0375000
NODE_301727_length_193_cov_117.170213	41	121	60	4	80	0.0500000
NODE_301727_length_193_cov_117.170213	41	121	62	6	80	0.0750000
NODE_301727_length_193_cov_117.170213	41	121	66	3	80	0.0375000
NODE_301727_length_193_cov_117.170213	41	121	68	9	80	0.1125000
NODE_301727_length_193_cov_117.170213	41	121	70	2	80	0.0250000
NODE_301727_length_193_cov_117.170213	41	121	74	4	80	0.0500000
NODE_301727_length_193_cov_117.170213	41	121	76	5	80	0.0625000
NODE_301727_length_193_cov_117.170213	41	121	78	35	80	0.4375000
NODE_301729_length_193_cov_54.734043	108	188	7	27	80	0.3375000
NODE_301729_length_193_cov_54.734043	108	188	11	6	80	0.0750000
NODE_301729_length_193_cov_54.734043	108	188	13	9	80	0.1125000
NODE_301729_length_193_cov_54.734043	108	188	14	38	80	0.4750000
NODE_301729_length_193_cov_54.734043	161	183	7	22	22	1.0000000
NODE_301735_length_193_cov_30.638298	108	188	0	80	80	1.0000000
NODE_301735_length_193_cov_30.638298	161	183	0	22	22	1.0000000
NODE_301737_length_193_cov_29.968085	0	45	1	1	45	0.0222222
NODE_301737_length_193_cov_29.968085	0	45	2	5	45	0.1111111
NODE_301737_length_193_cov_29.968085	0	45	10	5	45	0.1111111
NODE_301737_length_193_cov_29.968085	0	45	12	4	45	0.0888889
NODE_301737_length_193_cov_29.968085	0	45	16	3	45	0.0666667
NODE_301737_length_193_cov_29.968085	0	45	18	3	45	0.0666667
NODE_301737_length_193_cov_29.968085	0	45	22	2	45	0.0444444
NODE_301737_length_193_cov_29.968085	0	45	23	2	45	0.0444444
NODE_301737_length_193_cov_29.968085	0	45	25	11	45	0.2444444
NODE_301737_length_193_cov_29.968085	0	45	27	2	45	0.0444444
NODE_301737_length_193_cov_29.968085	0	45	29	2	45	0.0444444
NODE_301737_length_193_cov_29.968085	0	45	31	2	45	0.0444444
NODE_301737_length_193_cov_29.968085	0	45	33	3	45	0.0666667
NODE_301737_length_193_cov_29.968085	8	57	10	3	49	0.0612245
NODE_301737_length_193_cov_29.968085	8	57	12	4	49	0.0816327
NODE_301737_length_193_cov_29.968085	8	57	16	3	49	0.0612245
NODE_301737_length_193_cov_29.968085	8	57	18	3	49	0.0612245
NODE_301737_length_193_cov_29.968085	8	57	22	2	49	0.0408163
NODE_301737_length_193_cov_29.968085	8	57	23	2	49	0.0408163
NODE_301737_length_193_cov_29.968085	8	57	25	11	49	0.2244898
NODE_301737_length_193_cov_29.968085	8	57	27	2	49	0.0408163
NODE_301737_length_193_cov_29.968085	8	57	29	2	49	0.0408163
NODE_301737_length_193_cov_29.968085	8	57	31	2	49	0.0408163
NODE_301737_length_193_cov_29.968085	8	57	33	13	49	0.2653061
NODE_301737_length_193_cov_29.968085	8	57	34	2	49	0.0408163
NODE_301737_length_193_cov_29.968085	30	98	25	6	68	0.0882353
NODE_301737_length_193_cov_29.968085	30	98	27	2	68	0.0294118
NODE_301737_length_193_cov_29.968085	30	98	29	2	68	0.0294118
NODE_301737_length_193_cov_29.968085	30	98	31	2	68	0.0294118
NODE_301737_length_193_cov_29.968085	30	98	33	13	68	0.1911765
NODE_301737_length_193_cov_29.968085	30	98	34	7	68	0.1029412
NODE_301737_length_193_cov_29.968085	30	98	36	3	68	0.0441176
NODE_301737_length_193_cov_29.968085	30	98	38	22	68	0.3235294
NODE_301737_length_193_cov_29.968085	30	98	40	11	68	0.1617647
NODE_301737_length_193_cov_29.968085	30	98	25	6	68	0.0882353
NODE_301737_length_193_cov_29.968085	30	98	27	2	68	0.0294118
NODE_301737_length_193_cov_29.968085	30	98	29	2	68	0.0294118
NODE_301737_length_193_cov_29.968085	30	98	31	2	68	0.0294118
NODE_301737_length_193_cov_29.968085	30	98	33	13	68	0.1911765
NODE_301737_length_193_cov_29.968085	30	98	34	7	68	0.1029412
NODE_301737_length_193_cov_29.968085	30	98	36	3	68	0.0441176
NODE_301737_length_193_cov_29.968085	30	98	38	22	68	0.3235294
NODE_301737_length_193_cov_29.968085	30	98	40	11	68	0.1617647
NODE_301737_length_193_cov_29.968085	30	98	25	6	68	0.0882353
NODE_301737_length_193_cov_29.968085	30	98	27	2	68	0.0294118
NODE_301737_length_193_cov_29.968085	30	98	29	2	68	0.0294118
NODE_301737_length_193_cov_29.968085	30	98	31	2	68	0.0294118
NODE_301737_length_193_cov_29.968085	30	98	33	13	68	0.1911765
NODE_301737_length_193_cov_29.968085	30	98	34	7	68	0.1029412
NODE_301737_length_193_cov_29.968085	30	98	36	3	68	0.0441176
NODE_301737_length_193_cov_29.968085	30	98	38	22	68	0.3235294
NODE_301737_length_193_cov_29.968085	30	98	40	11	68	0.1617647
NODE_301737_length_193_cov_29.968085	146	188	2	17	42	0.4047619
NODE_301737_length_193_cov_29.968085	146	188	4	1	42	0.0238095
NODE_301737_length_193_cov_29.968085	146	188	6	1	42	0.0238095
NODE_301737_length_193_cov_29.968085	146	188	8	10	42	0.2380952
NODE_301737_length_193_cov_29.968085	146	188	10	1	42	0.0238095
NODE_301737_length_193_cov_29.968085	146	188	12	12	42	0.2857143
NODE_301776_length_192_cov_160.258065	0	76	2	6	76	0.0789474
NODE_301776_length_192_cov_160.258065	0	76	4	1	76	0.0131579
NODE_301776_length_192_cov_160.258065	0	76	6	5	76	0.0657895
NODE_301776_length_192_cov_160.258065	0	76	8	4	76	0.0526316
NODE_301776_length_192_cov_160.258065	0	76	10	3	76	0.0394737
NODE_301776_length_192_cov_160.258065	0	76	12	1	76	0.0131579
NODE_301776_length_192_cov_160.258065	0	76	14	13	76	0.1710526
NODE_301776_length_192_cov_160.258065	0	76	16	7	76	0.0921053
NODE_301776_length_192_cov_160.258065	0	76	18	3	76	0.0394737
NODE_301776_length_192_cov_160.258065	0	76	20	3	76	0.0394737
NODE_301776_length_192_cov_160.258065	0	76	22	8	76	0.1052632
NODE_301776_length_192_cov_160.258065	0	76	24	9	76	0.1184211
NODE_301776_length_192_cov_160.258065	0	76	26	13	76	0.1710526
NODE_301825_length_191_cov_92.913043	81	144	28	3	63	0.0476190
NODE_301825_length_191_cov_92.913043	81	144	34	1	63	0.0158730
NODE_301825_length_191_cov_92.913043	81	144	36	5	63	0.0793651
NODE_301825_length_191_cov_92.913043	81	144	38	1	63	0.0158730
NODE_301825_length_191_cov_92.913043	81	144	42	1	63	0.0158730
NODE_301825_length_191_cov_92.913043	81	144	44	2	63	0.0317460
NODE_301825_length_191_cov_92.913043	81	144	46	3	63	0.0476190
NODE_301825_length_191_cov_92.913043	81	144	48	3	63	0.0476190
NODE_301825_length_191_cov_92.913043	81	144	50	2	63	0.0317460
NODE_301825_length_191_cov_92.913043	81	144	52	1	63	0.0158730
NODE_301825_length_191_cov_92.913043	81	144	54	2	63	0.0317460
NODE_301825_length_191_cov_92.913043	81	144	58	2	63	0.0317460
NODE_301825_length_191_cov_92.913043	81	144	62	2	63	0.0317460
NODE_301825_length_191_cov_92.913043	81	144	64	5	63	0.0793651
NODE_301825_length_191_cov_92.913043	81	144	66	2	63	0.0317460
NODE_301825_length_191_cov_92.913043	81	144	68	28	63	0.4444444
NODE_301855_length_190_cov_112.285714	8	91	18	28	83	0.3373494
NODE_301855_length_190_cov_112.285714	8	91	21	34	83	0.4096386
NODE_301855_length_190_cov_112.285714	8	91	22	21	83	0.2530121
NODE_301859_length_190_cov_41.373626	92	172	6	5	80	0.0625000
NODE_301859_length_190_cov_41.373626	92	172	8	1	80	0.0125000
NODE_301859_length_190_cov_41.373626	92	172	10	21	80	0.2625000
NODE_301859_length_190_cov_41.373626	92	172	12	1	80	0.0125000
NODE_301859_length_190_cov_41.373626	92	172	14	27	80	0.3375000
NODE_301859_length_190_cov_41.373626	92	172	16	3	80	0.0375000
NODE_301859_length_190_cov_41.373626	92	172	18	22	80	0.2750000
NODE_301859_length_190_cov_41.373626	145	190	6	23	45	0.5111111
NODE_301859_length_190_cov_41.373626	145	190	8	1	45	0.0222222
NODE_301859_length_190_cov_41.373626	145	190	10	21	45	0.4666667
NODE_301880_length_189_cov_234.500000	19	88	12	10	69	0.1449275
NODE_301880_length_189_cov_234.500000	19	88	14	3	69	0.0434783
NODE_301880_length_189_cov_234.500000	19	88	16	34	69	0.4927536
NODE_301880_length_189_cov_234.500000	19	88	18	22	69	0.3188406
NODE_301882_length_189_cov_192.211111	134	186	6	1	52	0.0192308
NODE_301882_length_189_cov_192.211111	134	186	10	1	52	0.0192308
NODE_301882_length_189_cov_192.211111	134	186	12	2	52	0.0384615
NODE_301882_length_189_cov_192.211111	134	186	16	1	52	0.0192308
NODE_301882_length_189_cov_192.211111	134	186	18	3	52	0.0576923
NODE_301882_length_189_cov_192.211111	134	186	20	1	52	0.0192308
NODE_301882_length_189_cov_192.211111	134	186	21	1	52	0.0192308
NODE_301882_length_189_cov_192.211111	134	186	23	3	52	0.0576923
NODE_301882_length_189_cov_192.211111	134	186	25	2	52	0.0384615
NODE_301882_length_189_cov_192.211111	134	186	27	1	52	0.0192308
NODE_301882_length_189_cov_192.211111	134	186	29	1	52	0.0192308
NODE_301882_length_189_cov_192.211111	134	186	30	1	52	0.0192308
NODE_301882_length_189_cov_192.211111	134	186	32	3	52	0.0576923
NODE_301882_length_189_cov_192.211111	134	186	34	2	52	0.0384615
NODE_301882_length_189_cov_192.211111	134	186	36	12	52	0.2307692
NODE_301882_length_189_cov_192.211111	134	186	37	11	52	0.2115385
NODE_301882_length_189_cov_192.211111	134	186	38	3	52	0.0576923
NODE_301882_length_189_cov_192.211111	134	186	40	3	52	0.0576923
NODE_301885_length_189_cov_70.600000	19	88	2	2	69	0.0289855
NODE_301885_length_189_cov_70.600000	19	88	4	27	69	0.3913043
NODE_301885_length_189_cov_70.600000	19	88	6	8	69	0.1159420
NODE_301885_length_189_cov_70.600000	19	88	8	32	69	0.4637681
NODE_301885_length_189_cov_70.600000	72	156	4	27	84	0.3214286
NODE_301885_length_189_cov_70.600000	72	156	6	8	84	0.0952381
NODE_301885_length_189_cov_70.600000	72	156	8	49	84	0.5833333
NODE_301886_length_189_cov_63.455556	70	150	84	1	80	0.0125000
NODE_301886_length_189_cov_63.455556	70	150	85	2	80	0.0250000
NODE_301886_length_189_cov_63.455556	70	150	86	1	80	0.0125000
NODE_301886_length_189_cov_63.455556	70	150	92	1	80	0.0125000
NODE_301886_length_189_cov_63.455556	70	150	94	2	80	0.0250000
NODE_301886_length_189_cov_63.455556	70	150	104	3	80	0.0375000
NODE_301886_length_189_cov_63.455556	70	150	110	2	80	0.0250000
NODE_301886_length_189_cov_63.455556	70	150	114	1	80	0.0125000
NODE_301886_length_189_cov_63.455556	70	150	116	1	80	0.0125000
NODE_301886_length_189_cov_63.455556	70	150	118	4	80	0.0500000
NODE_301886_length_189_cov_63.455556	70	150	120	1	80	0.0125000
NODE_301886_length_189_cov_63.455556	70	150	124	3	80	0.0375000
NODE_301886_length_189_cov_63.455556	70	150	130	9	80	0.1125000
NODE_301886_length_189_cov_63.455556	70	150	132	2	80	0.0250000
NODE_301886_length_189_cov_63.455556	70	150	134	2	80	0.0250000
NODE_301886_length_189_cov_63.455556	70	150	142	1	80	0.0125000
NODE_301886_length_189_cov_63.455556	70	150	146	3	80	0.0375000
NODE_301886_length_189_cov_63.455556	70	150	148	1	80	0.0125000
NODE_301886_length_189_cov_63.455556	70	150	150	2	80	0.0250000
NODE_301886_length_189_cov_63.455556	70	150	154	1	80	0.0125000
NODE_301886_length_189_cov_63.455556	70	150	157	2	80	0.0250000
NODE_301886_length_189_cov_63.455556	70	150	160	1	80	0.0125000
NODE_301886_length_189_cov_63.455556	70	150	161	1	80	0.0125000
NODE_301886_length_189_cov_63.455556	70	150	166	1	80	0.0125000
NODE_301886_length_189_cov_63.455556	70	150	168	1	80	0.0125000
NODE_301886_length_189_cov_63.455556	70	150	169	1	80	0.0125000
NODE_301886_length_189_cov_63.455556	70	150	172	1	80	0.0125000
NODE_301886_length_189_cov_63.455556	70	150	175	1	80	0.0125000
NODE_301886_length_189_cov_63.455556	70	150	176	10	80	0.1250000
NODE_301886_length_189_cov_63.455556	70	150	178	18	80	0.2250000
NODE_301886_length_189_cov_63.455556	70	141	104	1	71	0.0140845
NODE_301886_length_189_cov_63.455556	70	141	110	2	71	0.0281690
NODE_301886_length_189_cov_63.455556	70	141	114	1	71	0.0140845
NODE_301886_length_189_cov_63.455556	70	141	116	1	71	0.0140845
NODE_301886_length_189_cov_63.455556	70	141	118	4	71	0.0563380
NODE_301886_length_189_cov_63.455556	70	141	120	1	71	0.0140845
NODE_301886_length_189_cov_63.455556	70	141	124	3	71	0.0422535
NODE_301886_length_189_cov_63.455556	70	141	130	9	71	0.1267606
NODE_301886_length_189_cov_63.455556	70	141	132	2	71	0.0281690
NODE_301886_length_189_cov_63.455556	70	141	134	2	71	0.0281690
NODE_301886_length_189_cov_63.455556	70	141	142	1	71	0.0140845
NODE_301886_length_189_cov_63.455556	70	141	146	3	71	0.0422535
NODE_301886_length_189_cov_63.455556	70	141	148	1	71	0.0140845
NODE_301886_length_189_cov_63.455556	70	141	150	2	71	0.0281690
NODE_301886_length_189_cov_63.455556	70	141	154	1	71	0.0140845
NODE_301886_length_189_cov_63.455556	70	141	157	2	71	0.0281690
NODE_301886_length_189_cov_63.455556	70	141	160	1	71	0.0140845
NODE_301886_length_189_cov_63.455556	70	141	161	1	71	0.0140845
NODE_301886_length_189_cov_63.455556	70	141	166	1	71	0.0140845
NODE_301886_length_189_cov_63.455556	70	141	168	1	71	0.0140845
NODE_301886_length_189_cov_63.455556	70	141	169	1	71	0.0140845
NODE_301886_length_189_cov_63.455556	70	141	172	1	71	0.0140845
NODE_301886_length_189_cov_63.455556	70	141	175	1	71	0.0140845
NODE_301886_length_189_cov_63.455556	70	141	176	10	71	0.1408451
NODE_301886_length_189_cov_63.455556	70	141	178	18	71	0.2535211
NODE_301891_length_189_cov_43.600000	0	73	20	2	73	0.0273973
NODE_301891_length_189_cov_43.600000	0	73	24	7	73	0.0958904
NODE_301891_length_189_cov_43.600000	0	73	32	2	73	0.0273973
NODE_301891_length_189_cov_43.600000	0	73	38	3	73	0.0410959
NODE_301891_length_189_cov_43.600000	0	73	40	4	73	0.0547945
NODE_301891_length_189_cov_43.600000	0	73	42	1	73	0.0136986
NODE_301891_length_189_cov_43.600000	0	73	51	1	73	0.0136986
NODE_301891_length_189_cov_43.600000	0	73	53	4	73	0.0547945
NODE_301891_length_189_cov_43.600000	0	73	59	1	73	0.0136986
NODE_301891_length_189_cov_43.600000	0	73	60	1	73	0.0136986
NODE_301891_length_189_cov_43.600000	0	73	62	1	73	0.0136986
NODE_301891_length_189_cov_43.600000	0	73	63	1	73	0.0136986
NODE_301891_length_189_cov_43.600000	0	73	64	6	73	0.0821918
NODE_301891_length_189_cov_43.600000	0	73	66	2	73	0.0273973
NODE_301891_length_189_cov_43.600000	0	73	68	5	73	0.0684932
NODE_301891_length_189_cov_43.600000	0	73	70	3	73	0.0410959
NODE_301891_length_189_cov_43.600000	0	73	72	11	73	0.1506849
NODE_301891_length_189_cov_43.600000	0	73	73	18	73	0.2465753
NODE_301940_length_188_cov_2021.561798	108	188	20	1	80	0.0125000
NODE_301940_length_188_cov_2021.561798	108	188	24	2	80	0.0250000
NODE_301940_length_188_cov_2021.561798	108	188	38	1	80	0.0125000
NODE_301940_length_188_cov_2021.561798	108	188	57	1	80	0.0125000
NODE_301940_length_188_cov_2021.561798	108	188	58	1	80	0.0125000
NODE_301940_length_188_cov_2021.561798	108	188	85	1	80	0.0125000
NODE_301940_length_188_cov_2021.561798	108	188	90	3	80	0.0375000
NODE_301940_length_188_cov_2021.561798	108	188	94	1	80	0.0125000
NODE_301940_length_188_cov_2021.561798	108	188	96	1	80	0.0125000
NODE_301940_length_188_cov_2021.561798	108	188	98	2	80	0.0250000
NODE_301940_length_188_cov_2021.561798	108	188	100	4	80	0.0500000
NODE_301940_length_188_cov_2021.561798	108	188	112	4	80	0.0500000
NODE_301940_length_188_cov_2021.561798	108	188	116	1	80	0.0125000
NODE_301940_length_188_cov_2021.561798	108	188	118	1	80	0.0125000
NODE_301940_length_188_cov_2021.561798	108	188	123	2	80	0.0250000
NODE_301940_length_188_cov_2021.561798	108	188	125	1	80	0.0125000
NODE_301940_length_188_cov_2021.561798	108	188	131	3	80	0.0375000
NODE_301940_length_188_cov_2021.561798	108	188	133	1	80	0.0125000
NODE_301940_length_188_cov_2021.561798	108	188	135	1	80	0.0125000
NODE_301940_length_188_cov_2021.561798	108	188	137	6	80	0.0750000
NODE_301940_length_188_cov_2021.561798	108	188	141	1	80	0.0125000
NODE_301940_length_188_cov_2021.561798	108	188	145	1	80	0.0125000
NODE_301940_length_188_cov_2021.561798	108	188	147	2	80	0.0250000
NODE_301940_length_188_cov_2021.561798	108	188	149	10	80	0.1250000
NODE_301940_length_188_cov_2021.561798	108	188	151	6	80	0.0750000
NODE_301940_length_188_cov_2021.561798	108	188	155	3	80	0.0375000
NODE_301940_length_188_cov_2021.561798	108	188	156	1	80	0.0125000
NODE_301940_length_188_cov_2021.561798	108	188	157	3	80	0.0375000
NODE_301940_length_188_cov_2021.561798	108	188	159	6	80	0.0750000
NODE_301940_length_188_cov_2021.561798	108	188	160	9	80	0.1125000
NODE_301940_length_188_cov_2021.561798	161	183	58	1	22	0.0454545
NODE_301940_length_188_cov_2021.561798	161	183	85	1	22	0.0454545
NODE_301940_length_188_cov_2021.561798	161	183	90	3	22	0.1363636
NODE_301940_length_188_cov_2021.561798	161	183	94	1	22	0.0454545
NODE_301940_length_188_cov_2021.561798	161	183	96	1	22	0.0454545
NODE_301940_length_188_cov_2021.561798	161	183	98	2	22	0.0909091
NODE_301940_length_188_cov_2021.561798	161	183	100	4	22	0.1818182
NODE_301940_length_188_cov_2021.561798	161	183	112	4	22	0.1818182
NODE_301940_length_188_cov_2021.561798	161	183	116	1	22	0.0454545
NODE_301940_length_188_cov_2021.561798	161	183	118	1	22	0.0454545
NODE_301940_length_188_cov_2021.561798	161	183	123	2	22	0.0909091
NODE_301940_length_188_cov_2021.561798	161	183	125	1	22	0.0454545
NODE_301952_length_188_cov_37.988764	0	50	0	5	50	0.1000000
NODE_301952_length_188_cov_37.988764	0	50	2	45	50	0.9000000
NODE_301980_length_187_cov_71.170455	124	155	30	3	31	0.0967742
NODE_301980_length_187_cov_71.170455	124	155	31	4	31	0.1290323
NODE_301980_length_187_cov_71.170455	124	155	33	1	31	0.0322581
NODE_301980_length_187_cov_71.170455	124	155	35	4	31	0.1290323
NODE_301980_length_187_cov_71.170455	124	155	39	4	31	0.1290323
NODE_301980_length_187_cov_71.170455	124	155	41	9	31	0.2903226
NODE_301980_length_187_cov_71.170455	124	155	42	6	31	0.1935484
NODE_301981_length_187_cov_56.000000	72	136	56	4	64	0.0625000
NODE_301981_length_187_cov_56.000000	72	136	64	1	64	0.0156250
NODE_301981_length_187_cov_56.000000	72	136	69	1	64	0.0156250
NODE_301981_length_187_cov_56.000000	72	136	72	2	64	0.0312500
NODE_301981_length_187_cov_56.000000	72	136	76	2	64	0.0312500
NODE_301981_length_187_cov_56.000000	72	136	80	1	64	0.0156250
NODE_301981_length_187_cov_56.000000	72	136	82	3	64	0.0468750
NODE_301981_length_187_cov_56.000000	72	136	91	1	64	0.0156250
NODE_301981_length_187_cov_56.000000	72	136	92	1	64	0.0156250
NODE_301981_length_187_cov_56.000000	72	136	94	4	64	0.0625000
NODE_301981_length_187_cov_56.000000	72	136	96	2	64	0.0312500
NODE_301981_length_187_cov_56.000000	72	136	98	6	64	0.0937500
NODE_301981_length_187_cov_56.000000	72	136	100	36	64	0.5625000
NODE_301981_length_187_cov_56.000000	72	136	56	4	64	0.0625000
NODE_301981_length_187_cov_56.000000	72	136	64	1	64	0.0156250
NODE_301981_length_187_cov_56.000000	72	136	69	1	64	0.0156250
NODE_301981_length_187_cov_56.000000	72	136	72	2	64	0.0312500
NODE_301981_length_187_cov_56.000000	72	136	76	2	64	0.0312500
NODE_301981_length_187_cov_56.000000	72	136	80	1	64	0.0156250
NODE_301981_length_187_cov_56.000000	72	136	82	3	64	0.0468750
NODE_301981_length_187_cov_56.000000	72	136	91	1	64	0.0156250
NODE_301981_length_187_cov_56.000000	72	136	92	1	64	0.0156250
NODE_301981_length_187_cov_56.000000	72	136	94	4	64	0.0625000
NODE_301981_length_187_cov_56.000000	72	136	96	2	64	0.0312500
NODE_301981_length_187_cov_56.000000	72	136	98	6	64	0.0937500
NODE_301981_length_187_cov_56.000000	72	136	100	36	64	0.5625000
NODE_301981_length_187_cov_56.000000	109	175	13	1	66	0.0151515
NODE_301981_length_187_cov_56.000000	109	175	15	2	66	0.0303030
NODE_301981_length_187_cov_56.000000	109	175	20	1	66	0.0151515
NODE_301981_length_187_cov_56.000000	109	175	22	3	66	0.0454545
NODE_301981_length_187_cov_56.000000	109	175	23	2	66	0.0303030
NODE_301981_length_187_cov_56.000000	109	175	24	1	66	0.0151515
NODE_301981_length_187_cov_56.000000	109	175	26	1	66	0.0151515
NODE_301981_length_187_cov_56.000000	109	175	27	3	66	0.0454545
NODE_301981_length_187_cov_56.000000	109	175	29	2	66	0.0303030
NODE_301981_length_187_cov_56.000000	109	175	31	3	66	0.0454545
NODE_301981_length_187_cov_56.000000	109	175	33	1	66	0.0151515
NODE_301981_length_187_cov_56.000000	109	175	34	1	66	0.0151515
NODE_301981_length_187_cov_56.000000	109	175	36	2	66	0.0303030
NODE_301981_length_187_cov_56.000000	109	175	38	5	66	0.0757576
NODE_301981_length_187_cov_56.000000	109	175	41	1	66	0.0151515
NODE_301981_length_187_cov_56.000000	109	175	43	1	66	0.0151515
NODE_301981_length_187_cov_56.000000	109	175	46	3	66	0.0454545
NODE_301981_length_187_cov_56.000000	109	175	48	3	66	0.0454545
NODE_301981_length_187_cov_56.000000	109	175	49	3	66	0.0454545
NODE_301981_length_187_cov_56.000000	109	175	56	4	66	0.0606061
NODE_301981_length_187_cov_56.000000	109	175	64	1	66	0.0151515
NODE_301981_length_187_cov_56.000000	109	175	69	1	66	0.0151515
NODE_301981_length_187_cov_56.000000	109	175	72	2	66	0.0303030
NODE_301981_length_187_cov_56.000000	109	175	76	2	66	0.0303030
NODE_301981_length_187_cov_56.000000	109	175	80	1	66	0.0151515
NODE_301981_length_187_cov_56.000000	109	175	82	3	66	0.0454545
NODE_301981_length_187_cov_56.000000	109	175	91	1	66	0.0151515
NODE_301981_length_187_cov_56.000000	109	175	92	1	66	0.0151515
NODE_301981_length_187_cov_56.000000	109	175	94	3	66	0.0454545
NODE_301981_length_187_cov_56.000000	109	175	98	3	66	0.0454545
NODE_301981_length_187_cov_56.000000	109	175	100	5	66	0.0757576
NODE_301981_length_187_cov_56.000000	109	180	11	1	71	0.0140845
NODE_301981_length_187_cov_56.000000	109	180	13	5	71	0.0704225
NODE_301981_length_187_cov_56.000000	109	180	15	2	71	0.0281690
NODE_301981_length_187_cov_56.000000	109	180	20	1	71	0.0140845
NODE_301981_length_187_cov_56.000000	109	180	22	3	71	0.0422535
NODE_301981_length_187_cov_56.000000	109	180	23	2	71	0.0281690
NODE_301981_length_187_cov_56.000000	109	180	24	1	71	0.0140845
NODE_301981_length_187_cov_56.000000	109	180	26	1	71	0.0140845
NODE_301981_length_187_cov_56.000000	109	180	27	3	71	0.0422535
NODE_301981_length_187_cov_56.000000	109	180	29	2	71	0.0281690
NODE_301981_length_187_cov_56.000000	109	180	31	3	71	0.0422535
NODE_301981_length_187_cov_56.000000	109	180	33	1	71	0.0140845
NODE_301981_length_187_cov_56.000000	109	180	34	1	71	0.0140845
NODE_301981_length_187_cov_56.000000	109	180	36	2	71	0.0281690
NODE_301981_length_187_cov_56.000000	109	180	38	5	71	0.0704225
NODE_301981_length_187_cov_56.000000	109	180	41	1	71	0.0140845
NODE_301981_length_187_cov_56.000000	109	180	43	1	71	0.0140845
NODE_301981_length_187_cov_56.000000	109	180	46	3	71	0.0422535
NODE_301981_length_187_cov_56.000000	109	180	48	3	71	0.0422535
NODE_301981_length_187_cov_56.000000	109	180	49	3	71	0.0422535
NODE_301981_length_187_cov_56.000000	109	180	56	4	71	0.0563380
NODE_301981_length_187_cov_56.000000	109	180	64	1	71	0.0140845
NODE_301981_length_187_cov_56.000000	109	180	69	1	71	0.0140845
NODE_301981_length_187_cov_56.000000	109	180	72	2	71	0.0281690
NODE_301981_length_187_cov_56.000000	109	180	76	2	71	0.0281690
NODE_301981_length_187_cov_56.000000	109	180	80	1	71	0.0140845
NODE_301981_length_187_cov_56.000000	109	180	82	3	71	0.0422535
NODE_301981_length_187_cov_56.000000	109	180	91	1	71	0.0140845
NODE_301981_length_187_cov_56.000000	109	180	92	1	71	0.0140845
NODE_301981_length_187_cov_56.000000	109	180	94	3	71	0.0422535
NODE_301981_length_187_cov_56.000000	109	180	98	3	71	0.0422535
NODE_301981_length_187_cov_56.000000	109	180	100	5	71	0.0704225
NODE_301986_length_187_cov_37.397727	4	57	6	1	53	0.0188679
NODE_301986_length_187_cov_37.397727	4	57	9	8	53	0.1509434
NODE_301986_length_187_cov_37.397727	4	57	11	2	53	0.0377358
NODE_301986_length_187_cov_37.397727	4	57	12	1	53	0.0188679
NODE_301986_length_187_cov_37.397727	4	57	21	3	53	0.0566038
NODE_301986_length_187_cov_37.397727	4	57	29	10	53	0.1886792
NODE_301986_length_187_cov_37.397727	4	57	31	4	53	0.0754717
NODE_301986_length_187_cov_37.397727	4	57	33	2	53	0.0377358
NODE_301986_length_187_cov_37.397727	4	57	35	4	53	0.0754717
NODE_301986_length_187_cov_37.397727	4	57	37	1	53	0.0188679
NODE_301986_length_187_cov_37.397727	4	57	39	4	53	0.0754717
NODE_301986_length_187_cov_37.397727	4	57	41	3	53	0.0566038
NODE_301986_length_187_cov_37.397727	4	57	46	4	53	0.0754717
NODE_301986_length_187_cov_37.397727	4	57	48	3	53	0.0566038
NODE_301986_length_187_cov_37.397727	4	57	50	1	53	0.0188679
NODE_301986_length_187_cov_37.397727	4	57	52	2	53	0.0377358
NODE_301986_length_187_cov_37.397727	12	78	9	1	66	0.0151515
NODE_301986_length_187_cov_37.397727	12	78	11	2	66	0.0303030
NODE_301986_length_187_cov_37.397727	12	78	12	1	66	0.0151515
NODE_301986_length_187_cov_37.397727	12	78	21	3	66	0.0454545
NODE_301986_length_187_cov_37.397727	12	78	29	10	66	0.1515152
NODE_301986_length_187_cov_37.397727	12	78	31	4	66	0.0606061
NODE_301986_length_187_cov_37.397727	12	78	33	2	66	0.0303030
NODE_301986_length_187_cov_37.397727	12	78	35	4	66	0.0606061
NODE_301986_length_187_cov_37.397727	12	78	37	1	66	0.0151515
NODE_301986_length_187_cov_37.397727	12	78	39	4	66	0.0606061
NODE_301986_length_187_cov_37.397727	12	78	41	3	66	0.0454545
NODE_301986_length_187_cov_37.397727	12	78	46	4	66	0.0606061
NODE_301986_length_187_cov_37.397727	12	78	48	3	66	0.0454545
NODE_301986_length_187_cov_37.397727	12	78	50	1	66	0.0151515
NODE_301986_length_187_cov_37.397727	12	78	52	2	66	0.0303030
NODE_301986_length_187_cov_37.397727	12	78	54	1	66	0.0151515
NODE_301986_length_187_cov_37.397727	12	78	56	1	66	0.0151515
NODE_301986_length_187_cov_37.397727	12	78	63	4	66	0.0606061
NODE_301986_length_187_cov_37.397727	12	78	65	2	66	0.0303030
NODE_301986_length_187_cov_37.397727	12	78	67	1	66	0.0151515
NODE_301986_length_187_cov_37.397727	12	78	68	12	66	0.1818182
NODE_301986_length_187_cov_37.397727	51	112	48	3	61	0.0491803
NODE_301986_length_187_cov_37.397727	51	112	50	1	61	0.0163934
NODE_301986_length_187_cov_37.397727	51	112	52	2	61	0.0327869
NODE_301986_length_187_cov_37.397727	51	112	54	1	61	0.0163934
NODE_301986_length_187_cov_37.397727	51	112	56	1	61	0.0163934
NODE_301986_length_187_cov_37.397727	51	112	63	4	61	0.0655738
NODE_301986_length_187_cov_37.397727	51	112	65	2	61	0.0327869
NODE_301986_length_187_cov_37.397727	51	112	67	1	61	0.0163934
NODE_301986_length_187_cov_37.397727	51	112	68	46	61	0.7540984
NODE_301986_length_187_cov_37.397727	51	114	48	3	63	0.0476190
NODE_301986_length_187_cov_37.397727	51	114	50	1	63	0.0158730
NODE_301986_length_187_cov_37.397727	51	114	52	2	63	0.0317460
NODE_301986_length_187_cov_37.397727	51	114	54	1	63	0.0158730
NODE_301986_length_187_cov_37.397727	51	114	56	1	63	0.0158730
NODE_301986_length_187_cov_37.397727	51	114	63	4	63	0.0634921
NODE_301986_length_187_cov_37.397727	51	114	65	2	63	0.0317460
NODE_301986_length_187_cov_37.397727	51	114	67	1	63	0.0158730
NODE_301986_length_187_cov_37.397727	51	114	68	48	63	0.7619048
NODE_302020_length_186_cov_309.620690	20	104	16	2	84	0.0238095
NODE_302020_length_186_cov_309.620690	20	104	18	21	84	0.2500000
NODE_302020_length_186_cov_309.620690	20	104	20	8	84	0.0952381
NODE_302020_length_186_cov_309.620690	20	104	24	53	84	0.6309524
NODE_302021_length_186_cov_295.505747	57	115	60	1	58	0.0172414
NODE_302021_length_186_cov_295.505747	57	115	62	1	58	0.0172414
NODE_302021_length_186_cov_295.505747	57	115	64	4	58	0.0689655
NODE_302021_length_186_cov_295.505747	57	115	66	5	58	0.0862069
NODE_302021_length_186_cov_295.505747	57	115	68	6	58	0.1034483
NODE_302021_length_186_cov_295.505747	57	115	70	41	58	0.7068965
NODE_302021_length_186_cov_295.505747	101	168	15	7	67	0.1044776
NODE_302021_length_186_cov_295.505747	101	168	17	1	67	0.0149254
NODE_302021_length_186_cov_295.505747	101	168	19	5	67	0.0746269
NODE_302021_length_186_cov_295.505747	101	168	21	1	67	0.0149254
NODE_302021_length_186_cov_295.505747	101	168	23	3	67	0.0447761
NODE_302021_length_186_cov_295.505747	101	168	24	3	67	0.0447761
NODE_302021_length_186_cov_295.505747	101	168	26	1	67	0.0149254
NODE_302021_length_186_cov_295.505747	101	168	30	8	67	0.1194030
NODE_302021_length_186_cov_295.505747	101	168	32	2	67	0.0298507
NODE_302021_length_186_cov_295.505747	101	168	34	2	67	0.0298507
NODE_302021_length_186_cov_295.505747	101	168	36	1	67	0.0149254
NODE_302021_length_186_cov_295.505747	101	168	38	1	67	0.0149254
NODE_302021_length_186_cov_295.505747	101	168	40	8	67	0.1194030
NODE_302021_length_186_cov_295.505747	101	168	54	4	67	0.0597015
NODE_302021_length_186_cov_295.505747	101	168	58	1	67	0.0149254
NODE_302021_length_186_cov_295.505747	101	168	62	6	67	0.0895522
NODE_302021_length_186_cov_295.505747	101	168	64	1	67	0.0149254
NODE_302021_length_186_cov_295.505747	101	168	70	12	67	0.1791045
NODE_302025_length_186_cov_61.344828	38	118	34	2	80	0.0250000
NODE_302025_length_186_cov_61.344828	38	118	40	1	80	0.0125000
NODE_302025_length_186_cov_61.344828	38	118	42	1	80	0.0125000
NODE_302025_length_186_cov_61.344828	38	118	48	6	80	0.0750000
NODE_302025_length_186_cov_61.344828	38	118	50	1	80	0.0125000
NODE_302025_length_186_cov_61.344828	38	118	52	3	80	0.0375000
NODE_302025_length_186_cov_61.344828	38	118	54	2	80	0.0250000
NODE_302025_length_186_cov_61.344828	38	118	56	1	80	0.0125000
NODE_302025_length_186_cov_61.344828	38	118	60	9	80	0.1125000
NODE_302025_length_186_cov_61.344828	38	118	64	6	80	0.0750000
NODE_302025_length_186_cov_61.344828	38	118	66	1	80	0.0125000
NODE_302025_length_186_cov_61.344828	38	118	68	47	80	0.5875000
NODE_302025_length_186_cov_61.344828	91	171	24	2	80	0.0250000
NODE_302025_length_186_cov_61.344828	91	171	31	1	80	0.0125000
NODE_302025_length_186_cov_61.344828	91	171	32	2	80	0.0250000
NODE_302025_length_186_cov_61.344828	91	171	37	1	80	0.0125000
NODE_302025_length_186_cov_61.344828	91	171	38	1	80	0.0125000
NODE_302025_length_186_cov_61.344828	91	171	40	1	80	0.0125000
NODE_302025_length_186_cov_61.344828	91	171	44	2	80	0.0250000
NODE_302025_length_186_cov_61.344828	91	171	46	1	80	0.0125000
NODE_302025_length_186_cov_61.344828	91	171	50	1	80	0.0125000
NODE_302025_length_186_cov_61.344828	91	171	52	1	80	0.0125000
NODE_302025_length_186_cov_61.344828	91	171	58	13	80	0.1625000
NODE_302025_length_186_cov_61.344828	91	171	64	2	80	0.0250000
NODE_302025_length_186_cov_61.344828	91	171	66	19	80	0.2375000
NODE_302025_length_186_cov_61.344828	91	171	68	33	80	0.4125000
NODE_302201_length_182_cov_127.759036	6	52	23	1	46	0.0217391
NODE_302201_length_182_cov_127.759036	6	52	24	3	46	0.0652174
NODE_302201_length_182_cov_127.759036	6	52	25	4	46	0.0869565
NODE_302201_length_182_cov_127.759036	6	52	27	1	46	0.0217391
NODE_302201_length_182_cov_127.759036	6	52	29	1	46	0.0217391
NODE_302201_length_182_cov_127.759036	6	52	31	2	46	0.0434783
NODE_302201_length_182_cov_127.759036	6	52	32	1	46	0.0217391
NODE_302201_length_182_cov_127.759036	6	52	38	2	46	0.0434783
NODE_302201_length_182_cov_127.759036	6	52	40	2	46	0.0434783
NODE_302201_length_182_cov_127.759036	6	52	46	3	46	0.0652174
NODE_302201_length_182_cov_127.759036	6	52	48	3	46	0.0652174
NODE_302201_length_182_cov_127.759036	6	52	50	1	46	0.0217391
NODE_302201_length_182_cov_127.759036	6	52	54	1	46	0.0217391
NODE_302201_length_182_cov_127.759036	6	52	58	1	46	0.0217391
NODE_302201_length_182_cov_127.759036	6	52	60	1	46	0.0217391
NODE_302201_length_182_cov_127.759036	6	52	62	1	46	0.0217391
NODE_302201_length_182_cov_127.759036	6	52	64	7	46	0.1521739
NODE_302201_length_182_cov_127.759036	6	52	66	4	46	0.0869565
NODE_302201_length_182_cov_127.759036	6	52	67	4	46	0.0869565
NODE_302201_length_182_cov_127.759036	6	52	69	3	46	0.0652174
NODE_302201_length_182_cov_127.759036	59	105	78	1	46	0.0217391
NODE_302201_length_182_cov_127.759036	59	105	79	1	46	0.0217391
NODE_302201_length_182_cov_127.759036	59	105	80	1	46	0.0217391
NODE_302201_length_182_cov_127.759036	59	105	84	1	46	0.0217391
NODE_302201_length_182_cov_127.759036	59	105	90	3	46	0.0652174
NODE_302201_length_182_cov_127.759036	59	105	92	9	46	0.1956522
NODE_302201_length_182_cov_127.759036	59	105	94	30	46	0.6521739
NODE_302214_length_182_cov_29.421687	5	35	0	3	30	0.1000000
NODE_302214_length_182_cov_29.421687	5	35	4	15	30	0.5000000
NODE_302214_length_182_cov_29.421687	5	35	6	12	30	0.4000000
NODE_302214_length_182_cov_29.421687	8	88	4	15	80	0.1875000
NODE_302214_length_182_cov_29.421687	8	88	6	65	80	0.8125000
NODE_302236_length_181_cov_141.195122	1	60	0	18	59	0.3050847
NODE_302236_length_181_cov_141.195122	1	60	2	4	59	0.0677966
NODE_302236_length_181_cov_141.195122	1	60	4	6	59	0.1016949
NODE_302236_length_181_cov_141.195122	1	60	8	17	59	0.2881356
NODE_302236_length_181_cov_141.195122	1	60	10	1	59	0.0169492
NODE_302236_length_181_cov_141.195122	1	60	12	3	59	0.0508475
NODE_302236_length_181_cov_141.195122	1	60	16	5	59	0.0847458
NODE_302236_length_181_cov_141.195122	1	60	18	1	59	0.0169492
NODE_302236_length_181_cov_141.195122	1	60	20	1	59	0.0169492
NODE_302236_length_181_cov_141.195122	1	60	22	3	59	0.0508475
NODE_302236_length_181_cov_141.195122	34	60	8	12	26	0.4615385
NODE_302236_length_181_cov_141.195122	34	60	10	1	26	0.0384615
NODE_302236_length_181_cov_141.195122	34	60	12	3	26	0.1153846
NODE_302236_length_181_cov_141.195122	34	60	16	5	26	0.1923077
NODE_302236_length_181_cov_141.195122	34	60	18	1	26	0.0384615
NODE_302236_length_181_cov_141.195122	34	60	20	1	26	0.0384615
NODE_302236_length_181_cov_141.195122	34	60	22	3	26	0.1153846
NODE_302236_length_181_cov_141.195122	114	145	27	6	31	0.1935484
NODE_302236_length_181_cov_141.195122	114	145	31	3	31	0.0967742
NODE_302236_length_181_cov_141.195122	114	145	32	22	31	0.7096774
NODE_302285_length_180_cov_102.567901	6	75	28	2	69	0.0289855
NODE_302285_length_180_cov_102.567901	6	75	30	1	69	0.0144928
NODE_302285_length_180_cov_102.567901	6	75	32	1	69	0.0144928
NODE_302285_length_180_cov_102.567901	6	75	36	1	69	0.0144928
NODE_302285_length_180_cov_102.567901	6	75	38	2	69	0.0289855
NODE_302285_length_180_cov_102.567901	6	75	41	8	69	0.1159420
NODE_302285_length_180_cov_102.567901	6	75	44	3	69	0.0434783
NODE_302285_length_180_cov_102.567901	6	75	48	1	69	0.0144928
NODE_302285_length_180_cov_102.567901	6	75	52	1	69	0.0144928
NODE_302285_length_180_cov_102.567901	6	75	54	1	69	0.0144928
NODE_302285_length_180_cov_102.567901	6	75	63	1	69	0.0144928
NODE_302285_length_180_cov_102.567901	6	75	68	1	69	0.0144928
NODE_302285_length_180_cov_102.567901	6	75	75	1	69	0.0144928
NODE_302285_length_180_cov_102.567901	6	75	79	1	69	0.0144928
NODE_302285_length_180_cov_102.567901	6	75	83	1	69	0.0144928
NODE_302285_length_180_cov_102.567901	6	75	84	3	69	0.0434783
NODE_302285_length_180_cov_102.567901	6	75	88	1	69	0.0144928
NODE_302285_length_180_cov_102.567901	6	75	90	1	69	0.0144928
NODE_302285_length_180_cov_102.567901	6	75	92	1	69	0.0144928
NODE_302285_length_180_cov_102.567901	6	75	94	2	69	0.0289855
NODE_302285_length_180_cov_102.567901	6	75	96	1	69	0.0144928
NODE_302285_length_180_cov_102.567901	6	75	98	1	69	0.0144928
NODE_302285_length_180_cov_102.567901	6	75	99	1	69	0.0144928
NODE_302285_length_180_cov_102.567901	6	75	101	1	69	0.0144928
NODE_302285_length_180_cov_102.567901	6	75	103	2	69	0.0289855
NODE_302285_length_180_cov_102.567901	6	75	111	1	69	0.0144928
NODE_302285_length_180_cov_102.567901	6	75	113	2	69	0.0289855
NODE_302285_length_180_cov_102.567901	6	75	118	1	69	0.0144928
NODE_302285_length_180_cov_102.567901	6	75	124	4	69	0.0579710
NODE_302285_length_180_cov_102.567901	6	75	126	4	69	0.0579710
NODE_302285_length_180_cov_102.567901	6	75	128	4	69	0.0579710
NODE_302285_length_180_cov_102.567901	6	75	130	2	69	0.0289855
NODE_302285_length_180_cov_102.567901	6	75	133	10	69	0.1449275
NODE_302285_length_180_cov_102.567901	6	75	139	1	69	0.0144928
NODE_302363_length_178_cov_93.620253	81	112	11	1	31	0.0322581
NODE_302363_length_178_cov_93.620253	81	112	13	30	31	0.9677419
NODE_302365_length_178_cov_62.696203	0	78	6	2	78	0.0256410
NODE_302365_length_178_cov_62.696203	0	78	8	2	78	0.0256410
NODE_302365_length_178_cov_62.696203	0	78	10	3	78	0.0384615
NODE_302365_length_178_cov_62.696203	0	78	16	2	78	0.0256410
NODE_302365_length_178_cov_62.696203	0	78	22	4	78	0.0512821
NODE_302365_length_178_cov_62.696203	0	78	24	2	78	0.0256410
NODE_302365_length_178_cov_62.696203	0	78	27	1	78	0.0128205
NODE_302365_length_178_cov_62.696203	0	78	28	6	78	0.0769231
NODE_302365_length_178_cov_62.696203	0	78	30	2	78	0.0256410
NODE_302365_length_178_cov_62.696203	0	78	32	4	78	0.0512821
NODE_302365_length_178_cov_62.696203	0	78	36	1	78	0.0128205
NODE_302365_length_178_cov_62.696203	0	78	38	3	78	0.0384615
NODE_302365_length_178_cov_62.696203	0	78	44	6	78	0.0769231
NODE_302365_length_178_cov_62.696203	0	78	48	2	78	0.0256410
NODE_302365_length_178_cov_62.696203	0	78	50	9	78	0.1153846
NODE_302365_length_178_cov_62.696203	0	78	52	12	78	0.1538462
NODE_302365_length_178_cov_62.696203	0	78	56	17	78	0.2179487
NODE_302365_length_178_cov_62.696203	51	131	40	9	80	0.1125000
NODE_302365_length_178_cov_62.696203	51	131	44	4	80	0.0500000
NODE_302365_length_178_cov_62.696203	51	131	46	2	80	0.0250000
NODE_302365_length_178_cov_62.696203	51	131	48	2	80	0.0250000
NODE_302365_length_178_cov_62.696203	51	131	52	10	80	0.1250000
NODE_302365_length_178_cov_62.696203	51	131	54	7	80	0.0875000
NODE_302365_length_178_cov_62.696203	51	131	56	46	80	0.5750000
NODE_302477_length_175_cov_116.684211	42	122	0	8	80	0.1000000
NODE_302477_length_175_cov_116.684211	42	122	2	5	80	0.0625000
NODE_302477_length_175_cov_116.684211	42	122	4	67	80	0.8375000
NODE_302477_length_175_cov_116.684211	95	175	0	32	80	0.4000000
NODE_302477_length_175_cov_116.684211	95	175	2	3	80	0.0375000
NODE_302477_length_175_cov_116.684211	95	175	4	45	80	0.5625000
NODE_302482_length_175_cov_61.000000	81	121	76	5	40	0.1250000
NODE_302482_length_175_cov_61.000000	81	121	82	5	40	0.1250000
NODE_302482_length_175_cov_61.000000	81	121	84	3	40	0.0750000
NODE_302482_length_175_cov_61.000000	81	121	86	4	40	0.1000000
NODE_302482_length_175_cov_61.000000	81	121	88	2	40	0.0500000
NODE_302482_length_175_cov_61.000000	81	121	90	21	40	0.5250000
NODE_302538_length_174_cov_173.893333	53	93	74	1	40	0.0250000
NODE_302538_length_174_cov_173.893333	53	93	76	2	40	0.0500000
NODE_302538_length_174_cov_173.893333	53	93	80	1	40	0.0250000
NODE_302538_length_174_cov_173.893333	53	93	82	5	40	0.1250000
NODE_302538_length_174_cov_173.893333	53	93	84	7	40	0.1750000
NODE_302538_length_174_cov_173.893333	53	93	86	1	40	0.0250000
NODE_302538_length_174_cov_173.893333	53	93	88	23	40	0.5750000
NODE_302543_length_174_cov_50.346667	91	161	10	1	70	0.0142857
NODE_302543_length_174_cov_50.346667	91	161	15	1	70	0.0142857
NODE_302543_length_174_cov_50.346667	91	161	16	9	70	0.1285714
NODE_302543_length_174_cov_50.346667	91	161	18	3	70	0.0428571
NODE_302543_length_174_cov_50.346667	91	161	20	12	70	0.1714286
NODE_302543_length_174_cov_50.346667	91	161	22	9	70	0.1285714
NODE_302543_length_174_cov_50.346667	91	161	26	9	70	0.1285714
NODE_302543_length_174_cov_50.346667	91	161	28	26	70	0.3714286
NODE_302590_length_173_cov_184.351351	62	126	237	2	64	0.0312500
NODE_302590_length_173_cov_184.351351	62	126	239	2	64	0.0312500
NODE_302590_length_173_cov_184.351351	62	126	240	1	64	0.0156250
NODE_302590_length_173_cov_184.351351	62	126	248	1	64	0.0156250
NODE_302590_length_173_cov_184.351351	62	126	262	1	64	0.0156250
NODE_302590_length_173_cov_184.351351	62	126	264	1	64	0.0156250
NODE_302590_length_173_cov_184.351351	62	126	272	2	64	0.0312500
NODE_302590_length_173_cov_184.351351	62	126	277	3	64	0.0468750
NODE_302590_length_173_cov_184.351351	62	126	279	2	64	0.0312500
NODE_302590_length_173_cov_184.351351	62	126	281	1	64	0.0156250
NODE_302590_length_173_cov_184.351351	62	126	283	1	64	0.0156250
NODE_302590_length_173_cov_184.351351	62	126	289	1	64	0.0156250
NODE_302590_length_173_cov_184.351351	62	126	290	1	64	0.0156250
NODE_302590_length_173_cov_184.351351	62	126	292	2	64	0.0312500
NODE_302590_length_173_cov_184.351351	62	126	294	2	64	0.0312500
NODE_302590_length_173_cov_184.351351	62	126	296	41	64	0.6406250
NODE_302590_length_173_cov_184.351351	62	126	237	2	64	0.0312500
NODE_302590_length_173_cov_184.351351	62	126	239	2	64	0.0312500
NODE_302590_length_173_cov_184.351351	62	126	240	1	64	0.0156250
NODE_302590_length_173_cov_184.351351	62	126	248	1	64	0.0156250
NODE_302590_length_173_cov_184.351351	62	126	262	1	64	0.0156250
NODE_302590_length_173_cov_184.351351	62	126	264	1	64	0.0156250
NODE_302590_length_173_cov_184.351351	62	126	272	2	64	0.0312500
NODE_302590_length_173_cov_184.351351	62	126	277	3	64	0.0468750
NODE_302590_length_173_cov_184.351351	62	126	279	2	64	0.0312500
NODE_302590_length_173_cov_184.351351	62	126	281	1	64	0.0156250
NODE_302590_length_173_cov_184.351351	62	126	283	1	64	0.0156250
NODE_302590_length_173_cov_184.351351	62	126	289	1	64	0.0156250
NODE_302590_length_173_cov_184.351351	62	126	290	1	64	0.0156250
NODE_302590_length_173_cov_184.351351	62	126	292	2	64	0.0312500
NODE_302590_length_173_cov_184.351351	62	126	294	2	64	0.0312500
NODE_302590_length_173_cov_184.351351	62	126	296	41	64	0.6406250
NODE_302590_length_173_cov_184.351351	62	126	237	2	64	0.0312500
NODE_302590_length_173_cov_184.351351	62	126	239	2	64	0.0312500
NODE_302590_length_173_cov_184.351351	62	126	240	1	64	0.0156250
NODE_302590_length_173_cov_184.351351	62	126	248	1	64	0.0156250
NODE_302590_length_173_cov_184.351351	62	126	262	1	64	0.0156250
NODE_302590_length_173_cov_184.351351	62	126	264	1	64	0.0156250
NODE_302590_length_173_cov_184.351351	62	126	272	2	64	0.0312500
NODE_302590_length_173_cov_184.351351	62	126	277	3	64	0.0468750
NODE_302590_length_173_cov_184.351351	62	126	279	2	64	0.0312500
NODE_302590_length_173_cov_184.351351	62	126	281	1	64	0.0156250
NODE_302590_length_173_cov_184.351351	62	126	283	1	64	0.0156250
NODE_302590_length_173_cov_184.351351	62	126	289	1	64	0.0156250
NODE_302590_length_173_cov_184.351351	62	126	290	1	64	0.0156250
NODE_302590_length_173_cov_184.351351	62	126	292	2	64	0.0312500
NODE_302590_length_173_cov_184.351351	62	126	294	2	64	0.0312500
NODE_302590_length_173_cov_184.351351	62	126	296	41	64	0.6406250
NODE_302590_length_173_cov_184.351351	62	126	237	2	64	0.0312500
NODE_302590_length_173_cov_184.351351	62	126	239	2	64	0.0312500
NODE_302590_length_173_cov_184.351351	62	126	240	1	64	0.0156250
NODE_302590_length_173_cov_184.351351	62	126	248	1	64	0.0156250
NODE_302590_length_173_cov_184.351351	62	126	262	1	64	0.0156250
NODE_302590_length_173_cov_184.351351	62	126	264	1	64	0.0156250
NODE_302590_length_173_cov_184.351351	62	126	272	2	64	0.0312500
NODE_302590_length_173_cov_184.351351	62	126	277	3	64	0.0468750
NODE_302590_length_173_cov_184.351351	62	126	279	2	64	0.0312500
NODE_302590_length_173_cov_184.351351	62	126	281	1	64	0.0156250
NODE_302590_length_173_cov_184.351351	62	126	283	1	64	0.0156250
NODE_302590_length_173_cov_184.351351	62	126	289	1	64	0.0156250
NODE_302590_length_173_cov_184.351351	62	126	290	1	64	0.0156250
NODE_302590_length_173_cov_184.351351	62	126	292	2	64	0.0312500
NODE_302590_length_173_cov_184.351351	62	126	294	2	64	0.0312500
NODE_302590_length_173_cov_184.351351	62	126	296	41	64	0.6406250
NODE_302590_length_173_cov_184.351351	99	165	40	2	66	0.0303030
NODE_302590_length_173_cov_184.351351	99	165	48	2	66	0.0303030
NODE_302590_length_173_cov_184.351351	99	165	51	1	66	0.0151515
NODE_302590_length_173_cov_184.351351	99	165	53	1	66	0.0151515
NODE_302590_length_173_cov_184.351351	99	165	54	2	66	0.0303030
NODE_302590_length_173_cov_184.351351	99	165	59	1	66	0.0151515
NODE_302590_length_173_cov_184.351351	99	165	61	1	66	0.0151515
NODE_302590_length_173_cov_184.351351	99	165	70	1	66	0.0151515
NODE_302590_length_173_cov_184.351351	99	165	74	2	66	0.0303030
NODE_302590_length_173_cov_184.351351	99	165	87	1	66	0.0151515
NODE_302590_length_173_cov_184.351351	99	165	89	2	66	0.0303030
NODE_302590_length_173_cov_184.351351	99	165	91	1	66	0.0151515
NODE_302590_length_173_cov_184.351351	99	165	94	1	66	0.0151515
NODE_302590_length_173_cov_184.351351	99	165	108	1	66	0.0151515
NODE_302590_length_173_cov_184.351351	99	165	112	1	66	0.0151515
NODE_302590_length_173_cov_184.351351	99	165	117	1	66	0.0151515
NODE_302590_length_173_cov_184.351351	99	165	120	1	66	0.0151515
NODE_302590_length_173_cov_184.351351	99	165	132	1	66	0.0151515
NODE_302590_length_173_cov_184.351351	99	165	142	1	66	0.0151515
NODE_302590_length_173_cov_184.351351	99	165	149	1	66	0.0151515
NODE_302590_length_173_cov_184.351351	99	165	162	2	66	0.0303030
NODE_302590_length_173_cov_184.351351	99	165	173	1	66	0.0151515
NODE_302590_length_173_cov_184.351351	99	165	177	1	66	0.0151515
NODE_302590_length_173_cov_184.351351	99	165	187	1	66	0.0151515
NODE_302590_length_173_cov_184.351351	99	165	192	1	66	0.0151515
NODE_302590_length_173_cov_184.351351	99	165	200	1	66	0.0151515
NODE_302590_length_173_cov_184.351351	99	165	202	1	66	0.0151515
NODE_302590_length_173_cov_184.351351	99	165	210	1	66	0.0151515
NODE_302590_length_173_cov_184.351351	99	165	215	1	66	0.0151515
NODE_302590_length_173_cov_184.351351	99	165	217	1	66	0.0151515
NODE_302590_length_173_cov_184.351351	99	165	223	1	66	0.0151515
NODE_302590_length_173_cov_184.351351	99	165	227	1	66	0.0151515
NODE_302590_length_173_cov_184.351351	99	165	233	1	66	0.0151515
NODE_302590_length_173_cov_184.351351	99	165	237	2	66	0.0303030
NODE_302590_length_173_cov_184.351351	99	165	239	2	66	0.0303030
NODE_302590_length_173_cov_184.351351	99	165	240	1	66	0.0151515
NODE_302590_length_173_cov_184.351351	99	165	248	1	66	0.0151515
NODE_302590_length_173_cov_184.351351	99	165	262	1	66	0.0151515
NODE_302590_length_173_cov_184.351351	99	165	264	1	66	0.0151515
NODE_302590_length_173_cov_184.351351	99	165	272	2	66	0.0303030
NODE_302590_length_173_cov_184.351351	99	165	277	3	66	0.0454545
NODE_302590_length_173_cov_184.351351	99	165	279	2	66	0.0303030
NODE_302590_length_173_cov_184.351351	99	165	281	1	66	0.0151515
NODE_302590_length_173_cov_184.351351	99	165	283	1	66	0.0151515
NODE_302590_length_173_cov_184.351351	99	165	289	1	66	0.0151515
NODE_302590_length_173_cov_184.351351	99	165	290	1	66	0.0151515
NODE_302590_length_173_cov_184.351351	99	165	292	2	66	0.0303030
NODE_302590_length_173_cov_184.351351	99	165	294	2	66	0.0303030
NODE_302590_length_173_cov_184.351351	99	165	296	4	66	0.0606061
NODE_302590_length_173_cov_184.351351	99	170	26	2	71	0.0281690
NODE_302590_length_173_cov_184.351351	99	170	34	2	71	0.0281690
NODE_302590_length_173_cov_184.351351	99	170	40	3	71	0.0422535
NODE_302590_length_173_cov_184.351351	99	170	48	2	71	0.0281690
NODE_302590_length_173_cov_184.351351	99	170	51	1	71	0.0140845
NODE_302590_length_173_cov_184.351351	99	170	53	1	71	0.0140845
NODE_302590_length_173_cov_184.351351	99	170	54	2	71	0.0281690
NODE_302590_length_173_cov_184.351351	99	170	59	1	71	0.0140845
NODE_302590_length_173_cov_184.351351	99	170	61	1	71	0.0140845
NODE_302590_length_173_cov_184.351351	99	170	70	1	71	0.0140845
NODE_302590_length_173_cov_184.351351	99	170	74	2	71	0.0281690
NODE_302590_length_173_cov_184.351351	99	170	87	1	71	0.0140845
NODE_302590_length_173_cov_184.351351	99	170	89	2	71	0.0281690
NODE_302590_length_173_cov_184.351351	99	170	91	1	71	0.0140845
NODE_302590_length_173_cov_184.351351	99	170	94	1	71	0.0140845
NODE_302590_length_173_cov_184.351351	99	170	108	1	71	0.0140845
NODE_302590_length_173_cov_184.351351	99	170	112	1	71	0.0140845
NODE_302590_length_173_cov_184.351351	99	170	117	1	71	0.0140845
NODE_302590_length_173_cov_184.351351	99	170	120	1	71	0.0140845
NODE_302590_length_173_cov_184.351351	99	170	132	1	71	0.0140845
NODE_302590_length_173_cov_184.351351	99	170	142	1	71	0.0140845
NODE_302590_length_173_cov_184.351351	99	170	149	1	71	0.0140845
NODE_302590_length_173_cov_184.351351	99	170	162	2	71	0.0281690
NODE_302590_length_173_cov_184.351351	99	170	173	1	71	0.0140845
NODE_302590_length_173_cov_184.351351	99	170	177	1	71	0.0140845
NODE_302590_length_173_cov_184.351351	99	170	187	1	71	0.0140845
NODE_302590_length_173_cov_184.351351	99	170	192	1	71	0.0140845
NODE_302590_length_173_cov_184.351351	99	170	200	1	71	0.0140845
NODE_302590_length_173_cov_184.351351	99	170	202	1	71	0.0140845
NODE_302590_length_173_cov_184.351351	99	170	210	1	71	0.0140845
NODE_302590_length_173_cov_184.351351	99	170	215	1	71	0.0140845
NODE_302590_length_173_cov_184.351351	99	170	217	1	71	0.0140845
NODE_302590_length_173_cov_184.351351	99	170	223	1	71	0.0140845
NODE_302590_length_173_cov_184.351351	99	170	227	1	71	0.0140845
NODE_302590_length_173_cov_184.351351	99	170	233	1	71	0.0140845
NODE_302590_length_173_cov_184.351351	99	170	237	2	71	0.0281690
NODE_302590_length_173_cov_184.351351	99	170	239	2	71	0.0281690
NODE_302590_length_173_cov_184.351351	99	170	240	1	71	0.0140845
NODE_302590_length_173_cov_184.351351	99	170	248	1	71	0.0140845
NODE_302590_length_173_cov_184.351351	99	170	262	1	71	0.0140845
NODE_302590_length_173_cov_184.351351	99	170	264	1	71	0.0140845
NODE_302590_length_173_cov_184.351351	99	170	272	2	71	0.0281690
NODE_302590_length_173_cov_184.351351	99	170	277	3	71	0.0422535
NODE_302590_length_173_cov_184.351351	99	170	279	2	71	0.0281690
NODE_302590_length_173_cov_184.351351	99	170	281	1	71	0.0140845
NODE_302590_length_173_cov_184.351351	99	170	283	1	71	0.0140845
NODE_302590_length_173_cov_184.351351	99	170	289	1	71	0.0140845
NODE_302590_length_173_cov_184.351351	99	170	290	1	71	0.0140845
NODE_302590_length_173_cov_184.351351	99	170	292	2	71	0.0281690
NODE_302590_length_173_cov_184.351351	99	170	294	2	71	0.0281690
NODE_302590_length_173_cov_184.351351	99	170	296	4	71	0.0563380
NODE_302590_length_173_cov_184.351351	115	173	20	1	58	0.0172414
NODE_302590_length_173_cov_184.351351	115	173	22	1	58	0.0172414
NODE_302590_length_173_cov_184.351351	115	173	26	3	58	0.0517241
NODE_302590_length_173_cov_184.351351	115	173	34	2	58	0.0344828
NODE_302590_length_173_cov_184.351351	115	173	40	3	58	0.0517241
NODE_302590_length_173_cov_184.351351	115	173	48	2	58	0.0344828
NODE_302590_length_173_cov_184.351351	115	173	51	1	58	0.0172414
NODE_302590_length_173_cov_184.351351	115	173	53	1	58	0.0172414
NODE_302590_length_173_cov_184.351351	115	173	54	2	58	0.0344828
NODE_302590_length_173_cov_184.351351	115	173	59	1	58	0.0172414
NODE_302590_length_173_cov_184.351351	115	173	61	1	58	0.0172414
NODE_302590_length_173_cov_184.351351	115	173	70	1	58	0.0172414
NODE_302590_length_173_cov_184.351351	115	173	74	2	58	0.0344828
NODE_302590_length_173_cov_184.351351	115	173	87	1	58	0.0172414
NODE_302590_length_173_cov_184.351351	115	173	89	2	58	0.0344828
NODE_302590_length_173_cov_184.351351	115	173	91	1	58	0.0172414
NODE_302590_length_173_cov_184.351351	115	173	94	1	58	0.0172414
NODE_302590_length_173_cov_184.351351	115	173	108	1	58	0.0172414
NODE_302590_length_173_cov_184.351351	115	173	112	1	58	0.0172414
NODE_302590_length_173_cov_184.351351	115	173	117	1	58	0.0172414
NODE_302590_length_173_cov_184.351351	115	173	120	1	58	0.0172414
NODE_302590_length_173_cov_184.351351	115	173	132	1	58	0.0172414
NODE_302590_length_173_cov_184.351351	115	173	142	1	58	0.0172414
NODE_302590_length_173_cov_184.351351	115	173	149	1	58	0.0172414
NODE_302590_length_173_cov_184.351351	115	173	162	2	58	0.0344828
NODE_302590_length_173_cov_184.351351	115	173	173	1	58	0.0172414
NODE_302590_length_173_cov_184.351351	115	173	177	1	58	0.0172414
NODE_302590_length_173_cov_184.351351	115	173	187	1	58	0.0172414
NODE_302590_length_173_cov_184.351351	115	173	192	1	58	0.0172414
NODE_302590_length_173_cov_184.351351	115	173	200	1	58	0.0172414
NODE_302590_length_173_cov_184.351351	115	173	202	1	58	0.0172414
NODE_302590_length_173_cov_184.351351	115	173	210	1	58	0.0172414
NODE_302590_length_173_cov_184.351351	115	173	215	1	58	0.0172414
NODE_302590_length_173_cov_184.351351	115	173	217	1	58	0.0172414
NODE_302590_length_173_cov_184.351351	115	173	223	1	58	0.0172414
NODE_302590_length_173_cov_184.351351	115	173	227	1	58	0.0172414
NODE_302590_length_173_cov_184.351351	115	173	233	1	58	0.0172414
NODE_302590_length_173_cov_184.351351	115	173	237	2	58	0.0344828
NODE_302590_length_173_cov_184.351351	115	173	239	2	58	0.0344828
NODE_302590_length_173_cov_184.351351	115	173	240	1	58	0.0172414
NODE_302590_length_173_cov_184.351351	115	173	248	1	58	0.0172414
NODE_302590_length_173_cov_184.351351	115	173	262	1	58	0.0172414
NODE_302590_length_173_cov_184.351351	115	173	264	1	58	0.0172414
NODE_302590_length_173_cov_184.351351	115	173	272	2	58	0.0344828
NODE_302590_length_173_cov_184.351351	115	173	277	1	58	0.0172414
NODE_302596_length_173_cov_58.472973	0	78	0	2	78	0.0256410
NODE_302596_length_173_cov_58.472973	0	78	2	7	78	0.0897436
NODE_302596_length_173_cov_58.472973	0	78	4	8	78	0.1025641
NODE_302596_length_173_cov_58.472973	0	78	6	4	78	0.0512821
NODE_302596_length_173_cov_58.472973	0	78	10	2	78	0.0256410
NODE_302596_length_173_cov_58.472973	0	78	12	1	78	0.0128205
NODE_302596_length_173_cov_58.472973	0	78	14	6	78	0.0769231
NODE_302596_length_173_cov_58.472973	0	78	16	10	78	0.1282051
NODE_302596_length_173_cov_58.472973	0	78	18	6	78	0.0769231
NODE_302596_length_173_cov_58.472973	0	78	22	5	78	0.0641026
NODE_302596_length_173_cov_58.472973	0	78	24	9	78	0.1153846
NODE_302596_length_173_cov_58.472973	0	78	26	18	78	0.2307692
NODE_302597_length_173_cov_57.148649	101	142	62	6	41	0.1463415
NODE_302597_length_173_cov_57.148649	101	142	64	7	41	0.1707317
NODE_302597_length_173_cov_57.148649	101	142	66	27	41	0.6585366
NODE_302597_length_173_cov_57.148649	101	142	68	1	41	0.0243902
NODE_302597_length_173_cov_57.148649	109	173	18	1	64	0.0156250
NODE_302597_length_173_cov_57.148649	109	173	20	2	64	0.0312500
NODE_302597_length_173_cov_57.148649	109	173	22	1	64	0.0156250
NODE_302597_length_173_cov_57.148649	109	173	24	5	64	0.0781250
NODE_302597_length_173_cov_57.148649	109	173	26	3	64	0.0468750
NODE_302597_length_173_cov_57.148649	109	173	28	2	64	0.0312500
NODE_302597_length_173_cov_57.148649	109	173	32	2	64	0.0312500
NODE_302597_length_173_cov_57.148649	109	173	33	1	64	0.0156250
NODE_302597_length_173_cov_57.148649	109	173	34	1	64	0.0156250
NODE_302597_length_173_cov_57.148649	109	173	41	4	64	0.0625000
NODE_302597_length_173_cov_57.148649	109	173	42	2	64	0.0312500
NODE_302597_length_173_cov_57.148649	109	173	44	1	64	0.0156250
NODE_302597_length_173_cov_57.148649	109	173	46	1	64	0.0156250
NODE_302597_length_173_cov_57.148649	109	173	48	1	64	0.0156250
NODE_302597_length_173_cov_57.148649	109	173	50	1	64	0.0156250
NODE_302597_length_173_cov_57.148649	109	173	54	1	64	0.0156250
NODE_302597_length_173_cov_57.148649	109	173	60	2	64	0.0312500
NODE_302597_length_173_cov_57.148649	109	173	62	6	64	0.0937500
NODE_302597_length_173_cov_57.148649	109	173	64	7	64	0.1093750
NODE_302597_length_173_cov_57.148649	109	173	66	20	64	0.3125000
NODE_302686_length_171_cov_218.666667	12	90	34	1	78	0.0128205
NODE_302686_length_171_cov_218.666667	12	90	36	1	78	0.0128205
NODE_302686_length_171_cov_218.666667	12	90	42	1	78	0.0128205
NODE_302686_length_171_cov_218.666667	12	90	48	1	78	0.0128205
NODE_302686_length_171_cov_218.666667	12	90	75	4	78	0.0512821
NODE_302686_length_171_cov_218.666667	12	90	80	2	78	0.0256410
NODE_302686_length_171_cov_218.666667	12	90	82	1	78	0.0128205
NODE_302686_length_171_cov_218.666667	12	90	83	2	78	0.0256410
NODE_302686_length_171_cov_218.666667	12	90	85	5	78	0.0641026
NODE_302686_length_171_cov_218.666667	12	90	86	2	78	0.0256410
NODE_302686_length_171_cov_218.666667	12	90	87	4	78	0.0512821
NODE_302686_length_171_cov_218.666667	12	90	89	2	78	0.0256410
NODE_302686_length_171_cov_218.666667	12	90	93	7	78	0.0897436
NODE_302686_length_171_cov_218.666667	12	90	95	1	78	0.0128205
NODE_302686_length_171_cov_218.666667	12	90	100	1	78	0.0128205
NODE_302686_length_171_cov_218.666667	12	90	102	2	78	0.0256410
NODE_302686_length_171_cov_218.666667	12	90	106	1	78	0.0128205
NODE_302686_length_171_cov_218.666667	12	90	108	1	78	0.0128205
NODE_302686_length_171_cov_218.666667	12	90	114	1	78	0.0128205
NODE_302686_length_171_cov_218.666667	12	90	116	2	78	0.0256410
NODE_302686_length_171_cov_218.666667	12	90	118	1	78	0.0128205
NODE_302686_length_171_cov_218.666667	12	90	122	1	78	0.0128205
NODE_302686_length_171_cov_218.666667	12	90	125	1	78	0.0128205
NODE_302686_length_171_cov_218.666667	12	90	127	1	78	0.0128205
NODE_302686_length_171_cov_218.666667	12	90	129	1	78	0.0128205
NODE_302686_length_171_cov_218.666667	12	90	131	1	78	0.0128205
NODE_302686_length_171_cov_218.666667	12	90	133	5	78	0.0641026
NODE_302686_length_171_cov_218.666667	12	90	135	14	78	0.1794872
NODE_302686_length_171_cov_218.666667	12	90	136	11	78	0.1410256
NODE_302686_length_171_cov_218.666667	12	90	34	1	78	0.0128205
NODE_302686_length_171_cov_218.666667	12	90	36	1	78	0.0128205
NODE_302686_length_171_cov_218.666667	12	90	42	1	78	0.0128205
NODE_302686_length_171_cov_218.666667	12	90	48	1	78	0.0128205
NODE_302686_length_171_cov_218.666667	12	90	75	4	78	0.0512821
NODE_302686_length_171_cov_218.666667	12	90	80	2	78	0.0256410
NODE_302686_length_171_cov_218.666667	12	90	82	1	78	0.0128205
NODE_302686_length_171_cov_218.666667	12	90	83	2	78	0.0256410
NODE_302686_length_171_cov_218.666667	12	90	85	5	78	0.0641026
NODE_302686_length_171_cov_218.666667	12	90	86	2	78	0.0256410
NODE_302686_length_171_cov_218.666667	12	90	87	4	78	0.0512821
NODE_302686_length_171_cov_218.666667	12	90	89	2	78	0.0256410
NODE_302686_length_171_cov_218.666667	12	90	93	7	78	0.0897436
NODE_302686_length_171_cov_218.666667	12	90	95	1	78	0.0128205
NODE_302686_length_171_cov_218.666667	12	90	100	1	78	0.0128205
NODE_302686_length_171_cov_218.666667	12	90	102	2	78	0.0256410
NODE_302686_length_171_cov_218.666667	12	90	106	1	78	0.0128205
NODE_302686_length_171_cov_218.666667	12	90	108	1	78	0.0128205
NODE_302686_length_171_cov_218.666667	12	90	114	1	78	0.0128205
NODE_302686_length_171_cov_218.666667	12	90	116	2	78	0.0256410
NODE_302686_length_171_cov_218.666667	12	90	118	1	78	0.0128205
NODE_302686_length_171_cov_218.666667	12	90	122	1	78	0.0128205
NODE_302686_length_171_cov_218.666667	12	90	125	1	78	0.0128205
NODE_302686_length_171_cov_218.666667	12	90	127	1	78	0.0128205
NODE_302686_length_171_cov_218.666667	12	90	129	1	78	0.0128205
NODE_302686_length_171_cov_218.666667	12	90	131	1	78	0.0128205
NODE_302686_length_171_cov_218.666667	12	90	133	5	78	0.0641026
NODE_302686_length_171_cov_218.666667	12	90	135	14	78	0.1794872
NODE_302686_length_171_cov_218.666667	12	90	136	11	78	0.1410256
NODE_302686_length_171_cov_218.666667	21	90	80	1	69	0.0144928
NODE_302686_length_171_cov_218.666667	21	90	82	1	69	0.0144928
NODE_302686_length_171_cov_218.666667	21	90	83	2	69	0.0289855
NODE_302686_length_171_cov_218.666667	21	90	85	5	69	0.0724638
NODE_302686_length_171_cov_218.666667	21	90	86	2	69	0.0289855
NODE_302686_length_171_cov_218.666667	21	90	87	4	69	0.0579710
NODE_302686_length_171_cov_218.666667	21	90	89	2	69	0.0289855
NODE_302686_length_171_cov_218.666667	21	90	93	7	69	0.1014493
NODE_302686_length_171_cov_218.666667	21	90	95	1	69	0.0144928
NODE_302686_length_171_cov_218.666667	21	90	100	1	69	0.0144928
NODE_302686_length_171_cov_218.666667	21	90	102	2	69	0.0289855
NODE_302686_length_171_cov_218.666667	21	90	106	1	69	0.0144928
NODE_302686_length_171_cov_218.666667	21	90	108	1	69	0.0144928
NODE_302686_length_171_cov_218.666667	21	90	114	1	69	0.0144928
NODE_302686_length_171_cov_218.666667	21	90	116	2	69	0.0289855
NODE_302686_length_171_cov_218.666667	21	90	118	1	69	0.0144928
NODE_302686_length_171_cov_218.666667	21	90	122	1	69	0.0144928
NODE_302686_length_171_cov_218.666667	21	90	125	1	69	0.0144928
NODE_302686_length_171_cov_218.666667	21	90	127	1	69	0.0144928
NODE_302686_length_171_cov_218.666667	21	90	129	1	69	0.0144928
NODE_302686_length_171_cov_218.666667	21	90	131	1	69	0.0144928
NODE_302686_length_171_cov_218.666667	21	90	133	5	69	0.0724638
NODE_302686_length_171_cov_218.666667	21	90	135	14	69	0.2028985
NODE_302686_length_171_cov_218.666667	21	90	136	11	69	0.1594203
NODE_302689_length_171_cov_110.194444	81	161	17	3	80	0.0375000
NODE_302689_length_171_cov_110.194444	81	161	19	3	80	0.0375000
NODE_302689_length_171_cov_110.194444	81	161	21	2	80	0.0250000
NODE_302689_length_171_cov_110.194444	81	161	58	1	80	0.0125000
NODE_302689_length_171_cov_110.194444	81	161	59	9	80	0.1125000
NODE_302689_length_171_cov_110.194444	81	161	60	1	80	0.0125000
NODE_302689_length_171_cov_110.194444	81	161	68	1	80	0.0125000
NODE_302689_length_171_cov_110.194444	81	161	70	2	80	0.0250000
NODE_302689_length_171_cov_110.194444	81	161	76	10	80	0.1250000
NODE_302689_length_171_cov_110.194444	81	161	77	5	80	0.0625000
NODE_302689_length_171_cov_110.194444	81	161	81	1	80	0.0125000
NODE_302689_length_171_cov_110.194444	81	161	82	3	80	0.0375000
NODE_302689_length_171_cov_110.194444	81	161	84	3	80	0.0375000
NODE_302689_length_171_cov_110.194444	81	161	85	22	80	0.2750000
NODE_302689_length_171_cov_110.194444	81	161	86	3	80	0.0375000
NODE_302689_length_171_cov_110.194444	81	161	87	11	80	0.1375000
NODE_302689_length_171_cov_110.194444	81	152	59	9	71	0.1267606
NODE_302689_length_171_cov_110.194444	81	152	60	1	71	0.0140845
NODE_302689_length_171_cov_110.194444	81	152	68	1	71	0.0140845
NODE_302689_length_171_cov_110.194444	81	152	70	2	71	0.0281690
NODE_302689_length_171_cov_110.194444	81	152	76	10	71	0.1408451
NODE_302689_length_171_cov_110.194444	81	152	77	5	71	0.0704225
NODE_302689_length_171_cov_110.194444	81	152	81	1	71	0.0140845
NODE_302689_length_171_cov_110.194444	81	152	82	3	71	0.0422535
NODE_302689_length_171_cov_110.194444	81	152	84	3	71	0.0422535
NODE_302689_length_171_cov_110.194444	81	152	85	22	71	0.3098592
NODE_302689_length_171_cov_110.194444	81	152	86	3	71	0.0422535
NODE_302689_length_171_cov_110.194444	81	152	87	11	71	0.1549296
NODE_302691_length_171_cov_86.013889	106	171	0	16	65	0.2461538
NODE_302691_length_171_cov_86.013889	106	171	2	49	65	0.7538462
NODE_302697_length_171_cov_46.430556	0	59	3	2	59	0.0338983
NODE_302697_length_171_cov_46.430556	0	59	5	1	59	0.0169492
NODE_302697_length_171_cov_46.430556	0	59	6	2	59	0.0338983
NODE_302697_length_171_cov_46.430556	0	59	10	2	59	0.0338983
NODE_302697_length_171_cov_46.430556	0	59	16	4	59	0.0677966
NODE_302697_length_171_cov_46.430556	0	59	18	1	59	0.0169492
NODE_302697_length_171_cov_46.430556	0	59	20	1	59	0.0169492
NODE_302697_length_171_cov_46.430556	0	59	22	1	59	0.0169492
NODE_302697_length_171_cov_46.430556	0	59	28	1	59	0.0169492
NODE_302697_length_171_cov_46.430556	0	59	30	7	59	0.1186441
NODE_302697_length_171_cov_46.430556	0	59	32	4	59	0.0677966
NODE_302697_length_171_cov_46.430556	0	59	40	2	59	0.0338983
NODE_302697_length_171_cov_46.430556	0	59	42	1	59	0.0169492
NODE_302697_length_171_cov_46.430556	0	59	44	1	59	0.0169492
NODE_302697_length_171_cov_46.430556	0	59	46	3	59	0.0508475
NODE_302697_length_171_cov_46.430556	0	59	50	4	59	0.0677966
NODE_302697_length_171_cov_46.430556	0	59	52	1	59	0.0169492
NODE_302697_length_171_cov_46.430556	0	59	54	1	59	0.0169492
NODE_302697_length_171_cov_46.430556	0	59	58	3	59	0.0508475
NODE_302697_length_171_cov_46.430556	0	59	60	2	59	0.0338983
NODE_302697_length_171_cov_46.430556	0	59	62	14	59	0.2372881
NODE_302697_length_171_cov_46.430556	0	59	64	1	59	0.0169492
NODE_302697_length_171_cov_46.430556	32	98	46	1	66	0.0151515
NODE_302697_length_171_cov_46.430556	32	98	50	4	66	0.0606061
NODE_302697_length_171_cov_46.430556	32	98	52	1	66	0.0151515
NODE_302697_length_171_cov_46.430556	32	98	54	1	66	0.0151515
NODE_302697_length_171_cov_46.430556	32	98	58	3	66	0.0454545
NODE_302697_length_171_cov_46.430556	32	98	60	2	66	0.0303030
NODE_302697_length_171_cov_46.430556	32	98	62	14	66	0.2121212
NODE_302697_length_171_cov_46.430556	32	98	64	1	66	0.0151515
NODE_302697_length_171_cov_46.430556	32	98	66	9	66	0.1363636
NODE_302697_length_171_cov_46.430556	32	98	70	30	66	0.4545455
NODE_302700_length_171_cov_40.069444	13	87	0	74	74	1.0000000
NODE_302702_length_171_cov_33.319444	84	158	12	27	74	0.3648649
NODE_302702_length_171_cov_33.319444	84	158	16	1	74	0.0135135
NODE_302702_length_171_cov_33.319444	84	158	18	12	74	0.1621622
NODE_302702_length_171_cov_33.319444	84	158	19	1	74	0.0135135
NODE_302702_length_171_cov_33.319444	84	158	20	3	74	0.0405405
NODE_302702_length_171_cov_33.319444	84	158	22	30	74	0.4054054
NODE_302764_length_170_cov_217.422535	10	90	36	2	80	0.0250000
NODE_302764_length_170_cov_217.422535	10	90	40	1	80	0.0125000
NODE_302764_length_170_cov_217.422535	10	90	46	1	80	0.0125000
NODE_302764_length_170_cov_217.422535	10	90	47	1	80	0.0125000
NODE_302764_length_170_cov_217.422535	10	90	51	2	80	0.0250000
NODE_302764_length_170_cov_217.422535	10	90	64	1	80	0.0125000
NODE_302764_length_170_cov_217.422535	10	90	68	1	80	0.0125000
NODE_302764_length_170_cov_217.422535	10	90	73	1	80	0.0125000
NODE_302764_length_170_cov_217.422535	10	90	76	1	80	0.0125000
NODE_302764_length_170_cov_217.422535	10	90	77	1	80	0.0125000
NODE_302764_length_170_cov_217.422535	10	90	85	1	80	0.0125000
NODE_302764_length_170_cov_217.422535	10	90	89	2	80	0.0250000
NODE_302764_length_170_cov_217.422535	10	90	95	2	80	0.0250000
NODE_302764_length_170_cov_217.422535	10	90	97	2	80	0.0250000
NODE_302764_length_170_cov_217.422535	10	90	103	2	80	0.0250000
NODE_302764_length_170_cov_217.422535	10	90	105	1	80	0.0125000
NODE_302764_length_170_cov_217.422535	10	90	114	2	80	0.0250000
NODE_302764_length_170_cov_217.422535	10	90	122	3	80	0.0375000
NODE_302764_length_170_cov_217.422535	10	90	123	2	80	0.0250000
NODE_302764_length_170_cov_217.422535	10	90	125	1	80	0.0125000
NODE_302764_length_170_cov_217.422535	10	90	127	1	80	0.0125000
NODE_302764_length_170_cov_217.422535	10	90	135	2	80	0.0250000
NODE_302764_length_170_cov_217.422535	10	90	137	1	80	0.0125000
NODE_302764_length_170_cov_217.422535	10	90	140	1	80	0.0125000
NODE_302764_length_170_cov_217.422535	10	90	141	2	80	0.0250000
NODE_302764_length_170_cov_217.422535	10	90	143	1	80	0.0125000
NODE_302764_length_170_cov_217.422535	10	90	149	1	80	0.0125000
NODE_302764_length_170_cov_217.422535	10	90	151	2	80	0.0250000
NODE_302764_length_170_cov_217.422535	10	90	153	2	80	0.0250000
NODE_302764_length_170_cov_217.422535	10	90	165	1	80	0.0125000
NODE_302764_length_170_cov_217.422535	10	90	169	1	80	0.0125000
NODE_302764_length_170_cov_217.422535	10	90	177	2	80	0.0250000
NODE_302764_length_170_cov_217.422535	10	90	179	1	80	0.0125000
NODE_302764_length_170_cov_217.422535	10	90	183	2	80	0.0250000
NODE_302764_length_170_cov_217.422535	10	90	185	1	80	0.0125000
NODE_302764_length_170_cov_217.422535	10	90	187	2	80	0.0250000
NODE_302764_length_170_cov_217.422535	10	90	195	1	80	0.0125000
NODE_302764_length_170_cov_217.422535	10	90	196	2	80	0.0250000
NODE_302764_length_170_cov_217.422535	10	90	200	3	80	0.0375000
NODE_302764_length_170_cov_217.422535	10	90	201	8	80	0.1000000
NODE_302764_length_170_cov_217.422535	10	90	202	13	80	0.1625000
NODE_302764_length_170_cov_217.422535	10	90	36	2	80	0.0250000
NODE_302764_length_170_cov_217.422535	10	90	40	1	80	0.0125000
NODE_302764_length_170_cov_217.422535	10	90	46	1	80	0.0125000
NODE_302764_length_170_cov_217.422535	10	90	47	1	80	0.0125000
NODE_302764_length_170_cov_217.422535	10	90	51	2	80	0.0250000
NODE_302764_length_170_cov_217.422535	10	90	64	1	80	0.0125000
NODE_302764_length_170_cov_217.422535	10	90	68	1	80	0.0125000
NODE_302764_length_170_cov_217.422535	10	90	73	1	80	0.0125000
NODE_302764_length_170_cov_217.422535	10	90	76	1	80	0.0125000
NODE_302764_length_170_cov_217.422535	10	90	77	1	80	0.0125000
NODE_302764_length_170_cov_217.422535	10	90	85	1	80	0.0125000
NODE_302764_length_170_cov_217.422535	10	90	89	2	80	0.0250000
NODE_302764_length_170_cov_217.422535	10	90	95	2	80	0.0250000
NODE_302764_length_170_cov_217.422535	10	90	97	2	80	0.0250000
NODE_302764_length_170_cov_217.422535	10	90	103	2	80	0.0250000
NODE_302764_length_170_cov_217.422535	10	90	105	1	80	0.0125000
NODE_302764_length_170_cov_217.422535	10	90	114	2	80	0.0250000
NODE_302764_length_170_cov_217.422535	10	90	122	3	80	0.0375000
NODE_302764_length_170_cov_217.422535	10	90	123	2	80	0.0250000
NODE_302764_length_170_cov_217.422535	10	90	125	1	80	0.0125000
NODE_302764_length_170_cov_217.422535	10	90	127	1	80	0.0125000
NODE_302764_length_170_cov_217.422535	10	90	135	2	80	0.0250000
NODE_302764_length_170_cov_217.422535	10	90	137	1	80	0.0125000
NODE_302764_length_170_cov_217.422535	10	90	140	1	80	0.0125000
NODE_302764_length_170_cov_217.422535	10	90	141	2	80	0.0250000
NODE_302764_length_170_cov_217.422535	10	90	143	1	80	0.0125000
NODE_302764_length_170_cov_217.422535	10	90	149	1	80	0.0125000
NODE_302764_length_170_cov_217.422535	10	90	151	2	80	0.0250000
NODE_302764_length_170_cov_217.422535	10	90	153	2	80	0.0250000
NODE_302764_length_170_cov_217.422535	10	90	165	1	80	0.0125000
NODE_302764_length_170_cov_217.422535	10	90	169	1	80	0.0125000
NODE_302764_length_170_cov_217.422535	10	90	177	2	80	0.0250000
NODE_302764_length_170_cov_217.422535	10	90	179	1	80	0.0125000
NODE_302764_length_170_cov_217.422535	10	90	183	2	80	0.0250000
NODE_302764_length_170_cov_217.422535	10	90	185	1	80	0.0125000
NODE_302764_length_170_cov_217.422535	10	90	187	2	80	0.0250000
NODE_302764_length_170_cov_217.422535	10	90	195	1	80	0.0125000
NODE_302764_length_170_cov_217.422535	10	90	196	2	80	0.0250000
NODE_302764_length_170_cov_217.422535	10	90	200	3	80	0.0375000
NODE_302764_length_170_cov_217.422535	10	90	201	8	80	0.1000000
NODE_302764_length_170_cov_217.422535	10	90	202	13	80	0.1625000
NODE_302764_length_170_cov_217.422535	10	90	36	2	80	0.0250000
NODE_302764_length_170_cov_217.422535	10	90	40	1	80	0.0125000
NODE_302764_length_170_cov_217.422535	10	90	46	1	80	0.0125000
NODE_302764_length_170_cov_217.422535	10	90	47	1	80	0.0125000
NODE_302764_length_170_cov_217.422535	10	90	51	2	80	0.0250000
NODE_302764_length_170_cov_217.422535	10	90	64	1	80	0.0125000
NODE_302764_length_170_cov_217.422535	10	90	68	1	80	0.0125000
NODE_302764_length_170_cov_217.422535	10	90	73	1	80	0.0125000
NODE_302764_length_170_cov_217.422535	10	90	76	1	80	0.0125000
NODE_302764_length_170_cov_217.422535	10	90	77	1	80	0.0125000
NODE_302764_length_170_cov_217.422535	10	90	85	1	80	0.0125000
NODE_302764_length_170_cov_217.422535	10	90	89	2	80	0.0250000
NODE_302764_length_170_cov_217.422535	10	90	95	2	80	0.0250000
NODE_302764_length_170_cov_217.422535	10	90	97	2	80	0.0250000
NODE_302764_length_170_cov_217.422535	10	90	103	2	80	0.0250000
NODE_302764_length_170_cov_217.422535	10	90	105	1	80	0.0125000
NODE_302764_length_170_cov_217.422535	10	90	114	2	80	0.0250000
NODE_302764_length_170_cov_217.422535	10	90	122	3	80	0.0375000
NODE_302764_length_170_cov_217.422535	10	90	123	2	80	0.0250000
NODE_302764_length_170_cov_217.422535	10	90	125	1	80	0.0125000
NODE_302764_length_170_cov_217.422535	10	90	127	1	80	0.0125000
NODE_302764_length_170_cov_217.422535	10	90	135	2	80	0.0250000
NODE_302764_length_170_cov_217.422535	10	90	137	1	80	0.0125000
NODE_302764_length_170_cov_217.422535	10	90	140	1	80	0.0125000
NODE_302764_length_170_cov_217.422535	10	90	141	2	80	0.0250000
NODE_302764_length_170_cov_217.422535	10	90	143	1	80	0.0125000
NODE_302764_length_170_cov_217.422535	10	90	149	1	80	0.0125000
NODE_302764_length_170_cov_217.422535	10	90	151	2	80	0.0250000
NODE_302764_length_170_cov_217.422535	10	90	153	2	80	0.0250000
NODE_302764_length_170_cov_217.422535	10	90	165	1	80	0.0125000
NODE_302764_length_170_cov_217.422535	10	90	169	1	80	0.0125000
NODE_302764_length_170_cov_217.422535	10	90	177	2	80	0.0250000
NODE_302764_length_170_cov_217.422535	10	90	179	1	80	0.0125000
NODE_302764_length_170_cov_217.422535	10	90	183	2	80	0.0250000
NODE_302764_length_170_cov_217.422535	10	90	185	1	80	0.0125000
NODE_302764_length_170_cov_217.422535	10	90	187	2	80	0.0250000
NODE_302764_length_170_cov_217.422535	10	90	195	1	80	0.0125000
NODE_302764_length_170_cov_217.422535	10	90	196	2	80	0.0250000
NODE_302764_length_170_cov_217.422535	10	90	200	3	80	0.0375000
NODE_302764_length_170_cov_217.422535	10	90	201	8	80	0.1000000
NODE_302764_length_170_cov_217.422535	10	90	202	13	80	0.1625000
NODE_302764_length_170_cov_217.422535	10	90	36	2	80	0.0250000
NODE_302764_length_170_cov_217.422535	10	90	40	1	80	0.0125000
NODE_302764_length_170_cov_217.422535	10	90	46	1	80	0.0125000
NODE_302764_length_170_cov_217.422535	10	90	47	1	80	0.0125000
NODE_302764_length_170_cov_217.422535	10	90	51	2	80	0.0250000
NODE_302764_length_170_cov_217.422535	10	90	64	1	80	0.0125000
NODE_302764_length_170_cov_217.422535	10	90	68	1	80	0.0125000
NODE_302764_length_170_cov_217.422535	10	90	73	1	80	0.0125000
NODE_302764_length_170_cov_217.422535	10	90	76	1	80	0.0125000
NODE_302764_length_170_cov_217.422535	10	90	77	1	80	0.0125000
NODE_302764_length_170_cov_217.422535	10	90	85	1	80	0.0125000
NODE_302764_length_170_cov_217.422535	10	90	89	2	80	0.0250000
NODE_302764_length_170_cov_217.422535	10	90	95	2	80	0.0250000
NODE_302764_length_170_cov_217.422535	10	90	97	2	80	0.0250000
NODE_302764_length_170_cov_217.422535	10	90	103	2	80	0.0250000
NODE_302764_length_170_cov_217.422535	10	90	105	1	80	0.0125000
NODE_302764_length_170_cov_217.422535	10	90	114	2	80	0.0250000
NODE_302764_length_170_cov_217.422535	10	90	122	3	80	0.0375000
NODE_302764_length_170_cov_217.422535	10	90	123	2	80	0.0250000
NODE_302764_length_170_cov_217.422535	10	90	125	1	80	0.0125000
NODE_302764_length_170_cov_217.422535	10	90	127	1	80	0.0125000
NODE_302764_length_170_cov_217.422535	10	90	135	2	80	0.0250000
NODE_302764_length_170_cov_217.422535	10	90	137	1	80	0.0125000
NODE_302764_length_170_cov_217.422535	10	90	140	1	80	0.0125000
NODE_302764_length_170_cov_217.422535	10	90	141	2	80	0.0250000
NODE_302764_length_170_cov_217.422535	10	90	143	1	80	0.0125000
NODE_302764_length_170_cov_217.422535	10	90	149	1	80	0.0125000
NODE_302764_length_170_cov_217.422535	10	90	151	2	80	0.0250000
NODE_302764_length_170_cov_217.422535	10	90	153	2	80	0.0250000
NODE_302764_length_170_cov_217.422535	10	90	165	1	80	0.0125000
NODE_302764_length_170_cov_217.422535	10	90	169	1	80	0.0125000
NODE_302764_length_170_cov_217.422535	10	90	177	2	80	0.0250000
NODE_302764_length_170_cov_217.422535	10	90	179	1	80	0.0125000
NODE_302764_length_170_cov_217.422535	10	90	183	2	80	0.0250000
NODE_302764_length_170_cov_217.422535	10	90	185	1	80	0.0125000
NODE_302764_length_170_cov_217.422535	10	90	187	2	80	0.0250000
NODE_302764_length_170_cov_217.422535	10	90	195	1	80	0.0125000
NODE_302764_length_170_cov_217.422535	10	90	196	2	80	0.0250000
NODE_302764_length_170_cov_217.422535	10	90	200	3	80	0.0375000
NODE_302764_length_170_cov_217.422535	10	90	201	8	80	0.1000000
NODE_302764_length_170_cov_217.422535	10	90	202	13	80	0.1625000
NODE_302764_length_170_cov_217.422535	10	90	36	2	80	0.0250000
NODE_302764_length_170_cov_217.422535	10	90	40	1	80	0.0125000
NODE_302764_length_170_cov_217.422535	10	90	46	1	80	0.0125000
NODE_302764_length_170_cov_217.422535	10	90	47	1	80	0.0125000
NODE_302764_length_170_cov_217.422535	10	90	51	2	80	0.0250000
NODE_302764_length_170_cov_217.422535	10	90	64	1	80	0.0125000
NODE_302764_length_170_cov_217.422535	10	90	68	1	80	0.0125000
NODE_302764_length_170_cov_217.422535	10	90	73	1	80	0.0125000
NODE_302764_length_170_cov_217.422535	10	90	76	1	80	0.0125000
NODE_302764_length_170_cov_217.422535	10	90	77	1	80	0.0125000
NODE_302764_length_170_cov_217.422535	10	90	85	1	80	0.0125000
NODE_302764_length_170_cov_217.422535	10	90	89	2	80	0.0250000
NODE_302764_length_170_cov_217.422535	10	90	95	2	80	0.0250000
NODE_302764_length_170_cov_217.422535	10	90	97	2	80	0.0250000
NODE_302764_length_170_cov_217.422535	10	90	103	2	80	0.0250000
NODE_302764_length_170_cov_217.422535	10	90	105	1	80	0.0125000
NODE_302764_length_170_cov_217.422535	10	90	114	2	80	0.0250000
NODE_302764_length_170_cov_217.422535	10	90	122	3	80	0.0375000
NODE_302764_length_170_cov_217.422535	10	90	123	2	80	0.0250000
NODE_302764_length_170_cov_217.422535	10	90	125	1	80	0.0125000
NODE_302764_length_170_cov_217.422535	10	90	127	1	80	0.0125000
NODE_302764_length_170_cov_217.422535	10	90	135	2	80	0.0250000
NODE_302764_length_170_cov_217.422535	10	90	137	1	80	0.0125000
NODE_302764_length_170_cov_217.422535	10	90	140	1	80	0.0125000
NODE_302764_length_170_cov_217.422535	10	90	141	2	80	0.0250000
NODE_302764_length_170_cov_217.422535	10	90	143	1	80	0.0125000
NODE_302764_length_170_cov_217.422535	10	90	149	1	80	0.0125000
NODE_302764_length_170_cov_217.422535	10	90	151	2	80	0.0250000
NODE_302764_length_170_cov_217.422535	10	90	153	2	80	0.0250000
NODE_302764_length_170_cov_217.422535	10	90	165	1	80	0.0125000
NODE_302764_length_170_cov_217.422535	10	90	169	1	80	0.0125000
NODE_302764_length_170_cov_217.422535	10	90	177	2	80	0.0250000
NODE_302764_length_170_cov_217.422535	10	90	179	1	80	0.0125000
NODE_302764_length_170_cov_217.422535	10	90	183	2	80	0.0250000
NODE_302764_length_170_cov_217.422535	10	90	185	1	80	0.0125000
NODE_302764_length_170_cov_217.422535	10	90	187	2	80	0.0250000
NODE_302764_length_170_cov_217.422535	10	90	195	1	80	0.0125000
NODE_302764_length_170_cov_217.422535	10	90	196	2	80	0.0250000
NODE_302764_length_170_cov_217.422535	10	90	200	3	80	0.0375000
NODE_302764_length_170_cov_217.422535	10	90	201	8	80	0.1000000
NODE_302764_length_170_cov_217.422535	10	90	202	13	80	0.1625000
NODE_302764_length_170_cov_217.422535	19	90	73	1	71	0.0140845
NODE_302764_length_170_cov_217.422535	19	90	76	1	71	0.0140845
NODE_302764_length_170_cov_217.422535	19	90	77	1	71	0.0140845
NODE_302764_length_170_cov_217.422535	19	90	85	1	71	0.0140845
NODE_302764_length_170_cov_217.422535	19	90	89	2	71	0.0281690
NODE_302764_length_170_cov_217.422535	19	90	95	2	71	0.0281690
NODE_302764_length_170_cov_217.422535	19	90	97	2	71	0.0281690
NODE_302764_length_170_cov_217.422535	19	90	103	2	71	0.0281690
NODE_302764_length_170_cov_217.422535	19	90	105	1	71	0.0140845
NODE_302764_length_170_cov_217.422535	19	90	114	2	71	0.0281690
NODE_302764_length_170_cov_217.422535	19	90	122	3	71	0.0422535
NODE_302764_length_170_cov_217.422535	19	90	123	2	71	0.0281690
NODE_302764_length_170_cov_217.422535	19	90	125	1	71	0.0140845
NODE_302764_length_170_cov_217.422535	19	90	127	1	71	0.0140845
NODE_302764_length_170_cov_217.422535	19	90	135	2	71	0.0281690
NODE_302764_length_170_cov_217.422535	19	90	137	1	71	0.0140845
NODE_302764_length_170_cov_217.422535	19	90	140	1	71	0.0140845
NODE_302764_length_170_cov_217.422535	19	90	141	2	71	0.0281690
NODE_302764_length_170_cov_217.422535	19	90	143	1	71	0.0140845
NODE_302764_length_170_cov_217.422535	19	90	149	1	71	0.0140845
NODE_302764_length_170_cov_217.422535	19	90	151	2	71	0.0281690
NODE_302764_length_170_cov_217.422535	19	90	153	2	71	0.0281690
NODE_302764_length_170_cov_217.422535	19	90	165	1	71	0.0140845
NODE_302764_length_170_cov_217.422535	19	90	169	1	71	0.0140845
NODE_302764_length_170_cov_217.422535	19	90	177	2	71	0.0281690
NODE_302764_length_170_cov_217.422535	19	90	179	1	71	0.0140845
NODE_302764_length_170_cov_217.422535	19	90	183	2	71	0.0281690
NODE_302764_length_170_cov_217.422535	19	90	185	1	71	0.0140845
NODE_302764_length_170_cov_217.422535	19	90	187	2	71	0.0281690
NODE_302764_length_170_cov_217.422535	19	90	195	1	71	0.0140845
NODE_302764_length_170_cov_217.422535	19	90	196	2	71	0.0281690
NODE_302764_length_170_cov_217.422535	19	90	200	3	71	0.0422535
NODE_302764_length_170_cov_217.422535	19	90	201	8	71	0.1126761
NODE_302764_length_170_cov_217.422535	19	90	202	13	71	0.1830986
NODE_302764_length_170_cov_217.422535	63	126	166	1	63	0.0158730
NODE_302764_length_170_cov_217.422535	63	126	170	1	63	0.0158730
NODE_302764_length_170_cov_217.422535	63	126	174	4	63	0.0634921
NODE_302764_length_170_cov_217.422535	63	126	182	2	63	0.0317460
NODE_302764_length_170_cov_217.422535	63	126	186	1	63	0.0158730
NODE_302764_length_170_cov_217.422535	63	126	188	2	63	0.0317460
NODE_302764_length_170_cov_217.422535	63	126	189	1	63	0.0158730
NODE_302764_length_170_cov_217.422535	63	126	193	1	63	0.0158730
NODE_302764_length_170_cov_217.422535	63	126	195	1	63	0.0158730
NODE_302764_length_170_cov_217.422535	63	126	196	2	63	0.0317460
NODE_302764_length_170_cov_217.422535	63	126	197	5	63	0.0793651
NODE_302764_length_170_cov_217.422535	63	126	200	3	63	0.0476190
NODE_302764_length_170_cov_217.422535	63	126	201	17	63	0.2698413
NODE_302764_length_170_cov_217.422535	63	126	202	22	63	0.3492064
NODE_302764_length_170_cov_217.422535	63	126	166	1	63	0.0158730
NODE_302764_length_170_cov_217.422535	63	126	170	1	63	0.0158730
NODE_302764_length_170_cov_217.422535	63	126	174	4	63	0.0634921
NODE_302764_length_170_cov_217.422535	63	126	182	2	63	0.0317460
NODE_302764_length_170_cov_217.422535	63	126	186	1	63	0.0158730
NODE_302764_length_170_cov_217.422535	63	126	188	2	63	0.0317460
NODE_302764_length_170_cov_217.422535	63	126	189	1	63	0.0158730
NODE_302764_length_170_cov_217.422535	63	126	193	1	63	0.0158730
NODE_302764_length_170_cov_217.422535	63	126	195	1	63	0.0158730
NODE_302764_length_170_cov_217.422535	63	126	196	2	63	0.0317460
NODE_302764_length_170_cov_217.422535	63	126	197	5	63	0.0793651
NODE_302764_length_170_cov_217.422535	63	126	200	3	63	0.0476190
NODE_302764_length_170_cov_217.422535	63	126	201	17	63	0.2698413
NODE_302764_length_170_cov_217.422535	63	126	202	22	63	0.3492064
NODE_302768_length_170_cov_102.816901	23	86	47	7	63	0.1111111
NODE_302768_length_170_cov_102.816901	23	86	49	13	63	0.2063492
NODE_302768_length_170_cov_102.816901	23	86	51	12	63	0.1904762
NODE_302768_length_170_cov_102.816901	23	86	52	31	63	0.4920635
NODE_302806_length_169_cov_47.757143	70	150	12	1	80	0.0125000
NODE_302806_length_169_cov_47.757143	70	150	14	2	80	0.0250000
NODE_302806_length_169_cov_47.757143	70	150	15	18	80	0.2250000
NODE_302806_length_169_cov_47.757143	70	150	16	59	80	0.7375000
NODE_302869_length_168_cov_10.391304	66	99	0	33	33	1.0000000
NODE_302869_length_168_cov_10.391304	135	168	0	33	33	1.0000000
NODE_302966_length_166_cov_401.149254	31	109	67	1	78	0.0128205
NODE_302966_length_166_cov_401.149254	31	109	68	1	78	0.0128205
NODE_302966_length_166_cov_401.149254	31	109	74	1	78	0.0128205
NODE_302966_length_166_cov_401.149254	31	109	76	1	78	0.0128205
NODE_302966_length_166_cov_401.149254	31	109	78	2	78	0.0256410
NODE_302966_length_166_cov_401.149254	31	109	82	1	78	0.0128205
NODE_302966_length_166_cov_401.149254	31	109	88	1	78	0.0128205
NODE_302966_length_166_cov_401.149254	31	109	92	4	78	0.0512821
NODE_302966_length_166_cov_401.149254	31	109	106	2	78	0.0256410
NODE_302966_length_166_cov_401.149254	31	109	116	1	78	0.0128205
NODE_302966_length_166_cov_401.149254	31	109	118	1	78	0.0128205
NODE_302966_length_166_cov_401.149254	31	109	126	1	78	0.0128205
NODE_302966_length_166_cov_401.149254	31	109	128	1	78	0.0128205
NODE_302966_length_166_cov_401.149254	31	109	130	1	78	0.0128205
NODE_302966_length_166_cov_401.149254	31	109	138	1	78	0.0128205
NODE_302966_length_166_cov_401.149254	31	109	144	5	78	0.0641026
NODE_302966_length_166_cov_401.149254	31	109	146	2	78	0.0256410
NODE_302966_length_166_cov_401.149254	31	109	148	1	78	0.0128205
NODE_302966_length_166_cov_401.149254	31	109	150	3	78	0.0384615
NODE_302966_length_166_cov_401.149254	31	109	152	8	78	0.1025641
NODE_302966_length_166_cov_401.149254	31	109	154	39	78	0.5000000
NODE_302966_length_166_cov_401.149254	82	157	34	1	75	0.0133333
NODE_302966_length_166_cov_401.149254	82	157	36	2	75	0.0266667
NODE_302966_length_166_cov_401.149254	82	157	38	1	75	0.0133333
NODE_302966_length_166_cov_401.149254	82	157	42	1	75	0.0133333
NODE_302966_length_166_cov_401.149254	82	157	44	1	75	0.0133333
NODE_302966_length_166_cov_401.149254	82	157	48	1	75	0.0133333
NODE_302966_length_166_cov_401.149254	82	157	50	3	75	0.0400000
NODE_302966_length_166_cov_401.149254	82	157	58	2	75	0.0266667
NODE_302966_length_166_cov_401.149254	82	157	61	1	75	0.0133333
NODE_302966_length_166_cov_401.149254	82	157	63	2	75	0.0266667
NODE_302966_length_166_cov_401.149254	82	157	64	1	75	0.0133333
NODE_302966_length_166_cov_401.149254	82	157	77	1	75	0.0133333
NODE_302966_length_166_cov_401.149254	82	157	79	2	75	0.0266667
NODE_302966_length_166_cov_401.149254	82	157	81	1	75	0.0133333
NODE_302966_length_166_cov_401.149254	82	157	83	1	75	0.0133333
NODE_302966_length_166_cov_401.149254	82	157	85	2	75	0.0266667
NODE_302966_length_166_cov_401.149254	82	157	88	1	75	0.0133333
NODE_302966_length_166_cov_401.149254	82	157	96	1	75	0.0133333
NODE_302966_length_166_cov_401.149254	82	157	104	1	75	0.0133333
NODE_302966_length_166_cov_401.149254	82	157	106	1	75	0.0133333
NODE_302966_length_166_cov_401.149254	82	157	108	1	75	0.0133333
NODE_302966_length_166_cov_401.149254	82	157	110	1	75	0.0133333
NODE_302966_length_166_cov_401.149254	82	157	112	2	75	0.0266667
NODE_302966_length_166_cov_401.149254	82	157	116	2	75	0.0266667
NODE_302966_length_166_cov_401.149254	82	157	118	1	75	0.0133333
NODE_302966_length_166_cov_401.149254	82	157	122	3	75	0.0400000
NODE_302966_length_166_cov_401.149254	82	157	124	1	75	0.0133333
NODE_302966_length_166_cov_401.149254	82	157	132	3	75	0.0400000
NODE_302966_length_166_cov_401.149254	82	157	136	2	75	0.0266667
NODE_302966_length_166_cov_401.149254	82	157	140	2	75	0.0266667
NODE_302966_length_166_cov_401.149254	82	157	142	2	75	0.0266667
NODE_302966_length_166_cov_401.149254	82	157	150	4	75	0.0533333
NODE_302966_length_166_cov_401.149254	82	157	152	4	75	0.0533333
NODE_302966_length_166_cov_401.149254	82	157	154	20	75	0.2666667
NODE_302974_length_166_cov_123.223881	46	97	14	51	51	1.0000000
NODE_303071_length_164_cov_154.076923	0	75	2	4	75	0.0533333
NODE_303071_length_164_cov_154.076923	0	75	6	1	75	0.0133333
NODE_303071_length_164_cov_154.076923	0	75	12	5	75	0.0666667
NODE_303071_length_164_cov_154.076923	0	75	16	8	75	0.1066667
NODE_303071_length_164_cov_154.076923	0	75	18	13	75	0.1733333
NODE_303071_length_164_cov_154.076923	0	75	20	8	75	0.1066667
NODE_303071_length_164_cov_154.076923	0	75	22	16	75	0.2133333
NODE_303071_length_164_cov_154.076923	0	75	27	1	75	0.0133333
NODE_303071_length_164_cov_154.076923	0	75	28	19	75	0.2533333
NODE_303071_length_164_cov_154.076923	48	128	22	7	80	0.0875000
NODE_303071_length_164_cov_154.076923	48	128	23	3	80	0.0375000
NODE_303071_length_164_cov_154.076923	48	128	24	14	80	0.1750000
NODE_303071_length_164_cov_154.076923	48	128	26	3	80	0.0375000
NODE_303071_length_164_cov_154.076923	48	128	27	1	80	0.0125000
NODE_303071_length_164_cov_154.076923	48	128	28	52	80	0.6500000
NODE_303074_length_164_cov_69.369231	0	64	4	10	64	0.1562500
NODE_303074_length_164_cov_69.369231	0	64	6	54	64	0.8437500
NODE_303079_length_164_cov_43.923077	36	100	121	1	64	0.0156250
NODE_303079_length_164_cov_43.923077	36	100	123	1	64	0.0156250
NODE_303079_length_164_cov_43.923077	36	100	125	1	64	0.0156250
NODE_303079_length_164_cov_43.923077	36	100	129	3	64	0.0468750
NODE_303079_length_164_cov_43.923077	36	100	131	14	64	0.2187500
NODE_303079_length_164_cov_43.923077	36	100	133	44	64	0.6875000
NODE_303079_length_164_cov_43.923077	36	100	121	1	64	0.0156250
NODE_303079_length_164_cov_43.923077	36	100	123	1	64	0.0156250
NODE_303079_length_164_cov_43.923077	36	100	125	1	64	0.0156250
NODE_303079_length_164_cov_43.923077	36	100	129	3	64	0.0468750
NODE_303079_length_164_cov_43.923077	36	100	131	14	64	0.2187500
NODE_303079_length_164_cov_43.923077	36	100	133	44	64	0.6875000
NODE_303079_length_164_cov_43.923077	73	153	78	2	80	0.0250000
NODE_303079_length_164_cov_43.923077	73	153	81	1	80	0.0125000
NODE_303079_length_164_cov_43.923077	73	153	84	3	80	0.0375000
NODE_303079_length_164_cov_43.923077	73	153	87	1	80	0.0125000
NODE_303079_length_164_cov_43.923077	73	153	89	1	80	0.0125000
NODE_303079_length_164_cov_43.923077	73	153	91	2	80	0.0250000
NODE_303079_length_164_cov_43.923077	73	153	93	1	80	0.0125000
NODE_303079_length_164_cov_43.923077	73	153	99	4	80	0.0500000
NODE_303079_length_164_cov_43.923077	73	153	104	1	80	0.0125000
NODE_303079_length_164_cov_43.923077	73	153	110	2	80	0.0250000
NODE_303079_length_164_cov_43.923077	73	153	112	7	80	0.0875000
NODE_303079_length_164_cov_43.923077	73	153	116	2	80	0.0250000
NODE_303079_length_164_cov_43.923077	73	153	124	4	80	0.0500000
NODE_303079_length_164_cov_43.923077	73	153	126	8	80	0.1000000
NODE_303079_length_164_cov_43.923077	73	153	128	5	80	0.0625000
NODE_303079_length_164_cov_43.923077	73	153	130	6	80	0.0750000
NODE_303079_length_164_cov_43.923077	73	153	133	27	80	0.3375000
NODE_303079_length_164_cov_43.923077	73	153	134	3	80	0.0375000
NODE_303079_length_164_cov_43.923077	73	153	78	2	80	0.0250000
NODE_303079_length_164_cov_43.923077	73	153	81	1	80	0.0125000
NODE_303079_length_164_cov_43.923077	73	153	84	3	80	0.0375000
NODE_303079_length_164_cov_43.923077	73	153	87	1	80	0.0125000
NODE_303079_length_164_cov_43.923077	73	153	89	1	80	0.0125000
NODE_303079_length_164_cov_43.923077	73	153	91	2	80	0.0250000
NODE_303079_length_164_cov_43.923077	73	153	93	1	80	0.0125000
NODE_303079_length_164_cov_43.923077	73	153	99	4	80	0.0500000
NODE_303079_length_164_cov_43.923077	73	153	104	1	80	0.0125000
NODE_303079_length_164_cov_43.923077	73	153	110	2	80	0.0250000
NODE_303079_length_164_cov_43.923077	73	153	112	7	80	0.0875000
NODE_303079_length_164_cov_43.923077	73	153	116	2	80	0.0250000
NODE_303079_length_164_cov_43.923077	73	153	124	4	80	0.0500000
NODE_303079_length_164_cov_43.923077	73	153	126	8	80	0.1000000
NODE_303079_length_164_cov_43.923077	73	153	128	5	80	0.0625000
NODE_303079_length_164_cov_43.923077	73	153	130	6	80	0.0750000
NODE_303079_length_164_cov_43.923077	73	153	133	27	80	0.3375000
NODE_303079_length_164_cov_43.923077	73	153	134	3	80	0.0375000
NODE_303079_length_164_cov_43.923077	73	153	78	2	80	0.0250000
NODE_303079_length_164_cov_43.923077	73	153	81	1	80	0.0125000
NODE_303079_length_164_cov_43.923077	73	153	84	3	80	0.0375000
NODE_303079_length_164_cov_43.923077	73	153	87	1	80	0.0125000
NODE_303079_length_164_cov_43.923077	73	153	89	1	80	0.0125000
NODE_303079_length_164_cov_43.923077	73	153	91	2	80	0.0250000
NODE_303079_length_164_cov_43.923077	73	153	93	1	80	0.0125000
NODE_303079_length_164_cov_43.923077	73	153	99	4	80	0.0500000
NODE_303079_length_164_cov_43.923077	73	153	104	1	80	0.0125000
NODE_303079_length_164_cov_43.923077	73	153	110	2	80	0.0250000
NODE_303079_length_164_cov_43.923077	73	153	112	7	80	0.0875000
NODE_303079_length_164_cov_43.923077	73	153	116	2	80	0.0250000
NODE_303079_length_164_cov_43.923077	73	153	124	4	80	0.0500000
NODE_303079_length_164_cov_43.923077	73	153	126	8	80	0.1000000
NODE_303079_length_164_cov_43.923077	73	153	128	5	80	0.0625000
NODE_303079_length_164_cov_43.923077	73	153	130	6	80	0.0750000
NODE_303079_length_164_cov_43.923077	73	153	133	27	80	0.3375000
NODE_303079_length_164_cov_43.923077	73	153	134	3	80	0.0375000
NODE_303079_length_164_cov_43.923077	73	153	78	2	80	0.0250000
NODE_303079_length_164_cov_43.923077	73	153	81	1	80	0.0125000
NODE_303079_length_164_cov_43.923077	73	153	84	3	80	0.0375000
NODE_303079_length_164_cov_43.923077	73	153	87	1	80	0.0125000
NODE_303079_length_164_cov_43.923077	73	153	89	1	80	0.0125000
NODE_303079_length_164_cov_43.923077	73	153	91	2	80	0.0250000
NODE_303079_length_164_cov_43.923077	73	153	93	1	80	0.0125000
NODE_303079_length_164_cov_43.923077	73	153	99	4	80	0.0500000
NODE_303079_length_164_cov_43.923077	73	153	104	1	80	0.0125000
NODE_303079_length_164_cov_43.923077	73	153	110	2	80	0.0250000
NODE_303079_length_164_cov_43.923077	73	153	112	7	80	0.0875000
NODE_303079_length_164_cov_43.923077	73	153	116	2	80	0.0250000
NODE_303079_length_164_cov_43.923077	73	153	124	4	80	0.0500000
NODE_303079_length_164_cov_43.923077	73	153	126	8	80	0.1000000
NODE_303079_length_164_cov_43.923077	73	153	128	5	80	0.0625000
NODE_303079_length_164_cov_43.923077	73	153	130	6	80	0.0750000
NODE_303079_length_164_cov_43.923077	73	153	133	27	80	0.3375000
NODE_303079_length_164_cov_43.923077	73	153	134	3	80	0.0375000
NODE_303079_length_164_cov_43.923077	73	153	78	2	80	0.0250000
NODE_303079_length_164_cov_43.923077	73	153	81	1	80	0.0125000
NODE_303079_length_164_cov_43.923077	73	153	84	3	80	0.0375000
NODE_303079_length_164_cov_43.923077	73	153	87	1	80	0.0125000
NODE_303079_length_164_cov_43.923077	73	153	89	1	80	0.0125000
NODE_303079_length_164_cov_43.923077	73	153	91	2	80	0.0250000
NODE_303079_length_164_cov_43.923077	73	153	93	1	80	0.0125000
NODE_303079_length_164_cov_43.923077	73	153	99	4	80	0.0500000
NODE_303079_length_164_cov_43.923077	73	153	104	1	80	0.0125000
NODE_303079_length_164_cov_43.923077	73	153	110	2	80	0.0250000
NODE_303079_length_164_cov_43.923077	73	153	112	7	80	0.0875000
NODE_303079_length_164_cov_43.923077	73	153	116	2	80	0.0250000
NODE_303079_length_164_cov_43.923077	73	153	124	4	80	0.0500000
NODE_303079_length_164_cov_43.923077	73	153	126	8	80	0.1000000
NODE_303079_length_164_cov_43.923077	73	153	128	5	80	0.0625000
NODE_303079_length_164_cov_43.923077	73	153	130	6	80	0.0750000
NODE_303079_length_164_cov_43.923077	73	153	133	27	80	0.3375000
NODE_303079_length_164_cov_43.923077	73	153	134	3	80	0.0375000
NODE_303079_length_164_cov_43.923077	73	144	91	1	71	0.0140845
NODE_303079_length_164_cov_43.923077	73	144	93	1	71	0.0140845
NODE_303079_length_164_cov_43.923077	73	144	99	4	71	0.0563380
NODE_303079_length_164_cov_43.923077	73	144	104	1	71	0.0140845
NODE_303079_length_164_cov_43.923077	73	144	110	2	71	0.0281690
NODE_303079_length_164_cov_43.923077	73	144	112	7	71	0.0985916
NODE_303079_length_164_cov_43.923077	73	144	116	2	71	0.0281690
NODE_303079_length_164_cov_43.923077	73	144	124	4	71	0.0563380
NODE_303079_length_164_cov_43.923077	73	144	126	8	71	0.1126761
NODE_303079_length_164_cov_43.923077	73	144	128	5	71	0.0704225
NODE_303079_length_164_cov_43.923077	73	144	130	6	71	0.0845070
NODE_303079_length_164_cov_43.923077	73	144	133	27	71	0.3802817
NODE_303079_length_164_cov_43.923077	73	144	134	3	71	0.0422535
NODE_303135_length_163_cov_480.593750	0	40	0	19	40	0.4750000
NODE_303135_length_163_cov_480.593750	0	40	2	20	40	0.5000000
NODE_303135_length_163_cov_480.593750	0	40	4	1	40	0.0250000
NODE_303136_length_163_cov_368.000000	24	96	14	1	72	0.0138889
NODE_303136_length_163_cov_368.000000	24	96	16	28	72	0.3888889
NODE_303136_length_163_cov_368.000000	24	96	18	43	72	0.5972222
NODE_303138_length_163_cov_319.843750	0	68	3	1	68	0.0147059
NODE_303138_length_163_cov_319.843750	0	68	6	1	68	0.0147059
NODE_303138_length_163_cov_319.843750	0	68	8	1	68	0.0147059
NODE_303138_length_163_cov_319.843750	0	68	16	7	68	0.1029412
NODE_303138_length_163_cov_319.843750	0	68	18	5	68	0.0735294
NODE_303138_length_163_cov_319.843750	0	68	21	2	68	0.0294118
NODE_303138_length_163_cov_319.843750	0	68	23	1	68	0.0147059
NODE_303138_length_163_cov_319.843750	0	68	24	1	68	0.0147059
NODE_303138_length_163_cov_319.843750	0	68	27	1	68	0.0147059
NODE_303138_length_163_cov_319.843750	0	68	29	1	68	0.0147059
NODE_303138_length_163_cov_319.843750	0	68	32	5	68	0.0735294
NODE_303138_length_163_cov_319.843750	0	68	34	42	68	0.6176471
NODE_303139_length_163_cov_198.078125	34	109	115	4	75	0.0533333
NODE_303139_length_163_cov_198.078125	34	109	123	1	75	0.0133333
NODE_303139_length_163_cov_198.078125	34	109	142	2	75	0.0266667
NODE_303139_length_163_cov_198.078125	34	109	145	1	75	0.0133333
NODE_303139_length_163_cov_198.078125	34	109	149	2	75	0.0266667
NODE_303139_length_163_cov_198.078125	34	109	151	8	75	0.1066667
NODE_303139_length_163_cov_198.078125	34	109	153	1	75	0.0133333
NODE_303139_length_163_cov_198.078125	34	109	156	2	75	0.0266667
NODE_303139_length_163_cov_198.078125	34	109	157	13	75	0.1733333
NODE_303139_length_163_cov_198.078125	34	109	158	7	75	0.0933333
NODE_303139_length_163_cov_198.078125	34	109	159	1	75	0.0133333
NODE_303139_length_163_cov_198.078125	34	109	160	1	75	0.0133333
NODE_303139_length_163_cov_198.078125	34	109	161	3	75	0.0400000
NODE_303139_length_163_cov_198.078125	34	109	162	10	75	0.1333333
NODE_303139_length_163_cov_198.078125	34	109	163	19	75	0.2533333
NODE_303139_length_163_cov_198.078125	34	114	115	4	80	0.0500000
NODE_303139_length_163_cov_198.078125	34	114	123	1	80	0.0125000
NODE_303139_length_163_cov_198.078125	34	114	142	2	80	0.0250000
NODE_303139_length_163_cov_198.078125	34	114	144	1	80	0.0125000
NODE_303139_length_163_cov_198.078125	34	114	145	1	80	0.0125000
NODE_303139_length_163_cov_198.078125	34	114	146	2	80	0.0250000
NODE_303139_length_163_cov_198.078125	34	114	149	2	80	0.0250000
NODE_303139_length_163_cov_198.078125	34	114	151	8	80	0.1000000
NODE_303139_length_163_cov_198.078125	34	114	153	1	80	0.0125000
NODE_303139_length_163_cov_198.078125	34	114	154	1	80	0.0125000
NODE_303139_length_163_cov_198.078125	34	114	156	3	80	0.0375000
NODE_303139_length_163_cov_198.078125	34	114	157	13	80	0.1625000
NODE_303139_length_163_cov_198.078125	34	114	158	7	80	0.0875000
NODE_303139_length_163_cov_198.078125	34	114	159	1	80	0.0125000
NODE_303139_length_163_cov_198.078125	34	114	160	1	80	0.0125000
NODE_303139_length_163_cov_198.078125	34	114	161	3	80	0.0375000
NODE_303139_length_163_cov_198.078125	34	114	162	10	80	0.1250000
NODE_303139_length_163_cov_198.078125	34	114	163	19	80	0.2375000
NODE_303139_length_163_cov_198.078125	35	110	115	3	75	0.0400000
NODE_303139_length_163_cov_198.078125	35	110	123	1	75	0.0133333
NODE_303139_length_163_cov_198.078125	35	110	142	2	75	0.0266667
NODE_303139_length_163_cov_198.078125	35	110	145	1	75	0.0133333
NODE_303139_length_163_cov_198.078125	35	110	149	2	75	0.0266667
NODE_303139_length_163_cov_198.078125	35	110	151	8	75	0.1066667
NODE_303139_length_163_cov_198.078125	35	110	153	1	75	0.0133333
NODE_303139_length_163_cov_198.078125	35	110	156	3	75	0.0400000
NODE_303139_length_163_cov_198.078125	35	110	157	13	75	0.1733333
NODE_303139_length_163_cov_198.078125	35	110	158	7	75	0.0933333
NODE_303139_length_163_cov_198.078125	35	110	159	1	75	0.0133333
NODE_303139_length_163_cov_198.078125	35	110	160	1	75	0.0133333
NODE_303139_length_163_cov_198.078125	35	110	161	3	75	0.0400000
NODE_303139_length_163_cov_198.078125	35	110	162	10	75	0.1333333
NODE_303139_length_163_cov_198.078125	35	110	163	19	75	0.2533333
NODE_303139_length_163_cov_198.078125	87	163	4	1	76	0.0131579
NODE_303139_length_163_cov_198.078125	87	163	8	1	76	0.0131579
NODE_303139_length_163_cov_198.078125	87	163	18	2	76	0.0263158
NODE_303139_length_163_cov_198.078125	87	163	20	2	76	0.0263158
NODE_303139_length_163_cov_198.078125	87	163	45	4	76	0.0526316
NODE_303139_length_163_cov_198.078125	87	163	53	2	76	0.0263158
NODE_303139_length_163_cov_198.078125	87	163	63	1	76	0.0131579
NODE_303139_length_163_cov_198.078125	87	163	72	1	76	0.0131579
NODE_303139_length_163_cov_198.078125	87	163	79	1	76	0.0131579
NODE_303139_length_163_cov_198.078125	87	163	81	2	76	0.0263158
NODE_303139_length_163_cov_198.078125	87	163	83	1	76	0.0131579
NODE_303139_length_163_cov_198.078125	87	163	111	1	76	0.0131579
NODE_303139_length_163_cov_198.078125	87	163	120	4	76	0.0526316
NODE_303139_length_163_cov_198.078125	87	163	122	1	76	0.0131579
NODE_303139_length_163_cov_198.078125	87	163	126	5	76	0.0657895
NODE_303139_length_163_cov_198.078125	87	163	138	4	76	0.0526316
NODE_303139_length_163_cov_198.078125	87	163	142	9	76	0.1184211
NODE_303139_length_163_cov_198.078125	87	163	144	8	76	0.1052632
NODE_303139_length_163_cov_198.078125	87	163	146	2	76	0.0263158
NODE_303139_length_163_cov_198.078125	87	163	154	1	76	0.0131579
NODE_303139_length_163_cov_198.078125	87	163	156	3	76	0.0394737
NODE_303139_length_163_cov_198.078125	87	163	157	12	76	0.1578947
NODE_303139_length_163_cov_198.078125	87	163	158	7	76	0.0921053
NODE_303139_length_163_cov_198.078125	87	163	159	1	76	0.0131579
NODE_303139_length_163_cov_198.078125	87	163	4	1	76	0.0131579
NODE_303139_length_163_cov_198.078125	87	163	8	1	76	0.0131579
NODE_303139_length_163_cov_198.078125	87	163	18	2	76	0.0263158
NODE_303139_length_163_cov_198.078125	87	163	20	2	76	0.0263158
NODE_303139_length_163_cov_198.078125	87	163	45	4	76	0.0526316
NODE_303139_length_163_cov_198.078125	87	163	53	2	76	0.0263158
NODE_303139_length_163_cov_198.078125	87	163	63	1	76	0.0131579
NODE_303139_length_163_cov_198.078125	87	163	72	1	76	0.0131579
NODE_303139_length_163_cov_198.078125	87	163	79	1	76	0.0131579
NODE_303139_length_163_cov_198.078125	87	163	81	2	76	0.0263158
NODE_303139_length_163_cov_198.078125	87	163	83	1	76	0.0131579
NODE_303139_length_163_cov_198.078125	87	163	111	1	76	0.0131579
NODE_303139_length_163_cov_198.078125	87	163	120	4	76	0.0526316
NODE_303139_length_163_cov_198.078125	87	163	122	1	76	0.0131579
NODE_303139_length_163_cov_198.078125	87	163	126	5	76	0.0657895
NODE_303139_length_163_cov_198.078125	87	163	138	4	76	0.0526316
NODE_303139_length_163_cov_198.078125	87	163	142	9	76	0.1184211
NODE_303139_length_163_cov_198.078125	87	163	144	8	76	0.1052632
NODE_303139_length_163_cov_198.078125	87	163	146	2	76	0.0263158
NODE_303139_length_163_cov_198.078125	87	163	154	1	76	0.0131579
NODE_303139_length_163_cov_198.078125	87	163	156	3	76	0.0394737
NODE_303139_length_163_cov_198.078125	87	163	157	12	76	0.1578947
NODE_303139_length_163_cov_198.078125	87	163	158	7	76	0.0921053
NODE_303139_length_163_cov_198.078125	87	163	159	1	76	0.0131579
NODE_303139_length_163_cov_198.078125	87	163	4	1	76	0.0131579
NODE_303139_length_163_cov_198.078125	87	163	8	1	76	0.0131579
NODE_303139_length_163_cov_198.078125	87	163	18	2	76	0.0263158
NODE_303139_length_163_cov_198.078125	87	163	20	2	76	0.0263158
NODE_303139_length_163_cov_198.078125	87	163	45	4	76	0.0526316
NODE_303139_length_163_cov_198.078125	87	163	53	2	76	0.0263158
NODE_303139_length_163_cov_198.078125	87	163	63	1	76	0.0131579
NODE_303139_length_163_cov_198.078125	87	163	72	1	76	0.0131579
NODE_303139_length_163_cov_198.078125	87	163	79	1	76	0.0131579
NODE_303139_length_163_cov_198.078125	87	163	81	2	76	0.0263158
NODE_303139_length_163_cov_198.078125	87	163	83	1	76	0.0131579
NODE_303139_length_163_cov_198.078125	87	163	111	1	76	0.0131579
NODE_303139_length_163_cov_198.078125	87	163	120	4	76	0.0526316
NODE_303139_length_163_cov_198.078125	87	163	122	1	76	0.0131579
NODE_303139_length_163_cov_198.078125	87	163	126	5	76	0.0657895
NODE_303139_length_163_cov_198.078125	87	163	138	4	76	0.0526316
NODE_303139_length_163_cov_198.078125	87	163	142	9	76	0.1184211
NODE_303139_length_163_cov_198.078125	87	163	144	8	76	0.1052632
NODE_303139_length_163_cov_198.078125	87	163	146	2	76	0.0263158
NODE_303139_length_163_cov_198.078125	87	163	154	1	76	0.0131579
NODE_303139_length_163_cov_198.078125	87	163	156	3	76	0.0394737
NODE_303139_length_163_cov_198.078125	87	163	157	12	76	0.1578947
NODE_303139_length_163_cov_198.078125	87	163	158	7	76	0.0921053
NODE_303139_length_163_cov_198.078125	87	163	159	1	76	0.0131579
NODE_303231_length_162_cov_421.047619	7	56	46	1	49	0.0204082
NODE_303231_length_162_cov_421.047619	7	56	52	1	49	0.0204082
NODE_303231_length_162_cov_421.047619	7	56	62	1	49	0.0204082
NODE_303231_length_162_cov_421.047619	7	56	68	2	49	0.0408163
NODE_303231_length_162_cov_421.047619	7	56	74	1	49	0.0204082
NODE_303231_length_162_cov_421.047619	7	56	80	1	49	0.0204082
NODE_303231_length_162_cov_421.047619	7	56	88	1	49	0.0204082
NODE_303231_length_162_cov_421.047619	7	56	91	1	49	0.0204082
NODE_303231_length_162_cov_421.047619	7	56	101	1	49	0.0204082
NODE_303231_length_162_cov_421.047619	7	56	103	1	49	0.0204082
NODE_303231_length_162_cov_421.047619	7	56	110	1	49	0.0204082
NODE_303231_length_162_cov_421.047619	7	56	120	1	49	0.0204082
NODE_303231_length_162_cov_421.047619	7	56	127	5	49	0.1020408
NODE_303231_length_162_cov_421.047619	7	56	131	2	49	0.0408163
NODE_303231_length_162_cov_421.047619	7	56	135	2	49	0.0408163
NODE_303231_length_162_cov_421.047619	7	56	150	2	49	0.0408163
NODE_303231_length_162_cov_421.047619	7	56	151	3	49	0.0612245
NODE_303231_length_162_cov_421.047619	7	56	155	1	49	0.0204082
NODE_303231_length_162_cov_421.047619	7	56	171	2	49	0.0408163
NODE_303231_length_162_cov_421.047619	7	56	181	2	49	0.0408163
NODE_303231_length_162_cov_421.047619	7	56	187	2	49	0.0408163
NODE_303231_length_162_cov_421.047619	7	56	195	2	49	0.0408163
NODE_303231_length_162_cov_421.047619	7	56	199	1	49	0.0204082
NODE_303231_length_162_cov_421.047619	7	56	205	1	49	0.0204082
NODE_303231_length_162_cov_421.047619	7	56	207	1	49	0.0204082
NODE_303231_length_162_cov_421.047619	7	56	209	1	49	0.0204082
NODE_303231_length_162_cov_421.047619	7	56	211	1	49	0.0204082
NODE_303231_length_162_cov_421.047619	7	56	215	1	49	0.0204082
NODE_303231_length_162_cov_421.047619	7	56	217	1	49	0.0204082
NODE_303231_length_162_cov_421.047619	7	56	219	1	49	0.0204082
NODE_303231_length_162_cov_421.047619	7	56	223	4	49	0.0816327
NODE_303231_length_162_cov_421.047619	7	56	225	1	49	0.0204082
NODE_303231_length_162_cov_421.047619	29	90	150	2	61	0.0327869
NODE_303231_length_162_cov_421.047619	29	90	151	3	61	0.0491803
NODE_303231_length_162_cov_421.047619	29	90	155	1	61	0.0163934
NODE_303231_length_162_cov_421.047619	29	90	171	2	61	0.0327869
NODE_303231_length_162_cov_421.047619	29	90	181	2	61	0.0327869
NODE_303231_length_162_cov_421.047619	29	90	187	2	61	0.0327869
NODE_303231_length_162_cov_421.047619	29	90	195	2	61	0.0327869
NODE_303231_length_162_cov_421.047619	29	90	199	1	61	0.0163934
NODE_303231_length_162_cov_421.047619	29	90	205	1	61	0.0163934
NODE_303231_length_162_cov_421.047619	29	90	207	1	61	0.0163934
NODE_303231_length_162_cov_421.047619	29	90	209	1	61	0.0163934
NODE_303231_length_162_cov_421.047619	29	90	211	1	61	0.0163934
NODE_303231_length_162_cov_421.047619	29	90	215	1	61	0.0163934
NODE_303231_length_162_cov_421.047619	29	90	217	1	61	0.0163934
NODE_303231_length_162_cov_421.047619	29	90	219	1	61	0.0163934
NODE_303231_length_162_cov_421.047619	29	90	223	4	61	0.0655738
NODE_303231_length_162_cov_421.047619	29	90	225	35	61	0.5737705
NODE_303231_length_162_cov_421.047619	29	92	150	2	63	0.0317460
NODE_303231_length_162_cov_421.047619	29	92	151	3	63	0.0476190
NODE_303231_length_162_cov_421.047619	29	92	155	1	63	0.0158730
NODE_303231_length_162_cov_421.047619	29	92	171	2	63	0.0317460
NODE_303231_length_162_cov_421.047619	29	92	181	2	63	0.0317460
NODE_303231_length_162_cov_421.047619	29	92	187	2	63	0.0317460
NODE_303231_length_162_cov_421.047619	29	92	195	2	63	0.0317460
NODE_303231_length_162_cov_421.047619	29	92	199	1	63	0.0158730
NODE_303231_length_162_cov_421.047619	29	92	205	1	63	0.0158730
NODE_303231_length_162_cov_421.047619	29	92	207	1	63	0.0158730
NODE_303231_length_162_cov_421.047619	29	92	209	1	63	0.0158730
NODE_303231_length_162_cov_421.047619	29	92	211	1	63	0.0158730
NODE_303231_length_162_cov_421.047619	29	92	215	1	63	0.0158730
NODE_303231_length_162_cov_421.047619	29	92	217	1	63	0.0158730
NODE_303231_length_162_cov_421.047619	29	92	219	1	63	0.0158730
NODE_303231_length_162_cov_421.047619	29	92	223	4	63	0.0634921
NODE_303231_length_162_cov_421.047619	29	92	225	37	63	0.5873016
NODE_303231_length_162_cov_421.047619	29	92	150	2	63	0.0317460
NODE_303231_length_162_cov_421.047619	29	92	151	3	63	0.0476190
NODE_303231_length_162_cov_421.047619	29	92	155	1	63	0.0158730
NODE_303231_length_162_cov_421.047619	29	92	171	2	63	0.0317460
NODE_303231_length_162_cov_421.047619	29	92	181	2	63	0.0317460
NODE_303231_length_162_cov_421.047619	29	92	187	2	63	0.0317460
NODE_303231_length_162_cov_421.047619	29	92	195	2	63	0.0317460
NODE_303231_length_162_cov_421.047619	29	92	199	1	63	0.0158730
NODE_303231_length_162_cov_421.047619	29	92	205	1	63	0.0158730
NODE_303231_length_162_cov_421.047619	29	92	207	1	63	0.0158730
NODE_303231_length_162_cov_421.047619	29	92	209	1	63	0.0158730
NODE_303231_length_162_cov_421.047619	29	92	211	1	63	0.0158730
NODE_303231_length_162_cov_421.047619	29	92	215	1	63	0.0158730
NODE_303231_length_162_cov_421.047619	29	92	217	1	63	0.0158730
NODE_303231_length_162_cov_421.047619	29	92	219	1	63	0.0158730
NODE_303231_length_162_cov_421.047619	29	92	223	4	63	0.0634921
NODE_303231_length_162_cov_421.047619	29	92	225	37	63	0.5873016
NODE_303231_length_162_cov_421.047619	29	92	150	2	63	0.0317460
NODE_303231_length_162_cov_421.047619	29	92	151	3	63	0.0476190
NODE_303231_length_162_cov_421.047619	29	92	155	1	63	0.0158730
NODE_303231_length_162_cov_421.047619	29	92	171	2	63	0.0317460
NODE_303231_length_162_cov_421.047619	29	92	181	2	63	0.0317460
NODE_303231_length_162_cov_421.047619	29	92	187	2	63	0.0317460
NODE_303231_length_162_cov_421.047619	29	92	195	2	63	0.0317460
NODE_303231_length_162_cov_421.047619	29	92	199	1	63	0.0158730
NODE_303231_length_162_cov_421.047619	29	92	205	1	63	0.0158730
NODE_303231_length_162_cov_421.047619	29	92	207	1	63	0.0158730
NODE_303231_length_162_cov_421.047619	29	92	209	1	63	0.0158730
NODE_303231_length_162_cov_421.047619	29	92	211	1	63	0.0158730
NODE_303231_length_162_cov_421.047619	29	92	215	1	63	0.0158730
NODE_303231_length_162_cov_421.047619	29	92	217	1	63	0.0158730
NODE_303231_length_162_cov_421.047619	29	92	219	1	63	0.0158730
NODE_303231_length_162_cov_421.047619	29	92	223	4	63	0.0634921
NODE_303231_length_162_cov_421.047619	29	92	225	37	63	0.5873016
NODE_303250_length_162_cov_45.380952	63	127	38	1	64	0.0156250
NODE_303250_length_162_cov_45.380952	63	127	39	5	64	0.0781250
NODE_303250_length_162_cov_45.380952	63	127	41	2	64	0.0312500
NODE_303250_length_162_cov_45.380952	63	127	43	2	64	0.0312500
NODE_303250_length_162_cov_45.380952	63	127	45	1	64	0.0156250
NODE_303250_length_162_cov_45.380952	63	127	47	3	64	0.0468750
NODE_303250_length_162_cov_45.380952	63	127	51	13	64	0.2031250
NODE_303250_length_162_cov_45.380952	63	127	52	37	64	0.5781250
NODE_303250_length_162_cov_45.380952	63	127	38	1	64	0.0156250
NODE_303250_length_162_cov_45.380952	63	127	39	5	64	0.0781250
NODE_303250_length_162_cov_45.380952	63	127	41	2	64	0.0312500
NODE_303250_length_162_cov_45.380952	63	127	43	2	64	0.0312500
NODE_303250_length_162_cov_45.380952	63	127	45	1	64	0.0156250
NODE_303250_length_162_cov_45.380952	63	127	47	3	64	0.0468750
NODE_303250_length_162_cov_45.380952	63	127	51	13	64	0.2031250
NODE_303250_length_162_cov_45.380952	63	127	52	37	64	0.5781250
NODE_303250_length_162_cov_45.380952	100	162	4	2	62	0.0322581
NODE_303250_length_162_cov_45.380952	100	162	6	2	62	0.0322581
NODE_303250_length_162_cov_45.380952	100	162	10	9	62	0.1451613
NODE_303250_length_162_cov_45.380952	100	162	12	1	62	0.0161290
NODE_303250_length_162_cov_45.380952	100	162	14	2	62	0.0322581
NODE_303250_length_162_cov_45.380952	100	162	15	2	62	0.0322581
NODE_303250_length_162_cov_45.380952	100	162	16	1	62	0.0161290
NODE_303250_length_162_cov_45.380952	100	162	24	2	62	0.0322581
NODE_303250_length_162_cov_45.380952	100	162	25	1	62	0.0161290
NODE_303250_length_162_cov_45.380952	100	162	27	2	62	0.0322581
NODE_303250_length_162_cov_45.380952	100	162	29	1	62	0.0161290
NODE_303250_length_162_cov_45.380952	100	162	33	10	62	0.1612903
NODE_303250_length_162_cov_45.380952	100	162	38	1	62	0.0161290
NODE_303250_length_162_cov_45.380952	100	162	39	5	62	0.0806452
NODE_303250_length_162_cov_45.380952	100	162	41	2	62	0.0322581
NODE_303250_length_162_cov_45.380952	100	162	43	2	62	0.0322581
NODE_303250_length_162_cov_45.380952	100	162	45	1	62	0.0161290
NODE_303250_length_162_cov_45.380952	100	162	47	3	62	0.0483871
NODE_303250_length_162_cov_45.380952	100	162	51	13	62	0.2096774
NODE_303301_length_161_cov_1483.177419	51	131	40	6	80	0.0750000
NODE_303301_length_161_cov_1483.177419	51	131	42	26	80	0.3250000
NODE_303301_length_161_cov_1483.177419	51	131	44	1	80	0.0125000
NODE_303301_length_161_cov_1483.177419	51	131	46	47	80	0.5875000
NODE_303301_length_161_cov_1483.177419	104	161	13	1	57	0.0175439
NODE_303301_length_161_cov_1483.177419	104	161	17	4	57	0.0701754
NODE_303301_length_161_cov_1483.177419	104	161	18	1	57	0.0175439
NODE_303301_length_161_cov_1483.177419	104	161	24	1	57	0.0175439
NODE_303301_length_161_cov_1483.177419	104	161	28	1	57	0.0175439
NODE_303301_length_161_cov_1483.177419	104	161	30	2	57	0.0350877
NODE_303301_length_161_cov_1483.177419	104	161	34	11	57	0.1929825
NODE_303301_length_161_cov_1483.177419	104	161	36	1	57	0.0175439
NODE_303301_length_161_cov_1483.177419	104	161	40	2	57	0.0350877
NODE_303301_length_161_cov_1483.177419	104	161	42	32	57	0.5614035
NODE_303301_length_161_cov_1483.177419	104	161	44	1	57	0.0175439
NODE_303312_length_161_cov_71.500000	33	110	1	12	77	0.1558442
NODE_303312_length_161_cov_71.500000	33	110	3	9	77	0.1168831
NODE_303312_length_161_cov_71.500000	33	110	5	56	77	0.7272727
NODE_303312_length_161_cov_71.500000	33	110	1	12	77	0.1558442
NODE_303312_length_161_cov_71.500000	33	110	3	9	77	0.1168831
NODE_303312_length_161_cov_71.500000	33	110	5	56	77	0.7272727
NODE_303312_length_161_cov_71.500000	33	110	1	12	77	0.1558442
NODE_303312_length_161_cov_71.500000	33	110	3	9	77	0.1168831
NODE_303312_length_161_cov_71.500000	33	110	5	56	77	0.7272727
NODE_303312_length_161_cov_71.500000	33	110	1	12	77	0.1558442
NODE_303312_length_161_cov_71.500000	33	110	3	9	77	0.1168831
NODE_303312_length_161_cov_71.500000	33	110	5	56	77	0.7272727
NODE_303312_length_161_cov_71.500000	83	149	3	5	66	0.0757576
NODE_303312_length_161_cov_71.500000	83	149	5	61	66	0.9242424
NODE_303312_length_161_cov_71.500000	83	161	0	2	78	0.0256410
NODE_303312_length_161_cov_71.500000	83	161	2	6	78	0.0769231
NODE_303312_length_161_cov_71.500000	83	161	3	9	78	0.1153846
NODE_303312_length_161_cov_71.500000	83	161	5	61	78	0.7820513
NODE_303312_length_161_cov_71.500000	86	161	0	2	75	0.0266667
NODE_303312_length_161_cov_71.500000	86	161	2	6	75	0.0800000
NODE_303312_length_161_cov_71.500000	86	161	3	9	75	0.1200000
NODE_303312_length_161_cov_71.500000	86	161	5	58	75	0.7733333
NODE_303312_length_161_cov_71.500000	86	161	0	2	75	0.0266667
NODE_303312_length_161_cov_71.500000	86	161	2	6	75	0.0800000
NODE_303312_length_161_cov_71.500000	86	161	3	9	75	0.1200000
NODE_303312_length_161_cov_71.500000	86	161	5	58	75	0.7733333
NODE_303312_length_161_cov_71.500000	88	161	0	2	73	0.0273973
NODE_303312_length_161_cov_71.500000	88	161	2	6	73	0.0821918
NODE_303312_length_161_cov_71.500000	88	161	3	9	73	0.1232877
NODE_303312_length_161_cov_71.500000	88	161	5	56	73	0.7671233
NODE_303321_length_161_cov_29.758065	0	80	0	6	80	0.0750000
NODE_303321_length_161_cov_29.758065	0	80	2	5	80	0.0625000
NODE_303321_length_161_cov_29.758065	0	80	4	2	80	0.0250000
NODE_303321_length_161_cov_29.758065	0	80	8	10	80	0.1250000
NODE_303321_length_161_cov_29.758065	0	80	18	13	80	0.1625000
NODE_303321_length_161_cov_29.758065	0	80	20	1	80	0.0125000
NODE_303321_length_161_cov_29.758065	0	80	22	14	80	0.1750000
NODE_303321_length_161_cov_29.758065	0	80	26	4	80	0.0500000
NODE_303321_length_161_cov_29.758065	0	80	28	25	80	0.3125000
NODE_303381_length_160_cov_143.573770	45	125	24	9	80	0.1125000
NODE_303381_length_160_cov_143.573770	45	125	26	71	80	0.8875000
NODE_303381_length_160_cov_143.573770	93	160	2	4	67	0.0597015
NODE_303381_length_160_cov_143.573770	93	160	3	19	67	0.2835821
NODE_303381_length_160_cov_143.573770	93	160	5	4	67	0.0597015
NODE_303381_length_160_cov_143.573770	93	160	7	1	67	0.0149254
NODE_303381_length_160_cov_143.573770	93	160	10	3	67	0.0447761
NODE_303381_length_160_cov_143.573770	93	160	12	2	67	0.0298507
NODE_303381_length_160_cov_143.573770	93	160	20	1	67	0.0149254
NODE_303381_length_160_cov_143.573770	93	160	24	10	67	0.1492537
NODE_303381_length_160_cov_143.573770	93	160	26	23	67	0.3432836
NODE_303381_length_160_cov_143.573770	98	120	24	4	22	0.1818182
NODE_303381_length_160_cov_143.573770	98	120	26	18	22	0.8181818
NODE_303388_length_160_cov_58.245902	0	45	0	11	45	0.2444444
NODE_303388_length_160_cov_58.245902	0	45	2	2	45	0.0444444
NODE_303388_length_160_cov_58.245902	0	45	4	5	45	0.1111111
NODE_303388_length_160_cov_58.245902	0	45	6	27	45	0.6000000
NODE_303431_length_159_cov_182.016667	71	156	23	4	85	0.0470588
NODE_303431_length_159_cov_182.016667	71	156	29	6	85	0.0705882
NODE_303431_length_159_cov_182.016667	71	156	33	4	85	0.0470588
NODE_303431_length_159_cov_182.016667	71	156	35	5	85	0.0588235
NODE_303431_length_159_cov_182.016667	71	156	42	2	85	0.0235294
NODE_303431_length_159_cov_182.016667	71	156	44	3	85	0.0352941
NODE_303431_length_159_cov_182.016667	71	156	48	61	85	0.7176471
NODE_303431_length_159_cov_182.016667	71	156	23	4	85	0.0470588
NODE_303431_length_159_cov_182.016667	71	156	29	6	85	0.0705882
NODE_303431_length_159_cov_182.016667	71	156	33	4	85	0.0470588
NODE_303431_length_159_cov_182.016667	71	156	35	5	85	0.0588235
NODE_303431_length_159_cov_182.016667	71	156	42	2	85	0.0235294
NODE_303431_length_159_cov_182.016667	71	156	44	3	85	0.0352941
NODE_303431_length_159_cov_182.016667	71	156	48	61	85	0.7176471
NODE_303431_length_159_cov_182.016667	71	156	23	4	85	0.0470588
NODE_303431_length_159_cov_182.016667	71	156	29	6	85	0.0705882
NODE_303431_length_159_cov_182.016667	71	156	33	4	85	0.0470588
NODE_303431_length_159_cov_182.016667	71	156	35	5	85	0.0588235
NODE_303431_length_159_cov_182.016667	71	156	42	2	85	0.0235294
NODE_303431_length_159_cov_182.016667	71	156	44	3	85	0.0352941
NODE_303431_length_159_cov_182.016667	71	156	48	61	85	0.7176471
NODE_303440_length_159_cov_85.750000	0	43	0	11	43	0.2558140
NODE_303440_length_159_cov_85.750000	0	43	8	8	43	0.1860465
NODE_303440_length_159_cov_85.750000	0	43	9	1	43	0.0232558
NODE_303440_length_159_cov_85.750000	0	43	10	2	43	0.0465116
NODE_303440_length_159_cov_85.750000	0	43	18	21	43	0.4883721
NODE_303440_length_159_cov_85.750000	16	97	8	3	81	0.0370370
NODE_303440_length_159_cov_85.750000	16	97	9	1	81	0.0123457
NODE_303440_length_159_cov_85.750000	16	97	10	2	81	0.0246914
NODE_303440_length_159_cov_85.750000	16	97	18	29	81	0.3580247
NODE_303440_length_159_cov_85.750000	16	97	20	46	81	0.5679013
NODE_303440_length_159_cov_85.750000	65	145	10	2	80	0.0250000
NODE_303440_length_159_cov_85.750000	65	145	18	22	80	0.2750000
NODE_303440_length_159_cov_85.750000	65	145	20	56	80	0.7000000
NODE_303440_length_159_cov_85.750000	70	92	20	22	22	1.0000000
NODE_303546_length_158_cov_119.813559	34	77	6	43	43	1.0000000
NODE_303546_length_158_cov_119.813559	78	113	4	2	35	0.0571429
NODE_303546_length_158_cov_119.813559	78	113	6	33	35	0.9428571
NODE_303546_length_158_cov_119.813559	123	158	2	8	35	0.2285714
NODE_303546_length_158_cov_119.813559	123	158	4	27	35	0.7714286
NODE_303552_length_158_cov_70.135593	5	82	12	77	77	1.0000000
NODE_303552_length_158_cov_70.135593	5	82	12	77	77	1.0000000
NODE_303552_length_158_cov_70.135593	81	155	0	24	74	0.3243243
NODE_303552_length_158_cov_70.135593	81	155	10	6	74	0.0810811
NODE_303552_length_158_cov_70.135593	81	155	12	44	74	0.5945946
NODE_303555_length_158_cov_63.559322	80	151	24	12	71	0.1690141
NODE_303555_length_158_cov_63.559322	80	151	26	6	71	0.0845070
NODE_303555_length_158_cov_63.559322	80	151	28	4	71	0.0563380
NODE_303555_length_158_cov_63.559322	80	151	30	3	71	0.0422535
NODE_303555_length_158_cov_63.559322	80	151	32	3	71	0.0422535
NODE_303555_length_158_cov_63.559322	80	151	34	10	71	0.1408451
NODE_303555_length_158_cov_63.559322	80	151	38	1	71	0.0140845
NODE_303555_length_158_cov_63.559322	80	151	40	4	71	0.0563380
NODE_303555_length_158_cov_63.559322	80	151	44	28	71	0.3943662
NODE_303556_length_158_cov_61.203390	2	66	74	1	64	0.0156250
NODE_303556_length_158_cov_61.203390	2	66	75	1	64	0.0156250
NODE_303556_length_158_cov_61.203390	2	66	80	1	64	0.0156250
NODE_303556_length_158_cov_61.203390	2	66	119	1	64	0.0156250
NODE_303556_length_158_cov_61.203390	2	66	132	1	64	0.0156250
NODE_303556_length_158_cov_61.203390	2	66	137	1	64	0.0156250
NODE_303556_length_158_cov_61.203390	2	66	143	1	64	0.0156250
NODE_303556_length_158_cov_61.203390	2	66	150	1	64	0.0156250
NODE_303556_length_158_cov_61.203390	2	66	157	1	64	0.0156250
NODE_303556_length_158_cov_61.203390	2	66	162	1	64	0.0156250
NODE_303556_length_158_cov_61.203390	2	66	164	1	64	0.0156250
NODE_303556_length_158_cov_61.203390	2	66	166	1	64	0.0156250
NODE_303556_length_158_cov_61.203390	2	66	186	1	64	0.0156250
NODE_303556_length_158_cov_61.203390	2	66	192	1	64	0.0156250
NODE_303556_length_158_cov_61.203390	2	66	194	1	64	0.0156250
NODE_303556_length_158_cov_61.203390	2	66	204	1	64	0.0156250
NODE_303556_length_158_cov_61.203390	2	66	222	1	64	0.0156250
NODE_303556_length_158_cov_61.203390	2	66	228	1	64	0.0156250
NODE_303556_length_158_cov_61.203390	2	66	236	3	64	0.0468750
NODE_303556_length_158_cov_61.203390	2	66	248	1	64	0.0156250
NODE_303556_length_158_cov_61.203390	2	66	254	1	64	0.0156250
NODE_303556_length_158_cov_61.203390	2	66	258	1	64	0.0156250
NODE_303556_length_158_cov_61.203390	2	66	260	1	64	0.0156250
NODE_303556_length_158_cov_61.203390	2	66	263	2	64	0.0312500
NODE_303556_length_158_cov_61.203390	2	66	265	1	64	0.0156250
NODE_303556_length_158_cov_61.203390	2	66	278	2	64	0.0312500
NODE_303556_length_158_cov_61.203390	2	66	283	3	64	0.0468750
NODE_303556_length_158_cov_61.203390	2	66	285	2	64	0.0312500
NODE_303556_length_158_cov_61.203390	2	66	291	1	64	0.0156250
NODE_303556_length_158_cov_61.203390	2	66	295	1	64	0.0156250
NODE_303556_length_158_cov_61.203390	2	66	296	3	64	0.0468750
NODE_303556_length_158_cov_61.203390	2	66	300	1	64	0.0156250
NODE_303556_length_158_cov_61.203390	2	66	306	1	64	0.0156250
NODE_303556_length_158_cov_61.203390	2	66	309	1	64	0.0156250
NODE_303556_length_158_cov_61.203390	2	66	311	1	64	0.0156250
NODE_303556_length_158_cov_61.203390	2	66	313	2	64	0.0312500
NODE_303556_length_158_cov_61.203390	2	66	315	1	64	0.0156250
NODE_303556_length_158_cov_61.203390	2	66	320	3	64	0.0468750
NODE_303556_length_158_cov_61.203390	2	66	322	1	64	0.0156250
NODE_303556_length_158_cov_61.203390	2	66	326	13	64	0.2031250
NODE_303556_length_158_cov_61.203390	2	66	74	1	64	0.0156250
NODE_303556_length_158_cov_61.203390	2	66	75	1	64	0.0156250
NODE_303556_length_158_cov_61.203390	2	66	80	1	64	0.0156250
NODE_303556_length_158_cov_61.203390	2	66	119	1	64	0.0156250
NODE_303556_length_158_cov_61.203390	2	66	132	1	64	0.0156250
NODE_303556_length_158_cov_61.203390	2	66	137	1	64	0.0156250
NODE_303556_length_158_cov_61.203390	2	66	143	1	64	0.0156250
NODE_303556_length_158_cov_61.203390	2	66	150	1	64	0.0156250
NODE_303556_length_158_cov_61.203390	2	66	157	1	64	0.0156250
NODE_303556_length_158_cov_61.203390	2	66	162	1	64	0.0156250
NODE_303556_length_158_cov_61.203390	2	66	164	1	64	0.0156250
NODE_303556_length_158_cov_61.203390	2	66	166	1	64	0.0156250
NODE_303556_length_158_cov_61.203390	2	66	186	1	64	0.0156250
NODE_303556_length_158_cov_61.203390	2	66	192	1	64	0.0156250
NODE_303556_length_158_cov_61.203390	2	66	194	1	64	0.0156250
NODE_303556_length_158_cov_61.203390	2	66	204	1	64	0.0156250
NODE_303556_length_158_cov_61.203390	2	66	222	1	64	0.0156250
NODE_303556_length_158_cov_61.203390	2	66	228	1	64	0.0156250
NODE_303556_length_158_cov_61.203390	2	66	236	3	64	0.0468750
NODE_303556_length_158_cov_61.203390	2	66	248	1	64	0.0156250
NODE_303556_length_158_cov_61.203390	2	66	254	1	64	0.0156250
NODE_303556_length_158_cov_61.203390	2	66	258	1	64	0.0156250
NODE_303556_length_158_cov_61.203390	2	66	260	1	64	0.0156250
NODE_303556_length_158_cov_61.203390	2	66	263	2	64	0.0312500
NODE_303556_length_158_cov_61.203390	2	66	265	1	64	0.0156250
NODE_303556_length_158_cov_61.203390	2	66	278	2	64	0.0312500
NODE_303556_length_158_cov_61.203390	2	66	283	3	64	0.0468750
NODE_303556_length_158_cov_61.203390	2	66	285	2	64	0.0312500
NODE_303556_length_158_cov_61.203390	2	66	291	1	64	0.0156250
NODE_303556_length_158_cov_61.203390	2	66	295	1	64	0.0156250
NODE_303556_length_158_cov_61.203390	2	66	296	3	64	0.0468750
NODE_303556_length_158_cov_61.203390	2	66	300	1	64	0.0156250
NODE_303556_length_158_cov_61.203390	2	66	306	1	64	0.0156250
NODE_303556_length_158_cov_61.203390	2	66	309	1	64	0.0156250
NODE_303556_length_158_cov_61.203390	2	66	311	1	64	0.0156250
NODE_303556_length_158_cov_61.203390	2	66	313	2	64	0.0312500
NODE_303556_length_158_cov_61.203390	2	66	315	1	64	0.0156250
NODE_303556_length_158_cov_61.203390	2	66	320	3	64	0.0468750
NODE_303556_length_158_cov_61.203390	2	66	322	1	64	0.0156250
NODE_303556_length_158_cov_61.203390	2	66	326	13	64	0.2031250
NODE_303556_length_158_cov_61.203390	2	66	74	1	64	0.0156250
NODE_303556_length_158_cov_61.203390	2	66	75	1	64	0.0156250
NODE_303556_length_158_cov_61.203390	2	66	80	1	64	0.0156250
NODE_303556_length_158_cov_61.203390	2	66	119	1	64	0.0156250
NODE_303556_length_158_cov_61.203390	2	66	132	1	64	0.0156250
NODE_303556_length_158_cov_61.203390	2	66	137	1	64	0.0156250
NODE_303556_length_158_cov_61.203390	2	66	143	1	64	0.0156250
NODE_303556_length_158_cov_61.203390	2	66	150	1	64	0.0156250
NODE_303556_length_158_cov_61.203390	2	66	157	1	64	0.0156250
NODE_303556_length_158_cov_61.203390	2	66	162	1	64	0.0156250
NODE_303556_length_158_cov_61.203390	2	66	164	1	64	0.0156250
NODE_303556_length_158_cov_61.203390	2	66	166	1	64	0.0156250
NODE_303556_length_158_cov_61.203390	2	66	186	1	64	0.0156250
NODE_303556_length_158_cov_61.203390	2	66	192	1	64	0.0156250
NODE_303556_length_158_cov_61.203390	2	66	194	1	64	0.0156250
NODE_303556_length_158_cov_61.203390	2	66	204	1	64	0.0156250
NODE_303556_length_158_cov_61.203390	2	66	222	1	64	0.0156250
NODE_303556_length_158_cov_61.203390	2	66	228	1	64	0.0156250
NODE_303556_length_158_cov_61.203390	2	66	236	3	64	0.0468750
NODE_303556_length_158_cov_61.203390	2	66	248	1	64	0.0156250
NODE_303556_length_158_cov_61.203390	2	66	254	1	64	0.0156250
NODE_303556_length_158_cov_61.203390	2	66	258	1	64	0.0156250
NODE_303556_length_158_cov_61.203390	2	66	260	1	64	0.0156250
NODE_303556_length_158_cov_61.203390	2	66	263	2	64	0.0312500
NODE_303556_length_158_cov_61.203390	2	66	265	1	64	0.0156250
NODE_303556_length_158_cov_61.203390	2	66	278	2	64	0.0312500
NODE_303556_length_158_cov_61.203390	2	66	283	3	64	0.0468750
NODE_303556_length_158_cov_61.203390	2	66	285	2	64	0.0312500
NODE_303556_length_158_cov_61.203390	2	66	291	1	64	0.0156250
NODE_303556_length_158_cov_61.203390	2	66	295	1	64	0.0156250
NODE_303556_length_158_cov_61.203390	2	66	296	3	64	0.0468750
NODE_303556_length_158_cov_61.203390	2	66	300	1	64	0.0156250
NODE_303556_length_158_cov_61.203390	2	66	306	1	64	0.0156250
NODE_303556_length_158_cov_61.203390	2	66	309	1	64	0.0156250
NODE_303556_length_158_cov_61.203390	2	66	311	1	64	0.0156250
NODE_303556_length_158_cov_61.203390	2	66	313	2	64	0.0312500
NODE_303556_length_158_cov_61.203390	2	66	315	1	64	0.0156250
NODE_303556_length_158_cov_61.203390	2	66	320	3	64	0.0468750
NODE_303556_length_158_cov_61.203390	2	66	322	1	64	0.0156250
NODE_303556_length_158_cov_61.203390	2	66	326	13	64	0.2031250
NODE_303556_length_158_cov_61.203390	39	119	274	1	80	0.0125000
NODE_303556_length_158_cov_61.203390	39	119	278	1	80	0.0125000
NODE_303556_length_158_cov_61.203390	39	119	282	1	80	0.0125000
NODE_303556_length_158_cov_61.203390	39	119	283	1	80	0.0125000
NODE_303556_length_158_cov_61.203390	39	119	294	1	80	0.0125000
NODE_303556_length_158_cov_61.203390	39	119	296	3	80	0.0375000
NODE_303556_length_158_cov_61.203390	39	119	298	2	80	0.0250000
NODE_303556_length_158_cov_61.203390	39	119	300	1	80	0.0125000
NODE_303556_length_158_cov_61.203390	39	119	302	1	80	0.0125000
NODE_303556_length_158_cov_61.203390	39	119	304	1	80	0.0125000
NODE_303556_length_158_cov_61.203390	39	119	306	2	80	0.0250000
NODE_303556_length_158_cov_61.203390	39	119	309	1	80	0.0125000
NODE_303556_length_158_cov_61.203390	39	119	310	1	80	0.0125000
NODE_303556_length_158_cov_61.203390	39	119	311	1	80	0.0125000
NODE_303556_length_158_cov_61.203390	39	119	313	2	80	0.0250000
NODE_303556_length_158_cov_61.203390	39	119	314	1	80	0.0125000
NODE_303556_length_158_cov_61.203390	39	119	315	4	80	0.0500000
NODE_303556_length_158_cov_61.203390	39	119	318	1	80	0.0125000
NODE_303556_length_158_cov_61.203390	39	119	320	3	80	0.0375000
NODE_303556_length_158_cov_61.203390	39	119	322	20	80	0.2500000
NODE_303556_length_158_cov_61.203390	39	119	323	3	80	0.0375000
NODE_303556_length_158_cov_61.203390	39	119	324	1	80	0.0125000
NODE_303556_length_158_cov_61.203390	39	119	326	16	80	0.2000000
NODE_303556_length_158_cov_61.203390	39	119	327	6	80	0.0750000
NODE_303556_length_158_cov_61.203390	39	119	328	5	80	0.0625000
NODE_303563_length_158_cov_40.271186	43	107	43	1	64	0.0156250
NODE_303563_length_158_cov_40.271186	43	107	44	1	64	0.0156250
NODE_303563_length_158_cov_40.271186	43	107	46	3	64	0.0468750
NODE_303563_length_158_cov_40.271186	43	107	48	2	64	0.0312500
NODE_303563_length_158_cov_40.271186	43	107	50	57	64	0.8906250
NODE_303563_length_158_cov_40.271186	80	151	17	1	71	0.0140845
NODE_303563_length_158_cov_40.271186	80	151	18	7	71	0.0985916
NODE_303563_length_158_cov_40.271186	80	151	20	1	71	0.0140845
NODE_303563_length_158_cov_40.271186	80	151	21	1	71	0.0140845
NODE_303563_length_158_cov_40.271186	80	151	22	10	71	0.1408451
NODE_303563_length_158_cov_40.271186	80	151	24	2	71	0.0281690
NODE_303563_length_158_cov_40.271186	80	151	26	7	71	0.0985916
NODE_303563_length_158_cov_40.271186	80	151	28	5	71	0.0704225
NODE_303563_length_158_cov_40.271186	80	151	30	1	71	0.0140845
NODE_303563_length_158_cov_40.271186	80	151	36	5	71	0.0704225
NODE_303563_length_158_cov_40.271186	80	151	42	1	71	0.0140845
NODE_303563_length_158_cov_40.271186	80	151	48	5	71	0.0704225
NODE_303563_length_158_cov_40.271186	80	151	50	25	71	0.3521127
NODE_303566_length_158_cov_29.661017	0	61	0	61	61	1.0000000
NODE_303566_length_158_cov_29.661017	34	64	0	30	30	1.0000000
NODE_303605_length_157_cov_1488.586207	57	138	211	2	81	0.0246914
NODE_303605_length_157_cov_1488.586207	57	138	213	2	81	0.0246914
NODE_303605_length_157_cov_1488.586207	57	138	217	1	81	0.0123457
NODE_303605_length_157_cov_1488.586207	57	138	226	1	81	0.0123457
NODE_303605_length_157_cov_1488.586207	57	138	251	1	81	0.0123457
NODE_303605_length_157_cov_1488.586207	57	138	259	1	81	0.0123457
NODE_303605_length_157_cov_1488.586207	57	138	277	1	81	0.0123457
NODE_303605_length_157_cov_1488.586207	57	138	283	1	81	0.0123457
NODE_303605_length_157_cov_1488.586207	57	138	285	1	81	0.0123457
NODE_303605_length_157_cov_1488.586207	57	138	289	1	81	0.0123457
NODE_303605_length_157_cov_1488.586207	57	138	299	1	81	0.0123457
NODE_303605_length_157_cov_1488.586207	57	138	305	3	81	0.0370370
NODE_303605_length_157_cov_1488.586207	57	138	309	1	81	0.0123457
NODE_303605_length_157_cov_1488.586207	57	138	313	1	81	0.0123457
NODE_303605_length_157_cov_1488.586207	57	138	315	2	81	0.0246914
NODE_303605_length_157_cov_1488.586207	57	138	317	1	81	0.0123457
NODE_303605_length_157_cov_1488.586207	57	138	320	1	81	0.0123457
NODE_303605_length_157_cov_1488.586207	57	138	322	1	81	0.0123457
NODE_303605_length_157_cov_1488.586207	57	138	324	6	81	0.0740741
NODE_303605_length_157_cov_1488.586207	57	138	328	3	81	0.0370370
NODE_303605_length_157_cov_1488.586207	57	138	329	4	81	0.0493827
NODE_303605_length_157_cov_1488.586207	57	138	330	45	81	0.5555556
NODE_303605_length_157_cov_1488.586207	111	157	20	1	46	0.0217391
NODE_303605_length_157_cov_1488.586207	111	157	24	1	46	0.0217391
NODE_303605_length_157_cov_1488.586207	111	157	32	1	46	0.0217391
NODE_303605_length_157_cov_1488.586207	111	157	38	1	46	0.0217391
NODE_303605_length_157_cov_1488.586207	111	157	44	1	46	0.0217391
NODE_303605_length_157_cov_1488.586207	111	157	53	1	46	0.0217391
NODE_303605_length_157_cov_1488.586207	111	157	64	1	46	0.0217391
NODE_303605_length_157_cov_1488.586207	111	157	78	1	46	0.0217391
NODE_303605_length_157_cov_1488.586207	111	157	89	1	46	0.0217391
NODE_303605_length_157_cov_1488.586207	111	157	102	1	46	0.0217391
NODE_303605_length_157_cov_1488.586207	111	157	110	1	46	0.0217391
NODE_303605_length_157_cov_1488.586207	111	157	122	1	46	0.0217391
NODE_303605_length_157_cov_1488.586207	111	157	131	1	46	0.0217391
NODE_303605_length_157_cov_1488.586207	111	157	139	1	46	0.0217391
NODE_303605_length_157_cov_1488.586207	111	157	142	1	46	0.0217391
NODE_303605_length_157_cov_1488.586207	111	157	146	1	46	0.0217391
NODE_303605_length_157_cov_1488.586207	111	157	157	1	46	0.0217391
NODE_303605_length_157_cov_1488.586207	111	157	170	1	46	0.0217391
NODE_303605_length_157_cov_1488.586207	111	157	203	1	46	0.0217391
NODE_303605_length_157_cov_1488.586207	111	157	211	2	46	0.0434783
NODE_303605_length_157_cov_1488.586207	111	157	213	2	46	0.0434783
NODE_303605_length_157_cov_1488.586207	111	157	217	1	46	0.0217391
NODE_303605_length_157_cov_1488.586207	111	157	226	1	46	0.0217391
NODE_303605_length_157_cov_1488.586207	111	157	251	1	46	0.0217391
NODE_303605_length_157_cov_1488.586207	111	157	259	1	46	0.0217391
NODE_303605_length_157_cov_1488.586207	111	157	277	1	46	0.0217391
NODE_303605_length_157_cov_1488.586207	111	157	283	1	46	0.0217391
NODE_303605_length_157_cov_1488.586207	111	157	285	1	46	0.0217391
NODE_303605_length_157_cov_1488.586207	111	157	289	1	46	0.0217391
NODE_303605_length_157_cov_1488.586207	111	157	299	1	46	0.0217391
NODE_303605_length_157_cov_1488.586207	111	157	305	3	46	0.0652174
NODE_303605_length_157_cov_1488.586207	111	157	309	1	46	0.0217391
NODE_303605_length_157_cov_1488.586207	111	157	313	1	46	0.0217391
NODE_303605_length_157_cov_1488.586207	111	157	315	2	46	0.0434783
NODE_303605_length_157_cov_1488.586207	111	157	317	1	46	0.0217391
NODE_303605_length_157_cov_1488.586207	111	157	320	1	46	0.0217391
NODE_303605_length_157_cov_1488.586207	111	157	322	1	46	0.0217391
NODE_303605_length_157_cov_1488.586207	111	157	324	4	46	0.0869565
NODE_303606_length_157_cov_295.896552	32	78	26	3	46	0.0652174
NODE_303606_length_157_cov_295.896552	32	78	30	12	46	0.2608696
NODE_303606_length_157_cov_295.896552	32	78	32	6	46	0.1304348
NODE_303606_length_157_cov_295.896552	32	78	34	25	46	0.5434783
NODE_303608_length_157_cov_161.689655	0	59	0	13	59	0.2203390
NODE_303608_length_157_cov_161.689655	0	59	1	1	59	0.0169492
NODE_303608_length_157_cov_161.689655	0	59	2	36	59	0.6101695
NODE_303608_length_157_cov_161.689655	0	59	7	3	59	0.0508475
NODE_303608_length_157_cov_161.689655	0	59	10	1	59	0.0169492
NODE_303608_length_157_cov_161.689655	0	59	11	5	59	0.0847458
NODE_303608_length_157_cov_161.689655	0	59	0	13	59	0.2203390
NODE_303608_length_157_cov_161.689655	0	59	1	1	59	0.0169492
NODE_303608_length_157_cov_161.689655	0	59	2	36	59	0.6101695
NODE_303608_length_157_cov_161.689655	0	59	7	3	59	0.0508475
NODE_303608_length_157_cov_161.689655	0	59	10	1	59	0.0169492
NODE_303608_length_157_cov_161.689655	0	59	11	5	59	0.0847458
NODE_303608_length_157_cov_161.689655	55	135	11	24	80	0.3000000
NODE_303608_length_157_cov_161.689655	55	135	12	56	80	0.7000000
NODE_303608_length_157_cov_161.689655	55	135	11	24	80	0.3000000
NODE_303608_length_157_cov_161.689655	55	135	12	56	80	0.7000000
NODE_303608_length_157_cov_161.689655	108	157	2	10	49	0.2040816
NODE_303608_length_157_cov_161.689655	108	157	6	5	49	0.1020408
NODE_303608_length_157_cov_161.689655	108	157	12	34	49	0.6938776
NODE_303608_length_157_cov_161.689655	113	157	2	10	44	0.2272727
NODE_303608_length_157_cov_161.689655	113	157	6	5	44	0.1136364
NODE_303608_length_157_cov_161.689655	113	157	12	29	44	0.6590909
NODE_303677_length_156_cov_100.491228	0	41	0	7	41	0.1707317
NODE_303677_length_156_cov_100.491228	0	41	2	7	41	0.1707317
NODE_303677_length_156_cov_100.491228	0	41	4	4	41	0.0975610
NODE_303677_length_156_cov_100.491228	0	41	6	5	41	0.1219512
NODE_303677_length_156_cov_100.491228	0	41	8	4	41	0.0975610
NODE_303677_length_156_cov_100.491228	0	41	10	14	41	0.3414634
NODE_303677_length_156_cov_100.491228	21	94	6	2	73	0.0273973
NODE_303677_length_156_cov_100.491228	21	94	8	4	73	0.0547945
NODE_303677_length_156_cov_100.491228	21	94	10	14	73	0.1917808
NODE_303677_length_156_cov_100.491228	21	94	12	11	73	0.1506849
NODE_303677_length_156_cov_100.491228	21	94	14	42	73	0.5753425
NODE_303688_length_156_cov_37.368421	24	81	3	2	57	0.0350877
NODE_303688_length_156_cov_37.368421	24	81	5	6	57	0.1052632
NODE_303688_length_156_cov_37.368421	24	81	9	1	57	0.0175439
NODE_303688_length_156_cov_37.368421	24	81	11	3	57	0.0526316
NODE_303688_length_156_cov_37.368421	24	81	13	13	57	0.2280702
NODE_303688_length_156_cov_37.368421	24	81	17	2	57	0.0350877
NODE_303688_length_156_cov_37.368421	24	81	19	30	57	0.5263158
NODE_303688_length_156_cov_37.368421	54	134	19	80	80	1.0000000
NODE_303700_length_156_cov_9.543860	2	48	0	46	46	1.0000000
NODE_303700_length_156_cov_9.543860	59	105	0	46	46	1.0000000
NODE_303752_length_155_cov_56.750000	27	102	0	3	75	0.0400000
NODE_303752_length_155_cov_56.750000	27	102	2	2	75	0.0266667
NODE_303752_length_155_cov_56.750000	27	102	8	6	75	0.0800000
NODE_303752_length_155_cov_56.750000	27	102	12	64	75	0.8533334
NODE_303752_length_155_cov_56.750000	80	155	10	45	75	0.6000000
NODE_303752_length_155_cov_56.750000	80	155	12	30	75	0.4000000
NODE_304022_length_153_cov_0.944444	5	48	0	43	43	1.0000000
NODE_304022_length_153_cov_0.944444	37	86	0	49	49	1.0000000
NODE_304022_length_153_cov_0.944444	59	102	0	43	43	1.0000000
NODE_304022_length_153_cov_0.944444	91	140	0	49	49	1.0000000
NODE_304022_length_153_cov_0.944444	113	153	0	40	40	1.0000000
NODE_304027_length_152_cov_195.396226	9	89	6	80	80	1.0000000
NODE_304027_length_152_cov_195.396226	9	89	6	80	80	1.0000000
NODE_304027_length_152_cov_195.396226	85	149	0	34	64	0.5312500
NODE_304027_length_152_cov_195.396226	85	149	2	9	64	0.1406250
NODE_304027_length_152_cov_195.396226	85	149	6	21	64	0.3281250
NODE_304027_length_152_cov_195.396226	85	152	0	37	67	0.5522388
NODE_304027_length_152_cov_195.396226	85	152	2	9	67	0.1343284
NODE_304027_length_152_cov_195.396226	85	152	6	21	67	0.3134328
NODE_304027_length_152_cov_195.396226	85	152	0	37	67	0.5522388
NODE_304027_length_152_cov_195.396226	85	152	2	9	67	0.1343284
NODE_304027_length_152_cov_195.396226	85	152	6	21	67	0.3134328
NODE_304027_length_152_cov_195.396226	85	152	0	37	67	0.5522388
NODE_304027_length_152_cov_195.396226	85	152	2	9	67	0.1343284
NODE_304027_length_152_cov_195.396226	85	152	6	21	67	0.3134328
NODE_304030_length_152_cov_68.094340	99	150	2	51	51	1.0000000
NODE_304112_length_151_cov_541.615385	19	88	20	2	69	0.0289855
NODE_304112_length_151_cov_541.615385	19	88	24	8	69	0.1159420
NODE_304112_length_151_cov_541.615385	19	88	34	12	69	0.1739130
NODE_304112_length_151_cov_541.615385	19	88	36	1	69	0.0144928
NODE_304112_length_151_cov_541.615385	19	88	40	2	69	0.0289855
NODE_304112_length_151_cov_541.615385	19	88	42	44	69	0.6376812
NODE_304112_length_151_cov_541.615385	72	149	6	1	77	0.0129870
NODE_304112_length_151_cov_541.615385	72	149	8	1	77	0.0129870
NODE_304112_length_151_cov_541.615385	72	149	14	3	77	0.0389610
NODE_304112_length_151_cov_541.615385	72	149	17	1	77	0.0129870
NODE_304112_length_151_cov_541.615385	72	149	25	1	77	0.0129870
NODE_304112_length_151_cov_541.615385	72	149	26	3	77	0.0389610
NODE_304112_length_151_cov_541.615385	72	149	28	3	77	0.0389610
NODE_304112_length_151_cov_541.615385	72	149	30	2	77	0.0259740
NODE_304112_length_151_cov_541.615385	72	149	32	3	77	0.0389610
NODE_304112_length_151_cov_541.615385	72	149	34	8	77	0.1038961
NODE_304112_length_151_cov_541.615385	72	149	36	7	77	0.0909091
NODE_304112_length_151_cov_541.615385	72	149	38	7	77	0.0909091
NODE_304112_length_151_cov_541.615385	72	149	40	1	77	0.0129870
NODE_304112_length_151_cov_541.615385	72	149	42	36	77	0.4675325
NODE_304229_length_150_cov_88.647059	51	102	36	51	51	1.0000000
NODE_304472_length_148_cov_34.183673	23	99	0	3	76	0.0394737
NODE_304472_length_148_cov_34.183673	23	99	2	2	76	0.0263158
NODE_304472_length_148_cov_34.183673	23	99	4	71	76	0.9342105
NODE_304570_length_147_cov_472.354167	0	55	0	1	55	0.0181818
NODE_304570_length_147_cov_472.354167	0	55	6	2	55	0.0363636
NODE_304570_length_147_cov_472.354167	0	55	8	6	55	0.1090909
NODE_304570_length_147_cov_472.354167	0	55	10	3	55	0.0545455
NODE_304570_length_147_cov_472.354167	0	55	12	3	55	0.0545455
NODE_304570_length_147_cov_472.354167	0	55	14	6	55	0.1090909
NODE_304570_length_147_cov_472.354167	0	55	16	34	55	0.6181818
NODE_304570_length_147_cov_472.354167	12	89	12	3	77	0.0389610
NODE_304570_length_147_cov_472.354167	12	89	14	6	77	0.0779221
NODE_304570_length_147_cov_472.354167	12	89	16	68	77	0.8831169
NODE_304570_length_147_cov_472.354167	65	137	2	4	72	0.0555556
NODE_304570_length_147_cov_472.354167	65	137	9	1	72	0.0138889
NODE_304570_length_147_cov_472.354167	65	137	10	15	72	0.2083333
NODE_304570_length_147_cov_472.354167	65	137	12	9	72	0.1250000
NODE_304570_length_147_cov_472.354167	65	137	14	5	72	0.0694444
NODE_304570_length_147_cov_472.354167	65	137	16	38	72	0.5277778
NODE_304572_length_147_cov_229.729167	7	56	17	1	49	0.0204082
NODE_304572_length_147_cov_229.729167	7	56	23	2	49	0.0408163
NODE_304572_length_147_cov_229.729167	7	56	33	1	49	0.0204082
NODE_304572_length_147_cov_229.729167	7	56	37	1	49	0.0204082
NODE_304572_length_147_cov_229.729167	7	56	41	1	49	0.0204082
NODE_304572_length_147_cov_229.729167	7	56	43	2	49	0.0408163
NODE_304572_length_147_cov_229.729167	7	56	45	3	49	0.0612245
NODE_304572_length_147_cov_229.729167	7	56	52	1	49	0.0204082
NODE_304572_length_147_cov_229.729167	7	56	58	1	49	0.0204082
NODE_304572_length_147_cov_229.729167	7	56	60	1	49	0.0204082
NODE_304572_length_147_cov_229.729167	7	56	62	2	49	0.0408163
NODE_304572_length_147_cov_229.729167	7	56	67	1	49	0.0204082
NODE_304572_length_147_cov_229.729167	7	56	68	4	49	0.0816327
NODE_304572_length_147_cov_229.729167	7	56	72	7	49	0.1428571
NODE_304572_length_147_cov_229.729167	7	56	74	2	49	0.0408163
NODE_304572_length_147_cov_229.729167	7	56	76	4	49	0.0816327
NODE_304572_length_147_cov_229.729167	7	56	78	15	49	0.3061225
NODE_304572_length_147_cov_229.729167	29	93	72	6	64	0.0937500
NODE_304572_length_147_cov_229.729167	29	93	74	2	64	0.0312500
NODE_304572_length_147_cov_229.729167	29	93	76	4	64	0.0625000
NODE_304572_length_147_cov_229.729167	29	93	78	52	64	0.8125000
NODE_304572_length_147_cov_229.729167	29	93	72	6	64	0.0937500
NODE_304572_length_147_cov_229.729167	29	93	74	2	64	0.0312500
NODE_304572_length_147_cov_229.729167	29	93	76	4	64	0.0625000
NODE_304572_length_147_cov_229.729167	29	93	78	52	64	0.8125000
NODE_304572_length_147_cov_229.729167	29	93	72	6	64	0.0937500
NODE_304572_length_147_cov_229.729167	29	93	74	2	64	0.0312500
NODE_304572_length_147_cov_229.729167	29	93	76	4	64	0.0625000
NODE_304572_length_147_cov_229.729167	29	93	78	52	64	0.8125000
NODE_304573_length_147_cov_213.770833	37	117	2	7	80	0.0875000
NODE_304573_length_147_cov_213.770833	37	117	4	4	80	0.0500000
NODE_304573_length_147_cov_213.770833	37	117	6	69	80	0.8625000
NODE_304573_length_147_cov_213.770833	90	146	0	14	56	0.2500000
NODE_304573_length_147_cov_213.770833	90	146	4	19	56	0.3392857
NODE_304573_length_147_cov_213.770833	90	146	6	23	56	0.4107143
NODE_304697_length_146_cov_182.893617	1	60	4	2	59	0.0338983
NODE_304697_length_146_cov_182.893617	1	60	6	14	59	0.2372881
NODE_304697_length_146_cov_182.893617	1	60	8	5	59	0.0847458
NODE_304697_length_146_cov_182.893617	1	60	10	38	59	0.6440678
NODE_304697_length_146_cov_182.893617	34	60	10	26	26	1.0000000
NODE_304697_length_146_cov_182.893617	113	144	2	1	31	0.0322581
NODE_304697_length_146_cov_182.893617	113	144	4	17	31	0.5483871
NODE_304697_length_146_cov_182.893617	113	144	8	8	31	0.2580645
NODE_304697_length_146_cov_182.893617	113	144	10	5	31	0.1612903
NODE_304698_length_146_cov_152.808511	0	69	0	69	69	1.0000000
NODE_304698_length_146_cov_152.808511	42	122	0	80	80	1.0000000
NODE_304703_length_146_cov_89.808511	0	53	0	23	53	0.4339623
NODE_304703_length_146_cov_89.808511	0	53	4	4	53	0.0754717
NODE_304703_length_146_cov_89.808511	0	53	6	26	53	0.4905660
NODE_304703_length_146_cov_89.808511	26	106	4	1	80	0.0125000
NODE_304703_length_146_cov_89.808511	26	106	6	79	80	0.9875000
NODE_304703_length_146_cov_89.808511	74	146	0	1	72	0.0138889
NODE_304703_length_146_cov_89.808511	74	146	4	37	72	0.5138889
NODE_304703_length_146_cov_89.808511	74	146	6	34	72	0.4722222
NODE_304703_length_146_cov_89.808511	79	101	6	22	22	1.0000000
NODE_304707_length_146_cov_57.446809	44	124	8	80	80	1.0000000
NODE_304708_length_146_cov_54.106383	0	69	0	69	69	1.0000000
NODE_304708_length_146_cov_54.106383	42	122	0	80	80	1.0000000
NODE_304710_length_146_cov_46.765957	3	83	0	1	80	0.0125000
NODE_304710_length_146_cov_46.765957	3	83	2	8	80	0.1000000
NODE_304710_length_146_cov_46.765957	3	83	4	1	80	0.0125000
NODE_304710_length_146_cov_46.765957	3	83	8	70	80	0.8750000
NODE_304710_length_146_cov_46.765957	3	83	0	1	80	0.0125000
NODE_304710_length_146_cov_46.765957	3	83	2	8	80	0.1000000
NODE_304710_length_146_cov_46.765957	3	83	4	1	80	0.0125000
NODE_304710_length_146_cov_46.765957	3	83	8	70	80	0.8750000
NODE_304710_length_146_cov_46.765957	3	83	0	1	80	0.0125000
NODE_304710_length_146_cov_46.765957	3	83	2	8	80	0.1000000
NODE_304710_length_146_cov_46.765957	3	83	4	1	80	0.0125000
NODE_304710_length_146_cov_46.765957	3	83	8	70	80	0.8750000
NODE_304710_length_146_cov_46.765957	3	83	0	1	80	0.0125000
NODE_304710_length_146_cov_46.765957	3	83	2	8	80	0.1000000
NODE_304710_length_146_cov_46.765957	3	83	4	1	80	0.0125000
NODE_304710_length_146_cov_46.765957	3	83	8	70	80	0.8750000
NODE_304710_length_146_cov_46.765957	3	83	0	1	80	0.0125000
NODE_304710_length_146_cov_46.765957	3	83	2	8	80	0.1000000
NODE_304710_length_146_cov_46.765957	3	83	4	1	80	0.0125000
NODE_304710_length_146_cov_46.765957	3	83	8	70	80	0.8750000
NODE_304710_length_146_cov_46.765957	12	83	4	1	71	0.0140845
NODE_304710_length_146_cov_46.765957	12	83	8	70	71	0.9859155
NODE_304710_length_146_cov_46.765957	56	136	4	20	80	0.2500000
NODE_304710_length_146_cov_46.765957	56	136	6	2	80	0.0250000
NODE_304710_length_146_cov_46.765957	56	136	8	58	80	0.7250000
NODE_304710_length_146_cov_46.765957	56	136	4	20	80	0.2500000
NODE_304710_length_146_cov_46.765957	56	136	6	2	80	0.0250000
NODE_304710_length_146_cov_46.765957	56	136	8	58	80	0.7250000
NODE_304711_length_146_cov_44.021277	0	69	0	69	69	1.0000000
NODE_304711_length_146_cov_44.021277	42	122	0	80	80	1.0000000
NODE_304798_length_145_cov_1385.413043	0	69	30	1	69	0.0144928
NODE_304798_length_145_cov_1385.413043	0	69	38	1	69	0.0144928
NODE_304798_length_145_cov_1385.413043	0	69	44	1	69	0.0144928
NODE_304798_length_145_cov_1385.413043	0	69	50	1	69	0.0144928
NODE_304798_length_145_cov_1385.413043	0	69	57	1	69	0.0144928
NODE_304798_length_145_cov_1385.413043	0	69	58	1	69	0.0144928
NODE_304798_length_145_cov_1385.413043	0	69	62	1	69	0.0144928
NODE_304798_length_145_cov_1385.413043	0	69	64	1	69	0.0144928
NODE_304798_length_145_cov_1385.413043	0	69	65	1	69	0.0144928
NODE_304798_length_145_cov_1385.413043	0	69	67	1	69	0.0144928
NODE_304798_length_145_cov_1385.413043	0	69	71	1	69	0.0144928
NODE_304798_length_145_cov_1385.413043	0	69	73	1	69	0.0144928
NODE_304798_length_145_cov_1385.413043	0	69	79	1	69	0.0144928
NODE_304798_length_145_cov_1385.413043	0	69	81	1	69	0.0144928
NODE_304798_length_145_cov_1385.413043	0	69	93	1	69	0.0144928
NODE_304798_length_145_cov_1385.413043	0	69	94	1	69	0.0144928
NODE_304798_length_145_cov_1385.413043	0	69	98	1	69	0.0144928
NODE_304798_length_145_cov_1385.413043	0	69	106	1	69	0.0144928
NODE_304798_length_145_cov_1385.413043	0	69	110	1	69	0.0144928
NODE_304798_length_145_cov_1385.413043	0	69	120	1	69	0.0144928
NODE_304798_length_145_cov_1385.413043	0	69	126	2	69	0.0289855
NODE_304798_length_145_cov_1385.413043	0	69	144	1	69	0.0144928
NODE_304798_length_145_cov_1385.413043	0	69	146	4	69	0.0579710
NODE_304798_length_145_cov_1385.413043	0	69	148	1	69	0.0144928
NODE_304798_length_145_cov_1385.413043	0	69	152	1	69	0.0144928
NODE_304798_length_145_cov_1385.413043	0	69	163	1	69	0.0144928
NODE_304798_length_145_cov_1385.413043	0	69	174	1	69	0.0144928
NODE_304798_length_145_cov_1385.413043	0	69	178	2	69	0.0289855
NODE_304798_length_145_cov_1385.413043	0	69	189	1	69	0.0144928
NODE_304798_length_145_cov_1385.413043	0	69	196	2	69	0.0289855
NODE_304798_length_145_cov_1385.413043	0	69	202	1	69	0.0144928
NODE_304798_length_145_cov_1385.413043	0	69	204	1	69	0.0144928
NODE_304798_length_145_cov_1385.413043	0	69	211	1	69	0.0144928
NODE_304798_length_145_cov_1385.413043	0	69	213	1	69	0.0144928
NODE_304798_length_145_cov_1385.413043	0	69	218	1	69	0.0144928
NODE_304798_length_145_cov_1385.413043	0	69	226	1	69	0.0144928
NODE_304798_length_145_cov_1385.413043	0	69	228	1	69	0.0144928
NODE_304798_length_145_cov_1385.413043	0	69	229	6	69	0.0869565
NODE_304798_length_145_cov_1385.413043	0	69	230	20	69	0.2898551
NODE_304798_length_145_cov_1385.413043	42	122	165	1	80	0.0125000
NODE_304798_length_145_cov_1385.413043	42	122	173	1	80	0.0125000
NODE_304798_length_145_cov_1385.413043	42	122	185	1	80	0.0125000
NODE_304798_length_145_cov_1385.413043	42	122	187	3	80	0.0375000
NODE_304798_length_145_cov_1385.413043	42	122	191	1	80	0.0125000
NODE_304798_length_145_cov_1385.413043	42	122	194	2	80	0.0250000
NODE_304798_length_145_cov_1385.413043	42	122	202	2	80	0.0250000
NODE_304798_length_145_cov_1385.413043	42	122	208	1	80	0.0125000
NODE_304798_length_145_cov_1385.413043	42	122	212	1	80	0.0125000
NODE_304798_length_145_cov_1385.413043	42	122	214	1	80	0.0125000
NODE_304798_length_145_cov_1385.413043	42	122	222	2	80	0.0250000
NODE_304798_length_145_cov_1385.413043	42	122	224	3	80	0.0375000
NODE_304798_length_145_cov_1385.413043	42	122	228	28	80	0.3500000
NODE_304798_length_145_cov_1385.413043	42	122	229	13	80	0.1625000
NODE_304798_length_145_cov_1385.413043	42	122	230	20	80	0.2500000
NODE_304799_length_145_cov_880.369565	56	120	238	2	64	0.0312500
NODE_304799_length_145_cov_880.369565	56	120	241	2	64	0.0312500
NODE_304799_length_145_cov_880.369565	56	120	244	1	64	0.0156250
NODE_304799_length_145_cov_880.369565	56	120	250	1	64	0.0156250
NODE_304799_length_145_cov_880.369565	56	120	256	1	64	0.0156250
NODE_304799_length_145_cov_880.369565	56	120	258	1	64	0.0156250
NODE_304799_length_145_cov_880.369565	56	120	265	1	64	0.0156250
NODE_304799_length_145_cov_880.369565	56	120	269	1	64	0.0156250
NODE_304799_length_145_cov_880.369565	56	120	281	2	64	0.0312500
NODE_304799_length_145_cov_880.369565	56	120	285	2	64	0.0312500
NODE_304799_length_145_cov_880.369565	56	120	290	1	64	0.0156250
NODE_304799_length_145_cov_880.369565	56	120	291	2	64	0.0312500
NODE_304799_length_145_cov_880.369565	56	120	295	2	64	0.0312500
NODE_304799_length_145_cov_880.369565	56	120	298	1	64	0.0156250
NODE_304799_length_145_cov_880.369565	56	120	300	44	64	0.6875000
NODE_304799_length_145_cov_880.369565	56	120	238	2	64	0.0312500
NODE_304799_length_145_cov_880.369565	56	120	241	2	64	0.0312500
NODE_304799_length_145_cov_880.369565	56	120	244	1	64	0.0156250
NODE_304799_length_145_cov_880.369565	56	120	250	1	64	0.0156250
NODE_304799_length_145_cov_880.369565	56	120	256	1	64	0.0156250
NODE_304799_length_145_cov_880.369565	56	120	258	1	64	0.0156250
NODE_304799_length_145_cov_880.369565	56	120	265	1	64	0.0156250
NODE_304799_length_145_cov_880.369565	56	120	269	1	64	0.0156250
NODE_304799_length_145_cov_880.369565	56	120	281	2	64	0.0312500
NODE_304799_length_145_cov_880.369565	56	120	285	2	64	0.0312500
NODE_304799_length_145_cov_880.369565	56	120	290	1	64	0.0156250
NODE_304799_length_145_cov_880.369565	56	120	291	2	64	0.0312500
NODE_304799_length_145_cov_880.369565	56	120	295	2	64	0.0312500
NODE_304799_length_145_cov_880.369565	56	120	298	1	64	0.0156250
NODE_304799_length_145_cov_880.369565	56	120	300	44	64	0.6875000
NODE_304799_length_145_cov_880.369565	56	120	238	2	64	0.0312500
NODE_304799_length_145_cov_880.369565	56	120	241	2	64	0.0312500
NODE_304799_length_145_cov_880.369565	56	120	244	1	64	0.0156250
NODE_304799_length_145_cov_880.369565	56	120	250	1	64	0.0156250
NODE_304799_length_145_cov_880.369565	56	120	256	1	64	0.0156250
NODE_304799_length_145_cov_880.369565	56	120	258	1	64	0.0156250
NODE_304799_length_145_cov_880.369565	56	120	265	1	64	0.0156250
NODE_304799_length_145_cov_880.369565	56	120	269	1	64	0.0156250
NODE_304799_length_145_cov_880.369565	56	120	281	2	64	0.0312500
NODE_304799_length_145_cov_880.369565	56	120	285	2	64	0.0312500
NODE_304799_length_145_cov_880.369565	56	120	290	1	64	0.0156250
NODE_304799_length_145_cov_880.369565	56	120	291	2	64	0.0312500
NODE_304799_length_145_cov_880.369565	56	120	295	2	64	0.0312500
NODE_304799_length_145_cov_880.369565	56	120	298	1	64	0.0156250
NODE_304799_length_145_cov_880.369565	56	120	300	44	64	0.6875000
NODE_304799_length_145_cov_880.369565	93	142	35	1	49	0.0204082
NODE_304799_length_145_cov_880.369565	93	142	37	1	49	0.0204082
NODE_304799_length_145_cov_880.369565	93	142	42	1	49	0.0204082
NODE_304799_length_145_cov_880.369565	93	142	53	2	49	0.0408163
NODE_304799_length_145_cov_880.369565	93	142	66	1	49	0.0204082
NODE_304799_length_145_cov_880.369565	93	142	79	1	49	0.0204082
NODE_304799_length_145_cov_880.369565	93	142	81	1	49	0.0204082
NODE_304799_length_145_cov_880.369565	93	142	106	1	49	0.0204082
NODE_304799_length_145_cov_880.369565	93	142	108	1	49	0.0204082
NODE_304799_length_145_cov_880.369565	93	142	116	1	49	0.0204082
NODE_304799_length_145_cov_880.369565	93	142	134	1	49	0.0204082
NODE_304799_length_145_cov_880.369565	93	142	145	1	49	0.0204082
NODE_304799_length_145_cov_880.369565	93	142	156	1	49	0.0204082
NODE_304799_length_145_cov_880.369565	93	142	157	1	49	0.0204082
NODE_304799_length_145_cov_880.369565	93	142	171	1	49	0.0204082
NODE_304799_length_145_cov_880.369565	93	142	190	1	49	0.0204082
NODE_304799_length_145_cov_880.369565	93	142	195	1	49	0.0204082
NODE_304799_length_145_cov_880.369565	93	142	197	1	49	0.0204082
NODE_304799_length_145_cov_880.369565	93	142	201	1	49	0.0204082
NODE_304799_length_145_cov_880.369565	93	142	207	1	49	0.0204082
NODE_304799_length_145_cov_880.369565	93	142	211	1	49	0.0204082
NODE_304799_length_145_cov_880.369565	93	142	238	2	49	0.0408163
NODE_304799_length_145_cov_880.369565	93	142	241	2	49	0.0408163
NODE_304799_length_145_cov_880.369565	93	142	244	1	49	0.0204082
NODE_304799_length_145_cov_880.369565	93	142	250	1	49	0.0204082
NODE_304799_length_145_cov_880.369565	93	142	256	1	49	0.0204082
NODE_304799_length_145_cov_880.369565	93	142	258	1	49	0.0204082
NODE_304799_length_145_cov_880.369565	93	142	265	1	49	0.0204082
NODE_304799_length_145_cov_880.369565	93	142	269	1	49	0.0204082
NODE_304799_length_145_cov_880.369565	93	142	281	2	49	0.0408163
NODE_304799_length_145_cov_880.369565	93	142	285	2	49	0.0408163
NODE_304799_length_145_cov_880.369565	93	142	290	1	49	0.0204082
NODE_304799_length_145_cov_880.369565	93	142	291	2	49	0.0408163
NODE_304799_length_145_cov_880.369565	93	142	295	2	49	0.0408163
NODE_304799_length_145_cov_880.369565	93	142	298	1	49	0.0204082
NODE_304799_length_145_cov_880.369565	93	142	300	7	49	0.1428571
NODE_304923_length_144_cov_46.155556	1	81	2	1	80	0.0125000
NODE_304923_length_144_cov_46.155556	1	81	4	2	80	0.0250000
NODE_304923_length_144_cov_46.155556	1	81	6	2	80	0.0250000
NODE_304923_length_144_cov_46.155556	1	81	8	1	80	0.0125000
NODE_304923_length_144_cov_46.155556	1	81	10	16	80	0.2000000
NODE_304923_length_144_cov_46.155556	1	81	12	58	80	0.7250000
NODE_305208_length_142_cov_244.488372	0	52	2	2	52	0.0384615
NODE_305208_length_142_cov_244.488372	0	52	4	1	52	0.0192308
NODE_305208_length_142_cov_244.488372	0	52	6	2	52	0.0384615
NODE_305208_length_142_cov_244.488372	0	52	8	2	52	0.0384615
NODE_305208_length_142_cov_244.488372	0	52	12	2	52	0.0384615
NODE_305208_length_142_cov_244.488372	0	52	14	1	52	0.0192308
NODE_305208_length_142_cov_244.488372	0	52	16	2	52	0.0384615
NODE_305208_length_142_cov_244.488372	0	52	18	2	52	0.0384615
NODE_305208_length_142_cov_244.488372	0	52	20	3	52	0.0576923
NODE_305208_length_142_cov_244.488372	0	52	22	1	52	0.0192308
NODE_305208_length_142_cov_244.488372	0	52	24	2	52	0.0384615
NODE_305208_length_142_cov_244.488372	0	52	28	8	52	0.1538462
NODE_305208_length_142_cov_244.488372	0	52	30	1	52	0.0192308
NODE_305208_length_142_cov_244.488372	0	52	34	6	52	0.1153846
NODE_305208_length_142_cov_244.488372	0	52	36	17	52	0.3269231
NODE_305229_length_142_cov_46.976744	1	65	12	6	64	0.0937500
NODE_305229_length_142_cov_46.976744	1	65	14	2	64	0.0312500
NODE_305229_length_142_cov_46.976744	1	65	22	4	64	0.0625000
NODE_305229_length_142_cov_46.976744	1	65	24	2	64	0.0312500
NODE_305229_length_142_cov_46.976744	1	65	26	2	64	0.0312500
NODE_305229_length_142_cov_46.976744	1	65	28	1	64	0.0156250
NODE_305229_length_142_cov_46.976744	1	65	38	3	64	0.0468750
NODE_305229_length_142_cov_46.976744	1	65	42	2	64	0.0312500
NODE_305229_length_142_cov_46.976744	1	65	46	2	64	0.0312500
NODE_305229_length_142_cov_46.976744	1	65	48	12	64	0.1875000
NODE_305229_length_142_cov_46.976744	1	65	50	28	64	0.4375000
NODE_305229_length_142_cov_46.976744	1	65	12	6	64	0.0937500
NODE_305229_length_142_cov_46.976744	1	65	14	2	64	0.0312500
NODE_305229_length_142_cov_46.976744	1	65	22	4	64	0.0625000
NODE_305229_length_142_cov_46.976744	1	65	24	2	64	0.0312500
NODE_305229_length_142_cov_46.976744	1	65	26	2	64	0.0312500
NODE_305229_length_142_cov_46.976744	1	65	28	1	64	0.0156250
NODE_305229_length_142_cov_46.976744	1	65	38	3	64	0.0468750
NODE_305229_length_142_cov_46.976744	1	65	42	2	64	0.0312500
NODE_305229_length_142_cov_46.976744	1	65	46	2	64	0.0312500
NODE_305229_length_142_cov_46.976744	1	65	48	12	64	0.1875000
NODE_305229_length_142_cov_46.976744	1	65	50	28	64	0.4375000
NODE_305229_length_142_cov_46.976744	1	65	12	6	64	0.0937500
NODE_305229_length_142_cov_46.976744	1	65	14	2	64	0.0312500
NODE_305229_length_142_cov_46.976744	1	65	22	4	64	0.0625000
NODE_305229_length_142_cov_46.976744	1	65	24	2	64	0.0312500
NODE_305229_length_142_cov_46.976744	1	65	26	2	64	0.0312500
NODE_305229_length_142_cov_46.976744	1	65	28	1	64	0.0156250
NODE_305229_length_142_cov_46.976744	1	65	38	3	64	0.0468750
NODE_305229_length_142_cov_46.976744	1	65	42	2	64	0.0312500
NODE_305229_length_142_cov_46.976744	1	65	46	2	64	0.0312500
NODE_305229_length_142_cov_46.976744	1	65	48	12	64	0.1875000
NODE_305229_length_142_cov_46.976744	1	65	50	28	64	0.4375000
NODE_305230_length_142_cov_45.000000	0	69	0	1	69	0.0144928
NODE_305230_length_142_cov_45.000000	0	69	2	17	69	0.2463768
NODE_305230_length_142_cov_45.000000	0	69	6	51	69	0.7391304
NODE_305385_length_141_cov_178.785714	58	118	78	1	60	0.0166667
NODE_305385_length_141_cov_178.785714	58	118	80	4	60	0.0666667
NODE_305385_length_141_cov_178.785714	58	118	84	10	60	0.1666667
NODE_305385_length_141_cov_178.785714	58	118	86	45	60	0.7500000
NODE_305398_length_141_cov_62.285714	26	106	0	80	80	1.0000000
NODE_305398_length_141_cov_62.285714	26	106	0	80	80	1.0000000
NODE_305398_length_141_cov_62.285714	26	97	0	71	71	1.0000000
NODE_305402_length_141_cov_41.142857	26	97	0	71	71	1.0000000
NODE_305600_length_140_cov_60.439024	8	88	8	1	80	0.0125000
NODE_305600_length_140_cov_60.439024	8	88	10	3	80	0.0375000
NODE_305600_length_140_cov_60.439024	8	88	12	6	80	0.0750000
NODE_305600_length_140_cov_60.439024	8	88	14	12	80	0.1500000
NODE_305600_length_140_cov_60.439024	8	88	16	5	80	0.0625000
NODE_305600_length_140_cov_60.439024	8	88	18	53	80	0.6625000
NODE_305600_length_140_cov_60.439024	8	88	8	1	80	0.0125000
NODE_305600_length_140_cov_60.439024	8	88	10	3	80	0.0375000
NODE_305600_length_140_cov_60.439024	8	88	12	6	80	0.0750000
NODE_305600_length_140_cov_60.439024	8	88	14	12	80	0.1500000
NODE_305600_length_140_cov_60.439024	8	88	16	5	80	0.0625000
NODE_305600_length_140_cov_60.439024	8	88	18	53	80	0.6625000
NODE_305600_length_140_cov_60.439024	8	88	8	1	80	0.0125000
NODE_305600_length_140_cov_60.439024	8	88	10	3	80	0.0375000
NODE_305600_length_140_cov_60.439024	8	88	12	6	80	0.0750000
NODE_305600_length_140_cov_60.439024	8	88	14	12	80	0.1500000
NODE_305600_length_140_cov_60.439024	8	88	16	5	80	0.0625000
NODE_305600_length_140_cov_60.439024	8	88	18	53	80	0.6625000
NODE_305600_length_140_cov_60.439024	8	88	8	1	80	0.0125000
NODE_305600_length_140_cov_60.439024	8	88	10	3	80	0.0375000
NODE_305600_length_140_cov_60.439024	8	88	12	6	80	0.0750000
NODE_305600_length_140_cov_60.439024	8	88	14	12	80	0.1500000
NODE_305600_length_140_cov_60.439024	8	88	16	5	80	0.0625000
NODE_305600_length_140_cov_60.439024	8	88	18	53	80	0.6625000
NODE_305600_length_140_cov_60.439024	8	88	8	1	80	0.0125000
NODE_305600_length_140_cov_60.439024	8	88	10	3	80	0.0375000
NODE_305600_length_140_cov_60.439024	8	88	12	6	80	0.0750000
NODE_305600_length_140_cov_60.439024	8	88	14	12	80	0.1500000
NODE_305600_length_140_cov_60.439024	8	88	16	5	80	0.0625000
NODE_305600_length_140_cov_60.439024	8	88	18	53	80	0.6625000
NODE_305616_length_140_cov_35.146341	22	102	4	8	80	0.1000000
NODE_305616_length_140_cov_35.146341	22	102	6	3	80	0.0375000
NODE_305616_length_140_cov_35.146341	22	102	8	69	80	0.8625000
NODE_305616_length_140_cov_35.146341	75	105	8	30	30	1.0000000
NODE_305618_length_140_cov_34.048780	0	77	0	3	77	0.0389610
NODE_305618_length_140_cov_34.048780	0	77	2	28	77	0.3636364
NODE_305618_length_140_cov_34.048780	0	77	5	1	77	0.0129870
NODE_305618_length_140_cov_34.048780	0	77	6	45	77	0.5844156
NODE_305618_length_140_cov_34.048780	0	77	0	3	77	0.0389610
NODE_305618_length_140_cov_34.048780	0	77	2	28	77	0.3636364
NODE_305618_length_140_cov_34.048780	0	77	5	1	77	0.0129870
NODE_305618_length_140_cov_34.048780	0	77	6	45	77	0.5844156
NODE_305618_length_140_cov_34.048780	50	130	2	2	80	0.0250000
NODE_305618_length_140_cov_34.048780	50	130	6	78	80	0.9750000
NODE_305618_length_140_cov_34.048780	50	130	2	2	80	0.0250000
NODE_305618_length_140_cov_34.048780	50	130	6	78	80	0.9750000
NODE_305618_length_140_cov_34.048780	55	130	2	2	75	0.0266667
NODE_305618_length_140_cov_34.048780	55	130	6	73	75	0.9733334
NODE_305619_length_140_cov_19.926829	44	118	0	74	74	1.0000000
NODE_305783_length_139_cov_29.700000	0	40	0	3	40	0.0750000
NODE_305783_length_139_cov_29.700000	0	40	2	37	40	0.9250000
NODE_305783_length_139_cov_29.700000	0	40	0	3	40	0.0750000
NODE_305783_length_139_cov_29.700000	0	40	2	37	40	0.9250000
NODE_305783_length_139_cov_29.700000	13	93	2	80	80	1.0000000
NODE_305783_length_139_cov_29.700000	13	93	2	80	80	1.0000000
NODE_305783_length_139_cov_29.700000	13	93	2	80	80	1.0000000
NODE_305783_length_139_cov_29.700000	13	93	2	80	80	1.0000000
NODE_305783_length_139_cov_29.700000	13	93	2	80	80	1.0000000
NODE_305783_length_139_cov_29.700000	13	84	2	71	71	1.0000000
NODE_305936_length_138_cov_1475.615385	30	97	50	1	67	0.0149254
NODE_305936_length_138_cov_1475.615385	30	97	62	3	67	0.0447761
NODE_305936_length_138_cov_1475.615385	30	97	64	63	67	0.9402985
NODE_305936_length_138_cov_1475.615385	70	138	15	1	68	0.0147059
NODE_305936_length_138_cov_1475.615385	70	138	20	2	68	0.0294118
NODE_305936_length_138_cov_1475.615385	70	138	26	1	68	0.0147059
NODE_305936_length_138_cov_1475.615385	70	138	34	2	68	0.0294118
NODE_305936_length_138_cov_1475.615385	70	138	42	5	68	0.0735294
NODE_305936_length_138_cov_1475.615385	70	138	46	2	68	0.0294118
NODE_305936_length_138_cov_1475.615385	70	138	50	5	68	0.0735294
NODE_305936_length_138_cov_1475.615385	70	138	52	4	68	0.0588235
NODE_305936_length_138_cov_1475.615385	70	138	54	9	68	0.1323529
NODE_305936_length_138_cov_1475.615385	70	138	58	1	68	0.0147059
NODE_305936_length_138_cov_1475.615385	70	138	62	2	68	0.0294118
NODE_305936_length_138_cov_1475.615385	70	138	64	34	68	0.5000000
NODE_305963_length_138_cov_29.564103	11	91	2	7	80	0.0875000
NODE_305963_length_138_cov_29.564103	11	91	6	20	80	0.2500000
NODE_305963_length_138_cov_29.564103	11	91	8	53	80	0.6625000
NODE_305963_length_138_cov_29.564103	11	91	2	7	80	0.0875000
NODE_305963_length_138_cov_29.564103	11	91	6	20	80	0.2500000
NODE_305963_length_138_cov_29.564103	11	91	8	53	80	0.6625000
NODE_305963_length_138_cov_29.564103	64	128	2	5	64	0.0781250
NODE_305963_length_138_cov_29.564103	64	128	6	7	64	0.1093750
NODE_305963_length_138_cov_29.564103	64	128	8	52	64	0.8125000
NODE_305963_length_138_cov_29.564103	64	128	2	5	64	0.0781250
NODE_305963_length_138_cov_29.564103	64	128	6	7	64	0.1093750
NODE_305963_length_138_cov_29.564103	64	128	8	52	64	0.8125000
NODE_306081_length_137_cov_185.684211	20	104	8	84	84	1.0000000
NODE_306092_length_137_cov_58.289474	76	106	26	30	30	1.0000000
NODE_306099_length_137_cov_36.473684	31	111	2	80	80	1.0000000
NODE_306208_length_136_cov_1257.621622	27	107	26	2	80	0.0250000
NODE_306208_length_136_cov_1257.621622	27	107	30	4	80	0.0500000
NODE_306208_length_136_cov_1257.621622	27	107	32	1	80	0.0125000
NODE_306208_length_136_cov_1257.621622	27	107	34	73	80	0.9125000
NODE_306209_length_136_cov_769.594595	0	69	0	69	69	1.0000000
NODE_306222_length_136_cov_128.324324	39	119	8	11	80	0.1375000
NODE_306222_length_136_cov_128.324324	39	119	10	69	80	0.8625000
NODE_306227_length_136_cov_90.783784	10	86	0	76	76	1.0000000
NODE_306227_length_136_cov_90.783784	59	136	0	77	77	1.0000000
NODE_306368_length_135_cov_2144.166667	0	73	17	1	73	0.0136986
NODE_306368_length_135_cov_2144.166667	0	73	21	2	73	0.0273973
NODE_306368_length_135_cov_2144.166667	0	73	39	1	73	0.0136986
NODE_306368_length_135_cov_2144.166667	0	73	42	1	73	0.0136986
NODE_306368_length_135_cov_2144.166667	0	73	55	1	73	0.0136986
NODE_306368_length_135_cov_2144.166667	0	73	60	1	73	0.0136986
NODE_306368_length_135_cov_2144.166667	0	73	62	1	73	0.0136986
NODE_306368_length_135_cov_2144.166667	0	73	70	1	73	0.0136986
NODE_306368_length_135_cov_2144.166667	0	73	82	1	73	0.0136986
NODE_306368_length_135_cov_2144.166667	0	73	84	1	73	0.0136986
NODE_306368_length_135_cov_2144.166667	0	73	102	1	73	0.0136986
NODE_306368_length_135_cov_2144.166667	0	73	106	1	73	0.0136986
NODE_306368_length_135_cov_2144.166667	0	73	110	2	73	0.0273973
NODE_306368_length_135_cov_2144.166667	0	73	112	1	73	0.0136986
NODE_306368_length_135_cov_2144.166667	0	73	120	1	73	0.0136986
NODE_306368_length_135_cov_2144.166667	0	73	124	1	73	0.0136986
NODE_306368_length_135_cov_2144.166667	0	73	132	1	73	0.0136986
NODE_306368_length_135_cov_2144.166667	0	73	140	1	73	0.0136986
NODE_306368_length_135_cov_2144.166667	0	73	144	1	73	0.0136986
NODE_306368_length_135_cov_2144.166667	0	73	149	1	73	0.0136986
NODE_306368_length_135_cov_2144.166667	0	73	155	1	73	0.0136986
NODE_306368_length_135_cov_2144.166667	0	73	157	3	73	0.0410959
NODE_306368_length_135_cov_2144.166667	0	73	158	2	73	0.0273973
NODE_306368_length_135_cov_2144.166667	0	73	162	2	73	0.0273973
NODE_306368_length_135_cov_2144.166667	0	73	164	43	73	0.5890411
NODE_306368_length_135_cov_2144.166667	46	126	52	2	80	0.0250000
NODE_306368_length_135_cov_2144.166667	46	126	64	1	80	0.0125000
NODE_306368_length_135_cov_2144.166667	46	126	65	1	80	0.0125000
NODE_306368_length_135_cov_2144.166667	46	126	69	1	80	0.0125000
NODE_306368_length_135_cov_2144.166667	46	126	81	1	80	0.0125000
NODE_306368_length_135_cov_2144.166667	46	126	83	1	80	0.0125000
NODE_306368_length_135_cov_2144.166667	46	126	87	1	80	0.0125000
NODE_306368_length_135_cov_2144.166667	46	126	107	1	80	0.0125000
NODE_306368_length_135_cov_2144.166667	46	126	109	1	80	0.0125000
NODE_306368_length_135_cov_2144.166667	46	126	117	1	80	0.0125000
NODE_306368_length_135_cov_2144.166667	46	126	125	1	80	0.0125000
NODE_306368_length_135_cov_2144.166667	46	126	127	1	80	0.0125000
NODE_306368_length_135_cov_2144.166667	46	126	135	1	80	0.0125000
NODE_306368_length_135_cov_2144.166667	46	126	137	1	80	0.0125000
NODE_306368_length_135_cov_2144.166667	46	126	143	2	80	0.0250000
NODE_306368_length_135_cov_2144.166667	46	126	145	3	80	0.0375000
NODE_306368_length_135_cov_2144.166667	46	126	149	1	80	0.0125000
NODE_306368_length_135_cov_2144.166667	46	126	151	1	80	0.0125000
NODE_306368_length_135_cov_2144.166667	46	126	161	1	80	0.0125000
NODE_306368_length_135_cov_2144.166667	46	126	163	6	80	0.0750000
NODE_306368_length_135_cov_2144.166667	46	126	164	51	80	0.6375000
NODE_306368_length_135_cov_2144.166667	83	135	19	2	52	0.0384615
NODE_306368_length_135_cov_2144.166667	83	135	27	1	52	0.0192308
NODE_306368_length_135_cov_2144.166667	83	135	34	1	52	0.0192308
NODE_306368_length_135_cov_2144.166667	83	135	37	1	52	0.0192308
NODE_306368_length_135_cov_2144.166667	83	135	39	2	52	0.0384615
NODE_306368_length_135_cov_2144.166667	83	135	40	1	52	0.0192308
NODE_306368_length_135_cov_2144.166667	83	135	47	1	52	0.0192308
NODE_306368_length_135_cov_2144.166667	83	135	52	2	52	0.0384615
NODE_306368_length_135_cov_2144.166667	83	135	64	1	52	0.0192308
NODE_306368_length_135_cov_2144.166667	83	135	65	1	52	0.0192308
NODE_306368_length_135_cov_2144.166667	83	135	69	1	52	0.0192308
NODE_306368_length_135_cov_2144.166667	83	135	81	1	52	0.0192308
NODE_306368_length_135_cov_2144.166667	83	135	83	1	52	0.0192308
NODE_306368_length_135_cov_2144.166667	83	135	87	1	52	0.0192308
NODE_306368_length_135_cov_2144.166667	83	135	107	1	52	0.0192308
NODE_306368_length_135_cov_2144.166667	83	135	109	1	52	0.0192308
NODE_306368_length_135_cov_2144.166667	83	135	117	1	52	0.0192308
NODE_306368_length_135_cov_2144.166667	83	135	125	1	52	0.0192308
NODE_306368_length_135_cov_2144.166667	83	135	127	1	52	0.0192308
NODE_306368_length_135_cov_2144.166667	83	135	135	1	52	0.0192308
NODE_306368_length_135_cov_2144.166667	83	135	137	1	52	0.0192308
NODE_306368_length_135_cov_2144.166667	83	135	143	2	52	0.0384615
NODE_306368_length_135_cov_2144.166667	83	135	145	3	52	0.0576923
NODE_306368_length_135_cov_2144.166667	83	135	149	1	52	0.0192308
NODE_306368_length_135_cov_2144.166667	83	135	151	1	52	0.0192308
NODE_306368_length_135_cov_2144.166667	83	135	161	1	52	0.0192308
NODE_306368_length_135_cov_2144.166667	83	135	163	6	52	0.1153846
NODE_306368_length_135_cov_2144.166667	83	135	164	14	52	0.2692308
NODE_306370_length_135_cov_630.194444	0	76	16	1	76	0.0131579
NODE_306370_length_135_cov_630.194444	0	76	18	2	76	0.0263158
NODE_306370_length_135_cov_630.194444	0	76	20	1	76	0.0131579
NODE_306370_length_135_cov_630.194444	0	76	27	1	76	0.0131579
NODE_306370_length_135_cov_630.194444	0	76	30	8	76	0.1052632
NODE_306370_length_135_cov_630.194444	0	76	32	1	76	0.0131579
NODE_306370_length_135_cov_630.194444	0	76	34	1	76	0.0131579
NODE_306370_length_135_cov_630.194444	0	76	40	5	76	0.0657895
NODE_306370_length_135_cov_630.194444	0	76	42	56	76	0.7368421
NODE_306371_length_135_cov_540.611111	0	76	10	5	76	0.0657895
NODE_306371_length_135_cov_540.611111	0	76	12	1	76	0.0131579
NODE_306371_length_135_cov_540.611111	0	76	14	1	76	0.0131579
NODE_306371_length_135_cov_540.611111	0	76	18	2	76	0.0263158
NODE_306371_length_135_cov_540.611111	0	76	22	2	76	0.0263158
NODE_306371_length_135_cov_540.611111	0	76	24	2	76	0.0263158
NODE_306371_length_135_cov_540.611111	0	76	32	1	76	0.0131579
NODE_306371_length_135_cov_540.611111	0	76	34	2	76	0.0263158
NODE_306371_length_135_cov_540.611111	0	76	40	7	76	0.0921053
NODE_306371_length_135_cov_540.611111	0	76	42	53	76	0.6973684
NODE_306373_length_135_cov_257.416667	36	88	28	52	52	1.0000000
NODE_306374_length_135_cov_239.638889	97	135	0	11	38	0.2894737
NODE_306374_length_135_cov_239.638889	97	135	8	2	38	0.0526316
NODE_306374_length_135_cov_239.638889	97	135	10	5	38	0.1315790
NODE_306374_length_135_cov_239.638889	97	135	12	20	38	0.5263158
NODE_306400_length_135_cov_35.055556	8	88	2	10	80	0.1250000
NODE_306400_length_135_cov_35.055556	8	88	4	70	80	0.8750000
NODE_306400_length_135_cov_35.055556	61	125	0	5	64	0.0781250
NODE_306400_length_135_cov_35.055556	61	125	2	7	64	0.1093750
NODE_306400_length_135_cov_35.055556	61	125	4	52	64	0.8125000
NODE_306400_length_135_cov_35.055556	61	125	0	5	64	0.0781250
NODE_306400_length_135_cov_35.055556	61	125	2	7	64	0.1093750
NODE_306400_length_135_cov_35.055556	61	125	4	52	64	0.8125000
NODE_306402_length_135_cov_31.805556	0	76	0	17	76	0.2236842
NODE_306402_length_135_cov_31.805556	0	76	2	59	76	0.7763158
NODE_306658_length_133_cov_140.411765	8	43	0	35	35	1.0000000
NODE_306658_length_133_cov_140.411765	53	88	0	35	35	1.0000000
NODE_306658_length_133_cov_140.411765	98	133	0	35	35	1.0000000
NODE_306661_length_133_cov_109.441176	63	129	0	21	66	0.3181818
NODE_306661_length_133_cov_109.441176	63	129	2	4	66	0.0606061
NODE_306661_length_133_cov_109.441176	63	129	4	41	66	0.6212121
NODE_306812_length_132_cov_114.151515	2	44	6	3	42	0.0714286
NODE_306812_length_132_cov_114.151515	2	44	12	5	42	0.1190476
NODE_306812_length_132_cov_114.151515	2	44	14	4	42	0.0952381
NODE_306812_length_132_cov_114.151515	2	44	16	30	42	0.7142857
NODE_306812_length_132_cov_114.151515	4	44	6	1	40	0.0250000
NODE_306812_length_132_cov_114.151515	4	44	12	5	40	0.1250000
NODE_306812_length_132_cov_114.151515	4	44	14	4	40	0.1000000
NODE_306812_length_132_cov_114.151515	4	44	16	30	40	0.7500000
NODE_306812_length_132_cov_114.151515	17	83	16	66	66	1.0000000
NODE_306812_length_132_cov_114.151515	17	88	16	71	71	1.0000000
NODE_306824_length_132_cov_61.636364	3	76	4	14	73	0.1917808
NODE_306824_length_132_cov_61.636364	3	76	6	59	73	0.8082192
NODE_306824_length_132_cov_61.636364	49	130	4	7	81	0.0864198
NODE_306824_length_132_cov_61.636364	49	130	6	74	81	0.9135802
NODE_306824_length_132_cov_61.636364	103	125	4	2	22	0.0909091
NODE_306824_length_132_cov_61.636364	103	125	6	20	22	0.9090909
NODE_306834_length_132_cov_33.393939	2	83	3	17	81	0.2098765
NODE_306834_length_132_cov_33.393939	2	83	5	37	81	0.4567901
NODE_306834_length_132_cov_33.393939	2	83	6	27	81	0.3333333
NODE_306834_length_132_cov_33.393939	7	29	3	12	22	0.5454546
NODE_306834_length_132_cov_33.393939	7	29	5	10	22	0.4545455
NODE_306834_length_132_cov_33.393939	56	129	2	22	73	0.3013699
NODE_306834_length_132_cov_33.393939	56	129	6	51	73	0.6986302
NODE_306965_length_131_cov_810.000000	0	60	20	1	60	0.0166667
NODE_306965_length_131_cov_810.000000	0	60	24	1	60	0.0166667
NODE_306965_length_131_cov_810.000000	0	60	27	1	60	0.0166667
NODE_306965_length_131_cov_810.000000	0	60	29	1	60	0.0166667
NODE_306965_length_131_cov_810.000000	0	60	39	1	60	0.0166667
NODE_306965_length_131_cov_810.000000	0	60	41	1	60	0.0166667
NODE_306965_length_131_cov_810.000000	0	60	44	1	60	0.0166667
NODE_306965_length_131_cov_810.000000	0	60	46	2	60	0.0333333
NODE_306965_length_131_cov_810.000000	0	60	62	1	60	0.0166667
NODE_306965_length_131_cov_810.000000	0	60	64	1	60	0.0166667
NODE_306965_length_131_cov_810.000000	0	60	70	1	60	0.0166667
NODE_306965_length_131_cov_810.000000	0	60	78	1	60	0.0166667
NODE_306965_length_131_cov_810.000000	0	60	80	1	60	0.0166667
NODE_306965_length_131_cov_810.000000	0	60	90	1	60	0.0166667
NODE_306965_length_131_cov_810.000000	0	60	94	1	60	0.0166667
NODE_306965_length_131_cov_810.000000	0	60	96	1	60	0.0166667
NODE_306965_length_131_cov_810.000000	0	60	98	1	60	0.0166667
NODE_306965_length_131_cov_810.000000	0	60	99	1	60	0.0166667
NODE_306965_length_131_cov_810.000000	0	60	107	1	60	0.0166667
NODE_306965_length_131_cov_810.000000	0	60	108	2	60	0.0333333
NODE_306965_length_131_cov_810.000000	0	60	110	2	60	0.0333333
NODE_306965_length_131_cov_810.000000	0	60	117	1	60	0.0166667
NODE_306965_length_131_cov_810.000000	0	60	118	2	60	0.0333333
NODE_306965_length_131_cov_810.000000	0	60	120	33	60	0.5500000
NODE_306965_length_131_cov_810.000000	33	97	119	34	64	0.5312500
NODE_306965_length_131_cov_810.000000	33	97	120	30	64	0.4687500
NODE_306965_length_131_cov_810.000000	33	97	119	34	64	0.5312500
NODE_306965_length_131_cov_810.000000	33	97	120	30	64	0.4687500
NODE_306965_length_131_cov_810.000000	33	97	119	34	64	0.5312500
NODE_306965_length_131_cov_810.000000	33	97	120	30	64	0.4687500
NODE_306985_length_131_cov_149.187500	25	105	56	2	80	0.0250000
NODE_306985_length_131_cov_149.187500	25	105	57	1	80	0.0125000
NODE_306985_length_131_cov_149.187500	25	105	62	77	80	0.9625000
NODE_306985_length_131_cov_149.187500	78	131	6	2	53	0.0377358
NODE_306985_length_131_cov_149.187500	78	131	14	1	53	0.0188679
NODE_306985_length_131_cov_149.187500	78	131	18	1	53	0.0188679
NODE_306985_length_131_cov_149.187500	78	131	22	4	53	0.0754717
NODE_306985_length_131_cov_149.187500	78	131	24	1	53	0.0188679
NODE_306985_length_131_cov_149.187500	78	131	29	1	53	0.0188679
NODE_306985_length_131_cov_149.187500	78	131	34	1	53	0.0188679
NODE_306985_length_131_cov_149.187500	78	131	46	2	53	0.0377358
NODE_306985_length_131_cov_149.187500	78	131	51	1	53	0.0188679
NODE_306985_length_131_cov_149.187500	78	131	54	3	53	0.0566038
NODE_306985_length_131_cov_149.187500	78	131	58	2	53	0.0377358
NODE_306985_length_131_cov_149.187500	78	131	60	2	53	0.0377358
NODE_306985_length_131_cov_149.187500	78	131	62	32	53	0.6037736
NODE_307121_length_130_cov_319.806452	54	126	2	8	72	0.1111111
NODE_307121_length_130_cov_319.806452	54	126	4	1	72	0.0138889
NODE_307121_length_130_cov_319.806452	54	126	6	6	72	0.0833333
NODE_307121_length_130_cov_319.806452	54	126	8	57	72	0.7916667
NODE_307132_length_130_cov_153.516129	82	113	4	31	31	1.0000000
NODE_307140_length_130_cov_79.064516	0	53	0	5	53	0.0943396
NODE_307140_length_130_cov_79.064516	0	53	4	2	53	0.0377358
NODE_307140_length_130_cov_79.064516	0	53	6	2	53	0.0377358
NODE_307140_length_130_cov_79.064516	0	53	8	44	53	0.8301887
NODE_307140_length_130_cov_79.064516	26	56	8	30	30	1.0000000
NODE_307270_length_129_cov_1851.133333	0	45	0	4	45	0.0888889
NODE_307270_length_129_cov_1851.133333	0	45	2	6	45	0.1333333
NODE_307270_length_129_cov_1851.133333	0	45	4	3	45	0.0666667
NODE_307270_length_129_cov_1851.133333	0	45	6	1	45	0.0222222
NODE_307270_length_129_cov_1851.133333	0	45	8	3	45	0.0666667
NODE_307270_length_129_cov_1851.133333	0	45	12	1	45	0.0222222
NODE_307270_length_129_cov_1851.133333	0	45	16	4	45	0.0888889
NODE_307270_length_129_cov_1851.133333	0	45	20	2	45	0.0444444
NODE_307270_length_129_cov_1851.133333	0	45	24	21	45	0.4666667
NODE_307270_length_129_cov_1851.133333	18	98	16	4	80	0.0500000
NODE_307270_length_129_cov_1851.133333	18	98	20	2	80	0.0250000
NODE_307270_length_129_cov_1851.133333	18	98	24	74	80	0.9250000
NODE_307285_length_129_cov_186.500000	0	78	4	2	78	0.0256410
NODE_307285_length_129_cov_186.500000	0	78	8	3	78	0.0384615
NODE_307285_length_129_cov_186.500000	0	78	14	1	78	0.0128205
NODE_307285_length_129_cov_186.500000	0	78	16	2	78	0.0256410
NODE_307285_length_129_cov_186.500000	0	78	30	2	78	0.0256410
NODE_307285_length_129_cov_186.500000	0	78	36	1	78	0.0128205
NODE_307285_length_129_cov_186.500000	0	78	40	2	78	0.0256410
NODE_307285_length_129_cov_186.500000	0	78	42	2	78	0.0256410
NODE_307285_length_129_cov_186.500000	0	78	46	5	78	0.0641026
NODE_307285_length_129_cov_186.500000	0	78	50	2	78	0.0256410
NODE_307285_length_129_cov_186.500000	0	78	54	2	78	0.0256410
NODE_307285_length_129_cov_186.500000	0	78	56	1	78	0.0128205
NODE_307285_length_129_cov_186.500000	0	78	58	2	78	0.0256410
NODE_307285_length_129_cov_186.500000	0	78	60	51	78	0.6538461
NODE_307285_length_129_cov_186.500000	53	129	12	1	76	0.0131579
NODE_307285_length_129_cov_186.500000	53	129	24	1	76	0.0131579
NODE_307285_length_129_cov_186.500000	53	129	32	2	76	0.0263158
NODE_307285_length_129_cov_186.500000	53	129	34	1	76	0.0131579
NODE_307285_length_129_cov_186.500000	53	129	40	1	76	0.0131579
NODE_307285_length_129_cov_186.500000	53	129	44	3	76	0.0394737
NODE_307285_length_129_cov_186.500000	53	129	48	3	76	0.0394737
NODE_307285_length_129_cov_186.500000	53	129	52	1	76	0.0131579
NODE_307285_length_129_cov_186.500000	53	129	56	1	76	0.0131579
NODE_307285_length_129_cov_186.500000	53	129	58	3	76	0.0394737
NODE_307285_length_129_cov_186.500000	53	129	60	59	76	0.7763158
NODE_307287_length_129_cov_165.466667	36	111	6	7	75	0.0933333
NODE_307287_length_129_cov_165.466667	36	111	8	1	75	0.0133333
NODE_307287_length_129_cov_165.466667	36	111	10	67	75	0.8933333
NODE_307287_length_129_cov_165.466667	84	113	6	9	29	0.3103448
NODE_307287_length_129_cov_165.466667	84	113	8	1	29	0.0344828
NODE_307287_length_129_cov_165.466667	84	113	10	19	29	0.6551724
NODE_307292_length_129_cov_90.366667	0	48	0	5	48	0.1041667
NODE_307292_length_129_cov_90.366667	0	48	8	43	48	0.8958333
NODE_307292_length_129_cov_90.366667	0	48	0	5	48	0.1041667
NODE_307292_length_129_cov_90.366667	0	48	8	43	48	0.8958333
NODE_307292_length_129_cov_90.366667	0	48	0	5	48	0.1041667
NODE_307292_length_129_cov_90.366667	0	48	8	43	48	0.8958333
NODE_307292_length_129_cov_90.366667	21	101	8	80	80	1.0000000
NODE_307442_length_128_cov_2621.517241	3	83	35	1	80	0.0125000
NODE_307442_length_128_cov_2621.517241	3	83	43	5	80	0.0625000
NODE_307442_length_128_cov_2621.517241	3	83	45	1	80	0.0125000
NODE_307442_length_128_cov_2621.517241	3	83	55	1	80	0.0125000
NODE_307442_length_128_cov_2621.517241	3	83	57	4	80	0.0500000
NODE_307442_length_128_cov_2621.517241	3	83	61	4	80	0.0500000
NODE_307442_length_128_cov_2621.517241	3	83	64	1	80	0.0125000
NODE_307442_length_128_cov_2621.517241	3	83	65	5	80	0.0625000
NODE_307442_length_128_cov_2621.517241	3	83	67	8	80	0.1000000
NODE_307442_length_128_cov_2621.517241	3	83	68	50	80	0.6250000
NODE_307442_length_128_cov_2621.517241	8	30	43	1	22	0.0454545
NODE_307442_length_128_cov_2621.517241	8	30	45	1	22	0.0454545
NODE_307442_length_128_cov_2621.517241	8	30	55	1	22	0.0454545
NODE_307442_length_128_cov_2621.517241	8	30	57	4	22	0.1818182
NODE_307442_length_128_cov_2621.517241	8	30	61	4	22	0.1818182
NODE_307442_length_128_cov_2621.517241	8	30	64	1	22	0.0454545
NODE_307442_length_128_cov_2621.517241	8	30	65	5	22	0.2272727
NODE_307442_length_128_cov_2621.517241	8	30	67	5	22	0.2272727
NODE_307442_length_128_cov_2621.517241	56	128	14	3	72	0.0416667
NODE_307442_length_128_cov_2621.517241	56	128	16	1	72	0.0138889
NODE_307442_length_128_cov_2621.517241	56	128	20	3	72	0.0416667
NODE_307442_length_128_cov_2621.517241	56	128	22	4	72	0.0555556
NODE_307442_length_128_cov_2621.517241	56	128	34	4	72	0.0555556
NODE_307442_length_128_cov_2621.517241	56	128	40	1	72	0.0138889
NODE_307442_length_128_cov_2621.517241	56	128	42	1	72	0.0138889
NODE_307442_length_128_cov_2621.517241	56	128	44	3	72	0.0416667
NODE_307442_length_128_cov_2621.517241	56	128	52	1	72	0.0138889
NODE_307442_length_128_cov_2621.517241	56	128	58	1	72	0.0138889
NODE_307442_length_128_cov_2621.517241	56	128	64	2	72	0.0277778
NODE_307442_length_128_cov_2621.517241	56	128	68	48	72	0.6666667
NODE_307443_length_128_cov_1604.275862	58	127	4	1	69	0.0144928
NODE_307443_length_128_cov_1604.275862	58	127	6	7	69	0.1014493
NODE_307443_length_128_cov_1604.275862	58	127	8	61	69	0.8840580
NODE_307458_length_128_cov_79.034483	43	123	0	4	80	0.0500000
NODE_307458_length_128_cov_79.034483	43	123	2	1	80	0.0125000
NODE_307458_length_128_cov_79.034483	43	123	4	9	80	0.1125000
NODE_307458_length_128_cov_79.034483	43	123	6	66	80	0.8250000
NODE_307464_length_128_cov_61.793103	5	85	0	5	80	0.0625000
NODE_307464_length_128_cov_61.793103	5	85	2	8	80	0.1000000
NODE_307464_length_128_cov_61.793103	5	85	4	67	80	0.8375000
NODE_307549_length_127_cov_1879.785714	21	101	79	1	80	0.0125000
NODE_307549_length_127_cov_1879.785714	21	101	83	2	80	0.0250000
NODE_307549_length_127_cov_1879.785714	21	101	89	15	80	0.1875000
NODE_307549_length_127_cov_1879.785714	21	101	90	62	80	0.7750000
NODE_307549_length_127_cov_1879.785714	74	127	10	2	53	0.0377358
NODE_307549_length_127_cov_1879.785714	74	127	12	5	53	0.0943396
NODE_307549_length_127_cov_1879.785714	74	127	18	2	53	0.0377358
NODE_307549_length_127_cov_1879.785714	74	127	24	1	53	0.0188679
NODE_307549_length_127_cov_1879.785714	74	127	28	1	53	0.0188679
NODE_307549_length_127_cov_1879.785714	74	127	32	1	53	0.0188679
NODE_307549_length_127_cov_1879.785714	74	127	38	1	53	0.0188679
NODE_307549_length_127_cov_1879.785714	74	127	53	1	53	0.0188679
NODE_307549_length_127_cov_1879.785714	74	127	65	1	53	0.0188679
NODE_307549_length_127_cov_1879.785714	74	127	67	3	53	0.0566038
NODE_307549_length_127_cov_1879.785714	74	127	71	1	53	0.0188679
NODE_307549_length_127_cov_1879.785714	74	127	81	3	53	0.0566038
NODE_307549_length_127_cov_1879.785714	74	127	83	1	53	0.0188679
NODE_307549_length_127_cov_1879.785714	74	127	86	1	53	0.0188679
NODE_307549_length_127_cov_1879.785714	74	127	89	2	53	0.0377358
NODE_307549_length_127_cov_1879.785714	74	127	90	27	53	0.5094340
NODE_307583_length_127_cov_66.142857	38	118	0	80	80	1.0000000
NODE_307583_length_127_cov_66.142857	47	118	0	71	71	1.0000000
NODE_307590_length_127_cov_38.285714	12	86	0	74	74	1.0000000
NODE_307596_length_127_cov_30.607143	21	93	2	72	72	1.0000000
NODE_307662_length_126_cov_936.777778	24	96	30	72	72	1.0000000
NODE_307675_length_126_cov_147.185185	2	66	22	4	64	0.0625000
NODE_307675_length_126_cov_147.185185	2	66	24	60	64	0.9375000
NODE_307675_length_126_cov_147.185185	2	66	22	4	64	0.0625000
NODE_307675_length_126_cov_147.185185	2	66	24	60	64	0.9375000
NODE_307675_length_126_cov_147.185185	2	66	22	4	64	0.0625000
NODE_307675_length_126_cov_147.185185	2	66	24	60	64	0.9375000
NODE_307675_length_126_cov_147.185185	39	99	24	60	60	1.0000000
NODE_307675_length_126_cov_147.185185	55	99	24	44	44	1.0000000
NODE_307684_length_126_cov_82.518519	44	75	2	31	31	1.0000000
NODE_307793_length_125_cov_656.807692	19	99	8	80	80	1.0000000
NODE_307806_length_125_cov_143.615385	52	125	8	3	73	0.0410959
NODE_307806_length_125_cov_143.615385	52	125	10	1	73	0.0136986
NODE_307806_length_125_cov_143.615385	52	125	12	8	73	0.1095890
NODE_307806_length_125_cov_143.615385	52	125	14	2	73	0.0273973
NODE_307806_length_125_cov_143.615385	52	125	16	1	73	0.0136986
NODE_307806_length_125_cov_143.615385	52	125	18	3	73	0.0410959
NODE_307806_length_125_cov_143.615385	52	125	20	2	73	0.0273973
NODE_307806_length_125_cov_143.615385	52	125	24	3	73	0.0410959
NODE_307806_length_125_cov_143.615385	52	125	26	50	73	0.6849315
NODE_307810_length_125_cov_131.923077	3	52	14	2	49	0.0408163
NODE_307810_length_125_cov_131.923077	3	52	16	2	49	0.0408163
NODE_307810_length_125_cov_131.923077	3	52	20	1	49	0.0204082
NODE_307810_length_125_cov_131.923077	3	52	26	1	49	0.0204082
NODE_307810_length_125_cov_131.923077	3	52	28	2	49	0.0408163
NODE_307810_length_125_cov_131.923077	3	52	34	2	49	0.0408163
NODE_307810_length_125_cov_131.923077	3	52	40	1	49	0.0204082
NODE_307810_length_125_cov_131.923077	3	52	44	2	49	0.0408163
NODE_307810_length_125_cov_131.923077	3	52	45	1	49	0.0204082
NODE_307810_length_125_cov_131.923077	3	52	46	1	49	0.0204082
NODE_307810_length_125_cov_131.923077	3	52	50	3	49	0.0612245
NODE_307810_length_125_cov_131.923077	3	52	52	1	49	0.0204082
NODE_307810_length_125_cov_131.923077	3	52	54	30	49	0.6122449
NODE_307810_length_125_cov_131.923077	25	89	54	64	64	1.0000000
NODE_307810_length_125_cov_131.923077	25	89	54	64	64	1.0000000
NODE_307816_length_125_cov_102.500000	0	56	0	5	56	0.0892857
NODE_307816_length_125_cov_102.500000	0	56	4	51	56	0.9107143
NODE_307816_length_125_cov_102.500000	7	56	4	49	49	1.0000000
NODE_307816_length_125_cov_102.500000	29	114	4	85	85	1.0000000
NODE_307816_length_125_cov_102.500000	29	114	4	85	85	1.0000000
NODE_307816_length_125_cov_102.500000	29	114	4	85	85	1.0000000
NODE_307839_length_125_cov_28.115385	17	90	16	3	73	0.0410959
NODE_307839_length_125_cov_28.115385	17	90	18	3	73	0.0410959
NODE_307839_length_125_cov_28.115385	17	90	26	67	73	0.9178082
NODE_307839_length_125_cov_28.115385	57	98	26	41	41	1.0000000
NODE_307906_length_124_cov_945.680000	0	73	4	1	73	0.0136986
NODE_307906_length_124_cov_945.680000	0	73	5	1	73	0.0136986
NODE_307906_length_124_cov_945.680000	0	73	8	2	73	0.0273973
NODE_307906_length_124_cov_945.680000	0	73	10	1	73	0.0136986
NODE_307906_length_124_cov_945.680000	0	73	14	3	73	0.0410959
NODE_307906_length_124_cov_945.680000	0	73	16	6	73	0.0821918
NODE_307906_length_124_cov_945.680000	0	73	18	59	73	0.8082192
NODE_307906_length_124_cov_945.680000	53	124	0	1	71	0.0140845
NODE_307906_length_124_cov_945.680000	53	124	1	1	71	0.0140845
NODE_307906_length_124_cov_945.680000	53	124	2	4	71	0.0563380
NODE_307906_length_124_cov_945.680000	53	124	3	1	71	0.0140845
NODE_307906_length_124_cov_945.680000	53	124	7	1	71	0.0140845
NODE_307906_length_124_cov_945.680000	53	124	10	1	71	0.0140845
NODE_307906_length_124_cov_945.680000	53	124	12	2	71	0.0281690
NODE_307906_length_124_cov_945.680000	53	124	14	1	71	0.0140845
NODE_307906_length_124_cov_945.680000	53	124	16	7	71	0.0985916
NODE_307906_length_124_cov_945.680000	53	124	18	52	71	0.7323943
NODE_308023_length_123_cov_1186.083333	0	76	0	3	76	0.0394737
NODE_308023_length_123_cov_1186.083333	0	76	4	3	76	0.0394737
NODE_308023_length_123_cov_1186.083333	0	76	9	1	76	0.0131579
NODE_308023_length_123_cov_1186.083333	0	76	10	1	76	0.0131579
NODE_308023_length_123_cov_1186.083333	0	76	14	2	76	0.0263158
NODE_308023_length_123_cov_1186.083333	0	76	24	5	76	0.0657895
NODE_308023_length_123_cov_1186.083333	0	76	26	61	76	0.8026316
NODE_308023_length_123_cov_1186.083333	0	76	0	3	76	0.0394737
NODE_308023_length_123_cov_1186.083333	0	76	4	3	76	0.0394737
NODE_308023_length_123_cov_1186.083333	0	76	9	1	76	0.0131579
NODE_308023_length_123_cov_1186.083333	0	76	10	1	76	0.0131579
NODE_308023_length_123_cov_1186.083333	0	76	14	2	76	0.0263158
NODE_308023_length_123_cov_1186.083333	0	76	24	5	76	0.0657895
NODE_308023_length_123_cov_1186.083333	0	76	26	61	76	0.8026316
NODE_308023_length_123_cov_1186.083333	0	76	0	3	76	0.0394737
NODE_308023_length_123_cov_1186.083333	0	76	4	3	76	0.0394737
NODE_308023_length_123_cov_1186.083333	0	76	9	1	76	0.0131579
NODE_308023_length_123_cov_1186.083333	0	76	10	1	76	0.0131579
NODE_308023_length_123_cov_1186.083333	0	76	14	2	76	0.0263158
NODE_308023_length_123_cov_1186.083333	0	76	24	5	76	0.0657895
NODE_308023_length_123_cov_1186.083333	0	76	26	61	76	0.8026316
NODE_308023_length_123_cov_1186.083333	0	76	0	3	76	0.0394737
NODE_308023_length_123_cov_1186.083333	0	76	4	3	76	0.0394737
NODE_308023_length_123_cov_1186.083333	0	76	9	1	76	0.0131579
NODE_308023_length_123_cov_1186.083333	0	76	10	1	76	0.0131579
NODE_308023_length_123_cov_1186.083333	0	76	14	2	76	0.0263158
NODE_308023_length_123_cov_1186.083333	0	76	24	5	76	0.0657895
NODE_308023_length_123_cov_1186.083333	0	76	26	61	76	0.8026316
NODE_308023_length_123_cov_1186.083333	49	123	4	1	74	0.0135135
NODE_308023_length_123_cov_1186.083333	49	123	12	1	74	0.0135135
NODE_308023_length_123_cov_1186.083333	49	123	18	5	74	0.0675676
NODE_308023_length_123_cov_1186.083333	49	123	20	5	74	0.0675676
NODE_308023_length_123_cov_1186.083333	49	123	24	1	74	0.0135135
NODE_308023_length_123_cov_1186.083333	49	123	26	61	74	0.8243243
NODE_308023_length_123_cov_1186.083333	49	123	4	1	74	0.0135135
NODE_308023_length_123_cov_1186.083333	49	123	12	1	74	0.0135135
NODE_308023_length_123_cov_1186.083333	49	123	18	5	74	0.0675676
NODE_308023_length_123_cov_1186.083333	49	123	20	5	74	0.0675676
NODE_308023_length_123_cov_1186.083333	49	123	24	1	74	0.0135135
NODE_308023_length_123_cov_1186.083333	49	123	26	61	74	0.8243243
NODE_308023_length_123_cov_1186.083333	49	123	4	1	74	0.0135135
NODE_308023_length_123_cov_1186.083333	49	123	12	1	74	0.0135135
NODE_308023_length_123_cov_1186.083333	49	123	18	5	74	0.0675676
NODE_308023_length_123_cov_1186.083333	49	123	20	5	74	0.0675676
NODE_308023_length_123_cov_1186.083333	49	123	24	1	74	0.0135135
NODE_308023_length_123_cov_1186.083333	49	123	26	61	74	0.8243243
NODE_308024_length_123_cov_963.500000	19	88	14	2	69	0.0289855
NODE_308024_length_123_cov_963.500000	19	88	20	67	69	0.9710145
NODE_308037_length_123_cov_181.291667	0	47	6	7	47	0.1489362
NODE_308037_length_123_cov_181.291667	0	47	8	11	47	0.2340426
NODE_308037_length_123_cov_181.291667	0	47	16	29	47	0.6170213
NODE_308037_length_123_cov_181.291667	24	100	15	39	76	0.5131579
NODE_308037_length_123_cov_181.291667	24	100	16	37	76	0.4868421
NODE_308057_length_123_cov_55.375000	52	123	4	71	71	1.0000000
NODE_308057_length_123_cov_55.375000	52	123	4	71	71	1.0000000
NODE_308057_length_123_cov_55.375000	61	123	4	62	62	1.0000000
NODE_308068_length_123_cov_40.958333	9	89	10	6	80	0.0750000
NODE_308068_length_123_cov_40.958333	9	89	12	74	80	0.9250000
NODE_308068_length_123_cov_40.958333	9	89	10	6	80	0.0750000
NODE_308068_length_123_cov_40.958333	9	89	12	74	80	0.9250000
NODE_308068_length_123_cov_40.958333	9	89	10	6	80	0.0750000
NODE_308068_length_123_cov_40.958333	9	89	12	74	80	0.9250000
NODE_308068_length_123_cov_40.958333	9	89	10	6	80	0.0750000
NODE_308068_length_123_cov_40.958333	9	89	12	74	80	0.9250000
NODE_308068_length_123_cov_40.958333	9	89	10	6	80	0.0750000
NODE_308068_length_123_cov_40.958333	9	89	12	74	80	0.9250000
NODE_308068_length_123_cov_40.958333	9	80	10	6	71	0.0845070
NODE_308068_length_123_cov_40.958333	9	80	12	65	71	0.9154930
NODE_308180_length_122_cov_111.043478	8	88	0	5	80	0.0625000
NODE_308180_length_122_cov_111.043478	8	88	2	75	80	0.9375000
NODE_308180_length_122_cov_111.043478	8	88	0	5	80	0.0625000
NODE_308180_length_122_cov_111.043478	8	88	2	75	80	0.9375000
NODE_308184_length_122_cov_67.565217	0	50	2	2	50	0.0400000
NODE_308184_length_122_cov_67.565217	0	50	8	5	50	0.1000000
NODE_308184_length_122_cov_67.565217	0	50	10	2	50	0.0400000
NODE_308184_length_122_cov_67.565217	0	50	12	41	50	0.8200000
NODE_308184_length_122_cov_67.565217	0	50	2	2	50	0.0400000
NODE_308184_length_122_cov_67.565217	0	50	8	5	50	0.1000000
NODE_308184_length_122_cov_67.565217	0	50	10	2	50	0.0400000
NODE_308184_length_122_cov_67.565217	0	50	12	41	50	0.8200000
NODE_308184_length_122_cov_67.565217	23	103	12	80	80	1.0000000
NODE_308184_length_122_cov_67.565217	23	103	12	80	80	1.0000000
NODE_308184_length_122_cov_67.565217	23	103	12	80	80	1.0000000
NODE_308184_length_122_cov_67.565217	23	103	12	80	80	1.0000000
NODE_308184_length_122_cov_67.565217	23	103	12	80	80	1.0000000
NODE_308184_length_122_cov_67.565217	23	94	12	71	71	1.0000000
NODE_308188_length_122_cov_58.826087	28	99	0	71	71	1.0000000
NODE_308188_length_122_cov_58.826087	33	99	0	66	66	1.0000000
NODE_308188_length_122_cov_58.826087	72	122	0	50	50	1.0000000
NODE_308188_length_122_cov_58.826087	72	122	0	50	50	1.0000000
NODE_308198_length_122_cov_38.173913	12	93	0	81	81	1.0000000
NODE_308257_length_121_cov_159.318182	24	55	6	31	31	1.0000000
NODE_308260_length_121_cov_120.181818	20	100	10	80	80	1.0000000
NODE_308260_length_121_cov_120.181818	20	95	10	75	75	1.0000000
NODE_308260_length_121_cov_120.181818	20	100	10	80	80	1.0000000
NODE_308260_length_121_cov_120.181818	29	100	10	71	71	1.0000000
NODE_308273_length_121_cov_54.181818	7	70	3	10	63	0.1587302
NODE_308273_length_121_cov_54.181818	7	70	4	53	63	0.8412699
NODE_308273_length_121_cov_54.181818	7	70	3	10	63	0.1587302
NODE_308273_length_121_cov_54.181818	7	70	4	53	63	0.8412699
NODE_308273_length_121_cov_54.181818	7	70	3	10	63	0.1587302
NODE_308273_length_121_cov_54.181818	7	70	4	53	63	0.8412699
NODE_308273_length_121_cov_54.181818	9	70	3	10	61	0.1639344
NODE_308273_length_121_cov_54.181818	9	70	4	51	61	0.8360656
NODE_308273_length_121_cov_54.181818	43	109	3	49	66	0.7424242
NODE_308273_length_121_cov_54.181818	43	109	4	17	66	0.2575758
NODE_308273_length_121_cov_54.181818	43	121	3	61	78	0.7820513
NODE_308273_length_121_cov_54.181818	43	121	4	17	78	0.2179487
NODE_308273_length_121_cov_54.181818	64	117	3	53	53	1.0000000
NODE_308317_length_120_cov_1404.619048	0	64	10	1	64	0.0156250
NODE_308317_length_120_cov_1404.619048	0	64	14	1	64	0.0156250
NODE_308317_length_120_cov_1404.619048	0	64	16	1	64	0.0156250
NODE_308317_length_120_cov_1404.619048	0	64	18	1	64	0.0156250
NODE_308317_length_120_cov_1404.619048	0	64	20	1	64	0.0156250
NODE_308317_length_120_cov_1404.619048	0	64	24	1	64	0.0156250
NODE_308317_length_120_cov_1404.619048	0	64	28	1	64	0.0156250
NODE_308317_length_120_cov_1404.619048	0	64	34	2	64	0.0312500
NODE_308317_length_120_cov_1404.619048	0	64	38	2	64	0.0312500
NODE_308317_length_120_cov_1404.619048	0	64	40	1	64	0.0156250
NODE_308317_length_120_cov_1404.619048	0	64	42	1	64	0.0156250
NODE_308317_length_120_cov_1404.619048	0	64	44	5	64	0.0781250
NODE_308317_length_120_cov_1404.619048	0	64	46	46	64	0.7187500
NODE_308317_length_120_cov_1404.619048	45	117	14	3	72	0.0416667
NODE_308317_length_120_cov_1404.619048	45	117	16	1	72	0.0138889
NODE_308317_length_120_cov_1404.619048	45	117	18	1	72	0.0138889
NODE_308317_length_120_cov_1404.619048	45	117	28	3	72	0.0416667
NODE_308317_length_120_cov_1404.619048	45	117	34	1	72	0.0138889
NODE_308317_length_120_cov_1404.619048	45	117	38	4	72	0.0555556
NODE_308317_length_120_cov_1404.619048	45	117	42	2	72	0.0277778
NODE_308317_length_120_cov_1404.619048	45	117	46	57	72	0.7916667
NODE_308318_length_120_cov_1138.428571	19	99	8	80	80	1.0000000
NODE_308318_length_120_cov_1138.428571	72	120	0	5	48	0.1041667
NODE_308318_length_120_cov_1138.428571	72	120	2	1	48	0.0208333
NODE_308318_length_120_cov_1138.428571	72	120	4	1	48	0.0208333
NODE_308318_length_120_cov_1138.428571	72	120	6	7	48	0.1458333
NODE_308318_length_120_cov_1138.428571	72	120	8	34	48	0.7083333
NODE_308357_length_120_cov_54.666667	0	69	0	69	69	1.0000000
NODE_308357_length_120_cov_54.666667	0	69	0	69	69	1.0000000
NODE_308357_length_120_cov_54.666667	0	69	0	69	69	1.0000000
NODE_308357_length_120_cov_54.666667	42	108	0	66	66	1.0000000
NODE_308357_length_120_cov_54.666667	53	120	0	67	67	1.0000000
NODE_308357_length_120_cov_54.666667	53	120	0	67	67	1.0000000
NODE_308487_length_118_cov_1211.578947	49	116	0	67	67	1.0000000
NODE_308488_length_118_cov_1157.157895	4	70	0	1	66	0.0151515
NODE_308488_length_118_cov_1157.157895	4	70	12	2	66	0.0303030
NODE_308488_length_118_cov_1157.157895	4	70	14	63	66	0.9545454
NODE_308500_length_118_cov_218.210526	0	63	2	2	63	0.0317460
NODE_308500_length_118_cov_218.210526	0	63	8	5	63	0.0793651
NODE_308500_length_118_cov_218.210526	0	63	12	2	63	0.0317460
NODE_308500_length_118_cov_218.210526	0	63	14	2	63	0.0317460
NODE_308500_length_118_cov_218.210526	0	63	18	52	63	0.8253968
NODE_308500_length_118_cov_218.210526	35	115	8	1	80	0.0125000
NODE_308500_length_118_cov_218.210526	35	115	12	1	80	0.0125000
NODE_308500_length_118_cov_218.210526	35	115	16	1	80	0.0125000
NODE_308500_length_118_cov_218.210526	35	115	18	77	80	0.9625000
NODE_308504_length_118_cov_161.052632	4	70	0	4	66	0.0606061
NODE_308504_length_118_cov_161.052632	4	70	6	62	66	0.9393939
NODE_308572_length_117_cov_338.555556	7	70	21	2	63	0.0317460
NODE_308572_length_117_cov_338.555556	7	70	23	4	63	0.0634921
NODE_308572_length_117_cov_338.555556	7	70	25	27	63	0.4285714
NODE_308572_length_117_cov_338.555556	7	70	26	30	63	0.4761905
NODE_308572_length_117_cov_338.555556	7	70	21	2	63	0.0317460
NODE_308572_length_117_cov_338.555556	7	70	23	4	63	0.0634921
NODE_308572_length_117_cov_338.555556	7	70	25	27	63	0.4285714
NODE_308572_length_117_cov_338.555556	7	70	26	30	63	0.4761905
NODE_308572_length_117_cov_338.555556	7	70	21	2	63	0.0317460
NODE_308572_length_117_cov_338.555556	7	70	23	4	63	0.0634921
NODE_308572_length_117_cov_338.555556	7	70	25	27	63	0.4285714
NODE_308572_length_117_cov_338.555556	7	70	26	30	63	0.4761905
NODE_308572_length_117_cov_338.555556	9	70	23	4	61	0.0655738
NODE_308572_length_117_cov_338.555556	9	70	25	27	61	0.4426230
NODE_308572_length_117_cov_338.555556	9	70	26	30	61	0.4918033
NODE_308572_length_117_cov_338.555556	43	109	12	1	66	0.0151515
NODE_308572_length_117_cov_338.555556	43	109	22	4	66	0.0606061
NODE_308572_length_117_cov_338.555556	43	109	26	61	66	0.9242424
NODE_308572_length_117_cov_338.555556	43	114	2	2	71	0.0281690
NODE_308572_length_117_cov_338.555556	43	114	4	2	71	0.0281690
NODE_308572_length_117_cov_338.555556	43	114	12	2	71	0.0281690
NODE_308572_length_117_cov_338.555556	43	114	22	4	71	0.0563380
NODE_308572_length_117_cov_338.555556	43	114	26	61	71	0.8591549
NODE_308572_length_117_cov_338.555556	64	117	0	2	53	0.0377358
NODE_308572_length_117_cov_338.555556	64	117	2	3	53	0.0566038
NODE_308572_length_117_cov_338.555556	64	117	4	2	53	0.0377358
NODE_308572_length_117_cov_338.555556	64	117	12	2	53	0.0377358
NODE_308572_length_117_cov_338.555556	64	117	22	4	53	0.0754717
NODE_308572_length_117_cov_338.555556	64	117	26	40	53	0.7547170
NODE_308654_length_116_cov_1897.470588	0	77	10	4	77	0.0519481
NODE_308654_length_116_cov_1897.470588	0	77	12	1	77	0.0129870
NODE_308654_length_116_cov_1897.470588	0	77	14	3	77	0.0389610
NODE_308654_length_116_cov_1897.470588	0	77	15	2	77	0.0259740
NODE_308654_length_116_cov_1897.470588	0	77	16	1	77	0.0129870
NODE_308654_length_116_cov_1897.470588	0	77	18	66	77	0.8571429
NODE_308654_length_116_cov_1897.470588	34	111	14	3	77	0.0389610
NODE_308654_length_116_cov_1897.470588	34	111	16	1	77	0.0129870
NODE_308654_length_116_cov_1897.470588	34	111	18	73	77	0.9480519
NODE_308668_length_116_cov_438.529412	15	95	2	80	80	1.0000000
NODE_308668_length_116_cov_438.529412	68	116	2	48	48	1.0000000
NODE_308701_length_116_cov_93.235294	52	116	2	8	64	0.1250000
NODE_308701_length_116_cov_93.235294	52	116	4	56	64	0.8750000
NODE_308722_length_116_cov_46.882353	6	66	4	5	60	0.0833333
NODE_308722_length_116_cov_46.882353	6	66	6	2	60	0.0333333
NODE_308722_length_116_cov_46.882353	6	66	8	53	60	0.8833333
NODE_308727_length_116_cov_38.352941	20	100	0	80	80	1.0000000
NODE_308746_length_115_cov_1012.625000	31	114	0	2	83	0.0240964
NODE_308746_length_115_cov_1012.625000	31	114	4	81	83	0.9759036
NODE_308750_length_115_cov_776.625000	9	92	0	1	83	0.0120482
NODE_308750_length_115_cov_776.625000	9	92	2	2	83	0.0240964
NODE_308750_length_115_cov_776.625000	9	92	6	80	83	0.9638554
NODE_308752_length_115_cov_623.937500	0	74	0	2	74	0.0270270
NODE_308752_length_115_cov_623.937500	0	74	2	72	74	0.9729730
NODE_308782_length_115_cov_144.812500	4	73	12	1	69	0.0144928
NODE_308782_length_115_cov_144.812500	4	73	14	3	69	0.0434783
NODE_308782_length_115_cov_144.812500	4	73	17	3	69	0.0434783
NODE_308782_length_115_cov_144.812500	4	73	20	1	69	0.0144928
NODE_308782_length_115_cov_144.812500	4	73	24	3	69	0.0434783
NODE_308782_length_115_cov_144.812500	4	73	26	58	69	0.8405797
NODE_308806_length_115_cov_65.187500	16	76	18	60	60	1.0000000
NODE_308846_length_114_cov_819.466667	40	114	2	10	74	0.1351351
NODE_308846_length_114_cov_819.466667	40	114	4	64	74	0.8648649
NODE_308846_length_114_cov_819.466667	40	114	2	10	74	0.1351351
NODE_308846_length_114_cov_819.466667	40	114	4	64	74	0.8648649
NODE_308846_length_114_cov_819.466667	49	114	2	10	65	0.1538462
NODE_308846_length_114_cov_819.466667	49	114	4	55	65	0.8461539
NODE_308866_length_114_cov_285.666667	0	78	0	2	78	0.0256410
NODE_308866_length_114_cov_285.666667	0	78	2	3	78	0.0384615
NODE_308866_length_114_cov_285.666667	0	78	4	5	78	0.0641026
NODE_308866_length_114_cov_285.666667	0	78	8	68	78	0.8717949
NODE_308866_length_114_cov_285.666667	51	114	4	9	63	0.1428571
NODE_308866_length_114_cov_285.666667	51	114	6	2	63	0.0317460
NODE_308866_length_114_cov_285.666667	51	114	8	52	63	0.8253968
NODE_308886_length_114_cov_83.600000	51	82	0	31	31	1.0000000
NODE_308891_length_114_cov_67.666667	40	90	0	50	50	1.0000000
NODE_308939_length_113_cov_446.214286	5	82	4	77	77	1.0000000
NODE_308939_length_113_cov_446.214286	5	82	4	77	77	1.0000000
NODE_308967_length_113_cov_160.071429	0	64	2	1	64	0.0156250
NODE_308967_length_113_cov_160.071429	0	64	6	4	64	0.0625000
NODE_308967_length_113_cov_160.071429	0	64	13	1	64	0.0156250
NODE_308967_length_113_cov_160.071429	0	64	14	5	64	0.0781250
NODE_308967_length_113_cov_160.071429	0	64	16	53	64	0.8281250
NODE_308967_length_113_cov_160.071429	0	64	2	1	64	0.0156250
NODE_308967_length_113_cov_160.071429	0	64	6	4	64	0.0625000
NODE_308967_length_113_cov_160.071429	0	64	13	1	64	0.0156250
NODE_308967_length_113_cov_160.071429	0	64	14	5	64	0.0781250
NODE_308967_length_113_cov_160.071429	0	64	16	53	64	0.8281250
NODE_308967_length_113_cov_160.071429	37	103	16	66	66	1.0000000
NODE_308967_length_113_cov_160.071429	37	108	8	1	71	0.0140845
NODE_308967_length_113_cov_160.071429	37	108	12	1	71	0.0140845
NODE_308967_length_113_cov_160.071429	37	108	14	3	71	0.0422535
NODE_308967_length_113_cov_160.071429	37	108	16	66	71	0.9295775
NODE_309037_length_112_cov_963.384615	43	112	6	6	69	0.0869565
NODE_309037_length_112_cov_963.384615	43	112	8	2	69	0.0289855
NODE_309037_length_112_cov_963.384615	43	112	10	61	69	0.8840580
NODE_309044_length_112_cov_653.615385	7	78	4	71	71	1.0000000
NODE_309044_length_112_cov_653.615385	12	78	4	66	66	1.0000000
NODE_309044_length_112_cov_653.615385	51	112	2	3	61	0.0491803
NODE_309044_length_112_cov_653.615385	51	112	4	58	61	0.9508197
NODE_309044_length_112_cov_653.615385	51	112	2	3	61	0.0491803
NODE_309044_length_112_cov_653.615385	51	112	4	58	61	0.9508197
NODE_309067_length_112_cov_219.538462	0	62	0	62	62	1.0000000
NODE_309067_length_112_cov_219.538462	0	57	0	57	57	1.0000000
NODE_309067_length_112_cov_219.538462	0	62	0	62	62	1.0000000
NODE_309067_length_112_cov_219.538462	0	59	0	59	59	1.0000000
NODE_309067_length_112_cov_219.538462	35	112	0	77	77	1.0000000
NODE_309067_length_112_cov_219.538462	35	112	0	77	77	1.0000000
NODE_309067_length_112_cov_219.538462	35	112	0	77	77	1.0000000
NODE_309078_length_112_cov_160.307692	0	69	0	69	69	1.0000000
NODE_309079_length_112_cov_134.846154	11	91	10	80	80	1.0000000
NODE_309079_length_112_cov_134.846154	11	91	10	80	80	1.0000000
NODE_309079_length_112_cov_134.846154	64	112	4	6	48	0.1250000
NODE_309079_length_112_cov_134.846154	64	112	8	1	48	0.0208333
NODE_309079_length_112_cov_134.846154	64	112	10	41	48	0.8541667
NODE_309079_length_112_cov_134.846154	64	112	4	6	48	0.1250000
NODE_309079_length_112_cov_134.846154	64	112	8	1	48	0.0208333
NODE_309079_length_112_cov_134.846154	64	112	10	41	48	0.8541667
NODE_309079_length_112_cov_134.846154	64	112	4	6	48	0.1250000
NODE_309079_length_112_cov_134.846154	64	112	8	1	48	0.0208333
NODE_309079_length_112_cov_134.846154	64	112	10	41	48	0.8541667
NODE_309092_length_112_cov_84.384615	10	90	0	80	80	1.0000000
NODE_309097_length_112_cov_72.769231	36	100	4	64	64	1.0000000
NODE_309106_length_112_cov_35.307692	13	76	2	63	63	1.0000000
NODE_309123_length_111_cov_1107.833333	0	52	0	4	52	0.0769231
NODE_309123_length_111_cov_1107.833333	0	52	6	48	52	0.9230769
NODE_309123_length_111_cov_1107.833333	0	52	0	4	52	0.0769231
NODE_309123_length_111_cov_1107.833333	0	52	6	48	52	0.9230769
NODE_309123_length_111_cov_1107.833333	0	52	0	4	52	0.0769231
NODE_309123_length_111_cov_1107.833333	0	52	6	48	52	0.9230769
NODE_309123_length_111_cov_1107.833333	0	52	0	4	52	0.0769231
NODE_309123_length_111_cov_1107.833333	0	52	6	48	52	0.9230769
NODE_309123_length_111_cov_1107.833333	25	105	6	80	80	1.0000000
NODE_309123_length_111_cov_1107.833333	25	105	6	80	80	1.0000000
NODE_309123_length_111_cov_1107.833333	25	105	6	80	80	1.0000000
NODE_309123_length_111_cov_1107.833333	25	105	6	80	80	1.0000000
NODE_309123_length_111_cov_1107.833333	25	105	6	80	80	1.0000000
NODE_309123_length_111_cov_1107.833333	25	105	6	80	80	1.0000000
NODE_309126_length_111_cov_827.500000	3	74	24	2	71	0.0281690
NODE_309126_length_111_cov_827.500000	3	74	26	3	71	0.0422535
NODE_309126_length_111_cov_827.500000	3	74	30	3	71	0.0422535
NODE_309126_length_111_cov_827.500000	3	74	38	63	71	0.8873239
NODE_309126_length_111_cov_827.500000	8	74	30	3	66	0.0454545
NODE_309126_length_111_cov_827.500000	8	74	38	63	66	0.9545454
NODE_309126_length_111_cov_827.500000	47	111	16	1	64	0.0156250
NODE_309126_length_111_cov_827.500000	47	111	24	1	64	0.0156250
NODE_309126_length_111_cov_827.500000	47	111	28	3	64	0.0468750
NODE_309126_length_111_cov_827.500000	47	111	37	1	64	0.0156250
NODE_309126_length_111_cov_827.500000	47	111	38	58	64	0.9062500
NODE_309126_length_111_cov_827.500000	47	111	16	1	64	0.0156250
NODE_309126_length_111_cov_827.500000	47	111	24	1	64	0.0156250
NODE_309126_length_111_cov_827.500000	47	111	28	3	64	0.0468750
NODE_309126_length_111_cov_827.500000	47	111	37	1	64	0.0156250
NODE_309126_length_111_cov_827.500000	47	111	38	58	64	0.9062500
NODE_309126_length_111_cov_827.500000	47	111	16	1	64	0.0156250
NODE_309126_length_111_cov_827.500000	47	111	24	1	64	0.0156250
NODE_309126_length_111_cov_827.500000	47	111	28	3	64	0.0468750
NODE_309126_length_111_cov_827.500000	47	111	37	1	64	0.0156250
NODE_309126_length_111_cov_827.500000	47	111	38	58	64	0.9062500
NODE_309129_length_111_cov_726.833333	12	89	6	77	77	1.0000000
NODE_309129_length_111_cov_726.833333	12	89	6	77	77	1.0000000
NODE_309129_length_111_cov_726.833333	62	111	4	5	49	0.1020408
NODE_309129_length_111_cov_726.833333	62	111	6	44	49	0.8979592
NODE_309129_length_111_cov_726.833333	67	111	4	5	44	0.1136364
NODE_309129_length_111_cov_726.833333	67	111	6	39	44	0.8863636
NODE_309131_length_111_cov_692.416667	31	111	0	1	80	0.0125000
NODE_309131_length_111_cov_692.416667	31	111	2	2	80	0.0250000
NODE_309131_length_111_cov_692.416667	31	111	8	77	80	0.9625000
NODE_309149_length_111_cov_241.750000	30	97	0	67	67	1.0000000
NODE_309160_length_111_cov_169.416667	21	102	0	81	81	1.0000000
NODE_309200_length_110_cov_554.909091	1	28	14	2	27	0.0740741
NODE_309200_length_110_cov_554.909091	1	28	16	1	27	0.0370370
NODE_309200_length_110_cov_554.909091	1	28	22	1	27	0.0370370
NODE_309200_length_110_cov_554.909091	1	28	24	2	27	0.0740741
NODE_309200_length_110_cov_554.909091	1	28	26	21	27	0.7777778
NODE_309200_length_110_cov_554.909091	1	81	14	2	80	0.0250000
NODE_309200_length_110_cov_554.909091	1	81	16	1	80	0.0125000
NODE_309200_length_110_cov_554.909091	1	81	22	1	80	0.0125000
NODE_309200_length_110_cov_554.909091	1	81	24	2	80	0.0250000
NODE_309200_length_110_cov_554.909091	1	81	26	74	80	0.9250000
NODE_309202_length_110_cov_537.545455	0	75	0	4	75	0.0533333
NODE_309202_length_110_cov_537.545455	0	75	2	1	75	0.0133333
NODE_309202_length_110_cov_537.545455	0	75	6	70	75	0.9333333
NODE_309202_length_110_cov_537.545455	53	107	4	1	54	0.0185185
NODE_309202_length_110_cov_537.545455	53	107	6	53	54	0.9814815
NODE_309235_length_110_cov_91.636364	19	54	4	35	35	1.0000000
NODE_309235_length_110_cov_91.636364	64	107	4	43	43	1.0000000
NODE_309239_length_110_cov_80.272727	19	54	2	35	35	1.0000000
NODE_309239_length_110_cov_80.272727	64	99	2	35	35	1.0000000
NODE_309241_length_110_cov_78.363636	19	54	0	35	35	1.0000000
NODE_309241_length_110_cov_78.363636	64	107	0	43	43	1.0000000
NODE_309245_length_110_cov_68.727273	11	46	0	35	35	1.0000000
NODE_309245_length_110_cov_68.727273	56	91	0	35	35	1.0000000
NODE_309252_length_110_cov_44.545455	5	57	4	52	52	1.0000000
NODE_309263_length_109_cov_1364.100000	29	98	4	69	69	1.0000000
NODE_309275_length_109_cov_689.800000	12	86	4	74	74	1.0000000
NODE_309309_length_109_cov_250.800000	4	66	0	62	62	1.0000000
NODE_309311_length_109_cov_242.000000	29	98	0	69	69	1.0000000
NODE_309326_length_109_cov_139.000000	26	106	4	1	80	0.0125000
NODE_309326_length_109_cov_139.000000	26	106	6	1	80	0.0125000
NODE_309326_length_109_cov_139.000000	26	106	8	2	80	0.0250000
NODE_309326_length_109_cov_139.000000	26	106	10	76	80	0.9500000
NODE_309345_length_109_cov_84.500000	33	93	8	60	60	1.0000000
NODE_309349_length_109_cov_75.300000	0	65	0	65	65	1.0000000
NODE_309384_length_108_cov_1542.666667	28	108	0	3	80	0.0375000
NODE_309384_length_108_cov_1542.666667	28	108	2	77	80	0.9625000
NODE_309391_length_108_cov_987.666667	5	85	0	80	80	1.0000000
NODE_309391_length_108_cov_987.666667	5	85	0	80	80	1.0000000
NODE_309391_length_108_cov_987.666667	5	85	0	80	80	1.0000000
NODE_309391_length_108_cov_987.666667	5	85	0	80	80	1.0000000
NODE_309391_length_108_cov_987.666667	5	85	0	80	80	1.0000000
NODE_309391_length_108_cov_987.666667	58	108	0	50	50	1.0000000
NODE_309391_length_108_cov_987.666667	58	108	0	50	50	1.0000000
NODE_309395_length_108_cov_841.666667	1	65	6	6	64	0.0937500
NODE_309395_length_108_cov_841.666667	1	65	8	58	64	0.9062500
NODE_309395_length_108_cov_841.666667	1	65	6	6	64	0.0937500
NODE_309395_length_108_cov_841.666667	1	65	8	58	64	0.9062500
NODE_309395_length_108_cov_841.666667	1	65	6	6	64	0.0937500
NODE_309395_length_108_cov_841.666667	1	65	8	58	64	0.9062500
NODE_309433_length_108_cov_213.333333	22	81	0	59	59	1.0000000
NODE_309433_length_108_cov_213.333333	55	81	0	26	26	1.0000000
NODE_309464_length_108_cov_107.888889	11	82	0	71	71	1.0000000
NODE_309464_length_108_cov_107.888889	16	82	0	66	66	1.0000000
NODE_309464_length_108_cov_107.888889	55	108	0	53	53	1.0000000
NODE_309464_length_108_cov_107.888889	55	108	0	53	53	1.0000000
NODE_309464_length_108_cov_107.888889	55	108	0	53	53	1.0000000
NODE_309472_length_108_cov_76.444444	13	76	0	63	63	1.0000000
NODE_309479_length_108_cov_51.000000	0	53	0	53	53	1.0000000
NODE_309479_length_108_cov_51.000000	0	53	0	53	53	1.0000000
NODE_309479_length_108_cov_51.000000	0	53	0	53	53	1.0000000
NODE_309479_length_108_cov_51.000000	26	106	0	80	80	1.0000000
NODE_309479_length_108_cov_51.000000	26	106	0	80	80	1.0000000
NODE_309479_length_108_cov_51.000000	26	106	0	80	80	1.0000000
NODE_309479_length_108_cov_51.000000	26	106	0	80	80	1.0000000
NODE_309479_length_108_cov_51.000000	26	106	0	80	80	1.0000000
NODE_309479_length_108_cov_51.000000	26	97	0	71	71	1.0000000
NODE_309490_length_108_cov_31.111111	11	82	0	71	71	1.0000000
NODE_309490_length_108_cov_31.111111	16	82	0	66	66	1.0000000
NODE_309490_length_108_cov_31.111111	55	108	0	53	53	1.0000000
NODE_309490_length_108_cov_31.111111	55	108	0	53	53	1.0000000
NODE_309490_length_108_cov_31.111111	55	108	0	53	53	1.0000000
NODE_309530_length_107_cov_608.250000	0	64	0	2	64	0.0312500
NODE_309530_length_107_cov_608.250000	0	64	4	62	64	0.9687500
NODE_309530_length_107_cov_608.250000	53	103	4	50	50	1.0000000
NODE_309551_length_107_cov_303.250000	0	56	0	56	56	1.0000000
NODE_309551_length_107_cov_303.250000	29	99	0	70	70	1.0000000
NODE_309657_length_106_cov_522.571429	10	90	0	80	80	1.0000000
NODE_309657_length_106_cov_522.571429	10	90	0	80	80	1.0000000
NODE_309657_length_106_cov_522.571429	10	90	0	80	80	1.0000000
NODE_309657_length_106_cov_522.571429	10	90	0	80	80	1.0000000
NODE_309657_length_106_cov_522.571429	10	90	0	80	80	1.0000000
NODE_309657_length_106_cov_522.571429	19	90	0	71	71	1.0000000
NODE_309696_length_106_cov_161.857143	7	78	0	71	71	1.0000000
NODE_309696_length_106_cov_161.857143	51	106	0	55	55	1.0000000
NODE_309707_length_106_cov_130.714286	0	76	0	76	76	1.0000000
NODE_309714_length_106_cov_108.000000	0	76	0	76	76	1.0000000
NODE_309717_length_106_cov_102.142857	0	62	0	62	62	1.0000000
NODE_309717_length_106_cov_102.142857	35	106	0	71	71	1.0000000
NODE_309717_length_106_cov_102.142857	35	106	0	71	71	1.0000000
NODE_309747_length_106_cov_39.428571	0	76	0	76	76	1.0000000
NODE_309761_length_106_cov_30.857143	0	70	0	70	70	1.0000000
NODE_309761_length_106_cov_30.857143	0	70	0	70	70	1.0000000
NODE_309761_length_106_cov_30.857143	0	70	0	70	70	1.0000000
NODE_309761_length_106_cov_30.857143	43	92	0	49	49	1.0000000
NODE_309761_length_106_cov_30.857143	53	106	0	53	53	1.0000000
NODE_309761_length_106_cov_30.857143	53	106	0	53	53	1.0000000
NODE_309775_length_105_cov_2054.666667	31	105	0	74	74	1.0000000
NODE_309775_length_105_cov_2054.666667	31	105	0	74	74	1.0000000
NODE_309775_length_105_cov_2054.666667	31	105	0	74	74	1.0000000
NODE_309775_length_105_cov_2054.666667	31	105	0	74	74	1.0000000
NODE_309788_length_105_cov_830.833333	30	105	0	75	75	1.0000000
NODE_309789_length_105_cov_825.500000	0	77	0	77	77	1.0000000
NODE_309789_length_105_cov_825.500000	0	77	0	77	77	1.0000000
NODE_309789_length_105_cov_825.500000	50	99	0	49	49	1.0000000
NODE_309789_length_105_cov_825.500000	55	105	0	50	50	1.0000000
NODE_309815_length_105_cov_231.333333	0	54	0	54	54	1.0000000
NODE_309815_length_105_cov_231.333333	27	99	0	72	72	1.0000000
NODE_309842_length_105_cov_85.333333	14	94	2	80	80	1.0000000
NODE_309842_length_105_cov_85.333333	67	89	2	22	22	1.0000000
NODE_309855_length_105_cov_61.833333	23	103	0	80	80	1.0000000
NODE_309867_length_105_cov_40.666667	6	66	0	60	60	1.0000000
NODE_309925_length_104_cov_1016.000000	0	78	0	78	78	1.0000000
NODE_309925_length_104_cov_1016.000000	53	99	0	46	46	1.0000000
NODE_309935_length_104_cov_791.200000	0	67	0	67	67	1.0000000
NODE_309935_length_104_cov_791.200000	0	67	0	67	67	1.0000000
NODE_309935_length_104_cov_791.200000	40	104	0	64	64	1.0000000
NODE_309938_length_104_cov_574.200000	21	101	0	80	80	1.0000000
NODE_309938_length_104_cov_574.200000	21	101	0	80	80	1.0000000
NODE_309938_length_104_cov_574.200000	21	101	0	80	80	1.0000000
NODE_309938_length_104_cov_574.200000	21	101	0	80	80	1.0000000
NODE_309938_length_104_cov_574.200000	21	101	0	80	80	1.0000000
NODE_309938_length_104_cov_574.200000	21	92	0	71	71	1.0000000
NODE_309940_length_104_cov_547.400000	10	87	0	77	77	1.0000000
NODE_309940_length_104_cov_547.400000	10	87	0	77	77	1.0000000
NODE_310020_length_104_cov_46.800000	42	104	0	62	62	1.0000000
NODE_310054_length_103_cov_2267.000000	0	54	0	54	54	1.0000000
NODE_310054_length_103_cov_2267.000000	27	100	0	73	73	1.0000000
NODE_310082_length_103_cov_890.000000	6	70	0	64	64	1.0000000
NODE_310082_length_103_cov_890.000000	6	70	0	64	64	1.0000000
NODE_310082_length_103_cov_890.000000	6	70	0	64	64	1.0000000
NODE_310082_length_103_cov_890.000000	43	103	0	60	60	1.0000000
NODE_310082_length_103_cov_890.000000	59	103	0	44	44	1.0000000
NODE_310090_length_103_cov_768.500000	7	78	0	71	71	1.0000000
NODE_310090_length_103_cov_768.500000	12	78	0	66	66	1.0000000
NODE_310090_length_103_cov_768.500000	51	99	0	48	48	1.0000000
NODE_310090_length_103_cov_768.500000	51	99	0	48	48	1.0000000
NODE_310090_length_103_cov_768.500000	51	99	0	48	48	1.0000000
NODE_310091_length_103_cov_751.000000	0	71	0	71	71	1.0000000
NODE_310091_length_103_cov_751.000000	0	71	0	71	71	1.0000000
NODE_310091_length_103_cov_751.000000	44	93	0	49	49	1.0000000
NODE_310094_length_103_cov_678.000000	10	74	0	64	64	1.0000000
NODE_310094_length_103_cov_678.000000	10	74	0	64	64	1.0000000
NODE_310094_length_103_cov_678.000000	10	74	0	64	64	1.0000000
NODE_310094_length_103_cov_678.000000	47	96	0	49	49	1.0000000
NODE_310103_length_103_cov_462.750000	19	99	0	80	80	1.0000000
NODE_310116_length_103_cov_300.250000	0	63	0	63	63	1.0000000
NODE_310147_length_103_cov_103.250000	4	47	0	43	43	1.0000000
NODE_310152_length_103_cov_80.250000	36	99	0	63	63	1.0000000
NODE_310153_length_103_cov_76.500000	4	63	0	59	59	1.0000000
NODE_310160_length_103_cov_42.000000	0	78	0	78	78	1.0000000
NODE_310160_length_103_cov_42.000000	7	78	0	71	71	1.0000000
NODE_310160_length_103_cov_42.000000	12	78	0	66	66	1.0000000
NODE_310160_length_103_cov_42.000000	51	99	0	48	48	1.0000000
NODE_310160_length_103_cov_42.000000	51	99	0	48	48	1.0000000
NODE_310160_length_103_cov_42.000000	51	99	0	48	48	1.0000000
NODE_310211_length_102_cov_2033.666667	0	48	0	48	48	1.0000000
NODE_310211_length_102_cov_2033.666667	21	101	0	80	80	1.0000000
NODE_310227_length_102_cov_1028.333333	52	102	0	50	50	1.0000000
NODE_310230_length_102_cov_987.666667	15	98	0	83	83	1.0000000
NODE_310231_length_102_cov_934.000000	12	95	0	83	83	1.0000000
NODE_310246_length_102_cov_685.666667	0	73	0	73	73	1.0000000
NODE_310247_length_102_cov_646.666667	15	89	0	74	74	1.0000000
NODE_310269_length_102_cov_250.000000	12	72	0	60	60	1.0000000
NODE_310273_length_102_cov_216.333333	4	70	0	66	66	1.0000000
NODE_310273_length_102_cov_216.333333	4	70	0	66	66	1.0000000
NODE_310273_length_102_cov_216.333333	4	70	0	66	66	1.0000000
NODE_310273_length_102_cov_216.333333	43	92	0	49	49	1.0000000
NODE_310273_length_102_cov_216.333333	57	102	0	45	45	1.0000000
NODE_310287_length_102_cov_152.333333	0	63	0	63	63	1.0000000
NODE_310295_length_102_cov_124.333333	0	70	0	70	70	1.0000000
NODE_310302_length_102_cov_106.333333	0	78	0	78	78	1.0000000
NODE_310302_length_102_cov_106.333333	7	78	0	71	71	1.0000000
NODE_310302_length_102_cov_106.333333	12	78	0	66	66	1.0000000
NODE_310302_length_102_cov_106.333333	51	102	0	51	51	1.0000000
NODE_310302_length_102_cov_106.333333	51	102	0	51	51	1.0000000
NODE_310302_length_102_cov_106.333333	51	102	0	51	51	1.0000000
NODE_310316_length_102_cov_74.333333	31	99	0	68	68	1.0000000
NODE_310321_length_102_cov_71.000000	11	91	0	80	80	1.0000000
NODE_310336_length_102_cov_32.666667	0	65	0	65	65	1.0000000
NODE_310336_length_102_cov_32.666667	38	99	0	61	61	1.0000000
NODE_310405_length_101_cov_2217.000000	0	43	0	43	43	1.0000000
NODE_310405_length_101_cov_2217.000000	23	96	0	73	73	1.0000000
NODE_310464_length_101_cov_740.500000	2	66	0	64	64	1.0000000
NODE_310464_length_101_cov_740.500000	2	66	0	64	64	1.0000000
NODE_310464_length_101_cov_740.500000	2	66	0	64	64	1.0000000
NODE_310464_length_101_cov_740.500000	39	101	0	62	62	1.0000000
NODE_310464_length_101_cov_740.500000	55	101	0	46	46	1.0000000
NODE_310469_length_101_cov_701.000000	0	62	0	62	62	1.0000000
NODE_310469_length_101_cov_701.000000	35	99	0	64	64	1.0000000
NODE_310469_length_101_cov_701.000000	35	99	0	64	64	1.0000000
NODE_310469_length_101_cov_701.000000	35	99	0	64	64	1.0000000
NODE_310471_length_101_cov_679.000000	2	76	0	74	74	1.0000000
NODE_310500_length_101_cov_374.500000	2	50	0	48	48	1.0000000
NODE_310500_length_101_cov_374.500000	2	50	0	48	48	1.0000000
NODE_310500_length_101_cov_374.500000	2	50	0	48	48	1.0000000
NODE_310500_length_101_cov_374.500000	23	89	0	66	66	1.0000000
NODE_310500_length_101_cov_374.500000	23	94	0	71	71	1.0000000
NODE_310516_length_101_cov_294.000000	4	52	0	48	48	1.0000000
NODE_310516_length_101_cov_294.000000	4	52	0	48	48	1.0000000
NODE_310516_length_101_cov_294.000000	4	52	0	48	48	1.0000000
NODE_310516_length_101_cov_294.000000	25	91	0	66	66	1.0000000
NODE_310516_length_101_cov_294.000000	25	96	0	71	71	1.0000000
NODE_310529_length_101_cov_230.500000	2	76	0	74	74	1.0000000
NODE_310529_length_101_cov_230.500000	2	76	0	74	74	1.0000000
NODE_310529_length_101_cov_230.500000	2	76	0	74	74	1.0000000
NODE_310529_length_101_cov_230.500000	49	101	0	52	52	1.0000000
NODE_310529_length_101_cov_230.500000	55	101	0	46	46	1.0000000
NODE_310550_length_101_cov_157.000000	13	72	0	59	59	1.0000000
NODE_310550_length_101_cov_157.000000	46	72	0	26	26	1.0000000
NODE_310565_length_101_cov_134.500000	2	37	0	35	35	1.0000000
NODE_310685_length_100_cov_1883.000000	32	100	0	68	68	1.0000000
NODE_310685_length_100_cov_1883.000000	32	100	0	68	68	1.0000000
NODE_310685_length_100_cov_1883.000000	32	99	0	67	67	1.0000000
NODE_310685_length_100_cov_1883.000000	32	100	0	68	68	1.0000000
NODE_310704_length_100_cov_1310.000000	0	42	0	42	42	1.0000000
NODE_310704_length_100_cov_1310.000000	1	42	0	41	41	1.0000000
NODE_310704_length_100_cov_1310.000000	38	100	0	62	62	1.0000000
NODE_310704_length_100_cov_1310.000000	38	95	0	57	57	1.0000000
NODE_310704_length_100_cov_1310.000000	38	100	0	62	62	1.0000000
NODE_310704_length_100_cov_1310.000000	38	100	0	62	62	1.0000000
NODE_310708_length_100_cov_1239.000000	1	48	0	47	47	1.0000000
NODE_310740_length_100_cov_694.000000	0	62	0	62	62	1.0000000
NODE_310740_length_100_cov_694.000000	0	62	0	62	62	1.0000000
NODE_310740_length_100_cov_694.000000	35	100	0	65	65	1.0000000
NODE_310748_length_100_cov_602.000000	0	57	0	57	57	1.0000000
NODE_310750_length_100_cov_590.000000	0	58	0	58	58	1.0000000
NODE_310798_length_100_cov_274.000000	1	67	0	66	66	1.0000000
NODE_310798_length_100_cov_274.000000	1	67	0	66	66	1.0000000
NODE_310798_length_100_cov_274.000000	1	67	0	66	66	1.0000000
NODE_310798_length_100_cov_274.000000	40	100	0	60	60	1.0000000
NODE_310798_length_100_cov_274.000000	54	100	0	46	46	1.0000000
NODE_310808_length_100_cov_217.000000	4	75	0	71	71	1.0000000
NODE_310808_length_100_cov_217.000000	9	75	0	66	66	1.0000000
NODE_310808_length_100_cov_217.000000	48	99	0	51	51	1.0000000
NODE_310808_length_100_cov_217.000000	48	99	0	51	51	1.0000000
NODE_310808_length_100_cov_217.000000	48	99	0	51	51	1.0000000
NODE_310810_length_100_cov_209.000000	1	44	0	43	43	1.0000000
NODE_310810_length_100_cov_209.000000	40	100	0	60	60	1.0000000
NODE_310810_length_100_cov_209.000000	40	100	0	60	60	1.0000000
NODE_310819_length_100_cov_185.000000	0	46	0	46	46	1.0000000
NODE_310819_length_100_cov_185.000000	9	58	0	49	49	1.0000000
NODE_310819_length_100_cov_185.000000	31	99	0	68	68	1.0000000
NODE_310819_length_100_cov_185.000000	31	99	0	68	68	1.0000000
NODE_310819_length_100_cov_185.000000	31	99	0	68	68	1.0000000
NODE_310828_length_100_cov_164.000000	9	92	0	83	83	1.0000000
NODE_310837_length_100_cov_152.000000	11	91	0	80	80	1.0000000
NODE_310837_length_100_cov_152.000000	11	91	0	80	80	1.0000000
NODE_310837_length_100_cov_152.000000	11	91	0	80	80	1.0000000
NODE_310837_length_100_cov_152.000000	11	91	0	80	80	1.0000000
NODE_310837_length_100_cov_152.000000	11	91	0	80	80	1.0000000
NODE_310839_length_100_cov_150.000000	0	54	0	54	54	1.0000000
NODE_310839_length_100_cov_150.000000	0	54	0	54	54	1.0000000
NODE_310839_length_100_cov_150.000000	27	100	0	73	73	1.0000000
NODE_310839_length_100_cov_150.000000	27	100	0	73	73	1.0000000
NODE_310840_length_100_cov_148.000000	2	82	0	80	80	1.0000000
NODE_310841_length_100_cov_148.000000	0	71	0	71	71	1.0000000
NODE_310841_length_100_cov_148.000000	0	71	0	71	71	1.0000000
NODE_310841_length_100_cov_148.000000	0	62	0	62	62	1.0000000
NODE_310876_length_100_cov_71.000000	0	75	0	75	75	1.0000000
NODE_310876_length_100_cov_71.000000	4	75	0	71	71	1.0000000
NODE_310876_length_100_cov_71.000000	9	75	0	66	66	1.0000000
NODE_310876_length_100_cov_71.000000	48	100	0	52	52	1.0000000
NODE_310876_length_100_cov_71.000000	48	100	0	52	52	1.0000000
NODE_310876_length_100_cov_71.000000	48	100	0	52	52	1.0000000
NODE_310896_length_100_cov_41.000000	0	75	0	75	75	1.0000000
NODE_310896_length_100_cov_41.000000	4	75	0	71	71	1.0000000
NODE_310896_length_100_cov_41.000000	9	75	0	66	66	1.0000000
NODE_310896_length_100_cov_41.000000	48	99	0	51	51	1.0000000
NODE_310896_length_100_cov_41.000000	48	99	0	51	51	1.0000000
NODE_310896_length_100_cov_41.000000	48	99	0	51	51	1.0000000
NODE_310904_length_100_cov_30.000000	1	42	0	41	41	1.0000000
