NODE_1_length_25698_cov_36.651041	315	395	0	8	80	0.1000000
NODE_1_length_25698_cov_36.651041	315	395	4	72	80	0.9000000
NODE_1_length_25698_cov_36.651041	368	403	0	8	35	0.2285714
NODE_1_length_25698_cov_36.651041	368	403	1	2	35	0.0571429
NODE_1_length_25698_cov_36.651041	368	403	2	6	35	0.1714286
NODE_1_length_25698_cov_36.651041	368	403	4	19	35	0.5428572
NODE_1_length_25698_cov_36.651041	24448	24494	0	46	46	1.0000000
NODE_2_length_24307_cov_15.119712	2613	2689	0	55	76	0.7236842
NODE_2_length_24307_cov_15.119712	2613	2689	2	21	76	0.2763158
NODE_2_length_24307_cov_15.119712	2662	2716	0	6	54	0.1111111
NODE_2_length_24307_cov_15.119712	2662	2716	2	48	54	0.8888889
NODE_2_length_24307_cov_15.119712	11257	11320	0	22	63	0.3492064
NODE_2_length_24307_cov_15.119712	11257	11320	1	41	63	0.6507937
NODE_2_length_24307_cov_15.119712	20621	20701	12	6	80	0.0750000
NODE_2_length_24307_cov_15.119712	20621	20701	14	30	80	0.3750000
NODE_2_length_24307_cov_15.119712	20621	20701	15	5	80	0.0625000
NODE_2_length_24307_cov_15.119712	20621	20701	17	39	80	0.4875000
NODE_2_length_24307_cov_15.119712	20674	20754	0	17	80	0.2125000
NODE_2_length_24307_cov_15.119712	20674	20754	10	33	80	0.4125000
NODE_2_length_24307_cov_15.119712	20674	20754	12	9	80	0.1125000
NODE_2_length_24307_cov_15.119712	20674	20754	14	21	80	0.2625000
NODE_7_length_12349_cov_28.144571	12251	12310	2	18	59	0.3050847
NODE_7_length_12349_cov_28.144571	12251	12310	4	3	59	0.0508475
NODE_7_length_12349_cov_28.144571	12251	12310	6	2	59	0.0338983
NODE_7_length_12349_cov_28.144571	12251	12310	8	17	59	0.2881356
NODE_7_length_12349_cov_28.144571	12251	12310	12	19	59	0.3220339
NODE_7_length_12349_cov_28.144571	12284	12310	2	18	26	0.6923077
NODE_7_length_12349_cov_28.144571	12284	12310	4	3	26	0.1153846
NODE_7_length_12349_cov_28.144571	12284	12310	6	2	26	0.0769231
NODE_7_length_12349_cov_28.144571	12284	12310	8	3	26	0.1153846
NODE_10_length_11096_cov_14.154679	6455	6535	0	80	80	1.0000000
NODE_10_length_11096_cov_14.154679	6508	6588	0	80	80	1.0000000
NODE_10_length_11096_cov_14.154679	6584	6664	0	80	80	1.0000000
NODE_10_length_11096_cov_14.154679	6637	6717	0	80	80	1.0000000
NODE_10_length_11096_cov_14.154679	7182	7229	208	1	47	0.0212766
NODE_10_length_11096_cov_14.154679	7182	7229	209	1	47	0.0212766
NODE_10_length_11096_cov_14.154679	7182	7229	210	3	47	0.0638298
NODE_10_length_11096_cov_14.154679	7182	7229	211	1	47	0.0212766
NODE_10_length_11096_cov_14.154679	7182	7229	213	2	47	0.0425532
NODE_10_length_11096_cov_14.154679	7182	7229	214	5	47	0.1063830
NODE_10_length_11096_cov_14.154679	7182	7229	215	2	47	0.0425532
NODE_10_length_11096_cov_14.154679	7182	7229	216	3	47	0.0638298
NODE_10_length_11096_cov_14.154679	7182	7229	217	4	47	0.0851064
NODE_10_length_11096_cov_14.154679	7182	7229	218	3	47	0.0638298
NODE_10_length_11096_cov_14.154679	7182	7229	219	3	47	0.0638298
NODE_10_length_11096_cov_14.154679	7182	7229	220	5	47	0.1063830
NODE_10_length_11096_cov_14.154679	7182	7229	221	2	47	0.0425532
NODE_10_length_11096_cov_14.154679	7182	7229	222	8	47	0.1702128
NODE_10_length_11096_cov_14.154679	7182	7229	224	2	47	0.0425532
NODE_10_length_11096_cov_14.154679	7182	7229	225	2	47	0.0425532
NODE_10_length_11096_cov_14.154679	7218	7282	117	1	64	0.0156250
NODE_10_length_11096_cov_14.154679	7218	7282	119	1	64	0.0156250
NODE_10_length_11096_cov_14.154679	7218	7282	120	2	64	0.0312500
NODE_10_length_11096_cov_14.154679	7218	7282	121	1	64	0.0156250
NODE_10_length_11096_cov_14.154679	7218	7282	122	3	64	0.0468750
NODE_10_length_11096_cov_14.154679	7218	7282	123	4	64	0.0625000
NODE_10_length_11096_cov_14.154679	7218	7282	126	2	64	0.0312500
NODE_10_length_11096_cov_14.154679	7218	7282	133	1	64	0.0156250
NODE_10_length_11096_cov_14.154679	7218	7282	135	1	64	0.0156250
NODE_10_length_11096_cov_14.154679	7218	7282	139	3	64	0.0468750
NODE_10_length_11096_cov_14.154679	7218	7282	143	2	64	0.0312500
NODE_10_length_11096_cov_14.154679	7218	7282	146	1	64	0.0156250
NODE_10_length_11096_cov_14.154679	7218	7282	147	1	64	0.0156250
NODE_10_length_11096_cov_14.154679	7218	7282	150	3	64	0.0468750
NODE_10_length_11096_cov_14.154679	7218	7282	152	4	64	0.0625000
NODE_10_length_11096_cov_14.154679	7218	7282	154	1	64	0.0156250
NODE_10_length_11096_cov_14.154679	7218	7282	182	1	64	0.0156250
NODE_10_length_11096_cov_14.154679	7218	7282	184	1	64	0.0156250
NODE_10_length_11096_cov_14.154679	7218	7282	186	1	64	0.0156250
NODE_10_length_11096_cov_14.154679	7218	7282	189	1	64	0.0156250
NODE_10_length_11096_cov_14.154679	7218	7282	191	1	64	0.0156250
NODE_10_length_11096_cov_14.154679	7218	7282	194	4	64	0.0625000
NODE_10_length_11096_cov_14.154679	7218	7282	195	2	64	0.0312500
NODE_10_length_11096_cov_14.154679	7218	7282	196	2	64	0.0312500
NODE_10_length_11096_cov_14.154679	7218	7282	197	4	64	0.0625000
NODE_10_length_11096_cov_14.154679	7218	7282	198	1	64	0.0156250
NODE_10_length_11096_cov_14.154679	7218	7282	202	1	64	0.0156250
NODE_10_length_11096_cov_14.154679	7218	7282	206	1	64	0.0156250
NODE_10_length_11096_cov_14.154679	7218	7282	208	1	64	0.0156250
NODE_10_length_11096_cov_14.154679	7218	7282	209	1	64	0.0156250
NODE_10_length_11096_cov_14.154679	7218	7282	210	3	64	0.0468750
NODE_10_length_11096_cov_14.154679	7218	7282	211	2	64	0.0312500
NODE_10_length_11096_cov_14.154679	7218	7282	213	2	64	0.0312500
NODE_10_length_11096_cov_14.154679	7218	7282	214	3	64	0.0468750
NODE_10_length_11096_cov_14.154679	7218	7282	216	1	64	0.0156250
NODE_13_length_10749_cov_34.330235	3589	3669	0	48	80	0.6000000
NODE_13_length_10749_cov_34.330235	3589	3669	2	32	80	0.4000000
NODE_13_length_10749_cov_34.330235	3642	3722	0	27	80	0.3375000
NODE_13_length_10749_cov_34.330235	3642	3722	4	53	80	0.6625000
NODE_13_length_10749_cov_34.330235	3718	3798	2	12	80	0.1500000
NODE_13_length_10749_cov_34.330235	3718	3798	4	39	80	0.4875000
NODE_13_length_10749_cov_34.330235	3718	3798	6	29	80	0.3625000
NODE_13_length_10749_cov_34.330235	3771	3851	0	1	80	0.0125000
NODE_13_length_10749_cov_34.330235	3771	3851	2	64	80	0.8000000
NODE_13_length_10749_cov_34.330235	3771	3851	6	15	80	0.1875000
NODE_14_length_10557_cov_50.055938	423	503	0	80	80	1.0000000
NODE_14_length_10557_cov_50.055938	476	556	0	80	80	1.0000000
NODE_14_length_10557_cov_50.055938	1625	1696	77	1	71	0.0140845
NODE_14_length_10557_cov_50.055938	1625	1696	79	1	71	0.0140845
NODE_14_length_10557_cov_50.055938	1625	1696	83	4	71	0.0563380
NODE_14_length_10557_cov_50.055938	1625	1696	85	1	71	0.0140845
NODE_14_length_10557_cov_50.055938	1625	1696	93	2	71	0.0281690
NODE_14_length_10557_cov_50.055938	1625	1696	96	2	71	0.0281690
NODE_14_length_10557_cov_50.055938	1625	1696	98	7	71	0.0985916
NODE_14_length_10557_cov_50.055938	1625	1696	99	2	71	0.0281690
NODE_14_length_10557_cov_50.055938	1625	1696	100	6	71	0.0845070
NODE_14_length_10557_cov_50.055938	1625	1696	102	1	71	0.0140845
NODE_14_length_10557_cov_50.055938	1625	1696	104	11	71	0.1549296
NODE_14_length_10557_cov_50.055938	1625	1696	105	2	71	0.0281690
NODE_14_length_10557_cov_50.055938	1625	1696	106	3	71	0.0422535
NODE_14_length_10557_cov_50.055938	1625	1696	108	2	71	0.0281690
NODE_14_length_10557_cov_50.055938	1625	1696	109	1	71	0.0140845
NODE_14_length_10557_cov_50.055938	1625	1696	110	5	71	0.0704225
NODE_14_length_10557_cov_50.055938	1625	1696	111	6	71	0.0845070
NODE_14_length_10557_cov_50.055938	1625	1696	112	6	71	0.0845070
NODE_14_length_10557_cov_50.055938	1625	1696	113	4	71	0.0563380
NODE_14_length_10557_cov_50.055938	1625	1696	114	4	71	0.0563380
NODE_14_length_10557_cov_50.055938	1678	1733	46	2	55	0.0363636
NODE_14_length_10557_cov_50.055938	1678	1733	50	1	55	0.0181818
NODE_14_length_10557_cov_50.055938	1678	1733	51	2	55	0.0363636
NODE_14_length_10557_cov_50.055938	1678	1733	53	1	55	0.0181818
NODE_14_length_10557_cov_50.055938	1678	1733	61	2	55	0.0363636
NODE_14_length_10557_cov_50.055938	1678	1733	62	2	55	0.0363636
NODE_14_length_10557_cov_50.055938	1678	1733	64	1	55	0.0181818
NODE_14_length_10557_cov_50.055938	1678	1733	67	1	55	0.0181818
NODE_14_length_10557_cov_50.055938	1678	1733	69	2	55	0.0363636
NODE_14_length_10557_cov_50.055938	1678	1733	70	4	55	0.0727273
NODE_14_length_10557_cov_50.055938	1678	1733	71	1	55	0.0181818
NODE_14_length_10557_cov_50.055938	1678	1733	72	4	55	0.0727273
NODE_14_length_10557_cov_50.055938	1678	1733	74	1	55	0.0181818
NODE_14_length_10557_cov_50.055938	1678	1733	82	1	55	0.0181818
NODE_14_length_10557_cov_50.055938	1678	1733	84	2	55	0.0363636
NODE_14_length_10557_cov_50.055938	1678	1733	85	1	55	0.0181818
NODE_14_length_10557_cov_50.055938	1678	1733	89	1	55	0.0181818
NODE_14_length_10557_cov_50.055938	1678	1733	91	1	55	0.0181818
NODE_14_length_10557_cov_50.055938	1678	1733	92	4	55	0.0727273
NODE_14_length_10557_cov_50.055938	1678	1733	93	1	55	0.0181818
NODE_14_length_10557_cov_50.055938	1678	1733	100	3	55	0.0545455
NODE_14_length_10557_cov_50.055938	1678	1733	104	7	55	0.1272727
NODE_14_length_10557_cov_50.055938	1678	1733	106	3	55	0.0545455
NODE_14_length_10557_cov_50.055938	1678	1733	109	1	55	0.0181818
NODE_14_length_10557_cov_50.055938	1678	1733	111	1	55	0.0181818
NODE_14_length_10557_cov_50.055938	1678	1733	112	1	55	0.0181818
NODE_14_length_10557_cov_50.055938	1678	1733	113	4	55	0.0727273
NODE_14_length_10557_cov_50.055938	2428	2488	85	1	60	0.0166667
NODE_14_length_10557_cov_50.055938	2428	2488	86	3	60	0.0500000
NODE_14_length_10557_cov_50.055938	2428	2488	88	2	60	0.0333333
NODE_14_length_10557_cov_50.055938	2428	2488	89	2	60	0.0333333
NODE_14_length_10557_cov_50.055938	2428	2488	91	2	60	0.0333333
NODE_14_length_10557_cov_50.055938	2428	2488	93	4	60	0.0666667
NODE_14_length_10557_cov_50.055938	2428	2488	95	1	60	0.0166667
NODE_14_length_10557_cov_50.055938	2428	2488	96	1	60	0.0166667
NODE_14_length_10557_cov_50.055938	2428	2488	104	2	60	0.0333333
NODE_14_length_10557_cov_50.055938	2428	2488	105	2	60	0.0333333
NODE_14_length_10557_cov_50.055938	2428	2488	107	2	60	0.0333333
NODE_14_length_10557_cov_50.055938	2428	2488	109	3	60	0.0500000
NODE_14_length_10557_cov_50.055938	2428	2488	111	2	60	0.0333333
NODE_14_length_10557_cov_50.055938	2428	2488	118	1	60	0.0166667
NODE_14_length_10557_cov_50.055938	2428	2488	121	2	60	0.0333333
NODE_14_length_10557_cov_50.055938	2428	2488	129	1	60	0.0166667
NODE_14_length_10557_cov_50.055938	2428	2488	133	3	60	0.0500000
NODE_14_length_10557_cov_50.055938	2428	2488	135	1	60	0.0166667
NODE_14_length_10557_cov_50.055938	2428	2488	136	1	60	0.0166667
NODE_14_length_10557_cov_50.055938	2428	2488	138	2	60	0.0333333
NODE_14_length_10557_cov_50.055938	2428	2488	139	2	60	0.0333333
NODE_14_length_10557_cov_50.055938	2428	2488	140	5	60	0.0833333
NODE_14_length_10557_cov_50.055938	2428	2488	141	1	60	0.0166667
NODE_14_length_10557_cov_50.055938	2428	2488	143	2	60	0.0333333
NODE_14_length_10557_cov_50.055938	2428	2488	145	4	60	0.0666667
NODE_14_length_10557_cov_50.055938	2428	2488	146	6	60	0.1000000
NODE_14_length_10557_cov_50.055938	2428	2488	147	2	60	0.0333333
NODE_17_length_10101_cov_12.236253	923	966	0	43	43	1.0000000
NODE_17_length_10101_cov_12.236253	943	1007	0	64	64	1.0000000
NODE_17_length_10101_cov_12.236253	1715	1795	0	80	80	1.0000000
NODE_17_length_10101_cov_12.236253	1768	1820	0	52	52	1.0000000
NODE_20_length_9442_cov_109.961147	2108	2188	107	1	80	0.0125000
NODE_20_length_9442_cov_109.961147	2108	2188	110	1	80	0.0125000
NODE_20_length_9442_cov_109.961147	2108	2188	120	1	80	0.0125000
NODE_20_length_9442_cov_109.961147	2108	2188	124	1	80	0.0125000
NODE_20_length_9442_cov_109.961147	2108	2188	125	2	80	0.0250000
NODE_20_length_9442_cov_109.961147	2108	2188	131	1	80	0.0125000
NODE_20_length_9442_cov_109.961147	2108	2188	144	1	80	0.0125000
NODE_20_length_9442_cov_109.961147	2108	2188	145	1	80	0.0125000
NODE_20_length_9442_cov_109.961147	2108	2188	147	1	80	0.0125000
NODE_20_length_9442_cov_109.961147	2108	2188	149	1	80	0.0125000
NODE_20_length_9442_cov_109.961147	2108	2188	165	1	80	0.0125000
NODE_20_length_9442_cov_109.961147	2108	2188	170	2	80	0.0250000
NODE_20_length_9442_cov_109.961147	2108	2188	177	2	80	0.0250000
NODE_20_length_9442_cov_109.961147	2108	2188	178	1	80	0.0125000
NODE_20_length_9442_cov_109.961147	2108	2188	185	1	80	0.0125000
NODE_20_length_9442_cov_109.961147	2108	2188	201	3	80	0.0375000
NODE_20_length_9442_cov_109.961147	2108	2188	206	1	80	0.0125000
NODE_20_length_9442_cov_109.961147	2108	2188	210	1	80	0.0125000
NODE_20_length_9442_cov_109.961147	2108	2188	215	1	80	0.0125000
NODE_20_length_9442_cov_109.961147	2108	2188	216	1	80	0.0125000
NODE_20_length_9442_cov_109.961147	2108	2188	222	1	80	0.0125000
NODE_20_length_9442_cov_109.961147	2108	2188	232	1	80	0.0125000
NODE_20_length_9442_cov_109.961147	2108	2188	234	1	80	0.0125000
NODE_20_length_9442_cov_109.961147	2108	2188	249	1	80	0.0125000
NODE_20_length_9442_cov_109.961147	2108	2188	253	1	80	0.0125000
NODE_20_length_9442_cov_109.961147	2108	2188	259	4	80	0.0500000
NODE_20_length_9442_cov_109.961147	2108	2188	271	2	80	0.0250000
NODE_20_length_9442_cov_109.961147	2108	2188	274	1	80	0.0125000
NODE_20_length_9442_cov_109.961147	2108	2188	306	1	80	0.0125000
NODE_20_length_9442_cov_109.961147	2108	2188	312	1	80	0.0125000
NODE_20_length_9442_cov_109.961147	2108	2188	316	2	80	0.0250000
NODE_20_length_9442_cov_109.961147	2108	2188	326	1	80	0.0125000
NODE_20_length_9442_cov_109.961147	2108	2188	328	1	80	0.0125000
NODE_20_length_9442_cov_109.961147	2108	2188	331	1	80	0.0125000
NODE_20_length_9442_cov_109.961147	2108	2188	334	1	80	0.0125000
NODE_20_length_9442_cov_109.961147	2108	2188	340	2	80	0.0250000
NODE_20_length_9442_cov_109.961147	2108	2188	341	1	80	0.0125000
NODE_20_length_9442_cov_109.961147	2108	2188	343	1	80	0.0125000
NODE_20_length_9442_cov_109.961147	2108	2188	345	3	80	0.0375000
NODE_20_length_9442_cov_109.961147	2108	2188	349	1	80	0.0125000
NODE_20_length_9442_cov_109.961147	2108	2188	351	2	80	0.0250000
NODE_20_length_9442_cov_109.961147	2108	2188	358	6	80	0.0750000
NODE_20_length_9442_cov_109.961147	2108	2188	359	2	80	0.0250000
NODE_20_length_9442_cov_109.961147	2108	2188	361	1	80	0.0125000
NODE_20_length_9442_cov_109.961147	2108	2188	364	1	80	0.0125000
NODE_20_length_9442_cov_109.961147	2108	2188	365	1	80	0.0125000
NODE_20_length_9442_cov_109.961147	2108	2188	366	3	80	0.0375000
NODE_20_length_9442_cov_109.961147	2108	2188	367	2	80	0.0250000
NODE_20_length_9442_cov_109.961147	2108	2188	368	1	80	0.0125000
NODE_20_length_9442_cov_109.961147	2108	2188	373	7	80	0.0875000
NODE_20_length_9442_cov_109.961147	2108	2188	376	1	80	0.0125000
NODE_20_length_9442_cov_109.961147	2161	2241	182	1	80	0.0125000
NODE_20_length_9442_cov_109.961147	2161	2241	198	1	80	0.0125000
NODE_20_length_9442_cov_109.961147	2161	2241	208	1	80	0.0125000
NODE_20_length_9442_cov_109.961147	2161	2241	210	1	80	0.0125000
NODE_20_length_9442_cov_109.961147	2161	2241	212	1	80	0.0125000
NODE_20_length_9442_cov_109.961147	2161	2241	221	1	80	0.0125000
NODE_20_length_9442_cov_109.961147	2161	2241	223	1	80	0.0125000
NODE_20_length_9442_cov_109.961147	2161	2241	227	2	80	0.0250000
NODE_20_length_9442_cov_109.961147	2161	2241	235	1	80	0.0125000
NODE_20_length_9442_cov_109.961147	2161	2241	237	2	80	0.0250000
NODE_20_length_9442_cov_109.961147	2161	2241	245	2	80	0.0250000
NODE_20_length_9442_cov_109.961147	2161	2241	247	1	80	0.0125000
NODE_20_length_9442_cov_109.961147	2161	2241	251	1	80	0.0125000
NODE_20_length_9442_cov_109.961147	2161	2241	256	1	80	0.0125000
NODE_20_length_9442_cov_109.961147	2161	2241	263	1	80	0.0125000
NODE_20_length_9442_cov_109.961147	2161	2241	264	1	80	0.0125000
NODE_20_length_9442_cov_109.961147	2161	2241	265	1	80	0.0125000
NODE_20_length_9442_cov_109.961147	2161	2241	303	1	80	0.0125000
NODE_20_length_9442_cov_109.961147	2161	2241	304	1	80	0.0125000
NODE_20_length_9442_cov_109.961147	2161	2241	312	2	80	0.0250000
NODE_20_length_9442_cov_109.961147	2161	2241	318	1	80	0.0125000
NODE_20_length_9442_cov_109.961147	2161	2241	319	1	80	0.0125000
NODE_20_length_9442_cov_109.961147	2161	2241	323	1	80	0.0125000
NODE_20_length_9442_cov_109.961147	2161	2241	333	2	80	0.0250000
NODE_20_length_9442_cov_109.961147	2161	2241	337	1	80	0.0125000
NODE_20_length_9442_cov_109.961147	2161	2241	351	3	80	0.0375000
NODE_20_length_9442_cov_109.961147	2161	2241	352	2	80	0.0250000
NODE_20_length_9442_cov_109.961147	2161	2241	358	6	80	0.0750000
NODE_20_length_9442_cov_109.961147	2161	2241	359	3	80	0.0375000
NODE_20_length_9442_cov_109.961147	2161	2241	361	4	80	0.0500000
NODE_20_length_9442_cov_109.961147	2161	2241	364	1	80	0.0125000
NODE_20_length_9442_cov_109.961147	2161	2241	365	4	80	0.0500000
NODE_20_length_9442_cov_109.961147	2161	2241	366	3	80	0.0375000
NODE_20_length_9442_cov_109.961147	2161	2241	367	2	80	0.0250000
NODE_20_length_9442_cov_109.961147	2161	2241	368	1	80	0.0125000
NODE_20_length_9442_cov_109.961147	2161	2241	369	1	80	0.0125000
NODE_20_length_9442_cov_109.961147	2161	2241	371	1	80	0.0125000
NODE_20_length_9442_cov_109.961147	2161	2241	373	8	80	0.1000000
NODE_20_length_9442_cov_109.961147	2161	2241	374	1	80	0.0125000
NODE_20_length_9442_cov_109.961147	2161	2241	376	4	80	0.0500000
NODE_20_length_9442_cov_109.961147	2161	2241	377	4	80	0.0500000
NODE_20_length_9442_cov_109.961147	2161	2241	378	2	80	0.0250000
NODE_21_length_9414_cov_34.165217	2363	2443	92	1	80	0.0125000
NODE_21_length_9414_cov_34.165217	2363	2443	95	2	80	0.0250000
NODE_21_length_9414_cov_34.165217	2363	2443	99	2	80	0.0250000
NODE_21_length_9414_cov_34.165217	2363	2443	101	6	80	0.0750000
NODE_21_length_9414_cov_34.165217	2363	2443	102	3	80	0.0375000
NODE_21_length_9414_cov_34.165217	2363	2443	103	4	80	0.0500000
NODE_21_length_9414_cov_34.165217	2363	2443	104	4	80	0.0500000
NODE_21_length_9414_cov_34.165217	2363	2443	106	15	80	0.1875000
NODE_21_length_9414_cov_34.165217	2363	2443	107	7	80	0.0875000
NODE_21_length_9414_cov_34.165217	2363	2443	108	36	80	0.4500000
NODE_21_length_9414_cov_34.165217	2416	2484	4	1	68	0.0147059
NODE_21_length_9414_cov_34.165217	2416	2484	9	9	68	0.1323529
NODE_21_length_9414_cov_34.165217	2416	2484	11	3	68	0.0441176
NODE_21_length_9414_cov_34.165217	2416	2484	18	3	68	0.0441176
NODE_21_length_9414_cov_34.165217	2416	2484	20	2	68	0.0294118
NODE_21_length_9414_cov_34.165217	2416	2484	22	2	68	0.0294118
NODE_21_length_9414_cov_34.165217	2416	2484	24	2	68	0.0294118
NODE_21_length_9414_cov_34.165217	2416	2484	56	1	68	0.0147059
NODE_21_length_9414_cov_34.165217	2416	2484	60	2	68	0.0294118
NODE_21_length_9414_cov_34.165217	2416	2484	61	1	68	0.0147059
NODE_21_length_9414_cov_34.165217	2416	2484	65	3	68	0.0441176
NODE_21_length_9414_cov_34.165217	2416	2484	67	3	68	0.0441176
NODE_21_length_9414_cov_34.165217	2416	2484	71	2	68	0.0294118
NODE_21_length_9414_cov_34.165217	2416	2484	72	2	68	0.0294118
NODE_21_length_9414_cov_34.165217	2416	2484	74	1	68	0.0147059
NODE_21_length_9414_cov_34.165217	2416	2484	86	4	68	0.0588235
NODE_21_length_9414_cov_34.165217	2416	2484	92	1	68	0.0147059
NODE_21_length_9414_cov_34.165217	2416	2484	95	2	68	0.0294118
NODE_21_length_9414_cov_34.165217	2416	2484	99	2	68	0.0294118
NODE_21_length_9414_cov_34.165217	2416	2484	101	6	68	0.0882353
NODE_21_length_9414_cov_34.165217	2416	2484	103	4	68	0.0588235
NODE_21_length_9414_cov_34.165217	2416	2484	106	11	68	0.1617647
NODE_21_length_9414_cov_34.165217	2416	2484	107	1	68	0.0147059
NODE_21_length_9414_cov_34.165217	5899	5975	32	4	76	0.0526316
NODE_21_length_9414_cov_34.165217	5899	5975	34	1	76	0.0131579
NODE_21_length_9414_cov_34.165217	5899	5975	36	1	76	0.0131579
NODE_21_length_9414_cov_34.165217	5899	5975	42	6	76	0.0789474
NODE_21_length_9414_cov_34.165217	5899	5975	47	2	76	0.0263158
NODE_21_length_9414_cov_34.165217	5899	5975	51	1	76	0.0131579
NODE_21_length_9414_cov_34.165217	5899	5975	54	1	76	0.0131579
NODE_21_length_9414_cov_34.165217	5899	5975	56	4	76	0.0526316
NODE_21_length_9414_cov_34.165217	5899	5975	57	1	76	0.0131579
NODE_21_length_9414_cov_34.165217	5899	5975	58	2	76	0.0263158
NODE_21_length_9414_cov_34.165217	5899	5975	60	3	76	0.0394737
NODE_21_length_9414_cov_34.165217	5899	5975	64	2	76	0.0263158
NODE_21_length_9414_cov_34.165217	5899	5975	65	3	76	0.0394737
NODE_21_length_9414_cov_34.165217	5899	5975	67	25	76	0.3289474
NODE_21_length_9414_cov_34.165217	5899	5975	69	3	76	0.0394737
NODE_21_length_9414_cov_34.165217	5899	5975	71	17	76	0.2236842
NODE_24_length_9168_cov_47.407542	470	550	69	3	80	0.0375000
NODE_24_length_9168_cov_47.407542	470	550	71	3	80	0.0375000
NODE_24_length_9168_cov_47.407542	470	550	77	5	80	0.0625000
NODE_24_length_9168_cov_47.407542	470	550	79	8	80	0.1000000
NODE_24_length_9168_cov_47.407542	470	550	81	2	80	0.0250000
NODE_24_length_9168_cov_47.407542	470	550	82	5	80	0.0625000
NODE_24_length_9168_cov_47.407542	470	550	83	3	80	0.0375000
NODE_24_length_9168_cov_47.407542	470	550	86	4	80	0.0500000
NODE_24_length_9168_cov_47.407542	470	550	87	7	80	0.0875000
NODE_24_length_9168_cov_47.407542	470	550	90	4	80	0.0500000
NODE_24_length_9168_cov_47.407542	470	550	92	10	80	0.1250000
NODE_24_length_9168_cov_47.407542	470	550	94	4	80	0.0500000
NODE_24_length_9168_cov_47.407542	470	550	96	1	80	0.0125000
NODE_24_length_9168_cov_47.407542	470	550	97	5	80	0.0625000
NODE_24_length_9168_cov_47.407542	470	550	98	4	80	0.0500000
NODE_24_length_9168_cov_47.407542	470	550	99	3	80	0.0375000
NODE_24_length_9168_cov_47.407542	470	550	101	6	80	0.0750000
NODE_24_length_9168_cov_47.407542	470	550	103	3	80	0.0375000
NODE_24_length_9168_cov_47.407542	523	603	57	7	80	0.0875000
NODE_24_length_9168_cov_47.407542	523	603	59	8	80	0.1000000
NODE_24_length_9168_cov_47.407542	523	603	61	3	80	0.0375000
NODE_24_length_9168_cov_47.407542	523	603	67	5	80	0.0625000
NODE_24_length_9168_cov_47.407542	523	603	68	4	80	0.0500000
NODE_24_length_9168_cov_47.407542	523	603	77	2	80	0.0250000
NODE_24_length_9168_cov_47.407542	523	603	78	2	80	0.0250000
NODE_24_length_9168_cov_47.407542	523	603	81	19	80	0.2375000
NODE_24_length_9168_cov_47.407542	523	603	82	5	80	0.0625000
NODE_24_length_9168_cov_47.407542	523	603	83	3	80	0.0375000
NODE_24_length_9168_cov_47.407542	523	603	86	1	80	0.0125000
NODE_24_length_9168_cov_47.407542	523	603	87	7	80	0.0875000
NODE_24_length_9168_cov_47.407542	523	603	90	3	80	0.0375000
NODE_24_length_9168_cov_47.407542	523	603	92	7	80	0.0875000
NODE_24_length_9168_cov_47.407542	523	603	94	4	80	0.0500000
NODE_27_length_9108_cov_47.430347	4786	4866	109	2	80	0.0250000
NODE_27_length_9108_cov_47.430347	4786	4866	110	2	80	0.0250000
NODE_27_length_9108_cov_47.430347	4786	4866	112	1	80	0.0125000
NODE_27_length_9108_cov_47.430347	4786	4866	114	1	80	0.0125000
NODE_27_length_9108_cov_47.430347	4786	4866	116	1	80	0.0125000
NODE_27_length_9108_cov_47.430347	4786	4866	118	1	80	0.0125000
NODE_27_length_9108_cov_47.430347	4786	4866	119	7	80	0.0875000
NODE_27_length_9108_cov_47.430347	4786	4866	120	3	80	0.0375000
NODE_27_length_9108_cov_47.430347	4786	4866	124	5	80	0.0625000
NODE_27_length_9108_cov_47.430347	4786	4866	125	3	80	0.0375000
NODE_27_length_9108_cov_47.430347	4786	4866	132	2	80	0.0250000
NODE_27_length_9108_cov_47.430347	4786	4866	134	1	80	0.0125000
NODE_27_length_9108_cov_47.430347	4786	4866	135	1	80	0.0125000
NODE_27_length_9108_cov_47.430347	4786	4866	136	1	80	0.0125000
NODE_27_length_9108_cov_47.430347	4786	4866	139	1	80	0.0125000
NODE_27_length_9108_cov_47.430347	4786	4866	141	1	80	0.0125000
NODE_27_length_9108_cov_47.430347	4786	4866	143	2	80	0.0250000
NODE_27_length_9108_cov_47.430347	4786	4866	145	1	80	0.0125000
NODE_27_length_9108_cov_47.430347	4786	4866	149	1	80	0.0125000
NODE_27_length_9108_cov_47.430347	4786	4866	153	5	80	0.0625000
NODE_27_length_9108_cov_47.430347	4786	4866	159	1	80	0.0125000
NODE_27_length_9108_cov_47.430347	4786	4866	161	2	80	0.0250000
NODE_27_length_9108_cov_47.430347	4786	4866	163	2	80	0.0250000
NODE_27_length_9108_cov_47.430347	4786	4866	165	1	80	0.0125000
NODE_27_length_9108_cov_47.430347	4786	4866	167	4	80	0.0500000
NODE_27_length_9108_cov_47.430347	4786	4866	171	4	80	0.0500000
NODE_27_length_9108_cov_47.430347	4786	4866	172	2	80	0.0250000
NODE_27_length_9108_cov_47.430347	4786	4866	173	1	80	0.0125000
NODE_27_length_9108_cov_47.430347	4786	4866	174	2	80	0.0250000
NODE_27_length_9108_cov_47.430347	4786	4866	175	1	80	0.0125000
NODE_27_length_9108_cov_47.430347	4786	4866	182	1	80	0.0125000
NODE_27_length_9108_cov_47.430347	4786	4866	190	2	80	0.0250000
NODE_27_length_9108_cov_47.430347	4786	4866	191	2	80	0.0250000
NODE_27_length_9108_cov_47.430347	4786	4866	192	1	80	0.0125000
NODE_27_length_9108_cov_47.430347	4786	4866	193	1	80	0.0125000
NODE_27_length_9108_cov_47.430347	4786	4866	194	2	80	0.0250000
NODE_27_length_9108_cov_47.430347	4786	4866	195	1	80	0.0125000
NODE_27_length_9108_cov_47.430347	4786	4866	197	2	80	0.0250000
NODE_27_length_9108_cov_47.430347	4786	4866	198	4	80	0.0500000
NODE_27_length_9108_cov_47.430347	4786	4866	199	2	80	0.0250000
NODE_27_length_9108_cov_47.430347	4839	4902	171	3	63	0.0476190
NODE_27_length_9108_cov_47.430347	4839	4902	172	2	63	0.0317460
NODE_27_length_9108_cov_47.430347	4839	4902	173	1	63	0.0158730
NODE_27_length_9108_cov_47.430347	4839	4902	174	2	63	0.0317460
NODE_27_length_9108_cov_47.430347	4839	4902	175	2	63	0.0317460
NODE_27_length_9108_cov_47.430347	4839	4902	177	1	63	0.0158730
NODE_27_length_9108_cov_47.430347	4839	4902	179	3	63	0.0476190
NODE_27_length_9108_cov_47.430347	4839	4902	182	1	63	0.0158730
NODE_27_length_9108_cov_47.430347	4839	4902	183	2	63	0.0317460
NODE_27_length_9108_cov_47.430347	4839	4902	184	1	63	0.0158730
NODE_27_length_9108_cov_47.430347	4839	4902	185	1	63	0.0158730
NODE_27_length_9108_cov_47.430347	4839	4902	190	4	63	0.0634921
NODE_27_length_9108_cov_47.430347	4839	4902	191	3	63	0.0476190
NODE_27_length_9108_cov_47.430347	4839	4902	192	3	63	0.0476190
NODE_27_length_9108_cov_47.430347	4839	4902	193	1	63	0.0158730
NODE_27_length_9108_cov_47.430347	4839	4902	194	7	63	0.1111111
NODE_27_length_9108_cov_47.430347	4839	4902	195	3	63	0.0476190
NODE_27_length_9108_cov_47.430347	4839	4902	196	1	63	0.0158730
NODE_27_length_9108_cov_47.430347	4839	4902	197	2	63	0.0317460
NODE_27_length_9108_cov_47.430347	4839	4902	198	4	63	0.0634921
NODE_27_length_9108_cov_47.430347	4839	4902	199	5	63	0.0793651
NODE_27_length_9108_cov_47.430347	4839	4902	200	1	63	0.0158730
NODE_27_length_9108_cov_47.430347	4839	4902	202	6	63	0.0952381
NODE_27_length_9108_cov_47.430347	4839	4902	206	1	63	0.0158730
NODE_27_length_9108_cov_47.430347	4839	4902	207	1	63	0.0158730
NODE_27_length_9108_cov_47.430347	4839	4902	208	1	63	0.0158730
NODE_27_length_9108_cov_47.430347	4839	4902	210	1	63	0.0158730
NODE_27_length_9108_cov_47.430347	4895	4963	124	1	68	0.0147059
NODE_27_length_9108_cov_47.430347	4895	4963	129	1	68	0.0147059
NODE_27_length_9108_cov_47.430347	4895	4963	131	2	68	0.0294118
NODE_27_length_9108_cov_47.430347	4895	4963	132	2	68	0.0294118
NODE_27_length_9108_cov_47.430347	4895	4963	134	1	68	0.0147059
NODE_27_length_9108_cov_47.430347	4895	4963	138	1	68	0.0147059
NODE_27_length_9108_cov_47.430347	4895	4963	142	1	68	0.0147059
NODE_27_length_9108_cov_47.430347	4895	4963	146	3	68	0.0441176
NODE_27_length_9108_cov_47.430347	4895	4963	148	1	68	0.0147059
NODE_27_length_9108_cov_47.430347	4895	4963	151	5	68	0.0735294
NODE_27_length_9108_cov_47.430347	4895	4963	153	1	68	0.0147059
NODE_27_length_9108_cov_47.430347	4895	4963	154	4	68	0.0588235
NODE_27_length_9108_cov_47.430347	4895	4963	158	3	68	0.0441176
NODE_27_length_9108_cov_47.430347	4895	4963	160	1	68	0.0147059
NODE_27_length_9108_cov_47.430347	4895	4963	162	1	68	0.0147059
NODE_27_length_9108_cov_47.430347	4895	4963	163	1	68	0.0147059
NODE_27_length_9108_cov_47.430347	4895	4963	166	2	68	0.0294118
NODE_27_length_9108_cov_47.430347	4895	4963	167	1	68	0.0147059
NODE_27_length_9108_cov_47.430347	4895	4963	168	1	68	0.0147059
NODE_27_length_9108_cov_47.430347	4895	4963	169	2	68	0.0294118
NODE_27_length_9108_cov_47.430347	4895	4963	173	2	68	0.0294118
NODE_27_length_9108_cov_47.430347	4895	4963	174	2	68	0.0294118
NODE_27_length_9108_cov_47.430347	4895	4963	175	2	68	0.0294118
NODE_27_length_9108_cov_47.430347	4895	4963	177	1	68	0.0147059
NODE_27_length_9108_cov_47.430347	4895	4963	181	2	68	0.0294118
NODE_27_length_9108_cov_47.430347	4895	4963	184	6	68	0.0882353
NODE_27_length_9108_cov_47.430347	4895	4963	185	2	68	0.0294118
NODE_27_length_9108_cov_47.430347	4895	4963	186	1	68	0.0147059
NODE_27_length_9108_cov_47.430347	4895	4963	188	3	68	0.0441176
NODE_27_length_9108_cov_47.430347	4895	4963	190	2	68	0.0294118
NODE_27_length_9108_cov_47.430347	4895	4963	192	3	68	0.0441176
NODE_27_length_9108_cov_47.430347	4895	4963	193	1	68	0.0147059
NODE_27_length_9108_cov_47.430347	4895	4963	194	1	68	0.0147059
NODE_27_length_9108_cov_47.430347	4895	4963	196	1	68	0.0147059
NODE_27_length_9108_cov_47.430347	4895	4963	199	1	68	0.0147059
NODE_27_length_9108_cov_47.430347	4895	4963	207	1	68	0.0147059
NODE_27_length_9108_cov_47.430347	4895	4963	208	1	68	0.0147059
NODE_27_length_9108_cov_47.430347	4895	4963	210	1	68	0.0147059
NODE_27_length_9108_cov_47.430347	4936	5016	21	1	80	0.0125000
NODE_27_length_9108_cov_47.430347	4936	5016	23	3	80	0.0375000
NODE_27_length_9108_cov_47.430347	4936	5016	27	1	80	0.0125000
NODE_27_length_9108_cov_47.430347	4936	5016	32	1	80	0.0125000
NODE_27_length_9108_cov_47.430347	4936	5016	34	1	80	0.0125000
NODE_27_length_9108_cov_47.430347	4936	5016	41	3	80	0.0375000
NODE_27_length_9108_cov_47.430347	4936	5016	45	2	80	0.0250000
NODE_27_length_9108_cov_47.430347	4936	5016	48	2	80	0.0250000
NODE_27_length_9108_cov_47.430347	4936	5016	49	2	80	0.0250000
NODE_27_length_9108_cov_47.430347	4936	5016	55	1	80	0.0125000
NODE_27_length_9108_cov_47.430347	4936	5016	61	1	80	0.0125000
NODE_27_length_9108_cov_47.430347	4936	5016	76	1	80	0.0125000
NODE_27_length_9108_cov_47.430347	4936	5016	84	1	80	0.0125000
NODE_27_length_9108_cov_47.430347	4936	5016	86	1	80	0.0125000
NODE_27_length_9108_cov_47.430347	4936	5016	88	7	80	0.0875000
NODE_27_length_9108_cov_47.430347	4936	5016	90	5	80	0.0625000
NODE_27_length_9108_cov_47.430347	4936	5016	92	1	80	0.0125000
NODE_27_length_9108_cov_47.430347	4936	5016	94	1	80	0.0125000
NODE_27_length_9108_cov_47.430347	4936	5016	96	1	80	0.0125000
NODE_27_length_9108_cov_47.430347	4936	5016	97	1	80	0.0125000
NODE_27_length_9108_cov_47.430347	4936	5016	98	1	80	0.0125000
NODE_27_length_9108_cov_47.430347	4936	5016	102	1	80	0.0125000
NODE_27_length_9108_cov_47.430347	4936	5016	103	2	80	0.0250000
NODE_27_length_9108_cov_47.430347	4936	5016	105	3	80	0.0375000
NODE_27_length_9108_cov_47.430347	4936	5016	106	1	80	0.0125000
NODE_27_length_9108_cov_47.430347	4936	5016	110	2	80	0.0250000
NODE_27_length_9108_cov_47.430347	4936	5016	112	1	80	0.0125000
NODE_27_length_9108_cov_47.430347	4936	5016	118	3	80	0.0375000
NODE_27_length_9108_cov_47.430347	4936	5016	120	2	80	0.0250000
NODE_27_length_9108_cov_47.430347	4936	5016	124	1	80	0.0125000
NODE_27_length_9108_cov_47.430347	4936	5016	129	1	80	0.0125000
NODE_27_length_9108_cov_47.430347	4936	5016	131	2	80	0.0250000
NODE_27_length_9108_cov_47.430347	4936	5016	132	2	80	0.0250000
NODE_27_length_9108_cov_47.430347	4936	5016	134	1	80	0.0125000
NODE_27_length_9108_cov_47.430347	4936	5016	138	1	80	0.0125000
NODE_27_length_9108_cov_47.430347	4936	5016	142	1	80	0.0125000
NODE_27_length_9108_cov_47.430347	4936	5016	146	3	80	0.0375000
NODE_27_length_9108_cov_47.430347	4936	5016	148	1	80	0.0125000
NODE_27_length_9108_cov_47.430347	4936	5016	151	5	80	0.0625000
NODE_27_length_9108_cov_47.430347	4936	5016	153	1	80	0.0125000
NODE_27_length_9108_cov_47.430347	4936	5016	154	4	80	0.0500000
NODE_27_length_9108_cov_47.430347	4936	5016	158	3	80	0.0375000
NODE_27_length_9108_cov_47.430347	4936	5016	160	1	80	0.0125000
NODE_28_length_9108_cov_26.469974	44	120	0	76	76	1.0000000
NODE_28_length_9108_cov_26.469974	7711	7791	4	1	80	0.0125000
NODE_28_length_9108_cov_26.469974	7711	7791	11	1	80	0.0125000
NODE_28_length_9108_cov_26.469974	7711	7791	12	2	80	0.0250000
NODE_28_length_9108_cov_26.469974	7711	7791	16	8	80	0.1000000
NODE_28_length_9108_cov_26.469974	7711	7791	20	1	80	0.0125000
NODE_28_length_9108_cov_26.469974	7711	7791	24	3	80	0.0375000
NODE_28_length_9108_cov_26.469974	7711	7791	26	3	80	0.0375000
NODE_28_length_9108_cov_26.469974	7711	7791	30	1	80	0.0125000
NODE_28_length_9108_cov_26.469974	7711	7791	32	2	80	0.0250000
NODE_28_length_9108_cov_26.469974	7711	7791	34	2	80	0.0250000
NODE_28_length_9108_cov_26.469974	7711	7791	36	8	80	0.1000000
NODE_28_length_9108_cov_26.469974	7711	7791	38	2	80	0.0250000
NODE_28_length_9108_cov_26.469974	7711	7791	40	5	80	0.0625000
NODE_28_length_9108_cov_26.469974	7711	7791	42	2	80	0.0250000
NODE_28_length_9108_cov_26.469974	7711	7791	44	20	80	0.2500000
NODE_28_length_9108_cov_26.469974	7711	7791	48	3	80	0.0375000
NODE_28_length_9108_cov_26.469974	7711	7791	50	4	80	0.0500000
NODE_28_length_9108_cov_26.469974	7711	7791	51	7	80	0.0875000
NODE_28_length_9108_cov_26.469974	7711	7791	53	5	80	0.0625000
NODE_28_length_9108_cov_26.469974	8144	8224	22	1	80	0.0125000
NODE_28_length_9108_cov_26.469974	8144	8224	30	3	80	0.0375000
NODE_28_length_9108_cov_26.469974	8144	8224	31	1	80	0.0125000
NODE_28_length_9108_cov_26.469974	8144	8224	33	2	80	0.0250000
NODE_28_length_9108_cov_26.469974	8144	8224	35	1	80	0.0125000
NODE_28_length_9108_cov_26.469974	8144	8224	37	3	80	0.0375000
NODE_28_length_9108_cov_26.469974	8144	8224	40	3	80	0.0375000
NODE_28_length_9108_cov_26.469974	8144	8224	44	3	80	0.0375000
NODE_28_length_9108_cov_26.469974	8144	8224	46	3	80	0.0375000
NODE_28_length_9108_cov_26.469974	8144	8224	47	1	80	0.0125000
NODE_28_length_9108_cov_26.469974	8144	8224	49	1	80	0.0125000
NODE_28_length_9108_cov_26.469974	8144	8224	51	5	80	0.0625000
NODE_28_length_9108_cov_26.469974	8144	8224	55	2	80	0.0250000
NODE_28_length_9108_cov_26.469974	8144	8224	56	6	80	0.0750000
NODE_28_length_9108_cov_26.469974	8144	8224	57	5	80	0.0625000
NODE_28_length_9108_cov_26.469974	8144	8224	59	1	80	0.0125000
NODE_28_length_9108_cov_26.469974	8144	8224	61	1	80	0.0125000
NODE_28_length_9108_cov_26.469974	8144	8224	63	4	80	0.0500000
NODE_28_length_9108_cov_26.469974	8144	8224	65	1	80	0.0125000
NODE_28_length_9108_cov_26.469974	8144	8224	67	7	80	0.0875000
NODE_28_length_9108_cov_26.469974	8144	8224	69	7	80	0.0875000
NODE_28_length_9108_cov_26.469974	8144	8224	71	17	80	0.2125000
NODE_28_length_9108_cov_26.469974	8144	8224	72	2	80	0.0250000
NODE_28_length_9108_cov_26.469974	8568	8648	0	80	80	1.0000000
NODE_28_length_9108_cov_26.469974	8621	8701	0	80	80	1.0000000
NODE_30_length_8743_cov_14.172721	7849	7929	87	1	80	0.0125000
NODE_30_length_8743_cov_14.172721	7849	7929	91	1	80	0.0125000
NODE_30_length_8743_cov_14.172721	7849	7929	94	1	80	0.0125000
NODE_30_length_8743_cov_14.172721	7849	7929	100	1	80	0.0125000
NODE_30_length_8743_cov_14.172721	7849	7929	108	1	80	0.0125000
NODE_30_length_8743_cov_14.172721	7849	7929	114	1	80	0.0125000
NODE_30_length_8743_cov_14.172721	7849	7929	116	1	80	0.0125000
NODE_30_length_8743_cov_14.172721	7849	7929	120	1	80	0.0125000
NODE_30_length_8743_cov_14.172721	7849	7929	125	1	80	0.0125000
NODE_30_length_8743_cov_14.172721	7849	7929	133	1	80	0.0125000
NODE_30_length_8743_cov_14.172721	7849	7929	137	7	80	0.0875000
NODE_30_length_8743_cov_14.172721	7849	7929	142	5	80	0.0625000
NODE_30_length_8743_cov_14.172721	7849	7929	143	5	80	0.0625000
NODE_30_length_8743_cov_14.172721	7849	7929	144	11	80	0.1375000
NODE_30_length_8743_cov_14.172721	7849	7929	145	6	80	0.0750000
NODE_30_length_8743_cov_14.172721	7849	7929	146	1	80	0.0125000
NODE_30_length_8743_cov_14.172721	7849	7929	147	5	80	0.0625000
NODE_30_length_8743_cov_14.172721	7849	7929	148	30	80	0.3750000
NODE_30_length_8743_cov_14.172721	7902	7964	17	1	62	0.0161290
NODE_30_length_8743_cov_14.172721	7902	7964	21	2	62	0.0322581
NODE_30_length_8743_cov_14.172721	7902	7964	27	1	62	0.0161290
NODE_30_length_8743_cov_14.172721	7902	7964	28	1	62	0.0161290
NODE_30_length_8743_cov_14.172721	7902	7964	32	1	62	0.0161290
NODE_30_length_8743_cov_14.172721	7902	7964	34	1	62	0.0161290
NODE_30_length_8743_cov_14.172721	7902	7964	40	1	62	0.0161290
NODE_30_length_8743_cov_14.172721	7902	7964	42	2	62	0.0322581
NODE_30_length_8743_cov_14.172721	7902	7964	44	1	62	0.0161290
NODE_30_length_8743_cov_14.172721	7902	7964	46	2	62	0.0322581
NODE_30_length_8743_cov_14.172721	7902	7964	48	2	62	0.0322581
NODE_30_length_8743_cov_14.172721	7902	7964	50	2	62	0.0322581
NODE_30_length_8743_cov_14.172721	7902	7964	52	3	62	0.0483871
NODE_30_length_8743_cov_14.172721	7902	7964	60	1	62	0.0161290
NODE_30_length_8743_cov_14.172721	7902	7964	64	5	62	0.0806452
NODE_30_length_8743_cov_14.172721	7902	7964	70	1	62	0.0161290
NODE_30_length_8743_cov_14.172721	7902	7964	72	1	62	0.0161290
NODE_30_length_8743_cov_14.172721	7902	7964	78	2	62	0.0322581
NODE_30_length_8743_cov_14.172721	7902	7964	80	2	62	0.0322581
NODE_30_length_8743_cov_14.172721	7902	7964	83	1	62	0.0161290
NODE_30_length_8743_cov_14.172721	7902	7964	85	2	62	0.0322581
NODE_30_length_8743_cov_14.172721	7902	7964	87	1	62	0.0161290
NODE_30_length_8743_cov_14.172721	7902	7964	91	1	62	0.0161290
NODE_30_length_8743_cov_14.172721	7902	7964	94	1	62	0.0161290
NODE_30_length_8743_cov_14.172721	7902	7964	100	1	62	0.0161290
NODE_30_length_8743_cov_14.172721	7902	7964	108	1	62	0.0161290
NODE_30_length_8743_cov_14.172721	7902	7964	114	1	62	0.0161290
NODE_30_length_8743_cov_14.172721	7902	7964	116	1	62	0.0161290
NODE_30_length_8743_cov_14.172721	7902	7964	120	1	62	0.0161290
NODE_30_length_8743_cov_14.172721	7902	7964	125	1	62	0.0161290
NODE_30_length_8743_cov_14.172721	7902	7964	133	1	62	0.0161290
NODE_30_length_8743_cov_14.172721	7902	7964	137	7	62	0.1129032
NODE_30_length_8743_cov_14.172721	7902	7964	142	5	62	0.0806452
NODE_30_length_8743_cov_14.172721	7902	7964	144	3	62	0.0483871
NODE_30_length_8743_cov_14.172721	7902	7964	145	2	62	0.0322581
NODE_32_length_8707_cov_6.353044	8541	8621	14	4	80	0.0500000
NODE_32_length_8707_cov_6.353044	8541	8621	22	2	80	0.0250000
NODE_32_length_8707_cov_6.353044	8541	8621	28	7	80	0.0875000
NODE_32_length_8707_cov_6.353044	8541	8621	30	1	80	0.0125000
NODE_32_length_8707_cov_6.353044	8541	8621	32	2	80	0.0250000
NODE_32_length_8707_cov_6.353044	8541	8621	46	1	80	0.0125000
NODE_32_length_8707_cov_6.353044	8541	8621	50	1	80	0.0125000
NODE_32_length_8707_cov_6.353044	8541	8621	57	2	80	0.0250000
NODE_32_length_8707_cov_6.353044	8541	8621	59	1	80	0.0125000
NODE_32_length_8707_cov_6.353044	8541	8621	63	1	80	0.0125000
NODE_32_length_8707_cov_6.353044	8541	8621	64	5	80	0.0625000
NODE_32_length_8707_cov_6.353044	8541	8621	66	4	80	0.0500000
NODE_32_length_8707_cov_6.353044	8541	8621	68	2	80	0.0250000
NODE_32_length_8707_cov_6.353044	8541	8621	72	2	80	0.0250000
NODE_32_length_8707_cov_6.353044	8541	8621	74	1	80	0.0125000
NODE_32_length_8707_cov_6.353044	8541	8621	76	2	80	0.0250000
NODE_32_length_8707_cov_6.353044	8541	8621	78	8	80	0.1000000
NODE_32_length_8707_cov_6.353044	8541	8621	82	3	80	0.0375000
NODE_32_length_8707_cov_6.353044	8541	8621	84	7	80	0.0875000
NODE_32_length_8707_cov_6.353044	8541	8621	90	20	80	0.2500000
NODE_32_length_8707_cov_6.353044	8541	8621	92	4	80	0.0500000
NODE_32_length_8707_cov_6.353044	8541	8621	14	4	80	0.0500000
NODE_32_length_8707_cov_6.353044	8541	8621	22	2	80	0.0250000
NODE_32_length_8707_cov_6.353044	8541	8621	28	7	80	0.0875000
NODE_32_length_8707_cov_6.353044	8541	8621	30	1	80	0.0125000
NODE_32_length_8707_cov_6.353044	8541	8621	32	2	80	0.0250000
NODE_32_length_8707_cov_6.353044	8541	8621	46	1	80	0.0125000
NODE_32_length_8707_cov_6.353044	8541	8621	50	1	80	0.0125000
NODE_32_length_8707_cov_6.353044	8541	8621	57	2	80	0.0250000
NODE_32_length_8707_cov_6.353044	8541	8621	59	1	80	0.0125000
NODE_32_length_8707_cov_6.353044	8541	8621	63	1	80	0.0125000
NODE_32_length_8707_cov_6.353044	8541	8621	64	5	80	0.0625000
NODE_32_length_8707_cov_6.353044	8541	8621	66	4	80	0.0500000
NODE_32_length_8707_cov_6.353044	8541	8621	68	2	80	0.0250000
NODE_32_length_8707_cov_6.353044	8541	8621	72	2	80	0.0250000
NODE_32_length_8707_cov_6.353044	8541	8621	74	1	80	0.0125000
NODE_32_length_8707_cov_6.353044	8541	8621	76	2	80	0.0250000
NODE_32_length_8707_cov_6.353044	8541	8621	78	8	80	0.1000000
NODE_32_length_8707_cov_6.353044	8541	8621	82	3	80	0.0375000
NODE_32_length_8707_cov_6.353044	8541	8621	84	7	80	0.0875000
NODE_32_length_8707_cov_6.353044	8541	8621	90	20	80	0.2500000
NODE_32_length_8707_cov_6.353044	8541	8621	92	4	80	0.0500000
NODE_32_length_8707_cov_6.353044	8541	8621	14	4	80	0.0500000
NODE_32_length_8707_cov_6.353044	8541	8621	22	2	80	0.0250000
NODE_32_length_8707_cov_6.353044	8541	8621	28	7	80	0.0875000
NODE_32_length_8707_cov_6.353044	8541	8621	30	1	80	0.0125000
NODE_32_length_8707_cov_6.353044	8541	8621	32	2	80	0.0250000
NODE_32_length_8707_cov_6.353044	8541	8621	46	1	80	0.0125000
NODE_32_length_8707_cov_6.353044	8541	8621	50	1	80	0.0125000
NODE_32_length_8707_cov_6.353044	8541	8621	57	2	80	0.0250000
NODE_32_length_8707_cov_6.353044	8541	8621	59	1	80	0.0125000
NODE_32_length_8707_cov_6.353044	8541	8621	63	1	80	0.0125000
NODE_32_length_8707_cov_6.353044	8541	8621	64	5	80	0.0625000
NODE_32_length_8707_cov_6.353044	8541	8621	66	4	80	0.0500000
NODE_32_length_8707_cov_6.353044	8541	8621	68	2	80	0.0250000
NODE_32_length_8707_cov_6.353044	8541	8621	72	2	80	0.0250000
NODE_32_length_8707_cov_6.353044	8541	8621	74	1	80	0.0125000
NODE_32_length_8707_cov_6.353044	8541	8621	76	2	80	0.0250000
NODE_32_length_8707_cov_6.353044	8541	8621	78	8	80	0.1000000
NODE_32_length_8707_cov_6.353044	8541	8621	82	3	80	0.0375000
NODE_32_length_8707_cov_6.353044	8541	8621	84	7	80	0.0875000
NODE_32_length_8707_cov_6.353044	8541	8621	90	20	80	0.2500000
NODE_32_length_8707_cov_6.353044	8541	8621	92	4	80	0.0500000
NODE_32_length_8707_cov_6.353044	8594	8674	63	2	80	0.0250000
NODE_32_length_8707_cov_6.353044	8594	8674	65	1	80	0.0125000
NODE_32_length_8707_cov_6.353044	8594	8674	67	1	80	0.0125000
NODE_32_length_8707_cov_6.353044	8594	8674	68	6	80	0.0750000
NODE_32_length_8707_cov_6.353044	8594	8674	70	5	80	0.0625000
NODE_32_length_8707_cov_6.353044	8594	8674	72	6	80	0.0750000
NODE_32_length_8707_cov_6.353044	8594	8674	75	8	80	0.1000000
NODE_32_length_8707_cov_6.353044	8594	8674	77	9	80	0.1125000
NODE_32_length_8707_cov_6.353044	8594	8674	79	1	80	0.0125000
NODE_32_length_8707_cov_6.353044	8594	8674	80	8	80	0.1000000
NODE_32_length_8707_cov_6.353044	8594	8674	84	4	80	0.0500000
NODE_32_length_8707_cov_6.353044	8594	8674	90	25	80	0.3125000
NODE_32_length_8707_cov_6.353044	8594	8674	92	4	80	0.0500000
NODE_32_length_8707_cov_6.353044	8594	8674	63	2	80	0.0250000
NODE_32_length_8707_cov_6.353044	8594	8674	65	1	80	0.0125000
NODE_32_length_8707_cov_6.353044	8594	8674	67	1	80	0.0125000
NODE_32_length_8707_cov_6.353044	8594	8674	68	6	80	0.0750000
NODE_32_length_8707_cov_6.353044	8594	8674	70	5	80	0.0625000
NODE_32_length_8707_cov_6.353044	8594	8674	72	6	80	0.0750000
NODE_32_length_8707_cov_6.353044	8594	8674	75	8	80	0.1000000
NODE_32_length_8707_cov_6.353044	8594	8674	77	9	80	0.1125000
NODE_32_length_8707_cov_6.353044	8594	8674	79	1	80	0.0125000
NODE_32_length_8707_cov_6.353044	8594	8674	80	8	80	0.1000000
NODE_32_length_8707_cov_6.353044	8594	8674	84	4	80	0.0500000
NODE_32_length_8707_cov_6.353044	8594	8674	90	25	80	0.3125000
NODE_32_length_8707_cov_6.353044	8594	8674	92	4	80	0.0500000
NODE_32_length_8707_cov_6.353044	8594	8673	63	1	79	0.0126582
NODE_32_length_8707_cov_6.353044	8594	8673	65	1	79	0.0126582
NODE_32_length_8707_cov_6.353044	8594	8673	67	1	79	0.0126582
NODE_32_length_8707_cov_6.353044	8594	8673	68	6	79	0.0759494
NODE_32_length_8707_cov_6.353044	8594	8673	70	5	79	0.0632911
NODE_32_length_8707_cov_6.353044	8594	8673	72	6	79	0.0759494
NODE_32_length_8707_cov_6.353044	8594	8673	75	8	79	0.1012658
NODE_32_length_8707_cov_6.353044	8594	8673	77	9	79	0.1139240
NODE_32_length_8707_cov_6.353044	8594	8673	79	1	79	0.0126582
NODE_32_length_8707_cov_6.353044	8594	8673	80	8	79	0.1012658
NODE_32_length_8707_cov_6.353044	8594	8673	84	4	79	0.0506329
NODE_32_length_8707_cov_6.353044	8594	8673	90	25	79	0.3164557
NODE_32_length_8707_cov_6.353044	8594	8673	92	4	79	0.0506329
NODE_32_length_8707_cov_6.353044	8599	8674	63	2	75	0.0266667
NODE_32_length_8707_cov_6.353044	8599	8674	65	1	75	0.0133333
NODE_32_length_8707_cov_6.353044	8599	8674	67	1	75	0.0133333
NODE_32_length_8707_cov_6.353044	8599	8674	68	6	75	0.0800000
NODE_32_length_8707_cov_6.353044	8599	8674	70	5	75	0.0666667
NODE_32_length_8707_cov_6.353044	8599	8674	72	6	75	0.0800000
NODE_32_length_8707_cov_6.353044	8599	8674	75	8	75	0.1066667
NODE_32_length_8707_cov_6.353044	8599	8674	77	9	75	0.1200000
NODE_32_length_8707_cov_6.353044	8599	8674	79	1	75	0.0133333
NODE_32_length_8707_cov_6.353044	8599	8674	80	8	75	0.1066667
NODE_32_length_8707_cov_6.353044	8599	8674	84	1	75	0.0133333
NODE_32_length_8707_cov_6.353044	8599	8674	90	23	75	0.3066667
NODE_32_length_8707_cov_6.353044	8599	8674	92	4	75	0.0533333
NODE_38_length_8281_cov_13.025177	7108	7188	0	80	80	1.0000000
NODE_38_length_8281_cov_13.025177	7161	7199	0	38	38	1.0000000
NODE_38_length_8281_cov_13.025177	7175	7255	0	80	80	1.0000000
NODE_38_length_8281_cov_13.025177	7228	7308	0	80	80	1.0000000
NODE_38_length_8281_cov_13.025177	7749	7829	0	37	80	0.4625000
NODE_38_length_8281_cov_13.025177	7749	7829	4	43	80	0.5375000
NODE_38_length_8281_cov_13.025177	7802	7882	4	70	80	0.8750000
NODE_38_length_8281_cov_13.025177	7802	7882	6	10	80	0.1250000
NODE_38_length_8281_cov_13.025177	7878	7958	2	43	80	0.5375000
NODE_38_length_8281_cov_13.025177	7878	7958	6	37	80	0.4625000
NODE_38_length_8281_cov_13.025177	7931	8011	0	41	80	0.5125000
NODE_38_length_8281_cov_13.025177	7931	8011	2	39	80	0.4875000
NODE_39_length_8259_cov_60.011152	1424	1504	14	2	80	0.0250000
NODE_39_length_8259_cov_60.011152	1424	1504	15	7	80	0.0875000
NODE_39_length_8259_cov_60.011152	1424	1504	16	7	80	0.0875000
NODE_39_length_8259_cov_60.011152	1424	1504	17	2	80	0.0250000
NODE_39_length_8259_cov_60.011152	1424	1504	20	1	80	0.0125000
NODE_39_length_8259_cov_60.011152	1424	1504	26	1	80	0.0125000
NODE_39_length_8259_cov_60.011152	1424	1504	27	2	80	0.0250000
NODE_39_length_8259_cov_60.011152	1424	1504	32	1	80	0.0125000
NODE_39_length_8259_cov_60.011152	1424	1504	34	2	80	0.0250000
NODE_39_length_8259_cov_60.011152	1424	1504	36	1	80	0.0125000
NODE_39_length_8259_cov_60.011152	1424	1504	52	8	80	0.1000000
NODE_39_length_8259_cov_60.011152	1424	1504	58	6	80	0.0750000
NODE_39_length_8259_cov_60.011152	1424	1504	61	1	80	0.0125000
NODE_39_length_8259_cov_60.011152	1424	1504	62	1	80	0.0125000
NODE_39_length_8259_cov_60.011152	1424	1504	67	2	80	0.0250000
NODE_39_length_8259_cov_60.011152	1424	1504	71	3	80	0.0375000
NODE_39_length_8259_cov_60.011152	1424	1504	77	3	80	0.0375000
NODE_39_length_8259_cov_60.011152	1424	1504	79	3	80	0.0375000
NODE_39_length_8259_cov_60.011152	1424	1504	81	9	80	0.1125000
NODE_39_length_8259_cov_60.011152	1424	1504	83	18	80	0.2250000
NODE_39_length_8259_cov_60.011152	1477	1549	81	9	72	0.1250000
NODE_39_length_8259_cov_60.011152	1477	1549	83	22	72	0.3055556
NODE_39_length_8259_cov_60.011152	1477	1549	84	3	72	0.0416667
NODE_39_length_8259_cov_60.011152	1477	1549	89	6	72	0.0833333
NODE_39_length_8259_cov_60.011152	1477	1549	91	1	72	0.0138889
NODE_39_length_8259_cov_60.011152	1477	1549	92	4	72	0.0555556
NODE_39_length_8259_cov_60.011152	1477	1549	93	1	72	0.0138889
NODE_39_length_8259_cov_60.011152	1477	1549	96	1	72	0.0138889
NODE_39_length_8259_cov_60.011152	1477	1549	97	23	72	0.3194444
NODE_39_length_8259_cov_60.011152	1477	1549	98	2	72	0.0277778
NODE_40_length_8228_cov_17.079592	314	394	0	62	80	0.7750000
NODE_40_length_8228_cov_17.079592	314	394	2	18	80	0.2250000
NODE_40_length_8228_cov_17.079592	367	447	0	9	80	0.1125000
NODE_40_length_8228_cov_17.079592	367	447	2	71	80	0.8875000
NODE_40_length_8228_cov_17.079592	443	523	2	16	80	0.2000000
NODE_40_length_8228_cov_17.079592	443	523	4	35	80	0.4375000
NODE_40_length_8228_cov_17.079592	443	523	6	18	80	0.2250000
NODE_40_length_8228_cov_17.079592	443	523	8	11	80	0.1375000
NODE_40_length_8228_cov_17.079592	496	576	2	5	80	0.0625000
NODE_40_length_8228_cov_17.079592	496	576	4	17	80	0.2125000
NODE_40_length_8228_cov_17.079592	496	576	6	36	80	0.4500000
NODE_40_length_8228_cov_17.079592	496	576	8	22	80	0.2750000
NODE_40_length_8228_cov_17.079592	3154	3217	8	1	63	0.0158730
NODE_40_length_8228_cov_17.079592	3154	3217	30	1	63	0.0158730
NODE_40_length_8228_cov_17.079592	3154	3217	34	1	63	0.0158730
NODE_40_length_8228_cov_17.079592	3154	3217	38	3	63	0.0476190
NODE_40_length_8228_cov_17.079592	3154	3217	40	1	63	0.0158730
NODE_40_length_8228_cov_17.079592	3154	3217	44	1	63	0.0158730
NODE_40_length_8228_cov_17.079592	3154	3217	46	1	63	0.0158730
NODE_40_length_8228_cov_17.079592	3154	3217	50	1	63	0.0158730
NODE_40_length_8228_cov_17.079592	3154	3217	56	1	63	0.0158730
NODE_40_length_8228_cov_17.079592	3154	3217	58	5	63	0.0793651
NODE_40_length_8228_cov_17.079592	3154	3217	62	1	63	0.0158730
NODE_40_length_8228_cov_17.079592	3154	3217	66	10	63	0.1587302
NODE_40_length_8228_cov_17.079592	3154	3217	68	1	63	0.0158730
NODE_40_length_8228_cov_17.079592	3154	3217	70	2	63	0.0317460
NODE_40_length_8228_cov_17.079592	3154	3217	72	3	63	0.0476190
NODE_40_length_8228_cov_17.079592	3154	3217	74	2	63	0.0317460
NODE_40_length_8228_cov_17.079592	3154	3217	76	28	63	0.4444444
NODE_43_length_8100_cov_32.115236	501	581	4	38	80	0.4750000
NODE_43_length_8100_cov_32.115236	501	581	8	10	80	0.1250000
NODE_43_length_8100_cov_32.115236	501	581	10	32	80	0.4000000
NODE_43_length_8100_cov_32.115236	554	634	6	43	80	0.5375000
NODE_43_length_8100_cov_32.115236	554	634	8	2	80	0.0250000
NODE_43_length_8100_cov_32.115236	554	634	10	35	80	0.4375000
NODE_43_length_8100_cov_32.115236	1383	1463	0	70	80	0.8750000
NODE_43_length_8100_cov_32.115236	1383	1463	2	10	80	0.1250000
NODE_43_length_8100_cov_32.115236	1436	1516	0	17	80	0.2125000
NODE_43_length_8100_cov_32.115236	1436	1516	2	63	80	0.7875000
NODE_43_length_8100_cov_32.115236	3391	3462	339	1	71	0.0140845
NODE_43_length_8100_cov_32.115236	3391	3462	353	1	71	0.0140845
NODE_43_length_8100_cov_32.115236	3391	3462	366	1	71	0.0140845
NODE_43_length_8100_cov_32.115236	3391	3462	370	1	71	0.0140845
NODE_43_length_8100_cov_32.115236	3391	3462	380	1	71	0.0140845
NODE_43_length_8100_cov_32.115236	3391	3462	392	1	71	0.0140845
NODE_43_length_8100_cov_32.115236	3391	3462	412	1	71	0.0140845
NODE_43_length_8100_cov_32.115236	3391	3462	413	1	71	0.0140845
NODE_43_length_8100_cov_32.115236	3391	3462	415	1	71	0.0140845
NODE_43_length_8100_cov_32.115236	3391	3462	434	1	71	0.0140845
NODE_43_length_8100_cov_32.115236	3391	3462	435	1	71	0.0140845
NODE_43_length_8100_cov_32.115236	3391	3462	438	1	71	0.0140845
NODE_43_length_8100_cov_32.115236	3391	3462	439	1	71	0.0140845
NODE_43_length_8100_cov_32.115236	3391	3462	440	2	71	0.0281690
NODE_43_length_8100_cov_32.115236	3391	3462	454	1	71	0.0140845
NODE_43_length_8100_cov_32.115236	3391	3462	464	1	71	0.0140845
NODE_43_length_8100_cov_32.115236	3391	3462	471	1	71	0.0140845
NODE_43_length_8100_cov_32.115236	3391	3462	478	1	71	0.0140845
NODE_43_length_8100_cov_32.115236	3391	3462	487	1	71	0.0140845
NODE_43_length_8100_cov_32.115236	3391	3462	496	1	71	0.0140845
NODE_43_length_8100_cov_32.115236	3391	3462	497	1	71	0.0140845
NODE_43_length_8100_cov_32.115236	3391	3462	499	1	71	0.0140845
NODE_43_length_8100_cov_32.115236	3391	3462	503	1	71	0.0140845
NODE_43_length_8100_cov_32.115236	3391	3462	504	4	71	0.0563380
NODE_43_length_8100_cov_32.115236	3391	3462	508	1	71	0.0140845
NODE_43_length_8100_cov_32.115236	3391	3462	511	1	71	0.0140845
NODE_43_length_8100_cov_32.115236	3391	3462	519	3	71	0.0422535
NODE_43_length_8100_cov_32.115236	3391	3462	520	2	71	0.0281690
NODE_43_length_8100_cov_32.115236	3391	3462	521	1	71	0.0140845
NODE_43_length_8100_cov_32.115236	3391	3462	522	1	71	0.0140845
NODE_43_length_8100_cov_32.115236	3391	3462	523	1	71	0.0140845
NODE_43_length_8100_cov_32.115236	3391	3462	524	1	71	0.0140845
NODE_43_length_8100_cov_32.115236	3391	3462	526	1	71	0.0140845
NODE_43_length_8100_cov_32.115236	3391	3462	528	1	71	0.0140845
NODE_43_length_8100_cov_32.115236	3391	3462	530	1	71	0.0140845
NODE_43_length_8100_cov_32.115236	3391	3462	532	1	71	0.0140845
NODE_43_length_8100_cov_32.115236	3391	3462	534	2	71	0.0281690
NODE_43_length_8100_cov_32.115236	3391	3462	535	3	71	0.0422535
NODE_43_length_8100_cov_32.115236	3391	3462	536	2	71	0.0281690
NODE_43_length_8100_cov_32.115236	3391	3462	537	3	71	0.0422535
NODE_43_length_8100_cov_32.115236	3391	3462	538	1	71	0.0140845
NODE_43_length_8100_cov_32.115236	3391	3462	540	3	71	0.0422535
NODE_43_length_8100_cov_32.115236	3391	3462	541	1	71	0.0140845
NODE_43_length_8100_cov_32.115236	3391	3462	542	3	71	0.0422535
NODE_43_length_8100_cov_32.115236	3391	3462	543	1	71	0.0140845
NODE_43_length_8100_cov_32.115236	3391	3462	544	2	71	0.0281690
NODE_43_length_8100_cov_32.115236	3391	3462	545	2	71	0.0281690
NODE_43_length_8100_cov_32.115236	3391	3462	546	5	71	0.0704225
NODE_43_length_8100_cov_32.115236	3435	3483	190	1	48	0.0208333
NODE_43_length_8100_cov_32.115236	3435	3483	199	1	48	0.0208333
NODE_43_length_8100_cov_32.115236	3435	3483	200	1	48	0.0208333
NODE_43_length_8100_cov_32.115236	3435	3483	205	1	48	0.0208333
NODE_43_length_8100_cov_32.115236	3435	3483	206	1	48	0.0208333
NODE_43_length_8100_cov_32.115236	3435	3483	208	1	48	0.0208333
NODE_43_length_8100_cov_32.115236	3435	3483	211	1	48	0.0208333
NODE_43_length_8100_cov_32.115236	3435	3483	223	1	48	0.0208333
NODE_43_length_8100_cov_32.115236	3435	3483	237	1	48	0.0208333
NODE_43_length_8100_cov_32.115236	3435	3483	250	1	48	0.0208333
NODE_43_length_8100_cov_32.115236	3435	3483	256	1	48	0.0208333
NODE_43_length_8100_cov_32.115236	3435	3483	264	2	48	0.0416667
NODE_43_length_8100_cov_32.115236	3435	3483	267	1	48	0.0208333
NODE_43_length_8100_cov_32.115236	3435	3483	271	1	48	0.0208333
NODE_43_length_8100_cov_32.115236	3435	3483	279	1	48	0.0208333
NODE_43_length_8100_cov_32.115236	3435	3483	291	1	48	0.0208333
NODE_43_length_8100_cov_32.115236	3435	3483	295	1	48	0.0208333
NODE_43_length_8100_cov_32.115236	3435	3483	302	1	48	0.0208333
NODE_43_length_8100_cov_32.115236	3435	3483	333	1	48	0.0208333
NODE_43_length_8100_cov_32.115236	3435	3483	338	1	48	0.0208333
NODE_43_length_8100_cov_32.115236	3435	3483	339	1	48	0.0208333
NODE_43_length_8100_cov_32.115236	3435	3483	353	1	48	0.0208333
NODE_43_length_8100_cov_32.115236	3435	3483	366	1	48	0.0208333
NODE_43_length_8100_cov_32.115236	3435	3483	370	1	48	0.0208333
NODE_43_length_8100_cov_32.115236	3435	3483	380	1	48	0.0208333
NODE_43_length_8100_cov_32.115236	3435	3483	392	1	48	0.0208333
NODE_43_length_8100_cov_32.115236	3435	3483	412	1	48	0.0208333
NODE_43_length_8100_cov_32.115236	3435	3483	413	1	48	0.0208333
NODE_43_length_8100_cov_32.115236	3435	3483	415	1	48	0.0208333
NODE_43_length_8100_cov_32.115236	3435	3483	434	1	48	0.0208333
NODE_43_length_8100_cov_32.115236	3435	3483	435	1	48	0.0208333
NODE_43_length_8100_cov_32.115236	3435	3483	438	1	48	0.0208333
NODE_43_length_8100_cov_32.115236	3435	3483	439	1	48	0.0208333
NODE_43_length_8100_cov_32.115236	3435	3483	440	2	48	0.0416667
NODE_43_length_8100_cov_32.115236	3435	3483	454	1	48	0.0208333
NODE_43_length_8100_cov_32.115236	3435	3483	464	1	48	0.0208333
NODE_43_length_8100_cov_32.115236	3435	3483	471	1	48	0.0208333
NODE_43_length_8100_cov_32.115236	3435	3483	478	1	48	0.0208333
NODE_43_length_8100_cov_32.115236	3435	3483	487	1	48	0.0208333
NODE_43_length_8100_cov_32.115236	3435	3483	496	1	48	0.0208333
NODE_43_length_8100_cov_32.115236	3435	3483	511	1	48	0.0208333
NODE_43_length_8100_cov_32.115236	3435	3483	519	3	48	0.0625000
NODE_43_length_8100_cov_32.115236	3435	3483	520	1	48	0.0208333
NODE_43_length_8100_cov_32.115236	3435	3483	522	1	48	0.0208333
NODE_46_length_7962_cov_31.622790	6281	6363	86	2	82	0.0243902
NODE_46_length_7962_cov_31.622790	6281	6363	95	2	82	0.0243902
NODE_46_length_7962_cov_31.622790	6281	6363	98	1	82	0.0121951
NODE_46_length_7962_cov_31.622790	6281	6363	106	1	82	0.0121951
NODE_46_length_7962_cov_31.622790	6281	6363	108	5	82	0.0609756
NODE_46_length_7962_cov_31.622790	6281	6363	109	1	82	0.0121951
NODE_46_length_7962_cov_31.622790	6281	6363	111	2	82	0.0243902
NODE_46_length_7962_cov_31.622790	6281	6363	114	2	82	0.0243902
NODE_46_length_7962_cov_31.622790	6281	6363	116	1	82	0.0121951
NODE_46_length_7962_cov_31.622790	6281	6363	118	1	82	0.0121951
NODE_46_length_7962_cov_31.622790	6281	6363	119	1	82	0.0121951
NODE_46_length_7962_cov_31.622790	6281	6363	121	2	82	0.0243902
NODE_46_length_7962_cov_31.622790	6281	6363	130	1	82	0.0121951
NODE_46_length_7962_cov_31.622790	6281	6363	132	1	82	0.0121951
NODE_46_length_7962_cov_31.622790	6281	6363	137	2	82	0.0243902
NODE_46_length_7962_cov_31.622790	6281	6363	139	2	82	0.0243902
NODE_46_length_7962_cov_31.622790	6281	6363	141	1	82	0.0121951
NODE_46_length_7962_cov_31.622790	6281	6363	142	3	82	0.0365854
NODE_46_length_7962_cov_31.622790	6281	6363	143	3	82	0.0365854
NODE_46_length_7962_cov_31.622790	6281	6363	145	5	82	0.0609756
NODE_46_length_7962_cov_31.622790	6281	6363	146	7	82	0.0853659
NODE_46_length_7962_cov_31.622790	6281	6363	147	5	82	0.0609756
NODE_46_length_7962_cov_31.622790	6281	6363	149	1	82	0.0121951
NODE_46_length_7962_cov_31.622790	6281	6363	150	8	82	0.0975610
NODE_46_length_7962_cov_31.622790	6281	6363	151	7	82	0.0853659
NODE_46_length_7962_cov_31.622790	6281	6363	152	2	82	0.0243902
NODE_46_length_7962_cov_31.622790	6281	6363	153	3	82	0.0365854
NODE_46_length_7962_cov_31.622790	6281	6363	154	10	82	0.1219512
NODE_47_length_7944_cov_12.238496	348	419	8	17	71	0.2394366
NODE_47_length_7944_cov_12.238496	348	419	10	6	71	0.0845070
NODE_47_length_7944_cov_12.238496	348	419	17	21	71	0.2957746
NODE_47_length_7944_cov_12.238496	348	419	19	8	71	0.1126761
NODE_47_length_7944_cov_12.238496	348	419	26	1	71	0.0140845
NODE_47_length_7944_cov_12.238496	348	419	27	5	71	0.0704225
NODE_47_length_7944_cov_12.238496	348	419	28	7	71	0.0985916
NODE_47_length_7944_cov_12.238496	348	419	30	1	71	0.0140845
NODE_47_length_7944_cov_12.238496	348	419	40	5	71	0.0704225
NODE_48_length_7919_cov_14.554859	2380	2460	6	4	80	0.0500000
NODE_48_length_7919_cov_14.554859	2380	2460	8	1	80	0.0125000
NODE_48_length_7919_cov_14.554859	2380	2460	10	19	80	0.2375000
NODE_48_length_7919_cov_14.554859	2380	2460	14	29	80	0.3625000
NODE_48_length_7919_cov_14.554859	2380	2460	16	15	80	0.1875000
NODE_48_length_7919_cov_14.554859	2380	2460	18	1	80	0.0125000
NODE_48_length_7919_cov_14.554859	2380	2460	20	11	80	0.1375000
NODE_50_length_7830_cov_4.211098	0	52	0	52	52	1.0000000
NODE_50_length_7830_cov_4.211098	30	105	0	75	75	1.0000000
NODE_52_length_7779_cov_20.230859	7691	7771	0	80	80	1.0000000
NODE_52_length_7779_cov_20.230859	7691	7771	0	80	80	1.0000000
NODE_52_length_7779_cov_20.230859	7691	7761	0	70	70	1.0000000
NODE_52_length_7779_cov_20.230859	7744	7779	0	35	35	1.0000000
NODE_53_length_7765_cov_18.871119	254	322	13	1	68	0.0147059
NODE_53_length_7765_cov_18.871119	254	322	14	2	68	0.0294118
NODE_53_length_7765_cov_18.871119	254	322	15	2	68	0.0294118
NODE_53_length_7765_cov_18.871119	254	322	16	18	68	0.2647059
NODE_53_length_7765_cov_18.871119	254	322	17	4	68	0.0588235
NODE_53_length_7765_cov_18.871119	254	322	18	2	68	0.0294118
NODE_53_length_7765_cov_18.871119	254	322	20	3	68	0.0441176
NODE_53_length_7765_cov_18.871119	254	322	22	4	68	0.0588235
NODE_53_length_7765_cov_18.871119	254	322	23	3	68	0.0441176
NODE_53_length_7765_cov_18.871119	254	322	26	2	68	0.0294118
NODE_53_length_7765_cov_18.871119	254	322	27	2	68	0.0294118
NODE_53_length_7765_cov_18.871119	254	322	28	1	68	0.0147059
NODE_53_length_7765_cov_18.871119	254	322	30	3	68	0.0441176
NODE_53_length_7765_cov_18.871119	254	322	31	1	68	0.0147059
NODE_53_length_7765_cov_18.871119	254	322	37	3	68	0.0441176
NODE_53_length_7765_cov_18.871119	254	322	38	1	68	0.0147059
NODE_53_length_7765_cov_18.871119	254	322	40	16	68	0.2352941
NODE_53_length_7765_cov_18.871119	353	433	30	1	80	0.0125000
NODE_53_length_7765_cov_18.871119	353	433	32	1	80	0.0125000
NODE_53_length_7765_cov_18.871119	353	433	38	9	80	0.1125000
NODE_53_length_7765_cov_18.871119	353	433	42	4	80	0.0500000
NODE_53_length_7765_cov_18.871119	353	433	44	1	80	0.0125000
NODE_53_length_7765_cov_18.871119	353	433	46	6	80	0.0750000
NODE_53_length_7765_cov_18.871119	353	433	48	4	80	0.0500000
NODE_53_length_7765_cov_18.871119	353	433	50	2	80	0.0250000
NODE_53_length_7765_cov_18.871119	353	433	52	11	80	0.1375000
NODE_53_length_7765_cov_18.871119	353	433	53	5	80	0.0625000
NODE_53_length_7765_cov_18.871119	353	433	54	11	80	0.1375000
NODE_53_length_7765_cov_18.871119	353	433	55	5	80	0.0625000
NODE_53_length_7765_cov_18.871119	353	433	56	20	80	0.2500000
NODE_61_length_7411_cov_74.967314	2283	2347	0	64	64	1.0000000
NODE_61_length_7411_cov_74.967314	4725	4789	0	64	64	1.0000000
NODE_64_length_7305_cov_3.696087	971	1019	0	24	48	0.5000000
NODE_64_length_7305_cov_3.696087	971	1019	1	3	48	0.0625000
NODE_64_length_7305_cov_3.696087	971	1019	2	21	48	0.4375000
NODE_64_length_7305_cov_3.696087	7142	7190	8	48	48	1.0000000
NODE_66_length_7261_cov_12.433398	2313	2395	199	1	82	0.0121951
NODE_66_length_7261_cov_12.433398	2313	2395	200	1	82	0.0121951
NODE_66_length_7261_cov_12.433398	2313	2395	202	2	82	0.0243902
NODE_66_length_7261_cov_12.433398	2313	2395	204	1	82	0.0121951
NODE_66_length_7261_cov_12.433398	2313	2395	205	1	82	0.0121951
NODE_66_length_7261_cov_12.433398	2313	2395	207	1	82	0.0121951
NODE_66_length_7261_cov_12.433398	2313	2395	208	2	82	0.0243902
NODE_66_length_7261_cov_12.433398	2313	2395	209	2	82	0.0243902
NODE_66_length_7261_cov_12.433398	2313	2395	211	1	82	0.0121951
NODE_66_length_7261_cov_12.433398	2313	2395	213	2	82	0.0243902
NODE_66_length_7261_cov_12.433398	2313	2395	216	1	82	0.0121951
NODE_66_length_7261_cov_12.433398	2313	2395	219	1	82	0.0121951
NODE_66_length_7261_cov_12.433398	2313	2395	220	1	82	0.0121951
NODE_66_length_7261_cov_12.433398	2313	2395	221	2	82	0.0243902
NODE_66_length_7261_cov_12.433398	2313	2395	223	1	82	0.0121951
NODE_66_length_7261_cov_12.433398	2313	2395	224	3	82	0.0365854
NODE_66_length_7261_cov_12.433398	2313	2395	225	3	82	0.0365854
NODE_66_length_7261_cov_12.433398	2313	2395	228	1	82	0.0121951
NODE_66_length_7261_cov_12.433398	2313	2395	229	1	82	0.0121951
NODE_66_length_7261_cov_12.433398	2313	2395	232	1	82	0.0121951
NODE_66_length_7261_cov_12.433398	2313	2395	235	1	82	0.0121951
NODE_66_length_7261_cov_12.433398	2313	2395	239	1	82	0.0121951
NODE_66_length_7261_cov_12.433398	2313	2395	245	1	82	0.0121951
NODE_66_length_7261_cov_12.433398	2313	2395	251	1	82	0.0121951
NODE_66_length_7261_cov_12.433398	2313	2395	253	1	82	0.0121951
NODE_66_length_7261_cov_12.433398	2313	2395	257	1	82	0.0121951
NODE_66_length_7261_cov_12.433398	2313	2395	264	1	82	0.0121951
NODE_66_length_7261_cov_12.433398	2313	2395	271	1	82	0.0121951
NODE_66_length_7261_cov_12.433398	2313	2395	282	1	82	0.0121951
NODE_66_length_7261_cov_12.433398	2313	2395	290	1	82	0.0121951
NODE_66_length_7261_cov_12.433398	2313	2395	301	1	82	0.0121951
NODE_66_length_7261_cov_12.433398	2313	2395	308	1	82	0.0121951
NODE_66_length_7261_cov_12.433398	2313	2395	311	1	82	0.0121951
NODE_66_length_7261_cov_12.433398	2313	2395	342	2	82	0.0243902
NODE_66_length_7261_cov_12.433398	2313	2395	343	1	82	0.0121951
NODE_66_length_7261_cov_12.433398	2313	2395	344	2	82	0.0243902
NODE_66_length_7261_cov_12.433398	2313	2395	376	1	82	0.0121951
NODE_66_length_7261_cov_12.433398	2313	2395	404	1	82	0.0121951
NODE_66_length_7261_cov_12.433398	2313	2395	413	1	82	0.0121951
NODE_66_length_7261_cov_12.433398	2313	2395	427	1	82	0.0121951
NODE_66_length_7261_cov_12.433398	2313	2395	435	1	82	0.0121951
NODE_66_length_7261_cov_12.433398	2313	2395	445	1	82	0.0121951
NODE_66_length_7261_cov_12.433398	2313	2395	462	1	82	0.0121951
NODE_66_length_7261_cov_12.433398	2313	2395	465	1	82	0.0121951
NODE_66_length_7261_cov_12.433398	2313	2395	474	2	82	0.0243902
NODE_66_length_7261_cov_12.433398	2313	2395	479	1	82	0.0121951
NODE_66_length_7261_cov_12.433398	2313	2395	480	1	82	0.0121951
NODE_66_length_7261_cov_12.433398	2313	2395	500	2	82	0.0243902
NODE_66_length_7261_cov_12.433398	2313	2395	505	1	82	0.0121951
NODE_66_length_7261_cov_12.433398	2313	2395	521	2	82	0.0243902
NODE_66_length_7261_cov_12.433398	2313	2395	529	2	82	0.0243902
NODE_66_length_7261_cov_12.433398	2313	2395	534	1	82	0.0121951
NODE_66_length_7261_cov_12.433398	2313	2395	544	1	82	0.0121951
NODE_66_length_7261_cov_12.433398	2313	2395	545	1	82	0.0121951
NODE_66_length_7261_cov_12.433398	2313	2395	546	3	82	0.0365854
NODE_66_length_7261_cov_12.433398	2313	2395	557	1	82	0.0121951
NODE_66_length_7261_cov_12.433398	2313	2395	561	1	82	0.0121951
NODE_66_length_7261_cov_12.433398	2313	2395	564	1	82	0.0121951
NODE_66_length_7261_cov_12.433398	2313	2395	574	1	82	0.0121951
NODE_66_length_7261_cov_12.433398	2313	2395	576	1	82	0.0121951
NODE_66_length_7261_cov_12.433398	2313	2395	582	1	82	0.0121951
NODE_66_length_7261_cov_12.433398	2313	2395	585	1	82	0.0121951
NODE_66_length_7261_cov_12.433398	2313	2395	587	2	82	0.0243902
NODE_66_length_7261_cov_12.433398	2313	2395	593	1	82	0.0121951
NODE_73_length_7036_cov_65.961943	4375	4455	2	1	80	0.0125000
NODE_73_length_7036_cov_65.961943	4375	4455	4	5	80	0.0625000
NODE_73_length_7036_cov_65.961943	4375	4455	8	4	80	0.0500000
NODE_73_length_7036_cov_65.961943	4375	4455	12	1	80	0.0125000
NODE_73_length_7036_cov_65.961943	4375	4455	14	1	80	0.0125000
NODE_73_length_7036_cov_65.961943	4375	4455	16	10	80	0.1250000
NODE_73_length_7036_cov_65.961943	4375	4455	18	58	80	0.7250000
NODE_73_length_7036_cov_65.961943	5538	5618	290	1	80	0.0125000
NODE_73_length_7036_cov_65.961943	5538	5618	291	1	80	0.0125000
NODE_73_length_7036_cov_65.961943	5538	5618	302	1	80	0.0125000
NODE_73_length_7036_cov_65.961943	5538	5618	303	2	80	0.0250000
NODE_73_length_7036_cov_65.961943	5538	5618	316	1	80	0.0125000
NODE_73_length_7036_cov_65.961943	5538	5618	319	1	80	0.0125000
NODE_73_length_7036_cov_65.961943	5538	5618	339	1	80	0.0125000
NODE_73_length_7036_cov_65.961943	5538	5618	347	1	80	0.0125000
NODE_73_length_7036_cov_65.961943	5538	5618	362	1	80	0.0125000
NODE_73_length_7036_cov_65.961943	5538	5618	367	1	80	0.0125000
NODE_73_length_7036_cov_65.961943	5538	5618	379	1	80	0.0125000
NODE_73_length_7036_cov_65.961943	5538	5618	402	1	80	0.0125000
NODE_73_length_7036_cov_65.961943	5538	5618	410	1	80	0.0125000
NODE_73_length_7036_cov_65.961943	5538	5618	420	1	80	0.0125000
NODE_73_length_7036_cov_65.961943	5538	5618	433	1	80	0.0125000
NODE_73_length_7036_cov_65.961943	5538	5618	447	1	80	0.0125000
NODE_73_length_7036_cov_65.961943	5538	5618	458	1	80	0.0125000
NODE_73_length_7036_cov_65.961943	5538	5618	464	1	80	0.0125000
NODE_73_length_7036_cov_65.961943	5538	5618	486	1	80	0.0125000
NODE_73_length_7036_cov_65.961943	5538	5618	488	1	80	0.0125000
NODE_73_length_7036_cov_65.961943	5538	5618	492	1	80	0.0125000
NODE_73_length_7036_cov_65.961943	5538	5618	496	1	80	0.0125000
NODE_73_length_7036_cov_65.961943	5538	5618	504	1	80	0.0125000
NODE_73_length_7036_cov_65.961943	5538	5618	513	1	80	0.0125000
NODE_73_length_7036_cov_65.961943	5538	5618	522	1	80	0.0125000
NODE_73_length_7036_cov_65.961943	5538	5618	528	1	80	0.0125000
NODE_73_length_7036_cov_65.961943	5538	5618	535	1	80	0.0125000
NODE_73_length_7036_cov_65.961943	5538	5618	547	1	80	0.0125000
NODE_73_length_7036_cov_65.961943	5538	5618	559	1	80	0.0125000
NODE_73_length_7036_cov_65.961943	5538	5618	564	1	80	0.0125000
NODE_73_length_7036_cov_65.961943	5538	5618	568	1	80	0.0125000
NODE_73_length_7036_cov_65.961943	5538	5618	574	1	80	0.0125000
NODE_73_length_7036_cov_65.961943	5538	5618	582	1	80	0.0125000
NODE_73_length_7036_cov_65.961943	5538	5618	611	1	80	0.0125000
NODE_73_length_7036_cov_65.961943	5538	5618	638	1	80	0.0125000
NODE_73_length_7036_cov_65.961943	5538	5618	644	1	80	0.0125000
NODE_73_length_7036_cov_65.961943	5538	5618	646	1	80	0.0125000
NODE_73_length_7036_cov_65.961943	5538	5618	651	1	80	0.0125000
NODE_73_length_7036_cov_65.961943	5538	5618	658	1	80	0.0125000
NODE_73_length_7036_cov_65.961943	5538	5618	674	1	80	0.0125000
NODE_73_length_7036_cov_65.961943	5538	5618	679	1	80	0.0125000
NODE_73_length_7036_cov_65.961943	5538	5618	680	1	80	0.0125000
NODE_73_length_7036_cov_65.961943	5538	5618	683	1	80	0.0125000
NODE_73_length_7036_cov_65.961943	5538	5618	687	1	80	0.0125000
NODE_73_length_7036_cov_65.961943	5538	5618	696	1	80	0.0125000
NODE_73_length_7036_cov_65.961943	5538	5618	704	1	80	0.0125000
NODE_73_length_7036_cov_65.961943	5538	5618	745	2	80	0.0250000
NODE_73_length_7036_cov_65.961943	5538	5618	752	2	80	0.0250000
NODE_73_length_7036_cov_65.961943	5538	5618	760	1	80	0.0125000
NODE_73_length_7036_cov_65.961943	5538	5618	763	1	80	0.0125000
NODE_73_length_7036_cov_65.961943	5538	5618	769	1	80	0.0125000
NODE_73_length_7036_cov_65.961943	5538	5618	775	1	80	0.0125000
NODE_73_length_7036_cov_65.961943	5538	5618	784	1	80	0.0125000
NODE_73_length_7036_cov_65.961943	5538	5618	797	1	80	0.0125000
NODE_73_length_7036_cov_65.961943	5538	5618	810	1	80	0.0125000
NODE_73_length_7036_cov_65.961943	5538	5618	831	1	80	0.0125000
NODE_73_length_7036_cov_65.961943	5538	5618	834	1	80	0.0125000
NODE_73_length_7036_cov_65.961943	5538	5618	841	1	80	0.0125000
NODE_73_length_7036_cov_65.961943	5538	5618	854	1	80	0.0125000
NODE_73_length_7036_cov_65.961943	5538	5618	868	1	80	0.0125000
NODE_73_length_7036_cov_65.961943	5538	5618	874	1	80	0.0125000
NODE_73_length_7036_cov_65.961943	5538	5618	889	2	80	0.0250000
NODE_73_length_7036_cov_65.961943	5538	5618	897	1	80	0.0125000
NODE_73_length_7036_cov_65.961943	5538	5618	901	1	80	0.0125000
NODE_73_length_7036_cov_65.961943	5538	5618	902	1	80	0.0125000
NODE_73_length_7036_cov_65.961943	5538	5618	907	1	80	0.0125000
NODE_73_length_7036_cov_65.961943	5538	5618	909	1	80	0.0125000
NODE_73_length_7036_cov_65.961943	5538	5618	913	3	80	0.0375000
NODE_73_length_7036_cov_65.961943	5538	5618	921	1	80	0.0125000
NODE_73_length_7036_cov_65.961943	5538	5618	924	1	80	0.0125000
NODE_73_length_7036_cov_65.961943	5538	5618	934	1	80	0.0125000
NODE_73_length_7036_cov_65.961943	5538	5618	941	1	80	0.0125000
NODE_73_length_7036_cov_65.961943	5538	5618	944	1	80	0.0125000
NODE_73_length_7036_cov_65.961943	5538	5618	947	1	80	0.0125000
NODE_73_length_7036_cov_65.961943	5591	5666	769	1	75	0.0133333
NODE_73_length_7036_cov_65.961943	5591	5666	775	1	75	0.0133333
NODE_73_length_7036_cov_65.961943	5591	5666	784	1	75	0.0133333
NODE_73_length_7036_cov_65.961943	5591	5666	797	1	75	0.0133333
NODE_73_length_7036_cov_65.961943	5591	5666	810	1	75	0.0133333
NODE_73_length_7036_cov_65.961943	5591	5666	831	1	75	0.0133333
NODE_73_length_7036_cov_65.961943	5591	5666	834	1	75	0.0133333
NODE_73_length_7036_cov_65.961943	5591	5666	841	1	75	0.0133333
NODE_73_length_7036_cov_65.961943	5591	5666	854	1	75	0.0133333
NODE_73_length_7036_cov_65.961943	5591	5666	868	1	75	0.0133333
NODE_73_length_7036_cov_65.961943	5591	5666	869	1	75	0.0133333
NODE_73_length_7036_cov_65.961943	5591	5666	873	1	75	0.0133333
NODE_73_length_7036_cov_65.961943	5591	5666	874	1	75	0.0133333
NODE_73_length_7036_cov_65.961943	5591	5666	875	1	75	0.0133333
NODE_73_length_7036_cov_65.961943	5591	5666	876	1	75	0.0133333
NODE_73_length_7036_cov_65.961943	5591	5666	877	1	75	0.0133333
NODE_73_length_7036_cov_65.961943	5591	5666	879	1	75	0.0133333
NODE_73_length_7036_cov_65.961943	5591	5666	880	1	75	0.0133333
NODE_73_length_7036_cov_65.961943	5591	5666	882	1	75	0.0133333
NODE_73_length_7036_cov_65.961943	5591	5666	883	4	75	0.0533333
NODE_73_length_7036_cov_65.961943	5591	5666	884	2	75	0.0266667
NODE_73_length_7036_cov_65.961943	5591	5666	888	2	75	0.0266667
NODE_73_length_7036_cov_65.961943	5591	5666	889	2	75	0.0266667
NODE_73_length_7036_cov_65.961943	5591	5666	894	1	75	0.0133333
NODE_73_length_7036_cov_65.961943	5591	5666	896	3	75	0.0400000
NODE_73_length_7036_cov_65.961943	5591	5666	897	3	75	0.0400000
NODE_73_length_7036_cov_65.961943	5591	5666	900	1	75	0.0133333
NODE_73_length_7036_cov_65.961943	5591	5666	901	2	75	0.0266667
NODE_73_length_7036_cov_65.961943	5591	5666	902	1	75	0.0133333
NODE_73_length_7036_cov_65.961943	5591	5666	904	1	75	0.0133333
NODE_73_length_7036_cov_65.961943	5591	5666	907	1	75	0.0133333
NODE_73_length_7036_cov_65.961943	5591	5666	909	1	75	0.0133333
NODE_73_length_7036_cov_65.961943	5591	5666	913	3	75	0.0400000
NODE_73_length_7036_cov_65.961943	5591	5666	921	1	75	0.0133333
NODE_73_length_7036_cov_65.961943	5591	5666	922	1	75	0.0133333
NODE_73_length_7036_cov_65.961943	5591	5666	923	1	75	0.0133333
NODE_73_length_7036_cov_65.961943	5591	5666	924	1	75	0.0133333
NODE_73_length_7036_cov_65.961943	5591	5666	925	1	75	0.0133333
NODE_73_length_7036_cov_65.961943	5591	5666	926	1	75	0.0133333
NODE_73_length_7036_cov_65.961943	5591	5666	928	1	75	0.0133333
NODE_73_length_7036_cov_65.961943	5591	5666	930	1	75	0.0133333
NODE_73_length_7036_cov_65.961943	5591	5666	933	1	75	0.0133333
NODE_73_length_7036_cov_65.961943	5591	5666	934	1	75	0.0133333
NODE_73_length_7036_cov_65.961943	5591	5666	935	2	75	0.0266667
NODE_73_length_7036_cov_65.961943	5591	5666	936	2	75	0.0266667
NODE_73_length_7036_cov_65.961943	5591	5666	937	3	75	0.0400000
NODE_73_length_7036_cov_65.961943	5591	5666	938	1	75	0.0133333
NODE_73_length_7036_cov_65.961943	5591	5666	939	1	75	0.0133333
NODE_73_length_7036_cov_65.961943	5591	5666	940	2	75	0.0266667
NODE_73_length_7036_cov_65.961943	5591	5666	941	2	75	0.0266667
NODE_73_length_7036_cov_65.961943	5591	5666	942	1	75	0.0133333
NODE_73_length_7036_cov_65.961943	5591	5666	944	1	75	0.0133333
NODE_73_length_7036_cov_65.961943	5591	5666	945	2	75	0.0266667
NODE_73_length_7036_cov_65.961943	5591	5666	947	1	75	0.0133333
NODE_73_length_7036_cov_65.961943	5591	5666	948	1	75	0.0133333
NODE_73_length_7036_cov_65.961943	5690	5746	382	1	56	0.0178571
NODE_73_length_7036_cov_65.961943	5690	5746	384	1	56	0.0178571
NODE_73_length_7036_cov_65.961943	5690	5746	388	1	56	0.0178571
NODE_73_length_7036_cov_65.961943	5690	5746	395	1	56	0.0178571
NODE_73_length_7036_cov_65.961943	5690	5746	401	1	56	0.0178571
NODE_73_length_7036_cov_65.961943	5690	5746	411	1	56	0.0178571
NODE_73_length_7036_cov_65.961943	5690	5746	413	1	56	0.0178571
NODE_73_length_7036_cov_65.961943	5690	5746	415	1	56	0.0178571
NODE_73_length_7036_cov_65.961943	5690	5746	429	2	56	0.0357143
NODE_73_length_7036_cov_65.961943	5690	5746	431	1	56	0.0178571
NODE_73_length_7036_cov_65.961943	5690	5746	447	1	56	0.0178571
NODE_73_length_7036_cov_65.961943	5690	5746	449	1	56	0.0178571
NODE_73_length_7036_cov_65.961943	5690	5746	452	1	56	0.0178571
NODE_73_length_7036_cov_65.961943	5690	5746	460	1	56	0.0178571
NODE_73_length_7036_cov_65.961943	5690	5746	462	1	56	0.0178571
NODE_73_length_7036_cov_65.961943	5690	5746	466	1	56	0.0178571
NODE_73_length_7036_cov_65.961943	5690	5746	471	1	56	0.0178571
NODE_73_length_7036_cov_65.961943	5690	5746	476	2	56	0.0357143
NODE_73_length_7036_cov_65.961943	5690	5746	478	1	56	0.0178571
NODE_73_length_7036_cov_65.961943	5690	5746	480	1	56	0.0178571
NODE_73_length_7036_cov_65.961943	5690	5746	485	1	56	0.0178571
NODE_73_length_7036_cov_65.961943	5690	5746	491	1	56	0.0178571
NODE_73_length_7036_cov_65.961943	5690	5746	496	1	56	0.0178571
NODE_73_length_7036_cov_65.961943	5690	5746	510	1	56	0.0178571
NODE_73_length_7036_cov_65.961943	5690	5746	516	1	56	0.0178571
NODE_73_length_7036_cov_65.961943	5690	5746	526	1	56	0.0178571
NODE_73_length_7036_cov_65.961943	5690	5746	544	1	56	0.0178571
NODE_73_length_7036_cov_65.961943	5690	5746	557	1	56	0.0178571
NODE_73_length_7036_cov_65.961943	5690	5746	562	1	56	0.0178571
NODE_73_length_7036_cov_65.961943	5690	5746	570	1	56	0.0178571
NODE_73_length_7036_cov_65.961943	5690	5746	579	1	56	0.0178571
NODE_73_length_7036_cov_65.961943	5690	5746	589	1	56	0.0178571
NODE_73_length_7036_cov_65.961943	5690	5746	605	1	56	0.0178571
NODE_73_length_7036_cov_65.961943	5690	5746	609	1	56	0.0178571
NODE_73_length_7036_cov_65.961943	5690	5746	617	1	56	0.0178571
NODE_73_length_7036_cov_65.961943	5690	5746	621	2	56	0.0357143
NODE_73_length_7036_cov_65.961943	5690	5746	622	1	56	0.0178571
NODE_73_length_7036_cov_65.961943	5690	5746	625	1	56	0.0178571
NODE_73_length_7036_cov_65.961943	5690	5746	631	1	56	0.0178571
NODE_73_length_7036_cov_65.961943	5690	5746	636	1	56	0.0178571
NODE_73_length_7036_cov_65.961943	5690	5746	648	1	56	0.0178571
NODE_73_length_7036_cov_65.961943	5690	5746	670	1	56	0.0178571
NODE_73_length_7036_cov_65.961943	5690	5746	676	1	56	0.0178571
NODE_73_length_7036_cov_65.961943	5690	5746	680	1	56	0.0178571
NODE_73_length_7036_cov_65.961943	5690	5746	690	1	56	0.0178571
NODE_73_length_7036_cov_65.961943	5690	5746	702	1	56	0.0178571
NODE_73_length_7036_cov_65.961943	5690	5746	706	1	56	0.0178571
NODE_73_length_7036_cov_65.961943	5690	5746	712	1	56	0.0178571
NODE_73_length_7036_cov_65.961943	5690	5746	718	1	56	0.0178571
NODE_73_length_7036_cov_65.961943	5690	5746	721	1	56	0.0178571
NODE_73_length_7036_cov_65.961943	5690	5746	730	1	56	0.0178571
NODE_73_length_7036_cov_65.961943	5690	5746	733	1	56	0.0178571
NODE_73_length_7036_cov_65.961943	5690	5746	739	1	56	0.0178571
NODE_73_length_7036_cov_65.961943	6373	6453	0	80	80	1.0000000
NODE_73_length_7036_cov_65.961943	6426	6506	0	80	80	1.0000000
NODE_74_length_6974_cov_16.058327	976	1056	4	2	80	0.0250000
NODE_74_length_6974_cov_16.058327	976	1056	8	24	80	0.3000000
NODE_74_length_6974_cov_16.058327	976	1056	9	8	80	0.1000000
NODE_74_length_6974_cov_16.058327	976	1056	10	41	80	0.5125000
NODE_74_length_6974_cov_16.058327	976	1056	11	5	80	0.0625000
NODE_74_length_6974_cov_16.058327	1029	1109	8	29	80	0.3625000
NODE_74_length_6974_cov_16.058327	1029	1109	9	7	80	0.0875000
NODE_74_length_6974_cov_16.058327	1029	1109	11	25	80	0.3125000
NODE_74_length_6974_cov_16.058327	1029	1109	12	15	80	0.1875000
NODE_74_length_6974_cov_16.058327	1029	1109	13	4	80	0.0500000
NODE_80_length_6826_cov_10.483574	4462	4542	0	10	80	0.1250000
NODE_80_length_6826_cov_10.483574	4462	4542	10	4	80	0.0500000
NODE_80_length_6826_cov_10.483574	4462	4542	12	4	80	0.0500000
NODE_80_length_6826_cov_10.483574	4462	4542	18	9	80	0.1125000
NODE_80_length_6826_cov_10.483574	4462	4542	20	1	80	0.0125000
NODE_80_length_6826_cov_10.483574	4462	4542	22	1	80	0.0125000
NODE_80_length_6826_cov_10.483574	4462	4542	23	4	80	0.0500000
NODE_80_length_6826_cov_10.483574	4462	4542	27	16	80	0.2000000
NODE_80_length_6826_cov_10.483574	4462	4542	35	4	80	0.0500000
NODE_80_length_6826_cov_10.483574	4462	4542	37	5	80	0.0625000
NODE_80_length_6826_cov_10.483574	4462	4542	39	1	80	0.0125000
NODE_80_length_6826_cov_10.483574	4462	4542	41	3	80	0.0375000
NODE_80_length_6826_cov_10.483574	4462	4542	43	3	80	0.0375000
NODE_80_length_6826_cov_10.483574	4462	4542	45	3	80	0.0375000
NODE_80_length_6826_cov_10.483574	4462	4542	47	7	80	0.0875000
NODE_80_length_6826_cov_10.483574	4462	4542	49	5	80	0.0625000
NODE_80_length_6826_cov_10.483574	4515	4595	37	5	80	0.0625000
NODE_80_length_6826_cov_10.483574	4515	4595	39	1	80	0.0125000
NODE_80_length_6826_cov_10.483574	4515	4595	41	3	80	0.0375000
NODE_80_length_6826_cov_10.483574	4515	4595	43	3	80	0.0375000
NODE_80_length_6826_cov_10.483574	4515	4595	45	3	80	0.0375000
NODE_80_length_6826_cov_10.483574	4515	4595	47	14	80	0.1750000
NODE_80_length_6826_cov_10.483574	4515	4595	49	8	80	0.1000000
NODE_80_length_6826_cov_10.483574	4515	4595	51	43	80	0.5375000
NODE_81_length_6816_cov_2.820753	6726	6801	0	75	75	1.0000000
NODE_81_length_6816_cov_2.820753	6774	6816	0	42	42	1.0000000
NODE_84_length_6744_cov_6.222272	5	85	0	8	80	0.1000000
NODE_84_length_6744_cov_6.222272	5	85	2	19	80	0.2375000
NODE_84_length_6744_cov_6.222272	5	85	8	20	80	0.2500000
NODE_84_length_6744_cov_6.222272	5	85	10	33	80	0.4125000
NODE_84_length_6744_cov_6.222272	58	138	4	17	80	0.2125000
NODE_84_length_6744_cov_6.222272	58	138	10	56	80	0.7000000
NODE_84_length_6744_cov_6.222272	58	138	12	7	80	0.0875000
NODE_84_length_6744_cov_6.222272	6650	6730	2	2	80	0.0250000
NODE_84_length_6744_cov_6.222272	6650	6730	4	44	80	0.5500000
NODE_84_length_6744_cov_6.222272	6650	6730	5	11	80	0.1375000
NODE_84_length_6744_cov_6.222272	6650	6730	6	23	80	0.2875000
NODE_84_length_6744_cov_6.222272	6703	6744	0	8	41	0.1951219
NODE_84_length_6744_cov_6.222272	6703	6744	1	4	41	0.0975610
NODE_84_length_6744_cov_6.222272	6703	6744	2	4	41	0.0975610
NODE_84_length_6744_cov_6.222272	6703	6744	4	25	41	0.6097561
NODE_86_length_6733_cov_88.965029	3141	3221	0	80	80	1.0000000
NODE_86_length_6733_cov_88.965029	3194	3274	0	57	80	0.7125000
NODE_86_length_6733_cov_88.965029	3194	3274	2	15	80	0.1875000
NODE_86_length_6733_cov_88.965029	3194	3274	4	8	80	0.1000000
NODE_86_length_6733_cov_88.965029	3270	3350	0	5	80	0.0625000
NODE_86_length_6733_cov_88.965029	3270	3350	2	17	80	0.2125000
NODE_86_length_6733_cov_88.965029	3270	3350	4	58	80	0.7250000
NODE_86_length_6733_cov_88.965029	3323	3403	0	58	80	0.7250000
NODE_86_length_6733_cov_88.965029	3323	3403	2	17	80	0.2125000
NODE_86_length_6733_cov_88.965029	3323	3403	4	5	80	0.0625000
NODE_90_length_6627_cov_9.440564	350	430	0	80	80	1.0000000
NODE_90_length_6627_cov_9.440564	403	483	0	80	80	1.0000000
NODE_95_length_6507_cov_95.786049	171	247	0	73	76	0.9605263
NODE_95_length_6507_cov_95.786049	171	247	2	1	76	0.0131579
NODE_95_length_6507_cov_95.786049	171	247	4	1	76	0.0131579
NODE_95_length_6507_cov_95.786049	171	247	6	1	76	0.0131579
NODE_96_length_6497_cov_2.677399	366	436	22	29	70	0.4142857
NODE_96_length_6497_cov_2.677399	366	436	23	2	70	0.0285714
NODE_96_length_6497_cov_2.677399	366	436	24	5	70	0.0714286
NODE_96_length_6497_cov_2.677399	366	436	26	7	70	0.1000000
NODE_96_length_6497_cov_2.677399	366	436	28	5	70	0.0714286
NODE_96_length_6497_cov_2.677399	366	436	30	22	70	0.3142857
NODE_96_length_6497_cov_2.677399	409	444	21	4	35	0.1142857
NODE_96_length_6497_cov_2.677399	409	444	22	5	35	0.1428571
NODE_96_length_6497_cov_2.677399	409	444	23	2	35	0.0571429
NODE_96_length_6497_cov_2.677399	409	444	24	6	35	0.1714286
NODE_96_length_6497_cov_2.677399	409	444	25	1	35	0.0285714
NODE_96_length_6497_cov_2.677399	409	444	26	7	35	0.2000000
NODE_96_length_6497_cov_2.677399	409	444	28	3	35	0.0857143
NODE_96_length_6497_cov_2.677399	409	444	30	7	35	0.2000000
NODE_97_length_6450_cov_26.108172	5024	5104	0	26	80	0.3250000
NODE_97_length_6450_cov_26.108172	5024	5104	2	24	80	0.3000000
NODE_97_length_6450_cov_26.108172	5024	5104	4	30	80	0.3750000
NODE_109_length_6171_cov_36.061100	3743	3813	31	1	70	0.0142857
NODE_109_length_6171_cov_36.061100	3743	3813	34	3	70	0.0428571
NODE_109_length_6171_cov_36.061100	3743	3813	47	1	70	0.0142857
NODE_109_length_6171_cov_36.061100	3743	3813	59	1	70	0.0142857
NODE_109_length_6171_cov_36.061100	3743	3813	61	1	70	0.0142857
NODE_109_length_6171_cov_36.061100	3743	3813	68	1	70	0.0142857
NODE_109_length_6171_cov_36.061100	3743	3813	73	2	70	0.0285714
NODE_109_length_6171_cov_36.061100	3743	3813	76	5	70	0.0714286
NODE_109_length_6171_cov_36.061100	3743	3813	82	1	70	0.0142857
NODE_109_length_6171_cov_36.061100	3743	3813	85	1	70	0.0142857
NODE_109_length_6171_cov_36.061100	3743	3813	89	1	70	0.0142857
NODE_109_length_6171_cov_36.061100	3743	3813	95	1	70	0.0142857
NODE_109_length_6171_cov_36.061100	3743	3813	102	1	70	0.0142857
NODE_109_length_6171_cov_36.061100	3743	3813	103	4	70	0.0571429
NODE_109_length_6171_cov_36.061100	3743	3813	104	1	70	0.0142857
NODE_109_length_6171_cov_36.061100	3743	3813	105	6	70	0.0857143
NODE_109_length_6171_cov_36.061100	3743	3813	119	5	70	0.0714286
NODE_109_length_6171_cov_36.061100	3743	3813	126	2	70	0.0285714
NODE_109_length_6171_cov_36.061100	3743	3813	127	1	70	0.0142857
NODE_109_length_6171_cov_36.061100	3743	3813	128	2	70	0.0285714
NODE_109_length_6171_cov_36.061100	3743	3813	129	1	70	0.0142857
NODE_109_length_6171_cov_36.061100	3743	3813	130	2	70	0.0285714
NODE_109_length_6171_cov_36.061100	3743	3813	131	1	70	0.0142857
NODE_109_length_6171_cov_36.061100	3743	3813	132	2	70	0.0285714
NODE_109_length_6171_cov_36.061100	3743	3813	134	1	70	0.0142857
NODE_109_length_6171_cov_36.061100	3743	3813	135	6	70	0.0857143
NODE_109_length_6171_cov_36.061100	3743	3813	136	1	70	0.0142857
NODE_109_length_6171_cov_36.061100	3743	3813	138	4	70	0.0571429
NODE_109_length_6171_cov_36.061100	3743	3813	140	4	70	0.0571429
NODE_109_length_6171_cov_36.061100	3743	3813	141	7	70	0.1000000
NODE_109_length_6171_cov_36.061100	3798	3851	91	1	53	0.0188679
NODE_109_length_6171_cov_36.061100	3798	3851	95	1	53	0.0188679
NODE_109_length_6171_cov_36.061100	3798	3851	102	4	53	0.0754717
NODE_109_length_6171_cov_36.061100	3798	3851	103	1	53	0.0188679
NODE_109_length_6171_cov_36.061100	3798	3851	105	1	53	0.0188679
NODE_109_length_6171_cov_36.061100	3798	3851	107	1	53	0.0188679
NODE_109_length_6171_cov_36.061100	3798	3851	108	1	53	0.0188679
NODE_109_length_6171_cov_36.061100	3798	3851	111	1	53	0.0188679
NODE_109_length_6171_cov_36.061100	3798	3851	112	1	53	0.0188679
NODE_109_length_6171_cov_36.061100	3798	3851	113	1	53	0.0188679
NODE_109_length_6171_cov_36.061100	3798	3851	134	4	53	0.0754717
NODE_109_length_6171_cov_36.061100	3798	3851	138	4	53	0.0754717
NODE_109_length_6171_cov_36.061100	3798	3851	140	4	53	0.0754717
NODE_109_length_6171_cov_36.061100	3798	3851	141	7	53	0.1320755
NODE_109_length_6171_cov_36.061100	3798	3851	143	2	53	0.0377358
NODE_109_length_6171_cov_36.061100	3798	3851	144	3	53	0.0566038
NODE_109_length_6171_cov_36.061100	3798	3851	145	3	53	0.0566038
NODE_109_length_6171_cov_36.061100	3798	3851	148	3	53	0.0566038
NODE_109_length_6171_cov_36.061100	3798	3851	150	2	53	0.0377358
NODE_109_length_6171_cov_36.061100	3798	3851	151	2	53	0.0377358
NODE_109_length_6171_cov_36.061100	3798	3851	152	1	53	0.0188679
NODE_109_length_6171_cov_36.061100	3798	3851	155	5	53	0.0943396
NODE_109_length_6171_cov_36.061100	4552	4596	413	1	44	0.0227273
NODE_109_length_6171_cov_36.061100	4552	4596	416	1	44	0.0227273
NODE_109_length_6171_cov_36.061100	4552	4596	417	1	44	0.0227273
NODE_109_length_6171_cov_36.061100	4552	4596	418	1	44	0.0227273
NODE_109_length_6171_cov_36.061100	4552	4596	421	1	44	0.0227273
NODE_109_length_6171_cov_36.061100	4552	4596	426	1	44	0.0227273
NODE_109_length_6171_cov_36.061100	4552	4596	431	1	44	0.0227273
NODE_109_length_6171_cov_36.061100	4552	4596	434	2	44	0.0454545
NODE_109_length_6171_cov_36.061100	4552	4596	440	1	44	0.0227273
NODE_109_length_6171_cov_36.061100	4552	4596	446	1	44	0.0227273
NODE_109_length_6171_cov_36.061100	4552	4596	467	1	44	0.0227273
NODE_109_length_6171_cov_36.061100	4552	4596	469	1	44	0.0227273
NODE_109_length_6171_cov_36.061100	4552	4596	472	1	44	0.0227273
NODE_109_length_6171_cov_36.061100	4552	4596	473	1	44	0.0227273
NODE_109_length_6171_cov_36.061100	4552	4596	475	1	44	0.0227273
NODE_109_length_6171_cov_36.061100	4552	4596	476	1	44	0.0227273
NODE_109_length_6171_cov_36.061100	4552	4596	485	2	44	0.0454545
NODE_109_length_6171_cov_36.061100	4552	4596	486	2	44	0.0454545
NODE_109_length_6171_cov_36.061100	4552	4596	488	1	44	0.0227273
NODE_109_length_6171_cov_36.061100	4552	4596	489	2	44	0.0454545
NODE_109_length_6171_cov_36.061100	4552	4596	491	1	44	0.0227273
NODE_109_length_6171_cov_36.061100	4552	4596	495	1	44	0.0227273
NODE_109_length_6171_cov_36.061100	4552	4596	497	1	44	0.0227273
NODE_109_length_6171_cov_36.061100	4552	4596	501	1	44	0.0227273
NODE_109_length_6171_cov_36.061100	4552	4596	506	1	44	0.0227273
NODE_109_length_6171_cov_36.061100	4552	4596	509	1	44	0.0227273
NODE_109_length_6171_cov_36.061100	4552	4596	515	1	44	0.0227273
NODE_109_length_6171_cov_36.061100	4552	4596	516	1	44	0.0227273
NODE_109_length_6171_cov_36.061100	4552	4596	525	2	44	0.0454545
NODE_109_length_6171_cov_36.061100	4552	4596	526	1	44	0.0227273
NODE_109_length_6171_cov_36.061100	4552	4596	527	2	44	0.0454545
NODE_109_length_6171_cov_36.061100	4552	4596	529	1	44	0.0227273
NODE_109_length_6171_cov_36.061100	4552	4596	531	1	44	0.0227273
NODE_109_length_6171_cov_36.061100	4552	4596	532	1	44	0.0227273
NODE_109_length_6171_cov_36.061100	4552	4596	535	1	44	0.0227273
NODE_109_length_6171_cov_36.061100	4552	4596	536	1	44	0.0227273
NODE_109_length_6171_cov_36.061100	4552	4596	538	1	44	0.0227273
NODE_109_length_6171_cov_36.061100	4552	4596	540	1	44	0.0227273
NODE_109_length_6171_cov_36.061100	4569	4649	485	2	80	0.0250000
NODE_109_length_6171_cov_36.061100	4569	4649	486	2	80	0.0250000
NODE_109_length_6171_cov_36.061100	4569	4649	487	1	80	0.0125000
NODE_109_length_6171_cov_36.061100	4569	4649	488	3	80	0.0375000
NODE_109_length_6171_cov_36.061100	4569	4649	489	2	80	0.0250000
NODE_109_length_6171_cov_36.061100	4569	4649	491	1	80	0.0125000
NODE_109_length_6171_cov_36.061100	4569	4649	495	1	80	0.0125000
NODE_109_length_6171_cov_36.061100	4569	4649	496	1	80	0.0125000
NODE_109_length_6171_cov_36.061100	4569	4649	497	1	80	0.0125000
NODE_109_length_6171_cov_36.061100	4569	4649	501	2	80	0.0250000
NODE_109_length_6171_cov_36.061100	4569	4649	503	2	80	0.0250000
NODE_109_length_6171_cov_36.061100	4569	4649	505	1	80	0.0125000
NODE_109_length_6171_cov_36.061100	4569	4649	506	3	80	0.0375000
NODE_109_length_6171_cov_36.061100	4569	4649	509	1	80	0.0125000
NODE_109_length_6171_cov_36.061100	4569	4649	512	1	80	0.0125000
NODE_109_length_6171_cov_36.061100	4569	4649	514	1	80	0.0125000
NODE_109_length_6171_cov_36.061100	4569	4649	515	1	80	0.0125000
NODE_109_length_6171_cov_36.061100	4569	4649	516	1	80	0.0125000
NODE_109_length_6171_cov_36.061100	4569	4649	517	1	80	0.0125000
NODE_109_length_6171_cov_36.061100	4569	4649	521	1	80	0.0125000
NODE_109_length_6171_cov_36.061100	4569	4649	522	1	80	0.0125000
NODE_109_length_6171_cov_36.061100	4569	4649	523	1	80	0.0125000
NODE_109_length_6171_cov_36.061100	4569	4649	525	2	80	0.0250000
NODE_109_length_6171_cov_36.061100	4569	4649	526	1	80	0.0125000
NODE_109_length_6171_cov_36.061100	4569	4649	527	2	80	0.0250000
NODE_109_length_6171_cov_36.061100	4569	4649	529	2	80	0.0250000
NODE_109_length_6171_cov_36.061100	4569	4649	530	1	80	0.0125000
NODE_109_length_6171_cov_36.061100	4569	4649	531	1	80	0.0125000
NODE_109_length_6171_cov_36.061100	4569	4649	532	2	80	0.0250000
NODE_109_length_6171_cov_36.061100	4569	4649	533	1	80	0.0125000
NODE_109_length_6171_cov_36.061100	4569	4649	534	2	80	0.0250000
NODE_109_length_6171_cov_36.061100	4569	4649	535	3	80	0.0375000
NODE_109_length_6171_cov_36.061100	4569	4649	536	2	80	0.0250000
NODE_109_length_6171_cov_36.061100	4569	4649	537	1	80	0.0125000
NODE_109_length_6171_cov_36.061100	4569	4649	538	4	80	0.0500000
NODE_109_length_6171_cov_36.061100	4569	4649	539	2	80	0.0250000
NODE_109_length_6171_cov_36.061100	4569	4649	540	7	80	0.0875000
NODE_109_length_6171_cov_36.061100	4569	4649	541	5	80	0.0625000
NODE_109_length_6171_cov_36.061100	4569	4649	542	2	80	0.0250000
NODE_109_length_6171_cov_36.061100	4569	4649	543	3	80	0.0375000
NODE_109_length_6171_cov_36.061100	4569	4649	544	3	80	0.0375000
NODE_109_length_6171_cov_36.061100	4569	4649	545	1	80	0.0125000
NODE_109_length_6171_cov_36.061100	4569	4649	546	2	80	0.0250000
NODE_109_length_6171_cov_36.061100	5742	5788	0	46	46	1.0000000
NODE_109_length_6171_cov_36.061100	5761	5841	0	80	80	1.0000000
NODE_110_length_6148_cov_58.915358	5602	5682	0	80	80	1.0000000
NODE_110_length_6148_cov_58.915358	5655	5735	0	80	80	1.0000000
NODE_112_length_6026_cov_17.775772	4124	4204	4	39	80	0.4875000
NODE_112_length_6026_cov_17.775772	4124	4204	6	37	80	0.4625000
NODE_112_length_6026_cov_17.775772	4124	4204	8	4	80	0.0500000
NODE_112_length_6026_cov_17.775772	4177	4257	4	63	80	0.7875000
NODE_112_length_6026_cov_17.775772	4177	4257	6	17	80	0.2125000
NODE_112_length_6026_cov_17.775772	4253	4333	4	4	80	0.0500000
NODE_112_length_6026_cov_17.775772	4253	4333	6	7	80	0.0875000
NODE_112_length_6026_cov_17.775772	4253	4333	7	1	80	0.0125000
NODE_112_length_6026_cov_17.775772	4253	4333	8	13	80	0.1625000
NODE_112_length_6026_cov_17.775772	4253	4333	10	27	80	0.3375000
NODE_112_length_6026_cov_17.775772	4253	4333	14	13	80	0.1625000
NODE_112_length_6026_cov_17.775772	4253	4333	16	15	80	0.1875000
NODE_112_length_6026_cov_17.775772	4306	4386	10	3	80	0.0375000
NODE_112_length_6026_cov_17.775772	4306	4386	12	1	80	0.0125000
NODE_112_length_6026_cov_17.775772	4306	4386	13	1	80	0.0125000
NODE_112_length_6026_cov_17.775772	4306	4386	14	37	80	0.4625000
NODE_112_length_6026_cov_17.775772	4306	4386	16	38	80	0.4750000
NODE_124_length_5810_cov_24.750657	2064	2144	6	1	80	0.0125000
NODE_124_length_5810_cov_24.750657	2064	2144	7	13	80	0.1625000
NODE_124_length_5810_cov_24.750657	2064	2144	8	17	80	0.2125000
NODE_124_length_5810_cov_24.750657	2064	2144	11	3	80	0.0375000
NODE_124_length_5810_cov_24.750657	2064	2144	13	13	80	0.1625000
NODE_124_length_5810_cov_24.750657	2064	2144	15	1	80	0.0125000
NODE_124_length_5810_cov_24.750657	2064	2144	17	10	80	0.1250000
NODE_124_length_5810_cov_24.750657	2064	2144	18	14	80	0.1750000
NODE_124_length_5810_cov_24.750657	2064	2144	20	7	80	0.0875000
NODE_124_length_5810_cov_24.750657	2064	2144	21	1	80	0.0125000
NODE_124_length_5810_cov_24.750657	2117	2194	0	21	77	0.2727273
NODE_124_length_5810_cov_24.750657	2117	2194	2	1	77	0.0129870
NODE_124_length_5810_cov_24.750657	2117	2194	3	3	77	0.0389610
NODE_124_length_5810_cov_24.750657	2117	2194	5	23	77	0.2987013
NODE_124_length_5810_cov_24.750657	2117	2194	6	3	77	0.0389610
NODE_124_length_5810_cov_24.750657	2117	2194	7	13	77	0.1688312
NODE_124_length_5810_cov_24.750657	2117	2194	8	13	77	0.1688312
NODE_127_length_5771_cov_10.854549	2814	2883	0	3	69	0.0434783
NODE_127_length_5771_cov_10.854549	2814	2883	2	9	69	0.1304348
NODE_127_length_5771_cov_10.854549	2814	2883	4	57	69	0.8260869
NODE_128_length_5769_cov_6.878483	5701	5731	0	30	30	1.0000000
NODE_133_length_5728_cov_16.351039	63	134	0	71	71	1.0000000
NODE_133_length_5728_cov_16.351039	2960	3040	5	34	80	0.4250000
NODE_133_length_5728_cov_16.351039	2960	3040	6	7	80	0.0875000
NODE_133_length_5728_cov_16.351039	2960	3040	7	24	80	0.3000000
NODE_133_length_5728_cov_16.351039	2960	3040	8	15	80	0.1875000
NODE_133_length_5728_cov_16.351039	5106	5172	30	1	66	0.0151515
NODE_133_length_5728_cov_16.351039	5106	5172	34	2	66	0.0303030
NODE_133_length_5728_cov_16.351039	5106	5172	36	1	66	0.0151515
NODE_133_length_5728_cov_16.351039	5106	5172	38	2	66	0.0303030
NODE_133_length_5728_cov_16.351039	5106	5172	42	4	66	0.0606061
NODE_133_length_5728_cov_16.351039	5106	5172	48	3	66	0.0454545
NODE_133_length_5728_cov_16.351039	5106	5172	51	1	66	0.0151515
NODE_133_length_5728_cov_16.351039	5106	5172	52	4	66	0.0606061
NODE_133_length_5728_cov_16.351039	5106	5172	56	9	66	0.1363636
NODE_133_length_5728_cov_16.351039	5106	5172	58	1	66	0.0151515
NODE_133_length_5728_cov_16.351039	5106	5172	61	1	66	0.0151515
NODE_133_length_5728_cov_16.351039	5106	5172	62	1	66	0.0151515
NODE_133_length_5728_cov_16.351039	5106	5172	63	3	66	0.0454545
NODE_133_length_5728_cov_16.351039	5106	5172	64	7	66	0.1060606
NODE_133_length_5728_cov_16.351039	5106	5172	66	14	66	0.2121212
NODE_133_length_5728_cov_16.351039	5106	5172	68	12	66	0.1818182
NODE_133_length_5728_cov_16.351039	5145	5225	35	1	80	0.0125000
NODE_133_length_5728_cov_16.351039	5145	5225	38	3	80	0.0375000
NODE_133_length_5728_cov_16.351039	5145	5225	40	4	80	0.0500000
NODE_133_length_5728_cov_16.351039	5145	5225	48	5	80	0.0625000
NODE_133_length_5728_cov_16.351039	5145	5225	50	2	80	0.0250000
NODE_133_length_5728_cov_16.351039	5145	5225	52	1	80	0.0125000
NODE_133_length_5728_cov_16.351039	5145	5225	53	3	80	0.0375000
NODE_133_length_5728_cov_16.351039	5145	5225	54	5	80	0.0625000
NODE_133_length_5728_cov_16.351039	5145	5225	56	5	80	0.0625000
NODE_133_length_5728_cov_16.351039	5145	5225	58	9	80	0.1125000
NODE_133_length_5728_cov_16.351039	5145	5225	60	15	80	0.1875000
NODE_133_length_5728_cov_16.351039	5145	5225	62	1	80	0.0125000
NODE_133_length_5728_cov_16.351039	5145	5225	64	3	80	0.0375000
NODE_133_length_5728_cov_16.351039	5145	5225	66	11	80	0.1375000
NODE_133_length_5728_cov_16.351039	5145	5225	68	12	80	0.1500000
NODE_137_length_5696_cov_20.656244	179	258	0	79	79	1.0000000
NODE_137_length_5696_cov_20.656244	231	311	0	80	80	1.0000000
NODE_137_length_5696_cov_20.656244	307	387	0	23	80	0.2875000
NODE_137_length_5696_cov_20.656244	307	387	1	7	80	0.0875000
NODE_137_length_5696_cov_20.656244	307	387	2	32	80	0.4000000
NODE_137_length_5696_cov_20.656244	307	387	6	18	80	0.2250000
NODE_137_length_5696_cov_20.656244	360	440	2	9	80	0.1125000
NODE_137_length_5696_cov_20.656244	360	440	6	71	80	0.8875000
NODE_137_length_5696_cov_20.656244	5100	5180	2	17	80	0.2125000
NODE_137_length_5696_cov_20.656244	5100	5180	4	63	80	0.7875000
NODE_137_length_5696_cov_20.656244	5153	5233	0	16	80	0.2000000
NODE_137_length_5696_cov_20.656244	5153	5233	2	54	80	0.6750000
NODE_137_length_5696_cov_20.656244	5153	5233	4	10	80	0.1250000
NODE_137_length_5696_cov_20.656244	5280	5360	1	7	80	0.0875000
NODE_137_length_5696_cov_20.656244	5280	5360	2	19	80	0.2375000
NODE_137_length_5696_cov_20.656244	5280	5360	4	54	80	0.6750000
NODE_137_length_5696_cov_20.656244	5333	5413	4	67	80	0.8375000
NODE_137_length_5696_cov_20.656244	5333	5413	6	13	80	0.1625000
NODE_139_length_5681_cov_68.065030	253	333	11	1	80	0.0125000
NODE_139_length_5681_cov_68.065030	253	333	12	5	80	0.0625000
NODE_139_length_5681_cov_68.065030	253	333	14	1	80	0.0125000
NODE_139_length_5681_cov_68.065030	253	333	15	23	80	0.2875000
NODE_139_length_5681_cov_68.065030	253	333	16	50	80	0.6250000
NODE_139_length_5681_cov_68.065030	306	386	0	8	80	0.1000000
NODE_139_length_5681_cov_68.065030	306	386	1	20	80	0.2500000
NODE_139_length_5681_cov_68.065030	306	386	5	20	80	0.2500000
NODE_139_length_5681_cov_68.065030	306	386	8	2	80	0.0250000
NODE_139_length_5681_cov_68.065030	306	386	11	4	80	0.0500000
NODE_139_length_5681_cov_68.065030	306	386	14	1	80	0.0125000
NODE_139_length_5681_cov_68.065030	306	386	15	23	80	0.2875000
NODE_139_length_5681_cov_68.065030	306	386	16	2	80	0.0250000
NODE_139_length_5681_cov_68.065030	4762	4842	289	1	80	0.0125000
NODE_139_length_5681_cov_68.065030	4762	4842	294	1	80	0.0125000
NODE_139_length_5681_cov_68.065030	4762	4842	298	1	80	0.0125000
NODE_139_length_5681_cov_68.065030	4762	4842	300	1	80	0.0125000
NODE_139_length_5681_cov_68.065030	4762	4842	310	1	80	0.0125000
NODE_139_length_5681_cov_68.065030	4762	4842	319	1	80	0.0125000
NODE_139_length_5681_cov_68.065030	4762	4842	320	1	80	0.0125000
NODE_139_length_5681_cov_68.065030	4762	4842	327	1	80	0.0125000
NODE_139_length_5681_cov_68.065030	4762	4842	334	2	80	0.0250000
NODE_139_length_5681_cov_68.065030	4762	4842	335	3	80	0.0375000
NODE_139_length_5681_cov_68.065030	4762	4842	336	1	80	0.0125000
NODE_139_length_5681_cov_68.065030	4762	4842	337	1	80	0.0125000
NODE_139_length_5681_cov_68.065030	4762	4842	341	1	80	0.0125000
NODE_139_length_5681_cov_68.065030	4762	4842	342	2	80	0.0250000
NODE_139_length_5681_cov_68.065030	4762	4842	344	2	80	0.0250000
NODE_139_length_5681_cov_68.065030	4762	4842	350	2	80	0.0250000
NODE_139_length_5681_cov_68.065030	4762	4842	351	2	80	0.0250000
NODE_139_length_5681_cov_68.065030	4762	4842	356	1	80	0.0125000
NODE_139_length_5681_cov_68.065030	4762	4842	357	1	80	0.0125000
NODE_139_length_5681_cov_68.065030	4762	4842	363	1	80	0.0125000
NODE_139_length_5681_cov_68.065030	4762	4842	364	5	80	0.0625000
NODE_139_length_5681_cov_68.065030	4762	4842	365	1	80	0.0125000
NODE_139_length_5681_cov_68.065030	4762	4842	366	1	80	0.0125000
NODE_139_length_5681_cov_68.065030	4762	4842	367	5	80	0.0625000
NODE_139_length_5681_cov_68.065030	4762	4842	368	1	80	0.0125000
NODE_139_length_5681_cov_68.065030	4762	4842	369	2	80	0.0250000
NODE_139_length_5681_cov_68.065030	4762	4842	371	2	80	0.0250000
NODE_139_length_5681_cov_68.065030	4762	4842	374	8	80	0.1000000
NODE_139_length_5681_cov_68.065030	4762	4842	375	1	80	0.0125000
NODE_139_length_5681_cov_68.065030	4762	4842	377	1	80	0.0125000
NODE_139_length_5681_cov_68.065030	4762	4842	380	4	80	0.0500000
NODE_139_length_5681_cov_68.065030	4762	4842	381	2	80	0.0250000
NODE_139_length_5681_cov_68.065030	4762	4842	382	2	80	0.0250000
NODE_139_length_5681_cov_68.065030	4762	4842	385	1	80	0.0125000
NODE_139_length_5681_cov_68.065030	4762	4842	386	2	80	0.0250000
NODE_139_length_5681_cov_68.065030	4762	4842	387	2	80	0.0250000
NODE_139_length_5681_cov_68.065030	4762	4842	389	2	80	0.0250000
NODE_139_length_5681_cov_68.065030	4762	4842	392	2	80	0.0250000
NODE_139_length_5681_cov_68.065030	4762	4842	393	5	80	0.0625000
NODE_139_length_5681_cov_68.065030	4762	4842	396	3	80	0.0375000
NODE_139_length_5681_cov_68.065030	4762	4842	401	1	80	0.0125000
NODE_139_length_5681_cov_68.065030	4762	4842	289	1	80	0.0125000
NODE_139_length_5681_cov_68.065030	4762	4842	294	1	80	0.0125000
NODE_139_length_5681_cov_68.065030	4762	4842	298	1	80	0.0125000
NODE_139_length_5681_cov_68.065030	4762	4842	300	1	80	0.0125000
NODE_139_length_5681_cov_68.065030	4762	4842	310	1	80	0.0125000
NODE_139_length_5681_cov_68.065030	4762	4842	319	1	80	0.0125000
NODE_139_length_5681_cov_68.065030	4762	4842	320	1	80	0.0125000
NODE_139_length_5681_cov_68.065030	4762	4842	327	1	80	0.0125000
NODE_139_length_5681_cov_68.065030	4762	4842	334	2	80	0.0250000
NODE_139_length_5681_cov_68.065030	4762	4842	335	3	80	0.0375000
NODE_139_length_5681_cov_68.065030	4762	4842	336	1	80	0.0125000
NODE_139_length_5681_cov_68.065030	4762	4842	337	1	80	0.0125000
NODE_139_length_5681_cov_68.065030	4762	4842	341	1	80	0.0125000
NODE_139_length_5681_cov_68.065030	4762	4842	342	2	80	0.0250000
NODE_139_length_5681_cov_68.065030	4762	4842	344	2	80	0.0250000
NODE_139_length_5681_cov_68.065030	4762	4842	350	2	80	0.0250000
NODE_139_length_5681_cov_68.065030	4762	4842	351	2	80	0.0250000
NODE_139_length_5681_cov_68.065030	4762	4842	356	1	80	0.0125000
NODE_139_length_5681_cov_68.065030	4762	4842	357	1	80	0.0125000
NODE_139_length_5681_cov_68.065030	4762	4842	363	1	80	0.0125000
NODE_139_length_5681_cov_68.065030	4762	4842	364	5	80	0.0625000
NODE_139_length_5681_cov_68.065030	4762	4842	365	1	80	0.0125000
NODE_139_length_5681_cov_68.065030	4762	4842	366	1	80	0.0125000
NODE_139_length_5681_cov_68.065030	4762	4842	367	5	80	0.0625000
NODE_139_length_5681_cov_68.065030	4762	4842	368	1	80	0.0125000
NODE_139_length_5681_cov_68.065030	4762	4842	369	2	80	0.0250000
NODE_139_length_5681_cov_68.065030	4762	4842	371	2	80	0.0250000
NODE_139_length_5681_cov_68.065030	4762	4842	374	8	80	0.1000000
NODE_139_length_5681_cov_68.065030	4762	4842	375	1	80	0.0125000
NODE_139_length_5681_cov_68.065030	4762	4842	377	1	80	0.0125000
NODE_139_length_5681_cov_68.065030	4762	4842	380	4	80	0.0500000
NODE_139_length_5681_cov_68.065030	4762	4842	381	2	80	0.0250000
NODE_139_length_5681_cov_68.065030	4762	4842	382	2	80	0.0250000
NODE_139_length_5681_cov_68.065030	4762	4842	385	1	80	0.0125000
NODE_139_length_5681_cov_68.065030	4762	4842	386	2	80	0.0250000
NODE_139_length_5681_cov_68.065030	4762	4842	387	2	80	0.0250000
NODE_139_length_5681_cov_68.065030	4762	4842	389	2	80	0.0250000
NODE_139_length_5681_cov_68.065030	4762	4842	392	2	80	0.0250000
NODE_139_length_5681_cov_68.065030	4762	4842	393	5	80	0.0625000
NODE_139_length_5681_cov_68.065030	4762	4842	396	3	80	0.0375000
NODE_139_length_5681_cov_68.065030	4762	4842	401	1	80	0.0125000
NODE_139_length_5681_cov_68.065030	4762	4842	289	1	80	0.0125000
NODE_139_length_5681_cov_68.065030	4762	4842	294	1	80	0.0125000
NODE_139_length_5681_cov_68.065030	4762	4842	298	1	80	0.0125000
NODE_139_length_5681_cov_68.065030	4762	4842	300	1	80	0.0125000
NODE_139_length_5681_cov_68.065030	4762	4842	310	1	80	0.0125000
NODE_139_length_5681_cov_68.065030	4762	4842	319	1	80	0.0125000
NODE_139_length_5681_cov_68.065030	4762	4842	320	1	80	0.0125000
NODE_139_length_5681_cov_68.065030	4762	4842	327	1	80	0.0125000
NODE_139_length_5681_cov_68.065030	4762	4842	334	2	80	0.0250000
NODE_139_length_5681_cov_68.065030	4762	4842	335	3	80	0.0375000
NODE_139_length_5681_cov_68.065030	4762	4842	336	1	80	0.0125000
NODE_139_length_5681_cov_68.065030	4762	4842	337	1	80	0.0125000
NODE_139_length_5681_cov_68.065030	4762	4842	341	1	80	0.0125000
NODE_139_length_5681_cov_68.065030	4762	4842	342	2	80	0.0250000
NODE_139_length_5681_cov_68.065030	4762	4842	344	2	80	0.0250000
NODE_139_length_5681_cov_68.065030	4762	4842	350	2	80	0.0250000
NODE_139_length_5681_cov_68.065030	4762	4842	351	2	80	0.0250000
NODE_139_length_5681_cov_68.065030	4762	4842	356	1	80	0.0125000
NODE_139_length_5681_cov_68.065030	4762	4842	357	1	80	0.0125000
NODE_139_length_5681_cov_68.065030	4762	4842	363	1	80	0.0125000
NODE_139_length_5681_cov_68.065030	4762	4842	364	5	80	0.0625000
NODE_139_length_5681_cov_68.065030	4762	4842	365	1	80	0.0125000
NODE_139_length_5681_cov_68.065030	4762	4842	366	1	80	0.0125000
NODE_139_length_5681_cov_68.065030	4762	4842	367	5	80	0.0625000
NODE_139_length_5681_cov_68.065030	4762	4842	368	1	80	0.0125000
NODE_139_length_5681_cov_68.065030	4762	4842	369	2	80	0.0250000
NODE_139_length_5681_cov_68.065030	4762	4842	371	2	80	0.0250000
NODE_139_length_5681_cov_68.065030	4762	4842	374	8	80	0.1000000
NODE_139_length_5681_cov_68.065030	4762	4842	375	1	80	0.0125000
NODE_139_length_5681_cov_68.065030	4762	4842	377	1	80	0.0125000
NODE_139_length_5681_cov_68.065030	4762	4842	380	4	80	0.0500000
NODE_139_length_5681_cov_68.065030	4762	4842	381	2	80	0.0250000
NODE_139_length_5681_cov_68.065030	4762	4842	382	2	80	0.0250000
NODE_139_length_5681_cov_68.065030	4762	4842	385	1	80	0.0125000
NODE_139_length_5681_cov_68.065030	4762	4842	386	2	80	0.0250000
NODE_139_length_5681_cov_68.065030	4762	4842	387	2	80	0.0250000
NODE_139_length_5681_cov_68.065030	4762	4842	389	2	80	0.0250000
NODE_139_length_5681_cov_68.065030	4762	4842	392	2	80	0.0250000
NODE_139_length_5681_cov_68.065030	4762	4842	393	5	80	0.0625000
NODE_139_length_5681_cov_68.065030	4762	4842	396	3	80	0.0375000
NODE_139_length_5681_cov_68.065030	4762	4842	401	1	80	0.0125000
NODE_139_length_5681_cov_68.065030	4762	4842	289	1	80	0.0125000
NODE_139_length_5681_cov_68.065030	4762	4842	294	1	80	0.0125000
NODE_139_length_5681_cov_68.065030	4762	4842	298	1	80	0.0125000
NODE_139_length_5681_cov_68.065030	4762	4842	300	1	80	0.0125000
NODE_139_length_5681_cov_68.065030	4762	4842	310	1	80	0.0125000
NODE_139_length_5681_cov_68.065030	4762	4842	319	1	80	0.0125000
NODE_139_length_5681_cov_68.065030	4762	4842	320	1	80	0.0125000
NODE_139_length_5681_cov_68.065030	4762	4842	327	1	80	0.0125000
NODE_139_length_5681_cov_68.065030	4762	4842	334	2	80	0.0250000
NODE_139_length_5681_cov_68.065030	4762	4842	335	3	80	0.0375000
NODE_139_length_5681_cov_68.065030	4762	4842	336	1	80	0.0125000
NODE_139_length_5681_cov_68.065030	4762	4842	337	1	80	0.0125000
NODE_139_length_5681_cov_68.065030	4762	4842	341	1	80	0.0125000
NODE_139_length_5681_cov_68.065030	4762	4842	342	2	80	0.0250000
NODE_139_length_5681_cov_68.065030	4762	4842	344	2	80	0.0250000
NODE_139_length_5681_cov_68.065030	4762	4842	350	2	80	0.0250000
NODE_139_length_5681_cov_68.065030	4762	4842	351	2	80	0.0250000
NODE_139_length_5681_cov_68.065030	4762	4842	356	1	80	0.0125000
NODE_139_length_5681_cov_68.065030	4762	4842	357	1	80	0.0125000
NODE_139_length_5681_cov_68.065030	4762	4842	363	1	80	0.0125000
NODE_139_length_5681_cov_68.065030	4762	4842	364	5	80	0.0625000
NODE_139_length_5681_cov_68.065030	4762	4842	365	1	80	0.0125000
NODE_139_length_5681_cov_68.065030	4762	4842	366	1	80	0.0125000
NODE_139_length_5681_cov_68.065030	4762	4842	367	5	80	0.0625000
NODE_139_length_5681_cov_68.065030	4762	4842	368	1	80	0.0125000
NODE_139_length_5681_cov_68.065030	4762	4842	369	2	80	0.0250000
NODE_139_length_5681_cov_68.065030	4762	4842	371	2	80	0.0250000
NODE_139_length_5681_cov_68.065030	4762	4842	374	8	80	0.1000000
NODE_139_length_5681_cov_68.065030	4762	4842	375	1	80	0.0125000
NODE_139_length_5681_cov_68.065030	4762	4842	377	1	80	0.0125000
NODE_139_length_5681_cov_68.065030	4762	4842	380	4	80	0.0500000
NODE_139_length_5681_cov_68.065030	4762	4842	381	2	80	0.0250000
NODE_139_length_5681_cov_68.065030	4762	4842	382	2	80	0.0250000
NODE_139_length_5681_cov_68.065030	4762	4842	385	1	80	0.0125000
NODE_139_length_5681_cov_68.065030	4762	4842	386	2	80	0.0250000
NODE_139_length_5681_cov_68.065030	4762	4842	387	2	80	0.0250000
NODE_139_length_5681_cov_68.065030	4762	4842	389	2	80	0.0250000
NODE_139_length_5681_cov_68.065030	4762	4842	392	2	80	0.0250000
NODE_139_length_5681_cov_68.065030	4762	4842	393	5	80	0.0625000
NODE_139_length_5681_cov_68.065030	4762	4842	396	3	80	0.0375000
NODE_139_length_5681_cov_68.065030	4762	4842	401	1	80	0.0125000
NODE_139_length_5681_cov_68.065030	4762	4842	289	1	80	0.0125000
NODE_139_length_5681_cov_68.065030	4762	4842	294	1	80	0.0125000
NODE_139_length_5681_cov_68.065030	4762	4842	298	1	80	0.0125000
NODE_139_length_5681_cov_68.065030	4762	4842	300	1	80	0.0125000
NODE_139_length_5681_cov_68.065030	4762	4842	310	1	80	0.0125000
NODE_139_length_5681_cov_68.065030	4762	4842	319	1	80	0.0125000
NODE_139_length_5681_cov_68.065030	4762	4842	320	1	80	0.0125000
NODE_139_length_5681_cov_68.065030	4762	4842	327	1	80	0.0125000
NODE_139_length_5681_cov_68.065030	4762	4842	334	2	80	0.0250000
NODE_139_length_5681_cov_68.065030	4762	4842	335	3	80	0.0375000
NODE_139_length_5681_cov_68.065030	4762	4842	336	1	80	0.0125000
NODE_139_length_5681_cov_68.065030	4762	4842	337	1	80	0.0125000
NODE_139_length_5681_cov_68.065030	4762	4842	341	1	80	0.0125000
NODE_139_length_5681_cov_68.065030	4762	4842	342	2	80	0.0250000
NODE_139_length_5681_cov_68.065030	4762	4842	344	2	80	0.0250000
NODE_139_length_5681_cov_68.065030	4762	4842	350	2	80	0.0250000
NODE_139_length_5681_cov_68.065030	4762	4842	351	2	80	0.0250000
NODE_139_length_5681_cov_68.065030	4762	4842	356	1	80	0.0125000
NODE_139_length_5681_cov_68.065030	4762	4842	357	1	80	0.0125000
NODE_139_length_5681_cov_68.065030	4762	4842	363	1	80	0.0125000
NODE_139_length_5681_cov_68.065030	4762	4842	364	5	80	0.0625000
NODE_139_length_5681_cov_68.065030	4762	4842	365	1	80	0.0125000
NODE_139_length_5681_cov_68.065030	4762	4842	366	1	80	0.0125000
NODE_139_length_5681_cov_68.065030	4762	4842	367	5	80	0.0625000
NODE_139_length_5681_cov_68.065030	4762	4842	368	1	80	0.0125000
NODE_139_length_5681_cov_68.065030	4762	4842	369	2	80	0.0250000
NODE_139_length_5681_cov_68.065030	4762	4842	371	2	80	0.0250000
NODE_139_length_5681_cov_68.065030	4762	4842	374	8	80	0.1000000
NODE_139_length_5681_cov_68.065030	4762	4842	375	1	80	0.0125000
NODE_139_length_5681_cov_68.065030	4762	4842	377	1	80	0.0125000
NODE_139_length_5681_cov_68.065030	4762	4842	380	4	80	0.0500000
NODE_139_length_5681_cov_68.065030	4762	4842	381	2	80	0.0250000
NODE_139_length_5681_cov_68.065030	4762	4842	382	2	80	0.0250000
NODE_139_length_5681_cov_68.065030	4762	4842	385	1	80	0.0125000
NODE_139_length_5681_cov_68.065030	4762	4842	386	2	80	0.0250000
NODE_139_length_5681_cov_68.065030	4762	4842	387	2	80	0.0250000
NODE_139_length_5681_cov_68.065030	4762	4842	389	2	80	0.0250000
NODE_139_length_5681_cov_68.065030	4762	4842	392	2	80	0.0250000
NODE_139_length_5681_cov_68.065030	4762	4842	393	5	80	0.0625000
NODE_139_length_5681_cov_68.065030	4762	4842	396	3	80	0.0375000
NODE_139_length_5681_cov_68.065030	4762	4842	401	1	80	0.0125000
NODE_139_length_5681_cov_68.065030	4762	4842	289	1	80	0.0125000
NODE_139_length_5681_cov_68.065030	4762	4842	294	1	80	0.0125000
NODE_139_length_5681_cov_68.065030	4762	4842	298	1	80	0.0125000
NODE_139_length_5681_cov_68.065030	4762	4842	300	1	80	0.0125000
NODE_139_length_5681_cov_68.065030	4762	4842	310	1	80	0.0125000
NODE_139_length_5681_cov_68.065030	4762	4842	319	1	80	0.0125000
NODE_139_length_5681_cov_68.065030	4762	4842	320	1	80	0.0125000
NODE_139_length_5681_cov_68.065030	4762	4842	327	1	80	0.0125000
NODE_139_length_5681_cov_68.065030	4762	4842	334	2	80	0.0250000
NODE_139_length_5681_cov_68.065030	4762	4842	335	3	80	0.0375000
NODE_139_length_5681_cov_68.065030	4762	4842	336	1	80	0.0125000
NODE_139_length_5681_cov_68.065030	4762	4842	337	1	80	0.0125000
NODE_139_length_5681_cov_68.065030	4762	4842	341	1	80	0.0125000
NODE_139_length_5681_cov_68.065030	4762	4842	342	2	80	0.0250000
NODE_139_length_5681_cov_68.065030	4762	4842	344	2	80	0.0250000
NODE_139_length_5681_cov_68.065030	4762	4842	350	2	80	0.0250000
NODE_139_length_5681_cov_68.065030	4762	4842	351	2	80	0.0250000
NODE_139_length_5681_cov_68.065030	4762	4842	356	1	80	0.0125000
NODE_139_length_5681_cov_68.065030	4762	4842	357	1	80	0.0125000
NODE_139_length_5681_cov_68.065030	4762	4842	363	1	80	0.0125000
NODE_139_length_5681_cov_68.065030	4762	4842	364	5	80	0.0625000
NODE_139_length_5681_cov_68.065030	4762	4842	365	1	80	0.0125000
NODE_139_length_5681_cov_68.065030	4762	4842	366	1	80	0.0125000
NODE_139_length_5681_cov_68.065030	4762	4842	367	5	80	0.0625000
NODE_139_length_5681_cov_68.065030	4762	4842	368	1	80	0.0125000
NODE_139_length_5681_cov_68.065030	4762	4842	369	2	80	0.0250000
NODE_139_length_5681_cov_68.065030	4762	4842	371	2	80	0.0250000
NODE_139_length_5681_cov_68.065030	4762	4842	374	8	80	0.1000000
NODE_139_length_5681_cov_68.065030	4762	4842	375	1	80	0.0125000
NODE_139_length_5681_cov_68.065030	4762	4842	377	1	80	0.0125000
NODE_139_length_5681_cov_68.065030	4762	4842	380	4	80	0.0500000
NODE_139_length_5681_cov_68.065030	4762	4842	381	2	80	0.0250000
NODE_139_length_5681_cov_68.065030	4762	4842	382	2	80	0.0250000
NODE_139_length_5681_cov_68.065030	4762	4842	385	1	80	0.0125000
NODE_139_length_5681_cov_68.065030	4762	4842	386	2	80	0.0250000
NODE_139_length_5681_cov_68.065030	4762	4842	387	2	80	0.0250000
NODE_139_length_5681_cov_68.065030	4762	4842	389	2	80	0.0250000
NODE_139_length_5681_cov_68.065030	4762	4842	392	2	80	0.0250000
NODE_139_length_5681_cov_68.065030	4762	4842	393	5	80	0.0625000
NODE_139_length_5681_cov_68.065030	4762	4842	396	3	80	0.0375000
NODE_139_length_5681_cov_68.065030	4762	4842	401	1	80	0.0125000
NODE_139_length_5681_cov_68.065030	4769	4839	300	1	70	0.0142857
NODE_139_length_5681_cov_68.065030	4769	4839	310	1	70	0.0142857
NODE_139_length_5681_cov_68.065030	4769	4839	319	1	70	0.0142857
NODE_139_length_5681_cov_68.065030	4769	4839	320	1	70	0.0142857
NODE_139_length_5681_cov_68.065030	4769	4839	327	1	70	0.0142857
NODE_139_length_5681_cov_68.065030	4769	4839	336	1	70	0.0142857
NODE_139_length_5681_cov_68.065030	4769	4839	342	2	70	0.0285714
NODE_139_length_5681_cov_68.065030	4769	4839	344	2	70	0.0285714
NODE_139_length_5681_cov_68.065030	4769	4839	350	2	70	0.0285714
NODE_139_length_5681_cov_68.065030	4769	4839	351	2	70	0.0285714
NODE_139_length_5681_cov_68.065030	4769	4839	356	1	70	0.0142857
NODE_139_length_5681_cov_68.065030	4769	4839	357	1	70	0.0142857
NODE_139_length_5681_cov_68.065030	4769	4839	363	1	70	0.0142857
NODE_139_length_5681_cov_68.065030	4769	4839	364	5	70	0.0714286
NODE_139_length_5681_cov_68.065030	4769	4839	365	1	70	0.0142857
NODE_139_length_5681_cov_68.065030	4769	4839	366	1	70	0.0142857
NODE_139_length_5681_cov_68.065030	4769	4839	367	5	70	0.0714286
NODE_139_length_5681_cov_68.065030	4769	4839	368	1	70	0.0142857
NODE_139_length_5681_cov_68.065030	4769	4839	369	2	70	0.0285714
NODE_139_length_5681_cov_68.065030	4769	4839	371	2	70	0.0285714
NODE_139_length_5681_cov_68.065030	4769	4839	374	8	70	0.1142857
NODE_139_length_5681_cov_68.065030	4769	4839	375	1	70	0.0142857
NODE_139_length_5681_cov_68.065030	4769	4839	377	1	70	0.0142857
NODE_139_length_5681_cov_68.065030	4769	4839	380	4	70	0.0571429
NODE_139_length_5681_cov_68.065030	4769	4839	381	2	70	0.0285714
NODE_139_length_5681_cov_68.065030	4769	4839	382	2	70	0.0285714
NODE_139_length_5681_cov_68.065030	4769	4839	385	1	70	0.0142857
NODE_139_length_5681_cov_68.065030	4769	4839	386	2	70	0.0285714
NODE_139_length_5681_cov_68.065030	4769	4839	387	2	70	0.0285714
NODE_139_length_5681_cov_68.065030	4769	4839	389	2	70	0.0285714
NODE_139_length_5681_cov_68.065030	4769	4839	392	2	70	0.0285714
NODE_139_length_5681_cov_68.065030	4769	4839	393	5	70	0.0714286
NODE_139_length_5681_cov_68.065030	4769	4839	396	3	70	0.0428571
NODE_139_length_5681_cov_68.065030	4769	4839	401	1	70	0.0142857
NODE_139_length_5681_cov_68.065030	4771	4842	289	1	71	0.0140845
NODE_139_length_5681_cov_68.065030	4771	4842	294	1	71	0.0140845
NODE_139_length_5681_cov_68.065030	4771	4842	298	1	71	0.0140845
NODE_139_length_5681_cov_68.065030	4771	4842	300	1	71	0.0140845
NODE_139_length_5681_cov_68.065030	4771	4842	310	1	71	0.0140845
NODE_139_length_5681_cov_68.065030	4771	4842	319	1	71	0.0140845
NODE_139_length_5681_cov_68.065030	4771	4842	320	1	71	0.0140845
NODE_139_length_5681_cov_68.065030	4771	4842	327	1	71	0.0140845
NODE_139_length_5681_cov_68.065030	4771	4842	336	1	71	0.0140845
NODE_139_length_5681_cov_68.065030	4771	4842	342	1	71	0.0140845
NODE_139_length_5681_cov_68.065030	4771	4842	344	1	71	0.0140845
NODE_139_length_5681_cov_68.065030	4771	4842	350	2	71	0.0281690
NODE_139_length_5681_cov_68.065030	4771	4842	351	2	71	0.0281690
NODE_139_length_5681_cov_68.065030	4771	4842	356	1	71	0.0140845
NODE_139_length_5681_cov_68.065030	4771	4842	357	1	71	0.0140845
NODE_139_length_5681_cov_68.065030	4771	4842	363	1	71	0.0140845
NODE_139_length_5681_cov_68.065030	4771	4842	364	5	71	0.0704225
NODE_139_length_5681_cov_68.065030	4771	4842	365	1	71	0.0140845
NODE_139_length_5681_cov_68.065030	4771	4842	366	1	71	0.0140845
NODE_139_length_5681_cov_68.065030	4771	4842	367	5	71	0.0704225
NODE_139_length_5681_cov_68.065030	4771	4842	368	1	71	0.0140845
NODE_139_length_5681_cov_68.065030	4771	4842	369	2	71	0.0281690
NODE_139_length_5681_cov_68.065030	4771	4842	371	2	71	0.0281690
NODE_139_length_5681_cov_68.065030	4771	4842	374	8	71	0.1126761
NODE_139_length_5681_cov_68.065030	4771	4842	375	1	71	0.0140845
NODE_139_length_5681_cov_68.065030	4771	4842	377	1	71	0.0140845
NODE_139_length_5681_cov_68.065030	4771	4842	380	4	71	0.0563380
NODE_139_length_5681_cov_68.065030	4771	4842	381	2	71	0.0281690
NODE_139_length_5681_cov_68.065030	4771	4842	382	2	71	0.0281690
NODE_139_length_5681_cov_68.065030	4771	4842	385	1	71	0.0140845
NODE_139_length_5681_cov_68.065030	4771	4842	386	2	71	0.0281690
NODE_139_length_5681_cov_68.065030	4771	4842	387	2	71	0.0281690
NODE_139_length_5681_cov_68.065030	4771	4842	389	2	71	0.0281690
NODE_139_length_5681_cov_68.065030	4771	4842	392	2	71	0.0281690
NODE_139_length_5681_cov_68.065030	4771	4842	393	5	71	0.0704225
NODE_139_length_5681_cov_68.065030	4771	4842	396	3	71	0.0422535
NODE_139_length_5681_cov_68.065030	4771	4842	401	1	71	0.0140845
NODE_139_length_5681_cov_68.065030	4815	4895	103	2	80	0.0250000
NODE_139_length_5681_cov_68.065030	4815	4895	104	1	80	0.0125000
NODE_139_length_5681_cov_68.065030	4815	4895	105	1	80	0.0125000
NODE_139_length_5681_cov_68.065030	4815	4895	106	10	80	0.1250000
NODE_139_length_5681_cov_68.065030	4815	4895	120	1	80	0.0125000
NODE_139_length_5681_cov_68.065030	4815	4895	131	1	80	0.0125000
NODE_139_length_5681_cov_68.065030	4815	4895	132	1	80	0.0125000
NODE_139_length_5681_cov_68.065030	4815	4895	133	1	80	0.0125000
NODE_139_length_5681_cov_68.065030	4815	4895	137	1	80	0.0125000
NODE_139_length_5681_cov_68.065030	4815	4895	141	2	80	0.0250000
NODE_139_length_5681_cov_68.065030	4815	4895	181	1	80	0.0125000
NODE_139_length_5681_cov_68.065030	4815	4895	182	1	80	0.0125000
NODE_139_length_5681_cov_68.065030	4815	4895	186	1	80	0.0125000
NODE_139_length_5681_cov_68.065030	4815	4895	189	3	80	0.0375000
NODE_139_length_5681_cov_68.065030	4815	4895	204	1	80	0.0125000
NODE_139_length_5681_cov_68.065030	4815	4895	205	2	80	0.0250000
NODE_139_length_5681_cov_68.065030	4815	4895	208	1	80	0.0125000
NODE_139_length_5681_cov_68.065030	4815	4895	209	1	80	0.0125000
NODE_139_length_5681_cov_68.065030	4815	4895	212	2	80	0.0250000
NODE_139_length_5681_cov_68.065030	4815	4895	217	1	80	0.0125000
NODE_139_length_5681_cov_68.065030	4815	4895	218	1	80	0.0125000
NODE_139_length_5681_cov_68.065030	4815	4895	219	2	80	0.0250000
NODE_139_length_5681_cov_68.065030	4815	4895	229	2	80	0.0250000
NODE_139_length_5681_cov_68.065030	4815	4895	230	2	80	0.0250000
NODE_139_length_5681_cov_68.065030	4815	4895	236	1	80	0.0125000
NODE_139_length_5681_cov_68.065030	4815	4895	239	4	80	0.0500000
NODE_139_length_5681_cov_68.065030	4815	4895	255	1	80	0.0125000
NODE_139_length_5681_cov_68.065030	4815	4895	269	1	80	0.0125000
NODE_139_length_5681_cov_68.065030	4815	4895	279	1	80	0.0125000
NODE_139_length_5681_cov_68.065030	4815	4895	280	1	80	0.0125000
NODE_139_length_5681_cov_68.065030	4815	4895	289	3	80	0.0375000
NODE_139_length_5681_cov_68.065030	4815	4895	294	1	80	0.0125000
NODE_139_length_5681_cov_68.065030	4815	4895	298	1	80	0.0125000
NODE_139_length_5681_cov_68.065030	4815	4895	300	1	80	0.0125000
NODE_139_length_5681_cov_68.065030	4815	4895	310	1	80	0.0125000
NODE_139_length_5681_cov_68.065030	4815	4895	319	1	80	0.0125000
NODE_139_length_5681_cov_68.065030	4815	4895	320	1	80	0.0125000
NODE_139_length_5681_cov_68.065030	4815	4895	327	1	80	0.0125000
NODE_139_length_5681_cov_68.065030	4815	4895	336	1	80	0.0125000
NODE_139_length_5681_cov_68.065030	4815	4895	342	1	80	0.0125000
NODE_139_length_5681_cov_68.065030	4815	4895	351	2	80	0.0250000
NODE_139_length_5681_cov_68.065030	4815	4895	356	1	80	0.0125000
NODE_139_length_5681_cov_68.065030	4815	4895	367	4	80	0.0500000
NODE_139_length_5681_cov_68.065030	4815	4895	374	4	80	0.0500000
NODE_139_length_5681_cov_68.065030	4815	4895	385	1	80	0.0125000
NODE_139_length_5681_cov_68.065030	4815	4895	386	1	80	0.0125000
NODE_139_length_5681_cov_68.065030	4815	4895	396	3	80	0.0375000
NODE_139_length_5681_cov_68.065030	4815	4895	401	1	80	0.0125000
NODE_139_length_5681_cov_68.065030	4815	4895	103	2	80	0.0250000
NODE_139_length_5681_cov_68.065030	4815	4895	104	1	80	0.0125000
NODE_139_length_5681_cov_68.065030	4815	4895	105	1	80	0.0125000
NODE_139_length_5681_cov_68.065030	4815	4895	106	10	80	0.1250000
NODE_139_length_5681_cov_68.065030	4815	4895	120	1	80	0.0125000
NODE_139_length_5681_cov_68.065030	4815	4895	131	1	80	0.0125000
NODE_139_length_5681_cov_68.065030	4815	4895	132	1	80	0.0125000
NODE_139_length_5681_cov_68.065030	4815	4895	133	1	80	0.0125000
NODE_139_length_5681_cov_68.065030	4815	4895	137	1	80	0.0125000
NODE_139_length_5681_cov_68.065030	4815	4895	141	2	80	0.0250000
NODE_139_length_5681_cov_68.065030	4815	4895	181	1	80	0.0125000
NODE_139_length_5681_cov_68.065030	4815	4895	182	1	80	0.0125000
NODE_139_length_5681_cov_68.065030	4815	4895	186	1	80	0.0125000
NODE_139_length_5681_cov_68.065030	4815	4895	189	3	80	0.0375000
NODE_139_length_5681_cov_68.065030	4815	4895	204	1	80	0.0125000
NODE_139_length_5681_cov_68.065030	4815	4895	205	2	80	0.0250000
NODE_139_length_5681_cov_68.065030	4815	4895	208	1	80	0.0125000
NODE_139_length_5681_cov_68.065030	4815	4895	209	1	80	0.0125000
NODE_139_length_5681_cov_68.065030	4815	4895	212	2	80	0.0250000
NODE_139_length_5681_cov_68.065030	4815	4895	217	1	80	0.0125000
NODE_139_length_5681_cov_68.065030	4815	4895	218	1	80	0.0125000
NODE_139_length_5681_cov_68.065030	4815	4895	219	2	80	0.0250000
NODE_139_length_5681_cov_68.065030	4815	4895	229	2	80	0.0250000
NODE_139_length_5681_cov_68.065030	4815	4895	230	2	80	0.0250000
NODE_139_length_5681_cov_68.065030	4815	4895	236	1	80	0.0125000
NODE_139_length_5681_cov_68.065030	4815	4895	239	4	80	0.0500000
NODE_139_length_5681_cov_68.065030	4815	4895	255	1	80	0.0125000
NODE_139_length_5681_cov_68.065030	4815	4895	269	1	80	0.0125000
NODE_139_length_5681_cov_68.065030	4815	4895	279	1	80	0.0125000
NODE_139_length_5681_cov_68.065030	4815	4895	280	1	80	0.0125000
NODE_139_length_5681_cov_68.065030	4815	4895	289	3	80	0.0375000
NODE_139_length_5681_cov_68.065030	4815	4895	294	1	80	0.0125000
NODE_139_length_5681_cov_68.065030	4815	4895	298	1	80	0.0125000
NODE_139_length_5681_cov_68.065030	4815	4895	300	1	80	0.0125000
NODE_139_length_5681_cov_68.065030	4815	4895	310	1	80	0.0125000
NODE_139_length_5681_cov_68.065030	4815	4895	319	1	80	0.0125000
NODE_139_length_5681_cov_68.065030	4815	4895	320	1	80	0.0125000
NODE_139_length_5681_cov_68.065030	4815	4895	327	1	80	0.0125000
NODE_139_length_5681_cov_68.065030	4815	4895	336	1	80	0.0125000
NODE_139_length_5681_cov_68.065030	4815	4895	342	1	80	0.0125000
NODE_139_length_5681_cov_68.065030	4815	4895	351	2	80	0.0250000
NODE_139_length_5681_cov_68.065030	4815	4895	356	1	80	0.0125000
NODE_139_length_5681_cov_68.065030	4815	4895	367	4	80	0.0500000
NODE_139_length_5681_cov_68.065030	4815	4895	374	4	80	0.0500000
NODE_139_length_5681_cov_68.065030	4815	4895	385	1	80	0.0125000
NODE_139_length_5681_cov_68.065030	4815	4895	386	1	80	0.0125000
NODE_139_length_5681_cov_68.065030	4815	4895	396	3	80	0.0375000
NODE_139_length_5681_cov_68.065030	4815	4895	401	1	80	0.0125000
NODE_139_length_5681_cov_68.065030	4815	4895	103	2	80	0.0250000
NODE_139_length_5681_cov_68.065030	4815	4895	104	1	80	0.0125000
NODE_139_length_5681_cov_68.065030	4815	4895	105	1	80	0.0125000
NODE_139_length_5681_cov_68.065030	4815	4895	106	10	80	0.1250000
NODE_139_length_5681_cov_68.065030	4815	4895	120	1	80	0.0125000
NODE_139_length_5681_cov_68.065030	4815	4895	131	1	80	0.0125000
NODE_139_length_5681_cov_68.065030	4815	4895	132	1	80	0.0125000
NODE_139_length_5681_cov_68.065030	4815	4895	133	1	80	0.0125000
NODE_139_length_5681_cov_68.065030	4815	4895	137	1	80	0.0125000
NODE_139_length_5681_cov_68.065030	4815	4895	141	2	80	0.0250000
NODE_139_length_5681_cov_68.065030	4815	4895	181	1	80	0.0125000
NODE_139_length_5681_cov_68.065030	4815	4895	182	1	80	0.0125000
NODE_139_length_5681_cov_68.065030	4815	4895	186	1	80	0.0125000
NODE_139_length_5681_cov_68.065030	4815	4895	189	3	80	0.0375000
NODE_139_length_5681_cov_68.065030	4815	4895	204	1	80	0.0125000
NODE_139_length_5681_cov_68.065030	4815	4895	205	2	80	0.0250000
NODE_139_length_5681_cov_68.065030	4815	4895	208	1	80	0.0125000
NODE_139_length_5681_cov_68.065030	4815	4895	209	1	80	0.0125000
NODE_139_length_5681_cov_68.065030	4815	4895	212	2	80	0.0250000
NODE_139_length_5681_cov_68.065030	4815	4895	217	1	80	0.0125000
NODE_139_length_5681_cov_68.065030	4815	4895	218	1	80	0.0125000
NODE_139_length_5681_cov_68.065030	4815	4895	219	2	80	0.0250000
NODE_139_length_5681_cov_68.065030	4815	4895	229	2	80	0.0250000
NODE_139_length_5681_cov_68.065030	4815	4895	230	2	80	0.0250000
NODE_139_length_5681_cov_68.065030	4815	4895	236	1	80	0.0125000
NODE_139_length_5681_cov_68.065030	4815	4895	239	4	80	0.0500000
NODE_139_length_5681_cov_68.065030	4815	4895	255	1	80	0.0125000
NODE_139_length_5681_cov_68.065030	4815	4895	269	1	80	0.0125000
NODE_139_length_5681_cov_68.065030	4815	4895	279	1	80	0.0125000
NODE_139_length_5681_cov_68.065030	4815	4895	280	1	80	0.0125000
NODE_139_length_5681_cov_68.065030	4815	4895	289	3	80	0.0375000
NODE_139_length_5681_cov_68.065030	4815	4895	294	1	80	0.0125000
NODE_139_length_5681_cov_68.065030	4815	4895	298	1	80	0.0125000
NODE_139_length_5681_cov_68.065030	4815	4895	300	1	80	0.0125000
NODE_139_length_5681_cov_68.065030	4815	4895	310	1	80	0.0125000
NODE_139_length_5681_cov_68.065030	4815	4895	319	1	80	0.0125000
NODE_139_length_5681_cov_68.065030	4815	4895	320	1	80	0.0125000
NODE_139_length_5681_cov_68.065030	4815	4895	327	1	80	0.0125000
NODE_139_length_5681_cov_68.065030	4815	4895	336	1	80	0.0125000
NODE_139_length_5681_cov_68.065030	4815	4895	342	1	80	0.0125000
NODE_139_length_5681_cov_68.065030	4815	4895	351	2	80	0.0250000
NODE_139_length_5681_cov_68.065030	4815	4895	356	1	80	0.0125000
NODE_139_length_5681_cov_68.065030	4815	4895	367	4	80	0.0500000
NODE_139_length_5681_cov_68.065030	4815	4895	374	4	80	0.0500000
NODE_139_length_5681_cov_68.065030	4815	4895	385	1	80	0.0125000
NODE_139_length_5681_cov_68.065030	4815	4895	386	1	80	0.0125000
NODE_139_length_5681_cov_68.065030	4815	4895	396	3	80	0.0375000
NODE_139_length_5681_cov_68.065030	4815	4895	401	1	80	0.0125000
NODE_139_length_5681_cov_68.065030	4815	4895	103	2	80	0.0250000
NODE_139_length_5681_cov_68.065030	4815	4895	104	1	80	0.0125000
NODE_139_length_5681_cov_68.065030	4815	4895	105	1	80	0.0125000
NODE_139_length_5681_cov_68.065030	4815	4895	106	10	80	0.1250000
NODE_139_length_5681_cov_68.065030	4815	4895	120	1	80	0.0125000
NODE_139_length_5681_cov_68.065030	4815	4895	131	1	80	0.0125000
NODE_139_length_5681_cov_68.065030	4815	4895	132	1	80	0.0125000
NODE_139_length_5681_cov_68.065030	4815	4895	133	1	80	0.0125000
NODE_139_length_5681_cov_68.065030	4815	4895	137	1	80	0.0125000
NODE_139_length_5681_cov_68.065030	4815	4895	141	2	80	0.0250000
NODE_139_length_5681_cov_68.065030	4815	4895	181	1	80	0.0125000
NODE_139_length_5681_cov_68.065030	4815	4895	182	1	80	0.0125000
NODE_139_length_5681_cov_68.065030	4815	4895	186	1	80	0.0125000
NODE_139_length_5681_cov_68.065030	4815	4895	189	3	80	0.0375000
NODE_139_length_5681_cov_68.065030	4815	4895	204	1	80	0.0125000
NODE_139_length_5681_cov_68.065030	4815	4895	205	2	80	0.0250000
NODE_139_length_5681_cov_68.065030	4815	4895	208	1	80	0.0125000
NODE_139_length_5681_cov_68.065030	4815	4895	209	1	80	0.0125000
NODE_139_length_5681_cov_68.065030	4815	4895	212	2	80	0.0250000
NODE_139_length_5681_cov_68.065030	4815	4895	217	1	80	0.0125000
NODE_139_length_5681_cov_68.065030	4815	4895	218	1	80	0.0125000
NODE_139_length_5681_cov_68.065030	4815	4895	219	2	80	0.0250000
NODE_139_length_5681_cov_68.065030	4815	4895	229	2	80	0.0250000
NODE_139_length_5681_cov_68.065030	4815	4895	230	2	80	0.0250000
NODE_139_length_5681_cov_68.065030	4815	4895	236	1	80	0.0125000
NODE_139_length_5681_cov_68.065030	4815	4895	239	4	80	0.0500000
NODE_139_length_5681_cov_68.065030	4815	4895	255	1	80	0.0125000
NODE_139_length_5681_cov_68.065030	4815	4895	269	1	80	0.0125000
NODE_139_length_5681_cov_68.065030	4815	4895	279	1	80	0.0125000
NODE_139_length_5681_cov_68.065030	4815	4895	280	1	80	0.0125000
NODE_139_length_5681_cov_68.065030	4815	4895	289	3	80	0.0375000
NODE_139_length_5681_cov_68.065030	4815	4895	294	1	80	0.0125000
NODE_139_length_5681_cov_68.065030	4815	4895	298	1	80	0.0125000
NODE_139_length_5681_cov_68.065030	4815	4895	300	1	80	0.0125000
NODE_139_length_5681_cov_68.065030	4815	4895	310	1	80	0.0125000
NODE_139_length_5681_cov_68.065030	4815	4895	319	1	80	0.0125000
NODE_139_length_5681_cov_68.065030	4815	4895	320	1	80	0.0125000
NODE_139_length_5681_cov_68.065030	4815	4895	327	1	80	0.0125000
NODE_139_length_5681_cov_68.065030	4815	4895	336	1	80	0.0125000
NODE_139_length_5681_cov_68.065030	4815	4895	342	1	80	0.0125000
NODE_139_length_5681_cov_68.065030	4815	4895	351	2	80	0.0250000
NODE_139_length_5681_cov_68.065030	4815	4895	356	1	80	0.0125000
NODE_139_length_5681_cov_68.065030	4815	4895	367	4	80	0.0500000
NODE_139_length_5681_cov_68.065030	4815	4895	374	4	80	0.0500000
NODE_139_length_5681_cov_68.065030	4815	4895	385	1	80	0.0125000
NODE_139_length_5681_cov_68.065030	4815	4895	386	1	80	0.0125000
NODE_139_length_5681_cov_68.065030	4815	4895	396	3	80	0.0375000
NODE_139_length_5681_cov_68.065030	4815	4895	401	1	80	0.0125000
NODE_139_length_5681_cov_68.065030	4815	4895	103	2	80	0.0250000
NODE_139_length_5681_cov_68.065030	4815	4895	104	1	80	0.0125000
NODE_139_length_5681_cov_68.065030	4815	4895	105	1	80	0.0125000
NODE_139_length_5681_cov_68.065030	4815	4895	106	10	80	0.1250000
NODE_139_length_5681_cov_68.065030	4815	4895	120	1	80	0.0125000
NODE_139_length_5681_cov_68.065030	4815	4895	131	1	80	0.0125000
NODE_139_length_5681_cov_68.065030	4815	4895	132	1	80	0.0125000
NODE_139_length_5681_cov_68.065030	4815	4895	133	1	80	0.0125000
NODE_139_length_5681_cov_68.065030	4815	4895	137	1	80	0.0125000
NODE_139_length_5681_cov_68.065030	4815	4895	141	2	80	0.0250000
NODE_139_length_5681_cov_68.065030	4815	4895	181	1	80	0.0125000
NODE_139_length_5681_cov_68.065030	4815	4895	182	1	80	0.0125000
NODE_139_length_5681_cov_68.065030	4815	4895	186	1	80	0.0125000
NODE_139_length_5681_cov_68.065030	4815	4895	189	3	80	0.0375000
NODE_139_length_5681_cov_68.065030	4815	4895	204	1	80	0.0125000
NODE_139_length_5681_cov_68.065030	4815	4895	205	2	80	0.0250000
NODE_139_length_5681_cov_68.065030	4815	4895	208	1	80	0.0125000
NODE_139_length_5681_cov_68.065030	4815	4895	209	1	80	0.0125000
NODE_139_length_5681_cov_68.065030	4815	4895	212	2	80	0.0250000
NODE_139_length_5681_cov_68.065030	4815	4895	217	1	80	0.0125000
NODE_139_length_5681_cov_68.065030	4815	4895	218	1	80	0.0125000
NODE_139_length_5681_cov_68.065030	4815	4895	219	2	80	0.0250000
NODE_139_length_5681_cov_68.065030	4815	4895	229	2	80	0.0250000
NODE_139_length_5681_cov_68.065030	4815	4895	230	2	80	0.0250000
NODE_139_length_5681_cov_68.065030	4815	4895	236	1	80	0.0125000
NODE_139_length_5681_cov_68.065030	4815	4895	239	4	80	0.0500000
NODE_139_length_5681_cov_68.065030	4815	4895	255	1	80	0.0125000
NODE_139_length_5681_cov_68.065030	4815	4895	269	1	80	0.0125000
NODE_139_length_5681_cov_68.065030	4815	4895	279	1	80	0.0125000
NODE_139_length_5681_cov_68.065030	4815	4895	280	1	80	0.0125000
NODE_139_length_5681_cov_68.065030	4815	4895	289	3	80	0.0375000
NODE_139_length_5681_cov_68.065030	4815	4895	294	1	80	0.0125000
NODE_139_length_5681_cov_68.065030	4815	4895	298	1	80	0.0125000
NODE_139_length_5681_cov_68.065030	4815	4895	300	1	80	0.0125000
NODE_139_length_5681_cov_68.065030	4815	4895	310	1	80	0.0125000
NODE_139_length_5681_cov_68.065030	4815	4895	319	1	80	0.0125000
NODE_139_length_5681_cov_68.065030	4815	4895	320	1	80	0.0125000
NODE_139_length_5681_cov_68.065030	4815	4895	327	1	80	0.0125000
NODE_139_length_5681_cov_68.065030	4815	4895	336	1	80	0.0125000
NODE_139_length_5681_cov_68.065030	4815	4895	342	1	80	0.0125000
NODE_139_length_5681_cov_68.065030	4815	4895	351	2	80	0.0250000
NODE_139_length_5681_cov_68.065030	4815	4895	356	1	80	0.0125000
NODE_139_length_5681_cov_68.065030	4815	4895	367	4	80	0.0500000
NODE_139_length_5681_cov_68.065030	4815	4895	374	4	80	0.0500000
NODE_139_length_5681_cov_68.065030	4815	4895	385	1	80	0.0125000
NODE_139_length_5681_cov_68.065030	4815	4895	386	1	80	0.0125000
NODE_139_length_5681_cov_68.065030	4815	4895	396	3	80	0.0375000
NODE_139_length_5681_cov_68.065030	4815	4895	401	1	80	0.0125000
NODE_139_length_5681_cov_68.065030	4815	4895	103	2	80	0.0250000
NODE_139_length_5681_cov_68.065030	4815	4895	104	1	80	0.0125000
NODE_139_length_5681_cov_68.065030	4815	4895	105	1	80	0.0125000
NODE_139_length_5681_cov_68.065030	4815	4895	106	10	80	0.1250000
NODE_139_length_5681_cov_68.065030	4815	4895	120	1	80	0.0125000
NODE_139_length_5681_cov_68.065030	4815	4895	131	1	80	0.0125000
NODE_139_length_5681_cov_68.065030	4815	4895	132	1	80	0.0125000
NODE_139_length_5681_cov_68.065030	4815	4895	133	1	80	0.0125000
NODE_139_length_5681_cov_68.065030	4815	4895	137	1	80	0.0125000
NODE_139_length_5681_cov_68.065030	4815	4895	141	2	80	0.0250000
NODE_139_length_5681_cov_68.065030	4815	4895	181	1	80	0.0125000
NODE_139_length_5681_cov_68.065030	4815	4895	182	1	80	0.0125000
NODE_139_length_5681_cov_68.065030	4815	4895	186	1	80	0.0125000
NODE_139_length_5681_cov_68.065030	4815	4895	189	3	80	0.0375000
NODE_139_length_5681_cov_68.065030	4815	4895	204	1	80	0.0125000
NODE_139_length_5681_cov_68.065030	4815	4895	205	2	80	0.0250000
NODE_139_length_5681_cov_68.065030	4815	4895	208	1	80	0.0125000
NODE_139_length_5681_cov_68.065030	4815	4895	209	1	80	0.0125000
NODE_139_length_5681_cov_68.065030	4815	4895	212	2	80	0.0250000
NODE_139_length_5681_cov_68.065030	4815	4895	217	1	80	0.0125000
NODE_139_length_5681_cov_68.065030	4815	4895	218	1	80	0.0125000
NODE_139_length_5681_cov_68.065030	4815	4895	219	2	80	0.0250000
NODE_139_length_5681_cov_68.065030	4815	4895	229	2	80	0.0250000
NODE_139_length_5681_cov_68.065030	4815	4895	230	2	80	0.0250000
NODE_139_length_5681_cov_68.065030	4815	4895	236	1	80	0.0125000
NODE_139_length_5681_cov_68.065030	4815	4895	239	4	80	0.0500000
NODE_139_length_5681_cov_68.065030	4815	4895	255	1	80	0.0125000
NODE_139_length_5681_cov_68.065030	4815	4895	269	1	80	0.0125000
NODE_139_length_5681_cov_68.065030	4815	4895	279	1	80	0.0125000
NODE_139_length_5681_cov_68.065030	4815	4895	280	1	80	0.0125000
NODE_139_length_5681_cov_68.065030	4815	4895	289	3	80	0.0375000
NODE_139_length_5681_cov_68.065030	4815	4895	294	1	80	0.0125000
NODE_139_length_5681_cov_68.065030	4815	4895	298	1	80	0.0125000
NODE_139_length_5681_cov_68.065030	4815	4895	300	1	80	0.0125000
NODE_139_length_5681_cov_68.065030	4815	4895	310	1	80	0.0125000
NODE_139_length_5681_cov_68.065030	4815	4895	319	1	80	0.0125000
NODE_139_length_5681_cov_68.065030	4815	4895	320	1	80	0.0125000
NODE_139_length_5681_cov_68.065030	4815	4895	327	1	80	0.0125000
NODE_139_length_5681_cov_68.065030	4815	4895	336	1	80	0.0125000
NODE_139_length_5681_cov_68.065030	4815	4895	342	1	80	0.0125000
NODE_139_length_5681_cov_68.065030	4815	4895	351	2	80	0.0250000
NODE_139_length_5681_cov_68.065030	4815	4895	356	1	80	0.0125000
NODE_139_length_5681_cov_68.065030	4815	4895	367	4	80	0.0500000
NODE_139_length_5681_cov_68.065030	4815	4895	374	4	80	0.0500000
NODE_139_length_5681_cov_68.065030	4815	4895	385	1	80	0.0125000
NODE_139_length_5681_cov_68.065030	4815	4895	386	1	80	0.0125000
NODE_139_length_5681_cov_68.065030	4815	4895	396	3	80	0.0375000
NODE_139_length_5681_cov_68.065030	4815	4895	401	1	80	0.0125000
NODE_139_length_5681_cov_68.065030	4891	4971	4	7	80	0.0875000
NODE_139_length_5681_cov_68.065030	4891	4971	8	11	80	0.1375000
NODE_139_length_5681_cov_68.065030	4891	4971	9	13	80	0.1625000
NODE_139_length_5681_cov_68.065030	4891	4971	10	1	80	0.0125000
NODE_139_length_5681_cov_68.065030	4891	4971	11	1	80	0.0125000
NODE_139_length_5681_cov_68.065030	4891	4971	12	3	80	0.0375000
NODE_139_length_5681_cov_68.065030	4891	4971	13	2	80	0.0250000
NODE_139_length_5681_cov_68.065030	4891	4971	14	1	80	0.0125000
NODE_139_length_5681_cov_68.065030	4891	4971	15	1	80	0.0125000
NODE_139_length_5681_cov_68.065030	4891	4971	17	3	80	0.0375000
NODE_139_length_5681_cov_68.065030	4891	4971	18	1	80	0.0125000
NODE_139_length_5681_cov_68.065030	4891	4971	20	5	80	0.0625000
NODE_139_length_5681_cov_68.065030	4891	4971	23	1	80	0.0125000
NODE_139_length_5681_cov_68.065030	4891	4971	30	1	80	0.0125000
NODE_139_length_5681_cov_68.065030	4891	4971	40	1	80	0.0125000
NODE_139_length_5681_cov_68.065030	4891	4971	48	1	80	0.0125000
NODE_139_length_5681_cov_68.065030	4891	4971	49	1	80	0.0125000
NODE_139_length_5681_cov_68.065030	4891	4971	54	2	80	0.0250000
NODE_139_length_5681_cov_68.065030	4891	4971	63	3	80	0.0375000
NODE_139_length_5681_cov_68.065030	4891	4971	75	1	80	0.0125000
NODE_139_length_5681_cov_68.065030	4891	4971	79	2	80	0.0250000
NODE_139_length_5681_cov_68.065030	4891	4971	81	1	80	0.0125000
NODE_139_length_5681_cov_68.065030	4891	4971	83	1	80	0.0125000
NODE_139_length_5681_cov_68.065030	4891	4971	94	2	80	0.0250000
NODE_139_length_5681_cov_68.065030	4891	4971	95	6	80	0.0750000
NODE_139_length_5681_cov_68.065030	4891	4971	97	4	80	0.0500000
NODE_139_length_5681_cov_68.065030	4891	4971	103	2	80	0.0250000
NODE_139_length_5681_cov_68.065030	4891	4971	104	1	80	0.0125000
NODE_139_length_5681_cov_68.065030	4891	4971	105	1	80	0.0125000
NODE_139_length_5681_cov_68.065030	4944	5007	4	43	63	0.6825397
NODE_139_length_5681_cov_68.065030	4944	5007	8	11	63	0.1746032
NODE_139_length_5681_cov_68.065030	4944	5007	9	9	63	0.1428571
NODE_139_length_5681_cov_68.065030	4944	5024	4	60	80	0.7500000
NODE_139_length_5681_cov_68.065030	4944	5024	8	11	80	0.1375000
NODE_139_length_5681_cov_68.065030	4944	5024	9	9	80	0.1125000
NODE_140_length_5677_cov_21.613482	1792	1863	34	1	71	0.0140845
NODE_140_length_5677_cov_21.613482	1792	1863	36	1	71	0.0140845
NODE_140_length_5677_cov_21.613482	1792	1863	38	2	71	0.0281690
NODE_140_length_5677_cov_21.613482	1792	1863	40	5	71	0.0704225
NODE_140_length_5677_cov_21.613482	1792	1863	42	6	71	0.0845070
NODE_140_length_5677_cov_21.613482	1792	1863	44	4	71	0.0563380
NODE_140_length_5677_cov_21.613482	1792	1863	46	2	71	0.0281690
NODE_140_length_5677_cov_21.613482	1792	1863	48	4	71	0.0563380
NODE_140_length_5677_cov_21.613482	1792	1863	49	2	71	0.0281690
NODE_140_length_5677_cov_21.613482	1792	1863	53	3	71	0.0422535
NODE_140_length_5677_cov_21.613482	1792	1863	54	1	71	0.0140845
NODE_140_length_5677_cov_21.613482	1792	1863	55	12	71	0.1690141
NODE_140_length_5677_cov_21.613482	1792	1863	56	19	71	0.2676056
NODE_140_length_5677_cov_21.613482	1792	1863	57	9	71	0.1267606
NODE_140_length_5677_cov_21.613482	1845	1916	26	1	71	0.0140845
NODE_140_length_5677_cov_21.613482	1845	1916	28	1	71	0.0140845
NODE_140_length_5677_cov_21.613482	1845	1916	30	5	71	0.0704225
NODE_140_length_5677_cov_21.613482	1845	1916	32	1	71	0.0140845
NODE_140_length_5677_cov_21.613482	1845	1916	34	3	71	0.0422535
NODE_140_length_5677_cov_21.613482	1845	1916	36	1	71	0.0140845
NODE_140_length_5677_cov_21.613482	1845	1916	38	6	71	0.0845070
NODE_140_length_5677_cov_21.613482	1845	1916	40	2	71	0.0281690
NODE_140_length_5677_cov_21.613482	1845	1916	46	5	71	0.0704225
NODE_140_length_5677_cov_21.613482	1845	1916	48	1	71	0.0140845
NODE_140_length_5677_cov_21.613482	1845	1916	52	3	71	0.0422535
NODE_140_length_5677_cov_21.613482	1845	1916	54	19	71	0.2676056
NODE_140_length_5677_cov_21.613482	1845	1916	55	5	71	0.0704225
NODE_140_length_5677_cov_21.613482	1845	1916	56	9	71	0.1267606
NODE_140_length_5677_cov_21.613482	1845	1916	57	9	71	0.1267606
NODE_142_length_5631_cov_25.927332	96	176	37	6	80	0.0750000
NODE_142_length_5631_cov_25.927332	96	176	39	14	80	0.1750000
NODE_142_length_5631_cov_25.927332	96	176	40	2	80	0.0250000
NODE_142_length_5631_cov_25.927332	96	176	41	9	80	0.1125000
NODE_142_length_5631_cov_25.927332	96	176	42	1	80	0.0125000
NODE_142_length_5631_cov_25.927332	96	176	44	10	80	0.1250000
NODE_142_length_5631_cov_25.927332	96	176	45	3	80	0.0375000
NODE_142_length_5631_cov_25.927332	96	176	46	7	80	0.0875000
NODE_142_length_5631_cov_25.927332	96	176	48	11	80	0.1375000
NODE_142_length_5631_cov_25.927332	96	176	50	1	80	0.0125000
NODE_142_length_5631_cov_25.927332	96	176	52	16	80	0.2000000
NODE_142_length_5631_cov_25.927332	149	229	13	2	80	0.0250000
NODE_142_length_5631_cov_25.927332	149	229	26	5	80	0.0625000
NODE_142_length_5631_cov_25.927332	149	229	28	3	80	0.0375000
NODE_142_length_5631_cov_25.927332	149	229	32	9	80	0.1125000
NODE_142_length_5631_cov_25.927332	149	229	34	11	80	0.1375000
NODE_142_length_5631_cov_25.927332	149	229	40	7	80	0.0875000
NODE_142_length_5631_cov_25.927332	149	229	42	17	80	0.2125000
NODE_142_length_5631_cov_25.927332	149	229	44	12	80	0.1500000
NODE_142_length_5631_cov_25.927332	149	229	50	1	80	0.0125000
NODE_142_length_5631_cov_25.927332	149	229	52	13	80	0.1625000
NODE_146_length_5588_cov_40.961377	2793	2873	11	7	80	0.0875000
NODE_146_length_5588_cov_40.961377	2793	2873	15	2	80	0.0250000
NODE_146_length_5588_cov_40.961377	2793	2873	18	4	80	0.0500000
NODE_146_length_5588_cov_40.961377	2793	2873	19	43	80	0.5375000
NODE_146_length_5588_cov_40.961377	2793	2873	20	24	80	0.3000000
NODE_146_length_5588_cov_40.961377	2846	2926	2	28	80	0.3500000
NODE_146_length_5588_cov_40.961377	2846	2926	4	11	80	0.1375000
NODE_146_length_5588_cov_40.961377	2846	2926	6	2	80	0.0250000
NODE_146_length_5588_cov_40.961377	2846	2926	10	1	80	0.0125000
NODE_146_length_5588_cov_40.961377	2846	2926	11	9	80	0.1125000
NODE_146_length_5588_cov_40.961377	2846	2926	15	2	80	0.0250000
NODE_146_length_5588_cov_40.961377	2846	2926	16	9	80	0.1125000
NODE_146_length_5588_cov_40.961377	2846	2926	19	8	80	0.1000000
NODE_146_length_5588_cov_40.961377	2846	2926	20	10	80	0.1250000
NODE_146_length_5588_cov_40.961377	2922	3002	16	4	80	0.0500000
NODE_146_length_5588_cov_40.961377	2922	3002	18	2	80	0.0250000
NODE_146_length_5588_cov_40.961377	2922	3002	19	14	80	0.1750000
NODE_146_length_5588_cov_40.961377	2922	3002	24	4	80	0.0500000
NODE_146_length_5588_cov_40.961377	2922	3002	25	8	80	0.1000000
NODE_146_length_5588_cov_40.961377	2922	3002	26	29	80	0.3625000
NODE_146_length_5588_cov_40.961377	2922	3002	28	19	80	0.2375000
NODE_146_length_5588_cov_40.961377	2975	3055	16	4	80	0.0500000
NODE_146_length_5588_cov_40.961377	2975	3055	26	8	80	0.1000000
NODE_146_length_5588_cov_40.961377	2975	3055	28	61	80	0.7625000
NODE_146_length_5588_cov_40.961377	2975	3055	30	7	80	0.0875000
NODE_149_length_5578_cov_5.173389	331	411	0	41	80	0.5125000
NODE_149_length_5578_cov_5.173389	331	411	2	39	80	0.4875000
NODE_149_length_5578_cov_5.173389	388	464	2	76	76	1.0000000
NODE_150_length_5572_cov_79.124246	1555	1627	56	1	72	0.0138889
NODE_150_length_5572_cov_79.124246	1555	1627	58	2	72	0.0277778
NODE_150_length_5572_cov_79.124246	1555	1627	59	1	72	0.0138889
NODE_150_length_5572_cov_79.124246	1555	1627	60	1	72	0.0138889
NODE_150_length_5572_cov_79.124246	1555	1627	61	1	72	0.0138889
NODE_150_length_5572_cov_79.124246	1555	1627	63	1	72	0.0138889
NODE_150_length_5572_cov_79.124246	1555	1627	67	1	72	0.0138889
NODE_150_length_5572_cov_79.124246	1555	1627	70	1	72	0.0138889
NODE_150_length_5572_cov_79.124246	1555	1627	73	2	72	0.0277778
NODE_150_length_5572_cov_79.124246	1555	1627	80	1	72	0.0138889
NODE_150_length_5572_cov_79.124246	1555	1627	82	1	72	0.0138889
NODE_150_length_5572_cov_79.124246	1555	1627	83	2	72	0.0277778
NODE_150_length_5572_cov_79.124246	1555	1627	86	1	72	0.0138889
NODE_150_length_5572_cov_79.124246	1555	1627	90	1	72	0.0138889
NODE_150_length_5572_cov_79.124246	1555	1627	96	2	72	0.0277778
NODE_150_length_5572_cov_79.124246	1555	1627	98	1	72	0.0138889
NODE_150_length_5572_cov_79.124246	1555	1627	105	1	72	0.0138889
NODE_150_length_5572_cov_79.124246	1555	1627	115	1	72	0.0138889
NODE_150_length_5572_cov_79.124246	1555	1627	121	1	72	0.0138889
NODE_150_length_5572_cov_79.124246	1555	1627	122	1	72	0.0138889
NODE_150_length_5572_cov_79.124246	1555	1627	128	1	72	0.0138889
NODE_150_length_5572_cov_79.124246	1555	1627	135	1	72	0.0138889
NODE_150_length_5572_cov_79.124246	1555	1627	137	1	72	0.0138889
NODE_150_length_5572_cov_79.124246	1555	1627	139	1	72	0.0138889
NODE_150_length_5572_cov_79.124246	1555	1627	145	1	72	0.0138889
NODE_150_length_5572_cov_79.124246	1555	1627	150	1	72	0.0138889
NODE_150_length_5572_cov_79.124246	1555	1627	151	1	72	0.0138889
NODE_150_length_5572_cov_79.124246	1555	1627	154	1	72	0.0138889
NODE_150_length_5572_cov_79.124246	1555	1627	156	1	72	0.0138889
NODE_150_length_5572_cov_79.124246	1555	1627	160	1	72	0.0138889
NODE_150_length_5572_cov_79.124246	1555	1627	170	1	72	0.0138889
NODE_150_length_5572_cov_79.124246	1555	1627	184	3	72	0.0416667
NODE_150_length_5572_cov_79.124246	1555	1627	190	1	72	0.0138889
NODE_150_length_5572_cov_79.124246	1555	1627	195	1	72	0.0138889
NODE_150_length_5572_cov_79.124246	1555	1627	199	1	72	0.0138889
NODE_150_length_5572_cov_79.124246	1555	1627	212	2	72	0.0277778
NODE_150_length_5572_cov_79.124246	1555	1627	214	2	72	0.0277778
NODE_150_length_5572_cov_79.124246	1555	1627	225	1	72	0.0138889
NODE_150_length_5572_cov_79.124246	1555	1627	229	1	72	0.0138889
NODE_150_length_5572_cov_79.124246	1555	1627	233	1	72	0.0138889
NODE_150_length_5572_cov_79.124246	1555	1627	243	1	72	0.0138889
NODE_150_length_5572_cov_79.124246	1555	1627	251	1	72	0.0138889
NODE_150_length_5572_cov_79.124246	1555	1627	261	1	72	0.0138889
NODE_150_length_5572_cov_79.124246	1555	1627	267	1	72	0.0138889
NODE_150_length_5572_cov_79.124246	1555	1627	292	1	72	0.0138889
NODE_150_length_5572_cov_79.124246	1555	1627	316	1	72	0.0138889
NODE_150_length_5572_cov_79.124246	1555	1627	323	1	72	0.0138889
NODE_150_length_5572_cov_79.124246	1555	1627	329	1	72	0.0138889
NODE_150_length_5572_cov_79.124246	1555	1627	330	1	72	0.0138889
NODE_150_length_5572_cov_79.124246	1555	1627	353	1	72	0.0138889
NODE_150_length_5572_cov_79.124246	1555	1627	364	1	72	0.0138889
NODE_150_length_5572_cov_79.124246	1555	1627	369	1	72	0.0138889
NODE_150_length_5572_cov_79.124246	1555	1627	379	1	72	0.0138889
NODE_150_length_5572_cov_79.124246	1555	1627	388	1	72	0.0138889
NODE_150_length_5572_cov_79.124246	1555	1627	390	1	72	0.0138889
NODE_150_length_5572_cov_79.124246	1555	1627	418	1	72	0.0138889
NODE_150_length_5572_cov_79.124246	1555	1627	425	1	72	0.0138889
NODE_150_length_5572_cov_79.124246	1555	1627	434	1	72	0.0138889
NODE_150_length_5572_cov_79.124246	1555	1627	438	1	72	0.0138889
NODE_150_length_5572_cov_79.124246	1555	1627	447	1	72	0.0138889
NODE_150_length_5572_cov_79.124246	1555	1627	463	1	72	0.0138889
NODE_150_length_5572_cov_79.124246	1555	1627	485	1	72	0.0138889
NODE_150_length_5572_cov_79.124246	1555	1627	495	1	72	0.0138889
NODE_150_length_5572_cov_79.124246	1555	1627	510	1	72	0.0138889
NODE_150_length_5572_cov_79.124246	1603	1680	243	1	77	0.0129870
NODE_150_length_5572_cov_79.124246	1603	1680	251	1	77	0.0129870
NODE_150_length_5572_cov_79.124246	1603	1680	261	1	77	0.0129870
NODE_150_length_5572_cov_79.124246	1603	1680	267	1	77	0.0129870
NODE_150_length_5572_cov_79.124246	1603	1680	292	1	77	0.0129870
NODE_150_length_5572_cov_79.124246	1603	1680	316	1	77	0.0129870
NODE_150_length_5572_cov_79.124246	1603	1680	323	1	77	0.0129870
NODE_150_length_5572_cov_79.124246	1603	1680	329	1	77	0.0129870
NODE_150_length_5572_cov_79.124246	1603	1680	330	1	77	0.0129870
NODE_150_length_5572_cov_79.124246	1603	1680	353	1	77	0.0129870
NODE_150_length_5572_cov_79.124246	1603	1680	364	1	77	0.0129870
NODE_150_length_5572_cov_79.124246	1603	1680	369	1	77	0.0129870
NODE_150_length_5572_cov_79.124246	1603	1680	379	1	77	0.0129870
NODE_150_length_5572_cov_79.124246	1603	1680	388	1	77	0.0129870
NODE_150_length_5572_cov_79.124246	1603	1680	390	1	77	0.0129870
NODE_150_length_5572_cov_79.124246	1603	1680	418	1	77	0.0129870
NODE_150_length_5572_cov_79.124246	1603	1680	425	1	77	0.0129870
NODE_150_length_5572_cov_79.124246	1603	1680	434	1	77	0.0129870
NODE_150_length_5572_cov_79.124246	1603	1680	438	1	77	0.0129870
NODE_150_length_5572_cov_79.124246	1603	1680	447	1	77	0.0129870
NODE_150_length_5572_cov_79.124246	1603	1680	463	1	77	0.0129870
NODE_150_length_5572_cov_79.124246	1603	1680	485	1	77	0.0129870
NODE_150_length_5572_cov_79.124246	1603	1680	495	1	77	0.0129870
NODE_150_length_5572_cov_79.124246	1603	1680	510	1	77	0.0129870
NODE_150_length_5572_cov_79.124246	1603	1680	522	1	77	0.0129870
NODE_150_length_5572_cov_79.124246	1603	1680	526	1	77	0.0129870
NODE_150_length_5572_cov_79.124246	1603	1680	531	1	77	0.0129870
NODE_150_length_5572_cov_79.124246	1603	1680	548	1	77	0.0129870
NODE_150_length_5572_cov_79.124246	1603	1680	571	1	77	0.0129870
NODE_150_length_5572_cov_79.124246	1603	1680	578	1	77	0.0129870
NODE_150_length_5572_cov_79.124246	1603	1680	597	1	77	0.0129870
NODE_150_length_5572_cov_79.124246	1603	1680	601	1	77	0.0129870
NODE_150_length_5572_cov_79.124246	1603	1680	608	1	77	0.0129870
NODE_150_length_5572_cov_79.124246	1603	1680	647	1	77	0.0129870
NODE_150_length_5572_cov_79.124246	1603	1680	667	1	77	0.0129870
NODE_150_length_5572_cov_79.124246	1603	1680	670	1	77	0.0129870
NODE_150_length_5572_cov_79.124246	1603	1680	687	1	77	0.0129870
NODE_150_length_5572_cov_79.124246	1603	1680	704	1	77	0.0129870
NODE_150_length_5572_cov_79.124246	1603	1680	734	1	77	0.0129870
NODE_150_length_5572_cov_79.124246	1603	1680	783	1	77	0.0129870
NODE_150_length_5572_cov_79.124246	1603	1680	817	1	77	0.0129870
NODE_150_length_5572_cov_79.124246	1603	1680	829	1	77	0.0129870
NODE_150_length_5572_cov_79.124246	1603	1680	902	1	77	0.0129870
NODE_150_length_5572_cov_79.124246	1603	1680	929	1	77	0.0129870
NODE_150_length_5572_cov_79.124246	1603	1680	961	1	77	0.0129870
NODE_150_length_5572_cov_79.124246	1603	1680	983	1	77	0.0129870
NODE_150_length_5572_cov_79.124246	1603	1680	1007	1	77	0.0129870
NODE_150_length_5572_cov_79.124246	1603	1680	1052	1	77	0.0129870
NODE_150_length_5572_cov_79.124246	1603	1680	1082	1	77	0.0129870
NODE_150_length_5572_cov_79.124246	1603	1680	1121	1	77	0.0129870
NODE_150_length_5572_cov_79.124246	1603	1680	1147	1	77	0.0129870
NODE_150_length_5572_cov_79.124246	1603	1680	1170	1	77	0.0129870
NODE_150_length_5572_cov_79.124246	1603	1680	1184	1	77	0.0129870
NODE_150_length_5572_cov_79.124246	1603	1680	1195	1	77	0.0129870
NODE_150_length_5572_cov_79.124246	1603	1680	1204	1	77	0.0129870
NODE_150_length_5572_cov_79.124246	1603	1680	1219	1	77	0.0129870
NODE_150_length_5572_cov_79.124246	1603	1680	1235	1	77	0.0129870
NODE_150_length_5572_cov_79.124246	1603	1680	1256	1	77	0.0129870
NODE_150_length_5572_cov_79.124246	1603	1680	1278	1	77	0.0129870
NODE_150_length_5572_cov_79.124246	1603	1680	1320	1	77	0.0129870
NODE_150_length_5572_cov_79.124246	1603	1680	1331	1	77	0.0129870
NODE_150_length_5572_cov_79.124246	1603	1680	1364	1	77	0.0129870
NODE_150_length_5572_cov_79.124246	1603	1680	1366	1	77	0.0129870
NODE_150_length_5572_cov_79.124246	1603	1680	1375	1	77	0.0129870
NODE_150_length_5572_cov_79.124246	1603	1680	1385	1	77	0.0129870
NODE_150_length_5572_cov_79.124246	1603	1680	1419	1	77	0.0129870
NODE_150_length_5572_cov_79.124246	1603	1680	1421	1	77	0.0129870
NODE_150_length_5572_cov_79.124246	1603	1680	1422	1	77	0.0129870
NODE_150_length_5572_cov_79.124246	1603	1680	1425	1	77	0.0129870
NODE_150_length_5572_cov_79.124246	1603	1680	1429	1	77	0.0129870
NODE_150_length_5572_cov_79.124246	1603	1680	1433	1	77	0.0129870
NODE_150_length_5572_cov_79.124246	1603	1680	1457	1	77	0.0129870
NODE_150_length_5572_cov_79.124246	1603	1680	1488	1	77	0.0129870
NODE_150_length_5572_cov_79.124246	1603	1680	1513	1	77	0.0129870
NODE_150_length_5572_cov_79.124246	1603	1680	1573	1	77	0.0129870
NODE_150_length_5572_cov_79.124246	1603	1680	1608	1	77	0.0129870
NODE_150_length_5572_cov_79.124246	1603	1680	1633	1	77	0.0129870
NODE_150_length_5572_cov_79.124246	1637	1717	667	1	80	0.0125000
NODE_150_length_5572_cov_79.124246	1637	1717	670	1	80	0.0125000
NODE_150_length_5572_cov_79.124246	1637	1717	687	1	80	0.0125000
NODE_150_length_5572_cov_79.124246	1637	1717	704	1	80	0.0125000
NODE_150_length_5572_cov_79.124246	1637	1717	734	1	80	0.0125000
NODE_150_length_5572_cov_79.124246	1637	1717	783	1	80	0.0125000
NODE_150_length_5572_cov_79.124246	1637	1717	817	1	80	0.0125000
NODE_150_length_5572_cov_79.124246	1637	1717	829	1	80	0.0125000
NODE_150_length_5572_cov_79.124246	1637	1717	902	1	80	0.0125000
NODE_150_length_5572_cov_79.124246	1637	1717	929	1	80	0.0125000
NODE_150_length_5572_cov_79.124246	1637	1717	961	1	80	0.0125000
NODE_150_length_5572_cov_79.124246	1637	1717	983	1	80	0.0125000
NODE_150_length_5572_cov_79.124246	1637	1717	1007	1	80	0.0125000
NODE_150_length_5572_cov_79.124246	1637	1717	1052	1	80	0.0125000
NODE_150_length_5572_cov_79.124246	1637	1717	1082	1	80	0.0125000
NODE_150_length_5572_cov_79.124246	1637	1717	1121	1	80	0.0125000
NODE_150_length_5572_cov_79.124246	1637	1717	1147	1	80	0.0125000
NODE_150_length_5572_cov_79.124246	1637	1717	1170	1	80	0.0125000
NODE_150_length_5572_cov_79.124246	1637	1717	1184	1	80	0.0125000
NODE_150_length_5572_cov_79.124246	1637	1717	1195	1	80	0.0125000
NODE_150_length_5572_cov_79.124246	1637	1717	1204	1	80	0.0125000
NODE_150_length_5572_cov_79.124246	1637	1717	1219	1	80	0.0125000
NODE_150_length_5572_cov_79.124246	1637	1717	1235	1	80	0.0125000
NODE_150_length_5572_cov_79.124246	1637	1717	1256	1	80	0.0125000
NODE_150_length_5572_cov_79.124246	1637	1717	1278	1	80	0.0125000
NODE_150_length_5572_cov_79.124246	1637	1717	1320	1	80	0.0125000
NODE_150_length_5572_cov_79.124246	1637	1717	1331	1	80	0.0125000
NODE_150_length_5572_cov_79.124246	1637	1717	1364	1	80	0.0125000
NODE_150_length_5572_cov_79.124246	1637	1717	1366	1	80	0.0125000
NODE_150_length_5572_cov_79.124246	1637	1717	1375	1	80	0.0125000
NODE_150_length_5572_cov_79.124246	1637	1717	1385	1	80	0.0125000
NODE_150_length_5572_cov_79.124246	1637	1717	1419	1	80	0.0125000
NODE_150_length_5572_cov_79.124246	1637	1717	1421	1	80	0.0125000
NODE_150_length_5572_cov_79.124246	1637	1717	1422	1	80	0.0125000
NODE_150_length_5572_cov_79.124246	1637	1717	1425	1	80	0.0125000
NODE_150_length_5572_cov_79.124246	1637	1717	1429	1	80	0.0125000
NODE_150_length_5572_cov_79.124246	1637	1717	1433	1	80	0.0125000
NODE_150_length_5572_cov_79.124246	1637	1717	1457	1	80	0.0125000
NODE_150_length_5572_cov_79.124246	1637	1717	1488	1	80	0.0125000
NODE_150_length_5572_cov_79.124246	1637	1717	1513	1	80	0.0125000
NODE_150_length_5572_cov_79.124246	1637	1717	1573	1	80	0.0125000
NODE_150_length_5572_cov_79.124246	1637	1717	1608	1	80	0.0125000
NODE_150_length_5572_cov_79.124246	1637	1717	1633	1	80	0.0125000
NODE_150_length_5572_cov_79.124246	1637	1717	1638	1	80	0.0125000
NODE_150_length_5572_cov_79.124246	1637	1717	1655	1	80	0.0125000
NODE_150_length_5572_cov_79.124246	1637	1717	1670	1	80	0.0125000
NODE_150_length_5572_cov_79.124246	1637	1717	1708	1	80	0.0125000
NODE_150_length_5572_cov_79.124246	1637	1717	1714	2	80	0.0250000
NODE_150_length_5572_cov_79.124246	1637	1717	1719	1	80	0.0125000
NODE_150_length_5572_cov_79.124246	1637	1717	1735	1	80	0.0125000
NODE_150_length_5572_cov_79.124246	1637	1717	1768	1	80	0.0125000
NODE_150_length_5572_cov_79.124246	1637	1717	1772	1	80	0.0125000
NODE_150_length_5572_cov_79.124246	1637	1717	1778	1	80	0.0125000
NODE_150_length_5572_cov_79.124246	1637	1717	1779	1	80	0.0125000
NODE_150_length_5572_cov_79.124246	1637	1717	1792	1	80	0.0125000
NODE_150_length_5572_cov_79.124246	1637	1717	1802	1	80	0.0125000
NODE_150_length_5572_cov_79.124246	1637	1717	1804	1	80	0.0125000
NODE_150_length_5572_cov_79.124246	1637	1717	1818	1	80	0.0125000
NODE_150_length_5572_cov_79.124246	1637	1717	1825	1	80	0.0125000
NODE_150_length_5572_cov_79.124246	1637	1717	1832	1	80	0.0125000
NODE_150_length_5572_cov_79.124246	1637	1717	1842	1	80	0.0125000
NODE_150_length_5572_cov_79.124246	1637	1717	1847	1	80	0.0125000
NODE_150_length_5572_cov_79.124246	1637	1717	1852	1	80	0.0125000
NODE_150_length_5572_cov_79.124246	1637	1717	1858	3	80	0.0375000
NODE_150_length_5572_cov_79.124246	1637	1717	1859	1	80	0.0125000
NODE_150_length_5572_cov_79.124246	1637	1717	1862	3	80	0.0375000
NODE_150_length_5572_cov_79.124246	1637	1717	1866	1	80	0.0125000
NODE_150_length_5572_cov_79.124246	1637	1717	1868	2	80	0.0250000
NODE_150_length_5572_cov_79.124246	1637	1717	1871	2	80	0.0250000
NODE_150_length_5572_cov_79.124246	1637	1717	1875	1	80	0.0125000
NODE_150_length_5572_cov_79.124246	1637	1717	1876	1	80	0.0125000
NODE_150_length_5572_cov_79.124246	1637	1717	1878	2	80	0.0250000
NODE_150_length_5572_cov_79.124246	1690	1770	1226	1	80	0.0125000
NODE_150_length_5572_cov_79.124246	1690	1770	1242	1	80	0.0125000
NODE_150_length_5572_cov_79.124246	1690	1770	1283	1	80	0.0125000
NODE_150_length_5572_cov_79.124246	1690	1770	1305	1	80	0.0125000
NODE_150_length_5572_cov_79.124246	1690	1770	1339	1	80	0.0125000
NODE_150_length_5572_cov_79.124246	1690	1770	1349	1	80	0.0125000
NODE_150_length_5572_cov_79.124246	1690	1770	1368	1	80	0.0125000
NODE_150_length_5572_cov_79.124246	1690	1770	1386	1	80	0.0125000
NODE_150_length_5572_cov_79.124246	1690	1770	1398	1	80	0.0125000
NODE_150_length_5572_cov_79.124246	1690	1770	1412	1	80	0.0125000
NODE_150_length_5572_cov_79.124246	1690	1770	1443	1	80	0.0125000
NODE_150_length_5572_cov_79.124246	1690	1770	1460	1	80	0.0125000
NODE_150_length_5572_cov_79.124246	1690	1770	1487	1	80	0.0125000
NODE_150_length_5572_cov_79.124246	1690	1770	1534	1	80	0.0125000
NODE_150_length_5572_cov_79.124246	1690	1770	1544	1	80	0.0125000
NODE_150_length_5572_cov_79.124246	1690	1770	1561	1	80	0.0125000
NODE_150_length_5572_cov_79.124246	1690	1770	1575	1	80	0.0125000
NODE_150_length_5572_cov_79.124246	1690	1770	1577	1	80	0.0125000
NODE_150_length_5572_cov_79.124246	1690	1770	1600	1	80	0.0125000
NODE_150_length_5572_cov_79.124246	1690	1770	1606	1	80	0.0125000
NODE_150_length_5572_cov_79.124246	1690	1770	1612	1	80	0.0125000
NODE_150_length_5572_cov_79.124246	1690	1770	1644	1	80	0.0125000
NODE_150_length_5572_cov_79.124246	1690	1770	1655	1	80	0.0125000
NODE_150_length_5572_cov_79.124246	1690	1770	1673	1	80	0.0125000
NODE_150_length_5572_cov_79.124246	1690	1770	1690	1	80	0.0125000
NODE_150_length_5572_cov_79.124246	1690	1770	1698	1	80	0.0125000
NODE_150_length_5572_cov_79.124246	1690	1770	1712	1	80	0.0125000
NODE_150_length_5572_cov_79.124246	1690	1770	1721	1	80	0.0125000
NODE_150_length_5572_cov_79.124246	1690	1770	1729	1	80	0.0125000
NODE_150_length_5572_cov_79.124246	1690	1770	1733	1	80	0.0125000
NODE_150_length_5572_cov_79.124246	1690	1770	1742	1	80	0.0125000
NODE_150_length_5572_cov_79.124246	1690	1770	1749	1	80	0.0125000
NODE_150_length_5572_cov_79.124246	1690	1770	1758	1	80	0.0125000
NODE_150_length_5572_cov_79.124246	1690	1770	1761	2	80	0.0250000
NODE_150_length_5572_cov_79.124246	1690	1770	1776	1	80	0.0125000
NODE_150_length_5572_cov_79.124246	1690	1770	1778	1	80	0.0125000
NODE_150_length_5572_cov_79.124246	1690	1770	1779	1	80	0.0125000
NODE_150_length_5572_cov_79.124246	1690	1770	1785	1	80	0.0125000
NODE_150_length_5572_cov_79.124246	1690	1770	1791	1	80	0.0125000
NODE_150_length_5572_cov_79.124246	1690	1770	1792	1	80	0.0125000
NODE_150_length_5572_cov_79.124246	1690	1770	1796	1	80	0.0125000
NODE_150_length_5572_cov_79.124246	1690	1770	1802	1	80	0.0125000
NODE_150_length_5572_cov_79.124246	1690	1770	1803	1	80	0.0125000
NODE_150_length_5572_cov_79.124246	1690	1770	1804	1	80	0.0125000
NODE_150_length_5572_cov_79.124246	1690	1770	1805	1	80	0.0125000
NODE_150_length_5572_cov_79.124246	1690	1770	1811	1	80	0.0125000
NODE_150_length_5572_cov_79.124246	1690	1770	1812	1	80	0.0125000
NODE_150_length_5572_cov_79.124246	1690	1770	1816	1	80	0.0125000
NODE_150_length_5572_cov_79.124246	1690	1770	1818	1	80	0.0125000
NODE_150_length_5572_cov_79.124246	1690	1770	1825	1	80	0.0125000
NODE_150_length_5572_cov_79.124246	1690	1770	1831	1	80	0.0125000
NODE_150_length_5572_cov_79.124246	1690	1770	1832	1	80	0.0125000
NODE_150_length_5572_cov_79.124246	1690	1770	1837	1	80	0.0125000
NODE_150_length_5572_cov_79.124246	1690	1770	1842	1	80	0.0125000
NODE_150_length_5572_cov_79.124246	1690	1770	1847	1	80	0.0125000
NODE_150_length_5572_cov_79.124246	1690	1770	1848	2	80	0.0250000
NODE_150_length_5572_cov_79.124246	1690	1770	1849	1	80	0.0125000
NODE_150_length_5572_cov_79.124246	1690	1770	1851	1	80	0.0125000
NODE_150_length_5572_cov_79.124246	1690	1770	1852	1	80	0.0125000
NODE_150_length_5572_cov_79.124246	1690	1770	1854	2	80	0.0250000
NODE_150_length_5572_cov_79.124246	1690	1770	1857	1	80	0.0125000
NODE_150_length_5572_cov_79.124246	1690	1770	1858	3	80	0.0375000
NODE_150_length_5572_cov_79.124246	1690	1770	1859	1	80	0.0125000
NODE_150_length_5572_cov_79.124246	1690	1770	1862	3	80	0.0375000
NODE_150_length_5572_cov_79.124246	1690	1770	1866	1	80	0.0125000
NODE_150_length_5572_cov_79.124246	1690	1770	1868	2	80	0.0250000
NODE_150_length_5572_cov_79.124246	1690	1770	1871	2	80	0.0250000
NODE_150_length_5572_cov_79.124246	1690	1770	1875	1	80	0.0125000
NODE_150_length_5572_cov_79.124246	1690	1770	1876	1	80	0.0125000
NODE_150_length_5572_cov_79.124246	1690	1770	1878	2	80	0.0250000
NODE_150_length_5572_cov_79.124246	5130	5210	2	80	80	1.0000000
NODE_150_length_5572_cov_79.124246	5183	5263	0	33	80	0.4125000
NODE_150_length_5572_cov_79.124246	5183	5263	2	47	80	0.5875000
NODE_151_length_5557_cov_26.198241	341	414	0	9	73	0.1232877
NODE_151_length_5557_cov_26.198241	341	414	4	9	73	0.1232877
NODE_151_length_5557_cov_26.198241	341	414	6	55	73	0.7534246
NODE_151_length_5557_cov_26.198241	394	460	2	27	66	0.4090909
NODE_151_length_5557_cov_26.198241	394	460	4	20	66	0.3030303
NODE_151_length_5557_cov_26.198241	394	460	6	19	66	0.2878788
NODE_156_length_5500_cov_35.832438	81	161	15	30	80	0.3750000
NODE_156_length_5500_cov_35.832438	81	161	24	7	80	0.0875000
NODE_156_length_5500_cov_35.832438	81	161	25	26	80	0.3250000
NODE_156_length_5500_cov_35.832438	81	161	26	10	80	0.1250000
NODE_156_length_5500_cov_35.832438	81	161	28	3	80	0.0375000
NODE_156_length_5500_cov_35.832438	81	161	29	4	80	0.0500000
NODE_156_length_5500_cov_35.832438	134	214	19	3	80	0.0375000
NODE_156_length_5500_cov_35.832438	134	214	23	22	80	0.2750000
NODE_156_length_5500_cov_35.832438	134	214	24	31	80	0.3875000
NODE_156_length_5500_cov_35.832438	134	214	25	17	80	0.2125000
NODE_156_length_5500_cov_35.832438	134	214	28	3	80	0.0375000
NODE_156_length_5500_cov_35.832438	134	214	29	4	80	0.0500000
NODE_159_length_5470_cov_5.987526	5180	5249	35	4	69	0.0579710
NODE_159_length_5470_cov_5.987526	5180	5249	36	2	69	0.0289855
NODE_159_length_5470_cov_5.987526	5180	5249	38	16	69	0.2318841
NODE_159_length_5470_cov_5.987526	5180	5249	40	3	69	0.0434783
NODE_159_length_5470_cov_5.987526	5180	5249	42	3	69	0.0434783
NODE_159_length_5470_cov_5.987526	5180	5249	44	2	69	0.0289855
NODE_159_length_5470_cov_5.987526	5180	5249	45	8	69	0.1159420
NODE_159_length_5470_cov_5.987526	5180	5249	46	2	69	0.0289855
NODE_159_length_5470_cov_5.987526	5180	5249	47	3	69	0.0434783
NODE_159_length_5470_cov_5.987526	5180	5249	49	11	69	0.1594203
NODE_159_length_5470_cov_5.987526	5180	5249	50	1	69	0.0144928
NODE_159_length_5470_cov_5.987526	5180	5249	51	13	69	0.1884058
NODE_159_length_5470_cov_5.987526	5180	5249	55	1	69	0.0144928
NODE_160_length_5434_cov_14.997751	541	621	0	12	80	0.1500000
NODE_160_length_5434_cov_14.997751	541	621	6	68	80	0.8500000
NODE_160_length_5434_cov_14.997751	594	674	6	80	80	1.0000000
NODE_160_length_5434_cov_14.997751	2664	2744	0	28	80	0.3500000
NODE_160_length_5434_cov_14.997751	2664	2744	2	52	80	0.6500000
NODE_160_length_5434_cov_14.997751	2717	2797	0	16	80	0.2000000
NODE_160_length_5434_cov_14.997751	2717	2797	2	64	80	0.8000000
NODE_160_length_5434_cov_14.997751	3041	3093	0	52	52	1.0000000
NODE_160_length_5434_cov_14.997751	3419	3467	12	48	48	1.0000000
NODE_161_length_5425_cov_15.812242	141	218	8	10	77	0.1298701
NODE_161_length_5425_cov_15.812242	141	218	9	12	77	0.1558442
NODE_161_length_5425_cov_15.812242	141	218	10	8	77	0.1038961
NODE_161_length_5425_cov_15.812242	141	218	11	15	77	0.1948052
NODE_161_length_5425_cov_15.812242	141	218	12	8	77	0.1038961
NODE_161_length_5425_cov_15.812242	141	218	13	16	77	0.2077922
NODE_161_length_5425_cov_15.812242	141	218	14	2	77	0.0259740
NODE_161_length_5425_cov_15.812242	141	218	16	6	77	0.0779221
NODE_161_length_5425_cov_15.812242	841	921	2	59	80	0.7375000
NODE_161_length_5425_cov_15.812242	841	921	4	21	80	0.2625000
NODE_161_length_5425_cov_15.812242	894	974	2	29	80	0.3625000
NODE_161_length_5425_cov_15.812242	894	974	4	51	80	0.6375000
NODE_163_length_5402_cov_5.397322	191	263	25	5	72	0.0694444
NODE_163_length_5402_cov_5.397322	191	263	26	2	72	0.0277778
NODE_163_length_5402_cov_5.397322	191	263	28	1	72	0.0138889
NODE_163_length_5402_cov_5.397322	191	263	33	6	72	0.0833333
NODE_163_length_5402_cov_5.397322	191	263	34	23	72	0.3194444
NODE_163_length_5402_cov_5.397322	191	263	36	35	72	0.4861111
NODE_163_length_5402_cov_5.397322	2305	2385	22	4	80	0.0500000
NODE_163_length_5402_cov_5.397322	2305	2385	26	41	80	0.5125000
NODE_163_length_5402_cov_5.397322	2305	2385	27	17	80	0.2125000
NODE_163_length_5402_cov_5.397322	2305	2385	31	7	80	0.0875000
NODE_163_length_5402_cov_5.397322	2305	2385	32	8	80	0.1000000
NODE_163_length_5402_cov_5.397322	2305	2385	33	3	80	0.0375000
NODE_163_length_5402_cov_5.397322	2358	2438	18	8	80	0.1000000
NODE_163_length_5402_cov_5.397322	2358	2438	20	3	80	0.0375000
NODE_163_length_5402_cov_5.397322	2358	2438	22	15	80	0.1875000
NODE_163_length_5402_cov_5.397322	2358	2438	24	4	80	0.0500000
NODE_163_length_5402_cov_5.397322	2358	2438	26	14	80	0.1750000
NODE_163_length_5402_cov_5.397322	2358	2438	28	7	80	0.0875000
NODE_163_length_5402_cov_5.397322	2358	2438	29	3	80	0.0375000
NODE_163_length_5402_cov_5.397322	2358	2438	31	14	80	0.1750000
NODE_163_length_5402_cov_5.397322	2358	2438	32	9	80	0.1125000
NODE_163_length_5402_cov_5.397322	2358	2438	33	3	80	0.0375000
NODE_164_length_5383_cov_15.680545	205	285	5	6	80	0.0750000
NODE_164_length_5383_cov_15.680545	205	285	6	22	80	0.2750000
NODE_164_length_5383_cov_15.680545	205	285	7	17	80	0.2125000
NODE_164_length_5383_cov_15.680545	205	285	8	32	80	0.4000000
NODE_164_length_5383_cov_15.680545	205	285	9	3	80	0.0375000
NODE_164_length_5383_cov_15.680545	258	317	4	15	59	0.2542373
NODE_164_length_5383_cov_15.680545	258	317	5	17	59	0.2881356
NODE_164_length_5383_cov_15.680545	258	317	7	4	59	0.0677966
NODE_164_length_5383_cov_15.680545	258	317	8	23	59	0.3898305
NODE_164_length_5383_cov_15.680545	2042	2122	19	17	80	0.2125000
NODE_164_length_5383_cov_15.680545	2042	2122	22	22	80	0.2750000
NODE_164_length_5383_cov_15.680545	2042	2122	24	41	80	0.5125000
NODE_164_length_5383_cov_15.680545	2095	2175	0	12	80	0.1500000
NODE_164_length_5383_cov_15.680545	2095	2175	8	6	80	0.0750000
NODE_164_length_5383_cov_15.680545	2095	2175	10	2	80	0.0250000
NODE_164_length_5383_cov_15.680545	2095	2175	12	7	80	0.0875000
NODE_164_length_5383_cov_15.680545	2095	2175	16	19	80	0.2375000
NODE_164_length_5383_cov_15.680545	2095	2175	19	24	80	0.3000000
NODE_164_length_5383_cov_15.680545	2095	2175	22	10	80	0.1250000
NODE_165_length_5382_cov_16.894378	1301	1347	4	25	46	0.5434783
NODE_165_length_5382_cov_16.894378	1301	1347	6	21	46	0.4565217
NODE_165_length_5382_cov_16.894378	5056	5082	24	17	26	0.6538461
NODE_165_length_5382_cov_16.894378	5056	5082	26	9	26	0.3461539
NODE_165_length_5382_cov_16.894378	5056	5115	22	2	59	0.0338983
NODE_165_length_5382_cov_16.894378	5056	5115	24	17	59	0.2881356
NODE_165_length_5382_cov_16.894378	5056	5115	26	19	59	0.3220339
NODE_165_length_5382_cov_16.894378	5056	5115	28	9	59	0.1525424
NODE_165_length_5382_cov_16.894378	5056	5115	30	4	59	0.0677966
NODE_165_length_5382_cov_16.894378	5056	5115	32	8	59	0.1355932
NODE_167_length_5339_cov_28.708969	3375	3455	0	2	80	0.0250000
NODE_167_length_5339_cov_28.708969	3375	3455	2	5	80	0.0625000
NODE_167_length_5339_cov_28.708969	3375	3455	3	6	80	0.0750000
NODE_167_length_5339_cov_28.708969	3375	3455	4	41	80	0.5125000
NODE_167_length_5339_cov_28.708969	3375	3455	8	6	80	0.0750000
NODE_167_length_5339_cov_28.708969	3375	3455	12	3	80	0.0375000
NODE_167_length_5339_cov_28.708969	3375	3455	15	2	80	0.0250000
NODE_167_length_5339_cov_28.708969	3375	3455	16	15	80	0.1875000
NODE_167_length_5339_cov_28.708969	3428	3508	4	1	80	0.0125000
NODE_167_length_5339_cov_28.708969	3428	3508	8	6	80	0.0750000
NODE_167_length_5339_cov_28.708969	3428	3508	12	3	80	0.0375000
NODE_167_length_5339_cov_28.708969	3428	3508	15	2	80	0.0250000
NODE_167_length_5339_cov_28.708969	3428	3508	16	49	80	0.6125000
NODE_167_length_5339_cov_28.708969	3428	3508	18	19	80	0.2375000
NODE_168_length_5336_cov_33.036471	3109	3189	4	22	80	0.2750000
NODE_168_length_5336_cov_33.036471	3109	3189	8	42	80	0.5250000
NODE_168_length_5336_cov_33.036471	3109	3189	14	1	80	0.0125000
NODE_168_length_5336_cov_33.036471	3109	3189	16	15	80	0.1875000
NODE_168_length_5336_cov_33.036471	3162	3242	8	17	80	0.2125000
NODE_168_length_5336_cov_33.036471	3162	3242	12	29	80	0.3625000
NODE_168_length_5336_cov_33.036471	3162	3242	14	1	80	0.0125000
NODE_168_length_5336_cov_33.036471	3162	3242	16	33	80	0.4125000
NODE_179_length_5269_cov_23.392650	1905	1985	0	80	80	1.0000000
NODE_179_length_5269_cov_23.392650	1958	2038	0	80	80	1.0000000
NODE_181_length_5207_cov_31.352780	4588	4668	0	80	80	1.0000000
NODE_181_length_5207_cov_31.352780	4641	4721	0	80	80	1.0000000
NODE_183_length_5193_cov_14.930506	4659	4739	13	50	80	0.6250000
NODE_183_length_5193_cov_14.930506	4659	4739	14	30	80	0.3750000
NODE_183_length_5193_cov_14.930506	4712	4792	0	12	80	0.1500000
NODE_183_length_5193_cov_14.930506	4712	4792	1	5	80	0.0625000
NODE_183_length_5193_cov_14.930506	4712	4792	2	17	80	0.2125000
NODE_183_length_5193_cov_14.930506	4712	4792	10	1	80	0.0125000
NODE_183_length_5193_cov_14.930506	4712	4792	14	45	80	0.5625000
NODE_183_length_5193_cov_14.930506	4788	4868	2	9	80	0.1125000
NODE_183_length_5193_cov_14.930506	4788	4868	4	71	80	0.8875000
NODE_183_length_5193_cov_14.930506	4841	4921	0	21	80	0.2625000
NODE_183_length_5193_cov_14.930506	4841	4921	2	24	80	0.3000000
NODE_183_length_5193_cov_14.930506	4841	4921	4	35	80	0.4375000
NODE_186_length_5159_cov_261.593676	158	227	690	1	69	0.0144928
NODE_186_length_5159_cov_261.593676	158	227	696	1	69	0.0144928
NODE_186_length_5159_cov_261.593676	158	227	702	1	69	0.0144928
NODE_186_length_5159_cov_261.593676	158	227	710	1	69	0.0144928
NODE_186_length_5159_cov_261.593676	158	227	711	1	69	0.0144928
NODE_186_length_5159_cov_261.593676	158	227	712	1	69	0.0144928
NODE_186_length_5159_cov_261.593676	158	227	716	2	69	0.0289855
NODE_186_length_5159_cov_261.593676	158	227	717	2	69	0.0289855
NODE_186_length_5159_cov_261.593676	158	227	718	1	69	0.0144928
NODE_186_length_5159_cov_261.593676	158	227	720	1	69	0.0144928
NODE_186_length_5159_cov_261.593676	158	227	721	1	69	0.0144928
NODE_186_length_5159_cov_261.593676	158	227	722	4	69	0.0579710
NODE_186_length_5159_cov_261.593676	158	227	723	2	69	0.0289855
NODE_186_length_5159_cov_261.593676	158	227	725	3	69	0.0434783
NODE_186_length_5159_cov_261.593676	158	227	726	1	69	0.0144928
NODE_186_length_5159_cov_261.593676	158	227	727	1	69	0.0144928
NODE_186_length_5159_cov_261.593676	158	227	730	3	69	0.0434783
NODE_186_length_5159_cov_261.593676	158	227	731	7	69	0.1014493
NODE_186_length_5159_cov_261.593676	158	227	732	3	69	0.0434783
NODE_186_length_5159_cov_261.593676	158	227	733	1	69	0.0144928
NODE_186_length_5159_cov_261.593676	158	227	734	2	69	0.0289855
NODE_186_length_5159_cov_261.593676	158	227	735	2	69	0.0289855
NODE_186_length_5159_cov_261.593676	158	227	738	2	69	0.0289855
NODE_186_length_5159_cov_261.593676	158	227	740	5	69	0.0724638
NODE_186_length_5159_cov_261.593676	158	227	746	2	69	0.0289855
NODE_186_length_5159_cov_261.593676	158	227	747	2	69	0.0289855
NODE_186_length_5159_cov_261.593676	158	227	750	1	69	0.0144928
NODE_186_length_5159_cov_261.593676	158	227	754	1	69	0.0144928
NODE_186_length_5159_cov_261.593676	158	227	755	1	69	0.0144928
NODE_186_length_5159_cov_261.593676	158	227	757	1	69	0.0144928
NODE_186_length_5159_cov_261.593676	158	227	758	1	69	0.0144928
NODE_186_length_5159_cov_261.593676	158	227	759	1	69	0.0144928
NODE_186_length_5159_cov_261.593676	158	227	760	1	69	0.0144928
NODE_186_length_5159_cov_261.593676	158	227	764	1	69	0.0144928
NODE_186_length_5159_cov_261.593676	158	227	767	1	69	0.0144928
NODE_186_length_5159_cov_261.593676	158	227	768	1	69	0.0144928
NODE_186_length_5159_cov_261.593676	158	227	776	1	69	0.0144928
NODE_186_length_5159_cov_261.593676	158	227	779	1	69	0.0144928
NODE_186_length_5159_cov_261.593676	158	227	780	1	69	0.0144928
NODE_186_length_5159_cov_261.593676	158	227	782	1	69	0.0144928
NODE_186_length_5159_cov_261.593676	158	227	783	2	69	0.0289855
NODE_189_length_5138_cov_31.467355	3004	3075	0	54	71	0.7605634
NODE_189_length_5138_cov_31.467355	3004	3075	1	1	71	0.0140845
NODE_189_length_5138_cov_31.467355	3004	3075	2	16	71	0.2253521
NODE_191_length_5126_cov_5.900935	731	811	8	37	80	0.4625000
NODE_191_length_5126_cov_5.900935	731	811	10	17	80	0.2125000
NODE_191_length_5126_cov_5.900935	731	811	12	26	80	0.3250000
NODE_191_length_5126_cov_5.900935	784	864	2	6	80	0.0750000
NODE_191_length_5126_cov_5.900935	784	864	4	27	80	0.3375000
NODE_191_length_5126_cov_5.900935	784	864	6	13	80	0.1625000
NODE_191_length_5126_cov_5.900935	784	864	8	24	80	0.3000000
NODE_191_length_5126_cov_5.900935	784	864	10	9	80	0.1125000
NODE_191_length_5126_cov_5.900935	784	864	12	1	80	0.0125000
NODE_194_length_5102_cov_12.729962	367	447	8	21	80	0.2625000
NODE_194_length_5102_cov_12.729962	367	447	10	59	80	0.7375000
NODE_194_length_5102_cov_12.729962	420	500	2	33	80	0.4125000
NODE_194_length_5102_cov_12.729962	420	500	4	15	80	0.1875000
NODE_194_length_5102_cov_12.729962	420	500	8	13	80	0.1625000
NODE_194_length_5102_cov_12.729962	420	500	10	19	80	0.2375000
NODE_194_length_5102_cov_12.729962	496	576	0	58	80	0.7250000
NODE_194_length_5102_cov_12.729962	496	576	2	22	80	0.2750000
NODE_194_length_5102_cov_12.729962	549	629	0	80	80	1.0000000
NODE_196_length_5079_cov_5.580522	875	940	0	65	65	1.0000000
NODE_197_length_5057_cov_16.348729	2929	3000	106	1	71	0.0140845
NODE_197_length_5057_cov_16.348729	2929	3000	110	1	71	0.0140845
NODE_197_length_5057_cov_16.348729	2929	3000	116	1	71	0.0140845
NODE_197_length_5057_cov_16.348729	2929	3000	119	1	71	0.0140845
NODE_197_length_5057_cov_16.348729	2929	3000	121	1	71	0.0140845
NODE_197_length_5057_cov_16.348729	2929	3000	123	1	71	0.0140845
NODE_197_length_5057_cov_16.348729	2929	3000	125	1	71	0.0140845
NODE_197_length_5057_cov_16.348729	2929	3000	131	1	71	0.0140845
NODE_197_length_5057_cov_16.348729	2929	3000	139	1	71	0.0140845
NODE_197_length_5057_cov_16.348729	2929	3000	146	2	71	0.0281690
NODE_197_length_5057_cov_16.348729	2929	3000	152	1	71	0.0140845
NODE_197_length_5057_cov_16.348729	2929	3000	157	1	71	0.0140845
NODE_197_length_5057_cov_16.348729	2929	3000	163	1	71	0.0140845
NODE_197_length_5057_cov_16.348729	2929	3000	164	3	71	0.0422535
NODE_197_length_5057_cov_16.348729	2929	3000	175	2	71	0.0281690
NODE_197_length_5057_cov_16.348729	2929	3000	177	1	71	0.0140845
NODE_197_length_5057_cov_16.348729	2929	3000	181	1	71	0.0140845
NODE_197_length_5057_cov_16.348729	2929	3000	184	1	71	0.0140845
NODE_197_length_5057_cov_16.348729	2929	3000	185	3	71	0.0422535
NODE_197_length_5057_cov_16.348729	2929	3000	188	1	71	0.0140845
NODE_197_length_5057_cov_16.348729	2929	3000	189	2	71	0.0281690
NODE_197_length_5057_cov_16.348729	2929	3000	193	3	71	0.0422535
NODE_197_length_5057_cov_16.348729	2929	3000	197	1	71	0.0140845
NODE_197_length_5057_cov_16.348729	2929	3000	198	1	71	0.0140845
NODE_197_length_5057_cov_16.348729	2929	3000	200	7	71	0.0985916
NODE_197_length_5057_cov_16.348729	2929	3000	201	1	71	0.0140845
NODE_197_length_5057_cov_16.348729	2929	3000	205	1	71	0.0140845
NODE_197_length_5057_cov_16.348729	2929	3000	206	2	71	0.0281690
NODE_197_length_5057_cov_16.348729	2929	3000	208	3	71	0.0422535
NODE_197_length_5057_cov_16.348729	2929	3000	210	1	71	0.0140845
NODE_197_length_5057_cov_16.348729	2929	3000	211	1	71	0.0140845
NODE_197_length_5057_cov_16.348729	2929	3000	212	4	71	0.0563380
NODE_197_length_5057_cov_16.348729	2929	3000	213	1	71	0.0140845
NODE_197_length_5057_cov_16.348729	2929	3000	215	5	71	0.0704225
NODE_197_length_5057_cov_16.348729	2929	3000	218	1	71	0.0140845
NODE_197_length_5057_cov_16.348729	2929	3000	220	11	71	0.1549296
NODE_197_length_5057_cov_16.348729	2973	3012	201	2	39	0.0512821
NODE_197_length_5057_cov_16.348729	2973	3012	203	2	39	0.0512821
NODE_197_length_5057_cov_16.348729	2973	3012	204	1	39	0.0256410
NODE_197_length_5057_cov_16.348729	2973	3012	208	3	39	0.0769231
NODE_197_length_5057_cov_16.348729	2973	3012	209	1	39	0.0256410
NODE_197_length_5057_cov_16.348729	2973	3012	210	2	39	0.0512821
NODE_197_length_5057_cov_16.348729	2973	3012	211	1	39	0.0256410
NODE_197_length_5057_cov_16.348729	2973	3012	212	7	39	0.1794872
NODE_197_length_5057_cov_16.348729	2973	3012	213	1	39	0.0256410
NODE_197_length_5057_cov_16.348729	2973	3012	215	5	39	0.1282051
NODE_197_length_5057_cov_16.348729	2973	3012	216	2	39	0.0512821
NODE_197_length_5057_cov_16.348729	2973	3012	218	1	39	0.0256410
NODE_197_length_5057_cov_16.348729	2973	3012	220	11	39	0.2820513
NODE_198_length_5053_cov_11.281994	791	834	0	43	43	1.0000000
NODE_198_length_5053_cov_11.281994	807	887	0	80	80	1.0000000
NODE_198_length_5053_cov_11.281994	883	963	0	30	80	0.3750000
NODE_198_length_5053_cov_11.281994	883	963	2	50	80	0.6250000
NODE_198_length_5053_cov_11.281994	936	999	2	63	63	1.0000000
NODE_204_length_4906_cov_37.988350	3170	3251	37	1	81	0.0123457
NODE_204_length_4906_cov_37.988350	3170	3251	43	1	81	0.0123457
NODE_204_length_4906_cov_37.988350	3170	3251	46	1	81	0.0123457
NODE_204_length_4906_cov_37.988350	3170	3251	48	1	81	0.0123457
NODE_204_length_4906_cov_37.988350	3170	3251	49	1	81	0.0123457
NODE_204_length_4906_cov_37.988350	3170	3251	51	1	81	0.0123457
NODE_204_length_4906_cov_37.988350	3170	3251	52	4	81	0.0493827
NODE_204_length_4906_cov_37.988350	3170	3251	54	2	81	0.0246914
NODE_204_length_4906_cov_37.988350	3170	3251	55	1	81	0.0123457
NODE_204_length_4906_cov_37.988350	3170	3251	57	3	81	0.0370370
NODE_204_length_4906_cov_37.988350	3170	3251	61	4	81	0.0493827
NODE_204_length_4906_cov_37.988350	3170	3251	63	1	81	0.0123457
NODE_204_length_4906_cov_37.988350	3170	3251	66	1	81	0.0123457
NODE_204_length_4906_cov_37.988350	3170	3251	68	1	81	0.0123457
NODE_204_length_4906_cov_37.988350	3170	3251	70	1	81	0.0123457
NODE_204_length_4906_cov_37.988350	3170	3251	75	1	81	0.0123457
NODE_204_length_4906_cov_37.988350	3170	3251	77	2	81	0.0246914
NODE_204_length_4906_cov_37.988350	3170	3251	81	1	81	0.0123457
NODE_204_length_4906_cov_37.988350	3170	3251	84	2	81	0.0246914
NODE_204_length_4906_cov_37.988350	3170	3251	86	2	81	0.0246914
NODE_204_length_4906_cov_37.988350	3170	3251	89	2	81	0.0246914
NODE_204_length_4906_cov_37.988350	3170	3251	90	1	81	0.0123457
NODE_204_length_4906_cov_37.988350	3170	3251	92	9	81	0.1111111
NODE_204_length_4906_cov_37.988350	3170	3251	96	3	81	0.0370370
NODE_204_length_4906_cov_37.988350	3170	3251	98	4	81	0.0493827
NODE_204_length_4906_cov_37.988350	3170	3251	100	1	81	0.0123457
NODE_204_length_4906_cov_37.988350	3170	3251	103	2	81	0.0246914
NODE_204_length_4906_cov_37.988350	3170	3251	111	3	81	0.0370370
NODE_204_length_4906_cov_37.988350	3170	3251	117	4	81	0.0493827
NODE_204_length_4906_cov_37.988350	3170	3251	119	4	81	0.0493827
NODE_204_length_4906_cov_37.988350	3170	3251	121	3	81	0.0370370
NODE_204_length_4906_cov_37.988350	3170	3251	123	7	81	0.0864198
NODE_204_length_4906_cov_37.988350	3170	3251	124	6	81	0.0740741
NODE_205_length_4888_cov_60.162247	4029	4068	0	39	39	1.0000000
NODE_205_length_4888_cov_60.162247	4041	4121	0	80	80	1.0000000
NODE_207_length_4875_cov_63.035176	2905	2985	0	26	80	0.3250000
NODE_207_length_4875_cov_63.035176	2905	2985	2	35	80	0.4375000
NODE_207_length_4875_cov_63.035176	2905	2985	4	16	80	0.2000000
NODE_207_length_4875_cov_63.035176	2905	2985	5	3	80	0.0375000
NODE_207_length_4875_cov_63.035176	2958	3038	2	8	80	0.1000000
NODE_207_length_4875_cov_63.035176	2958	3038	4	16	80	0.2000000
NODE_207_length_4875_cov_63.035176	2958	3038	5	5	80	0.0625000
NODE_207_length_4875_cov_63.035176	2958	3038	7	15	80	0.1875000
NODE_207_length_4875_cov_63.035176	2958	3038	10	7	80	0.0875000
NODE_207_length_4875_cov_63.035176	2958	3038	11	3	80	0.0375000
NODE_207_length_4875_cov_63.035176	2958	3038	12	12	80	0.1500000
NODE_207_length_4875_cov_63.035176	2958	3038	13	8	80	0.1000000
NODE_207_length_4875_cov_63.035176	2958	3038	14	3	80	0.0375000
NODE_207_length_4875_cov_63.035176	2958	3038	15	3	80	0.0375000
NODE_208_length_4875_cov_8.996859	4683	4760	10	6	77	0.0779221
NODE_208_length_4875_cov_8.996859	4683	4760	12	24	77	0.3116883
NODE_208_length_4875_cov_8.996859	4683	4760	14	2	77	0.0259740
NODE_208_length_4875_cov_8.996859	4683	4760	16	20	77	0.2597403
NODE_208_length_4875_cov_8.996859	4683	4760	18	24	77	0.3116883
NODE_208_length_4875_cov_8.996859	4683	4760	20	1	77	0.0129870
NODE_208_length_4875_cov_8.996859	4736	4813	7	6	77	0.0779221
NODE_208_length_4875_cov_8.996859	4736	4813	9	17	77	0.2207792
NODE_208_length_4875_cov_8.996859	4736	4813	10	36	77	0.4675325
NODE_208_length_4875_cov_8.996859	4736	4813	12	13	77	0.1688312
NODE_208_length_4875_cov_8.996859	4736	4813	18	4	77	0.0519481
NODE_208_length_4875_cov_8.996859	4736	4813	20	1	77	0.0129870
NODE_211_length_4827_cov_15.364636	1803	1865	17	3	62	0.0483871
NODE_211_length_4827_cov_15.364636	1803	1865	18	2	62	0.0322581
NODE_211_length_4827_cov_15.364636	1803	1865	19	19	62	0.3064516
NODE_211_length_4827_cov_15.364636	1803	1865	21	7	62	0.1129032
NODE_211_length_4827_cov_15.364636	1803	1865	22	2	62	0.0322581
NODE_211_length_4827_cov_15.364636	1803	1865	23	17	62	0.2741936
NODE_211_length_4827_cov_15.364636	1803	1865	24	12	62	0.1935484
NODE_211_length_4827_cov_15.364636	1899	1979	33	2	80	0.0250000
NODE_211_length_4827_cov_15.364636	1899	1979	36	4	80	0.0500000
NODE_211_length_4827_cov_15.364636	1899	1979	38	1	80	0.0125000
NODE_211_length_4827_cov_15.364636	1899	1979	39	7	80	0.0875000
NODE_211_length_4827_cov_15.364636	1899	1979	41	1	80	0.0125000
NODE_211_length_4827_cov_15.364636	1899	1979	42	5	80	0.0625000
NODE_211_length_4827_cov_15.364636	1899	1979	43	2	80	0.0250000
NODE_211_length_4827_cov_15.364636	1899	1979	44	1	80	0.0125000
NODE_211_length_4827_cov_15.364636	1899	1979	45	1	80	0.0125000
NODE_211_length_4827_cov_15.364636	1899	1979	46	2	80	0.0250000
NODE_211_length_4827_cov_15.364636	1899	1979	47	1	80	0.0125000
NODE_211_length_4827_cov_15.364636	1899	1979	48	5	80	0.0625000
NODE_211_length_4827_cov_15.364636	1899	1979	49	2	80	0.0250000
NODE_211_length_4827_cov_15.364636	1899	1979	51	3	80	0.0375000
NODE_211_length_4827_cov_15.364636	1899	1979	52	3	80	0.0375000
NODE_211_length_4827_cov_15.364636	1899	1979	53	3	80	0.0375000
NODE_211_length_4827_cov_15.364636	1899	1979	54	5	80	0.0625000
NODE_211_length_4827_cov_15.364636	1899	1979	56	3	80	0.0375000
NODE_211_length_4827_cov_15.364636	1899	1979	58	2	80	0.0250000
NODE_211_length_4827_cov_15.364636	1899	1979	60	8	80	0.1000000
NODE_211_length_4827_cov_15.364636	1899	1979	62	11	80	0.1375000
NODE_211_length_4827_cov_15.364636	1899	1979	64	8	80	0.1000000
NODE_211_length_4827_cov_15.364636	1952	1996	37	4	44	0.0909091
NODE_211_length_4827_cov_15.364636	1952	1996	39	1	44	0.0227273
NODE_211_length_4827_cov_15.364636	1952	1996	41	12	44	0.2727273
NODE_211_length_4827_cov_15.364636	1952	1996	43	2	44	0.0454545
NODE_211_length_4827_cov_15.364636	1952	1996	45	1	44	0.0227273
NODE_211_length_4827_cov_15.364636	1952	1996	47	1	44	0.0227273
NODE_211_length_4827_cov_15.364636	1952	1996	49	2	44	0.0454545
NODE_211_length_4827_cov_15.364636	1952	1996	51	3	44	0.0681818
NODE_211_length_4827_cov_15.364636	1952	1996	53	3	44	0.0681818
NODE_211_length_4827_cov_15.364636	1952	1996	54	5	44	0.1136364
NODE_211_length_4827_cov_15.364636	1952	1996	56	3	44	0.0681818
NODE_211_length_4827_cov_15.364636	1952	1996	60	3	44	0.0681818
NODE_211_length_4827_cov_15.364636	1952	1996	62	4	44	0.0909091
NODE_212_length_4821_cov_10.856840	999	1061	5	7	62	0.1129032
NODE_212_length_4821_cov_10.856840	999	1061	6	19	62	0.3064516
NODE_212_length_4821_cov_10.856840	999	1061	7	16	62	0.2580645
NODE_212_length_4821_cov_10.856840	999	1061	8	8	62	0.1290323
NODE_212_length_4821_cov_10.856840	999	1061	13	1	62	0.0161290
NODE_212_length_4821_cov_10.856840	999	1061	14	11	62	0.1774193
NODE_213_length_4819_cov_16.363347	2392	2461	21	1	69	0.0144928
NODE_213_length_4819_cov_16.363347	2392	2461	25	2	69	0.0289855
NODE_213_length_4819_cov_16.363347	2392	2461	29	4	69	0.0579710
NODE_213_length_4819_cov_16.363347	2392	2461	31	1	69	0.0144928
NODE_213_length_4819_cov_16.363347	2392	2461	33	9	69	0.1304348
NODE_213_length_4819_cov_16.363347	2392	2461	34	12	69	0.1739130
NODE_213_length_4819_cov_16.363347	2392	2461	35	6	69	0.0869565
NODE_213_length_4819_cov_16.363347	2392	2461	37	3	69	0.0434783
NODE_213_length_4819_cov_16.363347	2392	2461	38	31	69	0.4492754
NODE_217_length_4794_cov_14.912886	657	737	57	1	80	0.0125000
NODE_217_length_4794_cov_14.912886	657	737	58	4	80	0.0500000
NODE_217_length_4794_cov_14.912886	657	737	61	1	80	0.0125000
NODE_217_length_4794_cov_14.912886	657	737	63	4	80	0.0500000
NODE_217_length_4794_cov_14.912886	657	737	65	2	80	0.0250000
NODE_217_length_4794_cov_14.912886	657	737	71	1	80	0.0125000
NODE_217_length_4794_cov_14.912886	657	737	72	1	80	0.0125000
NODE_217_length_4794_cov_14.912886	657	737	74	10	80	0.1250000
NODE_217_length_4794_cov_14.912886	657	737	76	3	80	0.0375000
NODE_217_length_4794_cov_14.912886	657	737	77	7	80	0.0875000
NODE_217_length_4794_cov_14.912886	657	737	79	17	80	0.2125000
NODE_217_length_4794_cov_14.912886	657	737	81	3	80	0.0375000
NODE_217_length_4794_cov_14.912886	657	737	83	10	80	0.1250000
NODE_217_length_4794_cov_14.912886	657	737	84	7	80	0.0875000
NODE_217_length_4794_cov_14.912886	657	737	86	9	80	0.1125000
NODE_217_length_4794_cov_14.912886	4240	4312	0	72	72	1.0000000
NODE_217_length_4794_cov_14.912886	4293	4312	0	19	19	1.0000000
NODE_217_length_4794_cov_14.912886	4345	4408	0	4	63	0.0634921
NODE_217_length_4794_cov_14.912886	4345	4408	2	59	63	0.9365079
NODE_218_length_4791_cov_16.126172	2438	2518	0	80	80	1.0000000
NODE_218_length_4791_cov_16.126172	2491	2571	0	80	80	1.0000000
NODE_218_length_4791_cov_16.126172	2567	2647	0	80	80	1.0000000
NODE_218_length_4791_cov_16.126172	2620	2700	0	80	80	1.0000000
NODE_218_length_4791_cov_16.126172	4607	4687	0	10	80	0.1250000
NODE_218_length_4791_cov_16.126172	4607	4687	2	70	80	0.8750000
NODE_219_length_4790_cov_9.713494	2159	2239	64	4	80	0.0500000
NODE_219_length_4790_cov_9.713494	2159	2239	68	2	80	0.0250000
NODE_219_length_4790_cov_9.713494	2159	2239	69	2	80	0.0250000
NODE_219_length_4790_cov_9.713494	2159	2239	71	4	80	0.0500000
NODE_219_length_4790_cov_9.713494	2159	2239	73	4	80	0.0500000
NODE_219_length_4790_cov_9.713494	2159	2239	75	4	80	0.0500000
NODE_219_length_4790_cov_9.713494	2159	2239	79	1	80	0.0125000
NODE_219_length_4790_cov_9.713494	2159	2239	81	2	80	0.0250000
NODE_219_length_4790_cov_9.713494	2159	2239	82	5	80	0.0625000
NODE_219_length_4790_cov_9.713494	2159	2239	83	3	80	0.0375000
NODE_219_length_4790_cov_9.713494	2159	2239	85	4	80	0.0500000
NODE_219_length_4790_cov_9.713494	2159	2239	87	1	80	0.0125000
NODE_219_length_4790_cov_9.713494	2159	2239	88	2	80	0.0250000
NODE_219_length_4790_cov_9.713494	2159	2239	90	6	80	0.0750000
NODE_219_length_4790_cov_9.713494	2159	2239	91	2	80	0.0250000
NODE_219_length_4790_cov_9.713494	2159	2239	92	7	80	0.0875000
NODE_219_length_4790_cov_9.713494	2159	2239	93	1	80	0.0125000
NODE_219_length_4790_cov_9.713494	2159	2239	94	19	80	0.2375000
NODE_219_length_4790_cov_9.713494	2159	2239	95	3	80	0.0375000
NODE_219_length_4790_cov_9.713494	2159	2239	96	1	80	0.0125000
NODE_219_length_4790_cov_9.713494	2159	2239	98	3	80	0.0375000
NODE_219_length_4790_cov_9.713494	4273	4353	2	12	80	0.1500000
NODE_219_length_4790_cov_9.713494	4273	4353	4	29	80	0.3625000
NODE_219_length_4790_cov_9.713494	4273	4353	6	39	80	0.4875000
NODE_219_length_4790_cov_9.713494	4273	4335	2	12	62	0.1935484
NODE_219_length_4790_cov_9.713494	4273	4335	4	29	62	0.4677419
NODE_219_length_4790_cov_9.713494	4273	4335	6	21	62	0.3387097
NODE_219_length_4790_cov_9.713494	4326	4406	2	40	80	0.5000000
NODE_219_length_4790_cov_9.713494	4326	4406	6	40	80	0.5000000
NODE_221_length_4772_cov_10.560454	4281	4367	0	13	86	0.1511628
NODE_221_length_4772_cov_10.560454	4281	4367	6	16	86	0.1860465
NODE_221_length_4772_cov_10.560454	4281	4367	10	13	86	0.1511628
NODE_221_length_4772_cov_10.560454	4281	4367	12	5	86	0.0581395
NODE_221_length_4772_cov_10.560454	4281	4367	14	12	86	0.1395349
NODE_221_length_4772_cov_10.560454	4281	4367	16	2	86	0.0232558
NODE_221_length_4772_cov_10.560454	4281	4367	18	25	86	0.2906977
NODE_222_length_4770_cov_106.953543	2778	2858	24	4	80	0.0500000
NODE_222_length_4770_cov_106.953543	2778	2858	26	7	80	0.0875000
NODE_222_length_4770_cov_106.953543	2778	2858	28	3	80	0.0375000
NODE_222_length_4770_cov_106.953543	2778	2858	30	13	80	0.1625000
NODE_222_length_4770_cov_106.953543	2778	2858	32	4	80	0.0500000
NODE_222_length_4770_cov_106.953543	2778	2858	34	4	80	0.0500000
NODE_222_length_4770_cov_106.953543	2778	2858	36	9	80	0.1125000
NODE_222_length_4770_cov_106.953543	2778	2858	38	6	80	0.0750000
NODE_222_length_4770_cov_106.953543	2778	2858	39	2	80	0.0250000
NODE_222_length_4770_cov_106.953543	2778	2858	40	28	80	0.3500000
NODE_222_length_4770_cov_106.953543	2831	2911	28	5	80	0.0625000
NODE_222_length_4770_cov_106.953543	2831	2911	29	1	80	0.0125000
NODE_222_length_4770_cov_106.953543	2831	2911	32	4	80	0.0500000
NODE_222_length_4770_cov_106.953543	2831	2911	34	3	80	0.0375000
NODE_222_length_4770_cov_106.953543	2831	2911	35	1	80	0.0125000
NODE_222_length_4770_cov_106.953543	2831	2911	36	4	80	0.0500000
NODE_222_length_4770_cov_106.953543	2831	2911	38	6	80	0.0750000
NODE_222_length_4770_cov_106.953543	2831	2911	39	3	80	0.0375000
NODE_222_length_4770_cov_106.953543	2831	2911	40	10	80	0.1250000
NODE_222_length_4770_cov_106.953543	2831	2911	53	7	80	0.0875000
NODE_222_length_4770_cov_106.953543	2831	2911	54	1	80	0.0125000
NODE_222_length_4770_cov_106.953543	2831	2911	55	13	80	0.1625000
NODE_222_length_4770_cov_106.953543	2831	2911	56	3	80	0.0375000
NODE_222_length_4770_cov_106.953543	2831	2911	60	2	80	0.0250000
NODE_222_length_4770_cov_106.953543	2831	2911	62	1	80	0.0125000
NODE_222_length_4770_cov_106.953543	2831	2911	64	12	80	0.1500000
NODE_222_length_4770_cov_106.953543	2831	2911	66	1	80	0.0125000
NODE_222_length_4770_cov_106.953543	2831	2911	67	1	80	0.0125000
NODE_222_length_4770_cov_106.953543	2831	2911	69	2	80	0.0250000
NODE_222_length_4770_cov_106.953543	2907	2987	64	1	80	0.0125000
NODE_222_length_4770_cov_106.953543	2907	2987	67	1	80	0.0125000
NODE_222_length_4770_cov_106.953543	2907	2987	69	7	80	0.0875000
NODE_222_length_4770_cov_106.953543	2907	2987	72	1	80	0.0125000
NODE_222_length_4770_cov_106.953543	2907	2987	76	1	80	0.0125000
NODE_222_length_4770_cov_106.953543	2907	2987	80	3	80	0.0375000
NODE_222_length_4770_cov_106.953543	2907	2987	82	1	80	0.0125000
NODE_222_length_4770_cov_106.953543	2907	2987	86	1	80	0.0125000
NODE_222_length_4770_cov_106.953543	2907	2987	90	4	80	0.0500000
NODE_222_length_4770_cov_106.953543	2907	2987	92	1	80	0.0125000
NODE_222_length_4770_cov_106.953543	2907	2987	94	2	80	0.0250000
NODE_222_length_4770_cov_106.953543	2907	2987	101	2	80	0.0250000
NODE_222_length_4770_cov_106.953543	2907	2987	103	4	80	0.0500000
NODE_222_length_4770_cov_106.953543	2907	2987	110	1	80	0.0125000
NODE_222_length_4770_cov_106.953543	2907	2987	113	2	80	0.0250000
NODE_222_length_4770_cov_106.953543	2907	2987	118	1	80	0.0125000
NODE_222_length_4770_cov_106.953543	2907	2987	119	1	80	0.0125000
NODE_222_length_4770_cov_106.953543	2907	2987	120	3	80	0.0375000
NODE_222_length_4770_cov_106.953543	2907	2987	121	2	80	0.0250000
NODE_222_length_4770_cov_106.953543	2907	2987	122	1	80	0.0125000
NODE_222_length_4770_cov_106.953543	2907	2987	123	9	80	0.1125000
NODE_222_length_4770_cov_106.953543	2907	2987	124	1	80	0.0125000
NODE_222_length_4770_cov_106.953543	2907	2987	125	5	80	0.0625000
NODE_222_length_4770_cov_106.953543	2907	2987	126	1	80	0.0125000
NODE_222_length_4770_cov_106.953543	2907	2987	127	1	80	0.0125000
NODE_222_length_4770_cov_106.953543	2907	2987	129	8	80	0.1000000
NODE_222_length_4770_cov_106.953543	2907	2987	131	5	80	0.0625000
NODE_222_length_4770_cov_106.953543	2907	2987	132	1	80	0.0125000
NODE_222_length_4770_cov_106.953543	2907	2987	133	1	80	0.0125000
NODE_222_length_4770_cov_106.953543	2907	2987	135	3	80	0.0375000
NODE_222_length_4770_cov_106.953543	2907	2987	136	2	80	0.0250000
NODE_222_length_4770_cov_106.953543	2907	2987	139	1	80	0.0125000
NODE_222_length_4770_cov_106.953543	2907	2987	140	2	80	0.0250000
NODE_222_length_4770_cov_106.953543	2960	3040	94	1	80	0.0125000
NODE_222_length_4770_cov_106.953543	2960	3040	96	3	80	0.0375000
NODE_222_length_4770_cov_106.953543	2960	3040	98	2	80	0.0250000
NODE_222_length_4770_cov_106.953543	2960	3040	100	1	80	0.0125000
NODE_222_length_4770_cov_106.953543	2960	3040	106	4	80	0.0500000
NODE_222_length_4770_cov_106.953543	2960	3040	107	1	80	0.0125000
NODE_222_length_4770_cov_106.953543	2960	3040	111	1	80	0.0125000
NODE_222_length_4770_cov_106.953543	2960	3040	112	1	80	0.0125000
NODE_222_length_4770_cov_106.953543	2960	3040	114	2	80	0.0250000
NODE_222_length_4770_cov_106.953543	2960	3040	116	4	80	0.0500000
NODE_222_length_4770_cov_106.953543	2960	3040	118	3	80	0.0375000
NODE_222_length_4770_cov_106.953543	2960	3040	121	4	80	0.0500000
NODE_222_length_4770_cov_106.953543	2960	3040	123	1	80	0.0125000
NODE_222_length_4770_cov_106.953543	2960	3040	124	1	80	0.0125000
NODE_222_length_4770_cov_106.953543	2960	3040	125	5	80	0.0625000
NODE_222_length_4770_cov_106.953543	2960	3040	126	1	80	0.0125000
NODE_222_length_4770_cov_106.953543	2960	3040	127	2	80	0.0250000
NODE_222_length_4770_cov_106.953543	2960	3040	129	2	80	0.0250000
NODE_222_length_4770_cov_106.953543	2960	3040	131	4	80	0.0500000
NODE_222_length_4770_cov_106.953543	2960	3040	132	2	80	0.0250000
NODE_222_length_4770_cov_106.953543	2960	3040	133	1	80	0.0125000
NODE_222_length_4770_cov_106.953543	2960	3040	135	15	80	0.1875000
NODE_222_length_4770_cov_106.953543	2960	3040	136	2	80	0.0250000
NODE_222_length_4770_cov_106.953543	2960	3040	137	3	80	0.0375000
NODE_222_length_4770_cov_106.953543	2960	3040	139	3	80	0.0375000
NODE_222_length_4770_cov_106.953543	2960	3040	140	3	80	0.0375000
NODE_222_length_4770_cov_106.953543	2960	3040	141	1	80	0.0125000
NODE_222_length_4770_cov_106.953543	2960	3040	142	5	80	0.0625000
NODE_222_length_4770_cov_106.953543	2960	3040	143	1	80	0.0125000
NODE_222_length_4770_cov_106.953543	2960	3040	145	1	80	0.0125000
NODE_223_length_4768_cov_15.447205	1237	1317	42	5	80	0.0625000
NODE_223_length_4768_cov_15.447205	1237	1317	50	3	80	0.0375000
NODE_223_length_4768_cov_15.447205	1237	1317	52	2	80	0.0250000
NODE_223_length_4768_cov_15.447205	1237	1317	56	6	80	0.0750000
NODE_223_length_4768_cov_15.447205	1237	1317	63	2	80	0.0250000
NODE_223_length_4768_cov_15.447205	1237	1317	64	1	80	0.0125000
NODE_223_length_4768_cov_15.447205	1237	1317	65	1	80	0.0125000
NODE_223_length_4768_cov_15.447205	1237	1317	67	8	80	0.1000000
NODE_223_length_4768_cov_15.447205	1237	1317	69	2	80	0.0250000
NODE_223_length_4768_cov_15.447205	1237	1317	71	8	80	0.1000000
NODE_223_length_4768_cov_15.447205	1237	1317	75	1	80	0.0125000
NODE_223_length_4768_cov_15.447205	1237	1317	76	4	80	0.0500000
NODE_223_length_4768_cov_15.447205	1237	1317	78	4	80	0.0500000
NODE_223_length_4768_cov_15.447205	1237	1317	80	21	80	0.2625000
NODE_223_length_4768_cov_15.447205	1237	1317	82	12	80	0.1500000
NODE_228_length_4730_cov_30.142734	256	336	0	67	80	0.8375000
NODE_228_length_4730_cov_30.142734	256	336	2	13	80	0.1625000
NODE_228_length_4730_cov_30.142734	309	389	0	14	80	0.1750000
NODE_228_length_4730_cov_30.142734	309	389	2	66	80	0.8250000
NODE_228_length_4730_cov_30.142734	4052	4132	2	7	80	0.0875000
NODE_228_length_4730_cov_30.142734	4052	4132	4	59	80	0.7375000
NODE_228_length_4730_cov_30.142734	4052	4132	9	1	80	0.0125000
NODE_228_length_4730_cov_30.142734	4052	4132	10	13	80	0.1625000
NODE_228_length_4730_cov_30.142734	4105	4185	4	13	80	0.1625000
NODE_228_length_4730_cov_30.142734	4105	4185	8	43	80	0.5375000
NODE_228_length_4730_cov_30.142734	4105	4185	9	1	80	0.0125000
NODE_228_length_4730_cov_30.142734	4105	4185	10	23	80	0.2875000
NODE_231_length_4706_cov_25.522683	2181	2261	17	1	80	0.0125000
NODE_231_length_4706_cov_25.522683	2181	2261	18	12	80	0.1500000
NODE_231_length_4706_cov_25.522683	2181	2261	21	2	80	0.0250000
NODE_231_length_4706_cov_25.522683	2181	2261	23	1	80	0.0125000
NODE_231_length_4706_cov_25.522683	2181	2261	25	3	80	0.0375000
NODE_231_length_4706_cov_25.522683	2181	2261	26	8	80	0.1000000
NODE_231_length_4706_cov_25.522683	2181	2261	27	1	80	0.0125000
NODE_231_length_4706_cov_25.522683	2181	2261	28	2	80	0.0250000
NODE_231_length_4706_cov_25.522683	2181	2261	29	8	80	0.1000000
NODE_231_length_4706_cov_25.522683	2181	2261	33	18	80	0.2250000
NODE_231_length_4706_cov_25.522683	2181	2261	37	6	80	0.0750000
NODE_231_length_4706_cov_25.522683	2181	2261	39	18	80	0.2250000
NODE_231_length_4706_cov_25.522683	2234	2288	0	2	54	0.0370370
NODE_231_length_4706_cov_25.522683	2234	2288	3	1	54	0.0185185
NODE_231_length_4706_cov_25.522683	2234	2288	4	3	54	0.0555556
NODE_231_length_4706_cov_25.522683	2234	2288	8	3	54	0.0555556
NODE_231_length_4706_cov_25.522683	2234	2288	10	1	54	0.0185185
NODE_231_length_4706_cov_25.522683	2234	2288	12	3	54	0.0555556
NODE_231_length_4706_cov_25.522683	2234	2288	15	1	54	0.0185185
NODE_231_length_4706_cov_25.522683	2234	2288	16	9	54	0.1666667
NODE_231_length_4706_cov_25.522683	2234	2288	17	5	54	0.0925926
NODE_231_length_4706_cov_25.522683	2234	2288	18	12	54	0.2222222
NODE_231_length_4706_cov_25.522683	2234	2288	21	2	54	0.0370370
NODE_231_length_4706_cov_25.522683	2234	2288	23	1	54	0.0185185
NODE_231_length_4706_cov_25.522683	2234	2288	25	3	54	0.0555556
NODE_231_length_4706_cov_25.522683	2234	2288	26	8	54	0.1481481
NODE_231_length_4706_cov_25.522683	3943	4026	17	7	83	0.0843373
NODE_231_length_4706_cov_25.522683	3943	4026	18	7	83	0.0843373
NODE_231_length_4706_cov_25.522683	3943	4026	19	13	83	0.1566265
NODE_231_length_4706_cov_25.522683	3943	4026	20	12	83	0.1445783
NODE_231_length_4706_cov_25.522683	3943	4026	21	1	83	0.0120482
NODE_231_length_4706_cov_25.522683	3943	4026	22	6	83	0.0722892
NODE_231_length_4706_cov_25.522683	3943	4026	23	2	83	0.0240964
NODE_231_length_4706_cov_25.522683	3943	4026	24	4	83	0.0481928
NODE_231_length_4706_cov_25.522683	3943	4026	28	16	83	0.1927711
NODE_231_length_4706_cov_25.522683	3943	4026	30	1	83	0.0120482
NODE_231_length_4706_cov_25.522683	3943	4026	32	14	83	0.1686747
NODE_235_length_4693_cov_16.973008	374	454	0	55	80	0.6875000
NODE_235_length_4693_cov_16.973008	374	454	2	1	80	0.0125000
NODE_235_length_4693_cov_16.973008	374	454	4	24	80	0.3000000
NODE_235_length_4693_cov_16.973008	427	507	0	2	80	0.0250000
NODE_235_length_4693_cov_16.973008	427	507	2	1	80	0.0125000
NODE_235_length_4693_cov_16.973008	427	507	4	77	80	0.9625000
NODE_240_length_4672_cov_39.029084	1391	1470	407	1	79	0.0126582
NODE_240_length_4672_cov_39.029084	1391	1470	422	1	79	0.0126582
NODE_240_length_4672_cov_39.029084	1391	1470	443	1	79	0.0126582
NODE_240_length_4672_cov_39.029084	1391	1470	458	1	79	0.0126582
NODE_240_length_4672_cov_39.029084	1391	1470	465	1	79	0.0126582
NODE_240_length_4672_cov_39.029084	1391	1470	466	1	79	0.0126582
NODE_240_length_4672_cov_39.029084	1391	1470	468	1	79	0.0126582
NODE_240_length_4672_cov_39.029084	1391	1470	471	1	79	0.0126582
NODE_240_length_4672_cov_39.029084	1391	1470	476	1	79	0.0126582
NODE_240_length_4672_cov_39.029084	1391	1470	478	1	79	0.0126582
NODE_240_length_4672_cov_39.029084	1391	1470	495	1	79	0.0126582
NODE_240_length_4672_cov_39.029084	1391	1470	516	1	79	0.0126582
NODE_240_length_4672_cov_39.029084	1391	1470	531	1	79	0.0126582
NODE_240_length_4672_cov_39.029084	1391	1470	538	2	79	0.0253165
NODE_240_length_4672_cov_39.029084	1391	1470	540	1	79	0.0126582
NODE_240_length_4672_cov_39.029084	1391	1470	546	2	79	0.0253165
NODE_240_length_4672_cov_39.029084	1391	1470	554	1	79	0.0126582
NODE_240_length_4672_cov_39.029084	1391	1470	560	1	79	0.0126582
NODE_240_length_4672_cov_39.029084	1391	1470	562	1	79	0.0126582
NODE_240_length_4672_cov_39.029084	1391	1470	566	1	79	0.0126582
NODE_240_length_4672_cov_39.029084	1391	1470	568	1	79	0.0126582
NODE_240_length_4672_cov_39.029084	1391	1470	586	2	79	0.0253165
NODE_240_length_4672_cov_39.029084	1391	1470	592	1	79	0.0126582
NODE_240_length_4672_cov_39.029084	1391	1470	598	2	79	0.0253165
NODE_240_length_4672_cov_39.029084	1391	1470	600	1	79	0.0126582
NODE_240_length_4672_cov_39.029084	1391	1470	604	1	79	0.0126582
NODE_240_length_4672_cov_39.029084	1391	1470	606	1	79	0.0126582
NODE_240_length_4672_cov_39.029084	1391	1470	608	1	79	0.0126582
NODE_240_length_4672_cov_39.029084	1391	1470	610	1	79	0.0126582
NODE_240_length_4672_cov_39.029084	1391	1470	618	1	79	0.0126582
NODE_240_length_4672_cov_39.029084	1391	1470	624	1	79	0.0126582
NODE_240_length_4672_cov_39.029084	1391	1470	626	1	79	0.0126582
NODE_240_length_4672_cov_39.029084	1391	1470	640	2	79	0.0253165
NODE_240_length_4672_cov_39.029084	1391	1470	642	1	79	0.0126582
NODE_240_length_4672_cov_39.029084	1391	1470	644	1	79	0.0126582
NODE_240_length_4672_cov_39.029084	1391	1470	645	1	79	0.0126582
NODE_240_length_4672_cov_39.029084	1391	1470	646	1	79	0.0126582
NODE_240_length_4672_cov_39.029084	1391	1470	647	1	79	0.0126582
NODE_240_length_4672_cov_39.029084	1391	1470	648	1	79	0.0126582
NODE_240_length_4672_cov_39.029084	1391	1470	649	1	79	0.0126582
NODE_240_length_4672_cov_39.029084	1391	1470	652	1	79	0.0126582
NODE_240_length_4672_cov_39.029084	1391	1470	657	1	79	0.0126582
NODE_240_length_4672_cov_39.029084	1391	1470	661	1	79	0.0126582
NODE_240_length_4672_cov_39.029084	1391	1470	662	1	79	0.0126582
NODE_240_length_4672_cov_39.029084	1391	1470	663	2	79	0.0253165
NODE_240_length_4672_cov_39.029084	1391	1470	664	1	79	0.0126582
NODE_240_length_4672_cov_39.029084	1391	1470	665	2	79	0.0253165
NODE_240_length_4672_cov_39.029084	1391	1470	666	1	79	0.0126582
NODE_240_length_4672_cov_39.029084	1391	1470	668	1	79	0.0126582
NODE_240_length_4672_cov_39.029084	1391	1470	670	2	79	0.0253165
NODE_240_length_4672_cov_39.029084	1391	1470	671	4	79	0.0506329
NODE_240_length_4672_cov_39.029084	1391	1470	678	1	79	0.0126582
NODE_240_length_4672_cov_39.029084	1391	1470	679	2	79	0.0253165
NODE_240_length_4672_cov_39.029084	1391	1470	682	1	79	0.0126582
NODE_240_length_4672_cov_39.029084	1391	1470	683	1	79	0.0126582
NODE_240_length_4672_cov_39.029084	1391	1470	684	2	79	0.0253165
NODE_240_length_4672_cov_39.029084	1391	1470	685	1	79	0.0126582
NODE_240_length_4672_cov_39.029084	1391	1470	686	5	79	0.0632911
NODE_240_length_4672_cov_39.029084	1391	1470	687	2	79	0.0253165
NODE_240_length_4672_cov_39.029084	1391	1470	688	2	79	0.0253165
NODE_240_length_4672_cov_39.029084	1444	1523	208	1	79	0.0126582
NODE_240_length_4672_cov_39.029084	1444	1523	211	1	79	0.0126582
NODE_240_length_4672_cov_39.029084	1444	1523	224	1	79	0.0126582
NODE_240_length_4672_cov_39.029084	1444	1523	227	1	79	0.0126582
NODE_240_length_4672_cov_39.029084	1444	1523	243	1	79	0.0126582
NODE_240_length_4672_cov_39.029084	1444	1523	253	1	79	0.0126582
NODE_240_length_4672_cov_39.029084	1444	1523	274	1	79	0.0126582
NODE_240_length_4672_cov_39.029084	1444	1523	293	1	79	0.0126582
NODE_240_length_4672_cov_39.029084	1444	1523	308	1	79	0.0126582
NODE_240_length_4672_cov_39.029084	1444	1523	309	1	79	0.0126582
NODE_240_length_4672_cov_39.029084	1444	1523	312	1	79	0.0126582
NODE_240_length_4672_cov_39.029084	1444	1523	316	1	79	0.0126582
NODE_240_length_4672_cov_39.029084	1444	1523	325	1	79	0.0126582
NODE_240_length_4672_cov_39.029084	1444	1523	335	1	79	0.0126582
NODE_240_length_4672_cov_39.029084	1444	1523	341	1	79	0.0126582
NODE_240_length_4672_cov_39.029084	1444	1523	364	1	79	0.0126582
NODE_240_length_4672_cov_39.029084	1444	1523	375	1	79	0.0126582
NODE_240_length_4672_cov_39.029084	1444	1523	380	1	79	0.0126582
NODE_240_length_4672_cov_39.029084	1444	1523	388	3	79	0.0379747
NODE_240_length_4672_cov_39.029084	1444	1523	397	1	79	0.0126582
NODE_240_length_4672_cov_39.029084	1444	1523	420	1	79	0.0126582
NODE_240_length_4672_cov_39.029084	1444	1523	429	1	79	0.0126582
NODE_240_length_4672_cov_39.029084	1444	1523	435	1	79	0.0126582
NODE_240_length_4672_cov_39.029084	1444	1523	441	1	79	0.0126582
NODE_240_length_4672_cov_39.029084	1444	1523	443	1	79	0.0126582
NODE_240_length_4672_cov_39.029084	1444	1523	462	1	79	0.0126582
NODE_240_length_4672_cov_39.029084	1444	1523	467	1	79	0.0126582
NODE_240_length_4672_cov_39.029084	1444	1523	473	1	79	0.0126582
NODE_240_length_4672_cov_39.029084	1444	1523	491	1	79	0.0126582
NODE_240_length_4672_cov_39.029084	1444	1523	495	1	79	0.0126582
NODE_240_length_4672_cov_39.029084	1444	1523	499	1	79	0.0126582
NODE_240_length_4672_cov_39.029084	1444	1523	511	1	79	0.0126582
NODE_240_length_4672_cov_39.029084	1444	1523	513	1	79	0.0126582
NODE_240_length_4672_cov_39.029084	1444	1523	519	1	79	0.0126582
NODE_240_length_4672_cov_39.029084	1444	1523	528	1	79	0.0126582
NODE_240_length_4672_cov_39.029084	1444	1523	535	1	79	0.0126582
NODE_240_length_4672_cov_39.029084	1444	1523	549	1	79	0.0126582
NODE_240_length_4672_cov_39.029084	1444	1523	553	1	79	0.0126582
NODE_240_length_4672_cov_39.029084	1444	1523	565	1	79	0.0126582
NODE_240_length_4672_cov_39.029084	1444	1523	575	1	79	0.0126582
NODE_240_length_4672_cov_39.029084	1444	1523	576	2	79	0.0253165
NODE_240_length_4672_cov_39.029084	1444	1523	582	1	79	0.0126582
NODE_240_length_4672_cov_39.029084	1444	1523	585	1	79	0.0126582
NODE_240_length_4672_cov_39.029084	1444	1523	586	1	79	0.0126582
NODE_240_length_4672_cov_39.029084	1444	1523	588	1	79	0.0126582
NODE_240_length_4672_cov_39.029084	1444	1523	594	1	79	0.0126582
NODE_240_length_4672_cov_39.029084	1444	1523	598	1	79	0.0126582
NODE_240_length_4672_cov_39.029084	1444	1523	602	2	79	0.0253165
NODE_240_length_4672_cov_39.029084	1444	1523	605	1	79	0.0126582
NODE_240_length_4672_cov_39.029084	1444	1523	608	1	79	0.0126582
NODE_240_length_4672_cov_39.029084	1444	1523	610	1	79	0.0126582
NODE_240_length_4672_cov_39.029084	1444	1523	624	1	79	0.0126582
NODE_240_length_4672_cov_39.029084	1444	1523	626	1	79	0.0126582
NODE_240_length_4672_cov_39.029084	1444	1523	640	1	79	0.0126582
NODE_240_length_4672_cov_39.029084	1444	1523	646	1	79	0.0126582
NODE_240_length_4672_cov_39.029084	1444	1523	648	1	79	0.0126582
NODE_240_length_4672_cov_39.029084	1444	1523	649	1	79	0.0126582
NODE_240_length_4672_cov_39.029084	1444	1523	657	1	79	0.0126582
NODE_240_length_4672_cov_39.029084	1444	1523	661	1	79	0.0126582
NODE_240_length_4672_cov_39.029084	1444	1523	663	2	79	0.0253165
NODE_240_length_4672_cov_39.029084	1444	1523	665	2	79	0.0253165
NODE_240_length_4672_cov_39.029084	1444	1523	678	1	79	0.0126582
NODE_240_length_4672_cov_39.029084	1444	1523	679	2	79	0.0253165
NODE_240_length_4672_cov_39.029084	1444	1523	682	1	79	0.0126582
NODE_240_length_4672_cov_39.029084	1444	1523	684	2	79	0.0253165
NODE_240_length_4672_cov_39.029084	1444	1523	686	4	79	0.0506329
NODE_240_length_4672_cov_39.029084	1444	1523	687	1	79	0.0126582
NODE_240_length_4672_cov_39.029084	1444	1523	688	1	79	0.0126582
NODE_246_length_4602_cov_17.281368	3106	3186	12	30	80	0.3750000
NODE_246_length_4602_cov_17.281368	3106	3186	15	2	80	0.0250000
NODE_246_length_4602_cov_17.281368	3106	3186	17	11	80	0.1375000
NODE_246_length_4602_cov_17.281368	3106	3186	18	2	80	0.0250000
NODE_246_length_4602_cov_17.281368	3106	3186	19	2	80	0.0250000
NODE_246_length_4602_cov_17.281368	3106	3186	20	26	80	0.3250000
NODE_246_length_4602_cov_17.281368	3106	3186	21	4	80	0.0500000
NODE_246_length_4602_cov_17.281368	3106	3186	22	3	80	0.0375000
NODE_246_length_4602_cov_17.281368	3159	3239	12	16	80	0.2000000
NODE_246_length_4602_cov_17.281368	3159	3239	14	20	80	0.2500000
NODE_246_length_4602_cov_17.281368	3159	3239	16	3	80	0.0375000
NODE_246_length_4602_cov_17.281368	3159	3239	17	19	80	0.2375000
NODE_246_length_4602_cov_17.281368	3159	3239	18	2	80	0.0250000
NODE_246_length_4602_cov_17.281368	3159	3239	20	10	80	0.1250000
NODE_246_length_4602_cov_17.281368	3159	3239	21	10	80	0.1250000
NODE_248_length_4587_cov_14.431150	1294	1370	149	6	76	0.0789474
NODE_248_length_4587_cov_14.431150	1294	1370	152	2	76	0.0263158
NODE_248_length_4587_cov_14.431150	1294	1370	156	1	76	0.0131579
NODE_248_length_4587_cov_14.431150	1294	1370	161	1	76	0.0131579
NODE_248_length_4587_cov_14.431150	1294	1370	162	1	76	0.0131579
NODE_248_length_4587_cov_14.431150	1294	1370	176	1	76	0.0131579
NODE_248_length_4587_cov_14.431150	1294	1370	181	2	76	0.0263158
NODE_248_length_4587_cov_14.431150	1294	1370	182	2	76	0.0263158
NODE_248_length_4587_cov_14.431150	1294	1370	190	2	76	0.0263158
NODE_248_length_4587_cov_14.431150	1294	1370	196	1	76	0.0131579
NODE_248_length_4587_cov_14.431150	1294	1370	199	1	76	0.0131579
NODE_248_length_4587_cov_14.431150	1294	1370	200	2	76	0.0263158
NODE_248_length_4587_cov_14.431150	1294	1370	203	2	76	0.0263158
NODE_248_length_4587_cov_14.431150	1294	1370	205	2	76	0.0263158
NODE_248_length_4587_cov_14.431150	1294	1370	207	4	76	0.0526316
NODE_248_length_4587_cov_14.431150	1294	1370	209	3	76	0.0394737
NODE_248_length_4587_cov_14.431150	1294	1370	210	3	76	0.0394737
NODE_248_length_4587_cov_14.431150	1294	1370	211	2	76	0.0263158
NODE_248_length_4587_cov_14.431150	1294	1370	212	1	76	0.0131579
NODE_248_length_4587_cov_14.431150	1294	1370	213	1	76	0.0131579
NODE_248_length_4587_cov_14.431150	1294	1370	214	2	76	0.0263158
NODE_248_length_4587_cov_14.431150	1294	1370	215	2	76	0.0263158
NODE_248_length_4587_cov_14.431150	1294	1370	216	3	76	0.0394737
NODE_248_length_4587_cov_14.431150	1294	1370	217	8	76	0.1052632
NODE_248_length_4587_cov_14.431150	1294	1370	218	5	76	0.0657895
NODE_248_length_4587_cov_14.431150	1294	1370	219	3	76	0.0394737
NODE_248_length_4587_cov_14.431150	1294	1370	220	9	76	0.1184211
NODE_248_length_4587_cov_14.431150	1294	1370	221	2	76	0.0263158
NODE_248_length_4587_cov_14.431150	1294	1370	222	2	76	0.0263158
NODE_248_length_4587_cov_14.431150	1347	1427	150	1	80	0.0125000
NODE_248_length_4587_cov_14.431150	1347	1427	154	1	80	0.0125000
NODE_248_length_4587_cov_14.431150	1347	1427	155	4	80	0.0500000
NODE_248_length_4587_cov_14.431150	1347	1427	158	2	80	0.0250000
NODE_248_length_4587_cov_14.431150	1347	1427	159	1	80	0.0125000
NODE_248_length_4587_cov_14.431150	1347	1427	160	3	80	0.0375000
NODE_248_length_4587_cov_14.431150	1347	1427	161	1	80	0.0125000
NODE_248_length_4587_cov_14.431150	1347	1427	162	2	80	0.0250000
NODE_248_length_4587_cov_14.431150	1347	1427	163	1	80	0.0125000
NODE_248_length_4587_cov_14.431150	1347	1427	164	1	80	0.0125000
NODE_248_length_4587_cov_14.431150	1347	1427	165	1	80	0.0125000
NODE_248_length_4587_cov_14.431150	1347	1427	166	1	80	0.0125000
NODE_248_length_4587_cov_14.431150	1347	1427	167	2	80	0.0250000
NODE_248_length_4587_cov_14.431150	1347	1427	168	1	80	0.0125000
NODE_248_length_4587_cov_14.431150	1347	1427	169	4	80	0.0500000
NODE_248_length_4587_cov_14.431150	1347	1427	170	1	80	0.0125000
NODE_248_length_4587_cov_14.431150	1347	1427	171	2	80	0.0250000
NODE_248_length_4587_cov_14.431150	1347	1427	173	1	80	0.0125000
NODE_248_length_4587_cov_14.431150	1347	1427	175	2	80	0.0250000
NODE_248_length_4587_cov_14.431150	1347	1427	177	1	80	0.0125000
NODE_248_length_4587_cov_14.431150	1347	1427	178	1	80	0.0125000
NODE_248_length_4587_cov_14.431150	1347	1427	179	2	80	0.0250000
NODE_248_length_4587_cov_14.431150	1347	1427	182	1	80	0.0125000
NODE_248_length_4587_cov_14.431150	1347	1427	183	3	80	0.0375000
NODE_248_length_4587_cov_14.431150	1347	1427	184	1	80	0.0125000
NODE_248_length_4587_cov_14.431150	1347	1427	185	3	80	0.0375000
NODE_248_length_4587_cov_14.431150	1347	1427	186	2	80	0.0250000
NODE_248_length_4587_cov_14.431150	1347	1427	190	1	80	0.0125000
NODE_248_length_4587_cov_14.431150	1347	1427	191	2	80	0.0250000
NODE_248_length_4587_cov_14.431150	1347	1427	192	2	80	0.0250000
NODE_248_length_4587_cov_14.431150	1347	1427	193	4	80	0.0500000
NODE_248_length_4587_cov_14.431150	1347	1427	196	1	80	0.0125000
NODE_248_length_4587_cov_14.431150	1347	1427	197	1	80	0.0125000
NODE_248_length_4587_cov_14.431150	1347	1427	203	1	80	0.0125000
NODE_248_length_4587_cov_14.431150	1347	1427	210	1	80	0.0125000
NODE_248_length_4587_cov_14.431150	1347	1427	211	1	80	0.0125000
NODE_248_length_4587_cov_14.431150	1347	1427	214	2	80	0.0250000
NODE_248_length_4587_cov_14.431150	1347	1427	215	2	80	0.0250000
NODE_248_length_4587_cov_14.431150	1347	1427	217	8	80	0.1000000
NODE_248_length_4587_cov_14.431150	1347	1427	219	1	80	0.0125000
NODE_248_length_4587_cov_14.431150	1347	1427	220	5	80	0.0625000
NODE_248_length_4587_cov_14.431150	1347	1427	221	2	80	0.0250000
NODE_248_length_4587_cov_14.431150	1466	1533	148	1	67	0.0149254
NODE_248_length_4587_cov_14.431150	1466	1533	150	1	67	0.0149254
NODE_248_length_4587_cov_14.431150	1466	1533	154	1	67	0.0149254
NODE_248_length_4587_cov_14.431150	1466	1533	157	1	67	0.0149254
NODE_248_length_4587_cov_14.431150	1466	1533	158	1	67	0.0149254
NODE_248_length_4587_cov_14.431150	1466	1533	159	1	67	0.0149254
NODE_248_length_4587_cov_14.431150	1466	1533	162	1	67	0.0149254
NODE_248_length_4587_cov_14.431150	1466	1533	169	1	67	0.0149254
NODE_248_length_4587_cov_14.431150	1466	1533	172	6	67	0.0895522
NODE_248_length_4587_cov_14.431150	1466	1533	173	1	67	0.0149254
NODE_248_length_4587_cov_14.431150	1466	1533	174	5	67	0.0746269
NODE_248_length_4587_cov_14.431150	1466	1533	175	7	67	0.1044776
NODE_248_length_4587_cov_14.431150	1466	1533	176	5	67	0.0746269
NODE_248_length_4587_cov_14.431150	1466	1533	177	5	67	0.0746269
NODE_248_length_4587_cov_14.431150	1466	1533	178	6	67	0.0895522
NODE_248_length_4587_cov_14.431150	1466	1533	179	1	67	0.0149254
NODE_248_length_4587_cov_14.431150	1466	1533	180	13	67	0.1940299
NODE_248_length_4587_cov_14.431150	1466	1533	181	3	67	0.0447761
NODE_248_length_4587_cov_14.431150	1466	1533	182	1	67	0.0149254
NODE_248_length_4587_cov_14.431150	1466	1533	183	5	67	0.0746269
NODE_248_length_4587_cov_14.431150	1466	1533	184	1	67	0.0149254
NODE_248_length_4587_cov_14.431150	4316	4382	226	1	66	0.0151515
NODE_248_length_4587_cov_14.431150	4316	4382	237	1	66	0.0151515
NODE_248_length_4587_cov_14.431150	4316	4382	248	1	66	0.0151515
NODE_248_length_4587_cov_14.431150	4316	4382	250	1	66	0.0151515
NODE_248_length_4587_cov_14.431150	4316	4382	257	1	66	0.0151515
NODE_248_length_4587_cov_14.431150	4316	4382	262	1	66	0.0151515
NODE_248_length_4587_cov_14.431150	4316	4382	273	1	66	0.0151515
NODE_248_length_4587_cov_14.431150	4316	4382	275	2	66	0.0303030
NODE_248_length_4587_cov_14.431150	4316	4382	276	1	66	0.0151515
NODE_248_length_4587_cov_14.431150	4316	4382	277	1	66	0.0151515
NODE_248_length_4587_cov_14.431150	4316	4382	286	1	66	0.0151515
NODE_248_length_4587_cov_14.431150	4316	4382	312	1	66	0.0151515
NODE_248_length_4587_cov_14.431150	4316	4382	329	1	66	0.0151515
NODE_248_length_4587_cov_14.431150	4316	4382	330	2	66	0.0303030
NODE_248_length_4587_cov_14.431150	4316	4382	334	1	66	0.0151515
NODE_248_length_4587_cov_14.431150	4316	4382	342	1	66	0.0151515
NODE_248_length_4587_cov_14.431150	4316	4382	343	1	66	0.0151515
NODE_248_length_4587_cov_14.431150	4316	4382	347	1	66	0.0151515
NODE_248_length_4587_cov_14.431150	4316	4382	348	1	66	0.0151515
NODE_248_length_4587_cov_14.431150	4316	4382	349	4	66	0.0606061
NODE_248_length_4587_cov_14.431150	4316	4382	361	1	66	0.0151515
NODE_248_length_4587_cov_14.431150	4316	4382	362	1	66	0.0151515
NODE_248_length_4587_cov_14.431150	4316	4382	365	1	66	0.0151515
NODE_248_length_4587_cov_14.431150	4316	4382	366	1	66	0.0151515
NODE_248_length_4587_cov_14.431150	4316	4382	372	1	66	0.0151515
NODE_248_length_4587_cov_14.431150	4316	4382	374	1	66	0.0151515
NODE_248_length_4587_cov_14.431150	4316	4382	376	1	66	0.0151515
NODE_248_length_4587_cov_14.431150	4316	4382	377	1	66	0.0151515
NODE_248_length_4587_cov_14.431150	4316	4382	378	3	66	0.0454545
NODE_248_length_4587_cov_14.431150	4316	4382	379	1	66	0.0151515
NODE_248_length_4587_cov_14.431150	4316	4382	388	1	66	0.0151515
NODE_248_length_4587_cov_14.431150	4316	4382	389	2	66	0.0303030
NODE_248_length_4587_cov_14.431150	4316	4382	390	1	66	0.0151515
NODE_248_length_4587_cov_14.431150	4316	4382	396	2	66	0.0303030
NODE_248_length_4587_cov_14.431150	4316	4382	398	1	66	0.0151515
NODE_248_length_4587_cov_14.431150	4316	4382	399	1	66	0.0151515
NODE_248_length_4587_cov_14.431150	4316	4382	401	1	66	0.0151515
NODE_248_length_4587_cov_14.431150	4316	4382	402	4	66	0.0606061
NODE_248_length_4587_cov_14.431150	4316	4382	403	2	66	0.0303030
NODE_248_length_4587_cov_14.431150	4316	4382	405	1	66	0.0151515
NODE_248_length_4587_cov_14.431150	4316	4382	407	2	66	0.0303030
NODE_248_length_4587_cov_14.431150	4316	4382	408	7	66	0.1060606
NODE_248_length_4587_cov_14.431150	4316	4382	412	3	66	0.0454545
NODE_248_length_4587_cov_14.431150	4316	4382	413	1	66	0.0151515
NODE_248_length_4587_cov_14.431150	4355	4435	294	1	80	0.0125000
NODE_248_length_4587_cov_14.431150	4355	4435	296	2	80	0.0250000
NODE_248_length_4587_cov_14.431150	4355	4435	300	1	80	0.0125000
NODE_248_length_4587_cov_14.431150	4355	4435	302	1	80	0.0125000
NODE_248_length_4587_cov_14.431150	4355	4435	306	1	80	0.0125000
NODE_248_length_4587_cov_14.431150	4355	4435	313	1	80	0.0125000
NODE_248_length_4587_cov_14.431150	4355	4435	316	1	80	0.0125000
NODE_248_length_4587_cov_14.431150	4355	4435	329	1	80	0.0125000
NODE_248_length_4587_cov_14.431150	4355	4435	333	1	80	0.0125000
NODE_248_length_4587_cov_14.431150	4355	4435	339	1	80	0.0125000
NODE_248_length_4587_cov_14.431150	4355	4435	341	1	80	0.0125000
NODE_248_length_4587_cov_14.431150	4355	4435	344	4	80	0.0500000
NODE_248_length_4587_cov_14.431150	4355	4435	347	1	80	0.0125000
NODE_248_length_4587_cov_14.431150	4355	4435	352	1	80	0.0125000
NODE_248_length_4587_cov_14.431150	4355	4435	356	1	80	0.0125000
NODE_248_length_4587_cov_14.431150	4355	4435	357	1	80	0.0125000
NODE_248_length_4587_cov_14.431150	4355	4435	359	1	80	0.0125000
NODE_248_length_4587_cov_14.431150	4355	4435	368	1	80	0.0125000
NODE_248_length_4587_cov_14.431150	4355	4435	370	1	80	0.0125000
NODE_248_length_4587_cov_14.431150	4355	4435	371	1	80	0.0125000
NODE_248_length_4587_cov_14.431150	4355	4435	372	2	80	0.0250000
NODE_248_length_4587_cov_14.431150	4355	4435	374	1	80	0.0125000
NODE_248_length_4587_cov_14.431150	4355	4435	376	1	80	0.0125000
NODE_248_length_4587_cov_14.431150	4355	4435	378	2	80	0.0250000
NODE_248_length_4587_cov_14.431150	4355	4435	379	1	80	0.0125000
NODE_248_length_4587_cov_14.431150	4355	4435	380	3	80	0.0375000
NODE_248_length_4587_cov_14.431150	4355	4435	381	3	80	0.0375000
NODE_248_length_4587_cov_14.431150	4355	4435	382	9	80	0.1125000
NODE_248_length_4587_cov_14.431150	4355	4435	384	4	80	0.0500000
NODE_248_length_4587_cov_14.431150	4355	4435	385	1	80	0.0125000
NODE_248_length_4587_cov_14.431150	4355	4435	389	2	80	0.0250000
NODE_248_length_4587_cov_14.431150	4355	4435	390	2	80	0.0250000
NODE_248_length_4587_cov_14.431150	4355	4435	396	2	80	0.0250000
NODE_248_length_4587_cov_14.431150	4355	4435	398	1	80	0.0125000
NODE_248_length_4587_cov_14.431150	4355	4435	399	1	80	0.0125000
NODE_248_length_4587_cov_14.431150	4355	4435	401	1	80	0.0125000
NODE_248_length_4587_cov_14.431150	4355	4435	402	4	80	0.0500000
NODE_248_length_4587_cov_14.431150	4355	4435	403	2	80	0.0250000
NODE_248_length_4587_cov_14.431150	4355	4435	405	1	80	0.0125000
NODE_248_length_4587_cov_14.431150	4355	4435	407	2	80	0.0250000
NODE_248_length_4587_cov_14.431150	4355	4435	408	7	80	0.0875000
NODE_248_length_4587_cov_14.431150	4355	4435	412	3	80	0.0375000
NODE_248_length_4587_cov_14.431150	4355	4435	413	1	80	0.0125000
NODE_249_length_4572_cov_50.244579	2406	2483	20	2	77	0.0259740
NODE_249_length_4572_cov_50.244579	2406	2483	21	6	77	0.0779221
NODE_249_length_4572_cov_50.244579	2406	2483	25	1	77	0.0129870
NODE_249_length_4572_cov_50.244579	2406	2483	29	4	77	0.0519481
NODE_249_length_4572_cov_50.244579	2406	2483	33	9	77	0.1168831
NODE_249_length_4572_cov_50.244579	2406	2483	35	6	77	0.0779221
NODE_249_length_4572_cov_50.244579	2406	2483	39	2	77	0.0259740
NODE_249_length_4572_cov_50.244579	2406	2483	40	13	77	0.1688312
NODE_249_length_4572_cov_50.244579	2406	2483	41	14	77	0.1818182
NODE_249_length_4572_cov_50.244579	2406	2483	42	14	77	0.1818182
NODE_249_length_4572_cov_50.244579	2406	2483	43	3	77	0.0389610
NODE_249_length_4572_cov_50.244579	2406	2483	45	3	77	0.0389610
NODE_249_length_4572_cov_50.244579	2406	2483	20	2	77	0.0259740
NODE_249_length_4572_cov_50.244579	2406	2483	21	6	77	0.0779221
NODE_249_length_4572_cov_50.244579	2406	2483	25	1	77	0.0129870
NODE_249_length_4572_cov_50.244579	2406	2483	29	4	77	0.0519481
NODE_249_length_4572_cov_50.244579	2406	2483	33	9	77	0.1168831
NODE_249_length_4572_cov_50.244579	2406	2483	35	6	77	0.0779221
NODE_249_length_4572_cov_50.244579	2406	2483	39	2	77	0.0259740
NODE_249_length_4572_cov_50.244579	2406	2483	40	13	77	0.1688312
NODE_249_length_4572_cov_50.244579	2406	2483	41	14	77	0.1818182
NODE_249_length_4572_cov_50.244579	2406	2483	42	14	77	0.1818182
NODE_249_length_4572_cov_50.244579	2406	2483	43	3	77	0.0389610
NODE_249_length_4572_cov_50.244579	2406	2483	45	3	77	0.0389610
NODE_251_length_4556_cov_14.556652	4229	4288	5	22	59	0.3728814
NODE_251_length_4556_cov_14.556652	4229	4288	7	5	59	0.0847458
NODE_251_length_4556_cov_14.556652	4229	4288	8	5	59	0.0847458
NODE_251_length_4556_cov_14.556652	4229	4288	9	2	59	0.0338983
NODE_251_length_4556_cov_14.556652	4229	4288	10	6	59	0.1016949
NODE_251_length_4556_cov_14.556652	4229	4288	11	4	59	0.0677966
NODE_251_length_4556_cov_14.556652	4229	4288	12	1	59	0.0169492
NODE_251_length_4556_cov_14.556652	4229	4288	14	2	59	0.0338983
NODE_251_length_4556_cov_14.556652	4229	4288	16	1	59	0.0169492
NODE_251_length_4556_cov_14.556652	4229	4288	18	3	59	0.0508475
NODE_251_length_4556_cov_14.556652	4229	4288	20	2	59	0.0338983
NODE_251_length_4556_cov_14.556652	4229	4288	22	3	59	0.0508475
NODE_251_length_4556_cov_14.556652	4229	4288	23	1	59	0.0169492
NODE_251_length_4556_cov_14.556652	4229	4288	25	1	59	0.0169492
NODE_251_length_4556_cov_14.556652	4229	4288	26	1	59	0.0169492
NODE_252_length_4550_cov_5.664120	3548	3628	0	80	80	1.0000000
NODE_252_length_4550_cov_5.664120	3601	3681	0	80	80	1.0000000
NODE_253_length_4544_cov_10.690439	353	433	0	2	80	0.0250000
NODE_253_length_4544_cov_10.690439	353	433	3	16	80	0.2000000
NODE_253_length_4544_cov_10.690439	353	433	5	57	80	0.7125000
NODE_253_length_4544_cov_10.690439	353	433	6	5	80	0.0625000
NODE_253_length_4544_cov_10.690439	406	486	0	16	80	0.2000000
NODE_253_length_4544_cov_10.690439	406	486	2	1	80	0.0125000
NODE_253_length_4544_cov_10.690439	406	486	3	8	80	0.1000000
NODE_253_length_4544_cov_10.690439	406	486	5	50	80	0.6250000
NODE_253_length_4544_cov_10.690439	406	486	6	5	80	0.0625000
NODE_253_length_4544_cov_10.690439	4487	4544	0	54	57	0.9473684
NODE_253_length_4544_cov_10.690439	4487	4544	2	3	57	0.0526316
NODE_255_length_4535_cov_24.849188	675	755	2	1	80	0.0125000
NODE_255_length_4535_cov_24.849188	675	755	11	1	80	0.0125000
NODE_255_length_4535_cov_24.849188	675	755	12	44	80	0.5500000
NODE_255_length_4535_cov_24.849188	675	755	14	34	80	0.4250000
NODE_255_length_4535_cov_24.849188	728	809	2	12	81	0.1481481
NODE_255_length_4535_cov_24.849188	728	809	11	1	81	0.0123457
NODE_255_length_4535_cov_24.849188	728	809	12	30	81	0.3703704
NODE_255_length_4535_cov_24.849188	728	809	13	6	81	0.0740741
NODE_255_length_4535_cov_24.849188	728	809	14	32	81	0.3950617
NODE_255_length_4535_cov_24.849188	1319	1399	0	22	80	0.2750000
NODE_255_length_4535_cov_24.849188	1319	1399	1	8	80	0.1000000
NODE_255_length_4535_cov_24.849188	1319	1399	2	50	80	0.6250000
NODE_255_length_4535_cov_24.849188	1372	1452	0	49	80	0.6125000
NODE_255_length_4535_cov_24.849188	1372	1452	1	5	80	0.0625000
NODE_255_length_4535_cov_24.849188	1372	1452	4	1	80	0.0125000
NODE_255_length_4535_cov_24.849188	1372	1452	6	5	80	0.0625000
NODE_255_length_4535_cov_24.849188	1372	1452	8	7	80	0.0875000
NODE_255_length_4535_cov_24.849188	1372	1452	12	12	80	0.1500000
NODE_255_length_4535_cov_24.849188	1372	1452	13	1	80	0.0125000
NODE_258_length_4528_cov_19.736509	4295	4366	0	71	71	1.0000000
NODE_259_length_4505_cov_10.409215	3166	3202	17	12	36	0.3333333
NODE_259_length_4505_cov_10.409215	3166	3202	18	13	36	0.3611111
NODE_259_length_4505_cov_10.409215	3166	3202	20	5	36	0.1388889
NODE_259_length_4505_cov_10.409215	3166	3202	24	6	36	0.1666667
NODE_259_length_4505_cov_10.409215	3175	3255	14	5	80	0.0625000
NODE_259_length_4505_cov_10.409215	3175	3255	16	11	80	0.1375000
NODE_259_length_4505_cov_10.409215	3175	3255	17	3	80	0.0375000
NODE_259_length_4505_cov_10.409215	3175	3255	18	13	80	0.1625000
NODE_259_length_4505_cov_10.409215	3175	3255	20	5	80	0.0625000
NODE_259_length_4505_cov_10.409215	3175	3255	22	26	80	0.3250000
NODE_259_length_4505_cov_10.409215	3175	3255	24	17	80	0.2125000
NODE_260_length_4498_cov_8.216185	3161	3219	0	56	58	0.9655172
NODE_260_length_4498_cov_8.216185	3161	3219	2	2	58	0.0344828
NODE_260_length_4498_cov_8.216185	4257	4314	2	57	57	1.0000000
NODE_263_length_4476_cov_29.825451	141	215	0	23	74	0.3108108
NODE_263_length_4476_cov_29.825451	141	215	2	51	74	0.6891892
NODE_263_length_4476_cov_29.825451	1890	1970	15	1	80	0.0125000
NODE_263_length_4476_cov_29.825451	1890	1970	22	5	80	0.0625000
NODE_263_length_4476_cov_29.825451	1890	1970	24	12	80	0.1500000
NODE_263_length_4476_cov_29.825451	1890	1970	25	3	80	0.0375000
NODE_263_length_4476_cov_29.825451	1890	1970	26	12	80	0.1500000
NODE_263_length_4476_cov_29.825451	1890	1970	27	2	80	0.0250000
NODE_263_length_4476_cov_29.825451	1890	1970	28	4	80	0.0500000
NODE_263_length_4476_cov_29.825451	1890	1970	29	6	80	0.0750000
NODE_263_length_4476_cov_29.825451	1890	1970	31	3	80	0.0375000
NODE_263_length_4476_cov_29.825451	1890	1970	33	1	80	0.0125000
NODE_263_length_4476_cov_29.825451	1890	1970	34	4	80	0.0500000
NODE_263_length_4476_cov_29.825451	1890	1970	35	17	80	0.2125000
NODE_263_length_4476_cov_29.825451	1890	1970	36	2	80	0.0250000
NODE_263_length_4476_cov_29.825451	1890	1970	37	8	80	0.1000000
NODE_263_length_4476_cov_29.825451	1943	2023	16	3	80	0.0375000
NODE_263_length_4476_cov_29.825451	1943	2023	18	4	80	0.0500000
NODE_263_length_4476_cov_29.825451	1943	2023	22	1	80	0.0125000
NODE_263_length_4476_cov_29.825451	1943	2023	23	2	80	0.0250000
NODE_263_length_4476_cov_29.825451	1943	2023	24	3	80	0.0375000
NODE_263_length_4476_cov_29.825451	1943	2023	26	14	80	0.1750000
NODE_263_length_4476_cov_29.825451	1943	2023	28	10	80	0.1250000
NODE_263_length_4476_cov_29.825451	1943	2023	30	6	80	0.0750000
NODE_263_length_4476_cov_29.825451	1943	2023	32	7	80	0.0875000
NODE_263_length_4476_cov_29.825451	1943	2023	34	5	80	0.0625000
NODE_263_length_4476_cov_29.825451	1943	2023	35	17	80	0.2125000
NODE_263_length_4476_cov_29.825451	1943	2023	36	4	80	0.0500000
NODE_263_length_4476_cov_29.825451	1943	2023	37	4	80	0.0500000
NODE_264_length_4474_cov_17.051886	23	99	0	76	76	1.0000000
NODE_264_length_4474_cov_17.051886	23	98	0	75	75	1.0000000
NODE_264_length_4474_cov_17.051886	23	99	0	76	76	1.0000000
NODE_264_length_4474_cov_17.051886	32	99	0	67	67	1.0000000
NODE_264_length_4474_cov_17.051886	76	140	0	64	64	1.0000000
NODE_264_length_4474_cov_17.051886	1528	1569	85	5	41	0.1219512
NODE_264_length_4474_cov_17.051886	1528	1569	86	1	41	0.0243902
NODE_264_length_4474_cov_17.051886	1528	1569	90	13	41	0.3170732
NODE_264_length_4474_cov_17.051886	1528	1569	91	4	41	0.0975610
NODE_264_length_4474_cov_17.051886	1528	1569	93	7	41	0.1707317
NODE_264_length_4474_cov_17.051886	1528	1569	95	5	41	0.1219512
NODE_264_length_4474_cov_17.051886	1528	1569	97	3	41	0.0731707
NODE_264_length_4474_cov_17.051886	1528	1569	98	2	41	0.0487805
NODE_264_length_4474_cov_17.051886	1528	1569	104	1	41	0.0243902
NODE_264_length_4474_cov_17.051886	1536	1609	31	6	73	0.0821918
NODE_264_length_4474_cov_17.051886	1536	1609	35	2	73	0.0273973
NODE_264_length_4474_cov_17.051886	1536	1609	41	3	73	0.0410959
NODE_264_length_4474_cov_17.051886	1536	1609	43	3	73	0.0410959
NODE_264_length_4474_cov_17.051886	1536	1609	46	2	73	0.0273973
NODE_264_length_4474_cov_17.051886	1536	1609	47	1	73	0.0136986
NODE_264_length_4474_cov_17.051886	1536	1609	48	1	73	0.0136986
NODE_264_length_4474_cov_17.051886	1536	1609	53	1	73	0.0136986
NODE_264_length_4474_cov_17.051886	1536	1609	55	1	73	0.0136986
NODE_264_length_4474_cov_17.051886	1536	1609	56	1	73	0.0136986
NODE_264_length_4474_cov_17.051886	1536	1609	60	1	73	0.0136986
NODE_264_length_4474_cov_17.051886	1536	1609	62	3	73	0.0410959
NODE_264_length_4474_cov_17.051886	1536	1609	63	2	73	0.0273973
NODE_264_length_4474_cov_17.051886	1536	1609	67	3	73	0.0410959
NODE_264_length_4474_cov_17.051886	1536	1609	69	2	73	0.0273973
NODE_264_length_4474_cov_17.051886	1536	1609	72	2	73	0.0273973
NODE_264_length_4474_cov_17.051886	1536	1609	78	1	73	0.0136986
NODE_264_length_4474_cov_17.051886	1536	1609	80	1	73	0.0136986
NODE_264_length_4474_cov_17.051886	1536	1609	83	4	73	0.0547945
NODE_264_length_4474_cov_17.051886	1536	1609	85	5	73	0.0684932
NODE_264_length_4474_cov_17.051886	1536	1609	86	1	73	0.0136986
NODE_264_length_4474_cov_17.051886	1536	1609	90	13	73	0.1780822
NODE_264_length_4474_cov_17.051886	1536	1609	91	4	73	0.0547945
NODE_264_length_4474_cov_17.051886	1536	1609	93	4	73	0.0547945
NODE_264_length_4474_cov_17.051886	1536	1609	95	3	73	0.0410959
NODE_264_length_4474_cov_17.051886	1536	1609	97	2	73	0.0273973
NODE_264_length_4474_cov_17.051886	1536	1609	98	1	73	0.0136986
NODE_264_length_4474_cov_17.051886	1618	1643	6	10	25	0.4000000
NODE_264_length_4474_cov_17.051886	1618	1643	8	9	25	0.3600000
NODE_264_length_4474_cov_17.051886	1618	1643	10	1	25	0.0400000
NODE_264_length_4474_cov_17.051886	1618	1643	12	1	25	0.0400000
NODE_264_length_4474_cov_17.051886	1618	1643	13	2	25	0.0800000
NODE_264_length_4474_cov_17.051886	1618	1643	15	1	25	0.0400000
NODE_264_length_4474_cov_17.051886	1618	1643	17	1	25	0.0400000
NODE_264_length_4474_cov_17.051886	1618	1696	6	10	78	0.1282051
NODE_264_length_4474_cov_17.051886	1618	1696	8	16	78	0.2051282
NODE_264_length_4474_cov_17.051886	1618	1696	10	45	78	0.5769231
NODE_264_length_4474_cov_17.051886	1618	1696	12	3	78	0.0384615
NODE_264_length_4474_cov_17.051886	1618	1696	13	2	78	0.0256410
NODE_264_length_4474_cov_17.051886	1618	1696	15	1	78	0.0128205
NODE_264_length_4474_cov_17.051886	1618	1696	17	1	78	0.0128205
NODE_265_length_4474_cov_14.441829	282	362	0	80	80	1.0000000
NODE_265_length_4474_cov_14.441829	335	415	0	77	80	0.9625000
NODE_265_length_4474_cov_14.441829	335	415	2	1	80	0.0125000
NODE_265_length_4474_cov_14.441829	335	415	12	2	80	0.0250000
NODE_265_length_4474_cov_14.441829	1522	1575	2	6	53	0.1132075
NODE_265_length_4474_cov_14.441829	1522	1575	4	47	53	0.8867925
NODE_265_length_4474_cov_14.441829	1548	1623	0	8	75	0.1066667
NODE_265_length_4474_cov_14.441829	1548	1623	2	46	75	0.6133333
NODE_265_length_4474_cov_14.441829	1548	1623	4	21	75	0.2800000
NODE_265_length_4474_cov_14.441829	3068	3121	8	1	53	0.0188679
NODE_265_length_4474_cov_14.441829	3068	3121	10	1	53	0.0188679
NODE_265_length_4474_cov_14.441829	3068	3121	12	1	53	0.0188679
NODE_265_length_4474_cov_14.441829	3068	3121	14	5	53	0.0943396
NODE_265_length_4474_cov_14.441829	3068	3121	16	45	53	0.8490566
NODE_268_length_4463_cov_7.023144	119	168	0	49	49	1.0000000
NODE_270_length_4453_cov_16.820395	3383	3463	18	1	80	0.0125000
NODE_270_length_4453_cov_16.820395	3383	3463	20	4	80	0.0500000
NODE_270_length_4453_cov_16.820395	3383	3463	22	46	80	0.5750000
NODE_270_length_4453_cov_16.820395	3383	3463	24	29	80	0.3625000
NODE_270_length_4453_cov_16.820395	3436	3496	6	2	60	0.0333333
NODE_270_length_4453_cov_16.820395	3436	3496	8	2	60	0.0333333
NODE_270_length_4453_cov_16.820395	3436	3496	10	1	60	0.0166667
NODE_270_length_4453_cov_16.820395	3436	3496	12	15	60	0.2500000
NODE_270_length_4453_cov_16.820395	3436	3496	14	3	60	0.0500000
NODE_270_length_4453_cov_16.820395	3436	3496	16	9	60	0.1500000
NODE_270_length_4453_cov_16.820395	3436	3496	18	2	60	0.0333333
NODE_270_length_4453_cov_16.820395	3436	3496	20	2	60	0.0333333
NODE_270_length_4453_cov_16.820395	3436	3496	22	15	60	0.2500000
NODE_270_length_4453_cov_16.820395	3436	3496	24	9	60	0.1500000
NODE_272_length_4436_cov_31.114595	2807	2871	0	64	64	1.0000000
NODE_272_length_4436_cov_31.114595	2846	2906	0	60	60	1.0000000
NODE_272_length_4436_cov_31.114595	2846	2898	0	52	52	1.0000000
NODE_278_length_4391_cov_7.711323	66	141	0	47	75	0.6266667
NODE_278_length_4391_cov_7.711323	66	141	2	28	75	0.3733333
NODE_278_length_4391_cov_7.711323	119	155	0	36	36	1.0000000
NODE_279_length_4385_cov_6.067662	1556	1606	0	2	50	0.0400000
NODE_279_length_4385_cov_6.067662	1556	1606	2	3	50	0.0600000
NODE_279_length_4385_cov_6.067662	1556	1606	6	45	50	0.9000000
NODE_286_length_4331_cov_37.938800	1898	1978	0	5	80	0.0625000
NODE_286_length_4331_cov_37.938800	1898	1978	1	2	80	0.0250000
NODE_286_length_4331_cov_37.938800	1898	1978	3	10	80	0.1250000
NODE_286_length_4331_cov_37.938800	1898	1978	5	43	80	0.5375000
NODE_286_length_4331_cov_37.938800	1898	1978	7	5	80	0.0625000
NODE_286_length_4331_cov_37.938800	1898	1978	8	15	80	0.1875000
NODE_286_length_4331_cov_37.938800	1951	2031	5	7	80	0.0875000
NODE_286_length_4331_cov_37.938800	1951	2031	7	5	80	0.0625000
NODE_286_length_4331_cov_37.938800	1951	2031	8	28	80	0.3500000
NODE_286_length_4331_cov_37.938800	1951	2031	10	20	80	0.2500000
NODE_286_length_4331_cov_37.938800	1951	2031	12	4	80	0.0500000
NODE_286_length_4331_cov_37.938800	1951	2031	15	5	80	0.0625000
NODE_286_length_4331_cov_37.938800	1951	2031	19	9	80	0.1125000
NODE_286_length_4331_cov_37.938800	1951	2031	23	2	80	0.0250000
NODE_286_length_4331_cov_37.938800	2027	2107	19	2	80	0.0250000
NODE_286_length_4331_cov_37.938800	2027	2107	23	4	80	0.0500000
NODE_286_length_4331_cov_37.938800	2027	2107	31	20	80	0.2500000
NODE_286_length_4331_cov_37.938800	2027	2107	33	3	80	0.0375000
NODE_286_length_4331_cov_37.938800	2027	2107	35	8	80	0.1000000
NODE_286_length_4331_cov_37.938800	2027	2107	37	1	80	0.0125000
NODE_286_length_4331_cov_37.938800	2027	2107	43	14	80	0.1750000
NODE_286_length_4331_cov_37.938800	2027	2107	44	1	80	0.0125000
NODE_286_length_4331_cov_37.938800	2027	2107	45	19	80	0.2375000
NODE_286_length_4331_cov_37.938800	2027	2107	47	1	80	0.0125000
NODE_286_length_4331_cov_37.938800	2027	2107	50	7	80	0.0875000
NODE_286_length_4331_cov_37.938800	2080	2160	28	6	80	0.0750000
NODE_286_length_4331_cov_37.938800	2080	2160	32	2	80	0.0250000
NODE_286_length_4331_cov_37.938800	2080	2160	35	5	80	0.0625000
NODE_286_length_4331_cov_37.938800	2080	2160	37	5	80	0.0625000
NODE_286_length_4331_cov_37.938800	2080	2160	39	2	80	0.0250000
NODE_286_length_4331_cov_37.938800	2080	2160	43	7	80	0.0875000
NODE_286_length_4331_cov_37.938800	2080	2160	44	7	80	0.0875000
NODE_286_length_4331_cov_37.938800	2080	2160	45	12	80	0.1500000
NODE_286_length_4331_cov_37.938800	2080	2160	47	2	80	0.0250000
NODE_286_length_4331_cov_37.938800	2080	2160	48	6	80	0.0750000
NODE_286_length_4331_cov_37.938800	2080	2160	50	23	80	0.2875000
NODE_286_length_4331_cov_37.938800	2080	2160	51	1	80	0.0125000
NODE_286_length_4331_cov_37.938800	2080	2160	52	2	80	0.0250000
NODE_289_length_4320_cov_7.680881	442	522	0	17	80	0.2125000
NODE_289_length_4320_cov_7.680881	442	522	6	63	80	0.7875000
NODE_289_length_4320_cov_7.680881	495	575	0	10	80	0.1250000
NODE_289_length_4320_cov_7.680881	495	575	6	70	80	0.8750000
NODE_289_length_4320_cov_7.680881	571	651	0	65	80	0.8125000
NODE_289_length_4320_cov_7.680881	571	651	2	15	80	0.1875000
NODE_289_length_4320_cov_7.680881	624	704	0	12	80	0.1500000
NODE_289_length_4320_cov_7.680881	624	704	2	68	80	0.8500000
NODE_290_length_4314_cov_5.311507	1436	1516	0	80	80	1.0000000
NODE_290_length_4314_cov_5.311507	1489	1569	0	80	80	1.0000000
NODE_290_length_4314_cov_5.311507	3331	3400	0	69	69	1.0000000
NODE_290_length_4314_cov_5.311507	3420	3482	4	62	62	1.0000000
NODE_292_length_4311_cov_8.733381	92	171	10	24	79	0.3037975
NODE_292_length_4311_cov_8.733381	92	171	12	55	79	0.6962025
NODE_292_length_4311_cov_8.733381	1925	2005	4	2	80	0.0250000
NODE_292_length_4311_cov_8.733381	1925	2005	8	21	80	0.2625000
NODE_292_length_4311_cov_8.733381	1925	2005	10	25	80	0.3125000
NODE_292_length_4311_cov_8.733381	1925	2005	14	32	80	0.4000000
NODE_292_length_4311_cov_8.733381	1978	2058	4	55	80	0.6875000
NODE_292_length_4311_cov_8.733381	1978	2058	8	21	80	0.2625000
NODE_292_length_4311_cov_8.733381	1978	2058	14	4	80	0.0500000
NODE_294_length_4293_cov_3.809251	244	326	0	4	82	0.0487805
NODE_294_length_4293_cov_3.809251	244	326	2	15	82	0.1829268
NODE_294_length_4293_cov_3.809251	244	326	6	63	82	0.7682927
NODE_294_length_4293_cov_3.809251	301	394	0	43	93	0.4623656
NODE_294_length_4293_cov_3.809251	301	394	4	18	93	0.1935484
NODE_294_length_4293_cov_3.809251	301	394	6	32	93	0.3440860
NODE_295_length_4284_cov_15.940263	3726	3806	2	54	80	0.6750000
NODE_295_length_4284_cov_15.940263	3726	3806	3	2	80	0.0250000
NODE_295_length_4284_cov_15.940263	3726	3806	4	24	80	0.3000000
NODE_295_length_4284_cov_15.940263	3779	3858	0	36	79	0.4556962
NODE_295_length_4284_cov_15.940263	3779	3858	2	43	79	0.5443038
NODE_299_length_4277_cov_5.451173	3818	3898	0	80	80	1.0000000
NODE_299_length_4277_cov_5.451173	3927	3995	0	68	68	1.0000000
NODE_299_length_4277_cov_5.451173	3968	4048	0	80	80	1.0000000
NODE_300_length_4274_cov_18.943234	591	671	0	26	80	0.3250000
NODE_300_length_4274_cov_18.943234	591	671	6	38	80	0.4750000
NODE_300_length_4274_cov_18.943234	591	671	12	16	80	0.2000000
NODE_300_length_4274_cov_18.943234	644	724	6	30	80	0.3750000
NODE_300_length_4274_cov_18.943234	644	724	12	50	80	0.6250000
NODE_301_length_4274_cov_16.160958	416	496	0	80	80	1.0000000
NODE_301_length_4274_cov_16.160958	1034	1114	12	55	80	0.6875000
NODE_301_length_4274_cov_16.160958	1034	1114	14	3	80	0.0375000
NODE_301_length_4274_cov_16.160958	1034	1114	18	4	80	0.0500000
NODE_301_length_4274_cov_16.160958	1034	1114	20	18	80	0.2250000
NODE_301_length_4274_cov_16.160958	1087	1167	10	19	80	0.2375000
NODE_301_length_4274_cov_16.160958	1087	1167	12	2	80	0.0250000
NODE_301_length_4274_cov_16.160958	1087	1167	14	3	80	0.0375000
NODE_301_length_4274_cov_16.160958	1087	1167	15	18	80	0.2250000
NODE_301_length_4274_cov_16.160958	1087	1167	17	1	80	0.0125000
NODE_301_length_4274_cov_16.160958	1087	1167	18	4	80	0.0500000
NODE_301_length_4274_cov_16.160958	1087	1167	20	33	80	0.4125000
NODE_301_length_4274_cov_16.160958	1163	1243	0	4	80	0.0500000
NODE_301_length_4274_cov_16.160958	1163	1243	2	37	80	0.4625000
NODE_301_length_4274_cov_16.160958	1163	1243	6	12	80	0.1500000
NODE_301_length_4274_cov_16.160958	1163	1243	8	8	80	0.1000000
NODE_301_length_4274_cov_16.160958	1163	1243	10	19	80	0.2375000
NODE_301_length_4274_cov_16.160958	1216	1296	0	57	80	0.7125000
NODE_301_length_4274_cov_16.160958	1216	1296	2	23	80	0.2875000
NODE_301_length_4274_cov_16.160958	3411	3491	6	80	80	1.0000000
NODE_302_length_4270_cov_14.045792	3835	3915	138	1	80	0.0125000
NODE_302_length_4270_cov_14.045792	3835	3915	139	1	80	0.0125000
NODE_302_length_4270_cov_14.045792	3835	3915	140	1	80	0.0125000
NODE_302_length_4270_cov_14.045792	3835	3915	141	1	80	0.0125000
NODE_302_length_4270_cov_14.045792	3835	3915	146	2	80	0.0250000
NODE_302_length_4270_cov_14.045792	3835	3915	151	1	80	0.0125000
NODE_302_length_4270_cov_14.045792	3835	3915	153	1	80	0.0125000
NODE_302_length_4270_cov_14.045792	3835	3915	154	1	80	0.0125000
NODE_302_length_4270_cov_14.045792	3835	3915	159	1	80	0.0125000
NODE_302_length_4270_cov_14.045792	3835	3915	160	2	80	0.0250000
NODE_302_length_4270_cov_14.045792	3835	3915	162	2	80	0.0250000
NODE_302_length_4270_cov_14.045792	3835	3915	163	9	80	0.1125000
NODE_302_length_4270_cov_14.045792	3835	3915	165	2	80	0.0250000
NODE_302_length_4270_cov_14.045792	3835	3915	166	1	80	0.0125000
NODE_302_length_4270_cov_14.045792	3835	3915	167	2	80	0.0250000
NODE_302_length_4270_cov_14.045792	3835	3915	168	9	80	0.1125000
NODE_302_length_4270_cov_14.045792	3835	3915	169	3	80	0.0375000
NODE_302_length_4270_cov_14.045792	3835	3915	170	6	80	0.0750000
NODE_302_length_4270_cov_14.045792	3835	3915	171	6	80	0.0750000
NODE_302_length_4270_cov_14.045792	3835	3915	172	2	80	0.0250000
NODE_302_length_4270_cov_14.045792	3835	3915	173	4	80	0.0500000
NODE_302_length_4270_cov_14.045792	3835	3915	175	13	80	0.1625000
NODE_302_length_4270_cov_14.045792	3835	3915	176	3	80	0.0375000
NODE_302_length_4270_cov_14.045792	3835	3915	177	4	80	0.0500000
NODE_302_length_4270_cov_14.045792	3835	3915	179	2	80	0.0250000
NODE_302_length_4270_cov_14.045792	3888	3968	30	2	80	0.0250000
NODE_302_length_4270_cov_14.045792	3888	3968	36	3	80	0.0375000
NODE_302_length_4270_cov_14.045792	3888	3968	39	5	80	0.0625000
NODE_302_length_4270_cov_14.045792	3888	3968	40	3	80	0.0375000
NODE_302_length_4270_cov_14.045792	3888	3968	41	3	80	0.0375000
NODE_302_length_4270_cov_14.045792	3888	3968	42	1	80	0.0125000
NODE_302_length_4270_cov_14.045792	3888	3968	47	1	80	0.0125000
NODE_302_length_4270_cov_14.045792	3888	3968	49	3	80	0.0375000
NODE_302_length_4270_cov_14.045792	3888	3968	55	1	80	0.0125000
NODE_302_length_4270_cov_14.045792	3888	3968	65	1	80	0.0125000
NODE_302_length_4270_cov_14.045792	3888	3968	73	3	80	0.0375000
NODE_302_length_4270_cov_14.045792	3888	3968	77	1	80	0.0125000
NODE_302_length_4270_cov_14.045792	3888	3968	80	1	80	0.0125000
NODE_302_length_4270_cov_14.045792	3888	3968	81	1	80	0.0125000
NODE_302_length_4270_cov_14.045792	3888	3968	89	2	80	0.0250000
NODE_302_length_4270_cov_14.045792	3888	3968	95	2	80	0.0250000
NODE_302_length_4270_cov_14.045792	3888	3968	97	5	80	0.0625000
NODE_302_length_4270_cov_14.045792	3888	3968	101	2	80	0.0250000
NODE_302_length_4270_cov_14.045792	3888	3968	103	1	80	0.0125000
NODE_302_length_4270_cov_14.045792	3888	3968	105	2	80	0.0250000
NODE_302_length_4270_cov_14.045792	3888	3968	111	1	80	0.0125000
NODE_302_length_4270_cov_14.045792	3888	3968	120	2	80	0.0250000
NODE_302_length_4270_cov_14.045792	3888	3968	122	1	80	0.0125000
NODE_302_length_4270_cov_14.045792	3888	3968	124	1	80	0.0125000
NODE_302_length_4270_cov_14.045792	3888	3968	125	1	80	0.0125000
NODE_302_length_4270_cov_14.045792	3888	3968	131	2	80	0.0250000
NODE_302_length_4270_cov_14.045792	3888	3968	134	1	80	0.0125000
NODE_302_length_4270_cov_14.045792	3888	3968	138	2	80	0.0250000
NODE_302_length_4270_cov_14.045792	3888	3968	139	1	80	0.0125000
NODE_302_length_4270_cov_14.045792	3888	3968	140	1	80	0.0125000
NODE_302_length_4270_cov_14.045792	3888	3968	141	1	80	0.0125000
NODE_302_length_4270_cov_14.045792	3888	3968	146	2	80	0.0250000
NODE_302_length_4270_cov_14.045792	3888	3968	154	1	80	0.0125000
NODE_302_length_4270_cov_14.045792	3888	3968	162	2	80	0.0250000
NODE_302_length_4270_cov_14.045792	3888	3968	163	5	80	0.0625000
NODE_302_length_4270_cov_14.045792	3888	3968	167	2	80	0.0250000
NODE_302_length_4270_cov_14.045792	3888	3968	169	2	80	0.0250000
NODE_302_length_4270_cov_14.045792	3888	3968	170	5	80	0.0625000
NODE_302_length_4270_cov_14.045792	3888	3968	172	2	80	0.0250000
NODE_302_length_4270_cov_14.045792	3888	3968	176	2	80	0.0250000
NODE_303_length_4260_cov_24.780822	244	311	39	6	67	0.0895522
NODE_303_length_4260_cov_24.780822	244	311	42	3	67	0.0447761
NODE_303_length_4260_cov_24.780822	244	311	43	3	67	0.0447761
NODE_303_length_4260_cov_24.780822	244	311	50	2	67	0.0298507
NODE_303_length_4260_cov_24.780822	244	311	52	2	67	0.0298507
NODE_303_length_4260_cov_24.780822	244	311	54	1	67	0.0149254
NODE_303_length_4260_cov_24.780822	244	311	55	2	67	0.0298507
NODE_303_length_4260_cov_24.780822	244	311	56	7	67	0.1044776
NODE_303_length_4260_cov_24.780822	244	311	57	4	67	0.0597015
NODE_303_length_4260_cov_24.780822	244	311	58	2	67	0.0298507
NODE_303_length_4260_cov_24.780822	244	311	59	6	67	0.0895522
NODE_303_length_4260_cov_24.780822	244	311	60	5	67	0.0746269
NODE_303_length_4260_cov_24.780822	244	311	61	14	67	0.2089552
NODE_303_length_4260_cov_24.780822	244	311	63	10	67	0.1492537
NODE_303_length_4260_cov_24.780822	244	311	39	6	67	0.0895522
NODE_303_length_4260_cov_24.780822	244	311	42	3	67	0.0447761
NODE_303_length_4260_cov_24.780822	244	311	43	3	67	0.0447761
NODE_303_length_4260_cov_24.780822	244	311	50	2	67	0.0298507
NODE_303_length_4260_cov_24.780822	244	311	52	2	67	0.0298507
NODE_303_length_4260_cov_24.780822	244	311	54	1	67	0.0149254
NODE_303_length_4260_cov_24.780822	244	311	55	2	67	0.0298507
NODE_303_length_4260_cov_24.780822	244	311	56	7	67	0.1044776
NODE_303_length_4260_cov_24.780822	244	311	57	4	67	0.0597015
NODE_303_length_4260_cov_24.780822	244	311	58	2	67	0.0298507
NODE_303_length_4260_cov_24.780822	244	311	59	6	67	0.0895522
NODE_303_length_4260_cov_24.780822	244	311	60	5	67	0.0746269
NODE_303_length_4260_cov_24.780822	244	311	61	14	67	0.2089552
NODE_303_length_4260_cov_24.780822	244	311	63	10	67	0.1492537
NODE_303_length_4260_cov_24.780822	263	311	39	6	48	0.1250000
NODE_303_length_4260_cov_24.780822	263	311	42	3	48	0.0625000
NODE_303_length_4260_cov_24.780822	263	311	43	3	48	0.0625000
NODE_303_length_4260_cov_24.780822	263	311	55	2	48	0.0416667
NODE_303_length_4260_cov_24.780822	263	311	57	4	48	0.0833333
NODE_303_length_4260_cov_24.780822	263	311	59	6	48	0.1250000
NODE_303_length_4260_cov_24.780822	263	311	61	14	48	0.2916667
NODE_303_length_4260_cov_24.780822	263	311	63	10	48	0.2083333
NODE_303_length_4260_cov_24.780822	1605	1633	0	12	28	0.4285714
NODE_303_length_4260_cov_24.780822	1605	1633	2	8	28	0.2857143
NODE_303_length_4260_cov_24.780822	1605	1633	4	8	28	0.2857143
NODE_303_length_4260_cov_24.780822	1660	1699	14	1	39	0.0256410
NODE_303_length_4260_cov_24.780822	1660	1699	16	9	39	0.2307692
NODE_303_length_4260_cov_24.780822	1660	1699	18	8	39	0.2051282
NODE_303_length_4260_cov_24.780822	1660	1699	20	3	39	0.0769231
NODE_303_length_4260_cov_24.780822	1660	1699	22	17	39	0.4358974
NODE_303_length_4260_cov_24.780822	1660	1699	24	1	39	0.0256410
NODE_310_length_4207_cov_6.923564	3664	3722	0	24	58	0.4137931
NODE_310_length_4207_cov_6.923564	3664	3722	6	28	58	0.4827586
NODE_310_length_4207_cov_6.923564	3664	3722	8	6	58	0.1034483
NODE_310_length_4207_cov_6.923564	3695	3775	6	21	80	0.2625000
NODE_310_length_4207_cov_6.923564	3695	3775	8	11	80	0.1375000
NODE_310_length_4207_cov_6.923564	3695	3775	10	13	80	0.1625000
NODE_310_length_4207_cov_6.923564	3695	3775	12	32	80	0.4000000
NODE_310_length_4207_cov_6.923564	3695	3775	14	3	80	0.0375000
NODE_311_length_4205_cov_6.121042	592	632	2	4	40	0.1000000
NODE_311_length_4205_cov_6.121042	592	632	4	36	40	0.9000000
NODE_311_length_4205_cov_6.121042	605	685	0	1	80	0.0125000
NODE_311_length_4205_cov_6.121042	605	685	2	56	80	0.7000000
NODE_311_length_4205_cov_6.121042	605	685	4	23	80	0.2875000
NODE_311_length_4205_cov_6.121042	681	745	0	61	64	0.9531250
NODE_311_length_4205_cov_6.121042	681	745	2	3	64	0.0468750
NODE_312_length_4196_cov_4.170857	340	420	7	63	80	0.7875000
NODE_312_length_4196_cov_4.170857	340	420	10	17	80	0.2125000
NODE_312_length_4196_cov_4.170857	393	473	0	9	80	0.1125000
NODE_312_length_4196_cov_4.170857	393	473	1	1	80	0.0125000
NODE_312_length_4196_cov_4.170857	393	473	3	36	80	0.4500000
NODE_312_length_4196_cov_4.170857	393	473	7	34	80	0.4250000
NODE_316_length_4179_cov_6.655882	1	65	0	64	64	1.0000000
NODE_316_length_4179_cov_6.655882	1087	1140	0	6	53	0.1132075
NODE_316_length_4179_cov_6.655882	1087	1140	5	26	53	0.4905660
NODE_316_length_4179_cov_6.655882	1087	1140	10	21	53	0.3962264
NODE_316_length_4179_cov_6.655882	1818	1898	0	80	80	1.0000000
NODE_319_length_4150_cov_10.600099	2827	2849	90	4	22	0.1818182
NODE_319_length_4150_cov_10.600099	2827	2849	94	1	22	0.0454545
NODE_319_length_4150_cov_10.600099	2827	2849	96	1	22	0.0454545
NODE_319_length_4150_cov_10.600099	2827	2849	97	1	22	0.0454545
NODE_319_length_4150_cov_10.600099	2827	2849	101	10	22	0.4545455
NODE_319_length_4150_cov_10.600099	2827	2849	102	5	22	0.2272727
NODE_319_length_4150_cov_10.600099	2973	3053	14	5	80	0.0625000
NODE_319_length_4150_cov_10.600099	2973	3053	15	3	80	0.0375000
NODE_319_length_4150_cov_10.600099	2973	3053	16	8	80	0.1000000
NODE_319_length_4150_cov_10.600099	2973	3053	17	8	80	0.1000000
NODE_319_length_4150_cov_10.600099	2973	3053	20	14	80	0.1750000
NODE_319_length_4150_cov_10.600099	2973	3053	22	11	80	0.1375000
NODE_319_length_4150_cov_10.600099	2973	3053	24	3	80	0.0375000
NODE_319_length_4150_cov_10.600099	2973	3053	25	18	80	0.2250000
NODE_319_length_4150_cov_10.600099	2973	3053	30	10	80	0.1250000
NODE_319_length_4150_cov_10.600099	3026	3106	21	1	80	0.0125000
NODE_319_length_4150_cov_10.600099	3026	3106	23	8	80	0.1000000
NODE_319_length_4150_cov_10.600099	3026	3106	25	17	80	0.2125000
NODE_319_length_4150_cov_10.600099	3026	3106	29	5	80	0.0625000
NODE_319_length_4150_cov_10.600099	3026	3106	30	15	80	0.1875000
NODE_319_length_4150_cov_10.600099	3026	3106	31	18	80	0.2250000
NODE_319_length_4150_cov_10.600099	3026	3106	32	16	80	0.2000000
NODE_324_length_4119_cov_27.984328	2818	2898	67	3	80	0.0375000
NODE_324_length_4119_cov_27.984328	2818	2898	69	1	80	0.0125000
NODE_324_length_4119_cov_27.984328	2818	2898	71	8	80	0.1000000
NODE_324_length_4119_cov_27.984328	2818	2898	73	1	80	0.0125000
NODE_324_length_4119_cov_27.984328	2818	2898	81	3	80	0.0375000
NODE_324_length_4119_cov_27.984328	2818	2898	84	2	80	0.0250000
NODE_324_length_4119_cov_27.984328	2818	2898	85	1	80	0.0125000
NODE_324_length_4119_cov_27.984328	2818	2898	86	2	80	0.0250000
NODE_324_length_4119_cov_27.984328	2818	2898	89	8	80	0.1000000
NODE_324_length_4119_cov_27.984328	2818	2898	91	9	80	0.1125000
NODE_324_length_4119_cov_27.984328	2818	2898	92	2	80	0.0250000
NODE_324_length_4119_cov_27.984328	2818	2898	94	4	80	0.0500000
NODE_324_length_4119_cov_27.984328	2818	2898	95	4	80	0.0500000
NODE_324_length_4119_cov_27.984328	2818	2898	96	1	80	0.0125000
NODE_324_length_4119_cov_27.984328	2818	2898	99	13	80	0.1625000
NODE_324_length_4119_cov_27.984328	2818	2898	100	7	80	0.0875000
NODE_324_length_4119_cov_27.984328	2818	2898	103	9	80	0.1125000
NODE_324_length_4119_cov_27.984328	2818	2898	104	1	80	0.0125000
NODE_324_length_4119_cov_27.984328	2818	2898	105	1	80	0.0125000
NODE_325_length_4108_cov_14.755550	378	422	0	20	44	0.4545455
NODE_325_length_4108_cov_14.755550	378	422	5	17	44	0.3863636
NODE_325_length_4108_cov_14.755550	378	422	7	6	44	0.1363636
NODE_325_length_4108_cov_14.755550	378	422	8	1	44	0.0227273
NODE_325_length_4108_cov_14.755550	3537	3617	5	11	80	0.1375000
NODE_325_length_4108_cov_14.755550	3537	3617	6	7	80	0.0875000
NODE_325_length_4108_cov_14.755550	3537	3617	8	11	80	0.1375000
NODE_325_length_4108_cov_14.755550	3537	3617	10	51	80	0.6375000
NODE_325_length_4108_cov_14.755550	3590	3670	2	5	80	0.0625000
NODE_325_length_4108_cov_14.755550	3590	3670	4	12	80	0.1500000
NODE_325_length_4108_cov_14.755550	3590	3670	6	13	80	0.1625000
NODE_325_length_4108_cov_14.755550	3590	3670	7	13	80	0.1625000
NODE_325_length_4108_cov_14.755550	3590	3670	8	21	80	0.2625000
NODE_325_length_4108_cov_14.755550	3590	3670	10	16	80	0.2000000
NODE_326_length_4107_cov_1.855539	207	287	0	80	80	1.0000000
NODE_328_length_4096_cov_31.197648	379	459	12	1	80	0.0125000
NODE_328_length_4096_cov_31.197648	379	459	13	30	80	0.3750000
NODE_328_length_4096_cov_31.197648	379	459	16	2	80	0.0250000
NODE_328_length_4096_cov_31.197648	379	459	18	5	80	0.0625000
NODE_328_length_4096_cov_31.197648	379	459	19	5	80	0.0625000
NODE_328_length_4096_cov_31.197648	379	459	23	15	80	0.1875000
NODE_328_length_4096_cov_31.197648	379	459	25	4	80	0.0500000
NODE_328_length_4096_cov_31.197648	379	459	28	2	80	0.0250000
NODE_328_length_4096_cov_31.197648	379	459	30	4	80	0.0500000
NODE_328_length_4096_cov_31.197648	379	459	34	1	80	0.0125000
NODE_328_length_4096_cov_31.197648	379	459	36	11	80	0.1375000
NODE_328_length_4096_cov_31.197648	432	512	23	5	80	0.0625000
NODE_328_length_4096_cov_31.197648	432	512	25	6	80	0.0750000
NODE_328_length_4096_cov_31.197648	432	512	27	2	80	0.0250000
NODE_328_length_4096_cov_31.197648	432	512	28	2	80	0.0250000
NODE_328_length_4096_cov_31.197648	432	512	30	4	80	0.0500000
NODE_328_length_4096_cov_31.197648	432	512	34	1	80	0.0125000
NODE_328_length_4096_cov_31.197648	432	512	35	34	80	0.4250000
NODE_328_length_4096_cov_31.197648	432	512	36	25	80	0.3125000
NODE_328_length_4096_cov_31.197648	432	512	37	1	80	0.0125000
NODE_328_length_4096_cov_31.197648	3305	3385	0	67	80	0.8375000
NODE_328_length_4096_cov_31.197648	3305	3385	2	13	80	0.1625000
NODE_328_length_4096_cov_31.197648	3358	3438	0	14	80	0.1750000
NODE_328_length_4096_cov_31.197648	3358	3438	2	66	80	0.8250000
NODE_329_length_4081_cov_20.248870	3673	3753	2	16	80	0.2000000
NODE_329_length_4081_cov_20.248870	3673	3753	4	64	80	0.8000000
NODE_329_length_4081_cov_20.248870	3726	3806	2	58	80	0.7250000
NODE_329_length_4081_cov_20.248870	3726	3806	4	22	80	0.2750000
NODE_330_length_4076_cov_15.138044	1062	1142	6	36	80	0.4500000
NODE_330_length_4076_cov_15.138044	1062	1142	10	44	80	0.5500000
NODE_330_length_4076_cov_15.138044	1115	1195	4	25	80	0.3125000
NODE_330_length_4076_cov_15.138044	1115	1195	10	55	80	0.6875000
NODE_331_length_4069_cov_14.261209	3871	3936	0	10	65	0.1538462
NODE_331_length_4069_cov_14.261209	3871	3936	2	55	65	0.8461539
NODE_333_length_4050_cov_31.044039	1703	1783	28	3	80	0.0375000
NODE_333_length_4050_cov_31.044039	1703	1783	29	4	80	0.0500000
NODE_333_length_4050_cov_31.044039	1703	1783	30	1	80	0.0125000
NODE_333_length_4050_cov_31.044039	1703	1783	31	1	80	0.0125000
NODE_333_length_4050_cov_31.044039	1703	1783	32	4	80	0.0500000
NODE_333_length_4050_cov_31.044039	1703	1783	33	1	80	0.0125000
NODE_333_length_4050_cov_31.044039	1703	1783	34	3	80	0.0375000
NODE_333_length_4050_cov_31.044039	1703	1783	35	1	80	0.0125000
NODE_333_length_4050_cov_31.044039	1703	1783	36	13	80	0.1625000
NODE_333_length_4050_cov_31.044039	1703	1783	38	3	80	0.0375000
NODE_333_length_4050_cov_31.044039	1703	1783	39	6	80	0.0750000
NODE_333_length_4050_cov_31.044039	1703	1783	45	5	80	0.0625000
NODE_333_length_4050_cov_31.044039	1703	1783	46	7	80	0.0875000
NODE_333_length_4050_cov_31.044039	1703	1783	49	5	80	0.0625000
NODE_333_length_4050_cov_31.044039	1703	1783	50	14	80	0.1750000
NODE_333_length_4050_cov_31.044039	1703	1783	52	1	80	0.0125000
NODE_333_length_4050_cov_31.044039	1703	1783	53	8	80	0.1000000
NODE_335_length_4021_cov_34.619072	379	459	0	13	80	0.1625000
NODE_335_length_4021_cov_34.619072	379	459	4	67	80	0.8375000
NODE_335_length_4021_cov_34.619072	432	512	0	66	80	0.8250000
NODE_335_length_4021_cov_34.619072	432	512	4	14	80	0.1750000
NODE_336_length_4020_cov_5.130834	3455	3535	0	10	80	0.1250000
NODE_336_length_4020_cov_5.130834	3455	3535	1	15	80	0.1875000
NODE_336_length_4020_cov_5.130834	3455	3535	4	3	80	0.0375000
NODE_336_length_4020_cov_5.130834	3455	3535	7	2	80	0.0250000
NODE_336_length_4020_cov_5.130834	3455	3535	8	13	80	0.1625000
NODE_336_length_4020_cov_5.130834	3455	3535	11	24	80	0.3000000
NODE_336_length_4020_cov_5.130834	3455	3535	15	13	80	0.1625000
NODE_336_length_4020_cov_5.130834	3508	3588	11	14	80	0.1750000
NODE_336_length_4020_cov_5.130834	3508	3588	13	20	80	0.2500000
NODE_336_length_4020_cov_5.130834	3508	3588	14	2	80	0.0250000
NODE_336_length_4020_cov_5.130834	3508	3588	15	44	80	0.5500000
NODE_339_length_4004_cov_9.718054	387	467	0	16	80	0.2000000
NODE_339_length_4004_cov_9.718054	387	467	4	27	80	0.3375000
NODE_339_length_4004_cov_9.718054	387	467	8	37	80	0.4625000
NODE_339_length_4004_cov_9.718054	440	520	4	24	80	0.3000000
NODE_339_length_4004_cov_9.718054	440	520	7	1	80	0.0125000
NODE_339_length_4004_cov_9.718054	440	520	8	55	80	0.6875000
NODE_339_length_4004_cov_9.718054	516	596	4	10	80	0.1250000
NODE_339_length_4004_cov_9.718054	516	596	6	44	80	0.5500000
NODE_339_length_4004_cov_9.718054	516	596	8	26	80	0.3250000
NODE_339_length_4004_cov_9.718054	569	649	2	51	80	0.6375000
NODE_339_length_4004_cov_9.718054	569	649	6	29	80	0.3625000
NODE_341_length_3991_cov_18.617934	867	947	10	35	80	0.4375000
NODE_341_length_3991_cov_18.617934	867	947	16	45	80	0.5625000
NODE_341_length_3991_cov_18.617934	920	1000	6	8	80	0.1000000
NODE_341_length_3991_cov_18.617934	920	1000	14	38	80	0.4750000
NODE_341_length_3991_cov_18.617934	920	1000	16	34	80	0.4250000
NODE_341_length_3991_cov_18.617934	996	1076	8	64	80	0.8000000
NODE_341_length_3991_cov_18.617934	996	1076	14	16	80	0.2000000
NODE_341_length_3991_cov_18.617934	1049	1124	0	16	75	0.2133333
NODE_341_length_3991_cov_18.617934	1049	1124	8	59	75	0.7866667
NODE_348_length_3973_cov_6.906298	17	65	0	48	48	1.0000000
NODE_348_length_3973_cov_6.906298	1945	1995	4	26	50	0.5200000
NODE_348_length_3973_cov_6.906298	1945	1995	6	10	50	0.2000000
NODE_348_length_3973_cov_6.906298	1945	1995	8	14	50	0.2800000
NODE_350_length_3960_cov_6.246827	2673	2761	0	88	88	1.0000000
NODE_350_length_3960_cov_6.246827	3520	3600	0	15	80	0.1875000
NODE_350_length_3960_cov_6.246827	3520	3600	2	16	80	0.2000000
NODE_350_length_3960_cov_6.246827	3520	3600	6	33	80	0.4125000
NODE_350_length_3960_cov_6.246827	3520	3600	12	16	80	0.2000000
NODE_350_length_3960_cov_6.246827	3573	3653	6	11	80	0.1375000
NODE_350_length_3960_cov_6.246827	3573	3653	10	31	80	0.3875000
NODE_350_length_3960_cov_6.246827	3573	3653	12	38	80	0.4750000
NODE_353_length_3952_cov_8.805346	826	906	2	10	80	0.1250000
NODE_353_length_3952_cov_8.805346	826	906	3	7	80	0.0875000
NODE_353_length_3952_cov_8.805346	826	906	4	6	80	0.0750000
NODE_353_length_3952_cov_8.805346	826	906	6	57	80	0.7125000
NODE_353_length_3952_cov_8.805346	879	959	4	13	80	0.1625000
NODE_353_length_3952_cov_8.805346	879	959	5	2	80	0.0250000
NODE_353_length_3952_cov_8.805346	879	959	6	45	80	0.5625000
NODE_353_length_3952_cov_8.805346	879	959	8	6	80	0.0750000
NODE_353_length_3952_cov_8.805346	879	959	10	14	80	0.1750000
NODE_354_length_3928_cov_5.936798	2440	2521	0	16	81	0.1975309
NODE_354_length_3928_cov_5.936798	2440	2521	2	65	81	0.8024691
NODE_354_length_3928_cov_5.936798	2493	2574	0	69	81	0.8518519
NODE_354_length_3928_cov_5.936798	2493	2574	2	12	81	0.1481481
NODE_356_length_3923_cov_14.807793	3759	3800	0	41	41	1.0000000
NODE_358_length_3922_cov_7.609731	1493	1573	20	14	80	0.1750000
NODE_358_length_3922_cov_7.609731	1493	1573	22	14	80	0.1750000
NODE_358_length_3922_cov_7.609731	1493	1573	24	21	80	0.2625000
NODE_358_length_3922_cov_7.609731	1493	1573	26	31	80	0.3875000
NODE_358_length_3922_cov_7.609731	1546	1600	16	2	54	0.0370370
NODE_358_length_3922_cov_7.609731	1546	1600	18	9	54	0.1666667
NODE_358_length_3922_cov_7.609731	1546	1600	20	4	54	0.0740741
NODE_358_length_3922_cov_7.609731	1546	1600	22	29	54	0.5370370
NODE_358_length_3922_cov_7.609731	1546	1600	24	1	54	0.0185185
NODE_358_length_3922_cov_7.609731	1546	1600	26	9	54	0.1666667
NODE_359_length_3921_cov_9.943223	2936	3016	182	2	80	0.0250000
NODE_359_length_3921_cov_9.943223	2936	3016	183	1	80	0.0125000
NODE_359_length_3921_cov_9.943223	2936	3016	185	1	80	0.0125000
NODE_359_length_3921_cov_9.943223	2936	3016	188	1	80	0.0125000
NODE_359_length_3921_cov_9.943223	2936	3016	190	1	80	0.0125000
NODE_359_length_3921_cov_9.943223	2936	3016	197	1	80	0.0125000
NODE_359_length_3921_cov_9.943223	2936	3016	198	1	80	0.0125000
NODE_359_length_3921_cov_9.943223	2936	3016	199	3	80	0.0375000
NODE_359_length_3921_cov_9.943223	2936	3016	200	2	80	0.0250000
NODE_359_length_3921_cov_9.943223	2936	3016	201	6	80	0.0750000
NODE_359_length_3921_cov_9.943223	2936	3016	202	6	80	0.0750000
NODE_359_length_3921_cov_9.943223	2936	3016	203	1	80	0.0125000
NODE_359_length_3921_cov_9.943223	2936	3016	204	2	80	0.0250000
NODE_359_length_3921_cov_9.943223	2936	3016	205	3	80	0.0375000
NODE_359_length_3921_cov_9.943223	2936	3016	206	1	80	0.0125000
NODE_359_length_3921_cov_9.943223	2936	3016	207	1	80	0.0125000
NODE_359_length_3921_cov_9.943223	2936	3016	208	7	80	0.0875000
NODE_359_length_3921_cov_9.943223	2936	3016	209	3	80	0.0375000
NODE_359_length_3921_cov_9.943223	2936	3016	210	1	80	0.0125000
NODE_359_length_3921_cov_9.943223	2936	3016	211	6	80	0.0750000
NODE_359_length_3921_cov_9.943223	2936	3016	212	5	80	0.0625000
NODE_359_length_3921_cov_9.943223	2936	3016	213	8	80	0.1000000
NODE_359_length_3921_cov_9.943223	2936	3016	214	8	80	0.1000000
NODE_359_length_3921_cov_9.943223	2936	3016	215	5	80	0.0625000
NODE_359_length_3921_cov_9.943223	2936	3016	216	2	80	0.0250000
NODE_359_length_3921_cov_9.943223	2936	3016	217	2	80	0.0250000
NODE_359_length_3921_cov_9.943223	2989	3057	108	1	68	0.0147059
NODE_359_length_3921_cov_9.943223	2989	3057	109	1	68	0.0147059
NODE_359_length_3921_cov_9.943223	2989	3057	121	2	68	0.0294118
NODE_359_length_3921_cov_9.943223	2989	3057	126	1	68	0.0147059
NODE_359_length_3921_cov_9.943223	2989	3057	127	3	68	0.0441176
NODE_359_length_3921_cov_9.943223	2989	3057	130	1	68	0.0147059
NODE_359_length_3921_cov_9.943223	2989	3057	131	1	68	0.0147059
NODE_359_length_3921_cov_9.943223	2989	3057	138	1	68	0.0147059
NODE_359_length_3921_cov_9.943223	2989	3057	145	2	68	0.0294118
NODE_359_length_3921_cov_9.943223	2989	3057	147	1	68	0.0147059
NODE_359_length_3921_cov_9.943223	2989	3057	151	2	68	0.0294118
NODE_359_length_3921_cov_9.943223	2989	3057	152	1	68	0.0147059
NODE_359_length_3921_cov_9.943223	2989	3057	153	2	68	0.0294118
NODE_359_length_3921_cov_9.943223	2989	3057	155	1	68	0.0147059
NODE_359_length_3921_cov_9.943223	2989	3057	157	5	68	0.0735294
NODE_359_length_3921_cov_9.943223	2989	3057	159	2	68	0.0294118
NODE_359_length_3921_cov_9.943223	2989	3057	160	2	68	0.0294118
NODE_359_length_3921_cov_9.943223	2989	3057	161	2	68	0.0294118
NODE_359_length_3921_cov_9.943223	2989	3057	163	2	68	0.0294118
NODE_359_length_3921_cov_9.943223	2989	3057	169	2	68	0.0294118
NODE_359_length_3921_cov_9.943223	2989	3057	171	1	68	0.0147059
NODE_359_length_3921_cov_9.943223	2989	3057	173	2	68	0.0294118
NODE_359_length_3921_cov_9.943223	2989	3057	177	1	68	0.0147059
NODE_359_length_3921_cov_9.943223	2989	3057	180	1	68	0.0147059
NODE_359_length_3921_cov_9.943223	2989	3057	181	1	68	0.0147059
NODE_359_length_3921_cov_9.943223	2989	3057	182	2	68	0.0294118
NODE_359_length_3921_cov_9.943223	2989	3057	183	1	68	0.0147059
NODE_359_length_3921_cov_9.943223	2989	3057	185	1	68	0.0147059
NODE_359_length_3921_cov_9.943223	2989	3057	188	1	68	0.0147059
NODE_359_length_3921_cov_9.943223	2989	3057	190	1	68	0.0147059
NODE_359_length_3921_cov_9.943223	2989	3057	197	1	68	0.0147059
NODE_359_length_3921_cov_9.943223	2989	3057	198	1	68	0.0147059
NODE_359_length_3921_cov_9.943223	2989	3057	199	3	68	0.0441176
NODE_359_length_3921_cov_9.943223	2989	3057	200	2	68	0.0294118
NODE_359_length_3921_cov_9.943223	2989	3057	201	3	68	0.0441176
NODE_359_length_3921_cov_9.943223	2989	3057	203	1	68	0.0147059
NODE_359_length_3921_cov_9.943223	2989	3057	205	1	68	0.0147059
NODE_359_length_3921_cov_9.943223	2989	3057	209	1	68	0.0147059
NODE_359_length_3921_cov_9.943223	2989	3057	211	1	68	0.0147059
NODE_359_length_3921_cov_9.943223	2989	3057	214	4	68	0.0588235
NODE_359_length_3921_cov_9.943223	2989	3057	215	1	68	0.0147059
NODE_359_length_3921_cov_9.943223	2989	3057	216	2	68	0.0294118
NODE_359_length_3921_cov_9.943223	3047	3066	90	1	19	0.0526316
NODE_359_length_3921_cov_9.943223	3047	3066	93	1	19	0.0526316
NODE_359_length_3921_cov_9.943223	3047	3066	95	1	19	0.0526316
NODE_359_length_3921_cov_9.943223	3047	3066	100	1	19	0.0526316
NODE_359_length_3921_cov_9.943223	3047	3066	108	2	19	0.1052632
NODE_359_length_3921_cov_9.943223	3047	3066	109	1	19	0.0526316
NODE_359_length_3921_cov_9.943223	3047	3066	111	4	19	0.2105263
NODE_359_length_3921_cov_9.943223	3047	3066	121	2	19	0.1052632
NODE_359_length_3921_cov_9.943223	3047	3066	126	1	19	0.0526316
NODE_359_length_3921_cov_9.943223	3047	3066	127	3	19	0.1578947
NODE_359_length_3921_cov_9.943223	3047	3066	130	1	19	0.0526316
NODE_359_length_3921_cov_9.943223	3047	3066	131	1	19	0.0526316
NODE_363_length_3898_cov_40.033167	3296	3370	110	1	74	0.0135135
NODE_363_length_3898_cov_40.033167	3296	3370	111	1	74	0.0135135
NODE_363_length_3898_cov_40.033167	3296	3370	112	2	74	0.0270270
NODE_363_length_3898_cov_40.033167	3296	3370	115	1	74	0.0135135
NODE_363_length_3898_cov_40.033167	3296	3370	117	1	74	0.0135135
NODE_363_length_3898_cov_40.033167	3296	3370	123	1	74	0.0135135
NODE_363_length_3898_cov_40.033167	3296	3370	126	1	74	0.0135135
NODE_363_length_3898_cov_40.033167	3296	3370	134	1	74	0.0135135
NODE_363_length_3898_cov_40.033167	3296	3370	138	1	74	0.0135135
NODE_363_length_3898_cov_40.033167	3296	3370	140	9	74	0.1216216
NODE_363_length_3898_cov_40.033167	3296	3370	141	1	74	0.0135135
NODE_363_length_3898_cov_40.033167	3296	3370	142	17	74	0.2297297
NODE_363_length_3898_cov_40.033167	3296	3370	143	8	74	0.1081081
NODE_363_length_3898_cov_40.033167	3296	3370	144	6	74	0.0810811
NODE_363_length_3898_cov_40.033167	3296	3370	145	23	74	0.3108108
NODE_363_length_3898_cov_40.033167	3539	3619	0	55	80	0.6875000
NODE_363_length_3898_cov_40.033167	3539	3619	2	25	80	0.3125000
NODE_364_length_3898_cov_7.550145	668	748	0	52	80	0.6500000
NODE_364_length_3898_cov_7.550145	668	748	2	28	80	0.3500000
NODE_364_length_3898_cov_7.550145	721	801	2	75	80	0.9375000
NODE_364_length_3898_cov_7.550145	721	801	4	4	80	0.0500000
NODE_364_length_3898_cov_7.550145	721	801	5	1	80	0.0125000
NODE_367_length_3882_cov_4.166006	3244	3324	2	80	80	1.0000000
NODE_367_length_3882_cov_4.166006	3282	3324	2	42	42	1.0000000
NODE_367_length_3882_cov_4.166006	3297	3377	0	9	80	0.1125000
NODE_367_length_3882_cov_4.166006	3297	3377	2	71	80	0.8875000
NODE_367_length_3882_cov_4.166006	3297	3377	0	9	80	0.1125000
NODE_367_length_3882_cov_4.166006	3297	3377	2	71	80	0.8875000
NODE_367_length_3882_cov_4.166006	3373	3450	2	8	77	0.1038961
NODE_367_length_3882_cov_4.166006	3373	3450	4	69	77	0.8961039
NODE_374_length_3853_cov_18.816196	524	579	4	2	55	0.0363636
NODE_374_length_3853_cov_18.816196	524	579	8	4	55	0.0727273
NODE_374_length_3853_cov_18.816196	524	579	10	17	55	0.3090909
NODE_374_length_3853_cov_18.816196	524	579	12	9	55	0.1636364
NODE_374_length_3853_cov_18.816196	524	579	18	23	55	0.4181818
NODE_374_length_3853_cov_18.816196	559	639	8	26	80	0.3250000
NODE_374_length_3853_cov_18.816196	559	639	12	3	80	0.0375000
NODE_374_length_3853_cov_18.816196	559	639	14	9	80	0.1125000
NODE_374_length_3853_cov_18.816196	559	639	18	42	80	0.5250000
NODE_379_length_3829_cov_12.697319	515	595	0	15	80	0.1875000
NODE_379_length_3829_cov_12.697319	515	595	4	65	80	0.8125000
NODE_379_length_3829_cov_12.697319	568	648	0	68	80	0.8500000
NODE_379_length_3829_cov_12.697319	568	648	4	12	80	0.1500000
NODE_379_length_3829_cov_12.697319	644	724	0	44	80	0.5500000
NODE_379_length_3829_cov_12.697319	644	724	2	17	80	0.2125000
NODE_379_length_3829_cov_12.697319	644	724	4	19	80	0.2375000
NODE_379_length_3829_cov_12.697319	697	777	2	8	80	0.1000000
NODE_379_length_3829_cov_12.697319	697	777	4	72	80	0.9000000
NODE_381_length_3815_cov_17.218784	399	479	4	40	80	0.5000000
NODE_381_length_3815_cov_17.218784	399	479	10	40	80	0.5000000
NODE_381_length_3815_cov_17.218784	452	532	6	25	80	0.3125000
NODE_381_length_3815_cov_17.218784	452	532	8	13	80	0.1625000
NODE_381_length_3815_cov_17.218784	452	532	10	42	80	0.5250000
NODE_383_length_3812_cov_65.007272	840	903	15	1	63	0.0158730
NODE_383_length_3812_cov_65.007272	840	903	16	1	63	0.0158730
NODE_383_length_3812_cov_65.007272	840	903	18	2	63	0.0317460
NODE_383_length_3812_cov_65.007272	840	903	19	1	63	0.0158730
NODE_383_length_3812_cov_65.007272	840	903	25	1	63	0.0158730
NODE_383_length_3812_cov_65.007272	840	903	26	1	63	0.0158730
NODE_383_length_3812_cov_65.007272	840	903	28	1	63	0.0158730
NODE_383_length_3812_cov_65.007272	840	903	32	1	63	0.0158730
NODE_383_length_3812_cov_65.007272	840	903	38	1	63	0.0158730
NODE_383_length_3812_cov_65.007272	840	903	39	1	63	0.0158730
NODE_383_length_3812_cov_65.007272	840	903	42	1	63	0.0158730
NODE_383_length_3812_cov_65.007272	840	903	47	1	63	0.0158730
NODE_383_length_3812_cov_65.007272	840	903	49	1	63	0.0158730
NODE_383_length_3812_cov_65.007272	840	903	51	3	63	0.0476190
NODE_383_length_3812_cov_65.007272	840	903	53	3	63	0.0476190
NODE_383_length_3812_cov_65.007272	840	903	55	1	63	0.0158730
NODE_383_length_3812_cov_65.007272	840	903	57	3	63	0.0476190
NODE_383_length_3812_cov_65.007272	840	903	59	1	63	0.0158730
NODE_383_length_3812_cov_65.007272	840	903	64	2	63	0.0317460
NODE_383_length_3812_cov_65.007272	840	903	71	2	63	0.0317460
NODE_383_length_3812_cov_65.007272	840	903	72	1	63	0.0158730
NODE_383_length_3812_cov_65.007272	840	903	76	4	63	0.0634921
NODE_383_length_3812_cov_65.007272	840	903	79	1	63	0.0158730
NODE_383_length_3812_cov_65.007272	840	903	81	1	63	0.0158730
NODE_383_length_3812_cov_65.007272	840	903	82	1	63	0.0158730
NODE_383_length_3812_cov_65.007272	840	903	86	1	63	0.0158730
NODE_383_length_3812_cov_65.007272	840	903	89	2	63	0.0317460
NODE_383_length_3812_cov_65.007272	840	903	90	1	63	0.0158730
NODE_383_length_3812_cov_65.007272	840	903	97	5	63	0.0793651
NODE_383_length_3812_cov_65.007272	840	903	99	1	63	0.0158730
NODE_383_length_3812_cov_65.007272	840	903	101	3	63	0.0476190
NODE_383_length_3812_cov_65.007272	840	903	103	2	63	0.0317460
NODE_383_length_3812_cov_65.007272	840	903	104	2	63	0.0317460
NODE_383_length_3812_cov_65.007272	840	903	107	1	63	0.0158730
NODE_383_length_3812_cov_65.007272	840	903	111	1	63	0.0158730
NODE_383_length_3812_cov_65.007272	840	903	113	2	63	0.0317460
NODE_383_length_3812_cov_65.007272	840	903	115	1	63	0.0158730
NODE_383_length_3812_cov_65.007272	840	903	117	2	63	0.0317460
NODE_383_length_3812_cov_65.007272	840	903	118	1	63	0.0158730
NODE_383_length_3812_cov_65.007272	840	903	122	1	63	0.0158730
NODE_384_length_3805_cov_9.533189	145	236	0	91	91	1.0000000
NODE_384_length_3805_cov_9.533189	209	279	0	70	70	1.0000000
NODE_386_length_3799_cov_10.046486	2944	3024	0	80	80	1.0000000
NODE_386_length_3799_cov_10.046486	2997	3077	0	80	80	1.0000000
NODE_388_length_3795_cov_13.724297	3350	3430	2	22	80	0.2750000
NODE_388_length_3795_cov_13.724297	3350	3430	3	10	80	0.1250000
NODE_388_length_3795_cov_13.724297	3350	3430	5	35	80	0.4375000
NODE_388_length_3795_cov_13.724297	3350	3430	6	13	80	0.1625000
NODE_388_length_3795_cov_13.724297	3403	3483	0	48	80	0.6000000
NODE_388_length_3795_cov_13.724297	3403	3483	2	27	80	0.3375000
NODE_388_length_3795_cov_13.724297	3403	3483	3	5	80	0.0625000
NODE_388_length_3795_cov_13.724297	3479	3562	0	21	83	0.2530121
NODE_388_length_3795_cov_13.724297	3479	3562	3	22	83	0.2650602
NODE_388_length_3795_cov_13.724297	3479	3562	5	10	83	0.1204819
NODE_388_length_3795_cov_13.724297	3479	3562	9	6	83	0.0722892
NODE_388_length_3795_cov_13.724297	3479	3562	11	1	83	0.0120482
NODE_388_length_3795_cov_13.724297	3479	3562	13	23	83	0.2771084
NODE_388_length_3795_cov_13.724297	3479	3562	0	21	83	0.2530121
NODE_388_length_3795_cov_13.724297	3479	3562	3	22	83	0.2650602
NODE_388_length_3795_cov_13.724297	3479	3562	5	10	83	0.1204819
NODE_388_length_3795_cov_13.724297	3479	3562	9	6	83	0.0722892
NODE_388_length_3795_cov_13.724297	3479	3562	11	1	83	0.0120482
NODE_388_length_3795_cov_13.724297	3479	3562	13	23	83	0.2771084
NODE_388_length_3795_cov_13.724297	3479	3552	0	21	73	0.2876712
NODE_388_length_3795_cov_13.724297	3479	3552	3	22	73	0.3013699
NODE_388_length_3795_cov_13.724297	3479	3552	5	10	73	0.1369863
NODE_388_length_3795_cov_13.724297	3479	3552	9	6	73	0.0821918
NODE_388_length_3795_cov_13.724297	3479	3552	11	1	73	0.0136986
NODE_388_length_3795_cov_13.724297	3479	3552	13	13	73	0.1780822
NODE_388_length_3795_cov_13.724297	3535	3586	9	3	51	0.0588235
NODE_388_length_3795_cov_13.724297	3535	3586	11	1	51	0.0196078
NODE_388_length_3795_cov_13.724297	3535	3586	13	47	51	0.9215686
NODE_388_length_3795_cov_13.724297	3535	3584	9	3	49	0.0612245
NODE_388_length_3795_cov_13.724297	3535	3584	11	1	49	0.0204082
NODE_388_length_3795_cov_13.724297	3535	3584	13	45	49	0.9183673
NODE_388_length_3795_cov_13.724297	3698	3721	40	23	23	1.0000000
NODE_394_length_3774_cov_7.720544	538	595	4	57	57	1.0000000
NODE_404_length_3747_cov_3.328947	2230	2292	0	62	62	1.0000000
NODE_406_length_3743_cov_38.767014	1354	1434	6	2	80	0.0250000
NODE_406_length_3743_cov_38.767014	1354	1434	16	2	80	0.0250000
NODE_406_length_3743_cov_38.767014	1354	1434	18	1	80	0.0125000
NODE_406_length_3743_cov_38.767014	1354	1434	20	13	80	0.1625000
NODE_406_length_3743_cov_38.767014	1354	1434	22	19	80	0.2375000
NODE_406_length_3743_cov_38.767014	1354	1434	24	43	80	0.5375000
NODE_406_length_3743_cov_38.767014	1407	1487	2	8	80	0.1000000
NODE_406_length_3743_cov_38.767014	1407	1487	6	3	80	0.0375000
NODE_406_length_3743_cov_38.767014	1407	1487	8	1	80	0.0125000
NODE_406_length_3743_cov_38.767014	1407	1487	10	2	80	0.0250000
NODE_406_length_3743_cov_38.767014	1407	1487	14	4	80	0.0500000
NODE_406_length_3743_cov_38.767014	1407	1487	16	13	80	0.1625000
NODE_406_length_3743_cov_38.767014	1407	1487	18	2	80	0.0250000
NODE_406_length_3743_cov_38.767014	1407	1487	20	4	80	0.0500000
NODE_406_length_3743_cov_38.767014	1407	1487	22	12	80	0.1500000
NODE_406_length_3743_cov_38.767014	1407	1487	24	31	80	0.3875000
NODE_408_length_3733_cov_16.204458	186	249	6	52	63	0.8253968
NODE_408_length_3733_cov_16.204458	186	249	8	5	63	0.0793651
NODE_408_length_3733_cov_16.204458	186	249	10	2	63	0.0317460
NODE_408_length_3733_cov_16.204458	186	249	12	4	63	0.0634921
NODE_413_length_3707_cov_56.575665	2387	2467	26	37	80	0.4625000
NODE_413_length_3707_cov_56.575665	2387	2467	27	10	80	0.1250000
NODE_413_length_3707_cov_56.575665	2387	2467	28	26	80	0.3250000
NODE_413_length_3707_cov_56.575665	2387	2467	30	7	80	0.0875000
NODE_413_length_3707_cov_56.575665	2440	2520	4	4	80	0.0500000
NODE_413_length_3707_cov_56.575665	2440	2520	16	1	80	0.0125000
NODE_413_length_3707_cov_56.575665	2440	2520	17	1	80	0.0125000
NODE_413_length_3707_cov_56.575665	2440	2520	18	8	80	0.1000000
NODE_413_length_3707_cov_56.575665	2440	2520	20	2	80	0.0250000
NODE_413_length_3707_cov_56.575665	2440	2520	22	11	80	0.1375000
NODE_413_length_3707_cov_56.575665	2440	2520	24	22	80	0.2750000
NODE_413_length_3707_cov_56.575665	2440	2520	26	2	80	0.0250000
NODE_413_length_3707_cov_56.575665	2440	2520	28	22	80	0.2750000
NODE_413_length_3707_cov_56.575665	2440	2520	30	7	80	0.0875000
NODE_413_length_3707_cov_56.575665	2516	2596	4	9	80	0.1125000
NODE_413_length_3707_cov_56.575665	2516	2596	11	2	80	0.0250000
NODE_413_length_3707_cov_56.575665	2516	2596	26	27	80	0.3375000
NODE_413_length_3707_cov_56.575665	2516	2596	28	42	80	0.5250000
NODE_413_length_3707_cov_56.575665	2569	2649	14	2	80	0.0250000
NODE_413_length_3707_cov_56.575665	2569	2649	28	77	80	0.9625000
NODE_413_length_3707_cov_56.575665	2569	2649	30	1	80	0.0125000
NODE_416_length_3690_cov_7.476190	723	792	2	11	69	0.1594203
NODE_416_length_3690_cov_7.476190	723	792	4	58	69	0.8405797
NODE_416_length_3690_cov_7.476190	776	855	0	29	79	0.3670886
NODE_416_length_3690_cov_7.476190	776	855	2	18	79	0.2278481
NODE_416_length_3690_cov_7.476190	776	855	3	10	79	0.1265823
NODE_416_length_3690_cov_7.476190	776	855	4	22	79	0.2784810
NODE_419_length_3685_cov_7.011154	1966	2046	133	2	80	0.0250000
NODE_419_length_3685_cov_7.011154	1966	2046	134	5	80	0.0625000
NODE_419_length_3685_cov_7.011154	1966	2046	136	2	80	0.0250000
NODE_419_length_3685_cov_7.011154	1966	2046	142	1	80	0.0125000
NODE_419_length_3685_cov_7.011154	1966	2046	146	1	80	0.0125000
NODE_419_length_3685_cov_7.011154	1966	2046	148	2	80	0.0250000
NODE_419_length_3685_cov_7.011154	1966	2046	150	2	80	0.0250000
NODE_419_length_3685_cov_7.011154	1966	2046	154	8	80	0.1000000
NODE_419_length_3685_cov_7.011154	1966	2046	156	2	80	0.0250000
NODE_419_length_3685_cov_7.011154	1966	2046	157	3	80	0.0375000
NODE_419_length_3685_cov_7.011154	1966	2046	159	8	80	0.1000000
NODE_419_length_3685_cov_7.011154	1966	2046	161	1	80	0.0125000
NODE_419_length_3685_cov_7.011154	1966	2046	162	1	80	0.0125000
NODE_419_length_3685_cov_7.011154	1966	2046	163	1	80	0.0125000
NODE_419_length_3685_cov_7.011154	1966	2046	164	12	80	0.1500000
NODE_419_length_3685_cov_7.011154	1966	2046	165	11	80	0.1375000
NODE_419_length_3685_cov_7.011154	1966	2046	166	2	80	0.0250000
NODE_419_length_3685_cov_7.011154	1966	2046	167	2	80	0.0250000
NODE_419_length_3685_cov_7.011154	1966	2046	168	4	80	0.0500000
NODE_419_length_3685_cov_7.011154	1966	2046	169	10	80	0.1250000
NODE_419_length_3685_cov_7.011154	2019	2086	80	1	67	0.0149254
NODE_419_length_3685_cov_7.011154	2019	2086	90	2	67	0.0298507
NODE_419_length_3685_cov_7.011154	2019	2086	91	1	67	0.0149254
NODE_419_length_3685_cov_7.011154	2019	2086	92	2	67	0.0298507
NODE_419_length_3685_cov_7.011154	2019	2086	94	2	67	0.0298507
NODE_419_length_3685_cov_7.011154	2019	2086	104	1	67	0.0149254
NODE_419_length_3685_cov_7.011154	2019	2086	110	1	67	0.0149254
NODE_419_length_3685_cov_7.011154	2019	2086	114	2	67	0.0298507
NODE_419_length_3685_cov_7.011154	2019	2086	122	1	67	0.0149254
NODE_419_length_3685_cov_7.011154	2019	2086	124	1	67	0.0149254
NODE_419_length_3685_cov_7.011154	2019	2086	127	2	67	0.0298507
NODE_419_length_3685_cov_7.011154	2019	2086	128	1	67	0.0149254
NODE_419_length_3685_cov_7.011154	2019	2086	129	1	67	0.0149254
NODE_419_length_3685_cov_7.011154	2019	2086	137	2	67	0.0298507
NODE_419_length_3685_cov_7.011154	2019	2086	140	1	67	0.0149254
NODE_419_length_3685_cov_7.011154	2019	2086	141	2	67	0.0298507
NODE_419_length_3685_cov_7.011154	2019	2086	145	2	67	0.0298507
NODE_419_length_3685_cov_7.011154	2019	2086	146	2	67	0.0298507
NODE_419_length_3685_cov_7.011154	2019	2086	147	3	67	0.0447761
NODE_419_length_3685_cov_7.011154	2019	2086	148	4	67	0.0597015
NODE_419_length_3685_cov_7.011154	2019	2086	152	1	67	0.0149254
NODE_419_length_3685_cov_7.011154	2019	2086	154	4	67	0.0597015
NODE_419_length_3685_cov_7.011154	2019	2086	155	1	67	0.0149254
NODE_419_length_3685_cov_7.011154	2019	2086	157	2	67	0.0298507
NODE_419_length_3685_cov_7.011154	2019	2086	159	1	67	0.0149254
NODE_419_length_3685_cov_7.011154	2019	2086	161	1	67	0.0149254
NODE_419_length_3685_cov_7.011154	2019	2086	162	1	67	0.0149254
NODE_419_length_3685_cov_7.011154	2019	2086	164	12	67	0.1791045
NODE_419_length_3685_cov_7.011154	2019	2086	165	4	67	0.0597015
NODE_419_length_3685_cov_7.011154	2019	2086	166	1	67	0.0149254
NODE_419_length_3685_cov_7.011154	2019	2086	167	1	67	0.0149254
NODE_419_length_3685_cov_7.011154	2019	2086	168	4	67	0.0597015
NODE_426_length_3667_cov_1089.047365	1634	1705	1922	1	71	0.0140845
NODE_426_length_3667_cov_1089.047365	1634	1705	1945	1	71	0.0140845
NODE_426_length_3667_cov_1089.047365	1634	1705	1964	1	71	0.0140845
NODE_426_length_3667_cov_1089.047365	1634	1705	2010	1	71	0.0140845
NODE_426_length_3667_cov_1089.047365	1634	1705	2015	1	71	0.0140845
NODE_426_length_3667_cov_1089.047365	1634	1705	2016	1	71	0.0140845
NODE_426_length_3667_cov_1089.047365	1634	1705	2031	1	71	0.0140845
NODE_426_length_3667_cov_1089.047365	1634	1705	2049	1	71	0.0140845
NODE_426_length_3667_cov_1089.047365	1634	1705	2107	1	71	0.0140845
NODE_426_length_3667_cov_1089.047365	1634	1705	2118	1	71	0.0140845
NODE_426_length_3667_cov_1089.047365	1634	1705	2140	1	71	0.0140845
NODE_426_length_3667_cov_1089.047365	1634	1705	2141	1	71	0.0140845
NODE_426_length_3667_cov_1089.047365	1634	1705	2156	1	71	0.0140845
NODE_426_length_3667_cov_1089.047365	1634	1705	2173	1	71	0.0140845
NODE_426_length_3667_cov_1089.047365	1634	1705	2192	1	71	0.0140845
NODE_426_length_3667_cov_1089.047365	1634	1705	2240	1	71	0.0140845
NODE_426_length_3667_cov_1089.047365	1634	1705	2269	1	71	0.0140845
NODE_426_length_3667_cov_1089.047365	1634	1705	2307	1	71	0.0140845
NODE_426_length_3667_cov_1089.047365	1634	1705	2312	1	71	0.0140845
NODE_426_length_3667_cov_1089.047365	1634	1705	2333	1	71	0.0140845
NODE_426_length_3667_cov_1089.047365	1634	1705	2351	1	71	0.0140845
NODE_426_length_3667_cov_1089.047365	1634	1705	2372	1	71	0.0140845
NODE_426_length_3667_cov_1089.047365	1634	1705	2411	1	71	0.0140845
NODE_426_length_3667_cov_1089.047365	1634	1705	2431	1	71	0.0140845
NODE_426_length_3667_cov_1089.047365	1634	1705	2453	1	71	0.0140845
NODE_426_length_3667_cov_1089.047365	1634	1705	2479	1	71	0.0140845
NODE_426_length_3667_cov_1089.047365	1634	1705	2511	1	71	0.0140845
NODE_426_length_3667_cov_1089.047365	1634	1705	2521	1	71	0.0140845
NODE_426_length_3667_cov_1089.047365	1634	1705	2540	1	71	0.0140845
NODE_426_length_3667_cov_1089.047365	1634	1705	2552	1	71	0.0140845
NODE_426_length_3667_cov_1089.047365	1634	1705	2582	1	71	0.0140845
NODE_426_length_3667_cov_1089.047365	1634	1705	2594	1	71	0.0140845
NODE_426_length_3667_cov_1089.047365	1634	1705	2632	1	71	0.0140845
NODE_426_length_3667_cov_1089.047365	1634	1705	2633	1	71	0.0140845
NODE_426_length_3667_cov_1089.047365	1634	1705	2670	1	71	0.0140845
NODE_426_length_3667_cov_1089.047365	1634	1705	2710	1	71	0.0140845
NODE_426_length_3667_cov_1089.047365	1634	1705	2768	1	71	0.0140845
NODE_426_length_3667_cov_1089.047365	1634	1705	2781	1	71	0.0140845
NODE_426_length_3667_cov_1089.047365	1634	1705	2802	1	71	0.0140845
NODE_426_length_3667_cov_1089.047365	1634	1705	2819	1	71	0.0140845
NODE_426_length_3667_cov_1089.047365	1634	1705	2826	1	71	0.0140845
NODE_426_length_3667_cov_1089.047365	1634	1705	2862	1	71	0.0140845
NODE_426_length_3667_cov_1089.047365	1634	1705	2868	1	71	0.0140845
NODE_426_length_3667_cov_1089.047365	1634	1705	2878	1	71	0.0140845
NODE_426_length_3667_cov_1089.047365	1634	1705	2886	1	71	0.0140845
NODE_426_length_3667_cov_1089.047365	1634	1705	2896	1	71	0.0140845
NODE_426_length_3667_cov_1089.047365	1634	1705	2921	1	71	0.0140845
NODE_426_length_3667_cov_1089.047365	1634	1705	2931	1	71	0.0140845
NODE_426_length_3667_cov_1089.047365	1634	1705	2954	1	71	0.0140845
NODE_426_length_3667_cov_1089.047365	1634	1705	2994	1	71	0.0140845
NODE_426_length_3667_cov_1089.047365	1634	1705	3030	1	71	0.0140845
NODE_426_length_3667_cov_1089.047365	1634	1705	3054	1	71	0.0140845
NODE_426_length_3667_cov_1089.047365	1634	1705	3088	1	71	0.0140845
NODE_426_length_3667_cov_1089.047365	1634	1705	3090	1	71	0.0140845
NODE_426_length_3667_cov_1089.047365	1634	1705	3093	1	71	0.0140845
NODE_426_length_3667_cov_1089.047365	1634	1705	3097	1	71	0.0140845
NODE_426_length_3667_cov_1089.047365	1634	1705	3105	2	71	0.0281690
NODE_426_length_3667_cov_1089.047365	1634	1705	3106	1	71	0.0140845
NODE_426_length_3667_cov_1089.047365	1634	1705	3125	1	71	0.0140845
NODE_426_length_3667_cov_1089.047365	1634	1705	3135	1	71	0.0140845
NODE_426_length_3667_cov_1089.047365	1634	1705	3138	1	71	0.0140845
NODE_426_length_3667_cov_1089.047365	1634	1705	3141	1	71	0.0140845
NODE_426_length_3667_cov_1089.047365	1634	1705	3147	1	71	0.0140845
NODE_426_length_3667_cov_1089.047365	1634	1705	3148	1	71	0.0140845
NODE_426_length_3667_cov_1089.047365	1634	1705	3151	1	71	0.0140845
NODE_426_length_3667_cov_1089.047365	1634	1705	3157	1	71	0.0140845
NODE_426_length_3667_cov_1089.047365	1634	1705	3162	1	71	0.0140845
NODE_426_length_3667_cov_1089.047365	1634	1705	3163	1	71	0.0140845
NODE_426_length_3667_cov_1089.047365	1634	1705	3169	1	71	0.0140845
NODE_426_length_3667_cov_1089.047365	1634	1705	3178	1	71	0.0140845
NODE_426_length_3667_cov_1089.047365	1678	1758	2384	1	80	0.0125000
NODE_426_length_3667_cov_1089.047365	1678	1758	2421	1	80	0.0125000
NODE_426_length_3667_cov_1089.047365	1678	1758	2448	1	80	0.0125000
NODE_426_length_3667_cov_1089.047365	1678	1758	2470	1	80	0.0125000
NODE_426_length_3667_cov_1089.047365	1678	1758	2501	1	80	0.0125000
NODE_426_length_3667_cov_1089.047365	1678	1758	2526	1	80	0.0125000
NODE_426_length_3667_cov_1089.047365	1678	1758	2553	1	80	0.0125000
NODE_426_length_3667_cov_1089.047365	1678	1758	2584	1	80	0.0125000
NODE_426_length_3667_cov_1089.047365	1678	1758	2622	1	80	0.0125000
NODE_426_length_3667_cov_1089.047365	1678	1758	2640	1	80	0.0125000
NODE_426_length_3667_cov_1089.047365	1678	1758	2672	1	80	0.0125000
NODE_426_length_3667_cov_1089.047365	1678	1758	2687	1	80	0.0125000
NODE_426_length_3667_cov_1089.047365	1678	1758	2732	1	80	0.0125000
NODE_426_length_3667_cov_1089.047365	1678	1758	2751	1	80	0.0125000
NODE_426_length_3667_cov_1089.047365	1678	1758	2782	1	80	0.0125000
NODE_426_length_3667_cov_1089.047365	1678	1758	2796	1	80	0.0125000
NODE_426_length_3667_cov_1089.047365	1678	1758	2834	1	80	0.0125000
NODE_426_length_3667_cov_1089.047365	1678	1758	2856	1	80	0.0125000
NODE_426_length_3667_cov_1089.047365	1678	1758	2869	1	80	0.0125000
NODE_426_length_3667_cov_1089.047365	1678	1758	2880	1	80	0.0125000
NODE_426_length_3667_cov_1089.047365	1678	1758	2886	1	80	0.0125000
NODE_426_length_3667_cov_1089.047365	1678	1758	2896	1	80	0.0125000
NODE_426_length_3667_cov_1089.047365	1678	1758	2901	1	80	0.0125000
NODE_426_length_3667_cov_1089.047365	1678	1758	2902	1	80	0.0125000
NODE_426_length_3667_cov_1089.047365	1678	1758	2921	1	80	0.0125000
NODE_426_length_3667_cov_1089.047365	1678	1758	2927	1	80	0.0125000
NODE_426_length_3667_cov_1089.047365	1678	1758	2931	1	80	0.0125000
NODE_426_length_3667_cov_1089.047365	1678	1758	2954	1	80	0.0125000
NODE_426_length_3667_cov_1089.047365	1678	1758	2970	2	80	0.0250000
NODE_426_length_3667_cov_1089.047365	1678	1758	2994	1	80	0.0125000
NODE_426_length_3667_cov_1089.047365	1678	1758	3004	1	80	0.0125000
NODE_426_length_3667_cov_1089.047365	1678	1758	3030	2	80	0.0250000
NODE_426_length_3667_cov_1089.047365	1678	1758	3052	1	80	0.0125000
NODE_426_length_3667_cov_1089.047365	1678	1758	3054	1	80	0.0125000
NODE_426_length_3667_cov_1089.047365	1678	1758	3067	1	80	0.0125000
NODE_426_length_3667_cov_1089.047365	1678	1758	3078	1	80	0.0125000
NODE_426_length_3667_cov_1089.047365	1678	1758	3088	1	80	0.0125000
NODE_426_length_3667_cov_1089.047365	1678	1758	3089	1	80	0.0125000
NODE_426_length_3667_cov_1089.047365	1678	1758	3090	1	80	0.0125000
NODE_426_length_3667_cov_1089.047365	1678	1758	3093	1	80	0.0125000
NODE_426_length_3667_cov_1089.047365	1678	1758	3097	1	80	0.0125000
NODE_426_length_3667_cov_1089.047365	1678	1758	3105	2	80	0.0250000
NODE_426_length_3667_cov_1089.047365	1678	1758	3106	1	80	0.0125000
NODE_426_length_3667_cov_1089.047365	1678	1758	3117	2	80	0.0250000
NODE_426_length_3667_cov_1089.047365	1678	1758	3125	1	80	0.0125000
NODE_426_length_3667_cov_1089.047365	1678	1758	3127	1	80	0.0125000
NODE_426_length_3667_cov_1089.047365	1678	1758	3130	1	80	0.0125000
NODE_426_length_3667_cov_1089.047365	1678	1758	3132	1	80	0.0125000
NODE_426_length_3667_cov_1089.047365	1678	1758	3135	1	80	0.0125000
NODE_426_length_3667_cov_1089.047365	1678	1758	3136	3	80	0.0375000
NODE_426_length_3667_cov_1089.047365	1678	1758	3138	2	80	0.0250000
NODE_426_length_3667_cov_1089.047365	1678	1758	3141	2	80	0.0250000
NODE_426_length_3667_cov_1089.047365	1678	1758	3144	1	80	0.0125000
NODE_426_length_3667_cov_1089.047365	1678	1758	3147	2	80	0.0250000
NODE_426_length_3667_cov_1089.047365	1678	1758	3148	1	80	0.0125000
NODE_426_length_3667_cov_1089.047365	1678	1758	3150	1	80	0.0125000
NODE_426_length_3667_cov_1089.047365	1678	1758	3151	2	80	0.0250000
NODE_426_length_3667_cov_1089.047365	1678	1758	3157	1	80	0.0125000
NODE_426_length_3667_cov_1089.047365	1678	1758	3162	1	80	0.0125000
NODE_426_length_3667_cov_1089.047365	1678	1758	3163	1	80	0.0125000
NODE_426_length_3667_cov_1089.047365	1678	1758	3166	1	80	0.0125000
NODE_426_length_3667_cov_1089.047365	1678	1758	3168	1	80	0.0125000
NODE_426_length_3667_cov_1089.047365	1678	1758	3169	1	80	0.0125000
NODE_426_length_3667_cov_1089.047365	1678	1758	3171	1	80	0.0125000
NODE_426_length_3667_cov_1089.047365	1678	1758	3174	1	80	0.0125000
NODE_426_length_3667_cov_1089.047365	1678	1758	3178	1	80	0.0125000
NODE_426_length_3667_cov_1089.047365	1678	1758	3181	2	80	0.0250000
NODE_426_length_3667_cov_1089.047365	1678	1758	3182	1	80	0.0125000
NODE_426_length_3667_cov_1089.047365	1678	1758	3194	1	80	0.0125000
NODE_428_length_3660_cov_79.447627	1806	1870	57	2	64	0.0312500
NODE_428_length_3660_cov_79.447627	1806	1870	59	1	64	0.0156250
NODE_428_length_3660_cov_79.447627	1806	1870	63	3	64	0.0468750
NODE_428_length_3660_cov_79.447627	1806	1870	65	2	64	0.0312500
NODE_428_length_3660_cov_79.447627	1806	1870	76	1	64	0.0156250
NODE_428_length_3660_cov_79.447627	1806	1870	77	4	64	0.0625000
NODE_428_length_3660_cov_79.447627	1806	1870	79	1	64	0.0156250
NODE_428_length_3660_cov_79.447627	1806	1870	83	1	64	0.0156250
NODE_428_length_3660_cov_79.447627	1806	1870	89	1	64	0.0156250
NODE_428_length_3660_cov_79.447627	1806	1870	95	1	64	0.0156250
NODE_428_length_3660_cov_79.447627	1806	1870	98	2	64	0.0312500
NODE_428_length_3660_cov_79.447627	1806	1870	104	1	64	0.0156250
NODE_428_length_3660_cov_79.447627	1806	1870	109	1	64	0.0156250
NODE_428_length_3660_cov_79.447627	1806	1870	111	2	64	0.0312500
NODE_428_length_3660_cov_79.447627	1806	1870	113	1	64	0.0156250
NODE_428_length_3660_cov_79.447627	1806	1870	115	1	64	0.0156250
NODE_428_length_3660_cov_79.447627	1806	1870	117	3	64	0.0468750
NODE_428_length_3660_cov_79.447627	1806	1870	119	2	64	0.0312500
NODE_428_length_3660_cov_79.447627	1806	1870	123	1	64	0.0156250
NODE_428_length_3660_cov_79.447627	1806	1870	127	1	64	0.0156250
NODE_428_length_3660_cov_79.447627	1806	1870	133	1	64	0.0156250
NODE_428_length_3660_cov_79.447627	1806	1870	145	1	64	0.0156250
NODE_428_length_3660_cov_79.447627	1806	1870	147	2	64	0.0312500
NODE_428_length_3660_cov_79.447627	1806	1870	151	5	64	0.0781250
NODE_428_length_3660_cov_79.447627	1806	1870	155	4	64	0.0625000
NODE_428_length_3660_cov_79.447627	1806	1870	158	1	64	0.0156250
NODE_428_length_3660_cov_79.447627	1806	1870	159	5	64	0.0781250
NODE_428_length_3660_cov_79.447627	1806	1870	160	2	64	0.0312500
NODE_428_length_3660_cov_79.447627	1806	1870	161	3	64	0.0468750
NODE_428_length_3660_cov_79.447627	1806	1870	163	6	64	0.0937500
NODE_428_length_3660_cov_79.447627	1806	1870	165	2	64	0.0312500
NODE_428_length_3660_cov_79.447627	1859	1906	156	4	47	0.0851064
NODE_428_length_3660_cov_79.447627	1859	1906	158	4	47	0.0851064
NODE_428_length_3660_cov_79.447627	1859	1906	160	3	47	0.0638298
NODE_428_length_3660_cov_79.447627	1859	1906	161	6	47	0.1276596
NODE_428_length_3660_cov_79.447627	1859	1906	162	7	47	0.1489362
NODE_428_length_3660_cov_79.447627	1859	1906	163	9	47	0.1914894
NODE_428_length_3660_cov_79.447627	1859	1906	164	4	47	0.0851064
NODE_428_length_3660_cov_79.447627	1859	1906	165	2	47	0.0425532
NODE_428_length_3660_cov_79.447627	1859	1906	166	2	47	0.0425532
NODE_428_length_3660_cov_79.447627	1859	1906	167	1	47	0.0212766
NODE_428_length_3660_cov_79.447627	1859	1906	168	5	47	0.1063830
NODE_428_length_3660_cov_79.447627	2358	2438	0	80	80	1.0000000
NODE_428_length_3660_cov_79.447627	2411	2491	0	80	80	1.0000000
NODE_428_length_3660_cov_79.447627	2487	2567	0	9	80	0.1125000
NODE_428_length_3660_cov_79.447627	2487	2567	2	51	80	0.6375000
NODE_428_length_3660_cov_79.447627	2487	2567	6	20	80	0.2500000
NODE_428_length_3660_cov_79.447627	2540	2620	2	7	80	0.0875000
NODE_428_length_3660_cov_79.447627	2540	2620	4	16	80	0.2000000
NODE_428_length_3660_cov_79.447627	2540	2620	6	57	80	0.7125000
NODE_430_length_3634_cov_34.913154	1499	1544	88	1	45	0.0222222
NODE_430_length_3634_cov_34.913154	1499	1544	113	1	45	0.0222222
NODE_430_length_3634_cov_34.913154	1499	1544	126	1	45	0.0222222
NODE_430_length_3634_cov_34.913154	1499	1544	140	1	45	0.0222222
NODE_430_length_3634_cov_34.913154	1499	1544	148	1	45	0.0222222
NODE_430_length_3634_cov_34.913154	1499	1544	155	1	45	0.0222222
NODE_430_length_3634_cov_34.913154	1499	1544	156	1	45	0.0222222
NODE_430_length_3634_cov_34.913154	1499	1544	169	1	45	0.0222222
NODE_430_length_3634_cov_34.913154	1499	1544	174	1	45	0.0222222
NODE_430_length_3634_cov_34.913154	1499	1544	180	1	45	0.0222222
NODE_430_length_3634_cov_34.913154	1499	1544	184	1	45	0.0222222
NODE_430_length_3634_cov_34.913154	1499	1544	186	1	45	0.0222222
NODE_430_length_3634_cov_34.913154	1499	1544	190	1	45	0.0222222
NODE_430_length_3634_cov_34.913154	1499	1544	192	1	45	0.0222222
NODE_430_length_3634_cov_34.913154	1499	1544	198	1	45	0.0222222
NODE_430_length_3634_cov_34.913154	1499	1544	204	1	45	0.0222222
NODE_430_length_3634_cov_34.913154	1499	1544	210	1	45	0.0222222
NODE_430_length_3634_cov_34.913154	1499	1544	212	1	45	0.0222222
NODE_430_length_3634_cov_34.913154	1499	1544	220	1	45	0.0222222
NODE_430_length_3634_cov_34.913154	1499	1544	222	1	45	0.0222222
NODE_430_length_3634_cov_34.913154	1499	1544	224	1	45	0.0222222
NODE_430_length_3634_cov_34.913154	1499	1544	226	1	45	0.0222222
NODE_430_length_3634_cov_34.913154	1499	1544	227	1	45	0.0222222
NODE_430_length_3634_cov_34.913154	1499	1544	233	1	45	0.0222222
NODE_430_length_3634_cov_34.913154	1499	1544	237	1	45	0.0222222
NODE_430_length_3634_cov_34.913154	1499	1544	244	1	45	0.0222222
NODE_430_length_3634_cov_34.913154	1499	1544	248	1	45	0.0222222
NODE_430_length_3634_cov_34.913154	1499	1544	256	2	45	0.0444444
NODE_430_length_3634_cov_34.913154	1499	1544	258	1	45	0.0222222
NODE_430_length_3634_cov_34.913154	1499	1544	263	1	45	0.0222222
NODE_430_length_3634_cov_34.913154	1499	1544	265	1	45	0.0222222
NODE_430_length_3634_cov_34.913154	1499	1544	267	1	45	0.0222222
NODE_430_length_3634_cov_34.913154	1499	1544	271	2	45	0.0444444
NODE_430_length_3634_cov_34.913154	1499	1544	280	1	45	0.0222222
NODE_430_length_3634_cov_34.913154	1499	1544	284	1	45	0.0222222
NODE_430_length_3634_cov_34.913154	1499	1544	297	2	45	0.0444444
NODE_430_length_3634_cov_34.913154	1499	1544	301	1	45	0.0222222
NODE_430_length_3634_cov_34.913154	1499	1544	302	1	45	0.0222222
NODE_430_length_3634_cov_34.913154	1499	1544	303	1	45	0.0222222
NODE_430_length_3634_cov_34.913154	1499	1544	304	1	45	0.0222222
NODE_430_length_3634_cov_34.913154	1499	1544	306	1	45	0.0222222
NODE_430_length_3634_cov_34.913154	1499	1544	308	1	45	0.0222222
NODE_430_length_3634_cov_34.913154	1517	1597	220	1	80	0.0125000
NODE_430_length_3634_cov_34.913154	1517	1597	222	1	80	0.0125000
NODE_430_length_3634_cov_34.913154	1517	1597	224	1	80	0.0125000
NODE_430_length_3634_cov_34.913154	1517	1597	226	1	80	0.0125000
NODE_430_length_3634_cov_34.913154	1517	1597	227	1	80	0.0125000
NODE_430_length_3634_cov_34.913154	1517	1597	233	1	80	0.0125000
NODE_430_length_3634_cov_34.913154	1517	1597	237	1	80	0.0125000
NODE_430_length_3634_cov_34.913154	1517	1597	244	1	80	0.0125000
NODE_430_length_3634_cov_34.913154	1517	1597	248	1	80	0.0125000
NODE_430_length_3634_cov_34.913154	1517	1597	256	2	80	0.0250000
NODE_430_length_3634_cov_34.913154	1517	1597	258	1	80	0.0125000
NODE_430_length_3634_cov_34.913154	1517	1597	263	1	80	0.0125000
NODE_430_length_3634_cov_34.913154	1517	1597	265	1	80	0.0125000
NODE_430_length_3634_cov_34.913154	1517	1597	267	1	80	0.0125000
NODE_430_length_3634_cov_34.913154	1517	1597	271	2	80	0.0250000
NODE_430_length_3634_cov_34.913154	1517	1597	280	1	80	0.0125000
NODE_430_length_3634_cov_34.913154	1517	1597	284	1	80	0.0125000
NODE_430_length_3634_cov_34.913154	1517	1597	297	2	80	0.0250000
NODE_430_length_3634_cov_34.913154	1517	1597	301	1	80	0.0125000
NODE_430_length_3634_cov_34.913154	1517	1597	302	1	80	0.0125000
NODE_430_length_3634_cov_34.913154	1517	1597	303	1	80	0.0125000
NODE_430_length_3634_cov_34.913154	1517	1597	304	1	80	0.0125000
NODE_430_length_3634_cov_34.913154	1517	1597	306	1	80	0.0125000
NODE_430_length_3634_cov_34.913154	1517	1597	308	6	80	0.0750000
NODE_430_length_3634_cov_34.913154	1517	1597	310	2	80	0.0250000
NODE_430_length_3634_cov_34.913154	1517	1597	311	1	80	0.0125000
NODE_430_length_3634_cov_34.913154	1517	1597	312	1	80	0.0125000
NODE_430_length_3634_cov_34.913154	1517	1597	321	1	80	0.0125000
NODE_430_length_3634_cov_34.913154	1517	1597	337	1	80	0.0125000
NODE_430_length_3634_cov_34.913154	1517	1597	338	1	80	0.0125000
NODE_430_length_3634_cov_34.913154	1517	1597	341	1	80	0.0125000
NODE_430_length_3634_cov_34.913154	1517	1597	347	1	80	0.0125000
NODE_430_length_3634_cov_34.913154	1517	1597	349	2	80	0.0250000
NODE_430_length_3634_cov_34.913154	1517	1597	351	1	80	0.0125000
NODE_430_length_3634_cov_34.913154	1517	1597	352	2	80	0.0250000
NODE_430_length_3634_cov_34.913154	1517	1597	353	1	80	0.0125000
NODE_430_length_3634_cov_34.913154	1517	1597	354	2	80	0.0250000
NODE_430_length_3634_cov_34.913154	1517	1597	357	1	80	0.0125000
NODE_430_length_3634_cov_34.913154	1517	1597	358	1	80	0.0125000
NODE_430_length_3634_cov_34.913154	1517	1597	359	2	80	0.0250000
NODE_430_length_3634_cov_34.913154	1517	1597	360	3	80	0.0375000
NODE_430_length_3634_cov_34.913154	1517	1597	361	9	80	0.1125000
NODE_430_length_3634_cov_34.913154	1517	1597	362	4	80	0.0500000
NODE_430_length_3634_cov_34.913154	1517	1597	363	1	80	0.0125000
NODE_430_length_3634_cov_34.913154	1517	1597	364	10	80	0.1250000
NODE_430_length_3634_cov_34.913154	1978	2058	182	1	80	0.0125000
NODE_430_length_3634_cov_34.913154	1978	2058	185	1	80	0.0125000
NODE_430_length_3634_cov_34.913154	1978	2058	187	1	80	0.0125000
NODE_430_length_3634_cov_34.913154	1978	2058	190	1	80	0.0125000
NODE_430_length_3634_cov_34.913154	1978	2058	199	1	80	0.0125000
NODE_430_length_3634_cov_34.913154	1978	2058	216	1	80	0.0125000
NODE_430_length_3634_cov_34.913154	1978	2058	217	1	80	0.0125000
NODE_430_length_3634_cov_34.913154	1978	2058	222	1	80	0.0125000
NODE_430_length_3634_cov_34.913154	1978	2058	226	1	80	0.0125000
NODE_430_length_3634_cov_34.913154	1978	2058	228	1	80	0.0125000
NODE_430_length_3634_cov_34.913154	1978	2058	239	1	80	0.0125000
NODE_430_length_3634_cov_34.913154	1978	2058	248	1	80	0.0125000
NODE_430_length_3634_cov_34.913154	1978	2058	258	1	80	0.0125000
NODE_430_length_3634_cov_34.913154	1978	2058	269	1	80	0.0125000
NODE_430_length_3634_cov_34.913154	1978	2058	273	2	80	0.0250000
NODE_430_length_3634_cov_34.913154	1978	2058	275	2	80	0.0250000
NODE_430_length_3634_cov_34.913154	1978	2058	276	1	80	0.0125000
NODE_430_length_3634_cov_34.913154	1978	2058	280	1	80	0.0125000
NODE_430_length_3634_cov_34.913154	1978	2058	288	1	80	0.0125000
NODE_430_length_3634_cov_34.913154	1978	2058	289	2	80	0.0250000
NODE_430_length_3634_cov_34.913154	1978	2058	293	2	80	0.0250000
NODE_430_length_3634_cov_34.913154	1978	2058	294	1	80	0.0125000
NODE_430_length_3634_cov_34.913154	1978	2058	296	1	80	0.0125000
NODE_430_length_3634_cov_34.913154	1978	2058	297	1	80	0.0125000
NODE_430_length_3634_cov_34.913154	1978	2058	301	1	80	0.0125000
NODE_430_length_3634_cov_34.913154	1978	2058	305	1	80	0.0125000
NODE_430_length_3634_cov_34.913154	1978	2058	313	2	80	0.0250000
NODE_430_length_3634_cov_34.913154	1978	2058	320	1	80	0.0125000
NODE_430_length_3634_cov_34.913154	1978	2058	322	1	80	0.0125000
NODE_430_length_3634_cov_34.913154	1978	2058	323	1	80	0.0125000
NODE_430_length_3634_cov_34.913154	1978	2058	325	1	80	0.0125000
NODE_430_length_3634_cov_34.913154	1978	2058	328	2	80	0.0250000
NODE_430_length_3634_cov_34.913154	1978	2058	335	2	80	0.0250000
NODE_430_length_3634_cov_34.913154	1978	2058	337	2	80	0.0250000
NODE_430_length_3634_cov_34.913154	1978	2058	338	1	80	0.0125000
NODE_430_length_3634_cov_34.913154	1978	2058	340	1	80	0.0125000
NODE_430_length_3634_cov_34.913154	1978	2058	343	1	80	0.0125000
NODE_430_length_3634_cov_34.913154	1978	2058	347	1	80	0.0125000
NODE_430_length_3634_cov_34.913154	1978	2058	348	1	80	0.0125000
NODE_430_length_3634_cov_34.913154	1978	2058	349	1	80	0.0125000
NODE_430_length_3634_cov_34.913154	1978	2058	351	1	80	0.0125000
NODE_430_length_3634_cov_34.913154	1978	2058	355	1	80	0.0125000
NODE_430_length_3634_cov_34.913154	1978	2058	357	1	80	0.0125000
NODE_430_length_3634_cov_34.913154	1978	2058	362	2	80	0.0250000
NODE_430_length_3634_cov_34.913154	1978	2058	364	4	80	0.0500000
NODE_430_length_3634_cov_34.913154	1978	2058	365	1	80	0.0125000
NODE_430_length_3634_cov_34.913154	1978	2058	366	1	80	0.0125000
NODE_430_length_3634_cov_34.913154	1978	2058	369	3	80	0.0375000
NODE_430_length_3634_cov_34.913154	1978	2058	371	1	80	0.0125000
NODE_430_length_3634_cov_34.913154	1978	2058	376	2	80	0.0250000
NODE_430_length_3634_cov_34.913154	1978	2058	381	1	80	0.0125000
NODE_430_length_3634_cov_34.913154	1978	2058	390	2	80	0.0250000
NODE_430_length_3634_cov_34.913154	1978	2058	391	3	80	0.0375000
NODE_430_length_3634_cov_34.913154	1978	2058	394	1	80	0.0125000
NODE_430_length_3634_cov_34.913154	1978	2058	395	1	80	0.0125000
NODE_430_length_3634_cov_34.913154	1978	2058	397	2	80	0.0250000
NODE_430_length_3634_cov_34.913154	1978	2058	401	1	80	0.0125000
NODE_430_length_3634_cov_34.913154	1978	2058	409	1	80	0.0125000
NODE_430_length_3634_cov_34.913154	1978	2058	412	1	80	0.0125000
NODE_430_length_3634_cov_34.913154	1978	2058	414	1	80	0.0125000
NODE_430_length_3634_cov_34.913154	1978	2058	416	1	80	0.0125000
NODE_430_length_3634_cov_34.913154	2031	2077	64	1	46	0.0217391
NODE_430_length_3634_cov_34.913154	2031	2077	76	1	46	0.0217391
NODE_430_length_3634_cov_34.913154	2031	2077	82	1	46	0.0217391
NODE_430_length_3634_cov_34.913154	2031	2077	101	1	46	0.0217391
NODE_430_length_3634_cov_34.913154	2031	2077	104	2	46	0.0434783
NODE_430_length_3634_cov_34.913154	2031	2077	121	1	46	0.0217391
NODE_430_length_3634_cov_34.913154	2031	2077	122	1	46	0.0217391
NODE_430_length_3634_cov_34.913154	2031	2077	134	1	46	0.0217391
NODE_430_length_3634_cov_34.913154	2031	2077	140	1	46	0.0217391
NODE_430_length_3634_cov_34.913154	2031	2077	142	2	46	0.0434783
NODE_430_length_3634_cov_34.913154	2031	2077	159	1	46	0.0217391
NODE_430_length_3634_cov_34.913154	2031	2077	163	1	46	0.0217391
NODE_430_length_3634_cov_34.913154	2031	2077	166	1	46	0.0217391
NODE_430_length_3634_cov_34.913154	2031	2077	170	1	46	0.0217391
NODE_430_length_3634_cov_34.913154	2031	2077	173	1	46	0.0217391
NODE_430_length_3634_cov_34.913154	2031	2077	175	1	46	0.0217391
NODE_430_length_3634_cov_34.913154	2031	2077	177	1	46	0.0217391
NODE_430_length_3634_cov_34.913154	2031	2077	182	1	46	0.0217391
NODE_430_length_3634_cov_34.913154	2031	2077	185	1	46	0.0217391
NODE_430_length_3634_cov_34.913154	2031	2077	187	1	46	0.0217391
NODE_430_length_3634_cov_34.913154	2031	2077	190	1	46	0.0217391
NODE_430_length_3634_cov_34.913154	2031	2077	199	1	46	0.0217391
NODE_430_length_3634_cov_34.913154	2031	2077	216	1	46	0.0217391
NODE_430_length_3634_cov_34.913154	2031	2077	217	1	46	0.0217391
NODE_430_length_3634_cov_34.913154	2031	2077	222	1	46	0.0217391
NODE_430_length_3634_cov_34.913154	2031	2077	226	1	46	0.0217391
NODE_430_length_3634_cov_34.913154	2031	2077	228	1	46	0.0217391
NODE_430_length_3634_cov_34.913154	2031	2077	239	1	46	0.0217391
NODE_430_length_3634_cov_34.913154	2031	2077	248	1	46	0.0217391
NODE_430_length_3634_cov_34.913154	2031	2077	258	1	46	0.0217391
NODE_430_length_3634_cov_34.913154	2031	2077	269	1	46	0.0217391
NODE_430_length_3634_cov_34.913154	2031	2077	273	2	46	0.0434783
NODE_430_length_3634_cov_34.913154	2031	2077	275	2	46	0.0434783
NODE_430_length_3634_cov_34.913154	2031	2077	276	1	46	0.0217391
NODE_430_length_3634_cov_34.913154	2031	2077	280	1	46	0.0217391
NODE_430_length_3634_cov_34.913154	2031	2077	288	1	46	0.0217391
NODE_430_length_3634_cov_34.913154	2031	2077	289	2	46	0.0434783
NODE_430_length_3634_cov_34.913154	2031	2077	293	2	46	0.0434783
NODE_430_length_3634_cov_34.913154	2031	2077	294	1	46	0.0217391
NODE_430_length_3634_cov_34.913154	2031	2077	296	1	46	0.0217391
NODE_435_length_3622_cov_29.112120	201	281	4	16	80	0.2000000
NODE_435_length_3622_cov_29.112120	201	281	6	28	80	0.3500000
NODE_435_length_3622_cov_29.112120	201	281	7	9	80	0.1125000
NODE_435_length_3622_cov_29.112120	201	281	9	3	80	0.0375000
NODE_435_length_3622_cov_29.112120	201	281	11	1	80	0.0125000
NODE_435_length_3622_cov_29.112120	201	281	12	23	80	0.2875000
NODE_435_length_3622_cov_29.112120	254	334	7	2	80	0.0250000
NODE_435_length_3622_cov_29.112120	254	334	9	1	80	0.0125000
NODE_435_length_3622_cov_29.112120	254	334	10	4	80	0.0500000
NODE_435_length_3622_cov_29.112120	254	334	11	1	80	0.0125000
NODE_435_length_3622_cov_29.112120	254	334	12	72	80	0.9000000
NODE_435_length_3622_cov_29.112120	2310	2390	218	1	80	0.0125000
NODE_435_length_3622_cov_29.112120	2310	2390	219	1	80	0.0125000
NODE_435_length_3622_cov_29.112120	2310	2390	224	7	80	0.0875000
NODE_435_length_3622_cov_29.112120	2310	2390	225	1	80	0.0125000
NODE_435_length_3622_cov_29.112120	2310	2390	229	1	80	0.0125000
NODE_435_length_3622_cov_29.112120	2310	2390	231	1	80	0.0125000
NODE_435_length_3622_cov_29.112120	2310	2390	235	3	80	0.0375000
NODE_435_length_3622_cov_29.112120	2310	2390	237	1	80	0.0125000
NODE_435_length_3622_cov_29.112120	2310	2390	239	2	80	0.0250000
NODE_435_length_3622_cov_29.112120	2310	2390	240	1	80	0.0125000
NODE_435_length_3622_cov_29.112120	2310	2390	241	1	80	0.0125000
NODE_435_length_3622_cov_29.112120	2310	2390	243	1	80	0.0125000
NODE_435_length_3622_cov_29.112120	2310	2390	248	1	80	0.0125000
NODE_435_length_3622_cov_29.112120	2310	2390	249	2	80	0.0250000
NODE_435_length_3622_cov_29.112120	2310	2390	251	3	80	0.0375000
NODE_435_length_3622_cov_29.112120	2310	2390	253	1	80	0.0125000
NODE_435_length_3622_cov_29.112120	2310	2390	256	2	80	0.0250000
NODE_435_length_3622_cov_29.112120	2310	2390	257	2	80	0.0250000
NODE_435_length_3622_cov_29.112120	2310	2390	259	2	80	0.0250000
NODE_435_length_3622_cov_29.112120	2310	2390	260	1	80	0.0125000
NODE_435_length_3622_cov_29.112120	2310	2390	261	2	80	0.0250000
NODE_435_length_3622_cov_29.112120	2310	2390	262	1	80	0.0125000
NODE_435_length_3622_cov_29.112120	2310	2390	263	1	80	0.0125000
NODE_435_length_3622_cov_29.112120	2310	2390	264	2	80	0.0250000
NODE_435_length_3622_cov_29.112120	2310	2390	265	1	80	0.0125000
NODE_435_length_3622_cov_29.112120	2310	2390	267	1	80	0.0125000
NODE_435_length_3622_cov_29.112120	2310	2390	268	3	80	0.0375000
NODE_435_length_3622_cov_29.112120	2310	2390	269	14	80	0.1750000
NODE_435_length_3622_cov_29.112120	2310	2390	270	2	80	0.0250000
NODE_435_length_3622_cov_29.112120	2310	2390	272	3	80	0.0375000
NODE_435_length_3622_cov_29.112120	2310	2390	273	3	80	0.0375000
NODE_435_length_3622_cov_29.112120	2310	2390	274	10	80	0.1250000
NODE_435_length_3622_cov_29.112120	2310	2390	276	2	80	0.0250000
NODE_435_length_3622_cov_29.112120	2363	2441	37	3	78	0.0384615
NODE_435_length_3622_cov_29.112120	2363	2441	43	1	78	0.0128205
NODE_435_length_3622_cov_29.112120	2363	2441	44	1	78	0.0128205
NODE_435_length_3622_cov_29.112120	2363	2441	48	1	78	0.0128205
NODE_435_length_3622_cov_29.112120	2363	2441	54	1	78	0.0128205
NODE_435_length_3622_cov_29.112120	2363	2441	58	1	78	0.0128205
NODE_435_length_3622_cov_29.112120	2363	2441	59	1	78	0.0128205
NODE_435_length_3622_cov_29.112120	2363	2441	61	1	78	0.0128205
NODE_435_length_3622_cov_29.112120	2363	2441	69	1	78	0.0128205
NODE_435_length_3622_cov_29.112120	2363	2441	77	1	78	0.0128205
NODE_435_length_3622_cov_29.112120	2363	2441	81	1	78	0.0128205
NODE_435_length_3622_cov_29.112120	2363	2441	82	2	78	0.0256410
NODE_435_length_3622_cov_29.112120	2363	2441	84	5	78	0.0641026
NODE_435_length_3622_cov_29.112120	2363	2441	86	5	78	0.0641026
NODE_435_length_3622_cov_29.112120	2363	2441	94	1	78	0.0128205
NODE_435_length_3622_cov_29.112120	2363	2441	96	1	78	0.0128205
NODE_435_length_3622_cov_29.112120	2363	2441	102	1	78	0.0128205
NODE_435_length_3622_cov_29.112120	2363	2441	109	1	78	0.0128205
NODE_435_length_3622_cov_29.112120	2363	2441	110	1	78	0.0128205
NODE_435_length_3622_cov_29.112120	2363	2441	112	1	78	0.0128205
NODE_435_length_3622_cov_29.112120	2363	2441	116	2	78	0.0256410
NODE_435_length_3622_cov_29.112120	2363	2441	120	1	78	0.0128205
NODE_435_length_3622_cov_29.112120	2363	2441	122	1	78	0.0128205
NODE_435_length_3622_cov_29.112120	2363	2441	124	1	78	0.0128205
NODE_435_length_3622_cov_29.112120	2363	2441	130	1	78	0.0128205
NODE_435_length_3622_cov_29.112120	2363	2441	131	1	78	0.0128205
NODE_435_length_3622_cov_29.112120	2363	2441	141	1	78	0.0128205
NODE_435_length_3622_cov_29.112120	2363	2441	145	1	78	0.0128205
NODE_435_length_3622_cov_29.112120	2363	2441	146	1	78	0.0128205
NODE_435_length_3622_cov_29.112120	2363	2441	157	2	78	0.0256410
NODE_435_length_3622_cov_29.112120	2363	2441	159	1	78	0.0128205
NODE_435_length_3622_cov_29.112120	2363	2441	169	1	78	0.0128205
NODE_435_length_3622_cov_29.112120	2363	2441	171	1	78	0.0128205
NODE_435_length_3622_cov_29.112120	2363	2441	179	1	78	0.0128205
NODE_435_length_3622_cov_29.112120	2363	2441	182	1	78	0.0128205
NODE_435_length_3622_cov_29.112120	2363	2441	198	1	78	0.0128205
NODE_435_length_3622_cov_29.112120	2363	2441	205	1	78	0.0128205
NODE_435_length_3622_cov_29.112120	2363	2441	216	1	78	0.0128205
NODE_435_length_3622_cov_29.112120	2363	2441	218	1	78	0.0128205
NODE_435_length_3622_cov_29.112120	2363	2441	219	1	78	0.0128205
NODE_435_length_3622_cov_29.112120	2363	2441	224	7	78	0.0897436
NODE_435_length_3622_cov_29.112120	2363	2441	225	1	78	0.0128205
NODE_435_length_3622_cov_29.112120	2363	2441	229	1	78	0.0128205
NODE_435_length_3622_cov_29.112120	2363	2441	237	1	78	0.0128205
NODE_435_length_3622_cov_29.112120	2363	2441	239	1	78	0.0128205
NODE_435_length_3622_cov_29.112120	2363	2441	243	1	78	0.0128205
NODE_435_length_3622_cov_29.112120	2363	2441	248	1	78	0.0128205
NODE_435_length_3622_cov_29.112120	2363	2441	249	2	78	0.0256410
NODE_435_length_3622_cov_29.112120	2363	2441	251	3	78	0.0384615
NODE_435_length_3622_cov_29.112120	2363	2441	253	1	78	0.0128205
NODE_435_length_3622_cov_29.112120	2363	2441	256	2	78	0.0256410
NODE_435_length_3622_cov_29.112120	2363	2441	259	1	78	0.0128205
NODE_435_length_3622_cov_29.112120	2363	2441	261	2	78	0.0256410
NODE_435_length_3622_cov_29.112120	2363	2441	262	1	78	0.0128205
NODE_437_length_3610_cov_8.785816	294	340	2	20	46	0.4347826
NODE_437_length_3610_cov_8.785816	294	340	4	26	46	0.5652174
NODE_437_length_3610_cov_8.785816	313	393	0	14	80	0.1750000
NODE_437_length_3610_cov_8.785816	313	393	2	35	80	0.4375000
NODE_437_length_3610_cov_8.785816	313	393	4	31	80	0.3875000
NODE_444_length_3588_cov_16.296360	2421	2501	10	1	80	0.0125000
NODE_444_length_3588_cov_16.296360	2421	2501	14	17	80	0.2125000
NODE_444_length_3588_cov_16.296360	2421	2501	16	11	80	0.1375000
NODE_444_length_3588_cov_16.296360	2421	2501	18	7	80	0.0875000
NODE_444_length_3588_cov_16.296360	2421	2501	20	1	80	0.0125000
NODE_444_length_3588_cov_16.296360	2421	2501	22	10	80	0.1250000
NODE_444_length_3588_cov_16.296360	2421	2501	23	2	80	0.0250000
NODE_444_length_3588_cov_16.296360	2421	2501	24	31	80	0.3875000
NODE_444_length_3588_cov_16.296360	2474	2539	8	6	65	0.0923077
NODE_444_length_3588_cov_16.296360	2474	2539	10	9	65	0.1384615
NODE_444_length_3588_cov_16.296360	2474	2539	12	8	65	0.1230769
NODE_444_length_3588_cov_16.296360	2474	2539	16	24	65	0.3692308
NODE_444_length_3588_cov_16.296360	2474	2539	18	1	65	0.0153846
NODE_444_length_3588_cov_16.296360	2474	2539	20	1	65	0.0153846
NODE_444_length_3588_cov_16.296360	2474	2539	22	1	65	0.0153846
NODE_444_length_3588_cov_16.296360	2474	2539	24	15	65	0.2307692
NODE_447_length_3585_cov_2.283419	605	668	0	63	63	1.0000000
NODE_451_length_3567_cov_16.283160	410	429	0	19	19	1.0000000
NODE_451_length_3567_cov_16.283160	2259	2339	122	1	80	0.0125000
NODE_451_length_3567_cov_16.283160	2259	2339	124	1	80	0.0125000
NODE_451_length_3567_cov_16.283160	2259	2339	126	4	80	0.0500000
NODE_451_length_3567_cov_16.283160	2259	2339	127	2	80	0.0250000
NODE_451_length_3567_cov_16.283160	2259	2339	128	5	80	0.0625000
NODE_451_length_3567_cov_16.283160	2259	2339	131	1	80	0.0125000
NODE_451_length_3567_cov_16.283160	2259	2339	132	2	80	0.0250000
NODE_451_length_3567_cov_16.283160	2259	2339	134	17	80	0.2125000
NODE_451_length_3567_cov_16.283160	2259	2339	135	11	80	0.1375000
NODE_451_length_3567_cov_16.283160	2259	2339	136	1	80	0.0125000
NODE_451_length_3567_cov_16.283160	2259	2339	137	3	80	0.0375000
NODE_451_length_3567_cov_16.283160	2259	2339	138	1	80	0.0125000
NODE_451_length_3567_cov_16.283160	2259	2339	139	25	80	0.3125000
NODE_451_length_3567_cov_16.283160	2259	2339	140	6	80	0.0750000
NODE_451_length_3567_cov_16.283160	2312	2379	8	2	67	0.0298507
NODE_451_length_3567_cov_16.283160	2312	2379	15	2	67	0.0298507
NODE_451_length_3567_cov_16.283160	2312	2379	16	1	67	0.0149254
NODE_451_length_3567_cov_16.283160	2312	2379	31	1	67	0.0149254
NODE_451_length_3567_cov_16.283160	2312	2379	32	1	67	0.0149254
NODE_451_length_3567_cov_16.283160	2312	2379	36	1	67	0.0149254
NODE_451_length_3567_cov_16.283160	2312	2379	39	1	67	0.0149254
NODE_451_length_3567_cov_16.283160	2312	2379	44	2	67	0.0298507
NODE_451_length_3567_cov_16.283160	2312	2379	50	1	67	0.0149254
NODE_451_length_3567_cov_16.283160	2312	2379	52	1	67	0.0149254
NODE_451_length_3567_cov_16.283160	2312	2379	66	2	67	0.0298507
NODE_451_length_3567_cov_16.283160	2312	2379	68	1	67	0.0149254
NODE_451_length_3567_cov_16.283160	2312	2379	69	1	67	0.0149254
NODE_451_length_3567_cov_16.283160	2312	2379	71	2	67	0.0298507
NODE_451_length_3567_cov_16.283160	2312	2379	77	2	67	0.0298507
NODE_451_length_3567_cov_16.283160	2312	2379	85	1	67	0.0149254
NODE_451_length_3567_cov_16.283160	2312	2379	90	1	67	0.0149254
NODE_451_length_3567_cov_16.283160	2312	2379	93	1	67	0.0149254
NODE_451_length_3567_cov_16.283160	2312	2379	97	1	67	0.0149254
NODE_451_length_3567_cov_16.283160	2312	2379	102	1	67	0.0149254
NODE_451_length_3567_cov_16.283160	2312	2379	103	1	67	0.0149254
NODE_451_length_3567_cov_16.283160	2312	2379	105	2	67	0.0298507
NODE_451_length_3567_cov_16.283160	2312	2379	115	2	67	0.0298507
NODE_451_length_3567_cov_16.283160	2312	2379	117	2	67	0.0298507
NODE_451_length_3567_cov_16.283160	2312	2379	119	2	67	0.0298507
NODE_451_length_3567_cov_16.283160	2312	2379	123	2	67	0.0298507
NODE_451_length_3567_cov_16.283160	2312	2379	125	1	67	0.0149254
NODE_451_length_3567_cov_16.283160	2312	2379	126	2	67	0.0298507
NODE_451_length_3567_cov_16.283160	2312	2379	132	2	67	0.0298507
NODE_451_length_3567_cov_16.283160	2312	2379	134	3	67	0.0447761
NODE_451_length_3567_cov_16.283160	2312	2379	135	5	67	0.0746269
NODE_451_length_3567_cov_16.283160	2312	2379	137	3	67	0.0447761
NODE_451_length_3567_cov_16.283160	2312	2379	139	14	67	0.2089552
NODE_454_length_3557_cov_12.423077	640	718	4	78	78	1.0000000
NODE_454_length_3557_cov_12.423077	640	688	4	48	48	1.0000000
NODE_454_length_3557_cov_12.423077	640	688	4	48	48	1.0000000
NODE_454_length_3557_cov_12.423077	640	688	4	48	48	1.0000000
NODE_454_length_3557_cov_12.423077	640	688	4	48	48	1.0000000
NODE_454_length_3557_cov_12.423077	693	771	4	78	78	1.0000000
NODE_455_length_3548_cov_7.216295	554	634	8	51	80	0.6375000
NODE_455_length_3548_cov_7.216295	554	634	9	10	80	0.1250000
NODE_455_length_3548_cov_7.216295	554	634	11	19	80	0.2375000
NODE_455_length_3548_cov_7.216295	607	687	2	48	80	0.6000000
NODE_455_length_3548_cov_7.216295	607	687	4	3	80	0.0375000
NODE_455_length_3548_cov_7.216295	607	687	7	1	80	0.0125000
NODE_455_length_3548_cov_7.216295	607	687	8	28	80	0.3500000
NODE_461_length_3518_cov_40.508336	1320	1400	2	16	80	0.2000000
NODE_461_length_3518_cov_40.508336	1320	1400	4	10	80	0.1250000
NODE_461_length_3518_cov_40.508336	1320	1400	6	12	80	0.1500000
NODE_461_length_3518_cov_40.508336	1320	1400	7	6	80	0.0750000
NODE_461_length_3518_cov_40.508336	1320	1400	9	36	80	0.4500000
NODE_461_length_3518_cov_40.508336	1373	1453	4	32	80	0.4000000
NODE_461_length_3518_cov_40.508336	1373	1453	6	1	80	0.0125000
NODE_461_length_3518_cov_40.508336	1373	1453	7	6	80	0.0750000
NODE_461_length_3518_cov_40.508336	1373	1453	8	16	80	0.2000000
NODE_461_length_3518_cov_40.508336	1373	1453	9	25	80	0.3125000
NODE_465_length_3497_cov_65.791348	3062	3142	480	1	80	0.0125000
NODE_465_length_3497_cov_65.791348	3062	3142	481	1	80	0.0125000
NODE_465_length_3497_cov_65.791348	3062	3142	486	1	80	0.0125000
NODE_465_length_3497_cov_65.791348	3062	3142	487	1	80	0.0125000
NODE_465_length_3497_cov_65.791348	3062	3142	496	1	80	0.0125000
NODE_465_length_3497_cov_65.791348	3062	3142	502	1	80	0.0125000
NODE_465_length_3497_cov_65.791348	3062	3142	503	1	80	0.0125000
NODE_465_length_3497_cov_65.791348	3062	3142	505	1	80	0.0125000
NODE_465_length_3497_cov_65.791348	3062	3142	515	1	80	0.0125000
NODE_465_length_3497_cov_65.791348	3062	3142	521	1	80	0.0125000
NODE_465_length_3497_cov_65.791348	3062	3142	532	1	80	0.0125000
NODE_465_length_3497_cov_65.791348	3062	3142	548	1	80	0.0125000
NODE_465_length_3497_cov_65.791348	3062	3142	556	1	80	0.0125000
NODE_465_length_3497_cov_65.791348	3062	3142	571	1	80	0.0125000
NODE_465_length_3497_cov_65.791348	3062	3142	591	1	80	0.0125000
NODE_465_length_3497_cov_65.791348	3062	3142	597	1	80	0.0125000
NODE_465_length_3497_cov_65.791348	3062	3142	607	2	80	0.0250000
NODE_465_length_3497_cov_65.791348	3062	3142	611	1	80	0.0125000
NODE_465_length_3497_cov_65.791348	3062	3142	615	1	80	0.0125000
NODE_465_length_3497_cov_65.791348	3062	3142	617	1	80	0.0125000
NODE_465_length_3497_cov_65.791348	3062	3142	618	1	80	0.0125000
NODE_465_length_3497_cov_65.791348	3062	3142	626	1	80	0.0125000
NODE_465_length_3497_cov_65.791348	3062	3142	633	2	80	0.0250000
NODE_465_length_3497_cov_65.791348	3062	3142	635	1	80	0.0125000
NODE_465_length_3497_cov_65.791348	3062	3142	637	1	80	0.0125000
NODE_465_length_3497_cov_65.791348	3062	3142	638	2	80	0.0250000
NODE_465_length_3497_cov_65.791348	3062	3142	639	1	80	0.0125000
NODE_465_length_3497_cov_65.791348	3062	3142	640	1	80	0.0125000
NODE_465_length_3497_cov_65.791348	3062	3142	641	2	80	0.0250000
NODE_465_length_3497_cov_65.791348	3062	3142	642	1	80	0.0125000
NODE_465_length_3497_cov_65.791348	3062	3142	643	1	80	0.0125000
NODE_465_length_3497_cov_65.791348	3062	3142	644	1	80	0.0125000
NODE_465_length_3497_cov_65.791348	3062	3142	646	1	80	0.0125000
NODE_465_length_3497_cov_65.791348	3062	3142	647	3	80	0.0375000
NODE_465_length_3497_cov_65.791348	3062	3142	648	1	80	0.0125000
NODE_465_length_3497_cov_65.791348	3062	3142	649	1	80	0.0125000
NODE_465_length_3497_cov_65.791348	3062	3142	652	1	80	0.0125000
NODE_465_length_3497_cov_65.791348	3062	3142	653	1	80	0.0125000
NODE_465_length_3497_cov_65.791348	3062	3142	654	1	80	0.0125000
NODE_465_length_3497_cov_65.791348	3062	3142	656	1	80	0.0125000
NODE_465_length_3497_cov_65.791348	3062	3142	658	2	80	0.0250000
NODE_465_length_3497_cov_65.791348	3062	3142	659	1	80	0.0125000
NODE_465_length_3497_cov_65.791348	3062	3142	660	1	80	0.0125000
NODE_465_length_3497_cov_65.791348	3062	3142	661	1	80	0.0125000
NODE_465_length_3497_cov_65.791348	3062	3142	662	4	80	0.0500000
NODE_465_length_3497_cov_65.791348	3062	3142	664	6	80	0.0750000
NODE_465_length_3497_cov_65.791348	3062	3142	665	1	80	0.0125000
NODE_465_length_3497_cov_65.791348	3062	3142	666	2	80	0.0250000
NODE_465_length_3497_cov_65.791348	3062	3142	669	2	80	0.0250000
NODE_465_length_3497_cov_65.791348	3062	3142	670	4	80	0.0500000
NODE_465_length_3497_cov_65.791348	3062	3142	672	3	80	0.0375000
NODE_465_length_3497_cov_65.791348	3062	3142	673	3	80	0.0375000
NODE_465_length_3497_cov_65.791348	3062	3142	675	1	80	0.0125000
NODE_465_length_3497_cov_65.791348	3062	3142	676	2	80	0.0250000
NODE_465_length_3497_cov_65.791348	3062	3142	677	1	80	0.0125000
NODE_466_length_3488_cov_2.243730	506	529	2	23	23	1.0000000
NODE_470_length_3483_cov_14.759456	360	440	0	80	80	1.0000000
NODE_470_length_3483_cov_14.759456	413	493	0	80	80	1.0000000
NODE_474_length_3471_cov_37.887604	2795	2875	0	80	80	1.0000000
NODE_474_length_3471_cov_37.887604	2848	2928	0	80	80	1.0000000
NODE_474_length_3471_cov_37.887604	2924	2943	0	19	19	1.0000000
NODE_474_length_3471_cov_37.887604	2924	3004	0	80	80	1.0000000
NODE_474_length_3471_cov_37.887604	2977	3057	0	80	80	1.0000000
NODE_479_length_3451_cov_29.833234	2973	3053	0	44	80	0.5500000
NODE_479_length_3451_cov_29.833234	2973	3053	2	36	80	0.4500000
NODE_479_length_3451_cov_29.833234	3026	3106	0	30	80	0.3750000
NODE_479_length_3451_cov_29.833234	3026	3106	2	21	80	0.2625000
NODE_479_length_3451_cov_29.833234	3026	3106	4	29	80	0.3625000
NODE_481_length_3446_cov_32.421273	3181	3261	37	2	80	0.0250000
NODE_481_length_3446_cov_32.421273	3181	3261	43	6	80	0.0750000
NODE_481_length_3446_cov_32.421273	3181	3261	47	6	80	0.0750000
NODE_481_length_3446_cov_32.421273	3181	3261	48	5	80	0.0625000
NODE_481_length_3446_cov_32.421273	3181	3261	49	2	80	0.0250000
NODE_481_length_3446_cov_32.421273	3181	3261	50	10	80	0.1250000
NODE_481_length_3446_cov_32.421273	3181	3261	51	6	80	0.0750000
NODE_481_length_3446_cov_32.421273	3181	3261	52	16	80	0.2000000
NODE_481_length_3446_cov_32.421273	3181	3261	53	1	80	0.0125000
NODE_481_length_3446_cov_32.421273	3181	3261	54	21	80	0.2625000
NODE_481_length_3446_cov_32.421273	3181	3261	55	5	80	0.0625000
NODE_482_length_3444_cov_29.954858	792	872	26	2	80	0.0250000
NODE_482_length_3444_cov_29.954858	792	872	28	6	80	0.0750000
NODE_482_length_3444_cov_29.954858	792	872	29	2	80	0.0250000
NODE_482_length_3444_cov_29.954858	792	872	31	32	80	0.4000000
NODE_482_length_3444_cov_29.954858	792	872	32	1	80	0.0125000
NODE_482_length_3444_cov_29.954858	792	872	33	26	80	0.3250000
NODE_482_length_3444_cov_29.954858	792	872	35	5	80	0.0625000
NODE_482_length_3444_cov_29.954858	792	872	37	6	80	0.0750000
NODE_482_length_3444_cov_29.954858	845	925	21	12	80	0.1500000
NODE_482_length_3444_cov_29.954858	845	925	22	14	80	0.1750000
NODE_482_length_3444_cov_29.954858	845	925	24	27	80	0.3375000
NODE_482_length_3444_cov_29.954858	845	925	26	1	80	0.0125000
NODE_482_length_3444_cov_29.954858	845	925	28	6	80	0.0750000
NODE_482_length_3444_cov_29.954858	845	925	29	1	80	0.0125000
NODE_482_length_3444_cov_29.954858	845	925	31	2	80	0.0250000
NODE_482_length_3444_cov_29.954858	845	925	33	11	80	0.1375000
NODE_482_length_3444_cov_29.954858	845	925	35	5	80	0.0625000
NODE_482_length_3444_cov_29.954858	845	925	37	1	80	0.0125000
NODE_483_length_3442_cov_17.799880	3155	3220	6	1	65	0.0153846
NODE_483_length_3442_cov_17.799880	3155	3220	12	1	65	0.0153846
NODE_483_length_3442_cov_17.799880	3155	3220	14	2	65	0.0307692
NODE_483_length_3442_cov_17.799880	3155	3220	21	4	65	0.0615385
NODE_483_length_3442_cov_17.799880	3155	3220	23	2	65	0.0307692
NODE_483_length_3442_cov_17.799880	3155	3220	29	1	65	0.0153846
NODE_483_length_3442_cov_17.799880	3155	3220	31	3	65	0.0461538
NODE_483_length_3442_cov_17.799880	3155	3220	39	2	65	0.0307692
NODE_483_length_3442_cov_17.799880	3155	3220	41	1	65	0.0153846
NODE_483_length_3442_cov_17.799880	3155	3220	47	1	65	0.0153846
NODE_483_length_3442_cov_17.799880	3155	3220	49	2	65	0.0307692
NODE_483_length_3442_cov_17.799880	3155	3220	55	1	65	0.0153846
NODE_483_length_3442_cov_17.799880	3155	3220	56	2	65	0.0307692
NODE_483_length_3442_cov_17.799880	3155	3220	60	1	65	0.0153846
NODE_483_length_3442_cov_17.799880	3155	3220	62	3	65	0.0461538
NODE_483_length_3442_cov_17.799880	3155	3220	64	1	65	0.0153846
NODE_483_length_3442_cov_17.799880	3155	3220	67	1	65	0.0153846
NODE_483_length_3442_cov_17.799880	3155	3220	69	2	65	0.0307692
NODE_483_length_3442_cov_17.799880	3155	3220	72	1	65	0.0153846
NODE_483_length_3442_cov_17.799880	3155	3220	76	2	65	0.0307692
NODE_483_length_3442_cov_17.799880	3155	3220	82	1	65	0.0153846
NODE_483_length_3442_cov_17.799880	3155	3220	84	1	65	0.0153846
NODE_483_length_3442_cov_17.799880	3155	3220	87	1	65	0.0153846
NODE_483_length_3442_cov_17.799880	3155	3220	89	4	65	0.0615385
NODE_483_length_3442_cov_17.799880	3155	3220	91	5	65	0.0769231
NODE_483_length_3442_cov_17.799880	3155	3220	93	2	65	0.0307692
NODE_483_length_3442_cov_17.799880	3155	3220	95	2	65	0.0307692
NODE_483_length_3442_cov_17.799880	3155	3220	101	3	65	0.0461538
NODE_483_length_3442_cov_17.799880	3155	3220	105	1	65	0.0153846
NODE_483_length_3442_cov_17.799880	3155	3220	107	2	65	0.0307692
NODE_483_length_3442_cov_17.799880	3155	3220	108	2	65	0.0307692
NODE_483_length_3442_cov_17.799880	3155	3220	109	1	65	0.0153846
NODE_483_length_3442_cov_17.799880	3155	3220	113	6	65	0.0923077
NODE_483_length_3442_cov_17.799880	3208	3273	105	1	65	0.0153846
NODE_483_length_3442_cov_17.799880	3208	3273	107	2	65	0.0307692
NODE_483_length_3442_cov_17.799880	3208	3273	108	2	65	0.0307692
NODE_483_length_3442_cov_17.799880	3208	3273	109	1	65	0.0153846
NODE_483_length_3442_cov_17.799880	3208	3273	113	6	65	0.0923077
NODE_483_length_3442_cov_17.799880	3208	3273	115	5	65	0.0769231
NODE_483_length_3442_cov_17.799880	3208	3273	117	6	65	0.0923077
NODE_483_length_3442_cov_17.799880	3208	3273	123	1	65	0.0153846
NODE_483_length_3442_cov_17.799880	3208	3273	125	7	65	0.1076923
NODE_483_length_3442_cov_17.799880	3208	3273	127	1	65	0.0153846
NODE_483_length_3442_cov_17.799880	3208	3273	129	7	65	0.1076923
NODE_483_length_3442_cov_17.799880	3208	3273	130	8	65	0.1230769
NODE_483_length_3442_cov_17.799880	3208	3273	132	7	65	0.1076923
NODE_483_length_3442_cov_17.799880	3208	3273	134	4	65	0.0615385
NODE_483_length_3442_cov_17.799880	3208	3273	136	2	65	0.0307692
NODE_483_length_3442_cov_17.799880	3208	3273	138	2	65	0.0307692
NODE_483_length_3442_cov_17.799880	3208	3273	139	3	65	0.0461538
NODE_486_length_3429_cov_5.070270	125	148	4	7	23	0.3043478
NODE_486_length_3429_cov_5.070270	125	148	6	14	23	0.6086956
NODE_486_length_3429_cov_5.070270	125	148	10	2	23	0.0869565
NODE_493_length_3408_cov_2.406769	0	45	0	45	45	1.0000000
NODE_495_length_3405_cov_44.930127	2683	2759	4	1	76	0.0131579
NODE_495_length_3405_cov_44.930127	2683	2759	6	13	76	0.1710526
NODE_495_length_3405_cov_44.930127	2683	2759	7	62	76	0.8157895
NODE_495_length_3405_cov_44.930127	3116	3164	2	48	48	1.0000000
NODE_496_length_3402_cov_28.961550	128	183	0	55	55	1.0000000
NODE_496_length_3402_cov_28.961550	3154	3234	89	1	80	0.0125000
NODE_496_length_3402_cov_28.961550	3154	3234	91	4	80	0.0500000
NODE_496_length_3402_cov_28.961550	3154	3234	92	2	80	0.0250000
NODE_496_length_3402_cov_28.961550	3154	3234	95	1	80	0.0125000
NODE_496_length_3402_cov_28.961550	3154	3234	97	6	80	0.0750000
NODE_496_length_3402_cov_28.961550	3154	3234	99	3	80	0.0375000
NODE_496_length_3402_cov_28.961550	3154	3234	100	1	80	0.0125000
NODE_496_length_3402_cov_28.961550	3154	3234	101	3	80	0.0375000
NODE_496_length_3402_cov_28.961550	3154	3234	103	7	80	0.0875000
NODE_496_length_3402_cov_28.961550	3154	3234	105	4	80	0.0500000
NODE_496_length_3402_cov_28.961550	3154	3234	106	2	80	0.0250000
NODE_496_length_3402_cov_28.961550	3154	3234	107	10	80	0.1250000
NODE_496_length_3402_cov_28.961550	3154	3234	108	1	80	0.0125000
NODE_496_length_3402_cov_28.961550	3154	3234	109	1	80	0.0125000
NODE_496_length_3402_cov_28.961550	3154	3234	111	3	80	0.0375000
NODE_496_length_3402_cov_28.961550	3154	3234	112	1	80	0.0125000
NODE_496_length_3402_cov_28.961550	3154	3234	113	1	80	0.0125000
NODE_496_length_3402_cov_28.961550	3154	3234	114	5	80	0.0625000
NODE_496_length_3402_cov_28.961550	3154	3234	115	1	80	0.0125000
NODE_496_length_3402_cov_28.961550	3154	3234	116	5	80	0.0625000
NODE_496_length_3402_cov_28.961550	3154	3234	117	18	80	0.2250000
NODE_496_length_3402_cov_28.961550	3207	3287	1	1	80	0.0125000
NODE_496_length_3402_cov_28.961550	3207	3287	4	1	80	0.0125000
NODE_496_length_3402_cov_28.961550	3207	3287	12	3	80	0.0375000
NODE_496_length_3402_cov_28.961550	3207	3287	14	2	80	0.0250000
NODE_496_length_3402_cov_28.961550	3207	3287	16	1	80	0.0125000
NODE_496_length_3402_cov_28.961550	3207	3287	20	2	80	0.0250000
NODE_496_length_3402_cov_28.961550	3207	3287	26	1	80	0.0125000
NODE_496_length_3402_cov_28.961550	3207	3287	30	3	80	0.0375000
NODE_496_length_3402_cov_28.961550	3207	3287	36	1	80	0.0125000
NODE_496_length_3402_cov_28.961550	3207	3287	38	3	80	0.0375000
NODE_496_length_3402_cov_28.961550	3207	3287	39	1	80	0.0125000
NODE_496_length_3402_cov_28.961550	3207	3287	41	3	80	0.0375000
NODE_496_length_3402_cov_28.961550	3207	3287	45	1	80	0.0125000
NODE_496_length_3402_cov_28.961550	3207	3287	49	1	80	0.0125000
NODE_496_length_3402_cov_28.961550	3207	3287	53	1	80	0.0125000
NODE_496_length_3402_cov_28.961550	3207	3287	54	7	80	0.0875000
NODE_496_length_3402_cov_28.961550	3207	3287	55	1	80	0.0125000
NODE_496_length_3402_cov_28.961550	3207	3287	59	1	80	0.0125000
NODE_496_length_3402_cov_28.961550	3207	3287	64	2	80	0.0250000
NODE_496_length_3402_cov_28.961550	3207	3287	66	1	80	0.0125000
NODE_496_length_3402_cov_28.961550	3207	3287	70	2	80	0.0250000
NODE_496_length_3402_cov_28.961550	3207	3287	72	5	80	0.0625000
NODE_496_length_3402_cov_28.961550	3207	3287	74	1	80	0.0125000
NODE_496_length_3402_cov_28.961550	3207	3287	78	2	80	0.0250000
NODE_496_length_3402_cov_28.961550	3207	3287	79	3	80	0.0375000
NODE_496_length_3402_cov_28.961550	3207	3287	82	1	80	0.0125000
NODE_496_length_3402_cov_28.961550	3207	3287	84	1	80	0.0125000
NODE_496_length_3402_cov_28.961550	3207	3287	86	1	80	0.0125000
NODE_496_length_3402_cov_28.961550	3207	3287	89	1	80	0.0125000
NODE_496_length_3402_cov_28.961550	3207	3287	91	4	80	0.0500000
NODE_496_length_3402_cov_28.961550	3207	3287	92	2	80	0.0250000
NODE_496_length_3402_cov_28.961550	3207	3287	95	1	80	0.0125000
NODE_496_length_3402_cov_28.961550	3207	3287	97	3	80	0.0375000
NODE_496_length_3402_cov_28.961550	3207	3287	100	1	80	0.0125000
NODE_496_length_3402_cov_28.961550	3207	3287	101	2	80	0.0250000
NODE_496_length_3402_cov_28.961550	3207	3287	106	2	80	0.0250000
NODE_496_length_3402_cov_28.961550	3207	3287	107	6	80	0.0750000
NODE_496_length_3402_cov_28.961550	3207	3287	109	1	80	0.0125000
NODE_496_length_3402_cov_28.961550	3207	3287	111	1	80	0.0125000
NODE_496_length_3402_cov_28.961550	3207	3287	112	1	80	0.0125000
NODE_496_length_3402_cov_28.961550	3207	3287	114	2	80	0.0250000
NODE_498_length_3393_cov_43.623558	1009	1075	49	1	66	0.0151515
NODE_498_length_3393_cov_43.623558	1009	1075	51	1	66	0.0151515
NODE_498_length_3393_cov_43.623558	1009	1075	56	10	66	0.1515152
NODE_498_length_3393_cov_43.623558	1009	1075	58	4	66	0.0606061
NODE_498_length_3393_cov_43.623558	1009	1075	60	6	66	0.0909091
NODE_498_length_3393_cov_43.623558	1009	1075	62	1	66	0.0151515
NODE_498_length_3393_cov_43.623558	1009	1075	63	2	66	0.0303030
NODE_498_length_3393_cov_43.623558	1009	1075	64	6	66	0.0909091
NODE_498_length_3393_cov_43.623558	1009	1075	65	10	66	0.1515152
NODE_498_length_3393_cov_43.623558	1009	1075	66	9	66	0.1363636
NODE_498_length_3393_cov_43.623558	1009	1075	67	4	66	0.0606061
NODE_498_length_3393_cov_43.623558	1009	1075	69	12	66	0.1818182
NODE_498_length_3393_cov_43.623558	1048	1128	30	1	80	0.0125000
NODE_498_length_3393_cov_43.623558	1048	1128	34	15	80	0.1875000
NODE_498_length_3393_cov_43.623558	1048	1128	38	15	80	0.1875000
NODE_498_length_3393_cov_43.623558	1048	1128	39	3	80	0.0375000
NODE_498_length_3393_cov_43.623558	1048	1128	40	2	80	0.0250000
NODE_498_length_3393_cov_43.623558	1048	1128	41	3	80	0.0375000
NODE_498_length_3393_cov_43.623558	1048	1128	43	3	80	0.0375000
NODE_498_length_3393_cov_43.623558	1048	1128	44	5	80	0.0625000
NODE_498_length_3393_cov_43.623558	1048	1128	46	1	80	0.0125000
NODE_498_length_3393_cov_43.623558	1048	1128	47	3	80	0.0375000
NODE_498_length_3393_cov_43.623558	1048	1128	49	3	80	0.0375000
NODE_498_length_3393_cov_43.623558	1048	1128	51	1	80	0.0125000
NODE_498_length_3393_cov_43.623558	1048	1128	56	1	80	0.0125000
NODE_498_length_3393_cov_43.623558	1048	1128	60	6	80	0.0750000
NODE_498_length_3393_cov_43.623558	1048	1128	62	1	80	0.0125000
NODE_498_length_3393_cov_43.623558	1048	1128	64	6	80	0.0750000
NODE_498_length_3393_cov_43.623558	1048	1128	65	3	80	0.0375000
NODE_498_length_3393_cov_43.623558	1048	1128	66	2	80	0.0250000
NODE_498_length_3393_cov_43.623558	1048	1128	69	6	80	0.0750000
NODE_498_length_3393_cov_43.623558	3086	3128	6	1	42	0.0238095
NODE_498_length_3393_cov_43.623558	3086	3128	12	2	42	0.0476190
NODE_498_length_3393_cov_43.623558	3086	3128	32	2	42	0.0476190
NODE_498_length_3393_cov_43.623558	3086	3128	40	1	42	0.0238095
NODE_498_length_3393_cov_43.623558	3086	3128	48	1	42	0.0238095
NODE_498_length_3393_cov_43.623558	3086	3128	52	3	42	0.0714286
NODE_498_length_3393_cov_43.623558	3086	3128	53	1	42	0.0238095
NODE_498_length_3393_cov_43.623558	3086	3128	55	3	42	0.0714286
NODE_498_length_3393_cov_43.623558	3086	3128	57	5	42	0.1190476
NODE_498_length_3393_cov_43.623558	3086	3128	61	1	42	0.0238095
NODE_498_length_3393_cov_43.623558	3086	3128	63	1	42	0.0238095
NODE_498_length_3393_cov_43.623558	3086	3128	65	1	42	0.0238095
NODE_498_length_3393_cov_43.623558	3086	3128	73	1	42	0.0238095
NODE_498_length_3393_cov_43.623558	3086	3128	74	2	42	0.0476190
NODE_498_length_3393_cov_43.623558	3086	3128	78	1	42	0.0238095
NODE_498_length_3393_cov_43.623558	3086	3128	81	1	42	0.0238095
NODE_498_length_3393_cov_43.623558	3086	3128	84	4	42	0.0952381
NODE_498_length_3393_cov_43.623558	3086	3128	86	1	42	0.0238095
NODE_498_length_3393_cov_43.623558	3086	3128	88	1	42	0.0238095
NODE_498_length_3393_cov_43.623558	3086	3128	90	2	42	0.0476190
NODE_498_length_3393_cov_43.623558	3086	3128	91	1	42	0.0238095
NODE_498_length_3393_cov_43.623558	3086	3128	92	2	42	0.0476190
NODE_498_length_3393_cov_43.623558	3086	3128	96	1	42	0.0238095
NODE_498_length_3393_cov_43.623558	3086	3128	100	1	42	0.0238095
NODE_498_length_3393_cov_43.623558	3086	3128	102	1	42	0.0238095
NODE_498_length_3393_cov_43.623558	3086	3128	104	1	42	0.0238095
NODE_498_length_3393_cov_43.623558	3293	3373	196	1	80	0.0125000
NODE_498_length_3393_cov_43.623558	3293	3373	199	1	80	0.0125000
NODE_498_length_3393_cov_43.623558	3293	3373	212	1	80	0.0125000
NODE_498_length_3393_cov_43.623558	3293	3373	220	1	80	0.0125000
NODE_498_length_3393_cov_43.623558	3293	3373	236	1	80	0.0125000
NODE_498_length_3393_cov_43.623558	3293	3373	243	1	80	0.0125000
NODE_498_length_3393_cov_43.623558	3293	3373	246	1	80	0.0125000
NODE_498_length_3393_cov_43.623558	3293	3373	249	1	80	0.0125000
NODE_498_length_3393_cov_43.623558	3293	3373	253	1	80	0.0125000
NODE_498_length_3393_cov_43.623558	3293	3373	259	1	80	0.0125000
NODE_498_length_3393_cov_43.623558	3293	3373	265	1	80	0.0125000
NODE_498_length_3393_cov_43.623558	3293	3373	269	1	80	0.0125000
NODE_498_length_3393_cov_43.623558	3293	3373	286	1	80	0.0125000
NODE_498_length_3393_cov_43.623558	3293	3373	295	1	80	0.0125000
NODE_498_length_3393_cov_43.623558	3293	3373	297	2	80	0.0250000
NODE_498_length_3393_cov_43.623558	3293	3373	308	1	80	0.0125000
NODE_498_length_3393_cov_43.623558	3293	3373	325	1	80	0.0125000
NODE_498_length_3393_cov_43.623558	3293	3373	339	2	80	0.0250000
NODE_498_length_3393_cov_43.623558	3293	3373	354	1	80	0.0125000
NODE_498_length_3393_cov_43.623558	3293	3373	368	1	80	0.0125000
NODE_498_length_3393_cov_43.623558	3293	3373	370	1	80	0.0125000
NODE_498_length_3393_cov_43.623558	3293	3373	373	1	80	0.0125000
NODE_498_length_3393_cov_43.623558	3293	3373	387	1	80	0.0125000
NODE_498_length_3393_cov_43.623558	3293	3373	392	1	80	0.0125000
NODE_498_length_3393_cov_43.623558	3293	3373	396	1	80	0.0125000
NODE_498_length_3393_cov_43.623558	3293	3373	404	2	80	0.0250000
NODE_498_length_3393_cov_43.623558	3293	3373	405	3	80	0.0375000
NODE_498_length_3393_cov_43.623558	3293	3373	410	3	80	0.0375000
NODE_498_length_3393_cov_43.623558	3293	3373	414	1	80	0.0125000
NODE_498_length_3393_cov_43.623558	3293	3373	419	1	80	0.0125000
NODE_498_length_3393_cov_43.623558	3293	3373	429	1	80	0.0125000
NODE_498_length_3393_cov_43.623558	3293	3373	433	2	80	0.0250000
NODE_498_length_3393_cov_43.623558	3293	3373	437	1	80	0.0125000
NODE_498_length_3393_cov_43.623558	3293	3373	440	1	80	0.0125000
NODE_498_length_3393_cov_43.623558	3293	3373	442	1	80	0.0125000
NODE_498_length_3393_cov_43.623558	3293	3373	445	3	80	0.0375000
NODE_498_length_3393_cov_43.623558	3293	3373	449	1	80	0.0125000
NODE_498_length_3393_cov_43.623558	3293	3373	450	1	80	0.0125000
NODE_498_length_3393_cov_43.623558	3293	3373	452	1	80	0.0125000
NODE_498_length_3393_cov_43.623558	3293	3373	455	3	80	0.0375000
NODE_498_length_3393_cov_43.623558	3293	3373	467	3	80	0.0375000
NODE_498_length_3393_cov_43.623558	3293	3373	471	1	80	0.0125000
NODE_498_length_3393_cov_43.623558	3293	3373	472	1	80	0.0125000
NODE_498_length_3393_cov_43.623558	3293	3373	475	1	80	0.0125000
NODE_498_length_3393_cov_43.623558	3293	3373	481	1	80	0.0125000
NODE_498_length_3393_cov_43.623558	3293	3373	483	1	80	0.0125000
NODE_498_length_3393_cov_43.623558	3293	3373	484	2	80	0.0250000
NODE_498_length_3393_cov_43.623558	3293	3373	487	1	80	0.0125000
NODE_498_length_3393_cov_43.623558	3293	3373	489	2	80	0.0250000
NODE_498_length_3393_cov_43.623558	3293	3373	491	1	80	0.0125000
NODE_498_length_3393_cov_43.623558	3293	3373	492	1	80	0.0125000
NODE_498_length_3393_cov_43.623558	3293	3373	498	2	80	0.0250000
NODE_498_length_3393_cov_43.623558	3293	3373	502	2	80	0.0250000
NODE_498_length_3393_cov_43.623558	3293	3373	503	1	80	0.0125000
NODE_498_length_3393_cov_43.623558	3293	3373	506	1	80	0.0125000
NODE_498_length_3393_cov_43.623558	3293	3373	507	1	80	0.0125000
NODE_498_length_3393_cov_43.623558	3293	3373	513	1	80	0.0125000
NODE_498_length_3393_cov_43.623558	3293	3373	517	2	80	0.0250000
NODE_498_length_3393_cov_43.623558	3293	3373	520	3	80	0.0375000
NODE_499_length_3392_cov_41.514728	255	335	7	6	80	0.0750000
NODE_499_length_3392_cov_41.514728	255	335	9	4	80	0.0500000
NODE_499_length_3392_cov_41.514728	255	335	15	5	80	0.0625000
NODE_499_length_3392_cov_41.514728	255	335	17	4	80	0.0500000
NODE_499_length_3392_cov_41.514728	255	335	20	2	80	0.0250000
NODE_499_length_3392_cov_41.514728	255	335	21	9	80	0.1125000
NODE_499_length_3392_cov_41.514728	255	335	22	22	80	0.2750000
NODE_499_length_3392_cov_41.514728	255	335	24	28	80	0.3500000
NODE_499_length_3392_cov_41.514728	308	388	13	14	80	0.1750000
NODE_499_length_3392_cov_41.514728	308	388	17	4	80	0.0500000
NODE_499_length_3392_cov_41.514728	308	388	19	5	80	0.0625000
NODE_499_length_3392_cov_41.514728	308	388	22	16	80	0.2000000
NODE_499_length_3392_cov_41.514728	308	388	24	41	80	0.5125000
NODE_499_length_3392_cov_41.514728	917	997	177	1	80	0.0125000
NODE_499_length_3392_cov_41.514728	917	997	180	1	80	0.0125000
NODE_499_length_3392_cov_41.514728	917	997	188	1	80	0.0125000
NODE_499_length_3392_cov_41.514728	917	997	193	1	80	0.0125000
NODE_499_length_3392_cov_41.514728	917	997	195	1	80	0.0125000
NODE_499_length_3392_cov_41.514728	917	997	197	1	80	0.0125000
NODE_499_length_3392_cov_41.514728	917	997	204	1	80	0.0125000
NODE_499_length_3392_cov_41.514728	917	997	207	1	80	0.0125000
NODE_499_length_3392_cov_41.514728	917	997	214	2	80	0.0250000
NODE_499_length_3392_cov_41.514728	917	997	224	1	80	0.0125000
NODE_499_length_3392_cov_41.514728	917	997	231	1	80	0.0125000
NODE_499_length_3392_cov_41.514728	917	997	242	1	80	0.0125000
NODE_499_length_3392_cov_41.514728	917	997	253	1	80	0.0125000
NODE_499_length_3392_cov_41.514728	917	997	265	1	80	0.0125000
NODE_499_length_3392_cov_41.514728	917	997	273	1	80	0.0125000
NODE_499_length_3392_cov_41.514728	917	997	275	1	80	0.0125000
NODE_499_length_3392_cov_41.514728	917	997	287	1	80	0.0125000
NODE_499_length_3392_cov_41.514728	917	997	302	1	80	0.0125000
NODE_499_length_3392_cov_41.514728	917	997	322	1	80	0.0125000
NODE_499_length_3392_cov_41.514728	917	997	338	2	80	0.0250000
NODE_499_length_3392_cov_41.514728	917	997	344	1	80	0.0125000
NODE_499_length_3392_cov_41.514728	917	997	346	2	80	0.0250000
NODE_499_length_3392_cov_41.514728	917	997	348	2	80	0.0250000
NODE_499_length_3392_cov_41.514728	917	997	353	1	80	0.0125000
NODE_499_length_3392_cov_41.514728	917	997	354	1	80	0.0125000
NODE_499_length_3392_cov_41.514728	917	997	358	1	80	0.0125000
NODE_499_length_3392_cov_41.514728	917	997	360	1	80	0.0125000
NODE_499_length_3392_cov_41.514728	917	997	362	5	80	0.0625000
NODE_499_length_3392_cov_41.514728	917	997	366	1	80	0.0125000
NODE_499_length_3392_cov_41.514728	917	997	367	2	80	0.0250000
NODE_499_length_3392_cov_41.514728	917	997	368	2	80	0.0250000
NODE_499_length_3392_cov_41.514728	917	997	369	2	80	0.0250000
NODE_499_length_3392_cov_41.514728	917	997	370	4	80	0.0500000
NODE_499_length_3392_cov_41.514728	917	997	371	8	80	0.1000000
NODE_499_length_3392_cov_41.514728	917	997	372	2	80	0.0250000
NODE_499_length_3392_cov_41.514728	917	997	374	1	80	0.0125000
NODE_499_length_3392_cov_41.514728	917	997	376	3	80	0.0375000
NODE_499_length_3392_cov_41.514728	917	997	377	2	80	0.0250000
NODE_499_length_3392_cov_41.514728	917	997	378	2	80	0.0250000
NODE_499_length_3392_cov_41.514728	917	997	379	1	80	0.0125000
NODE_499_length_3392_cov_41.514728	917	997	380	3	80	0.0375000
NODE_499_length_3392_cov_41.514728	917	997	381	6	80	0.0750000
NODE_499_length_3392_cov_41.514728	917	997	383	5	80	0.0625000
NODE_499_length_3392_cov_41.514728	970	1053	31	1	83	0.0120482
NODE_499_length_3392_cov_41.514728	970	1053	33	2	83	0.0240964
NODE_499_length_3392_cov_41.514728	970	1053	38	1	83	0.0120482
NODE_499_length_3392_cov_41.514728	970	1053	43	2	83	0.0240964
NODE_499_length_3392_cov_41.514728	970	1053	48	1	83	0.0120482
NODE_499_length_3392_cov_41.514728	970	1053	52	2	83	0.0240964
NODE_499_length_3392_cov_41.514728	970	1053	54	1	83	0.0120482
NODE_499_length_3392_cov_41.514728	970	1053	57	1	83	0.0120482
NODE_499_length_3392_cov_41.514728	970	1053	58	1	83	0.0120482
NODE_499_length_3392_cov_41.514728	970	1053	59	1	83	0.0120482
NODE_499_length_3392_cov_41.514728	970	1053	60	1	83	0.0120482
NODE_499_length_3392_cov_41.514728	970	1053	63	2	83	0.0240964
NODE_499_length_3392_cov_41.514728	970	1053	69	2	83	0.0240964
NODE_499_length_3392_cov_41.514728	970	1053	71	5	83	0.0602410
NODE_499_length_3392_cov_41.514728	970	1053	75	4	83	0.0481928
NODE_499_length_3392_cov_41.514728	970	1053	81	2	83	0.0240964
NODE_499_length_3392_cov_41.514728	970	1053	87	1	83	0.0120482
NODE_499_length_3392_cov_41.514728	970	1053	93	1	83	0.0120482
NODE_499_length_3392_cov_41.514728	970	1053	95	1	83	0.0120482
NODE_499_length_3392_cov_41.514728	970	1053	99	1	83	0.0120482
NODE_499_length_3392_cov_41.514728	970	1053	103	2	83	0.0240964
NODE_499_length_3392_cov_41.514728	970	1053	105	2	83	0.0240964
NODE_499_length_3392_cov_41.514728	970	1053	108	1	83	0.0120482
NODE_499_length_3392_cov_41.514728	970	1053	109	2	83	0.0240964
NODE_499_length_3392_cov_41.514728	970	1053	113	1	83	0.0120482
NODE_499_length_3392_cov_41.514728	970	1053	117	2	83	0.0240964
NODE_499_length_3392_cov_41.514728	970	1053	121	1	83	0.0120482
NODE_499_length_3392_cov_41.514728	970	1053	123	1	83	0.0120482
NODE_499_length_3392_cov_41.514728	970	1053	125	1	83	0.0120482
NODE_499_length_3392_cov_41.514728	970	1053	127	2	83	0.0240964
NODE_499_length_3392_cov_41.514728	970	1053	133	1	83	0.0120482
NODE_499_length_3392_cov_41.514728	970	1053	139	1	83	0.0120482
NODE_499_length_3392_cov_41.514728	970	1053	140	1	83	0.0120482
NODE_499_length_3392_cov_41.514728	970	1053	144	1	83	0.0120482
NODE_499_length_3392_cov_41.514728	970	1053	148	1	83	0.0120482
NODE_499_length_3392_cov_41.514728	970	1053	151	1	83	0.0120482
NODE_499_length_3392_cov_41.514728	970	1053	162	1	83	0.0120482
NODE_499_length_3392_cov_41.514728	970	1053	172	1	83	0.0120482
NODE_499_length_3392_cov_41.514728	970	1053	177	1	83	0.0120482
NODE_499_length_3392_cov_41.514728	970	1053	180	1	83	0.0120482
NODE_499_length_3392_cov_41.514728	970	1053	188	1	83	0.0120482
NODE_499_length_3392_cov_41.514728	970	1053	193	1	83	0.0120482
NODE_499_length_3392_cov_41.514728	970	1053	195	1	83	0.0120482
NODE_499_length_3392_cov_41.514728	970	1053	197	1	83	0.0120482
NODE_499_length_3392_cov_41.514728	970	1053	204	1	83	0.0120482
NODE_499_length_3392_cov_41.514728	970	1053	207	1	83	0.0120482
NODE_499_length_3392_cov_41.514728	970	1053	214	2	83	0.0240964
NODE_499_length_3392_cov_41.514728	970	1053	224	1	83	0.0120482
NODE_499_length_3392_cov_41.514728	970	1053	231	1	83	0.0120482
NODE_499_length_3392_cov_41.514728	970	1053	242	1	83	0.0120482
NODE_499_length_3392_cov_41.514728	970	1053	253	1	83	0.0120482
NODE_499_length_3392_cov_41.514728	970	1053	265	1	83	0.0120482
NODE_499_length_3392_cov_41.514728	970	1053	273	1	83	0.0120482
NODE_499_length_3392_cov_41.514728	970	1053	275	1	83	0.0120482
NODE_499_length_3392_cov_41.514728	970	1053	287	1	83	0.0120482
NODE_499_length_3392_cov_41.514728	970	1053	302	1	83	0.0120482
NODE_499_length_3392_cov_41.514728	970	1053	322	1	83	0.0120482
NODE_499_length_3392_cov_41.514728	970	1053	338	2	83	0.0240964
NODE_499_length_3392_cov_41.514728	970	1053	344	1	83	0.0120482
NODE_499_length_3392_cov_41.514728	970	1053	346	2	83	0.0240964
NODE_499_length_3392_cov_41.514728	970	1053	348	2	83	0.0240964
NODE_501_length_3389_cov_8.244073	2159	2239	0	33	80	0.4125000
NODE_501_length_3389_cov_8.244073	2159	2239	6	47	80	0.5875000
NODE_501_length_3389_cov_8.244073	2212	2292	6	80	80	1.0000000
NODE_506_length_3363_cov_4.412684	56	124	24	1	68	0.0147059
NODE_506_length_3363_cov_4.412684	56	124	26	1	68	0.0147059
NODE_506_length_3363_cov_4.412684	56	124	28	1	68	0.0147059
NODE_506_length_3363_cov_4.412684	56	124	32	1	68	0.0147059
NODE_506_length_3363_cov_4.412684	56	124	36	1	68	0.0147059
NODE_506_length_3363_cov_4.412684	56	124	38	1	68	0.0147059
NODE_506_length_3363_cov_4.412684	56	124	40	2	68	0.0294118
NODE_506_length_3363_cov_4.412684	56	124	42	1	68	0.0147059
NODE_506_length_3363_cov_4.412684	56	124	46	1	68	0.0147059
NODE_506_length_3363_cov_4.412684	56	124	48	1	68	0.0147059
NODE_506_length_3363_cov_4.412684	56	124	52	2	68	0.0294118
NODE_506_length_3363_cov_4.412684	56	124	54	1	68	0.0147059
NODE_506_length_3363_cov_4.412684	56	124	58	1	68	0.0147059
NODE_506_length_3363_cov_4.412684	56	124	60	3	68	0.0441176
NODE_506_length_3363_cov_4.412684	56	124	62	1	68	0.0147059
NODE_506_length_3363_cov_4.412684	56	124	64	2	68	0.0294118
NODE_506_length_3363_cov_4.412684	56	124	66	47	68	0.6911765
NODE_510_length_3353_cov_2.687462	0	61	0	24	61	0.3934426
NODE_510_length_3353_cov_2.687462	0	61	2	37	61	0.6065574
NODE_510_length_3353_cov_2.687462	0	61	0	24	61	0.3934426
NODE_510_length_3353_cov_2.687462	0	61	2	37	61	0.6065574
NODE_510_length_3353_cov_2.687462	34	99	2	65	65	1.0000000
NODE_513_length_3348_cov_243.959372	2473	2553	260	1	80	0.0125000
NODE_513_length_3348_cov_243.959372	2473	2553	263	1	80	0.0125000
NODE_513_length_3348_cov_243.959372	2473	2553	273	1	80	0.0125000
NODE_513_length_3348_cov_243.959372	2473	2553	276	1	80	0.0125000
NODE_513_length_3348_cov_243.959372	2473	2553	280	1	80	0.0125000
NODE_513_length_3348_cov_243.959372	2473	2553	286	1	80	0.0125000
NODE_513_length_3348_cov_243.959372	2473	2553	292	1	80	0.0125000
NODE_513_length_3348_cov_243.959372	2473	2553	296	1	80	0.0125000
NODE_513_length_3348_cov_243.959372	2473	2553	298	1	80	0.0125000
NODE_513_length_3348_cov_243.959372	2473	2553	302	2	80	0.0250000
NODE_513_length_3348_cov_243.959372	2473	2553	303	1	80	0.0125000
NODE_513_length_3348_cov_243.959372	2473	2553	304	2	80	0.0250000
NODE_513_length_3348_cov_243.959372	2473	2553	306	1	80	0.0125000
NODE_513_length_3348_cov_243.959372	2473	2553	309	1	80	0.0125000
NODE_513_length_3348_cov_243.959372	2473	2553	312	1	80	0.0125000
NODE_513_length_3348_cov_243.959372	2473	2553	317	2	80	0.0250000
NODE_513_length_3348_cov_243.959372	2473	2553	327	1	80	0.0125000
NODE_513_length_3348_cov_243.959372	2473	2553	336	1	80	0.0125000
NODE_513_length_3348_cov_243.959372	2473	2553	340	1	80	0.0125000
NODE_513_length_3348_cov_243.959372	2473	2553	348	1	80	0.0125000
NODE_513_length_3348_cov_243.959372	2473	2553	353	1	80	0.0125000
NODE_513_length_3348_cov_243.959372	2473	2553	357	1	80	0.0125000
NODE_513_length_3348_cov_243.959372	2473	2553	365	2	80	0.0250000
NODE_513_length_3348_cov_243.959372	2473	2553	367	1	80	0.0125000
NODE_513_length_3348_cov_243.959372	2473	2553	371	1	80	0.0125000
NODE_513_length_3348_cov_243.959372	2473	2553	376	1	80	0.0125000
NODE_513_length_3348_cov_243.959372	2473	2553	377	1	80	0.0125000
NODE_513_length_3348_cov_243.959372	2473	2553	384	1	80	0.0125000
NODE_513_length_3348_cov_243.959372	2473	2553	388	1	80	0.0125000
NODE_513_length_3348_cov_243.959372	2473	2553	391	1	80	0.0125000
NODE_513_length_3348_cov_243.959372	2473	2553	392	1	80	0.0125000
NODE_513_length_3348_cov_243.959372	2473	2553	394	2	80	0.0250000
NODE_513_length_3348_cov_243.959372	2473	2553	395	4	80	0.0500000
NODE_513_length_3348_cov_243.959372	2473	2553	396	1	80	0.0125000
NODE_513_length_3348_cov_243.959372	2473	2553	397	2	80	0.0250000
NODE_513_length_3348_cov_243.959372	2473	2553	399	1	80	0.0125000
NODE_513_length_3348_cov_243.959372	2473	2553	400	1	80	0.0125000
NODE_513_length_3348_cov_243.959372	2473	2553	401	1	80	0.0125000
NODE_513_length_3348_cov_243.959372	2473	2553	402	1	80	0.0125000
NODE_513_length_3348_cov_243.959372	2473	2553	404	1	80	0.0125000
NODE_513_length_3348_cov_243.959372	2473	2553	409	1	80	0.0125000
NODE_513_length_3348_cov_243.959372	2473	2553	419	1	80	0.0125000
NODE_513_length_3348_cov_243.959372	2473	2553	435	1	80	0.0125000
NODE_513_length_3348_cov_243.959372	2473	2553	442	1	80	0.0125000
NODE_513_length_3348_cov_243.959372	2473	2553	443	1	80	0.0125000
NODE_513_length_3348_cov_243.959372	2473	2553	452	1	80	0.0125000
NODE_513_length_3348_cov_243.959372	2473	2553	454	1	80	0.0125000
NODE_513_length_3348_cov_243.959372	2473	2553	462	1	80	0.0125000
NODE_513_length_3348_cov_243.959372	2473	2553	464	1	80	0.0125000
NODE_513_length_3348_cov_243.959372	2473	2553	469	1	80	0.0125000
NODE_513_length_3348_cov_243.959372	2473	2553	474	1	80	0.0125000
NODE_513_length_3348_cov_243.959372	2473	2553	475	1	80	0.0125000
NODE_513_length_3348_cov_243.959372	2473	2553	476	1	80	0.0125000
NODE_513_length_3348_cov_243.959372	2473	2553	477	1	80	0.0125000
NODE_513_length_3348_cov_243.959372	2473	2553	481	1	80	0.0125000
NODE_513_length_3348_cov_243.959372	2473	2553	484	1	80	0.0125000
NODE_513_length_3348_cov_243.959372	2473	2553	485	1	80	0.0125000
NODE_513_length_3348_cov_243.959372	2473	2553	488	1	80	0.0125000
NODE_513_length_3348_cov_243.959372	2473	2553	492	1	80	0.0125000
NODE_513_length_3348_cov_243.959372	2473	2553	494	1	80	0.0125000
NODE_513_length_3348_cov_243.959372	2473	2553	496	1	80	0.0125000
NODE_513_length_3348_cov_243.959372	2473	2553	498	1	80	0.0125000
NODE_513_length_3348_cov_243.959372	2473	2553	500	1	80	0.0125000
NODE_513_length_3348_cov_243.959372	2473	2553	502	4	80	0.0500000
NODE_513_length_3348_cov_243.959372	2473	2553	503	3	80	0.0375000
NODE_513_length_3348_cov_243.959372	2473	2553	504	1	80	0.0125000
NODE_513_length_3348_cov_243.959372	2526	2606	326	1	80	0.0125000
NODE_513_length_3348_cov_243.959372	2526	2606	330	1	80	0.0125000
NODE_513_length_3348_cov_243.959372	2526	2606	338	1	80	0.0125000
NODE_513_length_3348_cov_243.959372	2526	2606	342	1	80	0.0125000
NODE_513_length_3348_cov_243.959372	2526	2606	348	1	80	0.0125000
NODE_513_length_3348_cov_243.959372	2526	2606	350	1	80	0.0125000
NODE_513_length_3348_cov_243.959372	2526	2606	356	1	80	0.0125000
NODE_513_length_3348_cov_243.959372	2526	2606	359	1	80	0.0125000
NODE_513_length_3348_cov_243.959372	2526	2606	361	1	80	0.0125000
NODE_513_length_3348_cov_243.959372	2526	2606	362	1	80	0.0125000
NODE_513_length_3348_cov_243.959372	2526	2606	363	3	80	0.0375000
NODE_513_length_3348_cov_243.959372	2526	2606	365	2	80	0.0250000
NODE_513_length_3348_cov_243.959372	2526	2606	369	1	80	0.0125000
NODE_513_length_3348_cov_243.959372	2526	2606	376	1	80	0.0125000
NODE_513_length_3348_cov_243.959372	2526	2606	384	1	80	0.0125000
NODE_513_length_3348_cov_243.959372	2526	2606	386	1	80	0.0125000
NODE_513_length_3348_cov_243.959372	2526	2606	391	1	80	0.0125000
NODE_513_length_3348_cov_243.959372	2526	2606	395	1	80	0.0125000
NODE_513_length_3348_cov_243.959372	2526	2606	405	1	80	0.0125000
NODE_513_length_3348_cov_243.959372	2526	2606	410	1	80	0.0125000
NODE_513_length_3348_cov_243.959372	2526	2606	428	1	80	0.0125000
NODE_513_length_3348_cov_243.959372	2526	2606	441	3	80	0.0375000
NODE_513_length_3348_cov_243.959372	2526	2606	443	1	80	0.0125000
NODE_513_length_3348_cov_243.959372	2526	2606	447	1	80	0.0125000
NODE_513_length_3348_cov_243.959372	2526	2606	452	1	80	0.0125000
NODE_513_length_3348_cov_243.959372	2526	2606	454	1	80	0.0125000
NODE_513_length_3348_cov_243.959372	2526	2606	455	1	80	0.0125000
NODE_513_length_3348_cov_243.959372	2526	2606	458	1	80	0.0125000
NODE_513_length_3348_cov_243.959372	2526	2606	462	1	80	0.0125000
NODE_513_length_3348_cov_243.959372	2526	2606	464	1	80	0.0125000
NODE_513_length_3348_cov_243.959372	2526	2606	467	1	80	0.0125000
NODE_513_length_3348_cov_243.959372	2526	2606	469	3	80	0.0375000
NODE_513_length_3348_cov_243.959372	2526	2606	472	1	80	0.0125000
NODE_513_length_3348_cov_243.959372	2526	2606	473	1	80	0.0125000
NODE_513_length_3348_cov_243.959372	2526	2606	474	1	80	0.0125000
NODE_513_length_3348_cov_243.959372	2526	2606	475	2	80	0.0250000
NODE_513_length_3348_cov_243.959372	2526	2606	476	2	80	0.0250000
NODE_513_length_3348_cov_243.959372	2526	2606	477	1	80	0.0125000
NODE_513_length_3348_cov_243.959372	2526	2606	481	3	80	0.0375000
NODE_513_length_3348_cov_243.959372	2526	2606	484	1	80	0.0125000
NODE_513_length_3348_cov_243.959372	2526	2606	485	1	80	0.0125000
NODE_513_length_3348_cov_243.959372	2526	2606	488	1	80	0.0125000
NODE_513_length_3348_cov_243.959372	2526	2606	491	2	80	0.0250000
NODE_513_length_3348_cov_243.959372	2526	2606	492	1	80	0.0125000
NODE_513_length_3348_cov_243.959372	2526	2606	493	1	80	0.0125000
NODE_513_length_3348_cov_243.959372	2526	2606	494	4	80	0.0500000
NODE_513_length_3348_cov_243.959372	2526	2606	496	1	80	0.0125000
NODE_513_length_3348_cov_243.959372	2526	2606	498	3	80	0.0375000
NODE_513_length_3348_cov_243.959372	2526	2606	499	1	80	0.0125000
NODE_513_length_3348_cov_243.959372	2526	2606	500	2	80	0.0250000
NODE_513_length_3348_cov_243.959372	2526	2606	501	1	80	0.0125000
NODE_513_length_3348_cov_243.959372	2526	2606	502	5	80	0.0625000
NODE_513_length_3348_cov_243.959372	2526	2606	503	4	80	0.0500000
NODE_513_length_3348_cov_243.959372	2526	2606	504	2	80	0.0250000
NODE_514_length_3348_cov_31.953216	103	183	2	2	80	0.0250000
NODE_514_length_3348_cov_31.953216	103	183	8	15	80	0.1875000
NODE_514_length_3348_cov_31.953216	103	183	10	10	80	0.1250000
NODE_514_length_3348_cov_31.953216	103	183	12	3	80	0.0375000
NODE_514_length_3348_cov_31.953216	103	183	16	14	80	0.1750000
NODE_514_length_3348_cov_31.953216	103	183	18	34	80	0.4250000
NODE_514_length_3348_cov_31.953216	103	183	20	2	80	0.0250000
NODE_514_length_3348_cov_31.953216	105	179	8	15	74	0.2027027
NODE_514_length_3348_cov_31.953216	105	179	10	10	74	0.1351351
NODE_514_length_3348_cov_31.953216	105	179	12	3	74	0.0405405
NODE_514_length_3348_cov_31.953216	105	179	16	14	74	0.1891892
NODE_514_length_3348_cov_31.953216	105	179	18	32	74	0.4324324
NODE_514_length_3348_cov_31.953216	156	236	10	6	80	0.0750000
NODE_514_length_3348_cov_31.953216	156	236	16	12	80	0.1500000
NODE_514_length_3348_cov_31.953216	156	236	18	27	80	0.3375000
NODE_514_length_3348_cov_31.953216	156	236	20	35	80	0.4375000
NODE_514_length_3348_cov_31.953216	156	236	10	6	80	0.0750000
NODE_514_length_3348_cov_31.953216	156	236	16	12	80	0.1500000
NODE_514_length_3348_cov_31.953216	156	236	18	27	80	0.3375000
NODE_514_length_3348_cov_31.953216	156	236	20	35	80	0.4375000
NODE_514_length_3348_cov_31.953216	2405	2476	31	1	71	0.0140845
NODE_514_length_3348_cov_31.953216	2405	2476	33	1	71	0.0140845
NODE_514_length_3348_cov_31.953216	2405	2476	35	1	71	0.0140845
NODE_514_length_3348_cov_31.953216	2405	2476	41	1	71	0.0140845
NODE_514_length_3348_cov_31.953216	2405	2476	45	1	71	0.0140845
NODE_514_length_3348_cov_31.953216	2405	2476	47	2	71	0.0281690
NODE_514_length_3348_cov_31.953216	2405	2476	49	1	71	0.0140845
NODE_514_length_3348_cov_31.953216	2405	2476	51	1	71	0.0140845
NODE_514_length_3348_cov_31.953216	2405	2476	58	1	71	0.0140845
NODE_514_length_3348_cov_31.953216	2405	2476	60	1	71	0.0140845
NODE_514_length_3348_cov_31.953216	2405	2476	63	2	71	0.0281690
NODE_514_length_3348_cov_31.953216	2405	2476	65	3	71	0.0422535
NODE_514_length_3348_cov_31.953216	2405	2476	68	3	71	0.0422535
NODE_514_length_3348_cov_31.953216	2405	2476	69	2	71	0.0281690
NODE_514_length_3348_cov_31.953216	2405	2476	71	4	71	0.0563380
NODE_514_length_3348_cov_31.953216	2405	2476	73	1	71	0.0140845
NODE_514_length_3348_cov_31.953216	2405	2476	75	1	71	0.0140845
NODE_514_length_3348_cov_31.953216	2405	2476	77	3	71	0.0422535
NODE_514_length_3348_cov_31.953216	2405	2476	79	2	71	0.0281690
NODE_514_length_3348_cov_31.953216	2405	2476	81	2	71	0.0281690
NODE_514_length_3348_cov_31.953216	2405	2476	83	4	71	0.0563380
NODE_514_length_3348_cov_31.953216	2405	2476	92	2	71	0.0281690
NODE_514_length_3348_cov_31.953216	2405	2476	93	1	71	0.0140845
NODE_514_length_3348_cov_31.953216	2405	2476	96	1	71	0.0140845
NODE_514_length_3348_cov_31.953216	2405	2476	99	1	71	0.0140845
NODE_514_length_3348_cov_31.953216	2405	2476	100	4	71	0.0563380
NODE_514_length_3348_cov_31.953216	2405	2476	102	3	71	0.0422535
NODE_514_length_3348_cov_31.953216	2405	2476	104	1	71	0.0140845
NODE_514_length_3348_cov_31.953216	2405	2476	105	1	71	0.0140845
NODE_514_length_3348_cov_31.953216	2405	2476	108	11	71	0.1549296
NODE_514_length_3348_cov_31.953216	2405	2476	109	1	71	0.0140845
NODE_514_length_3348_cov_31.953216	2405	2476	110	1	71	0.0140845
NODE_514_length_3348_cov_31.953216	2405	2476	114	1	71	0.0140845
NODE_514_length_3348_cov_31.953216	2405	2476	119	2	71	0.0281690
NODE_514_length_3348_cov_31.953216	2405	2476	123	2	71	0.0281690
NODE_514_length_3348_cov_31.953216	2405	2476	124	1	71	0.0140845
NODE_514_length_3348_cov_31.953216	2458	2529	107	2	71	0.0281690
NODE_514_length_3348_cov_31.953216	2458	2529	108	11	71	0.1549296
NODE_514_length_3348_cov_31.953216	2458	2529	110	1	71	0.0140845
NODE_514_length_3348_cov_31.953216	2458	2529	114	8	71	0.1126761
NODE_514_length_3348_cov_31.953216	2458	2529	116	2	71	0.0281690
NODE_514_length_3348_cov_31.953216	2458	2529	118	1	71	0.0140845
NODE_514_length_3348_cov_31.953216	2458	2529	119	2	71	0.0281690
NODE_514_length_3348_cov_31.953216	2458	2529	120	1	71	0.0140845
NODE_514_length_3348_cov_31.953216	2458	2529	121	1	71	0.0140845
NODE_514_length_3348_cov_31.953216	2458	2529	122	1	71	0.0140845
NODE_514_length_3348_cov_31.953216	2458	2529	123	3	71	0.0422535
NODE_514_length_3348_cov_31.953216	2458	2529	124	2	71	0.0281690
NODE_514_length_3348_cov_31.953216	2458	2529	125	5	71	0.0704225
NODE_514_length_3348_cov_31.953216	2458	2529	126	2	71	0.0281690
NODE_514_length_3348_cov_31.953216	2458	2529	127	3	71	0.0422535
NODE_514_length_3348_cov_31.953216	2458	2529	128	5	71	0.0704225
NODE_514_length_3348_cov_31.953216	2458	2529	130	6	71	0.0845070
NODE_514_length_3348_cov_31.953216	2458	2529	132	2	71	0.0281690
NODE_514_length_3348_cov_31.953216	2458	2529	133	2	71	0.0281690
NODE_514_length_3348_cov_31.953216	2458	2529	134	4	71	0.0563380
NODE_514_length_3348_cov_31.953216	2458	2529	136	7	71	0.0985916
NODE_517_length_3335_cov_19.649567	2100	2180	4	14	80	0.1750000
NODE_517_length_3335_cov_19.649567	2100	2180	6	34	80	0.4250000
NODE_517_length_3335_cov_19.649567	2100	2180	8	32	80	0.4000000
NODE_517_length_3335_cov_19.649567	2153	2233	2	10	80	0.1250000
NODE_517_length_3335_cov_19.649567	2153	2233	4	12	80	0.1500000
NODE_517_length_3335_cov_19.649567	2153	2233	6	13	80	0.1625000
NODE_517_length_3335_cov_19.649567	2153	2233	8	45	80	0.5625000
NODE_517_length_3335_cov_19.649567	2229	2309	4	66	80	0.8250000
NODE_517_length_3335_cov_19.649567	2229	2309	6	14	80	0.1750000
NODE_517_length_3335_cov_19.649567	2282	2362	2	49	80	0.6125000
NODE_517_length_3335_cov_19.649567	2282	2362	4	31	80	0.3875000
NODE_518_length_3333_cov_24.805504	734	814	2	80	80	1.0000000
NODE_518_length_3333_cov_24.805504	787	867	0	53	80	0.6625000
NODE_518_length_3333_cov_24.805504	787	867	2	27	80	0.3375000
NODE_523_length_3312_cov_6.996576	85	165	4	30	80	0.3750000
NODE_523_length_3312_cov_6.996576	85	165	10	13	80	0.1625000
NODE_523_length_3312_cov_6.996576	85	165	12	4	80	0.0500000
NODE_523_length_3312_cov_6.996576	85	165	13	1	80	0.0125000
NODE_523_length_3312_cov_6.996576	85	165	14	9	80	0.1125000
NODE_523_length_3312_cov_6.996576	85	165	16	23	80	0.2875000
NODE_523_length_3312_cov_6.996576	138	218	14	4	80	0.0500000
NODE_523_length_3312_cov_6.996576	138	218	16	76	80	0.9500000
NODE_525_length_3302_cov_3.859195	3184	3262	0	37	78	0.4743590
NODE_525_length_3302_cov_3.859195	3184	3262	2	10	78	0.1282051
NODE_525_length_3302_cov_3.859195	3184	3262	4	24	78	0.3076923
NODE_525_length_3302_cov_3.859195	3184	3262	6	7	78	0.0897436
NODE_525_length_3302_cov_3.859195	3184	3253	0	28	69	0.4057971
NODE_525_length_3302_cov_3.859195	3184	3253	2	10	69	0.1449275
NODE_525_length_3302_cov_3.859195	3184	3253	4	24	69	0.3478261
NODE_525_length_3302_cov_3.859195	3184	3253	6	7	69	0.1014493
NODE_526_length_3299_cov_6.014687	1632	1688	0	18	56	0.3214286
NODE_526_length_3299_cov_6.014687	1632	1688	2	38	56	0.6785714
NODE_530_length_3290_cov_17.805390	773	853	10	2	80	0.0250000
NODE_530_length_3290_cov_17.805390	773	853	17	1	80	0.0125000
NODE_530_length_3290_cov_17.805390	773	853	19	4	80	0.0500000
NODE_530_length_3290_cov_17.805390	773	853	23	7	80	0.0875000
NODE_530_length_3290_cov_17.805390	773	853	24	2	80	0.0250000
NODE_530_length_3290_cov_17.805390	773	853	25	19	80	0.2375000
NODE_530_length_3290_cov_17.805390	773	853	26	4	80	0.0500000
NODE_530_length_3290_cov_17.805390	773	853	28	23	80	0.2875000
NODE_530_length_3290_cov_17.805390	773	853	29	11	80	0.1375000
NODE_530_length_3290_cov_17.805390	773	853	30	7	80	0.0875000
NODE_530_length_3290_cov_17.805390	826	906	8	21	80	0.2625000
NODE_530_length_3290_cov_17.805390	826	906	15	3	80	0.0375000
NODE_530_length_3290_cov_17.805390	826	906	21	9	80	0.1125000
NODE_530_length_3290_cov_17.805390	826	906	23	21	80	0.2625000
NODE_530_length_3290_cov_17.805390	826	906	28	8	80	0.1000000
NODE_530_length_3290_cov_17.805390	826	906	29	11	80	0.1375000
NODE_530_length_3290_cov_17.805390	826	906	30	7	80	0.0875000
NODE_531_length_3290_cov_12.352554	2749	2829	4	7	80	0.0875000
NODE_531_length_3290_cov_12.352554	2749	2829	6	73	80	0.9125000
NODE_531_length_3290_cov_12.352554	2802	2882	0	34	80	0.4250000
NODE_531_length_3290_cov_12.352554	2802	2882	2	10	80	0.1250000
NODE_531_length_3290_cov_12.352554	2802	2882	4	13	80	0.1625000
NODE_531_length_3290_cov_12.352554	2802	2882	6	23	80	0.2875000
NODE_532_length_3286_cov_5.973015	0	50	4	2	50	0.0400000
NODE_532_length_3286_cov_5.973015	0	50	8	3	50	0.0600000
NODE_532_length_3286_cov_5.973015	0	50	12	6	50	0.1200000
NODE_532_length_3286_cov_5.973015	0	50	14	3	50	0.0600000
NODE_532_length_3286_cov_5.973015	0	50	16	2	50	0.0400000
NODE_532_length_3286_cov_5.973015	0	50	19	1	50	0.0200000
NODE_532_length_3286_cov_5.973015	0	50	20	33	50	0.6600000
NODE_532_length_3286_cov_5.973015	0	50	4	2	50	0.0400000
NODE_532_length_3286_cov_5.973015	0	50	8	3	50	0.0600000
NODE_532_length_3286_cov_5.973015	0	50	12	6	50	0.1200000
NODE_532_length_3286_cov_5.973015	0	50	14	3	50	0.0600000
NODE_532_length_3286_cov_5.973015	0	50	16	2	50	0.0400000
NODE_532_length_3286_cov_5.973015	0	50	19	1	50	0.0200000
NODE_532_length_3286_cov_5.973015	0	50	20	33	50	0.6600000
NODE_532_length_3286_cov_5.973015	0	50	4	2	50	0.0400000
NODE_532_length_3286_cov_5.973015	0	50	8	3	50	0.0600000
NODE_532_length_3286_cov_5.973015	0	50	12	6	50	0.1200000
NODE_532_length_3286_cov_5.973015	0	50	14	3	50	0.0600000
NODE_532_length_3286_cov_5.973015	0	50	16	2	50	0.0400000
NODE_532_length_3286_cov_5.973015	0	50	19	1	50	0.0200000
NODE_532_length_3286_cov_5.973015	0	50	20	33	50	0.6600000
NODE_532_length_3286_cov_5.973015	23	89	20	66	66	1.0000000
NODE_532_length_3286_cov_5.973015	23	94	20	71	71	1.0000000
NODE_533_length_3284_cov_6.453689	313	392	2	14	79	0.1772152
NODE_533_length_3284_cov_6.453689	313	392	4	24	79	0.3037975
NODE_533_length_3284_cov_6.453689	313	392	7	36	79	0.4556962
NODE_533_length_3284_cov_6.453689	313	392	8	5	79	0.0632911
NODE_533_length_3284_cov_6.453689	365	445	0	8	80	0.1000000
NODE_533_length_3284_cov_6.453689	365	445	4	8	80	0.1000000
NODE_533_length_3284_cov_6.453689	365	445	5	6	80	0.0750000
NODE_533_length_3284_cov_6.453689	365	445	7	58	80	0.7250000
NODE_541_length_3267_cov_12.768624	11	91	2	19	80	0.2375000
NODE_541_length_3267_cov_12.768624	11	91	4	3	80	0.0375000
NODE_541_length_3267_cov_12.768624	11	91	6	3	80	0.0375000
NODE_541_length_3267_cov_12.768624	11	91	8	1	80	0.0125000
NODE_541_length_3267_cov_12.768624	11	91	10	14	80	0.1750000
NODE_541_length_3267_cov_12.768624	11	91	12	4	80	0.0500000
NODE_541_length_3267_cov_12.768624	11	91	14	11	80	0.1375000
NODE_541_length_3267_cov_12.768624	11	91	24	25	80	0.3125000
NODE_542_length_3266_cov_14.108304	2620	2684	26	5	64	0.0781250
NODE_542_length_3266_cov_14.108304	2620	2684	28	25	64	0.3906250
NODE_542_length_3266_cov_14.108304	2620	2684	30	34	64	0.5312500
NODE_542_length_3266_cov_14.108304	2620	2684	26	5	64	0.0781250
NODE_542_length_3266_cov_14.108304	2620	2684	28	25	64	0.3906250
NODE_542_length_3266_cov_14.108304	2620	2684	30	34	64	0.5312500
NODE_542_length_3266_cov_14.108304	2620	2684	26	5	64	0.0781250
NODE_542_length_3266_cov_14.108304	2620	2684	28	25	64	0.3906250
NODE_542_length_3266_cov_14.108304	2620	2684	30	34	64	0.5312500
NODE_547_length_3242_cov_12.407891	391	471	2	12	80	0.1500000
NODE_547_length_3242_cov_12.407891	391	471	4	21	80	0.2625000
NODE_547_length_3242_cov_12.407891	391	471	10	9	80	0.1125000
NODE_547_length_3242_cov_12.407891	391	471	12	38	80	0.4750000
NODE_547_length_3242_cov_12.407891	444	524	10	60	80	0.7500000
NODE_547_length_3242_cov_12.407891	444	524	12	20	80	0.2500000
NODE_550_length_3233_cov_19.903957	411	491	1	27	80	0.3375000
NODE_550_length_3233_cov_19.903957	411	491	2	21	80	0.2625000
NODE_550_length_3233_cov_19.903957	411	491	4	5	80	0.0625000
NODE_550_length_3233_cov_19.903957	411	491	8	27	80	0.3375000
NODE_550_length_3233_cov_19.903957	411	491	1	27	80	0.3375000
NODE_550_length_3233_cov_19.903957	411	491	2	21	80	0.2625000
NODE_550_length_3233_cov_19.903957	411	491	4	5	80	0.0625000
NODE_550_length_3233_cov_19.903957	411	491	8	27	80	0.3375000
NODE_550_length_3233_cov_19.903957	464	544	8	80	80	1.0000000
NODE_552_length_3232_cov_11.378870	2586	2621	0	35	35	1.0000000
NODE_555_length_3214_cov_22.853291	2090	2170	8	4	80	0.0500000
NODE_555_length_3214_cov_22.853291	2090	2170	12	1	80	0.0125000
NODE_555_length_3214_cov_22.853291	2090	2170	14	1	80	0.0125000
NODE_555_length_3214_cov_22.853291	2090	2170	16	16	80	0.2000000
NODE_555_length_3214_cov_22.853291	2090	2170	18	11	80	0.1375000
NODE_555_length_3214_cov_22.853291	2090	2170	19	11	80	0.1375000
NODE_555_length_3214_cov_22.853291	2090	2170	20	1	80	0.0125000
NODE_555_length_3214_cov_22.853291	2090	2170	21	1	80	0.0125000
NODE_555_length_3214_cov_22.853291	2090	2170	22	23	80	0.2875000
NODE_555_length_3214_cov_22.853291	2090	2170	24	11	80	0.1375000
NODE_555_length_3214_cov_22.853291	2143	2223	18	6	80	0.0750000
NODE_555_length_3214_cov_22.853291	2143	2223	20	2	80	0.0250000
NODE_555_length_3214_cov_22.853291	2143	2223	22	27	80	0.3375000
NODE_555_length_3214_cov_22.853291	2143	2223	24	12	80	0.1500000
NODE_555_length_3214_cov_22.853291	2143	2223	26	33	80	0.4125000
NODE_555_length_3214_cov_22.853291	3028	3086	7	7	58	0.1206897
NODE_555_length_3214_cov_22.853291	3028	3086	9	4	58	0.0689655
NODE_555_length_3214_cov_22.853291	3028	3086	10	8	58	0.1379310
NODE_555_length_3214_cov_22.853291	3028	3086	12	39	58	0.6724138
NODE_556_length_3211_cov_1.921915	95	175	0	3	80	0.0375000
NODE_556_length_3211_cov_1.921915	95	175	6	17	80	0.2125000
NODE_556_length_3211_cov_1.921915	95	175	7	2	80	0.0250000
NODE_556_length_3211_cov_1.921915	95	175	8	1	80	0.0125000
NODE_556_length_3211_cov_1.921915	95	175	10	33	80	0.4125000
NODE_556_length_3211_cov_1.921915	95	175	12	24	80	0.3000000
NODE_556_length_3211_cov_1.921915	148	178	0	6	30	0.2000000
NODE_556_length_3211_cov_1.921915	148	178	6	17	30	0.5666667
NODE_556_length_3211_cov_1.921915	148	178	7	2	30	0.0666667
NODE_556_length_3211_cov_1.921915	148	178	8	1	30	0.0333333
NODE_556_length_3211_cov_1.921915	148	178	10	4	30	0.1333333
NODE_557_length_3210_cov_7.428480	2040	2111	0	4	71	0.0563380
NODE_557_length_3210_cov_7.428480	2040	2111	2	1	71	0.0140845
NODE_557_length_3210_cov_7.428480	2040	2111	4	36	71	0.5070422
NODE_557_length_3210_cov_7.428480	2040	2111	6	30	71	0.4225352
NODE_557_length_3210_cov_7.428480	2084	2164	6	80	80	1.0000000
NODE_557_length_3210_cov_7.428480	2715	2797	0	82	82	1.0000000
NODE_557_length_3210_cov_7.428480	2770	2850	0	80	80	1.0000000
NODE_562_length_3201_cov_3.591231	3120	3200	0	80	80	1.0000000
NODE_566_length_3189_cov_69.446602	137	188	0	7	51	0.1372549
NODE_566_length_3189_cov_69.446602	137	188	2	44	51	0.8627451
NODE_567_length_3188_cov_7.233085	1663	1743	8	9	80	0.1125000
NODE_567_length_3188_cov_7.233085	1663	1743	12	3	80	0.0375000
NODE_567_length_3188_cov_7.233085	1663	1743	14	11	80	0.1375000
NODE_567_length_3188_cov_7.233085	1663	1743	16	33	80	0.4125000
NODE_567_length_3188_cov_7.233085	1663	1743	18	8	80	0.1000000
NODE_567_length_3188_cov_7.233085	1663	1743	20	16	80	0.2000000
NODE_567_length_3188_cov_7.233085	1716	1796	2	16	80	0.2000000
NODE_567_length_3188_cov_7.233085	1716	1796	4	7	80	0.0875000
NODE_567_length_3188_cov_7.233085	1716	1796	6	21	80	0.2625000
NODE_567_length_3188_cov_7.233085	1716	1796	8	18	80	0.2250000
NODE_567_length_3188_cov_7.233085	1716	1796	12	3	80	0.0375000
NODE_567_length_3188_cov_7.233085	1716	1796	18	1	80	0.0125000
NODE_567_length_3188_cov_7.233085	1716	1796	20	14	80	0.1750000
NODE_570_length_3177_cov_2.789474	2021	2042	4	21	21	1.0000000
NODE_575_length_3158_cov_19.018960	840	920	0	80	80	1.0000000
NODE_575_length_3158_cov_19.018960	893	973	0	80	80	1.0000000
NODE_575_length_3158_cov_19.018960	2833	2915	0	82	82	1.0000000
NODE_575_length_3158_cov_19.018960	2888	2959	0	71	71	1.0000000
NODE_576_length_3150_cov_26.520813	770	850	6	29	80	0.3625000
NODE_576_length_3150_cov_26.520813	770	850	8	28	80	0.3500000
NODE_576_length_3150_cov_26.520813	770	850	10	6	80	0.0750000
NODE_576_length_3150_cov_26.520813	770	850	14	14	80	0.1750000
NODE_576_length_3150_cov_26.520813	770	850	16	3	80	0.0375000
NODE_576_length_3150_cov_26.520813	823	901	8	8	78	0.1025641
NODE_576_length_3150_cov_26.520813	823	901	10	16	78	0.2051282
NODE_576_length_3150_cov_26.520813	823	901	12	30	78	0.3846154
NODE_576_length_3150_cov_26.520813	823	901	14	21	78	0.2692308
NODE_576_length_3150_cov_26.520813	823	901	16	3	78	0.0384615
NODE_576_length_3150_cov_26.520813	2616	2696	0	80	80	1.0000000
NODE_576_length_3150_cov_26.520813	2669	2749	0	80	80	1.0000000
NODE_577_length_3150_cov_5.923959	2313	2393	5	9	80	0.1125000
NODE_577_length_3150_cov_5.923959	2313	2393	6	23	80	0.2875000
NODE_577_length_3150_cov_5.923959	2313	2393	7	13	80	0.1625000
NODE_577_length_3150_cov_5.923959	2313	2393	9	2	80	0.0250000
NODE_577_length_3150_cov_5.923959	2313	2393	10	33	80	0.4125000
NODE_579_length_3148_cov_2.313873	3053	3105	0	52	52	1.0000000
NODE_581_length_3146_cov_18.277322	2418	2498	0	19	80	0.2375000
NODE_581_length_3146_cov_18.277322	2418	2498	4	61	80	0.7625000
NODE_581_length_3146_cov_18.277322	2471	2551	4	67	80	0.8375000
NODE_581_length_3146_cov_18.277322	2471	2551	8	7	80	0.0875000
NODE_581_length_3146_cov_18.277322	2471	2551	10	3	80	0.0375000
NODE_581_length_3146_cov_18.277322	2471	2551	12	3	80	0.0375000
NODE_581_length_3146_cov_18.277322	2547	2627	10	1	80	0.0125000
NODE_581_length_3146_cov_18.277322	2547	2627	12	6	80	0.0750000
NODE_581_length_3146_cov_18.277322	2547	2627	16	5	80	0.0625000
NODE_581_length_3146_cov_18.277322	2547	2627	18	1	80	0.0125000
NODE_581_length_3146_cov_18.277322	2547	2627	20	20	80	0.2500000
NODE_581_length_3146_cov_18.277322	2547	2627	22	1	80	0.0125000
NODE_581_length_3146_cov_18.277322	2547	2627	27	2	80	0.0250000
NODE_581_length_3146_cov_18.277322	2547	2627	29	9	80	0.1125000
NODE_581_length_3146_cov_18.277322	2547	2627	30	8	80	0.1000000
NODE_581_length_3146_cov_18.277322	2547	2627	34	1	80	0.0125000
NODE_581_length_3146_cov_18.277322	2547	2627	37	1	80	0.0125000
NODE_581_length_3146_cov_18.277322	2547	2627	43	5	80	0.0625000
NODE_581_length_3146_cov_18.277322	2547	2627	45	5	80	0.0625000
NODE_581_length_3146_cov_18.277322	2547	2627	49	2	80	0.0250000
NODE_581_length_3146_cov_18.277322	2547	2627	51	4	80	0.0500000
NODE_581_length_3146_cov_18.277322	2547	2627	54	3	80	0.0375000
NODE_581_length_3146_cov_18.277322	2547	2627	56	1	80	0.0125000
NODE_581_length_3146_cov_18.277322	2547	2627	59	4	80	0.0500000
NODE_581_length_3146_cov_18.277322	2547	2627	61	1	80	0.0125000
NODE_581_length_3146_cov_18.277322	2600	2680	34	1	80	0.0125000
NODE_581_length_3146_cov_18.277322	2600	2680	37	1	80	0.0125000
NODE_581_length_3146_cov_18.277322	2600	2680	43	5	80	0.0625000
NODE_581_length_3146_cov_18.277322	2600	2680	45	5	80	0.0625000
NODE_581_length_3146_cov_18.277322	2600	2680	48	1	80	0.0125000
NODE_581_length_3146_cov_18.277322	2600	2680	49	2	80	0.0250000
NODE_581_length_3146_cov_18.277322	2600	2680	50	2	80	0.0250000
NODE_581_length_3146_cov_18.277322	2600	2680	51	5	80	0.0625000
NODE_581_length_3146_cov_18.277322	2600	2680	52	14	80	0.1750000
NODE_581_length_3146_cov_18.277322	2600	2680	54	3	80	0.0375000
NODE_581_length_3146_cov_18.277322	2600	2680	55	1	80	0.0125000
NODE_581_length_3146_cov_18.277322	2600	2680	56	1	80	0.0125000
NODE_581_length_3146_cov_18.277322	2600	2680	59	6	80	0.0750000
NODE_581_length_3146_cov_18.277322	2600	2680	61	3	80	0.0375000
NODE_581_length_3146_cov_18.277322	2600	2680	62	4	80	0.0500000
NODE_581_length_3146_cov_18.277322	2600	2680	63	15	80	0.1875000
NODE_581_length_3146_cov_18.277322	2600	2680	64	4	80	0.0500000
NODE_581_length_3146_cov_18.277322	2600	2680	65	1	80	0.0125000
NODE_581_length_3146_cov_18.277322	2600	2680	66	2	80	0.0250000
NODE_581_length_3146_cov_18.277322	2600	2680	68	4	80	0.0500000
NODE_581_length_3146_cov_18.277322	2975	3055	8	9	80	0.1125000
NODE_581_length_3146_cov_18.277322	2975	3055	10	1	80	0.0125000
NODE_581_length_3146_cov_18.277322	2975	3055	12	8	80	0.1000000
NODE_581_length_3146_cov_18.277322	2975	3055	14	1	80	0.0125000
NODE_581_length_3146_cov_18.277322	2975	3055	15	3	80	0.0375000
NODE_581_length_3146_cov_18.277322	2975	3055	16	34	80	0.4250000
NODE_581_length_3146_cov_18.277322	2975	3055	17	1	80	0.0125000
NODE_581_length_3146_cov_18.277322	2975	3055	18	23	80	0.2875000
NODE_585_length_3134_cov_8.717957	1290	1362	48	7	72	0.0972222
NODE_585_length_3134_cov_8.717957	1290	1362	50	9	72	0.1250000
NODE_585_length_3134_cov_8.717957	1290	1362	52	10	72	0.1388889
NODE_585_length_3134_cov_8.717957	1290	1362	54	9	72	0.1250000
NODE_585_length_3134_cov_8.717957	1290	1362	56	2	72	0.0277778
NODE_585_length_3134_cov_8.717957	1290	1362	62	6	72	0.0833333
NODE_585_length_3134_cov_8.717957	1290	1362	64	29	72	0.4027778
NODE_585_length_3134_cov_8.717957	1335	1415	14	3	80	0.0375000
NODE_585_length_3134_cov_8.717957	1335	1415	15	3	80	0.0375000
NODE_585_length_3134_cov_8.717957	1335	1415	42	5	80	0.0625000
NODE_585_length_3134_cov_8.717957	1335	1415	43	1	80	0.0125000
NODE_585_length_3134_cov_8.717957	1335	1415	46	2	80	0.0250000
NODE_585_length_3134_cov_8.717957	1335	1415	48	4	80	0.0500000
NODE_585_length_3134_cov_8.717957	1335	1415	50	10	80	0.1250000
NODE_585_length_3134_cov_8.717957	1335	1415	52	6	80	0.0750000
NODE_585_length_3134_cov_8.717957	1335	1415	54	2	80	0.0250000
NODE_585_length_3134_cov_8.717957	1335	1415	58	8	80	0.1000000
NODE_585_length_3134_cov_8.717957	1335	1415	60	8	80	0.1000000
NODE_585_length_3134_cov_8.717957	1335	1415	62	1	80	0.0125000
NODE_585_length_3134_cov_8.717957	1335	1415	64	27	80	0.3375000
NODE_586_length_3131_cov_26.910620	232	312	0	76	80	0.9500000
NODE_586_length_3131_cov_26.910620	232	312	2	4	80	0.0500000
NODE_586_length_3131_cov_26.910620	285	364	0	23	79	0.2911392
NODE_586_length_3131_cov_26.910620	285	364	2	56	79	0.7088608
NODE_586_length_3131_cov_26.910620	2151	2231	8	4	80	0.0500000
NODE_586_length_3131_cov_26.910620	2151	2231	10	76	80	0.9500000
NODE_586_length_3131_cov_26.910620	2155	2227	10	72	72	1.0000000
NODE_586_length_3131_cov_26.910620	2204	2284	0	34	80	0.4250000
NODE_586_length_3131_cov_26.910620	2204	2284	10	46	80	0.5750000
NODE_586_length_3131_cov_26.910620	2208	2284	0	34	76	0.4473684
NODE_586_length_3131_cov_26.910620	2208	2284	10	42	76	0.5526316
NODE_586_length_3131_cov_26.910620	2280	2360	0	80	80	1.0000000
NODE_586_length_3131_cov_26.910620	2333	2413	0	80	80	1.0000000
NODE_590_length_3118_cov_5.059622	367	445	0	78	78	1.0000000
NODE_590_length_3118_cov_5.059622	418	498	0	80	80	1.0000000
NODE_591_length_3117_cov_5.938038	2525	2605	0	11	80	0.1375000
NODE_591_length_3117_cov_5.938038	2525	2605	2	69	80	0.8625000
NODE_591_length_3117_cov_5.938038	2578	2658	0	52	80	0.6500000
NODE_591_length_3117_cov_5.938038	2578	2658	2	28	80	0.3500000
NODE_595_length_3110_cov_31.733643	2864	2923	0	11	59	0.1864407
NODE_595_length_3110_cov_31.733643	2864	2923	2	48	59	0.8135593
NODE_602_length_3093_cov_54.559786	571	651	0	3	80	0.0375000
NODE_602_length_3093_cov_54.559786	571	651	2	55	80	0.6875000
NODE_602_length_3093_cov_54.559786	571	651	4	22	80	0.2750000
NODE_602_length_3093_cov_54.559786	624	704	2	20	80	0.2500000
NODE_602_length_3093_cov_54.559786	624	704	4	60	80	0.7500000
NODE_602_length_3093_cov_54.559786	2901	2981	53	4	80	0.0500000
NODE_602_length_3093_cov_54.559786	2901	2981	54	2	80	0.0250000
NODE_602_length_3093_cov_54.559786	2901	2981	68	6	80	0.0750000
NODE_602_length_3093_cov_54.559786	2901	2981	70	2	80	0.0250000
NODE_602_length_3093_cov_54.559786	2901	2981	71	3	80	0.0375000
NODE_602_length_3093_cov_54.559786	2901	2981	73	5	80	0.0625000
NODE_602_length_3093_cov_54.559786	2901	2981	77	5	80	0.0625000
NODE_602_length_3093_cov_54.559786	2901	2981	83	5	80	0.0625000
NODE_602_length_3093_cov_54.559786	2901	2981	85	1	80	0.0125000
NODE_602_length_3093_cov_54.559786	2901	2981	87	2	80	0.0250000
NODE_602_length_3093_cov_54.559786	2901	2981	89	3	80	0.0375000
NODE_602_length_3093_cov_54.559786	2901	2981	91	2	80	0.0250000
NODE_602_length_3093_cov_54.559786	2901	2981	95	15	80	0.1875000
NODE_602_length_3093_cov_54.559786	2901	2981	96	7	80	0.0875000
NODE_602_length_3093_cov_54.559786	2901	2981	98	14	80	0.1750000
NODE_602_length_3093_cov_54.559786	2901	2981	100	4	80	0.0500000
NODE_602_length_3093_cov_54.559786	2954	3034	29	5	80	0.0625000
NODE_602_length_3093_cov_54.559786	2954	3034	31	1	80	0.0125000
NODE_602_length_3093_cov_54.559786	2954	3034	35	2	80	0.0250000
NODE_602_length_3093_cov_54.559786	2954	3034	44	1	80	0.0125000
NODE_602_length_3093_cov_54.559786	2954	3034	45	1	80	0.0125000
NODE_602_length_3093_cov_54.559786	2954	3034	46	5	80	0.0625000
NODE_602_length_3093_cov_54.559786	2954	3034	48	9	80	0.1125000
NODE_602_length_3093_cov_54.559786	2954	3034	50	3	80	0.0375000
NODE_602_length_3093_cov_54.559786	2954	3034	55	1	80	0.0125000
NODE_602_length_3093_cov_54.559786	2954	3034	56	1	80	0.0125000
NODE_602_length_3093_cov_54.559786	2954	3034	58	1	80	0.0125000
NODE_602_length_3093_cov_54.559786	2954	3034	60	2	80	0.0250000
NODE_602_length_3093_cov_54.559786	2954	3034	64	4	80	0.0500000
NODE_602_length_3093_cov_54.559786	2954	3034	74	4	80	0.0500000
NODE_602_length_3093_cov_54.559786	2954	3034	76	3	80	0.0375000
NODE_602_length_3093_cov_54.559786	2954	3034	78	1	80	0.0125000
NODE_602_length_3093_cov_54.559786	2954	3034	84	1	80	0.0125000
NODE_602_length_3093_cov_54.559786	2954	3034	90	2	80	0.0250000
NODE_602_length_3093_cov_54.559786	2954	3034	95	17	80	0.2125000
NODE_602_length_3093_cov_54.559786	2954	3034	96	1	80	0.0125000
NODE_602_length_3093_cov_54.559786	2954	3034	98	11	80	0.1375000
NODE_602_length_3093_cov_54.559786	2954	3034	100	4	80	0.0500000
NODE_603_length_3091_cov_35.895722	1743	1804	2	61	61	1.0000000
NODE_603_length_3091_cov_35.895722	1777	1857	0	52	80	0.6500000
NODE_603_length_3091_cov_35.895722	1777	1857	2	28	80	0.3500000
NODE_603_length_3091_cov_35.895722	2472	2535	40	1	63	0.0158730
NODE_603_length_3091_cov_35.895722	2472	2535	42	4	63	0.0634921
NODE_603_length_3091_cov_35.895722	2472	2535	46	3	63	0.0476190
NODE_603_length_3091_cov_35.895722	2472	2535	52	1	63	0.0158730
NODE_603_length_3091_cov_35.895722	2472	2535	54	4	63	0.0634921
NODE_603_length_3091_cov_35.895722	2472	2535	57	4	63	0.0634921
NODE_603_length_3091_cov_35.895722	2472	2535	60	31	63	0.4920635
NODE_603_length_3091_cov_35.895722	2472	2535	63	2	63	0.0317460
NODE_603_length_3091_cov_35.895722	2472	2535	65	13	63	0.2063492
NODE_603_length_3091_cov_35.895722	2508	2553	60	12	45	0.2666667
NODE_603_length_3091_cov_35.895722	2508	2553	62	1	45	0.0222222
NODE_603_length_3091_cov_35.895722	2508	2553	63	2	45	0.0444444
NODE_603_length_3091_cov_35.895722	2508	2553	65	26	45	0.5777778
NODE_603_length_3091_cov_35.895722	2508	2553	66	4	45	0.0888889
NODE_603_length_3091_cov_35.895722	2534	2604	44	2	70	0.0285714
NODE_603_length_3091_cov_35.895722	2534	2604	45	3	70	0.0428571
NODE_603_length_3091_cov_35.895722	2534	2604	46	3	70	0.0428571
NODE_603_length_3091_cov_35.895722	2534	2604	47	14	70	0.2000000
NODE_603_length_3091_cov_35.895722	2534	2604	48	3	70	0.0428571
NODE_603_length_3091_cov_35.895722	2534	2604	50	1	70	0.0142857
NODE_603_length_3091_cov_35.895722	2534	2604	54	7	70	0.1000000
NODE_603_length_3091_cov_35.895722	2534	2604	56	3	70	0.0428571
NODE_603_length_3091_cov_35.895722	2534	2604	58	3	70	0.0428571
NODE_603_length_3091_cov_35.895722	2534	2604	60	7	70	0.1000000
NODE_603_length_3091_cov_35.895722	2534	2604	62	5	70	0.0714286
NODE_603_length_3091_cov_35.895722	2534	2604	63	1	70	0.0142857
NODE_603_length_3091_cov_35.895722	2534	2604	65	14	70	0.2000000
NODE_603_length_3091_cov_35.895722	2534	2604	66	4	70	0.0571429
NODE_603_length_3091_cov_35.895722	2578	2618	37	1	40	0.0250000
NODE_603_length_3091_cov_35.895722	2578	2618	38	4	40	0.1000000
NODE_603_length_3091_cov_35.895722	2578	2618	42	2	40	0.0500000
NODE_603_length_3091_cov_35.895722	2578	2618	44	9	40	0.2250000
NODE_603_length_3091_cov_35.895722	2578	2618	45	3	40	0.0750000
NODE_603_length_3091_cov_35.895722	2578	2618	46	3	40	0.0750000
NODE_603_length_3091_cov_35.895722	2578	2618	47	14	40	0.3500000
NODE_603_length_3091_cov_35.895722	2578	2618	48	3	40	0.0750000
NODE_603_length_3091_cov_35.895722	2578	2618	50	1	40	0.0250000
NODE_603_length_3091_cov_35.895722	2586	2623	25	5	37	0.1351351
NODE_603_length_3091_cov_35.895722	2586	2623	37	1	37	0.0270270
NODE_603_length_3091_cov_35.895722	2586	2623	38	4	37	0.1081081
NODE_603_length_3091_cov_35.895722	2586	2623	42	2	37	0.0540541
NODE_603_length_3091_cov_35.895722	2586	2623	44	9	37	0.2432432
NODE_603_length_3091_cov_35.895722	2586	2623	45	3	37	0.0810811
NODE_603_length_3091_cov_35.895722	2586	2623	46	3	37	0.0810811
NODE_603_length_3091_cov_35.895722	2586	2623	47	7	37	0.1891892
NODE_603_length_3091_cov_35.895722	2586	2623	48	3	37	0.0810811
NODE_603_length_3091_cov_35.895722	2626	2671	19	8	45	0.1777778
NODE_603_length_3091_cov_35.895722	2626	2671	20	1	45	0.0222222
NODE_603_length_3091_cov_35.895722	2626	2671	21	7	45	0.1555556
NODE_603_length_3091_cov_35.895722	2626	2671	22	10	45	0.2222222
NODE_603_length_3091_cov_35.895722	2626	2671	23	17	45	0.3777778
NODE_603_length_3091_cov_35.895722	2626	2671	25	2	45	0.0444444
NODE_603_length_3091_cov_35.895722	2682	2730	25	1	48	0.0208333
NODE_603_length_3091_cov_35.895722	2682	2730	27	5	48	0.1041667
NODE_603_length_3091_cov_35.895722	2682	2730	29	2	48	0.0416667
NODE_603_length_3091_cov_35.895722	2682	2730	31	20	48	0.4166667
NODE_603_length_3091_cov_35.895722	2682	2730	32	20	48	0.4166667
NODE_603_length_3091_cov_35.895722	2918	2969	9	9	51	0.1764706
NODE_603_length_3091_cov_35.895722	2918	2969	11	12	51	0.2352941
NODE_603_length_3091_cov_35.895722	2918	2969	13	12	51	0.2352941
NODE_603_length_3091_cov_35.895722	2918	2969	14	18	51	0.3529412
NODE_603_length_3091_cov_35.895722	2942	2987	3	1	45	0.0222222
NODE_603_length_3091_cov_35.895722	2942	2987	5	13	45	0.2888889
NODE_603_length_3091_cov_35.895722	2942	2987	9	13	45	0.2888889
NODE_603_length_3091_cov_35.895722	2942	2987	11	2	45	0.0444444
NODE_603_length_3091_cov_35.895722	2942	2987	13	2	45	0.0444444
NODE_603_length_3091_cov_35.895722	2942	2987	14	14	45	0.3111111
NODE_603_length_3091_cov_35.895722	2994	3039	3	45	45	1.0000000
NODE_607_length_3079_cov_7.081879	2340	2420	0	80	80	1.0000000
NODE_607_length_3079_cov_7.081879	2886	2938	54	1	52	0.0192308
NODE_607_length_3079_cov_7.081879	2886	2938	55	1	52	0.0192308
NODE_607_length_3079_cov_7.081879	2886	2938	58	5	52	0.0961538
NODE_607_length_3079_cov_7.081879	2886	2938	60	3	52	0.0576923
NODE_607_length_3079_cov_7.081879	2886	2938	61	2	52	0.0384615
NODE_607_length_3079_cov_7.081879	2886	2938	62	7	52	0.1346154
NODE_607_length_3079_cov_7.081879	2886	2938	63	5	52	0.0961538
NODE_607_length_3079_cov_7.081879	2886	2938	64	8	52	0.1538462
NODE_607_length_3079_cov_7.081879	2886	2938	65	4	52	0.0769231
NODE_607_length_3079_cov_7.081879	2886	2938	66	1	52	0.0192308
NODE_607_length_3079_cov_7.081879	2886	2938	71	2	52	0.0384615
NODE_607_length_3079_cov_7.081879	2886	2938	74	1	52	0.0192308
NODE_607_length_3079_cov_7.081879	2886	2938	76	1	52	0.0192308
NODE_607_length_3079_cov_7.081879	2886	2938	90	1	52	0.0192308
NODE_607_length_3079_cov_7.081879	2886	2938	99	1	52	0.0192308
NODE_607_length_3079_cov_7.081879	2886	2938	103	2	52	0.0384615
NODE_607_length_3079_cov_7.081879	2886	2938	106	1	52	0.0192308
NODE_607_length_3079_cov_7.081879	2886	2938	120	2	52	0.0384615
NODE_607_length_3079_cov_7.081879	2886	2938	121	1	52	0.0192308
NODE_607_length_3079_cov_7.081879	2886	2938	122	1	52	0.0192308
NODE_607_length_3079_cov_7.081879	2886	2938	124	1	52	0.0192308
NODE_607_length_3079_cov_7.081879	2886	2938	133	1	52	0.0192308
NODE_607_length_3079_cov_7.081879	2893	2959	60	3	66	0.0454545
NODE_607_length_3079_cov_7.081879	2893	2959	61	2	66	0.0303030
NODE_607_length_3079_cov_7.081879	2893	2959	62	7	66	0.1060606
NODE_607_length_3079_cov_7.081879	2893	2959	63	5	66	0.0757576
NODE_607_length_3079_cov_7.081879	2893	2959	64	8	66	0.1212121
NODE_607_length_3079_cov_7.081879	2893	2959	65	4	66	0.0606061
NODE_607_length_3079_cov_7.081879	2893	2959	66	1	66	0.0151515
NODE_607_length_3079_cov_7.081879	2893	2959	71	2	66	0.0303030
NODE_607_length_3079_cov_7.081879	2893	2959	74	1	66	0.0151515
NODE_607_length_3079_cov_7.081879	2893	2959	76	1	66	0.0151515
NODE_607_length_3079_cov_7.081879	2893	2959	90	1	66	0.0151515
NODE_607_length_3079_cov_7.081879	2893	2959	99	1	66	0.0151515
NODE_607_length_3079_cov_7.081879	2893	2959	103	2	66	0.0303030
NODE_607_length_3079_cov_7.081879	2893	2959	106	1	66	0.0151515
NODE_607_length_3079_cov_7.081879	2893	2959	120	2	66	0.0303030
NODE_607_length_3079_cov_7.081879	2893	2959	121	1	66	0.0151515
NODE_607_length_3079_cov_7.081879	2893	2959	122	1	66	0.0151515
NODE_607_length_3079_cov_7.081879	2893	2959	124	1	66	0.0151515
NODE_607_length_3079_cov_7.081879	2893	2959	133	1	66	0.0151515
NODE_607_length_3079_cov_7.081879	2893	2959	135	1	66	0.0151515
NODE_607_length_3079_cov_7.081879	2893	2959	139	1	66	0.0151515
NODE_607_length_3079_cov_7.081879	2893	2959	144	1	66	0.0151515
NODE_607_length_3079_cov_7.081879	2893	2959	146	2	66	0.0303030
NODE_607_length_3079_cov_7.081879	2893	2959	147	1	66	0.0151515
NODE_607_length_3079_cov_7.081879	2893	2959	148	1	66	0.0151515
NODE_607_length_3079_cov_7.081879	2893	2959	149	1	66	0.0151515
NODE_607_length_3079_cov_7.081879	2893	2959	150	1	66	0.0151515
NODE_607_length_3079_cov_7.081879	2893	2959	158	2	66	0.0303030
NODE_607_length_3079_cov_7.081879	2893	2959	159	1	66	0.0151515
NODE_607_length_3079_cov_7.081879	2893	2959	165	1	66	0.0151515
NODE_607_length_3079_cov_7.081879	2893	2959	169	1	66	0.0151515
NODE_607_length_3079_cov_7.081879	2893	2959	171	1	66	0.0151515
NODE_607_length_3079_cov_7.081879	2893	2959	172	2	66	0.0303030
NODE_607_length_3079_cov_7.081879	2893	2959	173	4	66	0.0606061
NODE_607_length_3079_cov_7.081879	2932	2993	120	2	61	0.0327869
NODE_607_length_3079_cov_7.081879	2932	2993	121	1	61	0.0163934
NODE_607_length_3079_cov_7.081879	2932	2993	122	1	61	0.0163934
NODE_607_length_3079_cov_7.081879	2932	2993	124	1	61	0.0163934
NODE_607_length_3079_cov_7.081879	2932	2993	133	1	61	0.0163934
NODE_607_length_3079_cov_7.081879	2932	2993	135	1	61	0.0163934
NODE_607_length_3079_cov_7.081879	2932	2993	139	1	61	0.0163934
NODE_607_length_3079_cov_7.081879	2932	2993	144	1	61	0.0163934
NODE_607_length_3079_cov_7.081879	2932	2993	146	2	61	0.0327869
NODE_607_length_3079_cov_7.081879	2932	2993	147	1	61	0.0163934
NODE_607_length_3079_cov_7.081879	2932	2993	148	1	61	0.0163934
NODE_607_length_3079_cov_7.081879	2932	2993	149	1	61	0.0163934
NODE_607_length_3079_cov_7.081879	2932	2993	150	1	61	0.0163934
NODE_607_length_3079_cov_7.081879	2932	2993	157	9	61	0.1475410
NODE_607_length_3079_cov_7.081879	2932	2993	158	15	61	0.2459016
NODE_607_length_3079_cov_7.081879	2932	2993	159	1	61	0.0163934
NODE_607_length_3079_cov_7.081879	2932	2993	163	3	61	0.0491803
NODE_607_length_3079_cov_7.081879	2932	2993	165	6	61	0.0983607
NODE_607_length_3079_cov_7.081879	2932	2993	169	2	61	0.0327869
NODE_607_length_3079_cov_7.081879	2932	2993	171	1	61	0.0163934
NODE_607_length_3079_cov_7.081879	2932	2993	172	4	61	0.0655738
NODE_607_length_3079_cov_7.081879	2932	2993	173	5	61	0.0819672
NODE_607_length_3079_cov_7.081879	2932	2995	120	2	63	0.0317460
NODE_607_length_3079_cov_7.081879	2932	2995	121	1	63	0.0158730
NODE_607_length_3079_cov_7.081879	2932	2995	122	1	63	0.0158730
NODE_607_length_3079_cov_7.081879	2932	2995	124	1	63	0.0158730
NODE_607_length_3079_cov_7.081879	2932	2995	133	1	63	0.0158730
NODE_607_length_3079_cov_7.081879	2932	2995	135	1	63	0.0158730
NODE_607_length_3079_cov_7.081879	2932	2995	139	1	63	0.0158730
NODE_607_length_3079_cov_7.081879	2932	2995	144	1	63	0.0158730
NODE_607_length_3079_cov_7.081879	2932	2995	146	2	63	0.0317460
NODE_607_length_3079_cov_7.081879	2932	2995	147	1	63	0.0158730
NODE_607_length_3079_cov_7.081879	2932	2995	148	1	63	0.0158730
NODE_607_length_3079_cov_7.081879	2932	2995	149	1	63	0.0158730
NODE_607_length_3079_cov_7.081879	2932	2995	150	1	63	0.0158730
NODE_607_length_3079_cov_7.081879	2932	2995	157	11	63	0.1746032
NODE_607_length_3079_cov_7.081879	2932	2995	158	15	63	0.2380952
NODE_607_length_3079_cov_7.081879	2932	2995	159	1	63	0.0158730
NODE_607_length_3079_cov_7.081879	2932	2995	163	3	63	0.0476190
NODE_607_length_3079_cov_7.081879	2932	2995	165	6	63	0.0952381
NODE_607_length_3079_cov_7.081879	2932	2995	169	2	63	0.0317460
NODE_607_length_3079_cov_7.081879	2932	2995	171	1	63	0.0158730
NODE_607_length_3079_cov_7.081879	2932	2995	172	4	63	0.0634921
NODE_607_length_3079_cov_7.081879	2932	2995	173	5	63	0.0793651
NODE_607_length_3079_cov_7.081879	2932	2995	120	2	63	0.0317460
NODE_607_length_3079_cov_7.081879	2932	2995	121	1	63	0.0158730
NODE_607_length_3079_cov_7.081879	2932	2995	122	1	63	0.0158730
NODE_607_length_3079_cov_7.081879	2932	2995	124	1	63	0.0158730
NODE_607_length_3079_cov_7.081879	2932	2995	133	1	63	0.0158730
NODE_607_length_3079_cov_7.081879	2932	2995	135	1	63	0.0158730
NODE_607_length_3079_cov_7.081879	2932	2995	139	1	63	0.0158730
NODE_607_length_3079_cov_7.081879	2932	2995	144	1	63	0.0158730
NODE_607_length_3079_cov_7.081879	2932	2995	146	2	63	0.0317460
NODE_607_length_3079_cov_7.081879	2932	2995	147	1	63	0.0158730
NODE_607_length_3079_cov_7.081879	2932	2995	148	1	63	0.0158730
NODE_607_length_3079_cov_7.081879	2932	2995	149	1	63	0.0158730
NODE_607_length_3079_cov_7.081879	2932	2995	150	1	63	0.0158730
NODE_607_length_3079_cov_7.081879	2932	2995	157	11	63	0.1746032
NODE_607_length_3079_cov_7.081879	2932	2995	158	15	63	0.2380952
NODE_607_length_3079_cov_7.081879	2932	2995	159	1	63	0.0158730
NODE_607_length_3079_cov_7.081879	2932	2995	163	3	63	0.0476190
NODE_607_length_3079_cov_7.081879	2932	2995	165	6	63	0.0952381
NODE_607_length_3079_cov_7.081879	2932	2995	169	2	63	0.0317460
NODE_607_length_3079_cov_7.081879	2932	2995	171	1	63	0.0158730
NODE_607_length_3079_cov_7.081879	2932	2995	172	4	63	0.0634921
NODE_607_length_3079_cov_7.081879	2932	2995	173	5	63	0.0793651
NODE_608_length_3077_cov_23.535259	1244	1321	0	75	77	0.9740260
NODE_608_length_3077_cov_23.535259	1244	1321	1	2	77	0.0259740
NODE_608_length_3077_cov_23.535259	1911	1991	0	80	80	1.0000000
NODE_608_length_3077_cov_23.535259	1964	2016	0	52	52	1.0000000
NODE_608_length_3077_cov_23.535259	2028	2114	0	39	86	0.4534884
NODE_608_length_3077_cov_23.535259	2028	2114	2	13	86	0.1511628
NODE_608_length_3077_cov_23.535259	2028	2114	4	10	86	0.1162791
NODE_608_length_3077_cov_23.535259	2028	2114	6	3	86	0.0348837
NODE_608_length_3077_cov_23.535259	2028	2114	8	1	86	0.0116279
NODE_608_length_3077_cov_23.535259	2028	2114	10	9	86	0.1046512
NODE_608_length_3077_cov_23.535259	2028	2114	12	11	86	0.1279070
NODE_609_length_3077_cov_8.693083	1157	1237	0	12	80	0.1500000
NODE_609_length_3077_cov_8.693083	1157	1237	4	1	80	0.0125000
NODE_609_length_3077_cov_8.693083	1157	1237	5	49	80	0.6125000
NODE_609_length_3077_cov_8.693083	1157	1237	8	1	80	0.0125000
NODE_609_length_3077_cov_8.693083	1157	1237	9	17	80	0.2125000
NODE_609_length_3077_cov_8.693083	1161	1184	0	8	23	0.3478261
NODE_609_length_3077_cov_8.693083	1161	1184	4	1	23	0.0434783
NODE_609_length_3077_cov_8.693083	1161	1184	5	14	23	0.6086956
NODE_609_length_3077_cov_8.693083	1233	1313	9	4	80	0.0500000
NODE_609_length_3077_cov_8.693083	1233	1313	11	6	80	0.0750000
NODE_609_length_3077_cov_8.693083	1233	1313	14	3	80	0.0375000
NODE_609_length_3077_cov_8.693083	1233	1313	18	2	80	0.0250000
NODE_609_length_3077_cov_8.693083	1233	1313	22	6	80	0.0750000
NODE_609_length_3077_cov_8.693083	1233	1313	23	2	80	0.0250000
NODE_609_length_3077_cov_8.693083	1233	1313	27	15	80	0.1875000
NODE_609_length_3077_cov_8.693083	1233	1313	28	4	80	0.0500000
NODE_609_length_3077_cov_8.693083	1233	1313	41	3	80	0.0375000
NODE_609_length_3077_cov_8.693083	1233	1313	45	6	80	0.0750000
NODE_609_length_3077_cov_8.693083	1233	1313	46	1	80	0.0125000
NODE_609_length_3077_cov_8.693083	1233	1313	52	5	80	0.0625000
NODE_609_length_3077_cov_8.693083	1233	1313	55	1	80	0.0125000
NODE_609_length_3077_cov_8.693083	1233	1313	57	9	80	0.1125000
NODE_609_length_3077_cov_8.693083	1233	1313	62	11	80	0.1375000
NODE_609_length_3077_cov_8.693083	1233	1313	63	2	80	0.0250000
NODE_609_length_3077_cov_8.693083	1286	1352	52	4	66	0.0606061
NODE_609_length_3077_cov_8.693083	1286	1352	55	7	66	0.1060606
NODE_609_length_3077_cov_8.693083	1286	1352	57	34	66	0.5151515
NODE_609_length_3077_cov_8.693083	1286	1352	59	8	66	0.1212121
NODE_609_length_3077_cov_8.693083	1286	1352	62	11	66	0.1666667
NODE_609_length_3077_cov_8.693083	1286	1352	63	2	66	0.0303030
NODE_609_length_3077_cov_8.693083	2672	2757	4	3	85	0.0352941
NODE_609_length_3077_cov_8.693083	2672	2757	10	36	85	0.4235294
NODE_609_length_3077_cov_8.693083	2672	2757	12	5	85	0.0588235
NODE_609_length_3077_cov_8.693083	2672	2757	14	4	85	0.0470588
NODE_609_length_3077_cov_8.693083	2672	2757	16	28	85	0.3294118
NODE_609_length_3077_cov_8.693083	2672	2757	18	9	85	0.1058824
NODE_611_length_3074_cov_2.996303	2561	2629	52	1	68	0.0147059
NODE_611_length_3074_cov_2.996303	2561	2629	53	3	68	0.0441176
NODE_611_length_3074_cov_2.996303	2561	2629	57	1	68	0.0147059
NODE_611_length_3074_cov_2.996303	2561	2629	58	1	68	0.0147059
NODE_611_length_3074_cov_2.996303	2561	2629	65	1	68	0.0147059
NODE_611_length_3074_cov_2.996303	2561	2629	71	1	68	0.0147059
NODE_611_length_3074_cov_2.996303	2561	2629	73	1	68	0.0147059
NODE_611_length_3074_cov_2.996303	2561	2629	80	1	68	0.0147059
NODE_611_length_3074_cov_2.996303	2561	2629	93	1	68	0.0147059
NODE_611_length_3074_cov_2.996303	2561	2629	96	3	68	0.0441176
NODE_611_length_3074_cov_2.996303	2561	2629	98	4	68	0.0588235
NODE_611_length_3074_cov_2.996303	2561	2629	99	4	68	0.0588235
NODE_611_length_3074_cov_2.996303	2561	2629	101	5	68	0.0735294
NODE_611_length_3074_cov_2.996303	2561	2629	103	1	68	0.0147059
NODE_611_length_3074_cov_2.996303	2561	2629	104	6	68	0.0882353
NODE_611_length_3074_cov_2.996303	2561	2629	106	1	68	0.0147059
NODE_611_length_3074_cov_2.996303	2561	2629	108	1	68	0.0147059
NODE_611_length_3074_cov_2.996303	2561	2629	110	2	68	0.0294118
NODE_611_length_3074_cov_2.996303	2561	2629	112	3	68	0.0441176
NODE_611_length_3074_cov_2.996303	2561	2629	117	2	68	0.0294118
NODE_611_length_3074_cov_2.996303	2561	2629	119	7	68	0.1029412
NODE_611_length_3074_cov_2.996303	2561	2629	121	5	68	0.0735294
NODE_611_length_3074_cov_2.996303	2561	2629	123	1	68	0.0147059
NODE_611_length_3074_cov_2.996303	2561	2629	125	1	68	0.0147059
NODE_611_length_3074_cov_2.996303	2561	2629	132	2	68	0.0294118
NODE_611_length_3074_cov_2.996303	2561	2629	138	4	68	0.0588235
NODE_611_length_3074_cov_2.996303	2561	2629	140	5	68	0.0735294
NODE_615_length_3069_cov_2.448822	2948	2991	4	2	43	0.0465116
NODE_615_length_3069_cov_2.448822	2948	2991	6	15	43	0.3488372
NODE_615_length_3069_cov_2.448822	2948	2991	8	26	43	0.6046512
NODE_616_length_3059_cov_20.037500	346	426	31	4	80	0.0500000
NODE_616_length_3059_cov_20.037500	346	426	33	1	80	0.0125000
NODE_616_length_3059_cov_20.037500	346	426	34	5	80	0.0625000
NODE_616_length_3059_cov_20.037500	346	426	35	4	80	0.0500000
NODE_616_length_3059_cov_20.037500	346	426	39	4	80	0.0500000
NODE_616_length_3059_cov_20.037500	346	426	41	2	80	0.0250000
NODE_616_length_3059_cov_20.037500	346	426	43	28	80	0.3500000
NODE_616_length_3059_cov_20.037500	346	426	44	2	80	0.0250000
NODE_616_length_3059_cov_20.037500	346	426	45	14	80	0.1750000
NODE_616_length_3059_cov_20.037500	346	426	46	1	80	0.0125000
NODE_616_length_3059_cov_20.037500	346	426	47	15	80	0.1875000
NODE_616_length_3059_cov_20.037500	399	479	10	6	80	0.0750000
NODE_616_length_3059_cov_20.037500	399	479	24	1	80	0.0125000
NODE_616_length_3059_cov_20.037500	399	479	25	1	80	0.0125000
NODE_616_length_3059_cov_20.037500	399	479	29	2	80	0.0250000
NODE_616_length_3059_cov_20.037500	399	479	31	27	80	0.3375000
NODE_616_length_3059_cov_20.037500	399	479	36	1	80	0.0125000
NODE_616_length_3059_cov_20.037500	399	479	37	8	80	0.1000000
NODE_616_length_3059_cov_20.037500	399	479	41	9	80	0.1125000
NODE_616_length_3059_cov_20.037500	399	479	43	4	80	0.0500000
NODE_616_length_3059_cov_20.037500	399	479	44	2	80	0.0250000
NODE_616_length_3059_cov_20.037500	399	479	45	3	80	0.0375000
NODE_616_length_3059_cov_20.037500	399	479	46	1	80	0.0125000
NODE_616_length_3059_cov_20.037500	399	479	47	15	80	0.1875000
NODE_616_length_3059_cov_20.037500	1317	1397	10	9	80	0.1125000
NODE_616_length_3059_cov_20.037500	1317	1397	12	23	80	0.2875000
NODE_616_length_3059_cov_20.037500	1317	1397	13	18	80	0.2250000
NODE_616_length_3059_cov_20.037500	1317	1397	14	30	80	0.3750000
NODE_616_length_3059_cov_20.037500	1370	1447	2	12	77	0.1558442
NODE_616_length_3059_cov_20.037500	1370	1447	4	26	77	0.3376623
NODE_616_length_3059_cov_20.037500	1370	1447	10	5	77	0.0649351
NODE_616_length_3059_cov_20.037500	1370	1447	12	20	77	0.2597403
NODE_616_length_3059_cov_20.037500	1370	1447	13	14	77	0.1818182
NODE_616_length_3059_cov_20.037500	2514	2594	4	16	80	0.2000000
NODE_616_length_3059_cov_20.037500	2514	2594	6	28	80	0.3500000
NODE_616_length_3059_cov_20.037500	2514	2594	8	30	80	0.3750000
NODE_616_length_3059_cov_20.037500	2514	2594	9	6	80	0.0750000
NODE_616_length_3059_cov_20.037500	2567	2647	2	4	80	0.0500000
NODE_616_length_3059_cov_20.037500	2567	2647	4	16	80	0.2000000
NODE_616_length_3059_cov_20.037500	2567	2647	5	20	80	0.2500000
NODE_616_length_3059_cov_20.037500	2567	2647	6	1	80	0.0125000
NODE_616_length_3059_cov_20.037500	2567	2647	8	21	80	0.2625000
NODE_616_length_3059_cov_20.037500	2567	2647	9	18	80	0.2250000
NODE_617_length_3058_cov_21.767489	2802	2882	10	6	80	0.0750000
NODE_617_length_3058_cov_21.767489	2802	2882	11	21	80	0.2625000
NODE_617_length_3058_cov_21.767489	2802	2882	12	13	80	0.1625000
NODE_617_length_3058_cov_21.767489	2802	2882	14	22	80	0.2750000
NODE_617_length_3058_cov_21.767489	2802	2882	16	18	80	0.2250000
NODE_617_length_3058_cov_21.767489	2855	2930	10	19	75	0.2533333
NODE_617_length_3058_cov_21.767489	2855	2930	12	14	75	0.1866667
NODE_617_length_3058_cov_21.767489	2855	2930	14	11	75	0.1466667
NODE_617_length_3058_cov_21.767489	2855	2930	16	25	75	0.3333333
NODE_617_length_3058_cov_21.767489	2855	2930	18	6	75	0.0800000
NODE_621_length_3047_cov_47.232361	418	489	0	51	71	0.7183099
NODE_621_length_3047_cov_47.232361	418	489	2	20	71	0.2816902
NODE_621_length_3047_cov_47.232361	758	801	0	8	43	0.1860465
NODE_621_length_3047_cov_47.232361	758	801	4	2	43	0.0465116
NODE_621_length_3047_cov_47.232361	758	801	6	3	43	0.0697674
NODE_621_length_3047_cov_47.232361	758	801	8	1	43	0.0232558
NODE_621_length_3047_cov_47.232361	758	801	10	26	43	0.6046512
NODE_621_length_3047_cov_47.232361	758	801	12	3	43	0.0697674
NODE_623_length_3044_cov_38.951783	1702	1782	0	43	80	0.5375000
NODE_623_length_3044_cov_38.951783	1702	1782	2	6	80	0.0750000
NODE_623_length_3044_cov_38.951783	1702	1782	4	31	80	0.3875000
NODE_623_length_3044_cov_38.951783	1755	1835	0	41	80	0.5125000
NODE_623_length_3044_cov_38.951783	1755	1835	3	18	80	0.2250000
NODE_623_length_3044_cov_38.951783	1755	1835	6	21	80	0.2625000
NODE_623_length_3044_cov_38.951783	1831	1911	6	48	80	0.6000000
NODE_623_length_3044_cov_38.951783	1831	1911	8	32	80	0.4000000
NODE_623_length_3044_cov_38.951783	1884	1964	2	3	80	0.0375000
NODE_623_length_3044_cov_38.951783	1884	1964	5	15	80	0.1875000
NODE_623_length_3044_cov_38.951783	1884	1964	8	62	80	0.7750000
NODE_623_length_3044_cov_38.951783	2556	2636	2	28	80	0.3500000
NODE_623_length_3044_cov_38.951783	2556	2636	4	52	80	0.6500000
NODE_623_length_3044_cov_38.951783	2609	2689	0	6	80	0.0750000
NODE_623_length_3044_cov_38.951783	2609	2689	2	1	80	0.0125000
NODE_623_length_3044_cov_38.951783	2609	2689	4	73	80	0.9125000
NODE_625_length_3039_cov_3.258163	261	337	0	7	76	0.0921053
NODE_625_length_3039_cov_3.258163	261	337	2	69	76	0.9078947
NODE_625_length_3039_cov_3.258163	261	336	0	7	75	0.0933333
NODE_625_length_3039_cov_3.258163	261	336	2	68	75	0.9066667
NODE_625_length_3039_cov_3.258163	261	337	0	7	76	0.0921053
NODE_625_length_3039_cov_3.258163	261	337	2	69	76	0.9078947
NODE_625_length_3039_cov_3.258163	270	337	2	67	67	1.0000000
NODE_627_length_3036_cov_8.968676	2303	2367	0	64	64	1.0000000
NODE_627_length_3036_cov_8.968676	2340	2420	0	80	80	1.0000000
NODE_627_length_3036_cov_8.968676	2416	2496	0	80	80	1.0000000
NODE_627_length_3036_cov_8.968676	2469	2549	0	80	80	1.0000000
NODE_629_length_3032_cov_7.470849	1026	1068	4	18	42	0.4285714
NODE_629_length_3032_cov_7.470849	1026	1068	6	24	42	0.5714286
NODE_630_length_3025_cov_11.862611	2371	2451	0	80	80	1.0000000
NODE_630_length_3025_cov_11.862611	2424	2504	0	80	80	1.0000000
NODE_630_length_3025_cov_11.862611	2500	2580	0	80	80	1.0000000
NODE_630_length_3025_cov_11.862611	2553	2633	0	80	80	1.0000000
NODE_635_length_3012_cov_33.100240	2379	2459	0	49	80	0.6125000
NODE_635_length_3012_cov_33.100240	2379	2459	2	4	80	0.0500000
NODE_635_length_3012_cov_33.100240	2379	2459	4	1	80	0.0125000
NODE_635_length_3012_cov_33.100240	2379	2459	6	12	80	0.1500000
NODE_635_length_3012_cov_33.100240	2379	2459	13	14	80	0.1750000
NODE_635_length_3012_cov_33.100240	2432	2512	4	1	80	0.0125000
NODE_635_length_3012_cov_33.100240	2432	2512	6	12	80	0.1500000
NODE_635_length_3012_cov_33.100240	2432	2512	11	6	80	0.0750000
NODE_635_length_3012_cov_33.100240	2432	2512	13	33	80	0.4125000
NODE_635_length_3012_cov_33.100240	2432	2512	15	28	80	0.3500000
NODE_637_length_3007_cov_11.843535	2641	2721	4	75	80	0.9375000
NODE_637_length_3007_cov_11.843535	2641	2721	5	3	80	0.0375000
NODE_637_length_3007_cov_11.843535	2641	2721	7	2	80	0.0250000
NODE_643_length_2992_cov_2.636709	2032	2112	0	22	80	0.2750000
NODE_643_length_2992_cov_2.636709	2032	2112	2	58	80	0.7250000
NODE_643_length_2992_cov_2.636709	2085	2165	2	80	80	1.0000000
NODE_646_length_2978_cov_4.883293	382	452	2	70	70	1.0000000
NODE_646_length_2978_cov_4.883293	1858	1938	0	80	80	1.0000000
NODE_646_length_2978_cov_4.883293	1926	1991	0	65	65	1.0000000
NODE_646_length_2978_cov_4.883293	1987	2066	0	79	79	1.0000000
NODE_646_length_2978_cov_4.883293	2040	2079	0	39	39	1.0000000
NODE_647_length_2976_cov_24.683003	1764	1844	0	32	80	0.4000000
NODE_647_length_2976_cov_24.683003	1764	1844	2	14	80	0.1750000
NODE_647_length_2976_cov_24.683003	1764	1844	4	34	80	0.4250000
NODE_647_length_2976_cov_24.683003	1817	1897	4	56	80	0.7000000
NODE_647_length_2976_cov_24.683003	1817	1897	6	1	80	0.0125000
NODE_647_length_2976_cov_24.683003	1817	1897	7	3	80	0.0375000
NODE_647_length_2976_cov_24.683003	1817	1897	11	5	80	0.0625000
NODE_647_length_2976_cov_24.683003	1817	1897	12	3	80	0.0375000
NODE_647_length_2976_cov_24.683003	1817	1897	14	12	80	0.1500000
NODE_647_length_2976_cov_24.683003	1893	1973	14	8	80	0.1000000
NODE_647_length_2976_cov_24.683003	1893	1973	20	1	80	0.0125000
NODE_647_length_2976_cov_24.683003	1893	1973	22	8	80	0.1000000
NODE_647_length_2976_cov_24.683003	1893	1973	31	1	80	0.0125000
NODE_647_length_2976_cov_24.683003	1893	1973	32	9	80	0.1125000
NODE_647_length_2976_cov_24.683003	1893	1973	36	30	80	0.3750000
NODE_647_length_2976_cov_24.683003	1893	1973	38	6	80	0.0750000
NODE_647_length_2976_cov_24.683003	1893	1973	40	17	80	0.2125000
NODE_647_length_2976_cov_24.683003	1946	2026	9	2	80	0.0250000
NODE_647_length_2976_cov_24.683003	1946	2026	10	10	80	0.1250000
NODE_647_length_2976_cov_24.683003	1946	2026	20	2	80	0.0250000
NODE_647_length_2976_cov_24.683003	1946	2026	24	5	80	0.0625000
NODE_647_length_2976_cov_24.683003	1946	2026	30	5	80	0.0625000
NODE_647_length_2976_cov_24.683003	1946	2026	32	2	80	0.0250000
NODE_647_length_2976_cov_24.683003	1946	2026	36	31	80	0.3875000
NODE_647_length_2976_cov_24.683003	1946	2026	38	6	80	0.0750000
NODE_647_length_2976_cov_24.683003	1946	2026	40	17	80	0.2125000
NODE_651_length_2967_cov_16.146095	238	318	4	25	80	0.3125000
NODE_651_length_2967_cov_16.146095	238	318	5	1	80	0.0125000
NODE_651_length_2967_cov_16.146095	238	318	6	13	80	0.1625000
NODE_651_length_2967_cov_16.146095	238	318	7	41	80	0.5125000
NODE_651_length_2967_cov_16.146095	291	371	3	27	80	0.3375000
NODE_651_length_2967_cov_16.146095	291	371	5	9	80	0.1125000
NODE_651_length_2967_cov_16.146095	291	371	6	3	80	0.0375000
NODE_651_length_2967_cov_16.146095	291	371	7	41	80	0.5125000
NODE_651_length_2967_cov_16.146095	367	447	7	5	80	0.0625000
NODE_651_length_2967_cov_16.146095	367	447	8	27	80	0.3375000
NODE_651_length_2967_cov_16.146095	367	447	12	1	80	0.0125000
NODE_651_length_2967_cov_16.146095	367	447	14	39	80	0.4875000
NODE_651_length_2967_cov_16.146095	367	447	16	8	80	0.1000000
NODE_651_length_2967_cov_16.146095	420	500	10	14	80	0.1750000
NODE_651_length_2967_cov_16.146095	420	500	12	1	80	0.0125000
NODE_651_length_2967_cov_16.146095	420	500	14	64	80	0.8000000
NODE_651_length_2967_cov_16.146095	420	500	16	1	80	0.0125000
NODE_653_length_2965_cov_19.913468	92	134	24	8	42	0.1904762
NODE_653_length_2965_cov_19.913468	92	134	26	1	42	0.0238095
NODE_653_length_2965_cov_19.913468	92	134	28	1	42	0.0238095
NODE_653_length_2965_cov_19.913468	92	134	32	4	42	0.0952381
NODE_653_length_2965_cov_19.913468	92	134	36	1	42	0.0238095
NODE_653_length_2965_cov_19.913468	92	134	38	2	42	0.0476190
NODE_653_length_2965_cov_19.913468	92	134	40	2	42	0.0476190
NODE_653_length_2965_cov_19.913468	92	134	48	1	42	0.0238095
NODE_653_length_2965_cov_19.913468	92	134	50	22	42	0.5238096
NODE_653_length_2965_cov_19.913468	109	178	0	10	69	0.1449275
NODE_653_length_2965_cov_19.913468	109	178	2	13	69	0.1884058
NODE_653_length_2965_cov_19.913468	109	178	4	5	69	0.0724638
NODE_653_length_2965_cov_19.913468	109	178	6	7	69	0.1014493
NODE_653_length_2965_cov_19.913468	109	178	8	2	69	0.0289855
NODE_653_length_2965_cov_19.913468	109	178	10	3	69	0.0434783
NODE_653_length_2965_cov_19.913468	109	178	12	2	69	0.0289855
NODE_653_length_2965_cov_19.913468	109	178	18	2	69	0.0289855
NODE_653_length_2965_cov_19.913468	109	178	24	8	69	0.1159420
NODE_653_length_2965_cov_19.913468	109	178	26	1	69	0.0144928
NODE_653_length_2965_cov_19.913468	109	178	28	1	69	0.0144928
NODE_653_length_2965_cov_19.913468	109	178	32	4	69	0.0579710
NODE_653_length_2965_cov_19.913468	109	178	36	1	69	0.0144928
NODE_653_length_2965_cov_19.913468	109	178	38	2	69	0.0289855
NODE_653_length_2965_cov_19.913468	109	178	40	2	69	0.0289855
NODE_653_length_2965_cov_19.913468	109	178	48	1	69	0.0144928
NODE_653_length_2965_cov_19.913468	109	178	50	5	69	0.0724638
NODE_653_length_2965_cov_19.913468	109	178	0	10	69	0.1449275
NODE_653_length_2965_cov_19.913468	109	178	2	13	69	0.1884058
NODE_653_length_2965_cov_19.913468	109	178	4	5	69	0.0724638
NODE_653_length_2965_cov_19.913468	109	178	6	7	69	0.1014493
NODE_653_length_2965_cov_19.913468	109	178	8	2	69	0.0289855
NODE_653_length_2965_cov_19.913468	109	178	10	3	69	0.0434783
NODE_653_length_2965_cov_19.913468	109	178	12	2	69	0.0289855
NODE_653_length_2965_cov_19.913468	109	178	18	2	69	0.0289855
NODE_653_length_2965_cov_19.913468	109	178	24	8	69	0.1159420
NODE_653_length_2965_cov_19.913468	109	178	26	1	69	0.0144928
NODE_653_length_2965_cov_19.913468	109	178	28	1	69	0.0144928
NODE_653_length_2965_cov_19.913468	109	178	32	4	69	0.0579710
NODE_653_length_2965_cov_19.913468	109	178	36	1	69	0.0144928
NODE_653_length_2965_cov_19.913468	109	178	38	2	69	0.0289855
NODE_653_length_2965_cov_19.913468	109	178	40	2	69	0.0289855
NODE_653_length_2965_cov_19.913468	109	178	48	1	69	0.0144928
NODE_653_length_2965_cov_19.913468	109	178	50	5	69	0.0724638
NODE_653_length_2965_cov_19.913468	2298	2378	0	80	80	1.0000000
NODE_653_length_2965_cov_19.913468	2351	2431	0	80	80	1.0000000
NODE_653_length_2965_cov_19.913468	2427	2507	0	53	80	0.6625000
NODE_653_length_2965_cov_19.913468	2427	2507	2	27	80	0.3375000
NODE_653_length_2965_cov_19.913468	2480	2560	2	80	80	1.0000000
NODE_656_length_2960_cov_35.741699	459	539	0	80	80	1.0000000
NODE_656_length_2960_cov_35.741699	512	592	0	80	80	1.0000000
NODE_659_length_2951_cov_7.195652	1100	1141	33	4	41	0.0975610
NODE_659_length_2951_cov_7.195652	1100	1141	34	12	41	0.2926829
NODE_659_length_2951_cov_7.195652	1100	1141	35	2	41	0.0487805
NODE_659_length_2951_cov_7.195652	1100	1141	36	5	41	0.1219512
NODE_659_length_2951_cov_7.195652	1100	1141	40	1	41	0.0243902
NODE_659_length_2951_cov_7.195652	1100	1141	42	2	41	0.0487805
NODE_659_length_2951_cov_7.195652	1100	1141	44	4	41	0.0975610
NODE_659_length_2951_cov_7.195652	1100	1141	45	7	41	0.1707317
NODE_659_length_2951_cov_7.195652	1100	1141	48	3	41	0.0731707
NODE_659_length_2951_cov_7.195652	1100	1141	49	1	41	0.0243902
NODE_665_length_2935_cov_37.693230	1492	1572	105	1	80	0.0125000
NODE_665_length_2935_cov_37.693230	1492	1572	107	1	80	0.0125000
NODE_665_length_2935_cov_37.693230	1492	1572	111	1	80	0.0125000
NODE_665_length_2935_cov_37.693230	1492	1572	121	1	80	0.0125000
NODE_665_length_2935_cov_37.693230	1492	1572	123	1	80	0.0125000
NODE_665_length_2935_cov_37.693230	1492	1572	128	1	80	0.0125000
NODE_665_length_2935_cov_37.693230	1492	1572	134	1	80	0.0125000
NODE_665_length_2935_cov_37.693230	1492	1572	137	1	80	0.0125000
NODE_665_length_2935_cov_37.693230	1492	1572	141	1	80	0.0125000
NODE_665_length_2935_cov_37.693230	1492	1572	143	1	80	0.0125000
NODE_665_length_2935_cov_37.693230	1492	1572	150	1	80	0.0125000
NODE_665_length_2935_cov_37.693230	1492	1572	152	1	80	0.0125000
NODE_665_length_2935_cov_37.693230	1492	1572	154	2	80	0.0250000
NODE_665_length_2935_cov_37.693230	1492	1572	156	2	80	0.0250000
NODE_665_length_2935_cov_37.693230	1492	1572	160	2	80	0.0250000
NODE_665_length_2935_cov_37.693230	1492	1572	161	5	80	0.0625000
NODE_665_length_2935_cov_37.693230	1492	1572	163	6	80	0.0750000
NODE_665_length_2935_cov_37.693230	1492	1572	165	2	80	0.0250000
NODE_665_length_2935_cov_37.693230	1492	1572	167	6	80	0.0750000
NODE_665_length_2935_cov_37.693230	1492	1572	169	1	80	0.0125000
NODE_665_length_2935_cov_37.693230	1492	1572	170	2	80	0.0250000
NODE_665_length_2935_cov_37.693230	1492	1572	171	3	80	0.0375000
NODE_665_length_2935_cov_37.693230	1492	1572	172	6	80	0.0750000
NODE_665_length_2935_cov_37.693230	1492	1572	173	16	80	0.2000000
NODE_665_length_2935_cov_37.693230	1492	1572	174	7	80	0.0875000
NODE_665_length_2935_cov_37.693230	1492	1572	175	8	80	0.1000000
NODE_665_length_2935_cov_37.693230	1534	1589	118	1	55	0.0181818
NODE_665_length_2935_cov_37.693230	1534	1589	120	1	55	0.0181818
NODE_665_length_2935_cov_37.693230	1534	1589	125	1	55	0.0181818
NODE_665_length_2935_cov_37.693230	1534	1589	127	2	55	0.0363636
NODE_665_length_2935_cov_37.693230	1534	1589	140	3	55	0.0545455
NODE_665_length_2935_cov_37.693230	1534	1589	142	4	55	0.0727273
NODE_665_length_2935_cov_37.693230	1534	1589	143	1	55	0.0181818
NODE_665_length_2935_cov_37.693230	1534	1589	145	2	55	0.0363636
NODE_665_length_2935_cov_37.693230	1534	1589	152	1	55	0.0181818
NODE_665_length_2935_cov_37.693230	1534	1589	155	1	55	0.0181818
NODE_665_length_2935_cov_37.693230	1534	1589	156	2	55	0.0363636
NODE_665_length_2935_cov_37.693230	1534	1589	161	3	55	0.0545455
NODE_665_length_2935_cov_37.693230	1534	1589	167	3	55	0.0545455
NODE_665_length_2935_cov_37.693230	1534	1589	171	3	55	0.0545455
NODE_665_length_2935_cov_37.693230	1534	1589	173	16	55	0.2909091
NODE_665_length_2935_cov_37.693230	1534	1589	174	3	55	0.0545455
NODE_665_length_2935_cov_37.693230	1534	1589	175	8	55	0.1454545
NODE_665_length_2935_cov_37.693230	1545	1619	69	3	74	0.0405405
NODE_665_length_2935_cov_37.693230	1545	1619	70	3	74	0.0405405
NODE_665_length_2935_cov_37.693230	1545	1619	77	1	74	0.0135135
NODE_665_length_2935_cov_37.693230	1545	1619	79	1	74	0.0135135
NODE_665_length_2935_cov_37.693230	1545	1619	86	4	74	0.0540541
NODE_665_length_2935_cov_37.693230	1545	1619	88	2	74	0.0270270
NODE_665_length_2935_cov_37.693230	1545	1619	90	2	74	0.0270270
NODE_665_length_2935_cov_37.693230	1545	1619	92	2	74	0.0270270
NODE_665_length_2935_cov_37.693230	1545	1619	95	1	74	0.0135135
NODE_665_length_2935_cov_37.693230	1545	1619	99	2	74	0.0270270
NODE_665_length_2935_cov_37.693230	1545	1619	101	6	74	0.0810811
NODE_665_length_2935_cov_37.693230	1545	1619	110	1	74	0.0135135
NODE_665_length_2935_cov_37.693230	1545	1619	114	1	74	0.0135135
NODE_665_length_2935_cov_37.693230	1545	1619	118	1	74	0.0135135
NODE_665_length_2935_cov_37.693230	1545	1619	120	1	74	0.0135135
NODE_665_length_2935_cov_37.693230	1545	1619	122	1	74	0.0135135
NODE_665_length_2935_cov_37.693230	1545	1619	125	1	74	0.0135135
NODE_665_length_2935_cov_37.693230	1545	1619	127	2	74	0.0270270
NODE_665_length_2935_cov_37.693230	1545	1619	140	3	74	0.0405405
NODE_665_length_2935_cov_37.693230	1545	1619	142	4	74	0.0540541
NODE_665_length_2935_cov_37.693230	1545	1619	143	1	74	0.0135135
NODE_665_length_2935_cov_37.693230	1545	1619	145	2	74	0.0270270
NODE_665_length_2935_cov_37.693230	1545	1619	152	1	74	0.0135135
NODE_665_length_2935_cov_37.693230	1545	1619	155	1	74	0.0135135
NODE_665_length_2935_cov_37.693230	1545	1619	156	2	74	0.0270270
NODE_665_length_2935_cov_37.693230	1545	1619	161	3	74	0.0405405
NODE_665_length_2935_cov_37.693230	1545	1619	167	3	74	0.0405405
NODE_665_length_2935_cov_37.693230	1545	1619	171	3	74	0.0405405
NODE_665_length_2935_cov_37.693230	1545	1619	173	14	74	0.1891892
NODE_665_length_2935_cov_37.693230	1545	1619	175	2	74	0.0270270
NODE_665_length_2935_cov_37.693230	1625	1701	32	2	76	0.0263158
NODE_665_length_2935_cov_37.693230	1625	1701	33	5	76	0.0657895
NODE_665_length_2935_cov_37.693230	1625	1701	34	5	76	0.0657895
NODE_665_length_2935_cov_37.693230	1625	1701	35	2	76	0.0263158
NODE_665_length_2935_cov_37.693230	1625	1701	36	8	76	0.1052632
NODE_665_length_2935_cov_37.693230	1625	1701	37	16	76	0.2105263
NODE_665_length_2935_cov_37.693230	1625	1701	38	11	76	0.1447368
NODE_665_length_2935_cov_37.693230	1625	1701	39	2	76	0.0263158
NODE_665_length_2935_cov_37.693230	1625	1701	40	17	76	0.2236842
NODE_665_length_2935_cov_37.693230	1625	1701	46	1	76	0.0131579
NODE_665_length_2935_cov_37.693230	1625	1701	47	1	76	0.0131579
NODE_665_length_2935_cov_37.693230	1625	1701	50	1	76	0.0131579
NODE_665_length_2935_cov_37.693230	1625	1701	56	3	76	0.0394737
NODE_665_length_2935_cov_37.693230	1625	1701	59	2	76	0.0263158
NODE_665_length_2935_cov_37.693230	2863	2906	12	5	43	0.1162791
NODE_665_length_2935_cov_37.693230	2863	2906	13	1	43	0.0232558
NODE_665_length_2935_cov_37.693230	2863	2906	14	37	43	0.8604651
NODE_675_length_2913_cov_4.376688	2664	2739	6	4	75	0.0533333
NODE_675_length_2913_cov_4.376688	2664	2739	12	8	75	0.1066667
NODE_675_length_2913_cov_4.376688	2664	2739	13	16	75	0.2133333
NODE_675_length_2913_cov_4.376688	2664	2739	17	26	75	0.3466667
NODE_675_length_2913_cov_4.376688	2664	2739	19	4	75	0.0533333
NODE_675_length_2913_cov_4.376688	2664	2739	20	1	75	0.0133333
NODE_675_length_2913_cov_4.376688	2664	2739	23	6	75	0.0800000
NODE_675_length_2913_cov_4.376688	2664	2739	29	2	75	0.0266667
NODE_675_length_2913_cov_4.376688	2664	2739	30	3	75	0.0400000
NODE_675_length_2913_cov_4.376688	2664	2739	31	5	75	0.0666667
NODE_675_length_2913_cov_4.376688	2664	2723	6	4	59	0.0677966
NODE_675_length_2913_cov_4.376688	2664	2723	12	8	59	0.1355932
NODE_675_length_2913_cov_4.376688	2664	2723	13	16	59	0.2711864
NODE_675_length_2913_cov_4.376688	2664	2723	17	26	59	0.4406780
NODE_675_length_2913_cov_4.376688	2664	2723	19	4	59	0.0677966
NODE_675_length_2913_cov_4.376688	2664	2723	20	1	59	0.0169492
NODE_675_length_2913_cov_4.376688	2664	2739	6	4	75	0.0533333
NODE_675_length_2913_cov_4.376688	2664	2739	12	8	75	0.1066667
NODE_675_length_2913_cov_4.376688	2664	2739	13	16	75	0.2133333
NODE_675_length_2913_cov_4.376688	2664	2739	17	26	75	0.3466667
NODE_675_length_2913_cov_4.376688	2664	2739	19	4	75	0.0533333
NODE_675_length_2913_cov_4.376688	2664	2739	20	1	75	0.0133333
NODE_675_length_2913_cov_4.376688	2664	2739	23	6	75	0.0800000
NODE_675_length_2913_cov_4.376688	2664	2739	29	2	75	0.0266667
NODE_675_length_2913_cov_4.376688	2664	2739	30	3	75	0.0400000
NODE_675_length_2913_cov_4.376688	2664	2739	31	5	75	0.0666667
NODE_675_length_2913_cov_4.376688	2664	2739	6	4	75	0.0533333
NODE_675_length_2913_cov_4.376688	2664	2739	12	8	75	0.1066667
NODE_675_length_2913_cov_4.376688	2664	2739	13	16	75	0.2133333
NODE_675_length_2913_cov_4.376688	2664	2739	17	26	75	0.3466667
NODE_675_length_2913_cov_4.376688	2664	2739	19	4	75	0.0533333
NODE_675_length_2913_cov_4.376688	2664	2739	20	1	75	0.0133333
NODE_675_length_2913_cov_4.376688	2664	2739	23	6	75	0.0800000
NODE_675_length_2913_cov_4.376688	2664	2739	29	2	75	0.0266667
NODE_675_length_2913_cov_4.376688	2664	2739	30	3	75	0.0400000
NODE_675_length_2913_cov_4.376688	2664	2739	31	5	75	0.0666667
NODE_675_length_2913_cov_4.376688	2673	2739	12	3	66	0.0454545
NODE_675_length_2913_cov_4.376688	2673	2739	13	16	66	0.2424242
NODE_675_length_2913_cov_4.376688	2673	2739	17	26	66	0.3939394
NODE_675_length_2913_cov_4.376688	2673	2739	19	4	66	0.0606061
NODE_675_length_2913_cov_4.376688	2673	2739	20	1	66	0.0151515
NODE_675_length_2913_cov_4.376688	2673	2739	23	6	66	0.0909091
NODE_675_length_2913_cov_4.376688	2673	2739	29	2	66	0.0303030
NODE_675_length_2913_cov_4.376688	2673	2739	30	3	66	0.0454545
NODE_675_length_2913_cov_4.376688	2673	2739	31	5	66	0.0757576
NODE_675_length_2913_cov_4.376688	2717	2780	17	1	63	0.0158730
NODE_675_length_2913_cov_4.376688	2717	2780	19	4	63	0.0634921
NODE_675_length_2913_cov_4.376688	2717	2780	20	1	63	0.0158730
NODE_675_length_2913_cov_4.376688	2717	2780	23	6	63	0.0952381
NODE_675_length_2913_cov_4.376688	2717	2780	29	2	63	0.0317460
NODE_675_length_2913_cov_4.376688	2717	2780	30	3	63	0.0476190
NODE_675_length_2913_cov_4.376688	2717	2780	31	7	63	0.1111111
NODE_675_length_2913_cov_4.376688	2717	2780	34	2	63	0.0317460
NODE_675_length_2913_cov_4.376688	2717	2780	36	15	63	0.2380952
NODE_675_length_2913_cov_4.376688	2717	2780	37	7	63	0.1111111
NODE_675_length_2913_cov_4.376688	2717	2780	38	1	63	0.0158730
NODE_675_length_2913_cov_4.376688	2717	2780	39	2	63	0.0317460
NODE_675_length_2913_cov_4.376688	2717	2780	40	12	63	0.1904762
NODE_675_length_2913_cov_4.376688	2745	2778	36	13	33	0.3939394
NODE_675_length_2913_cov_4.376688	2745	2778	37	5	33	0.1515152
NODE_675_length_2913_cov_4.376688	2745	2778	38	1	33	0.0303030
NODE_675_length_2913_cov_4.376688	2745	2778	39	2	33	0.0606061
NODE_675_length_2913_cov_4.376688	2745	2778	40	12	33	0.3636364
NODE_677_length_2909_cov_71.975089	2090	2174	10	9	84	0.1071429
NODE_677_length_2909_cov_71.975089	2090	2174	11	6	84	0.0714286
NODE_677_length_2909_cov_71.975089	2090	2174	12	13	84	0.1547619
NODE_677_length_2909_cov_71.975089	2090	2174	16	2	84	0.0238095
NODE_677_length_2909_cov_71.975089	2090	2174	18	13	84	0.1547619
NODE_677_length_2909_cov_71.975089	2090	2174	20	19	84	0.2261905
NODE_677_length_2909_cov_71.975089	2090	2174	22	1	84	0.0119048
NODE_677_length_2909_cov_71.975089	2090	2174	23	11	84	0.1309524
NODE_677_length_2909_cov_71.975089	2090	2174	24	10	84	0.1190476
NODE_678_length_2908_cov_5.937344	2495	2575	4	80	80	1.0000000
NODE_678_length_2908_cov_5.937344	2548	2628	0	18	80	0.2250000
NODE_678_length_2908_cov_5.937344	2548	2628	4	62	80	0.7750000
NODE_678_length_2908_cov_5.937344	2624	2704	0	80	80	1.0000000
NODE_678_length_2908_cov_5.937344	2677	2757	0	80	80	1.0000000
NODE_679_length_2905_cov_12.777619	2358	2419	6	27	61	0.4426230
NODE_679_length_2905_cov_12.777619	2358	2419	10	34	61	0.5573770
NODE_679_length_2905_cov_12.777619	2358	2419	6	27	61	0.4426230
NODE_679_length_2905_cov_12.777619	2358	2419	10	34	61	0.5573770
NODE_679_length_2905_cov_12.777619	2358	2419	6	27	61	0.4426230
NODE_679_length_2905_cov_12.777619	2358	2419	10	34	61	0.5573770
NODE_679_length_2905_cov_12.777619	2392	2472	4	13	80	0.1625000
NODE_679_length_2905_cov_12.777619	2392	2472	8	25	80	0.3125000
NODE_679_length_2905_cov_12.777619	2392	2472	10	42	80	0.5250000
NODE_680_length_2903_cov_5.474322	2423	2464	43	7	41	0.1707317
NODE_680_length_2903_cov_5.474322	2423	2464	44	4	41	0.0975610
NODE_680_length_2903_cov_5.474322	2423	2464	45	6	41	0.1463415
NODE_680_length_2903_cov_5.474322	2423	2464	46	19	41	0.4634146
NODE_680_length_2903_cov_5.474322	2423	2464	47	5	41	0.1219512
NODE_684_length_2898_cov_5.786352	0	74	0	38	74	0.5135135
NODE_684_length_2898_cov_5.786352	0	74	2	1	74	0.0135135
NODE_684_length_2898_cov_5.786352	0	74	3	1	74	0.0135135
NODE_684_length_2898_cov_5.786352	0	74	4	5	74	0.0675676
NODE_684_length_2898_cov_5.786352	0	74	9	2	74	0.0270270
NODE_684_length_2898_cov_5.786352	0	74	10	6	74	0.0810811
NODE_684_length_2898_cov_5.786352	0	74	12	2	74	0.0270270
NODE_684_length_2898_cov_5.786352	0	74	14	11	74	0.1486486
NODE_684_length_2898_cov_5.786352	0	74	16	8	74	0.1081081
NODE_684_length_2898_cov_5.786352	47	124	10	6	77	0.0779221
NODE_684_length_2898_cov_5.786352	47	124	12	2	77	0.0259740
NODE_684_length_2898_cov_5.786352	47	124	14	11	77	0.1428571
NODE_684_length_2898_cov_5.786352	47	124	16	11	77	0.1428571
NODE_684_length_2898_cov_5.786352	47	124	20	18	77	0.2337662
NODE_684_length_2898_cov_5.786352	47	124	21	23	77	0.2987013
NODE_684_length_2898_cov_5.786352	47	124	22	6	77	0.0779221
NODE_686_length_2895_cov_8.519313	869	949	0	7	80	0.0875000
NODE_686_length_2895_cov_8.519313	869	949	6	73	80	0.9125000
NODE_686_length_2895_cov_8.519313	922	1002	6	80	80	1.0000000
NODE_688_length_2894_cov_2.036136	2677	2757	6	12	80	0.1500000
NODE_688_length_2894_cov_2.036136	2677	2757	8	68	80	0.8500000
NODE_689_length_2891_cov_7.938037	193	275	0	15	82	0.1829268
NODE_689_length_2891_cov_7.938037	193	275	1	13	82	0.1585366
NODE_689_length_2891_cov_7.938037	193	275	3	11	82	0.1341463
NODE_689_length_2891_cov_7.938037	193	275	7	3	82	0.0365854
NODE_689_length_2891_cov_7.938037	193	275	19	1	82	0.0121951
NODE_689_length_2891_cov_7.938037	193	275	21	3	82	0.0365854
NODE_689_length_2891_cov_7.938037	193	275	24	3	82	0.0365854
NODE_689_length_2891_cov_7.938037	193	275	27	1	82	0.0121951
NODE_689_length_2891_cov_7.938037	193	275	29	2	82	0.0243902
NODE_689_length_2891_cov_7.938037	193	275	31	1	82	0.0121951
NODE_689_length_2891_cov_7.938037	193	275	35	2	82	0.0243902
NODE_689_length_2891_cov_7.938037	193	275	52	1	82	0.0121951
NODE_689_length_2891_cov_7.938037	193	275	62	2	82	0.0243902
NODE_689_length_2891_cov_7.938037	193	275	63	1	82	0.0121951
NODE_689_length_2891_cov_7.938037	193	275	67	1	82	0.0121951
NODE_689_length_2891_cov_7.938037	193	275	73	1	82	0.0121951
NODE_689_length_2891_cov_7.938037	193	275	75	1	82	0.0121951
NODE_689_length_2891_cov_7.938037	193	275	79	1	82	0.0121951
NODE_689_length_2891_cov_7.938037	193	275	81	4	82	0.0487805
NODE_689_length_2891_cov_7.938037	193	275	85	1	82	0.0121951
NODE_689_length_2891_cov_7.938037	193	275	88	3	82	0.0365854
NODE_689_length_2891_cov_7.938037	193	275	95	1	82	0.0121951
NODE_689_length_2891_cov_7.938037	193	275	96	1	82	0.0121951
NODE_689_length_2891_cov_7.938037	193	275	100	1	82	0.0121951
NODE_689_length_2891_cov_7.938037	193	275	101	1	82	0.0121951
NODE_689_length_2891_cov_7.938037	193	275	102	4	82	0.0487805
NODE_689_length_2891_cov_7.938037	193	275	103	2	82	0.0243902
NODE_689_length_2891_cov_7.938037	193	275	107	1	82	0.0121951
NODE_691_length_2889_cov_11.426882	407	487	0	80	80	1.0000000
NODE_691_length_2889_cov_11.426882	460	540	0	80	80	1.0000000
NODE_691_length_2889_cov_11.426882	1006	1086	13	1	80	0.0125000
NODE_691_length_2889_cov_11.426882	1006	1086	16	11	80	0.1375000
NODE_691_length_2889_cov_11.426882	1006	1086	24	3	80	0.0375000
NODE_691_length_2889_cov_11.426882	1006	1086	30	2	80	0.0250000
NODE_691_length_2889_cov_11.426882	1006	1086	31	16	80	0.2000000
NODE_691_length_2889_cov_11.426882	1006	1086	33	14	80	0.1750000
NODE_691_length_2889_cov_11.426882	1006	1086	34	18	80	0.2250000
NODE_691_length_2889_cov_11.426882	1006	1086	36	15	80	0.1875000
NODE_691_length_2889_cov_11.426882	1007	1086	13	1	79	0.0126582
NODE_691_length_2889_cov_11.426882	1007	1086	16	11	79	0.1392405
NODE_691_length_2889_cov_11.426882	1007	1086	24	3	79	0.0379747
NODE_691_length_2889_cov_11.426882	1007	1086	30	2	79	0.0253165
NODE_691_length_2889_cov_11.426882	1007	1086	31	16	79	0.2025317
NODE_691_length_2889_cov_11.426882	1007	1086	33	14	79	0.1772152
NODE_691_length_2889_cov_11.426882	1007	1086	34	18	79	0.2278481
NODE_691_length_2889_cov_11.426882	1007	1086	36	14	79	0.1772152
NODE_691_length_2889_cov_11.426882	1059	1138	0	43	79	0.5443038
NODE_691_length_2889_cov_11.426882	1059	1138	1	3	79	0.0379747
NODE_691_length_2889_cov_11.426882	1059	1138	3	1	79	0.0126582
NODE_691_length_2889_cov_11.426882	1059	1138	9	1	79	0.0126582
NODE_691_length_2889_cov_11.426882	1059	1138	11	3	79	0.0379747
NODE_691_length_2889_cov_11.426882	1059	1138	13	2	79	0.0253165
NODE_691_length_2889_cov_11.426882	1059	1138	16	11	79	0.1392405
NODE_691_length_2889_cov_11.426882	1059	1138	24	3	79	0.0379747
NODE_691_length_2889_cov_11.426882	1059	1138	30	2	79	0.0253165
NODE_691_length_2889_cov_11.426882	1059	1138	31	10	79	0.1265823
NODE_691_length_2889_cov_11.426882	1059	1138	0	43	79	0.5443038
NODE_691_length_2889_cov_11.426882	1059	1138	1	3	79	0.0379747
NODE_691_length_2889_cov_11.426882	1059	1138	3	1	79	0.0126582
NODE_691_length_2889_cov_11.426882	1059	1138	9	1	79	0.0126582
NODE_691_length_2889_cov_11.426882	1059	1138	11	3	79	0.0379747
NODE_691_length_2889_cov_11.426882	1059	1138	13	2	79	0.0253165
NODE_691_length_2889_cov_11.426882	1059	1138	16	11	79	0.1392405
NODE_691_length_2889_cov_11.426882	1059	1138	24	3	79	0.0379747
NODE_691_length_2889_cov_11.426882	1059	1138	30	2	79	0.0253165
NODE_691_length_2889_cov_11.426882	1059	1138	31	10	79	0.1265823
NODE_693_length_2888_cov_3.789172	992	1072	5	7	80	0.0875000
NODE_693_length_2888_cov_3.789172	992	1072	11	46	80	0.5750000
NODE_693_length_2888_cov_3.789172	992	1072	12	27	80	0.3375000
NODE_693_length_2888_cov_3.789172	1045	1087	4	14	42	0.3333333
NODE_693_length_2888_cov_3.789172	1045	1087	5	8	42	0.1904762
NODE_693_length_2888_cov_3.789172	1045	1087	11	20	42	0.4761905
NODE_697_length_2878_cov_6.277798	2712	2781	0	28	69	0.4057971
NODE_697_length_2878_cov_6.277798	2712	2781	2	41	69	0.5942029
NODE_703_length_2862_cov_9.060803	2409	2489	0	80	80	1.0000000
NODE_703_length_2862_cov_9.060803	2462	2542	0	80	80	1.0000000
NODE_712_length_2840_cov_2.079533	1660	1740	0	33	80	0.4125000
NODE_712_length_2840_cov_2.079533	1660	1740	2	47	80	0.5875000
NODE_713_length_2839_cov_16.762044	327	402	0	75	75	1.0000000
NODE_713_length_2839_cov_16.762044	380	468	0	88	88	1.0000000
NODE_713_length_2839_cov_16.762044	1021	1101	0	80	80	1.0000000
NODE_713_length_2839_cov_16.762044	1074	1154	0	80	80	1.0000000
NODE_714_length_2835_cov_29.691520	1552	1581	55	5	29	0.1724138
NODE_714_length_2835_cov_29.691520	1552	1581	56	1	29	0.0344828
NODE_714_length_2835_cov_29.691520	1552	1581	57	17	29	0.5862069
NODE_714_length_2835_cov_29.691520	1552	1581	59	6	29	0.2068966
NODE_714_length_2835_cov_29.691520	1554	1629	16	2	75	0.0266667
NODE_714_length_2835_cov_29.691520	1554	1629	20	1	75	0.0133333
NODE_714_length_2835_cov_29.691520	1554	1629	22	7	75	0.0933333
NODE_714_length_2835_cov_29.691520	1554	1629	23	3	75	0.0400000
NODE_714_length_2835_cov_29.691520	1554	1629	28	1	75	0.0133333
NODE_714_length_2835_cov_29.691520	1554	1629	29	1	75	0.0133333
NODE_714_length_2835_cov_29.691520	1554	1629	30	3	75	0.0400000
NODE_714_length_2835_cov_29.691520	1554	1629	35	2	75	0.0266667
NODE_714_length_2835_cov_29.691520	1554	1629	36	3	75	0.0400000
NODE_714_length_2835_cov_29.691520	1554	1629	38	3	75	0.0400000
NODE_714_length_2835_cov_29.691520	1554	1629	42	1	75	0.0133333
NODE_714_length_2835_cov_29.691520	1554	1629	44	4	75	0.0533333
NODE_714_length_2835_cov_29.691520	1554	1629	46	2	75	0.0266667
NODE_714_length_2835_cov_29.691520	1554	1629	50	3	75	0.0400000
NODE_714_length_2835_cov_29.691520	1554	1629	51	5	75	0.0666667
NODE_714_length_2835_cov_29.691520	1554	1629	52	1	75	0.0133333
NODE_714_length_2835_cov_29.691520	1554	1629	53	3	75	0.0400000
NODE_714_length_2835_cov_29.691520	1554	1629	55	8	75	0.1066667
NODE_714_length_2835_cov_29.691520	1554	1629	56	1	75	0.0133333
NODE_714_length_2835_cov_29.691520	1554	1629	57	17	75	0.2266667
NODE_714_length_2835_cov_29.691520	1554	1629	59	4	75	0.0533333
NODE_720_length_2825_cov_9.731108	487	567	1	52	80	0.6500000
NODE_720_length_2825_cov_9.731108	487	567	2	28	80	0.3500000
NODE_720_length_2825_cov_9.731108	540	620	0	29	80	0.3625000
NODE_720_length_2825_cov_9.731108	540	620	1	51	80	0.6375000
NODE_726_length_2810_cov_2.844338	206	289	61	7	83	0.0843373
NODE_726_length_2810_cov_2.844338	206	289	68	2	83	0.0240964
NODE_726_length_2810_cov_2.844338	206	289	73	1	83	0.0120482
NODE_726_length_2810_cov_2.844338	206	289	75	3	83	0.0361446
NODE_726_length_2810_cov_2.844338	206	289	77	1	83	0.0120482
NODE_726_length_2810_cov_2.844338	206	289	78	1	83	0.0120482
NODE_726_length_2810_cov_2.844338	206	289	80	4	83	0.0481928
NODE_726_length_2810_cov_2.844338	206	289	81	8	83	0.0963855
NODE_726_length_2810_cov_2.844338	206	289	82	1	83	0.0120482
NODE_726_length_2810_cov_2.844338	206	289	84	2	83	0.0240964
NODE_726_length_2810_cov_2.844338	206	289	85	6	83	0.0722892
NODE_726_length_2810_cov_2.844338	206	289	87	10	83	0.1204819
NODE_726_length_2810_cov_2.844338	206	289	88	2	83	0.0240964
NODE_726_length_2810_cov_2.844338	206	289	89	1	83	0.0120482
NODE_726_length_2810_cov_2.844338	206	289	91	1	83	0.0120482
NODE_726_length_2810_cov_2.844338	206	289	92	21	83	0.2530121
NODE_726_length_2810_cov_2.844338	206	289	93	8	83	0.0963855
NODE_726_length_2810_cov_2.844338	206	289	95	4	83	0.0481928
NODE_728_length_2808_cov_2.867110	140	163	0	23	23	1.0000000
NODE_729_length_2807_cov_8.423191	125	205	10	11	80	0.1375000
NODE_729_length_2807_cov_8.423191	125	205	12	69	80	0.8625000
NODE_729_length_2807_cov_8.423191	178	258	2	14	80	0.1750000
NODE_729_length_2807_cov_8.423191	178	258	4	5	80	0.0625000
NODE_729_length_2807_cov_8.423191	178	258	8	20	80	0.2500000
NODE_729_length_2807_cov_8.423191	178	258	10	7	80	0.0875000
NODE_729_length_2807_cov_8.423191	178	258	12	34	80	0.4250000
NODE_729_length_2807_cov_8.423191	2451	2515	0	64	64	1.0000000
NODE_735_length_2801_cov_26.131384	461	521	4	14	60	0.2333333
NODE_735_length_2801_cov_26.131384	461	521	8	46	60	0.7666667
NODE_735_length_2801_cov_26.131384	494	574	0	9	80	0.1125000
NODE_735_length_2801_cov_26.131384	494	574	4	22	80	0.2750000
NODE_735_length_2801_cov_26.131384	494	574	8	49	80	0.6125000
NODE_735_length_2801_cov_26.131384	1536	1596	8	1	60	0.0166667
NODE_735_length_2801_cov_26.131384	1536	1596	10	1	60	0.0166667
NODE_735_length_2801_cov_26.131384	1536	1596	14	4	60	0.0666667
NODE_735_length_2801_cov_26.131384	1536	1596	15	4	60	0.0666667
NODE_735_length_2801_cov_26.131384	1536	1596	17	5	60	0.0833333
NODE_735_length_2801_cov_26.131384	1536	1596	19	15	60	0.2500000
NODE_735_length_2801_cov_26.131384	1536	1596	21	6	60	0.1000000
NODE_735_length_2801_cov_26.131384	1536	1596	22	24	60	0.4000000
NODE_735_length_2801_cov_26.131384	1815	1881	0	11	66	0.1666667
NODE_735_length_2801_cov_26.131384	1815	1881	2	55	66	0.8333333
NODE_735_length_2801_cov_26.131384	1854	1934	2	33	80	0.4125000
NODE_735_length_2801_cov_26.131384	1854	1934	4	47	80	0.5875000
NODE_736_length_2801_cov_3.594375	2589	2645	0	56	56	1.0000000
NODE_738_length_2796_cov_94.511680	1090	1137	7	1	47	0.0212766
NODE_738_length_2796_cov_94.511680	1090	1137	11	4	47	0.0851064
NODE_738_length_2796_cov_94.511680	1090	1137	13	1	47	0.0212766
NODE_738_length_2796_cov_94.511680	1090	1137	14	5	47	0.1063830
NODE_738_length_2796_cov_94.511680	1090	1137	16	4	47	0.0851064
NODE_738_length_2796_cov_94.511680	1090	1137	17	18	47	0.3829787
NODE_738_length_2796_cov_94.511680	1090	1137	19	7	47	0.1489362
NODE_738_length_2796_cov_94.511680	1090	1137	21	4	47	0.0851064
NODE_738_length_2796_cov_94.511680	1090	1137	22	1	47	0.0212766
NODE_738_length_2796_cov_94.511680	1090	1137	25	1	47	0.0212766
NODE_738_length_2796_cov_94.511680	1090	1137	27	1	47	0.0212766
NODE_738_length_2796_cov_94.511680	2717	2796	0	79	79	1.0000000
NODE_744_length_2791_cov_9.997028	310	390	0	80	80	1.0000000
NODE_744_length_2791_cov_9.997028	363	443	0	80	80	1.0000000
NODE_752_length_2778_cov_31.340799	2241	2321	0	80	80	1.0000000
NODE_752_length_2778_cov_31.340799	2294	2374	0	80	80	1.0000000
NODE_752_length_2778_cov_31.340799	2370	2450	0	9	80	0.1125000
NODE_752_length_2778_cov_31.340799	2370	2450	4	71	80	0.8875000
NODE_752_length_2778_cov_31.340799	2423	2503	0	43	80	0.5375000
NODE_752_length_2778_cov_31.340799	2423	2503	4	37	80	0.4625000
NODE_752_length_2778_cov_31.340799	2564	2620	0	56	56	1.0000000
NODE_758_length_2767_cov_12.450150	1941	2021	0	80	80	1.0000000
NODE_758_length_2767_cov_12.450150	1994	2074	0	80	80	1.0000000
NODE_767_length_2745_cov_5.322751	511	583	9	1	72	0.0138889
NODE_767_length_2745_cov_5.322751	511	583	15	10	72	0.1388889
NODE_767_length_2745_cov_5.322751	511	583	17	15	72	0.2083333
NODE_767_length_2745_cov_5.322751	511	583	18	18	72	0.2500000
NODE_767_length_2745_cov_5.322751	511	583	19	22	72	0.3055556
NODE_767_length_2745_cov_5.322751	511	583	20	6	72	0.0833333
NODE_777_length_2720_cov_25.561618	2213	2293	0	14	80	0.1750000
NODE_777_length_2720_cov_25.561618	2213	2293	6	66	80	0.8250000
NODE_777_length_2720_cov_25.561618	2266	2346	0	30	80	0.3750000
NODE_777_length_2720_cov_25.561618	2266	2346	1	37	80	0.4625000
NODE_777_length_2720_cov_25.561618	2266	2346	6	13	80	0.1625000
NODE_782_length_2716_cov_39.885747	715	795	11	1	80	0.0125000
NODE_782_length_2716_cov_39.885747	715	795	13	6	80	0.0750000
NODE_782_length_2716_cov_39.885747	715	795	14	24	80	0.3000000
NODE_782_length_2716_cov_39.885747	715	795	17	35	80	0.4375000
NODE_782_length_2716_cov_39.885747	715	795	18	5	80	0.0625000
NODE_782_length_2716_cov_39.885747	715	795	20	9	80	0.1125000
NODE_782_length_2716_cov_39.885747	768	848	16	16	80	0.2000000
NODE_782_length_2716_cov_39.885747	768	848	17	13	80	0.1625000
NODE_782_length_2716_cov_39.885747	768	848	18	40	80	0.5000000
NODE_782_length_2716_cov_39.885747	768	848	20	11	80	0.1375000
NODE_782_length_2716_cov_39.885747	844	924	11	16	80	0.2000000
NODE_782_length_2716_cov_39.885747	844	924	13	12	80	0.1500000
NODE_782_length_2716_cov_39.885747	844	924	16	24	80	0.3000000
NODE_782_length_2716_cov_39.885747	844	924	17	6	80	0.0750000
NODE_782_length_2716_cov_39.885747	844	924	18	19	80	0.2375000
NODE_782_length_2716_cov_39.885747	844	924	19	1	80	0.0125000
NODE_782_length_2716_cov_39.885747	844	924	20	2	80	0.0250000
NODE_782_length_2716_cov_39.885747	897	977	0	10	80	0.1250000
NODE_782_length_2716_cov_39.885747	897	977	2	2	80	0.0250000
NODE_782_length_2716_cov_39.885747	897	977	4	35	80	0.4375000
NODE_782_length_2716_cov_39.885747	897	977	6	4	80	0.0500000
NODE_782_length_2716_cov_39.885747	897	977	11	18	80	0.2250000
NODE_782_length_2716_cov_39.885747	897	977	13	11	80	0.1375000
NODE_785_length_2710_cov_10.896974	2410	2446	0	36	36	1.0000000
NODE_785_length_2710_cov_10.896974	2419	2499	0	80	80	1.0000000
NODE_788_length_2708_cov_25.097355	2289	2369	0	1	80	0.0125000
NODE_788_length_2708_cov_25.097355	2289	2369	4	79	80	0.9875000
NODE_788_length_2708_cov_25.097355	2342	2422	0	54	80	0.6750000
NODE_788_length_2708_cov_25.097355	2342	2422	4	26	80	0.3250000
NODE_789_length_2708_cov_14.569950	18	98	217	1	80	0.0125000
NODE_789_length_2708_cov_14.569950	18	98	225	1	80	0.0125000
NODE_789_length_2708_cov_14.569950	18	98	227	1	80	0.0125000
NODE_789_length_2708_cov_14.569950	18	98	241	1	80	0.0125000
NODE_789_length_2708_cov_14.569950	18	98	243	1	80	0.0125000
NODE_789_length_2708_cov_14.569950	18	98	254	2	80	0.0250000
NODE_789_length_2708_cov_14.569950	18	98	266	1	80	0.0125000
NODE_789_length_2708_cov_14.569950	18	98	268	1	80	0.0125000
NODE_789_length_2708_cov_14.569950	18	98	272	3	80	0.0375000
NODE_789_length_2708_cov_14.569950	18	98	277	1	80	0.0125000
NODE_789_length_2708_cov_14.569950	18	98	288	1	80	0.0125000
NODE_789_length_2708_cov_14.569950	18	98	299	1	80	0.0125000
NODE_789_length_2708_cov_14.569950	18	98	306	1	80	0.0125000
NODE_789_length_2708_cov_14.569950	18	98	307	1	80	0.0125000
NODE_789_length_2708_cov_14.569950	18	98	313	1	80	0.0125000
NODE_789_length_2708_cov_14.569950	18	98	314	1	80	0.0125000
NODE_789_length_2708_cov_14.569950	18	98	316	1	80	0.0125000
NODE_789_length_2708_cov_14.569950	18	98	320	60	80	0.7500000
NODE_789_length_2708_cov_14.569950	71	134	27	1	63	0.0158730
NODE_789_length_2708_cov_14.569950	71	134	76	1	63	0.0158730
NODE_789_length_2708_cov_14.569950	71	134	92	1	63	0.0158730
NODE_789_length_2708_cov_14.569950	71	134	122	1	63	0.0158730
NODE_789_length_2708_cov_14.569950	71	134	160	1	63	0.0158730
NODE_789_length_2708_cov_14.569950	71	134	185	1	63	0.0158730
NODE_789_length_2708_cov_14.569950	71	134	208	1	63	0.0158730
NODE_789_length_2708_cov_14.569950	71	134	231	1	63	0.0158730
NODE_789_length_2708_cov_14.569950	71	134	235	2	63	0.0317460
NODE_789_length_2708_cov_14.569950	71	134	237	1	63	0.0158730
NODE_789_length_2708_cov_14.569950	71	134	248	1	63	0.0158730
NODE_789_length_2708_cov_14.569950	71	134	254	1	63	0.0158730
NODE_789_length_2708_cov_14.569950	71	134	256	1	63	0.0158730
NODE_789_length_2708_cov_14.569950	71	134	260	1	63	0.0158730
NODE_789_length_2708_cov_14.569950	71	134	274	1	63	0.0158730
NODE_789_length_2708_cov_14.569950	71	134	276	2	63	0.0317460
NODE_789_length_2708_cov_14.569950	71	134	280	1	63	0.0158730
NODE_789_length_2708_cov_14.569950	71	134	286	1	63	0.0158730
NODE_789_length_2708_cov_14.569950	71	134	290	4	63	0.0634921
NODE_789_length_2708_cov_14.569950	71	134	292	1	63	0.0158730
NODE_789_length_2708_cov_14.569950	71	134	296	1	63	0.0158730
NODE_789_length_2708_cov_14.569950	71	134	302	1	63	0.0158730
NODE_789_length_2708_cov_14.569950	71	134	308	1	63	0.0158730
NODE_789_length_2708_cov_14.569950	71	134	310	1	63	0.0158730
NODE_789_length_2708_cov_14.569950	71	134	314	2	63	0.0317460
NODE_789_length_2708_cov_14.569950	71	134	320	32	63	0.5079365
NODE_797_length_2691_cov_35.457948	401	481	0	37	80	0.4625000
NODE_797_length_2691_cov_35.457948	401	481	2	4	80	0.0500000
NODE_797_length_2691_cov_35.457948	401	481	4	24	80	0.3000000
NODE_797_length_2691_cov_35.457948	401	481	5	15	80	0.1875000
NODE_797_length_2691_cov_35.457948	454	534	4	12	80	0.1500000
NODE_797_length_2691_cov_35.457948	454	534	5	16	80	0.2000000
NODE_797_length_2691_cov_35.457948	454	534	6	7	80	0.0875000
NODE_797_length_2691_cov_35.457948	454	534	8	45	80	0.5625000
NODE_803_length_2684_cov_17.345068	146	194	2	48	48	1.0000000
NODE_803_length_2684_cov_17.345068	146	194	2	48	48	1.0000000
NODE_803_length_2684_cov_17.345068	146	194	2	48	48	1.0000000
NODE_803_length_2684_cov_17.345068	146	194	2	48	48	1.0000000
NODE_803_length_2684_cov_17.345068	146	194	2	48	48	1.0000000
NODE_805_length_2682_cov_43.500581	913	992	171	1	79	0.0126582
NODE_805_length_2682_cov_43.500581	913	992	173	1	79	0.0126582
NODE_805_length_2682_cov_43.500581	913	992	181	1	79	0.0126582
NODE_805_length_2682_cov_43.500581	913	992	182	1	79	0.0126582
NODE_805_length_2682_cov_43.500581	913	992	184	2	79	0.0253165
NODE_805_length_2682_cov_43.500581	913	992	185	1	79	0.0126582
NODE_805_length_2682_cov_43.500581	913	992	188	3	79	0.0379747
NODE_805_length_2682_cov_43.500581	913	992	189	5	79	0.0632911
NODE_805_length_2682_cov_43.500581	913	992	190	1	79	0.0126582
NODE_805_length_2682_cov_43.500581	913	992	191	2	79	0.0253165
NODE_805_length_2682_cov_43.500581	913	992	192	1	79	0.0126582
NODE_805_length_2682_cov_43.500581	913	992	195	6	79	0.0759494
NODE_805_length_2682_cov_43.500581	913	992	196	1	79	0.0126582
NODE_805_length_2682_cov_43.500581	913	992	199	7	79	0.0886076
NODE_805_length_2682_cov_43.500581	913	992	200	1	79	0.0126582
NODE_805_length_2682_cov_43.500581	913	992	201	5	79	0.0632911
NODE_805_length_2682_cov_43.500581	913	992	202	1	79	0.0126582
NODE_805_length_2682_cov_43.500581	913	992	205	2	79	0.0253165
NODE_805_length_2682_cov_43.500581	913	992	207	3	79	0.0379747
NODE_805_length_2682_cov_43.500581	913	992	209	11	79	0.1392405
NODE_805_length_2682_cov_43.500581	913	992	211	1	79	0.0126582
NODE_805_length_2682_cov_43.500581	913	992	213	1	79	0.0126582
NODE_805_length_2682_cov_43.500581	913	992	215	1	79	0.0126582
NODE_805_length_2682_cov_43.500581	913	992	219	2	79	0.0253165
NODE_805_length_2682_cov_43.500581	913	992	220	1	79	0.0126582
NODE_805_length_2682_cov_43.500581	913	992	221	1	79	0.0126582
NODE_805_length_2682_cov_43.500581	913	992	222	4	79	0.0506329
NODE_805_length_2682_cov_43.500581	913	992	223	3	79	0.0379747
NODE_805_length_2682_cov_43.500581	913	992	224	1	79	0.0126582
NODE_805_length_2682_cov_43.500581	913	992	225	4	79	0.0506329
NODE_805_length_2682_cov_43.500581	913	992	227	4	79	0.0506329
NODE_805_length_2682_cov_43.500581	965	1002	191	1	37	0.0270270
NODE_805_length_2682_cov_43.500581	965	1002	193	5	37	0.1351351
NODE_805_length_2682_cov_43.500581	965	1002	195	1	37	0.0270270
NODE_805_length_2682_cov_43.500581	965	1002	199	9	37	0.2432432
NODE_805_length_2682_cov_43.500581	965	1002	200	1	37	0.0270270
NODE_805_length_2682_cov_43.500581	965	1002	202	1	37	0.0270270
NODE_805_length_2682_cov_43.500581	965	1002	205	2	37	0.0540541
NODE_805_length_2682_cov_43.500581	965	1002	209	3	37	0.0810811
NODE_805_length_2682_cov_43.500581	965	1002	215	1	37	0.0270270
NODE_805_length_2682_cov_43.500581	965	1002	219	2	37	0.0540541
NODE_805_length_2682_cov_43.500581	965	1002	221	1	37	0.0270270
NODE_805_length_2682_cov_43.500581	965	1002	222	1	37	0.0270270
NODE_805_length_2682_cov_43.500581	965	1002	223	1	37	0.0270270
NODE_805_length_2682_cov_43.500581	965	1002	225	4	37	0.1081081
NODE_805_length_2682_cov_43.500581	965	1002	227	4	37	0.1081081
NODE_808_length_2675_cov_10.369565	209	289	20	2	80	0.0250000
NODE_808_length_2675_cov_10.369565	209	289	21	4	80	0.0500000
NODE_808_length_2675_cov_10.369565	209	289	22	2	80	0.0250000
NODE_808_length_2675_cov_10.369565	209	289	24	1	80	0.0125000
NODE_808_length_2675_cov_10.369565	209	289	28	8	80	0.1000000
NODE_808_length_2675_cov_10.369565	209	289	30	5	80	0.0625000
NODE_808_length_2675_cov_10.369565	209	289	35	2	80	0.0250000
NODE_808_length_2675_cov_10.369565	209	289	39	2	80	0.0250000
NODE_808_length_2675_cov_10.369565	209	289	41	3	80	0.0375000
NODE_808_length_2675_cov_10.369565	209	289	44	1	80	0.0125000
NODE_808_length_2675_cov_10.369565	209	289	46	9	80	0.1125000
NODE_808_length_2675_cov_10.369565	209	289	48	2	80	0.0250000
NODE_808_length_2675_cov_10.369565	209	289	50	18	80	0.2250000
NODE_808_length_2675_cov_10.369565	209	289	51	2	80	0.0250000
NODE_808_length_2675_cov_10.369565	209	289	54	8	80	0.1000000
NODE_808_length_2675_cov_10.369565	209	289	55	11	80	0.1375000
NODE_813_length_2670_cov_17.489304	1995	2075	0	80	80	1.0000000
NODE_813_length_2670_cov_17.489304	2048	2128	0	69	80	0.8625000
NODE_813_length_2670_cov_17.489304	2048	2128	2	8	80	0.1000000
NODE_813_length_2670_cov_17.489304	2048	2128	9	3	80	0.0375000
NODE_813_length_2670_cov_17.489304	2124	2204	2	1	80	0.0125000
NODE_813_length_2670_cov_17.489304	2124	2204	9	4	80	0.0500000
NODE_813_length_2670_cov_17.489304	2124	2204	12	9	80	0.1125000
NODE_813_length_2670_cov_17.489304	2124	2204	14	1	80	0.0125000
NODE_813_length_2670_cov_17.489304	2124	2204	15	1	80	0.0125000
NODE_813_length_2670_cov_17.489304	2124	2204	16	64	80	0.8000000
NODE_813_length_2670_cov_17.489304	2177	2257	6	1	80	0.0125000
NODE_813_length_2670_cov_17.489304	2177	2257	16	79	80	0.9875000
NODE_815_length_2665_cov_19.145752	548	628	2	13	80	0.1625000
NODE_815_length_2665_cov_19.145752	548	628	4	50	80	0.6250000
NODE_815_length_2665_cov_19.145752	548	628	8	17	80	0.2125000
NODE_815_length_2665_cov_19.145752	601	681	4	10	80	0.1250000
NODE_815_length_2665_cov_19.145752	601	681	5	6	80	0.0750000
NODE_815_length_2665_cov_19.145752	601	681	6	9	80	0.1125000
NODE_815_length_2665_cov_19.145752	601	681	8	55	80	0.6875000
NODE_815_length_2665_cov_19.145752	2099	2176	0	19	77	0.2467532
NODE_815_length_2665_cov_19.145752	2099	2176	2	38	77	0.4935065
NODE_815_length_2665_cov_19.145752	2099	2176	4	20	77	0.2597403
NODE_815_length_2665_cov_19.145752	2172	2252	4	24	80	0.3000000
NODE_815_length_2665_cov_19.145752	2172	2252	8	15	80	0.1875000
NODE_815_length_2665_cov_19.145752	2172	2252	10	41	80	0.5125000
NODE_815_length_2665_cov_19.145752	2172	2252	4	24	80	0.3000000
NODE_815_length_2665_cov_19.145752	2172	2252	8	15	80	0.1875000
NODE_815_length_2665_cov_19.145752	2172	2252	10	41	80	0.5125000
NODE_815_length_2665_cov_19.145752	2225	2267	6	11	42	0.2619048
NODE_815_length_2665_cov_19.145752	2225	2267	8	14	42	0.3333333
NODE_815_length_2665_cov_19.145752	2225	2267	10	17	42	0.4047619
NODE_816_length_2664_cov_4.175049	2005	2085	8	14	80	0.1750000
NODE_816_length_2664_cov_4.175049	2005	2085	9	9	80	0.1125000
NODE_816_length_2664_cov_4.175049	2005	2085	10	57	80	0.7125000
NODE_816_length_2664_cov_4.175049	2058	2138	0	7	80	0.0875000
NODE_816_length_2664_cov_4.175049	2058	2138	1	27	80	0.3375000
NODE_816_length_2664_cov_4.175049	2058	2138	3	5	80	0.0625000
NODE_816_length_2664_cov_4.175049	2058	2138	6	1	80	0.0125000
NODE_816_length_2664_cov_4.175049	2058	2138	7	12	80	0.1500000
NODE_816_length_2664_cov_4.175049	2058	2138	9	10	80	0.1250000
NODE_816_length_2664_cov_4.175049	2058	2138	10	18	80	0.2250000
NODE_822_length_2650_cov_19.800862	800	880	12	2	80	0.0250000
NODE_822_length_2650_cov_19.800862	800	880	16	7	80	0.0875000
NODE_822_length_2650_cov_19.800862	800	880	18	4	80	0.0500000
NODE_822_length_2650_cov_19.800862	800	880	20	8	80	0.1000000
NODE_822_length_2650_cov_19.800862	800	880	26	19	80	0.2375000
NODE_822_length_2650_cov_19.800862	800	880	28	3	80	0.0375000
NODE_822_length_2650_cov_19.800862	800	880	30	37	80	0.4625000
NODE_824_length_2645_cov_8.618225	931	1011	0	12	80	0.1500000
NODE_824_length_2645_cov_8.618225	931	1011	2	68	80	0.8500000
NODE_824_length_2645_cov_8.618225	984	1064	0	30	80	0.3750000
NODE_824_length_2645_cov_8.618225	984	1064	2	50	80	0.6250000
NODE_827_length_2640_cov_16.462810	94	164	241	1	70	0.0142857
NODE_827_length_2640_cov_16.462810	94	164	242	1	70	0.0142857
NODE_827_length_2640_cov_16.462810	94	164	245	1	70	0.0142857
NODE_827_length_2640_cov_16.462810	94	164	248	3	70	0.0428571
NODE_827_length_2640_cov_16.462810	94	164	251	3	70	0.0428571
NODE_827_length_2640_cov_16.462810	94	164	258	1	70	0.0142857
NODE_827_length_2640_cov_16.462810	94	164	263	1	70	0.0142857
NODE_827_length_2640_cov_16.462810	94	164	267	1	70	0.0142857
NODE_827_length_2640_cov_16.462810	94	164	268	1	70	0.0142857
NODE_827_length_2640_cov_16.462810	94	164	275	1	70	0.0142857
NODE_827_length_2640_cov_16.462810	94	164	281	1	70	0.0142857
NODE_827_length_2640_cov_16.462810	94	164	283	1	70	0.0142857
NODE_827_length_2640_cov_16.462810	94	164	284	1	70	0.0142857
NODE_827_length_2640_cov_16.462810	94	164	285	1	70	0.0142857
NODE_827_length_2640_cov_16.462810	94	164	286	1	70	0.0142857
NODE_827_length_2640_cov_16.462810	94	164	287	1	70	0.0142857
NODE_827_length_2640_cov_16.462810	94	164	290	1	70	0.0142857
NODE_827_length_2640_cov_16.462810	94	164	291	1	70	0.0142857
NODE_827_length_2640_cov_16.462810	94	164	298	1	70	0.0142857
NODE_827_length_2640_cov_16.462810	94	164	304	3	70	0.0428571
NODE_827_length_2640_cov_16.462810	94	164	307	1	70	0.0142857
NODE_827_length_2640_cov_16.462810	94	164	314	1	70	0.0142857
NODE_827_length_2640_cov_16.462810	94	164	318	1	70	0.0142857
NODE_827_length_2640_cov_16.462810	94	164	319	3	70	0.0428571
NODE_827_length_2640_cov_16.462810	94	164	320	1	70	0.0142857
NODE_827_length_2640_cov_16.462810	94	164	321	1	70	0.0142857
NODE_827_length_2640_cov_16.462810	94	164	322	2	70	0.0285714
NODE_827_length_2640_cov_16.462810	94	164	330	1	70	0.0142857
NODE_827_length_2640_cov_16.462810	94	164	331	3	70	0.0428571
NODE_827_length_2640_cov_16.462810	94	164	334	1	70	0.0142857
NODE_827_length_2640_cov_16.462810	94	164	336	4	70	0.0571429
NODE_827_length_2640_cov_16.462810	94	164	338	3	70	0.0428571
NODE_827_length_2640_cov_16.462810	94	164	339	2	70	0.0285714
NODE_827_length_2640_cov_16.462810	94	164	342	1	70	0.0142857
NODE_827_length_2640_cov_16.462810	94	164	344	6	70	0.0857143
NODE_827_length_2640_cov_16.462810	94	164	345	2	70	0.0285714
NODE_827_length_2640_cov_16.462810	94	164	348	4	70	0.0571429
NODE_827_length_2640_cov_16.462810	94	164	349	1	70	0.0142857
NODE_827_length_2640_cov_16.462810	94	164	350	3	70	0.0428571
NODE_827_length_2640_cov_16.462810	94	164	352	3	70	0.0428571
NODE_827_length_2640_cov_16.462810	147	209	138	2	62	0.0322581
NODE_827_length_2640_cov_16.462810	147	209	140	1	62	0.0161290
NODE_827_length_2640_cov_16.462810	147	209	146	1	62	0.0161290
NODE_827_length_2640_cov_16.462810	147	209	148	2	62	0.0322581
NODE_827_length_2640_cov_16.462810	147	209	152	2	62	0.0322581
NODE_827_length_2640_cov_16.462810	147	209	162	1	62	0.0161290
NODE_827_length_2640_cov_16.462810	147	209	164	3	62	0.0483871
NODE_827_length_2640_cov_16.462810	147	209	166	1	62	0.0161290
NODE_827_length_2640_cov_16.462810	147	209	168	2	62	0.0322581
NODE_827_length_2640_cov_16.462810	147	209	170	1	62	0.0161290
NODE_827_length_2640_cov_16.462810	147	209	174	2	62	0.0322581
NODE_827_length_2640_cov_16.462810	147	209	175	1	62	0.0161290
NODE_827_length_2640_cov_16.462810	147	209	179	3	62	0.0483871
NODE_827_length_2640_cov_16.462810	147	209	180	1	62	0.0161290
NODE_827_length_2640_cov_16.462810	147	209	184	1	62	0.0161290
NODE_827_length_2640_cov_16.462810	147	209	192	1	62	0.0161290
NODE_827_length_2640_cov_16.462810	147	209	197	1	62	0.0161290
NODE_827_length_2640_cov_16.462810	147	209	198	1	62	0.0161290
NODE_827_length_2640_cov_16.462810	147	209	202	3	62	0.0483871
NODE_827_length_2640_cov_16.462810	147	209	209	1	62	0.0161290
NODE_827_length_2640_cov_16.462810	147	209	215	1	62	0.0161290
NODE_827_length_2640_cov_16.462810	147	209	218	1	62	0.0161290
NODE_827_length_2640_cov_16.462810	147	209	219	1	62	0.0161290
NODE_827_length_2640_cov_16.462810	147	209	222	2	62	0.0322581
NODE_827_length_2640_cov_16.462810	147	209	226	2	62	0.0322581
NODE_827_length_2640_cov_16.462810	147	209	231	2	62	0.0322581
NODE_827_length_2640_cov_16.462810	147	209	232	1	62	0.0161290
NODE_827_length_2640_cov_16.462810	147	209	239	2	62	0.0322581
NODE_827_length_2640_cov_16.462810	147	209	241	3	62	0.0483871
NODE_827_length_2640_cov_16.462810	147	209	242	1	62	0.0161290
NODE_827_length_2640_cov_16.462810	147	209	245	1	62	0.0161290
NODE_827_length_2640_cov_16.462810	147	209	248	3	62	0.0483871
NODE_827_length_2640_cov_16.462810	147	209	251	3	62	0.0483871
NODE_827_length_2640_cov_16.462810	147	209	258	1	62	0.0161290
NODE_827_length_2640_cov_16.462810	147	209	263	1	62	0.0161290
NODE_827_length_2640_cov_16.462810	147	209	267	1	62	0.0161290
NODE_827_length_2640_cov_16.462810	147	209	268	1	62	0.0161290
NODE_827_length_2640_cov_16.462810	147	209	275	1	62	0.0161290
NODE_827_length_2640_cov_16.462810	147	209	281	1	62	0.0161290
NODE_827_length_2640_cov_16.462810	147	209	283	1	62	0.0161290
NODE_827_length_2640_cov_16.462810	147	209	284	1	62	0.0161290
NODE_828_length_2636_cov_200.191171	561	641	877	1	80	0.0125000
NODE_828_length_2636_cov_200.191171	561	641	881	1	80	0.0125000
NODE_828_length_2636_cov_200.191171	561	641	903	1	80	0.0125000
NODE_828_length_2636_cov_200.191171	561	641	923	1	80	0.0125000
NODE_828_length_2636_cov_200.191171	561	641	971	1	80	0.0125000
NODE_828_length_2636_cov_200.191171	561	641	1009	1	80	0.0125000
NODE_828_length_2636_cov_200.191171	561	641	1044	1	80	0.0125000
NODE_828_length_2636_cov_200.191171	561	641	1074	1	80	0.0125000
NODE_828_length_2636_cov_200.191171	561	641	1079	1	80	0.0125000
NODE_828_length_2636_cov_200.191171	561	641	1091	1	80	0.0125000
NODE_828_length_2636_cov_200.191171	561	641	1110	1	80	0.0125000
NODE_828_length_2636_cov_200.191171	561	641	1126	1	80	0.0125000
NODE_828_length_2636_cov_200.191171	561	641	1157	1	80	0.0125000
NODE_828_length_2636_cov_200.191171	561	641	1184	1	80	0.0125000
NODE_828_length_2636_cov_200.191171	561	641	1204	1	80	0.0125000
NODE_828_length_2636_cov_200.191171	561	641	1209	1	80	0.0125000
NODE_828_length_2636_cov_200.191171	561	641	1220	1	80	0.0125000
NODE_828_length_2636_cov_200.191171	561	641	1234	1	80	0.0125000
NODE_828_length_2636_cov_200.191171	561	641	1253	1	80	0.0125000
NODE_828_length_2636_cov_200.191171	561	641	1259	1	80	0.0125000
NODE_828_length_2636_cov_200.191171	561	641	1267	1	80	0.0125000
NODE_828_length_2636_cov_200.191171	561	641	1271	1	80	0.0125000
NODE_828_length_2636_cov_200.191171	561	641	1320	1	80	0.0125000
NODE_828_length_2636_cov_200.191171	561	641	1326	1	80	0.0125000
NODE_828_length_2636_cov_200.191171	561	641	1361	2	80	0.0250000
NODE_828_length_2636_cov_200.191171	561	641	1368	1	80	0.0125000
NODE_828_length_2636_cov_200.191171	561	641	1371	1	80	0.0125000
NODE_828_length_2636_cov_200.191171	561	641	1376	1	80	0.0125000
NODE_828_length_2636_cov_200.191171	561	641	1382	2	80	0.0250000
NODE_828_length_2636_cov_200.191171	561	641	1385	1	80	0.0125000
NODE_828_length_2636_cov_200.191171	561	641	1387	1	80	0.0125000
NODE_828_length_2636_cov_200.191171	561	641	1389	1	80	0.0125000
NODE_828_length_2636_cov_200.191171	561	641	1392	1	80	0.0125000
NODE_828_length_2636_cov_200.191171	561	641	1395	1	80	0.0125000
NODE_828_length_2636_cov_200.191171	561	641	1403	1	80	0.0125000
NODE_828_length_2636_cov_200.191171	561	641	1407	1	80	0.0125000
NODE_828_length_2636_cov_200.191171	561	641	1410	1	80	0.0125000
NODE_828_length_2636_cov_200.191171	561	641	1421	1	80	0.0125000
NODE_828_length_2636_cov_200.191171	561	641	1422	2	80	0.0250000
NODE_828_length_2636_cov_200.191171	561	641	1424	1	80	0.0125000
NODE_828_length_2636_cov_200.191171	561	641	1425	1	80	0.0125000
NODE_828_length_2636_cov_200.191171	561	641	1426	1	80	0.0125000
NODE_828_length_2636_cov_200.191171	561	641	1428	1	80	0.0125000
NODE_828_length_2636_cov_200.191171	561	641	1432	3	80	0.0375000
NODE_828_length_2636_cov_200.191171	561	641	1434	1	80	0.0125000
NODE_828_length_2636_cov_200.191171	561	641	1436	1	80	0.0125000
NODE_828_length_2636_cov_200.191171	561	641	1437	1	80	0.0125000
NODE_828_length_2636_cov_200.191171	561	641	1438	1	80	0.0125000
NODE_828_length_2636_cov_200.191171	561	641	1439	2	80	0.0250000
NODE_828_length_2636_cov_200.191171	561	641	1440	4	80	0.0500000
NODE_828_length_2636_cov_200.191171	561	641	1441	2	80	0.0250000
NODE_828_length_2636_cov_200.191171	561	641	1442	2	80	0.0250000
NODE_828_length_2636_cov_200.191171	561	641	1443	8	80	0.1000000
NODE_828_length_2636_cov_200.191171	561	641	1444	2	80	0.0250000
NODE_828_length_2636_cov_200.191171	561	641	1445	2	80	0.0250000
NODE_828_length_2636_cov_200.191171	561	641	1446	1	80	0.0125000
NODE_828_length_2636_cov_200.191171	561	641	1447	1	80	0.0125000
NODE_828_length_2636_cov_200.191171	561	641	1449	1	80	0.0125000
NODE_828_length_2636_cov_200.191171	561	641	1451	1	80	0.0125000
NODE_828_length_2636_cov_200.191171	561	641	1452	1	80	0.0125000
NODE_828_length_2636_cov_200.191171	614	695	302	1	81	0.0123457
NODE_828_length_2636_cov_200.191171	614	695	322	1	81	0.0123457
NODE_828_length_2636_cov_200.191171	614	695	342	1	81	0.0123457
NODE_828_length_2636_cov_200.191171	614	695	355	1	81	0.0123457
NODE_828_length_2636_cov_200.191171	614	695	391	1	81	0.0123457
NODE_828_length_2636_cov_200.191171	614	695	394	1	81	0.0123457
NODE_828_length_2636_cov_200.191171	614	695	433	1	81	0.0123457
NODE_828_length_2636_cov_200.191171	614	695	452	1	81	0.0123457
NODE_828_length_2636_cov_200.191171	614	695	472	1	81	0.0123457
NODE_828_length_2636_cov_200.191171	614	695	484	1	81	0.0123457
NODE_828_length_2636_cov_200.191171	614	695	502	1	81	0.0123457
NODE_828_length_2636_cov_200.191171	614	695	554	1	81	0.0123457
NODE_828_length_2636_cov_200.191171	614	695	573	1	81	0.0123457
NODE_828_length_2636_cov_200.191171	614	695	577	1	81	0.0123457
NODE_828_length_2636_cov_200.191171	614	695	635	1	81	0.0123457
NODE_828_length_2636_cov_200.191171	614	695	657	1	81	0.0123457
NODE_828_length_2636_cov_200.191171	614	695	671	1	81	0.0123457
NODE_828_length_2636_cov_200.191171	614	695	684	1	81	0.0123457
NODE_828_length_2636_cov_200.191171	614	695	694	1	81	0.0123457
NODE_828_length_2636_cov_200.191171	614	695	731	1	81	0.0123457
NODE_828_length_2636_cov_200.191171	614	695	745	1	81	0.0123457
NODE_828_length_2636_cov_200.191171	614	695	761	1	81	0.0123457
NODE_828_length_2636_cov_200.191171	614	695	791	1	81	0.0123457
NODE_828_length_2636_cov_200.191171	614	695	816	1	81	0.0123457
NODE_828_length_2636_cov_200.191171	614	695	853	1	81	0.0123457
NODE_828_length_2636_cov_200.191171	614	695	884	1	81	0.0123457
NODE_828_length_2636_cov_200.191171	614	695	916	1	81	0.0123457
NODE_828_length_2636_cov_200.191171	614	695	935	1	81	0.0123457
NODE_828_length_2636_cov_200.191171	614	695	963	1	81	0.0123457
NODE_828_length_2636_cov_200.191171	614	695	995	1	81	0.0123457
NODE_828_length_2636_cov_200.191171	614	695	1093	1	81	0.0123457
NODE_828_length_2636_cov_200.191171	614	695	1111	1	81	0.0123457
NODE_828_length_2636_cov_200.191171	614	695	1131	1	81	0.0123457
NODE_828_length_2636_cov_200.191171	614	695	1135	1	81	0.0123457
NODE_828_length_2636_cov_200.191171	614	695	1138	2	81	0.0246914
NODE_828_length_2636_cov_200.191171	614	695	1148	1	81	0.0123457
NODE_828_length_2636_cov_200.191171	614	695	1150	1	81	0.0123457
NODE_828_length_2636_cov_200.191171	614	695	1152	1	81	0.0123457
NODE_828_length_2636_cov_200.191171	614	695	1191	1	81	0.0123457
NODE_828_length_2636_cov_200.191171	614	695	1202	1	81	0.0123457
NODE_828_length_2636_cov_200.191171	614	695	1218	1	81	0.0123457
NODE_828_length_2636_cov_200.191171	614	695	1244	1	81	0.0123457
NODE_828_length_2636_cov_200.191171	614	695	1262	1	81	0.0123457
NODE_828_length_2636_cov_200.191171	614	695	1267	1	81	0.0123457
NODE_828_length_2636_cov_200.191171	614	695	1279	1	81	0.0123457
NODE_828_length_2636_cov_200.191171	614	695	1290	1	81	0.0123457
NODE_828_length_2636_cov_200.191171	614	695	1305	1	81	0.0123457
NODE_828_length_2636_cov_200.191171	614	695	1314	1	81	0.0123457
NODE_828_length_2636_cov_200.191171	614	695	1323	1	81	0.0123457
NODE_828_length_2636_cov_200.191171	614	695	1325	1	81	0.0123457
NODE_828_length_2636_cov_200.191171	614	695	1329	1	81	0.0123457
NODE_828_length_2636_cov_200.191171	614	695	1340	1	81	0.0123457
NODE_828_length_2636_cov_200.191171	614	695	1359	1	81	0.0123457
NODE_828_length_2636_cov_200.191171	614	695	1361	2	81	0.0246914
NODE_828_length_2636_cov_200.191171	614	695	1376	1	81	0.0123457
NODE_828_length_2636_cov_200.191171	614	695	1382	1	81	0.0123457
NODE_828_length_2636_cov_200.191171	614	695	1385	1	81	0.0123457
NODE_828_length_2636_cov_200.191171	614	695	1387	1	81	0.0123457
NODE_828_length_2636_cov_200.191171	614	695	1389	1	81	0.0123457
NODE_828_length_2636_cov_200.191171	614	695	1395	1	81	0.0123457
NODE_828_length_2636_cov_200.191171	614	695	1407	1	81	0.0123457
NODE_828_length_2636_cov_200.191171	614	695	1421	1	81	0.0123457
NODE_828_length_2636_cov_200.191171	614	695	1422	1	81	0.0123457
NODE_828_length_2636_cov_200.191171	614	695	1424	1	81	0.0123457
NODE_828_length_2636_cov_200.191171	614	695	1425	1	81	0.0123457
NODE_828_length_2636_cov_200.191171	614	695	1432	1	81	0.0123457
NODE_828_length_2636_cov_200.191171	614	695	1436	1	81	0.0123457
NODE_828_length_2636_cov_200.191171	614	695	1439	1	81	0.0123457
NODE_828_length_2636_cov_200.191171	614	695	1440	2	81	0.0246914
NODE_828_length_2636_cov_200.191171	614	695	1442	2	81	0.0246914
NODE_828_length_2636_cov_200.191171	614	695	1443	4	81	0.0493827
NODE_828_length_2636_cov_200.191171	614	695	1444	1	81	0.0123457
NODE_828_length_2636_cov_200.191171	614	695	1445	2	81	0.0246914
NODE_830_length_2631_cov_10.831754	446	526	2	49	80	0.6125000
NODE_830_length_2631_cov_10.831754	446	526	4	1	80	0.0125000
NODE_830_length_2631_cov_10.831754	446	526	6	30	80	0.3750000
NODE_830_length_2631_cov_10.831754	499	572	6	73	73	1.0000000
NODE_833_length_2622_cov_63.057471	1877	1953	181	2	76	0.0263158
NODE_833_length_2622_cov_63.057471	1877	1953	191	2	76	0.0263158
NODE_833_length_2622_cov_63.057471	1877	1953	192	8	76	0.1052632
NODE_833_length_2622_cov_63.057471	1877	1953	198	2	76	0.0263158
NODE_833_length_2622_cov_63.057471	1877	1953	200	3	76	0.0394737
NODE_833_length_2622_cov_63.057471	1877	1953	201	1	76	0.0131579
NODE_833_length_2622_cov_63.057471	1877	1953	203	1	76	0.0131579
NODE_833_length_2622_cov_63.057471	1877	1953	205	11	76	0.1447368
NODE_833_length_2622_cov_63.057471	1877	1953	206	9	76	0.1184211
NODE_833_length_2622_cov_63.057471	1877	1953	207	11	76	0.1447368
NODE_833_length_2622_cov_63.057471	1877	1953	208	5	76	0.0657895
NODE_833_length_2622_cov_63.057471	1877	1953	209	5	76	0.0657895
NODE_833_length_2622_cov_63.057471	1877	1953	211	16	76	0.2105263
NODE_833_length_2622_cov_63.057471	2426	2506	105	1	80	0.0125000
NODE_833_length_2622_cov_63.057471	2426	2506	110	1	80	0.0125000
NODE_833_length_2622_cov_63.057471	2426	2506	111	1	80	0.0125000
NODE_833_length_2622_cov_63.057471	2426	2506	118	4	80	0.0500000
NODE_833_length_2622_cov_63.057471	2426	2506	120	4	80	0.0500000
NODE_833_length_2622_cov_63.057471	2426	2506	121	1	80	0.0125000
NODE_833_length_2622_cov_63.057471	2426	2506	125	1	80	0.0125000
NODE_833_length_2622_cov_63.057471	2426	2506	130	1	80	0.0125000
NODE_833_length_2622_cov_63.057471	2426	2506	134	1	80	0.0125000
NODE_833_length_2622_cov_63.057471	2426	2506	135	1	80	0.0125000
NODE_833_length_2622_cov_63.057471	2426	2506	136	2	80	0.0250000
NODE_833_length_2622_cov_63.057471	2426	2506	137	1	80	0.0125000
NODE_833_length_2622_cov_63.057471	2426	2506	139	2	80	0.0250000
NODE_833_length_2622_cov_63.057471	2426	2506	145	1	80	0.0125000
NODE_833_length_2622_cov_63.057471	2426	2506	151	1	80	0.0125000
NODE_833_length_2622_cov_63.057471	2426	2506	152	1	80	0.0125000
NODE_833_length_2622_cov_63.057471	2426	2506	168	1	80	0.0125000
NODE_833_length_2622_cov_63.057471	2426	2506	169	1	80	0.0125000
NODE_833_length_2622_cov_63.057471	2426	2506	170	2	80	0.0250000
NODE_833_length_2622_cov_63.057471	2426	2506	171	3	80	0.0375000
NODE_833_length_2622_cov_63.057471	2426	2506	174	1	80	0.0125000
NODE_833_length_2622_cov_63.057471	2426	2506	180	1	80	0.0125000
NODE_833_length_2622_cov_63.057471	2426	2506	182	2	80	0.0250000
NODE_833_length_2622_cov_63.057471	2426	2506	191	2	80	0.0250000
NODE_833_length_2622_cov_63.057471	2426	2506	200	1	80	0.0125000
NODE_833_length_2622_cov_63.057471	2426	2506	202	1	80	0.0125000
NODE_833_length_2622_cov_63.057471	2426	2506	210	2	80	0.0250000
NODE_833_length_2622_cov_63.057471	2426	2506	211	2	80	0.0250000
NODE_833_length_2622_cov_63.057471	2426	2506	213	3	80	0.0375000
NODE_833_length_2622_cov_63.057471	2426	2506	215	1	80	0.0125000
NODE_833_length_2622_cov_63.057471	2426	2506	221	1	80	0.0125000
NODE_833_length_2622_cov_63.057471	2426	2506	222	1	80	0.0125000
NODE_833_length_2622_cov_63.057471	2426	2506	223	6	80	0.0750000
NODE_833_length_2622_cov_63.057471	2426	2506	224	1	80	0.0125000
NODE_833_length_2622_cov_63.057471	2426	2506	225	8	80	0.1000000
NODE_833_length_2622_cov_63.057471	2426	2506	227	7	80	0.0875000
NODE_833_length_2622_cov_63.057471	2426	2506	228	4	80	0.0500000
NODE_833_length_2622_cov_63.057471	2426	2506	229	1	80	0.0125000
NODE_833_length_2622_cov_63.057471	2426	2506	230	1	80	0.0125000
NODE_833_length_2622_cov_63.057471	2426	2506	232	3	80	0.0375000
NODE_833_length_2622_cov_63.057471	2479	2559	150	3	80	0.0375000
NODE_833_length_2622_cov_63.057471	2479	2559	156	1	80	0.0125000
NODE_833_length_2622_cov_63.057471	2479	2559	168	2	80	0.0250000
NODE_833_length_2622_cov_63.057471	2479	2559	170	4	80	0.0500000
NODE_833_length_2622_cov_63.057471	2479	2559	173	1	80	0.0125000
NODE_833_length_2622_cov_63.057471	2479	2559	178	4	80	0.0500000
NODE_833_length_2622_cov_63.057471	2479	2559	179	1	80	0.0125000
NODE_833_length_2622_cov_63.057471	2479	2559	180	6	80	0.0750000
NODE_833_length_2622_cov_63.057471	2479	2559	181	1	80	0.0125000
NODE_833_length_2622_cov_63.057471	2479	2559	185	1	80	0.0125000
NODE_833_length_2622_cov_63.057471	2479	2559	189	1	80	0.0125000
NODE_833_length_2622_cov_63.057471	2479	2559	190	1	80	0.0125000
NODE_833_length_2622_cov_63.057471	2479	2559	191	3	80	0.0375000
NODE_833_length_2622_cov_63.057471	2479	2559	195	1	80	0.0125000
NODE_833_length_2622_cov_63.057471	2479	2559	197	1	80	0.0125000
NODE_833_length_2622_cov_63.057471	2479	2559	200	3	80	0.0375000
NODE_833_length_2622_cov_63.057471	2479	2559	201	2	80	0.0250000
NODE_833_length_2622_cov_63.057471	2479	2559	202	1	80	0.0125000
NODE_833_length_2622_cov_63.057471	2479	2559	206	2	80	0.0250000
NODE_833_length_2622_cov_63.057471	2479	2559	207	1	80	0.0125000
NODE_833_length_2622_cov_63.057471	2479	2559	210	5	80	0.0625000
NODE_833_length_2622_cov_63.057471	2479	2559	218	1	80	0.0125000
NODE_833_length_2622_cov_63.057471	2479	2559	220	5	80	0.0625000
NODE_833_length_2622_cov_63.057471	2479	2559	221	1	80	0.0125000
NODE_833_length_2622_cov_63.057471	2479	2559	223	2	80	0.0250000
NODE_833_length_2622_cov_63.057471	2479	2559	224	1	80	0.0125000
NODE_833_length_2622_cov_63.057471	2479	2559	225	8	80	0.1000000
NODE_833_length_2622_cov_63.057471	2479	2559	227	8	80	0.1000000
NODE_833_length_2622_cov_63.057471	2479	2559	228	4	80	0.0500000
NODE_833_length_2622_cov_63.057471	2479	2559	229	1	80	0.0125000
NODE_833_length_2622_cov_63.057471	2479	2559	230	1	80	0.0125000
NODE_833_length_2622_cov_63.057471	2479	2559	232	3	80	0.0375000
NODE_836_length_2617_cov_16.817315	1404	1448	0	8	44	0.1818182
NODE_836_length_2617_cov_16.817315	1404	1448	2	29	44	0.6590909
NODE_836_length_2617_cov_16.817315	1404	1448	4	7	44	0.1590909
NODE_836_length_2617_cov_16.817315	1467	1521	4	14	54	0.2592593
NODE_836_length_2617_cov_16.817315	1467	1521	6	40	54	0.7407407
NODE_839_length_2610_cov_2.232577	2127	2163	0	36	36	1.0000000
NODE_840_length_2609_cov_13.245418	2066	2146	0	10	80	0.1250000
NODE_840_length_2609_cov_13.245418	2066	2146	15	3	80	0.0375000
NODE_840_length_2609_cov_13.245418	2066	2146	19	10	80	0.1250000
NODE_840_length_2609_cov_13.245418	2066	2146	23	32	80	0.4000000
NODE_840_length_2609_cov_13.245418	2066	2146	36	6	80	0.0750000
NODE_840_length_2609_cov_13.245418	2066	2146	37	19	80	0.2375000
NODE_840_length_2609_cov_13.245418	2119	2199	0	63	80	0.7875000
NODE_840_length_2609_cov_13.245418	2119	2199	15	3	80	0.0375000
NODE_840_length_2609_cov_13.245418	2119	2199	19	10	80	0.1250000
NODE_840_length_2609_cov_13.245418	2119	2199	23	4	80	0.0500000
NODE_840_length_2609_cov_13.245418	2195	2275	0	80	80	1.0000000
NODE_840_length_2609_cov_13.245418	2248	2328	0	80	80	1.0000000
NODE_845_length_2595_cov_5.638622	2157	2237	0	80	80	1.0000000
NODE_847_length_2594_cov_109.880160	386	450	148	1	64	0.0156250
NODE_847_length_2594_cov_109.880160	386	450	152	1	64	0.0156250
NODE_847_length_2594_cov_109.880160	386	450	159	1	64	0.0156250
NODE_847_length_2594_cov_109.880160	386	450	161	1	64	0.0156250
NODE_847_length_2594_cov_109.880160	386	450	167	1	64	0.0156250
NODE_847_length_2594_cov_109.880160	386	450	173	1	64	0.0156250
NODE_847_length_2594_cov_109.880160	386	450	177	2	64	0.0312500
NODE_847_length_2594_cov_109.880160	386	450	192	1	64	0.0156250
NODE_847_length_2594_cov_109.880160	386	450	204	1	64	0.0156250
NODE_847_length_2594_cov_109.880160	386	450	214	1	64	0.0156250
NODE_847_length_2594_cov_109.880160	386	450	219	3	64	0.0468750
NODE_847_length_2594_cov_109.880160	386	450	224	1	64	0.0156250
NODE_847_length_2594_cov_109.880160	386	450	226	1	64	0.0156250
NODE_847_length_2594_cov_109.880160	386	450	232	2	64	0.0312500
NODE_847_length_2594_cov_109.880160	386	450	249	1	64	0.0156250
NODE_847_length_2594_cov_109.880160	386	450	259	1	64	0.0156250
NODE_847_length_2594_cov_109.880160	386	450	274	1	64	0.0156250
NODE_847_length_2594_cov_109.880160	386	450	278	2	64	0.0312500
NODE_847_length_2594_cov_109.880160	386	450	279	2	64	0.0312500
NODE_847_length_2594_cov_109.880160	386	450	299	1	64	0.0156250
NODE_847_length_2594_cov_109.880160	386	450	305	1	64	0.0156250
NODE_847_length_2594_cov_109.880160	386	450	325	1	64	0.0156250
NODE_847_length_2594_cov_109.880160	386	450	339	1	64	0.0156250
NODE_847_length_2594_cov_109.880160	386	450	359	1	64	0.0156250
NODE_847_length_2594_cov_109.880160	386	450	376	1	64	0.0156250
NODE_847_length_2594_cov_109.880160	386	450	394	1	64	0.0156250
NODE_847_length_2594_cov_109.880160	386	450	395	1	64	0.0156250
NODE_847_length_2594_cov_109.880160	386	450	402	1	64	0.0156250
NODE_847_length_2594_cov_109.880160	386	450	404	1	64	0.0156250
NODE_847_length_2594_cov_109.880160	386	450	405	1	64	0.0156250
NODE_847_length_2594_cov_109.880160	386	450	406	1	64	0.0156250
NODE_847_length_2594_cov_109.880160	386	450	411	1	64	0.0156250
NODE_847_length_2594_cov_109.880160	386	450	421	1	64	0.0156250
NODE_847_length_2594_cov_109.880160	386	450	423	3	64	0.0468750
NODE_847_length_2594_cov_109.880160	386	450	425	1	64	0.0156250
NODE_847_length_2594_cov_109.880160	386	450	427	4	64	0.0625000
NODE_847_length_2594_cov_109.880160	386	450	429	3	64	0.0468750
NODE_847_length_2594_cov_109.880160	386	450	433	2	64	0.0312500
NODE_847_length_2594_cov_109.880160	386	450	436	1	64	0.0156250
NODE_847_length_2594_cov_109.880160	386	450	437	1	64	0.0156250
NODE_847_length_2594_cov_109.880160	386	450	444	1	64	0.0156250
NODE_847_length_2594_cov_109.880160	386	450	446	1	64	0.0156250
NODE_847_length_2594_cov_109.880160	386	450	451	1	64	0.0156250
NODE_847_length_2594_cov_109.880160	386	450	453	2	64	0.0312500
NODE_847_length_2594_cov_109.880160	386	450	462	1	64	0.0156250
NODE_847_length_2594_cov_109.880160	386	450	466	1	64	0.0156250
NODE_847_length_2594_cov_109.880160	386	450	468	1	64	0.0156250
NODE_847_length_2594_cov_109.880160	386	450	472	1	64	0.0156250
NODE_847_length_2594_cov_109.880160	386	450	477	1	64	0.0156250
NODE_856_length_2575_cov_4.890549	1860	1912	0	13	52	0.2500000
NODE_856_length_2575_cov_4.890549	1860	1912	2	9	52	0.1730769
NODE_856_length_2575_cov_4.890549	1860	1912	13	1	52	0.0192308
NODE_856_length_2575_cov_4.890549	1860	1912	14	6	52	0.1153846
NODE_856_length_2575_cov_4.890549	1860	1912	16	11	52	0.2115385
NODE_856_length_2575_cov_4.890549	1860	1912	18	6	52	0.1153846
NODE_856_length_2575_cov_4.890549	1860	1912	22	6	52	0.1153846
NODE_857_length_2572_cov_46.828548	302	382	0	80	80	1.0000000
NODE_857_length_2572_cov_46.828548	355	435	0	80	80	1.0000000
NODE_868_length_2551_cov_40.721860	1104	1150	2	5	46	0.1086956
NODE_868_length_2551_cov_40.721860	1104	1150	9	1	46	0.0217391
NODE_868_length_2551_cov_40.721860	1104	1150	10	40	46	0.8695652
NODE_868_length_2551_cov_40.721860	1199	1259	0	60	60	1.0000000
NODE_870_length_2547_cov_218.062908	436	486	0	31	50	0.6200000
NODE_870_length_2547_cov_218.062908	436	486	2	4	50	0.0800000
NODE_870_length_2547_cov_218.062908	436	486	6	15	50	0.3000000
NODE_879_length_2527_cov_27.275947	503	548	17	1	45	0.0222222
NODE_879_length_2527_cov_27.275947	503	548	19	4	45	0.0888889
NODE_879_length_2527_cov_27.275947	503	548	22	19	45	0.4222222
NODE_879_length_2527_cov_27.275947	503	548	23	3	45	0.0666667
NODE_879_length_2527_cov_27.275947	503	548	24	18	45	0.4000000
NODE_884_length_2519_cov_15.991322	2122	2202	0	80	80	1.0000000
NODE_884_length_2519_cov_15.991322	2175	2255	0	80	80	1.0000000
NODE_885_length_2518_cov_7.035965	62	142	16	9	80	0.1125000
NODE_885_length_2518_cov_7.035965	62	142	18	3	80	0.0375000
NODE_885_length_2518_cov_7.035965	62	142	20	1	80	0.0125000
NODE_885_length_2518_cov_7.035965	62	142	22	4	80	0.0500000
NODE_885_length_2518_cov_7.035965	62	142	24	1	80	0.0125000
NODE_885_length_2518_cov_7.035965	62	142	26	1	80	0.0125000
NODE_885_length_2518_cov_7.035965	62	142	28	13	80	0.1625000
NODE_885_length_2518_cov_7.035965	62	142	30	48	80	0.6000000
NODE_885_length_2518_cov_7.035965	2005	2085	0	73	80	0.9125000
NODE_885_length_2518_cov_7.035965	2005	2085	4	7	80	0.0875000
NODE_885_length_2518_cov_7.035965	2058	2138	0	20	80	0.2500000
NODE_885_length_2518_cov_7.035965	2058	2138	4	60	80	0.7500000
NODE_887_length_2515_cov_37.984272	393	473	0	61	80	0.7625000
NODE_887_length_2515_cov_37.984272	393	473	2	19	80	0.2375000
NODE_887_length_2515_cov_37.984272	446	526	0	8	80	0.1000000
NODE_887_length_2515_cov_37.984272	446	526	2	72	80	0.9000000
NODE_887_length_2515_cov_37.984272	1896	1976	6	9	80	0.1125000
NODE_887_length_2515_cov_37.984272	1896	1976	7	36	80	0.4500000
NODE_887_length_2515_cov_37.984272	1896	1976	9	17	80	0.2125000
NODE_887_length_2515_cov_37.984272	1896	1976	11	18	80	0.2250000
NODE_887_length_2515_cov_37.984272	1949	2029	7	18	80	0.2250000
NODE_887_length_2515_cov_37.984272	1949	2029	8	12	80	0.1500000
NODE_887_length_2515_cov_37.984272	1949	2029	9	27	80	0.3375000
NODE_887_length_2515_cov_37.984272	1949	2029	10	11	80	0.1375000
NODE_887_length_2515_cov_37.984272	1949	2029	11	12	80	0.1500000
NODE_887_length_2515_cov_37.984272	2025	2105	0	15	80	0.1875000
NODE_887_length_2515_cov_37.984272	2025	2105	2	30	80	0.3750000
NODE_887_length_2515_cov_37.984272	2025	2105	4	5	80	0.0625000
NODE_887_length_2515_cov_37.984272	2025	2105	6	25	80	0.3125000
NODE_887_length_2515_cov_37.984272	2025	2105	8	5	80	0.0625000
NODE_887_length_2515_cov_37.984272	2025	2104	0	14	79	0.1772152
NODE_887_length_2515_cov_37.984272	2025	2104	2	30	79	0.3797468
NODE_887_length_2515_cov_37.984272	2025	2104	4	5	79	0.0632911
NODE_887_length_2515_cov_37.984272	2025	2104	6	25	79	0.3164557
NODE_887_length_2515_cov_37.984272	2025	2104	8	5	79	0.0632911
NODE_887_length_2515_cov_37.984272	2078	2158	0	68	80	0.8500000
NODE_887_length_2515_cov_37.984272	2078	2158	2	12	80	0.1500000
NODE_888_length_2512_cov_48.259428	1299	1379	12	14	80	0.1750000
NODE_888_length_2512_cov_48.259428	1299	1379	14	1	80	0.0125000
NODE_888_length_2512_cov_48.259428	1299	1379	15	1	80	0.0125000
NODE_888_length_2512_cov_48.259428	1299	1379	16	13	80	0.1625000
NODE_888_length_2512_cov_48.259428	1299	1379	18	51	80	0.6375000
NODE_888_length_2512_cov_48.259428	1352	1432	6	10	80	0.1250000
NODE_888_length_2512_cov_48.259428	1352	1432	8	13	80	0.1625000
NODE_888_length_2512_cov_48.259428	1352	1432	10	10	80	0.1250000
NODE_888_length_2512_cov_48.259428	1352	1432	12	6	80	0.0750000
NODE_888_length_2512_cov_48.259428	1352	1432	15	2	80	0.0250000
NODE_888_length_2512_cov_48.259428	1352	1432	16	6	80	0.0750000
NODE_888_length_2512_cov_48.259428	1352	1432	18	33	80	0.4125000
NODE_888_length_2512_cov_48.259428	1428	1512	6	2	84	0.0238095
NODE_888_length_2512_cov_48.259428	1428	1512	10	4	84	0.0476190
NODE_888_length_2512_cov_48.259428	1428	1512	17	1	84	0.0119048
NODE_888_length_2512_cov_48.259428	1428	1512	21	7	84	0.0833333
NODE_888_length_2512_cov_48.259428	1428	1512	23	6	84	0.0714286
NODE_888_length_2512_cov_48.259428	1428	1512	26	6	84	0.0714286
NODE_888_length_2512_cov_48.259428	1428	1512	27	7	84	0.0833333
NODE_888_length_2512_cov_48.259428	1428	1512	28	6	84	0.0714286
NODE_888_length_2512_cov_48.259428	1428	1512	35	3	84	0.0357143
NODE_888_length_2512_cov_48.259428	1428	1512	41	9	84	0.1071429
NODE_888_length_2512_cov_48.259428	1428	1512	43	2	84	0.0238095
NODE_888_length_2512_cov_48.259428	1428	1512	47	2	84	0.0238095
NODE_888_length_2512_cov_48.259428	1428	1512	52	1	84	0.0119048
NODE_888_length_2512_cov_48.259428	1428	1512	53	3	84	0.0357143
NODE_888_length_2512_cov_48.259428	1428	1512	55	25	84	0.2976190
NODE_888_length_2512_cov_48.259428	1485	1565	46	2	80	0.0250000
NODE_888_length_2512_cov_48.259428	1485	1565	47	2	80	0.0250000
NODE_888_length_2512_cov_48.259428	1485	1565	49	10	80	0.1250000
NODE_888_length_2512_cov_48.259428	1485	1565	51	3	80	0.0375000
NODE_888_length_2512_cov_48.259428	1485	1565	52	2	80	0.0250000
NODE_888_length_2512_cov_48.259428	1485	1565	53	8	80	0.1000000
NODE_888_length_2512_cov_48.259428	1485	1565	55	28	80	0.3500000
NODE_888_length_2512_cov_48.259428	1485	1565	56	23	80	0.2875000
NODE_888_length_2512_cov_48.259428	1485	1565	57	2	80	0.0250000
NODE_891_length_2505_cov_102.009975	390	470	0	11	80	0.1375000
NODE_891_length_2505_cov_102.009975	390	470	2	9	80	0.1125000
NODE_891_length_2505_cov_102.009975	390	470	4	18	80	0.2250000
NODE_891_length_2505_cov_102.009975	390	470	6	2	80	0.0250000
NODE_891_length_2505_cov_102.009975	390	470	8	40	80	0.5000000
NODE_891_length_2505_cov_102.009975	443	510	0	51	67	0.7611941
NODE_891_length_2505_cov_102.009975	443	510	2	9	67	0.1343284
NODE_891_length_2505_cov_102.009975	443	510	4	7	67	0.1044776
NODE_894_length_2499_cov_2.655417	2325	2375	0	29	50	0.5800000
NODE_894_length_2499_cov_2.655417	2325	2375	2	21	50	0.4200000
NODE_895_length_2498_cov_9.614840	239	281	2	42	42	1.0000000
NODE_895_length_2498_cov_9.614840	254	335	0	39	81	0.4814815
NODE_895_length_2498_cov_9.614840	254	335	2	42	81	0.5185185
NODE_895_length_2498_cov_9.614840	254	335	0	39	81	0.4814815
NODE_895_length_2498_cov_9.614840	254	335	2	42	81	0.5185185
NODE_895_length_2498_cov_9.614840	331	411	0	80	80	1.0000000
NODE_895_length_2498_cov_9.614840	384	464	0	80	80	1.0000000
NODE_898_length_2495_cov_5.151085	2395	2444	0	49	49	1.0000000
NODE_898_length_2495_cov_5.151085	2395	2444	0	49	49	1.0000000
NODE_898_length_2495_cov_5.151085	2396	2444	0	48	48	1.0000000
NODE_898_length_2495_cov_5.151085	2396	2444	0	48	48	1.0000000
NODE_898_length_2495_cov_5.151085	2396	2444	0	48	48	1.0000000
NODE_900_length_2492_cov_43.645215	408	488	0	14	80	0.1750000
NODE_900_length_2492_cov_43.645215	408	488	2	66	80	0.8250000
NODE_903_length_2489_cov_15.105021	204	234	61	7	30	0.2333333
NODE_903_length_2489_cov_15.105021	204	234	63	5	30	0.1666667
NODE_903_length_2489_cov_15.105021	204	234	65	2	30	0.0666667
NODE_903_length_2489_cov_15.105021	204	234	68	10	30	0.3333333
NODE_903_length_2489_cov_15.105021	204	234	71	1	30	0.0333333
NODE_903_length_2489_cov_15.105021	204	234	74	4	30	0.1333333
NODE_903_length_2489_cov_15.105021	204	234	75	1	30	0.0333333
NODE_905_length_2488_cov_2.434910	2141	2200	12	12	59	0.2033898
NODE_905_length_2488_cov_2.434910	2141	2200	14	47	59	0.7966102
NODE_906_length_2484_cov_335.301887	224	279	983	1	55	0.0181818
NODE_906_length_2484_cov_335.301887	224	279	991	1	55	0.0181818
NODE_906_length_2484_cov_335.301887	224	279	999	1	55	0.0181818
NODE_906_length_2484_cov_335.301887	224	279	1016	1	55	0.0181818
NODE_906_length_2484_cov_335.301887	224	279	1030	1	55	0.0181818
NODE_906_length_2484_cov_335.301887	224	279	1052	1	55	0.0181818
NODE_906_length_2484_cov_335.301887	224	279	1067	1	55	0.0181818
NODE_906_length_2484_cov_335.301887	224	279	1091	1	55	0.0181818
NODE_906_length_2484_cov_335.301887	224	279	1104	1	55	0.0181818
NODE_906_length_2484_cov_335.301887	224	279	1111	1	55	0.0181818
NODE_906_length_2484_cov_335.301887	224	279	1131	1	55	0.0181818
NODE_906_length_2484_cov_335.301887	224	279	1146	1	55	0.0181818
NODE_906_length_2484_cov_335.301887	224	279	1173	1	55	0.0181818
NODE_906_length_2484_cov_335.301887	224	279	1178	1	55	0.0181818
NODE_906_length_2484_cov_335.301887	224	279	1185	1	55	0.0181818
NODE_906_length_2484_cov_335.301887	224	279	1189	1	55	0.0181818
NODE_906_length_2484_cov_335.301887	224	279	1198	1	55	0.0181818
NODE_906_length_2484_cov_335.301887	224	279	1209	1	55	0.0181818
NODE_906_length_2484_cov_335.301887	224	279	1218	1	55	0.0181818
NODE_906_length_2484_cov_335.301887	224	279	1222	1	55	0.0181818
NODE_906_length_2484_cov_335.301887	224	279	1223	1	55	0.0181818
NODE_906_length_2484_cov_335.301887	224	279	1232	1	55	0.0181818
NODE_906_length_2484_cov_335.301887	224	279	1234	1	55	0.0181818
NODE_906_length_2484_cov_335.301887	224	279	1256	1	55	0.0181818
NODE_906_length_2484_cov_335.301887	224	279	1262	1	55	0.0181818
NODE_906_length_2484_cov_335.301887	224	279	1265	1	55	0.0181818
NODE_906_length_2484_cov_335.301887	224	279	1282	1	55	0.0181818
NODE_906_length_2484_cov_335.301887	224	279	1284	1	55	0.0181818
NODE_906_length_2484_cov_335.301887	224	279	1287	1	55	0.0181818
NODE_906_length_2484_cov_335.301887	224	279	1293	1	55	0.0181818
NODE_906_length_2484_cov_335.301887	224	279	1295	1	55	0.0181818
NODE_906_length_2484_cov_335.301887	224	279	1303	1	55	0.0181818
NODE_906_length_2484_cov_335.301887	224	279	1304	1	55	0.0181818
NODE_906_length_2484_cov_335.301887	224	279	1308	1	55	0.0181818
NODE_906_length_2484_cov_335.301887	224	279	1329	1	55	0.0181818
NODE_906_length_2484_cov_335.301887	224	279	1330	1	55	0.0181818
NODE_906_length_2484_cov_335.301887	224	279	1338	1	55	0.0181818
NODE_906_length_2484_cov_335.301887	224	279	1343	1	55	0.0181818
NODE_906_length_2484_cov_335.301887	224	279	1347	1	55	0.0181818
NODE_906_length_2484_cov_335.301887	224	279	1349	1	55	0.0181818
NODE_906_length_2484_cov_335.301887	224	279	1352	1	55	0.0181818
NODE_906_length_2484_cov_335.301887	224	279	1362	1	55	0.0181818
NODE_906_length_2484_cov_335.301887	224	279	1366	1	55	0.0181818
NODE_906_length_2484_cov_335.301887	224	279	1371	1	55	0.0181818
NODE_906_length_2484_cov_335.301887	224	279	1377	1	55	0.0181818
NODE_906_length_2484_cov_335.301887	224	279	1389	1	55	0.0181818
NODE_906_length_2484_cov_335.301887	224	279	1399	1	55	0.0181818
NODE_906_length_2484_cov_335.301887	224	279	1405	1	55	0.0181818
NODE_906_length_2484_cov_335.301887	224	279	1410	2	55	0.0363636
NODE_906_length_2484_cov_335.301887	224	279	1412	1	55	0.0181818
NODE_906_length_2484_cov_335.301887	224	279	1414	1	55	0.0181818
NODE_906_length_2484_cov_335.301887	224	279	1416	1	55	0.0181818
NODE_906_length_2484_cov_335.301887	224	279	1418	1	55	0.0181818
NODE_906_length_2484_cov_335.301887	224	279	1423	1	55	0.0181818
NODE_906_length_2484_cov_335.301887	252	332	916	1	80	0.0125000
NODE_906_length_2484_cov_335.301887	252	332	940	1	80	0.0125000
NODE_906_length_2484_cov_335.301887	252	332	944	1	80	0.0125000
NODE_906_length_2484_cov_335.301887	252	332	956	1	80	0.0125000
NODE_906_length_2484_cov_335.301887	252	332	983	1	80	0.0125000
NODE_906_length_2484_cov_335.301887	252	332	997	1	80	0.0125000
NODE_906_length_2484_cov_335.301887	252	332	1014	1	80	0.0125000
NODE_906_length_2484_cov_335.301887	252	332	1020	1	80	0.0125000
NODE_906_length_2484_cov_335.301887	252	332	1032	1	80	0.0125000
NODE_906_length_2484_cov_335.301887	252	332	1049	1	80	0.0125000
NODE_906_length_2484_cov_335.301887	252	332	1066	1	80	0.0125000
NODE_906_length_2484_cov_335.301887	252	332	1102	1	80	0.0125000
NODE_906_length_2484_cov_335.301887	252	332	1115	1	80	0.0125000
NODE_906_length_2484_cov_335.301887	252	332	1123	1	80	0.0125000
NODE_906_length_2484_cov_335.301887	252	332	1157	1	80	0.0125000
NODE_906_length_2484_cov_335.301887	252	332	1183	1	80	0.0125000
NODE_906_length_2484_cov_335.301887	252	332	1204	1	80	0.0125000
NODE_906_length_2484_cov_335.301887	252	332	1211	1	80	0.0125000
NODE_906_length_2484_cov_335.301887	252	332	1220	1	80	0.0125000
NODE_906_length_2484_cov_335.301887	252	332	1231	1	80	0.0125000
NODE_906_length_2484_cov_335.301887	252	332	1243	1	80	0.0125000
NODE_906_length_2484_cov_335.301887	252	332	1262	1	80	0.0125000
NODE_906_length_2484_cov_335.301887	252	332	1263	2	80	0.0250000
NODE_906_length_2484_cov_335.301887	252	332	1270	1	80	0.0125000
NODE_906_length_2484_cov_335.301887	252	332	1281	1	80	0.0125000
NODE_906_length_2484_cov_335.301887	252	332	1287	1	80	0.0125000
NODE_906_length_2484_cov_335.301887	252	332	1289	1	80	0.0125000
NODE_906_length_2484_cov_335.301887	252	332	1293	1	80	0.0125000
NODE_906_length_2484_cov_335.301887	252	332	1295	1	80	0.0125000
NODE_906_length_2484_cov_335.301887	252	332	1299	1	80	0.0125000
NODE_906_length_2484_cov_335.301887	252	332	1303	1	80	0.0125000
NODE_906_length_2484_cov_335.301887	252	332	1304	1	80	0.0125000
NODE_906_length_2484_cov_335.301887	252	332	1308	1	80	0.0125000
NODE_906_length_2484_cov_335.301887	252	332	1315	1	80	0.0125000
NODE_906_length_2484_cov_335.301887	252	332	1323	1	80	0.0125000
NODE_906_length_2484_cov_335.301887	252	332	1329	1	80	0.0125000
NODE_906_length_2484_cov_335.301887	252	332	1330	2	80	0.0250000
NODE_906_length_2484_cov_335.301887	252	332	1335	1	80	0.0125000
NODE_906_length_2484_cov_335.301887	252	332	1338	1	80	0.0125000
NODE_906_length_2484_cov_335.301887	252	332	1343	1	80	0.0125000
NODE_906_length_2484_cov_335.301887	252	332	1347	1	80	0.0125000
NODE_906_length_2484_cov_335.301887	252	332	1349	1	80	0.0125000
NODE_906_length_2484_cov_335.301887	252	332	1352	2	80	0.0250000
NODE_906_length_2484_cov_335.301887	252	332	1362	2	80	0.0250000
NODE_906_length_2484_cov_335.301887	252	332	1366	1	80	0.0125000
NODE_906_length_2484_cov_335.301887	252	332	1368	1	80	0.0125000
NODE_906_length_2484_cov_335.301887	252	332	1371	1	80	0.0125000
NODE_906_length_2484_cov_335.301887	252	332	1374	1	80	0.0125000
NODE_906_length_2484_cov_335.301887	252	332	1377	1	80	0.0125000
NODE_906_length_2484_cov_335.301887	252	332	1379	2	80	0.0250000
NODE_906_length_2484_cov_335.301887	252	332	1384	2	80	0.0250000
NODE_906_length_2484_cov_335.301887	252	332	1389	2	80	0.0250000
NODE_906_length_2484_cov_335.301887	252	332	1391	1	80	0.0125000
NODE_906_length_2484_cov_335.301887	252	332	1393	3	80	0.0375000
NODE_906_length_2484_cov_335.301887	252	332	1398	1	80	0.0125000
NODE_906_length_2484_cov_335.301887	252	332	1399	1	80	0.0125000
NODE_906_length_2484_cov_335.301887	252	332	1400	1	80	0.0125000
NODE_906_length_2484_cov_335.301887	252	332	1401	1	80	0.0125000
NODE_906_length_2484_cov_335.301887	252	332	1404	1	80	0.0125000
NODE_906_length_2484_cov_335.301887	252	332	1405	2	80	0.0250000
NODE_906_length_2484_cov_335.301887	252	332	1407	1	80	0.0125000
NODE_906_length_2484_cov_335.301887	252	332	1408	1	80	0.0125000
NODE_906_length_2484_cov_335.301887	252	332	1410	2	80	0.0250000
NODE_906_length_2484_cov_335.301887	252	332	1411	1	80	0.0125000
NODE_906_length_2484_cov_335.301887	252	332	1412	1	80	0.0125000
NODE_906_length_2484_cov_335.301887	252	332	1414	1	80	0.0125000
NODE_906_length_2484_cov_335.301887	252	332	1416	1	80	0.0125000
NODE_906_length_2484_cov_335.301887	252	332	1418	1	80	0.0125000
NODE_906_length_2484_cov_335.301887	252	332	1423	1	80	0.0125000
NODE_912_length_2479_cov_90.381092	369	449	0	80	80	1.0000000
NODE_912_length_2479_cov_90.381092	422	499	0	77	77	1.0000000
NODE_912_length_2479_cov_90.381092	1610	1685	278	1	75	0.0133333
NODE_912_length_2479_cov_90.381092	1610	1685	352	1	75	0.0133333
NODE_912_length_2479_cov_90.381092	1610	1685	360	1	75	0.0133333
NODE_912_length_2479_cov_90.381092	1610	1685	364	1	75	0.0133333
NODE_912_length_2479_cov_90.381092	1610	1685	385	1	75	0.0133333
NODE_912_length_2479_cov_90.381092	1610	1685	397	1	75	0.0133333
NODE_912_length_2479_cov_90.381092	1610	1685	423	1	75	0.0133333
NODE_912_length_2479_cov_90.381092	1610	1685	428	1	75	0.0133333
NODE_912_length_2479_cov_90.381092	1610	1685	432	1	75	0.0133333
NODE_912_length_2479_cov_90.381092	1610	1685	437	1	75	0.0133333
NODE_912_length_2479_cov_90.381092	1610	1685	443	1	75	0.0133333
NODE_912_length_2479_cov_90.381092	1610	1685	454	1	75	0.0133333
NODE_912_length_2479_cov_90.381092	1610	1685	470	1	75	0.0133333
NODE_912_length_2479_cov_90.381092	1610	1685	481	1	75	0.0133333
NODE_912_length_2479_cov_90.381092	1610	1685	489	1	75	0.0133333
NODE_912_length_2479_cov_90.381092	1610	1685	500	1	75	0.0133333
NODE_912_length_2479_cov_90.381092	1610	1685	507	1	75	0.0133333
NODE_912_length_2479_cov_90.381092	1610	1685	549	1	75	0.0133333
NODE_912_length_2479_cov_90.381092	1610	1685	566	1	75	0.0133333
NODE_912_length_2479_cov_90.381092	1610	1685	580	1	75	0.0133333
NODE_912_length_2479_cov_90.381092	1610	1685	601	1	75	0.0133333
NODE_912_length_2479_cov_90.381092	1610	1685	606	1	75	0.0133333
NODE_912_length_2479_cov_90.381092	1610	1685	612	1	75	0.0133333
NODE_912_length_2479_cov_90.381092	1610	1685	634	1	75	0.0133333
NODE_912_length_2479_cov_90.381092	1610	1685	656	1	75	0.0133333
NODE_912_length_2479_cov_90.381092	1610	1685	662	1	75	0.0133333
NODE_912_length_2479_cov_90.381092	1610	1685	686	1	75	0.0133333
NODE_912_length_2479_cov_90.381092	1610	1685	688	2	75	0.0266667
NODE_912_length_2479_cov_90.381092	1610	1685	705	1	75	0.0133333
NODE_912_length_2479_cov_90.381092	1610	1685	709	1	75	0.0133333
NODE_912_length_2479_cov_90.381092	1610	1685	711	1	75	0.0133333
NODE_912_length_2479_cov_90.381092	1610	1685	728	1	75	0.0133333
NODE_912_length_2479_cov_90.381092	1610	1685	733	1	75	0.0133333
NODE_912_length_2479_cov_90.381092	1610	1685	749	1	75	0.0133333
NODE_912_length_2479_cov_90.381092	1610	1685	755	1	75	0.0133333
NODE_912_length_2479_cov_90.381092	1610	1685	775	1	75	0.0133333
NODE_912_length_2479_cov_90.381092	1610	1685	787	1	75	0.0133333
NODE_912_length_2479_cov_90.381092	1610	1685	792	1	75	0.0133333
NODE_912_length_2479_cov_90.381092	1610	1685	836	1	75	0.0133333
NODE_912_length_2479_cov_90.381092	1610	1685	857	1	75	0.0133333
NODE_912_length_2479_cov_90.381092	1610	1685	871	1	75	0.0133333
NODE_912_length_2479_cov_90.381092	1610	1685	884	1	75	0.0133333
NODE_912_length_2479_cov_90.381092	1610	1685	895	1	75	0.0133333
NODE_912_length_2479_cov_90.381092	1610	1685	918	1	75	0.0133333
NODE_912_length_2479_cov_90.381092	1610	1685	923	1	75	0.0133333
NODE_912_length_2479_cov_90.381092	1610	1685	934	1	75	0.0133333
NODE_912_length_2479_cov_90.381092	1610	1685	942	1	75	0.0133333
NODE_912_length_2479_cov_90.381092	1610	1685	947	1	75	0.0133333
NODE_912_length_2479_cov_90.381092	1610	1685	948	2	75	0.0266667
NODE_912_length_2479_cov_90.381092	1610	1685	957	1	75	0.0133333
NODE_912_length_2479_cov_90.381092	1610	1685	958	1	75	0.0133333
NODE_912_length_2479_cov_90.381092	1610	1685	961	1	75	0.0133333
NODE_912_length_2479_cov_90.381092	1610	1685	963	1	75	0.0133333
NODE_912_length_2479_cov_90.381092	1610	1685	976	1	75	0.0133333
NODE_912_length_2479_cov_90.381092	1610	1685	980	1	75	0.0133333
NODE_912_length_2479_cov_90.381092	1610	1685	983	1	75	0.0133333
NODE_912_length_2479_cov_90.381092	1610	1685	986	1	75	0.0133333
NODE_912_length_2479_cov_90.381092	1610	1685	990	2	75	0.0266667
NODE_912_length_2479_cov_90.381092	1610	1685	992	2	75	0.0266667
NODE_912_length_2479_cov_90.381092	1610	1685	996	1	75	0.0133333
NODE_912_length_2479_cov_90.381092	1610	1685	1002	1	75	0.0133333
NODE_912_length_2479_cov_90.381092	1610	1685	1004	1	75	0.0133333
NODE_912_length_2479_cov_90.381092	1610	1685	1005	3	75	0.0400000
NODE_912_length_2479_cov_90.381092	1610	1685	1007	3	75	0.0400000
NODE_912_length_2479_cov_90.381092	1610	1685	1009	2	75	0.0266667
NODE_912_length_2479_cov_90.381092	1610	1685	1014	1	75	0.0133333
NODE_912_length_2479_cov_90.381092	1658	1730	846	1	72	0.0138889
NODE_912_length_2479_cov_90.381092	1658	1730	859	1	72	0.0138889
NODE_912_length_2479_cov_90.381092	1658	1730	861	1	72	0.0138889
NODE_912_length_2479_cov_90.381092	1658	1730	863	1	72	0.0138889
NODE_912_length_2479_cov_90.381092	1658	1730	866	1	72	0.0138889
NODE_912_length_2479_cov_90.381092	1658	1730	873	1	72	0.0138889
NODE_912_length_2479_cov_90.381092	1658	1730	877	1	72	0.0138889
NODE_912_length_2479_cov_90.381092	1658	1730	881	1	72	0.0138889
NODE_912_length_2479_cov_90.381092	1658	1730	889	3	72	0.0416667
NODE_912_length_2479_cov_90.381092	1658	1730	910	1	72	0.0138889
NODE_912_length_2479_cov_90.381092	1658	1730	919	1	72	0.0138889
NODE_912_length_2479_cov_90.381092	1658	1730	920	1	72	0.0138889
NODE_912_length_2479_cov_90.381092	1658	1730	925	1	72	0.0138889
NODE_912_length_2479_cov_90.381092	1658	1730	931	1	72	0.0138889
NODE_912_length_2479_cov_90.381092	1658	1730	937	1	72	0.0138889
NODE_912_length_2479_cov_90.381092	1658	1730	947	1	72	0.0138889
NODE_912_length_2479_cov_90.381092	1658	1730	948	2	72	0.0277778
NODE_912_length_2479_cov_90.381092	1658	1730	950	1	72	0.0138889
NODE_912_length_2479_cov_90.381092	1658	1730	952	1	72	0.0138889
NODE_912_length_2479_cov_90.381092	1658	1730	956	1	72	0.0138889
NODE_912_length_2479_cov_90.381092	1658	1730	957	1	72	0.0138889
NODE_912_length_2479_cov_90.381092	1658	1730	958	1	72	0.0138889
NODE_912_length_2479_cov_90.381092	1658	1730	961	1	72	0.0138889
NODE_912_length_2479_cov_90.381092	1658	1730	963	1	72	0.0138889
NODE_912_length_2479_cov_90.381092	1658	1730	965	2	72	0.0277778
NODE_912_length_2479_cov_90.381092	1658	1730	967	1	72	0.0138889
NODE_912_length_2479_cov_90.381092	1658	1730	971	2	72	0.0277778
NODE_912_length_2479_cov_90.381092	1658	1730	976	1	72	0.0138889
NODE_912_length_2479_cov_90.381092	1658	1730	980	2	72	0.0277778
NODE_912_length_2479_cov_90.381092	1658	1730	983	2	72	0.0277778
NODE_912_length_2479_cov_90.381092	1658	1730	986	1	72	0.0138889
NODE_912_length_2479_cov_90.381092	1658	1730	990	2	72	0.0277778
NODE_912_length_2479_cov_90.381092	1658	1730	991	1	72	0.0138889
NODE_912_length_2479_cov_90.381092	1658	1730	992	2	72	0.0277778
NODE_912_length_2479_cov_90.381092	1658	1730	996	1	72	0.0138889
NODE_912_length_2479_cov_90.381092	1658	1730	997	1	72	0.0138889
NODE_912_length_2479_cov_90.381092	1658	1730	1002	1	72	0.0138889
NODE_912_length_2479_cov_90.381092	1658	1730	1004	1	72	0.0138889
NODE_912_length_2479_cov_90.381092	1658	1730	1005	3	72	0.0416667
NODE_912_length_2479_cov_90.381092	1658	1730	1007	4	72	0.0555556
NODE_912_length_2479_cov_90.381092	1658	1730	1008	4	72	0.0555556
NODE_912_length_2479_cov_90.381092	1658	1730	1009	2	72	0.0277778
NODE_912_length_2479_cov_90.381092	1658	1730	1010	1	72	0.0138889
NODE_912_length_2479_cov_90.381092	1658	1730	1011	1	72	0.0138889
NODE_912_length_2479_cov_90.381092	1658	1730	1012	2	72	0.0277778
NODE_912_length_2479_cov_90.381092	1658	1730	1014	3	72	0.0416667
NODE_912_length_2479_cov_90.381092	1658	1730	1015	2	72	0.0277778
NODE_912_length_2479_cov_90.381092	1658	1730	1016	3	72	0.0416667
NODE_913_length_2479_cov_3.433193	2379	2426	0	47	47	1.0000000
NODE_913_length_2479_cov_3.433193	2399	2479	0	80	80	1.0000000
NODE_915_length_2474_cov_7.237895	399	479	1	80	80	1.0000000
NODE_915_length_2474_cov_7.237895	452	532	1	80	80	1.0000000
NODE_922_length_2465_cov_3.098056	2133	2213	0	80	80	1.0000000
NODE_922_length_2465_cov_3.098056	2191	2253	0	62	62	1.0000000
NODE_923_length_2464_cov_24.562791	331	409	0	59	78	0.7564102
NODE_923_length_2464_cov_24.562791	331	409	2	19	78	0.2435897
NODE_923_length_2464_cov_24.562791	382	462	0	13	80	0.1625000
NODE_923_length_2464_cov_24.562791	382	462	2	67	80	0.8375000
NODE_924_length_2461_cov_2.696444	292	372	2	19	80	0.2375000
NODE_924_length_2461_cov_2.696444	292	372	6	19	80	0.2375000
NODE_924_length_2461_cov_2.696444	292	372	8	42	80	0.5250000
NODE_924_length_2461_cov_2.696444	345	425	2	72	80	0.9000000
NODE_924_length_2461_cov_2.696444	345	425	8	8	80	0.1000000
NODE_938_length_2447_cov_16.079216	2344	2424	18	1	80	0.0125000
NODE_938_length_2447_cov_16.079216	2344	2424	20	1	80	0.0125000
NODE_938_length_2447_cov_16.079216	2344	2424	22	1	80	0.0125000
NODE_938_length_2447_cov_16.079216	2344	2424	26	3	80	0.0375000
NODE_938_length_2447_cov_16.079216	2344	2424	28	3	80	0.0375000
NODE_938_length_2447_cov_16.079216	2344	2424	30	11	80	0.1375000
NODE_938_length_2447_cov_16.079216	2344	2424	32	4	80	0.0500000
NODE_938_length_2447_cov_16.079216	2344	2424	34	6	80	0.0750000
NODE_938_length_2447_cov_16.079216	2344	2424	36	6	80	0.0750000
NODE_938_length_2447_cov_16.079216	2344	2424	38	11	80	0.1375000
NODE_938_length_2447_cov_16.079216	2344	2424	42	33	80	0.4125000
NODE_938_length_2447_cov_16.079216	2397	2447	10	5	50	0.1000000
NODE_938_length_2447_cov_16.079216	2397	2447	12	10	50	0.2000000
NODE_938_length_2447_cov_16.079216	2397	2447	14	1	50	0.0200000
NODE_938_length_2447_cov_16.079216	2397	2447	18	8	50	0.1600000
NODE_938_length_2447_cov_16.079216	2397	2447	20	1	50	0.0200000
NODE_938_length_2447_cov_16.079216	2397	2447	22	1	50	0.0200000
NODE_938_length_2447_cov_16.079216	2397	2447	26	3	50	0.0600000
NODE_938_length_2447_cov_16.079216	2397	2447	28	3	50	0.0600000
NODE_938_length_2447_cov_16.079216	2397	2447	30	11	50	0.2200000
NODE_938_length_2447_cov_16.079216	2397	2447	32	4	50	0.0800000
NODE_938_length_2447_cov_16.079216	2397	2447	34	3	50	0.0600000
NODE_940_length_2446_cov_2.341287	1521	1578	0	57	57	1.0000000
NODE_940_length_2446_cov_2.341287	1551	1593	0	42	42	1.0000000
NODE_949_length_2437_cov_13.341745	418	498	2	40	80	0.5000000
NODE_949_length_2437_cov_13.341745	418	498	4	40	80	0.5000000
NODE_949_length_2437_cov_13.341745	471	551	2	79	80	0.9875000
NODE_949_length_2437_cov_13.341745	471	551	4	1	80	0.0125000
NODE_951_length_2432_cov_70.360909	1875	1955	0	35	80	0.4375000
NODE_951_length_2432_cov_70.360909	1875	1955	2	2	80	0.0250000
NODE_951_length_2432_cov_70.360909	1875	1955	6	3	80	0.0375000
NODE_951_length_2432_cov_70.360909	1875	1955	10	40	80	0.5000000
NODE_951_length_2432_cov_70.360909	1928	2008	8	28	80	0.3500000
NODE_951_length_2432_cov_70.360909	1928	2008	10	52	80	0.6500000
NODE_955_length_2430_cov_19.835264	0	68	15	1	68	0.0147059
NODE_955_length_2430_cov_19.835264	0	68	17	4	68	0.0588235
NODE_955_length_2430_cov_19.835264	0	68	21	7	68	0.1029412
NODE_955_length_2430_cov_19.835264	0	68	22	4	68	0.0588235
NODE_955_length_2430_cov_19.835264	0	68	25	4	68	0.0588235
NODE_955_length_2430_cov_19.835264	0	68	27	1	68	0.0147059
NODE_955_length_2430_cov_19.835264	0	68	29	4	68	0.0588235
NODE_955_length_2430_cov_19.835264	0	68	30	8	68	0.1176471
NODE_955_length_2430_cov_19.835264	0	68	32	14	68	0.2058824
NODE_955_length_2430_cov_19.835264	0	68	34	12	68	0.1764706
NODE_955_length_2430_cov_19.835264	0	68	36	1	68	0.0147059
NODE_955_length_2430_cov_19.835264	0	68	37	2	68	0.0294118
NODE_955_length_2430_cov_19.835264	0	68	44	1	68	0.0147059
NODE_955_length_2430_cov_19.835264	0	68	45	1	68	0.0147059
NODE_955_length_2430_cov_19.835264	0	68	47	4	68	0.0588235
NODE_955_length_2430_cov_19.835264	0	24	15	1	24	0.0416667
NODE_955_length_2430_cov_19.835264	0	24	17	4	24	0.1666667
NODE_955_length_2430_cov_19.835264	0	24	21	7	24	0.2916667
NODE_955_length_2430_cov_19.835264	0	24	22	4	24	0.1666667
NODE_955_length_2430_cov_19.835264	0	24	25	4	24	0.1666667
NODE_955_length_2430_cov_19.835264	0	24	27	1	24	0.0416667
NODE_955_length_2430_cov_19.835264	0	24	29	3	24	0.1250000
NODE_956_length_2428_cov_179.842422	538	618	6	2	80	0.0250000
NODE_956_length_2428_cov_179.842422	538	618	8	78	80	0.9750000
NODE_956_length_2428_cov_179.842422	591	671	8	80	80	1.0000000
NODE_956_length_2428_cov_179.842422	667	747	0	71	80	0.8875000
NODE_956_length_2428_cov_179.842422	667	747	3	2	80	0.0250000
NODE_956_length_2428_cov_179.842422	667	747	5	1	80	0.0125000
NODE_956_length_2428_cov_179.842422	667	747	8	6	80	0.0750000
NODE_956_length_2428_cov_179.842422	720	800	0	80	80	1.0000000
NODE_956_length_2428_cov_179.842422	1308	1388	2	21	80	0.2625000
NODE_956_length_2428_cov_179.842422	1308	1388	4	20	80	0.2500000
NODE_956_length_2428_cov_179.842422	1308	1388	5	26	80	0.3250000
NODE_956_length_2428_cov_179.842422	1308	1388	6	13	80	0.1625000
NODE_956_length_2428_cov_179.842422	1361	1441	2	23	80	0.2875000
NODE_956_length_2428_cov_179.842422	1361	1441	4	29	80	0.3625000
NODE_956_length_2428_cov_179.842422	1361	1441	5	6	80	0.0750000
NODE_956_length_2428_cov_179.842422	1361	1441	6	13	80	0.1625000
NODE_956_length_2428_cov_179.842422	1361	1441	20	9	80	0.1125000
NODE_956_length_2428_cov_179.842422	1437	1517	20	31	80	0.3875000
NODE_956_length_2428_cov_179.842422	1437	1517	21	6	80	0.0750000
NODE_956_length_2428_cov_179.842422	1437	1517	23	20	80	0.2500000
NODE_956_length_2428_cov_179.842422	1437	1517	24	23	80	0.2875000
NODE_956_length_2428_cov_179.842422	1490	1570	4	17	80	0.2125000
NODE_956_length_2428_cov_179.842422	1490	1570	20	36	80	0.4500000
NODE_956_length_2428_cov_179.842422	1490	1570	21	6	80	0.0750000
NODE_956_length_2428_cov_179.842422	1490	1570	23	20	80	0.2500000
NODE_956_length_2428_cov_179.842422	1490	1570	24	1	80	0.0125000
NODE_956_length_2428_cov_179.842422	1986	2026	489	1	40	0.0250000
NODE_956_length_2428_cov_179.842422	1986	2026	494	1	40	0.0250000
NODE_956_length_2428_cov_179.842422	1986	2026	498	1	40	0.0250000
NODE_956_length_2428_cov_179.842422	1986	2026	502	1	40	0.0250000
NODE_956_length_2428_cov_179.842422	1986	2026	505	1	40	0.0250000
NODE_956_length_2428_cov_179.842422	1986	2026	508	1	40	0.0250000
NODE_956_length_2428_cov_179.842422	1986	2026	509	1	40	0.0250000
NODE_956_length_2428_cov_179.842422	1986	2026	510	1	40	0.0250000
NODE_956_length_2428_cov_179.842422	1986	2026	512	1	40	0.0250000
NODE_956_length_2428_cov_179.842422	1986	2026	514	1	40	0.0250000
NODE_956_length_2428_cov_179.842422	1986	2026	517	1	40	0.0250000
NODE_956_length_2428_cov_179.842422	1986	2026	520	1	40	0.0250000
NODE_956_length_2428_cov_179.842422	1986	2026	523	1	40	0.0250000
NODE_956_length_2428_cov_179.842422	1986	2026	525	1	40	0.0250000
NODE_956_length_2428_cov_179.842422	1986	2026	527	2	40	0.0500000
NODE_956_length_2428_cov_179.842422	1986	2026	529	2	40	0.0500000
NODE_956_length_2428_cov_179.842422	1986	2026	531	2	40	0.0500000
NODE_956_length_2428_cov_179.842422	1986	2026	533	1	40	0.0250000
NODE_956_length_2428_cov_179.842422	1986	2026	554	1	40	0.0250000
NODE_956_length_2428_cov_179.842422	1986	2026	556	1	40	0.0250000
NODE_956_length_2428_cov_179.842422	1986	2026	557	1	40	0.0250000
NODE_956_length_2428_cov_179.842422	1986	2026	558	2	40	0.0500000
NODE_956_length_2428_cov_179.842422	1986	2026	562	1	40	0.0250000
NODE_956_length_2428_cov_179.842422	1986	2026	564	1	40	0.0250000
NODE_956_length_2428_cov_179.842422	1986	2026	565	1	40	0.0250000
NODE_956_length_2428_cov_179.842422	1986	2026	567	1	40	0.0250000
NODE_956_length_2428_cov_179.842422	1986	2026	568	1	40	0.0250000
NODE_956_length_2428_cov_179.842422	1986	2026	572	1	40	0.0250000
NODE_956_length_2428_cov_179.842422	1986	2026	579	1	40	0.0250000
NODE_956_length_2428_cov_179.842422	1986	2026	629	1	40	0.0250000
NODE_956_length_2428_cov_179.842422	1986	2026	643	1	40	0.0250000
NODE_956_length_2428_cov_179.842422	1986	2026	654	1	40	0.0250000
NODE_956_length_2428_cov_179.842422	1986	2026	657	1	40	0.0250000
NODE_956_length_2428_cov_179.842422	1986	2026	663	1	40	0.0250000
NODE_956_length_2428_cov_179.842422	1986	2026	664	1	40	0.0250000
NODE_956_length_2428_cov_179.842422	1986	2026	665	1	40	0.0250000
NODE_959_length_2422_cov_6.665088	197	255	4	18	58	0.3103448
NODE_959_length_2422_cov_6.665088	197	255	6	6	58	0.1034483
NODE_959_length_2422_cov_6.665088	197	255	8	19	58	0.3275862
NODE_959_length_2422_cov_6.665088	197	255	12	15	58	0.2586207
NODE_963_length_2414_cov_32.871706	411	491	9	2	80	0.0250000
NODE_963_length_2414_cov_32.871706	411	491	18	1	80	0.0125000
NODE_963_length_2414_cov_32.871706	411	491	19	1	80	0.0125000
NODE_963_length_2414_cov_32.871706	411	491	20	52	80	0.6500000
NODE_963_length_2414_cov_32.871706	411	491	22	24	80	0.3000000
NODE_963_length_2414_cov_32.871706	464	544	2	24	80	0.3000000
NODE_963_length_2414_cov_32.871706	464	544	11	1	80	0.0125000
NODE_963_length_2414_cov_32.871706	464	544	12	25	80	0.3125000
NODE_963_length_2414_cov_32.871706	464	544	20	3	80	0.0375000
NODE_963_length_2414_cov_32.871706	464	544	21	1	80	0.0125000
NODE_963_length_2414_cov_32.871706	464	544	22	26	80	0.3250000
NODE_964_length_2414_cov_2.105832	2349	2390	0	41	41	1.0000000
NODE_968_length_2410_cov_9.107313	1874	1954	1	35	80	0.4375000
NODE_968_length_2410_cov_9.107313	1874	1954	2	3	80	0.0375000
NODE_968_length_2410_cov_9.107313	1874	1954	4	23	80	0.2875000
NODE_968_length_2410_cov_9.107313	1874	1954	6	19	80	0.2375000
NODE_968_length_2410_cov_9.107313	1927	2007	4	8	80	0.1000000
NODE_968_length_2410_cov_9.107313	1927	2007	6	72	80	0.9000000
NODE_977_length_2390_cov_20.371454	1753	1833	0	20	80	0.2500000
NODE_977_length_2390_cov_20.371454	1753	1833	2	6	80	0.0750000
NODE_977_length_2390_cov_20.371454	1753	1833	4	54	80	0.6750000
NODE_977_length_2390_cov_20.371454	1806	1886	4	74	80	0.9250000
NODE_977_length_2390_cov_20.371454	1806	1886	6	6	80	0.0750000
NODE_979_length_2389_cov_17.904803	1601	1681	4	8	80	0.1000000
NODE_979_length_2389_cov_17.904803	1601	1681	8	72	80	0.9000000
NODE_979_length_2389_cov_17.904803	1654	1734	0	23	80	0.2875000
NODE_979_length_2389_cov_17.904803	1654	1734	4	38	80	0.4750000
NODE_979_length_2389_cov_17.904803	1654	1734	8	19	80	0.2375000
NODE_979_length_2389_cov_17.904803	1730	1810	0	14	80	0.1750000
NODE_979_length_2389_cov_17.904803	1730	1810	2	8	80	0.1000000
NODE_979_length_2389_cov_17.904803	1730	1810	3	13	80	0.1625000
NODE_979_length_2389_cov_17.904803	1730	1810	4	45	80	0.5625000
NODE_979_length_2389_cov_17.904803	1783	1863	2	43	80	0.5375000
NODE_979_length_2389_cov_17.904803	1783	1863	4	37	80	0.4625000
NODE_988_length_2381_cov_32.280894	398	478	0	80	80	1.0000000
NODE_988_length_2381_cov_32.280894	451	531	0	80	80	1.0000000
NODE_988_length_2381_cov_32.280894	527	607	0	7	80	0.0875000
NODE_988_length_2381_cov_32.280894	527	607	2	64	80	0.8000000
NODE_988_length_2381_cov_32.280894	527	607	4	9	80	0.1125000
NODE_988_length_2381_cov_32.280894	580	660	2	38	80	0.4750000
NODE_988_length_2381_cov_32.280894	580	660	4	42	80	0.5250000
NODE_988_length_2381_cov_32.280894	2288	2368	0	80	80	1.0000000
NODE_997_length_2369_cov_4.896916	241	321	0	61	80	0.7625000
NODE_997_length_2369_cov_4.896916	241	321	2	19	80	0.2375000
NODE_997_length_2369_cov_4.896916	294	374	0	8	80	0.1000000
NODE_997_length_2369_cov_4.896916	294	374	2	72	80	0.9000000
NODE_1002_length_2364_cov_2.482561	0	79	0	79	79	1.0000000
NODE_1004_length_2360_cov_8.620080	587	651	123	1	64	0.0156250
NODE_1004_length_2360_cov_8.620080	587	651	125	1	64	0.0156250
NODE_1004_length_2360_cov_8.620080	587	651	126	2	64	0.0312500
NODE_1004_length_2360_cov_8.620080	587	651	127	1	64	0.0156250
NODE_1004_length_2360_cov_8.620080	587	651	130	3	64	0.0468750
NODE_1004_length_2360_cov_8.620080	587	651	139	1	64	0.0156250
NODE_1004_length_2360_cov_8.620080	587	651	140	2	64	0.0312500
NODE_1004_length_2360_cov_8.620080	587	651	142	3	64	0.0468750
NODE_1004_length_2360_cov_8.620080	587	651	146	1	64	0.0156250
NODE_1004_length_2360_cov_8.620080	587	651	147	5	64	0.0781250
NODE_1004_length_2360_cov_8.620080	587	651	148	1	64	0.0156250
NODE_1004_length_2360_cov_8.620080	587	651	149	8	64	0.1250000
NODE_1004_length_2360_cov_8.620080	587	651	150	1	64	0.0156250
NODE_1004_length_2360_cov_8.620080	587	651	151	7	64	0.1093750
NODE_1004_length_2360_cov_8.620080	587	651	152	1	64	0.0156250
NODE_1004_length_2360_cov_8.620080	587	651	154	2	64	0.0312500
NODE_1004_length_2360_cov_8.620080	587	651	156	2	64	0.0312500
NODE_1004_length_2360_cov_8.620080	587	651	166	9	64	0.1406250
NODE_1004_length_2360_cov_8.620080	587	651	168	10	64	0.1562500
NODE_1004_length_2360_cov_8.620080	587	651	169	3	64	0.0468750
NODE_1004_length_2360_cov_8.620080	587	651	123	1	64	0.0156250
NODE_1004_length_2360_cov_8.620080	587	651	125	1	64	0.0156250
NODE_1004_length_2360_cov_8.620080	587	651	126	2	64	0.0312500
NODE_1004_length_2360_cov_8.620080	587	651	127	1	64	0.0156250
NODE_1004_length_2360_cov_8.620080	587	651	130	3	64	0.0468750
NODE_1004_length_2360_cov_8.620080	587	651	139	1	64	0.0156250
NODE_1004_length_2360_cov_8.620080	587	651	140	2	64	0.0312500
NODE_1004_length_2360_cov_8.620080	587	651	142	3	64	0.0468750
NODE_1004_length_2360_cov_8.620080	587	651	146	1	64	0.0156250
NODE_1004_length_2360_cov_8.620080	587	651	147	5	64	0.0781250
NODE_1004_length_2360_cov_8.620080	587	651	148	1	64	0.0156250
NODE_1004_length_2360_cov_8.620080	587	651	149	8	64	0.1250000
NODE_1004_length_2360_cov_8.620080	587	651	150	1	64	0.0156250
NODE_1004_length_2360_cov_8.620080	587	651	151	7	64	0.1093750
NODE_1004_length_2360_cov_8.620080	587	651	152	1	64	0.0156250
NODE_1004_length_2360_cov_8.620080	587	651	154	2	64	0.0312500
NODE_1004_length_2360_cov_8.620080	587	651	156	2	64	0.0312500
NODE_1004_length_2360_cov_8.620080	587	651	166	9	64	0.1406250
NODE_1004_length_2360_cov_8.620080	587	651	168	10	64	0.1562500
NODE_1004_length_2360_cov_8.620080	587	651	169	3	64	0.0468750
NODE_1004_length_2360_cov_8.620080	624	684	36	1	60	0.0166667
NODE_1004_length_2360_cov_8.620080	624	684	37	1	60	0.0166667
NODE_1004_length_2360_cov_8.620080	624	684	39	5	60	0.0833333
NODE_1004_length_2360_cov_8.620080	624	684	41	1	60	0.0166667
NODE_1004_length_2360_cov_8.620080	624	684	42	3	60	0.0500000
NODE_1004_length_2360_cov_8.620080	624	684	45	1	60	0.0166667
NODE_1004_length_2360_cov_8.620080	624	684	48	1	60	0.0166667
NODE_1004_length_2360_cov_8.620080	624	684	50	1	60	0.0166667
NODE_1004_length_2360_cov_8.620080	624	684	51	5	60	0.0833333
NODE_1004_length_2360_cov_8.620080	624	684	62	1	60	0.0166667
NODE_1004_length_2360_cov_8.620080	624	684	63	1	60	0.0166667
NODE_1004_length_2360_cov_8.620080	624	684	64	1	60	0.0166667
NODE_1004_length_2360_cov_8.620080	624	684	70	1	60	0.0166667
NODE_1004_length_2360_cov_8.620080	624	684	78	1	60	0.0166667
NODE_1004_length_2360_cov_8.620080	624	684	82	2	60	0.0333333
NODE_1004_length_2360_cov_8.620080	624	684	90	1	60	0.0166667
NODE_1004_length_2360_cov_8.620080	624	684	98	1	60	0.0166667
NODE_1004_length_2360_cov_8.620080	624	684	106	2	60	0.0333333
NODE_1004_length_2360_cov_8.620080	624	684	108	1	60	0.0166667
NODE_1004_length_2360_cov_8.620080	624	684	115	1	60	0.0166667
NODE_1004_length_2360_cov_8.620080	624	684	116	1	60	0.0166667
NODE_1004_length_2360_cov_8.620080	624	684	123	1	60	0.0166667
NODE_1004_length_2360_cov_8.620080	624	684	125	1	60	0.0166667
NODE_1004_length_2360_cov_8.620080	624	684	126	2	60	0.0333333
NODE_1004_length_2360_cov_8.620080	624	684	127	1	60	0.0166667
NODE_1004_length_2360_cov_8.620080	624	684	130	3	60	0.0500000
NODE_1004_length_2360_cov_8.620080	624	684	139	1	60	0.0166667
NODE_1004_length_2360_cov_8.620080	624	684	140	2	60	0.0333333
NODE_1004_length_2360_cov_8.620080	624	684	142	1	60	0.0166667
NODE_1004_length_2360_cov_8.620080	624	684	146	1	60	0.0166667
NODE_1004_length_2360_cov_8.620080	624	684	150	1	60	0.0166667
NODE_1004_length_2360_cov_8.620080	624	684	152	1	60	0.0166667
NODE_1004_length_2360_cov_8.620080	624	684	154	2	60	0.0333333
NODE_1004_length_2360_cov_8.620080	624	684	156	2	60	0.0333333
NODE_1004_length_2360_cov_8.620080	624	684	166	3	60	0.0500000
NODE_1004_length_2360_cov_8.620080	624	684	168	2	60	0.0333333
NODE_1004_length_2360_cov_8.620080	624	684	169	3	60	0.0500000
NODE_1004_length_2360_cov_8.620080	1827	1907	0	80	80	1.0000000
NODE_1004_length_2360_cov_8.620080	1880	1960	0	80	80	1.0000000
NODE_1005_length_2359_cov_22.317257	958	1038	2	14	80	0.1750000
NODE_1005_length_2359_cov_22.317257	958	1038	4	66	80	0.8250000
NODE_1005_length_2359_cov_22.317257	1011	1091	0	5	80	0.0625000
NODE_1005_length_2359_cov_22.317257	1011	1091	2	28	80	0.3500000
NODE_1005_length_2359_cov_22.317257	1011	1091	4	47	80	0.5875000
NODE_1008_length_2357_cov_25.711249	716	796	8	80	80	1.0000000
NODE_1008_length_2357_cov_25.711249	769	849	2	20	80	0.2500000
NODE_1008_length_2357_cov_25.711249	769	849	6	12	80	0.1500000
NODE_1008_length_2357_cov_25.711249	769	849	8	28	80	0.3500000
NODE_1008_length_2357_cov_25.711249	769	849	10	20	80	0.2500000
NODE_1015_length_2345_cov_5.386465	1845	1925	4	80	80	1.0000000
NODE_1015_length_2345_cov_5.386465	1898	1978	0	19	80	0.2375000
NODE_1015_length_2345_cov_5.386465	1898	1978	4	61	80	0.7625000
NODE_1016_length_2344_cov_6.236526	1208	1269	5	13	61	0.2131148
NODE_1016_length_2344_cov_6.236526	1208	1269	6	19	61	0.3114754
NODE_1016_length_2344_cov_6.236526	1208	1269	8	2	61	0.0327869
NODE_1016_length_2344_cov_6.236526	1208	1269	10	27	61	0.4426230
NODE_1016_length_2344_cov_6.236526	1208	1269	5	13	61	0.2131148
NODE_1016_length_2344_cov_6.236526	1208	1269	6	19	61	0.3114754
NODE_1016_length_2344_cov_6.236526	1208	1269	8	2	61	0.0327869
NODE_1016_length_2344_cov_6.236526	1208	1269	10	27	61	0.4426230
NODE_1016_length_2344_cov_6.236526	1208	1269	5	13	61	0.2131148
NODE_1016_length_2344_cov_6.236526	1208	1269	6	19	61	0.3114754
NODE_1016_length_2344_cov_6.236526	1208	1269	8	2	61	0.0327869
NODE_1016_length_2344_cov_6.236526	1208	1269	10	27	61	0.4426230
NODE_1016_length_2344_cov_6.236526	1208	1267	5	11	59	0.1864407
NODE_1016_length_2344_cov_6.236526	1208	1267	6	19	59	0.3220339
NODE_1016_length_2344_cov_6.236526	1208	1267	8	2	59	0.0338983
NODE_1016_length_2344_cov_6.236526	1208	1267	10	27	59	0.4576271
NODE_1023_length_2332_cov_4.725929	34	101	8	67	67	1.0000000
NODE_1027_length_2327_cov_18.210952	2213	2293	0	28	80	0.3500000
NODE_1027_length_2327_cov_18.210952	2213	2293	18	6	80	0.0750000
NODE_1027_length_2327_cov_18.210952	2213	2293	20	46	80	0.5750000
NODE_1027_length_2327_cov_18.210952	2266	2327	17	4	61	0.0655738
NODE_1027_length_2327_cov_18.210952	2266	2327	20	57	61	0.9344262
NODE_1028_length_2326_cov_15.583745	1709	1789	0	15	80	0.1875000
NODE_1028_length_2326_cov_15.583745	1709	1789	2	61	80	0.7625000
NODE_1028_length_2326_cov_15.583745	1709	1789	3	3	80	0.0375000
NODE_1028_length_2326_cov_15.583745	1709	1789	4	1	80	0.0125000
NODE_1028_length_2326_cov_15.583745	1762	1842	2	23	80	0.2875000
NODE_1028_length_2326_cov_15.583745	1762	1842	3	3	80	0.0375000
NODE_1028_length_2326_cov_15.583745	1762	1842	4	9	80	0.1125000
NODE_1028_length_2326_cov_15.583745	1762	1842	6	18	80	0.2250000
NODE_1028_length_2326_cov_15.583745	1762	1842	8	27	80	0.3375000
NODE_1030_length_2325_cov_14.998652	553	633	6	80	80	1.0000000
NODE_1030_length_2325_cov_14.998652	606	686	0	42	80	0.5250000
NODE_1030_length_2325_cov_14.998652	606	686	4	3	80	0.0375000
NODE_1030_length_2325_cov_14.998652	606	686	6	35	80	0.4375000
NODE_1034_length_2317_cov_11.956718	920	1000	0	80	80	1.0000000
NODE_1034_length_2317_cov_11.956718	973	1053	0	80	80	1.0000000
NODE_1034_length_2317_cov_11.956718	1049	1129	0	19	80	0.2375000
NODE_1034_length_2317_cov_11.956718	1049	1129	2	23	80	0.2875000
NODE_1034_length_2317_cov_11.956718	1049	1129	4	3	80	0.0375000
NODE_1034_length_2317_cov_11.956718	1049	1129	6	35	80	0.4375000
NODE_1034_length_2317_cov_11.956718	1102	1184	6	43	82	0.5243902
NODE_1034_length_2317_cov_11.956718	1102	1184	8	39	82	0.4756097
NODE_1037_length_2316_cov_8.556608	168	247	55	2	79	0.0253165
NODE_1037_length_2316_cov_8.556608	168	247	57	2	79	0.0253165
NODE_1037_length_2316_cov_8.556608	168	247	59	1	79	0.0126582
NODE_1037_length_2316_cov_8.556608	168	247	60	1	79	0.0126582
NODE_1037_length_2316_cov_8.556608	168	247	64	1	79	0.0126582
NODE_1037_length_2316_cov_8.556608	168	247	68	1	79	0.0126582
NODE_1037_length_2316_cov_8.556608	168	247	71	2	79	0.0253165
NODE_1037_length_2316_cov_8.556608	168	247	73	2	79	0.0253165
NODE_1037_length_2316_cov_8.556608	168	247	76	1	79	0.0126582
NODE_1037_length_2316_cov_8.556608	168	247	77	1	79	0.0126582
NODE_1037_length_2316_cov_8.556608	168	247	81	1	79	0.0126582
NODE_1037_length_2316_cov_8.556608	168	247	87	1	79	0.0126582
NODE_1037_length_2316_cov_8.556608	168	247	89	1	79	0.0126582
NODE_1037_length_2316_cov_8.556608	168	247	94	2	79	0.0253165
NODE_1037_length_2316_cov_8.556608	168	247	96	1	79	0.0126582
NODE_1037_length_2316_cov_8.556608	168	247	101	1	79	0.0126582
NODE_1037_length_2316_cov_8.556608	168	247	112	1	79	0.0126582
NODE_1037_length_2316_cov_8.556608	168	247	113	1	79	0.0126582
NODE_1037_length_2316_cov_8.556608	168	247	115	1	79	0.0126582
NODE_1037_length_2316_cov_8.556608	168	247	117	1	79	0.0126582
NODE_1037_length_2316_cov_8.556608	168	247	119	6	79	0.0759494
NODE_1037_length_2316_cov_8.556608	168	247	120	3	79	0.0379747
NODE_1037_length_2316_cov_8.556608	168	247	121	2	79	0.0253165
NODE_1037_length_2316_cov_8.556608	168	247	123	4	79	0.0506329
NODE_1037_length_2316_cov_8.556608	168	247	124	1	79	0.0126582
NODE_1037_length_2316_cov_8.556608	168	247	125	3	79	0.0379747
NODE_1037_length_2316_cov_8.556608	168	247	126	20	79	0.2531646
NODE_1037_length_2316_cov_8.556608	168	247	127	7	79	0.0886076
NODE_1037_length_2316_cov_8.556608	168	247	128	1	79	0.0126582
NODE_1037_length_2316_cov_8.556608	168	247	129	2	79	0.0253165
NODE_1037_length_2316_cov_8.556608	168	247	131	5	79	0.0632911
NODE_1037_length_2316_cov_8.556608	1117	1198	45	3	81	0.0370370
NODE_1037_length_2316_cov_8.556608	1117	1198	47	1	81	0.0123457
NODE_1037_length_2316_cov_8.556608	1117	1198	50	9	81	0.1111111
NODE_1037_length_2316_cov_8.556608	1117	1198	54	1	81	0.0123457
NODE_1037_length_2316_cov_8.556608	1117	1198	56	1	81	0.0123457
NODE_1037_length_2316_cov_8.556608	1117	1198	60	2	81	0.0246914
NODE_1037_length_2316_cov_8.556608	1117	1198	62	9	81	0.1111111
NODE_1037_length_2316_cov_8.556608	1117	1198	63	1	81	0.0123457
NODE_1037_length_2316_cov_8.556608	1117	1198	64	17	81	0.2098765
NODE_1037_length_2316_cov_8.556608	1117	1198	66	14	81	0.1728395
NODE_1037_length_2316_cov_8.556608	1117	1198	67	4	81	0.0493827
NODE_1037_length_2316_cov_8.556608	1117	1198	68	1	81	0.0123457
NODE_1037_length_2316_cov_8.556608	1117	1198	69	13	81	0.1604938
NODE_1037_length_2316_cov_8.556608	1117	1198	70	2	81	0.0246914
NODE_1037_length_2316_cov_8.556608	1117	1198	71	3	81	0.0370370
NODE_1037_length_2316_cov_8.556608	1369	1412	36	3	43	0.0697674
NODE_1037_length_2316_cov_8.556608	1369	1412	37	9	43	0.2093023
NODE_1037_length_2316_cov_8.556608	1369	1412	38	1	43	0.0232558
NODE_1037_length_2316_cov_8.556608	1369	1412	39	5	43	0.1162791
NODE_1037_length_2316_cov_8.556608	1369	1412	40	3	43	0.0697674
NODE_1037_length_2316_cov_8.556608	1369	1412	43	22	43	0.5116279
NODE_1040_length_2311_cov_2.821881	2121	2201	1	4	80	0.0500000
NODE_1040_length_2311_cov_2.821881	2121	2201	3	12	80	0.1500000
NODE_1040_length_2311_cov_2.821881	2121	2201	4	64	80	0.8000000
NODE_1040_length_2311_cov_2.821881	2174	2225	1	28	51	0.5490196
NODE_1040_length_2311_cov_2.821881	2174	2225	3	12	51	0.2352941
NODE_1040_length_2311_cov_2.821881	2174	2225	4	11	51	0.2156863
NODE_1044_length_2306_cov_17.347984	995	1075	10	33	80	0.4125000
NODE_1044_length_2306_cov_17.347984	995	1075	16	1	80	0.0125000
NODE_1044_length_2306_cov_17.347984	995	1075	18	46	80	0.5750000
NODE_1044_length_2306_cov_17.347984	1048	1128	6	9	80	0.1125000
NODE_1044_length_2306_cov_17.347984	1048	1128	8	13	80	0.1625000
NODE_1044_length_2306_cov_17.347984	1048	1128	13	20	80	0.2500000
NODE_1044_length_2306_cov_17.347984	1048	1128	18	38	80	0.4750000
NODE_1052_length_2300_cov_9.803271	934	1014	0	55	80	0.6875000
NODE_1052_length_2300_cov_9.803271	934	1014	2	25	80	0.3125000
NODE_1052_length_2300_cov_9.803271	1892	1965	0	12	73	0.1643836
NODE_1052_length_2300_cov_9.803271	1892	1965	2	61	73	0.8356164
NODE_1059_length_2289_cov_17.807306	968	1026	29	2	58	0.0344828
NODE_1059_length_2289_cov_17.807306	968	1026	31	1	58	0.0172414
NODE_1059_length_2289_cov_17.807306	968	1026	33	5	58	0.0862069
NODE_1059_length_2289_cov_17.807306	968	1026	34	25	58	0.4310345
NODE_1059_length_2289_cov_17.807306	968	1026	37	6	58	0.1034483
NODE_1059_length_2289_cov_17.807306	968	1026	39	6	58	0.1034483
NODE_1059_length_2289_cov_17.807306	968	1026	47	2	58	0.0344828
NODE_1059_length_2289_cov_17.807306	968	1026	48	11	58	0.1896552
NODE_1059_length_2289_cov_17.807306	1021	1079	25	4	58	0.0689655
NODE_1059_length_2289_cov_17.807306	1021	1079	26	1	58	0.0172414
NODE_1059_length_2289_cov_17.807306	1021	1079	28	4	58	0.0689655
NODE_1059_length_2289_cov_17.807306	1021	1079	35	12	58	0.2068966
NODE_1059_length_2289_cov_17.807306	1021	1079	36	1	58	0.0172414
NODE_1059_length_2289_cov_17.807306	1021	1079	37	1	58	0.0172414
NODE_1059_length_2289_cov_17.807306	1021	1079	39	1	58	0.0172414
NODE_1059_length_2289_cov_17.807306	1021	1079	41	1	58	0.0172414
NODE_1059_length_2289_cov_17.807306	1021	1079	42	4	58	0.0689655
NODE_1059_length_2289_cov_17.807306	1021	1079	44	6	58	0.1034483
NODE_1059_length_2289_cov_17.807306	1021	1079	46	5	58	0.0862069
NODE_1059_length_2289_cov_17.807306	1021	1079	48	18	58	0.3103448
NODE_1060_length_2289_cov_7.736986	2161	2218	320	1	57	0.0175439
NODE_1060_length_2289_cov_7.736986	2161	2218	346	1	57	0.0175439
NODE_1060_length_2289_cov_7.736986	2161	2218	358	1	57	0.0175439
NODE_1060_length_2289_cov_7.736986	2161	2218	360	1	57	0.0175439
NODE_1060_length_2289_cov_7.736986	2161	2218	374	1	57	0.0175439
NODE_1060_length_2289_cov_7.736986	2161	2218	380	1	57	0.0175439
NODE_1060_length_2289_cov_7.736986	2161	2218	384	1	57	0.0175439
NODE_1060_length_2289_cov_7.736986	2161	2218	410	1	57	0.0175439
NODE_1060_length_2289_cov_7.736986	2161	2218	414	1	57	0.0175439
NODE_1060_length_2289_cov_7.736986	2161	2218	437	1	57	0.0175439
NODE_1060_length_2289_cov_7.736986	2161	2218	452	1	57	0.0175439
NODE_1060_length_2289_cov_7.736986	2161	2218	454	1	57	0.0175439
NODE_1060_length_2289_cov_7.736986	2161	2218	462	1	57	0.0175439
NODE_1060_length_2289_cov_7.736986	2161	2218	482	1	57	0.0175439
NODE_1060_length_2289_cov_7.736986	2161	2218	494	1	57	0.0175439
NODE_1060_length_2289_cov_7.736986	2161	2218	498	1	57	0.0175439
NODE_1060_length_2289_cov_7.736986	2161	2218	500	2	57	0.0350877
NODE_1060_length_2289_cov_7.736986	2161	2218	508	1	57	0.0175439
NODE_1060_length_2289_cov_7.736986	2161	2218	514	1	57	0.0175439
NODE_1060_length_2289_cov_7.736986	2161	2218	534	2	57	0.0350877
NODE_1060_length_2289_cov_7.736986	2161	2218	536	1	57	0.0175439
NODE_1060_length_2289_cov_7.736986	2161	2218	538	1	57	0.0175439
NODE_1060_length_2289_cov_7.736986	2161	2218	542	1	57	0.0175439
NODE_1060_length_2289_cov_7.736986	2161	2218	544	32	57	0.5614035
NODE_1060_length_2289_cov_7.736986	2191	2271	324	1	80	0.0125000
NODE_1060_length_2289_cov_7.736986	2191	2271	332	1	80	0.0125000
NODE_1060_length_2289_cov_7.736986	2191	2271	337	1	80	0.0125000
NODE_1060_length_2289_cov_7.736986	2191	2271	349	1	80	0.0125000
NODE_1060_length_2289_cov_7.736986	2191	2271	362	1	80	0.0125000
NODE_1060_length_2289_cov_7.736986	2191	2271	382	1	80	0.0125000
NODE_1060_length_2289_cov_7.736986	2191	2271	384	1	80	0.0125000
NODE_1060_length_2289_cov_7.736986	2191	2271	418	1	80	0.0125000
NODE_1060_length_2289_cov_7.736986	2191	2271	425	1	80	0.0125000
NODE_1060_length_2289_cov_7.736986	2191	2271	456	1	80	0.0125000
NODE_1060_length_2289_cov_7.736986	2191	2271	480	1	80	0.0125000
NODE_1060_length_2289_cov_7.736986	2191	2271	487	1	80	0.0125000
NODE_1060_length_2289_cov_7.736986	2191	2271	491	1	80	0.0125000
NODE_1060_length_2289_cov_7.736986	2191	2271	500	1	80	0.0125000
NODE_1060_length_2289_cov_7.736986	2191	2271	520	1	80	0.0125000
NODE_1060_length_2289_cov_7.736986	2191	2271	524	1	80	0.0125000
NODE_1060_length_2289_cov_7.736986	2191	2271	531	4	80	0.0500000
NODE_1060_length_2289_cov_7.736986	2191	2271	537	1	80	0.0125000
NODE_1060_length_2289_cov_7.736986	2191	2271	539	2	80	0.0250000
NODE_1060_length_2289_cov_7.736986	2191	2271	541	2	80	0.0250000
NODE_1060_length_2289_cov_7.736986	2191	2271	543	21	80	0.2625000
NODE_1060_length_2289_cov_7.736986	2191	2271	544	34	80	0.4250000
NODE_1061_length_2288_cov_8.539973	340	420	2	53	80	0.6625000
NODE_1061_length_2288_cov_8.539973	340	420	4	17	80	0.2125000
NODE_1061_length_2288_cov_8.539973	340	420	5	10	80	0.1250000
NODE_1061_length_2288_cov_8.539973	393	473	0	14	80	0.1750000
NODE_1061_length_2288_cov_8.539973	393	473	1	26	80	0.3250000
NODE_1061_length_2288_cov_8.539973	393	473	2	40	80	0.5000000
NODE_1065_length_2278_cov_19.655805	450	530	3	35	80	0.4375000
NODE_1065_length_2278_cov_19.655805	450	530	4	45	80	0.5625000
NODE_1065_length_2278_cov_19.655805	503	583	1	6	80	0.0750000
NODE_1065_length_2278_cov_19.655805	503	583	2	25	80	0.3125000
NODE_1065_length_2278_cov_19.655805	503	583	4	49	80	0.6125000
NODE_1065_length_2278_cov_19.655805	579	659	0	24	80	0.3000000
NODE_1065_length_2278_cov_19.655805	579	659	1	56	80	0.7000000
NODE_1065_length_2278_cov_19.655805	632	712	0	77	80	0.9625000
NODE_1065_length_2278_cov_19.655805	632	712	1	3	80	0.0375000
NODE_1071_length_2272_cov_26.123792	226	306	0	80	80	1.0000000
NODE_1071_length_2272_cov_26.123792	279	359	0	80	80	1.0000000
NODE_1071_length_2272_cov_26.123792	1684	1731	16	2	47	0.0425532
NODE_1071_length_2272_cov_26.123792	1684	1731	18	1	47	0.0212766
NODE_1071_length_2272_cov_26.123792	1684	1731	25	1	47	0.0212766
NODE_1071_length_2272_cov_26.123792	1684	1731	36	2	47	0.0425532
NODE_1071_length_2272_cov_26.123792	1684	1731	37	1	47	0.0212766
NODE_1071_length_2272_cov_26.123792	1684	1731	39	2	47	0.0425532
NODE_1071_length_2272_cov_26.123792	1684	1731	40	4	47	0.0851064
NODE_1071_length_2272_cov_26.123792	1684	1731	41	2	47	0.0425532
NODE_1071_length_2272_cov_26.123792	1684	1731	43	6	47	0.1276596
NODE_1071_length_2272_cov_26.123792	1684	1731	45	1	47	0.0212766
NODE_1071_length_2272_cov_26.123792	1684	1731	46	2	47	0.0425532
NODE_1071_length_2272_cov_26.123792	1684	1731	50	1	47	0.0212766
NODE_1071_length_2272_cov_26.123792	1684	1731	51	3	47	0.0638298
NODE_1071_length_2272_cov_26.123792	1684	1731	52	6	47	0.1276596
NODE_1071_length_2272_cov_26.123792	1684	1731	54	2	47	0.0425532
NODE_1071_length_2272_cov_26.123792	1684	1731	55	1	47	0.0212766
NODE_1071_length_2272_cov_26.123792	1684	1731	56	5	47	0.1063830
NODE_1071_length_2272_cov_26.123792	1684	1731	61	2	47	0.0425532
NODE_1071_length_2272_cov_26.123792	1684	1731	63	1	47	0.0212766
NODE_1071_length_2272_cov_26.123792	1684	1731	65	2	47	0.0425532
NODE_1071_length_2272_cov_26.123792	1694	1725	37	1	31	0.0322581
NODE_1071_length_2272_cov_26.123792	1694	1725	39	2	31	0.0645161
NODE_1071_length_2272_cov_26.123792	1694	1725	40	4	31	0.1290323
NODE_1071_length_2272_cov_26.123792	1694	1725	41	2	31	0.0645161
NODE_1071_length_2272_cov_26.123792	1694	1725	43	6	31	0.1935484
NODE_1071_length_2272_cov_26.123792	1694	1725	45	1	31	0.0322581
NODE_1071_length_2272_cov_26.123792	1694	1725	46	2	31	0.0645161
NODE_1071_length_2272_cov_26.123792	1694	1725	50	1	31	0.0322581
NODE_1071_length_2272_cov_26.123792	1694	1725	51	3	31	0.0967742
NODE_1071_length_2272_cov_26.123792	1694	1725	52	6	31	0.1935484
NODE_1071_length_2272_cov_26.123792	1694	1725	54	2	31	0.0645161
NODE_1071_length_2272_cov_26.123792	1694	1725	55	1	31	0.0322581
NODE_1071_length_2272_cov_26.123792	1759	1833	0	2	74	0.0270270
NODE_1071_length_2272_cov_26.123792	1759	1833	2	45	74	0.6081081
NODE_1071_length_2272_cov_26.123792	1759	1833	4	27	74	0.3648649
NODE_1071_length_2272_cov_26.123792	1812	1892	2	43	80	0.5375000
NODE_1071_length_2272_cov_26.123792	1812	1892	4	37	80	0.4625000
NODE_1072_length_2272_cov_8.175334	213	293	22	10	80	0.1250000
NODE_1072_length_2272_cov_8.175334	213	293	24	5	80	0.0625000
NODE_1072_length_2272_cov_8.175334	213	293	25	4	80	0.0500000
NODE_1072_length_2272_cov_8.175334	213	293	26	2	80	0.0250000
NODE_1072_length_2272_cov_8.175334	213	293	27	5	80	0.0625000
NODE_1072_length_2272_cov_8.175334	213	293	28	6	80	0.0750000
NODE_1072_length_2272_cov_8.175334	213	293	29	8	80	0.1000000
NODE_1072_length_2272_cov_8.175334	213	293	30	2	80	0.0250000
NODE_1072_length_2272_cov_8.175334	213	293	31	9	80	0.1125000
NODE_1072_length_2272_cov_8.175334	213	293	33	3	80	0.0375000
NODE_1072_length_2272_cov_8.175334	213	293	35	26	80	0.3250000
NODE_1072_length_2272_cov_8.175334	266	346	2	1	80	0.0125000
NODE_1072_length_2272_cov_8.175334	266	346	6	1	80	0.0125000
NODE_1072_length_2272_cov_8.175334	266	346	12	5	80	0.0625000
NODE_1072_length_2272_cov_8.175334	266	346	14	1	80	0.0125000
NODE_1072_length_2272_cov_8.175334	266	346	16	2	80	0.0250000
NODE_1072_length_2272_cov_8.175334	266	346	18	13	80	0.1625000
NODE_1072_length_2272_cov_8.175334	266	346	20	10	80	0.1250000
NODE_1072_length_2272_cov_8.175334	266	346	21	1	80	0.0125000
NODE_1072_length_2272_cov_8.175334	266	346	23	2	80	0.0250000
NODE_1072_length_2272_cov_8.175334	266	346	25	21	80	0.2625000
NODE_1072_length_2272_cov_8.175334	266	346	27	5	80	0.0625000
NODE_1072_length_2272_cov_8.175334	266	346	31	9	80	0.1125000
NODE_1072_length_2272_cov_8.175334	266	346	33	3	80	0.0375000
NODE_1072_length_2272_cov_8.175334	266	346	35	6	80	0.0750000
NODE_1077_length_2266_cov_13.206276	359	439	0	19	80	0.2375000
NODE_1077_length_2266_cov_13.206276	359	439	2	4	80	0.0500000
NODE_1077_length_2266_cov_13.206276	359	439	9	46	80	0.5750000
NODE_1077_length_2266_cov_13.206276	359	439	14	1	80	0.0125000
NODE_1077_length_2266_cov_13.206276	359	439	16	10	80	0.1250000
NODE_1077_length_2266_cov_13.206276	412	492	0	41	80	0.5125000
NODE_1077_length_2266_cov_13.206276	412	492	2	29	80	0.3625000
NODE_1077_length_2266_cov_13.206276	412	492	3	6	80	0.0750000
NODE_1077_length_2266_cov_13.206276	412	492	9	4	80	0.0500000
NODE_1077_length_2266_cov_13.206276	488	568	3	7	80	0.0875000
NODE_1077_length_2266_cov_13.206276	488	568	7	2	80	0.0250000
NODE_1077_length_2266_cov_13.206276	488	568	8	8	80	0.1000000
NODE_1077_length_2266_cov_13.206276	488	568	9	3	80	0.0375000
NODE_1077_length_2266_cov_13.206276	488	568	10	60	80	0.7500000
NODE_1077_length_2266_cov_13.206276	541	627	2	35	86	0.4069767
NODE_1077_length_2266_cov_13.206276	541	627	6	11	86	0.1279070
NODE_1077_length_2266_cov_13.206276	541	627	8	21	86	0.2441860
NODE_1077_length_2266_cov_13.206276	541	627	10	19	86	0.2209302
NODE_1078_length_2262_cov_11.759131	413	493	0	80	80	1.0000000
NODE_1078_length_2262_cov_11.759131	466	546	0	80	80	1.0000000
NODE_1079_length_2260_cov_37.814901	219	299	0	80	80	1.0000000
NODE_1079_length_2260_cov_37.814901	742	822	1	11	80	0.1375000
NODE_1079_length_2260_cov_37.814901	742	822	2	6	80	0.0750000
NODE_1079_length_2260_cov_37.814901	742	822	4	63	80	0.7875000
NODE_1079_length_2260_cov_37.814901	795	875	1	17	80	0.2125000
NODE_1079_length_2260_cov_37.814901	795	875	2	37	80	0.4625000
NODE_1079_length_2260_cov_37.814901	795	875	4	26	80	0.3250000
NODE_1079_length_2260_cov_37.814901	1533	1613	26	20	80	0.2500000
NODE_1079_length_2260_cov_37.814901	1533	1613	27	2	80	0.0250000
NODE_1079_length_2260_cov_37.814901	1533	1613	28	55	80	0.6875000
NODE_1079_length_2260_cov_37.814901	1533	1613	30	3	80	0.0375000
NODE_1079_length_2260_cov_37.814901	1586	1666	0	19	80	0.2375000
NODE_1079_length_2260_cov_37.814901	1586	1666	4	1	80	0.0125000
NODE_1079_length_2260_cov_37.814901	1586	1666	14	17	80	0.2125000
NODE_1079_length_2260_cov_37.814901	1586	1666	18	1	80	0.0125000
NODE_1079_length_2260_cov_37.814901	1586	1666	23	1	80	0.0125000
NODE_1079_length_2260_cov_37.814901	1586	1666	24	11	80	0.1375000
NODE_1079_length_2260_cov_37.814901	1586	1666	26	23	80	0.2875000
NODE_1079_length_2260_cov_37.814901	1586	1666	27	2	80	0.0250000
NODE_1079_length_2260_cov_37.814901	1586	1666	28	5	80	0.0625000
NODE_1079_length_2260_cov_37.814901	1662	1742	0	80	80	1.0000000
NODE_1079_length_2260_cov_37.814901	1715	1795	0	30	80	0.3750000
NODE_1079_length_2260_cov_37.814901	1715	1795	2	50	80	0.6250000
NODE_1082_length_2253_cov_8.904828	472	552	15	3	80	0.0375000
NODE_1082_length_2253_cov_8.904828	472	552	19	1	80	0.0125000
NODE_1082_length_2253_cov_8.904828	472	552	23	2	80	0.0250000
NODE_1082_length_2253_cov_8.904828	472	552	24	8	80	0.1000000
NODE_1082_length_2253_cov_8.904828	472	552	28	5	80	0.0625000
NODE_1082_length_2253_cov_8.904828	472	552	29	4	80	0.0500000
NODE_1082_length_2253_cov_8.904828	472	552	31	16	80	0.2000000
NODE_1082_length_2253_cov_8.904828	472	552	32	2	80	0.0250000
NODE_1082_length_2253_cov_8.904828	472	552	34	6	80	0.0750000
NODE_1082_length_2253_cov_8.904828	472	552	38	2	80	0.0250000
NODE_1082_length_2253_cov_8.904828	472	552	40	5	80	0.0625000
NODE_1082_length_2253_cov_8.904828	472	552	42	26	80	0.3250000
NODE_1085_length_2252_cov_2.801208	1128	1170	0	42	42	1.0000000
NODE_1085_length_2252_cov_2.801208	1137	1172	0	35	35	1.0000000
NODE_1086_length_2252_cov_2.078031	13	62	0	49	49	1.0000000
NODE_1086_length_2252_cov_2.078031	13	61	0	48	48	1.0000000
NODE_1086_length_2252_cov_2.078031	13	62	0	49	49	1.0000000
NODE_1086_length_2252_cov_2.078031	13	62	0	49	49	1.0000000
NODE_1086_length_2252_cov_2.078031	13	61	0	48	48	1.0000000
NODE_1087_length_2251_cov_15.458178	1443	1506	0	63	63	1.0000000
NODE_1087_length_2251_cov_15.458178	1496	1550	0	54	54	1.0000000
NODE_1089_length_2250_cov_18.370990	1658	1738	2	15	80	0.1875000
NODE_1089_length_2250_cov_18.370990	1658	1738	4	65	80	0.8125000
NODE_1089_length_2250_cov_18.370990	1711	1791	0	14	80	0.1750000
NODE_1089_length_2250_cov_18.370990	1711	1791	2	38	80	0.4750000
NODE_1089_length_2250_cov_18.370990	1711	1791	4	28	80	0.3500000
NODE_1090_length_2250_cov_5.331474	1844	1924	0	80	80	1.0000000
NODE_1093_length_2247_cov_7.906890	364	436	6	21	72	0.2916667
NODE_1093_length_2247_cov_7.906890	364	436	8	13	72	0.1805556
NODE_1093_length_2247_cov_7.906890	364	436	11	19	72	0.2638889
NODE_1093_length_2247_cov_7.906890	364	436	13	3	72	0.0416667
NODE_1093_length_2247_cov_7.906890	364	436	16	16	72	0.2222222
NODE_1095_length_2246_cov_7.612948	1992	2055	2	1	63	0.0158730
NODE_1095_length_2246_cov_7.612948	1992	2055	4	5	63	0.0793651
NODE_1095_length_2246_cov_7.612948	1992	2055	8	1	63	0.0158730
NODE_1095_length_2246_cov_7.612948	1992	2055	12	28	63	0.4444444
NODE_1095_length_2246_cov_7.612948	1992	2055	14	7	63	0.1111111
NODE_1095_length_2246_cov_7.612948	1992	2055	16	4	63	0.0634921
NODE_1095_length_2246_cov_7.612948	1992	2055	18	4	63	0.0634921
NODE_1095_length_2246_cov_7.612948	1992	2055	20	13	63	0.2063492
NODE_1095_length_2246_cov_7.612948	2045	2108	16	26	63	0.4126984
NODE_1095_length_2246_cov_7.612948	2045	2108	18	6	63	0.0952381
NODE_1095_length_2246_cov_7.612948	2045	2108	20	31	63	0.4920635
NODE_1104_length_2233_cov_35.127460	1517	1597	2	80	80	1.0000000
NODE_1104_length_2233_cov_35.127460	1570	1650	0	46	80	0.5750000
NODE_1104_length_2233_cov_35.127460	1570	1650	2	34	80	0.4250000
NODE_1105_length_2231_cov_45.701689	315	396	4	81	81	1.0000000
NODE_1105_length_2231_cov_45.701689	369	449	2	39	80	0.4875000
NODE_1105_length_2231_cov_45.701689	369	449	4	41	80	0.5125000
NODE_1105_length_2231_cov_45.701689	496	576	0	57	80	0.7125000
NODE_1105_length_2231_cov_45.701689	496	576	2	23	80	0.2875000
NODE_1105_length_2231_cov_45.701689	582	662	0	47	80	0.5875000
NODE_1105_length_2231_cov_45.701689	582	662	1	33	80	0.4125000
NODE_1105_length_2231_cov_45.701689	625	705	0	4	80	0.0500000
NODE_1105_length_2231_cov_45.701689	625	705	1	40	80	0.5000000
NODE_1105_length_2231_cov_45.701689	625	705	2	36	80	0.4500000
NODE_1105_length_2231_cov_45.701689	711	791	1	13	80	0.1625000
NODE_1105_length_2231_cov_45.701689	711	791	2	67	80	0.8375000
NODE_1105_length_2231_cov_45.701689	1141	1186	0	22	45	0.4888889
NODE_1105_length_2231_cov_45.701689	1141	1186	2	23	45	0.5111111
NODE_1105_length_2231_cov_45.701689	1787	1867	0	80	80	1.0000000
NODE_1105_length_2231_cov_45.701689	1840	1920	0	80	80	1.0000000
NODE_1106_length_2230_cov_12.608634	1520	1600	8	3	80	0.0375000
NODE_1106_length_2230_cov_12.608634	1520	1600	10	13	80	0.1625000
NODE_1106_length_2230_cov_12.608634	1520	1600	12	37	80	0.4625000
NODE_1106_length_2230_cov_12.608634	1520	1600	15	4	80	0.0500000
NODE_1106_length_2230_cov_12.608634	1520	1600	16	17	80	0.2125000
NODE_1106_length_2230_cov_12.608634	1520	1600	19	6	80	0.0750000
NODE_1106_length_2230_cov_12.608634	1573	1653	4	4	80	0.0500000
NODE_1106_length_2230_cov_12.608634	1573	1653	11	8	80	0.1000000
NODE_1106_length_2230_cov_12.608634	1573	1653	15	32	80	0.4000000
NODE_1106_length_2230_cov_12.608634	1573	1653	16	17	80	0.2125000
NODE_1106_length_2230_cov_12.608634	1573	1653	17	3	80	0.0375000
NODE_1106_length_2230_cov_12.608634	1573	1653	19	16	80	0.2000000
NODE_1112_length_2218_cov_5.292591	1427	1497	2	70	70	1.0000000
NODE_1112_length_2218_cov_5.292591	1470	1536	0	4	66	0.0606061
NODE_1112_length_2218_cov_5.292591	1470	1536	2	62	66	0.9393939
NODE_1115_length_2215_cov_51.865784	108	188	0	80	80	1.0000000
NODE_1115_length_2215_cov_51.865784	161	241	0	80	80	1.0000000
NODE_1115_length_2215_cov_51.865784	237	317	0	80	80	1.0000000
NODE_1115_length_2215_cov_51.865784	290	370	0	80	80	1.0000000
NODE_1115_length_2215_cov_51.865784	1030	1102	5	1	72	0.0138889
NODE_1115_length_2215_cov_51.865784	1030	1102	7	2	72	0.0277778
NODE_1115_length_2215_cov_51.865784	1030	1102	8	3	72	0.0416667
NODE_1115_length_2215_cov_51.865784	1030	1102	9	6	72	0.0833333
NODE_1115_length_2215_cov_51.865784	1030	1102	11	3	72	0.0416667
NODE_1115_length_2215_cov_51.865784	1030	1102	13	4	72	0.0555556
NODE_1115_length_2215_cov_51.865784	1030	1102	14	9	72	0.1250000
NODE_1115_length_2215_cov_51.865784	1030	1102	15	6	72	0.0833333
NODE_1115_length_2215_cov_51.865784	1030	1102	17	36	72	0.5000000
NODE_1115_length_2215_cov_51.865784	1030	1102	19	1	72	0.0138889
NODE_1115_length_2215_cov_51.865784	1030	1102	22	1	72	0.0138889
NODE_1115_length_2215_cov_51.865784	1571	1651	0	80	80	1.0000000
NODE_1115_length_2215_cov_51.865784	1624	1704	0	80	80	1.0000000
NODE_1117_length_2212_cov_63.988168	459	539	0	19	80	0.2375000
NODE_1117_length_2212_cov_63.988168	459	539	6	23	80	0.2875000
NODE_1117_length_2212_cov_63.988168	459	539	8	38	80	0.4750000
NODE_1117_length_2212_cov_63.988168	512	592	8	80	80	1.0000000
NODE_1117_length_2212_cov_63.988168	588	668	2	54	80	0.6750000
NODE_1117_length_2212_cov_63.988168	588	668	7	1	80	0.0125000
NODE_1117_length_2212_cov_63.988168	588	668	8	25	80	0.3125000
NODE_1117_length_2212_cov_63.988168	641	721	0	18	80	0.2250000
NODE_1117_length_2212_cov_63.988168	641	721	2	62	80	0.7750000
NODE_1119_length_2212_cov_4.632750	1479	1559	0	7	80	0.0875000
NODE_1119_length_2212_cov_4.632750	1479	1559	1	6	80	0.0750000
NODE_1119_length_2212_cov_4.632750	1479	1559	2	6	80	0.0750000
NODE_1119_length_2212_cov_4.632750	1479	1559	4	61	80	0.7625000
NODE_1119_length_2212_cov_4.632750	1532	1612	2	23	80	0.2875000
NODE_1119_length_2212_cov_4.632750	1532	1612	4	57	80	0.7125000
NODE_1122_length_2211_cov_16.247159	1808	1888	11	12	80	0.1500000
NODE_1122_length_2211_cov_16.247159	1808	1888	13	67	80	0.8375000
NODE_1122_length_2211_cov_16.247159	1808	1888	14	1	80	0.0125000
NODE_1124_length_2207_cov_46.766129	1273	1348	148	2	75	0.0266667
NODE_1124_length_2207_cov_46.766129	1273	1348	150	2	75	0.0266667
NODE_1124_length_2207_cov_46.766129	1273	1348	152	2	75	0.0266667
NODE_1124_length_2207_cov_46.766129	1273	1348	155	1	75	0.0133333
NODE_1124_length_2207_cov_46.766129	1273	1348	159	2	75	0.0266667
NODE_1124_length_2207_cov_46.766129	1273	1348	160	6	75	0.0800000
NODE_1124_length_2207_cov_46.766129	1273	1348	161	4	75	0.0533333
NODE_1124_length_2207_cov_46.766129	1273	1348	162	6	75	0.0800000
NODE_1124_length_2207_cov_46.766129	1273	1348	163	11	75	0.1466667
NODE_1124_length_2207_cov_46.766129	1273	1348	164	2	75	0.0266667
NODE_1124_length_2207_cov_46.766129	1273	1348	165	6	75	0.0800000
NODE_1124_length_2207_cov_46.766129	1273	1348	166	12	75	0.1600000
NODE_1124_length_2207_cov_46.766129	1273	1348	167	10	75	0.1333333
NODE_1124_length_2207_cov_46.766129	1273	1348	168	7	75	0.0933333
NODE_1124_length_2207_cov_46.766129	1273	1348	169	2	75	0.0266667
NODE_1124_length_2207_cov_46.766129	1324	1401	45	2	77	0.0259740
NODE_1124_length_2207_cov_46.766129	1324	1401	49	4	77	0.0519481
NODE_1124_length_2207_cov_46.766129	1324	1401	52	1	77	0.0129870
NODE_1124_length_2207_cov_46.766129	1324	1401	54	1	77	0.0129870
NODE_1124_length_2207_cov_46.766129	1324	1401	55	1	77	0.0129870
NODE_1124_length_2207_cov_46.766129	1324	1401	59	2	77	0.0259740
NODE_1124_length_2207_cov_46.766129	1324	1401	61	1	77	0.0129870
NODE_1124_length_2207_cov_46.766129	1324	1401	64	2	77	0.0259740
NODE_1124_length_2207_cov_46.766129	1324	1401	65	1	77	0.0129870
NODE_1124_length_2207_cov_46.766129	1324	1401	67	1	77	0.0129870
NODE_1124_length_2207_cov_46.766129	1324	1401	68	1	77	0.0129870
NODE_1124_length_2207_cov_46.766129	1324	1401	72	1	77	0.0129870
NODE_1124_length_2207_cov_46.766129	1324	1401	74	1	77	0.0129870
NODE_1124_length_2207_cov_46.766129	1324	1401	78	1	77	0.0129870
NODE_1124_length_2207_cov_46.766129	1324	1401	84	1	77	0.0129870
NODE_1124_length_2207_cov_46.766129	1324	1401	85	1	77	0.0129870
NODE_1124_length_2207_cov_46.766129	1324	1401	89	1	77	0.0129870
NODE_1124_length_2207_cov_46.766129	1324	1401	91	1	77	0.0129870
NODE_1124_length_2207_cov_46.766129	1324	1401	94	1	77	0.0129870
NODE_1124_length_2207_cov_46.766129	1324	1401	96	1	77	0.0129870
NODE_1124_length_2207_cov_46.766129	1324	1401	97	1	77	0.0129870
NODE_1124_length_2207_cov_46.766129	1324	1401	99	2	77	0.0259740
NODE_1124_length_2207_cov_46.766129	1324	1401	101	1	77	0.0129870
NODE_1124_length_2207_cov_46.766129	1324	1401	103	2	77	0.0259740
NODE_1124_length_2207_cov_46.766129	1324	1401	105	1	77	0.0129870
NODE_1124_length_2207_cov_46.766129	1324	1401	107	1	77	0.0129870
NODE_1124_length_2207_cov_46.766129	1324	1401	117	2	77	0.0259740
NODE_1124_length_2207_cov_46.766129	1324	1401	126	1	77	0.0129870
NODE_1124_length_2207_cov_46.766129	1324	1401	127	2	77	0.0259740
NODE_1124_length_2207_cov_46.766129	1324	1401	129	2	77	0.0259740
NODE_1124_length_2207_cov_46.766129	1324	1401	136	1	77	0.0129870
NODE_1124_length_2207_cov_46.766129	1324	1401	141	2	77	0.0259740
NODE_1124_length_2207_cov_46.766129	1324	1401	143	2	77	0.0259740
NODE_1124_length_2207_cov_46.766129	1324	1401	145	3	77	0.0389610
NODE_1124_length_2207_cov_46.766129	1324	1401	148	3	77	0.0389610
NODE_1124_length_2207_cov_46.766129	1324	1401	150	5	77	0.0649351
NODE_1124_length_2207_cov_46.766129	1324	1401	152	2	77	0.0259740
NODE_1124_length_2207_cov_46.766129	1324	1401	155	1	77	0.0129870
NODE_1124_length_2207_cov_46.766129	1324	1401	159	1	77	0.0129870
NODE_1124_length_2207_cov_46.766129	1324	1401	160	4	77	0.0519481
NODE_1124_length_2207_cov_46.766129	1324	1401	161	4	77	0.0519481
NODE_1124_length_2207_cov_46.766129	1324	1401	162	2	77	0.0259740
NODE_1124_length_2207_cov_46.766129	1324	1401	163	5	77	0.0649351
NODE_1124_length_2207_cov_46.766129	1324	1401	165	1	77	0.0129870
NODE_1127_length_2205_cov_12.762108	1818	1898	0	80	80	1.0000000
NODE_1127_length_2205_cov_12.762108	1871	1951	0	80	80	1.0000000
NODE_1127_length_2205_cov_12.762108	1872	1951	0	79	79	1.0000000
NODE_1127_length_2205_cov_12.762108	1947	2020	0	73	73	1.0000000
NODE_1128_length_2202_cov_8.687114	1848	1912	0	64	64	1.0000000
NODE_1130_length_2200_cov_10.639695	1461	1541	4	73	80	0.9125000
NODE_1130_length_2200_cov_10.639695	1461	1541	6	7	80	0.0875000
NODE_1130_length_2200_cov_10.639695	1514	1594	4	56	80	0.7000000
NODE_1130_length_2200_cov_10.639695	1514	1594	6	22	80	0.2750000
NODE_1130_length_2200_cov_10.639695	1514	1594	8	2	80	0.0250000
NODE_1131_length_2199_cov_10.839524	1709	1789	0	27	80	0.3375000
NODE_1131_length_2199_cov_10.839524	1709	1789	2	53	80	0.6625000
NODE_1131_length_2199_cov_10.839524	1762	1842	0	16	80	0.2000000
NODE_1131_length_2199_cov_10.839524	1762	1842	2	64	80	0.8000000
NODE_1135_length_2196_cov_64.718646	885	965	16	1	80	0.0125000
NODE_1135_length_2196_cov_64.718646	885	965	18	15	80	0.1875000
NODE_1135_length_2196_cov_64.718646	885	965	24	1	80	0.0125000
NODE_1135_length_2196_cov_64.718646	885	965	25	4	80	0.0500000
NODE_1135_length_2196_cov_64.718646	885	965	27	14	80	0.1750000
NODE_1135_length_2196_cov_64.718646	885	965	29	1	80	0.0125000
NODE_1135_length_2196_cov_64.718646	885	965	36	16	80	0.2000000
NODE_1135_length_2196_cov_64.718646	885	965	38	3	80	0.0375000
NODE_1135_length_2196_cov_64.718646	885	965	46	25	80	0.3125000
NODE_1135_length_2196_cov_64.718646	938	1018	35	7	80	0.0875000
NODE_1135_length_2196_cov_64.718646	938	1018	36	20	80	0.2500000
NODE_1135_length_2196_cov_64.718646	938	1018	38	2	80	0.0250000
NODE_1135_length_2196_cov_64.718646	938	1018	41	11	80	0.1375000
NODE_1135_length_2196_cov_64.718646	938	1018	43	1	80	0.0125000
NODE_1135_length_2196_cov_64.718646	938	1018	46	33	80	0.4125000
NODE_1135_length_2196_cov_64.718646	938	1018	48	6	80	0.0750000
NODE_1138_length_2195_cov_8.443225	114	136	0	22	22	1.0000000
NODE_1139_length_2195_cov_6.113550	1245	1330	0	85	85	1.0000000
NODE_1139_length_2195_cov_6.113550	1306	1352	0	46	46	1.0000000
NODE_1141_length_2194_cov_1.366587	15	77	0	62	62	1.0000000
NODE_1142_length_2193_cov_8.320917	374	454	0	80	80	1.0000000
NODE_1142_length_2193_cov_8.320917	427	502	0	75	75	1.0000000
NODE_1146_length_2189_cov_36.884689	383	463	0	14	80	0.1750000
NODE_1146_length_2189_cov_36.884689	383	463	2	39	80	0.4875000
NODE_1146_length_2189_cov_36.884689	383	463	4	27	80	0.3375000
NODE_1146_length_2189_cov_36.884689	436	516	2	47	80	0.5875000
NODE_1146_length_2189_cov_36.884689	436	516	4	33	80	0.4125000
NODE_1146_length_2189_cov_36.884689	1257	1337	0	80	80	1.0000000
NODE_1146_length_2189_cov_36.884689	1310	1390	0	80	80	1.0000000
NODE_1146_length_2189_cov_36.884689	1427	1507	0	66	80	0.8250000
NODE_1146_length_2189_cov_36.884689	1427	1507	2	14	80	0.1750000
NODE_1146_length_2189_cov_36.884689	1480	1560	0	13	80	0.1625000
NODE_1146_length_2189_cov_36.884689	1480	1560	2	67	80	0.8375000
NODE_1152_length_2184_cov_9.464748	1536	1616	0	80	80	1.0000000
NODE_1152_length_2184_cov_9.464748	1589	1669	0	80	80	1.0000000
NODE_1154_length_2183_cov_45.471209	1632	1712	0	26	80	0.3250000
NODE_1154_length_2183_cov_45.471209	1632	1712	2	3	80	0.0375000
NODE_1154_length_2183_cov_45.471209	1632	1712	4	27	80	0.3375000
NODE_1154_length_2183_cov_45.471209	1632	1712	6	24	80	0.3000000
NODE_1154_length_2183_cov_45.471209	1685	1765	4	3	80	0.0375000
NODE_1154_length_2183_cov_45.471209	1685	1765	6	77	80	0.9625000
NODE_1159_length_2176_cov_47.338950	0	52	0	52	52	1.0000000
NODE_1162_length_2174_cov_40.560964	1638	1718	2	30	80	0.3750000
NODE_1162_length_2174_cov_40.560964	1638	1718	4	50	80	0.6250000
NODE_1162_length_2174_cov_40.560964	1691	1771	2	18	80	0.2250000
NODE_1162_length_2174_cov_40.560964	1691	1771	4	62	80	0.7750000
NODE_1163_length_2174_cov_35.399518	284	364	0	80	80	1.0000000
NODE_1163_length_2174_cov_35.399518	337	414	0	77	77	1.0000000
NODE_1163_length_2174_cov_35.399518	1542	1620	74	5	78	0.0641026
NODE_1163_length_2174_cov_35.399518	1542	1620	76	3	78	0.0384615
NODE_1163_length_2174_cov_35.399518	1542	1620	77	12	78	0.1538462
NODE_1163_length_2174_cov_35.399518	1542	1620	78	6	78	0.0769231
NODE_1163_length_2174_cov_35.399518	1542	1620	80	5	78	0.0641026
NODE_1163_length_2174_cov_35.399518	1542	1620	82	9	78	0.1153846
NODE_1163_length_2174_cov_35.399518	1542	1620	84	1	78	0.0128205
NODE_1163_length_2174_cov_35.399518	1542	1620	86	1	78	0.0128205
NODE_1163_length_2174_cov_35.399518	1542	1620	88	10	78	0.1282051
NODE_1163_length_2174_cov_35.399518	1542	1620	90	10	78	0.1282051
NODE_1163_length_2174_cov_35.399518	1542	1620	92	6	78	0.0769231
NODE_1163_length_2174_cov_35.399518	1542	1620	94	7	78	0.0897436
NODE_1163_length_2174_cov_35.399518	1542	1620	96	3	78	0.0384615
NODE_1163_length_2174_cov_35.399518	1593	1673	51	3	80	0.0375000
NODE_1163_length_2174_cov_35.399518	1593	1673	57	3	80	0.0375000
NODE_1163_length_2174_cov_35.399518	1593	1673	59	1	80	0.0125000
NODE_1163_length_2174_cov_35.399518	1593	1673	61	2	80	0.0250000
NODE_1163_length_2174_cov_35.399518	1593	1673	63	7	80	0.0875000
NODE_1163_length_2174_cov_35.399518	1593	1673	65	3	80	0.0375000
NODE_1163_length_2174_cov_35.399518	1593	1673	71	3	80	0.0375000
NODE_1163_length_2174_cov_35.399518	1593	1673	73	10	80	0.1250000
NODE_1163_length_2174_cov_35.399518	1593	1673	75	1	80	0.0125000
NODE_1163_length_2174_cov_35.399518	1593	1673	78	7	80	0.0875000
NODE_1163_length_2174_cov_35.399518	1593	1673	79	2	80	0.0250000
NODE_1163_length_2174_cov_35.399518	1593	1673	80	5	80	0.0625000
NODE_1163_length_2174_cov_35.399518	1593	1673	81	1	80	0.0125000
NODE_1163_length_2174_cov_35.399518	1593	1673	82	7	80	0.0875000
NODE_1163_length_2174_cov_35.399518	1593	1673	86	1	80	0.0125000
NODE_1163_length_2174_cov_35.399518	1593	1673	88	9	80	0.1125000
NODE_1163_length_2174_cov_35.399518	1593	1673	90	7	80	0.0875000
NODE_1163_length_2174_cov_35.399518	1593	1673	92	3	80	0.0375000
NODE_1163_length_2174_cov_35.399518	1593	1673	94	5	80	0.0625000
NODE_1163_length_2174_cov_35.399518	2075	2152	77	4	77	0.0519481
NODE_1163_length_2174_cov_35.399518	2075	2152	84	9	77	0.1168831
NODE_1163_length_2174_cov_35.399518	2075	2152	85	2	77	0.0259740
NODE_1163_length_2174_cov_35.399518	2075	2152	89	1	77	0.0129870
NODE_1163_length_2174_cov_35.399518	2075	2152	91	1	77	0.0129870
NODE_1163_length_2174_cov_35.399518	2075	2152	92	11	77	0.1428571
NODE_1163_length_2174_cov_35.399518	2075	2152	95	37	77	0.4805195
NODE_1163_length_2174_cov_35.399518	2075	2152	96	12	77	0.1558442
NODE_1163_length_2174_cov_35.399518	2075	2152	77	4	77	0.0519481
NODE_1163_length_2174_cov_35.399518	2075	2152	84	9	77	0.1168831
NODE_1163_length_2174_cov_35.399518	2075	2152	85	2	77	0.0259740
NODE_1163_length_2174_cov_35.399518	2075	2152	89	1	77	0.0129870
NODE_1163_length_2174_cov_35.399518	2075	2152	91	1	77	0.0129870
NODE_1163_length_2174_cov_35.399518	2075	2152	92	11	77	0.1428571
NODE_1163_length_2174_cov_35.399518	2075	2152	95	37	77	0.4805195
NODE_1163_length_2174_cov_35.399518	2075	2152	96	12	77	0.1558442
NODE_1163_length_2174_cov_35.399518	2075	2152	77	4	77	0.0519481
NODE_1163_length_2174_cov_35.399518	2075	2152	84	9	77	0.1168831
NODE_1163_length_2174_cov_35.399518	2075	2152	85	2	77	0.0259740
NODE_1163_length_2174_cov_35.399518	2075	2152	89	1	77	0.0129870
NODE_1163_length_2174_cov_35.399518	2075	2152	91	1	77	0.0129870
NODE_1163_length_2174_cov_35.399518	2075	2152	92	11	77	0.1428571
NODE_1163_length_2174_cov_35.399518	2075	2152	95	37	77	0.4805195
NODE_1163_length_2174_cov_35.399518	2075	2152	96	12	77	0.1558442
NODE_1163_length_2174_cov_35.399518	2125	2174	0	1	49	0.0204082
NODE_1163_length_2174_cov_35.399518	2125	2174	6	2	49	0.0408163
NODE_1163_length_2174_cov_35.399518	2125	2174	10	3	49	0.0612245
NODE_1163_length_2174_cov_35.399518	2125	2174	12	1	49	0.0204082
NODE_1163_length_2174_cov_35.399518	2125	2174	16	1	49	0.0204082
NODE_1163_length_2174_cov_35.399518	2125	2174	35	1	49	0.0204082
NODE_1163_length_2174_cov_35.399518	2125	2174	37	1	49	0.0204082
NODE_1163_length_2174_cov_35.399518	2125	2174	39	1	49	0.0204082
NODE_1163_length_2174_cov_35.399518	2125	2174	43	2	49	0.0408163
NODE_1163_length_2174_cov_35.399518	2125	2174	49	2	49	0.0408163
NODE_1163_length_2174_cov_35.399518	2125	2174	53	1	49	0.0204082
NODE_1163_length_2174_cov_35.399518	2125	2174	57	1	49	0.0204082
NODE_1163_length_2174_cov_35.399518	2125	2174	68	1	49	0.0204082
NODE_1163_length_2174_cov_35.399518	2125	2174	73	2	49	0.0408163
NODE_1163_length_2174_cov_35.399518	2125	2174	75	2	49	0.0408163
NODE_1163_length_2174_cov_35.399518	2125	2174	77	4	49	0.0816327
NODE_1163_length_2174_cov_35.399518	2125	2174	84	9	49	0.1836735
NODE_1163_length_2174_cov_35.399518	2125	2174	85	2	49	0.0408163
NODE_1163_length_2174_cov_35.399518	2125	2174	89	1	49	0.0204082
NODE_1163_length_2174_cov_35.399518	2125	2174	91	1	49	0.0204082
NODE_1163_length_2174_cov_35.399518	2125	2174	92	10	49	0.2040816
NODE_1163_length_2174_cov_35.399518	2128	2174	0	1	46	0.0217391
NODE_1163_length_2174_cov_35.399518	2128	2174	6	2	46	0.0434783
NODE_1163_length_2174_cov_35.399518	2128	2174	10	3	46	0.0652174
NODE_1163_length_2174_cov_35.399518	2128	2174	12	1	46	0.0217391
NODE_1163_length_2174_cov_35.399518	2128	2174	16	1	46	0.0217391
NODE_1163_length_2174_cov_35.399518	2128	2174	35	1	46	0.0217391
NODE_1163_length_2174_cov_35.399518	2128	2174	37	1	46	0.0217391
NODE_1163_length_2174_cov_35.399518	2128	2174	39	1	46	0.0217391
NODE_1163_length_2174_cov_35.399518	2128	2174	43	2	46	0.0434783
NODE_1163_length_2174_cov_35.399518	2128	2174	49	2	46	0.0434783
NODE_1163_length_2174_cov_35.399518	2128	2174	53	1	46	0.0217391
NODE_1163_length_2174_cov_35.399518	2128	2174	57	1	46	0.0217391
NODE_1163_length_2174_cov_35.399518	2128	2174	68	1	46	0.0217391
NODE_1163_length_2174_cov_35.399518	2128	2174	73	2	46	0.0434783
NODE_1163_length_2174_cov_35.399518	2128	2174	75	2	46	0.0434783
NODE_1163_length_2174_cov_35.399518	2128	2174	77	4	46	0.0869565
NODE_1163_length_2174_cov_35.399518	2128	2174	84	9	46	0.1956522
NODE_1163_length_2174_cov_35.399518	2128	2174	85	2	46	0.0434783
NODE_1163_length_2174_cov_35.399518	2128	2174	89	1	46	0.0217391
NODE_1163_length_2174_cov_35.399518	2128	2174	91	1	46	0.0217391
NODE_1163_length_2174_cov_35.399518	2128	2174	92	7	46	0.1521739
NODE_1163_length_2174_cov_35.399518	2130	2174	0	1	44	0.0227273
NODE_1163_length_2174_cov_35.399518	2130	2174	6	2	44	0.0454545
NODE_1163_length_2174_cov_35.399518	2130	2174	10	3	44	0.0681818
NODE_1163_length_2174_cov_35.399518	2130	2174	12	1	44	0.0227273
NODE_1163_length_2174_cov_35.399518	2130	2174	16	1	44	0.0227273
NODE_1163_length_2174_cov_35.399518	2130	2174	35	1	44	0.0227273
NODE_1163_length_2174_cov_35.399518	2130	2174	37	1	44	0.0227273
NODE_1163_length_2174_cov_35.399518	2130	2174	39	1	44	0.0227273
NODE_1163_length_2174_cov_35.399518	2130	2174	43	2	44	0.0454545
NODE_1163_length_2174_cov_35.399518	2130	2174	49	2	44	0.0454545
NODE_1163_length_2174_cov_35.399518	2130	2174	53	1	44	0.0227273
NODE_1163_length_2174_cov_35.399518	2130	2174	57	1	44	0.0227273
NODE_1163_length_2174_cov_35.399518	2130	2174	68	1	44	0.0227273
NODE_1163_length_2174_cov_35.399518	2130	2174	73	2	44	0.0454545
NODE_1163_length_2174_cov_35.399518	2130	2174	75	2	44	0.0454545
NODE_1163_length_2174_cov_35.399518	2130	2174	77	4	44	0.0909091
NODE_1163_length_2174_cov_35.399518	2130	2174	84	9	44	0.2045455
NODE_1163_length_2174_cov_35.399518	2130	2174	85	2	44	0.0454545
NODE_1163_length_2174_cov_35.399518	2130	2174	89	1	44	0.0227273
NODE_1163_length_2174_cov_35.399518	2130	2174	91	1	44	0.0227273
NODE_1163_length_2174_cov_35.399518	2130	2174	92	5	44	0.1136364
NODE_1164_length_2172_cov_44.861553	1110	1190	12	33	80	0.4125000
NODE_1164_length_2172_cov_44.861553	1110	1190	14	20	80	0.2500000
NODE_1164_length_2172_cov_44.861553	1110	1190	16	27	80	0.3375000
NODE_1164_length_2172_cov_44.861553	1163	1243	6	27	80	0.3375000
NODE_1164_length_2172_cov_44.861553	1163	1243	9	1	80	0.0125000
NODE_1164_length_2172_cov_44.861553	1163	1243	10	3	80	0.0375000
NODE_1164_length_2172_cov_44.861553	1163	1243	13	2	80	0.0250000
NODE_1164_length_2172_cov_44.861553	1163	1243	14	15	80	0.1875000
NODE_1164_length_2172_cov_44.861553	1163	1243	16	32	80	0.4000000
NODE_1164_length_2172_cov_44.861553	1239	1319	0	45	80	0.5625000
NODE_1164_length_2172_cov_44.861553	1239	1319	2	23	80	0.2875000
NODE_1164_length_2172_cov_44.861553	1239	1319	4	1	80	0.0125000
NODE_1164_length_2172_cov_44.861553	1239	1319	6	11	80	0.1375000
NODE_1164_length_2172_cov_44.861553	1292	1372	0	80	80	1.0000000
NODE_1166_length_2167_cov_33.133946	414	494	0	2	80	0.0250000
NODE_1166_length_2167_cov_33.133946	414	494	4	78	80	0.9750000
NODE_1166_length_2167_cov_33.133946	467	547	0	52	80	0.6500000
NODE_1166_length_2167_cov_33.133946	467	547	4	28	80	0.3500000
NODE_1166_length_2167_cov_33.133946	543	623	0	49	80	0.6125000
NODE_1166_length_2167_cov_33.133946	543	623	5	3	80	0.0375000
NODE_1166_length_2167_cov_33.133946	543	623	7	28	80	0.3500000
NODE_1166_length_2167_cov_33.133946	596	676	7	47	80	0.5875000
NODE_1166_length_2167_cov_33.133946	596	676	9	11	80	0.1375000
NODE_1166_length_2167_cov_33.133946	596	676	10	5	80	0.0625000
NODE_1166_length_2167_cov_33.133946	596	676	12	3	80	0.0375000
NODE_1166_length_2167_cov_33.133946	596	676	13	14	80	0.1750000
NODE_1169_length_2165_cov_21.460794	980	1060	4	32	80	0.4000000
NODE_1169_length_2165_cov_21.460794	980	1060	6	48	80	0.6000000
NODE_1169_length_2165_cov_21.460794	1033	1113	0	24	80	0.3000000
NODE_1169_length_2165_cov_21.460794	1033	1113	2	26	80	0.3250000
NODE_1169_length_2165_cov_21.460794	1033	1113	4	18	80	0.2250000
NODE_1169_length_2165_cov_21.460794	1033	1113	6	12	80	0.1500000
NODE_1176_length_2157_cov_22.284257	989	1069	0	80	80	1.0000000
NODE_1176_length_2157_cov_22.284257	1042	1122	0	80	80	1.0000000
NODE_1176_length_2157_cov_22.284257	1118	1198	0	80	80	1.0000000
NODE_1176_length_2157_cov_22.284257	1171	1251	0	80	80	1.0000000
NODE_1177_length_2157_cov_8.830418	867	947	1	14	80	0.1750000
NODE_1177_length_2157_cov_8.830418	867	947	2	66	80	0.8250000
NODE_1177_length_2157_cov_8.830418	920	1000	1	13	80	0.1625000
NODE_1177_length_2157_cov_8.830418	920	1000	2	67	80	0.8375000
NODE_1177_length_2157_cov_8.830418	996	1076	1	16	80	0.2000000
NODE_1177_length_2157_cov_8.830418	996	1076	2	45	80	0.5625000
NODE_1177_length_2157_cov_8.830418	996	1076	3	19	80	0.2375000
NODE_1177_length_2157_cov_8.830418	1049	1129	2	41	80	0.5125000
NODE_1177_length_2157_cov_8.830418	1049	1129	4	39	80	0.4875000
NODE_1178_length_2156_cov_25.065630	0	41	10	6	41	0.1463415
NODE_1178_length_2156_cov_25.065630	0	41	14	2	41	0.0487805
NODE_1178_length_2156_cov_25.065630	0	41	18	2	41	0.0487805
NODE_1178_length_2156_cov_25.065630	0	41	22	10	41	0.2439024
NODE_1178_length_2156_cov_25.065630	0	41	29	1	41	0.0243902
NODE_1178_length_2156_cov_25.065630	0	41	33	20	41	0.4878049
NODE_1178_length_2156_cov_25.065630	14	94	22	6	80	0.0750000
NODE_1178_length_2156_cov_25.065630	14	94	29	1	80	0.0125000
NODE_1178_length_2156_cov_25.065630	14	94	33	21	80	0.2625000
NODE_1178_length_2156_cov_25.065630	14	94	35	17	80	0.2125000
NODE_1178_length_2156_cov_25.065630	14	94	39	16	80	0.2000000
NODE_1178_length_2156_cov_25.065630	14	94	44	19	80	0.2375000
NODE_1181_length_2156_cov_3.216334	1890	1970	0	80	80	1.0000000
NODE_1181_length_2156_cov_3.216334	1943	2023	0	80	80	1.0000000
NODE_1184_length_2153_cov_11.610029	1968	2048	2	6	80	0.0750000
NODE_1184_length_2153_cov_11.610029	1968	2048	6	1	80	0.0125000
NODE_1184_length_2153_cov_11.610029	1968	2048	7	6	80	0.0750000
NODE_1184_length_2153_cov_11.610029	1968	2048	9	18	80	0.2250000
NODE_1184_length_2153_cov_11.610029	1968	2048	12	1	80	0.0125000
NODE_1184_length_2153_cov_11.610029	1968	2048	14	2	80	0.0250000
NODE_1184_length_2153_cov_11.610029	1968	2048	15	4	80	0.0500000
NODE_1184_length_2153_cov_11.610029	1968	2048	17	4	80	0.0500000
NODE_1184_length_2153_cov_11.610029	1968	2048	18	6	80	0.0750000
NODE_1184_length_2153_cov_11.610029	1968	2048	20	2	80	0.0250000
NODE_1184_length_2153_cov_11.610029	1968	2048	22	3	80	0.0375000
NODE_1184_length_2153_cov_11.610029	1968	2048	23	5	80	0.0625000
NODE_1184_length_2153_cov_11.610029	1968	2048	25	4	80	0.0500000
NODE_1184_length_2153_cov_11.610029	1968	2048	27	6	80	0.0750000
NODE_1184_length_2153_cov_11.610029	1968	2048	29	1	80	0.0125000
NODE_1184_length_2153_cov_11.610029	1968	2048	35	1	80	0.0125000
NODE_1184_length_2153_cov_11.610029	1968	2048	39	1	80	0.0125000
NODE_1184_length_2153_cov_11.610029	1968	2048	41	1	80	0.0125000
NODE_1184_length_2153_cov_11.610029	1968	2048	43	1	80	0.0125000
NODE_1184_length_2153_cov_11.610029	1968	2048	45	1	80	0.0125000
NODE_1184_length_2153_cov_11.610029	1968	2048	47	1	80	0.0125000
NODE_1184_length_2153_cov_11.610029	1968	2048	53	5	80	0.0625000
NODE_1184_length_2153_cov_11.610029	1977	2048	7	4	71	0.0563380
NODE_1184_length_2153_cov_11.610029	1977	2048	9	18	71	0.2535211
NODE_1184_length_2153_cov_11.610029	1977	2048	12	1	71	0.0140845
NODE_1184_length_2153_cov_11.610029	1977	2048	14	2	71	0.0281690
NODE_1184_length_2153_cov_11.610029	1977	2048	15	4	71	0.0563380
NODE_1184_length_2153_cov_11.610029	1977	2048	17	4	71	0.0563380
NODE_1184_length_2153_cov_11.610029	1977	2048	18	6	71	0.0845070
NODE_1184_length_2153_cov_11.610029	1977	2048	20	2	71	0.0281690
NODE_1184_length_2153_cov_11.610029	1977	2048	22	3	71	0.0422535
NODE_1184_length_2153_cov_11.610029	1977	2048	23	5	71	0.0704225
NODE_1184_length_2153_cov_11.610029	1977	2048	25	4	71	0.0563380
NODE_1184_length_2153_cov_11.610029	1977	2048	27	6	71	0.0845070
NODE_1184_length_2153_cov_11.610029	1977	2048	29	1	71	0.0140845
NODE_1184_length_2153_cov_11.610029	1977	2048	35	1	71	0.0140845
NODE_1184_length_2153_cov_11.610029	1977	2048	39	1	71	0.0140845
NODE_1184_length_2153_cov_11.610029	1977	2048	41	1	71	0.0140845
NODE_1184_length_2153_cov_11.610029	1977	2048	43	1	71	0.0140845
NODE_1184_length_2153_cov_11.610029	1977	2048	45	1	71	0.0140845
NODE_1184_length_2153_cov_11.610029	1977	2048	47	1	71	0.0140845
NODE_1184_length_2153_cov_11.610029	1977	2048	53	5	71	0.0704225
NODE_1190_length_2147_cov_25.116211	814	894	28	2	80	0.0250000
NODE_1190_length_2147_cov_25.116211	814	894	30	14	80	0.1750000
NODE_1190_length_2147_cov_25.116211	814	894	31	32	80	0.4000000
NODE_1190_length_2147_cov_25.116211	814	894	32	11	80	0.1375000
NODE_1190_length_2147_cov_25.116211	814	894	33	5	80	0.0625000
NODE_1190_length_2147_cov_25.116211	814	894	34	2	80	0.0250000
NODE_1190_length_2147_cov_25.116211	814	894	36	6	80	0.0750000
NODE_1190_length_2147_cov_25.116211	814	894	38	8	80	0.1000000
NODE_1190_length_2147_cov_25.116211	867	947	9	14	80	0.1750000
NODE_1190_length_2147_cov_25.116211	867	947	10	8	80	0.1000000
NODE_1190_length_2147_cov_25.116211	867	947	12	3	80	0.0375000
NODE_1190_length_2147_cov_25.116211	867	947	16	1	80	0.0125000
NODE_1190_length_2147_cov_25.116211	867	947	17	3	80	0.0375000
NODE_1190_length_2147_cov_25.116211	867	947	26	1	80	0.0125000
NODE_1190_length_2147_cov_25.116211	867	947	28	4	80	0.0500000
NODE_1190_length_2147_cov_25.116211	867	947	30	1	80	0.0125000
NODE_1190_length_2147_cov_25.116211	867	947	31	8	80	0.1000000
NODE_1190_length_2147_cov_25.116211	867	947	32	4	80	0.0500000
NODE_1190_length_2147_cov_25.116211	867	947	33	14	80	0.1750000
NODE_1190_length_2147_cov_25.116211	867	947	34	5	80	0.0625000
NODE_1190_length_2147_cov_25.116211	867	947	36	6	80	0.0750000
NODE_1190_length_2147_cov_25.116211	867	947	38	8	80	0.1000000
NODE_1197_length_2136_cov_16.947472	279	359	0	80	80	1.0000000
NODE_1197_length_2136_cov_16.947472	332	412	0	80	80	1.0000000
NODE_1197_length_2136_cov_16.947472	408	488	0	80	80	1.0000000
NODE_1197_length_2136_cov_16.947472	461	541	0	80	80	1.0000000
NODE_1199_length_2133_cov_15.038840	498	578	4	31	80	0.3875000
NODE_1199_length_2133_cov_15.038840	498	578	5	40	80	0.5000000
NODE_1199_length_2133_cov_15.038840	498	578	6	9	80	0.1125000
NODE_1199_length_2133_cov_15.038840	551	631	0	23	80	0.2875000
NODE_1199_length_2133_cov_15.038840	551	631	2	23	80	0.2875000
NODE_1199_length_2133_cov_15.038840	551	631	4	1	80	0.0125000
NODE_1199_length_2133_cov_15.038840	551	631	5	33	80	0.4125000
NODE_1199_length_2133_cov_15.038840	627	707	0	11	80	0.1375000
NODE_1199_length_2133_cov_15.038840	627	707	4	69	80	0.8625000
NODE_1199_length_2133_cov_15.038840	680	722	0	5	42	0.1190476
NODE_1199_length_2133_cov_15.038840	680	722	4	37	42	0.8809524
NODE_1204_length_2128_cov_11.799409	1698	1778	0	80	80	1.0000000
NODE_1204_length_2128_cov_11.799409	1751	1831	0	80	80	1.0000000
NODE_1206_length_2126_cov_6.854465	1614	1694	0	80	80	1.0000000
NODE_1206_length_2126_cov_6.854465	1667	1747	0	80	80	1.0000000
NODE_1209_length_2123_cov_12.668478	102	143	0	41	41	1.0000000
NODE_1209_length_2123_cov_12.668478	1474	1500	0	26	26	1.0000000
NODE_1209_length_2123_cov_12.668478	1552	1601	0	12	49	0.2448980
NODE_1209_length_2123_cov_12.668478	1552	1601	6	28	49	0.5714286
NODE_1209_length_2123_cov_12.668478	1552	1601	10	9	49	0.1836735
NODE_1209_length_2123_cov_12.668478	1574	1654	6	18	80	0.2250000
NODE_1209_length_2123_cov_12.668478	1574	1654	8	1	80	0.0125000
NODE_1209_length_2123_cov_12.668478	1574	1654	10	61	80	0.7625000
NODE_1211_length_2121_cov_10.101879	497	577	0	80	80	1.0000000
NODE_1211_length_2121_cov_10.101879	550	630	0	80	80	1.0000000
NODE_1211_length_2121_cov_10.101879	1935	2008	0	73	73	1.0000000
NODE_1212_length_2121_cov_9.964886	1523	1603	2	14	80	0.1750000
NODE_1212_length_2121_cov_9.964886	1523	1603	6	66	80	0.8250000
NODE_1212_length_2121_cov_9.964886	1576	1656	0	22	80	0.2750000
NODE_1212_length_2121_cov_9.964886	1576	1656	4	16	80	0.2000000
NODE_1212_length_2121_cov_9.964886	1576	1656	6	42	80	0.5250000
NODE_1213_length_2120_cov_24.609599	25	92	0	67	67	1.0000000
NODE_1215_length_2119_cov_18.446040	366	446	6	9	80	0.1125000
NODE_1215_length_2119_cov_18.446040	366	446	7	4	80	0.0500000
NODE_1215_length_2119_cov_18.446040	366	446	10	4	80	0.0500000
NODE_1215_length_2119_cov_18.446040	366	446	12	5	80	0.0625000
NODE_1215_length_2119_cov_18.446040	366	446	13	12	80	0.1500000
NODE_1215_length_2119_cov_18.446040	366	446	19	31	80	0.3875000
NODE_1215_length_2119_cov_18.446040	366	446	21	8	80	0.1000000
NODE_1215_length_2119_cov_18.446040	366	446	22	7	80	0.0875000
NODE_1215_length_2119_cov_18.446040	419	499	14	2	80	0.0250000
NODE_1215_length_2119_cov_18.446040	419	499	16	14	80	0.1750000
NODE_1215_length_2119_cov_18.446040	419	499	18	25	80	0.3125000
NODE_1215_length_2119_cov_18.446040	419	499	19	20	80	0.2500000
NODE_1215_length_2119_cov_18.446040	419	499	22	19	80	0.2375000
NODE_1215_length_2119_cov_18.446040	1239	1319	0	47	80	0.5875000
NODE_1215_length_2119_cov_18.446040	1239	1319	8	33	80	0.4125000
NODE_1215_length_2119_cov_18.446040	1292	1372	8	80	80	1.0000000
NODE_1225_length_2110_cov_8.668324	1755	1835	0	80	80	1.0000000
NODE_1225_length_2110_cov_8.668324	1808	1888	0	80	80	1.0000000
NODE_1227_length_2106_cov_14.643747	1579	1659	1	37	80	0.4625000
NODE_1227_length_2106_cov_14.643747	1579	1659	2	43	80	0.5375000
NODE_1227_length_2106_cov_14.643747	1632	1712	1	25	80	0.3125000
NODE_1227_length_2106_cov_14.643747	1632	1712	2	55	80	0.6875000
NODE_1227_length_2106_cov_14.643747	1708	1786	1	25	78	0.3205128
NODE_1227_length_2106_cov_14.643747	1708	1786	6	20	78	0.2564103
NODE_1227_length_2106_cov_14.643747	1708	1786	7	33	78	0.4230769
NODE_1227_length_2106_cov_14.643747	1759	1839	6	73	80	0.9125000
NODE_1227_length_2106_cov_14.643747	1759	1839	7	7	80	0.0875000
NODE_1228_length_2106_cov_3.173393	48	96	0	48	48	1.0000000
NODE_1228_length_2106_cov_3.173393	48	96	0	48	48	1.0000000
NODE_1228_length_2106_cov_3.173393	48	96	0	48	48	1.0000000
NODE_1228_length_2106_cov_3.173393	48	96	0	48	48	1.0000000
NODE_1228_length_2106_cov_3.173393	48	96	0	48	48	1.0000000
NODE_1229_length_2102_cov_23.872192	390	470	0	80	80	1.0000000
NODE_1229_length_2102_cov_23.872192	443	523	0	80	80	1.0000000
NODE_1229_length_2102_cov_23.872192	519	599	0	62	80	0.7750000
NODE_1229_length_2102_cov_23.872192	519	599	4	18	80	0.2250000
NODE_1229_length_2102_cov_23.872192	572	652	0	9	80	0.1125000
NODE_1229_length_2102_cov_23.872192	572	652	4	71	80	0.8875000
NODE_1229_length_2102_cov_23.872192	1049	1101	142	2	52	0.0384615
NODE_1229_length_2102_cov_23.872192	1049	1101	143	4	52	0.0769231
NODE_1229_length_2102_cov_23.872192	1049	1101	151	2	52	0.0384615
NODE_1229_length_2102_cov_23.872192	1049	1101	153	3	52	0.0576923
NODE_1229_length_2102_cov_23.872192	1049	1101	154	4	52	0.0769231
NODE_1229_length_2102_cov_23.872192	1049	1101	155	2	52	0.0384615
NODE_1229_length_2102_cov_23.872192	1049	1101	156	5	52	0.0961538
NODE_1229_length_2102_cov_23.872192	1049	1101	157	6	52	0.1153846
NODE_1229_length_2102_cov_23.872192	1049	1101	161	3	52	0.0576923
NODE_1229_length_2102_cov_23.872192	1049	1101	162	6	52	0.1153846
NODE_1229_length_2102_cov_23.872192	1049	1101	163	2	52	0.0384615
NODE_1229_length_2102_cov_23.872192	1049	1101	164	2	52	0.0384615
NODE_1229_length_2102_cov_23.872192	1049	1101	165	1	52	0.0192308
NODE_1229_length_2102_cov_23.872192	1049	1101	167	10	52	0.1923077
NODE_1231_length_2100_cov_21.504248	450	530	0	80	80	1.0000000
NODE_1231_length_2100_cov_21.504248	503	578	0	75	75	1.0000000
NODE_1231_length_2100_cov_21.504248	579	659	0	52	80	0.6500000
NODE_1231_length_2100_cov_21.504248	579	659	2	28	80	0.3500000
NODE_1231_length_2100_cov_21.504248	632	712	2	80	80	1.0000000
NODE_1231_length_2100_cov_21.504248	1420	1500	0	80	80	1.0000000
NODE_1231_length_2100_cov_21.504248	1473	1553	0	80	80	1.0000000
NODE_1232_length_2100_cov_6.399300	1510	1590	1	13	80	0.1625000
NODE_1232_length_2100_cov_6.399300	1510	1590	2	8	80	0.1000000
NODE_1232_length_2100_cov_6.399300	1510	1590	4	28	80	0.3500000
NODE_1232_length_2100_cov_6.399300	1510	1590	6	31	80	0.3875000
NODE_1232_length_2100_cov_6.399300	1559	1590	6	31	31	1.0000000
NODE_1232_length_2100_cov_6.399300	1563	1644	3	7	81	0.0864198
NODE_1232_length_2100_cov_6.399300	1563	1644	5	4	81	0.0493827
NODE_1232_length_2100_cov_6.399300	1563	1644	6	70	81	0.8641976
NODE_1232_length_2100_cov_6.399300	1563	1644	3	7	81	0.0864198
NODE_1232_length_2100_cov_6.399300	1563	1644	5	4	81	0.0493827
NODE_1232_length_2100_cov_6.399300	1563	1644	6	70	81	0.8641976
NODE_1234_length_2099_cov_40.603500	960	1040	12	1	80	0.0125000
NODE_1234_length_2099_cov_40.603500	960	1040	14	9	80	0.1125000
NODE_1234_length_2099_cov_40.603500	960	1040	16	16	80	0.2000000
NODE_1234_length_2099_cov_40.603500	960	1040	17	9	80	0.1125000
NODE_1234_length_2099_cov_40.603500	960	1040	18	45	80	0.5625000
NODE_1234_length_2099_cov_40.603500	1013	1093	5	5	80	0.0625000
NODE_1234_length_2099_cov_40.603500	1013	1093	7	1	80	0.0125000
NODE_1234_length_2099_cov_40.603500	1013	1093	8	4	80	0.0500000
NODE_1234_length_2099_cov_40.603500	1013	1093	9	5	80	0.0625000
NODE_1234_length_2099_cov_40.603500	1013	1093	10	7	80	0.0875000
NODE_1234_length_2099_cov_40.603500	1013	1093	12	2	80	0.0250000
NODE_1234_length_2099_cov_40.603500	1013	1093	13	14	80	0.1750000
NODE_1234_length_2099_cov_40.603500	1013	1093	14	12	80	0.1500000
NODE_1234_length_2099_cov_40.603500	1013	1093	16	14	80	0.1750000
NODE_1234_length_2099_cov_40.603500	1013	1093	17	9	80	0.1125000
NODE_1234_length_2099_cov_40.603500	1013	1093	18	7	80	0.0875000
NODE_1234_length_2099_cov_40.603500	1089	1169	10	10	80	0.1250000
NODE_1234_length_2099_cov_40.603500	1089	1169	15	7	80	0.0875000
NODE_1234_length_2099_cov_40.603500	1089	1169	19	3	80	0.0375000
NODE_1234_length_2099_cov_40.603500	1089	1169	23	1	80	0.0125000
NODE_1234_length_2099_cov_40.603500	1089	1169	25	1	80	0.0125000
NODE_1234_length_2099_cov_40.603500	1089	1169	29	19	80	0.2375000
NODE_1234_length_2099_cov_40.603500	1089	1169	31	39	80	0.4875000
NODE_1234_length_2099_cov_40.603500	1142	1222	16	5	80	0.0625000
NODE_1234_length_2099_cov_40.603500	1142	1222	20	5	80	0.0625000
NODE_1234_length_2099_cov_40.603500	1142	1222	23	1	80	0.0125000
NODE_1234_length_2099_cov_40.603500	1142	1222	24	13	80	0.1625000
NODE_1234_length_2099_cov_40.603500	1142	1222	25	22	80	0.2750000
NODE_1234_length_2099_cov_40.603500	1142	1222	29	26	80	0.3250000
NODE_1234_length_2099_cov_40.603500	1142	1222	31	8	80	0.1000000
NODE_1235_length_2098_cov_62.733867	1042	1122	7	5	80	0.0625000
NODE_1235_length_2098_cov_62.733867	1042	1122	9	8	80	0.1000000
NODE_1235_length_2098_cov_62.733867	1042	1122	10	35	80	0.4375000
NODE_1235_length_2098_cov_62.733867	1042	1122	11	32	80	0.4000000
NODE_1235_length_2098_cov_62.733867	1095	1175	2	34	80	0.4250000
NODE_1235_length_2098_cov_62.733867	1095	1175	7	10	80	0.1250000
NODE_1235_length_2098_cov_62.733867	1095	1175	8	14	80	0.1750000
NODE_1235_length_2098_cov_62.733867	1095	1175	9	8	80	0.1000000
NODE_1235_length_2098_cov_62.733867	1095	1175	11	14	80	0.1750000
NODE_1235_length_2098_cov_62.733867	1171	1251	1	4	80	0.0500000
NODE_1235_length_2098_cov_62.733867	1171	1251	2	56	80	0.7000000
NODE_1235_length_2098_cov_62.733867	1171	1251	3	7	80	0.0875000
NODE_1235_length_2098_cov_62.733867	1171	1251	5	13	80	0.1625000
NODE_1235_length_2098_cov_62.733867	1224	1304	1	4	80	0.0500000
NODE_1235_length_2098_cov_62.733867	1224	1304	2	3	80	0.0375000
NODE_1235_length_2098_cov_62.733867	1224	1304	3	7	80	0.0875000
NODE_1235_length_2098_cov_62.733867	1224	1304	4	27	80	0.3375000
NODE_1235_length_2098_cov_62.733867	1224	1304	5	39	80	0.4875000
NODE_1236_length_2098_cov_20.220110	550	630	6	13	80	0.1625000
NODE_1236_length_2098_cov_20.220110	550	630	8	67	80	0.8375000
NODE_1236_length_2098_cov_20.220110	603	683	0	32	80	0.4000000
NODE_1236_length_2098_cov_20.220110	603	683	2	4	80	0.0500000
NODE_1236_length_2098_cov_20.220110	603	683	8	44	80	0.5500000
NODE_1236_length_2098_cov_20.220110	1571	1651	0	17	80	0.2125000
NODE_1236_length_2098_cov_20.220110	1571	1651	6	63	80	0.7875000
NODE_1236_length_2098_cov_20.220110	1624	1704	0	10	80	0.1250000
NODE_1236_length_2098_cov_20.220110	1624	1704	6	70	80	0.8750000
NODE_1237_length_2098_cov_8.261631	324	404	0	4	80	0.0500000
NODE_1237_length_2098_cov_8.261631	324	404	2	8	80	0.1000000
NODE_1237_length_2098_cov_8.261631	324	404	6	68	80	0.8500000
NODE_1239_length_2095_cov_29.930862	1128	1209	224	1	81	0.0123457
NODE_1239_length_2095_cov_29.930862	1128	1209	240	1	81	0.0123457
NODE_1239_length_2095_cov_29.930862	1128	1209	255	1	81	0.0123457
NODE_1239_length_2095_cov_29.930862	1128	1209	257	1	81	0.0123457
NODE_1239_length_2095_cov_29.930862	1128	1209	267	1	81	0.0123457
NODE_1239_length_2095_cov_29.930862	1128	1209	270	1	81	0.0123457
NODE_1239_length_2095_cov_29.930862	1128	1209	276	1	81	0.0123457
NODE_1239_length_2095_cov_29.930862	1128	1209	278	1	81	0.0123457
NODE_1239_length_2095_cov_29.930862	1128	1209	280	1	81	0.0123457
NODE_1239_length_2095_cov_29.930862	1128	1209	284	1	81	0.0123457
NODE_1239_length_2095_cov_29.930862	1128	1209	287	1	81	0.0123457
NODE_1239_length_2095_cov_29.930862	1128	1209	291	1	81	0.0123457
NODE_1239_length_2095_cov_29.930862	1128	1209	298	1	81	0.0123457
NODE_1239_length_2095_cov_29.930862	1128	1209	299	1	81	0.0123457
NODE_1239_length_2095_cov_29.930862	1128	1209	301	1	81	0.0123457
NODE_1239_length_2095_cov_29.930862	1128	1209	303	1	81	0.0123457
NODE_1239_length_2095_cov_29.930862	1128	1209	307	2	81	0.0246914
NODE_1239_length_2095_cov_29.930862	1128	1209	315	1	81	0.0123457
NODE_1239_length_2095_cov_29.930862	1128	1209	329	1	81	0.0123457
NODE_1239_length_2095_cov_29.930862	1128	1209	336	1	81	0.0123457
NODE_1239_length_2095_cov_29.930862	1128	1209	339	2	81	0.0246914
NODE_1239_length_2095_cov_29.930862	1128	1209	345	1	81	0.0123457
NODE_1239_length_2095_cov_29.930862	1128	1209	350	1	81	0.0123457
NODE_1239_length_2095_cov_29.930862	1128	1209	364	1	81	0.0123457
NODE_1239_length_2095_cov_29.930862	1128	1209	366	1	81	0.0123457
NODE_1239_length_2095_cov_29.930862	1128	1209	372	1	81	0.0123457
NODE_1239_length_2095_cov_29.930862	1128	1209	376	1	81	0.0123457
NODE_1239_length_2095_cov_29.930862	1128	1209	379	1	81	0.0123457
NODE_1239_length_2095_cov_29.930862	1128	1209	381	1	81	0.0123457
NODE_1239_length_2095_cov_29.930862	1128	1209	384	1	81	0.0123457
NODE_1239_length_2095_cov_29.930862	1128	1209	393	1	81	0.0123457
NODE_1239_length_2095_cov_29.930862	1128	1209	394	1	81	0.0123457
NODE_1239_length_2095_cov_29.930862	1128	1209	401	1	81	0.0123457
NODE_1239_length_2095_cov_29.930862	1128	1209	403	1	81	0.0123457
NODE_1239_length_2095_cov_29.930862	1128	1209	415	1	81	0.0123457
NODE_1239_length_2095_cov_29.930862	1128	1209	418	1	81	0.0123457
NODE_1239_length_2095_cov_29.930862	1128	1209	420	2	81	0.0246914
NODE_1239_length_2095_cov_29.930862	1128	1209	424	1	81	0.0123457
NODE_1239_length_2095_cov_29.930862	1128	1209	429	1	81	0.0123457
NODE_1239_length_2095_cov_29.930862	1128	1209	437	1	81	0.0123457
NODE_1239_length_2095_cov_29.930862	1128	1209	443	1	81	0.0123457
NODE_1239_length_2095_cov_29.930862	1128	1209	447	1	81	0.0123457
NODE_1239_length_2095_cov_29.930862	1128	1209	456	1	81	0.0123457
NODE_1239_length_2095_cov_29.930862	1128	1209	458	1	81	0.0123457
NODE_1239_length_2095_cov_29.930862	1128	1209	468	2	81	0.0246914
NODE_1239_length_2095_cov_29.930862	1128	1209	471	1	81	0.0123457
NODE_1239_length_2095_cov_29.930862	1128	1209	473	2	81	0.0246914
NODE_1239_length_2095_cov_29.930862	1128	1209	475	3	81	0.0370370
NODE_1239_length_2095_cov_29.930862	1128	1209	477	1	81	0.0123457
NODE_1239_length_2095_cov_29.930862	1128	1209	478	1	81	0.0123457
NODE_1239_length_2095_cov_29.930862	1128	1209	484	1	81	0.0123457
NODE_1239_length_2095_cov_29.930862	1128	1209	486	1	81	0.0123457
NODE_1239_length_2095_cov_29.930862	1128	1209	490	1	81	0.0123457
NODE_1239_length_2095_cov_29.930862	1128	1209	492	1	81	0.0123457
NODE_1239_length_2095_cov_29.930862	1128	1209	500	1	81	0.0123457
NODE_1239_length_2095_cov_29.930862	1128	1209	501	1	81	0.0123457
NODE_1239_length_2095_cov_29.930862	1128	1209	504	1	81	0.0123457
NODE_1239_length_2095_cov_29.930862	1128	1209	506	1	81	0.0123457
NODE_1239_length_2095_cov_29.930862	1128	1209	509	1	81	0.0123457
NODE_1239_length_2095_cov_29.930862	1128	1209	513	2	81	0.0246914
NODE_1239_length_2095_cov_29.930862	1128	1209	514	1	81	0.0123457
NODE_1239_length_2095_cov_29.930862	1128	1209	515	1	81	0.0123457
NODE_1239_length_2095_cov_29.930862	1128	1209	516	1	81	0.0123457
NODE_1239_length_2095_cov_29.930862	1128	1209	517	1	81	0.0123457
NODE_1239_length_2095_cov_29.930862	1128	1209	519	1	81	0.0123457
NODE_1239_length_2095_cov_29.930862	1128	1209	523	3	81	0.0370370
NODE_1239_length_2095_cov_29.930862	1128	1209	525	1	81	0.0123457
NODE_1239_length_2095_cov_29.930862	1128	1209	527	1	81	0.0123457
NODE_1239_length_2095_cov_29.930862	1128	1209	531	3	81	0.0370370
NODE_1239_length_2095_cov_29.930862	1204	1258	395	1	54	0.0185185
NODE_1239_length_2095_cov_29.930862	1204	1258	401	1	54	0.0185185
NODE_1239_length_2095_cov_29.930862	1204	1258	405	1	54	0.0185185
NODE_1239_length_2095_cov_29.930862	1204	1258	407	1	54	0.0185185
NODE_1239_length_2095_cov_29.930862	1204	1258	413	1	54	0.0185185
NODE_1239_length_2095_cov_29.930862	1204	1258	417	2	54	0.0370370
NODE_1239_length_2095_cov_29.930862	1204	1258	420	1	54	0.0185185
NODE_1239_length_2095_cov_29.930862	1204	1258	426	1	54	0.0185185
NODE_1239_length_2095_cov_29.930862	1204	1258	430	1	54	0.0185185
NODE_1239_length_2095_cov_29.930862	1204	1258	447	1	54	0.0185185
NODE_1239_length_2095_cov_29.930862	1204	1258	452	2	54	0.0370370
NODE_1239_length_2095_cov_29.930862	1204	1258	457	1	54	0.0185185
NODE_1239_length_2095_cov_29.930862	1204	1258	461	1	54	0.0185185
NODE_1239_length_2095_cov_29.930862	1204	1258	462	1	54	0.0185185
NODE_1239_length_2095_cov_29.930862	1204	1258	467	1	54	0.0185185
NODE_1239_length_2095_cov_29.930862	1204	1258	469	1	54	0.0185185
NODE_1239_length_2095_cov_29.930862	1204	1258	473	1	54	0.0185185
NODE_1239_length_2095_cov_29.930862	1204	1258	479	1	54	0.0185185
NODE_1239_length_2095_cov_29.930862	1204	1258	483	1	54	0.0185185
NODE_1239_length_2095_cov_29.930862	1204	1258	484	2	54	0.0370370
NODE_1239_length_2095_cov_29.930862	1204	1258	485	3	54	0.0555556
NODE_1239_length_2095_cov_29.930862	1204	1258	488	1	54	0.0185185
NODE_1239_length_2095_cov_29.930862	1204	1258	492	3	54	0.0555556
NODE_1239_length_2095_cov_29.930862	1204	1258	494	1	54	0.0185185
NODE_1239_length_2095_cov_29.930862	1204	1258	497	1	54	0.0185185
NODE_1239_length_2095_cov_29.930862	1204	1258	500	1	54	0.0185185
NODE_1239_length_2095_cov_29.930862	1204	1258	501	1	54	0.0185185
NODE_1239_length_2095_cov_29.930862	1204	1258	502	1	54	0.0185185
NODE_1239_length_2095_cov_29.930862	1204	1258	503	1	54	0.0185185
NODE_1239_length_2095_cov_29.930862	1204	1258	509	1	54	0.0185185
NODE_1239_length_2095_cov_29.930862	1204	1258	510	1	54	0.0185185
NODE_1239_length_2095_cov_29.930862	1204	1258	511	2	54	0.0370370
NODE_1239_length_2095_cov_29.930862	1204	1258	514	1	54	0.0185185
NODE_1239_length_2095_cov_29.930862	1204	1258	519	1	54	0.0185185
NODE_1239_length_2095_cov_29.930862	1204	1258	522	1	54	0.0185185
NODE_1239_length_2095_cov_29.930862	1204	1258	525	1	54	0.0185185
NODE_1239_length_2095_cov_29.930862	1204	1258	526	2	54	0.0370370
NODE_1239_length_2095_cov_29.930862	1204	1258	527	1	54	0.0185185
NODE_1239_length_2095_cov_29.930862	1204	1258	531	4	54	0.0740741
NODE_1239_length_2095_cov_29.930862	1204	1258	533	1	54	0.0185185
NODE_1239_length_2095_cov_29.930862	1204	1258	541	2	54	0.0370370
NODE_1251_length_2084_cov_1.720403	959	1039	0	80	80	1.0000000
NODE_1251_length_2084_cov_1.720403	1012	1092	0	80	80	1.0000000
NODE_1252_length_2083_cov_5.864415	419	499	0	12	80	0.1500000
NODE_1252_length_2083_cov_5.864415	419	499	2	68	80	0.8500000
NODE_1252_length_2083_cov_5.864415	472	552	0	65	80	0.8125000
NODE_1252_length_2083_cov_5.864415	472	552	2	15	80	0.1875000
NODE_1252_length_2083_cov_5.864415	548	628	0	18	80	0.2250000
NODE_1252_length_2083_cov_5.864415	548	628	1	8	80	0.1000000
NODE_1252_length_2083_cov_5.864415	548	628	2	54	80	0.6750000
NODE_1252_length_2083_cov_5.864415	601	681	2	80	80	1.0000000
NODE_1256_length_2078_cov_47.394644	311	391	2	12	80	0.1500000
NODE_1256_length_2078_cov_47.394644	311	391	4	4	80	0.0500000
NODE_1256_length_2078_cov_47.394644	311	391	7	1	80	0.0125000
NODE_1256_length_2078_cov_47.394644	311	391	8	63	80	0.7875000
NODE_1256_length_2078_cov_47.394644	364	444	0	15	80	0.1875000
NODE_1256_length_2078_cov_47.394644	364	444	2	4	80	0.0500000
NODE_1256_length_2078_cov_47.394644	364	444	6	34	80	0.4250000
NODE_1256_length_2078_cov_47.394644	364	444	8	27	80	0.3375000
NODE_1256_length_2078_cov_47.394644	440	520	0	19	80	0.2375000
NODE_1256_length_2078_cov_47.394644	440	520	2	61	80	0.7625000
NODE_1256_length_2078_cov_47.394644	493	573	0	52	80	0.6500000
NODE_1256_length_2078_cov_47.394644	493	573	2	28	80	0.3500000
NODE_1267_length_2067_cov_13.647866	1349	1429	2	14	80	0.1750000
NODE_1267_length_2067_cov_13.647866	1349	1429	4	27	80	0.3375000
NODE_1267_length_2067_cov_13.647866	1349	1429	6	39	80	0.4875000
NODE_1267_length_2067_cov_13.647866	1402	1482	2	12	80	0.1500000
NODE_1267_length_2067_cov_13.647866	1402	1482	4	68	80	0.8500000
NODE_1269_length_2066_cov_19.127605	1497	1577	0	22	80	0.2750000
NODE_1269_length_2066_cov_19.127605	1497	1577	2	8	80	0.1000000
NODE_1269_length_2066_cov_19.127605	1497	1577	4	5	80	0.0625000
NODE_1269_length_2066_cov_19.127605	1497	1577	6	5	80	0.0625000
NODE_1269_length_2066_cov_19.127605	1497	1577	7	1	80	0.0125000
NODE_1269_length_2066_cov_19.127605	1497	1577	10	1	80	0.0125000
NODE_1269_length_2066_cov_19.127605	1497	1577	12	38	80	0.4750000
NODE_1269_length_2066_cov_19.127605	1550	1630	10	3	80	0.0375000
NODE_1269_length_2066_cov_19.127605	1550	1630	12	77	80	0.9625000
NODE_1274_length_2061_cov_43.187054	364	444	0	21	80	0.2625000
NODE_1274_length_2061_cov_43.187054	364	444	2	59	80	0.7375000
NODE_1274_length_2061_cov_43.187054	417	497	0	9	80	0.1125000
NODE_1274_length_2061_cov_43.187054	417	497	2	71	80	0.8875000
NODE_1275_length_2061_cov_3.251784	981	1033	0	52	52	1.0000000
NODE_1275_length_2061_cov_3.251784	1006	1086	0	80	80	1.0000000
NODE_1277_length_2058_cov_4.531394	1844	1875	2	5	31	0.1612903
NODE_1277_length_2058_cov_4.531394	1844	1875	4	2	31	0.0645161
NODE_1277_length_2058_cov_4.531394	1844	1875	6	9	31	0.2903226
NODE_1277_length_2058_cov_4.531394	1844	1875	8	15	31	0.4838710
NODE_1277_length_2058_cov_4.531394	1848	1928	2	1	80	0.0125000
NODE_1277_length_2058_cov_4.531394	1848	1928	4	2	80	0.0250000
NODE_1277_length_2058_cov_4.531394	1848	1928	6	9	80	0.1125000
NODE_1277_length_2058_cov_4.531394	1848	1928	8	68	80	0.8500000
NODE_1279_length_2056_cov_20.525805	749	829	0	41	80	0.5125000
NODE_1279_length_2056_cov_20.525805	749	829	2	3	80	0.0375000
NODE_1279_length_2056_cov_20.525805	749	829	4	36	80	0.4500000
NODE_1279_length_2056_cov_20.525805	802	882	2	2	80	0.0250000
NODE_1279_length_2056_cov_20.525805	802	882	4	78	80	0.9750000
NODE_1279_length_2056_cov_20.525805	878	958	2	78	80	0.9750000
NODE_1279_length_2056_cov_20.525805	878	958	4	2	80	0.0250000
NODE_1279_length_2056_cov_20.525805	931	1011	0	47	80	0.5875000
NODE_1279_length_2056_cov_20.525805	931	1011	2	33	80	0.4125000
NODE_1281_length_2055_cov_10.047546	1468	1548	0	7	80	0.0875000
NODE_1281_length_2055_cov_10.047546	1468	1548	2	73	80	0.9125000
NODE_1281_length_2055_cov_10.047546	1521	1601	0	26	80	0.3250000
NODE_1281_length_2055_cov_10.047546	1521	1601	2	54	80	0.6750000
NODE_1286_length_2049_cov_6.846154	270	350	0	71	80	0.8875000
NODE_1286_length_2049_cov_6.846154	270	350	2	9	80	0.1125000
NODE_1286_length_2049_cov_6.846154	323	403	0	18	80	0.2250000
NODE_1286_length_2049_cov_6.846154	323	403	2	62	80	0.7750000
NODE_1286_length_2049_cov_6.846154	1595	1674	0	79	79	1.0000000
NODE_1286_length_2049_cov_6.846154	1648	1712	0	64	64	1.0000000
NODE_1293_length_2045_cov_46.790339	876	956	6	12	80	0.1500000
NODE_1293_length_2045_cov_46.790339	876	956	9	5	80	0.0625000
NODE_1293_length_2045_cov_46.790339	876	956	11	12	80	0.1500000
NODE_1293_length_2045_cov_46.790339	876	956	13	5	80	0.0625000
NODE_1293_length_2045_cov_46.790339	876	956	14	12	80	0.1500000
NODE_1293_length_2045_cov_46.790339	876	956	15	3	80	0.0375000
NODE_1293_length_2045_cov_46.790339	876	956	16	31	80	0.3875000
NODE_1293_length_2045_cov_46.790339	929	1009	12	27	80	0.3375000
NODE_1293_length_2045_cov_46.790339	929	1009	13	6	80	0.0750000
NODE_1293_length_2045_cov_46.790339	929	1009	14	16	80	0.2000000
NODE_1293_length_2045_cov_46.790339	929	1009	15	11	80	0.1375000
NODE_1293_length_2045_cov_46.790339	929	1009	16	20	80	0.2500000
NODE_1293_length_2045_cov_46.790339	1005	1085	8	28	80	0.3500000
NODE_1293_length_2045_cov_46.790339	1005	1085	10	2	80	0.0250000
NODE_1293_length_2045_cov_46.790339	1005	1085	12	2	80	0.0250000
NODE_1293_length_2045_cov_46.790339	1005	1085	13	17	80	0.2125000
NODE_1293_length_2045_cov_46.790339	1005	1085	14	11	80	0.1375000
NODE_1293_length_2045_cov_46.790339	1005	1085	16	20	80	0.2500000
NODE_1293_length_2045_cov_46.790339	1058	1138	0	9	80	0.1125000
NODE_1293_length_2045_cov_46.790339	1058	1138	4	10	80	0.1250000
NODE_1293_length_2045_cov_46.790339	1058	1138	6	25	80	0.3125000
NODE_1293_length_2045_cov_46.790339	1058	1138	8	36	80	0.4500000
NODE_1298_length_2042_cov_4.447761	241	315	0	28	74	0.3783784
NODE_1298_length_2042_cov_4.447761	241	315	2	46	74	0.6216216
NODE_1301_length_2040_cov_30.109737	1760	1844	230	1	84	0.0119048
NODE_1301_length_2040_cov_30.109737	1760	1844	231	1	84	0.0119048
NODE_1301_length_2040_cov_30.109737	1760	1844	233	5	84	0.0595238
NODE_1301_length_2040_cov_30.109737	1760	1844	235	5	84	0.0595238
NODE_1301_length_2040_cov_30.109737	1760	1844	236	4	84	0.0476190
NODE_1301_length_2040_cov_30.109737	1760	1844	237	5	84	0.0595238
NODE_1301_length_2040_cov_30.109737	1760	1844	238	2	84	0.0238095
NODE_1301_length_2040_cov_30.109737	1760	1844	239	3	84	0.0357143
NODE_1301_length_2040_cov_30.109737	1760	1844	240	3	84	0.0357143
NODE_1301_length_2040_cov_30.109737	1760	1844	241	2	84	0.0238095
NODE_1301_length_2040_cov_30.109737	1760	1844	242	1	84	0.0119048
NODE_1301_length_2040_cov_30.109737	1760	1844	243	1	84	0.0119048
NODE_1301_length_2040_cov_30.109737	1760	1844	244	2	84	0.0238095
NODE_1301_length_2040_cov_30.109737	1760	1844	245	4	84	0.0476190
NODE_1301_length_2040_cov_30.109737	1760	1844	246	2	84	0.0238095
NODE_1301_length_2040_cov_30.109737	1760	1844	250	1	84	0.0119048
NODE_1301_length_2040_cov_30.109737	1760	1844	253	2	84	0.0238095
NODE_1301_length_2040_cov_30.109737	1760	1844	254	1	84	0.0119048
NODE_1301_length_2040_cov_30.109737	1760	1844	255	2	84	0.0238095
NODE_1301_length_2040_cov_30.109737	1760	1844	256	3	84	0.0357143
NODE_1301_length_2040_cov_30.109737	1760	1844	257	7	84	0.0833333
NODE_1301_length_2040_cov_30.109737	1760	1844	258	3	84	0.0357143
NODE_1301_length_2040_cov_30.109737	1760	1844	260	4	84	0.0476190
NODE_1301_length_2040_cov_30.109737	1760	1844	262	2	84	0.0238095
NODE_1301_length_2040_cov_30.109737	1760	1844	263	3	84	0.0357143
NODE_1301_length_2040_cov_30.109737	1760	1844	265	10	84	0.1190476
NODE_1301_length_2040_cov_30.109737	1760	1844	266	3	84	0.0357143
NODE_1301_length_2040_cov_30.109737	1760	1844	267	2	84	0.0238095
NODE_1306_length_2036_cov_11.672173	369	449	0	80	80	1.0000000
NODE_1306_length_2036_cov_11.672173	422	502	0	80	80	1.0000000
NODE_1312_length_2032_cov_11.188308	416	496	0	80	80	1.0000000
NODE_1312_length_2032_cov_11.188308	469	549	0	80	80	1.0000000
NODE_1318_length_2027_cov_43.702282	1129	1209	0	66	80	0.8250000
NODE_1318_length_2027_cov_43.702282	1129	1209	2	14	80	0.1750000
NODE_1318_length_2027_cov_43.702282	1182	1262	0	13	80	0.1625000
NODE_1318_length_2027_cov_43.702282	1182	1262	2	26	80	0.3250000
NODE_1318_length_2027_cov_43.702282	1182	1262	4	41	80	0.5125000
NODE_1318_length_2027_cov_43.702282	1258	1338	2	8	80	0.1000000
NODE_1318_length_2027_cov_43.702282	1258	1338	4	31	80	0.3875000
NODE_1318_length_2027_cov_43.702282	1258	1338	6	19	80	0.2375000
NODE_1318_length_2027_cov_43.702282	1258	1338	10	22	80	0.2750000
NODE_1318_length_2027_cov_43.702282	1311	1391	6	5	80	0.0625000
NODE_1318_length_2027_cov_43.702282	1311	1391	10	36	80	0.4500000
NODE_1318_length_2027_cov_43.702282	1311	1391	12	21	80	0.2625000
NODE_1318_length_2027_cov_43.702282	1311	1391	14	18	80	0.2250000
NODE_1319_length_2027_cov_6.558610	229	303	0	5	74	0.0675676
NODE_1319_length_2027_cov_6.558610	229	303	2	69	74	0.9324324
NODE_1319_length_2027_cov_6.558610	229	303	0	5	74	0.0675676
NODE_1319_length_2027_cov_6.558610	229	303	2	69	74	0.9324324
NODE_1319_length_2027_cov_6.558610	276	356	0	56	80	0.7000000
NODE_1319_length_2027_cov_6.558610	276	356	2	24	80	0.3000000
NODE_1320_length_2026_cov_18.457706	688	768	6	31	80	0.3875000
NODE_1320_length_2026_cov_18.457706	688	768	22	21	80	0.2625000
NODE_1320_length_2026_cov_18.457706	688	768	24	2	80	0.0250000
NODE_1320_length_2026_cov_18.457706	688	768	26	26	80	0.3250000
NODE_1320_length_2026_cov_18.457706	741	821	22	74	80	0.9250000
NODE_1320_length_2026_cov_18.457706	741	821	24	2	80	0.0250000
NODE_1320_length_2026_cov_18.457706	741	821	26	4	80	0.0500000
NODE_1324_length_2025_cov_10.711319	617	697	0	3	80	0.0375000
NODE_1324_length_2025_cov_10.711319	617	697	2	77	80	0.9625000
NODE_1324_length_2025_cov_10.711319	712	783	6	13	71	0.1830986
NODE_1324_length_2025_cov_10.711319	712	783	10	45	71	0.6338028
NODE_1324_length_2025_cov_10.711319	712	783	12	13	71	0.1830986
NODE_1324_length_2025_cov_10.711319	756	829	4	2	73	0.0273973
NODE_1324_length_2025_cov_10.711319	756	829	6	11	73	0.1506849
NODE_1324_length_2025_cov_10.711319	756	829	10	14	73	0.1917808
NODE_1324_length_2025_cov_10.711319	756	829	12	46	73	0.6301370
NODE_1325_length_2024_cov_33.891948	1045	1125	8	80	80	1.0000000
NODE_1325_length_2024_cov_33.891948	1098	1178	0	43	80	0.5375000
NODE_1325_length_2024_cov_33.891948	1098	1178	8	37	80	0.4625000
NODE_1331_length_2018_cov_33.742053	1215	1295	195	1	80	0.0125000
NODE_1331_length_2018_cov_33.742053	1215	1295	204	1	80	0.0125000
NODE_1331_length_2018_cov_33.742053	1215	1295	206	1	80	0.0125000
NODE_1331_length_2018_cov_33.742053	1215	1295	212	1	80	0.0125000
NODE_1331_length_2018_cov_33.742053	1215	1295	217	1	80	0.0125000
NODE_1331_length_2018_cov_33.742053	1215	1295	219	2	80	0.0250000
NODE_1331_length_2018_cov_33.742053	1215	1295	221	3	80	0.0375000
NODE_1331_length_2018_cov_33.742053	1215	1295	223	2	80	0.0250000
NODE_1331_length_2018_cov_33.742053	1215	1295	224	1	80	0.0125000
NODE_1331_length_2018_cov_33.742053	1215	1295	225	1	80	0.0125000
NODE_1331_length_2018_cov_33.742053	1215	1295	227	2	80	0.0250000
NODE_1331_length_2018_cov_33.742053	1215	1295	228	1	80	0.0125000
NODE_1331_length_2018_cov_33.742053	1215	1295	229	3	80	0.0375000
NODE_1331_length_2018_cov_33.742053	1215	1295	231	3	80	0.0375000
NODE_1331_length_2018_cov_33.742053	1215	1295	235	1	80	0.0125000
NODE_1331_length_2018_cov_33.742053	1215	1295	237	2	80	0.0250000
NODE_1331_length_2018_cov_33.742053	1215	1295	240	1	80	0.0125000
NODE_1331_length_2018_cov_33.742053	1215	1295	241	1	80	0.0125000
NODE_1331_length_2018_cov_33.742053	1215	1295	244	6	80	0.0750000
NODE_1331_length_2018_cov_33.742053	1215	1295	245	3	80	0.0375000
NODE_1331_length_2018_cov_33.742053	1215	1295	246	4	80	0.0500000
NODE_1331_length_2018_cov_33.742053	1215	1295	248	1	80	0.0125000
NODE_1331_length_2018_cov_33.742053	1215	1295	249	2	80	0.0250000
NODE_1331_length_2018_cov_33.742053	1215	1295	252	2	80	0.0250000
NODE_1331_length_2018_cov_33.742053	1215	1295	257	3	80	0.0375000
NODE_1331_length_2018_cov_33.742053	1215	1295	258	7	80	0.0875000
NODE_1331_length_2018_cov_33.742053	1215	1295	259	2	80	0.0250000
NODE_1331_length_2018_cov_33.742053	1215	1295	260	10	80	0.1250000
NODE_1331_length_2018_cov_33.742053	1215	1295	262	10	80	0.1250000
NODE_1331_length_2018_cov_33.742053	1215	1295	263	2	80	0.0250000
NODE_1331_length_2018_cov_33.742053	1268	1298	204	1	30	0.0333333
NODE_1331_length_2018_cov_33.742053	1268	1298	206	1	30	0.0333333
NODE_1331_length_2018_cov_33.742053	1268	1298	218	1	30	0.0333333
NODE_1331_length_2018_cov_33.742053	1268	1298	219	1	30	0.0333333
NODE_1331_length_2018_cov_33.742053	1268	1298	221	1	30	0.0333333
NODE_1331_length_2018_cov_33.742053	1268	1298	223	1	30	0.0333333
NODE_1331_length_2018_cov_33.742053	1268	1298	225	1	30	0.0333333
NODE_1331_length_2018_cov_33.742053	1268	1298	227	2	30	0.0666667
NODE_1331_length_2018_cov_33.742053	1268	1298	229	2	30	0.0666667
NODE_1331_length_2018_cov_33.742053	1268	1298	231	3	30	0.1000000
NODE_1331_length_2018_cov_33.742053	1268	1298	237	1	30	0.0333333
NODE_1331_length_2018_cov_33.742053	1268	1298	240	1	30	0.0333333
NODE_1331_length_2018_cov_33.742053	1268	1298	241	1	30	0.0333333
NODE_1331_length_2018_cov_33.742053	1268	1298	244	6	30	0.2000000
NODE_1331_length_2018_cov_33.742053	1268	1298	246	4	30	0.1333333
NODE_1331_length_2018_cov_33.742053	1268	1298	248	1	30	0.0333333
NODE_1331_length_2018_cov_33.742053	1268	1298	252	2	30	0.0666667
NODE_1331_length_2018_cov_33.742053	1876	1942	95	3	66	0.0454545
NODE_1331_length_2018_cov_33.742053	1876	1942	99	3	66	0.0454545
NODE_1331_length_2018_cov_33.742053	1876	1942	100	1	66	0.0151515
NODE_1331_length_2018_cov_33.742053	1876	1942	101	1	66	0.0151515
NODE_1331_length_2018_cov_33.742053	1876	1942	103	3	66	0.0454545
NODE_1331_length_2018_cov_33.742053	1876	1942	107	3	66	0.0454545
NODE_1331_length_2018_cov_33.742053	1876	1942	109	6	66	0.0909091
NODE_1331_length_2018_cov_33.742053	1876	1942	110	7	66	0.1060606
NODE_1331_length_2018_cov_33.742053	1876	1942	111	2	66	0.0303030
NODE_1331_length_2018_cov_33.742053	1876	1942	112	1	66	0.0151515
NODE_1331_length_2018_cov_33.742053	1876	1942	114	5	66	0.0757576
NODE_1331_length_2018_cov_33.742053	1876	1942	116	1	66	0.0151515
NODE_1331_length_2018_cov_33.742053	1876	1942	120	8	66	0.1212121
NODE_1331_length_2018_cov_33.742053	1876	1942	122	1	66	0.0151515
NODE_1331_length_2018_cov_33.742053	1876	1942	124	1	66	0.0151515
NODE_1331_length_2018_cov_33.742053	1876	1942	128	10	66	0.1515152
NODE_1331_length_2018_cov_33.742053	1876	1942	130	5	66	0.0757576
NODE_1331_length_2018_cov_33.742053	1876	1942	131	1	66	0.0151515
NODE_1331_length_2018_cov_33.742053	1876	1942	132	4	66	0.0606061
NODE_1331_length_2018_cov_33.742053	1915	1995	6	2	80	0.0250000
NODE_1331_length_2018_cov_33.742053	1915	1995	8	2	80	0.0250000
NODE_1331_length_2018_cov_33.742053	1915	1995	9	1	80	0.0125000
NODE_1331_length_2018_cov_33.742053	1915	1995	13	1	80	0.0125000
NODE_1331_length_2018_cov_33.742053	1915	1995	16	2	80	0.0250000
NODE_1331_length_2018_cov_33.742053	1915	1995	18	2	80	0.0250000
NODE_1331_length_2018_cov_33.742053	1915	1995	22	1	80	0.0125000
NODE_1331_length_2018_cov_33.742053	1915	1995	27	4	80	0.0500000
NODE_1331_length_2018_cov_33.742053	1915	1995	31	1	80	0.0125000
NODE_1331_length_2018_cov_33.742053	1915	1995	45	1	80	0.0125000
NODE_1331_length_2018_cov_33.742053	1915	1995	49	3	80	0.0375000
NODE_1331_length_2018_cov_33.742053	1915	1995	54	1	80	0.0125000
NODE_1331_length_2018_cov_33.742053	1915	1995	56	3	80	0.0375000
NODE_1331_length_2018_cov_33.742053	1915	1995	58	3	80	0.0375000
NODE_1331_length_2018_cov_33.742053	1915	1995	62	1	80	0.0125000
NODE_1331_length_2018_cov_33.742053	1915	1995	66	2	80	0.0250000
NODE_1331_length_2018_cov_33.742053	1915	1995	67	1	80	0.0125000
NODE_1331_length_2018_cov_33.742053	1915	1995	69	1	80	0.0125000
NODE_1331_length_2018_cov_33.742053	1915	1995	79	2	80	0.0250000
NODE_1331_length_2018_cov_33.742053	1915	1995	82	1	80	0.0125000
NODE_1331_length_2018_cov_33.742053	1915	1995	87	3	80	0.0375000
NODE_1331_length_2018_cov_33.742053	1915	1995	91	3	80	0.0375000
NODE_1331_length_2018_cov_33.742053	1915	1995	92	2	80	0.0250000
NODE_1331_length_2018_cov_33.742053	1915	1995	94	9	80	0.1125000
NODE_1331_length_2018_cov_33.742053	1915	1995	95	4	80	0.0500000
NODE_1331_length_2018_cov_33.742053	1915	1995	99	3	80	0.0375000
NODE_1331_length_2018_cov_33.742053	1915	1995	100	1	80	0.0125000
NODE_1331_length_2018_cov_33.742053	1915	1995	101	1	80	0.0125000
NODE_1331_length_2018_cov_33.742053	1915	1995	103	3	80	0.0375000
NODE_1331_length_2018_cov_33.742053	1915	1995	107	3	80	0.0375000
NODE_1331_length_2018_cov_33.742053	1915	1995	109	6	80	0.0750000
NODE_1331_length_2018_cov_33.742053	1915	1995	110	5	80	0.0625000
NODE_1331_length_2018_cov_33.742053	1915	1995	111	2	80	0.0250000
NODE_1337_length_2011_cov_22.430439	434	514	4	1	80	0.0125000
NODE_1337_length_2011_cov_22.430439	434	514	6	6	80	0.0750000
NODE_1337_length_2011_cov_22.430439	434	514	7	1	80	0.0125000
NODE_1337_length_2011_cov_22.430439	434	514	8	72	80	0.9000000
NODE_1337_length_2011_cov_22.430439	487	567	1	18	80	0.2250000
NODE_1337_length_2011_cov_22.430439	487	567	2	7	80	0.0875000
NODE_1337_length_2011_cov_22.430439	487	567	4	29	80	0.3625000
NODE_1337_length_2011_cov_22.430439	487	567	6	6	80	0.0750000
NODE_1337_length_2011_cov_22.430439	487	567	7	1	80	0.0125000
NODE_1337_length_2011_cov_22.430439	487	567	8	19	80	0.2375000
NODE_1337_length_2011_cov_22.430439	1124	1204	0	2	80	0.0250000
NODE_1337_length_2011_cov_22.430439	1124	1204	2	39	80	0.4875000
NODE_1337_length_2011_cov_22.430439	1124	1204	6	39	80	0.4875000
NODE_1337_length_2011_cov_22.430439	1177	1257	4	53	80	0.6625000
NODE_1337_length_2011_cov_22.430439	1177	1257	6	27	80	0.3375000
NODE_1343_length_2001_cov_10.416404	692	772	2	23	80	0.2875000
NODE_1343_length_2001_cov_10.416404	692	772	5	1	80	0.0125000
NODE_1343_length_2001_cov_10.416404	692	772	8	56	80	0.7000000
NODE_1343_length_2001_cov_10.416404	745	825	0	52	80	0.6500000
NODE_1343_length_2001_cov_10.416404	745	825	2	24	80	0.3000000
NODE_1343_length_2001_cov_10.416404	745	825	5	1	80	0.0125000
NODE_1343_length_2001_cov_10.416404	745	825	8	3	80	0.0375000
NODE_1350_length_1991_cov_112.926533	212	292	159	1	80	0.0125000
NODE_1350_length_1991_cov_112.926533	212	292	163	1	80	0.0125000
NODE_1350_length_1991_cov_112.926533	212	292	167	3	80	0.0375000
NODE_1350_length_1991_cov_112.926533	212	292	169	1	80	0.0125000
NODE_1350_length_1991_cov_112.926533	212	292	171	2	80	0.0250000
NODE_1350_length_1991_cov_112.926533	212	292	173	1	80	0.0125000
NODE_1350_length_1991_cov_112.926533	212	292	174	2	80	0.0250000
NODE_1350_length_1991_cov_112.926533	212	292	175	2	80	0.0250000
NODE_1350_length_1991_cov_112.926533	212	292	179	4	80	0.0500000
NODE_1350_length_1991_cov_112.926533	212	292	180	1	80	0.0125000
NODE_1350_length_1991_cov_112.926533	212	292	184	1	80	0.0125000
NODE_1350_length_1991_cov_112.926533	212	292	186	1	80	0.0125000
NODE_1350_length_1991_cov_112.926533	212	292	187	5	80	0.0625000
NODE_1350_length_1991_cov_112.926533	212	292	188	1	80	0.0125000
NODE_1350_length_1991_cov_112.926533	212	292	189	2	80	0.0250000
NODE_1350_length_1991_cov_112.926533	212	292	193	3	80	0.0375000
NODE_1350_length_1991_cov_112.926533	212	292	194	1	80	0.0125000
NODE_1350_length_1991_cov_112.926533	212	292	195	4	80	0.0500000
NODE_1350_length_1991_cov_112.926533	212	292	196	3	80	0.0375000
NODE_1350_length_1991_cov_112.926533	212	292	198	2	80	0.0250000
NODE_1350_length_1991_cov_112.926533	212	292	200	1	80	0.0125000
NODE_1350_length_1991_cov_112.926533	212	292	202	1	80	0.0125000
NODE_1350_length_1991_cov_112.926533	212	292	203	1	80	0.0125000
NODE_1350_length_1991_cov_112.926533	212	292	204	1	80	0.0125000
NODE_1350_length_1991_cov_112.926533	212	292	205	1	80	0.0125000
NODE_1350_length_1991_cov_112.926533	212	292	207	6	80	0.0750000
NODE_1350_length_1991_cov_112.926533	212	292	211	1	80	0.0125000
NODE_1350_length_1991_cov_112.926533	212	292	212	2	80	0.0250000
NODE_1350_length_1991_cov_112.926533	212	292	214	2	80	0.0250000
NODE_1350_length_1991_cov_112.926533	212	292	218	4	80	0.0500000
NODE_1350_length_1991_cov_112.926533	212	292	219	8	80	0.1000000
NODE_1350_length_1991_cov_112.926533	212	292	220	5	80	0.0625000
NODE_1350_length_1991_cov_112.926533	212	292	221	1	80	0.0125000
NODE_1350_length_1991_cov_112.926533	212	292	222	1	80	0.0125000
NODE_1350_length_1991_cov_112.926533	212	292	223	1	80	0.0125000
NODE_1350_length_1991_cov_112.926533	212	292	224	1	80	0.0125000
NODE_1350_length_1991_cov_112.926533	212	292	225	2	80	0.0250000
NODE_1352_length_1988_cov_13.736368	865	945	12	27	80	0.3375000
NODE_1352_length_1988_cov_13.736368	865	945	14	33	80	0.4125000
NODE_1352_length_1988_cov_13.736368	865	945	16	20	80	0.2500000
NODE_1352_length_1988_cov_13.736368	918	998	2	2	80	0.0250000
NODE_1352_length_1988_cov_13.736368	918	998	4	11	80	0.1375000
NODE_1352_length_1988_cov_13.736368	918	998	6	5	80	0.0625000
NODE_1352_length_1988_cov_13.736368	918	998	7	8	80	0.1000000
NODE_1352_length_1988_cov_13.736368	918	998	8	8	80	0.1000000
NODE_1352_length_1988_cov_13.736368	918	998	10	18	80	0.2250000
NODE_1352_length_1988_cov_13.736368	918	998	14	18	80	0.2250000
NODE_1352_length_1988_cov_13.736368	918	998	16	10	80	0.1250000
NODE_1353_length_1988_cov_9.980413	1616	1696	0	48	80	0.6000000
NODE_1353_length_1988_cov_9.980413	1616	1696	2	32	80	0.4000000
NODE_1353_length_1988_cov_9.980413	1669	1749	0	22	80	0.2750000
NODE_1353_length_1988_cov_9.980413	1669	1749	2	58	80	0.7250000
NODE_1356_length_1983_cov_17.332803	494	574	0	12	80	0.1500000
NODE_1356_length_1983_cov_17.332803	494	574	2	38	80	0.4750000
NODE_1356_length_1983_cov_17.332803	494	574	10	24	80	0.3000000
NODE_1356_length_1983_cov_17.332803	494	574	12	6	80	0.0750000
NODE_1356_length_1983_cov_17.332803	547	627	10	52	80	0.6500000
NODE_1356_length_1983_cov_17.332803	547	627	12	28	80	0.3500000
NODE_1356_length_1983_cov_17.332803	1600	1680	2	80	80	1.0000000
NODE_1356_length_1983_cov_17.332803	1653	1733	0	2	80	0.0250000
NODE_1356_length_1983_cov_17.332803	1653	1733	2	78	80	0.9750000
NODE_1359_length_1982_cov_17.164100	457	537	0	80	80	1.0000000
NODE_1359_length_1982_cov_17.164100	510	590	0	80	80	1.0000000
NODE_1359_length_1982_cov_17.164100	586	666	0	80	80	1.0000000
NODE_1359_length_1982_cov_17.164100	639	723	0	84	84	1.0000000
NODE_1360_length_1981_cov_46.444208	0	70	0	70	70	1.0000000
NODE_1362_length_1979_cov_1.630851	1554	1634	0	15	80	0.1875000
NODE_1362_length_1979_cov_1.630851	1554	1634	2	65	80	0.8125000
NODE_1364_length_1976_cov_1.959510	154	215	2	3	61	0.0491803
NODE_1364_length_1976_cov_1.959510	154	215	4	7	61	0.1147541
NODE_1364_length_1976_cov_1.959510	154	215	6	13	61	0.2131148
NODE_1364_length_1976_cov_1.959510	154	215	8	38	61	0.6229508
NODE_1364_length_1976_cov_1.959510	154	215	2	3	61	0.0491803
NODE_1364_length_1976_cov_1.959510	154	215	4	7	61	0.1147541
NODE_1364_length_1976_cov_1.959510	154	215	6	13	61	0.2131148
NODE_1364_length_1976_cov_1.959510	154	215	8	38	61	0.6229508
NODE_1364_length_1976_cov_1.959510	154	213	2	1	59	0.0169492
NODE_1364_length_1976_cov_1.959510	154	213	4	7	59	0.1186441
NODE_1364_length_1976_cov_1.959510	154	213	6	13	59	0.2203390
NODE_1364_length_1976_cov_1.959510	154	213	8	38	59	0.6440678
NODE_1365_length_1974_cov_8.058133	617	697	2	6	80	0.0750000
NODE_1365_length_1974_cov_8.058133	617	697	4	74	80	0.9250000
NODE_1365_length_1974_cov_8.058133	670	750	0	12	80	0.1500000
NODE_1365_length_1974_cov_8.058133	670	750	2	47	80	0.5875000
NODE_1365_length_1974_cov_8.058133	670	750	4	21	80	0.2625000
NODE_1366_length_1973_cov_14.885272	640	726	0	19	86	0.2209302
NODE_1366_length_1973_cov_14.885272	640	726	2	10	86	0.1162791
NODE_1366_length_1973_cov_14.885272	640	726	6	57	86	0.6627907
NODE_1366_length_1973_cov_14.885272	699	779	6	80	80	1.0000000
NODE_1366_length_1973_cov_14.885272	1389	1469	4	80	80	1.0000000
NODE_1366_length_1973_cov_14.885272	1442	1522	0	17	80	0.2125000
NODE_1366_length_1973_cov_14.885272	1442	1522	1	3	80	0.0375000
NODE_1366_length_1973_cov_14.885272	1442	1522	2	33	80	0.4125000
NODE_1366_length_1973_cov_14.885272	1442	1522	4	27	80	0.3375000
NODE_1372_length_1971_cov_3.126068	1662	1742	34	7	80	0.0875000
NODE_1372_length_1971_cov_3.126068	1662	1742	35	2	80	0.0250000
NODE_1372_length_1971_cov_3.126068	1662	1742	36	1	80	0.0125000
NODE_1372_length_1971_cov_3.126068	1662	1742	37	12	80	0.1500000
NODE_1372_length_1971_cov_3.126068	1662	1742	38	2	80	0.0250000
NODE_1372_length_1971_cov_3.126068	1662	1742	40	5	80	0.0625000
NODE_1372_length_1971_cov_3.126068	1662	1742	41	4	80	0.0500000
NODE_1372_length_1971_cov_3.126068	1662	1742	42	1	80	0.0125000
NODE_1372_length_1971_cov_3.126068	1662	1742	43	2	80	0.0250000
NODE_1372_length_1971_cov_3.126068	1662	1742	44	5	80	0.0625000
NODE_1372_length_1971_cov_3.126068	1662	1742	45	7	80	0.0875000
NODE_1372_length_1971_cov_3.126068	1662	1742	46	6	80	0.0750000
NODE_1372_length_1971_cov_3.126068	1662	1742	47	11	80	0.1375000
NODE_1372_length_1971_cov_3.126068	1662	1742	48	15	80	0.1875000
NODE_1372_length_1971_cov_3.126068	1715	1799	7	7	84	0.0833333
NODE_1372_length_1971_cov_3.126068	1715	1799	8	6	84	0.0714286
NODE_1372_length_1971_cov_3.126068	1715	1799	9	3	84	0.0357143
NODE_1372_length_1971_cov_3.126068	1715	1799	10	1	84	0.0119048
NODE_1372_length_1971_cov_3.126068	1715	1799	12	1	84	0.0119048
NODE_1372_length_1971_cov_3.126068	1715	1799	13	5	84	0.0595238
NODE_1372_length_1971_cov_3.126068	1715	1799	15	7	84	0.0833333
NODE_1372_length_1971_cov_3.126068	1715	1799	17	1	84	0.0119048
NODE_1372_length_1971_cov_3.126068	1715	1799	19	1	84	0.0119048
NODE_1372_length_1971_cov_3.126068	1715	1799	21	4	84	0.0476190
NODE_1372_length_1971_cov_3.126068	1715	1799	22	2	84	0.0238095
NODE_1372_length_1971_cov_3.126068	1715	1799	23	3	84	0.0357143
NODE_1372_length_1971_cov_3.126068	1715	1799	29	5	84	0.0595238
NODE_1372_length_1971_cov_3.126068	1715	1799	31	6	84	0.0714286
NODE_1372_length_1971_cov_3.126068	1715	1799	33	5	84	0.0595238
NODE_1372_length_1971_cov_3.126068	1715	1799	35	2	84	0.0238095
NODE_1372_length_1971_cov_3.126068	1715	1799	37	12	84	0.1428571
NODE_1372_length_1971_cov_3.126068	1715	1799	41	4	84	0.0476190
NODE_1372_length_1971_cov_3.126068	1715	1799	43	2	84	0.0238095
NODE_1372_length_1971_cov_3.126068	1715	1799	45	7	84	0.0833333
NODE_1386_length_1962_cov_23.774557	281	311	0	9	30	0.3000000
NODE_1386_length_1962_cov_23.774557	281	311	2	21	30	0.7000000
NODE_1386_length_1962_cov_23.774557	329	355	2	26	26	1.0000000
NODE_1386_length_1962_cov_23.774557	408	487	0	25	79	0.3164557
NODE_1386_length_1962_cov_23.774557	408	487	2	54	79	0.6835443
NODE_1386_length_1962_cov_23.774557	460	540	0	78	80	0.9750000
NODE_1386_length_1962_cov_23.774557	460	540	2	2	80	0.0250000
NODE_1386_length_1962_cov_23.774557	1417	1497	0	80	80	1.0000000
NODE_1386_length_1962_cov_23.774557	1470	1550	0	80	80	1.0000000
NODE_1386_length_1962_cov_23.774557	1607	1640	0	33	33	1.0000000
NODE_1395_length_1953_cov_26.183927	1	81	0	5	80	0.0625000
NODE_1395_length_1953_cov_26.183927	1	81	6	5	80	0.0625000
NODE_1395_length_1953_cov_26.183927	1	81	8	2	80	0.0250000
NODE_1395_length_1953_cov_26.183927	1	81	10	2	80	0.0250000
NODE_1395_length_1953_cov_26.183927	1	81	12	66	80	0.8250000
NODE_1395_length_1953_cov_26.183927	6	28	6	5	22	0.2272727
NODE_1395_length_1953_cov_26.183927	6	28	8	2	22	0.0909091
NODE_1395_length_1953_cov_26.183927	6	28	10	2	22	0.0909091
NODE_1395_length_1953_cov_26.183927	6	28	12	13	22	0.5909091
NODE_1395_length_1953_cov_26.183927	152	232	4	80	80	1.0000000
NODE_1395_length_1953_cov_26.183927	205	257	0	21	52	0.4038461
NODE_1395_length_1953_cov_26.183927	205	257	3	2	52	0.0384615
NODE_1395_length_1953_cov_26.183927	205	257	4	29	52	0.5576923
NODE_1405_length_1943_cov_11.218547	516	596	2	19	80	0.2375000
NODE_1405_length_1943_cov_11.218547	516	596	4	17	80	0.2125000
NODE_1405_length_1943_cov_11.218547	516	596	6	44	80	0.5500000
NODE_1405_length_1943_cov_11.218547	569	649	4	70	80	0.8750000
NODE_1405_length_1943_cov_11.218547	569	649	6	10	80	0.1250000
NODE_1408_length_1941_cov_14.407709	891	921	8	19	30	0.6333333
NODE_1408_length_1941_cov_14.407709	891	921	9	1	30	0.0333333
NODE_1408_length_1941_cov_14.407709	891	921	10	6	30	0.2000000
NODE_1408_length_1941_cov_14.407709	891	921	11	3	30	0.1000000
NODE_1408_length_1941_cov_14.407709	891	921	13	1	30	0.0333333
NODE_1408_length_1941_cov_14.407709	894	964	8	16	70	0.2285714
NODE_1408_length_1941_cov_14.407709	894	964	9	1	70	0.0142857
NODE_1408_length_1941_cov_14.407709	894	964	10	6	70	0.0857143
NODE_1408_length_1941_cov_14.407709	894	964	11	3	70	0.0428571
NODE_1408_length_1941_cov_14.407709	894	964	13	44	70	0.6285715
NODE_1408_length_1941_cov_14.407709	1878	1941	0	63	63	1.0000000
NODE_1409_length_1941_cov_9.632465	139	213	8	11	74	0.1486486
NODE_1409_length_1941_cov_9.632465	139	213	10	63	74	0.8513514
NODE_1409_length_1941_cov_9.632465	139	219	8	11	80	0.1375000
NODE_1409_length_1941_cov_9.632465	139	219	10	69	80	0.8625000
NODE_1409_length_1941_cov_9.632465	139	194	8	11	55	0.2000000
NODE_1409_length_1941_cov_9.632465	139	194	10	44	55	0.8000000
NODE_1409_length_1941_cov_9.632465	192	272	3	29	80	0.3625000
NODE_1409_length_1941_cov_9.632465	192	272	5	17	80	0.2125000
NODE_1409_length_1941_cov_9.632465	192	272	9	2	80	0.0250000
NODE_1409_length_1941_cov_9.632465	192	272	10	32	80	0.4000000
NODE_1414_length_1936_cov_13.338596	679	759	0	18	80	0.2250000
NODE_1414_length_1936_cov_13.338596	679	759	3	62	80	0.7750000
NODE_1414_length_1936_cov_13.338596	732	812	0	71	80	0.8875000
NODE_1414_length_1936_cov_13.338596	732	812	3	9	80	0.1125000
NODE_1414_length_1936_cov_13.338596	738	812	0	71	74	0.9594595
NODE_1414_length_1936_cov_13.338596	738	812	3	3	74	0.0405405
NODE_1414_length_1936_cov_13.338596	738	759	0	18	21	0.8571429
NODE_1414_length_1936_cov_13.338596	738	759	3	3	21	0.1428571
NODE_1415_length_1936_cov_12.592814	102	153	0	16	51	0.3137255
NODE_1415_length_1936_cov_12.592814	102	153	2	23	51	0.4509804
NODE_1415_length_1936_cov_12.592814	102	153	4	5	51	0.0980392
NODE_1415_length_1936_cov_12.592814	102	153	6	7	51	0.1372549
NODE_1415_length_1936_cov_12.592814	154	230	0	76	76	1.0000000
NODE_1415_length_1936_cov_12.592814	211	251	0	40	40	1.0000000
NODE_1416_length_1933_cov_86.724646	1044	1124	6	31	80	0.3875000
NODE_1416_length_1933_cov_86.724646	1044	1124	7	9	80	0.1125000
NODE_1416_length_1933_cov_86.724646	1044	1124	8	4	80	0.0500000
NODE_1416_length_1933_cov_86.724646	1044	1124	9	13	80	0.1625000
NODE_1416_length_1933_cov_86.724646	1044	1124	11	23	80	0.2875000
NODE_1416_length_1933_cov_86.724646	1097	1177	4	6	80	0.0750000
NODE_1416_length_1933_cov_86.724646	1097	1177	6	12	80	0.1500000
NODE_1416_length_1933_cov_86.724646	1097	1177	9	4	80	0.0500000
NODE_1416_length_1933_cov_86.724646	1097	1177	10	4	80	0.0500000
NODE_1416_length_1933_cov_86.724646	1097	1177	11	54	80	0.6750000
NODE_1416_length_1933_cov_86.724646	1173	1253	0	44	80	0.5500000
NODE_1416_length_1933_cov_86.724646	1173	1253	2	17	80	0.2125000
NODE_1416_length_1933_cov_86.724646	1173	1253	4	19	80	0.2375000
NODE_1416_length_1933_cov_86.724646	1226	1306	0	80	80	1.0000000
NODE_1419_length_1932_cov_5.905074	1534	1614	0	12	80	0.1500000
NODE_1419_length_1932_cov_5.905074	1534	1614	4	68	80	0.8500000
NODE_1422_length_1930_cov_3.005461	1700	1780	65	3	80	0.0375000
NODE_1422_length_1930_cov_3.005461	1700	1780	67	2	80	0.0250000
NODE_1422_length_1930_cov_3.005461	1700	1780	71	7	80	0.0875000
NODE_1422_length_1930_cov_3.005461	1700	1780	72	1	80	0.0125000
NODE_1422_length_1930_cov_3.005461	1700	1780	73	5	80	0.0625000
NODE_1422_length_1930_cov_3.005461	1700	1780	74	7	80	0.0875000
NODE_1422_length_1930_cov_3.005461	1700	1780	75	2	80	0.0250000
NODE_1422_length_1930_cov_3.005461	1700	1780	77	53	80	0.6625000
NODE_1427_length_1928_cov_2.580098	74	131	102	5	57	0.0877193
NODE_1427_length_1928_cov_2.580098	74	131	104	5	57	0.0877193
NODE_1427_length_1928_cov_2.580098	74	131	110	2	57	0.0350877
NODE_1427_length_1928_cov_2.580098	74	131	112	15	57	0.2631579
NODE_1427_length_1928_cov_2.580098	74	131	113	13	57	0.2280702
NODE_1427_length_1928_cov_2.580098	74	131	114	17	57	0.2982456
NODE_1427_length_1928_cov_2.580098	127	184	36	4	57	0.0701754
NODE_1427_length_1928_cov_2.580098	127	184	38	1	57	0.0175439
NODE_1427_length_1928_cov_2.580098	127	184	40	2	57	0.0350877
NODE_1427_length_1928_cov_2.580098	127	184	46	1	57	0.0175439
NODE_1427_length_1928_cov_2.580098	127	184	51	1	57	0.0175439
NODE_1427_length_1928_cov_2.580098	127	184	54	1	57	0.0175439
NODE_1427_length_1928_cov_2.580098	127	184	55	1	57	0.0175439
NODE_1427_length_1928_cov_2.580098	127	184	57	2	57	0.0350877
NODE_1427_length_1928_cov_2.580098	127	184	59	6	57	0.1052632
NODE_1427_length_1928_cov_2.580098	127	184	60	1	57	0.0175439
NODE_1427_length_1928_cov_2.580098	127	184	68	1	57	0.0175439
NODE_1427_length_1928_cov_2.580098	127	184	73	1	57	0.0175439
NODE_1427_length_1928_cov_2.580098	127	184	77	1	57	0.0175439
NODE_1427_length_1928_cov_2.580098	127	184	80	1	57	0.0175439
NODE_1427_length_1928_cov_2.580098	127	184	82	2	57	0.0350877
NODE_1427_length_1928_cov_2.580098	127	184	84	2	57	0.0350877
NODE_1427_length_1928_cov_2.580098	127	184	86	1	57	0.0175439
NODE_1427_length_1928_cov_2.580098	127	184	88	1	57	0.0175439
NODE_1427_length_1928_cov_2.580098	127	184	91	1	57	0.0175439
NODE_1427_length_1928_cov_2.580098	127	184	96	1	57	0.0175439
NODE_1427_length_1928_cov_2.580098	127	184	98	3	57	0.0526316
NODE_1427_length_1928_cov_2.580098	127	184	99	1	57	0.0175439
NODE_1427_length_1928_cov_2.580098	127	184	101	2	57	0.0350877
NODE_1427_length_1928_cov_2.580098	127	184	103	1	57	0.0175439
NODE_1427_length_1928_cov_2.580098	127	184	104	4	57	0.0701754
NODE_1427_length_1928_cov_2.580098	127	184	106	3	57	0.0526316
NODE_1427_length_1928_cov_2.580098	127	184	109	1	57	0.0175439
NODE_1427_length_1928_cov_2.580098	127	184	110	1	57	0.0175439
NODE_1427_length_1928_cov_2.580098	127	184	112	6	57	0.1052632
NODE_1427_length_1928_cov_2.580098	127	184	113	3	57	0.0526316
NODE_1434_length_1919_cov_17.901099	454	529	6	11	75	0.1466667
NODE_1434_length_1919_cov_17.901099	454	529	8	5	75	0.0666667
NODE_1434_length_1919_cov_17.901099	454	529	10	4	75	0.0533333
NODE_1434_length_1919_cov_17.901099	454	529	12	19	75	0.2533333
NODE_1434_length_1919_cov_17.901099	454	529	14	24	75	0.3200000
NODE_1434_length_1919_cov_17.901099	454	529	16	12	75	0.1600000
NODE_1434_length_1919_cov_17.901099	507	558	0	21	51	0.4117647
NODE_1434_length_1919_cov_17.901099	507	558	2	2	51	0.0392157
NODE_1434_length_1919_cov_17.901099	507	558	6	17	51	0.3333333
NODE_1434_length_1919_cov_17.901099	507	558	8	5	51	0.0980392
NODE_1434_length_1919_cov_17.901099	507	558	10	4	51	0.0784314
NODE_1434_length_1919_cov_17.901099	507	558	12	2	51	0.0392157
NODE_1436_length_1918_cov_14.876855	314	396	4	3	82	0.0365854
NODE_1436_length_1918_cov_14.876855	314	396	7	10	82	0.1219512
NODE_1436_length_1918_cov_14.876855	314	396	8	69	82	0.8414634
NODE_1438_length_1918_cov_3.493128	9	55	0	22	46	0.4782609
NODE_1438_length_1918_cov_3.493128	9	55	1	3	46	0.0652174
NODE_1438_length_1918_cov_3.493128	9	55	3	6	46	0.1304348
NODE_1438_length_1918_cov_3.493128	9	55	7	8	46	0.1739130
NODE_1438_length_1918_cov_3.493128	9	55	11	7	46	0.1521739
NODE_1438_length_1918_cov_3.493128	1480	1561	0	1	81	0.0123457
NODE_1438_length_1918_cov_3.493128	1480	1561	1	1	81	0.0123457
NODE_1438_length_1918_cov_3.493128	1480	1561	2	52	81	0.6419753
NODE_1438_length_1918_cov_3.493128	1480	1561	4	27	81	0.3333333
NODE_1440_length_1916_cov_4.426527	162	192	0	30	30	1.0000000
NODE_1442_length_1915_cov_35.787996	106	186	39	3	80	0.0375000
NODE_1442_length_1915_cov_35.787996	106	186	40	3	80	0.0375000
NODE_1442_length_1915_cov_35.787996	106	186	41	1	80	0.0125000
NODE_1442_length_1915_cov_35.787996	106	186	46	1	80	0.0125000
NODE_1442_length_1915_cov_35.787996	106	186	50	1	80	0.0125000
NODE_1442_length_1915_cov_35.787996	106	186	52	1	80	0.0125000
NODE_1442_length_1915_cov_35.787996	106	186	54	3	80	0.0375000
NODE_1442_length_1915_cov_35.787996	106	186	56	1	80	0.0125000
NODE_1442_length_1915_cov_35.787996	106	186	58	4	80	0.0500000
NODE_1442_length_1915_cov_35.787996	106	186	64	1	80	0.0125000
NODE_1442_length_1915_cov_35.787996	106	186	68	1	80	0.0125000
NODE_1442_length_1915_cov_35.787996	106	186	72	3	80	0.0375000
NODE_1442_length_1915_cov_35.787996	106	186	77	2	80	0.0250000
NODE_1442_length_1915_cov_35.787996	106	186	80	1	80	0.0125000
NODE_1442_length_1915_cov_35.787996	106	186	84	2	80	0.0250000
NODE_1442_length_1915_cov_35.787996	106	186	86	1	80	0.0125000
NODE_1442_length_1915_cov_35.787996	106	186	87	1	80	0.0125000
NODE_1442_length_1915_cov_35.787996	106	186	89	2	80	0.0250000
NODE_1442_length_1915_cov_35.787996	106	186	91	2	80	0.0250000
NODE_1442_length_1915_cov_35.787996	106	186	93	1	80	0.0125000
NODE_1442_length_1915_cov_35.787996	106	186	97	5	80	0.0625000
NODE_1442_length_1915_cov_35.787996	106	186	100	7	80	0.0875000
NODE_1442_length_1915_cov_35.787996	106	186	102	31	80	0.3875000
NODE_1442_length_1915_cov_35.787996	106	186	104	2	80	0.0250000
NODE_1451_length_1905_cov_18.464563	740	820	8	1	80	0.0125000
NODE_1451_length_1905_cov_18.464563	740	820	10	11	80	0.1375000
NODE_1451_length_1905_cov_18.464563	740	820	11	43	80	0.5375000
NODE_1451_length_1905_cov_18.464563	740	820	12	25	80	0.3125000
NODE_1451_length_1905_cov_18.464563	793	873	2	12	80	0.1500000
NODE_1451_length_1905_cov_18.464563	793	873	4	18	80	0.2250000
NODE_1451_length_1905_cov_18.464563	793	873	11	2	80	0.0250000
NODE_1451_length_1905_cov_18.464563	793	873	12	48	80	0.6000000
NODE_1451_length_1905_cov_18.464563	869	949	0	4	80	0.0500000
NODE_1451_length_1905_cov_18.464563	869	949	1	43	80	0.5375000
NODE_1451_length_1905_cov_18.464563	869	949	2	33	80	0.4125000
NODE_1451_length_1905_cov_18.464563	922	1010	0	65	88	0.7386364
NODE_1451_length_1905_cov_18.464563	922	1010	1	23	88	0.2613636
NODE_1452_length_1905_cov_7.197121	596	676	6	28	80	0.3500000
NODE_1452_length_1905_cov_7.197121	596	676	8	20	80	0.2500000
NODE_1452_length_1905_cov_7.197121	596	676	9	32	80	0.4000000
NODE_1452_length_1905_cov_7.197121	649	682	8	5	33	0.1515152
NODE_1452_length_1905_cov_7.197121	649	682	9	28	33	0.8484849
NODE_1455_length_1902_cov_1.633943	1728	1792	14	2	64	0.0312500
NODE_1455_length_1902_cov_1.633943	1728	1792	16	13	64	0.2031250
NODE_1455_length_1902_cov_1.633943	1728	1792	18	33	64	0.5156250
NODE_1455_length_1902_cov_1.633943	1728	1792	20	16	64	0.2500000
NODE_1458_length_1900_cov_1.081066	1805	1851	6	46	46	1.0000000
NODE_1458_length_1900_cov_1.081066	1824	1900	3	47	76	0.6184211
NODE_1458_length_1900_cov_1.081066	1824	1900	6	29	76	0.3815790
NODE_1461_length_1895_cov_17.940980	1070	1150	2	21	80	0.2625000
NODE_1461_length_1895_cov_17.940980	1070	1150	4	25	80	0.3125000
NODE_1461_length_1895_cov_17.940980	1070	1150	6	34	80	0.4250000
NODE_1461_length_1895_cov_17.940980	1123	1203	2	2	80	0.0250000
NODE_1461_length_1895_cov_17.940980	1123	1203	4	30	80	0.3750000
NODE_1461_length_1895_cov_17.940980	1123	1203	6	48	80	0.6000000
NODE_1466_length_1893_cov_3.299331	918	998	8	20	80	0.2500000
NODE_1466_length_1893_cov_3.299331	918	998	9	18	80	0.2250000
NODE_1466_length_1893_cov_3.299331	918	998	10	42	80	0.5250000
NODE_1467_length_1892_cov_5.158394	317	397	0	6	80	0.0750000
NODE_1467_length_1892_cov_5.158394	317	397	2	41	80	0.5125000
NODE_1467_length_1892_cov_5.158394	317	397	6	33	80	0.4125000
NODE_1467_length_1892_cov_5.158394	370	445	4	23	75	0.3066667
NODE_1467_length_1892_cov_5.158394	370	445	6	52	75	0.6933333
NODE_1469_length_1889_cov_4.049162	1652	1686	0	34	34	1.0000000
NODE_1470_length_1889_cov_3.888268	960	1040	4	73	80	0.9125000
NODE_1470_length_1889_cov_3.888268	960	1040	5	7	80	0.0875000
NODE_1470_length_1889_cov_3.888268	1013	1093	2	29	80	0.3625000
NODE_1470_length_1889_cov_3.888268	1013	1093	4	28	80	0.3500000
NODE_1470_length_1889_cov_3.888268	1013	1093	5	16	80	0.2000000
NODE_1470_length_1889_cov_3.888268	1013	1093	6	7	80	0.0875000
NODE_1472_length_1888_cov_17.106764	15	96	32	1	81	0.0123457
NODE_1472_length_1888_cov_17.106764	15	96	34	4	81	0.0493827
NODE_1472_length_1888_cov_17.106764	15	96	38	2	81	0.0246914
NODE_1472_length_1888_cov_17.106764	15	96	40	1	81	0.0123457
NODE_1472_length_1888_cov_17.106764	15	96	42	4	81	0.0493827
NODE_1472_length_1888_cov_17.106764	15	96	52	2	81	0.0246914
NODE_1472_length_1888_cov_17.106764	15	96	53	6	81	0.0740741
NODE_1472_length_1888_cov_17.106764	15	96	58	12	81	0.1481481
NODE_1472_length_1888_cov_17.106764	15	96	64	2	81	0.0246914
NODE_1472_length_1888_cov_17.106764	15	96	66	9	81	0.1111111
NODE_1472_length_1888_cov_17.106764	15	96	67	1	81	0.0123457
NODE_1472_length_1888_cov_17.106764	15	96	69	1	81	0.0123457
NODE_1472_length_1888_cov_17.106764	15	96	75	33	81	0.4074074
NODE_1472_length_1888_cov_17.106764	15	96	81	3	81	0.0370370
NODE_1472_length_1888_cov_17.106764	68	143	31	9	75	0.1200000
NODE_1472_length_1888_cov_17.106764	68	143	43	1	75	0.0133333
NODE_1472_length_1888_cov_17.106764	68	143	44	1	75	0.0133333
NODE_1472_length_1888_cov_17.106764	68	143	48	1	75	0.0133333
NODE_1472_length_1888_cov_17.106764	68	143	53	1	75	0.0133333
NODE_1472_length_1888_cov_17.106764	68	143	54	1	75	0.0133333
NODE_1472_length_1888_cov_17.106764	68	143	58	2	75	0.0266667
NODE_1472_length_1888_cov_17.106764	68	143	66	2	75	0.0266667
NODE_1472_length_1888_cov_17.106764	68	143	68	1	75	0.0133333
NODE_1472_length_1888_cov_17.106764	68	143	70	4	75	0.0533333
NODE_1472_length_1888_cov_17.106764	68	143	74	1	75	0.0133333
NODE_1472_length_1888_cov_17.106764	68	143	75	25	75	0.3333333
NODE_1472_length_1888_cov_17.106764	68	143	77	2	75	0.0266667
NODE_1472_length_1888_cov_17.106764	68	143	78	8	75	0.1066667
NODE_1472_length_1888_cov_17.106764	68	143	79	6	75	0.0800000
NODE_1472_length_1888_cov_17.106764	68	143	81	10	75	0.1333333
NODE_1477_length_1885_cov_4.439530	441	521	0	80	80	1.0000000
NODE_1477_length_1885_cov_4.439530	494	574	0	80	80	1.0000000
NODE_1483_length_1882_cov_5.884464	1499	1579	0	68	80	0.8500000
NODE_1483_length_1882_cov_5.884464	1499	1579	2	12	80	0.1500000
NODE_1483_length_1882_cov_5.884464	1552	1632	0	15	80	0.1875000
NODE_1483_length_1882_cov_5.884464	1552	1632	2	65	80	0.8125000
NODE_1493_length_1875_cov_3.974662	1650	1730	6	3	80	0.0375000
NODE_1493_length_1875_cov_3.974662	1650	1730	7	8	80	0.1000000
NODE_1493_length_1875_cov_3.974662	1650	1730	8	24	80	0.3000000
NODE_1493_length_1875_cov_3.974662	1650	1730	10	9	80	0.1125000
NODE_1493_length_1875_cov_3.974662	1650	1730	12	36	80	0.4500000
NODE_1497_length_1872_cov_21.355330	153	201	0	48	48	1.0000000
NODE_1503_length_1868_cov_96.046919	1018	1098	5	26	80	0.3250000
NODE_1503_length_1868_cov_96.046919	1018	1098	7	2	80	0.0250000
NODE_1503_length_1868_cov_96.046919	1018	1098	8	10	80	0.1250000
NODE_1503_length_1868_cov_96.046919	1018	1098	16	2	80	0.0250000
NODE_1503_length_1868_cov_96.046919	1018	1098	18	4	80	0.0500000
NODE_1503_length_1868_cov_96.046919	1018	1098	20	4	80	0.0500000
NODE_1503_length_1868_cov_96.046919	1018	1098	24	2	80	0.0250000
NODE_1503_length_1868_cov_96.046919	1018	1098	30	2	80	0.0250000
NODE_1503_length_1868_cov_96.046919	1018	1098	34	4	80	0.0500000
NODE_1503_length_1868_cov_96.046919	1018	1098	35	3	80	0.0375000
NODE_1503_length_1868_cov_96.046919	1018	1098	37	15	80	0.1875000
NODE_1503_length_1868_cov_96.046919	1018	1098	39	3	80	0.0375000
NODE_1503_length_1868_cov_96.046919	1018	1098	41	3	80	0.0375000
NODE_1503_length_1868_cov_96.046919	1071	1151	34	3	80	0.0375000
NODE_1503_length_1868_cov_96.046919	1071	1151	35	3	80	0.0375000
NODE_1503_length_1868_cov_96.046919	1071	1151	37	15	80	0.1875000
NODE_1503_length_1868_cov_96.046919	1071	1151	39	6	80	0.0750000
NODE_1503_length_1868_cov_96.046919	1071	1151	41	12	80	0.1500000
NODE_1503_length_1868_cov_96.046919	1071	1151	42	9	80	0.1125000
NODE_1503_length_1868_cov_96.046919	1071	1151	44	32	80	0.4000000
NODE_1508_length_1866_cov_53.869270	1149	1229	7	7	80	0.0875000
NODE_1508_length_1866_cov_53.869270	1149	1229	13	70	80	0.8750000
NODE_1508_length_1866_cov_53.869270	1149	1229	16	3	80	0.0375000
NODE_1508_length_1866_cov_53.869270	1202	1282	3	9	80	0.1125000
NODE_1508_length_1866_cov_53.869270	1202	1282	9	25	80	0.3125000
NODE_1508_length_1866_cov_53.869270	1202	1282	13	39	80	0.4875000
NODE_1508_length_1866_cov_53.869270	1202	1282	16	7	80	0.0875000
NODE_1508_length_1866_cov_53.869270	1278	1358	3	44	80	0.5500000
NODE_1508_length_1866_cov_53.869270	1278	1358	5	6	80	0.0750000
NODE_1508_length_1866_cov_53.869270	1278	1358	7	18	80	0.2250000
NODE_1508_length_1866_cov_53.869270	1278	1358	9	12	80	0.1500000
NODE_1508_length_1866_cov_53.869270	1331	1411	6	1	80	0.0125000
NODE_1508_length_1866_cov_53.869270	1331	1411	7	15	80	0.1875000
NODE_1508_length_1866_cov_53.869270	1331	1411	8	34	80	0.4250000
NODE_1508_length_1866_cov_53.869270	1331	1411	9	15	80	0.1875000
NODE_1508_length_1866_cov_53.869270	1331	1411	11	15	80	0.1875000
NODE_1510_length_1866_cov_3.347482	888	966	3	48	78	0.6153846
NODE_1510_length_1866_cov_3.347482	888	966	4	30	78	0.3846154
NODE_1510_length_1866_cov_3.347482	939	1019	2	19	80	0.2375000
NODE_1510_length_1866_cov_3.347482	939	1019	4	61	80	0.7625000
NODE_1513_length_1863_cov_11.265306	698	778	2	80	80	1.0000000
NODE_1513_length_1863_cov_11.265306	751	831	0	47	80	0.5875000
NODE_1513_length_1863_cov_11.265306	751	831	2	33	80	0.4125000
NODE_1518_length_1858_cov_19.019329	23	85	0	62	62	1.0000000
NODE_1518_length_1858_cov_19.019329	1125	1205	0	76	80	0.9500000
NODE_1518_length_1858_cov_19.019329	1125	1205	4	4	80	0.0500000
NODE_1518_length_1858_cov_19.019329	1178	1256	0	23	78	0.2948718
NODE_1518_length_1858_cov_19.019329	1178	1256	4	55	78	0.7051282
NODE_1518_length_1858_cov_19.019329	1387	1464	4	7	77	0.0909091
NODE_1518_length_1858_cov_19.019329	1387	1464	6	7	77	0.0909091
NODE_1518_length_1858_cov_19.019329	1387	1464	8	63	77	0.8181818
NODE_1518_length_1858_cov_19.019329	1440	1503	0	39	63	0.6190476
NODE_1518_length_1858_cov_19.019329	1440	1503	4	7	63	0.1111111
NODE_1518_length_1858_cov_19.019329	1440	1503	6	7	63	0.1111111
NODE_1518_length_1858_cov_19.019329	1440	1503	8	10	63	0.1587302
NODE_1519_length_1857_cov_18.402730	1282	1348	0	3	66	0.0454545
NODE_1519_length_1857_cov_18.402730	1282	1348	2	63	66	0.9545454
NODE_1519_length_1857_cov_18.402730	1321	1401	0	26	80	0.3250000
NODE_1519_length_1857_cov_18.402730	1321	1401	2	54	80	0.6750000
NODE_1519_length_1857_cov_18.402730	1397	1477	0	45	80	0.5625000
NODE_1519_length_1857_cov_18.402730	1397	1477	2	35	80	0.4375000
NODE_1519_length_1857_cov_18.402730	1450	1530	2	80	80	1.0000000
NODE_1531_length_1845_cov_12.653494	473	553	0	80	80	1.0000000
NODE_1531_length_1845_cov_12.653494	526	606	0	80	80	1.0000000
NODE_1546_length_1833_cov_31.337947	810	888	6	17	78	0.2179487
NODE_1546_length_1833_cov_31.337947	810	888	7	12	78	0.1538462
NODE_1546_length_1833_cov_31.337947	810	888	8	42	78	0.5384616
NODE_1546_length_1833_cov_31.337947	810	888	10	1	78	0.0128205
NODE_1546_length_1833_cov_31.337947	810	888	11	6	78	0.0769231
NODE_1546_length_1833_cov_31.337947	861	941	5	24	80	0.3000000
NODE_1546_length_1833_cov_31.337947	861	941	6	5	80	0.0625000
NODE_1546_length_1833_cov_31.337947	861	941	7	24	80	0.3000000
NODE_1546_length_1833_cov_31.337947	861	941	8	20	80	0.2500000
NODE_1546_length_1833_cov_31.337947	861	941	10	1	80	0.0125000
NODE_1546_length_1833_cov_31.337947	861	941	11	6	80	0.0750000
NODE_1546_length_1833_cov_31.337947	937	1017	6	38	80	0.4750000
NODE_1546_length_1833_cov_31.337947	937	1017	8	42	80	0.5250000
NODE_1546_length_1833_cov_31.337947	990	1070	3	21	80	0.2625000
NODE_1546_length_1833_cov_31.337947	990	1070	5	26	80	0.3250000
NODE_1546_length_1833_cov_31.337947	990	1070	8	33	80	0.4125000
NODE_1550_length_1831_cov_3.065820	112	154	0	7	42	0.1666667
NODE_1550_length_1831_cov_3.065820	112	154	2	12	42	0.2857143
NODE_1550_length_1831_cov_3.065820	112	154	4	1	42	0.0238095
NODE_1550_length_1831_cov_3.065820	112	154	8	1	42	0.0238095
NODE_1550_length_1831_cov_3.065820	112	154	10	17	42	0.4047619
NODE_1550_length_1831_cov_3.065820	112	154	12	4	42	0.0952381
NODE_1553_length_1830_cov_2.512998	123	203	0	5	80	0.0625000
NODE_1553_length_1830_cov_2.512998	123	203	2	25	80	0.3125000
NODE_1553_length_1830_cov_2.512998	123	203	4	1	80	0.0125000
NODE_1553_length_1830_cov_2.512998	123	203	5	26	80	0.3250000
NODE_1553_length_1830_cov_2.512998	123	203	6	23	80	0.2875000
NODE_1553_length_1830_cov_2.512998	176	256	2	36	80	0.4500000
NODE_1553_length_1830_cov_2.512998	176	256	4	4	80	0.0500000
NODE_1553_length_1830_cov_2.512998	176	256	5	4	80	0.0500000
NODE_1553_length_1830_cov_2.512998	176	256	6	36	80	0.4500000
NODE_1553_length_1830_cov_2.512998	308	357	0	49	49	1.0000000
NODE_1554_length_1828_cov_40.437825	789	869	3	73	80	0.9125000
NODE_1554_length_1828_cov_40.437825	789	869	4	7	80	0.0875000
NODE_1554_length_1828_cov_40.437825	842	922	0	26	80	0.3250000
NODE_1554_length_1828_cov_40.437825	842	922	3	20	80	0.2500000
NODE_1554_length_1828_cov_40.437825	842	922	4	34	80	0.4250000
NODE_1554_length_1828_cov_40.437825	918	998	0	48	80	0.6000000
NODE_1554_length_1828_cov_40.437825	918	998	2	4	80	0.0500000
NODE_1554_length_1828_cov_40.437825	918	998	4	28	80	0.3500000
NODE_1554_length_1828_cov_40.437825	971	1051	4	80	80	1.0000000
NODE_1559_length_1825_cov_6.652955	641	689	0	34	48	0.7083333
NODE_1559_length_1825_cov_6.652955	641	689	2	14	48	0.2916667
NODE_1559_length_1825_cov_6.652955	694	744	2	50	50	1.0000000
NODE_1562_length_1824_cov_10.152464	685	765	10	9	80	0.1125000
NODE_1562_length_1824_cov_10.152464	685	765	12	20	80	0.2500000
NODE_1562_length_1824_cov_10.152464	685	765	14	14	80	0.1750000
NODE_1562_length_1824_cov_10.152464	685	765	16	13	80	0.1625000
NODE_1562_length_1824_cov_10.152464	685	765	18	24	80	0.3000000
NODE_1562_length_1824_cov_10.152464	738	818	0	18	80	0.2250000
NODE_1562_length_1824_cov_10.152464	738	818	2	22	80	0.2750000
NODE_1562_length_1824_cov_10.152464	738	818	4	4	80	0.0500000
NODE_1562_length_1824_cov_10.152464	738	818	10	18	80	0.2250000
NODE_1562_length_1824_cov_10.152464	738	818	12	18	80	0.2250000
NODE_1562_length_1824_cov_10.152464	1412	1433	14	21	21	1.0000000
NODE_1564_length_1821_cov_7.682346	953	1033	0	24	80	0.3000000
NODE_1564_length_1821_cov_7.682346	953	1033	24	1	80	0.0125000
NODE_1564_length_1821_cov_7.682346	953	1033	25	3	80	0.0375000
NODE_1564_length_1821_cov_7.682346	953	1033	26	2	80	0.0250000
NODE_1564_length_1821_cov_7.682346	953	1033	27	8	80	0.1000000
NODE_1564_length_1821_cov_7.682346	953	1033	28	5	80	0.0625000
NODE_1564_length_1821_cov_7.682346	953	1033	29	37	80	0.4625000
NODE_1564_length_1821_cov_7.682346	1006	1086	0	6	80	0.0750000
NODE_1564_length_1821_cov_7.682346	1006	1086	23	44	80	0.5500000
NODE_1564_length_1821_cov_7.682346	1006	1086	24	4	80	0.0500000
NODE_1564_length_1821_cov_7.682346	1006	1086	25	3	80	0.0375000
NODE_1564_length_1821_cov_7.682346	1006	1086	26	2	80	0.0250000
NODE_1564_length_1821_cov_7.682346	1006	1086	27	8	80	0.1000000
NODE_1564_length_1821_cov_7.682346	1006	1086	28	5	80	0.0625000
NODE_1564_length_1821_cov_7.682346	1006	1086	29	8	80	0.1000000
NODE_1566_length_1820_cov_12.061592	477	557	6	1	80	0.0125000
NODE_1566_length_1820_cov_12.061592	477	557	7	39	80	0.4875000
NODE_1566_length_1820_cov_12.061592	477	557	8	40	80	0.5000000
NODE_1566_length_1820_cov_12.061592	530	610	0	30	80	0.3750000
NODE_1566_length_1820_cov_12.061592	530	610	2	19	80	0.2375000
NODE_1566_length_1820_cov_12.061592	530	610	4	1	80	0.0125000
NODE_1566_length_1820_cov_12.061592	530	610	6	2	80	0.0250000
NODE_1566_length_1820_cov_12.061592	530	610	7	28	80	0.3500000
NODE_1566_length_1820_cov_12.061592	1232	1312	0	38	80	0.4750000
NODE_1566_length_1820_cov_12.061592	1232	1312	2	42	80	0.5250000
NODE_1566_length_1820_cov_12.061592	1285	1365	0	13	80	0.1625000
NODE_1566_length_1820_cov_12.061592	1285	1365	2	67	80	0.8375000
NODE_1572_length_1817_cov_8.302095	63	122	0	25	59	0.4237288
NODE_1572_length_1817_cov_8.302095	63	122	3	34	59	0.5762712
NODE_1572_length_1817_cov_8.302095	1195	1275	2	18	80	0.2250000
NODE_1572_length_1817_cov_8.302095	1195	1275	4	62	80	0.7750000
NODE_1572_length_1817_cov_8.302095	1248	1328	0	12	80	0.1500000
NODE_1572_length_1817_cov_8.302095	1248	1328	2	59	80	0.7375000
NODE_1572_length_1817_cov_8.302095	1248	1328	4	9	80	0.1125000
NODE_1573_length_1816_cov_25.489225	1059	1139	0	80	80	1.0000000
NODE_1573_length_1816_cov_25.489225	1112	1192	0	80	80	1.0000000
NODE_1578_length_1812_cov_11.453006	398	427	2	15	29	0.5172414
NODE_1578_length_1812_cov_11.453006	398	427	6	14	29	0.4827586
NODE_1578_length_1812_cov_11.453006	400	480	2	13	80	0.1625000
NODE_1578_length_1812_cov_11.453006	400	480	4	2	80	0.0250000
NODE_1578_length_1812_cov_11.453006	400	480	6	65	80	0.8125000
NODE_1586_length_1807_cov_3.977752	1743	1807	0	64	64	1.0000000
NODE_1590_length_1806_cov_2.681312	1461	1541	0	6	80	0.0750000
NODE_1590_length_1806_cov_2.681312	1461	1541	2	1	80	0.0125000
NODE_1590_length_1806_cov_2.681312	1461	1541	4	73	80	0.9125000
NODE_1590_length_1806_cov_2.681312	1517	1594	0	59	77	0.7662337
NODE_1590_length_1806_cov_2.681312	1517	1594	2	1	77	0.0129870
NODE_1590_length_1806_cov_2.681312	1517	1594	4	17	77	0.2207792
NODE_1593_length_1805_cov_10.271395	258	329	0	12	71	0.1690141
NODE_1593_length_1805_cov_10.271395	258	329	6	59	71	0.8309859
NODE_1593_length_1805_cov_10.271395	311	391	0	8	80	0.1000000
NODE_1593_length_1805_cov_10.271395	311	391	6	72	80	0.9000000
NODE_1598_length_1802_cov_11.546682	1284	1364	0	2	80	0.0250000
NODE_1598_length_1802_cov_11.546682	1284	1364	4	78	80	0.9750000
NODE_1598_length_1802_cov_11.546682	1337	1417	0	18	80	0.2250000
NODE_1598_length_1802_cov_11.546682	1337	1417	4	62	80	0.7750000
NODE_1600_length_1801_cov_12.145711	85	165	8	31	80	0.3875000
NODE_1600_length_1801_cov_12.145711	85	165	10	1	80	0.0125000
NODE_1600_length_1801_cov_12.145711	85	165	12	4	80	0.0500000
NODE_1600_length_1801_cov_12.145711	85	165	18	26	80	0.3250000
NODE_1600_length_1801_cov_12.145711	85	165	20	18	80	0.2250000
NODE_1600_length_1801_cov_12.145711	138	218	8	2	80	0.0250000
NODE_1600_length_1801_cov_12.145711	138	218	10	1	80	0.0125000
NODE_1600_length_1801_cov_12.145711	138	218	12	25	80	0.3125000
NODE_1600_length_1801_cov_12.145711	138	218	13	8	80	0.1000000
NODE_1600_length_1801_cov_12.145711	138	218	17	1	80	0.0125000
NODE_1600_length_1801_cov_12.145711	138	218	18	25	80	0.3125000
NODE_1600_length_1801_cov_12.145711	138	218	20	18	80	0.2250000
NODE_1601_length_1801_cov_9.793184	1010	1090	0	80	80	1.0000000
NODE_1601_length_1801_cov_9.793184	1063	1143	0	80	80	1.0000000
NODE_1604_length_1800_cov_15.074662	695	775	0	80	80	1.0000000
NODE_1604_length_1800_cov_15.074662	755	826	0	71	71	1.0000000
NODE_1605_length_1800_cov_7.281599	10	74	155	1	64	0.0156250
NODE_1605_length_1800_cov_7.281599	10	74	161	1	64	0.0156250
NODE_1605_length_1800_cov_7.281599	10	74	164	1	64	0.0156250
NODE_1605_length_1800_cov_7.281599	10	74	167	1	64	0.0156250
NODE_1605_length_1800_cov_7.281599	10	74	169	1	64	0.0156250
NODE_1605_length_1800_cov_7.281599	10	74	181	1	64	0.0156250
NODE_1605_length_1800_cov_7.281599	10	74	223	2	64	0.0312500
NODE_1605_length_1800_cov_7.281599	10	74	227	1	64	0.0156250
NODE_1605_length_1800_cov_7.281599	10	74	243	2	64	0.0312500
NODE_1605_length_1800_cov_7.281599	10	74	247	1	64	0.0156250
NODE_1605_length_1800_cov_7.281599	10	74	274	1	64	0.0156250
NODE_1605_length_1800_cov_7.281599	10	74	300	1	64	0.0156250
NODE_1605_length_1800_cov_7.281599	10	74	305	1	64	0.0156250
NODE_1605_length_1800_cov_7.281599	10	74	313	1	64	0.0156250
NODE_1605_length_1800_cov_7.281599	10	74	330	1	64	0.0156250
NODE_1605_length_1800_cov_7.281599	10	74	342	1	64	0.0156250
NODE_1605_length_1800_cov_7.281599	10	74	351	1	64	0.0156250
NODE_1605_length_1800_cov_7.281599	10	74	352	3	64	0.0468750
NODE_1605_length_1800_cov_7.281599	10	74	366	1	64	0.0156250
NODE_1605_length_1800_cov_7.281599	10	74	377	1	64	0.0156250
NODE_1605_length_1800_cov_7.281599	10	74	384	1	64	0.0156250
NODE_1605_length_1800_cov_7.281599	10	74	390	1	64	0.0156250
NODE_1605_length_1800_cov_7.281599	10	74	392	1	64	0.0156250
NODE_1605_length_1800_cov_7.281599	10	74	393	1	64	0.0156250
NODE_1605_length_1800_cov_7.281599	10	74	394	1	64	0.0156250
NODE_1605_length_1800_cov_7.281599	10	74	396	2	64	0.0312500
NODE_1605_length_1800_cov_7.281599	10	74	401	2	64	0.0312500
NODE_1605_length_1800_cov_7.281599	10	74	405	2	64	0.0312500
NODE_1605_length_1800_cov_7.281599	10	74	412	1	64	0.0156250
NODE_1605_length_1800_cov_7.281599	10	74	419	1	64	0.0156250
NODE_1605_length_1800_cov_7.281599	10	74	420	1	64	0.0156250
NODE_1605_length_1800_cov_7.281599	10	74	430	2	64	0.0312500
NODE_1605_length_1800_cov_7.281599	10	74	436	1	64	0.0156250
NODE_1605_length_1800_cov_7.281599	10	74	440	1	64	0.0156250
NODE_1605_length_1800_cov_7.281599	10	74	452	1	64	0.0156250
NODE_1605_length_1800_cov_7.281599	10	74	457	1	64	0.0156250
NODE_1605_length_1800_cov_7.281599	10	74	466	1	64	0.0156250
NODE_1605_length_1800_cov_7.281599	10	74	467	1	64	0.0156250
NODE_1605_length_1800_cov_7.281599	10	74	470	1	64	0.0156250
NODE_1605_length_1800_cov_7.281599	10	74	477	3	64	0.0468750
NODE_1605_length_1800_cov_7.281599	10	74	480	4	64	0.0625000
NODE_1605_length_1800_cov_7.281599	10	74	487	2	64	0.0312500
NODE_1605_length_1800_cov_7.281599	10	74	489	3	64	0.0468750
NODE_1605_length_1800_cov_7.281599	10	74	492	1	64	0.0156250
NODE_1605_length_1800_cov_7.281599	10	74	498	4	64	0.0625000
NODE_1605_length_1800_cov_7.281599	10	74	155	1	64	0.0156250
NODE_1605_length_1800_cov_7.281599	10	74	161	1	64	0.0156250
NODE_1605_length_1800_cov_7.281599	10	74	164	1	64	0.0156250
NODE_1605_length_1800_cov_7.281599	10	74	167	1	64	0.0156250
NODE_1605_length_1800_cov_7.281599	10	74	169	1	64	0.0156250
NODE_1605_length_1800_cov_7.281599	10	74	181	1	64	0.0156250
NODE_1605_length_1800_cov_7.281599	10	74	223	2	64	0.0312500
NODE_1605_length_1800_cov_7.281599	10	74	227	1	64	0.0156250
NODE_1605_length_1800_cov_7.281599	10	74	243	2	64	0.0312500
NODE_1605_length_1800_cov_7.281599	10	74	247	1	64	0.0156250
NODE_1605_length_1800_cov_7.281599	10	74	274	1	64	0.0156250
NODE_1605_length_1800_cov_7.281599	10	74	300	1	64	0.0156250
NODE_1605_length_1800_cov_7.281599	10	74	305	1	64	0.0156250
NODE_1605_length_1800_cov_7.281599	10	74	313	1	64	0.0156250
NODE_1605_length_1800_cov_7.281599	10	74	330	1	64	0.0156250
NODE_1605_length_1800_cov_7.281599	10	74	342	1	64	0.0156250
NODE_1605_length_1800_cov_7.281599	10	74	351	1	64	0.0156250
NODE_1605_length_1800_cov_7.281599	10	74	352	3	64	0.0468750
NODE_1605_length_1800_cov_7.281599	10	74	366	1	64	0.0156250
NODE_1605_length_1800_cov_7.281599	10	74	377	1	64	0.0156250
NODE_1605_length_1800_cov_7.281599	10	74	384	1	64	0.0156250
NODE_1605_length_1800_cov_7.281599	10	74	390	1	64	0.0156250
NODE_1605_length_1800_cov_7.281599	10	74	392	1	64	0.0156250
NODE_1605_length_1800_cov_7.281599	10	74	393	1	64	0.0156250
NODE_1605_length_1800_cov_7.281599	10	74	394	1	64	0.0156250
NODE_1605_length_1800_cov_7.281599	10	74	396	2	64	0.0312500
NODE_1605_length_1800_cov_7.281599	10	74	401	2	64	0.0312500
NODE_1605_length_1800_cov_7.281599	10	74	405	2	64	0.0312500
NODE_1605_length_1800_cov_7.281599	10	74	412	1	64	0.0156250
NODE_1605_length_1800_cov_7.281599	10	74	419	1	64	0.0156250
NODE_1605_length_1800_cov_7.281599	10	74	420	1	64	0.0156250
NODE_1605_length_1800_cov_7.281599	10	74	430	2	64	0.0312500
NODE_1605_length_1800_cov_7.281599	10	74	436	1	64	0.0156250
NODE_1605_length_1800_cov_7.281599	10	74	440	1	64	0.0156250
NODE_1605_length_1800_cov_7.281599	10	74	452	1	64	0.0156250
NODE_1605_length_1800_cov_7.281599	10	74	457	1	64	0.0156250
NODE_1605_length_1800_cov_7.281599	10	74	466	1	64	0.0156250
NODE_1605_length_1800_cov_7.281599	10	74	467	1	64	0.0156250
NODE_1605_length_1800_cov_7.281599	10	74	470	1	64	0.0156250
NODE_1605_length_1800_cov_7.281599	10	74	477	3	64	0.0468750
NODE_1605_length_1800_cov_7.281599	10	74	480	4	64	0.0625000
NODE_1605_length_1800_cov_7.281599	10	74	487	2	64	0.0312500
NODE_1605_length_1800_cov_7.281599	10	74	489	3	64	0.0468750
NODE_1605_length_1800_cov_7.281599	10	74	492	1	64	0.0156250
NODE_1605_length_1800_cov_7.281599	10	74	498	4	64	0.0625000
NODE_1605_length_1800_cov_7.281599	10	74	155	1	64	0.0156250
NODE_1605_length_1800_cov_7.281599	10	74	161	1	64	0.0156250
NODE_1605_length_1800_cov_7.281599	10	74	164	1	64	0.0156250
NODE_1605_length_1800_cov_7.281599	10	74	167	1	64	0.0156250
NODE_1605_length_1800_cov_7.281599	10	74	169	1	64	0.0156250
NODE_1605_length_1800_cov_7.281599	10	74	181	1	64	0.0156250
NODE_1605_length_1800_cov_7.281599	10	74	223	2	64	0.0312500
NODE_1605_length_1800_cov_7.281599	10	74	227	1	64	0.0156250
NODE_1605_length_1800_cov_7.281599	10	74	243	2	64	0.0312500
NODE_1605_length_1800_cov_7.281599	10	74	247	1	64	0.0156250
NODE_1605_length_1800_cov_7.281599	10	74	274	1	64	0.0156250
NODE_1605_length_1800_cov_7.281599	10	74	300	1	64	0.0156250
NODE_1605_length_1800_cov_7.281599	10	74	305	1	64	0.0156250
NODE_1605_length_1800_cov_7.281599	10	74	313	1	64	0.0156250
NODE_1605_length_1800_cov_7.281599	10	74	330	1	64	0.0156250
NODE_1605_length_1800_cov_7.281599	10	74	342	1	64	0.0156250
NODE_1605_length_1800_cov_7.281599	10	74	351	1	64	0.0156250
NODE_1605_length_1800_cov_7.281599	10	74	352	3	64	0.0468750
NODE_1605_length_1800_cov_7.281599	10	74	366	1	64	0.0156250
NODE_1605_length_1800_cov_7.281599	10	74	377	1	64	0.0156250
NODE_1605_length_1800_cov_7.281599	10	74	384	1	64	0.0156250
NODE_1605_length_1800_cov_7.281599	10	74	390	1	64	0.0156250
NODE_1605_length_1800_cov_7.281599	10	74	392	1	64	0.0156250
NODE_1605_length_1800_cov_7.281599	10	74	393	1	64	0.0156250
NODE_1605_length_1800_cov_7.281599	10	74	394	1	64	0.0156250
NODE_1605_length_1800_cov_7.281599	10	74	396	2	64	0.0312500
NODE_1605_length_1800_cov_7.281599	10	74	401	2	64	0.0312500
NODE_1605_length_1800_cov_7.281599	10	74	405	2	64	0.0312500
NODE_1605_length_1800_cov_7.281599	10	74	412	1	64	0.0156250
NODE_1605_length_1800_cov_7.281599	10	74	419	1	64	0.0156250
NODE_1605_length_1800_cov_7.281599	10	74	420	1	64	0.0156250
NODE_1605_length_1800_cov_7.281599	10	74	430	2	64	0.0312500
NODE_1605_length_1800_cov_7.281599	10	74	436	1	64	0.0156250
NODE_1605_length_1800_cov_7.281599	10	74	440	1	64	0.0156250
NODE_1605_length_1800_cov_7.281599	10	74	452	1	64	0.0156250
NODE_1605_length_1800_cov_7.281599	10	74	457	1	64	0.0156250
NODE_1605_length_1800_cov_7.281599	10	74	466	1	64	0.0156250
NODE_1605_length_1800_cov_7.281599	10	74	467	1	64	0.0156250
NODE_1605_length_1800_cov_7.281599	10	74	470	1	64	0.0156250
NODE_1605_length_1800_cov_7.281599	10	74	477	3	64	0.0468750
NODE_1605_length_1800_cov_7.281599	10	74	480	4	64	0.0625000
NODE_1605_length_1800_cov_7.281599	10	74	487	2	64	0.0312500
NODE_1605_length_1800_cov_7.281599	10	74	489	3	64	0.0468750
NODE_1605_length_1800_cov_7.281599	10	74	492	1	64	0.0156250
NODE_1605_length_1800_cov_7.281599	10	74	498	4	64	0.0625000
NODE_1605_length_1800_cov_7.281599	47	127	420	1	80	0.0125000
NODE_1605_length_1800_cov_7.281599	47	127	430	2	80	0.0250000
NODE_1605_length_1800_cov_7.281599	47	127	436	1	80	0.0125000
NODE_1605_length_1800_cov_7.281599	47	127	440	1	80	0.0125000
NODE_1605_length_1800_cov_7.281599	47	127	452	1	80	0.0125000
NODE_1605_length_1800_cov_7.281599	47	127	457	1	80	0.0125000
NODE_1605_length_1800_cov_7.281599	47	127	466	1	80	0.0125000
NODE_1605_length_1800_cov_7.281599	47	127	467	1	80	0.0125000
NODE_1605_length_1800_cov_7.281599	47	127	470	2	80	0.0250000
NODE_1605_length_1800_cov_7.281599	47	127	472	1	80	0.0125000
NODE_1605_length_1800_cov_7.281599	47	127	476	1	80	0.0125000
NODE_1605_length_1800_cov_7.281599	47	127	477	5	80	0.0625000
NODE_1605_length_1800_cov_7.281599	47	127	480	4	80	0.0500000
NODE_1605_length_1800_cov_7.281599	47	127	481	1	80	0.0125000
NODE_1605_length_1800_cov_7.281599	47	127	483	2	80	0.0250000
NODE_1605_length_1800_cov_7.281599	47	127	487	2	80	0.0250000
NODE_1605_length_1800_cov_7.281599	47	127	489	4	80	0.0500000
NODE_1605_length_1800_cov_7.281599	47	127	492	1	80	0.0125000
NODE_1605_length_1800_cov_7.281599	47	127	494	3	80	0.0375000
NODE_1605_length_1800_cov_7.281599	47	127	498	6	80	0.0750000
NODE_1605_length_1800_cov_7.281599	47	127	500	3	80	0.0375000
NODE_1605_length_1800_cov_7.281599	47	127	502	4	80	0.0500000
NODE_1605_length_1800_cov_7.281599	47	127	504	10	80	0.1250000
NODE_1605_length_1800_cov_7.281599	47	127	505	10	80	0.1250000
NODE_1605_length_1800_cov_7.281599	47	127	506	1	80	0.0125000
NODE_1605_length_1800_cov_7.281599	47	127	507	7	80	0.0875000
NODE_1605_length_1800_cov_7.281599	47	127	508	3	80	0.0375000
NODE_1605_length_1800_cov_7.281599	47	127	509	1	80	0.0125000
NODE_1605_length_1800_cov_7.281599	63	126	472	1	63	0.0158730
NODE_1605_length_1800_cov_7.281599	63	126	476	1	63	0.0158730
NODE_1605_length_1800_cov_7.281599	63	126	477	2	63	0.0317460
NODE_1605_length_1800_cov_7.281599	63	126	480	1	63	0.0158730
NODE_1605_length_1800_cov_7.281599	63	126	481	1	63	0.0158730
NODE_1605_length_1800_cov_7.281599	63	126	483	2	63	0.0317460
NODE_1605_length_1800_cov_7.281599	63	126	487	2	63	0.0317460
NODE_1605_length_1800_cov_7.281599	63	126	489	4	63	0.0634921
NODE_1605_length_1800_cov_7.281599	63	126	492	1	63	0.0158730
NODE_1605_length_1800_cov_7.281599	63	126	494	3	63	0.0476190
NODE_1605_length_1800_cov_7.281599	63	126	498	6	63	0.0952381
NODE_1605_length_1800_cov_7.281599	63	126	500	3	63	0.0476190
NODE_1605_length_1800_cov_7.281599	63	126	502	4	63	0.0634921
NODE_1605_length_1800_cov_7.281599	63	126	504	10	63	0.1587302
NODE_1605_length_1800_cov_7.281599	63	126	505	10	63	0.1587302
NODE_1605_length_1800_cov_7.281599	63	126	506	1	63	0.0158730
NODE_1605_length_1800_cov_7.281599	63	126	507	7	63	0.1111111
NODE_1605_length_1800_cov_7.281599	63	126	508	3	63	0.0476190
NODE_1605_length_1800_cov_7.281599	63	126	509	1	63	0.0158730
NODE_1616_length_1793_cov_16.161157	539	619	10	17	80	0.2125000
NODE_1616_length_1793_cov_16.161157	539	619	12	6	80	0.0750000
NODE_1616_length_1793_cov_16.161157	539	619	15	5	80	0.0625000
NODE_1616_length_1793_cov_16.161157	539	619	17	26	80	0.3250000
NODE_1616_length_1793_cov_16.161157	539	619	19	26	80	0.3250000
NODE_1616_length_1793_cov_16.161157	592	672	6	12	80	0.1500000
NODE_1616_length_1793_cov_16.161157	592	672	8	2	80	0.0250000
NODE_1616_length_1793_cov_16.161157	592	672	10	17	80	0.2125000
NODE_1616_length_1793_cov_16.161157	592	672	16	6	80	0.0750000
NODE_1616_length_1793_cov_16.161157	592	672	17	23	80	0.2875000
NODE_1616_length_1793_cov_16.161157	592	672	19	20	80	0.2500000
NODE_1616_length_1793_cov_16.161157	1202	1281	0	25	79	0.3164557
NODE_1616_length_1793_cov_16.161157	1202	1281	2	17	79	0.2151899
NODE_1616_length_1793_cov_16.161157	1202	1281	4	37	79	0.4683544
NODE_1616_length_1793_cov_16.161157	1254	1335	2	12	81	0.1481481
NODE_1616_length_1793_cov_16.161157	1254	1335	4	69	81	0.8518519
NODE_1617_length_1793_cov_14.322904	521	601	0	80	80	1.0000000
NODE_1617_length_1793_cov_14.322904	574	654	0	80	80	1.0000000
NODE_1617_length_1793_cov_14.322904	1230	1310	0	80	80	1.0000000
NODE_1618_length_1791_cov_5.516548	1190	1261	0	71	71	1.0000000
NODE_1621_length_1790_cov_4.282082	684	764	0	64	80	0.8000000
NODE_1621_length_1790_cov_4.282082	684	764	2	16	80	0.2000000
NODE_1621_length_1790_cov_4.282082	737	817	0	11	80	0.1375000
NODE_1621_length_1790_cov_4.282082	737	817	2	69	80	0.8625000
NODE_1623_length_1788_cov_39.558911	385	465	2	5	80	0.0625000
NODE_1623_length_1788_cov_39.558911	385	465	4	16	80	0.2000000
NODE_1623_length_1788_cov_39.558911	385	465	10	8	80	0.1000000
NODE_1623_length_1788_cov_39.558911	385	465	12	51	80	0.6375000
NODE_1623_length_1788_cov_39.558911	438	518	9	31	80	0.3875000
NODE_1623_length_1788_cov_39.558911	438	518	10	2	80	0.0250000
NODE_1623_length_1788_cov_39.558911	438	518	11	16	80	0.2000000
NODE_1623_length_1788_cov_39.558911	438	518	12	31	80	0.3875000
NODE_1623_length_1788_cov_39.558911	514	594	1	41	80	0.5125000
NODE_1623_length_1788_cov_39.558911	514	594	3	35	80	0.4375000
NODE_1623_length_1788_cov_39.558911	514	594	9	4	80	0.0500000
NODE_1623_length_1788_cov_39.558911	567	647	1	24	80	0.3000000
NODE_1623_length_1788_cov_39.558911	567	647	3	5	80	0.0625000
NODE_1623_length_1788_cov_39.558911	567	647	5	8	80	0.1000000
NODE_1623_length_1788_cov_39.558911	567	647	6	26	80	0.3250000
NODE_1623_length_1788_cov_39.558911	567	647	7	17	80	0.2125000
NODE_1624_length_1787_cov_44.927133	530	610	32	2	80	0.0250000
NODE_1624_length_1787_cov_44.927133	530	610	33	4	80	0.0500000
NODE_1624_length_1787_cov_44.927133	530	610	35	1	80	0.0125000
NODE_1624_length_1787_cov_44.927133	530	610	41	2	80	0.0250000
NODE_1624_length_1787_cov_44.927133	530	610	44	1	80	0.0125000
NODE_1624_length_1787_cov_44.927133	530	610	45	1	80	0.0125000
NODE_1624_length_1787_cov_44.927133	530	610	48	3	80	0.0375000
NODE_1624_length_1787_cov_44.927133	530	610	51	2	80	0.0250000
NODE_1624_length_1787_cov_44.927133	530	610	53	2	80	0.0250000
NODE_1624_length_1787_cov_44.927133	530	610	56	2	80	0.0250000
NODE_1624_length_1787_cov_44.927133	530	610	58	1	80	0.0125000
NODE_1624_length_1787_cov_44.927133	530	610	72	5	80	0.0625000
NODE_1624_length_1787_cov_44.927133	530	610	77	5	80	0.0625000
NODE_1624_length_1787_cov_44.927133	530	610	79	1	80	0.0125000
NODE_1624_length_1787_cov_44.927133	530	610	81	1	80	0.0125000
NODE_1624_length_1787_cov_44.927133	530	610	85	2	80	0.0250000
NODE_1624_length_1787_cov_44.927133	530	610	87	1	80	0.0125000
NODE_1624_length_1787_cov_44.927133	530	610	94	2	80	0.0250000
NODE_1624_length_1787_cov_44.927133	530	610	101	1	80	0.0125000
NODE_1624_length_1787_cov_44.927133	530	610	102	2	80	0.0250000
NODE_1624_length_1787_cov_44.927133	530	610	110	3	80	0.0375000
NODE_1624_length_1787_cov_44.927133	530	610	114	1	80	0.0125000
NODE_1624_length_1787_cov_44.927133	530	610	115	1	80	0.0125000
NODE_1624_length_1787_cov_44.927133	530	610	118	4	80	0.0500000
NODE_1624_length_1787_cov_44.927133	530	610	122	3	80	0.0375000
NODE_1624_length_1787_cov_44.927133	530	610	124	2	80	0.0250000
NODE_1624_length_1787_cov_44.927133	530	610	130	3	80	0.0375000
NODE_1624_length_1787_cov_44.927133	530	610	134	4	80	0.0500000
NODE_1624_length_1787_cov_44.927133	530	610	137	1	80	0.0125000
NODE_1624_length_1787_cov_44.927133	530	610	142	3	80	0.0375000
NODE_1624_length_1787_cov_44.927133	530	610	145	2	80	0.0250000
NODE_1624_length_1787_cov_44.927133	530	610	147	5	80	0.0625000
NODE_1624_length_1787_cov_44.927133	530	610	149	1	80	0.0125000
NODE_1624_length_1787_cov_44.927133	530	610	151	2	80	0.0250000
NODE_1624_length_1787_cov_44.927133	530	610	152	4	80	0.0500000
NODE_1625_length_1787_cov_2.752370	675	755	0	80	80	1.0000000
NODE_1625_length_1787_cov_2.752370	728	806	0	78	78	1.0000000
NODE_1626_length_1786_cov_13.459395	523	603	0	80	80	1.0000000
NODE_1626_length_1786_cov_13.459395	576	656	0	80	80	1.0000000
NODE_1633_length_1784_cov_40.769733	358	438	0	72	80	0.9000000
NODE_1633_length_1784_cov_40.769733	358	438	2	8	80	0.1000000
NODE_1633_length_1784_cov_40.769733	411	491	0	19	80	0.2375000
NODE_1633_length_1784_cov_40.769733	411	491	2	61	80	0.7625000
NODE_1633_length_1784_cov_40.769733	1057	1137	2	8	80	0.1000000
NODE_1633_length_1784_cov_40.769733	1057	1137	4	8	80	0.1000000
NODE_1633_length_1784_cov_40.769733	1057	1137	6	42	80	0.5250000
NODE_1633_length_1784_cov_40.769733	1057	1137	8	22	80	0.2750000
NODE_1633_length_1784_cov_40.769733	1110	1190	2	55	80	0.6875000
NODE_1633_length_1784_cov_40.769733	1110	1190	3	4	80	0.0500000
NODE_1633_length_1784_cov_40.769733	1110	1190	4	10	80	0.1250000
NODE_1633_length_1784_cov_40.769733	1110	1190	6	11	80	0.1375000
NODE_1633_length_1784_cov_40.769733	1186	1266	2	16	80	0.2000000
NODE_1633_length_1784_cov_40.769733	1186	1266	4	14	80	0.1750000
NODE_1633_length_1784_cov_40.769733	1186	1266	8	35	80	0.4375000
NODE_1633_length_1784_cov_40.769733	1186	1266	12	9	80	0.1125000
NODE_1633_length_1784_cov_40.769733	1186	1266	14	6	80	0.0750000
NODE_1633_length_1784_cov_40.769733	1239	1319	8	12	80	0.1500000
NODE_1633_length_1784_cov_40.769733	1239	1319	12	35	80	0.4375000
NODE_1633_length_1784_cov_40.769733	1239	1319	14	33	80	0.4125000
NODE_1634_length_1784_cov_6.049258	1646	1725	0	79	79	1.0000000
NODE_1637_length_1783_cov_45.569477	600	680	6	23	80	0.2875000
NODE_1637_length_1783_cov_45.569477	600	680	8	7	80	0.0875000
NODE_1637_length_1783_cov_45.569477	600	680	10	8	80	0.1000000
NODE_1637_length_1783_cov_45.569477	600	680	12	15	80	0.1875000
NODE_1637_length_1783_cov_45.569477	600	680	14	11	80	0.1375000
NODE_1637_length_1783_cov_45.569477	600	680	16	16	80	0.2000000
NODE_1637_length_1783_cov_45.569477	653	733	12	9	80	0.1125000
NODE_1637_length_1783_cov_45.569477	653	733	14	28	80	0.3500000
NODE_1637_length_1783_cov_45.569477	653	733	16	32	80	0.4000000
NODE_1637_length_1783_cov_45.569477	653	733	17	11	80	0.1375000
NODE_1640_length_1780_cov_21.089233	361	441	0	80	80	1.0000000
NODE_1640_length_1780_cov_21.089233	414	494	0	80	80	1.0000000
NODE_1640_length_1780_cov_21.089233	1031	1104	19	1	73	0.0136986
NODE_1640_length_1780_cov_21.089233	1031	1104	21	1	73	0.0136986
NODE_1640_length_1780_cov_21.089233	1031	1104	23	1	73	0.0136986
NODE_1640_length_1780_cov_21.089233	1031	1104	25	3	73	0.0410959
NODE_1640_length_1780_cov_21.089233	1031	1104	26	1	73	0.0136986
NODE_1640_length_1780_cov_21.089233	1031	1104	28	4	73	0.0547945
NODE_1640_length_1780_cov_21.089233	1031	1104	30	2	73	0.0273973
NODE_1640_length_1780_cov_21.089233	1031	1104	33	1	73	0.0136986
NODE_1640_length_1780_cov_21.089233	1031	1104	36	3	73	0.0410959
NODE_1640_length_1780_cov_21.089233	1031	1104	37	1	73	0.0136986
NODE_1640_length_1780_cov_21.089233	1031	1104	41	2	73	0.0273973
NODE_1640_length_1780_cov_21.089233	1031	1104	44	2	73	0.0273973
NODE_1640_length_1780_cov_21.089233	1031	1104	46	1	73	0.0136986
NODE_1640_length_1780_cov_21.089233	1031	1104	49	4	73	0.0547945
NODE_1640_length_1780_cov_21.089233	1031	1104	51	5	73	0.0684932
NODE_1640_length_1780_cov_21.089233	1031	1104	55	1	73	0.0136986
NODE_1640_length_1780_cov_21.089233	1031	1104	56	10	73	0.1369863
NODE_1640_length_1780_cov_21.089233	1031	1104	57	2	73	0.0273973
NODE_1640_length_1780_cov_21.089233	1031	1104	61	1	73	0.0136986
NODE_1640_length_1780_cov_21.089233	1031	1104	62	2	73	0.0273973
NODE_1640_length_1780_cov_21.089233	1031	1104	63	8	73	0.1095890
NODE_1640_length_1780_cov_21.089233	1031	1104	65	2	73	0.0273973
NODE_1640_length_1780_cov_21.089233	1031	1104	67	12	73	0.1643836
NODE_1640_length_1780_cov_21.089233	1031	1104	68	3	73	0.0410959
NODE_1640_length_1780_cov_21.089233	1071	1112	56	3	41	0.0731707
NODE_1640_length_1780_cov_21.089233	1071	1112	57	2	41	0.0487805
NODE_1640_length_1780_cov_21.089233	1071	1112	61	1	41	0.0243902
NODE_1640_length_1780_cov_21.089233	1071	1112	62	2	41	0.0487805
NODE_1640_length_1780_cov_21.089233	1071	1112	63	8	41	0.1951219
NODE_1640_length_1780_cov_21.089233	1071	1112	65	2	41	0.0487805
NODE_1640_length_1780_cov_21.089233	1071	1112	67	12	41	0.2926829
NODE_1640_length_1780_cov_21.089233	1071	1112	68	10	41	0.2439024
NODE_1640_length_1780_cov_21.089233	1071	1112	72	1	41	0.0243902
NODE_1641_length_1780_cov_7.837597	1682	1747	2	65	65	1.0000000
NODE_1649_length_1778_cov_52.804050	1528	1568	3	2	40	0.0500000
NODE_1649_length_1778_cov_52.804050	1528	1568	10	1	40	0.0250000
NODE_1649_length_1778_cov_52.804050	1528	1568	12	3	40	0.0750000
NODE_1649_length_1778_cov_52.804050	1528	1568	15	2	40	0.0500000
NODE_1649_length_1778_cov_52.804050	1528	1568	17	5	40	0.1250000
NODE_1649_length_1778_cov_52.804050	1528	1568	25	2	40	0.0500000
NODE_1649_length_1778_cov_52.804050	1528	1568	26	2	40	0.0500000
NODE_1649_length_1778_cov_52.804050	1528	1568	32	3	40	0.0750000
NODE_1649_length_1778_cov_52.804050	1528	1568	33	8	40	0.2000000
NODE_1649_length_1778_cov_52.804050	1528	1568	35	6	40	0.1500000
NODE_1649_length_1778_cov_52.804050	1528	1568	41	1	40	0.0250000
NODE_1649_length_1778_cov_52.804050	1528	1568	42	2	40	0.0500000
NODE_1649_length_1778_cov_52.804050	1528	1568	44	3	40	0.0750000
NODE_1649_length_1778_cov_52.804050	1541	1621	25	2	80	0.0250000
NODE_1649_length_1778_cov_52.804050	1541	1621	26	2	80	0.0250000
NODE_1649_length_1778_cov_52.804050	1541	1621	32	3	80	0.0375000
NODE_1649_length_1778_cov_52.804050	1541	1621	33	8	80	0.1000000
NODE_1649_length_1778_cov_52.804050	1541	1621	35	6	80	0.0750000
NODE_1649_length_1778_cov_52.804050	1541	1621	41	1	80	0.0125000
NODE_1649_length_1778_cov_52.804050	1541	1621	42	2	80	0.0250000
NODE_1649_length_1778_cov_52.804050	1541	1621	44	3	80	0.0375000
NODE_1649_length_1778_cov_52.804050	1541	1621	50	1	80	0.0125000
NODE_1649_length_1778_cov_52.804050	1541	1621	51	2	80	0.0250000
NODE_1649_length_1778_cov_52.804050	1541	1621	57	18	80	0.2250000
NODE_1649_length_1778_cov_52.804050	1541	1621	60	2	80	0.0250000
NODE_1649_length_1778_cov_52.804050	1541	1621	62	7	80	0.0875000
NODE_1649_length_1778_cov_52.804050	1541	1621	72	1	80	0.0125000
NODE_1649_length_1778_cov_52.804050	1541	1621	75	5	80	0.0625000
NODE_1649_length_1778_cov_52.804050	1541	1621	77	3	80	0.0375000
NODE_1649_length_1778_cov_52.804050	1541	1621	78	4	80	0.0500000
NODE_1649_length_1778_cov_52.804050	1541	1621	82	2	80	0.0250000
NODE_1649_length_1778_cov_52.804050	1541	1621	84	6	80	0.0750000
NODE_1649_length_1778_cov_52.804050	1541	1621	89	1	80	0.0125000
NODE_1649_length_1778_cov_52.804050	1541	1621	96	1	80	0.0125000
NODE_1649_length_1778_cov_52.804050	1541	1621	25	2	80	0.0250000
NODE_1649_length_1778_cov_52.804050	1541	1621	26	2	80	0.0250000
NODE_1649_length_1778_cov_52.804050	1541	1621	32	3	80	0.0375000
NODE_1649_length_1778_cov_52.804050	1541	1621	33	8	80	0.1000000
NODE_1649_length_1778_cov_52.804050	1541	1621	35	6	80	0.0750000
NODE_1649_length_1778_cov_52.804050	1541	1621	41	1	80	0.0125000
NODE_1649_length_1778_cov_52.804050	1541	1621	42	2	80	0.0250000
NODE_1649_length_1778_cov_52.804050	1541	1621	44	3	80	0.0375000
NODE_1649_length_1778_cov_52.804050	1541	1621	50	1	80	0.0125000
NODE_1649_length_1778_cov_52.804050	1541	1621	51	2	80	0.0250000
NODE_1649_length_1778_cov_52.804050	1541	1621	57	18	80	0.2250000
NODE_1649_length_1778_cov_52.804050	1541	1621	60	2	80	0.0250000
NODE_1649_length_1778_cov_52.804050	1541	1621	62	7	80	0.0875000
NODE_1649_length_1778_cov_52.804050	1541	1621	72	1	80	0.0125000
NODE_1649_length_1778_cov_52.804050	1541	1621	75	5	80	0.0625000
NODE_1649_length_1778_cov_52.804050	1541	1621	77	3	80	0.0375000
NODE_1649_length_1778_cov_52.804050	1541	1621	78	4	80	0.0500000
NODE_1649_length_1778_cov_52.804050	1541	1621	82	2	80	0.0250000
NODE_1649_length_1778_cov_52.804050	1541	1621	84	6	80	0.0750000
NODE_1649_length_1778_cov_52.804050	1541	1621	89	1	80	0.0125000
NODE_1649_length_1778_cov_52.804050	1541	1621	96	1	80	0.0125000
NODE_1649_length_1778_cov_52.804050	1541	1621	25	2	80	0.0250000
NODE_1649_length_1778_cov_52.804050	1541	1621	26	2	80	0.0250000
NODE_1649_length_1778_cov_52.804050	1541	1621	32	3	80	0.0375000
NODE_1649_length_1778_cov_52.804050	1541	1621	33	8	80	0.1000000
NODE_1649_length_1778_cov_52.804050	1541	1621	35	6	80	0.0750000
NODE_1649_length_1778_cov_52.804050	1541	1621	41	1	80	0.0125000
NODE_1649_length_1778_cov_52.804050	1541	1621	42	2	80	0.0250000
NODE_1649_length_1778_cov_52.804050	1541	1621	44	3	80	0.0375000
NODE_1649_length_1778_cov_52.804050	1541	1621	50	1	80	0.0125000
NODE_1649_length_1778_cov_52.804050	1541	1621	51	2	80	0.0250000
NODE_1649_length_1778_cov_52.804050	1541	1621	57	18	80	0.2250000
NODE_1649_length_1778_cov_52.804050	1541	1621	60	2	80	0.0250000
NODE_1649_length_1778_cov_52.804050	1541	1621	62	7	80	0.0875000
NODE_1649_length_1778_cov_52.804050	1541	1621	72	1	80	0.0125000
NODE_1649_length_1778_cov_52.804050	1541	1621	75	5	80	0.0625000
NODE_1649_length_1778_cov_52.804050	1541	1621	77	3	80	0.0375000
NODE_1649_length_1778_cov_52.804050	1541	1621	78	4	80	0.0500000
NODE_1649_length_1778_cov_52.804050	1541	1621	82	2	80	0.0250000
NODE_1649_length_1778_cov_52.804050	1541	1621	84	6	80	0.0750000
NODE_1649_length_1778_cov_52.804050	1541	1621	89	1	80	0.0125000
NODE_1649_length_1778_cov_52.804050	1541	1621	96	1	80	0.0125000
NODE_1649_length_1778_cov_52.804050	1541	1621	25	2	80	0.0250000
NODE_1649_length_1778_cov_52.804050	1541	1621	26	2	80	0.0250000
NODE_1649_length_1778_cov_52.804050	1541	1621	32	3	80	0.0375000
NODE_1649_length_1778_cov_52.804050	1541	1621	33	8	80	0.1000000
NODE_1649_length_1778_cov_52.804050	1541	1621	35	6	80	0.0750000
NODE_1649_length_1778_cov_52.804050	1541	1621	41	1	80	0.0125000
NODE_1649_length_1778_cov_52.804050	1541	1621	42	2	80	0.0250000
NODE_1649_length_1778_cov_52.804050	1541	1621	44	3	80	0.0375000
NODE_1649_length_1778_cov_52.804050	1541	1621	50	1	80	0.0125000
NODE_1649_length_1778_cov_52.804050	1541	1621	51	2	80	0.0250000
NODE_1649_length_1778_cov_52.804050	1541	1621	57	18	80	0.2250000
NODE_1649_length_1778_cov_52.804050	1541	1621	60	2	80	0.0250000
NODE_1649_length_1778_cov_52.804050	1541	1621	62	7	80	0.0875000
NODE_1649_length_1778_cov_52.804050	1541	1621	72	1	80	0.0125000
NODE_1649_length_1778_cov_52.804050	1541	1621	75	5	80	0.0625000
NODE_1649_length_1778_cov_52.804050	1541	1621	77	3	80	0.0375000
NODE_1649_length_1778_cov_52.804050	1541	1621	78	4	80	0.0500000
NODE_1649_length_1778_cov_52.804050	1541	1621	82	2	80	0.0250000
NODE_1649_length_1778_cov_52.804050	1541	1621	84	6	80	0.0750000
NODE_1649_length_1778_cov_52.804050	1541	1621	89	1	80	0.0125000
NODE_1649_length_1778_cov_52.804050	1541	1621	96	1	80	0.0125000
NODE_1649_length_1778_cov_52.804050	1541	1621	25	2	80	0.0250000
NODE_1649_length_1778_cov_52.804050	1541	1621	26	2	80	0.0250000
NODE_1649_length_1778_cov_52.804050	1541	1621	32	3	80	0.0375000
NODE_1649_length_1778_cov_52.804050	1541	1621	33	8	80	0.1000000
NODE_1649_length_1778_cov_52.804050	1541	1621	35	6	80	0.0750000
NODE_1649_length_1778_cov_52.804050	1541	1621	41	1	80	0.0125000
NODE_1649_length_1778_cov_52.804050	1541	1621	42	2	80	0.0250000
NODE_1649_length_1778_cov_52.804050	1541	1621	44	3	80	0.0375000
NODE_1649_length_1778_cov_52.804050	1541	1621	50	1	80	0.0125000
NODE_1649_length_1778_cov_52.804050	1541	1621	51	2	80	0.0250000
NODE_1649_length_1778_cov_52.804050	1541	1621	57	18	80	0.2250000
NODE_1649_length_1778_cov_52.804050	1541	1621	60	2	80	0.0250000
NODE_1649_length_1778_cov_52.804050	1541	1621	62	7	80	0.0875000
NODE_1649_length_1778_cov_52.804050	1541	1621	72	1	80	0.0125000
NODE_1649_length_1778_cov_52.804050	1541	1621	75	5	80	0.0625000
NODE_1649_length_1778_cov_52.804050	1541	1621	77	3	80	0.0375000
NODE_1649_length_1778_cov_52.804050	1541	1621	78	4	80	0.0500000
NODE_1649_length_1778_cov_52.804050	1541	1621	82	2	80	0.0250000
NODE_1649_length_1778_cov_52.804050	1541	1621	84	6	80	0.0750000
NODE_1649_length_1778_cov_52.804050	1541	1621	89	1	80	0.0125000
NODE_1649_length_1778_cov_52.804050	1541	1621	96	1	80	0.0125000
NODE_1649_length_1778_cov_52.804050	1541	1621	25	2	80	0.0250000
NODE_1649_length_1778_cov_52.804050	1541	1621	26	2	80	0.0250000
NODE_1649_length_1778_cov_52.804050	1541	1621	32	3	80	0.0375000
NODE_1649_length_1778_cov_52.804050	1541	1621	33	8	80	0.1000000
NODE_1649_length_1778_cov_52.804050	1541	1621	35	6	80	0.0750000
NODE_1649_length_1778_cov_52.804050	1541	1621	41	1	80	0.0125000
NODE_1649_length_1778_cov_52.804050	1541	1621	42	2	80	0.0250000
NODE_1649_length_1778_cov_52.804050	1541	1621	44	3	80	0.0375000
NODE_1649_length_1778_cov_52.804050	1541	1621	50	1	80	0.0125000
NODE_1649_length_1778_cov_52.804050	1541	1621	51	2	80	0.0250000
NODE_1649_length_1778_cov_52.804050	1541	1621	57	18	80	0.2250000
NODE_1649_length_1778_cov_52.804050	1541	1621	60	2	80	0.0250000
NODE_1649_length_1778_cov_52.804050	1541	1621	62	7	80	0.0875000
NODE_1649_length_1778_cov_52.804050	1541	1621	72	1	80	0.0125000
NODE_1649_length_1778_cov_52.804050	1541	1621	75	5	80	0.0625000
NODE_1649_length_1778_cov_52.804050	1541	1621	77	3	80	0.0375000
NODE_1649_length_1778_cov_52.804050	1541	1621	78	4	80	0.0500000
NODE_1649_length_1778_cov_52.804050	1541	1621	82	2	80	0.0250000
NODE_1649_length_1778_cov_52.804050	1541	1621	84	6	80	0.0750000
NODE_1649_length_1778_cov_52.804050	1541	1621	89	1	80	0.0125000
NODE_1649_length_1778_cov_52.804050	1541	1621	96	1	80	0.0125000
NODE_1649_length_1778_cov_52.804050	1617	1697	84	2	80	0.0250000
NODE_1649_length_1778_cov_52.804050	1617	1697	89	1	80	0.0125000
NODE_1649_length_1778_cov_52.804050	1617	1697	96	9	80	0.1125000
NODE_1649_length_1778_cov_52.804050	1617	1697	107	1	80	0.0125000
NODE_1649_length_1778_cov_52.804050	1617	1697	117	1	80	0.0125000
NODE_1649_length_1778_cov_52.804050	1617	1697	118	1	80	0.0125000
NODE_1649_length_1778_cov_52.804050	1617	1697	126	1	80	0.0125000
NODE_1649_length_1778_cov_52.804050	1617	1697	145	1	80	0.0125000
NODE_1649_length_1778_cov_52.804050	1617	1697	149	1	80	0.0125000
NODE_1649_length_1778_cov_52.804050	1617	1697	152	3	80	0.0375000
NODE_1649_length_1778_cov_52.804050	1617	1697	156	1	80	0.0125000
NODE_1649_length_1778_cov_52.804050	1617	1697	160	4	80	0.0500000
NODE_1649_length_1778_cov_52.804050	1617	1697	161	1	80	0.0125000
NODE_1649_length_1778_cov_52.804050	1617	1697	162	1	80	0.0125000
NODE_1649_length_1778_cov_52.804050	1617	1697	166	2	80	0.0250000
NODE_1649_length_1778_cov_52.804050	1617	1697	167	6	80	0.0750000
NODE_1649_length_1778_cov_52.804050	1617	1697	168	1	80	0.0125000
NODE_1649_length_1778_cov_52.804050	1617	1697	169	5	80	0.0625000
NODE_1649_length_1778_cov_52.804050	1617	1697	172	1	80	0.0125000
NODE_1649_length_1778_cov_52.804050	1617	1697	179	2	80	0.0250000
NODE_1649_length_1778_cov_52.804050	1617	1697	180	2	80	0.0250000
NODE_1649_length_1778_cov_52.804050	1617	1697	182	1	80	0.0125000
NODE_1649_length_1778_cov_52.804050	1617	1697	188	2	80	0.0250000
NODE_1649_length_1778_cov_52.804050	1617	1697	194	7	80	0.0875000
NODE_1649_length_1778_cov_52.804050	1617	1697	195	1	80	0.0125000
NODE_1649_length_1778_cov_52.804050	1617	1697	196	4	80	0.0500000
NODE_1649_length_1778_cov_52.804050	1617	1697	197	1	80	0.0125000
NODE_1649_length_1778_cov_52.804050	1617	1697	199	2	80	0.0250000
NODE_1649_length_1778_cov_52.804050	1617	1697	201	2	80	0.0250000
NODE_1649_length_1778_cov_52.804050	1617	1697	202	3	80	0.0375000
NODE_1649_length_1778_cov_52.804050	1617	1697	203	4	80	0.0500000
NODE_1649_length_1778_cov_52.804050	1617	1697	204	5	80	0.0625000
NODE_1649_length_1778_cov_52.804050	1617	1697	205	1	80	0.0125000
NODE_1649_length_1778_cov_52.804050	1617	1697	84	2	80	0.0250000
NODE_1649_length_1778_cov_52.804050	1617	1697	89	1	80	0.0125000
NODE_1649_length_1778_cov_52.804050	1617	1697	96	9	80	0.1125000
NODE_1649_length_1778_cov_52.804050	1617	1697	107	1	80	0.0125000
NODE_1649_length_1778_cov_52.804050	1617	1697	117	1	80	0.0125000
NODE_1649_length_1778_cov_52.804050	1617	1697	118	1	80	0.0125000
NODE_1649_length_1778_cov_52.804050	1617	1697	126	1	80	0.0125000
NODE_1649_length_1778_cov_52.804050	1617	1697	145	1	80	0.0125000
NODE_1649_length_1778_cov_52.804050	1617	1697	149	1	80	0.0125000
NODE_1649_length_1778_cov_52.804050	1617	1697	152	3	80	0.0375000
NODE_1649_length_1778_cov_52.804050	1617	1697	156	1	80	0.0125000
NODE_1649_length_1778_cov_52.804050	1617	1697	160	4	80	0.0500000
NODE_1649_length_1778_cov_52.804050	1617	1697	161	1	80	0.0125000
NODE_1649_length_1778_cov_52.804050	1617	1697	162	1	80	0.0125000
NODE_1649_length_1778_cov_52.804050	1617	1697	166	2	80	0.0250000
NODE_1649_length_1778_cov_52.804050	1617	1697	167	6	80	0.0750000
NODE_1649_length_1778_cov_52.804050	1617	1697	168	1	80	0.0125000
NODE_1649_length_1778_cov_52.804050	1617	1697	169	5	80	0.0625000
NODE_1649_length_1778_cov_52.804050	1617	1697	172	1	80	0.0125000
NODE_1649_length_1778_cov_52.804050	1617	1697	179	2	80	0.0250000
NODE_1649_length_1778_cov_52.804050	1617	1697	180	2	80	0.0250000
NODE_1649_length_1778_cov_52.804050	1617	1697	182	1	80	0.0125000
NODE_1649_length_1778_cov_52.804050	1617	1697	188	2	80	0.0250000
NODE_1649_length_1778_cov_52.804050	1617	1697	194	7	80	0.0875000
NODE_1649_length_1778_cov_52.804050	1617	1697	195	1	80	0.0125000
NODE_1649_length_1778_cov_52.804050	1617	1697	196	4	80	0.0500000
NODE_1649_length_1778_cov_52.804050	1617	1697	197	1	80	0.0125000
NODE_1649_length_1778_cov_52.804050	1617	1697	199	2	80	0.0250000
NODE_1649_length_1778_cov_52.804050	1617	1697	201	2	80	0.0250000
NODE_1649_length_1778_cov_52.804050	1617	1697	202	3	80	0.0375000
NODE_1649_length_1778_cov_52.804050	1617	1697	203	4	80	0.0500000
NODE_1649_length_1778_cov_52.804050	1617	1697	204	5	80	0.0625000
NODE_1649_length_1778_cov_52.804050	1617	1697	205	1	80	0.0125000
NODE_1649_length_1778_cov_52.804050	1617	1697	84	2	80	0.0250000
NODE_1649_length_1778_cov_52.804050	1617	1697	89	1	80	0.0125000
NODE_1649_length_1778_cov_52.804050	1617	1697	96	9	80	0.1125000
NODE_1649_length_1778_cov_52.804050	1617	1697	107	1	80	0.0125000
NODE_1649_length_1778_cov_52.804050	1617	1697	117	1	80	0.0125000
NODE_1649_length_1778_cov_52.804050	1617	1697	118	1	80	0.0125000
NODE_1649_length_1778_cov_52.804050	1617	1697	126	1	80	0.0125000
NODE_1649_length_1778_cov_52.804050	1617	1697	145	1	80	0.0125000
NODE_1649_length_1778_cov_52.804050	1617	1697	149	1	80	0.0125000
NODE_1649_length_1778_cov_52.804050	1617	1697	152	3	80	0.0375000
NODE_1649_length_1778_cov_52.804050	1617	1697	156	1	80	0.0125000
NODE_1649_length_1778_cov_52.804050	1617	1697	160	4	80	0.0500000
NODE_1649_length_1778_cov_52.804050	1617	1697	161	1	80	0.0125000
NODE_1649_length_1778_cov_52.804050	1617	1697	162	1	80	0.0125000
NODE_1649_length_1778_cov_52.804050	1617	1697	166	2	80	0.0250000
NODE_1649_length_1778_cov_52.804050	1617	1697	167	6	80	0.0750000
NODE_1649_length_1778_cov_52.804050	1617	1697	168	1	80	0.0125000
NODE_1649_length_1778_cov_52.804050	1617	1697	169	5	80	0.0625000
NODE_1649_length_1778_cov_52.804050	1617	1697	172	1	80	0.0125000
NODE_1649_length_1778_cov_52.804050	1617	1697	179	2	80	0.0250000
NODE_1649_length_1778_cov_52.804050	1617	1697	180	2	80	0.0250000
NODE_1649_length_1778_cov_52.804050	1617	1697	182	1	80	0.0125000
NODE_1649_length_1778_cov_52.804050	1617	1697	188	2	80	0.0250000
NODE_1649_length_1778_cov_52.804050	1617	1697	194	7	80	0.0875000
NODE_1649_length_1778_cov_52.804050	1617	1697	195	1	80	0.0125000
NODE_1649_length_1778_cov_52.804050	1617	1697	196	4	80	0.0500000
NODE_1649_length_1778_cov_52.804050	1617	1697	197	1	80	0.0125000
NODE_1649_length_1778_cov_52.804050	1617	1697	199	2	80	0.0250000
NODE_1649_length_1778_cov_52.804050	1617	1697	201	2	80	0.0250000
NODE_1649_length_1778_cov_52.804050	1617	1697	202	3	80	0.0375000
NODE_1649_length_1778_cov_52.804050	1617	1697	203	4	80	0.0500000
NODE_1649_length_1778_cov_52.804050	1617	1697	204	5	80	0.0625000
NODE_1649_length_1778_cov_52.804050	1617	1697	205	1	80	0.0125000
NODE_1649_length_1778_cov_52.804050	1617	1697	84	2	80	0.0250000
NODE_1649_length_1778_cov_52.804050	1617	1697	89	1	80	0.0125000
NODE_1649_length_1778_cov_52.804050	1617	1697	96	9	80	0.1125000
NODE_1649_length_1778_cov_52.804050	1617	1697	107	1	80	0.0125000
NODE_1649_length_1778_cov_52.804050	1617	1697	117	1	80	0.0125000
NODE_1649_length_1778_cov_52.804050	1617	1697	118	1	80	0.0125000
NODE_1649_length_1778_cov_52.804050	1617	1697	126	1	80	0.0125000
NODE_1649_length_1778_cov_52.804050	1617	1697	145	1	80	0.0125000
NODE_1649_length_1778_cov_52.804050	1617	1697	149	1	80	0.0125000
NODE_1649_length_1778_cov_52.804050	1617	1697	152	3	80	0.0375000
NODE_1649_length_1778_cov_52.804050	1617	1697	156	1	80	0.0125000
NODE_1649_length_1778_cov_52.804050	1617	1697	160	4	80	0.0500000
NODE_1649_length_1778_cov_52.804050	1617	1697	161	1	80	0.0125000
NODE_1649_length_1778_cov_52.804050	1617	1697	162	1	80	0.0125000
NODE_1649_length_1778_cov_52.804050	1617	1697	166	2	80	0.0250000
NODE_1649_length_1778_cov_52.804050	1617	1697	167	6	80	0.0750000
NODE_1649_length_1778_cov_52.804050	1617	1697	168	1	80	0.0125000
NODE_1649_length_1778_cov_52.804050	1617	1697	169	5	80	0.0625000
NODE_1649_length_1778_cov_52.804050	1617	1697	172	1	80	0.0125000
NODE_1649_length_1778_cov_52.804050	1617	1697	179	2	80	0.0250000
NODE_1649_length_1778_cov_52.804050	1617	1697	180	2	80	0.0250000
NODE_1649_length_1778_cov_52.804050	1617	1697	182	1	80	0.0125000
NODE_1649_length_1778_cov_52.804050	1617	1697	188	2	80	0.0250000
NODE_1649_length_1778_cov_52.804050	1617	1697	194	7	80	0.0875000
NODE_1649_length_1778_cov_52.804050	1617	1697	195	1	80	0.0125000
NODE_1649_length_1778_cov_52.804050	1617	1697	196	4	80	0.0500000
NODE_1649_length_1778_cov_52.804050	1617	1697	197	1	80	0.0125000
NODE_1649_length_1778_cov_52.804050	1617	1697	199	2	80	0.0250000
NODE_1649_length_1778_cov_52.804050	1617	1697	201	2	80	0.0250000
NODE_1649_length_1778_cov_52.804050	1617	1697	202	3	80	0.0375000
NODE_1649_length_1778_cov_52.804050	1617	1697	203	4	80	0.0500000
NODE_1649_length_1778_cov_52.804050	1617	1697	204	5	80	0.0625000
NODE_1649_length_1778_cov_52.804050	1617	1697	205	1	80	0.0125000
NODE_1649_length_1778_cov_52.804050	1670	1750	81	2	80	0.0250000
NODE_1649_length_1778_cov_52.804050	1670	1750	98	1	80	0.0125000
NODE_1649_length_1778_cov_52.804050	1670	1750	101	1	80	0.0125000
NODE_1649_length_1778_cov_52.804050	1670	1750	105	1	80	0.0125000
NODE_1649_length_1778_cov_52.804050	1670	1750	109	2	80	0.0250000
NODE_1649_length_1778_cov_52.804050	1670	1750	113	1	80	0.0125000
NODE_1649_length_1778_cov_52.804050	1670	1750	115	2	80	0.0250000
NODE_1649_length_1778_cov_52.804050	1670	1750	131	1	80	0.0125000
NODE_1649_length_1778_cov_52.804050	1670	1750	136	3	80	0.0375000
NODE_1649_length_1778_cov_52.804050	1670	1750	140	5	80	0.0625000
NODE_1649_length_1778_cov_52.804050	1670	1750	142	1	80	0.0125000
NODE_1649_length_1778_cov_52.804050	1670	1750	144	11	80	0.1375000
NODE_1649_length_1778_cov_52.804050	1670	1750	145	1	80	0.0125000
NODE_1649_length_1778_cov_52.804050	1670	1750	152	6	80	0.0750000
NODE_1649_length_1778_cov_52.804050	1670	1750	153	5	80	0.0625000
NODE_1649_length_1778_cov_52.804050	1670	1750	155	3	80	0.0375000
NODE_1649_length_1778_cov_52.804050	1670	1750	159	6	80	0.0750000
NODE_1649_length_1778_cov_52.804050	1670	1750	160	5	80	0.0625000
NODE_1649_length_1778_cov_52.804050	1670	1750	161	1	80	0.0125000
NODE_1649_length_1778_cov_52.804050	1670	1750	167	6	80	0.0750000
NODE_1649_length_1778_cov_52.804050	1670	1750	169	5	80	0.0625000
NODE_1649_length_1778_cov_52.804050	1670	1750	172	1	80	0.0125000
NODE_1649_length_1778_cov_52.804050	1670	1750	179	2	80	0.0250000
NODE_1649_length_1778_cov_52.804050	1670	1750	182	1	80	0.0125000
NODE_1649_length_1778_cov_52.804050	1670	1750	194	6	80	0.0750000
NODE_1649_length_1778_cov_52.804050	1670	1750	196	1	80	0.0125000
NODE_1649_length_1778_cov_52.804050	1670	1750	81	2	80	0.0250000
NODE_1649_length_1778_cov_52.804050	1670	1750	98	1	80	0.0125000
NODE_1649_length_1778_cov_52.804050	1670	1750	101	1	80	0.0125000
NODE_1649_length_1778_cov_52.804050	1670	1750	105	1	80	0.0125000
NODE_1649_length_1778_cov_52.804050	1670	1750	109	2	80	0.0250000
NODE_1649_length_1778_cov_52.804050	1670	1750	113	1	80	0.0125000
NODE_1649_length_1778_cov_52.804050	1670	1750	115	2	80	0.0250000
NODE_1649_length_1778_cov_52.804050	1670	1750	131	1	80	0.0125000
NODE_1649_length_1778_cov_52.804050	1670	1750	136	3	80	0.0375000
NODE_1649_length_1778_cov_52.804050	1670	1750	140	5	80	0.0625000
NODE_1649_length_1778_cov_52.804050	1670	1750	142	1	80	0.0125000
NODE_1649_length_1778_cov_52.804050	1670	1750	144	11	80	0.1375000
NODE_1649_length_1778_cov_52.804050	1670	1750	145	1	80	0.0125000
NODE_1649_length_1778_cov_52.804050	1670	1750	152	6	80	0.0750000
NODE_1649_length_1778_cov_52.804050	1670	1750	153	5	80	0.0625000
NODE_1649_length_1778_cov_52.804050	1670	1750	155	3	80	0.0375000
NODE_1649_length_1778_cov_52.804050	1670	1750	159	6	80	0.0750000
NODE_1649_length_1778_cov_52.804050	1670	1750	160	5	80	0.0625000
NODE_1649_length_1778_cov_52.804050	1670	1750	161	1	80	0.0125000
NODE_1649_length_1778_cov_52.804050	1670	1750	167	6	80	0.0750000
NODE_1649_length_1778_cov_52.804050	1670	1750	169	5	80	0.0625000
NODE_1649_length_1778_cov_52.804050	1670	1750	172	1	80	0.0125000
NODE_1649_length_1778_cov_52.804050	1670	1750	179	2	80	0.0250000
NODE_1649_length_1778_cov_52.804050	1670	1750	182	1	80	0.0125000
NODE_1649_length_1778_cov_52.804050	1670	1750	194	6	80	0.0750000
NODE_1649_length_1778_cov_52.804050	1670	1750	196	1	80	0.0125000
NODE_1649_length_1778_cov_52.804050	1670	1750	81	2	80	0.0250000
NODE_1649_length_1778_cov_52.804050	1670	1750	98	1	80	0.0125000
NODE_1649_length_1778_cov_52.804050	1670	1750	101	1	80	0.0125000
NODE_1649_length_1778_cov_52.804050	1670	1750	105	1	80	0.0125000
NODE_1649_length_1778_cov_52.804050	1670	1750	109	2	80	0.0250000
NODE_1649_length_1778_cov_52.804050	1670	1750	113	1	80	0.0125000
NODE_1649_length_1778_cov_52.804050	1670	1750	115	2	80	0.0250000
NODE_1649_length_1778_cov_52.804050	1670	1750	131	1	80	0.0125000
NODE_1649_length_1778_cov_52.804050	1670	1750	136	3	80	0.0375000
NODE_1649_length_1778_cov_52.804050	1670	1750	140	5	80	0.0625000
NODE_1649_length_1778_cov_52.804050	1670	1750	142	1	80	0.0125000
NODE_1649_length_1778_cov_52.804050	1670	1750	144	11	80	0.1375000
NODE_1649_length_1778_cov_52.804050	1670	1750	145	1	80	0.0125000
NODE_1649_length_1778_cov_52.804050	1670	1750	152	6	80	0.0750000
NODE_1649_length_1778_cov_52.804050	1670	1750	153	5	80	0.0625000
NODE_1649_length_1778_cov_52.804050	1670	1750	155	3	80	0.0375000
NODE_1649_length_1778_cov_52.804050	1670	1750	159	6	80	0.0750000
NODE_1649_length_1778_cov_52.804050	1670	1750	160	5	80	0.0625000
NODE_1649_length_1778_cov_52.804050	1670	1750	161	1	80	0.0125000
NODE_1649_length_1778_cov_52.804050	1670	1750	167	6	80	0.0750000
NODE_1649_length_1778_cov_52.804050	1670	1750	169	5	80	0.0625000
NODE_1649_length_1778_cov_52.804050	1670	1750	172	1	80	0.0125000
NODE_1649_length_1778_cov_52.804050	1670	1750	179	2	80	0.0250000
NODE_1649_length_1778_cov_52.804050	1670	1750	182	1	80	0.0125000
NODE_1649_length_1778_cov_52.804050	1670	1750	194	6	80	0.0750000
NODE_1649_length_1778_cov_52.804050	1670	1750	196	1	80	0.0125000
NODE_1649_length_1778_cov_52.804050	1670	1741	115	1	71	0.0140845
NODE_1649_length_1778_cov_52.804050	1670	1741	131	1	71	0.0140845
NODE_1649_length_1778_cov_52.804050	1670	1741	136	3	71	0.0422535
NODE_1649_length_1778_cov_52.804050	1670	1741	140	5	71	0.0704225
NODE_1649_length_1778_cov_52.804050	1670	1741	142	1	71	0.0140845
NODE_1649_length_1778_cov_52.804050	1670	1741	144	11	71	0.1549296
NODE_1649_length_1778_cov_52.804050	1670	1741	145	1	71	0.0140845
NODE_1649_length_1778_cov_52.804050	1670	1741	152	6	71	0.0845070
NODE_1649_length_1778_cov_52.804050	1670	1741	153	5	71	0.0704225
NODE_1649_length_1778_cov_52.804050	1670	1741	155	3	71	0.0422535
NODE_1649_length_1778_cov_52.804050	1670	1741	159	6	71	0.0845070
NODE_1649_length_1778_cov_52.804050	1670	1741	160	5	71	0.0704225
NODE_1649_length_1778_cov_52.804050	1670	1741	161	1	71	0.0140845
NODE_1649_length_1778_cov_52.804050	1670	1741	167	6	71	0.0845070
NODE_1649_length_1778_cov_52.804050	1670	1741	169	5	71	0.0704225
NODE_1649_length_1778_cov_52.804050	1670	1741	172	1	71	0.0140845
NODE_1649_length_1778_cov_52.804050	1670	1741	179	2	71	0.0281690
NODE_1649_length_1778_cov_52.804050	1670	1741	182	1	71	0.0140845
NODE_1649_length_1778_cov_52.804050	1670	1741	194	6	71	0.0845070
NODE_1649_length_1778_cov_52.804050	1670	1741	196	1	71	0.0140845
NODE_1649_length_1778_cov_52.804050	1673	1743	113	1	70	0.0142857
NODE_1649_length_1778_cov_52.804050	1673	1743	115	2	70	0.0285714
NODE_1649_length_1778_cov_52.804050	1673	1743	131	1	70	0.0142857
NODE_1649_length_1778_cov_52.804050	1673	1743	136	3	70	0.0428571
NODE_1649_length_1778_cov_52.804050	1673	1743	140	5	70	0.0714286
NODE_1649_length_1778_cov_52.804050	1673	1743	142	1	70	0.0142857
NODE_1649_length_1778_cov_52.804050	1673	1743	144	11	70	0.1571429
NODE_1649_length_1778_cov_52.804050	1673	1743	145	1	70	0.0142857
NODE_1649_length_1778_cov_52.804050	1673	1743	152	6	70	0.0857143
NODE_1649_length_1778_cov_52.804050	1673	1743	153	5	70	0.0714286
NODE_1649_length_1778_cov_52.804050	1673	1743	155	3	70	0.0428571
NODE_1649_length_1778_cov_52.804050	1673	1743	159	6	70	0.0857143
NODE_1649_length_1778_cov_52.804050	1673	1743	160	5	70	0.0714286
NODE_1649_length_1778_cov_52.804050	1673	1743	161	1	70	0.0142857
NODE_1649_length_1778_cov_52.804050	1673	1743	167	6	70	0.0857143
NODE_1649_length_1778_cov_52.804050	1673	1743	169	5	70	0.0714286
NODE_1649_length_1778_cov_52.804050	1673	1743	172	1	70	0.0142857
NODE_1649_length_1778_cov_52.804050	1673	1743	179	2	70	0.0285714
NODE_1649_length_1778_cov_52.804050	1673	1743	182	1	70	0.0142857
NODE_1649_length_1778_cov_52.804050	1673	1743	194	4	70	0.0571429
NODE_1649_length_1778_cov_52.804050	1679	1750	81	2	71	0.0281690
NODE_1649_length_1778_cov_52.804050	1679	1750	98	1	71	0.0140845
NODE_1649_length_1778_cov_52.804050	1679	1750	101	1	71	0.0140845
NODE_1649_length_1778_cov_52.804050	1679	1750	105	1	71	0.0140845
NODE_1649_length_1778_cov_52.804050	1679	1750	109	2	71	0.0281690
NODE_1649_length_1778_cov_52.804050	1679	1750	113	1	71	0.0140845
NODE_1649_length_1778_cov_52.804050	1679	1750	115	2	71	0.0281690
NODE_1649_length_1778_cov_52.804050	1679	1750	131	1	71	0.0140845
NODE_1649_length_1778_cov_52.804050	1679	1750	136	3	71	0.0422535
NODE_1649_length_1778_cov_52.804050	1679	1750	140	5	71	0.0704225
NODE_1649_length_1778_cov_52.804050	1679	1750	142	1	71	0.0140845
NODE_1649_length_1778_cov_52.804050	1679	1750	144	11	71	0.1549296
NODE_1649_length_1778_cov_52.804050	1679	1750	145	1	71	0.0140845
NODE_1649_length_1778_cov_52.804050	1679	1750	152	6	71	0.0845070
NODE_1649_length_1778_cov_52.804050	1679	1750	153	5	71	0.0704225
NODE_1649_length_1778_cov_52.804050	1679	1750	155	3	71	0.0422535
NODE_1649_length_1778_cov_52.804050	1679	1750	159	6	71	0.0845070
NODE_1649_length_1778_cov_52.804050	1679	1750	160	5	71	0.0704225
NODE_1649_length_1778_cov_52.804050	1679	1750	161	1	71	0.0140845
NODE_1649_length_1778_cov_52.804050	1679	1750	167	6	71	0.0845070
NODE_1649_length_1778_cov_52.804050	1679	1750	169	5	71	0.0704225
NODE_1649_length_1778_cov_52.804050	1679	1750	172	1	71	0.0140845
NODE_1649_length_1778_cov_52.804050	1679	1750	179	1	71	0.0140845
NODE_1651_length_1776_cov_43.081694	1246	1308	0	33	62	0.5322581
NODE_1651_length_1776_cov_43.081694	1246	1308	2	26	62	0.4193548
NODE_1651_length_1776_cov_43.081694	1246	1308	9	3	62	0.0483871
NODE_1651_length_1776_cov_43.081694	1281	1361	0	1	80	0.0125000
NODE_1651_length_1776_cov_43.081694	1281	1361	2	36	80	0.4500000
NODE_1651_length_1776_cov_43.081694	1281	1361	4	43	80	0.5375000
NODE_1652_length_1776_cov_9.256410	1120	1200	0	80	80	1.0000000
NODE_1652_length_1776_cov_9.256410	1173	1253	0	36	80	0.4500000
NODE_1652_length_1776_cov_9.256410	1173	1253	4	36	80	0.4500000
NODE_1652_length_1776_cov_9.256410	1173	1253	8	8	80	0.1000000
NODE_1652_length_1776_cov_9.256410	1249	1329	6	12	80	0.1500000
NODE_1652_length_1776_cov_9.256410	1249	1329	8	26	80	0.3250000
NODE_1652_length_1776_cov_9.256410	1249	1329	10	42	80	0.5250000
NODE_1652_length_1776_cov_9.256410	1302	1382	2	15	80	0.1875000
NODE_1652_length_1776_cov_9.256410	1302	1382	6	50	80	0.6250000
NODE_1652_length_1776_cov_9.256410	1302	1382	10	15	80	0.1875000
NODE_1657_length_1775_cov_54.208234	1103	1167	461	1	64	0.0156250
NODE_1657_length_1775_cov_54.208234	1103	1167	467	1	64	0.0156250
NODE_1657_length_1775_cov_54.208234	1103	1167	469	2	64	0.0312500
NODE_1657_length_1775_cov_54.208234	1103	1167	471	1	64	0.0156250
NODE_1657_length_1775_cov_54.208234	1103	1167	473	1	64	0.0156250
NODE_1657_length_1775_cov_54.208234	1103	1167	474	2	64	0.0312500
NODE_1657_length_1775_cov_54.208234	1103	1167	476	1	64	0.0156250
NODE_1657_length_1775_cov_54.208234	1103	1167	477	1	64	0.0156250
NODE_1657_length_1775_cov_54.208234	1103	1167	478	1	64	0.0156250
NODE_1657_length_1775_cov_54.208234	1103	1167	479	1	64	0.0156250
NODE_1657_length_1775_cov_54.208234	1103	1167	480	1	64	0.0156250
NODE_1657_length_1775_cov_54.208234	1103	1167	482	3	64	0.0468750
NODE_1657_length_1775_cov_54.208234	1103	1167	485	2	64	0.0312500
NODE_1657_length_1775_cov_54.208234	1103	1167	486	1	64	0.0156250
NODE_1657_length_1775_cov_54.208234	1103	1167	491	1	64	0.0156250
NODE_1657_length_1775_cov_54.208234	1103	1167	493	2	64	0.0312500
NODE_1657_length_1775_cov_54.208234	1103	1167	496	2	64	0.0312500
NODE_1657_length_1775_cov_54.208234	1103	1167	502	1	64	0.0156250
NODE_1657_length_1775_cov_54.208234	1103	1167	503	1	64	0.0156250
NODE_1657_length_1775_cov_54.208234	1103	1167	513	1	64	0.0156250
NODE_1657_length_1775_cov_54.208234	1103	1167	520	2	64	0.0312500
NODE_1657_length_1775_cov_54.208234	1103	1167	521	1	64	0.0156250
NODE_1657_length_1775_cov_54.208234	1103	1167	546	5	64	0.0781250
NODE_1657_length_1775_cov_54.208234	1103	1167	547	1	64	0.0156250
NODE_1657_length_1775_cov_54.208234	1103	1167	548	1	64	0.0156250
NODE_1657_length_1775_cov_54.208234	1103	1167	549	1	64	0.0156250
NODE_1657_length_1775_cov_54.208234	1103	1167	554	2	64	0.0312500
NODE_1657_length_1775_cov_54.208234	1103	1167	561	1	64	0.0156250
NODE_1657_length_1775_cov_54.208234	1103	1167	565	1	64	0.0156250
NODE_1657_length_1775_cov_54.208234	1103	1167	567	2	64	0.0312500
NODE_1657_length_1775_cov_54.208234	1103	1167	575	1	64	0.0156250
NODE_1657_length_1775_cov_54.208234	1103	1167	579	1	64	0.0156250
NODE_1657_length_1775_cov_54.208234	1103	1167	581	1	64	0.0156250
NODE_1657_length_1775_cov_54.208234	1103	1167	585	1	64	0.0156250
NODE_1657_length_1775_cov_54.208234	1103	1167	586	1	64	0.0156250
NODE_1657_length_1775_cov_54.208234	1103	1167	587	2	64	0.0312500
NODE_1657_length_1775_cov_54.208234	1103	1167	589	1	64	0.0156250
NODE_1657_length_1775_cov_54.208234	1103	1167	604	1	64	0.0156250
NODE_1657_length_1775_cov_54.208234	1103	1167	607	2	64	0.0312500
NODE_1657_length_1775_cov_54.208234	1103	1167	612	3	64	0.0468750
NODE_1657_length_1775_cov_54.208234	1103	1167	613	2	64	0.0312500
NODE_1657_length_1775_cov_54.208234	1103	1167	614	3	64	0.0468750
NODE_1657_length_1775_cov_54.208234	1103	1167	618	1	64	0.0156250
NODE_1657_length_1775_cov_54.208234	1103	1167	461	1	64	0.0156250
NODE_1657_length_1775_cov_54.208234	1103	1167	467	1	64	0.0156250
NODE_1657_length_1775_cov_54.208234	1103	1167	469	2	64	0.0312500
NODE_1657_length_1775_cov_54.208234	1103	1167	471	1	64	0.0156250
NODE_1657_length_1775_cov_54.208234	1103	1167	473	1	64	0.0156250
NODE_1657_length_1775_cov_54.208234	1103	1167	474	2	64	0.0312500
NODE_1657_length_1775_cov_54.208234	1103	1167	476	1	64	0.0156250
NODE_1657_length_1775_cov_54.208234	1103	1167	477	1	64	0.0156250
NODE_1657_length_1775_cov_54.208234	1103	1167	478	1	64	0.0156250
NODE_1657_length_1775_cov_54.208234	1103	1167	479	1	64	0.0156250
NODE_1657_length_1775_cov_54.208234	1103	1167	480	1	64	0.0156250
NODE_1657_length_1775_cov_54.208234	1103	1167	482	3	64	0.0468750
NODE_1657_length_1775_cov_54.208234	1103	1167	485	2	64	0.0312500
NODE_1657_length_1775_cov_54.208234	1103	1167	486	1	64	0.0156250
NODE_1657_length_1775_cov_54.208234	1103	1167	491	1	64	0.0156250
NODE_1657_length_1775_cov_54.208234	1103	1167	493	2	64	0.0312500
NODE_1657_length_1775_cov_54.208234	1103	1167	496	2	64	0.0312500
NODE_1657_length_1775_cov_54.208234	1103	1167	502	1	64	0.0156250
NODE_1657_length_1775_cov_54.208234	1103	1167	503	1	64	0.0156250
NODE_1657_length_1775_cov_54.208234	1103	1167	513	1	64	0.0156250
NODE_1657_length_1775_cov_54.208234	1103	1167	520	2	64	0.0312500
NODE_1657_length_1775_cov_54.208234	1103	1167	521	1	64	0.0156250
NODE_1657_length_1775_cov_54.208234	1103	1167	546	5	64	0.0781250
NODE_1657_length_1775_cov_54.208234	1103	1167	547	1	64	0.0156250
NODE_1657_length_1775_cov_54.208234	1103	1167	548	1	64	0.0156250
NODE_1657_length_1775_cov_54.208234	1103	1167	549	1	64	0.0156250
NODE_1657_length_1775_cov_54.208234	1103	1167	554	2	64	0.0312500
NODE_1657_length_1775_cov_54.208234	1103	1167	561	1	64	0.0156250
NODE_1657_length_1775_cov_54.208234	1103	1167	565	1	64	0.0156250
NODE_1657_length_1775_cov_54.208234	1103	1167	567	2	64	0.0312500
NODE_1657_length_1775_cov_54.208234	1103	1167	575	1	64	0.0156250
NODE_1657_length_1775_cov_54.208234	1103	1167	579	1	64	0.0156250
NODE_1657_length_1775_cov_54.208234	1103	1167	581	1	64	0.0156250
NODE_1657_length_1775_cov_54.208234	1103	1167	585	1	64	0.0156250
NODE_1657_length_1775_cov_54.208234	1103	1167	586	1	64	0.0156250
NODE_1657_length_1775_cov_54.208234	1103	1167	587	2	64	0.0312500
NODE_1657_length_1775_cov_54.208234	1103	1167	589	1	64	0.0156250
NODE_1657_length_1775_cov_54.208234	1103	1167	604	1	64	0.0156250
NODE_1657_length_1775_cov_54.208234	1103	1167	607	2	64	0.0312500
NODE_1657_length_1775_cov_54.208234	1103	1167	612	3	64	0.0468750
NODE_1657_length_1775_cov_54.208234	1103	1167	613	2	64	0.0312500
NODE_1657_length_1775_cov_54.208234	1103	1167	614	3	64	0.0468750
NODE_1657_length_1775_cov_54.208234	1103	1167	618	1	64	0.0156250
NODE_1657_length_1775_cov_54.208234	1140	1200	385	1	60	0.0166667
NODE_1657_length_1775_cov_54.208234	1140	1200	394	1	60	0.0166667
NODE_1657_length_1775_cov_54.208234	1140	1200	395	1	60	0.0166667
NODE_1657_length_1775_cov_54.208234	1140	1200	398	1	60	0.0166667
NODE_1657_length_1775_cov_54.208234	1140	1200	402	3	60	0.0500000
NODE_1657_length_1775_cov_54.208234	1140	1200	403	1	60	0.0166667
NODE_1657_length_1775_cov_54.208234	1140	1200	404	2	60	0.0333333
NODE_1657_length_1775_cov_54.208234	1140	1200	407	2	60	0.0333333
NODE_1657_length_1775_cov_54.208234	1140	1200	412	1	60	0.0166667
NODE_1657_length_1775_cov_54.208234	1140	1200	413	1	60	0.0166667
NODE_1657_length_1775_cov_54.208234	1140	1200	414	1	60	0.0166667
NODE_1657_length_1775_cov_54.208234	1140	1200	417	1	60	0.0166667
NODE_1657_length_1775_cov_54.208234	1140	1200	418	1	60	0.0166667
NODE_1657_length_1775_cov_54.208234	1140	1200	419	1	60	0.0166667
NODE_1657_length_1775_cov_54.208234	1140	1200	422	1	60	0.0166667
NODE_1657_length_1775_cov_54.208234	1140	1200	424	3	60	0.0500000
NODE_1657_length_1775_cov_54.208234	1140	1200	425	1	60	0.0166667
NODE_1657_length_1775_cov_54.208234	1140	1200	427	1	60	0.0166667
NODE_1657_length_1775_cov_54.208234	1140	1200	433	1	60	0.0166667
NODE_1657_length_1775_cov_54.208234	1140	1200	434	1	60	0.0166667
NODE_1657_length_1775_cov_54.208234	1140	1200	444	1	60	0.0166667
NODE_1657_length_1775_cov_54.208234	1140	1200	451	1	60	0.0166667
NODE_1657_length_1775_cov_54.208234	1140	1200	454	1	60	0.0166667
NODE_1657_length_1775_cov_54.208234	1140	1200	457	1	60	0.0166667
NODE_1657_length_1775_cov_54.208234	1140	1200	462	1	60	0.0166667
NODE_1657_length_1775_cov_54.208234	1140	1200	465	1	60	0.0166667
NODE_1657_length_1775_cov_54.208234	1140	1200	467	1	60	0.0166667
NODE_1657_length_1775_cov_54.208234	1140	1200	469	2	60	0.0333333
NODE_1657_length_1775_cov_54.208234	1140	1200	474	2	60	0.0333333
NODE_1657_length_1775_cov_54.208234	1140	1200	486	1	60	0.0166667
NODE_1657_length_1775_cov_54.208234	1140	1200	493	1	60	0.0166667
NODE_1657_length_1775_cov_54.208234	1140	1200	513	1	60	0.0166667
NODE_1657_length_1775_cov_54.208234	1140	1200	520	2	60	0.0333333
NODE_1657_length_1775_cov_54.208234	1140	1200	521	1	60	0.0166667
NODE_1657_length_1775_cov_54.208234	1140	1200	546	2	60	0.0333333
NODE_1657_length_1775_cov_54.208234	1140	1200	561	1	60	0.0166667
NODE_1657_length_1775_cov_54.208234	1140	1200	565	1	60	0.0166667
NODE_1657_length_1775_cov_54.208234	1140	1200	575	1	60	0.0166667
NODE_1657_length_1775_cov_54.208234	1140	1200	581	1	60	0.0166667
NODE_1657_length_1775_cov_54.208234	1140	1200	586	1	60	0.0166667
NODE_1657_length_1775_cov_54.208234	1140	1200	587	2	60	0.0333333
NODE_1657_length_1775_cov_54.208234	1140	1200	604	1	60	0.0166667
NODE_1657_length_1775_cov_54.208234	1140	1200	607	2	60	0.0333333
NODE_1657_length_1775_cov_54.208234	1140	1200	612	2	60	0.0333333
NODE_1657_length_1775_cov_54.208234	1140	1200	613	1	60	0.0166667
NODE_1657_length_1775_cov_54.208234	1140	1200	614	1	60	0.0166667
NODE_1657_length_1775_cov_54.208234	1140	1200	618	1	60	0.0166667
NODE_1658_length_1775_cov_13.181981	1170	1250	0	80	80	1.0000000
NODE_1658_length_1775_cov_13.181981	1223	1303	0	80	80	1.0000000
NODE_1659_length_1775_cov_4.218974	1304	1384	0	80	80	1.0000000
NODE_1659_length_1775_cov_4.218974	1357	1437	0	33	80	0.4125000
NODE_1659_length_1775_cov_4.218974	1357	1437	2	47	80	0.5875000
NODE_1660_length_1774_cov_48.617313	345	425	2	79	80	0.9875000
NODE_1660_length_1774_cov_48.617313	345	425	4	1	80	0.0125000
NODE_1660_length_1774_cov_48.617313	398	478	2	80	80	1.0000000
NODE_1660_length_1774_cov_48.617313	474	554	0	58	80	0.7250000
NODE_1660_length_1774_cov_48.617313	474	554	2	22	80	0.2750000
NODE_1660_length_1774_cov_48.617313	527	607	0	80	80	1.0000000
NODE_1660_length_1774_cov_48.617313	1027	1107	2	26	80	0.3250000
NODE_1660_length_1774_cov_48.617313	1027	1107	4	54	80	0.6750000
NODE_1660_length_1774_cov_48.617313	1080	1160	0	34	80	0.4250000
NODE_1660_length_1774_cov_48.617313	1080	1160	2	21	80	0.2625000
NODE_1660_length_1774_cov_48.617313	1080	1160	4	25	80	0.3125000
NODE_1660_length_1774_cov_48.617313	1156	1236	0	4	80	0.0500000
NODE_1660_length_1774_cov_48.617313	1156	1236	6	1	80	0.0125000
NODE_1660_length_1774_cov_48.617313	1156	1236	7	64	80	0.8000000
NODE_1660_length_1774_cov_48.617313	1156	1236	8	11	80	0.1375000
NODE_1660_length_1774_cov_48.617313	1209	1289	2	28	80	0.3500000
NODE_1660_length_1774_cov_48.617313	1209	1289	7	16	80	0.2000000
NODE_1660_length_1774_cov_48.617313	1209	1289	8	13	80	0.1625000
NODE_1660_length_1774_cov_48.617313	1209	1289	10	23	80	0.2875000
NODE_1662_length_1774_cov_8.011343	1655	1735	0	80	80	1.0000000
NODE_1663_length_1773_cov_5.547192	433	513	0	80	80	1.0000000
NODE_1663_length_1773_cov_5.547192	486	566	0	80	80	1.0000000
NODE_1664_length_1773_cov_3.925329	267	347	0	10	80	0.1250000
NODE_1664_length_1773_cov_3.925329	267	347	2	70	80	0.8750000
NODE_1664_length_1773_cov_3.925329	320	400	0	63	80	0.7875000
NODE_1664_length_1773_cov_3.925329	320	400	2	17	80	0.2125000
NODE_1666_length_1770_cov_9.912029	369	437	0	68	68	1.0000000
NODE_1666_length_1770_cov_9.912029	388	431	0	43	43	1.0000000
NODE_1666_length_1770_cov_9.912029	509	577	0	68	68	1.0000000
NODE_1666_length_1770_cov_9.912029	515	571	0	56	56	1.0000000
NODE_1666_length_1770_cov_9.912029	579	618	0	39	39	1.0000000
NODE_1666_length_1770_cov_9.912029	697	776	0	44	79	0.5569620
NODE_1666_length_1770_cov_9.912029	697	776	2	14	79	0.1772152
NODE_1666_length_1770_cov_9.912029	697	776	6	4	79	0.0506329
NODE_1666_length_1770_cov_9.912029	697	776	9	4	79	0.0506329
NODE_1666_length_1770_cov_9.912029	697	776	11	9	79	0.1139240
NODE_1666_length_1770_cov_9.912029	697	776	13	4	79	0.0506329
NODE_1666_length_1770_cov_9.912029	714	794	0	27	80	0.3375000
NODE_1666_length_1770_cov_9.912029	714	794	2	14	80	0.1750000
NODE_1666_length_1770_cov_9.912029	714	794	6	4	80	0.0500000
NODE_1666_length_1770_cov_9.912029	714	794	9	4	80	0.0500000
NODE_1666_length_1770_cov_9.912029	714	794	11	9	80	0.1125000
NODE_1666_length_1770_cov_9.912029	714	794	13	22	80	0.2750000
NODE_1666_length_1770_cov_9.912029	767	819	11	5	52	0.0961538
NODE_1666_length_1770_cov_9.912029	767	819	13	47	52	0.9038461
NODE_1666_length_1770_cov_9.912029	785	819	13	34	34	1.0000000
NODE_1667_length_1768_cov_9.134811	687	736	10	1	49	0.0204082
NODE_1667_length_1768_cov_9.134811	687	736	16	10	49	0.2040816
NODE_1667_length_1768_cov_9.134811	687	736	18	33	49	0.6734694
NODE_1667_length_1768_cov_9.134811	687	736	20	5	49	0.1020408
NODE_1668_length_1768_cov_6.605153	1207	1287	0	80	80	1.0000000
NODE_1668_length_1768_cov_6.605153	1260	1340	0	80	80	1.0000000
NODE_1668_length_1768_cov_6.605153	1336	1416	0	80	80	1.0000000
NODE_1668_length_1768_cov_6.605153	1389	1469	0	80	80	1.0000000
NODE_1669_length_1767_cov_5.475420	508	588	2	6	80	0.0750000
NODE_1669_length_1767_cov_5.475420	508	588	7	3	80	0.0375000
NODE_1669_length_1767_cov_5.475420	508	588	8	4	80	0.0500000
NODE_1669_length_1767_cov_5.475420	508	588	10	9	80	0.1125000
NODE_1669_length_1767_cov_5.475420	508	588	14	12	80	0.1500000
NODE_1669_length_1767_cov_5.475420	508	588	16	39	80	0.4875000
NODE_1669_length_1767_cov_5.475420	508	588	20	7	80	0.0875000
NODE_1680_length_1762_cov_18.673482	606	686	0	80	80	1.0000000
NODE_1680_length_1762_cov_18.673482	659	739	0	80	80	1.0000000
NODE_1680_length_1762_cov_18.673482	735	815	0	22	80	0.2750000
NODE_1680_length_1762_cov_18.673482	735	815	4	57	80	0.7125000
NODE_1680_length_1762_cov_18.673482	735	815	6	1	80	0.0125000
NODE_1680_length_1762_cov_18.673482	788	868	2	4	80	0.0500000
NODE_1680_length_1762_cov_18.673482	788	868	4	26	80	0.3250000
NODE_1680_length_1762_cov_18.673482	788	868	6	50	80	0.6250000
NODE_1681_length_1762_cov_6.760072	1033	1113	0	11	80	0.1375000
NODE_1681_length_1762_cov_6.760072	1033	1113	2	69	80	0.8625000
NODE_1681_length_1762_cov_6.760072	1086	1166	0	44	80	0.5500000
NODE_1681_length_1762_cov_6.760072	1086	1166	2	36	80	0.4500000
NODE_1685_length_1760_cov_8.064419	941	1021	6	80	80	1.0000000
NODE_1685_length_1760_cov_8.064419	994	1074	0	5	80	0.0625000
NODE_1685_length_1760_cov_8.064419	994	1074	3	30	80	0.3750000
NODE_1685_length_1760_cov_8.064419	994	1074	6	45	80	0.5625000
NODE_1692_length_1758_cov_99.869198	599	679	6	51	80	0.6375000
NODE_1692_length_1758_cov_99.869198	599	679	10	12	80	0.1500000
NODE_1692_length_1758_cov_99.869198	599	679	11	1	80	0.0125000
NODE_1692_length_1758_cov_99.869198	599	679	12	6	80	0.0750000
NODE_1692_length_1758_cov_99.869198	599	679	14	2	80	0.0250000
NODE_1692_length_1758_cov_99.869198	599	679	16	7	80	0.0875000
NODE_1692_length_1758_cov_99.869198	599	679	18	1	80	0.0125000
NODE_1692_length_1758_cov_99.869198	652	732	10	10	80	0.1250000
NODE_1692_length_1758_cov_99.869198	652	732	11	1	80	0.0125000
NODE_1692_length_1758_cov_99.869198	652	732	12	6	80	0.0750000
NODE_1692_length_1758_cov_99.869198	652	732	14	5	80	0.0625000
NODE_1692_length_1758_cov_99.869198	652	732	16	26	80	0.3250000
NODE_1692_length_1758_cov_99.869198	652	732	17	1	80	0.0125000
NODE_1692_length_1758_cov_99.869198	652	732	18	13	80	0.1625000
NODE_1692_length_1758_cov_99.869198	652	732	20	18	80	0.2250000
NODE_1692_length_1758_cov_99.869198	728	808	15	14	80	0.1750000
NODE_1692_length_1758_cov_99.869198	728	808	17	3	80	0.0375000
NODE_1692_length_1758_cov_99.869198	728	808	18	15	80	0.1875000
NODE_1692_length_1758_cov_99.869198	728	808	19	9	80	0.1125000
NODE_1692_length_1758_cov_99.869198	728	808	20	1	80	0.0125000
NODE_1692_length_1758_cov_99.869198	728	808	21	29	80	0.3625000
NODE_1692_length_1758_cov_99.869198	728	808	22	9	80	0.1125000
NODE_1692_length_1758_cov_99.869198	781	861	8	40	80	0.5000000
NODE_1692_length_1758_cov_99.869198	781	861	14	9	80	0.1125000
NODE_1692_length_1758_cov_99.869198	781	861	15	18	80	0.2250000
NODE_1692_length_1758_cov_99.869198	781	861	17	3	80	0.0375000
NODE_1692_length_1758_cov_99.869198	781	861	19	9	80	0.1125000
NODE_1692_length_1758_cov_99.869198	781	861	21	1	80	0.0125000
NODE_1693_length_1757_cov_3.126659	49	121	4	72	72	1.0000000
NODE_1696_length_1755_cov_9.938406	231	311	0	80	80	1.0000000
NODE_1696_length_1755_cov_9.938406	284	364	0	80	80	1.0000000
NODE_1698_length_1755_cov_3.614130	171	222	4	14	51	0.2745098
NODE_1698_length_1755_cov_3.614130	171	222	6	37	51	0.7254902
NODE_1699_length_1754_cov_8.523263	0	77	0	77	77	1.0000000
NODE_1699_length_1754_cov_8.523263	0	77	0	77	77	1.0000000
NODE_1699_length_1754_cov_8.523263	0	77	0	77	77	1.0000000
NODE_1699_length_1754_cov_8.523263	50	99	0	49	49	1.0000000
NODE_1699_length_1754_cov_8.523263	53	99	0	46	46	1.0000000
NODE_1699_length_1754_cov_8.523263	55	99	0	44	44	1.0000000
NODE_1700_length_1753_cov_26.851874	356	436	0	25	80	0.3125000
NODE_1700_length_1753_cov_26.851874	356	436	2	55	80	0.6875000
NODE_1700_length_1753_cov_26.851874	409	489	0	26	80	0.3250000
NODE_1700_length_1753_cov_26.851874	409	489	2	54	80	0.6750000
NODE_1701_length_1753_cov_12.297461	355	435	0	80	80	1.0000000
NODE_1701_length_1753_cov_12.297461	408	488	0	80	80	1.0000000
NODE_1705_length_1750_cov_90.732283	1191	1254	165	1	63	0.0158730
NODE_1705_length_1750_cov_90.732283	1191	1254	167	1	63	0.0158730
NODE_1705_length_1750_cov_90.732283	1191	1254	169	1	63	0.0158730
NODE_1705_length_1750_cov_90.732283	1191	1254	171	1	63	0.0158730
NODE_1705_length_1750_cov_90.732283	1191	1254	175	1	63	0.0158730
NODE_1705_length_1750_cov_90.732283	1191	1254	178	1	63	0.0158730
NODE_1705_length_1750_cov_90.732283	1191	1254	183	1	63	0.0158730
NODE_1705_length_1750_cov_90.732283	1191	1254	187	1	63	0.0158730
NODE_1705_length_1750_cov_90.732283	1191	1254	190	1	63	0.0158730
NODE_1705_length_1750_cov_90.732283	1191	1254	203	1	63	0.0158730
NODE_1705_length_1750_cov_90.732283	1191	1254	210	2	63	0.0317460
NODE_1705_length_1750_cov_90.732283	1191	1254	211	1	63	0.0158730
NODE_1705_length_1750_cov_90.732283	1191	1254	213	1	63	0.0158730
NODE_1705_length_1750_cov_90.732283	1191	1254	224	2	63	0.0317460
NODE_1705_length_1750_cov_90.732283	1191	1254	231	1	63	0.0158730
NODE_1705_length_1750_cov_90.732283	1191	1254	237	1	63	0.0158730
NODE_1705_length_1750_cov_90.732283	1191	1254	239	1	63	0.0158730
NODE_1705_length_1750_cov_90.732283	1191	1254	240	1	63	0.0158730
NODE_1705_length_1750_cov_90.732283	1191	1254	243	1	63	0.0158730
NODE_1705_length_1750_cov_90.732283	1191	1254	250	1	63	0.0158730
NODE_1705_length_1750_cov_90.732283	1191	1254	254	1	63	0.0158730
NODE_1705_length_1750_cov_90.732283	1191	1254	258	2	63	0.0317460
NODE_1705_length_1750_cov_90.732283	1191	1254	265	1	63	0.0158730
NODE_1705_length_1750_cov_90.732283	1191	1254	267	1	63	0.0158730
NODE_1705_length_1750_cov_90.732283	1191	1254	268	3	63	0.0476190
NODE_1705_length_1750_cov_90.732283	1191	1254	269	1	63	0.0158730
NODE_1705_length_1750_cov_90.732283	1191	1254	270	1	63	0.0158730
NODE_1705_length_1750_cov_90.732283	1191	1254	275	3	63	0.0476190
NODE_1705_length_1750_cov_90.732283	1191	1254	276	1	63	0.0158730
NODE_1705_length_1750_cov_90.732283	1191	1254	280	1	63	0.0158730
NODE_1705_length_1750_cov_90.732283	1191	1254	293	1	63	0.0158730
NODE_1705_length_1750_cov_90.732283	1191	1254	296	1	63	0.0158730
NODE_1705_length_1750_cov_90.732283	1191	1254	298	4	63	0.0634921
NODE_1705_length_1750_cov_90.732283	1191	1254	299	1	63	0.0158730
NODE_1705_length_1750_cov_90.732283	1191	1254	300	2	63	0.0317460
NODE_1705_length_1750_cov_90.732283	1191	1254	302	5	63	0.0793651
NODE_1705_length_1750_cov_90.732283	1191	1254	303	5	63	0.0793651
NODE_1705_length_1750_cov_90.732283	1191	1254	307	1	63	0.0158730
NODE_1705_length_1750_cov_90.732283	1191	1254	309	1	63	0.0158730
NODE_1705_length_1750_cov_90.732283	1191	1254	311	2	63	0.0317460
NODE_1705_length_1750_cov_90.732283	1191	1254	313	1	63	0.0158730
NODE_1705_length_1750_cov_90.732283	1191	1254	316	2	63	0.0317460
NODE_1705_length_1750_cov_90.732283	1239	1310	270	1	71	0.0140845
NODE_1705_length_1750_cov_90.732283	1239	1310	272	1	71	0.0140845
NODE_1705_length_1750_cov_90.732283	1239	1310	282	4	71	0.0563380
NODE_1705_length_1750_cov_90.732283	1239	1310	284	1	71	0.0140845
NODE_1705_length_1750_cov_90.732283	1239	1310	288	1	71	0.0140845
NODE_1705_length_1750_cov_90.732283	1239	1310	290	3	71	0.0422535
NODE_1705_length_1750_cov_90.732283	1239	1310	291	2	71	0.0281690
NODE_1705_length_1750_cov_90.732283	1239	1310	298	1	71	0.0140845
NODE_1705_length_1750_cov_90.732283	1239	1310	302	5	71	0.0704225
NODE_1705_length_1750_cov_90.732283	1239	1310	303	4	71	0.0563380
NODE_1705_length_1750_cov_90.732283	1239	1310	305	1	71	0.0140845
NODE_1705_length_1750_cov_90.732283	1239	1310	307	3	71	0.0422535
NODE_1705_length_1750_cov_90.732283	1239	1310	309	1	71	0.0140845
NODE_1705_length_1750_cov_90.732283	1239	1310	311	2	71	0.0281690
NODE_1705_length_1750_cov_90.732283	1239	1310	313	2	71	0.0281690
NODE_1705_length_1750_cov_90.732283	1239	1310	315	1	71	0.0140845
NODE_1705_length_1750_cov_90.732283	1239	1310	316	2	71	0.0281690
NODE_1705_length_1750_cov_90.732283	1239	1310	319	5	71	0.0704225
NODE_1705_length_1750_cov_90.732283	1239	1310	321	5	71	0.0704225
NODE_1705_length_1750_cov_90.732283	1239	1310	322	4	71	0.0563380
NODE_1705_length_1750_cov_90.732283	1239	1310	323	9	71	0.1267606
NODE_1705_length_1750_cov_90.732283	1239	1310	324	2	71	0.0281690
NODE_1705_length_1750_cov_90.732283	1239	1310	325	8	71	0.1126761
NODE_1705_length_1750_cov_90.732283	1239	1310	327	1	71	0.0140845
NODE_1705_length_1750_cov_90.732283	1239	1310	330	2	71	0.0281690
NODE_1711_length_1746_cov_3.095932	458	524	1	3	66	0.0454545
NODE_1711_length_1746_cov_3.095932	458	524	2	2	66	0.0303030
NODE_1711_length_1746_cov_3.095932	458	524	4	61	66	0.9242424
NODE_1712_length_1745_cov_7.646416	430	510	0	80	80	1.0000000
NODE_1712_length_1745_cov_7.646416	483	563	0	80	80	1.0000000
NODE_1715_length_1744_cov_10.144681	1213	1289	5	6	76	0.0789474
NODE_1715_length_1744_cov_10.144681	1213	1289	7	5	76	0.0657895
NODE_1715_length_1744_cov_10.144681	1213	1289	9	10	76	0.1315790
NODE_1715_length_1744_cov_10.144681	1213	1289	11	8	76	0.1052632
NODE_1715_length_1744_cov_10.144681	1213	1289	12	6	76	0.0789474
NODE_1715_length_1744_cov_10.144681	1213	1289	14	2	76	0.0263158
NODE_1715_length_1744_cov_10.144681	1213	1289	18	9	76	0.1184211
NODE_1715_length_1744_cov_10.144681	1213	1289	22	4	76	0.0526316
NODE_1715_length_1744_cov_10.144681	1213	1289	24	5	76	0.0657895
NODE_1715_length_1744_cov_10.144681	1213	1289	27	18	76	0.2368421
NODE_1715_length_1744_cov_10.144681	1213	1289	29	3	76	0.0394737
NODE_1715_length_1744_cov_10.144681	1262	1342	22	1	80	0.0125000
NODE_1715_length_1744_cov_10.144681	1262	1342	24	5	80	0.0625000
NODE_1715_length_1744_cov_10.144681	1262	1342	26	16	80	0.2000000
NODE_1715_length_1744_cov_10.144681	1262	1342	27	19	80	0.2375000
NODE_1715_length_1744_cov_10.144681	1262	1342	28	1	80	0.0125000
NODE_1715_length_1744_cov_10.144681	1262	1342	29	32	80	0.4000000
NODE_1715_length_1744_cov_10.144681	1262	1342	30	6	80	0.0750000
NODE_1719_length_1742_cov_18.923311	699	776	1	36	77	0.4675325
NODE_1719_length_1742_cov_18.923311	699	776	2	41	77	0.5324675
NODE_1719_length_1742_cov_18.923311	749	829	0	13	80	0.1625000
NODE_1719_length_1742_cov_18.923311	749	829	1	67	80	0.8375000
NODE_1722_length_1741_cov_7.657734	1234	1314	0	8	80	0.1000000
NODE_1722_length_1741_cov_7.657734	1234	1314	2	72	80	0.9000000
NODE_1722_length_1741_cov_7.657734	1287	1367	0	61	80	0.7625000
NODE_1722_length_1741_cov_7.657734	1287	1367	2	19	80	0.2375000
NODE_1722_length_1741_cov_7.657734	1363	1443	0	80	80	1.0000000
NODE_1722_length_1741_cov_7.657734	1416	1496	0	80	80	1.0000000
NODE_1726_length_1740_cov_38.411335	517	597	4	4	80	0.0500000
NODE_1726_length_1740_cov_38.411335	517	597	10	44	80	0.5500000
NODE_1726_length_1740_cov_38.411335	517	597	12	31	80	0.3875000
NODE_1726_length_1740_cov_38.411335	517	597	14	1	80	0.0125000
NODE_1726_length_1740_cov_38.411335	570	650	4	15	80	0.1875000
NODE_1726_length_1740_cov_38.411335	570	650	10	46	80	0.5750000
NODE_1726_length_1740_cov_38.411335	570	650	12	18	80	0.2250000
NODE_1726_length_1740_cov_38.411335	570	650	14	1	80	0.0125000
NODE_1726_length_1740_cov_38.411335	646	726	2	19	80	0.2375000
NODE_1726_length_1740_cov_38.411335	646	726	4	61	80	0.7625000
NODE_1726_length_1740_cov_38.411335	699	779	1	18	80	0.2250000
NODE_1726_length_1740_cov_38.411335	699	779	2	54	80	0.6750000
NODE_1726_length_1740_cov_38.411335	699	779	4	8	80	0.1000000
NODE_1727_length_1740_cov_10.843388	552	632	8	80	80	1.0000000
NODE_1727_length_1740_cov_10.843388	708	788	0	16	80	0.2000000
NODE_1727_length_1740_cov_10.843388	708	788	2	64	80	0.8000000
NODE_1727_length_1740_cov_10.843388	708	788	0	16	80	0.2000000
NODE_1727_length_1740_cov_10.843388	708	788	2	64	80	0.8000000
NODE_1727_length_1740_cov_10.843388	708	788	0	16	80	0.2000000
NODE_1727_length_1740_cov_10.843388	708	788	2	64	80	0.8000000
NODE_1727_length_1740_cov_10.843388	761	841	0	10	80	0.1250000
NODE_1727_length_1740_cov_10.843388	761	841	2	70	80	0.8750000
NODE_1727_length_1740_cov_10.843388	761	808	2	47	47	1.0000000
NODE_1727_length_1740_cov_10.843388	761	808	2	47	47	1.0000000
NODE_1737_length_1736_cov_71.959682	841	901	125	2	60	0.0333333
NODE_1737_length_1736_cov_71.959682	841	901	131	1	60	0.0166667
NODE_1737_length_1736_cov_71.959682	841	901	134	3	60	0.0500000
NODE_1737_length_1736_cov_71.959682	841	901	138	4	60	0.0666667
NODE_1737_length_1736_cov_71.959682	841	901	158	1	60	0.0166667
NODE_1737_length_1736_cov_71.959682	841	901	161	1	60	0.0166667
NODE_1737_length_1736_cov_71.959682	841	901	164	2	60	0.0333333
NODE_1737_length_1736_cov_71.959682	841	901	165	1	60	0.0166667
NODE_1737_length_1736_cov_71.959682	841	901	169	3	60	0.0500000
NODE_1737_length_1736_cov_71.959682	841	901	171	3	60	0.0500000
NODE_1737_length_1736_cov_71.959682	841	901	175	1	60	0.0166667
NODE_1737_length_1736_cov_71.959682	841	901	176	1	60	0.0166667
NODE_1737_length_1736_cov_71.959682	841	901	177	2	60	0.0333333
NODE_1737_length_1736_cov_71.959682	841	901	178	1	60	0.0166667
NODE_1737_length_1736_cov_71.959682	841	901	181	1	60	0.0166667
NODE_1737_length_1736_cov_71.959682	841	901	182	7	60	0.1166667
NODE_1737_length_1736_cov_71.959682	841	901	183	7	60	0.1166667
NODE_1737_length_1736_cov_71.959682	841	901	184	5	60	0.0833333
NODE_1737_length_1736_cov_71.959682	841	901	185	9	60	0.1500000
NODE_1737_length_1736_cov_71.959682	841	901	186	1	60	0.0166667
NODE_1737_length_1736_cov_71.959682	841	901	188	1	60	0.0166667
NODE_1737_length_1736_cov_71.959682	841	901	190	1	60	0.0166667
NODE_1737_length_1736_cov_71.959682	841	901	191	2	60	0.0333333
NODE_1738_length_1736_cov_29.174710	1361	1390	84	1	29	0.0344828
NODE_1738_length_1736_cov_29.174710	1361	1390	86	2	29	0.0689655
NODE_1738_length_1736_cov_29.174710	1361	1390	88	1	29	0.0344828
NODE_1738_length_1736_cov_29.174710	1361	1390	90	7	29	0.2413793
NODE_1738_length_1736_cov_29.174710	1361	1390	91	5	29	0.1724138
NODE_1738_length_1736_cov_29.174710	1361	1390	92	2	29	0.0689655
NODE_1738_length_1736_cov_29.174710	1361	1390	94	2	29	0.0689655
NODE_1738_length_1736_cov_29.174710	1361	1390	95	1	29	0.0344828
NODE_1738_length_1736_cov_29.174710	1361	1390	96	4	29	0.1379310
NODE_1738_length_1736_cov_29.174710	1361	1390	98	2	29	0.0689655
NODE_1738_length_1736_cov_29.174710	1361	1390	100	2	29	0.0689655
NODE_1738_length_1736_cov_29.174710	1566	1628	134	4	62	0.0645161
NODE_1738_length_1736_cov_29.174710	1566	1628	136	1	62	0.0161290
NODE_1738_length_1736_cov_29.174710	1566	1628	137	1	62	0.0161290
NODE_1738_length_1736_cov_29.174710	1566	1628	139	3	62	0.0483871
NODE_1738_length_1736_cov_29.174710	1566	1628	141	1	62	0.0161290
NODE_1738_length_1736_cov_29.174710	1566	1628	143	1	62	0.0161290
NODE_1738_length_1736_cov_29.174710	1566	1628	145	1	62	0.0161290
NODE_1738_length_1736_cov_29.174710	1566	1628	146	2	62	0.0322581
NODE_1738_length_1736_cov_29.174710	1566	1628	148	1	62	0.0161290
NODE_1738_length_1736_cov_29.174710	1566	1628	154	1	62	0.0161290
NODE_1738_length_1736_cov_29.174710	1566	1628	157	3	62	0.0483871
NODE_1738_length_1736_cov_29.174710	1566	1628	169	1	62	0.0161290
NODE_1738_length_1736_cov_29.174710	1566	1628	171	1	62	0.0161290
NODE_1738_length_1736_cov_29.174710	1566	1628	172	2	62	0.0322581
NODE_1738_length_1736_cov_29.174710	1566	1628	174	1	62	0.0161290
NODE_1738_length_1736_cov_29.174710	1566	1628	177	4	62	0.0645161
NODE_1738_length_1736_cov_29.174710	1566	1628	178	4	62	0.0645161
NODE_1738_length_1736_cov_29.174710	1566	1628	179	6	62	0.0967742
NODE_1738_length_1736_cov_29.174710	1566	1628	180	5	62	0.0806452
NODE_1738_length_1736_cov_29.174710	1566	1628	181	10	62	0.1612903
NODE_1738_length_1736_cov_29.174710	1566	1628	182	4	62	0.0645161
NODE_1738_length_1736_cov_29.174710	1566	1628	183	5	62	0.0806452
NODE_1743_length_1732_cov_6.162890	807	887	0	49	80	0.6125000
NODE_1743_length_1732_cov_6.162890	807	887	2	31	80	0.3875000
NODE_1743_length_1732_cov_6.162890	860	940	2	80	80	1.0000000
NODE_1749_length_1729_cov_23.708589	364	443	0	79	79	1.0000000
NODE_1749_length_1729_cov_23.708589	416	496	0	80	80	1.0000000
NODE_1749_length_1729_cov_23.708589	492	572	0	36	80	0.4500000
NODE_1749_length_1729_cov_23.708589	492	572	2	44	80	0.5500000
NODE_1749_length_1729_cov_23.708589	545	625	2	80	80	1.0000000
NODE_1753_length_1728_cov_26.505832	259	339	4	4	80	0.0500000
NODE_1753_length_1728_cov_26.505832	259	339	6	12	80	0.1500000
NODE_1753_length_1728_cov_26.505832	259	339	8	42	80	0.5250000
NODE_1753_length_1728_cov_26.505832	259	339	10	22	80	0.2750000
NODE_1753_length_1728_cov_26.505832	312	392	2	42	80	0.5250000
NODE_1753_length_1728_cov_26.505832	312	392	4	15	80	0.1875000
NODE_1753_length_1728_cov_26.505832	312	392	6	9	80	0.1125000
NODE_1753_length_1728_cov_26.505832	312	392	8	14	80	0.1750000
NODE_1757_length_1725_cov_142.158057	767	814	257	1	47	0.0212766
NODE_1757_length_1725_cov_142.158057	767	814	261	1	47	0.0212766
NODE_1757_length_1725_cov_142.158057	767	814	263	1	47	0.0212766
NODE_1757_length_1725_cov_142.158057	767	814	265	2	47	0.0425532
NODE_1757_length_1725_cov_142.158057	767	814	270	1	47	0.0212766
NODE_1757_length_1725_cov_142.158057	767	814	286	1	47	0.0212766
NODE_1757_length_1725_cov_142.158057	767	814	288	1	47	0.0212766
NODE_1757_length_1725_cov_142.158057	767	814	291	1	47	0.0212766
NODE_1757_length_1725_cov_142.158057	767	814	300	1	47	0.0212766
NODE_1757_length_1725_cov_142.158057	767	814	306	1	47	0.0212766
NODE_1757_length_1725_cov_142.158057	767	814	308	2	47	0.0425532
NODE_1757_length_1725_cov_142.158057	767	814	310	2	47	0.0425532
NODE_1757_length_1725_cov_142.158057	767	814	312	1	47	0.0212766
NODE_1757_length_1725_cov_142.158057	767	814	318	1	47	0.0212766
NODE_1757_length_1725_cov_142.158057	767	814	323	1	47	0.0212766
NODE_1757_length_1725_cov_142.158057	767	814	325	1	47	0.0212766
NODE_1757_length_1725_cov_142.158057	767	814	327	2	47	0.0425532
NODE_1757_length_1725_cov_142.158057	767	814	331	1	47	0.0212766
NODE_1757_length_1725_cov_142.158057	767	814	336	1	47	0.0212766
NODE_1757_length_1725_cov_142.158057	767	814	342	1	47	0.0212766
NODE_1757_length_1725_cov_142.158057	767	814	351	1	47	0.0212766
NODE_1757_length_1725_cov_142.158057	767	814	355	2	47	0.0425532
NODE_1757_length_1725_cov_142.158057	767	814	363	1	47	0.0212766
NODE_1757_length_1725_cov_142.158057	767	814	365	4	47	0.0851064
NODE_1757_length_1725_cov_142.158057	767	814	366	3	47	0.0638298
NODE_1757_length_1725_cov_142.158057	767	814	367	3	47	0.0638298
NODE_1757_length_1725_cov_142.158057	767	814	368	3	47	0.0638298
NODE_1757_length_1725_cov_142.158057	767	814	369	4	47	0.0851064
NODE_1757_length_1725_cov_142.158057	767	814	370	1	47	0.0212766
NODE_1757_length_1725_cov_142.158057	767	814	371	1	47	0.0212766
NODE_1757_length_1725_cov_142.158057	803	867	282	1	64	0.0156250
NODE_1757_length_1725_cov_142.158057	803	867	283	2	64	0.0312500
NODE_1757_length_1725_cov_142.158057	803	867	284	1	64	0.0156250
NODE_1757_length_1725_cov_142.158057	803	867	286	3	64	0.0468750
NODE_1757_length_1725_cov_142.158057	803	867	287	1	64	0.0156250
NODE_1757_length_1725_cov_142.158057	803	867	292	1	64	0.0156250
NODE_1757_length_1725_cov_142.158057	803	867	294	1	64	0.0156250
NODE_1757_length_1725_cov_142.158057	803	867	297	1	64	0.0156250
NODE_1757_length_1725_cov_142.158057	803	867	301	1	64	0.0156250
NODE_1757_length_1725_cov_142.158057	803	867	303	1	64	0.0156250
NODE_1757_length_1725_cov_142.158057	803	867	305	1	64	0.0156250
NODE_1757_length_1725_cov_142.158057	803	867	310	2	64	0.0312500
NODE_1757_length_1725_cov_142.158057	803	867	317	2	64	0.0312500
NODE_1757_length_1725_cov_142.158057	803	867	319	1	64	0.0156250
NODE_1757_length_1725_cov_142.158057	803	867	321	1	64	0.0156250
NODE_1757_length_1725_cov_142.158057	803	867	323	1	64	0.0156250
NODE_1757_length_1725_cov_142.158057	803	867	329	2	64	0.0312500
NODE_1757_length_1725_cov_142.158057	803	867	335	1	64	0.0156250
NODE_1757_length_1725_cov_142.158057	803	867	339	2	64	0.0312500
NODE_1757_length_1725_cov_142.158057	803	867	342	1	64	0.0156250
NODE_1757_length_1725_cov_142.158057	803	867	344	1	64	0.0156250
NODE_1757_length_1725_cov_142.158057	803	867	348	2	64	0.0312500
NODE_1757_length_1725_cov_142.158057	803	867	350	1	64	0.0156250
NODE_1757_length_1725_cov_142.158057	803	867	356	1	64	0.0156250
NODE_1757_length_1725_cov_142.158057	803	867	362	2	64	0.0312500
NODE_1757_length_1725_cov_142.158057	803	867	363	4	64	0.0625000
NODE_1757_length_1725_cov_142.158057	803	867	365	3	64	0.0468750
NODE_1757_length_1725_cov_142.158057	803	867	366	1	64	0.0156250
NODE_1757_length_1725_cov_142.158057	803	867	367	4	64	0.0625000
NODE_1757_length_1725_cov_142.158057	803	867	368	1	64	0.0156250
NODE_1757_length_1725_cov_142.158057	803	867	369	6	64	0.0937500
NODE_1757_length_1725_cov_142.158057	803	867	370	2	64	0.0312500
NODE_1757_length_1725_cov_142.158057	803	867	371	9	64	0.1406250
NODE_1759_length_1724_cov_17.931077	677	746	0	69	69	1.0000000
NODE_1759_length_1724_cov_17.931077	788	850	0	62	62	1.0000000
NODE_1761_length_1723_cov_35.355296	1174	1254	0	67	80	0.8375000
NODE_1761_length_1723_cov_35.355296	1174	1254	2	13	80	0.1625000
NODE_1761_length_1723_cov_35.355296	1227	1307	0	16	80	0.2000000
NODE_1761_length_1723_cov_35.355296	1227	1307	2	64	80	0.8000000
NODE_1763_length_1722_cov_13.235367	708	788	2	80	80	1.0000000
NODE_1763_length_1722_cov_13.235367	761	841	0	2	80	0.0250000
NODE_1763_length_1722_cov_13.235367	761	841	2	78	80	0.9750000
NODE_1763_length_1722_cov_13.235367	1319	1399	0	80	80	1.0000000
NODE_1763_length_1722_cov_13.235367	1372	1452	0	80	80	1.0000000
NODE_1765_length_1720_cov_27.328192	1248	1307	24	3	59	0.0508475
NODE_1765_length_1720_cov_27.328192	1248	1307	26	33	59	0.5593221
NODE_1765_length_1720_cov_27.328192	1248	1307	32	23	59	0.3898305
NODE_1765_length_1720_cov_27.328192	1280	1360	11	2	80	0.0250000
NODE_1765_length_1720_cov_27.328192	1280	1360	12	1	80	0.0125000
NODE_1765_length_1720_cov_27.328192	1280	1360	14	15	80	0.1875000
NODE_1765_length_1720_cov_27.328192	1280	1360	20	13	80	0.1625000
NODE_1765_length_1720_cov_27.328192	1280	1360	22	7	80	0.0875000
NODE_1765_length_1720_cov_27.328192	1280	1360	24	2	80	0.0250000
NODE_1765_length_1720_cov_27.328192	1280	1360	26	16	80	0.2000000
NODE_1765_length_1720_cov_27.328192	1280	1360	32	24	80	0.3000000
NODE_1766_length_1720_cov_4.129550	241	321	0	2	80	0.0250000
NODE_1766_length_1720_cov_4.129550	241	321	4	78	80	0.9750000
NODE_1766_length_1720_cov_4.129550	294	374	4	80	80	1.0000000
NODE_1768_length_1719_cov_9.878395	410	490	0	35	80	0.4375000
NODE_1768_length_1719_cov_9.878395	410	490	2	28	80	0.3500000
NODE_1768_length_1719_cov_9.878395	410	490	4	17	80	0.2125000
NODE_1768_length_1719_cov_9.878395	463	543	0	10	80	0.1250000
NODE_1768_length_1719_cov_9.878395	463	543	4	47	80	0.5875000
NODE_1768_length_1719_cov_9.878395	463	543	6	23	80	0.2875000
NODE_1768_length_1719_cov_9.878395	539	619	4	19	80	0.2375000
NODE_1768_length_1719_cov_9.878395	539	619	6	35	80	0.4375000
NODE_1768_length_1719_cov_9.878395	539	619	8	26	80	0.3250000
NODE_1768_length_1719_cov_9.878395	592	672	0	9	80	0.1125000
NODE_1768_length_1719_cov_9.878395	592	672	2	11	80	0.1375000
NODE_1768_length_1719_cov_9.878395	592	672	4	52	80	0.6500000
NODE_1768_length_1719_cov_9.878395	592	672	8	8	80	0.1000000
NODE_1772_length_1717_cov_5.159456	145	219	0	7	74	0.0945946
NODE_1772_length_1717_cov_5.159456	145	219	2	12	74	0.1621622
NODE_1772_length_1717_cov_5.159456	145	219	4	55	74	0.7432432
NODE_1772_length_1717_cov_5.159456	1450	1508	0	11	58	0.1896552
NODE_1772_length_1717_cov_5.159456	1450	1508	2	47	58	0.8103448
NODE_1772_length_1717_cov_5.159456	1503	1561	2	58	58	1.0000000
NODE_1778_length_1715_cov_12.607054	555	635	0	80	80	1.0000000
NODE_1778_length_1715_cov_12.607054	608	688	0	80	80	1.0000000
NODE_1778_length_1715_cov_12.607054	684	764	0	30	80	0.3750000
NODE_1778_length_1715_cov_12.607054	684	764	4	19	80	0.2375000
NODE_1778_length_1715_cov_12.607054	684	764	6	19	80	0.2375000
NODE_1778_length_1715_cov_12.607054	684	764	8	6	80	0.0750000
NODE_1778_length_1715_cov_12.607054	684	764	10	6	80	0.0750000
NODE_1778_length_1715_cov_12.607054	737	817	6	15	80	0.1875000
NODE_1778_length_1715_cov_12.607054	737	817	8	6	80	0.0750000
NODE_1778_length_1715_cov_12.607054	737	817	10	59	80	0.7375000
NODE_1788_length_1707_cov_16.909204	397	477	0	54	80	0.6750000
NODE_1788_length_1707_cov_16.909204	397	477	2	26	80	0.3250000
NODE_1788_length_1707_cov_16.909204	450	530	0	1	80	0.0125000
NODE_1788_length_1707_cov_16.909204	450	530	2	79	80	0.9875000
NODE_1788_length_1707_cov_16.909204	1151	1231	2	4	80	0.0500000
NODE_1788_length_1707_cov_16.909204	1151	1231	4	67	80	0.8375000
NODE_1788_length_1707_cov_16.909204	1151	1231	6	9	80	0.1125000
NODE_1788_length_1707_cov_16.909204	1204	1284	2	57	80	0.7125000
NODE_1788_length_1707_cov_16.909204	1204	1284	4	14	80	0.1750000
NODE_1788_length_1707_cov_16.909204	1204	1284	6	9	80	0.1125000
NODE_1792_length_1705_cov_19.645081	451	531	0	80	80	1.0000000
NODE_1792_length_1705_cov_19.645081	504	584	0	80	80	1.0000000
NODE_1792_length_1705_cov_19.645081	580	660	0	80	80	1.0000000
NODE_1792_length_1705_cov_19.645081	633	714	0	81	81	1.0000000
NODE_1792_length_1705_cov_19.645081	1315	1395	0	80	80	1.0000000
NODE_1792_length_1705_cov_19.645081	1368	1448	0	80	80	1.0000000
NODE_1796_length_1703_cov_26.016833	1201	1264	2	5	63	0.0793651
NODE_1796_length_1703_cov_26.016833	1201	1264	4	3	63	0.0476190
NODE_1796_length_1703_cov_26.016833	1201	1264	6	18	63	0.2857143
NODE_1796_length_1703_cov_26.016833	1201	1264	8	26	63	0.4126984
NODE_1796_length_1703_cov_26.016833	1201	1264	10	1	63	0.0158730
NODE_1796_length_1703_cov_26.016833	1201	1264	12	2	63	0.0317460
NODE_1796_length_1703_cov_26.016833	1201	1264	14	8	63	0.1269841
NODE_1796_length_1703_cov_26.016833	1207	1264	2	5	57	0.0877193
NODE_1796_length_1703_cov_26.016833	1207	1264	4	3	57	0.0526316
NODE_1796_length_1703_cov_26.016833	1207	1264	6	18	57	0.3157895
NODE_1796_length_1703_cov_26.016833	1207	1264	8	26	57	0.4561403
NODE_1796_length_1703_cov_26.016833	1207	1264	10	1	57	0.0175439
NODE_1796_length_1703_cov_26.016833	1207	1264	12	2	57	0.0350877
NODE_1796_length_1703_cov_26.016833	1207	1264	14	2	57	0.0350877
NODE_1796_length_1703_cov_26.016833	1207	1264	2	5	57	0.0877193
NODE_1796_length_1703_cov_26.016833	1207	1264	4	3	57	0.0526316
NODE_1796_length_1703_cov_26.016833	1207	1264	6	18	57	0.3157895
NODE_1796_length_1703_cov_26.016833	1207	1264	8	26	57	0.4561403
NODE_1796_length_1703_cov_26.016833	1207	1264	10	1	57	0.0175439
NODE_1796_length_1703_cov_26.016833	1207	1264	12	2	57	0.0350877
NODE_1796_length_1703_cov_26.016833	1207	1264	14	2	57	0.0350877
NODE_1799_length_1701_cov_15.969413	1490	1565	7	1	75	0.0133333
NODE_1799_length_1701_cov_15.969413	1490	1565	9	6	75	0.0800000
NODE_1799_length_1701_cov_15.969413	1490	1565	12	3	75	0.0400000
NODE_1799_length_1701_cov_15.969413	1490	1565	16	1	75	0.0133333
NODE_1799_length_1701_cov_15.969413	1490	1565	27	1	75	0.0133333
NODE_1799_length_1701_cov_15.969413	1490	1565	28	1	75	0.0133333
NODE_1799_length_1701_cov_15.969413	1490	1565	38	1	75	0.0133333
NODE_1799_length_1701_cov_15.969413	1490	1565	39	3	75	0.0400000
NODE_1799_length_1701_cov_15.969413	1490	1565	41	3	75	0.0400000
NODE_1799_length_1701_cov_15.969413	1490	1565	43	2	75	0.0266667
NODE_1799_length_1701_cov_15.969413	1490	1565	45	3	75	0.0400000
NODE_1799_length_1701_cov_15.969413	1490	1565	46	11	75	0.1466667
NODE_1799_length_1701_cov_15.969413	1490	1565	48	8	75	0.1066667
NODE_1799_length_1701_cov_15.969413	1490	1565	50	1	75	0.0133333
NODE_1799_length_1701_cov_15.969413	1490	1565	52	11	75	0.1466667
NODE_1799_length_1701_cov_15.969413	1490	1565	55	9	75	0.1200000
NODE_1799_length_1701_cov_15.969413	1490	1565	56	9	75	0.1200000
NODE_1799_length_1701_cov_15.969413	1490	1565	58	1	75	0.0133333
NODE_1799_length_1701_cov_15.969413	1538	1603	52	8	65	0.1230769
NODE_1799_length_1701_cov_15.969413	1538	1603	55	9	65	0.1384615
NODE_1799_length_1701_cov_15.969413	1538	1603	56	10	65	0.1538462
NODE_1799_length_1701_cov_15.969413	1538	1603	57	2	65	0.0307692
NODE_1799_length_1701_cov_15.969413	1538	1603	58	20	65	0.3076923
NODE_1799_length_1701_cov_15.969413	1538	1603	59	8	65	0.1230769
NODE_1799_length_1701_cov_15.969413	1538	1603	60	8	65	0.1230769
NODE_1800_length_1701_cov_13.549313	607	687	9	6	80	0.0750000
NODE_1800_length_1701_cov_13.549313	607	687	10	74	80	0.9250000
NODE_1800_length_1701_cov_13.549313	660	740	2	4	80	0.0500000
NODE_1800_length_1701_cov_13.549313	660	740	8	10	80	0.1250000
NODE_1800_length_1701_cov_13.549313	660	740	10	66	80	0.8250000
NODE_1805_length_1700_cov_20.003123	1168	1197	80	4	29	0.1379310
NODE_1805_length_1700_cov_20.003123	1168	1197	82	1	29	0.0344828
NODE_1805_length_1700_cov_20.003123	1168	1197	84	2	29	0.0689655
NODE_1805_length_1700_cov_20.003123	1168	1197	85	4	29	0.1379310
NODE_1805_length_1700_cov_20.003123	1168	1197	89	2	29	0.0689655
NODE_1805_length_1700_cov_20.003123	1168	1197	90	3	29	0.1034483
NODE_1805_length_1700_cov_20.003123	1168	1197	91	1	29	0.0344828
NODE_1805_length_1700_cov_20.003123	1168	1197	92	4	29	0.1379310
NODE_1805_length_1700_cov_20.003123	1168	1197	93	6	29	0.2068966
NODE_1805_length_1700_cov_20.003123	1168	1197	95	1	29	0.0344828
NODE_1805_length_1700_cov_20.003123	1168	1197	96	1	29	0.0344828
NODE_1805_length_1700_cov_20.003123	1184	1263	90	3	79	0.0379747
NODE_1805_length_1700_cov_20.003123	1184	1263	91	1	79	0.0126582
NODE_1805_length_1700_cov_20.003123	1184	1263	92	4	79	0.0506329
NODE_1805_length_1700_cov_20.003123	1184	1263	93	10	79	0.1265823
NODE_1805_length_1700_cov_20.003123	1184	1263	96	1	79	0.0126582
NODE_1805_length_1700_cov_20.003123	1184	1263	97	2	79	0.0253165
NODE_1805_length_1700_cov_20.003123	1184	1263	103	1	79	0.0126582
NODE_1805_length_1700_cov_20.003123	1184	1263	108	1	79	0.0126582
NODE_1805_length_1700_cov_20.003123	1184	1263	110	1	79	0.0126582
NODE_1805_length_1700_cov_20.003123	1184	1263	111	3	79	0.0379747
NODE_1805_length_1700_cov_20.003123	1184	1263	112	1	79	0.0126582
NODE_1805_length_1700_cov_20.003123	1184	1263	113	5	79	0.0632911
NODE_1805_length_1700_cov_20.003123	1184	1263	119	1	79	0.0126582
NODE_1805_length_1700_cov_20.003123	1184	1263	120	2	79	0.0253165
NODE_1805_length_1700_cov_20.003123	1184	1263	123	1	79	0.0126582
NODE_1805_length_1700_cov_20.003123	1184	1263	124	1	79	0.0126582
NODE_1805_length_1700_cov_20.003123	1184	1263	125	3	79	0.0379747
NODE_1805_length_1700_cov_20.003123	1184	1263	126	1	79	0.0126582
NODE_1805_length_1700_cov_20.003123	1184	1263	127	5	79	0.0632911
NODE_1805_length_1700_cov_20.003123	1184	1263	128	1	79	0.0126582
NODE_1805_length_1700_cov_20.003123	1184	1263	129	2	79	0.0253165
NODE_1805_length_1700_cov_20.003123	1184	1263	132	1	79	0.0126582
NODE_1805_length_1700_cov_20.003123	1184	1263	133	1	79	0.0126582
NODE_1805_length_1700_cov_20.003123	1184	1263	135	3	79	0.0379747
NODE_1805_length_1700_cov_20.003123	1184	1263	136	1	79	0.0126582
NODE_1805_length_1700_cov_20.003123	1184	1263	139	3	79	0.0379747
NODE_1805_length_1700_cov_20.003123	1184	1263	141	2	79	0.0253165
NODE_1805_length_1700_cov_20.003123	1184	1263	143	2	79	0.0253165
NODE_1805_length_1700_cov_20.003123	1184	1263	144	5	79	0.0632911
NODE_1805_length_1700_cov_20.003123	1184	1263	148	2	79	0.0253165
NODE_1805_length_1700_cov_20.003123	1184	1263	149	3	79	0.0379747
NODE_1805_length_1700_cov_20.003123	1184	1263	150	3	79	0.0379747
NODE_1805_length_1700_cov_20.003123	1184	1263	151	3	79	0.0379747
NODE_1810_length_1698_cov_19.175735	1001	1081	8	6	80	0.0750000
NODE_1810_length_1698_cov_19.175735	1001	1081	12	14	80	0.1750000
NODE_1810_length_1698_cov_19.175735	1001	1081	14	11	80	0.1375000
NODE_1810_length_1698_cov_19.175735	1001	1081	16	15	80	0.1875000
NODE_1810_length_1698_cov_19.175735	1001	1081	18	34	80	0.4250000
NODE_1810_length_1698_cov_19.175735	1054	1134	2	12	80	0.1500000
NODE_1810_length_1698_cov_19.175735	1054	1134	6	15	80	0.1875000
NODE_1810_length_1698_cov_19.175735	1054	1134	10	25	80	0.3125000
NODE_1810_length_1698_cov_19.175735	1054	1134	12	13	80	0.1625000
NODE_1810_length_1698_cov_19.175735	1054	1134	14	11	80	0.1375000
NODE_1810_length_1698_cov_19.175735	1054	1134	16	1	80	0.0125000
NODE_1810_length_1698_cov_19.175735	1054	1134	18	3	80	0.0375000
NODE_1814_length_1696_cov_11.494678	590	670	2	11	80	0.1375000
NODE_1814_length_1696_cov_11.494678	590	670	4	6	80	0.0750000
NODE_1814_length_1696_cov_11.494678	590	670	6	55	80	0.6875000
NODE_1814_length_1696_cov_11.494678	590	670	8	8	80	0.1000000
NODE_1814_length_1696_cov_11.494678	643	723	4	28	80	0.3500000
NODE_1814_length_1696_cov_11.494678	643	723	6	47	80	0.5875000
NODE_1814_length_1696_cov_11.494678	643	723	8	5	80	0.0625000
NODE_1815_length_1696_cov_6.620539	369	449	0	27	80	0.3375000
NODE_1815_length_1696_cov_6.620539	369	449	2	53	80	0.6625000
NODE_1815_length_1696_cov_6.620539	422	502	0	31	80	0.3875000
NODE_1815_length_1696_cov_6.620539	422	502	2	49	80	0.6125000
NODE_1816_length_1695_cov_27.783208	399	479	7	24	80	0.3000000
NODE_1816_length_1695_cov_27.783208	399	479	9	27	80	0.3375000
NODE_1816_length_1695_cov_27.783208	399	479	10	29	80	0.3625000
NODE_1816_length_1695_cov_27.783208	452	532	0	11	80	0.1375000
NODE_1816_length_1695_cov_27.783208	452	532	2	32	80	0.4000000
NODE_1816_length_1695_cov_27.783208	452	532	7	17	80	0.2125000
NODE_1816_length_1695_cov_27.783208	452	532	9	8	80	0.1000000
NODE_1816_length_1695_cov_27.783208	452	532	10	12	80	0.1500000
NODE_1817_length_1695_cov_12.084586	1047	1127	2	43	80	0.5375000
NODE_1817_length_1695_cov_12.084586	1047	1127	3	7	80	0.0875000
NODE_1817_length_1695_cov_12.084586	1047	1127	4	30	80	0.3750000
NODE_1817_length_1695_cov_12.084586	1100	1180	0	18	80	0.2250000
NODE_1817_length_1695_cov_12.084586	1100	1180	2	59	80	0.7375000
NODE_1817_length_1695_cov_12.084586	1100	1180	3	3	80	0.0375000
NODE_1825_length_1692_cov_4.557439	727	807	0	22	80	0.2750000
NODE_1825_length_1692_cov_4.557439	727	807	2	58	80	0.7250000
NODE_1825_length_1692_cov_4.557439	780	860	0	35	80	0.4375000
NODE_1825_length_1692_cov_4.557439	780	860	2	45	80	0.5625000
NODE_1830_length_1689_cov_5.844025	1210	1285	0	75	75	1.0000000
NODE_1830_length_1689_cov_5.844025	1260	1338	0	78	78	1.0000000
NODE_1837_length_1682_cov_14.416930	1183	1263	6	13	80	0.1625000
NODE_1837_length_1682_cov_14.416930	1183	1263	8	11	80	0.1375000
NODE_1837_length_1682_cov_14.416930	1183	1263	10	56	80	0.7000000
NODE_1837_length_1682_cov_14.416930	1236	1315	2	9	79	0.1139240
NODE_1837_length_1682_cov_14.416930	1236	1315	4	15	79	0.1898734
NODE_1837_length_1682_cov_14.416930	1236	1315	6	25	79	0.3164557
NODE_1837_length_1682_cov_14.416930	1236	1315	10	30	79	0.3797468
NODE_1843_length_1678_cov_23.965168	636	716	0	80	80	1.0000000
NODE_1843_length_1678_cov_23.965168	689	769	0	80	80	1.0000000
NODE_1843_length_1678_cov_23.965168	1145	1225	0	26	80	0.3250000
NODE_1843_length_1678_cov_23.965168	1145	1225	2	54	80	0.6750000
NODE_1843_length_1678_cov_23.965168	1198	1278	0	79	80	0.9875000
NODE_1843_length_1678_cov_23.965168	1198	1278	2	1	80	0.0125000
NODE_1846_length_1677_cov_3.578580	407	487	4	24	80	0.3000000
NODE_1846_length_1677_cov_3.578580	407	487	6	56	80	0.7000000
NODE_1846_length_1677_cov_3.578580	460	530	0	20	70	0.2857143
NODE_1846_length_1677_cov_3.578580	460	530	2	15	70	0.2142857
NODE_1846_length_1677_cov_3.578580	460	530	4	9	70	0.1285714
NODE_1846_length_1677_cov_3.578580	460	530	6	26	70	0.3714286
NODE_1846_length_1677_cov_3.578580	666	724	2	58	58	1.0000000
NODE_1856_length_1670_cov_29.264163	741	821	2	45	80	0.5625000
NODE_1856_length_1670_cov_29.264163	741	821	4	35	80	0.4375000
NODE_1856_length_1670_cov_29.264163	794	874	0	28	80	0.3500000
NODE_1856_length_1670_cov_29.264163	794	874	2	19	80	0.2375000
NODE_1856_length_1670_cov_29.264163	794	874	4	33	80	0.4125000
NODE_1857_length_1669_cov_5.913376	246	326	0	80	80	1.0000000
NODE_1857_length_1669_cov_5.913376	299	379	0	80	80	1.0000000
NODE_1860_length_1668_cov_18.372212	1100	1180	0	80	80	1.0000000
NODE_1860_length_1668_cov_18.372212	1153	1233	0	80	80	1.0000000
NODE_1861_length_1667_cov_15.651786	902	982	6	49	80	0.6125000
NODE_1861_length_1667_cov_15.651786	902	982	7	2	80	0.0250000
NODE_1861_length_1667_cov_15.651786	902	982	9	8	80	0.1000000
NODE_1861_length_1667_cov_15.651786	902	982	11	14	80	0.1750000
NODE_1861_length_1667_cov_15.651786	902	982	14	7	80	0.0875000
NODE_1861_length_1667_cov_15.651786	955	1035	9	6	80	0.0750000
NODE_1861_length_1667_cov_15.651786	955	1035	10	34	80	0.4250000
NODE_1861_length_1667_cov_15.651786	955	1035	11	14	80	0.1750000
NODE_1861_length_1667_cov_15.651786	955	1035	14	26	80	0.3250000
NODE_1862_length_1667_cov_3.661352	649	679	0	30	30	1.0000000
NODE_1865_length_1666_cov_4.601149	1541	1623	6	12	82	0.1463415
NODE_1865_length_1666_cov_4.601149	1541	1623	8	2	82	0.0243902
NODE_1865_length_1666_cov_4.601149	1541	1623	10	8	82	0.0975610
NODE_1865_length_1666_cov_4.601149	1541	1623	16	60	82	0.7317073
NODE_1865_length_1666_cov_4.601149	1553	1613	8	2	60	0.0333333
NODE_1865_length_1666_cov_4.601149	1553	1613	10	8	60	0.1333333
NODE_1865_length_1666_cov_4.601149	1553	1613	16	50	60	0.8333333
NODE_1865_length_1666_cov_4.601149	1553	1613	8	2	60	0.0333333
NODE_1865_length_1666_cov_4.601149	1553	1613	10	8	60	0.1333333
NODE_1865_length_1666_cov_4.601149	1553	1613	16	50	60	0.8333333
NODE_1865_length_1666_cov_4.601149	1557	1623	10	6	66	0.0909091
NODE_1865_length_1666_cov_4.601149	1557	1623	16	60	66	0.9090909
NODE_1865_length_1666_cov_4.601149	1596	1666	0	2	70	0.0285714
NODE_1865_length_1666_cov_4.601149	1596	1666	2	4	70	0.0571429
NODE_1865_length_1666_cov_4.601149	1596	1666	4	2	70	0.0285714
NODE_1865_length_1666_cov_4.601149	1596	1666	6	3	70	0.0428571
NODE_1865_length_1666_cov_4.601149	1596	1666	12	8	70	0.1142857
NODE_1865_length_1666_cov_4.601149	1596	1666	16	51	70	0.7285714
NODE_1865_length_1666_cov_4.601149	1596	1666	0	2	70	0.0285714
NODE_1865_length_1666_cov_4.601149	1596	1666	2	4	70	0.0571429
NODE_1865_length_1666_cov_4.601149	1596	1666	4	2	70	0.0285714
NODE_1865_length_1666_cov_4.601149	1596	1666	6	3	70	0.0428571
NODE_1865_length_1666_cov_4.601149	1596	1666	12	8	70	0.1142857
NODE_1865_length_1666_cov_4.601149	1596	1666	16	51	70	0.7285714
NODE_1865_length_1666_cov_4.601149	1596	1666	0	2	70	0.0285714
NODE_1865_length_1666_cov_4.601149	1596	1666	2	4	70	0.0571429
NODE_1865_length_1666_cov_4.601149	1596	1666	4	2	70	0.0285714
NODE_1865_length_1666_cov_4.601149	1596	1666	6	3	70	0.0428571
NODE_1865_length_1666_cov_4.601149	1596	1666	12	8	70	0.1142857
NODE_1865_length_1666_cov_4.601149	1596	1666	16	51	70	0.7285714
NODE_1872_length_1662_cov_16.638516	538	618	2	34	80	0.4250000
NODE_1872_length_1662_cov_16.638516	538	618	3	28	80	0.3500000
NODE_1872_length_1662_cov_16.638516	538	618	4	18	80	0.2250000
NODE_1872_length_1662_cov_16.638516	591	671	2	45	80	0.5625000
NODE_1872_length_1662_cov_16.638516	591	671	3	35	80	0.4375000
NODE_1872_length_1662_cov_16.638516	667	747	1	25	80	0.3125000
NODE_1872_length_1662_cov_16.638516	667	747	2	28	80	0.3500000
NODE_1872_length_1662_cov_16.638516	667	747	3	27	80	0.3375000
NODE_1872_length_1662_cov_16.638516	720	800	0	14	80	0.1750000
NODE_1872_length_1662_cov_16.638516	720	800	1	64	80	0.8000000
NODE_1872_length_1662_cov_16.638516	720	800	2	2	80	0.0250000
NODE_1876_length_1660_cov_28.297886	415	495	0	11	80	0.1375000
NODE_1876_length_1660_cov_28.297886	415	495	4	69	80	0.8625000
NODE_1876_length_1660_cov_28.297886	468	548	0	25	80	0.3125000
NODE_1876_length_1660_cov_28.297886	468	548	2	39	80	0.4875000
NODE_1876_length_1660_cov_28.297886	468	548	4	16	80	0.2000000
NODE_1886_length_1654_cov_17.245016	631	711	4	28	80	0.3500000
NODE_1886_length_1654_cov_17.245016	631	711	6	16	80	0.2000000
NODE_1886_length_1654_cov_17.245016	631	711	8	6	80	0.0750000
NODE_1886_length_1654_cov_17.245016	631	711	10	30	80	0.3750000
NODE_1886_length_1654_cov_17.245016	684	764	2	6	80	0.0750000
NODE_1886_length_1654_cov_17.245016	684	764	4	3	80	0.0375000
NODE_1886_length_1654_cov_17.245016	684	764	6	47	80	0.5875000
NODE_1886_length_1654_cov_17.245016	684	764	10	24	80	0.3000000
NODE_1888_length_1653_cov_34.827542	0	41	0	41	41	1.0000000
NODE_1888_length_1653_cov_34.827542	14	44	0	30	30	1.0000000
NODE_1888_length_1653_cov_34.827542	1081	1161	8	3	80	0.0375000
NODE_1888_length_1653_cov_34.827542	1081	1161	10	77	80	0.9625000
NODE_1888_length_1653_cov_34.827542	1134	1214	0	16	80	0.2000000
NODE_1888_length_1653_cov_34.827542	1134	1214	2	6	80	0.0750000
NODE_1888_length_1653_cov_34.827542	1134	1214	4	19	80	0.2375000
NODE_1888_length_1653_cov_34.827542	1134	1214	6	6	80	0.0750000
NODE_1888_length_1653_cov_34.827542	1134	1214	8	9	80	0.1125000
NODE_1888_length_1653_cov_34.827542	1134	1214	10	24	80	0.3000000
NODE_1888_length_1653_cov_34.827542	1210	1290	6	18	80	0.2250000
NODE_1888_length_1653_cov_34.827542	1210	1290	10	12	80	0.1500000
NODE_1888_length_1653_cov_34.827542	1210	1290	15	2	80	0.0250000
NODE_1888_length_1653_cov_34.827542	1210	1290	16	28	80	0.3500000
NODE_1888_length_1653_cov_34.827542	1210	1290	17	20	80	0.2500000
NODE_1888_length_1653_cov_34.827542	1263	1339	3	3	76	0.0394737
NODE_1888_length_1653_cov_34.827542	1263	1339	7	2	76	0.0263158
NODE_1888_length_1653_cov_34.827542	1263	1339	13	22	76	0.2894737
NODE_1888_length_1653_cov_34.827542	1263	1339	15	24	76	0.3157895
NODE_1888_length_1653_cov_34.827542	1263	1339	16	5	76	0.0657895
NODE_1888_length_1653_cov_34.827542	1263	1339	17	20	76	0.2631579
NODE_1892_length_1652_cov_23.939472	1352	1432	2	80	80	1.0000000
NODE_1892_length_1652_cov_23.939472	1405	1485	0	35	80	0.4375000
NODE_1892_length_1652_cov_23.939472	1405	1485	2	45	80	0.5625000
NODE_1894_length_1651_cov_3.916881	1552	1617	4	10	65	0.1538462
NODE_1894_length_1651_cov_3.916881	1552	1617	6	55	65	0.8461539
NODE_1899_length_1649_cov_7.480000	774	854	0	80	80	1.0000000
NODE_1899_length_1649_cov_7.480000	827	907	0	80	80	1.0000000
NODE_1903_length_1647_cov_3.534238	1012	1075	2	63	63	1.0000000
NODE_1906_length_1645_cov_16.040103	155	235	2	16	80	0.2000000
NODE_1906_length_1645_cov_16.040103	155	235	8	14	80	0.1750000
NODE_1906_length_1645_cov_16.040103	155	235	10	50	80	0.6250000
NODE_1906_length_1645_cov_16.040103	208	288	0	24	80	0.3000000
NODE_1906_length_1645_cov_16.040103	208	288	2	1	80	0.0125000
NODE_1906_length_1645_cov_16.040103	208	288	8	4	80	0.0500000
NODE_1906_length_1645_cov_16.040103	208	288	9	4	80	0.0500000
NODE_1906_length_1645_cov_16.040103	208	288	10	47	80	0.5875000
NODE_1906_length_1645_cov_16.040103	1090	1170	4	80	80	1.0000000
NODE_1906_length_1645_cov_16.040103	1143	1222	0	18	79	0.2278481
NODE_1906_length_1645_cov_16.040103	1143	1222	2	14	79	0.1772152
NODE_1906_length_1645_cov_16.040103	1143	1222	4	47	79	0.5949367
NODE_1908_length_1644_cov_2.902913	1160	1240	6	8	80	0.1000000
NODE_1908_length_1644_cov_2.902913	1160	1240	7	20	80	0.2500000
NODE_1908_length_1644_cov_2.902913	1160	1240	8	3	80	0.0375000
NODE_1908_length_1644_cov_2.902913	1160	1240	10	49	80	0.6125000
NODE_1917_length_1641_cov_34.032425	487	567	0	16	80	0.2000000
NODE_1917_length_1641_cov_34.032425	487	567	2	64	80	0.8000000
NODE_1917_length_1641_cov_34.032425	540	620	2	80	80	1.0000000
NODE_1917_length_1641_cov_34.032425	616	696	0	48	80	0.6000000
NODE_1917_length_1641_cov_34.032425	616	696	2	32	80	0.4000000
NODE_1917_length_1641_cov_34.032425	669	749	0	21	80	0.2625000
NODE_1917_length_1641_cov_34.032425	669	749	2	59	80	0.7375000
NODE_1917_length_1641_cov_34.032425	1168	1248	0	19	80	0.2375000
NODE_1917_length_1641_cov_34.032425	1168	1248	2	51	80	0.6375000
NODE_1917_length_1641_cov_34.032425	1168	1248	4	10	80	0.1250000
NODE_1917_length_1641_cov_34.032425	1219	1301	2	19	82	0.2317073
NODE_1917_length_1641_cov_34.032425	1219	1301	4	59	82	0.7195122
NODE_1917_length_1641_cov_34.032425	1219	1301	6	4	82	0.0487805
NODE_1918_length_1641_cov_7.042802	339	390	0	51	51	1.0000000
NODE_1922_length_1640_cov_33.097339	943	1023	2	28	80	0.3500000
NODE_1922_length_1640_cov_33.097339	943	1023	6	13	80	0.1625000
NODE_1922_length_1640_cov_33.097339	943	1023	8	39	80	0.4875000
NODE_1922_length_1640_cov_33.097339	996	1076	2	19	80	0.2375000
NODE_1922_length_1640_cov_33.097339	996	1076	6	49	80	0.6125000
NODE_1922_length_1640_cov_33.097339	996	1076	8	12	80	0.1500000
NODE_1922_length_1640_cov_33.097339	1072	1152	2	17	80	0.2125000
NODE_1922_length_1640_cov_33.097339	1072	1152	6	43	80	0.5375000
NODE_1922_length_1640_cov_33.097339	1072	1152	8	20	80	0.2500000
NODE_1922_length_1640_cov_33.097339	1125	1206	0	45	81	0.5555556
NODE_1922_length_1640_cov_33.097339	1125	1206	2	26	81	0.3209876
NODE_1922_length_1640_cov_33.097339	1125	1206	6	10	81	0.1234568
NODE_1923_length_1640_cov_18.519143	471	551	0	9	80	0.1125000
NODE_1923_length_1640_cov_18.519143	471	551	2	3	80	0.0375000
NODE_1923_length_1640_cov_18.519143	471	551	4	10	80	0.1250000
NODE_1923_length_1640_cov_18.519143	471	551	6	33	80	0.4125000
NODE_1923_length_1640_cov_18.519143	471	551	7	19	80	0.2375000
NODE_1923_length_1640_cov_18.519143	471	551	8	4	80	0.0500000
NODE_1923_length_1640_cov_18.519143	471	551	9	2	80	0.0250000
NODE_1923_length_1640_cov_18.519143	524	604	5	29	80	0.3625000
NODE_1923_length_1640_cov_18.519143	524	604	6	17	80	0.2125000
NODE_1923_length_1640_cov_18.519143	524	604	7	28	80	0.3500000
NODE_1923_length_1640_cov_18.519143	524	604	8	4	80	0.0500000
NODE_1923_length_1640_cov_18.519143	524	604	9	2	80	0.0250000
NODE_1925_length_1639_cov_6.585714	975	1056	0	7	81	0.0864198
NODE_1925_length_1639_cov_6.585714	975	1056	2	74	81	0.9135802
NODE_1925_length_1639_cov_6.585714	1028	1109	0	29	81	0.3580247
NODE_1925_length_1639_cov_6.585714	1028	1109	2	52	81	0.6419753
NODE_1926_length_1639_cov_2.163636	1260	1334	0	60	74	0.8108108
NODE_1926_length_1639_cov_2.163636	1260	1334	2	14	74	0.1891892
NODE_1926_length_1639_cov_2.163636	1312	1387	0	8	75	0.1066667
NODE_1926_length_1639_cov_2.163636	1312	1387	2	67	75	0.8933333
NODE_1928_length_1638_cov_18.598441	443	523	2	80	80	1.0000000
NODE_1928_length_1638_cov_18.598441	496	576	0	43	80	0.5375000
NODE_1928_length_1638_cov_18.598441	496	576	2	37	80	0.4625000
NODE_1928_length_1638_cov_18.598441	1157	1237	0	80	80	1.0000000
NODE_1928_length_1638_cov_18.598441	1210	1290	0	80	80	1.0000000
NODE_1932_length_1637_cov_12.048765	410	490	0	80	80	1.0000000
NODE_1932_length_1637_cov_12.048765	463	543	0	80	80	1.0000000
NODE_1932_length_1637_cov_12.048765	1081	1161	0	80	80	1.0000000
NODE_1932_length_1637_cov_12.048765	1134	1214	0	33	80	0.4125000
NODE_1932_length_1637_cov_12.048765	1134	1214	4	47	80	0.5875000
NODE_1934_length_1635_cov_21.022786	958	1038	2	80	80	1.0000000
NODE_1934_length_1635_cov_21.022786	1011	1091	0	40	80	0.5000000
NODE_1934_length_1635_cov_21.022786	1011	1091	2	40	80	0.5000000
NODE_1934_length_1635_cov_21.022786	1087	1167	0	80	80	1.0000000
NODE_1934_length_1635_cov_21.022786	1140	1220	0	80	80	1.0000000
NODE_1936_length_1633_cov_16.743807	1067	1147	0	4	80	0.0500000
NODE_1936_length_1633_cov_16.743807	1067	1147	8	1	80	0.0125000
NODE_1936_length_1633_cov_16.743807	1067	1147	10	75	80	0.9375000
NODE_1936_length_1633_cov_16.743807	1120	1200	0	57	80	0.7125000
NODE_1936_length_1633_cov_16.743807	1120	1200	8	1	80	0.0125000
NODE_1936_length_1633_cov_16.743807	1120	1200	10	22	80	0.2750000
NODE_1937_length_1633_cov_14.271838	977	1057	1	14	80	0.1750000
NODE_1937_length_1633_cov_14.271838	977	1057	2	16	80	0.2000000
NODE_1937_length_1633_cov_14.271838	977	1057	4	50	80	0.6250000
NODE_1937_length_1633_cov_14.271838	1030	1110	3	23	80	0.2875000
NODE_1937_length_1633_cov_14.271838	1030	1110	4	57	80	0.7125000
NODE_1937_length_1633_cov_14.271838	1106	1186	1	9	80	0.1125000
NODE_1937_length_1633_cov_14.271838	1106	1186	2	24	80	0.3000000
NODE_1937_length_1633_cov_14.271838	1106	1186	4	47	80	0.5875000
NODE_1937_length_1633_cov_14.271838	1159	1239	4	80	80	1.0000000
NODE_1939_length_1631_cov_25.881201	424	504	2	19	80	0.2375000
NODE_1939_length_1631_cov_25.881201	424	504	4	22	80	0.2750000
NODE_1939_length_1631_cov_25.881201	424	504	6	39	80	0.4875000
NODE_1939_length_1631_cov_25.881201	477	557	0	34	80	0.4250000
NODE_1939_length_1631_cov_25.881201	477	557	2	29	80	0.3625000
NODE_1939_length_1631_cov_25.881201	477	557	4	9	80	0.1125000
NODE_1939_length_1631_cov_25.881201	477	557	6	8	80	0.1000000
NODE_1939_length_1631_cov_25.881201	553	633	4	24	80	0.3000000
NODE_1939_length_1631_cov_25.881201	553	633	6	56	80	0.7000000
NODE_1939_length_1631_cov_25.881201	606	686	2	7	80	0.0875000
NODE_1939_length_1631_cov_25.881201	606	686	6	73	80	0.9125000
NODE_1943_length_1629_cov_32.733987	518	598	2	80	80	1.0000000
NODE_1943_length_1629_cov_32.733987	635	715	0	80	80	1.0000000
NODE_1943_length_1629_cov_32.733987	688	768	0	80	80	1.0000000
NODE_1946_length_1628_cov_15.551995	1454	1518	97	2	64	0.0312500
NODE_1946_length_1628_cov_15.551995	1454	1518	99	1	64	0.0156250
NODE_1946_length_1628_cov_15.551995	1454	1518	102	1	64	0.0156250
NODE_1946_length_1628_cov_15.551995	1454	1518	105	1	64	0.0156250
NODE_1946_length_1628_cov_15.551995	1454	1518	109	8	64	0.1250000
NODE_1946_length_1628_cov_15.551995	1454	1518	111	4	64	0.0625000
NODE_1946_length_1628_cov_15.551995	1454	1518	113	2	64	0.0312500
NODE_1946_length_1628_cov_15.551995	1454	1518	114	2	64	0.0312500
NODE_1946_length_1628_cov_15.551995	1454	1518	115	1	64	0.0156250
NODE_1946_length_1628_cov_15.551995	1454	1518	116	1	64	0.0156250
NODE_1946_length_1628_cov_15.551995	1454	1518	118	2	64	0.0312500
NODE_1946_length_1628_cov_15.551995	1454	1518	120	3	64	0.0468750
NODE_1946_length_1628_cov_15.551995	1454	1518	124	2	64	0.0312500
NODE_1946_length_1628_cov_15.551995	1454	1518	126	3	64	0.0468750
NODE_1946_length_1628_cov_15.551995	1454	1518	128	4	64	0.0625000
NODE_1946_length_1628_cov_15.551995	1454	1518	130	1	64	0.0156250
NODE_1946_length_1628_cov_15.551995	1454	1518	132	7	64	0.1093750
NODE_1946_length_1628_cov_15.551995	1454	1518	134	12	64	0.1875000
NODE_1946_length_1628_cov_15.551995	1454	1518	136	7	64	0.1093750
NODE_1947_length_1628_cov_4.852845	81	163	10	14	82	0.1707317
NODE_1947_length_1628_cov_4.852845	81	163	12	41	82	0.5000000
NODE_1947_length_1628_cov_4.852845	81	163	14	27	82	0.3292683
NODE_1952_length_1626_cov_20.549443	495	575	0	80	80	1.0000000
NODE_1952_length_1626_cov_20.549443	548	628	0	80	80	1.0000000
NODE_1953_length_1626_cov_6.552718	1189	1269	0	26	80	0.3250000
NODE_1953_length_1626_cov_6.552718	1189	1269	2	9	80	0.1125000
NODE_1953_length_1626_cov_6.552718	1189	1269	6	45	80	0.5625000
NODE_1953_length_1626_cov_6.552718	1242	1321	2	2	79	0.0253165
NODE_1953_length_1626_cov_6.552718	1242	1321	4	19	79	0.2405063
NODE_1953_length_1626_cov_6.552718	1242	1321	5	24	79	0.3037975
NODE_1953_length_1626_cov_6.552718	1242	1321	6	34	79	0.4303797
NODE_1954_length_1626_cov_4.728880	247	329	0	41	82	0.5000000
NODE_1954_length_1626_cov_4.728880	247	329	2	26	82	0.3170732
NODE_1954_length_1626_cov_4.728880	247	329	6	15	82	0.1829268
NODE_1954_length_1626_cov_4.728880	302	382	2	12	80	0.1500000
NODE_1954_length_1626_cov_4.728880	302	382	6	68	80	0.8500000
NODE_1956_length_1625_cov_20.598952	938	1018	0	4	80	0.0500000
NODE_1956_length_1625_cov_20.598952	938	1018	4	76	80	0.9500000
NODE_1956_length_1625_cov_20.598952	991	1071	0	18	80	0.2250000
NODE_1956_length_1625_cov_20.598952	991	1071	3	2	80	0.0250000
NODE_1956_length_1625_cov_20.598952	991	1071	4	60	80	0.7500000
NODE_1962_length_1623_cov_28.551181	416	486	26	1	70	0.0142857
NODE_1962_length_1623_cov_28.551181	416	486	30	2	70	0.0285714
NODE_1962_length_1623_cov_28.551181	416	486	35	1	70	0.0142857
NODE_1962_length_1623_cov_28.551181	416	486	36	17	70	0.2428571
NODE_1962_length_1623_cov_28.551181	416	486	37	33	70	0.4714286
NODE_1962_length_1623_cov_28.551181	416	486	39	16	70	0.2285714
NODE_1962_length_1623_cov_28.551181	459	507	5	5	48	0.1041667
NODE_1962_length_1623_cov_28.551181	459	507	10	1	48	0.0208333
NODE_1962_length_1623_cov_28.551181	459	507	16	2	48	0.0416667
NODE_1962_length_1623_cov_28.551181	459	507	20	4	48	0.0833333
NODE_1962_length_1623_cov_28.551181	459	507	22	8	48	0.1666667
NODE_1962_length_1623_cov_28.551181	459	507	26	2	48	0.0416667
NODE_1962_length_1623_cov_28.551181	459	507	30	2	48	0.0416667
NODE_1962_length_1623_cov_28.551181	459	507	35	1	48	0.0208333
NODE_1962_length_1623_cov_28.551181	459	507	36	17	48	0.3541667
NODE_1962_length_1623_cov_28.551181	459	507	37	6	48	0.1250000
NODE_1965_length_1622_cov_7.969140	645	725	0	9	80	0.1125000
NODE_1965_length_1622_cov_7.969140	645	725	2	71	80	0.8875000
NODE_1965_length_1622_cov_7.969140	698	778	0	62	80	0.7750000
NODE_1965_length_1622_cov_7.969140	698	778	2	18	80	0.2250000
NODE_1970_length_1621_cov_2.192510	330	401	16	11	71	0.1549296
NODE_1970_length_1621_cov_2.192510	330	401	17	26	71	0.3661972
NODE_1970_length_1621_cov_2.192510	330	401	18	2	71	0.0281690
NODE_1970_length_1621_cov_2.192510	330	401	20	32	71	0.4507042
NODE_1975_length_1618_cov_44.138907	361	441	0	57	80	0.7125000
NODE_1975_length_1618_cov_44.138907	361	441	12	23	80	0.2875000
NODE_1975_length_1618_cov_44.138907	414	494	0	4	80	0.0500000
NODE_1975_length_1618_cov_44.138907	414	494	12	76	80	0.9500000
NODE_1975_length_1618_cov_44.138907	1063	1143	0	80	80	1.0000000
NODE_1975_length_1618_cov_44.138907	1116	1196	0	80	80	1.0000000
NODE_1976_length_1618_cov_5.779460	332	414	5	1	82	0.0121951
NODE_1976_length_1618_cov_5.779460	332	414	7	7	82	0.0853659
NODE_1976_length_1618_cov_5.779460	332	414	11	5	82	0.0609756
NODE_1976_length_1618_cov_5.779460	332	414	12	69	82	0.8414634
NODE_1976_length_1618_cov_5.779460	387	467	2	27	80	0.3375000
NODE_1976_length_1618_cov_5.779460	387	467	6	6	80	0.0750000
NODE_1976_length_1618_cov_5.779460	387	467	10	11	80	0.1375000
NODE_1976_length_1618_cov_5.779460	387	467	12	36	80	0.4500000
NODE_1976_length_1618_cov_5.779460	972	1028	0	6	56	0.1071429
NODE_1976_length_1618_cov_5.779460	972	1028	2	50	56	0.8928571
NODE_1980_length_1616_cov_5.313777	589	669	0	12	80	0.1500000
NODE_1980_length_1616_cov_5.313777	589	669	2	68	80	0.8500000
NODE_1980_length_1616_cov_5.313777	642	722	0	65	80	0.8125000
NODE_1980_length_1616_cov_5.313777	642	722	2	15	80	0.1875000
NODE_1981_length_1615_cov_12.575858	1032	1112	14	23	80	0.2875000
NODE_1981_length_1615_cov_12.575858	1032	1112	16	12	80	0.1500000
NODE_1981_length_1615_cov_12.575858	1032	1112	18	45	80	0.5625000
NODE_1981_length_1615_cov_12.575858	1085	1162	0	25	77	0.3246753
NODE_1981_length_1615_cov_12.575858	1085	1162	3	1	77	0.0129870
NODE_1981_length_1615_cov_12.575858	1085	1162	4	4	77	0.0519481
NODE_1981_length_1615_cov_12.575858	1085	1162	6	1	77	0.0129870
NODE_1981_length_1615_cov_12.575858	1085	1162	10	8	77	0.1038961
NODE_1981_length_1615_cov_12.575858	1085	1162	14	28	77	0.3636364
NODE_1981_length_1615_cov_12.575858	1085	1162	18	10	77	0.1298701
NODE_1981_length_1615_cov_12.575858	1158	1238	0	80	80	1.0000000
NODE_1981_length_1615_cov_12.575858	1211	1291	0	80	80	1.0000000
NODE_1983_length_1614_cov_94.900990	0	46	11	5	46	0.1086956
NODE_1983_length_1614_cov_94.900990	0	46	17	6	46	0.1304348
NODE_1983_length_1614_cov_94.900990	0	46	19	1	46	0.0217391
NODE_1983_length_1614_cov_94.900990	0	46	22	1	46	0.0217391
NODE_1983_length_1614_cov_94.900990	0	46	23	9	46	0.1956522
NODE_1983_length_1614_cov_94.900990	0	46	24	24	46	0.5217391
NODE_1983_length_1614_cov_94.900990	23	99	24	76	76	1.0000000
NODE_1984_length_1614_cov_18.799340	655	735	8	2	80	0.0250000
NODE_1984_length_1614_cov_18.799340	655	735	12	21	80	0.2625000
NODE_1984_length_1614_cov_18.799340	655	735	14	57	80	0.7125000
NODE_1984_length_1614_cov_18.799340	708	788	0	12	80	0.1500000
NODE_1984_length_1614_cov_18.799340	708	788	6	25	80	0.3125000
NODE_1984_length_1614_cov_18.799340	708	788	11	1	80	0.0125000
NODE_1984_length_1614_cov_18.799340	708	788	12	36	80	0.4500000
NODE_1984_length_1614_cov_18.799340	708	788	14	6	80	0.0750000
NODE_1986_length_1613_cov_6.865258	1128	1203	17	2	75	0.0266667
NODE_1986_length_1613_cov_6.865258	1128	1203	19	1	75	0.0133333
NODE_1986_length_1613_cov_6.865258	1128	1203	20	22	75	0.2933333
NODE_1986_length_1613_cov_6.865258	1128	1203	22	22	75	0.2933333
NODE_1986_length_1613_cov_6.865258	1128	1203	23	1	75	0.0133333
NODE_1986_length_1613_cov_6.865258	1128	1203	24	20	75	0.2666667
NODE_1986_length_1613_cov_6.865258	1128	1203	27	1	75	0.0133333
NODE_1986_length_1613_cov_6.865258	1128	1203	28	6	75	0.0800000
NODE_1986_length_1613_cov_6.865258	1176	1256	4	4	80	0.0500000
NODE_1986_length_1613_cov_6.865258	1176	1256	5	12	80	0.1500000
NODE_1986_length_1613_cov_6.865258	1176	1256	6	7	80	0.0875000
NODE_1986_length_1613_cov_6.865258	1176	1256	8	4	80	0.0500000
NODE_1986_length_1613_cov_6.865258	1176	1256	10	1	80	0.0125000
NODE_1986_length_1613_cov_6.865258	1176	1256	13	20	80	0.2500000
NODE_1986_length_1613_cov_6.865258	1176	1256	16	1	80	0.0125000
NODE_1986_length_1613_cov_6.865258	1176	1256	17	6	80	0.0750000
NODE_1986_length_1613_cov_6.865258	1176	1256	19	1	80	0.0125000
NODE_1986_length_1613_cov_6.865258	1176	1256	20	22	80	0.2750000
NODE_1986_length_1613_cov_6.865258	1176	1256	23	1	80	0.0125000
NODE_1986_length_1613_cov_6.865258	1176	1256	24	1	80	0.0125000
NODE_1993_length_1610_cov_18.014560	1035	1115	0	16	80	0.2000000
NODE_1993_length_1610_cov_18.014560	1035	1115	1	37	80	0.4625000
NODE_1993_length_1610_cov_18.014560	1035	1115	4	7	80	0.0875000
NODE_1993_length_1610_cov_18.014560	1035	1115	7	20	80	0.2500000
NODE_1993_length_1610_cov_18.014560	1088	1168	4	7	80	0.0875000
NODE_1993_length_1610_cov_18.014560	1088	1168	6	35	80	0.4375000
NODE_1993_length_1610_cov_18.014560	1088	1168	7	38	80	0.4750000
NODE_2001_length_1603_cov_9.128324	1109	1189	0	3	80	0.0375000
NODE_2001_length_1603_cov_9.128324	1109	1189	2	15	80	0.1875000
NODE_2001_length_1603_cov_9.128324	1109	1189	4	52	80	0.6500000
NODE_2001_length_1603_cov_9.128324	1109	1189	6	10	80	0.1250000
NODE_2001_length_1603_cov_9.128324	1162	1242	4	17	80	0.2125000
NODE_2001_length_1603_cov_9.128324	1162	1242	6	63	80	0.7875000
NODE_2003_length_1602_cov_79.840319	1378	1445	32	23	67	0.3432836
NODE_2003_length_1602_cov_79.840319	1378	1445	34	3	67	0.0447761
NODE_2003_length_1602_cov_79.840319	1378	1445	38	5	67	0.0746269
NODE_2003_length_1602_cov_79.840319	1378	1445	42	18	67	0.2686567
NODE_2003_length_1602_cov_79.840319	1378	1445	44	4	67	0.0597015
NODE_2003_length_1602_cov_79.840319	1378	1445	46	6	67	0.0895522
NODE_2003_length_1602_cov_79.840319	1378	1445	48	8	67	0.1194030
NODE_2003_length_1602_cov_79.840319	1462	1508	16	17	46	0.3695652
NODE_2003_length_1602_cov_79.840319	1462	1508	18	3	46	0.0652174
NODE_2003_length_1602_cov_79.840319	1462	1508	20	1	46	0.0217391
NODE_2003_length_1602_cov_79.840319	1462	1508	21	1	46	0.0217391
NODE_2003_length_1602_cov_79.840319	1462	1508	23	9	46	0.1956522
NODE_2003_length_1602_cov_79.840319	1462	1508	25	1	46	0.0217391
NODE_2003_length_1602_cov_79.840319	1462	1508	26	4	46	0.0869565
NODE_2003_length_1602_cov_79.840319	1462	1508	27	1	46	0.0217391
NODE_2003_length_1602_cov_79.840319	1462	1508	28	5	46	0.1086956
NODE_2003_length_1602_cov_79.840319	1462	1508	29	4	46	0.0869565
NODE_2004_length_1602_cov_2.701264	1490	1570	5	15	80	0.1875000
NODE_2004_length_1602_cov_2.701264	1490	1570	6	5	80	0.0625000
NODE_2004_length_1602_cov_2.701264	1490	1570	10	4	80	0.0500000
NODE_2004_length_1602_cov_2.701264	1490	1570	12	56	80	0.7000000
NODE_2009_length_1600_cov_34.988008	785	865	0	80	80	1.0000000
NODE_2009_length_1600_cov_34.988008	838	918	0	47	80	0.5875000
NODE_2009_length_1600_cov_34.988008	838	918	2	1	80	0.0125000
NODE_2009_length_1600_cov_34.988008	838	918	3	8	80	0.1000000
NODE_2009_length_1600_cov_34.988008	838	918	4	24	80	0.3000000
NODE_2009_length_1600_cov_34.988008	914	994	3	8	80	0.1000000
NODE_2009_length_1600_cov_34.988008	914	994	4	28	80	0.3500000
NODE_2009_length_1600_cov_34.988008	914	994	5	8	80	0.1000000
NODE_2009_length_1600_cov_34.988008	914	994	9	16	80	0.2000000
NODE_2009_length_1600_cov_34.988008	914	994	11	20	80	0.2500000
NODE_2009_length_1600_cov_34.988008	967	1047	8	19	80	0.2375000
NODE_2009_length_1600_cov_34.988008	967	1047	9	7	80	0.0875000
NODE_2009_length_1600_cov_34.988008	967	1047	11	54	80	0.6750000
NODE_2011_length_1600_cov_11.383744	0	72	2	38	72	0.5277778
NODE_2011_length_1600_cov_11.383744	0	72	4	34	72	0.4722222
NODE_2011_length_1600_cov_11.383744	45	99	4	54	54	1.0000000
NODE_2011_length_1600_cov_11.383744	891	971	12	63	80	0.7875000
NODE_2011_length_1600_cov_11.383744	891	971	13	1	80	0.0125000
NODE_2011_length_1600_cov_11.383744	891	971	14	16	80	0.2000000
NODE_2011_length_1600_cov_11.383744	944	1024	0	21	80	0.2625000
NODE_2011_length_1600_cov_11.383744	944	1024	2	5	80	0.0625000
NODE_2011_length_1600_cov_11.383744	944	1024	6	24	80	0.3000000
NODE_2011_length_1600_cov_11.383744	944	1024	8	2	80	0.0250000
NODE_2011_length_1600_cov_11.383744	944	1024	10	1	80	0.0125000
NODE_2011_length_1600_cov_11.383744	944	1024	12	27	80	0.3375000
NODE_2013_length_1600_cov_7.236509	1037	1109	0	72	72	1.0000000
NODE_2013_length_1600_cov_7.236509	1090	1160	0	70	70	1.0000000
NODE_2018_length_1598_cov_29.337558	335	415	2	15	80	0.1875000
NODE_2018_length_1598_cov_29.337558	335	415	6	20	80	0.2500000
NODE_2018_length_1598_cov_29.337558	335	415	8	10	80	0.1250000
NODE_2018_length_1598_cov_29.337558	335	415	13	23	80	0.2875000
NODE_2018_length_1598_cov_29.337558	335	415	14	12	80	0.1500000
NODE_2018_length_1598_cov_29.337558	388	468	6	14	80	0.1750000
NODE_2018_length_1598_cov_29.337558	388	468	10	11	80	0.1375000
NODE_2018_length_1598_cov_29.337558	388	468	12	6	80	0.0750000
NODE_2018_length_1598_cov_29.337558	388	468	13	45	80	0.5625000
NODE_2018_length_1598_cov_29.337558	388	468	14	4	80	0.0500000
NODE_2018_length_1598_cov_29.337558	464	516	0	5	52	0.0961538
NODE_2018_length_1598_cov_29.337558	464	516	6	47	52	0.9038461
NODE_2018_length_1598_cov_29.337558	1026	1106	0	80	80	1.0000000
NODE_2018_length_1598_cov_29.337558	1079	1159	0	80	80	1.0000000
NODE_2019_length_1598_cov_3.730487	1117	1197	0	80	80	1.0000000
NODE_2021_length_1597_cov_7.434579	1373	1453	35	7	80	0.0875000
NODE_2021_length_1597_cov_7.434579	1373	1453	39	1	80	0.0125000
NODE_2021_length_1597_cov_7.434579	1373	1453	41	2	80	0.0250000
NODE_2021_length_1597_cov_7.434579	1373	1453	44	3	80	0.0375000
NODE_2021_length_1597_cov_7.434579	1373	1453	54	2	80	0.0250000
NODE_2021_length_1597_cov_7.434579	1373	1453	55	1	80	0.0125000
NODE_2021_length_1597_cov_7.434579	1373	1453	57	1	80	0.0125000
NODE_2021_length_1597_cov_7.434579	1373	1453	63	3	80	0.0375000
NODE_2021_length_1597_cov_7.434579	1373	1453	68	1	80	0.0125000
NODE_2021_length_1597_cov_7.434579	1373	1453	69	7	80	0.0875000
NODE_2021_length_1597_cov_7.434579	1373	1453	70	1	80	0.0125000
NODE_2021_length_1597_cov_7.434579	1373	1453	71	1	80	0.0125000
NODE_2021_length_1597_cov_7.434579	1373	1453	74	1	80	0.0125000
NODE_2021_length_1597_cov_7.434579	1373	1453	76	1	80	0.0125000
NODE_2021_length_1597_cov_7.434579	1373	1453	77	1	80	0.0125000
NODE_2021_length_1597_cov_7.434579	1373	1453	78	2	80	0.0250000
NODE_2021_length_1597_cov_7.434579	1373	1453	80	2	80	0.0250000
NODE_2021_length_1597_cov_7.434579	1373	1453	86	1	80	0.0125000
NODE_2021_length_1597_cov_7.434579	1373	1453	88	2	80	0.0250000
NODE_2021_length_1597_cov_7.434579	1373	1453	89	2	80	0.0250000
NODE_2021_length_1597_cov_7.434579	1373	1453	91	1	80	0.0125000
NODE_2021_length_1597_cov_7.434579	1373	1453	95	1	80	0.0125000
NODE_2021_length_1597_cov_7.434579	1373	1453	97	1	80	0.0125000
NODE_2021_length_1597_cov_7.434579	1373	1453	100	2	80	0.0250000
NODE_2021_length_1597_cov_7.434579	1373	1453	102	1	80	0.0125000
NODE_2021_length_1597_cov_7.434579	1373	1453	107	2	80	0.0250000
NODE_2021_length_1597_cov_7.434579	1373	1453	111	2	80	0.0250000
NODE_2021_length_1597_cov_7.434579	1373	1453	120	1	80	0.0125000
NODE_2021_length_1597_cov_7.434579	1373	1453	135	1	80	0.0125000
NODE_2021_length_1597_cov_7.434579	1373	1453	138	1	80	0.0125000
NODE_2021_length_1597_cov_7.434579	1373	1453	142	3	80	0.0375000
NODE_2021_length_1597_cov_7.434579	1373	1453	143	2	80	0.0250000
NODE_2021_length_1597_cov_7.434579	1373	1453	148	1	80	0.0125000
NODE_2021_length_1597_cov_7.434579	1373	1453	206	1	80	0.0125000
NODE_2021_length_1597_cov_7.434579	1373	1453	213	1	80	0.0125000
NODE_2021_length_1597_cov_7.434579	1373	1453	224	1	80	0.0125000
NODE_2021_length_1597_cov_7.434579	1373	1453	226	1	80	0.0125000
NODE_2021_length_1597_cov_7.434579	1373	1453	238	1	80	0.0125000
NODE_2021_length_1597_cov_7.434579	1373	1453	244	1	80	0.0125000
NODE_2021_length_1597_cov_7.434579	1373	1453	248	1	80	0.0125000
NODE_2021_length_1597_cov_7.434579	1373	1453	262	1	80	0.0125000
NODE_2021_length_1597_cov_7.434579	1373	1453	281	1	80	0.0125000
NODE_2021_length_1597_cov_7.434579	1373	1453	294	1	80	0.0125000
NODE_2021_length_1597_cov_7.434579	1373	1453	312	1	80	0.0125000
NODE_2021_length_1597_cov_7.434579	1373	1453	341	1	80	0.0125000
NODE_2021_length_1597_cov_7.434579	1373	1453	370	1	80	0.0125000
NODE_2021_length_1597_cov_7.434579	1373	1453	384	1	80	0.0125000
NODE_2021_length_1597_cov_7.434579	1373	1453	394	1	80	0.0125000
NODE_2021_length_1597_cov_7.434579	1373	1453	397	1	80	0.0125000
NODE_2021_length_1597_cov_7.434579	1373	1453	408	2	80	0.0250000
NODE_2021_length_1597_cov_7.434579	1373	1453	418	1	80	0.0125000
NODE_2021_length_1597_cov_7.434579	1382	1453	41	1	71	0.0140845
NODE_2021_length_1597_cov_7.434579	1382	1453	44	3	71	0.0422535
NODE_2021_length_1597_cov_7.434579	1382	1453	54	2	71	0.0281690
NODE_2021_length_1597_cov_7.434579	1382	1453	55	1	71	0.0140845
NODE_2021_length_1597_cov_7.434579	1382	1453	57	1	71	0.0140845
NODE_2021_length_1597_cov_7.434579	1382	1453	63	3	71	0.0422535
NODE_2021_length_1597_cov_7.434579	1382	1453	68	1	71	0.0140845
NODE_2021_length_1597_cov_7.434579	1382	1453	69	7	71	0.0985916
NODE_2021_length_1597_cov_7.434579	1382	1453	70	1	71	0.0140845
NODE_2021_length_1597_cov_7.434579	1382	1453	71	1	71	0.0140845
NODE_2021_length_1597_cov_7.434579	1382	1453	74	1	71	0.0140845
NODE_2021_length_1597_cov_7.434579	1382	1453	76	1	71	0.0140845
NODE_2021_length_1597_cov_7.434579	1382	1453	77	1	71	0.0140845
NODE_2021_length_1597_cov_7.434579	1382	1453	78	2	71	0.0281690
NODE_2021_length_1597_cov_7.434579	1382	1453	80	2	71	0.0281690
NODE_2021_length_1597_cov_7.434579	1382	1453	86	1	71	0.0140845
NODE_2021_length_1597_cov_7.434579	1382	1453	88	2	71	0.0281690
NODE_2021_length_1597_cov_7.434579	1382	1453	89	2	71	0.0281690
NODE_2021_length_1597_cov_7.434579	1382	1453	91	1	71	0.0140845
NODE_2021_length_1597_cov_7.434579	1382	1453	95	1	71	0.0140845
NODE_2021_length_1597_cov_7.434579	1382	1453	97	1	71	0.0140845
NODE_2021_length_1597_cov_7.434579	1382	1453	100	2	71	0.0281690
NODE_2021_length_1597_cov_7.434579	1382	1453	102	1	71	0.0140845
NODE_2021_length_1597_cov_7.434579	1382	1453	107	2	71	0.0281690
NODE_2021_length_1597_cov_7.434579	1382	1453	111	2	71	0.0281690
NODE_2021_length_1597_cov_7.434579	1382	1453	120	1	71	0.0140845
NODE_2021_length_1597_cov_7.434579	1382	1453	135	1	71	0.0140845
NODE_2021_length_1597_cov_7.434579	1382	1453	138	1	71	0.0140845
NODE_2021_length_1597_cov_7.434579	1382	1453	142	3	71	0.0422535
NODE_2021_length_1597_cov_7.434579	1382	1453	143	2	71	0.0281690
NODE_2021_length_1597_cov_7.434579	1382	1453	148	1	71	0.0140845
NODE_2021_length_1597_cov_7.434579	1382	1453	206	1	71	0.0140845
NODE_2021_length_1597_cov_7.434579	1382	1453	213	1	71	0.0140845
NODE_2021_length_1597_cov_7.434579	1382	1453	224	1	71	0.0140845
NODE_2021_length_1597_cov_7.434579	1382	1453	226	1	71	0.0140845
NODE_2021_length_1597_cov_7.434579	1382	1453	238	1	71	0.0140845
NODE_2021_length_1597_cov_7.434579	1382	1453	244	1	71	0.0140845
NODE_2021_length_1597_cov_7.434579	1382	1453	248	1	71	0.0140845
NODE_2021_length_1597_cov_7.434579	1382	1453	262	1	71	0.0140845
NODE_2021_length_1597_cov_7.434579	1382	1453	281	1	71	0.0140845
NODE_2021_length_1597_cov_7.434579	1382	1453	294	1	71	0.0140845
NODE_2021_length_1597_cov_7.434579	1382	1453	312	1	71	0.0140845
NODE_2021_length_1597_cov_7.434579	1382	1453	341	1	71	0.0140845
NODE_2021_length_1597_cov_7.434579	1382	1453	370	1	71	0.0140845
NODE_2021_length_1597_cov_7.434579	1382	1453	384	1	71	0.0140845
NODE_2021_length_1597_cov_7.434579	1382	1453	394	1	71	0.0140845
NODE_2021_length_1597_cov_7.434579	1382	1453	397	1	71	0.0140845
NODE_2021_length_1597_cov_7.434579	1382	1453	408	2	71	0.0281690
NODE_2021_length_1597_cov_7.434579	1382	1453	418	1	71	0.0140845
NODE_2022_length_1595_cov_16.788770	215	267	2	4	52	0.0769231
NODE_2022_length_1595_cov_16.788770	215	267	6	3	52	0.0576923
NODE_2022_length_1595_cov_16.788770	215	267	7	1	52	0.0192308
NODE_2022_length_1595_cov_16.788770	215	267	8	44	52	0.8461539
NODE_2022_length_1595_cov_16.788770	614	673	10	7	59	0.1186441
NODE_2022_length_1595_cov_16.788770	614	673	12	6	59	0.1016949
NODE_2022_length_1595_cov_16.788770	614	673	14	15	59	0.2542373
NODE_2022_length_1595_cov_16.788770	614	673	16	31	59	0.5254237
NODE_2025_length_1593_cov_22.412316	144	224	0	43	80	0.5375000
NODE_2025_length_1593_cov_22.412316	144	224	1	6	80	0.0750000
NODE_2025_length_1593_cov_22.412316	144	224	2	31	80	0.3875000
NODE_2025_length_1593_cov_22.412316	197	277	2	80	80	1.0000000
NODE_2025_length_1593_cov_22.412316	1192	1272	0	12	80	0.1500000
NODE_2025_length_1593_cov_22.412316	1192	1272	2	68	80	0.8500000
NODE_2025_length_1593_cov_22.412316	1245	1325	0	65	80	0.8125000
NODE_2025_length_1593_cov_22.412316	1245	1325	2	15	80	0.1875000
NODE_2026_length_1593_cov_14.092369	357	437	0	80	80	1.0000000
NODE_2026_length_1593_cov_14.092369	410	490	0	80	80	1.0000000
NODE_2026_length_1593_cov_14.092369	1061	1141	0	56	80	0.7000000
NODE_2026_length_1593_cov_14.092369	1061	1141	4	24	80	0.3000000
NODE_2026_length_1593_cov_14.092369	1114	1194	0	3	80	0.0375000
NODE_2026_length_1593_cov_14.092369	1114	1194	4	77	80	0.9625000
NODE_2031_length_1592_cov_4.576691	277	357	0	3	80	0.0375000
NODE_2031_length_1592_cov_4.576691	277	357	3	2	80	0.0250000
NODE_2031_length_1592_cov_4.576691	277	357	4	75	80	0.9375000
NODE_2031_length_1592_cov_4.576691	330	410	0	56	80	0.7000000
NODE_2031_length_1592_cov_4.576691	330	410	3	2	80	0.0250000
NODE_2031_length_1592_cov_4.576691	330	410	4	22	80	0.2750000
NODE_2034_length_1591_cov_15.481233	841	921	0	6	80	0.0750000
NODE_2034_length_1591_cov_15.481233	841	921	8	40	80	0.5000000
NODE_2034_length_1591_cov_15.481233	841	921	10	34	80	0.4250000
NODE_2034_length_1591_cov_15.481233	894	974	10	80	80	1.0000000
NODE_2035_length_1591_cov_4.040885	35	65	0	30	30	1.0000000
NODE_2035_length_1591_cov_4.040885	38	99	0	60	61	0.9836066
NODE_2035_length_1591_cov_4.040885	38	99	2	1	61	0.0163934
NODE_2042_length_1589_cov_10.184564	379	459	0	80	80	1.0000000
NODE_2042_length_1589_cov_10.184564	432	512	0	80	80	1.0000000
NODE_2042_length_1589_cov_10.184564	473	512	0	39	39	1.0000000
NODE_2042_length_1589_cov_10.184564	508	588	0	4	80	0.0500000
NODE_2042_length_1589_cov_10.184564	508	588	2	30	80	0.3750000
NODE_2042_length_1589_cov_10.184564	508	588	4	46	80	0.5750000
NODE_2042_length_1589_cov_10.184564	561	641	2	55	80	0.6875000
NODE_2042_length_1589_cov_10.184564	561	641	4	25	80	0.3125000
NODE_2043_length_1588_cov_9.955675	415	495	0	23	80	0.2875000
NODE_2043_length_1588_cov_9.955675	415	495	4	57	80	0.7125000
NODE_2043_length_1588_cov_9.955675	468	548	0	21	80	0.2625000
NODE_2043_length_1588_cov_9.955675	468	548	4	59	80	0.7375000
NODE_2046_length_1587_cov_7.942204	710	790	2	37	80	0.4625000
NODE_2046_length_1587_cov_7.942204	710	790	4	43	80	0.5375000
NODE_2046_length_1587_cov_7.942204	763	843	2	68	80	0.8500000
NODE_2046_length_1587_cov_7.942204	763	843	4	12	80	0.1500000
NODE_2049_length_1586_cov_6.488231	447	474	0	27	27	1.0000000
NODE_2049_length_1586_cov_6.488231	447	527	0	80	80	1.0000000
NODE_2049_length_1586_cov_6.488231	500	580	0	80	80	1.0000000
NODE_2056_length_1583_cov_27.825472	800	880	0	80	80	1.0000000
NODE_2056_length_1583_cov_27.825472	853	933	0	58	80	0.7250000
NODE_2056_length_1583_cov_27.825472	853	933	8	21	80	0.2625000
NODE_2056_length_1583_cov_27.825472	853	933	10	1	80	0.0125000
NODE_2056_length_1583_cov_27.825472	929	1009	8	3	80	0.0375000
NODE_2056_length_1583_cov_27.825472	929	1009	10	77	80	0.9625000
NODE_2056_length_1583_cov_27.825472	982	1062	0	20	80	0.2500000
NODE_2056_length_1583_cov_27.825472	982	1062	8	23	80	0.2875000
NODE_2056_length_1583_cov_27.825472	982	1062	10	37	80	0.4625000
NODE_2060_length_1581_cov_10.610661	457	537	0	3	80	0.0375000
NODE_2060_length_1581_cov_10.610661	457	537	4	23	80	0.2875000
NODE_2060_length_1581_cov_10.610661	457	537	5	1	80	0.0125000
NODE_2060_length_1581_cov_10.610661	457	537	6	53	80	0.6625000
NODE_2060_length_1581_cov_10.610661	510	590	0	12	80	0.1500000
NODE_2060_length_1581_cov_10.610661	510	590	6	68	80	0.8500000
NODE_2065_length_1579_cov_7.395946	5	80	0	75	75	1.0000000
NODE_2065_length_1579_cov_7.395946	58	126	0	68	68	1.0000000
NODE_2066_length_1579_cov_7.152027	1331	1409	0	78	78	1.0000000
NODE_2066_length_1579_cov_7.152027	1382	1462	0	80	80	1.0000000
NODE_2067_length_1579_cov_6.741892	4	52	54	1	48	0.0208333
NODE_2067_length_1579_cov_6.741892	4	52	67	1	48	0.0208333
NODE_2067_length_1579_cov_6.741892	4	52	74	1	48	0.0208333
NODE_2067_length_1579_cov_6.741892	4	52	97	2	48	0.0416667
NODE_2067_length_1579_cov_6.741892	4	52	98	1	48	0.0208333
NODE_2067_length_1579_cov_6.741892	4	52	102	1	48	0.0208333
NODE_2067_length_1579_cov_6.741892	4	52	103	1	48	0.0208333
NODE_2067_length_1579_cov_6.741892	4	52	105	2	48	0.0416667
NODE_2067_length_1579_cov_6.741892	4	52	109	1	48	0.0208333
NODE_2067_length_1579_cov_6.741892	4	52	124	1	48	0.0208333
NODE_2067_length_1579_cov_6.741892	4	52	142	1	48	0.0208333
NODE_2067_length_1579_cov_6.741892	4	52	161	1	48	0.0208333
NODE_2067_length_1579_cov_6.741892	4	52	165	1	48	0.0208333
NODE_2067_length_1579_cov_6.741892	4	52	166	1	48	0.0208333
NODE_2067_length_1579_cov_6.741892	4	52	167	1	48	0.0208333
NODE_2067_length_1579_cov_6.741892	4	52	169	1	48	0.0208333
NODE_2067_length_1579_cov_6.741892	4	52	170	4	48	0.0833333
NODE_2067_length_1579_cov_6.741892	4	52	171	2	48	0.0416667
NODE_2067_length_1579_cov_6.741892	4	52	172	2	48	0.0416667
NODE_2067_length_1579_cov_6.741892	4	52	175	1	48	0.0208333
NODE_2067_length_1579_cov_6.741892	4	52	176	1	48	0.0208333
NODE_2067_length_1579_cov_6.741892	4	52	177	3	48	0.0625000
NODE_2067_length_1579_cov_6.741892	4	52	178	2	48	0.0416667
NODE_2067_length_1579_cov_6.741892	4	52	179	2	48	0.0416667
NODE_2067_length_1579_cov_6.741892	4	52	181	2	48	0.0416667
NODE_2067_length_1579_cov_6.741892	4	52	185	11	48	0.2291667
NODE_2067_length_1579_cov_6.741892	4	52	54	1	48	0.0208333
NODE_2067_length_1579_cov_6.741892	4	52	67	1	48	0.0208333
NODE_2067_length_1579_cov_6.741892	4	52	74	1	48	0.0208333
NODE_2067_length_1579_cov_6.741892	4	52	97	2	48	0.0416667
NODE_2067_length_1579_cov_6.741892	4	52	98	1	48	0.0208333
NODE_2067_length_1579_cov_6.741892	4	52	102	1	48	0.0208333
NODE_2067_length_1579_cov_6.741892	4	52	103	1	48	0.0208333
NODE_2067_length_1579_cov_6.741892	4	52	105	2	48	0.0416667
NODE_2067_length_1579_cov_6.741892	4	52	109	1	48	0.0208333
NODE_2067_length_1579_cov_6.741892	4	52	124	1	48	0.0208333
NODE_2067_length_1579_cov_6.741892	4	52	142	1	48	0.0208333
NODE_2067_length_1579_cov_6.741892	4	52	161	1	48	0.0208333
NODE_2067_length_1579_cov_6.741892	4	52	165	1	48	0.0208333
NODE_2067_length_1579_cov_6.741892	4	52	166	1	48	0.0208333
NODE_2067_length_1579_cov_6.741892	4	52	167	1	48	0.0208333
NODE_2067_length_1579_cov_6.741892	4	52	169	1	48	0.0208333
NODE_2067_length_1579_cov_6.741892	4	52	170	4	48	0.0833333
NODE_2067_length_1579_cov_6.741892	4	52	171	2	48	0.0416667
NODE_2067_length_1579_cov_6.741892	4	52	172	2	48	0.0416667
NODE_2067_length_1579_cov_6.741892	4	52	175	1	48	0.0208333
NODE_2067_length_1579_cov_6.741892	4	52	176	1	48	0.0208333
NODE_2067_length_1579_cov_6.741892	4	52	177	3	48	0.0625000
NODE_2067_length_1579_cov_6.741892	4	52	178	2	48	0.0416667
NODE_2067_length_1579_cov_6.741892	4	52	179	2	48	0.0416667
NODE_2067_length_1579_cov_6.741892	4	52	181	2	48	0.0416667
NODE_2067_length_1579_cov_6.741892	4	52	185	11	48	0.2291667
NODE_2067_length_1579_cov_6.741892	4	52	54	1	48	0.0208333
NODE_2067_length_1579_cov_6.741892	4	52	67	1	48	0.0208333
NODE_2067_length_1579_cov_6.741892	4	52	74	1	48	0.0208333
NODE_2067_length_1579_cov_6.741892	4	52	97	2	48	0.0416667
NODE_2067_length_1579_cov_6.741892	4	52	98	1	48	0.0208333
NODE_2067_length_1579_cov_6.741892	4	52	102	1	48	0.0208333
NODE_2067_length_1579_cov_6.741892	4	52	103	1	48	0.0208333
NODE_2067_length_1579_cov_6.741892	4	52	105	2	48	0.0416667
NODE_2067_length_1579_cov_6.741892	4	52	109	1	48	0.0208333
NODE_2067_length_1579_cov_6.741892	4	52	124	1	48	0.0208333
NODE_2067_length_1579_cov_6.741892	4	52	142	1	48	0.0208333
NODE_2067_length_1579_cov_6.741892	4	52	161	1	48	0.0208333
NODE_2067_length_1579_cov_6.741892	4	52	165	1	48	0.0208333
NODE_2067_length_1579_cov_6.741892	4	52	166	1	48	0.0208333
NODE_2067_length_1579_cov_6.741892	4	52	167	1	48	0.0208333
NODE_2067_length_1579_cov_6.741892	4	52	169	1	48	0.0208333
NODE_2067_length_1579_cov_6.741892	4	52	170	4	48	0.0833333
NODE_2067_length_1579_cov_6.741892	4	52	171	2	48	0.0416667
NODE_2067_length_1579_cov_6.741892	4	52	172	2	48	0.0416667
NODE_2067_length_1579_cov_6.741892	4	52	175	1	48	0.0208333
NODE_2067_length_1579_cov_6.741892	4	52	176	1	48	0.0208333
NODE_2067_length_1579_cov_6.741892	4	52	177	3	48	0.0625000
NODE_2067_length_1579_cov_6.741892	4	52	178	2	48	0.0416667
NODE_2067_length_1579_cov_6.741892	4	52	179	2	48	0.0416667
NODE_2067_length_1579_cov_6.741892	4	52	181	2	48	0.0416667
NODE_2067_length_1579_cov_6.741892	4	52	185	11	48	0.2291667
NODE_2067_length_1579_cov_6.741892	25	105	170	1	80	0.0125000
NODE_2067_length_1579_cov_6.741892	25	105	171	2	80	0.0250000
NODE_2067_length_1579_cov_6.741892	25	105	172	2	80	0.0250000
NODE_2067_length_1579_cov_6.741892	25	105	175	1	80	0.0125000
NODE_2067_length_1579_cov_6.741892	25	105	176	1	80	0.0125000
NODE_2067_length_1579_cov_6.741892	25	105	177	3	80	0.0375000
NODE_2067_length_1579_cov_6.741892	25	105	178	2	80	0.0250000
NODE_2067_length_1579_cov_6.741892	25	105	179	2	80	0.0250000
NODE_2067_length_1579_cov_6.741892	25	105	181	2	80	0.0250000
NODE_2067_length_1579_cov_6.741892	25	105	185	13	80	0.1625000
NODE_2067_length_1579_cov_6.741892	25	105	186	7	80	0.0875000
NODE_2067_length_1579_cov_6.741892	25	105	190	1	80	0.0125000
NODE_2067_length_1579_cov_6.741892	25	105	192	26	80	0.3250000
NODE_2067_length_1579_cov_6.741892	25	105	193	17	80	0.2125000
NODE_2067_length_1579_cov_6.741892	25	91	170	1	66	0.0151515
NODE_2067_length_1579_cov_6.741892	25	91	171	2	66	0.0303030
NODE_2067_length_1579_cov_6.741892	25	91	172	2	66	0.0303030
NODE_2067_length_1579_cov_6.741892	25	91	175	1	66	0.0151515
NODE_2067_length_1579_cov_6.741892	25	91	176	1	66	0.0151515
NODE_2067_length_1579_cov_6.741892	25	91	177	3	66	0.0454545
NODE_2067_length_1579_cov_6.741892	25	91	178	2	66	0.0303030
NODE_2067_length_1579_cov_6.741892	25	91	179	2	66	0.0303030
NODE_2067_length_1579_cov_6.741892	25	91	181	2	66	0.0303030
NODE_2067_length_1579_cov_6.741892	25	91	185	13	66	0.1969697
NODE_2067_length_1579_cov_6.741892	25	91	186	7	66	0.1060606
NODE_2067_length_1579_cov_6.741892	25	91	192	17	66	0.2575758
NODE_2067_length_1579_cov_6.741892	25	91	193	13	66	0.1969697
NODE_2067_length_1579_cov_6.741892	25	96	170	1	71	0.0140845
NODE_2067_length_1579_cov_6.741892	25	96	171	2	71	0.0281690
NODE_2067_length_1579_cov_6.741892	25	96	172	2	71	0.0281690
NODE_2067_length_1579_cov_6.741892	25	96	175	1	71	0.0140845
NODE_2067_length_1579_cov_6.741892	25	96	176	1	71	0.0140845
NODE_2067_length_1579_cov_6.741892	25	96	177	3	71	0.0422535
NODE_2067_length_1579_cov_6.741892	25	96	178	2	71	0.0281690
NODE_2067_length_1579_cov_6.741892	25	96	179	2	71	0.0281690
NODE_2067_length_1579_cov_6.741892	25	96	181	2	71	0.0281690
NODE_2067_length_1579_cov_6.741892	25	96	185	13	71	0.1830986
NODE_2067_length_1579_cov_6.741892	25	96	186	7	71	0.0985916
NODE_2067_length_1579_cov_6.741892	25	96	192	18	71	0.2535211
NODE_2067_length_1579_cov_6.741892	25	96	193	17	71	0.2394366
NODE_2076_length_1575_cov_4.250000	993	1073	2	17	80	0.2125000
NODE_2076_length_1575_cov_4.250000	993	1073	4	63	80	0.7875000
NODE_2076_length_1575_cov_4.250000	1046	1126	0	10	80	0.1250000
NODE_2076_length_1575_cov_4.250000	1046	1126	2	43	80	0.5375000
NODE_2076_length_1575_cov_4.250000	1046	1126	4	27	80	0.3375000
NODE_2078_length_1574_cov_40.682034	551	631	0	26	80	0.3250000
NODE_2078_length_1574_cov_40.682034	551	631	2	3	80	0.0375000
NODE_2078_length_1574_cov_40.682034	551	631	4	49	80	0.6125000
NODE_2078_length_1574_cov_40.682034	551	631	5	1	80	0.0125000
NODE_2078_length_1574_cov_40.682034	551	631	6	1	80	0.0125000
NODE_2078_length_1574_cov_40.682034	604	684	4	36	80	0.4500000
NODE_2078_length_1574_cov_40.682034	604	684	5	1	80	0.0125000
NODE_2078_length_1574_cov_40.682034	604	684	6	43	80	0.5375000
NODE_2078_length_1574_cov_40.682034	680	760	3	30	80	0.3750000
NODE_2078_length_1574_cov_40.682034	680	760	4	27	80	0.3375000
NODE_2078_length_1574_cov_40.682034	680	760	5	3	80	0.0375000
NODE_2078_length_1574_cov_40.682034	680	760	7	20	80	0.2500000
NODE_2078_length_1574_cov_40.682034	733	813	3	69	80	0.8625000
NODE_2078_length_1574_cov_40.682034	733	813	4	11	80	0.1375000
NODE_2079_length_1574_cov_7.572203	1306	1386	6	80	80	1.0000000
NODE_2079_length_1574_cov_7.572203	1359	1439	0	48	80	0.6000000
NODE_2079_length_1574_cov_7.572203	1359	1439	6	32	80	0.4000000
NODE_2081_length_1573_cov_16.107191	437	512	0	75	75	1.0000000
NODE_2081_length_1573_cov_16.107191	485	565	0	80	80	1.0000000
NODE_2081_length_1573_cov_16.107191	561	639	0	78	78	1.0000000
NODE_2081_length_1573_cov_16.107191	612	692	0	80	80	1.0000000
NODE_2085_length_1572_cov_25.966735	359	404	108	2	45	0.0444444
NODE_2085_length_1572_cov_25.966735	359	404	109	7	45	0.1555556
NODE_2085_length_1572_cov_25.966735	359	404	110	3	45	0.0666667
NODE_2085_length_1572_cov_25.966735	359	404	111	4	45	0.0888889
NODE_2085_length_1572_cov_25.966735	359	404	112	7	45	0.1555556
NODE_2085_length_1572_cov_25.966735	359	404	114	8	45	0.1777778
NODE_2085_length_1572_cov_25.966735	359	404	115	3	45	0.0666667
NODE_2085_length_1572_cov_25.966735	359	404	116	9	45	0.2000000
NODE_2085_length_1572_cov_25.966735	359	404	118	2	45	0.0444444
NODE_2085_length_1572_cov_25.966735	405	477	51	1	72	0.0138889
NODE_2085_length_1572_cov_25.966735	405	477	52	1	72	0.0138889
NODE_2085_length_1572_cov_25.966735	405	477	53	1	72	0.0138889
NODE_2085_length_1572_cov_25.966735	405	477	54	3	72	0.0416667
NODE_2085_length_1572_cov_25.966735	405	477	55	5	72	0.0694444
NODE_2085_length_1572_cov_25.966735	405	477	56	1	72	0.0138889
NODE_2085_length_1572_cov_25.966735	405	477	58	1	72	0.0138889
NODE_2085_length_1572_cov_25.966735	405	477	59	1	72	0.0138889
NODE_2085_length_1572_cov_25.966735	405	477	61	1	72	0.0138889
NODE_2085_length_1572_cov_25.966735	405	477	63	2	72	0.0277778
NODE_2085_length_1572_cov_25.966735	405	477	64	1	72	0.0138889
NODE_2085_length_1572_cov_25.966735	405	477	65	1	72	0.0138889
NODE_2085_length_1572_cov_25.966735	405	477	68	4	72	0.0555556
NODE_2085_length_1572_cov_25.966735	405	477	69	1	72	0.0138889
NODE_2085_length_1572_cov_25.966735	405	477	70	2	72	0.0277778
NODE_2085_length_1572_cov_25.966735	405	477	71	2	72	0.0277778
NODE_2085_length_1572_cov_25.966735	405	477	72	2	72	0.0277778
NODE_2085_length_1572_cov_25.966735	405	477	73	3	72	0.0416667
NODE_2085_length_1572_cov_25.966735	405	477	76	3	72	0.0416667
NODE_2085_length_1572_cov_25.966735	405	477	78	1	72	0.0138889
NODE_2085_length_1572_cov_25.966735	405	477	80	1	72	0.0138889
NODE_2085_length_1572_cov_25.966735	405	477	86	3	72	0.0416667
NODE_2085_length_1572_cov_25.966735	405	477	88	1	72	0.0138889
NODE_2085_length_1572_cov_25.966735	405	477	90	2	72	0.0277778
NODE_2085_length_1572_cov_25.966735	405	477	92	2	72	0.0277778
NODE_2085_length_1572_cov_25.966735	405	477	93	1	72	0.0138889
NODE_2085_length_1572_cov_25.966735	405	477	95	3	72	0.0416667
NODE_2085_length_1572_cov_25.966735	405	477	97	1	72	0.0138889
NODE_2085_length_1572_cov_25.966735	405	477	99	1	72	0.0138889
NODE_2085_length_1572_cov_25.966735	405	477	100	1	72	0.0138889
NODE_2085_length_1572_cov_25.966735	405	477	102	2	72	0.0277778
NODE_2085_length_1572_cov_25.966735	405	477	105	2	72	0.0277778
NODE_2085_length_1572_cov_25.966735	405	477	108	2	72	0.0277778
NODE_2085_length_1572_cov_25.966735	405	477	109	4	72	0.0555556
NODE_2085_length_1572_cov_25.966735	405	477	111	5	72	0.0694444
NODE_2085_length_1572_cov_25.966735	405	477	113	1	72	0.0138889
NODE_2085_length_1572_cov_25.966735	405	477	115	3	72	0.0416667
NODE_2085_length_1572_cov_25.966735	1016	1096	0	5	80	0.0625000
NODE_2085_length_1572_cov_25.966735	1016	1096	3	75	80	0.9375000
NODE_2085_length_1572_cov_25.966735	1069	1149	0	58	80	0.7250000
NODE_2085_length_1572_cov_25.966735	1069	1149	3	22	80	0.2750000
NODE_2086_length_1572_cov_3.513238	1386	1462	6	3	76	0.0394737
NODE_2086_length_1572_cov_3.513238	1386	1462	10	32	76	0.4210526
NODE_2086_length_1572_cov_3.513238	1386	1462	12	6	76	0.0789474
NODE_2086_length_1572_cov_3.513238	1386	1462	14	1	76	0.0131579
NODE_2086_length_1572_cov_3.513238	1386	1462	16	13	76	0.1710526
NODE_2086_length_1572_cov_3.513238	1386	1462	18	21	76	0.2763158
NODE_2090_length_1570_cov_21.745071	700	780	0	23	80	0.2875000
NODE_2090_length_1570_cov_21.745071	700	780	4	57	80	0.7125000
NODE_2090_length_1570_cov_21.745071	753	833	0	29	80	0.3625000
NODE_2090_length_1570_cov_21.745071	753	833	4	51	80	0.6375000
NODE_2091_length_1570_cov_3.276003	387	467	0	80	80	1.0000000
NODE_2091_length_1570_cov_3.276003	440	520	0	80	80	1.0000000
NODE_2093_length_1569_cov_53.941497	741	821	0	18	80	0.2250000
NODE_2093_length_1569_cov_53.941497	741	821	10	15	80	0.1875000
NODE_2093_length_1569_cov_53.941497	741	821	12	1	80	0.0125000
NODE_2093_length_1569_cov_53.941497	741	821	14	5	80	0.0625000
NODE_2093_length_1569_cov_53.941497	741	821	16	23	80	0.2875000
NODE_2093_length_1569_cov_53.941497	741	821	18	18	80	0.2250000
NODE_2093_length_1569_cov_53.941497	794	874	16	28	80	0.3500000
NODE_2093_length_1569_cov_53.941497	794	874	18	52	80	0.6500000
NODE_2093_length_1569_cov_53.941497	870	950	2	30	80	0.3750000
NODE_2093_length_1569_cov_53.941497	870	950	4	32	80	0.4000000
NODE_2093_length_1569_cov_53.941497	870	950	14	5	80	0.0625000
NODE_2093_length_1569_cov_53.941497	870	950	16	5	80	0.0625000
NODE_2093_length_1569_cov_53.941497	870	950	18	8	80	0.1000000
NODE_2093_length_1569_cov_53.941497	923	1003	2	53	80	0.6625000
NODE_2093_length_1569_cov_53.941497	923	1003	4	27	80	0.3375000
NODE_2094_length_1569_cov_12.426531	640	720	4	80	80	1.0000000
NODE_2094_length_1569_cov_12.426531	693	773	0	5	80	0.0625000
NODE_2094_length_1569_cov_12.426531	693	773	4	75	80	0.9375000
NODE_2094_length_1569_cov_12.426531	769	849	0	80	80	1.0000000
NODE_2094_length_1569_cov_12.426531	822	902	0	80	80	1.0000000
NODE_2095_length_1569_cov_12.365986	450	530	2	25	80	0.3125000
NODE_2095_length_1569_cov_12.365986	450	530	7	7	80	0.0875000
NODE_2095_length_1569_cov_12.365986	450	530	8	17	80	0.2125000
NODE_2095_length_1569_cov_12.365986	450	530	9	28	80	0.3500000
NODE_2095_length_1569_cov_12.365986	450	530	10	3	80	0.0375000
NODE_2095_length_1569_cov_12.365986	450	530	2	25	80	0.3125000
NODE_2095_length_1569_cov_12.365986	450	530	7	7	80	0.0875000
NODE_2095_length_1569_cov_12.365986	450	530	8	17	80	0.2125000
NODE_2095_length_1569_cov_12.365986	450	530	9	28	80	0.3500000
NODE_2095_length_1569_cov_12.365986	450	530	10	3	80	0.0375000
NODE_2095_length_1569_cov_12.365986	503	564	9	24	61	0.3934426
NODE_2095_length_1569_cov_12.365986	503	564	10	5	61	0.0819672
NODE_2095_length_1569_cov_12.365986	503	564	11	32	61	0.5245901
NODE_2095_length_1569_cov_12.365986	503	556	9	24	53	0.4528302
NODE_2095_length_1569_cov_12.365986	503	556	10	5	53	0.0943396
NODE_2095_length_1569_cov_12.365986	503	556	11	24	53	0.4528302
NODE_2096_length_1569_cov_11.599320	798	878	0	80	80	1.0000000
NODE_2096_length_1569_cov_11.599320	851	931	0	80	80	1.0000000
NODE_2097_length_1569_cov_10.917687	521	601	0	64	80	0.8000000
NODE_2097_length_1569_cov_10.917687	521	601	1	2	80	0.0250000
NODE_2097_length_1569_cov_10.917687	521	601	2	14	80	0.1750000
NODE_2097_length_1569_cov_10.917687	574	654	0	11	80	0.1375000
NODE_2097_length_1569_cov_10.917687	574	654	1	2	80	0.0250000
NODE_2097_length_1569_cov_10.917687	574	654	2	67	80	0.8375000
NODE_2108_length_1563_cov_15.357240	590	670	4	10	80	0.1250000
NODE_2108_length_1563_cov_15.357240	590	670	7	35	80	0.4375000
NODE_2108_length_1563_cov_15.357240	590	670	8	32	80	0.4000000
NODE_2108_length_1563_cov_15.357240	590	670	10	3	80	0.0375000
NODE_2108_length_1563_cov_15.357240	643	723	8	24	80	0.3000000
NODE_2108_length_1563_cov_15.357240	643	723	10	56	80	0.7000000
NODE_2110_length_1561_cov_18.420657	354	434	0	80	80	1.0000000
NODE_2110_length_1561_cov_18.420657	407	487	0	41	80	0.5125000
NODE_2110_length_1561_cov_18.420657	407	487	2	39	80	0.4875000
NODE_2110_length_1561_cov_18.420657	483	563	2	80	80	1.0000000
NODE_2110_length_1561_cov_18.420657	536	616	0	52	80	0.6500000
NODE_2110_length_1561_cov_18.420657	536	616	2	28	80	0.3500000
NODE_2116_length_1559_cov_7.071233	347	427	2	80	80	1.0000000
NODE_2116_length_1559_cov_7.071233	400	478	0	44	78	0.5641026
NODE_2116_length_1559_cov_7.071233	400	478	2	34	78	0.4358974
NODE_2116_length_1559_cov_7.071233	1187	1238	4	3	51	0.0588235
NODE_2116_length_1559_cov_7.071233	1187	1238	6	48	51	0.9411765
NODE_2118_length_1558_cov_3.486635	338	418	0	80	80	1.0000000
NODE_2118_length_1558_cov_3.486635	391	471	0	80	80	1.0000000
NODE_2119_length_1557_cov_17.089163	542	622	0	40	80	0.5000000
NODE_2119_length_1557_cov_17.089163	542	622	2	40	80	0.5000000
NODE_2119_length_1557_cov_17.089163	595	675	2	80	80	1.0000000
NODE_2120_length_1557_cov_4.639918	0	56	0	33	56	0.5892857
NODE_2120_length_1557_cov_4.639918	0	56	2	23	56	0.4107143
NODE_2120_length_1557_cov_4.639918	49	112	2	63	63	1.0000000
NODE_2120_length_1557_cov_4.639918	85	161	2	76	76	1.0000000
NODE_2123_length_1556_cov_23.289636	456	536	6	12	80	0.1500000
NODE_2123_length_1556_cov_23.289636	456	536	12	2	80	0.0250000
NODE_2123_length_1556_cov_23.289636	456	536	15	1	80	0.0125000
NODE_2123_length_1556_cov_23.289636	456	536	16	1	80	0.0125000
NODE_2123_length_1556_cov_23.289636	456	536	17	54	80	0.6750000
NODE_2123_length_1556_cov_23.289636	456	536	18	10	80	0.1250000
NODE_2123_length_1556_cov_23.289636	509	589	11	2	80	0.0250000
NODE_2123_length_1556_cov_23.289636	509	589	15	1	80	0.0125000
NODE_2123_length_1556_cov_23.289636	509	589	17	77	80	0.9625000
NODE_2123_length_1556_cov_23.289636	681	761	0	80	80	1.0000000
NODE_2123_length_1556_cov_23.289636	734	814	0	80	80	1.0000000
NODE_2123_length_1556_cov_23.289636	1445	1525	92	4	80	0.0500000
NODE_2123_length_1556_cov_23.289636	1445	1525	94	2	80	0.0250000
NODE_2123_length_1556_cov_23.289636	1445	1525	98	1	80	0.0125000
NODE_2123_length_1556_cov_23.289636	1445	1525	102	18	80	0.2250000
NODE_2123_length_1556_cov_23.289636	1445	1525	104	55	80	0.6875000
NODE_2124_length_1556_cov_7.494166	300	380	2	53	80	0.6625000
NODE_2124_length_1556_cov_7.494166	300	380	4	27	80	0.3375000
NODE_2124_length_1556_cov_7.494166	353	433	0	2	80	0.0250000
NODE_2124_length_1556_cov_7.494166	353	433	2	67	80	0.8375000
NODE_2124_length_1556_cov_7.494166	353	433	4	11	80	0.1375000
NODE_2126_length_1555_cov_13.461538	666	746	0	80	80	1.0000000
NODE_2126_length_1555_cov_13.461538	719	799	0	80	80	1.0000000
NODE_2127_length_1554_cov_30.239175	144	226	0	82	82	1.0000000
NODE_2127_length_1554_cov_30.239175	199	279	0	44	80	0.5500000
NODE_2127_length_1554_cov_30.239175	199	279	2	18	80	0.2250000
NODE_2127_length_1554_cov_30.239175	199	279	4	18	80	0.2250000
NODE_2127_length_1554_cov_30.239175	877	903	4	7	26	0.2692308
NODE_2127_length_1554_cov_30.239175	877	903	6	19	26	0.7307692
NODE_2127_length_1554_cov_30.239175	930	1010	2	10	80	0.1250000
NODE_2127_length_1554_cov_30.239175	930	1010	4	35	80	0.4375000
NODE_2127_length_1554_cov_30.239175	930	1010	6	35	80	0.4375000
NODE_2127_length_1554_cov_30.239175	983	1063	0	22	80	0.2750000
NODE_2127_length_1554_cov_30.239175	983	1063	4	58	80	0.7250000
NODE_2128_length_1554_cov_5.381443	1494	1554	11	1	60	0.0166667
NODE_2128_length_1554_cov_5.381443	1494	1554	15	1	60	0.0166667
NODE_2128_length_1554_cov_5.381443	1494	1554	19	1	60	0.0166667
NODE_2128_length_1554_cov_5.381443	1494	1554	26	1	60	0.0166667
NODE_2128_length_1554_cov_5.381443	1494	1554	33	1	60	0.0166667
NODE_2128_length_1554_cov_5.381443	1494	1554	37	1	60	0.0166667
NODE_2128_length_1554_cov_5.381443	1494	1554	44	1	60	0.0166667
NODE_2128_length_1554_cov_5.381443	1494	1554	53	1	60	0.0166667
NODE_2128_length_1554_cov_5.381443	1494	1554	54	2	60	0.0333333
NODE_2128_length_1554_cov_5.381443	1494	1554	64	1	60	0.0166667
NODE_2128_length_1554_cov_5.381443	1494	1554	69	2	60	0.0333333
NODE_2128_length_1554_cov_5.381443	1494	1554	72	1	60	0.0166667
NODE_2128_length_1554_cov_5.381443	1494	1554	80	46	60	0.7666667
NODE_2132_length_1552_cov_11.367515	379	445	0	66	66	1.0000000
NODE_2132_length_1552_cov_11.367515	418	484	0	66	66	1.0000000
NODE_2138_length_1549_cov_15.480000	1288	1368	6	15	80	0.1875000
NODE_2138_length_1549_cov_15.480000	1288	1368	8	65	80	0.8125000
NODE_2138_length_1549_cov_15.480000	1341	1421	2	6	80	0.0750000
NODE_2138_length_1549_cov_15.480000	1341	1421	4	14	80	0.1750000
NODE_2138_length_1549_cov_15.480000	1341	1421	6	48	80	0.6000000
NODE_2138_length_1549_cov_15.480000	1341	1421	8	12	80	0.1500000
NODE_2142_length_1548_cov_12.789510	770	850	0	80	80	1.0000000
NODE_2142_length_1548_cov_12.789510	823	903	0	80	80	1.0000000
NODE_2149_length_1546_cov_24.069800	775	855	2	52	80	0.6500000
NODE_2149_length_1546_cov_24.069800	775	855	4	28	80	0.3500000
NODE_2149_length_1546_cov_24.069800	828	908	2	69	80	0.8625000
NODE_2149_length_1546_cov_24.069800	828	908	4	11	80	0.1375000
NODE_2150_length_1546_cov_10.911541	417	497	2	4	80	0.0500000
NODE_2150_length_1546_cov_10.911541	417	497	6	76	80	0.9500000
NODE_2150_length_1546_cov_10.911541	470	550	2	39	80	0.4875000
NODE_2150_length_1546_cov_10.911541	470	550	6	29	80	0.3625000
NODE_2150_length_1546_cov_10.911541	470	550	8	12	80	0.1500000
NODE_2150_length_1546_cov_10.911541	1065	1145	0	60	80	0.7500000
NODE_2150_length_1546_cov_10.911541	1065	1145	4	20	80	0.2500000
NODE_2150_length_1546_cov_10.911541	1118	1198	0	7	80	0.0875000
NODE_2150_length_1546_cov_10.911541	1118	1198	4	73	80	0.9125000
NODE_2155_length_1543_cov_10.400970	480	560	0	80	80	1.0000000
NODE_2155_length_1543_cov_10.400970	533	613	0	80	80	1.0000000
NODE_2156_length_1543_cov_4.532548	43	98	0	55	55	1.0000000
NODE_2162_length_1541_cov_7.316921	523	603	0	80	80	1.0000000
NODE_2162_length_1541_cov_7.316921	576	658	0	82	82	1.0000000
NODE_2165_length_1539_cov_19.067361	334	414	0	17	80	0.2125000
NODE_2165_length_1539_cov_19.067361	334	414	2	63	80	0.7875000
NODE_2165_length_1539_cov_19.067361	387	467	0	14	80	0.1750000
NODE_2165_length_1539_cov_19.067361	387	467	2	66	80	0.8250000
NODE_2165_length_1539_cov_19.067361	463	543	0	80	80	1.0000000
NODE_2165_length_1539_cov_19.067361	516	596	0	31	80	0.3875000
NODE_2165_length_1539_cov_19.067361	516	596	4	7	80	0.0875000
NODE_2165_length_1539_cov_19.067361	516	596	7	42	80	0.5250000
NODE_2171_length_1538_cov_68.273801	604	684	6	12	80	0.1500000
NODE_2171_length_1538_cov_68.273801	604	684	14	44	80	0.5500000
NODE_2171_length_1538_cov_68.273801	604	684	16	15	80	0.1875000
NODE_2171_length_1538_cov_68.273801	604	684	18	9	80	0.1125000
NODE_2171_length_1538_cov_68.273801	657	737	2	8	80	0.1000000
NODE_2171_length_1538_cov_68.273801	657	737	4	42	80	0.5250000
NODE_2171_length_1538_cov_68.273801	657	737	6	15	80	0.1875000
NODE_2171_length_1538_cov_68.273801	657	737	14	2	80	0.0250000
NODE_2171_length_1538_cov_68.273801	657	737	16	4	80	0.0500000
NODE_2171_length_1538_cov_68.273801	657	737	18	9	80	0.1125000
NODE_2172_length_1538_cov_2.402363	1456	1499	0	43	43	1.0000000
NODE_2173_length_1537_cov_39.413074	782	862	0	5	80	0.0625000
NODE_2173_length_1537_cov_39.413074	782	862	4	75	80	0.9375000
NODE_2173_length_1537_cov_39.413074	835	915	0	58	80	0.7250000
NODE_2173_length_1537_cov_39.413074	835	915	4	22	80	0.2750000
NODE_2173_length_1537_cov_39.413074	911	991	0	61	80	0.7625000
NODE_2173_length_1537_cov_39.413074	911	991	2	19	80	0.2375000
NODE_2173_length_1537_cov_39.413074	964	1044	0	8	80	0.1000000
NODE_2173_length_1537_cov_39.413074	964	1044	2	72	80	0.9000000
NODE_2174_length_1537_cov_30.412378	739	819	2	30	80	0.3750000
NODE_2174_length_1537_cov_30.412378	739	819	4	50	80	0.6250000
NODE_2174_length_1537_cov_30.412378	792	872	0	9	80	0.1125000
NODE_2174_length_1537_cov_30.412378	792	872	2	7	80	0.0875000
NODE_2174_length_1537_cov_30.412378	792	872	4	64	80	0.8000000
NODE_2174_length_1537_cov_30.412378	868	948	0	80	80	1.0000000
NODE_2174_length_1537_cov_30.412378	921	1001	0	80	80	1.0000000
NODE_2175_length_1537_cov_18.707232	669	749	0	80	80	1.0000000
NODE_2175_length_1537_cov_18.707232	722	802	0	80	80	1.0000000
NODE_2176_length_1536_cov_24.991649	832	912	0	36	80	0.4500000
NODE_2176_length_1536_cov_24.991649	832	912	2	44	80	0.5500000
NODE_2176_length_1536_cov_24.991649	885	965	0	80	80	1.0000000
NODE_2176_length_1536_cov_24.991649	961	1041	0	48	80	0.6000000
NODE_2176_length_1536_cov_24.991649	961	1041	2	4	80	0.0500000
NODE_2176_length_1536_cov_24.991649	961	1041	8	28	80	0.3500000
NODE_2176_length_1536_cov_24.991649	1014	1094	6	11	80	0.1375000
NODE_2176_length_1536_cov_24.991649	1014	1094	8	69	80	0.8625000
NODE_2183_length_1535_cov_46.662256	992	1072	2	6	80	0.0750000
NODE_2183_length_1535_cov_46.662256	992	1072	4	18	80	0.2250000
NODE_2183_length_1535_cov_46.662256	992	1072	6	56	80	0.7000000
NODE_2183_length_1535_cov_46.662256	1045	1125	2	1	80	0.0125000
NODE_2183_length_1535_cov_46.662256	1045	1125	4	52	80	0.6500000
NODE_2183_length_1535_cov_46.662256	1045	1125	6	27	80	0.3375000
NODE_2183_length_1535_cov_46.662256	1127	1203	2	12	76	0.1578947
NODE_2183_length_1535_cov_46.662256	1127	1203	4	29	76	0.3815790
NODE_2183_length_1535_cov_46.662256	1127	1203	7	11	76	0.1447368
NODE_2183_length_1535_cov_46.662256	1127	1203	12	2	76	0.0263158
NODE_2183_length_1535_cov_46.662256	1127	1203	16	22	76	0.2894737
NODE_2183_length_1535_cov_46.662256	1176	1256	7	3	80	0.0375000
NODE_2183_length_1535_cov_46.662256	1176	1256	12	2	80	0.0250000
NODE_2183_length_1535_cov_46.662256	1176	1256	14	45	80	0.5625000
NODE_2183_length_1535_cov_46.662256	1176	1256	16	30	80	0.3750000
NODE_2184_length_1535_cov_32.610724	992	1072	0	80	80	1.0000000
NODE_2184_length_1535_cov_32.610724	1045	1125	0	80	80	1.0000000
NODE_2184_length_1535_cov_32.610724	1121	1201	0	66	80	0.8250000
NODE_2184_length_1535_cov_32.610724	1121	1201	2	14	80	0.1750000
NODE_2184_length_1535_cov_32.610724	1174	1254	0	13	80	0.1625000
NODE_2184_length_1535_cov_32.610724	1174	1254	2	14	80	0.1750000
NODE_2184_length_1535_cov_32.610724	1174	1254	6	11	80	0.1375000
NODE_2184_length_1535_cov_32.610724	1174	1254	8	42	80	0.5250000
NODE_2185_length_1535_cov_25.406685	619	699	2	80	80	1.0000000
NODE_2185_length_1535_cov_25.406685	672	752	0	43	80	0.5375000
NODE_2185_length_1535_cov_25.406685	672	752	2	37	80	0.4625000
NODE_2190_length_1534_cov_13.542857	439	519	0	79	80	0.9875000
NODE_2190_length_1534_cov_13.542857	439	519	2	1	80	0.0125000
NODE_2190_length_1534_cov_13.542857	492	567	0	26	75	0.3466667
NODE_2190_length_1534_cov_13.542857	492	567	2	49	75	0.6533333
NODE_2197_length_1531_cov_17.336592	324	404	0	52	80	0.6500000
NODE_2197_length_1531_cov_17.336592	324	404	4	23	80	0.2875000
NODE_2197_length_1531_cov_17.336592	324	404	6	5	80	0.0625000
NODE_2198_length_1531_cov_6.267458	606	686	0	14	80	0.1750000
NODE_2198_length_1531_cov_6.267458	606	686	2	45	80	0.5625000
NODE_2198_length_1531_cov_6.267458	606	686	4	21	80	0.2625000
NODE_2198_length_1531_cov_6.267458	659	739	2	31	80	0.3875000
NODE_2198_length_1531_cov_6.267458	659	739	4	49	80	0.6125000
NODE_2199_length_1530_cov_13.514326	323	403	0	17	80	0.2125000
NODE_2199_length_1530_cov_13.514326	323	403	2	48	80	0.6000000
NODE_2199_length_1530_cov_13.514326	323	403	4	15	80	0.1875000
NODE_2199_length_1530_cov_13.514326	376	456	2	65	80	0.8125000
NODE_2199_length_1530_cov_13.514326	376	456	4	15	80	0.1875000
NODE_2199_length_1530_cov_13.514326	1465	1513	0	48	48	1.0000000
NODE_2200_length_1530_cov_9.012579	637	717	0	80	80	1.0000000
NODE_2200_length_1530_cov_9.012579	690	770	0	80	80	1.0000000
NODE_2203_length_1529_cov_21.061538	983	1063	0	64	80	0.8000000
NODE_2203_length_1529_cov_21.061538	983	1063	2	16	80	0.2000000
NODE_2203_length_1529_cov_21.061538	1036	1116	0	80	80	1.0000000
NODE_2205_length_1529_cov_1.380420	219	282	0	4	63	0.0634921
NODE_2205_length_1529_cov_1.380420	219	282	2	13	63	0.2063492
NODE_2205_length_1529_cov_1.380420	219	282	4	10	63	0.1587302
NODE_2205_length_1529_cov_1.380420	219	282	6	36	63	0.5714286
NODE_2205_length_1529_cov_1.380420	272	323	0	1	51	0.0196078
NODE_2205_length_1529_cov_1.380420	272	323	2	8	51	0.1568628
NODE_2205_length_1529_cov_1.380420	272	323	4	24	51	0.4705882
NODE_2205_length_1529_cov_1.380420	272	323	6	18	51	0.3529412
NODE_2206_length_1528_cov_8.578027	449	529	2	13	80	0.1625000
NODE_2206_length_1528_cov_8.578027	449	529	6	13	80	0.1625000
NODE_2206_length_1528_cov_8.578027	449	529	8	54	80	0.6750000
NODE_2206_length_1528_cov_8.578027	502	582	0	39	80	0.4875000
NODE_2206_length_1528_cov_8.578027	502	582	2	27	80	0.3375000
NODE_2206_length_1528_cov_8.578027	502	582	6	13	80	0.1625000
NODE_2206_length_1528_cov_8.578027	502	582	8	1	80	0.0125000
NODE_2210_length_1526_cov_92.265592	986	1066	7	5	80	0.0625000
NODE_2210_length_1526_cov_92.265592	986	1066	8	61	80	0.7625000
NODE_2210_length_1526_cov_92.265592	986	1066	9	14	80	0.1750000
NODE_2210_length_1526_cov_92.265592	1039	1119	2	23	80	0.2875000
NODE_2210_length_1526_cov_92.265592	1039	1119	4	10	80	0.1250000
NODE_2210_length_1526_cov_92.265592	1039	1119	8	41	80	0.5125000
NODE_2210_length_1526_cov_92.265592	1039	1119	9	2	80	0.0250000
NODE_2210_length_1526_cov_92.265592	1039	1119	10	4	80	0.0500000
NODE_2211_length_1526_cov_4.051857	291	370	4	2	79	0.0253165
NODE_2211_length_1526_cov_4.051857	291	370	6	6	79	0.0759494
NODE_2211_length_1526_cov_4.051857	291	370	8	12	79	0.1518987
NODE_2211_length_1526_cov_4.051857	291	370	10	59	79	0.7468355
NODE_2213_length_1525_cov_20.232118	1014	1090	52	1	76	0.0131579
NODE_2213_length_1525_cov_20.232118	1014	1090	53	2	76	0.0263158
NODE_2213_length_1525_cov_20.232118	1014	1090	54	10	76	0.1315790
NODE_2213_length_1525_cov_20.232118	1014	1090	56	4	76	0.0526316
NODE_2213_length_1525_cov_20.232118	1014	1090	57	1	76	0.0131579
NODE_2213_length_1525_cov_20.232118	1014	1090	62	1	76	0.0131579
NODE_2213_length_1525_cov_20.232118	1014	1090	63	2	76	0.0263158
NODE_2213_length_1525_cov_20.232118	1014	1090	73	1	76	0.0131579
NODE_2213_length_1525_cov_20.232118	1014	1090	76	1	76	0.0131579
NODE_2213_length_1525_cov_20.232118	1014	1090	78	2	76	0.0263158
NODE_2213_length_1525_cov_20.232118	1014	1090	79	22	76	0.2894737
NODE_2213_length_1525_cov_20.232118	1014	1090	80	8	76	0.1052632
NODE_2213_length_1525_cov_20.232118	1014	1090	81	18	76	0.2368421
NODE_2213_length_1525_cov_20.232118	1014	1090	82	3	76	0.0394737
NODE_2213_length_1525_cov_20.232118	1281	1338	2	57	57	1.0000000
NODE_2214_length_1525_cov_11.421459	804	884	4	4	80	0.0500000
NODE_2214_length_1525_cov_11.421459	804	884	8	19	80	0.2375000
NODE_2214_length_1525_cov_11.421459	804	884	10	57	80	0.7125000
NODE_2214_length_1525_cov_11.421459	857	937	4	12	80	0.1500000
NODE_2214_length_1525_cov_11.421459	857	937	6	8	80	0.1000000
NODE_2214_length_1525_cov_11.421459	857	937	10	60	80	0.7500000
NODE_2217_length_1524_cov_130.874386	171	243	309	1	72	0.0138889
NODE_2217_length_1524_cov_130.874386	171	243	311	1	72	0.0138889
NODE_2217_length_1524_cov_130.874386	171	243	313	1	72	0.0138889
NODE_2217_length_1524_cov_130.874386	171	243	346	1	72	0.0138889
NODE_2217_length_1524_cov_130.874386	171	243	353	1	72	0.0138889
NODE_2217_length_1524_cov_130.874386	171	243	366	1	72	0.0138889
NODE_2217_length_1524_cov_130.874386	171	243	376	1	72	0.0138889
NODE_2217_length_1524_cov_130.874386	171	243	379	1	72	0.0138889
NODE_2217_length_1524_cov_130.874386	171	243	385	1	72	0.0138889
NODE_2217_length_1524_cov_130.874386	171	243	390	1	72	0.0138889
NODE_2217_length_1524_cov_130.874386	171	243	400	1	72	0.0138889
NODE_2217_length_1524_cov_130.874386	171	243	422	1	72	0.0138889
NODE_2217_length_1524_cov_130.874386	171	243	438	1	72	0.0138889
NODE_2217_length_1524_cov_130.874386	171	243	441	1	72	0.0138889
NODE_2217_length_1524_cov_130.874386	171	243	449	1	72	0.0138889
NODE_2217_length_1524_cov_130.874386	171	243	464	1	72	0.0138889
NODE_2217_length_1524_cov_130.874386	171	243	470	1	72	0.0138889
NODE_2217_length_1524_cov_130.874386	171	243	475	1	72	0.0138889
NODE_2217_length_1524_cov_130.874386	171	243	481	1	72	0.0138889
NODE_2217_length_1524_cov_130.874386	171	243	490	1	72	0.0138889
NODE_2217_length_1524_cov_130.874386	171	243	499	1	72	0.0138889
NODE_2217_length_1524_cov_130.874386	171	243	539	1	72	0.0138889
NODE_2217_length_1524_cov_130.874386	171	243	567	1	72	0.0138889
NODE_2217_length_1524_cov_130.874386	171	243	584	1	72	0.0138889
NODE_2217_length_1524_cov_130.874386	171	243	593	1	72	0.0138889
NODE_2217_length_1524_cov_130.874386	171	243	610	1	72	0.0138889
NODE_2217_length_1524_cov_130.874386	171	243	614	1	72	0.0138889
NODE_2217_length_1524_cov_130.874386	171	243	623	1	72	0.0138889
NODE_2217_length_1524_cov_130.874386	171	243	632	1	72	0.0138889
NODE_2217_length_1524_cov_130.874386	171	243	648	1	72	0.0138889
NODE_2217_length_1524_cov_130.874386	171	243	650	1	72	0.0138889
NODE_2217_length_1524_cov_130.874386	171	243	657	1	72	0.0138889
NODE_2217_length_1524_cov_130.874386	171	243	670	1	72	0.0138889
NODE_2217_length_1524_cov_130.874386	171	243	685	1	72	0.0138889
NODE_2217_length_1524_cov_130.874386	171	243	702	1	72	0.0138889
NODE_2217_length_1524_cov_130.874386	171	243	707	1	72	0.0138889
NODE_2217_length_1524_cov_130.874386	171	243	713	1	72	0.0138889
NODE_2217_length_1524_cov_130.874386	171	243	714	1	72	0.0138889
NODE_2217_length_1524_cov_130.874386	171	243	733	1	72	0.0138889
NODE_2217_length_1524_cov_130.874386	171	243	738	1	72	0.0138889
NODE_2217_length_1524_cov_130.874386	171	243	742	1	72	0.0138889
NODE_2217_length_1524_cov_130.874386	171	243	745	1	72	0.0138889
NODE_2217_length_1524_cov_130.874386	171	243	762	1	72	0.0138889
NODE_2217_length_1524_cov_130.874386	171	243	765	1	72	0.0138889
NODE_2217_length_1524_cov_130.874386	171	243	772	1	72	0.0138889
NODE_2217_length_1524_cov_130.874386	171	243	775	1	72	0.0138889
NODE_2217_length_1524_cov_130.874386	171	243	781	1	72	0.0138889
NODE_2217_length_1524_cov_130.874386	171	243	782	1	72	0.0138889
NODE_2217_length_1524_cov_130.874386	171	243	789	1	72	0.0138889
NODE_2217_length_1524_cov_130.874386	171	243	793	1	72	0.0138889
NODE_2217_length_1524_cov_130.874386	171	243	800	1	72	0.0138889
NODE_2217_length_1524_cov_130.874386	171	243	803	1	72	0.0138889
NODE_2217_length_1524_cov_130.874386	171	243	809	1	72	0.0138889
NODE_2217_length_1524_cov_130.874386	171	243	810	1	72	0.0138889
NODE_2217_length_1524_cov_130.874386	171	243	811	1	72	0.0138889
NODE_2217_length_1524_cov_130.874386	171	243	814	1	72	0.0138889
NODE_2217_length_1524_cov_130.874386	171	243	815	1	72	0.0138889
NODE_2217_length_1524_cov_130.874386	171	243	819	1	72	0.0138889
NODE_2217_length_1524_cov_130.874386	171	243	820	1	72	0.0138889
NODE_2217_length_1524_cov_130.874386	171	243	821	2	72	0.0277778
NODE_2217_length_1524_cov_130.874386	171	243	825	2	72	0.0277778
NODE_2217_length_1524_cov_130.874386	171	243	826	1	72	0.0138889
NODE_2217_length_1524_cov_130.874386	171	243	828	2	72	0.0277778
NODE_2217_length_1524_cov_130.874386	171	243	830	1	72	0.0138889
NODE_2217_length_1524_cov_130.874386	171	243	832	1	72	0.0138889
NODE_2217_length_1524_cov_130.874386	171	243	833	4	72	0.0555556
NODE_2217_length_1524_cov_130.874386	191	247	499	1	56	0.0178571
NODE_2217_length_1524_cov_130.874386	191	247	539	1	56	0.0178571
NODE_2217_length_1524_cov_130.874386	191	247	567	1	56	0.0178571
NODE_2217_length_1524_cov_130.874386	191	247	584	1	56	0.0178571
NODE_2217_length_1524_cov_130.874386	191	247	593	1	56	0.0178571
NODE_2217_length_1524_cov_130.874386	191	247	610	1	56	0.0178571
NODE_2217_length_1524_cov_130.874386	191	247	614	1	56	0.0178571
NODE_2217_length_1524_cov_130.874386	191	247	623	1	56	0.0178571
NODE_2217_length_1524_cov_130.874386	191	247	632	1	56	0.0178571
NODE_2217_length_1524_cov_130.874386	191	247	648	1	56	0.0178571
NODE_2217_length_1524_cov_130.874386	191	247	650	1	56	0.0178571
NODE_2217_length_1524_cov_130.874386	191	247	657	1	56	0.0178571
NODE_2217_length_1524_cov_130.874386	191	247	670	1	56	0.0178571
NODE_2217_length_1524_cov_130.874386	191	247	685	1	56	0.0178571
NODE_2217_length_1524_cov_130.874386	191	247	702	1	56	0.0178571
NODE_2217_length_1524_cov_130.874386	191	247	707	1	56	0.0178571
NODE_2217_length_1524_cov_130.874386	191	247	713	1	56	0.0178571
NODE_2217_length_1524_cov_130.874386	191	247	714	1	56	0.0178571
NODE_2217_length_1524_cov_130.874386	191	247	733	1	56	0.0178571
NODE_2217_length_1524_cov_130.874386	191	247	738	1	56	0.0178571
NODE_2217_length_1524_cov_130.874386	191	247	742	1	56	0.0178571
NODE_2217_length_1524_cov_130.874386	191	247	745	1	56	0.0178571
NODE_2217_length_1524_cov_130.874386	191	247	762	1	56	0.0178571
NODE_2217_length_1524_cov_130.874386	191	247	765	1	56	0.0178571
NODE_2217_length_1524_cov_130.874386	191	247	772	1	56	0.0178571
NODE_2217_length_1524_cov_130.874386	191	247	775	1	56	0.0178571
NODE_2217_length_1524_cov_130.874386	191	247	781	1	56	0.0178571
NODE_2217_length_1524_cov_130.874386	191	247	782	1	56	0.0178571
NODE_2217_length_1524_cov_130.874386	191	247	789	1	56	0.0178571
NODE_2217_length_1524_cov_130.874386	191	247	793	1	56	0.0178571
NODE_2217_length_1524_cov_130.874386	191	247	800	1	56	0.0178571
NODE_2217_length_1524_cov_130.874386	191	247	803	1	56	0.0178571
NODE_2217_length_1524_cov_130.874386	191	247	809	1	56	0.0178571
NODE_2217_length_1524_cov_130.874386	191	247	810	1	56	0.0178571
NODE_2217_length_1524_cov_130.874386	191	247	811	1	56	0.0178571
NODE_2217_length_1524_cov_130.874386	191	247	814	1	56	0.0178571
NODE_2217_length_1524_cov_130.874386	191	247	815	1	56	0.0178571
NODE_2217_length_1524_cov_130.874386	191	247	816	1	56	0.0178571
NODE_2217_length_1524_cov_130.874386	191	247	819	1	56	0.0178571
NODE_2217_length_1524_cov_130.874386	191	247	820	1	56	0.0178571
NODE_2217_length_1524_cov_130.874386	191	247	821	2	56	0.0357143
NODE_2217_length_1524_cov_130.874386	191	247	823	1	56	0.0178571
NODE_2217_length_1524_cov_130.874386	191	247	825	3	56	0.0535714
NODE_2217_length_1524_cov_130.874386	191	247	826	1	56	0.0178571
NODE_2217_length_1524_cov_130.874386	191	247	828	2	56	0.0357143
NODE_2217_length_1524_cov_130.874386	191	247	830	1	56	0.0178571
NODE_2217_length_1524_cov_130.874386	191	247	831	1	56	0.0178571
NODE_2217_length_1524_cov_130.874386	191	247	832	1	56	0.0178571
NODE_2217_length_1524_cov_130.874386	191	247	833	4	56	0.0714286
NODE_2217_length_1524_cov_130.874386	219	296	630	1	77	0.0129870
NODE_2217_length_1524_cov_130.874386	219	296	638	1	77	0.0129870
NODE_2217_length_1524_cov_130.874386	219	296	648	1	77	0.0129870
NODE_2217_length_1524_cov_130.874386	219	296	652	1	77	0.0129870
NODE_2217_length_1524_cov_130.874386	219	296	662	1	77	0.0129870
NODE_2217_length_1524_cov_130.874386	219	296	684	1	77	0.0129870
NODE_2217_length_1524_cov_130.874386	219	296	687	1	77	0.0129870
NODE_2217_length_1524_cov_130.874386	219	296	688	1	77	0.0129870
NODE_2217_length_1524_cov_130.874386	219	296	693	1	77	0.0129870
NODE_2217_length_1524_cov_130.874386	219	296	697	1	77	0.0129870
NODE_2217_length_1524_cov_130.874386	219	296	712	1	77	0.0129870
NODE_2217_length_1524_cov_130.874386	219	296	714	1	77	0.0129870
NODE_2217_length_1524_cov_130.874386	219	296	720	1	77	0.0129870
NODE_2217_length_1524_cov_130.874386	219	296	724	1	77	0.0129870
NODE_2217_length_1524_cov_130.874386	219	296	737	1	77	0.0129870
NODE_2217_length_1524_cov_130.874386	219	296	743	1	77	0.0129870
NODE_2217_length_1524_cov_130.874386	219	296	744	1	77	0.0129870
NODE_2217_length_1524_cov_130.874386	219	296	752	1	77	0.0129870
NODE_2217_length_1524_cov_130.874386	219	296	756	1	77	0.0129870
NODE_2217_length_1524_cov_130.874386	219	296	762	1	77	0.0129870
NODE_2217_length_1524_cov_130.874386	219	296	764	1	77	0.0129870
NODE_2217_length_1524_cov_130.874386	219	296	772	1	77	0.0129870
NODE_2217_length_1524_cov_130.874386	219	296	774	1	77	0.0129870
NODE_2217_length_1524_cov_130.874386	219	296	780	1	77	0.0129870
NODE_2217_length_1524_cov_130.874386	219	296	782	1	77	0.0129870
NODE_2217_length_1524_cov_130.874386	219	296	783	2	77	0.0259740
NODE_2217_length_1524_cov_130.874386	219	296	784	4	77	0.0519481
NODE_2217_length_1524_cov_130.874386	219	296	785	1	77	0.0129870
NODE_2217_length_1524_cov_130.874386	219	296	786	4	77	0.0519481
NODE_2217_length_1524_cov_130.874386	219	296	788	1	77	0.0129870
NODE_2217_length_1524_cov_130.874386	219	296	789	3	77	0.0389610
NODE_2217_length_1524_cov_130.874386	219	296	791	3	77	0.0389610
NODE_2217_length_1524_cov_130.874386	219	296	792	3	77	0.0389610
NODE_2217_length_1524_cov_130.874386	219	296	793	1	77	0.0129870
NODE_2217_length_1524_cov_130.874386	219	296	799	1	77	0.0129870
NODE_2217_length_1524_cov_130.874386	219	296	800	1	77	0.0129870
NODE_2217_length_1524_cov_130.874386	219	296	803	1	77	0.0129870
NODE_2217_length_1524_cov_130.874386	219	296	806	1	77	0.0129870
NODE_2217_length_1524_cov_130.874386	219	296	809	2	77	0.0259740
NODE_2217_length_1524_cov_130.874386	219	296	810	1	77	0.0129870
NODE_2217_length_1524_cov_130.874386	219	296	811	1	77	0.0129870
NODE_2217_length_1524_cov_130.874386	219	296	813	1	77	0.0129870
NODE_2217_length_1524_cov_130.874386	219	296	814	1	77	0.0129870
NODE_2217_length_1524_cov_130.874386	219	296	815	1	77	0.0129870
NODE_2217_length_1524_cov_130.874386	219	296	816	1	77	0.0129870
NODE_2217_length_1524_cov_130.874386	219	296	819	1	77	0.0129870
NODE_2217_length_1524_cov_130.874386	219	296	820	1	77	0.0129870
NODE_2217_length_1524_cov_130.874386	219	296	821	2	77	0.0259740
NODE_2217_length_1524_cov_130.874386	219	296	823	1	77	0.0129870
NODE_2217_length_1524_cov_130.874386	219	296	825	3	77	0.0389610
NODE_2217_length_1524_cov_130.874386	219	296	826	1	77	0.0129870
NODE_2217_length_1524_cov_130.874386	219	296	828	2	77	0.0259740
NODE_2217_length_1524_cov_130.874386	219	296	830	1	77	0.0129870
NODE_2217_length_1524_cov_130.874386	219	296	831	1	77	0.0129870
NODE_2217_length_1524_cov_130.874386	219	296	832	1	77	0.0129870
NODE_2217_length_1524_cov_130.874386	219	296	833	4	77	0.0519481
NODE_2217_length_1524_cov_130.874386	253	333	334	1	80	0.0125000
NODE_2217_length_1524_cov_130.874386	253	333	348	1	80	0.0125000
NODE_2217_length_1524_cov_130.874386	253	333	354	2	80	0.0250000
NODE_2217_length_1524_cov_130.874386	253	333	360	1	80	0.0125000
NODE_2217_length_1524_cov_130.874386	253	333	369	1	80	0.0125000
NODE_2217_length_1524_cov_130.874386	253	333	371	1	80	0.0125000
NODE_2217_length_1524_cov_130.874386	253	333	378	2	80	0.0250000
NODE_2217_length_1524_cov_130.874386	253	333	400	1	80	0.0125000
NODE_2217_length_1524_cov_130.874386	253	333	402	1	80	0.0125000
NODE_2217_length_1524_cov_130.874386	253	333	412	1	80	0.0125000
NODE_2217_length_1524_cov_130.874386	253	333	415	1	80	0.0125000
NODE_2217_length_1524_cov_130.874386	253	333	423	1	80	0.0125000
NODE_2217_length_1524_cov_130.874386	253	333	425	1	80	0.0125000
NODE_2217_length_1524_cov_130.874386	253	333	432	1	80	0.0125000
NODE_2217_length_1524_cov_130.874386	253	333	441	1	80	0.0125000
NODE_2217_length_1524_cov_130.874386	253	333	451	1	80	0.0125000
NODE_2217_length_1524_cov_130.874386	253	333	464	2	80	0.0250000
NODE_2217_length_1524_cov_130.874386	253	333	473	1	80	0.0125000
NODE_2217_length_1524_cov_130.874386	253	333	476	1	80	0.0125000
NODE_2217_length_1524_cov_130.874386	253	333	504	1	80	0.0125000
NODE_2217_length_1524_cov_130.874386	253	333	509	1	80	0.0125000
NODE_2217_length_1524_cov_130.874386	253	333	511	1	80	0.0125000
NODE_2217_length_1524_cov_130.874386	253	333	527	1	80	0.0125000
NODE_2217_length_1524_cov_130.874386	253	333	537	1	80	0.0125000
NODE_2217_length_1524_cov_130.874386	253	333	545	1	80	0.0125000
NODE_2217_length_1524_cov_130.874386	253	333	551	1	80	0.0125000
NODE_2217_length_1524_cov_130.874386	253	333	566	1	80	0.0125000
NODE_2217_length_1524_cov_130.874386	253	333	567	1	80	0.0125000
NODE_2217_length_1524_cov_130.874386	253	333	579	1	80	0.0125000
NODE_2217_length_1524_cov_130.874386	253	333	585	1	80	0.0125000
NODE_2217_length_1524_cov_130.874386	253	333	591	1	80	0.0125000
NODE_2217_length_1524_cov_130.874386	253	333	599	1	80	0.0125000
NODE_2217_length_1524_cov_130.874386	253	333	602	1	80	0.0125000
NODE_2217_length_1524_cov_130.874386	253	333	620	1	80	0.0125000
NODE_2217_length_1524_cov_130.874386	253	333	630	1	80	0.0125000
NODE_2217_length_1524_cov_130.874386	253	333	638	1	80	0.0125000
NODE_2217_length_1524_cov_130.874386	253	333	648	1	80	0.0125000
NODE_2217_length_1524_cov_130.874386	253	333	652	1	80	0.0125000
NODE_2217_length_1524_cov_130.874386	253	333	662	1	80	0.0125000
NODE_2217_length_1524_cov_130.874386	253	333	684	1	80	0.0125000
NODE_2217_length_1524_cov_130.874386	253	333	687	1	80	0.0125000
NODE_2217_length_1524_cov_130.874386	253	333	688	1	80	0.0125000
NODE_2217_length_1524_cov_130.874386	253	333	693	1	80	0.0125000
NODE_2217_length_1524_cov_130.874386	253	333	697	1	80	0.0125000
NODE_2217_length_1524_cov_130.874386	253	333	712	1	80	0.0125000
NODE_2217_length_1524_cov_130.874386	253	333	714	1	80	0.0125000
NODE_2217_length_1524_cov_130.874386	253	333	720	1	80	0.0125000
NODE_2217_length_1524_cov_130.874386	253	333	724	1	80	0.0125000
NODE_2217_length_1524_cov_130.874386	253	333	737	1	80	0.0125000
NODE_2217_length_1524_cov_130.874386	253	333	743	1	80	0.0125000
NODE_2217_length_1524_cov_130.874386	253	333	744	1	80	0.0125000
NODE_2217_length_1524_cov_130.874386	253	333	752	1	80	0.0125000
NODE_2217_length_1524_cov_130.874386	253	333	756	1	80	0.0125000
NODE_2217_length_1524_cov_130.874386	253	333	762	1	80	0.0125000
NODE_2217_length_1524_cov_130.874386	253	333	764	1	80	0.0125000
NODE_2217_length_1524_cov_130.874386	253	333	772	1	80	0.0125000
NODE_2217_length_1524_cov_130.874386	253	333	774	1	80	0.0125000
NODE_2217_length_1524_cov_130.874386	253	333	780	1	80	0.0125000
NODE_2217_length_1524_cov_130.874386	253	333	782	1	80	0.0125000
NODE_2217_length_1524_cov_130.874386	253	333	783	2	80	0.0250000
NODE_2217_length_1524_cov_130.874386	253	333	784	4	80	0.0500000
NODE_2217_length_1524_cov_130.874386	253	333	785	1	80	0.0125000
NODE_2217_length_1524_cov_130.874386	253	333	786	4	80	0.0500000
NODE_2217_length_1524_cov_130.874386	253	333	788	1	80	0.0125000
NODE_2217_length_1524_cov_130.874386	253	333	789	1	80	0.0125000
NODE_2217_length_1524_cov_130.874386	253	333	791	3	80	0.0375000
NODE_2217_length_1524_cov_130.874386	253	333	792	2	80	0.0250000
NODE_2217_length_1524_cov_130.874386	306	386	101	2	80	0.0250000
NODE_2217_length_1524_cov_130.874386	306	386	105	1	80	0.0125000
NODE_2217_length_1524_cov_130.874386	306	386	108	1	80	0.0125000
NODE_2217_length_1524_cov_130.874386	306	386	114	3	80	0.0375000
NODE_2217_length_1524_cov_130.874386	306	386	116	1	80	0.0125000
NODE_2217_length_1524_cov_130.874386	306	386	117	2	80	0.0250000
NODE_2217_length_1524_cov_130.874386	306	386	121	2	80	0.0250000
NODE_2217_length_1524_cov_130.874386	306	386	124	1	80	0.0125000
NODE_2217_length_1524_cov_130.874386	306	386	130	1	80	0.0125000
NODE_2217_length_1524_cov_130.874386	306	386	131	1	80	0.0125000
NODE_2217_length_1524_cov_130.874386	306	386	132	1	80	0.0125000
NODE_2217_length_1524_cov_130.874386	306	386	135	1	80	0.0125000
NODE_2217_length_1524_cov_130.874386	306	386	137	1	80	0.0125000
NODE_2217_length_1524_cov_130.874386	306	386	140	1	80	0.0125000
NODE_2217_length_1524_cov_130.874386	306	386	146	1	80	0.0125000
NODE_2217_length_1524_cov_130.874386	306	386	150	1	80	0.0125000
NODE_2217_length_1524_cov_130.874386	306	386	164	1	80	0.0125000
NODE_2217_length_1524_cov_130.874386	306	386	168	1	80	0.0125000
NODE_2217_length_1524_cov_130.874386	306	386	178	2	80	0.0250000
NODE_2217_length_1524_cov_130.874386	306	386	180	1	80	0.0125000
NODE_2217_length_1524_cov_130.874386	306	386	187	1	80	0.0125000
NODE_2217_length_1524_cov_130.874386	306	386	189	1	80	0.0125000
NODE_2217_length_1524_cov_130.874386	306	386	190	1	80	0.0125000
NODE_2217_length_1524_cov_130.874386	306	386	202	1	80	0.0125000
NODE_2217_length_1524_cov_130.874386	306	386	209	1	80	0.0125000
NODE_2217_length_1524_cov_130.874386	306	386	220	1	80	0.0125000
NODE_2217_length_1524_cov_130.874386	306	386	226	1	80	0.0125000
NODE_2217_length_1524_cov_130.874386	306	386	233	1	80	0.0125000
NODE_2217_length_1524_cov_130.874386	306	386	238	1	80	0.0125000
NODE_2217_length_1524_cov_130.874386	306	386	244	1	80	0.0125000
NODE_2217_length_1524_cov_130.874386	306	386	260	1	80	0.0125000
NODE_2217_length_1524_cov_130.874386	306	386	266	1	80	0.0125000
NODE_2217_length_1524_cov_130.874386	306	386	275	1	80	0.0125000
NODE_2217_length_1524_cov_130.874386	306	386	277	1	80	0.0125000
NODE_2217_length_1524_cov_130.874386	306	386	282	1	80	0.0125000
NODE_2217_length_1524_cov_130.874386	306	386	283	1	80	0.0125000
NODE_2217_length_1524_cov_130.874386	306	386	284	1	80	0.0125000
NODE_2217_length_1524_cov_130.874386	306	386	291	1	80	0.0125000
NODE_2217_length_1524_cov_130.874386	306	386	306	1	80	0.0125000
NODE_2217_length_1524_cov_130.874386	306	386	313	1	80	0.0125000
NODE_2217_length_1524_cov_130.874386	306	386	320	1	80	0.0125000
NODE_2217_length_1524_cov_130.874386	306	386	322	1	80	0.0125000
NODE_2217_length_1524_cov_130.874386	306	386	323	2	80	0.0250000
NODE_2217_length_1524_cov_130.874386	306	386	326	1	80	0.0125000
NODE_2217_length_1524_cov_130.874386	306	386	330	1	80	0.0125000
NODE_2217_length_1524_cov_130.874386	306	386	331	1	80	0.0125000
NODE_2217_length_1524_cov_130.874386	306	386	334	1	80	0.0125000
NODE_2217_length_1524_cov_130.874386	306	386	348	1	80	0.0125000
NODE_2217_length_1524_cov_130.874386	306	386	354	2	80	0.0250000
NODE_2217_length_1524_cov_130.874386	306	386	360	1	80	0.0125000
NODE_2217_length_1524_cov_130.874386	306	386	369	1	80	0.0125000
NODE_2217_length_1524_cov_130.874386	306	386	371	1	80	0.0125000
NODE_2217_length_1524_cov_130.874386	306	386	378	2	80	0.0250000
NODE_2217_length_1524_cov_130.874386	306	386	400	1	80	0.0125000
NODE_2217_length_1524_cov_130.874386	306	386	402	1	80	0.0125000
NODE_2217_length_1524_cov_130.874386	306	386	412	1	80	0.0125000
NODE_2217_length_1524_cov_130.874386	306	386	415	1	80	0.0125000
NODE_2217_length_1524_cov_130.874386	306	386	423	1	80	0.0125000
NODE_2217_length_1524_cov_130.874386	306	386	425	1	80	0.0125000
NODE_2217_length_1524_cov_130.874386	306	386	432	1	80	0.0125000
NODE_2217_length_1524_cov_130.874386	306	386	441	1	80	0.0125000
NODE_2217_length_1524_cov_130.874386	306	386	451	1	80	0.0125000
NODE_2217_length_1524_cov_130.874386	306	386	464	2	80	0.0250000
NODE_2217_length_1524_cov_130.874386	306	386	473	1	80	0.0125000
NODE_2217_length_1524_cov_130.874386	306	386	476	1	80	0.0125000
NODE_2217_length_1524_cov_130.874386	306	386	504	1	80	0.0125000
NODE_2217_length_1524_cov_130.874386	306	386	509	1	80	0.0125000
NODE_2217_length_1524_cov_130.874386	306	386	511	1	80	0.0125000
NODE_2217_length_1524_cov_130.874386	306	386	527	1	80	0.0125000
NODE_2217_length_1524_cov_130.874386	306	386	537	1	80	0.0125000
NODE_2219_length_1523_cov_24.115169	366	446	0	80	80	1.0000000
NODE_2219_length_1523_cov_24.115169	419	499	0	80	80	1.0000000
NODE_2219_length_1523_cov_24.115169	495	575	0	80	80	1.0000000
NODE_2219_length_1523_cov_24.115169	548	628	0	80	80	1.0000000
NODE_2223_length_1522_cov_13.278988	361	441	0	23	80	0.2875000
NODE_2223_length_1522_cov_13.278988	361	441	2	57	80	0.7125000
NODE_2223_length_1522_cov_13.278988	414	494	0	21	80	0.2625000
NODE_2223_length_1522_cov_13.278988	414	494	2	59	80	0.7375000
NODE_2225_length_1521_cov_20.965541	772	852	0	5	80	0.0625000
NODE_2225_length_1521_cov_20.965541	772	852	2	14	80	0.1750000
NODE_2225_length_1521_cov_20.965541	772	852	4	61	80	0.7625000
NODE_2225_length_1521_cov_20.965541	825	905	0	41	80	0.5125000
NODE_2225_length_1521_cov_20.965541	825	905	2	1	80	0.0125000
NODE_2225_length_1521_cov_20.965541	825	905	4	38	80	0.4750000
NODE_2226_length_1521_cov_15.381153	907	987	14	9	80	0.1125000
NODE_2226_length_1521_cov_15.381153	907	987	16	35	80	0.4375000
NODE_2226_length_1521_cov_15.381153	907	987	18	16	80	0.2000000
NODE_2226_length_1521_cov_15.381153	907	987	20	20	80	0.2500000
NODE_2226_length_1521_cov_15.381153	960	1040	4	6	80	0.0750000
NODE_2226_length_1521_cov_15.381153	960	1040	16	61	80	0.7625000
NODE_2226_length_1521_cov_15.381153	960	1040	18	13	80	0.1625000
NODE_2226_length_1521_cov_15.381153	988	1040	4	6	52	0.1153846
NODE_2226_length_1521_cov_15.381153	988	1040	16	40	52	0.7692308
NODE_2226_length_1521_cov_15.381153	988	1040	18	6	52	0.1153846
NODE_2227_length_1521_cov_7.682138	525	605	2	80	80	1.0000000
NODE_2227_length_1521_cov_7.682138	578	658	0	20	80	0.2500000
NODE_2227_length_1521_cov_7.682138	578	658	2	60	80	0.7500000
NODE_2236_length_1519_cov_20.792958	714	794	6	4	80	0.0500000
NODE_2236_length_1519_cov_20.792958	714	794	8	1	80	0.0125000
NODE_2236_length_1519_cov_20.792958	714	794	12	5	80	0.0625000
NODE_2236_length_1519_cov_20.792958	714	794	16	3	80	0.0375000
NODE_2236_length_1519_cov_20.792958	714	794	18	6	80	0.0750000
NODE_2236_length_1519_cov_20.792958	714	794	19	5	80	0.0625000
NODE_2236_length_1519_cov_20.792958	714	794	21	51	80	0.6375000
NODE_2236_length_1519_cov_20.792958	714	794	22	5	80	0.0625000
NODE_2236_length_1519_cov_20.792958	767	847	12	26	80	0.3250000
NODE_2236_length_1519_cov_20.792958	767	847	14	3	80	0.0375000
NODE_2236_length_1519_cov_20.792958	767	847	16	15	80	0.1875000
NODE_2236_length_1519_cov_20.792958	767	847	18	15	80	0.1875000
NODE_2236_length_1519_cov_20.792958	767	847	21	16	80	0.2000000
NODE_2236_length_1519_cov_20.792958	767	847	22	5	80	0.0625000
NODE_2239_length_1517_cov_24.074048	413	450	2	12	37	0.3243243
NODE_2239_length_1517_cov_24.074048	413	450	4	19	37	0.5135135
NODE_2239_length_1517_cov_24.074048	413	450	6	6	37	0.1621622
NODE_2239_length_1517_cov_24.074048	842	922	0	26	80	0.3250000
NODE_2239_length_1517_cov_24.074048	842	922	2	19	80	0.2375000
NODE_2239_length_1517_cov_24.074048	842	922	4	35	80	0.4375000
NODE_2239_length_1517_cov_24.074048	895	975	2	9	80	0.1125000
NODE_2239_length_1517_cov_24.074048	895	975	4	71	80	0.8875000
NODE_2240_length_1517_cov_22.897743	383	463	0	20	80	0.2500000
NODE_2240_length_1517_cov_22.897743	383	463	2	60	80	0.7500000
NODE_2240_length_1517_cov_22.897743	436	516	0	73	80	0.9125000
NODE_2240_length_1517_cov_22.897743	436	516	2	7	80	0.0875000
NODE_2241_length_1517_cov_11.781382	381	461	6	42	80	0.5250000
NODE_2241_length_1517_cov_11.781382	381	461	8	38	80	0.4750000
NODE_2241_length_1517_cov_11.781382	434	514	4	49	80	0.6125000
NODE_2241_length_1517_cov_11.781382	434	514	6	31	80	0.3875000
NODE_2243_length_1517_cov_4.944993	393	473	0	17	80	0.2125000
NODE_2243_length_1517_cov_4.944993	393	473	2	63	80	0.7875000
NODE_2243_length_1517_cov_4.944993	446	526	0	19	80	0.2375000
NODE_2243_length_1517_cov_4.944993	446	526	2	61	80	0.7625000
NODE_2247_length_1516_cov_11.177135	230	310	3	26	80	0.3250000
NODE_2247_length_1516_cov_11.177135	230	310	4	54	80	0.6750000
NODE_2247_length_1516_cov_11.177135	283	363	0	32	80	0.4000000
NODE_2247_length_1516_cov_11.177135	283	363	1	1	80	0.0125000
NODE_2247_length_1516_cov_11.177135	283	363	2	5	80	0.0625000
NODE_2247_length_1516_cov_11.177135	283	363	3	41	80	0.5125000
NODE_2247_length_1516_cov_11.177135	283	363	4	1	80	0.0125000
NODE_2248_length_1516_cov_8.608327	580	660	3	1	80	0.0125000
NODE_2248_length_1516_cov_8.608327	580	660	4	79	80	0.9875000
NODE_2248_length_1516_cov_8.608327	633	713	2	43	80	0.5375000
NODE_2248_length_1516_cov_8.608327	633	713	4	37	80	0.4625000
NODE_2250_length_1515_cov_16.990819	333	413	4	25	80	0.3125000
NODE_2250_length_1515_cov_16.990819	333	413	6	9	80	0.1125000
NODE_2250_length_1515_cov_16.990819	333	413	8	12	80	0.1500000
NODE_2250_length_1515_cov_16.990819	333	413	9	1	80	0.0125000
NODE_2250_length_1515_cov_16.990819	333	413	10	31	80	0.3875000
NODE_2250_length_1515_cov_16.990819	333	413	12	2	80	0.0250000
NODE_2250_length_1515_cov_16.990819	386	448	4	60	62	0.9677419
NODE_2250_length_1515_cov_16.990819	386	448	6	2	62	0.0322581
NODE_2258_length_1512_cov_5.111819	506	560	4	54	54	1.0000000
NODE_2258_length_1512_cov_5.111819	677	698	0	21	21	1.0000000
NODE_2258_length_1512_cov_5.111819	677	698	0	21	21	1.0000000
NODE_2258_length_1512_cov_5.111819	1057	1137	4	80	80	1.0000000
NODE_2258_length_1512_cov_5.111819	1110	1190	2	10	80	0.1250000
NODE_2258_length_1512_cov_5.111819	1110	1190	4	70	80	0.8750000
NODE_2258_length_1512_cov_5.111819	1144	1190	2	10	46	0.2173913
NODE_2258_length_1512_cov_5.111819	1144	1190	4	36	46	0.7826087
NODE_2259_length_1512_cov_4.251946	132	204	0	72	72	1.0000000
NODE_2262_length_1511_cov_30.963173	787	867	2	47	80	0.5875000
NODE_2262_length_1511_cov_30.963173	787	867	4	33	80	0.4125000
NODE_2262_length_1511_cov_30.963173	840	920	2	73	80	0.9125000
NODE_2262_length_1511_cov_30.963173	840	920	4	7	80	0.0875000
NODE_2262_length_1511_cov_30.963173	916	996	2	58	80	0.7250000
NODE_2262_length_1511_cov_30.963173	916	996	3	1	80	0.0125000
NODE_2262_length_1511_cov_30.963173	916	996	4	21	80	0.2625000
NODE_2262_length_1511_cov_30.963173	969	1059	2	59	90	0.6555555
NODE_2262_length_1511_cov_30.963173	969	1059	4	31	90	0.3444445
NODE_2265_length_1510_cov_24.184975	434	514	0	32	80	0.4000000
NODE_2265_length_1510_cov_24.184975	434	514	2	48	80	0.6000000
NODE_2265_length_1510_cov_24.184975	487	567	2	57	80	0.7125000
NODE_2265_length_1510_cov_24.184975	487	567	4	23	80	0.2875000
NODE_2265_length_1510_cov_24.184975	563	643	2	52	80	0.6500000
NODE_2265_length_1510_cov_24.184975	563	643	4	28	80	0.3500000
NODE_2265_length_1510_cov_24.184975	616	696	0	45	80	0.5625000
NODE_2265_length_1510_cov_24.184975	616	696	2	35	80	0.4375000
NODE_2269_length_1509_cov_51.836170	655	735	0	11	80	0.1375000
NODE_2269_length_1509_cov_51.836170	655	735	2	69	80	0.8625000
NODE_2269_length_1509_cov_51.836170	708	788	0	25	80	0.3125000
NODE_2269_length_1509_cov_51.836170	708	788	2	55	80	0.6875000
NODE_2269_length_1509_cov_51.836170	784	864	0	80	80	1.0000000
NODE_2269_length_1509_cov_51.836170	837	917	0	42	80	0.5250000
NODE_2269_length_1509_cov_51.836170	837	917	3	1	80	0.0125000
NODE_2269_length_1509_cov_51.836170	837	917	4	37	80	0.4625000
NODE_2270_length_1509_cov_16.010638	497	577	0	80	80	1.0000000
NODE_2270_length_1509_cov_16.010638	550	630	0	80	80	1.0000000
NODE_2270_length_1509_cov_16.010638	626	706	0	80	80	1.0000000
NODE_2270_length_1509_cov_16.010638	679	759	0	80	80	1.0000000
NODE_2271_length_1509_cov_8.883688	252	332	2	13	80	0.1625000
NODE_2271_length_1509_cov_8.883688	252	332	6	67	80	0.8375000
NODE_2271_length_1509_cov_8.883688	305	385	0	43	80	0.5375000
NODE_2271_length_1509_cov_8.883688	305	385	2	23	80	0.2875000
NODE_2271_length_1509_cov_8.883688	305	385	6	14	80	0.1750000
NODE_2271_length_1509_cov_8.883688	327	385	0	43	58	0.7413793
NODE_2271_length_1509_cov_8.883688	327	385	2	15	58	0.2586207
NODE_2271_length_1509_cov_8.883688	381	461	0	80	80	1.0000000
NODE_2271_length_1509_cov_8.883688	434	514	0	80	80	1.0000000
NODE_2272_length_1509_cov_5.826950	1029	1109	0	80	80	1.0000000
NODE_2272_length_1509_cov_5.826950	1082	1162	0	80	80	1.0000000
NODE_2277_length_1508_cov_24.176011	765	845	10	26	80	0.3250000
NODE_2277_length_1508_cov_24.176011	765	845	11	54	80	0.6750000
NODE_2277_length_1508_cov_24.176011	818	898	0	40	80	0.5000000
NODE_2277_length_1508_cov_24.176011	818	898	7	1	80	0.0125000
NODE_2277_length_1508_cov_24.176011	818	898	8	4	80	0.0500000
NODE_2277_length_1508_cov_24.176011	818	898	10	34	80	0.4250000
NODE_2277_length_1508_cov_24.176011	818	898	11	1	80	0.0125000
NODE_2290_length_1504_cov_17.449822	596	676	0	54	80	0.6750000
NODE_2290_length_1504_cov_17.449822	596	676	4	7	80	0.0875000
NODE_2290_length_1504_cov_17.449822	596	676	8	16	80	0.2000000
NODE_2290_length_1504_cov_17.449822	596	676	12	3	80	0.0375000
NODE_2290_length_1504_cov_17.449822	649	729	0	1	80	0.0125000
NODE_2290_length_1504_cov_17.449822	649	729	4	7	80	0.0875000
NODE_2290_length_1504_cov_17.449822	649	729	8	16	80	0.2000000
NODE_2290_length_1504_cov_17.449822	649	729	12	56	80	0.7000000
NODE_2293_length_1502_cov_42.989309	559	639	2	80	80	1.0000000
NODE_2293_length_1502_cov_42.989309	612	692	0	25	80	0.3125000
NODE_2293_length_1502_cov_42.989309	612	692	1	18	80	0.2250000
NODE_2293_length_1502_cov_42.989309	612	692	2	37	80	0.4625000
NODE_2294_length_1501_cov_22.828816	421	500	0	79	79	1.0000000
NODE_2294_length_1501_cov_22.828816	473	553	0	80	80	1.0000000
NODE_2294_length_1501_cov_22.828816	549	629	0	80	80	1.0000000
NODE_2294_length_1501_cov_22.828816	602	682	0	80	80	1.0000000
NODE_2295_length_1501_cov_14.422254	973	1053	4	37	80	0.4625000
NODE_2295_length_1501_cov_14.422254	973	1053	7	18	80	0.2250000
NODE_2295_length_1501_cov_14.422254	973	1053	8	25	80	0.3125000
NODE_2295_length_1501_cov_14.422254	1026	1106	4	36	80	0.4500000
NODE_2295_length_1501_cov_14.422254	1026	1106	6	7	80	0.0875000
NODE_2295_length_1501_cov_14.422254	1026	1106	7	9	80	0.1125000
NODE_2295_length_1501_cov_14.422254	1026	1106	8	28	80	0.3500000
NODE_2296_length_1501_cov_14.060628	225	305	0	80	80	1.0000000
NODE_2296_length_1501_cov_14.060628	278	358	0	80	80	1.0000000
NODE_2296_length_1501_cov_14.060628	986	1066	0	80	80	1.0000000
NODE_2296_length_1501_cov_14.060628	1039	1119	0	80	80	1.0000000
NODE_2300_length_1500_cov_40.056388	619	699	0	80	80	1.0000000
NODE_2300_length_1500_cov_40.056388	672	752	0	80	80	1.0000000
NODE_2305_length_1497_cov_38.344063	1401	1481	98	1	80	0.0125000
NODE_2305_length_1497_cov_38.344063	1401	1481	111	1	80	0.0125000
NODE_2305_length_1497_cov_38.344063	1401	1481	115	1	80	0.0125000
NODE_2305_length_1497_cov_38.344063	1401	1481	129	2	80	0.0250000
NODE_2305_length_1497_cov_38.344063	1401	1481	135	4	80	0.0500000
NODE_2305_length_1497_cov_38.344063	1401	1481	136	2	80	0.0250000
NODE_2305_length_1497_cov_38.344063	1401	1481	139	1	80	0.0125000
NODE_2305_length_1497_cov_38.344063	1401	1481	141	1	80	0.0125000
NODE_2305_length_1497_cov_38.344063	1401	1481	144	1	80	0.0125000
NODE_2305_length_1497_cov_38.344063	1401	1481	147	2	80	0.0250000
NODE_2305_length_1497_cov_38.344063	1401	1481	150	9	80	0.1125000
NODE_2305_length_1497_cov_38.344063	1401	1481	151	13	80	0.1625000
NODE_2305_length_1497_cov_38.344063	1401	1481	153	1	80	0.0125000
NODE_2305_length_1497_cov_38.344063	1401	1481	155	14	80	0.1750000
NODE_2305_length_1497_cov_38.344063	1401	1481	156	15	80	0.1875000
NODE_2305_length_1497_cov_38.344063	1401	1481	157	9	80	0.1125000
NODE_2305_length_1497_cov_38.344063	1401	1481	159	3	80	0.0375000
NODE_2308_length_1496_cov_3.936292	0	44	0	11	44	0.2500000
NODE_2308_length_1496_cov_3.936292	0	44	1	33	44	0.7500000
NODE_2308_length_1496_cov_3.936292	17	97	1	65	80	0.8125000
NODE_2308_length_1496_cov_3.936292	17	97	2	15	80	0.1875000
NODE_2311_length_1496_cov_1.103794	405	428	0	23	23	1.0000000
NODE_2313_length_1494_cov_65.437276	460	540	8	24	80	0.3000000
NODE_2313_length_1494_cov_65.437276	460	540	10	19	80	0.2375000
NODE_2313_length_1494_cov_65.437276	460	540	14	6	80	0.0750000
NODE_2313_length_1494_cov_65.437276	460	540	15	3	80	0.0375000
NODE_2313_length_1494_cov_65.437276	460	540	16	22	80	0.2750000
NODE_2313_length_1494_cov_65.437276	460	540	18	6	80	0.0750000
NODE_2313_length_1494_cov_65.437276	513	594	8	20	81	0.2469136
NODE_2313_length_1494_cov_65.437276	513	594	10	12	81	0.1481481
NODE_2313_length_1494_cov_65.437276	513	594	12	5	81	0.0617284
NODE_2313_length_1494_cov_65.437276	513	594	14	14	81	0.1728395
NODE_2313_length_1494_cov_65.437276	513	594	15	3	81	0.0370370
NODE_2313_length_1494_cov_65.437276	513	594	16	16	81	0.1975309
NODE_2313_length_1494_cov_65.437276	513	594	18	11	81	0.1358025
NODE_2313_length_1494_cov_65.437276	787	854	6	2	67	0.0298507
NODE_2313_length_1494_cov_65.437276	787	854	10	30	67	0.4477612
NODE_2313_length_1494_cov_65.437276	787	854	12	35	67	0.5223880
NODE_2313_length_1494_cov_65.437276	827	907	2	1	80	0.0125000
NODE_2313_length_1494_cov_65.437276	827	907	6	36	80	0.4500000
NODE_2313_length_1494_cov_65.437276	827	907	12	43	80	0.5375000
NODE_2316_length_1493_cov_100.467719	947	1028	74	2	81	0.0246914
NODE_2316_length_1493_cov_100.467719	947	1028	76	1	81	0.0123457
NODE_2316_length_1493_cov_100.467719	947	1028	80	2	81	0.0246914
NODE_2316_length_1493_cov_100.467719	947	1028	82	1	81	0.0123457
NODE_2316_length_1493_cov_100.467719	947	1028	86	2	81	0.0246914
NODE_2316_length_1493_cov_100.467719	947	1028	87	1	81	0.0123457
NODE_2316_length_1493_cov_100.467719	947	1028	89	1	81	0.0123457
NODE_2316_length_1493_cov_100.467719	947	1028	91	1	81	0.0123457
NODE_2316_length_1493_cov_100.467719	947	1028	95	1	81	0.0123457
NODE_2316_length_1493_cov_100.467719	947	1028	100	1	81	0.0123457
NODE_2316_length_1493_cov_100.467719	947	1028	107	1	81	0.0123457
NODE_2316_length_1493_cov_100.467719	947	1028	112	2	81	0.0246914
NODE_2316_length_1493_cov_100.467719	947	1028	116	3	81	0.0370370
NODE_2316_length_1493_cov_100.467719	947	1028	117	2	81	0.0246914
NODE_2316_length_1493_cov_100.467719	947	1028	119	1	81	0.0123457
NODE_2316_length_1493_cov_100.467719	947	1028	125	1	81	0.0123457
NODE_2316_length_1493_cov_100.467719	947	1028	138	1	81	0.0123457
NODE_2316_length_1493_cov_100.467719	947	1028	142	1	81	0.0123457
NODE_2316_length_1493_cov_100.467719	947	1028	145	2	81	0.0246914
NODE_2316_length_1493_cov_100.467719	947	1028	155	2	81	0.0246914
NODE_2316_length_1493_cov_100.467719	947	1028	166	1	81	0.0123457
NODE_2316_length_1493_cov_100.467719	947	1028	168	2	81	0.0246914
NODE_2316_length_1493_cov_100.467719	947	1028	170	1	81	0.0123457
NODE_2316_length_1493_cov_100.467719	947	1028	175	1	81	0.0123457
NODE_2316_length_1493_cov_100.467719	947	1028	181	2	81	0.0246914
NODE_2316_length_1493_cov_100.467719	947	1028	185	1	81	0.0123457
NODE_2316_length_1493_cov_100.467719	947	1028	186	1	81	0.0123457
NODE_2316_length_1493_cov_100.467719	947	1028	198	1	81	0.0123457
NODE_2316_length_1493_cov_100.467719	947	1028	199	2	81	0.0246914
NODE_2316_length_1493_cov_100.467719	947	1028	200	1	81	0.0123457
NODE_2316_length_1493_cov_100.467719	947	1028	206	1	81	0.0123457
NODE_2316_length_1493_cov_100.467719	947	1028	212	1	81	0.0123457
NODE_2316_length_1493_cov_100.467719	947	1028	213	1	81	0.0123457
NODE_2316_length_1493_cov_100.467719	947	1028	221	1	81	0.0123457
NODE_2316_length_1493_cov_100.467719	947	1028	223	1	81	0.0123457
NODE_2316_length_1493_cov_100.467719	947	1028	226	3	81	0.0370370
NODE_2316_length_1493_cov_100.467719	947	1028	227	1	81	0.0123457
NODE_2316_length_1493_cov_100.467719	947	1028	231	1	81	0.0123457
NODE_2316_length_1493_cov_100.467719	947	1028	232	1	81	0.0123457
NODE_2316_length_1493_cov_100.467719	947	1028	234	1	81	0.0123457
NODE_2316_length_1493_cov_100.467719	947	1028	236	2	81	0.0246914
NODE_2316_length_1493_cov_100.467719	947	1028	237	1	81	0.0123457
NODE_2316_length_1493_cov_100.467719	947	1028	244	1	81	0.0123457
NODE_2316_length_1493_cov_100.467719	947	1028	246	1	81	0.0123457
NODE_2316_length_1493_cov_100.467719	947	1028	249	2	81	0.0246914
NODE_2316_length_1493_cov_100.467719	947	1028	252	2	81	0.0246914
NODE_2316_length_1493_cov_100.467719	947	1028	256	1	81	0.0123457
NODE_2316_length_1493_cov_100.467719	947	1028	261	1	81	0.0123457
NODE_2316_length_1493_cov_100.467719	947	1028	266	1	81	0.0123457
NODE_2316_length_1493_cov_100.467719	947	1028	268	1	81	0.0123457
NODE_2316_length_1493_cov_100.467719	947	1028	271	1	81	0.0123457
NODE_2316_length_1493_cov_100.467719	947	1028	276	1	81	0.0123457
NODE_2316_length_1493_cov_100.467719	947	1028	284	2	81	0.0246914
NODE_2316_length_1493_cov_100.467719	947	1028	295	1	81	0.0123457
NODE_2316_length_1493_cov_100.467719	947	1028	296	1	81	0.0123457
NODE_2316_length_1493_cov_100.467719	947	1028	297	1	81	0.0123457
NODE_2316_length_1493_cov_100.467719	947	1028	298	1	81	0.0123457
NODE_2316_length_1493_cov_100.467719	947	1028	303	1	81	0.0123457
NODE_2316_length_1493_cov_100.467719	947	1028	309	1	81	0.0123457
NODE_2316_length_1493_cov_100.467719	947	1028	328	1	81	0.0123457
NODE_2316_length_1493_cov_100.467719	947	1028	332	2	81	0.0246914
NODE_2316_length_1493_cov_100.467719	947	1028	335	1	81	0.0123457
NODE_2316_length_1493_cov_100.467719	1001	1071	236	2	70	0.0285714
NODE_2316_length_1493_cov_100.467719	1001	1071	237	1	70	0.0142857
NODE_2316_length_1493_cov_100.467719	1001	1071	244	1	70	0.0142857
NODE_2316_length_1493_cov_100.467719	1001	1071	246	1	70	0.0142857
NODE_2316_length_1493_cov_100.467719	1001	1071	249	2	70	0.0285714
NODE_2316_length_1493_cov_100.467719	1001	1071	252	2	70	0.0285714
NODE_2316_length_1493_cov_100.467719	1001	1071	256	1	70	0.0142857
NODE_2316_length_1493_cov_100.467719	1001	1071	261	1	70	0.0142857
NODE_2316_length_1493_cov_100.467719	1001	1071	266	1	70	0.0142857
NODE_2316_length_1493_cov_100.467719	1001	1071	268	1	70	0.0142857
NODE_2316_length_1493_cov_100.467719	1001	1071	271	1	70	0.0142857
NODE_2316_length_1493_cov_100.467719	1001	1071	276	1	70	0.0142857
NODE_2316_length_1493_cov_100.467719	1001	1071	284	2	70	0.0285714
NODE_2316_length_1493_cov_100.467719	1001	1071	295	1	70	0.0142857
NODE_2316_length_1493_cov_100.467719	1001	1071	296	1	70	0.0142857
NODE_2316_length_1493_cov_100.467719	1001	1071	297	1	70	0.0142857
NODE_2316_length_1493_cov_100.467719	1001	1071	298	1	70	0.0142857
NODE_2316_length_1493_cov_100.467719	1001	1071	303	1	70	0.0142857
NODE_2316_length_1493_cov_100.467719	1001	1071	309	1	70	0.0142857
NODE_2316_length_1493_cov_100.467719	1001	1071	328	1	70	0.0142857
NODE_2316_length_1493_cov_100.467719	1001	1071	332	2	70	0.0285714
NODE_2316_length_1493_cov_100.467719	1001	1071	335	1	70	0.0142857
NODE_2316_length_1493_cov_100.467719	1001	1071	342	1	70	0.0142857
NODE_2316_length_1493_cov_100.467719	1001	1071	347	1	70	0.0142857
NODE_2316_length_1493_cov_100.467719	1001	1071	355	1	70	0.0142857
NODE_2316_length_1493_cov_100.467719	1001	1071	360	1	70	0.0142857
NODE_2316_length_1493_cov_100.467719	1001	1071	363	1	70	0.0142857
NODE_2316_length_1493_cov_100.467719	1001	1071	367	1	70	0.0142857
NODE_2316_length_1493_cov_100.467719	1001	1071	369	1	70	0.0142857
NODE_2316_length_1493_cov_100.467719	1001	1071	377	2	70	0.0285714
NODE_2316_length_1493_cov_100.467719	1001	1071	382	1	70	0.0142857
NODE_2316_length_1493_cov_100.467719	1001	1071	389	1	70	0.0142857
NODE_2316_length_1493_cov_100.467719	1001	1071	401	1	70	0.0142857
NODE_2316_length_1493_cov_100.467719	1001	1071	404	1	70	0.0142857
NODE_2316_length_1493_cov_100.467719	1001	1071	406	1	70	0.0142857
NODE_2316_length_1493_cov_100.467719	1001	1071	414	1	70	0.0142857
NODE_2316_length_1493_cov_100.467719	1001	1071	420	1	70	0.0142857
NODE_2316_length_1493_cov_100.467719	1001	1071	437	1	70	0.0142857
NODE_2316_length_1493_cov_100.467719	1001	1071	453	1	70	0.0142857
NODE_2316_length_1493_cov_100.467719	1001	1071	462	1	70	0.0142857
NODE_2316_length_1493_cov_100.467719	1001	1071	480	1	70	0.0142857
NODE_2316_length_1493_cov_100.467719	1001	1071	505	1	70	0.0142857
NODE_2316_length_1493_cov_100.467719	1001	1071	512	1	70	0.0142857
NODE_2316_length_1493_cov_100.467719	1001	1071	516	1	70	0.0142857
NODE_2316_length_1493_cov_100.467719	1001	1071	528	1	70	0.0142857
NODE_2316_length_1493_cov_100.467719	1001	1071	541	1	70	0.0142857
NODE_2316_length_1493_cov_100.467719	1001	1071	544	1	70	0.0142857
NODE_2316_length_1493_cov_100.467719	1001	1071	560	1	70	0.0142857
NODE_2316_length_1493_cov_100.467719	1001	1071	566	1	70	0.0142857
NODE_2316_length_1493_cov_100.467719	1001	1071	573	2	70	0.0285714
NODE_2316_length_1493_cov_100.467719	1001	1071	580	1	70	0.0142857
NODE_2316_length_1493_cov_100.467719	1001	1071	591	1	70	0.0142857
NODE_2316_length_1493_cov_100.467719	1001	1071	615	1	70	0.0142857
NODE_2316_length_1493_cov_100.467719	1001	1071	633	1	70	0.0142857
NODE_2316_length_1493_cov_100.467719	1001	1071	637	1	70	0.0142857
NODE_2316_length_1493_cov_100.467719	1001	1071	642	1	70	0.0142857
NODE_2316_length_1493_cov_100.467719	1001	1071	646	1	70	0.0142857
NODE_2316_length_1493_cov_100.467719	1001	1071	647	1	70	0.0142857
NODE_2316_length_1493_cov_100.467719	1001	1071	660	1	70	0.0142857
NODE_2316_length_1493_cov_100.467719	1001	1071	673	1	70	0.0142857
NODE_2316_length_1493_cov_100.467719	1001	1071	675	1	70	0.0142857
NODE_2316_length_1493_cov_100.467719	1001	1071	678	1	70	0.0142857
NODE_2316_length_1493_cov_100.467719	1001	1071	685	1	70	0.0142857
NODE_2316_length_1493_cov_100.467719	1077	1157	725	1	80	0.0125000
NODE_2316_length_1493_cov_100.467719	1077	1157	726	2	80	0.0250000
NODE_2316_length_1493_cov_100.467719	1077	1157	729	1	80	0.0125000
NODE_2316_length_1493_cov_100.467719	1077	1157	731	1	80	0.0125000
NODE_2316_length_1493_cov_100.467719	1077	1157	754	1	80	0.0125000
NODE_2316_length_1493_cov_100.467719	1077	1157	789	1	80	0.0125000
NODE_2316_length_1493_cov_100.467719	1077	1157	807	1	80	0.0125000
NODE_2316_length_1493_cov_100.467719	1077	1157	810	1	80	0.0125000
NODE_2316_length_1493_cov_100.467719	1077	1157	813	1	80	0.0125000
NODE_2316_length_1493_cov_100.467719	1077	1157	814	1	80	0.0125000
NODE_2316_length_1493_cov_100.467719	1077	1157	816	1	80	0.0125000
NODE_2316_length_1493_cov_100.467719	1077	1157	825	1	80	0.0125000
NODE_2316_length_1493_cov_100.467719	1077	1157	826	1	80	0.0125000
NODE_2316_length_1493_cov_100.467719	1077	1157	827	1	80	0.0125000
NODE_2316_length_1493_cov_100.467719	1077	1157	828	1	80	0.0125000
NODE_2316_length_1493_cov_100.467719	1077	1157	831	1	80	0.0125000
NODE_2316_length_1493_cov_100.467719	1077	1157	834	1	80	0.0125000
NODE_2316_length_1493_cov_100.467719	1077	1157	837	1	80	0.0125000
NODE_2316_length_1493_cov_100.467719	1077	1157	842	1	80	0.0125000
NODE_2316_length_1493_cov_100.467719	1077	1157	854	1	80	0.0125000
NODE_2316_length_1493_cov_100.467719	1077	1157	856	1	80	0.0125000
NODE_2316_length_1493_cov_100.467719	1077	1157	863	1	80	0.0125000
NODE_2316_length_1493_cov_100.467719	1077	1157	866	1	80	0.0125000
NODE_2316_length_1493_cov_100.467719	1077	1157	888	1	80	0.0125000
NODE_2316_length_1493_cov_100.467719	1077	1157	903	1	80	0.0125000
NODE_2316_length_1493_cov_100.467719	1077	1157	917	1	80	0.0125000
NODE_2316_length_1493_cov_100.467719	1077	1157	932	1	80	0.0125000
NODE_2316_length_1493_cov_100.467719	1077	1157	965	1	80	0.0125000
NODE_2316_length_1493_cov_100.467719	1077	1157	989	1	80	0.0125000
NODE_2316_length_1493_cov_100.467719	1077	1157	990	1	80	0.0125000
NODE_2316_length_1493_cov_100.467719	1077	1157	992	1	80	0.0125000
NODE_2316_length_1493_cov_100.467719	1077	1157	999	1	80	0.0125000
NODE_2316_length_1493_cov_100.467719	1077	1157	1007	1	80	0.0125000
NODE_2316_length_1493_cov_100.467719	1077	1157	1012	1	80	0.0125000
NODE_2316_length_1493_cov_100.467719	1077	1157	1019	1	80	0.0125000
NODE_2316_length_1493_cov_100.467719	1077	1157	1021	2	80	0.0250000
NODE_2316_length_1493_cov_100.467719	1077	1157	1033	1	80	0.0125000
NODE_2316_length_1493_cov_100.467719	1077	1157	1048	1	80	0.0125000
NODE_2316_length_1493_cov_100.467719	1077	1157	1061	1	80	0.0125000
NODE_2316_length_1493_cov_100.467719	1077	1157	1073	1	80	0.0125000
NODE_2316_length_1493_cov_100.467719	1077	1157	1078	2	80	0.0250000
NODE_2316_length_1493_cov_100.467719	1077	1157	1085	1	80	0.0125000
NODE_2316_length_1493_cov_100.467719	1077	1157	1093	1	80	0.0125000
NODE_2316_length_1493_cov_100.467719	1077	1157	1099	1	80	0.0125000
NODE_2316_length_1493_cov_100.467719	1077	1157	1108	1	80	0.0125000
NODE_2316_length_1493_cov_100.467719	1077	1157	1116	1	80	0.0125000
NODE_2316_length_1493_cov_100.467719	1077	1157	1142	1	80	0.0125000
NODE_2316_length_1493_cov_100.467719	1077	1157	1146	1	80	0.0125000
NODE_2316_length_1493_cov_100.467719	1077	1157	1160	1	80	0.0125000
NODE_2316_length_1493_cov_100.467719	1077	1157	1166	1	80	0.0125000
NODE_2316_length_1493_cov_100.467719	1077	1157	1173	1	80	0.0125000
NODE_2316_length_1493_cov_100.467719	1077	1157	1175	1	80	0.0125000
NODE_2316_length_1493_cov_100.467719	1077	1157	1194	1	80	0.0125000
NODE_2316_length_1493_cov_100.467719	1077	1157	1196	1	80	0.0125000
NODE_2316_length_1493_cov_100.467719	1077	1157	1201	1	80	0.0125000
NODE_2316_length_1493_cov_100.467719	1077	1157	1204	1	80	0.0125000
NODE_2316_length_1493_cov_100.467719	1077	1157	1205	1	80	0.0125000
NODE_2316_length_1493_cov_100.467719	1077	1157	1214	1	80	0.0125000
NODE_2316_length_1493_cov_100.467719	1077	1157	1221	1	80	0.0125000
NODE_2316_length_1493_cov_100.467719	1077	1157	1229	2	80	0.0250000
NODE_2316_length_1493_cov_100.467719	1077	1157	1233	2	80	0.0250000
NODE_2316_length_1493_cov_100.467719	1077	1157	1242	1	80	0.0125000
NODE_2316_length_1493_cov_100.467719	1077	1157	1250	1	80	0.0125000
NODE_2316_length_1493_cov_100.467719	1077	1157	1260	1	80	0.0125000
NODE_2316_length_1493_cov_100.467719	1077	1157	1266	2	80	0.0250000
NODE_2316_length_1493_cov_100.467719	1077	1157	1283	1	80	0.0125000
NODE_2316_length_1493_cov_100.467719	1077	1157	1288	1	80	0.0125000
NODE_2316_length_1493_cov_100.467719	1077	1157	1291	1	80	0.0125000
NODE_2316_length_1493_cov_100.467719	1077	1157	1294	1	80	0.0125000
NODE_2316_length_1493_cov_100.467719	1077	1157	1295	1	80	0.0125000
NODE_2316_length_1493_cov_100.467719	1077	1157	1296	1	80	0.0125000
NODE_2316_length_1493_cov_100.467719	1077	1157	1297	1	80	0.0125000
NODE_2316_length_1493_cov_100.467719	1077	1157	1298	1	80	0.0125000
NODE_2316_length_1493_cov_100.467719	1077	1157	1299	1	80	0.0125000
NODE_2316_length_1493_cov_100.467719	1130	1210	795	1	80	0.0125000
NODE_2316_length_1493_cov_100.467719	1130	1210	822	1	80	0.0125000
NODE_2316_length_1493_cov_100.467719	1130	1210	831	1	80	0.0125000
NODE_2316_length_1493_cov_100.467719	1130	1210	844	1	80	0.0125000
NODE_2316_length_1493_cov_100.467719	1130	1210	862	1	80	0.0125000
NODE_2316_length_1493_cov_100.467719	1130	1210	870	1	80	0.0125000
NODE_2316_length_1493_cov_100.467719	1130	1210	899	1	80	0.0125000
NODE_2316_length_1493_cov_100.467719	1130	1210	906	1	80	0.0125000
NODE_2316_length_1493_cov_100.467719	1130	1210	913	1	80	0.0125000
NODE_2316_length_1493_cov_100.467719	1130	1210	914	1	80	0.0125000
NODE_2316_length_1493_cov_100.467719	1130	1210	921	1	80	0.0125000
NODE_2316_length_1493_cov_100.467719	1130	1210	944	1	80	0.0125000
NODE_2316_length_1493_cov_100.467719	1130	1210	989	1	80	0.0125000
NODE_2316_length_1493_cov_100.467719	1130	1210	1029	1	80	0.0125000
NODE_2316_length_1493_cov_100.467719	1130	1210	1044	1	80	0.0125000
NODE_2316_length_1493_cov_100.467719	1130	1210	1055	1	80	0.0125000
NODE_2316_length_1493_cov_100.467719	1130	1210	1071	1	80	0.0125000
NODE_2316_length_1493_cov_100.467719	1130	1210	1113	1	80	0.0125000
NODE_2316_length_1493_cov_100.467719	1130	1210	1115	1	80	0.0125000
NODE_2316_length_1493_cov_100.467719	1130	1210	1117	1	80	0.0125000
NODE_2316_length_1493_cov_100.467719	1130	1210	1120	1	80	0.0125000
NODE_2316_length_1493_cov_100.467719	1130	1210	1141	1	80	0.0125000
NODE_2316_length_1493_cov_100.467719	1130	1210	1148	1	80	0.0125000
NODE_2316_length_1493_cov_100.467719	1130	1210	1158	1	80	0.0125000
NODE_2316_length_1493_cov_100.467719	1130	1210	1163	1	80	0.0125000
NODE_2316_length_1493_cov_100.467719	1130	1210	1167	1	80	0.0125000
NODE_2316_length_1493_cov_100.467719	1130	1210	1173	1	80	0.0125000
NODE_2316_length_1493_cov_100.467719	1130	1210	1175	1	80	0.0125000
NODE_2316_length_1493_cov_100.467719	1130	1210	1178	1	80	0.0125000
NODE_2316_length_1493_cov_100.467719	1130	1210	1185	1	80	0.0125000
NODE_2316_length_1493_cov_100.467719	1130	1210	1193	1	80	0.0125000
NODE_2316_length_1493_cov_100.467719	1130	1210	1194	1	80	0.0125000
NODE_2316_length_1493_cov_100.467719	1130	1210	1196	1	80	0.0125000
NODE_2316_length_1493_cov_100.467719	1130	1210	1197	1	80	0.0125000
NODE_2316_length_1493_cov_100.467719	1130	1210	1201	1	80	0.0125000
NODE_2316_length_1493_cov_100.467719	1130	1210	1204	1	80	0.0125000
NODE_2316_length_1493_cov_100.467719	1130	1210	1205	1	80	0.0125000
NODE_2316_length_1493_cov_100.467719	1130	1210	1207	1	80	0.0125000
NODE_2316_length_1493_cov_100.467719	1130	1210	1209	1	80	0.0125000
NODE_2316_length_1493_cov_100.467719	1130	1210	1214	2	80	0.0250000
NODE_2316_length_1493_cov_100.467719	1130	1210	1221	1	80	0.0125000
NODE_2316_length_1493_cov_100.467719	1130	1210	1226	1	80	0.0125000
NODE_2316_length_1493_cov_100.467719	1130	1210	1229	2	80	0.0250000
NODE_2316_length_1493_cov_100.467719	1130	1210	1232	1	80	0.0125000
NODE_2316_length_1493_cov_100.467719	1130	1210	1233	2	80	0.0250000
NODE_2316_length_1493_cov_100.467719	1130	1210	1239	1	80	0.0125000
NODE_2316_length_1493_cov_100.467719	1130	1210	1242	1	80	0.0125000
NODE_2316_length_1493_cov_100.467719	1130	1210	1250	1	80	0.0125000
NODE_2316_length_1493_cov_100.467719	1130	1210	1253	1	80	0.0125000
NODE_2316_length_1493_cov_100.467719	1130	1210	1259	1	80	0.0125000
NODE_2316_length_1493_cov_100.467719	1130	1210	1260	2	80	0.0250000
NODE_2316_length_1493_cov_100.467719	1130	1210	1263	1	80	0.0125000
NODE_2316_length_1493_cov_100.467719	1130	1210	1266	3	80	0.0375000
NODE_2316_length_1493_cov_100.467719	1130	1210	1268	1	80	0.0125000
NODE_2316_length_1493_cov_100.467719	1130	1210	1275	1	80	0.0125000
NODE_2316_length_1493_cov_100.467719	1130	1210	1277	1	80	0.0125000
NODE_2316_length_1493_cov_100.467719	1130	1210	1280	1	80	0.0125000
NODE_2316_length_1493_cov_100.467719	1130	1210	1283	1	80	0.0125000
NODE_2316_length_1493_cov_100.467719	1130	1210	1285	1	80	0.0125000
NODE_2316_length_1493_cov_100.467719	1130	1210	1286	1	80	0.0125000
NODE_2316_length_1493_cov_100.467719	1130	1210	1288	3	80	0.0375000
NODE_2316_length_1493_cov_100.467719	1130	1210	1290	1	80	0.0125000
NODE_2316_length_1493_cov_100.467719	1130	1210	1291	1	80	0.0125000
NODE_2316_length_1493_cov_100.467719	1130	1210	1294	1	80	0.0125000
NODE_2316_length_1493_cov_100.467719	1130	1210	1295	3	80	0.0375000
NODE_2316_length_1493_cov_100.467719	1130	1210	1296	2	80	0.0250000
NODE_2316_length_1493_cov_100.467719	1130	1210	1297	1	80	0.0125000
NODE_2316_length_1493_cov_100.467719	1130	1210	1298	1	80	0.0125000
NODE_2316_length_1493_cov_100.467719	1130	1210	1299	1	80	0.0125000
NODE_2321_length_1493_cov_1.138451	1341	1420	2	79	79	1.0000000
NODE_2321_length_1493_cov_1.138451	1341	1420	2	79	79	1.0000000
NODE_2321_length_1493_cov_1.138451	1393	1459	0	3	66	0.0454545
NODE_2321_length_1493_cov_1.138451	1393	1459	2	63	66	0.9545454
NODE_2332_length_1490_cov_5.726096	233	295	0	62	62	1.0000000
NODE_2332_length_1490_cov_5.726096	1065	1149	2	84	84	1.0000000
NODE_2333_length_1490_cov_4.687275	318	399	0	15	81	0.1851852
NODE_2333_length_1490_cov_4.687275	318	399	2	66	81	0.8148148
NODE_2333_length_1490_cov_4.687275	372	452	0	23	80	0.2875000
NODE_2333_length_1490_cov_4.687275	372	452	2	57	80	0.7125000
NODE_2338_length_1488_cov_3.734341	1141	1221	0	80	80	1.0000000
NODE_2340_length_1487_cov_19.332133	673	753	2	80	80	1.0000000
NODE_2340_length_1487_cov_19.332133	726	806	0	47	80	0.5875000
NODE_2340_length_1487_cov_19.332133	726	806	2	33	80	0.4125000
NODE_2348_length_1484_cov_38.342960	706	786	4	31	80	0.3875000
NODE_2348_length_1484_cov_38.342960	706	786	6	49	80	0.6125000
NODE_2348_length_1484_cov_38.342960	759	839	2	17	80	0.2125000
NODE_2348_length_1484_cov_38.342960	759	839	6	63	80	0.7875000
NODE_2349_length_1484_cov_21.260650	348	428	0	80	80	1.0000000
NODE_2349_length_1484_cov_21.260650	401	481	0	80	80	1.0000000
NODE_2349_length_1484_cov_21.260650	978	1058	2	13	80	0.1625000
NODE_2349_length_1484_cov_21.260650	978	1058	8	67	80	0.8375000
NODE_2349_length_1484_cov_21.260650	1031	1111	0	49	80	0.6125000
NODE_2349_length_1484_cov_21.260650	1031	1111	2	17	80	0.2125000
NODE_2349_length_1484_cov_21.260650	1031	1111	8	14	80	0.1750000
NODE_2350_length_1484_cov_19.243321	952	1032	0	39	80	0.4875000
NODE_2350_length_1484_cov_19.243321	952	1032	2	41	80	0.5125000
NODE_2350_length_1484_cov_19.243321	1005	1085	2	80	80	1.0000000
NODE_2351_length_1484_cov_9.085199	314	394	4	24	80	0.3000000
NODE_2351_length_1484_cov_9.085199	314	394	6	24	80	0.3000000
NODE_2351_length_1484_cov_9.085199	314	394	8	32	80	0.4000000
NODE_2351_length_1484_cov_9.085199	367	447	2	28	80	0.3500000
NODE_2351_length_1484_cov_9.085199	367	447	4	8	80	0.1000000
NODE_2351_length_1484_cov_9.085199	367	447	8	44	80	0.5500000
NODE_2353_length_1483_cov_21.207370	555	635	0	80	80	1.0000000
NODE_2353_length_1483_cov_21.207370	608	688	0	80	80	1.0000000
NODE_2359_length_1482_cov_20.177874	430	510	0	49	80	0.6125000
NODE_2359_length_1482_cov_20.177874	430	510	1	31	80	0.3875000
NODE_2359_length_1482_cov_20.177874	483	563	1	72	80	0.9000000
NODE_2359_length_1482_cov_20.177874	483	563	2	8	80	0.1000000
NODE_2359_length_1482_cov_20.177874	559	639	2	68	80	0.8500000
NODE_2359_length_1482_cov_20.177874	559	639	3	10	80	0.1250000
NODE_2359_length_1482_cov_20.177874	559	639	4	2	80	0.0250000
NODE_2359_length_1482_cov_20.177874	612	692	2	15	80	0.1875000
NODE_2359_length_1482_cov_20.177874	612	692	3	63	80	0.7875000
NODE_2359_length_1482_cov_20.177874	612	692	4	2	80	0.0250000
NODE_2360_length_1482_cov_13.644252	1000	1080	0	44	80	0.5500000
NODE_2360_length_1482_cov_13.644252	1000	1080	1	3	80	0.0375000
NODE_2360_length_1482_cov_13.644252	1000	1080	2	33	80	0.4125000
NODE_2360_length_1482_cov_13.644252	1053	1133	2	80	80	1.0000000
NODE_2361_length_1482_cov_6.157628	525	605	0	80	80	1.0000000
NODE_2361_length_1482_cov_6.157628	578	658	0	80	80	1.0000000
NODE_2361_length_1482_cov_6.157628	1306	1388	21	3	82	0.0365854
NODE_2361_length_1482_cov_6.157628	1306	1388	23	2	82	0.0243902
NODE_2361_length_1482_cov_6.157628	1306	1388	24	5	82	0.0609756
NODE_2361_length_1482_cov_6.157628	1306	1388	26	5	82	0.0609756
NODE_2361_length_1482_cov_6.157628	1306	1388	28	1	82	0.0121951
NODE_2361_length_1482_cov_6.157628	1306	1388	34	19	82	0.2317073
NODE_2361_length_1482_cov_6.157628	1306	1388	37	5	82	0.0609756
NODE_2361_length_1482_cov_6.157628	1306	1388	38	42	82	0.5121951
NODE_2364_length_1481_cov_19.238784	480	560	4	20	80	0.2500000
NODE_2364_length_1481_cov_19.238784	480	560	8	11	80	0.1375000
NODE_2364_length_1481_cov_19.238784	480	560	12	49	80	0.6125000
NODE_2364_length_1481_cov_19.238784	533	613	4	73	80	0.9125000
NODE_2364_length_1481_cov_19.238784	533	613	12	7	80	0.0875000
NODE_2365_length_1481_cov_18.139653	706	786	0	80	80	1.0000000
NODE_2365_length_1481_cov_18.139653	759	839	0	80	80	1.0000000
NODE_2367_length_1480_cov_27.552498	762	842	6	34	80	0.4250000
NODE_2367_length_1480_cov_27.552498	762	842	10	46	80	0.5750000
NODE_2367_length_1480_cov_27.552498	815	895	4	6	80	0.0750000
NODE_2367_length_1480_cov_27.552498	815	895	7	6	80	0.0750000
NODE_2367_length_1480_cov_27.552498	815	895	10	68	80	0.8500000
NODE_2367_length_1480_cov_27.552498	891	971	0	62	80	0.7750000
NODE_2367_length_1480_cov_27.552498	891	971	4	18	80	0.2250000
NODE_2367_length_1480_cov_27.552498	944	1024	0	80	80	1.0000000
NODE_2367_length_1480_cov_27.552498	1171	1222	8	3	51	0.0588235
NODE_2367_length_1480_cov_27.552498	1171	1222	10	1	51	0.0196078
NODE_2367_length_1480_cov_27.552498	1171	1222	12	2	51	0.0392157
NODE_2367_length_1480_cov_27.552498	1171	1222	18	7	51	0.1372549
NODE_2367_length_1480_cov_27.552498	1171	1222	31	1	51	0.0196078
NODE_2367_length_1480_cov_27.552498	1171	1222	37	1	51	0.0196078
NODE_2367_length_1480_cov_27.552498	1171	1222	41	3	51	0.0588235
NODE_2367_length_1480_cov_27.552498	1171	1222	45	1	51	0.0196078
NODE_2367_length_1480_cov_27.552498	1171	1222	47	1	51	0.0196078
NODE_2367_length_1480_cov_27.552498	1171	1222	61	1	51	0.0196078
NODE_2367_length_1480_cov_27.552498	1171	1222	67	6	51	0.1176471
NODE_2367_length_1480_cov_27.552498	1171	1222	69	1	51	0.0196078
NODE_2367_length_1480_cov_27.552498	1171	1222	71	2	51	0.0392157
NODE_2367_length_1480_cov_27.552498	1171	1222	75	4	51	0.0784314
NODE_2367_length_1480_cov_27.552498	1171	1222	77	3	51	0.0588235
NODE_2367_length_1480_cov_27.552498	1171	1222	79	1	51	0.0196078
NODE_2367_length_1480_cov_27.552498	1171	1222	83	7	51	0.1372549
NODE_2367_length_1480_cov_27.552498	1171	1222	89	6	51	0.1176471
NODE_2369_length_1480_cov_12.535844	466	546	0	2	80	0.0250000
NODE_2369_length_1480_cov_12.535844	466	546	2	17	80	0.2125000
NODE_2369_length_1480_cov_12.535844	466	546	3	14	80	0.1750000
NODE_2369_length_1480_cov_12.535844	466	546	4	28	80	0.3500000
NODE_2369_length_1480_cov_12.535844	466	546	6	19	80	0.2375000
NODE_2369_length_1480_cov_12.535844	519	599	4	8	80	0.1000000
NODE_2369_length_1480_cov_12.535844	519	599	5	9	80	0.1125000
NODE_2369_length_1480_cov_12.535844	519	599	6	63	80	0.7875000
NODE_2373_length_1479_cov_17.035507	708	788	0	22	80	0.2750000
NODE_2373_length_1479_cov_17.035507	708	788	2	58	80	0.7250000
NODE_2373_length_1479_cov_17.035507	761	841	0	26	80	0.3250000
NODE_2373_length_1479_cov_17.035507	761	841	2	54	80	0.6750000
NODE_2373_length_1479_cov_17.035507	837	917	0	80	80	1.0000000
NODE_2373_length_1479_cov_17.035507	890	970	0	80	80	1.0000000
NODE_2374_length_1479_cov_16.448551	908	988	4	4	80	0.0500000
NODE_2374_length_1479_cov_16.448551	908	988	6	75	80	0.9375000
NODE_2374_length_1479_cov_16.448551	908	988	8	1	80	0.0125000
NODE_2374_length_1479_cov_16.448551	961	1041	4	4	80	0.0500000
NODE_2374_length_1479_cov_16.448551	961	1041	6	33	80	0.4125000
NODE_2374_length_1479_cov_16.448551	961	1041	8	43	80	0.5375000
NODE_2375_length_1479_cov_5.285507	123	185	2	1	62	0.0161290
NODE_2375_length_1479_cov_5.285507	123	185	4	10	62	0.1612903
NODE_2375_length_1479_cov_5.285507	123	185	6	3	62	0.0483871
NODE_2375_length_1479_cov_5.285507	123	185	8	3	62	0.0483871
NODE_2375_length_1479_cov_5.285507	123	185	9	12	62	0.1935484
NODE_2375_length_1479_cov_5.285507	123	185	11	3	62	0.0483871
NODE_2375_length_1479_cov_5.285507	123	185	13	13	62	0.2096774
NODE_2375_length_1479_cov_5.285507	123	185	14	5	62	0.0806452
NODE_2375_length_1479_cov_5.285507	123	185	16	9	62	0.1451613
NODE_2375_length_1479_cov_5.285507	123	185	20	3	62	0.0483871
NODE_2376_length_1479_cov_2.018841	881	967	0	86	86	1.0000000
NODE_2377_length_1478_cov_32.050761	411	491	5	7	80	0.0875000
NODE_2377_length_1478_cov_32.050761	411	491	7	5	80	0.0625000
NODE_2377_length_1478_cov_32.050761	411	491	8	4	80	0.0500000
NODE_2377_length_1478_cov_32.050761	411	491	11	11	80	0.1375000
NODE_2377_length_1478_cov_32.050761	411	491	12	53	80	0.6625000
NODE_2377_length_1478_cov_32.050761	464	544	4	15	80	0.1875000
NODE_2377_length_1478_cov_32.050761	464	544	6	6	80	0.0750000
NODE_2377_length_1478_cov_32.050761	464	544	8	36	80	0.4500000
NODE_2377_length_1478_cov_32.050761	464	544	11	1	80	0.0125000
NODE_2377_length_1478_cov_32.050761	464	544	12	22	80	0.2750000
NODE_2377_length_1478_cov_32.050761	540	620	4	9	80	0.1125000
NODE_2377_length_1478_cov_32.050761	540	620	5	19	80	0.2375000
NODE_2377_length_1478_cov_32.050761	540	620	6	17	80	0.2125000
NODE_2377_length_1478_cov_32.050761	540	620	8	28	80	0.3500000
NODE_2377_length_1478_cov_32.050761	540	620	9	7	80	0.0875000
NODE_2377_length_1478_cov_32.050761	593	673	4	62	80	0.7750000
NODE_2377_length_1478_cov_32.050761	593	673	8	18	80	0.2250000
NODE_2378_length_1478_cov_27.414793	817	897	0	56	80	0.7000000
NODE_2378_length_1478_cov_27.414793	817	897	2	24	80	0.3000000
NODE_2378_length_1478_cov_27.414793	870	950	0	3	80	0.0375000
NODE_2378_length_1478_cov_27.414793	870	950	2	33	80	0.4125000
NODE_2378_length_1478_cov_27.414793	870	950	4	44	80	0.5500000
NODE_2379_length_1478_cov_23.472081	1212	1241	30	3	29	0.1034483
NODE_2379_length_1478_cov_23.472081	1212	1241	32	3	29	0.1034483
NODE_2379_length_1478_cov_23.472081	1212	1241	34	3	29	0.1034483
NODE_2379_length_1478_cov_23.472081	1212	1241	36	1	29	0.0344828
NODE_2379_length_1478_cov_23.472081	1212	1241	38	1	29	0.0344828
NODE_2379_length_1478_cov_23.472081	1212	1241	40	6	29	0.2068966
NODE_2379_length_1478_cov_23.472081	1212	1241	41	1	29	0.0344828
NODE_2379_length_1478_cov_23.472081	1212	1241	45	1	29	0.0344828
NODE_2379_length_1478_cov_23.472081	1212	1241	47	2	29	0.0689655
NODE_2379_length_1478_cov_23.472081	1212	1241	52	3	29	0.1034483
NODE_2379_length_1478_cov_23.472081	1212	1241	56	3	29	0.1034483
NODE_2379_length_1478_cov_23.472081	1212	1241	57	2	29	0.0689655
NODE_2380_length_1478_cov_10.746193	678	758	0	80	80	1.0000000
NODE_2380_length_1478_cov_10.746193	731	811	0	80	80	1.0000000
NODE_2380_length_1478_cov_10.746193	807	892	0	85	85	1.0000000
NODE_2380_length_1478_cov_10.746193	860	945	0	85	85	1.0000000
NODE_2384_length_1476_cov_6.522150	791	871	6	8	80	0.1000000
NODE_2384_length_1476_cov_6.522150	791	871	8	72	80	0.9000000
NODE_2384_length_1476_cov_6.522150	844	924	0	18	80	0.2250000
NODE_2384_length_1476_cov_6.522150	844	924	2	15	80	0.1875000
NODE_2384_length_1476_cov_6.522150	844	924	8	47	80	0.5875000
NODE_2392_length_1474_cov_11.209455	515	595	2	15	80	0.1875000
NODE_2392_length_1474_cov_11.209455	515	595	3	8	80	0.1000000
NODE_2392_length_1474_cov_11.209455	515	595	4	16	80	0.2000000
NODE_2392_length_1474_cov_11.209455	515	595	5	12	80	0.1500000
NODE_2392_length_1474_cov_11.209455	515	595	6	29	80	0.3625000
NODE_2392_length_1474_cov_11.209455	568	648	2	31	80	0.3875000
NODE_2392_length_1474_cov_11.209455	568	648	4	38	80	0.4750000
NODE_2392_length_1474_cov_11.209455	568	648	6	11	80	0.1375000
NODE_2397_length_1472_cov_22.159505	428	508	6	27	80	0.3375000
NODE_2397_length_1472_cov_22.159505	428	508	8	30	80	0.3750000
NODE_2397_length_1472_cov_22.159505	428	508	10	23	80	0.2875000
NODE_2397_length_1472_cov_22.159505	428	508	6	27	80	0.3375000
NODE_2397_length_1472_cov_22.159505	428	508	8	30	80	0.3750000
NODE_2397_length_1472_cov_22.159505	428	508	10	23	80	0.2875000
NODE_2397_length_1472_cov_22.159505	481	561	0	18	80	0.2250000
NODE_2397_length_1472_cov_22.159505	481	561	2	15	80	0.1875000
NODE_2397_length_1472_cov_22.159505	481	561	4	1	80	0.0125000
NODE_2397_length_1472_cov_22.159505	481	561	6	46	80	0.5750000
NODE_2397_length_1472_cov_22.159505	913	993	0	67	80	0.8375000
NODE_2397_length_1472_cov_22.159505	913	993	2	13	80	0.1625000
NODE_2397_length_1472_cov_22.159505	966	1046	0	14	80	0.1750000
NODE_2397_length_1472_cov_22.159505	966	1046	2	66	80	0.8250000
NODE_2397_length_1472_cov_22.159505	1042	1122	0	69	80	0.8625000
NODE_2397_length_1472_cov_22.159505	1042	1122	2	11	80	0.1375000
NODE_2397_length_1472_cov_22.159505	1095	1175	0	80	80	1.0000000
NODE_2398_length_1472_cov_22.018208	523	590	1	1	67	0.0149254
NODE_2398_length_1472_cov_22.018208	523	590	2	66	67	0.9850746
NODE_2398_length_1472_cov_22.018208	563	643	0	47	80	0.5875000
NODE_2398_length_1472_cov_22.018208	563	643	1	7	80	0.0875000
NODE_2398_length_1472_cov_22.018208	563	643	2	26	80	0.3250000
NODE_2398_length_1472_cov_22.018208	639	719	0	80	80	1.0000000
NODE_2398_length_1472_cov_22.018208	692	772	0	80	80	1.0000000
NODE_2404_length_1470_cov_7.042305	5	57	134	1	52	0.0192308
NODE_2404_length_1470_cov_7.042305	5	57	144	1	52	0.0192308
NODE_2404_length_1470_cov_7.042305	5	57	150	1	52	0.0192308
NODE_2404_length_1470_cov_7.042305	5	57	168	1	52	0.0192308
NODE_2404_length_1470_cov_7.042305	5	57	179	1	52	0.0192308
NODE_2404_length_1470_cov_7.042305	5	57	186	1	52	0.0192308
NODE_2404_length_1470_cov_7.042305	5	57	190	2	52	0.0384615
NODE_2404_length_1470_cov_7.042305	5	57	210	1	52	0.0192308
NODE_2404_length_1470_cov_7.042305	5	57	240	1	52	0.0192308
NODE_2404_length_1470_cov_7.042305	5	57	250	1	52	0.0192308
NODE_2404_length_1470_cov_7.042305	5	57	260	1	52	0.0192308
NODE_2404_length_1470_cov_7.042305	5	57	264	1	52	0.0192308
NODE_2404_length_1470_cov_7.042305	5	57	276	1	52	0.0192308
NODE_2404_length_1470_cov_7.042305	5	57	278	1	52	0.0192308
NODE_2404_length_1470_cov_7.042305	5	57	288	1	52	0.0192308
NODE_2404_length_1470_cov_7.042305	5	57	293	1	52	0.0192308
NODE_2404_length_1470_cov_7.042305	5	57	298	1	52	0.0192308
NODE_2404_length_1470_cov_7.042305	5	57	300	1	52	0.0192308
NODE_2404_length_1470_cov_7.042305	5	57	308	1	52	0.0192308
NODE_2404_length_1470_cov_7.042305	5	57	312	3	52	0.0576923
NODE_2404_length_1470_cov_7.042305	5	57	324	1	52	0.0192308
NODE_2404_length_1470_cov_7.042305	5	57	329	1	52	0.0192308
NODE_2404_length_1470_cov_7.042305	5	57	331	27	52	0.5192308
NODE_2405_length_1470_cov_2.185266	199	245	0	46	46	1.0000000
NODE_2407_length_1469_cov_5.683942	834	914	0	80	80	1.0000000
NODE_2407_length_1469_cov_5.683942	887	967	0	80	80	1.0000000
NODE_2410_length_1467_cov_31.231725	1048	1131	0	83	83	1.0000000
NODE_2411_length_1467_cov_19.731725	485	565	0	33	80	0.4125000
NODE_2411_length_1467_cov_19.731725	485	565	2	47	80	0.5875000
NODE_2411_length_1467_cov_19.731725	538	618	0	80	80	1.0000000
NODE_2412_length_1467_cov_11.807749	180	242	18	2	62	0.0322581
NODE_2412_length_1467_cov_11.807749	180	242	20	10	62	0.1612903
NODE_2412_length_1467_cov_11.807749	180	242	22	1	62	0.0161290
NODE_2412_length_1467_cov_11.807749	180	242	24	1	62	0.0161290
NODE_2412_length_1467_cov_11.807749	180	242	31	1	62	0.0161290
NODE_2412_length_1467_cov_11.807749	180	242	32	6	62	0.0967742
NODE_2412_length_1467_cov_11.807749	180	242	36	41	62	0.6612903
NODE_2412_length_1467_cov_11.807749	264	293	24	4	29	0.1379310
NODE_2412_length_1467_cov_11.807749	264	293	25	6	29	0.2068966
NODE_2412_length_1467_cov_11.807749	264	293	27	9	29	0.3103448
NODE_2412_length_1467_cov_11.807749	264	293	28	5	29	0.1724138
NODE_2412_length_1467_cov_11.807749	264	293	30	5	29	0.1724138
NODE_2412_length_1467_cov_11.807749	930	1010	11	27	80	0.3375000
NODE_2412_length_1467_cov_11.807749	930	1010	15	49	80	0.6125000
NODE_2412_length_1467_cov_11.807749	930	1010	16	4	80	0.0500000
NODE_2412_length_1467_cov_11.807749	983	1063	7	25	80	0.3125000
NODE_2412_length_1467_cov_11.807749	983	1063	10	17	80	0.2125000
NODE_2412_length_1467_cov_11.807749	983	1063	11	14	80	0.1750000
NODE_2412_length_1467_cov_11.807749	983	1063	13	7	80	0.0875000
NODE_2412_length_1467_cov_11.807749	983	1063	15	13	80	0.1625000
NODE_2412_length_1467_cov_11.807749	983	1063	16	4	80	0.0500000
NODE_2414_length_1466_cov_41.326993	664	744	0	44	80	0.5500000
NODE_2414_length_1466_cov_41.326993	664	744	2	6	80	0.0750000
NODE_2414_length_1466_cov_41.326993	664	744	4	30	80	0.3750000
NODE_2414_length_1466_cov_41.326993	717	797	4	34	80	0.4250000
NODE_2414_length_1466_cov_41.326993	717	797	6	44	80	0.5500000
NODE_2414_length_1466_cov_41.326993	717	797	8	2	80	0.0250000
NODE_2414_length_1466_cov_41.326993	793	873	6	35	80	0.4375000
NODE_2414_length_1466_cov_41.326993	793	873	8	45	80	0.5625000
NODE_2414_length_1466_cov_41.326993	846	926	6	18	80	0.2250000
NODE_2414_length_1466_cov_41.326993	846	926	8	62	80	0.7750000
NODE_2420_length_1464_cov_6.726740	137	204	4	52	67	0.7761194
NODE_2420_length_1464_cov_6.726740	137	204	6	15	67	0.2238806
NODE_2422_length_1464_cov_2.198535	1301	1363	14	5	62	0.0806452
NODE_2422_length_1464_cov_2.198535	1301	1363	19	1	62	0.0161290
NODE_2422_length_1464_cov_2.198535	1301	1363	22	15	62	0.2419355
NODE_2422_length_1464_cov_2.198535	1301	1363	24	2	62	0.0322581
NODE_2422_length_1464_cov_2.198535	1301	1363	26	8	62	0.1290323
NODE_2422_length_1464_cov_2.198535	1301	1363	28	1	62	0.0161290
NODE_2422_length_1464_cov_2.198535	1301	1363	34	30	62	0.4838710
NODE_2425_length_1463_cov_15.345308	314	394	0	80	80	1.0000000
NODE_2425_length_1463_cov_15.345308	367	447	0	80	80	1.0000000
NODE_2427_length_1462_cov_18.082172	418	498	4	25	80	0.3125000
NODE_2427_length_1462_cov_18.082172	418	498	12	55	80	0.6875000
NODE_2427_length_1462_cov_18.082172	471	551	7	2	80	0.0250000
NODE_2427_length_1462_cov_18.082172	471	551	8	30	80	0.3750000
NODE_2427_length_1462_cov_18.082172	471	551	12	48	80	0.6000000
NODE_2427_length_1462_cov_18.082172	1036	1116	2	10	80	0.1250000
NODE_2427_length_1462_cov_18.082172	1036	1116	4	4	80	0.0500000
NODE_2427_length_1462_cov_18.082172	1036	1116	6	6	80	0.0750000
NODE_2427_length_1462_cov_18.082172	1036	1116	7	1	80	0.0125000
NODE_2427_length_1462_cov_18.082172	1036	1116	8	59	80	0.7375000
NODE_2427_length_1462_cov_18.082172	1089	1169	0	40	80	0.5000000
NODE_2427_length_1462_cov_18.082172	1089	1169	2	23	80	0.2875000
NODE_2427_length_1462_cov_18.082172	1089	1169	4	4	80	0.0500000
NODE_2427_length_1462_cov_18.082172	1089	1169	7	1	80	0.0125000
NODE_2427_length_1462_cov_18.082172	1089	1169	8	12	80	0.1500000
NODE_2428_length_1462_cov_1.792370	1247	1319	0	72	72	1.0000000
NODE_2428_length_1462_cov_1.792370	1305	1374	0	69	69	1.0000000
NODE_2433_length_1460_cov_23.927994	852	932	15	29	80	0.3625000
NODE_2433_length_1460_cov_23.927994	852	932	19	51	80	0.6375000
NODE_2433_length_1460_cov_23.927994	905	985	3	15	80	0.1875000
NODE_2433_length_1460_cov_23.927994	905	985	5	1	80	0.0125000
NODE_2433_length_1460_cov_23.927994	905	985	6	3	80	0.0375000
NODE_2433_length_1460_cov_23.927994	905	985	13	5	80	0.0625000
NODE_2433_length_1460_cov_23.927994	905	985	14	16	80	0.2000000
NODE_2433_length_1460_cov_23.927994	905	985	15	40	80	0.5000000
NODE_2436_length_1459_cov_43.600000	535	615	6	24	80	0.3000000
NODE_2436_length_1459_cov_43.600000	535	615	7	4	80	0.0500000
NODE_2436_length_1459_cov_43.600000	535	615	8	52	80	0.6500000
NODE_2436_length_1459_cov_43.600000	588	668	2	5	80	0.0625000
NODE_2436_length_1459_cov_43.600000	588	668	4	26	80	0.3250000
NODE_2436_length_1459_cov_43.600000	588	668	5	11	80	0.1375000
NODE_2436_length_1459_cov_43.600000	588	668	6	33	80	0.4125000
NODE_2436_length_1459_cov_43.600000	588	668	7	5	80	0.0625000
NODE_2436_length_1459_cov_43.600000	664	744	6	13	80	0.1625000
NODE_2436_length_1459_cov_43.600000	664	744	9	34	80	0.4250000
NODE_2436_length_1459_cov_43.600000	664	744	13	1	80	0.0125000
NODE_2436_length_1459_cov_43.600000	664	744	16	32	80	0.4000000
NODE_2436_length_1459_cov_43.600000	717	797	11	22	80	0.2750000
NODE_2436_length_1459_cov_43.600000	717	797	12	1	80	0.0125000
NODE_2436_length_1459_cov_43.600000	717	797	13	6	80	0.0750000
NODE_2436_length_1459_cov_43.600000	717	797	16	51	80	0.6375000
NODE_2437_length_1459_cov_32.276471	865	945	0	8	80	0.1000000
NODE_2437_length_1459_cov_32.276471	865	945	2	72	80	0.9000000
NODE_2437_length_1459_cov_32.276471	918	998	0	61	80	0.7625000
NODE_2437_length_1459_cov_32.276471	918	998	2	19	80	0.2375000
NODE_2437_length_1459_cov_32.276471	994	1074	0	80	80	1.0000000
NODE_2437_length_1459_cov_32.276471	1047	1127	0	80	80	1.0000000
NODE_2441_length_1458_cov_2.184695	1361	1441	2	1	80	0.0125000
NODE_2441_length_1458_cov_2.184695	1361	1441	4	79	80	0.9875000
NODE_2442_length_1457_cov_19.687040	834	914	0	33	80	0.4125000
NODE_2442_length_1457_cov_19.687040	834	914	2	3	80	0.0375000
NODE_2442_length_1457_cov_19.687040	834	914	8	44	80	0.5500000
NODE_2442_length_1457_cov_19.687040	887	967	8	80	80	1.0000000
NODE_2442_length_1457_cov_19.687040	963	1043	0	49	80	0.6125000
NODE_2442_length_1457_cov_19.687040	963	1043	6	12	80	0.1500000
NODE_2442_length_1457_cov_19.687040	963	1043	8	19	80	0.2375000
NODE_2442_length_1457_cov_19.687040	1016	1096	0	80	80	1.0000000
NODE_2444_length_1457_cov_14.944772	754	834	4	10	80	0.1250000
NODE_2444_length_1457_cov_14.944772	754	834	5	70	80	0.8750000
NODE_2444_length_1457_cov_14.944772	807	887	1	39	80	0.4875000
NODE_2444_length_1457_cov_14.944772	807	887	5	41	80	0.5125000
NODE_2445_length_1457_cov_10.168630	827	907	10	53	80	0.6625000
NODE_2445_length_1457_cov_10.168630	827	907	20	27	80	0.3375000
NODE_2445_length_1457_cov_10.168630	880	960	11	23	80	0.2875000
NODE_2445_length_1457_cov_10.168630	880	960	12	7	80	0.0875000
NODE_2445_length_1457_cov_10.168630	880	960	19	4	80	0.0500000
NODE_2445_length_1457_cov_10.168630	880	960	20	46	80	0.5750000
NODE_2445_length_1457_cov_10.168630	956	1036	4	25	80	0.3125000
NODE_2445_length_1457_cov_10.168630	956	1036	11	6	80	0.0750000
NODE_2445_length_1457_cov_10.168630	956	1036	12	25	80	0.3125000
NODE_2445_length_1457_cov_10.168630	956	1036	13	9	80	0.1125000
NODE_2445_length_1457_cov_10.168630	956	1036	14	15	80	0.1875000
NODE_2445_length_1457_cov_10.168630	1009	1089	2	37	80	0.4625000
NODE_2445_length_1457_cov_10.168630	1009	1089	4	41	80	0.5125000
NODE_2445_length_1457_cov_10.168630	1009	1089	14	2	80	0.0250000
NODE_2448_length_1456_cov_13.675755	557	637	2	52	80	0.6500000
NODE_2448_length_1456_cov_13.675755	557	637	4	28	80	0.3500000
NODE_2448_length_1456_cov_13.675755	610	690	0	27	80	0.3375000
NODE_2448_length_1456_cov_13.675755	610	690	2	45	80	0.5625000
NODE_2448_length_1456_cov_13.675755	610	690	4	8	80	0.1000000
NODE_2449_length_1456_cov_11.109064	951	1031	0	45	80	0.5625000
NODE_2449_length_1456_cov_11.109064	951	1031	2	22	80	0.2750000
NODE_2449_length_1456_cov_11.109064	951	1031	4	13	80	0.1625000
NODE_2449_length_1456_cov_11.109064	1004	1084	2	14	80	0.1750000
NODE_2449_length_1456_cov_11.109064	1004	1084	4	66	80	0.8250000
NODE_2452_length_1456_cov_3.137067	374	410	2	9	36	0.2500000
NODE_2452_length_1456_cov_3.137067	374	410	4	1	36	0.0277778
NODE_2452_length_1456_cov_3.137067	374	410	6	8	36	0.2222222
NODE_2452_length_1456_cov_3.137067	374	410	8	18	36	0.5000000
NODE_2454_length_1456_cov_1.889462	35	99	3	48	64	0.7500000
NODE_2454_length_1456_cov_1.889462	35	99	4	16	64	0.2500000
NODE_2456_length_1455_cov_60.874631	369	449	0	80	80	1.0000000
NODE_2456_length_1455_cov_60.874631	422	502	0	80	80	1.0000000
NODE_2456_length_1455_cov_60.874631	498	578	0	80	80	1.0000000
NODE_2456_length_1455_cov_60.874631	551	631	0	80	80	1.0000000
NODE_2458_length_1455_cov_35.253687	615	695	0	80	80	1.0000000
NODE_2458_length_1455_cov_35.253687	668	748	0	80	80	1.0000000
NODE_2458_length_1455_cov_35.253687	744	824	0	22	80	0.2750000
NODE_2458_length_1455_cov_35.253687	744	824	2	34	80	0.4250000
NODE_2458_length_1455_cov_35.253687	744	824	18	24	80	0.3000000
NODE_2458_length_1455_cov_35.253687	797	877	2	3	80	0.0375000
NODE_2458_length_1455_cov_35.253687	797	877	16	29	80	0.3625000
NODE_2458_length_1455_cov_35.253687	797	877	18	48	80	0.6000000
NODE_2465_length_1452_cov_7.101256	976	1056	0	79	80	0.9875000
NODE_2465_length_1452_cov_7.101256	976	1056	2	1	80	0.0125000
NODE_2465_length_1452_cov_7.101256	1029	1109	0	26	80	0.3250000
NODE_2465_length_1452_cov_7.101256	1029	1109	2	38	80	0.4750000
NODE_2465_length_1452_cov_7.101256	1029	1109	4	16	80	0.2000000
NODE_2465_length_1452_cov_7.101256	1105	1185	4	80	80	1.0000000
NODE_2465_length_1452_cov_7.101256	1158	1238	0	53	80	0.6625000
NODE_2465_length_1452_cov_7.101256	1158	1238	4	27	80	0.3375000
NODE_2470_length_1451_cov_23.880178	439	520	20	5	81	0.0617284
NODE_2470_length_1451_cov_23.880178	439	520	22	5	81	0.0617284
NODE_2470_length_1451_cov_23.880178	439	520	24	7	81	0.0864198
NODE_2470_length_1451_cov_23.880178	439	520	26	10	81	0.1234568
NODE_2470_length_1451_cov_23.880178	439	520	28	10	81	0.1234568
NODE_2470_length_1451_cov_23.880178	439	520	32	9	81	0.1111111
NODE_2470_length_1451_cov_23.880178	439	520	34	25	81	0.3086420
NODE_2470_length_1451_cov_23.880178	439	520	35	8	81	0.0987654
NODE_2470_length_1451_cov_23.880178	439	520	36	1	81	0.0123457
NODE_2470_length_1451_cov_23.880178	439	520	37	1	81	0.0123457
NODE_2470_length_1451_cov_23.880178	493	573	20	2	80	0.0250000
NODE_2470_length_1451_cov_23.880178	493	573	21	13	80	0.1625000
NODE_2470_length_1451_cov_23.880178	493	573	25	5	80	0.0625000
NODE_2470_length_1451_cov_23.880178	493	573	27	25	80	0.3125000
NODE_2470_length_1451_cov_23.880178	493	573	29	2	80	0.0250000
NODE_2470_length_1451_cov_23.880178	493	573	32	4	80	0.0500000
NODE_2470_length_1451_cov_23.880178	493	573	34	23	80	0.2875000
NODE_2470_length_1451_cov_23.880178	493	573	35	4	80	0.0500000
NODE_2470_length_1451_cov_23.880178	493	573	36	1	80	0.0125000
NODE_2470_length_1451_cov_23.880178	493	573	37	1	80	0.0125000
NODE_2471_length_1451_cov_16.249260	422	502	2	2	80	0.0250000
NODE_2471_length_1451_cov_16.249260	422	502	4	19	80	0.2375000
NODE_2471_length_1451_cov_16.249260	422	502	5	1	80	0.0125000
NODE_2471_length_1451_cov_16.249260	422	502	6	5	80	0.0625000
NODE_2471_length_1451_cov_16.249260	422	502	9	35	80	0.4375000
NODE_2471_length_1451_cov_16.249260	422	502	10	18	80	0.2250000
NODE_2471_length_1451_cov_16.249260	475	555	2	2	80	0.0250000
NODE_2471_length_1451_cov_16.249260	475	555	4	72	80	0.9000000
NODE_2471_length_1451_cov_16.249260	475	555	5	1	80	0.0125000
NODE_2471_length_1451_cov_16.249260	475	555	6	5	80	0.0625000
NODE_2472_length_1451_cov_8.663462	908	988	2	80	80	1.0000000
NODE_2472_length_1451_cov_8.663462	961	1040	0	47	79	0.5949367
NODE_2472_length_1451_cov_8.663462	961	1040	2	32	79	0.4050633
NODE_2474_length_1451_cov_5.219675	897	977	0	17	80	0.2125000
NODE_2474_length_1451_cov_5.219675	897	977	2	63	80	0.7875000
NODE_2474_length_1451_cov_5.219675	950	1030	2	80	80	1.0000000
NODE_2477_length_1450_cov_20.371577	611	691	0	80	80	1.0000000
NODE_2477_length_1450_cov_20.371577	664	744	0	80	80	1.0000000
NODE_2482_length_1449_cov_24.665926	432	512	0	80	80	1.0000000
NODE_2482_length_1449_cov_24.665926	485	565	0	80	80	1.0000000
NODE_2482_length_1449_cov_24.665926	561	643	0	82	82	1.0000000
NODE_2482_length_1449_cov_24.665926	616	696	0	80	80	1.0000000
NODE_2485_length_1448_cov_20.587102	904	984	3	39	80	0.4875000
NODE_2485_length_1448_cov_20.587102	904	984	4	15	80	0.1875000
NODE_2485_length_1448_cov_20.587102	904	984	6	26	80	0.3250000
NODE_2485_length_1448_cov_20.587102	957	1037	2	38	80	0.4750000
NODE_2485_length_1448_cov_20.587102	957	1037	4	8	80	0.1000000
NODE_2485_length_1448_cov_20.587102	957	1037	6	34	80	0.4250000
NODE_2487_length_1448_cov_8.693847	537	617	0	7	80	0.0875000
NODE_2487_length_1448_cov_8.693847	537	617	2	14	80	0.1750000
NODE_2487_length_1448_cov_8.693847	537	617	4	1	80	0.0125000
NODE_2487_length_1448_cov_8.693847	537	617	8	6	80	0.0750000
NODE_2487_length_1448_cov_8.693847	537	617	9	1	80	0.0125000
NODE_2487_length_1448_cov_8.693847	537	617	10	26	80	0.3250000
NODE_2487_length_1448_cov_8.693847	537	617	12	25	80	0.3125000
NODE_2487_length_1448_cov_8.693847	590	670	10	2	80	0.0250000
NODE_2487_length_1448_cov_8.693847	590	670	12	29	80	0.3625000
NODE_2487_length_1448_cov_8.693847	590	670	16	21	80	0.2625000
NODE_2487_length_1448_cov_8.693847	590	670	18	28	80	0.3500000
NODE_2488_length_1447_cov_21.391691	519	599	4	39	80	0.4875000
NODE_2488_length_1447_cov_21.391691	519	599	8	7	80	0.0875000
NODE_2488_length_1447_cov_21.391691	519	599	9	5	80	0.0625000
NODE_2488_length_1447_cov_21.391691	519	599	10	29	80	0.3625000
NODE_2488_length_1447_cov_21.391691	572	652	6	43	80	0.5375000
NODE_2488_length_1447_cov_21.391691	572	652	8	17	80	0.2125000
NODE_2488_length_1447_cov_21.391691	572	652	9	5	80	0.0625000
NODE_2488_length_1447_cov_21.391691	572	652	10	15	80	0.1875000
NODE_2488_length_1447_cov_21.391691	648	728	0	54	80	0.6750000
NODE_2488_length_1447_cov_21.391691	648	728	2	4	80	0.0500000
NODE_2488_length_1447_cov_21.391691	648	728	6	22	80	0.2750000
NODE_2488_length_1447_cov_21.391691	701	781	0	23	80	0.2875000
NODE_2488_length_1447_cov_21.391691	701	781	2	57	80	0.7125000
NODE_2491_length_1447_cov_2.262611	1268	1325	37	1	57	0.0175439
NODE_2491_length_1447_cov_2.262611	1268	1325	38	1	57	0.0175439
NODE_2491_length_1447_cov_2.262611	1268	1325	41	1	57	0.0175439
NODE_2491_length_1447_cov_2.262611	1268	1325	42	1	57	0.0175439
NODE_2491_length_1447_cov_2.262611	1268	1325	44	1	57	0.0175439
NODE_2491_length_1447_cov_2.262611	1268	1325	51	1	57	0.0175439
NODE_2491_length_1447_cov_2.262611	1268	1325	55	1	57	0.0175439
NODE_2491_length_1447_cov_2.262611	1268	1325	59	1	57	0.0175439
NODE_2491_length_1447_cov_2.262611	1268	1325	61	3	57	0.0526316
NODE_2491_length_1447_cov_2.262611	1268	1325	62	2	57	0.0350877
NODE_2491_length_1447_cov_2.262611	1268	1325	66	4	57	0.0701754
NODE_2491_length_1447_cov_2.262611	1268	1325	70	1	57	0.0175439
NODE_2491_length_1447_cov_2.262611	1268	1325	73	2	57	0.0350877
NODE_2491_length_1447_cov_2.262611	1268	1325	78	1	57	0.0175439
NODE_2491_length_1447_cov_2.262611	1268	1325	80	2	57	0.0350877
NODE_2491_length_1447_cov_2.262611	1268	1325	86	2	57	0.0350877
NODE_2491_length_1447_cov_2.262611	1268	1325	91	1	57	0.0175439
NODE_2491_length_1447_cov_2.262611	1268	1325	93	2	57	0.0350877
NODE_2491_length_1447_cov_2.262611	1268	1325	94	1	57	0.0175439
NODE_2491_length_1447_cov_2.262611	1268	1325	112	1	57	0.0175439
NODE_2491_length_1447_cov_2.262611	1268	1325	124	1	57	0.0175439
NODE_2491_length_1447_cov_2.262611	1268	1325	143	1	57	0.0175439
NODE_2491_length_1447_cov_2.262611	1268	1325	149	4	57	0.0701754
NODE_2491_length_1447_cov_2.262611	1268	1325	151	4	57	0.0701754
NODE_2491_length_1447_cov_2.262611	1268	1325	153	2	57	0.0350877
NODE_2491_length_1447_cov_2.262611	1268	1325	158	2	57	0.0350877
NODE_2491_length_1447_cov_2.262611	1268	1325	159	2	57	0.0350877
NODE_2491_length_1447_cov_2.262611	1268	1325	161	1	57	0.0175439
NODE_2491_length_1447_cov_2.262611	1268	1325	170	1	57	0.0175439
NODE_2491_length_1447_cov_2.262611	1268	1325	173	3	57	0.0526316
NODE_2491_length_1447_cov_2.262611	1268	1325	175	1	57	0.0175439
NODE_2491_length_1447_cov_2.262611	1268	1325	177	2	57	0.0350877
NODE_2491_length_1447_cov_2.262611	1268	1325	178	3	57	0.0526316
NODE_2491_length_1447_cov_2.262611	1321	1378	152	2	57	0.0350877
NODE_2491_length_1447_cov_2.262611	1321	1378	154	1	57	0.0175439
NODE_2491_length_1447_cov_2.262611	1321	1378	156	2	57	0.0350877
NODE_2491_length_1447_cov_2.262611	1321	1378	158	2	57	0.0350877
NODE_2491_length_1447_cov_2.262611	1321	1378	162	1	57	0.0175439
NODE_2491_length_1447_cov_2.262611	1321	1378	166	1	57	0.0175439
NODE_2491_length_1447_cov_2.262611	1321	1378	174	3	57	0.0526316
NODE_2491_length_1447_cov_2.262611	1321	1378	177	1	57	0.0175439
NODE_2491_length_1447_cov_2.262611	1321	1378	178	8	57	0.1403509
NODE_2491_length_1447_cov_2.262611	1321	1378	179	12	57	0.2105263
NODE_2491_length_1447_cov_2.262611	1321	1378	180	22	57	0.3859649
NODE_2491_length_1447_cov_2.262611	1321	1378	181	2	57	0.0350877
NODE_2494_length_1445_cov_22.052006	759	839	0	80	80	1.0000000
NODE_2494_length_1445_cov_22.052006	812	892	0	80	80	1.0000000
NODE_2494_length_1445_cov_22.052006	888	968	0	30	80	0.3750000
NODE_2494_length_1445_cov_22.052006	888	968	2	50	80	0.6250000
NODE_2494_length_1445_cov_22.052006	941	1021	0	13	80	0.1625000
NODE_2494_length_1445_cov_22.052006	941	1021	2	67	80	0.8375000
NODE_2495_length_1445_cov_13.378900	584	664	2	80	80	1.0000000
NODE_2495_length_1445_cov_13.378900	637	717	0	19	80	0.2375000
NODE_2495_length_1445_cov_13.378900	637	717	2	61	80	0.7625000
NODE_2501_length_1443_cov_7.628720	480	560	0	80	80	1.0000000
NODE_2501_length_1443_cov_7.628720	533	613	0	62	80	0.7750000
NODE_2501_length_1443_cov_7.628720	533	613	2	18	80	0.2250000
NODE_2501_length_1443_cov_7.628720	609	689	0	16	80	0.2000000
NODE_2501_length_1443_cov_7.628720	609	689	2	64	80	0.8000000
NODE_2501_length_1443_cov_7.628720	662	742	0	69	80	0.8625000
NODE_2501_length_1443_cov_7.628720	662	742	2	11	80	0.1375000
NODE_2502_length_1443_cov_4.843006	924	1004	0	80	80	1.0000000
NODE_2502_length_1443_cov_4.843006	977	1057	0	80	80	1.0000000
NODE_2508_length_1442_cov_24.551750	427	507	1	6	80	0.0750000
NODE_2508_length_1442_cov_24.551750	427	507	2	74	80	0.9250000
NODE_2508_length_1442_cov_24.551750	480	560	0	6	80	0.0750000
NODE_2508_length_1442_cov_24.551750	480	560	1	53	80	0.6625000
NODE_2508_length_1442_cov_24.551750	480	560	2	21	80	0.2625000
NODE_2508_length_1442_cov_24.551750	556	636	0	44	80	0.5500000
NODE_2508_length_1442_cov_24.551750	556	636	2	17	80	0.2125000
NODE_2508_length_1442_cov_24.551750	556	636	4	19	80	0.2375000
NODE_2508_length_1442_cov_24.551750	609	689	2	8	80	0.1000000
NODE_2508_length_1442_cov_24.551750	609	689	4	72	80	0.9000000
NODE_2509_length_1442_cov_24.032762	424	504	6	11	80	0.1375000
NODE_2509_length_1442_cov_24.032762	424	504	8	69	80	0.8625000
NODE_2509_length_1442_cov_24.032762	477	557	0	32	80	0.4000000
NODE_2509_length_1442_cov_24.032762	477	557	4	12	80	0.1500000
NODE_2509_length_1442_cov_24.032762	477	557	6	20	80	0.2500000
NODE_2509_length_1442_cov_24.032762	477	557	8	16	80	0.2000000
NODE_2511_length_1441_cov_16.528316	963	1043	2	19	80	0.2375000
NODE_2511_length_1441_cov_16.528316	963	1043	3	8	80	0.1000000
NODE_2511_length_1441_cov_16.528316	963	1043	4	15	80	0.1875000
NODE_2511_length_1441_cov_16.528316	963	1043	8	1	80	0.0125000
NODE_2511_length_1441_cov_16.528316	963	1043	9	11	80	0.1375000
NODE_2511_length_1441_cov_16.528316	963	1043	14	12	80	0.1500000
NODE_2511_length_1441_cov_16.528316	963	1043	15	14	80	0.1750000
NODE_2511_length_1441_cov_16.528316	1016	1096	9	1	80	0.0125000
NODE_2511_length_1441_cov_16.528316	1016	1096	12	22	80	0.2750000
NODE_2511_length_1441_cov_16.528316	1016	1096	14	43	80	0.5375000
NODE_2511_length_1441_cov_16.528316	1016	1096	15	14	80	0.1750000
NODE_2512_length_1441_cov_3.781669	80	156	0	74	76	0.9736842
NODE_2512_length_1441_cov_3.781669	80	156	2	2	76	0.0263158
NODE_2512_length_1441_cov_3.781669	129	209	0	25	80	0.3125000
NODE_2512_length_1441_cov_3.781669	129	209	2	55	80	0.6875000
NODE_2515_length_1440_cov_34.523490	446	526	0	31	80	0.3875000
NODE_2515_length_1440_cov_34.523490	446	526	6	49	80	0.6125000
NODE_2515_length_1440_cov_34.523490	499	576	6	77	77	1.0000000
NODE_2515_length_1440_cov_34.523490	576	654	0	15	78	0.1923077
NODE_2515_length_1440_cov_34.523490	576	654	2	3	78	0.0384615
NODE_2515_length_1440_cov_34.523490	576	654	6	29	78	0.3717949
NODE_2515_length_1440_cov_34.523490	576	654	8	31	78	0.3974359
NODE_2515_length_1440_cov_34.523490	627	707	6	19	80	0.2375000
NODE_2515_length_1440_cov_34.523490	627	707	8	61	80	0.7625000
NODE_2516_length_1440_cov_20.372110	776	856	0	25	80	0.3125000
NODE_2516_length_1440_cov_20.372110	776	856	2	55	80	0.6875000
NODE_2516_length_1440_cov_20.372110	829	909	0	66	80	0.8250000
NODE_2516_length_1440_cov_20.372110	829	909	2	2	80	0.0250000
NODE_2516_length_1440_cov_20.372110	829	909	5	12	80	0.1500000
NODE_2516_length_1440_cov_20.372110	905	985	0	18	80	0.2250000
NODE_2516_length_1440_cov_20.372110	905	985	5	62	80	0.7750000
NODE_2516_length_1440_cov_20.372110	958	1038	0	71	80	0.8875000
NODE_2516_length_1440_cov_20.372110	958	1038	5	9	80	0.1125000
NODE_2517_length_1440_cov_14.476510	586	615	8	29	29	1.0000000
NODE_2517_length_1440_cov_14.476510	666	695	0	29	29	1.0000000
NODE_2517_length_1440_cov_14.476510	1295	1359	406	1	64	0.0156250
NODE_2517_length_1440_cov_14.476510	1295	1359	407	1	64	0.0156250
NODE_2517_length_1440_cov_14.476510	1295	1359	409	1	64	0.0156250
NODE_2517_length_1440_cov_14.476510	1295	1359	413	2	64	0.0312500
NODE_2517_length_1440_cov_14.476510	1295	1359	421	1	64	0.0156250
NODE_2517_length_1440_cov_14.476510	1295	1359	428	2	64	0.0312500
NODE_2517_length_1440_cov_14.476510	1295	1359	450	3	64	0.0468750
NODE_2517_length_1440_cov_14.476510	1295	1359	456	1	64	0.0156250
NODE_2517_length_1440_cov_14.476510	1295	1359	459	1	64	0.0156250
NODE_2517_length_1440_cov_14.476510	1295	1359	461	2	64	0.0312500
NODE_2517_length_1440_cov_14.476510	1295	1359	463	1	64	0.0156250
NODE_2517_length_1440_cov_14.476510	1295	1359	464	1	64	0.0156250
NODE_2517_length_1440_cov_14.476510	1295	1359	465	2	64	0.0312500
NODE_2517_length_1440_cov_14.476510	1295	1359	466	1	64	0.0156250
NODE_2517_length_1440_cov_14.476510	1295	1359	467	11	64	0.1718750
NODE_2517_length_1440_cov_14.476510	1295	1359	468	1	64	0.0156250
NODE_2517_length_1440_cov_14.476510	1295	1359	470	10	64	0.1562500
NODE_2517_length_1440_cov_14.476510	1295	1359	471	3	64	0.0468750
NODE_2517_length_1440_cov_14.476510	1295	1359	472	2	64	0.0312500
NODE_2517_length_1440_cov_14.476510	1295	1359	473	17	64	0.2656250
NODE_2518_length_1440_cov_9.049217	384	464	6	72	80	0.9000000
NODE_2518_length_1440_cov_9.049217	384	464	12	8	80	0.1000000
NODE_2518_length_1440_cov_9.049217	437	517	6	80	80	1.0000000
NODE_2520_length_1439_cov_11.784328	898	978	0	80	80	1.0000000
NODE_2520_length_1439_cov_11.784328	951	1031	0	56	80	0.7000000
NODE_2520_length_1439_cov_11.784328	951	1031	1	7	80	0.0875000
NODE_2520_length_1439_cov_11.784328	951	1031	2	17	80	0.2125000
NODE_2525_length_1438_cov_41.481703	671	751	9	16	80	0.2000000
NODE_2525_length_1438_cov_41.481703	671	751	13	3	80	0.0375000
NODE_2525_length_1438_cov_41.481703	671	751	14	61	80	0.7625000
NODE_2525_length_1438_cov_41.481703	724	804	0	9	80	0.1125000
NODE_2525_length_1438_cov_41.481703	724	804	4	11	80	0.1375000
NODE_2525_length_1438_cov_41.481703	724	804	14	60	80	0.7500000
NODE_2529_length_1437_cov_14.449178	815	895	0	1	80	0.0125000
NODE_2529_length_1437_cov_14.449178	815	895	2	15	80	0.1875000
NODE_2529_length_1437_cov_14.449178	815	895	4	64	80	0.8000000
NODE_2529_length_1437_cov_14.449178	868	948	2	37	80	0.4625000
NODE_2529_length_1437_cov_14.449178	868	948	4	43	80	0.5375000
NODE_2529_length_1437_cov_14.449178	944	1024	2	73	80	0.9125000
NODE_2529_length_1437_cov_14.449178	944	1024	3	1	80	0.0125000
NODE_2529_length_1437_cov_14.449178	944	1024	4	6	80	0.0750000
NODE_2529_length_1437_cov_14.449178	997	1077	0	40	80	0.5000000
NODE_2529_length_1437_cov_14.449178	997	1077	2	40	80	0.5000000
NODE_2532_length_1436_cov_96.256545	1145	1225	0	80	80	1.0000000
NODE_2532_length_1436_cov_96.256545	1198	1278	0	80	80	1.0000000
NODE_2532_length_1436_cov_96.256545	1274	1354	0	80	80	1.0000000
NODE_2532_length_1436_cov_96.256545	1327	1407	0	80	80	1.0000000
NODE_2536_length_1435_cov_21.468563	783	863	0	17	80	0.2125000
NODE_2536_length_1435_cov_21.468563	783	863	2	63	80	0.7875000
NODE_2536_length_1435_cov_21.468563	836	916	2	48	80	0.6000000
NODE_2536_length_1435_cov_21.468563	836	916	4	7	80	0.0875000
NODE_2536_length_1435_cov_21.468563	836	916	8	25	80	0.3125000
NODE_2536_length_1435_cov_21.468563	912	992	6	6	80	0.0750000
NODE_2536_length_1435_cov_21.468563	912	992	8	35	80	0.4375000
NODE_2536_length_1435_cov_21.468563	912	992	10	17	80	0.2125000
NODE_2536_length_1435_cov_21.468563	912	992	12	22	80	0.2750000
NODE_2536_length_1435_cov_21.468563	965	1045	2	14	80	0.1750000
NODE_2536_length_1435_cov_21.468563	965	1045	4	14	80	0.1750000
NODE_2536_length_1435_cov_21.468563	965	1045	6	3	80	0.0375000
NODE_2536_length_1435_cov_21.468563	965	1045	8	11	80	0.1375000
NODE_2536_length_1435_cov_21.468563	965	1045	10	5	80	0.0625000
NODE_2536_length_1435_cov_21.468563	965	1045	11	1	80	0.0125000
NODE_2536_length_1435_cov_21.468563	965	1045	12	32	80	0.4000000
NODE_2537_length_1435_cov_18.593563	1123	1203	0	80	80	1.0000000
NODE_2537_length_1435_cov_18.593563	1176	1256	0	80	80	1.0000000
NODE_2538_length_1435_cov_5.828593	299	379	0	80	80	1.0000000
NODE_2538_length_1435_cov_5.828593	352	432	0	66	80	0.8250000
NODE_2538_length_1435_cov_5.828593	352	432	2	14	80	0.1750000
NODE_2540_length_1434_cov_17.610487	1023	1103	8	80	80	1.0000000
NODE_2540_length_1434_cov_17.610487	1076	1156	0	9	80	0.1125000
NODE_2540_length_1434_cov_17.610487	1076	1156	2	26	80	0.3250000
NODE_2540_length_1434_cov_17.610487	1076	1156	4	14	80	0.1750000
NODE_2540_length_1434_cov_17.610487	1076	1156	8	31	80	0.3875000
NODE_2540_length_1434_cov_17.610487	1152	1232	2	80	80	1.0000000
NODE_2540_length_1434_cov_17.610487	1205	1285	0	44	80	0.5500000
NODE_2540_length_1434_cov_17.610487	1205	1285	2	36	80	0.4500000
NODE_2541_length_1434_cov_9.845693	846	926	0	29	80	0.3625000
NODE_2541_length_1434_cov_9.845693	846	926	1	11	80	0.1375000
NODE_2541_length_1434_cov_9.845693	846	926	2	40	80	0.5000000
NODE_2541_length_1434_cov_9.845693	899	978	0	79	79	1.0000000
NODE_2544_length_1433_cov_36.452774	538	618	2	76	80	0.9500000
NODE_2544_length_1433_cov_36.452774	538	618	4	4	80	0.0500000
NODE_2544_length_1433_cov_36.452774	591	671	2	76	80	0.9500000
NODE_2544_length_1433_cov_36.452774	591	671	4	4	80	0.0500000
NODE_2544_length_1433_cov_36.452774	667	747	2	4	80	0.0500000
NODE_2544_length_1433_cov_36.452774	667	747	4	70	80	0.8750000
NODE_2544_length_1433_cov_36.452774	667	747	6	6	80	0.0750000
NODE_2544_length_1433_cov_36.452774	720	800	2	20	80	0.2500000
NODE_2544_length_1433_cov_36.452774	720	800	4	54	80	0.6750000
NODE_2544_length_1433_cov_36.452774	720	800	6	6	80	0.0750000
NODE_2550_length_1431_cov_7.409159	513	593	0	80	80	1.0000000
NODE_2550_length_1431_cov_7.409159	566	646	0	80	80	1.0000000
NODE_2551_length_1431_cov_6.721471	1074	1154	0	80	80	1.0000000
NODE_2551_length_1431_cov_6.721471	1127	1207	0	80	80	1.0000000
NODE_2552_length_1430_cov_32.643877	753	833	0	21	80	0.2625000
NODE_2552_length_1430_cov_32.643877	753	833	2	59	80	0.7375000
NODE_2552_length_1430_cov_32.643877	806	886	2	39	80	0.4875000
NODE_2552_length_1430_cov_32.643877	806	886	4	41	80	0.5125000
NODE_2552_length_1430_cov_32.643877	882	962	4	45	80	0.5625000
NODE_2552_length_1430_cov_32.643877	882	962	6	35	80	0.4375000
NODE_2552_length_1430_cov_32.643877	935	1016	4	32	81	0.3950617
NODE_2552_length_1430_cov_32.643877	935	1016	6	30	81	0.3703704
NODE_2552_length_1430_cov_32.643877	935	1016	8	2	81	0.0246914
NODE_2552_length_1430_cov_32.643877	935	1016	10	17	81	0.2098765
NODE_2557_length_1428_cov_5.895410	340	416	0	6	76	0.0789474
NODE_2557_length_1428_cov_5.895410	340	416	2	70	76	0.9210526
NODE_2557_length_1428_cov_5.895410	393	476	0	66	83	0.7951807
NODE_2557_length_1428_cov_5.895410	393	476	2	17	83	0.2048193
NODE_2560_length_1427_cov_38.919428	707	787	0	80	80	1.0000000
NODE_2560_length_1427_cov_38.919428	760	840	0	80	80	1.0000000
NODE_2560_length_1427_cov_38.919428	836	916	0	5	80	0.0625000
NODE_2560_length_1427_cov_38.919428	836	916	2	75	80	0.9375000
NODE_2560_length_1427_cov_38.919428	889	969	0	30	80	0.3750000
NODE_2560_length_1427_cov_38.919428	889	969	2	50	80	0.6250000
NODE_2561_length_1427_cov_19.442771	808	888	0	80	80	1.0000000
NODE_2561_length_1427_cov_19.442771	861	941	0	80	80	1.0000000
NODE_2561_length_1427_cov_19.442771	937	1017	0	30	80	0.3750000
NODE_2561_length_1427_cov_19.442771	937	1017	2	5	80	0.0625000
NODE_2561_length_1427_cov_19.442771	937	1017	3	15	80	0.1875000
NODE_2561_length_1427_cov_19.442771	937	1017	4	30	80	0.3750000
NODE_2561_length_1427_cov_19.442771	990	1070	4	52	80	0.6500000
NODE_2561_length_1427_cov_19.442771	990	1070	6	28	80	0.3500000
NODE_2562_length_1427_cov_10.490964	728	808	0	80	80	1.0000000
NODE_2562_length_1427_cov_10.490964	781	861	0	80	80	1.0000000
NODE_2562_length_1427_cov_10.490964	857	937	0	80	80	1.0000000
NODE_2562_length_1427_cov_10.490964	910	990	0	80	80	1.0000000
NODE_2563_length_1427_cov_9.929217	646	726	0	80	80	1.0000000
NODE_2563_length_1427_cov_9.929217	699	779	0	80	80	1.0000000
NODE_2563_length_1427_cov_9.929217	775	855	0	80	80	1.0000000
NODE_2563_length_1427_cov_9.929217	828	908	0	80	80	1.0000000
NODE_2563_length_1427_cov_9.929217	1248	1324	0	10	76	0.1315790
NODE_2563_length_1427_cov_9.929217	1248	1324	2	35	76	0.4605263
NODE_2563_length_1427_cov_9.929217	1248	1324	4	31	76	0.4078947
NODE_2563_length_1427_cov_9.929217	1301	1376	2	36	75	0.4800000
NODE_2563_length_1427_cov_9.929217	1301	1376	4	39	75	0.5200000
NODE_2564_length_1427_cov_3.122741	1336	1399	0	63	63	1.0000000
NODE_2570_length_1426_cov_36.580256	422	502	0	80	80	1.0000000
NODE_2570_length_1426_cov_36.580256	475	555	0	80	80	1.0000000
NODE_2570_length_1426_cov_36.580256	551	631	0	20	80	0.2500000
NODE_2570_length_1426_cov_36.580256	551	631	2	8	80	0.1000000
NODE_2570_length_1426_cov_36.580256	551	631	4	36	80	0.4500000
NODE_2570_length_1426_cov_36.580256	551	631	8	16	80	0.2000000
NODE_2570_length_1426_cov_36.580256	604	684	4	11	80	0.1375000
NODE_2570_length_1426_cov_36.580256	604	684	6	21	80	0.2625000
NODE_2570_length_1426_cov_36.580256	604	684	7	1	80	0.0125000
NODE_2570_length_1426_cov_36.580256	604	684	8	47	80	0.5875000
NODE_2574_length_1425_cov_25.524133	561	641	0	23	80	0.2875000
NODE_2574_length_1425_cov_25.524133	561	641	4	57	80	0.7125000
NODE_2574_length_1425_cov_25.524133	614	694	4	48	80	0.6000000
NODE_2574_length_1425_cov_25.524133	614	694	8	32	80	0.4000000
NODE_2575_length_1425_cov_10.175716	361	441	0	80	80	1.0000000
NODE_2575_length_1425_cov_10.175716	414	494	0	80	80	1.0000000
NODE_2587_length_1423_cov_31.158610	862	942	0	80	80	1.0000000
NODE_2587_length_1423_cov_31.158610	915	995	0	80	80	1.0000000
NODE_2588_length_1423_cov_30.731873	764	844	2	6	80	0.0750000
NODE_2588_length_1423_cov_30.731873	764	844	7	18	80	0.2250000
NODE_2588_length_1423_cov_30.731873	764	844	9	16	80	0.2000000
NODE_2588_length_1423_cov_30.731873	764	844	12	11	80	0.1375000
NODE_2588_length_1423_cov_30.731873	764	844	14	29	80	0.3625000
NODE_2588_length_1423_cov_30.731873	817	897	10	2	80	0.0250000
NODE_2588_length_1423_cov_30.731873	817	897	12	62	80	0.7750000
NODE_2588_length_1423_cov_30.731873	817	897	14	16	80	0.2000000
NODE_2596_length_1421_cov_8.285930	136	212	56	3	76	0.0394737
NODE_2596_length_1421_cov_8.285930	136	212	58	1	76	0.0131579
NODE_2596_length_1421_cov_8.285930	136	212	59	2	76	0.0263158
NODE_2596_length_1421_cov_8.285930	136	212	61	1	76	0.0131579
NODE_2596_length_1421_cov_8.285930	136	212	72	1	76	0.0131579
NODE_2596_length_1421_cov_8.285930	136	212	76	4	76	0.0526316
NODE_2596_length_1421_cov_8.285930	136	212	78	1	76	0.0131579
NODE_2596_length_1421_cov_8.285930	136	212	80	1	76	0.0131579
NODE_2596_length_1421_cov_8.285930	136	212	81	1	76	0.0131579
NODE_2596_length_1421_cov_8.285930	136	212	83	2	76	0.0263158
NODE_2596_length_1421_cov_8.285930	136	212	86	1	76	0.0131579
NODE_2596_length_1421_cov_8.285930	136	212	88	1	76	0.0131579
NODE_2596_length_1421_cov_8.285930	136	212	91	1	76	0.0131579
NODE_2596_length_1421_cov_8.285930	136	212	94	1	76	0.0131579
NODE_2596_length_1421_cov_8.285930	136	212	95	1	76	0.0131579
NODE_2596_length_1421_cov_8.285930	136	212	101	6	76	0.0789474
NODE_2596_length_1421_cov_8.285930	136	212	109	1	76	0.0131579
NODE_2596_length_1421_cov_8.285930	136	212	111	2	76	0.0263158
NODE_2596_length_1421_cov_8.285930	136	212	130	1	76	0.0131579
NODE_2596_length_1421_cov_8.285930	136	212	145	1	76	0.0131579
NODE_2596_length_1421_cov_8.285930	136	212	154	1	76	0.0131579
NODE_2596_length_1421_cov_8.285930	136	212	171	1	76	0.0131579
NODE_2596_length_1421_cov_8.285930	136	212	179	2	76	0.0263158
NODE_2596_length_1421_cov_8.285930	136	212	181	1	76	0.0131579
NODE_2596_length_1421_cov_8.285930	136	212	186	1	76	0.0131579
NODE_2596_length_1421_cov_8.285930	136	212	190	1	76	0.0131579
NODE_2596_length_1421_cov_8.285930	136	212	194	1	76	0.0131579
NODE_2596_length_1421_cov_8.285930	136	212	198	1	76	0.0131579
NODE_2596_length_1421_cov_8.285930	136	212	203	3	76	0.0394737
NODE_2596_length_1421_cov_8.285930	136	212	216	1	76	0.0131579
NODE_2596_length_1421_cov_8.285930	136	212	219	1	76	0.0131579
NODE_2596_length_1421_cov_8.285930	136	212	220	1	76	0.0131579
NODE_2596_length_1421_cov_8.285930	136	212	223	2	76	0.0263158
NODE_2596_length_1421_cov_8.285930	136	212	225	2	76	0.0263158
NODE_2596_length_1421_cov_8.285930	136	212	231	1	76	0.0131579
NODE_2596_length_1421_cov_8.285930	136	212	244	1	76	0.0131579
NODE_2596_length_1421_cov_8.285930	136	212	248	1	76	0.0131579
NODE_2596_length_1421_cov_8.285930	136	212	249	1	76	0.0131579
NODE_2596_length_1421_cov_8.285930	136	212	253	2	76	0.0263158
NODE_2596_length_1421_cov_8.285930	136	212	254	1	76	0.0131579
NODE_2596_length_1421_cov_8.285930	136	212	257	1	76	0.0131579
NODE_2596_length_1421_cov_8.285930	136	212	263	1	76	0.0131579
NODE_2596_length_1421_cov_8.285930	136	212	273	1	76	0.0131579
NODE_2596_length_1421_cov_8.285930	136	212	277	2	76	0.0263158
NODE_2596_length_1421_cov_8.285930	136	212	279	1	76	0.0131579
NODE_2596_length_1421_cov_8.285930	136	212	281	1	76	0.0131579
NODE_2596_length_1421_cov_8.285930	136	212	283	1	76	0.0131579
NODE_2596_length_1421_cov_8.285930	136	212	285	2	76	0.0263158
NODE_2596_length_1421_cov_8.285930	136	212	287	4	76	0.0526316
NODE_2596_length_1421_cov_8.285930	136	212	289	1	76	0.0131579
NODE_2596_length_1421_cov_8.285930	136	212	291	2	76	0.0263158
NODE_2598_length_1421_cov_2.574130	22	102	10	3	80	0.0375000
NODE_2598_length_1421_cov_2.574130	22	102	11	1	80	0.0125000
NODE_2598_length_1421_cov_2.574130	22	102	12	15	80	0.1875000
NODE_2598_length_1421_cov_2.574130	22	102	14	61	80	0.7625000
NODE_2598_length_1421_cov_2.574130	75	132	10	2	57	0.0350877
NODE_2598_length_1421_cov_2.574130	75	132	12	23	57	0.4035088
NODE_2598_length_1421_cov_2.574130	75	132	14	32	57	0.5614035
NODE_2599_length_1420_cov_256.442846	60	140	0	80	80	1.0000000
NODE_2599_length_1420_cov_256.442846	1294	1360	8	4	66	0.0606061
NODE_2599_length_1420_cov_256.442846	1294	1360	14	2	66	0.0303030
NODE_2599_length_1420_cov_256.442846	1294	1360	17	1	66	0.0151515
NODE_2599_length_1420_cov_256.442846	1294	1360	18	9	66	0.1363636
NODE_2599_length_1420_cov_256.442846	1294	1360	20	25	66	0.3787879
NODE_2599_length_1420_cov_256.442846	1294	1360	21	1	66	0.0151515
NODE_2599_length_1420_cov_256.442846	1294	1360	22	24	66	0.3636364
NODE_2600_length_1420_cov_7.547313	628	708	0	80	80	1.0000000
NODE_2600_length_1420_cov_7.547313	681	761	0	35	80	0.4375000
NODE_2600_length_1420_cov_7.547313	681	761	2	45	80	0.5625000
NODE_2602_length_1420_cov_2.051476	972	1039	0	25	67	0.3731343
NODE_2602_length_1420_cov_2.051476	972	1039	1	9	67	0.1343284
NODE_2602_length_1420_cov_2.051476	972	1039	2	33	67	0.4925373
NODE_2604_length_1419_cov_46.997727	1230	1305	0	20	75	0.2666667
NODE_2604_length_1419_cov_46.997727	1230	1305	2	55	75	0.7333333
NODE_2604_length_1419_cov_46.997727	1278	1332	0	3	54	0.0555556
NODE_2604_length_1419_cov_46.997727	1278	1332	2	51	54	0.9444444
NODE_2609_length_1418_cov_11.373010	432	512	0	80	80	1.0000000
NODE_2609_length_1418_cov_11.373010	485	556	0	71	71	1.0000000
NODE_2615_length_1417_cov_12.477997	354	399	0	45	45	1.0000000
NODE_2616_length_1417_cov_11.120637	794	874	0	80	80	1.0000000
NODE_2616_length_1417_cov_11.120637	847	927	0	80	80	1.0000000
NODE_2625_length_1415_cov_51.375380	423	503	2	80	80	1.0000000
NODE_2625_length_1415_cov_51.375380	476	556	0	25	80	0.3125000
NODE_2625_length_1415_cov_51.375380	476	556	2	55	80	0.6875000
NODE_2625_length_1415_cov_51.375380	552	632	0	80	80	1.0000000
NODE_2625_length_1415_cov_51.375380	605	683	0	78	78	1.0000000
NODE_2626_length_1415_cov_38.272036	513	593	2	59	80	0.7375000
NODE_2626_length_1415_cov_38.272036	513	593	4	21	80	0.2625000
NODE_2626_length_1415_cov_38.272036	566	646	2	39	80	0.4875000
NODE_2626_length_1415_cov_38.272036	566	646	4	41	80	0.5125000
NODE_2627_length_1415_cov_17.232523	642	722	0	80	80	1.0000000
NODE_2627_length_1415_cov_17.232523	695	775	0	80	80	1.0000000
NODE_2629_length_1414_cov_5.307985	1026	1106	2	80	80	1.0000000
NODE_2629_length_1414_cov_5.307985	1079	1159	0	48	80	0.6000000
NODE_2629_length_1414_cov_5.307985	1079	1159	2	32	80	0.4000000
NODE_2637_length_1412_cov_17.723534	875	955	0	9	80	0.1125000
NODE_2637_length_1412_cov_17.723534	875	955	4	8	80	0.1000000
NODE_2637_length_1412_cov_17.723534	875	955	6	63	80	0.7875000
NODE_2637_length_1412_cov_17.723534	928	1008	0	23	80	0.2875000
NODE_2637_length_1412_cov_17.723534	928	1008	4	14	80	0.1750000
NODE_2637_length_1412_cov_17.723534	928	1008	6	43	80	0.5375000
NODE_2641_length_1411_cov_34.004573	516	596	0	80	80	1.0000000
NODE_2641_length_1411_cov_34.004573	569	649	0	80	80	1.0000000
NODE_2641_length_1411_cov_34.004573	645	725	0	80	80	1.0000000
NODE_2641_length_1411_cov_34.004573	698	778	0	80	80	1.0000000
NODE_2643_length_1409_cov_25.380153	828	908	0	39	80	0.4875000
NODE_2643_length_1409_cov_25.380153	828	908	4	41	80	0.5125000
NODE_2643_length_1409_cov_25.380153	881	961	4	80	80	1.0000000
NODE_2644_length_1409_cov_13.028244	349	405	2	9	56	0.1607143
NODE_2644_length_1409_cov_13.028244	349	405	10	37	56	0.6607143
NODE_2644_length_1409_cov_13.028244	349	405	12	10	56	0.1785714
NODE_2644_length_1409_cov_13.028244	416	482	4	9	66	0.1363636
NODE_2644_length_1409_cov_13.028244	416	482	12	57	66	0.8636364
NODE_2648_length_1408_cov_6.261268	492	572	0	80	80	1.0000000
NODE_2648_length_1408_cov_6.261268	545	625	0	80	80	1.0000000
NODE_2652_length_1407_cov_27.711009	772	852	2	80	80	1.0000000
NODE_2652_length_1407_cov_27.711009	825	905	0	28	80	0.3500000
NODE_2652_length_1407_cov_27.711009	825	905	2	52	80	0.6500000
NODE_2653_length_1407_cov_24.387615	586	666	2	80	80	1.0000000
NODE_2653_length_1407_cov_24.387615	639	719	0	22	80	0.2750000
NODE_2653_length_1407_cov_24.387615	639	719	2	58	80	0.7250000
NODE_2653_length_1407_cov_24.387615	715	795	0	17	80	0.2125000
NODE_2653_length_1407_cov_24.387615	715	795	2	17	80	0.2125000
NODE_2653_length_1407_cov_24.387615	715	795	4	5	80	0.0625000
NODE_2653_length_1407_cov_24.387615	715	795	6	11	80	0.1375000
NODE_2653_length_1407_cov_24.387615	715	795	8	30	80	0.3750000
NODE_2653_length_1407_cov_24.387615	768	848	6	4	80	0.0500000
NODE_2653_length_1407_cov_24.387615	768	848	8	76	80	0.9500000
NODE_2654_length_1407_cov_19.022936	551	629	0	20	78	0.2564103
NODE_2654_length_1407_cov_19.022936	551	629	4	58	78	0.7435898
NODE_2654_length_1407_cov_19.022936	602	665	4	63	63	1.0000000
NODE_2655_length_1407_cov_11.266820	813	893	0	70	80	0.8750000
NODE_2655_length_1407_cov_11.266820	813	893	10	10	80	0.1250000
NODE_2655_length_1407_cov_11.266820	866	946	0	17	80	0.2125000
NODE_2655_length_1407_cov_11.266820	866	946	10	63	80	0.7875000
NODE_2655_length_1407_cov_11.266820	942	1022	10	11	80	0.1375000
NODE_2655_length_1407_cov_11.266820	942	1022	12	33	80	0.4125000
NODE_2655_length_1407_cov_11.266820	942	1022	14	36	80	0.4500000
NODE_2655_length_1407_cov_11.266820	995	1075	0	28	80	0.3500000
NODE_2655_length_1407_cov_11.266820	995	1075	4	24	80	0.3000000
NODE_2655_length_1407_cov_11.266820	995	1075	12	28	80	0.3500000
NODE_2657_length_1406_cov_7.247896	761	841	0	80	80	1.0000000
NODE_2657_length_1406_cov_7.247896	814	894	0	80	80	1.0000000
NODE_2659_length_1404_cov_23.406130	826	906	2	11	80	0.1375000
NODE_2659_length_1404_cov_23.406130	826	906	7	1	80	0.0125000
NODE_2659_length_1404_cov_23.406130	826	906	8	2	80	0.0250000
NODE_2659_length_1404_cov_23.406130	826	906	11	42	80	0.5250000
NODE_2659_length_1404_cov_23.406130	826	906	13	24	80	0.3000000
NODE_2659_length_1404_cov_23.406130	879	959	11	45	80	0.5625000
NODE_2659_length_1404_cov_23.406130	879	959	12	35	80	0.4375000
NODE_2659_length_1404_cov_23.406130	955	1035	1	12	80	0.1500000
NODE_2659_length_1404_cov_23.406130	955	1035	2	33	80	0.4125000
NODE_2659_length_1404_cov_23.406130	955	1035	6	1	80	0.0125000
NODE_2659_length_1404_cov_23.406130	955	1035	7	2	80	0.0250000
NODE_2659_length_1404_cov_23.406130	955	1035	11	1	80	0.0125000
NODE_2659_length_1404_cov_23.406130	955	1035	12	31	80	0.3875000
NODE_2659_length_1404_cov_23.406130	1008	1088	2	35	80	0.4375000
NODE_2659_length_1404_cov_23.406130	1008	1088	8	45	80	0.5625000
NODE_2666_length_1403_cov_14.331288	325	405	0	31	80	0.3875000
NODE_2666_length_1403_cov_14.331288	325	405	4	49	80	0.6125000
NODE_2666_length_1403_cov_14.331288	378	458	0	80	80	1.0000000
NODE_2666_length_1403_cov_14.331288	454	534	0	57	80	0.7125000
NODE_2666_length_1403_cov_14.331288	454	534	2	3	80	0.0375000
NODE_2666_length_1403_cov_14.331288	454	534	6	20	80	0.2500000
NODE_2666_length_1403_cov_14.331288	454	534	0	57	80	0.7125000
NODE_2666_length_1403_cov_14.331288	454	534	2	3	80	0.0375000
NODE_2666_length_1403_cov_14.331288	454	534	6	20	80	0.2500000
NODE_2666_length_1403_cov_14.331288	454	524	0	57	70	0.8142857
NODE_2666_length_1403_cov_14.331288	454	524	2	3	70	0.0428571
NODE_2666_length_1403_cov_14.331288	454	524	6	10	70	0.1428571
NODE_2666_length_1403_cov_14.331288	507	587	0	4	80	0.0500000
NODE_2666_length_1403_cov_14.331288	507	587	2	4	80	0.0500000
NODE_2666_length_1403_cov_14.331288	507	587	3	1	80	0.0125000
NODE_2666_length_1403_cov_14.331288	507	587	6	71	80	0.8875000
NODE_2666_length_1403_cov_14.331288	507	579	0	4	72	0.0555556
NODE_2666_length_1403_cov_14.331288	507	579	2	3	72	0.0416667
NODE_2666_length_1403_cov_14.331288	507	579	6	65	72	0.9027778
NODE_2668_length_1402_cov_29.095165	610	690	0	25	80	0.3125000
NODE_2668_length_1402_cov_29.095165	610	690	2	55	80	0.6875000
NODE_2668_length_1402_cov_29.095165	663	743	2	80	80	1.0000000
NODE_2669_length_1402_cov_23.411358	528	608	2	73	80	0.9125000
NODE_2669_length_1402_cov_23.411358	528	608	5	7	80	0.0875000
NODE_2669_length_1402_cov_23.411358	581	661	2	20	80	0.2500000
NODE_2669_length_1402_cov_23.411358	581	661	3	14	80	0.1750000
NODE_2669_length_1402_cov_23.411358	581	661	5	17	80	0.2125000
NODE_2669_length_1402_cov_23.411358	581	661	6	29	80	0.3625000
NODE_2669_length_1402_cov_23.411358	657	737	6	80	80	1.0000000
NODE_2669_length_1402_cov_23.411358	710	790	0	8	80	0.1000000
NODE_2669_length_1402_cov_23.411358	710	790	3	31	80	0.3875000
NODE_2669_length_1402_cov_23.411358	710	790	6	41	80	0.5125000
NODE_2670_length_1402_cov_11.732924	661	741	2	6	80	0.0750000
NODE_2670_length_1402_cov_11.732924	661	741	4	12	80	0.1500000
NODE_2670_length_1402_cov_11.732924	661	741	6	62	80	0.7750000
NODE_2670_length_1402_cov_11.732924	714	794	4	9	80	0.1125000
NODE_2670_length_1402_cov_11.732924	714	794	6	71	80	0.8875000
NODE_2671_length_1402_cov_9.929394	766	846	0	80	80	1.0000000
NODE_2671_length_1402_cov_9.929394	819	899	0	80	80	1.0000000
NODE_2677_length_1401_cov_35.754992	825	905	14	16	80	0.2000000
NODE_2677_length_1401_cov_35.754992	825	905	16	64	80	0.8000000
NODE_2677_length_1401_cov_35.754992	878	958	0	13	80	0.1625000
NODE_2677_length_1401_cov_35.754992	878	958	2	17	80	0.2125000
NODE_2677_length_1401_cov_35.754992	878	958	4	11	80	0.1375000
NODE_2677_length_1401_cov_35.754992	878	958	16	39	80	0.4875000
NODE_2678_length_1401_cov_10.811828	539	619	0	80	80	1.0000000
NODE_2678_length_1401_cov_10.811828	592	672	0	80	80	1.0000000
NODE_2679_length_1401_cov_5.438556	241	321	0	26	80	0.3250000
NODE_2679_length_1401_cov_5.438556	241	321	2	54	80	0.6750000
NODE_2679_length_1401_cov_5.438556	294	374	0	18	80	0.2250000
NODE_2679_length_1401_cov_5.438556	294	374	2	62	80	0.7750000
NODE_2683_length_1400_cov_16.680246	813	893	1	6	80	0.0750000
NODE_2683_length_1400_cov_16.680246	813	893	2	44	80	0.5500000
NODE_2683_length_1400_cov_16.680246	813	893	4	30	80	0.3750000
NODE_2683_length_1400_cov_16.680246	866	946	4	66	80	0.8250000
NODE_2683_length_1400_cov_16.680246	866	946	6	14	80	0.1750000
NODE_2684_length_1400_cov_8.166795	53	133	4	80	80	1.0000000
NODE_2684_length_1400_cov_8.166795	106	186	0	41	80	0.5125000
NODE_2684_length_1400_cov_8.166795	106	186	3	1	80	0.0125000
NODE_2684_length_1400_cov_8.166795	106	186	4	38	80	0.4750000
NODE_2694_length_1397_cov_25.549307	869	918	0	49	49	1.0000000
NODE_2694_length_1397_cov_25.549307	891	971	0	41	80	0.5125000
NODE_2694_length_1397_cov_25.549307	891	971	2	39	80	0.4875000
NODE_2695_length_1397_cov_14.395223	672	752	5	2	80	0.0250000
NODE_2695_length_1397_cov_14.395223	672	752	11	12	80	0.1500000
NODE_2695_length_1397_cov_14.395223	672	752	12	66	80	0.8250000
NODE_2695_length_1397_cov_14.395223	725	805	1	26	80	0.3250000
NODE_2695_length_1397_cov_14.395223	725	805	5	29	80	0.3625000
NODE_2695_length_1397_cov_14.395223	725	805	11	7	80	0.0875000
NODE_2695_length_1397_cov_14.395223	725	805	12	18	80	0.2250000
NODE_2695_length_1397_cov_14.395223	801	881	0	12	80	0.1500000
NODE_2695_length_1397_cov_14.395223	801	881	1	26	80	0.3250000
NODE_2695_length_1397_cov_14.395223	801	881	2	42	80	0.5250000
NODE_2695_length_1397_cov_14.395223	854	934	2	80	80	1.0000000
NODE_2699_length_1396_cov_21.656130	825	905	0	21	80	0.2625000
NODE_2699_length_1396_cov_21.656130	825	905	4	1	80	0.0125000
NODE_2699_length_1396_cov_21.656130	825	905	7	1	80	0.0125000
NODE_2699_length_1396_cov_21.656130	825	905	11	10	80	0.1250000
NODE_2699_length_1396_cov_21.656130	825	905	12	4	80	0.0500000
NODE_2699_length_1396_cov_21.656130	825	905	14	7	80	0.0875000
NODE_2699_length_1396_cov_21.656130	825	905	16	36	80	0.4500000
NODE_2699_length_1396_cov_21.656130	878	958	0	74	80	0.9250000
NODE_2699_length_1396_cov_21.656130	878	958	4	1	80	0.0125000
NODE_2699_length_1396_cov_21.656130	878	958	7	1	80	0.0125000
NODE_2699_length_1396_cov_21.656130	878	958	11	4	80	0.0500000
NODE_2700_length_1396_cov_18.108712	560	640	2	48	80	0.6000000
NODE_2700_length_1396_cov_18.108712	560	640	4	9	80	0.1125000
NODE_2700_length_1396_cov_18.108712	560	640	6	12	80	0.1500000
NODE_2700_length_1396_cov_18.108712	560	640	8	11	80	0.1375000
NODE_2700_length_1396_cov_18.108712	613	693	4	4	80	0.0500000
NODE_2700_length_1396_cov_18.108712	613	693	6	65	80	0.8125000
NODE_2700_length_1396_cov_18.108712	613	693	8	11	80	0.1375000
NODE_2701_length_1396_cov_16.208944	136	198	4	23	62	0.3709677
NODE_2701_length_1396_cov_16.208944	136	198	8	39	62	0.6290323
NODE_2701_length_1396_cov_16.208944	848	928	0	80	80	1.0000000
NODE_2701_length_1396_cov_16.208944	901	981	0	80	80	1.0000000
NODE_2701_length_1396_cov_16.208944	977	1057	0	74	80	0.9250000
NODE_2701_length_1396_cov_16.208944	977	1057	6	6	80	0.0750000
NODE_2701_length_1396_cov_16.208944	1030	1110	0	21	80	0.2625000
NODE_2701_length_1396_cov_16.208944	1030	1110	6	59	80	0.7375000
NODE_2702_length_1396_cov_9.196608	428	508	2	43	80	0.5375000
NODE_2702_length_1396_cov_9.196608	428	508	4	2	80	0.0250000
NODE_2702_length_1396_cov_9.196608	428	508	6	35	80	0.4375000
NODE_2702_length_1396_cov_9.196608	481	561	4	2	80	0.0250000
NODE_2702_length_1396_cov_9.196608	481	561	6	78	80	0.9750000
NODE_2712_length_1394_cov_29.602317	349	415	30	2	66	0.0303030
NODE_2712_length_1394_cov_29.602317	349	415	36	5	66	0.0757576
NODE_2712_length_1394_cov_29.602317	349	415	40	3	66	0.0454545
NODE_2712_length_1394_cov_29.602317	349	415	41	7	66	0.1060606
NODE_2712_length_1394_cov_29.602317	349	415	43	1	66	0.0151515
NODE_2712_length_1394_cov_29.602317	349	415	46	5	66	0.0757576
NODE_2712_length_1394_cov_29.602317	349	415	48	5	66	0.0757576
NODE_2712_length_1394_cov_29.602317	349	415	51	1	66	0.0151515
NODE_2712_length_1394_cov_29.602317	349	415	52	33	66	0.5000000
NODE_2712_length_1394_cov_29.602317	349	415	53	1	66	0.0151515
NODE_2712_length_1394_cov_29.602317	349	415	54	3	66	0.0454545
NODE_2712_length_1394_cov_29.602317	349	416	16	1	67	0.0149254
NODE_2712_length_1394_cov_29.602317	349	416	30	2	67	0.0298507
NODE_2712_length_1394_cov_29.602317	349	416	36	5	67	0.0746269
NODE_2712_length_1394_cov_29.602317	349	416	40	3	67	0.0447761
NODE_2712_length_1394_cov_29.602317	349	416	41	7	67	0.1044776
NODE_2712_length_1394_cov_29.602317	349	416	43	1	67	0.0149254
NODE_2712_length_1394_cov_29.602317	349	416	46	5	67	0.0746269
NODE_2712_length_1394_cov_29.602317	349	416	48	5	67	0.0746269
NODE_2712_length_1394_cov_29.602317	349	416	51	1	67	0.0149254
NODE_2712_length_1394_cov_29.602317	349	416	52	33	67	0.4925373
NODE_2712_length_1394_cov_29.602317	349	416	53	1	67	0.0149254
NODE_2712_length_1394_cov_29.602317	349	416	54	3	67	0.0447761
NODE_2712_length_1394_cov_29.602317	1117	1197	0	21	80	0.2625000
NODE_2712_length_1394_cov_29.602317	1117	1197	4	9	80	0.1125000
NODE_2712_length_1394_cov_29.602317	1117	1197	6	3	80	0.0375000
NODE_2712_length_1394_cov_29.602317	1117	1197	7	2	80	0.0250000
NODE_2712_length_1394_cov_29.602317	1117	1197	8	30	80	0.3750000
NODE_2712_length_1394_cov_29.602317	1117	1197	9	15	80	0.1875000
NODE_2712_length_1394_cov_29.602317	1170	1250	3	4	80	0.0500000
NODE_2712_length_1394_cov_29.602317	1170	1250	4	6	80	0.0750000
NODE_2712_length_1394_cov_29.602317	1170	1250	5	1	80	0.0125000
NODE_2712_length_1394_cov_29.602317	1170	1250	7	2	80	0.0250000
NODE_2712_length_1394_cov_29.602317	1170	1250	8	25	80	0.3125000
NODE_2712_length_1394_cov_29.602317	1170	1250	9	22	80	0.2750000
NODE_2712_length_1394_cov_29.602317	1170	1250	10	20	80	0.2500000
NODE_2713_length_1394_cov_6.291892	313	393	0	80	80	1.0000000
NODE_2713_length_1394_cov_6.291892	366	446	0	80	80	1.0000000
NODE_2716_length_1393_cov_14.635240	1286	1339	2	53	53	1.0000000
NODE_2717_length_1393_cov_12.032457	737	817	4	32	80	0.4000000
NODE_2717_length_1393_cov_12.032457	737	817	6	48	80	0.6000000
NODE_2717_length_1393_cov_12.032457	790	870	2	49	80	0.6125000
NODE_2717_length_1393_cov_12.032457	790	870	6	31	80	0.3875000
NODE_2720_length_1392_cov_5.898685	270	350	0	80	80	1.0000000
NODE_2720_length_1392_cov_5.898685	323	399	0	76	76	1.0000000
NODE_2723_length_1391_cov_35.921827	415	495	0	80	80	1.0000000
NODE_2723_length_1391_cov_35.921827	468	548	0	80	80	1.0000000
NODE_2723_length_1391_cov_35.921827	544	624	0	80	80	1.0000000
NODE_2723_length_1391_cov_35.921827	597	677	0	80	80	1.0000000
NODE_2729_length_1390_cov_16.326878	550	630	4	35	80	0.4375000
NODE_2729_length_1390_cov_16.326878	550	630	6	45	80	0.5625000
NODE_2729_length_1390_cov_16.326878	603	683	0	30	80	0.3750000
NODE_2729_length_1390_cov_16.326878	603	683	2	12	80	0.1500000
NODE_2729_length_1390_cov_16.326878	603	683	4	26	80	0.3250000
NODE_2729_length_1390_cov_16.326878	603	683	6	12	80	0.1500000
NODE_2731_length_1389_cov_29.772093	780	860	0	21	80	0.2625000
NODE_2731_length_1389_cov_29.772093	780	860	1	59	80	0.7375000
NODE_2731_length_1389_cov_29.772093	833	913	1	32	80	0.4000000
NODE_2731_length_1389_cov_29.772093	833	913	2	48	80	0.6000000
NODE_2732_length_1389_cov_12.858140	821	901	4	39	80	0.4875000
NODE_2732_length_1389_cov_12.858140	821	901	6	41	80	0.5125000
NODE_2732_length_1389_cov_12.858140	874	954	0	33	80	0.4125000
NODE_2732_length_1389_cov_12.858140	874	954	4	47	80	0.5875000
NODE_2735_length_1388_cov_14.641583	529	610	0	81	81	1.0000000
NODE_2735_length_1388_cov_14.641583	583	660	0	77	77	1.0000000
NODE_2736_length_1388_cov_5.168348	427	499	2	72	72	1.0000000
NODE_2742_length_1386_cov_55.384615	559	639	31	37	80	0.4625000
NODE_2742_length_1386_cov_55.384615	559	639	33	16	80	0.2000000
NODE_2742_length_1386_cov_55.384615	559	639	37	27	80	0.3375000
NODE_2742_length_1386_cov_55.384615	612	692	17	7	80	0.0875000
NODE_2742_length_1386_cov_55.384615	612	692	20	9	80	0.1125000
NODE_2742_length_1386_cov_55.384615	612	692	23	15	80	0.1875000
NODE_2742_length_1386_cov_55.384615	612	692	27	1	80	0.0125000
NODE_2742_length_1386_cov_55.384615	612	692	33	26	80	0.3250000
NODE_2742_length_1386_cov_55.384615	612	692	35	2	80	0.0250000
NODE_2742_length_1386_cov_55.384615	612	692	37	11	80	0.1375000
NODE_2742_length_1386_cov_55.384615	612	692	38	9	80	0.1125000
NODE_2742_length_1386_cov_55.384615	688	768	14	9	80	0.1125000
NODE_2742_length_1386_cov_55.384615	688	768	17	12	80	0.1500000
NODE_2742_length_1386_cov_55.384615	688	768	24	14	80	0.1750000
NODE_2742_length_1386_cov_55.384615	688	768	25	8	80	0.1000000
NODE_2742_length_1386_cov_55.384615	688	768	26	13	80	0.1625000
NODE_2742_length_1386_cov_55.384615	688	768	28	23	80	0.2875000
NODE_2742_length_1386_cov_55.384615	688	768	29	1	80	0.0125000
NODE_2742_length_1386_cov_55.384615	741	821	19	1	80	0.0125000
NODE_2742_length_1386_cov_55.384615	741	821	22	7	80	0.0875000
NODE_2742_length_1386_cov_55.384615	741	821	24	26	80	0.3250000
NODE_2742_length_1386_cov_55.384615	741	821	25	18	80	0.2250000
NODE_2742_length_1386_cov_55.384615	741	821	26	2	80	0.0250000
NODE_2742_length_1386_cov_55.384615	741	821	28	10	80	0.1250000
NODE_2742_length_1386_cov_55.384615	741	821	29	2	80	0.0250000
NODE_2742_length_1386_cov_55.384615	741	821	30	14	80	0.1750000
NODE_2744_length_1386_cov_13.181041	549	629	0	80	80	1.0000000
NODE_2744_length_1386_cov_13.181041	602	682	0	80	80	1.0000000
NODE_2748_length_1385_cov_41.636081	968	1048	0	5	80	0.0625000
NODE_2748_length_1385_cov_41.636081	968	1048	2	27	80	0.3375000
NODE_2748_length_1385_cov_41.636081	968	1048	4	5	80	0.0625000
NODE_2748_length_1385_cov_41.636081	968	1048	6	43	80	0.5375000
NODE_2748_length_1385_cov_41.636081	1021	1101	0	58	80	0.7250000
NODE_2748_length_1385_cov_41.636081	1021	1101	2	22	80	0.2750000
NODE_2749_length_1385_cov_38.877138	707	787	26	7	80	0.0875000
NODE_2749_length_1385_cov_38.877138	707	787	28	7	80	0.0875000
NODE_2749_length_1385_cov_38.877138	707	787	30	66	80	0.8250000
NODE_2749_length_1385_cov_38.877138	760	840	22	11	80	0.1375000
NODE_2749_length_1385_cov_38.877138	760	840	24	33	80	0.4125000
NODE_2749_length_1385_cov_38.877138	760	840	30	36	80	0.4500000
NODE_2749_length_1385_cov_38.877138	836	916	2	2	80	0.0250000
NODE_2749_length_1385_cov_38.877138	836	916	4	30	80	0.3750000
NODE_2749_length_1385_cov_38.877138	836	916	6	39	80	0.4875000
NODE_2749_length_1385_cov_38.877138	836	916	24	9	80	0.1125000
NODE_2749_length_1385_cov_38.877138	889	969	0	36	80	0.4500000
NODE_2749_length_1385_cov_38.877138	889	969	2	19	80	0.2375000
NODE_2749_length_1385_cov_38.877138	889	969	4	11	80	0.1375000
NODE_2749_length_1385_cov_38.877138	889	969	6	14	80	0.1750000
NODE_2751_length_1385_cov_4.608865	844	904	6	60	60	1.0000000
NODE_2758_length_1384_cov_10.574319	865	922	0	57	57	1.0000000
NODE_2758_length_1384_cov_10.574319	933	1013	0	80	80	1.0000000
NODE_2758_length_1384_cov_10.574319	986	1066	0	80	80	1.0000000
NODE_2759_length_1383_cov_10.710280	414	493	0	2	79	0.0253165
NODE_2759_length_1383_cov_10.710280	414	493	2	77	79	0.9746835
NODE_2759_length_1383_cov_10.710280	466	546	0	55	80	0.6875000
NODE_2759_length_1383_cov_10.710280	466	546	2	25	80	0.3125000
NODE_2763_length_1382_cov_12.521434	837	917	0	80	80	1.0000000
NODE_2763_length_1382_cov_12.521434	890	970	0	80	80	1.0000000
NODE_2764_length_1382_cov_5.074045	1028	1108	0	80	80	1.0000000
NODE_2764_length_1382_cov_5.074045	1081	1161	0	80	80	1.0000000
NODE_2771_length_1381_cov_7.796412	307	387	4	10	80	0.1250000
NODE_2771_length_1381_cov_7.796412	307	387	6	70	80	0.8750000
NODE_2771_length_1381_cov_7.796412	360	440	0	14	80	0.1750000
NODE_2771_length_1381_cov_7.796412	360	440	2	11	80	0.1375000
NODE_2771_length_1381_cov_7.796412	360	440	4	7	80	0.0875000
NODE_2771_length_1381_cov_7.796412	360	440	6	48	80	0.6000000
NODE_2775_length_1380_cov_12.804059	835	915	4	80	80	1.0000000
NODE_2775_length_1380_cov_12.804059	888	968	2	6	80	0.0750000
NODE_2775_length_1380_cov_12.804059	888	968	4	74	80	0.9250000
NODE_2782_length_1378_cov_25.362002	368	448	0	11	80	0.1375000
NODE_2782_length_1378_cov_25.362002	368	448	2	44	80	0.5500000
NODE_2782_length_1378_cov_25.362002	368	448	4	5	80	0.0625000
NODE_2782_length_1378_cov_25.362002	368	448	6	20	80	0.2500000
NODE_2782_length_1378_cov_25.362002	421	501	2	2	80	0.0250000
NODE_2782_length_1378_cov_25.362002	421	501	4	5	80	0.0625000
NODE_2782_length_1378_cov_25.362002	421	501	6	61	80	0.7625000
NODE_2782_length_1378_cov_25.362002	421	501	10	12	80	0.1500000
NODE_2782_length_1378_cov_25.362002	497	577	4	48	80	0.6000000
NODE_2782_length_1378_cov_25.362002	497	577	6	10	80	0.1250000
NODE_2782_length_1378_cov_25.362002	497	577	8	5	80	0.0625000
NODE_2782_length_1378_cov_25.362002	497	577	10	17	80	0.2125000
NODE_2782_length_1378_cov_25.362002	550	630	0	43	80	0.5375000
NODE_2782_length_1378_cov_25.362002	550	630	4	37	80	0.4625000
NODE_2783_length_1378_cov_20.508210	318	338	10	2	20	0.1000000
NODE_2783_length_1378_cov_20.508210	318	338	14	5	20	0.2500000
NODE_2783_length_1378_cov_20.508210	318	338	16	13	20	0.6500000
NODE_2783_length_1378_cov_20.508210	318	391	10	2	73	0.0273973
NODE_2783_length_1378_cov_20.508210	318	391	12	3	73	0.0410959
NODE_2783_length_1378_cov_20.508210	318	391	14	24	73	0.3287671
NODE_2783_length_1378_cov_20.508210	318	391	16	44	73	0.6027398
NODE_2785_length_1377_cov_103.832551	1259	1299	163	1	40	0.0250000
NODE_2785_length_1377_cov_103.832551	1259	1299	168	1	40	0.0250000
NODE_2785_length_1377_cov_103.832551	1259	1299	171	1	40	0.0250000
NODE_2785_length_1377_cov_103.832551	1259	1299	259	3	40	0.0750000
NODE_2785_length_1377_cov_103.832551	1259	1299	263	1	40	0.0250000
NODE_2785_length_1377_cov_103.832551	1259	1299	280	1	40	0.0250000
NODE_2785_length_1377_cov_103.832551	1259	1299	282	2	40	0.0500000
NODE_2785_length_1377_cov_103.832551	1259	1299	286	1	40	0.0250000
NODE_2785_length_1377_cov_103.832551	1259	1299	290	1	40	0.0250000
NODE_2785_length_1377_cov_103.832551	1259	1299	302	1	40	0.0250000
NODE_2785_length_1377_cov_103.832551	1259	1299	306	2	40	0.0500000
NODE_2785_length_1377_cov_103.832551	1259	1299	307	1	40	0.0250000
NODE_2785_length_1377_cov_103.832551	1259	1299	312	1	40	0.0250000
NODE_2785_length_1377_cov_103.832551	1259	1299	321	1	40	0.0250000
NODE_2785_length_1377_cov_103.832551	1259	1299	322	1	40	0.0250000
NODE_2785_length_1377_cov_103.832551	1259	1299	324	1	40	0.0250000
NODE_2785_length_1377_cov_103.832551	1259	1299	328	1	40	0.0250000
NODE_2785_length_1377_cov_103.832551	1259	1299	336	1	40	0.0250000
NODE_2785_length_1377_cov_103.832551	1259	1299	346	2	40	0.0500000
NODE_2785_length_1377_cov_103.832551	1259	1299	353	1	40	0.0250000
NODE_2785_length_1377_cov_103.832551	1259	1299	356	1	40	0.0250000
NODE_2785_length_1377_cov_103.832551	1259	1299	362	1	40	0.0250000
NODE_2785_length_1377_cov_103.832551	1259	1299	367	1	40	0.0250000
NODE_2785_length_1377_cov_103.832551	1259	1299	374	1	40	0.0250000
NODE_2785_length_1377_cov_103.832551	1259	1299	375	1	40	0.0250000
NODE_2785_length_1377_cov_103.832551	1259	1299	381	1	40	0.0250000
NODE_2785_length_1377_cov_103.832551	1259	1299	382	1	40	0.0250000
NODE_2785_length_1377_cov_103.832551	1259	1299	387	1	40	0.0250000
NODE_2785_length_1377_cov_103.832551	1259	1299	395	1	40	0.0250000
NODE_2785_length_1377_cov_103.832551	1259	1299	399	1	40	0.0250000
NODE_2785_length_1377_cov_103.832551	1259	1299	402	2	40	0.0500000
NODE_2785_length_1377_cov_103.832551	1259	1299	410	1	40	0.0250000
NODE_2785_length_1377_cov_103.832551	1259	1299	411	1	40	0.0250000
NODE_2785_length_1377_cov_103.832551	1259	1299	415	1	40	0.0250000
NODE_2788_length_1376_cov_7.967110	904	984	0	80	80	1.0000000
NODE_2788_length_1376_cov_7.967110	957	1037	0	80	80	1.0000000
NODE_2798_length_1373_cov_52.691523	524	606	2	82	82	1.0000000
NODE_2798_length_1373_cov_52.691523	579	659	0	11	80	0.1375000
NODE_2798_length_1373_cov_52.691523	579	659	2	69	80	0.8625000
NODE_2799_length_1373_cov_20.880691	987	1067	0	69	80	0.8625000
NODE_2799_length_1373_cov_20.880691	987	1067	2	8	80	0.1000000
NODE_2799_length_1373_cov_20.880691	987	1067	4	3	80	0.0375000
NODE_2799_length_1373_cov_20.880691	1116	1195	6	13	79	0.1645570
NODE_2799_length_1373_cov_20.880691	1116	1195	8	24	79	0.3037975
NODE_2799_length_1373_cov_20.880691	1116	1195	10	6	79	0.0759494
NODE_2799_length_1373_cov_20.880691	1116	1195	12	5	79	0.0632911
NODE_2799_length_1373_cov_20.880691	1116	1195	14	31	79	0.3924051
NODE_2799_length_1373_cov_20.880691	1168	1248	4	11	80	0.1375000
NODE_2799_length_1373_cov_20.880691	1168	1248	6	13	80	0.1625000
NODE_2799_length_1373_cov_20.880691	1168	1248	8	10	80	0.1250000
NODE_2799_length_1373_cov_20.880691	1168	1248	10	8	80	0.1000000
NODE_2799_length_1373_cov_20.880691	1168	1248	12	16	80	0.2000000
NODE_2799_length_1373_cov_20.880691	1168	1248	14	22	80	0.2750000
NODE_2800_length_1373_cov_12.694662	94	167	2	2	73	0.0273973
NODE_2800_length_1373_cov_12.694662	94	167	4	9	73	0.1232877
NODE_2800_length_1373_cov_12.694662	94	167	6	23	73	0.3150685
NODE_2800_length_1373_cov_12.694662	94	167	8	8	73	0.1095890
NODE_2800_length_1373_cov_12.694662	94	167	10	1	73	0.0136986
NODE_2800_length_1373_cov_12.694662	94	167	12	1	73	0.0136986
NODE_2800_length_1373_cov_12.694662	94	167	14	8	73	0.1095890
NODE_2800_length_1373_cov_12.694662	94	167	18	1	73	0.0136986
NODE_2800_length_1373_cov_12.694662	94	167	22	13	73	0.1780822
NODE_2800_length_1373_cov_12.694662	94	167	24	7	73	0.0958904
NODE_2800_length_1373_cov_12.694662	140	224	14	6	84	0.0714286
NODE_2800_length_1373_cov_12.694662	140	224	18	1	84	0.0119048
NODE_2800_length_1373_cov_12.694662	140	224	22	13	84	0.1547619
NODE_2800_length_1373_cov_12.694662	140	224	24	20	84	0.2380952
NODE_2800_length_1373_cov_12.694662	140	224	26	44	84	0.5238096
NODE_2800_length_1373_cov_12.694662	1214	1286	9	2	72	0.0277778
NODE_2800_length_1373_cov_12.694662	1214	1286	11	5	72	0.0694444
NODE_2800_length_1373_cov_12.694662	1214	1286	13	1	72	0.0138889
NODE_2800_length_1373_cov_12.694662	1214	1286	15	5	72	0.0694444
NODE_2800_length_1373_cov_12.694662	1214	1286	17	6	72	0.0833333
NODE_2800_length_1373_cov_12.694662	1214	1286	21	24	72	0.3333333
NODE_2800_length_1373_cov_12.694662	1214	1286	23	29	72	0.4027778
NODE_2800_length_1373_cov_12.694662	1267	1339	20	14	72	0.1944444
NODE_2800_length_1373_cov_12.694662	1267	1339	21	53	72	0.7361111
NODE_2800_length_1373_cov_12.694662	1267	1339	23	5	72	0.0694444
NODE_2801_length_1372_cov_25.408484	665	745	4	3	80	0.0375000
NODE_2801_length_1372_cov_25.408484	665	745	6	10	80	0.1250000
NODE_2801_length_1372_cov_25.408484	665	745	8	67	80	0.8375000
NODE_2801_length_1372_cov_25.408484	718	798	2	4	80	0.0500000
NODE_2801_length_1372_cov_25.408484	718	798	4	52	80	0.6500000
NODE_2801_length_1372_cov_25.408484	718	798	6	5	80	0.0625000
NODE_2801_length_1372_cov_25.408484	718	798	8	19	80	0.2375000
NODE_2802_length_1372_cov_17.123331	647	727	0	26	80	0.3250000
NODE_2802_length_1372_cov_17.123331	647	727	6	54	80	0.6750000
NODE_2802_length_1372_cov_17.123331	700	780	6	80	80	1.0000000
NODE_2802_length_1372_cov_17.123331	776	856	0	60	80	0.7500000
NODE_2802_length_1372_cov_17.123331	776	856	6	20	80	0.2500000
NODE_2802_length_1372_cov_17.123331	829	909	0	80	80	1.0000000
NODE_2803_length_1372_cov_14.418696	211	291	0	80	80	1.0000000
NODE_2803_length_1372_cov_14.418696	264	344	0	80	80	1.0000000
NODE_2806_length_1371_cov_39.366352	715	795	0	47	80	0.5875000
NODE_2806_length_1371_cov_39.366352	715	795	4	17	80	0.2125000
NODE_2806_length_1371_cov_39.366352	715	795	8	16	80	0.2000000
NODE_2806_length_1371_cov_39.366352	768	848	4	11	80	0.1375000
NODE_2806_length_1371_cov_39.366352	768	848	8	69	80	0.8625000
NODE_2807_length_1371_cov_36.961478	371	455	2	84	84	1.0000000
NODE_2807_length_1371_cov_36.961478	424	508	0	15	84	0.1785714
NODE_2807_length_1371_cov_36.961478	424	508	2	69	84	0.8214286
NODE_2807_length_1371_cov_36.961478	504	584	0	24	80	0.3000000
NODE_2807_length_1371_cov_36.961478	504	584	2	3	80	0.0375000
NODE_2807_length_1371_cov_36.961478	504	584	4	47	80	0.5875000
NODE_2807_length_1371_cov_36.961478	504	584	6	6	80	0.0750000
NODE_2807_length_1371_cov_36.961478	557	637	4	36	80	0.4500000
NODE_2807_length_1371_cov_36.961478	557	637	6	44	80	0.5500000
NODE_2808_length_1371_cov_16.944182	459	539	0	80	80	1.0000000
NODE_2808_length_1371_cov_16.944182	512	592	0	80	80	1.0000000
NODE_2808_length_1371_cov_16.944182	588	668	0	80	80	1.0000000
NODE_2808_length_1371_cov_16.944182	641	721	0	80	80	1.0000000
NODE_2812_length_1370_cov_11.627065	502	582	1	2	80	0.0250000
NODE_2812_length_1370_cov_11.627065	502	582	2	49	80	0.6125000
NODE_2812_length_1370_cov_11.627065	502	582	4	29	80	0.3625000
NODE_2812_length_1370_cov_11.627065	555	635	4	32	80	0.4000000
NODE_2812_length_1370_cov_11.627065	555	635	6	48	80	0.6000000
NODE_2812_length_1370_cov_11.627065	631	711	4	26	80	0.3250000
NODE_2812_length_1370_cov_11.627065	631	711	6	8	80	0.1000000
NODE_2812_length_1370_cov_11.627065	631	711	8	27	80	0.3375000
NODE_2812_length_1370_cov_11.627065	631	711	9	7	80	0.0875000
NODE_2812_length_1370_cov_11.627065	631	711	10	12	80	0.1500000
NODE_2812_length_1370_cov_11.627065	684	764	4	79	80	0.9875000
NODE_2812_length_1370_cov_11.627065	684	764	6	1	80	0.0125000
NODE_2813_length_1369_cov_27.937795	597	677	0	67	80	0.8375000
NODE_2813_length_1369_cov_27.937795	597	677	2	13	80	0.1625000
NODE_2813_length_1369_cov_27.937795	650	730	0	14	80	0.1750000
NODE_2813_length_1369_cov_27.937795	650	730	2	33	80	0.4125000
NODE_2813_length_1369_cov_27.937795	650	730	4	33	80	0.4125000
NODE_2820_length_1368_cov_35.148148	546	626	0	80	80	1.0000000
NODE_2820_length_1368_cov_35.148148	599	679	0	80	80	1.0000000
NODE_2821_length_1368_cov_27.847912	486	559	0	73	73	1.0000000
NODE_2821_length_1368_cov_27.847912	532	612	0	80	80	1.0000000
NODE_2821_length_1368_cov_27.847912	608	688	0	80	80	1.0000000
NODE_2821_length_1368_cov_27.847912	661	741	0	80	80	1.0000000
NODE_2822_length_1368_cov_26.832151	458	538	0	80	80	1.0000000
NODE_2822_length_1368_cov_26.832151	511	591	0	34	80	0.4250000
NODE_2822_length_1368_cov_26.832151	511	591	2	46	80	0.5750000
NODE_2822_length_1368_cov_26.832151	587	667	0	18	80	0.2250000
NODE_2822_length_1368_cov_26.832151	587	667	2	62	80	0.7750000
NODE_2822_length_1368_cov_26.832151	640	720	0	71	80	0.8875000
NODE_2822_length_1368_cov_26.832151	640	720	2	9	80	0.1125000
NODE_2823_length_1368_cov_18.205674	603	683	0	13	80	0.1625000
NODE_2823_length_1368_cov_18.205674	603	683	4	67	80	0.8375000
NODE_2823_length_1368_cov_18.205674	656	736	0	7	80	0.0875000
NODE_2823_length_1368_cov_18.205674	656	736	4	73	80	0.9125000
NODE_2826_length_1367_cov_576.769716	799	879	476	1	80	0.0125000
NODE_2826_length_1367_cov_576.769716	799	879	481	1	80	0.0125000
NODE_2826_length_1367_cov_576.769716	799	879	483	1	80	0.0125000
NODE_2826_length_1367_cov_576.769716	799	879	485	1	80	0.0125000
NODE_2826_length_1367_cov_576.769716	799	879	487	1	80	0.0125000
NODE_2826_length_1367_cov_576.769716	799	879	488	2	80	0.0250000
NODE_2826_length_1367_cov_576.769716	799	879	494	1	80	0.0125000
NODE_2826_length_1367_cov_576.769716	799	879	516	1	80	0.0125000
NODE_2826_length_1367_cov_576.769716	799	879	531	1	80	0.0125000
NODE_2826_length_1367_cov_576.769716	799	879	536	1	80	0.0125000
NODE_2826_length_1367_cov_576.769716	799	879	537	2	80	0.0250000
NODE_2826_length_1367_cov_576.769716	799	879	539	1	80	0.0125000
NODE_2826_length_1367_cov_576.769716	799	879	540	1	80	0.0125000
NODE_2826_length_1367_cov_576.769716	799	879	541	1	80	0.0125000
NODE_2826_length_1367_cov_576.769716	799	879	555	1	80	0.0125000
NODE_2826_length_1367_cov_576.769716	799	879	558	1	80	0.0125000
NODE_2826_length_1367_cov_576.769716	799	879	561	1	80	0.0125000
NODE_2826_length_1367_cov_576.769716	799	879	576	1	80	0.0125000
NODE_2826_length_1367_cov_576.769716	799	879	577	1	80	0.0125000
NODE_2826_length_1367_cov_576.769716	799	879	594	2	80	0.0250000
NODE_2826_length_1367_cov_576.769716	799	879	615	1	80	0.0125000
NODE_2826_length_1367_cov_576.769716	799	879	629	1	80	0.0125000
NODE_2826_length_1367_cov_576.769716	799	879	631	1	80	0.0125000
NODE_2826_length_1367_cov_576.769716	799	879	657	1	80	0.0125000
NODE_2826_length_1367_cov_576.769716	799	879	671	1	80	0.0125000
NODE_2826_length_1367_cov_576.769716	799	879	689	1	80	0.0125000
NODE_2826_length_1367_cov_576.769716	799	879	731	1	80	0.0125000
NODE_2826_length_1367_cov_576.769716	799	879	767	1	80	0.0125000
NODE_2826_length_1367_cov_576.769716	799	879	769	1	80	0.0125000
NODE_2826_length_1367_cov_576.769716	799	879	771	1	80	0.0125000
NODE_2826_length_1367_cov_576.769716	799	879	777	2	80	0.0250000
NODE_2826_length_1367_cov_576.769716	799	879	780	1	80	0.0125000
NODE_2826_length_1367_cov_576.769716	799	879	782	1	80	0.0125000
NODE_2826_length_1367_cov_576.769716	799	879	808	1	80	0.0125000
NODE_2826_length_1367_cov_576.769716	799	879	846	1	80	0.0125000
NODE_2826_length_1367_cov_576.769716	799	879	867	1	80	0.0125000
NODE_2826_length_1367_cov_576.769716	799	879	900	1	80	0.0125000
NODE_2826_length_1367_cov_576.769716	799	879	916	1	80	0.0125000
NODE_2826_length_1367_cov_576.769716	799	879	955	1	80	0.0125000
NODE_2826_length_1367_cov_576.769716	799	879	1019	1	80	0.0125000
NODE_2826_length_1367_cov_576.769716	799	879	1053	1	80	0.0125000
NODE_2826_length_1367_cov_576.769716	799	879	1065	1	80	0.0125000
NODE_2826_length_1367_cov_576.769716	799	879	1068	1	80	0.0125000
NODE_2826_length_1367_cov_576.769716	799	879	1075	1	80	0.0125000
NODE_2826_length_1367_cov_576.769716	799	879	1078	1	80	0.0125000
NODE_2826_length_1367_cov_576.769716	799	879	1103	1	80	0.0125000
NODE_2826_length_1367_cov_576.769716	799	879	1134	1	80	0.0125000
NODE_2826_length_1367_cov_576.769716	799	879	1146	1	80	0.0125000
NODE_2826_length_1367_cov_576.769716	799	879	1148	1	80	0.0125000
NODE_2826_length_1367_cov_576.769716	799	879	1159	1	80	0.0125000
NODE_2826_length_1367_cov_576.769716	799	879	1183	1	80	0.0125000
NODE_2826_length_1367_cov_576.769716	799	879	1247	1	80	0.0125000
NODE_2826_length_1367_cov_576.769716	799	879	1304	1	80	0.0125000
NODE_2826_length_1367_cov_576.769716	799	879	1321	1	80	0.0125000
NODE_2826_length_1367_cov_576.769716	799	879	1336	1	80	0.0125000
NODE_2826_length_1367_cov_576.769716	799	879	1388	1	80	0.0125000
NODE_2826_length_1367_cov_576.769716	799	879	1431	1	80	0.0125000
NODE_2826_length_1367_cov_576.769716	799	879	1494	1	80	0.0125000
NODE_2826_length_1367_cov_576.769716	799	879	1544	1	80	0.0125000
NODE_2826_length_1367_cov_576.769716	799	879	1545	1	80	0.0125000
NODE_2826_length_1367_cov_576.769716	799	879	1563	1	80	0.0125000
NODE_2826_length_1367_cov_576.769716	799	879	1628	1	80	0.0125000
NODE_2826_length_1367_cov_576.769716	799	879	1647	1	80	0.0125000
NODE_2826_length_1367_cov_576.769716	799	879	1650	1	80	0.0125000
NODE_2826_length_1367_cov_576.769716	799	879	1730	1	80	0.0125000
NODE_2826_length_1367_cov_576.769716	799	879	1732	1	80	0.0125000
NODE_2826_length_1367_cov_576.769716	799	879	1775	1	80	0.0125000
NODE_2826_length_1367_cov_576.769716	799	879	1800	1	80	0.0125000
NODE_2826_length_1367_cov_576.769716	799	879	1846	1	80	0.0125000
NODE_2826_length_1367_cov_576.769716	799	879	1899	1	80	0.0125000
NODE_2826_length_1367_cov_576.769716	799	879	1954	1	80	0.0125000
NODE_2826_length_1367_cov_576.769716	799	879	1980	1	80	0.0125000
NODE_2826_length_1367_cov_576.769716	799	879	1988	1	80	0.0125000
NODE_2826_length_1367_cov_576.769716	799	879	1989	1	80	0.0125000
NODE_2826_length_1367_cov_576.769716	799	879	1998	1	80	0.0125000
NODE_2826_length_1367_cov_576.769716	799	879	2001	1	80	0.0125000
NODE_2826_length_1367_cov_576.769716	852	932	1159	1	80	0.0125000
NODE_2826_length_1367_cov_576.769716	852	932	1183	1	80	0.0125000
NODE_2826_length_1367_cov_576.769716	852	932	1247	1	80	0.0125000
NODE_2826_length_1367_cov_576.769716	852	932	1304	1	80	0.0125000
NODE_2826_length_1367_cov_576.769716	852	932	1321	1	80	0.0125000
NODE_2826_length_1367_cov_576.769716	852	932	1336	1	80	0.0125000
NODE_2826_length_1367_cov_576.769716	852	932	1388	1	80	0.0125000
NODE_2826_length_1367_cov_576.769716	852	932	1431	1	80	0.0125000
NODE_2826_length_1367_cov_576.769716	852	932	1494	1	80	0.0125000
NODE_2826_length_1367_cov_576.769716	852	932	1544	1	80	0.0125000
NODE_2826_length_1367_cov_576.769716	852	932	1545	1	80	0.0125000
NODE_2826_length_1367_cov_576.769716	852	932	1563	1	80	0.0125000
NODE_2826_length_1367_cov_576.769716	852	932	1628	1	80	0.0125000
NODE_2826_length_1367_cov_576.769716	852	932	1647	1	80	0.0125000
NODE_2826_length_1367_cov_576.769716	852	932	1650	1	80	0.0125000
NODE_2826_length_1367_cov_576.769716	852	932	1730	1	80	0.0125000
NODE_2826_length_1367_cov_576.769716	852	932	1732	1	80	0.0125000
NODE_2826_length_1367_cov_576.769716	852	932	1775	1	80	0.0125000
NODE_2826_length_1367_cov_576.769716	852	932	1800	1	80	0.0125000
NODE_2826_length_1367_cov_576.769716	852	932	1846	1	80	0.0125000
NODE_2826_length_1367_cov_576.769716	852	932	1899	1	80	0.0125000
NODE_2826_length_1367_cov_576.769716	852	932	1954	1	80	0.0125000
NODE_2826_length_1367_cov_576.769716	852	932	1980	1	80	0.0125000
NODE_2826_length_1367_cov_576.769716	852	932	1988	1	80	0.0125000
NODE_2826_length_1367_cov_576.769716	852	932	1989	1	80	0.0125000
NODE_2826_length_1367_cov_576.769716	852	932	1997	1	80	0.0125000
NODE_2826_length_1367_cov_576.769716	852	932	1998	1	80	0.0125000
NODE_2826_length_1367_cov_576.769716	852	932	2001	1	80	0.0125000
NODE_2826_length_1367_cov_576.769716	852	932	2002	1	80	0.0125000
NODE_2826_length_1367_cov_576.769716	852	932	2022	1	80	0.0125000
NODE_2826_length_1367_cov_576.769716	852	932	2044	1	80	0.0125000
NODE_2826_length_1367_cov_576.769716	852	932	2066	1	80	0.0125000
NODE_2826_length_1367_cov_576.769716	852	932	2071	1	80	0.0125000
NODE_2826_length_1367_cov_576.769716	852	932	2092	1	80	0.0125000
NODE_2826_length_1367_cov_576.769716	852	932	2097	1	80	0.0125000
NODE_2826_length_1367_cov_576.769716	852	932	2104	1	80	0.0125000
NODE_2826_length_1367_cov_576.769716	852	932	2105	1	80	0.0125000
NODE_2826_length_1367_cov_576.769716	852	932	2111	1	80	0.0125000
NODE_2826_length_1367_cov_576.769716	852	932	2118	2	80	0.0250000
NODE_2826_length_1367_cov_576.769716	852	932	2123	1	80	0.0125000
NODE_2826_length_1367_cov_576.769716	852	932	2127	1	80	0.0125000
NODE_2826_length_1367_cov_576.769716	852	932	2129	1	80	0.0125000
NODE_2826_length_1367_cov_576.769716	852	932	2130	1	80	0.0125000
NODE_2826_length_1367_cov_576.769716	852	932	2131	1	80	0.0125000
NODE_2826_length_1367_cov_576.769716	852	932	2133	1	80	0.0125000
NODE_2826_length_1367_cov_576.769716	852	932	2136	1	80	0.0125000
NODE_2826_length_1367_cov_576.769716	852	932	2141	1	80	0.0125000
NODE_2826_length_1367_cov_576.769716	852	932	2143	1	80	0.0125000
NODE_2826_length_1367_cov_576.769716	852	932	2144	1	80	0.0125000
NODE_2826_length_1367_cov_576.769716	852	932	2145	2	80	0.0250000
NODE_2826_length_1367_cov_576.769716	852	932	2146	5	80	0.0625000
NODE_2826_length_1367_cov_576.769716	852	932	2148	2	80	0.0250000
NODE_2826_length_1367_cov_576.769716	852	932	2150	1	80	0.0125000
NODE_2826_length_1367_cov_576.769716	852	932	2155	1	80	0.0125000
NODE_2826_length_1367_cov_576.769716	852	932	2158	1	80	0.0125000
NODE_2826_length_1367_cov_576.769716	852	932	2159	1	80	0.0125000
NODE_2826_length_1367_cov_576.769716	852	932	2160	4	80	0.0500000
NODE_2826_length_1367_cov_576.769716	852	932	2161	1	80	0.0125000
NODE_2826_length_1367_cov_576.769716	852	932	2162	1	80	0.0125000
NODE_2826_length_1367_cov_576.769716	852	932	2164	1	80	0.0125000
NODE_2826_length_1367_cov_576.769716	852	932	2169	1	80	0.0125000
NODE_2826_length_1367_cov_576.769716	852	932	2170	2	80	0.0250000
NODE_2826_length_1367_cov_576.769716	852	932	2172	3	80	0.0375000
NODE_2826_length_1367_cov_576.769716	852	932	2173	2	80	0.0250000
NODE_2826_length_1367_cov_576.769716	852	932	2175	1	80	0.0125000
NODE_2826_length_1367_cov_576.769716	852	932	2176	1	80	0.0125000
NODE_2826_length_1367_cov_576.769716	900	980	1470	1	80	0.0125000
NODE_2826_length_1367_cov_576.769716	900	980	1548	1	80	0.0125000
NODE_2826_length_1367_cov_576.769716	900	980	1640	1	80	0.0125000
NODE_2826_length_1367_cov_576.769716	900	980	1679	1	80	0.0125000
NODE_2826_length_1367_cov_576.769716	900	980	1703	1	80	0.0125000
NODE_2826_length_1367_cov_576.769716	900	980	1761	1	80	0.0125000
NODE_2826_length_1367_cov_576.769716	900	980	1824	1	80	0.0125000
NODE_2826_length_1367_cov_576.769716	900	980	1840	1	80	0.0125000
NODE_2826_length_1367_cov_576.769716	900	980	1851	1	80	0.0125000
NODE_2826_length_1367_cov_576.769716	900	980	1861	1	80	0.0125000
NODE_2826_length_1367_cov_576.769716	900	980	1883	1	80	0.0125000
NODE_2826_length_1367_cov_576.769716	900	980	1908	1	80	0.0125000
NODE_2826_length_1367_cov_576.769716	900	980	1922	1	80	0.0125000
NODE_2826_length_1367_cov_576.769716	900	980	1939	1	80	0.0125000
NODE_2826_length_1367_cov_576.769716	900	980	1942	1	80	0.0125000
NODE_2826_length_1367_cov_576.769716	900	980	1955	1	80	0.0125000
NODE_2826_length_1367_cov_576.769716	900	980	1965	2	80	0.0250000
NODE_2826_length_1367_cov_576.769716	900	980	1966	1	80	0.0125000
NODE_2826_length_1367_cov_576.769716	900	980	1970	2	80	0.0250000
NODE_2826_length_1367_cov_576.769716	900	980	1979	1	80	0.0125000
NODE_2826_length_1367_cov_576.769716	900	980	2006	1	80	0.0125000
NODE_2826_length_1367_cov_576.769716	900	980	2025	1	80	0.0125000
NODE_2826_length_1367_cov_576.769716	900	980	2029	2	80	0.0250000
NODE_2826_length_1367_cov_576.769716	900	980	2035	1	80	0.0125000
NODE_2826_length_1367_cov_576.769716	900	980	2040	1	80	0.0125000
NODE_2826_length_1367_cov_576.769716	900	980	2043	1	80	0.0125000
NODE_2826_length_1367_cov_576.769716	900	980	2048	1	80	0.0125000
NODE_2826_length_1367_cov_576.769716	900	980	2055	2	80	0.0250000
NODE_2826_length_1367_cov_576.769716	900	980	2059	1	80	0.0125000
NODE_2826_length_1367_cov_576.769716	900	980	2061	1	80	0.0125000
NODE_2826_length_1367_cov_576.769716	900	980	2069	1	80	0.0125000
NODE_2826_length_1367_cov_576.769716	900	980	2071	1	80	0.0125000
NODE_2826_length_1367_cov_576.769716	900	980	2075	1	80	0.0125000
NODE_2826_length_1367_cov_576.769716	900	980	2076	1	80	0.0125000
NODE_2826_length_1367_cov_576.769716	900	980	2077	1	80	0.0125000
NODE_2826_length_1367_cov_576.769716	900	980	2088	2	80	0.0250000
NODE_2826_length_1367_cov_576.769716	900	980	2089	1	80	0.0125000
NODE_2826_length_1367_cov_576.769716	900	980	2091	1	80	0.0125000
NODE_2826_length_1367_cov_576.769716	900	980	2097	1	80	0.0125000
NODE_2826_length_1367_cov_576.769716	900	980	2098	1	80	0.0125000
NODE_2826_length_1367_cov_576.769716	900	980	2103	1	80	0.0125000
NODE_2826_length_1367_cov_576.769716	900	980	2118	2	80	0.0250000
NODE_2826_length_1367_cov_576.769716	900	980	2119	2	80	0.0250000
NODE_2826_length_1367_cov_576.769716	900	980	2123	1	80	0.0125000
NODE_2826_length_1367_cov_576.769716	900	980	2127	1	80	0.0125000
NODE_2826_length_1367_cov_576.769716	900	980	2129	1	80	0.0125000
NODE_2826_length_1367_cov_576.769716	900	980	2130	1	80	0.0125000
NODE_2826_length_1367_cov_576.769716	900	980	2131	1	80	0.0125000
NODE_2826_length_1367_cov_576.769716	900	980	2136	1	80	0.0125000
NODE_2826_length_1367_cov_576.769716	900	980	2141	1	80	0.0125000
NODE_2826_length_1367_cov_576.769716	900	980	2143	1	80	0.0125000
NODE_2826_length_1367_cov_576.769716	900	980	2144	1	80	0.0125000
NODE_2826_length_1367_cov_576.769716	900	980	2145	2	80	0.0250000
NODE_2826_length_1367_cov_576.769716	900	980	2146	5	80	0.0625000
NODE_2826_length_1367_cov_576.769716	900	980	2148	2	80	0.0250000
NODE_2826_length_1367_cov_576.769716	900	980	2150	1	80	0.0125000
NODE_2826_length_1367_cov_576.769716	900	980	2155	1	80	0.0125000
NODE_2826_length_1367_cov_576.769716	900	980	2158	1	80	0.0125000
NODE_2826_length_1367_cov_576.769716	900	980	2160	4	80	0.0500000
NODE_2826_length_1367_cov_576.769716	900	980	2161	1	80	0.0125000
NODE_2826_length_1367_cov_576.769716	900	980	2162	1	80	0.0125000
NODE_2826_length_1367_cov_576.769716	900	980	2164	1	80	0.0125000
NODE_2826_length_1367_cov_576.769716	900	980	2169	1	80	0.0125000
NODE_2826_length_1367_cov_576.769716	900	980	2170	1	80	0.0125000
NODE_2826_length_1367_cov_576.769716	905	927	2129	1	22	0.0454545
NODE_2826_length_1367_cov_576.769716	905	927	2130	1	22	0.0454545
NODE_2826_length_1367_cov_576.769716	905	927	2136	1	22	0.0454545
NODE_2826_length_1367_cov_576.769716	905	927	2141	1	22	0.0454545
NODE_2826_length_1367_cov_576.769716	905	927	2143	1	22	0.0454545
NODE_2826_length_1367_cov_576.769716	905	927	2144	1	22	0.0454545
NODE_2826_length_1367_cov_576.769716	905	927	2145	2	22	0.0909091
NODE_2826_length_1367_cov_576.769716	905	927	2146	5	22	0.2272727
NODE_2826_length_1367_cov_576.769716	905	927	2148	2	22	0.0909091
NODE_2826_length_1367_cov_576.769716	905	927	2150	1	22	0.0454545
NODE_2826_length_1367_cov_576.769716	905	927	2155	1	22	0.0454545
NODE_2826_length_1367_cov_576.769716	905	927	2158	1	22	0.0454545
NODE_2826_length_1367_cov_576.769716	905	927	2160	4	22	0.1818182
NODE_2826_length_1367_cov_576.769716	1051	1131	76	1	80	0.0125000
NODE_2826_length_1367_cov_576.769716	1051	1131	77	5	80	0.0625000
NODE_2826_length_1367_cov_576.769716	1051	1131	78	1	80	0.0125000
NODE_2826_length_1367_cov_576.769716	1051	1131	80	15	80	0.1875000
NODE_2826_length_1367_cov_576.769716	1051	1131	81	1	80	0.0125000
NODE_2826_length_1367_cov_576.769716	1051	1131	85	1	80	0.0125000
NODE_2826_length_1367_cov_576.769716	1051	1131	86	3	80	0.0375000
NODE_2826_length_1367_cov_576.769716	1051	1131	87	1	80	0.0125000
NODE_2826_length_1367_cov_576.769716	1051	1131	92	2	80	0.0250000
NODE_2826_length_1367_cov_576.769716	1051	1131	95	3	80	0.0375000
NODE_2826_length_1367_cov_576.769716	1051	1131	96	1	80	0.0125000
NODE_2826_length_1367_cov_576.769716	1051	1131	98	1	80	0.0125000
NODE_2826_length_1367_cov_576.769716	1051	1131	99	3	80	0.0375000
NODE_2826_length_1367_cov_576.769716	1051	1131	101	2	80	0.0250000
NODE_2826_length_1367_cov_576.769716	1051	1131	104	1	80	0.0125000
NODE_2826_length_1367_cov_576.769716	1051	1131	106	1	80	0.0125000
NODE_2826_length_1367_cov_576.769716	1051	1131	118	1	80	0.0125000
NODE_2826_length_1367_cov_576.769716	1051	1131	121	1	80	0.0125000
NODE_2826_length_1367_cov_576.769716	1051	1131	127	2	80	0.0250000
NODE_2826_length_1367_cov_576.769716	1051	1131	139	1	80	0.0125000
NODE_2826_length_1367_cov_576.769716	1051	1131	140	3	80	0.0375000
NODE_2826_length_1367_cov_576.769716	1051	1131	142	3	80	0.0375000
NODE_2826_length_1367_cov_576.769716	1051	1131	146	3	80	0.0375000
NODE_2826_length_1367_cov_576.769716	1051	1131	152	1	80	0.0125000
NODE_2826_length_1367_cov_576.769716	1051	1131	153	3	80	0.0375000
NODE_2826_length_1367_cov_576.769716	1051	1131	154	1	80	0.0125000
NODE_2826_length_1367_cov_576.769716	1051	1131	155	1	80	0.0125000
NODE_2826_length_1367_cov_576.769716	1051	1131	157	1	80	0.0125000
NODE_2826_length_1367_cov_576.769716	1051	1131	164	3	80	0.0375000
NODE_2826_length_1367_cov_576.769716	1051	1131	166	2	80	0.0250000
NODE_2826_length_1367_cov_576.769716	1051	1131	170	1	80	0.0125000
NODE_2826_length_1367_cov_576.769716	1051	1131	173	1	80	0.0125000
NODE_2826_length_1367_cov_576.769716	1051	1131	174	1	80	0.0125000
NODE_2826_length_1367_cov_576.769716	1051	1131	175	2	80	0.0250000
NODE_2826_length_1367_cov_576.769716	1051	1131	184	1	80	0.0125000
NODE_2826_length_1367_cov_576.769716	1051	1131	186	1	80	0.0125000
NODE_2826_length_1367_cov_576.769716	1051	1131	187	2	80	0.0250000
NODE_2826_length_1367_cov_576.769716	1051	1131	190	2	80	0.0250000
NODE_2826_length_1367_cov_576.769716	1051	1131	191	1	80	0.0125000
NODE_2826_length_1367_cov_576.769716	1104	1184	146	3	80	0.0375000
NODE_2826_length_1367_cov_576.769716	1104	1184	152	1	80	0.0125000
NODE_2826_length_1367_cov_576.769716	1104	1184	153	3	80	0.0375000
NODE_2826_length_1367_cov_576.769716	1104	1184	154	1	80	0.0125000
NODE_2826_length_1367_cov_576.769716	1104	1184	155	1	80	0.0125000
NODE_2826_length_1367_cov_576.769716	1104	1184	157	1	80	0.0125000
NODE_2826_length_1367_cov_576.769716	1104	1184	164	3	80	0.0375000
NODE_2826_length_1367_cov_576.769716	1104	1184	166	2	80	0.0250000
NODE_2826_length_1367_cov_576.769716	1104	1184	170	1	80	0.0125000
NODE_2826_length_1367_cov_576.769716	1104	1184	173	1	80	0.0125000
NODE_2826_length_1367_cov_576.769716	1104	1184	174	1	80	0.0125000
NODE_2826_length_1367_cov_576.769716	1104	1184	175	2	80	0.0250000
NODE_2826_length_1367_cov_576.769716	1104	1184	184	1	80	0.0125000
NODE_2826_length_1367_cov_576.769716	1104	1184	186	1	80	0.0125000
NODE_2826_length_1367_cov_576.769716	1104	1184	187	2	80	0.0250000
NODE_2826_length_1367_cov_576.769716	1104	1184	190	2	80	0.0250000
NODE_2826_length_1367_cov_576.769716	1104	1184	191	1	80	0.0125000
NODE_2826_length_1367_cov_576.769716	1104	1184	193	1	80	0.0125000
NODE_2826_length_1367_cov_576.769716	1104	1184	195	1	80	0.0125000
NODE_2826_length_1367_cov_576.769716	1104	1184	196	1	80	0.0125000
NODE_2826_length_1367_cov_576.769716	1104	1184	200	10	80	0.1250000
NODE_2826_length_1367_cov_576.769716	1104	1184	201	2	80	0.0250000
NODE_2826_length_1367_cov_576.769716	1104	1184	202	2	80	0.0250000
NODE_2826_length_1367_cov_576.769716	1104	1184	203	1	80	0.0125000
NODE_2826_length_1367_cov_576.769716	1104	1184	204	2	80	0.0250000
NODE_2826_length_1367_cov_576.769716	1104	1184	205	2	80	0.0250000
NODE_2826_length_1367_cov_576.769716	1104	1184	207	1	80	0.0125000
NODE_2826_length_1367_cov_576.769716	1104	1184	208	1	80	0.0125000
NODE_2826_length_1367_cov_576.769716	1104	1184	209	4	80	0.0500000
NODE_2826_length_1367_cov_576.769716	1104	1184	210	3	80	0.0375000
NODE_2826_length_1367_cov_576.769716	1104	1184	211	6	80	0.0750000
NODE_2826_length_1367_cov_576.769716	1104	1184	212	4	80	0.0500000
NODE_2826_length_1367_cov_576.769716	1104	1184	213	9	80	0.1125000
NODE_2826_length_1367_cov_576.769716	1104	1184	214	1	80	0.0125000
NODE_2826_length_1367_cov_576.769716	1104	1184	215	2	80	0.0250000
NODE_2827_length_1367_cov_152.824921	513	593	0	37	80	0.4625000
NODE_2827_length_1367_cov_152.824921	513	593	2	43	80	0.5375000
NODE_2827_length_1367_cov_152.824921	566	646	0	43	80	0.5375000
NODE_2827_length_1367_cov_152.824921	566	646	2	37	80	0.4625000
NODE_2827_length_1367_cov_152.824921	642	722	0	24	80	0.3000000
NODE_2827_length_1367_cov_152.824921	642	722	4	53	80	0.6625000
NODE_2827_length_1367_cov_152.824921	642	722	8	3	80	0.0375000
NODE_2827_length_1367_cov_152.824921	695	775	4	56	80	0.7000000
NODE_2827_length_1367_cov_152.824921	695	775	8	24	80	0.3000000
NODE_2829_length_1367_cov_2.947161	250	326	0	26	76	0.3421053
NODE_2829_length_1367_cov_2.947161	250	326	2	1	76	0.0131579
NODE_2829_length_1367_cov_2.947161	250	326	3	3	76	0.0394737
NODE_2829_length_1367_cov_2.947161	250	326	5	4	76	0.0526316
NODE_2829_length_1367_cov_2.947161	250	326	6	9	76	0.1184211
NODE_2829_length_1367_cov_2.947161	250	326	7	14	76	0.1842105
NODE_2829_length_1367_cov_2.947161	250	326	8	19	76	0.2500000
NODE_2831_length_1366_cov_82.742699	198	278	0	35	80	0.4375000
NODE_2831_length_1366_cov_82.742699	198	278	4	25	80	0.3125000
NODE_2831_length_1366_cov_82.742699	198	278	10	20	80	0.2500000
NODE_2831_length_1366_cov_82.742699	251	331	4	7	80	0.0875000
NODE_2831_length_1366_cov_82.742699	251	331	10	73	80	0.9125000
NODE_2832_length_1366_cov_36.659037	577	657	2	72	80	0.9000000
NODE_2832_length_1366_cov_36.659037	577	657	4	8	80	0.1000000
NODE_2832_length_1366_cov_36.659037	630	710	0	30	80	0.3750000
NODE_2832_length_1366_cov_36.659037	630	710	2	42	80	0.5250000
NODE_2832_length_1366_cov_36.659037	630	710	4	8	80	0.1000000
NODE_2834_length_1366_cov_2.320442	47	116	0	5	69	0.0724638
NODE_2834_length_1366_cov_2.320442	47	116	2	2	69	0.0289855
NODE_2834_length_1366_cov_2.320442	47	116	4	62	69	0.8985507
NODE_2834_length_1366_cov_2.320442	1122	1202	0	55	80	0.6875000
NODE_2834_length_1366_cov_2.320442	1122	1202	2	25	80	0.3125000
NODE_2834_length_1366_cov_2.320442	1175	1255	0	44	80	0.5500000
NODE_2834_length_1366_cov_2.320442	1175	1255	2	36	80	0.4500000
NODE_2834_length_1366_cov_2.320442	1251	1331	2	80	80	1.0000000
NODE_2835_length_1365_cov_25.540284	432	509	0	77	77	1.0000000
NODE_2835_length_1365_cov_25.540284	482	562	0	80	80	1.0000000
NODE_2835_length_1365_cov_25.540284	558	635	0	77	77	1.0000000
NODE_2835_length_1365_cov_25.540284	625	688	0	63	63	1.0000000
NODE_2838_length_1364_cov_15.222134	120	191	49	4	71	0.0563380
NODE_2838_length_1364_cov_15.222134	120	191	51	1	71	0.0140845
NODE_2838_length_1364_cov_15.222134	120	191	53	1	71	0.0140845
NODE_2838_length_1364_cov_15.222134	120	191	54	3	71	0.0422535
NODE_2838_length_1364_cov_15.222134	120	191	57	2	71	0.0281690
NODE_2838_length_1364_cov_15.222134	120	191	59	2	71	0.0281690
NODE_2838_length_1364_cov_15.222134	120	191	65	8	71	0.1126761
NODE_2838_length_1364_cov_15.222134	120	191	69	1	71	0.0140845
NODE_2838_length_1364_cov_15.222134	120	191	71	1	71	0.0140845
NODE_2838_length_1364_cov_15.222134	120	191	76	1	71	0.0140845
NODE_2838_length_1364_cov_15.222134	120	191	79	1	71	0.0140845
NODE_2838_length_1364_cov_15.222134	120	191	80	1	71	0.0140845
NODE_2838_length_1364_cov_15.222134	120	191	81	1	71	0.0140845
NODE_2838_length_1364_cov_15.222134	120	191	83	1	71	0.0140845
NODE_2838_length_1364_cov_15.222134	120	191	85	1	71	0.0140845
NODE_2838_length_1364_cov_15.222134	120	191	87	1	71	0.0140845
NODE_2838_length_1364_cov_15.222134	120	191	88	1	71	0.0140845
NODE_2838_length_1364_cov_15.222134	120	191	91	1	71	0.0140845
NODE_2838_length_1364_cov_15.222134	120	191	93	1	71	0.0140845
NODE_2838_length_1364_cov_15.222134	120	191	108	1	71	0.0140845
NODE_2838_length_1364_cov_15.222134	120	191	114	1	71	0.0140845
NODE_2838_length_1364_cov_15.222134	120	191	121	1	71	0.0140845
NODE_2838_length_1364_cov_15.222134	120	191	123	2	71	0.0281690
NODE_2838_length_1364_cov_15.222134	120	191	124	1	71	0.0140845
NODE_2838_length_1364_cov_15.222134	120	191	126	1	71	0.0140845
NODE_2838_length_1364_cov_15.222134	120	191	132	1	71	0.0140845
NODE_2838_length_1364_cov_15.222134	120	191	141	1	71	0.0140845
NODE_2838_length_1364_cov_15.222134	120	191	143	1	71	0.0140845
NODE_2838_length_1364_cov_15.222134	120	191	156	1	71	0.0140845
NODE_2838_length_1364_cov_15.222134	120	191	160	1	71	0.0140845
NODE_2838_length_1364_cov_15.222134	120	191	162	1	71	0.0140845
NODE_2838_length_1364_cov_15.222134	120	191	163	1	71	0.0140845
NODE_2838_length_1364_cov_15.222134	120	191	166	1	71	0.0140845
NODE_2838_length_1364_cov_15.222134	120	191	167	2	71	0.0281690
NODE_2838_length_1364_cov_15.222134	120	191	172	1	71	0.0140845
NODE_2838_length_1364_cov_15.222134	120	191	175	1	71	0.0140845
NODE_2838_length_1364_cov_15.222134	120	191	191	1	71	0.0140845
NODE_2838_length_1364_cov_15.222134	120	191	192	1	71	0.0140845
NODE_2838_length_1364_cov_15.222134	120	191	194	1	71	0.0140845
NODE_2838_length_1364_cov_15.222134	120	191	200	1	71	0.0140845
NODE_2838_length_1364_cov_15.222134	120	191	208	1	71	0.0140845
NODE_2838_length_1364_cov_15.222134	120	191	212	2	71	0.0281690
NODE_2838_length_1364_cov_15.222134	120	191	215	1	71	0.0140845
NODE_2838_length_1364_cov_15.222134	120	191	216	2	71	0.0281690
NODE_2838_length_1364_cov_15.222134	120	191	217	1	71	0.0140845
NODE_2838_length_1364_cov_15.222134	120	191	220	1	71	0.0140845
NODE_2838_length_1364_cov_15.222134	120	191	221	3	71	0.0422535
NODE_2838_length_1364_cov_15.222134	120	191	222	2	71	0.0281690
NODE_2838_length_1364_cov_15.222134	120	191	226	2	71	0.0281690
NODE_2839_length_1364_cov_7.456917	843	923	0	80	80	1.0000000
NODE_2839_length_1364_cov_7.456917	896	976	0	80	80	1.0000000
NODE_2840_length_1364_cov_5.055336	239	290	0	51	51	1.0000000
NODE_2840_length_1364_cov_5.055336	263	343	0	80	80	1.0000000
NODE_2846_length_1363_cov_19.442247	615	695	0	14	80	0.1750000
NODE_2846_length_1363_cov_19.442247	615	695	2	66	80	0.8250000
NODE_2846_length_1363_cov_19.442247	668	748	2	80	80	1.0000000
NODE_2847_length_1363_cov_13.575949	619	699	2	80	80	1.0000000
NODE_2847_length_1363_cov_13.575949	672	752	0	38	80	0.4750000
NODE_2847_length_1363_cov_13.575949	672	752	2	42	80	0.5250000
NODE_2850_length_1362_cov_15.796516	898	978	0	4	80	0.0500000
NODE_2850_length_1362_cov_15.796516	898	978	8	11	80	0.1375000
NODE_2850_length_1362_cov_15.796516	898	978	9	16	80	0.2000000
NODE_2850_length_1362_cov_15.796516	898	978	10	37	80	0.4625000
NODE_2850_length_1362_cov_15.796516	898	978	11	12	80	0.1500000
NODE_2850_length_1362_cov_15.796516	951	1031	2	12	80	0.1500000
NODE_2850_length_1362_cov_15.796516	951	1031	8	1	80	0.0125000
NODE_2850_length_1362_cov_15.796516	951	1031	9	23	80	0.2875000
NODE_2850_length_1362_cov_15.796516	951	1031	11	44	80	0.5500000
NODE_2855_length_1361_cov_24.574485	528	608	0	80	80	1.0000000
NODE_2855_length_1361_cov_24.574485	581	661	0	30	80	0.3750000
NODE_2855_length_1361_cov_24.574485	581	661	2	20	80	0.2500000
NODE_2855_length_1361_cov_24.574485	581	661	3	30	80	0.3750000
NODE_2856_length_1361_cov_20.148970	866	946	0	80	80	1.0000000
NODE_2856_length_1361_cov_20.148970	919	999	0	41	80	0.5125000
NODE_2856_length_1361_cov_20.148970	919	999	2	2	80	0.0250000
NODE_2856_length_1361_cov_20.148970	919	999	4	37	80	0.4625000
NODE_2858_length_1361_cov_10.530903	1139	1219	0	80	80	1.0000000
NODE_2858_length_1361_cov_10.530903	1139	1219	0	80	80	1.0000000
NODE_2858_length_1361_cov_10.530903	1192	1277	0	29	85	0.3411765
NODE_2858_length_1361_cov_10.530903	1192	1277	4	13	85	0.1529412
NODE_2858_length_1361_cov_10.530903	1192	1277	6	43	85	0.5058824
NODE_2858_length_1361_cov_10.530903	1273	1353	4	22	80	0.2750000
NODE_2858_length_1361_cov_10.530903	1273	1353	6	58	80	0.7250000
NODE_2858_length_1361_cov_10.530903	1273	1353	4	22	80	0.2750000
NODE_2858_length_1361_cov_10.530903	1273	1353	6	58	80	0.7250000
NODE_2858_length_1361_cov_10.530903	1273	1353	4	22	80	0.2750000
NODE_2858_length_1361_cov_10.530903	1273	1353	6	58	80	0.7250000
NODE_2858_length_1361_cov_10.530903	1273	1353	4	22	80	0.2750000
NODE_2858_length_1361_cov_10.530903	1273	1353	6	58	80	0.7250000
NODE_2858_length_1361_cov_10.530903	1273	1353	4	22	80	0.2750000
NODE_2858_length_1361_cov_10.530903	1273	1353	6	58	80	0.7250000
NODE_2858_length_1361_cov_10.530903	1273	1353	4	22	80	0.2750000
NODE_2858_length_1361_cov_10.530903	1273	1353	6	58	80	0.7250000
NODE_2859_length_1360_cov_42.789056	351	431	0	13	80	0.1625000
NODE_2859_length_1360_cov_42.789056	351	431	6	67	80	0.8375000
NODE_2859_length_1360_cov_42.789056	404	484	0	16	80	0.2000000
NODE_2859_length_1360_cov_42.789056	404	484	6	64	80	0.8000000
NODE_2860_length_1360_cov_26.407613	531	611	6	16	80	0.2000000
NODE_2860_length_1360_cov_26.407613	531	611	10	12	80	0.1500000
NODE_2860_length_1360_cov_26.407613	531	611	12	8	80	0.1000000
NODE_2860_length_1360_cov_26.407613	531	611	14	44	80	0.5500000
NODE_2860_length_1360_cov_26.407613	584	669	0	14	85	0.1647059
NODE_2860_length_1360_cov_26.407613	584	669	2	2	85	0.0235294
NODE_2860_length_1360_cov_26.407613	584	669	6	21	85	0.2470588
NODE_2860_length_1360_cov_26.407613	584	669	8	14	85	0.1647059
NODE_2860_length_1360_cov_26.407613	584	669	12	13	85	0.1529412
NODE_2860_length_1360_cov_26.407613	584	669	14	21	85	0.2470588
NODE_2861_length_1360_cov_16.182395	796	876	2	25	80	0.3125000
NODE_2861_length_1360_cov_16.182395	796	876	8	50	80	0.6250000
NODE_2861_length_1360_cov_16.182395	796	876	9	1	80	0.0125000
NODE_2861_length_1360_cov_16.182395	796	876	10	4	80	0.0500000
NODE_2861_length_1360_cov_16.182395	849	929	8	75	80	0.9375000
NODE_2861_length_1360_cov_16.182395	849	929	9	1	80	0.0125000
NODE_2861_length_1360_cov_16.182395	849	929	10	4	80	0.0500000
NODE_2861_length_1360_cov_16.182395	925	1005	2	64	80	0.8000000
NODE_2861_length_1360_cov_16.182395	925	1005	8	16	80	0.2000000
NODE_2861_length_1360_cov_16.182395	978	1058	0	42	80	0.5250000
NODE_2861_length_1360_cov_16.182395	978	1058	1	1	80	0.0125000
NODE_2861_length_1360_cov_16.182395	978	1058	2	37	80	0.4625000
NODE_2862_length_1360_cov_12.763680	582	662	0	80	80	1.0000000
NODE_2862_length_1360_cov_12.763680	635	715	0	80	80	1.0000000
NODE_2866_length_1359_cov_41.324603	674	754	0	80	80	1.0000000
NODE_2866_length_1359_cov_41.324603	727	807	0	80	80	1.0000000
NODE_2866_length_1359_cov_41.324603	803	883	0	68	80	0.8500000
NODE_2866_length_1359_cov_41.324603	803	883	2	12	80	0.1500000
NODE_2866_length_1359_cov_41.324603	856	936	0	15	80	0.1875000
NODE_2866_length_1359_cov_41.324603	856	936	2	65	80	0.8125000
NODE_2871_length_1358_cov_23.427323	292	372	0	45	80	0.5625000
NODE_2871_length_1358_cov_23.427323	292	372	2	35	80	0.4375000
NODE_2871_length_1358_cov_23.427323	345	425	2	80	80	1.0000000
NODE_2872_length_1358_cov_19.489277	411	491	0	9	80	0.1125000
NODE_2872_length_1358_cov_19.489277	411	491	6	71	80	0.8875000
NODE_2872_length_1358_cov_19.489277	464	544	0	28	80	0.3500000
NODE_2872_length_1358_cov_19.489277	464	544	6	52	80	0.6500000
NODE_2875_length_1357_cov_15.962639	732	812	0	80	80	1.0000000
NODE_2875_length_1357_cov_15.962639	785	865	0	80	80	1.0000000
NODE_2879_length_1354_cov_9.854980	735	815	0	51	80	0.6375000
NODE_2879_length_1354_cov_9.854980	735	815	6	29	80	0.3625000
NODE_2879_length_1354_cov_9.854980	788	868	6	80	80	1.0000000
NODE_2882_length_1353_cov_32.982456	708	788	10	10	80	0.1250000
NODE_2882_length_1353_cov_32.982456	708	788	14	31	80	0.3875000
NODE_2882_length_1353_cov_32.982456	708	788	16	39	80	0.4875000
NODE_2882_length_1353_cov_32.982456	761	841	4	10	80	0.1250000
NODE_2882_length_1353_cov_32.982456	761	841	6	28	80	0.3500000
NODE_2882_length_1353_cov_32.982456	761	841	10	9	80	0.1125000
NODE_2882_length_1353_cov_32.982456	761	841	12	1	80	0.0125000
NODE_2882_length_1353_cov_32.982456	761	841	16	32	80	0.4000000
NODE_2883_length_1353_cov_21.775120	493	573	0	54	80	0.6750000
NODE_2883_length_1353_cov_21.775120	493	573	4	26	80	0.3250000
NODE_2883_length_1353_cov_21.775120	546	626	0	1	80	0.0125000
NODE_2883_length_1353_cov_21.775120	546	626	4	79	80	0.9875000
NODE_2884_length_1353_cov_18.201754	696	776	0	80	80	1.0000000
NODE_2884_length_1353_cov_18.201754	749	829	0	80	80	1.0000000
NODE_2888_length_1352_cov_26.942538	455	535	6	10	80	0.1250000
NODE_2888_length_1352_cov_26.942538	455	535	9	16	80	0.2000000
NODE_2888_length_1352_cov_26.942538	455	535	10	10	80	0.1250000
NODE_2888_length_1352_cov_26.942538	455	535	11	26	80	0.3250000
NODE_2888_length_1352_cov_26.942538	455	535	13	18	80	0.2250000
NODE_2888_length_1352_cov_26.942538	508	588	2	10	80	0.1250000
NODE_2888_length_1352_cov_26.942538	508	588	6	10	80	0.1250000
NODE_2888_length_1352_cov_26.942538	508	588	8	21	80	0.2625000
NODE_2888_length_1352_cov_26.942538	508	588	11	9	80	0.1125000
NODE_2888_length_1352_cov_26.942538	508	588	13	30	80	0.3750000
NODE_2889_length_1352_cov_17.189944	717	797	0	27	80	0.3375000
NODE_2889_length_1352_cov_17.189944	717	797	2	9	80	0.1125000
NODE_2889_length_1352_cov_17.189944	717	797	6	29	80	0.3625000
NODE_2889_length_1352_cov_17.189944	717	797	14	15	80	0.1875000
NODE_2889_length_1352_cov_17.189944	770	850	6	12	80	0.1500000
NODE_2889_length_1352_cov_17.189944	770	850	12	39	80	0.4875000
NODE_2889_length_1352_cov_17.189944	770	850	14	29	80	0.3625000
NODE_2890_length_1352_cov_15.752594	640	720	0	80	80	1.0000000
NODE_2890_length_1352_cov_15.752594	693	773	0	80	80	1.0000000
NODE_2891_length_1352_cov_10.699920	237	317	0	45	80	0.5625000
NODE_2891_length_1352_cov_10.699920	237	317	4	35	80	0.4375000
NODE_2891_length_1352_cov_10.699920	290	370	4	80	80	1.0000000
NODE_2894_length_1351_cov_32.325879	561	641	4	80	80	1.0000000
NODE_2894_length_1351_cov_32.325879	614	694	2	23	80	0.2875000
NODE_2894_length_1351_cov_32.325879	614	694	4	29	80	0.3625000
NODE_2894_length_1351_cov_32.325879	614	694	6	28	80	0.3500000
NODE_2895_length_1351_cov_16.861022	97	162	22	3	65	0.0461538
NODE_2895_length_1351_cov_16.861022	97	162	25	2	65	0.0307692
NODE_2895_length_1351_cov_16.861022	97	162	35	3	65	0.0461538
NODE_2895_length_1351_cov_16.861022	97	162	37	1	65	0.0153846
NODE_2895_length_1351_cov_16.861022	97	162	46	4	65	0.0615385
NODE_2895_length_1351_cov_16.861022	97	162	52	1	65	0.0153846
NODE_2895_length_1351_cov_16.861022	97	162	55	1	65	0.0153846
NODE_2895_length_1351_cov_16.861022	97	162	56	1	65	0.0153846
NODE_2895_length_1351_cov_16.861022	97	162	60	1	65	0.0153846
NODE_2895_length_1351_cov_16.861022	97	162	62	1	65	0.0153846
NODE_2895_length_1351_cov_16.861022	97	162	66	1	65	0.0153846
NODE_2895_length_1351_cov_16.861022	97	162	68	1	65	0.0153846
NODE_2895_length_1351_cov_16.861022	97	162	70	2	65	0.0307692
NODE_2895_length_1351_cov_16.861022	97	162	72	2	65	0.0307692
NODE_2895_length_1351_cov_16.861022	97	162	73	1	65	0.0153846
NODE_2895_length_1351_cov_16.861022	97	162	74	1	65	0.0153846
NODE_2895_length_1351_cov_16.861022	97	162	80	1	65	0.0153846
NODE_2895_length_1351_cov_16.861022	97	162	86	29	65	0.4461538
NODE_2895_length_1351_cov_16.861022	97	162	88	9	65	0.1384615
NODE_2896_length_1351_cov_9.894569	331	411	0	80	80	1.0000000
NODE_2896_length_1351_cov_9.894569	384	464	0	80	80	1.0000000
NODE_2897_length_1351_cov_8.699681	1055	1137	2	16	82	0.1951219
NODE_2897_length_1351_cov_8.699681	1055	1137	4	66	82	0.8048781
NODE_2897_length_1351_cov_8.699681	1110	1175	0	3	65	0.0461538
NODE_2897_length_1351_cov_8.699681	1110	1175	2	35	65	0.5384616
NODE_2897_length_1351_cov_8.699681	1110	1175	4	27	65	0.4153846
NODE_2898_length_1351_cov_2.931310	68	148	21	2	80	0.0250000
NODE_2898_length_1351_cov_2.931310	68	148	22	2	80	0.0250000
NODE_2898_length_1351_cov_2.931310	68	148	24	1	80	0.0125000
NODE_2898_length_1351_cov_2.931310	68	148	26	1	80	0.0125000
NODE_2898_length_1351_cov_2.931310	68	148	28	3	80	0.0375000
NODE_2898_length_1351_cov_2.931310	68	148	29	2	80	0.0250000
NODE_2898_length_1351_cov_2.931310	68	148	33	9	80	0.1125000
NODE_2898_length_1351_cov_2.931310	68	148	35	6	80	0.0750000
NODE_2898_length_1351_cov_2.931310	68	148	37	8	80	0.1000000
NODE_2898_length_1351_cov_2.931310	68	148	38	13	80	0.1625000
NODE_2898_length_1351_cov_2.931310	68	148	41	3	80	0.0375000
NODE_2898_length_1351_cov_2.931310	68	148	42	2	80	0.0250000
NODE_2898_length_1351_cov_2.931310	68	148	43	28	80	0.3500000
NODE_2898_length_1351_cov_2.931310	495	528	0	33	33	1.0000000
NODE_2899_length_1350_cov_18.274181	424	504	0	80	80	1.0000000
NODE_2899_length_1350_cov_18.274181	477	557	0	27	80	0.3375000
NODE_2899_length_1350_cov_18.274181	477	557	2	53	80	0.6625000
NODE_2899_length_1350_cov_18.274181	553	633	2	80	80	1.0000000
NODE_2899_length_1350_cov_18.274181	606	686	0	48	80	0.6000000
NODE_2899_length_1350_cov_18.274181	606	686	2	32	80	0.4000000
NODE_2900_length_1350_cov_8.053557	737	817	0	60	80	0.7500000
NODE_2900_length_1350_cov_8.053557	737	817	2	20	80	0.2500000
NODE_2900_length_1350_cov_8.053557	790	870	0	24	80	0.3000000
NODE_2900_length_1350_cov_8.053557	790	870	2	56	80	0.7000000
NODE_2903_length_1349_cov_23.782400	839	919	0	30	80	0.3750000
NODE_2903_length_1349_cov_23.782400	839	919	2	12	80	0.1500000
NODE_2903_length_1349_cov_23.782400	839	919	5	21	80	0.2625000
NODE_2903_length_1349_cov_23.782400	839	919	6	17	80	0.2125000
NODE_2903_length_1349_cov_23.782400	892	972	0	9	80	0.1125000
NODE_2903_length_1349_cov_23.782400	892	972	4	14	80	0.1750000
NODE_2903_length_1349_cov_23.782400	892	972	5	10	80	0.1250000
NODE_2903_length_1349_cov_23.782400	892	972	6	47	80	0.5875000
NODE_2903_length_1349_cov_23.782400	968	1048	0	80	80	1.0000000
NODE_2903_length_1349_cov_23.782400	1021	1101	0	80	80	1.0000000
NODE_2904_length_1349_cov_17.776800	811	891	0	80	80	1.0000000
NODE_2904_length_1349_cov_17.776800	864	944	0	80	80	1.0000000
NODE_2905_length_1349_cov_16.468800	828	908	0	35	80	0.4375000
NODE_2905_length_1349_cov_16.468800	828	908	2	45	80	0.5625000
NODE_2905_length_1349_cov_16.468800	881	961	2	80	80	1.0000000
NODE_2908_length_1348_cov_22.731785	468	548	0	23	80	0.2875000
NODE_2908_length_1348_cov_22.731785	468	548	2	57	80	0.7125000
NODE_2908_length_1348_cov_22.731785	521	601	0	35	80	0.4375000
NODE_2908_length_1348_cov_22.731785	521	601	2	45	80	0.5625000
NODE_2909_length_1348_cov_20.778223	517	597	0	80	80	1.0000000
NODE_2909_length_1348_cov_20.778223	570	650	0	80	80	1.0000000
NODE_2910_length_1348_cov_11.180144	673	753	0	57	80	0.7125000
NODE_2910_length_1348_cov_11.180144	673	753	2	23	80	0.2875000
NODE_2910_length_1348_cov_11.180144	726	806	0	4	80	0.0500000
NODE_2910_length_1348_cov_11.180144	726	806	2	76	80	0.9500000
NODE_2916_length_1347_cov_45.906250	683	763	0	46	80	0.5750000
NODE_2916_length_1347_cov_45.906250	683	763	2	34	80	0.4250000
NODE_2916_length_1347_cov_45.906250	736	816	2	72	80	0.9000000
NODE_2916_length_1347_cov_45.906250	736	816	4	2	80	0.0250000
NODE_2916_length_1347_cov_45.906250	736	816	6	5	80	0.0625000
NODE_2916_length_1347_cov_45.906250	736	816	8	1	80	0.0125000
NODE_2916_length_1347_cov_45.906250	812	892	6	3	80	0.0375000
NODE_2916_length_1347_cov_45.906250	812	892	8	51	80	0.6375000
NODE_2916_length_1347_cov_45.906250	812	892	10	4	80	0.0500000
NODE_2916_length_1347_cov_45.906250	812	892	16	22	80	0.2750000
NODE_2916_length_1347_cov_45.906250	865	945	8	5	80	0.0625000
NODE_2916_length_1347_cov_45.906250	865	945	10	4	80	0.0500000
NODE_2916_length_1347_cov_45.906250	865	945	12	29	80	0.3625000
NODE_2916_length_1347_cov_45.906250	865	945	14	1	80	0.0125000
NODE_2916_length_1347_cov_45.906250	865	945	16	41	80	0.5125000
NODE_2917_length_1347_cov_41.643429	439	519	10	4	80	0.0500000
NODE_2917_length_1347_cov_41.643429	439	519	11	5	80	0.0625000
NODE_2917_length_1347_cov_41.643429	439	519	13	27	80	0.3375000
NODE_2917_length_1347_cov_41.643429	439	519	14	33	80	0.4125000
NODE_2917_length_1347_cov_41.643429	439	519	15	1	80	0.0125000
NODE_2917_length_1347_cov_41.643429	439	519	16	1	80	0.0125000
NODE_2917_length_1347_cov_41.643429	439	519	17	9	80	0.1125000
NODE_2917_length_1347_cov_41.643429	492	572	3	3	80	0.0375000
NODE_2917_length_1347_cov_41.643429	492	572	7	31	80	0.3875000
NODE_2917_length_1347_cov_41.643429	492	572	8	1	80	0.0125000
NODE_2917_length_1347_cov_41.643429	492	572	10	22	80	0.2750000
NODE_2917_length_1347_cov_41.643429	492	572	14	23	80	0.2875000
NODE_2918_length_1347_cov_19.941506	458	538	0	80	80	1.0000000
NODE_2918_length_1347_cov_19.941506	511	591	0	80	80	1.0000000
NODE_2918_length_1347_cov_19.941506	587	667	0	39	80	0.4875000
NODE_2918_length_1347_cov_19.941506	587	667	1	5	80	0.0625000
NODE_2918_length_1347_cov_19.941506	587	667	2	1	80	0.0125000
NODE_2918_length_1347_cov_19.941506	587	667	8	35	80	0.4375000
NODE_2918_length_1347_cov_19.941506	640	720	8	80	80	1.0000000
NODE_2919_length_1347_cov_16.520833	713	793	0	80	80	1.0000000
NODE_2919_length_1347_cov_16.520833	766	846	0	80	80	1.0000000
NODE_2920_length_1347_cov_15.967147	638	718	3	15	80	0.1875000
NODE_2920_length_1347_cov_15.967147	638	718	4	38	80	0.4750000
NODE_2920_length_1347_cov_15.967147	638	718	5	5	80	0.0625000
NODE_2920_length_1347_cov_15.967147	638	718	7	2	80	0.0250000
NODE_2920_length_1347_cov_15.967147	638	718	8	20	80	0.2500000
NODE_2920_length_1347_cov_15.967147	691	771	5	10	80	0.1250000
NODE_2920_length_1347_cov_15.967147	691	771	6	43	80	0.5375000
NODE_2920_length_1347_cov_15.967147	691	771	7	2	80	0.0250000
NODE_2920_length_1347_cov_15.967147	691	771	8	25	80	0.3125000
NODE_2925_length_1346_cov_13.112269	429	509	0	80	80	1.0000000
NODE_2925_length_1346_cov_13.112269	482	562	0	80	80	1.0000000
NODE_2928_length_1345_cov_32.099518	629	709	6	23	80	0.2875000
NODE_2928_length_1345_cov_32.099518	629	709	8	19	80	0.2375000
NODE_2928_length_1345_cov_32.099518	629	709	10	35	80	0.4375000
NODE_2928_length_1345_cov_32.099518	629	709	12	3	80	0.0375000
NODE_2928_length_1345_cov_32.099518	682	762	2	15	80	0.1875000
NODE_2928_length_1345_cov_32.099518	682	762	4	13	80	0.1625000
NODE_2928_length_1345_cov_32.099518	682	762	6	48	80	0.6000000
NODE_2928_length_1345_cov_32.099518	682	762	10	1	80	0.0125000
NODE_2928_length_1345_cov_32.099518	682	762	12	3	80	0.0375000
NODE_2929_length_1345_cov_19.837881	723	803	0	80	80	1.0000000
NODE_2929_length_1345_cov_19.837881	776	856	0	80	80	1.0000000
NODE_2930_length_1345_cov_14.262440	361	441	0	2	80	0.0250000
NODE_2930_length_1345_cov_14.262440	361	441	4	78	80	0.9750000
NODE_2930_length_1345_cov_14.262440	414	494	0	50	80	0.6250000
NODE_2930_length_1345_cov_14.262440	414	494	1	1	80	0.0125000
NODE_2930_length_1345_cov_14.262440	414	494	2	4	80	0.0500000
NODE_2930_length_1345_cov_14.262440	414	494	4	25	80	0.3125000
NODE_2930_length_1345_cov_14.262440	490	570	2	80	80	1.0000000
NODE_2930_length_1345_cov_14.262440	543	623	0	23	80	0.2875000
NODE_2930_length_1345_cov_14.262440	543	623	2	57	80	0.7125000
NODE_2931_length_1345_cov_14.103531	950	1030	2	16	80	0.2000000
NODE_2931_length_1345_cov_14.103531	950	1030	4	2	80	0.0250000
NODE_2931_length_1345_cov_14.103531	950	1030	6	36	80	0.4500000
NODE_2931_length_1345_cov_14.103531	950	1030	10	26	80	0.3250000
NODE_2931_length_1345_cov_14.103531	1003	1083	4	1	80	0.0125000
NODE_2931_length_1345_cov_14.103531	1003	1083	6	22	80	0.2750000
NODE_2931_length_1345_cov_14.103531	1003	1083	10	57	80	0.7125000
NODE_2934_length_1344_cov_15.013655	345	425	0	80	80	1.0000000
NODE_2934_length_1344_cov_15.013655	398	478	0	35	80	0.4375000
NODE_2934_length_1344_cov_15.013655	398	478	2	5	80	0.0625000
NODE_2934_length_1344_cov_15.013655	398	478	4	40	80	0.5000000
NODE_2935_length_1344_cov_11.383133	519	599	4	80	80	1.0000000
NODE_2935_length_1344_cov_11.383133	572	652	0	38	80	0.4750000
NODE_2935_length_1344_cov_11.383133	572	652	4	42	80	0.5250000
NODE_2935_length_1344_cov_11.383133	648	728	0	9	80	0.1125000
NODE_2935_length_1344_cov_11.383133	648	728	2	39	80	0.4875000
NODE_2935_length_1344_cov_11.383133	648	728	4	32	80	0.4000000
NODE_2935_length_1344_cov_11.383133	701	781	2	39	80	0.4875000
NODE_2935_length_1344_cov_11.383133	701	781	4	41	80	0.5125000
NODE_2936_length_1344_cov_10.924498	529	609	6	21	80	0.2625000
NODE_2936_length_1344_cov_10.924498	529	609	16	59	80	0.7375000
NODE_2936_length_1344_cov_10.924498	582	662	10	42	80	0.5250000
NODE_2936_length_1344_cov_10.924498	582	662	16	38	80	0.4750000
NODE_2937_length_1344_cov_5.531727	920	975	0	55	55	1.0000000
NODE_2942_length_1343_cov_36.005627	150	230	55	4	80	0.0500000
NODE_2942_length_1343_cov_36.005627	150	230	56	3	80	0.0375000
NODE_2942_length_1343_cov_36.005627	150	230	58	1	80	0.0125000
NODE_2942_length_1343_cov_36.005627	150	230	60	2	80	0.0250000
NODE_2942_length_1343_cov_36.005627	150	230	63	29	80	0.3625000
NODE_2942_length_1343_cov_36.005627	150	230	65	9	80	0.1125000
NODE_2942_length_1343_cov_36.005627	150	230	67	32	80	0.4000000
NODE_2942_length_1343_cov_36.005627	286	366	6	80	80	1.0000000
NODE_2942_length_1343_cov_36.005627	339	419	6	80	80	1.0000000
NODE_2942_length_1343_cov_36.005627	415	495	0	69	80	0.8625000
NODE_2942_length_1343_cov_36.005627	415	495	3	7	80	0.0875000
NODE_2942_length_1343_cov_36.005627	415	495	6	4	80	0.0500000
NODE_2942_length_1343_cov_36.005627	468	548	0	80	80	1.0000000
NODE_2943_length_1343_cov_26.826367	782	862	0	80	80	1.0000000
NODE_2943_length_1343_cov_26.826367	835	915	0	80	80	1.0000000
NODE_2944_length_1343_cov_19.353698	799	879	0	2	80	0.0250000
NODE_2944_length_1343_cov_19.353698	799	879	2	19	80	0.2375000
NODE_2944_length_1343_cov_19.353698	799	879	4	59	80	0.7375000
NODE_2944_length_1343_cov_19.353698	852	932	0	49	80	0.6125000
NODE_2944_length_1343_cov_19.353698	852	932	2	19	80	0.2375000
NODE_2944_length_1343_cov_19.353698	852	932	4	12	80	0.1500000
NODE_2944_length_1343_cov_19.353698	928	1008	4	80	80	1.0000000
NODE_2944_length_1343_cov_19.353698	981	1061	0	6	80	0.0750000
NODE_2944_length_1343_cov_19.353698	981	1061	4	74	80	0.9250000
NODE_2945_length_1343_cov_15.717846	745	825	2	16	80	0.2000000
NODE_2945_length_1343_cov_15.717846	745	825	4	26	80	0.3250000
NODE_2945_length_1343_cov_15.717846	745	825	6	31	80	0.3875000
NODE_2945_length_1343_cov_15.717846	745	825	8	7	80	0.0875000
NODE_2945_length_1343_cov_15.717846	798	878	2	12	80	0.1500000
NODE_2945_length_1343_cov_15.717846	798	878	4	2	80	0.0250000
NODE_2945_length_1343_cov_15.717846	798	878	6	59	80	0.7375000
NODE_2945_length_1343_cov_15.717846	798	878	8	7	80	0.0875000
NODE_2949_length_1342_cov_30.491553	456	536	0	57	80	0.7125000
NODE_2949_length_1342_cov_30.491553	456	536	1	9	80	0.1125000
NODE_2949_length_1342_cov_30.491553	456	536	2	14	80	0.1750000
NODE_2949_length_1342_cov_30.491553	509	589	0	4	80	0.0500000
NODE_2949_length_1342_cov_30.491553	509	589	1	9	80	0.1125000
NODE_2949_length_1342_cov_30.491553	509	589	2	67	80	0.8375000
NODE_2949_length_1342_cov_30.491553	585	665	2	16	80	0.2000000
NODE_2949_length_1342_cov_30.491553	585	665	4	1	80	0.0125000
NODE_2949_length_1342_cov_30.491553	585	665	5	2	80	0.0250000
NODE_2949_length_1342_cov_30.491553	585	665	6	61	80	0.7625000
NODE_2949_length_1342_cov_30.491553	638	718	0	10	80	0.1250000
NODE_2949_length_1342_cov_30.491553	638	718	2	4	80	0.0500000
NODE_2949_length_1342_cov_30.491553	638	718	4	32	80	0.4000000
NODE_2949_length_1342_cov_30.491553	638	718	5	9	80	0.1125000
NODE_2949_length_1342_cov_30.491553	638	718	6	25	80	0.3125000
NODE_2950_length_1342_cov_26.796460	538	618	0	8	80	0.1000000
NODE_2950_length_1342_cov_26.796460	538	618	2	41	80	0.5125000
NODE_2950_length_1342_cov_26.796460	538	618	4	31	80	0.3875000
NODE_2950_length_1342_cov_26.796460	591	671	2	29	80	0.3625000
NODE_2950_length_1342_cov_26.796460	591	671	4	51	80	0.6375000
NODE_2950_length_1342_cov_26.796460	667	747	0	62	80	0.7750000
NODE_2950_length_1342_cov_26.796460	667	747	2	18	80	0.2250000
NODE_2950_length_1342_cov_26.796460	720	800	0	80	80	1.0000000
NODE_2951_length_1342_cov_22.769912	298	378	2	33	80	0.4125000
NODE_2951_length_1342_cov_22.769912	298	378	4	22	80	0.2750000
NODE_2951_length_1342_cov_22.769912	298	378	5	21	80	0.2625000
NODE_2951_length_1342_cov_22.769912	298	378	6	1	80	0.0125000
NODE_2951_length_1342_cov_22.769912	298	378	7	3	80	0.0375000
NODE_2951_length_1342_cov_22.769912	351	431	4	2	80	0.0250000
NODE_2951_length_1342_cov_22.769912	351	431	5	57	80	0.7125000
NODE_2951_length_1342_cov_22.769912	351	431	6	18	80	0.2250000
NODE_2951_length_1342_cov_22.769912	351	431	7	3	80	0.0375000
NODE_2951_length_1342_cov_22.769912	427	507	0	17	80	0.2125000
NODE_2951_length_1342_cov_22.769912	427	507	4	50	80	0.6250000
NODE_2951_length_1342_cov_22.769912	427	507	6	13	80	0.1625000
NODE_2951_length_1342_cov_22.769912	480	560	0	70	80	0.8750000
NODE_2951_length_1342_cov_22.769912	480	560	4	10	80	0.1250000
NODE_2953_length_1341_cov_22.449275	494	574	0	80	80	1.0000000
NODE_2953_length_1341_cov_22.449275	547	627	0	80	80	1.0000000
NODE_2953_length_1341_cov_22.449275	623	703	0	80	80	1.0000000
NODE_2953_length_1341_cov_22.449275	676	755	0	79	79	1.0000000
NODE_2954_length_1341_cov_14.497585	415	495	2	80	80	1.0000000
NODE_2954_length_1341_cov_14.497585	468	548	0	32	80	0.4000000
NODE_2954_length_1341_cov_14.497585	468	548	2	48	80	0.6000000
NODE_2954_length_1341_cov_14.497585	544	624	0	80	80	1.0000000
NODE_2954_length_1341_cov_14.497585	597	677	0	29	80	0.3625000
NODE_2954_length_1341_cov_14.497585	597	677	2	51	80	0.6375000
NODE_2960_length_1340_cov_9.460113	531	611	0	80	80	1.0000000
NODE_2960_length_1340_cov_9.460113	584	664	0	80	80	1.0000000
NODE_2961_length_1340_cov_6.511684	735	815	0	80	80	1.0000000
NODE_2961_length_1340_cov_6.511684	788	868	0	80	80	1.0000000
NODE_2966_length_1339_cov_22.725000	751	831	0	80	80	1.0000000
NODE_2966_length_1339_cov_22.725000	804	884	0	80	80	1.0000000
NODE_2967_length_1339_cov_9.322581	329	409	0	38	80	0.4750000
NODE_2967_length_1339_cov_9.322581	329	409	2	42	80	0.5250000
NODE_2967_length_1339_cov_9.322581	382	462	0	3	80	0.0375000
NODE_2967_length_1339_cov_9.322581	382	462	2	77	80	0.9625000
NODE_2970_length_1338_cov_31.740920	527	607	0	80	80	1.0000000
NODE_2970_length_1338_cov_31.740920	580	660	0	80	80	1.0000000
NODE_2970_length_1338_cov_31.740920	656	736	0	35	80	0.4375000
NODE_2970_length_1338_cov_31.740920	656	736	2	45	80	0.5625000
NODE_2970_length_1338_cov_31.740920	709	789	0	2	80	0.0250000
NODE_2970_length_1338_cov_31.740920	709	789	2	78	80	0.9750000
NODE_2971_length_1338_cov_21.254237	639	719	0	48	80	0.6000000
NODE_2971_length_1338_cov_21.254237	639	719	2	32	80	0.4000000
NODE_2971_length_1338_cov_21.254237	692	772	0	9	80	0.1125000
NODE_2971_length_1338_cov_21.254237	692	772	2	71	80	0.8875000
NODE_2974_length_1337_cov_32.307754	739	819	6	14	80	0.1750000
NODE_2974_length_1337_cov_32.307754	739	819	10	21	80	0.2625000
NODE_2974_length_1337_cov_32.307754	739	819	16	45	80	0.5625000
NODE_2974_length_1337_cov_32.307754	792	872	0	8	80	0.1000000
NODE_2974_length_1337_cov_32.307754	792	872	6	23	80	0.2875000
NODE_2974_length_1337_cov_32.307754	792	872	10	34	80	0.4250000
NODE_2974_length_1337_cov_32.307754	792	872	16	15	80	0.1875000
NODE_2975_length_1337_cov_30.412763	465	545	0	43	80	0.5375000
NODE_2975_length_1337_cov_30.412763	465	545	6	37	80	0.4625000
NODE_2975_length_1337_cov_30.412763	518	598	6	80	80	1.0000000
NODE_2976_length_1337_cov_12.760905	560	640	1	15	80	0.1875000
NODE_2976_length_1337_cov_12.760905	560	640	2	65	80	0.8125000
NODE_2976_length_1337_cov_12.760905	613	693	1	7	80	0.0875000
NODE_2976_length_1337_cov_12.760905	613	693	2	73	80	0.9125000
NODE_2977_length_1337_cov_9.463651	724	804	0	20	80	0.2500000
NODE_2977_length_1337_cov_9.463651	724	804	2	18	80	0.2250000
NODE_2977_length_1337_cov_9.463651	724	804	4	42	80	0.5250000
NODE_2977_length_1337_cov_9.463651	777	857	2	4	80	0.0500000
NODE_2977_length_1337_cov_9.463651	777	857	4	76	80	0.9500000
NODE_2979_length_1337_cov_4.540388	216	296	4	80	80	1.0000000
NODE_2979_length_1337_cov_4.540388	272	349	4	77	77	1.0000000
NODE_2981_length_1336_cov_28.161681	394	474	4	9	80	0.1125000
NODE_2981_length_1336_cov_28.161681	394	474	10	16	80	0.2000000
NODE_2981_length_1336_cov_28.161681	394	474	12	55	80	0.6875000
NODE_2981_length_1336_cov_28.161681	447	527	0	44	80	0.5500000
NODE_2981_length_1336_cov_28.161681	447	527	4	18	80	0.2250000
NODE_2981_length_1336_cov_28.161681	447	527	10	16	80	0.2000000
NODE_2981_length_1336_cov_28.161681	447	527	12	2	80	0.0250000
NODE_2981_length_1336_cov_28.161681	523	603	0	80	80	1.0000000
NODE_2981_length_1336_cov_28.161681	576	656	0	80	80	1.0000000
NODE_2982_length_1336_cov_7.860954	17	98	14	1	81	0.0123457
NODE_2982_length_1336_cov_7.860954	17	98	18	80	81	0.9876543
NODE_2984_length_1336_cov_1.689572	1229	1289	4	60	60	1.0000000
NODE_2984_length_1336_cov_1.689572	1262	1336	0	3	74	0.0405405
NODE_2984_length_1336_cov_1.689572	1262	1336	1	12	74	0.1621622
NODE_2984_length_1336_cov_1.689572	1262	1336	2	3	74	0.0405405
NODE_2984_length_1336_cov_1.689572	1262	1336	3	16	74	0.2162162
NODE_2984_length_1336_cov_1.689572	1262	1336	4	40	74	0.5405405
NODE_2985_length_1335_cov_19.547735	530	607	2	11	77	0.1428571
NODE_2985_length_1335_cov_19.547735	530	607	9	19	77	0.2467532
NODE_2985_length_1335_cov_19.547735	530	607	12	31	77	0.4025974
NODE_2985_length_1335_cov_19.547735	530	607	14	16	77	0.2077922
NODE_2985_length_1335_cov_19.547735	582	660	8	26	78	0.3333333
NODE_2985_length_1335_cov_19.547735	582	660	12	9	78	0.1153846
NODE_2985_length_1335_cov_19.547735	582	660	14	43	78	0.5512820
NODE_2985_length_1335_cov_19.547735	656	736	0	26	80	0.3250000
NODE_2985_length_1335_cov_19.547735	656	736	3	5	80	0.0625000
NODE_2985_length_1335_cov_19.547735	656	736	5	14	80	0.1750000
NODE_2985_length_1335_cov_19.547735	656	736	8	35	80	0.4375000
NODE_2985_length_1335_cov_19.547735	709	789	0	79	80	0.9875000
NODE_2985_length_1335_cov_19.547735	709	789	3	1	80	0.0125000
NODE_2986_length_1335_cov_15.383495	419	499	0	3	80	0.0375000
NODE_2986_length_1335_cov_15.383495	419	499	2	77	80	0.9625000
NODE_2986_length_1335_cov_15.383495	472	552	0	31	80	0.3875000
NODE_2986_length_1335_cov_15.383495	472	552	2	49	80	0.6125000
NODE_2986_length_1335_cov_15.383495	548	628	0	10	80	0.1250000
NODE_2986_length_1335_cov_15.383495	548	628	2	70	80	0.8750000
NODE_2986_length_1335_cov_15.383495	601	681	2	80	80	1.0000000
NODE_2991_length_1333_cov_27.372771	493	573	0	80	80	1.0000000
NODE_2991_length_1333_cov_27.372771	546	626	0	80	80	1.0000000
NODE_2996_length_1332_cov_18.978913	648	728	0	80	80	1.0000000
NODE_2996_length_1332_cov_18.978913	701	781	0	80	80	1.0000000
NODE_2996_length_1332_cov_18.978913	777	857	0	22	80	0.2750000
NODE_2996_length_1332_cov_18.978913	777	857	2	27	80	0.3375000
NODE_2996_length_1332_cov_18.978913	777	857	3	3	80	0.0375000
NODE_2996_length_1332_cov_18.978913	777	857	4	28	80	0.3500000
NODE_2996_length_1332_cov_18.978913	830	910	2	62	80	0.7750000
NODE_2996_length_1332_cov_18.978913	830	910	4	18	80	0.2250000
NODE_2997_length_1332_cov_3.112733	87	151	0	64	64	1.0000000
NODE_3000_length_1331_cov_16.831981	392	472	2	80	80	1.0000000
NODE_3000_length_1331_cov_16.831981	445	525	0	15	80	0.1875000
NODE_3000_length_1331_cov_16.831981	445	525	1	28	80	0.3500000
NODE_3000_length_1331_cov_16.831981	445	525	2	37	80	0.4625000
NODE_3000_length_1331_cov_16.831981	521	601	0	80	80	1.0000000
NODE_3000_length_1331_cov_16.831981	574	654	0	80	80	1.0000000
NODE_3001_length_1331_cov_12.841721	871	951	0	60	80	0.7500000
NODE_3001_length_1331_cov_12.841721	871	951	4	7	80	0.0875000
NODE_3001_length_1331_cov_12.841721	871	951	6	13	80	0.1625000
NODE_3001_length_1331_cov_12.841721	924	1004	0	7	80	0.0875000
NODE_3001_length_1331_cov_12.841721	924	1004	4	7	80	0.0875000
NODE_3001_length_1331_cov_12.841721	924	1004	6	66	80	0.8250000
NODE_3004_length_1331_cov_2.090097	0	76	0	76	76	1.0000000
NODE_3004_length_1331_cov_2.090097	49	98	0	49	49	1.0000000
NODE_3007_length_1330_cov_48.993501	278	358	0	80	80	1.0000000
NODE_3007_length_1330_cov_48.993501	331	411	0	80	80	1.0000000
NODE_3007_length_1330_cov_48.993501	742	822	0	80	80	1.0000000
NODE_3007_length_1330_cov_48.993501	795	875	0	80	80	1.0000000
NODE_3008_length_1330_cov_11.037368	407	487	2	80	80	1.0000000
NODE_3008_length_1330_cov_11.037368	460	540	0	5	80	0.0625000
NODE_3008_length_1330_cov_11.037368	460	540	2	75	80	0.9375000
NODE_3008_length_1330_cov_11.037368	536	617	0	81	81	1.0000000
NODE_3008_length_1330_cov_11.037368	590	670	0	80	80	1.0000000
NODE_3009_length_1330_cov_9.026807	551	631	0	80	80	1.0000000
NODE_3009_length_1330_cov_9.026807	604	684	0	80	80	1.0000000
NODE_3011_length_1329_cov_17.036585	691	771	0	23	80	0.2875000
NODE_3011_length_1329_cov_17.036585	691	771	2	52	80	0.6500000
NODE_3011_length_1329_cov_17.036585	691	771	4	5	80	0.0625000
NODE_3011_length_1329_cov_17.036585	744	824	2	22	80	0.2750000
NODE_3011_length_1329_cov_17.036585	744	824	4	35	80	0.4375000
NODE_3011_length_1329_cov_17.036585	744	824	10	9	80	0.1125000
NODE_3011_length_1329_cov_17.036585	744	824	11	3	80	0.0375000
NODE_3011_length_1329_cov_17.036585	744	824	12	11	80	0.1375000
NODE_3011_length_1329_cov_17.036585	820	900	8	58	80	0.7250000
NODE_3011_length_1329_cov_17.036585	820	900	10	22	80	0.2750000
NODE_3011_length_1329_cov_17.036585	873	953	0	3	80	0.0375000
NODE_3011_length_1329_cov_17.036585	873	953	8	77	80	0.9625000
NODE_3012_length_1329_cov_16.341463	428	476	4	10	48	0.2083333
NODE_3012_length_1329_cov_16.341463	428	476	6	36	48	0.7500000
NODE_3012_length_1329_cov_16.341463	428	476	7	2	48	0.0416667
NODE_3013_length_1329_cov_5.620325	888	955	0	52	67	0.7761194
NODE_3013_length_1329_cov_5.620325	888	955	6	11	67	0.1641791
NODE_3013_length_1329_cov_5.620325	888	955	8	4	67	0.0597015
NODE_3013_length_1329_cov_5.620325	941	999	6	10	58	0.1724138
NODE_3013_length_1329_cov_5.620325	941	999	8	16	58	0.2758621
NODE_3013_length_1329_cov_5.620325	941	999	10	32	58	0.5517241
NODE_3017_length_1328_cov_12.954434	794	874	0	80	80	1.0000000
NODE_3017_length_1328_cov_12.954434	847	927	0	80	80	1.0000000
NODE_3018_length_1328_cov_8.810415	762	842	7	55	80	0.6875000
NODE_3018_length_1328_cov_8.810415	762	842	10	25	80	0.3125000
NODE_3018_length_1328_cov_8.810415	815	895	6	26	80	0.3250000
NODE_3018_length_1328_cov_8.810415	815	895	7	2	80	0.0250000
NODE_3018_length_1328_cov_8.810415	815	895	8	21	80	0.2625000
NODE_3018_length_1328_cov_8.810415	815	895	10	31	80	0.3875000
NODE_3021_length_1327_cov_15.938925	260	340	0	80	80	1.0000000
NODE_3021_length_1327_cov_15.938925	313	393	0	80	80	1.0000000
NODE_3022_length_1327_cov_7.274430	159	235	0	4	76	0.0526316
NODE_3022_length_1327_cov_7.274430	159	235	2	72	76	0.9473684
NODE_3022_length_1327_cov_7.274430	774	854	0	21	80	0.2625000
NODE_3022_length_1327_cov_7.274430	774	854	2	59	80	0.7375000
NODE_3022_length_1327_cov_7.274430	827	890	0	2	63	0.0317460
NODE_3022_length_1327_cov_7.274430	827	890	2	61	63	0.9682540
NODE_3023_length_1327_cov_6.486156	896	976	0	80	80	1.0000000
NODE_3023_length_1327_cov_6.486156	949	1029	0	80	80	1.0000000
NODE_3029_length_1326_cov_32.382233	571	651	6	44	80	0.5500000
NODE_3029_length_1326_cov_32.382233	571	651	16	17	80	0.2125000
NODE_3029_length_1326_cov_32.382233	571	651	18	19	80	0.2375000
NODE_3029_length_1326_cov_32.382233	624	704	12	22	80	0.2750000
NODE_3029_length_1326_cov_32.382233	624	704	13	8	80	0.1000000
NODE_3029_length_1326_cov_32.382233	624	704	15	18	80	0.2250000
NODE_3029_length_1326_cov_32.382233	624	704	16	8	80	0.1000000
NODE_3029_length_1326_cov_32.382233	624	704	17	4	80	0.0500000
NODE_3029_length_1326_cov_32.382233	624	704	18	20	80	0.2500000
NODE_3030_length_1326_cov_30.614507	760	840	2	12	80	0.1500000
NODE_3030_length_1326_cov_30.614507	760	840	3	10	80	0.1250000
NODE_3030_length_1326_cov_30.614507	760	840	4	58	80	0.7250000
NODE_3030_length_1326_cov_30.614507	813	893	4	29	80	0.3625000
NODE_3030_length_1326_cov_30.614507	813	893	8	19	80	0.2375000
NODE_3030_length_1326_cov_30.614507	813	893	10	32	80	0.4000000
NODE_3031_length_1326_cov_30.304808	488	568	0	16	80	0.2000000
NODE_3031_length_1326_cov_30.304808	488	568	6	23	80	0.2875000
NODE_3031_length_1326_cov_30.304808	488	568	8	8	80	0.1000000
NODE_3031_length_1326_cov_30.304808	488	568	10	33	80	0.4125000
NODE_3031_length_1326_cov_30.304808	541	621	4	6	80	0.0750000
NODE_3031_length_1326_cov_30.304808	541	621	10	74	80	0.9250000
NODE_3031_length_1326_cov_30.304808	617	697	2	12	80	0.1500000
NODE_3031_length_1326_cov_30.304808	617	697	4	66	80	0.8250000
NODE_3031_length_1326_cov_30.304808	617	697	6	2	80	0.0250000
NODE_3031_length_1326_cov_30.304808	670	750	2	65	80	0.8125000
NODE_3031_length_1326_cov_30.304808	670	750	4	13	80	0.1625000
NODE_3031_length_1326_cov_30.304808	670	750	6	2	80	0.0250000
NODE_3032_length_1326_cov_10.913610	238	318	0	80	80	1.0000000
NODE_3032_length_1326_cov_10.913610	291	371	0	80	80	1.0000000
NODE_3036_length_1325_cov_38.136215	0	46	0	20	46	0.4347826
NODE_3036_length_1325_cov_38.136215	0	46	4	26	46	0.5652174
NODE_3036_length_1325_cov_38.136215	19	99	0	1	80	0.0125000
NODE_3036_length_1325_cov_38.136215	19	99	4	79	80	0.9875000
NODE_3036_length_1325_cov_38.136215	948	1022	41	9	74	0.1216216
NODE_3036_length_1325_cov_38.136215	948	1022	44	15	74	0.2027027
NODE_3036_length_1325_cov_38.136215	948	1022	45	2	74	0.0270270
NODE_3036_length_1325_cov_38.136215	948	1022	46	1	74	0.0135135
NODE_3036_length_1325_cov_38.136215	948	1022	49	13	74	0.1756757
NODE_3036_length_1325_cov_38.136215	948	1022	51	29	74	0.3918919
NODE_3036_length_1325_cov_38.136215	948	1022	52	5	74	0.0675676
NODE_3036_length_1325_cov_38.136215	1001	1063	28	3	62	0.0483871
NODE_3036_length_1325_cov_38.136215	1001	1063	30	12	62	0.1935484
NODE_3036_length_1325_cov_38.136215	1001	1063	32	6	62	0.0967742
NODE_3036_length_1325_cov_38.136215	1001	1063	33	10	62	0.1612903
NODE_3036_length_1325_cov_38.136215	1001	1063	45	1	62	0.0161290
NODE_3036_length_1325_cov_38.136215	1001	1063	48	1	62	0.0161290
NODE_3036_length_1325_cov_38.136215	1001	1063	49	4	62	0.0645161
NODE_3036_length_1325_cov_38.136215	1001	1063	50	8	62	0.1290323
NODE_3036_length_1325_cov_38.136215	1001	1063	51	12	62	0.1935484
NODE_3036_length_1325_cov_38.136215	1001	1063	52	5	62	0.0806452
NODE_3037_length_1325_cov_29.201468	613	693	0	37	80	0.4625000
NODE_3037_length_1325_cov_29.201468	613	693	16	24	80	0.3000000
NODE_3037_length_1325_cov_29.201468	613	693	18	19	80	0.2375000
NODE_3037_length_1325_cov_29.201468	666	746	16	8	80	0.1000000
NODE_3037_length_1325_cov_29.201468	666	746	18	72	80	0.9000000
NODE_3038_length_1325_cov_11.902121	697	777	0	21	80	0.2625000
NODE_3038_length_1325_cov_11.902121	697	777	2	22	80	0.2750000
NODE_3038_length_1325_cov_11.902121	697	777	4	37	80	0.4625000
NODE_3038_length_1325_cov_11.902121	750	830	4	80	80	1.0000000
NODE_3039_length_1325_cov_7.876835	645	725	0	80	80	1.0000000
NODE_3039_length_1325_cov_7.876835	698	778	0	80	80	1.0000000
NODE_3040_length_1325_cov_3.774062	1157	1218	1	27	61	0.4426230
NODE_3040_length_1325_cov_3.774062	1157	1218	3	34	61	0.5573770
NODE_3040_length_1325_cov_3.774062	1191	1271	3	80	80	1.0000000
NODE_3041_length_1325_cov_2.896411	0	58	2	3	58	0.0517241
NODE_3041_length_1325_cov_2.896411	0	58	4	6	58	0.1034483
NODE_3041_length_1325_cov_2.896411	0	58	6	4	58	0.0689655
NODE_3041_length_1325_cov_2.896411	0	58	8	45	58	0.7758621
NODE_3041_length_1325_cov_2.896411	8	67	4	1	59	0.0169492
NODE_3041_length_1325_cov_2.896411	8	67	6	4	59	0.0677966
NODE_3041_length_1325_cov_2.896411	8	67	8	54	59	0.9152542
NODE_3046_length_1324_cov_30.340408	939	1019	8	27	80	0.3375000
NODE_3046_length_1324_cov_30.340408	939	1019	9	49	80	0.6125000
NODE_3046_length_1324_cov_30.340408	939	1019	10	4	80	0.0500000
NODE_3046_length_1324_cov_30.340408	992	1072	2	11	80	0.1375000
NODE_3046_length_1324_cov_30.340408	992	1072	8	54	80	0.6750000
NODE_3046_length_1324_cov_30.340408	992	1072	9	15	80	0.1875000
NODE_3047_length_1324_cov_7.391020	742	822	2	53	80	0.6625000
NODE_3047_length_1324_cov_7.391020	742	822	7	2	80	0.0250000
NODE_3047_length_1324_cov_7.391020	742	822	9	25	80	0.3125000
NODE_3047_length_1324_cov_7.391020	795	875	0	38	80	0.4750000
NODE_3047_length_1324_cov_7.391020	795	875	2	42	80	0.5250000
NODE_3053_length_1323_cov_30.600490	392	472	0	5	80	0.0625000
NODE_3053_length_1323_cov_30.600490	392	472	2	75	80	0.9375000
NODE_3053_length_1323_cov_30.600490	445	525	0	58	80	0.7250000
NODE_3053_length_1323_cov_30.600490	445	525	2	22	80	0.2750000
NODE_3053_length_1323_cov_30.600490	521	601	0	80	80	1.0000000
NODE_3053_length_1323_cov_30.600490	574	654	0	80	80	1.0000000
NODE_3054_length_1323_cov_20.888889	758	838	0	7	80	0.0875000
NODE_3054_length_1323_cov_20.888889	758	838	4	12	80	0.1500000
NODE_3054_length_1323_cov_20.888889	758	838	6	61	80	0.7625000
NODE_3054_length_1323_cov_20.888889	811	891	0	60	80	0.7500000
NODE_3054_length_1323_cov_20.888889	811	891	4	12	80	0.1500000
NODE_3054_length_1323_cov_20.888889	811	891	6	8	80	0.1000000
NODE_3061_length_1322_cov_8.988553	287	368	0	81	81	1.0000000
NODE_3061_length_1322_cov_8.988553	341	421	0	80	80	1.0000000
NODE_3061_length_1322_cov_8.988553	417	497	0	23	80	0.2875000
NODE_3061_length_1322_cov_8.988553	417	497	4	57	80	0.7125000
NODE_3061_length_1322_cov_8.988553	470	550	4	80	80	1.0000000
NODE_3068_length_1321_cov_57.885434	359	439	2	80	80	1.0000000
NODE_3068_length_1321_cov_57.885434	412	492	0	28	80	0.3500000
NODE_3068_length_1321_cov_57.885434	412	492	2	52	80	0.6500000
NODE_3068_length_1321_cov_57.885434	488	568	2	52	80	0.6500000
NODE_3068_length_1321_cov_57.885434	488	568	20	2	80	0.0250000
NODE_3068_length_1321_cov_57.885434	488	568	24	10	80	0.1250000
NODE_3068_length_1321_cov_57.885434	488	568	25	8	80	0.1000000
NODE_3068_length_1321_cov_57.885434	488	568	26	8	80	0.1000000
NODE_3068_length_1321_cov_57.885434	541	621	20	1	80	0.0125000
NODE_3068_length_1321_cov_57.885434	541	621	24	42	80	0.5250000
NODE_3068_length_1321_cov_57.885434	541	621	25	12	80	0.1500000
NODE_3068_length_1321_cov_57.885434	541	621	26	25	80	0.3125000
NODE_3071_length_1320_cov_70.753481	432	512	0	10	80	0.1250000
NODE_3071_length_1320_cov_70.753481	432	512	4	32	80	0.4000000
NODE_3071_length_1320_cov_70.753481	432	512	6	38	80	0.4750000
NODE_3071_length_1320_cov_70.753481	485	565	0	7	80	0.0875000
NODE_3071_length_1320_cov_70.753481	485	565	1	1	80	0.0125000
NODE_3071_length_1320_cov_70.753481	485	565	2	19	80	0.2375000
NODE_3071_length_1320_cov_70.753481	485	565	6	53	80	0.6625000
NODE_3071_length_1320_cov_70.753481	561	641	0	80	80	1.0000000
NODE_3071_length_1320_cov_70.753481	614	694	0	80	80	1.0000000
NODE_3072_length_1320_cov_39.149058	715	795	4	80	80	1.0000000
NODE_3072_length_1320_cov_39.149058	768	848	2	2	80	0.0250000
NODE_3072_length_1320_cov_39.149058	768	848	4	71	80	0.8875000
NODE_3072_length_1320_cov_39.149058	768	848	6	7	80	0.0875000
NODE_3072_length_1320_cov_39.149058	844	924	2	11	80	0.1375000
NODE_3072_length_1320_cov_39.149058	844	924	4	69	80	0.8625000
NODE_3072_length_1320_cov_39.149058	897	977	2	24	80	0.3000000
NODE_3072_length_1320_cov_39.149058	897	977	4	56	80	0.7000000
NODE_3073_length_1320_cov_19.175266	707	783	0	58	76	0.7631579
NODE_3073_length_1320_cov_19.175266	707	783	6	6	76	0.0789474
NODE_3073_length_1320_cov_19.175266	707	783	10	1	76	0.0131579
NODE_3073_length_1320_cov_19.175266	707	783	12	11	76	0.1447368
NODE_3073_length_1320_cov_19.175266	760	840	0	5	80	0.0625000
NODE_3073_length_1320_cov_19.175266	760	840	6	6	80	0.0750000
NODE_3073_length_1320_cov_19.175266	760	840	10	1	80	0.0125000
NODE_3073_length_1320_cov_19.175266	760	840	12	68	80	0.8500000
NODE_3074_length_1320_cov_11.224406	860	940	0	80	80	1.0000000
NODE_3074_length_1320_cov_11.224406	913	993	0	80	80	1.0000000
NODE_3075_length_1320_cov_11.036036	760	840	0	80	80	1.0000000
NODE_3075_length_1320_cov_11.036036	813	893	0	80	80	1.0000000
NODE_3076_length_1320_cov_8.357084	800	880	0	80	80	1.0000000
NODE_3076_length_1320_cov_8.357084	853	933	0	80	80	1.0000000
NODE_3080_length_1319_cov_27.098361	630	710	8	6	80	0.0750000
NODE_3080_length_1319_cov_27.098361	630	710	10	39	80	0.4875000
NODE_3080_length_1319_cov_27.098361	630	710	12	2	80	0.0250000
NODE_3080_length_1319_cov_27.098361	630	710	14	33	80	0.4125000
NODE_3080_length_1319_cov_27.098361	683	763	2	7	80	0.0875000
NODE_3080_length_1319_cov_27.098361	683	763	4	17	80	0.2125000
NODE_3080_length_1319_cov_27.098361	683	763	8	15	80	0.1875000
NODE_3080_length_1319_cov_27.098361	683	763	10	35	80	0.4375000
NODE_3080_length_1319_cov_27.098361	683	763	14	6	80	0.0750000
NODE_3081_length_1319_cov_22.992623	490	570	0	16	80	0.2000000
NODE_3081_length_1319_cov_22.992623	490	570	2	28	80	0.3500000
NODE_3081_length_1319_cov_22.992623	490	570	4	36	80	0.4500000
NODE_3081_length_1319_cov_22.992623	543	623	2	27	80	0.3375000
NODE_3081_length_1319_cov_22.992623	543	623	4	53	80	0.6625000
NODE_3086_length_1318_cov_13.624282	642	722	0	80	80	1.0000000
NODE_3086_length_1318_cov_13.624282	695	775	0	80	80	1.0000000
NODE_3086_length_1318_cov_13.624282	771	851	0	64	80	0.8000000
NODE_3086_length_1318_cov_13.624282	771	851	4	16	80	0.2000000
NODE_3086_length_1318_cov_13.624282	824	904	0	11	80	0.1375000
NODE_3086_length_1318_cov_13.624282	824	904	4	69	80	0.8625000
NODE_3089_length_1317_cov_162.041872	66	143	22	14	77	0.1818182
NODE_3089_length_1317_cov_162.041872	66	143	24	6	77	0.0779221
NODE_3089_length_1317_cov_162.041872	66	143	26	16	77	0.2077922
NODE_3089_length_1317_cov_162.041872	66	143	28	38	77	0.4935065
NODE_3089_length_1317_cov_162.041872	66	143	45	1	77	0.0129870
NODE_3089_length_1317_cov_162.041872	66	143	71	1	77	0.0129870
NODE_3089_length_1317_cov_162.041872	66	143	83	1	77	0.0129870
NODE_3090_length_1317_cov_19.736453	675	755	0	80	80	1.0000000
NODE_3090_length_1317_cov_19.736453	728	808	0	80	80	1.0000000
NODE_3090_length_1317_cov_19.736453	804	884	0	80	80	1.0000000
NODE_3090_length_1317_cov_19.736453	857	937	0	80	80	1.0000000
NODE_3092_length_1317_cov_2.203612	779	859	2	80	80	1.0000000
NODE_3095_length_1316_cov_25.377157	557	637	2	80	80	1.0000000
NODE_3095_length_1316_cov_25.377157	610	690	0	32	80	0.4000000
NODE_3095_length_1316_cov_25.377157	610	690	2	48	80	0.6000000
NODE_3096_length_1316_cov_15.891537	446	526	0	39	80	0.4875000
NODE_3096_length_1316_cov_15.891537	446	526	7	1	80	0.0125000
NODE_3096_length_1316_cov_15.891537	446	526	8	16	80	0.2000000
NODE_3096_length_1316_cov_15.891537	446	526	10	24	80	0.3000000
NODE_3096_length_1316_cov_15.891537	499	579	8	3	80	0.0375000
NODE_3096_length_1316_cov_15.891537	499	579	10	77	80	0.9625000
NODE_3096_length_1316_cov_15.891537	575	655	0	8	80	0.1000000
NODE_3096_length_1316_cov_15.891537	575	655	2	64	80	0.8000000
NODE_3096_length_1316_cov_15.891537	575	655	9	2	80	0.0250000
NODE_3096_length_1316_cov_15.891537	575	655	10	6	80	0.0750000
NODE_3096_length_1316_cov_15.891537	628	708	0	61	80	0.7625000
NODE_3096_length_1316_cov_15.891537	628	708	2	19	80	0.2375000
NODE_3101_length_1315_cov_24.136513	592	672	0	80	80	1.0000000
NODE_3101_length_1315_cov_24.136513	645	725	0	80	80	1.0000000
NODE_3105_length_1314_cov_38.391770	647	727	0	80	80	1.0000000
NODE_3105_length_1314_cov_38.391770	700	780	0	78	80	0.9750000
NODE_3105_length_1314_cov_38.391770	700	780	2	2	80	0.0250000
NODE_3105_length_1314_cov_38.391770	776	856	0	2	80	0.0250000
NODE_3105_length_1314_cov_38.391770	776	856	2	78	80	0.9750000
NODE_3105_length_1314_cov_38.391770	829	909	0	37	80	0.4625000
NODE_3105_length_1314_cov_38.391770	829	909	2	43	80	0.5375000
NODE_3106_length_1314_cov_30.167078	736	816	4	80	80	1.0000000
NODE_3106_length_1314_cov_30.167078	789	869	0	12	80	0.1500000
NODE_3106_length_1314_cov_30.167078	789	869	1	8	80	0.1000000
NODE_3106_length_1314_cov_30.167078	789	869	2	1	80	0.0125000
NODE_3106_length_1314_cov_30.167078	789	869	4	59	80	0.7375000
NODE_3107_length_1314_cov_11.221399	523	603	0	80	80	1.0000000
NODE_3107_length_1314_cov_11.221399	576	656	0	80	80	1.0000000
NODE_3114_length_1313_cov_29.315486	463	543	2	50	80	0.6250000
NODE_3114_length_1313_cov_29.315486	463	543	4	18	80	0.2250000
NODE_3114_length_1313_cov_29.315486	463	543	8	5	80	0.0625000
NODE_3114_length_1313_cov_29.315486	463	543	9	1	80	0.0125000
NODE_3114_length_1313_cov_29.315486	463	543	10	6	80	0.0750000
NODE_3114_length_1313_cov_29.315486	516	596	4	15	80	0.1875000
NODE_3114_length_1313_cov_29.315486	516	596	8	58	80	0.7250000
NODE_3114_length_1313_cov_29.315486	516	596	9	1	80	0.0125000
NODE_3114_length_1313_cov_29.315486	516	596	10	6	80	0.0750000
NODE_3115_length_1313_cov_25.144975	709	789	10	7	80	0.0875000
NODE_3115_length_1313_cov_25.144975	709	789	12	20	80	0.2500000
NODE_3115_length_1313_cov_25.144975	709	789	14	53	80	0.6625000
NODE_3115_length_1313_cov_25.144975	762	842	0	31	80	0.3875000
NODE_3115_length_1313_cov_25.144975	762	842	1	9	80	0.1125000
NODE_3115_length_1313_cov_25.144975	762	842	2	4	80	0.0500000
NODE_3115_length_1313_cov_25.144975	762	842	10	16	80	0.2000000
NODE_3115_length_1313_cov_25.144975	762	842	12	20	80	0.2500000
NODE_3115_length_1313_cov_25.144975	838	918	0	80	80	1.0000000
NODE_3115_length_1313_cov_25.144975	891	971	0	80	80	1.0000000
NODE_3118_length_1312_cov_20.378401	138	218	2	2	80	0.0250000
NODE_3118_length_1312_cov_20.378401	138	218	4	8	80	0.1000000
NODE_3118_length_1312_cov_20.378401	138	218	10	47	80	0.5875000
NODE_3118_length_1312_cov_20.378401	138	218	15	1	80	0.0125000
NODE_3118_length_1312_cov_20.378401	138	218	16	13	80	0.1625000
NODE_3118_length_1312_cov_20.378401	138	218	20	5	80	0.0625000
NODE_3118_length_1312_cov_20.378401	138	218	22	4	80	0.0500000
NODE_3118_length_1312_cov_20.378401	191	271	10	4	80	0.0500000
NODE_3118_length_1312_cov_20.378401	191	271	14	39	80	0.4875000
NODE_3118_length_1312_cov_20.378401	191	271	15	1	80	0.0125000
NODE_3118_length_1312_cov_20.378401	191	271	16	13	80	0.1625000
NODE_3118_length_1312_cov_20.378401	191	271	20	19	80	0.2375000
NODE_3118_length_1312_cov_20.378401	191	271	22	4	80	0.0500000
NODE_3121_length_1311_cov_38.468647	584	664	2	53	80	0.6625000
NODE_3121_length_1311_cov_38.468647	584	664	7	1	80	0.0125000
NODE_3121_length_1311_cov_38.468647	584	664	8	26	80	0.3250000
NODE_3121_length_1311_cov_38.468647	637	717	6	33	80	0.4125000
NODE_3121_length_1311_cov_38.468647	637	717	7	1	80	0.0125000
NODE_3121_length_1311_cov_38.468647	637	717	8	46	80	0.5750000
NODE_3121_length_1311_cov_38.468647	713	793	0	64	80	0.8000000
NODE_3121_length_1311_cov_38.468647	713	793	5	1	80	0.0125000
NODE_3121_length_1311_cov_38.468647	713	793	6	15	80	0.1875000
NODE_3121_length_1311_cov_38.468647	766	846	0	80	80	1.0000000
NODE_3125_length_1310_cov_37.739884	679	759	0	74	80	0.9250000
NODE_3125_length_1310_cov_37.739884	679	759	4	6	80	0.0750000
NODE_3125_length_1310_cov_37.739884	683	763	0	70	80	0.8750000
NODE_3125_length_1310_cov_37.739884	683	763	4	10	80	0.1250000
NODE_3125_length_1310_cov_37.739884	732	816	0	21	84	0.2500000
NODE_3125_length_1310_cov_37.739884	732	816	4	63	84	0.7500000
NODE_3125_length_1310_cov_37.739884	736	816	0	17	80	0.2125000
NODE_3125_length_1310_cov_37.739884	736	816	4	63	80	0.7875000
NODE_3125_length_1310_cov_37.739884	812	892	0	61	80	0.7625000
NODE_3125_length_1310_cov_37.739884	812	892	4	19	80	0.2375000
NODE_3125_length_1310_cov_37.739884	865	945	0	80	80	1.0000000
NODE_3126_length_1310_cov_12.245252	615	695	0	9	80	0.1125000
NODE_3126_length_1310_cov_12.245252	615	695	2	71	80	0.8875000
NODE_3126_length_1310_cov_12.245252	668	748	0	48	80	0.6000000
NODE_3126_length_1310_cov_12.245252	668	748	2	32	80	0.4000000
NODE_3127_length_1310_cov_10.184971	422	502	0	9	80	0.1125000
NODE_3127_length_1310_cov_10.184971	422	502	4	40	80	0.5000000
NODE_3127_length_1310_cov_10.184971	422	502	6	17	80	0.2125000
NODE_3127_length_1310_cov_10.184971	422	502	8	14	80	0.1750000
NODE_3127_length_1310_cov_10.184971	475	555	6	13	80	0.1625000
NODE_3127_length_1310_cov_10.184971	475	555	8	67	80	0.8375000
NODE_3128_length_1310_cov_3.186623	876	956	0	80	80	1.0000000
NODE_3128_length_1310_cov_3.186623	929	1009	0	80	80	1.0000000
NODE_3131_length_1310_cov_0.757225	1255	1310	0	55	55	1.0000000
NODE_3132_length_1309_cov_34.942149	474	554	0	80	80	1.0000000
NODE_3132_length_1309_cov_34.942149	527	607	0	80	80	1.0000000
NODE_3132_length_1309_cov_34.942149	603	683	0	80	80	1.0000000
NODE_3132_length_1309_cov_34.942149	656	736	0	80	80	1.0000000
NODE_3133_length_1309_cov_10.571074	839	921	2	82	82	1.0000000
NODE_3133_length_1309_cov_10.571074	894	974	0	44	80	0.5500000
NODE_3133_length_1309_cov_10.571074	894	974	2	36	80	0.4500000
NODE_3135_length_1308_cov_43.461538	330	410	0	1	80	0.0125000
NODE_3135_length_1308_cov_43.461538	330	410	2	79	80	0.9875000
NODE_3135_length_1308_cov_43.461538	383	463	0	54	80	0.6750000
NODE_3135_length_1308_cov_43.461538	383	463	2	26	80	0.3250000
NODE_3145_length_1307_cov_11.290563	595	673	0	78	78	1.0000000
NODE_3145_length_1307_cov_11.290563	646	726	0	80	80	1.0000000
NODE_3146_length_1307_cov_8.653146	430	510	0	80	80	1.0000000
NODE_3146_length_1307_cov_8.653146	483	563	0	80	80	1.0000000
NODE_3153_length_1306_cov_26.813587	369	449	0	54	80	0.6750000
NODE_3153_length_1306_cov_26.813587	369	449	2	26	80	0.3250000
NODE_3153_length_1306_cov_26.813587	422	502	0	80	80	1.0000000
NODE_3153_length_1306_cov_26.813587	498	578	0	80	80	1.0000000
NODE_3153_length_1306_cov_26.813587	551	631	0	80	80	1.0000000
NODE_3154_length_1306_cov_24.904722	634	714	2	47	80	0.5875000
NODE_3154_length_1306_cov_24.904722	634	714	4	21	80	0.2625000
NODE_3154_length_1306_cov_24.904722	634	714	6	12	80	0.1500000
NODE_3154_length_1306_cov_24.904722	687	767	4	74	80	0.9250000
NODE_3154_length_1306_cov_24.904722	687	767	6	6	80	0.0750000
NODE_3155_length_1306_cov_18.274234	388	468	8	55	80	0.6875000
NODE_3155_length_1306_cov_18.274234	388	468	14	1	80	0.0125000
NODE_3155_length_1306_cov_18.274234	388	468	15	8	80	0.1000000
NODE_3155_length_1306_cov_18.274234	388	468	17	3	80	0.0375000
NODE_3155_length_1306_cov_18.274234	388	468	24	11	80	0.1375000
NODE_3155_length_1306_cov_18.274234	388	468	28	2	80	0.0250000
NODE_3155_length_1306_cov_18.274234	441	521	8	2	80	0.0250000
NODE_3155_length_1306_cov_18.274234	441	521	14	1	80	0.0125000
NODE_3155_length_1306_cov_18.274234	441	521	15	8	80	0.1000000
NODE_3155_length_1306_cov_18.274234	441	521	17	3	80	0.0375000
NODE_3155_length_1306_cov_18.274234	441	521	24	16	80	0.2000000
NODE_3155_length_1306_cov_18.274234	441	521	26	1	80	0.0125000
NODE_3155_length_1306_cov_18.274234	441	521	27	10	80	0.1250000
NODE_3155_length_1306_cov_18.274234	441	521	28	39	80	0.4875000
NODE_3156_length_1306_cov_15.176471	1214	1294	4	80	80	1.0000000
NODE_3157_length_1306_cov_12.699254	458	538	0	25	80	0.3125000
NODE_3157_length_1306_cov_12.699254	458	538	3	21	80	0.2625000
NODE_3157_length_1306_cov_12.699254	458	538	6	34	80	0.4250000
NODE_3157_length_1306_cov_12.699254	511	591	6	80	80	1.0000000
NODE_3158_length_1306_cov_9.958575	630	710	0	80	80	1.0000000
NODE_3158_length_1306_cov_9.958575	683	764	0	81	81	1.0000000
NODE_3159_length_1306_cov_2.739851	1206	1246	0	40	40	1.0000000
NODE_3168_length_1304_cov_28.444813	511	591	2	31	80	0.3875000
NODE_3168_length_1304_cov_28.444813	511	591	6	18	80	0.2250000
NODE_3168_length_1304_cov_28.444813	511	591	8	4	80	0.0500000
NODE_3168_length_1304_cov_28.444813	511	591	10	27	80	0.3375000
NODE_3168_length_1304_cov_28.444813	564	644	8	50	80	0.6250000
NODE_3168_length_1304_cov_28.444813	564	644	10	30	80	0.3750000
NODE_3168_length_1304_cov_28.444813	640	720	0	5	80	0.0625000
NODE_3168_length_1304_cov_28.444813	640	720	2	5	80	0.0625000
NODE_3168_length_1304_cov_28.444813	640	720	4	50	80	0.6250000
NODE_3168_length_1304_cov_28.444813	640	720	8	20	80	0.2500000
NODE_3168_length_1304_cov_28.444813	693	773	0	5	80	0.0625000
NODE_3168_length_1304_cov_28.444813	693	773	2	58	80	0.7250000
NODE_3168_length_1304_cov_28.444813	693	773	4	17	80	0.2125000
NODE_3169_length_1304_cov_27.137759	575	655	1	80	80	1.0000000
NODE_3169_length_1304_cov_27.137759	628	708	1	39	80	0.4875000
NODE_3169_length_1304_cov_27.137759	628	708	2	41	80	0.5125000
NODE_3169_length_1304_cov_27.137759	704	784	1	3	80	0.0375000
NODE_3169_length_1304_cov_27.137759	704	784	2	9	80	0.1125000
NODE_3169_length_1304_cov_27.137759	704	784	7	17	80	0.2125000
NODE_3169_length_1304_cov_27.137759	704	784	9	51	80	0.6375000
NODE_3169_length_1304_cov_27.137759	757	837	8	20	80	0.2500000
NODE_3169_length_1304_cov_27.137759	757	837	9	60	80	0.7500000
NODE_3171_length_1303_cov_36.546512	458	538	0	22	80	0.2750000
NODE_3171_length_1303_cov_36.546512	458	538	2	22	80	0.2750000
NODE_3171_length_1303_cov_36.546512	458	538	6	36	80	0.4500000
NODE_3171_length_1303_cov_36.546512	511	591	6	62	80	0.7750000
NODE_3171_length_1303_cov_36.546512	511	591	7	13	80	0.1625000
NODE_3171_length_1303_cov_36.546512	511	591	8	4	80	0.0500000
NODE_3171_length_1303_cov_36.546512	511	591	9	1	80	0.0125000
NODE_3171_length_1303_cov_36.546512	587	667	4	63	80	0.7875000
NODE_3171_length_1303_cov_36.546512	587	667	7	9	80	0.1125000
NODE_3171_length_1303_cov_36.546512	587	667	8	8	80	0.1000000
NODE_3171_length_1303_cov_36.546512	640	720	2	45	80	0.5625000
NODE_3171_length_1303_cov_36.546512	640	720	4	35	80	0.4375000
NODE_3174_length_1302_cov_22.265170	747	827	6	45	80	0.5625000
NODE_3174_length_1302_cov_22.265170	747	827	8	35	80	0.4375000
NODE_3174_length_1302_cov_22.265170	800	880	0	27	80	0.3375000
NODE_3174_length_1302_cov_22.265170	800	880	2	18	80	0.2250000
NODE_3174_length_1302_cov_22.265170	800	880	3	1	80	0.0125000
NODE_3174_length_1302_cov_22.265170	800	880	4	7	80	0.0875000
NODE_3174_length_1302_cov_22.265170	800	880	6	3	80	0.0375000
NODE_3174_length_1302_cov_22.265170	800	880	8	24	80	0.3000000
NODE_3175_length_1302_cov_16.199501	480	560	2	2	80	0.0250000
NODE_3175_length_1302_cov_16.199501	480	560	4	26	80	0.3250000
NODE_3175_length_1302_cov_16.199501	480	560	6	52	80	0.6500000
NODE_3175_length_1302_cov_16.199501	533	613	2	55	80	0.6875000
NODE_3175_length_1302_cov_16.199501	533	613	4	12	80	0.1500000
NODE_3175_length_1302_cov_16.199501	533	613	6	13	80	0.1625000
NODE_3176_length_1302_cov_6.953450	687	767	0	80	80	1.0000000
NODE_3176_length_1302_cov_6.953450	740	820	0	80	80	1.0000000
NODE_3179_length_1301_cov_31.711314	401	481	2	80	80	1.0000000
NODE_3179_length_1301_cov_31.711314	454	534	0	6	80	0.0750000
NODE_3179_length_1301_cov_31.711314	454	534	2	74	80	0.9250000
NODE_3181_length_1301_cov_5.529950	246	326	0	80	80	1.0000000
NODE_3181_length_1301_cov_5.529950	299	379	0	80	80	1.0000000
NODE_3186_length_1300_cov_39.109908	602	682	2	14	80	0.1750000
NODE_3186_length_1300_cov_39.109908	602	682	18	16	80	0.2000000
NODE_3186_length_1300_cov_39.109908	602	682	20	5	80	0.0625000
NODE_3186_length_1300_cov_39.109908	602	682	22	45	80	0.5625000
NODE_3186_length_1300_cov_39.109908	655	735	18	20	80	0.2500000
NODE_3186_length_1300_cov_39.109908	655	735	22	60	80	0.7500000
NODE_3187_length_1300_cov_34.360533	586	666	0	7	80	0.0875000
NODE_3187_length_1300_cov_34.360533	586	666	4	10	80	0.1250000
NODE_3187_length_1300_cov_34.360533	586	666	6	63	80	0.7875000
NODE_3187_length_1300_cov_34.360533	639	719	4	14	80	0.1750000
NODE_3187_length_1300_cov_34.360533	639	719	6	27	80	0.3375000
NODE_3187_length_1300_cov_34.360533	639	719	7	25	80	0.3125000
NODE_3187_length_1300_cov_34.360533	639	719	8	14	80	0.1750000
NODE_3188_length_1300_cov_4.659450	454	535	4	9	81	0.1111111
NODE_3188_length_1300_cov_4.659450	454	535	6	72	81	0.8888889
NODE_3188_length_1300_cov_4.659450	508	588	2	2	80	0.0250000
NODE_3188_length_1300_cov_4.659450	508	588	6	78	80	0.9750000
NODE_3189_length_1299_cov_29.071667	452	532	2	59	80	0.7375000
NODE_3189_length_1299_cov_29.071667	452	532	3	21	80	0.2625000
NODE_3190_length_1299_cov_23.600833	818	898	11	4	80	0.0500000
NODE_3190_length_1299_cov_23.600833	818	898	13	5	80	0.0625000
NODE_3190_length_1299_cov_23.600833	818	898	19	53	80	0.6625000
NODE_3190_length_1299_cov_23.600833	818	898	20	18	80	0.2250000
NODE_3190_length_1299_cov_23.600833	871	951	0	3	80	0.0375000
NODE_3190_length_1299_cov_23.600833	871	951	2	26	80	0.3250000
NODE_3190_length_1299_cov_23.600833	871	951	8	4	80	0.0500000
NODE_3190_length_1299_cov_23.600833	871	951	12	12	80	0.1500000
NODE_3190_length_1299_cov_23.600833	871	951	19	9	80	0.1125000
NODE_3190_length_1299_cov_23.600833	871	951	20	26	80	0.3250000
NODE_3191_length_1299_cov_23.169167	625	705	0	80	80	1.0000000
NODE_3191_length_1299_cov_23.169167	678	758	0	80	80	1.0000000
NODE_3191_length_1299_cov_23.169167	754	834	0	17	80	0.2125000
NODE_3191_length_1299_cov_23.169167	754	834	2	63	80	0.7875000
NODE_3191_length_1299_cov_23.169167	807	887	0	12	80	0.1500000
NODE_3191_length_1299_cov_23.169167	807	887	2	68	80	0.8500000
NODE_3192_length_1299_cov_19.315000	306	386	0	80	80	1.0000000
NODE_3192_length_1299_cov_19.315000	359	439	0	80	80	1.0000000
NODE_3192_length_1299_cov_19.315000	435	515	0	31	80	0.3875000
NODE_3192_length_1299_cov_19.315000	435	515	2	19	80	0.2375000
NODE_3192_length_1299_cov_19.315000	435	515	4	30	80	0.3750000
NODE_3192_length_1299_cov_19.315000	488	568	4	80	80	1.0000000
NODE_3193_length_1299_cov_13.691667	540	620	0	80	80	1.0000000
NODE_3193_length_1299_cov_13.691667	593	673	0	80	80	1.0000000
NODE_3195_length_1298_cov_58.277731	679	759	4	23	80	0.2875000
NODE_3195_length_1298_cov_58.277731	679	759	12	57	80	0.7125000
NODE_3195_length_1298_cov_58.277731	732	812	7	20	80	0.2500000
NODE_3195_length_1298_cov_58.277731	732	812	11	12	80	0.1500000
NODE_3195_length_1298_cov_58.277731	732	812	12	48	80	0.6000000
NODE_3195_length_1298_cov_58.277731	808	888	0	23	80	0.2875000
NODE_3195_length_1298_cov_58.277731	808	888	4	46	80	0.5750000
NODE_3195_length_1298_cov_58.277731	808	888	7	11	80	0.1375000
NODE_3195_length_1298_cov_58.277731	861	941	4	28	80	0.3500000
NODE_3195_length_1298_cov_58.277731	861	941	8	52	80	0.6500000
NODE_3196_length_1298_cov_31.319433	375	455	6	16	80	0.2000000
NODE_3196_length_1298_cov_31.319433	375	455	8	64	80	0.8000000
NODE_3196_length_1298_cov_31.319433	428	508	0	30	80	0.3750000
NODE_3196_length_1298_cov_31.319433	428	508	2	18	80	0.2250000
NODE_3196_length_1298_cov_31.319433	428	508	8	32	80	0.4000000
NODE_3196_length_1298_cov_31.319433	504	584	0	6	80	0.0750000
NODE_3196_length_1298_cov_31.319433	504	584	2	7	80	0.0875000
NODE_3196_length_1298_cov_31.319433	504	584	3	1	80	0.0125000
NODE_3196_length_1298_cov_31.319433	504	584	4	66	80	0.8250000
NODE_3196_length_1298_cov_31.319433	557	637	4	44	80	0.5500000
NODE_3196_length_1298_cov_31.319433	557	637	6	36	80	0.4500000
NODE_3197_length_1298_cov_2.158465	294	360	0	66	66	1.0000000
NODE_3201_length_1296_cov_34.778613	620	700	6	7	80	0.0875000
NODE_3201_length_1296_cov_34.778613	620	700	8	20	80	0.2500000
NODE_3201_length_1296_cov_34.778613	620	700	10	1	80	0.0125000
NODE_3201_length_1296_cov_34.778613	620	700	12	52	80	0.6500000
NODE_3201_length_1296_cov_34.778613	673	753	5	7	80	0.0875000
NODE_3201_length_1296_cov_34.778613	673	753	7	3	80	0.0375000
NODE_3201_length_1296_cov_34.778613	673	753	10	30	80	0.3750000
NODE_3201_length_1296_cov_34.778613	673	753	12	40	80	0.5000000
NODE_3202_length_1296_cov_28.726817	671	751	0	4	80	0.0500000
NODE_3202_length_1296_cov_28.726817	671	751	14	42	80	0.5250000
NODE_3202_length_1296_cov_28.726817	671	751	23	1	80	0.0125000
NODE_3202_length_1296_cov_28.726817	671	751	24	1	80	0.0125000
NODE_3202_length_1296_cov_28.726817	671	751	25	1	80	0.0125000
NODE_3202_length_1296_cov_28.726817	671	751	28	31	80	0.3875000
NODE_3202_length_1296_cov_28.726817	724	804	0	23	80	0.2875000
NODE_3202_length_1296_cov_28.726817	724	804	1	34	80	0.4250000
NODE_3202_length_1296_cov_28.726817	724	804	14	23	80	0.2875000
NODE_3202_length_1296_cov_28.726817	800	880	1	7	80	0.0875000
NODE_3202_length_1296_cov_28.726817	800	880	2	73	80	0.9125000
NODE_3202_length_1296_cov_28.726817	853	933	1	13	80	0.1625000
NODE_3202_length_1296_cov_28.726817	853	933	2	67	80	0.8375000
NODE_3205_length_1295_cov_10.661371	818	898	2	80	80	1.0000000
NODE_3205_length_1295_cov_10.661371	871	951	0	36	80	0.4500000
NODE_3205_length_1295_cov_10.661371	871	951	2	44	80	0.5500000
NODE_3211_length_1294_cov_15.098745	353	433	0	38	80	0.4750000
NODE_3211_length_1294_cov_15.098745	353	433	2	5	80	0.0625000
NODE_3211_length_1294_cov_15.098745	353	433	4	37	80	0.4625000
NODE_3211_length_1294_cov_15.098745	406	486	4	80	80	1.0000000
NODE_3216_length_1293_cov_26.580402	595	675	0	80	80	1.0000000
NODE_3216_length_1293_cov_26.580402	648	728	0	80	80	1.0000000
NODE_3216_length_1293_cov_26.580402	724	804	0	80	80	1.0000000
NODE_3216_length_1293_cov_26.580402	777	857	0	80	80	1.0000000
NODE_3217_length_1293_cov_9.252094	1187	1207	0	20	20	1.0000000
NODE_3220_length_1293_cov_2.118090	1131	1195	0	28	64	0.4375000
NODE_3220_length_1293_cov_2.118090	1131	1195	2	36	64	0.5625000
NODE_3220_length_1293_cov_2.118090	1184	1248	2	64	64	1.0000000
NODE_3224_length_1292_cov_50.158424	402	482	8	44	80	0.5500000
NODE_3224_length_1292_cov_50.158424	402	482	10	36	80	0.4500000
NODE_3224_length_1292_cov_50.158424	455	535	0	8	80	0.1000000
NODE_3224_length_1292_cov_50.158424	455	535	8	72	80	0.9000000
NODE_3224_length_1292_cov_50.158424	531	611	0	39	80	0.4875000
NODE_3224_length_1292_cov_50.158424	531	611	2	2	80	0.0250000
NODE_3224_length_1292_cov_50.158424	531	611	4	19	80	0.2375000
NODE_3224_length_1292_cov_50.158424	531	611	6	5	80	0.0625000
NODE_3224_length_1292_cov_50.158424	531	611	7	1	80	0.0125000
NODE_3224_length_1292_cov_50.158424	531	611	8	14	80	0.1750000
NODE_3224_length_1292_cov_50.158424	584	664	4	7	80	0.0875000
NODE_3224_length_1292_cov_50.158424	584	664	6	15	80	0.1875000
NODE_3224_length_1292_cov_50.158424	584	664	7	1	80	0.0125000
NODE_3224_length_1292_cov_50.158424	584	664	8	57	80	0.7125000
NODE_3225_length_1292_cov_36.535624	670	750	2	7	80	0.0875000
NODE_3225_length_1292_cov_36.535624	670	750	4	41	80	0.5125000
NODE_3225_length_1292_cov_36.535624	670	750	6	26	80	0.3250000
NODE_3225_length_1292_cov_36.535624	670	750	12	6	80	0.0750000
NODE_3225_length_1292_cov_36.535624	723	803	6	26	80	0.3250000
NODE_3225_length_1292_cov_36.535624	723	803	8	5	80	0.0625000
NODE_3225_length_1292_cov_36.535624	723	803	10	19	80	0.2375000
NODE_3225_length_1292_cov_36.535624	723	803	12	30	80	0.3750000
NODE_3226_length_1292_cov_24.523889	420	500	10	80	80	1.0000000
NODE_3226_length_1292_cov_24.523889	473	553	0	17	80	0.2125000
NODE_3226_length_1292_cov_24.523889	473	553	4	25	80	0.3125000
NODE_3226_length_1292_cov_24.523889	473	553	8	5	80	0.0625000
NODE_3226_length_1292_cov_24.523889	473	553	10	33	80	0.4125000
NODE_3232_length_1291_cov_8.734060	623	703	2	37	80	0.4625000
NODE_3232_length_1291_cov_8.734060	623	703	4	43	80	0.5375000
NODE_3232_length_1291_cov_8.734060	676	756	2	15	80	0.1875000
NODE_3232_length_1291_cov_8.734060	676	756	4	65	80	0.8125000
NODE_3233_length_1291_cov_8.625839	756	836	0	80	80	1.0000000
NODE_3233_length_1291_cov_8.625839	809	889	0	80	80	1.0000000
NODE_3236_length_1290_cov_24.120067	497	577	2	80	80	1.0000000
NODE_3236_length_1290_cov_24.120067	550	630	1	13	80	0.1625000
NODE_3236_length_1290_cov_24.120067	550	630	2	67	80	0.8375000
NODE_3236_length_1290_cov_24.120067	626	706	0	76	80	0.9500000
NODE_3236_length_1290_cov_24.120067	626	706	1	4	80	0.0500000
NODE_3236_length_1290_cov_24.120067	679	759	0	80	80	1.0000000
NODE_3237_length_1290_cov_18.874895	671	751	2	67	80	0.8375000
NODE_3237_length_1290_cov_18.874895	671	751	4	13	80	0.1625000
NODE_3237_length_1290_cov_18.874895	724	804	0	23	80	0.2875000
NODE_3237_length_1290_cov_18.874895	724	804	2	57	80	0.7125000
NODE_3238_length_1290_cov_11.627204	573	653	4	80	80	1.0000000
NODE_3238_length_1290_cov_11.627204	626	706	0	6	80	0.0750000
NODE_3238_length_1290_cov_11.627204	626	706	2	9	80	0.1125000
NODE_3238_length_1290_cov_11.627204	626	706	4	65	80	0.8125000
NODE_3239_length_1290_cov_11.215785	373	453	0	80	80	1.0000000
NODE_3239_length_1290_cov_11.215785	426	506	0	80	80	1.0000000
NODE_3240_length_1290_cov_8.752309	788	868	0	52	80	0.6500000
NODE_3240_length_1290_cov_8.752309	788	868	2	28	80	0.3500000
NODE_3240_length_1290_cov_8.752309	841	921	2	80	80	1.0000000
NODE_3242_length_1289_cov_47.476471	919	999	2	32	80	0.4000000
NODE_3242_length_1289_cov_47.476471	919	999	4	48	80	0.6000000
NODE_3242_length_1289_cov_47.476471	972	1052	0	23	80	0.2875000
NODE_3242_length_1289_cov_47.476471	972	1052	2	55	80	0.6875000
NODE_3242_length_1289_cov_47.476471	972	1052	4	2	80	0.0250000
NODE_3243_length_1289_cov_18.497479	688	768	10	8	80	0.1000000
NODE_3243_length_1289_cov_18.497479	688	768	12	72	80	0.9000000
NODE_3243_length_1289_cov_18.497479	741	821	4	34	80	0.4250000
NODE_3243_length_1289_cov_18.497479	741	821	12	29	80	0.3625000
NODE_3243_length_1289_cov_18.497479	741	821	14	17	80	0.2125000
NODE_3243_length_1289_cov_18.497479	817	893	0	11	76	0.1447368
NODE_3243_length_1289_cov_18.497479	817	893	2	13	76	0.1710526
NODE_3243_length_1289_cov_18.497479	817	893	4	52	76	0.6842105
NODE_3243_length_1289_cov_18.497479	878	958	0	76	80	0.9500000
NODE_3243_length_1289_cov_18.497479	878	958	2	4	80	0.0500000
NODE_3244_length_1289_cov_11.692437	574	654	0	80	80	1.0000000
NODE_3244_length_1289_cov_11.692437	627	707	0	80	80	1.0000000
NODE_3244_length_1289_cov_11.692437	703	783	0	80	80	1.0000000
NODE_3244_length_1289_cov_11.692437	756	836	0	80	80	1.0000000
NODE_3249_length_1288_cov_29.369218	711	791	2	6	80	0.0750000
NODE_3249_length_1288_cov_29.369218	711	791	4	74	80	0.9250000
NODE_3249_length_1288_cov_29.369218	764	844	0	4	80	0.0500000
NODE_3249_length_1288_cov_29.369218	764	844	2	9	80	0.1125000
NODE_3249_length_1288_cov_29.369218	764	844	4	67	80	0.8375000
NODE_3250_length_1288_cov_6.207738	735	815	2	11	80	0.1375000
NODE_3250_length_1288_cov_6.207738	735	815	4	69	80	0.8625000
NODE_3250_length_1288_cov_6.207738	788	868	0	16	80	0.2000000
NODE_3250_length_1288_cov_6.207738	788	868	2	9	80	0.1125000
NODE_3250_length_1288_cov_6.207738	788	868	4	55	80	0.6875000
NODE_3255_length_1288_cov_1.731707	1017	1095	2	78	78	1.0000000
NODE_3261_length_1287_cov_29.186027	730	810	6	25	80	0.3125000
NODE_3261_length_1287_cov_29.186027	730	810	8	55	80	0.6875000
NODE_3261_length_1287_cov_29.186027	783	863	0	35	80	0.4375000
NODE_3261_length_1287_cov_29.186027	783	863	4	16	80	0.2000000
NODE_3261_length_1287_cov_29.186027	783	863	6	27	80	0.3375000
NODE_3261_length_1287_cov_29.186027	783	863	8	2	80	0.0250000
NODE_3262_length_1287_cov_22.747475	168	248	0	74	80	0.9250000
NODE_3262_length_1287_cov_22.747475	168	248	2	6	80	0.0750000
NODE_3262_length_1287_cov_22.747475	221	301	0	21	80	0.2625000
NODE_3262_length_1287_cov_22.747475	221	301	2	59	80	0.7375000
NODE_3263_length_1287_cov_19.478956	575	655	0	10	80	0.1250000
NODE_3263_length_1287_cov_19.478956	575	655	12	70	80	0.8750000
NODE_3263_length_1287_cov_19.478956	628	708	12	80	80	1.0000000
NODE_3266_length_1286_cov_27.128054	428	508	0	2	80	0.0250000
NODE_3266_length_1286_cov_27.128054	428	508	1	33	80	0.4125000
NODE_3266_length_1286_cov_27.128054	428	508	3	28	80	0.3500000
NODE_3266_length_1286_cov_27.128054	428	508	4	17	80	0.2125000
NODE_3266_length_1286_cov_27.128054	481	561	3	10	80	0.1250000
NODE_3266_length_1286_cov_27.128054	481	561	4	36	80	0.4500000
NODE_3266_length_1286_cov_27.128054	481	561	6	34	80	0.4250000
NODE_3266_length_1286_cov_27.128054	557	637	3	56	80	0.7000000
NODE_3266_length_1286_cov_27.128054	557	637	5	1	80	0.0125000
NODE_3266_length_1286_cov_27.128054	557	637	6	23	80	0.2875000
NODE_3266_length_1286_cov_27.128054	610	690	0	47	80	0.5875000
NODE_3266_length_1286_cov_27.128054	610	690	2	2	80	0.0250000
NODE_3266_length_1286_cov_27.128054	610	690	3	31	80	0.3875000
NODE_3267_length_1286_cov_12.192081	647	727	2	70	80	0.8750000
NODE_3267_length_1286_cov_12.192081	647	727	4	10	80	0.1250000
NODE_3267_length_1286_cov_12.192081	700	780	2	52	80	0.6500000
NODE_3267_length_1286_cov_12.192081	700	780	4	10	80	0.1250000
NODE_3267_length_1286_cov_12.192081	700	780	6	18	80	0.2250000
NODE_3267_length_1286_cov_12.192081	776	856	2	2	80	0.0250000
NODE_3267_length_1286_cov_12.192081	776	856	4	14	80	0.1750000
NODE_3267_length_1286_cov_12.192081	776	856	6	64	80	0.8000000
NODE_3267_length_1286_cov_12.192081	829	909	0	53	80	0.6625000
NODE_3267_length_1286_cov_12.192081	829	909	2	2	80	0.0250000
NODE_3267_length_1286_cov_12.192081	829	909	4	14	80	0.1750000
NODE_3267_length_1286_cov_12.192081	829	909	6	11	80	0.1375000
NODE_3268_length_1286_cov_8.338669	577	657	0	80	80	1.0000000
NODE_3268_length_1286_cov_8.338669	630	710	0	80	80	1.0000000
NODE_3273_length_1285_cov_40.282462	751	831	0	13	80	0.1625000
NODE_3273_length_1285_cov_40.282462	751	831	4	67	80	0.8375000
NODE_3273_length_1285_cov_40.282462	804	884	0	22	80	0.2750000
NODE_3273_length_1285_cov_40.282462	804	884	4	58	80	0.7250000
NODE_3274_length_1285_cov_15.422428	647	727	0	4	80	0.0500000
NODE_3274_length_1285_cov_15.422428	647	727	16	70	80	0.8750000
NODE_3274_length_1285_cov_15.422428	647	727	18	6	80	0.0750000
NODE_3274_length_1285_cov_15.422428	700	780	16	21	80	0.2625000
NODE_3274_length_1285_cov_15.422428	700	780	18	59	80	0.7375000
NODE_3275_length_1285_cov_6.620573	589	669	0	80	80	1.0000000
NODE_3275_length_1285_cov_6.620573	642	722	0	80	80	1.0000000
NODE_3279_length_1284_cov_5.637975	294	374	0	80	80	1.0000000
NODE_3279_length_1284_cov_5.637975	347	427	0	80	80	1.0000000
NODE_3283_length_1283_cov_10.070101	408	488	4	6	80	0.0750000
NODE_3283_length_1283_cov_10.070101	408	488	6	2	80	0.0250000
NODE_3283_length_1283_cov_10.070101	408	488	8	47	80	0.5875000
NODE_3283_length_1283_cov_10.070101	408	488	12	25	80	0.3125000
NODE_3283_length_1283_cov_10.070101	461	541	4	59	80	0.7375000
NODE_3283_length_1283_cov_10.070101	461	541	6	2	80	0.0250000
NODE_3283_length_1283_cov_10.070101	461	541	12	19	80	0.2375000
NODE_3288_length_1282_cov_37.786137	649	729	0	59	80	0.7375000
NODE_3288_length_1282_cov_37.786137	649	729	6	21	80	0.2625000
NODE_3288_length_1282_cov_37.786137	702	782	0	22	80	0.2750000
NODE_3288_length_1282_cov_37.786137	702	782	6	58	80	0.7250000
NODE_3288_length_1282_cov_37.786137	778	858	0	29	80	0.3625000
NODE_3288_length_1282_cov_37.786137	778	858	2	14	80	0.1750000
NODE_3288_length_1282_cov_37.786137	778	858	4	37	80	0.4625000
NODE_3288_length_1282_cov_37.786137	831	911	2	6	80	0.0750000
NODE_3288_length_1282_cov_37.786137	831	911	4	74	80	0.9250000
NODE_3289_length_1282_cov_25.900254	85	167	12	1	82	0.0121951
NODE_3289_length_1282_cov_25.900254	85	167	14	1	82	0.0121951
NODE_3289_length_1282_cov_25.900254	85	167	16	4	82	0.0487805
NODE_3289_length_1282_cov_25.900254	85	167	18	46	82	0.5609756
NODE_3289_length_1282_cov_25.900254	85	167	20	30	82	0.3658537
NODE_3289_length_1282_cov_25.900254	140	183	8	2	43	0.0465116
NODE_3289_length_1282_cov_25.900254	140	183	12	15	43	0.3488372
NODE_3289_length_1282_cov_25.900254	140	183	14	1	43	0.0232558
NODE_3289_length_1282_cov_25.900254	140	183	16	1	43	0.0232558
NODE_3289_length_1282_cov_25.900254	140	183	18	19	43	0.4418605
NODE_3289_length_1282_cov_25.900254	140	183	20	5	43	0.1162791
NODE_3289_length_1282_cov_25.900254	1006	1086	64	9	80	0.1125000
NODE_3289_length_1282_cov_25.900254	1006	1086	66	15	80	0.1875000
NODE_3289_length_1282_cov_25.900254	1006	1086	67	5	80	0.0625000
NODE_3289_length_1282_cov_25.900254	1006	1086	73	1	80	0.0125000
NODE_3289_length_1282_cov_25.900254	1006	1086	75	1	80	0.0125000
NODE_3289_length_1282_cov_25.900254	1006	1086	76	6	80	0.0750000
NODE_3289_length_1282_cov_25.900254	1006	1086	77	2	80	0.0250000
NODE_3289_length_1282_cov_25.900254	1006	1086	78	2	80	0.0250000
NODE_3289_length_1282_cov_25.900254	1006	1086	79	1	80	0.0125000
NODE_3289_length_1282_cov_25.900254	1006	1086	81	2	80	0.0250000
NODE_3289_length_1282_cov_25.900254	1006	1086	82	6	80	0.0750000
NODE_3289_length_1282_cov_25.900254	1006	1086	83	3	80	0.0375000
NODE_3289_length_1282_cov_25.900254	1006	1086	84	3	80	0.0375000
NODE_3289_length_1282_cov_25.900254	1006	1086	85	6	80	0.0750000
NODE_3289_length_1282_cov_25.900254	1006	1086	86	9	80	0.1125000
NODE_3289_length_1282_cov_25.900254	1006	1086	87	3	80	0.0375000
NODE_3289_length_1282_cov_25.900254	1006	1086	88	3	80	0.0375000
NODE_3289_length_1282_cov_25.900254	1006	1086	94	3	80	0.0375000
NODE_3289_length_1282_cov_25.900254	1006	1086	64	9	80	0.1125000
NODE_3289_length_1282_cov_25.900254	1006	1086	66	15	80	0.1875000
NODE_3289_length_1282_cov_25.900254	1006	1086	67	5	80	0.0625000
NODE_3289_length_1282_cov_25.900254	1006	1086	73	1	80	0.0125000
NODE_3289_length_1282_cov_25.900254	1006	1086	75	1	80	0.0125000
NODE_3289_length_1282_cov_25.900254	1006	1086	76	6	80	0.0750000
NODE_3289_length_1282_cov_25.900254	1006	1086	77	2	80	0.0250000
NODE_3289_length_1282_cov_25.900254	1006	1086	78	2	80	0.0250000
NODE_3289_length_1282_cov_25.900254	1006	1086	79	1	80	0.0125000
NODE_3289_length_1282_cov_25.900254	1006	1086	81	2	80	0.0250000
NODE_3289_length_1282_cov_25.900254	1006	1086	82	6	80	0.0750000
NODE_3289_length_1282_cov_25.900254	1006	1086	83	3	80	0.0375000
NODE_3289_length_1282_cov_25.900254	1006	1086	84	3	80	0.0375000
NODE_3289_length_1282_cov_25.900254	1006	1086	85	6	80	0.0750000
NODE_3289_length_1282_cov_25.900254	1006	1086	86	9	80	0.1125000
NODE_3289_length_1282_cov_25.900254	1006	1086	87	3	80	0.0375000
NODE_3289_length_1282_cov_25.900254	1006	1086	88	3	80	0.0375000
NODE_3289_length_1282_cov_25.900254	1006	1086	94	3	80	0.0375000
NODE_3289_length_1282_cov_25.900254	1015	1086	66	15	71	0.2112676
NODE_3289_length_1282_cov_25.900254	1015	1086	67	5	71	0.0704225
NODE_3289_length_1282_cov_25.900254	1015	1086	73	1	71	0.0140845
NODE_3289_length_1282_cov_25.900254	1015	1086	75	1	71	0.0140845
NODE_3289_length_1282_cov_25.900254	1015	1086	76	6	71	0.0845070
NODE_3289_length_1282_cov_25.900254	1015	1086	77	2	71	0.0281690
NODE_3289_length_1282_cov_25.900254	1015	1086	78	2	71	0.0281690
NODE_3289_length_1282_cov_25.900254	1015	1086	79	1	71	0.0140845
NODE_3289_length_1282_cov_25.900254	1015	1086	81	2	71	0.0281690
NODE_3289_length_1282_cov_25.900254	1015	1086	82	6	71	0.0845070
NODE_3289_length_1282_cov_25.900254	1015	1086	83	3	71	0.0422535
NODE_3289_length_1282_cov_25.900254	1015	1086	84	3	71	0.0422535
NODE_3289_length_1282_cov_25.900254	1015	1086	85	6	71	0.0845070
NODE_3289_length_1282_cov_25.900254	1015	1086	86	9	71	0.1267606
NODE_3289_length_1282_cov_25.900254	1015	1086	87	3	71	0.0422535
NODE_3289_length_1282_cov_25.900254	1015	1086	88	3	71	0.0422535
NODE_3289_length_1282_cov_25.900254	1015	1086	94	3	71	0.0422535
NODE_3290_length_1282_cov_14.600169	429	477	0	48	48	1.0000000
NODE_3290_length_1282_cov_14.600169	708	788	0	80	80	1.0000000
NODE_3291_length_1282_cov_8.017751	343	420	16	4	77	0.0519481
NODE_3291_length_1282_cov_8.017751	343	420	18	29	77	0.3766234
NODE_3291_length_1282_cov_8.017751	343	420	19	13	77	0.1688312
NODE_3291_length_1282_cov_8.017751	343	420	20	13	77	0.1688312
NODE_3291_length_1282_cov_8.017751	343	420	21	4	77	0.0519481
NODE_3291_length_1282_cov_8.017751	343	420	22	14	77	0.1818182
NODE_3292_length_1282_cov_5.092984	239	319	0	80	80	1.0000000
NODE_3292_length_1282_cov_5.092984	292	372	0	80	80	1.0000000
NODE_3295_length_1281_cov_31.342640	470	550	2	25	80	0.3125000
NODE_3295_length_1281_cov_31.342640	470	550	4	55	80	0.6875000
NODE_3295_length_1281_cov_31.342640	523	603	2	10	80	0.1250000
NODE_3295_length_1281_cov_31.342640	523	603	4	70	80	0.8750000
NODE_3295_length_1281_cov_31.342640	599	679	0	47	80	0.5875000
NODE_3295_length_1281_cov_31.342640	599	679	2	33	80	0.4125000
NODE_3295_length_1281_cov_31.342640	652	732	0	30	80	0.3750000
NODE_3295_length_1281_cov_31.342640	652	732	5	1	80	0.0125000
NODE_3295_length_1281_cov_31.342640	652	732	6	49	80	0.6125000
NODE_3296_length_1281_cov_25.482234	474	554	9	6	80	0.0750000
NODE_3296_length_1281_cov_25.482234	474	554	10	25	80	0.3125000
NODE_3296_length_1281_cov_25.482234	474	554	12	44	80	0.5500000
NODE_3296_length_1281_cov_25.482234	474	554	14	5	80	0.0625000
NODE_3296_length_1281_cov_25.482234	527	607	0	2	80	0.0250000
NODE_3296_length_1281_cov_25.482234	527	607	3	13	80	0.1625000
NODE_3296_length_1281_cov_25.482234	527	607	5	26	80	0.3250000
NODE_3296_length_1281_cov_25.482234	527	607	9	18	80	0.2250000
NODE_3296_length_1281_cov_25.482234	527	607	10	17	80	0.2125000
NODE_3296_length_1281_cov_25.482234	527	607	12	4	80	0.0500000
NODE_3297_length_1281_cov_14.617597	809	887	0	78	78	1.0000000
NODE_3297_length_1281_cov_14.617597	860	940	0	80	80	1.0000000
NODE_3298_length_1281_cov_12.065144	655	735	0	65	80	0.8125000
NODE_3298_length_1281_cov_12.065144	655	735	4	15	80	0.1875000
NODE_3298_length_1281_cov_12.065144	708	788	0	12	80	0.1500000
NODE_3298_length_1281_cov_12.065144	708	788	4	68	80	0.8500000
NODE_3299_length_1281_cov_9.235195	408	488	8	42	80	0.5250000
NODE_3299_length_1281_cov_9.235195	408	488	10	38	80	0.4750000
NODE_3299_length_1281_cov_9.235195	461	541	0	22	80	0.2750000
NODE_3299_length_1281_cov_9.235195	461	541	6	24	80	0.3000000
NODE_3299_length_1281_cov_9.235195	461	541	10	34	80	0.4250000
NODE_3300_length_1281_cov_7.153976	469	549	2	80	80	1.0000000
NODE_3300_length_1281_cov_7.153976	522	602	0	19	80	0.2375000
NODE_3300_length_1281_cov_7.153976	522	602	1	8	80	0.1000000
NODE_3300_length_1281_cov_7.153976	522	602	2	53	80	0.6625000
NODE_3307_length_1280_cov_24.231160	418	498	0	8	80	0.1000000
NODE_3307_length_1280_cov_24.231160	418	498	2	9	80	0.1125000
NODE_3307_length_1280_cov_24.231160	418	498	4	63	80	0.7875000
NODE_3307_length_1280_cov_24.231160	471	551	0	59	80	0.7375000
NODE_3307_length_1280_cov_24.231160	471	551	2	9	80	0.1125000
NODE_3307_length_1280_cov_24.231160	471	551	4	10	80	0.1250000
NODE_3307_length_1280_cov_24.231160	471	551	6	2	80	0.0250000
NODE_3307_length_1280_cov_24.231160	547	627	0	2	80	0.0250000
NODE_3307_length_1280_cov_24.231160	547	627	6	65	80	0.8125000
NODE_3307_length_1280_cov_24.231160	547	627	10	13	80	0.1625000
NODE_3307_length_1280_cov_24.231160	600	680	4	9	80	0.1125000
NODE_3307_length_1280_cov_24.231160	600	680	6	14	80	0.1750000
NODE_3307_length_1280_cov_24.231160	600	680	10	57	80	0.7125000
NODE_3308_length_1280_cov_5.908552	1077	1138	16	6	61	0.0983607
NODE_3308_length_1280_cov_5.908552	1077	1138	18	6	61	0.0983607
NODE_3308_length_1280_cov_5.908552	1077	1138	19	3	61	0.0491803
NODE_3308_length_1280_cov_5.908552	1077	1138	23	5	61	0.0819672
NODE_3308_length_1280_cov_5.908552	1077	1138	24	16	61	0.2622951
NODE_3308_length_1280_cov_5.908552	1077	1138	28	8	61	0.1311475
NODE_3308_length_1280_cov_5.908552	1077	1138	29	7	61	0.1147541
NODE_3308_length_1280_cov_5.908552	1077	1138	31	10	61	0.1639344
NODE_3311_length_1279_cov_16.840678	749	829	4	5	80	0.0625000
NODE_3311_length_1279_cov_16.840678	749	829	8	75	80	0.9375000
NODE_3311_length_1279_cov_16.840678	802	882	0	38	80	0.4750000
NODE_3311_length_1279_cov_16.840678	802	882	4	12	80	0.1500000
NODE_3311_length_1279_cov_16.840678	802	882	8	30	80	0.3750000
NODE_3312_length_1279_cov_3.772881	951	981	0	30	30	1.0000000
NODE_3317_length_1278_cov_45.991518	411	491	11	25	80	0.3125000
NODE_3317_length_1278_cov_45.991518	411	491	13	3	80	0.0375000
NODE_3317_length_1278_cov_45.991518	411	491	15	18	80	0.2250000
NODE_3317_length_1278_cov_45.991518	411	491	16	9	80	0.1125000
NODE_3317_length_1278_cov_45.991518	411	491	18	13	80	0.1625000
NODE_3317_length_1278_cov_45.991518	411	491	20	12	80	0.1500000
NODE_3317_length_1278_cov_45.991518	464	530	4	4	66	0.0606061
NODE_3317_length_1278_cov_45.991518	464	530	6	1	66	0.0151515
NODE_3317_length_1278_cov_45.991518	464	530	8	23	66	0.3484848
NODE_3317_length_1278_cov_45.991518	464	530	12	5	66	0.0757576
NODE_3317_length_1278_cov_45.991518	464	530	16	6	66	0.0909091
NODE_3317_length_1278_cov_45.991518	464	530	18	13	66	0.1969697
NODE_3317_length_1278_cov_45.991518	464	530	20	14	66	0.2121212
NODE_3318_length_1278_cov_37.164546	447	527	0	41	80	0.5125000
NODE_3318_length_1278_cov_37.164546	447	527	2	6	80	0.0750000
NODE_3318_length_1278_cov_37.164546	447	527	6	33	80	0.4125000
NODE_3318_length_1278_cov_37.164546	500	580	4	12	80	0.1500000
NODE_3318_length_1278_cov_37.164546	500	580	6	68	80	0.8500000
NODE_3318_length_1278_cov_37.164546	576	656	4	39	80	0.4875000
NODE_3318_length_1278_cov_37.164546	576	656	6	29	80	0.3625000
NODE_3318_length_1278_cov_37.164546	576	656	8	12	80	0.1500000
NODE_3318_length_1278_cov_37.164546	629	709	4	2	80	0.0250000
NODE_3318_length_1278_cov_37.164546	629	709	6	73	80	0.9125000
NODE_3318_length_1278_cov_37.164546	629	709	8	5	80	0.0625000
NODE_3319_length_1278_cov_12.505513	522	602	0	80	80	1.0000000
NODE_3319_length_1278_cov_12.505513	575	655	0	80	80	1.0000000
NODE_3320_length_1278_cov_12.171332	212	292	6	18	80	0.2250000
NODE_3320_length_1278_cov_12.171332	212	292	8	17	80	0.2125000
NODE_3320_length_1278_cov_12.171332	212	292	10	28	80	0.3500000
NODE_3320_length_1278_cov_12.171332	212	292	12	17	80	0.2125000
NODE_3320_length_1278_cov_12.171332	265	344	4	10	79	0.1265823
NODE_3320_length_1278_cov_12.171332	265	344	6	4	79	0.0506329
NODE_3320_length_1278_cov_12.171332	265	344	8	8	79	0.1012658
NODE_3320_length_1278_cov_12.171332	265	344	10	10	79	0.1265823
NODE_3320_length_1278_cov_12.171332	265	344	11	2	79	0.0253165
NODE_3320_length_1278_cov_12.171332	265	344	12	45	79	0.5696203
NODE_3329_length_1277_cov_21.407470	667	717	0	50	50	1.0000000
NODE_3329_length_1277_cov_21.407470	690	770	0	80	80	1.0000000
NODE_3330_length_1277_cov_18.111205	834	914	0	80	80	1.0000000
NODE_3330_length_1277_cov_18.111205	887	967	0	80	80	1.0000000
NODE_3331_length_1277_cov_12.449066	276	356	0	80	80	1.0000000
NODE_3331_length_1277_cov_12.449066	329	409	0	57	80	0.7125000
NODE_3331_length_1277_cov_12.449066	329	409	2	23	80	0.2875000
NODE_3331_length_1277_cov_12.449066	405	485	2	43	80	0.5375000
NODE_3331_length_1277_cov_12.449066	405	485	4	37	80	0.4625000
NODE_3331_length_1277_cov_12.449066	458	538	0	7	80	0.0875000
NODE_3331_length_1277_cov_12.449066	458	538	2	47	80	0.5875000
NODE_3331_length_1277_cov_12.449066	458	538	4	26	80	0.3250000
NODE_3337_length_1276_cov_21.446899	526	606	2	80	80	1.0000000
NODE_3337_length_1276_cov_21.446899	579	659	0	48	80	0.6000000
NODE_3337_length_1276_cov_21.446899	579	659	2	32	80	0.4000000
NODE_3337_length_1276_cov_21.446899	655	735	0	80	80	1.0000000
NODE_3337_length_1276_cov_21.446899	708	788	0	80	80	1.0000000
NODE_3346_length_1275_cov_35.471939	632	712	0	80	80	1.0000000
NODE_3346_length_1275_cov_35.471939	685	765	0	80	80	1.0000000
NODE_3347_length_1275_cov_19.910714	361	441	0	11	80	0.1375000
NODE_3347_length_1275_cov_19.910714	361	441	4	14	80	0.1750000
NODE_3347_length_1275_cov_19.910714	361	441	5	45	80	0.5625000
NODE_3347_length_1275_cov_19.910714	361	441	6	10	80	0.1250000
NODE_3347_length_1275_cov_19.910714	414	494	0	29	80	0.3625000
NODE_3347_length_1275_cov_19.910714	414	494	5	17	80	0.2125000
NODE_3347_length_1275_cov_19.910714	414	494	6	34	80	0.4250000
NODE_3347_length_1275_cov_19.910714	879	949	14	30	70	0.4285714
NODE_3347_length_1275_cov_19.910714	879	949	16	11	70	0.1571429
NODE_3347_length_1275_cov_19.910714	879	949	18	29	70	0.4142857
NODE_3351_length_1274_cov_23.404255	427	507	0	32	80	0.4000000
NODE_3351_length_1274_cov_23.404255	427	507	2	48	80	0.6000000
NODE_3351_length_1274_cov_23.404255	480	560	0	80	80	1.0000000
NODE_3351_length_1274_cov_23.404255	556	636	0	8	80	0.1000000
NODE_3351_length_1274_cov_23.404255	556	636	2	72	80	0.9000000
NODE_3351_length_1274_cov_23.404255	609	689	0	31	80	0.3875000
NODE_3351_length_1274_cov_23.404255	609	689	2	49	80	0.6125000
NODE_3352_length_1274_cov_20.178723	545	625	4	33	80	0.4125000
NODE_3352_length_1274_cov_20.178723	545	625	6	47	80	0.5875000
NODE_3352_length_1274_cov_20.178723	598	678	4	27	80	0.3375000
NODE_3352_length_1274_cov_20.178723	598	678	6	53	80	0.6625000
NODE_3354_length_1274_cov_2.019574	841	907	0	9	66	0.1363636
NODE_3354_length_1274_cov_2.019574	841	907	4	57	66	0.8636364
NODE_3354_length_1274_cov_2.019574	894	961	4	67	67	1.0000000
NODE_3361_length_1273_cov_42.349233	337	417	2	2	80	0.0250000
NODE_3361_length_1273_cov_42.349233	337	417	4	6	80	0.0750000
NODE_3361_length_1273_cov_42.349233	337	417	6	72	80	0.9000000
NODE_3361_length_1273_cov_42.349233	390	470	2	30	80	0.3750000
NODE_3361_length_1273_cov_42.349233	390	470	3	5	80	0.0625000
NODE_3361_length_1273_cov_42.349233	390	470	4	26	80	0.3250000
NODE_3361_length_1273_cov_42.349233	390	470	6	19	80	0.2375000
NODE_3361_length_1273_cov_42.349233	466	546	2	3	80	0.0375000
NODE_3361_length_1273_cov_42.349233	466	546	4	34	80	0.4250000
NODE_3361_length_1273_cov_42.349233	466	546	8	43	80	0.5375000
NODE_3361_length_1273_cov_42.349233	519	599	8	31	80	0.3875000
NODE_3361_length_1273_cov_42.349233	519	599	11	4	80	0.0500000
NODE_3361_length_1273_cov_42.349233	519	599	12	45	80	0.5625000
NODE_3364_length_1273_cov_4.404600	407	487	2	80	80	1.0000000
NODE_3364_length_1273_cov_4.404600	460	540	0	40	80	0.5000000
NODE_3364_length_1273_cov_4.404600	460	540	2	40	80	0.5000000
NODE_3368_length_1272_cov_28.887468	588	668	2	61	80	0.7625000
NODE_3368_length_1272_cov_28.887468	588	668	3	2	80	0.0250000
NODE_3368_length_1272_cov_28.887468	588	668	4	17	80	0.2125000
NODE_3368_length_1272_cov_28.887468	641	721	2	51	80	0.6375000
NODE_3368_length_1272_cov_28.887468	641	721	3	2	80	0.0250000
NODE_3368_length_1272_cov_28.887468	641	721	4	27	80	0.3375000
NODE_3369_length_1272_cov_11.290708	366	447	0	46	81	0.5679013
NODE_3369_length_1272_cov_11.290708	366	447	1	12	81	0.1481481
NODE_3369_length_1272_cov_11.290708	366	447	2	23	81	0.2839506
NODE_3375_length_1270_cov_13.617421	365	445	0	80	80	1.0000000
NODE_3375_length_1270_cov_13.617421	396	473	0	77	77	1.0000000
NODE_3375_length_1270_cov_13.617421	418	498	0	80	80	1.0000000
NODE_3375_length_1270_cov_13.617421	449	473	0	24	24	1.0000000
NODE_3375_length_1270_cov_13.617421	465	498	0	33	33	1.0000000
NODE_3376_length_1270_cov_11.645602	294	374	0	30	80	0.3750000
NODE_3376_length_1270_cov_11.645602	294	374	2	10	80	0.1250000
NODE_3376_length_1270_cov_11.645602	294	374	3	40	80	0.5000000
NODE_3376_length_1270_cov_11.645602	347	427	2	20	80	0.2500000
NODE_3376_length_1270_cov_11.645602	347	427	3	35	80	0.4375000
NODE_3376_length_1270_cov_11.645602	347	427	4	25	80	0.3125000
NODE_3377_length_1270_cov_2.495303	74	131	4	8	57	0.1403509
NODE_3377_length_1270_cov_2.495303	74	131	6	9	57	0.1578947
NODE_3377_length_1270_cov_2.495303	74	131	8	1	57	0.0175439
NODE_3377_length_1270_cov_2.495303	74	131	10	2	57	0.0350877
NODE_3377_length_1270_cov_2.495303	74	131	14	15	57	0.2631579
NODE_3377_length_1270_cov_2.495303	74	131	16	22	57	0.3859649
NODE_3378_length_1269_cov_55.070940	492	569	0	21	77	0.2727273
NODE_3378_length_1269_cov_55.070940	492	569	3	3	77	0.0389610
NODE_3378_length_1269_cov_55.070940	492	569	6	53	77	0.6883117
NODE_3378_length_1269_cov_55.070940	545	625	6	80	80	1.0000000
NODE_3378_length_1269_cov_55.070940	621	701	0	35	80	0.4375000
NODE_3378_length_1269_cov_55.070940	621	701	3	8	80	0.1000000
NODE_3378_length_1269_cov_55.070940	621	701	6	37	80	0.4625000
NODE_3378_length_1269_cov_55.070940	674	754	0	35	80	0.4375000
NODE_3378_length_1269_cov_55.070940	674	754	1	2	80	0.0250000
NODE_3378_length_1269_cov_55.070940	674	754	2	43	80	0.5375000
NODE_3379_length_1269_cov_22.154701	1152	1216	3	2	64	0.0312500
NODE_3379_length_1269_cov_22.154701	1152	1216	5	62	64	0.9687500
NODE_3379_length_1269_cov_22.154701	1152	1216	3	2	64	0.0312500
NODE_3379_length_1269_cov_22.154701	1152	1216	5	62	64	0.9687500
NODE_3379_length_1269_cov_22.154701	1152	1216	3	2	64	0.0312500
NODE_3379_length_1269_cov_22.154701	1152	1216	5	62	64	0.9687500
NODE_3379_length_1269_cov_22.154701	1189	1269	2	2	80	0.0250000
NODE_3379_length_1269_cov_22.154701	1189	1269	4	14	80	0.1750000
NODE_3379_length_1269_cov_22.154701	1189	1269	5	64	80	0.8000000
NODE_3379_length_1269_cov_22.154701	1189	1269	2	2	80	0.0250000
NODE_3379_length_1269_cov_22.154701	1189	1269	4	14	80	0.1750000
NODE_3379_length_1269_cov_22.154701	1189	1269	5	64	80	0.8000000
NODE_3380_length_1269_cov_18.753846	317	398	29	5	81	0.0617284
NODE_3380_length_1269_cov_18.753846	317	398	30	3	81	0.0370370
NODE_3380_length_1269_cov_18.753846	317	398	33	3	81	0.0370370
NODE_3380_length_1269_cov_18.753846	317	398	34	15	81	0.1851852
NODE_3380_length_1269_cov_18.753846	317	398	36	3	81	0.0370370
NODE_3380_length_1269_cov_18.753846	317	398	38	8	81	0.0987654
NODE_3380_length_1269_cov_18.753846	317	398	43	1	81	0.0123457
NODE_3380_length_1269_cov_18.753846	317	398	44	9	81	0.1111111
NODE_3380_length_1269_cov_18.753846	317	398	48	19	81	0.2345679
NODE_3380_length_1269_cov_18.753846	317	398	50	5	81	0.0617284
NODE_3380_length_1269_cov_18.753846	317	398	54	10	81	0.1234568
NODE_3381_length_1269_cov_12.637607	580	660	0	80	80	1.0000000
NODE_3381_length_1269_cov_12.637607	633	713	0	80	80	1.0000000
NODE_3381_length_1269_cov_12.637607	709	729	0	20	20	1.0000000
NODE_3381_length_1269_cov_12.637607	709	789	0	23	80	0.2875000
NODE_3381_length_1269_cov_12.637607	709	789	2	33	80	0.4125000
NODE_3381_length_1269_cov_12.637607	709	789	4	24	80	0.3000000
NODE_3381_length_1269_cov_12.637607	762	842	2	11	80	0.1375000
NODE_3381_length_1269_cov_12.637607	762	842	4	69	80	0.8625000
NODE_3382_length_1269_cov_10.552137	765	845	0	80	80	1.0000000
NODE_3382_length_1269_cov_10.552137	818	898	0	80	80	1.0000000
NODE_3391_length_1268_cov_12.862275	300	350	24	2	50	0.0400000
NODE_3391_length_1268_cov_12.862275	300	350	26	1	50	0.0200000
NODE_3391_length_1268_cov_12.862275	300	350	30	2	50	0.0400000
NODE_3391_length_1268_cov_12.862275	300	350	31	3	50	0.0600000
NODE_3391_length_1268_cov_12.862275	300	350	37	1	50	0.0200000
NODE_3391_length_1268_cov_12.862275	300	350	39	5	50	0.1000000
NODE_3391_length_1268_cov_12.862275	300	350	42	4	50	0.0800000
NODE_3391_length_1268_cov_12.862275	300	350	46	2	50	0.0400000
NODE_3391_length_1268_cov_12.862275	300	350	50	1	50	0.0200000
NODE_3391_length_1268_cov_12.862275	300	350	56	1	50	0.0200000
NODE_3391_length_1268_cov_12.862275	300	350	58	2	50	0.0400000
NODE_3391_length_1268_cov_12.862275	300	350	60	1	50	0.0200000
NODE_3391_length_1268_cov_12.862275	300	350	64	1	50	0.0200000
NODE_3391_length_1268_cov_12.862275	300	350	66	3	50	0.0600000
NODE_3391_length_1268_cov_12.862275	300	350	70	1	50	0.0200000
NODE_3391_length_1268_cov_12.862275	300	350	74	2	50	0.0400000
NODE_3391_length_1268_cov_12.862275	300	350	77	3	50	0.0600000
NODE_3391_length_1268_cov_12.862275	300	350	81	5	50	0.1000000
NODE_3391_length_1268_cov_12.862275	300	350	83	1	50	0.0200000
NODE_3391_length_1268_cov_12.862275	300	350	85	3	50	0.0600000
NODE_3391_length_1268_cov_12.862275	300	350	86	5	50	0.1000000
NODE_3391_length_1268_cov_12.862275	300	350	88	1	50	0.0200000
NODE_3392_length_1268_cov_9.523524	265	345	0	80	80	1.0000000
NODE_3392_length_1268_cov_9.523524	318	398	0	80	80	1.0000000
NODE_3393_length_1267_cov_21.315068	299	379	0	24	80	0.3000000
NODE_3393_length_1267_cov_21.315068	299	379	2	56	80	0.7000000
NODE_3393_length_1267_cov_21.315068	352	432	0	3	80	0.0375000
NODE_3393_length_1267_cov_21.315068	352	432	2	77	80	0.9625000
NODE_3393_length_1267_cov_21.315068	698	778	4	20	80	0.2500000
NODE_3393_length_1267_cov_21.315068	698	778	6	14	80	0.1750000
NODE_3393_length_1267_cov_21.315068	698	778	8	1	80	0.0125000
NODE_3393_length_1267_cov_21.315068	698	778	10	2	80	0.0250000
NODE_3393_length_1267_cov_21.315068	698	778	12	7	80	0.0875000
NODE_3393_length_1267_cov_21.315068	698	778	16	36	80	0.4500000
NODE_3393_length_1267_cov_21.315068	751	831	8	4	80	0.0500000
NODE_3393_length_1267_cov_21.315068	751	831	10	22	80	0.2750000
NODE_3393_length_1267_cov_21.315068	751	831	12	18	80	0.2250000
NODE_3393_length_1267_cov_21.315068	751	831	14	7	80	0.0875000
NODE_3393_length_1267_cov_21.315068	751	831	16	29	80	0.3625000
NODE_3394_length_1267_cov_14.880137	606	686	0	80	80	1.0000000
NODE_3394_length_1267_cov_14.880137	659	739	0	80	80	1.0000000
NODE_3397_length_1266_cov_20.584404	357	437	0	66	80	0.8250000
NODE_3397_length_1266_cov_20.584404	357	437	2	14	80	0.1750000
NODE_3397_length_1266_cov_20.584404	410	490	0	13	80	0.1625000
NODE_3397_length_1266_cov_20.584404	410	490	2	67	80	0.8375000
NODE_3398_length_1266_cov_16.571551	359	435	0	76	76	1.0000000
NODE_3398_length_1266_cov_16.571551	408	488	0	80	80	1.0000000
NODE_3399_length_1266_cov_14.218509	517	595	0	78	78	1.0000000
NODE_3399_length_1266_cov_14.218509	568	648	0	56	80	0.7000000
NODE_3399_length_1266_cov_14.218509	568	648	2	24	80	0.3000000
NODE_3399_length_1266_cov_14.218509	644	724	2	61	80	0.7625000
NODE_3399_length_1266_cov_14.218509	644	724	6	19	80	0.2375000
NODE_3399_length_1266_cov_14.218509	697	777	2	8	80	0.1000000
NODE_3399_length_1266_cov_14.218509	697	777	4	53	80	0.6625000
NODE_3399_length_1266_cov_14.218509	697	777	6	19	80	0.2375000
NODE_3403_length_1265_cov_9.807890	429	509	0	24	80	0.3000000
NODE_3403_length_1265_cov_9.807890	429	509	2	56	80	0.7000000
NODE_3403_length_1265_cov_9.807890	482	562	2	80	80	1.0000000
NODE_3404_length_1265_cov_8.233276	160	207	0	47	47	1.0000000
NODE_3404_length_1265_cov_8.233276	1004	1058	0	54	54	1.0000000
NODE_3406_length_1265_cov_3.941681	503	583	0	31	80	0.3875000
NODE_3406_length_1265_cov_3.941681	503	583	2	49	80	0.6125000
NODE_3406_length_1265_cov_3.941681	556	636	0	34	80	0.4250000
NODE_3406_length_1265_cov_3.941681	556	636	2	46	80	0.5750000
NODE_3408_length_1264_cov_8.024034	290	370	0	27	80	0.3375000
NODE_3408_length_1264_cov_8.024034	290	370	2	53	80	0.6625000
NODE_3408_length_1264_cov_8.024034	343	423	0	21	80	0.2625000
NODE_3408_length_1264_cov_8.024034	343	423	2	59	80	0.7375000
NODE_3413_length_1263_cov_8.566151	698	778	2	19	80	0.2375000
NODE_3413_length_1263_cov_8.566151	698	778	4	61	80	0.7625000
NODE_3413_length_1263_cov_8.566151	751	831	0	32	80	0.4000000
NODE_3413_length_1263_cov_8.566151	751	831	2	40	80	0.5000000
NODE_3413_length_1263_cov_8.566151	751	831	4	8	80	0.1000000
NODE_3413_length_1263_cov_8.566151	833	910	0	77	77	1.0000000
NODE_3413_length_1263_cov_8.566151	883	963	0	27	80	0.3375000
NODE_3413_length_1263_cov_8.566151	883	963	2	53	80	0.6625000
NODE_3414_length_1263_cov_7.376289	1060	1140	0	80	80	1.0000000
NODE_3414_length_1263_cov_7.376289	1113	1213	0	100	100	1.0000000
NODE_3416_length_1263_cov_1.827320	227	307	0	80	80	1.0000000
NODE_3416_length_1263_cov_1.827320	280	360	0	80	80	1.0000000
NODE_3418_length_1262_cov_17.416165	404	484	0	80	80	1.0000000
NODE_3418_length_1262_cov_17.416165	457	537	0	80	80	1.0000000
NODE_3419_length_1262_cov_15.268272	648	728	0	37	80	0.4625000
NODE_3419_length_1262_cov_15.268272	648	728	2	43	80	0.5375000
NODE_3419_length_1262_cov_15.268272	701	781	2	80	80	1.0000000
NODE_3419_length_1262_cov_15.268272	777	857	0	72	80	0.9000000
NODE_3419_length_1262_cov_15.268272	777	857	2	8	80	0.1000000
NODE_3419_length_1262_cov_15.268272	830	910	0	80	80	1.0000000
NODE_3424_length_1261_cov_1.777969	272	318	0	46	46	1.0000000
NODE_3425_length_1260_cov_55.640827	499	579	6	41	80	0.5125000
NODE_3425_length_1260_cov_55.640827	499	579	8	28	80	0.3500000
NODE_3425_length_1260_cov_55.640827	499	579	14	4	80	0.0500000
NODE_3425_length_1260_cov_55.640827	499	579	20	7	80	0.0875000
NODE_3425_length_1260_cov_55.640827	552	632	8	16	80	0.2000000
NODE_3425_length_1260_cov_55.640827	552	632	14	4	80	0.0500000
NODE_3425_length_1260_cov_55.640827	552	632	20	44	80	0.5500000
NODE_3425_length_1260_cov_55.640827	552	632	21	1	80	0.0125000
NODE_3425_length_1260_cov_55.640827	552	632	26	15	80	0.1875000
NODE_3425_length_1260_cov_55.640827	628	708	18	1	80	0.0125000
NODE_3425_length_1260_cov_55.640827	628	708	20	7	80	0.0875000
NODE_3425_length_1260_cov_55.640827	628	708	26	72	80	0.9000000
NODE_3425_length_1260_cov_55.640827	681	761	0	28	80	0.3500000
NODE_3425_length_1260_cov_55.640827	681	761	6	14	80	0.1750000
NODE_3425_length_1260_cov_55.640827	681	761	15	1	80	0.0125000
NODE_3425_length_1260_cov_55.640827	681	761	20	11	80	0.1375000
NODE_3425_length_1260_cov_55.640827	681	761	26	26	80	0.3250000
NODE_3426_length_1260_cov_12.242894	427	507	6	29	80	0.3625000
NODE_3426_length_1260_cov_12.242894	427	507	8	2	80	0.0250000
NODE_3426_length_1260_cov_12.242894	427	507	10	49	80	0.6125000
NODE_3426_length_1260_cov_12.242894	480	560	2	1	80	0.0125000
NODE_3426_length_1260_cov_12.242894	480	560	4	51	80	0.6375000
NODE_3426_length_1260_cov_12.242894	480	560	6	11	80	0.1375000
NODE_3426_length_1260_cov_12.242894	480	560	10	17	80	0.2125000
NODE_3436_length_1259_cov_15.381897	509	589	0	47	80	0.5875000
NODE_3436_length_1259_cov_15.381897	509	589	2	33	80	0.4125000
NODE_3436_length_1259_cov_15.381897	562	642	0	5	80	0.0625000
NODE_3436_length_1259_cov_15.381897	562	642	2	75	80	0.9375000
NODE_3439_length_1258_cov_33.519413	608	688	4	13	80	0.1625000
NODE_3439_length_1258_cov_33.519413	608	688	6	18	80	0.2250000
NODE_3439_length_1258_cov_33.519413	608	688	8	49	80	0.6125000
NODE_3439_length_1258_cov_33.519413	661	741	2	15	80	0.1875000
NODE_3439_length_1258_cov_33.519413	661	741	4	35	80	0.4375000
NODE_3439_length_1258_cov_33.519413	661	741	6	18	80	0.2250000
NODE_3439_length_1258_cov_33.519413	661	741	8	12	80	0.1500000
NODE_3440_length_1258_cov_22.569456	583	663	2	23	80	0.2875000
NODE_3440_length_1258_cov_22.569456	583	663	6	57	80	0.7125000
NODE_3440_length_1258_cov_22.569456	636	716	0	32	80	0.4000000
NODE_3440_length_1258_cov_22.569456	636	716	4	4	80	0.0500000
NODE_3440_length_1258_cov_22.569456	636	716	6	44	80	0.5500000
NODE_3441_length_1258_cov_18.747196	308	388	0	80	80	1.0000000
NODE_3441_length_1258_cov_18.747196	361	441	0	80	80	1.0000000
NODE_3441_length_1258_cov_18.747196	437	517	0	73	80	0.9125000
NODE_3441_length_1258_cov_18.747196	437	517	2	7	80	0.0875000
NODE_3441_length_1258_cov_18.747196	490	570	0	20	80	0.2500000
NODE_3441_length_1258_cov_18.747196	490	570	2	60	80	0.7500000
NODE_3442_length_1258_cov_13.699741	332	412	0	32	80	0.4000000
NODE_3442_length_1258_cov_13.699741	332	412	2	48	80	0.6000000
NODE_3442_length_1258_cov_13.699741	385	465	2	57	80	0.7125000
NODE_3442_length_1258_cov_13.699741	385	465	4	23	80	0.2875000
NODE_3447_length_1257_cov_34.029361	567	647	0	40	80	0.5000000
NODE_3447_length_1257_cov_34.029361	567	647	1	27	80	0.3375000
NODE_3447_length_1257_cov_34.029361	567	647	2	13	80	0.1625000
NODE_3447_length_1257_cov_34.029361	620	700	0	80	80	1.0000000
NODE_3447_length_1257_cov_34.029361	696	776	0	7	80	0.0875000
NODE_3447_length_1257_cov_34.029361	696	776	2	73	80	0.9125000
NODE_3447_length_1257_cov_34.029361	749	829	0	37	80	0.4625000
NODE_3447_length_1257_cov_34.029361	749	829	2	43	80	0.5375000
NODE_3449_length_1257_cov_7.892919	317	397	0	80	80	1.0000000
NODE_3449_length_1257_cov_7.892919	370	450	0	80	80	1.0000000
NODE_3452_length_1256_cov_50.506482	389	469	0	54	80	0.6750000
NODE_3452_length_1256_cov_50.506482	389	469	2	26	80	0.3250000
NODE_3452_length_1256_cov_50.506482	442	522	0	1	80	0.0125000
NODE_3452_length_1256_cov_50.506482	442	522	2	79	80	0.9875000
NODE_3452_length_1256_cov_50.506482	518	598	0	51	80	0.6375000
NODE_3452_length_1256_cov_50.506482	518	598	2	8	80	0.1000000
NODE_3452_length_1256_cov_50.506482	518	598	8	10	80	0.1250000
NODE_3452_length_1256_cov_50.506482	518	598	10	11	80	0.1375000
NODE_3452_length_1256_cov_50.506482	571	651	0	6	80	0.0750000
NODE_3452_length_1256_cov_50.506482	571	651	8	10	80	0.1250000
NODE_3452_length_1256_cov_50.506482	571	651	10	64	80	0.8000000
NODE_3453_length_1256_cov_25.944685	754	834	7	4	80	0.0500000
NODE_3453_length_1256_cov_25.944685	754	834	8	2	80	0.0250000
NODE_3453_length_1256_cov_25.944685	754	834	10	23	80	0.2875000
NODE_3453_length_1256_cov_25.944685	754	834	12	43	80	0.5375000
NODE_3453_length_1256_cov_25.944685	754	834	13	8	80	0.1000000
NODE_3453_length_1256_cov_25.944685	807	887	4	16	80	0.2000000
NODE_3453_length_1256_cov_25.944685	807	887	6	22	80	0.2750000
NODE_3453_length_1256_cov_25.944685	807	887	7	4	80	0.0500000
NODE_3453_length_1256_cov_25.944685	807	887	8	17	80	0.2125000
NODE_3453_length_1256_cov_25.944685	807	887	10	13	80	0.1625000
NODE_3453_length_1256_cov_25.944685	807	887	13	8	80	0.1000000
NODE_3455_length_1256_cov_21.720830	713	793	0	80	80	1.0000000
NODE_3455_length_1256_cov_21.720830	766	846	0	80	80	1.0000000
NODE_3456_length_1256_cov_14.242005	595	675	0	10	80	0.1250000
NODE_3456_length_1256_cov_14.242005	595	675	2	70	80	0.8750000
NODE_3456_length_1256_cov_14.242005	648	728	0	63	80	0.7875000
NODE_3456_length_1256_cov_14.242005	648	728	2	17	80	0.2125000
NODE_3457_length_1256_cov_5.870354	879	959	0	80	80	1.0000000
NODE_3463_length_1255_cov_37.271626	458	538	0	80	80	1.0000000
NODE_3463_length_1255_cov_37.271626	511	591	0	80	80	1.0000000
NODE_3463_length_1255_cov_37.271626	587	667	0	80	80	1.0000000
NODE_3463_length_1255_cov_37.271626	640	720	0	80	80	1.0000000
NODE_3464_length_1255_cov_21.374567	516	596	2	59	80	0.7375000
NODE_3464_length_1255_cov_21.374567	516	596	4	21	80	0.2625000
NODE_3464_length_1255_cov_21.374567	569	649	2	25	80	0.3125000
NODE_3464_length_1255_cov_21.374567	569	649	4	55	80	0.6875000
NODE_3464_length_1255_cov_21.374567	645	725	2	70	80	0.8750000
NODE_3464_length_1255_cov_21.374567	645	725	4	10	80	0.1250000
NODE_3464_length_1255_cov_21.374567	698	778	2	80	80	1.0000000
NODE_3465_length_1255_cov_18.391869	521	601	0	69	80	0.8625000
NODE_3465_length_1255_cov_18.391869	521	601	2	11	80	0.1375000
NODE_3465_length_1255_cov_18.391869	574	654	0	16	80	0.2000000
NODE_3465_length_1255_cov_18.391869	574	654	2	64	80	0.8000000
NODE_3466_length_1255_cov_4.096021	1194	1242	0	48	48	1.0000000
NODE_3469_length_1254_cov_32.470996	612	692	0	80	80	1.0000000
NODE_3469_length_1254_cov_32.470996	665	745	0	80	80	1.0000000
NODE_3470_length_1254_cov_26.449351	488	568	0	80	80	1.0000000
NODE_3470_length_1254_cov_26.449351	541	621	0	80	80	1.0000000
NODE_3471_length_1254_cov_22.032035	531	611	2	23	80	0.2875000
NODE_3471_length_1254_cov_22.032035	531	611	13	29	80	0.3625000
NODE_3471_length_1254_cov_22.032035	531	611	14	5	80	0.0625000
NODE_3471_length_1254_cov_22.032035	531	611	15	1	80	0.0125000
NODE_3471_length_1254_cov_22.032035	531	611	17	4	80	0.0500000
NODE_3471_length_1254_cov_22.032035	531	611	18	1	80	0.0125000
NODE_3471_length_1254_cov_22.032035	531	611	19	17	80	0.2125000
NODE_3471_length_1254_cov_22.032035	584	664	2	6	80	0.0750000
NODE_3471_length_1254_cov_22.032035	584	664	3	10	80	0.1250000
NODE_3471_length_1254_cov_22.032035	584	664	4	8	80	0.1000000
NODE_3471_length_1254_cov_22.032035	584	664	14	4	80	0.0500000
NODE_3471_length_1254_cov_22.032035	584	664	15	1	80	0.0125000
NODE_3471_length_1254_cov_22.032035	584	664	17	4	80	0.0500000
NODE_3471_length_1254_cov_22.032035	584	664	18	1	80	0.0125000
NODE_3471_length_1254_cov_22.032035	584	664	19	18	80	0.2250000
NODE_3471_length_1254_cov_22.032035	584	664	20	28	80	0.3500000
NODE_3479_length_1253_cov_16.916811	651	731	0	33	80	0.4125000
NODE_3479_length_1253_cov_16.916811	651	731	2	47	80	0.5875000
NODE_3479_length_1253_cov_16.916811	704	784	0	14	80	0.1750000
NODE_3479_length_1253_cov_16.916811	704	784	2	66	80	0.8250000
NODE_3479_length_1253_cov_16.916811	780	860	0	80	80	1.0000000
NODE_3479_length_1253_cov_16.916811	833	913	0	80	80	1.0000000
NODE_3480_length_1253_cov_13.816291	811	891	0	80	80	1.0000000
NODE_3481_length_1253_cov_9.067591	306	386	0	17	80	0.2125000
NODE_3481_length_1253_cov_9.067591	306	386	2	35	80	0.4375000
NODE_3481_length_1253_cov_9.067591	306	386	6	10	80	0.1250000
NODE_3481_length_1253_cov_9.067591	306	386	8	18	80	0.2250000
NODE_3481_length_1253_cov_9.067591	359	439	6	63	80	0.7875000
NODE_3481_length_1253_cov_9.067591	359	439	8	17	80	0.2125000
NODE_3487_length_1252_cov_57.745880	477	557	0	80	80	1.0000000
NODE_3487_length_1252_cov_57.745880	530	610	0	79	80	0.9875000
NODE_3487_length_1252_cov_57.745880	530	610	2	1	80	0.0125000
NODE_3487_length_1252_cov_57.745880	606	686	0	3	80	0.0375000
NODE_3487_length_1252_cov_57.745880	606	686	2	1	80	0.0125000
NODE_3487_length_1252_cov_57.745880	606	686	6	2	80	0.0250000
NODE_3487_length_1252_cov_57.745880	606	686	8	24	80	0.3000000
NODE_3487_length_1252_cov_57.745880	606	686	10	28	80	0.3500000
NODE_3487_length_1252_cov_57.745880	606	686	18	2	80	0.0250000
NODE_3487_length_1252_cov_57.745880	606	686	20	20	80	0.2500000
NODE_3487_length_1252_cov_57.745880	659	739	10	5	80	0.0625000
NODE_3487_length_1252_cov_57.745880	659	739	18	2	80	0.0250000
NODE_3487_length_1252_cov_57.745880	659	739	20	44	80	0.5500000
NODE_3487_length_1252_cov_57.745880	659	739	22	29	80	0.3625000
NODE_3488_length_1252_cov_56.694709	594	674	0	19	80	0.2375000
NODE_3488_length_1252_cov_56.694709	594	674	8	61	80	0.7625000
NODE_3488_length_1252_cov_56.694709	647	727	0	72	80	0.9000000
NODE_3488_length_1252_cov_56.694709	647	727	8	8	80	0.1000000
NODE_3488_length_1252_cov_56.694709	723	803	0	80	80	1.0000000
NODE_3488_length_1252_cov_56.694709	785	847	0	62	62	1.0000000
NODE_3489_length_1252_cov_34.023417	468	548	2	8	80	0.1000000
NODE_3489_length_1252_cov_34.023417	468	548	4	2	80	0.0250000
NODE_3489_length_1252_cov_34.023417	468	548	6	70	80	0.8750000
NODE_3489_length_1252_cov_34.023417	521	601	0	19	80	0.2375000
NODE_3489_length_1252_cov_34.023417	521	601	2	7	80	0.0875000
NODE_3489_length_1252_cov_34.023417	521	601	4	24	80	0.3000000
NODE_3489_length_1252_cov_34.023417	521	601	6	30	80	0.3750000
NODE_3489_length_1252_cov_34.023417	597	677	0	36	80	0.4500000
NODE_3489_length_1252_cov_34.023417	597	677	2	44	80	0.5500000
NODE_3489_length_1252_cov_34.023417	650	730	0	23	80	0.2875000
NODE_3489_length_1252_cov_34.023417	650	730	2	57	80	0.7125000
NODE_3490_length_1252_cov_9.316565	573	653	2	8	80	0.1000000
NODE_3490_length_1252_cov_9.316565	573	653	4	27	80	0.3375000
NODE_3490_length_1252_cov_9.316565	573	653	6	45	80	0.5625000
NODE_3490_length_1252_cov_9.316565	626	706	2	17	80	0.2125000
NODE_3490_length_1252_cov_9.316565	626	706	4	17	80	0.2125000
NODE_3490_length_1252_cov_9.316565	626	706	6	46	80	0.5750000
NODE_3491_length_1252_cov_8.295750	602	682	0	80	80	1.0000000
NODE_3491_length_1252_cov_8.295750	655	735	0	80	80	1.0000000
NODE_3494_length_1251_cov_17.513889	579	659	2	17	80	0.2125000
NODE_3494_length_1251_cov_17.513889	579	659	7	9	80	0.1125000
NODE_3494_length_1251_cov_17.513889	579	659	8	54	80	0.6750000
NODE_3494_length_1251_cov_17.513889	632	712	0	8	80	0.1000000
NODE_3494_length_1251_cov_17.513889	632	712	6	36	80	0.4500000
NODE_3494_length_1251_cov_17.513889	632	712	7	18	80	0.2250000
NODE_3494_length_1251_cov_17.513889	632	712	8	18	80	0.2250000
NODE_3494_length_1251_cov_17.513889	708	788	0	66	80	0.8250000
NODE_3494_length_1251_cov_17.513889	708	788	4	11	80	0.1375000
NODE_3494_length_1251_cov_17.513889	708	788	6	3	80	0.0375000
NODE_3494_length_1251_cov_17.513889	761	841	0	13	80	0.1625000
NODE_3494_length_1251_cov_17.513889	761	841	4	11	80	0.1375000
NODE_3494_length_1251_cov_17.513889	761	841	6	56	80	0.7000000
NODE_3497_length_1251_cov_3.139757	0	76	0	76	76	1.0000000
NODE_3497_length_1251_cov_3.139757	49	98	0	49	49	1.0000000
NODE_3501_length_1250_cov_25.133797	325	405	0	80	80	1.0000000
NODE_3501_length_1250_cov_25.133797	378	458	0	80	80	1.0000000
NODE_3503_length_1250_cov_11.471764	652	733	0	81	81	1.0000000
NODE_3503_length_1250_cov_11.471764	706	786	0	80	80	1.0000000
NODE_3505_length_1249_cov_45.772174	543	623	0	80	80	1.0000000
NODE_3505_length_1249_cov_45.772174	596	676	0	49	80	0.6125000
NODE_3505_length_1249_cov_45.772174	596	676	4	21	80	0.2625000
NODE_3505_length_1249_cov_45.772174	596	676	8	10	80	0.1250000
NODE_3505_length_1249_cov_45.772174	672	749	8	29	77	0.3766234
NODE_3505_length_1249_cov_45.772174	672	749	10	48	77	0.6233766
NODE_3505_length_1249_cov_45.772174	729	802	4	10	73	0.1369863
NODE_3505_length_1249_cov_45.772174	729	802	7	13	73	0.1780822
NODE_3505_length_1249_cov_45.772174	729	802	9	21	73	0.2876712
NODE_3505_length_1249_cov_45.772174	729	802	10	29	73	0.3972603
NODE_3506_length_1249_cov_35.670435	515	595	0	5	80	0.0625000
NODE_3506_length_1249_cov_35.670435	515	595	2	75	80	0.9375000
NODE_3506_length_1249_cov_35.670435	568	648	0	58	80	0.7250000
NODE_3506_length_1249_cov_35.670435	568	648	2	22	80	0.2750000
NODE_3506_length_1249_cov_35.670435	644	724	0	80	80	1.0000000
NODE_3506_length_1249_cov_35.670435	697	777	0	80	80	1.0000000
NODE_3507_length_1249_cov_34.616522	576	656	0	80	80	1.0000000
NODE_3507_length_1249_cov_34.616522	629	709	0	80	80	1.0000000
NODE_3507_length_1249_cov_34.616522	705	785	0	60	80	0.7500000
NODE_3507_length_1249_cov_34.616522	705	785	4	20	80	0.2500000
NODE_3507_length_1249_cov_34.616522	758	838	0	7	80	0.0875000
NODE_3507_length_1249_cov_34.616522	758	838	4	73	80	0.9125000
NODE_3508_length_1249_cov_19.592174	461	541	0	34	80	0.4250000
NODE_3508_length_1249_cov_19.592174	461	541	2	13	80	0.1625000
NODE_3508_length_1249_cov_19.592174	461	541	4	15	80	0.1875000
NODE_3508_length_1249_cov_19.592174	461	541	6	18	80	0.2250000
NODE_3508_length_1249_cov_19.592174	514	594	0	80	80	1.0000000
NODE_3508_length_1249_cov_19.592174	860	940	0	80	80	1.0000000
NODE_3508_length_1249_cov_19.592174	913	993	0	80	80	1.0000000
NODE_3509_length_1249_cov_14.926957	1153	1219	15	66	66	1.0000000
NODE_3509_length_1249_cov_14.926957	1192	1249	0	11	57	0.1929825
NODE_3509_length_1249_cov_14.926957	1192	1249	4	1	57	0.0175439
NODE_3509_length_1249_cov_14.926957	1192	1249	15	45	57	0.7894737
NODE_3509_length_1249_cov_14.926957	1192	1247	0	9	55	0.1636364
NODE_3509_length_1249_cov_14.926957	1192	1247	4	1	55	0.0181818
NODE_3509_length_1249_cov_14.926957	1192	1247	15	45	55	0.8181818
NODE_3509_length_1249_cov_14.926957	1192	1249	0	11	57	0.1929825
NODE_3509_length_1249_cov_14.926957	1192	1249	4	1	57	0.0175439
NODE_3509_length_1249_cov_14.926957	1192	1249	15	45	57	0.7894737
NODE_3510_length_1249_cov_7.682609	757	837	0	73	80	0.9125000
NODE_3510_length_1249_cov_7.682609	757	837	2	7	80	0.0875000
NODE_3510_length_1249_cov_7.682609	810	890	0	20	80	0.2500000
NODE_3510_length_1249_cov_7.682609	810	890	2	60	80	0.7500000
NODE_3514_length_1248_cov_14.351610	469	549	6	16	80	0.2000000
NODE_3514_length_1248_cov_14.351610	469	549	7	22	80	0.2750000
NODE_3514_length_1248_cov_14.351610	469	549	8	8	80	0.1000000
NODE_3514_length_1248_cov_14.351610	469	549	9	16	80	0.2000000
NODE_3514_length_1248_cov_14.351610	469	549	10	10	80	0.1250000
NODE_3514_length_1248_cov_14.351610	469	549	11	8	80	0.1000000
NODE_3514_length_1248_cov_14.351610	522	602	4	21	80	0.2625000
NODE_3514_length_1248_cov_14.351610	522	602	6	11	80	0.1375000
NODE_3514_length_1248_cov_14.351610	522	602	7	43	80	0.5375000
NODE_3514_length_1248_cov_14.351610	522	602	11	5	80	0.0625000
NODE_3514_length_1248_cov_14.351610	598	678	4	27	80	0.3375000
NODE_3514_length_1248_cov_14.351610	598	678	6	41	80	0.5125000
NODE_3514_length_1248_cov_14.351610	598	678	8	12	80	0.1500000
NODE_3514_length_1248_cov_14.351610	651	731	4	62	80	0.7750000
NODE_3514_length_1248_cov_14.351610	651	731	6	18	80	0.2250000
NODE_3515_length_1248_cov_11.181027	303	383	0	80	80	1.0000000
NODE_3515_length_1248_cov_11.181027	356	436	0	79	80	0.9875000
NODE_3515_length_1248_cov_11.181027	356	436	4	1	80	0.0125000
NODE_3515_length_1248_cov_11.181027	432	512	0	3	80	0.0375000
NODE_3515_length_1248_cov_11.181027	432	512	4	51	80	0.6375000
NODE_3515_length_1248_cov_11.181027	432	512	6	26	80	0.3250000
NODE_3515_length_1248_cov_11.181027	485	565	2	19	80	0.2375000
NODE_3515_length_1248_cov_11.181027	485	565	4	1	80	0.0125000
NODE_3515_length_1248_cov_11.181027	485	565	6	60	80	0.7500000
NODE_3516_length_1248_cov_4.372498	17	98	4	81	81	1.0000000
NODE_3516_length_1248_cov_4.372498	94	152	0	34	58	0.5862069
NODE_3516_length_1248_cov_4.372498	94	152	2	16	58	0.2758621
NODE_3516_length_1248_cov_4.372498	94	152	3	1	58	0.0172414
NODE_3516_length_1248_cov_4.372498	94	152	4	7	58	0.1206897
NODE_3517_length_1248_cov_2.356832	952	1032	0	80	80	1.0000000
NODE_3517_length_1248_cov_2.356832	1005	1085	0	80	80	1.0000000
NODE_3518_length_1248_cov_2.283725	1102	1151	0	49	49	1.0000000
NODE_3522_length_1247_cov_25.355401	487	567	2	80	80	1.0000000
NODE_3522_length_1247_cov_25.355401	540	620	0	53	80	0.6625000
NODE_3522_length_1247_cov_25.355401	540	620	2	27	80	0.3375000
NODE_3522_length_1247_cov_25.355401	616	696	0	80	80	1.0000000
NODE_3522_length_1247_cov_25.355401	669	749	0	80	80	1.0000000
NODE_3528_length_1246_cov_30.231909	433	513	2	80	80	1.0000000
NODE_3528_length_1246_cov_30.231909	486	566	2	58	80	0.7250000
NODE_3528_length_1246_cov_30.231909	486	566	4	15	80	0.1875000
NODE_3528_length_1246_cov_30.231909	486	566	6	7	80	0.0875000
NODE_3528_length_1246_cov_30.231909	562	642	4	5	80	0.0625000
NODE_3528_length_1246_cov_30.231909	562	642	6	75	80	0.9375000
NODE_3528_length_1246_cov_30.231909	615	695	2	12	80	0.1500000
NODE_3528_length_1246_cov_30.231909	615	695	4	5	80	0.0625000
NODE_3528_length_1246_cov_30.231909	615	695	6	63	80	0.7875000
NODE_3529_length_1246_cov_13.847428	497	577	2	38	80	0.4750000
NODE_3529_length_1246_cov_13.847428	497	577	3	2	80	0.0250000
NODE_3529_length_1246_cov_13.847428	497	577	5	30	80	0.3750000
NODE_3529_length_1246_cov_13.847428	497	577	6	10	80	0.1250000
NODE_3529_length_1246_cov_13.847428	550	630	0	7	80	0.0875000
NODE_3529_length_1246_cov_13.847428	550	630	2	73	80	0.9125000
NODE_3535_length_1245_cov_31.472949	443	523	0	80	80	1.0000000
NODE_3535_length_1245_cov_31.472949	496	576	0	80	80	1.0000000
NODE_3536_length_1245_cov_30.068935	771	841	0	70	70	1.0000000
NODE_3537_length_1245_cov_24.765271	668	748	2	8	80	0.1000000
NODE_3537_length_1245_cov_24.765271	668	748	4	46	80	0.5750000
NODE_3537_length_1245_cov_24.765271	668	748	5	7	80	0.0875000
NODE_3537_length_1245_cov_24.765271	668	748	6	19	80	0.2375000
NODE_3537_length_1245_cov_24.765271	721	801	2	61	80	0.7625000
NODE_3537_length_1245_cov_24.765271	721	801	6	19	80	0.2375000
NODE_3537_length_1245_cov_24.765271	797	877	0	6	80	0.0750000
NODE_3537_length_1245_cov_24.765271	797	877	1	7	80	0.0875000
NODE_3537_length_1245_cov_24.765271	797	877	2	67	80	0.8375000
NODE_3537_length_1245_cov_24.765271	850	930	0	59	80	0.7375000
NODE_3537_length_1245_cov_24.765271	850	930	1	7	80	0.0875000
NODE_3537_length_1245_cov_24.765271	850	930	2	14	80	0.1750000
NODE_3538_length_1245_cov_16.854276	655	735	0	49	80	0.6125000
NODE_3538_length_1245_cov_16.854276	655	735	2	9	80	0.1125000
NODE_3538_length_1245_cov_16.854276	655	735	4	8	80	0.1000000
NODE_3538_length_1245_cov_16.854276	655	735	6	14	80	0.1750000
NODE_3538_length_1245_cov_16.854276	701	771	0	3	70	0.0428571
NODE_3538_length_1245_cov_16.854276	701	771	2	9	70	0.1285714
NODE_3538_length_1245_cov_16.854276	701	771	4	8	70	0.1142857
NODE_3538_length_1245_cov_16.854276	701	771	6	50	70	0.7142857
NODE_3538_length_1245_cov_16.854276	708	788	2	5	80	0.0625000
NODE_3538_length_1245_cov_16.854276	708	788	4	8	80	0.1000000
NODE_3538_length_1245_cov_16.854276	708	788	6	67	80	0.8375000
NODE_3540_length_1245_cov_1.187609	1148	1194	0	46	46	1.0000000
NODE_3540_length_1245_cov_1.187609	1167	1245	0	78	78	1.0000000
NODE_3541_length_1244_cov_52.633188	501	581	12	75	80	0.9375000
NODE_3541_length_1244_cov_52.633188	501	581	14	5	80	0.0625000
NODE_3541_length_1244_cov_52.633188	554	634	12	75	80	0.9375000
NODE_3541_length_1244_cov_52.633188	554	634	14	5	80	0.0625000
NODE_3541_length_1244_cov_52.633188	630	710	2	26	80	0.3250000
NODE_3541_length_1244_cov_52.633188	630	710	3	1	80	0.0125000
NODE_3541_length_1244_cov_52.633188	630	710	4	17	80	0.2125000
NODE_3541_length_1244_cov_52.633188	630	710	6	23	80	0.2875000
NODE_3541_length_1244_cov_52.633188	630	710	8	3	80	0.0375000
NODE_3541_length_1244_cov_52.633188	630	710	12	10	80	0.1250000
NODE_3541_length_1244_cov_52.633188	683	763	4	34	80	0.4250000
NODE_3541_length_1244_cov_52.633188	683	763	6	43	80	0.5375000
NODE_3541_length_1244_cov_52.633188	683	763	8	3	80	0.0375000
NODE_3542_length_1244_cov_33.889956	445	525	0	80	80	1.0000000
NODE_3542_length_1244_cov_33.889956	498	578	0	80	80	1.0000000
NODE_3542_length_1244_cov_33.889956	574	654	0	76	80	0.9500000
NODE_3542_length_1244_cov_33.889956	574	654	2	4	80	0.0500000
NODE_3542_length_1244_cov_33.889956	627	707	0	23	80	0.2875000
NODE_3542_length_1244_cov_33.889956	627	707	2	57	80	0.7125000
NODE_3543_length_1244_cov_16.798253	644	724	0	80	80	1.0000000
NODE_3543_length_1244_cov_16.798253	697	777	0	80	80	1.0000000
NODE_3544_length_1244_cov_1.735371	276	347	0	71	71	1.0000000
NODE_3544_length_1244_cov_1.735371	276	347	0	71	71	1.0000000
NODE_3544_length_1244_cov_1.735371	320	400	0	80	80	1.0000000
NODE_3544_length_1244_cov_1.735371	320	400	0	80	80	1.0000000
NODE_3548_length_1243_cov_34.284965	774	854	0	71	80	0.8875000
NODE_3548_length_1243_cov_34.284965	774	854	2	9	80	0.1125000
NODE_3548_length_1243_cov_34.284965	827	907	0	18	80	0.2250000
NODE_3548_length_1243_cov_34.284965	827	907	2	62	80	0.7750000
NODE_3552_length_1242_cov_29.665792	539	619	0	80	80	1.0000000
NODE_3552_length_1242_cov_29.665792	592	672	0	80	80	1.0000000
NODE_3553_length_1242_cov_28.304462	506	586	0	80	80	1.0000000
NODE_3553_length_1242_cov_28.304462	559	639	0	80	80	1.0000000
NODE_3553_length_1242_cov_28.304462	635	715	0	43	80	0.5375000
NODE_3553_length_1242_cov_28.304462	635	715	2	37	80	0.4625000
NODE_3553_length_1242_cov_28.304462	688	768	2	80	80	1.0000000
NODE_3554_length_1242_cov_16.383202	704	784	4	80	80	1.0000000
NODE_3554_length_1242_cov_16.383202	757	837	0	37	80	0.4625000
NODE_3554_length_1242_cov_16.383202	757	837	4	43	80	0.5375000
NODE_3555_length_1242_cov_8.081365	688	768	2	18	80	0.2250000
NODE_3555_length_1242_cov_8.081365	688	768	4	4	80	0.0500000
NODE_3555_length_1242_cov_8.081365	688	768	6	24	80	0.3000000
NODE_3555_length_1242_cov_8.081365	688	768	16	34	80	0.4250000
NODE_3555_length_1242_cov_8.081365	741	821	14	26	80	0.3250000
NODE_3555_length_1242_cov_8.081365	741	821	16	54	80	0.6750000
NODE_3561_length_1241_cov_36.544658	602	682	6	80	80	1.0000000
NODE_3561_length_1241_cov_36.544658	655	735	0	32	80	0.4000000
NODE_3561_length_1241_cov_36.544658	655	735	6	48	80	0.6000000
NODE_3562_length_1241_cov_19.894921	676	756	0	9	80	0.1125000
NODE_3562_length_1241_cov_19.894921	676	756	2	18	80	0.2250000
NODE_3562_length_1241_cov_19.894921	676	756	6	53	80	0.6625000
NODE_3562_length_1241_cov_19.894921	729	809	0	8	80	0.1000000
NODE_3562_length_1241_cov_19.894921	729	809	3	1	80	0.0125000
NODE_3562_length_1241_cov_19.894921	729	809	4	20	80	0.2500000
NODE_3562_length_1241_cov_19.894921	729	809	6	51	80	0.6375000
NODE_3569_length_1240_cov_38.375110	483	563	0	4	80	0.0500000
NODE_3569_length_1240_cov_38.375110	483	563	2	76	80	0.9500000
NODE_3569_length_1240_cov_38.375110	536	616	2	68	80	0.8500000
NODE_3569_length_1240_cov_38.375110	536	616	4	12	80	0.1500000
NODE_3569_length_1240_cov_38.375110	612	692	2	80	80	1.0000000
NODE_3569_length_1240_cov_38.375110	665	745	1	3	80	0.0375000
NODE_3569_length_1240_cov_38.375110	665	745	2	59	80	0.7375000
NODE_3569_length_1240_cov_38.375110	665	745	3	18	80	0.2250000
NODE_3570_length_1240_cov_24.975460	625	705	0	67	80	0.8375000
NODE_3570_length_1240_cov_24.975460	625	705	2	13	80	0.1625000
NODE_3570_length_1240_cov_24.975460	678	758	0	14	80	0.1750000
NODE_3570_length_1240_cov_24.975460	678	758	2	66	80	0.8250000
NODE_3571_length_1240_cov_23.812445	731	811	2	67	80	0.8375000
NODE_3571_length_1240_cov_23.812445	731	811	4	13	80	0.1625000
NODE_3571_length_1240_cov_23.812445	784	864	2	18	80	0.2250000
NODE_3571_length_1240_cov_23.812445	784	864	4	53	80	0.6625000
NODE_3571_length_1240_cov_23.812445	784	864	6	9	80	0.1125000
NODE_3576_length_1239_cov_37.657895	399	479	2	80	80	1.0000000
NODE_3576_length_1239_cov_37.657895	452	532	0	41	80	0.5125000
NODE_3576_length_1239_cov_37.657895	452	532	2	39	80	0.4875000
NODE_3576_length_1239_cov_37.657895	528	608	0	80	80	1.0000000
NODE_3576_length_1239_cov_37.657895	581	661	0	80	80	1.0000000
NODE_3577_length_1239_cov_14.984211	398	478	0	80	80	1.0000000
NODE_3577_length_1239_cov_14.984211	451	531	0	80	80	1.0000000
NODE_3577_length_1239_cov_14.984211	771	825	0	54	54	1.0000000
NODE_3577_length_1239_cov_14.984211	798	878	0	80	80	1.0000000
NODE_3578_length_1239_cov_13.312281	806	886	0	80	80	1.0000000
NODE_3578_length_1239_cov_13.312281	859	939	0	80	80	1.0000000
NODE_3579_length_1239_cov_7.116667	444	524	0	23	80	0.2875000
NODE_3579_length_1239_cov_7.116667	444	524	2	57	80	0.7125000
NODE_3579_length_1239_cov_7.116667	497	577	0	43	80	0.5375000
NODE_3579_length_1239_cov_7.116667	497	577	2	37	80	0.4625000
NODE_3582_length_1238_cov_33.830553	625	705	0	80	80	1.0000000
NODE_3582_length_1238_cov_33.830553	678	758	0	80	80	1.0000000
NODE_3583_length_1238_cov_8.163301	664	744	1	7	80	0.0875000
NODE_3583_length_1238_cov_8.163301	664	744	2	41	80	0.5125000
NODE_3583_length_1238_cov_8.163301	664	744	4	24	80	0.3000000
NODE_3583_length_1238_cov_8.163301	664	744	6	8	80	0.1000000
NODE_3583_length_1238_cov_8.163301	717	797	4	19	80	0.2375000
NODE_3583_length_1238_cov_8.163301	717	797	5	2	80	0.0250000
NODE_3583_length_1238_cov_8.163301	717	797	6	59	80	0.7375000
NODE_3586_length_1237_cov_24.562390	447	527	18	52	80	0.6500000
NODE_3586_length_1237_cov_24.562390	447	527	21	17	80	0.2125000
NODE_3586_length_1237_cov_24.562390	447	527	22	11	80	0.1375000
NODE_3586_length_1237_cov_24.562390	500	580	0	10	80	0.1250000
NODE_3586_length_1237_cov_24.562390	500	580	4	16	80	0.2000000
NODE_3586_length_1237_cov_24.562390	500	580	20	15	80	0.1875000
NODE_3586_length_1237_cov_24.562390	500	580	21	29	80	0.3625000
NODE_3586_length_1237_cov_24.562390	500	580	22	10	80	0.1250000
NODE_3587_length_1237_cov_9.297012	515	595	0	45	80	0.5625000
NODE_3587_length_1237_cov_9.297012	515	595	2	35	80	0.4375000
NODE_3587_length_1237_cov_9.297012	568	648	0	11	80	0.1375000
NODE_3587_length_1237_cov_9.297012	568	648	2	69	80	0.8625000
NODE_3594_length_1236_cov_46.661390	632	712	22	34	80	0.4250000
NODE_3594_length_1236_cov_46.661390	632	712	24	1	80	0.0125000
NODE_3594_length_1236_cov_46.661390	632	712	25	1	80	0.0125000
NODE_3594_length_1236_cov_46.661390	632	712	26	2	80	0.0250000
NODE_3594_length_1236_cov_46.661390	632	712	27	2	80	0.0250000
NODE_3594_length_1236_cov_46.661390	632	712	28	8	80	0.1000000
NODE_3594_length_1236_cov_46.661390	632	712	31	4	80	0.0500000
NODE_3594_length_1236_cov_46.661390	632	712	32	11	80	0.1375000
NODE_3594_length_1236_cov_46.661390	632	712	33	9	80	0.1125000
NODE_3594_length_1236_cov_46.661390	632	712	35	8	80	0.1000000
NODE_3594_length_1236_cov_46.661390	685	765	18	11	80	0.1375000
NODE_3594_length_1236_cov_46.661390	685	765	20	22	80	0.2750000
NODE_3594_length_1236_cov_46.661390	685	765	26	21	80	0.2625000
NODE_3594_length_1236_cov_46.661390	685	765	27	2	80	0.0250000
NODE_3594_length_1236_cov_46.661390	685	765	28	8	80	0.1000000
NODE_3594_length_1236_cov_46.661390	685	765	33	8	80	0.1000000
NODE_3594_length_1236_cov_46.661390	685	765	35	8	80	0.1000000
NODE_3595_length_1236_cov_8.625330	735	815	0	12	80	0.1500000
NODE_3595_length_1236_cov_8.625330	735	815	2	68	80	0.8500000
NODE_3595_length_1236_cov_8.625330	788	868	0	14	80	0.1750000
NODE_3595_length_1236_cov_8.625330	788	868	2	66	80	0.8250000
NODE_3597_length_1235_cov_31.619718	331	411	12	23	80	0.2875000
NODE_3597_length_1235_cov_31.619718	331	411	14	57	80	0.7125000
NODE_3597_length_1235_cov_31.619718	384	464	12	50	80	0.6250000
NODE_3597_length_1235_cov_31.619718	384	464	14	30	80	0.3750000
NODE_3598_length_1235_cov_20.252641	559	639	0	80	80	1.0000000
NODE_3598_length_1235_cov_20.252641	612	692	0	80	80	1.0000000
NODE_3598_length_1235_cov_20.252641	688	768	0	80	80	1.0000000
NODE_3598_length_1235_cov_20.252641	741	821	0	80	80	1.0000000
NODE_3599_length_1235_cov_18.462148	695	775	2	52	80	0.6500000
NODE_3599_length_1235_cov_18.462148	695	775	6	28	80	0.3500000
NODE_3599_length_1235_cov_18.462148	748	828	4	11	80	0.1375000
NODE_3599_length_1235_cov_18.462148	748	828	6	69	80	0.8625000
NODE_3600_length_1235_cov_8.696303	765	845	1	16	80	0.2000000
NODE_3600_length_1235_cov_8.696303	765	845	2	64	80	0.8000000
NODE_3600_length_1235_cov_8.696303	818	898	0	22	80	0.2750000
NODE_3600_length_1235_cov_8.696303	818	898	1	47	80	0.5875000
NODE_3600_length_1235_cov_8.696303	818	898	2	11	80	0.1375000
NODE_3601_length_1235_cov_5.580106	544	624	0	39	80	0.4875000
NODE_3601_length_1235_cov_5.580106	544	624	2	41	80	0.5125000
NODE_3601_length_1235_cov_5.580106	597	677	2	80	80	1.0000000
NODE_3608_length_1234_cov_27.136564	528	608	23	61	80	0.7625000
NODE_3608_length_1234_cov_27.136564	528	608	24	19	80	0.2375000
NODE_3608_length_1234_cov_27.136564	581	661	12	18	80	0.2250000
NODE_3608_length_1234_cov_27.136564	581	661	13	19	80	0.2375000
NODE_3608_length_1234_cov_27.136564	581	661	23	8	80	0.1000000
NODE_3608_length_1234_cov_27.136564	581	661	24	35	80	0.4375000
NODE_3611_length_1233_cov_64.374780	497	577	8	2	80	0.0250000
NODE_3611_length_1233_cov_64.374780	497	577	10	46	80	0.5750000
NODE_3611_length_1233_cov_64.374780	497	577	12	9	80	0.1125000
NODE_3611_length_1233_cov_64.374780	497	577	14	20	80	0.2500000
NODE_3611_length_1233_cov_64.374780	497	577	16	3	80	0.0375000
NODE_3611_length_1233_cov_64.374780	550	630	8	55	80	0.6875000
NODE_3611_length_1233_cov_64.374780	550	630	12	9	80	0.1125000
NODE_3611_length_1233_cov_64.374780	550	630	14	16	80	0.2000000
NODE_3611_length_1233_cov_64.374780	626	706	0	48	80	0.6000000
NODE_3611_length_1233_cov_64.374780	626	706	2	9	80	0.1125000
NODE_3611_length_1233_cov_64.374780	626	706	8	23	80	0.2875000
NODE_3611_length_1233_cov_64.374780	679	759	0	80	80	1.0000000
NODE_3612_length_1233_cov_52.833333	654	734	4	21	80	0.2625000
NODE_3612_length_1233_cov_52.833333	654	734	6	34	80	0.4250000
NODE_3612_length_1233_cov_52.833333	654	734	7	11	80	0.1375000
NODE_3612_length_1233_cov_52.833333	654	734	10	14	80	0.1750000
NODE_3612_length_1233_cov_52.833333	707	787	4	2	80	0.0250000
NODE_3612_length_1233_cov_52.833333	707	787	7	11	80	0.1375000
NODE_3612_length_1233_cov_52.833333	707	787	8	9	80	0.1125000
NODE_3612_length_1233_cov_52.833333	707	787	10	58	80	0.7250000
NODE_3613_length_1233_cov_18.096120	522	602	2	3	80	0.0375000
NODE_3613_length_1233_cov_18.096120	522	602	6	29	80	0.3625000
NODE_3613_length_1233_cov_18.096120	522	602	8	48	80	0.6000000
NODE_3613_length_1233_cov_18.096120	575	655	2	11	80	0.1375000
NODE_3613_length_1233_cov_18.096120	575	655	6	64	80	0.8000000
NODE_3613_length_1233_cov_18.096120	575	655	8	5	80	0.0625000
NODE_3613_length_1233_cov_18.096120	651	731	0	5	80	0.0625000
NODE_3613_length_1233_cov_18.096120	651	731	2	75	80	0.9375000
NODE_3613_length_1233_cov_18.096120	704	784	0	6	80	0.0750000
NODE_3613_length_1233_cov_18.096120	704	784	2	74	80	0.9250000
NODE_3614_length_1233_cov_15.360670	585	656	0	71	71	1.0000000
NODE_3614_length_1233_cov_15.360670	631	709	0	78	78	1.0000000
NODE_3620_length_1232_cov_62.112974	552	632	0	28	80	0.3500000
NODE_3620_length_1232_cov_62.112974	552	632	2	52	80	0.6500000
NODE_3620_length_1232_cov_62.112974	605	694	0	55	89	0.6179775
NODE_3620_length_1232_cov_62.112974	605	694	2	34	89	0.3820225
NODE_3620_length_1232_cov_62.112974	690	770	0	80	80	1.0000000
NODE_3620_length_1232_cov_62.112974	743	823	0	80	80	1.0000000
NODE_3621_length_1232_cov_34.635481	469	549	3	80	80	1.0000000
NODE_3621_length_1232_cov_34.635481	522	602	2	4	80	0.0500000
NODE_3621_length_1232_cov_34.635481	522	602	3	27	80	0.3375000
NODE_3621_length_1232_cov_34.635481	522	602	5	49	80	0.6125000
NODE_3622_length_1232_cov_16.362754	774	854	0	20	80	0.2500000
NODE_3622_length_1232_cov_16.362754	774	854	6	60	80	0.7500000
NODE_3622_length_1232_cov_16.362754	827	907	6	80	80	1.0000000
NODE_3623_length_1232_cov_13.395410	234	315	6	14	81	0.1728395
NODE_3623_length_1232_cov_13.395410	234	315	7	24	81	0.2962963
NODE_3623_length_1232_cov_13.395410	234	315	8	43	81	0.5308642
NODE_3623_length_1232_cov_13.395410	287	368	0	52	81	0.6419753
NODE_3623_length_1232_cov_13.395410	287	368	6	15	81	0.1851852
NODE_3623_length_1232_cov_13.395410	287	368	7	14	81	0.1728395
NODE_3623_length_1232_cov_13.395410	364	444	0	53	80	0.6625000
NODE_3623_length_1232_cov_13.395410	364	444	4	27	80	0.3375000
NODE_3623_length_1232_cov_13.395410	417	497	4	80	80	1.0000000
NODE_3625_length_1231_cov_47.606890	509	589	4	26	80	0.3250000
NODE_3625_length_1231_cov_47.606890	509	589	6	4	80	0.0500000
NODE_3625_length_1231_cov_47.606890	509	589	9	1	80	0.0125000
NODE_3625_length_1231_cov_47.606890	509	589	10	49	80	0.6125000
NODE_3625_length_1231_cov_47.606890	562	642	10	43	80	0.5375000
NODE_3625_length_1231_cov_47.606890	562	642	12	10	80	0.1250000
NODE_3625_length_1231_cov_47.606890	562	642	14	5	80	0.0625000
NODE_3625_length_1231_cov_47.606890	562	642	16	11	80	0.1375000
NODE_3625_length_1231_cov_47.606890	562	642	18	10	80	0.1250000
NODE_3625_length_1231_cov_47.606890	562	642	22	1	80	0.0125000
NODE_3625_length_1231_cov_47.606890	638	718	16	20	80	0.2500000
NODE_3625_length_1231_cov_47.606890	638	718	18	11	80	0.1375000
NODE_3625_length_1231_cov_47.606890	638	718	22	2	80	0.0250000
NODE_3625_length_1231_cov_47.606890	638	718	25	3	80	0.0375000
NODE_3625_length_1231_cov_47.606890	638	718	26	4	80	0.0500000
NODE_3625_length_1231_cov_47.606890	638	718	27	16	80	0.2000000
NODE_3625_length_1231_cov_47.606890	638	718	29	7	80	0.0875000
NODE_3625_length_1231_cov_47.606890	638	718	33	17	80	0.2125000
NODE_3625_length_1231_cov_47.606890	691	771	18	6	80	0.0750000
NODE_3625_length_1231_cov_47.606890	691	771	21	1	80	0.0125000
NODE_3625_length_1231_cov_47.606890	691	771	22	8	80	0.1000000
NODE_3625_length_1231_cov_47.606890	691	771	24	1	80	0.0125000
NODE_3625_length_1231_cov_47.606890	691	771	26	3	80	0.0375000
NODE_3625_length_1231_cov_47.606890	691	771	27	10	80	0.1250000
NODE_3625_length_1231_cov_47.606890	691	771	28	1	80	0.0125000
NODE_3625_length_1231_cov_47.606890	691	771	33	20	80	0.2500000
NODE_3625_length_1231_cov_47.606890	691	771	35	30	80	0.3750000
NODE_3626_length_1231_cov_27.498233	698	777	0	79	79	1.0000000
NODE_3626_length_1231_cov_27.498233	750	830	0	80	80	1.0000000
NODE_3627_length_1231_cov_21.245583	673	753	2	33	80	0.4125000
NODE_3627_length_1231_cov_21.245583	673	753	4	47	80	0.5875000
NODE_3627_length_1231_cov_21.245583	726	806	0	10	80	0.1250000
NODE_3627_length_1231_cov_21.245583	726	806	2	1	80	0.0125000
NODE_3627_length_1231_cov_21.245583	726	806	4	69	80	0.8625000
NODE_3627_length_1231_cov_21.245583	802	882	0	80	80	1.0000000
NODE_3627_length_1231_cov_21.245583	860	935	0	75	75	1.0000000
NODE_3628_length_1231_cov_9.895760	515	595	2	24	80	0.3000000
NODE_3628_length_1231_cov_9.895760	515	595	4	20	80	0.2500000
NODE_3628_length_1231_cov_9.895760	515	595	6	36	80	0.4500000
NODE_3628_length_1231_cov_9.895760	568	648	4	39	80	0.4875000
NODE_3628_length_1231_cov_9.895760	568	648	6	41	80	0.5125000
NODE_3630_length_1230_cov_43.705570	412	492	0	20	80	0.2500000
NODE_3630_length_1230_cov_43.705570	412	492	3	40	80	0.5000000
NODE_3630_length_1230_cov_43.705570	412	492	5	1	80	0.0125000
NODE_3630_length_1230_cov_43.705570	412	492	6	19	80	0.2375000
NODE_3630_length_1230_cov_43.705570	465	545	0	73	80	0.9125000
NODE_3630_length_1230_cov_43.705570	465	545	3	7	80	0.0875000
NODE_3631_length_1230_cov_43.663130	501	581	2	5	80	0.0625000
NODE_3631_length_1230_cov_43.663130	501	581	4	4	80	0.0500000
NODE_3631_length_1230_cov_43.663130	501	581	6	71	80	0.8875000
NODE_3631_length_1230_cov_43.663130	554	634	0	8	80	0.1000000
NODE_3631_length_1230_cov_43.663130	554	634	4	49	80	0.6125000
NODE_3631_length_1230_cov_43.663130	554	634	6	23	80	0.2875000
NODE_3632_length_1230_cov_33.173298	315	395	0	80	80	1.0000000
NODE_3632_length_1230_cov_33.173298	368	448	0	80	80	1.0000000
NODE_3633_length_1230_cov_12.939876	201	281	0	80	80	1.0000000
NODE_3633_length_1230_cov_12.939876	218	273	0	55	55	1.0000000
NODE_3633_length_1230_cov_12.939876	254	334	0	75	80	0.9375000
NODE_3633_length_1230_cov_12.939876	254	334	2	5	80	0.0625000
NODE_3633_length_1230_cov_12.939876	330	410	0	9	80	0.1125000
NODE_3633_length_1230_cov_12.939876	330	410	2	71	80	0.8875000
NODE_3633_length_1230_cov_12.939876	383	463	0	62	80	0.7750000
NODE_3633_length_1230_cov_12.939876	383	463	2	18	80	0.2250000
NODE_3634_length_1230_cov_5.155615	248	328	2	80	80	1.0000000
NODE_3634_length_1230_cov_5.155615	301	381	0	36	80	0.4500000
NODE_3634_length_1230_cov_5.155615	301	381	2	44	80	0.5500000
NODE_3640_length_1229_cov_30.214159	341	421	4	80	80	1.0000000
NODE_3640_length_1229_cov_30.214159	394	474	0	17	80	0.2125000
NODE_3640_length_1229_cov_30.214159	394	474	4	63	80	0.7875000
NODE_3641_length_1229_cov_23.165487	376	456	0	4	80	0.0500000
NODE_3641_length_1229_cov_23.165487	376	456	2	76	80	0.9500000
NODE_3641_length_1229_cov_23.165487	429	509	0	18	80	0.2250000
NODE_3641_length_1229_cov_23.165487	429	509	2	62	80	0.7750000
NODE_3641_length_1229_cov_23.165487	505	585	2	80	80	1.0000000
NODE_3641_length_1229_cov_23.165487	558	638	0	18	80	0.2250000
NODE_3641_length_1229_cov_23.165487	558	638	2	62	80	0.7750000
NODE_3642_length_1229_cov_19.376991	484	564	0	44	80	0.5500000
NODE_3642_length_1229_cov_19.376991	484	564	6	6	80	0.0750000
NODE_3642_length_1229_cov_19.376991	484	564	8	11	80	0.1375000
NODE_3642_length_1229_cov_19.376991	484	564	9	2	80	0.0250000
NODE_3642_length_1229_cov_19.376991	484	564	10	17	80	0.2125000
NODE_3642_length_1229_cov_19.376991	537	614	8	8	77	0.1038961
NODE_3642_length_1229_cov_19.376991	537	614	9	2	77	0.0259740
NODE_3642_length_1229_cov_19.376991	537	614	10	67	77	0.8701299
NODE_3643_length_1229_cov_11.799115	670	748	7	20	78	0.2564103
NODE_3643_length_1229_cov_11.799115	670	748	8	1	78	0.0128205
NODE_3643_length_1229_cov_11.799115	670	748	10	12	78	0.1538462
NODE_3643_length_1229_cov_11.799115	670	748	11	45	78	0.5769231
NODE_3643_length_1229_cov_11.799115	728	801	1	6	73	0.0821918
NODE_3643_length_1229_cov_11.799115	728	801	6	4	73	0.0547945
NODE_3643_length_1229_cov_11.799115	728	801	7	63	73	0.8630137
NODE_3644_length_1229_cov_8.140708	970	1050	6	16	80	0.2000000
NODE_3644_length_1229_cov_8.140708	970	1050	8	64	80	0.8000000
NODE_3644_length_1229_cov_8.140708	1023	1103	0	22	80	0.2750000
NODE_3644_length_1229_cov_8.140708	1023	1103	2	12	80	0.1500000
NODE_3644_length_1229_cov_8.140708	1023	1103	8	46	80	0.5750000
NODE_3646_length_1229_cov_3.654867	765	840	0	75	75	1.0000000
NODE_3646_length_1229_cov_3.654867	813	893	0	80	80	1.0000000
NODE_3652_length_1229_cov_0.949558	1034	1079	0	41	45	0.9111111
NODE_3652_length_1229_cov_0.949558	1034	1079	1	4	45	0.0888889
NODE_3652_length_1229_cov_0.949558	1090	1130	0	40	40	1.0000000
NODE_3654_length_1228_cov_22.622675	604	684	0	80	80	1.0000000
NODE_3654_length_1228_cov_22.622675	657	738	0	81	81	1.0000000
NODE_3655_length_1228_cov_17.900797	423	503	1	6	80	0.0750000
NODE_3655_length_1228_cov_17.900797	423	503	3	1	80	0.0125000
NODE_3655_length_1228_cov_17.900797	423	503	5	31	80	0.3875000
NODE_3655_length_1228_cov_17.900797	423	503	6	30	80	0.3750000
NODE_3655_length_1228_cov_17.900797	423	503	8	12	80	0.1500000
NODE_3655_length_1228_cov_17.900797	423	503	1	6	80	0.0750000
NODE_3655_length_1228_cov_17.900797	423	503	3	1	80	0.0125000
NODE_3655_length_1228_cov_17.900797	423	503	5	31	80	0.3875000
NODE_3655_length_1228_cov_17.900797	423	503	6	30	80	0.3750000
NODE_3655_length_1228_cov_17.900797	423	503	8	12	80	0.1500000
NODE_3655_length_1228_cov_17.900797	423	503	1	6	80	0.0750000
NODE_3655_length_1228_cov_17.900797	423	503	3	1	80	0.0125000
NODE_3655_length_1228_cov_17.900797	423	503	5	31	80	0.3875000
NODE_3655_length_1228_cov_17.900797	423	503	6	30	80	0.3750000
NODE_3655_length_1228_cov_17.900797	423	503	8	12	80	0.1500000
NODE_3655_length_1228_cov_17.900797	476	538	5	12	62	0.1935484
NODE_3655_length_1228_cov_17.900797	476	538	6	15	62	0.2419355
NODE_3655_length_1228_cov_17.900797	476	538	7	2	62	0.0322581
NODE_3655_length_1228_cov_17.900797	476	538	8	33	62	0.5322581
NODE_3655_length_1228_cov_17.900797	476	538	5	12	62	0.1935484
NODE_3655_length_1228_cov_17.900797	476	538	6	15	62	0.2419355
NODE_3655_length_1228_cov_17.900797	476	538	7	2	62	0.0322581
NODE_3655_length_1228_cov_17.900797	476	538	8	33	62	0.5322581
NODE_3655_length_1228_cov_17.900797	476	538	5	12	62	0.1935484
NODE_3655_length_1228_cov_17.900797	476	538	6	15	62	0.2419355
NODE_3655_length_1228_cov_17.900797	476	538	7	2	62	0.0322581
NODE_3655_length_1228_cov_17.900797	476	538	8	33	62	0.5322581
NODE_3655_length_1228_cov_17.900797	476	556	3	18	80	0.2250000
NODE_3655_length_1228_cov_17.900797	476	556	5	12	80	0.1500000
NODE_3655_length_1228_cov_17.900797	476	556	6	15	80	0.1875000
NODE_3655_length_1228_cov_17.900797	476	556	7	2	80	0.0250000
NODE_3655_length_1228_cov_17.900797	476	556	8	33	80	0.4125000
NODE_3656_length_1228_cov_14.554473	367	447	0	20	80	0.2500000
NODE_3656_length_1228_cov_14.554473	367	447	2	5	80	0.0625000
NODE_3656_length_1228_cov_14.554473	367	447	4	55	80	0.6875000
NODE_3656_length_1228_cov_14.554473	420	500	2	30	80	0.3750000
NODE_3656_length_1228_cov_14.554473	420	500	4	50	80	0.6250000
NODE_3657_length_1228_cov_10.021258	661	741	0	30	80	0.3750000
NODE_3657_length_1228_cov_10.021258	661	741	2	50	80	0.6250000
NODE_3657_length_1228_cov_10.021258	714	794	0	21	80	0.2625000
NODE_3657_length_1228_cov_10.021258	714	794	2	59	80	0.7375000
NODE_3660_length_1228_cov_3.987600	1139	1219	8	26	80	0.3250000
NODE_3660_length_1228_cov_3.987600	1139	1219	9	19	80	0.2375000
NODE_3660_length_1228_cov_3.987600	1139	1219	10	35	80	0.4375000
NODE_3662_length_1227_cov_29.002660	423	503	0	80	80	1.0000000
NODE_3662_length_1227_cov_29.002660	476	556	0	80	80	1.0000000
NODE_3663_length_1227_cov_17.479610	759	839	0	19	80	0.2375000
NODE_3663_length_1227_cov_17.479610	759	839	2	11	80	0.1375000
NODE_3663_length_1227_cov_17.479610	759	839	6	1	80	0.0125000
NODE_3663_length_1227_cov_17.479610	759	839	8	49	80	0.6125000
NODE_3663_length_1227_cov_17.479610	812	892	0	16	80	0.2000000
NODE_3663_length_1227_cov_17.479610	812	892	2	64	80	0.8000000
NODE_3666_length_1227_cov_3.808511	120	186	2	9	66	0.1363636
NODE_3666_length_1227_cov_3.808511	120	186	4	6	66	0.0909091
NODE_3666_length_1227_cov_3.808511	120	186	8	10	66	0.1515152
NODE_3666_length_1227_cov_3.808511	120	186	12	7	66	0.1060606
NODE_3666_length_1227_cov_3.808511	120	186	16	34	66	0.5151515
NODE_3666_length_1227_cov_3.808511	173	239	14	7	66	0.1060606
NODE_3666_length_1227_cov_3.808511	173	239	16	36	66	0.5454546
NODE_3666_length_1227_cov_3.808511	173	239	18	23	66	0.3484848
NODE_3666_length_1227_cov_3.808511	229	299	0	3	70	0.0428571
NODE_3666_length_1227_cov_3.808511	229	299	4	23	70	0.3285714
NODE_3666_length_1227_cov_3.808511	229	299	10	20	70	0.2857143
NODE_3666_length_1227_cov_3.808511	229	299	14	21	70	0.3000000
NODE_3666_length_1227_cov_3.808511	229	299	16	3	70	0.0428571
NODE_3672_length_1226_cov_23.792369	579	659	0	80	80	1.0000000
NODE_3672_length_1226_cov_23.792369	632	712	0	80	80	1.0000000
NODE_3672_length_1226_cov_23.792369	708	788	0	15	80	0.1875000
NODE_3672_length_1226_cov_23.792369	708	788	2	65	80	0.8125000
NODE_3672_length_1226_cov_23.792369	761	839	0	26	78	0.3333333
NODE_3672_length_1226_cov_23.792369	761	839	2	52	78	0.6666667
NODE_3673_length_1226_cov_5.620231	463	543	0	80	80	1.0000000
NODE_3673_length_1226_cov_5.620231	516	596	0	80	80	1.0000000
NODE_3674_length_1226_cov_4.881988	582	662	0	80	80	1.0000000
NODE_3674_length_1226_cov_4.881988	635	715	0	80	80	1.0000000
NODE_3682_length_1225_cov_55.596803	637	717	0	80	80	1.0000000
NODE_3682_length_1225_cov_55.596803	690	770	0	80	80	1.0000000
NODE_3682_length_1225_cov_55.596803	766	846	0	80	80	1.0000000
NODE_3682_length_1225_cov_55.596803	819	899	0	80	80	1.0000000
NODE_3683_length_1225_cov_35.189165	661	742	0	39	81	0.4814815
NODE_3683_length_1225_cov_35.189165	661	742	2	42	81	0.5185185
NODE_3683_length_1225_cov_35.189165	714	795	2	81	81	1.0000000
NODE_3684_length_1225_cov_33.755773	456	535	2	79	79	1.0000000
NODE_3684_length_1225_cov_33.755773	508	588	1	32	80	0.4000000
NODE_3684_length_1225_cov_33.755773	508	588	2	48	80	0.6000000
NODE_3685_length_1225_cov_30.116341	566	646	0	80	80	1.0000000
NODE_3685_length_1225_cov_30.116341	619	699	0	30	80	0.3750000
NODE_3685_length_1225_cov_30.116341	619	699	4	26	80	0.3250000
NODE_3685_length_1225_cov_30.116341	619	699	8	1	80	0.0125000
NODE_3685_length_1225_cov_30.116341	619	699	10	23	80	0.2875000
NODE_3685_length_1225_cov_30.116341	695	775	10	75	80	0.9375000
NODE_3685_length_1225_cov_30.116341	695	775	14	5	80	0.0625000
NODE_3685_length_1225_cov_30.116341	748	828	0	7	80	0.0875000
NODE_3685_length_1225_cov_30.116341	748	828	4	33	80	0.4125000
NODE_3685_length_1225_cov_30.116341	748	828	10	40	80	0.5000000
NODE_3686_length_1225_cov_29.177620	195	275	0	23	80	0.2875000
NODE_3686_length_1225_cov_29.177620	195	275	8	1	80	0.0125000
NODE_3686_length_1225_cov_29.177620	195	275	9	12	80	0.1500000
NODE_3686_length_1225_cov_29.177620	195	275	15	3	80	0.0375000
NODE_3686_length_1225_cov_29.177620	195	275	16	41	80	0.5125000
NODE_3686_length_1225_cov_29.177620	248	328	13	30	80	0.3750000
NODE_3686_length_1225_cov_29.177620	248	328	14	17	80	0.2125000
NODE_3686_length_1225_cov_29.177620	248	328	16	33	80	0.4125000
NODE_3687_length_1225_cov_26.849023	588	668	0	80	80	1.0000000
NODE_3687_length_1225_cov_26.849023	641	721	0	80	80	1.0000000
NODE_3687_length_1225_cov_26.849023	717	797	0	73	80	0.9125000
NODE_3687_length_1225_cov_26.849023	717	797	2	7	80	0.0875000
NODE_3687_length_1225_cov_26.849023	770	850	0	20	80	0.2500000
NODE_3687_length_1225_cov_26.849023	770	850	2	60	80	0.7500000
NODE_3688_length_1225_cov_24.444938	386	466	2	60	80	0.7500000
NODE_3688_length_1225_cov_24.444938	386	466	6	5	80	0.0625000
NODE_3688_length_1225_cov_24.444938	386	466	14	1	80	0.0125000
NODE_3688_length_1225_cov_24.444938	386	466	16	14	80	0.1750000
NODE_3688_length_1225_cov_24.444938	439	519	2	7	80	0.0875000
NODE_3688_length_1225_cov_24.444938	439	519	6	5	80	0.0625000
NODE_3688_length_1225_cov_24.444938	439	519	14	11	80	0.1375000
NODE_3688_length_1225_cov_24.444938	439	519	16	57	80	0.7125000
NODE_3690_length_1225_cov_19.369449	491	571	0	24	80	0.3000000
NODE_3690_length_1225_cov_19.369449	491	571	5	56	80	0.7000000
NODE_3690_length_1225_cov_19.369449	544	624	5	80	80	1.0000000
NODE_3690_length_1225_cov_19.369449	620	700	0	60	80	0.7500000
NODE_3690_length_1225_cov_19.369449	620	700	5	20	80	0.2500000
NODE_3690_length_1225_cov_19.369449	673	753	0	80	80	1.0000000
NODE_3691_length_1225_cov_13.281528	462	542	0	80	80	1.0000000
NODE_3691_length_1225_cov_13.281528	515	595	0	80	80	1.0000000
NODE_3691_length_1225_cov_13.281528	591	671	0	80	80	1.0000000
NODE_3691_length_1225_cov_13.281528	644	724	0	80	80	1.0000000
NODE_3692_length_1225_cov_10.887211	566	646	2	42	80	0.5250000
NODE_3692_length_1225_cov_10.887211	566	646	3	38	80	0.4750000
NODE_3692_length_1225_cov_10.887211	619	699	2	20	80	0.2500000
NODE_3692_length_1225_cov_10.887211	619	699	3	38	80	0.4750000
NODE_3692_length_1225_cov_10.887211	619	699	4	22	80	0.2750000
NODE_3696_length_1224_cov_24.568889	613	693	4	52	80	0.6500000
NODE_3696_length_1224_cov_24.568889	613	693	6	28	80	0.3500000
NODE_3696_length_1224_cov_24.568889	666	746	0	8	80	0.1000000
NODE_3696_length_1224_cov_24.568889	666	746	4	11	80	0.1375000
NODE_3696_length_1224_cov_24.568889	666	746	6	61	80	0.7625000
NODE_3697_length_1224_cov_17.538667	762	842	0	80	80	1.0000000
NODE_3697_length_1224_cov_17.538667	815	895	0	80	80	1.0000000
NODE_3698_length_1224_cov_14.138667	389	469	0	80	80	1.0000000
NODE_3698_length_1224_cov_14.138667	442	522	0	80	80	1.0000000
NODE_3699_length_1224_cov_11.358222	704	784	2	30	80	0.3750000
NODE_3699_length_1224_cov_11.358222	704	784	4	12	80	0.1500000
NODE_3699_length_1224_cov_11.358222	704	784	6	38	80	0.4750000
NODE_3699_length_1224_cov_11.358222	757	837	2	37	80	0.4625000
NODE_3699_length_1224_cov_11.358222	757	837	4	27	80	0.3375000
NODE_3699_length_1224_cov_11.358222	757	837	6	16	80	0.2000000
NODE_3700_length_1224_cov_6.963556	516	581	0	65	65	1.0000000
NODE_3705_length_1223_cov_44.608541	548	630	0	35	82	0.4268293
NODE_3705_length_1223_cov_44.608541	548	630	1	23	82	0.2804878
NODE_3705_length_1223_cov_44.608541	548	630	2	24	82	0.2926829
NODE_3705_length_1223_cov_44.608541	601	683	0	82	82	1.0000000
NODE_3705_length_1223_cov_44.608541	679	759	0	80	80	1.0000000
NODE_3705_length_1223_cov_44.608541	732	812	0	80	80	1.0000000
NODE_3706_length_1223_cov_26.730427	508	588	0	32	80	0.4000000
NODE_3706_length_1223_cov_26.730427	508	588	4	2	80	0.0250000
NODE_3706_length_1223_cov_26.730427	508	588	6	34	80	0.4250000
NODE_3706_length_1223_cov_26.730427	508	588	10	12	80	0.1500000
NODE_3706_length_1223_cov_26.730427	561	641	4	29	80	0.3625000
NODE_3706_length_1223_cov_26.730427	561	641	6	23	80	0.2875000
NODE_3706_length_1223_cov_26.730427	561	641	10	28	80	0.3500000
NODE_3707_length_1223_cov_18.902135	460	540	2	80	80	1.0000000
NODE_3707_length_1223_cov_18.902135	513	593	0	53	80	0.6625000
NODE_3707_length_1223_cov_18.902135	513	593	2	27	80	0.3375000
NODE_3708_length_1223_cov_6.989324	707	778	0	2	71	0.0281690
NODE_3708_length_1223_cov_6.989324	707	778	2	69	71	0.9718310
NODE_3710_length_1223_cov_5.251779	666	746	0	53	80	0.6625000
NODE_3710_length_1223_cov_5.251779	666	746	4	27	80	0.3375000
NODE_3710_length_1223_cov_5.251779	719	799	4	39	80	0.4875000
NODE_3710_length_1223_cov_5.251779	719	799	6	41	80	0.5125000
NODE_3710_length_1223_cov_5.251779	795	875	2	4	80	0.0500000
NODE_3710_length_1223_cov_5.251779	795	875	4	25	80	0.3125000
NODE_3710_length_1223_cov_5.251779	795	875	6	48	80	0.6000000
NODE_3710_length_1223_cov_5.251779	795	875	8	3	80	0.0375000
NODE_3710_length_1223_cov_5.251779	848	928	2	4	80	0.0500000
NODE_3710_length_1223_cov_5.251779	848	928	4	76	80	0.9500000
NODE_3716_length_1222_cov_18.406946	273	353	0	49	80	0.6125000
NODE_3716_length_1222_cov_18.406946	273	353	2	31	80	0.3875000
NODE_3716_length_1222_cov_18.406946	326	406	2	80	80	1.0000000
NODE_3720_length_1221_cov_33.261141	505	577	0	29	72	0.4027778
NODE_3720_length_1221_cov_33.261141	505	577	2	43	72	0.5972222
NODE_3720_length_1221_cov_33.261141	558	637	2	79	79	1.0000000
NODE_3720_length_1221_cov_33.261141	633	713	0	75	80	0.9375000
NODE_3720_length_1221_cov_33.261141	633	713	2	5	80	0.0625000
NODE_3720_length_1221_cov_33.261141	686	766	0	80	80	1.0000000
NODE_3721_length_1221_cov_19.466132	541	621	0	62	80	0.7750000
NODE_3721_length_1221_cov_19.466132	541	621	2	18	80	0.2250000
NODE_3721_length_1221_cov_19.466132	594	674	0	9	80	0.1125000
NODE_3721_length_1221_cov_19.466132	594	674	2	71	80	0.8875000
NODE_3722_length_1221_cov_15.940285	788	868	0	80	80	1.0000000
NODE_3722_length_1221_cov_15.940285	841	921	0	80	80	1.0000000
NODE_3722_length_1221_cov_15.940285	917	997	0	5	80	0.0625000
NODE_3722_length_1221_cov_15.940285	917	997	2	27	80	0.3375000
NODE_3722_length_1221_cov_15.940285	917	997	4	32	80	0.4000000
NODE_3722_length_1221_cov_15.940285	917	997	6	16	80	0.2000000
NODE_3722_length_1221_cov_15.940285	970	1050	4	11	80	0.1375000
NODE_3722_length_1221_cov_15.940285	970	1050	6	69	80	0.8625000
NODE_3723_length_1221_cov_15.796791	484	564	5	12	80	0.1500000
NODE_3723_length_1221_cov_15.796791	484	564	6	68	80	0.8500000
NODE_3723_length_1221_cov_15.796791	537	617	0	16	80	0.2000000
NODE_3723_length_1221_cov_15.796791	537	617	6	64	80	0.8000000
NODE_3724_length_1221_cov_15.312834	342	415	0	31	73	0.4246575
NODE_3724_length_1221_cov_15.312834	342	415	2	42	73	0.5753425
NODE_3724_length_1221_cov_15.312834	395	474	0	21	79	0.2658228
NODE_3724_length_1221_cov_15.312834	395	474	2	58	79	0.7341772
NODE_3725_length_1221_cov_9.695187	988	1068	0	80	80	1.0000000
NODE_3725_length_1221_cov_9.695187	1041	1100	0	59	59	1.0000000
NODE_3726_length_1221_cov_9.043672	695	775	0	80	80	1.0000000
NODE_3726_length_1221_cov_9.043672	748	828	0	80	80	1.0000000
NODE_3727_length_1221_cov_7.946524	147	227	0	16	80	0.2000000
NODE_3727_length_1221_cov_7.946524	147	227	3	22	80	0.2750000
NODE_3727_length_1221_cov_7.946524	147	227	5	6	80	0.0750000
NODE_3727_length_1221_cov_7.946524	147	227	8	36	80	0.4500000
NODE_3727_length_1221_cov_7.946524	200	280	8	80	80	1.0000000
NODE_3728_length_1221_cov_5.122103	248	328	0	80	80	1.0000000
NODE_3728_length_1221_cov_5.122103	301	381	0	80	80	1.0000000
NODE_3736_length_1220_cov_44.501338	319	399	0	36	80	0.4500000
NODE_3736_length_1220_cov_44.501338	319	399	6	44	80	0.5500000
NODE_3736_length_1220_cov_44.501338	372	452	6	80	80	1.0000000
NODE_3736_length_1220_cov_44.501338	448	528	0	22	80	0.2750000
NODE_3736_length_1220_cov_44.501338	448	528	1	5	80	0.0625000
NODE_3736_length_1220_cov_44.501338	448	528	3	9	80	0.1125000
NODE_3736_length_1220_cov_44.501338	448	528	4	22	80	0.2750000
NODE_3736_length_1220_cov_44.501338	448	528	6	22	80	0.2750000
NODE_3736_length_1220_cov_44.501338	501	581	3	5	80	0.0625000
NODE_3736_length_1220_cov_44.501338	501	581	4	75	80	0.9375000
NODE_3737_length_1220_cov_43.868867	720	800	0	40	80	0.5000000
NODE_3737_length_1220_cov_43.868867	720	800	4	40	80	0.5000000
NODE_3737_length_1220_cov_43.868867	773	853	4	80	80	1.0000000
NODE_3738_length_1220_cov_41.900089	593	673	4	12	80	0.1500000
NODE_3738_length_1220_cov_41.900089	593	673	6	1	80	0.0125000
NODE_3738_length_1220_cov_41.900089	593	673	16	2	80	0.0250000
NODE_3738_length_1220_cov_41.900089	593	673	20	65	80	0.8125000
NODE_3738_length_1220_cov_41.900089	646	726	0	33	80	0.4125000
NODE_3738_length_1220_cov_41.900089	646	726	4	32	80	0.4000000
NODE_3738_length_1220_cov_41.900089	646	726	6	1	80	0.0125000
NODE_3738_length_1220_cov_41.900089	646	726	20	14	80	0.1750000
NODE_3738_length_1220_cov_41.900089	722	802	0	53	80	0.6625000
NODE_3738_length_1220_cov_41.900089	722	802	2	27	80	0.3375000
NODE_3738_length_1220_cov_41.900089	775	855	2	80	80	1.0000000
NODE_3739_length_1220_cov_15.485281	395	475	0	80	80	1.0000000
NODE_3739_length_1220_cov_15.485281	448	528	0	80	80	1.0000000
NODE_3745_length_1219_cov_30.493750	643	723	0	80	80	1.0000000
NODE_3745_length_1219_cov_30.493750	696	776	0	80	80	1.0000000
NODE_3745_length_1219_cov_30.493750	772	852	0	80	80	1.0000000
NODE_3745_length_1219_cov_30.493750	825	905	0	80	80	1.0000000
NODE_3746_length_1219_cov_24.991071	566	646	0	9	80	0.1125000
NODE_3746_length_1219_cov_24.991071	566	646	4	71	80	0.8875000
NODE_3746_length_1219_cov_24.991071	619	699	0	7	80	0.0875000
NODE_3746_length_1219_cov_24.991071	619	699	4	73	80	0.9125000
NODE_3746_length_1219_cov_24.991071	695	775	0	80	80	1.0000000
NODE_3746_length_1219_cov_24.991071	748	828	0	42	80	0.5250000
NODE_3746_length_1219_cov_24.991071	748	828	2	38	80	0.4750000
NODE_3747_length_1219_cov_24.728571	465	545	0	80	80	1.0000000
NODE_3747_length_1219_cov_24.728571	518	598	0	80	80	1.0000000
NODE_3747_length_1219_cov_24.728571	594	674	0	73	80	0.9125000
NODE_3747_length_1219_cov_24.728571	594	674	2	4	80	0.0500000
NODE_3747_length_1219_cov_24.728571	594	674	4	3	80	0.0375000
NODE_3747_length_1219_cov_24.728571	647	727	0	20	80	0.2500000
NODE_3747_length_1219_cov_24.728571	647	727	2	4	80	0.0500000
NODE_3747_length_1219_cov_24.728571	647	727	4	19	80	0.2375000
NODE_3747_length_1219_cov_24.728571	647	727	6	37	80	0.4625000
NODE_3748_length_1219_cov_11.130357	535	615	0	80	80	1.0000000
NODE_3748_length_1219_cov_11.130357	588	668	0	80	80	1.0000000
NODE_3749_length_1219_cov_9.696429	734	814	2	12	80	0.1500000
NODE_3749_length_1219_cov_9.696429	734	814	4	17	80	0.2125000
NODE_3749_length_1219_cov_9.696429	734	814	6	1	80	0.0125000
NODE_3749_length_1219_cov_9.696429	734	814	8	50	80	0.6250000
NODE_3749_length_1219_cov_9.696429	787	867	4	17	80	0.2125000
NODE_3749_length_1219_cov_9.696429	787	867	6	22	80	0.2750000
NODE_3749_length_1219_cov_9.696429	787	867	8	41	80	0.5125000
NODE_3754_length_1218_cov_40.159071	554	634	0	80	80	1.0000000
NODE_3754_length_1218_cov_40.159071	607	687	0	80	80	1.0000000
NODE_3754_length_1218_cov_40.159071	683	763	0	80	80	1.0000000
NODE_3754_length_1218_cov_40.159071	736	816	0	80	80	1.0000000
NODE_3765_length_1216_cov_99.538944	44	124	170	2	80	0.0250000
NODE_3765_length_1216_cov_99.538944	44	124	171	1	80	0.0125000
NODE_3765_length_1216_cov_99.538944	44	124	178	1	80	0.0125000
NODE_3765_length_1216_cov_99.538944	44	124	198	2	80	0.0250000
NODE_3765_length_1216_cov_99.538944	44	124	201	1	80	0.0125000
NODE_3765_length_1216_cov_99.538944	44	124	202	1	80	0.0125000
NODE_3765_length_1216_cov_99.538944	44	124	205	1	80	0.0125000
NODE_3765_length_1216_cov_99.538944	44	124	206	1	80	0.0125000
NODE_3765_length_1216_cov_99.538944	44	124	211	1	80	0.0125000
NODE_3765_length_1216_cov_99.538944	44	124	215	2	80	0.0250000
NODE_3765_length_1216_cov_99.538944	44	124	218	1	80	0.0125000
NODE_3765_length_1216_cov_99.538944	44	124	226	1	80	0.0125000
NODE_3765_length_1216_cov_99.538944	44	124	227	1	80	0.0125000
NODE_3765_length_1216_cov_99.538944	44	124	229	1	80	0.0125000
NODE_3765_length_1216_cov_99.538944	44	124	233	2	80	0.0250000
NODE_3765_length_1216_cov_99.538944	44	124	235	3	80	0.0375000
NODE_3765_length_1216_cov_99.538944	44	124	240	1	80	0.0125000
NODE_3765_length_1216_cov_99.538944	44	124	245	1	80	0.0125000
NODE_3765_length_1216_cov_99.538944	44	124	251	1	80	0.0125000
NODE_3765_length_1216_cov_99.538944	44	124	256	1	80	0.0125000
NODE_3765_length_1216_cov_99.538944	44	124	257	1	80	0.0125000
NODE_3765_length_1216_cov_99.538944	44	124	262	1	80	0.0125000
NODE_3765_length_1216_cov_99.538944	44	124	274	1	80	0.0125000
NODE_3765_length_1216_cov_99.538944	44	124	277	1	80	0.0125000
NODE_3765_length_1216_cov_99.538944	44	124	280	1	80	0.0125000
NODE_3765_length_1216_cov_99.538944	44	124	285	1	80	0.0125000
NODE_3765_length_1216_cov_99.538944	44	124	287	1	80	0.0125000
NODE_3765_length_1216_cov_99.538944	44	124	288	2	80	0.0250000
NODE_3765_length_1216_cov_99.538944	44	124	297	1	80	0.0125000
NODE_3765_length_1216_cov_99.538944	44	124	301	2	80	0.0250000
NODE_3765_length_1216_cov_99.538944	44	124	304	1	80	0.0125000
NODE_3765_length_1216_cov_99.538944	44	124	307	1	80	0.0125000
NODE_3765_length_1216_cov_99.538944	44	124	309	1	80	0.0125000
NODE_3765_length_1216_cov_99.538944	44	124	311	2	80	0.0250000
NODE_3765_length_1216_cov_99.538944	44	124	312	1	80	0.0125000
NODE_3765_length_1216_cov_99.538944	44	124	320	1	80	0.0125000
NODE_3765_length_1216_cov_99.538944	44	124	322	2	80	0.0250000
NODE_3765_length_1216_cov_99.538944	44	124	328	2	80	0.0250000
NODE_3765_length_1216_cov_99.538944	44	124	332	1	80	0.0125000
NODE_3765_length_1216_cov_99.538944	44	124	333	1	80	0.0125000
NODE_3765_length_1216_cov_99.538944	44	124	337	1	80	0.0125000
NODE_3765_length_1216_cov_99.538944	44	124	341	1	80	0.0125000
NODE_3765_length_1216_cov_99.538944	44	124	342	1	80	0.0125000
NODE_3765_length_1216_cov_99.538944	44	124	352	1	80	0.0125000
NODE_3765_length_1216_cov_99.538944	44	124	354	2	80	0.0250000
NODE_3765_length_1216_cov_99.538944	44	124	356	1	80	0.0125000
NODE_3765_length_1216_cov_99.538944	44	124	361	1	80	0.0125000
NODE_3765_length_1216_cov_99.538944	44	124	363	4	80	0.0500000
NODE_3765_length_1216_cov_99.538944	44	124	364	2	80	0.0250000
NODE_3765_length_1216_cov_99.538944	44	124	365	1	80	0.0125000
NODE_3765_length_1216_cov_99.538944	44	124	366	2	80	0.0250000
NODE_3765_length_1216_cov_99.538944	44	124	367	2	80	0.0250000
NODE_3765_length_1216_cov_99.538944	44	124	368	5	80	0.0625000
NODE_3765_length_1216_cov_99.538944	44	124	370	5	80	0.0625000
NODE_3765_length_1216_cov_99.538944	97	157	304	1	60	0.0166667
NODE_3765_length_1216_cov_99.538944	97	157	305	1	60	0.0166667
NODE_3765_length_1216_cov_99.538944	97	157	308	2	60	0.0333333
NODE_3765_length_1216_cov_99.538944	97	157	310	1	60	0.0166667
NODE_3765_length_1216_cov_99.538944	97	157	316	1	60	0.0166667
NODE_3765_length_1216_cov_99.538944	97	157	318	1	60	0.0166667
NODE_3765_length_1216_cov_99.538944	97	157	330	1	60	0.0166667
NODE_3765_length_1216_cov_99.538944	97	157	337	2	60	0.0333333
NODE_3765_length_1216_cov_99.538944	97	157	341	2	60	0.0333333
NODE_3765_length_1216_cov_99.538944	97	157	342	1	60	0.0166667
NODE_3765_length_1216_cov_99.538944	97	157	343	2	60	0.0333333
NODE_3765_length_1216_cov_99.538944	97	157	348	1	60	0.0166667
NODE_3765_length_1216_cov_99.538944	97	157	350	6	60	0.1000000
NODE_3765_length_1216_cov_99.538944	97	157	351	1	60	0.0166667
NODE_3765_length_1216_cov_99.538944	97	157	352	1	60	0.0166667
NODE_3765_length_1216_cov_99.538944	97	157	353	4	60	0.0666667
NODE_3765_length_1216_cov_99.538944	97	157	354	2	60	0.0333333
NODE_3765_length_1216_cov_99.538944	97	157	355	4	60	0.0666667
NODE_3765_length_1216_cov_99.538944	97	157	356	1	60	0.0166667
NODE_3765_length_1216_cov_99.538944	97	157	358	1	60	0.0166667
NODE_3765_length_1216_cov_99.538944	97	157	360	1	60	0.0166667
NODE_3765_length_1216_cov_99.538944	97	157	361	2	60	0.0333333
NODE_3765_length_1216_cov_99.538944	97	157	363	4	60	0.0666667
NODE_3765_length_1216_cov_99.538944	97	157	364	2	60	0.0333333
NODE_3765_length_1216_cov_99.538944	97	157	365	1	60	0.0166667
NODE_3765_length_1216_cov_99.538944	97	157	366	2	60	0.0333333
NODE_3765_length_1216_cov_99.538944	97	157	367	2	60	0.0333333
NODE_3765_length_1216_cov_99.538944	97	157	368	5	60	0.0833333
NODE_3765_length_1216_cov_99.538944	97	157	370	5	60	0.0833333
NODE_3765_length_1216_cov_99.538944	824	903	82	3	79	0.0379747
NODE_3765_length_1216_cov_99.538944	824	903	83	3	79	0.0379747
NODE_3765_length_1216_cov_99.538944	824	903	84	2	79	0.0253165
NODE_3765_length_1216_cov_99.538944	824	903	85	1	79	0.0126582
NODE_3765_length_1216_cov_99.538944	824	903	86	2	79	0.0253165
NODE_3765_length_1216_cov_99.538944	824	903	87	1	79	0.0126582
NODE_3765_length_1216_cov_99.538944	824	903	88	1	79	0.0126582
NODE_3765_length_1216_cov_99.538944	824	903	89	2	79	0.0253165
NODE_3765_length_1216_cov_99.538944	824	903	94	4	79	0.0506329
NODE_3765_length_1216_cov_99.538944	824	903	97	1	79	0.0126582
NODE_3765_length_1216_cov_99.538944	824	903	98	1	79	0.0126582
NODE_3765_length_1216_cov_99.538944	824	903	100	2	79	0.0253165
NODE_3765_length_1216_cov_99.538944	824	903	101	2	79	0.0253165
NODE_3765_length_1216_cov_99.538944	824	903	102	2	79	0.0253165
NODE_3765_length_1216_cov_99.538944	824	903	108	1	79	0.0126582
NODE_3765_length_1216_cov_99.538944	824	903	114	1	79	0.0126582
NODE_3765_length_1216_cov_99.538944	824	903	117	2	79	0.0253165
NODE_3765_length_1216_cov_99.538944	824	903	121	1	79	0.0126582
NODE_3765_length_1216_cov_99.538944	824	903	122	1	79	0.0126582
NODE_3765_length_1216_cov_99.538944	824	903	126	1	79	0.0126582
NODE_3765_length_1216_cov_99.538944	824	903	128	1	79	0.0126582
NODE_3765_length_1216_cov_99.538944	824	903	130	1	79	0.0126582
NODE_3765_length_1216_cov_99.538944	824	903	132	1	79	0.0126582
NODE_3765_length_1216_cov_99.538944	824	903	134	1	79	0.0126582
NODE_3765_length_1216_cov_99.538944	824	903	143	1	79	0.0126582
NODE_3765_length_1216_cov_99.538944	824	903	150	1	79	0.0126582
NODE_3765_length_1216_cov_99.538944	824	903	153	3	79	0.0379747
NODE_3765_length_1216_cov_99.538944	824	903	157	1	79	0.0126582
NODE_3765_length_1216_cov_99.538944	824	903	158	1	79	0.0126582
NODE_3765_length_1216_cov_99.538944	824	903	159	1	79	0.0126582
NODE_3765_length_1216_cov_99.538944	824	903	161	4	79	0.0506329
NODE_3765_length_1216_cov_99.538944	824	903	169	1	79	0.0126582
NODE_3765_length_1216_cov_99.538944	824	903	172	1	79	0.0126582
NODE_3765_length_1216_cov_99.538944	824	903	173	1	79	0.0126582
NODE_3765_length_1216_cov_99.538944	824	903	182	1	79	0.0126582
NODE_3765_length_1216_cov_99.538944	824	903	189	1	79	0.0126582
NODE_3765_length_1216_cov_99.538944	824	903	193	1	79	0.0126582
NODE_3765_length_1216_cov_99.538944	824	903	201	1	79	0.0126582
NODE_3765_length_1216_cov_99.538944	824	903	204	1	79	0.0126582
NODE_3765_length_1216_cov_99.538944	824	903	206	1	79	0.0126582
NODE_3765_length_1216_cov_99.538944	824	903	209	4	79	0.0506329
NODE_3765_length_1216_cov_99.538944	824	903	210	2	79	0.0253165
NODE_3765_length_1216_cov_99.538944	824	903	211	5	79	0.0632911
NODE_3765_length_1216_cov_99.538944	824	903	212	2	79	0.0253165
NODE_3765_length_1216_cov_99.538944	824	903	214	1	79	0.0126582
NODE_3765_length_1216_cov_99.538944	824	903	215	4	79	0.0506329
NODE_3765_length_1216_cov_99.538944	824	903	216	2	79	0.0253165
NODE_3766_length_1216_cov_15.855864	668	748	0	52	80	0.6500000
NODE_3766_length_1216_cov_15.855864	668	748	2	28	80	0.3500000
NODE_3766_length_1216_cov_15.855864	721	801	2	80	80	1.0000000
NODE_3767_length_1216_cov_4.128917	720	800	0	80	80	1.0000000
NODE_3767_length_1216_cov_4.128917	773	853	0	80	80	1.0000000
NODE_3774_length_1215_cov_32.293011	411	491	2	14	80	0.1750000
NODE_3774_length_1215_cov_32.293011	411	491	4	66	80	0.8250000
NODE_3774_length_1215_cov_32.293011	464	544	0	33	80	0.4125000
NODE_3774_length_1215_cov_32.293011	464	544	2	34	80	0.4250000
NODE_3774_length_1215_cov_32.293011	464	544	4	13	80	0.1625000
NODE_3775_length_1215_cov_24.177419	729	809	4	21	80	0.2625000
NODE_3775_length_1215_cov_24.177419	729	809	8	59	80	0.7375000
NODE_3775_length_1215_cov_24.177419	782	862	6	12	80	0.1500000
NODE_3775_length_1215_cov_24.177419	782	862	7	3	80	0.0375000
NODE_3775_length_1215_cov_24.177419	782	862	8	65	80	0.8125000
NODE_3776_length_1215_cov_21.566308	645	725	0	44	80	0.5500000
NODE_3776_length_1215_cov_21.566308	645	725	2	36	80	0.4500000
NODE_3776_length_1215_cov_21.566308	698	778	0	12	80	0.1500000
NODE_3776_length_1215_cov_21.566308	698	778	2	68	80	0.8500000
NODE_3777_length_1215_cov_19.278674	630	710	0	80	80	1.0000000
NODE_3777_length_1215_cov_19.278674	683	763	0	80	80	1.0000000
NODE_3778_length_1215_cov_15.074373	664	744	0	35	80	0.4375000
NODE_3778_length_1215_cov_15.074373	664	744	2	45	80	0.5625000
NODE_3778_length_1215_cov_15.074373	717	797	0	80	80	1.0000000
NODE_3779_length_1215_cov_5.932796	507	587	0	80	80	1.0000000
NODE_3779_length_1215_cov_5.932796	560	640	0	80	80	1.0000000
NODE_3787_length_1214_cov_26.771300	420	500	55	3	80	0.0375000
NODE_3787_length_1214_cov_26.771300	420	500	57	1	80	0.0125000
NODE_3787_length_1214_cov_26.771300	420	500	59	1	80	0.0125000
NODE_3787_length_1214_cov_26.771300	420	500	61	1	80	0.0125000
NODE_3787_length_1214_cov_26.771300	420	500	66	1	80	0.0125000
NODE_3787_length_1214_cov_26.771300	420	500	73	1	80	0.0125000
NODE_3787_length_1214_cov_26.771300	420	500	74	2	80	0.0250000
NODE_3787_length_1214_cov_26.771300	420	500	75	1	80	0.0125000
NODE_3787_length_1214_cov_26.771300	420	500	83	4	80	0.0500000
NODE_3787_length_1214_cov_26.771300	420	500	87	1	80	0.0125000
NODE_3787_length_1214_cov_26.771300	420	500	89	1	80	0.0125000
NODE_3787_length_1214_cov_26.771300	420	500	99	1	80	0.0125000
NODE_3787_length_1214_cov_26.771300	420	500	103	5	80	0.0625000
NODE_3787_length_1214_cov_26.771300	420	500	109	1	80	0.0125000
NODE_3787_length_1214_cov_26.771300	420	500	112	1	80	0.0125000
NODE_3787_length_1214_cov_26.771300	420	500	130	1	80	0.0125000
NODE_3787_length_1214_cov_26.771300	420	500	133	1	80	0.0125000
NODE_3787_length_1214_cov_26.771300	420	500	134	1	80	0.0125000
NODE_3787_length_1214_cov_26.771300	420	500	142	1	80	0.0125000
NODE_3787_length_1214_cov_26.771300	420	500	143	1	80	0.0125000
NODE_3787_length_1214_cov_26.771300	420	500	144	6	80	0.0750000
NODE_3787_length_1214_cov_26.771300	420	500	145	1	80	0.0125000
NODE_3787_length_1214_cov_26.771300	420	500	147	1	80	0.0125000
NODE_3787_length_1214_cov_26.771300	420	500	151	1	80	0.0125000
NODE_3787_length_1214_cov_26.771300	420	500	160	1	80	0.0125000
NODE_3787_length_1214_cov_26.771300	420	500	161	1	80	0.0125000
NODE_3787_length_1214_cov_26.771300	420	500	165	2	80	0.0250000
NODE_3787_length_1214_cov_26.771300	420	500	167	1	80	0.0125000
NODE_3787_length_1214_cov_26.771300	420	500	169	3	80	0.0375000
NODE_3787_length_1214_cov_26.771300	420	500	171	1	80	0.0125000
NODE_3787_length_1214_cov_26.771300	420	500	178	4	80	0.0500000
NODE_3787_length_1214_cov_26.771300	420	500	179	1	80	0.0125000
NODE_3787_length_1214_cov_26.771300	420	500	180	1	80	0.0125000
NODE_3787_length_1214_cov_26.771300	420	500	182	6	80	0.0750000
NODE_3787_length_1214_cov_26.771300	420	500	184	3	80	0.0375000
NODE_3787_length_1214_cov_26.771300	420	500	186	17	80	0.2125000
NODE_3787_length_1214_cov_26.771300	473	553	50	1	80	0.0125000
NODE_3787_length_1214_cov_26.771300	473	553	56	1	80	0.0125000
NODE_3787_length_1214_cov_26.771300	473	553	58	1	80	0.0125000
NODE_3787_length_1214_cov_26.771300	473	553	60	1	80	0.0125000
NODE_3787_length_1214_cov_26.771300	473	553	68	1	80	0.0125000
NODE_3787_length_1214_cov_26.771300	473	553	74	1	80	0.0125000
NODE_3787_length_1214_cov_26.771300	473	553	81	1	80	0.0125000
NODE_3787_length_1214_cov_26.771300	473	553	86	1	80	0.0125000
NODE_3787_length_1214_cov_26.771300	473	553	88	2	80	0.0250000
NODE_3787_length_1214_cov_26.771300	473	553	92	1	80	0.0125000
NODE_3787_length_1214_cov_26.771300	473	553	94	1	80	0.0125000
NODE_3787_length_1214_cov_26.771300	473	553	104	2	80	0.0250000
NODE_3787_length_1214_cov_26.771300	473	553	112	1	80	0.0125000
NODE_3787_length_1214_cov_26.771300	473	553	113	1	80	0.0125000
NODE_3787_length_1214_cov_26.771300	473	553	115	1	80	0.0125000
NODE_3787_length_1214_cov_26.771300	473	553	116	1	80	0.0125000
NODE_3787_length_1214_cov_26.771300	473	553	122	1	80	0.0125000
NODE_3787_length_1214_cov_26.771300	473	553	124	1	80	0.0125000
NODE_3787_length_1214_cov_26.771300	473	553	130	1	80	0.0125000
NODE_3787_length_1214_cov_26.771300	473	553	134	1	80	0.0125000
NODE_3787_length_1214_cov_26.771300	473	553	138	2	80	0.0250000
NODE_3787_length_1214_cov_26.771300	473	553	142	1	80	0.0125000
NODE_3787_length_1214_cov_26.771300	473	553	153	1	80	0.0125000
NODE_3787_length_1214_cov_26.771300	473	553	157	3	80	0.0375000
NODE_3787_length_1214_cov_26.771300	473	553	159	3	80	0.0375000
NODE_3787_length_1214_cov_26.771300	473	553	163	2	80	0.0250000
NODE_3787_length_1214_cov_26.771300	473	553	166	1	80	0.0125000
NODE_3787_length_1214_cov_26.771300	473	553	168	1	80	0.0125000
NODE_3787_length_1214_cov_26.771300	473	553	169	1	80	0.0125000
NODE_3787_length_1214_cov_26.771300	473	553	170	1	80	0.0125000
NODE_3787_length_1214_cov_26.771300	473	553	172	1	80	0.0125000
NODE_3787_length_1214_cov_26.771300	473	553	173	1	80	0.0125000
NODE_3787_length_1214_cov_26.771300	473	553	175	6	80	0.0750000
NODE_3787_length_1214_cov_26.771300	473	553	177	1	80	0.0125000
NODE_3787_length_1214_cov_26.771300	473	553	179	7	80	0.0875000
NODE_3787_length_1214_cov_26.771300	473	553	182	6	80	0.0750000
NODE_3787_length_1214_cov_26.771300	473	553	184	3	80	0.0375000
NODE_3787_length_1214_cov_26.771300	473	553	186	17	80	0.2125000
NODE_3788_length_1214_cov_24.555157	480	560	2	18	80	0.2250000
NODE_3788_length_1214_cov_24.555157	480	560	8	27	80	0.3375000
NODE_3788_length_1214_cov_24.555157	480	560	11	35	80	0.4375000
NODE_3788_length_1214_cov_24.555157	533	613	0	27	80	0.3375000
NODE_3788_length_1214_cov_24.555157	533	613	2	44	80	0.5500000
NODE_3788_length_1214_cov_24.555157	533	613	8	9	80	0.1125000
NODE_3789_length_1214_cov_23.167713	623	703	2	80	80	1.0000000
NODE_3789_length_1214_cov_23.167713	676	756	0	27	80	0.3375000
NODE_3789_length_1214_cov_23.167713	676	756	2	53	80	0.6625000
NODE_3790_length_1214_cov_18.452915	555	635	0	80	80	1.0000000
NODE_3790_length_1214_cov_18.452915	608	688	0	80	80	1.0000000
NODE_3790_length_1214_cov_18.452915	684	764	0	80	80	1.0000000
NODE_3790_length_1214_cov_18.452915	737	817	0	80	80	1.0000000
NODE_3791_length_1214_cov_8.906726	206	286	0	80	80	1.0000000
NODE_3791_length_1214_cov_8.906726	259	339	0	80	80	1.0000000
NODE_3792_length_1214_cov_3.686996	415	495	0	15	80	0.1875000
NODE_3792_length_1214_cov_3.686996	415	495	2	64	80	0.8000000
NODE_3792_length_1214_cov_3.686996	415	495	4	1	80	0.0125000
NODE_3792_length_1214_cov_3.686996	468	548	2	43	80	0.5375000
NODE_3792_length_1214_cov_3.686996	468	548	4	37	80	0.4625000
NODE_3799_length_1214_cov_0.967713	1049	1129	142	4	80	0.0500000
NODE_3799_length_1214_cov_0.967713	1049	1129	144	1	80	0.0125000
NODE_3799_length_1214_cov_0.967713	1049	1129	148	3	80	0.0375000
NODE_3799_length_1214_cov_0.967713	1049	1129	156	3	80	0.0375000
NODE_3799_length_1214_cov_0.967713	1049	1129	157	4	80	0.0500000
NODE_3799_length_1214_cov_0.967713	1049	1129	158	1	80	0.0125000
NODE_3799_length_1214_cov_0.967713	1049	1129	159	2	80	0.0250000
NODE_3799_length_1214_cov_0.967713	1049	1129	160	9	80	0.1125000
NODE_3799_length_1214_cov_0.967713	1049	1129	163	7	80	0.0875000
NODE_3799_length_1214_cov_0.967713	1049	1129	164	14	80	0.1750000
NODE_3799_length_1214_cov_0.967713	1049	1129	165	2	80	0.0250000
NODE_3799_length_1214_cov_0.967713	1049	1129	166	2	80	0.0250000
NODE_3799_length_1214_cov_0.967713	1049	1129	168	6	80	0.0750000
NODE_3799_length_1214_cov_0.967713	1049	1129	169	2	80	0.0250000
NODE_3799_length_1214_cov_0.967713	1049	1129	170	2	80	0.0250000
NODE_3799_length_1214_cov_0.967713	1049	1129	171	2	80	0.0250000
NODE_3799_length_1214_cov_0.967713	1049	1129	173	3	80	0.0375000
NODE_3799_length_1214_cov_0.967713	1049	1129	177	2	80	0.0250000
NODE_3799_length_1214_cov_0.967713	1049	1129	179	8	80	0.1000000
NODE_3799_length_1214_cov_0.967713	1049	1129	181	3	80	0.0375000
NODE_3800_length_1213_cov_19.524237	499	579	0	80	80	1.0000000
NODE_3800_length_1213_cov_19.524237	552	632	0	80	80	1.0000000
NODE_3806_length_1212_cov_32.663073	688	768	2	13	80	0.1625000
NODE_3806_length_1212_cov_32.663073	688	768	4	67	80	0.8375000
NODE_3806_length_1212_cov_32.663073	741	821	0	31	80	0.3875000
NODE_3806_length_1212_cov_32.663073	741	821	2	35	80	0.4375000
NODE_3806_length_1212_cov_32.663073	741	821	4	14	80	0.1750000
NODE_3807_length_1212_cov_15.981132	33	113	0	80	80	1.0000000
NODE_3807_length_1212_cov_15.981132	511	591	4	34	80	0.4250000
NODE_3807_length_1212_cov_15.981132	511	591	6	46	80	0.5750000
NODE_3807_length_1212_cov_15.981132	564	637	0	15	73	0.2054795
NODE_3807_length_1212_cov_15.981132	564	637	2	12	73	0.1643836
NODE_3807_length_1212_cov_15.981132	564	637	4	41	73	0.5616438
NODE_3807_length_1212_cov_15.981132	564	637	6	5	73	0.0684932
NODE_3813_length_1211_cov_30.513489	561	641	0	80	80	1.0000000
NODE_3813_length_1211_cov_30.513489	614	694	0	80	80	1.0000000
NODE_3813_length_1211_cov_30.513489	690	770	0	58	80	0.7250000
NODE_3813_length_1211_cov_30.513489	690	770	4	22	80	0.2750000
NODE_3813_length_1211_cov_30.513489	743	823	0	5	80	0.0625000
NODE_3813_length_1211_cov_30.513489	743	823	4	75	80	0.9375000
NODE_3815_length_1211_cov_10.073741	380	460	2	80	80	1.0000000
NODE_3815_length_1211_cov_10.073741	433	513	0	3	80	0.0375000
NODE_3815_length_1211_cov_10.073741	433	513	1	4	80	0.0500000
NODE_3815_length_1211_cov_10.073741	433	513	2	73	80	0.9125000
NODE_3816_length_1211_cov_7.561151	598	678	4	19	80	0.2375000
NODE_3816_length_1211_cov_7.561151	598	678	6	61	80	0.7625000
NODE_3816_length_1211_cov_7.561151	651	731	0	13	80	0.1625000
NODE_3816_length_1211_cov_7.561151	651	731	2	35	80	0.4375000
NODE_3816_length_1211_cov_7.561151	651	731	6	32	80	0.4000000
NODE_3820_length_1210_cov_49.743474	398	478	0	53	80	0.6625000
NODE_3820_length_1210_cov_49.743474	398	478	2	27	80	0.3375000
NODE_3820_length_1210_cov_49.743474	451	531	2	80	80	1.0000000
NODE_3821_length_1210_cov_15.647165	647	727	4	80	80	1.0000000
NODE_3821_length_1210_cov_15.647165	700	780	0	52	80	0.6500000
NODE_3821_length_1210_cov_15.647165	700	780	4	28	80	0.3500000
NODE_3822_length_1210_cov_11.194419	794	874	0	80	80	1.0000000
NODE_3822_length_1210_cov_11.194419	847	927	0	80	80	1.0000000
NODE_3826_length_1209_cov_24.504505	582	662	0	3	80	0.0375000
NODE_3826_length_1209_cov_24.504505	582	662	2	77	80	0.9625000
NODE_3826_length_1209_cov_24.504505	635	715	0	56	80	0.7000000
NODE_3826_length_1209_cov_24.504505	635	715	2	24	80	0.3000000
NODE_3826_length_1209_cov_24.504505	711	791	0	80	80	1.0000000
NODE_3826_length_1209_cov_24.504505	764	844	0	80	80	1.0000000
NODE_3827_length_1209_cov_21.846847	520	600	0	80	80	1.0000000
NODE_3827_length_1209_cov_21.846847	573	653	0	80	80	1.0000000
NODE_3827_length_1209_cov_21.846847	649	729	0	6	80	0.0750000
NODE_3827_length_1209_cov_21.846847	649	729	2	13	80	0.1625000
NODE_3827_length_1209_cov_21.846847	649	729	6	61	80	0.7625000
NODE_3827_length_1209_cov_21.846847	702	782	0	2	80	0.0250000
NODE_3827_length_1209_cov_21.846847	702	782	4	18	80	0.2250000
NODE_3827_length_1209_cov_21.846847	702	782	6	60	80	0.7500000
NODE_3828_length_1209_cov_9.026126	782	862	0	80	80	1.0000000
NODE_3828_length_1209_cov_9.026126	835	915	0	80	80	1.0000000
NODE_3830_length_1209_cov_5.721622	926	1006	0	27	80	0.3375000
NODE_3830_length_1209_cov_5.721622	926	1006	4	53	80	0.6625000
NODE_3830_length_1209_cov_5.721622	979	1059	0	65	80	0.8125000
NODE_3830_length_1209_cov_5.721622	979	1059	4	15	80	0.1875000
NODE_3833_length_1208_cov_40.717764	886	966	47	1	80	0.0125000
NODE_3833_length_1208_cov_40.717764	886	966	49	6	80	0.0750000
NODE_3833_length_1208_cov_40.717764	886	966	52	1	80	0.0125000
NODE_3833_length_1208_cov_40.717764	886	966	53	1	80	0.0125000
NODE_3833_length_1208_cov_40.717764	886	966	54	1	80	0.0125000
NODE_3833_length_1208_cov_40.717764	886	966	55	1	80	0.0125000
NODE_3833_length_1208_cov_40.717764	886	966	56	1	80	0.0125000
NODE_3833_length_1208_cov_40.717764	886	966	59	1	80	0.0125000
NODE_3833_length_1208_cov_40.717764	886	966	60	1	80	0.0125000
NODE_3833_length_1208_cov_40.717764	886	966	62	1	80	0.0125000
NODE_3833_length_1208_cov_40.717764	886	966	63	2	80	0.0250000
NODE_3833_length_1208_cov_40.717764	886	966	65	1	80	0.0125000
NODE_3833_length_1208_cov_40.717764	886	966	67	1	80	0.0125000
NODE_3833_length_1208_cov_40.717764	886	966	70	1	80	0.0125000
NODE_3833_length_1208_cov_40.717764	886	966	74	1	80	0.0125000
NODE_3833_length_1208_cov_40.717764	886	966	75	1	80	0.0125000
NODE_3833_length_1208_cov_40.717764	886	966	87	1	80	0.0125000
NODE_3833_length_1208_cov_40.717764	886	966	90	1	80	0.0125000
NODE_3833_length_1208_cov_40.717764	886	966	91	1	80	0.0125000
NODE_3833_length_1208_cov_40.717764	886	966	93	1	80	0.0125000
NODE_3833_length_1208_cov_40.717764	886	966	95	3	80	0.0375000
NODE_3833_length_1208_cov_40.717764	886	966	98	1	80	0.0125000
NODE_3833_length_1208_cov_40.717764	886	966	103	1	80	0.0125000
NODE_3833_length_1208_cov_40.717764	886	966	110	1	80	0.0125000
NODE_3833_length_1208_cov_40.717764	886	966	114	2	80	0.0250000
NODE_3833_length_1208_cov_40.717764	886	966	116	6	80	0.0750000
NODE_3833_length_1208_cov_40.717764	886	966	118	9	80	0.1125000
NODE_3833_length_1208_cov_40.717764	886	966	119	3	80	0.0375000
NODE_3833_length_1208_cov_40.717764	886	966	120	1	80	0.0125000
NODE_3833_length_1208_cov_40.717764	886	966	132	1	80	0.0125000
NODE_3833_length_1208_cov_40.717764	886	966	138	1	80	0.0125000
NODE_3833_length_1208_cov_40.717764	886	966	140	1	80	0.0125000
NODE_3833_length_1208_cov_40.717764	886	966	144	1	80	0.0125000
NODE_3833_length_1208_cov_40.717764	886	966	146	2	80	0.0250000
NODE_3833_length_1208_cov_40.717764	886	966	150	1	80	0.0125000
NODE_3833_length_1208_cov_40.717764	886	966	154	10	80	0.1250000
NODE_3833_length_1208_cov_40.717764	886	966	155	3	80	0.0375000
NODE_3833_length_1208_cov_40.717764	886	966	157	2	80	0.0250000
NODE_3833_length_1208_cov_40.717764	886	966	159	5	80	0.0625000
NODE_3833_length_1208_cov_40.717764	939	985	132	1	46	0.0217391
NODE_3833_length_1208_cov_40.717764	939	985	138	1	46	0.0217391
NODE_3833_length_1208_cov_40.717764	939	985	140	1	46	0.0217391
NODE_3833_length_1208_cov_40.717764	939	985	144	1	46	0.0217391
NODE_3833_length_1208_cov_40.717764	939	985	146	2	46	0.0434783
NODE_3833_length_1208_cov_40.717764	939	985	150	1	46	0.0217391
NODE_3833_length_1208_cov_40.717764	939	985	154	10	46	0.2173913
NODE_3833_length_1208_cov_40.717764	939	985	155	3	46	0.0652174
NODE_3833_length_1208_cov_40.717764	939	985	157	2	46	0.0434783
NODE_3833_length_1208_cov_40.717764	939	985	159	8	46	0.1739130
NODE_3833_length_1208_cov_40.717764	939	985	165	3	46	0.0652174
NODE_3833_length_1208_cov_40.717764	939	985	167	6	46	0.1304348
NODE_3833_length_1208_cov_40.717764	939	985	168	1	46	0.0217391
NODE_3833_length_1208_cov_40.717764	939	985	170	1	46	0.0217391
NODE_3833_length_1208_cov_40.717764	939	985	171	1	46	0.0217391
NODE_3833_length_1208_cov_40.717764	939	985	172	4	46	0.0869565
NODE_3834_length_1208_cov_28.528404	614	694	0	23	80	0.2875000
NODE_3834_length_1208_cov_28.528404	614	694	3	15	80	0.1875000
NODE_3834_length_1208_cov_28.528404	614	694	6	42	80	0.5250000
NODE_3834_length_1208_cov_28.528404	667	747	0	76	80	0.9500000
NODE_3834_length_1208_cov_28.528404	667	747	3	4	80	0.0500000
NODE_3835_length_1208_cov_19.688007	682	762	2	18	80	0.2250000
NODE_3835_length_1208_cov_19.688007	682	762	4	62	80	0.7750000
NODE_3835_length_1208_cov_19.688007	735	815	0	2	80	0.0250000
NODE_3835_length_1208_cov_19.688007	735	815	1	19	80	0.2375000
NODE_3835_length_1208_cov_19.688007	735	815	2	50	80	0.6250000
NODE_3835_length_1208_cov_19.688007	735	815	4	9	80	0.1125000
NODE_3836_length_1208_cov_18.577096	455	535	2	40	80	0.5000000
NODE_3836_length_1208_cov_18.577096	455	535	6	12	80	0.1500000
NODE_3836_length_1208_cov_18.577096	455	535	8	28	80	0.3500000
NODE_3836_length_1208_cov_18.577096	508	588	6	16	80	0.2000000
NODE_3836_length_1208_cov_18.577096	508	588	8	64	80	0.8000000
NODE_3836_length_1208_cov_18.577096	584	664	4	37	80	0.4625000
NODE_3836_length_1208_cov_18.577096	584	664	6	9	80	0.1125000
NODE_3836_length_1208_cov_18.577096	584	664	8	34	80	0.4250000
NODE_3836_length_1208_cov_18.577096	637	717	2	3	80	0.0375000
NODE_3836_length_1208_cov_18.577096	637	717	4	45	80	0.5625000
NODE_3836_length_1208_cov_18.577096	637	717	6	32	80	0.4000000
NODE_3837_length_1208_cov_12.733995	766	846	0	80	80	1.0000000
NODE_3837_length_1208_cov_12.733995	819	899	0	68	80	0.8500000
NODE_3837_length_1208_cov_12.733995	819	899	2	12	80	0.1500000
NODE_3837_length_1208_cov_12.733995	895	975	2	27	80	0.3375000
NODE_3837_length_1208_cov_12.733995	895	975	5	1	80	0.0125000
NODE_3837_length_1208_cov_12.733995	895	975	9	1	80	0.0125000
NODE_3837_length_1208_cov_12.733995	895	975	10	15	80	0.1875000
NODE_3837_length_1208_cov_12.733995	895	975	12	36	80	0.4500000
NODE_3837_length_1208_cov_12.733995	948	1028	6	4	80	0.0500000
NODE_3837_length_1208_cov_12.733995	948	1028	10	46	80	0.5750000
NODE_3837_length_1208_cov_12.733995	948	1028	12	30	80	0.3750000
NODE_3838_length_1207_cov_20.461191	874	954	0	80	80	1.0000000
NODE_3838_length_1207_cov_20.461191	927	1007	0	80	80	1.0000000
NODE_3846_length_1206_cov_59.851852	540	620	0	80	80	1.0000000
NODE_3846_length_1206_cov_59.851852	593	673	0	80	80	1.0000000
NODE_3846_length_1206_cov_59.851852	669	749	0	56	80	0.7000000
NODE_3846_length_1206_cov_59.851852	669	749	2	24	80	0.3000000
NODE_3846_length_1206_cov_59.851852	722	802	0	3	80	0.0375000
NODE_3846_length_1206_cov_59.851852	722	802	2	77	80	0.9625000
NODE_3847_length_1206_cov_23.752484	669	749	4	80	80	1.0000000
NODE_3847_length_1206_cov_23.752484	722	802	0	40	80	0.5000000
NODE_3847_length_1206_cov_23.752484	722	802	4	40	80	0.5000000
NODE_3848_length_1206_cov_21.226739	585	665	0	79	80	0.9875000
NODE_3848_length_1206_cov_21.226739	585	665	2	1	80	0.0125000
NODE_3848_length_1206_cov_21.226739	638	718	0	26	80	0.3250000
NODE_3848_length_1206_cov_21.226739	638	718	2	54	80	0.6750000
NODE_3855_length_1205_cov_23.990054	355	435	0	25	80	0.3125000
NODE_3855_length_1205_cov_23.990054	355	435	7	12	80	0.1500000
NODE_3855_length_1205_cov_23.990054	355	435	8	43	80	0.5375000
NODE_3855_length_1205_cov_23.990054	408	488	8	80	80	1.0000000
NODE_3856_length_1205_cov_10.473779	780	860	0	6	80	0.0750000
NODE_3856_length_1205_cov_10.473779	780	860	2	74	80	0.9250000
NODE_3856_length_1205_cov_10.473779	833	913	0	9	80	0.1125000
NODE_3856_length_1205_cov_10.473779	833	913	2	71	80	0.8875000
NODE_3863_length_1204_cov_19.396380	537	617	0	16	80	0.2000000
NODE_3863_length_1204_cov_19.396380	537	617	3	1	80	0.0125000
NODE_3863_length_1204_cov_19.396380	537	617	4	52	80	0.6500000
NODE_3863_length_1204_cov_19.396380	537	617	6	7	80	0.0875000
NODE_3863_length_1204_cov_19.396380	537	617	10	4	80	0.0500000
NODE_3863_length_1204_cov_19.396380	590	670	4	16	80	0.2000000
NODE_3863_length_1204_cov_19.396380	590	670	6	7	80	0.0875000
NODE_3863_length_1204_cov_19.396380	590	670	10	16	80	0.2000000
NODE_3863_length_1204_cov_19.396380	590	670	12	41	80	0.5125000
NODE_3864_length_1204_cov_17.716742	448	528	0	18	80	0.2250000
NODE_3864_length_1204_cov_17.716742	448	528	4	62	80	0.7750000
NODE_3864_length_1204_cov_17.716742	501	581	0	22	80	0.2750000
NODE_3864_length_1204_cov_17.716742	501	581	4	58	80	0.7250000
NODE_3865_length_1204_cov_15.206335	426	506	2	67	80	0.8375000
NODE_3865_length_1204_cov_15.206335	426	506	4	13	80	0.1625000
NODE_3865_length_1204_cov_15.206335	479	559	2	49	80	0.6125000
NODE_3865_length_1204_cov_15.206335	479	559	4	31	80	0.3875000
NODE_3866_length_1204_cov_14.097738	632	712	0	28	80	0.3500000
NODE_3866_length_1204_cov_14.097738	632	712	2	1	80	0.0125000
NODE_3866_length_1204_cov_14.097738	632	712	4	9	80	0.1125000
NODE_3866_length_1204_cov_14.097738	632	712	8	42	80	0.5250000
NODE_3866_length_1204_cov_14.097738	685	765	4	17	80	0.2125000
NODE_3866_length_1204_cov_14.097738	685	765	6	3	80	0.0375000
NODE_3866_length_1204_cov_14.097738	685	765	8	60	80	0.7500000
NODE_3867_length_1204_cov_11.971946	549	629	2	10	80	0.1250000
NODE_3867_length_1204_cov_11.971946	549	629	4	70	80	0.8750000
NODE_3867_length_1204_cov_11.971946	602	682	0	37	80	0.4625000
NODE_3867_length_1204_cov_11.971946	602	682	2	26	80	0.3250000
NODE_3867_length_1204_cov_11.971946	602	682	4	17	80	0.2125000
NODE_3867_length_1204_cov_11.971946	678	758	0	80	80	1.0000000
NODE_3867_length_1204_cov_11.971946	731	811	0	80	80	1.0000000
NODE_3868_length_1204_cov_11.665158	499	579	0	53	80	0.6625000
NODE_3868_length_1204_cov_11.665158	499	579	4	27	80	0.3375000
NODE_3868_length_1204_cov_11.665158	552	632	4	80	80	1.0000000
NODE_3869_length_1204_cov_7.028959	637	717	0	10	80	0.1250000
NODE_3869_length_1204_cov_7.028959	637	717	2	70	80	0.8750000
NODE_3869_length_1204_cov_7.028959	690	770	0	4	80	0.0500000
NODE_3869_length_1204_cov_7.028959	690	770	2	76	80	0.9500000
NODE_3870_length_1204_cov_4.677828	807	887	0	16	80	0.2000000
NODE_3870_length_1204_cov_4.677828	807	887	2	64	80	0.8000000
NODE_3870_length_1204_cov_4.677828	860	940	2	80	80	1.0000000
NODE_3873_length_1203_cov_46.789855	515	595	2	5	80	0.0625000
NODE_3873_length_1203_cov_46.789855	515	595	4	75	80	0.9375000
NODE_3873_length_1203_cov_46.789855	568	648	0	12	80	0.1500000
NODE_3873_length_1203_cov_46.789855	568	648	2	22	80	0.2750000
NODE_3873_length_1203_cov_46.789855	568	648	4	46	80	0.5750000
NODE_3873_length_1203_cov_46.789855	644	724	2	80	80	1.0000000
NODE_3873_length_1203_cov_46.789855	697	777	2	80	80	1.0000000
NODE_3874_length_1203_cov_44.029891	471	551	2	2	80	0.0250000
NODE_3874_length_1203_cov_44.029891	471	551	12	78	80	0.9750000
NODE_3874_length_1203_cov_44.029891	524	604	0	46	80	0.5750000
NODE_3874_length_1203_cov_44.029891	524	604	2	9	80	0.1125000
NODE_3874_length_1203_cov_44.029891	524	604	12	25	80	0.3125000
NODE_3874_length_1203_cov_44.029891	600	680	0	80	80	1.0000000
NODE_3874_length_1203_cov_44.029891	653	733	0	80	80	1.0000000
NODE_3875_length_1203_cov_23.790761	308	388	2	80	80	1.0000000
NODE_3875_length_1203_cov_23.790761	361	441	2	57	80	0.7125000
NODE_3875_length_1203_cov_23.790761	361	441	4	21	80	0.2625000
NODE_3875_length_1203_cov_23.790761	361	441	6	2	80	0.0250000
NODE_3875_length_1203_cov_23.790761	437	517	4	80	80	1.0000000
NODE_3875_length_1203_cov_23.790761	490	570	0	41	80	0.5125000
NODE_3875_length_1203_cov_23.790761	490	570	4	39	80	0.4875000
NODE_3876_length_1203_cov_19.498188	336	416	8	40	80	0.5000000
NODE_3876_length_1203_cov_19.498188	336	416	14	40	80	0.5000000
NODE_3876_length_1203_cov_19.498188	389	469	8	27	80	0.3375000
NODE_3876_length_1203_cov_19.498188	389	469	10	10	80	0.1250000
NODE_3876_length_1203_cov_19.498188	389	469	12	2	80	0.0250000
NODE_3876_length_1203_cov_19.498188	389	469	14	41	80	0.5125000
NODE_3877_length_1203_cov_10.996377	317	397	0	80	80	1.0000000
NODE_3877_length_1203_cov_10.996377	370	450	0	80	80	1.0000000
NODE_3878_length_1203_cov_5.747283	725	805	0	80	80	1.0000000
NODE_3878_length_1203_cov_5.747283	778	858	0	80	80	1.0000000
NODE_3881_length_1202_cov_39.333636	475	555	0	18	80	0.2250000
NODE_3881_length_1202_cov_39.333636	475	555	2	12	80	0.1500000
NODE_3881_length_1202_cov_39.333636	475	555	6	50	80	0.6250000
NODE_3881_length_1202_cov_39.333636	528	608	2	3	80	0.0375000
NODE_3881_length_1202_cov_39.333636	528	608	4	24	80	0.3000000
NODE_3881_length_1202_cov_39.333636	528	608	6	53	80	0.6625000
NODE_3881_length_1202_cov_39.333636	604	684	2	2	80	0.0250000
NODE_3881_length_1202_cov_39.333636	604	684	4	11	80	0.1375000
NODE_3881_length_1202_cov_39.333636	604	684	6	39	80	0.4875000
NODE_3881_length_1202_cov_39.333636	604	684	10	28	80	0.3500000
NODE_3881_length_1202_cov_39.333636	657	737	6	28	80	0.3500000
NODE_3881_length_1202_cov_39.333636	657	737	10	52	80	0.6500000
NODE_3882_length_1202_cov_17.556664	599	679	0	2	80	0.0250000
NODE_3882_length_1202_cov_17.556664	599	679	4	13	80	0.1625000
NODE_3882_length_1202_cov_17.556664	599	679	6	44	80	0.5500000
NODE_3882_length_1202_cov_17.556664	599	679	10	21	80	0.2625000
NODE_3882_length_1202_cov_17.556664	652	732	4	8	80	0.1000000
NODE_3882_length_1202_cov_17.556664	652	732	6	6	80	0.0750000
NODE_3882_length_1202_cov_17.556664	652	732	8	13	80	0.1625000
NODE_3882_length_1202_cov_17.556664	652	732	10	53	80	0.6625000
NODE_3883_length_1202_cov_12.338169	634	714	2	80	80	1.0000000
NODE_3883_length_1202_cov_12.338169	687	767	0	47	80	0.5875000
NODE_3883_length_1202_cov_12.338169	687	767	2	33	80	0.4125000
NODE_3884_length_1202_cov_11.800544	520	600	0	43	80	0.5375000
NODE_3884_length_1202_cov_11.800544	520	600	2	37	80	0.4625000
NODE_3884_length_1202_cov_11.800544	573	653	2	80	80	1.0000000
NODE_3887_length_1201_cov_12.161525	434	514	0	5	80	0.0625000
NODE_3887_length_1201_cov_12.161525	434	514	4	21	80	0.2625000
NODE_3887_length_1201_cov_12.161525	434	514	10	54	80	0.6750000
NODE_3887_length_1201_cov_12.161525	487	567	6	15	80	0.1875000
NODE_3887_length_1201_cov_12.161525	487	567	8	38	80	0.4750000
NODE_3887_length_1201_cov_12.161525	487	567	10	27	80	0.3375000
NODE_3888_length_1201_cov_12.046279	643	723	0	18	80	0.2250000
NODE_3888_length_1201_cov_12.046279	643	723	2	62	80	0.7750000
NODE_3888_length_1201_cov_12.046279	696	776	0	11	80	0.1375000
NODE_3888_length_1201_cov_12.046279	696	776	2	69	80	0.8625000
NODE_3891_length_1200_cov_76.694823	630	710	0	80	80	1.0000000
NODE_3891_length_1200_cov_76.694823	683	763	0	80	80	1.0000000
NODE_3891_length_1200_cov_76.694823	759	839	0	80	80	1.0000000
NODE_3891_length_1200_cov_76.694823	812	892	0	80	80	1.0000000
NODE_3892_length_1200_cov_16.881926	827	902	19	7	75	0.0933333
NODE_3892_length_1200_cov_16.881926	827	902	22	13	75	0.1733333
NODE_3892_length_1200_cov_16.881926	827	902	23	2	75	0.0266667
NODE_3892_length_1200_cov_16.881926	827	902	24	10	75	0.1333333
NODE_3892_length_1200_cov_16.881926	827	902	27	1	75	0.0133333
NODE_3892_length_1200_cov_16.881926	827	902	30	4	75	0.0533333
NODE_3892_length_1200_cov_16.881926	827	902	32	1	75	0.0133333
NODE_3892_length_1200_cov_16.881926	827	902	33	1	75	0.0133333
NODE_3892_length_1200_cov_16.881926	827	902	35	2	75	0.0266667
NODE_3892_length_1200_cov_16.881926	827	902	39	1	75	0.0133333
NODE_3892_length_1200_cov_16.881926	827	902	40	1	75	0.0133333
NODE_3892_length_1200_cov_16.881926	827	902	44	1	75	0.0133333
NODE_3892_length_1200_cov_16.881926	827	902	50	1	75	0.0133333
NODE_3892_length_1200_cov_16.881926	827	902	51	1	75	0.0133333
NODE_3892_length_1200_cov_16.881926	827	902	57	1	75	0.0133333
NODE_3892_length_1200_cov_16.881926	827	902	58	3	75	0.0400000
NODE_3892_length_1200_cov_16.881926	827	902	63	1	75	0.0133333
NODE_3892_length_1200_cov_16.881926	827	902	65	1	75	0.0133333
NODE_3892_length_1200_cov_16.881926	827	902	70	1	75	0.0133333
NODE_3892_length_1200_cov_16.881926	827	902	71	6	75	0.0800000
NODE_3892_length_1200_cov_16.881926	827	902	79	5	75	0.0666667
NODE_3892_length_1200_cov_16.881926	827	902	81	1	75	0.0133333
NODE_3892_length_1200_cov_16.881926	827	902	82	4	75	0.0533333
NODE_3892_length_1200_cov_16.881926	827	902	84	6	75	0.0800000
NODE_3892_length_1200_cov_16.881926	828	904	19	6	76	0.0789474
NODE_3892_length_1200_cov_16.881926	828	904	22	13	76	0.1710526
NODE_3892_length_1200_cov_16.881926	828	904	23	2	76	0.0263158
NODE_3892_length_1200_cov_16.881926	828	904	24	10	76	0.1315790
NODE_3892_length_1200_cov_16.881926	828	904	27	1	76	0.0131579
NODE_3892_length_1200_cov_16.881926	828	904	30	4	76	0.0526316
NODE_3892_length_1200_cov_16.881926	828	904	32	1	76	0.0131579
NODE_3892_length_1200_cov_16.881926	828	904	33	1	76	0.0131579
NODE_3892_length_1200_cov_16.881926	828	904	35	2	76	0.0263158
NODE_3892_length_1200_cov_16.881926	828	904	39	1	76	0.0131579
NODE_3892_length_1200_cov_16.881926	828	904	40	1	76	0.0131579
NODE_3892_length_1200_cov_16.881926	828	904	44	1	76	0.0131579
NODE_3892_length_1200_cov_16.881926	828	904	50	1	76	0.0131579
NODE_3892_length_1200_cov_16.881926	828	904	51	1	76	0.0131579
NODE_3892_length_1200_cov_16.881926	828	904	57	1	76	0.0131579
NODE_3892_length_1200_cov_16.881926	828	904	58	3	76	0.0394737
NODE_3892_length_1200_cov_16.881926	828	904	63	1	76	0.0131579
NODE_3892_length_1200_cov_16.881926	828	904	65	1	76	0.0131579
NODE_3892_length_1200_cov_16.881926	828	904	70	1	76	0.0131579
NODE_3892_length_1200_cov_16.881926	828	904	71	6	76	0.0789474
NODE_3892_length_1200_cov_16.881926	828	904	79	5	76	0.0657895
NODE_3892_length_1200_cov_16.881926	828	904	81	1	76	0.0131579
NODE_3892_length_1200_cov_16.881926	828	904	82	4	76	0.0526316
NODE_3892_length_1200_cov_16.881926	828	904	84	6	76	0.0789474
NODE_3892_length_1200_cov_16.881926	828	904	86	2	76	0.0263158
NODE_3892_length_1200_cov_16.881926	841	907	22	6	66	0.0909091
NODE_3892_length_1200_cov_16.881926	841	907	23	2	66	0.0303030
NODE_3892_length_1200_cov_16.881926	841	907	24	10	66	0.1515152
NODE_3892_length_1200_cov_16.881926	841	907	27	1	66	0.0151515
NODE_3892_length_1200_cov_16.881926	841	907	30	4	66	0.0606061
NODE_3892_length_1200_cov_16.881926	841	907	32	1	66	0.0151515
NODE_3892_length_1200_cov_16.881926	841	907	33	1	66	0.0151515
NODE_3892_length_1200_cov_16.881926	841	907	35	2	66	0.0303030
NODE_3892_length_1200_cov_16.881926	841	907	39	1	66	0.0151515
NODE_3892_length_1200_cov_16.881926	841	907	40	1	66	0.0151515
NODE_3892_length_1200_cov_16.881926	841	907	44	1	66	0.0151515
NODE_3892_length_1200_cov_16.881926	841	907	50	1	66	0.0151515
NODE_3892_length_1200_cov_16.881926	841	907	51	1	66	0.0151515
NODE_3892_length_1200_cov_16.881926	841	907	57	1	66	0.0151515
NODE_3892_length_1200_cov_16.881926	841	907	58	3	66	0.0454545
NODE_3892_length_1200_cov_16.881926	841	907	63	1	66	0.0151515
NODE_3892_length_1200_cov_16.881926	841	907	65	1	66	0.0151515
NODE_3892_length_1200_cov_16.881926	841	907	70	1	66	0.0151515
NODE_3892_length_1200_cov_16.881926	841	907	71	6	66	0.0909091
NODE_3892_length_1200_cov_16.881926	841	907	79	5	66	0.0757576
NODE_3892_length_1200_cov_16.881926	841	907	81	1	66	0.0151515
NODE_3892_length_1200_cov_16.881926	841	907	82	4	66	0.0606061
NODE_3892_length_1200_cov_16.881926	841	907	84	6	66	0.0909091
NODE_3892_length_1200_cov_16.881926	841	907	86	3	66	0.0454545
NODE_3892_length_1200_cov_16.881926	841	907	87	2	66	0.0303030
NODE_3892_length_1200_cov_16.881926	880	957	71	6	77	0.0779221
NODE_3892_length_1200_cov_16.881926	880	957	79	5	77	0.0649351
NODE_3892_length_1200_cov_16.881926	880	957	81	1	77	0.0129870
NODE_3892_length_1200_cov_16.881926	880	957	82	4	77	0.0519481
NODE_3892_length_1200_cov_16.881926	880	957	84	6	77	0.0779221
NODE_3892_length_1200_cov_16.881926	880	957	86	3	77	0.0389610
NODE_3892_length_1200_cov_16.881926	880	957	87	6	77	0.0779221
NODE_3892_length_1200_cov_16.881926	880	957	89	3	77	0.0389610
NODE_3892_length_1200_cov_16.881926	880	957	92	1	77	0.0129870
NODE_3892_length_1200_cov_16.881926	880	957	96	2	77	0.0259740
NODE_3892_length_1200_cov_16.881926	880	957	97	10	77	0.1298701
NODE_3892_length_1200_cov_16.881926	880	957	102	2	77	0.0259740
NODE_3892_length_1200_cov_16.881926	880	957	103	2	77	0.0259740
NODE_3892_length_1200_cov_16.881926	880	957	105	2	77	0.0259740
NODE_3892_length_1200_cov_16.881926	880	957	106	2	77	0.0259740
NODE_3892_length_1200_cov_16.881926	880	957	107	2	77	0.0259740
NODE_3892_length_1200_cov_16.881926	880	957	108	1	77	0.0129870
NODE_3892_length_1200_cov_16.881926	880	957	109	6	77	0.0779221
NODE_3892_length_1200_cov_16.881926	880	957	111	1	77	0.0129870
NODE_3892_length_1200_cov_16.881926	880	957	112	2	77	0.0259740
NODE_3892_length_1200_cov_16.881926	880	957	115	1	77	0.0129870
NODE_3892_length_1200_cov_16.881926	880	957	120	2	77	0.0259740
NODE_3892_length_1200_cov_16.881926	880	957	122	2	77	0.0259740
NODE_3892_length_1200_cov_16.881926	880	957	123	2	77	0.0259740
NODE_3892_length_1200_cov_16.881926	880	957	124	1	77	0.0129870
NODE_3892_length_1200_cov_16.881926	880	957	125	2	77	0.0259740
NODE_3892_length_1200_cov_16.881926	880	957	71	6	77	0.0779221
NODE_3892_length_1200_cov_16.881926	880	957	79	5	77	0.0649351
NODE_3892_length_1200_cov_16.881926	880	957	81	1	77	0.0129870
NODE_3892_length_1200_cov_16.881926	880	957	82	4	77	0.0519481
NODE_3892_length_1200_cov_16.881926	880	957	84	6	77	0.0779221
NODE_3892_length_1200_cov_16.881926	880	957	86	3	77	0.0389610
NODE_3892_length_1200_cov_16.881926	880	957	87	6	77	0.0779221
NODE_3892_length_1200_cov_16.881926	880	957	89	3	77	0.0389610
NODE_3892_length_1200_cov_16.881926	880	957	92	1	77	0.0129870
NODE_3892_length_1200_cov_16.881926	880	957	96	2	77	0.0259740
NODE_3892_length_1200_cov_16.881926	880	957	97	10	77	0.1298701
NODE_3892_length_1200_cov_16.881926	880	957	102	2	77	0.0259740
NODE_3892_length_1200_cov_16.881926	880	957	103	2	77	0.0259740
NODE_3892_length_1200_cov_16.881926	880	957	105	2	77	0.0259740
NODE_3892_length_1200_cov_16.881926	880	957	106	2	77	0.0259740
NODE_3892_length_1200_cov_16.881926	880	957	107	2	77	0.0259740
NODE_3892_length_1200_cov_16.881926	880	957	108	1	77	0.0129870
NODE_3892_length_1200_cov_16.881926	880	957	109	6	77	0.0779221
NODE_3892_length_1200_cov_16.881926	880	957	111	1	77	0.0129870
NODE_3892_length_1200_cov_16.881926	880	957	112	2	77	0.0259740
NODE_3892_length_1200_cov_16.881926	880	957	115	1	77	0.0129870
NODE_3892_length_1200_cov_16.881926	880	957	120	2	77	0.0259740
NODE_3892_length_1200_cov_16.881926	880	957	122	2	77	0.0259740
NODE_3892_length_1200_cov_16.881926	880	957	123	2	77	0.0259740
NODE_3892_length_1200_cov_16.881926	880	957	124	1	77	0.0129870
NODE_3892_length_1200_cov_16.881926	880	957	125	2	77	0.0259740
NODE_3892_length_1200_cov_16.881926	880	957	71	6	77	0.0779221
NODE_3892_length_1200_cov_16.881926	880	957	79	5	77	0.0649351
NODE_3892_length_1200_cov_16.881926	880	957	81	1	77	0.0129870
NODE_3892_length_1200_cov_16.881926	880	957	82	4	77	0.0519481
NODE_3892_length_1200_cov_16.881926	880	957	84	6	77	0.0779221
NODE_3892_length_1200_cov_16.881926	880	957	86	3	77	0.0389610
NODE_3892_length_1200_cov_16.881926	880	957	87	6	77	0.0779221
NODE_3892_length_1200_cov_16.881926	880	957	89	3	77	0.0389610
NODE_3892_length_1200_cov_16.881926	880	957	92	1	77	0.0129870
NODE_3892_length_1200_cov_16.881926	880	957	96	2	77	0.0259740
NODE_3892_length_1200_cov_16.881926	880	957	97	10	77	0.1298701
NODE_3892_length_1200_cov_16.881926	880	957	102	2	77	0.0259740
NODE_3892_length_1200_cov_16.881926	880	957	103	2	77	0.0259740
NODE_3892_length_1200_cov_16.881926	880	957	105	2	77	0.0259740
NODE_3892_length_1200_cov_16.881926	880	957	106	2	77	0.0259740
NODE_3892_length_1200_cov_16.881926	880	957	107	2	77	0.0259740
NODE_3892_length_1200_cov_16.881926	880	957	108	1	77	0.0129870
NODE_3892_length_1200_cov_16.881926	880	957	109	6	77	0.0779221
NODE_3892_length_1200_cov_16.881926	880	957	111	1	77	0.0129870
NODE_3892_length_1200_cov_16.881926	880	957	112	2	77	0.0259740
NODE_3892_length_1200_cov_16.881926	880	957	115	1	77	0.0129870
NODE_3892_length_1200_cov_16.881926	880	957	120	2	77	0.0259740
NODE_3892_length_1200_cov_16.881926	880	957	122	2	77	0.0259740
NODE_3892_length_1200_cov_16.881926	880	957	123	2	77	0.0259740
NODE_3892_length_1200_cov_16.881926	880	957	124	1	77	0.0129870
NODE_3892_length_1200_cov_16.881926	880	957	125	2	77	0.0259740
NODE_3893_length_1200_cov_15.374205	605	685	8	14	80	0.1750000
NODE_3893_length_1200_cov_15.374205	605	685	10	13	80	0.1625000
NODE_3893_length_1200_cov_15.374205	605	685	11	8	80	0.1000000
NODE_3893_length_1200_cov_15.374205	605	685	12	32	80	0.4000000
NODE_3893_length_1200_cov_15.374205	605	685	13	13	80	0.1625000
NODE_3893_length_1200_cov_15.374205	658	738	2	7	80	0.0875000
NODE_3893_length_1200_cov_15.374205	658	738	3	11	80	0.1375000
NODE_3893_length_1200_cov_15.374205	658	738	4	19	80	0.2375000
NODE_3893_length_1200_cov_15.374205	658	738	9	5	80	0.0625000
NODE_3893_length_1200_cov_15.374205	658	738	11	19	80	0.2375000
NODE_3893_length_1200_cov_15.374205	658	738	12	6	80	0.0750000
NODE_3893_length_1200_cov_15.374205	658	738	13	13	80	0.1625000
NODE_3894_length_1200_cov_12.953678	486	550	2	9	64	0.1406250
NODE_3894_length_1200_cov_12.953678	486	550	4	55	64	0.8593750
NODE_3899_length_1199_cov_14.843636	222	302	0	34	80	0.4250000
NODE_3899_length_1199_cov_14.843636	222	302	2	46	80	0.5750000
NODE_3899_length_1199_cov_14.843636	275	355	0	34	80	0.4250000
NODE_3899_length_1199_cov_14.843636	275	355	2	46	80	0.5750000
NODE_3900_length_1199_cov_12.005455	383	463	12	80	80	1.0000000
NODE_3900_length_1199_cov_12.005455	436	516	2	2	80	0.0250000
NODE_3900_length_1199_cov_12.005455	436	516	6	14	80	0.1750000
NODE_3900_length_1199_cov_12.005455	436	516	8	7	80	0.0875000
NODE_3900_length_1199_cov_12.005455	436	516	12	57	80	0.7125000
NODE_3900_length_1199_cov_12.005455	512	592	2	78	80	0.9750000
NODE_3900_length_1199_cov_12.005455	512	592	8	2	80	0.0250000
NODE_3900_length_1199_cov_12.005455	565	645	0	42	80	0.5250000
NODE_3900_length_1199_cov_12.005455	565	645	2	38	80	0.4750000
NODE_3902_length_1198_cov_36.830755	619	699	2	80	80	1.0000000
NODE_3902_length_1198_cov_36.830755	672	752	0	47	80	0.5875000
NODE_3902_length_1198_cov_36.830755	672	752	2	33	80	0.4125000
NODE_3903_length_1198_cov_22.864422	719	799	8	1	80	0.0125000
NODE_3903_length_1198_cov_22.864422	719	799	10	48	80	0.6000000
NODE_3903_length_1198_cov_22.864422	719	799	13	8	80	0.1000000
NODE_3903_length_1198_cov_22.864422	719	799	16	23	80	0.2875000
NODE_3903_length_1198_cov_22.864422	772	852	8	25	80	0.3125000
NODE_3903_length_1198_cov_22.864422	772	852	13	4	80	0.0500000
NODE_3903_length_1198_cov_22.864422	772	852	16	51	80	0.6375000
NODE_3904_length_1198_cov_17.619654	260	340	11	25	80	0.3125000
NODE_3904_length_1198_cov_17.619654	260	340	13	55	80	0.6875000
NODE_3904_length_1198_cov_17.619654	313	392	0	4	79	0.0506329
NODE_3904_length_1198_cov_17.619654	313	392	3	11	79	0.1392405
NODE_3904_length_1198_cov_17.619654	313	392	6	4	79	0.0506329
NODE_3904_length_1198_cov_17.619654	313	392	10	26	79	0.3291139
NODE_3904_length_1198_cov_17.619654	313	392	13	34	79	0.4303797
NODE_3905_length_1198_cov_10.148317	718	798	0	62	80	0.7750000
NODE_3905_length_1198_cov_10.148317	718	798	4	18	80	0.2250000
NODE_3905_length_1198_cov_10.148317	771	851	0	9	80	0.1125000
NODE_3905_length_1198_cov_10.148317	771	851	4	28	80	0.3500000
NODE_3905_length_1198_cov_10.148317	771	851	6	43	80	0.5375000
NODE_3906_length_1198_cov_6.733394	549	629	0	80	80	1.0000000
NODE_3906_length_1198_cov_6.733394	602	682	0	80	80	1.0000000
NODE_3912_length_1197_cov_27.653005	417	497	0	75	80	0.9375000
NODE_3912_length_1197_cov_27.653005	417	497	2	5	80	0.0625000
NODE_3912_length_1197_cov_27.653005	470	550	0	22	80	0.2750000
NODE_3912_length_1197_cov_27.653005	470	550	2	58	80	0.7250000
NODE_3912_length_1197_cov_27.653005	546	626	2	40	80	0.5000000
NODE_3912_length_1197_cov_27.653005	546	626	4	25	80	0.3125000
NODE_3912_length_1197_cov_27.653005	546	626	6	15	80	0.1875000
NODE_3912_length_1197_cov_27.653005	599	679	0	17	80	0.2125000
NODE_3912_length_1197_cov_27.653005	599	679	2	1	80	0.0125000
NODE_3912_length_1197_cov_27.653005	599	679	4	51	80	0.6375000
NODE_3912_length_1197_cov_27.653005	599	679	6	11	80	0.1375000
NODE_3913_length_1197_cov_14.653916	490	570	0	80	80	1.0000000
NODE_3913_length_1197_cov_14.653916	543	623	0	80	80	1.0000000
NODE_3921_length_1196_cov_26.169553	298	378	0	80	80	1.0000000
NODE_3921_length_1196_cov_26.169553	351	431	0	80	80	1.0000000
NODE_3921_length_1196_cov_26.169553	427	507	0	42	80	0.5250000
NODE_3921_length_1196_cov_26.169553	427	507	2	38	80	0.4750000
NODE_3921_length_1196_cov_26.169553	480	560	0	3	80	0.0375000
NODE_3921_length_1196_cov_26.169553	480	560	2	77	80	0.9625000
NODE_3922_length_1196_cov_21.755697	521	601	0	45	80	0.5625000
NODE_3922_length_1196_cov_21.755697	521	601	2	35	80	0.4375000
NODE_3922_length_1196_cov_21.755697	574	654	2	80	80	1.0000000
NODE_3922_length_1196_cov_21.755697	650	730	0	48	80	0.6000000
NODE_3922_length_1196_cov_21.755697	650	730	2	32	80	0.4000000
NODE_3922_length_1196_cov_21.755697	703	783	0	80	80	1.0000000
NODE_3923_length_1196_cov_5.966272	556	636	2	80	80	1.0000000
NODE_3923_length_1196_cov_5.966272	609	689	0	25	80	0.3125000
NODE_3923_length_1196_cov_5.966272	609	689	2	55	80	0.6875000
NODE_3927_length_1195_cov_69.056569	474	554	2	80	80	1.0000000
NODE_3927_length_1195_cov_69.056569	527	607	1	1	80	0.0125000
NODE_3927_length_1195_cov_69.056569	527	607	2	75	80	0.9375000
NODE_3927_length_1195_cov_69.056569	527	607	3	4	80	0.0500000
NODE_3927_length_1195_cov_69.056569	603	683	2	9	80	0.1125000
NODE_3927_length_1195_cov_69.056569	603	683	6	14	80	0.1750000
NODE_3927_length_1195_cov_69.056569	603	683	8	57	80	0.7125000
NODE_3927_length_1195_cov_69.056569	656	736	0	20	80	0.2500000
NODE_3927_length_1195_cov_69.056569	656	736	1	5	80	0.0625000
NODE_3927_length_1195_cov_69.056569	656	736	2	2	80	0.0250000
NODE_3927_length_1195_cov_69.056569	656	736	4	18	80	0.2250000
NODE_3927_length_1195_cov_69.056569	656	736	8	35	80	0.4375000
NODE_3928_length_1195_cov_65.062044	579	659	0	80	80	1.0000000
NODE_3928_length_1195_cov_65.062044	632	712	0	80	80	1.0000000
NODE_3928_length_1195_cov_65.062044	708	788	0	80	80	1.0000000
NODE_3928_length_1195_cov_65.062044	761	841	0	80	80	1.0000000
NODE_3929_length_1195_cov_23.187044	460	540	0	80	80	1.0000000
NODE_3929_length_1195_cov_23.187044	513	593	0	80	80	1.0000000
NODE_3930_length_1195_cov_18.983577	521	601	0	39	80	0.4875000
NODE_3930_length_1195_cov_18.983577	521	601	4	2	80	0.0250000
NODE_3930_length_1195_cov_18.983577	521	601	8	39	80	0.4875000
NODE_3930_length_1195_cov_18.983577	574	654	8	27	80	0.3375000
NODE_3930_length_1195_cov_18.983577	574	654	10	53	80	0.6625000
NODE_3931_length_1195_cov_14.119526	726	806	4	25	80	0.3125000
NODE_3931_length_1195_cov_14.119526	726	806	6	55	80	0.6875000
NODE_3931_length_1195_cov_14.119526	779	859	0	52	80	0.6500000
NODE_3931_length_1195_cov_14.119526	779	859	4	26	80	0.3250000
NODE_3931_length_1195_cov_14.119526	779	859	6	2	80	0.0250000
NODE_3931_length_1195_cov_14.119526	855	935	0	80	80	1.0000000
NODE_3931_length_1195_cov_14.119526	908	988	0	80	80	1.0000000
NODE_3932_length_1195_cov_13.805657	759	839	24	16	80	0.2000000
NODE_3932_length_1195_cov_13.805657	759	839	26	19	80	0.2375000
NODE_3932_length_1195_cov_13.805657	759	839	28	8	80	0.1000000
NODE_3932_length_1195_cov_13.805657	759	839	30	32	80	0.4000000
NODE_3932_length_1195_cov_13.805657	759	839	32	5	80	0.0625000
NODE_3932_length_1195_cov_13.805657	812	892	4	7	80	0.0875000
NODE_3932_length_1195_cov_13.805657	812	892	8	1	80	0.0125000
NODE_3932_length_1195_cov_13.805657	812	892	10	12	80	0.1500000
NODE_3932_length_1195_cov_13.805657	812	892	16	15	80	0.1875000
NODE_3932_length_1195_cov_13.805657	812	892	18	14	80	0.1750000
NODE_3932_length_1195_cov_13.805657	812	892	22	3	80	0.0375000
NODE_3932_length_1195_cov_13.805657	812	892	24	17	80	0.2125000
NODE_3932_length_1195_cov_13.805657	812	892	30	6	80	0.0750000
NODE_3932_length_1195_cov_13.805657	812	892	32	5	80	0.0625000
NODE_3938_length_1195_cov_1.969891	912	992	3	1	80	0.0125000
NODE_3938_length_1195_cov_1.969891	912	992	4	23	80	0.2875000
NODE_3938_length_1195_cov_1.969891	912	992	6	4	80	0.0500000
NODE_3938_length_1195_cov_1.969891	912	992	7	41	80	0.5125000
NODE_3938_length_1195_cov_1.969891	912	992	9	11	80	0.1375000
NODE_3938_length_1195_cov_1.969891	912	992	3	1	80	0.0125000
NODE_3938_length_1195_cov_1.969891	912	992	4	23	80	0.2875000
NODE_3938_length_1195_cov_1.969891	912	992	6	4	80	0.0500000
NODE_3938_length_1195_cov_1.969891	912	992	7	41	80	0.5125000
NODE_3938_length_1195_cov_1.969891	912	992	9	11	80	0.1375000
NODE_3941_length_1194_cov_40.157991	237	317	0	3	80	0.0375000
NODE_3941_length_1194_cov_40.157991	237	317	2	11	80	0.1375000
NODE_3941_length_1194_cov_40.157991	237	317	4	66	80	0.8250000
NODE_3941_length_1194_cov_40.157991	290	370	0	27	80	0.3375000
NODE_3941_length_1194_cov_40.157991	290	370	2	7	80	0.0875000
NODE_3941_length_1194_cov_40.157991	290	370	4	46	80	0.5750000
NODE_3946_length_1193_cov_34.295247	443	523	2	10	80	0.1250000
NODE_3946_length_1193_cov_34.295247	443	523	4	70	80	0.8750000
NODE_3946_length_1193_cov_34.295247	496	576	0	14	80	0.1750000
NODE_3946_length_1193_cov_34.295247	496	576	2	32	80	0.4000000
NODE_3946_length_1193_cov_34.295247	496	576	4	34	80	0.4250000
NODE_3947_length_1193_cov_16.930530	124	154	0	30	30	1.0000000
NODE_3947_length_1193_cov_16.930530	390	470	5	2	80	0.0250000
NODE_3947_length_1193_cov_16.930530	390	470	6	5	80	0.0625000
NODE_3947_length_1193_cov_16.930530	390	470	8	3	80	0.0375000
NODE_3947_length_1193_cov_16.930530	390	470	10	70	80	0.8750000
NODE_3947_length_1193_cov_16.930530	443	523	0	29	80	0.3625000
NODE_3947_length_1193_cov_16.930530	443	523	1	10	80	0.1250000
NODE_3947_length_1193_cov_16.930530	443	523	3	11	80	0.1375000
NODE_3947_length_1193_cov_16.930530	443	523	5	5	80	0.0625000
NODE_3947_length_1193_cov_16.930530	443	523	6	5	80	0.0625000
NODE_3947_length_1193_cov_16.930530	443	523	10	20	80	0.2500000
NODE_3949_length_1192_cov_26.803294	205	285	0	80	80	1.0000000
NODE_3949_length_1192_cov_26.803294	258	338	0	72	80	0.9000000
NODE_3949_length_1192_cov_26.803294	258	338	2	8	80	0.1000000
NODE_3949_length_1192_cov_26.803294	334	414	2	22	80	0.2750000
NODE_3949_length_1192_cov_26.803294	334	414	3	1	80	0.0125000
NODE_3949_length_1192_cov_26.803294	334	414	4	57	80	0.7125000
NODE_3949_length_1192_cov_26.803294	387	467	0	2	80	0.0250000
NODE_3949_length_1192_cov_26.803294	387	467	2	6	80	0.0750000
NODE_3949_length_1192_cov_26.803294	387	467	3	25	80	0.3125000
NODE_3949_length_1192_cov_26.803294	387	467	4	47	80	0.5875000
NODE_3950_length_1192_cov_23.228728	487	567	0	56	80	0.7000000
NODE_3950_length_1192_cov_23.228728	487	567	2	12	80	0.1500000
NODE_3950_length_1192_cov_23.228728	487	567	6	12	80	0.1500000
NODE_3950_length_1192_cov_23.228728	540	620	0	3	80	0.0375000
NODE_3950_length_1192_cov_23.228728	540	620	2	12	80	0.1500000
NODE_3950_length_1192_cov_23.228728	540	620	6	65	80	0.8125000
NODE_3950_length_1192_cov_23.228728	616	696	0	34	80	0.4250000
NODE_3950_length_1192_cov_23.228728	616	696	4	2	80	0.0250000
NODE_3950_length_1192_cov_23.228728	616	696	6	44	80	0.5500000
NODE_3950_length_1192_cov_23.228728	669	749	0	80	80	1.0000000
NODE_3951_length_1192_cov_18.314730	613	693	0	49	80	0.6125000
NODE_3951_length_1192_cov_18.314730	613	693	2	31	80	0.3875000
NODE_3951_length_1192_cov_18.314730	666	746	0	3	80	0.0375000
NODE_3951_length_1192_cov_18.314730	666	746	2	77	80	0.9625000
NODE_3951_length_1192_cov_18.314730	742	822	0	5	80	0.0625000
NODE_3951_length_1192_cov_18.314730	742	822	2	75	80	0.9375000
NODE_3951_length_1192_cov_18.314730	795	875	0	58	80	0.7250000
NODE_3951_length_1192_cov_18.314730	795	875	2	22	80	0.2750000
NODE_3952_length_1192_cov_14.888381	622	702	0	80	80	1.0000000
NODE_3952_length_1192_cov_14.888381	675	755	0	80	80	1.0000000
NODE_3952_length_1192_cov_14.888381	751	831	0	80	80	1.0000000
NODE_3952_length_1192_cov_14.888381	804	884	0	80	80	1.0000000
NODE_3953_length_1192_cov_9.995425	161	241	0	6	80	0.0750000
NODE_3953_length_1192_cov_9.995425	161	241	2	20	80	0.2500000
NODE_3953_length_1192_cov_9.995425	161	241	4	27	80	0.3375000
NODE_3953_length_1192_cov_9.995425	161	241	6	27	80	0.3375000
NODE_3953_length_1192_cov_9.995425	214	294	4	80	80	1.0000000
NODE_3954_length_1192_cov_5.078683	749	829	0	9	80	0.1125000
NODE_3954_length_1192_cov_5.078683	749	829	4	12	80	0.1500000
NODE_3954_length_1192_cov_5.078683	749	829	6	59	80	0.7375000
NODE_3954_length_1192_cov_5.078683	802	882	0	11	80	0.1375000
NODE_3954_length_1192_cov_5.078683	802	882	4	14	80	0.1750000
NODE_3954_length_1192_cov_5.078683	802	882	6	55	80	0.6875000
NODE_3960_length_1192_cov_0.614822	1046	1126	4	80	80	1.0000000
NODE_3961_length_1191_cov_55.466117	392	472	0	80	80	1.0000000
NODE_3961_length_1191_cov_55.466117	445	525	0	80	80	1.0000000
NODE_3961_length_1191_cov_55.466117	521	601	0	69	80	0.8625000
NODE_3961_length_1191_cov_55.466117	521	601	2	11	80	0.1375000
NODE_3961_length_1191_cov_55.466117	574	654	0	16	80	0.2000000
NODE_3961_length_1191_cov_55.466117	574	654	2	64	80	0.8000000
NODE_3963_length_1191_cov_20.677656	695	775	0	12	80	0.1500000
NODE_3963_length_1191_cov_20.677656	695	775	2	5	80	0.0625000
NODE_3963_length_1191_cov_20.677656	695	775	3	1	80	0.0125000
NODE_3963_length_1191_cov_20.677656	695	775	4	62	80	0.7750000
NODE_3963_length_1191_cov_20.677656	748	828	4	80	80	1.0000000
NODE_3964_length_1191_cov_9.074176	420	500	6	80	80	1.0000000
NODE_3964_length_1191_cov_9.074176	473	553	0	42	80	0.5250000
NODE_3964_length_1191_cov_9.074176	473	553	6	38	80	0.4750000
NODE_3968_length_1190_cov_40.916590	521	601	4	28	80	0.3500000
NODE_3968_length_1190_cov_40.916590	521	601	6	13	80	0.1625000
NODE_3968_length_1190_cov_40.916590	521	601	7	3	80	0.0375000
NODE_3968_length_1190_cov_40.916590	521	601	8	36	80	0.4500000
NODE_3968_length_1190_cov_40.916590	574	654	0	44	80	0.5500000
NODE_3968_length_1190_cov_40.916590	574	654	4	36	80	0.4500000
NODE_3968_length_1190_cov_40.916590	650	730	0	58	80	0.7250000
NODE_3968_length_1190_cov_40.916590	650	730	2	22	80	0.2750000
NODE_3968_length_1190_cov_40.916590	703	783	0	5	80	0.0625000
NODE_3968_length_1190_cov_40.916590	703	783	2	75	80	0.9375000
NODE_3969_length_1190_cov_20.715857	257	337	2	14	80	0.1750000
NODE_3969_length_1190_cov_20.715857	257	337	4	34	80	0.4250000
NODE_3969_length_1190_cov_20.715857	257	337	5	20	80	0.2500000
NODE_3969_length_1190_cov_20.715857	257	337	6	12	80	0.1500000
NODE_3969_length_1190_cov_20.715857	310	390	2	15	80	0.1875000
NODE_3969_length_1190_cov_20.715857	310	390	3	7	80	0.0875000
NODE_3969_length_1190_cov_20.715857	310	390	5	51	80	0.6375000
NODE_3969_length_1190_cov_20.715857	310	390	6	7	80	0.0875000
NODE_3970_length_1190_cov_19.724106	296	376	0	80	80	1.0000000
NODE_3970_length_1190_cov_19.724106	349	429	0	80	80	1.0000000
NODE_3973_length_1190_cov_2.698442	1022	1070	0	3	48	0.0625000
NODE_3973_length_1190_cov_2.698442	1022	1070	4	26	48	0.5416667
NODE_3973_length_1190_cov_2.698442	1022	1070	6	19	48	0.3958333
NODE_3973_length_1190_cov_2.698442	1075	1123	6	48	48	1.0000000
NODE_3977_length_1189_cov_29.193578	576	656	0	12	80	0.1500000
NODE_3977_length_1189_cov_29.193578	576	656	8	47	80	0.5875000
NODE_3977_length_1189_cov_29.193578	576	656	14	1	80	0.0125000
NODE_3977_length_1189_cov_29.193578	576	656	15	20	80	0.2500000
NODE_3977_length_1189_cov_29.193578	629	709	8	6	80	0.0750000
NODE_3977_length_1189_cov_29.193578	629	709	14	1	80	0.0125000
NODE_3977_length_1189_cov_29.193578	629	709	15	73	80	0.9125000
NODE_3978_length_1189_cov_13.484404	315	341	16	26	26	1.0000000
NODE_3978_length_1189_cov_13.484404	366	446	2	6	80	0.0750000
NODE_3978_length_1189_cov_13.484404	366	446	4	1	80	0.0125000
NODE_3978_length_1189_cov_13.484404	366	446	5	2	80	0.0250000
NODE_3978_length_1189_cov_13.484404	366	446	6	4	80	0.0500000
NODE_3978_length_1189_cov_13.484404	366	446	8	2	80	0.0250000
NODE_3978_length_1189_cov_13.484404	366	446	9	13	80	0.1625000
NODE_3978_length_1189_cov_13.484404	366	446	11	2	80	0.0250000
NODE_3978_length_1189_cov_13.484404	366	446	12	4	80	0.0500000
NODE_3978_length_1189_cov_13.484404	366	446	14	1	80	0.0125000
NODE_3978_length_1189_cov_13.484404	366	446	16	45	80	0.5625000
NODE_3984_length_1188_cov_19.278237	396	476	0	5	80	0.0625000
NODE_3984_length_1188_cov_19.278237	396	476	2	75	80	0.9375000
NODE_3984_length_1188_cov_19.278237	449	529	0	50	80	0.6250000
NODE_3984_length_1188_cov_19.278237	449	529	2	30	80	0.3750000
NODE_3990_length_1187_cov_63.185662	529	609	4	80	80	1.0000000
NODE_3990_length_1187_cov_63.185662	582	662	0	10	80	0.1250000
NODE_3990_length_1187_cov_63.185662	582	662	2	37	80	0.4625000
NODE_3990_length_1187_cov_63.185662	582	662	4	33	80	0.4125000
NODE_3990_length_1187_cov_63.185662	658	738	2	79	80	0.9875000
NODE_3990_length_1187_cov_63.185662	658	738	6	1	80	0.0125000
NODE_3990_length_1187_cov_63.185662	711	791	2	26	80	0.3250000
NODE_3990_length_1187_cov_63.185662	711	791	4	22	80	0.2750000
NODE_3990_length_1187_cov_63.185662	711	791	6	32	80	0.4000000
NODE_3991_length_1187_cov_36.926471	432	512	2	29	80	0.3625000
NODE_3991_length_1187_cov_36.926471	432	512	3	12	80	0.1500000
NODE_3991_length_1187_cov_36.926471	432	512	4	39	80	0.4875000
NODE_3991_length_1187_cov_36.926471	485	565	2	44	80	0.5500000
NODE_3991_length_1187_cov_36.926471	485	565	4	36	80	0.4500000
NODE_3991_length_1187_cov_36.926471	561	641	0	18	80	0.2250000
NODE_3991_length_1187_cov_36.926471	561	641	1	12	80	0.1500000
NODE_3991_length_1187_cov_36.926471	561	641	2	50	80	0.6250000
NODE_3991_length_1187_cov_36.926471	614	694	0	71	80	0.8875000
NODE_3991_length_1187_cov_36.926471	614	694	1	9	80	0.1125000
NODE_3992_length_1187_cov_20.383272	492	572	0	80	80	1.0000000
NODE_3992_length_1187_cov_20.383272	545	625	0	80	80	1.0000000
NODE_3993_length_1187_cov_17.941176	377	457	0	32	80	0.4000000
NODE_3993_length_1187_cov_17.941176	377	457	1	25	80	0.3125000
NODE_3993_length_1187_cov_17.941176	377	457	2	23	80	0.2875000
NODE_3993_length_1187_cov_17.941176	430	510	1	4	80	0.0500000
NODE_3993_length_1187_cov_17.941176	430	510	2	76	80	0.9500000
NODE_3993_length_1187_cov_17.941176	506	586	0	2	80	0.0250000
NODE_3993_length_1187_cov_17.941176	506	586	1	25	80	0.3125000
NODE_3993_length_1187_cov_17.941176	506	586	2	53	80	0.6625000
NODE_3993_length_1187_cov_17.941176	559	639	0	55	80	0.6875000
NODE_3993_length_1187_cov_17.941176	559	639	1	25	80	0.3125000
NODE_3997_length_1186_cov_59.606256	338	418	0	5	80	0.0625000
NODE_3997_length_1186_cov_59.606256	338	418	3	11	80	0.1375000
NODE_3997_length_1186_cov_59.606256	338	418	4	3	80	0.0375000
NODE_3997_length_1186_cov_59.606256	338	418	5	24	80	0.3000000
NODE_3997_length_1186_cov_59.606256	338	418	6	37	80	0.4625000
NODE_3997_length_1186_cov_59.606256	391	471	4	56	80	0.7000000
NODE_3997_length_1186_cov_59.606256	391	471	6	24	80	0.3000000
NODE_3997_length_1186_cov_59.606256	480	551	0	71	71	1.0000000
NODE_3997_length_1186_cov_59.606256	524	604	0	80	80	1.0000000
NODE_3998_length_1186_cov_34.937443	582	662	0	80	80	1.0000000
NODE_3998_length_1186_cov_34.937443	635	715	0	80	80	1.0000000
NODE_3998_length_1186_cov_34.937443	711	791	0	42	80	0.5250000
NODE_3998_length_1186_cov_34.937443	711	791	2	38	80	0.4750000
NODE_3998_length_1186_cov_34.937443	764	844	0	22	80	0.2750000
NODE_3998_length_1186_cov_34.937443	764	844	2	58	80	0.7250000
NODE_3999_length_1186_cov_29.840846	511	591	8	48	80	0.6000000
NODE_3999_length_1186_cov_29.840846	511	591	9	18	80	0.2250000
NODE_3999_length_1186_cov_29.840846	511	591	10	14	80	0.1750000
NODE_3999_length_1186_cov_29.840846	564	644	0	38	80	0.4750000
NODE_3999_length_1186_cov_29.840846	564	644	2	1	80	0.0125000
NODE_3999_length_1186_cov_29.840846	564	644	8	41	80	0.5125000
NODE_3999_length_1186_cov_29.840846	640	720	0	80	80	1.0000000
NODE_3999_length_1186_cov_29.840846	693	773	0	43	80	0.5375000
NODE_3999_length_1186_cov_29.840846	693	773	2	37	80	0.4625000
NODE_4000_length_1186_cov_13.108556	578	658	2	1	80	0.0125000
NODE_4000_length_1186_cov_13.108556	578	658	5	1	80	0.0125000
NODE_4000_length_1186_cov_13.108556	578	658	6	12	80	0.1500000
NODE_4000_length_1186_cov_13.108556	578	658	8	12	80	0.1500000
NODE_4000_length_1186_cov_13.108556	578	658	11	1	80	0.0125000
NODE_4000_length_1186_cov_13.108556	578	658	12	7	80	0.0875000
NODE_4000_length_1186_cov_13.108556	578	658	14	46	80	0.5750000
NODE_4000_length_1186_cov_13.108556	631	711	8	16	80	0.2000000
NODE_4000_length_1186_cov_13.108556	631	711	12	44	80	0.5500000
NODE_4000_length_1186_cov_13.108556	631	711	14	20	80	0.2500000
NODE_4001_length_1186_cov_12.867525	404	484	1	64	80	0.8000000
NODE_4001_length_1186_cov_12.867525	404	484	2	16	80	0.2000000
NODE_4001_length_1186_cov_12.867525	457	534	1	77	77	1.0000000
NODE_4001_length_1186_cov_12.867525	536	613	0	56	77	0.7272727
NODE_4001_length_1186_cov_12.867525	536	613	1	21	77	0.2727273
NODE_4001_length_1186_cov_12.867525	586	666	0	80	80	1.0000000
NODE_4002_length_1186_cov_12.135235	643	723	0	80	80	1.0000000
NODE_4002_length_1186_cov_12.135235	696	776	0	80	80	1.0000000
NODE_4012_length_1185_cov_36.974217	423	503	0	80	80	1.0000000
NODE_4012_length_1185_cov_36.974217	476	556	0	80	80	1.0000000
NODE_4013_length_1185_cov_28.410681	448	528	2	13	80	0.1625000
NODE_4013_length_1185_cov_28.410681	448	528	4	6	80	0.0750000
NODE_4013_length_1185_cov_28.410681	448	528	8	9	80	0.1125000
NODE_4013_length_1185_cov_28.410681	448	528	9	35	80	0.4375000
NODE_4013_length_1185_cov_28.410681	448	528	10	17	80	0.2125000
NODE_4013_length_1185_cov_28.410681	501	581	6	21	80	0.2625000
NODE_4013_length_1185_cov_28.410681	501	581	8	41	80	0.5125000
NODE_4013_length_1185_cov_28.410681	501	581	9	18	80	0.2250000
NODE_4014_length_1185_cov_19.768877	411	491	0	80	80	1.0000000
NODE_4014_length_1185_cov_19.768877	464	544	0	80	80	1.0000000
NODE_4014_length_1185_cov_19.768877	540	620	0	80	80	1.0000000
NODE_4014_length_1185_cov_19.768877	593	673	0	34	80	0.4250000
NODE_4014_length_1185_cov_19.768877	593	673	1	6	80	0.0750000
NODE_4014_length_1185_cov_19.768877	593	673	2	40	80	0.5000000
NODE_4015_length_1185_cov_14.490792	379	459	0	8	80	0.1000000
NODE_4015_length_1185_cov_14.490792	379	459	2	11	80	0.1375000
NODE_4015_length_1185_cov_14.490792	379	459	4	61	80	0.7625000
NODE_4015_length_1185_cov_14.490792	432	512	0	61	80	0.7625000
NODE_4015_length_1185_cov_14.490792	432	512	2	11	80	0.1375000
NODE_4015_length_1185_cov_14.490792	432	512	4	8	80	0.1000000
NODE_4016_length_1185_cov_13.686004	677	757	2	37	80	0.4625000
NODE_4016_length_1185_cov_13.686004	677	757	3	13	80	0.1625000
NODE_4016_length_1185_cov_13.686004	677	757	4	30	80	0.3750000
NODE_4016_length_1185_cov_13.686004	730	810	2	10	80	0.1250000
NODE_4016_length_1185_cov_13.686004	730	810	4	70	80	0.8750000
NODE_4017_length_1185_cov_12.362799	711	791	0	80	80	1.0000000
NODE_4017_length_1185_cov_12.362799	764	844	0	80	80	1.0000000
NODE_4024_length_1184_cov_30.061751	416	497	0	12	81	0.1481481
NODE_4024_length_1184_cov_30.061751	416	497	2	69	81	0.8518519
NODE_4024_length_1184_cov_30.061751	470	550	0	10	80	0.1250000
NODE_4024_length_1184_cov_30.061751	470	550	2	70	80	0.8750000
NODE_4024_length_1184_cov_30.061751	546	627	0	81	81	1.0000000
NODE_4024_length_1184_cov_30.061751	600	680	0	30	80	0.3750000
NODE_4024_length_1184_cov_30.061751	600	680	2	50	80	0.6250000
NODE_4025_length_1184_cov_19.544700	550	630	0	26	80	0.3250000
NODE_4025_length_1184_cov_19.544700	550	630	4	54	80	0.6750000
NODE_4025_length_1184_cov_19.544700	603	683	0	79	80	0.9875000
NODE_4025_length_1184_cov_19.544700	603	683	4	1	80	0.0125000
NODE_4025_length_1184_cov_19.544700	679	759	0	80	80	1.0000000
NODE_4025_length_1184_cov_19.544700	732	812	0	80	80	1.0000000
NODE_4026_length_1184_cov_9.129954	624	704	0	9	80	0.1125000
NODE_4026_length_1184_cov_9.129954	624	704	1	35	80	0.4375000
NODE_4026_length_1184_cov_9.129954	624	704	7	15	80	0.1875000
NODE_4026_length_1184_cov_9.129954	624	704	8	21	80	0.2625000
NODE_4026_length_1184_cov_9.129954	677	757	7	6	80	0.0750000
NODE_4026_length_1184_cov_9.129954	677	757	8	74	80	0.9250000
NODE_4031_length_1183_cov_17.260148	545	625	0	80	80	1.0000000
NODE_4031_length_1183_cov_17.260148	598	678	0	80	80	1.0000000
NODE_4031_length_1183_cov_17.260148	674	754	0	42	80	0.5250000
NODE_4031_length_1183_cov_17.260148	674	754	2	14	80	0.1750000
NODE_4031_length_1183_cov_17.260148	674	754	4	24	80	0.3000000
NODE_4031_length_1183_cov_17.260148	727	807	0	4	80	0.0500000
NODE_4031_length_1183_cov_17.260148	727	807	2	4	80	0.0500000
NODE_4031_length_1183_cov_17.260148	727	807	4	72	80	0.9000000
NODE_4032_length_1183_cov_9.777675	484	564	0	60	80	0.7500000
NODE_4032_length_1183_cov_9.777675	484	564	2	20	80	0.2500000
NODE_4032_length_1183_cov_9.777675	537	617	0	7	80	0.0875000
NODE_4032_length_1183_cov_9.777675	537	617	2	73	80	0.9125000
NODE_4033_length_1183_cov_6.847786	711	791	0	20	80	0.2500000
NODE_4033_length_1183_cov_6.847786	711	791	4	26	80	0.3250000
NODE_4033_length_1183_cov_6.847786	711	791	8	34	80	0.4250000
NODE_4033_length_1183_cov_6.847786	764	844	4	21	80	0.2625000
NODE_4033_length_1183_cov_6.847786	764	844	8	59	80	0.7375000
NODE_4033_length_1183_cov_6.847786	840	920	0	43	80	0.5375000
NODE_4033_length_1183_cov_6.847786	840	920	4	37	80	0.4625000
NODE_4033_length_1183_cov_6.847786	893	973	0	80	80	1.0000000
NODE_4035_length_1183_cov_2.680812	59	139	0	20	80	0.2500000
NODE_4035_length_1183_cov_2.680812	59	139	4	60	80	0.7500000
NODE_4040_length_1182_cov_64.600185	588	668	6	16	80	0.2000000
NODE_4040_length_1182_cov_64.600185	588	668	10	12	80	0.1500000
NODE_4040_length_1182_cov_64.600185	588	668	12	2	80	0.0250000
NODE_4040_length_1182_cov_64.600185	588	668	14	35	80	0.4375000
NODE_4040_length_1182_cov_64.600185	588	668	18	15	80	0.1875000
NODE_4040_length_1182_cov_64.600185	641	721	8	4	80	0.0500000
NODE_4040_length_1182_cov_64.600185	641	721	12	23	80	0.2875000
NODE_4040_length_1182_cov_64.600185	641	721	14	19	80	0.2375000
NODE_4040_length_1182_cov_64.600185	641	721	16	19	80	0.2375000
NODE_4040_length_1182_cov_64.600185	641	721	18	15	80	0.1875000
NODE_4040_length_1182_cov_64.600185	717	797	4	3	80	0.0375000
NODE_4040_length_1182_cov_64.600185	717	797	6	11	80	0.1375000
NODE_4040_length_1182_cov_64.600185	717	797	8	33	80	0.4125000
NODE_4040_length_1182_cov_64.600185	717	797	10	33	80	0.4125000
NODE_4040_length_1182_cov_64.600185	770	849	4	5	79	0.0632911
NODE_4040_length_1182_cov_64.600185	770	849	6	55	79	0.6962025
NODE_4040_length_1182_cov_64.600185	770	849	10	19	79	0.2405063
NODE_4041_length_1182_cov_18.584488	487	557	14	70	70	1.0000000
NODE_4041_length_1182_cov_18.584488	536	612	4	16	76	0.2105263
NODE_4041_length_1182_cov_18.584488	536	612	6	33	76	0.4342105
NODE_4041_length_1182_cov_18.584488	536	612	7	1	76	0.0131579
NODE_4041_length_1182_cov_18.584488	536	612	13	1	76	0.0131579
NODE_4041_length_1182_cov_18.584488	536	612	14	25	76	0.3289474
NODE_4041_length_1182_cov_18.584488	608	688	2	29	80	0.3625000
NODE_4041_length_1182_cov_18.584488	608	688	4	51	80	0.6375000
NODE_4041_length_1182_cov_18.584488	671	741	0	33	70	0.4714286
NODE_4041_length_1182_cov_18.584488	671	741	2	37	70	0.5285714
NODE_4042_length_1182_cov_18.075716	598	678	0	5	80	0.0625000
NODE_4042_length_1182_cov_18.075716	598	678	5	18	80	0.2250000
NODE_4042_length_1182_cov_18.075716	598	678	9	39	80	0.4875000
NODE_4042_length_1182_cov_18.075716	598	678	10	18	80	0.2250000
NODE_4042_length_1182_cov_18.075716	651	731	9	80	80	1.0000000
NODE_4042_length_1182_cov_18.075716	727	807	0	36	80	0.4500000
NODE_4042_length_1182_cov_18.075716	727	807	5	18	80	0.2250000
NODE_4042_length_1182_cov_18.075716	727	807	9	26	80	0.3250000
NODE_4042_length_1182_cov_18.075716	780	860	0	80	80	1.0000000
NODE_4043_length_1182_cov_8.716528	464	544	0	46	80	0.5750000
NODE_4043_length_1182_cov_8.716528	464	544	2	34	80	0.4250000
NODE_4043_length_1182_cov_8.716528	517	597	0	1	80	0.0125000
NODE_4043_length_1182_cov_8.716528	517	597	2	79	80	0.9875000
NODE_4044_length_1182_cov_4.109880	793	873	4	80	80	1.0000000
NODE_4044_length_1182_cov_4.109880	846	926	0	21	80	0.2625000
NODE_4044_length_1182_cov_4.109880	846	926	2	11	80	0.1375000
NODE_4044_length_1182_cov_4.109880	846	926	4	48	80	0.6000000
NODE_4045_length_1182_cov_3.433980	1052	1100	0	48	48	1.0000000
NODE_4050_length_1181_cov_13.856747	687	767	2	80	80	1.0000000
NODE_4050_length_1181_cov_13.856747	740	820	0	22	80	0.2750000
NODE_4050_length_1181_cov_13.856747	740	820	2	58	80	0.7250000
NODE_4051_length_1181_cov_8.239372	735	815	6	80	80	1.0000000
NODE_4059_length_1180_cov_46.345051	695	775	0	23	80	0.2875000
NODE_4059_length_1180_cov_46.345051	695	775	6	57	80	0.7125000
NODE_4059_length_1180_cov_46.345051	748	828	0	2	80	0.0250000
NODE_4059_length_1180_cov_46.345051	748	828	5	10	80	0.1250000
NODE_4059_length_1180_cov_46.345051	748	828	6	68	80	0.8500000
NODE_4066_length_1179_cov_93.272222	660	740	50	12	80	0.1500000
NODE_4066_length_1179_cov_93.272222	660	740	52	1	80	0.0125000
NODE_4066_length_1179_cov_93.272222	660	740	54	6	80	0.0750000
NODE_4066_length_1179_cov_93.272222	660	740	55	1	80	0.0125000
NODE_4066_length_1179_cov_93.272222	660	740	56	1	80	0.0125000
NODE_4066_length_1179_cov_93.272222	660	740	57	6	80	0.0750000
NODE_4066_length_1179_cov_93.272222	660	740	59	4	80	0.0500000
NODE_4066_length_1179_cov_93.272222	660	740	60	1	80	0.0125000
NODE_4066_length_1179_cov_93.272222	660	740	61	3	80	0.0375000
NODE_4066_length_1179_cov_93.272222	660	740	63	2	80	0.0250000
NODE_4066_length_1179_cov_93.272222	660	740	67	3	80	0.0375000
NODE_4066_length_1179_cov_93.272222	660	740	68	3	80	0.0375000
NODE_4066_length_1179_cov_93.272222	660	740	69	1	80	0.0125000
NODE_4066_length_1179_cov_93.272222	660	740	70	3	80	0.0375000
NODE_4066_length_1179_cov_93.272222	660	740	71	7	80	0.0875000
NODE_4066_length_1179_cov_93.272222	660	740	73	5	80	0.0625000
NODE_4066_length_1179_cov_93.272222	660	740	76	1	80	0.0125000
NODE_4066_length_1179_cov_93.272222	660	740	78	5	80	0.0625000
NODE_4066_length_1179_cov_93.272222	660	740	79	6	80	0.0750000
NODE_4066_length_1179_cov_93.272222	660	740	80	4	80	0.0500000
NODE_4066_length_1179_cov_93.272222	660	740	81	5	80	0.0625000
NODE_4066_length_1179_cov_93.272222	713	793	19	2	80	0.0250000
NODE_4066_length_1179_cov_93.272222	713	793	21	8	80	0.1000000
NODE_4066_length_1179_cov_93.272222	713	793	23	1	80	0.0125000
NODE_4066_length_1179_cov_93.272222	713	793	25	3	80	0.0375000
NODE_4066_length_1179_cov_93.272222	713	793	26	2	80	0.0250000
NODE_4066_length_1179_cov_93.272222	713	793	31	1	80	0.0125000
NODE_4066_length_1179_cov_93.272222	713	793	32	1	80	0.0125000
NODE_4066_length_1179_cov_93.272222	713	793	36	4	80	0.0500000
NODE_4066_length_1179_cov_93.272222	713	793	38	1	80	0.0125000
NODE_4066_length_1179_cov_93.272222	713	793	42	6	80	0.0750000
NODE_4066_length_1179_cov_93.272222	713	793	43	6	80	0.0750000
NODE_4066_length_1179_cov_93.272222	713	793	44	3	80	0.0375000
NODE_4066_length_1179_cov_93.272222	713	793	48	4	80	0.0500000
NODE_4066_length_1179_cov_93.272222	713	793	50	15	80	0.1875000
NODE_4066_length_1179_cov_93.272222	713	793	52	6	80	0.0750000
NODE_4066_length_1179_cov_93.272222	713	793	53	3	80	0.0375000
NODE_4066_length_1179_cov_93.272222	713	793	54	6	80	0.0750000
NODE_4066_length_1179_cov_93.272222	713	793	55	1	80	0.0125000
NODE_4066_length_1179_cov_93.272222	713	793	56	1	80	0.0125000
NODE_4066_length_1179_cov_93.272222	713	793	57	6	80	0.0750000
NODE_4067_length_1179_cov_55.355556	547	627	0	5	80	0.0625000
NODE_4067_length_1179_cov_55.355556	547	627	4	24	80	0.3000000
NODE_4067_length_1179_cov_55.355556	547	627	8	3	80	0.0375000
NODE_4067_length_1179_cov_55.355556	547	627	10	38	80	0.4750000
NODE_4067_length_1179_cov_55.355556	547	627	12	10	80	0.1250000
NODE_4067_length_1179_cov_55.355556	600	680	6	8	80	0.1000000
NODE_4067_length_1179_cov_55.355556	600	680	10	42	80	0.5250000
NODE_4067_length_1179_cov_55.355556	600	680	12	30	80	0.3750000
NODE_4068_length_1179_cov_29.712037	613	693	0	80	80	1.0000000
NODE_4068_length_1179_cov_29.712037	666	746	0	80	80	1.0000000
NODE_4069_length_1179_cov_26.767593	483	563	0	19	80	0.2375000
NODE_4069_length_1179_cov_26.767593	483	563	4	61	80	0.7625000
NODE_4069_length_1179_cov_26.767593	536	616	1	17	80	0.2125000
NODE_4069_length_1179_cov_26.767593	536	616	4	62	80	0.7750000
NODE_4069_length_1179_cov_26.767593	536	616	5	1	80	0.0125000
NODE_4069_length_1179_cov_26.767593	612	692	1	49	80	0.6125000
NODE_4069_length_1179_cov_26.767593	612	692	2	31	80	0.3875000
NODE_4069_length_1179_cov_26.767593	665	745	2	80	80	1.0000000
NODE_4070_length_1179_cov_22.249074	581	661	0	80	80	1.0000000
NODE_4070_length_1179_cov_22.249074	634	714	0	80	80	1.0000000
NODE_4071_length_1179_cov_16.538889	498	568	12	4	70	0.0571429
NODE_4071_length_1179_cov_16.538889	498	568	13	1	70	0.0142857
NODE_4071_length_1179_cov_16.538889	498	568	14	28	70	0.4000000
NODE_4071_length_1179_cov_16.538889	498	568	16	23	70	0.3285714
NODE_4071_length_1179_cov_16.538889	498	568	20	14	70	0.2000000
NODE_4072_length_1179_cov_15.442593	535	615	0	80	80	1.0000000
NODE_4072_length_1179_cov_15.442593	588	668	0	43	80	0.5375000
NODE_4072_length_1179_cov_15.442593	588	668	1	5	80	0.0625000
NODE_4072_length_1179_cov_15.442593	588	668	2	32	80	0.4000000
NODE_4076_length_1179_cov_2.419444	1108	1155	0	47	47	1.0000000
NODE_4078_length_1179_cov_1.009259	944	1024	2	15	80	0.1875000
NODE_4078_length_1179_cov_1.009259	944	1024	3	34	80	0.4250000
NODE_4078_length_1179_cov_1.009259	944	1024	4	31	80	0.3875000
NODE_4078_length_1179_cov_1.009259	997	1077	2	47	80	0.5875000
NODE_4078_length_1179_cov_1.009259	997	1077	3	8	80	0.1000000
NODE_4078_length_1179_cov_1.009259	997	1077	4	25	80	0.3125000
NODE_4079_length_1178_cov_42.484708	423	503	0	3	80	0.0375000
NODE_4079_length_1178_cov_42.484708	423	503	2	33	80	0.4125000
NODE_4079_length_1178_cov_42.484708	423	503	8	8	80	0.1000000
NODE_4079_length_1178_cov_42.484708	423	503	10	36	80	0.4500000
NODE_4079_length_1178_cov_42.484708	476	556	6	20	80	0.2500000
NODE_4079_length_1178_cov_42.484708	476	556	8	11	80	0.1375000
NODE_4079_length_1178_cov_42.484708	476	556	10	49	80	0.6125000
NODE_4079_length_1178_cov_42.484708	552	632	0	46	80	0.5750000
NODE_4079_length_1178_cov_42.484708	552	632	4	8	80	0.1000000
NODE_4079_length_1178_cov_42.484708	552	632	6	26	80	0.3250000
NODE_4079_length_1178_cov_42.484708	605	685	0	17	80	0.2125000
NODE_4079_length_1178_cov_42.484708	605	685	4	8	80	0.1000000
NODE_4079_length_1178_cov_42.484708	605	685	6	55	80	0.6875000
NODE_4080_length_1178_cov_15.332715	215	295	0	80	80	1.0000000
NODE_4080_length_1178_cov_15.332715	268	348	0	80	80	1.0000000
NODE_4081_length_1178_cov_11.403151	527	607	1	80	80	1.0000000
NODE_4081_length_1178_cov_11.403151	580	660	1	51	80	0.6375000
NODE_4081_length_1178_cov_11.403151	580	660	2	29	80	0.3625000
NODE_4084_length_1177_cov_34.920223	369	449	2	20	80	0.2500000
NODE_4084_length_1177_cov_34.920223	369	449	3	1	80	0.0125000
NODE_4084_length_1177_cov_34.920223	369	449	4	59	80	0.7375000
NODE_4084_length_1177_cov_34.920223	422	502	2	30	80	0.3750000
NODE_4084_length_1177_cov_34.920223	422	502	4	50	80	0.6250000
NODE_4084_length_1177_cov_34.920223	498	578	0	39	80	0.4875000
NODE_4084_length_1177_cov_34.920223	498	578	2	41	80	0.5125000
NODE_4084_length_1177_cov_34.920223	551	631	0	80	80	1.0000000
NODE_4085_length_1177_cov_12.186456	481	561	0	80	80	1.0000000
NODE_4085_length_1177_cov_12.186456	534	614	0	80	80	1.0000000
NODE_4085_length_1177_cov_12.186456	610	690	0	80	80	1.0000000
NODE_4085_length_1177_cov_12.186456	663	743	0	80	80	1.0000000
NODE_4086_length_1177_cov_11.926716	443	523	0	80	80	1.0000000
NODE_4086_length_1177_cov_11.926716	496	578	0	82	82	1.0000000
NODE_4088_length_1177_cov_5.923933	358	438	0	80	80	1.0000000
NODE_4088_length_1177_cov_5.923933	411	491	0	80	80	1.0000000
NODE_4089_length_1177_cov_5.775510	760	840	0	80	80	1.0000000
NODE_4089_length_1177_cov_5.775510	813	893	0	80	80	1.0000000
NODE_4096_length_1176_cov_26.994429	377	457	0	20	80	0.2500000
NODE_4096_length_1176_cov_26.994429	377	457	2	60	80	0.7500000
NODE_4096_length_1176_cov_26.994429	430	510	0	73	80	0.9125000
NODE_4096_length_1176_cov_26.994429	430	510	2	7	80	0.0875000
NODE_4096_length_1176_cov_26.994429	506	586	0	45	80	0.5625000
NODE_4096_length_1176_cov_26.994429	506	586	2	35	80	0.4375000
NODE_4096_length_1176_cov_26.994429	559	639	0	24	80	0.3000000
NODE_4096_length_1176_cov_26.994429	559	639	2	56	80	0.7000000
NODE_4097_length_1176_cov_15.766945	531	611	0	80	80	1.0000000
NODE_4097_length_1176_cov_15.766945	584	664	0	80	80	1.0000000
NODE_4098_length_1176_cov_14.882080	628	708	0	11	80	0.1375000
NODE_4098_length_1176_cov_14.882080	628	708	2	69	80	0.8625000
NODE_4098_length_1176_cov_14.882080	681	761	0	31	80	0.3875000
NODE_4098_length_1176_cov_14.882080	681	761	2	49	80	0.6125000
NODE_4099_length_1176_cov_10.692665	392	472	0	80	80	1.0000000
NODE_4099_length_1176_cov_10.692665	445	525	0	80	80	1.0000000
NODE_4106_length_1175_cov_50.754647	526	606	0	1	80	0.0125000
NODE_4106_length_1175_cov_50.754647	526	606	6	39	80	0.4875000
NODE_4106_length_1175_cov_50.754647	526	606	10	35	80	0.4375000
NODE_4106_length_1175_cov_50.754647	526	606	12	5	80	0.0625000
NODE_4106_length_1175_cov_50.754647	579	659	4	33	80	0.4125000
NODE_4106_length_1175_cov_50.754647	579	659	8	5	80	0.0625000
NODE_4106_length_1175_cov_50.754647	579	659	10	23	80	0.2875000
NODE_4106_length_1175_cov_50.754647	579	659	12	19	80	0.2375000
NODE_4107_length_1175_cov_42.638476	327	407	0	4	80	0.0500000
NODE_4107_length_1175_cov_42.638476	327	407	2	12	80	0.1500000
NODE_4107_length_1175_cov_42.638476	327	407	6	64	80	0.8000000
NODE_4107_length_1175_cov_42.638476	380	460	2	7	80	0.0875000
NODE_4107_length_1175_cov_42.638476	380	460	4	3	80	0.0375000
NODE_4107_length_1175_cov_42.638476	380	460	6	70	80	0.8750000
NODE_4107_length_1175_cov_42.638476	456	536	2	45	80	0.5625000
NODE_4107_length_1175_cov_42.638476	456	536	4	7	80	0.0875000
NODE_4107_length_1175_cov_42.638476	456	536	6	28	80	0.3500000
NODE_4107_length_1175_cov_42.638476	509	589	4	44	80	0.5500000
NODE_4107_length_1175_cov_42.638476	509	589	6	36	80	0.4500000
NODE_4108_length_1175_cov_40.217472	437	517	0	19	80	0.2375000
NODE_4108_length_1175_cov_40.217472	437	517	2	61	80	0.7625000
NODE_4108_length_1175_cov_40.217472	490	570	0	24	80	0.3000000
NODE_4108_length_1175_cov_40.217472	490	570	2	56	80	0.7000000
NODE_4108_length_1175_cov_40.217472	566	646	0	80	80	1.0000000
NODE_4108_length_1175_cov_40.217472	619	699	0	80	80	1.0000000
NODE_4109_length_1175_cov_12.834572	775	855	4	6	80	0.0750000
NODE_4109_length_1175_cov_12.834572	775	855	7	11	80	0.1375000
NODE_4109_length_1175_cov_12.834572	775	855	9	10	80	0.1250000
NODE_4109_length_1175_cov_12.834572	775	855	10	8	80	0.1000000
NODE_4109_length_1175_cov_12.834572	775	855	11	40	80	0.5000000
NODE_4109_length_1175_cov_12.834572	775	855	13	5	80	0.0625000
NODE_4109_length_1175_cov_12.834572	828	908	6	12	80	0.1500000
NODE_4109_length_1175_cov_12.834572	828	908	9	10	80	0.1250000
NODE_4109_length_1175_cov_12.834572	828	908	10	49	80	0.6125000
NODE_4109_length_1175_cov_12.834572	828	908	11	4	80	0.0500000
NODE_4109_length_1175_cov_12.834572	828	908	13	5	80	0.0625000
NODE_4115_length_1174_cov_20.569302	433	513	2	3	80	0.0375000
NODE_4115_length_1174_cov_20.569302	433	513	3	11	80	0.1375000
NODE_4115_length_1174_cov_20.569302	433	513	4	66	80	0.8250000
NODE_4115_length_1174_cov_20.569302	486	566	0	39	80	0.4875000
NODE_4115_length_1174_cov_20.569302	486	566	2	13	80	0.1625000
NODE_4115_length_1174_cov_20.569302	486	566	3	12	80	0.1500000
NODE_4115_length_1174_cov_20.569302	486	566	4	16	80	0.2000000
NODE_4115_length_1174_cov_20.569302	562	642	0	80	80	1.0000000
NODE_4115_length_1174_cov_20.569302	615	695	0	80	80	1.0000000
NODE_4116_length_1174_cov_18.797209	578	658	0	1	80	0.0125000
NODE_4116_length_1174_cov_18.797209	578	658	2	14	80	0.1750000
NODE_4116_length_1174_cov_18.797209	578	658	6	42	80	0.5250000
NODE_4116_length_1174_cov_18.797209	578	658	8	23	80	0.2875000
NODE_4116_length_1174_cov_18.797209	631	711	6	53	80	0.6625000
NODE_4116_length_1174_cov_18.797209	631	711	8	27	80	0.3375000
NODE_4117_length_1174_cov_17.486512	589	669	0	41	80	0.5125000
NODE_4117_length_1174_cov_17.486512	589	669	2	39	80	0.4875000
NODE_4117_length_1174_cov_17.486512	642	722	2	80	80	1.0000000
NODE_4118_length_1174_cov_15.888372	570	650	0	80	80	1.0000000
NODE_4118_length_1174_cov_15.888372	623	703	0	38	80	0.4750000
NODE_4118_length_1174_cov_15.888372	623	703	2	42	80	0.5250000
NODE_4118_length_1174_cov_15.888372	699	779	0	12	80	0.1500000
NODE_4118_length_1174_cov_15.888372	699	779	2	68	80	0.8500000
NODE_4118_length_1174_cov_15.888372	752	832	0	65	80	0.8125000
NODE_4118_length_1174_cov_15.888372	752	832	2	15	80	0.1875000
NODE_4124_length_1174_cov_1.536744	1066	1115	0	49	49	1.0000000
NODE_4124_length_1174_cov_1.536744	1088	1168	0	80	80	1.0000000
NODE_4128_length_1173_cov_29.562384	455	535	0	29	80	0.3625000
NODE_4128_length_1173_cov_29.562384	455	535	6	51	80	0.6375000
NODE_4128_length_1173_cov_29.562384	508	588	0	6	80	0.0750000
NODE_4128_length_1173_cov_29.562384	508	588	6	74	80	0.9250000
NODE_4128_length_1173_cov_29.562384	584	664	0	51	80	0.6375000
NODE_4128_length_1173_cov_29.562384	584	664	2	29	80	0.3625000
NODE_4128_length_1173_cov_29.562384	637	717	2	80	80	1.0000000
NODE_4129_length_1173_cov_25.206704	395	475	0	57	80	0.7125000
NODE_4129_length_1173_cov_25.206704	395	475	2	23	80	0.2875000
NODE_4129_length_1173_cov_25.206704	448	528	0	16	80	0.2000000
NODE_4129_length_1173_cov_25.206704	448	528	2	64	80	0.8000000
NODE_4130_length_1173_cov_9.486965	693	773	0	80	80	1.0000000
NODE_4130_length_1173_cov_9.486965	746	826	0	80	80	1.0000000
NODE_4131_length_1173_cov_7.946927	201	281	0	26	80	0.3250000
NODE_4131_length_1173_cov_7.946927	201	281	2	10	80	0.1250000
NODE_4131_length_1173_cov_7.946927	201	281	4	44	80	0.5500000
NODE_4131_length_1173_cov_7.946927	254	334	2	13	80	0.1625000
NODE_4131_length_1173_cov_7.946927	254	334	4	67	80	0.8375000
NODE_4136_length_1172_cov_37.177074	527	607	0	22	80	0.2750000
NODE_4136_length_1172_cov_37.177074	527	607	2	58	80	0.7250000
NODE_4136_length_1172_cov_37.177074	580	660	0	20	80	0.2500000
NODE_4136_length_1172_cov_37.177074	580	660	2	60	80	0.7500000
NODE_4137_length_1172_cov_20.397018	677	757	0	19	80	0.2375000
NODE_4137_length_1172_cov_20.397018	677	757	3	1	80	0.0125000
NODE_4137_length_1172_cov_20.397018	677	757	4	60	80	0.7500000
NODE_4137_length_1172_cov_20.397018	730	810	0	20	80	0.2500000
NODE_4137_length_1172_cov_20.397018	730	810	4	60	80	0.7500000
NODE_4138_length_1172_cov_15.018639	460	540	2	16	80	0.2000000
NODE_4138_length_1172_cov_15.018639	460	540	6	47	80	0.5875000
NODE_4138_length_1172_cov_15.018639	460	540	10	12	80	0.1500000
NODE_4138_length_1172_cov_15.018639	460	540	12	5	80	0.0625000
NODE_4138_length_1172_cov_15.018639	513	593	6	10	80	0.1250000
NODE_4138_length_1172_cov_15.018639	513	593	10	31	80	0.3875000
NODE_4138_length_1172_cov_15.018639	513	593	12	6	80	0.0750000
NODE_4138_length_1172_cov_15.018639	513	593	14	33	80	0.4125000
NODE_4139_length_1172_cov_13.199441	622	702	0	80	80	1.0000000
NODE_4139_length_1172_cov_13.199441	675	755	0	80	80	1.0000000
NODE_4140_length_1172_cov_10.720410	499	579	0	19	80	0.2375000
NODE_4140_length_1172_cov_10.720410	499	579	4	61	80	0.7625000
NODE_4140_length_1172_cov_10.720410	552	632	0	72	80	0.9000000
NODE_4140_length_1172_cov_10.720410	552	632	4	8	80	0.1000000
NODE_4140_length_1172_cov_10.720410	628	708	0	80	80	1.0000000
NODE_4140_length_1172_cov_10.720410	681	761	0	80	80	1.0000000
NODE_4141_length_1172_cov_10.574091	951	1021	65	6	70	0.0857143
NODE_4141_length_1172_cov_10.574091	951	1021	67	2	70	0.0285714
NODE_4141_length_1172_cov_10.574091	951	1021	69	3	70	0.0428571
NODE_4141_length_1172_cov_10.574091	951	1021	71	6	70	0.0857143
NODE_4141_length_1172_cov_10.574091	951	1021	73	2	70	0.0285714
NODE_4141_length_1172_cov_10.574091	951	1021	79	1	70	0.0142857
NODE_4141_length_1172_cov_10.574091	951	1021	83	1	70	0.0142857
NODE_4141_length_1172_cov_10.574091	951	1021	85	2	70	0.0285714
NODE_4141_length_1172_cov_10.574091	951	1021	86	2	70	0.0285714
NODE_4141_length_1172_cov_10.574091	951	1021	90	2	70	0.0285714
NODE_4141_length_1172_cov_10.574091	951	1021	92	1	70	0.0142857
NODE_4141_length_1172_cov_10.574091	951	1021	95	3	70	0.0428571
NODE_4141_length_1172_cov_10.574091	951	1021	96	39	70	0.5571429
NODE_4142_length_1172_cov_9.204101	276	356	0	9	80	0.1125000
NODE_4142_length_1172_cov_9.204101	276	356	2	71	80	0.8875000
NODE_4142_length_1172_cov_9.204101	329	409	0	43	80	0.5375000
NODE_4142_length_1172_cov_9.204101	329	409	2	37	80	0.4625000
NODE_4148_length_1171_cov_13.311567	666	746	0	8	80	0.1000000
NODE_4148_length_1171_cov_13.311567	666	746	2	7	80	0.0875000
NODE_4148_length_1171_cov_13.311567	666	746	4	25	80	0.3125000
NODE_4148_length_1171_cov_13.311567	666	746	6	40	80	0.5000000
NODE_4148_length_1171_cov_13.311567	719	803	6	28	84	0.3333333
NODE_4148_length_1171_cov_13.311567	719	803	10	56	84	0.6666667
NODE_4149_length_1171_cov_9.154851	198	278	0	80	80	1.0000000
NODE_4149_length_1171_cov_9.154851	251	331	0	80	80	1.0000000
NODE_4157_length_1170_cov_65.480859	402	482	2	80	80	1.0000000
NODE_4157_length_1170_cov_65.480859	455	535	0	28	80	0.3500000
NODE_4157_length_1170_cov_65.480859	455	535	2	52	80	0.6500000
NODE_4158_length_1170_cov_35.283847	704	784	0	26	80	0.3250000
NODE_4158_length_1170_cov_35.283847	704	784	1	45	80	0.5625000
NODE_4158_length_1170_cov_35.283847	704	784	2	9	80	0.1125000
NODE_4158_length_1170_cov_35.283847	757	837	1	18	80	0.2250000
NODE_4158_length_1170_cov_35.283847	757	837	2	17	80	0.2125000
NODE_4158_length_1170_cov_35.283847	757	837	4	45	80	0.5625000
NODE_4159_length_1170_cov_23.600373	450	530	0	12	80	0.1500000
NODE_4159_length_1170_cov_23.600373	450	530	1	30	80	0.3750000
NODE_4159_length_1170_cov_23.600373	450	530	2	38	80	0.4750000
NODE_4159_length_1170_cov_23.600373	503	583	0	65	80	0.8125000
NODE_4159_length_1170_cov_23.600373	503	583	1	15	80	0.1875000
NODE_4159_length_1170_cov_23.600373	579	659	0	80	80	1.0000000
NODE_4159_length_1170_cov_23.600373	632	705	0	73	73	1.0000000
NODE_4160_length_1170_cov_19.783380	325	405	12	80	80	1.0000000
NODE_4160_length_1170_cov_19.783380	378	458	0	25	80	0.3125000
NODE_4160_length_1170_cov_19.783380	378	458	10	15	80	0.1875000
NODE_4160_length_1170_cov_19.783380	378	458	12	40	80	0.5000000
NODE_4168_length_1169_cov_61.689720	464	544	10	27	80	0.3375000
NODE_4168_length_1169_cov_61.689720	464	544	14	31	80	0.3875000
NODE_4168_length_1169_cov_61.689720	464	544	18	22	80	0.2750000
NODE_4168_length_1169_cov_61.689720	517	597	8	6	80	0.0750000
NODE_4168_length_1169_cov_61.689720	517	597	12	12	80	0.1500000
NODE_4168_length_1169_cov_61.689720	517	597	14	5	80	0.0625000
NODE_4168_length_1169_cov_61.689720	517	597	15	1	80	0.0125000
NODE_4168_length_1169_cov_61.689720	517	597	18	31	80	0.3875000
NODE_4168_length_1169_cov_61.689720	517	597	20	25	80	0.3125000
NODE_4168_length_1169_cov_61.689720	593	673	2	67	80	0.8375000
NODE_4168_length_1169_cov_61.689720	593	673	6	1	80	0.0125000
NODE_4168_length_1169_cov_61.689720	593	673	8	12	80	0.1500000
NODE_4168_length_1169_cov_61.689720	646	726	0	42	80	0.5250000
NODE_4168_length_1169_cov_61.689720	646	726	2	38	80	0.4750000
NODE_4169_length_1169_cov_55.247664	640	720	0	80	80	1.0000000
NODE_4169_length_1169_cov_55.247664	693	773	0	80	80	1.0000000
NODE_4170_length_1169_cov_39.016822	447	527	0	58	80	0.7250000
NODE_4170_length_1169_cov_39.016822	447	527	2	22	80	0.2750000
NODE_4170_length_1169_cov_39.016822	500	580	0	5	80	0.0625000
NODE_4170_length_1169_cov_39.016822	500	580	2	75	80	0.9375000
NODE_4170_length_1169_cov_39.016822	576	656	0	26	80	0.3250000
NODE_4170_length_1169_cov_39.016822	576	656	2	54	80	0.6750000
NODE_4170_length_1169_cov_39.016822	629	709	0	79	80	0.9875000
NODE_4170_length_1169_cov_39.016822	629	709	2	1	80	0.0125000
NODE_4171_length_1169_cov_35.383178	582	662	0	11	80	0.1375000
NODE_4171_length_1169_cov_35.383178	582	662	6	69	80	0.8625000
NODE_4171_length_1169_cov_35.383178	635	715	0	64	80	0.8000000
NODE_4171_length_1169_cov_35.383178	635	715	6	16	80	0.2000000
NODE_4173_length_1169_cov_12.010280	338	418	0	33	80	0.4125000
NODE_4173_length_1169_cov_12.010280	338	418	2	47	80	0.5875000
NODE_4173_length_1169_cov_12.010280	391	471	2	80	80	1.0000000
NODE_4175_length_1169_cov_4.172897	74	135	2	61	61	1.0000000
NODE_4175_length_1169_cov_4.172897	74	135	2	61	61	1.0000000
NODE_4175_length_1169_cov_4.172897	74	135	2	61	61	1.0000000
NODE_4183_length_1168_cov_27.350795	517	597	0	65	80	0.8125000
NODE_4183_length_1168_cov_27.350795	517	597	4	15	80	0.1875000
NODE_4183_length_1168_cov_27.350795	570	650	0	12	80	0.1500000
NODE_4183_length_1168_cov_27.350795	570	650	4	57	80	0.7125000
NODE_4183_length_1168_cov_27.350795	570	650	6	11	80	0.1375000
NODE_4183_length_1168_cov_27.350795	646	726	6	18	80	0.2250000
NODE_4183_length_1168_cov_27.350795	646	726	8	10	80	0.1250000
NODE_4183_length_1168_cov_27.350795	646	726	18	38	80	0.4750000
NODE_4183_length_1168_cov_27.350795	646	726	19	4	80	0.0500000
NODE_4183_length_1168_cov_27.350795	646	726	20	10	80	0.1250000
NODE_4183_length_1168_cov_27.350795	699	779	14	5	80	0.0625000
NODE_4183_length_1168_cov_27.350795	699	779	16	35	80	0.4375000
NODE_4183_length_1168_cov_27.350795	699	779	18	23	80	0.2875000
NODE_4183_length_1168_cov_27.350795	699	779	19	4	80	0.0500000
NODE_4183_length_1168_cov_27.350795	699	779	20	13	80	0.1625000
NODE_4184_length_1168_cov_25.777362	672	752	2	40	80	0.5000000
NODE_4184_length_1168_cov_25.777362	672	752	4	40	80	0.5000000
NODE_4184_length_1168_cov_25.777362	725	805	2	61	80	0.7625000
NODE_4184_length_1168_cov_25.777362	725	805	4	19	80	0.2375000
NODE_4185_length_1168_cov_25.295603	543	623	0	23	80	0.2875000
NODE_4185_length_1168_cov_25.295603	543	623	6	57	80	0.7125000
NODE_4185_length_1168_cov_25.295603	596	676	0	76	80	0.9500000
NODE_4185_length_1168_cov_25.295603	596	676	6	4	80	0.0500000
NODE_4185_length_1168_cov_25.295603	672	752	0	44	80	0.5500000
NODE_4185_length_1168_cov_25.295603	672	752	4	36	80	0.4500000
NODE_4185_length_1168_cov_25.295603	725	804	4	79	79	1.0000000
NODE_4186_length_1168_cov_20.202058	434	514	0	80	80	1.0000000
NODE_4186_length_1168_cov_20.202058	487	567	0	80	80	1.0000000
NODE_4187_length_1168_cov_16.787652	405	485	17	10	80	0.1250000
NODE_4187_length_1168_cov_16.787652	405	485	19	63	80	0.7875000
NODE_4187_length_1168_cov_16.787652	405	485	20	7	80	0.0875000
NODE_4187_length_1168_cov_16.787652	458	538	6	15	80	0.1875000
NODE_4187_length_1168_cov_16.787652	458	538	10	3	80	0.0375000
NODE_4187_length_1168_cov_16.787652	458	538	12	1	80	0.0125000
NODE_4187_length_1168_cov_16.787652	458	538	15	6	80	0.0750000
NODE_4187_length_1168_cov_16.787652	458	538	17	22	80	0.2750000
NODE_4187_length_1168_cov_16.787652	458	538	19	33	80	0.4125000
NODE_4188_length_1168_cov_10.079514	722	802	0	26	80	0.3250000
NODE_4188_length_1168_cov_10.079514	722	802	1	1	80	0.0125000
NODE_4188_length_1168_cov_10.079514	722	802	2	53	80	0.6625000
NODE_4188_length_1168_cov_10.079514	775	855	0	26	80	0.3250000
NODE_4188_length_1168_cov_10.079514	775	855	2	54	80	0.6750000
NODE_4198_length_1167_cov_27.961610	591	671	2	80	80	1.0000000
NODE_4198_length_1167_cov_27.961610	644	724	2	56	80	0.7000000
NODE_4198_length_1167_cov_27.961610	644	724	4	24	80	0.3000000
NODE_4199_length_1167_cov_12.393258	670	750	0	18	80	0.2250000
NODE_4199_length_1167_cov_12.393258	670	750	2	62	80	0.7750000
NODE_4199_length_1167_cov_12.393258	723	803	0	13	80	0.1625000
NODE_4199_length_1167_cov_12.393258	723	803	2	67	80	0.8375000
NODE_4200_length_1167_cov_11.189139	434	514	8	10	80	0.1250000
NODE_4200_length_1167_cov_11.189139	434	514	9	7	80	0.0875000
NODE_4200_length_1167_cov_11.189139	434	514	10	13	80	0.1625000
NODE_4200_length_1167_cov_11.189139	434	514	11	1	80	0.0125000
NODE_4200_length_1167_cov_11.189139	434	514	12	20	80	0.2500000
NODE_4200_length_1167_cov_11.189139	434	514	13	29	80	0.3625000
NODE_4200_length_1167_cov_11.189139	487	567	2	23	80	0.2875000
NODE_4200_length_1167_cov_11.189139	487	567	4	7	80	0.0875000
NODE_4200_length_1167_cov_11.189139	487	567	7	9	80	0.1125000
NODE_4200_length_1167_cov_11.189139	487	567	9	21	80	0.2625000
NODE_4200_length_1167_cov_11.189139	487	567	10	1	80	0.0125000
NODE_4200_length_1167_cov_11.189139	487	567	13	19	80	0.2375000
NODE_4201_length_1167_cov_7.998127	711	791	0	25	80	0.3125000
NODE_4201_length_1167_cov_7.998127	711	791	2	55	80	0.6875000
NODE_4201_length_1167_cov_7.998127	764	844	2	80	80	1.0000000
NODE_4206_length_1166_cov_313.815370	444	524	183	5	80	0.0625000
NODE_4206_length_1166_cov_313.815370	444	524	184	4	80	0.0500000
NODE_4206_length_1166_cov_313.815370	444	524	191	1	80	0.0125000
NODE_4206_length_1166_cov_313.815370	444	524	193	1	80	0.0125000
NODE_4206_length_1166_cov_313.815370	444	524	195	1	80	0.0125000
NODE_4206_length_1166_cov_313.815370	444	524	231	1	80	0.0125000
NODE_4206_length_1166_cov_313.815370	444	524	249	1	80	0.0125000
NODE_4206_length_1166_cov_313.815370	444	524	273	1	80	0.0125000
NODE_4206_length_1166_cov_313.815370	444	524	345	1	80	0.0125000
NODE_4206_length_1166_cov_313.815370	444	524	435	1	80	0.0125000
NODE_4206_length_1166_cov_313.815370	444	524	474	1	80	0.0125000
NODE_4206_length_1166_cov_313.815370	444	524	500	1	80	0.0125000
NODE_4206_length_1166_cov_313.815370	444	524	505	1	80	0.0125000
NODE_4206_length_1166_cov_313.815370	444	524	542	1	80	0.0125000
NODE_4206_length_1166_cov_313.815370	444	524	597	1	80	0.0125000
NODE_4206_length_1166_cov_313.815370	444	524	650	1	80	0.0125000
NODE_4206_length_1166_cov_313.815370	444	524	674	1	80	0.0125000
NODE_4206_length_1166_cov_313.815370	444	524	678	1	80	0.0125000
NODE_4206_length_1166_cov_313.815370	444	524	682	1	80	0.0125000
NODE_4206_length_1166_cov_313.815370	444	524	712	1	80	0.0125000
NODE_4206_length_1166_cov_313.815370	444	524	745	1	80	0.0125000
NODE_4206_length_1166_cov_313.815370	444	524	766	1	80	0.0125000
NODE_4206_length_1166_cov_313.815370	444	524	818	1	80	0.0125000
NODE_4206_length_1166_cov_313.815370	444	524	869	1	80	0.0125000
NODE_4206_length_1166_cov_313.815370	444	524	893	1	80	0.0125000
NODE_4206_length_1166_cov_313.815370	444	524	924	1	80	0.0125000
NODE_4206_length_1166_cov_313.815370	444	524	1009	1	80	0.0125000
NODE_4206_length_1166_cov_313.815370	444	524	1045	1	80	0.0125000
NODE_4206_length_1166_cov_313.815370	444	524	1102	1	80	0.0125000
NODE_4206_length_1166_cov_313.815370	444	524	1126	1	80	0.0125000
NODE_4206_length_1166_cov_313.815370	444	524	1134	1	80	0.0125000
NODE_4206_length_1166_cov_313.815370	444	524	1169	1	80	0.0125000
NODE_4206_length_1166_cov_313.815370	444	524	1201	1	80	0.0125000
NODE_4206_length_1166_cov_313.815370	444	524	1220	1	80	0.0125000
NODE_4206_length_1166_cov_313.815370	444	524	1259	1	80	0.0125000
NODE_4206_length_1166_cov_313.815370	444	524	1282	1	80	0.0125000
NODE_4206_length_1166_cov_313.815370	444	524	1296	1	80	0.0125000
NODE_4206_length_1166_cov_313.815370	444	524	1305	1	80	0.0125000
NODE_4206_length_1166_cov_313.815370	444	524	1334	1	80	0.0125000
NODE_4206_length_1166_cov_313.815370	444	524	1408	1	80	0.0125000
NODE_4206_length_1166_cov_313.815370	444	524	1426	1	80	0.0125000
NODE_4206_length_1166_cov_313.815370	444	524	1447	1	80	0.0125000
NODE_4206_length_1166_cov_313.815370	444	524	1483	1	80	0.0125000
NODE_4206_length_1166_cov_313.815370	444	524	1497	1	80	0.0125000
NODE_4206_length_1166_cov_313.815370	444	524	1519	1	80	0.0125000
NODE_4206_length_1166_cov_313.815370	444	524	1557	1	80	0.0125000
NODE_4206_length_1166_cov_313.815370	444	524	1580	1	80	0.0125000
NODE_4206_length_1166_cov_313.815370	444	524	1589	1	80	0.0125000
NODE_4206_length_1166_cov_313.815370	444	524	1601	1	80	0.0125000
NODE_4206_length_1166_cov_313.815370	444	524	1636	1	80	0.0125000
NODE_4206_length_1166_cov_313.815370	444	524	1658	1	80	0.0125000
NODE_4206_length_1166_cov_313.815370	444	524	1682	1	80	0.0125000
NODE_4206_length_1166_cov_313.815370	444	524	1692	1	80	0.0125000
NODE_4206_length_1166_cov_313.815370	444	524	1722	1	80	0.0125000
NODE_4206_length_1166_cov_313.815370	444	524	1737	1	80	0.0125000
NODE_4206_length_1166_cov_313.815370	444	524	1760	1	80	0.0125000
NODE_4206_length_1166_cov_313.815370	444	524	1839	1	80	0.0125000
NODE_4206_length_1166_cov_313.815370	444	524	1853	1	80	0.0125000
NODE_4206_length_1166_cov_313.815370	444	524	1869	1	80	0.0125000
NODE_4206_length_1166_cov_313.815370	444	524	1897	1	80	0.0125000
NODE_4206_length_1166_cov_313.815370	444	524	1916	1	80	0.0125000
NODE_4206_length_1166_cov_313.815370	444	524	1923	1	80	0.0125000
NODE_4206_length_1166_cov_313.815370	444	524	1947	1	80	0.0125000
NODE_4206_length_1166_cov_313.815370	444	524	1957	1	80	0.0125000
NODE_4206_length_1166_cov_313.815370	444	524	1972	1	80	0.0125000
NODE_4206_length_1166_cov_313.815370	444	524	1973	1	80	0.0125000
NODE_4206_length_1166_cov_313.815370	444	524	1975	1	80	0.0125000
NODE_4206_length_1166_cov_313.815370	444	524	1992	1	80	0.0125000
NODE_4206_length_1166_cov_313.815370	444	524	1999	1	80	0.0125000
NODE_4206_length_1166_cov_313.815370	444	524	2002	1	80	0.0125000
NODE_4206_length_1166_cov_313.815370	444	524	2007	1	80	0.0125000
NODE_4206_length_1166_cov_313.815370	444	524	2010	1	80	0.0125000
NODE_4206_length_1166_cov_313.815370	444	524	2013	1	80	0.0125000
NODE_4206_length_1166_cov_313.815370	444	524	183	5	80	0.0625000
NODE_4206_length_1166_cov_313.815370	444	524	184	4	80	0.0500000
NODE_4206_length_1166_cov_313.815370	444	524	191	1	80	0.0125000
NODE_4206_length_1166_cov_313.815370	444	524	193	1	80	0.0125000
NODE_4206_length_1166_cov_313.815370	444	524	195	1	80	0.0125000
NODE_4206_length_1166_cov_313.815370	444	524	231	1	80	0.0125000
NODE_4206_length_1166_cov_313.815370	444	524	249	1	80	0.0125000
NODE_4206_length_1166_cov_313.815370	444	524	273	1	80	0.0125000
NODE_4206_length_1166_cov_313.815370	444	524	345	1	80	0.0125000
NODE_4206_length_1166_cov_313.815370	444	524	435	1	80	0.0125000
NODE_4206_length_1166_cov_313.815370	444	524	474	1	80	0.0125000
NODE_4206_length_1166_cov_313.815370	444	524	500	1	80	0.0125000
NODE_4206_length_1166_cov_313.815370	444	524	505	1	80	0.0125000
NODE_4206_length_1166_cov_313.815370	444	524	542	1	80	0.0125000
NODE_4206_length_1166_cov_313.815370	444	524	597	1	80	0.0125000
NODE_4206_length_1166_cov_313.815370	444	524	650	1	80	0.0125000
NODE_4206_length_1166_cov_313.815370	444	524	674	1	80	0.0125000
NODE_4206_length_1166_cov_313.815370	444	524	678	1	80	0.0125000
NODE_4206_length_1166_cov_313.815370	444	524	682	1	80	0.0125000
NODE_4206_length_1166_cov_313.815370	444	524	712	1	80	0.0125000
NODE_4206_length_1166_cov_313.815370	444	524	745	1	80	0.0125000
NODE_4206_length_1166_cov_313.815370	444	524	766	1	80	0.0125000
NODE_4206_length_1166_cov_313.815370	444	524	818	1	80	0.0125000
NODE_4206_length_1166_cov_313.815370	444	524	869	1	80	0.0125000
NODE_4206_length_1166_cov_313.815370	444	524	893	1	80	0.0125000
NODE_4206_length_1166_cov_313.815370	444	524	924	1	80	0.0125000
NODE_4206_length_1166_cov_313.815370	444	524	1009	1	80	0.0125000
NODE_4206_length_1166_cov_313.815370	444	524	1045	1	80	0.0125000
NODE_4206_length_1166_cov_313.815370	444	524	1102	1	80	0.0125000
NODE_4206_length_1166_cov_313.815370	444	524	1126	1	80	0.0125000
NODE_4206_length_1166_cov_313.815370	444	524	1134	1	80	0.0125000
NODE_4206_length_1166_cov_313.815370	444	524	1169	1	80	0.0125000
NODE_4206_length_1166_cov_313.815370	444	524	1201	1	80	0.0125000
NODE_4206_length_1166_cov_313.815370	444	524	1220	1	80	0.0125000
NODE_4206_length_1166_cov_313.815370	444	524	1259	1	80	0.0125000
NODE_4206_length_1166_cov_313.815370	444	524	1282	1	80	0.0125000
NODE_4206_length_1166_cov_313.815370	444	524	1296	1	80	0.0125000
NODE_4206_length_1166_cov_313.815370	444	524	1305	1	80	0.0125000
NODE_4206_length_1166_cov_313.815370	444	524	1334	1	80	0.0125000
NODE_4206_length_1166_cov_313.815370	444	524	1408	1	80	0.0125000
NODE_4206_length_1166_cov_313.815370	444	524	1426	1	80	0.0125000
NODE_4206_length_1166_cov_313.815370	444	524	1447	1	80	0.0125000
NODE_4206_length_1166_cov_313.815370	444	524	1483	1	80	0.0125000
NODE_4206_length_1166_cov_313.815370	444	524	1497	1	80	0.0125000
NODE_4206_length_1166_cov_313.815370	444	524	1519	1	80	0.0125000
NODE_4206_length_1166_cov_313.815370	444	524	1557	1	80	0.0125000
NODE_4206_length_1166_cov_313.815370	444	524	1580	1	80	0.0125000
NODE_4206_length_1166_cov_313.815370	444	524	1589	1	80	0.0125000
NODE_4206_length_1166_cov_313.815370	444	524	1601	1	80	0.0125000
NODE_4206_length_1166_cov_313.815370	444	524	1636	1	80	0.0125000
NODE_4206_length_1166_cov_313.815370	444	524	1658	1	80	0.0125000
NODE_4206_length_1166_cov_313.815370	444	524	1682	1	80	0.0125000
NODE_4206_length_1166_cov_313.815370	444	524	1692	1	80	0.0125000
NODE_4206_length_1166_cov_313.815370	444	524	1722	1	80	0.0125000
NODE_4206_length_1166_cov_313.815370	444	524	1737	1	80	0.0125000
NODE_4206_length_1166_cov_313.815370	444	524	1760	1	80	0.0125000
NODE_4206_length_1166_cov_313.815370	444	524	1839	1	80	0.0125000
NODE_4206_length_1166_cov_313.815370	444	524	1853	1	80	0.0125000
NODE_4206_length_1166_cov_313.815370	444	524	1869	1	80	0.0125000
NODE_4206_length_1166_cov_313.815370	444	524	1897	1	80	0.0125000
NODE_4206_length_1166_cov_313.815370	444	524	1916	1	80	0.0125000
NODE_4206_length_1166_cov_313.815370	444	524	1923	1	80	0.0125000
NODE_4206_length_1166_cov_313.815370	444	524	1947	1	80	0.0125000
NODE_4206_length_1166_cov_313.815370	444	524	1957	1	80	0.0125000
NODE_4206_length_1166_cov_313.815370	444	524	1972	1	80	0.0125000
NODE_4206_length_1166_cov_313.815370	444	524	1973	1	80	0.0125000
NODE_4206_length_1166_cov_313.815370	444	524	1975	1	80	0.0125000
NODE_4206_length_1166_cov_313.815370	444	524	1992	1	80	0.0125000
NODE_4206_length_1166_cov_313.815370	444	524	1999	1	80	0.0125000
NODE_4206_length_1166_cov_313.815370	444	524	2002	1	80	0.0125000
NODE_4206_length_1166_cov_313.815370	444	524	2007	1	80	0.0125000
NODE_4206_length_1166_cov_313.815370	444	524	2010	1	80	0.0125000
NODE_4206_length_1166_cov_313.815370	444	524	2013	1	80	0.0125000
NODE_4206_length_1166_cov_313.815370	444	524	183	5	80	0.0625000
NODE_4206_length_1166_cov_313.815370	444	524	184	4	80	0.0500000
NODE_4206_length_1166_cov_313.815370	444	524	191	1	80	0.0125000
NODE_4206_length_1166_cov_313.815370	444	524	193	1	80	0.0125000
NODE_4206_length_1166_cov_313.815370	444	524	195	1	80	0.0125000
NODE_4206_length_1166_cov_313.815370	444	524	231	1	80	0.0125000
NODE_4206_length_1166_cov_313.815370	444	524	249	1	80	0.0125000
NODE_4206_length_1166_cov_313.815370	444	524	273	1	80	0.0125000
NODE_4206_length_1166_cov_313.815370	444	524	345	1	80	0.0125000
NODE_4206_length_1166_cov_313.815370	444	524	435	1	80	0.0125000
NODE_4206_length_1166_cov_313.815370	444	524	474	1	80	0.0125000
NODE_4206_length_1166_cov_313.815370	444	524	500	1	80	0.0125000
NODE_4206_length_1166_cov_313.815370	444	524	505	1	80	0.0125000
NODE_4206_length_1166_cov_313.815370	444	524	542	1	80	0.0125000
NODE_4206_length_1166_cov_313.815370	444	524	597	1	80	0.0125000
NODE_4206_length_1166_cov_313.815370	444	524	650	1	80	0.0125000
NODE_4206_length_1166_cov_313.815370	444	524	674	1	80	0.0125000
NODE_4206_length_1166_cov_313.815370	444	524	678	1	80	0.0125000
NODE_4206_length_1166_cov_313.815370	444	524	682	1	80	0.0125000
NODE_4206_length_1166_cov_313.815370	444	524	712	1	80	0.0125000
NODE_4206_length_1166_cov_313.815370	444	524	745	1	80	0.0125000
NODE_4206_length_1166_cov_313.815370	444	524	766	1	80	0.0125000
NODE_4206_length_1166_cov_313.815370	444	524	818	1	80	0.0125000
NODE_4206_length_1166_cov_313.815370	444	524	869	1	80	0.0125000
NODE_4206_length_1166_cov_313.815370	444	524	893	1	80	0.0125000
NODE_4206_length_1166_cov_313.815370	444	524	924	1	80	0.0125000
NODE_4206_length_1166_cov_313.815370	444	524	1009	1	80	0.0125000
NODE_4206_length_1166_cov_313.815370	444	524	1045	1	80	0.0125000
NODE_4206_length_1166_cov_313.815370	444	524	1102	1	80	0.0125000
NODE_4206_length_1166_cov_313.815370	444	524	1126	1	80	0.0125000
NODE_4206_length_1166_cov_313.815370	444	524	1134	1	80	0.0125000
NODE_4206_length_1166_cov_313.815370	444	524	1169	1	80	0.0125000
NODE_4206_length_1166_cov_313.815370	444	524	1201	1	80	0.0125000
NODE_4206_length_1166_cov_313.815370	444	524	1220	1	80	0.0125000
NODE_4206_length_1166_cov_313.815370	444	524	1259	1	80	0.0125000
NODE_4206_length_1166_cov_313.815370	444	524	1282	1	80	0.0125000
NODE_4206_length_1166_cov_313.815370	444	524	1296	1	80	0.0125000
NODE_4206_length_1166_cov_313.815370	444	524	1305	1	80	0.0125000
NODE_4206_length_1166_cov_313.815370	444	524	1334	1	80	0.0125000
NODE_4206_length_1166_cov_313.815370	444	524	1408	1	80	0.0125000
NODE_4206_length_1166_cov_313.815370	444	524	1426	1	80	0.0125000
NODE_4206_length_1166_cov_313.815370	444	524	1447	1	80	0.0125000
NODE_4206_length_1166_cov_313.815370	444	524	1483	1	80	0.0125000
NODE_4206_length_1166_cov_313.815370	444	524	1497	1	80	0.0125000
NODE_4206_length_1166_cov_313.815370	444	524	1519	1	80	0.0125000
NODE_4206_length_1166_cov_313.815370	444	524	1557	1	80	0.0125000
NODE_4206_length_1166_cov_313.815370	444	524	1580	1	80	0.0125000
NODE_4206_length_1166_cov_313.815370	444	524	1589	1	80	0.0125000
NODE_4206_length_1166_cov_313.815370	444	524	1601	1	80	0.0125000
NODE_4206_length_1166_cov_313.815370	444	524	1636	1	80	0.0125000
NODE_4206_length_1166_cov_313.815370	444	524	1658	1	80	0.0125000
NODE_4206_length_1166_cov_313.815370	444	524	1682	1	80	0.0125000
NODE_4206_length_1166_cov_313.815370	444	524	1692	1	80	0.0125000
NODE_4206_length_1166_cov_313.815370	444	524	1722	1	80	0.0125000
NODE_4206_length_1166_cov_313.815370	444	524	1737	1	80	0.0125000
NODE_4206_length_1166_cov_313.815370	444	524	1760	1	80	0.0125000
NODE_4206_length_1166_cov_313.815370	444	524	1839	1	80	0.0125000
NODE_4206_length_1166_cov_313.815370	444	524	1853	1	80	0.0125000
NODE_4206_length_1166_cov_313.815370	444	524	1869	1	80	0.0125000
NODE_4206_length_1166_cov_313.815370	444	524	1897	1	80	0.0125000
NODE_4206_length_1166_cov_313.815370	444	524	1916	1	80	0.0125000
NODE_4206_length_1166_cov_313.815370	444	524	1923	1	80	0.0125000
NODE_4206_length_1166_cov_313.815370	444	524	1947	1	80	0.0125000
NODE_4206_length_1166_cov_313.815370	444	524	1957	1	80	0.0125000
NODE_4206_length_1166_cov_313.815370	444	524	1972	1	80	0.0125000
NODE_4206_length_1166_cov_313.815370	444	524	1973	1	80	0.0125000
NODE_4206_length_1166_cov_313.815370	444	524	1975	1	80	0.0125000
NODE_4206_length_1166_cov_313.815370	444	524	1992	1	80	0.0125000
NODE_4206_length_1166_cov_313.815370	444	524	1999	1	80	0.0125000
NODE_4206_length_1166_cov_313.815370	444	524	2002	1	80	0.0125000
NODE_4206_length_1166_cov_313.815370	444	524	2007	1	80	0.0125000
NODE_4206_length_1166_cov_313.815370	444	524	2010	1	80	0.0125000
NODE_4206_length_1166_cov_313.815370	444	524	2013	1	80	0.0125000
NODE_4206_length_1166_cov_313.815370	444	524	183	5	80	0.0625000
NODE_4206_length_1166_cov_313.815370	444	524	184	4	80	0.0500000
NODE_4206_length_1166_cov_313.815370	444	524	191	1	80	0.0125000
NODE_4206_length_1166_cov_313.815370	444	524	193	1	80	0.0125000
NODE_4206_length_1166_cov_313.815370	444	524	195	1	80	0.0125000
NODE_4206_length_1166_cov_313.815370	444	524	231	1	80	0.0125000
NODE_4206_length_1166_cov_313.815370	444	524	249	1	80	0.0125000
NODE_4206_length_1166_cov_313.815370	444	524	273	1	80	0.0125000
NODE_4206_length_1166_cov_313.815370	444	524	345	1	80	0.0125000
NODE_4206_length_1166_cov_313.815370	444	524	435	1	80	0.0125000
NODE_4206_length_1166_cov_313.815370	444	524	474	1	80	0.0125000
NODE_4206_length_1166_cov_313.815370	444	524	500	1	80	0.0125000
NODE_4206_length_1166_cov_313.815370	444	524	505	1	80	0.0125000
NODE_4206_length_1166_cov_313.815370	444	524	542	1	80	0.0125000
NODE_4206_length_1166_cov_313.815370	444	524	597	1	80	0.0125000
NODE_4206_length_1166_cov_313.815370	444	524	650	1	80	0.0125000
NODE_4206_length_1166_cov_313.815370	444	524	674	1	80	0.0125000
NODE_4206_length_1166_cov_313.815370	444	524	678	1	80	0.0125000
NODE_4206_length_1166_cov_313.815370	444	524	682	1	80	0.0125000
NODE_4206_length_1166_cov_313.815370	444	524	712	1	80	0.0125000
NODE_4206_length_1166_cov_313.815370	444	524	745	1	80	0.0125000
NODE_4206_length_1166_cov_313.815370	444	524	766	1	80	0.0125000
NODE_4206_length_1166_cov_313.815370	444	524	818	1	80	0.0125000
NODE_4206_length_1166_cov_313.815370	444	524	869	1	80	0.0125000
NODE_4206_length_1166_cov_313.815370	444	524	893	1	80	0.0125000
NODE_4206_length_1166_cov_313.815370	444	524	924	1	80	0.0125000
NODE_4206_length_1166_cov_313.815370	444	524	1009	1	80	0.0125000
NODE_4206_length_1166_cov_313.815370	444	524	1045	1	80	0.0125000
NODE_4206_length_1166_cov_313.815370	444	524	1102	1	80	0.0125000
NODE_4206_length_1166_cov_313.815370	444	524	1126	1	80	0.0125000
NODE_4206_length_1166_cov_313.815370	444	524	1134	1	80	0.0125000
NODE_4206_length_1166_cov_313.815370	444	524	1169	1	80	0.0125000
NODE_4206_length_1166_cov_313.815370	444	524	1201	1	80	0.0125000
NODE_4206_length_1166_cov_313.815370	444	524	1220	1	80	0.0125000
NODE_4206_length_1166_cov_313.815370	444	524	1259	1	80	0.0125000
NODE_4206_length_1166_cov_313.815370	444	524	1282	1	80	0.0125000
NODE_4206_length_1166_cov_313.815370	444	524	1296	1	80	0.0125000
NODE_4206_length_1166_cov_313.815370	444	524	1305	1	80	0.0125000
NODE_4206_length_1166_cov_313.815370	444	524	1334	1	80	0.0125000
NODE_4206_length_1166_cov_313.815370	444	524	1408	1	80	0.0125000
NODE_4206_length_1166_cov_313.815370	444	524	1426	1	80	0.0125000
NODE_4206_length_1166_cov_313.815370	444	524	1447	1	80	0.0125000
NODE_4206_length_1166_cov_313.815370	444	524	1483	1	80	0.0125000
NODE_4206_length_1166_cov_313.815370	444	524	1497	1	80	0.0125000
NODE_4206_length_1166_cov_313.815370	444	524	1519	1	80	0.0125000
NODE_4206_length_1166_cov_313.815370	444	524	1557	1	80	0.0125000
NODE_4206_length_1166_cov_313.815370	444	524	1580	1	80	0.0125000
NODE_4206_length_1166_cov_313.815370	444	524	1589	1	80	0.0125000
NODE_4206_length_1166_cov_313.815370	444	524	1601	1	80	0.0125000
NODE_4206_length_1166_cov_313.815370	444	524	1636	1	80	0.0125000
NODE_4206_length_1166_cov_313.815370	444	524	1658	1	80	0.0125000
NODE_4206_length_1166_cov_313.815370	444	524	1682	1	80	0.0125000
NODE_4206_length_1166_cov_313.815370	444	524	1692	1	80	0.0125000
NODE_4206_length_1166_cov_313.815370	444	524	1722	1	80	0.0125000
NODE_4206_length_1166_cov_313.815370	444	524	1737	1	80	0.0125000
NODE_4206_length_1166_cov_313.815370	444	524	1760	1	80	0.0125000
NODE_4206_length_1166_cov_313.815370	444	524	1839	1	80	0.0125000
NODE_4206_length_1166_cov_313.815370	444	524	1853	1	80	0.0125000
NODE_4206_length_1166_cov_313.815370	444	524	1869	1	80	0.0125000
NODE_4206_length_1166_cov_313.815370	444	524	1897	1	80	0.0125000
NODE_4206_length_1166_cov_313.815370	444	524	1916	1	80	0.0125000
NODE_4206_length_1166_cov_313.815370	444	524	1923	1	80	0.0125000
NODE_4206_length_1166_cov_313.815370	444	524	1947	1	80	0.0125000
NODE_4206_length_1166_cov_313.815370	444	524	1957	1	80	0.0125000
NODE_4206_length_1166_cov_313.815370	444	524	1972	1	80	0.0125000
NODE_4206_length_1166_cov_313.815370	444	524	1973	1	80	0.0125000
NODE_4206_length_1166_cov_313.815370	444	524	1975	1	80	0.0125000
NODE_4206_length_1166_cov_313.815370	444	524	1992	1	80	0.0125000
NODE_4206_length_1166_cov_313.815370	444	524	1999	1	80	0.0125000
NODE_4206_length_1166_cov_313.815370	444	524	2002	1	80	0.0125000
NODE_4206_length_1166_cov_313.815370	444	524	2007	1	80	0.0125000
NODE_4206_length_1166_cov_313.815370	444	524	2010	1	80	0.0125000
NODE_4206_length_1166_cov_313.815370	444	524	2013	1	80	0.0125000
NODE_4206_length_1166_cov_313.815370	444	524	183	5	80	0.0625000
NODE_4206_length_1166_cov_313.815370	444	524	184	4	80	0.0500000
NODE_4206_length_1166_cov_313.815370	444	524	191	1	80	0.0125000
NODE_4206_length_1166_cov_313.815370	444	524	193	1	80	0.0125000
NODE_4206_length_1166_cov_313.815370	444	524	195	1	80	0.0125000
NODE_4206_length_1166_cov_313.815370	444	524	231	1	80	0.0125000
NODE_4206_length_1166_cov_313.815370	444	524	249	1	80	0.0125000
NODE_4206_length_1166_cov_313.815370	444	524	273	1	80	0.0125000
NODE_4206_length_1166_cov_313.815370	444	524	345	1	80	0.0125000
NODE_4206_length_1166_cov_313.815370	444	524	435	1	80	0.0125000
NODE_4206_length_1166_cov_313.815370	444	524	474	1	80	0.0125000
NODE_4206_length_1166_cov_313.815370	444	524	500	1	80	0.0125000
NODE_4206_length_1166_cov_313.815370	444	524	505	1	80	0.0125000
NODE_4206_length_1166_cov_313.815370	444	524	542	1	80	0.0125000
NODE_4206_length_1166_cov_313.815370	444	524	597	1	80	0.0125000
NODE_4206_length_1166_cov_313.815370	444	524	650	1	80	0.0125000
NODE_4206_length_1166_cov_313.815370	444	524	674	1	80	0.0125000
NODE_4206_length_1166_cov_313.815370	444	524	678	1	80	0.0125000
NODE_4206_length_1166_cov_313.815370	444	524	682	1	80	0.0125000
NODE_4206_length_1166_cov_313.815370	444	524	712	1	80	0.0125000
NODE_4206_length_1166_cov_313.815370	444	524	745	1	80	0.0125000
NODE_4206_length_1166_cov_313.815370	444	524	766	1	80	0.0125000
NODE_4206_length_1166_cov_313.815370	444	524	818	1	80	0.0125000
NODE_4206_length_1166_cov_313.815370	444	524	869	1	80	0.0125000
NODE_4206_length_1166_cov_313.815370	444	524	893	1	80	0.0125000
NODE_4206_length_1166_cov_313.815370	444	524	924	1	80	0.0125000
NODE_4206_length_1166_cov_313.815370	444	524	1009	1	80	0.0125000
NODE_4206_length_1166_cov_313.815370	444	524	1045	1	80	0.0125000
NODE_4206_length_1166_cov_313.815370	444	524	1102	1	80	0.0125000
NODE_4206_length_1166_cov_313.815370	444	524	1126	1	80	0.0125000
NODE_4206_length_1166_cov_313.815370	444	524	1134	1	80	0.0125000
NODE_4206_length_1166_cov_313.815370	444	524	1169	1	80	0.0125000
NODE_4206_length_1166_cov_313.815370	444	524	1201	1	80	0.0125000
NODE_4206_length_1166_cov_313.815370	444	524	1220	1	80	0.0125000
NODE_4206_length_1166_cov_313.815370	444	524	1259	1	80	0.0125000
NODE_4206_length_1166_cov_313.815370	444	524	1282	1	80	0.0125000
NODE_4206_length_1166_cov_313.815370	444	524	1296	1	80	0.0125000
NODE_4206_length_1166_cov_313.815370	444	524	1305	1	80	0.0125000
NODE_4206_length_1166_cov_313.815370	444	524	1334	1	80	0.0125000
NODE_4206_length_1166_cov_313.815370	444	524	1408	1	80	0.0125000
NODE_4206_length_1166_cov_313.815370	444	524	1426	1	80	0.0125000
NODE_4206_length_1166_cov_313.815370	444	524	1447	1	80	0.0125000
NODE_4206_length_1166_cov_313.815370	444	524	1483	1	80	0.0125000
NODE_4206_length_1166_cov_313.815370	444	524	1497	1	80	0.0125000
NODE_4206_length_1166_cov_313.815370	444	524	1519	1	80	0.0125000
NODE_4206_length_1166_cov_313.815370	444	524	1557	1	80	0.0125000
NODE_4206_length_1166_cov_313.815370	444	524	1580	1	80	0.0125000
NODE_4206_length_1166_cov_313.815370	444	524	1589	1	80	0.0125000
NODE_4206_length_1166_cov_313.815370	444	524	1601	1	80	0.0125000
NODE_4206_length_1166_cov_313.815370	444	524	1636	1	80	0.0125000
NODE_4206_length_1166_cov_313.815370	444	524	1658	1	80	0.0125000
NODE_4206_length_1166_cov_313.815370	444	524	1682	1	80	0.0125000
NODE_4206_length_1166_cov_313.815370	444	524	1692	1	80	0.0125000
NODE_4206_length_1166_cov_313.815370	444	524	1722	1	80	0.0125000
NODE_4206_length_1166_cov_313.815370	444	524	1737	1	80	0.0125000
NODE_4206_length_1166_cov_313.815370	444	524	1760	1	80	0.0125000
NODE_4206_length_1166_cov_313.815370	444	524	1839	1	80	0.0125000
NODE_4206_length_1166_cov_313.815370	444	524	1853	1	80	0.0125000
NODE_4206_length_1166_cov_313.815370	444	524	1869	1	80	0.0125000
NODE_4206_length_1166_cov_313.815370	444	524	1897	1	80	0.0125000
NODE_4206_length_1166_cov_313.815370	444	524	1916	1	80	0.0125000
NODE_4206_length_1166_cov_313.815370	444	524	1923	1	80	0.0125000
NODE_4206_length_1166_cov_313.815370	444	524	1947	1	80	0.0125000
NODE_4206_length_1166_cov_313.815370	444	524	1957	1	80	0.0125000
NODE_4206_length_1166_cov_313.815370	444	524	1972	1	80	0.0125000
NODE_4206_length_1166_cov_313.815370	444	524	1973	1	80	0.0125000
NODE_4206_length_1166_cov_313.815370	444	524	1975	1	80	0.0125000
NODE_4206_length_1166_cov_313.815370	444	524	1992	1	80	0.0125000
NODE_4206_length_1166_cov_313.815370	444	524	1999	1	80	0.0125000
NODE_4206_length_1166_cov_313.815370	444	524	2002	1	80	0.0125000
NODE_4206_length_1166_cov_313.815370	444	524	2007	1	80	0.0125000
NODE_4206_length_1166_cov_313.815370	444	524	2010	1	80	0.0125000
NODE_4206_length_1166_cov_313.815370	444	524	2013	1	80	0.0125000
NODE_4206_length_1166_cov_313.815370	444	524	183	5	80	0.0625000
NODE_4206_length_1166_cov_313.815370	444	524	184	4	80	0.0500000
NODE_4206_length_1166_cov_313.815370	444	524	191	1	80	0.0125000
NODE_4206_length_1166_cov_313.815370	444	524	193	1	80	0.0125000
NODE_4206_length_1166_cov_313.815370	444	524	195	1	80	0.0125000
NODE_4206_length_1166_cov_313.815370	444	524	231	1	80	0.0125000
NODE_4206_length_1166_cov_313.815370	444	524	249	1	80	0.0125000
NODE_4206_length_1166_cov_313.815370	444	524	273	1	80	0.0125000
NODE_4206_length_1166_cov_313.815370	444	524	345	1	80	0.0125000
NODE_4206_length_1166_cov_313.815370	444	524	435	1	80	0.0125000
NODE_4206_length_1166_cov_313.815370	444	524	474	1	80	0.0125000
NODE_4206_length_1166_cov_313.815370	444	524	500	1	80	0.0125000
NODE_4206_length_1166_cov_313.815370	444	524	505	1	80	0.0125000
NODE_4206_length_1166_cov_313.815370	444	524	542	1	80	0.0125000
NODE_4206_length_1166_cov_313.815370	444	524	597	1	80	0.0125000
NODE_4206_length_1166_cov_313.815370	444	524	650	1	80	0.0125000
NODE_4206_length_1166_cov_313.815370	444	524	674	1	80	0.0125000
NODE_4206_length_1166_cov_313.815370	444	524	678	1	80	0.0125000
NODE_4206_length_1166_cov_313.815370	444	524	682	1	80	0.0125000
NODE_4206_length_1166_cov_313.815370	444	524	712	1	80	0.0125000
NODE_4206_length_1166_cov_313.815370	444	524	745	1	80	0.0125000
NODE_4206_length_1166_cov_313.815370	444	524	766	1	80	0.0125000
NODE_4206_length_1166_cov_313.815370	444	524	818	1	80	0.0125000
NODE_4206_length_1166_cov_313.815370	444	524	869	1	80	0.0125000
NODE_4206_length_1166_cov_313.815370	444	524	893	1	80	0.0125000
NODE_4206_length_1166_cov_313.815370	444	524	924	1	80	0.0125000
NODE_4206_length_1166_cov_313.815370	444	524	1009	1	80	0.0125000
NODE_4206_length_1166_cov_313.815370	444	524	1045	1	80	0.0125000
NODE_4206_length_1166_cov_313.815370	444	524	1102	1	80	0.0125000
NODE_4206_length_1166_cov_313.815370	444	524	1126	1	80	0.0125000
NODE_4206_length_1166_cov_313.815370	444	524	1134	1	80	0.0125000
NODE_4206_length_1166_cov_313.815370	444	524	1169	1	80	0.0125000
NODE_4206_length_1166_cov_313.815370	444	524	1201	1	80	0.0125000
NODE_4206_length_1166_cov_313.815370	444	524	1220	1	80	0.0125000
NODE_4206_length_1166_cov_313.815370	444	524	1259	1	80	0.0125000
NODE_4206_length_1166_cov_313.815370	444	524	1282	1	80	0.0125000
NODE_4206_length_1166_cov_313.815370	444	524	1296	1	80	0.0125000
NODE_4206_length_1166_cov_313.815370	444	524	1305	1	80	0.0125000
NODE_4206_length_1166_cov_313.815370	444	524	1334	1	80	0.0125000
NODE_4206_length_1166_cov_313.815370	444	524	1408	1	80	0.0125000
NODE_4206_length_1166_cov_313.815370	444	524	1426	1	80	0.0125000
NODE_4206_length_1166_cov_313.815370	444	524	1447	1	80	0.0125000
NODE_4206_length_1166_cov_313.815370	444	524	1483	1	80	0.0125000
NODE_4206_length_1166_cov_313.815370	444	524	1497	1	80	0.0125000
NODE_4206_length_1166_cov_313.815370	444	524	1519	1	80	0.0125000
NODE_4206_length_1166_cov_313.815370	444	524	1557	1	80	0.0125000
NODE_4206_length_1166_cov_313.815370	444	524	1580	1	80	0.0125000
NODE_4206_length_1166_cov_313.815370	444	524	1589	1	80	0.0125000
NODE_4206_length_1166_cov_313.815370	444	524	1601	1	80	0.0125000
NODE_4206_length_1166_cov_313.815370	444	524	1636	1	80	0.0125000
NODE_4206_length_1166_cov_313.815370	444	524	1658	1	80	0.0125000
NODE_4206_length_1166_cov_313.815370	444	524	1682	1	80	0.0125000
NODE_4206_length_1166_cov_313.815370	444	524	1692	1	80	0.0125000
NODE_4206_length_1166_cov_313.815370	444	524	1722	1	80	0.0125000
NODE_4206_length_1166_cov_313.815370	444	524	1737	1	80	0.0125000
NODE_4206_length_1166_cov_313.815370	444	524	1760	1	80	0.0125000
NODE_4206_length_1166_cov_313.815370	444	524	1839	1	80	0.0125000
NODE_4206_length_1166_cov_313.815370	444	524	1853	1	80	0.0125000
NODE_4206_length_1166_cov_313.815370	444	524	1869	1	80	0.0125000
NODE_4206_length_1166_cov_313.815370	444	524	1897	1	80	0.0125000
NODE_4206_length_1166_cov_313.815370	444	524	1916	1	80	0.0125000
NODE_4206_length_1166_cov_313.815370	444	524	1923	1	80	0.0125000
NODE_4206_length_1166_cov_313.815370	444	524	1947	1	80	0.0125000
NODE_4206_length_1166_cov_313.815370	444	524	1957	1	80	0.0125000
NODE_4206_length_1166_cov_313.815370	444	524	1972	1	80	0.0125000
NODE_4206_length_1166_cov_313.815370	444	524	1973	1	80	0.0125000
NODE_4206_length_1166_cov_313.815370	444	524	1975	1	80	0.0125000
NODE_4206_length_1166_cov_313.815370	444	524	1992	1	80	0.0125000
NODE_4206_length_1166_cov_313.815370	444	524	1999	1	80	0.0125000
NODE_4206_length_1166_cov_313.815370	444	524	2002	1	80	0.0125000
NODE_4206_length_1166_cov_313.815370	444	524	2007	1	80	0.0125000
NODE_4206_length_1166_cov_313.815370	444	524	2010	1	80	0.0125000
NODE_4206_length_1166_cov_313.815370	444	524	2013	1	80	0.0125000
NODE_4206_length_1166_cov_313.815370	497	577	1580	1	80	0.0125000
NODE_4206_length_1166_cov_313.815370	497	577	1589	1	80	0.0125000
NODE_4206_length_1166_cov_313.815370	497	577	1601	1	80	0.0125000
NODE_4206_length_1166_cov_313.815370	497	577	1636	1	80	0.0125000
NODE_4206_length_1166_cov_313.815370	497	577	1658	1	80	0.0125000
NODE_4206_length_1166_cov_313.815370	497	577	1682	1	80	0.0125000
NODE_4206_length_1166_cov_313.815370	497	577	1692	1	80	0.0125000
NODE_4206_length_1166_cov_313.815370	497	577	1722	1	80	0.0125000
NODE_4206_length_1166_cov_313.815370	497	577	1737	1	80	0.0125000
NODE_4206_length_1166_cov_313.815370	497	577	1760	1	80	0.0125000
NODE_4206_length_1166_cov_313.815370	497	577	1839	1	80	0.0125000
NODE_4206_length_1166_cov_313.815370	497	577	1853	1	80	0.0125000
NODE_4206_length_1166_cov_313.815370	497	577	1869	1	80	0.0125000
NODE_4206_length_1166_cov_313.815370	497	577	1897	1	80	0.0125000
NODE_4206_length_1166_cov_313.815370	497	577	1916	1	80	0.0125000
NODE_4206_length_1166_cov_313.815370	497	577	1923	1	80	0.0125000
NODE_4206_length_1166_cov_313.815370	497	577	1947	1	80	0.0125000
NODE_4206_length_1166_cov_313.815370	497	577	1957	1	80	0.0125000
NODE_4206_length_1166_cov_313.815370	497	577	1972	1	80	0.0125000
NODE_4206_length_1166_cov_313.815370	497	577	1973	1	80	0.0125000
NODE_4206_length_1166_cov_313.815370	497	577	1975	1	80	0.0125000
NODE_4206_length_1166_cov_313.815370	497	577	1992	1	80	0.0125000
NODE_4206_length_1166_cov_313.815370	497	577	1999	1	80	0.0125000
NODE_4206_length_1166_cov_313.815370	497	577	2002	1	80	0.0125000
NODE_4206_length_1166_cov_313.815370	497	577	2007	1	80	0.0125000
NODE_4206_length_1166_cov_313.815370	497	577	2010	2	80	0.0250000
NODE_4206_length_1166_cov_313.815370	497	577	2013	1	80	0.0125000
NODE_4206_length_1166_cov_313.815370	497	577	2028	1	80	0.0125000
NODE_4206_length_1166_cov_313.815370	497	577	2044	1	80	0.0125000
NODE_4206_length_1166_cov_313.815370	497	577	2046	1	80	0.0125000
NODE_4206_length_1166_cov_313.815370	497	577	2048	1	80	0.0125000
NODE_4206_length_1166_cov_313.815370	497	577	2050	1	80	0.0125000
NODE_4206_length_1166_cov_313.815370	497	577	2051	2	80	0.0250000
NODE_4206_length_1166_cov_313.815370	497	577	2052	1	80	0.0125000
NODE_4206_length_1166_cov_313.815370	497	577	2054	1	80	0.0125000
NODE_4206_length_1166_cov_313.815370	497	577	2057	2	80	0.0250000
NODE_4206_length_1166_cov_313.815370	497	577	2059	1	80	0.0125000
NODE_4206_length_1166_cov_313.815370	497	577	2061	1	80	0.0125000
NODE_4206_length_1166_cov_313.815370	497	577	2063	5	80	0.0625000
NODE_4206_length_1166_cov_313.815370	497	577	2064	2	80	0.0250000
NODE_4206_length_1166_cov_313.815370	497	577	2065	2	80	0.0250000
NODE_4206_length_1166_cov_313.815370	497	577	2066	1	80	0.0125000
NODE_4206_length_1166_cov_313.815370	497	577	2067	1	80	0.0125000
NODE_4206_length_1166_cov_313.815370	497	577	2068	13	80	0.1625000
NODE_4206_length_1166_cov_313.815370	497	577	2069	3	80	0.0375000
NODE_4206_length_1166_cov_313.815370	497	577	2070	1	80	0.0125000
NODE_4206_length_1166_cov_313.815370	497	577	2071	1	80	0.0125000
NODE_4206_length_1166_cov_313.815370	497	577	2072	4	80	0.0500000
NODE_4206_length_1166_cov_313.815370	497	577	2075	4	80	0.0500000
NODE_4206_length_1166_cov_313.815370	497	577	2076	2	80	0.0250000
NODE_4206_length_1166_cov_313.815370	497	577	1580	1	80	0.0125000
NODE_4206_length_1166_cov_313.815370	497	577	1589	1	80	0.0125000
NODE_4206_length_1166_cov_313.815370	497	577	1601	1	80	0.0125000
NODE_4206_length_1166_cov_313.815370	497	577	1636	1	80	0.0125000
NODE_4206_length_1166_cov_313.815370	497	577	1658	1	80	0.0125000
NODE_4206_length_1166_cov_313.815370	497	577	1682	1	80	0.0125000
NODE_4206_length_1166_cov_313.815370	497	577	1692	1	80	0.0125000
NODE_4206_length_1166_cov_313.815370	497	577	1722	1	80	0.0125000
NODE_4206_length_1166_cov_313.815370	497	577	1737	1	80	0.0125000
NODE_4206_length_1166_cov_313.815370	497	577	1760	1	80	0.0125000
NODE_4206_length_1166_cov_313.815370	497	577	1839	1	80	0.0125000
NODE_4206_length_1166_cov_313.815370	497	577	1853	1	80	0.0125000
NODE_4206_length_1166_cov_313.815370	497	577	1869	1	80	0.0125000
NODE_4206_length_1166_cov_313.815370	497	577	1897	1	80	0.0125000
NODE_4206_length_1166_cov_313.815370	497	577	1916	1	80	0.0125000
NODE_4206_length_1166_cov_313.815370	497	577	1923	1	80	0.0125000
NODE_4206_length_1166_cov_313.815370	497	577	1947	1	80	0.0125000
NODE_4206_length_1166_cov_313.815370	497	577	1957	1	80	0.0125000
NODE_4206_length_1166_cov_313.815370	497	577	1972	1	80	0.0125000
NODE_4206_length_1166_cov_313.815370	497	577	1973	1	80	0.0125000
NODE_4206_length_1166_cov_313.815370	497	577	1975	1	80	0.0125000
NODE_4206_length_1166_cov_313.815370	497	577	1992	1	80	0.0125000
NODE_4206_length_1166_cov_313.815370	497	577	1999	1	80	0.0125000
NODE_4206_length_1166_cov_313.815370	497	577	2002	1	80	0.0125000
NODE_4206_length_1166_cov_313.815370	497	577	2007	1	80	0.0125000
NODE_4206_length_1166_cov_313.815370	497	577	2010	2	80	0.0250000
NODE_4206_length_1166_cov_313.815370	497	577	2013	1	80	0.0125000
NODE_4206_length_1166_cov_313.815370	497	577	2028	1	80	0.0125000
NODE_4206_length_1166_cov_313.815370	497	577	2044	1	80	0.0125000
NODE_4206_length_1166_cov_313.815370	497	577	2046	1	80	0.0125000
NODE_4206_length_1166_cov_313.815370	497	577	2048	1	80	0.0125000
NODE_4206_length_1166_cov_313.815370	497	577	2050	1	80	0.0125000
NODE_4206_length_1166_cov_313.815370	497	577	2051	2	80	0.0250000
NODE_4206_length_1166_cov_313.815370	497	577	2052	1	80	0.0125000
NODE_4206_length_1166_cov_313.815370	497	577	2054	1	80	0.0125000
NODE_4206_length_1166_cov_313.815370	497	577	2057	2	80	0.0250000
NODE_4206_length_1166_cov_313.815370	497	577	2059	1	80	0.0125000
NODE_4206_length_1166_cov_313.815370	497	577	2061	1	80	0.0125000
NODE_4206_length_1166_cov_313.815370	497	577	2063	5	80	0.0625000
NODE_4206_length_1166_cov_313.815370	497	577	2064	2	80	0.0250000
NODE_4206_length_1166_cov_313.815370	497	577	2065	2	80	0.0250000
NODE_4206_length_1166_cov_313.815370	497	577	2066	1	80	0.0125000
NODE_4206_length_1166_cov_313.815370	497	577	2067	1	80	0.0125000
NODE_4206_length_1166_cov_313.815370	497	577	2068	13	80	0.1625000
NODE_4206_length_1166_cov_313.815370	497	577	2069	3	80	0.0375000
NODE_4206_length_1166_cov_313.815370	497	577	2070	1	80	0.0125000
NODE_4206_length_1166_cov_313.815370	497	577	2071	1	80	0.0125000
NODE_4206_length_1166_cov_313.815370	497	577	2072	4	80	0.0500000
NODE_4206_length_1166_cov_313.815370	497	577	2075	4	80	0.0500000
NODE_4206_length_1166_cov_313.815370	497	577	2076	2	80	0.0250000
NODE_4206_length_1166_cov_313.815370	497	577	1580	1	80	0.0125000
NODE_4206_length_1166_cov_313.815370	497	577	1589	1	80	0.0125000
NODE_4206_length_1166_cov_313.815370	497	577	1601	1	80	0.0125000
NODE_4206_length_1166_cov_313.815370	497	577	1636	1	80	0.0125000
NODE_4206_length_1166_cov_313.815370	497	577	1658	1	80	0.0125000
NODE_4206_length_1166_cov_313.815370	497	577	1682	1	80	0.0125000
NODE_4206_length_1166_cov_313.815370	497	577	1692	1	80	0.0125000
NODE_4206_length_1166_cov_313.815370	497	577	1722	1	80	0.0125000
NODE_4206_length_1166_cov_313.815370	497	577	1737	1	80	0.0125000
NODE_4206_length_1166_cov_313.815370	497	577	1760	1	80	0.0125000
NODE_4206_length_1166_cov_313.815370	497	577	1839	1	80	0.0125000
NODE_4206_length_1166_cov_313.815370	497	577	1853	1	80	0.0125000
NODE_4206_length_1166_cov_313.815370	497	577	1869	1	80	0.0125000
NODE_4206_length_1166_cov_313.815370	497	577	1897	1	80	0.0125000
NODE_4206_length_1166_cov_313.815370	497	577	1916	1	80	0.0125000
NODE_4206_length_1166_cov_313.815370	497	577	1923	1	80	0.0125000
NODE_4206_length_1166_cov_313.815370	497	577	1947	1	80	0.0125000
NODE_4206_length_1166_cov_313.815370	497	577	1957	1	80	0.0125000
NODE_4206_length_1166_cov_313.815370	497	577	1972	1	80	0.0125000
NODE_4206_length_1166_cov_313.815370	497	577	1973	1	80	0.0125000
NODE_4206_length_1166_cov_313.815370	497	577	1975	1	80	0.0125000
NODE_4206_length_1166_cov_313.815370	497	577	1992	1	80	0.0125000
NODE_4206_length_1166_cov_313.815370	497	577	1999	1	80	0.0125000
NODE_4206_length_1166_cov_313.815370	497	577	2002	1	80	0.0125000
NODE_4206_length_1166_cov_313.815370	497	577	2007	1	80	0.0125000
NODE_4206_length_1166_cov_313.815370	497	577	2010	2	80	0.0250000
NODE_4206_length_1166_cov_313.815370	497	577	2013	1	80	0.0125000
NODE_4206_length_1166_cov_313.815370	497	577	2028	1	80	0.0125000
NODE_4206_length_1166_cov_313.815370	497	577	2044	1	80	0.0125000
NODE_4206_length_1166_cov_313.815370	497	577	2046	1	80	0.0125000
NODE_4206_length_1166_cov_313.815370	497	577	2048	1	80	0.0125000
NODE_4206_length_1166_cov_313.815370	497	577	2050	1	80	0.0125000
NODE_4206_length_1166_cov_313.815370	497	577	2051	2	80	0.0250000
NODE_4206_length_1166_cov_313.815370	497	577	2052	1	80	0.0125000
NODE_4206_length_1166_cov_313.815370	497	577	2054	1	80	0.0125000
NODE_4206_length_1166_cov_313.815370	497	577	2057	2	80	0.0250000
NODE_4206_length_1166_cov_313.815370	497	577	2059	1	80	0.0125000
NODE_4206_length_1166_cov_313.815370	497	577	2061	1	80	0.0125000
NODE_4206_length_1166_cov_313.815370	497	577	2063	5	80	0.0625000
NODE_4206_length_1166_cov_313.815370	497	577	2064	2	80	0.0250000
NODE_4206_length_1166_cov_313.815370	497	577	2065	2	80	0.0250000
NODE_4206_length_1166_cov_313.815370	497	577	2066	1	80	0.0125000
NODE_4206_length_1166_cov_313.815370	497	577	2067	1	80	0.0125000
NODE_4206_length_1166_cov_313.815370	497	577	2068	13	80	0.1625000
NODE_4206_length_1166_cov_313.815370	497	577	2069	3	80	0.0375000
NODE_4206_length_1166_cov_313.815370	497	577	2070	1	80	0.0125000
NODE_4206_length_1166_cov_313.815370	497	577	2071	1	80	0.0125000
NODE_4206_length_1166_cov_313.815370	497	577	2072	4	80	0.0500000
NODE_4206_length_1166_cov_313.815370	497	577	2075	4	80	0.0500000
NODE_4206_length_1166_cov_313.815370	497	577	2076	2	80	0.0250000
NODE_4206_length_1166_cov_313.815370	497	577	1580	1	80	0.0125000
NODE_4206_length_1166_cov_313.815370	497	577	1589	1	80	0.0125000
NODE_4206_length_1166_cov_313.815370	497	577	1601	1	80	0.0125000
NODE_4206_length_1166_cov_313.815370	497	577	1636	1	80	0.0125000
NODE_4206_length_1166_cov_313.815370	497	577	1658	1	80	0.0125000
NODE_4206_length_1166_cov_313.815370	497	577	1682	1	80	0.0125000
NODE_4206_length_1166_cov_313.815370	497	577	1692	1	80	0.0125000
NODE_4206_length_1166_cov_313.815370	497	577	1722	1	80	0.0125000
NODE_4206_length_1166_cov_313.815370	497	577	1737	1	80	0.0125000
NODE_4206_length_1166_cov_313.815370	497	577	1760	1	80	0.0125000
NODE_4206_length_1166_cov_313.815370	497	577	1839	1	80	0.0125000
NODE_4206_length_1166_cov_313.815370	497	577	1853	1	80	0.0125000
NODE_4206_length_1166_cov_313.815370	497	577	1869	1	80	0.0125000
NODE_4206_length_1166_cov_313.815370	497	577	1897	1	80	0.0125000
NODE_4206_length_1166_cov_313.815370	497	577	1916	1	80	0.0125000
NODE_4206_length_1166_cov_313.815370	497	577	1923	1	80	0.0125000
NODE_4206_length_1166_cov_313.815370	497	577	1947	1	80	0.0125000
NODE_4206_length_1166_cov_313.815370	497	577	1957	1	80	0.0125000
NODE_4206_length_1166_cov_313.815370	497	577	1972	1	80	0.0125000
NODE_4206_length_1166_cov_313.815370	497	577	1973	1	80	0.0125000
NODE_4206_length_1166_cov_313.815370	497	577	1975	1	80	0.0125000
NODE_4206_length_1166_cov_313.815370	497	577	1992	1	80	0.0125000
NODE_4206_length_1166_cov_313.815370	497	577	1999	1	80	0.0125000
NODE_4206_length_1166_cov_313.815370	497	577	2002	1	80	0.0125000
NODE_4206_length_1166_cov_313.815370	497	577	2007	1	80	0.0125000
NODE_4206_length_1166_cov_313.815370	497	577	2010	2	80	0.0250000
NODE_4206_length_1166_cov_313.815370	497	577	2013	1	80	0.0125000
NODE_4206_length_1166_cov_313.815370	497	577	2028	1	80	0.0125000
NODE_4206_length_1166_cov_313.815370	497	577	2044	1	80	0.0125000
NODE_4206_length_1166_cov_313.815370	497	577	2046	1	80	0.0125000
NODE_4206_length_1166_cov_313.815370	497	577	2048	1	80	0.0125000
NODE_4206_length_1166_cov_313.815370	497	577	2050	1	80	0.0125000
NODE_4206_length_1166_cov_313.815370	497	577	2051	2	80	0.0250000
NODE_4206_length_1166_cov_313.815370	497	577	2052	1	80	0.0125000
NODE_4206_length_1166_cov_313.815370	497	577	2054	1	80	0.0125000
NODE_4206_length_1166_cov_313.815370	497	577	2057	2	80	0.0250000
NODE_4206_length_1166_cov_313.815370	497	577	2059	1	80	0.0125000
NODE_4206_length_1166_cov_313.815370	497	577	2061	1	80	0.0125000
NODE_4206_length_1166_cov_313.815370	497	577	2063	5	80	0.0625000
NODE_4206_length_1166_cov_313.815370	497	577	2064	2	80	0.0250000
NODE_4206_length_1166_cov_313.815370	497	577	2065	2	80	0.0250000
NODE_4206_length_1166_cov_313.815370	497	577	2066	1	80	0.0125000
NODE_4206_length_1166_cov_313.815370	497	577	2067	1	80	0.0125000
NODE_4206_length_1166_cov_313.815370	497	577	2068	13	80	0.1625000
NODE_4206_length_1166_cov_313.815370	497	577	2069	3	80	0.0375000
NODE_4206_length_1166_cov_313.815370	497	577	2070	1	80	0.0125000
NODE_4206_length_1166_cov_313.815370	497	577	2071	1	80	0.0125000
NODE_4206_length_1166_cov_313.815370	497	577	2072	4	80	0.0500000
NODE_4206_length_1166_cov_313.815370	497	577	2075	4	80	0.0500000
NODE_4206_length_1166_cov_313.815370	497	577	2076	2	80	0.0250000
NODE_4206_length_1166_cov_313.815370	497	577	1580	1	80	0.0125000
NODE_4206_length_1166_cov_313.815370	497	577	1589	1	80	0.0125000
NODE_4206_length_1166_cov_313.815370	497	577	1601	1	80	0.0125000
NODE_4206_length_1166_cov_313.815370	497	577	1636	1	80	0.0125000
NODE_4206_length_1166_cov_313.815370	497	577	1658	1	80	0.0125000
NODE_4206_length_1166_cov_313.815370	497	577	1682	1	80	0.0125000
NODE_4206_length_1166_cov_313.815370	497	577	1692	1	80	0.0125000
NODE_4206_length_1166_cov_313.815370	497	577	1722	1	80	0.0125000
NODE_4206_length_1166_cov_313.815370	497	577	1737	1	80	0.0125000
NODE_4206_length_1166_cov_313.815370	497	577	1760	1	80	0.0125000
NODE_4206_length_1166_cov_313.815370	497	577	1839	1	80	0.0125000
NODE_4206_length_1166_cov_313.815370	497	577	1853	1	80	0.0125000
NODE_4206_length_1166_cov_313.815370	497	577	1869	1	80	0.0125000
NODE_4206_length_1166_cov_313.815370	497	577	1897	1	80	0.0125000
NODE_4206_length_1166_cov_313.815370	497	577	1916	1	80	0.0125000
NODE_4206_length_1166_cov_313.815370	497	577	1923	1	80	0.0125000
NODE_4206_length_1166_cov_313.815370	497	577	1947	1	80	0.0125000
NODE_4206_length_1166_cov_313.815370	497	577	1957	1	80	0.0125000
NODE_4206_length_1166_cov_313.815370	497	577	1972	1	80	0.0125000
NODE_4206_length_1166_cov_313.815370	497	577	1973	1	80	0.0125000
NODE_4206_length_1166_cov_313.815370	497	577	1975	1	80	0.0125000
NODE_4206_length_1166_cov_313.815370	497	577	1992	1	80	0.0125000
NODE_4206_length_1166_cov_313.815370	497	577	1999	1	80	0.0125000
NODE_4206_length_1166_cov_313.815370	497	577	2002	1	80	0.0125000
NODE_4206_length_1166_cov_313.815370	497	577	2007	1	80	0.0125000
NODE_4206_length_1166_cov_313.815370	497	577	2010	2	80	0.0250000
NODE_4206_length_1166_cov_313.815370	497	577	2013	1	80	0.0125000
NODE_4206_length_1166_cov_313.815370	497	577	2028	1	80	0.0125000
NODE_4206_length_1166_cov_313.815370	497	577	2044	1	80	0.0125000
NODE_4206_length_1166_cov_313.815370	497	577	2046	1	80	0.0125000
NODE_4206_length_1166_cov_313.815370	497	577	2048	1	80	0.0125000
NODE_4206_length_1166_cov_313.815370	497	577	2050	1	80	0.0125000
NODE_4206_length_1166_cov_313.815370	497	577	2051	2	80	0.0250000
NODE_4206_length_1166_cov_313.815370	497	577	2052	1	80	0.0125000
NODE_4206_length_1166_cov_313.815370	497	577	2054	1	80	0.0125000
NODE_4206_length_1166_cov_313.815370	497	577	2057	2	80	0.0250000
NODE_4206_length_1166_cov_313.815370	497	577	2059	1	80	0.0125000
NODE_4206_length_1166_cov_313.815370	497	577	2061	1	80	0.0125000
NODE_4206_length_1166_cov_313.815370	497	577	2063	5	80	0.0625000
NODE_4206_length_1166_cov_313.815370	497	577	2064	2	80	0.0250000
NODE_4206_length_1166_cov_313.815370	497	577	2065	2	80	0.0250000
NODE_4206_length_1166_cov_313.815370	497	577	2066	1	80	0.0125000
NODE_4206_length_1166_cov_313.815370	497	577	2067	1	80	0.0125000
NODE_4206_length_1166_cov_313.815370	497	577	2068	13	80	0.1625000
NODE_4206_length_1166_cov_313.815370	497	577	2069	3	80	0.0375000
NODE_4206_length_1166_cov_313.815370	497	577	2070	1	80	0.0125000
NODE_4206_length_1166_cov_313.815370	497	577	2071	1	80	0.0125000
NODE_4206_length_1166_cov_313.815370	497	577	2072	4	80	0.0500000
NODE_4206_length_1166_cov_313.815370	497	577	2075	4	80	0.0500000
NODE_4206_length_1166_cov_313.815370	497	577	2076	2	80	0.0250000
NODE_4206_length_1166_cov_313.815370	497	577	1580	1	80	0.0125000
NODE_4206_length_1166_cov_313.815370	497	577	1589	1	80	0.0125000
NODE_4206_length_1166_cov_313.815370	497	577	1601	1	80	0.0125000
NODE_4206_length_1166_cov_313.815370	497	577	1636	1	80	0.0125000
NODE_4206_length_1166_cov_313.815370	497	577	1658	1	80	0.0125000
NODE_4206_length_1166_cov_313.815370	497	577	1682	1	80	0.0125000
NODE_4206_length_1166_cov_313.815370	497	577	1692	1	80	0.0125000
NODE_4206_length_1166_cov_313.815370	497	577	1722	1	80	0.0125000
NODE_4206_length_1166_cov_313.815370	497	577	1737	1	80	0.0125000
NODE_4206_length_1166_cov_313.815370	497	577	1760	1	80	0.0125000
NODE_4206_length_1166_cov_313.815370	497	577	1839	1	80	0.0125000
NODE_4206_length_1166_cov_313.815370	497	577	1853	1	80	0.0125000
NODE_4206_length_1166_cov_313.815370	497	577	1869	1	80	0.0125000
NODE_4206_length_1166_cov_313.815370	497	577	1897	1	80	0.0125000
NODE_4206_length_1166_cov_313.815370	497	577	1916	1	80	0.0125000
NODE_4206_length_1166_cov_313.815370	497	577	1923	1	80	0.0125000
NODE_4206_length_1166_cov_313.815370	497	577	1947	1	80	0.0125000
NODE_4206_length_1166_cov_313.815370	497	577	1957	1	80	0.0125000
NODE_4206_length_1166_cov_313.815370	497	577	1972	1	80	0.0125000
NODE_4206_length_1166_cov_313.815370	497	577	1973	1	80	0.0125000
NODE_4206_length_1166_cov_313.815370	497	577	1975	1	80	0.0125000
NODE_4206_length_1166_cov_313.815370	497	577	1992	1	80	0.0125000
NODE_4206_length_1166_cov_313.815370	497	577	1999	1	80	0.0125000
NODE_4206_length_1166_cov_313.815370	497	577	2002	1	80	0.0125000
NODE_4206_length_1166_cov_313.815370	497	577	2007	1	80	0.0125000
NODE_4206_length_1166_cov_313.815370	497	577	2010	2	80	0.0250000
NODE_4206_length_1166_cov_313.815370	497	577	2013	1	80	0.0125000
NODE_4206_length_1166_cov_313.815370	497	577	2028	1	80	0.0125000
NODE_4206_length_1166_cov_313.815370	497	577	2044	1	80	0.0125000
NODE_4206_length_1166_cov_313.815370	497	577	2046	1	80	0.0125000
NODE_4206_length_1166_cov_313.815370	497	577	2048	1	80	0.0125000
NODE_4206_length_1166_cov_313.815370	497	577	2050	1	80	0.0125000
NODE_4206_length_1166_cov_313.815370	497	577	2051	2	80	0.0250000
NODE_4206_length_1166_cov_313.815370	497	577	2052	1	80	0.0125000
NODE_4206_length_1166_cov_313.815370	497	577	2054	1	80	0.0125000
NODE_4206_length_1166_cov_313.815370	497	577	2057	2	80	0.0250000
NODE_4206_length_1166_cov_313.815370	497	577	2059	1	80	0.0125000
NODE_4206_length_1166_cov_313.815370	497	577	2061	1	80	0.0125000
NODE_4206_length_1166_cov_313.815370	497	577	2063	5	80	0.0625000
NODE_4206_length_1166_cov_313.815370	497	577	2064	2	80	0.0250000
NODE_4206_length_1166_cov_313.815370	497	577	2065	2	80	0.0250000
NODE_4206_length_1166_cov_313.815370	497	577	2066	1	80	0.0125000
NODE_4206_length_1166_cov_313.815370	497	577	2067	1	80	0.0125000
NODE_4206_length_1166_cov_313.815370	497	577	2068	13	80	0.1625000
NODE_4206_length_1166_cov_313.815370	497	577	2069	3	80	0.0375000
NODE_4206_length_1166_cov_313.815370	497	577	2070	1	80	0.0125000
NODE_4206_length_1166_cov_313.815370	497	577	2071	1	80	0.0125000
NODE_4206_length_1166_cov_313.815370	497	577	2072	4	80	0.0500000
NODE_4206_length_1166_cov_313.815370	497	577	2075	4	80	0.0500000
NODE_4206_length_1166_cov_313.815370	497	577	2076	2	80	0.0250000
NODE_4206_length_1166_cov_313.815370	497	568	1580	1	71	0.0140845
NODE_4206_length_1166_cov_313.815370	497	568	1589	1	71	0.0140845
NODE_4206_length_1166_cov_313.815370	497	568	1601	1	71	0.0140845
NODE_4206_length_1166_cov_313.815370	497	568	1636	1	71	0.0140845
NODE_4206_length_1166_cov_313.815370	497	568	1658	1	71	0.0140845
NODE_4206_length_1166_cov_313.815370	497	568	1682	1	71	0.0140845
NODE_4206_length_1166_cov_313.815370	497	568	1692	1	71	0.0140845
NODE_4206_length_1166_cov_313.815370	497	568	1722	1	71	0.0140845
NODE_4206_length_1166_cov_313.815370	497	568	1737	1	71	0.0140845
NODE_4206_length_1166_cov_313.815370	497	568	1760	1	71	0.0140845
NODE_4206_length_1166_cov_313.815370	497	568	1839	1	71	0.0140845
NODE_4206_length_1166_cov_313.815370	497	568	1853	1	71	0.0140845
NODE_4206_length_1166_cov_313.815370	497	568	1869	1	71	0.0140845
NODE_4206_length_1166_cov_313.815370	497	568	1897	1	71	0.0140845
NODE_4206_length_1166_cov_313.815370	497	568	1916	1	71	0.0140845
NODE_4206_length_1166_cov_313.815370	497	568	1923	1	71	0.0140845
NODE_4206_length_1166_cov_313.815370	497	568	1947	1	71	0.0140845
NODE_4206_length_1166_cov_313.815370	497	568	1957	1	71	0.0140845
NODE_4206_length_1166_cov_313.815370	497	568	1972	1	71	0.0140845
NODE_4206_length_1166_cov_313.815370	497	568	1973	1	71	0.0140845
NODE_4206_length_1166_cov_313.815370	497	568	1975	1	71	0.0140845
NODE_4206_length_1166_cov_313.815370	497	568	1992	1	71	0.0140845
NODE_4206_length_1166_cov_313.815370	497	568	1999	1	71	0.0140845
NODE_4206_length_1166_cov_313.815370	497	568	2002	1	71	0.0140845
NODE_4206_length_1166_cov_313.815370	497	568	2007	1	71	0.0140845
NODE_4206_length_1166_cov_313.815370	497	568	2010	2	71	0.0281690
NODE_4206_length_1166_cov_313.815370	497	568	2013	1	71	0.0140845
NODE_4206_length_1166_cov_313.815370	497	568	2028	1	71	0.0140845
NODE_4206_length_1166_cov_313.815370	497	568	2046	1	71	0.0140845
NODE_4206_length_1166_cov_313.815370	497	568	2050	1	71	0.0140845
NODE_4206_length_1166_cov_313.815370	497	568	2051	1	71	0.0140845
NODE_4206_length_1166_cov_313.815370	497	568	2052	1	71	0.0140845
NODE_4206_length_1166_cov_313.815370	497	568	2061	1	71	0.0140845
NODE_4206_length_1166_cov_313.815370	497	568	2063	5	71	0.0704225
NODE_4206_length_1166_cov_313.815370	497	568	2064	2	71	0.0281690
NODE_4206_length_1166_cov_313.815370	497	568	2065	2	71	0.0281690
NODE_4206_length_1166_cov_313.815370	497	568	2066	1	71	0.0140845
NODE_4206_length_1166_cov_313.815370	497	568	2067	1	71	0.0140845
NODE_4206_length_1166_cov_313.815370	497	568	2068	11	71	0.1549296
NODE_4206_length_1166_cov_313.815370	497	568	2069	3	71	0.0422535
NODE_4206_length_1166_cov_313.815370	497	568	2070	1	71	0.0140845
NODE_4206_length_1166_cov_313.815370	497	568	2071	1	71	0.0140845
NODE_4206_length_1166_cov_313.815370	497	568	2072	4	71	0.0563380
NODE_4206_length_1166_cov_313.815370	497	568	2075	4	71	0.0563380
NODE_4206_length_1166_cov_313.815370	497	568	2076	2	71	0.0281690
NODE_4206_length_1166_cov_313.815370	500	570	1636	1	70	0.0142857
NODE_4206_length_1166_cov_313.815370	500	570	1658	1	70	0.0142857
NODE_4206_length_1166_cov_313.815370	500	570	1682	1	70	0.0142857
NODE_4206_length_1166_cov_313.815370	500	570	1692	1	70	0.0142857
NODE_4206_length_1166_cov_313.815370	500	570	1722	1	70	0.0142857
NODE_4206_length_1166_cov_313.815370	500	570	1737	1	70	0.0142857
NODE_4206_length_1166_cov_313.815370	500	570	1760	1	70	0.0142857
NODE_4206_length_1166_cov_313.815370	500	570	1839	1	70	0.0142857
NODE_4206_length_1166_cov_313.815370	500	570	1853	1	70	0.0142857
NODE_4206_length_1166_cov_313.815370	500	570	1869	1	70	0.0142857
NODE_4206_length_1166_cov_313.815370	500	570	1897	1	70	0.0142857
NODE_4206_length_1166_cov_313.815370	500	570	1916	1	70	0.0142857
NODE_4206_length_1166_cov_313.815370	500	570	1923	1	70	0.0142857
NODE_4206_length_1166_cov_313.815370	500	570	1947	1	70	0.0142857
NODE_4206_length_1166_cov_313.815370	500	570	1957	1	70	0.0142857
NODE_4206_length_1166_cov_313.815370	500	570	1972	1	70	0.0142857
NODE_4206_length_1166_cov_313.815370	500	570	1973	1	70	0.0142857
NODE_4206_length_1166_cov_313.815370	500	570	1975	1	70	0.0142857
NODE_4206_length_1166_cov_313.815370	500	570	1992	1	70	0.0142857
NODE_4206_length_1166_cov_313.815370	500	570	1999	1	70	0.0142857
NODE_4206_length_1166_cov_313.815370	500	570	2002	1	70	0.0142857
NODE_4206_length_1166_cov_313.815370	500	570	2007	1	70	0.0142857
NODE_4206_length_1166_cov_313.815370	500	570	2010	2	70	0.0285714
NODE_4206_length_1166_cov_313.815370	500	570	2013	1	70	0.0142857
NODE_4206_length_1166_cov_313.815370	500	570	2028	1	70	0.0142857
NODE_4206_length_1166_cov_313.815370	500	570	2046	1	70	0.0142857
NODE_4206_length_1166_cov_313.815370	500	570	2050	1	70	0.0142857
NODE_4206_length_1166_cov_313.815370	500	570	2051	1	70	0.0142857
NODE_4206_length_1166_cov_313.815370	500	570	2052	1	70	0.0142857
NODE_4206_length_1166_cov_313.815370	500	570	2061	1	70	0.0142857
NODE_4206_length_1166_cov_313.815370	500	570	2063	5	70	0.0714286
NODE_4206_length_1166_cov_313.815370	500	570	2064	2	70	0.0285714
NODE_4206_length_1166_cov_313.815370	500	570	2065	2	70	0.0285714
NODE_4206_length_1166_cov_313.815370	500	570	2066	1	70	0.0142857
NODE_4206_length_1166_cov_313.815370	500	570	2067	1	70	0.0142857
NODE_4206_length_1166_cov_313.815370	500	570	2068	13	70	0.1857143
NODE_4206_length_1166_cov_313.815370	500	570	2069	3	70	0.0428571
NODE_4206_length_1166_cov_313.815370	500	570	2070	1	70	0.0142857
NODE_4206_length_1166_cov_313.815370	500	570	2071	1	70	0.0142857
NODE_4206_length_1166_cov_313.815370	500	570	2072	4	70	0.0571429
NODE_4206_length_1166_cov_313.815370	500	570	2075	4	70	0.0571429
NODE_4206_length_1166_cov_313.815370	500	570	2076	2	70	0.0285714
NODE_4206_length_1166_cov_313.815370	997	1077	8	8	80	0.1000000
NODE_4206_length_1166_cov_313.815370	997	1077	48	1	80	0.0125000
NODE_4206_length_1166_cov_313.815370	997	1077	51	1	80	0.0125000
NODE_4206_length_1166_cov_313.815370	997	1077	52	3	80	0.0375000
NODE_4206_length_1166_cov_313.815370	997	1077	70	4	80	0.0500000
NODE_4206_length_1166_cov_313.815370	997	1077	72	3	80	0.0375000
NODE_4206_length_1166_cov_313.815370	997	1077	88	10	80	0.1250000
NODE_4206_length_1166_cov_313.815370	997	1077	92	3	80	0.0375000
NODE_4206_length_1166_cov_313.815370	997	1077	94	2	80	0.0250000
NODE_4206_length_1166_cov_313.815370	997	1077	98	3	80	0.0375000
NODE_4206_length_1166_cov_313.815370	997	1077	102	1	80	0.0125000
NODE_4206_length_1166_cov_313.815370	997	1077	104	33	80	0.4125000
NODE_4206_length_1166_cov_313.815370	997	1077	105	8	80	0.1000000
NODE_4206_length_1166_cov_313.815370	1050	1130	49	2	80	0.0250000
NODE_4206_length_1166_cov_313.815370	1050	1130	50	2	80	0.0250000
NODE_4206_length_1166_cov_313.815370	1050	1130	52	3	80	0.0375000
NODE_4206_length_1166_cov_313.815370	1050	1130	54	1	80	0.0125000
NODE_4206_length_1166_cov_313.815370	1050	1130	56	3	80	0.0375000
NODE_4206_length_1166_cov_313.815370	1050	1130	94	1	80	0.0125000
NODE_4206_length_1166_cov_313.815370	1050	1130	95	3	80	0.0375000
NODE_4206_length_1166_cov_313.815370	1050	1130	97	20	80	0.2500000
NODE_4206_length_1166_cov_313.815370	1050	1130	98	3	80	0.0375000
NODE_4206_length_1166_cov_313.815370	1050	1130	99	1	80	0.0125000
NODE_4206_length_1166_cov_313.815370	1050	1130	100	3	80	0.0375000
NODE_4206_length_1166_cov_313.815370	1050	1130	101	10	80	0.1250000
NODE_4206_length_1166_cov_313.815370	1050	1130	104	20	80	0.2500000
NODE_4206_length_1166_cov_313.815370	1050	1130	105	8	80	0.1000000
NODE_4206_length_1166_cov_313.815370	1050	1130	49	2	80	0.0250000
NODE_4206_length_1166_cov_313.815370	1050	1130	50	2	80	0.0250000
NODE_4206_length_1166_cov_313.815370	1050	1130	52	3	80	0.0375000
NODE_4206_length_1166_cov_313.815370	1050	1130	54	1	80	0.0125000
NODE_4206_length_1166_cov_313.815370	1050	1130	56	3	80	0.0375000
NODE_4206_length_1166_cov_313.815370	1050	1130	94	1	80	0.0125000
NODE_4206_length_1166_cov_313.815370	1050	1130	95	3	80	0.0375000
NODE_4206_length_1166_cov_313.815370	1050	1130	97	20	80	0.2500000
NODE_4206_length_1166_cov_313.815370	1050	1130	98	3	80	0.0375000
NODE_4206_length_1166_cov_313.815370	1050	1130	99	1	80	0.0125000
NODE_4206_length_1166_cov_313.815370	1050	1130	100	3	80	0.0375000
NODE_4206_length_1166_cov_313.815370	1050	1130	101	10	80	0.1250000
NODE_4206_length_1166_cov_313.815370	1050	1130	104	20	80	0.2500000
NODE_4206_length_1166_cov_313.815370	1050	1130	105	8	80	0.1000000
NODE_4206_length_1166_cov_313.815370	1050	1121	56	2	71	0.0281690
NODE_4206_length_1166_cov_313.815370	1050	1121	94	1	71	0.0140845
NODE_4206_length_1166_cov_313.815370	1050	1121	95	3	71	0.0422535
NODE_4206_length_1166_cov_313.815370	1050	1121	97	20	71	0.2816902
NODE_4206_length_1166_cov_313.815370	1050	1121	98	3	71	0.0422535
NODE_4206_length_1166_cov_313.815370	1050	1121	99	1	71	0.0140845
NODE_4206_length_1166_cov_313.815370	1050	1121	100	3	71	0.0422535
NODE_4206_length_1166_cov_313.815370	1050	1121	101	10	71	0.1408451
NODE_4206_length_1166_cov_313.815370	1050	1121	104	20	71	0.2816902
NODE_4206_length_1166_cov_313.815370	1050	1121	105	8	71	0.1126761
NODE_4207_length_1166_cov_25.107779	561	641	4	39	80	0.4875000
NODE_4207_length_1166_cov_25.107779	561	641	6	20	80	0.2500000
NODE_4207_length_1166_cov_25.107779	561	641	10	21	80	0.2625000
NODE_4207_length_1166_cov_25.107779	614	694	6	57	80	0.7125000
NODE_4207_length_1166_cov_25.107779	614	694	7	16	80	0.2000000
NODE_4207_length_1166_cov_25.107779	614	694	10	7	80	0.0875000
NODE_4209_length_1166_cov_18.820056	325	405	0	80	80	1.0000000
NODE_4209_length_1166_cov_18.820056	378	458	0	29	80	0.3625000
NODE_4209_length_1166_cov_18.820056	378	458	2	51	80	0.6375000
NODE_4210_length_1166_cov_18.404873	676	756	8	61	80	0.7625000
NODE_4210_length_1166_cov_18.404873	676	756	10	19	80	0.2375000
NODE_4210_length_1166_cov_18.404873	729	809	2	15	80	0.1875000
NODE_4210_length_1166_cov_18.404873	729	809	8	8	80	0.1000000
NODE_4210_length_1166_cov_18.404873	729	809	9	1	80	0.0125000
NODE_4210_length_1166_cov_18.404873	729	809	10	56	80	0.7000000
NODE_4214_length_1166_cov_1.893158	0	71	0	30	71	0.4225352
NODE_4214_length_1166_cov_1.893158	0	71	2	41	71	0.5774648
NODE_4214_length_1166_cov_1.893158	44	99	2	55	55	1.0000000
NODE_4218_length_1165_cov_29.402439	497	577	0	1	80	0.0125000
NODE_4218_length_1165_cov_29.402439	497	577	1	15	80	0.1875000
NODE_4218_length_1165_cov_29.402439	497	577	3	12	80	0.1500000
NODE_4218_length_1165_cov_29.402439	497	577	4	52	80	0.6500000
NODE_4218_length_1165_cov_29.402439	550	630	2	39	80	0.4875000
NODE_4218_length_1165_cov_29.402439	550	630	4	41	80	0.5125000
NODE_4218_length_1165_cov_29.402439	626	706	0	31	80	0.3875000
NODE_4218_length_1165_cov_29.402439	626	706	1	27	80	0.3375000
NODE_4218_length_1165_cov_29.402439	626	706	2	22	80	0.2750000
NODE_4218_length_1165_cov_29.402439	679	759	0	80	80	1.0000000
NODE_4219_length_1165_cov_28.366792	663	743	2	75	80	0.9375000
NODE_4219_length_1165_cov_28.366792	663	743	4	5	80	0.0625000
NODE_4219_length_1165_cov_28.366792	716	796	0	19	80	0.2375000
NODE_4219_length_1165_cov_28.366792	716	796	2	61	80	0.7625000
NODE_4220_length_1165_cov_23.841463	631	711	0	80	80	1.0000000
NODE_4220_length_1165_cov_23.841463	684	765	0	40	81	0.4938272
NODE_4220_length_1165_cov_23.841463	684	765	2	41	81	0.5061728
NODE_4220_length_1165_cov_23.841463	761	841	0	6	80	0.0750000
NODE_4220_length_1165_cov_23.841463	761	841	2	74	80	0.9250000
NODE_4220_length_1165_cov_23.841463	814	894	0	3	80	0.0375000
NODE_4220_length_1165_cov_23.841463	814	894	2	77	80	0.9625000
NODE_4221_length_1165_cov_21.883677	482	562	0	13	80	0.1625000
NODE_4221_length_1165_cov_21.883677	482	562	1	5	80	0.0625000
NODE_4221_length_1165_cov_21.883677	482	562	2	62	80	0.7750000
NODE_4221_length_1165_cov_21.883677	535	615	2	80	80	1.0000000
NODE_4222_length_1165_cov_14.591932	295	375	0	80	80	1.0000000
NODE_4222_length_1165_cov_14.591932	348	428	0	80	80	1.0000000
NODE_4223_length_1165_cov_13.683865	502	582	0	13	80	0.1625000
NODE_4223_length_1165_cov_13.683865	502	582	2	19	80	0.2375000
NODE_4223_length_1165_cov_13.683865	502	582	4	48	80	0.6000000
NODE_4223_length_1165_cov_13.683865	555	635	0	14	80	0.1750000
NODE_4223_length_1165_cov_13.683865	555	635	2	56	80	0.7000000
NODE_4223_length_1165_cov_13.683865	555	635	4	10	80	0.1250000
NODE_4224_length_1165_cov_7.915572	383	463	5	9	80	0.1125000
NODE_4224_length_1165_cov_7.915572	383	463	7	27	80	0.3375000
NODE_4224_length_1165_cov_7.915572	383	463	8	44	80	0.5500000
NODE_4224_length_1165_cov_7.915572	436	516	1	16	80	0.2000000
NODE_4224_length_1165_cov_7.915572	436	516	3	6	80	0.0750000
NODE_4224_length_1165_cov_7.915572	436	516	4	31	80	0.3875000
NODE_4224_length_1165_cov_7.915572	436	516	8	27	80	0.3375000
NODE_4225_length_1165_cov_7.466229	552	632	2	80	80	1.0000000
NODE_4225_length_1165_cov_7.466229	605	685	0	4	80	0.0500000
NODE_4225_length_1165_cov_7.466229	605	685	2	76	80	0.9500000
NODE_4226_length_1165_cov_5.617261	676	756	0	44	80	0.5500000
NODE_4226_length_1165_cov_5.617261	676	756	4	36	80	0.4500000
NODE_4226_length_1165_cov_5.617261	729	809	4	80	80	1.0000000
NODE_4227_length_1165_cov_3.658537	554	602	0	1	48	0.0208333
NODE_4227_length_1165_cov_3.658537	554	602	4	47	48	0.9791667
NODE_4233_length_1164_cov_55.273239	459	539	12	80	80	1.0000000
NODE_4233_length_1164_cov_55.273239	512	592	0	13	80	0.1625000
NODE_4233_length_1164_cov_55.273239	512	592	12	67	80	0.8375000
NODE_4234_length_1164_cov_44.183099	571	651	0	10	80	0.1250000
NODE_4234_length_1164_cov_44.183099	571	651	2	12	80	0.1500000
NODE_4234_length_1164_cov_44.183099	571	651	4	58	80	0.7250000
NODE_4234_length_1164_cov_44.183099	624	704	0	32	80	0.4000000
NODE_4234_length_1164_cov_44.183099	624	704	2	12	80	0.1500000
NODE_4234_length_1164_cov_44.183099	624	704	4	5	80	0.0625000
NODE_4234_length_1164_cov_44.183099	624	704	8	31	80	0.3875000
NODE_4234_length_1164_cov_44.183099	700	780	8	78	80	0.9750000
NODE_4234_length_1164_cov_44.183099	700	780	10	2	80	0.0250000
NODE_4234_length_1164_cov_44.183099	753	833	2	18	80	0.2250000
NODE_4234_length_1164_cov_44.183099	753	833	8	25	80	0.3125000
NODE_4234_length_1164_cov_44.183099	753	833	10	37	80	0.4625000
NODE_4235_length_1164_cov_14.277934	1029	1109	2	6	80	0.0750000
NODE_4235_length_1164_cov_14.277934	1029	1109	3	6	80	0.0750000
NODE_4235_length_1164_cov_14.277934	1029	1109	4	68	80	0.8500000
NODE_4235_length_1164_cov_14.277934	1097	1162	0	6	65	0.0923077
NODE_4235_length_1164_cov_14.277934	1097	1162	2	51	65	0.7846154
NODE_4235_length_1164_cov_14.277934	1097	1162	3	6	65	0.0923077
NODE_4235_length_1164_cov_14.277934	1097	1162	4	2	65	0.0307692
NODE_4236_length_1164_cov_12.880751	415	495	2	20	80	0.2500000
NODE_4236_length_1164_cov_12.880751	415	495	4	9	80	0.1125000
NODE_4236_length_1164_cov_12.880751	415	495	6	16	80	0.2000000
NODE_4236_length_1164_cov_12.880751	415	495	8	14	80	0.1750000
NODE_4236_length_1164_cov_12.880751	415	495	10	21	80	0.2625000
NODE_4236_length_1164_cov_12.880751	468	548	6	59	80	0.7375000
NODE_4236_length_1164_cov_12.880751	468	548	8	14	80	0.1750000
NODE_4236_length_1164_cov_12.880751	468	548	10	7	80	0.0875000
NODE_4237_length_1164_cov_6.924883	415	495	0	44	80	0.5500000
NODE_4237_length_1164_cov_6.924883	415	495	4	36	80	0.4500000
NODE_4237_length_1164_cov_6.924883	468	548	4	80	80	1.0000000
NODE_4245_length_1163_cov_36.315789	458	538	0	80	80	1.0000000
NODE_4245_length_1163_cov_36.315789	511	591	0	80	80	1.0000000
NODE_4245_length_1163_cov_36.315789	587	667	0	67	80	0.8375000
NODE_4245_length_1163_cov_36.315789	587	667	2	13	80	0.1625000
NODE_4245_length_1163_cov_36.315789	640	720	0	14	80	0.1750000
NODE_4245_length_1163_cov_36.315789	640	720	2	23	80	0.2875000
NODE_4245_length_1163_cov_36.315789	640	720	4	43	80	0.5375000
NODE_4246_length_1163_cov_29.466165	542	622	4	26	80	0.3250000
NODE_4246_length_1163_cov_29.466165	542	622	6	12	80	0.1500000
NODE_4246_length_1163_cov_29.466165	542	622	8	42	80	0.5250000
NODE_4246_length_1163_cov_29.466165	595	675	0	39	80	0.4875000
NODE_4246_length_1163_cov_29.466165	595	675	4	40	80	0.5000000
NODE_4246_length_1163_cov_29.466165	595	675	6	1	80	0.0125000
NODE_4246_length_1163_cov_29.466165	671	751	0	80	80	1.0000000
NODE_4246_length_1163_cov_29.466165	724	804	0	80	80	1.0000000
NODE_4247_length_1163_cov_15.107143	668	748	2	19	80	0.2375000
NODE_4247_length_1163_cov_15.107143	668	748	3	7	80	0.0875000
NODE_4247_length_1163_cov_15.107143	668	748	4	54	80	0.6750000
NODE_4247_length_1163_cov_15.107143	721	801	2	9	80	0.1125000
NODE_4247_length_1163_cov_15.107143	721	801	3	51	80	0.6375000
NODE_4247_length_1163_cov_15.107143	721	801	4	20	80	0.2500000
NODE_4248_length_1163_cov_14.347744	540	620	0	80	80	1.0000000
NODE_4248_length_1163_cov_14.347744	593	673	0	80	80	1.0000000
NODE_4249_length_1163_cov_11.650376	354	434	0	80	80	1.0000000
NODE_4249_length_1163_cov_11.650376	407	487	0	80	80	1.0000000
NODE_4249_length_1163_cov_11.650376	738	818	0	28	80	0.3500000
NODE_4249_length_1163_cov_11.650376	738	818	4	52	80	0.6500000
NODE_4249_length_1163_cov_11.650376	791	871	4	80	80	1.0000000
NODE_4253_length_1162_cov_30.049859	359	439	1	1	80	0.0125000
NODE_4253_length_1162_cov_30.049859	359	439	2	31	80	0.3875000
NODE_4253_length_1162_cov_30.049859	359	439	3	48	80	0.6000000
NODE_4253_length_1162_cov_30.049859	412	492	1	1	80	0.0125000
NODE_4253_length_1162_cov_30.049859	412	492	2	57	80	0.7125000
NODE_4253_length_1162_cov_30.049859	412	492	3	22	80	0.2750000
NODE_4254_length_1162_cov_25.960489	440	520	0	80	80	1.0000000
NODE_4254_length_1162_cov_25.960489	493	573	0	80	80	1.0000000
NODE_4254_length_1162_cov_25.960489	569	649	0	80	80	1.0000000
NODE_4254_length_1162_cov_25.960489	622	702	0	80	80	1.0000000
NODE_4255_length_1162_cov_24.843838	523	603	2	1	80	0.0125000
NODE_4255_length_1162_cov_24.843838	523	603	4	22	80	0.2750000
NODE_4255_length_1162_cov_24.843838	523	603	6	53	80	0.6625000
NODE_4255_length_1162_cov_24.843838	523	603	8	4	80	0.0500000
NODE_4255_length_1162_cov_24.843838	576	656	6	60	80	0.7500000
NODE_4255_length_1162_cov_24.843838	576	656	8	20	80	0.2500000
NODE_4255_length_1162_cov_24.843838	652	732	2	74	80	0.9250000
NODE_4255_length_1162_cov_24.843838	652	732	6	6	80	0.0750000
NODE_4255_length_1162_cov_24.843838	705	785	0	36	80	0.4500000
NODE_4255_length_1162_cov_24.843838	705	785	2	44	80	0.5500000
NODE_4257_length_1162_cov_17.131703	302	382	2	57	80	0.7125000
NODE_4257_length_1162_cov_17.131703	302	382	4	23	80	0.2875000
NODE_4257_length_1162_cov_17.131703	355	435	2	7	80	0.0875000
NODE_4257_length_1162_cov_17.131703	355	435	4	73	80	0.9125000
NODE_4257_length_1162_cov_17.131703	431	511	0	41	80	0.5125000
NODE_4257_length_1162_cov_17.131703	431	511	2	38	80	0.4750000
NODE_4257_length_1162_cov_17.131703	431	511	4	1	80	0.0125000
NODE_4257_length_1162_cov_17.131703	484	564	0	80	80	1.0000000
NODE_4258_length_1162_cov_14.766698	630	710	2	47	80	0.5875000
NODE_4258_length_1162_cov_14.766698	630	710	4	24	80	0.3000000
NODE_4258_length_1162_cov_14.766698	630	710	6	9	80	0.1125000
NODE_4258_length_1162_cov_14.766698	683	763	2	18	80	0.2250000
NODE_4258_length_1162_cov_14.766698	683	763	6	62	80	0.7750000
NODE_4259_length_1162_cov_13.968015	423	503	4	80	80	1.0000000
NODE_4259_length_1162_cov_13.968015	476	556	0	5	80	0.0625000
NODE_4259_length_1162_cov_13.968015	476	556	2	31	80	0.3875000
NODE_4259_length_1162_cov_13.968015	476	556	4	44	80	0.5500000
NODE_4264_length_1162_cov_1.977422	855	926	0	1	71	0.0140845
NODE_4264_length_1162_cov_1.977422	855	926	1	4	71	0.0563380
NODE_4264_length_1162_cov_1.977422	855	926	2	66	71	0.9295775
NODE_4264_length_1162_cov_1.977422	908	977	2	69	69	1.0000000
NODE_4264_length_1162_cov_1.977422	908	977	2	69	69	1.0000000
NODE_4266_length_1161_cov_33.312618	456	536	0	80	80	1.0000000
NODE_4266_length_1161_cov_33.312618	509	587	0	78	78	1.0000000
NODE_4267_length_1161_cov_30.466102	594	674	0	3	80	0.0375000
NODE_4267_length_1161_cov_30.466102	594	674	2	77	80	0.9625000
NODE_4267_length_1161_cov_30.466102	647	727	0	56	80	0.7000000
NODE_4267_length_1161_cov_30.466102	647	727	2	24	80	0.3000000
NODE_4268_length_1161_cov_29.628060	426	506	0	80	80	1.0000000
NODE_4268_length_1161_cov_29.628060	479	559	0	80	80	1.0000000
NODE_4268_length_1161_cov_29.628060	603	683	0	6	80	0.0750000
NODE_4268_length_1161_cov_29.628060	603	683	1	8	80	0.1000000
NODE_4268_length_1161_cov_29.628060	603	683	2	66	80	0.8250000
NODE_4268_length_1161_cov_29.628060	656	736	2	80	80	1.0000000
NODE_4269_length_1161_cov_22.923729	492	572	0	80	80	1.0000000
NODE_4269_length_1161_cov_22.923729	545	625	0	69	80	0.8625000
NODE_4269_length_1161_cov_22.923729	545	625	2	11	80	0.1375000
NODE_4269_length_1161_cov_22.923729	621	701	2	80	80	1.0000000
NODE_4269_length_1161_cov_22.923729	674	754	0	23	80	0.2875000
NODE_4269_length_1161_cov_22.923729	674	754	2	57	80	0.7125000
NODE_4270_length_1161_cov_20.184557	480	560	0	80	80	1.0000000
NODE_4270_length_1161_cov_20.184557	533	613	0	80	80	1.0000000
NODE_4271_length_1161_cov_17.437853	375	455	10	80	80	1.0000000
NODE_4271_length_1161_cov_17.437853	428	508	0	50	80	0.6250000
NODE_4271_length_1161_cov_17.437853	428	508	10	30	80	0.3750000
NODE_4272_length_1161_cov_14.062147	375	455	0	51	80	0.6375000
NODE_4272_length_1161_cov_14.062147	375	455	2	29	80	0.3625000
NODE_4272_length_1161_cov_14.062147	428	508	2	47	80	0.5875000
NODE_4272_length_1161_cov_14.062147	428	508	4	33	80	0.4125000
NODE_4273_length_1161_cov_12.304143	381	461	6	80	80	1.0000000
NODE_4273_length_1161_cov_12.304143	434	514	0	15	80	0.1875000
NODE_4273_length_1161_cov_12.304143	434	514	5	1	80	0.0125000
NODE_4273_length_1161_cov_12.304143	434	514	6	64	80	0.8000000
NODE_4274_length_1161_cov_10.297552	598	678	0	80	80	1.0000000
NODE_4274_length_1161_cov_10.297552	651	731	0	80	80	1.0000000
NODE_4283_length_1160_cov_86.515551	613	693	0	10	80	0.1250000
NODE_4283_length_1160_cov_86.515551	613	693	2	44	80	0.5500000
NODE_4283_length_1160_cov_86.515551	613	693	6	26	80	0.3250000
NODE_4283_length_1160_cov_86.515551	666	746	2	1	80	0.0125000
NODE_4283_length_1160_cov_86.515551	666	746	6	48	80	0.6000000
NODE_4283_length_1160_cov_86.515551	666	746	12	11	80	0.1375000
NODE_4283_length_1160_cov_86.515551	666	746	14	10	80	0.1250000
NODE_4283_length_1160_cov_86.515551	666	746	15	6	80	0.0750000
NODE_4283_length_1160_cov_86.515551	666	746	16	4	80	0.0500000
NODE_4284_length_1160_cov_29.272385	526	606	10	80	80	1.0000000
NODE_4284_length_1160_cov_29.272385	579	659	0	19	80	0.2375000
NODE_4284_length_1160_cov_29.272385	579	659	10	61	80	0.7625000
NODE_4285_length_1160_cov_21.391140	767	847	0	37	80	0.4625000
NODE_4285_length_1160_cov_21.391140	767	847	1	1	80	0.0125000
NODE_4285_length_1160_cov_21.391140	767	847	2	42	80	0.5250000
NODE_4296_length_1159_cov_147.794340	911	991	267	1	80	0.0125000
NODE_4296_length_1159_cov_147.794340	911	991	271	1	80	0.0125000
NODE_4296_length_1159_cov_147.794340	911	991	283	1	80	0.0125000
NODE_4296_length_1159_cov_147.794340	911	991	288	1	80	0.0125000
NODE_4296_length_1159_cov_147.794340	911	991	297	1	80	0.0125000
NODE_4296_length_1159_cov_147.794340	911	991	302	1	80	0.0125000
NODE_4296_length_1159_cov_147.794340	911	991	307	1	80	0.0125000
NODE_4296_length_1159_cov_147.794340	911	991	311	2	80	0.0250000
NODE_4296_length_1159_cov_147.794340	911	991	314	3	80	0.0375000
NODE_4296_length_1159_cov_147.794340	911	991	316	3	80	0.0375000
NODE_4296_length_1159_cov_147.794340	911	991	318	2	80	0.0250000
NODE_4296_length_1159_cov_147.794340	911	991	321	3	80	0.0375000
NODE_4296_length_1159_cov_147.794340	911	991	323	4	80	0.0500000
NODE_4296_length_1159_cov_147.794340	911	991	324	1	80	0.0125000
NODE_4296_length_1159_cov_147.794340	911	991	326	1	80	0.0125000
NODE_4296_length_1159_cov_147.794340	911	991	334	1	80	0.0125000
NODE_4296_length_1159_cov_147.794340	911	991	335	1	80	0.0125000
NODE_4296_length_1159_cov_147.794340	911	991	350	2	80	0.0250000
NODE_4296_length_1159_cov_147.794340	911	991	354	1	80	0.0125000
NODE_4296_length_1159_cov_147.794340	911	991	360	2	80	0.0250000
NODE_4296_length_1159_cov_147.794340	911	991	361	2	80	0.0250000
NODE_4296_length_1159_cov_147.794340	911	991	366	2	80	0.0250000
NODE_4296_length_1159_cov_147.794340	911	991	369	1	80	0.0125000
NODE_4296_length_1159_cov_147.794340	911	991	375	1	80	0.0125000
NODE_4296_length_1159_cov_147.794340	911	991	379	1	80	0.0125000
NODE_4296_length_1159_cov_147.794340	911	991	383	1	80	0.0125000
NODE_4296_length_1159_cov_147.794340	911	991	388	1	80	0.0125000
NODE_4296_length_1159_cov_147.794340	911	991	392	1	80	0.0125000
NODE_4296_length_1159_cov_147.794340	911	991	396	1	80	0.0125000
NODE_4296_length_1159_cov_147.794340	911	991	404	1	80	0.0125000
NODE_4296_length_1159_cov_147.794340	911	991	407	1	80	0.0125000
NODE_4296_length_1159_cov_147.794340	911	991	408	5	80	0.0625000
NODE_4296_length_1159_cov_147.794340	911	991	409	1	80	0.0125000
NODE_4296_length_1159_cov_147.794340	911	991	410	1	80	0.0125000
NODE_4296_length_1159_cov_147.794340	911	991	411	5	80	0.0625000
NODE_4296_length_1159_cov_147.794340	911	991	413	1	80	0.0125000
NODE_4296_length_1159_cov_147.794340	911	991	414	2	80	0.0250000
NODE_4296_length_1159_cov_147.794340	911	991	415	1	80	0.0125000
NODE_4296_length_1159_cov_147.794340	911	991	416	3	80	0.0375000
NODE_4296_length_1159_cov_147.794340	911	991	417	2	80	0.0250000
NODE_4296_length_1159_cov_147.794340	911	991	420	1	80	0.0125000
NODE_4296_length_1159_cov_147.794340	911	991	421	2	80	0.0250000
NODE_4296_length_1159_cov_147.794340	911	991	422	1	80	0.0125000
NODE_4296_length_1159_cov_147.794340	911	991	425	1	80	0.0125000
NODE_4296_length_1159_cov_147.794340	911	991	426	1	80	0.0125000
NODE_4296_length_1159_cov_147.794340	911	991	429	1	80	0.0125000
NODE_4296_length_1159_cov_147.794340	911	991	430	4	80	0.0500000
NODE_4296_length_1159_cov_147.794340	911	991	431	2	80	0.0250000
NODE_4296_length_1159_cov_147.794340	964	1044	159	1	80	0.0125000
NODE_4296_length_1159_cov_147.794340	964	1044	160	1	80	0.0125000
NODE_4296_length_1159_cov_147.794340	964	1044	182	3	80	0.0375000
NODE_4296_length_1159_cov_147.794340	964	1044	192	1	80	0.0125000
NODE_4296_length_1159_cov_147.794340	964	1044	194	3	80	0.0375000
NODE_4296_length_1159_cov_147.794340	964	1044	203	1	80	0.0125000
NODE_4296_length_1159_cov_147.794340	964	1044	205	1	80	0.0125000
NODE_4296_length_1159_cov_147.794340	964	1044	215	1	80	0.0125000
NODE_4296_length_1159_cov_147.794340	964	1044	234	1	80	0.0125000
NODE_4296_length_1159_cov_147.794340	964	1044	241	2	80	0.0250000
NODE_4296_length_1159_cov_147.794340	964	1044	254	1	80	0.0125000
NODE_4296_length_1159_cov_147.794340	964	1044	259	1	80	0.0125000
NODE_4296_length_1159_cov_147.794340	964	1044	263	2	80	0.0250000
NODE_4296_length_1159_cov_147.794340	964	1044	267	1	80	0.0125000
NODE_4296_length_1159_cov_147.794340	964	1044	271	1	80	0.0125000
NODE_4296_length_1159_cov_147.794340	964	1044	274	1	80	0.0125000
NODE_4296_length_1159_cov_147.794340	964	1044	276	1	80	0.0125000
NODE_4296_length_1159_cov_147.794340	964	1044	281	5	80	0.0625000
NODE_4296_length_1159_cov_147.794340	964	1044	289	1	80	0.0125000
NODE_4296_length_1159_cov_147.794340	964	1044	294	1	80	0.0125000
NODE_4296_length_1159_cov_147.794340	964	1044	300	1	80	0.0125000
NODE_4296_length_1159_cov_147.794340	964	1044	303	2	80	0.0250000
NODE_4296_length_1159_cov_147.794340	964	1044	307	1	80	0.0125000
NODE_4296_length_1159_cov_147.794340	964	1044	320	1	80	0.0125000
NODE_4296_length_1159_cov_147.794340	964	1044	321	1	80	0.0125000
NODE_4296_length_1159_cov_147.794340	964	1044	351	2	80	0.0250000
NODE_4296_length_1159_cov_147.794340	964	1044	373	1	80	0.0125000
NODE_4296_length_1159_cov_147.794340	964	1044	375	1	80	0.0125000
NODE_4296_length_1159_cov_147.794340	964	1044	378	1	80	0.0125000
NODE_4296_length_1159_cov_147.794340	964	1044	384	1	80	0.0125000
NODE_4296_length_1159_cov_147.794340	964	1044	386	2	80	0.0250000
NODE_4296_length_1159_cov_147.794340	964	1044	392	1	80	0.0125000
NODE_4296_length_1159_cov_147.794340	964	1044	393	2	80	0.0250000
NODE_4296_length_1159_cov_147.794340	964	1044	395	1	80	0.0125000
NODE_4296_length_1159_cov_147.794340	964	1044	407	1	80	0.0125000
NODE_4296_length_1159_cov_147.794340	964	1044	408	4	80	0.0500000
NODE_4296_length_1159_cov_147.794340	964	1044	409	1	80	0.0125000
NODE_4296_length_1159_cov_147.794340	964	1044	410	2	80	0.0250000
NODE_4296_length_1159_cov_147.794340	964	1044	411	7	80	0.0875000
NODE_4296_length_1159_cov_147.794340	964	1044	413	1	80	0.0125000
NODE_4296_length_1159_cov_147.794340	964	1044	416	1	80	0.0125000
NODE_4296_length_1159_cov_147.794340	964	1044	417	2	80	0.0250000
NODE_4296_length_1159_cov_147.794340	964	1044	420	1	80	0.0125000
NODE_4296_length_1159_cov_147.794340	964	1044	421	2	80	0.0250000
NODE_4296_length_1159_cov_147.794340	964	1044	422	1	80	0.0125000
NODE_4296_length_1159_cov_147.794340	964	1044	425	1	80	0.0125000
NODE_4296_length_1159_cov_147.794340	964	1044	426	1	80	0.0125000
NODE_4296_length_1159_cov_147.794340	964	1044	429	1	80	0.0125000
NODE_4296_length_1159_cov_147.794340	964	1044	430	4	80	0.0500000
NODE_4296_length_1159_cov_147.794340	964	1044	431	2	80	0.0250000
NODE_4297_length_1159_cov_57.566981	457	537	2	23	80	0.2875000
NODE_4297_length_1159_cov_57.566981	457	537	4	51	80	0.6375000
NODE_4297_length_1159_cov_57.566981	457	537	8	6	80	0.0750000
NODE_4297_length_1159_cov_57.566981	510	590	2	21	80	0.2625000
NODE_4297_length_1159_cov_57.566981	510	590	8	24	80	0.3000000
NODE_4297_length_1159_cov_57.566981	510	590	9	26	80	0.3250000
NODE_4297_length_1159_cov_57.566981	510	590	10	1	80	0.0125000
NODE_4297_length_1159_cov_57.566981	510	590	11	8	80	0.1000000
NODE_4297_length_1159_cov_57.566981	586	666	9	25	80	0.3125000
NODE_4297_length_1159_cov_57.566981	586	666	12	55	80	0.6875000
NODE_4297_length_1159_cov_57.566981	639	719	3	14	80	0.1750000
NODE_4297_length_1159_cov_57.566981	639	719	6	30	80	0.3750000
NODE_4297_length_1159_cov_57.566981	639	719	12	36	80	0.4500000
NODE_4298_length_1159_cov_44.053774	329	409	0	11	80	0.1375000
NODE_4298_length_1159_cov_44.053774	329	409	4	69	80	0.8625000
NODE_4298_length_1159_cov_44.053774	382	462	4	80	80	1.0000000
NODE_4298_length_1159_cov_44.053774	458	538	2	8	80	0.1000000
NODE_4298_length_1159_cov_44.053774	458	538	4	64	80	0.8000000
NODE_4298_length_1159_cov_44.053774	458	538	6	8	80	0.1000000
NODE_4298_length_1159_cov_44.053774	511	591	2	27	80	0.3375000
NODE_4298_length_1159_cov_44.053774	511	591	3	1	80	0.0125000
NODE_4298_length_1159_cov_44.053774	511	591	4	49	80	0.6125000
NODE_4298_length_1159_cov_44.053774	511	591	5	3	80	0.0375000
NODE_4299_length_1159_cov_40.194340	391	471	2	1	80	0.0125000
NODE_4299_length_1159_cov_40.194340	391	471	5	5	80	0.0625000
NODE_4299_length_1159_cov_40.194340	391	471	8	4	80	0.0500000
NODE_4299_length_1159_cov_40.194340	391	471	10	70	80	0.8750000
NODE_4299_length_1159_cov_40.194340	444	524	9	11	80	0.1375000
NODE_4299_length_1159_cov_40.194340	444	524	10	34	80	0.4250000
NODE_4299_length_1159_cov_40.194340	444	524	11	14	80	0.1750000
NODE_4299_length_1159_cov_40.194340	444	524	12	21	80	0.2625000
NODE_4301_length_1159_cov_25.919811	456	536	0	43	80	0.5375000
NODE_4301_length_1159_cov_25.919811	456	536	2	17	80	0.2125000
NODE_4301_length_1159_cov_25.919811	456	536	6	14	80	0.1750000
NODE_4301_length_1159_cov_25.919811	456	536	8	6	80	0.0750000
NODE_4301_length_1159_cov_25.919811	509	591	2	7	82	0.0853659
NODE_4301_length_1159_cov_25.919811	509	591	6	39	82	0.4756097
NODE_4301_length_1159_cov_25.919811	509	591	8	36	82	0.4390244
NODE_4302_length_1159_cov_18.306604	538	618	0	80	80	1.0000000
NODE_4302_length_1159_cov_18.306604	591	671	0	80	80	1.0000000
NODE_4303_length_1159_cov_14.457547	358	438	2	46	80	0.5750000
NODE_4303_length_1159_cov_14.457547	358	438	4	34	80	0.4250000
NODE_4303_length_1159_cov_14.457547	411	491	0	22	80	0.2750000
NODE_4303_length_1159_cov_14.457547	411	491	2	58	80	0.7250000
NODE_4304_length_1159_cov_11.566981	625	705	4	15	80	0.1875000
NODE_4304_length_1159_cov_11.566981	625	705	5	21	80	0.2625000
NODE_4304_length_1159_cov_11.566981	625	705	6	44	80	0.5500000
NODE_4304_length_1159_cov_11.566981	678	758	2	43	80	0.5375000
NODE_4304_length_1159_cov_11.566981	678	758	6	37	80	0.4625000
NODE_4305_length_1159_cov_9.927358	278	358	0	80	80	1.0000000
NODE_4305_length_1159_cov_9.927358	331	411	0	80	80	1.0000000
NODE_4314_length_1159_cov_1.568868	513	562	0	49	49	1.0000000
NODE_4316_length_1158_cov_33.529745	357	437	0	80	80	1.0000000
NODE_4316_length_1158_cov_33.529745	410	490	0	80	80	1.0000000
NODE_4316_length_1158_cov_33.529745	486	566	0	5	80	0.0625000
NODE_4316_length_1158_cov_33.529745	486	566	1	24	80	0.3000000
NODE_4316_length_1158_cov_33.529745	486	566	2	5	80	0.0625000
NODE_4316_length_1158_cov_33.529745	486	566	3	3	80	0.0375000
NODE_4316_length_1158_cov_33.529745	486	566	4	10	80	0.1250000
NODE_4316_length_1158_cov_33.529745	486	566	8	33	80	0.4125000
NODE_4316_length_1158_cov_33.529745	539	619	8	80	80	1.0000000
NODE_4317_length_1158_cov_31.368272	416	496	6	1	80	0.0125000
NODE_4317_length_1158_cov_31.368272	416	496	8	39	80	0.4875000
NODE_4317_length_1158_cov_31.368272	416	496	10	40	80	0.5000000
NODE_4317_length_1158_cov_31.368272	469	549	0	7	80	0.0875000
NODE_4317_length_1158_cov_31.368272	469	549	2	15	80	0.1875000
NODE_4317_length_1158_cov_31.368272	469	549	4	31	80	0.3875000
NODE_4317_length_1158_cov_31.368272	469	549	6	1	80	0.0125000
NODE_4317_length_1158_cov_31.368272	469	549	8	12	80	0.1500000
NODE_4317_length_1158_cov_31.368272	469	549	10	14	80	0.1750000
NODE_4317_length_1158_cov_31.368272	545	626	0	10	81	0.1234568
NODE_4317_length_1158_cov_31.368272	545	626	2	26	81	0.3209876
NODE_4317_length_1158_cov_31.368272	545	626	4	45	81	0.5555556
NODE_4317_length_1158_cov_31.368272	599	679	2	33	80	0.4125000
NODE_4317_length_1158_cov_31.368272	599	679	4	47	80	0.5875000
NODE_4318_length_1158_cov_31.240793	430	510	0	23	80	0.2875000
NODE_4318_length_1158_cov_31.240793	430	510	2	22	80	0.2750000
NODE_4318_length_1158_cov_31.240793	430	510	6	35	80	0.4375000
NODE_4318_length_1158_cov_31.240793	483	563	6	80	80	1.0000000
NODE_4318_length_1158_cov_31.240793	559	639	6	27	80	0.3375000
NODE_4318_length_1158_cov_31.240793	559	639	11	6	80	0.0750000
NODE_4318_length_1158_cov_31.240793	559	639	14	1	80	0.0125000
NODE_4318_length_1158_cov_31.240793	559	639	15	5	80	0.0625000
NODE_4318_length_1158_cov_31.240793	559	639	17	2	80	0.0250000
NODE_4318_length_1158_cov_31.240793	559	639	19	8	80	0.1000000
NODE_4318_length_1158_cov_31.240793	559	639	20	31	80	0.3875000
NODE_4318_length_1158_cov_31.240793	612	692	19	7	80	0.0875000
NODE_4318_length_1158_cov_31.240793	612	692	20	73	80	0.9125000
NODE_4319_length_1158_cov_29.216242	405	485	4	33	80	0.4125000
NODE_4319_length_1158_cov_29.216242	405	485	6	47	80	0.5875000
NODE_4319_length_1158_cov_29.216242	458	538	2	17	80	0.2125000
NODE_4319_length_1158_cov_29.216242	458	538	6	63	80	0.7875000
NODE_4320_length_1158_cov_25.245515	500	580	4	80	80	1.0000000
NODE_4320_length_1158_cov_25.245515	553	633	0	30	80	0.3750000
NODE_4320_length_1158_cov_25.245515	553	633	4	50	80	0.6250000
NODE_4320_length_1158_cov_25.245515	629	709	0	36	80	0.4500000
NODE_4320_length_1158_cov_25.245515	629	709	2	44	80	0.5500000
NODE_4320_length_1158_cov_25.245515	682	762	0	1	80	0.0125000
NODE_4320_length_1158_cov_25.245515	682	762	2	79	80	0.9875000
NODE_4321_length_1158_cov_16.566572	396	476	0	80	80	1.0000000
NODE_4321_length_1158_cov_16.566572	449	529	0	80	80	1.0000000
NODE_4322_length_1158_cov_13.092540	372	452	0	14	80	0.1750000
NODE_4322_length_1158_cov_13.092540	372	452	2	66	80	0.8250000
NODE_4322_length_1158_cov_13.092540	425	505	2	80	80	1.0000000
NODE_4322_length_1158_cov_13.092540	735	815	2	80	80	1.0000000
NODE_4322_length_1158_cov_13.092540	788	868	0	25	80	0.3125000
NODE_4322_length_1158_cov_13.092540	788	868	2	55	80	0.6875000
NODE_4323_length_1158_cov_7.408876	656	736	0	80	80	1.0000000
NODE_4323_length_1158_cov_7.408876	709	789	0	80	80	1.0000000
NODE_4324_length_1158_cov_6.242682	239	310	0	5	71	0.0704225
NODE_4324_length_1158_cov_6.242682	239	310	2	66	71	0.9295775
NODE_4325_length_1158_cov_6.043437	531	611	0	80	80	1.0000000
NODE_4325_length_1158_cov_6.043437	584	634	0	50	50	1.0000000
NODE_4326_length_1158_cov_5.855524	324	404	0	80	80	1.0000000
NODE_4326_length_1158_cov_5.855524	377	457	0	80	80	1.0000000
NODE_4329_length_1157_cov_32.233459	472	552	0	80	80	1.0000000
NODE_4329_length_1157_cov_32.233459	525	605	0	79	80	0.9875000
NODE_4329_length_1157_cov_32.233459	525	605	2	1	80	0.0125000
NODE_4329_length_1157_cov_32.233459	601	681	0	3	80	0.0375000
NODE_4329_length_1157_cov_32.233459	601	681	2	77	80	0.9625000
NODE_4329_length_1157_cov_32.233459	654	734	0	25	80	0.3125000
NODE_4329_length_1157_cov_32.233459	654	734	2	55	80	0.6875000
NODE_4330_length_1157_cov_6.438563	765	788	0	23	23	1.0000000
NODE_4332_length_1157_cov_4.068053	221	292	0	71	71	1.0000000
NODE_4333_length_1156_cov_46.381268	328	408	1	7	80	0.0875000
NODE_4333_length_1156_cov_46.381268	328	408	2	1	80	0.0125000
NODE_4333_length_1156_cov_46.381268	328	408	4	72	80	0.9000000
NODE_4333_length_1156_cov_46.381268	381	461	0	41	80	0.5125000
NODE_4333_length_1156_cov_46.381268	381	461	1	19	80	0.2375000
NODE_4333_length_1156_cov_46.381268	381	461	2	1	80	0.0125000
NODE_4333_length_1156_cov_46.381268	381	461	4	19	80	0.2375000
NODE_4333_length_1156_cov_46.381268	457	537	0	16	80	0.2000000
NODE_4333_length_1156_cov_46.381268	457	537	2	7	80	0.0875000
NODE_4333_length_1156_cov_46.381268	457	537	4	43	80	0.5375000
NODE_4333_length_1156_cov_46.381268	457	537	6	14	80	0.1750000
NODE_4333_length_1156_cov_46.381268	510	590	4	25	80	0.3125000
NODE_4333_length_1156_cov_46.381268	510	590	6	52	80	0.6500000
NODE_4333_length_1156_cov_46.381268	510	590	7	2	80	0.0250000
NODE_4333_length_1156_cov_46.381268	510	590	8	1	80	0.0125000
NODE_4334_length_1156_cov_32.198675	378	458	0	8	80	0.1000000
NODE_4334_length_1156_cov_32.198675	378	458	2	2	80	0.0250000
NODE_4334_length_1156_cov_32.198675	378	458	4	70	80	0.8750000
NODE_4334_length_1156_cov_32.198675	431	511	4	80	80	1.0000000
NODE_4334_length_1156_cov_32.198675	507	587	0	49	80	0.6125000
NODE_4334_length_1156_cov_32.198675	507	587	2	2	80	0.0250000
NODE_4334_length_1156_cov_32.198675	507	587	4	29	80	0.3625000
NODE_4334_length_1156_cov_32.198675	560	641	0	81	81	1.0000000
NODE_4335_length_1156_cov_12.683065	593	673	2	35	80	0.4375000
NODE_4335_length_1156_cov_12.683065	593	673	6	45	80	0.5625000
NODE_4335_length_1156_cov_12.683065	646	726	0	13	80	0.1625000
NODE_4335_length_1156_cov_12.683065	646	726	4	2	80	0.0250000
NODE_4335_length_1156_cov_12.683065	646	726	6	65	80	0.8125000
NODE_4336_length_1156_cov_9.287606	680	760	0	2	80	0.0250000
NODE_4336_length_1156_cov_9.287606	680	760	2	78	80	0.9750000
NODE_4336_length_1156_cov_9.287606	733	813	0	12	80	0.1500000
NODE_4336_length_1156_cov_9.287606	733	813	2	68	80	0.8500000
NODE_4339_length_1155_cov_19.570076	437	517	0	80	80	1.0000000
NODE_4339_length_1155_cov_19.570076	490	570	0	80	80	1.0000000
NODE_4340_length_1155_cov_18.666667	332	412	3	2	80	0.0250000
NODE_4340_length_1155_cov_18.666667	332	412	5	29	80	0.3625000
NODE_4340_length_1155_cov_18.666667	332	412	8	6	80	0.0750000
NODE_4340_length_1155_cov_18.666667	332	412	10	43	80	0.5375000
NODE_4340_length_1155_cov_18.666667	385	465	6	17	80	0.2125000
NODE_4340_length_1155_cov_18.666667	385	465	8	4	80	0.0500000
NODE_4340_length_1155_cov_18.666667	385	465	10	59	80	0.7375000
NODE_4346_length_1154_cov_61.769668	488	568	0	19	80	0.2375000
NODE_4346_length_1154_cov_61.769668	488	568	2	61	80	0.7625000
NODE_4346_length_1154_cov_61.769668	541	621	0	72	80	0.9000000
NODE_4346_length_1154_cov_61.769668	541	621	2	8	80	0.1000000
NODE_4347_length_1154_cov_50.909005	409	489	4	13	80	0.1625000
NODE_4347_length_1154_cov_50.909005	409	489	6	38	80	0.4750000
NODE_4347_length_1154_cov_50.909005	409	489	8	29	80	0.3625000
NODE_4347_length_1154_cov_50.909005	462	542	0	4	80	0.0500000
NODE_4347_length_1154_cov_50.909005	462	542	2	17	80	0.2125000
NODE_4347_length_1154_cov_50.909005	462	542	4	8	80	0.1000000
NODE_4347_length_1154_cov_50.909005	462	542	6	14	80	0.1750000
NODE_4347_length_1154_cov_50.909005	462	542	8	37	80	0.4625000
NODE_4347_length_1154_cov_50.909005	538	618	0	80	80	1.0000000
NODE_4347_length_1154_cov_50.909005	591	671	0	80	80	1.0000000
NODE_4348_length_1154_cov_28.941232	695	775	2	80	80	1.0000000
NODE_4348_length_1154_cov_28.941232	748	828	0	49	80	0.6125000
NODE_4348_length_1154_cov_28.941232	748	828	2	31	80	0.3875000
NODE_4349_length_1154_cov_13.765877	322	402	0	5	80	0.0625000
NODE_4349_length_1154_cov_13.765877	322	402	2	28	80	0.3500000
NODE_4349_length_1154_cov_13.765877	322	402	10	47	80	0.5875000
NODE_4349_length_1154_cov_13.765877	375	455	8	43	80	0.5375000
NODE_4349_length_1154_cov_13.765877	375	455	10	37	80	0.4625000
NODE_4351_length_1154_cov_5.930806	497	577	0	23	80	0.2875000
NODE_4351_length_1154_cov_5.930806	497	577	4	20	80	0.2500000
NODE_4351_length_1154_cov_5.930806	497	577	6	37	80	0.4625000
NODE_4351_length_1154_cov_5.930806	550	622	2	5	72	0.0694444
NODE_4351_length_1154_cov_5.930806	550	622	6	67	72	0.9305556
NODE_4357_length_1153_cov_65.486717	416	496	0	44	80	0.5500000
NODE_4357_length_1153_cov_65.486717	416	496	2	36	80	0.4500000
NODE_4357_length_1153_cov_65.486717	469	549	0	80	80	1.0000000
NODE_4357_length_1153_cov_65.486717	545	625	0	20	80	0.2500000
NODE_4357_length_1153_cov_65.486717	545	625	2	16	80	0.2000000
NODE_4357_length_1153_cov_65.486717	545	625	4	44	80	0.5500000
NODE_4357_length_1153_cov_65.486717	598	678	0	19	80	0.2375000
NODE_4357_length_1153_cov_65.486717	598	678	2	37	80	0.4625000
NODE_4357_length_1153_cov_65.486717	598	678	4	24	80	0.3000000
NODE_4358_length_1153_cov_50.733397	404	484	0	80	80	1.0000000
NODE_4358_length_1153_cov_50.733397	457	537	0	29	80	0.3625000
NODE_4358_length_1153_cov_50.733397	457	537	4	51	80	0.6375000
NODE_4358_length_1153_cov_50.733397	533	613	4	32	80	0.4000000
NODE_4358_length_1153_cov_50.733397	533	613	6	2	80	0.0250000
NODE_4358_length_1153_cov_50.733397	533	613	10	46	80	0.5750000
NODE_4358_length_1153_cov_50.733397	586	666	10	27	80	0.3375000
NODE_4358_length_1153_cov_50.733397	586	666	12	11	80	0.1375000
NODE_4358_length_1153_cov_50.733397	586	666	14	28	80	0.3500000
NODE_4358_length_1153_cov_50.733397	586	666	16	14	80	0.1750000
NODE_4359_length_1153_cov_26.131879	493	573	0	80	80	1.0000000
NODE_4359_length_1153_cov_26.131879	546	626	0	80	80	1.0000000
NODE_4360_length_1153_cov_10.195446	500	580	0	80	80	1.0000000
NODE_4360_length_1153_cov_10.195446	553	633	0	80	80	1.0000000
NODE_4361_length_1153_cov_8.286528	558	638	0	19	80	0.2375000
NODE_4361_length_1153_cov_8.286528	558	638	2	61	80	0.7625000
NODE_4361_length_1153_cov_8.286528	611	691	0	5	80	0.0625000
NODE_4361_length_1153_cov_8.286528	611	691	2	75	80	0.9375000
NODE_4368_length_1152_cov_19.800570	553	633	0	80	80	1.0000000
NODE_4368_length_1152_cov_19.800570	606	686	0	80	80	1.0000000
NODE_4369_length_1152_cov_19.365622	490	570	0	28	80	0.3500000
NODE_4369_length_1152_cov_19.365622	490	570	2	17	80	0.2125000
NODE_4369_length_1152_cov_19.365622	490	570	6	2	80	0.0250000
NODE_4369_length_1152_cov_19.365622	490	570	8	33	80	0.4125000
NODE_4369_length_1152_cov_19.365622	543	623	6	37	80	0.4625000
NODE_4369_length_1152_cov_19.365622	543	623	8	43	80	0.5375000
NODE_4370_length_1152_cov_18.654321	594	674	0	56	80	0.7000000
NODE_4370_length_1152_cov_18.654321	594	674	2	24	80	0.3000000
NODE_4370_length_1152_cov_18.654321	647	727	0	3	80	0.0375000
NODE_4370_length_1152_cov_18.654321	647	727	2	77	80	0.9625000
NODE_4371_length_1152_cov_18.075024	377	457	0	80	80	1.0000000
NODE_4371_length_1152_cov_18.075024	430	510	0	80	80	1.0000000
NODE_4371_length_1152_cov_18.075024	506	586	0	30	80	0.3750000
NODE_4371_length_1152_cov_18.075024	506	586	2	38	80	0.4750000
NODE_4371_length_1152_cov_18.075024	506	586	4	12	80	0.1500000
NODE_4371_length_1152_cov_18.075024	559	639	2	32	80	0.4000000
NODE_4371_length_1152_cov_18.075024	559	639	4	48	80	0.6000000
NODE_4373_length_1152_cov_16.047483	543	623	0	80	80	1.0000000
NODE_4373_length_1152_cov_16.047483	596	676	0	80	80	1.0000000
NODE_4373_length_1152_cov_16.047483	672	752	0	80	80	1.0000000
NODE_4373_length_1152_cov_16.047483	725	805	0	80	80	1.0000000
NODE_4374_length_1152_cov_13.981007	583	663	0	80	80	1.0000000
NODE_4374_length_1152_cov_13.981007	636	716	0	80	80	1.0000000
NODE_4380_length_1151_cov_30.469582	479	559	2	80	80	1.0000000
NODE_4380_length_1151_cov_30.469582	532	612	0	51	80	0.6375000
NODE_4380_length_1151_cov_30.469582	532	612	2	29	80	0.3625000
NODE_4381_length_1151_cov_26.650190	567	647	0	27	80	0.3375000
NODE_4381_length_1151_cov_26.650190	567	647	2	53	80	0.6625000
NODE_4381_length_1151_cov_26.650190	620	700	0	42	80	0.5250000
NODE_4381_length_1151_cov_26.650190	620	700	2	38	80	0.4750000
NODE_4382_length_1151_cov_26.375475	441	521	10	80	80	1.0000000
NODE_4382_length_1151_cov_26.375475	494	574	2	15	80	0.1875000
NODE_4382_length_1151_cov_26.375475	494	574	3	29	80	0.3625000
NODE_4382_length_1151_cov_26.375475	494	574	4	7	80	0.0875000
NODE_4382_length_1151_cov_26.375475	494	574	6	1	80	0.0125000
NODE_4382_length_1151_cov_26.375475	494	574	10	28	80	0.3500000
NODE_4382_length_1151_cov_26.375475	570	650	0	68	80	0.8500000
NODE_4382_length_1151_cov_26.375475	570	650	2	12	80	0.1500000
NODE_4382_length_1151_cov_26.375475	623	703	0	80	80	1.0000000
NODE_4383_length_1151_cov_23.614068	590	670	0	8	80	0.1000000
NODE_4383_length_1151_cov_23.614068	590	670	2	72	80	0.9000000
NODE_4383_length_1151_cov_23.614068	643	721	0	59	78	0.7564102
NODE_4383_length_1151_cov_23.614068	643	721	2	19	78	0.2435897
NODE_4384_length_1151_cov_18.693916	355	435	8	80	80	1.0000000
NODE_4384_length_1151_cov_18.693916	408	491	0	31	83	0.3734940
NODE_4384_length_1151_cov_18.693916	408	491	8	52	83	0.6265060
NODE_4385_length_1151_cov_16.093156	474	554	0	80	80	1.0000000
NODE_4385_length_1151_cov_16.093156	527	607	0	80	80	1.0000000
NODE_4386_length_1151_cov_13.782319	400	482	0	19	82	0.2317073
NODE_4386_length_1151_cov_13.782319	400	482	2	46	82	0.5609756
NODE_4386_length_1151_cov_13.782319	400	482	4	17	82	0.2073171
NODE_4386_length_1151_cov_13.782319	450	535	2	53	85	0.6235294
NODE_4386_length_1151_cov_13.782319	450	535	4	32	85	0.3764706
NODE_4392_length_1150_cov_38.601332	563	643	2	80	80	1.0000000
NODE_4392_length_1150_cov_38.601332	616	696	0	13	80	0.1625000
NODE_4392_length_1150_cov_38.601332	616	696	1	9	80	0.1125000
NODE_4392_length_1150_cov_38.601332	616	696	2	58	80	0.7250000
NODE_4392_length_1150_cov_38.601332	692	772	0	40	80	0.5000000
NODE_4392_length_1150_cov_38.601332	692	772	4	15	80	0.1875000
NODE_4392_length_1150_cov_38.601332	692	772	5	9	80	0.1125000
NODE_4392_length_1150_cov_38.601332	692	772	6	16	80	0.2000000
NODE_4392_length_1150_cov_38.601332	745	825	4	2	80	0.0250000
NODE_4392_length_1150_cov_38.601332	745	825	5	9	80	0.1125000
NODE_4392_length_1150_cov_38.601332	745	825	6	69	80	0.8625000
NODE_4393_length_1150_cov_15.741199	497	578	0	32	81	0.3950617
NODE_4393_length_1150_cov_15.741199	497	578	2	49	81	0.6049383
NODE_4393_length_1150_cov_15.741199	550	631	0	21	81	0.2592593
NODE_4393_length_1150_cov_15.741199	550	631	2	60	81	0.7407407
NODE_4394_length_1150_cov_11.132255	795	875	0	80	80	1.0000000
NODE_4394_length_1150_cov_11.132255	848	928	0	80	80	1.0000000
NODE_4395_length_1150_cov_9.253092	583	663	0	14	80	0.1750000
NODE_4395_length_1150_cov_9.253092	583	663	2	66	80	0.8250000
NODE_4395_length_1150_cov_9.253092	636	716	0	20	80	0.2500000
NODE_4395_length_1150_cov_9.253092	636	716	2	60	80	0.7500000
NODE_4398_length_1149_cov_17.289524	644	695	0	51	51	1.0000000
NODE_4399_length_1149_cov_13.805714	584	664	2	39	80	0.4875000
NODE_4399_length_1149_cov_13.805714	584	664	4	22	80	0.2750000
NODE_4399_length_1149_cov_13.805714	584	664	6	19	80	0.2375000
NODE_4399_length_1149_cov_13.805714	637	717	4	75	80	0.9375000
NODE_4399_length_1149_cov_13.805714	637	717	6	5	80	0.0625000
NODE_4399_length_1149_cov_13.805714	713	793	0	25	80	0.3125000
NODE_4399_length_1149_cov_13.805714	713	793	4	55	80	0.6875000
NODE_4399_length_1149_cov_13.805714	766	846	0	78	80	0.9750000
NODE_4399_length_1149_cov_13.805714	766	846	4	2	80	0.0250000
NODE_4407_length_1148_cov_27.674929	387	467	2	56	80	0.7000000
NODE_4407_length_1148_cov_27.674929	387	467	6	24	80	0.3000000
NODE_4407_length_1148_cov_27.674929	440	520	2	3	80	0.0375000
NODE_4407_length_1148_cov_27.674929	440	520	4	50	80	0.6250000
NODE_4407_length_1148_cov_27.674929	440	520	6	27	80	0.3375000
NODE_4408_length_1148_cov_13.275500	136	216	0	18	80	0.2250000
NODE_4408_length_1148_cov_13.275500	136	216	3	11	80	0.1375000
NODE_4408_length_1148_cov_13.275500	136	216	5	51	80	0.6375000
NODE_4408_length_1148_cov_13.275500	189	268	4	49	79	0.6202531
NODE_4408_length_1148_cov_13.275500	189	268	5	30	79	0.3797468
NODE_4409_length_1148_cov_10.613918	506	586	0	2	80	0.0250000
NODE_4409_length_1148_cov_10.613918	506	586	6	14	80	0.1750000
NODE_4409_length_1148_cov_10.613918	506	586	8	64	80	0.8000000
NODE_4409_length_1148_cov_10.613918	559	639	8	41	80	0.5125000
NODE_4409_length_1148_cov_10.613918	559	639	10	3	80	0.0375000
NODE_4409_length_1148_cov_10.613918	559	639	12	36	80	0.4500000
NODE_4415_length_1147_cov_33.543893	378	458	2	1	80	0.0125000
NODE_4415_length_1147_cov_33.543893	378	458	6	70	80	0.8750000
NODE_4415_length_1147_cov_33.543893	378	458	8	9	80	0.1125000
NODE_4415_length_1147_cov_33.543893	431	511	2	13	80	0.1625000
NODE_4415_length_1147_cov_33.543893	431	511	4	4	80	0.0500000
NODE_4415_length_1147_cov_33.543893	431	511	6	44	80	0.5500000
NODE_4415_length_1147_cov_33.543893	431	511	8	19	80	0.2375000
NODE_4416_length_1147_cov_26.858779	254	334	0	69	80	0.8625000
NODE_4416_length_1147_cov_26.858779	254	334	2	11	80	0.1375000
NODE_4416_length_1147_cov_26.858779	307	387	0	16	80	0.2000000
NODE_4416_length_1147_cov_26.858779	307	387	2	64	80	0.8000000
NODE_4416_length_1147_cov_26.858779	383	463	0	2	80	0.0250000
NODE_4416_length_1147_cov_26.858779	383	463	2	78	80	0.9750000
NODE_4416_length_1147_cov_26.858779	436	516	0	8	80	0.1000000
NODE_4416_length_1147_cov_26.858779	436	516	2	72	80	0.9000000
NODE_4417_length_1147_cov_24.227099	606	686	0	80	80	1.0000000
NODE_4417_length_1147_cov_24.227099	659	739	0	80	80	1.0000000
NODE_4417_length_1147_cov_24.227099	735	815	0	80	80	1.0000000
NODE_4417_length_1147_cov_24.227099	788	868	0	80	80	1.0000000
NODE_4418_length_1147_cov_16.559160	417	497	4	9	80	0.1125000
NODE_4418_length_1147_cov_16.559160	417	497	8	71	80	0.8875000
NODE_4418_length_1147_cov_16.559160	470	550	4	56	80	0.7000000
NODE_4418_length_1147_cov_16.559160	470	550	8	24	80	0.3000000
NODE_4428_length_1146_cov_52.393505	411	491	0	5	80	0.0625000
NODE_4428_length_1146_cov_52.393505	411	491	3	3	80	0.0375000
NODE_4428_length_1146_cov_52.393505	411	491	5	1	80	0.0125000
NODE_4428_length_1146_cov_52.393505	411	491	6	71	80	0.8875000
NODE_4428_length_1146_cov_52.393505	464	544	6	65	80	0.8125000
NODE_4428_length_1146_cov_52.393505	464	544	8	15	80	0.1875000
NODE_4428_length_1146_cov_52.393505	540	620	2	51	80	0.6375000
NODE_4428_length_1146_cov_52.393505	540	620	5	3	80	0.0375000
NODE_4428_length_1146_cov_52.393505	540	620	8	26	80	0.3250000
NODE_4428_length_1146_cov_52.393505	593	673	2	40	80	0.5000000
NODE_4428_length_1146_cov_52.393505	593	673	4	40	80	0.5000000
NODE_4429_length_1146_cov_46.364852	233	313	0	29	80	0.3625000
NODE_4429_length_1146_cov_46.364852	233	313	2	51	80	0.6375000
NODE_4429_length_1146_cov_46.364852	286	366	0	23	80	0.2875000
NODE_4429_length_1146_cov_46.364852	286	366	2	57	80	0.7125000
NODE_4430_length_1146_cov_26.159503	476	556	0	11	80	0.1375000
NODE_4430_length_1146_cov_26.159503	476	556	6	24	80	0.3000000
NODE_4430_length_1146_cov_26.159503	476	556	8	45	80	0.5625000
NODE_4430_length_1146_cov_26.159503	529	609	0	64	80	0.8000000
NODE_4430_length_1146_cov_26.159503	529	609	6	16	80	0.2000000
NODE_4430_length_1146_cov_26.159503	605	685	0	80	80	1.0000000
NODE_4430_length_1146_cov_26.159503	658	738	0	80	80	1.0000000
NODE_4431_length_1146_cov_14.210124	343	423	0	80	80	1.0000000
NODE_4431_length_1146_cov_14.210124	396	476	0	80	80	1.0000000
NODE_4432_length_1146_cov_13.479465	425	501	0	18	76	0.2368421
NODE_4432_length_1146_cov_13.479465	425	501	2	58	76	0.7631579
NODE_4432_length_1146_cov_13.479465	505	565	2	23	60	0.3833333
NODE_4432_length_1146_cov_13.479465	505	565	7	8	60	0.1333333
NODE_4432_length_1146_cov_13.479465	505	565	9	29	60	0.4833333
NODE_4432_length_1146_cov_13.479465	561	641	7	7	80	0.0875000
NODE_4432_length_1146_cov_13.479465	561	641	13	13	80	0.1625000
NODE_4432_length_1146_cov_13.479465	561	641	16	10	80	0.1250000
NODE_4432_length_1146_cov_13.479465	561	641	17	6	80	0.0750000
NODE_4432_length_1146_cov_13.479465	561	641	18	2	80	0.0250000
NODE_4432_length_1146_cov_13.479465	561	641	19	9	80	0.1125000
NODE_4432_length_1146_cov_13.479465	561	641	20	33	80	0.4125000
NODE_4432_length_1146_cov_13.479465	614	694	0	12	80	0.1500000
NODE_4432_length_1146_cov_13.479465	614	694	6	1	80	0.0125000
NODE_4432_length_1146_cov_13.479465	614	694	7	11	80	0.1375000
NODE_4432_length_1146_cov_13.479465	614	694	11	20	80	0.2500000
NODE_4432_length_1146_cov_13.479465	614	694	19	8	80	0.1000000
NODE_4432_length_1146_cov_13.479465	614	694	20	28	80	0.3500000
NODE_4438_length_1145_cov_49.566922	395	470	0	51	75	0.6800000
NODE_4438_length_1145_cov_49.566922	395	470	2	24	75	0.3200000
NODE_4438_length_1145_cov_49.566922	443	523	0	30	80	0.3750000
NODE_4438_length_1145_cov_49.566922	443	523	2	50	80	0.6250000
NODE_4439_length_1145_cov_38.191205	497	576	0	69	79	0.8734177
NODE_4439_length_1145_cov_38.191205	497	576	4	10	79	0.1265823
NODE_4439_length_1145_cov_38.191205	549	629	0	17	80	0.2125000
NODE_4439_length_1145_cov_38.191205	549	629	4	63	80	0.7875000
NODE_4440_length_1145_cov_26.929254	468	548	0	9	80	0.1125000
NODE_4440_length_1145_cov_26.929254	468	548	4	25	80	0.3125000
NODE_4440_length_1145_cov_26.929254	468	548	5	46	80	0.5750000
NODE_4440_length_1145_cov_26.929254	521	601	0	62	80	0.7750000
NODE_4440_length_1145_cov_26.929254	521	601	5	18	80	0.2250000
NODE_4441_length_1145_cov_20.121415	508	588	0	11	80	0.1375000
NODE_4441_length_1145_cov_20.121415	508	588	2	20	80	0.2500000
NODE_4441_length_1145_cov_20.121415	508	588	4	49	80	0.6125000
NODE_4441_length_1145_cov_20.121415	561	641	0	64	80	0.8000000
NODE_4441_length_1145_cov_20.121415	561	641	4	16	80	0.2000000
NODE_4442_length_1145_cov_11.753346	527	605	0	1	78	0.0128205
NODE_4442_length_1145_cov_11.753346	527	605	2	77	78	0.9871795
NODE_4442_length_1145_cov_11.753346	578	659	0	55	81	0.6790124
NODE_4442_length_1145_cov_11.753346	578	659	2	26	81	0.3209876
NODE_4443_length_1145_cov_9.571702	93	173	0	80	80	1.0000000
NODE_4443_length_1145_cov_9.571702	146	226	0	80	80	1.0000000
NODE_4455_length_1143_cov_42.255747	380	460	0	80	80	1.0000000
NODE_4455_length_1143_cov_42.255747	433	513	0	80	80	1.0000000
NODE_4455_length_1143_cov_42.255747	509	589	0	21	80	0.2625000
NODE_4455_length_1143_cov_42.255747	509	589	4	2	80	0.0250000
NODE_4455_length_1143_cov_42.255747	509	589	6	9	80	0.1125000
NODE_4455_length_1143_cov_42.255747	509	589	8	14	80	0.1750000
NODE_4455_length_1143_cov_42.255747	509	589	10	34	80	0.4250000
NODE_4455_length_1143_cov_42.255747	562	642	8	6	80	0.0750000
NODE_4455_length_1143_cov_42.255747	562	642	10	73	80	0.9125000
NODE_4455_length_1143_cov_42.255747	562	642	12	1	80	0.0125000
NODE_4456_length_1143_cov_22.076628	526	606	0	24	80	0.3000000
NODE_4456_length_1143_cov_22.076628	526	606	1	9	80	0.1125000
NODE_4456_length_1143_cov_22.076628	526	606	2	47	80	0.5875000
NODE_4456_length_1143_cov_22.076628	579	659	2	80	80	1.0000000
NODE_4457_length_1143_cov_19.106322	565	645	0	26	80	0.3250000
NODE_4457_length_1143_cov_19.106322	565	645	2	54	80	0.6750000
NODE_4457_length_1143_cov_19.106322	618	698	0	5	80	0.0625000
NODE_4457_length_1143_cov_19.106322	618	698	2	75	80	0.9375000
NODE_4458_length_1143_cov_16.223180	638	719	0	81	81	1.0000000
NODE_4458_length_1143_cov_16.223180	692	772	0	80	80	1.0000000
NODE_4459_length_1143_cov_13.961686	634	714	4	12	80	0.1500000
NODE_4459_length_1143_cov_13.961686	634	714	6	3	80	0.0375000
NODE_4459_length_1143_cov_13.961686	634	714	10	39	80	0.4875000
NODE_4459_length_1143_cov_13.961686	634	714	12	6	80	0.0750000
NODE_4459_length_1143_cov_13.961686	634	714	13	7	80	0.0875000
NODE_4459_length_1143_cov_13.961686	634	714	14	13	80	0.1625000
NODE_4459_length_1143_cov_13.961686	687	767	4	23	80	0.2875000
NODE_4459_length_1143_cov_13.961686	687	767	8	12	80	0.1500000
NODE_4459_length_1143_cov_13.961686	687	767	10	38	80	0.4750000
NODE_4459_length_1143_cov_13.961686	687	767	12	6	80	0.0750000
NODE_4459_length_1143_cov_13.961686	687	767	13	1	80	0.0125000
NODE_4459_length_1143_cov_13.961686	763	843	0	66	80	0.8250000
NODE_4459_length_1143_cov_13.961686	763	843	4	14	80	0.1750000
NODE_4459_length_1143_cov_13.961686	816	896	0	80	80	1.0000000
NODE_4460_length_1143_cov_12.782567	328	409	0	81	81	1.0000000
NODE_4460_length_1143_cov_12.782567	381	462	0	81	81	1.0000000
NODE_4460_length_1143_cov_12.782567	458	538	0	59	80	0.7375000
NODE_4460_length_1143_cov_12.782567	458	538	2	21	80	0.2625000
NODE_4460_length_1143_cov_12.782567	511	591	0	6	80	0.0750000
NODE_4460_length_1143_cov_12.782567	511	591	2	74	80	0.9250000
NODE_4461_length_1143_cov_8.287356	692	772	0	16	80	0.2000000
NODE_4461_length_1143_cov_8.287356	692	772	4	64	80	0.8000000
NODE_4461_length_1143_cov_8.287356	745	825	0	13	80	0.1625000
NODE_4461_length_1143_cov_8.287356	745	825	4	67	80	0.8375000
NODE_4463_length_1143_cov_2.197318	988	1057	5	5	69	0.0724638
NODE_4463_length_1143_cov_2.197318	988	1057	6	28	69	0.4057971
NODE_4463_length_1143_cov_2.197318	988	1057	7	9	69	0.1304348
NODE_4463_length_1143_cov_2.197318	988	1057	8	27	69	0.3913043
NODE_4466_length_1142_cov_28.364334	613	693	0	64	80	0.8000000
NODE_4466_length_1142_cov_28.364334	613	693	2	16	80	0.2000000
NODE_4466_length_1142_cov_28.364334	666	746	0	11	80	0.1375000
NODE_4466_length_1142_cov_28.364334	666	746	2	20	80	0.2500000
NODE_4466_length_1142_cov_28.364334	666	746	4	49	80	0.6125000
NODE_4467_length_1142_cov_21.669223	518	598	0	80	80	1.0000000
NODE_4467_length_1142_cov_21.669223	571	651	0	80	80	1.0000000
NODE_4468_length_1142_cov_19.007670	411	491	0	35	80	0.4375000
NODE_4468_length_1142_cov_19.007670	411	491	2	25	80	0.3125000
NODE_4468_length_1142_cov_19.007670	411	491	4	20	80	0.2500000
NODE_4468_length_1142_cov_19.007670	464	544	2	15	80	0.1875000
NODE_4468_length_1142_cov_19.007670	464	544	4	65	80	0.8125000
NODE_4474_length_1141_cov_12.500960	17	97	14	4	80	0.0500000
NODE_4474_length_1141_cov_12.500960	17	97	16	3	80	0.0375000
NODE_4474_length_1141_cov_12.500960	17	97	18	21	80	0.2625000
NODE_4474_length_1141_cov_12.500960	17	97	20	9	80	0.1125000
NODE_4474_length_1141_cov_12.500960	17	97	22	43	80	0.5375000
NODE_4474_length_1141_cov_12.500960	17	97	14	4	80	0.0500000
NODE_4474_length_1141_cov_12.500960	17	97	16	3	80	0.0375000
NODE_4474_length_1141_cov_12.500960	17	97	18	21	80	0.2625000
NODE_4474_length_1141_cov_12.500960	17	97	20	9	80	0.1125000
NODE_4474_length_1141_cov_12.500960	17	97	22	43	80	0.5375000
NODE_4474_length_1141_cov_12.500960	17	97	14	4	80	0.0500000
NODE_4474_length_1141_cov_12.500960	17	97	16	3	80	0.0375000
NODE_4474_length_1141_cov_12.500960	17	97	18	21	80	0.2625000
NODE_4474_length_1141_cov_12.500960	17	97	20	9	80	0.1125000
NODE_4474_length_1141_cov_12.500960	17	97	22	43	80	0.5375000
NODE_4474_length_1141_cov_12.500960	17	97	14	4	80	0.0500000
NODE_4474_length_1141_cov_12.500960	17	97	16	3	80	0.0375000
NODE_4474_length_1141_cov_12.500960	17	97	18	21	80	0.2625000
NODE_4474_length_1141_cov_12.500960	17	97	20	9	80	0.1125000
NODE_4474_length_1141_cov_12.500960	17	97	22	43	80	0.5375000
NODE_4474_length_1141_cov_12.500960	70	132	14	4	62	0.0645161
NODE_4474_length_1141_cov_12.500960	70	132	18	2	62	0.0322581
NODE_4474_length_1141_cov_12.500960	70	132	20	18	62	0.2903226
NODE_4474_length_1141_cov_12.500960	70	132	22	38	62	0.6129032
NODE_4474_length_1141_cov_12.500960	70	132	14	4	62	0.0645161
NODE_4474_length_1141_cov_12.500960	70	132	18	2	62	0.0322581
NODE_4474_length_1141_cov_12.500960	70	132	20	18	62	0.2903226
NODE_4474_length_1141_cov_12.500960	70	132	22	38	62	0.6129032
NODE_4474_length_1141_cov_12.500960	70	132	14	4	62	0.0645161
NODE_4474_length_1141_cov_12.500960	70	132	18	2	62	0.0322581
NODE_4474_length_1141_cov_12.500960	70	132	20	18	62	0.2903226
NODE_4474_length_1141_cov_12.500960	70	132	22	38	62	0.6129032
NODE_4474_length_1141_cov_12.500960	70	132	14	4	62	0.0645161
NODE_4474_length_1141_cov_12.500960	70	132	18	2	62	0.0322581
NODE_4474_length_1141_cov_12.500960	70	132	20	18	62	0.2903226
NODE_4474_length_1141_cov_12.500960	70	132	22	38	62	0.6129032
NODE_4475_length_1141_cov_7.197697	54	134	2	80	80	1.0000000
NODE_4475_length_1141_cov_7.197697	107	187	0	48	80	0.6000000
NODE_4475_length_1141_cov_7.197697	107	187	2	32	80	0.4000000
NODE_4475_length_1141_cov_7.197697	573	653	0	80	80	1.0000000
NODE_4475_length_1141_cov_7.197697	626	707	0	81	81	1.0000000
NODE_4476_length_1141_cov_5.428023	411	491	0	80	80	1.0000000
NODE_4476_length_1141_cov_5.428023	464	544	0	80	80	1.0000000
NODE_4482_length_1140_cov_39.383285	451	531	0	4	80	0.0500000
NODE_4482_length_1140_cov_39.383285	451	531	2	76	80	0.9500000
NODE_4482_length_1140_cov_39.383285	504	584	2	63	80	0.7875000
NODE_4482_length_1140_cov_39.383285	504	584	3	6	80	0.0750000
NODE_4482_length_1140_cov_39.383285	504	584	4	11	80	0.1375000
NODE_4482_length_1140_cov_39.383285	580	660	2	55	80	0.6875000
NODE_4482_length_1140_cov_39.383285	580	660	4	25	80	0.3125000
NODE_4482_length_1140_cov_39.383285	633	713	2	6	80	0.0750000
NODE_4482_length_1140_cov_39.383285	633	713	3	6	80	0.0750000
NODE_4482_length_1140_cov_39.383285	633	713	4	68	80	0.8500000
NODE_4483_length_1140_cov_19.493756	543	623	0	6	80	0.0750000
NODE_4483_length_1140_cov_19.493756	543	623	2	27	80	0.3375000
NODE_4483_length_1140_cov_19.493756	543	623	3	18	80	0.2250000
NODE_4483_length_1140_cov_19.493756	543	623	4	29	80	0.3625000
NODE_4483_length_1140_cov_19.493756	596	676	0	6	80	0.0750000
NODE_4483_length_1140_cov_19.493756	596	676	2	3	80	0.0375000
NODE_4483_length_1140_cov_19.493756	596	676	3	1	80	0.0125000
NODE_4483_length_1140_cov_19.493756	596	676	4	70	80	0.8750000
NODE_4484_length_1140_cov_18.341018	347	427	2	57	80	0.7125000
NODE_4484_length_1140_cov_18.341018	347	427	4	23	80	0.2875000
NODE_4484_length_1140_cov_18.341018	400	480	2	38	80	0.4750000
NODE_4484_length_1140_cov_18.341018	400	480	4	42	80	0.5250000
NODE_4484_length_1140_cov_18.341018	476	556	0	4	80	0.0500000
NODE_4484_length_1140_cov_18.341018	476	556	2	76	80	0.9500000
NODE_4484_length_1140_cov_18.341018	529	609	0	6	80	0.0750000
NODE_4484_length_1140_cov_18.341018	529	609	2	74	80	0.9250000
NODE_4494_length_1139_cov_26.812500	410	490	0	80	80	1.0000000
NODE_4494_length_1139_cov_26.812500	463	543	0	78	80	0.9750000
NODE_4494_length_1139_cov_26.812500	463	543	4	2	80	0.0250000
NODE_4494_length_1139_cov_26.812500	539	619	0	2	80	0.0250000
NODE_4494_length_1139_cov_26.812500	539	619	4	78	80	0.9750000
NODE_4494_length_1139_cov_26.812500	592	672	0	28	80	0.3500000
NODE_4494_length_1139_cov_26.812500	592	672	4	52	80	0.6500000
NODE_4495_length_1139_cov_26.323077	308	388	0	80	80	1.0000000
NODE_4495_length_1139_cov_26.323077	361	441	0	80	80	1.0000000
NODE_4495_length_1139_cov_26.323077	437	517	0	18	80	0.2250000
NODE_4495_length_1139_cov_26.323077	437	517	3	26	80	0.3250000
NODE_4495_length_1139_cov_26.323077	437	517	4	36	80	0.4500000
NODE_4495_length_1139_cov_26.323077	490	570	3	10	80	0.1250000
NODE_4495_length_1139_cov_26.323077	490	570	4	70	80	0.8750000
NODE_4496_length_1139_cov_15.223077	530	610	0	80	80	1.0000000
NODE_4496_length_1139_cov_15.223077	583	663	0	80	80	1.0000000
NODE_4505_length_1138_cov_74.599615	480	560	0	29	80	0.3625000
NODE_4505_length_1138_cov_74.599615	480	560	2	1	80	0.0125000
NODE_4505_length_1138_cov_74.599615	480	560	4	50	80	0.6250000
NODE_4505_length_1138_cov_74.599615	533	613	2	10	80	0.1250000
NODE_4505_length_1138_cov_74.599615	533	613	4	70	80	0.8750000
NODE_4505_length_1138_cov_74.599615	609	689	0	43	80	0.5375000
NODE_4505_length_1138_cov_74.599615	609	689	2	37	80	0.4625000
NODE_4505_length_1138_cov_74.599615	662	742	0	80	80	1.0000000
NODE_4506_length_1138_cov_29.407122	559	639	0	30	80	0.3750000
NODE_4506_length_1138_cov_29.407122	559	639	2	50	80	0.6250000
NODE_4506_length_1138_cov_29.407122	612	692	0	80	80	1.0000000
NODE_4506_length_1138_cov_29.407122	688	768	0	80	80	1.0000000
NODE_4506_length_1138_cov_29.407122	741	821	0	80	80	1.0000000
NODE_4507_length_1138_cov_18.326275	454	534	0	12	80	0.1500000
NODE_4507_length_1138_cov_18.326275	454	534	2	68	80	0.8500000
NODE_4507_length_1138_cov_18.326275	507	587	0	13	80	0.1625000
NODE_4507_length_1138_cov_18.326275	507	587	2	67	80	0.8375000
NODE_4507_length_1138_cov_18.326275	583	663	0	8	80	0.1000000
NODE_4507_length_1138_cov_18.326275	583	663	2	72	80	0.9000000
NODE_4507_length_1138_cov_18.326275	636	716	2	80	80	1.0000000
NODE_4509_length_1138_cov_11.834456	291	371	0	80	80	1.0000000
NODE_4509_length_1138_cov_11.834456	344	424	0	80	80	1.0000000
NODE_4510_length_1138_cov_10.923003	318	398	0	22	80	0.2750000
NODE_4510_length_1138_cov_10.923003	318	398	4	3	80	0.0375000
NODE_4510_length_1138_cov_10.923003	318	398	6	55	80	0.6875000
NODE_4510_length_1138_cov_10.923003	371	451	4	11	80	0.1375000
NODE_4510_length_1138_cov_10.923003	371	451	6	69	80	0.8625000
NODE_4517_length_1137_cov_23.983622	470	550	0	80	80	1.0000000
NODE_4517_length_1137_cov_23.983622	523	603	0	80	80	1.0000000
NODE_4517_length_1137_cov_23.983622	599	679	0	80	80	1.0000000
NODE_4517_length_1137_cov_23.983622	652	732	0	80	80	1.0000000
NODE_4518_length_1137_cov_22.877649	405	485	0	11	80	0.1375000
NODE_4518_length_1137_cov_22.877649	405	485	2	42	80	0.5250000
NODE_4518_length_1137_cov_22.877649	405	485	4	27	80	0.3375000
NODE_4518_length_1137_cov_22.877649	458	538	4	48	80	0.6000000
NODE_4518_length_1137_cov_22.877649	458	538	7	8	80	0.1000000
NODE_4518_length_1137_cov_22.877649	458	538	8	4	80	0.0500000
NODE_4518_length_1137_cov_22.877649	458	538	10	20	80	0.2500000
NODE_4518_length_1137_cov_22.877649	534	614	8	4	80	0.0500000
NODE_4518_length_1137_cov_22.877649	534	614	18	14	80	0.1750000
NODE_4518_length_1137_cov_22.877649	534	614	20	51	80	0.6375000
NODE_4518_length_1137_cov_22.877649	534	614	22	11	80	0.1375000
NODE_4518_length_1137_cov_22.877649	587	667	5	2	80	0.0250000
NODE_4518_length_1137_cov_22.877649	587	667	16	1	80	0.0125000
NODE_4518_length_1137_cov_22.877649	587	667	17	4	80	0.0500000
NODE_4518_length_1137_cov_22.877649	587	667	19	1	80	0.0125000
NODE_4518_length_1137_cov_22.877649	587	667	20	16	80	0.2000000
NODE_4518_length_1137_cov_22.877649	587	667	22	56	80	0.7000000
NODE_4519_length_1137_cov_21.570328	383	463	4	43	80	0.5375000
NODE_4519_length_1137_cov_21.570328	383	463	6	37	80	0.4625000
NODE_4519_length_1137_cov_21.570328	436	516	2	4	80	0.0500000
NODE_4519_length_1137_cov_21.570328	436	516	4	35	80	0.4375000
NODE_4519_length_1137_cov_21.570328	436	516	6	32	80	0.4000000
NODE_4519_length_1137_cov_21.570328	436	516	7	2	80	0.0250000
NODE_4519_length_1137_cov_21.570328	436	516	8	7	80	0.0875000
NODE_4520_length_1137_cov_18.560694	665	745	0	51	80	0.6375000
NODE_4520_length_1137_cov_18.560694	665	745	6	29	80	0.3625000
NODE_4520_length_1137_cov_18.560694	718	798	6	80	80	1.0000000
NODE_4521_length_1137_cov_18.505780	557	637	2	80	80	1.0000000
NODE_4521_length_1137_cov_18.505780	610	690	0	42	80	0.5250000
NODE_4521_length_1137_cov_18.505780	610	690	2	38	80	0.4750000
NODE_4521_length_1137_cov_18.505780	686	766	0	43	80	0.5375000
NODE_4521_length_1137_cov_18.505780	686	766	4	37	80	0.4625000
NODE_4521_length_1137_cov_18.505780	739	819	4	80	80	1.0000000
NODE_4523_length_1137_cov_11.866089	313	393	0	31	80	0.3875000
NODE_4523_length_1137_cov_11.866089	313	393	2	1	80	0.0125000
NODE_4523_length_1137_cov_11.866089	313	393	4	48	80	0.6000000
NODE_4523_length_1137_cov_11.866089	366	446	0	80	80	1.0000000
NODE_4523_length_1137_cov_11.866089	442	522	0	80	80	1.0000000
NODE_4523_length_1137_cov_11.866089	495	575	0	80	80	1.0000000
NODE_4524_length_1137_cov_5.594412	144	224	0	80	80	1.0000000
NODE_4524_length_1137_cov_5.594412	197	277	0	66	80	0.8250000
NODE_4524_length_1137_cov_5.594412	197	277	2	14	80	0.1750000
NODE_4532_length_1136_cov_42.827387	445	525	0	4	80	0.0500000
NODE_4532_length_1136_cov_42.827387	445	525	2	76	80	0.9500000
NODE_4532_length_1136_cov_42.827387	498	578	0	57	80	0.7125000
NODE_4532_length_1136_cov_42.827387	498	578	2	23	80	0.2875000
NODE_4532_length_1136_cov_42.827387	574	654	0	80	80	1.0000000
NODE_4532_length_1136_cov_42.827387	627	707	0	80	80	1.0000000
NODE_4533_length_1136_cov_30.940212	534	614	0	80	80	1.0000000
NODE_4533_length_1136_cov_30.940212	587	667	0	34	80	0.4250000
NODE_4533_length_1136_cov_30.940212	587	667	2	46	80	0.5750000
NODE_4533_length_1136_cov_30.940212	663	743	2	18	80	0.2250000
NODE_4533_length_1136_cov_30.940212	663	743	4	18	80	0.2250000
NODE_4533_length_1136_cov_30.940212	663	743	8	44	80	0.5500000
NODE_4533_length_1136_cov_30.940212	716	796	5	12	80	0.1500000
NODE_4533_length_1136_cov_30.940212	716	796	6	2	80	0.0250000
NODE_4533_length_1136_cov_30.940212	716	796	8	66	80	0.8250000
NODE_4534_length_1136_cov_30.797493	557	637	0	80	80	1.0000000
NODE_4534_length_1136_cov_30.797493	610	691	0	77	81	0.9506173
NODE_4534_length_1136_cov_30.797493	610	691	2	4	81	0.0493827
NODE_4534_length_1136_cov_30.797493	687	767	2	35	80	0.4375000
NODE_4534_length_1136_cov_30.797493	687	767	6	45	80	0.5625000
NODE_4534_length_1136_cov_30.797493	740	820	4	33	80	0.4125000
NODE_4534_length_1136_cov_30.797493	740	820	6	47	80	0.5875000
NODE_4535_length_1136_cov_23.142719	704	784	0	21	80	0.2625000
NODE_4535_length_1136_cov_23.142719	704	784	4	46	80	0.5750000
NODE_4535_length_1136_cov_23.142719	704	784	10	13	80	0.1625000
NODE_4535_length_1136_cov_23.142719	757	837	0	14	80	0.1750000
NODE_4535_length_1136_cov_23.142719	757	837	10	66	80	0.8250000
NODE_4536_length_1136_cov_21.798457	570	651	0	81	81	1.0000000
NODE_4536_length_1136_cov_21.798457	624	704	0	80	80	1.0000000
NODE_4537_length_1136_cov_21.109932	460	532	0	55	72	0.7638889
NODE_4537_length_1136_cov_21.109932	460	532	4	17	72	0.2361111
NODE_4537_length_1136_cov_21.109932	505	585	0	10	80	0.1250000
NODE_4537_length_1136_cov_21.109932	505	585	4	70	80	0.8750000
NODE_4538_length_1136_cov_20.528447	19	99	37	2	80	0.0250000
NODE_4538_length_1136_cov_20.528447	19	99	38	2	80	0.0250000
NODE_4538_length_1136_cov_20.528447	19	99	42	2	80	0.0250000
NODE_4538_length_1136_cov_20.528447	19	99	43	1	80	0.0125000
NODE_4538_length_1136_cov_20.528447	19	99	48	1	80	0.0125000
NODE_4538_length_1136_cov_20.528447	19	99	50	3	80	0.0375000
NODE_4538_length_1136_cov_20.528447	19	99	63	4	80	0.0500000
NODE_4538_length_1136_cov_20.528447	19	99	66	11	80	0.1375000
NODE_4538_length_1136_cov_20.528447	19	99	68	2	80	0.0250000
NODE_4538_length_1136_cov_20.528447	19	99	69	3	80	0.0375000
NODE_4538_length_1136_cov_20.528447	19	99	70	4	80	0.0500000
NODE_4538_length_1136_cov_20.528447	19	99	73	2	80	0.0250000
NODE_4538_length_1136_cov_20.528447	19	99	74	2	80	0.0250000
NODE_4538_length_1136_cov_20.528447	19	99	76	4	80	0.0500000
NODE_4538_length_1136_cov_20.528447	19	99	79	6	80	0.0750000
NODE_4538_length_1136_cov_20.528447	19	99	81	8	80	0.1000000
NODE_4538_length_1136_cov_20.528447	19	99	85	5	80	0.0625000
NODE_4538_length_1136_cov_20.528447	19	99	87	1	80	0.0125000
NODE_4538_length_1136_cov_20.528447	19	99	89	1	80	0.0125000
NODE_4538_length_1136_cov_20.528447	19	99	90	2	80	0.0250000
NODE_4538_length_1136_cov_20.528447	19	99	94	1	80	0.0125000
NODE_4538_length_1136_cov_20.528447	19	99	95	2	80	0.0250000
NODE_4538_length_1136_cov_20.528447	19	99	96	1	80	0.0125000
NODE_4538_length_1136_cov_20.528447	19	99	100	2	80	0.0250000
NODE_4538_length_1136_cov_20.528447	19	99	104	1	80	0.0125000
NODE_4538_length_1136_cov_20.528447	19	99	114	1	80	0.0125000
NODE_4538_length_1136_cov_20.528447	19	99	115	1	80	0.0125000
NODE_4538_length_1136_cov_20.528447	19	99	123	1	80	0.0125000
NODE_4538_length_1136_cov_20.528447	19	99	124	4	80	0.0500000
NODE_4538_length_1136_cov_20.528447	19	99	37	2	80	0.0250000
NODE_4538_length_1136_cov_20.528447	19	99	38	2	80	0.0250000
NODE_4538_length_1136_cov_20.528447	19	99	42	2	80	0.0250000
NODE_4538_length_1136_cov_20.528447	19	99	43	1	80	0.0125000
NODE_4538_length_1136_cov_20.528447	19	99	48	1	80	0.0125000
NODE_4538_length_1136_cov_20.528447	19	99	50	3	80	0.0375000
NODE_4538_length_1136_cov_20.528447	19	99	63	4	80	0.0500000
NODE_4538_length_1136_cov_20.528447	19	99	66	11	80	0.1375000
NODE_4538_length_1136_cov_20.528447	19	99	68	2	80	0.0250000
NODE_4538_length_1136_cov_20.528447	19	99	69	3	80	0.0375000
NODE_4538_length_1136_cov_20.528447	19	99	70	4	80	0.0500000
NODE_4538_length_1136_cov_20.528447	19	99	73	2	80	0.0250000
NODE_4538_length_1136_cov_20.528447	19	99	74	2	80	0.0250000
NODE_4538_length_1136_cov_20.528447	19	99	76	4	80	0.0500000
NODE_4538_length_1136_cov_20.528447	19	99	79	6	80	0.0750000
NODE_4538_length_1136_cov_20.528447	19	99	81	8	80	0.1000000
NODE_4538_length_1136_cov_20.528447	19	99	85	5	80	0.0625000
NODE_4538_length_1136_cov_20.528447	19	99	87	1	80	0.0125000
NODE_4538_length_1136_cov_20.528447	19	99	89	1	80	0.0125000
NODE_4538_length_1136_cov_20.528447	19	99	90	2	80	0.0250000
NODE_4538_length_1136_cov_20.528447	19	99	94	1	80	0.0125000
NODE_4538_length_1136_cov_20.528447	19	99	95	2	80	0.0250000
NODE_4538_length_1136_cov_20.528447	19	99	96	1	80	0.0125000
NODE_4538_length_1136_cov_20.528447	19	99	100	2	80	0.0250000
NODE_4538_length_1136_cov_20.528447	19	99	104	1	80	0.0125000
NODE_4538_length_1136_cov_20.528447	19	99	114	1	80	0.0125000
NODE_4538_length_1136_cov_20.528447	19	99	115	1	80	0.0125000
NODE_4538_length_1136_cov_20.528447	19	99	123	1	80	0.0125000
NODE_4538_length_1136_cov_20.528447	19	99	124	4	80	0.0500000
NODE_4538_length_1136_cov_20.528447	28	99	50	2	71	0.0281690
NODE_4538_length_1136_cov_20.528447	28	99	63	4	71	0.0563380
NODE_4538_length_1136_cov_20.528447	28	99	66	11	71	0.1549296
NODE_4538_length_1136_cov_20.528447	28	99	68	2	71	0.0281690
NODE_4538_length_1136_cov_20.528447	28	99	69	3	71	0.0422535
NODE_4538_length_1136_cov_20.528447	28	99	70	4	71	0.0563380
NODE_4538_length_1136_cov_20.528447	28	99	73	2	71	0.0281690
NODE_4538_length_1136_cov_20.528447	28	99	74	2	71	0.0281690
NODE_4538_length_1136_cov_20.528447	28	99	76	4	71	0.0563380
NODE_4538_length_1136_cov_20.528447	28	99	79	6	71	0.0845070
NODE_4538_length_1136_cov_20.528447	28	99	81	8	71	0.1126761
NODE_4538_length_1136_cov_20.528447	28	99	85	5	71	0.0704225
NODE_4538_length_1136_cov_20.528447	28	99	87	1	71	0.0140845
NODE_4538_length_1136_cov_20.528447	28	99	89	1	71	0.0140845
NODE_4538_length_1136_cov_20.528447	28	99	90	2	71	0.0281690
NODE_4538_length_1136_cov_20.528447	28	99	94	1	71	0.0140845
NODE_4538_length_1136_cov_20.528447	28	99	95	2	71	0.0281690
NODE_4538_length_1136_cov_20.528447	28	99	96	1	71	0.0140845
NODE_4538_length_1136_cov_20.528447	28	99	100	2	71	0.0281690
NODE_4538_length_1136_cov_20.528447	28	99	104	1	71	0.0140845
NODE_4538_length_1136_cov_20.528447	28	99	114	1	71	0.0140845
NODE_4538_length_1136_cov_20.528447	28	99	115	1	71	0.0140845
NODE_4538_length_1136_cov_20.528447	28	99	123	1	71	0.0140845
NODE_4538_length_1136_cov_20.528447	28	99	124	4	71	0.0563380
NODE_4538_length_1136_cov_20.528447	877	912	0	35	35	1.0000000
NODE_4538_length_1136_cov_20.528447	879	921	0	42	42	1.0000000
NODE_4539_length_1136_cov_14.921890	657	737	0	24	80	0.3000000
NODE_4539_length_1136_cov_14.921890	657	737	2	56	80	0.7000000
NODE_4539_length_1136_cov_14.921890	710	790	0	22	80	0.2750000
NODE_4539_length_1136_cov_14.921890	710	790	2	58	80	0.7250000
NODE_4556_length_1135_cov_100.121622	454	534	2	14	80	0.1750000
NODE_4556_length_1135_cov_100.121622	454	534	6	66	80	0.8250000
NODE_4556_length_1135_cov_100.121622	507	587	2	53	80	0.6625000
NODE_4556_length_1135_cov_100.121622	507	587	4	14	80	0.1750000
NODE_4556_length_1135_cov_100.121622	507	587	6	13	80	0.1625000
NODE_4556_length_1135_cov_100.121622	583	663	0	26	80	0.3250000
NODE_4556_length_1135_cov_100.121622	583	663	2	41	80	0.5125000
NODE_4556_length_1135_cov_100.121622	583	663	4	13	80	0.1625000
NODE_4556_length_1135_cov_100.121622	636	719	0	14	83	0.1686747
NODE_4556_length_1135_cov_100.121622	636	719	4	69	83	0.8313253
NODE_4557_length_1135_cov_34.523166	313	393	0	3	80	0.0375000
NODE_4557_length_1135_cov_34.523166	313	393	3	1	80	0.0125000
NODE_4557_length_1135_cov_34.523166	313	393	4	21	80	0.2625000
NODE_4557_length_1135_cov_34.523166	313	393	6	32	80	0.4000000
NODE_4557_length_1135_cov_34.523166	313	393	8	23	80	0.2875000
NODE_4557_length_1135_cov_34.523166	366	446	2	20	80	0.2500000
NODE_4557_length_1135_cov_34.523166	366	446	6	10	80	0.1250000
NODE_4557_length_1135_cov_34.523166	366	446	8	50	80	0.6250000
NODE_4558_length_1135_cov_20.735521	484	564	0	22	80	0.2750000
NODE_4558_length_1135_cov_20.735521	484	564	2	58	80	0.7250000
NODE_4558_length_1135_cov_20.735521	537	617	0	59	80	0.7375000
NODE_4558_length_1135_cov_20.735521	537	617	2	21	80	0.2625000
NODE_4558_length_1135_cov_20.735521	613	693	0	80	80	1.0000000
NODE_4558_length_1135_cov_20.735521	666	746	0	80	80	1.0000000
NODE_4559_length_1135_cov_9.644788	620	700	0	80	80	1.0000000
NODE_4559_length_1135_cov_9.644788	673	753	0	80	80	1.0000000
NODE_4562_length_1135_cov_2.990347	349	429	0	15	80	0.1875000
NODE_4562_length_1135_cov_2.990347	349	429	2	9	80	0.1125000
NODE_4562_length_1135_cov_2.990347	349	429	4	56	80	0.7000000
NODE_4562_length_1135_cov_2.990347	402	482	2	7	80	0.0875000
NODE_4562_length_1135_cov_2.990347	402	482	4	73	80	0.9125000
NODE_4571_length_1134_cov_34.784541	478	558	0	80	80	1.0000000
NODE_4571_length_1134_cov_34.784541	531	611	0	80	80	1.0000000
NODE_4571_length_1134_cov_34.784541	607	687	0	25	80	0.3125000
NODE_4571_length_1134_cov_34.784541	607	687	6	45	80	0.5625000
NODE_4571_length_1134_cov_34.784541	607	687	8	9	80	0.1125000
NODE_4571_length_1134_cov_34.784541	607	687	10	1	80	0.0125000
NODE_4571_length_1134_cov_34.784541	660	740	6	17	80	0.2125000
NODE_4571_length_1134_cov_34.784541	660	740	8	9	80	0.1125000
NODE_4571_length_1134_cov_34.784541	660	740	10	54	80	0.6750000
NODE_4572_length_1134_cov_28.524638	511	591	0	80	80	1.0000000
NODE_4572_length_1134_cov_28.524638	564	644	0	80	80	1.0000000
NODE_4572_length_1134_cov_28.524638	640	720	0	80	80	1.0000000
NODE_4572_length_1134_cov_28.524638	693	773	0	80	80	1.0000000
NODE_4576_length_1134_cov_2.619324	606	686	0	80	80	1.0000000
NODE_4576_length_1134_cov_2.619324	659	739	0	80	80	1.0000000
NODE_4584_length_1133_cov_5.563830	292	372	0	80	80	1.0000000
NODE_4584_length_1133_cov_5.563830	345	425	0	80	80	1.0000000
NODE_4584_length_1133_cov_5.563830	904	966	6	1	62	0.0161290
NODE_4584_length_1133_cov_5.563830	904	966	8	16	62	0.2580645
NODE_4584_length_1133_cov_5.563830	904	966	10	45	62	0.7258065
NODE_4592_length_1132_cov_23.121007	485	565	0	42	80	0.5250000
NODE_4592_length_1132_cov_23.121007	485	565	2	6	80	0.0750000
NODE_4592_length_1132_cov_23.121007	485	565	4	32	80	0.4000000
NODE_4592_length_1132_cov_23.121007	538	618	4	80	80	1.0000000
NODE_4592_length_1132_cov_23.121007	618	664	0	3	46	0.0652174
NODE_4592_length_1132_cov_23.121007	618	664	2	29	46	0.6304348
NODE_4592_length_1132_cov_23.121007	618	664	4	14	46	0.3043478
NODE_4592_length_1132_cov_23.121007	700	751	6	51	51	1.0000000
NODE_4593_length_1132_cov_19.377541	595	675	0	6	80	0.0750000
NODE_4593_length_1132_cov_19.377541	595	675	2	74	80	0.9250000
NODE_4593_length_1132_cov_19.377541	648	728	0	59	80	0.7375000
NODE_4593_length_1132_cov_19.377541	648	728	2	21	80	0.2625000
NODE_4594_length_1132_cov_18.872217	363	443	2	11	80	0.1375000
NODE_4594_length_1132_cov_18.872217	363	443	4	29	80	0.3625000
NODE_4594_length_1132_cov_18.872217	363	443	6	40	80	0.5000000
NODE_4594_length_1132_cov_18.872217	416	496	4	11	80	0.1375000
NODE_4594_length_1132_cov_18.872217	416	496	6	60	80	0.7500000
NODE_4594_length_1132_cov_18.872217	416	496	8	9	80	0.1125000
NODE_4595_length_1132_cov_11.242982	474	554	2	25	80	0.3125000
NODE_4595_length_1132_cov_11.242982	474	554	4	20	80	0.2500000
NODE_4595_length_1132_cov_11.242982	474	554	6	35	80	0.4375000
NODE_4595_length_1132_cov_11.242982	527	607	3	13	80	0.1625000
NODE_4595_length_1132_cov_11.242982	527	607	4	21	80	0.2625000
NODE_4595_length_1132_cov_11.242982	527	607	6	46	80	0.5750000
NODE_4596_length_1132_cov_7.356244	354	434	0	80	80	1.0000000
NODE_4596_length_1132_cov_7.356244	407	487	0	80	80	1.0000000
NODE_4597_length_1132_cov_6.214908	269	349	2	1	80	0.0125000
NODE_4597_length_1132_cov_6.214908	269	349	6	79	80	0.9875000
NODE_4597_length_1132_cov_6.214908	322	402	0	22	80	0.2750000
NODE_4597_length_1132_cov_6.214908	322	402	2	4	80	0.0500000
NODE_4597_length_1132_cov_6.214908	322	402	6	54	80	0.6750000
NODE_4606_length_1131_cov_36.161822	478	558	0	80	80	1.0000000
NODE_4606_length_1131_cov_36.161822	531	611	0	80	80	1.0000000
NODE_4606_length_1131_cov_36.161822	607	687	0	11	80	0.1375000
NODE_4606_length_1131_cov_36.161822	607	687	2	66	80	0.8250000
NODE_4606_length_1131_cov_36.161822	607	687	6	3	80	0.0375000
NODE_4606_length_1131_cov_36.161822	660	740	2	24	80	0.3000000
NODE_4606_length_1131_cov_36.161822	660	740	6	35	80	0.4375000
NODE_4606_length_1131_cov_36.161822	660	740	8	21	80	0.2625000
NODE_4607_length_1131_cov_31.907946	390	470	0	80	80	1.0000000
NODE_4607_length_1131_cov_31.907946	443	523	0	80	80	1.0000000
NODE_4607_length_1131_cov_31.907946	519	599	0	80	80	1.0000000
NODE_4607_length_1131_cov_31.907946	572	652	0	80	80	1.0000000
NODE_4608_length_1131_cov_26.827519	464	544	13	9	80	0.1125000
NODE_4608_length_1131_cov_26.827519	464	544	15	47	80	0.5875000
NODE_4608_length_1131_cov_26.827519	464	544	17	24	80	0.3000000
NODE_4608_length_1131_cov_26.827519	517	597	5	22	80	0.2750000
NODE_4608_length_1131_cov_26.827519	517	597	6	1	80	0.0125000
NODE_4608_length_1131_cov_26.827519	517	597	7	7	80	0.0875000
NODE_4608_length_1131_cov_26.827519	517	597	8	13	80	0.1625000
NODE_4608_length_1131_cov_26.827519	517	597	13	5	80	0.0625000
NODE_4608_length_1131_cov_26.827519	517	597	15	17	80	0.2125000
NODE_4608_length_1131_cov_26.827519	517	597	17	15	80	0.1875000
NODE_4609_length_1131_cov_20.441860	555	635	0	80	80	1.0000000
NODE_4609_length_1131_cov_20.441860	608	688	0	80	80	1.0000000
NODE_4610_length_1131_cov_12.517442	420	500	2	80	80	1.0000000
NODE_4610_length_1131_cov_12.517442	473	553	0	29	80	0.3625000
NODE_4610_length_1131_cov_12.517442	473	553	2	51	80	0.6375000
NODE_4611_length_1131_cov_10.912791	429	509	4	13	80	0.1625000
NODE_4611_length_1131_cov_10.912791	429	509	6	9	80	0.1125000
NODE_4611_length_1131_cov_10.912791	429	509	8	58	80	0.7250000
NODE_4611_length_1131_cov_10.912791	482	562	2	15	80	0.1875000
NODE_4611_length_1131_cov_10.912791	482	562	4	51	80	0.6375000
NODE_4611_length_1131_cov_10.912791	482	562	6	7	80	0.0875000
NODE_4611_length_1131_cov_10.912791	482	562	8	7	80	0.0875000
NODE_4620_length_1130_cov_43.354995	742	822	2	18	80	0.2250000
NODE_4620_length_1130_cov_43.354995	742	822	4	21	80	0.2625000
NODE_4620_length_1130_cov_43.354995	742	822	6	20	80	0.2500000
NODE_4620_length_1130_cov_43.354995	742	822	8	21	80	0.2625000
NODE_4620_length_1130_cov_43.354995	795	875	6	6	80	0.0750000
NODE_4620_length_1130_cov_43.354995	795	875	8	74	80	0.9250000
NODE_4621_length_1130_cov_13.097963	642	722	0	69	80	0.8625000
NODE_4621_length_1130_cov_13.097963	642	722	2	10	80	0.1250000
NODE_4621_length_1130_cov_13.097963	642	722	4	1	80	0.0125000
NODE_4621_length_1130_cov_13.097963	695	775	0	16	80	0.2000000
NODE_4621_length_1130_cov_13.097963	695	775	2	10	80	0.1250000
NODE_4621_length_1130_cov_13.097963	695	775	4	54	80	0.6750000
NODE_4626_length_1129_cov_31.088350	396	476	0	80	80	1.0000000
NODE_4626_length_1129_cov_31.088350	449	529	0	80	80	1.0000000
NODE_4627_length_1129_cov_20.591262	450	530	0	80	80	1.0000000
NODE_4627_length_1129_cov_20.591262	503	583	0	80	80	1.0000000
NODE_4628_length_1129_cov_16.934951	261	341	0	67	80	0.8375000
NODE_4628_length_1129_cov_16.934951	261	341	2	13	80	0.1625000
NODE_4628_length_1129_cov_16.934951	314	394	0	21	80	0.2625000
NODE_4628_length_1129_cov_16.934951	314	394	2	59	80	0.7375000
NODE_4629_length_1129_cov_9.441748	665	738	0	9	73	0.1232877
NODE_4629_length_1129_cov_9.441748	665	738	4	64	73	0.8767123
NODE_4629_length_1129_cov_9.441748	711	791	0	10	80	0.1250000
NODE_4629_length_1129_cov_9.441748	711	791	4	70	80	0.8750000
NODE_4630_length_1129_cov_9.260194	658	738	0	80	80	1.0000000
NODE_4630_length_1129_cov_9.260194	711	791	0	80	80	1.0000000
NODE_4631_length_1129_cov_5.055340	759	839	6	35	80	0.4375000
NODE_4631_length_1129_cov_5.055340	759	839	8	45	80	0.5625000
NODE_4638_length_1128_cov_48.099125	588	668	2	3	80	0.0375000
NODE_4638_length_1128_cov_48.099125	588	668	4	53	80	0.6625000
NODE_4638_length_1128_cov_48.099125	588	668	6	23	80	0.2875000
NODE_4638_length_1128_cov_48.099125	588	668	8	1	80	0.0125000
NODE_4638_length_1128_cov_48.099125	641	721	4	62	80	0.7750000
NODE_4638_length_1128_cov_48.099125	641	721	6	18	80	0.2250000
NODE_4640_length_1128_cov_26.230321	455	535	10	77	80	0.9625000
NODE_4640_length_1128_cov_26.230321	455	535	12	3	80	0.0375000
NODE_4640_length_1128_cov_26.230321	508	588	2	31	80	0.3875000
NODE_4640_length_1128_cov_26.230321	508	588	6	5	80	0.0625000
NODE_4640_length_1128_cov_26.230321	508	588	8	13	80	0.1625000
NODE_4640_length_1128_cov_26.230321	508	588	10	28	80	0.3500000
NODE_4640_length_1128_cov_26.230321	508	588	12	3	80	0.0375000
NODE_4640_length_1128_cov_26.230321	584	664	2	5	80	0.0625000
NODE_4640_length_1128_cov_26.230321	584	664	4	8	80	0.1000000
NODE_4640_length_1128_cov_26.230321	584	664	6	30	80	0.3750000
NODE_4640_length_1128_cov_26.230321	584	664	8	37	80	0.4625000
NODE_4640_length_1128_cov_26.230321	637	718	0	17	81	0.2098765
NODE_4640_length_1128_cov_26.230321	637	718	4	45	81	0.5555556
NODE_4640_length_1128_cov_26.230321	637	718	6	19	81	0.2345679
NODE_4641_length_1128_cov_26.031098	594	674	0	80	80	1.0000000
NODE_4641_length_1128_cov_26.031098	647	727	0	80	80	1.0000000
NODE_4642_length_1128_cov_25.869776	465	538	0	16	73	0.2191781
NODE_4642_length_1128_cov_25.869776	465	538	6	57	73	0.7808219
NODE_4642_length_1128_cov_25.869776	601	674	0	73	73	1.0000000
NODE_4642_length_1128_cov_25.869776	647	723	0	76	76	1.0000000
NODE_4643_length_1128_cov_24.185617	350	430	0	80	80	1.0000000
NODE_4643_length_1128_cov_24.185617	403	483	0	80	80	1.0000000
NODE_4644_length_1128_cov_18.537415	335	415	0	80	80	1.0000000
NODE_4644_length_1128_cov_18.537415	388	468	0	80	80	1.0000000
NODE_4645_length_1128_cov_9.345967	690	770	0	13	80	0.1625000
NODE_4645_length_1128_cov_9.345967	690	770	4	67	80	0.8375000
NODE_4645_length_1128_cov_9.345967	743	823	0	7	80	0.0875000
NODE_4645_length_1128_cov_9.345967	743	823	4	73	80	0.9125000
NODE_4647_length_1128_cov_3.920311	675	725	0	50	50	1.0000000
NODE_4647_length_1128_cov_3.920311	698	778	0	80	80	1.0000000
NODE_4648_length_1128_cov_3.631681	613	693	0	80	80	1.0000000
NODE_4648_length_1128_cov_3.631681	666	746	0	80	80	1.0000000
NODE_4650_length_1128_cov_3.091351	519	599	0	80	80	1.0000000
NODE_4650_length_1128_cov_3.091351	572	652	0	80	80	1.0000000
NODE_4660_length_1127_cov_38.932879	405	485	0	80	80	1.0000000
NODE_4660_length_1127_cov_38.932879	458	538	0	80	80	1.0000000
NODE_4660_length_1127_cov_38.932879	534	614	0	39	80	0.4875000
NODE_4660_length_1127_cov_38.932879	534	614	4	41	80	0.5125000
NODE_4660_length_1127_cov_38.932879	587	667	4	80	80	1.0000000
NODE_4661_length_1127_cov_37.721790	236	316	2	11	80	0.1375000
NODE_4661_length_1127_cov_37.721790	236	316	6	21	80	0.2625000
NODE_4661_length_1127_cov_37.721790	236	316	8	48	80	0.6000000
NODE_4661_length_1127_cov_37.721790	289	369	2	6	80	0.0750000
NODE_4661_length_1127_cov_37.721790	289	369	4	1	80	0.0125000
NODE_4661_length_1127_cov_37.721790	289	369	5	29	80	0.3625000
NODE_4661_length_1127_cov_37.721790	289	369	6	44	80	0.5500000
NODE_4661_length_1127_cov_37.721790	365	445	5	13	80	0.1625000
NODE_4661_length_1127_cov_37.721790	365	445	11	16	80	0.2000000
NODE_4661_length_1127_cov_37.721790	365	445	12	5	80	0.0625000
NODE_4661_length_1127_cov_37.721790	365	445	18	7	80	0.0875000
NODE_4661_length_1127_cov_37.721790	365	445	20	6	80	0.0750000
NODE_4661_length_1127_cov_37.721790	365	445	24	33	80	0.4125000
NODE_4661_length_1127_cov_37.721790	418	498	19	8	80	0.1000000
NODE_4661_length_1127_cov_37.721790	418	498	20	51	80	0.6375000
NODE_4661_length_1127_cov_37.721790	418	498	24	21	80	0.2625000
NODE_4662_length_1127_cov_31.866732	444	523	2	38	79	0.4810127
NODE_4662_length_1127_cov_31.866732	444	523	4	41	79	0.5189874
NODE_4662_length_1127_cov_31.866732	496	576	0	9	80	0.1125000
NODE_4662_length_1127_cov_31.866732	496	576	2	65	80	0.8125000
NODE_4662_length_1127_cov_31.866732	496	576	4	6	80	0.0750000
NODE_4662_length_1127_cov_31.866732	572	652	0	80	80	1.0000000
NODE_4662_length_1127_cov_31.866732	625	705	0	80	80	1.0000000
NODE_4663_length_1127_cov_25.616732	430	510	0	80	80	1.0000000
NODE_4663_length_1127_cov_25.616732	483	563	0	38	80	0.4750000
NODE_4663_length_1127_cov_25.616732	483	563	1	12	80	0.1500000
NODE_4663_length_1127_cov_25.616732	483	563	2	30	80	0.3750000
NODE_4664_length_1127_cov_21.838521	338	418	0	80	80	1.0000000
NODE_4664_length_1127_cov_21.838521	391	471	0	62	80	0.7750000
NODE_4664_length_1127_cov_21.838521	391	471	4	18	80	0.2250000
NODE_4664_length_1127_cov_21.838521	467	547	4	59	80	0.7375000
NODE_4664_length_1127_cov_21.838521	467	547	6	15	80	0.1875000
NODE_4664_length_1127_cov_21.838521	467	547	10	6	80	0.0750000
NODE_4664_length_1127_cov_21.838521	520	600	4	6	80	0.0750000
NODE_4664_length_1127_cov_21.838521	520	600	6	15	80	0.1875000
NODE_4664_length_1127_cov_21.838521	520	600	8	16	80	0.2000000
NODE_4664_length_1127_cov_21.838521	520	600	10	42	80	0.5250000
NODE_4664_length_1127_cov_21.838521	520	600	12	1	80	0.0125000
NODE_4665_length_1127_cov_15.024319	711	800	7	45	89	0.5056180
NODE_4665_length_1127_cov_15.024319	711	800	11	17	89	0.1910112
NODE_4665_length_1127_cov_15.024319	711	800	13	15	89	0.1685393
NODE_4665_length_1127_cov_15.024319	711	800	15	12	89	0.1348315
NODE_4665_length_1127_cov_15.024319	773	853	8	2	80	0.0250000
NODE_4665_length_1127_cov_15.024319	773	853	12	51	80	0.6375000
NODE_4665_length_1127_cov_15.024319	773	853	13	15	80	0.1875000
NODE_4665_length_1127_cov_15.024319	773	853	15	12	80	0.1500000
NODE_4667_length_1127_cov_4.786965	386	466	0	7	80	0.0875000
NODE_4667_length_1127_cov_4.786965	386	466	1	2	80	0.0250000
NODE_4667_length_1127_cov_4.786965	386	466	2	71	80	0.8875000
NODE_4667_length_1127_cov_4.786965	439	519	2	80	80	1.0000000
NODE_4672_length_1126_cov_51.699124	448	528	0	75	80	0.9375000
NODE_4672_length_1126_cov_51.699124	448	528	7	5	80	0.0625000
NODE_4672_length_1126_cov_51.699124	501	581	0	22	80	0.2750000
NODE_4672_length_1126_cov_51.699124	501	581	7	58	80	0.7250000
NODE_4673_length_1126_cov_38.135346	427	507	0	25	80	0.3125000
NODE_4673_length_1126_cov_38.135346	427	507	2	55	80	0.6875000
NODE_4673_length_1126_cov_38.135346	480	560	0	78	80	0.9750000
NODE_4673_length_1126_cov_38.135346	480	560	2	2	80	0.0250000
NODE_4673_length_1126_cov_38.135346	556	638	0	82	82	1.0000000
NODE_4673_length_1126_cov_38.135346	611	691	0	80	80	1.0000000
NODE_4674_length_1126_cov_34.637780	23	97	71	1	74	0.0135135
NODE_4674_length_1126_cov_34.637780	23	97	77	2	74	0.0270270
NODE_4674_length_1126_cov_34.637780	23	97	78	1	74	0.0135135
NODE_4674_length_1126_cov_34.637780	23	97	83	1	74	0.0135135
NODE_4674_length_1126_cov_34.637780	23	97	84	2	74	0.0270270
NODE_4674_length_1126_cov_34.637780	23	97	85	1	74	0.0135135
NODE_4674_length_1126_cov_34.637780	23	97	97	2	74	0.0270270
NODE_4674_length_1126_cov_34.637780	23	97	99	2	74	0.0270270
NODE_4674_length_1126_cov_34.637780	23	97	100	3	74	0.0405405
NODE_4674_length_1126_cov_34.637780	23	97	102	5	74	0.0675676
NODE_4674_length_1126_cov_34.637780	23	97	103	3	74	0.0405405
NODE_4674_length_1126_cov_34.637780	23	97	109	1	74	0.0135135
NODE_4674_length_1126_cov_34.637780	23	97	113	8	74	0.1081081
NODE_4674_length_1126_cov_34.637780	23	97	119	7	74	0.0945946
NODE_4674_length_1126_cov_34.637780	23	97	121	9	74	0.1216216
NODE_4674_length_1126_cov_34.637780	23	97	123	12	74	0.1621622
NODE_4674_length_1126_cov_34.637780	23	97	127	13	74	0.1756757
NODE_4674_length_1126_cov_34.637780	23	97	135	1	74	0.0135135
NODE_4674_length_1126_cov_34.637780	146	226	45	4	80	0.0500000
NODE_4674_length_1126_cov_34.637780	146	226	47	3	80	0.0375000
NODE_4674_length_1126_cov_34.637780	146	226	49	7	80	0.0875000
NODE_4674_length_1126_cov_34.637780	146	226	51	1	80	0.0125000
NODE_4674_length_1126_cov_34.637780	146	226	52	6	80	0.0750000
NODE_4674_length_1126_cov_34.637780	146	226	54	1	80	0.0125000
NODE_4674_length_1126_cov_34.637780	146	226	58	6	80	0.0750000
NODE_4674_length_1126_cov_34.637780	146	226	67	4	80	0.0500000
NODE_4674_length_1126_cov_34.637780	146	226	68	1	80	0.0125000
NODE_4674_length_1126_cov_34.637780	146	226	69	2	80	0.0250000
NODE_4674_length_1126_cov_34.637780	146	226	71	4	80	0.0500000
NODE_4674_length_1126_cov_34.637780	146	226	72	7	80	0.0875000
NODE_4674_length_1126_cov_34.637780	146	226	74	4	80	0.0500000
NODE_4674_length_1126_cov_34.637780	146	226	75	2	80	0.0250000
NODE_4674_length_1126_cov_34.637780	146	226	76	1	80	0.0125000
NODE_4674_length_1126_cov_34.637780	146	226	84	1	80	0.0125000
NODE_4674_length_1126_cov_34.637780	146	226	85	5	80	0.0625000
NODE_4674_length_1126_cov_34.637780	146	226	99	3	80	0.0375000
NODE_4674_length_1126_cov_34.637780	146	226	103	1	80	0.0125000
NODE_4674_length_1126_cov_34.637780	146	226	109	1	80	0.0125000
NODE_4674_length_1126_cov_34.637780	146	226	112	1	80	0.0125000
NODE_4674_length_1126_cov_34.637780	146	226	117	2	80	0.0250000
NODE_4674_length_1126_cov_34.637780	146	226	128	2	80	0.0250000
NODE_4674_length_1126_cov_34.637780	146	226	130	3	80	0.0375000
NODE_4674_length_1126_cov_34.637780	146	226	134	1	80	0.0125000
NODE_4674_length_1126_cov_34.637780	146	226	142	1	80	0.0125000
NODE_4674_length_1126_cov_34.637780	146	226	143	3	80	0.0375000
NODE_4674_length_1126_cov_34.637780	146	226	151	1	80	0.0125000
NODE_4674_length_1126_cov_34.637780	146	226	152	2	80	0.0250000
NODE_4674_length_1126_cov_34.637780	146	226	45	4	80	0.0500000
NODE_4674_length_1126_cov_34.637780	146	226	47	3	80	0.0375000
NODE_4674_length_1126_cov_34.637780	146	226	49	7	80	0.0875000
NODE_4674_length_1126_cov_34.637780	146	226	51	1	80	0.0125000
NODE_4674_length_1126_cov_34.637780	146	226	52	6	80	0.0750000
NODE_4674_length_1126_cov_34.637780	146	226	54	1	80	0.0125000
NODE_4674_length_1126_cov_34.637780	146	226	58	6	80	0.0750000
NODE_4674_length_1126_cov_34.637780	146	226	67	4	80	0.0500000
NODE_4674_length_1126_cov_34.637780	146	226	68	1	80	0.0125000
NODE_4674_length_1126_cov_34.637780	146	226	69	2	80	0.0250000
NODE_4674_length_1126_cov_34.637780	146	226	71	4	80	0.0500000
NODE_4674_length_1126_cov_34.637780	146	226	72	7	80	0.0875000
NODE_4674_length_1126_cov_34.637780	146	226	74	4	80	0.0500000
NODE_4674_length_1126_cov_34.637780	146	226	75	2	80	0.0250000
NODE_4674_length_1126_cov_34.637780	146	226	76	1	80	0.0125000
NODE_4674_length_1126_cov_34.637780	146	226	84	1	80	0.0125000
NODE_4674_length_1126_cov_34.637780	146	226	85	5	80	0.0625000
NODE_4674_length_1126_cov_34.637780	146	226	99	3	80	0.0375000
NODE_4674_length_1126_cov_34.637780	146	226	103	1	80	0.0125000
NODE_4674_length_1126_cov_34.637780	146	226	109	1	80	0.0125000
NODE_4674_length_1126_cov_34.637780	146	226	112	1	80	0.0125000
NODE_4674_length_1126_cov_34.637780	146	226	117	2	80	0.0250000
NODE_4674_length_1126_cov_34.637780	146	226	128	2	80	0.0250000
NODE_4674_length_1126_cov_34.637780	146	226	130	3	80	0.0375000
NODE_4674_length_1126_cov_34.637780	146	226	134	1	80	0.0125000
NODE_4674_length_1126_cov_34.637780	146	226	142	1	80	0.0125000
NODE_4674_length_1126_cov_34.637780	146	226	143	3	80	0.0375000
NODE_4674_length_1126_cov_34.637780	146	226	151	1	80	0.0125000
NODE_4674_length_1126_cov_34.637780	146	226	152	2	80	0.0250000
NODE_4674_length_1126_cov_34.637780	146	208	52	3	62	0.0483871
NODE_4674_length_1126_cov_34.637780	146	208	54	1	62	0.0161290
NODE_4674_length_1126_cov_34.637780	146	208	58	6	62	0.0967742
NODE_4674_length_1126_cov_34.637780	146	208	67	4	62	0.0645161
NODE_4674_length_1126_cov_34.637780	146	208	68	1	62	0.0161290
NODE_4674_length_1126_cov_34.637780	146	208	69	2	62	0.0322581
NODE_4674_length_1126_cov_34.637780	146	208	71	4	62	0.0645161
NODE_4674_length_1126_cov_34.637780	146	208	72	7	62	0.1129032
NODE_4674_length_1126_cov_34.637780	146	208	74	4	62	0.0645161
NODE_4674_length_1126_cov_34.637780	146	208	75	2	62	0.0322581
NODE_4674_length_1126_cov_34.637780	146	208	76	1	62	0.0161290
NODE_4674_length_1126_cov_34.637780	146	208	84	1	62	0.0161290
NODE_4674_length_1126_cov_34.637780	146	208	85	5	62	0.0806452
NODE_4674_length_1126_cov_34.637780	146	208	99	3	62	0.0483871
NODE_4674_length_1126_cov_34.637780	146	208	103	1	62	0.0161290
NODE_4674_length_1126_cov_34.637780	146	208	109	1	62	0.0161290
NODE_4674_length_1126_cov_34.637780	146	208	112	1	62	0.0161290
NODE_4674_length_1126_cov_34.637780	146	208	117	2	62	0.0322581
NODE_4674_length_1126_cov_34.637780	146	208	128	2	62	0.0322581
NODE_4674_length_1126_cov_34.637780	146	208	130	3	62	0.0483871
NODE_4674_length_1126_cov_34.637780	146	208	134	1	62	0.0161290
NODE_4674_length_1126_cov_34.637780	146	208	142	1	62	0.0161290
NODE_4674_length_1126_cov_34.637780	146	208	143	3	62	0.0483871
NODE_4674_length_1126_cov_34.637780	146	208	151	1	62	0.0161290
NODE_4674_length_1126_cov_34.637780	146	208	152	2	62	0.0322581
NODE_4674_length_1126_cov_34.637780	146	217	49	5	71	0.0704225
NODE_4674_length_1126_cov_34.637780	146	217	51	1	71	0.0140845
NODE_4674_length_1126_cov_34.637780	146	217	52	6	71	0.0845070
NODE_4674_length_1126_cov_34.637780	146	217	54	1	71	0.0140845
NODE_4674_length_1126_cov_34.637780	146	217	58	6	71	0.0845070
NODE_4674_length_1126_cov_34.637780	146	217	67	4	71	0.0563380
NODE_4674_length_1126_cov_34.637780	146	217	68	1	71	0.0140845
NODE_4674_length_1126_cov_34.637780	146	217	69	2	71	0.0281690
NODE_4674_length_1126_cov_34.637780	146	217	71	4	71	0.0563380
NODE_4674_length_1126_cov_34.637780	146	217	72	7	71	0.0985916
NODE_4674_length_1126_cov_34.637780	146	217	74	4	71	0.0563380
NODE_4674_length_1126_cov_34.637780	146	217	75	2	71	0.0281690
NODE_4674_length_1126_cov_34.637780	146	217	76	1	71	0.0140845
NODE_4674_length_1126_cov_34.637780	146	217	84	1	71	0.0140845
NODE_4674_length_1126_cov_34.637780	146	217	85	5	71	0.0704225
NODE_4674_length_1126_cov_34.637780	146	217	99	3	71	0.0422535
NODE_4674_length_1126_cov_34.637780	146	217	103	1	71	0.0140845
NODE_4674_length_1126_cov_34.637780	146	217	109	1	71	0.0140845
NODE_4674_length_1126_cov_34.637780	146	217	112	1	71	0.0140845
NODE_4674_length_1126_cov_34.637780	146	217	117	2	71	0.0281690
NODE_4674_length_1126_cov_34.637780	146	217	128	2	71	0.0281690
NODE_4674_length_1126_cov_34.637780	146	217	130	3	71	0.0422535
NODE_4674_length_1126_cov_34.637780	146	217	134	1	71	0.0140845
NODE_4674_length_1126_cov_34.637780	146	217	142	1	71	0.0140845
NODE_4674_length_1126_cov_34.637780	146	217	143	3	71	0.0422535
NODE_4674_length_1126_cov_34.637780	146	217	151	1	71	0.0140845
NODE_4674_length_1126_cov_34.637780	146	217	152	2	71	0.0281690
NODE_4675_length_1126_cov_21.360273	595	675	0	75	80	0.9375000
NODE_4675_length_1126_cov_21.360273	595	675	2	5	80	0.0625000
NODE_4675_length_1126_cov_21.360273	648	728	0	22	80	0.2750000
NODE_4675_length_1126_cov_21.360273	648	728	2	58	80	0.7250000
NODE_4676_length_1126_cov_17.420643	422	502	0	3	80	0.0375000
NODE_4676_length_1126_cov_17.420643	422	502	1	67	80	0.8375000
NODE_4676_length_1126_cov_17.420643	422	502	2	10	80	0.1250000
NODE_4676_length_1126_cov_17.420643	475	555	0	56	80	0.7000000
NODE_4676_length_1126_cov_17.420643	475	555	1	24	80	0.3000000
NODE_4677_length_1126_cov_15.896787	383	463	0	80	80	1.0000000
NODE_4677_length_1126_cov_15.896787	436	516	0	80	80	1.0000000
NODE_4678_length_1126_cov_8.525803	174	254	0	80	80	1.0000000
NODE_4678_length_1126_cov_8.525803	227	307	0	80	80	1.0000000
NODE_4679_length_1126_cov_5.805258	463	543	0	3	80	0.0375000
NODE_4679_length_1126_cov_5.805258	463	543	2	73	80	0.9125000
NODE_4679_length_1126_cov_5.805258	463	543	4	4	80	0.0500000
NODE_4679_length_1126_cov_5.805258	516	596	2	23	80	0.2875000
NODE_4679_length_1126_cov_5.805258	516	596	4	48	80	0.6000000
NODE_4679_length_1126_cov_5.805258	516	596	6	9	80	0.1125000
NODE_4685_length_1126_cov_1.502434	6	86	0	11	80	0.1375000
NODE_4685_length_1126_cov_1.502434	6	86	4	14	80	0.1750000
NODE_4685_length_1126_cov_1.502434	6	86	6	55	80	0.6875000
NODE_4685_length_1126_cov_1.502434	59	108	6	49	49	1.0000000
NODE_4689_length_1125_cov_34.314815	405	485	2	24	80	0.3000000
NODE_4689_length_1125_cov_34.314815	405	485	4	56	80	0.7000000
NODE_4689_length_1125_cov_34.314815	458	538	0	41	80	0.5125000
NODE_4689_length_1125_cov_34.314815	458	538	2	14	80	0.1750000
NODE_4689_length_1125_cov_34.314815	458	538	4	25	80	0.3125000
NODE_4689_length_1125_cov_34.314815	534	614	0	24	80	0.3000000
NODE_4689_length_1125_cov_34.314815	534	614	4	56	80	0.7000000
NODE_4689_length_1125_cov_34.314815	587	667	4	80	80	1.0000000
NODE_4690_length_1125_cov_33.553606	458	538	6	23	80	0.2875000
NODE_4690_length_1125_cov_33.553606	458	538	8	10	80	0.1250000
NODE_4690_length_1125_cov_33.553606	458	538	10	47	80	0.5875000
NODE_4690_length_1125_cov_33.553606	511	591	2	32	80	0.4000000
NODE_4690_length_1125_cov_33.553606	511	591	4	19	80	0.2375000
NODE_4690_length_1125_cov_33.553606	511	591	6	25	80	0.3125000
NODE_4690_length_1125_cov_33.553606	511	591	8	1	80	0.0125000
NODE_4690_length_1125_cov_33.553606	511	591	10	3	80	0.0375000
NODE_4690_length_1125_cov_33.553606	587	667	0	50	80	0.6250000
NODE_4690_length_1125_cov_33.553606	587	667	2	30	80	0.3750000
NODE_4690_length_1125_cov_33.553606	640	720	0	75	80	0.9375000
NODE_4690_length_1125_cov_33.553606	640	720	2	5	80	0.0625000
NODE_4691_length_1125_cov_33.371345	408	488	4	12	80	0.1500000
NODE_4691_length_1125_cov_33.371345	408	488	6	68	80	0.8500000
NODE_4691_length_1125_cov_33.371345	461	541	0	10	80	0.1250000
NODE_4691_length_1125_cov_33.371345	461	541	4	6	80	0.0750000
NODE_4691_length_1125_cov_33.371345	461	541	6	64	80	0.8000000
NODE_4691_length_1125_cov_33.371345	537	617	0	16	80	0.2000000
NODE_4691_length_1125_cov_33.371345	537	617	2	1	80	0.0125000
NODE_4691_length_1125_cov_33.371345	537	617	3	1	80	0.0125000
NODE_4691_length_1125_cov_33.371345	537	617	4	15	80	0.1875000
NODE_4691_length_1125_cov_33.371345	537	617	6	18	80	0.2250000
NODE_4691_length_1125_cov_33.371345	537	617	8	29	80	0.3625000
NODE_4691_length_1125_cov_33.371345	590	670	2	10	80	0.1250000
NODE_4691_length_1125_cov_33.371345	590	670	4	1	80	0.0125000
NODE_4691_length_1125_cov_33.371345	590	670	6	10	80	0.1250000
NODE_4691_length_1125_cov_33.371345	590	670	8	59	80	0.7375000
NODE_4692_length_1125_cov_22.580897	279	359	0	7	80	0.0875000
NODE_4692_length_1125_cov_22.580897	279	359	3	1	80	0.0125000
NODE_4692_length_1125_cov_22.580897	279	359	4	72	80	0.9000000
NODE_4692_length_1125_cov_22.580897	332	412	0	19	80	0.2375000
NODE_4692_length_1125_cov_22.580897	332	412	4	61	80	0.7625000
NODE_4692_length_1125_cov_22.580897	408	488	0	27	80	0.3375000
NODE_4692_length_1125_cov_22.580897	408	488	2	53	80	0.6625000
NODE_4692_length_1125_cov_22.580897	461	541	0	22	80	0.2750000
NODE_4692_length_1125_cov_22.580897	461	541	2	58	80	0.7250000
NODE_4705_length_1124_cov_52.278049	616	696	0	4	80	0.0500000
NODE_4705_length_1124_cov_52.278049	616	696	3	1	80	0.0125000
NODE_4705_length_1124_cov_52.278049	616	696	4	75	80	0.9375000
NODE_4705_length_1124_cov_52.278049	669	749	0	2	80	0.0250000
NODE_4705_length_1124_cov_52.278049	669	749	2	49	80	0.6125000
NODE_4705_length_1124_cov_52.278049	669	749	4	29	80	0.3625000
NODE_4706_length_1124_cov_25.280000	444	524	0	58	80	0.7250000
NODE_4706_length_1124_cov_25.280000	444	524	2	22	80	0.2750000
NODE_4706_length_1124_cov_25.280000	497	577	0	5	80	0.0625000
NODE_4706_length_1124_cov_25.280000	497	577	2	65	80	0.8125000
NODE_4706_length_1124_cov_25.280000	497	577	4	4	80	0.0500000
NODE_4706_length_1124_cov_25.280000	497	577	6	6	80	0.0750000
NODE_4706_length_1124_cov_25.280000	573	653	3	42	80	0.5250000
NODE_4706_length_1124_cov_25.280000	573	653	4	38	80	0.4750000
NODE_4706_length_1124_cov_25.280000	626	706	0	9	80	0.1125000
NODE_4706_length_1124_cov_25.280000	626	706	3	71	80	0.8875000
NODE_4707_length_1124_cov_18.700488	114	194	0	80	80	1.0000000
NODE_4707_length_1124_cov_18.700488	167	247	0	80	80	1.0000000
NODE_4717_length_1123_cov_26.445312	388	468	0	80	80	1.0000000
NODE_4717_length_1123_cov_26.445312	441	521	0	80	80	1.0000000
NODE_4717_length_1123_cov_26.445312	517	597	0	47	80	0.5875000
NODE_4717_length_1123_cov_26.445312	517	597	2	33	80	0.4125000
NODE_4717_length_1123_cov_26.445312	570	650	2	80	80	1.0000000
NODE_4718_length_1123_cov_18.677734	522	602	0	80	80	1.0000000
NODE_4718_length_1123_cov_18.677734	575	655	0	55	80	0.6875000
NODE_4718_length_1123_cov_18.677734	575	655	2	25	80	0.3125000
NODE_4718_length_1123_cov_18.677734	651	731	2	80	80	1.0000000
NODE_4718_length_1123_cov_18.677734	704	784	0	44	80	0.5500000
NODE_4718_length_1123_cov_18.677734	704	784	2	36	80	0.4500000
NODE_4728_length_1122_cov_38.688172	295	375	0	80	80	1.0000000
NODE_4728_length_1122_cov_38.688172	348	428	0	68	80	0.8500000
NODE_4728_length_1122_cov_38.688172	348	428	2	12	80	0.1500000
NODE_4728_length_1122_cov_38.688172	424	504	2	80	80	1.0000000
NODE_4728_length_1122_cov_38.688172	477	557	0	5	80	0.0625000
NODE_4728_length_1122_cov_38.688172	477	557	2	75	80	0.9375000
NODE_4729_length_1122_cov_32.827957	232	312	0	80	80	1.0000000
NODE_4729_length_1122_cov_32.827957	285	365	0	80	80	1.0000000
NODE_4729_length_1122_cov_32.827957	361	441	0	28	80	0.3500000
NODE_4729_length_1122_cov_32.827957	361	441	1	52	80	0.6500000
NODE_4729_length_1122_cov_32.827957	414	494	1	27	80	0.3375000
NODE_4729_length_1122_cov_32.827957	414	494	2	53	80	0.6625000
NODE_4730_length_1122_cov_12.574780	396	476	0	80	80	1.0000000
NODE_4730_length_1122_cov_12.574780	449	529	0	80	80	1.0000000
NODE_4730_length_1122_cov_12.574780	525	605	0	80	80	1.0000000
NODE_4730_length_1122_cov_12.574780	578	658	0	80	80	1.0000000
NODE_4731_length_1122_cov_8.582600	586	666	0	80	80	1.0000000
NODE_4731_length_1122_cov_8.582600	639	719	0	80	80	1.0000000
NODE_4733_length_1122_cov_3.714565	284	364	0	32	80	0.4000000
NODE_4733_length_1122_cov_3.714565	284	364	2	48	80	0.6000000
NODE_4733_length_1122_cov_3.714565	337	417	2	80	80	1.0000000
NODE_4738_length_1122_cov_1.757576	25	87	0	62	62	1.0000000
NODE_4742_length_1121_cov_39.595890	507	587	0	13	80	0.1625000
NODE_4742_length_1121_cov_39.595890	507	587	4	14	80	0.1750000
NODE_4742_length_1121_cov_39.595890	507	587	6	53	80	0.6625000
NODE_4742_length_1121_cov_39.595890	560	640	0	15	80	0.1875000
NODE_4742_length_1121_cov_39.595890	560	640	2	16	80	0.2000000
NODE_4742_length_1121_cov_39.595890	560	640	6	49	80	0.6125000
NODE_4742_length_1121_cov_39.595890	636	716	0	80	80	1.0000000
NODE_4742_length_1121_cov_39.595890	689	769	0	80	80	1.0000000
NODE_4743_length_1121_cov_23.832681	525	605	0	18	80	0.2250000
NODE_4743_length_1121_cov_23.832681	525	605	2	10	80	0.1250000
NODE_4743_length_1121_cov_23.832681	525	605	4	18	80	0.2250000
NODE_4743_length_1121_cov_23.832681	525	605	6	23	80	0.2875000
NODE_4743_length_1121_cov_23.832681	525	605	8	11	80	0.1375000
NODE_4743_length_1121_cov_23.832681	578	658	6	25	80	0.3125000
NODE_4743_length_1121_cov_23.832681	578	658	8	55	80	0.6875000
NODE_4744_length_1121_cov_18.033268	1	42	0	41	41	1.0000000
NODE_4744_length_1121_cov_18.033268	671	751	0	80	80	1.0000000
NODE_4744_length_1121_cov_18.033268	724	804	0	78	80	0.9750000
NODE_4744_length_1121_cov_18.033268	724	804	2	2	80	0.0250000
NODE_4745_length_1121_cov_8.633072	610	690	0	80	80	1.0000000
NODE_4745_length_1121_cov_8.633072	663	743	0	80	80	1.0000000
NODE_4751_length_1120_cov_34.281097	377	457	0	80	80	1.0000000
NODE_4751_length_1120_cov_34.281097	430	510	0	80	80	1.0000000
NODE_4751_length_1120_cov_34.281097	506	586	0	80	80	1.0000000
NODE_4751_length_1120_cov_34.281097	559	639	0	80	80	1.0000000
NODE_4752_length_1120_cov_31.468168	401	481	6	25	80	0.3125000
NODE_4752_length_1120_cov_31.468168	401	481	9	55	80	0.6875000
NODE_4752_length_1120_cov_31.468168	454	534	0	44	80	0.5500000
NODE_4752_length_1120_cov_31.468168	454	534	6	34	80	0.4250000
NODE_4752_length_1120_cov_31.468168	454	534	9	2	80	0.0250000
NODE_4752_length_1120_cov_31.468168	530	610	0	6	80	0.0750000
NODE_4752_length_1120_cov_31.468168	530	610	2	28	80	0.3500000
NODE_4752_length_1120_cov_31.468168	530	610	4	37	80	0.4625000
NODE_4752_length_1120_cov_31.468168	530	610	12	9	80	0.1125000
NODE_4752_length_1120_cov_31.468168	583	663	4	18	80	0.2250000
NODE_4752_length_1120_cov_31.468168	583	663	10	18	80	0.2250000
NODE_4752_length_1120_cov_31.468168	583	663	12	29	80	0.3625000
NODE_4752_length_1120_cov_31.468168	583	663	14	15	80	0.1875000
NODE_4753_length_1120_cov_28.182174	418	498	0	26	80	0.3250000
NODE_4753_length_1120_cov_28.182174	418	498	2	54	80	0.6750000
NODE_4753_length_1120_cov_28.182174	471	551	0	16	80	0.2000000
NODE_4753_length_1120_cov_28.182174	471	551	2	64	80	0.8000000
NODE_4754_length_1120_cov_25.423115	405	485	0	80	80	1.0000000
NODE_4754_length_1120_cov_25.423115	458	538	0	80	80	1.0000000
NODE_4754_length_1120_cov_25.423115	534	614	0	22	80	0.2750000
NODE_4754_length_1120_cov_25.423115	534	614	2	34	80	0.4250000
NODE_4754_length_1120_cov_25.423115	534	614	8	24	80	0.3000000
NODE_4754_length_1120_cov_25.423115	587	667	2	3	80	0.0375000
NODE_4754_length_1120_cov_25.423115	587	667	6	16	80	0.2000000
NODE_4754_length_1120_cov_25.423115	587	667	8	61	80	0.7625000
NODE_4755_length_1120_cov_24.441724	589	662	4	17	73	0.2328767
NODE_4755_length_1120_cov_24.441724	589	662	6	12	73	0.1643836
NODE_4755_length_1120_cov_24.441724	589	662	10	44	73	0.6027398
NODE_4755_length_1120_cov_24.441724	636	716	0	36	80	0.4500000
NODE_4755_length_1120_cov_24.441724	636	716	4	35	80	0.4375000
NODE_4755_length_1120_cov_24.441724	636	716	6	9	80	0.1125000
NODE_4756_length_1120_cov_18.966699	406	486	0	28	80	0.3500000
NODE_4756_length_1120_cov_18.966699	406	486	4	52	80	0.6500000
NODE_4756_length_1120_cov_18.966699	459	539	0	80	80	1.0000000
NODE_4757_length_1120_cov_16.136141	508	588	0	80	80	1.0000000
NODE_4757_length_1120_cov_16.136141	561	641	0	80	80	1.0000000
NODE_4758_length_1120_cov_15.492654	460	540	0	80	80	1.0000000
NODE_4758_length_1120_cov_15.492654	460	540	0	80	80	1.0000000
NODE_4758_length_1120_cov_15.492654	513	593	0	80	80	1.0000000
NODE_4759_length_1120_cov_8.696376	646	726	1	6	80	0.0750000
NODE_4759_length_1120_cov_8.696376	646	726	2	74	80	0.9250000
NODE_4759_length_1120_cov_8.696376	699	779	0	35	80	0.4375000
NODE_4759_length_1120_cov_8.696376	699	779	1	24	80	0.3000000
NODE_4759_length_1120_cov_8.696376	699	779	2	21	80	0.2625000
NODE_4760_length_1120_cov_7.916748	304	384	0	80	80	1.0000000
NODE_4760_length_1120_cov_7.916748	357	437	0	80	80	1.0000000
NODE_4772_length_1119_cov_32.617647	425	505	0	3	80	0.0375000
NODE_4772_length_1119_cov_32.617647	425	505	2	19	80	0.2375000
NODE_4772_length_1119_cov_32.617647	425	505	4	58	80	0.7250000
NODE_4772_length_1119_cov_32.617647	478	558	0	37	80	0.4625000
NODE_4772_length_1119_cov_32.617647	478	558	2	21	80	0.2625000
NODE_4772_length_1119_cov_32.617647	478	558	4	22	80	0.2750000
NODE_4773_length_1119_cov_24.944118	455	535	2	6	80	0.0750000
NODE_4773_length_1119_cov_24.944118	455	535	4	66	80	0.8250000
NODE_4773_length_1119_cov_24.944118	455	535	6	8	80	0.1000000
NODE_4773_length_1119_cov_24.944118	508	588	0	18	80	0.2250000
NODE_4773_length_1119_cov_24.944118	508	588	2	41	80	0.5125000
NODE_4773_length_1119_cov_24.944118	508	588	4	19	80	0.2375000
NODE_4773_length_1119_cov_24.944118	508	588	6	2	80	0.0250000
NODE_4774_length_1119_cov_22.214706	614	694	8	80	80	1.0000000
NODE_4774_length_1119_cov_22.214706	667	747	0	10	80	0.1250000
NODE_4774_length_1119_cov_22.214706	667	747	8	70	80	0.8750000
NODE_4775_length_1119_cov_21.115686	431	511	2	5	80	0.0625000
NODE_4775_length_1119_cov_21.115686	431	511	4	12	80	0.1500000
NODE_4775_length_1119_cov_21.115686	431	511	6	63	80	0.7875000
NODE_4775_length_1119_cov_21.115686	484	564	2	5	80	0.0625000
NODE_4775_length_1119_cov_21.115686	484	564	4	22	80	0.2750000
NODE_4775_length_1119_cov_21.115686	484	564	6	53	80	0.6625000
NODE_4777_length_1119_cov_11.895098	565	645	0	80	80	1.0000000
NODE_4777_length_1119_cov_11.895098	618	698	0	80	80	1.0000000
NODE_4782_length_1119_cov_2.783333	37	99	0	62	62	1.0000000
NODE_4789_length_1118_cov_35.214917	555	635	0	80	80	1.0000000
NODE_4789_length_1118_cov_35.214917	608	688	0	32	80	0.4000000
NODE_4789_length_1118_cov_35.214917	608	688	2	1	80	0.0125000
NODE_4789_length_1118_cov_35.214917	608	688	5	28	80	0.3500000
NODE_4789_length_1118_cov_35.214917	608	688	6	1	80	0.0125000
NODE_4789_length_1118_cov_35.214917	608	688	8	18	80	0.2250000
NODE_4789_length_1118_cov_35.214917	684	764	8	80	80	1.0000000
NODE_4789_length_1118_cov_35.214917	737	817	3	26	80	0.3250000
NODE_4789_length_1118_cov_35.214917	737	817	5	1	80	0.0125000
NODE_4789_length_1118_cov_35.214917	737	817	6	16	80	0.2000000
NODE_4789_length_1118_cov_35.214917	737	817	8	37	80	0.4625000
NODE_4790_length_1118_cov_23.114818	602	682	0	80	80	1.0000000
NODE_4790_length_1118_cov_23.114818	655	735	0	73	80	0.9125000
NODE_4790_length_1118_cov_23.114818	655	735	2	7	80	0.0875000
NODE_4790_length_1118_cov_23.114818	731	811	2	61	80	0.7625000
NODE_4790_length_1118_cov_23.114818	731	811	4	19	80	0.2375000
NODE_4790_length_1118_cov_23.114818	784	864	2	8	80	0.1000000
NODE_4790_length_1118_cov_23.114818	784	864	4	72	80	0.9000000
NODE_4791_length_1118_cov_18.293425	388	463	0	27	75	0.3600000
NODE_4791_length_1118_cov_18.293425	388	463	7	1	75	0.0133333
NODE_4791_length_1118_cov_18.293425	388	463	8	47	75	0.6266667
NODE_4791_length_1118_cov_18.293425	436	516	8	80	80	1.0000000
NODE_4791_length_1118_cov_18.293425	512	592	0	48	80	0.6000000
NODE_4791_length_1118_cov_18.293425	512	592	8	32	80	0.4000000
NODE_4791_length_1118_cov_18.293425	565	645	0	80	80	1.0000000
NODE_4792_length_1118_cov_17.228656	480	560	2	31	80	0.3875000
NODE_4792_length_1118_cov_17.228656	480	560	6	24	80	0.3000000
NODE_4792_length_1118_cov_17.228656	480	560	7	1	80	0.0125000
NODE_4792_length_1118_cov_17.228656	480	560	8	24	80	0.3000000
NODE_4792_length_1118_cov_17.228656	533	613	4	37	80	0.4625000
NODE_4792_length_1118_cov_17.228656	533	613	6	10	80	0.1250000
NODE_4792_length_1118_cov_17.228656	533	613	7	1	80	0.0125000
NODE_4792_length_1118_cov_17.228656	533	613	8	32	80	0.4000000
NODE_4794_length_1118_cov_14.299313	468	548	2	80	80	1.0000000
NODE_4794_length_1118_cov_14.299313	521	601	0	40	80	0.5000000
NODE_4794_length_1118_cov_14.299313	521	601	2	40	80	0.5000000
NODE_4795_length_1118_cov_10.203140	306	386	2	80	80	1.0000000
NODE_4795_length_1118_cov_10.203140	359	439	2	80	80	1.0000000
NODE_4795_length_1118_cov_10.203140	435	515	0	75	80	0.9375000
NODE_4795_length_1118_cov_10.203140	435	515	2	5	80	0.0625000
NODE_4795_length_1118_cov_10.203140	488	568	0	80	80	1.0000000
NODE_4796_length_1118_cov_2.885182	471	551	0	80	80	1.0000000
NODE_4796_length_1118_cov_2.885182	524	604	0	80	80	1.0000000
NODE_4805_length_1117_cov_19.425344	541	621	0	28	80	0.3500000
NODE_4805_length_1117_cov_19.425344	541	621	2	9	80	0.1125000
NODE_4805_length_1117_cov_19.425344	541	621	4	3	80	0.0375000
NODE_4805_length_1117_cov_19.425344	541	621	6	40	80	0.5000000
NODE_4805_length_1117_cov_19.425344	594	674	0	80	80	1.0000000
NODE_4806_length_1117_cov_16.386051	385	465	0	53	80	0.6625000
NODE_4806_length_1117_cov_16.386051	385	465	2	27	80	0.3375000
NODE_4806_length_1117_cov_16.386051	438	518	2	80	80	1.0000000
NODE_4807_length_1117_cov_10.353635	294	374	6	14	80	0.1750000
NODE_4807_length_1117_cov_10.353635	294	374	8	7	80	0.0875000
NODE_4807_length_1117_cov_10.353635	294	374	10	59	80	0.7375000
NODE_4807_length_1117_cov_10.353635	347	427	0	1	80	0.0125000
NODE_4807_length_1117_cov_10.353635	347	427	2	6	80	0.0750000
NODE_4807_length_1117_cov_10.353635	347	427	5	8	80	0.1000000
NODE_4807_length_1117_cov_10.353635	347	427	7	22	80	0.2750000
NODE_4807_length_1117_cov_10.353635	347	427	10	43	80	0.5375000
NODE_4808_length_1117_cov_7.492141	417	497	0	16	80	0.2000000
NODE_4808_length_1117_cov_7.492141	417	497	2	64	80	0.8000000
NODE_4808_length_1117_cov_7.492141	470	550	0	5	80	0.0625000
NODE_4808_length_1117_cov_7.492141	470	550	2	75	80	0.9375000
NODE_4812_length_1117_cov_3.225933	666	728	0	62	62	1.0000000
NODE_4819_length_1116_cov_30.106195	457	537	2	6	80	0.0750000
NODE_4819_length_1116_cov_30.106195	457	537	7	4	80	0.0500000
NODE_4819_length_1116_cov_30.106195	457	537	8	53	80	0.6625000
NODE_4819_length_1116_cov_30.106195	457	537	13	17	80	0.2125000
NODE_4819_length_1116_cov_30.106195	510	590	2	59	80	0.7375000
NODE_4819_length_1116_cov_30.106195	510	590	7	2	80	0.0250000
NODE_4819_length_1116_cov_30.106195	510	590	8	19	80	0.2375000
NODE_4820_length_1116_cov_25.518191	831	911	0	80	80	1.0000000
NODE_4820_length_1116_cov_25.518191	884	964	0	80	80	1.0000000
NODE_4821_length_1116_cov_20.629302	500	580	3	6	80	0.0750000
NODE_4821_length_1116_cov_20.629302	500	580	7	1	80	0.0125000
NODE_4821_length_1116_cov_20.629302	500	580	10	20	80	0.2500000
NODE_4821_length_1116_cov_20.629302	500	580	12	18	80	0.2250000
NODE_4821_length_1116_cov_20.629302	500	580	18	35	80	0.4375000
NODE_4821_length_1116_cov_20.629302	553	633	12	13	80	0.1625000
NODE_4821_length_1116_cov_20.629302	553	633	14	17	80	0.2125000
NODE_4821_length_1116_cov_20.629302	553	633	18	50	80	0.6250000
NODE_4822_length_1116_cov_16.723697	345	425	0	80	80	1.0000000
NODE_4822_length_1116_cov_16.723697	398	478	0	80	80	1.0000000
NODE_4823_length_1116_cov_16.046214	735	815	8	12	80	0.1500000
NODE_4823_length_1116_cov_16.046214	735	815	10	68	80	0.8500000
NODE_4823_length_1116_cov_16.046214	788	868	0	44	80	0.5500000
NODE_4823_length_1116_cov_16.046214	788	868	8	21	80	0.2625000
NODE_4823_length_1116_cov_16.046214	788	868	10	15	80	0.1875000
NODE_4828_length_1116_cov_1.379548	800	880	2	52	80	0.6500000
NODE_4828_length_1116_cov_1.379548	800	880	4	23	80	0.2875000
NODE_4828_length_1116_cov_1.379548	800	880	6	5	80	0.0625000
NODE_4828_length_1116_cov_1.379548	853	933	4	75	80	0.9375000
NODE_4828_length_1116_cov_1.379548	853	933	6	5	80	0.0625000
NODE_4832_length_1115_cov_30.584646	549	629	0	25	80	0.3125000
NODE_4832_length_1115_cov_30.584646	549	629	2	24	80	0.3000000
NODE_4832_length_1115_cov_30.584646	549	629	6	24	80	0.3000000
NODE_4832_length_1115_cov_30.584646	549	629	8	7	80	0.0875000
NODE_4832_length_1115_cov_30.584646	602	682	6	28	80	0.3500000
NODE_4832_length_1115_cov_30.584646	602	682	8	52	80	0.6500000
NODE_4833_length_1115_cov_15.871063	454	534	2	18	80	0.2250000
NODE_4833_length_1115_cov_15.871063	454	534	4	31	80	0.3875000
NODE_4833_length_1115_cov_15.871063	454	534	6	31	80	0.3875000
NODE_4833_length_1115_cov_15.871063	507	587	3	14	80	0.1750000
NODE_4833_length_1115_cov_15.871063	507	587	4	29	80	0.3625000
NODE_4833_length_1115_cov_15.871063	507	587	5	11	80	0.1375000
NODE_4833_length_1115_cov_15.871063	507	587	6	26	80	0.3250000
NODE_4833_length_1115_cov_15.871063	583	663	4	67	80	0.8375000
NODE_4833_length_1115_cov_15.871063	583	663	6	13	80	0.1625000
NODE_4833_length_1115_cov_15.871063	636	716	1	4	80	0.0500000
NODE_4833_length_1115_cov_15.871063	636	716	2	37	80	0.4625000
NODE_4833_length_1115_cov_15.871063	636	716	4	39	80	0.4875000
NODE_4840_length_1114_cov_20.633498	1034	1114	50	1	80	0.0125000
NODE_4840_length_1114_cov_20.633498	1034	1114	52	4	80	0.0500000
NODE_4840_length_1114_cov_20.633498	1034	1114	61	8	80	0.1000000
NODE_4840_length_1114_cov_20.633498	1034	1114	67	1	80	0.0125000
NODE_4840_length_1114_cov_20.633498	1034	1114	69	3	80	0.0375000
NODE_4840_length_1114_cov_20.633498	1034	1114	71	16	80	0.2000000
NODE_4840_length_1114_cov_20.633498	1034	1114	75	11	80	0.1375000
NODE_4840_length_1114_cov_20.633498	1034	1114	76	5	80	0.0625000
NODE_4840_length_1114_cov_20.633498	1034	1114	87	2	80	0.0250000
NODE_4840_length_1114_cov_20.633498	1034	1114	88	1	80	0.0125000
NODE_4840_length_1114_cov_20.633498	1034	1114	89	1	80	0.0125000
NODE_4840_length_1114_cov_20.633498	1034	1114	91	5	80	0.0625000
NODE_4840_length_1114_cov_20.633498	1034	1114	92	8	80	0.1000000
NODE_4840_length_1114_cov_20.633498	1034	1114	93	5	80	0.0625000
NODE_4840_length_1114_cov_20.633498	1034	1114	94	7	80	0.0875000
NODE_4840_length_1114_cov_20.633498	1034	1114	95	2	80	0.0250000
NODE_4840_length_1114_cov_20.633498	1034	1114	50	1	80	0.0125000
NODE_4840_length_1114_cov_20.633498	1034	1114	52	4	80	0.0500000
NODE_4840_length_1114_cov_20.633498	1034	1114	61	8	80	0.1000000
NODE_4840_length_1114_cov_20.633498	1034	1114	67	1	80	0.0125000
NODE_4840_length_1114_cov_20.633498	1034	1114	69	3	80	0.0375000
NODE_4840_length_1114_cov_20.633498	1034	1114	71	16	80	0.2000000
NODE_4840_length_1114_cov_20.633498	1034	1114	75	11	80	0.1375000
NODE_4840_length_1114_cov_20.633498	1034	1114	76	5	80	0.0625000
NODE_4840_length_1114_cov_20.633498	1034	1114	87	2	80	0.0250000
NODE_4840_length_1114_cov_20.633498	1034	1114	88	1	80	0.0125000
NODE_4840_length_1114_cov_20.633498	1034	1114	89	1	80	0.0125000
NODE_4840_length_1114_cov_20.633498	1034	1114	91	5	80	0.0625000
NODE_4840_length_1114_cov_20.633498	1034	1114	92	8	80	0.1000000
NODE_4840_length_1114_cov_20.633498	1034	1114	93	5	80	0.0625000
NODE_4840_length_1114_cov_20.633498	1034	1114	94	7	80	0.0875000
NODE_4840_length_1114_cov_20.633498	1034	1114	95	2	80	0.0250000
NODE_4840_length_1114_cov_20.633498	1034	1114	50	1	80	0.0125000
NODE_4840_length_1114_cov_20.633498	1034	1114	52	4	80	0.0500000
NODE_4840_length_1114_cov_20.633498	1034	1114	61	8	80	0.1000000
NODE_4840_length_1114_cov_20.633498	1034	1114	67	1	80	0.0125000
NODE_4840_length_1114_cov_20.633498	1034	1114	69	3	80	0.0375000
NODE_4840_length_1114_cov_20.633498	1034	1114	71	16	80	0.2000000
NODE_4840_length_1114_cov_20.633498	1034	1114	75	11	80	0.1375000
NODE_4840_length_1114_cov_20.633498	1034	1114	76	5	80	0.0625000
NODE_4840_length_1114_cov_20.633498	1034	1114	87	2	80	0.0250000
NODE_4840_length_1114_cov_20.633498	1034	1114	88	1	80	0.0125000
NODE_4840_length_1114_cov_20.633498	1034	1114	89	1	80	0.0125000
NODE_4840_length_1114_cov_20.633498	1034	1114	91	5	80	0.0625000
NODE_4840_length_1114_cov_20.633498	1034	1114	92	8	80	0.1000000
NODE_4840_length_1114_cov_20.633498	1034	1114	93	5	80	0.0625000
NODE_4840_length_1114_cov_20.633498	1034	1114	94	7	80	0.0875000
NODE_4840_length_1114_cov_20.633498	1034	1114	95	2	80	0.0250000
NODE_4840_length_1114_cov_20.633498	1034	1114	50	1	80	0.0125000
NODE_4840_length_1114_cov_20.633498	1034	1114	52	4	80	0.0500000
NODE_4840_length_1114_cov_20.633498	1034	1114	61	8	80	0.1000000
NODE_4840_length_1114_cov_20.633498	1034	1114	67	1	80	0.0125000
NODE_4840_length_1114_cov_20.633498	1034	1114	69	3	80	0.0375000
NODE_4840_length_1114_cov_20.633498	1034	1114	71	16	80	0.2000000
NODE_4840_length_1114_cov_20.633498	1034	1114	75	11	80	0.1375000
NODE_4840_length_1114_cov_20.633498	1034	1114	76	5	80	0.0625000
NODE_4840_length_1114_cov_20.633498	1034	1114	87	2	80	0.0250000
NODE_4840_length_1114_cov_20.633498	1034	1114	88	1	80	0.0125000
NODE_4840_length_1114_cov_20.633498	1034	1114	89	1	80	0.0125000
NODE_4840_length_1114_cov_20.633498	1034	1114	91	5	80	0.0625000
NODE_4840_length_1114_cov_20.633498	1034	1114	92	8	80	0.1000000
NODE_4840_length_1114_cov_20.633498	1034	1114	93	5	80	0.0625000
NODE_4840_length_1114_cov_20.633498	1034	1114	94	7	80	0.0875000
NODE_4840_length_1114_cov_20.633498	1034	1114	95	2	80	0.0250000
NODE_4840_length_1114_cov_20.633498	1034	1114	50	1	80	0.0125000
NODE_4840_length_1114_cov_20.633498	1034	1114	52	4	80	0.0500000
NODE_4840_length_1114_cov_20.633498	1034	1114	61	8	80	0.1000000
NODE_4840_length_1114_cov_20.633498	1034	1114	67	1	80	0.0125000
NODE_4840_length_1114_cov_20.633498	1034	1114	69	3	80	0.0375000
NODE_4840_length_1114_cov_20.633498	1034	1114	71	16	80	0.2000000
NODE_4840_length_1114_cov_20.633498	1034	1114	75	11	80	0.1375000
NODE_4840_length_1114_cov_20.633498	1034	1114	76	5	80	0.0625000
NODE_4840_length_1114_cov_20.633498	1034	1114	87	2	80	0.0250000
NODE_4840_length_1114_cov_20.633498	1034	1114	88	1	80	0.0125000
NODE_4840_length_1114_cov_20.633498	1034	1114	89	1	80	0.0125000
NODE_4840_length_1114_cov_20.633498	1034	1114	91	5	80	0.0625000
NODE_4840_length_1114_cov_20.633498	1034	1114	92	8	80	0.1000000
NODE_4840_length_1114_cov_20.633498	1034	1114	93	5	80	0.0625000
NODE_4840_length_1114_cov_20.633498	1034	1114	94	7	80	0.0875000
NODE_4840_length_1114_cov_20.633498	1034	1114	95	2	80	0.0250000
NODE_4840_length_1114_cov_20.633498	1043	1114	50	1	71	0.0140845
NODE_4840_length_1114_cov_20.633498	1043	1114	52	4	71	0.0563380
NODE_4840_length_1114_cov_20.633498	1043	1114	61	8	71	0.1126761
NODE_4840_length_1114_cov_20.633498	1043	1114	67	1	71	0.0140845
NODE_4840_length_1114_cov_20.633498	1043	1114	69	3	71	0.0422535
NODE_4840_length_1114_cov_20.633498	1043	1114	71	16	71	0.2253521
NODE_4840_length_1114_cov_20.633498	1043	1114	75	11	71	0.1549296
NODE_4840_length_1114_cov_20.633498	1043	1114	76	5	71	0.0704225
NODE_4840_length_1114_cov_20.633498	1043	1114	87	2	71	0.0281690
NODE_4840_length_1114_cov_20.633498	1043	1114	88	1	71	0.0140845
NODE_4840_length_1114_cov_20.633498	1043	1114	89	1	71	0.0140845
NODE_4840_length_1114_cov_20.633498	1043	1114	91	5	71	0.0704225
NODE_4840_length_1114_cov_20.633498	1043	1114	92	8	71	0.1126761
NODE_4840_length_1114_cov_20.633498	1043	1114	93	5	71	0.0704225
NODE_4841_length_1114_cov_17.383251	516	601	2	48	85	0.5647059
NODE_4841_length_1114_cov_17.383251	516	601	4	37	85	0.4352941
NODE_4841_length_1114_cov_17.383251	574	653	2	46	79	0.5822785
NODE_4841_length_1114_cov_17.383251	574	653	4	33	79	0.4177215
NODE_4841_length_1114_cov_17.383251	649	729	4	80	80	1.0000000
NODE_4841_length_1114_cov_17.383251	702	782	2	52	80	0.6500000
NODE_4841_length_1114_cov_17.383251	702	782	4	28	80	0.3500000
NODE_4842_length_1114_cov_5.562562	563	643	0	80	80	1.0000000
NODE_4842_length_1114_cov_5.562562	616	696	0	80	80	1.0000000
NODE_4847_length_1113_cov_51.988166	343	423	4	80	80	1.0000000
NODE_4847_length_1113_cov_51.988166	396	476	2	45	80	0.5625000
NODE_4847_length_1113_cov_51.988166	396	476	4	35	80	0.4375000
NODE_4847_length_1113_cov_51.988166	472	552	0	17	80	0.2125000
NODE_4847_length_1113_cov_51.988166	472	552	2	63	80	0.7875000
NODE_4847_length_1113_cov_51.988166	525	605	0	70	80	0.8750000
NODE_4847_length_1113_cov_51.988166	525	605	2	10	80	0.1250000
NODE_4848_length_1113_cov_35.005917	359	439	0	21	80	0.2625000
NODE_4848_length_1113_cov_35.005917	359	439	2	59	80	0.7375000
NODE_4848_length_1113_cov_35.005917	412	492	2	80	80	1.0000000
NODE_4849_length_1113_cov_28.106509	570	650	0	80	80	1.0000000
NODE_4849_length_1113_cov_28.106509	623	703	0	80	80	1.0000000
NODE_4849_length_1113_cov_28.106509	699	779	0	80	80	1.0000000
NODE_4849_length_1113_cov_28.106509	752	832	0	48	80	0.6000000
NODE_4849_length_1113_cov_28.106509	752	832	2	32	80	0.4000000
NODE_4850_length_1113_cov_18.636095	512	592	0	45	80	0.5625000
NODE_4850_length_1113_cov_18.636095	512	592	1	12	80	0.1500000
NODE_4850_length_1113_cov_18.636095	512	592	3	1	80	0.0125000
NODE_4850_length_1113_cov_18.636095	512	592	4	22	80	0.2750000
NODE_4850_length_1113_cov_18.636095	565	645	1	4	80	0.0500000
NODE_4850_length_1113_cov_18.636095	565	645	3	1	80	0.0125000
NODE_4850_length_1113_cov_18.636095	565	645	4	75	80	0.9375000
NODE_4851_length_1113_cov_16.664694	352	432	0	28	80	0.3500000
NODE_4851_length_1113_cov_16.664694	352	432	2	52	80	0.6500000
NODE_4851_length_1113_cov_16.664694	405	485	2	36	80	0.4500000
NODE_4851_length_1113_cov_16.664694	405	485	3	13	80	0.1625000
NODE_4851_length_1113_cov_16.664694	405	485	4	31	80	0.3875000
NODE_4851_length_1113_cov_16.664694	481	561	2	9	80	0.1125000
NODE_4851_length_1113_cov_16.664694	481	561	4	71	80	0.8875000
NODE_4851_length_1113_cov_16.664694	534	614	0	10	80	0.1250000
NODE_4851_length_1113_cov_16.664694	534	614	1	13	80	0.1625000
NODE_4851_length_1113_cov_16.664694	534	614	2	4	80	0.0500000
NODE_4851_length_1113_cov_16.664694	534	614	4	53	80	0.6625000
NODE_4852_length_1113_cov_14.155819	454	512	0	58	58	1.0000000
NODE_4852_length_1113_cov_14.155819	511	575	0	64	64	1.0000000
NODE_4853_length_1113_cov_10.185404	494	574	2	33	80	0.4125000
NODE_4853_length_1113_cov_10.185404	494	574	4	8	80	0.1000000
NODE_4853_length_1113_cov_10.185404	494	574	5	39	80	0.4875000
NODE_4853_length_1113_cov_10.185404	547	627	3	8	80	0.1000000
NODE_4853_length_1113_cov_10.185404	547	627	4	24	80	0.3000000
NODE_4853_length_1113_cov_10.185404	547	627	5	48	80	0.6000000
NODE_4855_length_1113_cov_4.005917	700	780	8	80	80	1.0000000
NODE_4855_length_1113_cov_4.005917	753	833	1	9	80	0.1125000
NODE_4855_length_1113_cov_4.005917	753	833	2	4	80	0.0500000
NODE_4855_length_1113_cov_4.005917	753	833	3	18	80	0.2250000
NODE_4855_length_1113_cov_4.005917	753	833	4	1	80	0.0125000
NODE_4855_length_1113_cov_4.005917	753	833	5	1	80	0.0125000
NODE_4855_length_1113_cov_4.005917	753	833	6	7	80	0.0875000
NODE_4855_length_1113_cov_4.005917	753	833	8	33	80	0.4125000
NODE_4855_length_1113_cov_4.005917	753	833	9	7	80	0.0875000
NODE_4866_length_1112_cov_14.961500	427	507	2	41	80	0.5125000
NODE_4866_length_1112_cov_14.961500	427	507	4	5	80	0.0625000
NODE_4866_length_1112_cov_14.961500	427	507	6	34	80	0.4250000
NODE_4866_length_1112_cov_14.961500	480	560	4	41	80	0.5125000
NODE_4866_length_1112_cov_14.961500	480	560	6	39	80	0.4875000
NODE_4866_length_1112_cov_14.961500	556	636	2	68	80	0.8500000
NODE_4866_length_1112_cov_14.961500	556	636	6	12	80	0.1500000
NODE_4866_length_1112_cov_14.961500	609	689	0	44	80	0.5500000
NODE_4866_length_1112_cov_14.961500	609	689	2	36	80	0.4500000
NODE_4875_length_1112_cov_1.655479	45	123	0	78	78	1.0000000
NODE_4875_length_1112_cov_1.655479	98	166	0	68	68	1.0000000
NODE_4880_length_1111_cov_37.999012	473	553	0	80	80	1.0000000
NODE_4880_length_1111_cov_37.999012	526	606	0	80	80	1.0000000
NODE_4880_length_1111_cov_37.999012	602	682	0	80	80	1.0000000
NODE_4880_length_1111_cov_37.999012	655	735	0	80	80	1.0000000
NODE_4881_length_1111_cov_24.394269	644	724	2	57	80	0.7125000
NODE_4881_length_1111_cov_24.394269	644	724	3	5	80	0.0625000
NODE_4881_length_1111_cov_24.394269	644	724	9	18	80	0.2250000
NODE_4881_length_1111_cov_24.394269	697	777	2	4	80	0.0500000
NODE_4881_length_1111_cov_24.394269	697	777	3	5	80	0.0625000
NODE_4881_length_1111_cov_24.394269	697	777	8	6	80	0.0750000
NODE_4881_length_1111_cov_24.394269	697	777	9	65	80	0.8125000
NODE_4882_length_1111_cov_23.676877	374	454	0	80	80	1.0000000
NODE_4882_length_1111_cov_23.676877	427	507	0	80	80	1.0000000
NODE_4883_length_1111_cov_17.522727	383	463	4	29	80	0.3625000
NODE_4883_length_1111_cov_17.522727	383	463	6	51	80	0.6375000
NODE_4883_length_1111_cov_17.522727	436	516	2	25	80	0.3125000
NODE_4883_length_1111_cov_17.522727	436	516	6	55	80	0.6875000
NODE_4884_length_1111_cov_16.495059	388	468	0	9	80	0.1125000
NODE_4884_length_1111_cov_16.495059	388	468	2	24	80	0.3000000
NODE_4884_length_1111_cov_16.495059	388	468	4	8	80	0.1000000
NODE_4884_length_1111_cov_16.495059	388	468	6	39	80	0.4875000
NODE_4884_length_1111_cov_16.495059	441	521	2	30	80	0.3750000
NODE_4884_length_1111_cov_16.495059	441	521	4	2	80	0.0250000
NODE_4884_length_1111_cov_16.495059	441	521	6	48	80	0.6000000
NODE_4885_length_1111_cov_15.366601	555	635	4	26	80	0.3250000
NODE_4885_length_1111_cov_15.366601	555	635	6	27	80	0.3375000
NODE_4885_length_1111_cov_15.366601	555	635	10	27	80	0.3375000
NODE_4885_length_1111_cov_15.366601	608	688	6	80	80	1.0000000
NODE_4886_length_1111_cov_15.314229	809	889	0	80	80	1.0000000
NODE_4886_length_1111_cov_15.314229	862	942	0	80	80	1.0000000
NODE_4887_length_1111_cov_9.732213	443	523	2	25	80	0.3125000
NODE_4887_length_1111_cov_9.732213	443	523	6	55	80	0.6875000
NODE_4887_length_1111_cov_9.732213	496	576	5	42	80	0.5250000
NODE_4887_length_1111_cov_9.732213	496	576	6	38	80	0.4750000
NODE_4888_length_1111_cov_4.907115	606	686	2	80	80	1.0000000
NODE_4888_length_1111_cov_4.907115	659	739	0	39	80	0.4875000
NODE_4888_length_1111_cov_4.907115	659	739	2	41	80	0.5125000
NODE_4892_length_1110_cov_23.012859	453	533	0	1	80	0.0125000
NODE_4892_length_1110_cov_23.012859	453	533	2	79	80	0.9875000
NODE_4892_length_1110_cov_23.012859	506	586	0	54	80	0.6750000
NODE_4892_length_1110_cov_23.012859	506	586	2	26	80	0.3250000
NODE_4892_length_1110_cov_23.012859	582	662	0	41	80	0.5125000
NODE_4892_length_1110_cov_23.012859	582	662	2	39	80	0.4875000
NODE_4892_length_1110_cov_23.012859	635	715	2	80	80	1.0000000
NODE_4895_length_1110_cov_5.305638	754	834	2	18	80	0.2250000
NODE_4895_length_1110_cov_5.305638	754	834	4	62	80	0.7750000
NODE_4895_length_1110_cov_5.305638	807	887	0	1	80	0.0125000
NODE_4895_length_1110_cov_5.305638	807	887	2	6	80	0.0750000
NODE_4895_length_1110_cov_5.305638	807	887	4	73	80	0.9125000
NODE_4896_length_1110_cov_3.698318	642	685	0	43	43	1.0000000
NODE_4899_length_1110_cov_1.871414	15	86	2	71	71	1.0000000
NODE_4903_length_1109_cov_35.307921	413	493	0	80	80	1.0000000
NODE_4903_length_1109_cov_35.307921	466	546	0	80	80	1.0000000
NODE_4903_length_1109_cov_35.307921	542	622	0	8	80	0.1000000
NODE_4903_length_1109_cov_35.307921	542	622	2	15	80	0.1875000
NODE_4903_length_1109_cov_35.307921	542	622	8	57	80	0.7125000
NODE_4903_length_1109_cov_35.307921	595	675	6	16	80	0.2000000
NODE_4903_length_1109_cov_35.307921	595	675	8	64	80	0.8000000
NODE_4904_length_1109_cov_27.880198	501	581	2	16	80	0.2000000
NODE_4904_length_1109_cov_27.880198	501	581	4	21	80	0.2625000
NODE_4904_length_1109_cov_27.880198	501	581	6	5	80	0.0625000
NODE_4904_length_1109_cov_27.880198	501	581	8	38	80	0.4750000
NODE_4904_length_1109_cov_27.880198	554	634	4	27	80	0.3375000
NODE_4904_length_1109_cov_27.880198	554	634	6	29	80	0.3625000
NODE_4904_length_1109_cov_27.880198	554	634	8	24	80	0.3000000
NODE_4904_length_1109_cov_27.880198	630	710	0	65	80	0.8125000
NODE_4904_length_1109_cov_27.880198	630	710	2	10	80	0.1250000
NODE_4904_length_1109_cov_27.880198	630	710	4	5	80	0.0625000
NODE_4904_length_1109_cov_27.880198	683	763	0	80	80	1.0000000
NODE_4905_length_1109_cov_21.858416	571	651	0	54	80	0.6750000
NODE_4905_length_1109_cov_21.858416	571	651	5	2	80	0.0250000
NODE_4905_length_1109_cov_21.858416	571	651	6	24	80	0.3000000
NODE_4905_length_1109_cov_21.858416	624	704	0	1	80	0.0125000
NODE_4905_length_1109_cov_21.858416	624	704	5	2	80	0.0250000
NODE_4905_length_1109_cov_21.858416	624	704	6	77	80	0.9625000
NODE_4912_length_1108_cov_59.921705	386	466	0	27	80	0.3375000
NODE_4912_length_1108_cov_59.921705	386	466	2	53	80	0.6625000
NODE_4912_length_1108_cov_59.921705	439	519	0	80	80	1.0000000
NODE_4912_length_1108_cov_59.921705	515	595	0	21	80	0.2625000
NODE_4912_length_1108_cov_59.921705	515	595	4	5	80	0.0625000
NODE_4912_length_1108_cov_59.921705	515	595	12	54	80	0.6750000
NODE_4912_length_1108_cov_59.921705	568	648	11	8	80	0.1000000
NODE_4912_length_1108_cov_59.921705	568	648	12	72	80	0.9000000
NODE_4914_length_1108_cov_16.069376	513	593	0	80	80	1.0000000
NODE_4914_length_1108_cov_16.069376	566	646	0	80	80	1.0000000
NODE_4916_length_1108_cov_11.656095	333	413	6	80	80	1.0000000
NODE_4916_length_1108_cov_11.656095	386	466	6	80	80	1.0000000
NODE_4917_length_1108_cov_10.266601	431	511	4	10	80	0.1250000
NODE_4917_length_1108_cov_10.266601	431	511	6	12	80	0.1500000
NODE_4917_length_1108_cov_10.266601	431	511	8	58	80	0.7250000
NODE_4917_length_1108_cov_10.266601	484	564	4	56	80	0.7000000
NODE_4917_length_1108_cov_10.266601	484	564	8	24	80	0.3000000
NODE_4918_length_1108_cov_8.895937	635	715	0	80	80	1.0000000
NODE_4918_length_1108_cov_8.895937	688	768	0	80	80	1.0000000
NODE_4920_length_1108_cov_5.682854	577	657	0	35	80	0.4375000
NODE_4920_length_1108_cov_5.682854	577	657	4	1	80	0.0125000
NODE_4920_length_1108_cov_5.682854	577	657	7	44	80	0.5500000
NODE_4920_length_1108_cov_5.682854	630	710	0	80	80	1.0000000
NODE_4927_length_1107_cov_35.050595	423	503	4	80	80	1.0000000
NODE_4927_length_1107_cov_35.050595	476	556	0	23	80	0.2875000
NODE_4927_length_1107_cov_35.050595	476	556	2	29	80	0.3625000
NODE_4927_length_1107_cov_35.050595	476	556	4	28	80	0.3500000
NODE_4927_length_1107_cov_35.050595	552	632	0	80	80	1.0000000
NODE_4927_length_1107_cov_35.050595	605	685	0	80	80	1.0000000
NODE_4928_length_1107_cov_31.386905	422	502	10	32	80	0.4000000
NODE_4928_length_1107_cov_31.386905	422	502	11	2	80	0.0250000
NODE_4928_length_1107_cov_31.386905	422	502	12	46	80	0.5750000
NODE_4928_length_1107_cov_31.386905	475	555	0	3	80	0.0375000
NODE_4928_length_1107_cov_31.386905	475	555	2	19	80	0.2375000
NODE_4928_length_1107_cov_31.386905	475	555	10	9	80	0.1125000
NODE_4928_length_1107_cov_31.386905	475	555	12	49	80	0.6125000
NODE_4929_length_1107_cov_29.178571	577	657	0	63	80	0.7875000
NODE_4929_length_1107_cov_29.178571	577	657	2	17	80	0.2125000
NODE_4929_length_1107_cov_29.178571	630	710	0	10	80	0.1250000
NODE_4929_length_1107_cov_29.178571	630	710	2	70	80	0.8750000
NODE_4929_length_1107_cov_29.178571	934	1000	4	6	66	0.0909091
NODE_4929_length_1107_cov_29.178571	934	1000	6	2	66	0.0303030
NODE_4929_length_1107_cov_29.178571	934	1000	8	5	66	0.0757576
NODE_4929_length_1107_cov_29.178571	934	1000	10	21	66	0.3181818
NODE_4929_length_1107_cov_29.178571	934	1000	12	32	66	0.4848485
NODE_4929_length_1107_cov_29.178571	934	1005	4	6	71	0.0845070
NODE_4929_length_1107_cov_29.178571	934	1005	6	2	71	0.0281690
NODE_4929_length_1107_cov_29.178571	934	1005	8	10	71	0.1408451
NODE_4929_length_1107_cov_29.178571	934	1005	10	21	71	0.2957746
NODE_4929_length_1107_cov_29.178571	934	1005	12	32	71	0.4507042
NODE_4930_length_1107_cov_16.038690	574	654	0	80	80	1.0000000
NODE_4930_length_1107_cov_16.038690	627	707	0	80	80	1.0000000
NODE_4931_length_1107_cov_15.472222	78	158	48	2	80	0.0250000
NODE_4931_length_1107_cov_15.472222	78	158	50	3	80	0.0375000
NODE_4931_length_1107_cov_15.472222	78	158	54	7	80	0.0875000
NODE_4931_length_1107_cov_15.472222	78	158	56	4	80	0.0500000
NODE_4931_length_1107_cov_15.472222	78	158	58	3	80	0.0375000
NODE_4931_length_1107_cov_15.472222	78	158	60	6	80	0.0750000
NODE_4931_length_1107_cov_15.472222	78	158	62	55	80	0.6875000
NODE_4931_length_1107_cov_15.472222	131	194	2	2	63	0.0317460
NODE_4931_length_1107_cov_15.472222	131	194	7	1	63	0.0158730
NODE_4931_length_1107_cov_15.472222	131	194	8	1	63	0.0158730
NODE_4931_length_1107_cov_15.472222	131	194	9	1	63	0.0158730
NODE_4931_length_1107_cov_15.472222	131	194	12	3	63	0.0476190
NODE_4931_length_1107_cov_15.472222	131	194	16	4	63	0.0634921
NODE_4931_length_1107_cov_15.472222	131	194	24	2	63	0.0317460
NODE_4931_length_1107_cov_15.472222	131	194	30	10	63	0.1587302
NODE_4931_length_1107_cov_15.472222	131	194	32	2	63	0.0317460
NODE_4931_length_1107_cov_15.472222	131	194	42	4	63	0.0634921
NODE_4931_length_1107_cov_15.472222	131	194	44	1	63	0.0158730
NODE_4931_length_1107_cov_15.472222	131	194	48	7	63	0.1111111
NODE_4931_length_1107_cov_15.472222	131	194	50	3	63	0.0476190
NODE_4931_length_1107_cov_15.472222	131	194	54	7	63	0.1111111
NODE_4931_length_1107_cov_15.472222	131	194	56	2	63	0.0317460
NODE_4931_length_1107_cov_15.472222	131	194	58	3	63	0.0476190
NODE_4931_length_1107_cov_15.472222	131	194	60	6	63	0.0952381
NODE_4931_length_1107_cov_15.472222	131	194	62	4	63	0.0634921
NODE_4931_length_1107_cov_15.472222	952	995	2	3	43	0.0697674
NODE_4931_length_1107_cov_15.472222	952	995	4	40	43	0.9302326
NODE_4931_length_1107_cov_15.472222	968	1052	2	6	84	0.0714286
NODE_4931_length_1107_cov_15.472222	968	1052	4	78	84	0.9285714
NODE_4932_length_1107_cov_13.911706	502	582	15	1	80	0.0125000
NODE_4932_length_1107_cov_13.911706	502	582	16	79	80	0.9875000
NODE_4932_length_1107_cov_13.911706	555	635	16	80	80	1.0000000
NODE_4933_length_1107_cov_11.701389	520	600	2	30	80	0.3750000
NODE_4933_length_1107_cov_11.701389	520	600	7	1	80	0.0125000
NODE_4933_length_1107_cov_11.701389	520	600	8	49	80	0.6125000
NODE_4933_length_1107_cov_11.701389	573	653	0	1	80	0.0125000
NODE_4933_length_1107_cov_11.701389	573	653	6	41	80	0.5125000
NODE_4933_length_1107_cov_11.701389	573	653	8	38	80	0.4750000
NODE_4944_length_1106_cov_59.617676	452	532	0	26	80	0.3250000
NODE_4944_length_1106_cov_59.617676	452	532	2	54	80	0.6750000
NODE_4944_length_1106_cov_59.617676	505	585	0	79	80	0.9875000
NODE_4944_length_1106_cov_59.617676	505	585	2	1	80	0.0125000
NODE_4944_length_1106_cov_59.617676	581	661	0	80	80	1.0000000
NODE_4944_length_1106_cov_59.617676	634	714	0	80	80	1.0000000
NODE_4945_length_1106_cov_40.808342	439	504	0	65	65	1.0000000
NODE_4945_length_1106_cov_40.808342	471	511	0	40	40	1.0000000
NODE_4945_length_1106_cov_40.808342	503	569	0	45	66	0.6818182
NODE_4945_length_1106_cov_40.808342	503	569	2	21	66	0.3181818
NODE_4945_length_1106_cov_40.808342	536	601	0	12	65	0.1846154
NODE_4945_length_1106_cov_40.808342	536	601	2	53	65	0.8153846
NODE_4945_length_1106_cov_40.808342	568	648	0	18	80	0.2250000
NODE_4945_length_1106_cov_40.808342	568	648	2	62	80	0.7750000
NODE_4945_length_1106_cov_40.808342	621	682	0	52	61	0.8524590
NODE_4945_length_1106_cov_40.808342	621	682	2	9	61	0.1475410
NODE_4946_length_1106_cov_23.186693	560	640	0	2	80	0.0250000
NODE_4946_length_1106_cov_23.186693	560	640	6	78	80	0.9750000
NODE_4946_length_1106_cov_23.186693	613	693	0	15	80	0.1875000
NODE_4946_length_1106_cov_23.186693	613	693	5	1	80	0.0125000
NODE_4946_length_1106_cov_23.186693	613	693	6	64	80	0.8000000
NODE_4947_length_1106_cov_14.570010	466	546	0	27	80	0.3375000
NODE_4947_length_1106_cov_14.570010	466	546	2	53	80	0.6625000
NODE_4947_length_1106_cov_14.570010	519	599	2	74	80	0.9250000
NODE_4947_length_1106_cov_14.570010	519	599	4	6	80	0.0750000
NODE_4948_length_1106_cov_14.039722	487	567	0	39	80	0.4875000
NODE_4948_length_1106_cov_14.039722	487	567	2	41	80	0.5125000
NODE_4948_length_1106_cov_14.039722	540	620	2	80	80	1.0000000
NODE_4949_length_1106_cov_8.872890	328	408	0	80	80	1.0000000
NODE_4949_length_1106_cov_8.872890	381	461	0	80	80	1.0000000
NODE_4950_length_1106_cov_7.157895	332	412	0	25	80	0.3125000
NODE_4950_length_1106_cov_7.157895	332	412	2	55	80	0.6875000
NODE_4950_length_1106_cov_7.157895	385	465	0	40	80	0.5000000
NODE_4950_length_1106_cov_7.157895	385	465	2	40	80	0.5000000
NODE_4951_length_1106_cov_6.530288	513	593	0	14	80	0.1750000
NODE_4951_length_1106_cov_6.530288	513	593	2	66	80	0.8250000
NODE_4951_length_1106_cov_6.530288	566	646	0	37	80	0.4625000
NODE_4951_length_1106_cov_6.530288	566	646	2	43	80	0.5375000
NODE_4959_length_1105_cov_28.126243	253	333	6	22	80	0.2750000
NODE_4959_length_1105_cov_28.126243	253	333	8	37	80	0.4625000
NODE_4959_length_1105_cov_28.126243	253	333	10	9	80	0.1125000
NODE_4959_length_1105_cov_28.126243	253	333	12	12	80	0.1500000
NODE_4959_length_1105_cov_28.126243	306	386	4	13	80	0.1625000
NODE_4959_length_1105_cov_28.126243	306	386	8	6	80	0.0750000
NODE_4959_length_1105_cov_28.126243	306	386	10	31	80	0.3875000
NODE_4959_length_1105_cov_28.126243	306	386	12	30	80	0.3750000
NODE_4960_length_1105_cov_24.994036	549	629	0	80	80	1.0000000
NODE_4960_length_1105_cov_24.994036	602	682	0	80	80	1.0000000
NODE_4961_length_1105_cov_17.635189	442	522	0	80	80	1.0000000
NODE_4961_length_1105_cov_17.635189	495	575	0	80	80	1.0000000
NODE_4963_length_1105_cov_10.114314	438	518	0	21	80	0.2625000
NODE_4963_length_1105_cov_10.114314	438	518	2	59	80	0.7375000
NODE_4963_length_1105_cov_10.114314	491	571	0	74	80	0.9250000
NODE_4963_length_1105_cov_10.114314	491	571	2	6	80	0.0750000
NODE_4964_length_1105_cov_8.403579	507	587	0	9	80	0.1125000
NODE_4964_length_1105_cov_8.403579	507	587	2	71	80	0.8875000
NODE_4964_length_1105_cov_8.403579	560	640	2	80	80	1.0000000
NODE_4966_length_1105_cov_6.682903	467	547	0	31	80	0.3875000
NODE_4966_length_1105_cov_6.682903	467	547	6	49	80	0.6125000
NODE_4966_length_1105_cov_6.682903	520	600	0	5	80	0.0625000
NODE_4966_length_1105_cov_6.682903	520	600	6	75	80	0.9375000
NODE_4966_length_1105_cov_6.682903	596	676	0	64	80	0.8000000
NODE_4966_length_1105_cov_6.682903	596	676	2	16	80	0.2000000
NODE_4966_length_1105_cov_6.682903	649	729	0	11	80	0.1375000
NODE_4966_length_1105_cov_6.682903	649	729	2	69	80	0.8625000
NODE_4974_length_1104_cov_27.599005	388	468	0	12	80	0.1500000
NODE_4974_length_1104_cov_27.599005	388	468	2	4	80	0.0500000
NODE_4974_length_1104_cov_27.599005	388	468	6	5	80	0.0625000
NODE_4974_length_1104_cov_27.599005	388	468	14	59	80	0.7375000
NODE_4974_length_1104_cov_27.599005	441	521	14	80	80	1.0000000
NODE_4984_length_1103_cov_2.787849	620	682	4	16	62	0.2580645
NODE_4984_length_1103_cov_2.787849	620	682	6	46	62	0.7419355
NODE_4986_length_1102_cov_34.484546	667	747	4	80	80	1.0000000
NODE_4986_length_1102_cov_34.484546	720	800	2	44	80	0.5500000
NODE_4986_length_1102_cov_34.484546	720	800	4	28	80	0.3500000
NODE_4986_length_1102_cov_34.484546	720	800	6	8	80	0.1000000
NODE_4987_length_1102_cov_17.631107	511	587	0	76	76	1.0000000
NODE_4987_length_1102_cov_17.631107	560	640	0	80	80	1.0000000
NODE_4998_length_1101_cov_35.638723	414	491	25	18	77	0.2337662
NODE_4998_length_1101_cov_35.638723	414	491	29	1	77	0.0129870
NODE_4998_length_1101_cov_35.638723	414	491	34	28	77	0.3636364
NODE_4998_length_1101_cov_35.638723	414	491	36	11	77	0.1428571
NODE_4998_length_1101_cov_35.638723	414	491	38	9	77	0.1168831
NODE_4998_length_1101_cov_35.638723	414	491	40	10	77	0.1298701
NODE_4998_length_1101_cov_35.638723	414	491	25	18	77	0.2337662
NODE_4998_length_1101_cov_35.638723	414	491	29	1	77	0.0129870
NODE_4998_length_1101_cov_35.638723	414	491	34	28	77	0.3636364
NODE_4998_length_1101_cov_35.638723	414	491	36	11	77	0.1428571
NODE_4998_length_1101_cov_35.638723	414	491	38	9	77	0.1168831
NODE_4998_length_1101_cov_35.638723	414	491	40	10	77	0.1298701
NODE_4998_length_1101_cov_35.638723	488	544	8	12	56	0.2142857
NODE_4998_length_1101_cov_35.638723	488	544	12	6	56	0.1071429
NODE_4998_length_1101_cov_35.638723	488	544	14	11	56	0.1964286
NODE_4998_length_1101_cov_35.638723	488	544	16	20	56	0.3571429
NODE_4998_length_1101_cov_35.638723	488	544	25	2	56	0.0357143
NODE_4998_length_1101_cov_35.638723	488	544	29	5	56	0.0892857
NODE_4998_length_1101_cov_35.638723	752	832	8	80	80	1.0000000
NODE_4998_length_1101_cov_35.638723	805	885	0	1	80	0.0125000
NODE_4998_length_1101_cov_35.638723	805	885	6	45	80	0.5625000
NODE_4998_length_1101_cov_35.638723	805	885	8	34	80	0.4250000
NODE_4998_length_1101_cov_35.638723	881	961	0	64	80	0.8000000
NODE_4998_length_1101_cov_35.638723	881	961	2	13	80	0.1625000
NODE_4998_length_1101_cov_35.638723	881	961	6	3	80	0.0375000
NODE_4998_length_1101_cov_35.638723	934	1014	0	14	80	0.1750000
NODE_4998_length_1101_cov_35.638723	934	1014	2	66	80	0.8250000
NODE_4999_length_1101_cov_28.366267	452	532	0	54	80	0.6750000
NODE_4999_length_1101_cov_28.366267	452	532	2	7	80	0.0875000
NODE_4999_length_1101_cov_28.366267	452	532	6	19	80	0.2375000
NODE_4999_length_1101_cov_28.366267	505	585	0	1	80	0.0125000
NODE_4999_length_1101_cov_28.366267	505	585	2	7	80	0.0875000
NODE_4999_length_1101_cov_28.366267	505	585	6	72	80	0.9000000
NODE_5000_length_1101_cov_24.513972	475	555	0	5	80	0.0625000
NODE_5000_length_1101_cov_24.513972	475	555	2	75	80	0.9375000
NODE_5000_length_1101_cov_24.513972	528	608	0	41	80	0.5125000
NODE_5000_length_1101_cov_24.513972	528	608	2	39	80	0.4875000
NODE_5001_length_1101_cov_22.315369	335	415	2	14	80	0.1750000
NODE_5001_length_1101_cov_22.315369	335	415	4	66	80	0.8250000
NODE_5001_length_1101_cov_22.315369	388	468	1	1	80	0.0125000
NODE_5001_length_1101_cov_22.315369	388	468	2	41	80	0.5125000
NODE_5001_length_1101_cov_22.315369	388	468	3	13	80	0.1625000
NODE_5001_length_1101_cov_22.315369	388	468	4	25	80	0.3125000
NODE_5001_length_1101_cov_22.315369	464	544	2	51	80	0.6375000
NODE_5001_length_1101_cov_22.315369	464	544	4	29	80	0.3625000
NODE_5001_length_1101_cov_22.315369	517	597	0	47	80	0.5875000
NODE_5001_length_1101_cov_22.315369	517	597	2	33	80	0.4125000
NODE_5002_length_1101_cov_22.070858	419	499	6	80	80	1.0000000
NODE_5002_length_1101_cov_22.070858	472	552	6	80	80	1.0000000
NODE_5002_length_1101_cov_22.070858	548	628	0	34	80	0.4250000
NODE_5002_length_1101_cov_22.070858	548	628	2	17	80	0.2125000
NODE_5002_length_1101_cov_22.070858	548	628	4	15	80	0.1875000
NODE_5002_length_1101_cov_22.070858	548	628	6	14	80	0.1750000
NODE_5002_length_1101_cov_22.070858	601	681	2	12	80	0.1500000
NODE_5002_length_1101_cov_22.070858	601	681	4	68	80	0.8500000
NODE_5003_length_1101_cov_18.821357	469	549	2	45	80	0.5625000
NODE_5003_length_1101_cov_18.821357	469	549	4	35	80	0.4375000
NODE_5003_length_1101_cov_18.821357	522	602	2	11	80	0.1375000
NODE_5003_length_1101_cov_18.821357	522	602	4	69	80	0.8625000
NODE_5004_length_1101_cov_17.151697	502	582	4	2	80	0.0250000
NODE_5004_length_1101_cov_17.151697	502	582	10	14	80	0.1750000
NODE_5004_length_1101_cov_17.151697	502	582	22	15	80	0.1875000
NODE_5004_length_1101_cov_17.151697	502	582	26	26	80	0.3250000
NODE_5004_length_1101_cov_17.151697	502	582	28	23	80	0.2875000
NODE_5004_length_1101_cov_17.151697	555	635	18	5	80	0.0625000
NODE_5004_length_1101_cov_17.151697	555	635	20	6	80	0.0750000
NODE_5004_length_1101_cov_17.151697	555	635	22	33	80	0.4125000
NODE_5004_length_1101_cov_17.151697	555	635	26	4	80	0.0500000
NODE_5004_length_1101_cov_17.151697	555	635	28	32	80	0.4000000
NODE_5005_length_1101_cov_8.371257	968	1048	2	1	80	0.0125000
NODE_5005_length_1101_cov_8.371257	968	1048	16	6	80	0.0750000
NODE_5005_length_1101_cov_8.371257	968	1048	18	4	80	0.0500000
NODE_5005_length_1101_cov_8.371257	968	1048	20	6	80	0.0750000
NODE_5005_length_1101_cov_8.371257	968	1048	26	63	80	0.7875000
NODE_5010_length_1100_cov_42.528472	582	662	1	17	80	0.2125000
NODE_5010_length_1100_cov_42.528472	582	662	2	15	80	0.1875000
NODE_5010_length_1100_cov_42.528472	582	662	4	11	80	0.1375000
NODE_5010_length_1100_cov_42.528472	582	662	7	1	80	0.0125000
NODE_5010_length_1100_cov_42.528472	582	662	8	36	80	0.4500000
NODE_5010_length_1100_cov_42.528472	635	715	0	22	80	0.2750000
NODE_5010_length_1100_cov_42.528472	635	715	1	29	80	0.3625000
NODE_5010_length_1100_cov_42.528472	635	715	2	10	80	0.1250000
NODE_5010_length_1100_cov_42.528472	635	715	4	19	80	0.2375000
NODE_5010_length_1100_cov_42.528472	711	791	4	12	80	0.1500000
NODE_5010_length_1100_cov_42.528472	711	791	5	14	80	0.1750000
NODE_5010_length_1100_cov_42.528472	711	791	6	54	80	0.6750000
NODE_5010_length_1100_cov_42.528472	764	844	2	24	80	0.3000000
NODE_5010_length_1100_cov_42.528472	764	844	6	56	80	0.7000000
NODE_5011_length_1100_cov_40.883117	324	404	2	80	80	1.0000000
NODE_5011_length_1100_cov_40.883117	377	457	0	7	80	0.0875000
NODE_5011_length_1100_cov_40.883117	377	457	2	73	80	0.9125000
NODE_5011_length_1100_cov_40.883117	453	533	0	25	80	0.3125000
NODE_5011_length_1100_cov_40.883117	453	533	6	32	80	0.4000000
NODE_5011_length_1100_cov_40.883117	453	533	8	17	80	0.2125000
NODE_5011_length_1100_cov_40.883117	453	533	9	1	80	0.0125000
NODE_5011_length_1100_cov_40.883117	453	533	10	5	80	0.0625000
NODE_5011_length_1100_cov_40.883117	506	586	6	4	80	0.0500000
NODE_5011_length_1100_cov_40.883117	506	586	8	17	80	0.2125000
NODE_5011_length_1100_cov_40.883117	506	586	9	1	80	0.0125000
NODE_5011_length_1100_cov_40.883117	506	586	10	8	80	0.1000000
NODE_5011_length_1100_cov_40.883117	506	586	14	50	80	0.6250000
NODE_5012_length_1100_cov_23.160839	524	604	0	76	80	0.9500000
NODE_5012_length_1100_cov_23.160839	524	604	2	4	80	0.0500000
NODE_5012_length_1100_cov_23.160839	577	657	0	23	80	0.2875000
NODE_5012_length_1100_cov_23.160839	577	657	2	57	80	0.7125000
NODE_5012_length_1100_cov_23.160839	653	733	2	25	80	0.3125000
NODE_5012_length_1100_cov_23.160839	653	733	4	2	80	0.0250000
NODE_5012_length_1100_cov_23.160839	653	733	10	52	80	0.6500000
NODE_5012_length_1100_cov_23.160839	653	733	12	1	80	0.0125000
NODE_5012_length_1100_cov_23.160839	706	786	2	9	80	0.1125000
NODE_5012_length_1100_cov_23.160839	706	786	8	22	80	0.2750000
NODE_5012_length_1100_cov_23.160839	706	786	10	48	80	0.6000000
NODE_5012_length_1100_cov_23.160839	706	786	12	1	80	0.0125000
NODE_5013_length_1100_cov_22.200799	485	565	2	80	80	1.0000000
NODE_5013_length_1100_cov_22.200799	538	618	0	26	80	0.3250000
NODE_5013_length_1100_cov_22.200799	538	618	2	54	80	0.6750000
NODE_5013_length_1100_cov_22.200799	614	694	0	54	80	0.6750000
NODE_5013_length_1100_cov_22.200799	614	694	3	5	80	0.0625000
NODE_5013_length_1100_cov_22.200799	614	694	4	1	80	0.0125000
NODE_5013_length_1100_cov_22.200799	614	694	5	20	80	0.2500000
NODE_5013_length_1100_cov_22.200799	667	745	0	1	78	0.0128205
NODE_5013_length_1100_cov_22.200799	667	745	3	5	78	0.0641026
NODE_5013_length_1100_cov_22.200799	667	745	4	1	78	0.0128205
NODE_5013_length_1100_cov_22.200799	667	745	5	25	78	0.3205128
NODE_5013_length_1100_cov_22.200799	667	745	6	46	78	0.5897436
NODE_5014_length_1100_cov_15.353646	472	552	2	80	80	1.0000000
NODE_5014_length_1100_cov_15.353646	525	605	0	22	80	0.2750000
NODE_5014_length_1100_cov_15.353646	525	605	2	58	80	0.7250000
NODE_5015_length_1100_cov_14.584416	673	753	2	17	80	0.2125000
NODE_5015_length_1100_cov_14.584416	673	753	4	2	80	0.0250000
NODE_5015_length_1100_cov_14.584416	673	753	6	61	80	0.7625000
NODE_5015_length_1100_cov_14.584416	726	806	2	70	80	0.8750000
NODE_5015_length_1100_cov_14.584416	726	806	6	10	80	0.1250000
NODE_5029_length_1099_cov_85.893000	464	544	0	20	80	0.2500000
NODE_5029_length_1099_cov_85.893000	464	544	5	25	80	0.3125000
NODE_5029_length_1099_cov_85.893000	464	544	6	35	80	0.4375000
NODE_5029_length_1099_cov_85.893000	517	597	0	73	80	0.9125000
NODE_5029_length_1099_cov_85.893000	517	597	6	7	80	0.0875000
NODE_5029_length_1099_cov_85.893000	593	673	0	78	80	0.9750000
NODE_5029_length_1099_cov_85.893000	593	673	2	2	80	0.0250000
NODE_5029_length_1099_cov_85.893000	646	726	0	25	80	0.3125000
NODE_5029_length_1099_cov_85.893000	646	726	2	55	80	0.6875000
NODE_5030_length_1099_cov_45.874000	521	601	0	80	80	1.0000000
NODE_5030_length_1099_cov_45.874000	574	654	0	70	80	0.8750000
NODE_5030_length_1099_cov_45.874000	574	654	2	10	80	0.1250000
NODE_5030_length_1099_cov_45.874000	650	730	2	80	80	1.0000000
NODE_5030_length_1099_cov_45.874000	703	783	0	4	80	0.0500000
NODE_5030_length_1099_cov_45.874000	703	783	2	76	80	0.9500000
NODE_5031_length_1099_cov_25.192000	526	606	0	80	80	1.0000000
NODE_5031_length_1099_cov_25.192000	579	659	0	80	80	1.0000000
NODE_5032_length_1099_cov_11.846000	565	645	0	47	80	0.5875000
NODE_5032_length_1099_cov_11.846000	565	645	2	8	80	0.1000000
NODE_5032_length_1099_cov_11.846000	565	645	5	1	80	0.0125000
NODE_5032_length_1099_cov_11.846000	565	645	6	24	80	0.3000000
NODE_5032_length_1099_cov_11.846000	618	698	2	2	80	0.0250000
NODE_5032_length_1099_cov_11.846000	618	698	5	1	80	0.0125000
NODE_5032_length_1099_cov_11.846000	618	698	6	77	80	0.9625000
NODE_5033_length_1099_cov_9.527000	495	575	6	9	80	0.1125000
NODE_5033_length_1099_cov_9.527000	495	575	8	10	80	0.1250000
NODE_5033_length_1099_cov_9.527000	495	575	10	6	80	0.0750000
NODE_5033_length_1099_cov_9.527000	495	575	14	55	80	0.6875000
NODE_5033_length_1099_cov_9.527000	548	628	4	6	80	0.0750000
NODE_5033_length_1099_cov_9.527000	548	628	6	5	80	0.0625000
NODE_5033_length_1099_cov_9.527000	548	628	7	18	80	0.2250000
NODE_5033_length_1099_cov_9.527000	548	628	9	4	80	0.0500000
NODE_5033_length_1099_cov_9.527000	548	628	11	1	80	0.0125000
NODE_5033_length_1099_cov_9.527000	548	628	13	2	80	0.0250000
NODE_5033_length_1099_cov_9.527000	548	628	14	44	80	0.5500000
NODE_5034_length_1099_cov_8.993000	464	544	0	49	80	0.6125000
NODE_5034_length_1099_cov_8.993000	464	544	2	31	80	0.3875000
NODE_5034_length_1099_cov_8.993000	517	597	0	2	80	0.0250000
NODE_5034_length_1099_cov_8.993000	517	597	2	78	80	0.9750000
NODE_5039_length_1099_cov_2.286000	273	353	0	80	80	1.0000000
NODE_5045_length_1098_cov_44.988989	360	440	0	6	80	0.0750000
NODE_5045_length_1098_cov_44.988989	360	440	2	17	80	0.2125000
NODE_5045_length_1098_cov_44.988989	360	440	4	57	80	0.7125000
NODE_5045_length_1098_cov_44.988989	413	493	0	59	80	0.7375000
NODE_5045_length_1098_cov_44.988989	413	493	2	16	80	0.2000000
NODE_5045_length_1098_cov_44.988989	413	493	4	5	80	0.0625000
NODE_5046_length_1098_cov_35.192192	452	532	6	80	80	1.0000000
NODE_5046_length_1098_cov_35.192192	505	585	0	20	80	0.2500000
NODE_5046_length_1098_cov_35.192192	505	585	3	13	80	0.1625000
NODE_5046_length_1098_cov_35.192192	505	585	6	47	80	0.5875000
NODE_5046_length_1098_cov_35.192192	581	661	0	80	80	1.0000000
NODE_5046_length_1098_cov_35.192192	634	714	0	36	80	0.4500000
NODE_5046_length_1098_cov_35.192192	634	714	2	44	80	0.5500000
NODE_5047_length_1098_cov_28.743744	449	529	2	15	80	0.1875000
NODE_5047_length_1098_cov_28.743744	449	529	4	65	80	0.8125000
NODE_5047_length_1098_cov_28.743744	502	582	2	54	80	0.6750000
NODE_5047_length_1098_cov_28.743744	502	582	4	12	80	0.1500000
NODE_5047_length_1098_cov_28.743744	502	582	6	13	80	0.1625000
NODE_5047_length_1098_cov_28.743744	502	582	8	1	80	0.0125000
NODE_5047_length_1098_cov_28.743744	578	658	6	32	80	0.4000000
NODE_5047_length_1098_cov_28.743744	578	658	8	39	80	0.4875000
NODE_5047_length_1098_cov_28.743744	578	658	12	9	80	0.1125000
NODE_5047_length_1098_cov_28.743744	631	711	6	42	80	0.5250000
NODE_5047_length_1098_cov_28.743744	631	711	8	18	80	0.2250000
NODE_5047_length_1098_cov_28.743744	631	711	12	20	80	0.2500000
NODE_5048_length_1098_cov_28.230230	477	557	2	3	80	0.0375000
NODE_5048_length_1098_cov_28.230230	477	557	6	20	80	0.2500000
NODE_5048_length_1098_cov_28.230230	477	557	8	34	80	0.4250000
NODE_5048_length_1098_cov_28.230230	477	557	9	13	80	0.1625000
NODE_5048_length_1098_cov_28.230230	477	557	10	10	80	0.1250000
NODE_5048_length_1098_cov_28.230230	530	610	2	22	80	0.2750000
NODE_5048_length_1098_cov_28.230230	530	610	4	5	80	0.0625000
NODE_5048_length_1098_cov_28.230230	530	610	6	1	80	0.0125000
NODE_5048_length_1098_cov_28.230230	530	610	7	11	80	0.1375000
NODE_5048_length_1098_cov_28.230230	530	610	8	8	80	0.1000000
NODE_5048_length_1098_cov_28.230230	530	610	9	13	80	0.1625000
NODE_5048_length_1098_cov_28.230230	530	610	10	20	80	0.2500000
NODE_5048_length_1098_cov_28.230230	606	686	2	79	80	0.9875000
NODE_5048_length_1098_cov_28.230230	606	686	4	1	80	0.0125000
NODE_5048_length_1098_cov_28.230230	659	739	2	80	80	1.0000000
NODE_5049_length_1098_cov_26.131131	494	574	0	11	80	0.1375000
NODE_5049_length_1098_cov_26.131131	494	574	4	22	80	0.2750000
NODE_5049_length_1098_cov_26.131131	494	574	8	47	80	0.5875000
NODE_5049_length_1098_cov_26.131131	547	627	4	21	80	0.2625000
NODE_5049_length_1098_cov_26.131131	547	627	8	59	80	0.7375000
NODE_5050_length_1098_cov_21.355355	599	679	4	32	80	0.4000000
NODE_5050_length_1098_cov_21.355355	599	679	8	13	80	0.1625000
NODE_5050_length_1098_cov_21.355355	599	679	12	35	80	0.4375000
NODE_5050_length_1098_cov_21.355355	652	732	8	66	80	0.8250000
NODE_5050_length_1098_cov_21.355355	652	732	12	14	80	0.1750000
NODE_5051_length_1098_cov_17.087087	541	621	0	80	80	1.0000000
NODE_5051_length_1098_cov_17.087087	594	674	0	54	80	0.6750000
NODE_5051_length_1098_cov_17.087087	594	674	2	26	80	0.3250000
NODE_5051_length_1098_cov_17.087087	670	750	2	80	80	1.0000000
NODE_5051_length_1098_cov_17.087087	723	803	0	24	80	0.3000000
NODE_5051_length_1098_cov_17.087087	723	803	2	56	80	0.7000000
NODE_5052_length_1098_cov_15.455455	545	625	0	70	80	0.8750000
NODE_5052_length_1098_cov_15.455455	545	625	2	10	80	0.1250000
NODE_5052_length_1098_cov_15.455455	598	678	0	17	80	0.2125000
NODE_5052_length_1098_cov_15.455455	598	678	2	63	80	0.7875000
NODE_5052_length_1098_cov_15.455455	674	754	2	80	80	1.0000000
NODE_5052_length_1098_cov_15.455455	727	807	0	53	80	0.6625000
NODE_5052_length_1098_cov_15.455455	727	807	2	27	80	0.3375000
NODE_5054_length_1097_cov_37.103206	438	518	24	80	80	1.0000000
NODE_5054_length_1097_cov_37.103206	491	571	0	17	80	0.2125000
NODE_5054_length_1097_cov_37.103206	491	571	6	1	80	0.0125000
NODE_5054_length_1097_cov_37.103206	491	571	9	1	80	0.0125000
NODE_5054_length_1097_cov_37.103206	491	571	10	5	80	0.0625000
NODE_5054_length_1097_cov_37.103206	491	571	12	21	80	0.2625000
NODE_5054_length_1097_cov_37.103206	491	571	20	1	80	0.0125000
NODE_5054_length_1097_cov_37.103206	491	571	21	1	80	0.0125000
NODE_5054_length_1097_cov_37.103206	491	571	24	33	80	0.4125000
NODE_5054_length_1097_cov_37.103206	567	647	0	19	80	0.2375000
NODE_5054_length_1097_cov_37.103206	567	647	2	25	80	0.3125000
NODE_5054_length_1097_cov_37.103206	567	647	4	16	80	0.2000000
NODE_5054_length_1097_cov_37.103206	567	647	6	20	80	0.2500000
NODE_5054_length_1097_cov_37.103206	620	700	4	13	80	0.1625000
NODE_5054_length_1097_cov_37.103206	620	700	6	67	80	0.8375000
NODE_5055_length_1097_cov_32.624248	501	581	5	1	80	0.0125000
NODE_5055_length_1097_cov_32.624248	501	581	8	6	80	0.0750000
NODE_5055_length_1097_cov_32.624248	501	581	16	22	80	0.2750000
NODE_5055_length_1097_cov_32.624248	501	581	17	15	80	0.1875000
NODE_5055_length_1097_cov_32.624248	501	581	20	17	80	0.2125000
NODE_5055_length_1097_cov_32.624248	501	581	22	19	80	0.2375000
NODE_5055_length_1097_cov_32.624248	554	634	3	25	80	0.3125000
NODE_5055_length_1097_cov_32.624248	554	634	13	1	80	0.0125000
NODE_5055_length_1097_cov_32.624248	554	634	14	27	80	0.3375000
NODE_5055_length_1097_cov_32.624248	554	634	16	22	80	0.2750000
NODE_5055_length_1097_cov_32.624248	554	634	17	5	80	0.0625000
NODE_5056_length_1097_cov_25.240481	401	480	1	8	79	0.1012658
NODE_5056_length_1097_cov_25.240481	401	480	2	71	79	0.8987342
NODE_5056_length_1097_cov_25.240481	453	533	0	42	80	0.5250000
NODE_5056_length_1097_cov_25.240481	453	533	2	38	80	0.4750000
NODE_5056_length_1097_cov_25.240481	529	609	0	80	80	1.0000000
NODE_5056_length_1097_cov_25.240481	582	662	0	80	80	1.0000000
NODE_5057_length_1097_cov_21.221443	484	564	8	6	80	0.0750000
NODE_5057_length_1097_cov_21.221443	484	564	10	74	80	0.9250000
NODE_5057_length_1097_cov_21.221443	537	617	0	27	80	0.3375000
NODE_5057_length_1097_cov_21.221443	537	617	4	2	80	0.0250000
NODE_5057_length_1097_cov_21.221443	537	617	8	7	80	0.0875000
NODE_5057_length_1097_cov_21.221443	537	617	10	44	80	0.5500000
NODE_5057_length_1097_cov_21.221443	613	693	0	27	80	0.3375000
NODE_5057_length_1097_cov_21.221443	613	693	4	53	80	0.6625000
NODE_5057_length_1097_cov_21.221443	666	746	0	28	80	0.3500000
NODE_5057_length_1097_cov_21.221443	666	746	4	52	80	0.6500000
NODE_5058_length_1097_cov_20.968938	515	595	0	80	80	1.0000000
NODE_5058_length_1097_cov_20.968938	568	648	0	80	80	1.0000000
NODE_5059_length_1097_cov_13.136273	697	779	0	16	82	0.1951219
NODE_5059_length_1097_cov_13.136273	697	779	4	66	82	0.8048781
NODE_5059_length_1097_cov_13.136273	752	832	0	69	80	0.8625000
NODE_5059_length_1097_cov_13.136273	752	832	4	11	80	0.1375000
NODE_5060_length_1097_cov_6.376754	442	522	0	33	80	0.4125000
NODE_5060_length_1097_cov_6.376754	442	522	2	22	80	0.2750000
NODE_5060_length_1097_cov_6.376754	442	522	4	25	80	0.3125000
NODE_5060_length_1097_cov_6.376754	495	575	2	27	80	0.3375000
NODE_5060_length_1097_cov_6.376754	495	575	4	53	80	0.6625000
NODE_5061_length_1097_cov_6.068136	299	379	0	10	80	0.1250000
NODE_5061_length_1097_cov_6.068136	299	379	2	70	80	0.8750000
NODE_5061_length_1097_cov_6.068136	352	432	0	63	80	0.7875000
NODE_5061_length_1097_cov_6.068136	352	432	2	17	80	0.2125000
NODE_5072_length_1096_cov_55.816449	430	510	0	12	80	0.1500000
NODE_5072_length_1096_cov_55.816449	430	510	2	68	80	0.8500000
NODE_5072_length_1096_cov_55.816449	483	563	0	63	80	0.7875000
NODE_5072_length_1096_cov_55.816449	483	563	2	15	80	0.1875000
NODE_5072_length_1096_cov_55.816449	483	563	4	2	80	0.0250000
NODE_5072_length_1096_cov_55.816449	559	639	0	2	80	0.0250000
NODE_5072_length_1096_cov_55.816449	559	639	4	3	80	0.0375000
NODE_5072_length_1096_cov_55.816449	559	639	6	75	80	0.9375000
NODE_5072_length_1096_cov_55.816449	612	692	0	33	80	0.4125000
NODE_5072_length_1096_cov_55.816449	612	692	6	47	80	0.5875000
NODE_5073_length_1096_cov_24.672016	431	511	6	80	80	1.0000000
NODE_5073_length_1096_cov_24.672016	484	564	0	7	80	0.0875000
NODE_5073_length_1096_cov_24.672016	484	564	4	25	80	0.3125000
NODE_5073_length_1096_cov_24.672016	484	564	5	8	80	0.1000000
NODE_5073_length_1096_cov_24.672016	484	564	6	40	80	0.5000000
NODE_5073_length_1096_cov_24.672016	560	640	0	80	80	1.0000000
NODE_5073_length_1096_cov_24.672016	613	693	0	80	80	1.0000000
NODE_5074_length_1096_cov_22.980943	372	452	2	42	80	0.5250000
NODE_5074_length_1096_cov_22.980943	372	452	4	38	80	0.4750000
NODE_5074_length_1096_cov_22.980943	425	505	0	39	80	0.4875000
NODE_5074_length_1096_cov_22.980943	425	505	2	41	80	0.5125000
NODE_5075_length_1096_cov_16.649950	486	566	4	80	80	1.0000000
NODE_5075_length_1096_cov_16.649950	539	619	0	27	80	0.3375000
NODE_5075_length_1096_cov_16.649950	539	619	3	22	80	0.2750000
NODE_5075_length_1096_cov_16.649950	539	619	4	31	80	0.3875000
NODE_5076_length_1096_cov_16.433300	443	523	4	19	80	0.2375000
NODE_5076_length_1096_cov_16.433300	443	523	6	27	80	0.3375000
NODE_5076_length_1096_cov_16.433300	443	523	9	1	80	0.0125000
NODE_5076_length_1096_cov_16.433300	443	523	10	33	80	0.4125000
NODE_5076_length_1096_cov_16.433300	496	576	4	72	80	0.9000000
NODE_5076_length_1096_cov_16.433300	496	576	10	8	80	0.1000000
NODE_5076_length_1096_cov_16.433300	886	966	0	80	80	1.0000000
NODE_5076_length_1096_cov_16.433300	939	1018	0	79	79	1.0000000
NODE_5077_length_1096_cov_13.398195	670	750	0	3	80	0.0375000
NODE_5077_length_1096_cov_13.398195	670	750	4	77	80	0.9625000
NODE_5077_length_1096_cov_13.398195	723	803	0	37	80	0.4625000
NODE_5077_length_1096_cov_13.398195	723	803	4	43	80	0.5375000
NODE_5080_length_1095_cov_25.390562	520	600	4	14	80	0.1750000
NODE_5080_length_1095_cov_25.390562	520	600	6	66	80	0.8250000
NODE_5080_length_1095_cov_25.390562	573	653	0	21	80	0.2625000
NODE_5080_length_1095_cov_25.390562	573	653	4	46	80	0.5750000
NODE_5080_length_1095_cov_25.390562	573	653	6	13	80	0.1625000
NODE_5080_length_1095_cov_25.390562	649	729	4	80	80	1.0000000
NODE_5080_length_1095_cov_25.390562	702	782	0	26	80	0.3250000
NODE_5080_length_1095_cov_25.390562	702	782	4	54	80	0.6750000
NODE_5081_length_1095_cov_13.832329	549	629	0	8	80	0.1000000
NODE_5081_length_1095_cov_13.832329	549	629	2	72	80	0.9000000
NODE_5081_length_1095_cov_13.832329	602	682	0	61	80	0.7625000
NODE_5081_length_1095_cov_13.832329	602	682	2	19	80	0.2375000
NODE_5082_length_1095_cov_13.017068	497	577	0	71	80	0.8875000
NODE_5082_length_1095_cov_13.017068	497	577	2	9	80	0.1125000
NODE_5082_length_1095_cov_13.017068	550	630	0	18	80	0.2250000
NODE_5082_length_1095_cov_13.017068	550	630	2	62	80	0.7750000
NODE_5083_length_1095_cov_7.640562	627	707	0	80	80	1.0000000
NODE_5083_length_1095_cov_7.640562	680	760	0	80	80	1.0000000
NODE_5085_length_1095_cov_4.664659	307	387	7	7	80	0.0875000
NODE_5085_length_1095_cov_4.664659	307	387	8	18	80	0.2250000
NODE_5085_length_1095_cov_4.664659	307	387	9	38	80	0.4750000
NODE_5085_length_1095_cov_4.664659	307	387	10	17	80	0.2125000
NODE_5089_length_1094_cov_35.850251	409	489	0	80	80	1.0000000
NODE_5089_length_1094_cov_35.850251	462	542	0	32	80	0.4000000
NODE_5089_length_1094_cov_35.850251	462	542	4	48	80	0.6000000
NODE_5089_length_1094_cov_35.850251	538	618	4	5	80	0.0625000
NODE_5089_length_1094_cov_35.850251	538	618	6	20	80	0.2500000
NODE_5089_length_1094_cov_35.850251	538	618	8	15	80	0.1875000
NODE_5089_length_1094_cov_35.850251	538	618	10	40	80	0.5000000
NODE_5089_length_1094_cov_35.850251	591	671	2	20	80	0.2500000
NODE_5089_length_1094_cov_35.850251	591	671	6	12	80	0.1500000
NODE_5089_length_1094_cov_35.850251	591	671	8	48	80	0.6000000
NODE_5090_length_1094_cov_27.197990	462	542	0	14	80	0.1750000
NODE_5090_length_1094_cov_27.197990	462	542	6	15	80	0.1875000
NODE_5090_length_1094_cov_27.197990	462	542	8	6	80	0.0750000
NODE_5090_length_1094_cov_27.197990	462	542	10	7	80	0.0875000
NODE_5090_length_1094_cov_27.197990	462	542	12	27	80	0.3375000
NODE_5090_length_1094_cov_27.197990	462	542	14	11	80	0.1375000
NODE_5090_length_1094_cov_27.197990	515	595	10	20	80	0.2500000
NODE_5090_length_1094_cov_27.197990	515	595	12	16	80	0.2000000
NODE_5090_length_1094_cov_27.197990	515	595	14	29	80	0.3625000
NODE_5090_length_1094_cov_27.197990	515	595	15	13	80	0.1625000
NODE_5090_length_1094_cov_27.197990	515	595	16	2	80	0.0250000
NODE_5091_length_1094_cov_19.282412	451	531	0	32	80	0.4000000
NODE_5091_length_1094_cov_19.282412	451	531	2	48	80	0.6000000
NODE_5091_length_1094_cov_19.282412	504	584	0	22	80	0.2750000
NODE_5091_length_1094_cov_19.282412	504	584	2	58	80	0.7250000
NODE_5092_length_1094_cov_16.084422	558	614	8	56	56	1.0000000
NODE_5092_length_1094_cov_16.084422	587	667	0	21	80	0.2625000
NODE_5092_length_1094_cov_16.084422	587	667	2	3	80	0.0375000
NODE_5092_length_1094_cov_16.084422	587	667	8	56	80	0.7000000
NODE_5093_length_1094_cov_11.335678	384	464	2	80	80	1.0000000
NODE_5093_length_1094_cov_11.335678	437	517	0	13	80	0.1625000
NODE_5093_length_1094_cov_11.335678	437	517	1	15	80	0.1875000
NODE_5093_length_1094_cov_11.335678	437	517	2	52	80	0.6500000
NODE_5094_length_1094_cov_10.767839	396	476	0	80	80	1.0000000
NODE_5094_length_1094_cov_10.767839	449	529	0	80	80	1.0000000
NODE_5095_length_1094_cov_9.527638	579	659	0	6	80	0.0750000
NODE_5095_length_1094_cov_9.527638	579	659	4	25	80	0.3125000
NODE_5095_length_1094_cov_9.527638	579	659	6	8	80	0.1000000
NODE_5095_length_1094_cov_9.527638	579	659	10	25	80	0.3125000
NODE_5095_length_1094_cov_9.527638	579	659	11	1	80	0.0125000
NODE_5095_length_1094_cov_9.527638	579	659	12	15	80	0.1875000
NODE_5095_length_1094_cov_9.527638	632	712	6	23	80	0.2875000
NODE_5095_length_1094_cov_9.527638	632	712	8	8	80	0.1000000
NODE_5095_length_1094_cov_9.527638	632	712	10	11	80	0.1375000
NODE_5095_length_1094_cov_9.527638	632	712	11	1	80	0.0125000
NODE_5095_length_1094_cov_9.527638	632	712	12	37	80	0.4625000
NODE_5096_length_1094_cov_9.166834	527	607	2	45	80	0.5625000
NODE_5096_length_1094_cov_9.166834	527	607	4	35	80	0.4375000
NODE_5096_length_1094_cov_9.166834	580	660	4	28	80	0.3500000
NODE_5096_length_1094_cov_9.166834	580	660	6	21	80	0.2625000
NODE_5096_length_1094_cov_9.166834	580	660	8	31	80	0.3875000
NODE_5097_length_1094_cov_5.632161	708	768	0	1	60	0.0166667
NODE_5097_length_1094_cov_5.632161	708	768	2	17	60	0.2833333
NODE_5097_length_1094_cov_5.632161	708	768	4	4	60	0.0666667
NODE_5097_length_1094_cov_5.632161	708	768	6	8	60	0.1333333
NODE_5097_length_1094_cov_5.632161	708	768	10	5	60	0.0833333
NODE_5097_length_1094_cov_5.632161	708	768	11	1	60	0.0166667
NODE_5097_length_1094_cov_5.632161	708	768	12	5	60	0.0833333
NODE_5097_length_1094_cov_5.632161	708	768	13	2	60	0.0333333
NODE_5097_length_1094_cov_5.632161	708	768	14	8	60	0.1333333
NODE_5097_length_1094_cov_5.632161	708	768	16	9	60	0.1500000
NODE_5097_length_1094_cov_5.632161	761	821	16	60	60	1.0000000
NODE_5108_length_1093_cov_28.531187	374	454	9	16	80	0.2000000
NODE_5108_length_1093_cov_28.531187	374	454	10	9	80	0.1125000
NODE_5108_length_1093_cov_28.531187	374	454	12	34	80	0.4250000
NODE_5108_length_1093_cov_28.531187	374	454	14	10	80	0.1250000
NODE_5108_length_1093_cov_28.531187	374	454	15	1	80	0.0125000
NODE_5108_length_1093_cov_28.531187	374	454	17	10	80	0.1250000
NODE_5108_length_1093_cov_28.531187	427	507	6	16	80	0.2000000
NODE_5108_length_1093_cov_28.531187	427	507	8	2	80	0.0250000
NODE_5108_length_1093_cov_28.531187	427	507	10	7	80	0.0875000
NODE_5108_length_1093_cov_28.531187	427	507	12	54	80	0.6750000
NODE_5108_length_1093_cov_28.531187	427	507	14	1	80	0.0125000
NODE_5109_length_1093_cov_22.744467	516	596	0	80	80	1.0000000
NODE_5109_length_1093_cov_22.744467	569	649	0	80	80	1.0000000
NODE_5109_length_1093_cov_22.744467	645	725	0	8	80	0.1000000
NODE_5109_length_1093_cov_22.744467	645	725	1	1	80	0.0125000
NODE_5109_length_1093_cov_22.744467	645	725	2	71	80	0.8875000
NODE_5109_length_1093_cov_22.744467	698	778	0	6	80	0.0750000
NODE_5109_length_1093_cov_22.744467	698	778	1	1	80	0.0125000
NODE_5109_length_1093_cov_22.744467	698	778	2	73	80	0.9125000
NODE_5110_length_1093_cov_11.637827	282	362	0	80	80	1.0000000
NODE_5110_length_1093_cov_11.637827	335	415	0	80	80	1.0000000
NODE_5111_length_1093_cov_9.047284	660	740	4	80	80	1.0000000
NODE_5111_length_1093_cov_9.047284	713	793	0	48	80	0.6000000
NODE_5111_length_1093_cov_9.047284	713	793	4	32	80	0.4000000
NODE_5112_length_1093_cov_6.857143	658	738	0	80	80	1.0000000
NODE_5112_length_1093_cov_6.857143	711	791	0	80	80	1.0000000
NODE_5113_length_1093_cov_5.311871	587	667	0	80	80	1.0000000
NODE_5113_length_1093_cov_5.311871	640	720	0	80	80	1.0000000
NODE_5118_length_1092_cov_105.542800	682	768	71	13	86	0.1511628
NODE_5118_length_1092_cov_105.542800	682	768	78	4	86	0.0465116
NODE_5118_length_1092_cov_105.542800	682	768	79	1	86	0.0116279
NODE_5118_length_1092_cov_105.542800	682	768	80	3	86	0.0348837
NODE_5118_length_1092_cov_105.542800	682	768	112	6	86	0.0697674
NODE_5118_length_1092_cov_105.542800	682	768	118	6	86	0.0697674
NODE_5118_length_1092_cov_105.542800	682	768	120	15	86	0.1744186
NODE_5118_length_1092_cov_105.542800	682	768	130	4	86	0.0465116
NODE_5118_length_1092_cov_105.542800	682	768	131	2	86	0.0232558
NODE_5118_length_1092_cov_105.542800	682	768	133	1	86	0.0116279
NODE_5118_length_1092_cov_105.542800	682	768	134	1	86	0.0116279
NODE_5118_length_1092_cov_105.542800	682	768	135	15	86	0.1744186
NODE_5118_length_1092_cov_105.542800	682	768	136	12	86	0.1395349
NODE_5118_length_1092_cov_105.542800	682	768	137	3	86	0.0348837
NODE_5118_length_1092_cov_105.542800	745	807	77	2	62	0.0322581
NODE_5118_length_1092_cov_105.542800	745	807	78	1	62	0.0161290
NODE_5118_length_1092_cov_105.542800	745	807	85	3	62	0.0483871
NODE_5118_length_1092_cov_105.542800	745	807	91	1	62	0.0161290
NODE_5118_length_1092_cov_105.542800	745	807	94	1	62	0.0161290
NODE_5118_length_1092_cov_105.542800	745	807	95	4	62	0.0645161
NODE_5118_length_1092_cov_105.542800	745	807	98	1	62	0.0161290
NODE_5118_length_1092_cov_105.542800	745	807	107	1	62	0.0161290
NODE_5118_length_1092_cov_105.542800	745	807	108	3	62	0.0483871
NODE_5118_length_1092_cov_105.542800	745	807	109	6	62	0.0967742
NODE_5118_length_1092_cov_105.542800	745	807	112	5	62	0.0806452
NODE_5118_length_1092_cov_105.542800	745	807	128	7	62	0.1129032
NODE_5118_length_1092_cov_105.542800	745	807	134	2	62	0.0322581
NODE_5118_length_1092_cov_105.542800	745	807	135	14	62	0.2258064
NODE_5118_length_1092_cov_105.542800	745	807	136	11	62	0.1774193
NODE_5119_length_1092_cov_30.957704	610	690	1	15	80	0.1875000
NODE_5119_length_1092_cov_30.957704	610	690	2	65	80	0.8125000
NODE_5119_length_1092_cov_30.957704	663	743	0	44	80	0.5500000
NODE_5119_length_1092_cov_30.957704	663	743	1	24	80	0.3000000
NODE_5119_length_1092_cov_30.957704	663	743	2	12	80	0.1500000
NODE_5121_length_1092_cov_16.737160	725	805	16	35	80	0.4375000
NODE_5121_length_1092_cov_16.737160	725	805	18	1	80	0.0125000
NODE_5121_length_1092_cov_16.737160	725	805	20	15	80	0.1875000
NODE_5121_length_1092_cov_16.737160	725	805	24	29	80	0.3625000
NODE_5121_length_1092_cov_16.737160	778	858	0	14	80	0.1750000
NODE_5121_length_1092_cov_16.737160	778	858	1	5	80	0.0625000
NODE_5121_length_1092_cov_16.737160	778	858	5	3	80	0.0375000
NODE_5121_length_1092_cov_16.737160	778	858	6	6	80	0.0750000
NODE_5121_length_1092_cov_16.737160	778	858	8	2	80	0.0250000
NODE_5121_length_1092_cov_16.737160	778	858	10	19	80	0.2375000
NODE_5121_length_1092_cov_16.737160	778	858	16	21	80	0.2625000
NODE_5121_length_1092_cov_16.737160	778	858	24	10	80	0.1250000
NODE_5123_length_1092_cov_11.193353	335	415	0	4	80	0.0500000
NODE_5123_length_1092_cov_11.193353	335	415	3	21	80	0.2625000
NODE_5123_length_1092_cov_11.193353	335	415	6	55	80	0.6875000
NODE_5123_length_1092_cov_11.193353	388	468	6	80	80	1.0000000
NODE_5124_length_1092_cov_9.348439	489	569	0	80	80	1.0000000
NODE_5124_length_1092_cov_9.348439	542	622	0	80	80	1.0000000
NODE_5125_length_1092_cov_7.533736	243	323	0	31	80	0.3875000
NODE_5125_length_1092_cov_7.533736	243	323	2	49	80	0.6125000
NODE_5125_length_1092_cov_7.533736	296	376	0	80	80	1.0000000
NODE_5126_length_1092_cov_6.968781	470	550	0	80	80	1.0000000
NODE_5126_length_1092_cov_6.968781	523	603	0	80	80	1.0000000
NODE_5134_length_1091_cov_54.234879	417	497	0	6	80	0.0750000
NODE_5134_length_1091_cov_54.234879	417	497	2	74	80	0.9250000
NODE_5134_length_1091_cov_54.234879	470	550	0	59	80	0.7375000
NODE_5134_length_1091_cov_54.234879	470	550	2	21	80	0.2625000
NODE_5134_length_1091_cov_54.234879	546	626	0	17	80	0.2125000
NODE_5134_length_1091_cov_54.234879	546	626	3	11	80	0.1375000
NODE_5134_length_1091_cov_54.234879	546	626	7	31	80	0.3875000
NODE_5134_length_1091_cov_54.234879	546	626	8	21	80	0.2625000
NODE_5134_length_1091_cov_54.234879	599	679	0	14	80	0.1750000
NODE_5134_length_1091_cov_54.234879	599	679	4	3	80	0.0375000
NODE_5134_length_1091_cov_54.234879	599	679	7	6	80	0.0750000
NODE_5134_length_1091_cov_54.234879	599	679	8	57	80	0.7125000
NODE_5135_length_1091_cov_35.045363	384	464	0	80	80	1.0000000
NODE_5135_length_1091_cov_35.045363	437	517	0	80	80	1.0000000
NODE_5135_length_1091_cov_35.045363	513	593	0	16	80	0.2000000
NODE_5135_length_1091_cov_35.045363	513	593	2	64	80	0.8000000
NODE_5135_length_1091_cov_35.045363	566	646	2	80	80	1.0000000
NODE_5136_length_1091_cov_28.490927	329	409	0	80	80	1.0000000
NODE_5136_length_1091_cov_28.490927	382	462	0	80	80	1.0000000
NODE_5136_length_1091_cov_28.490927	618	698	4	32	80	0.4000000
NODE_5136_length_1091_cov_28.490927	618	698	5	1	80	0.0125000
NODE_5136_length_1091_cov_28.490927	618	698	6	47	80	0.5875000
NODE_5136_length_1091_cov_28.490927	671	751	2	18	80	0.2250000
NODE_5136_length_1091_cov_28.490927	671	751	3	4	80	0.0500000
NODE_5136_length_1091_cov_28.490927	671	751	4	57	80	0.7125000
NODE_5136_length_1091_cov_28.490927	671	751	5	1	80	0.0125000
NODE_5137_length_1091_cov_23.733871	514	594	5	1	80	0.0125000
NODE_5137_length_1091_cov_23.733871	514	594	9	56	80	0.7000000
NODE_5137_length_1091_cov_23.733871	514	594	13	23	80	0.2875000
NODE_5137_length_1091_cov_23.733871	567	647	5	1	80	0.0125000
NODE_5137_length_1091_cov_23.733871	567	647	8	26	80	0.3250000
NODE_5137_length_1091_cov_23.733871	567	647	9	3	80	0.0375000
NODE_5137_length_1091_cov_23.733871	567	647	12	1	80	0.0125000
NODE_5137_length_1091_cov_23.733871	567	647	13	49	80	0.6125000
NODE_5138_length_1091_cov_13.065524	444	524	0	80	80	1.0000000
NODE_5138_length_1091_cov_13.065524	497	577	0	80	80	1.0000000
NODE_5139_length_1091_cov_10.961694	582	646	0	22	64	0.3437500
NODE_5139_length_1091_cov_10.961694	582	646	2	42	64	0.6562500
NODE_5140_length_1091_cov_8.166331	299	379	0	29	80	0.3625000
NODE_5140_length_1091_cov_8.166331	299	379	2	51	80	0.6375000
NODE_5140_length_1091_cov_8.166331	352	432	0	9	80	0.1125000
NODE_5140_length_1091_cov_8.166331	352	432	2	71	80	0.8875000
NODE_5141_length_1091_cov_7.006048	617	697	0	80	80	1.0000000
NODE_5141_length_1091_cov_7.006048	670	750	0	80	80	1.0000000
NODE_5151_length_1090_cov_73.781029	352	432	0	14	80	0.1750000
NODE_5151_length_1090_cov_73.781029	352	432	2	7	80	0.0875000
NODE_5151_length_1090_cov_73.781029	352	432	4	15	80	0.1875000
NODE_5151_length_1090_cov_73.781029	352	432	6	1	80	0.0125000
NODE_5151_length_1090_cov_73.781029	352	432	12	43	80	0.5375000
NODE_5151_length_1090_cov_73.781029	405	485	6	34	80	0.4250000
NODE_5151_length_1090_cov_73.781029	405	485	8	7	80	0.0875000
NODE_5151_length_1090_cov_73.781029	405	485	10	11	80	0.1375000
NODE_5151_length_1090_cov_73.781029	405	485	12	28	80	0.3500000
NODE_5151_length_1090_cov_73.781029	481	567	2	10	86	0.1162791
NODE_5151_length_1090_cov_73.781029	481	567	6	58	86	0.6744186
NODE_5151_length_1090_cov_73.781029	481	567	8	18	86	0.2093023
NODE_5151_length_1090_cov_73.781029	540	620	4	3	80	0.0375000
NODE_5151_length_1090_cov_73.781029	540	620	6	77	80	0.9625000
NODE_5152_length_1090_cov_42.394551	530	610	0	30	80	0.3750000
NODE_5152_length_1090_cov_42.394551	530	610	2	50	80	0.6250000
NODE_5152_length_1090_cov_42.394551	583	663	0	7	80	0.0875000
NODE_5152_length_1090_cov_42.394551	583	663	2	73	80	0.9125000
NODE_5153_length_1090_cov_37.643794	436	516	0	80	80	1.0000000
NODE_5153_length_1090_cov_37.643794	489	569	0	80	80	1.0000000
NODE_5153_length_1090_cov_37.643794	565	645	0	68	80	0.8500000
NODE_5153_length_1090_cov_37.643794	565	645	2	12	80	0.1500000
NODE_5153_length_1090_cov_37.643794	618	698	0	15	80	0.1875000
NODE_5153_length_1090_cov_37.643794	618	698	2	65	80	0.8125000
NODE_5154_length_1090_cov_32.876892	487	567	0	40	80	0.5000000
NODE_5154_length_1090_cov_32.876892	487	567	2	5	80	0.0625000
NODE_5154_length_1090_cov_32.876892	487	567	4	35	80	0.4375000
NODE_5154_length_1090_cov_32.876892	540	620	0	6	80	0.0750000
NODE_5154_length_1090_cov_32.876892	540	620	2	19	80	0.2375000
NODE_5154_length_1090_cov_32.876892	540	620	4	55	80	0.6875000
NODE_5155_length_1090_cov_25.373360	486	566	0	80	80	1.0000000
NODE_5155_length_1090_cov_25.373360	539	619	0	80	80	1.0000000
NODE_5156_length_1090_cov_21.290616	422	502	2	5	80	0.0625000
NODE_5156_length_1090_cov_21.290616	422	502	6	21	80	0.2625000
NODE_5156_length_1090_cov_21.290616	422	502	8	54	80	0.6750000
NODE_5156_length_1090_cov_21.290616	475	555	0	21	80	0.2625000
NODE_5156_length_1090_cov_21.290616	475	555	2	2	80	0.0250000
NODE_5156_length_1090_cov_21.290616	475	555	6	23	80	0.2875000
NODE_5156_length_1090_cov_21.290616	475	555	8	34	80	0.4250000
NODE_5156_length_1090_cov_21.290616	551	631	0	21	80	0.2625000
NODE_5156_length_1090_cov_21.290616	551	631	2	59	80	0.7375000
NODE_5156_length_1090_cov_21.290616	604	684	0	4	80	0.0500000
NODE_5156_length_1090_cov_21.290616	604	684	2	76	80	0.9500000
NODE_5157_length_1090_cov_16.040363	666	746	0	80	80	1.0000000
NODE_5157_length_1090_cov_16.040363	719	799	0	80	80	1.0000000
NODE_5158_length_1090_cov_14.826438	393	473	5	22	80	0.2750000
NODE_5158_length_1090_cov_14.826438	393	473	6	30	80	0.3750000
NODE_5158_length_1090_cov_14.826438	393	473	7	5	80	0.0625000
NODE_5158_length_1090_cov_14.826438	393	473	8	23	80	0.2875000
NODE_5158_length_1090_cov_14.826438	446	526	2	39	80	0.4875000
NODE_5158_length_1090_cov_14.826438	446	526	5	36	80	0.4500000
NODE_5158_length_1090_cov_14.826438	446	526	7	5	80	0.0625000
NODE_5159_length_1090_cov_13.721493	498	578	8	80	80	1.0000000
NODE_5159_length_1090_cov_13.721493	551	631	0	21	80	0.2625000
NODE_5159_length_1090_cov_13.721493	551	631	8	59	80	0.7375000
NODE_5160_length_1090_cov_12.365288	386	467	0	26	81	0.3209876
NODE_5160_length_1090_cov_12.365288	386	467	2	22	81	0.2716049
NODE_5160_length_1090_cov_12.365288	386	467	6	33	81	0.4074074
NODE_5160_length_1090_cov_12.365288	440	520	4	13	80	0.1625000
NODE_5160_length_1090_cov_12.365288	440	520	6	67	80	0.8375000
NODE_5160_length_1090_cov_12.365288	516	596	0	32	80	0.4000000
NODE_5160_length_1090_cov_12.365288	516	596	2	28	80	0.3500000
NODE_5160_length_1090_cov_12.365288	516	596	4	20	80	0.2500000
NODE_5160_length_1090_cov_12.365288	569	649	2	80	80	1.0000000
NODE_5161_length_1090_cov_5.348133	0	80	4	4	80	0.0500000
NODE_5161_length_1090_cov_5.348133	0	80	6	5	80	0.0625000
NODE_5161_length_1090_cov_5.348133	0	80	8	4	80	0.0500000
NODE_5161_length_1090_cov_5.348133	0	80	12	35	80	0.4375000
NODE_5161_length_1090_cov_5.348133	0	80	14	2	80	0.0250000
NODE_5161_length_1090_cov_5.348133	0	80	16	2	80	0.0250000
NODE_5161_length_1090_cov_5.348133	0	80	18	1	80	0.0125000
NODE_5161_length_1090_cov_5.348133	0	80	20	1	80	0.0125000
NODE_5161_length_1090_cov_5.348133	0	80	21	1	80	0.0125000
NODE_5161_length_1090_cov_5.348133	0	80	22	25	80	0.3125000
NODE_5161_length_1090_cov_5.348133	53	99	20	1	46	0.0217391
NODE_5161_length_1090_cov_5.348133	53	99	21	1	46	0.0217391
NODE_5161_length_1090_cov_5.348133	53	99	22	44	46	0.9565217
NODE_5163_length_1090_cov_3.598385	300	340	9	10	40	0.2500000
NODE_5163_length_1090_cov_3.598385	300	340	10	6	40	0.1500000
NODE_5163_length_1090_cov_3.598385	300	340	11	14	40	0.3500000
NODE_5163_length_1090_cov_3.598385	300	340	12	10	40	0.2500000
NODE_5170_length_1089_cov_55.374747	515	594	0	79	79	1.0000000
NODE_5170_length_1089_cov_55.374747	567	647	0	80	80	1.0000000
NODE_5170_length_1089_cov_55.374747	643	723	0	80	80	1.0000000
NODE_5170_length_1089_cov_55.374747	696	776	0	80	80	1.0000000
NODE_5171_length_1089_cov_38.506061	458	538	2	80	80	1.0000000
NODE_5171_length_1089_cov_38.506061	511	591	0	48	80	0.6000000
NODE_5171_length_1089_cov_38.506061	511	591	2	32	80	0.4000000
NODE_5171_length_1089_cov_38.506061	587	667	0	7	80	0.0875000
NODE_5171_length_1089_cov_38.506061	587	667	4	73	80	0.9125000
NODE_5171_length_1089_cov_38.506061	640	720	4	80	80	1.0000000
NODE_5172_length_1089_cov_22.657576	379	459	21	4	80	0.0500000
NODE_5172_length_1089_cov_22.657576	379	459	25	53	80	0.6625000
NODE_5172_length_1089_cov_22.657576	379	459	26	23	80	0.2875000
NODE_5172_length_1089_cov_22.657576	432	512	0	8	80	0.1000000
NODE_5172_length_1089_cov_22.657576	432	512	5	15	80	0.1875000
NODE_5172_length_1089_cov_22.657576	432	512	21	20	80	0.2500000
NODE_5172_length_1089_cov_22.657576	432	512	25	31	80	0.3875000
NODE_5172_length_1089_cov_22.657576	432	512	26	6	80	0.0750000
NODE_5173_length_1089_cov_21.180808	547	627	1	24	80	0.3000000
NODE_5173_length_1089_cov_21.180808	547	627	2	56	80	0.7000000
NODE_5173_length_1089_cov_21.180808	600	680	1	41	80	0.5125000
NODE_5173_length_1089_cov_21.180808	600	680	2	39	80	0.4875000
NODE_5174_length_1089_cov_18.713131	431	511	0	23	80	0.2875000
NODE_5174_length_1089_cov_18.713131	431	511	1	31	80	0.3875000
NODE_5174_length_1089_cov_18.713131	431	511	2	26	80	0.3250000
NODE_5174_length_1089_cov_18.713131	484	564	0	63	80	0.7875000
NODE_5174_length_1089_cov_18.713131	484	564	1	4	80	0.0500000
NODE_5174_length_1089_cov_18.713131	484	564	4	13	80	0.1625000
NODE_5174_length_1089_cov_18.713131	560	640	4	80	80	1.0000000
NODE_5174_length_1089_cov_18.713131	613	693	0	53	80	0.6625000
NODE_5174_length_1089_cov_18.713131	613	693	4	27	80	0.3375000
NODE_5175_length_1089_cov_17.382828	376	456	2	80	80	1.0000000
NODE_5175_length_1089_cov_17.382828	429	509	2	40	80	0.5000000
NODE_5175_length_1089_cov_17.382828	429	509	4	40	80	0.5000000
NODE_5175_length_1089_cov_17.382828	505	585	2	80	80	1.0000000
NODE_5175_length_1089_cov_17.382828	558	638	0	47	80	0.5875000
NODE_5175_length_1089_cov_17.382828	558	638	2	33	80	0.4125000
NODE_5176_length_1089_cov_14.540404	610	690	0	37	80	0.4625000
NODE_5176_length_1089_cov_14.540404	610	690	2	43	80	0.5375000
NODE_5176_length_1089_cov_14.540404	663	743	0	1	80	0.0125000
NODE_5176_length_1089_cov_14.540404	663	743	2	79	80	0.9875000
NODE_5182_length_1088_cov_10.603640	504	584	0	80	80	1.0000000
NODE_5182_length_1088_cov_10.603640	557	632	0	75	75	1.0000000
NODE_5194_length_1088_cov_0.759353	0	59	0	59	59	1.0000000
NODE_5194_length_1088_cov_0.759353	32	97	0	65	65	1.0000000
NODE_5195_length_1087_cov_51.676113	457	537	7	20	80	0.2500000
NODE_5195_length_1087_cov_51.676113	457	537	12	2	80	0.0250000
NODE_5195_length_1087_cov_51.676113	457	537	14	33	80	0.4125000
NODE_5195_length_1087_cov_51.676113	457	537	15	25	80	0.3125000
NODE_5195_length_1087_cov_51.676113	510	590	10	19	80	0.2375000
NODE_5195_length_1087_cov_51.676113	510	590	12	3	80	0.0375000
NODE_5195_length_1087_cov_51.676113	510	590	14	58	80	0.7250000
NODE_5195_length_1087_cov_51.676113	586	666	2	47	80	0.5875000
NODE_5195_length_1087_cov_51.676113	586	666	4	12	80	0.1500000
NODE_5195_length_1087_cov_51.676113	586	666	9	1	80	0.0125000
NODE_5195_length_1087_cov_51.676113	586	666	10	20	80	0.2500000
NODE_5195_length_1087_cov_51.676113	639	719	0	3	80	0.0375000
NODE_5195_length_1087_cov_51.676113	639	719	2	68	80	0.8500000
NODE_5195_length_1087_cov_51.676113	639	719	4	9	80	0.1125000
NODE_5196_length_1087_cov_47.144737	214	276	72	1	62	0.0161290
NODE_5196_length_1087_cov_47.144737	214	276	74	2	62	0.0322581
NODE_5196_length_1087_cov_47.144737	214	276	78	1	62	0.0161290
NODE_5196_length_1087_cov_47.144737	214	276	82	2	62	0.0322581
NODE_5196_length_1087_cov_47.144737	214	276	88	2	62	0.0322581
NODE_5196_length_1087_cov_47.144737	214	276	92	1	62	0.0161290
NODE_5196_length_1087_cov_47.144737	214	276	93	1	62	0.0161290
NODE_5196_length_1087_cov_47.144737	214	276	95	3	62	0.0483871
NODE_5196_length_1087_cov_47.144737	214	276	98	1	62	0.0161290
NODE_5196_length_1087_cov_47.144737	214	276	102	1	62	0.0161290
NODE_5196_length_1087_cov_47.144737	214	276	108	3	62	0.0483871
NODE_5196_length_1087_cov_47.144737	214	276	111	1	62	0.0161290
NODE_5196_length_1087_cov_47.144737	214	276	113	1	62	0.0161290
NODE_5196_length_1087_cov_47.144737	214	276	115	4	62	0.0645161
NODE_5196_length_1087_cov_47.144737	214	276	116	1	62	0.0161290
NODE_5196_length_1087_cov_47.144737	214	276	118	2	62	0.0322581
NODE_5196_length_1087_cov_47.144737	214	276	120	2	62	0.0322581
NODE_5196_length_1087_cov_47.144737	214	276	122	1	62	0.0161290
NODE_5196_length_1087_cov_47.144737	214	276	125	1	62	0.0161290
NODE_5196_length_1087_cov_47.144737	214	276	129	1	62	0.0161290
NODE_5196_length_1087_cov_47.144737	214	276	132	1	62	0.0161290
NODE_5196_length_1087_cov_47.144737	214	276	134	1	62	0.0161290
NODE_5196_length_1087_cov_47.144737	214	276	136	2	62	0.0322581
NODE_5196_length_1087_cov_47.144737	214	276	138	2	62	0.0322581
NODE_5196_length_1087_cov_47.144737	214	276	140	1	62	0.0161290
NODE_5196_length_1087_cov_47.144737	214	276	142	2	62	0.0322581
NODE_5196_length_1087_cov_47.144737	214	276	144	3	62	0.0483871
NODE_5196_length_1087_cov_47.144737	214	276	148	3	62	0.0483871
NODE_5196_length_1087_cov_47.144737	214	276	150	6	62	0.0967742
NODE_5196_length_1087_cov_47.144737	214	276	152	1	62	0.0161290
NODE_5196_length_1087_cov_47.144737	214	276	154	1	62	0.0161290
NODE_5196_length_1087_cov_47.144737	214	276	156	2	62	0.0322581
NODE_5196_length_1087_cov_47.144737	214	276	158	3	62	0.0483871
NODE_5196_length_1087_cov_47.144737	214	276	160	1	62	0.0161290
NODE_5196_length_1087_cov_47.144737	214	276	162	1	62	0.0161290
NODE_5196_length_1087_cov_47.144737	630	710	6	19	80	0.2375000
NODE_5196_length_1087_cov_47.144737	630	710	8	27	80	0.3375000
NODE_5196_length_1087_cov_47.144737	630	710	10	34	80	0.4250000
NODE_5196_length_1087_cov_47.144737	683	763	2	50	80	0.6250000
NODE_5196_length_1087_cov_47.144737	683	763	6	22	80	0.2750000
NODE_5196_length_1087_cov_47.144737	683	763	10	8	80	0.1000000
NODE_5197_length_1087_cov_46.633603	871	951	8	20	80	0.2500000
NODE_5197_length_1087_cov_46.633603	871	951	10	60	80	0.7500000
NODE_5197_length_1087_cov_46.633603	924	999	0	22	75	0.2933333
NODE_5197_length_1087_cov_46.633603	924	999	8	46	75	0.6133333
NODE_5197_length_1087_cov_46.633603	924	999	10	7	75	0.0933333
NODE_5198_length_1087_cov_30.577935	528	608	0	70	80	0.8750000
NODE_5198_length_1087_cov_30.577935	528	608	6	10	80	0.1250000
NODE_5198_length_1087_cov_30.577935	581	661	0	17	80	0.2125000
NODE_5198_length_1087_cov_30.577935	581	661	6	63	80	0.7875000
NODE_5199_length_1087_cov_30.205466	515	591	7	4	76	0.0526316
NODE_5199_length_1087_cov_30.205466	515	591	8	6	76	0.0789474
NODE_5199_length_1087_cov_30.205466	515	591	9	37	76	0.4868421
NODE_5199_length_1087_cov_30.205466	515	591	10	29	76	0.3815790
NODE_5199_length_1087_cov_30.205466	564	644	6	27	80	0.3375000
NODE_5199_length_1087_cov_30.205466	564	644	9	1	80	0.0125000
NODE_5199_length_1087_cov_30.205466	564	644	10	52	80	0.6500000
NODE_5200_length_1087_cov_29.595142	568	648	0	26	80	0.3250000
NODE_5200_length_1087_cov_29.595142	568	648	2	54	80	0.6750000
NODE_5200_length_1087_cov_29.595142	621	701	0	5	80	0.0625000
NODE_5200_length_1087_cov_29.595142	621	701	2	75	80	0.9375000
NODE_5201_length_1087_cov_11.600202	374	454	0	36	80	0.4500000
NODE_5201_length_1087_cov_11.600202	374	454	4	44	80	0.5500000
NODE_5201_length_1087_cov_11.600202	427	507	0	8	80	0.1000000
NODE_5201_length_1087_cov_11.600202	427	507	4	72	80	0.9000000
NODE_5202_length_1087_cov_7.746964	436	516	2	80	80	1.0000000
NODE_5202_length_1087_cov_7.746964	489	569	0	49	80	0.6125000
NODE_5202_length_1087_cov_7.746964	489	569	2	31	80	0.3875000
NODE_5211_length_1086_cov_35.748734	406	486	0	80	80	1.0000000
NODE_5211_length_1086_cov_35.748734	459	539	0	80	80	1.0000000
NODE_5212_length_1086_cov_18.445795	325	405	0	26	80	0.3250000
NODE_5212_length_1086_cov_18.445795	325	405	2	1	80	0.0125000
NODE_5212_length_1086_cov_18.445795	325	405	10	53	80	0.6625000
NODE_5212_length_1086_cov_18.445795	378	458	0	4	80	0.0500000
NODE_5212_length_1086_cov_18.445795	378	458	7	1	80	0.0125000
NODE_5212_length_1086_cov_18.445795	378	458	8	27	80	0.3375000
NODE_5212_length_1086_cov_18.445795	378	458	10	48	80	0.6000000
NODE_5213_length_1086_cov_16.878419	528	608	0	80	80	1.0000000
NODE_5213_length_1086_cov_16.878419	581	661	0	80	80	1.0000000
NODE_5214_length_1086_cov_10.700101	498	578	0	42	80	0.5250000
NODE_5214_length_1086_cov_10.700101	498	578	2	38	80	0.4750000
NODE_5214_length_1086_cov_10.700101	551	631	0	1	80	0.0125000
NODE_5214_length_1086_cov_10.700101	551	631	2	79	80	0.9875000
NODE_5215_length_1086_cov_10.656535	277	357	3	2	80	0.0250000
NODE_5215_length_1086_cov_10.656535	277	357	4	78	80	0.9750000
NODE_5215_length_1086_cov_10.656535	330	410	0	37	80	0.4625000
NODE_5215_length_1086_cov_10.656535	330	410	2	15	80	0.1875000
NODE_5215_length_1086_cov_10.656535	330	410	3	3	80	0.0375000
NODE_5215_length_1086_cov_10.656535	330	410	4	25	80	0.3125000
NODE_5216_length_1086_cov_6.873354	374	454	0	80	80	1.0000000
NODE_5216_length_1086_cov_6.873354	427	507	0	80	80	1.0000000
NODE_5217_length_1086_cov_5.225937	869	949	0	55	80	0.6875000
NODE_5217_length_1086_cov_5.225937	869	949	2	25	80	0.3125000
NODE_5217_length_1086_cov_5.225937	922	1002	0	21	80	0.2625000
NODE_5217_length_1086_cov_5.225937	922	1002	2	59	80	0.7375000
NODE_5229_length_1085_cov_30.599391	515	595	0	80	80	1.0000000
NODE_5229_length_1085_cov_30.599391	568	648	0	80	80	1.0000000
NODE_5231_length_1085_cov_13.723124	558	638	0	53	80	0.6625000
NODE_5231_length_1085_cov_13.723124	558	638	4	27	80	0.3375000
NODE_5231_length_1085_cov_13.723124	611	691	0	2	80	0.0250000
NODE_5231_length_1085_cov_13.723124	611	691	4	78	80	0.9750000
NODE_5232_length_1085_cov_12.481744	576	656	0	80	80	1.0000000
NODE_5232_length_1085_cov_12.481744	629	709	0	80	80	1.0000000
NODE_5233_length_1085_cov_11.570994	553	633	0	15	80	0.1875000
NODE_5233_length_1085_cov_11.570994	553	633	2	65	80	0.8125000
NODE_5233_length_1085_cov_11.570994	606	686	0	26	80	0.3250000
NODE_5233_length_1085_cov_11.570994	606	686	2	54	80	0.6750000
NODE_5234_length_1085_cov_10.730223	273	353	0	10	80	0.1250000
NODE_5234_length_1085_cov_10.730223	273	353	2	70	80	0.8750000
NODE_5234_length_1085_cov_10.730223	326	406	0	9	80	0.1125000
NODE_5234_length_1085_cov_10.730223	326	406	2	71	80	0.8875000
NODE_5234_length_1085_cov_10.730223	402	482	2	9	80	0.1125000
NODE_5234_length_1085_cov_10.730223	402	482	4	71	80	0.8875000
NODE_5234_length_1085_cov_10.730223	455	535	0	20	80	0.2500000
NODE_5234_length_1085_cov_10.730223	455	535	2	10	80	0.1250000
NODE_5234_length_1085_cov_10.730223	455	535	4	50	80	0.6250000
NODE_5234_length_1085_cov_10.730223	832	908	6	1	76	0.0131579
NODE_5234_length_1085_cov_10.730223	832	908	8	2	76	0.0263158
NODE_5234_length_1085_cov_10.730223	832	908	10	6	76	0.0789474
NODE_5234_length_1085_cov_10.730223	832	908	16	3	76	0.0394737
NODE_5234_length_1085_cov_10.730223	832	908	18	12	76	0.1578947
NODE_5234_length_1085_cov_10.730223	832	908	19	1	76	0.0131579
NODE_5234_length_1085_cov_10.730223	832	908	20	3	76	0.0394737
NODE_5234_length_1085_cov_10.730223	832	908	23	48	76	0.6315789
NODE_5236_length_1085_cov_8.309331	400	480	0	3	80	0.0375000
NODE_5236_length_1085_cov_8.309331	400	480	4	77	80	0.9625000
NODE_5236_length_1085_cov_8.309331	453	533	0	56	80	0.7000000
NODE_5236_length_1085_cov_8.309331	453	533	4	24	80	0.3000000
NODE_5248_length_1084_cov_60.255838	446	524	0	77	78	0.9871795
NODE_5248_length_1084_cov_60.255838	446	524	2	1	78	0.0128205
NODE_5248_length_1084_cov_60.255838	497	577	0	32	80	0.4000000
NODE_5248_length_1084_cov_60.255838	497	577	2	48	80	0.6000000
NODE_5249_length_1084_cov_33.332995	445	525	4	17	80	0.2125000
NODE_5249_length_1084_cov_33.332995	445	525	6	34	80	0.4250000
NODE_5249_length_1084_cov_33.332995	445	525	10	29	80	0.3625000
NODE_5249_length_1084_cov_33.332995	498	578	4	20	80	0.2500000
NODE_5249_length_1084_cov_33.332995	498	578	6	13	80	0.1625000
NODE_5249_length_1084_cov_33.332995	498	578	10	47	80	0.5875000
NODE_5250_length_1084_cov_11.004061	757	837	0	80	80	1.0000000
NODE_5250_length_1084_cov_11.004061	810	890	0	80	80	1.0000000
NODE_5258_length_1083_cov_42.182927	451	531	0	80	80	1.0000000
NODE_5258_length_1083_cov_42.182927	504	584	0	80	80	1.0000000
NODE_5258_length_1083_cov_42.182927	580	660	0	80	80	1.0000000
NODE_5258_length_1083_cov_42.182927	633	713	0	80	80	1.0000000
NODE_5259_length_1083_cov_41.163618	275	355	0	80	80	1.0000000
NODE_5259_length_1083_cov_41.163618	328	408	0	80	80	1.0000000
NODE_5259_length_1083_cov_41.163618	404	484	0	80	80	1.0000000
NODE_5259_length_1083_cov_41.163618	457	537	0	80	80	1.0000000
NODE_5260_length_1083_cov_39.798780	527	607	2	32	80	0.4000000
NODE_5260_length_1083_cov_39.798780	527	607	6	18	80	0.2250000
NODE_5260_length_1083_cov_39.798780	527	607	8	30	80	0.3750000
NODE_5260_length_1083_cov_39.798780	580	660	6	50	80	0.6250000
NODE_5260_length_1083_cov_39.798780	580	660	8	30	80	0.3750000
NODE_5261_length_1083_cov_34.261179	475	555	0	80	80	1.0000000
NODE_5261_length_1083_cov_34.261179	528	608	0	80	80	1.0000000
NODE_5262_length_1083_cov_33.573171	486	566	2	80	80	1.0000000
NODE_5262_length_1083_cov_33.573171	539	619	0	26	80	0.3250000
NODE_5262_length_1083_cov_33.573171	539	619	1	1	80	0.0125000
NODE_5262_length_1083_cov_33.573171	539	619	2	53	80	0.6625000
NODE_5262_length_1083_cov_33.573171	615	695	0	11	80	0.1375000
NODE_5262_length_1083_cov_33.573171	615	695	2	67	80	0.8375000
NODE_5262_length_1083_cov_33.573171	615	695	4	2	80	0.0250000
NODE_5262_length_1083_cov_33.573171	668	748	2	39	80	0.4875000
NODE_5262_length_1083_cov_33.573171	668	748	4	41	80	0.5125000
NODE_5263_length_1083_cov_33.091463	452	532	2	45	80	0.5625000
NODE_5263_length_1083_cov_33.091463	452	532	4	35	80	0.4375000
NODE_5263_length_1083_cov_33.091463	505	585	2	42	80	0.5250000
NODE_5263_length_1083_cov_33.091463	505	585	4	38	80	0.4750000
NODE_5264_length_1083_cov_30.982724	550	630	0	80	80	1.0000000
NODE_5264_length_1083_cov_30.982724	603	683	0	80	80	1.0000000
NODE_5265_length_1083_cov_18.819106	586	666	0	32	80	0.4000000
NODE_5265_length_1083_cov_18.819106	586	666	2	48	80	0.6000000
NODE_5265_length_1083_cov_18.819106	639	719	2	80	80	1.0000000
NODE_5266_length_1083_cov_17.278455	408	488	0	18	80	0.2250000
NODE_5266_length_1083_cov_17.278455	408	488	8	62	80	0.7750000
NODE_5266_length_1083_cov_17.278455	461	541	0	71	80	0.8875000
NODE_5266_length_1083_cov_17.278455	461	541	8	9	80	0.1125000
NODE_5267_length_1083_cov_13.862805	481	561	0	47	80	0.5875000
NODE_5267_length_1083_cov_13.862805	481	561	2	7	80	0.0875000
NODE_5267_length_1083_cov_13.862805	481	561	3	26	80	0.3250000
NODE_5267_length_1083_cov_13.862805	534	614	2	1	80	0.0125000
NODE_5267_length_1083_cov_13.862805	534	614	3	38	80	0.4750000
NODE_5267_length_1083_cov_13.862805	534	614	4	41	80	0.5125000
NODE_5268_length_1083_cov_13.083333	522	602	0	27	80	0.3375000
NODE_5268_length_1083_cov_13.083333	522	602	6	19	80	0.2375000
NODE_5268_length_1083_cov_13.083333	522	602	10	17	80	0.2125000
NODE_5268_length_1083_cov_13.083333	522	602	14	1	80	0.0125000
NODE_5268_length_1083_cov_13.083333	522	602	16	16	80	0.2000000
NODE_5268_length_1083_cov_13.083333	575	655	10	22	80	0.2750000
NODE_5268_length_1083_cov_13.083333	575	655	14	1	80	0.0125000
NODE_5268_length_1083_cov_13.083333	575	655	16	57	80	0.7125000
NODE_5269_length_1083_cov_11.824187	242	322	0	9	80	0.1125000
NODE_5269_length_1083_cov_11.824187	242	322	3	3	80	0.0375000
NODE_5269_length_1083_cov_11.824187	242	322	4	43	80	0.5375000
NODE_5269_length_1083_cov_11.824187	242	322	8	25	80	0.3125000
NODE_5269_length_1083_cov_11.824187	295	375	4	21	80	0.2625000
NODE_5269_length_1083_cov_11.824187	295	375	8	59	80	0.7375000
NODE_5271_length_1083_cov_3.025407	359	439	0	80	80	1.0000000
NODE_5271_length_1083_cov_3.025407	412	489	0	77	77	1.0000000
NODE_5277_length_1082_cov_34.664293	461	541	0	80	80	1.0000000
NODE_5277_length_1082_cov_34.664293	514	594	0	80	80	1.0000000
NODE_5278_length_1082_cov_17.422177	406	486	0	7	80	0.0875000
NODE_5278_length_1082_cov_17.422177	406	486	2	73	80	0.9125000
NODE_5278_length_1082_cov_17.422177	459	539	0	34	80	0.4250000
NODE_5278_length_1082_cov_17.422177	459	539	2	46	80	0.5750000
NODE_5279_length_1082_cov_15.906409	442	522	0	9	80	0.1125000
NODE_5279_length_1082_cov_15.906409	442	522	1	4	80	0.0500000
NODE_5279_length_1082_cov_15.906409	442	522	3	5	80	0.0625000
NODE_5279_length_1082_cov_15.906409	442	522	7	43	80	0.5375000
NODE_5279_length_1082_cov_15.906409	442	522	8	19	80	0.2375000
NODE_5279_length_1082_cov_15.906409	495	575	7	8	80	0.1000000
NODE_5279_length_1082_cov_15.906409	495	575	8	72	80	0.9000000
NODE_5280_length_1082_cov_13.703967	324	404	0	80	80	1.0000000
NODE_5280_length_1082_cov_13.703967	377	457	0	80	80	1.0000000
NODE_5281_length_1082_cov_6.478128	159	205	4	45	46	0.9782609
NODE_5281_length_1082_cov_6.478128	159	205	10	1	46	0.0217391
NODE_5281_length_1082_cov_6.478128	203	283	4	1	80	0.0125000
NODE_5281_length_1082_cov_6.478128	203	283	10	10	80	0.1250000
NODE_5281_length_1082_cov_6.478128	203	283	12	18	80	0.2250000
NODE_5281_length_1082_cov_6.478128	203	283	14	1	80	0.0125000
NODE_5281_length_1082_cov_6.478128	203	283	15	2	80	0.0250000
NODE_5281_length_1082_cov_6.478128	203	283	17	17	80	0.2125000
NODE_5281_length_1082_cov_6.478128	203	283	20	6	80	0.0750000
NODE_5281_length_1082_cov_6.478128	203	283	21	25	80	0.3125000
NODE_5281_length_1082_cov_6.478128	256	336	4	6	80	0.0750000
NODE_5281_length_1082_cov_6.478128	256	336	8	3	80	0.0375000
NODE_5281_length_1082_cov_6.478128	256	336	10	2	80	0.0250000
NODE_5281_length_1082_cov_6.478128	256	336	12	11	80	0.1375000
NODE_5281_length_1082_cov_6.478128	256	336	18	23	80	0.2875000
NODE_5281_length_1082_cov_6.478128	256	336	20	14	80	0.1750000
NODE_5281_length_1082_cov_6.478128	256	336	21	21	80	0.2625000
NODE_5281_length_1082_cov_6.478128	861	941	0	17	80	0.2125000
NODE_5281_length_1082_cov_6.478128	861	941	4	63	80	0.7875000
NODE_5282_length_1082_cov_4.218718	982	1062	71	2	80	0.0250000
NODE_5282_length_1082_cov_4.218718	982	1062	78	1	80	0.0125000
NODE_5282_length_1082_cov_4.218718	982	1062	86	1	80	0.0125000
NODE_5282_length_1082_cov_4.218718	982	1062	92	1	80	0.0125000
NODE_5282_length_1082_cov_4.218718	982	1062	102	1	80	0.0125000
NODE_5282_length_1082_cov_4.218718	982	1062	104	4	80	0.0500000
NODE_5282_length_1082_cov_4.218718	982	1062	112	2	80	0.0250000
NODE_5282_length_1082_cov_4.218718	982	1062	115	2	80	0.0250000
NODE_5282_length_1082_cov_4.218718	982	1062	116	2	80	0.0250000
NODE_5282_length_1082_cov_4.218718	982	1062	120	1	80	0.0125000
NODE_5282_length_1082_cov_4.218718	982	1062	122	3	80	0.0375000
NODE_5282_length_1082_cov_4.218718	982	1062	126	1	80	0.0125000
NODE_5282_length_1082_cov_4.218718	982	1062	134	2	80	0.0250000
NODE_5282_length_1082_cov_4.218718	982	1062	136	1	80	0.0125000
NODE_5282_length_1082_cov_4.218718	982	1062	143	1	80	0.0125000
NODE_5282_length_1082_cov_4.218718	982	1062	151	1	80	0.0125000
NODE_5282_length_1082_cov_4.218718	982	1062	153	1	80	0.0125000
NODE_5282_length_1082_cov_4.218718	982	1062	154	4	80	0.0500000
NODE_5282_length_1082_cov_4.218718	982	1062	156	3	80	0.0375000
NODE_5282_length_1082_cov_4.218718	982	1062	158	1	80	0.0125000
NODE_5282_length_1082_cov_4.218718	982	1062	162	4	80	0.0500000
NODE_5282_length_1082_cov_4.218718	982	1062	165	1	80	0.0125000
NODE_5282_length_1082_cov_4.218718	982	1062	167	4	80	0.0500000
NODE_5282_length_1082_cov_4.218718	982	1062	171	2	80	0.0250000
NODE_5282_length_1082_cov_4.218718	982	1062	177	3	80	0.0375000
NODE_5282_length_1082_cov_4.218718	982	1062	178	1	80	0.0125000
NODE_5282_length_1082_cov_4.218718	982	1062	180	7	80	0.0875000
NODE_5282_length_1082_cov_4.218718	982	1062	182	7	80	0.0875000
NODE_5282_length_1082_cov_4.218718	982	1062	184	4	80	0.0500000
NODE_5282_length_1082_cov_4.218718	982	1062	186	12	80	0.1500000
NODE_5291_length_1081_cov_45.308554	510	590	0	16	80	0.2000000
NODE_5291_length_1081_cov_45.308554	510	590	2	36	80	0.4500000
NODE_5291_length_1081_cov_45.308554	510	590	4	28	80	0.3500000
NODE_5291_length_1081_cov_45.308554	563	643	2	4	80	0.0500000
NODE_5291_length_1081_cov_45.308554	563	643	4	76	80	0.9500000
NODE_5292_length_1081_cov_39.581466	476	556	18	42	80	0.5250000
NODE_5292_length_1081_cov_39.581466	476	556	20	38	80	0.4750000
NODE_5292_length_1081_cov_39.581466	529	609	0	14	80	0.1750000
NODE_5292_length_1081_cov_39.581466	529	609	3	1	80	0.0125000
NODE_5292_length_1081_cov_39.581466	529	609	4	6	80	0.0750000
NODE_5292_length_1081_cov_39.581466	529	609	6	1	80	0.0125000
NODE_5292_length_1081_cov_39.581466	529	609	10	14	80	0.1750000
NODE_5292_length_1081_cov_39.581466	529	609	12	8	80	0.1000000
NODE_5292_length_1081_cov_39.581466	529	609	18	30	80	0.3750000
NODE_5292_length_1081_cov_39.581466	529	609	20	6	80	0.0750000
NODE_5292_length_1081_cov_39.581466	605	685	12	37	80	0.4625000
NODE_5292_length_1081_cov_39.581466	605	685	13	19	80	0.2375000
NODE_5292_length_1081_cov_39.581466	605	685	14	24	80	0.3000000
NODE_5292_length_1081_cov_39.581466	658	738	13	72	80	0.9000000
NODE_5292_length_1081_cov_39.581466	658	738	14	8	80	0.1000000
NODE_5293_length_1081_cov_39.457230	373	453	0	18	80	0.2250000
NODE_5293_length_1081_cov_39.457230	373	453	2	21	80	0.2625000
NODE_5293_length_1081_cov_39.457230	373	453	4	41	80	0.5125000
NODE_5293_length_1081_cov_39.457230	426	506	0	71	80	0.8875000
NODE_5293_length_1081_cov_39.457230	426	506	2	9	80	0.1125000
NODE_5294_length_1081_cov_20.415479	376	451	0	75	75	1.0000000
NODE_5294_length_1081_cov_20.415479	436	511	0	75	75	1.0000000
NODE_5294_length_1081_cov_20.415479	496	571	0	75	75	1.0000000
NODE_5294_length_1081_cov_20.415479	544	624	0	80	80	1.0000000
NODE_5295_length_1081_cov_19.985743	378	458	0	1	80	0.0125000
NODE_5295_length_1081_cov_19.985743	378	458	2	48	80	0.6000000
NODE_5295_length_1081_cov_19.985743	378	458	3	31	80	0.3875000
NODE_5295_length_1081_cov_19.985743	431	511	0	48	80	0.6000000
NODE_5295_length_1081_cov_19.985743	431	511	2	26	80	0.3250000
NODE_5295_length_1081_cov_19.985743	431	511	4	6	80	0.0750000
NODE_5295_length_1081_cov_19.985743	507	587	4	15	80	0.1875000
NODE_5295_length_1081_cov_19.985743	507	587	7	1	80	0.0125000
NODE_5295_length_1081_cov_19.985743	507	587	8	64	80	0.8000000
NODE_5295_length_1081_cov_19.985743	560	640	3	30	80	0.3750000
NODE_5295_length_1081_cov_19.985743	560	640	7	24	80	0.3000000
NODE_5295_length_1081_cov_19.985743	560	640	8	26	80	0.3250000
NODE_5296_length_1081_cov_12.658859	468	548	0	40	80	0.5000000
NODE_5296_length_1081_cov_12.658859	468	548	2	40	80	0.5000000
NODE_5296_length_1081_cov_12.658859	521	601	2	80	80	1.0000000
NODE_5299_length_1081_cov_2.586558	7	44	0	37	37	1.0000000
NODE_5304_length_1080_cov_27.857288	261	341	2	11	80	0.1375000
NODE_5304_length_1080_cov_27.857288	261	341	4	36	80	0.4500000
NODE_5304_length_1080_cov_27.857288	261	341	6	33	80	0.4125000
NODE_5304_length_1080_cov_27.857288	314	394	2	18	80	0.2250000
NODE_5304_length_1080_cov_27.857288	314	394	4	47	80	0.5875000
NODE_5304_length_1080_cov_27.857288	314	394	6	15	80	0.1875000
NODE_5305_length_1080_cov_24.258919	321	401	0	31	80	0.3875000
NODE_5305_length_1080_cov_24.258919	321	401	2	49	80	0.6125000
NODE_5305_length_1080_cov_24.258919	374	454	0	80	80	1.0000000
NODE_5305_length_1080_cov_24.258919	450	530	0	80	80	1.0000000
NODE_5305_length_1080_cov_24.258919	503	583	0	80	80	1.0000000
NODE_5306_length_1080_cov_22.589195	446	526	0	80	80	1.0000000
NODE_5306_length_1080_cov_22.589195	499	579	0	48	80	0.6000000
NODE_5306_length_1080_cov_22.589195	499	579	4	32	80	0.4000000
NODE_5306_length_1080_cov_22.589195	575	655	4	31	80	0.3875000
NODE_5306_length_1080_cov_22.589195	575	655	6	49	80	0.6125000
NODE_5306_length_1080_cov_22.589195	628	708	2	25	80	0.3125000
NODE_5306_length_1080_cov_22.589195	628	708	5	1	80	0.0125000
NODE_5306_length_1080_cov_22.589195	628	708	6	54	80	0.6750000
NODE_5307_length_1080_cov_15.544343	599	679	0	4	80	0.0500000
NODE_5307_length_1080_cov_15.544343	599	679	1	6	80	0.0750000
NODE_5307_length_1080_cov_15.544343	599	679	2	43	80	0.5375000
NODE_5307_length_1080_cov_15.544343	599	679	4	27	80	0.3375000
NODE_5307_length_1080_cov_15.544343	652	732	2	36	80	0.4500000
NODE_5307_length_1080_cov_15.544343	652	732	4	44	80	0.5500000
NODE_5308_length_1080_cov_10.416922	321	401	0	80	80	1.0000000
NODE_5308_length_1080_cov_10.416922	374	454	0	80	80	1.0000000
NODE_5315_length_1079_cov_55.352041	367	447	0	11	80	0.1375000
NODE_5315_length_1079_cov_55.352041	367	447	2	17	80	0.2125000
NODE_5315_length_1079_cov_55.352041	367	447	6	8	80	0.1000000
NODE_5315_length_1079_cov_55.352041	367	447	8	44	80	0.5500000
NODE_5315_length_1079_cov_55.352041	420	500	4	1	80	0.0125000
NODE_5315_length_1079_cov_55.352041	420	500	6	34	80	0.4250000
NODE_5315_length_1079_cov_55.352041	420	500	8	45	80	0.5625000
NODE_5315_length_1079_cov_55.352041	496	576	2	49	80	0.6125000
NODE_5315_length_1079_cov_55.352041	496	576	4	28	80	0.3500000
NODE_5315_length_1079_cov_55.352041	496	576	6	2	80	0.0250000
NODE_5315_length_1079_cov_55.352041	496	576	8	1	80	0.0125000
NODE_5315_length_1079_cov_55.352041	549	629	0	44	80	0.5500000
NODE_5315_length_1079_cov_55.352041	549	629	2	36	80	0.4500000
NODE_5316_length_1079_cov_46.879592	444	524	2	14	80	0.1750000
NODE_5316_length_1079_cov_46.879592	444	524	3	7	80	0.0875000
NODE_5316_length_1079_cov_46.879592	444	524	4	40	80	0.5000000
NODE_5316_length_1079_cov_46.879592	444	524	7	7	80	0.0875000
NODE_5316_length_1079_cov_46.879592	444	524	9	12	80	0.1500000
NODE_5316_length_1079_cov_46.879592	497	577	3	7	80	0.0875000
NODE_5316_length_1079_cov_46.879592	497	577	4	1	80	0.0125000
NODE_5316_length_1079_cov_46.879592	497	577	6	9	80	0.1125000
NODE_5316_length_1079_cov_46.879592	497	577	7	7	80	0.0875000
NODE_5316_length_1079_cov_46.879592	497	577	8	36	80	0.4500000
NODE_5316_length_1079_cov_46.879592	497	577	9	20	80	0.2500000
NODE_5316_length_1079_cov_46.879592	573	652	6	4	79	0.0506329
NODE_5316_length_1079_cov_46.879592	573	652	10	74	79	0.9367089
NODE_5316_length_1079_cov_46.879592	573	652	11	1	79	0.0126582
NODE_5316_length_1079_cov_46.879592	625	703	0	19	78	0.2435897
NODE_5316_length_1079_cov_46.879592	625	703	6	30	78	0.3846154
NODE_5316_length_1079_cov_46.879592	625	703	10	29	78	0.3717949
NODE_5317_length_1079_cov_13.708163	611	691	0	80	80	1.0000000
NODE_5317_length_1079_cov_13.708163	664	744	0	80	80	1.0000000
NODE_5318_length_1079_cov_8.632653	416	496	0	9	80	0.1125000
NODE_5318_length_1079_cov_8.632653	416	496	2	1	80	0.0125000
NODE_5318_length_1079_cov_8.632653	416	496	6	8	80	0.1000000
NODE_5318_length_1079_cov_8.632653	416	496	8	9	80	0.1125000
NODE_5318_length_1079_cov_8.632653	416	496	10	53	80	0.6625000
NODE_5318_length_1079_cov_8.632653	469	549	2	6	80	0.0750000
NODE_5318_length_1079_cov_8.632653	469	549	4	9	80	0.1125000
NODE_5318_length_1079_cov_8.632653	469	549	6	23	80	0.2875000
NODE_5318_length_1079_cov_8.632653	469	549	8	17	80	0.2125000
NODE_5318_length_1079_cov_8.632653	469	549	10	25	80	0.3125000
NODE_5325_length_1078_cov_27.804903	357	437	2	56	80	0.7000000
NODE_5325_length_1078_cov_27.804903	357	437	6	12	80	0.1500000
NODE_5325_length_1078_cov_27.804903	357	437	8	12	80	0.1500000
NODE_5325_length_1078_cov_27.804903	410	490	2	3	80	0.0375000
NODE_5325_length_1078_cov_27.804903	410	490	6	63	80	0.7875000
NODE_5325_length_1078_cov_27.804903	410	490	8	14	80	0.1750000
NODE_5326_length_1078_cov_26.071502	459	539	0	40	80	0.5000000
NODE_5326_length_1078_cov_26.071502	459	539	3	13	80	0.1625000
NODE_5326_length_1078_cov_26.071502	459	539	4	27	80	0.3375000
NODE_5326_length_1078_cov_26.071502	512	592	2	6	80	0.0750000
NODE_5326_length_1078_cov_26.071502	512	592	4	70	80	0.8750000
NODE_5326_length_1078_cov_26.071502	512	592	6	3	80	0.0375000
NODE_5326_length_1078_cov_26.071502	512	592	12	1	80	0.0125000
NODE_5326_length_1078_cov_26.071502	588	668	2	3	80	0.0375000
NODE_5326_length_1078_cov_26.071502	588	668	12	34	80	0.4250000
NODE_5326_length_1078_cov_26.071502	588	668	14	1	80	0.0125000
NODE_5326_length_1078_cov_26.071502	588	668	18	42	80	0.5250000
NODE_5326_length_1078_cov_26.071502	641	718	18	75	77	0.9740260
NODE_5326_length_1078_cov_26.071502	641	718	20	2	77	0.0259740
NODE_5327_length_1078_cov_14.985700	495	575	0	80	80	1.0000000
NODE_5327_length_1078_cov_14.985700	548	628	0	80	80	1.0000000
NODE_5333_length_1077_cov_23.876278	546	626	4	80	80	1.0000000
NODE_5333_length_1077_cov_23.876278	599	679	0	51	80	0.6375000
NODE_5333_length_1077_cov_23.876278	599	679	4	29	80	0.3625000
NODE_5334_length_1077_cov_16.067485	532	612	0	80	80	1.0000000
NODE_5334_length_1077_cov_16.067485	585	665	0	80	80	1.0000000
NODE_5335_length_1077_cov_14.568507	556	636	0	11	80	0.1375000
NODE_5335_length_1077_cov_14.568507	556	636	2	55	80	0.6875000
NODE_5335_length_1077_cov_14.568507	556	636	4	14	80	0.1750000
NODE_5335_length_1077_cov_14.568507	609	689	2	48	80	0.6000000
NODE_5335_length_1077_cov_14.568507	609	689	4	32	80	0.4000000
NODE_5336_length_1077_cov_9.507157	496	576	0	80	80	1.0000000
NODE_5336_length_1077_cov_9.507157	549	629	0	80	80	1.0000000
NODE_5342_length_1077_cov_1.781186	252	274	0	22	22	1.0000000
NODE_5345_length_1076_cov_20.592631	534	614	2	80	80	1.0000000
NODE_5345_length_1076_cov_20.592631	587	667	0	34	80	0.4250000
NODE_5345_length_1076_cov_20.592631	587	667	1	13	80	0.1625000
NODE_5345_length_1076_cov_20.592631	587	667	2	33	80	0.4125000
NODE_5346_length_1076_cov_14.788127	427	507	0	80	80	1.0000000
NODE_5346_length_1076_cov_14.788127	480	560	0	80	80	1.0000000
NODE_5348_length_1076_cov_6.306039	883	961	0	6	78	0.0769231
NODE_5348_length_1076_cov_6.306039	883	961	2	72	78	0.9230769
NODE_5348_length_1076_cov_6.306039	936	1014	0	59	78	0.7564102
NODE_5348_length_1076_cov_6.306039	936	1014	2	19	78	0.2435897
NODE_5357_length_1075_cov_37.941598	550	630	0	45	80	0.5625000
NODE_5357_length_1075_cov_37.941598	550	630	2	35	80	0.4375000
NODE_5357_length_1075_cov_37.941598	603	685	2	82	82	1.0000000
NODE_5357_length_1075_cov_37.941598	681	761	2	9	80	0.1125000
NODE_5357_length_1075_cov_37.941598	681	761	4	66	80	0.8250000
NODE_5357_length_1075_cov_37.941598	681	761	6	5	80	0.0625000
NODE_5357_length_1075_cov_37.941598	734	814	2	19	80	0.2375000
NODE_5357_length_1075_cov_37.941598	734	814	4	47	80	0.5875000
NODE_5357_length_1075_cov_37.941598	734	814	6	14	80	0.1750000
NODE_5358_length_1075_cov_32.224385	397	477	0	80	80	1.0000000
NODE_5358_length_1075_cov_32.224385	450	530	0	80	80	1.0000000
NODE_5359_length_1075_cov_9.626025	440	520	0	30	80	0.3750000
NODE_5359_length_1075_cov_9.626025	440	520	4	50	80	0.6250000
NODE_5359_length_1075_cov_9.626025	493	573	0	11	80	0.1375000
NODE_5359_length_1075_cov_9.626025	493	573	4	69	80	0.8625000
NODE_5362_length_1075_cov_2.926230	38	99	0	61	61	1.0000000
NODE_5372_length_1074_cov_19.034872	568	648	0	16	80	0.2000000
NODE_5372_length_1074_cov_19.034872	568	648	3	1	80	0.0125000
NODE_5372_length_1074_cov_19.034872	568	648	4	63	80	0.7875000
NODE_5372_length_1074_cov_19.034872	621	701	0	17	80	0.2125000
NODE_5372_length_1074_cov_19.034872	621	701	3	2	80	0.0250000
NODE_5372_length_1074_cov_19.034872	621	701	4	61	80	0.7625000
NODE_5372_length_1074_cov_19.034872	697	777	0	80	80	1.0000000
NODE_5372_length_1074_cov_19.034872	750	830	0	80	80	1.0000000
NODE_5373_length_1074_cov_9.450256	577	657	0	80	80	1.0000000
NODE_5373_length_1074_cov_9.450256	630	710	0	80	80	1.0000000
NODE_5374_length_1074_cov_9.155897	526	606	0	80	80	1.0000000
NODE_5374_length_1074_cov_9.155897	579	659	0	80	80	1.0000000
NODE_5374_length_1074_cov_9.155897	655	735	0	80	80	1.0000000
NODE_5374_length_1074_cov_9.155897	708	788	0	60	80	0.7500000
NODE_5374_length_1074_cov_9.155897	708	788	2	20	80	0.2500000
NODE_5375_length_1074_cov_4.600000	606	686	0	25	80	0.3125000
NODE_5375_length_1074_cov_4.600000	606	686	2	55	80	0.6875000
NODE_5375_length_1074_cov_4.600000	659	739	0	78	80	0.9750000
NODE_5375_length_1074_cov_4.600000	659	739	2	2	80	0.0250000
NODE_5376_length_1074_cov_4.328205	32	112	2	5	80	0.0625000
NODE_5376_length_1074_cov_4.328205	32	112	6	11	80	0.1375000
NODE_5376_length_1074_cov_4.328205	32	112	8	21	80	0.2625000
NODE_5376_length_1074_cov_4.328205	32	112	10	9	80	0.1125000
NODE_5376_length_1074_cov_4.328205	32	112	12	2	80	0.0250000
NODE_5376_length_1074_cov_4.328205	32	112	16	10	80	0.1250000
NODE_5376_length_1074_cov_4.328205	32	112	28	1	80	0.0125000
NODE_5376_length_1074_cov_4.328205	32	112	29	21	80	0.2625000
NODE_5380_length_1073_cov_60.012320	448	528	4	10	80	0.1250000
NODE_5380_length_1073_cov_60.012320	448	528	7	6	80	0.0750000
NODE_5380_length_1073_cov_60.012320	448	528	8	27	80	0.3375000
NODE_5380_length_1073_cov_60.012320	448	528	10	36	80	0.4500000
NODE_5380_length_1073_cov_60.012320	448	528	11	1	80	0.0125000
NODE_5380_length_1073_cov_60.012320	501	581	2	12	80	0.1500000
NODE_5380_length_1073_cov_60.012320	501	581	4	31	80	0.3875000
NODE_5380_length_1073_cov_60.012320	501	581	6	20	80	0.2500000
NODE_5380_length_1073_cov_60.012320	501	581	10	16	80	0.2000000
NODE_5380_length_1073_cov_60.012320	501	581	11	1	80	0.0125000
NODE_5382_length_1073_cov_26.415811	529	609	0	23	80	0.2875000
NODE_5382_length_1073_cov_26.415811	529	609	2	57	80	0.7125000
NODE_5382_length_1073_cov_26.415811	582	662	0	76	80	0.9500000
NODE_5382_length_1073_cov_26.415811	582	662	2	4	80	0.0500000
NODE_5383_length_1073_cov_19.062628	571	651	0	25	80	0.3125000
NODE_5383_length_1073_cov_19.062628	571	651	2	55	80	0.6875000
NODE_5383_length_1073_cov_19.062628	624	704	0	78	80	0.9750000
NODE_5383_length_1073_cov_19.062628	624	704	2	2	80	0.0250000
NODE_5384_length_1073_cov_18.536961	447	527	4	18	80	0.2250000
NODE_5384_length_1073_cov_18.536961	447	527	6	62	80	0.7750000
NODE_5384_length_1073_cov_18.536961	500	580	2	20	80	0.2500000
NODE_5384_length_1073_cov_18.536961	500	580	3	2	80	0.0250000
NODE_5384_length_1073_cov_18.536961	500	580	4	49	80	0.6125000
NODE_5384_length_1073_cov_18.536961	500	580	6	9	80	0.1125000
NODE_5384_length_1073_cov_18.536961	576	656	1	2	80	0.0250000
NODE_5384_length_1073_cov_18.536961	576	656	2	64	80	0.8000000
NODE_5384_length_1073_cov_18.536961	576	656	3	14	80	0.1750000
NODE_5384_length_1073_cov_18.536961	629	709	2	80	80	1.0000000
NODE_5385_length_1073_cov_15.318275	712	792	0	80	80	1.0000000
NODE_5385_length_1073_cov_15.318275	765	845	0	80	80	1.0000000
NODE_5386_length_1073_cov_8.376797	287	367	0	80	80	1.0000000
NODE_5386_length_1073_cov_8.376797	340	420	0	80	80	1.0000000
NODE_5387_length_1073_cov_5.749487	257	337	2	80	80	1.0000000
NODE_5387_length_1073_cov_5.749487	310	390	1	19	80	0.2375000
NODE_5387_length_1073_cov_5.749487	310	390	2	61	80	0.7625000
NODE_5388_length_1073_cov_5.156057	408	444	0	36	36	1.0000000
NODE_5390_length_1073_cov_3.019507	1	69	0	13	68	0.1911765
NODE_5390_length_1073_cov_3.019507	1	69	2	55	68	0.8088235
NODE_5390_length_1073_cov_3.019507	42	122	2	80	80	1.0000000
NODE_5399_length_1072_cov_62.729702	351	431	0	68	80	0.8500000
NODE_5399_length_1072_cov_62.729702	351	431	2	12	80	0.1500000
NODE_5399_length_1072_cov_62.729702	404	484	0	15	80	0.1875000
NODE_5399_length_1072_cov_62.729702	404	484	2	65	80	0.8125000
NODE_5399_length_1072_cov_62.729702	480	560	0	9	80	0.1125000
NODE_5399_length_1072_cov_62.729702	480	560	2	71	80	0.8875000
NODE_5399_length_1072_cov_62.729702	533	613	2	80	80	1.0000000
NODE_5400_length_1072_cov_34.045221	430	510	0	19	80	0.2375000
NODE_5400_length_1072_cov_34.045221	430	510	2	61	80	0.7625000
NODE_5400_length_1072_cov_34.045221	483	563	0	19	80	0.2375000
NODE_5400_length_1072_cov_34.045221	483	563	2	8	80	0.1000000
NODE_5400_length_1072_cov_34.045221	483	563	4	53	80	0.6625000
NODE_5401_length_1072_cov_34.006166	342	423	4	10	81	0.1234568
NODE_5401_length_1072_cov_34.006166	342	423	6	47	81	0.5802469
NODE_5401_length_1072_cov_34.006166	342	423	7	15	81	0.1851852
NODE_5401_length_1072_cov_34.006166	342	423	9	9	81	0.1111111
NODE_5401_length_1072_cov_34.006166	396	476	3	7	80	0.0875000
NODE_5401_length_1072_cov_34.006166	396	476	4	23	80	0.2875000
NODE_5401_length_1072_cov_34.006166	396	476	5	20	80	0.2500000
NODE_5401_length_1072_cov_34.006166	396	476	6	3	80	0.0375000
NODE_5401_length_1072_cov_34.006166	396	476	7	18	80	0.2250000
NODE_5401_length_1072_cov_34.006166	396	476	9	9	80	0.1125000
NODE_5401_length_1072_cov_34.006166	472	552	0	47	80	0.5875000
NODE_5401_length_1072_cov_34.006166	472	552	4	33	80	0.4125000
NODE_5401_length_1072_cov_34.006166	525	605	0	80	80	1.0000000
NODE_5403_length_1072_cov_21.852004	300	380	0	43	80	0.5375000
NODE_5403_length_1072_cov_21.852004	300	380	2	37	80	0.4625000
NODE_5403_length_1072_cov_21.852004	353	433	0	4	80	0.0500000
NODE_5403_length_1072_cov_21.852004	353	433	2	76	80	0.9500000
NODE_5404_length_1072_cov_21.532374	476	556	2	14	80	0.1750000
NODE_5404_length_1072_cov_21.532374	476	556	4	26	80	0.3250000
NODE_5404_length_1072_cov_21.532374	476	556	8	40	80	0.5000000
NODE_5404_length_1072_cov_21.532374	529	609	0	5	80	0.0625000
NODE_5404_length_1072_cov_21.532374	529	609	4	14	80	0.1750000
NODE_5404_length_1072_cov_21.532374	529	609	6	21	80	0.2625000
NODE_5404_length_1072_cov_21.532374	529	609	8	40	80	0.5000000
NODE_5405_length_1072_cov_17.018499	415	495	0	38	80	0.4750000
NODE_5405_length_1072_cov_17.018499	415	495	2	42	80	0.5250000
NODE_5405_length_1072_cov_17.018499	468	548	2	80	80	1.0000000
NODE_5410_length_1072_cov_3.302158	388	449	0	31	61	0.5081967
NODE_5410_length_1072_cov_3.302158	388	449	2	30	61	0.4918033
NODE_5410_length_1072_cov_3.302158	422	502	2	80	80	1.0000000
NODE_5414_length_1072_cov_1.773895	114	176	0	1	62	0.0161290
NODE_5414_length_1072_cov_1.773895	114	176	2	29	62	0.4677419
NODE_5414_length_1072_cov_1.773895	114	176	8	17	62	0.2741936
NODE_5414_length_1072_cov_1.773895	114	176	12	4	62	0.0645161
NODE_5414_length_1072_cov_1.773895	114	176	14	11	62	0.1774193
NODE_5417_length_1071_cov_27.565844	312	392	0	80	80	1.0000000
NODE_5417_length_1071_cov_27.565844	365	445	0	80	80	1.0000000
NODE_5419_length_1071_cov_12.666667	480	560	0	13	80	0.1625000
NODE_5419_length_1071_cov_12.666667	480	560	4	67	80	0.8375000
NODE_5419_length_1071_cov_12.666667	533	613	0	66	80	0.8250000
NODE_5419_length_1071_cov_12.666667	533	613	4	14	80	0.1750000
NODE_5421_length_1071_cov_8.942387	418	498	0	80	80	1.0000000
NODE_5421_length_1071_cov_8.942387	471	551	0	80	80	1.0000000
NODE_5427_length_1070_cov_39.255407	591	671	0	80	80	1.0000000
NODE_5427_length_1070_cov_39.255407	644	724	0	80	80	1.0000000
NODE_5428_length_1070_cov_21.903193	430	510	0	37	80	0.4625000
NODE_5428_length_1070_cov_21.903193	430	510	2	43	80	0.5375000
NODE_5428_length_1070_cov_21.903193	483	563	0	22	80	0.2750000
NODE_5428_length_1070_cov_21.903193	483	563	2	58	80	0.7250000
NODE_5428_length_1070_cov_21.903193	559	639	0	57	80	0.7125000
NODE_5428_length_1070_cov_21.903193	559	639	4	23	80	0.2875000
NODE_5428_length_1070_cov_21.903193	612	692	0	4	80	0.0500000
NODE_5428_length_1070_cov_21.903193	612	692	4	76	80	0.9500000
NODE_5429_length_1070_cov_8.963955	871	900	2	2	29	0.0689655
NODE_5429_length_1070_cov_8.963955	871	900	4	1	29	0.0344828
NODE_5429_length_1070_cov_8.963955	871	900	7	1	29	0.0344828
NODE_5429_length_1070_cov_8.963955	871	900	8	1	29	0.0344828
NODE_5429_length_1070_cov_8.963955	871	900	16	2	29	0.0689655
NODE_5429_length_1070_cov_8.963955	871	900	18	1	29	0.0344828
NODE_5429_length_1070_cov_8.963955	871	900	25	1	29	0.0344828
NODE_5429_length_1070_cov_8.963955	871	900	29	1	29	0.0344828
NODE_5429_length_1070_cov_8.963955	871	900	30	3	29	0.1034483
NODE_5429_length_1070_cov_8.963955	871	900	34	1	29	0.0344828
NODE_5429_length_1070_cov_8.963955	871	900	37	1	29	0.0344828
NODE_5429_length_1070_cov_8.963955	871	900	39	1	29	0.0344828
NODE_5429_length_1070_cov_8.963955	871	900	40	1	29	0.0344828
NODE_5429_length_1070_cov_8.963955	871	900	41	2	29	0.0689655
NODE_5429_length_1070_cov_8.963955	871	900	45	4	29	0.1379310
NODE_5429_length_1070_cov_8.963955	871	900	46	3	29	0.1034483
NODE_5429_length_1070_cov_8.963955	871	900	48	2	29	0.0689655
NODE_5429_length_1070_cov_8.963955	871	900	59	1	29	0.0344828
NODE_5429_length_1070_cov_8.963955	873	953	4	1	80	0.0125000
NODE_5429_length_1070_cov_8.963955	873	953	7	1	80	0.0125000
NODE_5429_length_1070_cov_8.963955	873	953	8	1	80	0.0125000
NODE_5429_length_1070_cov_8.963955	873	953	16	2	80	0.0250000
NODE_5429_length_1070_cov_8.963955	873	953	18	1	80	0.0125000
NODE_5429_length_1070_cov_8.963955	873	953	25	1	80	0.0125000
NODE_5429_length_1070_cov_8.963955	873	953	29	1	80	0.0125000
NODE_5429_length_1070_cov_8.963955	873	953	30	3	80	0.0375000
NODE_5429_length_1070_cov_8.963955	873	953	34	1	80	0.0125000
NODE_5429_length_1070_cov_8.963955	873	953	37	1	80	0.0125000
NODE_5429_length_1070_cov_8.963955	873	953	39	1	80	0.0125000
NODE_5429_length_1070_cov_8.963955	873	953	40	1	80	0.0125000
NODE_5429_length_1070_cov_8.963955	873	953	41	2	80	0.0250000
NODE_5429_length_1070_cov_8.963955	873	953	45	4	80	0.0500000
NODE_5429_length_1070_cov_8.963955	873	953	46	3	80	0.0375000
NODE_5429_length_1070_cov_8.963955	873	953	48	2	80	0.0250000
NODE_5429_length_1070_cov_8.963955	873	953	59	2	80	0.0250000
NODE_5429_length_1070_cov_8.963955	873	953	61	1	80	0.0125000
NODE_5429_length_1070_cov_8.963955	873	953	65	1	80	0.0125000
NODE_5429_length_1070_cov_8.963955	873	953	67	8	80	0.1000000
NODE_5429_length_1070_cov_8.963955	873	953	73	2	80	0.0250000
NODE_5429_length_1070_cov_8.963955	873	953	74	2	80	0.0250000
NODE_5429_length_1070_cov_8.963955	873	953	75	5	80	0.0625000
NODE_5429_length_1070_cov_8.963955	873	953	78	4	80	0.0500000
NODE_5429_length_1070_cov_8.963955	873	953	82	6	80	0.0750000
NODE_5429_length_1070_cov_8.963955	873	953	86	2	80	0.0250000
NODE_5429_length_1070_cov_8.963955	873	953	88	1	80	0.0125000
NODE_5429_length_1070_cov_8.963955	873	953	91	2	80	0.0250000
NODE_5429_length_1070_cov_8.963955	873	953	97	1	80	0.0125000
NODE_5429_length_1070_cov_8.963955	873	953	99	17	80	0.2125000
NODE_5433_length_1070_cov_1.659114	1027	1046	0	19	19	1.0000000
NODE_5439_length_1069_cov_40.277320	451	531	2	23	80	0.2875000
NODE_5439_length_1069_cov_40.277320	451	531	6	55	80	0.6875000
NODE_5439_length_1069_cov_40.277320	451	531	8	2	80	0.0250000
NODE_5439_length_1069_cov_40.277320	504	584	6	78	80	0.9750000
NODE_5439_length_1069_cov_40.277320	504	584	8	2	80	0.0250000
NODE_5440_length_1069_cov_23.571134	274	354	8	13	80	0.1625000
NODE_5440_length_1069_cov_23.571134	274	354	10	57	80	0.7125000
NODE_5440_length_1069_cov_23.571134	274	354	11	2	80	0.0250000
NODE_5440_length_1069_cov_23.571134	274	354	12	8	80	0.1000000
NODE_5440_length_1069_cov_23.571134	327	407	2	7	80	0.0875000
NODE_5440_length_1069_cov_23.571134	327	407	4	9	80	0.1125000
NODE_5440_length_1069_cov_23.571134	327	407	8	21	80	0.2625000
NODE_5440_length_1069_cov_23.571134	327	407	10	17	80	0.2125000
NODE_5440_length_1069_cov_23.571134	327	407	11	2	80	0.0250000
NODE_5440_length_1069_cov_23.571134	327	407	12	24	80	0.3000000
NODE_5441_length_1069_cov_22.436082	185	265	0	2	80	0.0250000
NODE_5441_length_1069_cov_22.436082	185	265	2	10	80	0.1250000
NODE_5441_length_1069_cov_22.436082	185	265	4	68	80	0.8500000
NODE_5441_length_1069_cov_22.436082	238	318	0	37	80	0.4625000
NODE_5441_length_1069_cov_22.436082	238	318	2	22	80	0.2750000
NODE_5441_length_1069_cov_22.436082	238	318	4	21	80	0.2625000
NODE_5442_length_1069_cov_18.207216	436	516	0	9	80	0.1125000
NODE_5442_length_1069_cov_18.207216	436	516	2	28	80	0.3500000
NODE_5442_length_1069_cov_18.207216	436	516	10	28	80	0.3500000
NODE_5442_length_1069_cov_18.207216	436	516	12	15	80	0.1875000
NODE_5442_length_1069_cov_18.207216	489	569	10	22	80	0.2750000
NODE_5442_length_1069_cov_18.207216	489	569	12	58	80	0.7250000
NODE_5443_length_1069_cov_17.601031	596	676	0	78	80	0.9750000
NODE_5443_length_1069_cov_17.601031	596	676	1	2	80	0.0250000
NODE_5443_length_1069_cov_17.601031	649	729	0	25	80	0.3125000
NODE_5443_length_1069_cov_17.601031	649	729	1	3	80	0.0375000
NODE_5443_length_1069_cov_17.601031	649	729	2	5	80	0.0625000
NODE_5443_length_1069_cov_17.601031	649	729	4	47	80	0.5875000
NODE_5444_length_1069_cov_16.318557	353	433	0	41	80	0.5125000
NODE_5444_length_1069_cov_16.318557	353	433	2	39	80	0.4875000
NODE_5444_length_1069_cov_16.318557	406	486	2	80	80	1.0000000
NODE_5444_length_1069_cov_16.318557	482	562	0	20	80	0.2500000
NODE_5444_length_1069_cov_16.318557	482	562	2	60	80	0.7500000
NODE_5444_length_1069_cov_16.318557	535	615	0	73	80	0.9125000
NODE_5444_length_1069_cov_16.318557	535	615	2	7	80	0.0875000
NODE_5445_length_1069_cov_13.349485	471	551	4	80	80	1.0000000
NODE_5445_length_1069_cov_13.349485	524	604	2	3	80	0.0375000
NODE_5445_length_1069_cov_13.349485	524	604	4	77	80	0.9625000
NODE_5446_length_1069_cov_13.050515	314	394	0	80	80	1.0000000
NODE_5446_length_1069_cov_13.050515	367	447	0	80	80	1.0000000
NODE_5447_length_1069_cov_12.818557	240	320	0	80	80	1.0000000
NODE_5447_length_1069_cov_12.818557	293	373	0	80	80	1.0000000
NODE_5448_length_1069_cov_11.985567	554	634	0	80	80	1.0000000
NODE_5448_length_1069_cov_11.985567	607	687	0	80	80	1.0000000
NODE_5449_length_1069_cov_10.812371	366	446	1	8	80	0.1000000
NODE_5449_length_1069_cov_10.812371	366	446	2	47	80	0.5875000
NODE_5449_length_1069_cov_10.812371	366	446	6	25	80	0.3125000
NODE_5449_length_1069_cov_10.812371	419	499	0	34	80	0.4250000
NODE_5449_length_1069_cov_10.812371	419	499	1	27	80	0.3375000
NODE_5449_length_1069_cov_10.812371	419	499	2	19	80	0.2375000
NODE_5450_length_1069_cov_7.729897	482	562	0	80	80	1.0000000
NODE_5450_length_1069_cov_7.729897	535	615	0	80	80	1.0000000
NODE_5456_length_1068_cov_31.692466	314	394	2	21	80	0.2625000
NODE_5456_length_1068_cov_31.692466	314	394	3	46	80	0.5750000
NODE_5456_length_1068_cov_31.692466	314	394	4	13	80	0.1625000
NODE_5456_length_1068_cov_31.692466	367	447	0	32	80	0.4000000
NODE_5456_length_1068_cov_31.692466	367	447	2	35	80	0.4375000
NODE_5456_length_1068_cov_31.692466	367	447	3	13	80	0.1625000
NODE_5456_length_1068_cov_31.692466	443	523	0	80	80	1.0000000
NODE_5456_length_1068_cov_31.692466	496	576	0	80	80	1.0000000
NODE_5457_length_1068_cov_29.579979	347	427	0	45	80	0.5625000
NODE_5457_length_1068_cov_29.579979	347	427	2	35	80	0.4375000
NODE_5457_length_1068_cov_29.579979	400	480	2	80	80	1.0000000
NODE_5459_length_1068_cov_23.020640	476	556	0	80	80	1.0000000
NODE_5459_length_1068_cov_23.020640	529	609	0	32	80	0.4000000
NODE_5459_length_1068_cov_23.020640	529	609	1	7	80	0.0875000
NODE_5459_length_1068_cov_23.020640	529	609	2	41	80	0.5125000
NODE_5460_length_1068_cov_15.272446	546	626	0	80	80	1.0000000
NODE_5460_length_1068_cov_15.272446	599	679	0	80	80	1.0000000
NODE_5461_length_1068_cov_13.557276	674	754	4	80	80	1.0000000
NODE_5461_length_1068_cov_13.557276	727	807	0	8	80	0.1000000
NODE_5461_length_1068_cov_13.557276	727	807	1	39	80	0.4875000
NODE_5461_length_1068_cov_13.557276	727	807	3	6	80	0.0750000
NODE_5461_length_1068_cov_13.557276	727	807	4	27	80	0.3375000
NODE_5479_length_1067_cov_48.282025	429	509	1	14	80	0.1750000
NODE_5479_length_1067_cov_48.282025	429	509	3	17	80	0.2125000
NODE_5479_length_1067_cov_48.282025	429	509	4	49	80	0.6125000
NODE_5479_length_1067_cov_48.282025	482	562	2	50	80	0.6250000
NODE_5479_length_1067_cov_48.282025	482	562	4	30	80	0.3750000
NODE_5480_length_1067_cov_41.111570	460	540	8	31	80	0.3875000
NODE_5480_length_1067_cov_41.111570	460	540	9	24	80	0.3000000
NODE_5480_length_1067_cov_41.111570	460	540	10	10	80	0.1250000
NODE_5480_length_1067_cov_41.111570	460	540	12	2	80	0.0250000
NODE_5480_length_1067_cov_41.111570	460	540	14	13	80	0.1625000
NODE_5480_length_1067_cov_41.111570	513	593	9	2	80	0.0250000
NODE_5480_length_1067_cov_41.111570	513	593	10	23	80	0.2875000
NODE_5480_length_1067_cov_41.111570	513	593	12	2	80	0.0250000
NODE_5480_length_1067_cov_41.111570	513	593	14	53	80	0.6625000
NODE_5481_length_1067_cov_39.109504	295	375	0	80	80	1.0000000
NODE_5481_length_1067_cov_39.109504	348	428	0	62	80	0.7750000
NODE_5481_length_1067_cov_39.109504	348	428	3	18	80	0.2250000
NODE_5481_length_1067_cov_39.109504	424	504	3	9	80	0.1125000
NODE_5481_length_1067_cov_39.109504	424	504	6	70	80	0.8750000
NODE_5481_length_1067_cov_39.109504	424	504	8	1	80	0.0125000
NODE_5481_length_1067_cov_39.109504	477	557	6	26	80	0.3250000
NODE_5481_length_1067_cov_39.109504	477	557	8	54	80	0.6750000
NODE_5482_length_1067_cov_35.426653	252	332	0	79	80	0.9875000
NODE_5482_length_1067_cov_35.426653	252	332	2	1	80	0.0125000
NODE_5482_length_1067_cov_35.426653	305	385	0	26	80	0.3250000
NODE_5482_length_1067_cov_35.426653	305	385	2	54	80	0.6750000
NODE_5483_length_1067_cov_29.467975	412	492	0	23	80	0.2875000
NODE_5483_length_1067_cov_29.467975	412	492	2	13	80	0.1625000
NODE_5483_length_1067_cov_29.467975	412	492	4	44	80	0.5500000
NODE_5483_length_1067_cov_29.467975	465	545	2	7	80	0.0875000
NODE_5483_length_1067_cov_29.467975	465	545	4	73	80	0.9125000
NODE_5484_length_1067_cov_20.738636	579	645	32	4	66	0.0606061
NODE_5484_length_1067_cov_20.738636	579	645	34	4	66	0.0606061
NODE_5484_length_1067_cov_20.738636	579	645	36	2	66	0.0303030
NODE_5484_length_1067_cov_20.738636	579	645	40	12	66	0.1818182
NODE_5484_length_1067_cov_20.738636	579	645	46	1	66	0.0151515
NODE_5484_length_1067_cov_20.738636	579	645	51	6	66	0.0909091
NODE_5484_length_1067_cov_20.738636	579	645	53	1	66	0.0151515
NODE_5484_length_1067_cov_20.738636	579	645	56	2	66	0.0303030
NODE_5484_length_1067_cov_20.738636	579	645	58	4	66	0.0606061
NODE_5484_length_1067_cov_20.738636	579	645	60	1	66	0.0151515
NODE_5484_length_1067_cov_20.738636	579	645	62	2	66	0.0303030
NODE_5484_length_1067_cov_20.738636	579	645	68	13	66	0.1969697
NODE_5484_length_1067_cov_20.738636	579	645	70	2	66	0.0303030
NODE_5484_length_1067_cov_20.738636	579	645	72	8	66	0.1212121
NODE_5484_length_1067_cov_20.738636	579	645	74	4	66	0.0606061
NODE_5484_length_1067_cov_20.738636	618	698	46	3	80	0.0375000
NODE_5484_length_1067_cov_20.738636	618	698	48	1	80	0.0125000
NODE_5484_length_1067_cov_20.738636	618	698	60	3	80	0.0375000
NODE_5484_length_1067_cov_20.738636	618	698	65	11	80	0.1375000
NODE_5484_length_1067_cov_20.738636	618	698	68	13	80	0.1625000
NODE_5484_length_1067_cov_20.738636	618	698	70	2	80	0.0250000
NODE_5484_length_1067_cov_20.738636	618	698	71	7	80	0.0875000
NODE_5484_length_1067_cov_20.738636	618	698	72	11	80	0.1375000
NODE_5484_length_1067_cov_20.738636	618	698	73	4	80	0.0500000
NODE_5484_length_1067_cov_20.738636	618	698	74	4	80	0.0500000
NODE_5484_length_1067_cov_20.738636	618	698	75	7	80	0.0875000
NODE_5484_length_1067_cov_20.738636	618	698	77	10	80	0.1250000
NODE_5484_length_1067_cov_20.738636	618	698	79	4	80	0.0500000
NODE_5485_length_1067_cov_15.280992	538	617	0	46	79	0.5822785
NODE_5485_length_1067_cov_15.280992	538	617	2	33	79	0.4177215
NODE_5485_length_1067_cov_15.280992	590	670	0	12	80	0.1500000
NODE_5485_length_1067_cov_15.280992	590	670	2	68	80	0.8500000
NODE_5486_length_1067_cov_13.708678	478	558	4	80	80	1.0000000
NODE_5486_length_1067_cov_13.708678	531	611	0	32	80	0.4000000
NODE_5486_length_1067_cov_13.708678	531	611	2	21	80	0.2625000
NODE_5486_length_1067_cov_13.708678	531	611	4	27	80	0.3375000
NODE_5488_length_1067_cov_9.070248	625	705	14	12	80	0.1500000
NODE_5488_length_1067_cov_9.070248	625	705	16	31	80	0.3875000
NODE_5488_length_1067_cov_9.070248	625	705	20	37	80	0.4625000
NODE_5488_length_1067_cov_9.070248	678	758	4	7	80	0.0875000
NODE_5488_length_1067_cov_9.070248	678	758	6	6	80	0.0750000
NODE_5488_length_1067_cov_9.070248	678	758	17	1	80	0.0125000
NODE_5488_length_1067_cov_9.070248	678	758	18	15	80	0.1875000
NODE_5488_length_1067_cov_9.070248	678	758	20	51	80	0.6375000
NODE_5494_length_1067_cov_1.946281	765	812	0	47	47	1.0000000
NODE_5501_length_1066_cov_54.227508	395	475	2	14	80	0.1750000
NODE_5501_length_1066_cov_54.227508	395	475	4	2	80	0.0250000
NODE_5501_length_1066_cov_54.227508	395	475	6	53	80	0.6625000
NODE_5501_length_1066_cov_54.227508	395	475	7	11	80	0.1375000
NODE_5501_length_1066_cov_54.227508	448	528	2	14	80	0.1750000
NODE_5501_length_1066_cov_54.227508	448	528	4	1	80	0.0125000
NODE_5501_length_1066_cov_54.227508	448	528	6	1	80	0.0125000
NODE_5501_length_1066_cov_54.227508	448	528	7	64	80	0.8000000
NODE_5502_length_1066_cov_33.501551	357	437	0	73	80	0.9125000
NODE_5502_length_1066_cov_33.501551	357	437	1	7	80	0.0875000
NODE_5502_length_1066_cov_33.501551	410	490	0	20	80	0.2500000
NODE_5502_length_1066_cov_33.501551	410	490	1	11	80	0.1375000
NODE_5502_length_1066_cov_33.501551	410	490	2	49	80	0.6125000
NODE_5503_length_1066_cov_33.115822	397	477	5	57	80	0.7125000
NODE_5503_length_1066_cov_33.115822	397	477	7	2	80	0.0250000
NODE_5503_length_1066_cov_33.115822	397	477	8	21	80	0.2625000
NODE_5503_length_1066_cov_33.115822	450	530	5	5	80	0.0625000
NODE_5503_length_1066_cov_33.115822	450	530	6	3	80	0.0375000
NODE_5503_length_1066_cov_33.115822	450	530	7	1	80	0.0125000
NODE_5503_length_1066_cov_33.115822	450	530	8	71	80	0.8875000
NODE_5504_length_1066_cov_26.517063	215	285	80	5	70	0.0714286
NODE_5504_length_1066_cov_26.517063	215	285	81	1	70	0.0142857
NODE_5504_length_1066_cov_26.517063	215	285	82	1	70	0.0142857
NODE_5504_length_1066_cov_26.517063	215	285	83	5	70	0.0714286
NODE_5504_length_1066_cov_26.517063	215	285	84	1	70	0.0142857
NODE_5504_length_1066_cov_26.517063	215	285	88	1	70	0.0142857
NODE_5504_length_1066_cov_26.517063	215	285	90	1	70	0.0142857
NODE_5504_length_1066_cov_26.517063	215	285	92	2	70	0.0285714
NODE_5504_length_1066_cov_26.517063	215	285	93	4	70	0.0571429
NODE_5504_length_1066_cov_26.517063	215	285	94	3	70	0.0428571
NODE_5504_length_1066_cov_26.517063	215	285	96	3	70	0.0428571
NODE_5504_length_1066_cov_26.517063	215	285	97	7	70	0.1000000
NODE_5504_length_1066_cov_26.517063	215	285	99	10	70	0.1428571
NODE_5504_length_1066_cov_26.517063	215	285	100	4	70	0.0571429
NODE_5504_length_1066_cov_26.517063	215	285	101	3	70	0.0428571
NODE_5504_length_1066_cov_26.517063	215	285	102	2	70	0.0285714
NODE_5504_length_1066_cov_26.517063	215	285	103	1	70	0.0142857
NODE_5504_length_1066_cov_26.517063	215	285	104	2	70	0.0285714
NODE_5504_length_1066_cov_26.517063	215	285	105	2	70	0.0285714
NODE_5504_length_1066_cov_26.517063	215	285	106	1	70	0.0142857
NODE_5504_length_1066_cov_26.517063	215	285	107	11	70	0.1571429
NODE_5505_length_1066_cov_16.906929	526	606	0	16	80	0.2000000
NODE_5505_length_1066_cov_16.906929	526	606	2	23	80	0.2875000
NODE_5505_length_1066_cov_16.906929	526	606	4	41	80	0.5125000
NODE_5505_length_1066_cov_16.906929	579	659	2	22	80	0.2750000
NODE_5505_length_1066_cov_16.906929	579	659	4	58	80	0.7250000
NODE_5506_length_1066_cov_16.190279	298	378	0	8	80	0.1000000
NODE_5506_length_1066_cov_16.190279	298	378	4	72	80	0.9000000
NODE_5506_length_1066_cov_16.190279	351	432	4	81	81	1.0000000
NODE_5507_length_1066_cov_15.444674	582	662	0	73	80	0.9125000
NODE_5507_length_1066_cov_15.444674	582	662	2	7	80	0.0875000
NODE_5507_length_1066_cov_15.444674	635	715	0	20	80	0.2500000
NODE_5507_length_1066_cov_15.444674	635	715	2	60	80	0.7500000
NODE_5516_length_1065_cov_51.693582	480	560	0	17	80	0.2125000
NODE_5516_length_1065_cov_51.693582	480	560	2	4	80	0.0500000
NODE_5516_length_1065_cov_51.693582	480	560	4	59	80	0.7375000
NODE_5516_length_1065_cov_51.693582	533	613	4	31	80	0.3875000
NODE_5516_length_1065_cov_51.693582	533	613	10	6	80	0.0750000
NODE_5516_length_1065_cov_51.693582	533	613	12	43	80	0.5375000
NODE_5517_length_1065_cov_33.428571	422	502	2	80	80	1.0000000
NODE_5517_length_1065_cov_33.428571	422	502	2	80	80	1.0000000
NODE_5517_length_1065_cov_33.428571	422	502	2	80	80	1.0000000
NODE_5517_length_1065_cov_33.428571	475	555	2	34	80	0.4250000
NODE_5517_length_1065_cov_33.428571	475	555	4	21	80	0.2625000
NODE_5517_length_1065_cov_33.428571	475	555	6	14	80	0.1750000
NODE_5517_length_1065_cov_33.428571	475	555	10	6	80	0.0750000
NODE_5517_length_1065_cov_33.428571	475	555	12	5	80	0.0625000
NODE_5517_length_1065_cov_33.428571	475	555	2	34	80	0.4250000
NODE_5517_length_1065_cov_33.428571	475	555	4	21	80	0.2625000
NODE_5517_length_1065_cov_33.428571	475	555	6	14	80	0.1750000
NODE_5517_length_1065_cov_33.428571	475	555	10	6	80	0.0750000
NODE_5517_length_1065_cov_33.428571	475	555	12	5	80	0.0625000
NODE_5517_length_1065_cov_33.428571	551	631	12	4	80	0.0500000
NODE_5517_length_1065_cov_33.428571	551	631	14	10	80	0.1250000
NODE_5517_length_1065_cov_33.428571	551	631	18	1	80	0.0125000
NODE_5517_length_1065_cov_33.428571	551	631	21	5	80	0.0625000
NODE_5517_length_1065_cov_33.428571	551	631	22	5	80	0.0625000
NODE_5517_length_1065_cov_33.428571	551	631	23	55	80	0.6875000
NODE_5517_length_1065_cov_33.428571	551	631	12	4	80	0.0500000
NODE_5517_length_1065_cov_33.428571	551	631	14	10	80	0.1250000
NODE_5517_length_1065_cov_33.428571	551	631	18	1	80	0.0125000
NODE_5517_length_1065_cov_33.428571	551	631	21	5	80	0.0625000
NODE_5517_length_1065_cov_33.428571	551	631	22	5	80	0.0625000
NODE_5517_length_1065_cov_33.428571	551	631	23	55	80	0.6875000
NODE_5517_length_1065_cov_33.428571	551	572	12	4	21	0.1904762
NODE_5517_length_1065_cov_33.428571	551	572	14	10	21	0.4761905
NODE_5517_length_1065_cov_33.428571	551	572	18	1	21	0.0476190
NODE_5517_length_1065_cov_33.428571	551	572	22	5	21	0.2380952
NODE_5517_length_1065_cov_33.428571	551	572	23	1	21	0.0476190
NODE_5517_length_1065_cov_33.428571	604	666	5	12	62	0.1935484
NODE_5517_length_1065_cov_33.428571	604	666	9	3	62	0.0483871
NODE_5517_length_1065_cov_33.428571	604	666	13	9	62	0.1451613
NODE_5517_length_1065_cov_33.428571	604	666	15	1	62	0.0161290
NODE_5517_length_1065_cov_33.428571	604	666	19	4	62	0.0645161
NODE_5517_length_1065_cov_33.428571	604	666	21	11	62	0.1774193
NODE_5517_length_1065_cov_33.428571	604	666	23	22	62	0.3548387
NODE_5517_length_1065_cov_33.428571	604	684	5	30	80	0.3750000
NODE_5517_length_1065_cov_33.428571	604	684	9	3	80	0.0375000
NODE_5517_length_1065_cov_33.428571	604	684	13	9	80	0.1125000
NODE_5517_length_1065_cov_33.428571	604	684	15	1	80	0.0125000
NODE_5517_length_1065_cov_33.428571	604	684	19	4	80	0.0500000
NODE_5517_length_1065_cov_33.428571	604	684	21	11	80	0.1375000
NODE_5517_length_1065_cov_33.428571	604	684	23	22	80	0.2750000
NODE_5518_length_1065_cov_31.874741	255	335	6	8	80	0.1000000
NODE_5518_length_1065_cov_31.874741	255	335	8	15	80	0.1875000
NODE_5518_length_1065_cov_31.874741	255	335	18	17	80	0.2125000
NODE_5518_length_1065_cov_31.874741	255	335	22	34	80	0.4250000
NODE_5518_length_1065_cov_31.874741	255	335	24	6	80	0.0750000
NODE_5518_length_1065_cov_31.874741	308	388	2	5	80	0.0625000
NODE_5518_length_1065_cov_31.874741	308	388	4	43	80	0.5375000
NODE_5518_length_1065_cov_31.874741	308	388	6	8	80	0.1000000
NODE_5518_length_1065_cov_31.874741	308	388	8	20	80	0.2500000
NODE_5518_length_1065_cov_31.874741	308	388	24	4	80	0.0500000
NODE_5519_length_1065_cov_21.762940	234	314	0	80	80	1.0000000
NODE_5519_length_1065_cov_21.762940	287	367	0	80	80	1.0000000
NODE_5520_length_1065_cov_19.947205	447	527	0	39	80	0.4875000
NODE_5520_length_1065_cov_19.947205	447	527	2	41	80	0.5125000
NODE_5520_length_1065_cov_19.947205	500	580	0	28	80	0.3500000
NODE_5520_length_1065_cov_19.947205	500	580	2	52	80	0.6500000
NODE_5521_length_1065_cov_14.590062	343	423	2	80	80	1.0000000
NODE_5521_length_1065_cov_14.590062	396	476	0	37	80	0.4625000
NODE_5521_length_1065_cov_14.590062	396	476	2	43	80	0.5375000
NODE_5522_length_1065_cov_13.232919	243	323	4	39	80	0.4875000
NODE_5522_length_1065_cov_13.232919	243	323	8	41	80	0.5125000
NODE_5522_length_1065_cov_13.232919	296	376	4	51	80	0.6375000
NODE_5522_length_1065_cov_13.232919	296	376	8	29	80	0.3625000
NODE_5523_length_1065_cov_10.670807	481	561	0	68	80	0.8500000
NODE_5523_length_1065_cov_10.670807	481	561	1	12	80	0.1500000
NODE_5523_length_1065_cov_10.670807	534	614	0	15	80	0.1875000
NODE_5523_length_1065_cov_10.670807	534	614	1	12	80	0.1500000
NODE_5523_length_1065_cov_10.670807	534	614	2	53	80	0.6625000
NODE_5524_length_1065_cov_10.473085	496	576	0	80	80	1.0000000
NODE_5524_length_1065_cov_10.473085	549	629	0	80	80	1.0000000
NODE_5525_length_1065_cov_9.711180	286	360	0	74	74	1.0000000
NODE_5525_length_1065_cov_9.711180	339	419	0	80	80	1.0000000
NODE_5534_length_1064_cov_59.929534	457	537	4	80	80	1.0000000
NODE_5534_length_1064_cov_59.929534	510	590	0	7	80	0.0875000
NODE_5534_length_1064_cov_59.929534	510	590	2	9	80	0.1125000
NODE_5534_length_1064_cov_59.929534	510	590	4	64	80	0.8000000
NODE_5534_length_1064_cov_59.929534	586	666	0	72	80	0.9000000
NODE_5534_length_1064_cov_59.929534	586	666	2	8	80	0.1000000
NODE_5534_length_1064_cov_59.929534	639	719	0	19	80	0.2375000
NODE_5534_length_1064_cov_59.929534	639	719	2	61	80	0.7625000
NODE_5535_length_1064_cov_36.480829	367	447	8	17	80	0.2125000
NODE_5535_length_1064_cov_36.480829	367	447	10	13	80	0.1625000
NODE_5535_length_1064_cov_36.480829	367	447	12	3	80	0.0375000
NODE_5535_length_1064_cov_36.480829	367	447	14	47	80	0.5875000
NODE_5535_length_1064_cov_36.480829	420	500	2	8	80	0.1000000
NODE_5535_length_1064_cov_36.480829	420	500	10	16	80	0.2000000
NODE_5535_length_1064_cov_36.480829	420	500	12	18	80	0.2250000
NODE_5535_length_1064_cov_36.480829	420	500	14	38	80	0.4750000
NODE_5535_length_1064_cov_36.480829	496	576	0	34	80	0.4250000
NODE_5535_length_1064_cov_36.480829	496	576	2	46	80	0.5750000
NODE_5535_length_1064_cov_36.480829	549	629	0	4	80	0.0500000
NODE_5535_length_1064_cov_36.480829	549	629	2	76	80	0.9500000
NODE_5536_length_1064_cov_32.307772	547	627	1	65	80	0.8125000
NODE_5536_length_1064_cov_32.307772	547	627	2	11	80	0.1375000
NODE_5536_length_1064_cov_32.307772	547	627	3	4	80	0.0500000
NODE_5536_length_1064_cov_32.307772	600	680	1	12	80	0.1500000
NODE_5536_length_1064_cov_32.307772	600	680	2	64	80	0.8000000
NODE_5536_length_1064_cov_32.307772	600	680	3	4	80	0.0500000
NODE_5537_length_1064_cov_25.255959	462	542	5	80	80	1.0000000
NODE_5537_length_1064_cov_25.255959	515	595	0	24	80	0.3000000
NODE_5537_length_1064_cov_25.255959	515	595	4	1	80	0.0125000
NODE_5537_length_1064_cov_25.255959	515	595	5	55	80	0.6875000
NODE_5537_length_1064_cov_25.255959	591	671	0	71	80	0.8875000
NODE_5537_length_1064_cov_25.255959	591	671	2	9	80	0.1125000
NODE_5537_length_1064_cov_25.255959	644	724	0	18	80	0.2250000
NODE_5537_length_1064_cov_25.255959	644	724	2	62	80	0.7750000
NODE_5538_length_1064_cov_23.053886	343	423	0	80	80	1.0000000
NODE_5538_length_1064_cov_23.053886	396	476	0	80	80	1.0000000
NODE_5538_length_1064_cov_23.053886	472	552	0	26	80	0.3250000
NODE_5538_length_1064_cov_23.053886	472	552	2	14	80	0.1750000
NODE_5538_length_1064_cov_23.053886	472	552	4	40	80	0.5000000
NODE_5538_length_1064_cov_23.053886	525	605	4	80	80	1.0000000
NODE_5539_length_1064_cov_22.018653	479	559	0	20	80	0.2500000
NODE_5539_length_1064_cov_22.018653	479	559	4	12	80	0.1500000
NODE_5539_length_1064_cov_22.018653	479	559	16	14	80	0.1750000
NODE_5539_length_1064_cov_22.018653	479	559	18	34	80	0.4250000
NODE_5539_length_1064_cov_22.018653	532	612	12	13	80	0.1625000
NODE_5539_length_1064_cov_22.018653	532	612	14	3	80	0.0375000
NODE_5539_length_1064_cov_22.018653	532	612	18	64	80	0.8000000
NODE_5540_length_1064_cov_12.868394	424	504	0	80	80	1.0000000
NODE_5540_length_1064_cov_12.868394	477	557	0	80	80	1.0000000
NODE_5541_length_1064_cov_10.098446	467	547	0	53	80	0.6625000
NODE_5541_length_1064_cov_10.098446	467	547	1	15	80	0.1875000
NODE_5541_length_1064_cov_10.098446	467	547	2	12	80	0.1500000
NODE_5541_length_1064_cov_10.098446	520	600	1	15	80	0.1875000
NODE_5541_length_1064_cov_10.098446	520	600	2	65	80	0.8125000
NODE_5543_length_1064_cov_2.925389	173	245	8	3	72	0.0416667
NODE_5543_length_1064_cov_2.925389	173	245	9	6	72	0.0833333
NODE_5543_length_1064_cov_2.925389	173	245	11	19	72	0.2638889
NODE_5543_length_1064_cov_2.925389	173	245	13	2	72	0.0277778
NODE_5543_length_1064_cov_2.925389	173	245	16	20	72	0.2777778
NODE_5543_length_1064_cov_2.925389	173	245	17	2	72	0.0277778
NODE_5543_length_1064_cov_2.925389	173	245	18	6	72	0.0833333
NODE_5543_length_1064_cov_2.925389	173	245	20	2	72	0.0277778
NODE_5543_length_1064_cov_2.925389	173	245	22	8	72	0.1111111
NODE_5543_length_1064_cov_2.925389	173	245	24	4	72	0.0555556
NODE_5551_length_1063_cov_104.615145	504	584	0	47	80	0.5875000
NODE_5551_length_1063_cov_104.615145	504	584	3	5	80	0.0625000
NODE_5551_length_1063_cov_104.615145	504	584	5	28	80	0.3500000
NODE_5551_length_1063_cov_104.615145	557	637	5	80	80	1.0000000
NODE_5552_length_1063_cov_36.515560	482	562	0	80	80	1.0000000
NODE_5552_length_1063_cov_36.515560	535	615	0	80	80	1.0000000
NODE_5552_length_1063_cov_36.515560	611	691	0	25	80	0.3125000
NODE_5552_length_1063_cov_36.515560	611	691	2	55	80	0.6875000
NODE_5552_length_1063_cov_36.515560	664	744	0	6	80	0.0750000
NODE_5552_length_1063_cov_36.515560	664	744	2	74	80	0.9250000
NODE_5553_length_1063_cov_30.700207	470	550	0	14	80	0.1750000
NODE_5553_length_1063_cov_30.700207	470	550	2	12	80	0.1500000
NODE_5553_length_1063_cov_30.700207	470	550	4	54	80	0.6750000
NODE_5553_length_1063_cov_30.700207	523	603	0	67	80	0.8375000
NODE_5553_length_1063_cov_30.700207	523	603	2	12	80	0.1500000
NODE_5553_length_1063_cov_30.700207	523	603	4	1	80	0.0125000
NODE_5553_length_1063_cov_30.700207	599	679	0	28	80	0.3500000
NODE_5553_length_1063_cov_30.700207	599	679	2	52	80	0.6500000
NODE_5553_length_1063_cov_30.700207	652	732	0	20	80	0.2500000
NODE_5553_length_1063_cov_30.700207	652	732	2	60	80	0.7500000
NODE_5554_length_1063_cov_24.552905	362	442	0	80	80	1.0000000
NODE_5554_length_1063_cov_24.552905	415	495	0	80	80	1.0000000
NODE_5555_length_1063_cov_21.985477	407	487	0	80	80	1.0000000
NODE_5555_length_1063_cov_21.985477	460	540	0	57	80	0.7125000
NODE_5555_length_1063_cov_21.985477	460	540	4	23	80	0.2875000
NODE_5555_length_1063_cov_21.985477	536	616	4	35	80	0.4375000
NODE_5555_length_1063_cov_21.985477	536	616	7	1	80	0.0125000
NODE_5555_length_1063_cov_21.985477	536	616	8	3	80	0.0375000
NODE_5555_length_1063_cov_21.985477	536	616	9	41	80	0.5125000
NODE_5555_length_1063_cov_21.985477	589	670	5	3	81	0.0370370
NODE_5555_length_1063_cov_21.985477	589	670	8	1	81	0.0123457
NODE_5555_length_1063_cov_21.985477	589	670	9	77	81	0.9506173
NODE_5557_length_1063_cov_15.400415	685	765	0	80	80	1.0000000
NODE_5557_length_1063_cov_15.400415	738	818	0	80	80	1.0000000
NODE_5558_length_1063_cov_13.282158	510	590	0	80	80	1.0000000
NODE_5558_length_1063_cov_13.282158	563	643	0	80	80	1.0000000
NODE_5559_length_1063_cov_12.970954	417	495	2	78	78	1.0000000
NODE_5559_length_1063_cov_12.970954	468	548	0	5	80	0.0625000
NODE_5559_length_1063_cov_12.970954	468	548	1	6	80	0.0750000
NODE_5559_length_1063_cov_12.970954	468	548	2	69	80	0.8625000
NODE_5560_length_1063_cov_7.917012	639	719	0	49	80	0.6125000
NODE_5560_length_1063_cov_7.917012	639	719	4	31	80	0.3875000
NODE_5560_length_1063_cov_7.917012	692	772	4	80	80	1.0000000
NODE_5569_length_1063_cov_1.695021	893	947	12	10	54	0.1851852
NODE_5569_length_1063_cov_1.695021	893	947	14	44	54	0.8148148
NODE_5574_length_1062_cov_43.399792	272	352	4	17	80	0.2125000
NODE_5574_length_1062_cov_43.399792	272	352	20	28	80	0.3500000
NODE_5574_length_1062_cov_43.399792	272	352	24	35	80	0.4375000
NODE_5574_length_1062_cov_43.399792	325	405	0	11	80	0.1375000
NODE_5574_length_1062_cov_43.399792	325	405	2	4	80	0.0500000
NODE_5574_length_1062_cov_43.399792	325	405	3	1	80	0.0125000
NODE_5574_length_1062_cov_43.399792	325	405	4	54	80	0.6750000
NODE_5574_length_1062_cov_43.399792	325	405	20	10	80	0.1250000
NODE_5576_length_1062_cov_19.778816	401	481	0	27	80	0.3375000
NODE_5576_length_1062_cov_19.778816	401	481	2	20	80	0.2500000
NODE_5576_length_1062_cov_19.778816	401	481	6	33	80	0.4125000
NODE_5576_length_1062_cov_19.778816	454	534	4	26	80	0.3250000
NODE_5576_length_1062_cov_19.778816	454	534	6	54	80	0.6750000
NODE_5577_length_1062_cov_16.034268	628	708	0	15	80	0.1875000
NODE_5577_length_1062_cov_16.034268	628	708	6	65	80	0.8125000
NODE_5577_length_1062_cov_16.034268	681	761	0	8	80	0.1000000
NODE_5577_length_1062_cov_16.034268	681	761	6	72	80	0.9000000
NODE_5578_length_1062_cov_13.346833	623	703	2	15	80	0.1875000
NODE_5578_length_1062_cov_13.346833	623	703	4	30	80	0.3750000
NODE_5578_length_1062_cov_13.346833	623	703	6	35	80	0.4375000
NODE_5578_length_1062_cov_13.346833	676	756	0	8	80	0.1000000
NODE_5578_length_1062_cov_13.346833	676	756	2	60	80	0.7500000
NODE_5578_length_1062_cov_13.346833	676	756	6	12	80	0.1500000
NODE_5579_length_1062_cov_9.886812	670	750	0	80	80	1.0000000
NODE_5579_length_1062_cov_9.886812	723	803	0	80	80	1.0000000
NODE_5580_length_1062_cov_9.078920	525	604	3	6	79	0.0759494
NODE_5580_length_1062_cov_9.078920	525	604	5	42	79	0.5316456
NODE_5580_length_1062_cov_9.078920	525	604	6	31	79	0.3924051
NODE_5580_length_1062_cov_9.078920	577	657	0	5	80	0.0625000
NODE_5580_length_1062_cov_9.078920	577	657	3	17	80	0.2125000
NODE_5580_length_1062_cov_9.078920	577	657	5	58	80	0.7250000
NODE_5581_length_1062_cov_8.934579	203	283	0	80	80	1.0000000
NODE_5581_length_1062_cov_8.934579	256	336	0	80	80	1.0000000
NODE_5588_length_1061_cov_22.637214	418	498	0	7	80	0.0875000
NODE_5588_length_1061_cov_22.637214	418	498	2	73	80	0.9125000
NODE_5588_length_1061_cov_22.637214	471	551	0	24	80	0.3000000
NODE_5588_length_1061_cov_22.637214	471	551	2	56	80	0.7000000
NODE_5589_length_1061_cov_22.338877	479	559	0	80	80	1.0000000
NODE_5589_length_1061_cov_22.338877	532	612	0	80	80	1.0000000
NODE_5597_length_1060_cov_31.595213	394	473	0	79	79	1.0000000
NODE_5597_length_1060_cov_31.595213	446	526	0	80	80	1.0000000
NODE_5597_length_1060_cov_31.595213	522	602	0	80	80	1.0000000
NODE_5597_length_1060_cov_31.595213	575	655	0	80	80	1.0000000
NODE_5598_length_1060_cov_26.136316	486	566	0	80	80	1.0000000
NODE_5598_length_1060_cov_26.136316	539	619	0	80	80	1.0000000
NODE_5598_length_1060_cov_26.136316	615	695	0	19	80	0.2375000
NODE_5598_length_1060_cov_26.136316	615	695	2	61	80	0.7625000
NODE_5598_length_1060_cov_26.136316	668	748	0	26	80	0.3250000
NODE_5598_length_1060_cov_26.136316	668	748	2	54	80	0.6750000
NODE_5599_length_1060_cov_25.329865	370	450	0	5	80	0.0625000
NODE_5599_length_1060_cov_25.329865	370	450	4	75	80	0.9375000
NODE_5599_length_1060_cov_25.329865	423	503	4	80	80	1.0000000
NODE_5600_length_1060_cov_16.881374	539	611	0	52	72	0.7222222
NODE_5600_length_1060_cov_16.881374	539	611	2	20	72	0.2777778
NODE_5601_length_1060_cov_14.789802	406	486	0	80	80	1.0000000
NODE_5601_length_1060_cov_14.789802	459	539	0	80	80	1.0000000
NODE_5603_length_1060_cov_5.900104	517	597	0	80	80	1.0000000
NODE_5603_length_1060_cov_5.900104	570	650	0	80	80	1.0000000
NODE_5611_length_1059_cov_16.630208	412	492	2	51	80	0.6375000
NODE_5611_length_1059_cov_16.630208	412	492	3	11	80	0.1375000
NODE_5611_length_1059_cov_16.630208	412	492	5	18	80	0.2250000
NODE_5611_length_1059_cov_16.630208	465	552	3	9	87	0.1034483
NODE_5611_length_1059_cov_16.630208	465	552	4	45	87	0.5172414
NODE_5611_length_1059_cov_16.630208	465	552	5	29	87	0.3333333
NODE_5611_length_1059_cov_16.630208	465	552	6	4	87	0.0459770
NODE_5611_length_1059_cov_16.630208	548	628	2	25	80	0.3125000
NODE_5611_length_1059_cov_16.630208	548	628	3	15	80	0.1875000
NODE_5611_length_1059_cov_16.630208	548	628	4	40	80	0.5000000
NODE_5611_length_1059_cov_16.630208	601	681	2	34	80	0.4250000
NODE_5611_length_1059_cov_16.630208	601	681	3	40	80	0.5000000
NODE_5611_length_1059_cov_16.630208	601	681	4	6	80	0.0750000
NODE_5621_length_1058_cov_60.155370	395	475	7	20	80	0.2500000
NODE_5621_length_1058_cov_60.155370	395	475	8	2	80	0.0250000
NODE_5621_length_1058_cov_60.155370	395	475	9	51	80	0.6375000
NODE_5621_length_1058_cov_60.155370	395	475	12	7	80	0.0875000
NODE_5621_length_1058_cov_60.155370	448	528	7	18	80	0.2250000
NODE_5621_length_1058_cov_60.155370	448	528	8	13	80	0.1625000
NODE_5621_length_1058_cov_60.155370	448	528	10	12	80	0.1500000
NODE_5621_length_1058_cov_60.155370	448	528	12	17	80	0.2125000
NODE_5621_length_1058_cov_60.155370	448	528	14	20	80	0.2500000
NODE_5621_length_1058_cov_60.155370	524	604	6	27	80	0.3375000
NODE_5621_length_1058_cov_60.155370	524	604	10	53	80	0.6625000
NODE_5621_length_1058_cov_60.155370	577	657	0	1	80	0.0125000
NODE_5621_length_1058_cov_60.155370	577	657	2	12	80	0.1500000
NODE_5621_length_1058_cov_60.155370	577	657	4	3	80	0.0375000
NODE_5621_length_1058_cov_60.155370	577	657	6	29	80	0.3625000
NODE_5621_length_1058_cov_60.155370	577	657	8	35	80	0.4375000
NODE_5622_length_1058_cov_31.253389	475	555	14	2	80	0.0250000
NODE_5622_length_1058_cov_31.253389	475	555	20	31	80	0.3875000
NODE_5622_length_1058_cov_31.253389	475	555	22	11	80	0.1375000
NODE_5622_length_1058_cov_31.253389	475	555	23	14	80	0.1750000
NODE_5622_length_1058_cov_31.253389	475	555	24	22	80	0.2750000
NODE_5622_length_1058_cov_31.253389	475	555	14	2	80	0.0250000
NODE_5622_length_1058_cov_31.253389	475	555	20	31	80	0.3875000
NODE_5622_length_1058_cov_31.253389	475	555	22	11	80	0.1375000
NODE_5622_length_1058_cov_31.253389	475	555	23	14	80	0.1750000
NODE_5622_length_1058_cov_31.253389	475	555	24	22	80	0.2750000
NODE_5622_length_1058_cov_31.253389	528	608	2	2	80	0.0250000
NODE_5622_length_1058_cov_31.253389	528	608	7	2	80	0.0250000
NODE_5622_length_1058_cov_31.253389	528	608	11	3	80	0.0375000
NODE_5622_length_1058_cov_31.253389	528	608	12	24	80	0.3000000
NODE_5622_length_1058_cov_31.253389	528	608	14	2	80	0.0250000
NODE_5622_length_1058_cov_31.253389	528	608	20	15	80	0.1875000
NODE_5622_length_1058_cov_31.253389	528	608	24	32	80	0.4000000
NODE_5622_length_1058_cov_31.253389	533	608	2	2	75	0.0266667
NODE_5622_length_1058_cov_31.253389	533	608	7	2	75	0.0266667
NODE_5622_length_1058_cov_31.253389	533	608	11	3	75	0.0400000
NODE_5622_length_1058_cov_31.253389	533	608	12	24	75	0.3200000
NODE_5622_length_1058_cov_31.253389	533	608	14	2	75	0.0266667
NODE_5622_length_1058_cov_31.253389	533	608	20	10	75	0.1333333
NODE_5622_length_1058_cov_31.253389	533	608	24	32	75	0.4266667
NODE_5623_length_1058_cov_24.520334	264	344	2	43	80	0.5375000
NODE_5623_length_1058_cov_24.520334	264	344	4	37	80	0.4625000
NODE_5623_length_1058_cov_24.520334	317	397	2	44	80	0.5500000
NODE_5623_length_1058_cov_24.520334	317	397	4	36	80	0.4500000
NODE_5624_length_1058_cov_24.211679	297	377	0	80	80	1.0000000
NODE_5624_length_1058_cov_24.211679	350	430	0	69	80	0.8625000
NODE_5624_length_1058_cov_24.211679	350	430	2	11	80	0.1375000
NODE_5625_length_1058_cov_18.100104	454	534	0	80	80	1.0000000
NODE_5625_length_1058_cov_18.100104	507	587	0	80	80	1.0000000
NODE_5626_length_1058_cov_11.645464	476	556	2	29	80	0.3625000
NODE_5626_length_1058_cov_11.645464	476	556	4	51	80	0.6375000
NODE_5626_length_1058_cov_11.645464	529	609	2	66	80	0.8250000
NODE_5626_length_1058_cov_11.645464	529	609	4	14	80	0.1750000
NODE_5627_length_1058_cov_9.953076	621	712	2	5	91	0.0549451
NODE_5627_length_1058_cov_9.953076	621	712	4	86	91	0.9450549
NODE_5627_length_1058_cov_9.953076	685	765	0	43	80	0.5375000
NODE_5627_length_1058_cov_9.953076	685	765	2	12	80	0.1500000
NODE_5627_length_1058_cov_9.953076	685	765	4	25	80	0.3125000
NODE_5628_length_1058_cov_6.294056	819	899	4	36	80	0.4500000
NODE_5628_length_1058_cov_6.294056	819	899	6	44	80	0.5500000
NODE_5628_length_1058_cov_6.294056	875	952	2	9	77	0.1168831
NODE_5628_length_1058_cov_6.294056	875	952	4	26	77	0.3376623
NODE_5628_length_1058_cov_6.294056	875	952	6	42	77	0.5454546
NODE_5637_length_1057_cov_43.191023	413	493	2	4	80	0.0500000
NODE_5637_length_1057_cov_43.191023	413	493	4	76	80	0.9500000
NODE_5637_length_1057_cov_43.191023	466	546	0	23	80	0.2875000
NODE_5637_length_1057_cov_43.191023	466	546	2	21	80	0.2625000
NODE_5637_length_1057_cov_43.191023	466	546	4	36	80	0.4500000
NODE_5637_length_1057_cov_43.191023	542	622	0	80	80	1.0000000
NODE_5637_length_1057_cov_43.191023	595	675	0	80	80	1.0000000
NODE_5638_length_1057_cov_27.387265	486	566	0	3	80	0.0375000
NODE_5638_length_1057_cov_27.387265	486	566	2	15	80	0.1875000
NODE_5638_length_1057_cov_27.387265	486	566	4	62	80	0.7750000
NODE_5638_length_1057_cov_27.387265	539	619	0	56	80	0.7000000
NODE_5638_length_1057_cov_27.387265	539	619	4	24	80	0.3000000
NODE_5639_length_1057_cov_16.489562	416	496	0	15	80	0.1875000
NODE_5639_length_1057_cov_16.489562	416	496	2	65	80	0.8125000
NODE_5639_length_1057_cov_16.489562	469	549	0	30	80	0.3750000
NODE_5639_length_1057_cov_16.489562	469	549	2	50	80	0.6250000
NODE_5640_length_1057_cov_13.605428	631	711	10	1	80	0.0125000
NODE_5640_length_1057_cov_13.605428	631	711	12	7	80	0.0875000
NODE_5640_length_1057_cov_13.605428	631	711	15	13	80	0.1625000
NODE_5640_length_1057_cov_13.605428	631	711	16	4	80	0.0500000
NODE_5640_length_1057_cov_13.605428	631	711	17	42	80	0.5250000
NODE_5640_length_1057_cov_13.605428	631	711	18	13	80	0.1625000
NODE_5640_length_1057_cov_13.605428	684	764	2	24	80	0.3000000
NODE_5640_length_1057_cov_13.605428	684	764	8	1	80	0.0125000
NODE_5640_length_1057_cov_13.605428	684	764	10	29	80	0.3625000
NODE_5640_length_1057_cov_13.605428	684	764	12	7	80	0.0875000
NODE_5640_length_1057_cov_13.605428	684	764	16	4	80	0.0500000
NODE_5640_length_1057_cov_13.605428	684	764	17	2	80	0.0250000
NODE_5640_length_1057_cov_13.605428	684	764	18	13	80	0.1625000
NODE_5641_length_1057_cov_12.768267	518	598	0	7	80	0.0875000
NODE_5641_length_1057_cov_12.768267	518	598	2	73	80	0.9125000
NODE_5641_length_1057_cov_12.768267	571	651	0	43	80	0.5375000
NODE_5641_length_1057_cov_12.768267	571	651	2	37	80	0.4625000
NODE_5644_length_1057_cov_7.692067	706	786	2	37	80	0.4625000
NODE_5644_length_1057_cov_7.692067	706	786	4	2	80	0.0250000
NODE_5644_length_1057_cov_7.692067	706	786	6	41	80	0.5125000
NODE_5644_length_1057_cov_7.692067	759	839	4	31	80	0.3875000
NODE_5644_length_1057_cov_7.692067	759	839	6	49	80	0.6125000
NODE_5645_length_1057_cov_6.697286	561	641	0	80	80	1.0000000
NODE_5645_length_1057_cov_6.697286	614	694	0	80	80	1.0000000
NODE_5654_length_1056_cov_57.539185	462	542	0	32	80	0.4000000
NODE_5654_length_1056_cov_57.539185	462	542	2	7	80	0.0875000
NODE_5654_length_1056_cov_57.539185	462	542	6	41	80	0.5125000
NODE_5654_length_1056_cov_57.539185	515	595	6	80	80	1.0000000
NODE_5655_length_1056_cov_35.751306	421	501	0	63	80	0.7875000
NODE_5655_length_1056_cov_35.751306	421	501	4	17	80	0.2125000
NODE_5655_length_1056_cov_35.751306	474	554	0	10	80	0.1250000
NODE_5655_length_1056_cov_35.751306	474	554	4	70	80	0.8750000
NODE_5656_length_1056_cov_29.749216	415	490	4	20	75	0.2666667
NODE_5656_length_1056_cov_29.749216	415	490	6	13	75	0.1733333
NODE_5656_length_1056_cov_29.749216	415	490	8	11	75	0.1466667
NODE_5656_length_1056_cov_29.749216	415	490	18	15	75	0.2000000
NODE_5656_length_1056_cov_29.749216	415	490	20	16	75	0.2133333
NODE_5656_length_1056_cov_29.749216	416	495	4	19	79	0.2405063
NODE_5656_length_1056_cov_29.749216	416	495	6	13	79	0.1645570
NODE_5656_length_1056_cov_29.749216	416	495	8	11	79	0.1392405
NODE_5656_length_1056_cov_29.749216	416	495	18	15	79	0.1898734
NODE_5656_length_1056_cov_29.749216	416	495	20	21	79	0.2658228
NODE_5656_length_1056_cov_29.749216	448	495	6	11	47	0.2340426
NODE_5656_length_1056_cov_29.749216	448	495	18	15	47	0.3191489
NODE_5656_length_1056_cov_29.749216	448	495	20	21	47	0.4468085
NODE_5656_length_1056_cov_29.749216	468	548	14	7	80	0.0875000
NODE_5656_length_1056_cov_29.749216	468	548	18	47	80	0.5875000
NODE_5656_length_1056_cov_29.749216	468	548	20	24	80	0.3000000
NODE_5656_length_1056_cov_29.749216	468	548	22	2	80	0.0250000
NODE_5656_length_1056_cov_29.749216	468	548	14	7	80	0.0875000
NODE_5656_length_1056_cov_29.749216	468	548	18	47	80	0.5875000
NODE_5656_length_1056_cov_29.749216	468	548	20	24	80	0.3000000
NODE_5656_length_1056_cov_29.749216	468	548	22	2	80	0.0250000
NODE_5656_length_1056_cov_29.749216	468	548	14	7	80	0.0875000
NODE_5656_length_1056_cov_29.749216	468	548	18	47	80	0.5875000
NODE_5656_length_1056_cov_29.749216	468	548	20	24	80	0.3000000
NODE_5656_length_1056_cov_29.749216	468	548	22	2	80	0.0250000
NODE_5657_length_1056_cov_25.342738	297	377	0	80	80	1.0000000
NODE_5657_length_1056_cov_25.342738	350	430	0	27	80	0.3375000
NODE_5657_length_1056_cov_25.342738	350	430	2	48	80	0.6000000
NODE_5657_length_1056_cov_25.342738	350	430	4	5	80	0.0625000
NODE_5657_length_1056_cov_25.342738	426	506	0	2	80	0.0250000
NODE_5657_length_1056_cov_25.342738	426	506	2	18	80	0.2250000
NODE_5657_length_1056_cov_25.342738	426	506	4	60	80	0.7500000
NODE_5657_length_1056_cov_25.342738	479	559	0	55	80	0.6875000
NODE_5657_length_1056_cov_25.342738	479	559	2	18	80	0.2250000
NODE_5657_length_1056_cov_25.342738	479	559	4	7	80	0.0875000
NODE_5658_length_1056_cov_24.094044	535	615	6	10	80	0.1250000
NODE_5658_length_1056_cov_24.094044	535	615	8	4	80	0.0500000
NODE_5658_length_1056_cov_24.094044	535	615	12	66	80	0.8250000
NODE_5658_length_1056_cov_24.094044	588	668	0	6	80	0.0750000
NODE_5658_length_1056_cov_24.094044	588	668	4	10	80	0.1250000
NODE_5658_length_1056_cov_24.094044	588	668	6	47	80	0.5875000
NODE_5658_length_1056_cov_24.094044	588	668	12	17	80	0.2125000
NODE_5659_length_1056_cov_20.700104	570	650	0	80	80	1.0000000
NODE_5659_length_1056_cov_20.700104	623	703	0	80	80	1.0000000
NODE_5660_length_1056_cov_14.215256	349	429	0	34	80	0.4250000
NODE_5660_length_1056_cov_14.215256	349	429	2	42	80	0.5250000
NODE_5660_length_1056_cov_14.215256	349	429	3	3	80	0.0375000
NODE_5660_length_1056_cov_14.215256	349	429	4	1	80	0.0125000
NODE_5660_length_1056_cov_14.215256	402	482	2	36	80	0.4500000
NODE_5660_length_1056_cov_14.215256	402	482	3	3	80	0.0375000
NODE_5660_length_1056_cov_14.215256	402	482	4	41	80	0.5125000
NODE_5660_length_1056_cov_14.215256	478	558	2	51	80	0.6375000
NODE_5660_length_1056_cov_14.215256	478	558	4	29	80	0.3625000
NODE_5660_length_1056_cov_14.215256	531	611	2	33	80	0.4125000
NODE_5660_length_1056_cov_14.215256	531	611	3	3	80	0.0375000
NODE_5660_length_1056_cov_14.215256	531	611	4	44	80	0.5500000
NODE_5661_length_1056_cov_13.782654	563	643	2	80	80	1.0000000
NODE_5661_length_1056_cov_13.782654	616	696	0	35	80	0.4375000
NODE_5661_length_1056_cov_13.782654	616	696	2	45	80	0.5625000
NODE_5663_length_1056_cov_9.298851	373	453	6	5	80	0.0625000
NODE_5663_length_1056_cov_9.298851	373	453	10	75	80	0.9375000
NODE_5663_length_1056_cov_9.298851	426	503	2	5	77	0.0649351
NODE_5663_length_1056_cov_9.298851	426	503	4	15	77	0.1948052
NODE_5663_length_1056_cov_9.298851	426	503	6	5	77	0.0649351
NODE_5663_length_1056_cov_9.298851	426	503	8	30	77	0.3896104
NODE_5663_length_1056_cov_9.298851	426	503	10	22	77	0.2857143
NODE_5665_length_1056_cov_6.157785	396	476	0	80	80	1.0000000
NODE_5665_length_1056_cov_6.157785	449	529	0	80	80	1.0000000
NODE_5666_length_1056_cov_6.034483	287	367	2	80	80	1.0000000
NODE_5666_length_1056_cov_6.034483	340	420	0	15	80	0.1875000
NODE_5666_length_1056_cov_6.034483	340	420	1	7	80	0.0875000
NODE_5666_length_1056_cov_6.034483	340	420	2	58	80	0.7250000
NODE_5667_length_1056_cov_3.259143	371	410	0	39	39	1.0000000
NODE_5667_length_1056_cov_3.259143	424	463	0	39	39	1.0000000
NODE_5668_length_1056_cov_2.362591	234	314	2	28	80	0.3500000
NODE_5668_length_1056_cov_2.362591	234	314	6	52	80	0.6500000
NODE_5672_length_1055_cov_36.460251	468	548	2	24	80	0.3000000
NODE_5672_length_1055_cov_36.460251	468	548	6	1	80	0.0125000
NODE_5672_length_1055_cov_36.460251	468	548	8	40	80	0.5000000
NODE_5672_length_1055_cov_36.460251	468	548	12	15	80	0.1875000
NODE_5672_length_1055_cov_36.460251	521	601	8	12	80	0.1500000
NODE_5672_length_1055_cov_36.460251	521	601	12	19	80	0.2375000
NODE_5672_length_1055_cov_36.460251	521	601	16	49	80	0.6125000
NODE_5673_length_1055_cov_31.235356	502	582	4	21	80	0.2625000
NODE_5673_length_1055_cov_31.235356	502	582	6	39	80	0.4875000
NODE_5673_length_1055_cov_31.235356	502	582	8	20	80	0.2500000
NODE_5673_length_1055_cov_31.235356	555	635	0	2	80	0.0250000
NODE_5673_length_1055_cov_31.235356	555	635	2	9	80	0.1125000
NODE_5673_length_1055_cov_31.235356	555	635	4	50	80	0.6250000
NODE_5673_length_1055_cov_31.235356	555	635	6	9	80	0.1125000
NODE_5673_length_1055_cov_31.235356	555	635	8	10	80	0.1250000
NODE_5674_length_1055_cov_23.330544	403	483	0	2	80	0.0250000
NODE_5674_length_1055_cov_23.330544	403	483	2	78	80	0.9750000
NODE_5674_length_1055_cov_23.330544	456	536	0	55	80	0.6875000
NODE_5674_length_1055_cov_23.330544	456	536	2	25	80	0.3125000
NODE_5674_length_1055_cov_23.330544	532	612	0	11	80	0.1375000
NODE_5674_length_1055_cov_23.330544	532	612	4	69	80	0.8625000
NODE_5674_length_1055_cov_23.330544	585	665	4	80	80	1.0000000
NODE_5675_length_1055_cov_19.541841	321	401	0	49	80	0.6125000
NODE_5675_length_1055_cov_19.541841	321	401	2	31	80	0.3875000
NODE_5675_length_1055_cov_19.541841	374	454	2	80	80	1.0000000
NODE_5676_length_1055_cov_15.744770	525	605	0	80	80	1.0000000
NODE_5676_length_1055_cov_15.744770	578	658	0	80	80	1.0000000
NODE_5677_length_1055_cov_10.729079	335	415	0	13	80	0.1625000
NODE_5677_length_1055_cov_10.729079	335	415	2	67	80	0.8375000
NODE_5677_length_1055_cov_10.729079	388	468	0	66	80	0.8250000
NODE_5677_length_1055_cov_10.729079	388	468	2	14	80	0.1750000
NODE_5678_length_1055_cov_7.525105	575	655	0	35	80	0.4375000
NODE_5678_length_1055_cov_7.525105	575	655	4	45	80	0.5625000
NODE_5678_length_1055_cov_7.525105	628	708	3	22	80	0.2750000
NODE_5678_length_1055_cov_7.525105	628	708	4	58	80	0.7250000
NODE_5688_length_1054_cov_45.920419	371	451	2	80	80	1.0000000
NODE_5688_length_1054_cov_45.920419	424	505	0	9	81	0.1111111
NODE_5688_length_1054_cov_45.920419	424	505	2	72	81	0.8888889
NODE_5689_length_1054_cov_30.545550	499	578	2	50	79	0.6329114
NODE_5689_length_1054_cov_30.545550	499	578	4	29	79	0.3670886
NODE_5689_length_1054_cov_30.545550	552	631	0	5	79	0.0632911
NODE_5689_length_1054_cov_30.545550	552	631	2	74	79	0.9367089
NODE_5689_length_1054_cov_30.545550	627	707	0	47	80	0.5875000
NODE_5689_length_1054_cov_30.545550	627	707	4	33	80	0.4125000
NODE_5689_length_1054_cov_30.545550	680	760	4	80	80	1.0000000
NODE_5690_length_1054_cov_16.606283	347	427	4	10	80	0.1250000
NODE_5690_length_1054_cov_16.606283	347	427	6	34	80	0.4250000
NODE_5690_length_1054_cov_16.606283	347	427	8	33	80	0.4125000
NODE_5690_length_1054_cov_16.606283	347	427	10	3	80	0.0375000
NODE_5690_length_1054_cov_16.606283	400	480	6	22	80	0.2750000
NODE_5690_length_1054_cov_16.606283	400	480	8	58	80	0.7250000
NODE_5691_length_1054_cov_11.637696	244	316	0	72	72	1.0000000
NODE_5691_length_1054_cov_11.637696	312	392	0	80	80	1.0000000
NODE_5691_length_1054_cov_11.637696	365	445	0	80	80	1.0000000
NODE_5692_length_1054_cov_10.381152	493	573	0	80	80	1.0000000
NODE_5692_length_1054_cov_10.381152	546	626	0	80	80	1.0000000
NODE_5703_length_1053_cov_57.660377	445	527	4	5	82	0.0609756
NODE_5703_length_1053_cov_57.660377	445	527	10	51	82	0.6219512
NODE_5703_length_1053_cov_57.660377	445	527	11	6	82	0.0731707
NODE_5703_length_1053_cov_57.660377	445	527	12	20	82	0.2439024
NODE_5703_length_1053_cov_57.660377	500	580	0	6	80	0.0750000
NODE_5703_length_1053_cov_57.660377	500	580	6	1	80	0.0125000
NODE_5703_length_1053_cov_57.660377	500	580	7	45	80	0.5625000
NODE_5703_length_1053_cov_57.660377	500	580	10	1	80	0.0125000
NODE_5703_length_1053_cov_57.660377	500	580	11	7	80	0.0875000
NODE_5703_length_1053_cov_57.660377	500	580	12	20	80	0.2500000
NODE_5704_length_1053_cov_33.518868	329	409	0	80	80	1.0000000
NODE_5704_length_1053_cov_33.518868	382	462	0	80	80	1.0000000
NODE_5704_length_1053_cov_33.518868	458	538	0	80	80	1.0000000
NODE_5704_length_1053_cov_33.518868	511	591	0	80	80	1.0000000
NODE_5705_length_1053_cov_32.412998	375	455	0	48	80	0.6000000
NODE_5705_length_1053_cov_32.412998	375	455	2	32	80	0.4000000
NODE_5705_length_1053_cov_32.412998	428	508	2	80	80	1.0000000
NODE_5705_length_1053_cov_32.412998	504	584	2	33	80	0.4125000
NODE_5705_length_1053_cov_32.412998	504	584	4	47	80	0.5875000
NODE_5705_length_1053_cov_32.412998	557	637	4	80	80	1.0000000
NODE_5706_length_1053_cov_26.545073	456	536	6	44	80	0.5500000
NODE_5706_length_1053_cov_26.545073	456	536	8	24	80	0.3000000
NODE_5706_length_1053_cov_26.545073	456	536	9	1	80	0.0125000
NODE_5706_length_1053_cov_26.545073	456	536	10	11	80	0.1375000
NODE_5706_length_1053_cov_26.545073	509	589	4	22	80	0.2750000
NODE_5706_length_1053_cov_26.545073	509	589	6	20	80	0.2500000
NODE_5706_length_1053_cov_26.545073	509	589	7	1	80	0.0125000
NODE_5706_length_1053_cov_26.545073	509	589	8	30	80	0.3750000
NODE_5706_length_1053_cov_26.545073	509	589	10	7	80	0.0875000
NODE_5706_length_1053_cov_26.545073	585	665	10	6	80	0.0750000
NODE_5706_length_1053_cov_26.545073	585	665	14	14	80	0.1750000
NODE_5706_length_1053_cov_26.545073	585	665	16	15	80	0.1875000
NODE_5706_length_1053_cov_26.545073	585	665	18	44	80	0.5500000
NODE_5706_length_1053_cov_26.545073	585	665	20	1	80	0.0125000
NODE_5706_length_1053_cov_26.545073	638	718	6	22	80	0.2750000
NODE_5706_length_1053_cov_26.545073	638	718	11	1	80	0.0125000
NODE_5706_length_1053_cov_26.545073	638	718	12	5	80	0.0625000
NODE_5706_length_1053_cov_26.545073	638	718	16	40	80	0.5000000
NODE_5706_length_1053_cov_26.545073	638	718	18	11	80	0.1375000
NODE_5706_length_1053_cov_26.545073	638	718	20	1	80	0.0125000
NODE_5707_length_1053_cov_20.346960	543	623	2	12	80	0.1500000
NODE_5707_length_1053_cov_20.346960	543	623	4	68	80	0.8500000
NODE_5707_length_1053_cov_20.346960	596	677	4	81	81	1.0000000
NODE_5708_length_1053_cov_11.655136	393	473	0	28	80	0.3500000
NODE_5708_length_1053_cov_11.655136	393	473	2	52	80	0.6500000
NODE_5708_length_1053_cov_11.655136	446	526	0	12	80	0.1500000
NODE_5708_length_1053_cov_11.655136	446	526	2	68	80	0.8500000
NODE_5710_length_1053_cov_4.771488	84	149	6	2	65	0.0307692
NODE_5710_length_1053_cov_4.771488	84	149	8	1	65	0.0153846
NODE_5710_length_1053_cov_4.771488	84	149	18	3	65	0.0461538
NODE_5710_length_1053_cov_4.771488	84	149	20	59	65	0.9076923
NODE_5718_length_1052_cov_18.469045	448	528	0	80	80	1.0000000
NODE_5718_length_1052_cov_18.469045	501	581	0	27	80	0.3375000
NODE_5718_length_1052_cov_18.469045	501	581	2	53	80	0.6625000
NODE_5719_length_1052_cov_13.136411	425	505	0	80	80	1.0000000
NODE_5719_length_1052_cov_13.136411	478	558	0	80	80	1.0000000
NODE_5722_length_1052_cov_3.082896	607	687	0	21	80	0.2625000
NODE_5722_length_1052_cov_3.082896	607	687	2	59	80	0.7375000
NODE_5722_length_1052_cov_3.082896	660	740	0	38	80	0.4750000
NODE_5722_length_1052_cov_3.082896	660	740	2	42	80	0.5250000
NODE_5729_length_1051_cov_34.868697	472	552	0	80	80	1.0000000
NODE_5729_length_1051_cov_34.868697	525	605	0	80	80	1.0000000
NODE_5730_length_1051_cov_19.446429	549	629	6	47	80	0.5875000
NODE_5730_length_1051_cov_19.446429	549	629	8	24	80	0.3000000
NODE_5730_length_1051_cov_19.446429	549	629	10	5	80	0.0625000
NODE_5730_length_1051_cov_19.446429	549	629	11	4	80	0.0500000
NODE_5730_length_1051_cov_19.446429	602	682	8	18	80	0.2250000
NODE_5730_length_1051_cov_19.446429	602	682	10	19	80	0.2375000
NODE_5730_length_1051_cov_19.446429	602	682	11	4	80	0.0500000
NODE_5730_length_1051_cov_19.446429	602	682	12	1	80	0.0125000
NODE_5730_length_1051_cov_19.446429	602	682	13	5	80	0.0625000
NODE_5730_length_1051_cov_19.446429	602	682	15	26	80	0.3250000
NODE_5730_length_1051_cov_19.446429	602	682	16	7	80	0.0875000
NODE_5731_length_1051_cov_4.022059	600	680	2	12	80	0.1500000
NODE_5731_length_1051_cov_4.022059	600	680	4	51	80	0.6375000
NODE_5731_length_1051_cov_4.022059	600	680	6	17	80	0.2125000
NODE_5736_length_1050_cov_31.556257	429	509	0	12	80	0.1500000
NODE_5736_length_1050_cov_31.556257	429	509	2	37	80	0.4625000
NODE_5736_length_1050_cov_31.556257	429	509	4	31	80	0.3875000
NODE_5736_length_1050_cov_31.556257	482	562	4	73	80	0.9125000
NODE_5736_length_1050_cov_31.556257	482	562	6	7	80	0.0875000
NODE_5736_length_1050_cov_31.556257	558	638	2	27	80	0.3375000
NODE_5736_length_1050_cov_31.556257	558	638	4	26	80	0.3250000
NODE_5736_length_1050_cov_31.556257	558	638	6	27	80	0.3375000
NODE_5736_length_1050_cov_31.556257	611	691	0	13	80	0.1625000
NODE_5736_length_1050_cov_31.556257	611	691	2	67	80	0.8375000
NODE_5737_length_1050_cov_16.337539	398	478	0	27	80	0.3375000
NODE_5737_length_1050_cov_16.337539	398	478	2	53	80	0.6625000
NODE_5737_length_1050_cov_16.337539	451	531	2	48	80	0.6000000
NODE_5737_length_1050_cov_16.337539	451	531	4	32	80	0.4000000
NODE_5738_length_1050_cov_13.290221	507	587	2	26	80	0.3250000
NODE_5738_length_1050_cov_13.290221	507	587	14	4	80	0.0500000
NODE_5738_length_1050_cov_13.290221	507	587	16	50	80	0.6250000
NODE_5738_length_1050_cov_13.290221	560	640	14	57	80	0.7125000
NODE_5738_length_1050_cov_13.290221	560	640	16	23	80	0.2875000
NODE_5739_length_1050_cov_11.389064	532	612	2	18	80	0.2250000
NODE_5739_length_1050_cov_11.389064	532	612	4	6	80	0.0750000
NODE_5739_length_1050_cov_11.389064	532	612	6	6	80	0.0750000
NODE_5739_length_1050_cov_11.389064	532	612	8	50	80	0.6250000
NODE_5739_length_1050_cov_11.389064	585	665	0	53	80	0.6625000
NODE_5739_length_1050_cov_11.389064	585	665	2	18	80	0.2250000
NODE_5739_length_1050_cov_11.389064	585	665	4	6	80	0.0750000
NODE_5739_length_1050_cov_11.389064	585	665	6	3	80	0.0375000
NODE_5740_length_1050_cov_11.091483	259	321	2	1	62	0.0161290
NODE_5740_length_1050_cov_11.091483	259	321	4	61	62	0.9838710
NODE_5740_length_1050_cov_11.091483	294	374	2	27	80	0.3375000
NODE_5740_length_1050_cov_11.091483	294	374	4	53	80	0.6625000
NODE_5740_length_1050_cov_11.091483	370	450	0	76	80	0.9500000
NODE_5740_length_1050_cov_11.091483	370	450	2	4	80	0.0500000
NODE_5740_length_1050_cov_11.091483	423	503	0	80	80	1.0000000
NODE_5742_length_1050_cov_2.201893	928	990	8	2	62	0.0322581
NODE_5742_length_1050_cov_2.201893	928	990	10	5	62	0.0806452
NODE_5742_length_1050_cov_2.201893	928	990	12	5	62	0.0806452
NODE_5742_length_1050_cov_2.201893	928	990	16	7	62	0.1129032
NODE_5742_length_1050_cov_2.201893	928	990	20	43	62	0.6935484
NODE_5742_length_1050_cov_2.201893	981	1043	8	5	62	0.0806452
NODE_5742_length_1050_cov_2.201893	981	1043	10	2	62	0.0322581
NODE_5742_length_1050_cov_2.201893	981	1043	12	4	62	0.0645161
NODE_5742_length_1050_cov_2.201893	981	1043	14	23	62	0.3709677
NODE_5742_length_1050_cov_2.201893	981	1043	16	4	62	0.0645161
NODE_5742_length_1050_cov_2.201893	981	1043	20	24	62	0.3870968
NODE_5748_length_1050_cov_1.241851	935	990	14	4	55	0.0727273
NODE_5748_length_1050_cov_1.241851	935	990	16	4	55	0.0727273
NODE_5748_length_1050_cov_1.241851	935	990	20	4	55	0.0727273
NODE_5748_length_1050_cov_1.241851	935	990	22	18	55	0.3272727
NODE_5748_length_1050_cov_1.241851	935	990	24	1	55	0.0181818
NODE_5748_length_1050_cov_1.241851	935	990	26	20	55	0.3636364
NODE_5748_length_1050_cov_1.241851	935	990	28	4	55	0.0727273
NODE_5748_length_1050_cov_1.241851	956	1036	22	9	80	0.1125000
NODE_5748_length_1050_cov_1.241851	956	1036	24	5	80	0.0625000
NODE_5748_length_1050_cov_1.241851	956	1036	26	37	80	0.4625000
NODE_5748_length_1050_cov_1.241851	956	1036	28	29	80	0.3625000
NODE_5752_length_1049_cov_28.174737	446	526	34	27	80	0.3375000
NODE_5752_length_1049_cov_28.174737	446	526	35	32	80	0.4000000
NODE_5752_length_1049_cov_28.174737	446	526	37	13	80	0.1625000
NODE_5752_length_1049_cov_28.174737	446	526	38	8	80	0.1000000
NODE_5752_length_1049_cov_28.174737	499	579	32	7	80	0.0875000
NODE_5752_length_1049_cov_28.174737	499	579	33	14	80	0.1750000
NODE_5752_length_1049_cov_28.174737	499	579	34	6	80	0.0750000
NODE_5752_length_1049_cov_28.174737	499	579	37	45	80	0.5625000
NODE_5752_length_1049_cov_28.174737	499	579	38	8	80	0.1000000
NODE_5753_length_1049_cov_23.186316	389	469	0	80	80	1.0000000
NODE_5753_length_1049_cov_23.186316	442	522	0	80	80	1.0000000
NODE_5753_length_1049_cov_23.186316	518	595	0	77	77	1.0000000
NODE_5753_length_1049_cov_23.186316	568	648	0	80	80	1.0000000
NODE_5754_length_1049_cov_21.097895	532	612	0	80	80	1.0000000
NODE_5754_length_1049_cov_21.097895	585	665	0	80	80	1.0000000
NODE_5755_length_1049_cov_18.964211	375	466	4	52	91	0.5714286
NODE_5755_length_1049_cov_18.964211	375	466	6	39	91	0.4285714
NODE_5755_length_1049_cov_18.964211	439	519	0	52	80	0.6500000
NODE_5755_length_1049_cov_18.964211	439	519	4	28	80	0.3500000
NODE_5755_length_1049_cov_18.964211	515	595	0	80	80	1.0000000
NODE_5755_length_1049_cov_18.964211	568	648	0	80	80	1.0000000
NODE_5756_length_1049_cov_18.075789	437	517	0	9	80	0.1125000
NODE_5756_length_1049_cov_18.075789	437	517	2	71	80	0.8875000
NODE_5756_length_1049_cov_18.075789	490	570	0	62	80	0.7750000
NODE_5756_length_1049_cov_18.075789	490	570	2	18	80	0.2250000
NODE_5756_length_1049_cov_18.075789	566	644	0	78	78	1.0000000
NODE_5756_length_1049_cov_18.075789	620	695	0	75	75	1.0000000
NODE_5757_length_1049_cov_16.194737	569	650	0	21	81	0.2592593
NODE_5757_length_1049_cov_16.194737	569	650	3	12	81	0.1481481
NODE_5757_length_1049_cov_16.194737	569	650	6	48	81	0.5925926
NODE_5757_length_1049_cov_16.194737	623	703	0	66	80	0.8250000
NODE_5757_length_1049_cov_16.194737	623	703	2	8	80	0.1000000
NODE_5757_length_1049_cov_16.194737	623	703	3	6	80	0.0750000
NODE_5757_length_1049_cov_16.194737	699	779	0	28	80	0.3500000
NODE_5757_length_1049_cov_16.194737	699	779	2	52	80	0.6500000
NODE_5757_length_1049_cov_16.194737	752	832	0	80	80	1.0000000
NODE_5759_length_1049_cov_6.323158	588	668	2	80	80	1.0000000
NODE_5759_length_1049_cov_6.323158	641	721	0	31	80	0.3875000
NODE_5759_length_1049_cov_6.323158	641	721	2	49	80	0.6125000
NODE_5770_length_1048_cov_73.887250	535	615	0	13	80	0.1625000
NODE_5770_length_1048_cov_73.887250	535	615	2	9	80	0.1125000
NODE_5770_length_1048_cov_73.887250	535	615	4	1	80	0.0125000
NODE_5770_length_1048_cov_73.887250	535	615	5	42	80	0.5250000
NODE_5770_length_1048_cov_73.887250	535	615	6	6	80	0.0750000
NODE_5770_length_1048_cov_73.887250	535	615	8	9	80	0.1125000
NODE_5770_length_1048_cov_73.887250	588	668	5	36	80	0.4500000
NODE_5770_length_1048_cov_73.887250	588	668	6	6	80	0.0750000
NODE_5770_length_1048_cov_73.887250	588	668	7	11	80	0.1375000
NODE_5770_length_1048_cov_73.887250	588	668	8	27	80	0.3375000
NODE_5770_length_1048_cov_73.887250	664	744	0	62	80	0.7750000
NODE_5770_length_1048_cov_73.887250	664	744	2	6	80	0.0750000
NODE_5770_length_1048_cov_73.887250	664	744	5	12	80	0.1500000
NODE_5770_length_1048_cov_73.887250	717	797	0	80	80	1.0000000
NODE_5770_length_1048_cov_73.887250	899	979	0	17	80	0.2125000
NODE_5770_length_1048_cov_73.887250	899	979	4	63	80	0.7875000
NODE_5771_length_1048_cov_48.242360	407	487	0	11	80	0.1375000
NODE_5771_length_1048_cov_48.242360	407	487	2	7	80	0.0875000
NODE_5771_length_1048_cov_48.242360	407	487	4	62	80	0.7750000
NODE_5771_length_1048_cov_48.242360	460	540	0	64	80	0.8000000
NODE_5771_length_1048_cov_48.242360	460	540	2	7	80	0.0875000
NODE_5771_length_1048_cov_48.242360	460	540	4	9	80	0.1125000
NODE_5771_length_1048_cov_48.242360	536	616	0	62	80	0.7750000
NODE_5771_length_1048_cov_48.242360	536	616	2	18	80	0.2250000
NODE_5771_length_1048_cov_48.242360	589	669	0	9	80	0.1125000
NODE_5771_length_1048_cov_48.242360	589	669	2	71	80	0.8875000
NODE_5772_length_1048_cov_38.430980	352	432	0	26	80	0.3250000
NODE_5772_length_1048_cov_38.430980	352	432	8	24	80	0.3000000
NODE_5772_length_1048_cov_38.430980	352	432	12	30	80	0.3750000
NODE_5772_length_1048_cov_38.430980	405	485	4	3	80	0.0375000
NODE_5772_length_1048_cov_38.430980	405	485	12	77	80	0.9625000
NODE_5773_length_1048_cov_28.179136	548	628	0	80	80	1.0000000
NODE_5773_length_1048_cov_28.179136	601	681	0	27	80	0.3375000
NODE_5773_length_1048_cov_28.179136	601	681	2	6	80	0.0750000
NODE_5773_length_1048_cov_28.179136	601	681	4	17	80	0.2125000
NODE_5773_length_1048_cov_28.179136	601	681	6	30	80	0.3750000
NODE_5773_length_1048_cov_28.179136	677	757	4	12	80	0.1500000
NODE_5773_length_1048_cov_28.179136	677	757	6	68	80	0.8500000
NODE_5773_length_1048_cov_28.179136	730	810	0	30	80	0.3750000
NODE_5773_length_1048_cov_28.179136	730	810	2	2	80	0.0250000
NODE_5773_length_1048_cov_28.179136	730	810	4	33	80	0.4125000
NODE_5773_length_1048_cov_28.179136	730	810	6	15	80	0.1875000
NODE_5774_length_1048_cov_22.985248	409	489	0	54	80	0.6750000
NODE_5774_length_1048_cov_22.985248	409	489	2	26	80	0.3250000
NODE_5774_length_1048_cov_22.985248	462	542	0	1	80	0.0125000
NODE_5774_length_1048_cov_22.985248	462	542	2	44	80	0.5500000
NODE_5774_length_1048_cov_22.985248	462	542	5	35	80	0.4375000
NODE_5774_length_1048_cov_22.985248	538	618	4	55	80	0.6875000
NODE_5774_length_1048_cov_22.985248	538	618	5	12	80	0.1500000
NODE_5774_length_1048_cov_22.985248	538	618	6	13	80	0.1625000
NODE_5774_length_1048_cov_22.985248	591	671	0	21	80	0.2625000
NODE_5774_length_1048_cov_22.985248	591	671	3	17	80	0.2125000
NODE_5774_length_1048_cov_22.985248	591	671	4	42	80	0.5250000
NODE_5775_length_1048_cov_17.883035	500	580	4	10	80	0.1250000
NODE_5775_length_1048_cov_17.883035	500	580	7	1	80	0.0125000
NODE_5775_length_1048_cov_17.883035	500	580	8	11	80	0.1375000
NODE_5775_length_1048_cov_17.883035	500	580	10	58	80	0.7250000
NODE_5775_length_1048_cov_17.883035	553	633	0	8	80	0.1000000
NODE_5775_length_1048_cov_17.883035	553	633	4	14	80	0.1750000
NODE_5775_length_1048_cov_17.883035	553	633	6	5	80	0.0625000
NODE_5775_length_1048_cov_17.883035	553	633	10	53	80	0.6625000
NODE_5776_length_1048_cov_17.444679	377	457	0	17	80	0.2125000
NODE_5776_length_1048_cov_17.444679	377	457	11	1	80	0.0125000
NODE_5776_length_1048_cov_17.444679	377	457	12	1	80	0.0125000
NODE_5776_length_1048_cov_17.444679	377	457	13	12	80	0.1500000
NODE_5776_length_1048_cov_17.444679	377	457	15	12	80	0.1500000
NODE_5776_length_1048_cov_17.444679	377	457	16	34	80	0.4250000
NODE_5776_length_1048_cov_17.444679	377	457	18	3	80	0.0375000
NODE_5776_length_1048_cov_17.444679	430	510	4	1	80	0.0125000
NODE_5776_length_1048_cov_17.444679	430	510	16	24	80	0.3000000
NODE_5776_length_1048_cov_17.444679	430	510	17	1	80	0.0125000
NODE_5776_length_1048_cov_17.444679	430	510	18	31	80	0.3875000
NODE_5776_length_1048_cov_17.444679	430	510	19	1	80	0.0125000
NODE_5776_length_1048_cov_17.444679	430	510	20	22	80	0.2750000
NODE_5777_length_1048_cov_13.387777	518	598	0	19	80	0.2375000
NODE_5777_length_1048_cov_13.387777	518	598	2	6	80	0.0750000
NODE_5777_length_1048_cov_13.387777	518	598	8	55	80	0.6875000
NODE_5777_length_1048_cov_13.387777	571	651	6	8	80	0.1000000
NODE_5777_length_1048_cov_13.387777	571	651	8	72	80	0.9000000
NODE_5778_length_1048_cov_12.934668	716	796	0	80	80	1.0000000
NODE_5778_length_1048_cov_12.934668	769	849	0	80	80	1.0000000
NODE_5778_length_1048_cov_12.934668	845	925	0	80	80	1.0000000
NODE_5778_length_1048_cov_12.934668	898	975	0	77	77	1.0000000
NODE_5779_length_1048_cov_12.712329	330	410	2	11	80	0.1375000
NODE_5779_length_1048_cov_12.712329	330	410	6	29	80	0.3625000
NODE_5779_length_1048_cov_12.712329	330	410	8	40	80	0.5000000
NODE_5779_length_1048_cov_12.712329	384	463	2	5	79	0.0632911
NODE_5779_length_1048_cov_12.712329	384	463	6	67	79	0.8481013
NODE_5779_length_1048_cov_12.712329	384	463	8	7	79	0.0886076
NODE_5779_length_1048_cov_12.712329	459	539	0	60	80	0.7500000
NODE_5779_length_1048_cov_12.712329	459	539	2	20	80	0.2500000
NODE_5779_length_1048_cov_12.712329	512	592	0	80	80	1.0000000
NODE_5780_length_1048_cov_9.232877	305	355	0	50	50	1.0000000
NODE_5786_length_1047_cov_79.917722	540	620	0	51	80	0.6375000
NODE_5786_length_1047_cov_79.917722	540	620	2	29	80	0.3625000
NODE_5786_length_1047_cov_79.917722	593	673	0	23	80	0.2875000
NODE_5786_length_1047_cov_79.917722	593	673	2	57	80	0.7125000
NODE_5787_length_1047_cov_28.527426	582	662	0	46	80	0.5750000
NODE_5787_length_1047_cov_28.527426	582	662	2	28	80	0.3500000
NODE_5787_length_1047_cov_28.527426	582	662	4	6	80	0.0750000
NODE_5787_length_1047_cov_28.527426	635	715	2	21	80	0.2625000
NODE_5787_length_1047_cov_28.527426	635	715	4	59	80	0.7375000
NODE_5788_length_1047_cov_26.068565	372	452	2	80	80	1.0000000
NODE_5788_length_1047_cov_26.068565	425	505	0	24	80	0.3000000
NODE_5788_length_1047_cov_26.068565	425	505	2	56	80	0.7000000
NODE_5789_length_1047_cov_25.946203	424	504	0	5	80	0.0625000
NODE_5789_length_1047_cov_25.946203	424	504	2	75	80	0.9375000
NODE_5789_length_1047_cov_25.946203	477	557	0	58	80	0.7250000
NODE_5789_length_1047_cov_25.946203	477	557	2	22	80	0.2750000
NODE_5790_length_1047_cov_19.255274	458	538	1	1	80	0.0125000
NODE_5790_length_1047_cov_19.255274	458	538	2	79	80	0.9875000
NODE_5790_length_1047_cov_19.255274	511	591	0	11	80	0.1375000
NODE_5790_length_1047_cov_19.255274	511	591	1	43	80	0.5375000
NODE_5790_length_1047_cov_19.255274	511	591	2	26	80	0.3250000
NODE_5791_length_1047_cov_16.618143	467	547	0	28	80	0.3500000
NODE_5791_length_1047_cov_16.618143	467	547	2	52	80	0.6500000
NODE_5791_length_1047_cov_16.618143	520	600	0	11	80	0.1375000
NODE_5791_length_1047_cov_16.618143	520	600	2	69	80	0.8625000
NODE_5792_length_1047_cov_14.246835	643	723	0	3	80	0.0375000
NODE_5792_length_1047_cov_14.246835	643	723	2	35	80	0.4375000
NODE_5792_length_1047_cov_14.246835	643	723	4	42	80	0.5250000
NODE_5792_length_1047_cov_14.246835	696	776	0	56	80	0.7000000
NODE_5792_length_1047_cov_14.246835	696	776	2	24	80	0.3000000
NODE_5793_length_1047_cov_9.869198	414	494	0	80	80	1.0000000
NODE_5793_length_1047_cov_9.869198	467	547	0	80	80	1.0000000
NODE_5794_length_1047_cov_8.513713	300	380	0	80	80	1.0000000
NODE_5794_length_1047_cov_8.513713	353	433	0	80	80	1.0000000
NODE_5795_length_1047_cov_7.412447	442	522	0	21	80	0.2625000
NODE_5795_length_1047_cov_7.412447	442	522	2	59	80	0.7375000
NODE_5795_length_1047_cov_7.412447	495	575	2	80	80	1.0000000
NODE_5803_length_1046_cov_41.392819	587	667	2	17	80	0.2125000
NODE_5803_length_1046_cov_41.392819	587	667	4	63	80	0.7875000
NODE_5803_length_1046_cov_41.392819	640	720	2	60	80	0.7500000
NODE_5803_length_1046_cov_41.392819	640	720	4	20	80	0.2500000
NODE_5804_length_1046_cov_30.317846	382	462	2	47	80	0.5875000
NODE_5804_length_1046_cov_30.317846	382	462	6	33	80	0.4125000
NODE_5804_length_1046_cov_30.317846	435	515	4	10	80	0.1250000
NODE_5804_length_1046_cov_30.317846	435	515	6	70	80	0.8750000
NODE_5805_length_1046_cov_28.184794	346	426	4	80	80	1.0000000
NODE_5805_length_1046_cov_28.184794	399	479	0	17	80	0.2125000
NODE_5805_length_1046_cov_28.184794	399	479	4	63	80	0.7875000
NODE_5806_length_1046_cov_24.595565	501	581	0	80	80	1.0000000
NODE_5806_length_1046_cov_24.595565	554	634	0	80	80	1.0000000
NODE_5807_length_1046_cov_17.958817	447	527	0	3	80	0.0375000
NODE_5807_length_1046_cov_17.958817	447	527	2	77	80	0.9625000
NODE_5807_length_1046_cov_17.958817	500	580	0	21	80	0.2625000
NODE_5807_length_1046_cov_17.958817	500	580	2	59	80	0.7375000
NODE_5808_length_1046_cov_15.494192	385	465	0	23	80	0.2875000
NODE_5808_length_1046_cov_15.494192	385	465	3	4	80	0.0500000
NODE_5808_length_1046_cov_15.494192	385	465	6	48	80	0.6000000
NODE_5808_length_1046_cov_15.494192	385	465	8	5	80	0.0625000
NODE_5808_length_1046_cov_15.494192	438	518	6	22	80	0.2750000
NODE_5808_length_1046_cov_15.494192	438	518	8	16	80	0.2000000
NODE_5808_length_1046_cov_15.494192	438	518	9	42	80	0.5250000
NODE_5809_length_1046_cov_12.639916	554	634	0	5	80	0.0625000
NODE_5809_length_1046_cov_12.639916	554	634	2	57	80	0.7125000
NODE_5809_length_1046_cov_12.639916	554	634	4	18	80	0.2250000
NODE_5809_length_1046_cov_12.639916	607	687	0	58	80	0.7250000
NODE_5809_length_1046_cov_12.639916	607	687	2	22	80	0.2750000
NODE_5810_length_1046_cov_11.238648	471	551	0	7	80	0.0875000
NODE_5810_length_1046_cov_11.238648	471	551	2	52	80	0.6500000
NODE_5810_length_1046_cov_11.238648	471	551	4	21	80	0.2625000
NODE_5810_length_1046_cov_11.238648	524	604	2	56	80	0.7000000
NODE_5810_length_1046_cov_11.238648	524	604	4	24	80	0.3000000
NODE_5811_length_1046_cov_10.744456	459	539	0	14	80	0.1750000
NODE_5811_length_1046_cov_10.744456	459	539	2	66	80	0.8250000
NODE_5811_length_1046_cov_10.744456	512	592	0	67	80	0.8375000
NODE_5811_length_1046_cov_10.744456	512	592	2	13	80	0.1625000
NODE_5812_length_1046_cov_8.689546	302	382	0	80	80	1.0000000
NODE_5812_length_1046_cov_8.689546	355	435	0	80	80	1.0000000
NODE_5823_length_1045_cov_75.975687	359	440	4	12	81	0.1481481
NODE_5823_length_1045_cov_75.975687	359	440	6	69	81	0.8518519
NODE_5823_length_1045_cov_75.975687	412	493	0	24	81	0.2962963
NODE_5823_length_1045_cov_75.975687	412	493	4	41	81	0.5061728
NODE_5823_length_1045_cov_75.975687	412	493	6	16	81	0.1975309
NODE_5823_length_1045_cov_75.975687	489	569	0	14	80	0.1750000
NODE_5823_length_1045_cov_75.975687	489	569	6	12	80	0.1500000
NODE_5823_length_1045_cov_75.975687	489	569	7	10	80	0.1250000
NODE_5823_length_1045_cov_75.975687	489	569	8	44	80	0.5500000
NODE_5823_length_1045_cov_75.975687	542	622	8	80	80	1.0000000
NODE_5824_length_1045_cov_54.419662	434	514	0	36	80	0.4500000
NODE_5824_length_1045_cov_54.419662	434	514	2	27	80	0.3375000
NODE_5824_length_1045_cov_54.419662	434	514	3	17	80	0.2125000
NODE_5824_length_1045_cov_54.419662	487	567	2	10	80	0.1250000
NODE_5824_length_1045_cov_54.419662	487	567	3	19	80	0.2375000
NODE_5824_length_1045_cov_54.419662	487	567	4	51	80	0.6375000
NODE_5824_length_1045_cov_54.419662	563	639	2	43	76	0.5657895
NODE_5824_length_1045_cov_54.419662	563	639	4	33	76	0.4342105
NODE_5824_length_1045_cov_54.419662	616	696	0	30	80	0.3750000
NODE_5824_length_1045_cov_54.419662	616	696	1	19	80	0.2375000
NODE_5824_length_1045_cov_54.419662	616	696	2	31	80	0.3875000
NODE_5825_length_1045_cov_23.188161	395	475	0	7	80	0.0875000
NODE_5825_length_1045_cov_23.188161	395	475	4	39	80	0.4875000
NODE_5825_length_1045_cov_23.188161	395	475	5	3	80	0.0375000
NODE_5825_length_1045_cov_23.188161	395	475	6	31	80	0.3875000
NODE_5825_length_1045_cov_23.188161	448	528	2	3	80	0.0375000
NODE_5825_length_1045_cov_23.188161	448	528	6	77	80	0.9625000
NODE_5826_length_1045_cov_19.686047	571	651	0	80	80	1.0000000
NODE_5826_length_1045_cov_19.686047	624	704	0	80	80	1.0000000
NODE_5827_length_1045_cov_19.378436	478	558	0	80	80	1.0000000
NODE_5827_length_1045_cov_19.378436	531	611	0	49	80	0.6125000
NODE_5827_length_1045_cov_19.378436	531	611	1	18	80	0.2250000
NODE_5827_length_1045_cov_19.378436	531	611	2	13	80	0.1625000
NODE_5828_length_1045_cov_17.601480	359	439	0	4	80	0.0500000
NODE_5828_length_1045_cov_17.601480	359	439	1	13	80	0.1625000
NODE_5828_length_1045_cov_17.601480	359	439	2	63	80	0.7875000
NODE_5828_length_1045_cov_17.601480	412	492	0	57	80	0.7125000
NODE_5828_length_1045_cov_17.601480	412	492	1	13	80	0.1625000
NODE_5828_length_1045_cov_17.601480	412	492	2	10	80	0.1250000
NODE_5829_length_1045_cov_17.372093	633	713	0	44	80	0.5500000
NODE_5829_length_1045_cov_17.372093	633	713	2	36	80	0.4500000
NODE_5829_length_1045_cov_17.372093	686	766	2	80	80	1.0000000
NODE_5830_length_1045_cov_14.828753	433	513	0	80	80	1.0000000
NODE_5830_length_1045_cov_14.828753	486	566	0	80	80	1.0000000
NODE_5831_length_1045_cov_11.673362	664	744	0	7	80	0.0875000
NODE_5831_length_1045_cov_11.673362	664	744	1	19	80	0.2375000
NODE_5831_length_1045_cov_11.673362	664	744	2	1	80	0.0125000
NODE_5831_length_1045_cov_11.673362	664	744	4	53	80	0.6625000
NODE_5831_length_1045_cov_11.673362	717	797	2	16	80	0.2000000
NODE_5831_length_1045_cov_11.673362	717	797	4	64	80	0.8000000
NODE_5843_length_1044_cov_42.600000	344	424	2	80	80	1.0000000
NODE_5843_length_1044_cov_42.600000	397	477	0	42	80	0.5250000
NODE_5843_length_1044_cov_42.600000	397	477	2	38	80	0.4750000
NODE_5844_length_1044_cov_27.653968	454	534	2	38	80	0.4750000
NODE_5844_length_1044_cov_27.653968	454	534	3	3	80	0.0375000
NODE_5844_length_1044_cov_27.653968	454	534	4	39	80	0.4875000
NODE_5844_length_1044_cov_27.653968	507	587	2	6	80	0.0750000
NODE_5844_length_1044_cov_27.653968	507	587	4	74	80	0.9250000
NODE_5845_length_1044_cov_24.561905	297	375	0	37	78	0.4743590
NODE_5845_length_1044_cov_24.561905	297	375	2	41	78	0.5256410
NODE_5845_length_1044_cov_24.561905	348	428	2	80	80	1.0000000
NODE_5845_length_1044_cov_24.561905	424	504	0	71	80	0.8875000
NODE_5845_length_1044_cov_24.561905	424	504	2	9	80	0.1125000
NODE_5845_length_1044_cov_24.561905	477	557	0	80	80	1.0000000
NODE_5846_length_1044_cov_23.720635	294	374	4	80	80	1.0000000
NODE_5846_length_1044_cov_23.720635	347	427	4	55	80	0.6875000
NODE_5846_length_1044_cov_23.720635	347	427	5	22	80	0.2750000
NODE_5846_length_1044_cov_23.720635	347	427	6	3	80	0.0375000
NODE_5846_length_1044_cov_23.720635	423	503	2	72	80	0.9000000
NODE_5846_length_1044_cov_23.720635	423	503	5	1	80	0.0125000
NODE_5846_length_1044_cov_23.720635	423	503	6	7	80	0.0875000
NODE_5846_length_1044_cov_23.720635	476	556	1	4	80	0.0500000
NODE_5846_length_1044_cov_23.720635	476	556	2	76	80	0.9500000
NODE_5847_length_1044_cov_20.871958	462	542	10	80	80	1.0000000
NODE_5847_length_1044_cov_20.871958	515	595	0	41	80	0.5125000
NODE_5847_length_1044_cov_20.871958	515	595	6	9	80	0.1125000
NODE_5847_length_1044_cov_20.871958	515	595	10	30	80	0.3750000
NODE_5847_length_1044_cov_20.871958	591	671	0	80	80	1.0000000
NODE_5847_length_1044_cov_20.871958	644	724	0	80	80	1.0000000
NODE_5848_length_1044_cov_18.596825	433	513	2	7	80	0.0875000
NODE_5848_length_1044_cov_18.596825	433	513	3	1	80	0.0125000
NODE_5848_length_1044_cov_18.596825	433	513	4	72	80	0.9000000
NODE_5848_length_1044_cov_18.596825	486	566	2	22	80	0.2750000
NODE_5848_length_1044_cov_18.596825	486	566	3	1	80	0.0125000
NODE_5848_length_1044_cov_18.596825	486	566	4	57	80	0.7125000
NODE_5849_length_1044_cov_16.102646	414	494	3	1	80	0.0125000
NODE_5849_length_1044_cov_16.102646	414	494	6	70	80	0.8750000
NODE_5849_length_1044_cov_16.102646	414	494	8	9	80	0.1125000
NODE_5849_length_1044_cov_16.102646	467	547	6	18	80	0.2250000
NODE_5849_length_1044_cov_16.102646	467	547	8	62	80	0.7750000
NODE_5850_length_1044_cov_12.156614	578	658	0	39	80	0.4875000
NODE_5850_length_1044_cov_12.156614	578	658	4	41	80	0.5125000
NODE_5850_length_1044_cov_12.156614	631	711	4	80	80	1.0000000
NODE_5851_length_1044_cov_10.661376	506	586	0	80	80	1.0000000
NODE_5851_length_1044_cov_10.661376	559	639	0	80	80	1.0000000
NODE_5852_length_1044_cov_9.534392	461	541	0	80	80	1.0000000
NODE_5852_length_1044_cov_9.534392	514	594	0	80	80	1.0000000
NODE_5853_length_1044_cov_5.517460	434	514	0	43	80	0.5375000
NODE_5853_length_1044_cov_5.517460	434	514	2	37	80	0.4625000
NODE_5853_length_1044_cov_5.517460	487	567	0	28	80	0.3500000
NODE_5853_length_1044_cov_5.517460	487	567	2	52	80	0.6500000
NODE_5856_length_1044_cov_1.502646	769	845	1	25	76	0.3289474
NODE_5856_length_1044_cov_1.502646	769	845	3	35	76	0.4605263
NODE_5856_length_1044_cov_1.502646	769	845	5	16	76	0.2105263
NODE_5860_length_1043_cov_42.288136	452	532	0	13	80	0.1625000
NODE_5860_length_1043_cov_42.288136	452	532	2	67	80	0.8375000
NODE_5860_length_1043_cov_42.288136	505	585	0	66	80	0.8250000
NODE_5860_length_1043_cov_42.288136	505	585	2	14	80	0.1750000
NODE_5861_length_1043_cov_25.987288	350	430	0	38	80	0.4750000
NODE_5861_length_1043_cov_25.987288	350	430	6	17	80	0.2125000
NODE_5861_length_1043_cov_25.987288	350	430	7	25	80	0.3125000
NODE_5861_length_1043_cov_25.987288	403	483	6	2	80	0.0250000
NODE_5861_length_1043_cov_25.987288	403	483	7	49	80	0.6125000
NODE_5861_length_1043_cov_25.987288	403	483	8	29	80	0.3625000
NODE_5861_length_1043_cov_25.987288	479	559	4	1	80	0.0125000
NODE_5861_length_1043_cov_25.987288	479	559	6	10	80	0.1250000
NODE_5861_length_1043_cov_25.987288	479	559	8	19	80	0.2375000
NODE_5861_length_1043_cov_25.987288	479	559	10	16	80	0.2000000
NODE_5861_length_1043_cov_25.987288	479	559	14	25	80	0.3125000
NODE_5861_length_1043_cov_25.987288	479	559	15	4	80	0.0500000
NODE_5861_length_1043_cov_25.987288	479	559	16	5	80	0.0625000
NODE_5861_length_1043_cov_25.987288	532	612	12	2	80	0.0250000
NODE_5861_length_1043_cov_25.987288	532	612	14	24	80	0.3000000
NODE_5861_length_1043_cov_25.987288	532	612	15	49	80	0.6125000
NODE_5861_length_1043_cov_25.987288	532	612	16	5	80	0.0625000
NODE_5862_length_1043_cov_20.838983	561	641	0	11	80	0.1375000
NODE_5862_length_1043_cov_20.838983	561	641	3	10	80	0.1250000
NODE_5862_length_1043_cov_20.838983	561	641	5	23	80	0.2875000
NODE_5862_length_1043_cov_20.838983	561	641	6	5	80	0.0625000
NODE_5862_length_1043_cov_20.838983	561	641	8	31	80	0.3875000
NODE_5862_length_1043_cov_20.838983	614	694	6	58	80	0.7250000
NODE_5862_length_1043_cov_20.838983	614	694	8	22	80	0.2750000
NODE_5863_length_1043_cov_20.312500	489	569	0	15	80	0.1875000
NODE_5863_length_1043_cov_20.312500	489	569	2	61	80	0.7625000
NODE_5863_length_1043_cov_20.312500	489	569	4	4	80	0.0500000
NODE_5863_length_1043_cov_20.312500	542	622	2	79	80	0.9875000
NODE_5863_length_1043_cov_20.312500	542	622	4	1	80	0.0125000
NODE_5864_length_1043_cov_16.320975	569	649	0	25	80	0.3125000
NODE_5864_length_1043_cov_16.320975	569	649	2	55	80	0.6875000
NODE_5864_length_1043_cov_16.320975	622	702	0	78	80	0.9750000
NODE_5864_length_1043_cov_16.320975	622	702	2	2	80	0.0250000
NODE_5865_length_1043_cov_11.176907	521	601	0	80	80	1.0000000
NODE_5865_length_1043_cov_11.176907	574	654	0	80	80	1.0000000
NODE_5866_length_1043_cov_8.146186	530	596	0	66	66	1.0000000
NODE_5866_length_1043_cov_8.146186	569	649	0	80	80	1.0000000
NODE_5868_length_1043_cov_5.347458	646	726	0	80	80	1.0000000
NODE_5868_length_1043_cov_5.347458	699	779	0	80	80	1.0000000
NODE_5879_length_1042_cov_242.728526	820	900	213	1	80	0.0125000
NODE_5879_length_1042_cov_242.728526	820	900	215	1	80	0.0125000
NODE_5879_length_1042_cov_242.728526	820	900	216	1	80	0.0125000
NODE_5879_length_1042_cov_242.728526	820	900	220	1	80	0.0125000
NODE_5879_length_1042_cov_242.728526	820	900	225	1	80	0.0125000
NODE_5879_length_1042_cov_242.728526	820	900	226	1	80	0.0125000
NODE_5879_length_1042_cov_242.728526	820	900	230	1	80	0.0125000
NODE_5879_length_1042_cov_242.728526	820	900	240	1	80	0.0125000
NODE_5879_length_1042_cov_242.728526	820	900	249	1	80	0.0125000
NODE_5879_length_1042_cov_242.728526	820	900	253	1	80	0.0125000
NODE_5879_length_1042_cov_242.728526	820	900	261	1	80	0.0125000
NODE_5879_length_1042_cov_242.728526	820	900	263	1	80	0.0125000
NODE_5879_length_1042_cov_242.728526	820	900	278	1	80	0.0125000
NODE_5879_length_1042_cov_242.728526	820	900	280	1	80	0.0125000
NODE_5879_length_1042_cov_242.728526	820	900	282	1	80	0.0125000
NODE_5879_length_1042_cov_242.728526	820	900	286	1	80	0.0125000
NODE_5879_length_1042_cov_242.728526	820	900	287	1	80	0.0125000
NODE_5879_length_1042_cov_242.728526	820	900	295	2	80	0.0250000
NODE_5879_length_1042_cov_242.728526	820	900	305	2	80	0.0250000
NODE_5879_length_1042_cov_242.728526	820	900	306	2	80	0.0250000
NODE_5879_length_1042_cov_242.728526	820	900	308	1	80	0.0125000
NODE_5879_length_1042_cov_242.728526	820	900	309	2	80	0.0250000
NODE_5879_length_1042_cov_242.728526	820	900	311	1	80	0.0125000
NODE_5879_length_1042_cov_242.728526	820	900	312	1	80	0.0125000
NODE_5879_length_1042_cov_242.728526	820	900	313	5	80	0.0625000
NODE_5879_length_1042_cov_242.728526	820	900	314	7	80	0.0875000
NODE_5879_length_1042_cov_242.728526	820	900	315	3	80	0.0375000
NODE_5879_length_1042_cov_242.728526	820	900	316	1	80	0.0125000
NODE_5879_length_1042_cov_242.728526	820	900	317	2	80	0.0250000
NODE_5879_length_1042_cov_242.728526	820	900	319	1	80	0.0125000
NODE_5879_length_1042_cov_242.728526	820	900	320	3	80	0.0375000
NODE_5879_length_1042_cov_242.728526	820	900	321	5	80	0.0625000
NODE_5879_length_1042_cov_242.728526	820	900	322	3	80	0.0375000
NODE_5879_length_1042_cov_242.728526	820	900	325	2	80	0.0250000
NODE_5879_length_1042_cov_242.728526	820	900	326	2	80	0.0250000
NODE_5879_length_1042_cov_242.728526	820	900	327	4	80	0.0500000
NODE_5879_length_1042_cov_242.728526	820	900	328	1	80	0.0125000
NODE_5879_length_1042_cov_242.728526	820	900	329	1	80	0.0125000
NODE_5879_length_1042_cov_242.728526	820	900	331	3	80	0.0375000
NODE_5879_length_1042_cov_242.728526	820	900	332	2	80	0.0250000
NODE_5879_length_1042_cov_242.728526	820	900	333	6	80	0.0750000
NODE_5879_length_1042_cov_242.728526	820	900	334	1	80	0.0125000
NODE_5879_length_1042_cov_242.728526	873	903	308	2	30	0.0666667
NODE_5879_length_1042_cov_242.728526	873	903	309	2	30	0.0666667
NODE_5879_length_1042_cov_242.728526	873	903	312	2	30	0.0666667
NODE_5879_length_1042_cov_242.728526	873	903	313	5	30	0.1666667
NODE_5879_length_1042_cov_242.728526	873	903	314	6	30	0.2000000
NODE_5879_length_1042_cov_242.728526	873	903	315	2	30	0.0666667
NODE_5879_length_1042_cov_242.728526	873	903	317	2	30	0.0666667
NODE_5879_length_1042_cov_242.728526	873	903	319	1	30	0.0333333
NODE_5879_length_1042_cov_242.728526	873	903	321	4	30	0.1333333
NODE_5879_length_1042_cov_242.728526	873	903	326	1	30	0.0333333
NODE_5879_length_1042_cov_242.728526	873	903	327	2	30	0.0666667
NODE_5879_length_1042_cov_242.728526	873	903	329	1	30	0.0333333
NODE_5880_length_1042_cov_63.214210	355	435	2	7	80	0.0875000
NODE_5880_length_1042_cov_63.214210	355	435	4	41	80	0.5125000
NODE_5880_length_1042_cov_63.214210	355	435	6	32	80	0.4000000
NODE_5880_length_1042_cov_63.214210	408	488	2	7	80	0.0875000
NODE_5880_length_1042_cov_63.214210	408	488	4	52	80	0.6500000
NODE_5880_length_1042_cov_63.214210	408	488	6	21	80	0.2625000
NODE_5881_length_1042_cov_29.581124	497	577	0	80	80	1.0000000
NODE_5881_length_1042_cov_29.581124	550	630	0	80	80	1.0000000
NODE_5882_length_1042_cov_23.861082	519	599	0	80	80	1.0000000
NODE_5882_length_1042_cov_23.861082	572	652	0	80	80	1.0000000
NODE_5882_length_1042_cov_23.861082	648	728	0	80	80	1.0000000
NODE_5882_length_1042_cov_23.861082	701	781	0	80	80	1.0000000
NODE_5883_length_1042_cov_22.247084	555	635	2	33	80	0.4125000
NODE_5883_length_1042_cov_22.247084	555	635	4	47	80	0.5875000
NODE_5883_length_1042_cov_22.247084	608	688	2	21	80	0.2625000
NODE_5883_length_1042_cov_22.247084	608	688	4	59	80	0.7375000
NODE_5884_length_1042_cov_22.117709	335	415	0	80	80	1.0000000
NODE_5884_length_1042_cov_22.117709	388	468	0	66	80	0.8250000
NODE_5884_length_1042_cov_22.117709	388	468	2	14	80	0.1750000
NODE_5884_length_1042_cov_22.117709	464	544	2	4	80	0.0500000
NODE_5884_length_1042_cov_22.117709	464	544	8	76	80	0.9500000
NODE_5884_length_1042_cov_22.117709	517	597	0	1	80	0.0125000
NODE_5884_length_1042_cov_22.117709	517	597	6	50	80	0.6250000
NODE_5884_length_1042_cov_22.117709	517	597	8	29	80	0.3625000
NODE_5885_length_1042_cov_16.831389	27	97	0	33	70	0.4714286
NODE_5885_length_1042_cov_16.831389	27	97	2	37	70	0.5285714
NODE_5885_length_1042_cov_16.831389	372	452	4	48	80	0.6000000
NODE_5885_length_1042_cov_16.831389	372	452	10	2	80	0.0250000
NODE_5885_length_1042_cov_16.831389	372	452	12	30	80	0.3750000
NODE_5885_length_1042_cov_16.831389	425	505	8	36	80	0.4500000
NODE_5885_length_1042_cov_16.831389	425	505	10	19	80	0.2375000
NODE_5885_length_1042_cov_16.831389	425	505	12	25	80	0.3125000
NODE_5886_length_1042_cov_16.662778	416	496	0	80	80	1.0000000
NODE_5886_length_1042_cov_16.662778	469	549	0	80	80	1.0000000
NODE_5887_length_1042_cov_9.474019	361	441	18	5	80	0.0625000
NODE_5887_length_1042_cov_9.474019	361	441	20	1	80	0.0125000
NODE_5887_length_1042_cov_9.474019	361	441	22	8	80	0.1000000
NODE_5887_length_1042_cov_9.474019	361	441	24	66	80	0.8250000
NODE_5887_length_1042_cov_9.474019	414	494	14	14	80	0.1750000
NODE_5887_length_1042_cov_9.474019	414	494	17	2	80	0.0250000
NODE_5887_length_1042_cov_9.474019	414	494	18	10	80	0.1250000
NODE_5887_length_1042_cov_9.474019	414	494	20	26	80	0.3250000
NODE_5887_length_1042_cov_9.474019	414	494	22	9	80	0.1125000
NODE_5887_length_1042_cov_9.474019	414	494	24	19	80	0.2375000
NODE_5888_length_1042_cov_6.725345	356	419	0	55	63	0.8730159
NODE_5888_length_1042_cov_6.725345	356	419	2	8	63	0.1269841
NODE_5888_length_1042_cov_6.725345	392	472	0	19	80	0.2375000
NODE_5888_length_1042_cov_6.725345	392	472	2	61	80	0.7625000
NODE_5896_length_1041_cov_42.960722	335	415	0	22	80	0.2750000
NODE_5896_length_1041_cov_42.960722	335	415	4	12	80	0.1500000
NODE_5896_length_1041_cov_42.960722	335	415	6	2	80	0.0250000
NODE_5896_length_1041_cov_42.960722	335	415	10	1	80	0.0125000
NODE_5896_length_1041_cov_42.960722	335	415	11	43	80	0.5375000
NODE_5896_length_1041_cov_42.960722	388	468	6	3	80	0.0375000
NODE_5896_length_1041_cov_42.960722	388	468	10	4	80	0.0500000
NODE_5896_length_1041_cov_42.960722	388	468	11	49	80	0.6125000
NODE_5896_length_1041_cov_42.960722	388	468	12	24	80	0.3000000
NODE_5896_length_1041_cov_42.960722	464	544	6	30	80	0.3750000
NODE_5896_length_1041_cov_42.960722	464	544	8	49	80	0.6125000
NODE_5896_length_1041_cov_42.960722	464	544	10	1	80	0.0125000
NODE_5896_length_1041_cov_42.960722	517	597	8	80	80	1.0000000
NODE_5897_length_1041_cov_37.331210	513	593	18	33	80	0.4125000
NODE_5897_length_1041_cov_37.331210	513	593	20	3	80	0.0375000
NODE_5897_length_1041_cov_37.331210	513	593	22	36	80	0.4500000
NODE_5897_length_1041_cov_37.331210	513	593	23	8	80	0.1000000
NODE_5897_length_1041_cov_37.331210	566	646	4	9	80	0.1125000
NODE_5897_length_1041_cov_37.331210	566	646	6	21	80	0.2625000
NODE_5897_length_1041_cov_37.331210	566	646	12	7	80	0.0875000
NODE_5897_length_1041_cov_37.331210	566	646	16	8	80	0.1000000
NODE_5897_length_1041_cov_37.331210	566	646	22	23	80	0.2875000
NODE_5897_length_1041_cov_37.331210	566	646	23	8	80	0.1000000
NODE_5897_length_1041_cov_37.331210	566	646	24	4	80	0.0500000
NODE_5897_length_1041_cov_37.331210	642	722	2	17	80	0.2125000
NODE_5897_length_1041_cov_37.331210	642	722	4	63	80	0.7875000
NODE_5897_length_1041_cov_37.331210	695	775	2	32	80	0.4000000
NODE_5897_length_1041_cov_37.331210	695	775	3	8	80	0.1000000
NODE_5897_length_1041_cov_37.331210	695	775	4	40	80	0.5000000
NODE_5898_length_1041_cov_36.477707	455	535	0	4	80	0.0500000
NODE_5898_length_1041_cov_36.477707	455	535	2	23	80	0.2875000
NODE_5898_length_1041_cov_36.477707	455	535	8	13	80	0.1625000
NODE_5898_length_1041_cov_36.477707	455	535	12	40	80	0.5000000
NODE_5898_length_1041_cov_36.477707	508	588	4	2	80	0.0250000
NODE_5898_length_1041_cov_36.477707	508	588	10	44	80	0.5500000
NODE_5898_length_1041_cov_36.477707	508	588	12	34	80	0.4250000
NODE_5898_length_1041_cov_36.477707	584	664	0	71	80	0.8875000
NODE_5898_length_1041_cov_36.477707	584	664	4	7	80	0.0875000
NODE_5898_length_1041_cov_36.477707	584	664	10	2	80	0.0250000
NODE_5898_length_1041_cov_36.477707	637	717	0	80	80	1.0000000
NODE_5898_length_1041_cov_36.477707	753	799	0	46	46	1.0000000
NODE_5899_length_1041_cov_19.286624	468	548	0	80	80	1.0000000
NODE_5899_length_1041_cov_19.286624	521	601	0	80	80	1.0000000
NODE_5900_length_1041_cov_17.072187	578	658	0	15	80	0.1875000
NODE_5900_length_1041_cov_17.072187	578	658	2	5	80	0.0625000
NODE_5900_length_1041_cov_17.072187	578	658	4	15	80	0.1875000
NODE_5900_length_1041_cov_17.072187	578	658	6	45	80	0.5625000
NODE_5900_length_1041_cov_17.072187	631	711	0	1	80	0.0125000
NODE_5900_length_1041_cov_17.072187	631	711	2	20	80	0.2500000
NODE_5900_length_1041_cov_17.072187	631	711	4	13	80	0.1625000
NODE_5900_length_1041_cov_17.072187	631	711	6	46	80	0.5750000
NODE_5901_length_1041_cov_11.887473	437	517	2	80	80	1.0000000
NODE_5901_length_1041_cov_11.887473	490	570	2	80	80	1.0000000
NODE_5902_length_1041_cov_6.957537	354	434	0	25	80	0.3125000
NODE_5902_length_1041_cov_6.957537	354	434	2	35	80	0.4375000
NODE_5902_length_1041_cov_6.957537	354	434	4	20	80	0.2500000
NODE_5902_length_1041_cov_6.957537	407	487	2	7	80	0.0875000
NODE_5902_length_1041_cov_6.957537	407	487	4	73	80	0.9125000
NODE_5913_length_1040_cov_34.618491	478	558	0	80	80	1.0000000
NODE_5913_length_1040_cov_34.618491	531	611	0	80	80	1.0000000
NODE_5914_length_1040_cov_33.061637	485	565	0	28	80	0.3500000
NODE_5914_length_1040_cov_33.061637	485	565	2	52	80	0.6500000
NODE_5914_length_1040_cov_33.061637	538	618	2	80	80	1.0000000
NODE_5915_length_1040_cov_27.818278	402	482	10	5	80	0.0625000
NODE_5915_length_1040_cov_27.818278	402	482	12	1	80	0.0125000
NODE_5915_length_1040_cov_27.818278	402	482	13	1	80	0.0125000
NODE_5915_length_1040_cov_27.818278	402	482	14	31	80	0.3875000
NODE_5915_length_1040_cov_27.818278	402	482	16	27	80	0.3375000
NODE_5915_length_1040_cov_27.818278	402	482	17	1	80	0.0125000
NODE_5915_length_1040_cov_27.818278	402	482	18	14	80	0.1750000
NODE_5915_length_1040_cov_27.818278	455	535	12	25	80	0.3125000
NODE_5915_length_1040_cov_27.818278	455	535	13	16	80	0.2000000
NODE_5915_length_1040_cov_27.818278	455	535	14	13	80	0.1625000
NODE_5915_length_1040_cov_27.818278	455	535	16	26	80	0.3250000
NODE_5916_length_1040_cov_17.933050	487	567	0	80	80	1.0000000
NODE_5916_length_1040_cov_17.933050	540	620	0	80	80	1.0000000
NODE_5917_length_1040_cov_14.327311	237	317	0	80	80	1.0000000
NODE_5917_length_1040_cov_14.327311	290	370	0	80	80	1.0000000
NODE_5917_length_1040_cov_14.327311	366	446	0	53	80	0.6625000
NODE_5917_length_1040_cov_14.327311	366	446	4	27	80	0.3375000
NODE_5917_length_1040_cov_14.327311	419	499	4	80	80	1.0000000
NODE_5918_length_1040_cov_11.910733	369	449	0	10	80	0.1250000
NODE_5918_length_1040_cov_11.910733	369	449	5	70	80	0.8750000
NODE_5918_length_1040_cov_11.910733	422	502	0	17	80	0.2125000
NODE_5918_length_1040_cov_11.910733	422	502	5	63	80	0.7875000
NODE_5919_length_1040_cov_11.521785	355	435	0	80	80	1.0000000
NODE_5919_length_1040_cov_11.521785	408	488	0	80	80	1.0000000
NODE_5920_length_1040_cov_9.573858	632	712	0	80	80	1.0000000
NODE_5920_length_1040_cov_9.573858	685	765	0	80	80	1.0000000
NODE_5921_length_1040_cov_8.148778	349	429	0	53	80	0.6625000
NODE_5921_length_1040_cov_8.148778	349	429	3	27	80	0.3375000
NODE_5921_length_1040_cov_8.148778	402	482	3	47	80	0.5875000
NODE_5921_length_1040_cov_8.148778	402	482	6	10	80	0.1250000
NODE_5921_length_1040_cov_8.148778	402	482	10	23	80	0.2875000
NODE_5922_length_1040_cov_7.927736	282	362	0	80	80	1.0000000
NODE_5922_length_1040_cov_7.927736	335	415	0	80	80	1.0000000
NODE_5927_length_1040_cov_2.317747	2	78	0	76	76	1.0000000
NODE_5934_length_1039_cov_40.150000	487	567	2	80	80	1.0000000
NODE_5934_length_1039_cov_40.150000	540	620	1	9	80	0.1125000
NODE_5934_length_1039_cov_40.150000	540	620	2	66	80	0.8250000
NODE_5934_length_1039_cov_40.150000	540	620	3	5	80	0.0625000
NODE_5934_length_1039_cov_40.150000	616	696	3	56	80	0.7000000
NODE_5934_length_1039_cov_40.150000	616	696	5	24	80	0.3000000
NODE_5934_length_1039_cov_40.150000	669	739	3	3	70	0.0428571
NODE_5934_length_1039_cov_40.150000	669	739	5	31	70	0.4428571
NODE_5934_length_1039_cov_40.150000	669	739	7	1	70	0.0142857
NODE_5934_length_1039_cov_40.150000	669	739	8	35	70	0.5000000
NODE_5935_length_1039_cov_37.940426	175	255	6	39	80	0.4875000
NODE_5935_length_1039_cov_37.940426	175	255	8	13	80	0.1625000
NODE_5935_length_1039_cov_37.940426	175	255	13	5	80	0.0625000
NODE_5935_length_1039_cov_37.940426	175	255	14	10	80	0.1250000
NODE_5935_length_1039_cov_37.940426	175	255	17	13	80	0.1625000
NODE_5935_length_1039_cov_37.940426	228	308	13	11	80	0.1375000
NODE_5935_length_1039_cov_37.940426	228	308	14	9	80	0.1125000
NODE_5935_length_1039_cov_37.940426	228	308	17	27	80	0.3375000
NODE_5935_length_1039_cov_37.940426	228	308	20	33	80	0.4125000
NODE_5935_length_1039_cov_37.940426	304	384	12	7	80	0.0875000
NODE_5935_length_1039_cov_37.940426	304	384	18	44	80	0.5500000
NODE_5935_length_1039_cov_37.940426	304	384	20	29	80	0.3625000
NODE_5935_length_1039_cov_37.940426	357	437	0	12	80	0.1500000
NODE_5935_length_1039_cov_37.940426	357	437	3	14	80	0.1750000
NODE_5935_length_1039_cov_37.940426	357	437	9	24	80	0.3000000
NODE_5935_length_1039_cov_37.940426	357	437	12	10	80	0.1250000
NODE_5935_length_1039_cov_37.940426	357	437	18	20	80	0.2500000
NODE_5936_length_1039_cov_24.567021	371	451	0	21	80	0.2625000
NODE_5936_length_1039_cov_24.567021	371	451	2	59	80	0.7375000
NODE_5936_length_1039_cov_24.567021	424	504	2	80	80	1.0000000
NODE_5937_length_1039_cov_15.790426	293	373	2	21	80	0.2625000
NODE_5937_length_1039_cov_15.790426	293	373	4	1	80	0.0125000
NODE_5937_length_1039_cov_15.790426	293	373	6	58	80	0.7250000
NODE_5937_length_1039_cov_15.790426	346	426	0	39	80	0.4875000
NODE_5937_length_1039_cov_15.790426	346	426	1	12	80	0.1500000
NODE_5937_length_1039_cov_15.790426	346	426	2	23	80	0.2875000
NODE_5937_length_1039_cov_15.790426	346	426	4	1	80	0.0125000
NODE_5937_length_1039_cov_15.790426	346	426	6	5	80	0.0625000
NODE_5938_length_1039_cov_14.670213	591	671	0	80	80	1.0000000
NODE_5938_length_1039_cov_14.670213	644	724	0	80	80	1.0000000
NODE_5939_length_1039_cov_11.568085	439	519	0	80	80	1.0000000
NODE_5939_length_1039_cov_11.568085	492	571	0	79	79	1.0000000
NODE_5947_length_1038_cov_17.191693	549	629	0	10	80	0.1250000
NODE_5947_length_1038_cov_17.191693	549	629	4	2	80	0.0250000
NODE_5947_length_1038_cov_17.191693	549	629	6	54	80	0.6750000
NODE_5947_length_1038_cov_17.191693	549	629	9	1	80	0.0125000
NODE_5947_length_1038_cov_17.191693	549	629	10	13	80	0.1625000
NODE_5947_length_1038_cov_17.191693	602	682	6	39	80	0.4875000
NODE_5947_length_1038_cov_17.191693	602	682	8	8	80	0.1000000
NODE_5947_length_1038_cov_17.191693	602	682	9	1	80	0.0125000
NODE_5947_length_1038_cov_17.191693	602	682	10	13	80	0.1625000
NODE_5947_length_1038_cov_17.191693	602	682	12	19	80	0.2375000
NODE_5948_length_1038_cov_13.520767	516	596	0	42	80	0.5250000
NODE_5948_length_1038_cov_13.520767	516	596	2	38	80	0.4750000
NODE_5948_length_1038_cov_13.520767	569	649	0	10	80	0.1250000
NODE_5948_length_1038_cov_13.520767	569	649	2	70	80	0.8750000
NODE_5949_length_1038_cov_10.541001	487	567	0	80	80	1.0000000
NODE_5949_length_1038_cov_10.541001	540	620	0	80	80	1.0000000
NODE_5950_length_1038_cov_8.826411	432	512	0	80	80	1.0000000
NODE_5950_length_1038_cov_8.826411	485	565	0	80	80	1.0000000
NODE_5952_length_1038_cov_2.587859	673	753	0	80	80	1.0000000
NODE_5952_length_1038_cov_2.587859	726	806	0	80	80	1.0000000
NODE_5963_length_1037_cov_66.968017	402	482	10	21	80	0.2625000
NODE_5963_length_1037_cov_66.968017	402	482	16	17	80	0.2125000
NODE_5963_length_1037_cov_66.968017	402	482	17	18	80	0.2250000
NODE_5963_length_1037_cov_66.968017	402	482	18	1	80	0.0125000
NODE_5963_length_1037_cov_66.968017	402	482	21	23	80	0.2875000
NODE_5963_length_1037_cov_66.968017	455	535	12	48	80	0.6000000
NODE_5963_length_1037_cov_66.968017	455	535	16	8	80	0.1000000
NODE_5963_length_1037_cov_66.968017	455	535	17	23	80	0.2875000
NODE_5963_length_1037_cov_66.968017	455	535	18	1	80	0.0125000
NODE_5964_length_1037_cov_53.639659	527	607	0	22	80	0.2750000
NODE_5964_length_1037_cov_53.639659	527	607	2	13	80	0.1625000
NODE_5964_length_1037_cov_53.639659	527	607	3	9	80	0.1125000
NODE_5964_length_1037_cov_53.639659	527	607	4	19	80	0.2375000
NODE_5964_length_1037_cov_53.639659	527	607	7	1	80	0.0125000
NODE_5964_length_1037_cov_53.639659	527	607	8	16	80	0.2000000
NODE_5964_length_1037_cov_53.639659	580	660	4	10	80	0.1250000
NODE_5964_length_1037_cov_53.639659	580	660	6	6	80	0.0750000
NODE_5964_length_1037_cov_53.639659	580	660	7	1	80	0.0125000
NODE_5964_length_1037_cov_53.639659	580	660	8	16	80	0.2000000
NODE_5964_length_1037_cov_53.639659	580	660	12	47	80	0.5875000
NODE_5965_length_1037_cov_45.353945	542	622	4	79	80	0.9875000
NODE_5965_length_1037_cov_45.353945	542	622	6	1	80	0.0125000
NODE_5965_length_1037_cov_45.353945	595	675	2	3	80	0.0375000
NODE_5965_length_1037_cov_45.353945	595	675	4	26	80	0.3250000
NODE_5965_length_1037_cov_45.353945	595	675	5	1	80	0.0125000
NODE_5965_length_1037_cov_45.353945	595	675	6	50	80	0.6250000
NODE_5966_length_1037_cov_31.078891	356	436	4	80	80	1.0000000
NODE_5966_length_1037_cov_31.078891	409	489	0	42	80	0.5250000
NODE_5966_length_1037_cov_31.078891	409	489	4	38	80	0.4750000
NODE_5967_length_1037_cov_25.453092	421	501	65	12	80	0.1500000
NODE_5967_length_1037_cov_25.453092	421	501	67	27	80	0.3375000
NODE_5967_length_1037_cov_25.453092	421	501	68	1	80	0.0125000
NODE_5967_length_1037_cov_25.453092	421	501	70	1	80	0.0125000
NODE_5967_length_1037_cov_25.453092	421	501	84	1	80	0.0125000
NODE_5967_length_1037_cov_25.453092	421	501	92	1	80	0.0125000
NODE_5967_length_1037_cov_25.453092	421	501	93	15	80	0.1875000
NODE_5967_length_1037_cov_25.453092	421	501	94	19	80	0.2375000
NODE_5967_length_1037_cov_25.453092	421	501	95	3	80	0.0375000
NODE_5967_length_1037_cov_25.453092	474	554	23	14	80	0.1750000
NODE_5967_length_1037_cov_25.453092	474	554	50	1	80	0.0125000
NODE_5967_length_1037_cov_25.453092	474	554	51	7	80	0.0875000
NODE_5967_length_1037_cov_25.453092	474	554	62	22	80	0.2750000
NODE_5967_length_1037_cov_25.453092	474	554	64	2	80	0.0250000
NODE_5967_length_1037_cov_25.453092	474	554	65	19	80	0.2375000
NODE_5967_length_1037_cov_25.453092	474	554	67	15	80	0.1875000
NODE_5967_length_1037_cov_25.453092	550	573	0	17	23	0.7391304
NODE_5967_length_1037_cov_25.453092	550	573	22	1	23	0.0434783
NODE_5967_length_1037_cov_25.453092	550	573	23	5	23	0.2173913
NODE_5968_length_1037_cov_13.740938	348	428	0	36	80	0.4500000
NODE_5968_length_1037_cov_13.740938	348	428	2	44	80	0.5500000
NODE_5968_length_1037_cov_13.740938	401	481	0	20	80	0.2500000
NODE_5968_length_1037_cov_13.740938	401	481	2	60	80	0.7500000
NODE_5969_length_1037_cov_12.632196	564	644	14	2	80	0.0250000
NODE_5969_length_1037_cov_12.632196	564	644	15	11	80	0.1375000
NODE_5969_length_1037_cov_12.632196	564	644	16	3	80	0.0375000
NODE_5969_length_1037_cov_12.632196	564	644	17	2	80	0.0250000
NODE_5969_length_1037_cov_12.632196	564	644	18	9	80	0.1125000
NODE_5969_length_1037_cov_12.632196	564	644	19	47	80	0.5875000
NODE_5969_length_1037_cov_12.632196	564	644	20	6	80	0.0750000
NODE_5969_length_1037_cov_12.632196	617	697	8	44	80	0.5500000
NODE_5969_length_1037_cov_12.632196	617	697	14	11	80	0.1375000
NODE_5969_length_1037_cov_12.632196	617	697	19	25	80	0.3125000
NODE_5970_length_1037_cov_8.904051	640	720	0	80	80	1.0000000
NODE_5970_length_1037_cov_8.904051	693	773	0	80	80	1.0000000
NODE_5978_length_1037_cov_1.859275	31	91	0	60	60	1.0000000
NODE_5986_length_1036_cov_52.270011	493	573	0	80	80	1.0000000
NODE_5986_length_1036_cov_52.270011	546	626	0	80	80	1.0000000
NODE_5987_length_1036_cov_24.080043	369	449	0	80	80	1.0000000
NODE_5987_length_1036_cov_24.080043	422	502	0	80	80	1.0000000
NODE_5988_length_1036_cov_20.533618	513	593	4	80	80	1.0000000
NODE_5988_length_1036_cov_20.533618	566	645	0	23	79	0.2911392
NODE_5988_length_1036_cov_20.533618	566	645	2	9	79	0.1139240
NODE_5988_length_1036_cov_20.533618	566	645	4	47	79	0.5949367
NODE_5988_length_1036_cov_20.533618	648	728	0	80	80	1.0000000
NODE_5988_length_1036_cov_20.533618	701	781	0	28	80	0.3500000
NODE_5988_length_1036_cov_20.533618	701	781	2	52	80	0.6500000
NODE_5989_length_1036_cov_19.715048	467	547	0	15	80	0.1875000
NODE_5989_length_1036_cov_19.715048	467	547	2	54	80	0.6750000
NODE_5989_length_1036_cov_19.715048	467	547	4	11	80	0.1375000
NODE_5989_length_1036_cov_19.715048	520	600	2	63	80	0.7875000
NODE_5989_length_1036_cov_19.715048	520	600	4	17	80	0.2125000
NODE_5990_length_1036_cov_19.452508	399	479	0	80	80	1.0000000
NODE_5990_length_1036_cov_19.452508	452	532	0	80	80	1.0000000
NODE_5990_length_1036_cov_19.452508	528	608	0	80	80	1.0000000
NODE_5990_length_1036_cov_19.452508	581	661	0	80	80	1.0000000
NODE_5991_length_1036_cov_13.840982	635	715	0	80	80	1.0000000
NODE_5991_length_1036_cov_13.840982	688	768	0	80	80	1.0000000
NODE_5992_length_1036_cov_6.913554	424	504	0	25	80	0.3125000
NODE_5992_length_1036_cov_6.913554	424	504	4	10	80	0.1250000
NODE_5992_length_1036_cov_6.913554	424	504	6	5	80	0.0625000
NODE_5992_length_1036_cov_6.913554	424	504	8	40	80	0.5000000
NODE_5992_length_1036_cov_6.913554	477	557	8	80	80	1.0000000
NODE_5993_length_1036_cov_5.880470	436	516	0	80	80	1.0000000
NODE_5993_length_1036_cov_5.880470	489	569	0	80	80	1.0000000
NODE_5994_length_1036_cov_4.638207	531	611	0	80	80	1.0000000
NODE_5994_length_1036_cov_4.638207	584	664	0	80	80	1.0000000
NODE_5998_length_1036_cov_1.293490	19	69	0	50	50	1.0000000
NODE_6001_length_1035_cov_31.941239	590	670	0	4	80	0.0500000
NODE_6001_length_1035_cov_31.941239	590	670	2	65	80	0.8125000
NODE_6001_length_1035_cov_31.941239	590	670	4	11	80	0.1375000
NODE_6001_length_1035_cov_31.941239	643	723	2	69	80	0.8625000
NODE_6001_length_1035_cov_31.941239	643	723	4	11	80	0.1375000
NODE_6002_length_1035_cov_14.917735	396	476	0	17	80	0.2125000
NODE_6002_length_1035_cov_14.917735	396	476	2	63	80	0.7875000
NODE_6002_length_1035_cov_14.917735	449	529	0	70	80	0.8750000
NODE_6002_length_1035_cov_14.917735	449	529	2	10	80	0.1250000
NODE_6003_length_1035_cov_12.552350	467	547	0	48	80	0.6000000
NODE_6003_length_1035_cov_12.552350	467	547	2	32	80	0.4000000
NODE_6003_length_1035_cov_12.552350	520	600	2	80	80	1.0000000
NODE_6004_length_1035_cov_12.050214	40	103	1	46	63	0.7301587
NODE_6004_length_1035_cov_12.050214	40	103	3	2	63	0.0317460
NODE_6004_length_1035_cov_12.050214	40	103	5	6	63	0.0952381
NODE_6004_length_1035_cov_12.050214	40	103	6	1	63	0.0158730
NODE_6004_length_1035_cov_12.050214	40	103	10	8	63	0.1269841
NODE_6004_length_1035_cov_12.050214	138	219	10	3	81	0.0370370
NODE_6004_length_1035_cov_12.050214	138	219	14	3	81	0.0370370
NODE_6004_length_1035_cov_12.050214	138	219	18	14	81	0.1728395
NODE_6004_length_1035_cov_12.050214	138	219	22	45	81	0.5555556
NODE_6004_length_1035_cov_12.050214	138	219	23	4	81	0.0493827
NODE_6004_length_1035_cov_12.050214	138	219	24	6	81	0.0740741
NODE_6004_length_1035_cov_12.050214	138	219	25	6	81	0.0740741
NODE_6005_length_1035_cov_7.020299	350	430	0	29	80	0.3625000
NODE_6005_length_1035_cov_7.020299	350	430	2	51	80	0.6375000
NODE_6005_length_1035_cov_7.020299	403	483	2	80	80	1.0000000
NODE_6006_length_1035_cov_4.726496	531	611	0	14	80	0.1750000
NODE_6006_length_1035_cov_4.726496	531	611	2	66	80	0.8250000
NODE_6006_length_1035_cov_4.726496	584	664	0	67	80	0.8375000
NODE_6006_length_1035_cov_4.726496	584	664	2	13	80	0.1625000
NODE_6018_length_1034_cov_26.810695	322	402	8	14	80	0.1750000
NODE_6018_length_1034_cov_26.810695	322	402	9	11	80	0.1375000
NODE_6018_length_1034_cov_26.810695	322	402	10	55	80	0.6875000
NODE_6018_length_1034_cov_26.810695	375	455	2	3	80	0.0375000
NODE_6018_length_1034_cov_26.810695	375	455	8	64	80	0.8000000
NODE_6018_length_1034_cov_26.810695	375	455	10	13	80	0.1625000
NODE_6018_length_1034_cov_26.810695	451	531	0	48	80	0.6000000
NODE_6018_length_1034_cov_26.810695	451	531	1	18	80	0.2250000
NODE_6018_length_1034_cov_26.810695	451	531	2	13	80	0.1625000
NODE_6018_length_1034_cov_26.810695	451	531	8	1	80	0.0125000
NODE_6018_length_1034_cov_26.810695	504	584	0	80	80	1.0000000
NODE_6032_length_1033_cov_42.574946	462	542	0	33	80	0.4125000
NODE_6032_length_1033_cov_42.574946	462	542	5	1	80	0.0125000
NODE_6032_length_1033_cov_42.574946	462	542	6	7	80	0.0875000
NODE_6032_length_1033_cov_42.574946	462	542	8	24	80	0.3000000
NODE_6032_length_1033_cov_42.574946	462	542	9	15	80	0.1875000
NODE_6032_length_1033_cov_42.574946	515	595	8	44	80	0.5500000
NODE_6032_length_1033_cov_42.574946	515	595	9	31	80	0.3875000
NODE_6032_length_1033_cov_42.574946	515	595	10	5	80	0.0625000
NODE_6033_length_1033_cov_17.073876	464	544	0	43	80	0.5375000
NODE_6033_length_1033_cov_17.073876	464	544	4	12	80	0.1500000
NODE_6033_length_1033_cov_17.073876	464	544	6	25	80	0.3125000
NODE_6033_length_1033_cov_17.073876	517	597	2	12	80	0.1500000
NODE_6033_length_1033_cov_17.073876	517	597	4	2	80	0.0250000
NODE_6033_length_1033_cov_17.073876	517	597	6	66	80	0.8250000
NODE_6034_length_1033_cov_15.791221	309	386	2	62	77	0.8051948
NODE_6034_length_1033_cov_15.791221	309	386	3	4	77	0.0519481
NODE_6034_length_1033_cov_15.791221	309	386	4	11	77	0.1428571
NODE_6034_length_1033_cov_15.791221	359	439	2	15	80	0.1875000
NODE_6034_length_1033_cov_15.791221	359	439	3	54	80	0.6750000
NODE_6034_length_1033_cov_15.791221	359	439	4	11	80	0.1375000
NODE_6035_length_1033_cov_11.340471	437	517	2	1	80	0.0125000
NODE_6035_length_1033_cov_11.340471	437	517	4	79	80	0.9875000
NODE_6035_length_1033_cov_11.340471	490	570	0	22	80	0.2750000
NODE_6035_length_1033_cov_11.340471	490	570	2	32	80	0.4000000
NODE_6035_length_1033_cov_11.340471	490	570	4	26	80	0.3250000
NODE_6045_length_1032_cov_56.511254	466	546	0	3	80	0.0375000
NODE_6045_length_1032_cov_56.511254	466	546	3	14	80	0.1750000
NODE_6045_length_1032_cov_56.511254	466	546	6	63	80	0.7875000
NODE_6045_length_1032_cov_56.511254	519	599	6	80	80	1.0000000
NODE_6046_length_1032_cov_20.752412	479	559	0	80	80	1.0000000
NODE_6046_length_1032_cov_20.752412	532	612	0	80	80	1.0000000
NODE_6047_length_1032_cov_8.166131	257	337	0	65	80	0.8125000
NODE_6047_length_1032_cov_8.166131	257	337	3	15	80	0.1875000
NODE_6047_length_1032_cov_8.166131	310	390	0	12	80	0.1500000
NODE_6047_length_1032_cov_8.166131	310	390	3	64	80	0.8000000
NODE_6047_length_1032_cov_8.166131	310	390	4	4	80	0.0500000
NODE_6048_length_1032_cov_7.991426	277	357	0	6	80	0.0750000
NODE_6048_length_1032_cov_7.991426	277	357	1	16	80	0.2000000
NODE_6048_length_1032_cov_7.991426	277	357	3	12	80	0.1500000
NODE_6048_length_1032_cov_7.991426	277	357	4	46	80	0.5750000
NODE_6048_length_1032_cov_7.991426	330	410	2	35	80	0.4375000
NODE_6048_length_1032_cov_7.991426	330	410	4	45	80	0.5625000
NODE_6049_length_1032_cov_5.276527	371	451	0	13	80	0.1625000
NODE_6049_length_1032_cov_5.276527	371	451	2	14	80	0.1750000
NODE_6049_length_1032_cov_5.276527	371	451	4	18	80	0.2250000
NODE_6049_length_1032_cov_5.276527	371	451	6	35	80	0.4375000
NODE_6049_length_1032_cov_5.276527	424	504	4	9	80	0.1125000
NODE_6049_length_1032_cov_5.276527	424	504	6	71	80	0.8875000
NODE_6055_length_1031_cov_71.154506	586	654	7	30	68	0.4411765
NODE_6055_length_1031_cov_71.154506	586	654	10	10	68	0.1470588
NODE_6055_length_1031_cov_71.154506	586	654	11	28	68	0.4117647
NODE_6055_length_1031_cov_71.154506	616	696	7	3	80	0.0375000
NODE_6055_length_1031_cov_71.154506	616	696	8	2	80	0.0250000
NODE_6055_length_1031_cov_71.154506	616	696	10	10	80	0.1250000
NODE_6055_length_1031_cov_71.154506	616	696	11	33	80	0.4125000
NODE_6055_length_1031_cov_71.154506	616	696	13	15	80	0.1875000
NODE_6055_length_1031_cov_71.154506	616	696	14	10	80	0.1250000
NODE_6055_length_1031_cov_71.154506	616	696	15	7	80	0.0875000
NODE_6055_length_1031_cov_71.154506	669	749	5	28	80	0.3500000
NODE_6055_length_1031_cov_71.154506	669	749	7	28	80	0.3500000
NODE_6055_length_1031_cov_71.154506	669	749	8	2	80	0.0250000
NODE_6055_length_1031_cov_71.154506	669	749	13	5	80	0.0625000
NODE_6055_length_1031_cov_71.154506	669	749	14	10	80	0.1250000
NODE_6055_length_1031_cov_71.154506	669	749	15	7	80	0.0875000
NODE_6056_length_1031_cov_70.221030	409	489	2	6	80	0.0750000
NODE_6056_length_1031_cov_70.221030	409	489	4	10	80	0.1250000
NODE_6056_length_1031_cov_70.221030	409	489	5	9	80	0.1125000
NODE_6056_length_1031_cov_70.221030	409	489	6	55	80	0.6875000
NODE_6056_length_1031_cov_70.221030	462	542	1	9	80	0.1125000
NODE_6056_length_1031_cov_70.221030	462	542	3	6	80	0.0750000
NODE_6056_length_1031_cov_70.221030	462	542	5	47	80	0.5875000
NODE_6056_length_1031_cov_70.221030	462	542	6	18	80	0.2250000
NODE_6056_length_1031_cov_70.221030	538	618	0	35	80	0.4375000
NODE_6056_length_1031_cov_70.221030	538	618	1	17	80	0.2125000
NODE_6056_length_1031_cov_70.221030	538	618	2	28	80	0.3500000
NODE_6056_length_1031_cov_70.221030	591	671	2	80	80	1.0000000
NODE_6057_length_1031_cov_43.618026	462	542	0	63	80	0.7875000
NODE_6057_length_1031_cov_43.618026	462	542	2	17	80	0.2125000
NODE_6057_length_1031_cov_43.618026	515	595	0	10	80	0.1250000
NODE_6057_length_1031_cov_43.618026	515	595	2	70	80	0.8750000
NODE_6058_length_1031_cov_43.581545	303	383	0	78	80	0.9750000
NODE_6058_length_1031_cov_43.581545	303	383	2	2	80	0.0250000
NODE_6058_length_1031_cov_43.581545	356	436	0	25	80	0.3125000
NODE_6058_length_1031_cov_43.581545	356	436	2	43	80	0.5375000
NODE_6058_length_1031_cov_43.581545	356	436	6	12	80	0.1500000
NODE_6058_length_1031_cov_43.581545	432	512	6	13	80	0.1625000
NODE_6058_length_1031_cov_43.581545	432	512	8	3	80	0.0375000
NODE_6058_length_1031_cov_43.581545	432	512	12	50	80	0.6250000
NODE_6058_length_1031_cov_43.581545	432	512	17	1	80	0.0125000
NODE_6058_length_1031_cov_43.581545	432	512	18	13	80	0.1625000
NODE_6058_length_1031_cov_43.581545	485	565	8	23	80	0.2875000
NODE_6058_length_1031_cov_43.581545	485	565	12	25	80	0.3125000
NODE_6058_length_1031_cov_43.581545	485	565	16	8	80	0.1000000
NODE_6058_length_1031_cov_43.581545	485	565	17	1	80	0.0125000
NODE_6058_length_1031_cov_43.581545	485	565	18	23	80	0.2875000
NODE_6059_length_1031_cov_22.310086	382	462	0	80	80	1.0000000
NODE_6059_length_1031_cov_22.310086	435	515	0	75	80	0.9375000
NODE_6059_length_1031_cov_22.310086	435	515	1	5	80	0.0625000
NODE_6060_length_1031_cov_11.547210	481	561	0	80	80	1.0000000
NODE_6060_length_1031_cov_11.547210	534	614	0	80	80	1.0000000
NODE_6066_length_1030_cov_54.380236	363	443	0	80	80	1.0000000
NODE_6066_length_1030_cov_54.380236	416	496	0	80	80	1.0000000
NODE_6066_length_1030_cov_54.380236	492	572	0	24	80	0.3000000
NODE_6066_length_1030_cov_54.380236	492	572	2	56	80	0.7000000
NODE_6066_length_1030_cov_54.380236	545	625	2	80	80	1.0000000
NODE_6067_length_1030_cov_45.040816	334	414	2	5	80	0.0625000
NODE_6067_length_1030_cov_45.040816	334	414	4	9	80	0.1125000
NODE_6067_length_1030_cov_45.040816	334	414	10	4	80	0.0500000
NODE_6067_length_1030_cov_45.040816	334	414	12	62	80	0.7750000
NODE_6067_length_1030_cov_45.040816	387	467	0	39	80	0.4875000
NODE_6067_length_1030_cov_45.040816	387	467	2	19	80	0.2375000
NODE_6067_length_1030_cov_45.040816	387	467	4	9	80	0.1125000
NODE_6067_length_1030_cov_45.040816	387	467	12	13	80	0.1625000
NODE_6067_length_1030_cov_45.040816	463	543	0	80	80	1.0000000
NODE_6067_length_1030_cov_45.040816	516	596	0	80	80	1.0000000
NODE_6068_length_1030_cov_20.491944	511	591	2	15	80	0.1875000
NODE_6068_length_1030_cov_20.491944	511	591	4	65	80	0.8125000
NODE_6068_length_1030_cov_20.491944	564	644	0	5	80	0.0625000
NODE_6068_length_1030_cov_20.491944	564	644	1	3	80	0.0375000
NODE_6068_length_1030_cov_20.491944	564	644	2	58	80	0.7250000
NODE_6068_length_1030_cov_20.491944	564	644	4	14	80	0.1750000
NODE_6069_length_1030_cov_17.253491	524	604	5	11	80	0.1375000
NODE_6069_length_1030_cov_17.253491	524	604	6	37	80	0.4625000
NODE_6069_length_1030_cov_17.253491	524	604	10	19	80	0.2375000
NODE_6069_length_1030_cov_17.253491	524	604	14	13	80	0.1625000
NODE_6069_length_1030_cov_17.253491	577	657	10	14	80	0.1750000
NODE_6069_length_1030_cov_17.253491	577	657	12	3	80	0.0375000
NODE_6069_length_1030_cov_17.253491	577	657	13	1	80	0.0125000
NODE_6069_length_1030_cov_17.253491	577	657	14	61	80	0.7625000
NODE_6069_length_1030_cov_17.253491	577	657	16	1	80	0.0125000
NODE_6070_length_1030_cov_14.337272	564	644	0	80	80	1.0000000
NODE_6070_length_1030_cov_14.337272	617	697	0	80	80	1.0000000
NODE_6071_length_1030_cov_5.742213	474	554	2	19	80	0.2375000
NODE_6071_length_1030_cov_5.742213	474	554	4	31	80	0.3875000
NODE_6071_length_1030_cov_5.742213	474	554	6	4	80	0.0500000
NODE_6071_length_1030_cov_5.742213	474	554	8	26	80	0.3250000
NODE_6071_length_1030_cov_5.742213	527	607	6	29	80	0.3625000
NODE_6071_length_1030_cov_5.742213	527	607	8	51	80	0.6375000
NODE_6073_length_1030_cov_5.208378	978	1030	0	23	52	0.4423077
NODE_6073_length_1030_cov_5.208378	978	1030	2	29	52	0.5576923
NODE_6077_length_1030_cov_2.146079	979	1010	0	31	31	1.0000000
NODE_6083_length_1029_cov_236.527957	584	666	4	7	82	0.0853659
NODE_6083_length_1029_cov_236.527957	584	666	6	4	82	0.0487805
NODE_6083_length_1029_cov_236.527957	584	666	10	8	82	0.0975610
NODE_6083_length_1029_cov_236.527957	584	666	11	5	82	0.0609756
NODE_6083_length_1029_cov_236.527957	584	666	12	17	82	0.2073171
NODE_6083_length_1029_cov_236.527957	584	666	14	35	82	0.4268293
NODE_6083_length_1029_cov_236.527957	584	666	16	6	82	0.0731707
NODE_6083_length_1029_cov_236.527957	639	702	10	1	63	0.0158730
NODE_6083_length_1029_cov_236.527957	639	702	12	10	63	0.1587302
NODE_6083_length_1029_cov_236.527957	639	702	14	52	63	0.8253968
NODE_6084_length_1029_cov_41.650538	364	444	0	80	80	1.0000000
NODE_6084_length_1029_cov_41.650538	417	497	0	59	80	0.7375000
NODE_6084_length_1029_cov_41.650538	417	497	2	21	80	0.2625000
NODE_6084_length_1029_cov_41.650538	493	573	2	80	80	1.0000000
NODE_6084_length_1029_cov_41.650538	546	626	0	44	80	0.5500000
NODE_6084_length_1029_cov_41.650538	546	626	2	36	80	0.4500000
NODE_6085_length_1029_cov_34.940860	314	360	0	38	46	0.8260869
NODE_6085_length_1029_cov_34.940860	314	360	2	8	46	0.1739130
NODE_6085_length_1029_cov_34.940860	371	451	2	63	80	0.7875000
NODE_6085_length_1029_cov_34.940860	371	451	4	13	80	0.1625000
NODE_6085_length_1029_cov_34.940860	371	451	6	4	80	0.0500000
NODE_6085_length_1029_cov_34.940860	424	502	2	10	78	0.1282051
NODE_6085_length_1029_cov_34.940860	424	502	4	42	78	0.5384616
NODE_6085_length_1029_cov_34.940860	424	502	6	26	78	0.3333333
NODE_6086_length_1029_cov_28.752688	255	335	0	17	80	0.2125000
NODE_6086_length_1029_cov_28.752688	255	335	2	53	80	0.6625000
NODE_6086_length_1029_cov_28.752688	255	335	4	10	80	0.1250000
NODE_6086_length_1029_cov_28.752688	308	388	2	30	80	0.3750000
NODE_6086_length_1029_cov_28.752688	308	388	4	50	80	0.6250000
NODE_6086_length_1029_cov_28.752688	384	464	0	40	80	0.5000000
NODE_6086_length_1029_cov_28.752688	384	464	2	13	80	0.1625000
NODE_6086_length_1029_cov_28.752688	384	464	4	27	80	0.3375000
NODE_6086_length_1029_cov_28.752688	437	517	4	80	80	1.0000000
NODE_6087_length_1029_cov_28.523656	409	489	2	14	80	0.1750000
NODE_6087_length_1029_cov_28.523656	409	489	4	66	80	0.8250000
NODE_6087_length_1029_cov_28.523656	462	542	0	28	80	0.3500000
NODE_6087_length_1029_cov_28.523656	462	542	2	39	80	0.4875000
NODE_6087_length_1029_cov_28.523656	462	542	4	13	80	0.1625000
NODE_6088_length_1029_cov_28.283871	281	361	0	80	80	1.0000000
NODE_6088_length_1029_cov_28.283871	334	414	0	80	80	1.0000000
NODE_6088_length_1029_cov_28.283871	410	490	0	38	80	0.4750000
NODE_6088_length_1029_cov_28.283871	410	490	2	42	80	0.5250000
NODE_6088_length_1029_cov_28.283871	463	546	0	5	83	0.0602410
NODE_6088_length_1029_cov_28.283871	463	546	2	78	83	0.9397590
NODE_6089_length_1029_cov_26.883871	434	514	0	24	80	0.3000000
NODE_6089_length_1029_cov_26.883871	434	514	4	56	80	0.7000000
NODE_6089_length_1029_cov_26.883871	487	567	4	80	80	1.0000000
NODE_6090_length_1029_cov_23.552688	305	385	0	31	80	0.3875000
NODE_6090_length_1029_cov_23.552688	305	385	2	49	80	0.6125000
NODE_6090_length_1029_cov_23.552688	358	438	2	80	80	1.0000000
NODE_6090_length_1029_cov_23.552688	434	514	0	67	80	0.8375000
NODE_6090_length_1029_cov_23.552688	434	514	2	13	80	0.1625000
NODE_6090_length_1029_cov_23.552688	487	567	0	80	80	1.0000000
NODE_6091_length_1029_cov_22.520430	434	514	0	6	80	0.0750000
NODE_6091_length_1029_cov_22.520430	434	514	6	38	80	0.4750000
NODE_6091_length_1029_cov_22.520430	434	514	8	36	80	0.4500000
NODE_6091_length_1029_cov_22.520430	487	567	0	2	80	0.0250000
NODE_6091_length_1029_cov_22.520430	487	567	2	5	80	0.0625000
NODE_6091_length_1029_cov_22.520430	487	567	8	73	80	0.9125000
NODE_6092_length_1029_cov_21.924731	335	415	2	80	80	1.0000000
NODE_6092_length_1029_cov_21.924731	388	468	0	50	80	0.6250000
NODE_6092_length_1029_cov_21.924731	388	468	2	30	80	0.3750000
NODE_6093_length_1029_cov_17.101075	501	581	4	14	80	0.1750000
NODE_6093_length_1029_cov_17.101075	501	581	7	9	80	0.1125000
NODE_6093_length_1029_cov_17.101075	501	581	8	57	80	0.7125000
NODE_6093_length_1029_cov_17.101075	554	634	1	3	80	0.0375000
NODE_6093_length_1029_cov_17.101075	554	634	2	35	80	0.4375000
NODE_6093_length_1029_cov_17.101075	554	634	4	29	80	0.3625000
NODE_6093_length_1029_cov_17.101075	554	634	7	9	80	0.1125000
NODE_6093_length_1029_cov_17.101075	554	634	8	4	80	0.0500000
NODE_6093_length_1029_cov_17.101075	630	710	0	59	80	0.7375000
NODE_6093_length_1029_cov_17.101075	630	710	1	20	80	0.2500000
NODE_6093_length_1029_cov_17.101075	630	710	2	1	80	0.0125000
NODE_6093_length_1029_cov_17.101075	683	755	0	72	72	1.0000000
NODE_6094_length_1029_cov_14.052688	405	485	2	80	80	1.0000000
NODE_6094_length_1029_cov_14.052688	458	538	0	48	80	0.6000000
NODE_6094_length_1029_cov_14.052688	458	538	2	32	80	0.4000000
NODE_6095_length_1029_cov_11.119355	291	369	4	1	78	0.0128205
NODE_6095_length_1029_cov_11.119355	291	369	6	16	78	0.2051282
NODE_6095_length_1029_cov_11.119355	291	369	8	61	78	0.7820513
NODE_6095_length_1029_cov_11.119355	342	422	2	34	80	0.4250000
NODE_6095_length_1029_cov_11.119355	342	422	4	1	80	0.0125000
NODE_6095_length_1029_cov_11.119355	342	422	6	35	80	0.4375000
NODE_6095_length_1029_cov_11.119355	342	422	8	10	80	0.1250000
NODE_6097_length_1029_cov_3.850538	231	311	0	80	80	1.0000000
NODE_6097_length_1029_cov_3.850538	284	364	0	80	80	1.0000000
NODE_6104_length_1028_cov_19.625404	495	575	0	20	80	0.2500000
NODE_6104_length_1028_cov_19.625404	495	575	4	60	80	0.7500000
NODE_6104_length_1028_cov_19.625404	548	628	0	30	80	0.3750000
NODE_6104_length_1028_cov_19.625404	548	628	4	50	80	0.6250000
NODE_6105_length_1028_cov_17.497309	533	613	0	80	80	1.0000000
NODE_6105_length_1028_cov_17.497309	586	666	0	80	80	1.0000000
NODE_6106_length_1028_cov_16.528525	497	577	4	80	80	1.0000000
NODE_6106_length_1028_cov_16.528525	550	630	0	3	80	0.0375000
NODE_6106_length_1028_cov_16.528525	550	630	4	77	80	0.9625000
NODE_6107_length_1028_cov_10.212056	463	543	0	53	80	0.6625000
NODE_6107_length_1028_cov_10.212056	463	543	2	27	80	0.3375000
NODE_6107_length_1028_cov_10.212056	516	596	2	80	80	1.0000000
NODE_6108_length_1028_cov_10.131324	399	479	0	1	80	0.0125000
NODE_6108_length_1028_cov_10.131324	399	479	2	79	80	0.9875000
NODE_6108_length_1028_cov_10.131324	452	532	0	47	80	0.5875000
NODE_6108_length_1028_cov_10.131324	452	532	2	33	80	0.4125000
NODE_6109_length_1028_cov_9.773950	482	562	0	80	80	1.0000000
NODE_6109_length_1028_cov_9.773950	535	615	0	44	80	0.5500000
NODE_6109_length_1028_cov_9.773950	535	615	2	36	80	0.4500000
NODE_6110_length_1028_cov_8.079656	399	479	0	33	80	0.4125000
NODE_6110_length_1028_cov_8.079656	399	479	2	47	80	0.5875000
NODE_6110_length_1028_cov_8.079656	452	532	2	80	80	1.0000000
NODE_6111_length_1028_cov_7.092573	439	519	0	15	80	0.1875000
NODE_6111_length_1028_cov_7.092573	439	519	5	65	80	0.8125000
NODE_6111_length_1028_cov_7.092573	492	572	5	33	80	0.4125000
NODE_6111_length_1028_cov_7.092573	492	572	7	8	80	0.1000000
NODE_6111_length_1028_cov_7.092573	492	572	8	39	80	0.4875000
NODE_6112_length_1028_cov_4.727664	416	488	2	72	72	1.0000000
NODE_6112_length_1028_cov_4.727664	461	541	0	37	80	0.4625000
NODE_6112_length_1028_cov_4.727664	461	541	2	43	80	0.5375000
NODE_6125_length_1027_cov_51.341595	399	479	0	80	80	1.0000000
NODE_6125_length_1027_cov_51.341595	452	532	0	80	80	1.0000000
NODE_6125_length_1027_cov_51.341595	528	608	0	24	80	0.3000000
NODE_6125_length_1027_cov_51.341595	528	608	5	27	80	0.3375000
NODE_6125_length_1027_cov_51.341595	528	608	7	3	80	0.0375000
NODE_6125_length_1027_cov_51.341595	528	608	10	1	80	0.0125000
NODE_6125_length_1027_cov_51.341595	528	608	11	1	80	0.0125000
NODE_6125_length_1027_cov_51.341595	528	608	12	7	80	0.0875000
NODE_6125_length_1027_cov_51.341595	528	608	14	2	80	0.0250000
NODE_6125_length_1027_cov_51.341595	528	608	16	1	80	0.0125000
NODE_6125_length_1027_cov_51.341595	528	608	18	14	80	0.1750000
NODE_6125_length_1027_cov_51.341595	581	661	7	1	80	0.0125000
NODE_6125_length_1027_cov_51.341595	581	661	10	1	80	0.0125000
NODE_6125_length_1027_cov_51.341595	581	661	11	1	80	0.0125000
NODE_6125_length_1027_cov_51.341595	581	661	12	7	80	0.0875000
NODE_6125_length_1027_cov_51.341595	581	661	14	2	80	0.0250000
NODE_6125_length_1027_cov_51.341595	581	661	16	7	80	0.0875000
NODE_6125_length_1027_cov_51.341595	581	661	18	61	80	0.7625000
NODE_6126_length_1027_cov_45.613147	347	427	4	8	80	0.1000000
NODE_6126_length_1027_cov_45.613147	347	427	6	72	80	0.9000000
NODE_6126_length_1027_cov_45.613147	400	480	0	1	80	0.0125000
NODE_6126_length_1027_cov_45.613147	400	480	1	15	80	0.1875000
NODE_6126_length_1027_cov_45.613147	400	480	3	27	80	0.3375000
NODE_6126_length_1027_cov_45.613147	400	480	5	6	80	0.0750000
NODE_6126_length_1027_cov_45.613147	400	480	6	31	80	0.3875000
NODE_6126_length_1027_cov_45.613147	476	556	0	2	80	0.0250000
NODE_6126_length_1027_cov_45.613147	476	556	1	3	80	0.0375000
NODE_6126_length_1027_cov_45.613147	476	556	2	3	80	0.0375000
NODE_6126_length_1027_cov_45.613147	476	556	6	15	80	0.1875000
NODE_6126_length_1027_cov_45.613147	476	556	10	19	80	0.2375000
NODE_6126_length_1027_cov_45.613147	476	556	11	19	80	0.2375000
NODE_6126_length_1027_cov_45.613147	476	556	12	19	80	0.2375000
NODE_6126_length_1027_cov_45.613147	529	609	2	14	80	0.1750000
NODE_6126_length_1027_cov_45.613147	529	609	5	13	80	0.1625000
NODE_6126_length_1027_cov_45.613147	529	609	9	8	80	0.1000000
NODE_6126_length_1027_cov_45.613147	529	609	11	37	80	0.4625000
NODE_6126_length_1027_cov_45.613147	529	609	12	8	80	0.1000000
NODE_6127_length_1027_cov_35.435345	431	511	3	14	80	0.1750000
NODE_6127_length_1027_cov_35.435345	431	511	5	24	80	0.3000000
NODE_6127_length_1027_cov_35.435345	431	511	6	2	80	0.0250000
NODE_6127_length_1027_cov_35.435345	431	511	7	19	80	0.2375000
NODE_6127_length_1027_cov_35.435345	431	511	8	3	80	0.0375000
NODE_6127_length_1027_cov_35.435345	431	511	9	18	80	0.2250000
NODE_6127_length_1027_cov_35.435345	484	564	2	17	80	0.2125000
NODE_6127_length_1027_cov_35.435345	484	564	4	24	80	0.3000000
NODE_6127_length_1027_cov_35.435345	484	564	6	14	80	0.1750000
NODE_6127_length_1027_cov_35.435345	484	564	7	4	80	0.0500000
NODE_6127_length_1027_cov_35.435345	484	564	8	3	80	0.0375000
NODE_6127_length_1027_cov_35.435345	484	564	9	18	80	0.2250000
NODE_6135_length_1026_cov_39.737864	374	454	0	80	80	1.0000000
NODE_6135_length_1026_cov_39.737864	427	509	0	82	82	1.0000000
NODE_6135_length_1026_cov_39.737864	505	585	0	80	80	1.0000000
NODE_6135_length_1026_cov_39.737864	558	638	0	80	80	1.0000000
NODE_6136_length_1026_cov_26.400216	423	503	4	6	80	0.0750000
NODE_6136_length_1026_cov_26.400216	423	503	6	4	80	0.0500000
NODE_6136_length_1026_cov_26.400216	423	503	8	18	80	0.2250000
NODE_6136_length_1026_cov_26.400216	423	503	10	52	80	0.6500000
NODE_6136_length_1026_cov_26.400216	476	556	6	57	80	0.7125000
NODE_6136_length_1026_cov_26.400216	476	556	8	18	80	0.2250000
NODE_6136_length_1026_cov_26.400216	476	556	10	5	80	0.0625000
NODE_6137_length_1026_cov_25.325782	477	557	0	80	80	1.0000000
NODE_6137_length_1026_cov_25.325782	530	610	0	80	80	1.0000000
NODE_6137_length_1026_cov_25.325782	606	686	0	80	80	1.0000000
NODE_6137_length_1026_cov_25.325782	659	739	0	80	80	1.0000000
NODE_6138_length_1026_cov_22.218986	408	488	0	17	80	0.2125000
NODE_6138_length_1026_cov_22.218986	408	488	2	63	80	0.7875000
NODE_6138_length_1026_cov_22.218986	461	541	0	70	80	0.8750000
NODE_6138_length_1026_cov_22.218986	461	541	2	10	80	0.1250000
NODE_6138_length_1026_cov_22.218986	537	617	0	80	80	1.0000000
NODE_6138_length_1026_cov_22.218986	590	670	0	80	80	1.0000000
NODE_6139_length_1026_cov_15.640777	450	530	0	8	80	0.1000000
NODE_6139_length_1026_cov_15.640777	450	530	2	72	80	0.9000000
NODE_6139_length_1026_cov_15.640777	503	583	0	11	80	0.1375000
NODE_6139_length_1026_cov_15.640777	503	583	2	69	80	0.8625000
NODE_6140_length_1026_cov_12.062567	165	245	2	52	80	0.6500000
NODE_6140_length_1026_cov_12.062567	165	245	4	28	80	0.3500000
NODE_6140_length_1026_cov_12.062567	218	298	0	13	80	0.1625000
NODE_6140_length_1026_cov_12.062567	218	298	2	51	80	0.6375000
NODE_6140_length_1026_cov_12.062567	218	298	4	16	80	0.2000000
NODE_6142_length_1026_cov_5.002157	335	415	0	80	80	1.0000000
NODE_6142_length_1026_cov_5.002157	388	468	0	80	80	1.0000000
NODE_6155_length_1025_cov_52.053996	366	446	10	65	80	0.8125000
NODE_6155_length_1025_cov_52.053996	366	446	12	15	80	0.1875000
NODE_6155_length_1025_cov_52.053996	419	499	2	23	80	0.2875000
NODE_6155_length_1025_cov_52.053996	419	499	6	24	80	0.3000000
NODE_6155_length_1025_cov_52.053996	419	499	10	12	80	0.1500000
NODE_6155_length_1025_cov_52.053996	419	499	12	21	80	0.2625000
NODE_6155_length_1025_cov_52.053996	495	575	6	23	80	0.2875000
NODE_6155_length_1025_cov_52.053996	495	575	8	13	80	0.1625000
NODE_6155_length_1025_cov_52.053996	495	575	18	2	80	0.0250000
NODE_6155_length_1025_cov_52.053996	495	575	22	18	80	0.2250000
NODE_6155_length_1025_cov_52.053996	495	575	24	8	80	0.1000000
NODE_6155_length_1025_cov_52.053996	495	575	28	16	80	0.2000000
NODE_6155_length_1025_cov_52.053996	548	628	18	23	80	0.2875000
NODE_6155_length_1025_cov_52.053996	548	628	22	11	80	0.1375000
NODE_6155_length_1025_cov_52.053996	548	628	24	8	80	0.1000000
NODE_6155_length_1025_cov_52.053996	548	628	26	9	80	0.1125000
NODE_6155_length_1025_cov_52.053996	548	628	28	29	80	0.3625000
NODE_6156_length_1025_cov_35.980562	318	375	2	57	57	1.0000000
NODE_6156_length_1025_cov_35.980562	348	428	2	80	80	1.0000000
NODE_6156_length_1025_cov_35.980562	425	482	0	53	57	0.9298246
NODE_6156_length_1025_cov_35.980562	425	482	2	4	57	0.0701754
NODE_6156_length_1025_cov_35.980562	455	521	0	66	66	1.0000000
NODE_6157_length_1025_cov_26.954644	607	687	3	8	80	0.1000000
NODE_6157_length_1025_cov_26.954644	607	687	4	35	80	0.4375000
NODE_6157_length_1025_cov_26.954644	607	687	6	4	80	0.0500000
NODE_6157_length_1025_cov_26.954644	607	687	8	12	80	0.1500000
NODE_6157_length_1025_cov_26.954644	607	687	9	8	80	0.1000000
NODE_6157_length_1025_cov_26.954644	607	687	10	13	80	0.1625000
NODE_6157_length_1025_cov_26.954644	660	740	5	1	80	0.0125000
NODE_6157_length_1025_cov_26.954644	660	740	6	15	80	0.1875000
NODE_6157_length_1025_cov_26.954644	660	740	8	17	80	0.2125000
NODE_6157_length_1025_cov_26.954644	660	740	9	8	80	0.1000000
NODE_6157_length_1025_cov_26.954644	660	740	10	39	80	0.4875000
NODE_6158_length_1025_cov_20.576674	428	508	2	9	80	0.1125000
NODE_6158_length_1025_cov_20.576674	428	508	4	19	80	0.2375000
NODE_6158_length_1025_cov_20.576674	428	508	6	52	80	0.6500000
NODE_6158_length_1025_cov_20.576674	481	561	0	52	80	0.6500000
NODE_6158_length_1025_cov_20.576674	481	561	2	10	80	0.1250000
NODE_6158_length_1025_cov_20.576674	481	561	4	18	80	0.2250000
NODE_6159_length_1025_cov_15.525918	415	495	0	4	80	0.0500000
NODE_6159_length_1025_cov_15.525918	415	495	2	76	80	0.9500000
NODE_6159_length_1025_cov_15.525918	468	548	0	47	80	0.5875000
NODE_6159_length_1025_cov_15.525918	468	548	2	33	80	0.4125000
NODE_6160_length_1025_cov_7.044276	240	320	0	69	80	0.8625000
NODE_6160_length_1025_cov_7.044276	240	320	2	11	80	0.1375000
NODE_6161_length_1025_cov_6.688985	334	414	0	80	80	1.0000000
NODE_6161_length_1025_cov_6.688985	387	467	0	80	80	1.0000000
NODE_6170_length_1024_cov_28.681081	264	344	10	4	80	0.0500000
NODE_6170_length_1024_cov_28.681081	264	344	12	76	80	0.9500000
NODE_6170_length_1024_cov_28.681081	317	397	0	27	80	0.3375000
NODE_6170_length_1024_cov_28.681081	317	397	2	4	80	0.0500000
NODE_6170_length_1024_cov_28.681081	317	397	9	1	80	0.0125000
NODE_6170_length_1024_cov_28.681081	317	397	10	25	80	0.3125000
NODE_6170_length_1024_cov_28.681081	317	397	12	23	80	0.2875000
NODE_6170_length_1024_cov_28.681081	393	477	2	40	84	0.4761905
NODE_6170_length_1024_cov_28.681081	393	477	4	44	84	0.5238096
NODE_6171_length_1024_cov_17.922162	324	404	6	80	80	1.0000000
NODE_6171_length_1024_cov_17.922162	377	457	0	23	80	0.2875000
NODE_6171_length_1024_cov_17.922162	377	457	6	57	80	0.7125000
NODE_6173_length_1024_cov_12.018378	368	448	2	2	80	0.0250000
NODE_6173_length_1024_cov_12.018378	368	448	4	56	80	0.7000000
NODE_6173_length_1024_cov_12.018378	368	448	6	22	80	0.2750000
NODE_6173_length_1024_cov_12.018378	421	501	2	55	80	0.6875000
NODE_6173_length_1024_cov_12.018378	421	501	4	3	80	0.0375000
NODE_6173_length_1024_cov_12.018378	421	501	6	22	80	0.2750000
NODE_6174_length_1024_cov_8.800000	517	597	0	80	80	1.0000000
NODE_6174_length_1024_cov_8.800000	570	650	0	80	80	1.0000000
NODE_6175_length_1024_cov_6.207568	318	398	0	18	80	0.2250000
NODE_6175_length_1024_cov_6.207568	318	398	2	62	80	0.7750000
NODE_6175_length_1024_cov_6.207568	371	451	0	36	80	0.4500000
NODE_6175_length_1024_cov_6.207568	371	451	2	44	80	0.5500000
NODE_6178_length_1024_cov_2.468108	274	324	0	50	50	1.0000000
NODE_6178_length_1024_cov_2.468108	274	322	0	48	48	1.0000000
NODE_6178_length_1024_cov_2.468108	274	324	0	50	50	1.0000000
NODE_6178_length_1024_cov_2.468108	274	323	0	49	49	1.0000000
NODE_6178_length_1024_cov_2.468108	274	322	0	48	48	1.0000000
NODE_6185_length_1023_cov_100.366883	441	521	0	4	80	0.0500000
NODE_6185_length_1023_cov_100.366883	441	521	4	4	80	0.0500000
NODE_6185_length_1023_cov_100.366883	441	521	6	11	80	0.1375000
NODE_6185_length_1023_cov_100.366883	441	521	10	7	80	0.0875000
NODE_6185_length_1023_cov_100.366883	441	521	12	23	80	0.2875000
NODE_6185_length_1023_cov_100.366883	441	521	14	31	80	0.3875000
NODE_6185_length_1023_cov_100.366883	494	574	0	12	80	0.1500000
NODE_6185_length_1023_cov_100.366883	494	574	1	45	80	0.5625000
NODE_6185_length_1023_cov_100.366883	494	574	4	4	80	0.0500000
NODE_6185_length_1023_cov_100.366883	494	574	6	11	80	0.1375000
NODE_6185_length_1023_cov_100.366883	494	574	10	7	80	0.0875000
NODE_6185_length_1023_cov_100.366883	494	574	12	1	80	0.0125000
NODE_6186_length_1023_cov_64.271645	349	429	0	1	80	0.0125000
NODE_6186_length_1023_cov_64.271645	349	429	39	39	80	0.4875000
NODE_6186_length_1023_cov_64.271645	349	429	40	40	80	0.5000000
NODE_6186_length_1023_cov_64.271645	402	482	0	8	80	0.1000000
NODE_6186_length_1023_cov_64.271645	402	482	39	72	80	0.9000000
NODE_6186_length_1023_cov_64.271645	478	558	0	32	80	0.4000000
NODE_6186_length_1023_cov_64.271645	478	558	3	17	80	0.2125000
NODE_6186_length_1023_cov_64.271645	478	558	5	2	80	0.0250000
NODE_6186_length_1023_cov_64.271645	478	558	7	29	80	0.3625000
NODE_6186_length_1023_cov_64.271645	531	611	7	56	80	0.7000000
NODE_6186_length_1023_cov_64.271645	531	611	9	24	80	0.3000000
NODE_6187_length_1023_cov_32.695887	318	398	0	80	80	1.0000000
NODE_6187_length_1023_cov_32.695887	371	451	0	80	80	1.0000000
NODE_6187_length_1023_cov_32.695887	447	527	0	6	80	0.0750000
NODE_6187_length_1023_cov_32.695887	447	527	2	4	80	0.0500000
NODE_6187_length_1023_cov_32.695887	447	527	4	70	80	0.8750000
NODE_6187_length_1023_cov_32.695887	500	580	0	33	80	0.4125000
NODE_6187_length_1023_cov_32.695887	500	580	2	19	80	0.2375000
NODE_6187_length_1023_cov_32.695887	500	580	4	28	80	0.3500000
NODE_6188_length_1023_cov_16.244589	601	681	0	40	80	0.5000000
NODE_6188_length_1023_cov_16.244589	601	681	2	40	80	0.5000000
NODE_6188_length_1023_cov_16.244589	654	734	2	80	80	1.0000000
NODE_6189_length_1023_cov_15.876623	371	451	0	80	80	1.0000000
NODE_6189_length_1023_cov_15.876623	424	504	0	80	80	1.0000000
NODE_6189_length_1023_cov_15.876623	500	580	0	17	80	0.2125000
NODE_6189_length_1023_cov_15.876623	500	580	2	63	80	0.7875000
NODE_6189_length_1023_cov_15.876623	553	633	2	80	80	1.0000000
NODE_6190_length_1023_cov_14.678571	555	635	0	12	80	0.1500000
NODE_6190_length_1023_cov_14.678571	555	635	2	19	80	0.2375000
NODE_6190_length_1023_cov_14.678571	555	635	8	49	80	0.6125000
NODE_6190_length_1023_cov_14.678571	608	688	0	8	80	0.1000000
NODE_6190_length_1023_cov_14.678571	608	688	6	31	80	0.3875000
NODE_6190_length_1023_cov_14.678571	608	688	8	41	80	0.5125000
NODE_6191_length_1023_cov_14.443723	406	486	0	80	80	1.0000000
NODE_6191_length_1023_cov_14.443723	459	539	0	80	80	1.0000000
NODE_6192_length_1023_cov_10.984848	590	670	0	80	80	1.0000000
NODE_6192_length_1023_cov_10.984848	643	723	0	80	80	1.0000000
NODE_6202_length_1022_cov_42.952329	555	636	2	81	81	1.0000000
NODE_6202_length_1022_cov_42.952329	609	689	0	36	80	0.4500000
NODE_6202_length_1022_cov_42.952329	609	689	2	44	80	0.5500000
NODE_6202_length_1022_cov_42.952329	685	765	0	80	80	1.0000000
NODE_6202_length_1022_cov_42.952329	738	818	0	80	80	1.0000000
NODE_6203_length_1022_cov_29.949079	510	590	0	50	80	0.6250000
NODE_6203_length_1022_cov_29.949079	510	590	4	30	80	0.3750000
NODE_6203_length_1022_cov_29.949079	563	643	4	80	80	1.0000000
NODE_6204_length_1022_cov_7.672806	461	541	0	8	80	0.1000000
NODE_6204_length_1022_cov_7.672806	461	541	2	72	80	0.9000000
NODE_6204_length_1022_cov_7.672806	514	594	0	31	80	0.3875000
NODE_6204_length_1022_cov_7.672806	514	594	2	49	80	0.6125000
NODE_6213_length_1021_cov_47.379610	341	421	4	80	80	1.0000000
NODE_6213_length_1021_cov_47.379610	394	474	0	37	80	0.4625000
NODE_6213_length_1021_cov_47.379610	394	474	2	11	80	0.1375000
NODE_6213_length_1021_cov_47.379610	394	474	4	32	80	0.4000000
NODE_6213_length_1021_cov_47.379610	470	550	0	64	80	0.8000000
NODE_6213_length_1021_cov_47.379610	470	550	2	2	80	0.0250000
NODE_6213_length_1021_cov_47.379610	470	550	4	14	80	0.1750000
NODE_6213_length_1021_cov_47.379610	523	603	0	11	80	0.1375000
NODE_6213_length_1021_cov_47.379610	523	603	2	2	80	0.0250000
NODE_6213_length_1021_cov_47.379610	523	603	4	34	80	0.4250000
NODE_6213_length_1021_cov_47.379610	523	603	6	33	80	0.4125000
NODE_6214_length_1021_cov_33.255965	588	668	0	80	80	1.0000000
NODE_6214_length_1021_cov_33.255965	641	721	0	80	80	1.0000000
NODE_6227_length_1020_cov_24.565689	485	565	0	80	80	1.0000000
NODE_6227_length_1020_cov_24.565689	538	618	0	80	80	1.0000000
NODE_6228_length_1020_cov_20.825190	395	475	0	80	80	1.0000000
NODE_6228_length_1020_cov_20.825190	448	528	0	80	80	1.0000000
NODE_6229_length_1020_cov_20.305103	285	365	0	31	80	0.3875000
NODE_6229_length_1020_cov_20.305103	285	365	2	49	80	0.6125000
NODE_6229_length_1020_cov_20.305103	338	418	0	80	80	1.0000000
NODE_6229_length_1020_cov_20.305103	414	494	0	80	80	1.0000000
NODE_6229_length_1020_cov_20.305103	467	548	0	81	81	1.0000000
NODE_6230_length_1020_cov_17.919653	408	488	0	80	80	1.0000000
NODE_6230_length_1020_cov_17.919653	461	541	0	80	80	1.0000000
NODE_6231_length_1020_cov_13.972856	436	516	0	27	80	0.3375000
NODE_6231_length_1020_cov_13.972856	436	516	4	30	80	0.3750000
NODE_6231_length_1020_cov_13.972856	436	516	6	23	80	0.2875000
NODE_6231_length_1020_cov_13.972856	489	569	4	4	80	0.0500000
NODE_6231_length_1020_cov_13.972856	489	569	6	76	80	0.9500000
NODE_6232_length_1020_cov_10.472313	407	487	0	46	80	0.5750000
NODE_6232_length_1020_cov_10.472313	407	487	4	21	80	0.2625000
NODE_6232_length_1020_cov_10.472313	407	487	6	13	80	0.1625000
NODE_6232_length_1020_cov_10.472313	460	540	4	14	80	0.1750000
NODE_6232_length_1020_cov_10.472313	460	540	6	66	80	0.8250000
NODE_6235_length_1020_cov_3.707926	821	901	4	80	80	1.0000000
NODE_6235_length_1020_cov_3.707926	874	954	0	53	80	0.6625000
NODE_6235_length_1020_cov_3.707926	874	954	4	27	80	0.3375000
NODE_6238_length_1020_cov_2.648208	0	70	0	70	70	1.0000000
NODE_6238_length_1020_cov_2.648208	43	88	0	45	45	1.0000000
NODE_6248_length_1019_cov_30.164130	476	556	0	80	80	1.0000000
NODE_6248_length_1019_cov_30.164130	529	609	0	80	80	1.0000000
NODE_6248_length_1019_cov_30.164130	605	685	0	80	80	1.0000000
NODE_6248_length_1019_cov_30.164130	658	738	0	80	80	1.0000000
NODE_6249_length_1019_cov_22.845652	343	423	0	36	80	0.4500000
NODE_6249_length_1019_cov_22.845652	343	423	2	1	80	0.0125000
NODE_6249_length_1019_cov_22.845652	343	423	3	1	80	0.0125000
NODE_6249_length_1019_cov_22.845652	343	423	6	4	80	0.0500000
NODE_6249_length_1019_cov_22.845652	343	423	8	22	80	0.2750000
NODE_6249_length_1019_cov_22.845652	343	423	14	16	80	0.2000000
NODE_6249_length_1019_cov_22.845652	396	476	8	11	80	0.1375000
NODE_6249_length_1019_cov_22.845652	396	476	14	69	80	0.8625000
NODE_6249_length_1019_cov_22.845652	472	552	0	21	80	0.2625000
NODE_6249_length_1019_cov_22.845652	472	552	3	2	80	0.0250000
NODE_6249_length_1019_cov_22.845652	472	552	5	1	80	0.0125000
NODE_6249_length_1019_cov_22.845652	472	552	6	8	80	0.1000000
NODE_6249_length_1019_cov_22.845652	472	552	12	35	80	0.4375000
NODE_6249_length_1019_cov_22.845652	472	552	14	13	80	0.1625000
NODE_6249_length_1019_cov_22.845652	525	605	0	74	80	0.9250000
NODE_6249_length_1019_cov_22.845652	525	605	3	2	80	0.0250000
NODE_6249_length_1019_cov_22.845652	525	605	5	1	80	0.0125000
NODE_6249_length_1019_cov_22.845652	525	605	6	3	80	0.0375000
NODE_6250_length_1019_cov_8.098913	523	601	0	20	78	0.2564103
NODE_6250_length_1019_cov_8.098913	523	601	2	13	78	0.1666667
NODE_6250_length_1019_cov_8.098913	523	601	4	45	78	0.5769231
NODE_6250_length_1019_cov_8.098913	574	654	2	21	80	0.2625000
NODE_6250_length_1019_cov_8.098913	574	654	4	59	80	0.7375000
NODE_6251_length_1019_cov_7.896739	423	503	0	80	80	1.0000000
NODE_6251_length_1019_cov_7.896739	476	556	0	80	80	1.0000000
NODE_6252_length_1019_cov_4.597826	625	696	4	3	71	0.0422535
NODE_6252_length_1019_cov_4.597826	625	696	6	68	71	0.9577465
NODE_6263_length_1019_cov_1.139130	89	165	4	15	76	0.1973684
NODE_6263_length_1019_cov_1.139130	89	165	6	12	76	0.1578947
NODE_6263_length_1019_cov_1.139130	89	165	8	49	76	0.6447368
NODE_6265_length_1018_cov_33.494015	212	292	5	4	80	0.0500000
NODE_6265_length_1018_cov_33.494015	212	292	6	42	80	0.5250000
NODE_6265_length_1018_cov_33.494015	212	292	8	17	80	0.2125000
NODE_6265_length_1018_cov_33.494015	212	292	10	17	80	0.2125000
NODE_6265_length_1018_cov_33.494015	265	345	2	15	80	0.1875000
NODE_6265_length_1018_cov_33.494015	265	345	4	15	80	0.1875000
NODE_6265_length_1018_cov_33.494015	265	345	5	27	80	0.3375000
NODE_6265_length_1018_cov_33.494015	265	345	6	4	80	0.0500000
NODE_6265_length_1018_cov_33.494015	265	345	8	2	80	0.0250000
NODE_6265_length_1018_cov_33.494015	265	345	10	17	80	0.2125000
NODE_6266_length_1018_cov_22.776931	372	452	8	24	80	0.3000000
NODE_6266_length_1018_cov_22.776931	372	452	10	8	80	0.1000000
NODE_6266_length_1018_cov_22.776931	372	452	12	2	80	0.0250000
NODE_6266_length_1018_cov_22.776931	372	452	18	21	80	0.2625000
NODE_6266_length_1018_cov_22.776931	372	452	20	25	80	0.3125000
NODE_6266_length_1018_cov_22.776931	425	505	12	17	80	0.2125000
NODE_6266_length_1018_cov_22.776931	425	505	18	57	80	0.7125000
NODE_6266_length_1018_cov_22.776931	425	505	20	6	80	0.0750000
NODE_6268_length_1018_cov_8.486398	404	484	0	80	80	1.0000000
NODE_6268_length_1018_cov_8.486398	457	537	0	80	80	1.0000000
NODE_6270_length_1018_cov_7.737758	357	437	0	80	80	1.0000000
NODE_6270_length_1018_cov_7.737758	410	490	0	80	80	1.0000000
NODE_6286_length_1017_cov_207.523965	0	41	71	1	41	0.0243902
NODE_6286_length_1017_cov_207.523965	0	41	73	1	41	0.0243902
NODE_6286_length_1017_cov_207.523965	0	41	75	1	41	0.0243902
NODE_6286_length_1017_cov_207.523965	0	41	78	1	41	0.0243902
NODE_6286_length_1017_cov_207.523965	0	41	86	1	41	0.0243902
NODE_6286_length_1017_cov_207.523965	0	41	91	1	41	0.0243902
NODE_6286_length_1017_cov_207.523965	0	41	94	3	41	0.0731707
NODE_6286_length_1017_cov_207.523965	0	41	96	1	41	0.0243902
NODE_6286_length_1017_cov_207.523965	0	41	99	1	41	0.0243902
NODE_6286_length_1017_cov_207.523965	0	41	106	1	41	0.0243902
NODE_6286_length_1017_cov_207.523965	0	41	108	2	41	0.0487805
NODE_6286_length_1017_cov_207.523965	0	41	115	1	41	0.0243902
NODE_6286_length_1017_cov_207.523965	0	41	117	3	41	0.0731707
NODE_6286_length_1017_cov_207.523965	0	41	119	1	41	0.0243902
NODE_6286_length_1017_cov_207.523965	0	41	121	1	41	0.0243902
NODE_6286_length_1017_cov_207.523965	0	41	127	1	41	0.0243902
NODE_6286_length_1017_cov_207.523965	0	41	128	1	41	0.0243902
NODE_6286_length_1017_cov_207.523965	0	41	130	2	41	0.0487805
NODE_6286_length_1017_cov_207.523965	0	41	134	1	41	0.0243902
NODE_6286_length_1017_cov_207.523965	0	41	136	1	41	0.0243902
NODE_6286_length_1017_cov_207.523965	0	41	138	1	41	0.0243902
NODE_6286_length_1017_cov_207.523965	0	41	140	1	41	0.0243902
NODE_6286_length_1017_cov_207.523965	0	41	141	1	41	0.0243902
NODE_6286_length_1017_cov_207.523965	0	41	147	4	41	0.0975610
NODE_6286_length_1017_cov_207.523965	0	41	148	1	41	0.0243902
NODE_6286_length_1017_cov_207.523965	0	41	153	1	41	0.0243902
NODE_6286_length_1017_cov_207.523965	0	41	154	1	41	0.0243902
NODE_6286_length_1017_cov_207.523965	0	41	156	1	41	0.0243902
NODE_6286_length_1017_cov_207.523965	0	41	158	4	41	0.0975610
NODE_6286_length_1017_cov_207.523965	14	94	115	1	80	0.0125000
NODE_6286_length_1017_cov_207.523965	14	94	117	3	80	0.0375000
NODE_6286_length_1017_cov_207.523965	14	94	119	1	80	0.0125000
NODE_6286_length_1017_cov_207.523965	14	94	121	1	80	0.0125000
NODE_6286_length_1017_cov_207.523965	14	94	127	1	80	0.0125000
NODE_6286_length_1017_cov_207.523965	14	94	128	1	80	0.0125000
NODE_6286_length_1017_cov_207.523965	14	94	130	2	80	0.0250000
NODE_6286_length_1017_cov_207.523965	14	94	134	1	80	0.0125000
NODE_6286_length_1017_cov_207.523965	14	94	136	1	80	0.0125000
NODE_6286_length_1017_cov_207.523965	14	94	138	1	80	0.0125000
NODE_6286_length_1017_cov_207.523965	14	94	140	1	80	0.0125000
NODE_6286_length_1017_cov_207.523965	14	94	141	1	80	0.0125000
NODE_6286_length_1017_cov_207.523965	14	94	147	4	80	0.0500000
NODE_6286_length_1017_cov_207.523965	14	94	148	1	80	0.0125000
NODE_6286_length_1017_cov_207.523965	14	94	153	1	80	0.0125000
NODE_6286_length_1017_cov_207.523965	14	94	154	1	80	0.0125000
NODE_6286_length_1017_cov_207.523965	14	94	156	1	80	0.0125000
NODE_6286_length_1017_cov_207.523965	14	94	158	5	80	0.0625000
NODE_6286_length_1017_cov_207.523965	14	94	159	2	80	0.0250000
NODE_6286_length_1017_cov_207.523965	14	94	163	1	80	0.0125000
NODE_6286_length_1017_cov_207.523965	14	94	165	1	80	0.0125000
NODE_6286_length_1017_cov_207.523965	14	94	166	3	80	0.0375000
NODE_6286_length_1017_cov_207.523965	14	94	168	1	80	0.0125000
NODE_6286_length_1017_cov_207.523965	14	94	169	6	80	0.0750000
NODE_6286_length_1017_cov_207.523965	14	94	173	1	80	0.0125000
NODE_6286_length_1017_cov_207.523965	14	94	175	3	80	0.0375000
NODE_6286_length_1017_cov_207.523965	14	94	176	13	80	0.1625000
NODE_6286_length_1017_cov_207.523965	14	94	177	16	80	0.2000000
NODE_6286_length_1017_cov_207.523965	14	94	179	5	80	0.0625000
NODE_6287_length_1017_cov_18.824619	490	570	6	17	80	0.2125000
NODE_6287_length_1017_cov_18.824619	490	570	8	13	80	0.1625000
NODE_6287_length_1017_cov_18.824619	490	570	10	50	80	0.6250000
NODE_6287_length_1017_cov_18.824619	543	623	0	13	80	0.1625000
NODE_6287_length_1017_cov_18.824619	543	623	2	14	80	0.1750000
NODE_6287_length_1017_cov_18.824619	543	623	5	1	80	0.0125000
NODE_6287_length_1017_cov_18.824619	543	623	6	42	80	0.5250000
NODE_6287_length_1017_cov_18.824619	543	623	10	10	80	0.1250000
NODE_6288_length_1017_cov_14.794118	428	508	2	19	80	0.2375000
NODE_6288_length_1017_cov_14.794118	428	508	8	61	80	0.7625000
NODE_6288_length_1017_cov_14.794118	481	561	6	14	80	0.1750000
NODE_6288_length_1017_cov_14.794118	481	561	7	14	80	0.1750000
NODE_6288_length_1017_cov_14.794118	481	561	8	52	80	0.6500000
NODE_6288_length_1017_cov_14.794118	557	637	2	18	80	0.2250000
NODE_6288_length_1017_cov_14.794118	557	637	4	52	80	0.6500000
NODE_6288_length_1017_cov_14.794118	557	637	8	10	80	0.1250000
NODE_6288_length_1017_cov_14.794118	610	690	3	10	80	0.1250000
NODE_6288_length_1017_cov_14.794118	610	690	4	70	80	0.8750000
NODE_6297_length_1016_cov_22.267176	577	657	4	80	80	1.0000000
NODE_6297_length_1016_cov_22.267176	630	710	0	45	80	0.5625000
NODE_6297_length_1016_cov_22.267176	630	710	4	35	80	0.4375000
NODE_6298_length_1016_cov_21.134133	625	705	4	80	80	1.0000000
NODE_6298_length_1016_cov_21.134133	678	758	1	1	80	0.0125000
NODE_6298_length_1016_cov_21.134133	678	758	2	37	80	0.4625000
NODE_6298_length_1016_cov_21.134133	678	758	4	42	80	0.5250000
NODE_6299_length_1016_cov_20.392585	504	584	0	80	80	1.0000000
NODE_6299_length_1016_cov_20.392585	557	637	0	80	80	1.0000000
NODE_6299_length_1016_cov_20.392585	633	713	0	80	80	1.0000000
NODE_6299_length_1016_cov_20.392585	686	766	0	80	80	1.0000000
NODE_6300_length_1016_cov_16.917121	524	604	0	2	80	0.0250000
NODE_6300_length_1016_cov_16.917121	524	604	2	78	80	0.9750000
NODE_6300_length_1016_cov_16.917121	577	657	0	45	80	0.5625000
NODE_6300_length_1016_cov_16.917121	577	657	2	35	80	0.4375000
NODE_6301_length_1016_cov_8.243184	438	518	0	80	80	1.0000000
NODE_6301_length_1016_cov_8.243184	491	571	0	80	80	1.0000000
NODE_6301_length_1016_cov_8.243184	567	647	0	27	80	0.3375000
NODE_6301_length_1016_cov_8.243184	567	647	4	5	80	0.0625000
NODE_6301_length_1016_cov_8.243184	567	647	8	48	80	0.6000000
NODE_6301_length_1016_cov_8.243184	620	700	8	80	80	1.0000000
NODE_6302_length_1016_cov_8.141767	166	256	8	1	90	0.0111111
NODE_6302_length_1016_cov_8.141767	166	256	10	12	90	0.1333333
NODE_6302_length_1016_cov_8.141767	166	256	14	5	90	0.0555556
NODE_6302_length_1016_cov_8.141767	166	256	16	2	90	0.0222222
NODE_6302_length_1016_cov_8.141767	166	256	20	5	90	0.0555556
NODE_6302_length_1016_cov_8.141767	166	256	24	29	90	0.3222222
NODE_6302_length_1016_cov_8.141767	166	256	25	5	90	0.0555556
NODE_6302_length_1016_cov_8.141767	166	256	26	31	90	0.3444445
NODE_6303_length_1016_cov_7.466739	576	656	0	9	80	0.1125000
NODE_6303_length_1016_cov_7.466739	576	656	4	71	80	0.8875000
NODE_6303_length_1016_cov_7.466739	629	709	0	6	80	0.0750000
NODE_6303_length_1016_cov_7.466739	629	709	4	74	80	0.9250000
NODE_6318_length_1015_cov_24.680131	459	539	4	15	80	0.1875000
NODE_6318_length_1015_cov_24.680131	459	539	6	9	80	0.1125000
NODE_6318_length_1015_cov_24.680131	459	539	8	56	80	0.7000000
NODE_6318_length_1015_cov_24.680131	512	592	4	11	80	0.1375000
NODE_6318_length_1015_cov_24.680131	512	592	6	37	80	0.4625000
NODE_6318_length_1015_cov_24.680131	512	592	8	32	80	0.4000000
NODE_6318_length_1015_cov_24.680131	588	668	4	14	80	0.1750000
NODE_6318_length_1015_cov_24.680131	588	668	6	21	80	0.2625000
NODE_6318_length_1015_cov_24.680131	588	668	10	35	80	0.4375000
NODE_6318_length_1015_cov_24.680131	588	668	11	1	80	0.0125000
NODE_6318_length_1015_cov_24.680131	588	668	12	8	80	0.1000000
NODE_6318_length_1015_cov_24.680131	588	668	14	1	80	0.0125000
NODE_6318_length_1015_cov_24.680131	641	721	10	56	80	0.7000000
NODE_6318_length_1015_cov_24.680131	641	721	12	24	80	0.3000000
NODE_6319_length_1015_cov_23.198690	407	487	0	35	80	0.4375000
NODE_6319_length_1015_cov_23.198690	407	487	2	45	80	0.5625000
NODE_6319_length_1015_cov_23.198690	460	540	0	80	80	1.0000000
NODE_6319_length_1015_cov_23.198690	536	616	0	80	80	1.0000000
NODE_6319_length_1015_cov_23.198690	589	669	0	80	80	1.0000000
NODE_6320_length_1015_cov_22.544760	490	570	2	38	80	0.4750000
NODE_6320_length_1015_cov_22.544760	490	570	7	3	80	0.0375000
NODE_6320_length_1015_cov_22.544760	490	570	9	39	80	0.4875000
NODE_6320_length_1015_cov_22.544760	543	623	7	44	80	0.5500000
NODE_6320_length_1015_cov_22.544760	543	623	8	12	80	0.1500000
NODE_6320_length_1015_cov_22.544760	543	623	9	24	80	0.3000000
NODE_6321_length_1015_cov_17.994541	510	590	5	64	80	0.8000000
NODE_6321_length_1015_cov_17.994541	510	590	13	16	80	0.2000000
NODE_6321_length_1015_cov_17.994541	563	643	5	11	80	0.1375000
NODE_6321_length_1015_cov_17.994541	563	643	8	24	80	0.3000000
NODE_6321_length_1015_cov_17.994541	563	643	9	9	80	0.1125000
NODE_6321_length_1015_cov_17.994541	563	643	11	9	80	0.1125000
NODE_6321_length_1015_cov_17.994541	563	643	13	27	80	0.3375000
NODE_6322_length_1015_cov_16.594978	437	517	2	16	80	0.2000000
NODE_6322_length_1015_cov_16.594978	437	517	12	64	80	0.8000000
NODE_6322_length_1015_cov_16.594978	490	570	10	52	80	0.6500000
NODE_6322_length_1015_cov_16.594978	490	570	12	28	80	0.3500000
NODE_6323_length_1015_cov_14.000000	505	585	0	80	80	1.0000000
NODE_6323_length_1015_cov_14.000000	558	638	0	80	80	1.0000000
NODE_6324_length_1015_cov_9.978166	345	425	2	25	80	0.3125000
NODE_6324_length_1015_cov_9.978166	345	425	4	41	80	0.5125000
NODE_6324_length_1015_cov_9.978166	345	425	6	14	80	0.1750000
NODE_6324_length_1015_cov_9.978166	398	478	0	14	80	0.1750000
NODE_6324_length_1015_cov_9.978166	398	478	4	66	80	0.8250000
NODE_6325_length_1015_cov_6.844978	393	473	2	26	80	0.3250000
NODE_6325_length_1015_cov_6.844978	393	473	3	3	80	0.0375000
NODE_6325_length_1015_cov_6.844978	393	473	4	51	80	0.6375000
NODE_6325_length_1015_cov_6.844978	446	526	0	38	80	0.4750000
NODE_6325_length_1015_cov_6.844978	446	526	2	41	80	0.5125000
NODE_6325_length_1015_cov_6.844978	446	526	3	1	80	0.0125000
NODE_6337_length_1014_cov_95.709290	259	335	0	76	76	1.0000000
NODE_6337_length_1014_cov_95.709290	310	390	0	37	80	0.4625000
NODE_6337_length_1014_cov_95.709290	310	390	2	43	80	0.5375000
NODE_6337_length_1014_cov_95.709290	386	466	0	2	80	0.0250000
NODE_6337_length_1014_cov_95.709290	386	466	2	19	80	0.2375000
NODE_6337_length_1014_cov_95.709290	386	466	6	41	80	0.5125000
NODE_6337_length_1014_cov_95.709290	386	466	8	18	80	0.2250000
NODE_6337_length_1014_cov_95.709290	439	519	0	3	80	0.0375000
NODE_6337_length_1014_cov_95.709290	439	519	2	1	80	0.0125000
NODE_6337_length_1014_cov_95.709290	439	519	6	9	80	0.1125000
NODE_6337_length_1014_cov_95.709290	439	519	8	67	80	0.8375000
NODE_6338_length_1014_cov_67.918033	182	262	6	3	80	0.0375000
NODE_6338_length_1014_cov_67.918033	182	262	8	3	80	0.0375000
NODE_6338_length_1014_cov_67.918033	182	262	10	74	80	0.9250000
NODE_6338_length_1014_cov_67.918033	235	315	0	2	80	0.0250000
NODE_6338_length_1014_cov_67.918033	235	315	6	54	80	0.6750000
NODE_6338_length_1014_cov_67.918033	235	315	8	3	80	0.0375000
NODE_6338_length_1014_cov_67.918033	235	315	10	21	80	0.2625000
NODE_6338_length_1014_cov_67.918033	311	391	0	78	80	0.9750000
NODE_6338_length_1014_cov_67.918033	311	391	6	2	80	0.0250000
NODE_6338_length_1014_cov_67.918033	364	444	0	80	80	1.0000000
NODE_6339_length_1014_cov_44.802186	418	498	0	80	80	1.0000000
NODE_6339_length_1014_cov_44.802186	471	551	0	80	80	1.0000000
NODE_6340_length_1014_cov_36.349727	369	449	6	3	80	0.0375000
NODE_6340_length_1014_cov_36.349727	369	449	9	3	80	0.0375000
NODE_6340_length_1014_cov_36.349727	369	449	10	74	80	0.9250000
NODE_6340_length_1014_cov_36.349727	422	502	3	16	80	0.2000000
NODE_6340_length_1014_cov_36.349727	422	502	5	1	80	0.0125000
NODE_6340_length_1014_cov_36.349727	422	502	9	13	80	0.1625000
NODE_6340_length_1014_cov_36.349727	422	502	10	24	80	0.3000000
NODE_6340_length_1014_cov_36.349727	422	502	11	22	80	0.2750000
NODE_6340_length_1014_cov_36.349727	422	502	13	4	80	0.0500000
NODE_6340_length_1014_cov_36.349727	498	578	10	4	80	0.0500000
NODE_6340_length_1014_cov_36.349727	498	578	13	19	80	0.2375000
NODE_6340_length_1014_cov_36.349727	498	578	16	20	80	0.2500000
NODE_6340_length_1014_cov_36.349727	498	578	17	20	80	0.2500000
NODE_6340_length_1014_cov_36.349727	498	578	18	17	80	0.2125000
NODE_6340_length_1014_cov_36.349727	551	631	8	13	80	0.1625000
NODE_6340_length_1014_cov_36.349727	551	631	10	35	80	0.4375000
NODE_6340_length_1014_cov_36.349727	551	631	16	25	80	0.3125000
NODE_6340_length_1014_cov_36.349727	551	631	18	7	80	0.0875000
NODE_6341_length_1014_cov_35.547541	363	441	4	8	78	0.1025641
NODE_6341_length_1014_cov_35.547541	363	441	6	70	78	0.8974359
NODE_6341_length_1014_cov_35.547541	416	494	0	53	78	0.6794872
NODE_6341_length_1014_cov_35.547541	416	494	4	5	78	0.0641026
NODE_6341_length_1014_cov_35.547541	416	494	6	20	78	0.2564103
NODE_6342_length_1014_cov_32.266667	428	508	0	9	80	0.1125000
NODE_6342_length_1014_cov_32.266667	428	508	2	36	80	0.4500000
NODE_6342_length_1014_cov_32.266667	428	508	4	35	80	0.4375000
NODE_6342_length_1014_cov_32.266667	481	561	2	31	80	0.3875000
NODE_6342_length_1014_cov_32.266667	481	561	4	49	80	0.6125000
NODE_6343_length_1014_cov_28.493989	480	560	0	80	80	1.0000000
NODE_6343_length_1014_cov_28.493989	533	613	0	44	80	0.5500000
NODE_6343_length_1014_cov_28.493989	533	613	8	13	80	0.1625000
NODE_6343_length_1014_cov_28.493989	533	613	20	1	80	0.0125000
NODE_6343_length_1014_cov_28.493989	533	613	21	22	80	0.2750000
NODE_6343_length_1014_cov_28.493989	609	689	21	6	80	0.0750000
NODE_6343_length_1014_cov_28.493989	609	689	22	14	80	0.1750000
NODE_6343_length_1014_cov_28.493989	609	689	24	60	80	0.7500000
NODE_6343_length_1014_cov_28.493989	662	742	0	17	80	0.2125000
NODE_6343_length_1014_cov_28.493989	662	742	2	10	80	0.1250000
NODE_6343_length_1014_cov_28.493989	662	742	10	2	80	0.0250000
NODE_6343_length_1014_cov_28.493989	662	742	23	1	80	0.0125000
NODE_6343_length_1014_cov_28.493989	662	742	24	50	80	0.6250000
NODE_6344_length_1014_cov_25.171585	500	580	8	8	80	0.1000000
NODE_6344_length_1014_cov_25.171585	500	580	10	72	80	0.9000000
NODE_6344_length_1014_cov_25.171585	553	633	0	30	80	0.3750000
NODE_6344_length_1014_cov_25.171585	553	633	2	11	80	0.1375000
NODE_6344_length_1014_cov_25.171585	553	633	6	5	80	0.0625000
NODE_6344_length_1014_cov_25.171585	553	633	8	9	80	0.1125000
NODE_6344_length_1014_cov_25.171585	553	633	10	25	80	0.3125000
NODE_6345_length_1014_cov_22.437158	534	614	0	48	80	0.6000000
NODE_6345_length_1014_cov_22.437158	534	614	2	32	80	0.4000000
NODE_6345_length_1014_cov_22.437158	587	667	2	80	80	1.0000000
NODE_6346_length_1014_cov_19.238251	379	459	0	13	80	0.1625000
NODE_6346_length_1014_cov_19.238251	379	459	2	67	80	0.8375000
NODE_6346_length_1014_cov_19.238251	432	512	2	64	80	0.8000000
NODE_6346_length_1014_cov_19.238251	432	512	4	16	80	0.2000000
NODE_6346_length_1014_cov_19.238251	508	585	2	77	77	1.0000000
NODE_6346_length_1014_cov_19.238251	558	638	0	20	80	0.2500000
NODE_6346_length_1014_cov_19.238251	558	638	2	60	80	0.7500000
NODE_6347_length_1014_cov_15.926776	594	674	0	80	80	1.0000000
NODE_6347_length_1014_cov_15.926776	647	727	0	80	80	1.0000000
NODE_6348_length_1014_cov_8.691803	285	365	0	41	80	0.5125000
NODE_6348_length_1014_cov_8.691803	285	365	2	39	80	0.4875000
NODE_6348_length_1014_cov_8.691803	338	418	0	5	80	0.0625000
NODE_6348_length_1014_cov_8.691803	338	418	2	75	80	0.9375000
NODE_6349_length_1014_cov_7.959563	531	611	0	80	80	1.0000000
NODE_6349_length_1014_cov_7.959563	584	664	0	80	80	1.0000000
NODE_6351_length_1014_cov_7.608743	298	378	0	80	80	1.0000000
NODE_6351_length_1014_cov_7.608743	351	431	0	80	80	1.0000000
NODE_6352_length_1014_cov_6.209836	321	401	0	72	80	0.9000000
NODE_6352_length_1014_cov_6.209836	321	401	2	8	80	0.1000000
NODE_6352_length_1014_cov_6.209836	374	454	0	19	80	0.2375000
NODE_6352_length_1014_cov_6.209836	374	454	2	61	80	0.7625000
NODE_6364_length_1013_cov_32.695842	423	503	4	18	80	0.2250000
NODE_6364_length_1013_cov_32.695842	423	503	8	62	80	0.7750000
NODE_6364_length_1013_cov_32.695842	476	556	8	80	80	1.0000000
NODE_6364_length_1013_cov_32.695842	552	632	0	31	80	0.3875000
NODE_6364_length_1013_cov_32.695842	552	632	2	43	80	0.5375000
NODE_6364_length_1013_cov_32.695842	552	632	7	1	80	0.0125000
NODE_6364_length_1013_cov_32.695842	552	632	8	5	80	0.0625000
NODE_6364_length_1013_cov_32.695842	605	685	0	45	80	0.5625000
NODE_6364_length_1013_cov_32.695842	605	685	2	35	80	0.4375000
NODE_6365_length_1013_cov_21.935449	424	503	0	79	79	1.0000000
NODE_6365_length_1013_cov_21.935449	476	556	0	80	80	1.0000000
NODE_6366_length_1013_cov_17.532823	440	520	0	7	80	0.0875000
NODE_6366_length_1013_cov_17.532823	440	520	2	73	80	0.9125000
NODE_6366_length_1013_cov_17.532823	493	573	0	42	80	0.5250000
NODE_6366_length_1013_cov_17.532823	493	573	2	38	80	0.4750000
NODE_6367_length_1013_cov_14.555799	478	558	0	80	80	1.0000000
NODE_6367_length_1013_cov_14.555799	531	611	0	80	80	1.0000000
NODE_6368_length_1013_cov_13.142232	476	556	0	12	80	0.1500000
NODE_6368_length_1013_cov_13.142232	476	556	2	15	80	0.1875000
NODE_6368_length_1013_cov_13.142232	476	556	4	53	80	0.6625000
NODE_6368_length_1013_cov_13.142232	529	609	2	6	80	0.0750000
NODE_6368_length_1013_cov_13.142232	529	609	4	74	80	0.9250000
NODE_6369_length_1013_cov_7.756018	538	618	2	1	80	0.0125000
NODE_6369_length_1013_cov_7.756018	538	618	4	13	80	0.1625000
NODE_6369_length_1013_cov_7.756018	538	618	6	66	80	0.8250000
NODE_6369_length_1013_cov_7.756018	591	671	0	51	80	0.6375000
NODE_6369_length_1013_cov_7.756018	591	671	2	3	80	0.0375000
NODE_6369_length_1013_cov_7.756018	591	671	4	13	80	0.1625000
NODE_6369_length_1013_cov_7.756018	591	671	6	13	80	0.1625000
NODE_6371_length_1013_cov_4.368709	550	630	6	28	80	0.3500000
NODE_6371_length_1013_cov_4.368709	550	630	8	52	80	0.6500000
NODE_6371_length_1013_cov_4.368709	603	683	2	20	80	0.2500000
NODE_6371_length_1013_cov_4.368709	603	683	5	1	80	0.0125000
NODE_6371_length_1013_cov_4.368709	603	683	6	25	80	0.3125000
NODE_6371_length_1013_cov_4.368709	603	683	8	34	80	0.4250000
NODE_6380_length_1012_cov_91.547645	378	458	0	80	80	1.0000000
NODE_6380_length_1012_cov_91.547645	431	511	0	80	80	1.0000000
NODE_6380_length_1012_cov_91.547645	507	587	0	80	80	1.0000000
NODE_6380_length_1012_cov_91.547645	560	640	0	80	80	1.0000000
NODE_6381_length_1012_cov_64.409639	345	425	0	5	80	0.0625000
NODE_6381_length_1012_cov_64.409639	345	425	2	75	80	0.9375000
NODE_6381_length_1012_cov_64.409639	398	478	0	58	80	0.7250000
NODE_6381_length_1012_cov_64.409639	398	478	2	22	80	0.2750000
NODE_6382_length_1012_cov_63.035049	438	518	2	5	80	0.0625000
NODE_6382_length_1012_cov_63.035049	438	518	8	16	80	0.2000000
NODE_6382_length_1012_cov_63.035049	438	518	10	42	80	0.5250000
NODE_6382_length_1012_cov_63.035049	438	518	12	17	80	0.2125000
NODE_6382_length_1012_cov_63.035049	491	571	2	5	80	0.0625000
NODE_6382_length_1012_cov_63.035049	491	571	4	23	80	0.2875000
NODE_6382_length_1012_cov_63.035049	491	571	6	3	80	0.0375000
NODE_6382_length_1012_cov_63.035049	491	571	10	10	80	0.1250000
NODE_6382_length_1012_cov_63.035049	491	571	12	39	80	0.4875000
NODE_6383_length_1012_cov_53.686747	276	356	8	24	80	0.3000000
NODE_6383_length_1012_cov_53.686747	276	356	10	9	80	0.1125000
NODE_6383_length_1012_cov_53.686747	276	356	11	1	80	0.0125000
NODE_6383_length_1012_cov_53.686747	276	356	12	46	80	0.5750000
NODE_6383_length_1012_cov_53.686747	329	409	1	3	80	0.0375000
NODE_6383_length_1012_cov_53.686747	329	409	2	4	80	0.0500000
NODE_6383_length_1012_cov_53.686747	329	409	8	70	80	0.8750000
NODE_6383_length_1012_cov_53.686747	329	409	10	3	80	0.0375000
NODE_6383_length_1012_cov_53.686747	405	485	0	15	80	0.1875000
NODE_6383_length_1012_cov_53.686747	405	485	1	21	80	0.2625000
NODE_6383_length_1012_cov_53.686747	405	485	2	44	80	0.5500000
NODE_6383_length_1012_cov_53.686747	458	538	2	80	80	1.0000000
NODE_6384_length_1012_cov_35.861993	453	533	0	24	80	0.3000000
NODE_6384_length_1012_cov_35.861993	453	533	4	56	80	0.7000000
NODE_6384_length_1012_cov_35.861993	506	581	0	33	75	0.4400000
NODE_6384_length_1012_cov_35.861993	506	581	4	42	75	0.5600000
NODE_6385_length_1012_cov_16.125958	510	590	0	80	80	1.0000000
NODE_6385_length_1012_cov_16.125958	563	643	0	80	80	1.0000000
NODE_6386_length_1012_cov_15.395400	501	581	0	43	80	0.5375000
NODE_6386_length_1012_cov_15.395400	501	581	2	37	80	0.4625000
NODE_6386_length_1012_cov_15.395400	554	634	2	80	80	1.0000000
NODE_6388_length_1012_cov_6.409639	528	608	2	45	80	0.5625000
NODE_6388_length_1012_cov_6.409639	528	608	3	27	80	0.3375000
NODE_6388_length_1012_cov_6.409639	528	608	4	8	80	0.1000000
NODE_6388_length_1012_cov_6.409639	581	661	2	54	80	0.6750000
NODE_6388_length_1012_cov_6.409639	581	661	3	18	80	0.2250000
NODE_6388_length_1012_cov_6.409639	581	661	4	8	80	0.1000000
NODE_6398_length_1011_cov_53.032895	515	595	0	27	80	0.3375000
NODE_6398_length_1011_cov_53.032895	515	595	2	17	80	0.2125000
NODE_6398_length_1011_cov_53.032895	515	595	4	36	80	0.4500000
NODE_6398_length_1011_cov_53.032895	568	648	0	11	80	0.1375000
NODE_6398_length_1011_cov_53.032895	568	648	2	10	80	0.1250000
NODE_6398_length_1011_cov_53.032895	568	648	4	59	80	0.7375000
NODE_6399_length_1011_cov_25.838816	366	446	0	9	80	0.1125000
NODE_6399_length_1011_cov_25.838816	366	446	2	71	80	0.8875000
NODE_6399_length_1011_cov_25.838816	419	499	2	48	80	0.6000000
NODE_6399_length_1011_cov_25.838816	419	499	4	32	80	0.4000000
NODE_6400_length_1011_cov_22.734649	426	506	0	80	80	1.0000000
NODE_6400_length_1011_cov_22.734649	479	559	0	80	80	1.0000000
NODE_6400_length_1011_cov_22.734649	555	636	0	57	81	0.7037037
NODE_6400_length_1011_cov_22.734649	555	636	2	24	81	0.2962963
NODE_6400_length_1011_cov_22.734649	609	689	0	3	80	0.0375000
NODE_6400_length_1011_cov_22.734649	609	689	2	77	80	0.9625000
NODE_6401_length_1011_cov_18.127193	389	469	6	9	80	0.1125000
NODE_6401_length_1011_cov_18.127193	389	469	8	11	80	0.1375000
NODE_6401_length_1011_cov_18.127193	389	469	10	32	80	0.4000000
NODE_6401_length_1011_cov_18.127193	389	469	12	26	80	0.3250000
NODE_6401_length_1011_cov_18.127193	389	469	14	2	80	0.0250000
NODE_6401_length_1011_cov_18.127193	442	520	6	11	78	0.1410256
NODE_6401_length_1011_cov_18.127193	442	520	12	42	78	0.5384616
NODE_6401_length_1011_cov_18.127193	442	520	14	25	78	0.3205128
NODE_6401_length_1011_cov_18.127193	516	596	2	4	80	0.0500000
NODE_6401_length_1011_cov_18.127193	516	596	4	1	80	0.0125000
NODE_6401_length_1011_cov_18.127193	516	596	6	61	80	0.7625000
NODE_6401_length_1011_cov_18.127193	516	596	8	14	80	0.1750000
NODE_6401_length_1011_cov_18.127193	569	649	2	57	80	0.7125000
NODE_6401_length_1011_cov_18.127193	569	649	4	1	80	0.0125000
NODE_6401_length_1011_cov_18.127193	569	649	6	22	80	0.2750000
NODE_6402_length_1011_cov_12.709430	309	389	0	80	80	1.0000000
NODE_6402_length_1011_cov_12.709430	362	442	0	80	80	1.0000000
NODE_6403_length_1011_cov_8.731360	441	521	0	80	80	1.0000000
NODE_6403_length_1011_cov_8.731360	494	574	0	80	80	1.0000000
NODE_6405_length_1011_cov_7.212719	219	299	0	39	80	0.4875000
NODE_6405_length_1011_cov_7.212719	219	299	1	7	80	0.0875000
NODE_6405_length_1011_cov_7.212719	219	299	3	34	80	0.4250000
NODE_6408_length_1011_cov_3.569079	173	253	0	75	80	0.9375000
NODE_6408_length_1011_cov_3.569079	173	253	2	5	80	0.0625000
NODE_6408_length_1011_cov_3.569079	226	306	0	22	80	0.2750000
NODE_6408_length_1011_cov_3.569079	226	306	2	58	80	0.7250000
NODE_6409_length_1011_cov_1.703947	779	851	0	6	72	0.0833333
NODE_6409_length_1011_cov_1.703947	779	851	1	4	72	0.0555556
NODE_6409_length_1011_cov_1.703947	779	851	5	52	72	0.7222222
NODE_6409_length_1011_cov_1.703947	779	851	9	10	72	0.1388889
NODE_6416_length_1010_cov_51.841932	335	415	0	68	80	0.8500000
NODE_6416_length_1010_cov_51.841932	335	415	2	12	80	0.1500000
NODE_6416_length_1010_cov_51.841932	388	468	0	15	80	0.1875000
NODE_6416_length_1010_cov_51.841932	388	468	2	65	80	0.8125000
NODE_6417_length_1010_cov_35.860593	576	656	0	16	80	0.2000000
NODE_6417_length_1010_cov_35.860593	576	656	3	10	80	0.1250000
NODE_6417_length_1010_cov_35.860593	576	656	4	6	80	0.0750000
NODE_6417_length_1010_cov_35.860593	576	656	8	48	80	0.6000000
NODE_6417_length_1010_cov_35.860593	629	709	6	6	80	0.0750000
NODE_6417_length_1010_cov_35.860593	629	709	8	38	80	0.4750000
NODE_6417_length_1010_cov_35.860593	629	709	10	36	80	0.4500000
NODE_6418_length_1010_cov_30.043908	509	589	0	80	80	1.0000000
NODE_6418_length_1010_cov_30.043908	562	642	0	37	80	0.4625000
NODE_6418_length_1010_cov_30.043908	562	642	1	5	80	0.0625000
NODE_6418_length_1010_cov_30.043908	562	642	2	38	80	0.4750000
NODE_6418_length_1010_cov_30.043908	638	718	2	80	80	1.0000000
NODE_6418_length_1010_cov_30.043908	691	771	0	17	80	0.2125000
NODE_6418_length_1010_cov_30.043908	691	771	1	5	80	0.0625000
NODE_6418_length_1010_cov_30.043908	691	771	2	58	80	0.7250000
NODE_6420_length_1010_cov_15.156970	364	444	0	80	80	1.0000000
NODE_6420_length_1010_cov_15.156970	417	497	0	80	80	1.0000000
NODE_6421_length_1010_cov_13.546652	385	465	0	20	80	0.2500000
NODE_6421_length_1010_cov_13.546652	385	465	2	60	80	0.7500000
NODE_6421_length_1010_cov_13.546652	438	518	0	44	80	0.5500000
NODE_6421_length_1010_cov_13.546652	438	518	2	36	80	0.4500000
NODE_6422_length_1010_cov_13.317234	480	560	0	31	80	0.3875000
NODE_6422_length_1010_cov_13.317234	480	560	3	1	80	0.0125000
NODE_6422_length_1010_cov_13.317234	480	560	4	13	80	0.1625000
NODE_6422_length_1010_cov_13.317234	480	560	6	35	80	0.4375000
NODE_6422_length_1010_cov_13.317234	533	613	6	80	80	1.0000000
NODE_6423_length_1010_cov_12.900110	427	507	7	26	80	0.3250000
NODE_6423_length_1010_cov_12.900110	427	507	9	40	80	0.5000000
NODE_6423_length_1010_cov_12.900110	427	507	10	14	80	0.1750000
NODE_6423_length_1010_cov_12.900110	480	560	2	10	80	0.1250000
NODE_6423_length_1010_cov_12.900110	480	560	9	32	80	0.4000000
NODE_6423_length_1010_cov_12.900110	480	560	10	38	80	0.4750000
NODE_6424_length_1010_cov_11.423710	631	711	0	80	80	1.0000000
NODE_6424_length_1010_cov_11.423710	684	764	0	80	80	1.0000000
NODE_6425_length_1010_cov_11.256861	492	572	0	80	80	1.0000000
NODE_6425_length_1010_cov_11.256861	545	625	0	80	80	1.0000000
NODE_6426_length_1010_cov_11.000000	455	535	0	80	80	1.0000000
NODE_6426_length_1010_cov_11.000000	508	588	0	28	80	0.3500000
NODE_6426_length_1010_cov_11.000000	508	588	2	52	80	0.6500000
NODE_6428_length_1010_cov_4.990121	476	556	0	26	80	0.3250000
NODE_6428_length_1010_cov_4.990121	476	556	2	4	80	0.0500000
NODE_6428_length_1010_cov_4.990121	476	556	4	50	80	0.6250000
NODE_6428_length_1010_cov_4.990121	529	609	0	15	80	0.1875000
NODE_6428_length_1010_cov_4.990121	529	609	2	14	80	0.1750000
NODE_6428_length_1010_cov_4.990121	529	609	4	51	80	0.6375000
NODE_6430_length_1010_cov_4.892426	476	556	6	80	80	1.0000000
NODE_6430_length_1010_cov_4.892426	529	609	0	26	80	0.3250000
NODE_6430_length_1010_cov_4.892426	529	609	6	54	80	0.6750000
NODE_6431_length_1010_cov_3.624588	157	196	0	39	39	1.0000000
NODE_6435_length_1010_cov_1.440176	1	58	0	57	57	1.0000000
NODE_6436_length_1009_cov_44.626374	288	362	0	60	74	0.8108108
NODE_6436_length_1009_cov_44.626374	288	362	1	14	74	0.1891892
NODE_6436_length_1009_cov_44.626374	335	415	0	13	80	0.1625000
NODE_6436_length_1009_cov_44.626374	335	415	1	27	80	0.3375000
NODE_6436_length_1009_cov_44.626374	335	415	2	40	80	0.5000000
NODE_6436_length_1009_cov_44.626374	411	491	2	5	80	0.0625000
NODE_6436_length_1009_cov_44.626374	411	491	4	75	80	0.9375000
NODE_6436_length_1009_cov_44.626374	464	544	0	15	80	0.1875000
NODE_6436_length_1009_cov_44.626374	464	544	2	8	80	0.1000000
NODE_6436_length_1009_cov_44.626374	464	544	3	23	80	0.2875000
NODE_6436_length_1009_cov_44.626374	464	544	4	34	80	0.4250000
NODE_6437_length_1009_cov_31.828571	412	492	0	18	80	0.2250000
NODE_6437_length_1009_cov_31.828571	412	492	2	62	80	0.7750000
NODE_6437_length_1009_cov_31.828571	465	545	0	47	80	0.5875000
NODE_6437_length_1009_cov_31.828571	465	545	2	33	80	0.4125000
NODE_6438_length_1009_cov_28.539560	571	651	0	34	80	0.4250000
NODE_6438_length_1009_cov_28.539560	571	651	6	46	80	0.5750000
NODE_6438_length_1009_cov_28.539560	624	704	0	80	80	1.0000000
NODE_6439_length_1009_cov_20.281319	577	657	2	36	80	0.4500000
NODE_6439_length_1009_cov_20.281319	577	657	6	44	80	0.5500000
NODE_6439_length_1009_cov_20.281319	630	710	4	26	80	0.3250000
NODE_6439_length_1009_cov_20.281319	630	710	6	54	80	0.6750000
NODE_6440_length_1009_cov_18.649451	430	510	13	18	80	0.2250000
NODE_6440_length_1009_cov_18.649451	430	510	14	28	80	0.3500000
NODE_6440_length_1009_cov_18.649451	430	510	19	7	80	0.0875000
NODE_6440_length_1009_cov_18.649451	430	510	21	22	80	0.2750000
NODE_6440_length_1009_cov_18.649451	430	510	25	5	80	0.0625000
NODE_6440_length_1009_cov_18.649451	483	563	14	52	80	0.6500000
NODE_6440_length_1009_cov_18.649451	483	563	19	2	80	0.0250000
NODE_6440_length_1009_cov_18.649451	483	563	21	21	80	0.2625000
NODE_6440_length_1009_cov_18.649451	483	563	25	5	80	0.0625000
NODE_6442_length_1009_cov_3.767033	647	727	0	19	80	0.2375000
NODE_6442_length_1009_cov_3.767033	647	727	2	61	80	0.7625000
NODE_6442_length_1009_cov_3.767033	700	780	0	4	80	0.0500000
NODE_6442_length_1009_cov_3.767033	700	780	2	76	80	0.9500000
NODE_6443_length_1009_cov_2.903297	36	63	0	27	27	1.0000000
NODE_6451_length_1008_cov_44.825083	399	479	0	5	80	0.0625000
NODE_6451_length_1008_cov_44.825083	399	479	11	1	80	0.0125000
NODE_6451_length_1008_cov_44.825083	399	479	12	44	80	0.5500000
NODE_6451_length_1008_cov_44.825083	399	479	14	30	80	0.3750000
NODE_6451_length_1008_cov_44.825083	452	532	4	4	80	0.0500000
NODE_6451_length_1008_cov_44.825083	452	532	5	1	80	0.0125000
NODE_6451_length_1008_cov_44.825083	452	532	14	35	80	0.4375000
NODE_6451_length_1008_cov_44.825083	452	532	15	3	80	0.0375000
NODE_6451_length_1008_cov_44.825083	452	532	16	37	80	0.4625000
NODE_6452_length_1008_cov_41.030803	280	360	6	80	80	1.0000000
NODE_6452_length_1008_cov_41.030803	333	413	0	34	80	0.4250000
NODE_6452_length_1008_cov_41.030803	333	413	6	46	80	0.5750000
NODE_6452_length_1008_cov_41.030803	409	489	0	80	80	1.0000000
NODE_6452_length_1008_cov_41.030803	462	542	0	80	80	1.0000000
NODE_6453_length_1008_cov_39.377338	311	391	0	12	80	0.1500000
NODE_6453_length_1008_cov_39.377338	311	391	1	60	80	0.7500000
NODE_6453_length_1008_cov_39.377338	311	391	2	8	80	0.1000000
NODE_6453_length_1008_cov_39.377338	364	444	0	65	80	0.8125000
NODE_6453_length_1008_cov_39.377338	364	444	1	15	80	0.1875000
NODE_6453_length_1008_cov_39.377338	440	520	0	9	80	0.1125000
NODE_6453_length_1008_cov_39.377338	440	520	2	6	80	0.0750000
NODE_6453_length_1008_cov_39.377338	440	520	4	65	80	0.8125000
NODE_6453_length_1008_cov_39.377338	493	573	2	12	80	0.1500000
NODE_6453_length_1008_cov_39.377338	493	573	4	68	80	0.8500000
NODE_6454_length_1008_cov_27.836084	405	485	0	80	80	1.0000000
NODE_6454_length_1008_cov_27.836084	458	538	0	50	80	0.6250000
NODE_6454_length_1008_cov_27.836084	458	538	2	30	80	0.3750000
NODE_6454_length_1008_cov_27.836084	534	614	0	6	80	0.0750000
NODE_6454_length_1008_cov_27.836084	534	614	2	74	80	0.9250000
NODE_6454_length_1008_cov_27.836084	587	667	0	59	80	0.7375000
NODE_6454_length_1008_cov_27.836084	587	667	2	21	80	0.2625000
NODE_6455_length_1008_cov_24.741474	485	565	0	16	80	0.2000000
NODE_6455_length_1008_cov_24.741474	485	565	2	4	80	0.0500000
NODE_6455_length_1008_cov_24.741474	485	565	7	1	80	0.0125000
NODE_6455_length_1008_cov_24.741474	485	565	8	31	80	0.3875000
NODE_6455_length_1008_cov_24.741474	485	565	10	28	80	0.3500000
NODE_6455_length_1008_cov_24.741474	538	618	2	10	80	0.1250000
NODE_6455_length_1008_cov_24.741474	538	618	7	1	80	0.0125000
NODE_6455_length_1008_cov_24.741474	538	618	8	7	80	0.0875000
NODE_6455_length_1008_cov_24.741474	538	618	10	62	80	0.7750000
NODE_6456_length_1008_cov_20.278328	401	481	0	8	80	0.1000000
NODE_6456_length_1008_cov_20.278328	401	481	2	72	80	0.9000000
NODE_6456_length_1008_cov_20.278328	454	534	2	80	80	1.0000000
NODE_6457_length_1008_cov_6.071507	460	540	0	28	80	0.3500000
NODE_6457_length_1008_cov_6.071507	460	540	1	3	80	0.0375000
NODE_6457_length_1008_cov_6.071507	460	540	2	49	80	0.6125000
NODE_6457_length_1008_cov_6.071507	513	593	2	80	80	1.0000000
NODE_6466_length_1008_cov_1.798680	0	64	0	33	64	0.5156250
NODE_6466_length_1008_cov_1.798680	0	64	2	31	64	0.4843750
NODE_6466_length_1008_cov_1.798680	37	104	2	67	67	1.0000000
NODE_6473_length_1007_cov_27.011013	294	371	6	6	77	0.0779221
NODE_6473_length_1007_cov_27.011013	294	371	8	34	77	0.4415585
NODE_6473_length_1007_cov_27.011013	294	371	10	37	77	0.4805195
NODE_6473_length_1007_cov_27.011013	347	424	2	17	77	0.2207792
NODE_6473_length_1007_cov_27.011013	347	424	4	3	77	0.0389610
NODE_6473_length_1007_cov_27.011013	347	424	5	23	77	0.2987013
NODE_6473_length_1007_cov_27.011013	347	424	8	1	77	0.0129870
NODE_6473_length_1007_cov_27.011013	347	424	9	5	77	0.0649351
NODE_6473_length_1007_cov_27.011013	347	424	10	28	77	0.3636364
NODE_6474_length_1007_cov_24.668502	369	449	0	80	80	1.0000000
NODE_6474_length_1007_cov_24.668502	422	502	0	80	80	1.0000000
NODE_6474_length_1007_cov_24.668502	498	578	0	21	80	0.2625000
NODE_6474_length_1007_cov_24.668502	498	578	1	17	80	0.2125000
NODE_6474_length_1007_cov_24.668502	498	578	3	42	80	0.5250000
NODE_6474_length_1007_cov_24.668502	551	631	3	72	80	0.9000000
NODE_6474_length_1007_cov_24.668502	551	631	4	8	80	0.1000000
NODE_6475_length_1007_cov_21.729075	454	534	0	3	80	0.0375000
NODE_6475_length_1007_cov_21.729075	454	534	2	39	80	0.4875000
NODE_6475_length_1007_cov_21.729075	454	534	4	38	80	0.4750000
NODE_6475_length_1007_cov_21.729075	507	587	2	12	80	0.1500000
NODE_6475_length_1007_cov_21.729075	507	587	4	68	80	0.8500000
NODE_6475_length_1007_cov_21.729075	583	663	0	16	80	0.2000000
NODE_6475_length_1007_cov_21.729075	583	663	2	56	80	0.7000000
NODE_6475_length_1007_cov_21.729075	583	663	4	8	80	0.1000000
NODE_6475_length_1007_cov_21.729075	636	716	0	69	80	0.8625000
NODE_6475_length_1007_cov_21.729075	636	716	2	11	80	0.1375000
NODE_6476_length_1007_cov_14.515419	400	480	0	80	80	1.0000000
NODE_6476_length_1007_cov_14.515419	453	533	0	80	80	1.0000000
NODE_6477_length_1007_cov_13.685022	376	456	2	50	80	0.6250000
NODE_6477_length_1007_cov_13.685022	376	456	4	30	80	0.3750000
NODE_6477_length_1007_cov_13.685022	429	509	4	80	80	1.0000000
NODE_6478_length_1007_cov_9.189427	438	518	0	13	80	0.1625000
NODE_6478_length_1007_cov_9.189427	438	518	4	42	80	0.5250000
NODE_6478_length_1007_cov_9.189427	438	518	6	25	80	0.3125000
NODE_6478_length_1007_cov_9.189427	491	571	4	2	80	0.0250000
NODE_6478_length_1007_cov_9.189427	491	571	6	78	80	0.9750000
NODE_6491_length_1006_cov_59.773980	379	459	2	1	80	0.0125000
NODE_6491_length_1006_cov_59.773980	379	459	3	7	80	0.0875000
NODE_6491_length_1006_cov_59.773980	379	459	4	1	80	0.0125000
NODE_6491_length_1006_cov_59.773980	379	459	5	26	80	0.3250000
NODE_6491_length_1006_cov_59.773980	379	459	6	12	80	0.1500000
NODE_6491_length_1006_cov_59.773980	379	459	8	31	80	0.3875000
NODE_6491_length_1006_cov_59.773980	379	459	10	2	80	0.0250000
NODE_6491_length_1006_cov_59.773980	432	512	7	22	80	0.2750000
NODE_6491_length_1006_cov_59.773980	432	512	8	32	80	0.4000000
NODE_6491_length_1006_cov_59.773980	432	512	10	26	80	0.3250000
NODE_6491_length_1006_cov_59.773980	508	588	0	3	80	0.0375000
NODE_6491_length_1006_cov_59.773980	508	588	2	21	80	0.2625000
NODE_6491_length_1006_cov_59.773980	508	588	3	27	80	0.3375000
NODE_6491_length_1006_cov_59.773980	508	588	4	1	80	0.0125000
NODE_6491_length_1006_cov_59.773980	508	588	5	10	80	0.1250000
NODE_6491_length_1006_cov_59.773980	508	588	6	11	80	0.1375000
NODE_6491_length_1006_cov_59.773980	508	588	7	7	80	0.0875000
NODE_6491_length_1006_cov_59.773980	561	641	0	56	80	0.7000000
NODE_6491_length_1006_cov_59.773980	561	641	2	21	80	0.2625000
NODE_6491_length_1006_cov_59.773980	561	641	3	3	80	0.0375000
NODE_6492_length_1006_cov_34.762955	482	562	0	8	80	0.1000000
NODE_6492_length_1006_cov_34.762955	482	562	2	36	80	0.4500000
NODE_6492_length_1006_cov_34.762955	482	562	6	36	80	0.4500000
NODE_6492_length_1006_cov_34.762955	535	615	0	61	80	0.7625000
NODE_6492_length_1006_cov_34.762955	535	615	2	19	80	0.2375000
NODE_6493_length_1006_cov_21.776185	516	596	0	32	80	0.4000000
NODE_6493_length_1006_cov_21.776185	516	596	3	3	80	0.0375000
NODE_6493_length_1006_cov_21.776185	516	596	4	45	80	0.5625000
NODE_6493_length_1006_cov_21.776185	569	649	4	36	80	0.4500000
NODE_6493_length_1006_cov_21.776185	569	649	6	10	80	0.1250000
NODE_6493_length_1006_cov_21.776185	569	649	7	28	80	0.3500000
NODE_6493_length_1006_cov_21.776185	569	649	8	6	80	0.0750000
NODE_6494_length_1006_cov_19.690187	371	451	0	80	80	1.0000000
NODE_6494_length_1006_cov_19.690187	424	504	0	80	80	1.0000000
NODE_6495_length_1006_cov_19.299890	495	575	2	1	80	0.0125000
NODE_6495_length_1006_cov_19.299890	495	575	4	5	80	0.0625000
NODE_6495_length_1006_cov_19.299890	495	575	14	35	80	0.4375000
NODE_6495_length_1006_cov_19.299890	495	575	16	39	80	0.4875000
NODE_6495_length_1006_cov_19.299890	548	628	0	14	80	0.1750000
NODE_6495_length_1006_cov_19.299890	548	628	2	40	80	0.5000000
NODE_6495_length_1006_cov_19.299890	548	628	4	5	80	0.0625000
NODE_6495_length_1006_cov_19.299890	548	628	14	8	80	0.1000000
NODE_6495_length_1006_cov_19.299890	548	628	16	13	80	0.1625000
NODE_6496_length_1006_cov_13.187431	245	325	0	6	80	0.0750000
NODE_6496_length_1006_cov_13.187431	245	325	2	74	80	0.9250000
NODE_6496_length_1006_cov_13.187431	298	378	0	4	80	0.0500000
NODE_6496_length_1006_cov_13.187431	298	378	2	76	80	0.9500000
NODE_6497_length_1006_cov_12.862183	383	463	0	80	80	1.0000000
NODE_6497_length_1006_cov_12.862183	436	516	0	80	80	1.0000000
NODE_6498_length_1006_cov_10.986770	762	842	4	80	80	1.0000000
NODE_6498_length_1006_cov_10.986770	815	895	0	34	80	0.4250000
NODE_6498_length_1006_cov_10.986770	815	895	4	46	80	0.5750000
NODE_6499_length_1006_cov_8.633958	314	394	2	80	80	1.0000000
NODE_6499_length_1006_cov_8.633958	367	447	0	9	80	0.1125000
NODE_6499_length_1006_cov_8.633958	367	447	2	71	80	0.8875000
NODE_6515_length_1005_cov_80.271523	509	589	6	6	80	0.0750000
NODE_6515_length_1005_cov_80.271523	509	589	13	3	80	0.0375000
NODE_6515_length_1005_cov_80.271523	509	589	21	7	80	0.0875000
NODE_6515_length_1005_cov_80.271523	509	589	26	25	80	0.3125000
NODE_6515_length_1005_cov_80.271523	509	589	27	1	80	0.0125000
NODE_6515_length_1005_cov_80.271523	509	589	33	4	80	0.0500000
NODE_6515_length_1005_cov_80.271523	509	589	35	12	80	0.1500000
NODE_6515_length_1005_cov_80.271523	509	589	36	17	80	0.2125000
NODE_6515_length_1005_cov_80.271523	509	589	38	5	80	0.0625000
NODE_6515_length_1005_cov_80.271523	562	642	21	1	80	0.0125000
NODE_6515_length_1005_cov_80.271523	562	642	28	17	80	0.2125000
NODE_6515_length_1005_cov_80.271523	562	642	29	5	80	0.0625000
NODE_6515_length_1005_cov_80.271523	562	642	33	4	80	0.0500000
NODE_6515_length_1005_cov_80.271523	562	642	35	1	80	0.0125000
NODE_6515_length_1005_cov_80.271523	562	642	36	47	80	0.5875000
NODE_6515_length_1005_cov_80.271523	562	642	38	5	80	0.0625000
NODE_6516_length_1005_cov_45.008830	357	437	2	45	80	0.5625000
NODE_6516_length_1005_cov_45.008830	357	437	4	35	80	0.4375000
NODE_6516_length_1005_cov_45.008830	410	490	0	5	80	0.0625000
NODE_6516_length_1005_cov_45.008830	410	490	2	5	80	0.0625000
NODE_6516_length_1005_cov_45.008830	410	490	4	70	80	0.8750000
NODE_6517_length_1005_cov_36.636865	567	647	0	16	80	0.2000000
NODE_6517_length_1005_cov_36.636865	567	647	4	64	80	0.8000000
NODE_6517_length_1005_cov_36.636865	620	700	0	27	80	0.3375000
NODE_6517_length_1005_cov_36.636865	620	700	4	53	80	0.6625000
NODE_6518_length_1005_cov_21.222958	389	409	2	20	20	1.0000000
NODE_6518_length_1005_cov_21.222958	451	519	7	4	68	0.0588235
NODE_6518_length_1005_cov_21.222958	451	519	8	26	68	0.3823529
NODE_6518_length_1005_cov_21.222958	451	519	9	38	68	0.5588235
NODE_6518_length_1005_cov_21.222958	515	595	2	8	80	0.1000000
NODE_6518_length_1005_cov_21.222958	515	595	7	10	80	0.1250000
NODE_6518_length_1005_cov_21.222958	515	595	8	2	80	0.0250000
NODE_6518_length_1005_cov_21.222958	515	595	12	19	80	0.2375000
NODE_6518_length_1005_cov_21.222958	515	595	14	41	80	0.5125000
NODE_6518_length_1005_cov_21.222958	568	648	6	14	80	0.1750000
NODE_6518_length_1005_cov_21.222958	568	648	12	7	80	0.0875000
NODE_6518_length_1005_cov_21.222958	568	648	13	26	80	0.3250000
NODE_6518_length_1005_cov_21.222958	568	648	14	33	80	0.4125000
NODE_6520_length_1005_cov_14.278146	480	560	0	3	80	0.0375000
NODE_6520_length_1005_cov_14.278146	480	560	2	77	80	0.9625000
NODE_6520_length_1005_cov_14.278146	533	613	0	56	80	0.7000000
NODE_6520_length_1005_cov_14.278146	533	613	2	24	80	0.3000000
NODE_6521_length_1005_cov_13.215232	511	591	0	80	80	1.0000000
NODE_6521_length_1005_cov_13.215232	564	644	0	80	80	1.0000000
NODE_6523_length_1005_cov_5.579470	534	614	4	80	80	1.0000000
NODE_6523_length_1005_cov_5.579470	587	667	0	9	80	0.1125000
NODE_6523_length_1005_cov_5.579470	587	667	4	71	80	0.8875000
NODE_6536_length_1004_cov_45.470718	343	423	2	80	80	1.0000000
NODE_6536_length_1004_cov_45.470718	396	476	0	19	80	0.2375000
NODE_6536_length_1004_cov_45.470718	396	476	2	61	80	0.7625000
NODE_6536_length_1004_cov_45.470718	472	552	0	80	80	1.0000000
NODE_6536_length_1004_cov_45.470718	525	605	0	80	80	1.0000000
NODE_6537_length_1004_cov_34.565746	419	499	0	8	80	0.1000000
NODE_6537_length_1004_cov_34.565746	419	499	2	28	80	0.3500000
NODE_6537_length_1004_cov_34.565746	419	499	6	44	80	0.5500000
NODE_6537_length_1004_cov_34.565746	472	552	4	6	80	0.0750000
NODE_6537_length_1004_cov_34.565746	472	552	6	27	80	0.3375000
NODE_6537_length_1004_cov_34.565746	472	552	8	31	80	0.3875000
NODE_6537_length_1004_cov_34.565746	472	552	10	16	80	0.2000000
NODE_6538_length_1004_cov_28.710497	385	465	4	21	80	0.2625000
NODE_6538_length_1004_cov_28.710497	385	465	6	13	80	0.1625000
NODE_6538_length_1004_cov_28.710497	385	465	8	46	80	0.5750000
NODE_6538_length_1004_cov_28.710497	438	518	0	50	80	0.6250000
NODE_6538_length_1004_cov_28.710497	438	518	4	24	80	0.3000000
NODE_6538_length_1004_cov_28.710497	438	518	6	6	80	0.0750000
NODE_6538_length_1004_cov_28.710497	514	594	0	80	80	1.0000000
NODE_6538_length_1004_cov_28.710497	567	647	0	80	80	1.0000000
NODE_6539_length_1004_cov_12.745856	432	512	0	23	80	0.2875000
NODE_6539_length_1004_cov_12.745856	432	512	4	57	80	0.7125000
NODE_6539_length_1004_cov_12.745856	485	565	0	29	80	0.3625000
NODE_6539_length_1004_cov_12.745856	485	565	4	51	80	0.6375000
NODE_6550_length_1003_cov_47.014381	383	463	10	9	80	0.1125000
NODE_6550_length_1003_cov_47.014381	383	463	14	16	80	0.2000000
NODE_6550_length_1003_cov_47.014381	383	463	16	5	80	0.0625000
NODE_6550_length_1003_cov_47.014381	383	463	17	23	80	0.2875000
NODE_6550_length_1003_cov_47.014381	383	463	18	27	80	0.3375000
NODE_6550_length_1003_cov_47.014381	436	516	0	27	80	0.3375000
NODE_6550_length_1003_cov_47.014381	436	516	2	4	80	0.0500000
NODE_6550_length_1003_cov_47.014381	436	516	6	6	80	0.0750000
NODE_6550_length_1003_cov_47.014381	436	516	8	4	80	0.0500000
NODE_6550_length_1003_cov_47.014381	436	516	10	21	80	0.2625000
NODE_6550_length_1003_cov_47.014381	436	516	14	3	80	0.0375000
NODE_6550_length_1003_cov_47.014381	436	516	16	4	80	0.0500000
NODE_6550_length_1003_cov_47.014381	436	516	17	11	80	0.1375000
NODE_6550_length_1003_cov_47.014381	512	592	0	8	80	0.1000000
NODE_6550_length_1003_cov_47.014381	512	592	4	72	80	0.9000000
NODE_6550_length_1003_cov_47.014381	565	645	4	80	80	1.0000000
NODE_6551_length_1003_cov_35.329646	372	452	3	4	80	0.0500000
NODE_6551_length_1003_cov_35.329646	372	452	5	16	80	0.2000000
NODE_6551_length_1003_cov_35.329646	372	452	8	60	80	0.7500000
NODE_6551_length_1003_cov_35.329646	425	505	0	25	80	0.3125000
NODE_6551_length_1003_cov_35.329646	425	505	3	32	80	0.4000000
NODE_6551_length_1003_cov_35.329646	425	505	5	16	80	0.2000000
NODE_6551_length_1003_cov_35.329646	425	505	8	7	80	0.0875000
NODE_6552_length_1003_cov_32.721239	357	437	0	80	80	1.0000000
NODE_6552_length_1003_cov_32.721239	410	490	0	80	80	1.0000000
NODE_6553_length_1003_cov_23.758850	467	547	4	30	80	0.3750000
NODE_6553_length_1003_cov_23.758850	467	547	6	8	80	0.1000000
NODE_6553_length_1003_cov_23.758850	467	547	7	24	80	0.3000000
NODE_6553_length_1003_cov_23.758850	467	547	8	18	80	0.2250000
NODE_6553_length_1003_cov_23.758850	520	600	7	9	80	0.1125000
NODE_6553_length_1003_cov_23.758850	520	600	8	71	80	0.8875000
NODE_6554_length_1003_cov_19.939159	240	320	4	80	80	1.0000000
NODE_6554_length_1003_cov_19.939159	293	373	0	9	80	0.1125000
NODE_6554_length_1003_cov_19.939159	293	373	2	35	80	0.4375000
NODE_6554_length_1003_cov_19.939159	293	373	4	36	80	0.4500000
NODE_6555_length_1003_cov_16.618363	524	604	0	1	80	0.0125000
NODE_6555_length_1003_cov_16.618363	524	604	2	79	80	0.9875000
NODE_6555_length_1003_cov_16.618363	577	657	0	1	80	0.0125000
NODE_6555_length_1003_cov_16.618363	577	657	2	79	80	0.9875000
NODE_6555_length_1003_cov_16.618363	653	733	2	16	80	0.2000000
NODE_6555_length_1003_cov_16.618363	653	733	4	31	80	0.3875000
NODE_6555_length_1003_cov_16.618363	653	733	6	33	80	0.4125000
NODE_6555_length_1003_cov_16.618363	706	786	0	5	80	0.0625000
NODE_6555_length_1003_cov_16.618363	706	786	4	75	80	0.9375000
NODE_6556_length_1003_cov_13.863938	537	617	2	68	80	0.8500000
NODE_6556_length_1003_cov_13.863938	537	617	3	7	80	0.0875000
NODE_6556_length_1003_cov_13.863938	537	617	4	5	80	0.0625000
NODE_6556_length_1003_cov_13.863938	590	670	2	68	80	0.8500000
NODE_6556_length_1003_cov_13.863938	590	670	3	7	80	0.0875000
NODE_6556_length_1003_cov_13.863938	590	670	4	5	80	0.0625000
NODE_6557_length_1003_cov_12.363938	529	609	0	1	80	0.0125000
NODE_6557_length_1003_cov_12.363938	529	609	4	79	80	0.9875000
NODE_6557_length_1003_cov_12.363938	582	662	0	54	80	0.6750000
NODE_6557_length_1003_cov_12.363938	582	662	4	26	80	0.3250000
NODE_6567_length_1002_cov_65.513843	387	467	2	40	80	0.5000000
NODE_6567_length_1002_cov_65.513843	387	467	6	30	80	0.3750000
NODE_6567_length_1002_cov_65.513843	387	467	8	10	80	0.1250000
NODE_6567_length_1002_cov_65.513843	440	520	6	17	80	0.2125000
NODE_6567_length_1002_cov_65.513843	440	520	8	49	80	0.6125000
NODE_6567_length_1002_cov_65.513843	440	520	10	8	80	0.1000000
NODE_6567_length_1002_cov_65.513843	440	520	12	6	80	0.0750000
NODE_6567_length_1002_cov_65.513843	516	596	6	18	80	0.2250000
NODE_6567_length_1002_cov_65.513843	516	596	8	54	80	0.6750000
NODE_6567_length_1002_cov_65.513843	516	596	12	8	80	0.1000000
NODE_6567_length_1002_cov_65.513843	569	649	0	15	80	0.1875000
NODE_6567_length_1002_cov_65.513843	569	649	4	36	80	0.4500000
NODE_6567_length_1002_cov_65.513843	569	649	6	20	80	0.2500000
NODE_6567_length_1002_cov_65.513843	569	649	8	9	80	0.1125000
NODE_6568_length_1002_cov_41.995570	408	488	0	38	80	0.4750000
NODE_6568_length_1002_cov_41.995570	408	488	3	1	80	0.0125000
NODE_6568_length_1002_cov_41.995570	408	488	4	41	80	0.5125000
NODE_6568_length_1002_cov_41.995570	461	541	4	80	80	1.0000000
NODE_6569_length_1002_cov_19.966777	401	481	8	80	80	1.0000000
NODE_6569_length_1002_cov_19.966777	454	534	0	37	80	0.4625000
NODE_6569_length_1002_cov_19.966777	454	534	6	15	80	0.1875000
NODE_6569_length_1002_cov_19.966777	454	534	8	28	80	0.3500000
NODE_6570_length_1002_cov_19.539313	334	414	0	80	80	1.0000000
NODE_6570_length_1002_cov_19.539313	335	414	0	79	79	1.0000000
NODE_6570_length_1002_cov_19.539313	387	467	0	80	80	1.0000000
NODE_6570_length_1002_cov_19.539313	387	467	0	80	80	1.0000000
NODE_6570_length_1002_cov_19.539313	396	467	0	71	71	1.0000000
NODE_6570_length_1002_cov_19.539313	463	543	0	41	80	0.5125000
NODE_6570_length_1002_cov_19.539313	463	543	6	39	80	0.4875000
NODE_6570_length_1002_cov_19.539313	516	596	6	80	80	1.0000000
NODE_6571_length_1002_cov_17.780731	631	711	2	80	80	1.0000000
NODE_6571_length_1002_cov_17.780731	684	764	1	26	80	0.3250000
NODE_6571_length_1002_cov_17.780731	684	764	2	54	80	0.6750000
NODE_6572_length_1002_cov_17.590255	0	58	0	58	58	1.0000000
NODE_6572_length_1002_cov_17.590255	31	77	0	46	46	1.0000000
NODE_6573_length_1002_cov_17.105205	522	602	0	18	80	0.2250000
NODE_6573_length_1002_cov_17.105205	522	602	3	1	80	0.0125000
NODE_6573_length_1002_cov_17.105205	522	602	5	1	80	0.0125000
NODE_6573_length_1002_cov_17.105205	522	602	6	29	80	0.3625000
NODE_6573_length_1002_cov_17.105205	522	602	8	31	80	0.3875000
NODE_6573_length_1002_cov_17.105205	575	655	4	5	80	0.0625000
NODE_6573_length_1002_cov_17.105205	575	655	6	17	80	0.2125000
NODE_6573_length_1002_cov_17.105205	575	655	8	58	80	0.7250000
NODE_6574_length_1002_cov_11.954596	480	560	1	1	80	0.0125000
NODE_6574_length_1002_cov_11.954596	480	560	2	30	80	0.3750000
NODE_6574_length_1002_cov_11.954596	480	560	4	21	80	0.2625000
NODE_6574_length_1002_cov_11.954596	480	560	6	28	80	0.3500000
NODE_6574_length_1002_cov_11.954596	533	613	5	12	80	0.1500000
NODE_6574_length_1002_cov_11.954596	533	613	6	68	80	0.8500000
NODE_6575_length_1002_cov_11.823920	471	551	0	80	80	1.0000000
NODE_6575_length_1002_cov_11.823920	524	614	0	90	90	1.0000000
NODE_6577_length_1002_cov_6.596899	422	502	0	80	80	1.0000000
NODE_6577_length_1002_cov_6.596899	475	555	0	80	80	1.0000000
NODE_6588_length_1002_cov_2.102990	29	110	2	16	81	0.1975309
NODE_6588_length_1002_cov_2.102990	29	110	4	65	81	0.8024691
NODE_6596_length_1001_cov_41.914634	549	629	0	80	80	1.0000000
NODE_6596_length_1001_cov_41.914634	602	682	0	80	80	1.0000000
NODE_6597_length_1001_cov_30.378049	306	386	4	27	80	0.3375000
NODE_6597_length_1001_cov_30.378049	306	386	6	53	80	0.6625000
NODE_6597_length_1001_cov_30.378049	359	439	4	9	80	0.1125000
NODE_6597_length_1001_cov_30.378049	359	439	6	71	80	0.8875000
NODE_6597_length_1001_cov_30.378049	369	439	4	9	70	0.1285714
NODE_6597_length_1001_cov_30.378049	369	439	6	61	70	0.8714285
NODE_6597_length_1001_cov_30.378049	435	515	4	58	80	0.7250000
NODE_6597_length_1001_cov_30.378049	435	515	7	1	80	0.0125000
NODE_6597_length_1001_cov_30.378049	435	515	8	21	80	0.2625000
NODE_6597_length_1001_cov_30.378049	488	568	4	36	80	0.4500000
NODE_6597_length_1001_cov_30.378049	488	568	7	1	80	0.0125000
NODE_6597_length_1001_cov_30.378049	488	568	8	43	80	0.5375000
NODE_6598_length_1001_cov_22.517738	536	616	4	17	80	0.2125000
NODE_6598_length_1001_cov_22.517738	536	616	6	63	80	0.7875000
NODE_6598_length_1001_cov_22.517738	589	670	0	12	81	0.1481481
NODE_6598_length_1001_cov_22.517738	589	670	2	3	81	0.0370370
NODE_6598_length_1001_cov_22.517738	589	670	4	15	81	0.1851852
NODE_6598_length_1001_cov_22.517738	589	670	6	51	81	0.6296296
NODE_6599_length_1001_cov_17.996674	414	456	0	42	42	1.0000000
NODE_6599_length_1001_cov_17.996674	429	509	0	80	80	1.0000000
NODE_6599_length_1001_cov_17.996674	505	585	0	80	80	1.0000000
NODE_6599_length_1001_cov_17.996674	558	638	0	80	80	1.0000000
NODE_6600_length_1001_cov_16.798226	422	502	10	80	80	1.0000000
NODE_6600_length_1001_cov_16.798226	475	555	0	34	80	0.4250000
NODE_6600_length_1001_cov_16.798226	475	555	8	16	80	0.2000000
NODE_6600_length_1001_cov_16.798226	475	555	10	30	80	0.3750000
NODE_6600_length_1001_cov_16.798226	551	631	0	80	80	1.0000000
NODE_6600_length_1001_cov_16.798226	604	684	0	80	80	1.0000000
NODE_6601_length_1001_cov_12.778271	348	428	0	18	80	0.2250000
NODE_6601_length_1001_cov_12.778271	348	428	4	62	80	0.7750000
NODE_6601_length_1001_cov_12.778271	401	481	0	6	80	0.0750000
NODE_6601_length_1001_cov_12.778271	401	481	4	74	80	0.9250000
NODE_6602_length_1001_cov_12.305987	255	335	0	80	80	1.0000000
NODE_6602_length_1001_cov_12.305987	308	388	0	80	80	1.0000000
NODE_6603_length_1001_cov_11.955654	485	569	2	18	84	0.2142857
NODE_6603_length_1001_cov_11.955654	485	569	4	33	84	0.3928571
NODE_6603_length_1001_cov_11.955654	485	569	14	1	84	0.0119048
NODE_6603_length_1001_cov_11.955654	485	569	15	1	84	0.0119048
NODE_6603_length_1001_cov_11.955654	485	569	16	31	84	0.3690476
NODE_6603_length_1001_cov_11.955654	542	622	12	1	80	0.0125000
NODE_6603_length_1001_cov_11.955654	542	622	14	53	80	0.6625000
NODE_6603_length_1001_cov_11.955654	542	622	16	26	80	0.3250000
NODE_6604_length_1001_cov_10.156319	587	667	0	24	80	0.3000000
NODE_6604_length_1001_cov_10.156319	587	667	2	56	80	0.7000000
NODE_6604_length_1001_cov_10.156319	640	720	2	80	80	1.0000000
NODE_6605_length_1001_cov_9.754989	377	457	2	11	80	0.1375000
NODE_6605_length_1001_cov_9.754989	377	457	4	22	80	0.2750000
NODE_6605_length_1001_cov_9.754989	377	457	8	15	80	0.1875000
NODE_6605_length_1001_cov_9.754989	377	457	9	1	80	0.0125000
NODE_6605_length_1001_cov_9.754989	377	457	10	31	80	0.3875000
NODE_6605_length_1001_cov_9.754989	430	510	6	33	80	0.4125000
NODE_6605_length_1001_cov_9.754989	430	510	8	35	80	0.4375000
NODE_6605_length_1001_cov_9.754989	430	510	10	12	80	0.1500000
NODE_6607_length_1001_cov_4.616408	408	488	0	80	80	1.0000000
NODE_6607_length_1001_cov_4.616408	461	541	0	80	80	1.0000000
NODE_6616_length_1000_cov_55.578246	393	473	0	80	80	1.0000000
NODE_6616_length_1000_cov_55.578246	446	526	0	80	80	1.0000000
NODE_6616_length_1000_cov_55.578246	522	598	0	5	76	0.0657895
NODE_6616_length_1000_cov_55.578246	522	598	2	71	76	0.9342105
NODE_6616_length_1000_cov_55.578246	575	649	0	42	74	0.5675676
NODE_6616_length_1000_cov_55.578246	575	649	2	32	74	0.4324324
NODE_6617_length_1000_cov_51.534961	432	512	0	80	80	1.0000000
NODE_6617_length_1000_cov_51.534961	485	565	0	80	80	1.0000000
NODE_6617_length_1000_cov_51.534961	561	641	0	80	80	1.0000000
NODE_6617_length_1000_cov_51.534961	614	694	0	80	80	1.0000000
NODE_6618_length_1000_cov_39.011099	186	266	0	13	80	0.1625000
NODE_6618_length_1000_cov_39.011099	186	266	4	5	80	0.0625000
NODE_6618_length_1000_cov_39.011099	186	266	6	1	80	0.0125000
NODE_6618_length_1000_cov_39.011099	186	266	8	61	80	0.7625000
NODE_6618_length_1000_cov_39.011099	239	319	2	21	80	0.2625000
NODE_6618_length_1000_cov_39.011099	239	319	6	18	80	0.2250000
NODE_6618_length_1000_cov_39.011099	239	319	8	41	80	0.5125000
NODE_6619_length_1000_cov_19.897891	451	531	0	80	80	1.0000000
NODE_6619_length_1000_cov_19.897891	504	584	0	76	80	0.9500000
NODE_6619_length_1000_cov_19.897891	504	584	2	4	80	0.0500000
NODE_6619_length_1000_cov_19.897891	580	660	2	78	80	0.9750000
NODE_6619_length_1000_cov_19.897891	580	660	4	2	80	0.0250000
NODE_6619_length_1000_cov_19.897891	633	713	2	53	80	0.6625000
NODE_6619_length_1000_cov_19.897891	633	713	4	27	80	0.3375000
NODE_6620_length_1000_cov_13.349612	324	404	2	56	80	0.7000000
NODE_6620_length_1000_cov_13.349612	324	404	4	24	80	0.3000000
NODE_6620_length_1000_cov_13.349612	377	457	2	3	80	0.0375000
NODE_6620_length_1000_cov_13.349612	377	457	3	5	80	0.0625000
NODE_6620_length_1000_cov_13.349612	377	457	4	72	80	0.9000000
NODE_6621_length_1000_cov_11.463929	382	462	0	80	80	1.0000000
NODE_6621_length_1000_cov_11.463929	435	515	0	80	80	1.0000000
NODE_6622_length_1000_cov_9.675916	625	705	2	44	80	0.5500000
NODE_6622_length_1000_cov_9.675916	625	705	4	36	80	0.4500000
NODE_6622_length_1000_cov_9.675916	678	758	0	40	80	0.5000000
NODE_6622_length_1000_cov_9.675916	678	758	2	40	80	0.5000000
NODE_6623_length_1000_cov_7.051054	358	438	2	14	80	0.1750000
NODE_6623_length_1000_cov_7.051054	358	438	6	66	80	0.8250000
NODE_6623_length_1000_cov_7.051054	411	491	0	49	80	0.6125000
NODE_6623_length_1000_cov_7.051054	411	491	2	18	80	0.2250000
NODE_6623_length_1000_cov_7.051054	411	491	6	13	80	0.1625000
NODE_6626_length_1000_cov_3.652608	203	265	2	17	62	0.2741936
NODE_6626_length_1000_cov_3.652608	203	265	8	45	62	0.7258065
NODE_6639_length_999_cov_47.442222	604	684	7	20	80	0.2500000
NODE_6639_length_999_cov_47.442222	604	684	8	10	80	0.1250000
NODE_6639_length_999_cov_47.442222	604	684	9	50	80	0.6250000
NODE_6639_length_999_cov_47.442222	657	723	0	9	66	0.1363636
NODE_6639_length_999_cov_47.442222	657	723	2	2	66	0.0303030
NODE_6639_length_999_cov_47.442222	657	723	9	55	66	0.8333333
NODE_6640_length_999_cov_33.055556	458	540	2	36	82	0.4390244
NODE_6640_length_999_cov_33.055556	458	540	6	2	82	0.0243902
NODE_6640_length_999_cov_33.055556	458	540	12	8	82	0.0975610
NODE_6640_length_999_cov_33.055556	458	540	14	36	82	0.4390244
NODE_6640_length_999_cov_33.055556	513	593	10	26	80	0.3250000
NODE_6640_length_999_cov_33.055556	513	593	12	31	80	0.3875000
NODE_6640_length_999_cov_33.055556	513	593	14	23	80	0.2875000
NODE_6641_length_999_cov_22.755556	493	573	5	7	80	0.0875000
NODE_6641_length_999_cov_22.755556	493	573	8	73	80	0.9125000
NODE_6641_length_999_cov_22.755556	546	626	4	19	80	0.2375000
NODE_6641_length_999_cov_22.755556	546	626	6	14	80	0.1750000
NODE_6641_length_999_cov_22.755556	546	626	7	16	80	0.2000000
NODE_6641_length_999_cov_22.755556	546	626	8	31	80	0.3875000
NODE_6642_length_999_cov_21.842222	359	439	4	12	80	0.1500000
NODE_6642_length_999_cov_21.842222	359	439	6	68	80	0.8500000
NODE_6642_length_999_cov_21.842222	412	492	2	28	80	0.3500000
NODE_6642_length_999_cov_21.842222	412	492	4	37	80	0.4625000
NODE_6642_length_999_cov_21.842222	412	492	6	15	80	0.1875000
NODE_6643_length_999_cov_20.006667	361	441	0	80	80	1.0000000
NODE_6643_length_999_cov_20.006667	414	494	0	80	80	1.0000000
NODE_6643_length_999_cov_20.006667	490	570	0	80	80	1.0000000
NODE_6643_length_999_cov_20.006667	543	623	0	76	80	0.9500000
NODE_6643_length_999_cov_20.006667	543	623	2	4	80	0.0500000
NODE_6645_length_999_cov_16.794444	438	518	2	80	80	1.0000000
NODE_6645_length_999_cov_16.794444	491	571	0	13	80	0.1625000
NODE_6645_length_999_cov_16.794444	491	571	2	67	80	0.8375000
NODE_6646_length_999_cov_15.146667	464	544	0	18	80	0.2250000
NODE_6646_length_999_cov_15.146667	464	544	4	62	80	0.7750000
NODE_6646_length_999_cov_15.146667	517	597	0	71	80	0.8875000
NODE_6646_length_999_cov_15.146667	517	597	4	9	80	0.1125000
NODE_6648_length_999_cov_8.771111	361	441	0	69	80	0.8625000
NODE_6648_length_999_cov_8.771111	361	441	2	11	80	0.1375000
NODE_6648_length_999_cov_8.771111	414	492	0	21	78	0.2692308
NODE_6648_length_999_cov_8.771111	414	492	2	57	78	0.7307692
NODE_6649_length_999_cov_5.171111	417	497	0	7	80	0.0875000
NODE_6649_length_999_cov_5.171111	417	497	2	73	80	0.9125000
NODE_6649_length_999_cov_5.171111	470	550	0	60	80	0.7500000
NODE_6649_length_999_cov_5.171111	470	550	2	20	80	0.2500000
NODE_6650_length_999_cov_2.854444	35	101	2	66	66	1.0000000
NODE_6657_length_998_cov_30.697442	404	484	0	80	80	1.0000000
NODE_6657_length_998_cov_30.697442	457	537	0	80	80	1.0000000
NODE_6657_length_998_cov_30.697442	533	613	0	80	80	1.0000000
NODE_6657_length_998_cov_30.697442	586	666	0	80	80	1.0000000
NODE_6658_length_998_cov_23.703003	235	315	0	20	80	0.2500000
NODE_6658_length_998_cov_23.703003	235	315	2	60	80	0.7500000
NODE_6658_length_998_cov_23.703003	288	368	2	80	80	1.0000000
NODE_6659_length_998_cov_22.692992	531	611	2	80	80	1.0000000
NODE_6659_length_998_cov_22.692992	584	664	0	50	80	0.6250000
NODE_6659_length_998_cov_22.692992	584	664	2	30	80	0.3750000
NODE_6660_length_998_cov_11.152392	514	594	0	19	80	0.2375000
NODE_6660_length_998_cov_11.152392	514	594	4	11	80	0.1375000
NODE_6660_length_998_cov_11.152392	514	594	8	50	80	0.6250000
NODE_6660_length_998_cov_11.152392	567	640	0	65	73	0.8904110
NODE_6660_length_998_cov_11.152392	567	640	4	8	73	0.1095890
NODE_6660_length_998_cov_11.152392	636	716	0	80	80	1.0000000
NODE_6660_length_998_cov_11.152392	689	769	0	80	80	1.0000000
NODE_6661_length_998_cov_10.061179	422	502	2	80	80	1.0000000
NODE_6661_length_998_cov_10.061179	475	555	0	40	80	0.5000000
NODE_6661_length_998_cov_10.061179	475	555	1	7	80	0.0875000
NODE_6661_length_998_cov_10.061179	475	555	2	33	80	0.4125000
NODE_6662_length_998_cov_7.126808	353	430	2	24	77	0.3116883
NODE_6662_length_998_cov_7.126808	353	430	4	53	77	0.6883117
NODE_6662_length_998_cov_7.126808	403	483	2	31	80	0.3875000
NODE_6662_length_998_cov_7.126808	403	483	4	49	80	0.6125000
NODE_6669_length_997_cov_48.518931	445	525	3	22	80	0.2750000
NODE_6669_length_997_cov_48.518931	445	525	5	10	80	0.1250000
NODE_6669_length_997_cov_48.518931	445	525	6	48	80	0.6000000
NODE_6669_length_997_cov_48.518931	498	578	1	16	80	0.2000000
NODE_6669_length_997_cov_48.518931	498	578	2	11	80	0.1375000
NODE_6669_length_997_cov_48.518931	498	578	4	3	80	0.0375000
NODE_6669_length_997_cov_48.518931	498	578	6	50	80	0.6250000
NODE_6670_length_997_cov_36.721604	400	480	0	46	80	0.5750000
NODE_6670_length_997_cov_36.721604	400	480	2	34	80	0.4250000
NODE_6670_length_997_cov_36.721604	453	533	2	80	80	1.0000000
NODE_6671_length_997_cov_22.646993	328	408	0	80	80	1.0000000
NODE_6671_length_997_cov_22.646993	381	461	0	80	80	1.0000000
NODE_6672_length_997_cov_19.709354	420	500	6	80	80	1.0000000
NODE_6672_length_997_cov_19.709354	473	553	0	1	80	0.0125000
NODE_6672_length_997_cov_19.709354	473	553	2	3	80	0.0375000
NODE_6672_length_997_cov_19.709354	473	553	6	76	80	0.9500000
NODE_6672_length_997_cov_19.709354	549	629	0	1	80	0.0125000
NODE_6672_length_997_cov_19.709354	549	629	2	46	80	0.5750000
NODE_6672_length_997_cov_19.709354	549	629	4	7	80	0.0875000
NODE_6672_length_997_cov_19.709354	549	629	6	26	80	0.3250000
NODE_6672_length_997_cov_19.709354	602	682	4	44	80	0.5500000
NODE_6672_length_997_cov_19.709354	602	682	6	36	80	0.4500000
NODE_6673_length_997_cov_17.947661	465	545	0	15	80	0.1875000
NODE_6673_length_997_cov_17.947661	465	545	2	65	80	0.8125000
NODE_6673_length_997_cov_17.947661	518	598	2	64	80	0.8000000
NODE_6673_length_997_cov_17.947661	518	598	4	16	80	0.2000000
NODE_6673_length_997_cov_17.947661	594	674	2	22	80	0.2750000
NODE_6673_length_997_cov_17.947661	594	674	4	14	80	0.1750000
NODE_6673_length_997_cov_17.947661	594	674	6	44	80	0.5500000
NODE_6673_length_997_cov_17.947661	647	727	2	9	80	0.1125000
NODE_6673_length_997_cov_17.947661	647	727	4	31	80	0.3875000
NODE_6673_length_997_cov_17.947661	647	727	6	40	80	0.5000000
NODE_6674_length_997_cov_14.718263	388	468	0	80	80	1.0000000
NODE_6674_length_997_cov_14.718263	441	521	0	80	80	1.0000000
NODE_6675_length_997_cov_7.114699	307	387	2	80	80	1.0000000
NODE_6675_length_997_cov_7.114699	360	440	0	16	80	0.2000000
NODE_6675_length_997_cov_7.114699	360	440	2	64	80	0.8000000
NODE_6694_length_996_cov_59.568562	387	467	0	52	80	0.6500000
NODE_6694_length_996_cov_59.568562	387	467	4	28	80	0.3500000
NODE_6694_length_996_cov_59.568562	440	520	4	35	80	0.4375000
NODE_6694_length_996_cov_59.568562	440	520	8	45	80	0.5625000
NODE_6695_length_996_cov_32.462653	503	583	4	14	80	0.1750000
NODE_6695_length_996_cov_32.462653	503	583	5	7	80	0.0875000
NODE_6695_length_996_cov_32.462653	503	583	6	3	80	0.0375000
NODE_6695_length_996_cov_32.462653	503	583	7	12	80	0.1500000
NODE_6695_length_996_cov_32.462653	503	583	8	44	80	0.5500000
NODE_6695_length_996_cov_32.462653	556	636	4	51	80	0.6375000
NODE_6695_length_996_cov_32.462653	556	636	5	16	80	0.2000000
NODE_6695_length_996_cov_32.462653	556	636	6	1	80	0.0125000
NODE_6695_length_996_cov_32.462653	556	636	7	12	80	0.1500000
NODE_6696_length_996_cov_23.312152	571	651	0	59	80	0.7375000
NODE_6696_length_996_cov_23.312152	571	651	2	17	80	0.2125000
NODE_6696_length_996_cov_23.312152	571	651	4	4	80	0.0500000
NODE_6696_length_996_cov_23.312152	624	704	0	6	80	0.0750000
NODE_6696_length_996_cov_23.312152	624	704	2	17	80	0.2125000
NODE_6696_length_996_cov_23.312152	624	704	4	7	80	0.0875000
NODE_6696_length_996_cov_23.312152	624	704	8	50	80	0.6250000
NODE_6697_length_996_cov_20.979933	533	613	0	14	80	0.1750000
NODE_6697_length_996_cov_20.979933	533	613	2	5	80	0.0625000
NODE_6697_length_996_cov_20.979933	533	613	6	31	80	0.3875000
NODE_6697_length_996_cov_20.979933	533	613	8	30	80	0.3750000
NODE_6697_length_996_cov_20.979933	586	666	2	6	80	0.0750000
NODE_6697_length_996_cov_20.979933	586	666	4	12	80	0.1500000
NODE_6697_length_996_cov_20.979933	586	666	8	62	80	0.7750000
NODE_6698_length_996_cov_17.865106	535	615	0	80	80	1.0000000
NODE_6698_length_996_cov_17.865106	588	668	0	80	80	1.0000000
NODE_6699_length_996_cov_10.297659	499	579	0	6	80	0.0750000
NODE_6699_length_996_cov_10.297659	499	579	6	27	80	0.3375000
NODE_6699_length_996_cov_10.297659	499	579	10	47	80	0.5875000
NODE_6699_length_996_cov_10.297659	552	630	4	9	78	0.1153846
NODE_6699_length_996_cov_10.297659	552	630	10	69	78	0.8846154
NODE_6702_length_996_cov_3.205128	499	555	4	56	56	1.0000000
NODE_6707_length_995_cov_26.131696	543	623	14	29	80	0.3625000
NODE_6707_length_995_cov_26.131696	543	623	16	51	80	0.6375000
NODE_6707_length_995_cov_26.131696	596	676	0	5	80	0.0625000
NODE_6707_length_995_cov_26.131696	596	676	3	19	80	0.2375000
NODE_6707_length_995_cov_26.131696	596	676	5	6	80	0.0750000
NODE_6707_length_995_cov_26.131696	596	676	6	8	80	0.1000000
NODE_6707_length_995_cov_26.131696	596	676	8	13	80	0.1625000
NODE_6707_length_995_cov_26.131696	596	676	14	19	80	0.2375000
NODE_6707_length_995_cov_26.131696	596	676	16	10	80	0.1250000
NODE_6708_length_995_cov_20.262277	457	537	0	3	80	0.0375000
NODE_6708_length_995_cov_20.262277	457	537	2	77	80	0.9625000
NODE_6708_length_995_cov_20.262277	510	590	0	56	80	0.7000000
NODE_6708_length_995_cov_20.262277	510	590	2	24	80	0.3000000
NODE_6709_length_995_cov_19.382812	457	537	0	80	80	1.0000000
NODE_6709_length_995_cov_19.382812	510	590	0	80	80	1.0000000
NODE_6710_length_995_cov_19.034598	453	533	2	80	80	1.0000000
NODE_6710_length_995_cov_19.034598	506	586	0	27	80	0.3375000
NODE_6710_length_995_cov_19.034598	506	586	2	53	80	0.6625000
NODE_6711_length_995_cov_9.734375	222	323	0	101	101	1.0000000
NODE_6711_length_995_cov_9.734375	296	376	0	80	80	1.0000000
NODE_6723_length_994_cov_74.678212	362	442	0	28	80	0.3500000
NODE_6723_length_994_cov_74.678212	362	442	2	52	80	0.6500000
NODE_6723_length_994_cov_74.678212	415	495	0	80	80	1.0000000
NODE_6723_length_994_cov_74.678212	491	571	0	56	80	0.7000000
NODE_6723_length_994_cov_74.678212	491	571	1	11	80	0.1375000
NODE_6723_length_994_cov_74.678212	491	571	3	13	80	0.1625000
NODE_6723_length_994_cov_74.678212	544	624	0	3	80	0.0375000
NODE_6723_length_994_cov_74.678212	544	624	1	11	80	0.1375000
NODE_6723_length_994_cov_74.678212	544	624	3	32	80	0.4000000
NODE_6723_length_994_cov_74.678212	544	624	4	20	80	0.2500000
NODE_6723_length_994_cov_74.678212	544	624	6	14	80	0.1750000
NODE_6724_length_994_cov_26.045810	442	522	0	76	80	0.9500000
NODE_6724_length_994_cov_26.045810	442	522	2	4	80	0.0500000
NODE_6724_length_994_cov_26.045810	495	575	0	23	80	0.2875000
NODE_6724_length_994_cov_26.045810	495	575	2	57	80	0.7125000
NODE_6725_length_994_cov_25.240223	504	584	6	8	80	0.1000000
NODE_6725_length_994_cov_25.240223	504	584	14	37	80	0.4625000
NODE_6725_length_994_cov_25.240223	504	584	16	35	80	0.4375000
NODE_6725_length_994_cov_25.240223	557	637	0	1	80	0.0125000
NODE_6725_length_994_cov_25.240223	557	637	2	1	80	0.0125000
NODE_6725_length_994_cov_25.240223	557	637	4	5	80	0.0625000
NODE_6725_length_994_cov_25.240223	557	637	6	9	80	0.1125000
NODE_6725_length_994_cov_25.240223	557	637	14	49	80	0.6125000
NODE_6725_length_994_cov_25.240223	557	637	16	15	80	0.1875000
NODE_6726_length_994_cov_24.615642	422	502	0	12	80	0.1500000
NODE_6726_length_994_cov_24.615642	422	502	2	68	80	0.8500000
NODE_6726_length_994_cov_24.615642	475	555	0	65	80	0.8125000
NODE_6726_length_994_cov_24.615642	475	555	2	15	80	0.1875000
NODE_6726_length_994_cov_24.615642	551	631	0	53	80	0.6625000
NODE_6726_length_994_cov_24.615642	551	631	4	27	80	0.3375000
NODE_6726_length_994_cov_24.615642	604	684	4	80	80	1.0000000
NODE_6727_length_994_cov_22.593296	323	403	0	80	80	1.0000000
NODE_6727_length_994_cov_22.593296	376	456	0	28	80	0.3500000
NODE_6727_length_994_cov_22.593296	376	456	4	52	80	0.6500000
NODE_6727_length_994_cov_22.593296	452	532	0	30	80	0.3750000
NODE_6727_length_994_cov_22.593296	452	532	3	3	80	0.0375000
NODE_6727_length_994_cov_22.593296	452	532	4	47	80	0.5875000
NODE_6727_length_994_cov_22.593296	505	585	0	80	80	1.0000000
NODE_6728_length_994_cov_6.985475	0	58	0	3	58	0.0517241
NODE_6728_length_994_cov_6.985475	0	58	2	31	58	0.5344828
NODE_6728_length_994_cov_6.985475	0	58	4	24	58	0.4137931
NODE_6728_length_994_cov_6.985475	15	95	2	19	80	0.2375000
NODE_6728_length_994_cov_6.985475	15	95	4	61	80	0.7625000
NODE_6728_length_994_cov_6.985475	68	148	4	80	80	1.0000000
NODE_6740_length_993_cov_56.321029	266	346	0	69	80	0.8625000
NODE_6740_length_993_cov_56.321029	266	346	2	11	80	0.1375000
NODE_6740_length_993_cov_56.321029	319	399	0	16	80	0.2000000
NODE_6740_length_993_cov_56.321029	319	399	2	64	80	0.8000000
NODE_6740_length_993_cov_56.321029	400	470	0	18	70	0.2571429
NODE_6740_length_993_cov_56.321029	400	470	2	52	70	0.7428572
NODE_6740_length_993_cov_56.321029	443	523	0	71	80	0.8875000
NODE_6740_length_993_cov_56.321029	443	523	2	9	80	0.1125000
NODE_6741_length_993_cov_44.695749	385	465	0	5	80	0.0625000
NODE_6741_length_993_cov_44.695749	385	465	6	75	80	0.9375000
NODE_6741_length_993_cov_44.695749	438	518	0	58	80	0.7250000
NODE_6741_length_993_cov_44.695749	438	518	6	22	80	0.2750000
NODE_6742_length_993_cov_40.574944	417	497	0	2	80	0.0250000
NODE_6742_length_993_cov_40.574944	417	497	2	78	80	0.9750000
NODE_6742_length_993_cov_40.574944	470	550	2	80	80	1.0000000
NODE_6742_length_993_cov_40.574944	546	628	0	40	82	0.4878049
NODE_6742_length_993_cov_40.574944	546	628	2	42	82	0.5121951
NODE_6742_length_993_cov_40.574944	601	681	0	16	80	0.2000000
NODE_6742_length_993_cov_40.574944	601	681	2	64	80	0.8000000
NODE_6743_length_993_cov_39.817673	3	83	2	2	80	0.0250000
NODE_6743_length_993_cov_39.817673	3	83	8	70	80	0.8750000
NODE_6743_length_993_cov_39.817673	3	83	12	1	80	0.0125000
NODE_6743_length_993_cov_39.817673	3	83	20	7	80	0.0875000
NODE_6744_length_993_cov_30.128635	477	557	4	80	80	1.0000000
NODE_6744_length_993_cov_30.128635	530	610	0	5	80	0.0625000
NODE_6744_length_993_cov_30.128635	530	610	1	7	80	0.0875000
NODE_6744_length_993_cov_30.128635	530	610	2	15	80	0.1875000
NODE_6744_length_993_cov_30.128635	530	610	4	53	80	0.6625000
NODE_6745_length_993_cov_17.435123	573	653	0	80	80	1.0000000
NODE_6745_length_993_cov_17.435123	626	706	0	43	80	0.5375000
NODE_6745_length_993_cov_17.435123	626	706	2	37	80	0.4625000
NODE_6746_length_993_cov_13.074944	483	563	6	2	80	0.0250000
NODE_6746_length_993_cov_13.074944	483	563	8	19	80	0.2375000
NODE_6746_length_993_cov_13.074944	483	563	10	59	80	0.7375000
NODE_6746_length_993_cov_13.074944	536	616	2	7	80	0.0875000
NODE_6746_length_993_cov_13.074944	536	616	6	24	80	0.3000000
NODE_6746_length_993_cov_13.074944	536	616	8	1	80	0.0125000
NODE_6746_length_993_cov_13.074944	536	616	10	48	80	0.6000000
NODE_6747_length_993_cov_10.190157	500	580	0	80	80	1.0000000
NODE_6747_length_993_cov_10.190157	553	633	0	80	80	1.0000000
NODE_6756_length_993_cov_0.909396	16	73	0	57	57	1.0000000
NODE_6757_length_992_cov_36.119821	354	434	0	80	80	1.0000000
NODE_6757_length_992_cov_36.119821	407	487	0	80	80	1.0000000
NODE_6757_length_992_cov_36.119821	483	563	0	66	80	0.8250000
NODE_6757_length_992_cov_36.119821	483	563	6	14	80	0.1750000
NODE_6757_length_992_cov_36.119821	536	616	0	13	80	0.1625000
NODE_6757_length_992_cov_36.119821	536	616	6	67	80	0.8375000
NODE_6758_length_992_cov_34.802912	443	523	0	80	80	1.0000000
NODE_6758_length_992_cov_34.802912	496	576	0	80	80	1.0000000
NODE_6759_length_992_cov_33.047032	381	461	0	16	80	0.2000000
NODE_6759_length_992_cov_33.047032	381	461	6	9	80	0.1125000
NODE_6759_length_992_cov_33.047032	381	461	8	15	80	0.1875000
NODE_6759_length_992_cov_33.047032	381	461	10	19	80	0.2375000
NODE_6759_length_992_cov_33.047032	381	461	11	21	80	0.2625000
NODE_6759_length_992_cov_33.047032	434	514	4	3	80	0.0375000
NODE_6759_length_992_cov_33.047032	434	514	10	6	80	0.0750000
NODE_6759_length_992_cov_33.047032	434	514	11	25	80	0.3125000
NODE_6759_length_992_cov_33.047032	434	514	12	46	80	0.5750000
NODE_6759_length_992_cov_33.047032	510	590	0	24	80	0.3000000
NODE_6759_length_992_cov_33.047032	510	590	2	26	80	0.3250000
NODE_6759_length_992_cov_33.047032	510	590	4	29	80	0.3625000
NODE_6759_length_992_cov_33.047032	510	590	12	1	80	0.0125000
NODE_6759_length_992_cov_33.047032	563	643	0	11	80	0.1375000
NODE_6759_length_992_cov_33.047032	563	643	2	69	80	0.8625000
NODE_6760_length_992_cov_23.543113	435	515	0	80	80	1.0000000
NODE_6760_length_992_cov_23.543113	488	568	0	80	80	1.0000000
NODE_6761_length_992_cov_22.608063	440	520	10	80	80	1.0000000
NODE_6761_length_992_cov_22.608063	493	573	0	18	80	0.2250000
NODE_6761_length_992_cov_22.608063	493	573	10	62	80	0.7750000
NODE_6762_length_992_cov_21.427772	216	296	0	47	80	0.5875000
NODE_6762_length_992_cov_21.427772	216	296	4	18	80	0.2250000
NODE_6762_length_992_cov_21.427772	216	296	8	15	80	0.1875000
NODE_6762_length_992_cov_21.427772	269	349	4	12	80	0.1500000
NODE_6762_length_992_cov_21.427772	269	349	8	68	80	0.8500000
NODE_6763_length_992_cov_20.010078	312	392	0	10	80	0.1250000
NODE_6763_length_992_cov_20.010078	312	392	2	70	80	0.8750000
NODE_6763_length_992_cov_20.010078	365	445	0	63	80	0.7875000
NODE_6763_length_992_cov_20.010078	365	445	2	17	80	0.2125000
NODE_6764_length_992_cov_16.524076	465	545	2	80	80	1.0000000
NODE_6764_length_992_cov_16.524076	518	598	0	26	80	0.3250000
NODE_6764_length_992_cov_16.524076	518	598	2	54	80	0.6750000
NODE_6765_length_992_cov_16.266517	396	476	0	80	80	1.0000000
NODE_6765_length_992_cov_16.266517	449	529	0	80	80	1.0000000
NODE_6766_length_992_cov_16.146697	272	352	2	4	80	0.0500000
NODE_6766_length_992_cov_16.146697	272	352	6	76	80	0.9500000
NODE_6766_length_992_cov_16.146697	325	405	0	42	80	0.5250000
NODE_6766_length_992_cov_16.146697	325	405	4	4	80	0.0500000
NODE_6766_length_992_cov_16.146697	325	405	6	34	80	0.4250000
NODE_6767_length_992_cov_15.212766	354	434	0	31	80	0.3875000
NODE_6767_length_992_cov_15.212766	354	434	1	3	80	0.0375000
NODE_6767_length_992_cov_15.212766	354	434	2	46	80	0.5750000
NODE_6767_length_992_cov_15.212766	407	487	0	80	80	1.0000000
NODE_6767_length_992_cov_15.212766	483	563	0	37	80	0.4625000
NODE_6767_length_992_cov_15.212766	483	563	4	43	80	0.5375000
NODE_6767_length_992_cov_15.212766	536	616	4	80	80	1.0000000
NODE_6781_length_991_cov_48.582960	451	531	0	16	80	0.2000000
NODE_6781_length_991_cov_48.582960	451	531	1	25	80	0.3125000
NODE_6781_length_991_cov_48.582960	451	531	2	39	80	0.4875000
NODE_6781_length_991_cov_48.582960	504	584	2	80	80	1.0000000
NODE_6782_length_991_cov_25.891256	340	420	0	9	80	0.1125000
NODE_6782_length_991_cov_25.891256	340	420	2	59	80	0.7375000
NODE_6782_length_991_cov_25.891256	340	420	4	12	80	0.1500000
NODE_6782_length_991_cov_25.891256	393	473	2	80	80	1.0000000
NODE_6782_length_991_cov_25.891256	469	549	2	15	80	0.1875000
NODE_6782_length_991_cov_25.891256	469	549	4	40	80	0.5000000
NODE_6782_length_991_cov_25.891256	469	549	6	25	80	0.3125000
NODE_6782_length_991_cov_25.891256	522	602	2	20	80	0.2500000
NODE_6782_length_991_cov_25.891256	522	602	4	23	80	0.2875000
NODE_6782_length_991_cov_25.891256	522	602	6	37	80	0.4625000
NODE_6783_length_991_cov_25.392377	377	457	0	40	80	0.5000000
NODE_6783_length_991_cov_25.392377	377	457	2	40	80	0.5000000
NODE_6783_length_991_cov_25.392377	430	510	0	12	80	0.1500000
NODE_6783_length_991_cov_25.392377	430	510	2	68	80	0.8500000
NODE_6783_length_991_cov_25.392377	506	586	0	49	80	0.6125000
NODE_6783_length_991_cov_25.392377	506	586	2	31	80	0.3875000
NODE_6783_length_991_cov_25.392377	559	639	2	80	80	1.0000000
NODE_6784_length_991_cov_22.210762	421	501	0	65	80	0.8125000
NODE_6784_length_991_cov_22.210762	421	501	6	15	80	0.1875000
NODE_6784_length_991_cov_22.210762	474	554	0	12	80	0.1500000
NODE_6784_length_991_cov_22.210762	474	554	6	68	80	0.8500000
NODE_6785_length_991_cov_18.008969	366	446	0	80	80	1.0000000
NODE_6785_length_991_cov_18.008969	419	499	0	80	80	1.0000000
NODE_6785_length_991_cov_18.008969	495	575	0	80	80	1.0000000
NODE_6785_length_991_cov_18.008969	548	629	0	81	81	1.0000000
NODE_6786_length_991_cov_14.727578	426	506	0	18	80	0.2250000
NODE_6786_length_991_cov_14.727578	426	506	1	33	80	0.4125000
NODE_6786_length_991_cov_14.727578	426	506	2	29	80	0.3625000
NODE_6786_length_991_cov_14.727578	479	559	2	80	80	1.0000000
NODE_6787_length_991_cov_13.081839	240	320	1	16	80	0.2000000
NODE_6787_length_991_cov_13.081839	240	320	3	24	80	0.3000000
NODE_6787_length_991_cov_13.081839	240	320	4	40	80	0.5000000
NODE_6787_length_991_cov_13.081839	293	373	2	20	80	0.2500000
NODE_6787_length_991_cov_13.081839	293	373	4	60	80	0.7500000
NODE_6788_length_991_cov_12.693946	425	505	2	54	80	0.6750000
NODE_6788_length_991_cov_12.693946	425	505	4	26	80	0.3250000
NODE_6788_length_991_cov_12.693946	478	558	0	20	80	0.2500000
NODE_6788_length_991_cov_12.693946	478	558	1	2	80	0.0250000
NODE_6788_length_991_cov_12.693946	478	558	2	58	80	0.7250000
NODE_6789_length_991_cov_9.647982	436	516	0	80	80	1.0000000
NODE_6789_length_991_cov_9.647982	489	569	0	44	80	0.5500000
NODE_6789_length_991_cov_9.647982	489	569	2	36	80	0.4500000
NODE_6790_length_991_cov_5.176009	538	618	0	80	80	1.0000000
NODE_6790_length_991_cov_5.176009	591	671	0	80	80	1.0000000
NODE_6801_length_990_cov_39.386083	402	482	2	61	80	0.7625000
NODE_6801_length_990_cov_39.386083	402	482	4	19	80	0.2375000
NODE_6801_length_990_cov_39.386083	455	535	0	24	80	0.3000000
NODE_6801_length_990_cov_39.386083	455	535	2	25	80	0.3125000
NODE_6801_length_990_cov_39.386083	455	535	4	31	80	0.3875000
NODE_6802_length_990_cov_35.993266	321	401	0	80	80	1.0000000
NODE_6802_length_990_cov_35.993266	374	454	0	28	80	0.3500000
NODE_6802_length_990_cov_35.993266	374	454	4	52	80	0.6500000
NODE_6802_length_990_cov_35.993266	450	530	2	35	80	0.4375000
NODE_6802_length_990_cov_35.993266	450	530	4	31	80	0.3875000
NODE_6802_length_990_cov_35.993266	450	530	6	14	80	0.1750000
NODE_6802_length_990_cov_35.993266	503	583	2	80	80	1.0000000
NODE_6803_length_990_cov_24.445567	588	668	0	15	80	0.1875000
NODE_6803_length_990_cov_24.445567	588	668	2	65	80	0.8125000
NODE_6803_length_990_cov_24.445567	641	721	0	68	80	0.8500000
NODE_6803_length_990_cov_24.445567	641	721	2	12	80	0.1500000
NODE_6805_length_990_cov_22.378227	430	510	0	80	80	1.0000000
NODE_6805_length_990_cov_22.378227	483	563	0	80	80	1.0000000
NODE_6806_length_990_cov_20.150393	408	488	0	46	80	0.5750000
NODE_6806_length_990_cov_20.150393	408	488	2	5	80	0.0625000
NODE_6806_length_990_cov_20.150393	408	488	3	16	80	0.2000000
NODE_6806_length_990_cov_20.150393	408	488	4	13	80	0.1625000
NODE_6806_length_990_cov_20.150393	461	541	0	9	80	0.1125000
NODE_6806_length_990_cov_20.150393	461	541	1	2	80	0.0250000
NODE_6806_length_990_cov_20.150393	461	541	3	14	80	0.1750000
NODE_6806_length_990_cov_20.150393	461	541	4	55	80	0.6875000
NODE_6807_length_990_cov_18.154882	434	514	0	20	80	0.2500000
NODE_6807_length_990_cov_18.154882	434	514	2	60	80	0.7500000
NODE_6807_length_990_cov_18.154882	487	567	0	26	80	0.3250000
NODE_6807_length_990_cov_18.154882	487	567	2	54	80	0.6750000
NODE_6808_length_990_cov_17.250281	329	409	1	22	80	0.2750000
NODE_6808_length_990_cov_17.250281	329	409	3	52	80	0.6500000
NODE_6808_length_990_cov_17.250281	329	409	6	2	80	0.0250000
NODE_6808_length_990_cov_17.250281	329	409	7	4	80	0.0500000
NODE_6808_length_990_cov_17.250281	382	462	3	21	80	0.2625000
NODE_6808_length_990_cov_17.250281	382	462	5	7	80	0.0875000
NODE_6808_length_990_cov_17.250281	382	462	6	2	80	0.0250000
NODE_6808_length_990_cov_17.250281	382	462	7	35	80	0.4375000
NODE_6808_length_990_cov_17.250281	382	462	8	15	80	0.1875000
NODE_6808_length_990_cov_17.250281	458	538	5	6	80	0.0750000
NODE_6808_length_990_cov_17.250281	458	538	9	21	80	0.2625000
NODE_6808_length_990_cov_17.250281	458	538	13	53	80	0.6625000
NODE_6808_length_990_cov_17.250281	511	591	9	30	80	0.3750000
NODE_6808_length_990_cov_17.250281	511	591	10	18	80	0.2250000
NODE_6808_length_990_cov_17.250281	511	591	11	26	80	0.3250000
NODE_6808_length_990_cov_17.250281	511	591	13	6	80	0.0750000
NODE_6809_length_990_cov_14.977553	448	528	0	80	80	1.0000000
NODE_6809_length_990_cov_14.977553	501	581	0	80	80	1.0000000
NODE_6810_length_990_cov_13.846240	482	562	0	38	80	0.4750000
NODE_6810_length_990_cov_13.846240	482	562	2	42	80	0.5250000
NODE_6810_length_990_cov_13.846240	535	615	0	17	80	0.2125000
NODE_6810_length_990_cov_13.846240	535	615	2	63	80	0.7875000
NODE_6821_length_990_cov_0.978676	79	151	2	11	72	0.1527778
NODE_6821_length_990_cov_0.978676	79	151	4	61	72	0.8472222
NODE_6821_length_990_cov_0.978676	82	152	0	1	70	0.0142857
NODE_6821_length_990_cov_0.978676	82	152	2	8	70	0.1142857
NODE_6821_length_990_cov_0.978676	82	152	4	61	70	0.8714285
NODE_6823_length_989_cov_45.902247	47	127	3	1	80	0.0125000
NODE_6823_length_989_cov_45.902247	47	127	36	2	80	0.0250000
NODE_6823_length_989_cov_45.902247	47	127	44	3	80	0.0375000
NODE_6823_length_989_cov_45.902247	47	127	46	2	80	0.0250000
NODE_6823_length_989_cov_45.902247	47	127	50	1	80	0.0125000
NODE_6823_length_989_cov_45.902247	47	127	52	1	80	0.0125000
NODE_6823_length_989_cov_45.902247	47	127	54	2	80	0.0250000
NODE_6823_length_989_cov_45.902247	47	127	56	5	80	0.0625000
NODE_6823_length_989_cov_45.902247	47	127	60	6	80	0.0750000
NODE_6823_length_989_cov_45.902247	47	127	62	57	80	0.7125000
NODE_6823_length_989_cov_45.902247	330	410	11	23	80	0.2875000
NODE_6823_length_989_cov_45.902247	330	410	12	57	80	0.7125000
NODE_6823_length_989_cov_45.902247	383	463	6	6	80	0.0750000
NODE_6823_length_989_cov_45.902247	383	463	12	74	80	0.9250000
NODE_6824_length_989_cov_35.430337	412	492	0	5	80	0.0625000
NODE_6824_length_989_cov_35.430337	412	492	2	34	80	0.4250000
NODE_6824_length_989_cov_35.430337	412	492	4	5	80	0.0625000
NODE_6824_length_989_cov_35.430337	412	492	5	36	80	0.4500000
NODE_6824_length_989_cov_35.430337	465	545	0	6	80	0.0750000
NODE_6824_length_989_cov_35.430337	465	545	2	53	80	0.6625000
NODE_6824_length_989_cov_35.430337	465	545	5	21	80	0.2625000
NODE_6825_length_989_cov_30.124719	477	557	2	22	80	0.2750000
NODE_6825_length_989_cov_30.124719	477	557	6	50	80	0.6250000
NODE_6825_length_989_cov_30.124719	477	557	8	8	80	0.1000000
NODE_6825_length_989_cov_30.124719	530	610	0	18	80	0.2250000
NODE_6825_length_989_cov_30.124719	530	610	6	62	80	0.7750000
NODE_6826_length_989_cov_29.347191	447	527	0	61	80	0.7625000
NODE_6826_length_989_cov_29.347191	447	527	2	19	80	0.2375000
NODE_6826_length_989_cov_29.347191	500	580	0	14	80	0.1750000
NODE_6826_length_989_cov_29.347191	500	580	2	66	80	0.8250000
NODE_6826_length_989_cov_29.347191	576	656	0	80	80	1.0000000
NODE_6826_length_989_cov_29.347191	629	709	0	80	80	1.0000000
NODE_6827_length_989_cov_27.886517	245	325	8	5	80	0.0625000
NODE_6827_length_989_cov_27.886517	245	325	10	45	80	0.5625000
NODE_6827_length_989_cov_27.886517	245	325	12	30	80	0.3750000
NODE_6827_length_989_cov_27.886517	298	378	0	14	80	0.1750000
NODE_6827_length_989_cov_27.886517	298	378	6	24	80	0.3000000
NODE_6827_length_989_cov_27.886517	298	378	8	20	80	0.2500000
NODE_6827_length_989_cov_27.886517	298	378	12	22	80	0.2750000
NODE_6827_length_989_cov_27.886517	374	454	0	80	80	1.0000000
NODE_6827_length_989_cov_27.886517	427	507	0	80	80	1.0000000
NODE_6828_length_989_cov_27.515730	393	473	0	80	80	1.0000000
NODE_6828_length_989_cov_27.515730	446	526	0	80	80	1.0000000
NODE_6828_length_989_cov_27.515730	522	602	0	80	80	1.0000000
NODE_6828_length_989_cov_27.515730	575	655	0	80	80	1.0000000
NODE_6829_length_989_cov_23.844944	312	392	0	62	80	0.7750000
NODE_6829_length_989_cov_23.844944	312	392	2	15	80	0.1875000
NODE_6829_length_989_cov_23.844944	312	392	4	3	80	0.0375000
NODE_6829_length_989_cov_23.844944	365	445	0	9	80	0.1125000
NODE_6829_length_989_cov_23.844944	365	445	2	15	80	0.1875000
NODE_6829_length_989_cov_23.844944	365	445	4	3	80	0.0375000
NODE_6829_length_989_cov_23.844944	365	445	8	53	80	0.6625000
NODE_6830_length_989_cov_23.131461	475	555	0	26	80	0.3250000
NODE_6830_length_989_cov_23.131461	475	555	4	54	80	0.6750000
NODE_6830_length_989_cov_23.131461	528	608	0	15	80	0.1875000
NODE_6830_length_989_cov_23.131461	528	608	4	65	80	0.8125000
NODE_6831_length_989_cov_20.189888	500	580	0	18	80	0.2250000
NODE_6831_length_989_cov_20.189888	500	580	6	62	80	0.7750000
NODE_6831_length_989_cov_20.189888	553	633	0	9	80	0.1125000
NODE_6831_length_989_cov_20.189888	553	633	5	1	80	0.0125000
NODE_6831_length_989_cov_20.189888	553	633	6	70	80	0.8750000
NODE_6832_length_989_cov_18.429213	190	270	0	80	80	1.0000000
NODE_6832_length_989_cov_18.429213	258	323	0	65	65	1.0000000
NODE_6832_length_989_cov_18.429213	319	399	0	18	80	0.2250000
NODE_6832_length_989_cov_18.429213	319	399	7	1	80	0.0125000
NODE_6832_length_989_cov_18.429213	319	399	8	22	80	0.2750000
NODE_6832_length_989_cov_18.429213	319	399	11	39	80	0.4875000
NODE_6832_length_989_cov_18.429213	372	412	11	40	40	1.0000000
NODE_6833_length_989_cov_10.307865	433	513	0	80	80	1.0000000
NODE_6833_length_989_cov_10.307865	486	570	0	74	84	0.8809524
NODE_6833_length_989_cov_10.307865	486	570	1	10	84	0.1190476
NODE_6833_length_989_cov_10.307865	566	642	1	37	76	0.4868421
NODE_6833_length_989_cov_10.307865	566	642	2	6	76	0.0789474
NODE_6833_length_989_cov_10.307865	566	642	4	8	76	0.1052632
NODE_6833_length_989_cov_10.307865	566	642	5	19	76	0.2500000
NODE_6833_length_989_cov_10.307865	566	642	6	6	76	0.0789474
NODE_6833_length_989_cov_10.307865	615	695	4	2	80	0.0250000
NODE_6833_length_989_cov_10.307865	615	695	5	19	80	0.2375000
NODE_6833_length_989_cov_10.307865	615	695	6	59	80	0.7375000
NODE_6834_length_989_cov_8.941573	528	608	0	80	80	1.0000000
NODE_6834_length_989_cov_8.941573	581	661	0	80	80	1.0000000
NODE_6835_length_989_cov_5.132584	459	524	0	65	65	1.0000000
NODE_6838_length_989_cov_2.540449	703	783	0	80	80	1.0000000
NODE_6845_length_988_cov_52.168729	361	441	0	80	80	1.0000000
NODE_6845_length_988_cov_52.168729	414	494	0	60	80	0.7500000
NODE_6845_length_988_cov_52.168729	414	494	1	17	80	0.2125000
NODE_6845_length_988_cov_52.168729	414	494	2	3	80	0.0375000
NODE_6845_length_988_cov_52.168729	490	570	1	1	80	0.0125000
NODE_6845_length_988_cov_52.168729	490	570	2	14	80	0.1750000
NODE_6845_length_988_cov_52.168729	490	570	4	3	80	0.0375000
NODE_6845_length_988_cov_52.168729	490	570	8	34	80	0.4250000
NODE_6845_length_988_cov_52.168729	490	570	10	28	80	0.3500000
NODE_6845_length_988_cov_52.168729	543	623	4	17	80	0.2125000
NODE_6845_length_988_cov_52.168729	543	623	8	32	80	0.4000000
NODE_6845_length_988_cov_52.168729	543	623	10	31	80	0.3875000
NODE_6846_length_988_cov_36.733408	390	470	0	64	80	0.8000000
NODE_6846_length_988_cov_36.733408	390	470	2	16	80	0.2000000
NODE_6846_length_988_cov_36.733408	443	523	0	11	80	0.1375000
NODE_6846_length_988_cov_36.733408	443	523	2	69	80	0.8625000
NODE_6847_length_988_cov_36.221597	478	558	0	80	80	1.0000000
NODE_6847_length_988_cov_36.221597	531	611	0	80	80	1.0000000
NODE_6848_length_988_cov_25.895388	389	469	0	28	80	0.3500000
NODE_6848_length_988_cov_25.895388	389	469	1	1	80	0.0125000
NODE_6848_length_988_cov_25.895388	389	469	2	4	80	0.0500000
NODE_6848_length_988_cov_25.895388	389	469	3	2	80	0.0250000
NODE_6848_length_988_cov_25.895388	389	469	4	45	80	0.5625000
NODE_6848_length_988_cov_25.895388	442	522	0	41	80	0.5125000
NODE_6848_length_988_cov_25.895388	442	522	2	39	80	0.4875000
NODE_6848_length_988_cov_25.895388	518	598	2	29	80	0.3625000
NODE_6848_length_988_cov_25.895388	518	598	4	16	80	0.2000000
NODE_6848_length_988_cov_25.895388	518	598	6	35	80	0.4375000
NODE_6848_length_988_cov_25.895388	571	651	2	20	80	0.2500000
NODE_6848_length_988_cov_25.895388	571	651	4	14	80	0.1750000
NODE_6848_length_988_cov_25.895388	571	651	6	46	80	0.5750000
NODE_6849_length_988_cov_20.250844	423	503	19	3	80	0.0375000
NODE_6849_length_988_cov_20.250844	423	503	20	21	80	0.2625000
NODE_6849_length_988_cov_20.250844	423	503	22	37	80	0.4625000
NODE_6849_length_988_cov_20.250844	423	503	25	8	80	0.1000000
NODE_6849_length_988_cov_20.250844	423	503	26	1	80	0.0125000
NODE_6849_length_988_cov_20.250844	423	503	27	10	80	0.1250000
NODE_6849_length_988_cov_20.250844	476	556	2	2	80	0.0250000
NODE_6849_length_988_cov_20.250844	476	556	6	21	80	0.2625000
NODE_6849_length_988_cov_20.250844	476	556	8	6	80	0.0750000
NODE_6849_length_988_cov_20.250844	476	556	11	1	80	0.0125000
NODE_6849_length_988_cov_20.250844	476	556	12	18	80	0.2250000
NODE_6849_length_988_cov_20.250844	476	556	19	3	80	0.0375000
NODE_6849_length_988_cov_20.250844	476	556	20	21	80	0.2625000
NODE_6849_length_988_cov_20.250844	476	556	26	1	80	0.0125000
NODE_6849_length_988_cov_20.250844	476	556	27	7	80	0.0875000
NODE_6850_length_988_cov_15.812148	474	554	0	35	80	0.4375000
NODE_6850_length_988_cov_15.812148	474	554	1	1	80	0.0125000
NODE_6850_length_988_cov_15.812148	474	554	2	44	80	0.5500000
NODE_6850_length_988_cov_15.812148	527	607	2	80	80	1.0000000
NODE_6851_length_988_cov_15.082115	435	517	0	82	82	1.0000000
NODE_6851_length_988_cov_15.082115	490	570	0	80	80	1.0000000
NODE_6852_length_988_cov_14.697413	467	547	0	56	80	0.7000000
NODE_6852_length_988_cov_14.697413	467	547	2	24	80	0.3000000
NODE_6852_length_988_cov_14.697413	520	600	0	3	80	0.0375000
NODE_6852_length_988_cov_14.697413	520	600	2	77	80	0.9625000
NODE_6853_length_988_cov_7.730034	562	642	0	49	80	0.6125000
NODE_6853_length_988_cov_7.730034	562	642	2	31	80	0.3875000
NODE_6853_length_988_cov_7.730034	615	695	2	80	80	1.0000000
NODE_6862_length_987_cov_42.784910	383	476	2	20	93	0.2150538
NODE_6862_length_987_cov_42.784910	383	476	6	73	93	0.7849463
NODE_6862_length_987_cov_42.784910	449	529	0	30	80	0.3750000
NODE_6862_length_987_cov_42.784910	449	529	2	4	80	0.0500000
NODE_6862_length_987_cov_42.784910	449	529	6	46	80	0.5750000
NODE_6863_length_987_cov_39.716216	290	370	0	7	80	0.0875000
NODE_6863_length_987_cov_39.716216	290	370	2	73	80	0.9125000
NODE_6863_length_987_cov_39.716216	343	423	0	31	80	0.3875000
NODE_6863_length_987_cov_39.716216	343	423	2	49	80	0.6125000
NODE_6863_length_987_cov_39.716216	419	499	0	43	80	0.5375000
NODE_6863_length_987_cov_39.716216	419	499	4	37	80	0.4625000
NODE_6863_length_987_cov_39.716216	472	552	4	45	80	0.5625000
NODE_6863_length_987_cov_39.716216	472	552	6	35	80	0.4375000
NODE_6864_length_987_cov_28.171171	406	486	0	80	80	1.0000000
NODE_6864_length_987_cov_28.171171	459	539	0	80	80	1.0000000
NODE_6864_length_987_cov_28.171171	535	615	0	48	80	0.6000000
NODE_6864_length_987_cov_28.171171	535	615	2	32	80	0.4000000
NODE_6864_length_987_cov_28.171171	588	668	2	80	80	1.0000000
NODE_6865_length_987_cov_23.627252	331	411	2	2	80	0.0250000
NODE_6865_length_987_cov_23.627252	331	411	4	12	80	0.1500000
NODE_6865_length_987_cov_23.627252	331	411	5	10	80	0.1250000
NODE_6865_length_987_cov_23.627252	331	411	7	44	80	0.5500000
NODE_6865_length_987_cov_23.627252	331	411	9	12	80	0.1500000
NODE_6865_length_987_cov_23.627252	384	464	0	41	80	0.5125000
NODE_6865_length_987_cov_23.627252	384	464	2	14	80	0.1750000
NODE_6865_length_987_cov_23.627252	384	464	4	12	80	0.1500000
NODE_6865_length_987_cov_23.627252	384	464	5	10	80	0.1250000
NODE_6865_length_987_cov_23.627252	384	464	7	3	80	0.0375000
NODE_6866_length_987_cov_18.797297	437	517	2	31	80	0.3875000
NODE_6866_length_987_cov_18.797297	437	517	4	41	80	0.5125000
NODE_6866_length_987_cov_18.797297	437	517	6	8	80	0.1000000
NODE_6866_length_987_cov_18.797297	490	570	0	8	80	0.1000000
NODE_6866_length_987_cov_18.797297	490	570	4	72	80	0.9000000
NODE_6867_length_987_cov_15.628378	369	449	4	80	80	1.0000000
NODE_6867_length_987_cov_15.628378	422	502	0	37	80	0.4625000
NODE_6867_length_987_cov_15.628378	422	502	4	43	80	0.5375000
NODE_6868_length_987_cov_15.439189	438	518	0	16	80	0.2000000
NODE_6868_length_987_cov_15.439189	438	518	1	31	80	0.3875000
NODE_6868_length_987_cov_15.439189	438	518	2	8	80	0.1000000
NODE_6868_length_987_cov_15.439189	438	518	4	25	80	0.3125000
NODE_6868_length_987_cov_15.439189	491	571	2	4	80	0.0500000
NODE_6868_length_987_cov_15.439189	491	571	4	76	80	0.9500000
NODE_6869_length_987_cov_14.343468	506	586	4	80	80	1.0000000
NODE_6869_length_987_cov_14.343468	559	639	0	26	80	0.3250000
NODE_6869_length_987_cov_14.343468	559	639	2	10	80	0.1250000
NODE_6869_length_987_cov_14.343468	559	639	4	44	80	0.5500000
NODE_6870_length_987_cov_13.515766	475	555	0	80	80	1.0000000
NODE_6870_length_987_cov_13.515766	528	608	0	80	80	1.0000000
NODE_6871_length_987_cov_9.521396	408	482	0	11	74	0.1486486
NODE_6871_length_987_cov_9.521396	408	482	2	63	74	0.8513514
NODE_6871_length_987_cov_9.521396	455	535	0	38	80	0.4750000
NODE_6871_length_987_cov_9.521396	455	535	2	42	80	0.5250000
NODE_6872_length_987_cov_9.054054	440	520	0	80	80	1.0000000
NODE_6872_length_987_cov_9.054054	493	573	0	80	80	1.0000000
NODE_6875_length_987_cov_5.378378	509	589	2	22	80	0.2750000
NODE_6875_length_987_cov_5.378378	509	589	4	58	80	0.7250000
NODE_6875_length_987_cov_5.378378	562	642	0	26	80	0.3250000
NODE_6875_length_987_cov_5.378378	562	642	2	10	80	0.1250000
NODE_6875_length_987_cov_5.378378	562	642	4	44	80	0.5500000
NODE_6889_length_986_cov_36.937993	327	407	0	8	80	0.1000000
NODE_6889_length_986_cov_36.937993	327	407	2	4	80	0.0500000
NODE_6889_length_986_cov_36.937993	327	407	4	20	80	0.2500000
NODE_6889_length_986_cov_36.937993	327	407	8	48	80	0.6000000
NODE_6889_length_986_cov_36.937993	380	460	0	61	80	0.7625000
NODE_6889_length_986_cov_36.937993	380	460	2	4	80	0.0500000
NODE_6889_length_986_cov_36.937993	380	460	4	15	80	0.1875000
NODE_6889_length_986_cov_36.937993	456	536	0	80	80	1.0000000
NODE_6889_length_986_cov_36.937993	509	589	0	80	80	1.0000000
NODE_6890_length_986_cov_35.130778	325	405	0	19	80	0.2375000
NODE_6890_length_986_cov_35.130778	325	405	2	5	80	0.0625000
NODE_6890_length_986_cov_35.130778	325	405	6	56	80	0.7000000
NODE_6890_length_986_cov_35.130778	378	458	4	8	80	0.1000000
NODE_6890_length_986_cov_35.130778	378	458	6	72	80	0.9000000
NODE_6890_length_986_cov_35.130778	454	534	0	29	80	0.3625000
NODE_6890_length_986_cov_35.130778	454	534	4	51	80	0.6375000
NODE_6890_length_986_cov_35.130778	507	587	0	19	80	0.2375000
NODE_6890_length_986_cov_35.130778	507	587	4	61	80	0.7625000
NODE_6891_length_986_cov_24.037204	602	682	0	80	80	1.0000000
NODE_6891_length_986_cov_24.037204	655	735	0	66	80	0.8250000
NODE_6891_length_986_cov_24.037204	655	735	2	14	80	0.1750000
NODE_6891_length_986_cov_24.037204	731	811	2	29	80	0.3625000
NODE_6891_length_986_cov_24.037204	731	811	4	21	80	0.2625000
NODE_6891_length_986_cov_24.037204	731	811	6	30	80	0.3750000
NODE_6891_length_986_cov_24.037204	784	864	0	11	80	0.1375000
NODE_6891_length_986_cov_24.037204	784	864	2	3	80	0.0375000
NODE_6891_length_986_cov_24.037204	784	864	4	35	80	0.4375000
NODE_6891_length_986_cov_24.037204	784	864	6	31	80	0.3875000
NODE_6892_length_986_cov_20.591883	395	475	0	16	80	0.2000000
NODE_6892_length_986_cov_20.591883	395	475	6	64	80	0.8000000
NODE_6892_length_986_cov_20.591883	448	528	0	69	80	0.8625000
NODE_6892_length_986_cov_20.591883	448	528	6	11	80	0.1375000
NODE_6893_length_986_cov_16.815107	389	469	0	17	80	0.2125000
NODE_6893_length_986_cov_16.815107	389	469	2	63	80	0.7875000
NODE_6893_length_986_cov_16.815107	442	522	0	70	80	0.8750000
NODE_6893_length_986_cov_16.815107	442	522	2	10	80	0.1250000
NODE_6894_length_986_cov_11.021421	474	554	0	80	80	1.0000000
NODE_6894_length_986_cov_11.021421	527	607	0	80	80	1.0000000
NODE_6905_length_985_cov_41.707675	443	523	4	13	80	0.1625000
NODE_6905_length_985_cov_41.707675	443	523	8	42	80	0.5250000
NODE_6905_length_985_cov_41.707675	443	523	10	10	80	0.1250000
NODE_6905_length_985_cov_41.707675	443	523	14	15	80	0.1875000
NODE_6905_length_985_cov_41.707675	496	576	6	5	80	0.0625000
NODE_6905_length_985_cov_41.707675	496	576	8	2	80	0.0250000
NODE_6905_length_985_cov_41.707675	496	576	10	50	80	0.6250000
NODE_6905_length_985_cov_41.707675	496	576	14	23	80	0.2875000
NODE_6911_length_984_cov_64.531073	412	481	0	8	69	0.1159420
NODE_6911_length_984_cov_64.531073	412	481	2	40	69	0.5797101
NODE_6911_length_984_cov_64.531073	412	481	6	21	69	0.3043478
NODE_6911_length_984_cov_64.531073	454	534	2	6	80	0.0750000
NODE_6911_length_984_cov_64.531073	454	534	6	46	80	0.5750000
NODE_6911_length_984_cov_64.531073	454	534	8	28	80	0.3500000
NODE_6911_length_984_cov_64.531073	475	555	6	46	80	0.5750000
NODE_6911_length_984_cov_64.531073	475	555	8	34	80	0.4250000
NODE_6911_length_984_cov_64.531073	528	608	0	3	80	0.0375000
NODE_6911_length_984_cov_64.531073	528	608	2	25	80	0.3125000
NODE_6911_length_984_cov_64.531073	528	608	6	40	80	0.5000000
NODE_6911_length_984_cov_64.531073	528	608	8	12	80	0.1500000
NODE_6911_length_984_cov_64.531073	549	629	0	24	80	0.3000000
NODE_6911_length_984_cov_64.531073	549	629	2	25	80	0.3125000
NODE_6911_length_984_cov_64.531073	549	629	6	31	80	0.3875000
NODE_6912_length_984_cov_28.832768	430	510	2	80	80	1.0000000
NODE_6912_length_984_cov_28.832768	483	563	0	35	80	0.4375000
NODE_6912_length_984_cov_28.832768	483	563	2	45	80	0.5625000
NODE_6913_length_984_cov_27.247458	203	283	0	22	80	0.2750000
NODE_6913_length_984_cov_27.247458	203	283	2	58	80	0.7250000
NODE_6913_length_984_cov_27.247458	256	336	0	19	80	0.2375000
NODE_6913_length_984_cov_27.247458	256	336	2	61	80	0.7625000
NODE_6913_length_984_cov_27.247458	332	412	2	80	80	1.0000000
NODE_6913_length_984_cov_27.247458	385	465	0	33	80	0.4125000
NODE_6913_length_984_cov_27.247458	385	465	2	47	80	0.5875000
NODE_6914_length_984_cov_25.944633	483	563	2	20	80	0.2500000
NODE_6914_length_984_cov_25.944633	483	563	4	60	80	0.7500000
NODE_6914_length_984_cov_25.944633	536	616	4	80	80	1.0000000
NODE_6915_length_984_cov_16.611299	351	431	2	37	80	0.4625000
NODE_6915_length_984_cov_16.611299	351	431	4	43	80	0.5375000
NODE_6915_length_984_cov_16.611299	404	484	2	36	80	0.4500000
NODE_6915_length_984_cov_16.611299	404	484	4	44	80	0.5500000
NODE_6917_length_984_cov_6.414689	415	495	0	9	80	0.1125000
NODE_6917_length_984_cov_6.414689	415	495	6	11	80	0.1375000
NODE_6917_length_984_cov_6.414689	415	495	14	60	80	0.7500000
NODE_6917_length_984_cov_6.414689	468	548	0	5	80	0.0625000
NODE_6917_length_984_cov_6.414689	468	548	8	4	80	0.0500000
NODE_6917_length_984_cov_6.414689	468	548	14	71	80	0.8875000
NODE_6918_length_984_cov_4.720904	494	574	0	32	80	0.4000000
NODE_6918_length_984_cov_4.720904	494	574	2	48	80	0.6000000
NODE_6918_length_984_cov_4.720904	547	627	2	80	80	1.0000000
NODE_6927_length_984_cov_1.333333	922	971	10	49	49	1.0000000
NODE_6931_length_983_cov_34.566742	466	546	0	80	80	1.0000000
NODE_6931_length_983_cov_34.566742	519	599	0	80	80	1.0000000
NODE_6932_length_983_cov_26.011312	449	529	4	8	80	0.1000000
NODE_6932_length_983_cov_26.011312	449	529	6	44	80	0.5500000
NODE_6932_length_983_cov_26.011312	449	529	8	28	80	0.3500000
NODE_6932_length_983_cov_26.011312	502	582	2	21	80	0.2625000
NODE_6932_length_983_cov_26.011312	502	582	4	7	80	0.0875000
NODE_6932_length_983_cov_26.011312	502	582	5	1	80	0.0125000
NODE_6932_length_983_cov_26.011312	502	582	6	2	80	0.0250000
NODE_6932_length_983_cov_26.011312	502	582	8	49	80	0.6125000
NODE_6932_length_983_cov_26.011312	578	658	0	56	80	0.7000000
NODE_6932_length_983_cov_26.011312	578	658	2	24	80	0.3000000
NODE_6932_length_983_cov_26.011312	631	711	0	80	80	1.0000000
NODE_6933_length_983_cov_24.694570	539	619	2	14	80	0.1750000
NODE_6933_length_983_cov_24.694570	539	619	4	12	80	0.1500000
NODE_6933_length_983_cov_24.694570	539	619	6	54	80	0.6750000
NODE_6933_length_983_cov_24.694570	592	672	0	24	80	0.3000000
NODE_6933_length_983_cov_24.694570	592	672	2	43	80	0.5375000
NODE_6933_length_983_cov_24.694570	592	672	4	12	80	0.1500000
NODE_6933_length_983_cov_24.694570	592	672	6	1	80	0.0125000
NODE_6934_length_983_cov_22.214932	395	475	2	26	80	0.3250000
NODE_6934_length_983_cov_22.214932	395	475	4	54	80	0.6750000
NODE_6934_length_983_cov_22.214932	448	528	0	13	80	0.1625000
NODE_6934_length_983_cov_22.214932	448	528	2	66	80	0.8250000
NODE_6934_length_983_cov_22.214932	448	528	4	1	80	0.0125000
NODE_6935_length_983_cov_19.132353	377	457	0	80	80	1.0000000
NODE_6935_length_983_cov_19.132353	430	510	0	80	80	1.0000000
NODE_6936_length_983_cov_16.875566	419	499	4	54	80	0.6750000
NODE_6936_length_983_cov_16.875566	419	499	6	26	80	0.3250000
NODE_6936_length_983_cov_16.875566	472	552	2	38	80	0.4750000
NODE_6936_length_983_cov_16.875566	472	552	4	7	80	0.0875000
NODE_6936_length_983_cov_16.875566	472	552	6	35	80	0.4375000
NODE_6936_length_983_cov_16.875566	548	628	2	55	80	0.6875000
NODE_6936_length_983_cov_16.875566	548	628	4	25	80	0.3125000
NODE_6936_length_983_cov_16.875566	601	681	0	33	80	0.4125000
NODE_6936_length_983_cov_16.875566	601	681	2	47	80	0.5875000
NODE_6937_length_983_cov_7.240950	487	567	0	41	80	0.5125000
NODE_6937_length_983_cov_7.240950	487	567	2	21	80	0.2625000
NODE_6937_length_983_cov_7.240950	487	567	4	18	80	0.2250000
NODE_6937_length_983_cov_7.240950	540	620	2	16	80	0.2000000
NODE_6937_length_983_cov_7.240950	540	620	4	64	80	0.8000000
NODE_6949_length_982_cov_30.750849	357	437	2	80	80	1.0000000
NODE_6949_length_982_cov_30.750849	410	490	0	19	80	0.2375000
NODE_6949_length_982_cov_30.750849	410	490	2	61	80	0.7625000
NODE_6950_length_982_cov_29.901472	516	596	4	28	80	0.3500000
NODE_6950_length_982_cov_29.901472	516	596	8	52	80	0.6500000
NODE_6950_length_982_cov_29.901472	569	649	4	80	80	1.0000000
NODE_6951_length_982_cov_18.251416	356	436	0	22	80	0.2750000
NODE_6951_length_982_cov_18.251416	356	436	2	50	80	0.6250000
NODE_6951_length_982_cov_18.251416	356	436	4	8	80	0.1000000
NODE_6951_length_982_cov_18.251416	409	489	2	34	80	0.4250000
NODE_6951_length_982_cov_18.251416	409	489	4	46	80	0.5750000
NODE_6951_length_982_cov_18.251416	485	565	2	48	80	0.6000000
NODE_6951_length_982_cov_18.251416	485	565	4	32	80	0.4000000
NODE_6951_length_982_cov_18.251416	538	618	0	20	80	0.2500000
NODE_6951_length_982_cov_18.251416	538	618	2	56	80	0.7000000
NODE_6951_length_982_cov_18.251416	538	618	4	4	80	0.0500000
NODE_6952_length_982_cov_13.840317	608	688	0	80	80	1.0000000
NODE_6952_length_982_cov_13.840317	661	741	0	80	80	1.0000000
NODE_6953_length_982_cov_13.227633	317	397	0	80	80	1.0000000
NODE_6953_length_982_cov_13.227633	370	450	0	80	80	1.0000000
NODE_6954_length_982_cov_10.918460	209	289	0	2	80	0.0250000
NODE_6954_length_982_cov_10.918460	209	289	2	78	80	0.9750000
NODE_6954_length_982_cov_10.918460	262	342	0	55	80	0.6875000
NODE_6954_length_982_cov_10.918460	262	342	2	25	80	0.3125000
NODE_6956_length_982_cov_7.210646	216	296	0	80	80	1.0000000
NODE_6956_length_982_cov_7.210646	269	349	0	80	80	1.0000000
NODE_6973_length_981_cov_55.260771	410	490	0	36	80	0.4500000
NODE_6973_length_981_cov_55.260771	410	490	1	44	80	0.5500000
NODE_6973_length_981_cov_55.260771	463	543	0	27	80	0.3375000
NODE_6973_length_981_cov_55.260771	463	543	4	23	80	0.2875000
NODE_6973_length_981_cov_55.260771	463	543	25	30	80	0.3750000
NODE_6973_length_981_cov_55.260771	539	619	25	18	80	0.2250000
NODE_6973_length_981_cov_55.260771	539	619	26	62	80	0.7750000
NODE_6973_length_981_cov_55.260771	592	672	0	33	80	0.4125000
NODE_6973_length_981_cov_55.260771	592	672	22	4	80	0.0500000
NODE_6973_length_981_cov_55.260771	592	672	26	43	80	0.5375000
NODE_6974_length_981_cov_33.287982	362	441	0	79	79	1.0000000
NODE_6974_length_981_cov_33.287982	414	495	0	36	81	0.4444444
NODE_6974_length_981_cov_33.287982	414	495	2	45	81	0.5555556
NODE_6974_length_981_cov_33.287982	491	571	0	17	80	0.2125000
NODE_6974_length_981_cov_33.287982	491	571	2	63	80	0.7875000
NODE_6974_length_981_cov_33.287982	544	624	0	70	80	0.8750000
NODE_6974_length_981_cov_33.287982	544	624	2	10	80	0.1250000
NODE_6975_length_981_cov_33.121315	269	349	0	29	80	0.3625000
NODE_6975_length_981_cov_33.121315	269	349	4	51	80	0.6375000
NODE_6975_length_981_cov_33.121315	322	402	4	46	80	0.5750000
NODE_6975_length_981_cov_33.121315	322	402	6	34	80	0.4250000
NODE_6975_length_981_cov_33.121315	398	478	2	41	80	0.5125000
NODE_6975_length_981_cov_33.121315	398	478	4	39	80	0.4875000
NODE_6975_length_981_cov_33.121315	451	531	0	33	80	0.4125000
NODE_6975_length_981_cov_33.121315	451	531	2	47	80	0.5875000
NODE_6976_length_981_cov_26.732426	397	477	0	21	80	0.2625000
NODE_6976_length_981_cov_26.732426	397	477	2	59	80	0.7375000
NODE_6976_length_981_cov_26.732426	450	530	0	9	80	0.1125000
NODE_6976_length_981_cov_26.732426	450	530	2	71	80	0.8875000
NODE_6977_length_981_cov_24.304989	390	470	6	64	80	0.8000000
NODE_6977_length_981_cov_24.304989	390	470	18	16	80	0.2000000
NODE_6977_length_981_cov_24.304989	443	523	6	11	80	0.1375000
NODE_6977_length_981_cov_24.304989	443	523	17	1	80	0.0125000
NODE_6977_length_981_cov_24.304989	443	523	18	34	80	0.4250000
NODE_6977_length_981_cov_24.304989	443	523	19	34	80	0.4250000
NODE_6978_length_981_cov_10.485261	363	443	2	14	80	0.1750000
NODE_6978_length_981_cov_10.485261	363	443	4	66	80	0.8250000
NODE_6978_length_981_cov_10.485261	416	496	2	59	80	0.7375000
NODE_6978_length_981_cov_10.485261	416	496	4	21	80	0.2625000
NODE_6980_length_981_cov_5.328798	821	885	0	25	64	0.3906250
NODE_6980_length_981_cov_5.328798	821	885	2	39	64	0.6093750
NODE_6980_length_981_cov_5.328798	847	884	0	24	37	0.6486486
NODE_6980_length_981_cov_5.328798	847	884	2	13	37	0.3513514
NODE_6998_length_980_cov_40.710556	329	409	0	25	80	0.3125000
NODE_6998_length_980_cov_40.710556	329	409	4	55	80	0.6875000
NODE_6998_length_980_cov_40.710556	382	462	0	6	80	0.0750000
NODE_6998_length_980_cov_40.710556	382	462	4	74	80	0.9250000
NODE_6998_length_980_cov_40.710556	458	538	0	80	80	1.0000000
NODE_6998_length_980_cov_40.710556	511	591	0	80	80	1.0000000
NODE_6999_length_980_cov_37.634506	666	746	0	7	80	0.0875000
NODE_6999_length_980_cov_37.634506	666	746	4	72	80	0.9000000
NODE_6999_length_980_cov_37.634506	666	746	6	1	80	0.0125000
NODE_6999_length_980_cov_37.634506	719	799	2	43	80	0.5375000
NODE_6999_length_980_cov_37.634506	719	799	4	26	80	0.3250000
NODE_6999_length_980_cov_37.634506	719	799	6	11	80	0.1375000
NODE_7000_length_980_cov_36.261067	331	411	4	6	80	0.0750000
NODE_7000_length_980_cov_36.261067	331	411	8	74	80	0.9250000
NODE_7000_length_980_cov_36.261067	384	453	0	40	69	0.5797101
NODE_7000_length_980_cov_36.261067	384	453	4	8	69	0.1159420
NODE_7000_length_980_cov_36.261067	384	453	8	21	69	0.3043478
NODE_7000_length_980_cov_36.261067	465	545	0	18	80	0.2250000
NODE_7000_length_980_cov_36.261067	465	545	2	62	80	0.7750000
NODE_7000_length_980_cov_36.261067	518	598	2	80	80	1.0000000
NODE_7001_length_980_cov_28.514188	430	510	0	15	80	0.1875000
NODE_7001_length_980_cov_28.514188	430	510	3	21	80	0.2625000
NODE_7001_length_980_cov_28.514188	430	510	6	22	80	0.2750000
NODE_7001_length_980_cov_28.514188	430	510	8	22	80	0.2750000
NODE_7001_length_980_cov_28.514188	483	563	6	5	80	0.0625000
NODE_7001_length_980_cov_28.514188	483	563	8	75	80	0.9375000
NODE_7002_length_980_cov_25.205448	497	577	0	43	80	0.5375000
NODE_7002_length_980_cov_25.205448	497	577	4	37	80	0.4625000
NODE_7002_length_980_cov_25.205448	550	630	4	80	80	1.0000000
NODE_7003_length_980_cov_24.321226	417	497	0	5	80	0.0625000
NODE_7003_length_980_cov_24.321226	417	497	2	75	80	0.9375000
NODE_7003_length_980_cov_24.321226	470	550	0	36	80	0.4500000
NODE_7003_length_980_cov_24.321226	470	550	2	44	80	0.5500000
NODE_7004_length_980_cov_20.460840	388	468	2	37	80	0.4625000
NODE_7004_length_980_cov_20.460840	388	468	4	23	80	0.2875000
NODE_7004_length_980_cov_20.460840	388	468	5	15	80	0.1875000
NODE_7004_length_980_cov_20.460840	388	468	6	5	80	0.0625000
NODE_7004_length_980_cov_20.460840	441	521	4	23	80	0.2875000
NODE_7004_length_980_cov_20.460840	441	521	5	52	80	0.6500000
NODE_7004_length_980_cov_20.460840	441	521	6	5	80	0.0625000
NODE_7005_length_980_cov_19.969353	486	566	4	12	80	0.1500000
NODE_7005_length_980_cov_19.969353	486	566	6	68	80	0.8500000
NODE_7005_length_980_cov_19.969353	539	619	0	19	80	0.2375000
NODE_7005_length_980_cov_19.969353	539	619	2	27	80	0.3375000
NODE_7005_length_980_cov_19.969353	539	619	6	34	80	0.4250000
NODE_7006_length_980_cov_13.736663	350	430	4	16	80	0.2000000
NODE_7006_length_980_cov_13.736663	350	430	6	55	80	0.6875000
NODE_7006_length_980_cov_13.736663	350	430	8	8	80	0.1000000
NODE_7006_length_980_cov_13.736663	350	430	10	1	80	0.0125000
NODE_7006_length_980_cov_13.736663	403	483	6	76	80	0.9500000
NODE_7006_length_980_cov_13.736663	403	483	8	4	80	0.0500000
NODE_7006_length_980_cov_13.736663	479	559	2	64	80	0.8000000
NODE_7006_length_980_cov_13.736663	479	559	4	11	80	0.1375000
NODE_7006_length_980_cov_13.736663	479	559	5	1	80	0.0125000
NODE_7006_length_980_cov_13.736663	479	559	6	4	80	0.0500000
NODE_7006_length_980_cov_13.736663	532	612	0	47	80	0.5875000
NODE_7006_length_980_cov_13.736663	532	612	2	33	80	0.4125000
NODE_7008_length_980_cov_10.842225	517	597	0	80	80	1.0000000
NODE_7008_length_980_cov_10.842225	570	650	0	80	80	1.0000000
NODE_7009_length_980_cov_10.087401	341	424	0	1	83	0.0120482
NODE_7009_length_980_cov_10.087401	341	424	2	1	83	0.0120482
NODE_7009_length_980_cov_10.087401	341	424	4	81	83	0.9759036
NODE_7009_length_980_cov_10.087401	397	477	0	54	80	0.6750000
NODE_7009_length_980_cov_10.087401	397	477	2	1	80	0.0125000
NODE_7009_length_980_cov_10.087401	397	477	4	25	80	0.3125000
NODE_7010_length_980_cov_9.643587	267	347	0	30	80	0.3750000
NODE_7010_length_980_cov_9.643587	267	347	2	50	80	0.6250000
NODE_7010_length_980_cov_9.643587	320	400	0	57	80	0.7125000
NODE_7010_length_980_cov_9.643587	320	400	2	23	80	0.2875000
NODE_7010_length_980_cov_9.643587	396	476	0	80	80	1.0000000
NODE_7010_length_980_cov_9.643587	449	529	0	80	80	1.0000000
NODE_7026_length_979_cov_22.576136	442	522	0	22	80	0.2750000
NODE_7026_length_979_cov_22.576136	442	522	2	12	80	0.1500000
NODE_7026_length_979_cov_22.576136	442	522	4	46	80	0.5750000
NODE_7026_length_979_cov_22.576136	495	575	4	80	80	1.0000000
NODE_7027_length_979_cov_19.739773	445	524	0	79	79	1.0000000
NODE_7027_length_979_cov_19.739773	497	577	0	80	80	1.0000000
NODE_7028_length_979_cov_19.480682	436	516	0	80	80	1.0000000
NODE_7028_length_979_cov_19.480682	489	569	0	51	80	0.6375000
NODE_7028_length_979_cov_19.480682	489	569	6	29	80	0.3625000
NODE_7028_length_979_cov_19.480682	565	645	6	80	80	1.0000000
NODE_7028_length_979_cov_19.480682	618	698	0	15	80	0.1875000
NODE_7028_length_979_cov_19.480682	618	698	5	1	80	0.0125000
NODE_7028_length_979_cov_19.480682	618	698	6	64	80	0.8000000
NODE_7029_length_979_cov_18.901136	470	550	0	80	80	1.0000000
NODE_7029_length_979_cov_18.901136	523	603	0	80	80	1.0000000
NODE_7031_length_979_cov_3.519318	101	168	0	67	67	1.0000000
NODE_7040_length_978_cov_23.195677	424	504	6	80	80	1.0000000
NODE_7040_length_978_cov_23.195677	477	557	0	33	80	0.4125000
NODE_7040_length_978_cov_23.195677	477	557	2	13	80	0.1625000
NODE_7040_length_978_cov_23.195677	477	557	4	4	80	0.0500000
NODE_7040_length_978_cov_23.195677	477	557	6	30	80	0.3750000
NODE_7041_length_978_cov_18.866894	440	520	0	9	80	0.1125000
NODE_7041_length_978_cov_18.866894	440	520	5	1	80	0.0125000
NODE_7041_length_978_cov_18.866894	440	520	6	13	80	0.1625000
NODE_7041_length_978_cov_18.866894	440	520	10	57	80	0.7125000
NODE_7041_length_978_cov_18.866894	493	573	0	17	80	0.2125000
NODE_7041_length_978_cov_18.866894	493	573	6	8	80	0.1000000
NODE_7041_length_978_cov_18.866894	493	573	10	55	80	0.6875000
NODE_7042_length_978_cov_15.614334	341	421	6	80	80	1.0000000
NODE_7042_length_978_cov_15.614334	394	474	5	5	80	0.0625000
NODE_7042_length_978_cov_15.614334	394	474	6	48	80	0.6000000
NODE_7042_length_978_cov_15.614334	394	474	11	27	80	0.3375000
NODE_7042_length_978_cov_15.614334	470	550	5	22	80	0.2750000
NODE_7042_length_978_cov_15.614334	470	550	6	58	80	0.7250000
NODE_7042_length_978_cov_15.614334	523	603	0	40	80	0.5000000
NODE_7042_length_978_cov_15.614334	523	603	6	40	80	0.5000000
NODE_7043_length_978_cov_15.253697	327	407	0	80	80	1.0000000
NODE_7043_length_978_cov_15.253697	380	460	0	80	80	1.0000000
NODE_7043_length_978_cov_15.253697	456	536	0	80	80	1.0000000
NODE_7043_length_978_cov_15.253697	509	589	0	80	80	1.0000000
NODE_7044_length_978_cov_14.730375	407	487	0	11	80	0.1375000
NODE_7044_length_978_cov_14.730375	407	487	2	36	80	0.4500000
NODE_7044_length_978_cov_14.730375	407	487	4	16	80	0.2000000
NODE_7044_length_978_cov_14.730375	407	487	8	17	80	0.2125000
NODE_7044_length_978_cov_14.730375	460	540	4	10	80	0.1250000
NODE_7044_length_978_cov_14.730375	460	540	6	11	80	0.1375000
NODE_7044_length_978_cov_14.730375	460	540	8	59	80	0.7375000
NODE_7045_length_978_cov_7.257110	571	651	4	80	80	1.0000000
NODE_7045_length_978_cov_7.257110	624	704	0	23	80	0.2875000
NODE_7045_length_978_cov_7.257110	624	704	4	57	80	0.7125000
NODE_7062_length_977_cov_47.484055	427	507	0	69	80	0.8625000
NODE_7062_length_977_cov_47.484055	427	507	2	11	80	0.1375000
NODE_7062_length_977_cov_47.484055	480	560	0	16	80	0.2000000
NODE_7062_length_977_cov_47.484055	480	560	2	64	80	0.8000000
NODE_7063_length_977_cov_47.116173	428	508	0	80	80	1.0000000
NODE_7063_length_977_cov_47.116173	481	561	0	80	80	1.0000000
NODE_7063_length_977_cov_47.116173	557	637	0	80	80	1.0000000
NODE_7063_length_977_cov_47.116173	610	690	0	80	80	1.0000000
NODE_7064_length_977_cov_32.542141	486	566	0	32	80	0.4000000
NODE_7064_length_977_cov_32.542141	486	566	3	3	80	0.0375000
NODE_7064_length_977_cov_32.542141	486	566	5	21	80	0.2625000
NODE_7064_length_977_cov_32.542141	486	566	8	24	80	0.3000000
NODE_7064_length_977_cov_32.542141	539	619	5	3	80	0.0375000
NODE_7064_length_977_cov_32.542141	539	619	6	12	80	0.1500000
NODE_7064_length_977_cov_32.542141	539	619	8	65	80	0.8125000
NODE_7065_length_977_cov_30.676538	361	441	0	33	80	0.4125000
NODE_7065_length_977_cov_30.676538	361	441	2	47	80	0.5875000
NODE_7065_length_977_cov_30.676538	414	494	0	13	80	0.1625000
NODE_7065_length_977_cov_30.676538	414	494	2	67	80	0.8375000
NODE_7066_length_977_cov_28.348519	455	535	0	29	80	0.3625000
NODE_7066_length_977_cov_28.348519	455	535	2	6	80	0.0750000
NODE_7066_length_977_cov_28.348519	455	535	4	45	80	0.5625000
NODE_7066_length_977_cov_28.348519	508	588	0	9	80	0.1125000
NODE_7066_length_977_cov_28.348519	508	588	2	10	80	0.1250000
NODE_7066_length_977_cov_28.348519	508	588	4	61	80	0.7625000
NODE_7067_length_977_cov_26.571754	343	423	12	80	80	1.0000000
NODE_7067_length_977_cov_26.571754	396	476	0	27	80	0.3375000
NODE_7067_length_977_cov_26.571754	396	476	12	53	80	0.6625000
NODE_7067_length_977_cov_26.571754	472	552	0	80	80	1.0000000
NODE_7067_length_977_cov_26.571754	525	600	0	75	75	1.0000000
NODE_7068_length_977_cov_24.898633	470	550	2	10	80	0.1250000
NODE_7068_length_977_cov_24.898633	470	550	3	66	80	0.8250000
NODE_7068_length_977_cov_24.898633	470	550	4	4	80	0.0500000
NODE_7068_length_977_cov_24.898633	523	603	3	31	80	0.3875000
NODE_7068_length_977_cov_24.898633	523	603	4	12	80	0.1500000
NODE_7068_length_977_cov_24.898633	523	603	5	37	80	0.4625000
NODE_7069_length_977_cov_22.986333	313	393	0	80	80	1.0000000
NODE_7069_length_977_cov_22.986333	366	446	0	80	80	1.0000000
NODE_7069_length_977_cov_22.986333	442	522	0	43	80	0.5375000
NODE_7069_length_977_cov_22.986333	442	522	4	37	80	0.4625000
NODE_7069_length_977_cov_22.986333	495	575	4	80	80	1.0000000
NODE_7070_length_977_cov_10.753986	290	370	4	10	80	0.1250000
NODE_7070_length_977_cov_10.753986	290	370	6	70	80	0.8750000
NODE_7070_length_977_cov_10.753986	343	423	2	50	80	0.6250000
NODE_7070_length_977_cov_10.753986	343	423	4	4	80	0.0500000
NODE_7070_length_977_cov_10.753986	343	423	6	26	80	0.3250000
NODE_7071_length_977_cov_9.924829	401	456	2	55	55	1.0000000
NODE_7073_length_977_cov_6.391800	483	563	0	80	80	1.0000000
NODE_7073_length_977_cov_6.391800	536	616	0	80	80	1.0000000
NODE_7075_length_977_cov_2.907745	191	241	4	18	50	0.3600000
NODE_7075_length_977_cov_2.907745	191	241	8	5	50	0.1000000
NODE_7075_length_977_cov_2.907745	191	241	10	26	50	0.5200000
NODE_7075_length_977_cov_2.907745	191	241	11	1	50	0.0200000
NODE_7085_length_976_cov_38.192702	326	406	4	31	80	0.3875000
NODE_7085_length_976_cov_38.192702	326	406	6	49	80	0.6125000
NODE_7085_length_976_cov_38.192702	379	459	0	12	80	0.1500000
NODE_7085_length_976_cov_38.192702	379	459	2	19	80	0.2375000
NODE_7085_length_976_cov_38.192702	379	459	6	49	80	0.6125000
NODE_7085_length_976_cov_38.192702	455	535	0	80	80	1.0000000
NODE_7085_length_976_cov_38.192702	455	536	0	81	81	1.0000000
NODE_7085_length_976_cov_38.192702	455	519	0	64	64	1.0000000
NODE_7085_length_976_cov_38.192702	508	588	0	80	80	1.0000000
NODE_7086_length_976_cov_26.275941	499	579	4	24	80	0.3000000
NODE_7086_length_976_cov_26.275941	499	579	5	29	80	0.3625000
NODE_7086_length_976_cov_26.275941	499	579	6	27	80	0.3375000
NODE_7086_length_976_cov_26.275941	552	632	0	17	80	0.2125000
NODE_7086_length_976_cov_26.275941	552	632	2	5	80	0.0625000
NODE_7086_length_976_cov_26.275941	552	632	4	22	80	0.2750000
NODE_7086_length_976_cov_26.275941	552	632	6	36	80	0.4500000
NODE_7087_length_976_cov_25.559863	376	456	0	80	80	1.0000000
NODE_7087_length_976_cov_25.559863	429	509	0	80	80	1.0000000
NODE_7088_length_976_cov_17.961231	572	652	8	6	80	0.0750000
NODE_7088_length_976_cov_17.961231	572	652	10	12	80	0.1500000
NODE_7088_length_976_cov_17.961231	572	652	12	62	80	0.7750000
NODE_7088_length_976_cov_17.961231	625	705	0	27	80	0.3375000
NODE_7088_length_976_cov_17.961231	625	705	6	10	80	0.1250000
NODE_7088_length_976_cov_17.961231	625	705	10	28	80	0.3500000
NODE_7088_length_976_cov_17.961231	625	705	12	15	80	0.1875000
NODE_7089_length_976_cov_5.567845	789	851	6	12	62	0.1935484
NODE_7089_length_976_cov_5.567845	789	851	8	50	62	0.8064516
NODE_7089_length_976_cov_5.567845	842	904	4	11	62	0.1774193
NODE_7089_length_976_cov_5.567845	842	904	6	34	62	0.5483871
NODE_7089_length_976_cov_5.567845	842	904	8	17	62	0.2741936
NODE_7101_length_975_cov_192.211187	722	802	54	2	80	0.0250000
NODE_7101_length_975_cov_192.211187	722	802	55	3	80	0.0375000
NODE_7101_length_975_cov_192.211187	722	802	57	3	80	0.0375000
NODE_7101_length_975_cov_192.211187	722	802	58	3	80	0.0375000
NODE_7101_length_975_cov_192.211187	722	802	59	4	80	0.0500000
NODE_7101_length_975_cov_192.211187	722	802	61	2	80	0.0250000
NODE_7101_length_975_cov_192.211187	722	802	64	1	80	0.0125000
NODE_7101_length_975_cov_192.211187	722	802	66	1	80	0.0125000
NODE_7101_length_975_cov_192.211187	722	802	67	3	80	0.0375000
NODE_7101_length_975_cov_192.211187	722	802	71	4	80	0.0500000
NODE_7101_length_975_cov_192.211187	722	802	72	2	80	0.0250000
NODE_7101_length_975_cov_192.211187	722	802	74	2	80	0.0250000
NODE_7101_length_975_cov_192.211187	722	802	76	2	80	0.0250000
NODE_7101_length_975_cov_192.211187	722	802	78	2	80	0.0250000
NODE_7101_length_975_cov_192.211187	722	802	79	5	80	0.0625000
NODE_7101_length_975_cov_192.211187	722	802	80	2	80	0.0250000
NODE_7101_length_975_cov_192.211187	722	802	81	2	80	0.0250000
NODE_7101_length_975_cov_192.211187	722	802	82	2	80	0.0250000
NODE_7101_length_975_cov_192.211187	722	802	84	2	80	0.0250000
NODE_7101_length_975_cov_192.211187	722	802	88	1	80	0.0125000
NODE_7101_length_975_cov_192.211187	722	802	90	1	80	0.0125000
NODE_7101_length_975_cov_192.211187	722	802	94	8	80	0.1000000
NODE_7101_length_975_cov_192.211187	722	802	96	1	80	0.0125000
NODE_7101_length_975_cov_192.211187	722	802	98	1	80	0.0125000
NODE_7101_length_975_cov_192.211187	722	802	100	8	80	0.1000000
NODE_7101_length_975_cov_192.211187	722	802	101	2	80	0.0250000
NODE_7101_length_975_cov_192.211187	722	802	102	3	80	0.0375000
NODE_7101_length_975_cov_192.211187	722	802	103	3	80	0.0375000
NODE_7101_length_975_cov_192.211187	722	802	104	5	80	0.0625000
NODE_7102_length_975_cov_41.446347	414	494	2	34	80	0.4250000
NODE_7102_length_975_cov_41.446347	414	494	4	37	80	0.4625000
NODE_7102_length_975_cov_41.446347	414	494	8	9	80	0.1125000
NODE_7102_length_975_cov_41.446347	467	547	4	43	80	0.5375000
NODE_7102_length_975_cov_41.446347	467	547	6	4	80	0.0500000
NODE_7102_length_975_cov_41.446347	467	547	8	33	80	0.4125000
NODE_7103_length_975_cov_37.618721	375	455	13	65	80	0.8125000
NODE_7103_length_975_cov_37.618721	375	455	14	15	80	0.1875000
NODE_7103_length_975_cov_37.618721	428	508	0	35	80	0.4375000
NODE_7103_length_975_cov_37.618721	428	508	6	1	80	0.0125000
NODE_7103_length_975_cov_37.618721	428	508	7	12	80	0.1500000
NODE_7103_length_975_cov_37.618721	428	508	11	2	80	0.0250000
NODE_7103_length_975_cov_37.618721	428	508	13	30	80	0.3750000
NODE_7104_length_975_cov_34.265982	424	504	0	18	80	0.2250000
NODE_7104_length_975_cov_34.265982	424	504	2	62	80	0.7750000
NODE_7104_length_975_cov_34.265982	477	557	0	20	80	0.2500000
NODE_7104_length_975_cov_34.265982	477	557	2	60	80	0.7500000
NODE_7105_length_975_cov_31.888128	461	541	4	11	80	0.1375000
NODE_7105_length_975_cov_31.888128	461	541	6	30	80	0.3750000
NODE_7105_length_975_cov_31.888128	461	541	8	39	80	0.4875000
NODE_7105_length_975_cov_31.888128	514	594	4	47	80	0.5875000
NODE_7105_length_975_cov_31.888128	514	594	8	33	80	0.4125000
NODE_7106_length_975_cov_22.093607	392	472	0	35	80	0.4375000
NODE_7106_length_975_cov_22.093607	392	472	2	45	80	0.5625000
NODE_7106_length_975_cov_22.093607	445	525	2	34	80	0.4250000
NODE_7106_length_975_cov_22.093607	445	525	8	46	80	0.5750000
NODE_7107_length_975_cov_15.091324	403	483	2	4	80	0.0500000
NODE_7107_length_975_cov_15.091324	403	483	6	38	80	0.4750000
NODE_7107_length_975_cov_15.091324	403	483	8	38	80	0.4750000
NODE_7107_length_975_cov_15.091324	456	536	0	12	80	0.1500000
NODE_7107_length_975_cov_15.091324	456	536	2	21	80	0.2625000
NODE_7107_length_975_cov_15.091324	456	536	6	2	80	0.0250000
NODE_7107_length_975_cov_15.091324	456	536	8	45	80	0.5625000
NODE_7108_length_975_cov_15.046804	63	143	1	5	80	0.0625000
NODE_7108_length_975_cov_15.046804	63	143	2	75	80	0.9375000
NODE_7108_length_975_cov_15.046804	116	196	0	38	80	0.4750000
NODE_7108_length_975_cov_15.046804	116	196	1	20	80	0.2500000
NODE_7108_length_975_cov_15.046804	116	196	2	22	80	0.2750000
NODE_7109_length_975_cov_12.043379	535	615	0	52	80	0.6500000
NODE_7109_length_975_cov_12.043379	535	615	2	28	80	0.3500000
NODE_7109_length_975_cov_12.043379	588	668	0	2	80	0.0250000
NODE_7109_length_975_cov_12.043379	588	668	2	78	80	0.9750000
NODE_7110_length_975_cov_11.772831	276	354	0	23	78	0.2948718
NODE_7110_length_975_cov_11.772831	276	354	2	33	78	0.4230769
NODE_7110_length_975_cov_11.772831	276	354	6	5	78	0.0641026
NODE_7110_length_975_cov_11.772831	276	354	8	17	78	0.2179487
NODE_7110_length_975_cov_11.772831	327	407	2	5	80	0.0625000
NODE_7110_length_975_cov_11.772831	327	407	6	19	80	0.2375000
NODE_7110_length_975_cov_11.772831	327	407	7	1	80	0.0125000
NODE_7110_length_975_cov_11.772831	327	407	8	55	80	0.6875000
NODE_7111_length_975_cov_10.599315	405	485	0	80	80	1.0000000
NODE_7111_length_975_cov_10.599315	458	538	0	80	80	1.0000000
NODE_7112_length_975_cov_8.089041	430	510	0	80	80	1.0000000
NODE_7112_length_975_cov_8.089041	483	563	0	80	80	1.0000000
NODE_7114_length_975_cov_3.728311	254	334	0	80	80	1.0000000
NODE_7114_length_975_cov_3.728311	307	387	0	80	80	1.0000000
NODE_7125_length_974_cov_293.334857	564	642	710	1	78	0.0128205
NODE_7125_length_974_cov_293.334857	564	642	714	2	78	0.0256410
NODE_7125_length_974_cov_293.334857	564	642	717	1	78	0.0128205
NODE_7125_length_974_cov_293.334857	564	642	728	1	78	0.0128205
NODE_7125_length_974_cov_293.334857	564	642	729	1	78	0.0128205
NODE_7125_length_974_cov_293.334857	564	642	735	1	78	0.0128205
NODE_7125_length_974_cov_293.334857	564	642	739	1	78	0.0128205
NODE_7125_length_974_cov_293.334857	564	642	751	1	78	0.0128205
NODE_7125_length_974_cov_293.334857	564	642	754	4	78	0.0512821
NODE_7125_length_974_cov_293.334857	564	642	759	1	78	0.0128205
NODE_7125_length_974_cov_293.334857	564	642	766	2	78	0.0256410
NODE_7125_length_974_cov_293.334857	564	642	767	1	78	0.0128205
NODE_7125_length_974_cov_293.334857	564	642	770	1	78	0.0128205
NODE_7125_length_974_cov_293.334857	564	642	771	3	78	0.0384615
NODE_7125_length_974_cov_293.334857	564	642	772	4	78	0.0512821
NODE_7125_length_974_cov_293.334857	564	642	773	1	78	0.0128205
NODE_7125_length_974_cov_293.334857	564	642	774	4	78	0.0512821
NODE_7125_length_974_cov_293.334857	564	642	775	1	78	0.0128205
NODE_7125_length_974_cov_293.334857	564	642	776	1	78	0.0128205
NODE_7125_length_974_cov_293.334857	564	642	777	1	78	0.0128205
NODE_7125_length_974_cov_293.334857	564	642	778	1	78	0.0128205
NODE_7125_length_974_cov_293.334857	564	642	779	2	78	0.0256410
NODE_7125_length_974_cov_293.334857	564	642	780	1	78	0.0128205
NODE_7125_length_974_cov_293.334857	564	642	781	1	78	0.0128205
NODE_7125_length_974_cov_293.334857	564	642	787	1	78	0.0128205
NODE_7125_length_974_cov_293.334857	564	642	790	2	78	0.0256410
NODE_7125_length_974_cov_293.334857	564	642	791	1	78	0.0128205
NODE_7125_length_974_cov_293.334857	564	642	792	1	78	0.0128205
NODE_7125_length_974_cov_293.334857	564	642	799	1	78	0.0128205
NODE_7125_length_974_cov_293.334857	564	642	801	1	78	0.0128205
NODE_7125_length_974_cov_293.334857	564	642	807	2	78	0.0256410
NODE_7125_length_974_cov_293.334857	564	642	810	1	78	0.0128205
NODE_7125_length_974_cov_293.334857	564	642	813	1	78	0.0128205
NODE_7125_length_974_cov_293.334857	564	642	820	2	78	0.0256410
NODE_7125_length_974_cov_293.334857	564	642	828	1	78	0.0128205
NODE_7125_length_974_cov_293.334857	564	642	830	1	78	0.0128205
NODE_7125_length_974_cov_293.334857	564	642	831	1	78	0.0128205
NODE_7125_length_974_cov_293.334857	564	642	833	2	78	0.0256410
NODE_7125_length_974_cov_293.334857	564	642	834	1	78	0.0128205
NODE_7125_length_974_cov_293.334857	564	642	835	1	78	0.0128205
NODE_7125_length_974_cov_293.334857	564	642	836	2	78	0.0256410
NODE_7125_length_974_cov_293.334857	564	642	856	1	78	0.0128205
NODE_7125_length_974_cov_293.334857	564	642	890	1	78	0.0128205
NODE_7125_length_974_cov_293.334857	564	642	895	1	78	0.0128205
NODE_7125_length_974_cov_293.334857	564	642	902	1	78	0.0128205
NODE_7125_length_974_cov_293.334857	564	642	904	1	78	0.0128205
NODE_7125_length_974_cov_293.334857	564	642	908	1	78	0.0128205
NODE_7125_length_974_cov_293.334857	564	642	927	1	78	0.0128205
NODE_7125_length_974_cov_293.334857	564	642	941	1	78	0.0128205
NODE_7125_length_974_cov_293.334857	564	642	942	1	78	0.0128205
NODE_7125_length_974_cov_293.334857	564	642	952	1	78	0.0128205
NODE_7125_length_974_cov_293.334857	564	642	967	1	78	0.0128205
NODE_7125_length_974_cov_293.334857	564	642	983	1	78	0.0128205
NODE_7125_length_974_cov_293.334857	564	642	987	1	78	0.0128205
NODE_7125_length_974_cov_293.334857	564	642	988	1	78	0.0128205
NODE_7125_length_974_cov_293.334857	564	642	997	1	78	0.0128205
NODE_7125_length_974_cov_293.334857	564	642	1009	1	78	0.0128205
NODE_7125_length_974_cov_293.334857	564	642	1013	1	78	0.0128205
NODE_7125_length_974_cov_293.334857	564	642	1018	1	78	0.0128205
NODE_7125_length_974_cov_293.334857	564	642	710	1	78	0.0128205
NODE_7125_length_974_cov_293.334857	564	642	714	2	78	0.0256410
NODE_7125_length_974_cov_293.334857	564	642	717	1	78	0.0128205
NODE_7125_length_974_cov_293.334857	564	642	728	1	78	0.0128205
NODE_7125_length_974_cov_293.334857	564	642	729	1	78	0.0128205
NODE_7125_length_974_cov_293.334857	564	642	735	1	78	0.0128205
NODE_7125_length_974_cov_293.334857	564	642	739	1	78	0.0128205
NODE_7125_length_974_cov_293.334857	564	642	751	1	78	0.0128205
NODE_7125_length_974_cov_293.334857	564	642	754	4	78	0.0512821
NODE_7125_length_974_cov_293.334857	564	642	759	1	78	0.0128205
NODE_7125_length_974_cov_293.334857	564	642	766	2	78	0.0256410
NODE_7125_length_974_cov_293.334857	564	642	767	1	78	0.0128205
NODE_7125_length_974_cov_293.334857	564	642	770	1	78	0.0128205
NODE_7125_length_974_cov_293.334857	564	642	771	3	78	0.0384615
NODE_7125_length_974_cov_293.334857	564	642	772	4	78	0.0512821
NODE_7125_length_974_cov_293.334857	564	642	773	1	78	0.0128205
NODE_7125_length_974_cov_293.334857	564	642	774	4	78	0.0512821
NODE_7125_length_974_cov_293.334857	564	642	775	1	78	0.0128205
NODE_7125_length_974_cov_293.334857	564	642	776	1	78	0.0128205
NODE_7125_length_974_cov_293.334857	564	642	777	1	78	0.0128205
NODE_7125_length_974_cov_293.334857	564	642	778	1	78	0.0128205
NODE_7125_length_974_cov_293.334857	564	642	779	2	78	0.0256410
NODE_7125_length_974_cov_293.334857	564	642	780	1	78	0.0128205
NODE_7125_length_974_cov_293.334857	564	642	781	1	78	0.0128205
NODE_7125_length_974_cov_293.334857	564	642	787	1	78	0.0128205
NODE_7125_length_974_cov_293.334857	564	642	790	2	78	0.0256410
NODE_7125_length_974_cov_293.334857	564	642	791	1	78	0.0128205
NODE_7125_length_974_cov_293.334857	564	642	792	1	78	0.0128205
NODE_7125_length_974_cov_293.334857	564	642	799	1	78	0.0128205
NODE_7125_length_974_cov_293.334857	564	642	801	1	78	0.0128205
NODE_7125_length_974_cov_293.334857	564	642	807	2	78	0.0256410
NODE_7125_length_974_cov_293.334857	564	642	810	1	78	0.0128205
NODE_7125_length_974_cov_293.334857	564	642	813	1	78	0.0128205
NODE_7125_length_974_cov_293.334857	564	642	820	2	78	0.0256410
NODE_7125_length_974_cov_293.334857	564	642	828	1	78	0.0128205
NODE_7125_length_974_cov_293.334857	564	642	830	1	78	0.0128205
NODE_7125_length_974_cov_293.334857	564	642	831	1	78	0.0128205
NODE_7125_length_974_cov_293.334857	564	642	833	2	78	0.0256410
NODE_7125_length_974_cov_293.334857	564	642	834	1	78	0.0128205
NODE_7125_length_974_cov_293.334857	564	642	835	1	78	0.0128205
NODE_7125_length_974_cov_293.334857	564	642	836	2	78	0.0256410
NODE_7125_length_974_cov_293.334857	564	642	856	1	78	0.0128205
NODE_7125_length_974_cov_293.334857	564	642	890	1	78	0.0128205
NODE_7125_length_974_cov_293.334857	564	642	895	1	78	0.0128205
NODE_7125_length_974_cov_293.334857	564	642	902	1	78	0.0128205
NODE_7125_length_974_cov_293.334857	564	642	904	1	78	0.0128205
NODE_7125_length_974_cov_293.334857	564	642	908	1	78	0.0128205
NODE_7125_length_974_cov_293.334857	564	642	927	1	78	0.0128205
NODE_7125_length_974_cov_293.334857	564	642	941	1	78	0.0128205
NODE_7125_length_974_cov_293.334857	564	642	942	1	78	0.0128205
NODE_7125_length_974_cov_293.334857	564	642	952	1	78	0.0128205
NODE_7125_length_974_cov_293.334857	564	642	967	1	78	0.0128205
NODE_7125_length_974_cov_293.334857	564	642	983	1	78	0.0128205
NODE_7125_length_974_cov_293.334857	564	642	987	1	78	0.0128205
NODE_7125_length_974_cov_293.334857	564	642	988	1	78	0.0128205
NODE_7125_length_974_cov_293.334857	564	642	997	1	78	0.0128205
NODE_7125_length_974_cov_293.334857	564	642	1009	1	78	0.0128205
NODE_7125_length_974_cov_293.334857	564	642	1013	1	78	0.0128205
NODE_7125_length_974_cov_293.334857	564	642	1018	1	78	0.0128205
NODE_7125_length_974_cov_293.334857	564	633	754	4	69	0.0579710
NODE_7125_length_974_cov_293.334857	564	633	759	1	69	0.0144928
NODE_7125_length_974_cov_293.334857	564	633	766	2	69	0.0289855
NODE_7125_length_974_cov_293.334857	564	633	767	1	69	0.0144928
NODE_7125_length_974_cov_293.334857	564	633	770	1	69	0.0144928
NODE_7125_length_974_cov_293.334857	564	633	771	3	69	0.0434783
NODE_7125_length_974_cov_293.334857	564	633	772	4	69	0.0579710
NODE_7125_length_974_cov_293.334857	564	633	773	1	69	0.0144928
NODE_7125_length_974_cov_293.334857	564	633	774	4	69	0.0579710
NODE_7125_length_974_cov_293.334857	564	633	775	1	69	0.0144928
NODE_7125_length_974_cov_293.334857	564	633	776	1	69	0.0144928
NODE_7125_length_974_cov_293.334857	564	633	777	1	69	0.0144928
NODE_7125_length_974_cov_293.334857	564	633	778	1	69	0.0144928
NODE_7125_length_974_cov_293.334857	564	633	779	2	69	0.0289855
NODE_7125_length_974_cov_293.334857	564	633	780	1	69	0.0144928
NODE_7125_length_974_cov_293.334857	564	633	781	1	69	0.0144928
NODE_7125_length_974_cov_293.334857	564	633	787	1	69	0.0144928
NODE_7125_length_974_cov_293.334857	564	633	790	2	69	0.0289855
NODE_7125_length_974_cov_293.334857	564	633	791	1	69	0.0144928
NODE_7125_length_974_cov_293.334857	564	633	792	1	69	0.0144928
NODE_7125_length_974_cov_293.334857	564	633	799	1	69	0.0144928
NODE_7125_length_974_cov_293.334857	564	633	801	1	69	0.0144928
NODE_7125_length_974_cov_293.334857	564	633	807	2	69	0.0289855
NODE_7125_length_974_cov_293.334857	564	633	810	1	69	0.0144928
NODE_7125_length_974_cov_293.334857	564	633	813	1	69	0.0144928
NODE_7125_length_974_cov_293.334857	564	633	820	2	69	0.0289855
NODE_7125_length_974_cov_293.334857	564	633	828	1	69	0.0144928
NODE_7125_length_974_cov_293.334857	564	633	830	1	69	0.0144928
NODE_7125_length_974_cov_293.334857	564	633	831	1	69	0.0144928
NODE_7125_length_974_cov_293.334857	564	633	833	2	69	0.0289855
NODE_7125_length_974_cov_293.334857	564	633	834	1	69	0.0144928
NODE_7125_length_974_cov_293.334857	564	633	835	1	69	0.0144928
NODE_7125_length_974_cov_293.334857	564	633	836	2	69	0.0289855
NODE_7125_length_974_cov_293.334857	564	633	856	1	69	0.0144928
NODE_7125_length_974_cov_293.334857	564	633	890	1	69	0.0144928
NODE_7125_length_974_cov_293.334857	564	633	895	1	69	0.0144928
NODE_7125_length_974_cov_293.334857	564	633	902	1	69	0.0144928
NODE_7125_length_974_cov_293.334857	564	633	904	1	69	0.0144928
NODE_7125_length_974_cov_293.334857	564	633	908	1	69	0.0144928
NODE_7125_length_974_cov_293.334857	564	633	927	1	69	0.0144928
NODE_7125_length_974_cov_293.334857	564	633	941	1	69	0.0144928
NODE_7125_length_974_cov_293.334857	564	633	942	1	69	0.0144928
NODE_7125_length_974_cov_293.334857	564	633	952	1	69	0.0144928
NODE_7125_length_974_cov_293.334857	564	633	967	1	69	0.0144928
NODE_7125_length_974_cov_293.334857	564	633	983	1	69	0.0144928
NODE_7125_length_974_cov_293.334857	564	633	987	1	69	0.0144928
NODE_7125_length_974_cov_293.334857	564	633	988	1	69	0.0144928
NODE_7125_length_974_cov_293.334857	564	633	997	1	69	0.0144928
NODE_7125_length_974_cov_293.334857	564	633	1009	1	69	0.0144928
NODE_7125_length_974_cov_293.334857	564	633	1013	1	69	0.0144928
NODE_7125_length_974_cov_293.334857	564	633	1018	1	69	0.0144928
NODE_7126_length_974_cov_49.884571	459	539	2	10	80	0.1250000
NODE_7126_length_974_cov_49.884571	459	539	14	18	80	0.2250000
NODE_7126_length_974_cov_49.884571	459	539	16	9	80	0.1125000
NODE_7126_length_974_cov_49.884571	459	539	18	43	80	0.5375000
NODE_7126_length_974_cov_49.884571	512	592	0	4	80	0.0500000
NODE_7126_length_974_cov_49.884571	512	592	2	59	80	0.7375000
NODE_7126_length_974_cov_49.884571	512	592	14	17	80	0.2125000
NODE_7127_length_974_cov_38.384000	430	508	0	2	78	0.0256410
NODE_7127_length_974_cov_38.384000	430	508	4	76	78	0.9743590
NODE_7127_length_974_cov_38.384000	483	561	0	55	78	0.7051282
NODE_7127_length_974_cov_38.384000	483	561	4	23	78	0.2948718
NODE_7128_length_974_cov_26.008000	391	471	2	29	80	0.3625000
NODE_7128_length_974_cov_26.008000	391	471	8	37	80	0.4625000
NODE_7128_length_974_cov_26.008000	391	471	10	14	80	0.1750000
NODE_7128_length_974_cov_26.008000	444	524	8	80	80	1.0000000
NODE_7128_length_974_cov_26.008000	520	600	0	4	80	0.0500000
NODE_7128_length_974_cov_26.008000	520	600	2	48	80	0.6000000
NODE_7128_length_974_cov_26.008000	520	600	4	15	80	0.1875000
NODE_7128_length_974_cov_26.008000	520	600	8	13	80	0.1625000
NODE_7128_length_974_cov_26.008000	573	653	2	12	80	0.1500000
NODE_7128_length_974_cov_26.008000	573	653	4	18	80	0.2250000
NODE_7128_length_974_cov_26.008000	573	653	7	7	80	0.0875000
NODE_7128_length_974_cov_26.008000	573	653	8	36	80	0.4500000
NODE_7128_length_974_cov_26.008000	573	653	10	7	80	0.0875000
NODE_7129_length_974_cov_21.160000	460	540	2	36	80	0.4500000
NODE_7129_length_974_cov_21.160000	460	540	4	44	80	0.5500000
NODE_7129_length_974_cov_21.160000	513	593	0	24	80	0.3000000
NODE_7129_length_974_cov_21.160000	513	593	2	44	80	0.5500000
NODE_7129_length_974_cov_21.160000	513	593	4	12	80	0.1500000
NODE_7131_length_974_cov_11.384000	290	370	2	24	80	0.3000000
NODE_7131_length_974_cov_11.384000	290	370	4	56	80	0.7000000
NODE_7131_length_974_cov_11.384000	343	423	2	15	80	0.1875000
NODE_7131_length_974_cov_11.384000	343	423	4	65	80	0.8125000
NODE_7132_length_974_cov_11.216000	543	623	0	31	80	0.3875000
NODE_7132_length_974_cov_11.216000	543	623	2	49	80	0.6125000
NODE_7132_length_974_cov_11.216000	596	668	0	72	72	1.0000000
NODE_7133_length_974_cov_9.601143	436	516	2	80	80	1.0000000
NODE_7133_length_974_cov_9.601143	489	569	0	37	80	0.4625000
NODE_7133_length_974_cov_9.601143	489	569	2	43	80	0.5375000
NODE_7134_length_974_cov_7.436571	382	462	0	80	80	1.0000000
NODE_7134_length_974_cov_7.436571	436	515	0	79	79	1.0000000
NODE_7147_length_973_cov_46.012586	349	429	0	80	80	1.0000000
NODE_7147_length_973_cov_46.012586	402	482	0	80	80	1.0000000
NODE_7147_length_973_cov_46.012586	478	558	0	80	80	1.0000000
NODE_7147_length_973_cov_46.012586	531	611	0	80	80	1.0000000
NODE_7148_length_973_cov_40.305492	364	444	2	24	80	0.3000000
NODE_7148_length_973_cov_40.305492	364	444	4	1	80	0.0125000
NODE_7148_length_973_cov_40.305492	364	444	5	1	80	0.0125000
NODE_7148_length_973_cov_40.305492	364	444	6	28	80	0.3500000
NODE_7148_length_973_cov_40.305492	364	444	8	26	80	0.3250000
NODE_7148_length_973_cov_40.305492	417	497	4	54	80	0.6750000
NODE_7148_length_973_cov_40.305492	417	497	5	1	80	0.0125000
NODE_7148_length_973_cov_40.305492	417	497	6	21	80	0.2625000
NODE_7148_length_973_cov_40.305492	417	497	8	4	80	0.0500000
NODE_7149_length_973_cov_24.105263	460	540	0	3	80	0.0375000
NODE_7149_length_973_cov_24.105263	460	540	4	77	80	0.9625000
NODE_7149_length_973_cov_24.105263	513	593	4	80	80	1.0000000
NODE_7150_length_973_cov_22.106407	342	422	7	41	80	0.5125000
NODE_7150_length_973_cov_22.106407	342	422	8	39	80	0.4875000
NODE_7150_length_973_cov_22.106407	395	475	3	3	80	0.0375000
NODE_7150_length_973_cov_22.106407	395	475	5	38	80	0.4750000
NODE_7150_length_973_cov_22.106407	395	475	7	39	80	0.4875000
NODE_7150_length_973_cov_22.106407	471	550	0	64	79	0.8101266
NODE_7150_length_973_cov_22.106407	471	550	3	14	79	0.1772152
NODE_7150_length_973_cov_22.106407	471	550	5	1	79	0.0126582
NODE_7150_length_973_cov_22.106407	526	604	0	78	78	1.0000000
NODE_7151_length_973_cov_10.994279	430	510	0	80	80	1.0000000
NODE_7151_length_973_cov_10.994279	483	563	0	80	80	1.0000000
NODE_7151_length_973_cov_10.994279	559	635	0	76	76	1.0000000
NODE_7151_length_973_cov_10.994279	608	688	0	80	80	1.0000000
NODE_7153_length_973_cov_2.973684	734	814	0	74	80	0.9250000
NODE_7153_length_973_cov_2.973684	734	814	2	1	80	0.0125000
NODE_7153_length_973_cov_2.973684	734	814	4	4	80	0.0500000
NODE_7153_length_973_cov_2.973684	734	814	6	1	80	0.0125000
NODE_7153_length_973_cov_2.973684	820	890	6	2	70	0.0285714
NODE_7153_length_973_cov_2.973684	820	890	8	5	70	0.0714286
NODE_7153_length_973_cov_2.973684	820	890	14	2	70	0.0285714
NODE_7153_length_973_cov_2.973684	820	890	16	61	70	0.8714285
NODE_7153_length_973_cov_2.973684	863	944	8	28	81	0.3456790
NODE_7153_length_973_cov_2.973684	863	944	10	1	81	0.0123457
NODE_7153_length_973_cov_2.973684	863	944	12	11	81	0.1358025
NODE_7153_length_973_cov_2.973684	863	944	14	3	81	0.0370370
NODE_7153_length_973_cov_2.973684	863	944	16	38	81	0.4691358
NODE_7166_length_972_cov_32.547537	299	379	2	18	80	0.2250000
NODE_7166_length_972_cov_32.547537	299	379	4	62	80	0.7750000
NODE_7166_length_972_cov_32.547537	352	432	0	12	80	0.1500000
NODE_7166_length_972_cov_32.547537	352	432	2	46	80	0.5750000
NODE_7166_length_972_cov_32.547537	352	432	4	22	80	0.2750000
NODE_7166_length_972_cov_32.547537	428	508	2	6	80	0.0750000
NODE_7166_length_972_cov_32.547537	428	508	4	8	80	0.1000000
NODE_7166_length_972_cov_32.547537	428	508	6	38	80	0.4750000
NODE_7166_length_972_cov_32.547537	428	508	8	28	80	0.3500000
NODE_7166_length_972_cov_32.547537	481	561	2	27	80	0.3375000
NODE_7166_length_972_cov_32.547537	481	561	4	1	80	0.0125000
NODE_7166_length_972_cov_32.547537	481	561	6	22	80	0.2750000
NODE_7166_length_972_cov_32.547537	481	561	8	30	80	0.3750000
NODE_7167_length_972_cov_31.010309	474	554	0	12	80	0.1500000
NODE_7167_length_972_cov_31.010309	474	554	2	68	80	0.8500000
NODE_7167_length_972_cov_31.010309	527	607	0	65	80	0.8125000
NODE_7167_length_972_cov_31.010309	527	607	2	15	80	0.1875000
NODE_7168_length_972_cov_29.810997	481	561	0	51	80	0.6375000
NODE_7168_length_972_cov_29.810997	481	561	4	1	80	0.0125000
NODE_7168_length_972_cov_29.810997	481	561	6	28	80	0.3500000
NODE_7168_length_972_cov_29.810997	534	614	6	49	80	0.6125000
NODE_7168_length_972_cov_29.810997	534	614	10	31	80	0.3875000
NODE_7169_length_972_cov_23.438717	442	522	0	9	80	0.1125000
NODE_7169_length_972_cov_23.438717	442	522	2	58	80	0.7250000
NODE_7169_length_972_cov_23.438717	442	522	4	13	80	0.1625000
NODE_7169_length_972_cov_23.438717	495	575	2	42	80	0.5250000
NODE_7169_length_972_cov_23.438717	495	575	4	38	80	0.4750000
NODE_7170_length_972_cov_18.886598	453	533	0	8	80	0.1000000
NODE_7170_length_972_cov_18.886598	453	533	3	72	80	0.9000000
NODE_7170_length_972_cov_18.886598	506	585	3	72	79	0.9113924
NODE_7170_length_972_cov_18.886598	506	585	4	7	79	0.0886076
NODE_7171_length_972_cov_15.100802	329	409	0	80	80	1.0000000
NODE_7171_length_972_cov_15.100802	382	462	0	80	80	1.0000000
NODE_7172_length_972_cov_12.674685	444	524	2	68	80	0.8500000
NODE_7172_length_972_cov_12.674685	444	524	4	12	80	0.1500000
NODE_7172_length_972_cov_12.674685	497	577	2	65	80	0.8125000
NODE_7172_length_972_cov_12.674685	497	577	4	15	80	0.1875000
NODE_7173_length_972_cov_11.235968	504	584	0	80	80	1.0000000
NODE_7173_length_972_cov_11.235968	557	637	0	80	80	1.0000000
NODE_7174_length_972_cov_10.983963	402	482	0	49	80	0.6125000
NODE_7174_length_972_cov_10.983963	402	482	2	18	80	0.2250000
NODE_7174_length_972_cov_10.983963	402	482	6	13	80	0.1625000
NODE_7174_length_972_cov_10.983963	455	535	2	14	80	0.1750000
NODE_7174_length_972_cov_10.983963	455	535	6	66	80	0.8250000
NODE_7175_length_972_cov_8.887743	302	382	0	42	80	0.5250000
NODE_7175_length_972_cov_8.887743	302	382	4	38	80	0.4750000
NODE_7175_length_972_cov_8.887743	355	430	4	75	75	1.0000000
NODE_7176_length_972_cov_8.265750	488	568	0	80	80	1.0000000
NODE_7176_length_972_cov_8.265750	541	621	0	80	80	1.0000000
NODE_7182_length_972_cov_2.714777	165	241	0	76	76	1.0000000
NODE_7195_length_971_cov_52.575688	398	478	2	13	80	0.1625000
NODE_7195_length_971_cov_52.575688	398	478	8	67	80	0.8375000
NODE_7195_length_971_cov_52.575688	451	531	0	37	80	0.4625000
NODE_7195_length_971_cov_52.575688	451	531	2	29	80	0.3625000
NODE_7195_length_971_cov_52.575688	451	531	8	14	80	0.1750000
NODE_7195_length_971_cov_52.575688	527	607	0	40	80	0.5000000
NODE_7195_length_971_cov_52.575688	527	607	6	40	80	0.5000000
NODE_7195_length_971_cov_52.575688	580	660	6	80	80	1.0000000
NODE_7196_length_971_cov_44.464450	280	360	0	80	80	1.0000000
NODE_7196_length_971_cov_44.464450	333	413	0	30	80	0.3750000
NODE_7196_length_971_cov_44.464450	333	413	2	50	80	0.6250000
NODE_7196_length_971_cov_44.464450	409	489	0	78	80	0.9750000
NODE_7196_length_971_cov_44.464450	409	489	2	2	80	0.0250000
NODE_7196_length_971_cov_44.464450	462	542	0	80	80	1.0000000
NODE_7197_length_971_cov_32.721330	509	589	0	68	80	0.8500000
NODE_7197_length_971_cov_32.721330	509	589	7	12	80	0.1500000
NODE_7197_length_971_cov_32.721330	562	642	0	15	80	0.1875000
NODE_7197_length_971_cov_32.721330	562	642	7	47	80	0.5875000
NODE_7197_length_971_cov_32.721330	562	642	8	1	80	0.0125000
NODE_7197_length_971_cov_32.721330	562	642	11	1	80	0.0125000
NODE_7197_length_971_cov_32.721330	562	642	13	16	80	0.2000000
NODE_7198_length_971_cov_30.264908	474	554	0	18	80	0.2250000
NODE_7198_length_971_cov_30.264908	474	554	5	1	80	0.0125000
NODE_7198_length_971_cov_30.264908	474	554	6	15	80	0.1875000
NODE_7198_length_971_cov_30.264908	474	554	10	27	80	0.3375000
NODE_7198_length_971_cov_30.264908	474	554	12	19	80	0.2375000
NODE_7198_length_971_cov_30.264908	527	607	6	13	80	0.1625000
NODE_7198_length_971_cov_30.264908	527	607	10	8	80	0.1000000
NODE_7198_length_971_cov_30.264908	527	607	12	59	80	0.7375000
NODE_7199_length_971_cov_26.631881	434	514	0	80	80	1.0000000
NODE_7199_length_971_cov_26.631881	487	567	0	80	80	1.0000000
NODE_7200_length_971_cov_25.635321	404	484	2	31	80	0.3875000
NODE_7200_length_971_cov_25.635321	404	484	4	49	80	0.6125000
NODE_7200_length_971_cov_25.635321	457	537	4	80	80	1.0000000
NODE_7201_length_971_cov_23.334862	363	443	2	5	80	0.0625000
NODE_7201_length_971_cov_23.334862	363	443	4	75	80	0.9375000
NODE_7201_length_971_cov_23.334862	416	497	0	37	81	0.4567901
NODE_7201_length_971_cov_23.334862	416	497	2	22	81	0.2716049
NODE_7201_length_971_cov_23.334862	416	497	4	22	81	0.2716049
NODE_7202_length_971_cov_18.254587	468	548	0	80	80	1.0000000
NODE_7202_length_971_cov_18.254587	521	601	0	80	80	1.0000000
NODE_7203_length_971_cov_18.229358	392	472	0	80	80	1.0000000
NODE_7203_length_971_cov_18.229358	445	525	0	80	80	1.0000000
NODE_7204_length_971_cov_16.591743	481	561	2	24	80	0.3000000
NODE_7204_length_971_cov_16.591743	481	561	4	18	80	0.2250000
NODE_7204_length_971_cov_16.591743	481	561	5	13	80	0.1625000
NODE_7204_length_971_cov_16.591743	481	561	6	25	80	0.3125000
NODE_7204_length_971_cov_16.591743	534	614	4	29	80	0.3625000
NODE_7204_length_971_cov_16.591743	534	614	5	2	80	0.0250000
NODE_7204_length_971_cov_16.591743	534	614	6	49	80	0.6125000
NODE_7205_length_971_cov_15.563073	463	543	0	12	80	0.1500000
NODE_7205_length_971_cov_15.563073	463	543	2	7	80	0.0875000
NODE_7205_length_971_cov_15.563073	463	543	4	24	80	0.3000000
NODE_7205_length_971_cov_15.563073	463	543	10	35	80	0.4375000
NODE_7205_length_971_cov_15.563073	463	543	11	2	80	0.0250000
NODE_7205_length_971_cov_15.563073	516	596	8	18	80	0.2250000
NODE_7205_length_971_cov_15.563073	516	596	10	30	80	0.3750000
NODE_7205_length_971_cov_15.563073	516	596	11	18	80	0.2250000
NODE_7205_length_971_cov_15.563073	516	596	12	14	80	0.1750000
NODE_7206_length_971_cov_12.141055	415	495	0	80	80	1.0000000
NODE_7206_length_971_cov_12.141055	468	548	0	80	80	1.0000000
NODE_7222_length_970_cov_34.928817	438	518	0	29	80	0.3625000
NODE_7222_length_970_cov_34.928817	438	518	4	51	80	0.6375000
NODE_7222_length_970_cov_34.928817	491	571	0	36	80	0.4500000
NODE_7222_length_970_cov_34.928817	491	571	4	44	80	0.5500000
NODE_7223_length_970_cov_34.445465	540	620	0	48	80	0.6000000
NODE_7223_length_970_cov_34.445465	540	620	2	11	80	0.1375000
NODE_7223_length_970_cov_34.445465	540	620	4	21	80	0.2625000
NODE_7223_length_970_cov_34.445465	593	673	2	26	80	0.3250000
NODE_7223_length_970_cov_34.445465	593	673	4	54	80	0.6750000
NODE_7224_length_970_cov_34.257176	352	432	11	13	80	0.1625000
NODE_7224_length_970_cov_34.257176	352	432	22	15	80	0.1875000
NODE_7224_length_970_cov_34.257176	352	432	24	7	80	0.0875000
NODE_7224_length_970_cov_34.257176	352	432	25	45	80	0.5625000
NODE_7224_length_970_cov_34.257176	405	485	8	4	80	0.0500000
NODE_7224_length_970_cov_34.257176	405	485	19	1	80	0.0125000
NODE_7224_length_970_cov_34.257176	405	485	20	1	80	0.0125000
NODE_7224_length_970_cov_34.257176	405	485	24	1	80	0.0125000
NODE_7224_length_970_cov_34.257176	405	485	25	73	80	0.9125000
NODE_7225_length_970_cov_26.904707	297	372	85	6	75	0.0800000
NODE_7225_length_970_cov_26.904707	297	372	87	13	75	0.1733333
NODE_7225_length_970_cov_26.904707	297	372	88	9	75	0.1200000
NODE_7225_length_970_cov_26.904707	297	372	89	4	75	0.0533333
NODE_7225_length_970_cov_26.904707	297	372	90	5	75	0.0666667
NODE_7225_length_970_cov_26.904707	297	372	91	1	75	0.0133333
NODE_7225_length_970_cov_26.904707	297	372	92	1	75	0.0133333
NODE_7225_length_970_cov_26.904707	297	372	93	7	75	0.0933333
NODE_7225_length_970_cov_26.904707	297	372	94	1	75	0.0133333
NODE_7225_length_970_cov_26.904707	297	372	100	5	75	0.0666667
NODE_7225_length_970_cov_26.904707	297	372	101	1	75	0.0133333
NODE_7225_length_970_cov_26.904707	297	372	102	2	75	0.0266667
NODE_7225_length_970_cov_26.904707	297	372	103	2	75	0.0266667
NODE_7225_length_970_cov_26.904707	297	372	104	11	75	0.1466667
NODE_7225_length_970_cov_26.904707	297	372	105	4	75	0.0533333
NODE_7225_length_970_cov_26.904707	297	372	107	3	75	0.0400000
NODE_7225_length_970_cov_26.904707	303	376	85	6	73	0.0821918
NODE_7225_length_970_cov_26.904707	303	376	87	13	73	0.1780822
NODE_7225_length_970_cov_26.904707	303	376	88	3	73	0.0410959
NODE_7225_length_970_cov_26.904707	303	376	89	8	73	0.1095890
NODE_7225_length_970_cov_26.904707	303	376	90	5	73	0.0684932
NODE_7225_length_970_cov_26.904707	303	376	91	1	73	0.0136986
NODE_7225_length_970_cov_26.904707	303	376	92	1	73	0.0136986
NODE_7225_length_970_cov_26.904707	303	376	93	7	73	0.0958904
NODE_7225_length_970_cov_26.904707	303	376	94	1	73	0.0136986
NODE_7225_length_970_cov_26.904707	303	376	100	5	73	0.0684932
NODE_7225_length_970_cov_26.904707	303	376	101	1	73	0.0136986
NODE_7225_length_970_cov_26.904707	303	376	102	2	73	0.0273973
NODE_7225_length_970_cov_26.904707	303	376	103	2	73	0.0273973
NODE_7225_length_970_cov_26.904707	303	376	104	11	73	0.1506849
NODE_7225_length_970_cov_26.904707	303	376	105	4	73	0.0547945
NODE_7225_length_970_cov_26.904707	303	376	107	3	73	0.0410959
NODE_7225_length_970_cov_26.904707	311	377	85	6	66	0.0909091
NODE_7225_length_970_cov_26.904707	311	377	87	8	66	0.1212121
NODE_7225_length_970_cov_26.904707	311	377	89	9	66	0.1363636
NODE_7225_length_970_cov_26.904707	311	377	90	5	66	0.0757576
NODE_7225_length_970_cov_26.904707	311	377	91	1	66	0.0151515
NODE_7225_length_970_cov_26.904707	311	377	92	1	66	0.0151515
NODE_7225_length_970_cov_26.904707	311	377	93	7	66	0.1060606
NODE_7225_length_970_cov_26.904707	311	377	94	1	66	0.0151515
NODE_7225_length_970_cov_26.904707	311	377	100	5	66	0.0757576
NODE_7225_length_970_cov_26.904707	311	377	101	1	66	0.0151515
NODE_7225_length_970_cov_26.904707	311	377	102	2	66	0.0303030
NODE_7225_length_970_cov_26.904707	311	377	103	2	66	0.0303030
NODE_7225_length_970_cov_26.904707	311	377	104	11	66	0.1666667
NODE_7225_length_970_cov_26.904707	311	377	105	4	66	0.0606061
NODE_7225_length_970_cov_26.904707	311	377	107	3	66	0.0454545
NODE_7225_length_970_cov_26.904707	350	429	25	11	79	0.1392405
NODE_7225_length_970_cov_26.904707	350	429	27	1	79	0.0126582
NODE_7225_length_970_cov_26.904707	350	429	65	1	79	0.0126582
NODE_7225_length_970_cov_26.904707	350	429	71	1	79	0.0126582
NODE_7225_length_970_cov_26.904707	350	429	73	21	79	0.2658228
NODE_7225_length_970_cov_26.904707	350	429	79	2	79	0.0253165
NODE_7225_length_970_cov_26.904707	350	429	81	1	79	0.0126582
NODE_7225_length_970_cov_26.904707	350	429	82	7	79	0.0886076
NODE_7225_length_970_cov_26.904707	350	429	85	6	79	0.0759494
NODE_7225_length_970_cov_26.904707	350	429	87	1	79	0.0126582
NODE_7225_length_970_cov_26.904707	350	429	89	11	79	0.1392405
NODE_7225_length_970_cov_26.904707	350	429	90	6	79	0.0759494
NODE_7225_length_970_cov_26.904707	350	429	103	2	79	0.0253165
NODE_7225_length_970_cov_26.904707	350	429	104	8	79	0.1012658
NODE_7225_length_970_cov_26.904707	350	429	25	11	79	0.1392405
NODE_7225_length_970_cov_26.904707	350	429	27	1	79	0.0126582
NODE_7225_length_970_cov_26.904707	350	429	65	1	79	0.0126582
NODE_7225_length_970_cov_26.904707	350	429	71	1	79	0.0126582
NODE_7225_length_970_cov_26.904707	350	429	73	21	79	0.2658228
NODE_7225_length_970_cov_26.904707	350	429	79	2	79	0.0253165
NODE_7225_length_970_cov_26.904707	350	429	81	1	79	0.0126582
NODE_7225_length_970_cov_26.904707	350	429	82	7	79	0.0886076
NODE_7225_length_970_cov_26.904707	350	429	85	6	79	0.0759494
NODE_7225_length_970_cov_26.904707	350	429	87	1	79	0.0126582
NODE_7225_length_970_cov_26.904707	350	429	89	11	79	0.1392405
NODE_7225_length_970_cov_26.904707	350	429	90	6	79	0.0759494
NODE_7225_length_970_cov_26.904707	350	429	103	2	79	0.0253165
NODE_7225_length_970_cov_26.904707	350	429	104	8	79	0.1012658
NODE_7225_length_970_cov_26.904707	350	429	25	11	79	0.1392405
NODE_7225_length_970_cov_26.904707	350	429	27	1	79	0.0126582
NODE_7225_length_970_cov_26.904707	350	429	65	1	79	0.0126582
NODE_7225_length_970_cov_26.904707	350	429	71	1	79	0.0126582
NODE_7225_length_970_cov_26.904707	350	429	73	21	79	0.2658228
NODE_7225_length_970_cov_26.904707	350	429	79	2	79	0.0253165
NODE_7225_length_970_cov_26.904707	350	429	81	1	79	0.0126582
NODE_7225_length_970_cov_26.904707	350	429	82	7	79	0.0886076
NODE_7225_length_970_cov_26.904707	350	429	85	6	79	0.0759494
NODE_7225_length_970_cov_26.904707	350	429	87	1	79	0.0126582
NODE_7225_length_970_cov_26.904707	350	429	89	11	79	0.1392405
NODE_7225_length_970_cov_26.904707	350	429	90	6	79	0.0759494
NODE_7225_length_970_cov_26.904707	350	429	103	2	79	0.0253165
NODE_7225_length_970_cov_26.904707	350	429	104	8	79	0.1012658
NODE_7226_length_970_cov_26.040184	266	346	0	80	80	1.0000000
NODE_7226_length_970_cov_26.040184	319	399	0	80	80	1.0000000
NODE_7226_length_970_cov_26.040184	395	475	0	35	80	0.4375000
NODE_7226_length_970_cov_26.040184	395	475	2	45	80	0.5625000
NODE_7226_length_970_cov_26.040184	448	528	2	80	80	1.0000000
NODE_7227_length_970_cov_19.291619	415	495	0	80	80	1.0000000
NODE_7227_length_970_cov_19.291619	468	548	0	80	80	1.0000000
NODE_7228_length_970_cov_17.731343	557	637	0	2	80	0.0250000
NODE_7228_length_970_cov_17.731343	557	637	1	1	80	0.0125000
NODE_7228_length_970_cov_17.731343	557	637	2	6	80	0.0750000
NODE_7228_length_970_cov_17.731343	557	637	3	7	80	0.0875000
NODE_7228_length_970_cov_17.731343	557	637	4	4	80	0.0500000
NODE_7228_length_970_cov_17.731343	557	637	8	60	80	0.7500000
NODE_7228_length_970_cov_17.731343	610	690	0	55	80	0.6875000
NODE_7228_length_970_cov_17.731343	610	690	1	1	80	0.0125000
NODE_7228_length_970_cov_17.731343	610	690	2	6	80	0.0750000
NODE_7228_length_970_cov_17.731343	610	690	3	7	80	0.0875000
NODE_7228_length_970_cov_17.731343	610	690	4	4	80	0.0500000
NODE_7228_length_970_cov_17.731343	610	690	8	7	80	0.0875000
NODE_7229_length_970_cov_15.135476	407	487	0	23	80	0.2875000
NODE_7229_length_970_cov_15.135476	407	487	4	8	80	0.1000000
NODE_7229_length_970_cov_15.135476	407	487	5	27	80	0.3375000
NODE_7229_length_970_cov_15.135476	407	487	6	6	80	0.0750000
NODE_7229_length_970_cov_15.135476	407	487	8	16	80	0.2000000
NODE_7229_length_970_cov_15.135476	460	540	2	19	80	0.2375000
NODE_7229_length_970_cov_15.135476	460	540	4	2	80	0.0250000
NODE_7229_length_970_cov_15.135476	460	540	5	5	80	0.0625000
NODE_7229_length_970_cov_15.135476	460	540	6	6	80	0.0750000
NODE_7229_length_970_cov_15.135476	460	540	8	48	80	0.6000000
NODE_7230_length_970_cov_12.675086	534	614	0	68	80	0.8500000
NODE_7230_length_970_cov_12.675086	534	614	2	12	80	0.1500000
NODE_7230_length_970_cov_12.675086	587	667	0	15	80	0.1875000
NODE_7230_length_970_cov_12.675086	587	667	2	65	80	0.8125000
NODE_7231_length_970_cov_8.095293	487	567	0	27	80	0.3375000
NODE_7231_length_970_cov_8.095293	487	567	2	17	80	0.2125000
NODE_7231_length_970_cov_8.095293	487	567	4	36	80	0.4500000
NODE_7231_length_970_cov_8.095293	540	620	4	80	80	1.0000000
NODE_7233_length_970_cov_7.127440	336	416	2	9	80	0.1125000
NODE_7233_length_970_cov_7.127440	336	416	4	3	80	0.0375000
NODE_7233_length_970_cov_7.127440	336	416	8	41	80	0.5125000
NODE_7233_length_970_cov_7.127440	336	416	12	3	80	0.0375000
NODE_7233_length_970_cov_7.127440	336	416	14	24	80	0.3000000
NODE_7233_length_970_cov_7.127440	389	469	6	22	80	0.2750000
NODE_7233_length_970_cov_7.127440	389	469	10	10	80	0.1250000
NODE_7233_length_970_cov_7.127440	389	469	12	8	80	0.1000000
NODE_7233_length_970_cov_7.127440	389	469	14	40	80	0.5000000
NODE_7234_length_970_cov_5.824340	0	56	0	56	56	1.0000000
NODE_7246_length_969_cov_47.172414	419	499	0	5	80	0.0625000
NODE_7246_length_969_cov_47.172414	419	499	11	69	80	0.8625000
NODE_7246_length_969_cov_47.172414	419	499	12	6	80	0.0750000
NODE_7246_length_969_cov_47.172414	472	552	11	21	80	0.2625000
NODE_7246_length_969_cov_47.172414	472	552	12	24	80	0.3000000
NODE_7246_length_969_cov_47.172414	472	552	13	3	80	0.0375000
NODE_7246_length_969_cov_47.172414	472	552	14	8	80	0.1000000
NODE_7246_length_969_cov_47.172414	472	552	15	1	80	0.0125000
NODE_7246_length_969_cov_47.172414	472	552	16	2	80	0.0250000
NODE_7246_length_969_cov_47.172414	472	552	18	21	80	0.2625000
NODE_7247_length_969_cov_28.234483	327	407	2	1	80	0.0125000
NODE_7247_length_969_cov_28.234483	327	407	4	40	80	0.5000000
NODE_7247_length_969_cov_28.234483	327	407	6	39	80	0.4875000
NODE_7247_length_969_cov_28.234483	380	460	0	5	80	0.0625000
NODE_7247_length_969_cov_28.234483	380	460	2	49	80	0.6125000
NODE_7247_length_969_cov_28.234483	380	460	6	26	80	0.3250000
NODE_7248_length_969_cov_27.131034	392	472	0	17	80	0.2125000
NODE_7248_length_969_cov_27.131034	392	472	2	63	80	0.7875000
NODE_7248_length_969_cov_27.131034	445	525	0	19	80	0.2375000
NODE_7248_length_969_cov_27.131034	445	525	2	61	80	0.7625000
NODE_7249_length_969_cov_26.345977	466	542	0	3	76	0.0394737
NODE_7249_length_969_cov_26.345977	466	542	8	73	76	0.9605263
NODE_7249_length_969_cov_26.345977	515	595	8	80	80	1.0000000
NODE_7250_length_969_cov_18.954023	274	354	0	80	80	1.0000000
NODE_7250_length_969_cov_18.954023	327	407	0	80	80	1.0000000
NODE_7251_length_969_cov_17.952874	410	490	9	2	80	0.0250000
NODE_7251_length_969_cov_17.952874	410	490	10	26	80	0.3250000
NODE_7251_length_969_cov_17.952874	410	490	12	52	80	0.6500000
NODE_7251_length_969_cov_17.952874	463	543	0	22	80	0.2750000
NODE_7251_length_969_cov_17.952874	463	543	2	4	80	0.0500000
NODE_7251_length_969_cov_17.952874	463	543	4	6	80	0.0750000
NODE_7251_length_969_cov_17.952874	463	543	6	3	80	0.0375000
NODE_7251_length_969_cov_17.952874	463	543	9	1	80	0.0125000
NODE_7251_length_969_cov_17.952874	463	543	11	17	80	0.2125000
NODE_7251_length_969_cov_17.952874	463	543	12	27	80	0.3375000
NODE_7251_length_969_cov_17.952874	693	773	2	26	80	0.3250000
NODE_7251_length_969_cov_17.952874	693	773	6	15	80	0.1875000
NODE_7251_length_969_cov_17.952874	693	773	8	24	80	0.3000000
NODE_7251_length_969_cov_17.952874	693	773	9	15	80	0.1875000
NODE_7251_length_969_cov_17.952874	746	826	8	12	80	0.1500000
NODE_7251_length_969_cov_17.952874	746	826	9	30	80	0.3750000
NODE_7251_length_969_cov_17.952874	746	826	10	6	80	0.0750000
NODE_7251_length_969_cov_17.952874	746	826	11	13	80	0.1625000
NODE_7251_length_969_cov_17.952874	746	826	12	4	80	0.0500000
NODE_7251_length_969_cov_17.952874	746	826	13	13	80	0.1625000
NODE_7251_length_969_cov_17.952874	746	826	14	2	80	0.0250000
NODE_7252_length_969_cov_15.942529	446	526	0	7	80	0.0875000
NODE_7252_length_969_cov_15.942529	446	526	2	4	80	0.0500000
NODE_7252_length_969_cov_15.942529	446	526	4	69	80	0.8625000
NODE_7252_length_969_cov_15.942529	499	579	0	60	80	0.7500000
NODE_7252_length_969_cov_15.942529	499	579	2	4	80	0.0500000
NODE_7252_length_969_cov_15.942529	499	579	4	16	80	0.2000000
NODE_7253_length_969_cov_9.926437	573	653	0	1	80	0.0125000
NODE_7253_length_969_cov_9.926437	573	653	2	79	80	0.9875000
NODE_7253_length_969_cov_9.926437	626	706	0	54	80	0.6750000
NODE_7253_length_969_cov_9.926437	626	706	2	26	80	0.3250000
NODE_7265_length_968_cov_59.162255	376	456	0	28	80	0.3500000
NODE_7265_length_968_cov_59.162255	376	456	6	52	80	0.6500000
NODE_7265_length_968_cov_59.162255	429	509	6	27	80	0.3375000
NODE_7265_length_968_cov_59.162255	429	509	10	53	80	0.6625000
NODE_7265_length_968_cov_59.162255	505	585	2	22	80	0.2750000
NODE_7265_length_968_cov_59.162255	505	585	4	4	80	0.0500000
NODE_7265_length_968_cov_59.162255	505	585	6	20	80	0.2500000
NODE_7265_length_968_cov_59.162255	505	585	9	1	80	0.0125000
NODE_7265_length_968_cov_59.162255	505	585	10	33	80	0.4125000
NODE_7265_length_968_cov_59.162255	558	638	2	27	80	0.3375000
NODE_7265_length_968_cov_59.162255	558	638	4	48	80	0.6000000
NODE_7265_length_968_cov_59.162255	558	638	6	5	80	0.0625000
NODE_7266_length_968_cov_40.005754	514	594	0	80	80	1.0000000
NODE_7266_length_968_cov_40.005754	567	647	0	80	80	1.0000000
NODE_7267_length_968_cov_36.521289	450	530	0	36	80	0.4500000
NODE_7267_length_968_cov_36.521289	450	530	2	44	80	0.5500000
NODE_7267_length_968_cov_36.521289	503	583	0	12	80	0.1500000
NODE_7267_length_968_cov_36.521289	503	583	2	68	80	0.8500000
NODE_7268_length_968_cov_34.799770	474	554	0	65	80	0.8125000
NODE_7268_length_968_cov_34.799770	474	554	2	15	80	0.1875000
NODE_7268_length_968_cov_34.799770	527	607	0	25	80	0.3125000
NODE_7268_length_968_cov_34.799770	527	607	2	55	80	0.6875000
NODE_7269_length_968_cov_26.929804	293	372	0	4	79	0.0506329
NODE_7269_length_968_cov_26.929804	293	372	2	75	79	0.9493671
NODE_7269_length_968_cov_26.929804	345	425	0	33	80	0.4125000
NODE_7269_length_968_cov_26.929804	345	425	2	47	80	0.5875000
NODE_7269_length_968_cov_26.929804	421	501	0	80	80	1.0000000
NODE_7269_length_968_cov_26.929804	474	554	0	80	80	1.0000000
NODE_7270_length_968_cov_24.468354	434	514	2	43	80	0.5375000
NODE_7270_length_968_cov_24.468354	434	514	8	37	80	0.4625000
NODE_7270_length_968_cov_24.468354	487	567	8	80	80	1.0000000
NODE_7271_length_968_cov_23.204833	344	424	0	36	80	0.4500000
NODE_7271_length_968_cov_23.204833	344	424	2	44	80	0.5500000
NODE_7271_length_968_cov_23.204833	397	477	0	28	80	0.3500000
NODE_7271_length_968_cov_23.204833	397	477	2	52	80	0.6500000
NODE_7271_length_968_cov_23.204833	473	553	0	33	80	0.4125000
NODE_7271_length_968_cov_23.204833	473	553	2	47	80	0.5875000
NODE_7271_length_968_cov_23.204833	526	606	2	80	80	1.0000000
NODE_7272_length_968_cov_22.321059	417	497	4	57	80	0.7125000
NODE_7272_length_968_cov_22.321059	417	497	6	23	80	0.2875000
NODE_7272_length_968_cov_22.321059	470	550	2	34	80	0.4250000
NODE_7272_length_968_cov_22.321059	470	550	4	4	80	0.0500000
NODE_7272_length_968_cov_22.321059	470	550	6	42	80	0.5250000
NODE_7273_length_968_cov_20.897583	313	393	4	9	80	0.1125000
NODE_7273_length_968_cov_20.897583	313	393	8	71	80	0.8875000
NODE_7273_length_968_cov_20.897583	366	446	8	80	80	1.0000000
NODE_7274_length_968_cov_19.296893	401	481	0	2	80	0.0250000
NODE_7274_length_968_cov_19.296893	401	481	6	27	80	0.3375000
NODE_7274_length_968_cov_19.296893	401	481	8	51	80	0.6375000
NODE_7274_length_968_cov_19.296893	454	534	0	55	80	0.6875000
NODE_7274_length_968_cov_19.296893	454	534	6	25	80	0.3125000
NODE_7275_length_968_cov_18.100115	573	653	0	80	80	1.0000000
NODE_7275_length_968_cov_18.100115	626	706	0	80	80	1.0000000
NODE_7276_length_968_cov_15.576525	472	552	0	23	80	0.2875000
NODE_7276_length_968_cov_15.576525	472	552	2	57	80	0.7125000
NODE_7276_length_968_cov_15.576525	525	605	0	76	80	0.9500000
NODE_7276_length_968_cov_15.576525	525	605	2	4	80	0.0500000
NODE_7277_length_968_cov_15.024166	329	409	0	24	80	0.3000000
NODE_7277_length_968_cov_15.024166	329	409	2	56	80	0.7000000
NODE_7277_length_968_cov_15.024166	382	462	2	80	80	1.0000000
NODE_7277_length_968_cov_15.024166	458	538	0	42	80	0.5250000
NODE_7277_length_968_cov_15.024166	458	538	2	38	80	0.4750000
NODE_7277_length_968_cov_15.024166	511	591	0	80	80	1.0000000
NODE_7278_length_968_cov_13.911392	674	754	0	14	80	0.1750000
NODE_7278_length_968_cov_13.911392	674	754	1	1	80	0.0125000
NODE_7278_length_968_cov_13.911392	674	754	2	65	80	0.8125000
NODE_7278_length_968_cov_13.911392	727	807	0	67	80	0.8375000
NODE_7278_length_968_cov_13.911392	727	807	1	1	80	0.0125000
NODE_7278_length_968_cov_13.911392	727	807	2	12	80	0.1500000
NODE_7279_length_968_cov_11.698504	598	678	0	80	80	1.0000000
NODE_7279_length_968_cov_11.698504	651	731	0	80	80	1.0000000
NODE_7280_length_968_cov_6.490219	538	618	0	80	80	1.0000000
NODE_7280_length_968_cov_6.490219	591	671	0	80	80	1.0000000
NODE_7294_length_967_cov_25.572581	332	412	0	20	80	0.2500000
NODE_7294_length_967_cov_25.572581	332	412	5	11	80	0.1375000
NODE_7294_length_967_cov_25.572581	332	412	6	49	80	0.6125000
NODE_7294_length_967_cov_25.572581	385	465	0	13	80	0.1625000
NODE_7294_length_967_cov_25.572581	385	465	4	2	80	0.0250000
NODE_7294_length_967_cov_25.572581	385	465	5	7	80	0.0875000
NODE_7294_length_967_cov_25.572581	385	465	6	58	80	0.7250000
NODE_7295_length_967_cov_24.919355	396	476	0	8	80	0.1000000
NODE_7295_length_967_cov_24.919355	396	476	2	72	80	0.9000000
NODE_7295_length_967_cov_24.919355	449	529	2	80	80	1.0000000
NODE_7296_length_967_cov_19.137097	374	454	0	2	80	0.0250000
NODE_7296_length_967_cov_19.137097	374	454	2	16	80	0.2000000
NODE_7296_length_967_cov_19.137097	374	454	4	62	80	0.7750000
NODE_7296_length_967_cov_19.137097	427	507	0	2	80	0.0250000
NODE_7296_length_967_cov_19.137097	427	507	2	69	80	0.8625000
NODE_7296_length_967_cov_19.137097	427	507	4	9	80	0.1125000
NODE_7296_length_967_cov_19.137097	503	583	0	15	80	0.1875000
NODE_7296_length_967_cov_19.137097	503	583	2	65	80	0.8125000
NODE_7296_length_967_cov_19.137097	556	636	2	80	80	1.0000000
NODE_7297_length_967_cov_14.654378	453	533	0	13	80	0.1625000
NODE_7297_length_967_cov_14.654378	453	533	4	67	80	0.8375000
NODE_7297_length_967_cov_14.654378	506	586	0	66	80	0.8250000
NODE_7297_length_967_cov_14.654378	506	586	4	14	80	0.1750000
NODE_7298_length_967_cov_8.027650	280	360	0	80	80	1.0000000
NODE_7298_length_967_cov_8.027650	333	413	0	80	80	1.0000000
NODE_7310_length_966_cov_43.154556	401	474	2	51	73	0.6986302
NODE_7310_length_966_cov_43.154556	401	474	4	22	73	0.3013699
NODE_7310_length_966_cov_43.154556	447	527	0	7	80	0.0875000
NODE_7310_length_966_cov_43.154556	447	527	2	50	80	0.6250000
NODE_7310_length_966_cov_43.154556	447	527	4	23	80	0.2875000
NODE_7311_length_966_cov_42.877739	477	557	20	44	80	0.5500000
NODE_7311_length_966_cov_42.877739	477	557	26	36	80	0.4500000
NODE_7311_length_966_cov_42.877739	530	610	6	22	80	0.2750000
NODE_7311_length_966_cov_42.877739	530	610	16	8	80	0.1000000
NODE_7311_length_966_cov_42.877739	530	610	26	50	80	0.6250000
NODE_7312_length_966_cov_39.956171	283	363	0	21	80	0.2625000
NODE_7312_length_966_cov_39.956171	283	363	2	28	80	0.3500000
NODE_7312_length_966_cov_39.956171	283	363	4	10	80	0.1250000
NODE_7312_length_966_cov_39.956171	283	363	6	21	80	0.2625000
NODE_7312_length_966_cov_39.956171	336	416	4	6	80	0.0750000
NODE_7312_length_966_cov_39.956171	336	416	6	74	80	0.9250000
NODE_7312_length_966_cov_39.956171	412	494	0	58	82	0.7073171
NODE_7312_length_966_cov_39.956171	412	494	2	18	82	0.2195122
NODE_7312_length_966_cov_39.956171	412	494	4	1	82	0.0121951
NODE_7312_length_966_cov_39.956171	412	494	6	5	82	0.0609756
NODE_7312_length_966_cov_39.956171	467	547	0	80	80	1.0000000
NODE_7313_length_966_cov_36.160323	461	541	2	61	80	0.7625000
NODE_7313_length_966_cov_36.160323	461	541	6	19	80	0.2375000
NODE_7313_length_966_cov_36.160323	461	541	2	61	80	0.7625000
NODE_7313_length_966_cov_36.160323	461	541	6	19	80	0.2375000
NODE_7313_length_966_cov_36.160323	514	594	2	8	80	0.1000000
NODE_7313_length_966_cov_36.160323	514	594	4	18	80	0.2250000
NODE_7313_length_966_cov_36.160323	514	594	6	54	80	0.6750000
NODE_7314_length_966_cov_18.658593	408	488	0	80	80	1.0000000
NODE_7314_length_966_cov_18.658593	461	541	0	80	80	1.0000000
NODE_7315_length_966_cov_17.606690	341	421	4	14	80	0.1750000
NODE_7315_length_966_cov_17.606690	341	421	6	18	80	0.2250000
NODE_7315_length_966_cov_17.606690	341	421	8	48	80	0.6000000
NODE_7315_length_966_cov_17.606690	394	474	2	20	80	0.2500000
NODE_7315_length_966_cov_17.606690	394	474	4	47	80	0.5875000
NODE_7315_length_966_cov_17.606690	394	474	8	13	80	0.1625000
NODE_7316_length_966_cov_16.064591	296	376	0	5	80	0.0625000
NODE_7316_length_966_cov_16.064591	296	376	4	75	80	0.9375000
NODE_7316_length_966_cov_16.064591	349	429	4	80	80	1.0000000
NODE_7317_length_966_cov_15.155709	562	642	0	80	80	1.0000000
NODE_7317_length_966_cov_15.155709	615	695	0	80	80	1.0000000
NODE_7318_length_966_cov_7.726644	280	360	0	11	80	0.1375000
NODE_7318_length_966_cov_7.726644	280	360	2	4	80	0.0500000
NODE_7318_length_966_cov_7.726644	280	360	6	65	80	0.8125000
NODE_7318_length_966_cov_7.726644	334	414	4	39	80	0.4875000
NODE_7318_length_966_cov_7.726644	334	414	6	41	80	0.5125000
NODE_7335_length_965_cov_51.524249	197	277	0	9	80	0.1125000
NODE_7335_length_965_cov_51.524249	197	277	2	71	80	0.8875000
NODE_7335_length_965_cov_51.524249	250	327	0	32	77	0.4155844
NODE_7335_length_965_cov_51.524249	250	327	2	45	77	0.5844156
NODE_7335_length_965_cov_51.524249	329	406	2	7	77	0.0909091
NODE_7335_length_965_cov_51.524249	329	406	3	14	77	0.1818182
NODE_7335_length_965_cov_51.524249	329	406	4	27	77	0.3506494
NODE_7335_length_965_cov_51.524249	329	406	5	11	77	0.1428571
NODE_7335_length_965_cov_51.524249	329	406	6	18	77	0.2337662
NODE_7335_length_965_cov_51.524249	379	459	4	36	80	0.4500000
NODE_7335_length_965_cov_51.524249	379	459	5	9	80	0.1125000
NODE_7335_length_965_cov_51.524249	379	459	6	35	80	0.4375000
NODE_7336_length_965_cov_18.072748	515	595	2	18	80	0.2250000
NODE_7336_length_965_cov_18.072748	515	595	4	15	80	0.1875000
NODE_7336_length_965_cov_18.072748	515	595	6	47	80	0.5875000
NODE_7336_length_965_cov_18.072748	568	648	5	11	80	0.1375000
NODE_7336_length_965_cov_18.072748	568	648	6	27	80	0.3375000
NODE_7336_length_965_cov_18.072748	568	648	7	12	80	0.1500000
NODE_7336_length_965_cov_18.072748	568	648	8	1	80	0.0125000
NODE_7336_length_965_cov_18.072748	568	648	9	29	80	0.3625000
NODE_7337_length_965_cov_14.277136	342	422	0	39	80	0.4875000
NODE_7337_length_965_cov_14.277136	342	422	5	4	80	0.0500000
NODE_7337_length_965_cov_14.277136	342	422	8	37	80	0.4625000
NODE_7337_length_965_cov_14.277136	395	470	8	75	75	1.0000000
NODE_7338_length_965_cov_7.808314	567	647	0	80	80	1.0000000
NODE_7338_length_965_cov_7.808314	620	700	0	80	80	1.0000000
NODE_7344_length_964_cov_60.153757	197	277	28	4	80	0.0500000
NODE_7344_length_964_cov_60.153757	197	277	32	14	80	0.1750000
NODE_7344_length_964_cov_60.153757	197	277	34	7	80	0.0875000
NODE_7344_length_964_cov_60.153757	197	277	36	2	80	0.0250000
NODE_7344_length_964_cov_60.153757	197	277	41	3	80	0.0375000
NODE_7344_length_964_cov_60.153757	197	277	43	4	80	0.0500000
NODE_7344_length_964_cov_60.153757	197	277	44	7	80	0.0875000
NODE_7344_length_964_cov_60.153757	197	277	46	4	80	0.0500000
NODE_7344_length_964_cov_60.153757	197	277	48	2	80	0.0250000
NODE_7344_length_964_cov_60.153757	197	277	52	1	80	0.0125000
NODE_7344_length_964_cov_60.153757	197	277	56	5	80	0.0625000
NODE_7344_length_964_cov_60.153757	197	277	57	4	80	0.0500000
NODE_7344_length_964_cov_60.153757	197	277	58	10	80	0.1250000
NODE_7344_length_964_cov_60.153757	197	277	59	7	80	0.0875000
NODE_7344_length_964_cov_60.153757	197	277	60	5	80	0.0625000
NODE_7344_length_964_cov_60.153757	197	277	61	1	80	0.0125000
NODE_7344_length_964_cov_60.153757	250	314	6	5	64	0.0781250
NODE_7344_length_964_cov_60.153757	250	314	8	19	64	0.2968750
NODE_7344_length_964_cov_60.153757	250	314	9	8	64	0.1250000
NODE_7344_length_964_cov_60.153757	250	314	12	2	64	0.0312500
NODE_7344_length_964_cov_60.153757	250	314	16	1	64	0.0156250
NODE_7344_length_964_cov_60.153757	250	314	27	2	64	0.0312500
NODE_7344_length_964_cov_60.153757	250	314	28	4	64	0.0625000
NODE_7344_length_964_cov_60.153757	250	314	32	14	64	0.2187500
NODE_7344_length_964_cov_60.153757	250	314	34	7	64	0.1093750
NODE_7344_length_964_cov_60.153757	250	314	36	2	64	0.0312500
NODE_7344_length_964_cov_60.153757	672	752	1	26	80	0.3250000
NODE_7344_length_964_cov_60.153757	672	752	3	54	80	0.6750000
NODE_7344_length_964_cov_60.153757	725	805	2	49	80	0.6125000
NODE_7344_length_964_cov_60.153757	725	805	3	31	80	0.3875000
NODE_7345_length_964_cov_45.564162	314	394	1	9	80	0.1125000
NODE_7345_length_964_cov_45.564162	314	394	2	27	80	0.3375000
NODE_7345_length_964_cov_45.564162	314	394	3	44	80	0.5500000
NODE_7345_length_964_cov_45.564162	367	447	0	21	80	0.2625000
NODE_7345_length_964_cov_45.564162	367	447	1	25	80	0.3125000
NODE_7345_length_964_cov_45.564162	367	447	2	18	80	0.2250000
NODE_7345_length_964_cov_45.564162	367	447	4	16	80	0.2000000
NODE_7345_length_964_cov_45.564162	443	523	4	13	80	0.1625000
NODE_7345_length_964_cov_45.564162	443	523	8	67	80	0.8375000
NODE_7345_length_964_cov_45.564162	496	566	0	6	70	0.0857143
NODE_7345_length_964_cov_45.564162	496	566	4	14	70	0.2000000
NODE_7345_length_964_cov_45.564162	496	566	8	50	70	0.7142857
NODE_7346_length_964_cov_33.487861	363	443	0	25	80	0.3125000
NODE_7346_length_964_cov_33.487861	363	443	4	2	80	0.0250000
NODE_7346_length_964_cov_33.487861	363	443	6	2	80	0.0250000
NODE_7346_length_964_cov_33.487861	363	443	9	13	80	0.1625000
NODE_7346_length_964_cov_33.487861	363	443	11	37	80	0.4625000
NODE_7346_length_964_cov_33.487861	363	443	14	1	80	0.0125000
NODE_7346_length_964_cov_33.487861	416	496	10	25	80	0.3125000
NODE_7346_length_964_cov_33.487861	416	496	11	26	80	0.3250000
NODE_7346_length_964_cov_33.487861	416	496	14	29	80	0.3625000
NODE_7347_length_964_cov_33.077457	408	488	4	80	80	1.0000000
NODE_7347_length_964_cov_33.077457	461	541	0	16	80	0.2000000
NODE_7347_length_964_cov_33.077457	461	541	2	4	80	0.0500000
NODE_7347_length_964_cov_33.077457	461	541	4	60	80	0.7500000
NODE_7347_length_964_cov_33.077457	537	617	0	23	80	0.2875000
NODE_7347_length_964_cov_33.077457	537	617	4	17	80	0.2125000
NODE_7347_length_964_cov_33.077457	537	617	11	2	80	0.0250000
NODE_7347_length_964_cov_33.077457	537	617	12	37	80	0.4625000
NODE_7347_length_964_cov_33.077457	537	617	14	1	80	0.0125000
NODE_7347_length_964_cov_33.077457	590	670	12	26	80	0.3250000
NODE_7347_length_964_cov_33.077457	590	670	14	54	80	0.6750000
NODE_7348_length_964_cov_29.250867	419	499	0	22	80	0.2750000
NODE_7348_length_964_cov_29.250867	419	499	2	58	80	0.7250000
NODE_7348_length_964_cov_29.250867	472	552	0	6	80	0.0750000
NODE_7348_length_964_cov_29.250867	472	552	2	74	80	0.9250000
NODE_7349_length_964_cov_20.191908	228	301	0	73	73	1.0000000
NODE_7349_length_964_cov_20.191908	349	429	0	41	80	0.5125000
NODE_7349_length_964_cov_20.191908	349	429	4	39	80	0.4875000
NODE_7349_length_964_cov_20.191908	402	482	4	80	80	1.0000000
NODE_7350_length_964_cov_18.510983	486	566	2	27	80	0.3375000
NODE_7350_length_964_cov_18.510983	486	566	4	53	80	0.6625000
NODE_7350_length_964_cov_18.510983	539	619	2	80	80	1.0000000
NODE_7351_length_964_cov_16.613873	464	544	2	80	80	1.0000000
NODE_7351_length_964_cov_16.613873	517	597	0	33	80	0.4125000
NODE_7351_length_964_cov_16.613873	517	597	2	47	80	0.5875000
NODE_7352_length_964_cov_15.717919	411	491	0	80	80	1.0000000
NODE_7352_length_964_cov_15.717919	464	544	0	80	80	1.0000000
NODE_7352_length_964_cov_15.717919	540	620	0	16	80	0.2000000
NODE_7352_length_964_cov_15.717919	540	620	2	64	80	0.8000000
NODE_7352_length_964_cov_15.717919	593	668	2	75	75	1.0000000
NODE_7353_length_964_cov_14.591908	521	601	0	7	80	0.0875000
NODE_7353_length_964_cov_14.591908	521	601	2	31	80	0.3875000
NODE_7353_length_964_cov_14.591908	521	601	4	42	80	0.5250000
NODE_7353_length_964_cov_14.591908	574	654	2	32	80	0.4000000
NODE_7353_length_964_cov_14.591908	574	654	4	48	80	0.6000000
NODE_7354_length_964_cov_11.589595	475	555	0	80	80	1.0000000
NODE_7354_length_964_cov_11.589595	528	608	0	31	80	0.3875000
NODE_7354_length_964_cov_11.589595	528	608	4	49	80	0.6125000
NODE_7355_length_964_cov_7.639306	420	500	2	7	80	0.0875000
NODE_7355_length_964_cov_7.639306	420	500	4	73	80	0.9125000
NODE_7355_length_964_cov_7.639306	473	553	0	28	80	0.3500000
NODE_7355_length_964_cov_7.639306	473	553	2	15	80	0.1875000
NODE_7355_length_964_cov_7.639306	473	553	4	37	80	0.4625000
NODE_7356_length_964_cov_7.596532	534	614	4	80	80	1.0000000
NODE_7356_length_964_cov_7.596532	587	667	0	49	80	0.6125000
NODE_7356_length_964_cov_7.596532	587	667	3	1	80	0.0125000
NODE_7356_length_964_cov_7.596532	587	667	4	30	80	0.3750000
NODE_7357_length_964_cov_6.568786	368	448	0	80	80	1.0000000
NODE_7357_length_964_cov_6.568786	421	501	0	80	80	1.0000000
NODE_7359_length_964_cov_6.027746	890	940	28	3	50	0.0600000
NODE_7359_length_964_cov_6.027746	890	940	32	16	50	0.3200000
NODE_7359_length_964_cov_6.027746	890	940	34	3	50	0.0600000
NODE_7359_length_964_cov_6.027746	890	940	38	13	50	0.2600000
NODE_7359_length_964_cov_6.027746	890	940	40	15	50	0.3000000
NODE_7361_length_964_cov_4.665896	706	772	0	66	66	1.0000000
NODE_7376_length_963_cov_66.251157	456	536	10	4	80	0.0500000
NODE_7376_length_963_cov_66.251157	456	536	12	22	80	0.2750000
NODE_7376_length_963_cov_66.251157	456	536	13	16	80	0.2000000
NODE_7376_length_963_cov_66.251157	456	536	14	33	80	0.4125000
NODE_7376_length_963_cov_66.251157	456	536	15	5	80	0.0625000
NODE_7376_length_963_cov_66.251157	509	589	6	20	80	0.2500000
NODE_7376_length_963_cov_66.251157	509	589	8	19	80	0.2375000
NODE_7376_length_963_cov_66.251157	509	589	9	1	80	0.0125000
NODE_7376_length_963_cov_66.251157	509	589	10	7	80	0.0875000
NODE_7376_length_963_cov_66.251157	509	589	12	6	80	0.0750000
NODE_7376_length_963_cov_66.251157	509	589	13	15	80	0.1875000
NODE_7376_length_963_cov_66.251157	509	589	14	7	80	0.0875000
NODE_7376_length_963_cov_66.251157	509	589	15	5	80	0.0625000
NODE_7376_length_963_cov_66.251157	585	665	0	9	80	0.1125000
NODE_7376_length_963_cov_66.251157	585	665	2	24	80	0.3000000
NODE_7376_length_963_cov_66.251157	585	665	4	22	80	0.2750000
NODE_7376_length_963_cov_66.251157	585	665	6	25	80	0.3125000
NODE_7376_length_963_cov_66.251157	638	718	0	62	80	0.7750000
NODE_7376_length_963_cov_66.251157	638	718	2	18	80	0.2250000
NODE_7377_length_963_cov_35.638889	381	461	0	11	80	0.1375000
NODE_7377_length_963_cov_35.638889	381	461	2	69	80	0.8625000
NODE_7377_length_963_cov_35.638889	434	514	0	64	80	0.8000000
NODE_7377_length_963_cov_35.638889	434	514	2	16	80	0.2000000
NODE_7377_length_963_cov_35.638889	510	590	0	34	80	0.4250000
NODE_7377_length_963_cov_35.638889	510	590	2	46	80	0.5750000
NODE_7377_length_963_cov_35.638889	563	643	2	80	80	1.0000000
NODE_7378_length_963_cov_33.642361	347	427	0	12	80	0.1500000
NODE_7378_length_963_cov_33.642361	347	427	17	1	80	0.0125000
NODE_7378_length_963_cov_33.642361	347	427	18	15	80	0.1875000
NODE_7378_length_963_cov_33.642361	347	427	19	48	80	0.6000000
NODE_7378_length_963_cov_33.642361	347	427	20	4	80	0.0500000
NODE_7378_length_963_cov_33.642361	400	480	18	15	80	0.1875000
NODE_7378_length_963_cov_33.642361	400	480	19	8	80	0.1000000
NODE_7378_length_963_cov_33.642361	400	480	20	32	80	0.4000000
NODE_7378_length_963_cov_33.642361	400	480	21	25	80	0.3125000
NODE_7379_length_963_cov_18.626157	392	472	4	15	80	0.1875000
NODE_7379_length_963_cov_18.626157	392	472	6	65	80	0.8125000
NODE_7379_length_963_cov_18.626157	445	525	0	3	80	0.0375000
NODE_7379_length_963_cov_18.626157	445	525	2	19	80	0.2375000
NODE_7379_length_963_cov_18.626157	445	525	6	58	80	0.7250000
NODE_7380_length_963_cov_17.750000	402	482	7	2	80	0.0250000
NODE_7380_length_963_cov_17.750000	402	482	8	2	80	0.0250000
NODE_7380_length_963_cov_17.750000	402	482	10	53	80	0.6625000
NODE_7380_length_963_cov_17.750000	402	482	12	15	80	0.1875000
NODE_7380_length_963_cov_17.750000	402	482	14	8	80	0.1000000
NODE_7380_length_963_cov_17.750000	455	535	8	4	80	0.0500000
NODE_7380_length_963_cov_17.750000	455	535	10	52	80	0.6500000
NODE_7380_length_963_cov_17.750000	455	535	12	16	80	0.2000000
NODE_7380_length_963_cov_17.750000	455	535	14	8	80	0.1000000
NODE_7381_length_963_cov_17.023148	542	622	4	4	80	0.0500000
NODE_7381_length_963_cov_17.023148	542	622	6	20	80	0.2500000
NODE_7381_length_963_cov_17.023148	542	622	8	40	80	0.5000000
NODE_7381_length_963_cov_17.023148	542	622	10	16	80	0.2000000
NODE_7381_length_963_cov_17.023148	595	675	4	11	80	0.1375000
NODE_7381_length_963_cov_17.023148	595	675	6	54	80	0.6750000
NODE_7381_length_963_cov_17.023148	595	675	10	15	80	0.1875000
NODE_7382_length_963_cov_16.642361	481	561	0	28	80	0.3500000
NODE_7382_length_963_cov_16.642361	481	561	1	23	80	0.2875000
NODE_7382_length_963_cov_16.642361	481	561	2	12	80	0.1500000
NODE_7382_length_963_cov_16.642361	481	561	4	17	80	0.2125000
NODE_7382_length_963_cov_16.642361	534	614	2	10	80	0.1250000
NODE_7382_length_963_cov_16.642361	534	614	4	70	80	0.8750000
NODE_7382_length_963_cov_16.642361	572	629	2	12	57	0.2105263
NODE_7382_length_963_cov_16.642361	572	629	4	45	57	0.7894737
NODE_7383_length_963_cov_14.961806	283	363	5	3	80	0.0375000
NODE_7383_length_963_cov_14.961806	283	363	6	77	80	0.9625000
NODE_7383_length_963_cov_14.961806	336	416	0	14	80	0.1750000
NODE_7383_length_963_cov_14.961806	336	416	1	7	80	0.0875000
NODE_7383_length_963_cov_14.961806	336	416	5	35	80	0.4375000
NODE_7383_length_963_cov_14.961806	336	416	6	24	80	0.3000000
NODE_7384_length_963_cov_13.341435	558	638	2	59	80	0.7375000
NODE_7384_length_963_cov_13.341435	558	638	3	21	80	0.2625000
NODE_7384_length_963_cov_13.341435	611	691	1	9	80	0.1125000
NODE_7384_length_963_cov_13.341435	611	691	2	22	80	0.2750000
NODE_7384_length_963_cov_13.341435	611	691	3	49	80	0.6125000
NODE_7386_length_963_cov_9.520833	459	539	0	79	80	0.9875000
NODE_7386_length_963_cov_9.520833	459	539	4	1	80	0.0125000
NODE_7386_length_963_cov_9.520833	512	592	0	26	80	0.3250000
NODE_7386_length_963_cov_9.520833	512	592	4	54	80	0.6750000
NODE_7386_length_963_cov_9.520833	588	662	4	74	74	1.0000000
NODE_7386_length_963_cov_9.520833	641	724	0	49	83	0.5903614
NODE_7386_length_963_cov_9.520833	641	724	4	34	83	0.4096386
NODE_7388_length_963_cov_7.510417	781	842	1	3	61	0.0491803
NODE_7388_length_963_cov_7.510417	781	842	2	9	61	0.1475410
NODE_7388_length_963_cov_7.510417	781	842	5	5	61	0.0819672
NODE_7388_length_963_cov_7.510417	781	842	8	3	61	0.0491803
NODE_7388_length_963_cov_7.510417	781	842	12	2	61	0.0327869
NODE_7388_length_963_cov_7.510417	781	842	17	2	61	0.0327869
NODE_7388_length_963_cov_7.510417	781	842	23	2	61	0.0327869
NODE_7388_length_963_cov_7.510417	781	842	25	1	61	0.0163934
NODE_7388_length_963_cov_7.510417	781	842	33	4	61	0.0655738
NODE_7388_length_963_cov_7.510417	781	842	35	3	61	0.0491803
NODE_7388_length_963_cov_7.510417	781	842	40	4	61	0.0655738
NODE_7388_length_963_cov_7.510417	781	842	41	5	61	0.0819672
NODE_7388_length_963_cov_7.510417	781	842	45	2	61	0.0327869
NODE_7388_length_963_cov_7.510417	781	842	49	3	61	0.0491803
NODE_7388_length_963_cov_7.510417	781	842	50	1	61	0.0163934
NODE_7388_length_963_cov_7.510417	781	842	51	12	61	0.1967213
NODE_7388_length_963_cov_7.510417	815	894	40	4	79	0.0506329
NODE_7388_length_963_cov_7.510417	815	894	41	5	79	0.0632911
NODE_7388_length_963_cov_7.510417	815	894	45	2	79	0.0253165
NODE_7388_length_963_cov_7.510417	815	894	49	3	79	0.0379747
NODE_7388_length_963_cov_7.510417	815	894	50	1	79	0.0126582
NODE_7388_length_963_cov_7.510417	815	894	51	64	79	0.8101266
NODE_7392_length_963_cov_3.755787	378	458	0	59	80	0.7375000
NODE_7392_length_963_cov_3.755787	378	458	2	21	80	0.2625000
NODE_7392_length_963_cov_3.755787	431	511	0	6	80	0.0750000
NODE_7392_length_963_cov_3.755787	431	511	2	74	80	0.9250000
NODE_7397_length_963_cov_1.931713	426	485	0	59	59	1.0000000
NODE_7404_length_962_cov_37.169177	356	436	0	80	80	1.0000000
NODE_7404_length_962_cov_37.169177	409	489	0	80	80	1.0000000
NODE_7405_length_962_cov_28.852839	474	554	0	28	80	0.3500000
NODE_7405_length_962_cov_28.852839	474	554	6	52	80	0.6500000
NODE_7405_length_962_cov_28.852839	527	607	6	80	80	1.0000000
NODE_7405_length_962_cov_28.852839	603	683	0	34	80	0.4250000
NODE_7405_length_962_cov_28.852839	603	683	2	35	80	0.4375000
NODE_7405_length_962_cov_28.852839	603	683	6	11	80	0.1375000
NODE_7405_length_962_cov_28.852839	656	736	2	80	80	1.0000000
NODE_7406_length_962_cov_27.859791	441	521	0	74	80	0.9250000
NODE_7406_length_962_cov_27.859791	441	521	2	6	80	0.0750000
NODE_7406_length_962_cov_27.859791	494	574	0	21	80	0.2625000
NODE_7406_length_962_cov_27.859791	494	574	2	59	80	0.7375000
NODE_7407_length_962_cov_21.019699	318	398	4	35	80	0.4375000
NODE_7407_length_962_cov_21.019699	318	398	6	45	80	0.5625000
NODE_7407_length_962_cov_21.019699	371	451	2	22	80	0.2750000
NODE_7407_length_962_cov_21.019699	371	451	6	58	80	0.7250000
NODE_7408_length_962_cov_16.792584	350	430	0	80	80	1.0000000
NODE_7408_length_962_cov_16.792584	403	483	0	80	80	1.0000000
NODE_7409_length_962_cov_14.650058	477	557	6	10	80	0.1250000
NODE_7409_length_962_cov_14.650058	477	557	8	70	80	0.8750000
NODE_7409_length_962_cov_14.650058	530	610	0	15	80	0.1875000
NODE_7409_length_962_cov_14.650058	530	610	5	1	80	0.0125000
NODE_7409_length_962_cov_14.650058	530	610	6	47	80	0.5875000
NODE_7409_length_962_cov_14.650058	530	610	8	17	80	0.2125000
NODE_7410_length_962_cov_7.993048	308	345	0	37	37	1.0000000
NODE_7411_length_962_cov_7.835458	447	527	4	60	80	0.7500000
NODE_7411_length_962_cov_7.835458	447	527	6	20	80	0.2500000
NODE_7411_length_962_cov_7.835458	500	580	4	7	80	0.0875000
NODE_7411_length_962_cov_7.835458	500	580	6	73	80	0.9125000
NODE_7412_length_962_cov_6.855156	490	570	0	19	80	0.2375000
NODE_7412_length_962_cov_6.855156	490	570	2	61	80	0.7625000
NODE_7412_length_962_cov_6.855156	543	623	0	72	80	0.9000000
NODE_7412_length_962_cov_6.855156	543	623	2	8	80	0.1000000
NODE_7417_length_962_cov_1.840093	88	151	0	4	63	0.0634921
NODE_7417_length_962_cov_1.840093	88	151	2	7	63	0.1111111
NODE_7417_length_962_cov_1.840093	88	151	4	29	63	0.4603175
NODE_7417_length_962_cov_1.840093	88	151	6	5	63	0.0793651
NODE_7417_length_962_cov_1.840093	88	151	8	18	63	0.2857143
NODE_7422_length_961_cov_61.019722	453	533	0	48	80	0.6000000
NODE_7422_length_961_cov_61.019722	453	533	2	9	80	0.1125000
NODE_7422_length_961_cov_61.019722	453	533	4	18	80	0.2250000
NODE_7422_length_961_cov_61.019722	453	533	6	5	80	0.0625000
NODE_7422_length_961_cov_61.019722	506	586	2	4	80	0.0500000
NODE_7422_length_961_cov_61.019722	506	586	4	18	80	0.2250000
NODE_7422_length_961_cov_61.019722	506	586	6	58	80	0.7250000
NODE_7422_length_961_cov_61.019722	614	672	0	46	58	0.7931035
NODE_7422_length_961_cov_61.019722	614	672	2	12	58	0.2068966
NODE_7423_length_961_cov_51.005800	334	414	2	13	80	0.1625000
NODE_7423_length_961_cov_51.005800	334	414	6	15	80	0.1875000
NODE_7423_length_961_cov_51.005800	334	414	12	2	80	0.0250000
NODE_7423_length_961_cov_51.005800	334	414	13	19	80	0.2375000
NODE_7423_length_961_cov_51.005800	334	414	14	31	80	0.3875000
NODE_7423_length_961_cov_51.005800	387	467	0	20	80	0.2500000
NODE_7423_length_961_cov_51.005800	387	467	2	46	80	0.5750000
NODE_7423_length_961_cov_51.005800	387	467	6	14	80	0.1750000
NODE_7424_length_961_cov_45.923434	391	471	8	13	80	0.1625000
NODE_7424_length_961_cov_45.923434	391	471	16	9	80	0.1125000
NODE_7424_length_961_cov_45.923434	391	471	20	58	80	0.7250000
NODE_7424_length_961_cov_45.923434	444	524	12	52	80	0.6500000
NODE_7424_length_961_cov_45.923434	444	524	14	1	80	0.0125000
NODE_7424_length_961_cov_45.923434	444	524	16	9	80	0.1125000
NODE_7424_length_961_cov_45.923434	444	524	20	18	80	0.2250000
NODE_7426_length_961_cov_21.410673	313	393	0	43	80	0.5375000
NODE_7426_length_961_cov_21.410673	313	393	2	37	80	0.4625000
NODE_7426_length_961_cov_21.410673	366	446	0	19	80	0.2375000
NODE_7426_length_961_cov_21.410673	366	446	2	61	80	0.7625000
NODE_7427_length_961_cov_18.592807	403	483	0	80	80	1.0000000
NODE_7427_length_961_cov_18.592807	456	536	0	80	80	1.0000000
NODE_7428_length_961_cov_17.701856	433	513	0	80	80	1.0000000
NODE_7428_length_961_cov_17.701856	486	566	0	80	80	1.0000000
NODE_7429_length_961_cov_17.020882	505	585	0	46	80	0.5750000
NODE_7429_length_961_cov_17.020882	505	585	2	34	80	0.4250000
NODE_7429_length_961_cov_17.020882	558	638	2	80	80	1.0000000
NODE_7430_length_961_cov_16.235499	328	408	0	43	80	0.5375000
NODE_7430_length_961_cov_16.235499	328	408	3	32	80	0.4000000
NODE_7430_length_961_cov_16.235499	328	408	7	5	80	0.0625000
NODE_7430_length_961_cov_16.235499	381	461	3	22	80	0.2750000
NODE_7430_length_961_cov_16.235499	381	461	7	50	80	0.6250000
NODE_7430_length_961_cov_16.235499	381	461	8	8	80	0.1000000
NODE_7432_length_961_cov_12.968677	347	427	0	41	80	0.5125000
NODE_7432_length_961_cov_12.968677	347	427	4	39	80	0.4875000
NODE_7432_length_961_cov_12.968677	400	480	4	80	80	1.0000000
NODE_7433_length_961_cov_9.875870	439	519	0	80	80	1.0000000
NODE_7433_length_961_cov_9.875870	492	572	0	80	80	1.0000000
NODE_7434_length_961_cov_6.172854	624	704	0	51	80	0.6375000
NODE_7434_length_961_cov_6.172854	624	704	6	29	80	0.3625000
NODE_7434_length_961_cov_6.172854	677	757	6	80	80	1.0000000
NODE_7435_length_961_cov_4.553364	451	531	2	80	80	1.0000000
NODE_7435_length_961_cov_4.553364	504	584	0	35	80	0.4375000
NODE_7435_length_961_cov_4.553364	504	584	2	45	80	0.5625000
NODE_7440_length_960_cov_35.649245	65	145	2	9	80	0.1125000
NODE_7440_length_960_cov_35.649245	65	145	4	71	80	0.8875000
NODE_7440_length_960_cov_35.649245	118	198	0	36	80	0.4500000
NODE_7440_length_960_cov_35.649245	118	198	2	20	80	0.2500000
NODE_7440_length_960_cov_35.649245	118	198	4	24	80	0.3000000
NODE_7440_length_960_cov_35.649245	446	526	0	12	80	0.1500000
NODE_7440_length_960_cov_35.649245	446	526	2	63	80	0.7875000
NODE_7440_length_960_cov_35.649245	446	526	4	5	80	0.0625000
NODE_7440_length_960_cov_35.649245	499	579	2	42	80	0.5250000
NODE_7440_length_960_cov_35.649245	499	579	4	38	80	0.4750000
NODE_7441_length_960_cov_34.886179	386	466	6	38	80	0.4750000
NODE_7441_length_960_cov_34.886179	386	466	8	16	80	0.2000000
NODE_7441_length_960_cov_34.886179	386	466	10	26	80	0.3250000
NODE_7441_length_960_cov_34.886179	439	519	0	8	80	0.1000000
NODE_7441_length_960_cov_34.886179	439	519	2	13	80	0.1625000
NODE_7441_length_960_cov_34.886179	439	519	4	9	80	0.1125000
NODE_7441_length_960_cov_34.886179	439	519	6	35	80	0.4375000
NODE_7441_length_960_cov_34.886179	439	519	8	3	80	0.0375000
NODE_7441_length_960_cov_34.886179	439	519	10	12	80	0.1500000
NODE_7443_length_960_cov_25.133566	413	493	6	20	80	0.2500000
NODE_7443_length_960_cov_25.133566	413	493	8	60	80	0.7500000
NODE_7443_length_960_cov_25.133566	466	546	3	12	80	0.1500000
NODE_7443_length_960_cov_25.133566	466	546	6	61	80	0.7625000
NODE_7443_length_960_cov_25.133566	466	546	8	7	80	0.0875000
NODE_7444_length_960_cov_19.336818	385	465	0	80	80	1.0000000
NODE_7444_length_960_cov_19.336818	438	518	0	80	80	1.0000000
NODE_7445_length_960_cov_13.221835	460	539	0	8	79	0.1012658
NODE_7445_length_960_cov_13.221835	460	539	1	20	79	0.2531646
NODE_7445_length_960_cov_13.221835	460	539	2	51	79	0.6455696
NODE_7445_length_960_cov_13.221835	512	592	0	61	80	0.7625000
NODE_7445_length_960_cov_13.221835	512	592	1	19	80	0.2375000
NODE_7446_length_960_cov_12.804878	347	427	0	27	80	0.3375000
NODE_7446_length_960_cov_12.804878	347	427	6	7	80	0.0875000
NODE_7446_length_960_cov_12.804878	347	427	12	46	80	0.5750000
NODE_7446_length_960_cov_12.804878	400	480	12	80	80	1.0000000
NODE_7462_length_959_cov_39.394186	326	406	6	80	80	1.0000000
NODE_7462_length_959_cov_39.394186	379	459	0	1	80	0.0125000
NODE_7462_length_959_cov_39.394186	379	459	2	52	80	0.6500000
NODE_7462_length_959_cov_39.394186	379	459	6	27	80	0.3375000
NODE_7463_length_959_cov_28.895349	327	407	0	28	80	0.3500000
NODE_7463_length_959_cov_28.895349	327	407	6	52	80	0.6500000
NODE_7463_length_959_cov_28.895349	380	460	6	29	80	0.3625000
NODE_7463_length_959_cov_28.895349	380	460	8	51	80	0.6375000
NODE_7464_length_959_cov_26.634884	563	643	0	1	80	0.0125000
NODE_7464_length_959_cov_26.634884	563	643	1	7	80	0.0875000
NODE_7464_length_959_cov_26.634884	563	643	2	72	80	0.9000000
NODE_7464_length_959_cov_26.634884	616	696	2	78	80	0.9750000
NODE_7464_length_959_cov_26.634884	616	696	4	2	80	0.0250000
NODE_7464_length_959_cov_26.634884	692	772	2	17	80	0.2125000
NODE_7464_length_959_cov_26.634884	692	772	3	7	80	0.0875000
NODE_7464_length_959_cov_26.634884	692	772	4	20	80	0.2500000
NODE_7464_length_959_cov_26.634884	692	772	6	3	80	0.0375000
NODE_7464_length_959_cov_26.634884	692	772	10	33	80	0.4125000
NODE_7464_length_959_cov_26.634884	745	825	4	6	80	0.0750000
NODE_7464_length_959_cov_26.634884	745	825	8	31	80	0.3875000
NODE_7464_length_959_cov_26.634884	745	825	10	43	80	0.5375000
NODE_7465_length_959_cov_18.862791	320	400	0	13	80	0.1625000
NODE_7465_length_959_cov_18.862791	320	400	4	48	80	0.6000000
NODE_7465_length_959_cov_18.862791	320	400	12	19	80	0.2375000
NODE_7465_length_959_cov_18.862791	373	453	4	8	80	0.1000000
NODE_7465_length_959_cov_18.862791	373	453	12	72	80	0.9000000
NODE_7466_length_959_cov_17.910465	358	438	4	80	80	1.0000000
NODE_7466_length_959_cov_17.910465	411	491	0	43	80	0.5375000
NODE_7466_length_959_cov_17.910465	411	491	3	1	80	0.0125000
NODE_7466_length_959_cov_17.910465	411	491	4	36	80	0.4500000
NODE_7467_length_959_cov_15.337209	267	347	0	29	80	0.3625000
NODE_7467_length_959_cov_15.337209	267	347	2	46	80	0.5750000
NODE_7467_length_959_cov_15.337209	267	347	4	5	80	0.0625000
NODE_7467_length_959_cov_15.337209	320	400	2	46	80	0.5750000
NODE_7467_length_959_cov_15.337209	320	400	4	34	80	0.4250000
NODE_7468_length_959_cov_9.005814	529	609	4	48	80	0.6000000
NODE_7468_length_959_cov_9.005814	529	609	8	32	80	0.4000000
NODE_7468_length_959_cov_9.005814	582	662	4	45	80	0.5625000
NODE_7468_length_959_cov_9.005814	582	662	8	35	80	0.4375000
NODE_7469_length_959_cov_8.163953	392	472	0	66	80	0.8250000
NODE_7469_length_959_cov_8.163953	392	472	6	14	80	0.1750000
NODE_7469_length_959_cov_8.163953	445	525	0	13	80	0.1625000
NODE_7469_length_959_cov_8.163953	445	525	6	67	80	0.8375000
NODE_7470_length_959_cov_7.097674	401	481	0	8	80	0.1000000
NODE_7470_length_959_cov_7.097674	401	481	4	72	80	0.9000000
NODE_7470_length_959_cov_7.097674	454	534	0	61	80	0.7625000
NODE_7470_length_959_cov_7.097674	454	534	4	19	80	0.2375000
NODE_7472_length_959_cov_4.603488	596	676	0	6	80	0.0750000
NODE_7472_length_959_cov_4.603488	596	676	4	48	80	0.6000000
NODE_7472_length_959_cov_4.603488	596	676	6	26	80	0.3250000
NODE_7472_length_959_cov_4.603488	649	729	2	15	80	0.1875000
NODE_7472_length_959_cov_4.603488	649	729	4	1	80	0.0125000
NODE_7472_length_959_cov_4.603488	649	729	6	64	80	0.8000000
NODE_7486_length_958_cov_57.015134	328	408	2	44	80	0.5500000
NODE_7486_length_958_cov_57.015134	328	408	4	1	80	0.0125000
NODE_7486_length_958_cov_57.015134	328	408	5	1	80	0.0125000
NODE_7486_length_958_cov_57.015134	328	408	6	4	80	0.0500000
NODE_7486_length_958_cov_57.015134	328	408	7	8	80	0.1000000
NODE_7486_length_958_cov_57.015134	328	408	9	22	80	0.2750000
NODE_7486_length_958_cov_57.015134	381	461	7	5	80	0.0625000
NODE_7486_length_958_cov_57.015134	381	461	9	63	80	0.7875000
NODE_7486_length_958_cov_57.015134	381	461	10	12	80	0.1500000
NODE_7486_length_958_cov_57.015134	457	537	0	10	80	0.1250000
NODE_7486_length_958_cov_57.015134	457	537	4	5	80	0.0625000
NODE_7486_length_958_cov_57.015134	457	537	5	1	80	0.0125000
NODE_7486_length_958_cov_57.015134	457	537	7	41	80	0.5125000
NODE_7486_length_958_cov_57.015134	457	537	9	23	80	0.2875000
NODE_7486_length_958_cov_57.015134	510	590	0	63	80	0.7875000
NODE_7486_length_958_cov_57.015134	510	590	4	5	80	0.0625000
NODE_7486_length_958_cov_57.015134	510	590	5	1	80	0.0125000
NODE_7486_length_958_cov_57.015134	510	590	7	11	80	0.1375000
NODE_7487_length_958_cov_42.265425	418	498	0	80	80	1.0000000
NODE_7487_length_958_cov_42.265425	471	551	0	80	80	1.0000000
NODE_7488_length_958_cov_28.618161	336	416	0	9	80	0.1125000
NODE_7488_length_958_cov_28.618161	336	416	4	71	80	0.8875000
NODE_7488_length_958_cov_28.618161	389	469	0	34	80	0.4250000
NODE_7488_length_958_cov_28.618161	389	469	2	28	80	0.3500000
NODE_7488_length_958_cov_28.618161	389	469	4	18	80	0.2250000
NODE_7488_length_958_cov_28.618161	465	545	2	80	80	1.0000000
NODE_7488_length_958_cov_28.618161	518	598	0	17	80	0.2125000
NODE_7488_length_958_cov_28.618161	518	598	2	63	80	0.7875000
NODE_7489_length_958_cov_16.452852	446	526	2	25	80	0.3125000
NODE_7489_length_958_cov_16.452852	446	526	4	55	80	0.6875000
NODE_7489_length_958_cov_16.452852	499	579	0	14	80	0.1750000
NODE_7489_length_958_cov_16.452852	499	579	1	6	80	0.0750000
NODE_7489_length_958_cov_16.452852	499	579	2	1	80	0.0125000
NODE_7489_length_958_cov_16.452852	499	579	4	59	80	0.7375000
NODE_7490_length_958_cov_16.008149	446	526	0	80	80	1.0000000
NODE_7490_length_958_cov_16.008149	499	579	0	80	80	1.0000000
NODE_7491_length_958_cov_14.154831	516	596	8	31	80	0.3875000
NODE_7491_length_958_cov_14.154831	516	596	9	48	80	0.6000000
NODE_7491_length_958_cov_14.154831	516	596	10	1	80	0.0125000
NODE_7491_length_958_cov_14.154831	569	649	0	6	80	0.0750000
NODE_7491_length_958_cov_14.154831	569	649	2	33	80	0.4125000
NODE_7491_length_958_cov_14.154831	569	649	4	2	80	0.0250000
NODE_7491_length_958_cov_14.154831	569	649	8	18	80	0.2250000
NODE_7491_length_958_cov_14.154831	569	649	9	21	80	0.2625000
NODE_7492_length_958_cov_12.381839	454	534	0	80	80	1.0000000
NODE_7492_length_958_cov_12.381839	507	587	0	80	80	1.0000000
NODE_7493_length_958_cov_11.782305	479	559	4	80	80	1.0000000
NODE_7493_length_958_cov_11.782305	532	612	0	45	80	0.5625000
NODE_7493_length_958_cov_11.782305	532	612	4	35	80	0.4375000
NODE_7501_length_957_cov_40.837995	746	826	2	75	80	0.9375000
NODE_7501_length_957_cov_40.837995	746	826	4	5	80	0.0625000
NODE_7501_length_957_cov_40.837995	799	879	0	21	80	0.2625000
NODE_7501_length_957_cov_40.837995	799	879	2	57	80	0.7125000
NODE_7501_length_957_cov_40.837995	799	879	4	2	80	0.0250000
NODE_7502_length_957_cov_25.976690	631	711	6	16	80	0.2000000
NODE_7502_length_957_cov_25.976690	631	711	10	30	80	0.3750000
NODE_7502_length_957_cov_25.976690	631	711	12	34	80	0.4250000
NODE_7502_length_957_cov_25.976690	684	764	0	15	80	0.1875000
NODE_7502_length_957_cov_25.976690	684	764	2	5	80	0.0625000
NODE_7502_length_957_cov_25.976690	684	764	5	3	80	0.0375000
NODE_7502_length_957_cov_25.976690	684	764	9	24	80	0.3000000
NODE_7502_length_957_cov_25.976690	684	764	12	33	80	0.4125000
NODE_7503_length_957_cov_25.855478	57	131	23	1	74	0.0135135
NODE_7503_length_957_cov_25.855478	57	131	25	1	74	0.0135135
NODE_7503_length_957_cov_25.855478	57	131	29	3	74	0.0405405
NODE_7503_length_957_cov_25.855478	57	131	31	1	74	0.0135135
NODE_7503_length_957_cov_25.855478	57	131	33	3	74	0.0405405
NODE_7503_length_957_cov_25.855478	57	131	35	3	74	0.0405405
NODE_7503_length_957_cov_25.855478	57	131	36	11	74	0.1486486
NODE_7503_length_957_cov_25.855478	57	131	37	5	74	0.0675676
NODE_7503_length_957_cov_25.855478	57	131	39	39	74	0.5270270
NODE_7503_length_957_cov_25.855478	57	131	41	7	74	0.0945946
NODE_7503_length_957_cov_25.855478	414	494	0	9	80	0.1125000
NODE_7503_length_957_cov_25.855478	414	494	2	71	80	0.8875000
NODE_7503_length_957_cov_25.855478	467	547	0	35	80	0.4375000
NODE_7503_length_957_cov_25.855478	467	547	2	45	80	0.5625000
NODE_7504_length_957_cov_24.625874	445	525	8	13	80	0.1625000
NODE_7504_length_957_cov_24.625874	445	525	10	3	80	0.0375000
NODE_7504_length_957_cov_24.625874	445	525	14	8	80	0.1000000
NODE_7504_length_957_cov_24.625874	445	525	16	25	80	0.3125000
NODE_7504_length_957_cov_24.625874	445	525	18	31	80	0.3875000
NODE_7504_length_957_cov_24.625874	498	578	2	15	80	0.1875000
NODE_7504_length_957_cov_24.625874	498	578	8	51	80	0.6375000
NODE_7504_length_957_cov_24.625874	498	578	10	3	80	0.0375000
NODE_7504_length_957_cov_24.625874	498	578	14	8	80	0.1000000
NODE_7504_length_957_cov_24.625874	498	578	18	3	80	0.0375000
NODE_7505_length_957_cov_19.955711	286	366	0	80	80	1.0000000
NODE_7505_length_957_cov_19.955711	339	419	0	80	80	1.0000000
NODE_7506_length_957_cov_18.861305	414	494	0	22	80	0.2750000
NODE_7506_length_957_cov_18.861305	414	494	2	58	80	0.7250000
NODE_7506_length_957_cov_18.861305	467	547	0	19	80	0.2375000
NODE_7506_length_957_cov_18.861305	467	547	2	61	80	0.7625000
NODE_7507_length_957_cov_17.356643	361	441	2	10	80	0.1250000
NODE_7507_length_957_cov_17.356643	361	441	4	51	80	0.6375000
NODE_7507_length_957_cov_17.356643	361	441	6	19	80	0.2375000
NODE_7507_length_957_cov_17.356643	414	494	2	6	80	0.0750000
NODE_7507_length_957_cov_17.356643	414	494	4	2	80	0.0250000
NODE_7507_length_957_cov_17.356643	414	494	6	63	80	0.7875000
NODE_7507_length_957_cov_17.356643	414	494	8	9	80	0.1125000
NODE_7508_length_957_cov_13.569930	162	242	0	80	80	1.0000000
NODE_7508_length_957_cov_13.569930	215	299	0	84	84	1.0000000
NODE_7509_length_957_cov_12.334499	314	394	0	80	80	1.0000000
NODE_7509_length_957_cov_12.334499	367	447	0	80	80	1.0000000
NODE_7510_length_957_cov_12.017483	173	253	0	18	80	0.2250000
NODE_7510_length_957_cov_12.017483	173	253	2	62	80	0.7750000
NODE_7510_length_957_cov_12.017483	226	306	0	9	80	0.1125000
NODE_7510_length_957_cov_12.017483	226	306	2	71	80	0.8875000
NODE_7511_length_957_cov_10.026807	446	526	0	5	80	0.0625000
NODE_7511_length_957_cov_10.026807	446	526	4	75	80	0.9375000
NODE_7511_length_957_cov_10.026807	499	579	4	80	80	1.0000000
NODE_7529_length_956_cov_48.047841	479	559	6	27	80	0.3375000
NODE_7529_length_956_cov_48.047841	479	559	8	18	80	0.2250000
NODE_7529_length_956_cov_48.047841	479	559	10	6	80	0.0750000
NODE_7529_length_956_cov_48.047841	479	559	12	4	80	0.0500000
NODE_7529_length_956_cov_48.047841	479	559	14	25	80	0.3125000
NODE_7529_length_956_cov_48.047841	532	612	2	1	80	0.0125000
NODE_7529_length_956_cov_48.047841	532	612	4	3	80	0.0375000
NODE_7529_length_956_cov_48.047841	532	612	8	62	80	0.7750000
NODE_7529_length_956_cov_48.047841	532	612	10	11	80	0.1375000
NODE_7529_length_956_cov_48.047841	532	612	12	3	80	0.0375000
NODE_7529_length_956_cov_48.047841	608	688	2	1	80	0.0125000
NODE_7529_length_956_cov_48.047841	608	688	4	41	80	0.5125000
NODE_7529_length_956_cov_48.047841	608	688	6	2	80	0.0250000
NODE_7529_length_956_cov_48.047841	608	688	9	17	80	0.2125000
NODE_7529_length_956_cov_48.047841	608	688	10	6	80	0.0750000
NODE_7529_length_956_cov_48.047841	608	688	12	13	80	0.1625000
NODE_7529_length_956_cov_48.047841	661	741	9	8	80	0.1000000
NODE_7529_length_956_cov_48.047841	661	741	10	48	80	0.6000000
NODE_7529_length_956_cov_48.047841	661	741	12	13	80	0.1625000
NODE_7529_length_956_cov_48.047841	661	741	18	5	80	0.0625000
NODE_7529_length_956_cov_48.047841	661	741	20	6	80	0.0750000
NODE_7530_length_956_cov_34.539090	298	378	0	7	80	0.0875000
NODE_7530_length_956_cov_34.539090	298	378	2	1	80	0.0125000
NODE_7530_length_956_cov_34.539090	298	378	3	11	80	0.1375000
NODE_7530_length_956_cov_34.539090	298	378	6	30	80	0.3750000
NODE_7530_length_956_cov_34.539090	298	378	8	31	80	0.3875000
NODE_7530_length_956_cov_34.539090	351	431	8	36	80	0.4500000
NODE_7530_length_956_cov_34.539090	351	431	14	44	80	0.5500000
NODE_7530_length_956_cov_34.539090	427	507	6	39	80	0.4875000
NODE_7530_length_956_cov_34.539090	427	507	8	1	80	0.0125000
NODE_7530_length_956_cov_34.539090	427	507	11	12	80	0.1500000
NODE_7530_length_956_cov_34.539090	427	507	14	28	80	0.3500000
NODE_7530_length_956_cov_34.539090	480	560	0	26	80	0.3250000
NODE_7530_length_956_cov_34.539090	480	560	6	54	80	0.6750000
NODE_7531_length_956_cov_24.355893	398	478	0	18	80	0.2250000
NODE_7531_length_956_cov_24.355893	398	478	1	6	80	0.0750000
NODE_7531_length_956_cov_24.355893	398	478	7	7	80	0.0875000
NODE_7531_length_956_cov_24.355893	398	478	9	4	80	0.0500000
NODE_7531_length_956_cov_24.355893	398	478	10	1	80	0.0125000
NODE_7531_length_956_cov_24.355893	398	478	26	10	80	0.1250000
NODE_7531_length_956_cov_24.355893	398	478	34	34	80	0.4250000
NODE_7531_length_956_cov_24.355893	451	531	14	4	80	0.0500000
NODE_7531_length_956_cov_24.355893	451	531	20	16	80	0.2000000
NODE_7531_length_956_cov_24.355893	451	531	34	53	80	0.6625000
NODE_7531_length_956_cov_24.355893	451	531	36	7	80	0.0875000
NODE_7532_length_956_cov_21.940490	373	453	0	25	80	0.3125000
NODE_7532_length_956_cov_21.940490	373	453	2	55	80	0.6875000
NODE_7532_length_956_cov_21.940490	426	506	0	42	80	0.5250000
NODE_7532_length_956_cov_21.940490	426	506	2	38	80	0.4750000
NODE_7532_length_956_cov_21.940490	502	582	0	44	80	0.5500000
NODE_7532_length_956_cov_21.940490	502	582	2	36	80	0.4500000
NODE_7532_length_956_cov_21.940490	555	635	0	28	80	0.3500000
NODE_7532_length_956_cov_21.940490	555	635	2	52	80	0.6500000
NODE_7533_length_956_cov_19.435239	274	354	0	80	80	1.0000000
NODE_7533_length_956_cov_19.435239	274	301	0	27	27	1.0000000
NODE_7534_length_956_cov_17.819137	378	458	0	80	80	1.0000000
NODE_7534_length_956_cov_17.819137	431	511	0	80	80	1.0000000
NODE_7535_length_956_cov_16.098016	551	631	0	12	80	0.1500000
NODE_7535_length_956_cov_16.098016	551	631	2	40	80	0.5000000
NODE_7535_length_956_cov_16.098016	551	631	6	28	80	0.3500000
NODE_7535_length_956_cov_16.098016	604	684	4	31	80	0.3875000
NODE_7535_length_956_cov_16.098016	604	684	6	49	80	0.6125000
NODE_7536_length_956_cov_15.229872	490	570	4	48	80	0.6000000
NODE_7536_length_956_cov_15.229872	490	570	6	32	80	0.4000000
NODE_7536_length_956_cov_15.229872	543	623	2	35	80	0.4375000
NODE_7536_length_956_cov_15.229872	543	623	6	45	80	0.5625000
NODE_7537_length_956_cov_7.533256	439	519	0	80	80	1.0000000
NODE_7537_length_956_cov_7.533256	497	572	0	75	75	1.0000000
NODE_7545_length_955_cov_30.821262	438	518	2	25	80	0.3125000
NODE_7545_length_955_cov_30.821262	438	518	3	14	80	0.1750000
NODE_7545_length_955_cov_30.821262	438	518	4	41	80	0.5125000
NODE_7545_length_955_cov_30.821262	491	571	1	6	80	0.0750000
NODE_7545_length_955_cov_30.821262	491	571	2	72	80	0.9000000
NODE_7545_length_955_cov_30.821262	491	571	4	2	80	0.0250000
NODE_7546_length_955_cov_30.574766	380	460	0	31	80	0.3875000
NODE_7546_length_955_cov_30.574766	380	460	2	49	80	0.6125000
NODE_7546_length_955_cov_30.574766	433	513	0	4	80	0.0500000
NODE_7546_length_955_cov_30.574766	433	513	2	76	80	0.9500000
NODE_7546_length_955_cov_30.574766	509	589	0	80	80	1.0000000
NODE_7546_length_955_cov_30.574766	562	642	0	80	80	1.0000000
NODE_7547_length_955_cov_27.734813	373	453	0	80	80	1.0000000
NODE_7547_length_955_cov_27.734813	426	506	0	80	80	1.0000000
NODE_7548_length_955_cov_24.475467	439	519	2	22	80	0.2750000
NODE_7548_length_955_cov_24.475467	439	519	6	24	80	0.3000000
NODE_7548_length_955_cov_24.475467	439	519	7	5	80	0.0625000
NODE_7548_length_955_cov_24.475467	439	519	8	29	80	0.3625000
NODE_7548_length_955_cov_24.475467	492	572	2	14	80	0.1750000
NODE_7548_length_955_cov_24.475467	492	572	6	23	80	0.2875000
NODE_7548_length_955_cov_24.475467	492	572	7	5	80	0.0625000
NODE_7548_length_955_cov_24.475467	492	572	8	38	80	0.4750000
NODE_7549_length_955_cov_22.146028	351	431	0	80	80	1.0000000
NODE_7549_length_955_cov_22.146028	404	484	0	80	80	1.0000000
NODE_7550_length_955_cov_16.212617	441	521	0	80	80	1.0000000
NODE_7550_length_955_cov_16.212617	494	574	0	80	80	1.0000000
NODE_7551_length_955_cov_13.334112	269	349	0	45	80	0.5625000
NODE_7551_length_955_cov_13.334112	269	349	2	35	80	0.4375000
NODE_7551_length_955_cov_13.334112	322	402	2	80	80	1.0000000
NODE_7552_length_955_cov_12.544393	363	443	0	80	80	1.0000000
NODE_7552_length_955_cov_12.544393	416	496	0	80	80	1.0000000
NODE_7553_length_955_cov_8.204439	358	438	0	80	80	1.0000000
NODE_7553_length_955_cov_8.204439	411	491	0	80	80	1.0000000
NODE_7563_length_954_cov_35.691228	381	461	8	17	80	0.2125000
NODE_7563_length_954_cov_35.691228	381	461	24	47	80	0.5875000
NODE_7563_length_954_cov_35.691228	381	461	26	16	80	0.2000000
NODE_7563_length_954_cov_35.691228	434	514	0	2	80	0.0250000
NODE_7563_length_954_cov_35.691228	434	514	2	26	80	0.3250000
NODE_7563_length_954_cov_35.691228	434	514	8	42	80	0.5250000
NODE_7563_length_954_cov_35.691228	434	514	26	10	80	0.1250000
NODE_7564_length_954_cov_30.769591	408	488	6	15	80	0.1875000
NODE_7564_length_954_cov_30.769591	408	488	10	54	80	0.6750000
NODE_7564_length_954_cov_30.769591	408	488	13	1	80	0.0125000
NODE_7564_length_954_cov_30.769591	408	488	14	10	80	0.1250000
NODE_7564_length_954_cov_30.769591	461	541	8	10	80	0.1250000
NODE_7564_length_954_cov_30.769591	461	541	10	70	80	0.8750000
NODE_7565_length_954_cov_27.247953	418	498	0	35	80	0.4375000
NODE_7565_length_954_cov_27.247953	418	498	4	45	80	0.5625000
NODE_7565_length_954_cov_27.247953	471	551	4	30	80	0.3750000
NODE_7565_length_954_cov_27.247953	471	551	6	50	80	0.6250000
NODE_7566_length_954_cov_22.796491	270	350	0	4	80	0.0500000
NODE_7566_length_954_cov_22.796491	270	350	2	76	80	0.9500000
NODE_7566_length_954_cov_22.796491	323	403	0	57	80	0.7125000
NODE_7566_length_954_cov_22.796491	323	403	2	23	80	0.2875000
NODE_7567_length_954_cov_15.645614	337	417	0	80	80	1.0000000
NODE_7567_length_954_cov_15.645614	390	470	0	80	80	1.0000000
NODE_7568_length_954_cov_13.538012	346	426	0	7	80	0.0875000
NODE_7568_length_954_cov_13.538012	346	426	2	73	80	0.9125000
NODE_7568_length_954_cov_13.538012	399	479	0	60	80	0.7500000
NODE_7568_length_954_cov_13.538012	399	479	2	20	80	0.2500000
NODE_7569_length_954_cov_12.162573	155	217	0	16	62	0.2580645
NODE_7569_length_954_cov_12.162573	155	217	2	15	62	0.2419355
NODE_7569_length_954_cov_12.162573	155	217	4	3	62	0.0483871
NODE_7569_length_954_cov_12.162573	155	217	6	20	62	0.3225806
NODE_7569_length_954_cov_12.162573	155	217	8	8	62	0.1290323
NODE_7570_length_954_cov_10.714620	239	319	0	2	80	0.0250000
NODE_7570_length_954_cov_10.714620	239	319	4	78	80	0.9750000
NODE_7570_length_954_cov_10.714620	292	372	4	80	80	1.0000000
NODE_7571_length_954_cov_5.670175	431	511	0	7	80	0.0875000
NODE_7571_length_954_cov_5.670175	431	511	4	73	80	0.9125000
NODE_7571_length_954_cov_5.670175	484	564	0	60	80	0.7500000
NODE_7571_length_954_cov_5.670175	484	564	4	20	80	0.2500000
NODE_7582_length_953_cov_35.789227	425	505	9	9	80	0.1125000
NODE_7582_length_953_cov_35.789227	425	505	13	31	80	0.3875000
NODE_7582_length_953_cov_35.789227	425	505	14	9	80	0.1125000
NODE_7582_length_953_cov_35.789227	425	505	15	31	80	0.3875000
NODE_7582_length_953_cov_35.789227	478	558	7	50	80	0.6250000
NODE_7582_length_953_cov_35.789227	478	558	9	12	80	0.1500000
NODE_7582_length_953_cov_35.789227	478	558	13	9	80	0.1125000
NODE_7582_length_953_cov_35.789227	478	558	14	4	80	0.0500000
NODE_7582_length_953_cov_35.789227	478	558	15	5	80	0.0625000
NODE_7583_length_953_cov_33.940281	430	510	5	1	80	0.0125000
NODE_7583_length_953_cov_33.940281	430	510	8	2	80	0.0250000
NODE_7583_length_953_cov_33.940281	430	510	9	12	80	0.1500000
NODE_7583_length_953_cov_33.940281	430	510	13	65	80	0.8125000
NODE_7583_length_953_cov_33.940281	483	563	0	12	80	0.1500000
NODE_7583_length_953_cov_33.940281	483	563	4	9	80	0.1125000
NODE_7583_length_953_cov_33.940281	483	563	8	34	80	0.4250000
NODE_7583_length_953_cov_33.940281	483	563	13	25	80	0.3125000
NODE_7584_length_953_cov_26.844262	333	413	0	80	80	1.0000000
NODE_7584_length_953_cov_26.844262	386	466	0	80	80	1.0000000
NODE_7584_length_953_cov_26.844262	462	542	0	80	80	1.0000000
NODE_7584_length_953_cov_26.844262	515	595	0	31	80	0.3875000
NODE_7584_length_953_cov_26.844262	515	595	2	49	80	0.6125000
NODE_7585_length_953_cov_20.770492	301	381	6	80	80	1.0000000
NODE_7585_length_953_cov_20.770492	354	434	0	17	80	0.2125000
NODE_7585_length_953_cov_20.770492	354	434	6	63	80	0.7875000
NODE_7586_length_953_cov_17.514052	421	501	0	50	80	0.6250000
NODE_7586_length_953_cov_17.514052	421	501	2	30	80	0.3750000
NODE_7586_length_953_cov_17.514052	474	554	2	80	80	1.0000000
NODE_7586_length_953_cov_17.514052	550	630	0	6	80	0.0750000
NODE_7586_length_953_cov_17.514052	550	630	1	2	80	0.0250000
NODE_7586_length_953_cov_17.514052	550	630	2	72	80	0.9000000
NODE_7586_length_953_cov_17.514052	603	683	0	6	80	0.0750000
NODE_7586_length_953_cov_17.514052	603	683	1	2	80	0.0250000
NODE_7586_length_953_cov_17.514052	603	683	2	72	80	0.9000000
NODE_7587_length_953_cov_11.579625	332	412	0	80	80	1.0000000
NODE_7587_length_953_cov_11.579625	385	465	0	80	80	1.0000000
NODE_7588_length_953_cov_7.281030	276	356	0	45	80	0.5625000
NODE_7588_length_953_cov_7.281030	276	356	6	35	80	0.4375000
NODE_7588_length_953_cov_7.281030	329	409	6	80	80	1.0000000
NODE_7599_length_952_cov_44.880422	447	527	0	12	80	0.1500000
NODE_7599_length_952_cov_44.880422	447	527	2	19	80	0.2375000
NODE_7599_length_952_cov_44.880422	447	527	3	49	80	0.6125000
NODE_7599_length_952_cov_44.880422	500	580	3	80	80	1.0000000
NODE_7599_length_952_cov_44.880422	871	951	2	80	80	1.0000000
NODE_7600_length_952_cov_42.485346	402	482	1	4	80	0.0500000
NODE_7600_length_952_cov_42.485346	402	482	2	76	80	0.9500000
NODE_7600_length_952_cov_42.485346	455	535	1	23	80	0.2875000
NODE_7600_length_952_cov_42.485346	455	535	2	57	80	0.7125000
NODE_7601_length_952_cov_40.065651	422	502	2	80	80	1.0000000
NODE_7601_length_952_cov_40.065651	475	555	0	38	80	0.4750000
NODE_7601_length_952_cov_40.065651	475	555	2	42	80	0.5250000
NODE_7602_length_952_cov_34.813599	308	388	14	2	80	0.0250000
NODE_7602_length_952_cov_34.813599	308	388	16	28	80	0.3500000
NODE_7602_length_952_cov_34.813599	308	388	18	3	80	0.0375000
NODE_7602_length_952_cov_34.813599	308	388	20	1	80	0.0125000
NODE_7602_length_952_cov_34.813599	308	388	21	11	80	0.1375000
NODE_7602_length_952_cov_34.813599	308	388	22	35	80	0.4375000
NODE_7602_length_952_cov_34.813599	361	441	2	11	80	0.1375000
NODE_7602_length_952_cov_34.813599	361	441	9	1	80	0.0125000
NODE_7602_length_952_cov_34.813599	361	441	10	7	80	0.0875000
NODE_7602_length_952_cov_34.813599	361	441	14	36	80	0.4500000
NODE_7602_length_952_cov_34.813599	361	441	22	25	80	0.3125000
NODE_7603_length_952_cov_28.055100	661	741	12	50	80	0.6250000
NODE_7603_length_952_cov_28.055100	661	741	14	30	80	0.3750000
NODE_7603_length_952_cov_28.055100	714	794	3	2	80	0.0250000
NODE_7603_length_952_cov_28.055100	714	794	6	9	80	0.1125000
NODE_7603_length_952_cov_28.055100	714	794	8	11	80	0.1375000
NODE_7603_length_952_cov_28.055100	714	794	12	49	80	0.6125000
NODE_7603_length_952_cov_28.055100	714	794	14	9	80	0.1125000
NODE_7604_length_952_cov_23.739742	435	515	0	31	80	0.3875000
NODE_7604_length_952_cov_23.739742	435	515	2	49	80	0.6125000
NODE_7604_length_952_cov_23.739742	488	568	0	80	80	1.0000000
NODE_7606_length_952_cov_11.478312	245	324	0	29	79	0.3670886
NODE_7606_length_952_cov_11.478312	245	324	4	35	79	0.4430380
NODE_7606_length_952_cov_11.478312	245	324	6	15	79	0.1898734
NODE_7606_length_952_cov_11.478312	297	377	4	12	80	0.1500000
NODE_7606_length_952_cov_11.478312	297	377	6	68	80	0.8500000
NODE_7607_length_952_cov_11.284877	272	352	4	45	80	0.5625000
NODE_7607_length_952_cov_11.284877	272	352	6	35	80	0.4375000
NODE_7607_length_952_cov_11.284877	325	405	2	53	80	0.6625000
NODE_7607_length_952_cov_11.284877	325	405	6	27	80	0.3375000
NODE_7608_length_952_cov_10.807737	458	538	0	4	80	0.0500000
NODE_7608_length_952_cov_10.807737	458	538	2	76	80	0.9500000
NODE_7608_length_952_cov_10.807737	511	591	0	57	80	0.7125000
NODE_7608_length_952_cov_10.807737	511	591	2	23	80	0.2875000
NODE_7609_length_952_cov_8.770223	375	455	0	80	80	1.0000000
NODE_7609_length_952_cov_8.770223	428	508	0	80	80	1.0000000
NODE_7623_length_951_cov_54.397887	354	434	2	53	80	0.6625000
NODE_7623_length_951_cov_54.397887	354	434	4	27	80	0.3375000
NODE_7623_length_951_cov_54.397887	407	487	0	13	80	0.1625000
NODE_7623_length_951_cov_54.397887	407	487	2	59	80	0.7375000
NODE_7623_length_951_cov_54.397887	407	487	4	8	80	0.1000000
NODE_7623_length_951_cov_54.397887	483	563	0	27	80	0.3375000
NODE_7623_length_951_cov_54.397887	483	563	6	8	80	0.1000000
NODE_7623_length_951_cov_54.397887	483	563	8	45	80	0.5625000
NODE_7623_length_951_cov_54.397887	544	616	0	5	72	0.0694444
NODE_7623_length_951_cov_54.397887	544	616	6	5	72	0.0694444
NODE_7623_length_951_cov_54.397887	544	616	8	62	72	0.8611111
NODE_7624_length_951_cov_47.881455	355	435	4	16	80	0.2000000
NODE_7624_length_951_cov_47.881455	355	435	6	28	80	0.3500000
NODE_7624_length_951_cov_47.881455	355	435	8	14	80	0.1750000
NODE_7624_length_951_cov_47.881455	355	435	12	15	80	0.1875000
NODE_7624_length_951_cov_47.881455	355	435	14	7	80	0.0875000
NODE_7624_length_951_cov_47.881455	408	488	8	5	80	0.0625000
NODE_7624_length_951_cov_47.881455	408	488	10	15	80	0.1875000
NODE_7624_length_951_cov_47.881455	408	488	11	18	80	0.2250000
NODE_7624_length_951_cov_47.881455	408	488	12	35	80	0.4375000
NODE_7624_length_951_cov_47.881455	408	488	14	7	80	0.0875000
NODE_7624_length_951_cov_47.881455	484	564	2	50	80	0.6250000
NODE_7624_length_951_cov_47.881455	484	564	6	2	80	0.0250000
NODE_7624_length_951_cov_47.881455	484	564	8	17	80	0.2125000
NODE_7624_length_951_cov_47.881455	484	564	10	11	80	0.1375000
NODE_7624_length_951_cov_47.881455	537	617	2	80	80	1.0000000
NODE_7625_length_951_cov_24.322770	479	559	4	4	80	0.0500000
NODE_7625_length_951_cov_24.322770	479	559	6	7	80	0.0875000
NODE_7625_length_951_cov_24.322770	479	559	10	20	80	0.2500000
NODE_7625_length_951_cov_24.322770	479	559	12	49	80	0.6125000
NODE_7625_length_951_cov_24.322770	532	612	0	33	80	0.4125000
NODE_7625_length_951_cov_24.322770	532	612	4	24	80	0.3000000
NODE_7625_length_951_cov_24.322770	532	612	6	7	80	0.0875000
NODE_7625_length_951_cov_24.322770	532	612	10	16	80	0.2000000
NODE_7626_length_951_cov_23.001174	470	550	4	19	80	0.2375000
NODE_7626_length_951_cov_23.001174	470	550	6	25	80	0.3125000
NODE_7626_length_951_cov_23.001174	470	550	8	36	80	0.4500000
NODE_7626_length_951_cov_23.001174	523	603	0	15	80	0.1875000
NODE_7626_length_951_cov_23.001174	523	603	4	29	80	0.3625000
NODE_7626_length_951_cov_23.001174	523	603	6	34	80	0.4250000
NODE_7626_length_951_cov_23.001174	523	603	8	2	80	0.0250000
NODE_7627_length_951_cov_22.059859	562	642	0	2	80	0.0250000
NODE_7627_length_951_cov_22.059859	562	642	2	78	80	0.9750000
NODE_7627_length_951_cov_22.059859	615	695	0	55	80	0.6875000
NODE_7627_length_951_cov_22.059859	615	695	2	25	80	0.3125000
NODE_7628_length_951_cov_19.413146	456	536	0	13	80	0.1625000
NODE_7628_length_951_cov_19.413146	456	536	2	67	80	0.8375000
NODE_7628_length_951_cov_19.413146	509	589	0	36	80	0.4500000
NODE_7628_length_951_cov_19.413146	509	589	1	12	80	0.1500000
NODE_7628_length_951_cov_19.413146	509	589	2	32	80	0.4000000
NODE_7628_length_951_cov_19.413146	830	877	0	47	47	1.0000000
NODE_7629_length_951_cov_18.970657	384	464	1	22	80	0.2750000
NODE_7629_length_951_cov_18.970657	384	464	2	58	80	0.7250000
NODE_7629_length_951_cov_18.970657	437	517	1	75	80	0.9375000
NODE_7629_length_951_cov_18.970657	437	517	2	5	80	0.0625000
NODE_7629_length_951_cov_18.970657	513	593	0	56	80	0.7000000
NODE_7629_length_951_cov_18.970657	513	593	1	6	80	0.0750000
NODE_7629_length_951_cov_18.970657	513	593	2	7	80	0.0875000
NODE_7629_length_951_cov_18.970657	513	593	4	11	80	0.1375000
NODE_7629_length_951_cov_18.970657	566	646	0	9	80	0.1125000
NODE_7629_length_951_cov_18.970657	566	646	2	7	80	0.0875000
NODE_7629_length_951_cov_18.970657	566	646	4	64	80	0.8000000
NODE_7630_length_951_cov_17.164319	409	490	11	12	81	0.1481481
NODE_7630_length_951_cov_17.164319	409	490	15	1	81	0.0123457
NODE_7630_length_951_cov_17.164319	409	490	16	19	81	0.2345679
NODE_7630_length_951_cov_17.164319	409	490	17	18	81	0.2222222
NODE_7630_length_951_cov_17.164319	409	490	18	31	81	0.3827161
NODE_7630_length_951_cov_17.164319	463	543	0	25	80	0.3125000
NODE_7630_length_951_cov_17.164319	463	543	4	2	80	0.0250000
NODE_7630_length_951_cov_17.164319	463	543	11	38	80	0.4750000
NODE_7630_length_951_cov_17.164319	463	543	15	1	80	0.0125000
NODE_7630_length_951_cov_17.164319	463	543	16	14	80	0.1750000
NODE_7631_length_951_cov_17.009390	393	473	0	80	80	1.0000000
NODE_7631_length_951_cov_17.009390	446	526	0	80	80	1.0000000
NODE_7632_length_951_cov_15.551643	520	600	0	10	80	0.1250000
NODE_7632_length_951_cov_15.551643	520	600	2	70	80	0.8750000
NODE_7632_length_951_cov_15.551643	573	653	0	8	80	0.1000000
NODE_7632_length_951_cov_15.551643	573	653	2	72	80	0.9000000
NODE_7633_length_951_cov_13.562207	364	444	0	80	80	1.0000000
NODE_7633_length_951_cov_13.562207	417	497	0	80	80	1.0000000
NODE_7634_length_951_cov_13.086854	450	530	2	20	80	0.2500000
NODE_7634_length_951_cov_13.086854	450	530	4	60	80	0.7500000
NODE_7634_length_951_cov_13.086854	503	583	2	32	80	0.4000000
NODE_7634_length_951_cov_13.086854	503	583	4	48	80	0.6000000
NODE_7635_length_951_cov_6.812207	350	430	4	80	80	1.0000000
NODE_7635_length_951_cov_6.812207	403	483	0	11	80	0.1375000
NODE_7635_length_951_cov_6.812207	403	483	4	69	80	0.8625000
NODE_7636_length_951_cov_5.076291	80	160	0	18	80	0.2250000
NODE_7636_length_951_cov_5.076291	80	160	2	8	80	0.1000000
NODE_7636_length_951_cov_5.076291	80	160	4	17	80	0.2125000
NODE_7636_length_951_cov_5.076291	80	160	6	37	80	0.4625000
NODE_7636_length_951_cov_5.076291	133	213	0	19	80	0.2375000
NODE_7636_length_951_cov_5.076291	133	213	2	8	80	0.1000000
NODE_7636_length_951_cov_5.076291	133	213	4	32	80	0.4000000
NODE_7636_length_951_cov_5.076291	133	213	6	21	80	0.2625000
NODE_7649_length_950_cov_62.151586	731	794	2	10	63	0.1587302
NODE_7649_length_950_cov_62.151586	731	794	4	12	63	0.1904762
NODE_7649_length_950_cov_62.151586	731	794	7	35	63	0.5555556
NODE_7649_length_950_cov_62.151586	731	794	17	6	63	0.0952381
NODE_7650_length_950_cov_56.088132	354	434	0	80	80	1.0000000
NODE_7650_length_950_cov_56.088132	407	487	0	80	80	1.0000000
NODE_7650_length_950_cov_56.088132	483	563	0	80	80	1.0000000
NODE_7650_length_950_cov_56.088132	536	616	0	80	80	1.0000000
NODE_7651_length_950_cov_29.780259	501	581	0	80	80	1.0000000
NODE_7651_length_950_cov_29.780259	554	634	0	80	80	1.0000000
NODE_7652_length_950_cov_27.278496	388	468	2	28	80	0.3500000
NODE_7652_length_950_cov_27.278496	388	468	8	31	80	0.3875000
NODE_7652_length_950_cov_27.278496	388	468	10	21	80	0.2625000
NODE_7652_length_950_cov_27.278496	441	519	8	78	78	1.0000000
NODE_7653_length_950_cov_26.766157	322	402	2	4	80	0.0500000
NODE_7653_length_950_cov_26.766157	322	402	4	36	80	0.4500000
NODE_7653_length_950_cov_26.766157	322	402	6	40	80	0.5000000
NODE_7653_length_950_cov_26.766157	375	455	0	5	80	0.0625000
NODE_7653_length_950_cov_26.766157	375	455	2	52	80	0.6500000
NODE_7653_length_950_cov_26.766157	375	455	4	23	80	0.2875000
NODE_7653_length_950_cov_26.766157	451	531	0	4	80	0.0500000
NODE_7653_length_950_cov_26.766157	451	531	4	76	80	0.9500000
NODE_7653_length_950_cov_26.766157	504	584	0	16	80	0.2000000
NODE_7653_length_950_cov_26.766157	504	584	3	14	80	0.1750000
NODE_7653_length_950_cov_26.766157	504	584	4	50	80	0.6250000
NODE_7654_length_950_cov_19.638073	421	501	0	11	80	0.1375000
NODE_7654_length_950_cov_19.638073	421	501	4	69	80	0.8625000
NODE_7654_length_950_cov_19.638073	474	554	0	64	80	0.8000000
NODE_7654_length_950_cov_19.638073	474	554	4	16	80	0.2000000
NODE_7654_length_950_cov_19.638073	550	630	0	80	80	1.0000000
NODE_7654_length_950_cov_19.638073	603	683	0	80	80	1.0000000
NODE_7655_length_950_cov_14.686251	376	456	0	50	80	0.6250000
NODE_7655_length_950_cov_14.686251	376	456	4	29	80	0.3625000
NODE_7655_length_950_cov_14.686251	376	456	6	1	80	0.0125000
NODE_7655_length_950_cov_14.686251	429	509	4	26	80	0.3250000
NODE_7655_length_950_cov_14.686251	429	509	6	54	80	0.6750000
NODE_7656_length_950_cov_14.215041	339	419	0	80	80	1.0000000
NODE_7656_length_950_cov_14.215041	392	472	0	80	80	1.0000000
NODE_7657_length_950_cov_6.397180	370	450	0	23	80	0.2875000
NODE_7657_length_950_cov_6.397180	370	450	2	57	80	0.7125000
NODE_7657_length_950_cov_6.397180	423	504	0	56	81	0.6913580
NODE_7657_length_950_cov_6.397180	423	504	2	25	81	0.3086420
NODE_7659_length_950_cov_4.430082	594	674	0	80	80	1.0000000
NODE_7659_length_950_cov_4.430082	647	727	0	80	80	1.0000000
NODE_7672_length_949_cov_25.550588	371	451	0	26	80	0.3250000
NODE_7672_length_949_cov_25.550588	371	451	2	49	80	0.6125000
NODE_7672_length_949_cov_25.550588	371	451	4	5	80	0.0625000
NODE_7672_length_949_cov_25.550588	500	580	0	4	80	0.0500000
NODE_7672_length_949_cov_25.550588	500	580	2	69	80	0.8625000
NODE_7672_length_949_cov_25.550588	500	580	4	7	80	0.0875000
NODE_7672_length_949_cov_25.550588	553	633	0	4	80	0.0500000
NODE_7672_length_949_cov_25.550588	553	633	2	16	80	0.2000000
NODE_7672_length_949_cov_25.550588	553	633	4	60	80	0.7500000
NODE_7673_length_949_cov_20.949412	252	332	2	64	80	0.8000000
NODE_7673_length_949_cov_20.949412	252	332	4	16	80	0.2000000
NODE_7673_length_949_cov_20.949412	305	385	2	63	80	0.7875000
NODE_7673_length_949_cov_20.949412	305	385	4	17	80	0.2125000
NODE_7674_length_949_cov_20.601176	364	444	0	80	80	1.0000000
NODE_7674_length_949_cov_20.601176	417	497	0	80	80	1.0000000
NODE_7674_length_949_cov_20.601176	493	573	0	29	80	0.3625000
NODE_7674_length_949_cov_20.601176	493	573	12	51	80	0.6375000
NODE_7674_length_949_cov_20.601176	546	626	12	80	80	1.0000000
NODE_7675_length_949_cov_20.575294	481	561	2	8	80	0.1000000
NODE_7675_length_949_cov_20.575294	481	561	4	1	80	0.0125000
NODE_7675_length_949_cov_20.575294	481	561	6	51	80	0.6375000
NODE_7675_length_949_cov_20.575294	481	561	8	20	80	0.2500000
NODE_7675_length_949_cov_20.575294	534	614	6	41	80	0.5125000
NODE_7675_length_949_cov_20.575294	534	614	8	39	80	0.4875000
NODE_7676_length_949_cov_19.483529	340	420	0	16	80	0.2000000
NODE_7676_length_949_cov_19.483529	340	420	2	64	80	0.8000000
NODE_7676_length_949_cov_19.483529	393	473	2	80	80	1.0000000
NODE_7676_length_949_cov_19.483529	469	549	0	13	80	0.1625000
NODE_7676_length_949_cov_19.483529	469	549	2	17	80	0.2125000
NODE_7676_length_949_cov_19.483529	469	549	4	24	80	0.3000000
NODE_7676_length_949_cov_19.483529	469	549	6	26	80	0.3250000
NODE_7676_length_949_cov_19.483529	522	602	2	2	80	0.0250000
NODE_7676_length_949_cov_19.483529	522	602	4	1	80	0.0125000
NODE_7676_length_949_cov_19.483529	522	602	6	77	80	0.9625000
NODE_7677_length_949_cov_19.407059	433	513	0	30	80	0.3750000
NODE_7677_length_949_cov_19.407059	433	513	2	50	80	0.6250000
NODE_7677_length_949_cov_19.407059	486	566	0	37	80	0.4625000
NODE_7677_length_949_cov_19.407059	486	566	2	43	80	0.5375000
NODE_7677_length_949_cov_19.407059	562	642	0	80	80	1.0000000
NODE_7677_length_949_cov_19.407059	615	695	0	80	80	1.0000000
NODE_7678_length_949_cov_10.903529	561	641	0	80	80	1.0000000
NODE_7678_length_949_cov_10.903529	614	694	0	80	80	1.0000000
NODE_7679_length_949_cov_7.245882	0	71	0	1	71	0.0140845
NODE_7679_length_949_cov_7.245882	0	71	4	7	71	0.0985916
NODE_7679_length_949_cov_7.245882	0	71	8	4	71	0.0563380
NODE_7679_length_949_cov_7.245882	0	71	16	13	71	0.1830986
NODE_7679_length_949_cov_7.245882	0	71	50	2	71	0.0281690
NODE_7679_length_949_cov_7.245882	0	71	51	21	71	0.2957746
NODE_7679_length_949_cov_7.245882	0	71	52	3	71	0.0422535
NODE_7679_length_949_cov_7.245882	0	71	53	8	71	0.1126761
NODE_7679_length_949_cov_7.245882	0	71	55	12	71	0.1690141
NODE_7679_length_949_cov_7.245882	0	71	0	1	71	0.0140845
NODE_7679_length_949_cov_7.245882	0	71	4	7	71	0.0985916
NODE_7679_length_949_cov_7.245882	0	71	8	4	71	0.0563380
NODE_7679_length_949_cov_7.245882	0	71	16	13	71	0.1830986
NODE_7679_length_949_cov_7.245882	0	71	50	2	71	0.0281690
NODE_7679_length_949_cov_7.245882	0	71	51	21	71	0.2957746
NODE_7679_length_949_cov_7.245882	0	71	52	3	71	0.0422535
NODE_7679_length_949_cov_7.245882	0	71	53	8	71	0.1126761
NODE_7679_length_949_cov_7.245882	0	71	55	12	71	0.1690141
NODE_7679_length_949_cov_7.245882	44	124	51	4	80	0.0500000
NODE_7679_length_949_cov_7.245882	44	124	52	3	80	0.0375000
NODE_7679_length_949_cov_7.245882	44	124	53	8	80	0.1000000
NODE_7679_length_949_cov_7.245882	44	124	55	31	80	0.3875000
NODE_7679_length_949_cov_7.245882	44	124	56	34	80	0.4250000
NODE_7680_length_949_cov_6.998824	494	574	0	80	80	1.0000000
NODE_7680_length_949_cov_6.998824	547	627	0	80	80	1.0000000
NODE_7702_length_948_cov_37.201413	510	590	0	19	80	0.2375000
NODE_7702_length_948_cov_37.201413	510	590	2	16	80	0.2000000
NODE_7702_length_948_cov_37.201413	510	590	4	29	80	0.3625000
NODE_7702_length_948_cov_37.201413	510	590	6	16	80	0.2000000
NODE_7702_length_948_cov_37.201413	563	643	2	21	80	0.2625000
NODE_7702_length_948_cov_37.201413	563	643	4	11	80	0.1375000
NODE_7702_length_948_cov_37.201413	563	643	6	48	80	0.6000000
NODE_7703_length_948_cov_20.082450	58	99	0	41	41	1.0000000
NODE_7703_length_948_cov_20.082450	113	193	24	4	80	0.0500000
NODE_7703_length_948_cov_20.082450	113	193	26	2	80	0.0250000
NODE_7703_length_948_cov_20.082450	113	193	28	3	80	0.0375000
NODE_7703_length_948_cov_20.082450	113	193	29	6	80	0.0750000
NODE_7703_length_948_cov_20.082450	113	193	31	1	80	0.0125000
NODE_7703_length_948_cov_20.082450	113	193	35	3	80	0.0375000
NODE_7703_length_948_cov_20.082450	113	193	36	6	80	0.0750000
NODE_7703_length_948_cov_20.082450	113	193	37	6	80	0.0750000
NODE_7703_length_948_cov_20.082450	113	193	38	16	80	0.2000000
NODE_7703_length_948_cov_20.082450	113	193	39	9	80	0.1125000
NODE_7703_length_948_cov_20.082450	113	193	42	13	80	0.1625000
NODE_7703_length_948_cov_20.082450	113	193	43	2	80	0.0250000
NODE_7703_length_948_cov_20.082450	113	193	44	5	80	0.0625000
NODE_7703_length_948_cov_20.082450	113	193	45	4	80	0.0500000
NODE_7703_length_948_cov_20.082450	166	246	21	2	80	0.0250000
NODE_7703_length_948_cov_20.082450	166	246	24	1	80	0.0125000
NODE_7703_length_948_cov_20.082450	166	246	25	4	80	0.0500000
NODE_7703_length_948_cov_20.082450	166	246	27	10	80	0.1250000
NODE_7703_length_948_cov_20.082450	166	246	28	1	80	0.0125000
NODE_7703_length_948_cov_20.082450	166	246	31	7	80	0.0875000
NODE_7703_length_948_cov_20.082450	166	246	34	4	80	0.0500000
NODE_7703_length_948_cov_20.082450	166	246	38	8	80	0.1000000
NODE_7703_length_948_cov_20.082450	166	246	39	15	80	0.1875000
NODE_7703_length_948_cov_20.082450	166	246	41	4	80	0.0500000
NODE_7703_length_948_cov_20.082450	166	246	42	8	80	0.1000000
NODE_7703_length_948_cov_20.082450	166	246	43	7	80	0.0875000
NODE_7703_length_948_cov_20.082450	166	246	44	5	80	0.0625000
NODE_7703_length_948_cov_20.082450	166	246	45	4	80	0.0500000
NODE_7704_length_948_cov_16.785630	308	388	0	17	80	0.2125000
NODE_7704_length_948_cov_16.785630	308	388	2	63	80	0.7875000
NODE_7704_length_948_cov_16.785630	361	441	0	15	80	0.1875000
NODE_7704_length_948_cov_16.785630	361	441	2	65	80	0.8125000
NODE_7704_length_948_cov_16.785630	437	517	0	73	80	0.9125000
NODE_7704_length_948_cov_16.785630	437	517	2	7	80	0.0875000
NODE_7704_length_948_cov_16.785630	490	570	0	80	80	1.0000000
NODE_7705_length_948_cov_12.740872	400	480	0	80	80	1.0000000
NODE_7705_length_948_cov_12.740872	453	533	0	80	80	1.0000000
NODE_7706_length_948_cov_10.220259	465	545	0	20	80	0.2500000
NODE_7706_length_948_cov_10.220259	465	545	2	60	80	0.7500000
NODE_7706_length_948_cov_10.220259	518	598	0	21	80	0.2625000
NODE_7706_length_948_cov_10.220259	518	598	2	59	80	0.7375000
NODE_7707_length_948_cov_8.504122	456	536	0	5	80	0.0625000
NODE_7707_length_948_cov_8.504122	456	536	2	75	80	0.9375000
NODE_7707_length_948_cov_8.504122	509	589	0	58	80	0.7250000
NODE_7707_length_948_cov_8.504122	509	589	2	22	80	0.2750000
NODE_7709_length_948_cov_5.425206	641	721	2	16	80	0.2000000
NODE_7709_length_948_cov_5.425206	641	721	4	64	80	0.8000000
NODE_7709_length_948_cov_5.425206	694	774	0	41	80	0.5125000
NODE_7709_length_948_cov_5.425206	694	774	2	28	80	0.3500000
NODE_7709_length_948_cov_5.425206	694	774	4	11	80	0.1375000
NODE_7711_length_948_cov_3.586572	696	776	0	40	80	0.5000000
NODE_7711_length_948_cov_3.586572	696	776	12	40	80	0.5000000
NODE_7715_length_948_cov_2.786808	259	324	0	65	65	1.0000000
NODE_7715_length_948_cov_2.786808	297	377	0	80	80	1.0000000
NODE_7721_length_947_cov_91.466981	393	473	4	39	80	0.4875000
NODE_7721_length_947_cov_91.466981	393	473	6	13	80	0.1625000
NODE_7721_length_947_cov_91.466981	393	473	8	12	80	0.1500000
NODE_7721_length_947_cov_91.466981	393	473	10	16	80	0.2000000
NODE_7721_length_947_cov_91.466981	446	526	0	3	80	0.0375000
NODE_7721_length_947_cov_91.466981	446	526	4	7	80	0.0875000
NODE_7721_length_947_cov_91.466981	446	526	6	34	80	0.4250000
NODE_7721_length_947_cov_91.466981	446	526	8	21	80	0.2625000
NODE_7721_length_947_cov_91.466981	446	526	10	15	80	0.1875000
NODE_7722_length_947_cov_61.139151	402	482	4	35	80	0.4375000
NODE_7722_length_947_cov_61.139151	402	482	8	45	80	0.5625000
NODE_7722_length_947_cov_61.139151	455	535	0	24	80	0.3000000
NODE_7722_length_947_cov_61.139151	455	535	3	1	80	0.0125000
NODE_7722_length_947_cov_61.139151	455	535	4	47	80	0.5875000
NODE_7722_length_947_cov_61.139151	455	535	8	8	80	0.1000000
NODE_7723_length_947_cov_50.009434	488	568	0	4	80	0.0500000
NODE_7723_length_947_cov_50.009434	488	568	1	2	80	0.0250000
NODE_7723_length_947_cov_50.009434	488	568	2	19	80	0.2375000
NODE_7723_length_947_cov_50.009434	488	568	4	55	80	0.6875000
NODE_7723_length_947_cov_50.009434	541	621	0	30	80	0.3750000
NODE_7723_length_947_cov_50.009434	541	621	2	19	80	0.2375000
NODE_7723_length_947_cov_50.009434	541	621	4	31	80	0.3875000
NODE_7724_length_947_cov_36.271226	511	591	6	5	80	0.0625000
NODE_7724_length_947_cov_36.271226	511	591	8	42	80	0.5250000
NODE_7724_length_947_cov_36.271226	511	591	10	31	80	0.3875000
NODE_7724_length_947_cov_36.271226	511	591	12	2	80	0.0250000
NODE_7724_length_947_cov_36.271226	564	644	0	47	80	0.5875000
NODE_7724_length_947_cov_36.271226	564	644	6	11	80	0.1375000
NODE_7724_length_947_cov_36.271226	564	644	8	22	80	0.2750000
NODE_7725_length_947_cov_23.384434	425	505	2	15	80	0.1875000
NODE_7725_length_947_cov_23.384434	425	505	3	4	80	0.0500000
NODE_7725_length_947_cov_23.384434	425	505	4	35	80	0.4375000
NODE_7725_length_947_cov_23.384434	425	505	5	26	80	0.3250000
NODE_7725_length_947_cov_23.384434	478	558	0	13	80	0.1625000
NODE_7725_length_947_cov_23.384434	478	558	2	55	80	0.6875000
NODE_7725_length_947_cov_23.384434	478	558	4	1	80	0.0125000
NODE_7725_length_947_cov_23.384434	478	558	5	11	80	0.1375000
NODE_7726_length_947_cov_19.103774	316	396	0	80	80	1.0000000
NODE_7726_length_947_cov_19.103774	369	449	0	80	80	1.0000000
NODE_7727_length_947_cov_18.853774	516	596	0	49	80	0.6125000
NODE_7727_length_947_cov_18.853774	516	596	2	6	80	0.0750000
NODE_7727_length_947_cov_18.853774	516	596	4	25	80	0.3125000
NODE_7727_length_947_cov_18.853774	569	649	2	2	80	0.0250000
NODE_7727_length_947_cov_18.853774	569	649	4	78	80	0.9750000
NODE_7728_length_947_cov_18.077830	315	395	0	29	80	0.3625000
NODE_7728_length_947_cov_18.077830	315	395	2	51	80	0.6375000
NODE_7728_length_947_cov_18.077830	368	448	2	80	80	1.0000000
NODE_7729_length_947_cov_17.713443	403	483	6	68	80	0.8500000
NODE_7729_length_947_cov_17.713443	403	483	8	12	80	0.1500000
NODE_7729_length_947_cov_17.713443	456	536	0	7	80	0.0875000
NODE_7729_length_947_cov_17.713443	456	536	2	26	80	0.3250000
NODE_7729_length_947_cov_17.713443	456	536	6	16	80	0.2000000
NODE_7729_length_947_cov_17.713443	456	536	8	31	80	0.3875000
NODE_7730_length_947_cov_14.492925	358	438	1	7	80	0.0875000
NODE_7730_length_947_cov_14.492925	358	438	2	42	80	0.5250000
NODE_7730_length_947_cov_14.492925	358	438	3	31	80	0.3875000
NODE_7730_length_947_cov_14.492925	411	491	0	13	80	0.1625000
NODE_7730_length_947_cov_14.492925	411	491	2	11	80	0.1375000
NODE_7730_length_947_cov_14.492925	411	491	3	56	80	0.7000000
NODE_7730_length_947_cov_14.492925	487	567	0	80	80	1.0000000
NODE_7730_length_947_cov_14.492925	540	620	0	80	80	1.0000000
NODE_7731_length_947_cov_10.573113	550	630	0	80	80	1.0000000
NODE_7731_length_947_cov_10.573113	603	683	0	80	80	1.0000000
NODE_7732_length_947_cov_7.762972	550	630	1	6	80	0.0750000
NODE_7732_length_947_cov_7.762972	550	630	2	14	80	0.1750000
NODE_7732_length_947_cov_7.762972	550	630	3	20	80	0.2500000
NODE_7732_length_947_cov_7.762972	550	630	5	40	80	0.5000000
NODE_7732_length_947_cov_7.762972	607	683	2	7	76	0.0921053
NODE_7732_length_947_cov_7.762972	607	683	5	47	76	0.6184211
NODE_7732_length_947_cov_7.762972	607	683	6	22	76	0.2894737
NODE_7747_length_946_cov_39.726092	378	458	8	80	80	1.0000000
NODE_7747_length_946_cov_39.726092	431	511	0	44	80	0.5500000
NODE_7747_length_946_cov_39.726092	431	511	7	1	80	0.0125000
NODE_7747_length_946_cov_39.726092	431	511	8	35	80	0.4375000
NODE_7747_length_946_cov_39.726092	507	587	0	80	80	1.0000000
NODE_7747_length_946_cov_39.726092	560	640	0	52	80	0.6500000
NODE_7747_length_946_cov_39.726092	560	640	2	28	80	0.3500000
NODE_7748_length_946_cov_32.728453	404	484	0	80	80	1.0000000
NODE_7748_length_946_cov_32.728453	457	537	0	80	80	1.0000000
NODE_7749_length_946_cov_27.548996	280	360	0	80	80	1.0000000
NODE_7749_length_946_cov_27.548996	333	413	0	80	80	1.0000000
NODE_7750_length_946_cov_24.622196	352	432	0	56	80	0.7000000
NODE_7750_length_946_cov_24.622196	352	432	2	24	80	0.3000000
NODE_7750_length_946_cov_24.622196	405	486	0	3	81	0.0370370
NODE_7750_length_946_cov_24.622196	405	486	2	78	81	0.9629630
NODE_7751_length_946_cov_18.082645	492	572	0	45	80	0.5625000
NODE_7751_length_946_cov_18.082645	492	572	4	35	80	0.4375000
NODE_7751_length_946_cov_18.082645	545	625	4	80	80	1.0000000
NODE_7752_length_946_cov_18.031877	433	513	0	6	80	0.0750000
NODE_7752_length_946_cov_18.031877	433	513	2	74	80	0.9250000
NODE_7752_length_946_cov_18.031877	486	566	0	30	80	0.3750000
NODE_7752_length_946_cov_18.031877	486	566	2	50	80	0.6250000
NODE_7753_length_946_cov_15.188902	472	552	0	80	80	1.0000000
NODE_7753_length_946_cov_15.188902	525	605	0	80	80	1.0000000
NODE_7754_length_946_cov_11.201889	408	488	1	1	80	0.0125000
NODE_7754_length_946_cov_11.201889	408	488	2	79	80	0.9875000
NODE_7754_length_946_cov_11.201889	461	541	0	45	80	0.5625000
NODE_7754_length_946_cov_11.201889	461	541	1	9	80	0.1125000
NODE_7754_length_946_cov_11.201889	461	541	2	26	80	0.3250000
NODE_7768_length_945_cov_42.997636	361	441	8	5	80	0.0625000
NODE_7768_length_945_cov_42.997636	361	441	10	75	80	0.9375000
NODE_7768_length_945_cov_42.997636	414	494	6	37	80	0.4625000
NODE_7768_length_945_cov_42.997636	414	494	8	14	80	0.1750000
NODE_7768_length_945_cov_42.997636	414	494	10	29	80	0.3625000
NODE_7769_length_945_cov_31.223404	357	437	2	5	80	0.0625000
NODE_7769_length_945_cov_31.223404	357	437	9	5	80	0.0625000
NODE_7769_length_945_cov_31.223404	357	437	11	5	80	0.0625000
NODE_7769_length_945_cov_31.223404	357	437	18	65	80	0.8125000
NODE_7769_length_945_cov_31.223404	410	490	16	44	80	0.5500000
NODE_7769_length_945_cov_31.223404	410	490	18	36	80	0.4500000
NODE_7770_length_945_cov_26.348700	331	411	2	64	80	0.8000000
NODE_7770_length_945_cov_26.348700	331	411	4	16	80	0.2000000
NODE_7770_length_945_cov_26.348700	384	464	2	60	80	0.7500000
NODE_7770_length_945_cov_26.348700	384	464	4	20	80	0.2500000
NODE_7771_length_945_cov_20.349882	435	515	0	80	80	1.0000000
NODE_7771_length_945_cov_20.349882	488	568	0	80	80	1.0000000
NODE_7772_length_945_cov_14.771868	386	466	0	80	80	1.0000000
NODE_7772_length_945_cov_14.771868	439	519	0	80	80	1.0000000
NODE_7773_length_945_cov_10.158392	599	679	0	80	80	1.0000000
NODE_7773_length_945_cov_10.158392	652	732	0	80	80	1.0000000
NODE_7775_length_945_cov_5.403073	357	437	0	76	80	0.9500000
NODE_7775_length_945_cov_5.403073	357	437	2	4	80	0.0500000
NODE_7775_length_945_cov_5.403073	410	490	0	80	80	1.0000000
NODE_7785_length_944_cov_42.401183	358	438	4	7	80	0.0875000
NODE_7785_length_944_cov_42.401183	358	438	6	62	80	0.7750000
NODE_7785_length_944_cov_42.401183	358	438	8	11	80	0.1375000
NODE_7785_length_944_cov_42.401183	411	498	4	13	87	0.1494253
NODE_7785_length_944_cov_42.401183	411	498	6	16	87	0.1839080
NODE_7785_length_944_cov_42.401183	411	498	8	58	87	0.6666667
NODE_7786_length_944_cov_32.712426	377	457	0	9	80	0.1125000
NODE_7786_length_944_cov_32.712426	377	457	2	16	80	0.2000000
NODE_7786_length_944_cov_32.712426	377	457	3	8	80	0.1000000
NODE_7786_length_944_cov_32.712426	377	457	6	47	80	0.5875000
NODE_7786_length_944_cov_32.712426	430	510	0	9	80	0.1125000
NODE_7786_length_944_cov_32.712426	430	510	2	69	80	0.8625000
NODE_7786_length_944_cov_32.712426	430	510	3	2	80	0.0250000
NODE_7787_length_944_cov_27.839053	417	497	0	16	80	0.2000000
NODE_7787_length_944_cov_27.839053	417	497	2	1	80	0.0125000
NODE_7787_length_944_cov_27.839053	417	497	5	28	80	0.3500000
NODE_7787_length_944_cov_27.839053	417	497	6	35	80	0.4375000
NODE_7787_length_944_cov_27.839053	470	550	0	69	80	0.8625000
NODE_7787_length_944_cov_27.839053	470	550	2	1	80	0.0125000
NODE_7787_length_944_cov_27.839053	470	550	5	10	80	0.1250000
NODE_7788_length_944_cov_24.702959	413	493	4	6	80	0.0750000
NODE_7788_length_944_cov_24.702959	413	493	6	11	80	0.1375000
NODE_7788_length_944_cov_24.702959	413	493	7	4	80	0.0500000
NODE_7788_length_944_cov_24.702959	413	493	9	13	80	0.1625000
NODE_7788_length_944_cov_24.702959	413	493	10	46	80	0.5750000
NODE_7788_length_944_cov_24.702959	466	546	1	30	80	0.3750000
NODE_7788_length_944_cov_24.702959	466	546	2	6	80	0.0750000
NODE_7788_length_944_cov_24.702959	466	546	4	23	80	0.2875000
NODE_7788_length_944_cov_24.702959	466	546	10	21	80	0.2625000
NODE_7789_length_944_cov_11.951479	347	427	2	1	80	0.0125000
NODE_7789_length_944_cov_11.951479	347	427	8	1	80	0.0125000
NODE_7789_length_944_cov_11.951479	347	427	10	14	80	0.1750000
NODE_7789_length_944_cov_11.951479	347	427	12	38	80	0.4750000
NODE_7789_length_944_cov_11.951479	347	427	14	26	80	0.3250000
NODE_7789_length_944_cov_11.951479	400	480	0	21	80	0.2625000
NODE_7789_length_944_cov_11.951479	400	480	2	2	80	0.0250000
NODE_7789_length_944_cov_11.951479	400	480	4	4	80	0.0500000
NODE_7789_length_944_cov_11.951479	400	480	10	7	80	0.0875000
NODE_7789_length_944_cov_11.951479	400	480	12	34	80	0.4250000
NODE_7789_length_944_cov_11.951479	400	480	14	12	80	0.1500000
NODE_7789_length_944_cov_11.951479	476	556	0	60	80	0.7500000
NODE_7789_length_944_cov_11.951479	476	556	2	20	80	0.2500000
NODE_7789_length_944_cov_11.951479	529	609	0	7	80	0.0875000
NODE_7789_length_944_cov_11.951479	529	609	2	73	80	0.9125000
NODE_7790_length_944_cov_6.745562	366	446	0	80	80	1.0000000
NODE_7790_length_944_cov_6.745562	419	499	0	80	80	1.0000000
NODE_7792_length_944_cov_4.420118	236	316	0	80	80	1.0000000
NODE_7792_length_944_cov_4.420118	289	369	0	80	80	1.0000000
NODE_7800_length_943_cov_40.111374	536	614	0	78	78	1.0000000
NODE_7800_length_943_cov_40.111374	587	667	0	80	80	1.0000000
NODE_7801_length_943_cov_29.446682	338	418	0	65	80	0.8125000
NODE_7801_length_943_cov_29.446682	338	418	1	15	80	0.1875000
NODE_7801_length_943_cov_29.446682	391	471	0	12	80	0.1500000
NODE_7801_length_943_cov_29.446682	391	471	1	16	80	0.2000000
NODE_7801_length_943_cov_29.446682	391	471	3	52	80	0.6500000
NODE_7802_length_943_cov_28.289100	393	473	0	80	80	1.0000000
NODE_7802_length_943_cov_28.289100	446	526	0	80	80	1.0000000
NODE_7803_length_943_cov_27.225118	343	423	0	80	80	1.0000000
NODE_7803_length_943_cov_27.225118	396	476	0	80	80	1.0000000
NODE_7804_length_943_cov_26.536730	275	303	0	15	28	0.5357143
NODE_7804_length_943_cov_26.536730	275	303	1	5	28	0.1785714
NODE_7804_length_943_cov_26.536730	275	303	3	8	28	0.2857143
NODE_7804_length_943_cov_26.536730	299	379	3	8	80	0.1000000
NODE_7804_length_943_cov_26.536730	299	379	5	36	80	0.4500000
NODE_7804_length_943_cov_26.536730	299	379	9	36	80	0.4500000
NODE_7804_length_943_cov_26.536730	352	432	5	28	80	0.3500000
NODE_7804_length_943_cov_26.536730	352	432	7	6	80	0.0750000
NODE_7804_length_943_cov_26.536730	352	432	9	46	80	0.5750000
NODE_7805_length_943_cov_24.992891	374	454	0	28	80	0.3500000
NODE_7805_length_943_cov_24.992891	374	454	2	52	80	0.6500000
NODE_7805_length_943_cov_24.992891	427	507	2	80	80	1.0000000
NODE_7805_length_943_cov_24.992891	503	583	0	33	80	0.4125000
NODE_7805_length_943_cov_24.992891	503	583	2	34	80	0.4250000
NODE_7805_length_943_cov_24.992891	503	583	4	13	80	0.1625000
NODE_7805_length_943_cov_24.992891	556	636	0	14	80	0.1750000
NODE_7805_length_943_cov_24.992891	556	636	4	25	80	0.3125000
NODE_7805_length_943_cov_24.992891	556	636	8	41	80	0.5125000
NODE_7806_length_943_cov_24.758294	403	483	6	13	80	0.1625000
NODE_7806_length_943_cov_24.758294	403	483	10	9	80	0.1125000
NODE_7806_length_943_cov_24.758294	403	483	12	58	80	0.7250000
NODE_7806_length_943_cov_24.758294	456	536	0	25	80	0.3125000
NODE_7806_length_943_cov_24.758294	456	536	2	5	80	0.0625000
NODE_7806_length_943_cov_24.758294	456	536	6	21	80	0.2625000
NODE_7806_length_943_cov_24.758294	456	536	12	29	80	0.3625000
NODE_7807_length_943_cov_22.316351	432	512	0	13	80	0.1625000
NODE_7807_length_943_cov_22.316351	432	512	4	17	80	0.2125000
NODE_7807_length_943_cov_22.316351	432	512	6	49	80	0.6125000
NODE_7807_length_943_cov_22.316351	432	512	8	1	80	0.0125000
NODE_7807_length_943_cov_22.316351	485	565	4	8	80	0.1000000
NODE_7807_length_943_cov_22.316351	485	565	6	26	80	0.3250000
NODE_7807_length_943_cov_22.316351	485	565	8	46	80	0.5750000
NODE_7808_length_943_cov_22.149289	393	473	2	80	80	1.0000000
NODE_7808_length_943_cov_22.149289	446	526	2	65	80	0.8125000
NODE_7808_length_943_cov_22.149289	446	526	4	15	80	0.1875000
NODE_7809_length_943_cov_20.055687	412	492	2	50	80	0.6250000
NODE_7809_length_943_cov_20.055687	412	492	8	9	80	0.1125000
NODE_7809_length_943_cov_20.055687	412	492	10	13	80	0.1625000
NODE_7809_length_943_cov_20.055687	412	492	12	8	80	0.1000000
NODE_7809_length_943_cov_20.055687	465	545	8	6	80	0.0750000
NODE_7809_length_943_cov_20.055687	465	545	10	66	80	0.8250000
NODE_7809_length_943_cov_20.055687	465	545	12	8	80	0.1000000
NODE_7810_length_943_cov_16.022512	338	418	0	80	80	1.0000000
NODE_7810_length_943_cov_16.022512	391	471	0	80	80	1.0000000
NODE_7811_length_943_cov_10.939573	474	554	4	33	80	0.4125000
NODE_7811_length_943_cov_10.939573	474	554	6	5	80	0.0625000
NODE_7811_length_943_cov_10.939573	474	554	8	42	80	0.5250000
NODE_7811_length_943_cov_10.939573	527	607	2	43	80	0.5375000
NODE_7811_length_943_cov_10.939573	527	607	4	6	80	0.0750000
NODE_7811_length_943_cov_10.939573	527	607	8	31	80	0.3875000
NODE_7812_length_943_cov_9.483412	422	502	6	22	80	0.2750000
NODE_7812_length_943_cov_9.483412	422	502	9	6	80	0.0750000
NODE_7812_length_943_cov_9.483412	422	502	10	52	80	0.6500000
NODE_7812_length_943_cov_9.483412	475	555	0	21	80	0.2625000
NODE_7812_length_943_cov_9.483412	475	555	6	54	80	0.6750000
NODE_7812_length_943_cov_9.483412	475	555	10	5	80	0.0625000
NODE_7830_length_942_cov_58.088968	384	464	8	30	80	0.3750000
NODE_7830_length_942_cov_58.088968	384	464	9	30	80	0.3750000
NODE_7830_length_942_cov_58.088968	384	464	10	18	80	0.2250000
NODE_7830_length_942_cov_58.088968	384	464	11	2	80	0.0250000
NODE_7830_length_942_cov_58.088968	437	517	4	38	80	0.4750000
NODE_7830_length_942_cov_58.088968	437	517	9	22	80	0.2750000
NODE_7830_length_942_cov_58.088968	437	517	10	3	80	0.0375000
NODE_7830_length_942_cov_58.088968	437	517	11	17	80	0.2125000
NODE_7832_length_942_cov_27.466192	360	440	0	26	80	0.3250000
NODE_7832_length_942_cov_27.466192	360	440	2	54	80	0.6750000
NODE_7832_length_942_cov_27.466192	413	493	2	80	80	1.0000000
NODE_7833_length_942_cov_26.914591	346	426	0	6	80	0.0750000
NODE_7833_length_942_cov_26.914591	346	426	2	74	80	0.9250000
NODE_7833_length_942_cov_26.914591	399	479	0	47	80	0.5875000
NODE_7833_length_942_cov_26.914591	399	479	2	33	80	0.4125000
NODE_7834_length_942_cov_17.911032	390	470	2	59	80	0.7375000
NODE_7834_length_942_cov_17.911032	390	470	4	21	80	0.2625000
NODE_7834_length_942_cov_17.911032	443	523	0	1	80	0.0125000
NODE_7834_length_942_cov_17.911032	443	523	2	73	80	0.9125000
NODE_7834_length_942_cov_17.911032	443	523	4	6	80	0.0750000
NODE_7835_length_942_cov_14.695136	442	522	0	80	80	1.0000000
NODE_7835_length_942_cov_14.695136	495	575	0	80	80	1.0000000
NODE_7836_length_942_cov_14.097272	547	627	0	80	80	1.0000000
NODE_7836_length_942_cov_14.097272	600	680	0	80	80	1.0000000
NODE_7837_length_942_cov_13.174377	322	402	4	33	80	0.4125000
NODE_7837_length_942_cov_13.174377	322	402	6	47	80	0.5875000
NODE_7837_length_942_cov_13.174377	375	455	0	27	80	0.3375000
NODE_7837_length_942_cov_13.174377	375	455	2	2	80	0.0250000
NODE_7837_length_942_cov_13.174377	375	455	3	14	80	0.1750000
NODE_7837_length_942_cov_13.174377	375	455	4	29	80	0.3625000
NODE_7837_length_942_cov_13.174377	375	455	6	8	80	0.1000000
NODE_7858_length_941_cov_36.592637	259	339	0	40	80	0.5000000
NODE_7858_length_941_cov_36.592637	259	339	2	40	80	0.5000000
NODE_7858_length_941_cov_36.592637	312	392	0	5	80	0.0625000
NODE_7858_length_941_cov_36.592637	312	392	2	75	80	0.9375000
NODE_7858_length_941_cov_36.592637	388	468	0	80	80	1.0000000
NODE_7858_length_941_cov_36.592637	441	521	0	80	80	1.0000000
NODE_7859_length_941_cov_35.375297	352	432	0	23	80	0.2875000
NODE_7859_length_941_cov_35.375297	352	432	2	57	80	0.7125000
NODE_7859_length_941_cov_35.375297	405	485	0	53	80	0.6625000
NODE_7859_length_941_cov_35.375297	405	485	2	27	80	0.3375000
NODE_7859_length_941_cov_35.375297	481	561	0	80	80	1.0000000
NODE_7859_length_941_cov_35.375297	534	614	0	80	80	1.0000000
NODE_7860_length_941_cov_32.222090	407	487	0	44	80	0.5500000
NODE_7860_length_941_cov_32.222090	407	487	4	36	80	0.4500000
NODE_7860_length_941_cov_32.222090	460	540	4	80	80	1.0000000
NODE_7861_length_941_cov_28.442993	391	471	7	29	80	0.3625000
NODE_7861_length_941_cov_28.442993	391	471	8	37	80	0.4625000
NODE_7861_length_941_cov_28.442993	391	471	9	4	80	0.0500000
NODE_7861_length_941_cov_28.442993	391	471	10	10	80	0.1250000
NODE_7861_length_941_cov_28.442993	444	524	4	2	80	0.0250000
NODE_7861_length_941_cov_28.442993	444	524	6	1	80	0.0125000
NODE_7861_length_941_cov_28.442993	444	524	7	73	80	0.9125000
NODE_7861_length_941_cov_28.442993	444	524	9	4	80	0.0500000
NODE_7862_length_941_cov_20.788599	341	421	0	47	80	0.5875000
NODE_7862_length_941_cov_20.788599	341	421	4	20	80	0.2500000
NODE_7862_length_941_cov_20.788599	341	421	6	13	80	0.1625000
NODE_7862_length_941_cov_20.788599	394	474	2	2	80	0.0250000
NODE_7862_length_941_cov_20.788599	394	474	4	21	80	0.2625000
NODE_7862_length_941_cov_20.788599	394	474	6	14	80	0.1750000
NODE_7862_length_941_cov_20.788599	394	474	8	43	80	0.5375000
NODE_7863_length_941_cov_18.000000	364	444	0	14	80	0.1750000
NODE_7863_length_941_cov_18.000000	364	444	10	66	80	0.8250000
NODE_7863_length_941_cov_18.000000	417	497	2	5	80	0.0625000
NODE_7863_length_941_cov_18.000000	417	497	9	1	80	0.0125000
NODE_7863_length_941_cov_18.000000	417	497	10	74	80	0.9250000
NODE_7864_length_941_cov_11.020190	325	405	0	80	80	1.0000000
NODE_7864_length_941_cov_11.020190	378	458	0	80	80	1.0000000
NODE_7865_length_941_cov_6.020190	260	287	4	27	27	1.0000000
NODE_7865_length_941_cov_6.020190	260	340	0	11	80	0.1375000
NODE_7865_length_941_cov_6.020190	260	340	4	69	80	0.8625000
NODE_7867_length_941_cov_3.745843	867	941	0	2	74	0.0270270
NODE_7867_length_941_cov_3.745843	867	941	1	1	74	0.0135135
NODE_7867_length_941_cov_3.745843	867	941	2	27	74	0.3648649
NODE_7867_length_941_cov_3.745843	867	941	4	44	74	0.5945946
NODE_7877_length_940_cov_43.954816	243	323	0	80	80	1.0000000
NODE_7877_length_940_cov_43.954816	296	376	0	80	80	1.0000000
NODE_7877_length_940_cov_43.954816	372	452	0	15	80	0.1875000
NODE_7877_length_940_cov_43.954816	372	452	2	21	80	0.2625000
NODE_7877_length_940_cov_43.954816	372	452	4	44	80	0.5500000
NODE_7877_length_940_cov_43.954816	425	505	2	37	80	0.4625000
NODE_7877_length_940_cov_43.954816	425	505	4	43	80	0.5375000
NODE_7878_length_940_cov_27.763377	423	503	2	7	80	0.0875000
NODE_7878_length_940_cov_27.763377	423	503	4	11	80	0.1375000
NODE_7878_length_940_cov_27.763377	423	503	6	11	80	0.1375000
NODE_7878_length_940_cov_27.763377	423	503	8	51	80	0.6375000
NODE_7878_length_940_cov_27.763377	476	556	0	3	80	0.0375000
NODE_7878_length_940_cov_27.763377	476	556	2	29	80	0.3625000
NODE_7878_length_940_cov_27.763377	476	556	4	22	80	0.2750000
NODE_7878_length_940_cov_27.763377	476	556	6	11	80	0.1375000
NODE_7878_length_940_cov_27.763377	476	556	8	15	80	0.1875000
NODE_7897_length_939_cov_58.982143	363	443	17	11	80	0.1375000
NODE_7897_length_939_cov_58.982143	363	443	19	31	80	0.3875000
NODE_7897_length_939_cov_58.982143	363	443	21	38	80	0.4750000
NODE_7897_length_939_cov_58.982143	416	496	8	4	80	0.0500000
NODE_7897_length_939_cov_58.982143	416	496	13	22	80	0.2750000
NODE_7897_length_939_cov_58.982143	416	496	15	5	80	0.0625000
NODE_7897_length_939_cov_58.982143	416	496	17	33	80	0.4125000
NODE_7897_length_939_cov_58.982143	416	496	19	1	80	0.0125000
NODE_7897_length_939_cov_58.982143	416	496	21	15	80	0.1875000
NODE_7898_length_939_cov_32.469048	327	407	0	24	80	0.3000000
NODE_7898_length_939_cov_32.469048	327	407	2	38	80	0.4750000
NODE_7898_length_939_cov_32.469048	327	407	4	18	80	0.2250000
NODE_7898_length_939_cov_32.469048	380	460	2	28	80	0.3500000
NODE_7898_length_939_cov_32.469048	380	460	4	52	80	0.6500000
NODE_7899_length_939_cov_31.895238	265	345	0	80	80	1.0000000
NODE_7899_length_939_cov_31.895238	318	398	0	80	80	1.0000000
NODE_7900_length_939_cov_25.354762	439	519	2	33	80	0.4125000
NODE_7900_length_939_cov_25.354762	439	519	4	47	80	0.5875000
NODE_7900_length_939_cov_25.354762	492	572	0	39	80	0.4875000
NODE_7900_length_939_cov_25.354762	492	572	2	41	80	0.5125000
NODE_7901_length_939_cov_24.892857	370	450	2	80	80	1.0000000
NODE_7901_length_939_cov_24.892857	423	503	0	19	80	0.2375000
NODE_7901_length_939_cov_24.892857	423	503	2	61	80	0.7625000
NODE_7902_length_939_cov_24.246429	422	502	0	80	80	1.0000000
NODE_7902_length_939_cov_24.246429	475	555	0	80	80	1.0000000
NODE_7902_length_939_cov_24.246429	551	631	0	14	80	0.1750000
NODE_7902_length_939_cov_24.246429	551	631	2	66	80	0.8250000
NODE_7902_length_939_cov_24.246429	604	684	0	18	80	0.2250000
NODE_7902_length_939_cov_24.246429	604	684	2	62	80	0.7750000
NODE_7903_length_939_cov_21.141667	368	448	2	55	80	0.6875000
NODE_7903_length_939_cov_21.141667	368	448	5	25	80	0.3125000
NODE_7903_length_939_cov_21.141667	421	501	2	2	80	0.0250000
NODE_7903_length_939_cov_21.141667	421	501	5	28	80	0.3500000
NODE_7903_length_939_cov_21.141667	421	501	6	25	80	0.3125000
NODE_7903_length_939_cov_21.141667	421	501	7	1	80	0.0125000
NODE_7903_length_939_cov_21.141667	421	501	8	24	80	0.3000000
NODE_7904_length_939_cov_16.425000	327	407	4	47	80	0.5875000
NODE_7904_length_939_cov_16.425000	327	407	6	33	80	0.4125000
NODE_7904_length_939_cov_16.425000	380	460	2	40	80	0.5000000
NODE_7904_length_939_cov_16.425000	380	460	6	40	80	0.5000000
NODE_7905_length_939_cov_13.828571	469	548	0	79	79	1.0000000
NODE_7905_length_939_cov_13.828571	522	603	0	81	81	1.0000000
NODE_7906_length_939_cov_13.521429	402	482	0	80	80	1.0000000
NODE_7906_length_939_cov_13.521429	455	535	0	80	80	1.0000000
NODE_7907_length_939_cov_12.955952	398	478	0	36	80	0.4500000
NODE_7907_length_939_cov_12.955952	398	478	1	33	80	0.4125000
NODE_7907_length_939_cov_12.955952	398	478	2	11	80	0.1375000
NODE_7907_length_939_cov_12.955952	451	531	1	16	80	0.2000000
NODE_7907_length_939_cov_12.955952	451	531	2	64	80	0.8000000
NODE_7908_length_939_cov_6.564286	523	545	0	22	22	1.0000000
NODE_7922_length_938_cov_44.458880	362	442	2	26	80	0.3250000
NODE_7922_length_938_cov_44.458880	362	442	4	25	80	0.3125000
NODE_7922_length_938_cov_44.458880	362	442	6	29	80	0.3625000
NODE_7922_length_938_cov_44.458880	415	495	6	80	80	1.0000000
NODE_7923_length_938_cov_44.435042	748	815	2	56	67	0.8358209
NODE_7923_length_938_cov_44.435042	748	815	4	11	67	0.1641791
NODE_7924_length_938_cov_32.177592	466	546	4	74	80	0.9250000
NODE_7924_length_938_cov_32.177592	466	546	6	6	80	0.0750000
NODE_7924_length_938_cov_32.177592	519	599	2	4	80	0.0500000
NODE_7924_length_938_cov_32.177592	519	599	4	70	80	0.8750000
NODE_7924_length_938_cov_32.177592	519	599	6	6	80	0.0750000
NODE_7925_length_938_cov_21.139452	474	554	0	80	80	1.0000000
NODE_7925_length_938_cov_21.139452	527	607	0	80	80	1.0000000
NODE_7927_length_938_cov_8.791418	300	380	0	43	80	0.5375000
NODE_7927_length_938_cov_8.791418	300	380	4	37	80	0.4625000
NODE_7927_length_938_cov_8.791418	353	433	4	80	80	1.0000000
NODE_7932_length_938_cov_2.693683	59	139	2	16	80	0.2000000
NODE_7932_length_938_cov_2.693683	59	139	4	64	80	0.8000000
NODE_7932_length_938_cov_2.693683	112	192	0	40	80	0.5000000
NODE_7932_length_938_cov_2.693683	112	192	2	4	80	0.0500000
NODE_7932_length_938_cov_2.693683	112	192	4	36	80	0.4500000
NODE_7946_length_937_cov_31.890215	407	487	0	41	80	0.5125000
NODE_7946_length_937_cov_31.890215	407	487	2	39	80	0.4875000
NODE_7946_length_937_cov_31.890215	460	536	2	76	76	1.0000000
NODE_7947_length_937_cov_31.198091	425	505	0	80	80	1.0000000
NODE_7947_length_937_cov_31.198091	478	558	0	80	80	1.0000000
NODE_7948_length_937_cov_29.742243	296	376	0	80	80	1.0000000
NODE_7948_length_937_cov_29.742243	349	429	0	80	80	1.0000000
NODE_7948_length_937_cov_29.742243	425	505	0	80	80	1.0000000
NODE_7948_length_937_cov_29.742243	478	558	0	80	80	1.0000000
NODE_7950_length_937_cov_26.153938	487	567	10	53	80	0.6625000
NODE_7950_length_937_cov_26.153938	487	567	12	27	80	0.3375000
NODE_7950_length_937_cov_26.153938	540	620	0	1	80	0.0125000
NODE_7950_length_937_cov_26.153938	540	620	8	1	80	0.0125000
NODE_7950_length_937_cov_26.153938	540	620	10	78	80	0.9750000
NODE_7951_length_937_cov_20.898568	515	595	0	80	80	1.0000000
NODE_7951_length_937_cov_20.898568	568	648	0	80	80	1.0000000
NODE_7952_length_937_cov_20.502387	181	261	2	55	80	0.6875000
NODE_7952_length_937_cov_20.502387	181	261	4	25	80	0.3125000
NODE_7952_length_937_cov_20.502387	234	314	2	27	80	0.3375000
NODE_7952_length_937_cov_20.502387	234	314	4	53	80	0.6625000
NODE_7952_length_937_cov_20.502387	310	390	2	6	80	0.0750000
NODE_7952_length_937_cov_20.502387	310	390	4	40	80	0.5000000
NODE_7952_length_937_cov_20.502387	310	390	6	34	80	0.4250000
NODE_7952_length_937_cov_20.502387	363	443	2	38	80	0.4750000
NODE_7952_length_937_cov_20.502387	363	443	4	25	80	0.3125000
NODE_7952_length_937_cov_20.502387	363	443	6	17	80	0.2125000
NODE_7953_length_937_cov_15.219570	526	606	0	16	80	0.2000000
NODE_7953_length_937_cov_15.219570	526	606	2	64	80	0.8000000
NODE_7953_length_937_cov_15.219570	579	659	0	55	80	0.6875000
NODE_7953_length_937_cov_15.219570	579	659	2	25	80	0.3125000
NODE_7954_length_937_cov_9.633652	521	601	0	80	80	1.0000000
NODE_7954_length_937_cov_9.633652	574	654	0	80	80	1.0000000
NODE_7956_length_937_cov_6.630072	305	385	6	80	80	1.0000000
NODE_7956_length_937_cov_6.630072	358	438	6	80	80	1.0000000
NODE_7957_length_937_cov_4.649165	470	550	0	80	80	1.0000000
NODE_7957_length_937_cov_4.649165	523	603	0	80	80	1.0000000
NODE_7969_length_936_cov_57.105137	267	347	0	80	80	1.0000000
NODE_7969_length_936_cov_57.105137	320	400	0	80	80	1.0000000
NODE_7969_length_936_cov_57.105137	396	476	0	80	80	1.0000000
NODE_7969_length_936_cov_57.105137	449	529	0	32	80	0.4000000
NODE_7969_length_936_cov_57.105137	449	529	2	48	80	0.6000000
NODE_7970_length_936_cov_39.983274	433	513	0	19	80	0.2375000
NODE_7970_length_936_cov_39.983274	433	513	2	12	80	0.1500000
NODE_7970_length_936_cov_39.983274	433	513	4	35	80	0.4375000
NODE_7970_length_936_cov_39.983274	433	513	6	14	80	0.1750000
NODE_7970_length_936_cov_39.983274	486	566	4	52	80	0.6500000
NODE_7970_length_936_cov_39.983274	486	566	6	28	80	0.3500000
NODE_7971_length_936_cov_22.486260	534	614	6	2	80	0.0250000
NODE_7971_length_936_cov_22.486260	534	614	12	59	80	0.7375000
NODE_7971_length_936_cov_22.486260	534	614	14	19	80	0.2375000
NODE_7971_length_936_cov_22.486260	587	667	0	31	80	0.3875000
NODE_7971_length_936_cov_22.486260	587	667	6	24	80	0.3000000
NODE_7971_length_936_cov_22.486260	587	667	12	25	80	0.3125000
NODE_7972_length_936_cov_19.639188	409	489	0	80	80	1.0000000
NODE_7972_length_936_cov_19.639188	462	542	0	80	80	1.0000000
NODE_7973_length_936_cov_15.083632	322	402	1	25	80	0.3125000
NODE_7973_length_936_cov_15.083632	322	402	2	55	80	0.6875000
NODE_7973_length_936_cov_15.083632	375	455	2	33	80	0.4125000
NODE_7973_length_936_cov_15.083632	375	455	5	29	80	0.3625000
NODE_7973_length_936_cov_15.083632	375	455	6	1	80	0.0125000
NODE_7973_length_936_cov_15.083632	375	455	7	3	80	0.0375000
NODE_7973_length_936_cov_15.083632	375	455	8	14	80	0.1750000
NODE_7974_length_936_cov_13.962963	356	424	6	39	68	0.5735294
NODE_7974_length_936_cov_13.962963	356	424	8	2	68	0.0294118
NODE_7974_length_936_cov_13.962963	356	424	10	5	68	0.0735294
NODE_7974_length_936_cov_13.962963	356	424	14	22	68	0.3235294
NODE_7975_length_936_cov_12.502987	447	527	0	80	80	1.0000000
NODE_7975_length_936_cov_12.502987	500	580	0	80	80	1.0000000
NODE_7976_length_936_cov_12.279570	340	420	0	80	80	1.0000000
NODE_7976_length_936_cov_12.279570	393	473	0	80	80	1.0000000
NODE_7977_length_936_cov_7.906810	587	667	14	24	80	0.3000000
NODE_7977_length_936_cov_7.906810	587	667	17	9	80	0.1125000
NODE_7977_length_936_cov_7.906810	587	667	23	19	80	0.2375000
NODE_7977_length_936_cov_7.906810	587	667	25	28	80	0.3500000
NODE_7977_length_936_cov_7.906810	640	720	8	6	80	0.0750000
NODE_7977_length_936_cov_7.906810	640	720	12	38	80	0.4750000
NODE_7977_length_936_cov_7.906810	640	720	23	7	80	0.0875000
NODE_7977_length_936_cov_7.906810	640	720	25	29	80	0.3625000
NODE_7978_length_936_cov_6.845878	322	402	0	80	80	1.0000000
NODE_7978_length_936_cov_6.845878	375	455	0	80	80	1.0000000
NODE_7979_length_936_cov_6.434886	556	635	0	79	79	1.0000000
NODE_7979_length_936_cov_6.434886	608	688	0	80	80	1.0000000
NODE_7993_length_935_cov_38.209330	57	137	83	1	80	0.0125000
NODE_7993_length_935_cov_38.209330	57	137	85	1	80	0.0125000
NODE_7993_length_935_cov_38.209330	57	137	87	1	80	0.0125000
NODE_7993_length_935_cov_38.209330	57	137	89	2	80	0.0250000
NODE_7993_length_935_cov_38.209330	57	137	91	2	80	0.0250000
NODE_7993_length_935_cov_38.209330	57	137	92	1	80	0.0125000
NODE_7993_length_935_cov_38.209330	57	137	94	2	80	0.0250000
NODE_7993_length_935_cov_38.209330	57	137	96	1	80	0.0125000
NODE_7993_length_935_cov_38.209330	57	137	98	1	80	0.0125000
NODE_7993_length_935_cov_38.209330	57	137	102	1	80	0.0125000
NODE_7993_length_935_cov_38.209330	57	137	106	4	80	0.0500000
NODE_7993_length_935_cov_38.209330	57	137	110	4	80	0.0500000
NODE_7993_length_935_cov_38.209330	57	137	111	1	80	0.0125000
NODE_7993_length_935_cov_38.209330	57	137	115	1	80	0.0125000
NODE_7993_length_935_cov_38.209330	57	137	116	57	80	0.7125000
NODE_7994_length_935_cov_27.306220	439	519	2	38	80	0.4750000
NODE_7994_length_935_cov_27.306220	439	519	4	42	80	0.5250000
NODE_7994_length_935_cov_27.306220	492	572	0	7	80	0.0875000
NODE_7994_length_935_cov_27.306220	492	572	2	73	80	0.9125000
NODE_7995_length_935_cov_26.562201	321	401	0	80	80	1.0000000
NODE_7995_length_935_cov_26.562201	374	454	0	76	80	0.9500000
NODE_7995_length_935_cov_26.562201	374	454	2	4	80	0.0500000
NODE_7995_length_935_cov_26.562201	450	530	2	80	80	1.0000000
NODE_7995_length_935_cov_26.562201	503	583	0	22	80	0.2750000
NODE_7995_length_935_cov_26.562201	503	583	2	58	80	0.7250000
NODE_7996_length_935_cov_25.098086	356	436	2	10	80	0.1250000
NODE_7996_length_935_cov_25.098086	356	436	8	31	80	0.3875000
NODE_7996_length_935_cov_25.098086	356	436	10	39	80	0.4875000
NODE_7996_length_935_cov_25.098086	409	489	0	5	80	0.0625000
NODE_7996_length_935_cov_25.098086	409	489	1	23	80	0.2875000
NODE_7996_length_935_cov_25.098086	409	489	7	8	80	0.1000000
NODE_7996_length_935_cov_25.098086	409	489	8	17	80	0.2125000
NODE_7996_length_935_cov_25.098086	409	489	10	27	80	0.3375000
NODE_7997_length_935_cov_24.316986	467	547	0	14	80	0.1750000
NODE_7997_length_935_cov_24.316986	467	547	2	37	80	0.4625000
NODE_7997_length_935_cov_24.316986	467	547	4	17	80	0.2125000
NODE_7997_length_935_cov_24.316986	467	547	6	12	80	0.1500000
NODE_7997_length_935_cov_24.316986	520	600	2	5	80	0.0625000
NODE_7997_length_935_cov_24.316986	520	600	3	1	80	0.0125000
NODE_7997_length_935_cov_24.316986	520	600	4	37	80	0.4625000
NODE_7997_length_935_cov_24.316986	520	600	6	37	80	0.4625000
NODE_7998_length_935_cov_19.221292	397	477	0	45	80	0.5625000
NODE_7998_length_935_cov_19.221292	397	477	2	1	80	0.0125000
NODE_7998_length_935_cov_19.221292	397	477	4	34	80	0.4250000
NODE_7998_length_935_cov_19.221292	450	530	4	80	80	1.0000000
NODE_7999_length_935_cov_15.016746	404	484	0	80	80	1.0000000
NODE_7999_length_935_cov_15.016746	457	537	0	80	80	1.0000000
NODE_8000_length_935_cov_13.138756	341	421	0	48	80	0.6000000
NODE_8000_length_935_cov_13.138756	341	421	1	8	80	0.1000000
NODE_8000_length_935_cov_13.138756	341	421	2	24	80	0.3000000
NODE_8000_length_935_cov_13.138756	394	474	1	3	80	0.0375000
NODE_8000_length_935_cov_13.138756	394	474	2	77	80	0.9625000
NODE_8002_length_935_cov_6.485646	512	592	0	80	80	1.0000000
NODE_8002_length_935_cov_6.485646	565	645	0	80	80	1.0000000
NODE_8003_length_935_cov_6.467703	250	330	0	80	80	1.0000000
NODE_8003_length_935_cov_6.467703	303	383	0	80	80	1.0000000
NODE_8004_length_935_cov_6.144737	478	558	0	80	80	1.0000000
NODE_8004_length_935_cov_6.144737	531	611	0	80	80	1.0000000
NODE_8005_length_935_cov_3.905502	39	119	6	70	80	0.8750000
NODE_8005_length_935_cov_3.905502	39	119	8	10	80	0.1250000
NODE_8005_length_935_cov_3.905502	92	166	2	5	74	0.0675676
NODE_8005_length_935_cov_3.905502	92	166	3	9	74	0.1216216
NODE_8005_length_935_cov_3.905502	92	166	4	15	74	0.2027027
NODE_8005_length_935_cov_3.905502	92	166	5	4	74	0.0540541
NODE_8005_length_935_cov_3.905502	92	166	6	31	74	0.4189189
NODE_8005_length_935_cov_3.905502	92	166	8	10	74	0.1351351
NODE_8028_length_934_cov_22.898204	403	483	0	80	80	1.0000000
NODE_8028_length_934_cov_22.898204	456	536	0	80	80	1.0000000
NODE_8029_length_934_cov_17.746108	246	326	0	29	80	0.3625000
NODE_8029_length_934_cov_17.746108	246	326	2	11	80	0.1375000
NODE_8029_length_934_cov_17.746108	246	326	4	40	80	0.5000000
NODE_8029_length_934_cov_17.746108	299	379	2	12	80	0.1500000
NODE_8029_length_934_cov_17.746108	299	379	4	68	80	0.8500000
NODE_8030_length_934_cov_16.049102	367	447	0	33	80	0.4125000
NODE_8030_length_934_cov_16.049102	367	447	2	47	80	0.5875000
NODE_8030_length_934_cov_16.049102	420	500	0	52	80	0.6500000
NODE_8030_length_934_cov_16.049102	420	500	2	28	80	0.3500000
NODE_8031_length_934_cov_13.738922	379	459	0	80	80	1.0000000
NODE_8031_length_934_cov_13.738922	432	459	0	27	27	1.0000000
NODE_8031_length_934_cov_13.738922	470	512	0	42	42	1.0000000
NODE_8032_length_934_cov_9.091018	407	487	0	14	80	0.1750000
NODE_8032_length_934_cov_9.091018	407	487	2	66	80	0.8250000
NODE_8032_length_934_cov_9.091018	460	540	0	46	80	0.5750000
NODE_8032_length_934_cov_9.091018	460	540	2	34	80	0.4250000
NODE_8034_length_934_cov_5.349701	583	663	0	80	80	1.0000000
NODE_8050_length_933_cov_36.557554	462	542	4	54	80	0.6750000
NODE_8050_length_933_cov_36.557554	462	542	6	26	80	0.3250000
NODE_8050_length_933_cov_36.557554	515	595	2	33	80	0.4125000
NODE_8050_length_933_cov_36.557554	515	595	4	45	80	0.5625000
NODE_8050_length_933_cov_36.557554	515	595	6	2	80	0.0250000
NODE_8051_length_933_cov_27.645084	476	556	3	12	80	0.1500000
NODE_8051_length_933_cov_27.645084	476	556	4	2	80	0.0250000
NODE_8051_length_933_cov_27.645084	476	556	6	3	80	0.0375000
NODE_8051_length_933_cov_27.645084	476	556	7	4	80	0.0500000
NODE_8051_length_933_cov_27.645084	476	556	8	11	80	0.1375000
NODE_8051_length_933_cov_27.645084	476	556	9	35	80	0.4375000
NODE_8051_length_933_cov_27.645084	476	556	10	13	80	0.1625000
NODE_8051_length_933_cov_27.645084	529	609	0	52	80	0.6500000
NODE_8051_length_933_cov_27.645084	529	609	1	1	80	0.0125000
NODE_8051_length_933_cov_27.645084	529	609	3	12	80	0.1500000
NODE_8051_length_933_cov_27.645084	529	609	4	2	80	0.0250000
NODE_8051_length_933_cov_27.645084	529	609	6	3	80	0.0375000
NODE_8051_length_933_cov_27.645084	529	609	7	4	80	0.0500000
NODE_8051_length_933_cov_27.645084	529	609	9	6	80	0.0750000
NODE_8052_length_933_cov_26.749400	611	691	0	52	80	0.6500000
NODE_8052_length_933_cov_26.749400	611	691	2	28	80	0.3500000
NODE_8052_length_933_cov_26.749400	664	744	0	8	80	0.1000000
NODE_8052_length_933_cov_26.749400	664	744	2	72	80	0.9000000
NODE_8053_length_933_cov_26.308153	430	510	0	80	80	1.0000000
NODE_8053_length_933_cov_26.308153	483	563	0	80	80	1.0000000
NODE_8054_length_933_cov_19.966427	444	530	0	86	86	1.0000000
NODE_8054_length_933_cov_19.966427	497	583	0	86	86	1.0000000
NODE_8055_length_933_cov_16.870504	284	364	0	80	80	1.0000000
NODE_8055_length_933_cov_16.870504	337	415	0	78	78	1.0000000
NODE_8056_length_933_cov_16.699041	366	446	2	80	80	1.0000000
NODE_8056_length_933_cov_16.699041	419	499	0	35	80	0.4375000
NODE_8056_length_933_cov_16.699041	419	499	1	1	80	0.0125000
NODE_8056_length_933_cov_16.699041	419	499	2	44	80	0.5500000
NODE_8057_length_933_cov_11.171463	197	277	0	2	80	0.0250000
NODE_8057_length_933_cov_11.171463	197	277	2	78	80	0.9750000
NODE_8057_length_933_cov_11.171463	250	330	0	55	80	0.6875000
NODE_8057_length_933_cov_11.171463	250	330	2	25	80	0.3125000
NODE_8073_length_932_cov_26.656663	397	477	0	80	80	1.0000000
NODE_8073_length_932_cov_26.656663	450	530	0	80	80	1.0000000
NODE_8074_length_932_cov_16.581032	407	485	6	78	78	1.0000000
NODE_8074_length_932_cov_16.581032	460	538	0	27	78	0.3461539
NODE_8074_length_932_cov_16.581032	460	538	6	51	78	0.6538461
NODE_8075_length_932_cov_13.462185	413	493	0	6	80	0.0750000
NODE_8075_length_932_cov_13.462185	413	493	4	8	80	0.1000000
NODE_8075_length_932_cov_13.462185	413	493	6	66	80	0.8250000
NODE_8075_length_932_cov_13.462185	466	546	0	11	80	0.1375000
NODE_8075_length_932_cov_13.462185	466	546	2	10	80	0.1250000
NODE_8075_length_932_cov_13.462185	466	546	4	36	80	0.4500000
NODE_8075_length_932_cov_13.462185	466	546	6	23	80	0.2875000
NODE_8076_length_932_cov_13.442977	386	466	2	26	80	0.3250000
NODE_8076_length_932_cov_13.442977	386	466	5	10	80	0.1250000
NODE_8076_length_932_cov_13.442977	386	466	6	44	80	0.5500000
NODE_8076_length_932_cov_13.442977	439	519	0	11	80	0.1375000
NODE_8076_length_932_cov_13.442977	439	519	4	36	80	0.4500000
NODE_8076_length_932_cov_13.442977	439	519	5	16	80	0.2000000
NODE_8076_length_932_cov_13.442977	439	519	6	17	80	0.2125000
NODE_8077_length_932_cov_11.947179	344	424	0	80	80	1.0000000
NODE_8077_length_932_cov_11.947179	397	477	0	80	80	1.0000000
NODE_8079_length_932_cov_10.849940	409	489	0	30	80	0.3750000
NODE_8079_length_932_cov_10.849940	409	489	6	29	80	0.3625000
NODE_8079_length_932_cov_10.849940	409	489	8	21	80	0.2625000
NODE_8079_length_932_cov_10.849940	462	542	6	6	80	0.0750000
NODE_8079_length_932_cov_10.849940	462	542	8	74	80	0.9250000
NODE_8080_length_932_cov_10.174070	342	422	0	13	80	0.1625000
NODE_8080_length_932_cov_10.174070	342	422	6	67	80	0.8375000
NODE_8080_length_932_cov_10.174070	395	475	6	80	80	1.0000000
NODE_8082_length_932_cov_9.200480	184	264	0	80	80	1.0000000
NODE_8082_length_932_cov_9.200480	237	317	0	80	80	1.0000000
NODE_8090_length_932_cov_2.689076	598	676	0	3	78	0.0384615
NODE_8090_length_932_cov_2.689076	598	676	2	75	78	0.9615384
NODE_8090_length_932_cov_2.689076	798	845	0	47	47	1.0000000
NODE_8103_length_931_cov_51.451923	320	400	2	80	80	1.0000000
NODE_8103_length_931_cov_51.451923	373	453	0	46	80	0.5750000
NODE_8103_length_931_cov_51.451923	373	453	2	34	80	0.4250000
NODE_8104_length_931_cov_46.621394	527	607	0	20	80	0.2500000
NODE_8104_length_931_cov_46.621394	527	607	2	19	80	0.2375000
NODE_8104_length_931_cov_46.621394	527	607	4	17	80	0.2125000
NODE_8104_length_931_cov_46.621394	527	607	6	24	80	0.3000000
NODE_8104_length_931_cov_46.621394	580	660	2	16	80	0.2000000
NODE_8104_length_931_cov_46.621394	580	660	4	19	80	0.2375000
NODE_8104_length_931_cov_46.621394	580	660	6	45	80	0.5625000
NODE_8105_length_931_cov_36.334135	347	427	0	14	80	0.1750000
NODE_8105_length_931_cov_36.334135	347	427	2	29	80	0.3625000
NODE_8105_length_931_cov_36.334135	347	427	6	37	80	0.4625000
NODE_8105_length_931_cov_36.334135	400	480	4	44	80	0.5500000
NODE_8105_length_931_cov_36.334135	400	480	6	36	80	0.4500000
NODE_8106_length_931_cov_32.495192	482	562	0	22	80	0.2750000
NODE_8106_length_931_cov_32.495192	482	562	6	4	80	0.0500000
NODE_8106_length_931_cov_32.495192	482	562	7	54	80	0.6750000
NODE_8106_length_931_cov_32.495192	535	617	0	18	82	0.2195122
NODE_8106_length_931_cov_32.495192	535	617	6	7	82	0.0853659
NODE_8106_length_931_cov_32.495192	535	617	7	57	82	0.6951219
NODE_8107_length_931_cov_22.100962	375	455	8	4	80	0.0500000
NODE_8107_length_931_cov_22.100962	375	455	25	19	80	0.2375000
NODE_8107_length_931_cov_22.100962	375	455	27	57	80	0.7125000
NODE_8107_length_931_cov_22.100962	428	508	0	42	80	0.5250000
NODE_8107_length_931_cov_22.100962	428	508	6	8	80	0.1000000
NODE_8107_length_931_cov_22.100962	428	508	8	7	80	0.0875000
NODE_8107_length_931_cov_22.100962	428	508	25	19	80	0.2375000
NODE_8107_length_931_cov_22.100962	428	508	27	4	80	0.0500000
NODE_8108_length_931_cov_21.781250	347	427	0	80	80	1.0000000
NODE_8108_length_931_cov_21.781250	400	480	0	80	80	1.0000000
NODE_8109_length_931_cov_19.084135	411	491	0	15	80	0.1875000
NODE_8109_length_931_cov_19.084135	411	491	4	65	80	0.8125000
NODE_8109_length_931_cov_19.084135	464	544	0	19	80	0.2375000
NODE_8109_length_931_cov_19.084135	464	544	4	61	80	0.7625000
NODE_8110_length_931_cov_14.879808	444	524	0	34	80	0.4250000
NODE_8110_length_931_cov_14.879808	444	524	4	9	80	0.1125000
NODE_8110_length_931_cov_14.879808	444	524	8	37	80	0.4625000
NODE_8110_length_931_cov_14.879808	497	577	8	80	80	1.0000000
NODE_8111_length_931_cov_13.087740	759	800	2	4	41	0.0975610
NODE_8111_length_931_cov_13.087740	759	800	4	37	41	0.9024390
NODE_8112_length_931_cov_10.534856	399	479	0	80	80	1.0000000
NODE_8112_length_931_cov_10.534856	452	532	0	80	80	1.0000000
NODE_8113_length_931_cov_9.865385	236	316	0	18	80	0.2250000
NODE_8113_length_931_cov_9.865385	236	316	6	62	80	0.7750000
NODE_8113_length_931_cov_9.865385	289	369	0	19	80	0.2375000
NODE_8113_length_931_cov_9.865385	289	369	6	61	80	0.7625000
NODE_8115_length_931_cov_6.201923	479	559	1	4	80	0.0500000
NODE_8115_length_931_cov_6.201923	479	559	2	58	80	0.7250000
NODE_8115_length_931_cov_6.201923	479	559	3	18	80	0.2250000
NODE_8115_length_931_cov_6.201923	532	612	1	4	80	0.0500000
NODE_8115_length_931_cov_6.201923	532	612	2	62	80	0.7750000
NODE_8115_length_931_cov_6.201923	532	612	3	14	80	0.1750000
NODE_8124_length_931_cov_1.780048	832	902	0	70	70	1.0000000
NODE_8126_length_931_cov_1.433894	220	284	4	14	64	0.2187500
NODE_8126_length_931_cov_1.433894	220	284	6	46	64	0.7187500
NODE_8126_length_931_cov_1.433894	220	284	10	4	64	0.0625000
NODE_8131_length_930_cov_49.052948	252	332	0	36	80	0.4500000
NODE_8131_length_930_cov_49.052948	252	332	4	44	80	0.5500000
NODE_8131_length_930_cov_49.052948	305	385	4	80	80	1.0000000
NODE_8131_length_930_cov_49.052948	381	462	0	4	81	0.0493827
NODE_8131_length_930_cov_49.052948	381	462	4	26	81	0.3209876
NODE_8131_length_930_cov_49.052948	381	462	12	4	81	0.0493827
NODE_8131_length_930_cov_49.052948	381	462	14	5	81	0.0617284
NODE_8131_length_930_cov_49.052948	381	462	16	42	81	0.5185185
NODE_8131_length_930_cov_49.052948	435	515	12	3	80	0.0375000
NODE_8131_length_930_cov_49.052948	435	515	16	77	80	0.9625000
NODE_8132_length_930_cov_31.510229	400	482	0	8	82	0.0975610
NODE_8132_length_930_cov_31.510229	400	482	7	2	82	0.0243902
NODE_8132_length_930_cov_31.510229	400	482	8	14	82	0.1707317
NODE_8132_length_930_cov_31.510229	400	482	10	58	82	0.7073171
NODE_8132_length_930_cov_31.510229	453	535	0	61	82	0.7439024
NODE_8132_length_930_cov_31.510229	453	535	7	2	82	0.0243902
NODE_8132_length_930_cov_31.510229	453	535	8	14	82	0.1707317
NODE_8132_length_930_cov_31.510229	453	535	10	5	82	0.0609756
NODE_8133_length_930_cov_29.139591	329	409	0	68	80	0.8500000
NODE_8133_length_930_cov_29.139591	329	409	2	12	80	0.1500000
NODE_8133_length_930_cov_29.139591	382	462	0	15	80	0.1875000
NODE_8133_length_930_cov_29.139591	382	462	2	65	80	0.8125000
NODE_8134_length_930_cov_24.787004	518	598	0	80	80	1.0000000
NODE_8134_length_930_cov_24.787004	571	651	0	80	80	1.0000000
NODE_8135_length_930_cov_24.608905	300	380	4	42	80	0.5250000
NODE_8135_length_930_cov_24.608905	300	380	6	38	80	0.4750000
NODE_8135_length_930_cov_24.608905	353	433	0	2	80	0.0250000
NODE_8135_length_930_cov_24.608905	353	433	2	40	80	0.5000000
NODE_8135_length_930_cov_24.608905	353	433	6	38	80	0.4750000
NODE_8136_length_930_cov_16.494585	482	562	0	23	80	0.2875000
NODE_8136_length_930_cov_16.494585	482	562	2	57	80	0.7125000
NODE_8136_length_930_cov_16.494585	535	615	0	34	80	0.4250000
NODE_8136_length_930_cov_16.494585	535	615	2	46	80	0.5750000
NODE_8137_length_930_cov_13.296029	249	329	6	7	80	0.0875000
NODE_8137_length_930_cov_13.296029	249	329	8	16	80	0.2000000
NODE_8137_length_930_cov_13.296029	249	329	9	12	80	0.1500000
NODE_8137_length_930_cov_13.296029	249	329	10	45	80	0.5625000
NODE_8137_length_930_cov_13.296029	302	382	2	10	80	0.1250000
NODE_8137_length_930_cov_13.296029	302	382	4	1	80	0.0125000
NODE_8137_length_930_cov_13.296029	302	382	8	23	80	0.2875000
NODE_8137_length_930_cov_13.296029	302	382	9	1	80	0.0125000
NODE_8137_length_930_cov_13.296029	302	382	10	45	80	0.5625000
NODE_8137_length_930_cov_13.296029	378	458	0	24	80	0.3000000
NODE_8137_length_930_cov_13.296029	378	458	1	12	80	0.1500000
NODE_8137_length_930_cov_13.296029	378	458	2	44	80	0.5500000
NODE_8137_length_930_cov_13.296029	431	511	0	77	80	0.9625000
NODE_8137_length_930_cov_13.296029	431	511	1	3	80	0.0375000
NODE_8138_length_930_cov_11.758123	463	543	0	43	80	0.5375000
NODE_8138_length_930_cov_11.758123	463	543	3	37	80	0.4625000
NODE_8138_length_930_cov_11.758123	516	596	3	39	80	0.4875000
NODE_8138_length_930_cov_11.758123	516	596	6	41	80	0.5125000
NODE_8139_length_930_cov_7.576414	531	611	0	25	80	0.3125000
NODE_8139_length_930_cov_7.576414	531	611	2	55	80	0.6875000
NODE_8139_length_930_cov_7.576414	584	664	0	41	80	0.5125000
NODE_8139_length_930_cov_7.576414	584	664	2	39	80	0.4875000
NODE_8156_length_930_cov_0.821901	676	736	0	60	60	1.0000000
NODE_8157_length_929_cov_54.485542	313	393	2	17	80	0.2125000
NODE_8157_length_929_cov_54.485542	313	393	5	1	80	0.0125000
NODE_8157_length_929_cov_54.485542	313	393	6	62	80	0.7750000
NODE_8157_length_929_cov_54.485542	366	446	0	6	80	0.0750000
NODE_8157_length_929_cov_54.485542	366	446	2	64	80	0.8000000
NODE_8157_length_929_cov_54.485542	366	446	5	1	80	0.0125000
NODE_8157_length_929_cov_54.485542	366	446	6	9	80	0.1125000
NODE_8157_length_929_cov_54.485542	442	522	0	80	80	1.0000000
NODE_8157_length_929_cov_54.485542	495	575	0	80	80	1.0000000
NODE_8158_length_929_cov_49.865060	429	509	0	53	80	0.6625000
NODE_8158_length_929_cov_49.865060	429	509	2	1	80	0.0125000
NODE_8158_length_929_cov_49.865060	429	509	3	14	80	0.1750000
NODE_8158_length_929_cov_49.865060	429	509	5	3	80	0.0375000
NODE_8158_length_929_cov_49.865060	429	509	7	1	80	0.0125000
NODE_8158_length_929_cov_49.865060	429	509	8	8	80	0.1000000
NODE_8158_length_929_cov_49.865060	482	562	2	1	80	0.0125000
NODE_8158_length_929_cov_49.865060	482	562	3	14	80	0.1750000
NODE_8158_length_929_cov_49.865060	482	562	5	3	80	0.0375000
NODE_8158_length_929_cov_49.865060	482	562	7	1	80	0.0125000
NODE_8158_length_929_cov_49.865060	482	562	8	27	80	0.3375000
NODE_8158_length_929_cov_49.865060	482	562	9	34	80	0.4250000
NODE_8159_length_929_cov_34.634940	358	438	0	80	80	1.0000000
NODE_8159_length_929_cov_34.634940	411	491	0	80	80	1.0000000
NODE_8161_length_929_cov_20.815663	365	445	2	1	80	0.0125000
NODE_8161_length_929_cov_20.815663	365	445	3	40	80	0.5000000
NODE_8161_length_929_cov_20.815663	365	445	4	39	80	0.4875000
NODE_8161_length_929_cov_20.815663	418	498	3	69	80	0.8625000
NODE_8161_length_929_cov_20.815663	418	498	4	11	80	0.1375000
NODE_8162_length_929_cov_17.798795	376	456	0	39	80	0.4875000
NODE_8162_length_929_cov_17.798795	376	456	1	9	80	0.1125000
NODE_8162_length_929_cov_17.798795	376	456	3	13	80	0.1625000
NODE_8162_length_929_cov_17.798795	376	456	4	19	80	0.2375000
NODE_8162_length_929_cov_17.798795	429	509	3	8	80	0.1000000
NODE_8162_length_929_cov_17.798795	429	509	4	72	80	0.9000000
NODE_8163_length_929_cov_16.622892	331	408	0	77	77	1.0000000
NODE_8163_length_929_cov_16.622892	381	461	0	80	80	1.0000000
NODE_8163_length_929_cov_16.622892	457	537	0	35	80	0.4375000
NODE_8163_length_929_cov_16.622892	457	537	2	27	80	0.3375000
NODE_8163_length_929_cov_16.622892	457	537	6	18	80	0.2250000
NODE_8163_length_929_cov_16.622892	510	590	2	9	80	0.1125000
NODE_8163_length_929_cov_16.622892	510	590	6	71	80	0.8875000
NODE_8164_length_929_cov_15.242169	302	382	2	26	80	0.3250000
NODE_8164_length_929_cov_15.242169	302	382	4	19	80	0.2375000
NODE_8164_length_929_cov_15.242169	302	382	6	35	80	0.4375000
NODE_8164_length_929_cov_15.242169	355	435	4	47	80	0.5875000
NODE_8164_length_929_cov_15.242169	355	435	6	33	80	0.4125000
NODE_8164_length_929_cov_15.242169	431	511	0	14	80	0.1750000
NODE_8164_length_929_cov_15.242169	431	511	2	30	80	0.3750000
NODE_8164_length_929_cov_15.242169	431	511	4	36	80	0.4500000
NODE_8164_length_929_cov_15.242169	484	564	0	67	80	0.8375000
NODE_8164_length_929_cov_15.242169	484	564	2	13	80	0.1625000
NODE_8165_length_929_cov_13.197590	259	339	2	80	80	1.0000000
NODE_8165_length_929_cov_13.197590	312	392	0	21	80	0.2625000
NODE_8165_length_929_cov_13.197590	312	392	2	59	80	0.7375000
NODE_8167_length_929_cov_7.766265	385	465	1	5	80	0.0625000
NODE_8167_length_929_cov_7.766265	385	465	2	8	80	0.1000000
NODE_8167_length_929_cov_7.766265	385	465	3	67	80	0.8375000
NODE_8167_length_929_cov_7.766265	438	518	2	51	80	0.6375000
NODE_8167_length_929_cov_7.766265	438	518	3	29	80	0.3625000
NODE_8168_length_929_cov_5.750602	382	462	8	80	80	1.0000000
NODE_8168_length_929_cov_5.750602	435	515	0	6	80	0.0750000
NODE_8168_length_929_cov_5.750602	435	515	8	74	80	0.9250000
NODE_8181_length_928_cov_35.226779	273	353	0	80	80	1.0000000
NODE_8181_length_928_cov_35.226779	326	406	0	28	80	0.3500000
NODE_8181_length_928_cov_35.226779	326	406	4	52	80	0.6500000
NODE_8181_length_928_cov_35.226779	402	482	4	25	80	0.3125000
NODE_8181_length_928_cov_35.226779	402	482	8	39	80	0.4875000
NODE_8181_length_928_cov_35.226779	402	482	10	16	80	0.2000000
NODE_8181_length_928_cov_35.226779	455	535	6	32	80	0.4000000
NODE_8181_length_928_cov_35.226779	455	535	8	11	80	0.1375000
NODE_8181_length_928_cov_35.226779	455	535	10	37	80	0.4625000
NODE_8182_length_928_cov_25.218335	299	379	0	58	80	0.7250000
NODE_8182_length_928_cov_25.218335	299	379	2	22	80	0.2750000
NODE_8182_length_928_cov_25.218335	352	432	0	5	80	0.0625000
NODE_8182_length_928_cov_25.218335	352	432	2	75	80	0.9375000
NODE_8183_length_928_cov_22.815440	342	422	0	80	80	1.0000000
NODE_8183_length_928_cov_22.815440	395	475	0	80	80	1.0000000
NODE_8183_length_928_cov_22.815440	471	551	0	80	80	1.0000000
NODE_8183_length_928_cov_22.815440	524	604	0	80	80	1.0000000
NODE_8184_length_928_cov_20.718938	365	445	0	80	80	1.0000000
NODE_8184_length_928_cov_20.718938	418	498	0	80	80	1.0000000
NODE_8185_length_928_cov_19.418577	420	500	7	17	80	0.2125000
NODE_8185_length_928_cov_19.418577	420	500	9	7	80	0.0875000
NODE_8185_length_928_cov_19.418577	420	500	10	56	80	0.7000000
NODE_8185_length_928_cov_19.418577	473	553	2	42	80	0.5250000
NODE_8185_length_928_cov_19.418577	473	553	4	7	80	0.0875000
NODE_8185_length_928_cov_19.418577	473	553	8	4	80	0.0500000
NODE_8185_length_928_cov_19.418577	473	553	10	27	80	0.3375000
NODE_8185_length_928_cov_19.418577	549	591	1	29	42	0.6904762
NODE_8185_length_928_cov_19.418577	549	591	2	13	42	0.3095238
NODE_8186_length_928_cov_13.354644	323	403	2	80	80	1.0000000
NODE_8186_length_928_cov_13.354644	376	456	0	4	80	0.0500000
NODE_8186_length_928_cov_13.354644	376	456	2	76	80	0.9500000
NODE_8187_length_928_cov_13.096502	361	441	4	48	80	0.6000000
NODE_8187_length_928_cov_13.096502	361	441	6	3	80	0.0375000
NODE_8187_length_928_cov_13.096502	361	441	8	29	80	0.3625000
NODE_8187_length_928_cov_13.096502	414	494	4	40	80	0.5000000
NODE_8187_length_928_cov_13.096502	414	494	6	16	80	0.2000000
NODE_8187_length_928_cov_13.096502	414	494	8	24	80	0.3000000
NODE_8189_length_928_cov_10.399276	447	527	0	63	80	0.7875000
NODE_8189_length_928_cov_10.399276	447	527	2	17	80	0.2125000
NODE_8189_length_928_cov_10.399276	500	580	0	10	80	0.1250000
NODE_8189_length_928_cov_10.399276	500	580	2	53	80	0.6625000
NODE_8189_length_928_cov_10.399276	500	580	4	17	80	0.2125000
NODE_8207_length_927_cov_19.516908	398	478	2	62	80	0.7750000
NODE_8207_length_927_cov_19.516908	398	478	4	18	80	0.2250000
NODE_8207_length_927_cov_19.516908	451	531	0	3	80	0.0375000
NODE_8207_length_927_cov_19.516908	451	531	2	77	80	0.9625000
NODE_8208_length_927_cov_11.190821	358	438	0	32	80	0.4000000
NODE_8208_length_927_cov_11.190821	358	438	2	7	80	0.0875000
NODE_8208_length_927_cov_11.190821	358	438	3	10	80	0.1250000
NODE_8208_length_927_cov_11.190821	358	438	4	31	80	0.3875000
NODE_8208_length_927_cov_11.190821	411	491	4	80	80	1.0000000
NODE_8209_length_927_cov_8.123188	239	319	0	20	80	0.2500000
NODE_8209_length_927_cov_8.123188	239	319	2	60	80	0.7500000
NODE_8209_length_927_cov_8.123188	292	372	0	57	80	0.7125000
NODE_8209_length_927_cov_8.123188	292	372	2	23	80	0.2875000
NODE_8210_length_927_cov_4.585749	515	595	0	80	80	1.0000000
NODE_8210_length_927_cov_4.585749	568	648	0	80	80	1.0000000
NODE_8222_length_927_cov_1.250000	626	706	1	16	80	0.2000000
NODE_8222_length_927_cov_1.250000	626	706	2	64	80	0.8000000
NODE_8222_length_927_cov_1.250000	679	759	0	33	80	0.4125000
NODE_8222_length_927_cov_1.250000	679	759	1	36	80	0.4500000
NODE_8222_length_927_cov_1.250000	679	759	2	11	80	0.1375000
NODE_8227_length_926_cov_78.382104	433	513	0	27	80	0.3375000
NODE_8227_length_926_cov_78.382104	433	513	8	53	80	0.6625000
NODE_8227_length_926_cov_78.382104	486	566	0	18	80	0.2250000
NODE_8227_length_926_cov_78.382104	486	566	8	62	80	0.7750000
NODE_8228_length_926_cov_44.385732	383	463	4	48	80	0.6000000
NODE_8228_length_926_cov_44.385732	383	463	6	30	80	0.3750000
NODE_8228_length_926_cov_44.385732	383	463	8	2	80	0.0250000
NODE_8228_length_926_cov_44.385732	436	516	4	23	80	0.2875000
NODE_8228_length_926_cov_44.385732	436	516	6	55	80	0.6875000
NODE_8228_length_926_cov_44.385732	436	516	8	2	80	0.0250000
NODE_8229_length_926_cov_43.446191	362	442	0	46	80	0.5750000
NODE_8229_length_926_cov_43.446191	362	442	2	3	80	0.0375000
NODE_8229_length_926_cov_43.446191	362	442	4	31	80	0.3875000
NODE_8229_length_926_cov_43.446191	415	495	2	13	80	0.1625000
NODE_8229_length_926_cov_43.446191	415	495	4	67	80	0.8375000
NODE_8229_length_926_cov_43.446191	491	571	0	74	80	0.9250000
NODE_8229_length_926_cov_43.446191	491	571	2	6	80	0.0750000
NODE_8229_length_926_cov_43.446191	544	624	0	80	80	1.0000000
NODE_8230_length_926_cov_40.163241	42	61	0	19	19	1.0000000
NODE_8230_length_926_cov_40.163241	279	359	0	80	80	1.0000000
NODE_8230_length_926_cov_40.163241	332	412	0	80	80	1.0000000
NODE_8230_length_926_cov_40.163241	408	488	0	80	80	1.0000000
NODE_8230_length_926_cov_40.163241	461	541	0	80	80	1.0000000
NODE_8231_length_926_cov_29.923821	372	452	0	34	80	0.4250000
NODE_8231_length_926_cov_29.923821	372	452	2	46	80	0.5750000
NODE_8231_length_926_cov_29.923821	425	505	0	80	80	1.0000000
NODE_8232_length_926_cov_24.657799	350	430	0	34	80	0.4250000
NODE_8232_length_926_cov_24.657799	350	430	2	1	80	0.0125000
NODE_8232_length_926_cov_24.657799	350	430	10	45	80	0.5625000
NODE_8232_length_926_cov_24.657799	403	483	10	41	80	0.5125000
NODE_8232_length_926_cov_24.657799	403	483	12	39	80	0.4875000
NODE_8233_length_926_cov_17.438936	360	440	0	21	80	0.2625000
NODE_8233_length_926_cov_17.438936	360	440	4	59	80	0.7375000
NODE_8233_length_926_cov_17.438936	413	493	0	74	80	0.9250000
NODE_8233_length_926_cov_17.438936	413	493	4	6	80	0.0750000
NODE_8234_length_926_cov_12.413543	418	491	4	12	73	0.1643836
NODE_8234_length_926_cov_12.413543	418	491	6	61	73	0.8356164
NODE_8234_length_926_cov_12.413543	464	544	2	51	80	0.6375000
NODE_8234_length_926_cov_12.413543	464	544	6	29	80	0.3625000
NODE_8235_length_926_cov_5.771463	453	533	3	11	80	0.1375000
NODE_8235_length_926_cov_5.771463	453	533	6	36	80	0.4500000
NODE_8235_length_926_cov_5.771463	453	533	8	5	80	0.0625000
NODE_8235_length_926_cov_5.771463	453	533	12	28	80	0.3500000
NODE_8235_length_926_cov_5.771463	505	586	7	1	81	0.0123457
NODE_8235_length_926_cov_5.771463	505	586	9	4	81	0.0493827
NODE_8235_length_926_cov_5.771463	505	586	12	76	81	0.9382716
NODE_8236_length_926_cov_5.209190	435	515	0	80	80	1.0000000
NODE_8236_length_926_cov_5.209190	488	568	0	80	80	1.0000000
NODE_8247_length_925_cov_40.767554	514	594	8	44	80	0.5500000
NODE_8247_length_925_cov_40.767554	514	594	10	17	80	0.2125000
NODE_8247_length_925_cov_40.767554	514	594	16	19	80	0.2375000
NODE_8247_length_925_cov_40.767554	567	647	7	14	80	0.1750000
NODE_8247_length_925_cov_40.767554	567	647	9	3	80	0.0375000
NODE_8247_length_925_cov_40.767554	567	647	10	8	80	0.1000000
NODE_8247_length_925_cov_40.767554	567	647	15	1	80	0.0125000
NODE_8247_length_925_cov_40.767554	567	647	16	54	80	0.6750000
NODE_8248_length_925_cov_30.226392	262	342	0	80	80	1.0000000
NODE_8248_length_925_cov_30.226392	315	395	0	44	80	0.5500000
NODE_8248_length_925_cov_30.226392	315	395	2	30	80	0.3750000
NODE_8248_length_925_cov_30.226392	315	395	6	6	80	0.0750000
NODE_8248_length_925_cov_30.226392	391	471	6	80	80	1.0000000
NODE_8248_length_925_cov_30.226392	444	524	4	19	80	0.2375000
NODE_8248_length_925_cov_30.226392	444	524	6	61	80	0.7625000
NODE_8249_length_925_cov_22.075061	334	414	2	9	80	0.1125000
NODE_8249_length_925_cov_22.075061	334	414	4	25	80	0.3125000
NODE_8249_length_925_cov_22.075061	334	414	8	18	80	0.2250000
NODE_8249_length_925_cov_22.075061	334	414	10	28	80	0.3500000
NODE_8249_length_925_cov_22.075061	387	467	2	13	80	0.1625000
NODE_8249_length_925_cov_22.075061	387	467	4	67	80	0.8375000
NODE_8250_length_925_cov_18.164649	410	490	4	80	80	1.0000000
NODE_8250_length_925_cov_18.164649	464	543	0	45	79	0.5696203
NODE_8250_length_925_cov_18.164649	464	543	2	7	79	0.0886076
NODE_8250_length_925_cov_18.164649	464	543	4	27	79	0.3417721
NODE_8251_length_925_cov_14.067797	472	548	0	76	76	1.0000000
NODE_8251_length_925_cov_14.067797	525	601	0	25	76	0.3289474
NODE_8251_length_925_cov_14.067797	525	601	2	51	76	0.6710526
NODE_8252_length_925_cov_7.098063	418	498	0	15	80	0.1875000
NODE_8252_length_925_cov_7.098063	418	498	2	65	80	0.8125000
NODE_8252_length_925_cov_7.098063	471	551	0	9	80	0.1125000
NODE_8252_length_925_cov_7.098063	471	551	2	71	80	0.8875000
NODE_8266_length_924_cov_61.292121	397	477	2	57	80	0.7125000
NODE_8266_length_924_cov_61.292121	397	477	4	23	80	0.2875000
NODE_8266_length_924_cov_61.292121	450	530	2	35	80	0.4375000
NODE_8266_length_924_cov_61.292121	450	530	4	45	80	0.5625000
NODE_8267_length_924_cov_31.522424	375	455	0	38	80	0.4750000
NODE_8267_length_924_cov_31.522424	375	455	2	42	80	0.5250000
NODE_8267_length_924_cov_31.522424	428	508	2	80	80	1.0000000
NODE_8268_length_924_cov_30.446061	299	379	7	19	80	0.2375000
NODE_8268_length_924_cov_30.446061	299	379	9	55	80	0.6875000
NODE_8268_length_924_cov_30.446061	299	379	11	1	80	0.0125000
NODE_8268_length_924_cov_30.446061	299	379	13	5	80	0.0625000
NODE_8268_length_924_cov_30.446061	352	432	4	22	80	0.2750000
NODE_8268_length_924_cov_30.446061	352	432	7	28	80	0.3500000
NODE_8268_length_924_cov_30.446061	352	432	9	2	80	0.0250000
NODE_8268_length_924_cov_30.446061	352	432	10	22	80	0.2750000
NODE_8268_length_924_cov_30.446061	352	432	11	1	80	0.0125000
NODE_8268_length_924_cov_30.446061	352	432	13	5	80	0.0625000
NODE_8268_length_924_cov_30.446061	428	508	8	37	80	0.4625000
NODE_8268_length_924_cov_30.446061	428	508	10	41	80	0.5125000
NODE_8268_length_924_cov_30.446061	428	508	12	2	80	0.0250000
NODE_8268_length_924_cov_30.446061	481	561	0	1	80	0.0125000
NODE_8268_length_924_cov_30.446061	481	561	2	19	80	0.2375000
NODE_8268_length_924_cov_30.446061	481	561	4	22	80	0.2750000
NODE_8268_length_924_cov_30.446061	481	561	8	38	80	0.4750000
NODE_8269_length_924_cov_28.877576	542	622	0	80	80	1.0000000
NODE_8269_length_924_cov_28.877576	595	675	0	80	80	1.0000000
NODE_8270_length_924_cov_27.261818	506	586	8	3	80	0.0375000
NODE_8270_length_924_cov_27.261818	506	586	10	14	80	0.1750000
NODE_8270_length_924_cov_27.261818	506	586	12	63	80	0.7875000
NODE_8270_length_924_cov_27.261818	559	639	0	2	80	0.0250000
NODE_8270_length_924_cov_27.261818	559	639	4	5	80	0.0625000
NODE_8270_length_924_cov_27.261818	559	639	6	5	80	0.0625000
NODE_8270_length_924_cov_27.261818	559	639	10	36	80	0.4500000
NODE_8270_length_924_cov_27.261818	559	639	12	32	80	0.4000000
NODE_8271_length_924_cov_25.946667	371	451	2	18	80	0.2250000
NODE_8271_length_924_cov_25.946667	371	451	6	62	80	0.7750000
NODE_8271_length_924_cov_25.946667	424	504	0	32	80	0.4000000
NODE_8271_length_924_cov_25.946667	424	504	2	39	80	0.4875000
NODE_8271_length_924_cov_25.946667	424	504	6	9	80	0.1125000
NODE_8271_length_924_cov_25.946667	500	580	0	8	80	0.1000000
NODE_8271_length_924_cov_25.946667	500	580	2	23	80	0.2875000
NODE_8271_length_924_cov_25.946667	500	580	4	49	80	0.6125000
NODE_8271_length_924_cov_25.946667	553	633	4	80	80	1.0000000
NODE_8272_length_924_cov_25.113939	305	385	0	80	80	1.0000000
NODE_8272_length_924_cov_25.113939	358	438	0	80	80	1.0000000
NODE_8272_length_924_cov_25.113939	434	514	0	80	80	1.0000000
NODE_8272_length_924_cov_25.113939	487	567	0	80	80	1.0000000
NODE_8273_length_924_cov_16.343030	481	561	0	80	80	1.0000000
NODE_8273_length_924_cov_16.343030	534	614	0	80	80	1.0000000
NODE_8274_length_924_cov_14.793939	299	379	2	5	80	0.0625000
NODE_8274_length_924_cov_14.793939	299	379	4	10	80	0.1250000
NODE_8274_length_924_cov_14.793939	299	379	6	19	80	0.2375000
NODE_8274_length_924_cov_14.793939	299	379	8	46	80	0.5750000
NODE_8274_length_924_cov_14.793939	352	432	0	4	80	0.0500000
NODE_8274_length_924_cov_14.793939	352	432	2	12	80	0.1500000
NODE_8274_length_924_cov_14.793939	352	432	4	9	80	0.1125000
NODE_8274_length_924_cov_14.793939	352	432	6	8	80	0.1000000
NODE_8274_length_924_cov_14.793939	352	432	8	47	80	0.5875000
NODE_8275_length_924_cov_14.209697	485	562	0	31	77	0.4025974
NODE_8275_length_924_cov_14.209697	485	562	2	46	77	0.5974026
NODE_8275_length_924_cov_14.209697	535	615	0	2	80	0.0250000
NODE_8275_length_924_cov_14.209697	535	615	2	78	80	0.9750000
NODE_8276_length_924_cov_13.423030	287	367	0	80	80	1.0000000
NODE_8276_length_924_cov_13.423030	340	420	0	80	80	1.0000000
NODE_8277_length_924_cov_12.008485	237	307	0	70	70	1.0000000
NODE_8279_length_924_cov_8.619394	560	640	4	29	80	0.3625000
NODE_8279_length_924_cov_8.619394	560	640	6	51	80	0.6375000
NODE_8279_length_924_cov_8.619394	613	693	4	14	80	0.1750000
NODE_8279_length_924_cov_8.619394	613	693	6	66	80	0.8250000
NODE_8280_length_924_cov_4.640000	426	506	2	80	80	1.0000000
NODE_8280_length_924_cov_4.640000	479	559	0	44	80	0.5500000
NODE_8280_length_924_cov_4.640000	479	559	2	36	80	0.4500000
NODE_8290_length_924_cov_1.467879	352	381	0	29	29	1.0000000
NODE_8296_length_924_cov_0.648485	830	890	0	60	60	1.0000000
NODE_8296_length_924_cov_0.648485	863	924	0	61	61	1.0000000
NODE_8297_length_923_cov_43.213592	371	451	0	72	80	0.9000000
NODE_8297_length_923_cov_43.213592	371	451	2	8	80	0.1000000
NODE_8297_length_923_cov_43.213592	424	504	0	19	80	0.2375000
NODE_8297_length_923_cov_43.213592	424	504	2	61	80	0.7625000
NODE_8297_length_923_cov_43.213592	500	580	0	8	80	0.1000000
NODE_8297_length_923_cov_43.213592	500	580	2	72	80	0.9000000
NODE_8297_length_923_cov_43.213592	553	633	0	61	80	0.7625000
NODE_8297_length_923_cov_43.213592	553	633	2	19	80	0.2375000
NODE_8298_length_923_cov_34.108010	370	450	0	7	80	0.0875000
NODE_8298_length_923_cov_34.108010	370	450	2	73	80	0.9125000
NODE_8298_length_923_cov_34.108010	423	503	0	7	80	0.0875000
NODE_8298_length_923_cov_34.108010	423	503	2	73	80	0.9125000
NODE_8299_length_923_cov_29.163835	392	472	2	54	80	0.6750000
NODE_8299_length_923_cov_29.163835	392	472	4	26	80	0.3250000
NODE_8299_length_923_cov_29.163835	445	525	2	50	80	0.6250000
NODE_8299_length_923_cov_29.163835	445	525	4	30	80	0.3750000
NODE_8300_length_923_cov_19.139563	375	455	0	80	80	1.0000000
NODE_8300_length_923_cov_19.139563	428	508	0	80	80	1.0000000
NODE_8301_length_923_cov_17.433252	512	592	0	16	80	0.2000000
NODE_8301_length_923_cov_17.433252	512	592	2	64	80	0.8000000
NODE_8301_length_923_cov_17.433252	565	645	0	69	80	0.8625000
NODE_8301_length_923_cov_17.433252	565	645	2	11	80	0.1375000
NODE_8302_length_923_cov_16.597087	279	359	4	60	80	0.7500000
NODE_8302_length_923_cov_16.597087	279	359	6	11	80	0.1375000
NODE_8302_length_923_cov_16.597087	279	359	8	9	80	0.1125000
NODE_8302_length_923_cov_16.597087	332	412	2	2	80	0.0250000
NODE_8302_length_923_cov_16.597087	332	412	4	7	80	0.0875000
NODE_8302_length_923_cov_16.597087	332	412	6	14	80	0.1750000
NODE_8302_length_923_cov_16.597087	332	412	8	57	80	0.7125000
NODE_8303_length_923_cov_15.229369	446	526	0	58	80	0.7250000
NODE_8303_length_923_cov_15.229369	446	526	2	22	80	0.2750000
NODE_8303_length_923_cov_15.229369	499	579	0	5	80	0.0625000
NODE_8303_length_923_cov_15.229369	499	579	2	75	80	0.9375000
NODE_8304_length_923_cov_14.007282	304	349	0	45	45	1.0000000
NODE_8304_length_923_cov_14.007282	345	427	0	82	82	1.0000000
NODE_8304_length_923_cov_14.007282	397	480	0	83	83	1.0000000
NODE_8305_length_923_cov_6.500000	308	388	2	80	80	1.0000000
NODE_8305_length_923_cov_6.500000	361	441	0	29	80	0.3625000
NODE_8305_length_923_cov_6.500000	361	441	2	51	80	0.6375000
NODE_8307_length_923_cov_6.115291	447	527	0	80	80	1.0000000
NODE_8307_length_923_cov_6.115291	500	580	0	80	80	1.0000000
NODE_8308_length_923_cov_5.351942	363	445	0	82	82	1.0000000
NODE_8308_length_923_cov_5.351942	365	445	0	80	80	1.0000000
NODE_8317_length_923_cov_1.059466	63	143	2	80	80	1.0000000
NODE_8320_length_922_cov_40.331713	243	289	21	3	46	0.0652174
NODE_8320_length_922_cov_40.331713	243	289	22	1	46	0.0217391
NODE_8320_length_922_cov_40.331713	243	289	23	17	46	0.3695652
NODE_8320_length_922_cov_40.331713	243	289	25	2	46	0.0434783
NODE_8320_length_922_cov_40.331713	243	289	31	1	46	0.0217391
NODE_8320_length_922_cov_40.331713	243	289	35	1	46	0.0217391
NODE_8320_length_922_cov_40.331713	243	289	37	4	46	0.0869565
NODE_8320_length_922_cov_40.331713	243	289	38	1	46	0.0217391
NODE_8320_length_922_cov_40.331713	243	289	41	3	46	0.0652174
NODE_8320_length_922_cov_40.331713	243	289	43	4	46	0.0869565
NODE_8320_length_922_cov_40.331713	243	289	45	1	46	0.0217391
NODE_8320_length_922_cov_40.331713	243	289	46	1	46	0.0217391
NODE_8320_length_922_cov_40.331713	243	289	50	2	46	0.0434783
NODE_8320_length_922_cov_40.331713	243	289	51	1	46	0.0217391
NODE_8320_length_922_cov_40.331713	243	289	57	4	46	0.0869565
NODE_8320_length_922_cov_40.331713	262	342	23	4	80	0.0500000
NODE_8320_length_922_cov_40.331713	262	342	31	1	80	0.0125000
NODE_8320_length_922_cov_40.331713	262	342	35	1	80	0.0125000
NODE_8320_length_922_cov_40.331713	262	342	37	4	80	0.0500000
NODE_8320_length_922_cov_40.331713	262	342	38	1	80	0.0125000
NODE_8320_length_922_cov_40.331713	262	342	41	3	80	0.0375000
NODE_8320_length_922_cov_40.331713	262	342	43	4	80	0.0500000
NODE_8320_length_922_cov_40.331713	262	342	45	1	80	0.0125000
NODE_8320_length_922_cov_40.331713	262	342	46	1	80	0.0125000
NODE_8320_length_922_cov_40.331713	262	342	50	2	80	0.0250000
NODE_8320_length_922_cov_40.331713	262	342	51	1	80	0.0125000
NODE_8320_length_922_cov_40.331713	262	342	53	2	80	0.0250000
NODE_8320_length_922_cov_40.331713	262	342	55	1	80	0.0125000
NODE_8320_length_922_cov_40.331713	262	342	56	1	80	0.0125000
NODE_8320_length_922_cov_40.331713	262	342	57	4	80	0.0500000
NODE_8320_length_922_cov_40.331713	262	342	58	1	80	0.0125000
NODE_8320_length_922_cov_40.331713	262	342	60	2	80	0.0250000
NODE_8320_length_922_cov_40.331713	262	342	63	6	80	0.0750000
NODE_8320_length_922_cov_40.331713	262	342	64	1	80	0.0125000
NODE_8320_length_922_cov_40.331713	262	342	65	6	80	0.0750000
NODE_8320_length_922_cov_40.331713	262	342	67	1	80	0.0125000
NODE_8320_length_922_cov_40.331713	262	342	73	3	80	0.0375000
NODE_8320_length_922_cov_40.331713	262	342	75	1	80	0.0125000
NODE_8320_length_922_cov_40.331713	262	342	79	6	80	0.0750000
NODE_8320_length_922_cov_40.331713	262	342	81	4	80	0.0500000
NODE_8320_length_922_cov_40.331713	262	342	83	2	80	0.0250000
NODE_8320_length_922_cov_40.331713	262	342	84	1	80	0.0125000
NODE_8320_length_922_cov_40.331713	262	342	85	8	80	0.1000000
NODE_8320_length_922_cov_40.331713	262	342	87	4	80	0.0500000
NODE_8320_length_922_cov_40.331713	262	342	89	3	80	0.0375000
NODE_8320_length_922_cov_40.331713	780	860	2	80	80	1.0000000
NODE_8320_length_922_cov_40.331713	833	913	2	80	80	1.0000000
NODE_8321_length_922_cov_38.549210	126	177	74	1	51	0.0196078
NODE_8321_length_922_cov_38.549210	126	177	76	1	51	0.0196078
NODE_8321_length_922_cov_38.549210	126	177	83	1	51	0.0196078
NODE_8321_length_922_cov_38.549210	126	177	89	1	51	0.0196078
NODE_8321_length_922_cov_38.549210	126	177	93	1	51	0.0196078
NODE_8321_length_922_cov_38.549210	126	177	94	1	51	0.0196078
NODE_8321_length_922_cov_38.549210	126	177	95	2	51	0.0392157
NODE_8321_length_922_cov_38.549210	126	177	96	1	51	0.0196078
NODE_8321_length_922_cov_38.549210	126	177	103	2	51	0.0392157
NODE_8321_length_922_cov_38.549210	126	177	105	1	51	0.0196078
NODE_8321_length_922_cov_38.549210	126	177	107	1	51	0.0196078
NODE_8321_length_922_cov_38.549210	126	177	112	1	51	0.0196078
NODE_8321_length_922_cov_38.549210	126	177	116	3	51	0.0588235
NODE_8321_length_922_cov_38.549210	126	177	120	1	51	0.0196078
NODE_8321_length_922_cov_38.549210	126	177	122	9	51	0.1764706
NODE_8321_length_922_cov_38.549210	126	177	124	1	51	0.0196078
NODE_8321_length_922_cov_38.549210	126	177	126	5	51	0.0980392
NODE_8321_length_922_cov_38.549210	126	177	128	1	51	0.0196078
NODE_8321_length_922_cov_38.549210	126	177	130	1	51	0.0196078
NODE_8321_length_922_cov_38.549210	126	177	135	2	51	0.0392157
NODE_8321_length_922_cov_38.549210	126	177	136	1	51	0.0196078
NODE_8321_length_922_cov_38.549210	126	177	138	2	51	0.0392157
NODE_8321_length_922_cov_38.549210	126	177	139	3	51	0.0588235
NODE_8321_length_922_cov_38.549210	126	177	140	4	51	0.0784314
NODE_8321_length_922_cov_38.549210	126	177	142	2	51	0.0392157
NODE_8321_length_922_cov_38.549210	126	177	144	1	51	0.0196078
NODE_8321_length_922_cov_38.549210	126	177	147	1	51	0.0196078
NODE_8321_length_922_cov_38.549210	308	383	0	75	75	1.0000000
NODE_8321_length_922_cov_38.549210	356	393	0	37	37	1.0000000
NODE_8321_length_922_cov_38.549210	818	898	0	80	80	1.0000000
NODE_8321_length_922_cov_38.549210	871	908	0	37	37	1.0000000
NODE_8322_length_922_cov_35.041312	385	465	0	11	80	0.1375000
NODE_8322_length_922_cov_35.041312	385	465	4	43	80	0.5375000
NODE_8322_length_922_cov_35.041312	385	465	8	3	80	0.0375000
NODE_8322_length_922_cov_35.041312	385	465	10	23	80	0.2875000
NODE_8322_length_922_cov_35.041312	438	518	4	1	80	0.0125000
NODE_8322_length_922_cov_35.041312	438	518	8	3	80	0.0375000
NODE_8322_length_922_cov_35.041312	438	518	10	35	80	0.4375000
NODE_8322_length_922_cov_35.041312	438	518	12	41	80	0.5125000
NODE_8323_length_922_cov_30.749696	426	506	0	25	80	0.3125000
NODE_8323_length_922_cov_30.749696	426	506	2	55	80	0.6875000
NODE_8323_length_922_cov_30.749696	479	559	0	20	80	0.2500000
NODE_8323_length_922_cov_30.749696	479	559	2	60	80	0.7500000
NODE_8324_length_922_cov_25.558931	291	370	0	79	79	1.0000000
NODE_8324_length_922_cov_25.558931	344	423	0	79	79	1.0000000
NODE_8325_length_922_cov_25.527339	391	471	18	7	80	0.0875000
NODE_8325_length_922_cov_25.527339	391	471	30	29	80	0.3625000
NODE_8325_length_922_cov_25.527339	391	471	32	27	80	0.3375000
NODE_8325_length_922_cov_25.527339	391	471	36	17	80	0.2125000
NODE_8325_length_922_cov_25.527339	444	524	4	2	80	0.0250000
NODE_8325_length_922_cov_25.527339	444	524	16	21	80	0.2625000
NODE_8325_length_922_cov_25.527339	444	524	18	9	80	0.1125000
NODE_8325_length_922_cov_25.527339	444	524	24	17	80	0.2125000
NODE_8325_length_922_cov_25.527339	444	524	30	17	80	0.2125000
NODE_8325_length_922_cov_25.527339	444	524	36	14	80	0.1750000
NODE_8326_length_922_cov_23.630620	224	304	0	47	80	0.5875000
NODE_8326_length_922_cov_23.630620	224	304	4	33	80	0.4125000
NODE_8326_length_922_cov_23.630620	277	357	4	80	80	1.0000000
NODE_8326_length_922_cov_23.630620	353	433	0	20	80	0.2500000
NODE_8326_length_922_cov_23.630620	353	433	4	60	80	0.7500000
NODE_8326_length_922_cov_23.630620	406	486	0	73	80	0.9125000
NODE_8326_length_922_cov_23.630620	406	486	4	7	80	0.0875000
NODE_8327_length_922_cov_22.388821	465	545	0	35	80	0.4375000
NODE_8327_length_922_cov_22.388821	465	545	2	45	80	0.5625000
NODE_8327_length_922_cov_22.388821	518	598	0	80	80	1.0000000
NODE_8328_length_922_cov_20.320778	421	501	0	80	80	1.0000000
NODE_8328_length_922_cov_20.320778	474	554	0	80	80	1.0000000
NODE_8329_length_922_cov_17.645200	413	479	8	66	66	1.0000000
NODE_8330_length_922_cov_12.574727	454	534	0	80	80	1.0000000
NODE_8330_length_922_cov_12.574727	507	587	0	80	80	1.0000000
NODE_8331_length_922_cov_11.934386	255	335	0	9	80	0.1125000
NODE_8331_length_922_cov_11.934386	255	335	3	71	80	0.8875000
NODE_8331_length_922_cov_11.934386	308	388	0	62	80	0.7750000
NODE_8331_length_922_cov_11.934386	308	388	3	18	80	0.2250000
NODE_8332_length_922_cov_11.068044	423	503	0	59	80	0.7375000
NODE_8332_length_922_cov_11.068044	423	503	5	1	80	0.0125000
NODE_8332_length_922_cov_11.068044	423	503	6	20	80	0.2500000
NODE_8332_length_922_cov_11.068044	476	557	0	6	81	0.0740741
NODE_8332_length_922_cov_11.068044	476	557	5	1	81	0.0123457
NODE_8332_length_922_cov_11.068044	476	557	6	24	81	0.2962963
NODE_8332_length_922_cov_11.068044	476	557	12	50	81	0.6172839
NODE_8333_length_922_cov_7.907655	441	521	0	49	80	0.6125000
NODE_8333_length_922_cov_7.907655	441	521	2	31	80	0.3875000
NODE_8333_length_922_cov_7.907655	494	574	0	32	80	0.4000000
NODE_8333_length_922_cov_7.907655	494	574	1	2	80	0.0250000
NODE_8333_length_922_cov_7.907655	494	574	2	46	80	0.5750000
NODE_8334_length_922_cov_7.737546	463	543	4	80	80	1.0000000
NODE_8334_length_922_cov_7.737546	516	596	0	43	80	0.5375000
NODE_8334_length_922_cov_7.737546	516	596	2	10	80	0.1250000
NODE_8334_length_922_cov_7.737546	516	596	4	27	80	0.3375000
NODE_8335_length_922_cov_7.241798	298	378	0	80	80	1.0000000
NODE_8335_length_922_cov_7.241798	351	431	0	80	80	1.0000000
NODE_8347_length_921_cov_21.317518	457	537	0	11	80	0.1375000
NODE_8347_length_921_cov_21.317518	457	537	1	1	80	0.0125000
NODE_8347_length_921_cov_21.317518	457	537	2	68	80	0.8500000
NODE_8347_length_921_cov_21.317518	510	590	2	80	80	1.0000000
NODE_8348_length_921_cov_18.462287	519	599	0	80	80	1.0000000
NODE_8348_length_921_cov_18.462287	572	652	0	80	80	1.0000000
NODE_8349_length_921_cov_15.440389	373	453	0	55	80	0.6875000
NODE_8349_length_921_cov_15.440389	373	453	2	25	80	0.3125000
NODE_8349_length_921_cov_15.440389	426	506	0	2	80	0.0250000
NODE_8349_length_921_cov_15.440389	426	506	2	78	80	0.9750000
NODE_8350_length_921_cov_13.216545	465	545	0	2	80	0.0250000
NODE_8350_length_921_cov_13.216545	465	545	2	78	80	0.9750000
NODE_8350_length_921_cov_13.216545	518	598	0	51	80	0.6375000
NODE_8350_length_921_cov_13.216545	518	598	2	29	80	0.3625000
NODE_8351_length_921_cov_9.283455	399	439	0	40	40	1.0000000
NODE_8351_length_921_cov_9.283455	532	612	0	80	80	1.0000000
NODE_8351_length_921_cov_9.283455	585	665	0	80	80	1.0000000
NODE_8352_length_921_cov_8.253041	289	369	0	80	80	1.0000000
NODE_8352_length_921_cov_8.253041	342	422	0	80	80	1.0000000
NODE_8364_length_920_cov_47.493301	543	623	3	12	80	0.1500000
NODE_8364_length_920_cov_47.493301	543	623	4	52	80	0.6500000
NODE_8364_length_920_cov_47.493301	543	623	5	16	80	0.2000000
NODE_8364_length_920_cov_47.493301	596	676	2	40	80	0.5000000
NODE_8364_length_920_cov_47.493301	596	676	3	21	80	0.2625000
NODE_8364_length_920_cov_47.493301	596	676	4	4	80	0.0500000
NODE_8364_length_920_cov_47.493301	596	676	5	15	80	0.1875000
NODE_8365_length_920_cov_30.404385	543	623	0	27	80	0.3375000
NODE_8365_length_920_cov_30.404385	543	623	2	38	80	0.4750000
NODE_8365_length_920_cov_30.404385	543	623	4	15	80	0.1875000
NODE_8365_length_920_cov_30.404385	596	676	0	12	80	0.1500000
NODE_8365_length_920_cov_30.404385	596	676	4	68	80	0.8500000
NODE_8366_length_920_cov_25.360536	413	493	6	40	80	0.5000000
NODE_8366_length_920_cov_25.360536	413	493	8	40	80	0.5000000
NODE_8366_length_920_cov_25.360536	466	546	2	35	80	0.4375000
NODE_8366_length_920_cov_25.360536	466	546	4	10	80	0.1250000
NODE_8366_length_920_cov_25.360536	466	546	8	35	80	0.4375000
NODE_8366_length_920_cov_25.360536	542	615	2	34	73	0.4657534
NODE_8366_length_920_cov_25.360536	542	615	4	7	73	0.0958904
NODE_8366_length_920_cov_25.360536	542	615	5	32	73	0.4383562
NODE_8366_length_920_cov_25.360536	588	668	5	27	80	0.3375000
NODE_8366_length_920_cov_25.360536	588	668	8	53	80	0.6625000
NODE_8367_length_920_cov_24.918392	403	483	0	80	80	1.0000000
NODE_8367_length_920_cov_24.918392	456	536	0	80	80	1.0000000
NODE_8368_length_920_cov_18.517661	353	433	0	23	80	0.2875000
NODE_8368_length_920_cov_18.517661	353	433	2	57	80	0.7125000
NODE_8368_length_920_cov_18.517661	406	486	0	76	80	0.9500000
NODE_8368_length_920_cov_18.517661	406	486	2	4	80	0.0500000
NODE_8369_length_920_cov_17.710110	310	390	10	5	80	0.0625000
NODE_8369_length_920_cov_17.710110	310	390	12	7	80	0.0875000
NODE_8369_length_920_cov_17.710110	310	390	14	3	80	0.0375000
NODE_8369_length_920_cov_17.710110	310	390	15	14	80	0.1750000
NODE_8369_length_920_cov_17.710110	310	390	16	51	80	0.6375000
NODE_8369_length_920_cov_17.710110	363	443	2	14	80	0.1750000
NODE_8369_length_920_cov_17.710110	363	443	10	7	80	0.0875000
NODE_8369_length_920_cov_17.710110	363	443	14	3	80	0.0375000
NODE_8369_length_920_cov_17.710110	363	443	15	14	80	0.1750000
NODE_8369_length_920_cov_17.710110	363	443	16	42	80	0.5250000
NODE_8370_length_920_cov_15.650426	403	458	0	32	55	0.5818182
NODE_8370_length_920_cov_15.650426	403	458	2	11	55	0.2000000
NODE_8370_length_920_cov_15.650426	403	458	4	12	55	0.2181818
NODE_8371_length_920_cov_12.588307	454	534	2	4	80	0.0500000
NODE_8371_length_920_cov_12.588307	454	534	4	51	80	0.6375000
NODE_8371_length_920_cov_12.588307	454	534	6	25	80	0.3125000
NODE_8371_length_920_cov_12.588307	507	586	0	10	79	0.1265823
NODE_8371_length_920_cov_12.588307	507	586	2	3	79	0.0379747
NODE_8371_length_920_cov_12.588307	507	586	4	38	79	0.4810127
NODE_8371_length_920_cov_12.588307	507	586	6	28	79	0.3544304
NODE_8372_length_920_cov_10.822168	354	434	0	80	80	1.0000000
NODE_8372_length_920_cov_10.822168	407	487	0	80	80	1.0000000
NODE_8374_length_920_cov_8.297199	453	533	0	18	80	0.2250000
NODE_8374_length_920_cov_8.297199	453	533	1	37	80	0.4625000
NODE_8374_length_920_cov_8.297199	453	533	2	25	80	0.3125000
NODE_8374_length_920_cov_8.297199	506	583	1	2	77	0.0259740
NODE_8374_length_920_cov_8.297199	506	583	2	75	77	0.9740260
NODE_8378_length_920_cov_2.992692	501	581	0	80	80	1.0000000
NODE_8378_length_920_cov_2.992692	554	634	0	80	80	1.0000000
NODE_8389_length_919_cov_44.813415	338	418	2	80	80	1.0000000
NODE_8389_length_919_cov_44.813415	391	471	0	18	80	0.2250000
NODE_8389_length_919_cov_44.813415	391	471	2	62	80	0.7750000
NODE_8389_length_919_cov_44.813415	467	547	0	80	80	1.0000000
NODE_8389_length_919_cov_44.813415	520	600	0	80	80	1.0000000
NODE_8390_length_919_cov_37.459756	389	469	0	80	80	1.0000000
NODE_8390_length_919_cov_37.459756	442	522	0	80	80	1.0000000
NODE_8390_length_919_cov_37.459756	518	598	0	80	80	1.0000000
NODE_8390_length_919_cov_37.459756	571	651	0	80	80	1.0000000
NODE_8391_length_919_cov_35.002439	474	554	0	80	80	1.0000000
NODE_8391_length_919_cov_35.002439	527	607	0	80	80	1.0000000
NODE_8392_length_919_cov_29.935366	246	326	0	80	80	1.0000000
NODE_8392_length_919_cov_29.935366	299	379	0	80	80	1.0000000
NODE_8393_length_919_cov_28.190244	470	550	4	32	80	0.4000000
NODE_8393_length_919_cov_28.190244	470	550	6	3	80	0.0375000
NODE_8393_length_919_cov_28.190244	470	550	8	45	80	0.5625000
NODE_8393_length_919_cov_28.190244	523	603	4	3	80	0.0375000
NODE_8393_length_919_cov_28.190244	523	603	6	44	80	0.5500000
NODE_8393_length_919_cov_28.190244	523	603	8	33	80	0.4125000
NODE_8394_length_919_cov_27.119512	454	534	2	2	80	0.0250000
NODE_8394_length_919_cov_27.119512	454	534	3	12	80	0.1500000
NODE_8394_length_919_cov_27.119512	454	534	4	66	80	0.8250000
NODE_8394_length_919_cov_27.119512	507	587	0	53	80	0.6625000
NODE_8394_length_919_cov_27.119512	507	587	2	2	80	0.0250000
NODE_8394_length_919_cov_27.119512	507	587	3	12	80	0.1500000
NODE_8394_length_919_cov_27.119512	507	587	4	13	80	0.1625000
NODE_8395_length_919_cov_21.836585	545	625	0	80	80	1.0000000
NODE_8395_length_919_cov_21.836585	598	677	0	79	79	1.0000000
NODE_8396_length_919_cov_17.442683	385	465	4	4	80	0.0500000
NODE_8396_length_919_cov_17.442683	385	465	8	76	80	0.9500000
NODE_8396_length_919_cov_17.442683	438	518	8	80	80	1.0000000
NODE_8397_length_919_cov_16.685366	309	389	0	80	80	1.0000000
NODE_8397_length_919_cov_16.685366	362	442	0	80	80	1.0000000
NODE_8398_length_919_cov_14.013415	435	515	0	80	80	1.0000000
NODE_8398_length_919_cov_14.013415	488	568	0	80	80	1.0000000
NODE_8399_length_919_cov_12.013415	340	420	0	80	80	1.0000000
NODE_8399_length_919_cov_12.013415	393	473	0	80	80	1.0000000
NODE_8403_length_919_cov_3.529268	424	504	0	80	80	1.0000000
NODE_8403_length_919_cov_3.529268	477	557	0	80	80	1.0000000
NODE_8404_length_919_cov_3.200000	444	524	0	80	80	1.0000000
NODE_8404_length_919_cov_3.200000	497	577	0	80	80	1.0000000
NODE_8415_length_918_cov_41.115995	387	467	0	4	80	0.0500000
NODE_8415_length_918_cov_41.115995	387	467	2	9	80	0.1125000
NODE_8415_length_918_cov_41.115995	387	467	4	29	80	0.3625000
NODE_8415_length_918_cov_41.115995	387	467	6	38	80	0.4750000
NODE_8415_length_918_cov_41.115995	440	520	2	11	80	0.1375000
NODE_8415_length_918_cov_41.115995	440	520	4	23	80	0.2875000
NODE_8415_length_918_cov_41.115995	440	520	6	46	80	0.5750000
NODE_8416_length_918_cov_37.405372	427	507	4	26	80	0.3250000
NODE_8416_length_918_cov_37.405372	427	507	6	54	80	0.6750000
NODE_8416_length_918_cov_37.405372	480	560	0	6	80	0.0750000
NODE_8416_length_918_cov_37.405372	480	560	2	40	80	0.5000000
NODE_8416_length_918_cov_37.405372	480	560	6	34	80	0.4250000
NODE_8417_length_918_cov_31.559219	289	369	6	25	80	0.3125000
NODE_8417_length_918_cov_31.559219	289	369	8	55	80	0.6875000
NODE_8417_length_918_cov_31.559219	342	422	0	14	80	0.1750000
NODE_8417_length_918_cov_31.559219	342	422	4	17	80	0.2125000
NODE_8417_length_918_cov_31.559219	342	422	6	47	80	0.5875000
NODE_8417_length_918_cov_31.559219	342	422	8	2	80	0.0250000
NODE_8417_length_918_cov_31.559219	418	498	4	27	80	0.3375000
NODE_8417_length_918_cov_31.559219	418	498	5	46	80	0.5750000
NODE_8417_length_918_cov_31.559219	418	498	6	3	80	0.0375000
NODE_8417_length_918_cov_31.559219	418	498	8	4	80	0.0500000
NODE_8417_length_918_cov_31.559219	471	551	4	38	80	0.4750000
NODE_8417_length_918_cov_31.559219	471	551	5	20	80	0.2500000
NODE_8417_length_918_cov_31.559219	471	551	6	3	80	0.0375000
NODE_8417_length_918_cov_31.559219	471	551	8	19	80	0.2375000
NODE_8418_length_918_cov_25.195360	429	509	23	10	80	0.1250000
NODE_8418_length_918_cov_25.195360	429	509	30	24	80	0.3000000
NODE_8418_length_918_cov_25.195360	429	509	31	46	80	0.5750000
NODE_8418_length_918_cov_25.195360	482	562	9	23	80	0.2875000
NODE_8418_length_918_cov_25.195360	482	562	23	40	80	0.5000000
NODE_8418_length_918_cov_25.195360	482	562	31	17	80	0.2125000
NODE_8420_length_918_cov_10.537241	361	441	0	8	80	0.1000000
NODE_8420_length_918_cov_10.537241	361	441	1	18	80	0.2250000
NODE_8420_length_918_cov_10.537241	361	441	3	23	80	0.2875000
NODE_8420_length_918_cov_10.537241	361	441	5	31	80	0.3875000
NODE_8420_length_918_cov_10.537241	414	492	5	53	78	0.6794872
NODE_8420_length_918_cov_10.537241	414	492	6	25	78	0.3205128
NODE_8421_length_918_cov_9.821734	283	363	0	25	80	0.3125000
NODE_8421_length_918_cov_9.821734	283	363	1	27	80	0.3375000
NODE_8421_length_918_cov_9.821734	283	363	2	28	80	0.3500000
NODE_8421_length_918_cov_9.821734	336	416	2	80	80	1.0000000
NODE_8422_length_918_cov_9.714286	365	445	5	48	80	0.6000000
NODE_8422_length_918_cov_9.714286	365	445	6	32	80	0.4000000
NODE_8422_length_918_cov_9.714286	418	498	0	49	80	0.6125000
NODE_8422_length_918_cov_9.714286	418	498	5	31	80	0.3875000
NODE_8441_length_917_cov_38.845966	405	476	0	71	71	1.0000000
NODE_8441_length_917_cov_38.845966	458	538	0	80	80	1.0000000
NODE_8442_length_917_cov_37.775061	505	585	0	80	80	1.0000000
NODE_8442_length_917_cov_37.775061	558	638	0	80	80	1.0000000
NODE_8443_length_917_cov_33.195599	335	415	0	80	80	1.0000000
NODE_8443_length_917_cov_33.195599	388	468	0	76	80	0.9500000
NODE_8443_length_917_cov_33.195599	388	468	1	1	80	0.0125000
NODE_8443_length_917_cov_33.195599	388	468	2	3	80	0.0375000
NODE_8443_length_917_cov_33.195599	464	544	1	1	80	0.0125000
NODE_8443_length_917_cov_33.195599	464	544	2	79	80	0.9875000
NODE_8443_length_917_cov_33.195599	517	597	2	80	80	1.0000000
NODE_8444_length_917_cov_22.871638	463	543	0	80	80	1.0000000
NODE_8444_length_917_cov_22.871638	516	593	0	37	77	0.4805195
NODE_8444_length_917_cov_22.871638	516	593	2	40	77	0.5194805
NODE_8445_length_917_cov_16.899756	321	401	7	13	80	0.1625000
NODE_8445_length_917_cov_16.899756	321	401	9	65	80	0.8125000
NODE_8445_length_917_cov_16.899756	321	401	10	2	80	0.0250000
NODE_8445_length_917_cov_16.899756	374	454	0	8	80	0.1000000
NODE_8445_length_917_cov_16.899756	374	454	5	34	80	0.4250000
NODE_8445_length_917_cov_16.899756	374	454	7	24	80	0.3000000
NODE_8445_length_917_cov_16.899756	374	454	9	12	80	0.1500000
NODE_8445_length_917_cov_16.899756	374	454	10	2	80	0.0250000
NODE_8446_length_917_cov_12.283619	397	477	6	2	80	0.0250000
NODE_8446_length_917_cov_12.283619	397	477	8	78	80	0.9750000
NODE_8446_length_917_cov_12.283619	450	530	0	6	80	0.0750000
NODE_8446_length_917_cov_12.283619	450	530	2	33	80	0.4125000
NODE_8446_length_917_cov_12.283619	450	530	4	4	80	0.0500000
NODE_8446_length_917_cov_12.283619	450	530	8	37	80	0.4625000
NODE_8447_length_917_cov_12.172372	380	460	0	46	80	0.5750000
NODE_8447_length_917_cov_12.172372	380	460	2	2	80	0.0250000
NODE_8447_length_917_cov_12.172372	380	460	6	32	80	0.4000000
NODE_8447_length_917_cov_12.172372	433	513	4	3	80	0.0375000
NODE_8447_length_917_cov_12.172372	433	513	6	30	80	0.3750000
NODE_8447_length_917_cov_12.172372	433	513	8	47	80	0.5875000
NODE_8447_length_917_cov_12.172372	545	597	2	13	52	0.2500000
NODE_8447_length_917_cov_12.172372	545	597	4	10	52	0.1923077
NODE_8447_length_917_cov_12.172372	545	597	6	12	52	0.2307692
NODE_8447_length_917_cov_12.172372	545	597	9	17	52	0.3269231
NODE_8448_length_917_cov_8.277506	564	644	0	52	80	0.6500000
NODE_8448_length_917_cov_8.277506	564	644	6	28	80	0.3500000
NODE_8448_length_917_cov_8.277506	617	697	0	80	80	1.0000000
NODE_8449_length_917_cov_8.145477	155	235	0	80	80	1.0000000
NODE_8449_length_917_cov_8.145477	208	288	0	28	80	0.3500000
NODE_8449_length_917_cov_8.145477	208	288	2	52	80	0.6500000
NODE_8451_length_917_cov_6.073350	366	446	0	80	80	1.0000000
NODE_8451_length_917_cov_6.073350	419	499	0	80	80	1.0000000
NODE_8463_length_916_cov_32.867809	347	427	4	22	80	0.2750000
NODE_8463_length_916_cov_32.867809	347	427	6	58	80	0.7250000
NODE_8463_length_916_cov_32.867809	400	480	2	8	80	0.1000000
NODE_8463_length_916_cov_32.867809	400	480	4	44	80	0.5500000
NODE_8463_length_916_cov_32.867809	400	480	6	28	80	0.3500000
NODE_8464_length_916_cov_27.673195	450	530	0	20	80	0.2500000
NODE_8464_length_916_cov_27.673195	450	530	2	60	80	0.7500000
NODE_8464_length_916_cov_27.673195	503	583	0	40	80	0.5000000
NODE_8464_length_916_cov_27.673195	503	583	2	40	80	0.5000000
NODE_8465_length_916_cov_27.146879	223	303	10	13	80	0.1625000
NODE_8465_length_916_cov_27.146879	223	303	12	67	80	0.8375000
NODE_8465_length_916_cov_27.146879	276	356	0	20	80	0.2500000
NODE_8465_length_916_cov_27.146879	276	356	2	18	80	0.2250000
NODE_8465_length_916_cov_27.146879	276	356	10	11	80	0.1375000
NODE_8465_length_916_cov_27.146879	276	356	12	31	80	0.3875000
NODE_8466_length_916_cov_25.604651	398	478	4	8	80	0.1000000
NODE_8466_length_916_cov_25.604651	398	478	6	72	80	0.9000000
NODE_8466_length_916_cov_25.604651	451	531	2	4	80	0.0500000
NODE_8466_length_916_cov_25.604651	451	531	4	42	80	0.5250000
NODE_8466_length_916_cov_25.604651	451	531	6	34	80	0.4250000
NODE_8467_length_916_cov_18.035496	456	536	1	12	80	0.1500000
NODE_8467_length_916_cov_18.035496	456	536	3	4	80	0.0500000
NODE_8467_length_916_cov_18.035496	456	536	4	38	80	0.4750000
NODE_8467_length_916_cov_18.035496	456	536	5	10	80	0.1250000
NODE_8467_length_916_cov_18.035496	456	536	6	16	80	0.2000000
NODE_8467_length_916_cov_18.035496	509	589	3	27	80	0.3375000
NODE_8467_length_916_cov_18.035496	509	589	4	1	80	0.0125000
NODE_8467_length_916_cov_18.035496	509	589	5	36	80	0.4500000
NODE_8467_length_916_cov_18.035496	509	589	6	16	80	0.2000000
NODE_8468_length_916_cov_12.651163	500	580	0	20	80	0.2500000
NODE_8468_length_916_cov_12.651163	500	580	2	2	80	0.0250000
NODE_8468_length_916_cov_12.651163	500	580	4	1	80	0.0125000
NODE_8468_length_916_cov_12.651163	500	580	7	57	80	0.7125000
NODE_8468_length_916_cov_12.651163	553	633	5	22	80	0.2750000
NODE_8468_length_916_cov_12.651163	553	633	7	58	80	0.7250000
NODE_8469_length_916_cov_11.337821	530	610	0	50	80	0.6250000
NODE_8469_length_916_cov_11.337821	530	610	2	1	80	0.0125000
NODE_8469_length_916_cov_11.337821	530	610	4	29	80	0.3625000
NODE_8469_length_916_cov_11.337821	583	663	3	36	80	0.4500000
NODE_8469_length_916_cov_11.337821	583	663	4	44	80	0.5500000
NODE_8470_length_916_cov_9.640147	293	373	0	80	80	1.0000000
NODE_8470_length_916_cov_9.640147	346	426	0	80	80	1.0000000
NODE_8472_length_916_cov_8.042840	426	506	0	36	80	0.4500000
NODE_8472_length_916_cov_8.042840	426	506	1	28	80	0.3500000
NODE_8472_length_916_cov_8.042840	426	506	2	16	80	0.2000000
NODE_8472_length_916_cov_8.042840	479	559	1	11	80	0.1375000
NODE_8472_length_916_cov_8.042840	479	559	2	69	80	0.8625000
NODE_8473_length_916_cov_7.123623	785	847	16	6	62	0.0967742
NODE_8473_length_916_cov_7.123623	785	847	22	2	62	0.0322581
NODE_8473_length_916_cov_7.123623	785	847	24	4	62	0.0645161
NODE_8473_length_916_cov_7.123623	785	847	26	3	62	0.0483871
NODE_8473_length_916_cov_7.123623	785	847	28	1	62	0.0161290
NODE_8473_length_916_cov_7.123623	785	847	38	3	62	0.0483871
NODE_8473_length_916_cov_7.123623	785	847	40	1	62	0.0161290
NODE_8473_length_916_cov_7.123623	785	847	44	1	62	0.0161290
NODE_8473_length_916_cov_7.123623	785	847	50	41	62	0.6612903
NODE_8473_length_916_cov_7.123623	820	900	39	1	80	0.0125000
NODE_8473_length_916_cov_7.123623	820	900	40	2	80	0.0250000
NODE_8473_length_916_cov_7.123623	820	900	44	1	80	0.0125000
NODE_8473_length_916_cov_7.123623	820	900	46	2	80	0.0250000
NODE_8473_length_916_cov_7.123623	820	900	48	9	80	0.1125000
NODE_8473_length_916_cov_7.123623	820	900	50	65	80	0.8125000
NODE_8481_length_915_cov_59.289216	398	478	2	80	80	1.0000000
NODE_8481_length_915_cov_59.289216	451	531	0	22	80	0.2750000
NODE_8481_length_915_cov_59.289216	451	531	2	32	80	0.4000000
NODE_8481_length_915_cov_59.289216	451	531	4	26	80	0.3250000
NODE_8481_length_915_cov_59.289216	527	607	4	75	80	0.9375000
NODE_8481_length_915_cov_59.289216	527	607	6	5	80	0.0625000
NODE_8481_length_915_cov_59.289216	580	660	2	38	80	0.4750000
NODE_8481_length_915_cov_59.289216	580	660	4	22	80	0.2750000
NODE_8481_length_915_cov_59.289216	580	660	6	20	80	0.2500000
NODE_8482_length_915_cov_45.104167	153	228	0	57	75	0.7600000
NODE_8482_length_915_cov_45.104167	153	228	6	18	75	0.2400000
NODE_8482_length_915_cov_45.104167	206	286	0	4	80	0.0500000
NODE_8482_length_915_cov_45.104167	206	286	6	76	80	0.9500000
NODE_8482_length_915_cov_45.104167	282	362	0	55	80	0.6875000
NODE_8482_length_915_cov_45.104167	282	362	6	25	80	0.3125000
NODE_8482_length_915_cov_45.104167	335	415	0	80	80	1.0000000
NODE_8483_length_915_cov_37.599265	397	477	0	80	80	1.0000000
NODE_8483_length_915_cov_37.599265	450	530	0	80	80	1.0000000
NODE_8485_length_915_cov_20.458333	297	377	0	26	80	0.3250000
NODE_8485_length_915_cov_20.458333	297	377	4	54	80	0.6750000
NODE_8485_length_915_cov_20.458333	350	430	0	79	80	0.9875000
NODE_8485_length_915_cov_20.458333	350	430	4	1	80	0.0125000
NODE_8485_length_915_cov_20.458333	426	506	0	76	80	0.9500000
NODE_8485_length_915_cov_20.458333	426	506	1	2	80	0.0250000
NODE_8485_length_915_cov_20.458333	426	506	2	2	80	0.0250000
NODE_8485_length_915_cov_20.458333	479	559	0	23	80	0.2875000
NODE_8485_length_915_cov_20.458333	479	559	1	2	80	0.0250000
NODE_8485_length_915_cov_20.458333	479	559	2	55	80	0.6875000
NODE_8486_length_915_cov_14.397059	175	255	0	18	80	0.2250000
NODE_8486_length_915_cov_14.397059	175	255	4	62	80	0.7750000
NODE_8486_length_915_cov_14.397059	228	308	4	42	80	0.5250000
NODE_8486_length_915_cov_14.397059	228	308	6	22	80	0.2750000
NODE_8486_length_915_cov_14.397059	228	308	8	16	80	0.2000000
NODE_8487_length_915_cov_8.741422	295	375	2	61	80	0.7625000
NODE_8487_length_915_cov_8.741422	295	375	4	19	80	0.2375000
NODE_8487_length_915_cov_8.741422	348	428	2	41	80	0.5125000
NODE_8487_length_915_cov_8.741422	348	428	4	39	80	0.4875000
NODE_8488_length_915_cov_7.719363	823	894	6	1	71	0.0140845
NODE_8488_length_915_cov_7.719363	823	894	14	2	71	0.0281690
NODE_8488_length_915_cov_7.719363	823	894	16	34	71	0.4788733
NODE_8488_length_915_cov_7.719363	823	894	20	34	71	0.4788733
NODE_8488_length_915_cov_7.719363	828	894	6	1	66	0.0151515
NODE_8488_length_915_cov_7.719363	828	894	14	2	66	0.0303030
NODE_8488_length_915_cov_7.719363	828	894	16	34	66	0.5151515
NODE_8488_length_915_cov_7.719363	828	894	20	29	66	0.4393939
NODE_8488_length_915_cov_7.719363	867	915	0	7	48	0.1458333
NODE_8488_length_915_cov_7.719363	867	915	4	2	48	0.0416667
NODE_8488_length_915_cov_7.719363	867	915	6	13	48	0.2708333
NODE_8488_length_915_cov_7.719363	867	915	14	2	48	0.0416667
NODE_8488_length_915_cov_7.719363	867	915	16	24	48	0.5000000
NODE_8488_length_915_cov_7.719363	867	915	0	7	48	0.1458333
NODE_8488_length_915_cov_7.719363	867	915	4	2	48	0.0416667
NODE_8488_length_915_cov_7.719363	867	915	6	13	48	0.2708333
NODE_8488_length_915_cov_7.719363	867	915	14	2	48	0.0416667
NODE_8488_length_915_cov_7.719363	867	915	16	24	48	0.5000000
NODE_8488_length_915_cov_7.719363	867	915	0	7	48	0.1458333
NODE_8488_length_915_cov_7.719363	867	915	4	2	48	0.0416667
NODE_8488_length_915_cov_7.719363	867	915	6	13	48	0.2708333
NODE_8488_length_915_cov_7.719363	867	915	14	2	48	0.0416667
NODE_8488_length_915_cov_7.719363	867	915	16	24	48	0.5000000
NODE_8489_length_915_cov_7.648284	370	450	0	80	80	1.0000000
NODE_8489_length_915_cov_7.648284	423	503	0	80	80	1.0000000
NODE_8490_length_915_cov_6.848039	434	514	0	80	80	1.0000000
NODE_8490_length_915_cov_6.848039	487	567	0	80	80	1.0000000
NODE_8497_length_915_cov_2.011029	24	99	6	75	75	1.0000000
NODE_8505_length_914_cov_89.814724	0	41	18	1	41	0.0243902
NODE_8505_length_914_cov_89.814724	0	41	19	1	41	0.0243902
NODE_8505_length_914_cov_89.814724	0	41	24	1	41	0.0243902
NODE_8505_length_914_cov_89.814724	0	41	28	4	41	0.0975610
NODE_8505_length_914_cov_89.814724	0	41	34	1	41	0.0243902
NODE_8505_length_914_cov_89.814724	0	41	35	1	41	0.0243902
NODE_8505_length_914_cov_89.814724	0	41	36	1	41	0.0243902
NODE_8505_length_914_cov_89.814724	0	41	52	1	41	0.0243902
NODE_8505_length_914_cov_89.814724	0	41	64	1	41	0.0243902
NODE_8505_length_914_cov_89.814724	0	41	67	1	41	0.0243902
NODE_8505_length_914_cov_89.814724	0	41	83	1	41	0.0243902
NODE_8505_length_914_cov_89.814724	0	41	104	1	41	0.0243902
NODE_8505_length_914_cov_89.814724	0	41	108	1	41	0.0243902
NODE_8505_length_914_cov_89.814724	0	41	113	1	41	0.0243902
NODE_8505_length_914_cov_89.814724	0	41	125	1	41	0.0243902
NODE_8505_length_914_cov_89.814724	0	41	127	1	41	0.0243902
NODE_8505_length_914_cov_89.814724	0	41	129	1	41	0.0243902
NODE_8505_length_914_cov_89.814724	0	41	135	1	41	0.0243902
NODE_8505_length_914_cov_89.814724	0	41	147	1	41	0.0243902
NODE_8505_length_914_cov_89.814724	0	41	156	1	41	0.0243902
NODE_8505_length_914_cov_89.814724	0	41	160	1	41	0.0243902
NODE_8505_length_914_cov_89.814724	0	41	162	1	41	0.0243902
NODE_8505_length_914_cov_89.814724	0	41	169	1	41	0.0243902
NODE_8505_length_914_cov_89.814724	0	41	175	1	41	0.0243902
NODE_8505_length_914_cov_89.814724	0	41	187	2	41	0.0487805
NODE_8505_length_914_cov_89.814724	0	41	197	6	41	0.1463415
NODE_8505_length_914_cov_89.814724	0	41	199	1	41	0.0243902
NODE_8505_length_914_cov_89.814724	0	41	204	1	41	0.0243902
NODE_8505_length_914_cov_89.814724	0	41	207	2	41	0.0487805
NODE_8505_length_914_cov_89.814724	0	41	215	1	41	0.0243902
NODE_8505_length_914_cov_89.814724	0	41	217	1	41	0.0243902
NODE_8505_length_914_cov_89.814724	19	94	129	1	75	0.0133333
NODE_8505_length_914_cov_89.814724	19	94	135	1	75	0.0133333
NODE_8505_length_914_cov_89.814724	19	94	147	1	75	0.0133333
NODE_8505_length_914_cov_89.814724	19	94	156	1	75	0.0133333
NODE_8505_length_914_cov_89.814724	19	94	160	1	75	0.0133333
NODE_8505_length_914_cov_89.814724	19	94	162	1	75	0.0133333
NODE_8505_length_914_cov_89.814724	19	94	169	1	75	0.0133333
NODE_8505_length_914_cov_89.814724	19	94	175	1	75	0.0133333
NODE_8505_length_914_cov_89.814724	19	94	187	2	75	0.0266667
NODE_8505_length_914_cov_89.814724	19	94	197	6	75	0.0800000
NODE_8505_length_914_cov_89.814724	19	94	199	1	75	0.0133333
NODE_8505_length_914_cov_89.814724	19	94	204	1	75	0.0133333
NODE_8505_length_914_cov_89.814724	19	94	207	2	75	0.0266667
NODE_8505_length_914_cov_89.814724	19	94	215	1	75	0.0133333
NODE_8505_length_914_cov_89.814724	19	94	217	1	75	0.0133333
NODE_8505_length_914_cov_89.814724	19	94	222	2	75	0.0266667
NODE_8505_length_914_cov_89.814724	19	94	223	2	75	0.0266667
NODE_8505_length_914_cov_89.814724	19	94	225	3	75	0.0400000
NODE_8505_length_914_cov_89.814724	19	94	229	2	75	0.0266667
NODE_8505_length_914_cov_89.814724	19	94	231	6	75	0.0800000
NODE_8505_length_914_cov_89.814724	19	94	232	1	75	0.0133333
NODE_8505_length_914_cov_89.814724	19	94	234	4	75	0.0533333
NODE_8505_length_914_cov_89.814724	19	94	235	10	75	0.1333333
NODE_8505_length_914_cov_89.814724	19	94	236	3	75	0.0400000
NODE_8505_length_914_cov_89.814724	19	94	237	1	75	0.0133333
NODE_8505_length_914_cov_89.814724	19	94	238	1	75	0.0133333
NODE_8505_length_914_cov_89.814724	19	94	239	8	75	0.1066667
NODE_8505_length_914_cov_89.814724	19	94	240	3	75	0.0400000
NODE_8505_length_914_cov_89.814724	19	94	241	7	75	0.0933333
NODE_8506_length_914_cov_33.755828	400	480	0	14	80	0.1750000
NODE_8506_length_914_cov_33.755828	400	480	8	40	80	0.5000000
NODE_8506_length_914_cov_33.755828	400	480	10	26	80	0.3250000
NODE_8506_length_914_cov_33.755828	453	533	8	1	80	0.0125000
NODE_8506_length_914_cov_33.755828	453	533	10	79	80	0.9875000
NODE_8507_length_914_cov_31.557055	368	448	8	80	80	1.0000000
NODE_8507_length_914_cov_31.557055	421	501	2	16	80	0.2000000
NODE_8507_length_914_cov_31.557055	421	501	6	3	80	0.0375000
NODE_8507_length_914_cov_31.557055	421	501	8	36	80	0.4500000
NODE_8507_length_914_cov_31.557055	421	501	10	25	80	0.3125000
NODE_8508_length_914_cov_29.087117	331	411	0	2	80	0.0250000
NODE_8508_length_914_cov_29.087117	331	411	14	78	80	0.9750000
NODE_8508_length_914_cov_29.087117	384	464	0	55	80	0.6875000
NODE_8508_length_914_cov_29.087117	384	464	14	25	80	0.3125000
NODE_8509_length_914_cov_28.490798	273	353	0	68	80	0.8500000
NODE_8509_length_914_cov_28.490798	273	353	2	12	80	0.1500000
NODE_8509_length_914_cov_28.490798	326	406	0	15	80	0.1875000
NODE_8509_length_914_cov_28.490798	326	406	2	65	80	0.8125000
NODE_8509_length_914_cov_28.490798	402	482	0	23	80	0.2875000
NODE_8509_length_914_cov_28.490798	402	482	2	57	80	0.7125000
NODE_8509_length_914_cov_28.490798	455	535	0	76	80	0.9500000
NODE_8509_length_914_cov_28.490798	455	535	2	4	80	0.0500000
NODE_8510_length_914_cov_25.429448	393	473	4	4	80	0.0500000
NODE_8510_length_914_cov_25.429448	393	473	6	18	80	0.2250000
NODE_8510_length_914_cov_25.429448	393	473	12	2	80	0.0250000
NODE_8510_length_914_cov_25.429448	393	473	16	56	80	0.7000000
NODE_8510_length_914_cov_25.429448	446	526	6	2	80	0.0250000
NODE_8510_length_914_cov_25.429448	446	526	8	3	80	0.0375000
NODE_8510_length_914_cov_25.429448	446	526	12	27	80	0.3375000
NODE_8510_length_914_cov_25.429448	446	526	14	19	80	0.2375000
NODE_8510_length_914_cov_25.429448	446	526	16	29	80	0.3625000
NODE_8510_length_914_cov_25.429448	522	602	0	12	80	0.1500000
NODE_8510_length_914_cov_25.429448	522	602	4	61	80	0.7625000
NODE_8510_length_914_cov_25.429448	522	602	6	5	80	0.0625000
NODE_8510_length_914_cov_25.429448	522	602	8	2	80	0.0250000
NODE_8510_length_914_cov_25.429448	575	655	0	8	80	0.1000000
NODE_8510_length_914_cov_25.429448	575	655	4	72	80	0.9000000
NODE_8511_length_914_cov_19.111656	354	434	0	20	80	0.2500000
NODE_8511_length_914_cov_19.111656	354	434	2	60	80	0.7500000
NODE_8511_length_914_cov_19.111656	407	487	2	80	80	1.0000000
NODE_8512_length_914_cov_13.423313	603	683	2	38	80	0.4750000
NODE_8512_length_914_cov_13.423313	603	683	4	42	80	0.5250000
NODE_8512_length_914_cov_13.423313	656	736	2	52	80	0.6500000
NODE_8512_length_914_cov_13.423313	656	736	4	28	80	0.3500000
NODE_8513_length_914_cov_10.947239	341	411	0	70	70	1.0000000
NODE_8513_length_914_cov_10.947239	384	464	0	80	80	1.0000000
NODE_8518_length_914_cov_1.931288	833	873	0	40	40	1.0000000
NODE_8526_length_913_cov_49.665848	31	111	44	1	80	0.0125000
NODE_8526_length_913_cov_49.665848	31	111	49	1	80	0.0125000
NODE_8526_length_913_cov_49.665848	31	111	51	1	80	0.0125000
NODE_8526_length_913_cov_49.665848	31	111	53	2	80	0.0250000
NODE_8526_length_913_cov_49.665848	31	111	56	1	80	0.0125000
NODE_8526_length_913_cov_49.665848	31	111	60	2	80	0.0250000
NODE_8526_length_913_cov_49.665848	31	111	62	1	80	0.0125000
NODE_8526_length_913_cov_49.665848	31	111	66	8	80	0.1000000
NODE_8526_length_913_cov_49.665848	31	111	68	5	80	0.0625000
NODE_8526_length_913_cov_49.665848	31	111	70	1	80	0.0125000
NODE_8526_length_913_cov_49.665848	31	111	74	1	80	0.0125000
NODE_8526_length_913_cov_49.665848	31	111	76	16	80	0.2000000
NODE_8526_length_913_cov_49.665848	31	111	80	3	80	0.0375000
NODE_8526_length_913_cov_49.665848	31	111	81	1	80	0.0125000
NODE_8526_length_913_cov_49.665848	31	111	85	11	80	0.1375000
NODE_8526_length_913_cov_49.665848	31	111	89	7	80	0.0875000
NODE_8526_length_913_cov_49.665848	31	111	91	3	80	0.0375000
NODE_8526_length_913_cov_49.665848	31	111	93	2	80	0.0250000
NODE_8526_length_913_cov_49.665848	31	111	94	1	80	0.0125000
NODE_8526_length_913_cov_49.665848	31	111	96	4	80	0.0500000
NODE_8526_length_913_cov_49.665848	31	111	98	6	80	0.0750000
NODE_8526_length_913_cov_49.665848	31	111	100	2	80	0.0250000
NODE_8526_length_913_cov_49.665848	136	155	40	2	19	0.1052632
NODE_8526_length_913_cov_49.665848	136	155	42	4	19	0.2105263
NODE_8526_length_913_cov_49.665848	136	155	46	1	19	0.0526316
NODE_8526_length_913_cov_49.665848	136	155	47	1	19	0.0526316
NODE_8526_length_913_cov_49.665848	136	155	48	3	19	0.1578947
NODE_8526_length_913_cov_49.665848	136	155	53	1	19	0.0526316
NODE_8526_length_913_cov_49.665848	136	155	55	4	19	0.2105263
NODE_8526_length_913_cov_49.665848	136	155	57	3	19	0.1578947
NODE_8527_length_913_cov_47.115479	367	447	2	16	80	0.2000000
NODE_8527_length_913_cov_47.115479	367	447	4	40	80	0.5000000
NODE_8527_length_913_cov_47.115479	367	447	6	24	80	0.3000000
NODE_8527_length_913_cov_47.115479	420	500	2	38	80	0.4750000
NODE_8527_length_913_cov_47.115479	420	500	4	18	80	0.2250000
NODE_8527_length_913_cov_47.115479	420	500	6	24	80	0.3000000
NODE_8528_length_913_cov_36.541769	502	582	0	80	80	1.0000000
NODE_8528_length_913_cov_36.541769	555	635	0	80	80	1.0000000
NODE_8529_length_913_cov_33.679361	433	513	2	80	80	1.0000000
NODE_8529_length_913_cov_33.679361	486	566	1	25	80	0.3125000
NODE_8529_length_913_cov_33.679361	486	566	2	55	80	0.6875000
NODE_8530_length_913_cov_29.675676	408	488	0	80	80	1.0000000
NODE_8530_length_913_cov_29.675676	461	541	0	80	80	1.0000000
NODE_8531_length_913_cov_24.901720	342	422	3	7	80	0.0875000
NODE_8531_length_913_cov_24.901720	342	422	4	10	80	0.1250000
NODE_8531_length_913_cov_24.901720	342	422	5	23	80	0.2875000
NODE_8531_length_913_cov_24.901720	342	422	6	40	80	0.5000000
NODE_8531_length_913_cov_24.901720	395	475	2	32	80	0.4000000
NODE_8531_length_913_cov_24.901720	395	475	3	11	80	0.1375000
NODE_8531_length_913_cov_24.901720	395	475	4	17	80	0.2125000
NODE_8531_length_913_cov_24.901720	395	475	5	20	80	0.2500000
NODE_8532_length_913_cov_24.625307	396	476	0	80	80	1.0000000
NODE_8532_length_913_cov_24.625307	449	529	0	80	80	1.0000000
NODE_8533_length_913_cov_15.094595	525	589	2	7	64	0.1093750
NODE_8533_length_913_cov_15.094595	525	589	3	11	64	0.1718750
NODE_8533_length_913_cov_15.094595	525	589	4	46	64	0.7187500
NODE_8533_length_913_cov_15.094595	562	642	0	8	80	0.1000000
NODE_8533_length_913_cov_15.094595	562	642	2	52	80	0.6500000
NODE_8533_length_913_cov_15.094595	562	642	3	11	80	0.1375000
NODE_8533_length_913_cov_15.094595	562	642	4	9	80	0.1125000
NODE_8534_length_913_cov_8.633907	305	385	0	1	80	0.0125000
NODE_8534_length_913_cov_8.633907	305	385	2	79	80	0.9875000
NODE_8534_length_913_cov_8.633907	358	429	0	5	71	0.0704225
NODE_8534_length_913_cov_8.633907	358	429	2	66	71	0.9295775
NODE_8546_length_912_cov_25.110701	419	499	0	10	80	0.1250000
NODE_8546_length_912_cov_25.110701	419	499	2	14	80	0.1750000
NODE_8546_length_912_cov_25.110701	419	499	4	12	80	0.1500000
NODE_8546_length_912_cov_25.110701	419	499	6	44	80	0.5500000
NODE_8546_length_912_cov_25.110701	472	552	2	5	80	0.0625000
NODE_8546_length_912_cov_25.110701	472	552	4	32	80	0.4000000
NODE_8546_length_912_cov_25.110701	472	552	6	43	80	0.5375000
NODE_8547_length_912_cov_20.045510	306	386	2	8	80	0.1000000
NODE_8547_length_912_cov_20.045510	306	386	4	17	80	0.2125000
NODE_8547_length_912_cov_20.045510	306	386	6	29	80	0.3625000
NODE_8547_length_912_cov_20.045510	306	386	8	26	80	0.3250000
NODE_8547_length_912_cov_20.045510	359	439	0	32	80	0.4000000
NODE_8547_length_912_cov_20.045510	359	439	2	29	80	0.3625000
NODE_8547_length_912_cov_20.045510	359	439	4	10	80	0.1250000
NODE_8547_length_912_cov_20.045510	359	439	6	6	80	0.0750000
NODE_8547_length_912_cov_20.045510	359	439	8	3	80	0.0375000
NODE_8548_length_912_cov_19.635916	326	406	0	80	80	1.0000000
NODE_8548_length_912_cov_19.635916	379	459	0	80	80	1.0000000
NODE_8549_length_912_cov_17.714637	395	475	0	80	80	1.0000000
NODE_8549_length_912_cov_17.714637	448	528	0	80	80	1.0000000
NODE_8550_length_912_cov_15.546125	355	435	0	80	80	1.0000000
NODE_8550_length_912_cov_15.546125	408	488	0	80	80	1.0000000
NODE_8551_length_912_cov_15.077491	255	291	0	36	36	1.0000000
NODE_8551_length_912_cov_15.077491	264	328	0	64	64	1.0000000
NODE_8551_length_912_cov_15.077491	415	495	2	50	80	0.6250000
NODE_8551_length_912_cov_15.077491	415	495	4	30	80	0.3750000
NODE_8551_length_912_cov_15.077491	468	548	0	50	80	0.6250000
NODE_8551_length_912_cov_15.077491	468	548	2	30	80	0.3750000
NODE_8552_length_912_cov_15.023370	361	441	10	80	80	1.0000000
NODE_8552_length_912_cov_15.023370	414	494	0	27	80	0.3375000
NODE_8552_length_912_cov_15.023370	414	494	9	1	80	0.0125000
NODE_8552_length_912_cov_15.023370	414	494	10	52	80	0.6500000
NODE_8553_length_912_cov_13.600246	61	141	2	80	80	1.0000000
NODE_8553_length_912_cov_13.600246	460	540	0	45	80	0.5625000
NODE_8553_length_912_cov_13.600246	460	540	5	23	80	0.2875000
NODE_8553_length_912_cov_13.600246	460	540	6	12	80	0.1500000
NODE_8553_length_912_cov_13.600246	513	593	5	15	80	0.1875000
NODE_8553_length_912_cov_13.600246	513	593	6	65	80	0.8125000
NODE_8554_length_912_cov_13.113161	385	465	0	80	80	1.0000000
NODE_8554_length_912_cov_13.113161	438	518	0	80	80	1.0000000
NODE_8555_length_912_cov_11.110701	353	433	0	20	80	0.2500000
NODE_8555_length_912_cov_11.110701	353	433	2	60	80	0.7500000
NODE_8555_length_912_cov_11.110701	406	486	0	48	80	0.6000000
NODE_8555_length_912_cov_11.110701	406	486	2	32	80	0.4000000
NODE_8555_length_912_cov_11.110701	827	907	0	20	80	0.2500000
NODE_8555_length_912_cov_11.110701	827	907	2	60	80	0.7500000
NODE_8555_length_912_cov_11.110701	831	854	2	23	23	1.0000000
NODE_8584_length_911_cov_173.171182	580	660	250	1	80	0.0125000
NODE_8584_length_911_cov_173.171182	580	660	259	1	80	0.0125000
NODE_8584_length_911_cov_173.171182	580	660	262	1	80	0.0125000
NODE_8584_length_911_cov_173.171182	580	660	263	1	80	0.0125000
NODE_8584_length_911_cov_173.171182	580	660	271	1	80	0.0125000
NODE_8584_length_911_cov_173.171182	580	660	284	1	80	0.0125000
NODE_8584_length_911_cov_173.171182	580	660	303	1	80	0.0125000
NODE_8584_length_911_cov_173.171182	580	660	313	1	80	0.0125000
NODE_8584_length_911_cov_173.171182	580	660	321	1	80	0.0125000
NODE_8584_length_911_cov_173.171182	580	660	330	1	80	0.0125000
NODE_8584_length_911_cov_173.171182	580	660	349	2	80	0.0250000
NODE_8584_length_911_cov_173.171182	580	660	356	1	80	0.0125000
NODE_8584_length_911_cov_173.171182	580	660	361	1	80	0.0125000
NODE_8584_length_911_cov_173.171182	580	660	368	1	80	0.0125000
NODE_8584_length_911_cov_173.171182	580	660	386	1	80	0.0125000
NODE_8584_length_911_cov_173.171182	580	660	409	1	80	0.0125000
NODE_8584_length_911_cov_173.171182	580	660	425	1	80	0.0125000
NODE_8584_length_911_cov_173.171182	580	660	436	1	80	0.0125000
NODE_8584_length_911_cov_173.171182	580	660	447	1	80	0.0125000
NODE_8584_length_911_cov_173.171182	580	660	466	1	80	0.0125000
NODE_8584_length_911_cov_173.171182	580	660	480	1	80	0.0125000
NODE_8584_length_911_cov_173.171182	580	660	481	1	80	0.0125000
NODE_8584_length_911_cov_173.171182	580	660	486	1	80	0.0125000
NODE_8584_length_911_cov_173.171182	580	660	493	1	80	0.0125000
NODE_8584_length_911_cov_173.171182	580	660	500	1	80	0.0125000
NODE_8584_length_911_cov_173.171182	580	660	509	1	80	0.0125000
NODE_8584_length_911_cov_173.171182	580	660	511	1	80	0.0125000
NODE_8584_length_911_cov_173.171182	580	660	514	1	80	0.0125000
NODE_8584_length_911_cov_173.171182	580	660	522	1	80	0.0125000
NODE_8584_length_911_cov_173.171182	580	660	545	1	80	0.0125000
NODE_8584_length_911_cov_173.171182	580	660	556	1	80	0.0125000
NODE_8584_length_911_cov_173.171182	580	660	565	1	80	0.0125000
NODE_8584_length_911_cov_173.171182	580	660	567	1	80	0.0125000
NODE_8584_length_911_cov_173.171182	580	660	573	1	80	0.0125000
NODE_8584_length_911_cov_173.171182	580	660	574	1	80	0.0125000
NODE_8584_length_911_cov_173.171182	580	660	595	2	80	0.0250000
NODE_8584_length_911_cov_173.171182	580	660	599	1	80	0.0125000
NODE_8584_length_911_cov_173.171182	580	660	609	1	80	0.0125000
NODE_8584_length_911_cov_173.171182	580	660	613	1	80	0.0125000
NODE_8584_length_911_cov_173.171182	580	660	617	1	80	0.0125000
NODE_8584_length_911_cov_173.171182	580	660	623	1	80	0.0125000
NODE_8584_length_911_cov_173.171182	580	660	627	1	80	0.0125000
NODE_8584_length_911_cov_173.171182	580	660	635	1	80	0.0125000
NODE_8584_length_911_cov_173.171182	580	660	640	1	80	0.0125000
NODE_8584_length_911_cov_173.171182	580	660	643	1	80	0.0125000
NODE_8584_length_911_cov_173.171182	580	660	648	1	80	0.0125000
NODE_8584_length_911_cov_173.171182	580	660	663	1	80	0.0125000
NODE_8584_length_911_cov_173.171182	580	660	666	1	80	0.0125000
NODE_8584_length_911_cov_173.171182	580	660	674	1	80	0.0125000
NODE_8584_length_911_cov_173.171182	580	660	684	1	80	0.0125000
NODE_8584_length_911_cov_173.171182	580	660	692	1	80	0.0125000
NODE_8584_length_911_cov_173.171182	580	660	709	1	80	0.0125000
NODE_8584_length_911_cov_173.171182	580	660	711	1	80	0.0125000
NODE_8584_length_911_cov_173.171182	580	660	713	1	80	0.0125000
NODE_8584_length_911_cov_173.171182	580	660	726	1	80	0.0125000
NODE_8584_length_911_cov_173.171182	580	660	729	1	80	0.0125000
NODE_8584_length_911_cov_173.171182	580	660	736	1	80	0.0125000
NODE_8584_length_911_cov_173.171182	580	660	744	1	80	0.0125000
NODE_8584_length_911_cov_173.171182	580	660	748	1	80	0.0125000
NODE_8584_length_911_cov_173.171182	580	660	752	1	80	0.0125000
NODE_8584_length_911_cov_173.171182	580	660	756	1	80	0.0125000
NODE_8584_length_911_cov_173.171182	580	660	777	1	80	0.0125000
NODE_8584_length_911_cov_173.171182	580	660	782	1	80	0.0125000
NODE_8584_length_911_cov_173.171182	580	660	786	1	80	0.0125000
NODE_8584_length_911_cov_173.171182	580	660	787	2	80	0.0250000
NODE_8584_length_911_cov_173.171182	580	660	788	1	80	0.0125000
NODE_8584_length_911_cov_173.171182	580	660	795	1	80	0.0125000
NODE_8584_length_911_cov_173.171182	580	660	796	1	80	0.0125000
NODE_8584_length_911_cov_173.171182	580	660	797	2	80	0.0250000
NODE_8584_length_911_cov_173.171182	580	660	802	1	80	0.0125000
NODE_8584_length_911_cov_173.171182	580	660	803	1	80	0.0125000
NODE_8584_length_911_cov_173.171182	580	660	805	3	80	0.0375000
NODE_8584_length_911_cov_173.171182	580	660	808	1	80	0.0125000
NODE_8584_length_911_cov_173.171182	580	660	811	1	80	0.0125000
NODE_8584_length_911_cov_173.171182	633	713	645	1	80	0.0125000
NODE_8584_length_911_cov_173.171182	633	713	648	2	80	0.0250000
NODE_8584_length_911_cov_173.171182	633	713	652	1	80	0.0125000
NODE_8584_length_911_cov_173.171182	633	713	653	2	80	0.0250000
NODE_8584_length_911_cov_173.171182	633	713	654	2	80	0.0250000
NODE_8584_length_911_cov_173.171182	633	713	656	1	80	0.0125000
NODE_8584_length_911_cov_173.171182	633	713	658	1	80	0.0125000
NODE_8584_length_911_cov_173.171182	633	713	659	1	80	0.0125000
NODE_8584_length_911_cov_173.171182	633	713	660	1	80	0.0125000
NODE_8584_length_911_cov_173.171182	633	713	662	1	80	0.0125000
NODE_8584_length_911_cov_173.171182	633	713	672	1	80	0.0125000
NODE_8584_length_911_cov_173.171182	633	713	678	1	80	0.0125000
NODE_8584_length_911_cov_173.171182	633	713	691	1	80	0.0125000
NODE_8584_length_911_cov_173.171182	633	713	693	1	80	0.0125000
NODE_8584_length_911_cov_173.171182	633	713	697	1	80	0.0125000
NODE_8584_length_911_cov_173.171182	633	713	708	1	80	0.0125000
NODE_8584_length_911_cov_173.171182	633	713	709	3	80	0.0375000
NODE_8584_length_911_cov_173.171182	633	713	711	1	80	0.0125000
NODE_8584_length_911_cov_173.171182	633	713	713	1	80	0.0125000
NODE_8584_length_911_cov_173.171182	633	713	718	1	80	0.0125000
NODE_8584_length_911_cov_173.171182	633	713	726	1	80	0.0125000
NODE_8584_length_911_cov_173.171182	633	713	729	2	80	0.0250000
NODE_8584_length_911_cov_173.171182	633	713	730	1	80	0.0125000
NODE_8584_length_911_cov_173.171182	633	713	736	2	80	0.0250000
NODE_8584_length_911_cov_173.171182	633	713	744	1	80	0.0125000
NODE_8584_length_911_cov_173.171182	633	713	748	1	80	0.0125000
NODE_8584_length_911_cov_173.171182	633	713	750	1	80	0.0125000
NODE_8584_length_911_cov_173.171182	633	713	752	1	80	0.0125000
NODE_8584_length_911_cov_173.171182	633	713	756	1	80	0.0125000
NODE_8584_length_911_cov_173.171182	633	713	757	1	80	0.0125000
NODE_8584_length_911_cov_173.171182	633	713	768	1	80	0.0125000
NODE_8584_length_911_cov_173.171182	633	713	777	1	80	0.0125000
NODE_8584_length_911_cov_173.171182	633	713	778	1	80	0.0125000
NODE_8584_length_911_cov_173.171182	633	713	782	1	80	0.0125000
NODE_8584_length_911_cov_173.171182	633	713	783	1	80	0.0125000
NODE_8584_length_911_cov_173.171182	633	713	784	1	80	0.0125000
NODE_8584_length_911_cov_173.171182	633	713	786	1	80	0.0125000
NODE_8584_length_911_cov_173.171182	633	713	787	2	80	0.0250000
NODE_8584_length_911_cov_173.171182	633	713	788	2	80	0.0250000
NODE_8584_length_911_cov_173.171182	633	713	790	1	80	0.0125000
NODE_8584_length_911_cov_173.171182	633	713	795	1	80	0.0125000
NODE_8584_length_911_cov_173.171182	633	713	796	2	80	0.0250000
NODE_8584_length_911_cov_173.171182	633	713	797	2	80	0.0250000
NODE_8584_length_911_cov_173.171182	633	713	801	2	80	0.0250000
NODE_8584_length_911_cov_173.171182	633	713	802	3	80	0.0375000
NODE_8584_length_911_cov_173.171182	633	713	803	1	80	0.0125000
NODE_8584_length_911_cov_173.171182	633	713	804	1	80	0.0125000
NODE_8584_length_911_cov_173.171182	633	713	805	3	80	0.0375000
NODE_8584_length_911_cov_173.171182	633	713	808	1	80	0.0125000
NODE_8584_length_911_cov_173.171182	633	713	811	1	80	0.0125000
NODE_8584_length_911_cov_173.171182	633	713	814	2	80	0.0250000
NODE_8584_length_911_cov_173.171182	633	713	816	2	80	0.0250000
NODE_8584_length_911_cov_173.171182	633	713	817	2	80	0.0250000
NODE_8584_length_911_cov_173.171182	633	713	819	3	80	0.0375000
NODE_8584_length_911_cov_173.171182	633	713	820	3	80	0.0375000
NODE_8584_length_911_cov_173.171182	633	713	822	2	80	0.0250000
NODE_8585_length_911_cov_88.250000	525	605	0	32	80	0.4000000
NODE_8585_length_911_cov_88.250000	525	605	6	14	80	0.1750000
NODE_8585_length_911_cov_88.250000	525	605	8	34	80	0.4250000
NODE_8585_length_911_cov_88.250000	578	658	2	16	80	0.2000000
NODE_8585_length_911_cov_88.250000	578	658	8	64	80	0.8000000
NODE_8586_length_911_cov_46.854680	255	335	8	44	80	0.5500000
NODE_8586_length_911_cov_46.854680	255	335	12	7	80	0.0875000
NODE_8586_length_911_cov_46.854680	255	335	14	26	80	0.3250000
NODE_8586_length_911_cov_46.854680	255	335	16	3	80	0.0375000
NODE_8586_length_911_cov_46.854680	308	388	8	9	80	0.1125000
NODE_8586_length_911_cov_46.854680	308	388	10	24	80	0.3000000
NODE_8586_length_911_cov_46.854680	308	388	14	34	80	0.4250000
NODE_8586_length_911_cov_46.854680	308	388	16	13	80	0.1625000
NODE_8586_length_911_cov_46.854680	384	464	8	50	80	0.6250000
NODE_8586_length_911_cov_46.854680	384	464	10	30	80	0.3750000
NODE_8586_length_911_cov_46.854680	437	517	0	5	80	0.0625000
NODE_8586_length_911_cov_46.854680	437	517	2	30	80	0.3750000
NODE_8586_length_911_cov_46.854680	437	517	4	16	80	0.2000000
NODE_8586_length_911_cov_46.854680	437	517	8	29	80	0.3625000
NODE_8587_length_911_cov_31.362069	301	381	0	62	80	0.7750000
NODE_8587_length_911_cov_31.362069	301	381	2	18	80	0.2250000
NODE_8587_length_911_cov_31.362069	354	434	0	9	80	0.1125000
NODE_8587_length_911_cov_31.362069	354	434	2	71	80	0.8875000
NODE_8588_length_911_cov_19.235222	445	525	4	80	80	1.0000000
NODE_8588_length_911_cov_19.235222	498	578	0	7	80	0.0875000
NODE_8588_length_911_cov_19.235222	498	578	2	38	80	0.4750000
NODE_8588_length_911_cov_19.235222	498	578	4	35	80	0.4375000
NODE_8589_length_911_cov_16.230296	233	313	0	55	80	0.6875000
NODE_8589_length_911_cov_16.230296	233	313	2	25	80	0.3125000
NODE_8589_length_911_cov_16.230296	286	366	0	2	80	0.0250000
NODE_8589_length_911_cov_16.230296	286	366	2	78	80	0.9750000
NODE_8590_length_911_cov_14.979064	472	552	0	80	80	1.0000000
NODE_8590_length_911_cov_14.979064	525	605	0	80	80	1.0000000
NODE_8591_length_911_cov_12.089901	357	409	2	52	52	1.0000000
NODE_8591_length_911_cov_12.089901	401	462	0	35	61	0.5737705
NODE_8591_length_911_cov_12.089901	401	462	2	26	61	0.4262295
NODE_8606_length_910_cov_27.838471	347	427	0	80	80	1.0000000
NODE_8606_length_910_cov_27.838471	400	480	0	80	80	1.0000000
NODE_8607_length_910_cov_25.895191	361	441	2	80	80	1.0000000
NODE_8607_length_910_cov_25.895191	414	494	0	40	80	0.5000000
NODE_8607_length_910_cov_25.895191	414	494	2	40	80	0.5000000
NODE_8608_length_910_cov_25.604192	294	374	6	25	80	0.3125000
NODE_8608_length_910_cov_25.604192	294	374	10	36	80	0.4500000
NODE_8608_length_910_cov_25.604192	294	374	12	19	80	0.2375000
NODE_8608_length_910_cov_25.604192	347	427	8	6	80	0.0750000
NODE_8608_length_910_cov_25.604192	347	427	10	27	80	0.3375000
NODE_8608_length_910_cov_25.604192	347	427	12	6	80	0.0750000
NODE_8608_length_910_cov_25.604192	347	427	14	8	80	0.1000000
NODE_8608_length_910_cov_25.604192	347	427	18	33	80	0.4125000
NODE_8608_length_910_cov_25.604192	423	503	8	21	80	0.2625000
NODE_8608_length_910_cov_25.604192	423	503	11	12	80	0.1500000
NODE_8608_length_910_cov_25.604192	423	503	14	3	80	0.0375000
NODE_8608_length_910_cov_25.604192	423	503	17	3	80	0.0375000
NODE_8608_length_910_cov_25.604192	423	503	18	8	80	0.1000000
NODE_8608_length_910_cov_25.604192	423	503	20	33	80	0.4125000
NODE_8608_length_910_cov_25.604192	476	556	12	52	80	0.6500000
NODE_8608_length_910_cov_25.604192	476	556	17	1	80	0.0125000
NODE_8608_length_910_cov_25.604192	476	556	18	8	80	0.1000000
NODE_8608_length_910_cov_25.604192	476	556	20	19	80	0.2375000
NODE_8609_length_910_cov_16.066584	656	736	6	46	80	0.5750000
NODE_8609_length_910_cov_16.066584	656	736	8	34	80	0.4250000
NODE_8609_length_910_cov_16.066584	709	789	2	6	80	0.0750000
NODE_8609_length_910_cov_16.066584	709	789	3	31	80	0.3875000
NODE_8609_length_910_cov_16.066584	709	789	5	16	80	0.2000000
NODE_8609_length_910_cov_16.066584	709	789	6	13	80	0.1625000
NODE_8609_length_910_cov_16.066584	709	789	8	14	80	0.1750000
NODE_8610_length_910_cov_14.696671	417	497	0	80	80	1.0000000
NODE_8610_length_910_cov_14.696671	470	550	0	80	80	1.0000000
NODE_8612_length_910_cov_7.114673	442	522	0	4	80	0.0500000
NODE_8612_length_910_cov_7.114673	442	522	2	76	80	0.9500000
NODE_8612_length_910_cov_7.114673	495	575	0	57	80	0.7125000
NODE_8612_length_910_cov_7.114673	495	575	2	23	80	0.2875000
NODE_8614_length_910_cov_2.992602	196	269	10	16	73	0.2191781
NODE_8614_length_910_cov_2.992602	196	269	12	30	73	0.4109589
NODE_8614_length_910_cov_2.992602	196	269	14	9	73	0.1232877
NODE_8614_length_910_cov_2.992602	196	269	16	11	73	0.1506849
NODE_8614_length_910_cov_2.992602	196	269	18	7	73	0.0958904
NODE_8614_length_910_cov_2.992602	249	329	14	2	80	0.0250000
NODE_8614_length_910_cov_2.992602	249	329	16	29	80	0.3625000
NODE_8614_length_910_cov_2.992602	249	329	18	10	80	0.1250000
NODE_8614_length_910_cov_2.992602	249	329	20	7	80	0.0875000
NODE_8614_length_910_cov_2.992602	249	329	22	23	80	0.2875000
NODE_8614_length_910_cov_2.992602	249	329	24	9	80	0.1125000
NODE_8614_length_910_cov_2.992602	386	439	4	2	53	0.0377358
NODE_8614_length_910_cov_2.992602	386	439	6	5	53	0.0943396
NODE_8614_length_910_cov_2.992602	386	439	8	20	53	0.3773585
NODE_8614_length_910_cov_2.992602	386	439	10	24	53	0.4528302
NODE_8614_length_910_cov_2.992602	386	439	14	2	53	0.0377358
NODE_8623_length_909_cov_35.291358	426	506	0	28	80	0.3500000
NODE_8623_length_909_cov_35.291358	426	506	2	52	80	0.6500000
NODE_8623_length_909_cov_35.291358	479	559	2	80	80	1.0000000
NODE_8624_length_909_cov_27.449383	311	391	0	16	80	0.2000000
NODE_8624_length_909_cov_27.449383	311	391	2	64	80	0.8000000
NODE_8624_length_909_cov_27.449383	364	444	0	54	80	0.6750000
NODE_8624_length_909_cov_27.449383	364	444	2	26	80	0.3250000
NODE_8625_length_909_cov_25.212346	295	375	0	74	80	0.9250000
NODE_8625_length_909_cov_25.212346	295	375	2	6	80	0.0750000
NODE_8625_length_909_cov_25.212346	348	428	0	21	80	0.2625000
NODE_8625_length_909_cov_25.212346	348	428	2	7	80	0.0875000
NODE_8625_length_909_cov_25.212346	348	428	6	22	80	0.2750000
NODE_8625_length_909_cov_25.212346	348	428	8	30	80	0.3750000
NODE_8626_length_909_cov_23.604938	403	483	0	33	80	0.4125000
NODE_8626_length_909_cov_23.604938	403	483	2	47	80	0.5875000
NODE_8626_length_909_cov_23.604938	456	536	2	80	80	1.0000000
NODE_8627_length_909_cov_19.070370	441	521	0	51	80	0.6375000
NODE_8627_length_909_cov_19.070370	441	521	1	27	80	0.3375000
NODE_8627_length_909_cov_19.070370	441	521	2	2	80	0.0250000
NODE_8627_length_909_cov_19.070370	494	574	1	25	80	0.3125000
NODE_8627_length_909_cov_19.070370	494	574	2	55	80	0.6875000
NODE_8628_length_909_cov_11.533333	332	412	0	80	80	1.0000000
NODE_8628_length_909_cov_11.533333	385	465	0	80	80	1.0000000
NODE_8629_length_909_cov_10.229630	497	577	2	6	80	0.0750000
NODE_8629_length_909_cov_10.229630	497	577	6	74	80	0.9250000
NODE_8629_length_909_cov_10.229630	550	622	0	40	72	0.5555556
NODE_8629_length_909_cov_10.229630	550	622	2	11	72	0.1527778
NODE_8629_length_909_cov_10.229630	550	622	6	21	72	0.2916667
NODE_8631_length_909_cov_7.122222	328	408	0	80	80	1.0000000
NODE_8631_length_909_cov_7.122222	381	461	0	80	80	1.0000000
NODE_8632_length_909_cov_4.664198	775	855	0	80	80	1.0000000
NODE_8632_length_909_cov_4.664198	828	885	0	57	57	1.0000000
NODE_8644_length_908_cov_55.546354	409	489	0	80	80	1.0000000
NODE_8644_length_908_cov_55.546354	462	542	0	80	80	1.0000000
NODE_8645_length_908_cov_18.720643	329	409	7	21	80	0.2625000
NODE_8645_length_908_cov_18.720643	329	409	9	27	80	0.3375000
NODE_8645_length_908_cov_18.720643	329	409	10	2	80	0.0250000
NODE_8645_length_908_cov_18.720643	329	409	11	30	80	0.3750000
NODE_8645_length_908_cov_18.720643	382	462	4	15	80	0.1875000
NODE_8645_length_908_cov_18.720643	382	462	10	23	80	0.2875000
NODE_8645_length_908_cov_18.720643	382	462	11	26	80	0.3250000
NODE_8645_length_908_cov_18.720643	382	462	12	16	80	0.2000000
NODE_8646_length_908_cov_14.640297	430	510	0	7	80	0.0875000
NODE_8646_length_908_cov_14.640297	430	510	2	73	80	0.9125000
NODE_8646_length_908_cov_14.640297	483	562	0	28	79	0.3544304
NODE_8646_length_908_cov_14.640297	483	562	2	51	79	0.6455696
NODE_8648_length_908_cov_10.789864	370	450	0	80	80	1.0000000
NODE_8648_length_908_cov_10.789864	423	503	0	80	80	1.0000000
NODE_8651_length_908_cov_3.737948	251	331	0	80	80	1.0000000
NODE_8651_length_908_cov_3.737948	304	384	0	80	80	1.0000000
NODE_8664_length_907_cov_22.110149	459	539	0	80	80	1.0000000
NODE_8664_length_907_cov_22.110149	512	592	0	80	80	1.0000000
NODE_8665_length_907_cov_20.943069	410	490	0	47	80	0.5875000
NODE_8665_length_907_cov_20.943069	410	490	2	29	80	0.3625000
NODE_8665_length_907_cov_20.943069	410	490	4	4	80	0.0500000
NODE_8665_length_907_cov_20.943069	463	543	2	23	80	0.2875000
NODE_8665_length_907_cov_20.943069	463	543	4	12	80	0.1500000
NODE_8665_length_907_cov_20.943069	463	543	6	45	80	0.5625000
NODE_8666_length_907_cov_19.519802	411	488	0	22	77	0.2857143
NODE_8666_length_907_cov_19.519802	411	488	2	55	77	0.7142857
NODE_8666_length_907_cov_19.519802	461	541	0	17	80	0.2125000
NODE_8666_length_907_cov_19.519802	461	541	2	63	80	0.7875000
NODE_8667_length_907_cov_17.928218	329	405	20	4	76	0.0526316
NODE_8667_length_907_cov_17.928218	329	405	21	32	76	0.4210526
NODE_8667_length_907_cov_17.928218	329	405	22	40	76	0.5263158
NODE_8667_length_907_cov_17.928218	382	462	0	15	80	0.1875000
NODE_8667_length_907_cov_17.928218	382	462	17	42	80	0.5250000
NODE_8667_length_907_cov_17.928218	382	462	21	12	80	0.1500000
NODE_8667_length_907_cov_17.928218	382	462	22	11	80	0.1375000
NODE_8668_length_907_cov_13.060644	293	373	2	8	80	0.1000000
NODE_8668_length_907_cov_13.060644	293	373	8	72	80	0.9000000
NODE_8668_length_907_cov_13.060644	346	426	6	52	80	0.6500000
NODE_8668_length_907_cov_13.060644	346	426	8	28	80	0.3500000
NODE_8669_length_907_cov_11.155941	401	462	0	61	61	1.0000000
NODE_8669_length_907_cov_11.155941	607	687	0	80	80	1.0000000
NODE_8670_length_907_cov_9.237624	247	327	0	80	80	1.0000000
NODE_8670_length_907_cov_9.237624	300	380	0	80	80	1.0000000
NODE_8671_length_907_cov_8.686881	275	365	0	90	90	1.0000000
NODE_8671_length_907_cov_8.686881	338	418	0	80	80	1.0000000
NODE_8680_length_907_cov_2.949257	503	526	0	23	23	1.0000000
NODE_8686_length_906_cov_32.369269	447	527	0	34	80	0.4250000
NODE_8686_length_906_cov_32.369269	447	527	26	11	80	0.1375000
NODE_8686_length_906_cov_32.369269	447	527	27	8	80	0.1000000
NODE_8686_length_906_cov_32.369269	447	527	33	11	80	0.1375000
NODE_8686_length_906_cov_32.369269	447	527	34	16	80	0.2000000
NODE_8686_length_906_cov_32.369269	500	580	33	11	80	0.1375000
NODE_8686_length_906_cov_32.369269	500	580	34	69	80	0.8625000
NODE_8687_length_906_cov_23.594796	196	276	5	11	80	0.1375000
NODE_8687_length_906_cov_23.594796	196	276	6	69	80	0.8625000
NODE_8687_length_906_cov_23.594796	249	329	2	45	80	0.5625000
NODE_8687_length_906_cov_23.594796	249	329	4	1	80	0.0125000
NODE_8687_length_906_cov_23.594796	249	329	5	2	80	0.0250000
NODE_8687_length_906_cov_23.594796	249	329	6	32	80	0.4000000
NODE_8688_length_906_cov_21.443618	404	484	0	25	80	0.3125000
NODE_8688_length_906_cov_21.443618	404	484	2	24	80	0.3000000
NODE_8688_length_906_cov_21.443618	404	484	4	31	80	0.3875000
NODE_8688_length_906_cov_21.443618	457	537	4	80	80	1.0000000
NODE_8689_length_906_cov_20.596035	593	634	20	9	41	0.2195122
NODE_8689_length_906_cov_20.596035	593	634	22	29	41	0.7073171
NODE_8689_length_906_cov_20.596035	593	634	23	3	41	0.0731707
NODE_8690_length_906_cov_20.429988	410	490	0	2	80	0.0250000
NODE_8690_length_906_cov_20.429988	410	490	4	62	80	0.7750000
NODE_8690_length_906_cov_20.429988	410	490	6	16	80	0.2000000
NODE_8690_length_906_cov_20.429988	463	543	2	29	80	0.3625000
NODE_8690_length_906_cov_20.429988	463	543	4	11	80	0.1375000
NODE_8690_length_906_cov_20.429988	463	543	6	40	80	0.5000000
NODE_8691_length_906_cov_20.395291	523	603	4	21	80	0.2625000
NODE_8691_length_906_cov_20.395291	523	603	8	59	80	0.7375000
NODE_8691_length_906_cov_20.395291	576	656	0	7	80	0.0875000
NODE_8691_length_906_cov_20.395291	576	656	4	38	80	0.4750000
NODE_8691_length_906_cov_20.395291	576	656	8	35	80	0.4375000
NODE_8692_length_906_cov_19.297398	255	335	2	80	80	1.0000000
NODE_8692_length_906_cov_19.297398	308	388	1	16	80	0.2000000
NODE_8692_length_906_cov_19.297398	308	388	2	64	80	0.8000000
NODE_8693_length_906_cov_18.505576	357	437	0	80	80	1.0000000
NODE_8693_length_906_cov_18.505576	410	490	0	80	80	1.0000000
NODE_8694_length_906_cov_10.068154	191	271	12	6	80	0.0750000
NODE_8694_length_906_cov_10.068154	191	271	13	65	80	0.8125000
NODE_8694_length_906_cov_10.068154	191	271	14	7	80	0.0875000
NODE_8694_length_906_cov_10.068154	191	271	18	2	80	0.0250000
NODE_8694_length_906_cov_10.068154	244	324	10	8	80	0.1000000
NODE_8694_length_906_cov_10.068154	244	324	13	18	80	0.2250000
NODE_8694_length_906_cov_10.068154	244	324	14	7	80	0.0875000
NODE_8694_length_906_cov_10.068154	244	324	16	9	80	0.1125000
NODE_8694_length_906_cov_10.068154	244	324	18	38	80	0.4750000
NODE_8695_length_906_cov_10.006196	304	384	0	25	80	0.3125000
NODE_8695_length_906_cov_10.006196	304	384	2	40	80	0.5000000
NODE_8695_length_906_cov_10.006196	304	384	10	15	80	0.1875000
NODE_8695_length_906_cov_10.006196	357	437	2	12	80	0.1500000
NODE_8695_length_906_cov_10.006196	357	437	10	68	80	0.8500000
NODE_8696_length_906_cov_8.562577	370	454	0	84	84	1.0000000
NODE_8696_length_906_cov_8.562577	423	507	0	84	84	1.0000000
NODE_8716_length_905_cov_39.203474	406	486	0	23	80	0.2875000
NODE_8716_length_905_cov_39.203474	406	486	10	1	80	0.0125000
NODE_8716_length_905_cov_39.203474	406	486	11	20	80	0.2500000
NODE_8716_length_905_cov_39.203474	406	486	13	12	80	0.1500000
NODE_8716_length_905_cov_39.203474	406	486	15	24	80	0.3000000
NODE_8716_length_905_cov_39.203474	459	539	2	7	80	0.0875000
NODE_8716_length_905_cov_39.203474	459	539	13	3	80	0.0375000
NODE_8716_length_905_cov_39.203474	459	539	15	37	80	0.4625000
NODE_8716_length_905_cov_39.203474	459	539	16	33	80	0.4125000
NODE_8717_length_905_cov_37.053350	411	491	0	34	80	0.4250000
NODE_8717_length_905_cov_37.053350	411	491	2	46	80	0.5750000
NODE_8717_length_905_cov_37.053350	464	544	2	80	80	1.0000000
NODE_8718_length_905_cov_27.426799	288	368	0	17	80	0.2125000
NODE_8718_length_905_cov_27.426799	288	368	1	2	80	0.0250000
NODE_8718_length_905_cov_27.426799	288	368	2	34	80	0.4250000
NODE_8718_length_905_cov_27.426799	288	368	4	27	80	0.3375000
NODE_8718_length_905_cov_27.426799	341	421	4	80	80	1.0000000
NODE_8719_length_905_cov_26.332506	375	455	0	17	80	0.2125000
NODE_8719_length_905_cov_26.332506	375	455	2	5	80	0.0625000
NODE_8719_length_905_cov_26.332506	375	455	8	58	80	0.7250000
NODE_8719_length_905_cov_26.332506	428	508	0	8	80	0.1000000
NODE_8719_length_905_cov_26.332506	428	508	6	11	80	0.1375000
NODE_8719_length_905_cov_26.332506	428	508	8	61	80	0.7625000
NODE_8720_length_905_cov_20.651365	377	457	0	80	80	1.0000000
NODE_8720_length_905_cov_20.651365	430	510	0	80	80	1.0000000
NODE_8721_length_905_cov_19.718362	365	445	2	10	80	0.1250000
NODE_8721_length_905_cov_19.718362	365	445	4	60	80	0.7500000
NODE_8721_length_905_cov_19.718362	365	445	6	10	80	0.1250000
NODE_8721_length_905_cov_19.718362	418	498	2	44	80	0.5500000
NODE_8721_length_905_cov_19.718362	418	498	4	26	80	0.3250000
NODE_8721_length_905_cov_19.718362	418	498	6	10	80	0.1250000
NODE_8722_length_905_cov_13.696030	366	420	4	13	54	0.2407407
NODE_8722_length_905_cov_13.696030	366	420	6	5	54	0.0925926
NODE_8722_length_905_cov_13.696030	366	420	8	9	54	0.1666667
NODE_8722_length_905_cov_13.696030	366	420	10	27	54	0.5000000
NODE_8723_length_905_cov_9.978908	222	302	0	80	80	1.0000000
NODE_8723_length_905_cov_9.978908	275	355	0	80	80	1.0000000
NODE_8725_length_905_cov_7.980149	321	401	0	80	80	1.0000000
NODE_8725_length_905_cov_7.980149	374	454	0	80	80	1.0000000
NODE_8727_length_905_cov_6.064516	459	539	0	80	80	1.0000000
NODE_8727_length_905_cov_6.064516	512	592	0	80	80	1.0000000
NODE_8742_length_905_cov_1.040943	73	119	21	9	46	0.1956522
NODE_8742_length_905_cov_1.040943	73	119	22	37	46	0.8043478
NODE_8742_length_905_cov_1.040943	126	172	1	1	46	0.0217391
NODE_8742_length_905_cov_1.040943	126	172	2	5	46	0.1086956
NODE_8742_length_905_cov_1.040943	126	172	5	1	46	0.0217391
NODE_8742_length_905_cov_1.040943	126	172	6	2	46	0.0434783
NODE_8742_length_905_cov_1.040943	126	172	7	3	46	0.0652174
NODE_8742_length_905_cov_1.040943	126	172	8	6	46	0.1304348
NODE_8742_length_905_cov_1.040943	126	172	10	1	46	0.0217391
NODE_8742_length_905_cov_1.040943	126	172	15	3	46	0.0652174
NODE_8742_length_905_cov_1.040943	126	172	16	1	46	0.0217391
NODE_8742_length_905_cov_1.040943	126	172	18	4	46	0.0869565
NODE_8742_length_905_cov_1.040943	126	172	19	17	46	0.3695652
NODE_8742_length_905_cov_1.040943	126	172	21	2	46	0.0434783
NODE_8743_length_904_cov_29.532919	338	418	2	36	80	0.4500000
NODE_8743_length_904_cov_29.532919	338	418	4	44	80	0.5500000
NODE_8743_length_904_cov_29.532919	391	471	0	5	80	0.0625000
NODE_8743_length_904_cov_29.532919	391	471	2	42	80	0.5250000
NODE_8743_length_904_cov_29.532919	391	471	4	33	80	0.4125000
NODE_8743_length_904_cov_29.532919	467	547	0	80	80	1.0000000
NODE_8743_length_904_cov_29.532919	520	600	0	35	80	0.4375000
NODE_8743_length_904_cov_29.532919	520	600	2	45	80	0.5625000
NODE_8744_length_904_cov_28.844720	371	451	20	74	80	0.9250000
NODE_8744_length_904_cov_28.844720	371	451	22	6	80	0.0750000
NODE_8744_length_904_cov_28.844720	424	504	3	12	80	0.1500000
NODE_8744_length_904_cov_28.844720	424	504	9	6	80	0.0750000
NODE_8744_length_904_cov_28.844720	424	504	12	7	80	0.0875000
NODE_8744_length_904_cov_28.844720	424	504	17	1	80	0.0125000
NODE_8744_length_904_cov_28.844720	424	504	18	3	80	0.0375000
NODE_8744_length_904_cov_28.844720	424	504	20	45	80	0.5625000
NODE_8744_length_904_cov_28.844720	424	504	22	6	80	0.0750000
NODE_8745_length_904_cov_26.977640	488	568	0	80	80	1.0000000
NODE_8745_length_904_cov_26.977640	541	621	0	80	80	1.0000000
NODE_8746_length_904_cov_24.529193	464	544	0	9	80	0.1125000
NODE_8746_length_904_cov_24.529193	464	544	2	71	80	0.8875000
NODE_8746_length_904_cov_24.529193	517	597	0	62	80	0.7750000
NODE_8746_length_904_cov_24.529193	517	597	2	18	80	0.2250000
NODE_8747_length_904_cov_24.452174	507	587	4	80	80	1.0000000
NODE_8747_length_904_cov_24.452174	560	640	0	48	80	0.6000000
NODE_8747_length_904_cov_24.452174	560	640	4	32	80	0.4000000
NODE_8748_length_904_cov_19.649689	307	387	0	49	80	0.6125000
NODE_8748_length_904_cov_19.649689	307	387	8	31	80	0.3875000
NODE_8748_length_904_cov_19.649689	360	440	4	27	80	0.3375000
NODE_8748_length_904_cov_19.649689	360	440	6	2	80	0.0250000
NODE_8748_length_904_cov_19.649689	360	440	7	5	80	0.0625000
NODE_8748_length_904_cov_19.649689	360	440	8	46	80	0.5750000
NODE_8748_length_904_cov_19.649689	595	675	0	1	80	0.0125000
NODE_8748_length_904_cov_19.649689	595	675	2	79	80	0.9875000
NODE_8748_length_904_cov_19.649689	648	728	0	54	80	0.6750000
NODE_8748_length_904_cov_19.649689	648	728	2	26	80	0.3250000
NODE_8750_length_904_cov_16.608696	252	332	0	80	80	1.0000000
NODE_8750_length_904_cov_16.608696	305	385	0	80	80	1.0000000
NODE_8750_length_904_cov_16.608696	381	461	0	10	80	0.1250000
NODE_8750_length_904_cov_16.608696	381	461	2	52	80	0.6500000
NODE_8750_length_904_cov_16.608696	381	461	4	5	80	0.0625000
NODE_8750_length_904_cov_16.608696	381	461	6	13	80	0.1625000
NODE_8750_length_904_cov_16.608696	434	514	2	9	80	0.1125000
NODE_8750_length_904_cov_16.608696	434	514	4	35	80	0.4375000
NODE_8750_length_904_cov_16.608696	434	514	6	36	80	0.4500000
NODE_8751_length_904_cov_15.811180	431	511	0	21	80	0.2625000
NODE_8751_length_904_cov_15.811180	431	511	2	34	80	0.4250000
NODE_8751_length_904_cov_15.811180	431	511	6	25	80	0.3125000
NODE_8751_length_904_cov_15.811180	484	564	2	2	80	0.0250000
NODE_8751_length_904_cov_15.811180	484	564	4	26	80	0.3250000
NODE_8751_length_904_cov_15.811180	484	564	6	52	80	0.6500000
NODE_8752_length_904_cov_9.249689	581	661	1	33	80	0.4125000
NODE_8752_length_904_cov_9.249689	581	661	2	47	80	0.5875000
NODE_8752_length_904_cov_9.249689	634	714	0	3	80	0.0375000
NODE_8752_length_904_cov_9.249689	634	714	1	40	80	0.5000000
NODE_8752_length_904_cov_9.249689	634	714	2	37	80	0.4625000
NODE_8756_length_904_cov_4.772671	318	398	0	1	80	0.0125000
NODE_8756_length_904_cov_4.772671	318	398	1	21	80	0.2625000
NODE_8756_length_904_cov_4.772671	318	398	3	12	80	0.1500000
NODE_8756_length_904_cov_4.772671	318	398	4	46	80	0.5750000
NODE_8756_length_904_cov_4.772671	371	451	2	19	80	0.2375000
NODE_8756_length_904_cov_4.772671	371	451	4	61	80	0.7625000
NODE_8773_length_903_cov_58.723881	386	466	0	13	80	0.1625000
NODE_8773_length_903_cov_58.723881	386	466	2	45	80	0.5625000
NODE_8773_length_903_cov_58.723881	386	466	6	22	80	0.2750000
NODE_8773_length_903_cov_58.723881	439	519	2	5	80	0.0625000
NODE_8773_length_903_cov_58.723881	439	519	6	75	80	0.9375000
NODE_8773_length_903_cov_58.723881	515	595	0	36	80	0.4500000
NODE_8773_length_903_cov_58.723881	515	595	4	28	80	0.3500000
NODE_8773_length_903_cov_58.723881	515	595	6	16	80	0.2000000
NODE_8773_length_903_cov_58.723881	568	648	0	80	80	1.0000000
NODE_8774_length_903_cov_41.298507	397	477	0	3	80	0.0375000
NODE_8774_length_903_cov_41.298507	397	477	2	23	80	0.2875000
NODE_8774_length_903_cov_41.298507	397	477	4	8	80	0.1000000
NODE_8774_length_903_cov_41.298507	397	477	5	17	80	0.2125000
NODE_8774_length_903_cov_41.298507	397	477	6	27	80	0.3375000
NODE_8774_length_903_cov_41.298507	397	477	7	2	80	0.0250000
NODE_8774_length_903_cov_41.298507	450	530	0	56	80	0.7000000
NODE_8774_length_903_cov_41.298507	450	530	2	23	80	0.2875000
NODE_8774_length_903_cov_41.298507	450	530	4	1	80	0.0125000
NODE_8775_length_903_cov_28.691542	394	474	4	56	80	0.7000000
NODE_8775_length_903_cov_28.691542	394	474	5	6	80	0.0750000
NODE_8775_length_903_cov_28.691542	394	474	6	9	80	0.1125000
NODE_8775_length_903_cov_28.691542	394	474	8	9	80	0.1125000
NODE_8775_length_903_cov_28.691542	447	527	0	5	80	0.0625000
NODE_8775_length_903_cov_28.691542	447	527	4	66	80	0.8250000
NODE_8775_length_903_cov_28.691542	447	527	5	6	80	0.0750000
NODE_8775_length_903_cov_28.691542	447	527	6	3	80	0.0375000
NODE_8776_length_903_cov_26.276119	441	521	2	80	80	1.0000000
NODE_8776_length_903_cov_26.276119	494	574	0	41	80	0.5125000
NODE_8776_length_903_cov_26.276119	494	574	2	39	80	0.4875000
NODE_8778_length_903_cov_18.166667	351	431	0	80	80	1.0000000
NODE_8778_length_903_cov_18.166667	404	484	0	80	80	1.0000000
NODE_8779_length_903_cov_15.460199	440	520	0	23	80	0.2875000
NODE_8779_length_903_cov_15.460199	440	520	4	57	80	0.7125000
NODE_8779_length_903_cov_15.460199	493	573	4	80	80	1.0000000
NODE_8780_length_903_cov_15.084577	352	432	10	41	80	0.5125000
NODE_8780_length_903_cov_15.084577	352	432	12	39	80	0.4875000
NODE_8780_length_903_cov_15.084577	405	485	2	4	80	0.0500000
NODE_8780_length_903_cov_15.084577	405	485	6	3	80	0.0375000
NODE_8780_length_903_cov_15.084577	405	485	10	34	80	0.4250000
NODE_8780_length_903_cov_15.084577	405	485	12	39	80	0.4875000
NODE_8781_length_903_cov_15.070896	367	447	0	10	80	0.1250000
NODE_8781_length_903_cov_15.070896	367	447	2	70	80	0.8750000
NODE_8781_length_903_cov_15.070896	420	500	2	80	80	1.0000000
NODE_8782_length_903_cov_14.004975	318	399	0	81	81	1.0000000
NODE_8782_length_903_cov_14.004975	372	452	0	80	80	1.0000000
NODE_8783_length_903_cov_10.546020	150	230	0	80	80	1.0000000
NODE_8783_length_903_cov_10.546020	203	283	0	80	80	1.0000000
NODE_8784_length_903_cov_9.288557	373	453	0	1	80	0.0125000
NODE_8784_length_903_cov_9.288557	373	453	2	79	80	0.9875000
NODE_8784_length_903_cov_9.288557	426	506	0	47	80	0.5875000
NODE_8784_length_903_cov_9.288557	426	506	2	33	80	0.4125000
NODE_8785_length_903_cov_8.052239	439	519	0	80	80	1.0000000
NODE_8785_length_903_cov_8.052239	492	572	0	80	80	1.0000000
NODE_8798_length_902_cov_64.459527	355	435	0	4	80	0.0500000
NODE_8798_length_902_cov_64.459527	355	435	8	76	80	0.9500000
NODE_8798_length_902_cov_64.459527	408	488	0	57	80	0.7125000
NODE_8798_length_902_cov_64.459527	408	488	8	23	80	0.2875000
NODE_8798_length_902_cov_64.459527	484	564	0	51	80	0.6375000
NODE_8798_length_902_cov_64.459527	484	564	2	29	80	0.3625000
NODE_8798_length_902_cov_64.459527	537	617	2	80	80	1.0000000
NODE_8799_length_902_cov_60.823163	395	475	0	25	80	0.3125000
NODE_8799_length_902_cov_60.823163	395	475	4	55	80	0.6875000
NODE_8799_length_902_cov_60.823163	448	528	0	78	80	0.9750000
NODE_8799_length_902_cov_60.823163	448	528	4	2	80	0.0250000
NODE_8800_length_902_cov_44.002491	383	463	2	47	80	0.5875000
NODE_8800_length_902_cov_44.002491	383	463	4	6	80	0.0750000
NODE_8800_length_902_cov_44.002491	383	463	5	1	80	0.0125000
NODE_8800_length_902_cov_44.002491	383	463	6	26	80	0.3250000
NODE_8800_length_902_cov_44.002491	436	516	4	59	80	0.7375000
NODE_8800_length_902_cov_44.002491	436	516	6	21	80	0.2625000
NODE_8801_length_902_cov_41.059776	378	458	11	15	80	0.1875000
NODE_8801_length_902_cov_41.059776	378	458	15	16	80	0.2000000
NODE_8801_length_902_cov_41.059776	378	458	16	49	80	0.6125000
NODE_8801_length_902_cov_41.059776	431	511	0	4	80	0.0500000
NODE_8801_length_902_cov_41.059776	431	511	3	1	80	0.0125000
NODE_8801_length_902_cov_41.059776	431	511	4	14	80	0.1750000
NODE_8801_length_902_cov_41.059776	431	511	8	8	80	0.1000000
NODE_8801_length_902_cov_41.059776	431	511	11	6	80	0.0750000
NODE_8801_length_902_cov_41.059776	431	511	14	1	80	0.0125000
NODE_8801_length_902_cov_41.059776	431	511	15	12	80	0.1500000
NODE_8801_length_902_cov_41.059776	431	511	16	34	80	0.4250000
NODE_8802_length_902_cov_38.952677	372	452	0	80	80	1.0000000
NODE_8802_length_902_cov_38.952677	425	505	0	29	80	0.3625000
NODE_8802_length_902_cov_38.952677	425	505	2	51	80	0.6375000
NODE_8803_length_902_cov_34.156912	373	453	0	54	80	0.6750000
NODE_8803_length_902_cov_34.156912	373	453	2	26	80	0.3250000
NODE_8803_length_902_cov_34.156912	426	506	0	1	80	0.0125000
NODE_8803_length_902_cov_34.156912	426	506	2	79	80	0.9875000
NODE_8804_length_902_cov_23.007472	295	375	0	80	80	1.0000000
NODE_8804_length_902_cov_23.007472	348	428	0	80	80	1.0000000
NODE_8805_length_902_cov_19.491905	238	291	9	22	53	0.4150943
NODE_8805_length_902_cov_19.491905	238	291	14	1	53	0.0188679
NODE_8805_length_902_cov_19.491905	238	291	15	5	53	0.0943396
NODE_8805_length_902_cov_19.491905	238	291	16	6	53	0.1132075
NODE_8805_length_902_cov_19.491905	238	291	18	19	53	0.3584906
NODE_8805_length_902_cov_19.491905	264	344	15	2	80	0.0250000
NODE_8805_length_902_cov_19.491905	264	344	16	6	80	0.0750000
NODE_8805_length_902_cov_19.491905	264	344	17	7	80	0.0875000
NODE_8805_length_902_cov_19.491905	264	344	18	65	80	0.8125000
NODE_8806_length_902_cov_10.794521	214	294	0	27	80	0.3375000
NODE_8806_length_902_cov_10.794521	214	294	2	53	80	0.6625000
NODE_8806_length_902_cov_10.794521	267	347	0	26	80	0.3250000
NODE_8806_length_902_cov_10.794521	267	347	2	54	80	0.6750000
NODE_8807_length_902_cov_9.520548	518	598	2	80	80	1.0000000
NODE_8807_length_902_cov_9.520548	571	651	1	30	80	0.3750000
NODE_8807_length_902_cov_9.520548	571	651	2	50	80	0.6250000
NODE_8808_length_902_cov_8.323786	337	417	0	80	80	1.0000000
NODE_8808_length_902_cov_8.323786	390	470	0	80	80	1.0000000
NODE_8811_length_902_cov_7.300125	434	514	0	80	80	1.0000000
NODE_8811_length_902_cov_7.300125	487	567	0	80	80	1.0000000
NODE_8812_length_902_cov_4.185554	505	585	0	55	80	0.6875000
NODE_8812_length_902_cov_4.185554	505	585	2	25	80	0.3125000
NODE_8812_length_902_cov_4.185554	558	588	0	2	30	0.0666667
NODE_8812_length_902_cov_4.185554	558	588	2	28	30	0.9333333
NODE_8812_length_902_cov_4.185554	610	662	2	52	52	1.0000000
NODE_8830_length_902_cov_0.963885	82	106	0	24	24	1.0000000
NODE_8832_length_901_cov_36.066085	412	490	6	1	78	0.0128205
NODE_8832_length_901_cov_36.066085	412	490	8	7	78	0.0897436
NODE_8832_length_901_cov_36.066085	412	490	10	15	78	0.1923077
NODE_8832_length_901_cov_36.066085	412	490	12	55	78	0.7051282
NODE_8832_length_901_cov_36.066085	463	543	2	14	80	0.1750000
NODE_8832_length_901_cov_36.066085	463	543	6	35	80	0.4375000
NODE_8832_length_901_cov_36.066085	463	543	8	2	80	0.0250000
NODE_8832_length_901_cov_36.066085	463	543	10	17	80	0.2125000
NODE_8832_length_901_cov_36.066085	463	543	12	12	80	0.1500000
NODE_8833_length_901_cov_28.129676	377	457	0	80	80	1.0000000
NODE_8833_length_901_cov_28.129676	430	510	0	80	80	1.0000000
NODE_8834_length_901_cov_26.763092	272	352	2	55	80	0.6875000
NODE_8834_length_901_cov_26.763092	272	352	6	25	80	0.3125000
NODE_8834_length_901_cov_26.763092	325	405	2	2	80	0.0250000
NODE_8834_length_901_cov_26.763092	325	405	4	33	80	0.4125000
NODE_8834_length_901_cov_26.763092	325	405	6	45	80	0.5625000
NODE_8834_length_901_cov_26.763092	401	481	0	33	80	0.4125000
NODE_8834_length_901_cov_26.763092	401	481	4	47	80	0.5875000
NODE_8834_length_901_cov_26.763092	454	534	0	80	80	1.0000000
NODE_8835_length_901_cov_25.628429	369	449	0	24	80	0.3000000
NODE_8835_length_901_cov_25.628429	369	449	2	56	80	0.7000000
NODE_8835_length_901_cov_25.628429	422	502	0	26	80	0.3250000
NODE_8835_length_901_cov_25.628429	422	502	2	54	80	0.6750000
NODE_8836_length_901_cov_17.857855	408	488	0	42	80	0.5250000
NODE_8836_length_901_cov_17.857855	408	488	2	38	80	0.4750000
NODE_8836_length_901_cov_17.857855	461	541	0	6	80	0.0750000
NODE_8836_length_901_cov_17.857855	461	541	2	74	80	0.9250000
NODE_8837_length_901_cov_16.254364	362	442	0	80	80	1.0000000
NODE_8837_length_901_cov_16.254364	415	495	0	80	80	1.0000000
NODE_8838_length_901_cov_8.346633	321	401	0	80	80	1.0000000
NODE_8838_length_901_cov_8.346633	374	454	0	80	80	1.0000000
NODE_8840_length_901_cov_6.044888	363	443	0	41	80	0.5125000
NODE_8840_length_901_cov_6.044888	363	443	6	2	80	0.0250000
NODE_8840_length_901_cov_6.044888	363	443	7	37	80	0.4625000
NODE_8840_length_901_cov_6.044888	416	496	7	30	80	0.3750000
NODE_8840_length_901_cov_6.044888	416	496	8	50	80	0.6250000
NODE_8845_length_901_cov_3.814214	194	274	0	80	80	1.0000000
NODE_8845_length_901_cov_3.814214	247	326	0	79	79	1.0000000
NODE_8857_length_900_cov_30.284644	407	487	0	80	80	1.0000000
NODE_8857_length_900_cov_30.284644	460	540	0	80	80	1.0000000
NODE_8858_length_900_cov_29.679151	425	505	0	78	80	0.9750000
NODE_8858_length_900_cov_29.679151	425	505	2	2	80	0.0250000
NODE_8858_length_900_cov_29.679151	478	558	0	25	80	0.3125000
NODE_8858_length_900_cov_29.679151	478	558	2	55	80	0.6875000
NODE_8859_length_900_cov_25.963795	321	401	0	45	80	0.5625000
NODE_8859_length_900_cov_25.963795	321	401	2	27	80	0.3375000
NODE_8859_length_900_cov_25.963795	321	401	9	1	80	0.0125000
NODE_8859_length_900_cov_25.963795	321	401	10	7	80	0.0875000
NODE_8859_length_900_cov_25.963795	374	454	2	19	80	0.2375000
NODE_8859_length_900_cov_25.963795	374	454	9	1	80	0.0125000
NODE_8859_length_900_cov_25.963795	374	454	10	20	80	0.2500000
NODE_8859_length_900_cov_25.963795	374	454	16	5	80	0.0625000
NODE_8859_length_900_cov_25.963795	374	454	20	4	80	0.0500000
NODE_8859_length_900_cov_25.963795	374	454	22	31	80	0.3875000
NODE_8860_length_900_cov_17.681648	530	606	0	76	76	1.0000000
NODE_8860_length_900_cov_17.681648	583	659	0	76	76	1.0000000
NODE_8861_length_900_cov_16.294632	316	396	0	5	80	0.0625000
NODE_8861_length_900_cov_16.294632	316	396	2	17	80	0.2125000
NODE_8861_length_900_cov_16.294632	316	396	4	3	80	0.0375000
NODE_8861_length_900_cov_16.294632	316	396	6	55	80	0.6875000
NODE_8861_length_900_cov_16.294632	369	449	2	6	80	0.0750000
NODE_8861_length_900_cov_16.294632	369	449	4	43	80	0.5375000
NODE_8861_length_900_cov_16.294632	369	449	6	31	80	0.3875000
NODE_8863_length_900_cov_5.962547	0	70	0	3	70	0.0428571
NODE_8863_length_900_cov_5.962547	0	70	2	4	70	0.0571429
NODE_8863_length_900_cov_5.962547	0	70	3	1	70	0.0142857
NODE_8863_length_900_cov_5.962547	0	70	5	6	70	0.0857143
NODE_8863_length_900_cov_5.962547	0	70	9	10	70	0.1428571
NODE_8863_length_900_cov_5.962547	0	70	11	11	70	0.1571429
NODE_8863_length_900_cov_5.962547	0	70	13	4	70	0.0571429
NODE_8863_length_900_cov_5.962547	0	70	15	5	70	0.0714286
NODE_8863_length_900_cov_5.962547	0	70	17	26	70	0.3714286
NODE_8863_length_900_cov_5.962547	43	108	12	1	65	0.0153846
NODE_8863_length_900_cov_5.962547	43	108	13	2	65	0.0307692
NODE_8863_length_900_cov_5.962547	43	108	15	1	65	0.0153846
NODE_8863_length_900_cov_5.962547	43	108	17	61	65	0.9384615
NODE_8870_length_900_cov_2.521848	85	165	0	80	80	1.0000000
NODE_8870_length_900_cov_2.521848	138	218	0	80	80	1.0000000
NODE_8879_length_899_cov_45.853750	380	460	2	10	80	0.1250000
NODE_8879_length_899_cov_45.853750	380	460	10	50	80	0.6250000
NODE_8879_length_899_cov_45.853750	380	460	12	20	80	0.2500000
NODE_8879_length_899_cov_45.853750	433	516	0	12	83	0.1445783
NODE_8879_length_899_cov_45.853750	433	516	8	4	83	0.0481928
NODE_8879_length_899_cov_45.853750	433	516	10	36	83	0.4337350
NODE_8879_length_899_cov_45.853750	433	516	12	31	83	0.3734940
NODE_8880_length_899_cov_37.758750	381	461	0	11	80	0.1375000
NODE_8880_length_899_cov_37.758750	381	461	2	9	80	0.1125000
NODE_8880_length_899_cov_37.758750	381	461	4	9	80	0.1125000
NODE_8880_length_899_cov_37.758750	381	461	6	51	80	0.6375000
NODE_8880_length_899_cov_37.758750	434	514	2	1	80	0.0125000
NODE_8880_length_899_cov_37.758750	434	514	4	49	80	0.6125000
NODE_8880_length_899_cov_37.758750	434	514	6	30	80	0.3750000
NODE_8881_length_899_cov_27.362500	413	493	0	26	80	0.3250000
NODE_8881_length_899_cov_27.362500	413	493	2	23	80	0.2875000
NODE_8881_length_899_cov_27.362500	413	493	4	31	80	0.3875000
NODE_8881_length_899_cov_27.362500	466	546	4	80	80	1.0000000
NODE_8882_length_899_cov_20.563750	379	459	0	80	80	1.0000000
NODE_8882_length_899_cov_20.563750	432	507	0	36	75	0.4800000
NODE_8882_length_899_cov_20.563750	432	507	2	39	75	0.5200000
NODE_8884_length_899_cov_17.130000	319	399	0	8	80	0.1000000
NODE_8884_length_899_cov_17.130000	319	399	2	72	80	0.9000000
NODE_8884_length_899_cov_17.130000	372	452	0	14	80	0.1750000
NODE_8884_length_899_cov_17.130000	372	452	2	66	80	0.8250000
NODE_8885_length_899_cov_16.317500	270	350	0	80	80	1.0000000
NODE_8885_length_899_cov_16.317500	323	403	0	31	80	0.3875000
NODE_8885_length_899_cov_16.317500	323	403	2	49	80	0.6125000
NODE_8886_length_899_cov_16.190000	284	364	2	80	80	1.0000000
NODE_8886_length_899_cov_16.190000	337	417	0	31	80	0.3875000
NODE_8886_length_899_cov_16.190000	337	417	2	49	80	0.6125000
NODE_8887_length_899_cov_13.873750	317	397	0	80	80	1.0000000
NODE_8887_length_899_cov_13.873750	370	450	0	80	80	1.0000000
NODE_8888_length_899_cov_12.957500	240	320	0	80	80	1.0000000
NODE_8888_length_899_cov_12.957500	293	373	0	80	80	1.0000000
NODE_8889_length_899_cov_12.516250	387	467	0	27	80	0.3375000
NODE_8889_length_899_cov_12.516250	387	467	2	53	80	0.6625000
NODE_8889_length_899_cov_12.516250	440	520	0	21	80	0.2625000
NODE_8889_length_899_cov_12.516250	440	520	2	59	80	0.7375000
NODE_8890_length_899_cov_10.846250	348	428	0	65	80	0.8125000
NODE_8890_length_899_cov_10.846250	348	428	2	15	80	0.1875000
NODE_8890_length_899_cov_10.846250	401	485	0	12	84	0.1428571
NODE_8890_length_899_cov_10.846250	401	485	2	72	84	0.8571429
NODE_8891_length_899_cov_9.185000	347	427	0	80	80	1.0000000
NODE_8891_length_899_cov_9.185000	400	480	0	80	80	1.0000000
NODE_8892_length_899_cov_8.655000	498	578	0	19	80	0.2375000
NODE_8892_length_899_cov_8.655000	498	578	2	61	80	0.7625000
NODE_8892_length_899_cov_8.655000	551	631	0	14	80	0.1750000
NODE_8892_length_899_cov_8.655000	551	631	2	66	80	0.8250000
NODE_8893_length_899_cov_3.551250	0	54	0	30	54	0.5555556
NODE_8893_length_899_cov_3.551250	0	54	4	1	54	0.0185185
NODE_8893_length_899_cov_3.551250	0	54	6	6	54	0.1111111
NODE_8893_length_899_cov_3.551250	0	54	8	17	54	0.3148148
NODE_8893_length_899_cov_3.551250	27	107	0	3	80	0.0375000
NODE_8893_length_899_cov_3.551250	27	107	4	1	80	0.0125000
NODE_8893_length_899_cov_3.551250	27	107	6	7	80	0.0875000
NODE_8893_length_899_cov_3.551250	27	107	7	3	80	0.0375000
NODE_8893_length_899_cov_3.551250	27	107	8	66	80	0.8250000
NODE_8893_length_899_cov_3.551250	103	183	2	42	80	0.5250000
NODE_8893_length_899_cov_3.551250	103	183	4	1	80	0.0125000
NODE_8893_length_899_cov_3.551250	103	183	6	18	80	0.2250000
NODE_8893_length_899_cov_3.551250	103	183	7	5	80	0.0625000
NODE_8893_length_899_cov_3.551250	103	183	8	14	80	0.1750000
NODE_8893_length_899_cov_3.551250	156	179	2	23	23	1.0000000
NODE_8914_length_898_cov_52.405507	299	379	2	34	80	0.4250000
NODE_8914_length_898_cov_52.405507	299	379	4	46	80	0.5750000
NODE_8914_length_898_cov_52.405507	352	432	0	28	80	0.3500000
NODE_8914_length_898_cov_52.405507	352	432	2	52	80	0.6500000
NODE_8914_length_898_cov_52.405507	428	508	0	80	80	1.0000000
NODE_8914_length_898_cov_52.405507	481	561	0	80	80	1.0000000
NODE_8915_length_898_cov_44.973717	363	443	0	80	80	1.0000000
NODE_8915_length_898_cov_44.973717	416	496	0	80	80	1.0000000
NODE_8916_length_898_cov_38.269086	425	505	2	53	80	0.6625000
NODE_8916_length_898_cov_38.269086	425	505	3	27	80	0.3375000
NODE_8916_length_898_cov_38.269086	478	558	2	4	80	0.0500000
NODE_8916_length_898_cov_38.269086	478	558	3	27	80	0.3375000
NODE_8916_length_898_cov_38.269086	478	558	4	49	80	0.6125000
NODE_8917_length_898_cov_27.006258	465	545	6	27	80	0.3375000
NODE_8917_length_898_cov_27.006258	465	545	7	1	80	0.0125000
NODE_8917_length_898_cov_27.006258	465	545	10	1	80	0.0125000
NODE_8917_length_898_cov_27.006258	465	545	11	1	80	0.0125000
NODE_8917_length_898_cov_27.006258	465	545	12	50	80	0.6250000
NODE_8917_length_898_cov_27.006258	518	598	0	22	80	0.2750000
NODE_8917_length_898_cov_27.006258	518	598	6	58	80	0.7250000
NODE_8918_length_898_cov_25.902378	185	265	0	80	80	1.0000000
NODE_8918_length_898_cov_25.902378	238	318	0	80	80	1.0000000
NODE_8918_length_898_cov_25.902378	314	394	0	24	80	0.3000000
NODE_8918_length_898_cov_25.902378	314	394	4	54	80	0.6750000
NODE_8918_length_898_cov_25.902378	314	394	8	2	80	0.0250000
NODE_8918_length_898_cov_25.902378	367	447	4	25	80	0.3125000
NODE_8918_length_898_cov_25.902378	367	447	8	55	80	0.6875000
NODE_8919_length_898_cov_25.209011	368	448	0	79	80	0.9875000
NODE_8919_length_898_cov_25.209011	368	448	2	1	80	0.0125000
NODE_8919_length_898_cov_25.209011	421	501	0	26	80	0.3250000
NODE_8919_length_898_cov_25.209011	421	501	2	51	80	0.6375000
NODE_8919_length_898_cov_25.209011	421	501	4	3	80	0.0375000
NODE_8920_length_898_cov_21.923655	325	405	0	80	80	1.0000000
NODE_8920_length_898_cov_21.923655	378	458	0	80	80	1.0000000
NODE_8921_length_898_cov_21.065081	306	386	2	12	80	0.1500000
NODE_8921_length_898_cov_21.065081	306	386	4	22	80	0.2750000
NODE_8921_length_898_cov_21.065081	306	386	5	7	80	0.0875000
NODE_8921_length_898_cov_21.065081	306	386	6	1	80	0.0125000
NODE_8921_length_898_cov_21.065081	306	386	7	2	80	0.0250000
NODE_8921_length_898_cov_21.065081	306	386	8	36	80	0.4500000
NODE_8921_length_898_cov_21.065081	359	439	4	21	80	0.2625000
NODE_8921_length_898_cov_21.065081	359	439	6	30	80	0.3750000
NODE_8921_length_898_cov_21.065081	359	439	8	29	80	0.3625000
NODE_8922_length_898_cov_20.954944	374	454	0	28	80	0.3500000
NODE_8922_length_898_cov_20.954944	374	454	8	52	80	0.6500000
NODE_8922_length_898_cov_20.954944	427	507	8	80	80	1.0000000
NODE_8923_length_898_cov_17.387985	398	478	0	11	80	0.1375000
NODE_8923_length_898_cov_17.387985	398	478	2	69	80	0.8625000
NODE_8923_length_898_cov_17.387985	451	531	0	26	80	0.3250000
NODE_8923_length_898_cov_17.387985	451	531	2	54	80	0.6750000
NODE_8924_length_898_cov_17.252816	265	345	0	80	80	1.0000000
NODE_8924_length_898_cov_17.252816	318	398	0	80	80	1.0000000
NODE_8926_length_898_cov_13.152691	455	535	0	80	80	1.0000000
NODE_8926_length_898_cov_13.152691	508	588	0	80	80	1.0000000
NODE_8927_length_898_cov_12.612015	375	455	7	9	80	0.1125000
NODE_8927_length_898_cov_12.612015	375	455	9	71	80	0.8875000
NODE_8927_length_898_cov_12.612015	428	508	0	20	80	0.2500000
NODE_8927_length_898_cov_12.612015	428	508	2	1	80	0.0125000
NODE_8927_length_898_cov_12.612015	428	508	4	1	80	0.0125000
NODE_8927_length_898_cov_12.612015	428	508	5	29	80	0.3625000
NODE_8927_length_898_cov_12.612015	428	508	7	11	80	0.1375000
NODE_8927_length_898_cov_12.612015	428	508	9	18	80	0.2250000
NODE_8928_length_898_cov_12.498123	428	508	0	41	80	0.5125000
NODE_8928_length_898_cov_12.498123	428	508	2	7	80	0.0875000
NODE_8928_length_898_cov_12.498123	428	508	4	32	80	0.4000000
NODE_8928_length_898_cov_12.498123	481	561	4	80	80	1.0000000
NODE_8932_length_898_cov_1.790989	0	56	2	56	56	1.0000000
NODE_8932_length_898_cov_1.790989	29	93	2	62	64	0.9687500
NODE_8932_length_898_cov_1.790989	29	93	6	2	64	0.0312500
NODE_8944_length_897_cov_63.921053	350	430	0	38	80	0.4750000
NODE_8944_length_897_cov_63.921053	350	430	2	42	80	0.5250000
NODE_8944_length_897_cov_63.921053	403	483	0	80	80	1.0000000
NODE_8945_length_897_cov_58.921053	316	396	2	61	80	0.7625000
NODE_8945_length_897_cov_58.921053	316	396	6	19	80	0.2375000
NODE_8945_length_897_cov_58.921053	369	449	2	8	80	0.1000000
NODE_8945_length_897_cov_58.921053	369	449	4	9	80	0.1125000
NODE_8945_length_897_cov_58.921053	369	449	6	63	80	0.7875000
NODE_8946_length_897_cov_35.946115	324	404	0	67	80	0.8375000
NODE_8946_length_897_cov_35.946115	324	404	1	12	80	0.1500000
NODE_8946_length_897_cov_35.946115	324	404	2	1	80	0.0125000
NODE_8946_length_897_cov_35.946115	377	457	0	14	80	0.1750000
NODE_8946_length_897_cov_35.946115	377	457	1	12	80	0.1500000
NODE_8946_length_897_cov_35.946115	377	457	2	54	80	0.6750000
NODE_8947_length_897_cov_25.548872	238	318	5	3	80	0.0375000
NODE_8947_length_897_cov_25.548872	238	318	10	77	80	0.9625000
NODE_8947_length_897_cov_25.548872	291	371	5	13	80	0.1625000
NODE_8947_length_897_cov_25.548872	291	371	9	1	80	0.0125000
NODE_8947_length_897_cov_25.548872	291	371	10	66	80	0.8250000
NODE_8948_length_897_cov_24.913534	399	479	0	80	80	1.0000000
NODE_8948_length_897_cov_24.913534	452	532	0	80	80	1.0000000
NODE_8949_length_897_cov_21.839599	308	388	0	64	80	0.8000000
NODE_8949_length_897_cov_21.839599	308	388	4	16	80	0.2000000
NODE_8949_length_897_cov_21.839599	361	441	0	11	80	0.1375000
NODE_8949_length_897_cov_21.839599	361	441	4	28	80	0.3500000
NODE_8949_length_897_cov_21.839599	361	441	6	41	80	0.5125000
NODE_8950_length_897_cov_19.355890	489	569	0	80	80	1.0000000
NODE_8950_length_897_cov_19.355890	542	622	0	80	80	1.0000000
NODE_8951_length_897_cov_16.295739	209	289	8	43	80	0.5375000
NODE_8951_length_897_cov_16.295739	209	289	12	37	80	0.4625000
NODE_8951_length_897_cov_16.295739	262	342	4	51	80	0.6375000
NODE_8951_length_897_cov_16.295739	262	342	12	29	80	0.3625000
NODE_8952_length_897_cov_14.766917	395	475	4	80	80	1.0000000
NODE_8952_length_897_cov_14.766917	448	528	0	3	80	0.0375000
NODE_8952_length_897_cov_14.766917	448	528	4	77	80	0.9625000
NODE_8953_length_897_cov_14.219298	253	333	0	15	80	0.1875000
NODE_8953_length_897_cov_14.219298	253	333	2	65	80	0.8125000
NODE_8953_length_897_cov_14.219298	306	386	0	68	80	0.8500000
NODE_8953_length_897_cov_14.219298	306	386	2	12	80	0.1500000
NODE_8954_length_897_cov_11.116541	182	262	4	23	80	0.2875000
NODE_8954_length_897_cov_11.116541	182	262	8	57	80	0.7125000
NODE_8954_length_897_cov_11.116541	235	315	4	14	80	0.1750000
NODE_8954_length_897_cov_11.116541	235	315	8	66	80	0.8250000
NODE_8955_length_897_cov_8.211779	303	383	0	80	80	1.0000000
NODE_8955_length_897_cov_8.211779	356	436	0	80	80	1.0000000
NODE_8973_length_896_cov_48.249686	397	477	0	68	80	0.8500000
NODE_8973_length_896_cov_48.249686	397	477	2	12	80	0.1500000
NODE_8973_length_896_cov_48.249686	450	530	0	15	80	0.1875000
NODE_8973_length_896_cov_48.249686	450	530	2	65	80	0.8125000
NODE_8974_length_896_cov_24.824341	213	293	0	80	80	1.0000000
NODE_8974_length_896_cov_24.824341	266	346	0	52	80	0.6500000
NODE_8974_length_896_cov_24.824341	266	346	2	28	80	0.3500000
NODE_8975_length_896_cov_23.130489	333	413	0	44	80	0.5500000
NODE_8975_length_896_cov_23.130489	333	413	2	36	80	0.4500000
NODE_8975_length_896_cov_23.130489	386	466	2	80	80	1.0000000
NODE_8975_length_896_cov_23.130489	462	542	0	74	80	0.9250000
NODE_8975_length_896_cov_23.130489	462	542	2	6	80	0.0750000
NODE_8975_length_896_cov_23.130489	515	595	0	80	80	1.0000000
NODE_8976_length_896_cov_20.673777	361	441	2	7	80	0.0875000
NODE_8976_length_896_cov_20.673777	361	441	4	3	80	0.0375000
NODE_8976_length_896_cov_20.673777	361	441	6	70	80	0.8750000
NODE_8976_length_896_cov_20.673777	414	497	0	34	83	0.4096386
NODE_8976_length_896_cov_20.673777	414	497	4	25	83	0.3012048
NODE_8976_length_896_cov_20.673777	414	497	6	24	83	0.2891566
NODE_8977_length_896_cov_18.979925	418	498	2	9	80	0.1125000
NODE_8977_length_896_cov_18.979925	418	498	6	31	80	0.3875000
NODE_8977_length_896_cov_18.979925	418	498	7	34	80	0.4250000
NODE_8977_length_896_cov_18.979925	418	498	8	6	80	0.0750000
NODE_8977_length_896_cov_18.979925	471	551	2	62	80	0.7750000
NODE_8977_length_896_cov_18.979925	471	551	7	12	80	0.1500000
NODE_8977_length_896_cov_18.979925	471	551	8	6	80	0.0750000
NODE_8978_length_896_cov_15.875784	340	420	0	80	80	1.0000000
NODE_8978_length_896_cov_15.875784	393	473	0	80	80	1.0000000
NODE_8980_length_896_cov_10.646173	337	417	0	19	80	0.2375000
NODE_8980_length_896_cov_10.646173	337	417	5	1	80	0.0125000
NODE_8980_length_896_cov_10.646173	337	417	6	60	80	0.7500000
NODE_8980_length_896_cov_10.646173	390	470	0	4	80	0.0500000
NODE_8980_length_896_cov_10.646173	390	470	6	76	80	0.9500000
NODE_8981_length_896_cov_10.351317	327	407	0	11	80	0.1375000
NODE_8981_length_896_cov_10.351317	327	407	4	12	80	0.1500000
NODE_8981_length_896_cov_10.351317	327	407	6	41	80	0.5125000
NODE_8981_length_896_cov_10.351317	327	407	10	16	80	0.2000000
NODE_8981_length_896_cov_10.351317	380	460	4	11	80	0.1375000
NODE_8981_length_896_cov_10.351317	380	460	6	11	80	0.1375000
NODE_8981_length_896_cov_10.351317	380	460	8	6	80	0.0750000
NODE_8981_length_896_cov_10.351317	380	460	10	52	80	0.6500000
NODE_8982_length_896_cov_9.754078	411	491	1	5	80	0.0625000
NODE_8982_length_896_cov_9.754078	411	491	2	26	80	0.3250000
NODE_8982_length_896_cov_9.754078	411	491	3	4	80	0.0500000
NODE_8982_length_896_cov_9.754078	411	491	4	45	80	0.5625000
NODE_8982_length_896_cov_9.754078	464	544	4	80	80	1.0000000
NODE_8983_length_896_cov_8.069009	340	422	2	82	82	1.0000000
NODE_8983_length_896_cov_8.069009	395	475	0	51	80	0.6375000
NODE_8983_length_896_cov_8.069009	395	475	2	29	80	0.3625000
NODE_8986_length_896_cov_4.939774	384	464	2	80	80	1.0000000
NODE_8986_length_896_cov_4.939774	437	517	0	8	80	0.1000000
NODE_8986_length_896_cov_4.939774	437	517	2	72	80	0.9000000
NODE_9005_length_895_cov_54.949749	378	458	4	24	80	0.3000000
NODE_9005_length_895_cov_54.949749	378	458	5	53	80	0.6625000
NODE_9005_length_895_cov_54.949749	378	458	6	3	80	0.0375000
NODE_9005_length_895_cov_54.949749	431	511	2	35	80	0.4375000
NODE_9005_length_895_cov_54.949749	431	511	5	24	80	0.3000000
NODE_9005_length_895_cov_54.949749	431	511	6	21	80	0.2625000
NODE_9006_length_895_cov_53.945980	306	386	4	9	80	0.1125000
NODE_9006_length_895_cov_53.945980	306	386	6	38	80	0.4750000
NODE_9006_length_895_cov_53.945980	306	386	8	33	80	0.4125000
NODE_9006_length_895_cov_53.945980	359	439	0	4	80	0.0500000
NODE_9006_length_895_cov_53.945980	359	439	2	7	80	0.0875000
NODE_9006_length_895_cov_53.945980	359	439	4	30	80	0.3750000
NODE_9006_length_895_cov_53.945980	359	439	8	39	80	0.4875000
NODE_9007_length_895_cov_48.915829	369	449	0	36	80	0.4500000
NODE_9007_length_895_cov_48.915829	369	449	6	33	80	0.4125000
NODE_9007_length_895_cov_48.915829	369	449	7	2	80	0.0250000
NODE_9007_length_895_cov_48.915829	369	449	8	9	80	0.1125000
NODE_9007_length_895_cov_48.915829	422	502	6	18	80	0.2250000
NODE_9007_length_895_cov_48.915829	422	502	7	22	80	0.2750000
NODE_9007_length_895_cov_48.915829	422	502	8	40	80	0.5000000
NODE_9007_length_895_cov_48.915829	498	578	4	11	80	0.1375000
NODE_9007_length_895_cov_48.915829	498	578	6	42	80	0.5250000
NODE_9007_length_895_cov_48.915829	498	578	7	2	80	0.0250000
NODE_9007_length_895_cov_48.915829	498	578	8	13	80	0.1625000
NODE_9007_length_895_cov_48.915829	498	578	10	12	80	0.1500000
NODE_9007_length_895_cov_48.915829	551	631	4	17	80	0.2125000
NODE_9007_length_895_cov_48.915829	551	631	6	7	80	0.0875000
NODE_9007_length_895_cov_48.915829	551	631	8	34	80	0.4250000
NODE_9007_length_895_cov_48.915829	551	631	10	22	80	0.2750000
NODE_9008_length_895_cov_38.347990	452	532	0	80	80	1.0000000
NODE_9008_length_895_cov_38.347990	505	585	0	80	80	1.0000000
NODE_9009_length_895_cov_33.716080	418	499	0	31	81	0.3827161
NODE_9009_length_895_cov_33.716080	418	499	2	50	81	0.6172839
NODE_9009_length_895_cov_33.716080	472	552	0	18	80	0.2250000
NODE_9009_length_895_cov_33.716080	472	552	2	62	80	0.7750000
NODE_9010_length_895_cov_21.630653	392	468	0	17	76	0.2236842
NODE_9010_length_895_cov_21.630653	392	468	2	59	76	0.7763158
NODE_9010_length_895_cov_21.630653	441	521	0	38	80	0.4750000
NODE_9010_length_895_cov_21.630653	441	521	2	42	80	0.5250000
NODE_9011_length_895_cov_19.932161	331	411	0	80	80	1.0000000
NODE_9011_length_895_cov_19.932161	384	464	0	80	80	1.0000000
NODE_9011_length_895_cov_19.932161	460	540	0	80	80	1.0000000
NODE_9011_length_895_cov_19.932161	513	593	0	80	80	1.0000000
NODE_9012_length_895_cov_16.037688	403	479	2	2	76	0.0263158
NODE_9012_length_895_cov_16.037688	403	479	4	42	76	0.5526316
NODE_9012_length_895_cov_16.037688	403	479	6	32	76	0.4210526
NODE_9012_length_895_cov_16.037688	452	532	2	26	80	0.3250000
NODE_9012_length_895_cov_16.037688	452	532	4	36	80	0.4500000
NODE_9012_length_895_cov_16.037688	452	532	6	18	80	0.2250000
NODE_9013_length_895_cov_13.003769	372	452	0	8	80	0.1000000
NODE_9013_length_895_cov_13.003769	372	452	2	10	80	0.1250000
NODE_9013_length_895_cov_13.003769	372	452	6	3	80	0.0375000
NODE_9013_length_895_cov_13.003769	372	452	8	59	80	0.7375000
NODE_9013_length_895_cov_13.003769	425	491	4	15	66	0.2272727
NODE_9013_length_895_cov_13.003769	425	491	6	10	66	0.1515152
NODE_9013_length_895_cov_13.003769	425	491	8	41	66	0.6212121
NODE_9014_length_895_cov_12.736181	280	360	0	49	80	0.6125000
NODE_9014_length_895_cov_12.736181	280	360	2	31	80	0.3875000
NODE_9014_length_895_cov_12.736181	333	413	2	80	80	1.0000000
NODE_9015_length_895_cov_11.090452	505	585	0	80	80	1.0000000
NODE_9015_length_895_cov_11.090452	558	638	0	80	80	1.0000000
NODE_9016_length_895_cov_9.266332	468	548	0	46	80	0.5750000
NODE_9016_length_895_cov_9.266332	468	548	2	34	80	0.4250000
NODE_9016_length_895_cov_9.266332	521	601	2	80	80	1.0000000
NODE_9018_length_895_cov_5.659548	472	552	2	80	80	1.0000000
NODE_9018_length_895_cov_5.659548	525	605	0	30	80	0.3750000
NODE_9018_length_895_cov_5.659548	525	605	2	50	80	0.6250000
NODE_9019_length_895_cov_5.383166	42	123	2	81	81	1.0000000
NODE_9030_length_894_cov_60.153459	446	526	0	26	80	0.3250000
NODE_9030_length_894_cov_60.153459	446	526	2	54	80	0.6750000
NODE_9030_length_894_cov_60.153459	499	579	0	79	80	0.9875000
NODE_9030_length_894_cov_60.153459	499	579	2	1	80	0.0125000
NODE_9031_length_894_cov_49.618868	373	453	0	32	80	0.4000000
NODE_9031_length_894_cov_49.618868	373	453	2	48	80	0.6000000
NODE_9031_length_894_cov_49.618868	426	506	0	22	80	0.2750000
NODE_9031_length_894_cov_49.618868	426	506	2	58	80	0.7250000
NODE_9032_length_894_cov_33.228931	459	539	2	30	80	0.3750000
NODE_9032_length_894_cov_33.228931	459	539	3	35	80	0.4375000
NODE_9032_length_894_cov_33.228931	459	539	4	10	80	0.1250000
NODE_9032_length_894_cov_33.228931	459	539	6	5	80	0.0625000
NODE_9032_length_894_cov_33.228931	512	592	2	13	80	0.1625000
NODE_9032_length_894_cov_33.228931	512	592	3	2	80	0.0250000
NODE_9032_length_894_cov_33.228931	512	592	4	60	80	0.7500000
NODE_9032_length_894_cov_33.228931	512	592	6	5	80	0.0625000
NODE_9033_length_894_cov_31.933333	411	491	6	24	80	0.3000000
NODE_9033_length_894_cov_31.933333	411	491	8	14	80	0.1750000
NODE_9033_length_894_cov_31.933333	411	491	12	40	80	0.5000000
NODE_9033_length_894_cov_31.933333	411	491	14	2	80	0.0250000
NODE_9033_length_894_cov_31.933333	464	544	6	5	80	0.0625000
NODE_9033_length_894_cov_31.933333	464	544	8	51	80	0.6375000
NODE_9033_length_894_cov_31.933333	464	544	12	22	80	0.2750000
NODE_9033_length_894_cov_31.933333	464	544	14	2	80	0.0250000
NODE_9034_length_894_cov_30.499371	270	350	0	80	80	1.0000000
NODE_9034_length_894_cov_30.499371	323	403	0	80	80	1.0000000
NODE_9034_length_894_cov_30.499371	399	479	0	80	80	1.0000000
NODE_9034_length_894_cov_30.499371	452	532	0	80	80	1.0000000
NODE_9035_length_894_cov_23.046541	79	159	0	80	80	1.0000000
NODE_9035_length_894_cov_23.046541	132	212	0	80	80	1.0000000
NODE_9036_length_894_cov_22.266667	381	461	0	80	80	1.0000000
NODE_9036_length_894_cov_22.266667	434	514	0	80	80	1.0000000
NODE_9037_length_894_cov_21.997484	332	412	0	80	80	1.0000000
NODE_9037_length_894_cov_21.997484	385	465	0	80	80	1.0000000
NODE_9038_length_894_cov_21.205031	319	399	6	80	80	1.0000000
NODE_9038_length_894_cov_21.205031	372	452	0	31	80	0.3875000
NODE_9038_length_894_cov_21.205031	372	452	6	49	80	0.6125000
NODE_9038_length_894_cov_21.205031	448	528	0	9	80	0.1125000
NODE_9038_length_894_cov_21.205031	448	528	2	33	80	0.4125000
NODE_9038_length_894_cov_21.205031	448	528	4	14	80	0.1750000
NODE_9038_length_894_cov_21.205031	448	528	8	24	80	0.3000000
NODE_9038_length_894_cov_21.205031	501	581	4	3	80	0.0375000
NODE_9038_length_894_cov_21.205031	501	581	6	11	80	0.1375000
NODE_9038_length_894_cov_21.205031	501	581	8	66	80	0.8250000
NODE_9039_length_894_cov_21.132075	422	502	0	80	80	1.0000000
NODE_9039_length_894_cov_21.132075	475	555	0	80	80	1.0000000
NODE_9040_length_894_cov_15.598742	338	418	2	63	80	0.7875000
NODE_9040_length_894_cov_15.598742	338	418	4	17	80	0.2125000
NODE_9040_length_894_cov_15.598742	391	471	2	55	80	0.6875000
NODE_9040_length_894_cov_15.598742	391	471	4	25	80	0.3125000
NODE_9041_length_894_cov_14.079245	344	424	2	80	80	1.0000000
NODE_9041_length_894_cov_14.079245	397	477	0	14	80	0.1750000
NODE_9041_length_894_cov_14.079245	397	477	2	66	80	0.8250000
NODE_9042_length_894_cov_13.031447	336	416	0	9	80	0.1125000
NODE_9042_length_894_cov_13.031447	336	416	2	71	80	0.8875000
NODE_9042_length_894_cov_13.031447	389	469	2	80	80	1.0000000
NODE_9043_length_894_cov_13.031447	353	433	0	48	80	0.6000000
NODE_9043_length_894_cov_13.031447	353	433	2	32	80	0.4000000
NODE_9043_length_894_cov_13.031447	406	486	2	80	80	1.0000000
NODE_9044_length_894_cov_9.706918	330	410	20	80	80	1.0000000
NODE_9045_length_894_cov_6.963522	378	458	0	80	80	1.0000000
NODE_9045_length_894_cov_6.963522	431	511	0	80	80	1.0000000
NODE_9046_length_894_cov_4.993711	365	445	0	80	80	1.0000000
NODE_9046_length_894_cov_4.993711	418	498	0	80	80	1.0000000
NODE_9066_length_893_cov_59.134761	261	341	0	4	80	0.0500000
NODE_9066_length_893_cov_59.134761	261	341	2	16	80	0.2000000
NODE_9066_length_893_cov_59.134761	261	341	4	39	80	0.4875000
NODE_9066_length_893_cov_59.134761	261	341	8	15	80	0.1875000
NODE_9066_length_893_cov_59.134761	261	341	10	6	80	0.0750000
NODE_9066_length_893_cov_59.134761	314	394	2	17	80	0.2125000
NODE_9066_length_893_cov_59.134761	314	394	4	6	80	0.0750000
NODE_9066_length_893_cov_59.134761	314	394	6	6	80	0.0750000
NODE_9066_length_893_cov_59.134761	314	394	8	44	80	0.5500000
NODE_9066_length_893_cov_59.134761	314	394	10	7	80	0.0875000
NODE_9067_length_893_cov_58.991184	388	468	0	9	80	0.1125000
NODE_9067_length_893_cov_58.991184	388	468	2	28	80	0.3500000
NODE_9067_length_893_cov_58.991184	388	468	4	43	80	0.5375000
NODE_9067_length_893_cov_58.991184	441	521	2	37	80	0.4625000
NODE_9067_length_893_cov_58.991184	441	521	4	43	80	0.5375000
NODE_9067_length_893_cov_58.991184	517	597	2	11	80	0.1375000
NODE_9067_length_893_cov_58.991184	517	597	4	16	80	0.2000000
NODE_9067_length_893_cov_58.991184	517	597	5	1	80	0.0125000
NODE_9067_length_893_cov_58.991184	517	597	6	3	80	0.0375000
NODE_9067_length_893_cov_58.991184	517	597	11	38	80	0.4750000
NODE_9067_length_893_cov_58.991184	517	597	12	6	80	0.0750000
NODE_9067_length_893_cov_58.991184	517	597	13	5	80	0.0625000
NODE_9067_length_893_cov_58.991184	570	650	8	1	80	0.0125000
NODE_9067_length_893_cov_58.991184	570	650	10	10	80	0.1250000
NODE_9067_length_893_cov_58.991184	570	650	11	21	80	0.2625000
NODE_9067_length_893_cov_58.991184	570	650	12	48	80	0.6000000
NODE_9068_length_893_cov_55.644836	434	514	0	80	80	1.0000000
NODE_9068_length_893_cov_55.644836	487	567	0	44	80	0.5500000
NODE_9068_length_893_cov_55.644836	487	567	2	36	80	0.4500000
NODE_9068_length_893_cov_55.644836	563	643	2	24	80	0.3000000
NODE_9068_length_893_cov_55.644836	563	643	4	56	80	0.7000000
NODE_9068_length_893_cov_55.644836	616	696	2	24	80	0.3000000
NODE_9068_length_893_cov_55.644836	616	696	4	56	80	0.7000000
NODE_9069_length_893_cov_54.803526	479	559	0	80	80	1.0000000
NODE_9069_length_893_cov_54.803526	532	612	0	80	80	1.0000000
NODE_9070_length_893_cov_38.147355	391	471	0	43	80	0.5375000
NODE_9070_length_893_cov_38.147355	391	471	4	7	80	0.0875000
NODE_9070_length_893_cov_38.147355	391	471	8	30	80	0.3750000
NODE_9070_length_893_cov_38.147355	444	524	4	10	80	0.1250000
NODE_9070_length_893_cov_38.147355	444	524	8	70	80	0.8750000
NODE_9071_length_893_cov_33.690176	387	467	0	24	80	0.3000000
NODE_9071_length_893_cov_33.690176	387	467	2	53	80	0.6625000
NODE_9071_length_893_cov_33.690176	387	467	4	3	80	0.0375000
NODE_9071_length_893_cov_33.690176	440	520	2	38	80	0.4750000
NODE_9071_length_893_cov_33.690176	440	520	4	42	80	0.5250000
NODE_9072_length_893_cov_32.162469	524	604	0	38	80	0.4750000
NODE_9072_length_893_cov_32.162469	524	604	1	2	80	0.0250000
NODE_9072_length_893_cov_32.162469	524	604	2	40	80	0.5000000
NODE_9072_length_893_cov_32.162469	577	657	2	80	80	1.0000000
NODE_9073_length_893_cov_31.916877	344	424	0	58	80	0.7250000
NODE_9073_length_893_cov_31.916877	344	424	3	22	80	0.2750000
NODE_9073_length_893_cov_31.916877	397	477	0	5	80	0.0625000
NODE_9073_length_893_cov_31.916877	397	477	3	22	80	0.2750000
NODE_9073_length_893_cov_31.916877	397	477	5	53	80	0.6625000
NODE_9074_length_893_cov_28.693955	437	517	0	80	80	1.0000000
NODE_9074_length_893_cov_28.693955	490	570	0	80	80	1.0000000
NODE_9075_length_893_cov_23.564232	363	443	2	80	80	1.0000000
NODE_9075_length_893_cov_23.564232	416	496	0	22	80	0.2750000
NODE_9075_length_893_cov_23.564232	416	496	2	58	80	0.7250000
NODE_9076_length_893_cov_22.633501	272	352	4	3	80	0.0375000
NODE_9076_length_893_cov_22.633501	272	352	6	15	80	0.1875000
NODE_9076_length_893_cov_22.633501	272	352	8	62	80	0.7750000
NODE_9076_length_893_cov_22.633501	272	352	4	3	80	0.0375000
NODE_9076_length_893_cov_22.633501	272	352	6	15	80	0.1875000
NODE_9076_length_893_cov_22.633501	272	352	8	62	80	0.7750000
NODE_9076_length_893_cov_22.633501	272	352	4	3	80	0.0375000
NODE_9076_length_893_cov_22.633501	272	352	6	15	80	0.1875000
NODE_9076_length_893_cov_22.633501	272	352	8	62	80	0.7750000
NODE_9076_length_893_cov_22.633501	325	405	6	3	80	0.0375000
NODE_9076_length_893_cov_22.633501	325	405	8	46	80	0.5750000
NODE_9076_length_893_cov_22.633501	325	405	10	20	80	0.2500000
NODE_9076_length_893_cov_22.633501	325	405	12	11	80	0.1375000
NODE_9076_length_893_cov_22.633501	325	405	6	3	80	0.0375000
NODE_9076_length_893_cov_22.633501	325	405	8	46	80	0.5750000
NODE_9076_length_893_cov_22.633501	325	405	10	20	80	0.2500000
NODE_9076_length_893_cov_22.633501	325	405	12	11	80	0.1375000
NODE_9076_length_893_cov_22.633501	325	405	6	3	80	0.0375000
NODE_9076_length_893_cov_22.633501	325	405	8	46	80	0.5750000
NODE_9076_length_893_cov_22.633501	325	405	10	20	80	0.2500000
NODE_9076_length_893_cov_22.633501	325	405	12	11	80	0.1375000
NODE_9076_length_893_cov_22.633501	401	481	10	7	80	0.0875000
NODE_9076_length_893_cov_22.633501	401	481	12	37	80	0.4625000
NODE_9076_length_893_cov_22.633501	401	481	14	28	80	0.3500000
NODE_9076_length_893_cov_22.633501	401	481	16	8	80	0.1000000
NODE_9076_length_893_cov_22.633501	454	534	2	7	80	0.0875000
NODE_9076_length_893_cov_22.633501	454	534	4	1	80	0.0125000
NODE_9076_length_893_cov_22.633501	454	534	6	18	80	0.2250000
NODE_9076_length_893_cov_22.633501	454	534	8	1	80	0.0125000
NODE_9076_length_893_cov_22.633501	454	534	10	3	80	0.0375000
NODE_9076_length_893_cov_22.633501	454	534	12	29	80	0.3625000
NODE_9076_length_893_cov_22.633501	454	534	14	13	80	0.1625000
NODE_9076_length_893_cov_22.633501	454	534	16	8	80	0.1000000
NODE_9077_length_893_cov_22.403023	453	533	0	37	80	0.4625000
NODE_9077_length_893_cov_22.403023	453	533	1	43	80	0.5375000
NODE_9077_length_893_cov_22.403023	506	586	0	80	80	1.0000000
NODE_9078_length_893_cov_19.423174	298	378	0	80	80	1.0000000
NODE_9078_length_893_cov_19.423174	351	431	0	36	80	0.4500000
NODE_9078_length_893_cov_19.423174	351	431	2	13	80	0.1625000
NODE_9078_length_893_cov_19.423174	351	431	4	31	80	0.3875000
NODE_9078_length_893_cov_19.423174	427	507	4	27	80	0.3375000
NODE_9078_length_893_cov_19.423174	427	507	6	11	80	0.1375000
NODE_9078_length_893_cov_19.423174	427	507	8	2	80	0.0250000
NODE_9078_length_893_cov_19.423174	427	507	9	40	80	0.5000000
NODE_9078_length_893_cov_19.423174	480	560	5	10	80	0.1250000
NODE_9078_length_893_cov_19.423174	480	560	7	13	80	0.1625000
NODE_9078_length_893_cov_19.423174	480	560	8	4	80	0.0500000
NODE_9078_length_893_cov_19.423174	480	560	9	53	80	0.6625000
NODE_9079_length_893_cov_19.389169	360	440	0	52	80	0.6500000
NODE_9079_length_893_cov_19.389169	360	440	2	28	80	0.3500000
NODE_9079_length_893_cov_19.389169	413	493	0	80	80	1.0000000
NODE_9079_length_893_cov_19.389169	489	569	0	80	80	1.0000000
NODE_9079_length_893_cov_19.389169	542	622	0	80	80	1.0000000
NODE_9080_length_893_cov_18.152393	394	474	0	80	80	1.0000000
NODE_9080_length_893_cov_18.152393	447	527	0	80	80	1.0000000
NODE_9081_length_893_cov_15.960957	442	522	0	80	80	1.0000000
NODE_9081_length_893_cov_15.960957	495	575	0	80	80	1.0000000
NODE_9082_length_893_cov_13.119647	473	553	0	80	80	1.0000000
NODE_9082_length_893_cov_13.119647	526	606	0	80	80	1.0000000
NODE_9084_length_893_cov_5.549118	353	415	0	27	62	0.4354839
NODE_9084_length_893_cov_5.549118	353	415	2	35	62	0.5645161
NODE_9100_length_893_cov_1.141058	28	108	0	6	80	0.0750000
NODE_9100_length_893_cov_1.141058	28	108	2	25	80	0.3125000
NODE_9100_length_893_cov_1.141058	28	108	4	49	80	0.6125000
NODE_9104_length_892_cov_74.968474	333	413	6	74	80	0.9250000
NODE_9104_length_892_cov_74.968474	333	413	8	6	80	0.0750000
NODE_9104_length_892_cov_74.968474	386	466	0	7	80	0.0875000
NODE_9104_length_892_cov_74.968474	386	466	2	34	80	0.4250000
NODE_9104_length_892_cov_74.968474	386	466	6	39	80	0.4875000
NODE_9104_length_892_cov_74.968474	462	542	0	80	80	1.0000000
NODE_9104_length_892_cov_74.968474	515	595	0	80	80	1.0000000
NODE_9105_length_892_cov_54.549811	463	550	0	87	87	1.0000000
NODE_9105_length_892_cov_54.549811	523	603	0	80	80	1.0000000
NODE_9105_length_892_cov_54.549811	599	679	0	80	80	1.0000000
NODE_9106_length_892_cov_37.887768	373	453	0	80	80	1.0000000
NODE_9106_length_892_cov_37.887768	426	506	0	80	80	1.0000000
NODE_9107_length_892_cov_19.732661	361	441	0	16	80	0.2000000
NODE_9107_length_892_cov_19.732661	361	441	2	2	80	0.0250000
NODE_9107_length_892_cov_19.732661	361	441	4	62	80	0.7750000
NODE_9107_length_892_cov_19.732661	414	494	2	6	80	0.0750000
NODE_9107_length_892_cov_19.732661	414	494	4	67	80	0.8375000
NODE_9107_length_892_cov_19.732661	414	494	6	7	80	0.0875000
NODE_9108_length_892_cov_19.052963	290	370	4	3	80	0.0375000
NODE_9108_length_892_cov_19.052963	290	370	10	22	80	0.2750000
NODE_9108_length_892_cov_19.052963	290	370	12	55	80	0.6875000
NODE_9108_length_892_cov_19.052963	343	423	0	21	80	0.2625000
NODE_9108_length_892_cov_19.052963	343	423	2	11	80	0.1375000
NODE_9108_length_892_cov_19.052963	343	423	4	19	80	0.2375000
NODE_9108_length_892_cov_19.052963	343	423	10	11	80	0.1375000
NODE_9108_length_892_cov_19.052963	343	423	12	18	80	0.2250000
NODE_9108_length_892_cov_19.052963	419	499	0	6	80	0.0750000
NODE_9108_length_892_cov_19.052963	419	499	2	74	80	0.9250000
NODE_9108_length_892_cov_19.052963	472	552	0	33	80	0.4125000
NODE_9108_length_892_cov_19.052963	472	552	2	47	80	0.5875000
NODE_9109_length_892_cov_17.276166	341	421	0	5	80	0.0625000
NODE_9109_length_892_cov_17.276166	341	421	2	75	80	0.9375000
NODE_9109_length_892_cov_17.276166	394	474	0	22	80	0.2750000
NODE_9109_length_892_cov_17.276166	394	474	2	58	80	0.7250000
NODE_9110_length_892_cov_16.312736	411	491	0	80	80	1.0000000
NODE_9110_length_892_cov_16.312736	464	544	0	80	80	1.0000000
NODE_9111_length_892_cov_15.808323	395	475	2	43	80	0.5375000
NODE_9111_length_892_cov_15.808323	395	475	4	37	80	0.4625000
NODE_9111_length_892_cov_15.808323	448	528	4	80	80	1.0000000
NODE_9112_length_892_cov_14.020177	522	602	0	80	80	1.0000000
NODE_9112_length_892_cov_14.020177	575	655	0	80	80	1.0000000
NODE_9114_length_892_cov_8.798235	400	480	0	26	80	0.3250000
NODE_9114_length_892_cov_8.798235	400	480	6	54	80	0.6750000
NODE_9114_length_892_cov_8.798235	453	533	6	37	80	0.4625000
NODE_9114_length_892_cov_8.798235	453	533	8	43	80	0.5375000
NODE_9115_length_892_cov_8.413619	428	508	2	41	80	0.5125000
NODE_9115_length_892_cov_8.413619	428	508	3	9	80	0.1125000
NODE_9115_length_892_cov_8.413619	428	508	5	30	80	0.3750000
NODE_9115_length_892_cov_8.413619	481	561	4	42	80	0.5250000
NODE_9115_length_892_cov_8.413619	481	561	5	38	80	0.4750000
NODE_9116_length_892_cov_6.694830	374	454	2	12	80	0.1500000
NODE_9116_length_892_cov_6.694830	374	454	4	41	80	0.5125000
NODE_9116_length_892_cov_6.694830	374	454	6	27	80	0.3375000
NODE_9116_length_892_cov_6.694830	427	507	0	4	80	0.0500000
NODE_9116_length_892_cov_6.694830	427	507	2	49	80	0.6125000
NODE_9116_length_892_cov_6.694830	427	507	4	20	80	0.2500000
NODE_9116_length_892_cov_6.694830	427	507	6	7	80	0.0875000
NODE_9134_length_891_cov_30.166667	295	375	2	27	80	0.3375000
NODE_9134_length_891_cov_30.166667	295	375	6	31	80	0.3875000
NODE_9134_length_891_cov_30.166667	295	375	8	22	80	0.2750000
NODE_9134_length_891_cov_30.166667	348	428	0	10	80	0.1250000
NODE_9134_length_891_cov_30.166667	348	428	6	70	80	0.8750000
NODE_9135_length_891_cov_26.333333	319	399	2	3	80	0.0375000
NODE_9135_length_891_cov_26.333333	319	399	6	1	80	0.0125000
NODE_9135_length_891_cov_26.333333	319	399	10	76	80	0.9500000
NODE_9135_length_891_cov_26.333333	372	452	0	45	80	0.5625000
NODE_9135_length_891_cov_26.333333	372	452	2	11	80	0.1375000
NODE_9135_length_891_cov_26.333333	372	452	6	1	80	0.0125000
NODE_9135_length_891_cov_26.333333	372	452	10	23	80	0.2875000
NODE_9136_length_891_cov_22.228535	336	416	0	12	80	0.1500000
NODE_9136_length_891_cov_22.228535	336	416	2	42	80	0.5250000
NODE_9136_length_891_cov_22.228535	336	416	3	5	80	0.0625000
NODE_9136_length_891_cov_22.228535	336	416	4	21	80	0.2625000
NODE_9136_length_891_cov_22.228535	389	469	2	20	80	0.2500000
NODE_9136_length_891_cov_22.228535	389	469	3	5	80	0.0625000
NODE_9136_length_891_cov_22.228535	389	469	4	55	80	0.6875000
NODE_9137_length_891_cov_20.446970	377	457	2	80	80	1.0000000
NODE_9137_length_891_cov_20.446970	430	510	1	24	80	0.3000000
NODE_9137_length_891_cov_20.446970	430	510	2	56	80	0.7000000
NODE_9138_length_891_cov_20.226010	310	390	0	80	80	1.0000000
NODE_9138_length_891_cov_20.226010	363	443	0	80	80	1.0000000
NODE_9140_length_891_cov_13.207071	392	472	2	80	80	1.0000000
NODE_9140_length_891_cov_13.207071	445	525	0	51	80	0.6375000
NODE_9140_length_891_cov_13.207071	445	525	2	29	80	0.3625000
NODE_9141_length_891_cov_11.579545	379	459	0	6	80	0.0750000
NODE_9141_length_891_cov_11.579545	379	459	2	74	80	0.9250000
NODE_9141_length_891_cov_11.579545	432	512	0	59	80	0.7375000
NODE_9141_length_891_cov_11.579545	432	512	2	21	80	0.2625000
NODE_9142_length_891_cov_11.117424	499	579	0	80	80	1.0000000
NODE_9142_length_891_cov_11.117424	552	632	0	80	80	1.0000000
NODE_9153_length_890_cov_29.070796	284	364	0	80	80	1.0000000
NODE_9153_length_890_cov_29.070796	337	417	0	65	80	0.8125000
NODE_9153_length_890_cov_29.070796	337	417	2	15	80	0.1875000
NODE_9153_length_890_cov_29.070796	413	497	0	33	84	0.3928571
NODE_9153_length_890_cov_29.070796	413	497	2	51	84	0.6071429
NODE_9153_length_890_cov_29.070796	470	550	0	80	80	1.0000000
NODE_9154_length_890_cov_27.295828	550	630	0	64	80	0.8000000
NODE_9154_length_890_cov_27.295828	550	630	2	16	80	0.2000000
NODE_9154_length_890_cov_27.295828	603	683	0	11	80	0.1375000
NODE_9154_length_890_cov_27.295828	603	683	2	69	80	0.8625000
NODE_9155_length_890_cov_18.088496	80	135	0	55	55	1.0000000
NODE_9155_length_890_cov_18.088496	276	356	1	12	80	0.1500000
NODE_9155_length_890_cov_18.088496	276	356	2	68	80	0.8500000
NODE_9155_length_890_cov_18.088496	329	406	1	7	77	0.0909091
NODE_9155_length_890_cov_18.088496	329	406	2	70	77	0.9090909
NODE_9156_length_890_cov_16.831858	402	482	2	17	80	0.2125000
NODE_9156_length_890_cov_16.831858	402	482	3	1	80	0.0125000
NODE_9156_length_890_cov_16.831858	402	482	4	21	80	0.2625000
NODE_9156_length_890_cov_16.831858	402	482	6	24	80	0.3000000
NODE_9156_length_890_cov_16.831858	402	482	7	17	80	0.2125000
NODE_9156_length_890_cov_16.831858	455	535	4	4	80	0.0500000
NODE_9156_length_890_cov_16.831858	455	535	5	30	80	0.3750000
NODE_9156_length_890_cov_16.831858	455	535	6	22	80	0.2750000
NODE_9156_length_890_cov_16.831858	455	535	7	24	80	0.3000000
NODE_9157_length_890_cov_11.881163	222	302	0	74	80	0.9250000
NODE_9157_length_890_cov_11.881163	222	302	2	6	80	0.0750000
NODE_9157_length_890_cov_11.881163	275	355	0	21	80	0.2625000
NODE_9157_length_890_cov_11.881163	275	355	2	59	80	0.7375000
NODE_9158_length_890_cov_8.676359	335	415	0	2	80	0.0250000
NODE_9158_length_890_cov_8.676359	335	415	2	8	80	0.1000000
NODE_9158_length_890_cov_8.676359	335	415	4	70	80	0.8750000
NODE_9158_length_890_cov_8.676359	388	468	2	25	80	0.3125000
NODE_9158_length_890_cov_8.676359	388	468	4	55	80	0.6875000
NODE_9183_length_889_cov_61.520253	334	414	0	77	80	0.9625000
NODE_9183_length_889_cov_61.520253	334	414	3	3	80	0.0375000
NODE_9183_length_889_cov_61.520253	387	467	0	24	80	0.3000000
NODE_9183_length_889_cov_61.520253	387	467	3	12	80	0.1500000
NODE_9183_length_889_cov_61.520253	387	467	4	44	80	0.5500000
NODE_9183_length_889_cov_61.520253	463	543	2	5	80	0.0625000
NODE_9183_length_889_cov_61.520253	463	543	4	24	80	0.3000000
NODE_9183_length_889_cov_61.520253	463	543	6	51	80	0.6375000
NODE_9183_length_889_cov_61.520253	516	596	0	28	80	0.3500000
NODE_9183_length_889_cov_61.520253	516	596	2	30	80	0.3750000
NODE_9183_length_889_cov_61.520253	516	596	6	22	80	0.2750000
NODE_9184_length_889_cov_30.012658	311	391	0	80	80	1.0000000
NODE_9184_length_889_cov_30.012658	364	444	0	80	80	1.0000000
NODE_9185_length_889_cov_28.217722	413	483	2	19	70	0.2714286
NODE_9185_length_889_cov_28.217722	413	483	3	10	70	0.1428571
NODE_9185_length_889_cov_28.217722	413	483	6	26	70	0.3714286
NODE_9185_length_889_cov_28.217722	413	483	8	15	70	0.2142857
NODE_9185_length_889_cov_28.217722	466	542	6	2	76	0.0263158
NODE_9185_length_889_cov_28.217722	466	542	7	45	76	0.5921053
NODE_9185_length_889_cov_28.217722	466	542	8	18	76	0.2368421
NODE_9185_length_889_cov_28.217722	466	542	9	11	76	0.1447368
NODE_9186_length_889_cov_27.924051	379	449	2	35	70	0.5000000
NODE_9186_length_889_cov_27.924051	379	449	6	14	70	0.2000000
NODE_9186_length_889_cov_27.924051	379	449	8	21	70	0.3000000
NODE_9186_length_889_cov_27.924051	432	512	6	77	80	0.9625000
NODE_9186_length_889_cov_27.924051	432	512	8	3	80	0.0375000
NODE_9187_length_889_cov_25.887342	227	285	0	58	58	1.0000000
NODE_9187_length_889_cov_25.887342	258	337	0	76	79	0.9620253
NODE_9187_length_889_cov_25.887342	258	337	6	3	79	0.0379747
NODE_9188_length_889_cov_22.992405	451	531	6	46	80	0.5750000
NODE_9188_length_889_cov_22.992405	451	531	8	34	80	0.4250000
NODE_9188_length_889_cov_22.992405	504	584	0	41	80	0.5125000
NODE_9188_length_889_cov_22.992405	504	584	2	10	80	0.1250000
NODE_9188_length_889_cov_22.992405	504	584	6	29	80	0.3625000
NODE_9189_length_889_cov_20.703797	331	411	4	26	80	0.3250000
NODE_9189_length_889_cov_20.703797	331	411	6	54	80	0.6750000
NODE_9189_length_889_cov_20.703797	384	464	2	36	80	0.4500000
NODE_9189_length_889_cov_20.703797	384	464	6	44	80	0.5500000
NODE_9190_length_889_cov_20.226582	234	314	2	6	80	0.0750000
NODE_9190_length_889_cov_20.226582	234	314	4	14	80	0.1750000
NODE_9190_length_889_cov_20.226582	234	314	6	60	80	0.7500000
NODE_9190_length_889_cov_20.226582	287	367	0	36	80	0.4500000
NODE_9190_length_889_cov_20.226582	287	367	2	23	80	0.2875000
NODE_9190_length_889_cov_20.226582	287	367	6	21	80	0.2625000
NODE_9191_length_889_cov_15.587342	407	487	4	21	80	0.2625000
NODE_9191_length_889_cov_15.587342	407	487	6	59	80	0.7375000
NODE_9191_length_889_cov_15.587342	460	540	0	32	80	0.4000000
NODE_9191_length_889_cov_15.587342	460	540	4	30	80	0.3750000
NODE_9191_length_889_cov_15.587342	460	540	6	18	80	0.2250000
NODE_9192_length_889_cov_12.669620	313	393	0	48	80	0.6000000
NODE_9192_length_889_cov_12.669620	313	393	2	32	80	0.4000000
NODE_9192_length_889_cov_12.669620	366	446	0	20	80	0.2500000
NODE_9192_length_889_cov_12.669620	366	446	2	60	80	0.7500000
NODE_9193_length_889_cov_12.198734	399	479	0	80	80	1.0000000
NODE_9193_length_889_cov_12.198734	452	532	0	80	80	1.0000000
NODE_9197_length_889_cov_3.841772	187	267	0	2	80	0.0250000
NODE_9197_length_889_cov_3.841772	187	267	2	78	80	0.9750000
NODE_9197_length_889_cov_3.841772	240	320	0	40	80	0.5000000
NODE_9197_length_889_cov_3.841772	240	320	2	40	80	0.5000000
NODE_9213_length_888_cov_37.102662	490	570	4	80	80	1.0000000
NODE_9213_length_888_cov_37.102662	543	623	0	33	80	0.4125000
NODE_9213_length_888_cov_37.102662	543	623	4	47	80	0.5875000
NODE_9214_length_888_cov_28.230672	366	446	0	29	80	0.3625000
NODE_9214_length_888_cov_28.230672	366	446	2	51	80	0.6375000
NODE_9214_length_888_cov_28.230672	419	499	0	14	80	0.1750000
NODE_9214_length_888_cov_28.230672	419	499	2	66	80	0.8250000
NODE_9215_length_888_cov_25.243346	391	471	14	17	80	0.2125000
NODE_9215_length_888_cov_25.243346	391	471	20	63	80	0.7875000
NODE_9215_length_888_cov_25.243346	444	524	6	28	80	0.3500000
NODE_9215_length_888_cov_25.243346	444	524	12	18	80	0.2250000
NODE_9215_length_888_cov_25.243346	444	524	13	1	80	0.0125000
NODE_9215_length_888_cov_25.243346	444	524	20	33	80	0.4125000
NODE_9216_length_888_cov_21.045627	236	316	0	11	80	0.1375000
NODE_9216_length_888_cov_21.045627	236	316	2	66	80	0.8250000
NODE_9216_length_888_cov_21.045627	236	316	4	3	80	0.0375000
NODE_9216_length_888_cov_21.045627	289	367	2	36	78	0.4615385
NODE_9216_length_888_cov_21.045627	289	367	4	42	78	0.5384616
NODE_9218_length_888_cov_13.447402	515	595	0	4	80	0.0500000
NODE_9218_length_888_cov_13.447402	515	595	2	76	80	0.9500000
NODE_9218_length_888_cov_13.447402	568	648	0	31	80	0.3875000
NODE_9218_length_888_cov_13.447402	568	648	2	49	80	0.6125000
NODE_9219_length_888_cov_12.806084	179	259	2	80	80	1.0000000
NODE_9219_length_888_cov_12.806084	232	312	0	31	80	0.3875000
NODE_9219_length_888_cov_12.806084	232	312	2	49	80	0.6125000
NODE_9219_length_888_cov_12.806084	308	388	2	76	80	0.9500000
NODE_9219_length_888_cov_12.806084	308	388	4	4	80	0.0500000
NODE_9219_length_888_cov_12.806084	361	441	2	45	80	0.5625000
NODE_9219_length_888_cov_12.806084	361	441	4	35	80	0.4375000
NODE_9220_length_888_cov_12.551331	365	445	7	68	80	0.8500000
NODE_9220_length_888_cov_12.551331	365	445	8	10	80	0.1250000
NODE_9220_length_888_cov_12.551331	365	445	9	2	80	0.0250000
NODE_9220_length_888_cov_12.551331	418	498	5	20	80	0.2500000
NODE_9220_length_888_cov_12.551331	418	498	7	58	80	0.7250000
NODE_9220_length_888_cov_12.551331	418	498	9	2	80	0.0250000
NODE_9228_length_888_cov_2.041825	42	102	0	60	60	1.0000000
NODE_9237_length_887_cov_32.927665	514	594	2	4	80	0.0500000
NODE_9237_length_887_cov_32.927665	514	594	4	52	80	0.6500000
NODE_9237_length_887_cov_32.927665	514	594	6	24	80	0.3000000
NODE_9237_length_887_cov_32.927665	567	647	2	39	80	0.4875000
NODE_9237_length_887_cov_32.927665	567	647	4	7	80	0.0875000
NODE_9237_length_887_cov_32.927665	567	647	6	34	80	0.4250000
NODE_9238_length_887_cov_26.920051	358	438	4	26	80	0.3250000
NODE_9238_length_887_cov_26.920051	358	438	6	54	80	0.6750000
NODE_9238_length_887_cov_26.920051	411	491	1	8	80	0.1000000
NODE_9238_length_887_cov_26.920051	411	491	2	19	80	0.2375000
NODE_9238_length_887_cov_26.920051	411	491	4	52	80	0.6500000
NODE_9238_length_887_cov_26.920051	411	491	6	1	80	0.0125000
NODE_9239_length_887_cov_20.714467	304	384	0	48	80	0.6000000
NODE_9239_length_887_cov_20.714467	304	384	4	32	80	0.4000000
NODE_9239_length_887_cov_20.714467	357	433	4	33	76	0.4342105
NODE_9239_length_887_cov_20.714467	357	433	6	43	76	0.5657895
NODE_9240_length_887_cov_19.771574	407	487	0	80	80	1.0000000
NODE_9240_length_887_cov_19.771574	460	540	0	80	80	1.0000000
NODE_9241_length_887_cov_14.535533	333	413	0	1	80	0.0125000
NODE_9241_length_887_cov_14.535533	333	413	2	79	80	0.9875000
NODE_9241_length_887_cov_14.535533	386	466	0	42	80	0.5250000
NODE_9241_length_887_cov_14.535533	386	466	2	38	80	0.4750000
NODE_9242_length_887_cov_14.114213	345	425	0	49	80	0.6125000
NODE_9242_length_887_cov_14.114213	345	425	2	31	80	0.3875000
NODE_9242_length_887_cov_14.114213	398	478	0	80	80	1.0000000
NODE_9243_length_887_cov_9.451777	406	486	0	80	80	1.0000000
NODE_9243_length_887_cov_9.451777	459	539	0	80	80	1.0000000
NODE_9245_length_887_cov_6.656091	473	553	5	21	80	0.2625000
NODE_9245_length_887_cov_6.656091	473	553	8	59	80	0.7375000
NODE_9245_length_887_cov_6.656091	526	606	2	27	80	0.3375000
NODE_9245_length_887_cov_6.656091	526	606	4	5	80	0.0625000
NODE_9245_length_887_cov_6.656091	526	606	5	42	80	0.5250000
NODE_9245_length_887_cov_6.656091	526	606	8	6	80	0.0750000
NODE_9246_length_887_cov_4.719543	420	500	3	3	80	0.0375000
NODE_9246_length_887_cov_4.719543	420	500	4	77	80	0.9625000
NODE_9246_length_887_cov_4.719543	473	553	0	28	80	0.3500000
NODE_9246_length_887_cov_4.719543	473	553	2	7	80	0.0875000
NODE_9246_length_887_cov_4.719543	473	553	3	21	80	0.2625000
NODE_9246_length_887_cov_4.719543	473	553	4	24	80	0.3000000
NODE_9250_length_887_cov_2.583756	385	429	2	44	44	1.0000000
NODE_9250_length_887_cov_2.583756	393	428	2	35	35	1.0000000
NODE_9261_length_887_cov_1.087563	754	829	6	75	75	1.0000000
NODE_9264_length_886_cov_35.482846	365	445	0	80	80	1.0000000
NODE_9264_length_886_cov_35.482846	418	498	0	80	80	1.0000000
NODE_9265_length_886_cov_31.939009	438	518	10	76	80	0.9500000
NODE_9265_length_886_cov_31.939009	438	518	12	4	80	0.0500000
NODE_9265_length_886_cov_31.939009	491	571	2	37	80	0.4625000
NODE_9265_length_886_cov_31.939009	491	571	10	23	80	0.2875000
NODE_9265_length_886_cov_31.939009	491	571	11	1	80	0.0125000
NODE_9265_length_886_cov_31.939009	491	571	12	19	80	0.2375000
NODE_9266_length_886_cov_25.301144	326	406	0	2	80	0.0250000
NODE_9266_length_886_cov_25.301144	326	406	8	23	80	0.2875000
NODE_9266_length_886_cov_25.301144	326	406	9	13	80	0.1625000
NODE_9266_length_886_cov_25.301144	326	406	11	9	80	0.1125000
NODE_9266_length_886_cov_25.301144	326	406	12	9	80	0.1125000
NODE_9266_length_886_cov_25.301144	326	406	17	2	80	0.0250000
NODE_9266_length_886_cov_25.301144	326	406	20	1	80	0.0125000
NODE_9266_length_886_cov_25.301144	326	406	21	2	80	0.0250000
NODE_9266_length_886_cov_25.301144	326	406	23	4	80	0.0500000
NODE_9266_length_886_cov_25.301144	326	406	24	15	80	0.1875000
NODE_9266_length_886_cov_25.301144	326	406	0	2	80	0.0250000
NODE_9266_length_886_cov_25.301144	326	406	8	23	80	0.2875000
NODE_9266_length_886_cov_25.301144	326	406	9	13	80	0.1625000
NODE_9266_length_886_cov_25.301144	326	406	11	9	80	0.1125000
NODE_9266_length_886_cov_25.301144	326	406	12	9	80	0.1125000
NODE_9266_length_886_cov_25.301144	326	406	17	2	80	0.0250000
NODE_9266_length_886_cov_25.301144	326	406	20	1	80	0.0125000
NODE_9266_length_886_cov_25.301144	326	406	21	2	80	0.0250000
NODE_9266_length_886_cov_25.301144	326	406	23	4	80	0.0500000
NODE_9266_length_886_cov_25.301144	326	406	24	15	80	0.1875000
NODE_9266_length_886_cov_25.301144	379	459	12	10	80	0.1250000
NODE_9266_length_886_cov_25.301144	379	459	14	2	80	0.0250000
NODE_9266_length_886_cov_25.301144	379	459	16	17	80	0.2125000
NODE_9266_length_886_cov_25.301144	379	459	17	2	80	0.0250000
NODE_9266_length_886_cov_25.301144	379	459	20	1	80	0.0125000
NODE_9266_length_886_cov_25.301144	379	459	21	2	80	0.0250000
NODE_9266_length_886_cov_25.301144	379	459	23	4	80	0.0500000
NODE_9266_length_886_cov_25.301144	379	459	24	42	80	0.5250000
NODE_9266_length_886_cov_25.301144	379	459	12	10	80	0.1250000
NODE_9266_length_886_cov_25.301144	379	459	14	2	80	0.0250000
NODE_9266_length_886_cov_25.301144	379	459	16	17	80	0.2125000
NODE_9266_length_886_cov_25.301144	379	459	17	2	80	0.0250000
NODE_9266_length_886_cov_25.301144	379	459	20	1	80	0.0125000
NODE_9266_length_886_cov_25.301144	379	459	21	2	80	0.0250000
NODE_9266_length_886_cov_25.301144	379	459	23	4	80	0.0500000
NODE_9266_length_886_cov_25.301144	379	459	24	42	80	0.5250000
NODE_9267_length_886_cov_14.463787	327	407	0	80	80	1.0000000
NODE_9267_length_886_cov_14.463787	380	460	0	80	80	1.0000000
NODE_9286_length_885_cov_35.510178	373	453	2	80	80	1.0000000
NODE_9286_length_885_cov_35.510178	426	506	2	80	80	1.0000000
NODE_9287_length_885_cov_31.857506	368	448	2	80	80	1.0000000
NODE_9287_length_885_cov_31.857506	421	501	0	37	80	0.4625000
NODE_9287_length_885_cov_31.857506	421	501	2	43	80	0.5375000
NODE_9288_length_885_cov_31.195929	395	475	4	36	80	0.4500000
NODE_9288_length_885_cov_31.195929	395	475	6	44	80	0.5500000
NODE_9288_length_885_cov_31.195929	448	528	2	45	80	0.5625000
NODE_9288_length_885_cov_31.195929	448	528	6	35	80	0.4375000
NODE_9289_length_885_cov_23.735369	356	436	0	80	80	1.0000000
NODE_9289_length_885_cov_23.735369	409	489	0	80	80	1.0000000
NODE_9289_length_885_cov_23.735369	485	565	0	80	80	1.0000000
NODE_9289_length_885_cov_23.735369	538	618	0	80	80	1.0000000
NODE_9290_length_885_cov_22.174300	340	420	0	15	80	0.1875000
NODE_9290_length_885_cov_22.174300	340	420	1	2	80	0.0250000
NODE_9290_length_885_cov_22.174300	340	420	2	63	80	0.7875000
NODE_9290_length_885_cov_22.174300	393	473	0	34	80	0.4250000
NODE_9290_length_885_cov_22.174300	393	473	1	36	80	0.4500000
NODE_9290_length_885_cov_22.174300	393	473	2	10	80	0.1250000
NODE_9290_length_885_cov_22.174300	469	549	1	11	80	0.1375000
NODE_9290_length_885_cov_22.174300	469	549	3	39	80	0.4875000
NODE_9290_length_885_cov_22.174300	469	549	4	30	80	0.3750000
NODE_9290_length_885_cov_22.174300	522	602	3	13	80	0.1625000
NODE_9290_length_885_cov_22.174300	522	602	4	67	80	0.8375000
NODE_9291_length_885_cov_17.852417	413	493	0	43	80	0.5375000
NODE_9291_length_885_cov_17.852417	413	493	3	1	80	0.0125000
NODE_9291_length_885_cov_17.852417	413	493	4	35	80	0.4375000
NODE_9291_length_885_cov_17.852417	413	493	6	1	80	0.0125000
NODE_9291_length_885_cov_17.852417	466	546	4	26	80	0.3250000
NODE_9291_length_885_cov_17.852417	466	546	6	54	80	0.6750000
NODE_9292_length_885_cov_15.652672	346	426	4	80	80	1.0000000
NODE_9292_length_885_cov_15.652672	399	479	0	32	80	0.4000000
NODE_9292_length_885_cov_15.652672	399	479	3	1	80	0.0125000
NODE_9292_length_885_cov_15.652672	399	479	4	47	80	0.5875000
NODE_9292_length_885_cov_15.652672	475	555	0	43	80	0.5375000
NODE_9292_length_885_cov_15.652672	475	555	1	22	80	0.2750000
NODE_9292_length_885_cov_15.652672	475	555	2	15	80	0.1875000
NODE_9292_length_885_cov_15.652672	528	608	1	12	80	0.1500000
NODE_9292_length_885_cov_15.652672	528	608	2	68	80	0.8500000
NODE_9293_length_885_cov_11.648855	530	610	2	43	80	0.5375000
NODE_9293_length_885_cov_11.648855	530	610	6	37	80	0.4625000
NODE_9293_length_885_cov_11.648855	583	663	4	33	80	0.4125000
NODE_9293_length_885_cov_11.648855	583	663	5	1	80	0.0125000
NODE_9293_length_885_cov_11.648855	583	663	6	46	80	0.5750000
NODE_9294_length_885_cov_9.707379	611	691	2	80	80	1.0000000
NODE_9294_length_885_cov_9.707379	664	744	0	35	80	0.4375000
NODE_9294_length_885_cov_9.707379	664	744	2	45	80	0.5625000
NODE_9311_length_884_cov_73.050955	536	616	2	14	80	0.1750000
NODE_9311_length_884_cov_73.050955	536	616	4	66	80	0.8250000
NODE_9311_length_884_cov_73.050955	589	669	2	43	80	0.5375000
NODE_9311_length_884_cov_73.050955	589	669	4	37	80	0.4625000
NODE_9312_length_884_cov_28.373248	381	461	0	1	80	0.0125000
NODE_9312_length_884_cov_28.373248	381	461	4	31	80	0.3875000
NODE_9312_length_884_cov_28.373248	381	461	6	48	80	0.6000000
NODE_9312_length_884_cov_28.373248	434	514	4	9	80	0.1125000
NODE_9312_length_884_cov_28.373248	434	514	6	71	80	0.8875000
NODE_9313_length_884_cov_20.649682	463	543	1	16	80	0.2000000
NODE_9313_length_884_cov_20.649682	463	543	3	7	80	0.0875000
NODE_9313_length_884_cov_20.649682	463	543	7	2	80	0.0250000
NODE_9313_length_884_cov_20.649682	463	543	8	12	80	0.1500000
NODE_9313_length_884_cov_20.649682	463	543	9	10	80	0.1250000
NODE_9313_length_884_cov_20.649682	463	543	11	21	80	0.2625000
NODE_9313_length_884_cov_20.649682	463	543	12	12	80	0.1500000
NODE_9313_length_884_cov_20.649682	516	596	8	21	80	0.2625000
NODE_9313_length_884_cov_20.649682	516	596	10	12	80	0.1500000
NODE_9313_length_884_cov_20.649682	516	596	11	15	80	0.1875000
NODE_9313_length_884_cov_20.649682	516	596	12	32	80	0.4000000
NODE_9314_length_884_cov_13.391083	225	305	0	80	80	1.0000000
NODE_9314_length_884_cov_13.391083	278	358	0	80	80	1.0000000
NODE_9315_length_884_cov_9.192357	278	358	0	80	80	1.0000000
NODE_9315_length_884_cov_9.192357	331	411	0	80	80	1.0000000
NODE_9315_length_884_cov_9.192357	407	487	0	80	80	1.0000000
NODE_9315_length_884_cov_9.192357	460	540	0	80	80	1.0000000
NODE_9335_length_883_cov_46.780612	344	424	2	80	80	1.0000000
NODE_9335_length_883_cov_46.780612	397	477	0	40	80	0.5000000
NODE_9335_length_883_cov_46.780612	397	477	2	40	80	0.5000000
NODE_9336_length_883_cov_46.304847	387	467	0	4	80	0.0500000
NODE_9336_length_883_cov_46.304847	387	467	2	75	80	0.9375000
NODE_9336_length_883_cov_46.304847	387	467	4	1	80	0.0125000
NODE_9336_length_883_cov_46.304847	440	520	2	76	80	0.9500000
NODE_9336_length_883_cov_46.304847	440	520	4	4	80	0.0500000
NODE_9337_length_883_cov_39.579082	410	490	0	22	80	0.2750000
NODE_9337_length_883_cov_39.579082	410	490	6	58	80	0.7250000
NODE_9337_length_883_cov_39.579082	463	543	6	80	80	1.0000000
NODE_9338_length_883_cov_28.307398	379	459	0	15	80	0.1875000
NODE_9338_length_883_cov_28.307398	379	459	6	65	80	0.8125000
NODE_9338_length_883_cov_28.307398	432	512	0	13	80	0.1625000
NODE_9338_length_883_cov_28.307398	432	512	6	67	80	0.8375000
NODE_9339_length_883_cov_24.927296	429	509	2	23	80	0.2875000
NODE_9339_length_883_cov_24.927296	429	509	4	57	80	0.7125000
NODE_9339_length_883_cov_24.927296	482	562	0	45	80	0.5625000
NODE_9339_length_883_cov_24.927296	482	562	2	31	80	0.3875000
NODE_9339_length_883_cov_24.927296	482	562	4	4	80	0.0500000
NODE_9341_length_883_cov_17.445153	326	406	2	10	80	0.1250000
NODE_9341_length_883_cov_17.445153	326	406	4	14	80	0.1750000
NODE_9341_length_883_cov_17.445153	326	406	6	27	80	0.3375000
NODE_9341_length_883_cov_17.445153	326	406	8	29	80	0.3625000
NODE_9341_length_883_cov_17.445153	379	459	4	19	80	0.2375000
NODE_9341_length_883_cov_17.445153	379	459	6	17	80	0.2125000
NODE_9341_length_883_cov_17.445153	379	459	8	44	80	0.5500000
NODE_9342_length_883_cov_14.660714	319	395	4	24	76	0.3157895
NODE_9342_length_883_cov_14.660714	319	395	6	6	76	0.0789474
NODE_9342_length_883_cov_14.660714	319	395	8	34	76	0.4473684
NODE_9342_length_883_cov_14.660714	319	395	9	1	76	0.0131579
NODE_9342_length_883_cov_14.660714	319	395	10	11	76	0.1447368
NODE_9342_length_883_cov_14.660714	740	816	0	76	76	1.0000000
NODE_9343_length_883_cov_11.052296	223	303	0	80	80	1.0000000
NODE_9343_length_883_cov_11.052296	276	356	0	80	80	1.0000000
NODE_9344_length_883_cov_6.873724	0	66	7	6	66	0.0909091
NODE_9344_length_883_cov_6.873724	0	66	11	3	66	0.0454545
NODE_9344_length_883_cov_6.873724	0	66	26	1	66	0.0151515
NODE_9344_length_883_cov_6.873724	0	66	30	10	66	0.1515152
NODE_9344_length_883_cov_6.873724	0	66	34	2	66	0.0303030
NODE_9344_length_883_cov_6.873724	0	66	36	2	66	0.0303030
NODE_9344_length_883_cov_6.873724	0	66	37	4	66	0.0606061
NODE_9344_length_883_cov_6.873724	0	66	38	38	66	0.5757576
NODE_9345_length_883_cov_3.873724	471	551	0	80	80	1.0000000
NODE_9345_length_883_cov_3.873724	524	604	0	80	80	1.0000000
NODE_9346_length_883_cov_3.247449	294	374	0	13	80	0.1625000
NODE_9346_length_883_cov_3.247449	294	374	2	67	80	0.8375000
NODE_9346_length_883_cov_3.247449	347	427	0	47	80	0.5875000
NODE_9346_length_883_cov_3.247449	347	427	2	33	80	0.4125000
NODE_9370_length_882_cov_24.241379	438	518	6	20	80	0.2500000
NODE_9370_length_882_cov_24.241379	438	518	8	20	80	0.2500000
NODE_9370_length_882_cov_24.241379	438	518	12	7	80	0.0875000
NODE_9370_length_882_cov_24.241379	438	518	14	7	80	0.0875000
NODE_9370_length_882_cov_24.241379	438	518	16	26	80	0.3250000
NODE_9370_length_882_cov_24.241379	491	571	8	4	80	0.0500000
NODE_9370_length_882_cov_24.241379	491	571	14	56	80	0.7000000
NODE_9370_length_882_cov_24.241379	491	571	16	20	80	0.2500000
NODE_9371_length_882_cov_23.145594	355	435	0	80	80	1.0000000
NODE_9371_length_882_cov_23.145594	408	488	0	80	80	1.0000000
NODE_9372_length_882_cov_21.401022	335	415	0	56	80	0.7000000
NODE_9372_length_882_cov_21.401022	335	415	1	11	80	0.1375000
NODE_9372_length_882_cov_21.401022	335	415	2	13	80	0.1625000
NODE_9372_length_882_cov_21.401022	388	468	0	3	80	0.0375000
NODE_9372_length_882_cov_21.401022	388	468	1	11	80	0.1375000
NODE_9372_length_882_cov_21.401022	388	468	2	66	80	0.8250000
NODE_9373_length_882_cov_19.579821	456	511	0	54	55	0.9818182
NODE_9373_length_882_cov_19.579821	456	511	2	1	55	0.0181818
NODE_9373_length_882_cov_19.579821	506	586	0	4	80	0.0500000
NODE_9373_length_882_cov_19.579821	506	586	2	33	80	0.4125000
NODE_9373_length_882_cov_19.579821	506	586	6	43	80	0.5375000
NODE_9373_length_882_cov_19.579821	559	639	4	33	80	0.4125000
NODE_9373_length_882_cov_19.579821	559	639	6	47	80	0.5875000
NODE_9374_length_882_cov_19.342273	298	378	0	5	80	0.0625000
NODE_9374_length_882_cov_19.342273	298	378	2	75	80	0.9375000
NODE_9374_length_882_cov_19.342273	351	431	0	58	80	0.7250000
NODE_9374_length_882_cov_19.342273	351	431	2	22	80	0.2750000
NODE_9374_length_882_cov_19.342273	427	508	0	27	81	0.3333333
NODE_9374_length_882_cov_19.342273	427	508	3	54	81	0.6666667
NODE_9374_length_882_cov_19.342273	481	561	3	46	80	0.5750000
NODE_9374_length_882_cov_19.342273	481	561	4	34	80	0.4250000
NODE_9375_length_882_cov_11.873563	267	347	0	80	80	1.0000000
NODE_9375_length_882_cov_11.873563	320	400	0	80	80	1.0000000
NODE_9376_length_882_cov_8.794381	430	510	0	16	80	0.2000000
NODE_9376_length_882_cov_8.794381	430	510	2	64	80	0.8000000
NODE_9376_length_882_cov_8.794381	483	563	0	69	80	0.8625000
NODE_9376_length_882_cov_8.794381	483	563	2	11	80	0.1375000
NODE_9377_length_882_cov_7.537676	527	608	0	81	81	1.0000000
NODE_9379_length_882_cov_6.696041	355	435	2	80	80	1.0000000
NODE_9379_length_882_cov_6.696041	408	488	0	33	80	0.4125000
NODE_9379_length_882_cov_6.696041	408	488	1	7	80	0.0875000
NODE_9379_length_882_cov_6.696041	408	488	2	40	80	0.5000000
NODE_9380_length_882_cov_4.734355	585	665	4	20	80	0.2500000
NODE_9380_length_882_cov_4.734355	585	665	10	60	80	0.7500000
NODE_9380_length_882_cov_4.734355	638	718	0	49	80	0.6125000
NODE_9380_length_882_cov_4.734355	638	718	4	24	80	0.3000000
NODE_9380_length_882_cov_4.734355	638	718	10	7	80	0.0875000
NODE_9398_length_881_cov_32.875959	444	524	8	15	80	0.1875000
NODE_9398_length_881_cov_32.875959	444	524	14	65	80	0.8125000
NODE_9398_length_881_cov_32.875959	497	577	0	18	80	0.2250000
NODE_9398_length_881_cov_32.875959	497	577	6	13	80	0.1625000
NODE_9398_length_881_cov_32.875959	497	577	12	15	80	0.1875000
NODE_9398_length_881_cov_32.875959	497	577	14	34	80	0.4250000
NODE_9399_length_881_cov_25.750639	43	117	23	1	74	0.0135135
NODE_9399_length_881_cov_25.750639	43	117	25	6	74	0.0810811
NODE_9399_length_881_cov_25.750639	43	117	26	1	74	0.0135135
NODE_9399_length_881_cov_25.750639	43	117	28	1	74	0.0135135
NODE_9399_length_881_cov_25.750639	43	117	29	6	74	0.0810811
NODE_9399_length_881_cov_25.750639	43	117	33	3	74	0.0405405
NODE_9399_length_881_cov_25.750639	43	117	34	1	74	0.0135135
NODE_9399_length_881_cov_25.750639	43	117	36	24	74	0.3243243
NODE_9399_length_881_cov_25.750639	43	117	38	9	74	0.1216216
NODE_9399_length_881_cov_25.750639	43	117	40	8	74	0.1081081
NODE_9399_length_881_cov_25.750639	43	117	46	2	74	0.0270270
NODE_9399_length_881_cov_25.750639	43	117	49	2	74	0.0270270
NODE_9399_length_881_cov_25.750639	43	117	51	2	74	0.0270270
NODE_9399_length_881_cov_25.750639	43	117	53	3	74	0.0405405
NODE_9399_length_881_cov_25.750639	43	117	55	1	74	0.0135135
NODE_9399_length_881_cov_25.750639	43	117	56	4	74	0.0540541
NODE_9399_length_881_cov_25.750639	116	193	56	3	77	0.0389610
NODE_9399_length_881_cov_25.750639	116	193	58	5	77	0.0649351
NODE_9399_length_881_cov_25.750639	116	193	63	1	77	0.0129870
NODE_9399_length_881_cov_25.750639	116	193	65	2	77	0.0259740
NODE_9399_length_881_cov_25.750639	116	193	66	1	77	0.0129870
NODE_9399_length_881_cov_25.750639	116	193	67	11	77	0.1428571
NODE_9399_length_881_cov_25.750639	116	193	68	7	77	0.0909091
NODE_9399_length_881_cov_25.750639	116	193	69	13	77	0.1688312
NODE_9399_length_881_cov_25.750639	116	193	73	5	77	0.0649351
NODE_9399_length_881_cov_25.750639	116	193	74	3	77	0.0389610
NODE_9399_length_881_cov_25.750639	116	193	75	7	77	0.0909091
NODE_9399_length_881_cov_25.750639	116	193	76	3	77	0.0389610
NODE_9399_length_881_cov_25.750639	116	193	77	1	77	0.0129870
NODE_9399_length_881_cov_25.750639	116	193	78	11	77	0.1428571
NODE_9399_length_881_cov_25.750639	116	193	80	3	77	0.0389610
NODE_9399_length_881_cov_25.750639	116	193	84	1	77	0.0129870
NODE_9400_length_881_cov_23.897698	286	365	0	44	79	0.5569620
NODE_9400_length_881_cov_23.897698	286	365	3	4	79	0.0506329
NODE_9400_length_881_cov_23.897698	286	365	6	31	79	0.3924051
NODE_9400_length_881_cov_23.897698	338	418	6	80	80	1.0000000
NODE_9401_length_881_cov_20.656010	359	439	0	80	80	1.0000000
NODE_9401_length_881_cov_20.656010	412	492	0	80	80	1.0000000
NODE_9402_length_881_cov_20.340153	242	322	2	80	80	1.0000000
NODE_9402_length_881_cov_20.340153	295	375	0	51	80	0.6375000
NODE_9402_length_881_cov_20.340153	295	375	2	29	80	0.3625000
NODE_9403_length_881_cov_18.234015	420	500	4	15	80	0.1875000
NODE_9403_length_881_cov_18.234015	420	500	6	38	80	0.4750000
NODE_9403_length_881_cov_18.234015	420	500	8	27	80	0.3375000
NODE_9403_length_881_cov_18.234015	473	553	2	39	80	0.4875000
NODE_9403_length_881_cov_18.234015	473	553	4	29	80	0.3625000
NODE_9403_length_881_cov_18.234015	473	553	6	3	80	0.0375000
NODE_9403_length_881_cov_18.234015	473	553	8	9	80	0.1125000
NODE_9404_length_881_cov_17.748082	291	371	0	80	80	1.0000000
NODE_9404_length_881_cov_17.748082	344	424	0	80	80	1.0000000
NODE_9405_length_881_cov_12.884910	332	412	0	80	80	1.0000000
NODE_9405_length_881_cov_12.884910	385	465	0	80	80	1.0000000
NODE_9406_length_881_cov_6.473146	474	553	0	79	79	1.0000000
NODE_9406_length_881_cov_6.473146	514	594	0	80	80	1.0000000
NODE_9406_length_881_cov_6.473146	526	565	0	39	39	1.0000000
NODE_9406_length_881_cov_6.473146	555	606	0	51	51	1.0000000
NODE_9406_length_881_cov_6.473146	567	647	0	74	80	0.9250000
NODE_9406_length_881_cov_6.473146	567	647	2	6	80	0.0750000
NODE_9407_length_881_cov_5.615090	547	627	0	2	80	0.0250000
NODE_9407_length_881_cov_5.615090	547	627	2	78	80	0.9750000
NODE_9407_length_881_cov_5.615090	600	680	0	55	80	0.6875000
NODE_9407_length_881_cov_5.615090	600	680	2	25	80	0.3125000
NODE_9424_length_880_cov_26.663252	320	400	0	47	80	0.5875000
NODE_9424_length_880_cov_26.663252	320	400	3	33	80	0.4125000
NODE_9424_length_880_cov_26.663252	373	453	3	52	80	0.6500000
NODE_9424_length_880_cov_26.663252	373	453	4	28	80	0.3500000
NODE_9425_length_880_cov_21.828425	328	408	2	16	80	0.2000000
NODE_9425_length_880_cov_21.828425	328	408	5	1	80	0.0125000
NODE_9425_length_880_cov_21.828425	328	408	6	26	80	0.3250000
NODE_9425_length_880_cov_21.828425	328	408	8	2	80	0.0250000
NODE_9425_length_880_cov_21.828425	328	408	10	35	80	0.4375000
NODE_9425_length_880_cov_21.828425	381	461	0	5	80	0.0625000
NODE_9425_length_880_cov_21.828425	381	461	2	19	80	0.2375000
NODE_9425_length_880_cov_21.828425	381	461	4	1	80	0.0125000
NODE_9425_length_880_cov_21.828425	381	461	7	1	80	0.0125000
NODE_9425_length_880_cov_21.828425	381	461	8	8	80	0.1000000
NODE_9425_length_880_cov_21.828425	381	461	10	46	80	0.5750000
NODE_9426_length_880_cov_20.245839	427	507	0	3	80	0.0375000
NODE_9426_length_880_cov_20.245839	427	507	2	21	80	0.2625000
NODE_9426_length_880_cov_20.245839	427	507	6	56	80	0.7000000
NODE_9426_length_880_cov_20.245839	480	560	0	4	80	0.0500000
NODE_9426_length_880_cov_20.245839	480	560	3	1	80	0.0125000
NODE_9426_length_880_cov_20.245839	480	560	4	48	80	0.6000000
NODE_9426_length_880_cov_20.245839	480	560	6	27	80	0.3375000
NODE_9427_length_880_cov_19.434059	0	69	0	69	69	1.0000000
NODE_9428_length_880_cov_11.843790	363	430	0	3	67	0.0447761
NODE_9428_length_880_cov_11.843790	363	430	4	51	67	0.7611941
NODE_9428_length_880_cov_11.843790	363	430	6	13	67	0.1940299
NODE_9429_length_880_cov_11.544174	185	265	0	80	80	1.0000000
NODE_9429_length_880_cov_11.544174	238	318	0	80	80	1.0000000
NODE_9430_length_880_cov_10.956466	354	434	2	80	80	1.0000000
NODE_9430_length_880_cov_10.956466	407	487	0	42	80	0.5250000
NODE_9430_length_880_cov_10.956466	407	487	2	38	80	0.4750000
NODE_9431_length_880_cov_10.008963	395	474	0	79	79	1.0000000
NODE_9431_length_880_cov_10.008963	448	527	0	79	79	1.0000000
NODE_9453_length_879_cov_23.565385	326	406	0	80	80	1.0000000
NODE_9453_length_879_cov_23.565385	379	459	0	80	80	1.0000000
NODE_9453_length_879_cov_23.565385	455	535	0	25	80	0.3125000
NODE_9453_length_879_cov_23.565385	455	535	8	2	80	0.0250000
NODE_9453_length_879_cov_23.565385	455	535	10	15	80	0.1875000
NODE_9453_length_879_cov_23.565385	455	535	12	2	80	0.0250000
NODE_9453_length_879_cov_23.565385	455	535	13	2	80	0.0250000
NODE_9453_length_879_cov_23.565385	455	535	14	34	80	0.4250000
NODE_9453_length_879_cov_23.565385	508	586	12	18	78	0.2307692
NODE_9453_length_879_cov_23.565385	508	586	14	60	78	0.7692308
NODE_9454_length_879_cov_20.758974	355	439	0	84	84	1.0000000
NODE_9454_length_879_cov_20.758974	412	492	0	80	80	1.0000000
NODE_9455_length_879_cov_19.685897	295	375	0	80	80	1.0000000
NODE_9455_length_879_cov_19.685897	348	428	0	80	80	1.0000000
NODE_9456_length_879_cov_17.738462	413	488	0	75	75	1.0000000
NODE_9456_length_879_cov_17.738462	569	649	0	80	80	1.0000000
NODE_9456_length_879_cov_17.738462	569	649	0	80	80	1.0000000
NODE_9456_length_879_cov_17.738462	569	649	0	80	80	1.0000000
NODE_9456_length_879_cov_17.738462	622	676	0	54	54	1.0000000
NODE_9458_length_879_cov_10.756410	335	415	0	31	80	0.3875000
NODE_9458_length_879_cov_10.756410	335	415	2	38	80	0.4750000
NODE_9458_length_879_cov_10.756410	335	415	4	11	80	0.1375000
NODE_9458_length_879_cov_10.756410	388	468	2	16	80	0.2000000
NODE_9458_length_879_cov_10.756410	388	468	4	64	80	0.8000000
NODE_9459_length_879_cov_7.432051	234	314	4	36	80	0.4500000
NODE_9459_length_879_cov_7.432051	234	314	5	44	80	0.5500000
NODE_9459_length_879_cov_7.432051	288	367	0	41	79	0.5189874
NODE_9459_length_879_cov_7.432051	288	367	2	1	79	0.0126582
NODE_9459_length_879_cov_7.432051	288	367	4	37	79	0.4683544
NODE_9473_length_878_cov_230.436457	415	495	0	29	80	0.3625000
NODE_9473_length_878_cov_230.436457	415	495	1	51	80	0.6375000
NODE_9473_length_878_cov_230.436457	468	548	1	32	80	0.4000000
NODE_9473_length_878_cov_230.436457	468	548	22	14	80	0.1750000
NODE_9473_length_878_cov_230.436457	468	548	23	17	80	0.2125000
NODE_9473_length_878_cov_230.436457	468	548	25	1	80	0.0125000
NODE_9473_length_878_cov_230.436457	468	548	28	2	80	0.0250000
NODE_9473_length_878_cov_230.436457	468	548	29	14	80	0.1750000
NODE_9474_length_878_cov_49.514763	410	490	0	80	80	1.0000000
NODE_9474_length_878_cov_49.514763	463	543	0	80	80	1.0000000
NODE_9475_length_878_cov_38.862644	365	445	2	10	80	0.1250000
NODE_9475_length_878_cov_38.862644	365	445	4	7	80	0.0875000
NODE_9475_length_878_cov_38.862644	365	445	6	63	80	0.7875000
NODE_9475_length_878_cov_38.862644	418	498	2	63	80	0.7875000
NODE_9475_length_878_cov_38.862644	418	498	4	7	80	0.0875000
NODE_9475_length_878_cov_38.862644	418	498	6	10	80	0.1250000
NODE_9476_length_878_cov_36.517330	346	426	0	74	80	0.9250000
NODE_9476_length_878_cov_36.517330	346	426	2	6	80	0.0750000
NODE_9476_length_878_cov_36.517330	399	479	0	21	80	0.2625000
NODE_9476_length_878_cov_36.517330	399	479	2	59	80	0.7375000
NODE_9476_length_878_cov_36.517330	475	555	0	40	80	0.5000000
NODE_9476_length_878_cov_36.517330	475	555	2	40	80	0.5000000
NODE_9476_length_878_cov_36.517330	528	608	0	80	80	1.0000000
NODE_9477_length_878_cov_34.404365	627	707	10	21	80	0.2625000
NODE_9477_length_878_cov_34.404365	627	707	11	1	80	0.0125000
NODE_9477_length_878_cov_34.404365	627	707	12	29	80	0.3625000
NODE_9477_length_878_cov_34.404365	627	707	15	7	80	0.0875000
NODE_9477_length_878_cov_34.404365	627	707	16	14	80	0.1750000
NODE_9477_length_878_cov_34.404365	627	707	17	8	80	0.1000000
NODE_9477_length_878_cov_34.404365	627	695	10	21	68	0.3088235
NODE_9477_length_878_cov_34.404365	627	695	11	1	68	0.0147059
NODE_9477_length_878_cov_34.404365	627	695	12	29	68	0.4264706
NODE_9477_length_878_cov_34.404365	627	695	15	5	68	0.0735294
NODE_9477_length_878_cov_34.404365	627	695	16	4	68	0.0588235
NODE_9477_length_878_cov_34.404365	627	695	17	8	68	0.1176471
NODE_9477_length_878_cov_34.404365	680	760	15	7	80	0.0875000
NODE_9477_length_878_cov_34.404365	680	760	16	12	80	0.1500000
NODE_9477_length_878_cov_34.404365	680	760	17	8	80	0.1000000
NODE_9477_length_878_cov_34.404365	680	760	22	6	80	0.0750000
NODE_9477_length_878_cov_34.404365	680	760	24	10	80	0.1250000
NODE_9477_length_878_cov_34.404365	680	760	28	23	80	0.2875000
NODE_9477_length_878_cov_34.404365	680	760	32	12	80	0.1500000
NODE_9477_length_878_cov_34.404365	680	760	34	2	80	0.0250000
NODE_9478_length_878_cov_28.761232	467	547	2	1	80	0.0125000
NODE_9478_length_878_cov_28.761232	467	547	18	17	80	0.2125000
NODE_9478_length_878_cov_28.761232	467	547	20	62	80	0.7750000
NODE_9478_length_878_cov_28.761232	520	600	0	5	80	0.0625000
NODE_9478_length_878_cov_28.761232	520	600	4	8	80	0.1000000
NODE_9478_length_878_cov_28.761232	520	600	18	57	80	0.7125000
NODE_9478_length_878_cov_28.761232	520	600	20	10	80	0.1250000
NODE_9479_length_878_cov_24.899872	316	396	0	80	80	1.0000000
NODE_9479_length_878_cov_24.899872	369	449	0	80	80	1.0000000
NODE_9479_length_878_cov_24.899872	445	525	0	80	80	1.0000000
NODE_9479_length_878_cov_24.899872	498	578	0	80	80	1.0000000
NODE_9480_length_878_cov_21.446727	377	457	2	40	80	0.5000000
NODE_9480_length_878_cov_21.446727	377	457	4	40	80	0.5000000
NODE_9480_length_878_cov_21.446727	430	510	0	11	80	0.1375000
NODE_9480_length_878_cov_21.446727	430	510	2	69	80	0.8625000
NODE_9481_length_878_cov_20.553273	424	504	1	12	80	0.1500000
NODE_9481_length_878_cov_20.553273	424	504	2	11	80	0.1375000
NODE_9481_length_878_cov_20.553273	424	504	6	3	80	0.0375000
NODE_9481_length_878_cov_20.553273	424	504	7	22	80	0.2750000
NODE_9481_length_878_cov_20.553273	424	504	8	11	80	0.1375000
NODE_9481_length_878_cov_20.553273	424	504	9	19	80	0.2375000
NODE_9481_length_878_cov_20.553273	424	504	11	2	80	0.0250000
NODE_9481_length_878_cov_20.553273	477	557	7	6	80	0.0750000
NODE_9481_length_878_cov_20.553273	477	557	9	19	80	0.2375000
NODE_9481_length_878_cov_20.553273	477	557	10	7	80	0.0875000
NODE_9481_length_878_cov_20.553273	477	557	11	48	80	0.6000000
NODE_9482_length_878_cov_14.016688	214	294	0	80	80	1.0000000
NODE_9482_length_878_cov_14.016688	267	347	0	80	80	1.0000000
NODE_9483_length_878_cov_9.252888	423	503	2	59	80	0.7375000
NODE_9483_length_878_cov_9.252888	423	503	4	21	80	0.2625000
NODE_9483_length_878_cov_9.252888	476	556	2	8	80	0.1000000
NODE_9483_length_878_cov_9.252888	476	556	3	33	80	0.4125000
NODE_9483_length_878_cov_9.252888	476	556	4	39	80	0.4875000
NODE_9484_length_878_cov_8.695764	333	413	0	80	80	1.0000000
NODE_9484_length_878_cov_8.695764	386	466	0	80	80	1.0000000
NODE_9485_length_878_cov_6.686778	65	145	0	80	80	1.0000000
NODE_9485_length_878_cov_6.686778	118	198	0	80	80	1.0000000
NODE_9487_length_878_cov_6.328626	426	506	0	80	80	1.0000000
NODE_9487_length_878_cov_6.328626	479	559	0	80	80	1.0000000
NODE_9488_length_878_cov_5.771502	470	513	2	43	43	1.0000000
NODE_9490_length_878_cov_2.672657	499	579	0	80	80	1.0000000
NODE_9490_length_878_cov_2.672657	552	631	0	79	79	1.0000000
NODE_9507_length_877_cov_59.021851	324	404	7	80	80	1.0000000
NODE_9507_length_877_cov_59.021851	377	457	7	58	80	0.7250000
NODE_9507_length_877_cov_59.021851	377	457	9	12	80	0.1500000
NODE_9507_length_877_cov_59.021851	377	457	15	2	80	0.0250000
NODE_9507_length_877_cov_59.021851	377	457	16	8	80	0.1000000
NODE_9508_length_877_cov_54.422879	418	498	0	4	80	0.0500000
NODE_9508_length_877_cov_54.422879	418	498	4	76	80	0.9500000
NODE_9508_length_877_cov_54.422879	471	551	0	57	80	0.7125000
NODE_9508_length_877_cov_54.422879	471	551	4	23	80	0.2875000
NODE_9509_length_877_cov_47.672237	451	527	6	49	76	0.6447368
NODE_9509_length_877_cov_47.672237	451	527	8	27	76	0.3552631
NODE_9509_length_877_cov_47.672237	500	580	2	19	80	0.2375000
NODE_9509_length_877_cov_47.672237	500	580	8	61	80	0.7625000
NODE_9510_length_877_cov_29.884319	349	429	1	51	80	0.6375000
NODE_9510_length_877_cov_29.884319	349	429	2	13	80	0.1625000
NODE_9510_length_877_cov_29.884319	349	429	3	16	80	0.2000000
NODE_9510_length_877_cov_29.884319	402	482	1	80	80	1.0000000
NODE_9511_length_877_cov_17.681234	423	503	0	80	80	1.0000000
NODE_9511_length_877_cov_17.681234	476	556	0	80	80	1.0000000
NODE_9512_length_877_cov_17.520566	228	308	0	80	80	1.0000000
NODE_9512_length_877_cov_17.520566	281	361	0	80	80	1.0000000
NODE_9513_length_877_cov_17.374036	362	442	2	4	80	0.0500000
NODE_9513_length_877_cov_17.374036	362	442	4	7	80	0.0875000
NODE_9513_length_877_cov_17.374036	362	442	6	69	80	0.8625000
NODE_9513_length_877_cov_17.374036	415	495	0	2	80	0.0250000
NODE_9513_length_877_cov_17.374036	415	495	4	58	80	0.7250000
NODE_9513_length_877_cov_17.374036	415	495	6	20	80	0.2500000
NODE_9515_length_877_cov_9.320051	395	475	0	11	80	0.1375000
NODE_9515_length_877_cov_9.320051	395	475	2	69	80	0.8625000
NODE_9515_length_877_cov_9.320051	448	528	2	80	80	1.0000000
NODE_9517_length_877_cov_6.755784	222	302	0	80	80	1.0000000
NODE_9517_length_877_cov_6.755784	275	354	0	79	79	1.0000000
NODE_9537_length_876_cov_46.021879	389	469	2	3	80	0.0375000
NODE_9537_length_876_cov_46.021879	389	469	4	10	80	0.1250000
NODE_9537_length_876_cov_46.021879	389	469	6	67	80	0.8375000
NODE_9537_length_876_cov_46.021879	442	522	0	29	80	0.3625000
NODE_9537_length_876_cov_46.021879	442	522	2	27	80	0.3375000
NODE_9537_length_876_cov_46.021879	442	522	6	24	80	0.3000000
NODE_9538_length_876_cov_34.441441	379	459	0	80	80	1.0000000
NODE_9538_length_876_cov_34.441441	432	512	0	80	80	1.0000000
NODE_9539_length_876_cov_30.742600	344	424	2	56	80	0.7000000
NODE_9539_length_876_cov_30.742600	344	424	3	1	80	0.0125000
NODE_9539_length_876_cov_30.742600	344	424	5	11	80	0.1375000
NODE_9539_length_876_cov_30.742600	344	424	7	12	80	0.1500000
NODE_9539_length_876_cov_30.742600	397	477	2	3	80	0.0375000
NODE_9539_length_876_cov_30.742600	397	477	3	1	80	0.0125000
NODE_9539_length_876_cov_30.742600	397	477	5	23	80	0.2875000
NODE_9539_length_876_cov_30.742600	397	477	6	34	80	0.4250000
NODE_9539_length_876_cov_30.742600	397	477	7	19	80	0.2375000
NODE_9540_length_876_cov_28.476190	345	425	0	80	80	1.0000000
NODE_9540_length_876_cov_28.476190	398	478	0	80	80	1.0000000
NODE_9541_length_876_cov_22.722008	324	404	0	25	80	0.3125000
NODE_9541_length_876_cov_22.722008	324	404	2	55	80	0.6875000
NODE_9541_length_876_cov_22.722008	377	457	0	78	80	0.9750000
NODE_9541_length_876_cov_22.722008	377	457	2	2	80	0.0250000
NODE_9542_length_876_cov_17.458172	367	447	0	29	80	0.3625000
NODE_9542_length_876_cov_17.458172	367	447	2	7	80	0.0875000
NODE_9542_length_876_cov_17.458172	367	447	4	44	80	0.5500000
NODE_9542_length_876_cov_17.458172	420	500	2	10	80	0.1250000
NODE_9542_length_876_cov_17.458172	420	500	4	70	80	0.8750000
NODE_9561_length_875_cov_52.965206	190	270	0	11	80	0.1375000
NODE_9561_length_875_cov_52.965206	190	270	2	7	80	0.0875000
NODE_9561_length_875_cov_52.965206	190	270	4	62	80	0.7750000
NODE_9561_length_875_cov_52.965206	243	323	4	44	80	0.5500000
NODE_9561_length_875_cov_52.965206	243	323	7	10	80	0.1250000
NODE_9561_length_875_cov_52.965206	243	323	8	21	80	0.2625000
NODE_9561_length_875_cov_52.965206	243	323	9	2	80	0.0250000
NODE_9561_length_875_cov_52.965206	243	323	10	3	80	0.0375000
NODE_9561_length_875_cov_52.965206	319	399	7	13	80	0.1625000
NODE_9561_length_875_cov_52.965206	319	399	8	43	80	0.5375000
NODE_9561_length_875_cov_52.965206	319	399	10	24	80	0.3000000
NODE_9561_length_875_cov_52.965206	372	447	2	9	75	0.1200000
NODE_9561_length_875_cov_52.965206	372	447	5	1	75	0.0133333
NODE_9561_length_875_cov_52.965206	372	447	6	17	75	0.2266667
NODE_9561_length_875_cov_52.965206	372	447	8	4	75	0.0533333
NODE_9561_length_875_cov_52.965206	372	447	9	20	75	0.2666667
NODE_9561_length_875_cov_52.965206	372	447	10	24	75	0.3200000
NODE_9562_length_875_cov_35.634021	260	340	2	80	80	1.0000000
NODE_9562_length_875_cov_35.634021	313	393	0	32	80	0.4000000
NODE_9562_length_875_cov_35.634021	313	393	2	48	80	0.6000000
NODE_9562_length_875_cov_35.634021	389	469	0	22	80	0.2750000
NODE_9562_length_875_cov_35.634021	389	469	2	15	80	0.1875000
NODE_9562_length_875_cov_35.634021	389	469	6	43	80	0.5375000
NODE_9562_length_875_cov_35.634021	442	522	2	7	80	0.0875000
NODE_9562_length_875_cov_35.634021	442	522	4	3	80	0.0375000
NODE_9562_length_875_cov_35.634021	442	522	6	70	80	0.8750000
NODE_9563_length_875_cov_33.771907	363	441	0	12	78	0.1538462
NODE_9563_length_875_cov_33.771907	363	441	2	2	78	0.0256410
NODE_9563_length_875_cov_33.771907	363	441	4	64	78	0.8205128
NODE_9563_length_875_cov_33.771907	414	494	4	80	80	1.0000000
NODE_9564_length_875_cov_29.698454	322	402	2	6	80	0.0750000
NODE_9564_length_875_cov_29.698454	322	402	4	22	80	0.2750000
NODE_9564_length_875_cov_29.698454	322	402	6	52	80	0.6500000
NODE_9564_length_875_cov_29.698454	375	455	0	43	80	0.5375000
NODE_9564_length_875_cov_29.698454	375	455	2	16	80	0.2000000
NODE_9564_length_875_cov_29.698454	375	455	4	21	80	0.2625000
NODE_9565_length_875_cov_23.041237	364	444	6	11	80	0.1375000
NODE_9565_length_875_cov_23.041237	364	444	8	69	80	0.8625000
NODE_9565_length_875_cov_23.041237	417	497	0	34	80	0.4250000
NODE_9565_length_875_cov_23.041237	417	497	4	11	80	0.1375000
NODE_9565_length_875_cov_23.041237	417	497	6	19	80	0.2375000
NODE_9565_length_875_cov_23.041237	417	497	8	16	80	0.2000000
NODE_9565_length_875_cov_23.041237	493	573	0	80	80	1.0000000
NODE_9565_length_875_cov_23.041237	546	626	0	80	80	1.0000000
NODE_9566_length_875_cov_9.800258	242	322	2	80	80	1.0000000
NODE_9566_length_875_cov_9.800258	295	376	0	45	81	0.5555556
NODE_9566_length_875_cov_9.800258	295	376	2	36	81	0.4444444
NODE_9567_length_875_cov_8.195876	407	487	0	80	80	1.0000000
NODE_9567_length_875_cov_8.195876	460	540	0	80	80	1.0000000
NODE_9585_length_874_cov_48.925161	185	265	0	23	80	0.2875000
NODE_9585_length_874_cov_48.925161	185	265	4	13	80	0.1625000
NODE_9585_length_874_cov_48.925161	185	265	6	11	80	0.1375000
NODE_9585_length_874_cov_48.925161	185	265	10	33	80	0.4125000
NODE_9585_length_874_cov_48.925161	238	318	6	5	80	0.0625000
NODE_9585_length_874_cov_48.925161	238	318	10	75	80	0.9375000
NODE_9587_length_874_cov_37.354839	199	279	7	2	80	0.0250000
NODE_9587_length_874_cov_37.354839	199	279	8	30	80	0.3750000
NODE_9587_length_874_cov_37.354839	199	279	10	48	80	0.6000000
NODE_9587_length_874_cov_37.354839	252	332	0	21	80	0.2625000
NODE_9587_length_874_cov_37.354839	252	332	6	17	80	0.2125000
NODE_9587_length_874_cov_37.354839	252	332	7	17	80	0.2125000
NODE_9587_length_874_cov_37.354839	252	332	8	25	80	0.3125000
NODE_9588_length_874_cov_35.040000	231	311	0	2	80	0.0250000
NODE_9588_length_874_cov_35.040000	231	311	5	1	80	0.0125000
NODE_9588_length_874_cov_35.040000	231	311	6	21	80	0.2625000
NODE_9588_length_874_cov_35.040000	231	311	10	56	80	0.7000000
NODE_9588_length_874_cov_35.040000	284	364	0	6	80	0.0750000
NODE_9588_length_874_cov_35.040000	284	364	4	27	80	0.3375000
NODE_9588_length_874_cov_35.040000	284	364	9	1	80	0.0125000
NODE_9588_length_874_cov_35.040000	284	364	10	46	80	0.5750000
NODE_9589_length_874_cov_23.415484	327	407	0	80	80	1.0000000
NODE_9589_length_874_cov_23.415484	380	460	0	80	80	1.0000000
NODE_9589_length_874_cov_23.415484	456	536	0	80	80	1.0000000
NODE_9589_length_874_cov_23.415484	509	589	0	80	80	1.0000000
NODE_9590_length_874_cov_21.885161	279	359	2	50	80	0.6250000
NODE_9590_length_874_cov_21.885161	279	359	4	30	80	0.3750000
NODE_9590_length_874_cov_21.885161	332	412	2	29	80	0.3625000
NODE_9590_length_874_cov_21.885161	332	412	4	51	80	0.6375000
NODE_9591_length_874_cov_11.172903	67	147	0	45	80	0.5625000
NODE_9591_length_874_cov_11.172903	67	147	2	35	80	0.4375000
NODE_9591_length_874_cov_11.172903	120	200	0	20	80	0.2500000
NODE_9591_length_874_cov_11.172903	120	200	2	60	80	0.7500000
NODE_9592_length_874_cov_9.645161	424	504	0	80	80	1.0000000
NODE_9592_length_874_cov_9.645161	477	557	0	80	80	1.0000000
NODE_9593_length_874_cov_8.637419	359	439	0	29	80	0.3625000
NODE_9593_length_874_cov_8.637419	359	439	3	4	80	0.0500000
NODE_9593_length_874_cov_8.637419	359	439	6	47	80	0.5875000
NODE_9593_length_874_cov_8.637419	412	499	6	87	87	1.0000000
NODE_9596_length_874_cov_4.785806	829	874	1	5	45	0.1111111
NODE_9596_length_874_cov_4.785806	829	874	3	2	45	0.0444444
NODE_9596_length_874_cov_4.785806	829	874	4	9	45	0.2000000
NODE_9596_length_874_cov_4.785806	829	874	6	6	45	0.1333333
NODE_9596_length_874_cov_4.785806	829	874	11	3	45	0.0666667
NODE_9596_length_874_cov_4.785806	829	874	13	3	45	0.0666667
NODE_9596_length_874_cov_4.785806	829	874	15	7	45	0.1555556
NODE_9596_length_874_cov_4.785806	829	874	17	9	45	0.2000000
NODE_9596_length_874_cov_4.785806	829	874	19	1	45	0.0222222
NODE_9618_length_873_cov_100.625323	50	130	70	6	80	0.0750000
NODE_9618_length_873_cov_100.625323	50	130	72	6	80	0.0750000
NODE_9618_length_873_cov_100.625323	50	130	77	11	80	0.1375000
NODE_9618_length_873_cov_100.625323	50	130	78	9	80	0.1125000
NODE_9618_length_873_cov_100.625323	50	130	79	48	80	0.6000000
NODE_9619_length_873_cov_45.633075	226	306	0	1	80	0.0125000
NODE_9619_length_873_cov_45.633075	226	306	9	2	80	0.0250000
NODE_9619_length_873_cov_45.633075	226	306	10	77	80	0.9625000
NODE_9619_length_873_cov_45.633075	279	359	10	80	80	1.0000000
NODE_9619_length_873_cov_45.633075	693	773	0	80	80	1.0000000
NODE_9619_length_873_cov_45.633075	746	826	0	80	80	1.0000000
NODE_9620_length_873_cov_39.224806	190	270	0	40	80	0.5000000
NODE_9620_length_873_cov_39.224806	190	270	2	40	80	0.5000000
NODE_9620_length_873_cov_39.224806	243	307	0	1	64	0.0156250
NODE_9620_length_873_cov_39.224806	243	307	2	63	64	0.9843750
NODE_9620_length_873_cov_39.224806	390	470	0	80	80	1.0000000
NODE_9620_length_873_cov_39.224806	443	523	0	80	80	1.0000000
NODE_9620_length_873_cov_39.224806	504	523	0	19	19	1.0000000
NODE_9620_length_873_cov_39.224806	519	599	0	80	80	1.0000000
NODE_9620_length_873_cov_39.224806	572	652	0	80	80	1.0000000
NODE_9621_length_873_cov_27.992248	372	452	0	80	80	1.0000000
NODE_9621_length_873_cov_27.992248	425	505	0	80	80	1.0000000
NODE_9622_length_873_cov_23.270026	390	470	0	80	80	1.0000000
NODE_9622_length_873_cov_23.270026	443	528	0	85	85	1.0000000
NODE_9623_length_873_cov_23.197674	293	373	2	80	80	1.0000000
NODE_9623_length_873_cov_23.197674	346	426	0	38	80	0.4750000
NODE_9623_length_873_cov_23.197674	346	426	2	42	80	0.5250000
NODE_9624_length_873_cov_20.432817	347	427	6	32	80	0.4000000
NODE_9624_length_873_cov_20.432817	347	427	8	48	80	0.6000000
NODE_9624_length_873_cov_20.432817	400	480	0	3	80	0.0375000
NODE_9624_length_873_cov_20.432817	400	480	2	23	80	0.2875000
NODE_9624_length_873_cov_20.432817	400	480	6	9	80	0.1125000
NODE_9624_length_873_cov_20.432817	400	480	8	45	80	0.5625000
NODE_9624_length_873_cov_20.432817	476	556	0	79	80	0.9875000
NODE_9624_length_873_cov_20.432817	476	556	2	1	80	0.0125000
NODE_9624_length_873_cov_20.432817	529	609	0	80	80	1.0000000
NODE_9625_length_873_cov_19.913437	445	525	0	36	80	0.4500000
NODE_9625_length_873_cov_19.913437	445	525	4	44	80	0.5500000
NODE_9625_length_873_cov_19.913437	498	578	4	80	80	1.0000000
NODE_9626_length_873_cov_16.718346	276	356	0	27	80	0.3375000
NODE_9626_length_873_cov_16.718346	276	356	2	53	80	0.6625000
NODE_9626_length_873_cov_16.718346	329	409	2	80	80	1.0000000
NODE_9627_length_873_cov_16.422481	423	503	0	9	80	0.1125000
NODE_9627_length_873_cov_16.422481	423	503	2	71	80	0.8875000
NODE_9627_length_873_cov_16.422481	476	556	0	35	80	0.4375000
NODE_9627_length_873_cov_16.422481	476	556	2	45	80	0.5625000
NODE_9628_length_873_cov_11.198966	410	490	0	80	80	1.0000000
NODE_9628_length_873_cov_11.198966	463	543	0	80	80	1.0000000
NODE_9629_length_873_cov_9.799742	334	414	3	43	80	0.5375000
NODE_9629_length_873_cov_9.799742	334	414	4	37	80	0.4625000
NODE_9629_length_873_cov_9.799742	387	467	0	34	80	0.4250000
NODE_9629_length_873_cov_9.799742	387	467	1	1	80	0.0125000
NODE_9629_length_873_cov_9.799742	387	467	2	7	80	0.0875000
NODE_9629_length_873_cov_9.799742	387	467	3	38	80	0.4750000
NODE_9632_length_873_cov_3.828165	490	570	0	80	80	1.0000000
NODE_9632_length_873_cov_3.828165	543	583	0	40	40	1.0000000
NODE_9632_length_873_cov_3.828165	690	735	0	45	45	1.0000000
NODE_9633_length_873_cov_3.443152	716	746	0	3	30	0.1000000
NODE_9633_length_873_cov_3.443152	716	746	2	27	30	0.9000000
NODE_9647_length_873_cov_1.239018	593	658	0	65	65	1.0000000
NODE_9651_length_872_cov_47.732212	432	512	7	7	80	0.0875000
NODE_9651_length_872_cov_47.732212	432	512	9	46	80	0.5750000
NODE_9651_length_872_cov_47.732212	432	512	10	27	80	0.3375000
NODE_9651_length_872_cov_47.732212	484	564	0	44	80	0.5500000
NODE_9651_length_872_cov_47.732212	484	564	6	2	80	0.0250000
NODE_9651_length_872_cov_47.732212	484	564	7	13	80	0.1625000
NODE_9651_length_872_cov_47.732212	484	564	9	21	80	0.2625000
NODE_9651_length_872_cov_47.732212	560	640	0	80	80	1.0000000
NODE_9651_length_872_cov_47.732212	613	693	0	80	80	1.0000000
NODE_9652_length_872_cov_16.204398	349	429	0	38	80	0.4750000
NODE_9652_length_872_cov_16.204398	349	429	2	1	80	0.0125000
NODE_9652_length_872_cov_16.204398	349	429	3	29	80	0.3625000
NODE_9652_length_872_cov_16.204398	349	429	5	2	80	0.0250000
NODE_9652_length_872_cov_16.204398	349	429	6	10	80	0.1250000
NODE_9652_length_872_cov_16.204398	402	482	3	15	80	0.1875000
NODE_9652_length_872_cov_16.204398	402	482	5	2	80	0.0250000
NODE_9652_length_872_cov_16.204398	402	482	6	11	80	0.1375000
NODE_9652_length_872_cov_16.204398	402	482	8	31	80	0.3875000
NODE_9652_length_872_cov_16.204398	402	482	10	21	80	0.2625000
NODE_9652_length_872_cov_16.204398	478	558	10	20	80	0.2500000
NODE_9652_length_872_cov_16.204398	478	558	12	7	80	0.0875000
NODE_9652_length_872_cov_16.204398	478	558	13	7	80	0.0875000
NODE_9652_length_872_cov_16.204398	478	558	14	15	80	0.1875000
NODE_9652_length_872_cov_16.204398	478	558	15	9	80	0.1125000
NODE_9652_length_872_cov_16.204398	478	558	17	1	80	0.0125000
NODE_9652_length_872_cov_16.204398	478	558	18	21	80	0.2625000
NODE_9652_length_872_cov_16.204398	531	611	4	14	80	0.1750000
NODE_9652_length_872_cov_16.204398	531	611	5	11	80	0.1375000
NODE_9652_length_872_cov_16.204398	531	611	7	19	80	0.2375000
NODE_9652_length_872_cov_16.204398	531	611	9	1	80	0.0125000
NODE_9652_length_872_cov_16.204398	531	611	10	7	80	0.0875000
NODE_9652_length_872_cov_16.204398	531	611	12	6	80	0.0750000
NODE_9652_length_872_cov_16.204398	531	611	13	7	80	0.0875000
NODE_9652_length_872_cov_16.204398	531	611	15	9	80	0.1125000
NODE_9652_length_872_cov_16.204398	531	611	17	1	80	0.0125000
NODE_9652_length_872_cov_16.204398	531	611	18	5	80	0.0625000
NODE_9653_length_872_cov_12.835705	376	456	0	80	80	1.0000000
NODE_9653_length_872_cov_12.835705	429	509	0	80	80	1.0000000
NODE_9654_length_872_cov_9.657180	356	431	0	75	75	1.0000000
NODE_9660_length_872_cov_3.531695	425	505	0	80	80	1.0000000
NODE_9660_length_872_cov_3.531695	478	559	0	81	81	1.0000000
NODE_9673_length_871_cov_56.841969	265	345	0	80	80	1.0000000
NODE_9673_length_871_cov_56.841969	318	398	0	43	80	0.5375000
NODE_9673_length_871_cov_56.841969	318	398	6	18	80	0.2250000
NODE_9673_length_871_cov_56.841969	318	398	8	19	80	0.2375000
NODE_9673_length_871_cov_56.841969	394	474	8	49	80	0.6125000
NODE_9673_length_871_cov_56.841969	394	474	12	31	80	0.3875000
NODE_9673_length_871_cov_56.841969	447	527	4	21	80	0.2625000
NODE_9673_length_871_cov_56.841969	447	527	6	30	80	0.3750000
NODE_9673_length_871_cov_56.841969	447	527	12	29	80	0.3625000
NODE_9674_length_871_cov_47.528497	461	541	0	29	80	0.3625000
NODE_9674_length_871_cov_47.528497	461	541	2	51	80	0.6375000
NODE_9674_length_871_cov_47.528497	514	594	0	36	80	0.4500000
NODE_9674_length_871_cov_47.528497	514	594	2	44	80	0.5500000
NODE_9675_length_871_cov_31.145078	326	406	0	68	80	0.8500000
NODE_9675_length_871_cov_31.145078	326	406	2	12	80	0.1500000
NODE_9675_length_871_cov_31.145078	379	459	0	15	80	0.1875000
NODE_9675_length_871_cov_31.145078	379	459	2	65	80	0.8125000
NODE_9676_length_871_cov_27.993523	379	459	0	80	80	1.0000000
NODE_9676_length_871_cov_27.993523	432	512	0	80	80	1.0000000
NODE_9677_length_871_cov_25.954663	463	543	4	16	80	0.2000000
NODE_9677_length_871_cov_25.954663	463	543	6	64	80	0.8000000
NODE_9677_length_871_cov_25.954663	516	596	0	16	80	0.2000000
NODE_9677_length_871_cov_25.954663	516	596	2	34	80	0.4250000
NODE_9677_length_871_cov_25.954663	516	596	4	19	80	0.2375000
NODE_9677_length_871_cov_25.954663	516	596	6	11	80	0.1375000
NODE_9678_length_871_cov_24.069948	492	558	2	18	66	0.2727273
NODE_9678_length_871_cov_24.069948	492	558	4	48	66	0.7272727
NODE_9678_length_871_cov_24.069948	558	634	0	14	76	0.1842105
NODE_9678_length_871_cov_24.069948	558	634	2	55	76	0.7236842
NODE_9678_length_871_cov_24.069948	558	634	4	7	76	0.0921053
NODE_9679_length_871_cov_23.953368	445	522	56	8	77	0.1038961
NODE_9679_length_871_cov_23.953368	445	522	57	1	77	0.0129870
NODE_9679_length_871_cov_23.953368	445	522	58	9	77	0.1168831
NODE_9679_length_871_cov_23.953368	445	522	62	1	77	0.0129870
NODE_9679_length_871_cov_23.953368	445	522	65	1	77	0.0129870
NODE_9679_length_871_cov_23.953368	445	522	66	3	77	0.0389610
NODE_9679_length_871_cov_23.953368	445	522	67	31	77	0.4025974
NODE_9679_length_871_cov_23.953368	445	522	69	3	77	0.0389610
NODE_9679_length_871_cov_23.953368	445	522	70	7	77	0.0909091
NODE_9679_length_871_cov_23.953368	445	522	72	4	77	0.0519481
NODE_9679_length_871_cov_23.953368	445	522	73	1	77	0.0129870
NODE_9679_length_871_cov_23.953368	445	522	74	2	77	0.0259740
NODE_9679_length_871_cov_23.953368	445	522	75	3	77	0.0389610
NODE_9679_length_871_cov_23.953368	445	522	79	3	77	0.0389610
NODE_9680_length_871_cov_19.304404	335	415	4	26	80	0.3250000
NODE_9680_length_871_cov_19.304404	335	415	6	48	80	0.6000000
NODE_9680_length_871_cov_19.304404	335	415	10	6	80	0.0750000
NODE_9680_length_871_cov_19.304404	388	468	6	21	80	0.2625000
NODE_9680_length_871_cov_19.304404	388	468	8	33	80	0.4125000
NODE_9680_length_871_cov_19.304404	388	468	10	26	80	0.3250000
NODE_9682_length_871_cov_18.108808	370	450	0	80	80	1.0000000
NODE_9682_length_871_cov_18.108808	423	503	0	80	80	1.0000000
NODE_9683_length_871_cov_17.034974	362	442	2	43	80	0.5375000
NODE_9683_length_871_cov_17.034974	362	442	4	37	80	0.4625000
NODE_9683_length_871_cov_17.034974	415	495	0	47	80	0.5875000
NODE_9683_length_871_cov_17.034974	415	495	2	33	80	0.4125000
NODE_9684_length_871_cov_16.768135	374	454	0	80	80	1.0000000
NODE_9685_length_871_cov_14.196891	267	347	2	15	80	0.1875000
NODE_9685_length_871_cov_14.196891	267	347	8	65	80	0.8125000
NODE_9685_length_871_cov_14.196891	320	400	2	28	80	0.3500000
NODE_9685_length_871_cov_14.196891	320	400	8	49	80	0.6125000
NODE_9685_length_871_cov_14.196891	320	400	10	3	80	0.0375000
NODE_9686_length_871_cov_13.443005	246	326	0	80	80	1.0000000
NODE_9686_length_871_cov_13.443005	299	322	0	23	23	1.0000000
NODE_9687_length_871_cov_11.839378	29	109	0	80	80	1.0000000
NODE_9687_length_871_cov_11.839378	82	149	0	67	67	1.0000000
NODE_9687_length_871_cov_11.839378	331	411	0	80	80	1.0000000
NODE_9687_length_871_cov_11.839378	384	464	0	80	80	1.0000000
NODE_9689_length_871_cov_5.730570	316	373	4	11	57	0.1929825
NODE_9689_length_871_cov_5.730570	316	373	6	1	57	0.0175439
NODE_9689_length_871_cov_5.730570	316	373	8	1	57	0.0175439
NODE_9689_length_871_cov_5.730570	316	373	10	17	57	0.2982456
NODE_9689_length_871_cov_5.730570	316	373	12	15	57	0.2631579
NODE_9689_length_871_cov_5.730570	316	373	14	7	57	0.1228070
NODE_9689_length_871_cov_5.730570	316	373	20	3	57	0.0526316
NODE_9689_length_871_cov_5.730570	316	373	22	2	57	0.0350877
NODE_9694_length_871_cov_3.544041	428	508	0	80	80	1.0000000
NODE_9694_length_871_cov_3.544041	481	561	0	80	80	1.0000000
NODE_9716_length_870_cov_43.400778	542	622	0	80	80	1.0000000
NODE_9716_length_870_cov_43.400778	595	675	0	80	80	1.0000000
NODE_9719_length_870_cov_28.249027	442	524	2	9	82	0.1097561
NODE_9719_length_870_cov_28.249027	442	524	4	73	82	0.8902439
NODE_9719_length_870_cov_28.249027	497	577	0	14	80	0.1750000
NODE_9719_length_870_cov_28.249027	497	577	2	17	80	0.2125000
NODE_9719_length_870_cov_28.249027	497	577	4	49	80	0.6125000
NODE_9720_length_870_cov_26.992218	240	320	0	80	80	1.0000000
NODE_9720_length_870_cov_26.992218	293	373	0	80	80	1.0000000
NODE_9720_length_870_cov_26.992218	369	449	0	41	80	0.5125000
NODE_9720_length_870_cov_26.992218	369	449	2	39	80	0.4875000
NODE_9720_length_870_cov_26.992218	422	502	2	27	80	0.3375000
NODE_9720_length_870_cov_26.992218	422	502	4	53	80	0.6625000
NODE_9721_length_870_cov_25.806744	186	237	0	51	51	1.0000000
NODE_9721_length_870_cov_25.806744	391	471	0	6	80	0.0750000
NODE_9721_length_870_cov_25.806744	391	471	2	53	80	0.6625000
NODE_9721_length_870_cov_25.806744	391	471	4	21	80	0.2625000
NODE_9721_length_870_cov_25.806744	444	524	2	37	80	0.4625000
NODE_9721_length_870_cov_25.806744	444	524	4	43	80	0.5375000
NODE_9722_length_870_cov_18.862516	345	425	2	4	80	0.0500000
NODE_9722_length_870_cov_18.862516	345	425	4	76	80	0.9500000
NODE_9722_length_870_cov_18.862516	398	478	2	38	80	0.4750000
NODE_9722_length_870_cov_18.862516	398	478	4	42	80	0.5250000
NODE_9723_length_870_cov_15.686122	330	410	4	80	80	1.0000000
NODE_9723_length_870_cov_15.686122	383	463	0	10	80	0.1250000
NODE_9723_length_870_cov_15.686122	383	463	2	9	80	0.1125000
NODE_9723_length_870_cov_15.686122	383	463	4	61	80	0.7625000
NODE_9725_length_870_cov_13.334630	479	559	0	29	80	0.3625000
NODE_9725_length_870_cov_13.334630	479	559	3	5	80	0.0625000
NODE_9725_length_870_cov_13.334630	479	559	4	46	80	0.5750000
NODE_9725_length_870_cov_13.334630	532	612	3	58	80	0.7250000
NODE_9725_length_870_cov_13.334630	532	612	4	22	80	0.2750000
NODE_9726_length_870_cov_9.712062	410	490	0	80	80	1.0000000
NODE_9726_length_870_cov_9.712062	463	542	0	79	79	1.0000000
NODE_9728_length_870_cov_7.556420	448	528	0	80	80	1.0000000
NODE_9728_length_870_cov_7.556420	501	581	0	80	80	1.0000000
NODE_9746_length_869_cov_42.784416	395	475	4	39	80	0.4875000
NODE_9746_length_869_cov_42.784416	395	475	6	41	80	0.5125000
NODE_9746_length_869_cov_42.784416	448	528	0	4	80	0.0500000
NODE_9746_length_869_cov_42.784416	448	528	2	49	80	0.6125000
NODE_9746_length_869_cov_42.784416	448	528	6	27	80	0.3375000
NODE_9747_length_869_cov_29.525974	211	291	4	54	80	0.6750000
NODE_9747_length_869_cov_29.525974	211	291	6	26	80	0.3250000
NODE_9747_length_869_cov_29.525974	264	344	4	1	80	0.0125000
NODE_9747_length_869_cov_29.525974	264	344	6	79	80	0.9875000
NODE_9748_length_869_cov_16.258442	389	469	3	3	80	0.0375000
NODE_9748_length_869_cov_16.258442	389	469	4	72	80	0.9000000
NODE_9748_length_869_cov_16.258442	389	469	6	5	80	0.0625000
NODE_9748_length_869_cov_16.258442	442	522	4	60	80	0.7500000
NODE_9748_length_869_cov_16.258442	442	522	6	20	80	0.2500000
NODE_9749_length_869_cov_15.940260	321	401	0	9	80	0.1125000
NODE_9749_length_869_cov_15.940260	321	401	2	71	80	0.8875000
NODE_9749_length_869_cov_15.940260	374	454	0	62	80	0.7750000
NODE_9749_length_869_cov_15.940260	374	454	2	18	80	0.2250000
NODE_9750_length_869_cov_9.619481	402	442	65	1	40	0.0250000
NODE_9750_length_869_cov_9.619481	402	442	66	4	40	0.1000000
NODE_9750_length_869_cov_9.619481	402	442	67	9	40	0.2250000
NODE_9750_length_869_cov_9.619481	402	442	68	3	40	0.0750000
NODE_9750_length_869_cov_9.619481	402	442	69	12	40	0.3000000
NODE_9750_length_869_cov_9.619481	402	442	70	4	40	0.1000000
NODE_9750_length_869_cov_9.619481	402	442	71	2	40	0.0500000
NODE_9750_length_869_cov_9.619481	402	442	72	1	40	0.0250000
NODE_9750_length_869_cov_9.619481	402	442	74	1	40	0.0250000
NODE_9750_length_869_cov_9.619481	402	442	76	2	40	0.0500000
NODE_9750_length_869_cov_9.619481	402	442	78	1	40	0.0250000
NODE_9751_length_869_cov_7.123377	392	472	2	80	80	1.0000000
NODE_9751_length_869_cov_7.123377	445	525	0	44	80	0.5500000
NODE_9751_length_869_cov_7.123377	445	525	2	36	80	0.4500000
NODE_9753_length_869_cov_3.658442	310	378	0	68	68	1.0000000
NODE_9777_length_868_cov_57.465540	355	435	8	25	80	0.3125000
NODE_9777_length_868_cov_57.465540	355	435	10	11	80	0.1375000
NODE_9777_length_868_cov_57.465540	355	435	12	44	80	0.5500000
NODE_9778_length_868_cov_46.509753	0	65	1	3	65	0.0461538
NODE_9778_length_868_cov_46.509753	0	65	3	4	65	0.0615385
NODE_9778_length_868_cov_46.509753	0	65	7	3	65	0.0461538
NODE_9778_length_868_cov_46.509753	0	65	9	10	65	0.1538462
NODE_9778_length_868_cov_46.509753	0	65	11	16	65	0.2461538
NODE_9778_length_868_cov_46.509753	0	65	15	8	65	0.1230769
NODE_9778_length_868_cov_46.509753	0	65	18	21	65	0.3230769
NODE_9778_length_868_cov_46.509753	0	65	1	3	65	0.0461538
NODE_9778_length_868_cov_46.509753	0	65	3	4	65	0.0615385
NODE_9778_length_868_cov_46.509753	0	65	7	3	65	0.0461538
NODE_9778_length_868_cov_46.509753	0	65	9	10	65	0.1538462
NODE_9778_length_868_cov_46.509753	0	65	11	16	65	0.2461538
NODE_9778_length_868_cov_46.509753	0	65	15	8	65	0.1230769
NODE_9778_length_868_cov_46.509753	0	65	18	21	65	0.3230769
NODE_9778_length_868_cov_46.509753	0	65	1	3	65	0.0461538
NODE_9778_length_868_cov_46.509753	0	65	3	4	65	0.0615385
NODE_9778_length_868_cov_46.509753	0	65	7	3	65	0.0461538
NODE_9778_length_868_cov_46.509753	0	65	9	10	65	0.1538462
NODE_9778_length_868_cov_46.509753	0	65	11	16	65	0.2461538
NODE_9778_length_868_cov_46.509753	0	65	15	8	65	0.1230769
NODE_9778_length_868_cov_46.509753	0	65	18	21	65	0.3230769
NODE_9778_length_868_cov_46.509753	0	65	1	3	65	0.0461538
NODE_9778_length_868_cov_46.509753	0	65	3	4	65	0.0615385
NODE_9778_length_868_cov_46.509753	0	65	7	3	65	0.0461538
NODE_9778_length_868_cov_46.509753	0	65	9	10	65	0.1538462
NODE_9778_length_868_cov_46.509753	0	65	11	16	65	0.2461538
NODE_9778_length_868_cov_46.509753	0	65	15	8	65	0.1230769
NODE_9778_length_868_cov_46.509753	0	65	18	21	65	0.3230769
NODE_9778_length_868_cov_46.509753	61	141	9	4	80	0.0500000
NODE_9778_length_868_cov_46.509753	61	141	13	7	80	0.0875000
NODE_9778_length_868_cov_46.509753	61	141	15	15	80	0.1875000
NODE_9778_length_868_cov_46.509753	61	141	18	7	80	0.0875000
NODE_9778_length_868_cov_46.509753	61	141	19	47	80	0.5875000
NODE_9778_length_868_cov_46.509753	61	141	9	4	80	0.0500000
NODE_9778_length_868_cov_46.509753	61	141	13	7	80	0.0875000
NODE_9778_length_868_cov_46.509753	61	141	15	15	80	0.1875000
NODE_9778_length_868_cov_46.509753	61	141	18	7	80	0.0875000
NODE_9778_length_868_cov_46.509753	61	141	19	47	80	0.5875000
NODE_9778_length_868_cov_46.509753	114	194	4	34	80	0.4250000
NODE_9778_length_868_cov_46.509753	114	194	6	3	80	0.0375000
NODE_9778_length_868_cov_46.509753	114	194	9	8	80	0.1000000
NODE_9778_length_868_cov_46.509753	114	194	10	12	80	0.1500000
NODE_9778_length_868_cov_46.509753	114	194	13	7	80	0.0875000
NODE_9778_length_868_cov_46.509753	114	194	15	15	80	0.1875000
NODE_9778_length_868_cov_46.509753	114	194	19	1	80	0.0125000
NODE_9778_length_868_cov_46.509753	114	194	4	34	80	0.4250000
NODE_9778_length_868_cov_46.509753	114	194	6	3	80	0.0375000
NODE_9778_length_868_cov_46.509753	114	194	9	8	80	0.1000000
NODE_9778_length_868_cov_46.509753	114	194	10	12	80	0.1500000
NODE_9778_length_868_cov_46.509753	114	194	13	7	80	0.0875000
NODE_9778_length_868_cov_46.509753	114	194	15	15	80	0.1875000
NODE_9778_length_868_cov_46.509753	114	194	19	1	80	0.0125000
NODE_9779_length_868_cov_26.092328	318	398	0	80	80	1.0000000
NODE_9779_length_868_cov_26.092328	371	451	0	80	80	1.0000000
NODE_9781_length_868_cov_22.555267	377	457	0	13	80	0.1625000
NODE_9781_length_868_cov_22.555267	377	457	3	2	80	0.0250000
NODE_9781_length_868_cov_22.555267	377	457	4	10	80	0.1250000
NODE_9781_length_868_cov_22.555267	377	457	6	55	80	0.6875000
NODE_9781_length_868_cov_22.555267	430	510	0	13	80	0.1625000
NODE_9781_length_868_cov_22.555267	430	510	2	12	80	0.1500000
NODE_9781_length_868_cov_22.555267	430	510	6	55	80	0.6875000
NODE_9782_length_868_cov_20.466840	259	339	0	80	80	1.0000000
NODE_9782_length_868_cov_20.466840	312	392	0	80	80	1.0000000
NODE_9782_length_868_cov_20.466840	388	468	0	62	80	0.7750000
NODE_9782_length_868_cov_20.466840	388	468	2	18	80	0.2250000
NODE_9782_length_868_cov_20.466840	441	521	0	19	80	0.2375000
NODE_9782_length_868_cov_20.466840	441	521	2	61	80	0.7625000
NODE_9783_length_868_cov_20.414824	311	391	5	3	80	0.0375000
NODE_9783_length_868_cov_20.414824	311	391	6	7	80	0.0875000
NODE_9783_length_868_cov_20.414824	311	391	8	8	80	0.1000000
NODE_9783_length_868_cov_20.414824	311	391	9	49	80	0.6125000
NODE_9783_length_868_cov_20.414824	311	391	10	13	80	0.1625000
NODE_9783_length_868_cov_20.414824	364	444	2	36	80	0.4500000
NODE_9783_length_868_cov_20.414824	364	444	4	16	80	0.2000000
NODE_9783_length_868_cov_20.414824	364	444	5	4	80	0.0500000
NODE_9783_length_868_cov_20.414824	364	444	8	1	80	0.0125000
NODE_9783_length_868_cov_20.414824	364	444	9	23	80	0.2875000
NODE_9784_length_868_cov_17.613784	340	420	0	80	80	1.0000000
NODE_9784_length_868_cov_17.613784	393	473	0	80	80	1.0000000
NODE_9785_length_868_cov_15.768531	353	433	0	80	80	1.0000000
NODE_9785_length_868_cov_15.768531	406	486	0	80	80	1.0000000
NODE_9786_length_868_cov_13.997399	611	691	4	80	80	1.0000000
NODE_9786_length_868_cov_13.997399	664	744	0	48	80	0.6000000
NODE_9786_length_868_cov_13.997399	664	744	4	32	80	0.4000000
NODE_9787_length_868_cov_13.224967	451	531	0	13	80	0.1625000
NODE_9787_length_868_cov_13.224967	451	531	6	67	80	0.8375000
NODE_9787_length_868_cov_13.224967	504	583	0	4	79	0.0506329
NODE_9787_length_868_cov_13.224967	504	583	5	1	79	0.0126582
NODE_9787_length_868_cov_13.224967	504	583	6	74	79	0.9367089
NODE_9788_length_868_cov_11.851756	363	422	0	59	59	1.0000000
NODE_9788_length_868_cov_11.851756	395	475	0	80	80	1.0000000
NODE_9789_length_868_cov_11.352406	361	441	6	2	80	0.0250000
NODE_9789_length_868_cov_11.352406	361	441	8	11	80	0.1375000
NODE_9789_length_868_cov_11.352406	361	441	9	48	80	0.6000000
NODE_9789_length_868_cov_11.352406	361	441	10	6	80	0.0750000
NODE_9789_length_868_cov_11.352406	361	441	11	13	80	0.1625000
NODE_9789_length_868_cov_11.352406	414	494	6	19	80	0.2375000
NODE_9789_length_868_cov_11.352406	414	494	8	13	80	0.1625000
NODE_9789_length_868_cov_11.352406	414	494	9	22	80	0.2750000
NODE_9789_length_868_cov_11.352406	414	494	10	26	80	0.3250000
NODE_9790_length_868_cov_11.335501	289	369	2	2	80	0.0250000
NODE_9790_length_868_cov_11.335501	289	369	6	8	80	0.1000000
NODE_9790_length_868_cov_11.335501	289	369	9	16	80	0.2000000
NODE_9790_length_868_cov_11.335501	289	369	10	2	80	0.0250000
NODE_9790_length_868_cov_11.335501	289	369	12	3	80	0.0375000
NODE_9790_length_868_cov_11.335501	289	369	13	1	80	0.0125000
NODE_9790_length_868_cov_11.335501	289	369	14	48	80	0.6000000
NODE_9790_length_868_cov_11.335501	342	422	0	17	80	0.2125000
NODE_9790_length_868_cov_11.335501	342	422	4	24	80	0.3000000
NODE_9790_length_868_cov_11.335501	342	422	9	28	80	0.3500000
NODE_9790_length_868_cov_11.335501	342	422	10	2	80	0.0250000
NODE_9790_length_868_cov_11.335501	342	422	12	3	80	0.0375000
NODE_9790_length_868_cov_11.335501	342	422	13	1	80	0.0125000
NODE_9790_length_868_cov_11.335501	342	422	14	5	80	0.0625000
NODE_9791_length_868_cov_8.455137	401	481	0	80	80	1.0000000
NODE_9791_length_868_cov_8.455137	454	534	0	80	80	1.0000000
NODE_9816_length_867_cov_27.756510	333	376	0	43	43	1.0000000
NODE_9816_length_867_cov_27.756510	349	429	0	80	80	1.0000000
NODE_9816_length_867_cov_27.756510	425	505	0	80	80	1.0000000
NODE_9816_length_867_cov_27.756510	478	542	0	64	64	1.0000000
NODE_9817_length_867_cov_25.354167	280	345	0	65	65	1.0000000
NODE_9817_length_867_cov_25.354167	325	397	0	22	72	0.3055556
NODE_9817_length_867_cov_25.354167	325	397	2	50	72	0.6944444
NODE_9818_length_867_cov_23.968750	369	449	2	80	80	1.0000000
NODE_9818_length_867_cov_23.968750	422	502	0	47	80	0.5875000
NODE_9818_length_867_cov_23.968750	422	502	2	33	80	0.4125000
NODE_9819_length_867_cov_21.220052	524	604	0	50	80	0.6250000
NODE_9819_length_867_cov_21.220052	524	604	4	13	80	0.1625000
NODE_9819_length_867_cov_21.220052	524	604	8	17	80	0.2125000
NODE_9819_length_867_cov_21.220052	577	657	4	10	80	0.1250000
NODE_9819_length_867_cov_21.220052	577	657	8	70	80	0.8750000
NODE_9820_length_867_cov_15.042969	287	364	4	6	77	0.0779221
NODE_9820_length_867_cov_15.042969	287	364	5	15	77	0.1948052
NODE_9820_length_867_cov_15.042969	287	364	9	4	77	0.0519481
NODE_9820_length_867_cov_15.042969	287	364	10	52	77	0.6753247
NODE_9821_length_867_cov_11.057292	305	373	4	68	68	1.0000000
NODE_9821_length_867_cov_11.057292	346	426	0	4	80	0.0500000
NODE_9821_length_867_cov_11.057292	346	426	2	2	80	0.0250000
NODE_9821_length_867_cov_11.057292	346	426	4	74	80	0.9250000
NODE_9821_length_867_cov_11.057292	475	555	2	80	80	1.0000000
NODE_9822_length_867_cov_8.127604	347	427	0	80	80	1.0000000
NODE_9822_length_867_cov_8.127604	400	480	0	80	80	1.0000000
NODE_9823_length_867_cov_7.621094	292	372	0	80	80	1.0000000
NODE_9823_length_867_cov_7.621094	345	425	0	80	80	1.0000000
NODE_9826_length_867_cov_5.494792	445	525	0	80	80	1.0000000
NODE_9826_length_867_cov_5.494792	498	578	0	80	80	1.0000000
NODE_9857_length_866_cov_49.224250	269	349	0	80	80	1.0000000
NODE_9857_length_866_cov_49.224250	322	402	0	33	80	0.4125000
NODE_9857_length_866_cov_49.224250	322	402	1	23	80	0.2875000
NODE_9857_length_866_cov_49.224250	322	402	2	24	80	0.3000000
NODE_9858_length_866_cov_47.160365	428	508	0	12	80	0.1500000
NODE_9858_length_866_cov_47.160365	428	508	2	68	80	0.8500000
NODE_9858_length_866_cov_47.160365	481	561	0	65	80	0.8125000
NODE_9858_length_866_cov_47.160365	481	561	2	15	80	0.1875000
NODE_9858_length_866_cov_47.160365	557	637	0	6	80	0.0750000
NODE_9858_length_866_cov_47.160365	557	637	3	2	80	0.0250000
NODE_9858_length_866_cov_47.160365	557	637	4	72	80	0.9000000
NODE_9858_length_866_cov_47.160365	610	690	4	80	80	1.0000000
NODE_9859_length_866_cov_23.398957	281	361	3	52	80	0.6500000
NODE_9859_length_866_cov_23.398957	281	361	4	5	80	0.0625000
NODE_9859_length_866_cov_23.398957	281	361	5	1	80	0.0125000
NODE_9859_length_866_cov_23.398957	281	361	7	9	80	0.1125000
NODE_9859_length_866_cov_23.398957	281	361	9	13	80	0.1625000
NODE_9859_length_866_cov_23.398957	334	414	3	4	80	0.0500000
NODE_9859_length_866_cov_23.398957	334	414	5	1	80	0.0125000
NODE_9859_length_866_cov_23.398957	334	414	6	46	80	0.5750000
NODE_9859_length_866_cov_23.398957	334	414	7	13	80	0.1625000
NODE_9859_length_866_cov_23.398957	334	414	9	16	80	0.2000000
NODE_9860_length_866_cov_22.186441	455	535	4	22	80	0.2750000
NODE_9860_length_866_cov_22.186441	455	535	6	13	80	0.1625000
NODE_9860_length_866_cov_22.186441	455	535	7	12	80	0.1500000
NODE_9860_length_866_cov_22.186441	455	535	10	33	80	0.4125000
NODE_9860_length_866_cov_22.186441	508	588	0	28	80	0.3500000
NODE_9860_length_866_cov_22.186441	508	588	4	47	80	0.5875000
NODE_9860_length_866_cov_22.186441	508	588	7	5	80	0.0625000
NODE_9861_length_866_cov_18.362451	451	531	10	30	80	0.3750000
NODE_9861_length_866_cov_18.362451	451	531	11	2	80	0.0250000
NODE_9861_length_866_cov_18.362451	451	531	12	6	80	0.0750000
NODE_9861_length_866_cov_18.362451	451	531	14	42	80	0.5250000
NODE_9861_length_866_cov_18.362451	504	584	0	26	80	0.3250000
NODE_9861_length_866_cov_18.362451	504	584	4	23	80	0.2875000
NODE_9861_length_866_cov_18.362451	504	584	10	13	80	0.1625000
NODE_9861_length_866_cov_18.362451	504	584	11	2	80	0.0250000
NODE_9861_length_866_cov_18.362451	504	584	12	6	80	0.0750000
NODE_9861_length_866_cov_18.362451	504	584	14	10	80	0.1250000
NODE_9862_length_866_cov_16.830508	372	452	0	80	80	1.0000000
NODE_9862_length_866_cov_16.830508	425	505	0	80	80	1.0000000
NODE_9882_length_865_cov_63.137076	288	368	4	14	80	0.1750000
NODE_9882_length_865_cov_63.137076	288	368	6	28	80	0.3500000
NODE_9882_length_865_cov_63.137076	288	368	7	1	80	0.0125000
NODE_9882_length_865_cov_63.137076	288	368	8	9	80	0.1125000
NODE_9882_length_865_cov_63.137076	288	368	36	9	80	0.1125000
NODE_9882_length_865_cov_63.137076	288	368	37	1	80	0.0125000
NODE_9882_length_865_cov_63.137076	288	368	38	18	80	0.2250000
NODE_9882_length_865_cov_63.137076	341	421	33	9	80	0.1125000
NODE_9882_length_865_cov_63.137076	341	421	34	26	80	0.3250000
NODE_9882_length_865_cov_63.137076	341	421	35	18	80	0.2250000
NODE_9882_length_865_cov_63.137076	341	421	36	9	80	0.1125000
NODE_9882_length_865_cov_63.137076	341	421	38	18	80	0.2250000
NODE_9883_length_865_cov_19.882507	335	415	0	35	80	0.4375000
NODE_9883_length_865_cov_19.882507	335	415	1	4	80	0.0500000
NODE_9883_length_865_cov_19.882507	335	415	2	41	80	0.5125000
NODE_9883_length_865_cov_19.882507	388	468	2	80	80	1.0000000
NODE_9884_length_865_cov_17.784595	306	386	2	22	80	0.2750000
NODE_9884_length_865_cov_17.784595	306	386	5	23	80	0.2875000
NODE_9884_length_865_cov_17.784595	306	386	7	35	80	0.4375000
NODE_9884_length_865_cov_17.784595	359	439	5	15	80	0.1875000
NODE_9884_length_865_cov_17.784595	359	439	6	51	80	0.6375000
NODE_9884_length_865_cov_17.784595	359	439	7	14	80	0.1750000
NODE_9885_length_865_cov_16.150131	451	531	1	5	80	0.0625000
NODE_9885_length_865_cov_16.150131	451	531	2	75	80	0.9375000
NODE_9885_length_865_cov_16.150131	504	584	2	80	80	1.0000000
NODE_9886_length_865_cov_14.751958	473	553	0	8	80	0.1000000
NODE_9886_length_865_cov_14.751958	473	553	2	72	80	0.9000000
NODE_9886_length_865_cov_14.751958	473	553	0	8	80	0.1000000
NODE_9886_length_865_cov_14.751958	473	553	2	72	80	0.9000000
NODE_9886_length_865_cov_14.751958	526	589	2	63	63	1.0000000
NODE_9886_length_865_cov_14.751958	526	606	2	80	80	1.0000000
NODE_9887_length_865_cov_10.937337	422	502	0	10	80	0.1250000
NODE_9887_length_865_cov_10.937337	422	502	2	70	80	0.8750000
NODE_9887_length_865_cov_10.937337	475	555	0	45	80	0.5625000
NODE_9887_length_865_cov_10.937337	475	555	2	35	80	0.4375000
NODE_9889_length_865_cov_9.167102	389	469	0	80	80	1.0000000
NODE_9889_length_865_cov_9.167102	442	522	0	80	80	1.0000000
NODE_9912_length_864_cov_13.398693	491	571	0	80	80	1.0000000
NODE_9912_length_864_cov_13.398693	544	624	0	80	80	1.0000000
NODE_9913_length_864_cov_8.466667	308	388	2	80	80	1.0000000
NODE_9913_length_864_cov_8.466667	361	441	0	45	80	0.5625000
NODE_9913_length_864_cov_8.466667	361	441	2	35	80	0.4375000
NODE_9917_length_864_cov_3.947712	651	676	0	25	25	1.0000000
NODE_9917_length_864_cov_3.947712	725	805	0	80	80	1.0000000
NODE_9917_length_864_cov_3.947712	778	844	0	66	66	1.0000000
NODE_9931_length_863_cov_72.856021	241	321	0	7	80	0.0875000
NODE_9931_length_863_cov_72.856021	241	321	2	73	80	0.9125000
NODE_9931_length_863_cov_72.856021	294	374	2	40	80	0.5000000
NODE_9931_length_863_cov_72.856021	294	374	11	1	80	0.0125000
NODE_9931_length_863_cov_72.856021	294	374	12	3	80	0.0375000
NODE_9931_length_863_cov_72.856021	294	374	24	10	80	0.1250000
NODE_9931_length_863_cov_72.856021	294	374	25	2	80	0.0250000
NODE_9931_length_863_cov_72.856021	294	374	31	22	80	0.2750000
NODE_9931_length_863_cov_72.856021	294	374	33	2	80	0.0250000
NODE_9931_length_863_cov_72.856021	370	450	31	45	80	0.5625000
NODE_9931_length_863_cov_72.856021	370	450	32	35	80	0.4375000
NODE_9931_length_863_cov_72.856021	423	503	0	3	80	0.0375000
NODE_9931_length_863_cov_72.856021	423	503	10	14	80	0.1750000
NODE_9931_length_863_cov_72.856021	423	503	11	2	80	0.0250000
NODE_9931_length_863_cov_72.856021	423	503	20	14	80	0.1750000
NODE_9931_length_863_cov_72.856021	423	503	30	5	80	0.0625000
NODE_9931_length_863_cov_72.856021	423	503	32	42	80	0.5250000
NODE_9932_length_863_cov_37.130890	363	443	0	80	80	1.0000000
NODE_9932_length_863_cov_37.130890	416	496	0	80	80	1.0000000
NODE_9932_length_863_cov_37.130890	492	572	0	80	80	1.0000000
NODE_9932_length_863_cov_37.130890	545	617	0	69	72	0.9583333
NODE_9932_length_863_cov_37.130890	545	617	2	1	72	0.0138889
NODE_9932_length_863_cov_37.130890	545	617	3	2	72	0.0277778
NODE_9933_length_863_cov_33.159686	287	367	0	80	80	1.0000000
NODE_9933_length_863_cov_33.159686	340	420	0	80	80	1.0000000
NODE_9934_length_863_cov_24.714660	370	450	4	42	80	0.5250000
NODE_9934_length_863_cov_24.714660	370	450	6	38	80	0.4750000
NODE_9934_length_863_cov_24.714660	423	503	4	41	80	0.5125000
NODE_9934_length_863_cov_24.714660	423	503	6	39	80	0.4875000
NODE_9935_length_863_cov_21.945026	341	421	0	80	80	1.0000000
NODE_9935_length_863_cov_21.945026	394	474	0	80	80	1.0000000
NODE_9936_length_863_cov_19.794503	393	473	0	80	80	1.0000000
NODE_9936_length_863_cov_19.794503	446	526	0	80	80	1.0000000
NODE_9937_length_863_cov_11.778796	303	383	0	15	80	0.1875000
NODE_9937_length_863_cov_11.778796	303	383	2	65	80	0.8125000
NODE_9937_length_863_cov_11.778796	356	436	0	33	80	0.4125000
NODE_9937_length_863_cov_11.778796	356	436	2	47	80	0.5875000
NODE_9938_length_863_cov_10.026178	283	363	2	77	80	0.9625000
NODE_9938_length_863_cov_10.026178	283	363	4	3	80	0.0375000
NODE_9938_length_863_cov_10.026178	336	416	2	24	80	0.3000000
NODE_9938_length_863_cov_10.026178	336	416	4	56	80	0.7000000
NODE_9957_length_862_cov_46.811271	272	352	0	4	80	0.0500000
NODE_9957_length_862_cov_46.811271	272	352	4	76	80	0.9500000
NODE_9957_length_862_cov_46.811271	325	405	0	2	80	0.0250000
NODE_9957_length_862_cov_46.811271	325	405	4	78	80	0.9750000
NODE_9957_length_862_cov_46.811271	401	481	0	45	80	0.5625000
NODE_9957_length_862_cov_46.811271	401	481	2	33	80	0.4125000
NODE_9957_length_862_cov_46.811271	401	481	4	2	80	0.0250000
NODE_9957_length_862_cov_46.811271	454	534	0	4	80	0.0500000
NODE_9957_length_862_cov_46.811271	454	534	1	1	80	0.0125000
NODE_9957_length_862_cov_46.811271	454	534	2	75	80	0.9375000
NODE_9958_length_862_cov_34.638270	259	339	0	80	80	1.0000000
NODE_9958_length_862_cov_34.638270	312	392	0	80	80	1.0000000
NODE_9958_length_862_cov_34.638270	388	468	0	52	80	0.6500000
NODE_9958_length_862_cov_34.638270	388	468	4	10	80	0.1250000
NODE_9958_length_862_cov_34.638270	388	468	8	18	80	0.2250000
NODE_9958_length_862_cov_34.638270	441	521	4	9	80	0.1125000
NODE_9958_length_862_cov_34.638270	441	521	8	71	80	0.8875000
NODE_9959_length_862_cov_32.068152	468	548	0	5	80	0.0625000
NODE_9959_length_862_cov_32.068152	468	548	1	15	80	0.1875000
NODE_9959_length_862_cov_32.068152	468	548	2	60	80	0.7500000
NODE_9959_length_862_cov_32.068152	521	601	0	58	80	0.7250000
NODE_9959_length_862_cov_32.068152	521	601	1	15	80	0.1875000
NODE_9959_length_862_cov_32.068152	521	601	2	7	80	0.0875000
NODE_9960_length_862_cov_23.584535	526	606	0	36	80	0.4500000
NODE_9960_length_862_cov_23.584535	526	606	2	44	80	0.5500000
NODE_9960_length_862_cov_23.584535	579	659	0	80	80	1.0000000
NODE_9961_length_862_cov_19.980341	347	427	0	71	80	0.8875000
NODE_9961_length_862_cov_19.980341	347	427	4	9	80	0.1125000
NODE_9961_length_862_cov_19.980341	400	480	0	18	80	0.2250000
NODE_9961_length_862_cov_19.980341	400	480	4	62	80	0.7750000
NODE_9962_length_862_cov_19.079948	379	459	2	66	80	0.8250000
NODE_9962_length_862_cov_19.079948	379	459	4	14	80	0.1750000
NODE_9962_length_862_cov_19.079948	432	512	2	76	80	0.9500000
NODE_9962_length_862_cov_19.079948	432	512	4	4	80	0.0500000
NODE_9963_length_862_cov_18.425950	94	174	0	46	80	0.5750000
NODE_9963_length_862_cov_18.425950	94	174	4	11	80	0.1375000
NODE_9963_length_862_cov_18.425950	94	174	6	18	80	0.2250000
NODE_9963_length_862_cov_18.425950	94	174	8	5	80	0.0625000
NODE_9963_length_862_cov_18.425950	147	201	4	4	54	0.0740741
NODE_9963_length_862_cov_18.425950	147	201	6	18	54	0.3333333
NODE_9963_length_862_cov_18.425950	147	201	8	32	54	0.5925926
NODE_9963_length_862_cov_18.425950	392	472	0	2	80	0.0250000
NODE_9963_length_862_cov_18.425950	392	472	2	78	80	0.9750000
NODE_9963_length_862_cov_18.425950	445	525	0	5	80	0.0625000
NODE_9963_length_862_cov_18.425950	445	525	2	25	80	0.3125000
NODE_9963_length_862_cov_18.425950	445	525	3	1	80	0.0125000
NODE_9963_length_862_cov_18.425950	445	525	4	49	80	0.6125000
NODE_9964_length_862_cov_11.740498	348	428	0	80	80	1.0000000
NODE_9964_length_862_cov_11.740498	401	481	0	80	80	1.0000000
NODE_9965_length_862_cov_11.685452	292	372	0	29	80	0.3625000
NODE_9965_length_862_cov_11.685452	292	372	6	51	80	0.6375000
NODE_9965_length_862_cov_11.685452	345	425	6	80	80	1.0000000
NODE_9966_length_862_cov_8.259502	385	465	0	80	80	1.0000000
NODE_9966_length_862_cov_8.259502	438	518	0	80	80	1.0000000
NODE_9970_length_862_cov_2.895151	388	468	0	80	80	1.0000000
NODE_9970_length_862_cov_2.895151	441	521	0	80	80	1.0000000
NODE_9984_length_861_cov_52.679790	450	530	0	19	80	0.2375000
NODE_9984_length_861_cov_52.679790	450	530	4	21	80	0.2625000
NODE_9984_length_861_cov_52.679790	450	530	6	40	80	0.5000000
NODE_9984_length_861_cov_52.679790	503	583	6	80	80	1.0000000
NODE_9985_length_861_cov_34.868766	470	550	4	30	80	0.3750000
NODE_9985_length_861_cov_34.868766	470	550	6	50	80	0.6250000
NODE_9985_length_861_cov_34.868766	523	603	0	8	80	0.1000000
NODE_9985_length_861_cov_34.868766	523	603	2	45	80	0.5625000
NODE_9985_length_861_cov_34.868766	523	603	6	27	80	0.3375000
NODE_9986_length_861_cov_25.622047	145	225	0	33	80	0.4125000
NODE_9986_length_861_cov_25.622047	145	225	3	6	80	0.0750000
NODE_9986_length_861_cov_25.622047	145	225	4	25	80	0.3125000
NODE_9986_length_861_cov_25.622047	145	225	6	8	80	0.1000000
NODE_9986_length_861_cov_25.622047	145	225	8	8	80	0.1000000
NODE_9986_length_861_cov_25.622047	198	278	4	11	80	0.1375000
NODE_9986_length_861_cov_25.622047	198	278	6	8	80	0.1000000
NODE_9986_length_861_cov_25.622047	198	278	8	61	80	0.7625000
NODE_9987_length_861_cov_22.052493	401	481	0	80	80	1.0000000
NODE_9987_length_861_cov_22.052493	454	534	0	80	80	1.0000000
NODE_9988_length_861_cov_19.913386	400	480	2	52	80	0.6500000
NODE_9988_length_861_cov_19.913386	400	480	4	28	80	0.3500000
NODE_9988_length_861_cov_19.913386	453	533	2	54	80	0.6750000
NODE_9988_length_861_cov_19.913386	453	533	4	26	80	0.3250000
NODE_9989_length_861_cov_15.237533	492	572	0	3	80	0.0375000
NODE_9989_length_861_cov_15.237533	492	572	2	77	80	0.9625000
NODE_9989_length_861_cov_15.237533	545	625	0	56	80	0.7000000
NODE_9989_length_861_cov_15.237533	545	625	2	24	80	0.3000000
NODE_9990_length_861_cov_12.460630	451	531	2	38	80	0.4750000
NODE_9990_length_861_cov_12.460630	451	531	4	42	80	0.5250000
NODE_9990_length_861_cov_12.460630	504	584	2	67	80	0.8375000
NODE_9990_length_861_cov_12.460630	504	584	4	13	80	0.1625000
NODE_9991_length_861_cov_9.463255	446	526	0	80	80	1.0000000
NODE_9991_length_861_cov_9.463255	499	579	0	80	80	1.0000000
NODE_9992_length_861_cov_9.435696	348	423	5	13	75	0.1733333
NODE_9992_length_861_cov_9.435696	348	423	6	30	75	0.4000000
NODE_9992_length_861_cov_9.435696	348	423	8	32	75	0.4266667
NODE_9993_length_861_cov_7.009186	51	91	0	40	40	1.0000000
NODE_9993_length_861_cov_7.009186	185	265	0	80	80	1.0000000
NODE_9993_length_861_cov_7.009186	238	318	0	80	80	1.0000000
NODE_10019_length_860_cov_54.315375	245	325	0	20	80	0.2500000
NODE_10019_length_860_cov_54.315375	245	325	1	1	80	0.0125000
NODE_10019_length_860_cov_54.315375	245	325	2	59	80	0.7375000
NODE_10019_length_860_cov_54.315375	298	378	0	35	80	0.4375000
NODE_10019_length_860_cov_54.315375	298	378	1	1	80	0.0125000
NODE_10019_length_860_cov_54.315375	298	378	2	6	80	0.0750000
NODE_10019_length_860_cov_54.315375	298	378	6	1	80	0.0125000
NODE_10019_length_860_cov_54.315375	298	378	7	2	80	0.0250000
NODE_10019_length_860_cov_54.315375	298	378	9	14	80	0.1750000
NODE_10019_length_860_cov_54.315375	298	378	16	21	80	0.2625000
NODE_10019_length_860_cov_54.315375	374	454	14	9	80	0.1125000
NODE_10019_length_860_cov_54.315375	374	454	16	71	80	0.8875000
NODE_10019_length_860_cov_54.315375	427	507	7	17	80	0.2125000
NODE_10019_length_860_cov_54.315375	427	507	11	1	80	0.0125000
NODE_10019_length_860_cov_54.315375	427	507	14	44	80	0.5500000
NODE_10019_length_860_cov_54.315375	427	507	16	18	80	0.2250000
NODE_10020_length_860_cov_29.618922	356	436	0	28	80	0.3500000
NODE_10020_length_860_cov_29.618922	356	436	2	52	80	0.6500000
NODE_10020_length_860_cov_29.618922	409	489	0	14	80	0.1750000
NODE_10020_length_860_cov_29.618922	409	489	2	66	80	0.8250000
NODE_10021_length_860_cov_15.152431	393	473	4	3	80	0.0375000
NODE_10021_length_860_cov_15.152431	393	473	5	3	80	0.0375000
NODE_10021_length_860_cov_15.152431	393	473	7	9	80	0.1125000
NODE_10021_length_860_cov_15.152431	393	473	9	8	80	0.1000000
NODE_10021_length_860_cov_15.152431	393	473	10	13	80	0.1625000
NODE_10021_length_860_cov_15.152431	393	473	11	4	80	0.0500000
NODE_10021_length_860_cov_15.152431	393	473	12	14	80	0.1750000
NODE_10021_length_860_cov_15.152431	393	473	15	14	80	0.1750000
NODE_10021_length_860_cov_15.152431	393	473	16	12	80	0.1500000
NODE_10021_length_860_cov_15.152431	446	526	4	56	80	0.7000000
NODE_10021_length_860_cov_15.152431	446	526	5	3	80	0.0375000
NODE_10021_length_860_cov_15.152431	446	526	7	9	80	0.1125000
NODE_10021_length_860_cov_15.152431	446	526	9	8	80	0.1000000
NODE_10021_length_860_cov_15.152431	446	526	10	2	80	0.0250000
NODE_10021_length_860_cov_15.152431	446	526	11	2	80	0.0250000
NODE_10022_length_860_cov_11.320631	343	423	0	32	80	0.4000000
NODE_10022_length_860_cov_11.320631	343	423	2	48	80	0.6000000
NODE_10022_length_860_cov_11.320631	396	476	2	80	80	1.0000000
NODE_10049_length_859_cov_48.173684	432	512	0	44	80	0.5500000
NODE_10049_length_859_cov_48.173684	432	512	2	36	80	0.4500000
NODE_10049_length_859_cov_48.173684	485	565	0	4	80	0.0500000
NODE_10049_length_859_cov_48.173684	485	565	2	76	80	0.9500000
NODE_10050_length_859_cov_24.957895	402	482	4	3	80	0.0375000
NODE_10050_length_859_cov_24.957895	402	482	6	47	80	0.5875000
NODE_10050_length_859_cov_24.957895	402	482	8	30	80	0.3750000
NODE_10050_length_859_cov_24.957895	455	535	2	33	80	0.4125000
NODE_10050_length_859_cov_24.957895	455	535	6	7	80	0.0875000
NODE_10050_length_859_cov_24.957895	455	535	8	40	80	0.5000000
NODE_10051_length_859_cov_23.431579	251	331	0	13	80	0.1625000
NODE_10051_length_859_cov_23.431579	251	331	1	4	80	0.0500000
NODE_10051_length_859_cov_23.431579	251	331	3	19	80	0.2375000
NODE_10051_length_859_cov_23.431579	251	331	4	33	80	0.4125000
NODE_10051_length_859_cov_23.431579	251	331	6	11	80	0.1375000
NODE_10051_length_859_cov_23.431579	304	384	4	37	80	0.4625000
NODE_10051_length_859_cov_23.431579	304	384	6	43	80	0.5375000
NODE_10052_length_859_cov_20.523684	341	421	0	9	80	0.1125000
NODE_10052_length_859_cov_20.523684	341	421	2	71	80	0.8875000
NODE_10052_length_859_cov_20.523684	394	474	0	34	80	0.4250000
NODE_10052_length_859_cov_20.523684	394	474	2	46	80	0.5750000
NODE_10053_length_859_cov_17.996053	316	396	0	18	80	0.2250000
NODE_10053_length_859_cov_17.996053	316	396	2	62	80	0.7750000
NODE_10053_length_859_cov_17.996053	369	449	2	80	80	1.0000000
NODE_10054_length_859_cov_16.757895	404	484	0	2	80	0.0250000
NODE_10054_length_859_cov_16.757895	404	484	7	1	80	0.0125000
NODE_10054_length_859_cov_16.757895	404	484	8	77	80	0.9625000
NODE_10054_length_859_cov_16.757895	457	537	0	25	80	0.3125000
NODE_10054_length_859_cov_16.757895	457	537	7	2	80	0.0250000
NODE_10054_length_859_cov_16.757895	457	537	8	53	80	0.6625000
NODE_10055_length_859_cov_15.852632	346	426	2	45	80	0.5625000
NODE_10055_length_859_cov_15.852632	346	426	4	35	80	0.4375000
NODE_10055_length_859_cov_15.852632	399	479	0	5	80	0.0625000
NODE_10055_length_859_cov_15.852632	399	479	2	39	80	0.4875000
NODE_10055_length_859_cov_15.852632	399	479	4	36	80	0.4500000
NODE_10056_length_859_cov_11.584211	407	487	0	80	80	1.0000000
NODE_10056_length_859_cov_11.584211	460	540	0	80	80	1.0000000
NODE_10057_length_859_cov_10.296053	368	448	0	48	80	0.6000000
NODE_10057_length_859_cov_10.296053	368	448	2	30	80	0.3750000
NODE_10057_length_859_cov_10.296053	368	448	6	2	80	0.0250000
NODE_10057_length_859_cov_10.296053	421	501	2	25	80	0.3125000
NODE_10057_length_859_cov_10.296053	421	501	6	55	80	0.6875000
NODE_10066_length_859_cov_2.359211	498	578	0	80	80	1.0000000
NODE_10066_length_859_cov_2.359211	551	631	0	80	80	1.0000000
NODE_10079_length_858_cov_54.677207	277	357	0	24	80	0.3000000
NODE_10079_length_858_cov_54.677207	277	357	2	14	80	0.1750000
NODE_10079_length_858_cov_54.677207	277	357	4	42	80	0.5250000
NODE_10079_length_858_cov_54.677207	330	410	4	80	80	1.0000000
NODE_10080_length_858_cov_40.584980	500	580	4	41	80	0.5125000
NODE_10080_length_858_cov_40.584980	500	580	6	39	80	0.4875000
NODE_10080_length_858_cov_40.584980	553	633	0	52	80	0.6500000
NODE_10080_length_858_cov_40.584980	553	633	4	28	80	0.3500000
NODE_10081_length_858_cov_30.177866	363	443	0	31	80	0.3875000
NODE_10081_length_858_cov_30.177866	363	443	2	10	80	0.1250000
NODE_10081_length_858_cov_30.177866	363	443	6	39	80	0.4875000
NODE_10081_length_858_cov_30.177866	416	496	6	80	80	1.0000000
NODE_10081_length_858_cov_30.177866	492	572	0	59	80	0.7375000
NODE_10081_length_858_cov_30.177866	492	572	2	5	80	0.0625000
NODE_10081_length_858_cov_30.177866	492	572	6	16	80	0.2000000
NODE_10081_length_858_cov_30.177866	545	625	0	80	80	1.0000000
NODE_10082_length_858_cov_18.534914	371	451	0	24	80	0.3000000
NODE_10082_length_858_cov_18.534914	371	451	2	56	80	0.7000000
NODE_10082_length_858_cov_18.534914	424	504	0	77	80	0.9625000
NODE_10082_length_858_cov_18.534914	424	504	2	3	80	0.0375000
NODE_10083_length_858_cov_15.378129	232	312	0	80	80	1.0000000
NODE_10083_length_858_cov_15.378129	285	365	0	80	80	1.0000000
NODE_10084_length_858_cov_12.310935	335	415	4	27	80	0.3375000
NODE_10084_length_858_cov_12.310935	335	415	5	45	80	0.5625000
NODE_10084_length_858_cov_12.310935	335	415	6	8	80	0.1000000
NODE_10084_length_858_cov_12.310935	388	468	0	30	80	0.3750000
NODE_10084_length_858_cov_12.310935	388	468	5	50	80	0.6250000
NODE_10085_length_858_cov_7.835310	396	479	0	83	83	1.0000000
NODE_10085_length_858_cov_7.835310	452	532	0	80	80	1.0000000
NODE_10088_length_858_cov_4.953887	474	554	0	30	80	0.3750000
NODE_10088_length_858_cov_4.953887	474	554	2	50	80	0.6250000
NODE_10088_length_858_cov_4.953887	527	607	2	80	80	1.0000000
NODE_10091_length_858_cov_3.475626	428	502	4	5	74	0.0675676
NODE_10091_length_858_cov_3.475626	428	502	8	69	74	0.9324324
NODE_10091_length_858_cov_3.475626	498	578	0	14	80	0.1750000
NODE_10091_length_858_cov_3.475626	498	578	1	34	80	0.4250000
NODE_10091_length_858_cov_3.475626	498	578	2	1	80	0.0125000
NODE_10091_length_858_cov_3.475626	498	578	4	31	80	0.3875000
NODE_10091_length_858_cov_3.475626	551	631	0	67	80	0.8375000
NODE_10091_length_858_cov_3.475626	551	631	1	13	80	0.1625000
NODE_10108_length_857_cov_33.449868	384	455	8	25	71	0.3521127
NODE_10108_length_857_cov_33.449868	384	455	10	46	71	0.6478873
NODE_10108_length_857_cov_33.449868	437	518	0	3	81	0.0370370
NODE_10108_length_857_cov_33.449868	437	518	6	43	81	0.5308642
NODE_10108_length_857_cov_33.449868	437	518	8	35	81	0.4320988
NODE_10109_length_857_cov_32.527704	391	471	10	71	80	0.8875000
NODE_10109_length_857_cov_32.527704	391	471	11	2	80	0.0250000
NODE_10109_length_857_cov_32.527704	391	471	12	7	80	0.0875000
NODE_10109_length_857_cov_32.527704	444	524	0	2	80	0.0250000
NODE_10109_length_857_cov_32.527704	444	524	2	50	80	0.6250000
NODE_10109_length_857_cov_32.527704	444	524	10	23	80	0.2875000
NODE_10109_length_857_cov_32.527704	444	524	12	5	80	0.0625000
NODE_10110_length_857_cov_27.853562	310	390	0	80	80	1.0000000
NODE_10110_length_857_cov_27.853562	363	443	0	80	80	1.0000000
NODE_10111_length_857_cov_24.654354	282	362	4	46	80	0.5750000
NODE_10111_length_857_cov_24.654354	282	362	6	34	80	0.4250000
NODE_10111_length_857_cov_24.654354	335	415	0	12	80	0.1500000
NODE_10111_length_857_cov_24.654354	335	415	2	20	80	0.2500000
NODE_10111_length_857_cov_24.654354	335	415	6	48	80	0.6000000
NODE_10112_length_857_cov_22.604222	374	456	12	21	82	0.2560976
NODE_10112_length_857_cov_22.604222	374	456	13	12	82	0.1463415
NODE_10112_length_857_cov_22.604222	374	456	14	49	82	0.5975610
NODE_10112_length_857_cov_22.604222	427	509	7	4	82	0.0487805
NODE_10112_length_857_cov_22.604222	427	509	12	54	82	0.6585366
NODE_10112_length_857_cov_22.604222	427	509	14	24	82	0.2926829
NODE_10113_length_857_cov_17.399736	320	400	0	59	80	0.7375000
NODE_10113_length_857_cov_17.399736	320	400	3	1	80	0.0125000
NODE_10113_length_857_cov_17.399736	320	400	4	20	80	0.2500000
NODE_10113_length_857_cov_17.399736	373	453	0	6	80	0.0750000
NODE_10113_length_857_cov_17.399736	373	453	3	1	80	0.0125000
NODE_10113_length_857_cov_17.399736	373	453	4	73	80	0.9125000
NODE_10114_length_857_cov_17.069921	388	468	0	80	80	1.0000000
NODE_10114_length_857_cov_17.069921	441	521	0	80	80	1.0000000
NODE_10115_length_857_cov_11.816623	433	513	0	19	80	0.2375000
NODE_10115_length_857_cov_11.816623	433	513	4	61	80	0.7625000
NODE_10115_length_857_cov_11.816623	486	566	4	80	80	1.0000000
NODE_10116_length_857_cov_6.733509	513	593	2	6	80	0.0750000
NODE_10116_length_857_cov_6.733509	513	593	3	6	80	0.0750000
NODE_10116_length_857_cov_6.733509	513	593	4	6	80	0.0750000
NODE_10116_length_857_cov_6.733509	513	593	5	62	80	0.7750000
NODE_10117_length_857_cov_6.251979	298	378	0	80	80	1.0000000
NODE_10117_length_857_cov_6.251979	351	431	0	80	80	1.0000000
NODE_10118_length_857_cov_5.827177	323	403	0	21	80	0.2625000
NODE_10118_length_857_cov_5.827177	323	403	2	59	80	0.7375000
NODE_10118_length_857_cov_5.827177	376	456	0	13	80	0.1625000
NODE_10118_length_857_cov_5.827177	376	456	2	67	80	0.8375000
NODE_10120_length_857_cov_4.530343	362	442	0	80	80	1.0000000
NODE_10120_length_857_cov_4.530343	415	495	0	80	80	1.0000000
NODE_10128_length_857_cov_1.464380	179	249	4	17	70	0.2428571
NODE_10128_length_857_cov_1.464380	179	249	6	51	70	0.7285714
NODE_10128_length_857_cov_1.464380	179	249	7	2	70	0.0285714
NODE_10128_length_857_cov_1.464380	222	288	3	7	66	0.1060606
NODE_10128_length_857_cov_1.464380	222	288	4	7	66	0.1060606
NODE_10128_length_857_cov_1.464380	222	288	5	2	66	0.0303030
NODE_10128_length_857_cov_1.464380	222	288	6	18	66	0.2727273
NODE_10128_length_857_cov_1.464380	222	288	7	32	66	0.4848485
NODE_10138_length_856_cov_39.147952	157	237	2	76	80	0.9500000
NODE_10138_length_856_cov_39.147952	157	237	8	4	80	0.0500000
NODE_10138_length_856_cov_39.147952	210	290	2	23	80	0.2875000
NODE_10138_length_856_cov_39.147952	210	290	8	5	80	0.0625000
NODE_10138_length_856_cov_39.147952	210	290	13	4	80	0.0500000
NODE_10138_length_856_cov_39.147952	210	290	15	11	80	0.1375000
NODE_10138_length_856_cov_39.147952	210	290	23	2	80	0.0250000
NODE_10138_length_856_cov_39.147952	210	290	24	1	80	0.0125000
NODE_10138_length_856_cov_39.147952	210	290	28	34	80	0.4250000
NODE_10138_length_856_cov_39.147952	286	366	14	6	80	0.0750000
NODE_10138_length_856_cov_39.147952	286	366	24	21	80	0.2625000
NODE_10138_length_856_cov_39.147952	286	366	28	8	80	0.1000000
NODE_10138_length_856_cov_39.147952	286	366	29	6	80	0.0750000
NODE_10138_length_856_cov_39.147952	286	366	30	39	80	0.4875000
NODE_10138_length_856_cov_39.147952	339	419	0	13	80	0.1625000
NODE_10138_length_856_cov_39.147952	339	419	7	17	80	0.2125000
NODE_10138_length_856_cov_39.147952	339	419	8	1	80	0.0125000
NODE_10138_length_856_cov_39.147952	339	419	13	1	80	0.0125000
NODE_10138_length_856_cov_39.147952	339	419	14	27	80	0.3375000
NODE_10138_length_856_cov_39.147952	339	419	24	21	80	0.2625000
NODE_10139_length_856_cov_21.937913	353	433	0	15	80	0.1875000
NODE_10139_length_856_cov_21.937913	353	433	4	18	80	0.2250000
NODE_10139_length_856_cov_21.937913	353	433	6	6	80	0.0750000
NODE_10139_length_856_cov_21.937913	353	433	8	41	80	0.5125000
NODE_10139_length_856_cov_21.937913	406	486	4	35	80	0.4375000
NODE_10139_length_856_cov_21.937913	406	486	8	45	80	0.5625000
NODE_10140_length_856_cov_20.227213	375	459	0	49	84	0.5833333
NODE_10140_length_856_cov_20.227213	375	459	2	35	84	0.4166667
NODE_10140_length_856_cov_20.227213	432	512	2	80	80	1.0000000
NODE_10141_length_856_cov_18.445178	340	420	0	20	80	0.2500000
NODE_10141_length_856_cov_18.445178	340	420	2	60	80	0.7500000
NODE_10141_length_856_cov_18.445178	393	473	2	80	80	1.0000000
NODE_10142_length_856_cov_16.564069	462	543	0	31	81	0.3827161
NODE_10142_length_856_cov_16.564069	462	543	2	50	81	0.6172839
NODE_10142_length_856_cov_16.564069	516	596	0	4	80	0.0500000
NODE_10142_length_856_cov_16.564069	516	596	2	76	80	0.9500000
NODE_10142_length_856_cov_16.564069	516	593	0	1	77	0.0129870
NODE_10142_length_856_cov_16.564069	516	593	2	76	77	0.9870130
NODE_10143_length_856_cov_15.803170	403	483	13	1	80	0.0125000
NODE_10143_length_856_cov_15.803170	403	483	14	52	80	0.6500000
NODE_10143_length_856_cov_15.803170	403	483	16	27	80	0.3375000
NODE_10143_length_856_cov_15.803170	456	536	4	22	80	0.2750000
NODE_10143_length_856_cov_15.803170	456	536	10	31	80	0.3875000
NODE_10143_length_856_cov_15.803170	456	536	14	8	80	0.1000000
NODE_10143_length_856_cov_15.803170	456	536	16	19	80	0.2375000
NODE_10144_length_856_cov_12.904888	345	425	0	74	80	0.9250000
NODE_10144_length_856_cov_12.904888	345	425	2	6	80	0.0750000
NODE_10144_length_856_cov_12.904888	398	478	0	80	80	1.0000000
NODE_10145_length_856_cov_9.881110	338	418	0	80	80	1.0000000
NODE_10145_length_856_cov_9.881110	391	471	0	80	80	1.0000000
NODE_10146_length_856_cov_5.875826	405	485	0	80	80	1.0000000
NODE_10146_length_856_cov_5.875826	458	538	0	80	80	1.0000000
NODE_10149_length_856_cov_4.821664	466	546	0	1	80	0.0125000
NODE_10149_length_856_cov_4.821664	466	546	2	79	80	0.9875000
NODE_10149_length_856_cov_4.821664	519	599	2	80	80	1.0000000
NODE_10151_length_856_cov_4.195509	248	328	0	39	80	0.4875000
NODE_10151_length_856_cov_4.195509	248	328	1	1	80	0.0125000
NODE_10151_length_856_cov_4.195509	248	328	2	19	80	0.2375000
NODE_10151_length_856_cov_4.195509	248	328	4	21	80	0.2625000
NODE_10151_length_856_cov_4.195509	301	381	2	16	80	0.2000000
NODE_10151_length_856_cov_4.195509	301	381	4	64	80	0.8000000
NODE_10152_length_856_cov_3.899604	262	339	0	77	77	1.0000000
NODE_10152_length_856_cov_3.899604	312	392	0	72	80	0.9000000
NODE_10152_length_856_cov_3.899604	312	392	2	8	80	0.1000000
NODE_10176_length_855_cov_28.312169	541	621	0	33	80	0.4125000
NODE_10176_length_855_cov_28.312169	541	621	2	47	80	0.5875000
NODE_10176_length_855_cov_28.312169	594	674	0	24	80	0.3000000
NODE_10176_length_855_cov_28.312169	594	674	2	56	80	0.7000000
NODE_10177_length_855_cov_19.392857	692	772	0	80	80	1.0000000
NODE_10177_length_855_cov_19.392857	745	825	0	80	80	1.0000000
NODE_10178_length_855_cov_13.402116	343	423	2	17	80	0.2125000
NODE_10178_length_855_cov_13.402116	343	423	6	63	80	0.7875000
NODE_10178_length_855_cov_13.402116	396	476	4	24	80	0.3000000
NODE_10178_length_855_cov_13.402116	396	476	6	56	80	0.7000000
NODE_10179_length_855_cov_13.116402	295	375	0	15	80	0.1875000
NODE_10179_length_855_cov_13.116402	295	375	6	22	80	0.2750000
NODE_10179_length_855_cov_13.116402	295	375	8	43	80	0.5375000
NODE_10179_length_855_cov_13.116402	348	428	8	80	80	1.0000000
NODE_10180_length_855_cov_11.179894	360	436	0	76	76	1.0000000
NODE_10180_length_855_cov_11.179894	409	489	0	80	80	1.0000000
NODE_10183_length_855_cov_8.593915	339	419	0	80	80	1.0000000
NODE_10183_length_855_cov_8.593915	392	472	0	80	80	1.0000000
NODE_10206_length_854_cov_64.200000	586	666	0	13	80	0.1625000
NODE_10206_length_854_cov_64.200000	586	666	2	67	80	0.8375000
NODE_10206_length_854_cov_64.200000	639	719	0	66	80	0.8250000
NODE_10206_length_854_cov_64.200000	639	719	2	14	80	0.1750000
NODE_10207_length_854_cov_46.037086	348	428	0	2	80	0.0250000
NODE_10207_length_854_cov_46.037086	348	428	1	2	80	0.0250000
NODE_10207_length_854_cov_46.037086	348	428	2	57	80	0.7125000
NODE_10207_length_854_cov_46.037086	348	428	4	19	80	0.2375000
NODE_10207_length_854_cov_46.037086	401	481	2	8	80	0.1000000
NODE_10207_length_854_cov_46.037086	401	481	4	35	80	0.4375000
NODE_10207_length_854_cov_46.037086	401	481	6	37	80	0.4625000
NODE_10207_length_854_cov_46.037086	458	481	6	23	23	1.0000000
NODE_10208_length_854_cov_45.633113	393	473	0	80	80	1.0000000
NODE_10208_length_854_cov_45.633113	446	526	0	80	80	1.0000000
NODE_10209_length_854_cov_40.407947	489	569	0	80	80	1.0000000
NODE_10209_length_854_cov_40.407947	542	622	0	80	80	1.0000000
NODE_10210_length_854_cov_29.773510	450	530	2	21	80	0.2625000
NODE_10210_length_854_cov_29.773510	450	530	4	59	80	0.7375000
NODE_10210_length_854_cov_29.773510	503	583	2	21	80	0.2625000
NODE_10210_length_854_cov_29.773510	503	583	3	12	80	0.1500000
NODE_10210_length_854_cov_29.773510	503	583	4	39	80	0.4875000
NODE_10210_length_854_cov_29.773510	503	583	5	8	80	0.1000000
NODE_10211_length_854_cov_22.968212	318	398	0	80	80	1.0000000
NODE_10211_length_854_cov_22.968212	371	451	0	80	80	1.0000000
NODE_10212_length_854_cov_18.038411	387	467	0	44	80	0.5500000
NODE_10212_length_854_cov_18.038411	387	467	4	36	80	0.4500000
NODE_10212_length_854_cov_18.038411	440	520	4	80	80	1.0000000
NODE_10213_length_854_cov_13.774834	330	410	0	69	80	0.8625000
NODE_10213_length_854_cov_13.774834	330	410	1	11	80	0.1375000
NODE_10213_length_854_cov_13.774834	383	463	0	16	80	0.2000000
NODE_10213_length_854_cov_13.774834	383	463	1	27	80	0.3375000
NODE_10213_length_854_cov_13.774834	383	463	2	37	80	0.4625000
NODE_10214_length_854_cov_11.998675	366	446	0	28	80	0.3500000
NODE_10214_length_854_cov_11.998675	366	446	2	52	80	0.6500000
NODE_10214_length_854_cov_11.998675	419	499	0	65	80	0.8125000
NODE_10214_length_854_cov_11.998675	419	499	2	15	80	0.1875000
NODE_10215_length_854_cov_7.600000	298	378	0	22	80	0.2750000
NODE_10215_length_854_cov_7.600000	298	378	2	11	80	0.1375000
NODE_10215_length_854_cov_7.600000	298	378	4	47	80	0.5875000
NODE_10215_length_854_cov_7.600000	351	431	4	80	80	1.0000000
NODE_10218_length_854_cov_4.939073	603	633	2	30	30	1.0000000
NODE_10226_length_854_cov_2.354967	613	633	4	20	20	1.0000000
NODE_10239_length_853_cov_61.988064	380	460	6	14	80	0.1750000
NODE_10239_length_853_cov_61.988064	380	460	8	47	80	0.5875000
NODE_10239_length_853_cov_61.988064	380	460	11	1	80	0.0125000
NODE_10239_length_853_cov_61.988064	380	460	12	18	80	0.2250000
NODE_10239_length_853_cov_61.988064	433	513	4	32	80	0.4000000
NODE_10239_length_853_cov_61.988064	433	513	6	23	80	0.2875000
NODE_10239_length_853_cov_61.988064	433	513	8	6	80	0.0750000
NODE_10239_length_853_cov_61.988064	433	513	11	1	80	0.0125000
NODE_10239_length_853_cov_61.988064	433	513	12	18	80	0.2250000
NODE_10240_length_853_cov_33.683024	384	464	0	80	80	1.0000000
NODE_10240_length_853_cov_33.683024	437	517	0	80	80	1.0000000
NODE_10241_length_853_cov_31.965517	224	305	2	43	81	0.5308642
NODE_10241_length_853_cov_31.965517	224	305	4	38	81	0.4691358
NODE_10241_length_853_cov_31.965517	278	358	0	48	80	0.6000000
NODE_10241_length_853_cov_31.965517	278	358	2	32	80	0.4000000
NODE_10241_length_853_cov_31.965517	354	434	0	80	80	1.0000000
NODE_10241_length_853_cov_31.965517	407	466	0	59	59	1.0000000
NODE_10242_length_853_cov_16.551724	247	327	0	80	80	1.0000000
NODE_10242_length_853_cov_16.551724	300	380	0	80	80	1.0000000
NODE_10242_length_853_cov_16.551724	376	456	0	80	80	1.0000000
NODE_10242_length_853_cov_16.551724	429	509	0	80	80	1.0000000
NODE_10243_length_853_cov_15.395225	395	475	0	50	80	0.6250000
NODE_10243_length_853_cov_15.395225	395	475	1	8	80	0.1000000
NODE_10243_length_853_cov_15.395225	395	475	2	22	80	0.2750000
NODE_10243_length_853_cov_15.395225	448	528	1	5	80	0.0625000
NODE_10243_length_853_cov_15.395225	448	528	2	75	80	0.9375000
NODE_10244_length_853_cov_15.086207	355	434	3	17	79	0.2151899
NODE_10244_length_853_cov_15.086207	355	434	10	21	79	0.2658228
NODE_10244_length_853_cov_15.086207	355	434	11	14	79	0.1772152
NODE_10244_length_853_cov_15.086207	355	434	12	27	79	0.3417721
NODE_10244_length_853_cov_15.086207	408	488	0	32	80	0.4000000
NODE_10244_length_853_cov_15.086207	408	488	2	9	80	0.1125000
NODE_10244_length_853_cov_15.086207	408	488	3	30	80	0.3750000
NODE_10244_length_853_cov_15.086207	408	488	11	9	80	0.1125000
NODE_10245_length_853_cov_14.929708	160	240	0	80	80	1.0000000
NODE_10245_length_853_cov_14.929708	213	293	0	80	80	1.0000000
NODE_10246_length_853_cov_11.299735	395	475	0	80	80	1.0000000
NODE_10246_length_853_cov_11.299735	448	528	0	80	80	1.0000000
NODE_10247_length_853_cov_9.571618	479	559	0	80	80	1.0000000
NODE_10247_length_853_cov_9.571618	532	612	0	80	80	1.0000000
NODE_10248_length_853_cov_7.828912	265	345	0	80	80	1.0000000
NODE_10248_length_853_cov_7.828912	318	398	0	80	80	1.0000000
NODE_10249_length_853_cov_7.623342	255	335	2	80	80	1.0000000
NODE_10249_length_853_cov_7.623342	308	388	0	45	80	0.5625000
NODE_10249_length_853_cov_7.623342	308	388	2	35	80	0.4375000
NODE_10253_length_853_cov_3.173740	212	292	0	80	80	1.0000000
NODE_10253_length_853_cov_3.173740	265	343	0	78	78	1.0000000
NODE_10258_length_853_cov_1.823607	710	773	0	63	63	1.0000000
NODE_10258_length_853_cov_1.823607	711	773	0	62	62	1.0000000
NODE_10258_length_853_cov_1.823607	711	773	0	62	62	1.0000000
NODE_10258_length_853_cov_1.823607	746	826	0	80	80	1.0000000
NODE_10267_length_852_cov_30.022576	279	359	0	10	80	0.1250000
NODE_10267_length_852_cov_30.022576	279	359	1	23	80	0.2875000
NODE_10267_length_852_cov_30.022576	279	359	2	47	80	0.5875000
NODE_10267_length_852_cov_30.022576	332	412	0	63	80	0.7875000
NODE_10267_length_852_cov_30.022576	332	412	1	17	80	0.2125000
NODE_10268_length_852_cov_19.373174	353	433	2	80	80	1.0000000
NODE_10268_length_852_cov_19.373174	406	486	0	11	80	0.1375000
NODE_10268_length_852_cov_19.373174	406	486	1	22	80	0.2750000
NODE_10268_length_852_cov_19.373174	406	486	2	47	80	0.5875000
NODE_10269_length_852_cov_18.853918	297	377	0	80	80	1.0000000
NODE_10269_length_852_cov_18.853918	350	430	0	80	80	1.0000000
NODE_10269_length_852_cov_18.853918	426	506	0	13	80	0.1625000
NODE_10269_length_852_cov_18.853918	426	506	2	20	80	0.2500000
NODE_10269_length_852_cov_18.853918	426	506	4	47	80	0.5875000
NODE_10269_length_852_cov_18.853918	489	559	2	31	70	0.4428571
NODE_10269_length_852_cov_18.853918	489	559	4	39	70	0.5571429
NODE_10270_length_852_cov_17.391766	472	552	0	80	80	1.0000000
NODE_10270_length_852_cov_17.391766	525	605	0	80	80	1.0000000
NODE_10271_length_852_cov_8.818061	513	593	0	80	80	1.0000000
NODE_10271_length_852_cov_8.818061	566	646	0	80	80	1.0000000
NODE_10274_length_852_cov_4.403718	493	573	0	80	80	1.0000000
NODE_10274_length_852_cov_4.403718	546	626	0	80	80	1.0000000
NODE_10285_length_851_cov_33.953457	329	409	0	44	80	0.5500000
NODE_10285_length_851_cov_33.953457	329	409	2	34	80	0.4250000
NODE_10285_length_851_cov_33.953457	329	409	4	2	80	0.0250000
NODE_10285_length_851_cov_33.953457	382	462	2	25	80	0.3125000
NODE_10285_length_851_cov_33.953457	382	462	4	55	80	0.6875000
NODE_10286_length_851_cov_30.488032	395	475	6	13	80	0.1625000
NODE_10286_length_851_cov_30.488032	395	475	7	20	80	0.2500000
NODE_10286_length_851_cov_30.488032	395	475	8	47	80	0.5875000
NODE_10286_length_851_cov_30.488032	448	528	0	11	80	0.1375000
NODE_10286_length_851_cov_30.488032	448	528	6	33	80	0.4125000
NODE_10286_length_851_cov_30.488032	448	528	7	29	80	0.3625000
NODE_10286_length_851_cov_30.488032	448	528	8	7	80	0.0875000
NODE_10287_length_851_cov_27.481383	353	433	2	80	80	1.0000000
NODE_10287_length_851_cov_27.481383	406	486	0	28	80	0.3500000
NODE_10287_length_851_cov_27.481383	406	486	2	52	80	0.6500000
NODE_10288_length_851_cov_23.656915	345	425	0	80	80	1.0000000
NODE_10288_length_851_cov_23.656915	398	478	0	80	80	1.0000000
NODE_10289_length_851_cov_19.769947	298	378	0	41	80	0.5125000
NODE_10289_length_851_cov_19.769947	298	378	2	39	80	0.4875000
NODE_10289_length_851_cov_19.769947	351	431	0	14	80	0.1750000
NODE_10289_length_851_cov_19.769947	351	431	2	66	80	0.8250000
NODE_10290_length_851_cov_17.386968	459	539	0	80	80	1.0000000
NODE_10290_length_851_cov_17.386968	512	592	0	80	80	1.0000000
NODE_10291_length_851_cov_13.519947	323	403	8	25	80	0.3125000
NODE_10291_length_851_cov_13.519947	323	403	9	1	80	0.0125000
NODE_10291_length_851_cov_13.519947	323	403	10	20	80	0.2500000
NODE_10291_length_851_cov_13.519947	323	403	12	34	80	0.4250000
NODE_10291_length_851_cov_13.519947	376	456	0	16	80	0.2000000
NODE_10291_length_851_cov_13.519947	376	456	4	27	80	0.3375000
NODE_10291_length_851_cov_13.519947	376	456	6	4	80	0.0500000
NODE_10291_length_851_cov_13.519947	376	456	8	29	80	0.3625000
NODE_10291_length_851_cov_13.519947	376	456	9	1	80	0.0125000
NODE_10291_length_851_cov_13.519947	376	456	10	3	80	0.0375000
NODE_10292_length_851_cov_11.771277	403	483	0	46	80	0.5750000
NODE_10292_length_851_cov_11.771277	403	483	2	34	80	0.4250000
NODE_10292_length_851_cov_11.771277	456	536	0	80	80	1.0000000
NODE_10293_length_851_cov_11.698138	227	307	2	32	80	0.4000000
NODE_10293_length_851_cov_11.698138	227	307	4	28	80	0.3500000
NODE_10293_length_851_cov_11.698138	227	307	6	20	80	0.2500000
NODE_10293_length_851_cov_11.698138	280	360	4	50	80	0.6250000
NODE_10293_length_851_cov_11.698138	280	360	6	30	80	0.3750000
NODE_10293_length_851_cov_11.698138	356	436	4	3	80	0.0375000
NODE_10293_length_851_cov_11.698138	356	436	6	2	80	0.0250000
NODE_10293_length_851_cov_11.698138	356	436	8	1	80	0.0125000
NODE_10293_length_851_cov_11.698138	356	436	10	5	80	0.0625000
NODE_10293_length_851_cov_11.698138	356	436	12	2	80	0.0250000
NODE_10293_length_851_cov_11.698138	356	436	14	4	80	0.0500000
NODE_10293_length_851_cov_11.698138	356	436	16	9	80	0.1125000
NODE_10293_length_851_cov_11.698138	356	436	18	47	80	0.5875000
NODE_10293_length_851_cov_11.698138	356	436	20	7	80	0.0875000
NODE_10293_length_851_cov_11.698138	409	489	6	3	80	0.0375000
NODE_10293_length_851_cov_11.698138	409	489	8	2	80	0.0250000
NODE_10293_length_851_cov_11.698138	409	489	10	6	80	0.0750000
NODE_10293_length_851_cov_11.698138	409	489	12	11	80	0.1375000
NODE_10293_length_851_cov_11.698138	409	489	14	6	80	0.0750000
NODE_10293_length_851_cov_11.698138	409	489	16	21	80	0.2625000
NODE_10293_length_851_cov_11.698138	409	489	18	31	80	0.3875000
NODE_10294_length_851_cov_11.672872	372	452	2	80	80	1.0000000
NODE_10294_length_851_cov_11.672872	425	505	0	9	80	0.1125000
NODE_10294_length_851_cov_11.672872	425	505	1	32	80	0.4000000
NODE_10294_length_851_cov_11.672872	425	505	2	39	80	0.4875000
NODE_10295_length_851_cov_10.938830	418	499	0	62	81	0.7654321
NODE_10295_length_851_cov_10.938830	418	499	2	19	81	0.2345679
NODE_10296_length_851_cov_10.074468	454	534	0	80	80	1.0000000
NODE_10296_length_851_cov_10.074468	507	587	0	80	80	1.0000000
NODE_10297_length_851_cov_7.599734	330	410	0	31	80	0.3875000
NODE_10297_length_851_cov_7.599734	330	410	2	49	80	0.6125000
NODE_10297_length_851_cov_7.599734	383	463	0	46	80	0.5750000
NODE_10297_length_851_cov_7.599734	383	463	2	34	80	0.4250000
NODE_10298_length_851_cov_5.639628	379	459	2	22	80	0.2750000
NODE_10298_length_851_cov_5.639628	379	459	6	58	80	0.7250000
NODE_10298_length_851_cov_5.639628	432	512	0	14	80	0.1750000
NODE_10298_length_851_cov_5.639628	432	512	4	14	80	0.1750000
NODE_10298_length_851_cov_5.639628	432	512	5	23	80	0.2875000
NODE_10298_length_851_cov_5.639628	432	512	6	29	80	0.3625000
NODE_10300_length_851_cov_3.880319	729	765	2	36	36	1.0000000
NODE_10300_length_851_cov_3.880319	743	824	2	81	81	1.0000000
NODE_10301_length_851_cov_3.823138	380	460	0	80	80	1.0000000
NODE_10301_length_851_cov_3.823138	433	513	0	80	80	1.0000000
NODE_10318_length_851_cov_1.130319	33	103	0	70	70	1.0000000
NODE_10326_length_850_cov_36.527297	360	440	4	21	80	0.2625000
NODE_10326_length_850_cov_36.527297	360	440	6	19	80	0.2375000
NODE_10326_length_850_cov_36.527297	360	440	8	40	80	0.5000000
NODE_10326_length_850_cov_36.527297	413	493	0	18	80	0.2250000
NODE_10326_length_850_cov_36.527297	413	493	4	20	80	0.2500000
NODE_10326_length_850_cov_36.527297	413	493	6	34	80	0.4250000
NODE_10326_length_850_cov_36.527297	413	493	8	8	80	0.1000000
NODE_10327_length_850_cov_31.006658	330	410	0	5	80	0.0625000
NODE_10327_length_850_cov_31.006658	330	410	2	1	80	0.0125000
NODE_10327_length_850_cov_31.006658	330	410	4	74	80	0.9250000
NODE_10327_length_850_cov_31.006658	383	463	2	40	80	0.5000000
NODE_10327_length_850_cov_31.006658	383	463	4	40	80	0.5000000
NODE_10328_length_850_cov_30.460719	251	331	0	80	80	1.0000000
NODE_10328_length_850_cov_30.460719	304	384	0	80	80	1.0000000
NODE_10329_length_850_cov_25.263648	355	435	0	13	80	0.1625000
NODE_10329_length_850_cov_25.263648	355	435	2	67	80	0.8375000
NODE_10329_length_850_cov_25.263648	408	488	2	80	80	1.0000000
NODE_10330_length_850_cov_21.368842	290	370	0	80	80	1.0000000
NODE_10330_length_850_cov_21.368842	343	423	0	80	80	1.0000000
NODE_10331_length_850_cov_20.500666	318	398	0	80	80	1.0000000
NODE_10331_length_850_cov_20.500666	371	451	0	80	80	1.0000000
NODE_10332_length_850_cov_17.268975	398	478	2	10	80	0.1250000
NODE_10332_length_850_cov_17.268975	398	478	3	12	80	0.1500000
NODE_10332_length_850_cov_17.268975	398	478	4	58	80	0.7250000
NODE_10332_length_850_cov_17.268975	451	531	0	41	80	0.5125000
NODE_10332_length_850_cov_17.268975	451	531	2	22	80	0.2750000
NODE_10332_length_850_cov_17.268975	451	531	4	17	80	0.2125000
NODE_10333_length_850_cov_14.728362	379	459	0	80	80	1.0000000
NODE_10333_length_850_cov_14.728362	432	512	0	80	80	1.0000000
NODE_10334_length_850_cov_14.230360	313	393	2	80	80	1.0000000
NODE_10334_length_850_cov_14.230360	366	446	0	10	80	0.1250000
NODE_10334_length_850_cov_14.230360	366	446	2	70	80	0.8750000
NODE_10335_length_850_cov_12.387483	337	417	0	80	80	1.0000000
NODE_10335_length_850_cov_12.387483	390	470	0	80	80	1.0000000
NODE_10335_length_850_cov_12.387483	466	545	0	79	79	1.0000000
NODE_10335_length_850_cov_12.387483	518	598	0	80	80	1.0000000
NODE_10336_length_850_cov_11.402130	329	409	0	27	80	0.3375000
NODE_10336_length_850_cov_11.402130	329	409	4	53	80	0.6625000
NODE_10336_length_850_cov_11.402130	382	462	4	80	80	1.0000000
NODE_10337_length_850_cov_10.326232	330	410	0	80	80	1.0000000
NODE_10337_length_850_cov_10.326232	383	463	0	80	80	1.0000000
NODE_10338_length_850_cov_9.675100	464	544	0	19	80	0.2375000
NODE_10338_length_850_cov_9.675100	464	544	2	61	80	0.7625000
NODE_10338_length_850_cov_9.675100	517	597	2	80	80	1.0000000
NODE_10367_length_849_cov_43.137333	336	416	0	22	80	0.2750000
NODE_10367_length_849_cov_43.137333	336	416	2	58	80	0.7250000
NODE_10367_length_849_cov_43.137333	389	469	0	75	80	0.9375000
NODE_10367_length_849_cov_43.137333	389	469	2	5	80	0.0625000
NODE_10368_length_849_cov_36.562667	326	406	0	54	80	0.6750000
NODE_10368_length_849_cov_36.562667	326	406	3	14	80	0.1750000
NODE_10368_length_849_cov_36.562667	326	406	6	12	80	0.1500000
NODE_10368_length_849_cov_36.562667	379	459	0	1	80	0.0125000
NODE_10368_length_849_cov_36.562667	379	459	3	14	80	0.1750000
NODE_10368_length_849_cov_36.562667	379	459	6	65	80	0.8125000
NODE_10369_length_849_cov_35.449333	408	488	0	26	80	0.3250000
NODE_10369_length_849_cov_35.449333	408	488	2	30	80	0.3750000
NODE_10369_length_849_cov_35.449333	408	488	10	24	80	0.3000000
NODE_10369_length_849_cov_35.449333	461	541	2	3	80	0.0375000
NODE_10369_length_849_cov_35.449333	461	541	8	47	80	0.5875000
NODE_10369_length_849_cov_35.449333	461	541	10	30	80	0.3750000
NODE_10370_length_849_cov_29.989333	332	412	0	80	80	1.0000000
NODE_10370_length_849_cov_29.989333	385	465	0	80	80	1.0000000
NODE_10371_length_849_cov_17.974667	343	423	4	80	80	1.0000000
NODE_10371_length_849_cov_17.974667	396	476	0	38	80	0.4750000
NODE_10371_length_849_cov_17.974667	396	476	4	42	80	0.5250000
NODE_10372_length_849_cov_17.018667	360	440	0	80	80	1.0000000
NODE_10372_length_849_cov_17.018667	416	493	0	77	77	1.0000000
NODE_10373_length_849_cov_15.581333	287	367	12	3	80	0.0375000
NODE_10373_length_849_cov_15.581333	287	367	14	9	80	0.1125000
NODE_10373_length_849_cov_15.581333	287	367	16	23	80	0.2875000
NODE_10373_length_849_cov_15.581333	287	367	17	1	80	0.0125000
NODE_10373_length_849_cov_15.581333	287	367	18	44	80	0.5500000
NODE_10373_length_849_cov_15.581333	340	420	6	18	80	0.2250000
NODE_10373_length_849_cov_15.581333	340	420	16	23	80	0.2875000
NODE_10373_length_849_cov_15.581333	340	420	18	39	80	0.4875000
NODE_10373_length_849_cov_15.581333	416	496	2	27	80	0.3375000
NODE_10373_length_849_cov_15.581333	416	496	4	20	80	0.2500000
NODE_10373_length_849_cov_15.581333	416	496	6	33	80	0.4125000
NODE_10373_length_849_cov_15.581333	469	549	0	53	80	0.6625000
NODE_10373_length_849_cov_15.581333	469	549	2	27	80	0.3375000
NODE_10374_length_849_cov_9.460000	370	450	0	80	80	1.0000000
NODE_10374_length_849_cov_9.460000	423	503	0	80	80	1.0000000
NODE_10375_length_849_cov_4.893333	427	507	0	80	80	1.0000000
NODE_10375_length_849_cov_4.893333	480	560	0	80	80	1.0000000
NODE_10376_length_849_cov_4.860000	380	460	0	11	80	0.1375000
NODE_10376_length_849_cov_4.860000	380	460	2	48	80	0.6000000
NODE_10376_length_849_cov_4.860000	380	460	4	21	80	0.2625000
NODE_10376_length_849_cov_4.860000	433	513	2	27	80	0.3375000
NODE_10376_length_849_cov_4.860000	433	513	4	53	80	0.6625000
NODE_10379_length_849_cov_2.761333	254	334	0	80	80	1.0000000
NODE_10396_length_848_cov_27.287049	253	333	0	80	80	1.0000000
NODE_10396_length_848_cov_27.287049	306	386	0	80	80	1.0000000
NODE_10396_length_848_cov_27.287049	382	458	0	76	76	1.0000000
NODE_10396_length_848_cov_27.287049	435	513	0	78	78	1.0000000
NODE_10397_length_848_cov_23.511348	248	328	0	32	80	0.4000000
NODE_10397_length_848_cov_23.511348	248	328	1	1	80	0.0125000
NODE_10397_length_848_cov_23.511348	248	328	2	47	80	0.5875000
NODE_10397_length_848_cov_23.511348	301	381	2	80	80	1.0000000
NODE_10397_length_848_cov_23.511348	377	457	0	65	80	0.8125000
NODE_10397_length_848_cov_23.511348	377	457	2	15	80	0.1875000
NODE_10397_length_848_cov_23.511348	430	508	0	78	78	1.0000000
NODE_10398_length_848_cov_21.939920	295	375	0	80	80	1.0000000
NODE_10398_length_848_cov_21.939920	348	428	0	80	80	1.0000000
NODE_10399_length_848_cov_21.937250	434	514	0	80	80	1.0000000
NODE_10399_length_848_cov_21.937250	487	567	0	80	80	1.0000000
NODE_10400_length_848_cov_19.500668	367	392	0	25	25	1.0000000
NODE_10400_length_848_cov_19.500668	388	468	0	14	80	0.1750000
NODE_10400_length_848_cov_19.500668	388	468	2	66	80	0.8250000
NODE_10400_length_848_cov_19.500668	441	521	0	31	80	0.3875000
NODE_10400_length_848_cov_19.500668	441	521	2	49	80	0.6125000
NODE_10400_length_848_cov_19.500668	443	512	0	22	69	0.3188406
NODE_10400_length_848_cov_19.500668	443	512	2	47	69	0.6811594
NODE_10400_length_848_cov_19.500668	443	472	2	29	29	1.0000000
NODE_10401_length_848_cov_16.566088	323	403	0	14	80	0.1750000
NODE_10401_length_848_cov_16.566088	323	403	2	66	80	0.8250000
NODE_10401_length_848_cov_16.566088	376	456	0	27	80	0.3375000
NODE_10401_length_848_cov_16.566088	376	456	2	53	80	0.6625000
NODE_10402_length_848_cov_16.109479	256	336	0	80	80	1.0000000
NODE_10402_length_848_cov_16.109479	309	389	0	80	80	1.0000000
NODE_10402_length_848_cov_16.109479	385	465	0	80	80	1.0000000
NODE_10402_length_848_cov_16.109479	438	518	0	80	80	1.0000000
NODE_10403_length_848_cov_15.919893	492	568	2	76	76	1.0000000
NODE_10403_length_848_cov_15.919893	541	621	0	19	80	0.2375000
NODE_10403_length_848_cov_15.919893	541	621	2	61	80	0.7625000
NODE_10404_length_848_cov_13.979973	269	349	0	80	80	1.0000000
NODE_10404_length_848_cov_13.979973	322	402	0	80	80	1.0000000
NODE_10405_length_848_cov_13.073431	343	423	0	9	80	0.1125000
NODE_10405_length_848_cov_13.073431	343	423	1	21	80	0.2625000
NODE_10405_length_848_cov_13.073431	343	423	2	50	80	0.6250000
NODE_10405_length_848_cov_13.073431	396	476	2	80	80	1.0000000
NODE_10406_length_848_cov_8.523364	232	312	0	6	80	0.0750000
NODE_10406_length_848_cov_8.523364	232	312	2	74	80	0.9250000
NODE_10406_length_848_cov_8.523364	285	365	0	13	80	0.1625000
NODE_10406_length_848_cov_8.523364	285	365	2	67	80	0.8375000
NODE_10406_length_848_cov_8.523364	361	441	0	80	80	1.0000000
NODE_10406_length_848_cov_8.523364	414	494	0	80	80	1.0000000
NODE_10408_length_848_cov_5.903872	251	331	4	50	80	0.6250000
NODE_10408_length_848_cov_5.903872	251	331	6	30	80	0.3750000
NODE_10408_length_848_cov_5.903872	304	383	2	12	79	0.1518987
NODE_10408_length_848_cov_5.903872	304	383	6	67	79	0.8481013
NODE_10409_length_848_cov_5.236315	378	458	0	62	80	0.7750000
NODE_10409_length_848_cov_5.236315	378	458	8	13	80	0.1625000
NODE_10409_length_848_cov_5.236315	378	458	10	5	80	0.0625000
NODE_10409_length_848_cov_5.236315	431	507	0	9	76	0.1184211
NODE_10409_length_848_cov_5.236315	431	507	8	25	76	0.3289474
NODE_10409_length_848_cov_5.236315	431	507	10	42	76	0.5526316
NODE_10424_length_847_cov_56.417112	576	656	4	28	80	0.3500000
NODE_10424_length_847_cov_56.417112	576	656	6	8	80	0.1000000
NODE_10424_length_847_cov_56.417112	576	656	8	44	80	0.5500000
NODE_10424_length_847_cov_56.417112	629	709	6	51	80	0.6375000
NODE_10424_length_847_cov_56.417112	629	709	8	29	80	0.3625000
NODE_10425_length_847_cov_27.292781	390	470	0	44	80	0.5500000
NODE_10425_length_847_cov_27.292781	390	470	2	36	80	0.4500000
NODE_10425_length_847_cov_27.292781	443	523	0	80	80	1.0000000
NODE_10426_length_847_cov_24.954545	342	422	0	21	80	0.2625000
NODE_10426_length_847_cov_24.954545	342	422	4	28	80	0.3500000
NODE_10426_length_847_cov_24.954545	342	422	6	31	80	0.3875000
NODE_10426_length_847_cov_24.954545	395	475	5	1	80	0.0125000
NODE_10426_length_847_cov_24.954545	395	475	6	79	80	0.9875000
NODE_10427_length_847_cov_20.310160	341	421	6	80	80	1.0000000
NODE_10427_length_847_cov_20.310160	394	474	0	29	80	0.3625000
NODE_10427_length_847_cov_20.310160	394	474	6	51	80	0.6375000
NODE_10428_length_847_cov_19.002674	368	448	0	80	80	1.0000000
NODE_10428_length_847_cov_19.002674	421	501	0	80	80	1.0000000
NODE_10429_length_847_cov_16.879679	218	298	4	39	80	0.4875000
NODE_10429_length_847_cov_16.879679	218	298	7	15	80	0.1875000
NODE_10429_length_847_cov_16.879679	218	298	9	15	80	0.1875000
NODE_10429_length_847_cov_16.879679	218	298	10	11	80	0.1375000
NODE_10429_length_847_cov_16.879679	271	351	6	24	80	0.3000000
NODE_10429_length_847_cov_16.879679	271	351	7	36	80	0.4500000
NODE_10429_length_847_cov_16.879679	271	351	9	12	80	0.1500000
NODE_10429_length_847_cov_16.879679	271	351	10	8	80	0.1000000
NODE_10431_length_847_cov_11.784759	298	378	4	80	80	1.0000000
NODE_10431_length_847_cov_11.784759	351	431	2	49	80	0.6125000
NODE_10431_length_847_cov_11.784759	351	431	4	31	80	0.3875000
NODE_10431_length_847_cov_11.784759	427	507	0	39	80	0.4875000
NODE_10431_length_847_cov_11.784759	427	507	1	37	80	0.4625000
NODE_10431_length_847_cov_11.784759	427	507	2	4	80	0.0500000
NODE_10431_length_847_cov_11.784759	480	560	1	57	80	0.7125000
NODE_10431_length_847_cov_11.784759	480	560	2	23	80	0.2875000
NODE_10432_length_847_cov_11.604278	407	487	6	80	80	1.0000000
NODE_10432_length_847_cov_11.604278	460	540	0	32	80	0.4000000
NODE_10432_length_847_cov_11.604278	460	540	4	4	80	0.0500000
NODE_10432_length_847_cov_11.604278	460	540	5	1	80	0.0125000
NODE_10432_length_847_cov_11.604278	460	540	6	43	80	0.5375000
NODE_10433_length_847_cov_10.221925	395	475	0	80	80	1.0000000
NODE_10433_length_847_cov_10.221925	448	528	0	80	80	1.0000000
NODE_10434_length_847_cov_4.602941	97	154	3	26	57	0.4561403
NODE_10434_length_847_cov_4.602941	97	154	4	29	57	0.5087720
NODE_10434_length_847_cov_4.602941	97	154	5	2	57	0.0350877
NODE_10434_length_847_cov_4.602941	127	207	2	13	80	0.1625000
NODE_10434_length_847_cov_4.602941	127	207	3	15	80	0.1875000
NODE_10434_length_847_cov_4.602941	127	207	4	52	80	0.6500000
NODE_10456_length_846_cov_39.476573	336	416	0	21	80	0.2625000
NODE_10456_length_846_cov_39.476573	336	416	1	45	80	0.5625000
NODE_10456_length_846_cov_39.476573	336	416	5	14	80	0.1750000
NODE_10456_length_846_cov_39.476573	389	469	1	13	80	0.1625000
NODE_10456_length_846_cov_39.476573	389	469	5	67	80	0.8375000
NODE_10456_length_846_cov_39.476573	465	545	0	18	80	0.2250000
NODE_10456_length_846_cov_39.476573	465	545	3	3	80	0.0375000
NODE_10456_length_846_cov_39.476573	465	545	4	17	80	0.2125000
NODE_10456_length_846_cov_39.476573	465	545	5	42	80	0.5250000
NODE_10456_length_846_cov_39.476573	518	598	0	71	80	0.8875000
NODE_10456_length_846_cov_39.476573	518	598	3	3	80	0.0375000
NODE_10456_length_846_cov_39.476573	518	598	4	6	80	0.0750000
NODE_10457_length_846_cov_37.297189	312	392	14	31	80	0.3875000
NODE_10457_length_846_cov_37.297189	312	392	15	12	80	0.1500000
NODE_10457_length_846_cov_37.297189	312	392	16	37	80	0.4625000
NODE_10457_length_846_cov_37.297189	365	445	2	29	80	0.3625000
NODE_10457_length_846_cov_37.297189	365	445	13	4	80	0.0500000
NODE_10457_length_846_cov_37.297189	365	445	14	37	80	0.4625000
NODE_10457_length_846_cov_37.297189	365	445	15	10	80	0.1250000
NODE_10458_length_846_cov_32.852744	279	359	2	31	80	0.3875000
NODE_10458_length_846_cov_32.852744	279	359	4	49	80	0.6125000
NODE_10458_length_846_cov_32.852744	332	412	0	46	80	0.5750000
NODE_10458_length_846_cov_32.852744	332	412	2	34	80	0.4250000
NODE_10459_length_846_cov_31.717537	290	370	2	10	80	0.1250000
NODE_10459_length_846_cov_31.717537	290	370	4	70	80	0.8750000
NODE_10459_length_846_cov_31.717537	343	423	0	52	80	0.6500000
NODE_10459_length_846_cov_31.717537	343	423	2	11	80	0.1375000
NODE_10459_length_846_cov_31.717537	343	423	4	17	80	0.2125000
NODE_10460_length_846_cov_24.380187	350	430	0	80	80	1.0000000
NODE_10460_length_846_cov_24.380187	403	483	0	80	80	1.0000000
NODE_10461_length_846_cov_16.155288	364	444	6	80	80	1.0000000
NODE_10461_length_846_cov_16.155288	417	497	0	28	80	0.3500000
NODE_10461_length_846_cov_16.155288	417	497	6	52	80	0.6500000
NODE_10462_length_846_cov_15.917001	398	478	0	80	80	1.0000000
NODE_10462_length_846_cov_15.917001	451	531	0	80	80	1.0000000
NODE_10463_length_846_cov_15.275770	355	435	0	23	80	0.2875000
NODE_10463_length_846_cov_15.275770	355	435	2	57	80	0.7125000
NODE_10463_length_846_cov_15.275770	408	488	2	80	80	1.0000000
NODE_10464_length_846_cov_13.618474	216	296	2	56	80	0.7000000
NODE_10464_length_846_cov_13.618474	216	296	4	1	80	0.0125000
NODE_10464_length_846_cov_13.618474	216	296	6	22	80	0.2750000
NODE_10464_length_846_cov_13.618474	216	296	8	1	80	0.0125000
NODE_10464_length_846_cov_13.618474	269	349	2	3	80	0.0375000
NODE_10464_length_846_cov_13.618474	269	349	4	1	80	0.0125000
NODE_10464_length_846_cov_13.618474	269	349	6	22	80	0.2750000
NODE_10464_length_846_cov_13.618474	269	349	8	16	80	0.2000000
NODE_10464_length_846_cov_13.618474	269	349	10	38	80	0.4750000
NODE_10464_length_846_cov_13.618474	345	425	0	11	80	0.1375000
NODE_10464_length_846_cov_13.618474	345	425	2	38	80	0.4750000
NODE_10464_length_846_cov_13.618474	345	425	4	2	80	0.0250000
NODE_10464_length_846_cov_13.618474	345	425	6	7	80	0.0875000
NODE_10464_length_846_cov_13.618474	345	425	10	22	80	0.2750000
NODE_10464_length_846_cov_13.618474	398	478	0	64	80	0.8000000
NODE_10464_length_846_cov_13.618474	398	478	2	16	80	0.2000000
NODE_10465_length_846_cov_12.878179	425	505	0	17	80	0.2125000
NODE_10465_length_846_cov_12.878179	425	505	2	10	80	0.1250000
NODE_10465_length_846_cov_12.878179	425	505	4	11	80	0.1375000
NODE_10465_length_846_cov_12.878179	425	505	6	42	80	0.5250000
NODE_10465_length_846_cov_12.878179	478	558	3	53	80	0.6625000
NODE_10465_length_846_cov_12.878179	478	558	4	11	80	0.1375000
NODE_10465_length_846_cov_12.878179	478	558	6	16	80	0.2000000
NODE_10467_length_846_cov_7.232932	407	487	2	6	80	0.0750000
NODE_10467_length_846_cov_7.232932	407	487	4	74	80	0.9250000
NODE_10467_length_846_cov_7.232932	460	540	0	30	80	0.3750000
NODE_10467_length_846_cov_7.232932	460	540	2	11	80	0.1375000
NODE_10467_length_846_cov_7.232932	460	540	4	39	80	0.4875000
NODE_10468_length_846_cov_6.776439	320	400	0	30	80	0.3750000
NODE_10468_length_846_cov_6.776439	320	400	2	50	80	0.6250000
NODE_10468_length_846_cov_6.776439	373	453	0	67	80	0.8375000
NODE_10468_length_846_cov_6.776439	373	453	2	13	80	0.1625000
NODE_10472_length_846_cov_3.025435	190	270	0	1	80	0.0125000
NODE_10472_length_846_cov_3.025435	190	270	4	79	80	0.9875000
NODE_10472_length_846_cov_3.025435	243	323	4	80	80	1.0000000
NODE_10488_length_845_cov_34.458445	213	293	0	9	80	0.1125000
NODE_10488_length_845_cov_34.458445	213	293	2	31	80	0.3875000
NODE_10488_length_845_cov_34.458445	213	293	4	40	80	0.5000000
NODE_10488_length_845_cov_34.458445	266	346	4	80	80	1.0000000
NODE_10489_length_845_cov_33.025469	309	389	2	80	80	1.0000000
NODE_10489_length_845_cov_33.025469	362	442	0	2	80	0.0250000
NODE_10489_length_845_cov_33.025469	362	442	2	78	80	0.9750000
NODE_10490_length_845_cov_30.331099	288	368	2	43	80	0.5375000
NODE_10490_length_845_cov_30.331099	288	368	4	37	80	0.4625000
NODE_10490_length_845_cov_30.331099	341	421	2	46	80	0.5750000
NODE_10490_length_845_cov_30.331099	341	421	4	34	80	0.4250000
NODE_10491_length_845_cov_22.042895	455	535	0	2	80	0.0250000
NODE_10491_length_845_cov_22.042895	455	535	4	17	80	0.2125000
NODE_10491_length_845_cov_22.042895	455	535	10	14	80	0.1750000
NODE_10491_length_845_cov_22.042895	455	535	12	47	80	0.5875000
NODE_10491_length_845_cov_22.042895	508	588	0	55	80	0.6875000
NODE_10491_length_845_cov_22.042895	508	588	4	17	80	0.2125000
NODE_10491_length_845_cov_22.042895	508	588	10	8	80	0.1000000
NODE_10492_length_845_cov_20.662198	325	406	0	54	81	0.6666667
NODE_10492_length_845_cov_20.662198	325	406	2	5	81	0.0617284
NODE_10492_length_845_cov_20.662198	325	406	6	22	81	0.2716049
NODE_10492_length_845_cov_20.662198	379	459	2	5	80	0.0625000
NODE_10492_length_845_cov_20.662198	379	459	6	75	80	0.9375000
NODE_10493_length_845_cov_17.214477	352	432	2	80	80	1.0000000
NODE_10493_length_845_cov_17.214477	405	485	0	18	80	0.2250000
NODE_10493_length_845_cov_17.214477	405	485	2	62	80	0.7750000
NODE_10494_length_845_cov_15.805630	409	489	0	80	80	1.0000000
NODE_10494_length_845_cov_15.805630	462	542	0	80	80	1.0000000
NODE_10495_length_845_cov_13.443700	329	409	0	80	80	1.0000000
NODE_10495_length_845_cov_13.443700	382	462	0	80	80	1.0000000
NODE_10496_length_845_cov_12.301609	334	414	0	80	80	1.0000000
NODE_10496_length_845_cov_12.301609	387	467	0	80	80	1.0000000
NODE_10497_length_845_cov_11.836461	389	469	0	47	80	0.5875000
NODE_10497_length_845_cov_11.836461	389	469	1	1	80	0.0125000
NODE_10497_length_845_cov_11.836461	389	469	2	32	80	0.4000000
NODE_10497_length_845_cov_11.836461	442	522	2	33	80	0.4125000
NODE_10497_length_845_cov_11.836461	442	522	4	47	80	0.5875000
NODE_10499_length_845_cov_8.140751	439	519	0	80	80	1.0000000
NODE_10499_length_845_cov_8.140751	492	572	0	80	80	1.0000000
NODE_10516_length_845_cov_1.680965	447	491	0	44	44	1.0000000
NODE_10528_length_844_cov_43.778523	313	393	10	59	80	0.7375000
NODE_10528_length_844_cov_43.778523	313	393	12	21	80	0.2625000
NODE_10528_length_844_cov_43.778523	366	446	2	6	80	0.0750000
NODE_10528_length_844_cov_43.778523	366	446	4	31	80	0.3875000
NODE_10528_length_844_cov_43.778523	366	446	10	6	80	0.0750000
NODE_10528_length_844_cov_43.778523	366	446	11	10	80	0.1250000
NODE_10528_length_844_cov_43.778523	366	446	12	27	80	0.3375000
NODE_10528_length_844_cov_43.778523	442	522	0	2	80	0.0250000
NODE_10528_length_844_cov_43.778523	442	522	2	26	80	0.3250000
NODE_10528_length_844_cov_43.778523	442	522	4	52	80	0.6500000
NODE_10528_length_844_cov_43.778523	495	575	0	55	80	0.6875000
NODE_10528_length_844_cov_43.778523	495	575	2	25	80	0.3125000
NODE_10529_length_844_cov_36.762416	381	461	0	80	80	1.0000000
NODE_10529_length_844_cov_36.762416	434	514	0	44	80	0.5500000
NODE_10529_length_844_cov_36.762416	434	514	6	36	80	0.4500000
NODE_10529_length_844_cov_36.762416	510	590	6	80	80	1.0000000
NODE_10529_length_844_cov_36.762416	563	644	0	31	81	0.3827161
NODE_10529_length_844_cov_36.762416	563	644	5	1	81	0.0123457
NODE_10529_length_844_cov_36.762416	563	644	6	49	81	0.6049383
NODE_10530_length_844_cov_35.765101	424	504	0	4	80	0.0500000
NODE_10530_length_844_cov_35.765101	424	504	2	1	80	0.0125000
NODE_10530_length_844_cov_35.765101	424	504	4	3	80	0.0375000
NODE_10530_length_844_cov_35.765101	424	504	6	72	80	0.9000000
NODE_10530_length_844_cov_35.765101	477	557	0	9	80	0.1125000
NODE_10530_length_844_cov_35.765101	477	557	2	14	80	0.1750000
NODE_10530_length_844_cov_35.765101	477	557	4	26	80	0.3250000
NODE_10530_length_844_cov_35.765101	477	557	6	31	80	0.3875000
NODE_10531_length_844_cov_18.445638	353	420	8	29	67	0.4328358
NODE_10531_length_844_cov_18.445638	353	420	10	4	67	0.0597015
NODE_10531_length_844_cov_18.445638	353	420	12	34	67	0.5074627
NODE_10531_length_844_cov_18.445638	393	473	0	6	80	0.0750000
NODE_10531_length_844_cov_18.445638	393	473	4	37	80	0.4625000
NODE_10531_length_844_cov_18.445638	393	473	8	4	80	0.0500000
NODE_10531_length_844_cov_18.445638	393	473	10	10	80	0.1250000
NODE_10531_length_844_cov_18.445638	393	473	12	23	80	0.2875000
NODE_10532_length_844_cov_12.616107	363	443	0	80	80	1.0000000
NODE_10532_length_844_cov_12.616107	416	496	0	80	80	1.0000000
NODE_10533_length_844_cov_12.092617	171	251	0	80	80	1.0000000
NODE_10533_length_844_cov_12.092617	224	304	0	80	80	1.0000000
NODE_10534_length_844_cov_11.883221	341	421	0	80	80	1.0000000
NODE_10534_length_844_cov_11.883221	394	474	0	52	80	0.6500000
NODE_10534_length_844_cov_11.883221	394	474	2	28	80	0.3500000
NODE_10535_length_844_cov_10.571812	390	448	8	58	58	1.0000000
NODE_10537_length_844_cov_9.357047	370	450	0	80	80	1.0000000
NODE_10537_length_844_cov_9.357047	423	503	0	80	80	1.0000000
NODE_10538_length_844_cov_8.975839	355	435	0	80	80	1.0000000
NODE_10538_length_844_cov_8.975839	408	488	0	30	80	0.3750000
NODE_10538_length_844_cov_8.975839	408	488	2	50	80	0.6250000
NODE_10539_length_844_cov_7.347651	357	438	0	44	81	0.5432099
NODE_10539_length_844_cov_7.347651	357	438	2	37	81	0.4567901
NODE_10539_length_844_cov_7.347651	410	491	2	81	81	1.0000000
NODE_10540_length_844_cov_6.975839	444	524	0	80	80	1.0000000
NODE_10540_length_844_cov_6.975839	497	577	0	80	80	1.0000000
NODE_10567_length_843_cov_48.258065	203	262	227	2	59	0.0338983
NODE_10567_length_843_cov_48.258065	203	262	228	1	59	0.0169492
NODE_10567_length_843_cov_48.258065	203	262	230	1	59	0.0169492
NODE_10567_length_843_cov_48.258065	203	262	232	1	59	0.0169492
NODE_10567_length_843_cov_48.258065	203	262	239	1	59	0.0169492
NODE_10567_length_843_cov_48.258065	203	262	240	2	59	0.0338983
NODE_10567_length_843_cov_48.258065	203	262	242	1	59	0.0169492
NODE_10567_length_843_cov_48.258065	203	262	244	1	59	0.0169492
NODE_10567_length_843_cov_48.258065	203	262	245	1	59	0.0169492
NODE_10567_length_843_cov_48.258065	203	262	247	1	59	0.0169492
NODE_10567_length_843_cov_48.258065	203	262	249	1	59	0.0169492
NODE_10567_length_843_cov_48.258065	203	262	250	2	59	0.0338983
NODE_10567_length_843_cov_48.258065	203	262	253	3	59	0.0508475
NODE_10567_length_843_cov_48.258065	203	262	254	2	59	0.0338983
NODE_10567_length_843_cov_48.258065	203	262	258	3	59	0.0508475
NODE_10567_length_843_cov_48.258065	203	262	259	3	59	0.0508475
NODE_10567_length_843_cov_48.258065	203	262	260	2	59	0.0338983
NODE_10567_length_843_cov_48.258065	203	262	261	4	59	0.0677966
NODE_10567_length_843_cov_48.258065	203	262	262	3	59	0.0508475
NODE_10567_length_843_cov_48.258065	203	262	263	3	59	0.0508475
NODE_10567_length_843_cov_48.258065	203	262	264	3	59	0.0508475
NODE_10567_length_843_cov_48.258065	203	262	265	7	59	0.1186441
NODE_10567_length_843_cov_48.258065	203	262	266	2	59	0.0338983
NODE_10567_length_843_cov_48.258065	203	262	267	1	59	0.0169492
NODE_10567_length_843_cov_48.258065	203	262	268	3	59	0.0508475
NODE_10567_length_843_cov_48.258065	203	262	270	1	59	0.0169492
NODE_10567_length_843_cov_48.258065	203	262	272	2	59	0.0338983
NODE_10567_length_843_cov_48.258065	203	262	274	2	59	0.0338983
NODE_10568_length_843_cov_31.279570	351	431	10	6	80	0.0750000
NODE_10568_length_843_cov_31.279570	351	431	12	39	80	0.4875000
NODE_10568_length_843_cov_31.279570	351	431	13	23	80	0.2875000
NODE_10568_length_843_cov_31.279570	351	431	14	12	80	0.1500000
NODE_10568_length_843_cov_31.279570	404	484	5	5	80	0.0625000
NODE_10568_length_843_cov_31.279570	404	484	9	8	80	0.1000000
NODE_10568_length_843_cov_31.279570	404	484	12	36	80	0.4500000
NODE_10568_length_843_cov_31.279570	404	484	14	31	80	0.3875000
NODE_10569_length_843_cov_27.060484	423	503	2	9	80	0.1125000
NODE_10569_length_843_cov_27.060484	423	503	4	71	80	0.8875000
NODE_10569_length_843_cov_27.060484	476	556	0	21	80	0.2625000
NODE_10569_length_843_cov_27.060484	476	556	2	41	80	0.5125000
NODE_10569_length_843_cov_27.060484	476	556	4	18	80	0.2250000
NODE_10570_length_843_cov_22.725806	334	414	0	13	80	0.1625000
NODE_10570_length_843_cov_22.725806	334	414	1	21	80	0.2625000
NODE_10570_length_843_cov_22.725806	334	414	2	46	80	0.5750000
NODE_10570_length_843_cov_22.725806	339	396	0	8	57	0.1403509
NODE_10570_length_843_cov_22.725806	339	396	1	21	57	0.3684210
NODE_10570_length_843_cov_22.725806	339	396	2	28	57	0.4912281
NODE_10570_length_843_cov_22.725806	356	427	1	12	71	0.1690141
NODE_10570_length_843_cov_22.725806	356	427	2	59	71	0.8309859
NODE_10570_length_843_cov_22.725806	387	455	2	48	68	0.7058824
NODE_10570_length_843_cov_22.725806	387	455	5	6	68	0.0882353
NODE_10570_length_843_cov_22.725806	387	455	8	14	68	0.2058824
NODE_10570_length_843_cov_22.725806	401	476	2	34	75	0.4533333
NODE_10570_length_843_cov_22.725806	401	476	5	6	75	0.0800000
NODE_10570_length_843_cov_22.725806	401	476	8	35	75	0.4666667
NODE_10570_length_843_cov_22.725806	418	486	2	17	68	0.2500000
NODE_10570_length_843_cov_22.725806	418	486	5	6	68	0.0882353
NODE_10570_length_843_cov_22.725806	418	486	8	45	68	0.6617647
NODE_10570_length_843_cov_22.725806	449	529	6	13	80	0.1625000
NODE_10570_length_843_cov_22.725806	449	529	7	23	80	0.2875000
NODE_10570_length_843_cov_22.725806	449	529	8	44	80	0.5500000
NODE_10571_length_843_cov_22.387097	412	492	0	68	80	0.8500000
NODE_10571_length_843_cov_22.387097	412	492	4	12	80	0.1500000
NODE_10571_length_843_cov_22.387097	465	545	0	15	80	0.1875000
NODE_10571_length_843_cov_22.387097	465	545	4	65	80	0.8125000
NODE_10572_length_843_cov_16.326613	551	631	10	80	80	1.0000000
NODE_10572_length_843_cov_16.326613	604	684	5	2	80	0.0250000
NODE_10572_length_843_cov_16.326613	604	684	6	1	80	0.0125000
NODE_10572_length_843_cov_16.326613	604	684	10	77	80	0.9625000
NODE_10573_length_843_cov_13.478495	381	461	0	13	80	0.1625000
NODE_10573_length_843_cov_13.478495	381	461	2	5	80	0.0625000
NODE_10573_length_843_cov_13.478495	381	461	6	62	80	0.7750000
NODE_10573_length_843_cov_13.478495	434	514	0	14	80	0.1750000
NODE_10573_length_843_cov_13.478495	434	514	3	16	80	0.2000000
NODE_10573_length_843_cov_13.478495	434	514	4	11	80	0.1375000
NODE_10573_length_843_cov_13.478495	434	514	6	39	80	0.4875000
NODE_10574_length_843_cov_13.150538	448	528	0	80	80	1.0000000
NODE_10574_length_843_cov_13.150538	501	581	0	80	80	1.0000000
NODE_10575_length_843_cov_12.510753	360	440	0	53	80	0.6625000
NODE_10575_length_843_cov_12.510753	360	440	2	27	80	0.3375000
NODE_10575_length_843_cov_12.510753	413	493	2	80	80	1.0000000
NODE_10576_length_843_cov_11.090054	457	537	0	13	80	0.1625000
NODE_10576_length_843_cov_11.090054	457	537	2	22	80	0.2750000
NODE_10576_length_843_cov_11.090054	457	537	3	45	80	0.5625000
NODE_10576_length_843_cov_11.090054	510	590	0	66	80	0.8250000
NODE_10576_length_843_cov_11.090054	510	590	2	14	80	0.1750000
NODE_10577_length_843_cov_7.672043	472	552	2	67	80	0.8375000
NODE_10577_length_843_cov_7.672043	472	552	6	13	80	0.1625000
NODE_10577_length_843_cov_7.672043	525	605	2	14	80	0.1750000
NODE_10577_length_843_cov_7.672043	525	605	4	5	80	0.0625000
NODE_10577_length_843_cov_7.672043	525	605	6	61	80	0.7625000
NODE_10601_length_842_cov_39.518170	390	470	2	80	80	1.0000000
NODE_10601_length_842_cov_39.518170	443	523	0	19	80	0.2375000
NODE_10601_length_842_cov_39.518170	443	523	1	7	80	0.0875000
NODE_10601_length_842_cov_39.518170	443	523	2	54	80	0.6750000
NODE_10602_length_842_cov_21.567968	331	411	0	52	80	0.6500000
NODE_10602_length_842_cov_21.567968	331	411	2	28	80	0.3500000
NODE_10602_length_842_cov_21.567968	384	464	0	10	80	0.1250000
NODE_10602_length_842_cov_21.567968	384	464	2	70	80	0.8750000
NODE_10603_length_842_cov_19.761777	228	308	0	56	80	0.7000000
NODE_10603_length_842_cov_19.761777	228	308	2	24	80	0.3000000
NODE_10603_length_842_cov_19.761777	281	361	0	3	80	0.0375000
NODE_10603_length_842_cov_19.761777	281	361	2	29	80	0.3625000
NODE_10603_length_842_cov_19.761777	281	361	4	10	80	0.1250000
NODE_10603_length_842_cov_19.761777	281	361	6	38	80	0.4750000
NODE_10605_length_842_cov_8.703903	641	722	0	81	81	1.0000000
NODE_10608_length_842_cov_5.305518	287	367	0	80	80	1.0000000
NODE_10608_length_842_cov_5.305518	340	420	0	80	80	1.0000000
NODE_10617_length_842_cov_1.751009	35	66	0	31	31	1.0000000
NODE_10622_length_841_cov_23.815364	292	372	4	32	80	0.4000000
NODE_10622_length_841_cov_23.815364	292	372	5	11	80	0.1375000
NODE_10622_length_841_cov_23.815364	292	372	6	37	80	0.4625000
NODE_10622_length_841_cov_23.815364	345	425	1	5	80	0.0625000
NODE_10622_length_841_cov_23.815364	345	425	3	47	80	0.5875000
NODE_10622_length_841_cov_23.815364	345	425	5	12	80	0.1500000
NODE_10622_length_841_cov_23.815364	345	425	6	16	80	0.2000000
NODE_10623_length_841_cov_18.871968	338	418	0	80	80	1.0000000
NODE_10623_length_841_cov_18.871968	391	471	0	80	80	1.0000000
NODE_10624_length_841_cov_14.663073	345	425	0	10	80	0.1250000
NODE_10624_length_841_cov_14.663073	345	425	4	70	80	0.8750000
NODE_10624_length_841_cov_14.663073	398	478	0	63	80	0.7875000
NODE_10624_length_841_cov_14.663073	398	478	4	17	80	0.2125000
NODE_10625_length_841_cov_14.149596	341	421	0	80	80	1.0000000
NODE_10625_length_841_cov_14.149596	394	474	0	80	80	1.0000000
NODE_10626_length_841_cov_12.452830	240	320	8	5	80	0.0625000
NODE_10626_length_841_cov_12.452830	240	320	9	1	80	0.0125000
NODE_10626_length_841_cov_12.452830	240	320	10	34	80	0.4250000
NODE_10626_length_841_cov_12.452830	240	320	12	40	80	0.5000000
NODE_10626_length_841_cov_12.452830	293	373	4	27	80	0.3375000
NODE_10626_length_841_cov_12.452830	293	373	12	53	80	0.6625000
NODE_10628_length_841_cov_9.925876	394	474	4	80	80	1.0000000
NODE_10628_length_841_cov_9.925876	447	527	0	22	80	0.2750000
NODE_10628_length_841_cov_9.925876	447	527	4	58	80	0.7250000
NODE_10629_length_841_cov_7.407008	317	397	0	80	80	1.0000000
NODE_10629_length_841_cov_7.407008	370	450	0	80	80	1.0000000
NODE_10632_length_841_cov_3.865229	305	356	2	34	51	0.6666667
NODE_10632_length_841_cov_3.865229	305	356	4	17	51	0.3333333
NODE_10651_length_840_cov_63.726046	461	541	6	6	80	0.0750000
NODE_10651_length_840_cov_63.726046	461	541	8	23	80	0.2875000
NODE_10651_length_840_cov_63.726046	461	541	10	51	80	0.6375000
NODE_10651_length_840_cov_63.726046	514	594	2	43	80	0.5375000
NODE_10651_length_840_cov_63.726046	514	594	4	2	80	0.0250000
NODE_10651_length_840_cov_63.726046	514	594	5	7	80	0.0875000
NODE_10651_length_840_cov_63.726046	514	594	6	5	80	0.0625000
NODE_10651_length_840_cov_63.726046	514	594	8	23	80	0.2875000
NODE_10652_length_840_cov_35.874494	486	566	0	31	80	0.3875000
NODE_10652_length_840_cov_35.874494	486	566	2	49	80	0.6125000
NODE_10652_length_840_cov_35.874494	539	619	2	55	80	0.6875000
NODE_10652_length_840_cov_35.874494	539	619	4	25	80	0.3125000
NODE_10653_length_840_cov_24.499325	224	304	0	33	80	0.4125000
NODE_10653_length_840_cov_24.499325	224	304	2	47	80	0.5875000
NODE_10653_length_840_cov_24.499325	277	357	0	55	80	0.6875000
NODE_10653_length_840_cov_24.499325	277	357	10	25	80	0.3125000
NODE_10653_length_840_cov_24.499325	353	433	9	35	80	0.4375000
NODE_10653_length_840_cov_24.499325	353	433	10	45	80	0.5625000
NODE_10653_length_840_cov_24.499325	406	486	0	38	80	0.4750000
NODE_10653_length_840_cov_24.499325	406	486	9	42	80	0.5250000
NODE_10654_length_840_cov_23.272605	309	389	2	47	80	0.5875000
NODE_10654_length_840_cov_23.272605	309	389	4	5	80	0.0625000
NODE_10654_length_840_cov_23.272605	309	389	6	12	80	0.1500000
NODE_10654_length_840_cov_23.272605	309	389	8	5	80	0.0625000
NODE_10654_length_840_cov_23.272605	309	389	10	11	80	0.1375000
NODE_10654_length_840_cov_23.272605	362	442	4	5	80	0.0625000
NODE_10654_length_840_cov_23.272605	362	442	6	12	80	0.1500000
NODE_10654_length_840_cov_23.272605	362	442	8	9	80	0.1125000
NODE_10654_length_840_cov_23.272605	362	442	10	54	80	0.6750000
NODE_10655_length_840_cov_22.221323	293	373	0	67	80	0.8375000
NODE_10655_length_840_cov_22.221323	293	373	2	13	80	0.1625000
NODE_10655_length_840_cov_22.221323	346	426	0	14	80	0.1750000
NODE_10655_length_840_cov_22.221323	346	426	2	66	80	0.8250000
NODE_10656_length_840_cov_17.026991	348	432	0	52	84	0.6190476
NODE_10656_length_840_cov_17.026991	348	432	2	32	84	0.3809524
NODE_10656_length_840_cov_17.026991	405	485	2	80	80	1.0000000
NODE_10657_length_840_cov_16.635628	347	427	3	8	80	0.1000000
NODE_10657_length_840_cov_16.635628	347	427	6	72	80	0.9000000
NODE_10657_length_840_cov_16.635628	400	480	3	40	80	0.5000000
NODE_10657_length_840_cov_16.635628	400	480	6	40	80	0.5000000
NODE_10658_length_840_cov_12.133603	336	416	0	80	80	1.0000000
NODE_10658_length_840_cov_12.133603	389	469	0	80	80	1.0000000
NODE_10659_length_840_cov_12.041835	332	412	0	80	80	1.0000000
NODE_10659_length_840_cov_12.041835	385	465	0	80	80	1.0000000
NODE_10660_length_840_cov_10.719298	275	354	0	17	79	0.2151899
NODE_10660_length_840_cov_10.719298	275	354	2	62	79	0.7848101
NODE_10660_length_840_cov_10.719298	327	407	0	70	80	0.8750000
NODE_10660_length_840_cov_10.719298	327	407	2	10	80	0.1250000
NODE_10663_length_840_cov_5.207827	427	507	0	15	80	0.1875000
NODE_10663_length_840_cov_5.207827	427	507	2	65	80	0.8125000
NODE_10663_length_840_cov_5.207827	480	560	0	68	80	0.8500000
NODE_10663_length_840_cov_5.207827	480	560	2	12	80	0.1500000
NODE_10683_length_839_cov_274.987838	450	530	31	2	80	0.0250000
NODE_10683_length_839_cov_274.987838	450	530	33	2	80	0.0250000
NODE_10683_length_839_cov_274.987838	450	530	38	1	80	0.0125000
NODE_10683_length_839_cov_274.987838	450	530	39	1	80	0.0125000
NODE_10683_length_839_cov_274.987838	450	530	40	1	80	0.0125000
NODE_10683_length_839_cov_274.987838	450	530	43	1	80	0.0125000
NODE_10683_length_839_cov_274.987838	450	530	45	1	80	0.0125000
NODE_10683_length_839_cov_274.987838	450	530	47	2	80	0.0250000
NODE_10683_length_839_cov_274.987838	450	530	53	2	80	0.0250000
NODE_10683_length_839_cov_274.987838	450	530	58	1	80	0.0125000
NODE_10683_length_839_cov_274.987838	450	530	59	1	80	0.0125000
NODE_10683_length_839_cov_274.987838	450	530	60	2	80	0.0250000
NODE_10683_length_839_cov_274.987838	450	530	61	1	80	0.0125000
NODE_10683_length_839_cov_274.987838	450	530	62	2	80	0.0250000
NODE_10683_length_839_cov_274.987838	450	530	64	1	80	0.0125000
NODE_10683_length_839_cov_274.987838	450	530	66	2	80	0.0250000
NODE_10683_length_839_cov_274.987838	450	530	68	3	80	0.0375000
NODE_10683_length_839_cov_274.987838	450	530	72	1	80	0.0125000
NODE_10683_length_839_cov_274.987838	450	530	77	2	80	0.0250000
NODE_10683_length_839_cov_274.987838	450	530	78	1	80	0.0125000
NODE_10683_length_839_cov_274.987838	450	530	80	1	80	0.0125000
NODE_10683_length_839_cov_274.987838	450	530	81	1	80	0.0125000
NODE_10683_length_839_cov_274.987838	450	530	83	1	80	0.0125000
NODE_10683_length_839_cov_274.987838	450	530	87	2	80	0.0250000
NODE_10683_length_839_cov_274.987838	450	530	88	2	80	0.0250000
NODE_10683_length_839_cov_274.987838	450	530	96	3	80	0.0375000
NODE_10683_length_839_cov_274.987838	450	530	97	1	80	0.0125000
NODE_10683_length_839_cov_274.987838	450	530	101	1	80	0.0125000
NODE_10683_length_839_cov_274.987838	450	530	103	4	80	0.0500000
NODE_10683_length_839_cov_274.987838	450	530	105	3	80	0.0375000
NODE_10683_length_839_cov_274.987838	450	530	107	3	80	0.0375000
NODE_10683_length_839_cov_274.987838	450	530	110	1	80	0.0125000
NODE_10683_length_839_cov_274.987838	450	530	112	1	80	0.0125000
NODE_10683_length_839_cov_274.987838	450	530	114	1	80	0.0125000
NODE_10683_length_839_cov_274.987838	450	530	116	1	80	0.0125000
NODE_10683_length_839_cov_274.987838	450	530	123	1	80	0.0125000
NODE_10683_length_839_cov_274.987838	450	530	125	1	80	0.0125000
NODE_10683_length_839_cov_274.987838	450	530	126	2	80	0.0250000
NODE_10683_length_839_cov_274.987838	450	530	127	3	80	0.0375000
NODE_10683_length_839_cov_274.987838	450	530	128	2	80	0.0250000
NODE_10683_length_839_cov_274.987838	450	530	129	2	80	0.0250000
NODE_10683_length_839_cov_274.987838	450	530	131	3	80	0.0375000
NODE_10683_length_839_cov_274.987838	450	530	132	2	80	0.0250000
NODE_10683_length_839_cov_274.987838	450	530	133	2	80	0.0250000
NODE_10683_length_839_cov_274.987838	450	530	134	3	80	0.0375000
NODE_10683_length_839_cov_274.987838	450	530	138	1	80	0.0125000
NODE_10683_length_839_cov_274.987838	450	530	142	1	80	0.0125000
NODE_10683_length_839_cov_274.987838	450	530	156	1	80	0.0125000
NODE_10683_length_839_cov_274.987838	503	583	112	1	80	0.0125000
NODE_10683_length_839_cov_274.987838	503	583	114	1	80	0.0125000
NODE_10683_length_839_cov_274.987838	503	583	116	1	80	0.0125000
NODE_10683_length_839_cov_274.987838	503	583	123	1	80	0.0125000
NODE_10683_length_839_cov_274.987838	503	583	125	1	80	0.0125000
NODE_10683_length_839_cov_274.987838	503	583	126	3	80	0.0375000
NODE_10683_length_839_cov_274.987838	503	583	127	3	80	0.0375000
NODE_10683_length_839_cov_274.987838	503	583	128	2	80	0.0250000
NODE_10683_length_839_cov_274.987838	503	583	129	2	80	0.0250000
NODE_10683_length_839_cov_274.987838	503	583	131	4	80	0.0500000
NODE_10683_length_839_cov_274.987838	503	583	132	8	80	0.1000000
NODE_10683_length_839_cov_274.987838	503	583	133	2	80	0.0250000
NODE_10683_length_839_cov_274.987838	503	583	134	3	80	0.0375000
NODE_10683_length_839_cov_274.987838	503	583	138	2	80	0.0250000
NODE_10683_length_839_cov_274.987838	503	583	142	4	80	0.0500000
NODE_10683_length_839_cov_274.987838	503	583	147	1	80	0.0125000
NODE_10683_length_839_cov_274.987838	503	583	152	3	80	0.0375000
NODE_10683_length_839_cov_274.987838	503	583	156	4	80	0.0500000
NODE_10683_length_839_cov_274.987838	503	583	157	1	80	0.0125000
NODE_10683_length_839_cov_274.987838	503	583	159	9	80	0.1125000
NODE_10683_length_839_cov_274.987838	503	583	160	2	80	0.0250000
NODE_10683_length_839_cov_274.987838	503	583	161	3	80	0.0375000
NODE_10683_length_839_cov_274.987838	503	583	162	1	80	0.0125000
NODE_10683_length_839_cov_274.987838	503	583	163	3	80	0.0375000
NODE_10683_length_839_cov_274.987838	503	583	164	2	80	0.0250000
NODE_10683_length_839_cov_274.987838	503	583	165	3	80	0.0375000
NODE_10683_length_839_cov_274.987838	503	583	166	7	80	0.0875000
NODE_10683_length_839_cov_274.987838	503	583	168	3	80	0.0375000
NODE_10684_length_839_cov_24.500000	303	383	2	27	80	0.3375000
NODE_10684_length_839_cov_24.500000	303	383	3	23	80	0.2875000
NODE_10684_length_839_cov_24.500000	303	383	4	30	80	0.3750000
NODE_10684_length_839_cov_24.500000	356	436	2	43	80	0.5375000
NODE_10684_length_839_cov_24.500000	356	436	3	33	80	0.4125000
NODE_10684_length_839_cov_24.500000	356	436	4	4	80	0.0500000
NODE_10685_length_839_cov_16.390541	477	557	0	80	80	1.0000000
NODE_10685_length_839_cov_16.390541	530	610	0	80	80	1.0000000
NODE_10686_length_839_cov_10.006757	383	463	0	80	80	1.0000000
NODE_10686_length_839_cov_10.006757	436	516	0	80	80	1.0000000
NODE_10688_length_839_cov_7.612162	308	388	0	44	80	0.5500000
NODE_10688_length_839_cov_7.612162	308	388	16	12	80	0.1500000
NODE_10688_length_839_cov_7.612162	308	388	19	1	80	0.0125000
NODE_10688_length_839_cov_7.612162	308	388	20	23	80	0.2875000
NODE_10688_length_839_cov_7.612162	361	441	16	3	80	0.0375000
NODE_10688_length_839_cov_7.612162	361	441	18	2	80	0.0250000
NODE_10688_length_839_cov_7.612162	361	441	19	20	80	0.2500000
NODE_10688_length_839_cov_7.612162	361	441	20	55	80	0.6875000
NODE_10689_length_839_cov_6.693243	343	423	0	29	80	0.3625000
NODE_10689_length_839_cov_6.693243	343	423	2	51	80	0.6375000
NODE_10706_length_838_cov_39.263870	383	463	4	6	80	0.0750000
NODE_10706_length_838_cov_39.263870	383	463	5	10	80	0.1250000
NODE_10706_length_838_cov_39.263870	383	463	6	1	80	0.0125000
NODE_10706_length_838_cov_39.263870	383	463	11	50	80	0.6250000
NODE_10706_length_838_cov_39.263870	383	463	16	13	80	0.1625000
NODE_10706_length_838_cov_39.263870	436	516	10	50	80	0.6250000
NODE_10706_length_838_cov_39.263870	436	516	11	14	80	0.1750000
NODE_10706_length_838_cov_39.263870	436	516	12	2	80	0.0250000
NODE_10706_length_838_cov_39.263870	436	516	16	14	80	0.1750000
NODE_10707_length_838_cov_27.843031	473	553	0	76	80	0.9500000
NODE_10707_length_838_cov_27.843031	473	553	13	1	80	0.0125000
NODE_10707_length_838_cov_27.843031	473	553	14	3	80	0.0375000
NODE_10707_length_838_cov_27.843031	526	606	0	23	80	0.2875000
NODE_10707_length_838_cov_27.843031	526	606	13	1	80	0.0125000
NODE_10707_length_838_cov_27.843031	526	606	14	56	80	0.7000000
NODE_10708_length_838_cov_27.238160	432	512	4	80	80	1.0000000
NODE_10708_length_838_cov_27.238160	485	565	0	45	80	0.5625000
NODE_10708_length_838_cov_27.238160	485	565	4	35	80	0.4375000
NODE_10709_length_838_cov_22.691475	380	460	0	8	80	0.1000000
NODE_10709_length_838_cov_22.691475	380	460	2	72	80	0.9000000
NODE_10709_length_838_cov_22.691475	433	513	0	32	80	0.4000000
NODE_10709_length_838_cov_22.691475	433	513	2	48	80	0.6000000
NODE_10710_length_838_cov_16.169147	312	392	0	80	80	1.0000000
NODE_10710_length_838_cov_16.169147	365	445	0	80	80	1.0000000
NODE_10711_length_838_cov_15.753721	328	408	0	45	80	0.5625000
NODE_10711_length_838_cov_15.753721	328	408	2	35	80	0.4375000
NODE_10711_length_838_cov_15.753721	381	461	2	80	80	1.0000000
NODE_10712_length_838_cov_15.514208	294	374	2	1	80	0.0125000
NODE_10712_length_838_cov_15.514208	294	374	4	19	80	0.2375000
NODE_10712_length_838_cov_15.514208	294	374	6	39	80	0.4875000
NODE_10712_length_838_cov_15.514208	294	374	8	21	80	0.2625000
NODE_10712_length_838_cov_15.514208	347	427	2	10	80	0.1250000
NODE_10712_length_838_cov_15.514208	347	427	4	22	80	0.2750000
NODE_10712_length_838_cov_15.514208	347	427	5	9	80	0.1125000
NODE_10712_length_838_cov_15.514208	347	427	6	26	80	0.3250000
NODE_10712_length_838_cov_15.514208	347	427	8	13	80	0.1625000
NODE_10713_length_838_cov_7.733424	350	430	0	80	80	1.0000000
NODE_10713_length_838_cov_7.733424	403	483	0	80	80	1.0000000
NODE_10716_length_838_cov_4.511502	131	213	0	68	82	0.8292683
NODE_10716_length_838_cov_4.511502	131	213	1	3	82	0.0365854
NODE_10716_length_838_cov_4.511502	131	213	5	11	82	0.1341463
NODE_10716_length_838_cov_4.511502	184	252	0	66	68	0.9705882
NODE_10716_length_838_cov_4.511502	184	252	6	2	68	0.0294118
NODE_10722_length_838_cov_2.247632	359	405	0	46	46	1.0000000
NODE_10727_length_838_cov_1.843031	732	752	0	20	20	1.0000000
NODE_10740_length_837_cov_32.691057	401	481	4	16	80	0.2000000
NODE_10740_length_837_cov_32.691057	401	481	13	23	80	0.2875000
NODE_10740_length_837_cov_32.691057	401	481	22	41	80	0.5125000
NODE_10740_length_837_cov_32.691057	454	534	18	5	80	0.0625000
NODE_10740_length_837_cov_32.691057	454	534	20	17	80	0.2125000
NODE_10740_length_837_cov_32.691057	454	534	22	58	80	0.7250000
NODE_10741_length_837_cov_30.995935	399	479	0	80	80	1.0000000
NODE_10741_length_837_cov_30.995935	452	532	0	36	80	0.4500000
NODE_10741_length_837_cov_30.995935	452	532	4	44	80	0.5500000
NODE_10742_length_837_cov_30.883469	278	358	2	16	80	0.2000000
NODE_10742_length_837_cov_30.883469	278	358	6	12	80	0.1500000
NODE_10742_length_837_cov_30.883469	278	358	10	52	80	0.6500000
NODE_10742_length_837_cov_30.883469	331	411	6	2	80	0.0250000
NODE_10742_length_837_cov_30.883469	331	411	10	65	80	0.8125000
NODE_10742_length_837_cov_30.883469	331	411	12	13	80	0.1625000
NODE_10742_length_837_cov_30.883469	407	487	2	61	80	0.7625000
NODE_10742_length_837_cov_30.883469	407	487	6	17	80	0.2125000
NODE_10742_length_837_cov_30.883469	407	487	10	2	80	0.0250000
NODE_10742_length_837_cov_30.883469	460	540	0	12	80	0.1500000
NODE_10742_length_837_cov_30.883469	460	540	2	68	80	0.8500000
NODE_10743_length_837_cov_14.573171	205	280	0	75	75	1.0000000
NODE_10743_length_837_cov_14.573171	258	337	0	79	79	1.0000000
NODE_10743_length_837_cov_14.573171	333	413	0	80	80	1.0000000
NODE_10743_length_837_cov_14.573171	386	466	0	80	80	1.0000000
NODE_10744_length_837_cov_12.582656	226	306	0	1	80	0.0125000
NODE_10744_length_837_cov_12.582656	226	306	4	34	80	0.4250000
NODE_10744_length_837_cov_12.582656	226	306	9	45	80	0.5625000
NODE_10744_length_837_cov_12.582656	279	359	9	55	80	0.6875000
NODE_10744_length_837_cov_12.582656	279	359	12	1	80	0.0125000
NODE_10744_length_837_cov_12.582656	279	359	13	24	80	0.3000000
NODE_10745_length_837_cov_6.998645	389	474	14	7	85	0.0823529
NODE_10745_length_837_cov_6.998645	389	474	16	78	85	0.9176471
NODE_10745_length_837_cov_6.998645	447	527	0	8	80	0.1000000
NODE_10745_length_837_cov_6.998645	447	527	2	5	80	0.0625000
NODE_10745_length_837_cov_6.998645	447	527	8	9	80	0.1125000
NODE_10745_length_837_cov_6.998645	447	527	14	13	80	0.1625000
NODE_10745_length_837_cov_6.998645	447	527	16	45	80	0.5625000
NODE_10750_length_837_cov_3.119241	373	453	0	80	80	1.0000000
NODE_10750_length_837_cov_3.119241	426	506	0	80	80	1.0000000
NODE_10769_length_836_cov_40.141113	224	304	0	44	80	0.5500000
NODE_10769_length_836_cov_40.141113	224	304	2	36	80	0.4500000
NODE_10769_length_836_cov_40.141113	277	357	2	30	80	0.3750000
NODE_10769_length_836_cov_40.141113	277	357	10	27	80	0.3375000
NODE_10769_length_836_cov_40.141113	277	357	12	23	80	0.2875000
NODE_10769_length_836_cov_40.141113	353	433	6	2	80	0.0250000
NODE_10769_length_836_cov_40.141113	353	433	8	13	80	0.1625000
NODE_10769_length_836_cov_40.141113	353	433	12	15	80	0.1875000
NODE_10769_length_836_cov_40.141113	353	433	14	50	80	0.6250000
NODE_10769_length_836_cov_40.141113	406	486	2	7	80	0.0875000
NODE_10769_length_836_cov_40.141113	406	486	4	6	80	0.0750000
NODE_10769_length_836_cov_40.141113	406	486	6	33	80	0.4125000
NODE_10769_length_836_cov_40.141113	406	486	8	22	80	0.2750000
NODE_10769_length_836_cov_40.141113	406	486	14	12	80	0.1500000
NODE_10770_length_836_cov_27.610583	344	424	8	8	80	0.1000000
NODE_10770_length_836_cov_27.610583	344	424	10	7	80	0.0875000
NODE_10770_length_836_cov_27.610583	344	424	12	65	80	0.8125000
NODE_10770_length_836_cov_27.610583	397	477	1	3	80	0.0375000
NODE_10770_length_836_cov_27.610583	397	477	2	27	80	0.3375000
NODE_10770_length_836_cov_27.610583	397	477	3	3	80	0.0375000
NODE_10770_length_836_cov_27.610583	397	477	4	12	80	0.1500000
NODE_10770_length_836_cov_27.610583	397	477	5	8	80	0.1000000
NODE_10770_length_836_cov_27.610583	397	477	12	27	80	0.3375000
NODE_10771_length_836_cov_15.719132	295	375	0	42	80	0.5250000
NODE_10771_length_836_cov_15.719132	295	375	2	38	80	0.4750000
NODE_10771_length_836_cov_15.719132	348	428	2	80	80	1.0000000
NODE_10772_length_836_cov_9.309362	295	375	0	80	80	1.0000000
NODE_10772_length_836_cov_9.309362	348	428	0	80	80	1.0000000
NODE_10773_length_836_cov_6.283582	336	416	0	80	80	1.0000000
NODE_10773_length_836_cov_6.283582	389	469	0	80	80	1.0000000
NODE_10774_length_836_cov_4.979647	371	451	0	15	80	0.1875000
NODE_10774_length_836_cov_4.979647	371	451	7	24	80	0.3000000
NODE_10774_length_836_cov_4.979647	371	451	8	41	80	0.5125000
NODE_10774_length_836_cov_4.979647	424	504	0	2	80	0.0250000
NODE_10774_length_836_cov_4.979647	424	504	7	75	80	0.9375000
NODE_10774_length_836_cov_4.979647	424	504	8	3	80	0.0375000
NODE_10787_length_835_cov_61.033967	253	333	0	77	80	0.9625000
NODE_10787_length_835_cov_61.033967	253	333	3	1	80	0.0125000
NODE_10787_length_835_cov_61.033967	253	333	4	2	80	0.0250000
NODE_10787_length_835_cov_61.033967	306	386	0	24	80	0.3000000
NODE_10787_length_835_cov_61.033967	306	386	3	1	80	0.0125000
NODE_10787_length_835_cov_61.033967	306	386	4	38	80	0.4750000
NODE_10787_length_835_cov_61.033967	306	386	8	17	80	0.2125000
NODE_10788_length_835_cov_32.380435	390	470	0	14	80	0.1750000
NODE_10788_length_835_cov_32.380435	390	470	2	66	80	0.8250000
NODE_10788_length_835_cov_32.380435	443	523	0	26	80	0.3250000
NODE_10788_length_835_cov_32.380435	443	523	2	54	80	0.6750000
NODE_10789_length_835_cov_20.779891	415	495	0	14	80	0.1750000
NODE_10789_length_835_cov_20.779891	415	495	2	66	80	0.8250000
NODE_10789_length_835_cov_20.779891	468	548	0	67	80	0.8375000
NODE_10789_length_835_cov_20.779891	468	548	2	13	80	0.1625000
NODE_10808_length_835_cov_1.694293	18	80	0	62	62	1.0000000
NODE_10820_length_834_cov_13.689796	213	293	0	22	80	0.2750000
NODE_10820_length_834_cov_13.689796	213	293	2	58	80	0.7250000
NODE_10820_length_834_cov_13.689796	266	346	2	80	80	1.0000000
NODE_10822_length_834_cov_12.609524	406	486	2	29	80	0.3625000
NODE_10822_length_834_cov_12.609524	406	486	4	33	80	0.4125000
NODE_10822_length_834_cov_12.609524	406	486	6	18	80	0.2250000
NODE_10822_length_834_cov_12.609524	459	539	0	23	80	0.2875000
NODE_10822_length_834_cov_12.609524	459	539	2	20	80	0.2500000
NODE_10822_length_834_cov_12.609524	459	539	4	36	80	0.4500000
NODE_10822_length_834_cov_12.609524	459	539	6	1	80	0.0125000
NODE_10823_length_834_cov_11.492517	248	328	0	4	80	0.0500000
NODE_10823_length_834_cov_11.492517	248	328	4	70	80	0.8750000
NODE_10823_length_834_cov_11.492517	248	328	6	6	80	0.0750000
NODE_10823_length_834_cov_11.492517	301	381	2	9	80	0.1125000
NODE_10823_length_834_cov_11.492517	301	381	4	21	80	0.2625000
NODE_10823_length_834_cov_11.492517	301	381	6	50	80	0.6250000
NODE_10824_length_834_cov_9.957823	212	292	0	47	80	0.5875000
NODE_10824_length_834_cov_9.957823	212	292	2	23	80	0.2875000
NODE_10824_length_834_cov_9.957823	212	292	6	10	80	0.1250000
NODE_10824_length_834_cov_9.957823	265	345	2	17	80	0.2125000
NODE_10824_length_834_cov_9.957823	265	345	6	49	80	0.6125000
NODE_10824_length_834_cov_9.957823	265	345	8	14	80	0.1750000
NODE_10825_length_834_cov_6.448980	482	546	0	27	64	0.4218750
NODE_10825_length_834_cov_6.448980	482	546	4	37	64	0.5781250
NODE_10833_length_834_cov_2.658503	589	641	0	52	52	1.0000000
NODE_10846_length_833_cov_57.702997	338	418	0	80	80	1.0000000
NODE_10846_length_833_cov_57.702997	391	471	0	80	80	1.0000000
NODE_10847_length_833_cov_38.153951	364	444	12	80	80	1.0000000
NODE_10847_length_833_cov_38.153951	417	497	0	47	80	0.5875000
NODE_10847_length_833_cov_38.153951	417	497	4	3	80	0.0375000
NODE_10847_length_833_cov_38.153951	417	497	12	30	80	0.3750000
NODE_10848_length_833_cov_34.302452	368	448	0	1	80	0.0125000
NODE_10848_length_833_cov_34.302452	368	448	2	79	80	0.9875000
NODE_10848_length_833_cov_34.302452	421	501	0	1	80	0.0125000
NODE_10848_length_833_cov_34.302452	421	501	2	33	80	0.4125000
NODE_10848_length_833_cov_34.302452	421	501	4	46	80	0.5750000
NODE_10849_length_833_cov_20.452316	311	392	0	15	81	0.1851852
NODE_10849_length_833_cov_20.452316	311	392	2	66	81	0.8148148
NODE_10849_length_833_cov_20.452316	365	445	0	14	80	0.1750000
NODE_10849_length_833_cov_20.452316	365	445	2	66	80	0.8250000
NODE_10850_length_833_cov_16.643052	238	318	0	7	80	0.0875000
NODE_10850_length_833_cov_16.643052	238	318	2	73	80	0.9125000
NODE_10851_length_833_cov_16.536785	84	164	4	12	80	0.1500000
NODE_10851_length_833_cov_16.536785	84	164	6	41	80	0.5125000
NODE_10851_length_833_cov_16.536785	84	164	8	27	80	0.3375000
NODE_10851_length_833_cov_16.536785	137	217	2	27	80	0.3375000
NODE_10851_length_833_cov_16.536785	137	217	4	32	80	0.4000000
NODE_10851_length_833_cov_16.536785	137	217	8	21	80	0.2625000
NODE_10865_length_833_cov_3.089918	467	547	0	80	80	1.0000000
NODE_10865_length_833_cov_3.089918	520	600	0	80	80	1.0000000
NODE_10891_length_832_cov_35.728513	460	540	2	26	80	0.3250000
NODE_10891_length_832_cov_35.728513	460	540	4	54	80	0.6750000
NODE_10891_length_832_cov_35.728513	513	593	2	51	80	0.6375000
NODE_10891_length_832_cov_35.728513	513	593	4	29	80	0.3625000
NODE_10892_length_832_cov_25.450205	292	372	0	80	80	1.0000000
NODE_10892_length_832_cov_25.450205	345	425	0	43	80	0.5375000
NODE_10892_length_832_cov_25.450205	345	425	2	37	80	0.4625000
NODE_10893_length_832_cov_18.858117	428	508	0	27	80	0.3375000
NODE_10893_length_832_cov_18.858117	428	508	2	53	80	0.6625000
NODE_10893_length_832_cov_18.858117	481	561	0	80	80	1.0000000
NODE_10894_length_832_cov_17.799454	314	394	0	14	80	0.1750000
NODE_10894_length_832_cov_17.799454	314	394	2	66	80	0.8250000
NODE_10894_length_832_cov_17.799454	367	447	0	3	80	0.0375000
NODE_10894_length_832_cov_17.799454	367	447	2	77	80	0.9625000
NODE_10895_length_832_cov_14.811733	353	433	0	20	80	0.2500000
NODE_10895_length_832_cov_14.811733	353	433	2	2	80	0.0250000
NODE_10895_length_832_cov_14.811733	353	433	8	7	80	0.0875000
NODE_10895_length_832_cov_14.811733	353	433	10	5	80	0.0625000
NODE_10895_length_832_cov_14.811733	353	433	12	8	80	0.1000000
NODE_10895_length_832_cov_14.811733	353	433	14	20	80	0.2500000
NODE_10895_length_832_cov_14.811733	353	433	16	18	80	0.2250000
NODE_10896_length_832_cov_14.770805	259	339	0	80	80	1.0000000
NODE_10896_length_832_cov_14.770805	312	392	0	80	80	1.0000000
NODE_10897_length_832_cov_8.305593	266	346	0	40	80	0.5000000
NODE_10897_length_832_cov_8.305593	266	346	2	40	80	0.5000000
NODE_10897_length_832_cov_8.305593	319	399	2	80	80	1.0000000
NODE_10918_length_831_cov_18.403005	371	451	0	22	80	0.2750000
NODE_10918_length_831_cov_18.403005	371	451	2	26	80	0.3250000
NODE_10918_length_831_cov_18.403005	371	451	4	6	80	0.0750000
NODE_10918_length_831_cov_18.403005	371	451	8	26	80	0.3250000
NODE_10918_length_831_cov_18.403005	424	504	4	1	80	0.0125000
NODE_10918_length_831_cov_18.403005	424	504	8	79	80	0.9875000
NODE_10919_length_831_cov_16.017760	357	437	0	80	80	1.0000000
NODE_10919_length_831_cov_16.017760	410	490	0	80	80	1.0000000
NODE_10920_length_831_cov_13.740437	405	485	0	22	80	0.2750000
NODE_10920_length_831_cov_13.740437	405	485	2	58	80	0.7250000
NODE_10920_length_831_cov_13.740437	458	538	0	8	80	0.1000000
NODE_10920_length_831_cov_13.740437	458	538	2	72	80	0.9000000
NODE_10921_length_831_cov_9.595628	281	361	0	65	80	0.8125000
NODE_10921_length_831_cov_9.595628	281	361	2	15	80	0.1875000
NODE_10921_length_831_cov_9.595628	334	414	0	12	80	0.1500000
NODE_10921_length_831_cov_9.595628	334	414	2	68	80	0.8500000
NODE_10922_length_831_cov_8.199454	433	482	6	21	49	0.4285714
NODE_10922_length_831_cov_8.199454	433	482	8	28	49	0.5714286
NODE_10923_length_831_cov_7.607923	216	296	0	80	80	1.0000000
NODE_10923_length_831_cov_7.607923	269	349	0	80	80	1.0000000
NODE_10924_length_831_cov_6.454918	334	409	0	49	75	0.6533333
NODE_10924_length_831_cov_6.454918	334	409	2	26	75	0.3466667
NODE_10924_length_831_cov_6.454918	382	462	0	1	80	0.0125000
NODE_10924_length_831_cov_6.454918	382	462	2	79	80	0.9875000
NODE_10960_length_830_cov_40.856361	238	318	9	23	80	0.2875000
NODE_10960_length_830_cov_40.856361	238	318	10	57	80	0.7125000
NODE_10960_length_830_cov_40.856361	291	371	2	21	80	0.2625000
NODE_10960_length_830_cov_40.856361	291	371	10	59	80	0.7375000
NODE_10961_length_830_cov_32.170999	302	378	2	23	76	0.3026316
NODE_10961_length_830_cov_32.170999	302	378	4	53	76	0.6973684
NODE_10961_length_830_cov_32.170999	303	383	2	22	80	0.2750000
NODE_10961_length_830_cov_32.170999	303	383	4	58	80	0.7250000
NODE_10961_length_830_cov_32.170999	356	436	0	23	80	0.2875000
NODE_10961_length_830_cov_32.170999	356	436	2	13	80	0.1625000
NODE_10961_length_830_cov_32.170999	356	436	4	44	80	0.5500000
NODE_10962_length_830_cov_28.041040	393	473	0	5	80	0.0625000
NODE_10962_length_830_cov_28.041040	393	473	4	75	80	0.9375000
NODE_10962_length_830_cov_28.041040	446	526	4	80	80	1.0000000
NODE_10963_length_830_cov_20.280438	360	440	0	44	80	0.5500000
NODE_10963_length_830_cov_20.280438	360	440	2	36	80	0.4500000
NODE_10963_length_830_cov_20.280438	413	492	2	79	79	1.0000000
NODE_10964_length_830_cov_19.495212	274	354	0	39	80	0.4875000
NODE_10964_length_830_cov_19.495212	274	354	4	21	80	0.2625000
NODE_10964_length_830_cov_19.495212	274	354	6	15	80	0.1875000
NODE_10964_length_830_cov_19.495212	274	354	12	5	80	0.0625000
NODE_10964_length_830_cov_19.495212	327	407	4	7	80	0.0875000
NODE_10964_length_830_cov_19.495212	327	407	6	15	80	0.1875000
NODE_10964_length_830_cov_19.495212	327	407	12	58	80	0.7250000
NODE_10965_length_830_cov_18.522572	368	448	0	11	80	0.1375000
NODE_10965_length_830_cov_18.522572	368	448	2	69	80	0.8625000
NODE_10965_length_830_cov_18.522572	421	501	0	26	80	0.3250000
NODE_10965_length_830_cov_18.522572	421	501	2	54	80	0.6750000
NODE_10966_length_830_cov_13.830369	278	358	0	80	80	1.0000000
NODE_10966_length_830_cov_13.830369	331	411	0	80	80	1.0000000
NODE_10967_length_830_cov_12.459644	201	281	0	80	80	1.0000000
NODE_10967_length_830_cov_12.459644	254	334	0	80	80	1.0000000
NODE_10968_length_830_cov_8.344733	450	530	2	7	80	0.0875000
NODE_10968_length_830_cov_8.344733	450	530	4	73	80	0.9125000
NODE_10968_length_830_cov_8.344733	503	583	0	26	80	0.3250000
NODE_10968_length_830_cov_8.344733	503	583	2	19	80	0.2375000
NODE_10968_length_830_cov_8.344733	503	583	4	35	80	0.4375000
NODE_10969_length_830_cov_8.227086	634	714	0	80	80	1.0000000
NODE_10969_length_830_cov_8.227086	687	767	0	80	80	1.0000000
NODE_10995_length_829_cov_74.910959	271	351	0	80	80	1.0000000
NODE_10995_length_829_cov_74.910959	324	404	0	80	80	1.0000000
NODE_10996_length_829_cov_34.068493	302	382	0	18	80	0.2250000
NODE_10996_length_829_cov_34.068493	302	382	2	5	80	0.0625000
NODE_10996_length_829_cov_34.068493	302	382	4	57	80	0.7125000
NODE_10996_length_829_cov_34.068493	355	435	0	31	80	0.3875000
NODE_10996_length_829_cov_34.068493	355	435	1	25	80	0.3125000
NODE_10996_length_829_cov_34.068493	355	435	2	20	80	0.2500000
NODE_10996_length_829_cov_34.068493	355	435	4	4	80	0.0500000
NODE_10997_length_829_cov_24.027397	441	521	9	21	80	0.2625000
NODE_10997_length_829_cov_24.027397	441	521	10	34	80	0.4250000
NODE_10997_length_829_cov_24.027397	441	521	12	25	80	0.3125000
NODE_10997_length_829_cov_24.027397	494	574	0	17	80	0.2125000
NODE_10997_length_829_cov_24.027397	494	574	9	57	80	0.7125000
NODE_10997_length_829_cov_24.027397	494	574	10	6	80	0.0750000
NODE_10998_length_829_cov_21.735616	420	500	0	6	80	0.0750000
NODE_10998_length_829_cov_21.735616	420	500	2	74	80	0.9250000
NODE_10998_length_829_cov_21.735616	473	553	0	38	80	0.4750000
NODE_10998_length_829_cov_21.735616	473	553	2	42	80	0.5250000
NODE_10999_length_829_cov_18.446575	407	487	0	3	80	0.0375000
NODE_10999_length_829_cov_18.446575	407	487	2	57	80	0.7125000
NODE_10999_length_829_cov_18.446575	407	487	6	20	80	0.2500000
NODE_10999_length_829_cov_18.446575	460	540	2	7	80	0.0875000
NODE_10999_length_829_cov_18.446575	460	540	4	44	80	0.5500000
NODE_10999_length_829_cov_18.446575	460	540	6	29	80	0.3625000
NODE_11000_length_829_cov_10.971233	368	448	0	2	80	0.0250000
NODE_11000_length_829_cov_10.971233	368	448	2	29	80	0.3625000
NODE_11000_length_829_cov_10.971233	368	448	4	10	80	0.1250000
NODE_11000_length_829_cov_10.971233	368	448	7	39	80	0.4875000
NODE_11000_length_829_cov_10.971233	421	501	6	11	80	0.1375000
NODE_11000_length_829_cov_10.971233	421	501	7	42	80	0.5250000
NODE_11000_length_829_cov_10.971233	421	501	8	27	80	0.3375000
NODE_11001_length_829_cov_10.035616	387	467	0	80	80	1.0000000
NODE_11001_length_829_cov_10.035616	440	520	0	80	80	1.0000000
NODE_11002_length_829_cov_9.906849	326	406	0	80	80	1.0000000
NODE_11002_length_829_cov_9.906849	379	459	0	80	80	1.0000000
NODE_11003_length_829_cov_8.809589	450	530	0	44	80	0.5500000
NODE_11003_length_829_cov_8.809589	450	530	3	1	80	0.0125000
NODE_11003_length_829_cov_8.809589	450	530	4	35	80	0.4375000
NODE_11003_length_829_cov_8.809589	503	583	4	80	80	1.0000000
NODE_11006_length_829_cov_4.310959	473	553	0	80	80	1.0000000
NODE_11006_length_829_cov_4.310959	526	606	0	80	80	1.0000000
NODE_11008_length_829_cov_3.079452	507	587	0	27	80	0.3375000
NODE_11008_length_829_cov_3.079452	507	587	2	2	80	0.0250000
NODE_11008_length_829_cov_3.079452	507	587	4	23	80	0.2875000
NODE_11008_length_829_cov_3.079452	507	587	5	2	80	0.0250000
NODE_11008_length_829_cov_3.079452	507	587	6	26	80	0.3250000
NODE_11008_length_829_cov_3.079452	507	587	0	27	80	0.3375000
NODE_11008_length_829_cov_3.079452	507	587	2	2	80	0.0250000
NODE_11008_length_829_cov_3.079452	507	587	4	23	80	0.2875000
NODE_11008_length_829_cov_3.079452	507	587	5	2	80	0.0250000
NODE_11008_length_829_cov_3.079452	507	587	6	26	80	0.3250000
NODE_11008_length_829_cov_3.079452	560	640	4	15	80	0.1875000
NODE_11008_length_829_cov_3.079452	560	640	5	1	80	0.0125000
NODE_11008_length_829_cov_3.079452	560	640	6	64	80	0.8000000
NODE_11025_length_828_cov_41.116598	436	516	0	25	80	0.3125000
NODE_11025_length_828_cov_41.116598	436	516	2	30	80	0.3750000
NODE_11025_length_828_cov_41.116598	436	516	8	25	80	0.3125000
NODE_11025_length_828_cov_41.116598	489	569	2	2	80	0.0250000
NODE_11025_length_828_cov_41.116598	489	569	8	78	80	0.9750000
NODE_11026_length_828_cov_36.459534	372	452	2	20	80	0.2500000
NODE_11026_length_828_cov_36.459534	372	452	4	17	80	0.2125000
NODE_11026_length_828_cov_36.459534	372	452	5	27	80	0.3375000
NODE_11026_length_828_cov_36.459534	372	452	6	16	80	0.2000000
NODE_11026_length_828_cov_36.459534	425	505	0	11	80	0.1375000
NODE_11026_length_828_cov_36.459534	425	505	4	59	80	0.7375000
NODE_11026_length_828_cov_36.459534	425	505	6	10	80	0.1250000
NODE_11027_length_828_cov_33.515775	443	523	0	20	80	0.2500000
NODE_11027_length_828_cov_33.515775	443	523	4	60	80	0.7500000
NODE_11027_length_828_cov_33.515775	496	576	0	73	80	0.9125000
NODE_11027_length_828_cov_33.515775	496	576	4	7	80	0.0875000
NODE_11028_length_828_cov_21.123457	380	460	2	12	80	0.1500000
NODE_11028_length_828_cov_21.123457	380	460	4	68	80	0.8500000
NODE_11028_length_828_cov_21.123457	433	513	0	29	80	0.3625000
NODE_11028_length_828_cov_21.123457	433	513	1	8	80	0.1000000
NODE_11028_length_828_cov_21.123457	433	513	2	28	80	0.3500000
NODE_11028_length_828_cov_21.123457	433	513	4	15	80	0.1875000
NODE_11029_length_828_cov_17.406036	304	392	0	62	88	0.7045454
NODE_11029_length_828_cov_17.406036	304	392	4	26	88	0.2954545
NODE_11029_length_828_cov_17.406036	369	445	4	76	76	1.0000000
NODE_11030_length_828_cov_14.606310	287	367	2	60	80	0.7500000
NODE_11030_length_828_cov_14.606310	287	367	4	20	80	0.2500000
NODE_11030_length_828_cov_14.606310	340	420	2	80	80	1.0000000
NODE_11031_length_828_cov_14.493827	326	406	2	13	80	0.1625000
NODE_11031_length_828_cov_14.493827	326	406	7	38	80	0.4750000
NODE_11031_length_828_cov_14.493827	326	406	8	29	80	0.3625000
NODE_11031_length_828_cov_14.493827	379	459	6	5	80	0.0625000
NODE_11031_length_828_cov_14.493827	379	459	8	46	80	0.5750000
NODE_11031_length_828_cov_14.493827	379	459	14	29	80	0.3625000
NODE_11031_length_828_cov_14.493827	455	535	8	6	80	0.0750000
NODE_11031_length_828_cov_14.493827	455	535	12	49	80	0.6125000
NODE_11031_length_828_cov_14.493827	455	535	14	25	80	0.3125000
NODE_11031_length_828_cov_14.493827	508	588	4	29	80	0.3625000
NODE_11031_length_828_cov_14.493827	508	588	12	51	80	0.6375000
NODE_11032_length_828_cov_10.550069	280	360	0	30	80	0.3750000
NODE_11032_length_828_cov_10.550069	280	360	3	1	80	0.0125000
NODE_11032_length_828_cov_10.550069	280	360	4	49	80	0.6125000
NODE_11032_length_828_cov_10.550069	333	413	0	80	80	1.0000000
NODE_11033_length_828_cov_9.292181	594	674	0	80	80	1.0000000
NODE_11033_length_828_cov_9.292181	647	727	0	80	80	1.0000000
NODE_11034_length_828_cov_8.747599	298	378	0	80	80	1.0000000
NODE_11034_length_828_cov_8.747599	351	431	0	80	80	1.0000000
NODE_11035_length_828_cov_8.098765	199	279	0	80	80	1.0000000
NODE_11035_length_828_cov_8.098765	252	332	0	80	80	1.0000000
NODE_11037_length_828_cov_7.473251	300	380	0	80	80	1.0000000
NODE_11037_length_828_cov_7.473251	353	433	0	80	80	1.0000000
NODE_11039_length_828_cov_5.481481	543	623	0	80	80	1.0000000
NODE_11039_length_828_cov_5.481481	596	676	0	80	80	1.0000000
NODE_11041_length_828_cov_5.069959	259	339	4	27	80	0.3375000
NODE_11041_length_828_cov_5.069959	259	339	6	53	80	0.6625000
NODE_11066_length_827_cov_34.567308	269	349	0	80	80	1.0000000
NODE_11066_length_827_cov_34.567308	322	402	0	80	80	1.0000000
NODE_11066_length_827_cov_34.567308	398	478	0	80	80	1.0000000
NODE_11066_length_827_cov_34.567308	451	531	0	80	80	1.0000000
NODE_11067_length_827_cov_31.538462	320	400	0	27	80	0.3375000
NODE_11067_length_827_cov_31.538462	320	400	4	53	80	0.6625000
NODE_11067_length_827_cov_31.538462	373	453	0	80	80	1.0000000
NODE_11068_length_827_cov_19.548077	464	544	2	80	80	1.0000000
NODE_11068_length_827_cov_19.548077	517	597	0	50	80	0.6250000
NODE_11068_length_827_cov_19.548077	517	597	2	30	80	0.3750000
NODE_11069_length_827_cov_17.490385	320	400	2	38	80	0.4750000
NODE_11069_length_827_cov_17.490385	320	400	4	42	80	0.5250000
NODE_11069_length_827_cov_17.490385	373	453	0	4	80	0.0500000
NODE_11069_length_827_cov_17.490385	373	453	2	20	80	0.2500000
NODE_11069_length_827_cov_17.490385	373	453	4	56	80	0.7000000
NODE_11070_length_827_cov_15.247253	205	285	2	80	80	1.0000000
NODE_11070_length_827_cov_15.247253	258	338	0	4	80	0.0500000
NODE_11070_length_827_cov_15.247253	258	338	1	38	80	0.4750000
NODE_11070_length_827_cov_15.247253	258	338	2	38	80	0.4750000
NODE_11071_length_827_cov_14.151099	372	452	4	41	80	0.5125000
NODE_11071_length_827_cov_14.151099	372	452	6	12	80	0.1500000
NODE_11071_length_827_cov_14.151099	372	452	8	27	80	0.3375000
NODE_11071_length_827_cov_14.151099	425	505	2	4	80	0.0500000
NODE_11071_length_827_cov_14.151099	425	505	4	48	80	0.6000000
NODE_11071_length_827_cov_14.151099	425	505	8	28	80	0.3500000
NODE_11072_length_827_cov_12.157967	262	342	0	80	80	1.0000000
NODE_11072_length_827_cov_12.157967	315	395	0	80	80	1.0000000
NODE_11073_length_827_cov_11.777473	316	396	4	80	80	1.0000000
NODE_11073_length_827_cov_11.777473	369	449	0	19	80	0.2375000
NODE_11073_length_827_cov_11.777473	369	449	2	20	80	0.2500000
NODE_11073_length_827_cov_11.777473	369	449	4	41	80	0.5125000
NODE_11074_length_827_cov_11.651099	393	473	0	80	80	1.0000000
NODE_11074_length_827_cov_11.651099	446	526	0	80	80	1.0000000
NODE_11075_length_827_cov_10.711538	286	366	0	14	80	0.1750000
NODE_11075_length_827_cov_10.711538	286	366	2	66	80	0.8250000
NODE_11075_length_827_cov_10.711538	339	419	0	14	80	0.1750000
NODE_11075_length_827_cov_10.711538	339	419	2	66	80	0.8250000
NODE_11076_length_827_cov_10.262363	273	353	0	80	80	1.0000000
NODE_11076_length_827_cov_10.262363	326	406	0	80	80	1.0000000
NODE_11077_length_827_cov_10.221154	256	336	2	35	80	0.4375000
NODE_11077_length_827_cov_10.221154	256	336	4	45	80	0.5625000
NODE_11078_length_827_cov_9.576923	359	439	2	80	80	1.0000000
NODE_11078_length_827_cov_9.576923	412	492	1	36	80	0.4500000
NODE_11078_length_827_cov_9.576923	412	492	2	44	80	0.5500000
NODE_11079_length_827_cov_8.780220	361	441	0	80	80	1.0000000
NODE_11079_length_827_cov_8.780220	414	494	0	80	80	1.0000000
NODE_11093_length_827_cov_1.412088	736	784	4	48	48	1.0000000
NODE_11106_length_826_cov_34.026135	211	291	2	36	80	0.4500000
NODE_11106_length_826_cov_34.026135	211	291	4	14	80	0.1750000
NODE_11106_length_826_cov_34.026135	211	291	5	30	80	0.3750000
NODE_11106_length_826_cov_34.026135	264	344	3	13	80	0.1625000
NODE_11106_length_826_cov_34.026135	264	344	4	31	80	0.3875000
NODE_11106_length_826_cov_34.026135	264	344	5	36	80	0.4500000
NODE_11107_length_826_cov_24.093535	282	362	0	8	80	0.1000000
NODE_11107_length_826_cov_24.093535	282	362	2	9	80	0.1125000
NODE_11107_length_826_cov_24.093535	282	362	6	63	80	0.7875000
NODE_11107_length_826_cov_24.093535	335	415	0	13	80	0.1625000
NODE_11107_length_826_cov_24.093535	335	415	4	7	80	0.0875000
NODE_11107_length_826_cov_24.093535	335	415	6	60	80	0.7500000
NODE_11108_length_826_cov_20.943604	207	287	0	20	80	0.2500000
NODE_11108_length_826_cov_20.943604	207	287	2	60	80	0.7500000
NODE_11108_length_826_cov_20.943604	260	340	0	73	80	0.9125000
NODE_11108_length_826_cov_20.943604	260	340	2	7	80	0.0875000
NODE_11109_length_826_cov_20.437414	413	493	0	80	80	1.0000000
NODE_11109_length_826_cov_20.437414	466	546	0	80	80	1.0000000
NODE_11110_length_826_cov_20.200825	432	512	0	80	80	1.0000000
NODE_11110_length_826_cov_20.200825	485	565	0	80	80	1.0000000
NODE_11111_length_826_cov_18.489684	345	425	0	25	80	0.3125000
NODE_11111_length_826_cov_18.489684	345	425	6	20	80	0.2500000
NODE_11111_length_826_cov_18.489684	345	425	8	26	80	0.3250000
NODE_11111_length_826_cov_18.489684	345	425	10	9	80	0.1125000
NODE_11111_length_826_cov_18.489684	398	478	8	18	80	0.2250000
NODE_11111_length_826_cov_18.489684	398	478	10	62	80	0.7750000
NODE_11112_length_826_cov_17.998624	336	416	0	26	80	0.3250000
NODE_11112_length_826_cov_17.998624	336	416	2	54	80	0.6750000
NODE_11112_length_826_cov_17.998624	389	469	2	80	80	1.0000000
NODE_11113_length_826_cov_17.038514	358	438	0	7	80	0.0875000
NODE_11113_length_826_cov_17.038514	358	438	2	17	80	0.2125000
NODE_11113_length_826_cov_17.038514	358	438	12	36	80	0.4500000
NODE_11113_length_826_cov_17.038514	358	438	14	20	80	0.2500000
NODE_11113_length_826_cov_17.038514	411	491	2	11	80	0.1375000
NODE_11113_length_826_cov_17.038514	411	491	12	40	80	0.5000000
NODE_11113_length_826_cov_17.038514	411	491	14	29	80	0.3625000
NODE_11114_length_826_cov_16.777166	514	603	0	44	89	0.4943820
NODE_11114_length_826_cov_16.777166	514	603	2	45	89	0.5056180
NODE_11115_length_826_cov_16.177442	361	441	0	80	80	1.0000000
NODE_11115_length_826_cov_16.177442	414	494	0	80	80	1.0000000
NODE_11116_length_826_cov_15.134801	346	426	2	80	80	1.0000000
NODE_11116_length_826_cov_15.134801	399	479	0	49	80	0.6125000
NODE_11116_length_826_cov_15.134801	399	479	2	31	80	0.3875000
NODE_11117_length_826_cov_9.943604	320	400	2	80	80	1.0000000
NODE_11117_length_826_cov_9.943604	373	453	0	50	80	0.6250000
NODE_11117_length_826_cov_9.943604	373	453	2	30	80	0.3750000
NODE_11120_length_826_cov_4.852820	501	579	0	78	78	1.0000000
NODE_11120_length_826_cov_4.852820	552	632	0	80	80	1.0000000
NODE_11161_length_825_cov_61.804408	382	462	16	10	80	0.1250000
NODE_11161_length_825_cov_61.804408	382	462	19	1	80	0.0125000
NODE_11161_length_825_cov_61.804408	382	462	20	69	80	0.8625000
NODE_11161_length_825_cov_61.804408	435	514	0	22	79	0.2784810
NODE_11161_length_825_cov_61.804408	435	514	4	3	79	0.0379747
NODE_11161_length_825_cov_61.804408	435	514	19	1	79	0.0126582
NODE_11161_length_825_cov_61.804408	435	514	20	53	79	0.6708861
NODE_11162_length_825_cov_43.825069	488	568	0	78	80	0.9750000
NODE_11162_length_825_cov_43.825069	488	568	2	2	80	0.0250000
NODE_11162_length_825_cov_43.825069	541	621	0	25	80	0.3125000
NODE_11162_length_825_cov_43.825069	541	621	2	18	80	0.2250000
NODE_11162_length_825_cov_43.825069	541	621	4	37	80	0.4625000
NODE_11162_length_825_cov_43.825069	617	697	4	80	80	1.0000000
NODE_11162_length_825_cov_43.825069	670	750	4	43	80	0.5375000
NODE_11162_length_825_cov_43.825069	670	750	6	18	80	0.2250000
NODE_11162_length_825_cov_43.825069	670	750	7	1	80	0.0125000
NODE_11162_length_825_cov_43.825069	670	750	8	18	80	0.2250000
NODE_11163_length_825_cov_43.389807	496	576	2	19	80	0.2375000
NODE_11163_length_825_cov_43.389807	496	576	4	61	80	0.7625000
NODE_11163_length_825_cov_43.389807	549	629	2	61	80	0.7625000
NODE_11163_length_825_cov_43.389807	549	629	4	19	80	0.2375000
NODE_11164_length_825_cov_39.603306	386	466	0	33	80	0.4125000
NODE_11164_length_825_cov_39.603306	386	466	2	47	80	0.5875000
NODE_11164_length_825_cov_39.603306	439	519	2	80	80	1.0000000
NODE_11165_length_825_cov_32.205234	354	434	0	10	80	0.1250000
NODE_11165_length_825_cov_32.205234	354	434	2	1	80	0.0125000
NODE_11165_length_825_cov_32.205234	354	434	6	69	80	0.8625000
NODE_11165_length_825_cov_32.205234	407	487	4	10	80	0.1250000
NODE_11165_length_825_cov_32.205234	407	487	6	70	80	0.8750000
NODE_11166_length_825_cov_29.411846	503	583	0	40	80	0.5000000
NODE_11166_length_825_cov_29.411846	503	583	2	40	80	0.5000000
NODE_11166_length_825_cov_29.411846	556	636	0	80	80	1.0000000
NODE_11167_length_825_cov_22.428375	312	392	4	21	80	0.2625000
NODE_11167_length_825_cov_22.428375	312	392	6	22	80	0.2750000
NODE_11167_length_825_cov_22.428375	312	392	7	22	80	0.2750000
NODE_11167_length_825_cov_22.428375	312	392	8	15	80	0.1875000
NODE_11167_length_825_cov_22.428375	365	445	2	25	80	0.3125000
NODE_11167_length_825_cov_22.428375	365	445	4	46	80	0.5750000
NODE_11167_length_825_cov_22.428375	365	445	8	9	80	0.1125000
NODE_11167_length_825_cov_22.428375	441	521	2	48	80	0.6000000
NODE_11167_length_825_cov_22.428375	441	521	3	22	80	0.2750000
NODE_11167_length_825_cov_22.428375	441	521	4	10	80	0.1250000
NODE_11167_length_825_cov_22.428375	494	574	0	12	80	0.1500000
NODE_11167_length_825_cov_22.428375	494	574	2	53	80	0.6625000
NODE_11167_length_825_cov_22.428375	494	574	3	15	80	0.1875000
NODE_11168_length_825_cov_19.964187	249	329	0	80	80	1.0000000
NODE_11168_length_825_cov_19.964187	302	382	0	80	80	1.0000000
NODE_11169_length_825_cov_13.790634	273	353	0	80	80	1.0000000
NODE_11169_length_825_cov_13.790634	326	406	0	80	80	1.0000000
NODE_11170_length_825_cov_11.834711	331	411	0	24	80	0.3000000
NODE_11170_length_825_cov_11.834711	331	411	2	56	80	0.7000000
NODE_11170_length_825_cov_11.834711	384	464	0	16	80	0.2000000
NODE_11170_length_825_cov_11.834711	384	464	2	64	80	0.8000000
NODE_11171_length_825_cov_11.477961	392	472	0	80	80	1.0000000
NODE_11172_length_825_cov_8.947658	259	339	0	80	80	1.0000000
NODE_11172_length_825_cov_8.947658	312	392	0	80	80	1.0000000
NODE_11173_length_825_cov_7.811295	379	459	0	80	80	1.0000000
NODE_11173_length_825_cov_7.811295	432	512	0	80	80	1.0000000
NODE_11174_length_825_cov_7.104683	464	544	0	36	80	0.4500000
NODE_11174_length_825_cov_7.104683	464	544	6	44	80	0.5500000
NODE_11174_length_825_cov_7.104683	517	597	6	80	80	1.0000000
NODE_11176_length_825_cov_6.252066	542	622	0	80	80	1.0000000
NODE_11176_length_825_cov_6.252066	595	675	0	80	80	1.0000000
NODE_11178_length_825_cov_5.230028	264	344	0	80	80	1.0000000
NODE_11178_length_825_cov_5.230028	317	372	0	55	55	1.0000000
NODE_11178_length_825_cov_5.230028	383	463	0	80	80	1.0000000
NODE_11178_length_825_cov_5.230028	436	516	0	80	80	1.0000000
NODE_11205_length_825_cov_0.765840	0	50	0	50	50	1.0000000
NODE_11207_length_824_cov_27.074483	337	412	0	75	75	1.0000000
NODE_11207_length_824_cov_27.074483	390	470	0	80	80	1.0000000
NODE_11208_length_824_cov_23.936552	365	445	2	74	80	0.9250000
NODE_11208_length_824_cov_23.936552	365	445	3	1	80	0.0125000
NODE_11208_length_824_cov_23.936552	365	445	4	5	80	0.0625000
NODE_11208_length_824_cov_23.936552	418	493	0	4	75	0.0533333
NODE_11208_length_824_cov_23.936552	418	493	2	66	75	0.8800000
NODE_11208_length_824_cov_23.936552	418	493	4	5	75	0.0666667
NODE_11209_length_824_cov_22.129655	377	457	2	26	80	0.3250000
NODE_11209_length_824_cov_22.129655	377	457	6	11	80	0.1375000
NODE_11209_length_824_cov_22.129655	377	457	8	43	80	0.5375000
NODE_11209_length_824_cov_22.129655	430	510	5	11	80	0.1375000
NODE_11209_length_824_cov_22.129655	430	510	6	53	80	0.6625000
NODE_11209_length_824_cov_22.129655	430	510	8	16	80	0.2000000
NODE_11210_length_824_cov_17.914483	387	467	0	24	80	0.3000000
NODE_11210_length_824_cov_17.914483	387	467	2	56	80	0.7000000
NODE_11210_length_824_cov_17.914483	440	520	0	68	80	0.8500000
NODE_11210_length_824_cov_17.914483	440	520	2	12	80	0.1500000
NODE_11211_length_824_cov_16.662069	362	442	0	5	80	0.0625000
NODE_11211_length_824_cov_16.662069	362	442	2	75	80	0.9375000
NODE_11211_length_824_cov_16.662069	415	495	0	39	80	0.4875000
NODE_11211_length_824_cov_16.662069	415	495	2	41	80	0.5125000
NODE_11212_length_824_cov_16.306207	352	432	4	6	80	0.0750000
NODE_11212_length_824_cov_16.306207	352	432	8	74	80	0.9250000
NODE_11212_length_824_cov_16.306207	405	485	0	52	80	0.6500000
NODE_11212_length_824_cov_16.306207	405	485	3	1	80	0.0125000
NODE_11212_length_824_cov_16.306207	405	485	4	6	80	0.0750000
NODE_11212_length_824_cov_16.306207	405	485	8	21	80	0.2625000
NODE_11213_length_824_cov_15.891034	342	422	0	80	80	1.0000000
NODE_11213_length_824_cov_15.891034	395	475	0	80	80	1.0000000
NODE_11214_length_824_cov_12.485517	280	360	4	12	80	0.1500000
NODE_11214_length_824_cov_12.485517	280	360	8	10	80	0.1250000
NODE_11214_length_824_cov_12.485517	280	360	10	58	80	0.7250000
NODE_11214_length_824_cov_12.485517	333	413	0	11	80	0.1375000
NODE_11214_length_824_cov_12.485517	333	413	4	17	80	0.2125000
NODE_11214_length_824_cov_12.485517	333	413	8	1	80	0.0125000
NODE_11214_length_824_cov_12.485517	333	413	9	1	80	0.0125000
NODE_11214_length_824_cov_12.485517	333	413	10	50	80	0.6250000
NODE_11216_length_824_cov_5.924138	269	349	0	80	80	1.0000000
NODE_11216_length_824_cov_5.924138	322	402	0	80	80	1.0000000
NODE_11222_length_824_cov_3.849655	191	271	0	21	80	0.2625000
NODE_11222_length_824_cov_3.849655	191	271	2	59	80	0.7375000
NODE_11251_length_823_cov_75.169890	207	287	0	80	80	1.0000000
NODE_11251_length_823_cov_75.169890	260	340	0	39	80	0.4875000
NODE_11251_length_823_cov_75.169890	260	340	2	41	80	0.5125000
NODE_11251_length_823_cov_75.169890	336	416	2	80	80	1.0000000
NODE_11251_length_823_cov_75.169890	389	469	0	37	80	0.4625000
NODE_11251_length_823_cov_75.169890	389	469	2	43	80	0.5375000
NODE_11253_length_823_cov_37.738950	332	412	2	28	80	0.3500000
NODE_11253_length_823_cov_37.738950	332	412	4	51	80	0.6375000
NODE_11253_length_823_cov_37.738950	332	412	5	1	80	0.0125000
NODE_11253_length_823_cov_37.738950	385	466	2	11	81	0.1358025
NODE_11253_length_823_cov_37.738950	385	466	4	28	81	0.3456790
NODE_11253_length_823_cov_37.738950	385	466	5	10	81	0.1234568
NODE_11253_length_823_cov_37.738950	385	466	6	32	81	0.3950617
NODE_11254_length_823_cov_29.349448	400	480	8	27	80	0.3375000
NODE_11254_length_823_cov_29.349448	400	480	10	10	80	0.1250000
NODE_11254_length_823_cov_29.349448	400	480	12	43	80	0.5375000
NODE_11254_length_823_cov_29.349448	453	533	4	24	80	0.3000000
NODE_11254_length_823_cov_29.349448	453	533	8	8	80	0.1000000
NODE_11254_length_823_cov_29.349448	453	533	10	31	80	0.3875000
NODE_11254_length_823_cov_29.349448	453	533	12	17	80	0.2125000
NODE_11255_length_823_cov_25.730663	338	418	2	80	80	1.0000000
NODE_11255_length_823_cov_25.730663	391	471	0	43	80	0.5375000
NODE_11255_length_823_cov_25.730663	391	471	2	37	80	0.4625000
NODE_11256_length_823_cov_24.599448	349	429	16	23	80	0.2875000
NODE_11256_length_823_cov_24.599448	349	429	18	14	80	0.1750000
NODE_11256_length_823_cov_24.599448	349	429	20	40	80	0.5000000
NODE_11256_length_823_cov_24.599448	349	429	22	3	80	0.0375000
NODE_11256_length_823_cov_24.599448	402	482	0	2	80	0.0250000
NODE_11256_length_823_cov_24.599448	402	482	2	10	80	0.1250000
NODE_11256_length_823_cov_24.599448	402	482	4	13	80	0.1625000
NODE_11256_length_823_cov_24.599448	402	482	13	1	80	0.0125000
NODE_11256_length_823_cov_24.599448	402	482	14	21	80	0.2625000
NODE_11256_length_823_cov_24.599448	402	482	16	29	80	0.3625000
NODE_11256_length_823_cov_24.599448	402	482	20	1	80	0.0125000
NODE_11256_length_823_cov_24.599448	402	482	22	3	80	0.0375000
NODE_11257_length_823_cov_22.149171	356	436	0	80	80	1.0000000
NODE_11257_length_823_cov_22.149171	409	489	0	80	80	1.0000000
NODE_11257_length_823_cov_22.149171	485	565	0	80	80	1.0000000
NODE_11257_length_823_cov_22.149171	538	618	0	80	80	1.0000000
NODE_11258_length_823_cov_20.892265	329	409	0	56	80	0.7000000
NODE_11258_length_823_cov_20.892265	329	409	2	24	80	0.3000000
NODE_11258_length_823_cov_20.892265	382	462	0	3	80	0.0375000
NODE_11258_length_823_cov_20.892265	382	462	2	77	80	0.9625000
NODE_11259_length_823_cov_19.281768	305	385	2	30	80	0.3750000
NODE_11259_length_823_cov_19.281768	305	385	4	30	80	0.3750000
NODE_11259_length_823_cov_19.281768	305	385	10	20	80	0.2500000
NODE_11259_length_823_cov_19.281768	358	438	4	7	80	0.0875000
NODE_11259_length_823_cov_19.281768	358	438	6	6	80	0.0750000
NODE_11259_length_823_cov_19.281768	358	438	8	38	80	0.4750000
NODE_11259_length_823_cov_19.281768	358	438	10	29	80	0.3625000
NODE_11260_length_823_cov_15.738950	409	489	0	4	80	0.0500000
NODE_11260_length_823_cov_15.738950	409	489	2	76	80	0.9500000
NODE_11260_length_823_cov_15.738950	462	542	0	10	80	0.1250000
NODE_11260_length_823_cov_15.738950	462	542	1	2	80	0.0250000
NODE_11260_length_823_cov_15.738950	462	542	2	68	80	0.8500000
NODE_11261_length_823_cov_10.729282	362	437	0	75	75	1.0000000
NODE_11261_length_823_cov_10.729282	410	484	0	74	74	1.0000000
NODE_11262_length_823_cov_9.110497	394	474	0	9	80	0.1125000
NODE_11262_length_823_cov_9.110497	394	474	4	71	80	0.8875000
NODE_11262_length_823_cov_9.110497	447	527	0	23	80	0.2875000
NODE_11262_length_823_cov_9.110497	447	527	4	57	80	0.7125000
NODE_11265_length_823_cov_5.511050	168	248	0	1	80	0.0125000
NODE_11265_length_823_cov_5.511050	168	248	3	20	80	0.2500000
NODE_11265_length_823_cov_5.511050	168	248	4	12	80	0.1500000
NODE_11265_length_823_cov_5.511050	168	248	6	45	80	0.5625000
NODE_11265_length_823_cov_5.511050	168	248	8	2	80	0.0250000
NODE_11265_length_823_cov_5.511050	434	485	2	51	51	1.0000000
NODE_11292_length_823_cov_0.968232	86	154	2	68	68	1.0000000
NODE_11298_length_822_cov_25.423237	377	459	0	5	82	0.0609756
NODE_11298_length_822_cov_25.423237	377	459	2	77	82	0.9390244
NODE_11298_length_822_cov_25.423237	432	512	0	22	80	0.2750000
NODE_11298_length_822_cov_25.423237	432	512	2	58	80	0.7250000
NODE_11299_length_822_cov_16.381743	394	474	8	40	80	0.5000000
NODE_11299_length_822_cov_16.381743	394	474	10	11	80	0.1375000
NODE_11299_length_822_cov_16.381743	394	474	11	8	80	0.1000000
NODE_11299_length_822_cov_16.381743	394	474	12	6	80	0.0750000
NODE_11299_length_822_cov_16.381743	394	474	13	11	80	0.1375000
NODE_11299_length_822_cov_16.381743	394	474	14	4	80	0.0500000
NODE_11299_length_822_cov_16.381743	447	527	4	7	80	0.0875000
NODE_11299_length_822_cov_16.381743	447	527	6	18	80	0.2250000
NODE_11299_length_822_cov_16.381743	447	527	8	19	80	0.2375000
NODE_11299_length_822_cov_16.381743	447	527	10	1	80	0.0125000
NODE_11299_length_822_cov_16.381743	447	527	11	16	80	0.2000000
NODE_11299_length_822_cov_16.381743	447	527	12	4	80	0.0500000
NODE_11299_length_822_cov_16.381743	447	527	13	11	80	0.1375000
NODE_11299_length_822_cov_16.381743	447	527	14	4	80	0.0500000
NODE_11300_length_822_cov_12.426003	223	296	0	73	73	1.0000000
NODE_11300_length_822_cov_12.426003	278	349	0	71	71	1.0000000
NODE_11301_length_822_cov_10.608575	464	544	4	80	80	1.0000000
NODE_11301_length_822_cov_10.608575	517	597	0	31	80	0.3875000
NODE_11301_length_822_cov_10.608575	517	597	4	49	80	0.6125000
NODE_11302_length_822_cov_9.496542	363	443	0	80	80	1.0000000
NODE_11302_length_822_cov_9.496542	416	496	0	80	80	1.0000000
NODE_11333_length_821_cov_39.818560	341	420	0	3	79	0.0379747
NODE_11333_length_821_cov_39.818560	341	420	2	11	79	0.1392405
NODE_11333_length_821_cov_39.818560	341	420	4	23	79	0.2911392
NODE_11333_length_821_cov_39.818560	341	420	6	29	79	0.3670886
NODE_11333_length_821_cov_39.818560	341	420	8	13	79	0.1645570
NODE_11333_length_821_cov_39.818560	393	473	6	59	80	0.7375000
NODE_11333_length_821_cov_39.818560	393	473	8	21	80	0.2625000
NODE_11334_length_821_cov_27.721607	299	379	0	80	80	1.0000000
NODE_11334_length_821_cov_27.721607	352	432	0	80	80	1.0000000
NODE_11335_length_821_cov_26.252078	386	466	0	20	80	0.2500000
NODE_11335_length_821_cov_26.252078	386	466	2	1	80	0.0125000
NODE_11335_length_821_cov_26.252078	386	466	3	13	80	0.1625000
NODE_11335_length_821_cov_26.252078	386	466	5	17	80	0.2125000
NODE_11335_length_821_cov_26.252078	386	466	6	29	80	0.3625000
NODE_11335_length_821_cov_26.252078	439	519	0	73	80	0.9125000
NODE_11335_length_821_cov_26.252078	439	519	2	1	80	0.0125000
NODE_11335_length_821_cov_26.252078	439	519	3	6	80	0.0750000
NODE_11336_length_821_cov_19.603878	353	433	0	6	80	0.0750000
NODE_11336_length_821_cov_19.603878	353	433	2	1	80	0.0125000
NODE_11336_length_821_cov_19.603878	353	433	3	16	80	0.2000000
NODE_11336_length_821_cov_19.603878	353	433	4	57	80	0.7125000
NODE_11336_length_821_cov_19.603878	406	486	2	22	80	0.2750000
NODE_11336_length_821_cov_19.603878	406	486	4	58	80	0.7250000
NODE_11337_length_821_cov_15.945983	310	390	2	80	80	1.0000000
NODE_11337_length_821_cov_15.945983	363	443	0	49	80	0.6125000
NODE_11337_length_821_cov_15.945983	363	443	2	31	80	0.3875000
NODE_11339_length_821_cov_8.711911	288	368	0	27	80	0.3375000
NODE_11339_length_821_cov_8.711911	288	368	2	53	80	0.6625000
NODE_11339_length_821_cov_8.711911	341	421	2	80	80	1.0000000
NODE_11349_length_821_cov_3.026316	310	390	0	80	80	1.0000000
NODE_11349_length_821_cov_3.026316	363	443	0	80	80	1.0000000
NODE_11361_length_820_cov_67.292649	328	408	10	80	80	1.0000000
NODE_11361_length_820_cov_67.292649	381	461	0	2	80	0.0250000
NODE_11361_length_820_cov_67.292649	381	461	5	16	80	0.2000000
NODE_11361_length_820_cov_67.292649	381	461	10	62	80	0.7750000
NODE_11362_length_820_cov_26.915395	308	388	4	28	80	0.3500000
NODE_11362_length_820_cov_26.915395	308	388	6	12	80	0.1500000
NODE_11362_length_820_cov_26.915395	308	388	7	5	80	0.0625000
NODE_11362_length_820_cov_26.915395	308	388	8	16	80	0.2000000
NODE_11362_length_820_cov_26.915395	308	388	10	13	80	0.1625000
NODE_11362_length_820_cov_26.915395	308	388	14	3	80	0.0375000
NODE_11362_length_820_cov_26.915395	308	388	16	3	80	0.0375000
NODE_11363_length_820_cov_25.253814	301	381	0	10	80	0.1250000
NODE_11363_length_820_cov_25.253814	301	381	4	70	80	0.8750000
NODE_11363_length_820_cov_25.253814	354	434	0	63	80	0.7875000
NODE_11363_length_820_cov_25.253814	354	434	4	17	80	0.2125000
NODE_11363_length_820_cov_25.253814	430	510	0	80	80	1.0000000
NODE_11363_length_820_cov_25.253814	483	563	0	80	80	1.0000000
NODE_11364_length_820_cov_16.015257	325	405	2	63	80	0.7875000
NODE_11364_length_820_cov_16.015257	325	405	4	17	80	0.2125000
NODE_11364_length_820_cov_16.015257	378	458	2	49	80	0.6125000
NODE_11364_length_820_cov_16.015257	378	458	4	31	80	0.3875000
NODE_11365_length_820_cov_14.703190	371	451	0	10	80	0.1250000
NODE_11365_length_820_cov_14.703190	371	451	2	70	80	0.8750000
NODE_11365_length_820_cov_14.703190	424	504	0	63	80	0.7875000
NODE_11365_length_820_cov_14.703190	424	504	2	17	80	0.2125000
NODE_11366_length_820_cov_14.527046	249	329	2	24	80	0.3000000
NODE_11366_length_820_cov_14.527046	249	329	5	12	80	0.1500000
NODE_11366_length_820_cov_14.527046	249	329	7	44	80	0.5500000
NODE_11366_length_820_cov_14.527046	302	382	5	61	80	0.7625000
NODE_11366_length_820_cov_14.527046	302	382	6	4	80	0.0500000
NODE_11366_length_820_cov_14.527046	302	382	7	15	80	0.1875000
NODE_11367_length_820_cov_14.284327	286	366	0	80	80	1.0000000
NODE_11367_length_820_cov_14.284327	339	419	0	80	80	1.0000000
NODE_11367_length_820_cov_14.284327	619	699	0	80	80	1.0000000
NODE_11368_length_820_cov_13.036061	364	444	0	20	80	0.2500000
NODE_11368_length_820_cov_13.036061	364	444	2	11	80	0.1375000
NODE_11368_length_820_cov_13.036061	364	444	4	49	80	0.6125000
NODE_11368_length_820_cov_13.036061	417	497	0	6	80	0.0750000
NODE_11368_length_820_cov_13.036061	417	497	2	14	80	0.1750000
NODE_11368_length_820_cov_13.036061	417	497	4	60	80	0.7500000
NODE_11369_length_820_cov_12.830791	313	393	0	80	80	1.0000000
NODE_11369_length_820_cov_12.830791	366	446	0	80	80	1.0000000
NODE_11370_length_820_cov_12.768377	366	443	1	3	77	0.0389610
NODE_11370_length_820_cov_12.768377	366	443	3	8	77	0.1038961
NODE_11370_length_820_cov_12.768377	366	443	4	22	77	0.2857143
NODE_11370_length_820_cov_12.768377	366	443	5	3	77	0.0389610
NODE_11370_length_820_cov_12.768377	366	443	6	7	77	0.0909091
NODE_11370_length_820_cov_12.768377	366	443	7	34	77	0.4415585
NODE_11370_length_820_cov_12.768377	496	525	2	29	29	1.0000000
NODE_11371_length_820_cov_12.223301	452	519	0	67	67	1.0000000
NODE_11371_length_820_cov_12.223301	492	572	0	80	80	1.0000000
NODE_11396_length_819_cov_43.027778	403	483	0	80	80	1.0000000
NODE_11396_length_819_cov_43.027778	456	536	0	80	80	1.0000000
NODE_11396_length_819_cov_43.027778	532	612	0	16	80	0.2000000
NODE_11396_length_819_cov_43.027778	532	612	3	25	80	0.3125000
NODE_11396_length_819_cov_43.027778	532	612	6	39	80	0.4875000
NODE_11396_length_819_cov_43.027778	585	665	6	80	80	1.0000000
NODE_11397_length_819_cov_42.758333	391	471	0	54	80	0.6750000
NODE_11397_length_819_cov_42.758333	391	471	4	26	80	0.3250000
NODE_11397_length_819_cov_42.758333	444	524	0	1	80	0.0125000
NODE_11397_length_819_cov_42.758333	444	524	4	79	80	0.9875000
NODE_11398_length_819_cov_41.341667	86	166	0	39	80	0.4875000
NODE_11398_length_819_cov_41.341667	86	166	1	1	80	0.0125000
NODE_11398_length_819_cov_41.341667	86	166	5	1	80	0.0125000
NODE_11398_length_819_cov_41.341667	86	166	6	39	80	0.4875000
NODE_11398_length_819_cov_41.341667	139	219	0	80	80	1.0000000
NODE_11398_length_819_cov_41.341667	215	295	0	80	80	1.0000000
NODE_11398_length_819_cov_41.341667	268	348	0	80	80	1.0000000
NODE_11399_length_819_cov_23.656944	335	415	2	80	80	1.0000000
NODE_11399_length_819_cov_23.656944	388	468	0	25	80	0.3125000
NODE_11399_length_819_cov_23.656944	388	468	2	55	80	0.6875000
NODE_11400_length_819_cov_20.633333	475	555	3	6	80	0.0750000
NODE_11400_length_819_cov_20.633333	475	555	4	12	80	0.1500000
NODE_11400_length_819_cov_20.633333	475	555	5	11	80	0.1375000
NODE_11400_length_819_cov_20.633333	475	555	9	1	80	0.0125000
NODE_11400_length_819_cov_20.633333	475	555	10	6	80	0.0750000
NODE_11400_length_819_cov_20.633333	475	555	14	7	80	0.0875000
NODE_11400_length_819_cov_20.633333	475	555	16	37	80	0.4625000
NODE_11400_length_819_cov_20.633333	528	608	1	2	80	0.0250000
NODE_11400_length_819_cov_20.633333	528	608	2	35	80	0.4375000
NODE_11400_length_819_cov_20.633333	528	608	3	22	80	0.2750000
NODE_11400_length_819_cov_20.633333	528	608	4	10	80	0.1250000
NODE_11400_length_819_cov_20.633333	528	608	5	11	80	0.1375000
NODE_11401_length_819_cov_18.941667	307	387	0	8	80	0.1000000
NODE_11401_length_819_cov_18.941667	307	387	2	4	80	0.0500000
NODE_11401_length_819_cov_18.941667	307	387	4	68	80	0.8500000
NODE_11401_length_819_cov_18.941667	360	440	0	61	80	0.7625000
NODE_11401_length_819_cov_18.941667	360	440	2	4	80	0.0500000
NODE_11401_length_819_cov_18.941667	360	440	4	15	80	0.1875000
NODE_11401_length_819_cov_18.941667	436	516	0	15	80	0.1875000
NODE_11401_length_819_cov_18.941667	436	516	2	65	80	0.8125000
NODE_11401_length_819_cov_18.941667	489	569	0	23	80	0.2875000
NODE_11401_length_819_cov_18.941667	489	569	2	57	80	0.7125000
NODE_11402_length_819_cov_12.225000	431	511	0	80	80	1.0000000
NODE_11402_length_819_cov_12.225000	484	564	0	80	80	1.0000000
NODE_11403_length_819_cov_11.562500	273	353	4	80	80	1.0000000
NODE_11403_length_819_cov_11.562500	326	406	0	2	80	0.0250000
NODE_11403_length_819_cov_11.562500	326	406	2	1	80	0.0125000
NODE_11403_length_819_cov_11.562500	326	406	4	77	80	0.9625000
NODE_11404_length_819_cov_8.905556	477	557	0	80	80	1.0000000
NODE_11404_length_819_cov_8.905556	530	610	0	80	80	1.0000000
NODE_11405_length_819_cov_5.675000	232	312	0	80	80	1.0000000
NODE_11405_length_819_cov_5.675000	285	365	0	80	80	1.0000000
NODE_11431_length_818_cov_21.979138	342	422	2	5	80	0.0625000
NODE_11431_length_818_cov_21.979138	342	422	14	22	80	0.2750000
NODE_11431_length_818_cov_21.979138	342	422	16	38	80	0.4750000
NODE_11431_length_818_cov_21.979138	342	422	18	15	80	0.1875000
NODE_11431_length_818_cov_21.979138	395	475	11	2	80	0.0250000
NODE_11431_length_818_cov_21.979138	395	475	15	6	80	0.0750000
NODE_11431_length_818_cov_21.979138	395	475	16	72	80	0.9000000
NODE_11432_length_818_cov_15.326843	334	414	0	80	80	1.0000000
NODE_11432_length_818_cov_15.326843	387	467	0	80	80	1.0000000
NODE_11433_length_818_cov_14.880389	392	472	0	45	80	0.5625000
NODE_11433_length_818_cov_14.880389	392	472	2	35	80	0.4375000
NODE_11433_length_818_cov_14.880389	445	525	0	80	80	1.0000000
NODE_11434_length_818_cov_12.369958	390	470	0	2	80	0.0250000
NODE_11434_length_818_cov_12.369958	390	470	2	4	80	0.0500000
NODE_11434_length_818_cov_12.369958	390	470	4	74	80	0.9250000
NODE_11434_length_818_cov_12.369958	443	523	0	28	80	0.3500000
NODE_11434_length_818_cov_12.369958	443	523	2	2	80	0.0250000
NODE_11434_length_818_cov_12.369958	443	523	4	50	80	0.6250000
NODE_11436_length_818_cov_8.421419	370	450	0	80	80	1.0000000
NODE_11436_length_818_cov_8.421419	423	503	0	80	80	1.0000000
NODE_11437_length_818_cov_6.439499	706	741	0	34	35	0.9714286
NODE_11437_length_818_cov_6.439499	706	741	2	1	35	0.0285714
NODE_11439_length_818_cov_4.098748	320	390	0	70	70	1.0000000
NODE_11439_length_818_cov_4.098748	416	472	0	56	56	1.0000000
NODE_11457_length_817_cov_7.238162	494	574	0	80	80	1.0000000
NODE_11457_length_817_cov_7.238162	547	627	0	80	80	1.0000000
NODE_11458_length_817_cov_5.789694	400	480	0	80	80	1.0000000
NODE_11458_length_817_cov_5.789694	476	555	0	79	79	1.0000000
NODE_11458_length_817_cov_5.789694	528	608	0	80	80	1.0000000
NODE_11462_length_817_cov_4.357939	433	513	0	80	80	1.0000000
NODE_11462_length_817_cov_4.357939	486	566	0	80	80	1.0000000
NODE_11486_length_817_cov_0.692201	626	696	11	4	70	0.0571429
NODE_11486_length_817_cov_0.692201	626	696	12	1	70	0.0142857
NODE_11486_length_817_cov_0.692201	626	696	13	1	70	0.0142857
NODE_11486_length_817_cov_0.692201	626	696	14	30	70	0.4285714
NODE_11486_length_817_cov_0.692201	626	696	16	34	70	0.4857143
NODE_11488_length_816_cov_69.800558	395	475	0	30	80	0.3750000
NODE_11488_length_816_cov_69.800558	395	475	14	34	80	0.4250000
NODE_11488_length_816_cov_69.800558	395	475	28	8	80	0.1000000
NODE_11488_length_816_cov_69.800558	395	475	32	8	80	0.1000000
NODE_11488_length_816_cov_69.800558	448	520	14	11	72	0.1527778
NODE_11488_length_816_cov_69.800558	448	520	28	8	72	0.1111111
NODE_11488_length_816_cov_69.800558	448	520	32	53	72	0.7361111
NODE_11489_length_816_cov_19.044630	77	154	0	51	77	0.6623377
NODE_11489_length_816_cov_19.044630	77	154	4	26	77	0.3376623
NODE_11489_length_816_cov_19.044630	130	212	4	37	82	0.4512195
NODE_11489_length_816_cov_19.044630	130	212	6	45	82	0.5487805
NODE_11490_length_816_cov_16.418410	381	461	0	80	80	1.0000000
NODE_11490_length_816_cov_16.418410	434	514	0	80	80	1.0000000
NODE_11491_length_816_cov_15.945607	319	399	0	80	80	1.0000000
NODE_11491_length_816_cov_15.945607	372	452	0	80	80	1.0000000
NODE_11492_length_816_cov_12.797768	358	438	0	80	80	1.0000000
NODE_11492_length_816_cov_12.797768	411	491	0	80	80	1.0000000
NODE_11493_length_816_cov_12.086471	242	322	2	80	80	1.0000000
NODE_11493_length_816_cov_12.086471	295	375	0	18	80	0.2250000
NODE_11493_length_816_cov_12.086471	295	375	1	3	80	0.0375000
NODE_11493_length_816_cov_12.086471	295	375	2	59	80	0.7375000
NODE_11495_length_816_cov_3.873082	412	492	2	80	80	1.0000000
NODE_11495_length_816_cov_3.873082	465	545	0	10	80	0.1250000
NODE_11495_length_816_cov_3.873082	465	545	2	70	80	0.8750000
NODE_11516_length_815_cov_48.090782	334	414	0	80	80	1.0000000
NODE_11516_length_815_cov_48.090782	387	467	0	80	80	1.0000000
NODE_11517_length_815_cov_27.748603	290	370	0	29	80	0.3625000
NODE_11517_length_815_cov_27.748603	290	370	9	4	80	0.0500000
NODE_11517_length_815_cov_27.748603	290	370	11	19	80	0.2375000
NODE_11517_length_815_cov_27.748603	290	370	12	28	80	0.3500000
NODE_11517_length_815_cov_27.748603	343	423	9	17	80	0.2125000
NODE_11517_length_815_cov_27.748603	343	423	11	42	80	0.5250000
NODE_11517_length_815_cov_27.748603	343	423	12	21	80	0.2625000
NODE_11518_length_815_cov_23.748603	429	509	0	17	80	0.2125000
NODE_11518_length_815_cov_23.748603	429	509	4	63	80	0.7875000
NODE_11518_length_815_cov_23.748603	482	562	0	17	80	0.2125000
NODE_11518_length_815_cov_23.748603	482	562	4	63	80	0.7875000
NODE_11519_length_815_cov_14.870112	318	398	0	5	80	0.0625000
NODE_11519_length_815_cov_14.870112	318	398	2	75	80	0.9375000
NODE_11519_length_815_cov_14.870112	371	451	0	58	80	0.7250000
NODE_11519_length_815_cov_14.870112	371	451	2	22	80	0.2750000
NODE_11520_length_815_cov_13.317039	338	418	4	62	80	0.7750000
NODE_11520_length_815_cov_13.317039	338	418	6	18	80	0.2250000
NODE_11520_length_815_cov_13.317039	391	471	0	48	80	0.6000000
NODE_11520_length_815_cov_13.317039	391	471	4	32	80	0.4000000
NODE_11521_length_815_cov_12.270950	315	395	0	80	80	1.0000000
NODE_11521_length_815_cov_12.270950	368	448	0	35	80	0.4375000
NODE_11521_length_815_cov_12.270950	368	448	2	45	80	0.5625000
NODE_11522_length_815_cov_9.304469	150	230	0	10	80	0.1250000
NODE_11522_length_815_cov_9.304469	150	230	6	70	80	0.8750000
NODE_11522_length_815_cov_9.304469	203	283	0	63	80	0.7875000
NODE_11522_length_815_cov_9.304469	203	283	6	17	80	0.2125000
NODE_11524_length_815_cov_8.117318	437	517	0	31	80	0.3875000
NODE_11524_length_815_cov_8.117318	437	517	2	49	80	0.6125000
NODE_11524_length_815_cov_8.117318	490	570	0	31	80	0.3875000
NODE_11524_length_815_cov_8.117318	490	570	2	49	80	0.6125000
NODE_11530_length_815_cov_3.963687	275	355	0	39	80	0.4875000
NODE_11530_length_815_cov_3.963687	275	355	1	16	80	0.2000000
NODE_11530_length_815_cov_3.963687	275	355	2	25	80	0.3125000
NODE_11530_length_815_cov_3.963687	328	408	0	80	80	1.0000000
NODE_11532_length_815_cov_2.976257	441	508	4	67	67	1.0000000
NODE_11554_length_814_cov_55.545455	304	384	6	4	80	0.0500000
NODE_11554_length_814_cov_55.545455	304	384	8	76	80	0.9500000
NODE_11554_length_814_cov_55.545455	357	437	0	16	80	0.2000000
NODE_11554_length_814_cov_55.545455	357	437	4	1	80	0.0125000
NODE_11554_length_814_cov_55.545455	357	437	5	7	80	0.0875000
NODE_11554_length_814_cov_55.545455	357	437	8	56	80	0.7000000
NODE_11554_length_814_cov_55.545455	517	559	0	42	42	1.0000000
NODE_11554_length_814_cov_55.545455	724	804	4	2	80	0.0250000
NODE_11554_length_814_cov_55.545455	724	804	5	3	80	0.0375000
NODE_11554_length_814_cov_55.545455	724	804	14	1	80	0.0125000
NODE_11554_length_814_cov_55.545455	724	804	15	8	80	0.1000000
NODE_11554_length_814_cov_55.545455	724	804	16	2	80	0.0250000
NODE_11554_length_814_cov_55.545455	724	804	17	2	80	0.0250000
NODE_11554_length_814_cov_55.545455	724	804	18	1	80	0.0125000
NODE_11554_length_814_cov_55.545455	724	804	20	1	80	0.0125000
NODE_11554_length_814_cov_55.545455	724	804	21	11	80	0.1375000
NODE_11554_length_814_cov_55.545455	724	804	22	49	80	0.6125000
NODE_11555_length_814_cov_32.216783	317	397	0	80	80	1.0000000
NODE_11555_length_814_cov_32.216783	370	450	0	80	80	1.0000000
NODE_11556_length_814_cov_19.507692	174	254	6	80	80	1.0000000
NODE_11556_length_814_cov_19.507692	227	307	0	52	80	0.6500000
NODE_11556_length_814_cov_19.507692	227	307	6	28	80	0.3500000
NODE_11556_length_814_cov_19.507692	303	383	0	24	80	0.3000000
NODE_11556_length_814_cov_19.507692	303	383	1	38	80	0.4750000
NODE_11556_length_814_cov_19.507692	303	383	2	18	80	0.2250000
NODE_11556_length_814_cov_19.507692	356	436	1	9	80	0.1125000
NODE_11556_length_814_cov_19.507692	356	436	2	46	80	0.5750000
NODE_11556_length_814_cov_19.507692	356	436	3	25	80	0.3125000
NODE_11557_length_814_cov_18.579021	433	513	0	80	80	1.0000000
NODE_11557_length_814_cov_18.579021	486	566	0	80	80	1.0000000
NODE_11558_length_814_cov_17.183217	339	419	0	38	80	0.4750000
NODE_11558_length_814_cov_17.183217	339	419	1	19	80	0.2375000
NODE_11558_length_814_cov_17.183217	339	419	2	23	80	0.2875000
NODE_11558_length_814_cov_17.183217	392	472	1	4	80	0.0500000
NODE_11558_length_814_cov_17.183217	392	472	2	76	80	0.9500000
NODE_11559_length_814_cov_15.306294	238	318	0	48	80	0.6000000
NODE_11559_length_814_cov_15.306294	238	318	2	32	80	0.4000000
NODE_11559_length_814_cov_15.306294	291	371	2	80	80	1.0000000
NODE_11560_length_814_cov_11.511888	397	477	0	80	80	1.0000000
NODE_11560_length_814_cov_11.511888	459	530	0	71	71	1.0000000
NODE_11561_length_814_cov_10.395804	305	385	0	44	80	0.5500000
NODE_11561_length_814_cov_10.395804	305	385	2	36	80	0.4500000
NODE_11561_length_814_cov_10.395804	358	438	2	80	80	1.0000000
NODE_11562_length_814_cov_9.692308	347	427	0	80	80	1.0000000
NODE_11562_length_814_cov_9.692308	400	480	0	80	80	1.0000000
NODE_11564_length_814_cov_9.274126	245	325	2	60	80	0.7500000
NODE_11564_length_814_cov_9.274126	245	325	4	20	80	0.2500000
NODE_11564_length_814_cov_9.274126	298	378	2	57	80	0.7125000
NODE_11564_length_814_cov_9.274126	298	378	4	23	80	0.2875000
NODE_11565_length_814_cov_8.973427	271	351	0	30	80	0.3750000
NODE_11565_length_814_cov_8.973427	271	351	4	50	80	0.6250000
NODE_11565_length_814_cov_8.973427	324	404	0	10	80	0.1250000
NODE_11565_length_814_cov_8.973427	324	404	4	70	80	0.8750000
NODE_11573_length_814_cov_2.145455	273	327	0	11	54	0.2037037
NODE_11573_length_814_cov_2.145455	273	327	2	43	54	0.7962963
NODE_11573_length_814_cov_2.145455	307	371	0	55	64	0.8593750
NODE_11573_length_814_cov_2.145455	307	371	2	9	64	0.1406250
NODE_11587_length_813_cov_39.228291	225	305	0	8	80	0.1000000
NODE_11587_length_813_cov_39.228291	225	305	4	19	80	0.2375000
NODE_11587_length_813_cov_39.228291	225	305	6	53	80	0.6625000
NODE_11587_length_813_cov_39.228291	278	358	4	26	80	0.3250000
NODE_11587_length_813_cov_39.228291	278	358	6	54	80	0.6750000
NODE_11588_length_813_cov_36.570028	406	486	2	25	80	0.3125000
NODE_11588_length_813_cov_36.570028	406	486	4	55	80	0.6875000
NODE_11588_length_813_cov_36.570028	459	539	0	47	80	0.5875000
NODE_11588_length_813_cov_36.570028	459	539	2	31	80	0.3875000
NODE_11588_length_813_cov_36.570028	459	539	4	2	80	0.0250000
NODE_11589_length_813_cov_26.718487	209	289	0	56	80	0.7000000
NODE_11589_length_813_cov_26.718487	209	289	4	24	80	0.3000000
NODE_11589_length_813_cov_26.718487	262	342	0	3	80	0.0375000
NODE_11589_length_813_cov_26.718487	262	342	4	77	80	0.9625000
NODE_11590_length_813_cov_17.537815	335	415	0	80	80	1.0000000
NODE_11590_length_813_cov_17.537815	388	468	0	80	80	1.0000000
NODE_11591_length_813_cov_14.243697	279	359	0	80	80	1.0000000
NODE_11591_length_813_cov_14.243697	332	412	0	80	80	1.0000000
NODE_11592_length_813_cov_13.984594	307	387	6	14	80	0.1750000
NODE_11592_length_813_cov_13.984594	307	387	8	66	80	0.8250000
NODE_11592_length_813_cov_13.984594	360	440	0	11	80	0.1375000
NODE_11592_length_813_cov_13.984594	360	440	4	40	80	0.5000000
NODE_11592_length_813_cov_13.984594	360	440	6	12	80	0.1500000
NODE_11592_length_813_cov_13.984594	360	440	8	17	80	0.2125000
NODE_11593_length_813_cov_13.242297	336	416	2	52	80	0.6500000
NODE_11593_length_813_cov_13.242297	336	416	4	28	80	0.3500000
NODE_11593_length_813_cov_13.242297	389	469	3	26	80	0.3250000
NODE_11593_length_813_cov_13.242297	389	469	4	54	80	0.6750000
NODE_11594_length_813_cov_11.985994	374	454	0	61	80	0.7625000
NODE_11594_length_813_cov_11.985994	374	454	2	19	80	0.2375000
NODE_11594_length_813_cov_11.985994	427	507	0	8	80	0.1000000
NODE_11594_length_813_cov_11.985994	427	507	2	72	80	0.9000000
NODE_11595_length_813_cov_11.668067	279	359	0	80	80	1.0000000
NODE_11595_length_813_cov_11.668067	332	412	0	80	80	1.0000000
NODE_11596_length_813_cov_8.149860	538	618	0	14	80	0.1750000
NODE_11596_length_813_cov_8.149860	538	618	6	66	80	0.8250000
NODE_11596_length_813_cov_8.149860	591	671	0	15	80	0.1875000
NODE_11596_length_813_cov_8.149860	591	671	6	65	80	0.8125000
NODE_11597_length_813_cov_7.098039	234	314	0	80	80	1.0000000
NODE_11597_length_813_cov_7.098039	287	367	0	80	80	1.0000000
NODE_11613_length_812_cov_45.183731	435	515	0	22	80	0.2750000
NODE_11613_length_812_cov_45.183731	435	515	2	14	80	0.1750000
NODE_11613_length_812_cov_45.183731	435	515	6	44	80	0.5500000
NODE_11613_length_812_cov_45.183731	488	568	0	6	80	0.0750000
NODE_11613_length_812_cov_45.183731	488	568	4	4	80	0.0500000
NODE_11613_length_812_cov_45.183731	488	568	6	70	80	0.8750000
NODE_11614_length_812_cov_23.862553	386	466	0	34	80	0.4250000
NODE_11614_length_812_cov_23.862553	386	466	8	46	80	0.5750000
NODE_11614_length_812_cov_23.862553	439	519	8	80	80	1.0000000
NODE_11615_length_812_cov_23.516129	295	375	4	80	80	1.0000000
NODE_11615_length_812_cov_23.516129	348	428	0	39	80	0.4875000
NODE_11615_length_812_cov_23.516129	348	428	4	41	80	0.5125000
NODE_11616_length_812_cov_15.577840	509	589	2	25	80	0.3125000
NODE_11616_length_812_cov_15.577840	509	589	4	55	80	0.6875000
NODE_11616_length_812_cov_15.577840	562	644	0	38	82	0.4634146
NODE_11616_length_812_cov_15.577840	562	644	2	42	82	0.5121951
NODE_11616_length_812_cov_15.577840	562	644	4	2	82	0.0243902
NODE_11617_length_812_cov_13.277700	257	331	0	74	74	1.0000000
NODE_11617_length_812_cov_13.277700	304	384	0	80	80	1.0000000
NODE_11619_length_812_cov_6.697055	309	389	1	9	80	0.1125000
NODE_11619_length_812_cov_6.697055	309	389	2	71	80	0.8875000
NODE_11619_length_812_cov_6.697055	362	442	1	2	80	0.0250000
NODE_11619_length_812_cov_6.697055	362	442	2	78	80	0.9750000
NODE_11642_length_811_cov_65.762640	418	492	26	5	74	0.0675676
NODE_11642_length_811_cov_65.762640	418	492	27	5	74	0.0675676
NODE_11642_length_811_cov_65.762640	418	492	28	20	74	0.2702703
NODE_11642_length_811_cov_65.762640	418	492	29	1	74	0.0135135
NODE_11642_length_811_cov_65.762640	418	492	31	4	74	0.0540541
NODE_11642_length_811_cov_65.762640	418	492	32	1	74	0.0135135
NODE_11642_length_811_cov_65.762640	418	492	33	8	74	0.1081081
NODE_11642_length_811_cov_65.762640	418	492	36	2	74	0.0270270
NODE_11642_length_811_cov_65.762640	418	492	37	1	74	0.0135135
NODE_11642_length_811_cov_65.762640	418	492	38	12	74	0.1621622
NODE_11642_length_811_cov_65.762640	418	492	40	2	74	0.0270270
NODE_11642_length_811_cov_65.762640	418	492	41	13	74	0.1756757
NODE_11642_length_811_cov_65.762640	471	545	12	11	74	0.1486486
NODE_11642_length_811_cov_65.762640	471	545	14	3	74	0.0405405
NODE_11642_length_811_cov_65.762640	471	545	18	10	74	0.1351351
NODE_11642_length_811_cov_65.762640	471	545	20	15	74	0.2027027
NODE_11642_length_811_cov_65.762640	471	545	24	12	74	0.1621622
NODE_11642_length_811_cov_65.762640	471	545	29	3	74	0.0405405
NODE_11642_length_811_cov_65.762640	471	545	32	1	74	0.0135135
NODE_11642_length_811_cov_65.762640	471	545	33	8	74	0.1081081
NODE_11642_length_811_cov_65.762640	471	545	36	2	74	0.0270270
NODE_11642_length_811_cov_65.762640	471	545	37	1	74	0.0135135
NODE_11642_length_811_cov_65.762640	471	545	38	8	74	0.1081081
NODE_11643_length_811_cov_62.933989	457	537	6	1	80	0.0125000
NODE_11643_length_811_cov_62.933989	457	537	7	2	80	0.0250000
NODE_11643_length_811_cov_62.933989	457	537	9	2	80	0.0250000
NODE_11643_length_811_cov_62.933989	457	537	12	54	80	0.6750000
NODE_11643_length_811_cov_62.933989	457	537	13	19	80	0.2375000
NODE_11643_length_811_cov_62.933989	457	537	15	2	80	0.0250000
NODE_11643_length_811_cov_62.933989	510	590	7	4	80	0.0500000
NODE_11643_length_811_cov_62.933989	510	590	8	51	80	0.6375000
NODE_11643_length_811_cov_62.933989	510	590	9	2	80	0.0250000
NODE_11643_length_811_cov_62.933989	510	590	12	2	80	0.0250000
NODE_11643_length_811_cov_62.933989	510	590	13	19	80	0.2375000
NODE_11643_length_811_cov_62.933989	510	590	15	2	80	0.0250000
NODE_11644_length_811_cov_26.401685	397	477	2	28	80	0.3500000
NODE_11644_length_811_cov_26.401685	397	477	4	52	80	0.6500000
NODE_11644_length_811_cov_26.401685	450	530	0	22	80	0.2750000
NODE_11644_length_811_cov_26.401685	450	530	1	1	80	0.0125000
NODE_11644_length_811_cov_26.401685	450	530	2	41	80	0.5125000
NODE_11644_length_811_cov_26.401685	450	530	4	16	80	0.2000000
NODE_11645_length_811_cov_23.009831	189	269	8	15	80	0.1875000
NODE_11645_length_811_cov_23.009831	189	269	12	65	80	0.8125000
NODE_11645_length_811_cov_23.009831	242	322	0	25	80	0.3125000
NODE_11645_length_811_cov_23.009831	242	322	8	43	80	0.5375000
NODE_11645_length_811_cov_23.009831	242	322	12	12	80	0.1500000
NODE_11646_length_811_cov_20.523876	375	455	11	43	80	0.5375000
NODE_11646_length_811_cov_20.523876	375	455	12	37	80	0.4625000
NODE_11646_length_811_cov_20.523876	428	508	8	12	80	0.1500000
NODE_11646_length_811_cov_20.523876	428	508	11	38	80	0.4750000
NODE_11646_length_811_cov_20.523876	428	508	12	3	80	0.0375000
NODE_11646_length_811_cov_20.523876	428	508	13	27	80	0.3375000
NODE_11647_length_811_cov_17.386236	421	501	4	14	80	0.1750000
NODE_11647_length_811_cov_17.386236	421	501	11	1	80	0.0125000
NODE_11647_length_811_cov_17.386236	421	501	12	65	80	0.8125000
NODE_11647_length_811_cov_17.386236	474	554	10	22	80	0.2750000
NODE_11647_length_811_cov_17.386236	474	554	12	58	80	0.7250000
NODE_11648_length_811_cov_15.279494	368	448	0	80	80	1.0000000
NODE_11648_length_811_cov_15.279494	421	502	0	81	81	1.0000000
NODE_11649_length_811_cov_14.543539	222	302	2	13	80	0.1625000
NODE_11649_length_811_cov_14.543539	222	302	4	67	80	0.8375000
NODE_11649_length_811_cov_14.543539	275	355	0	37	80	0.4625000
NODE_11649_length_811_cov_14.543539	275	355	2	29	80	0.3625000
NODE_11649_length_811_cov_14.543539	275	355	4	14	80	0.1750000
NODE_11650_length_811_cov_12.196629	402	482	0	80	80	1.0000000
NODE_11650_length_811_cov_12.196629	455	535	0	80	80	1.0000000
NODE_11651_length_811_cov_12.117978	289	369	0	80	80	1.0000000
NODE_11651_length_811_cov_12.117978	342	422	0	80	80	1.0000000
NODE_11652_length_811_cov_11.886236	330	410	0	1	80	0.0125000
NODE_11652_length_811_cov_11.886236	330	410	2	79	80	0.9875000
NODE_11652_length_811_cov_11.886236	383	463	0	40	80	0.5000000
NODE_11652_length_811_cov_11.886236	383	463	2	40	80	0.5000000
NODE_11653_length_811_cov_10.602528	342	422	2	6	80	0.0750000
NODE_11653_length_811_cov_10.602528	342	422	4	74	80	0.9250000
NODE_11653_length_811_cov_10.602528	395	461	0	12	66	0.1818182
NODE_11653_length_811_cov_10.602528	395	461	2	18	66	0.2727273
NODE_11653_length_811_cov_10.602528	395	461	4	36	66	0.5454546
NODE_11653_length_811_cov_10.602528	452	519	0	67	67	1.0000000
NODE_11653_length_811_cov_10.602528	492	572	0	80	80	1.0000000
NODE_11654_length_811_cov_7.539326	324	404	0	80	80	1.0000000
NODE_11654_length_811_cov_7.539326	377	457	0	80	80	1.0000000
NODE_11655_length_811_cov_6.398876	419	499	0	25	80	0.3125000
NODE_11655_length_811_cov_6.398876	419	499	2	12	80	0.1500000
NODE_11655_length_811_cov_6.398876	419	499	6	43	80	0.5375000
NODE_11655_length_811_cov_6.398876	472	552	4	22	80	0.2750000
NODE_11655_length_811_cov_6.398876	472	552	6	58	80	0.7250000
NODE_11657_length_811_cov_5.939607	496	527	8	4	31	0.1290323
NODE_11657_length_811_cov_5.939607	496	527	9	27	31	0.8709677
NODE_11657_length_811_cov_5.939607	528	603	5	9	75	0.1200000
NODE_11657_length_811_cov_5.939607	528	603	7	61	75	0.8133333
NODE_11657_length_811_cov_5.939607	528	603	8	5	75	0.0666667
NODE_11669_length_811_cov_1.501404	645	676	0	31	31	1.0000000
NODE_11684_length_810_cov_42.358650	484	564	15	7	80	0.0875000
NODE_11684_length_810_cov_42.358650	484	564	21	7	80	0.0875000
NODE_11684_length_810_cov_42.358650	484	564	22	4	80	0.0500000
NODE_11684_length_810_cov_42.358650	484	564	24	1	80	0.0125000
NODE_11684_length_810_cov_42.358650	484	564	29	4	80	0.0500000
NODE_11684_length_810_cov_42.358650	484	564	30	3	80	0.0375000
NODE_11684_length_810_cov_42.358650	484	564	34	7	80	0.0875000
NODE_11684_length_810_cov_42.358650	484	564	36	22	80	0.2750000
NODE_11684_length_810_cov_42.358650	484	564	37	22	80	0.2750000
NODE_11684_length_810_cov_42.358650	484	564	38	3	80	0.0375000
NODE_11684_length_810_cov_42.358650	537	617	11	2	80	0.0250000
NODE_11684_length_810_cov_42.358650	537	617	12	2	80	0.0250000
NODE_11684_length_810_cov_42.358650	537	617	14	2	80	0.0250000
NODE_11684_length_810_cov_42.358650	537	617	15	54	80	0.6750000
NODE_11684_length_810_cov_42.358650	537	617	21	7	80	0.0875000
NODE_11684_length_810_cov_42.358650	537	617	22	4	80	0.0500000
NODE_11684_length_810_cov_42.358650	537	617	24	1	80	0.0125000
NODE_11684_length_810_cov_42.358650	537	617	29	4	80	0.0500000
NODE_11684_length_810_cov_42.358650	537	617	30	3	80	0.0375000
NODE_11684_length_810_cov_42.358650	537	617	37	1	80	0.0125000
NODE_11685_length_810_cov_38.604782	370	450	15	3	80	0.0375000
NODE_11685_length_810_cov_38.604782	370	450	30	77	80	0.9625000
NODE_11685_length_810_cov_38.604782	423	499	23	3	76	0.0394737
NODE_11685_length_810_cov_38.604782	423	499	26	13	76	0.1710526
NODE_11685_length_810_cov_38.604782	423	499	27	5	76	0.0657895
NODE_11685_length_810_cov_38.604782	423	499	28	10	76	0.1315790
NODE_11685_length_810_cov_38.604782	423	499	29	3	76	0.0394737
NODE_11685_length_810_cov_38.604782	423	499	30	42	76	0.5526316
NODE_11686_length_810_cov_20.354430	338	418	0	80	80	1.0000000
NODE_11686_length_810_cov_20.354430	391	471	0	80	80	1.0000000
NODE_11688_length_810_cov_12.367089	144	224	2	80	80	1.0000000
NODE_11688_length_810_cov_12.367089	197	277	0	19	80	0.2375000
NODE_11688_length_810_cov_12.367089	197	277	2	61	80	0.7625000
NODE_11689_length_810_cov_8.886076	333	399	0	66	66	1.0000000
NODE_11690_length_810_cov_8.291139	446	526	0	18	80	0.2250000
NODE_11690_length_810_cov_8.291139	446	526	4	62	80	0.7750000
NODE_11690_length_810_cov_8.291139	499	579	4	80	80	1.0000000
NODE_11692_length_810_cov_7.213783	335	406	0	71	71	1.0000000
NODE_11692_length_810_cov_7.213783	335	416	0	81	81	1.0000000
NODE_11692_length_810_cov_7.213783	379	459	0	80	80	1.0000000
NODE_11714_length_809_cov_40.536620	428	500	0	14	72	0.1944444
NODE_11714_length_809_cov_40.536620	428	500	2	38	72	0.5277778
NODE_11714_length_809_cov_40.536620	428	500	4	20	72	0.2777778
NODE_11714_length_809_cov_40.536620	473	553	0	10	80	0.1250000
NODE_11714_length_809_cov_40.536620	473	553	2	20	80	0.2500000
NODE_11714_length_809_cov_40.536620	473	553	4	50	80	0.6250000
NODE_11715_length_809_cov_15.871831	385	465	0	53	80	0.6625000
NODE_11715_length_809_cov_15.871831	385	465	2	27	80	0.3375000
NODE_11715_length_809_cov_15.871831	402	465	0	36	63	0.5714286
NODE_11715_length_809_cov_15.871831	402	465	2	27	63	0.4285714
NODE_11715_length_809_cov_15.871831	438	518	2	80	80	1.0000000
NODE_11715_length_809_cov_15.871831	438	518	2	80	80	1.0000000
NODE_11716_length_809_cov_15.019718	286	366	0	80	80	1.0000000
NODE_11716_length_809_cov_15.019718	339	419	0	80	80	1.0000000
NODE_11718_length_809_cov_4.483099	244	324	0	80	80	1.0000000
NODE_11718_length_809_cov_4.483099	278	324	0	46	46	1.0000000
NODE_11718_length_809_cov_4.483099	298	377	0	79	79	1.0000000
NODE_11718_length_809_cov_4.483099	308	377	0	69	69	1.0000000
NODE_11738_length_808_cov_45.023977	325	405	0	42	80	0.5250000
NODE_11738_length_808_cov_45.023977	325	405	2	38	80	0.4750000
NODE_11738_length_808_cov_45.023977	378	458	2	80	80	1.0000000
NODE_11739_length_808_cov_24.087447	287	367	2	12	80	0.1500000
NODE_11739_length_808_cov_24.087447	287	367	3	15	80	0.1875000
NODE_11739_length_808_cov_24.087447	287	367	4	53	80	0.6625000
NODE_11739_length_808_cov_24.087447	340	420	2	23	80	0.2875000
NODE_11739_length_808_cov_24.087447	340	420	4	57	80	0.7125000
NODE_11740_length_808_cov_21.867419	324	404	0	11	80	0.1375000
NODE_11740_length_808_cov_21.867419	324	404	2	40	80	0.5000000
NODE_11740_length_808_cov_21.867419	324	404	6	29	80	0.3625000
NODE_11740_length_808_cov_21.867419	377	457	4	21	80	0.2625000
NODE_11740_length_808_cov_21.867419	377	457	6	59	80	0.7375000
NODE_11741_length_808_cov_16.289140	333	413	0	80	80	1.0000000
NODE_11741_length_808_cov_16.289140	386	466	0	80	80	1.0000000
NODE_11742_length_808_cov_14.489422	307	387	0	80	80	1.0000000
NODE_11742_length_808_cov_14.489422	360	440	0	80	80	1.0000000
NODE_11744_length_808_cov_10.507757	317	397	0	80	80	1.0000000
NODE_11744_length_808_cov_10.507757	370	450	0	80	80	1.0000000
NODE_11745_length_808_cov_10.066291	483	563	0	80	80	1.0000000
NODE_11745_length_808_cov_10.066291	536	616	0	80	80	1.0000000
NODE_11746_length_808_cov_7.581100	358	438	0	29	80	0.3625000
NODE_11746_length_808_cov_7.581100	358	438	6	51	80	0.6375000
NODE_11746_length_808_cov_7.581100	411	491	6	80	80	1.0000000
NODE_11756_length_808_cov_3.283498	471	551	0	80	80	1.0000000
NODE_11756_length_808_cov_3.283498	524	604	0	80	80	1.0000000
NODE_11783_length_807_cov_67.341808	2	25	51	1	23	0.0434783
NODE_11783_length_807_cov_67.341808	2	25	58	1	23	0.0434783
NODE_11783_length_807_cov_67.341808	2	25	63	1	23	0.0434783
NODE_11783_length_807_cov_67.341808	2	25	67	1	23	0.0434783
NODE_11783_length_807_cov_67.341808	2	25	70	1	23	0.0434783
NODE_11783_length_807_cov_67.341808	2	25	71	1	23	0.0434783
NODE_11783_length_807_cov_67.341808	2	25	79	1	23	0.0434783
NODE_11783_length_807_cov_67.341808	2	25	85	1	23	0.0434783
NODE_11783_length_807_cov_67.341808	2	25	101	1	23	0.0434783
NODE_11783_length_807_cov_67.341808	2	25	117	1	23	0.0434783
NODE_11783_length_807_cov_67.341808	2	25	121	1	23	0.0434783
NODE_11783_length_807_cov_67.341808	2	25	135	1	23	0.0434783
NODE_11783_length_807_cov_67.341808	2	25	140	1	23	0.0434783
NODE_11783_length_807_cov_67.341808	2	25	149	1	23	0.0434783
NODE_11783_length_807_cov_67.341808	2	25	154	1	23	0.0434783
NODE_11783_length_807_cov_67.341808	2	25	155	1	23	0.0434783
NODE_11783_length_807_cov_67.341808	2	25	156	1	23	0.0434783
NODE_11783_length_807_cov_67.341808	2	25	166	1	23	0.0434783
NODE_11783_length_807_cov_67.341808	2	25	172	1	23	0.0434783
NODE_11783_length_807_cov_67.341808	2	25	182	1	23	0.0434783
NODE_11783_length_807_cov_67.341808	2	25	189	1	23	0.0434783
NODE_11783_length_807_cov_67.341808	2	25	200	2	23	0.0869565
NODE_11783_length_807_cov_67.341808	339	370	169	1	31	0.0322581
NODE_11783_length_807_cov_67.341808	339	370	171	1	31	0.0322581
NODE_11783_length_807_cov_67.341808	339	370	175	1	31	0.0322581
NODE_11783_length_807_cov_67.341808	339	370	187	1	31	0.0322581
NODE_11783_length_807_cov_67.341808	339	370	188	1	31	0.0322581
NODE_11783_length_807_cov_67.341808	339	370	190	2	31	0.0645161
NODE_11783_length_807_cov_67.341808	339	370	194	1	31	0.0322581
NODE_11783_length_807_cov_67.341808	339	370	198	1	31	0.0322581
NODE_11783_length_807_cov_67.341808	339	370	202	2	31	0.0645161
NODE_11783_length_807_cov_67.341808	339	370	204	1	31	0.0322581
NODE_11783_length_807_cov_67.341808	339	370	208	1	31	0.0322581
NODE_11783_length_807_cov_67.341808	339	370	212	1	31	0.0322581
NODE_11783_length_807_cov_67.341808	339	370	224	1	31	0.0322581
NODE_11783_length_807_cov_67.341808	339	370	229	1	31	0.0322581
NODE_11783_length_807_cov_67.341808	339	370	248	1	31	0.0322581
NODE_11783_length_807_cov_67.341808	339	370	252	1	31	0.0322581
NODE_11783_length_807_cov_67.341808	339	370	254	1	31	0.0322581
NODE_11783_length_807_cov_67.341808	339	370	258	1	31	0.0322581
NODE_11783_length_807_cov_67.341808	339	370	260	1	31	0.0322581
NODE_11783_length_807_cov_67.341808	339	370	261	1	31	0.0322581
NODE_11783_length_807_cov_67.341808	339	370	264	1	31	0.0322581
NODE_11783_length_807_cov_67.341808	339	370	268	4	31	0.1290323
NODE_11783_length_807_cov_67.341808	339	370	269	1	31	0.0322581
NODE_11783_length_807_cov_67.341808	339	370	270	2	31	0.0645161
NODE_11783_length_807_cov_67.341808	339	370	271	1	31	0.0322581
NODE_11783_length_807_cov_67.341808	343	423	188	1	80	0.0125000
NODE_11783_length_807_cov_67.341808	343	423	190	2	80	0.0250000
NODE_11783_length_807_cov_67.341808	343	423	194	1	80	0.0125000
NODE_11783_length_807_cov_67.341808	343	423	198	1	80	0.0125000
NODE_11783_length_807_cov_67.341808	343	423	202	2	80	0.0250000
NODE_11783_length_807_cov_67.341808	343	423	204	1	80	0.0125000
NODE_11783_length_807_cov_67.341808	343	423	208	1	80	0.0125000
NODE_11783_length_807_cov_67.341808	343	423	212	1	80	0.0125000
NODE_11783_length_807_cov_67.341808	343	423	224	1	80	0.0125000
NODE_11783_length_807_cov_67.341808	343	423	229	1	80	0.0125000
NODE_11783_length_807_cov_67.341808	343	423	248	1	80	0.0125000
NODE_11783_length_807_cov_67.341808	343	423	252	1	80	0.0125000
NODE_11783_length_807_cov_67.341808	343	423	254	1	80	0.0125000
NODE_11783_length_807_cov_67.341808	343	423	258	1	80	0.0125000
NODE_11783_length_807_cov_67.341808	343	423	260	1	80	0.0125000
NODE_11783_length_807_cov_67.341808	343	423	261	1	80	0.0125000
NODE_11783_length_807_cov_67.341808	343	423	264	1	80	0.0125000
NODE_11783_length_807_cov_67.341808	343	423	268	4	80	0.0500000
NODE_11783_length_807_cov_67.341808	343	423	269	1	80	0.0125000
NODE_11783_length_807_cov_67.341808	343	423	270	4	80	0.0500000
NODE_11783_length_807_cov_67.341808	343	423	271	1	80	0.0125000
NODE_11783_length_807_cov_67.341808	343	423	272	8	80	0.1000000
NODE_11783_length_807_cov_67.341808	343	423	274	2	80	0.0250000
NODE_11783_length_807_cov_67.341808	343	423	276	1	80	0.0125000
NODE_11783_length_807_cov_67.341808	343	423	277	1	80	0.0125000
NODE_11783_length_807_cov_67.341808	343	423	287	1	80	0.0125000
NODE_11783_length_807_cov_67.341808	343	423	288	3	80	0.0375000
NODE_11783_length_807_cov_67.341808	343	423	291	2	80	0.0250000
NODE_11783_length_807_cov_67.341808	343	423	292	11	80	0.1375000
NODE_11783_length_807_cov_67.341808	343	423	293	1	80	0.0125000
NODE_11783_length_807_cov_67.341808	343	423	294	1	80	0.0125000
NODE_11783_length_807_cov_67.341808	343	423	295	5	80	0.0625000
NODE_11783_length_807_cov_67.341808	343	423	297	9	80	0.1125000
NODE_11783_length_807_cov_67.341808	343	423	298	1	80	0.0125000
NODE_11783_length_807_cov_67.341808	343	423	301	1	80	0.0125000
NODE_11783_length_807_cov_67.341808	343	423	302	1	80	0.0125000
NODE_11783_length_807_cov_67.341808	343	423	304	2	80	0.0250000
NODE_11783_length_807_cov_67.341808	343	423	307	1	80	0.0125000
NODE_11784_length_807_cov_54.980226	683	749	174	1	66	0.0151515
NODE_11784_length_807_cov_54.980226	683	749	188	4	66	0.0606061
NODE_11784_length_807_cov_54.980226	683	749	190	2	66	0.0303030
NODE_11784_length_807_cov_54.980226	683	749	192	2	66	0.0303030
NODE_11784_length_807_cov_54.980226	683	749	193	2	66	0.0303030
NODE_11784_length_807_cov_54.980226	683	749	196	1	66	0.0151515
NODE_11784_length_807_cov_54.980226	683	749	197	1	66	0.0151515
NODE_11784_length_807_cov_54.980226	683	749	200	2	66	0.0303030
NODE_11784_length_807_cov_54.980226	683	749	203	1	66	0.0151515
NODE_11784_length_807_cov_54.980226	683	749	204	5	66	0.0757576
NODE_11784_length_807_cov_54.980226	683	749	205	8	66	0.1212121
NODE_11784_length_807_cov_54.980226	683	749	206	2	66	0.0303030
NODE_11784_length_807_cov_54.980226	683	749	207	7	66	0.1060606
NODE_11784_length_807_cov_54.980226	683	749	209	3	66	0.0454545
NODE_11784_length_807_cov_54.980226	683	749	210	1	66	0.0151515
NODE_11784_length_807_cov_54.980226	683	749	211	2	66	0.0303030
NODE_11784_length_807_cov_54.980226	683	749	212	1	66	0.0151515
NODE_11784_length_807_cov_54.980226	683	749	214	8	66	0.1212121
NODE_11784_length_807_cov_54.980226	683	749	215	2	66	0.0303030
NODE_11784_length_807_cov_54.980226	683	749	216	3	66	0.0454545
NODE_11784_length_807_cov_54.980226	683	749	217	1	66	0.0151515
NODE_11784_length_807_cov_54.980226	683	749	218	4	66	0.0606061
NODE_11784_length_807_cov_54.980226	683	749	219	3	66	0.0454545
NODE_11784_length_807_cov_54.980226	727	802	61	1	75	0.0133333
NODE_11784_length_807_cov_54.980226	727	802	75	2	75	0.0266667
NODE_11784_length_807_cov_54.980226	727	802	77	2	75	0.0266667
NODE_11784_length_807_cov_54.980226	727	802	80	1	75	0.0133333
NODE_11784_length_807_cov_54.980226	727	802	81	1	75	0.0133333
NODE_11784_length_807_cov_54.980226	727	802	97	1	75	0.0133333
NODE_11784_length_807_cov_54.980226	727	802	104	1	75	0.0133333
NODE_11784_length_807_cov_54.980226	727	802	105	2	75	0.0266667
NODE_11784_length_807_cov_54.980226	727	802	107	1	75	0.0133333
NODE_11784_length_807_cov_54.980226	727	802	108	1	75	0.0133333
NODE_11784_length_807_cov_54.980226	727	802	110	1	75	0.0133333
NODE_11784_length_807_cov_54.980226	727	802	113	1	75	0.0133333
NODE_11784_length_807_cov_54.980226	727	802	115	1	75	0.0133333
NODE_11784_length_807_cov_54.980226	727	802	117	1	75	0.0133333
NODE_11784_length_807_cov_54.980226	727	802	121	1	75	0.0133333
NODE_11784_length_807_cov_54.980226	727	802	129	1	75	0.0133333
NODE_11784_length_807_cov_54.980226	727	802	130	1	75	0.0133333
NODE_11784_length_807_cov_54.980226	727	802	142	2	75	0.0266667
NODE_11784_length_807_cov_54.980226	727	802	145	1	75	0.0133333
NODE_11784_length_807_cov_54.980226	727	802	147	1	75	0.0133333
NODE_11784_length_807_cov_54.980226	727	802	155	1	75	0.0133333
NODE_11784_length_807_cov_54.980226	727	802	157	2	75	0.0266667
NODE_11784_length_807_cov_54.980226	727	802	163	1	75	0.0133333
NODE_11784_length_807_cov_54.980226	727	802	165	1	75	0.0133333
NODE_11784_length_807_cov_54.980226	727	802	167	1	75	0.0133333
NODE_11784_length_807_cov_54.980226	727	802	170	4	75	0.0533333
NODE_11784_length_807_cov_54.980226	727	802	171	2	75	0.0266667
NODE_11784_length_807_cov_54.980226	727	802	173	2	75	0.0266667
NODE_11784_length_807_cov_54.980226	727	802	175	1	75	0.0133333
NODE_11784_length_807_cov_54.980226	727	802	177	3	75	0.0400000
NODE_11784_length_807_cov_54.980226	727	802	179	4	75	0.0533333
NODE_11784_length_807_cov_54.980226	727	802	186	4	75	0.0533333
NODE_11784_length_807_cov_54.980226	727	802	188	1	75	0.0133333
NODE_11784_length_807_cov_54.980226	727	802	189	1	75	0.0133333
NODE_11784_length_807_cov_54.980226	727	802	193	2	75	0.0266667
NODE_11784_length_807_cov_54.980226	727	802	200	2	75	0.0266667
NODE_11784_length_807_cov_54.980226	727	802	203	1	75	0.0133333
NODE_11784_length_807_cov_54.980226	727	802	204	5	75	0.0666667
NODE_11784_length_807_cov_54.980226	727	802	205	6	75	0.0800000
NODE_11784_length_807_cov_54.980226	727	802	206	2	75	0.0266667
NODE_11784_length_807_cov_54.980226	727	802	207	5	75	0.0666667
NODE_11785_length_807_cov_37.306497	435	515	2	16	80	0.2000000
NODE_11785_length_807_cov_37.306497	435	515	4	18	80	0.2250000
NODE_11785_length_807_cov_37.306497	435	515	6	46	80	0.5750000
NODE_11785_length_807_cov_37.306497	488	568	0	27	80	0.3375000
NODE_11785_length_807_cov_37.306497	488	568	4	44	80	0.5500000
NODE_11785_length_807_cov_37.306497	488	568	6	9	80	0.1125000
NODE_11786_length_807_cov_31.177966	287	367	0	80	80	1.0000000
NODE_11786_length_807_cov_31.177966	340	420	0	80	80	1.0000000
NODE_11787_length_807_cov_30.638418	250	329	0	25	79	0.3164557
NODE_11787_length_807_cov_30.638418	250	329	2	54	79	0.6835443
NODE_11787_length_807_cov_30.638418	302	382	0	78	80	0.9750000
NODE_11787_length_807_cov_30.638418	302	382	2	2	80	0.0250000
NODE_11787_length_807_cov_30.638418	378	458	0	80	80	1.0000000
NODE_11787_length_807_cov_30.638418	431	511	0	80	80	1.0000000
NODE_11788_length_807_cov_29.725989	362	442	0	80	80	1.0000000
NODE_11788_length_807_cov_29.725989	415	495	0	31	80	0.3875000
NODE_11788_length_807_cov_29.725989	415	495	2	49	80	0.6125000
NODE_11789_length_807_cov_23.200565	441	521	0	10	80	0.1250000
NODE_11789_length_807_cov_23.200565	441	521	1	36	80	0.4500000
NODE_11789_length_807_cov_23.200565	441	521	2	34	80	0.4250000
NODE_11789_length_807_cov_23.200565	494	574	2	80	80	1.0000000
NODE_11790_length_807_cov_21.888418	319	386	0	67	67	1.0000000
NODE_11790_length_807_cov_21.888418	390	440	2	50	50	1.0000000
NODE_11791_length_807_cov_17.480226	339	419	2	80	80	1.0000000
NODE_11791_length_807_cov_17.480226	392	472	0	11	80	0.1375000
NODE_11791_length_807_cov_17.480226	392	472	2	27	80	0.3375000
NODE_11791_length_807_cov_17.480226	392	472	5	24	80	0.3000000
NODE_11791_length_807_cov_17.480226	392	472	6	18	80	0.2250000
NODE_11792_length_807_cov_14.895480	350	430	0	80	80	1.0000000
NODE_11792_length_807_cov_14.895480	403	483	0	80	80	1.0000000
NODE_11794_length_807_cov_12.255650	440	520	0	80	80	1.0000000
NODE_11794_length_807_cov_12.255650	493	573	0	80	80	1.0000000
NODE_11795_length_807_cov_11.129944	359	439	0	3	80	0.0375000
NODE_11795_length_807_cov_11.129944	359	439	1	1	80	0.0125000
NODE_11795_length_807_cov_11.129944	359	439	2	76	80	0.9500000
NODE_11795_length_807_cov_11.129944	412	492	0	47	80	0.5875000
NODE_11795_length_807_cov_11.129944	412	492	2	33	80	0.4125000
NODE_11801_length_807_cov_3.847458	322	385	0	63	63	1.0000000
NODE_11822_length_806_cov_35.650636	397	477	2	16	80	0.2000000
NODE_11822_length_806_cov_35.650636	397	477	4	26	80	0.3250000
NODE_11822_length_806_cov_35.650636	397	477	6	38	80	0.4750000
NODE_11822_length_806_cov_35.650636	450	530	2	41	80	0.5125000
NODE_11822_length_806_cov_35.650636	450	530	4	4	80	0.0500000
NODE_11822_length_806_cov_35.650636	450	530	6	35	80	0.4375000
NODE_11822_length_806_cov_35.650636	526	606	4	52	80	0.6500000
NODE_11822_length_806_cov_35.650636	526	606	6	28	80	0.3500000
NODE_11822_length_806_cov_35.650636	579	667	4	58	88	0.6590909
NODE_11822_length_806_cov_35.650636	579	667	8	11	88	0.1250000
NODE_11822_length_806_cov_35.650636	579	667	10	4	88	0.0454545
NODE_11822_length_806_cov_35.650636	579	667	12	15	88	0.1704545
NODE_11823_length_806_cov_29.615276	377	457	6	31	80	0.3875000
NODE_11823_length_806_cov_29.615276	377	457	8	40	80	0.5000000
NODE_11823_length_806_cov_29.615276	377	457	10	9	80	0.1125000
NODE_11823_length_806_cov_29.615276	430	510	4	12	80	0.1500000
NODE_11823_length_806_cov_29.615276	430	510	6	43	80	0.5375000
NODE_11823_length_806_cov_29.615276	430	510	8	16	80	0.2000000
NODE_11823_length_806_cov_29.615276	430	510	10	9	80	0.1125000
NODE_11824_length_806_cov_23.680339	394	474	0	18	80	0.2250000
NODE_11824_length_806_cov_23.680339	394	474	2	62	80	0.7750000
NODE_11824_length_806_cov_23.680339	447	527	0	23	80	0.2875000
NODE_11824_length_806_cov_23.680339	447	527	2	57	80	0.7125000
NODE_11825_length_806_cov_19.107496	239	293	0	54	54	1.0000000
NODE_11825_length_806_cov_19.107496	248	293	0	45	45	1.0000000
NODE_11825_length_806_cov_19.107496	266	345	0	79	79	1.0000000
NODE_11825_length_806_cov_19.107496	266	345	0	79	79	1.0000000
NODE_11825_length_806_cov_19.107496	421	501	0	80	80	1.0000000
NODE_11826_length_806_cov_17.551627	308	388	0	80	80	1.0000000
NODE_11826_length_806_cov_17.551627	361	441	0	80	80	1.0000000
NODE_11827_length_806_cov_15.608204	408	488	0	14	80	0.1750000
NODE_11827_length_806_cov_15.608204	408	488	2	66	80	0.8250000
NODE_11827_length_806_cov_15.608204	461	543	0	69	82	0.8414634
NODE_11827_length_806_cov_15.608204	461	543	2	13	82	0.1585366
NODE_11864_length_805_cov_94.121813	398	478	6	5	80	0.0625000
NODE_11864_length_805_cov_94.121813	398	478	7	7	80	0.0875000
NODE_11864_length_805_cov_94.121813	398	478	8	6	80	0.0750000
NODE_11864_length_805_cov_94.121813	398	478	13	3	80	0.0375000
NODE_11864_length_805_cov_94.121813	398	478	15	3	80	0.0375000
NODE_11864_length_805_cov_94.121813	398	478	16	56	80	0.7000000
NODE_11864_length_805_cov_94.121813	451	531	0	6	80	0.0750000
NODE_11864_length_805_cov_94.121813	451	531	6	5	80	0.0625000
NODE_11864_length_805_cov_94.121813	451	531	7	19	80	0.2375000
NODE_11864_length_805_cov_94.121813	451	531	8	41	80	0.5125000
NODE_11864_length_805_cov_94.121813	451	531	16	9	80	0.1125000
NODE_11865_length_805_cov_54.001416	284	364	2	33	80	0.4125000
NODE_11865_length_805_cov_54.001416	284	364	4	47	80	0.5875000
NODE_11865_length_805_cov_54.001416	337	417	0	13	80	0.1625000
NODE_11865_length_805_cov_54.001416	337	417	2	59	80	0.7375000
NODE_11865_length_805_cov_54.001416	337	417	4	8	80	0.1000000
NODE_11865_length_805_cov_54.001416	413	493	0	19	80	0.2375000
NODE_11865_length_805_cov_54.001416	413	493	2	61	80	0.7625000
NODE_11865_length_805_cov_54.001416	466	546	0	53	80	0.6625000
NODE_11865_length_805_cov_54.001416	466	546	2	27	80	0.3375000
NODE_11866_length_805_cov_42.325779	377	457	0	10	80	0.1250000
NODE_11866_length_805_cov_42.325779	377	457	1	39	80	0.4875000
NODE_11866_length_805_cov_42.325779	377	457	2	3	80	0.0375000
NODE_11866_length_805_cov_42.325779	377	457	3	18	80	0.2250000
NODE_11866_length_805_cov_42.325779	377	457	4	10	80	0.1250000
NODE_11866_length_805_cov_42.325779	430	510	0	63	80	0.7875000
NODE_11866_length_805_cov_42.325779	430	510	1	17	80	0.2125000
NODE_11867_length_805_cov_36.742210	345	425	6	17	80	0.2125000
NODE_11867_length_805_cov_36.742210	345	425	7	4	80	0.0500000
NODE_11867_length_805_cov_36.742210	345	425	10	59	80	0.7375000
NODE_11867_length_805_cov_36.742210	398	478	3	3	80	0.0375000
NODE_11867_length_805_cov_36.742210	398	478	6	67	80	0.8375000
NODE_11867_length_805_cov_36.742210	398	478	10	10	80	0.1250000
NODE_11868_length_805_cov_25.879603	361	441	0	80	80	1.0000000
NODE_11868_length_805_cov_25.879603	414	494	0	80	80	1.0000000
NODE_11869_length_805_cov_25.048159	306	386	0	80	80	1.0000000
NODE_11869_length_805_cov_25.048159	359	439	0	80	80	1.0000000
NODE_11870_length_805_cov_15.453258	311	391	0	80	80	1.0000000
NODE_11870_length_805_cov_15.453258	364	444	0	80	80	1.0000000
NODE_11871_length_805_cov_14.930595	264	344	0	80	80	1.0000000
NODE_11871_length_805_cov_14.930595	317	397	0	80	80	1.0000000
NODE_11872_length_805_cov_10.888102	259	339	2	80	80	1.0000000
NODE_11872_length_805_cov_10.888102	312	392	0	43	80	0.5375000
NODE_11872_length_805_cov_10.888102	312	392	2	37	80	0.4625000
NODE_11873_length_805_cov_10.716714	348	428	0	80	80	1.0000000
NODE_11873_length_805_cov_10.716714	401	481	0	80	80	1.0000000
NODE_11876_length_805_cov_7.212465	374	454	2	23	80	0.2875000
NODE_11876_length_805_cov_7.212465	374	454	4	2	80	0.0250000
NODE_11876_length_805_cov_7.212465	374	454	6	5	80	0.0625000
NODE_11876_length_805_cov_7.212465	374	454	8	50	80	0.6250000
NODE_11876_length_805_cov_7.212465	427	507	4	16	80	0.2000000
NODE_11876_length_805_cov_7.212465	427	507	6	42	80	0.5250000
NODE_11876_length_805_cov_7.212465	427	507	8	22	80	0.2750000
NODE_11877_length_805_cov_5.637394	323	403	0	80	80	1.0000000
NODE_11877_length_805_cov_5.637394	376	456	0	80	80	1.0000000
NODE_11878_length_805_cov_4.001416	304	384	0	80	80	1.0000000
NODE_11878_length_805_cov_4.001416	357	437	0	80	80	1.0000000
NODE_11903_length_804_cov_26.204255	319	399	0	44	80	0.5500000
NODE_11903_length_804_cov_26.204255	319	399	2	36	80	0.4500000
NODE_11903_length_804_cov_26.204255	372	452	0	6	80	0.0750000
NODE_11903_length_804_cov_26.204255	372	452	2	74	80	0.9250000
NODE_11904_length_804_cov_25.978723	242	322	7	9	80	0.1125000
NODE_11904_length_804_cov_25.978723	242	322	8	8	80	0.1000000
NODE_11904_length_804_cov_25.978723	242	322	10	31	80	0.3875000
NODE_11904_length_804_cov_25.978723	242	322	11	32	80	0.4000000
NODE_11904_length_804_cov_25.978723	295	375	2	46	80	0.5750000
NODE_11904_length_804_cov_25.978723	295	375	4	4	80	0.0500000
NODE_11904_length_804_cov_25.978723	295	375	6	3	80	0.0375000
NODE_11904_length_804_cov_25.978723	295	375	7	9	80	0.1125000
NODE_11904_length_804_cov_25.978723	295	375	8	8	80	0.1000000
NODE_11904_length_804_cov_25.978723	295	375	11	10	80	0.1250000
NODE_11904_length_804_cov_25.978723	371	451	2	6	80	0.0750000
NODE_11904_length_804_cov_25.978723	371	451	3	29	80	0.3625000
NODE_11904_length_804_cov_25.978723	371	451	4	45	80	0.5625000
NODE_11904_length_804_cov_25.978723	424	504	0	20	80	0.2500000
NODE_11904_length_804_cov_25.978723	424	504	2	21	80	0.2625000
NODE_11904_length_804_cov_25.978723	424	504	3	39	80	0.4875000
NODE_11905_length_804_cov_25.628369	444	524	0	42	80	0.5250000
NODE_11905_length_804_cov_25.628369	444	524	2	13	80	0.1625000
NODE_11905_length_804_cov_25.628369	444	524	4	25	80	0.3125000
NODE_11905_length_804_cov_25.628369	497	577	2	2	80	0.0250000
NODE_11905_length_804_cov_25.628369	497	577	4	39	80	0.4875000
NODE_11905_length_804_cov_25.628369	497	577	6	39	80	0.4875000
NODE_11906_length_804_cov_22.438298	269	349	0	13	80	0.1625000
NODE_11906_length_804_cov_22.438298	269	349	2	24	80	0.3000000
NODE_11906_length_804_cov_22.438298	269	349	4	37	80	0.4625000
NODE_11906_length_804_cov_22.438298	269	349	6	6	80	0.0750000
NODE_11906_length_804_cov_22.438298	322	402	2	20	80	0.2500000
NODE_11906_length_804_cov_22.438298	322	402	4	38	80	0.4750000
NODE_11906_length_804_cov_22.438298	322	402	6	22	80	0.2750000
NODE_11907_length_804_cov_17.425532	273	353	2	2	80	0.0250000
NODE_11907_length_804_cov_17.425532	273	353	7	1	80	0.0125000
NODE_11907_length_804_cov_17.425532	273	353	8	32	80	0.4000000
NODE_11907_length_804_cov_17.425532	273	353	10	14	80	0.1750000
NODE_11907_length_804_cov_17.425532	273	353	12	11	80	0.1375000
NODE_11907_length_804_cov_17.425532	273	353	14	20	80	0.2500000
NODE_11907_length_804_cov_17.425532	326	406	6	3	80	0.0375000
NODE_11907_length_804_cov_17.425532	326	406	12	16	80	0.2000000
NODE_11907_length_804_cov_17.425532	326	406	14	61	80	0.7625000
NODE_11908_length_804_cov_16.849645	229	309	0	4	80	0.0500000
NODE_11908_length_804_cov_16.849645	229	309	6	76	80	0.9500000
NODE_11908_length_804_cov_16.849645	282	362	0	16	80	0.2000000
NODE_11908_length_804_cov_16.849645	282	362	5	1	80	0.0125000
NODE_11908_length_804_cov_16.849645	282	362	6	63	80	0.7875000
NODE_11909_length_804_cov_16.024113	499	579	0	80	80	1.0000000
NODE_11909_length_804_cov_16.024113	552	632	0	80	80	1.0000000
NODE_11910_length_804_cov_14.567376	375	455	0	39	80	0.4875000
NODE_11910_length_804_cov_14.567376	375	455	2	41	80	0.5125000
NODE_11910_length_804_cov_14.567376	428	508	0	80	80	1.0000000
NODE_11911_length_804_cov_14.011348	262	342	6	80	80	1.0000000
NODE_11911_length_804_cov_14.011348	315	395	0	52	80	0.6500000
NODE_11911_length_804_cov_14.011348	315	395	6	28	80	0.3500000
NODE_11912_length_804_cov_13.800000	289	318	0	29	29	1.0000000
NODE_11913_length_804_cov_12.585816	396	476	0	80	80	1.0000000
NODE_11913_length_804_cov_12.585816	449	529	0	28	80	0.3500000
NODE_11913_length_804_cov_12.585816	449	529	5	52	80	0.6500000
NODE_11914_length_804_cov_12.375887	190	270	2	71	80	0.8875000
NODE_11914_length_804_cov_12.375887	190	270	4	9	80	0.1125000
NODE_11914_length_804_cov_12.375887	243	323	2	71	80	0.8875000
NODE_11914_length_804_cov_12.375887	243	323	4	9	80	0.1125000
NODE_11915_length_804_cov_10.947518	363	443	6	2	80	0.0250000
NODE_11915_length_804_cov_10.947518	363	443	8	78	80	0.9750000
NODE_11915_length_804_cov_10.947518	416	496	0	42	80	0.5250000
NODE_11915_length_804_cov_10.947518	416	496	2	4	80	0.0500000
NODE_11915_length_804_cov_10.947518	416	496	7	1	80	0.0125000
NODE_11915_length_804_cov_10.947518	416	496	8	33	80	0.4125000
NODE_11916_length_804_cov_8.164539	427	507	0	42	80	0.5250000
NODE_11916_length_804_cov_8.164539	427	507	2	38	80	0.4750000
NODE_11916_length_804_cov_8.164539	480	560	0	1	80	0.0125000
NODE_11916_length_804_cov_8.164539	480	560	2	79	80	0.9875000
NODE_11917_length_804_cov_7.462411	345	425	0	80	80	1.0000000
NODE_11917_length_804_cov_7.462411	398	478	0	80	80	1.0000000
NODE_11919_length_804_cov_3.663830	736	799	0	63	63	1.0000000
NODE_11933_length_804_cov_1.303546	480	560	12	27	80	0.3375000
NODE_11933_length_804_cov_1.303546	480	560	14	53	80	0.6625000
NODE_11933_length_804_cov_1.303546	533	613	0	9	80	0.1125000
NODE_11933_length_804_cov_1.303546	533	613	2	31	80	0.3875000
NODE_11933_length_804_cov_1.303546	533	613	6	7	80	0.0875000
NODE_11933_length_804_cov_1.303546	533	613	10	5	80	0.0625000
NODE_11933_length_804_cov_1.303546	533	613	14	28	80	0.3500000
NODE_11942_length_803_cov_40.930398	374	454	2	22	80	0.2750000
NODE_11942_length_803_cov_40.930398	374	454	9	3	80	0.0375000
NODE_11942_length_803_cov_40.930398	374	454	10	23	80	0.2875000
NODE_11942_length_803_cov_40.930398	374	454	11	32	80	0.4000000
NODE_11942_length_803_cov_40.930398	427	507	9	39	80	0.4875000
NODE_11942_length_803_cov_40.930398	427	507	11	25	80	0.3125000
NODE_11942_length_803_cov_40.930398	427	507	15	1	80	0.0125000
NODE_11942_length_803_cov_40.930398	427	507	16	15	80	0.1875000
NODE_11944_length_803_cov_28.346591	242	322	0	29	80	0.3625000
NODE_11944_length_803_cov_28.346591	242	322	7	21	80	0.2625000
NODE_11944_length_803_cov_28.346591	242	322	13	12	80	0.1500000
NODE_11944_length_803_cov_28.346591	242	322	15	17	80	0.2125000
NODE_11944_length_803_cov_28.346591	242	322	17	1	80	0.0125000
NODE_11944_length_803_cov_28.346591	295	375	13	9	80	0.1125000
NODE_11944_length_803_cov_28.346591	295	375	15	17	80	0.2125000
NODE_11944_length_803_cov_28.346591	295	375	17	1	80	0.0125000
NODE_11944_length_803_cov_28.346591	295	375	18	17	80	0.2125000
NODE_11944_length_803_cov_28.346591	295	375	19	29	80	0.3625000
NODE_11944_length_803_cov_28.346591	295	375	21	2	80	0.0250000
NODE_11944_length_803_cov_28.346591	295	375	22	5	80	0.0625000
NODE_11945_length_803_cov_23.420455	288	368	0	80	80	1.0000000
NODE_11945_length_803_cov_23.420455	341	421	0	66	80	0.8250000
NODE_11945_length_803_cov_23.420455	341	421	2	14	80	0.1750000
NODE_11946_length_803_cov_20.977273	316	396	2	80	80	1.0000000
NODE_11946_length_803_cov_20.977273	369	449	0	5	80	0.0625000
NODE_11946_length_803_cov_20.977273	369	449	1	7	80	0.0875000
NODE_11946_length_803_cov_20.977273	369	449	2	68	80	0.8500000
NODE_11947_length_803_cov_18.458807	307	387	9	17	80	0.2125000
NODE_11947_length_803_cov_18.458807	307	387	10	11	80	0.1375000
NODE_11947_length_803_cov_18.458807	307	387	13	4	80	0.0500000
NODE_11947_length_803_cov_18.458807	307	387	14	48	80	0.6000000
NODE_11947_length_803_cov_18.458807	360	440	4	42	80	0.5250000
NODE_11947_length_803_cov_18.458807	360	440	9	28	80	0.3500000
NODE_11947_length_803_cov_18.458807	360	440	13	4	80	0.0500000
NODE_11947_length_803_cov_18.458807	360	440	14	6	80	0.0750000
NODE_11948_length_803_cov_14.411932	386	466	0	49	80	0.6125000
NODE_11948_length_803_cov_14.411932	386	466	2	31	80	0.3875000
NODE_11948_length_803_cov_14.411932	439	519	2	80	80	1.0000000
NODE_11949_length_803_cov_10.157670	319	399	0	80	80	1.0000000
NODE_11949_length_803_cov_10.157670	372	452	0	80	80	1.0000000
NODE_11950_length_803_cov_8.977273	362	442	3	80	80	1.0000000
NODE_11950_length_803_cov_8.977273	415	485	0	41	70	0.5857143
NODE_11950_length_803_cov_8.977273	415	485	3	29	70	0.4142857
NODE_11951_length_803_cov_7.735795	195	275	0	26	80	0.3250000
NODE_11951_length_803_cov_7.735795	195	275	2	54	80	0.6750000
NODE_11951_length_803_cov_7.735795	248	328	0	4	80	0.0500000
NODE_11951_length_803_cov_7.735795	248	328	2	76	80	0.9500000
NODE_11955_length_803_cov_4.613636	266	346	0	75	80	0.9375000
NODE_11955_length_803_cov_4.613636	266	346	2	5	80	0.0625000
NODE_11955_length_803_cov_4.613636	319	399	0	80	80	1.0000000
NODE_11957_length_803_cov_4.220170	72	152	6	80	80	1.0000000
NODE_11957_length_803_cov_4.220170	130	207	0	32	77	0.4155844
NODE_11957_length_803_cov_4.220170	130	207	4	19	77	0.2467532
NODE_11957_length_803_cov_4.220170	130	207	6	26	77	0.3376623
NODE_11985_length_802_cov_42.294452	289	369	2	70	80	0.8750000
NODE_11985_length_802_cov_42.294452	289	369	4	10	80	0.1250000
NODE_11985_length_802_cov_42.294452	342	422	2	70	80	0.8750000
NODE_11985_length_802_cov_42.294452	342	422	4	10	80	0.1250000
NODE_11986_length_802_cov_31.896159	246	326	0	5	80	0.0625000
NODE_11986_length_802_cov_31.896159	246	326	2	75	80	0.9375000
NODE_11986_length_802_cov_31.896159	299	379	0	58	80	0.7250000
NODE_11986_length_802_cov_31.896159	299	379	2	22	80	0.2750000
NODE_11987_length_802_cov_30.786629	419	499	9	7	80	0.0875000
NODE_11987_length_802_cov_30.786629	419	499	11	15	80	0.1875000
NODE_11987_length_802_cov_30.786629	419	499	13	58	80	0.7250000
NODE_11987_length_802_cov_30.786629	472	552	5	48	80	0.6000000
NODE_11987_length_802_cov_30.786629	472	552	6	1	80	0.0125000
NODE_11987_length_802_cov_30.786629	472	552	13	29	80	0.3625000
NODE_11987_length_802_cov_30.786629	472	552	14	2	80	0.0250000
NODE_11988_length_802_cov_19.540541	368	448	2	18	80	0.2250000
NODE_11988_length_802_cov_19.540541	368	448	4	2	80	0.0250000
NODE_11988_length_802_cov_19.540541	368	448	6	60	80	0.7500000
NODE_11988_length_802_cov_19.540541	421	501	2	33	80	0.4125000
NODE_11988_length_802_cov_19.540541	421	501	4	12	80	0.1500000
NODE_11988_length_802_cov_19.540541	421	501	6	35	80	0.4375000
NODE_11989_length_802_cov_17.689900	268	348	0	5	80	0.0625000
NODE_11989_length_802_cov_17.689900	268	348	2	54	80	0.6750000
NODE_11989_length_802_cov_17.689900	268	348	4	21	80	0.2625000
NODE_11989_length_802_cov_17.689900	321	401	2	29	80	0.3625000
NODE_11989_length_802_cov_17.689900	321	401	4	51	80	0.6375000
NODE_11990_length_802_cov_16.432432	364	444	2	39	80	0.4875000
NODE_11990_length_802_cov_16.432432	364	444	4	12	80	0.1500000
NODE_11990_length_802_cov_16.432432	364	444	6	29	80	0.3625000
NODE_11990_length_802_cov_16.432432	417	497	0	5	80	0.0625000
NODE_11990_length_802_cov_16.432432	417	497	4	60	80	0.7500000
NODE_11990_length_802_cov_16.432432	417	497	6	15	80	0.1875000
NODE_11991_length_802_cov_15.409673	317	397	0	80	80	1.0000000
NODE_11991_length_802_cov_15.409673	370	450	0	80	80	1.0000000
NODE_11992_length_802_cov_12.507824	340	420	0	80	80	1.0000000
NODE_11992_length_802_cov_12.507824	393	473	0	80	80	1.0000000
NODE_11993_length_802_cov_9.310100	374	454	0	58	80	0.7250000
NODE_11993_length_802_cov_9.310100	374	454	2	1	80	0.0125000
NODE_11993_length_802_cov_9.310100	374	454	4	21	80	0.2625000
NODE_11993_length_802_cov_9.310100	427	507	0	5	80	0.0625000
NODE_11993_length_802_cov_9.310100	427	507	2	1	80	0.0125000
NODE_11993_length_802_cov_9.310100	427	507	4	74	80	0.9250000
NODE_11994_length_802_cov_8.421053	272	351	0	32	79	0.4050633
NODE_11994_length_802_cov_8.421053	272	351	4	47	79	0.5949367
NODE_11994_length_802_cov_8.421053	324	404	4	80	80	1.0000000
NODE_11997_length_802_cov_5.576102	294	374	2	80	80	1.0000000
NODE_11997_length_802_cov_5.576102	347	427	1	4	80	0.0500000
NODE_11997_length_802_cov_5.576102	347	427	2	76	80	0.9500000
NODE_12025_length_801_cov_35.199430	334	414	0	28	80	0.3500000
NODE_12025_length_801_cov_35.199430	334	414	2	12	80	0.1500000
NODE_12025_length_801_cov_35.199430	334	414	4	40	80	0.5000000
NODE_12025_length_801_cov_35.199430	387	467	0	80	80	1.0000000
NODE_12026_length_801_cov_20.096866	347	427	0	80	80	1.0000000
NODE_12026_length_801_cov_20.096866	400	480	0	80	80	1.0000000
NODE_12027_length_801_cov_18.643875	355	435	0	80	80	1.0000000
NODE_12027_length_801_cov_18.643875	408	488	0	80	80	1.0000000
NODE_12028_length_801_cov_16.099715	427	507	0	5	80	0.0625000
NODE_12028_length_801_cov_16.099715	427	507	2	14	80	0.1750000
NODE_12028_length_801_cov_16.099715	427	507	4	61	80	0.7625000
NODE_12028_length_801_cov_16.099715	480	560	0	58	80	0.7250000
NODE_12028_length_801_cov_16.099715	480	560	2	14	80	0.1750000
NODE_12028_length_801_cov_16.099715	480	560	4	8	80	0.1000000
NODE_12029_length_801_cov_12.307692	332	412	0	80	80	1.0000000
NODE_12029_length_801_cov_12.307692	385	465	0	80	80	1.0000000
NODE_12030_length_801_cov_11.464387	293	373	0	80	80	1.0000000
NODE_12030_length_801_cov_11.464387	346	426	0	80	80	1.0000000
NODE_12031_length_801_cov_8.562678	309	389	2	25	80	0.3125000
NODE_12031_length_801_cov_8.562678	309	389	4	55	80	0.6875000
NODE_12031_length_801_cov_8.562678	362	442	2	47	80	0.5875000
NODE_12031_length_801_cov_8.562678	362	442	4	33	80	0.4125000
NODE_12032_length_801_cov_3.927350	339	419	0	80	80	1.0000000
NODE_12032_length_801_cov_3.927350	392	472	0	80	80	1.0000000
NODE_12053_length_800_cov_72.029957	245	325	0	80	80	1.0000000
NODE_12053_length_800_cov_72.029957	298	378	0	80	80	1.0000000
NODE_12054_length_800_cov_22.631954	297	377	2	49	80	0.6125000
NODE_12054_length_800_cov_22.631954	297	377	4	31	80	0.3875000
NODE_12054_length_800_cov_22.631954	350	430	2	62	80	0.7750000
NODE_12054_length_800_cov_22.631954	350	430	4	18	80	0.2250000
NODE_12055_length_800_cov_9.457917	409	489	0	56	80	0.7000000
NODE_12055_length_800_cov_9.457917	409	489	1	1	80	0.0125000
NODE_12055_length_800_cov_9.457917	409	489	2	23	80	0.2875000
NODE_12055_length_800_cov_9.457917	462	542	0	3	80	0.0375000
NODE_12055_length_800_cov_9.457917	462	542	1	9	80	0.1125000
NODE_12055_length_800_cov_9.457917	462	542	2	68	80	0.8500000
NODE_12084_length_799_cov_101.640000	101	132	47	1	31	0.0322581
NODE_12084_length_799_cov_101.640000	101	132	51	3	31	0.0967742
NODE_12084_length_799_cov_101.640000	101	132	52	6	31	0.1935484
NODE_12084_length_799_cov_101.640000	101	132	54	9	31	0.2903226
NODE_12084_length_799_cov_101.640000	101	132	56	12	31	0.3870968
NODE_12085_length_799_cov_33.630000	367	447	4	35	80	0.4375000
NODE_12085_length_799_cov_33.630000	367	447	6	35	80	0.4375000
NODE_12085_length_799_cov_33.630000	367	447	8	10	80	0.1250000
NODE_12085_length_799_cov_33.630000	420	500	3	18	80	0.2250000
NODE_12085_length_799_cov_33.630000	420	500	5	13	80	0.1625000
NODE_12085_length_799_cov_33.630000	420	500	6	42	80	0.5250000
NODE_12085_length_799_cov_33.630000	420	500	8	7	80	0.0875000
NODE_12086_length_799_cov_15.717143	408	488	0	4	80	0.0500000
NODE_12086_length_799_cov_15.717143	408	488	4	9	80	0.1125000
NODE_12086_length_799_cov_15.717143	408	488	6	67	80	0.8375000
NODE_12086_length_799_cov_15.717143	461	541	0	26	80	0.3250000
NODE_12086_length_799_cov_15.717143	461	541	3	1	80	0.0125000
NODE_12086_length_799_cov_15.717143	461	541	4	3	80	0.0375000
NODE_12086_length_799_cov_15.717143	461	541	6	50	80	0.6250000
NODE_12087_length_799_cov_15.175714	293	373	0	66	80	0.8250000
NODE_12087_length_799_cov_15.175714	293	373	2	8	80	0.1000000
NODE_12087_length_799_cov_15.175714	293	373	4	6	80	0.0750000
NODE_12087_length_799_cov_15.175714	346	426	0	13	80	0.1625000
NODE_12087_length_799_cov_15.175714	346	426	2	8	80	0.1000000
NODE_12087_length_799_cov_15.175714	346	426	4	59	80	0.7375000
NODE_12088_length_799_cov_8.444286	408	488	0	4	80	0.0500000
NODE_12088_length_799_cov_8.444286	408	488	2	76	80	0.9500000
NODE_12088_length_799_cov_8.444286	461	541	0	7	80	0.0875000
NODE_12088_length_799_cov_8.444286	461	541	2	73	80	0.9125000
NODE_12120_length_798_cov_42.629471	148	228	8	19	80	0.2375000
NODE_12120_length_798_cov_42.629471	148	228	13	42	80	0.5250000
NODE_12120_length_798_cov_42.629471	148	228	14	19	80	0.2375000
NODE_12120_length_798_cov_42.629471	201	281	2	20	80	0.2500000
NODE_12120_length_798_cov_42.629471	201	281	6	20	80	0.2500000
NODE_12120_length_798_cov_42.629471	201	281	13	8	80	0.1000000
NODE_12120_length_798_cov_42.629471	201	281	14	32	80	0.4000000
NODE_12121_length_798_cov_23.658083	368	448	0	80	80	1.0000000
NODE_12121_length_798_cov_23.658083	421	501	0	80	80	1.0000000
NODE_12122_length_798_cov_15.037196	341	421	0	80	80	1.0000000
NODE_12122_length_798_cov_15.037196	394	474	0	80	80	1.0000000
NODE_12123_length_798_cov_6.816881	404	483	0	79	79	1.0000000
NODE_12123_length_798_cov_6.816881	457	536	0	79	79	1.0000000
NODE_12129_length_798_cov_2.796853	246	326	0	38	80	0.4750000
NODE_12129_length_798_cov_2.796853	246	326	2	42	80	0.5250000
NODE_12129_length_798_cov_2.796853	299	379	2	80	80	1.0000000
NODE_12151_length_797_cov_24.340974	207	287	0	12	80	0.1500000
NODE_12151_length_797_cov_24.340974	207	287	3	1	80	0.0125000
NODE_12151_length_797_cov_24.340974	207	287	4	27	80	0.3375000
NODE_12151_length_797_cov_24.340974	207	287	6	40	80	0.5000000
NODE_12151_length_797_cov_24.340974	260	340	2	39	80	0.4875000
NODE_12151_length_797_cov_24.340974	260	340	6	41	80	0.5125000
NODE_12152_length_797_cov_21.071633	372	452	0	37	80	0.4625000
NODE_12152_length_797_cov_21.071633	372	452	3	1	80	0.0125000
NODE_12152_length_797_cov_21.071633	372	452	4	42	80	0.5250000
NODE_12152_length_797_cov_21.071633	425	505	4	30	80	0.3750000
NODE_12152_length_797_cov_21.071633	425	505	6	50	80	0.6250000
NODE_12153_length_797_cov_18.286533	346	426	0	80	80	1.0000000
NODE_12153_length_797_cov_18.286533	399	479	0	80	80	1.0000000
NODE_12154_length_797_cov_16.628940	322	402	3	13	80	0.1625000
NODE_12154_length_797_cov_16.628940	322	402	4	18	80	0.2250000
NODE_12154_length_797_cov_16.628940	322	402	6	21	80	0.2625000
NODE_12154_length_797_cov_16.628940	322	402	7	16	80	0.2000000
NODE_12154_length_797_cov_16.628940	322	402	8	12	80	0.1500000
NODE_12154_length_797_cov_16.628940	375	455	6	50	80	0.6250000
NODE_12154_length_797_cov_16.628940	375	455	7	15	80	0.1875000
NODE_12154_length_797_cov_16.628940	375	455	8	15	80	0.1875000
NODE_12155_length_797_cov_15.266476	299	379	0	25	80	0.3125000
NODE_12155_length_797_cov_15.266476	299	379	1	32	80	0.4000000
NODE_12155_length_797_cov_15.266476	299	379	2	23	80	0.2875000
NODE_12155_length_797_cov_15.266476	352	432	1	4	80	0.0500000
NODE_12155_length_797_cov_15.266476	352	432	2	76	80	0.9500000
NODE_12156_length_797_cov_15.035817	263	343	0	74	80	0.9250000
NODE_12156_length_797_cov_15.035817	263	343	2	3	80	0.0375000
NODE_12156_length_797_cov_15.035817	263	343	4	3	80	0.0375000
NODE_12156_length_797_cov_15.035817	316	396	0	21	80	0.2625000
NODE_12156_length_797_cov_15.035817	316	396	2	3	80	0.0375000
NODE_12156_length_797_cov_15.035817	316	396	4	56	80	0.7000000
NODE_12157_length_797_cov_12.934097	403	484	0	81	81	1.0000000
NODE_12157_length_797_cov_12.934097	457	537	0	80	80	1.0000000
NODE_12158_length_797_cov_11.140401	201	281	0	13	80	0.1625000
NODE_12158_length_797_cov_11.140401	201	281	2	67	80	0.8375000
NODE_12158_length_797_cov_11.140401	254	334	0	66	80	0.8250000
NODE_12158_length_797_cov_11.140401	254	334	2	14	80	0.1750000
NODE_12159_length_797_cov_8.681948	284	364	0	49	80	0.6125000
NODE_12159_length_797_cov_8.681948	284	364	3	1	80	0.0125000
NODE_12159_length_797_cov_8.681948	284	364	4	30	80	0.3750000
NODE_12159_length_797_cov_8.681948	337	417	4	80	80	1.0000000
NODE_12160_length_797_cov_7.616046	314	397	2	7	83	0.0843373
NODE_12160_length_797_cov_7.616046	314	397	4	76	83	0.9156626
NODE_12160_length_797_cov_7.616046	370	450	2	35	80	0.4375000
NODE_12160_length_797_cov_7.616046	370	450	4	45	80	0.5625000
NODE_12161_length_797_cov_7.487106	275	347	0	72	72	1.0000000
NODE_12161_length_797_cov_7.487106	320	400	0	80	80	1.0000000
NODE_12163_length_797_cov_6.068768	357	437	0	26	80	0.3250000
NODE_12163_length_797_cov_6.068768	357	437	2	38	80	0.4750000
NODE_12163_length_797_cov_6.068768	357	437	9	2	80	0.0250000
NODE_12163_length_797_cov_6.068768	357	437	10	14	80	0.1750000
NODE_12163_length_797_cov_6.068768	410	490	2	11	80	0.1375000
NODE_12163_length_797_cov_6.068768	410	490	9	2	80	0.0250000
NODE_12163_length_797_cov_6.068768	410	490	10	67	80	0.8375000
NODE_12186_length_796_cov_20.862267	262	342	0	80	80	1.0000000
NODE_12186_length_796_cov_20.862267	315	395	0	80	80	1.0000000
NODE_12187_length_796_cov_18.291248	283	363	0	15	80	0.1875000
NODE_12187_length_796_cov_18.291248	283	363	2	65	80	0.8125000
NODE_12187_length_796_cov_18.291248	336	416	0	5	80	0.0625000
NODE_12187_length_796_cov_18.291248	336	416	2	75	80	0.9375000
NODE_12189_length_796_cov_7.880918	388	460	0	72	72	1.0000000
NODE_12189_length_796_cov_7.880918	442	513	0	71	71	1.0000000
NODE_12216_length_795_cov_31.729885	298	378	0	52	80	0.6500000
NODE_12216_length_795_cov_31.729885	298	378	4	28	80	0.3500000
NODE_12216_length_795_cov_31.729885	351	431	4	80	80	1.0000000
NODE_12217_length_795_cov_26.760057	367	447	0	80	80	1.0000000
NODE_12217_length_795_cov_26.760057	420	500	0	80	80	1.0000000
NODE_12218_length_795_cov_24.522989	352	432	0	8	80	0.1000000
NODE_12218_length_795_cov_24.522989	352	432	2	60	80	0.7500000
NODE_12218_length_795_cov_24.522989	352	432	6	12	80	0.1500000
NODE_12218_length_795_cov_24.522989	405	485	2	15	80	0.1875000
NODE_12218_length_795_cov_24.522989	405	485	4	39	80	0.4875000
NODE_12218_length_795_cov_24.522989	405	485	6	26	80	0.3250000
NODE_12219_length_795_cov_22.747126	363	443	2	53	80	0.6625000
NODE_12219_length_795_cov_22.747126	363	443	3	23	80	0.2875000
NODE_12219_length_795_cov_22.747126	363	443	4	4	80	0.0500000
NODE_12219_length_795_cov_22.747126	416	496	1	6	80	0.0750000
NODE_12219_length_795_cov_22.747126	416	496	3	70	80	0.8750000
NODE_12219_length_795_cov_22.747126	416	496	4	4	80	0.0500000
NODE_12220_length_795_cov_9.439655	425	505	0	14	80	0.1750000
NODE_12220_length_795_cov_9.439655	425	505	2	66	80	0.8250000
NODE_12220_length_795_cov_9.439655	478	558	0	63	80	0.7875000
NODE_12220_length_795_cov_9.439655	478	558	2	17	80	0.2125000
NODE_12232_length_795_cov_3.359195	349	429	0	80	80	1.0000000
NODE_12232_length_795_cov_3.359195	402	482	0	80	80	1.0000000
NODE_12256_length_794_cov_24.680576	326	406	0	29	80	0.3625000
NODE_12256_length_794_cov_24.680576	326	406	4	26	80	0.3250000
NODE_12256_length_794_cov_24.680576	326	406	10	25	80	0.3125000
NODE_12256_length_794_cov_24.680576	379	459	4	2	80	0.0250000
NODE_12256_length_794_cov_24.680576	379	459	6	5	80	0.0625000
NODE_12256_length_794_cov_24.680576	379	459	10	73	80	0.9125000
NODE_12257_length_794_cov_20.057554	153	233	2	80	80	1.0000000
NODE_12257_length_794_cov_20.057554	206	286	0	25	80	0.3125000
NODE_12257_length_794_cov_20.057554	206	286	2	55	80	0.6875000
NODE_12257_length_794_cov_20.057554	282	362	0	80	80	1.0000000
NODE_12257_length_794_cov_20.057554	335	415	0	80	80	1.0000000
NODE_12258_length_794_cov_16.602878	361	441	0	63	80	0.7875000
NODE_12258_length_794_cov_16.602878	361	441	1	2	80	0.0250000
NODE_12258_length_794_cov_16.602878	361	441	2	15	80	0.1875000
NODE_12258_length_794_cov_16.602878	414	494	0	10	80	0.1250000
NODE_12258_length_794_cov_16.602878	414	494	1	2	80	0.0250000
NODE_12258_length_794_cov_16.602878	414	494	2	68	80	0.8500000
NODE_12259_length_794_cov_16.362590	337	417	0	47	80	0.5875000
NODE_12259_length_794_cov_16.362590	337	417	3	1	80	0.0125000
NODE_12259_length_794_cov_16.362590	337	417	4	32	80	0.4000000
NODE_12259_length_794_cov_16.362590	390	470	4	80	80	1.0000000
NODE_12260_length_794_cov_14.444604	101	160	0	59	59	1.0000000
NODE_12260_length_794_cov_14.444604	409	489	0	17	80	0.2125000
NODE_12260_length_794_cov_14.444604	409	489	4	62	80	0.7750000
NODE_12260_length_794_cov_14.444604	409	489	6	1	80	0.0125000
NODE_12260_length_794_cov_14.444604	462	542	2	12	80	0.1500000
NODE_12260_length_794_cov_14.444604	462	542	4	26	80	0.3250000
NODE_12260_length_794_cov_14.444604	462	542	6	42	80	0.5250000
NODE_12261_length_794_cov_12.866187	442	522	0	1	80	0.0125000
NODE_12261_length_794_cov_12.866187	442	522	4	2	80	0.0250000
NODE_12261_length_794_cov_12.866187	442	522	6	77	80	0.9625000
NODE_12261_length_794_cov_12.866187	495	575	0	54	80	0.6750000
NODE_12261_length_794_cov_12.866187	495	575	4	2	80	0.0250000
NODE_12261_length_794_cov_12.866187	495	575	6	24	80	0.3000000
NODE_12262_length_794_cov_12.287770	235	315	0	31	80	0.3875000
NODE_12262_length_794_cov_12.287770	235	315	6	30	80	0.3750000
NODE_12262_length_794_cov_12.287770	235	315	8	19	80	0.2375000
NODE_12262_length_794_cov_12.287770	288	368	6	8	80	0.1000000
NODE_12262_length_794_cov_12.287770	288	368	8	72	80	0.9000000
NODE_12263_length_794_cov_11.210072	315	395	0	11	80	0.1375000
NODE_12263_length_794_cov_11.210072	315	395	2	69	80	0.8625000
NODE_12263_length_794_cov_11.210072	368	448	0	20	80	0.2500000
NODE_12263_length_794_cov_11.210072	368	448	2	60	80	0.7500000
NODE_12264_length_794_cov_10.638849	325	406	2	81	81	1.0000000
NODE_12264_length_794_cov_10.638849	379	459	0	43	80	0.5375000
NODE_12264_length_794_cov_10.638849	379	459	2	37	80	0.4625000
NODE_12266_length_794_cov_6.274820	412	492	2	80	80	1.0000000
NODE_12266_length_794_cov_6.274820	465	545	0	19	80	0.2375000
NODE_12266_length_794_cov_6.274820	465	545	1	20	80	0.2500000
NODE_12266_length_794_cov_6.274820	465	545	2	41	80	0.5125000
NODE_12271_length_794_cov_3.197122	273	338	0	65	65	1.0000000
NODE_12282_length_794_cov_1.848921	246	326	0	80	80	1.0000000
NODE_12282_length_794_cov_1.848921	299	379	0	80	80	1.0000000
NODE_12295_length_793_cov_29.878963	326	406	4	52	80	0.6500000
NODE_12295_length_793_cov_29.878963	326	406	6	11	80	0.1375000
NODE_12295_length_793_cov_29.878963	326	406	7	2	80	0.0250000
NODE_12295_length_793_cov_29.878963	326	406	8	15	80	0.1875000
NODE_12295_length_793_cov_29.878963	379	459	5	8	80	0.1000000
NODE_12295_length_793_cov_29.878963	379	459	6	52	80	0.6500000
NODE_12295_length_793_cov_29.878963	379	459	7	6	80	0.0750000
NODE_12295_length_793_cov_29.878963	379	459	8	14	80	0.1750000
NODE_12296_length_793_cov_25.981268	310	390	0	80	80	1.0000000
NODE_12296_length_793_cov_25.981268	363	445	0	82	82	1.0000000
NODE_12297_length_793_cov_24.840058	331	411	0	61	80	0.7625000
NODE_12297_length_793_cov_24.840058	331	411	2	19	80	0.2375000
NODE_12297_length_793_cov_24.840058	384	464	0	8	80	0.1000000
NODE_12297_length_793_cov_24.840058	384	464	2	72	80	0.9000000
NODE_12298_length_793_cov_21.707493	398	478	0	80	80	1.0000000
NODE_12298_length_793_cov_21.707493	451	531	0	80	80	1.0000000
NODE_12299_length_793_cov_8.358790	257	337	0	11	80	0.1375000
NODE_12299_length_793_cov_8.358790	257	337	2	69	80	0.8625000
NODE_12299_length_793_cov_8.358790	310	390	0	64	80	0.8000000
NODE_12299_length_793_cov_8.358790	310	390	2	16	80	0.2000000
NODE_12300_length_793_cov_8.236311	477	557	0	47	80	0.5875000
NODE_12300_length_793_cov_8.236311	477	557	2	33	80	0.4125000
NODE_12300_length_793_cov_8.236311	530	610	0	40	80	0.5000000
NODE_12300_length_793_cov_8.236311	530	610	2	40	80	0.5000000
NODE_12302_length_793_cov_6.763689	461	541	4	13	80	0.1625000
NODE_12302_length_793_cov_6.763689	461	541	6	67	80	0.8375000
NODE_12302_length_793_cov_6.763689	514	594	0	43	80	0.5375000
NODE_12302_length_793_cov_6.763689	514	594	4	23	80	0.2875000
NODE_12302_length_793_cov_6.763689	514	594	6	14	80	0.1750000
NODE_12307_length_793_cov_4.465418	501	549	0	48	48	1.0000000
NODE_12311_length_793_cov_4.138329	174	254	0	80	80	1.0000000
NODE_12311_length_793_cov_4.138329	227	307	0	80	80	1.0000000
NODE_12338_length_792_cov_40.025974	198	278	0	80	80	1.0000000
NODE_12338_length_792_cov_40.025974	251	331	0	80	80	1.0000000
NODE_12338_length_792_cov_40.025974	327	408	0	81	81	1.0000000
NODE_12338_length_792_cov_40.025974	381	461	0	80	80	1.0000000
NODE_12339_length_792_cov_31.176046	331	411	0	48	80	0.6000000
NODE_12339_length_792_cov_31.176046	331	411	10	32	80	0.4000000
NODE_12339_length_792_cov_31.176046	384	463	0	79	79	1.0000000
NODE_12339_length_792_cov_31.176046	459	539	0	80	80	1.0000000
NODE_12339_length_792_cov_31.176046	512	546	0	34	34	1.0000000
NODE_12340_length_792_cov_21.347763	303	383	0	1	80	0.0125000
NODE_12340_length_792_cov_21.347763	303	383	1	3	80	0.0375000
NODE_12340_length_792_cov_21.347763	303	383	2	34	80	0.4250000
NODE_12340_length_792_cov_21.347763	303	383	6	42	80	0.5250000
NODE_12340_length_792_cov_21.347763	356	436	6	80	80	1.0000000
NODE_12341_length_792_cov_20.142857	361	441	0	80	80	1.0000000
NODE_12341_length_792_cov_20.142857	414	494	0	80	80	1.0000000
NODE_12342_length_792_cov_18.733045	320	400	0	26	80	0.3250000
NODE_12342_length_792_cov_18.733045	320	400	6	54	80	0.6750000
NODE_12342_length_792_cov_18.733045	373	453	6	80	80	1.0000000
NODE_12343_length_792_cov_12.024531	369	449	0	80	80	1.0000000
NODE_12343_length_792_cov_12.024531	422	502	0	29	80	0.3625000
NODE_12343_length_792_cov_12.024531	422	502	2	51	80	0.6375000
NODE_12372_length_791_cov_53.573699	287	359	0	19	72	0.2638889
NODE_12372_length_791_cov_53.573699	287	359	13	13	72	0.1805556
NODE_12372_length_791_cov_53.573699	287	359	14	36	72	0.5000000
NODE_12372_length_791_cov_53.573699	287	359	16	4	72	0.0555556
NODE_12372_length_791_cov_53.573699	332	412	14	23	80	0.2875000
NODE_12372_length_791_cov_53.573699	332	412	16	57	80	0.7125000
NODE_12373_length_791_cov_40.416185	238	318	2	1	80	0.0125000
NODE_12373_length_791_cov_40.416185	238	318	12	5	80	0.0625000
NODE_12373_length_791_cov_40.416185	238	318	13	42	80	0.5250000
NODE_12373_length_791_cov_40.416185	238	318	14	32	80	0.4000000
NODE_12373_length_791_cov_40.416185	291	371	0	30	80	0.3750000
NODE_12373_length_791_cov_40.416185	291	371	11	1	80	0.0125000
NODE_12373_length_791_cov_40.416185	291	371	12	27	80	0.3375000
NODE_12373_length_791_cov_40.416185	291	371	13	22	80	0.2750000
NODE_12374_length_791_cov_38.791908	309	389	0	80	80	1.0000000
NODE_12374_length_791_cov_38.791908	362	442	0	80	80	1.0000000
NODE_12375_length_791_cov_23.468208	328	408	8	40	80	0.5000000
NODE_12375_length_791_cov_23.468208	328	408	10	5	80	0.0625000
NODE_12375_length_791_cov_23.468208	328	408	14	35	80	0.4375000
NODE_12375_length_791_cov_23.468208	381	461	6	2	80	0.0250000
NODE_12375_length_791_cov_23.468208	381	461	12	3	80	0.0375000
NODE_12375_length_791_cov_23.468208	381	461	14	75	80	0.9375000
NODE_12376_length_791_cov_20.897399	299	379	4	80	80	1.0000000
NODE_12376_length_791_cov_20.897399	352	432	0	8	80	0.1000000
NODE_12376_length_791_cov_20.897399	352	432	2	9	80	0.1125000
NODE_12376_length_791_cov_20.897399	352	432	4	63	80	0.7875000
NODE_12377_length_791_cov_13.504335	339	419	0	80	80	1.0000000
NODE_12377_length_791_cov_13.504335	392	472	0	80	80	1.0000000
NODE_12379_length_791_cov_12.547688	338	418	0	80	80	1.0000000
NODE_12379_length_791_cov_12.547688	391	471	0	80	80	1.0000000
NODE_12380_length_791_cov_11.791908	440	520	0	80	80	1.0000000
NODE_12380_length_791_cov_11.791908	493	573	0	80	80	1.0000000
NODE_12381_length_791_cov_11.011561	337	417	0	58	80	0.7250000
NODE_12381_length_791_cov_11.011561	337	417	2	22	80	0.2750000
NODE_12381_length_791_cov_11.011561	390	470	0	5	80	0.0625000
NODE_12381_length_791_cov_11.011561	390	470	2	75	80	0.9375000
NODE_12382_length_791_cov_8.757225	325	405	0	80	80	1.0000000
NODE_12382_length_791_cov_8.757225	378	458	0	80	80	1.0000000
NODE_12384_length_791_cov_8.125723	416	496	0	80	80	1.0000000
NODE_12384_length_791_cov_8.125723	469	549	0	80	80	1.0000000
NODE_12409_length_790_cov_48.021708	526	606	0	80	80	1.0000000
NODE_12409_length_790_cov_48.021708	579	659	0	80	80	1.0000000
NODE_12410_length_790_cov_44.151954	343	423	0	4	80	0.0500000
NODE_12410_length_790_cov_44.151954	343	423	2	76	80	0.9500000
NODE_12410_length_790_cov_44.151954	396	438	2	42	42	1.0000000
NODE_12410_length_790_cov_44.151954	696	776	4	29	80	0.3625000
NODE_12410_length_790_cov_44.151954	696	776	6	17	80	0.2125000
NODE_12410_length_790_cov_44.151954	696	776	8	34	80	0.4250000
NODE_12411_length_790_cov_27.144718	291	371	0	22	80	0.2750000
NODE_12411_length_790_cov_27.144718	291	371	4	14	80	0.1750000
NODE_12411_length_790_cov_27.144718	291	371	6	44	80	0.5500000
NODE_12411_length_790_cov_27.144718	344	424	0	26	80	0.3250000
NODE_12411_length_790_cov_27.144718	344	424	2	19	80	0.2375000
NODE_12411_length_790_cov_27.144718	344	424	6	35	80	0.4375000
NODE_12412_length_790_cov_16.973951	232	312	2	17	80	0.2125000
NODE_12412_length_790_cov_16.973951	232	312	4	49	80	0.6125000
NODE_12412_length_790_cov_16.973951	232	312	8	14	80	0.1750000
NODE_12412_length_790_cov_16.973951	285	365	4	13	80	0.1625000
NODE_12412_length_790_cov_16.973951	285	365	6	39	80	0.4875000
NODE_12412_length_790_cov_16.973951	285	365	8	28	80	0.3500000
NODE_12413_length_790_cov_13.374819	204	284	0	10	80	0.1250000
NODE_12413_length_790_cov_13.374819	204	284	2	70	80	0.8750000
NODE_12413_length_790_cov_13.374819	257	337	0	50	80	0.6250000
NODE_12413_length_790_cov_13.374819	257	337	2	30	80	0.3750000
NODE_12415_length_790_cov_10.613603	302	382	0	80	80	1.0000000
NODE_12415_length_790_cov_10.613603	355	435	0	80	80	1.0000000
NODE_12418_length_790_cov_5.493488	271	351	0	80	80	1.0000000
NODE_12418_length_790_cov_5.493488	324	404	0	80	80	1.0000000
NODE_12434_length_790_cov_1.463097	313	376	0	63	63	1.0000000
NODE_12452_length_789_cov_39.123188	226	306	0	80	80	1.0000000
NODE_12452_length_789_cov_39.123188	279	359	0	80	80	1.0000000
NODE_12453_length_789_cov_37.205797	423	503	0	30	80	0.3750000
NODE_12453_length_789_cov_37.205797	423	503	4	36	80	0.4500000
NODE_12453_length_789_cov_37.205797	423	503	6	12	80	0.1500000
NODE_12453_length_789_cov_37.205797	423	503	9	1	80	0.0125000
NODE_12453_length_789_cov_37.205797	423	503	10	1	80	0.0125000
NODE_12453_length_789_cov_37.205797	476	556	4	13	80	0.1625000
NODE_12453_length_789_cov_37.205797	476	556	6	12	80	0.1500000
NODE_12453_length_789_cov_37.205797	476	556	9	1	80	0.0125000
NODE_12453_length_789_cov_37.205797	476	556	10	54	80	0.6750000
NODE_12454_length_789_cov_31.311594	223	303	0	80	80	1.0000000
NODE_12454_length_789_cov_31.311594	276	356	0	80	80	1.0000000
NODE_12455_length_789_cov_30.536232	306	386	8	80	80	1.0000000
NODE_12455_length_789_cov_30.536232	359	439	0	18	80	0.2250000
NODE_12455_length_789_cov_30.536232	359	439	4	22	80	0.2750000
NODE_12455_length_789_cov_30.536232	359	439	8	40	80	0.5000000
NODE_12456_length_789_cov_24.886957	343	423	6	80	80	1.0000000
NODE_12456_length_789_cov_24.886957	396	476	0	34	80	0.4250000
NODE_12456_length_789_cov_24.886957	396	476	6	46	80	0.5750000
NODE_12457_length_789_cov_23.539130	357	437	0	49	80	0.6125000
NODE_12457_length_789_cov_23.539130	357	437	1	2	80	0.0250000
NODE_12457_length_789_cov_23.539130	357	437	2	29	80	0.3625000
NODE_12457_length_789_cov_23.539130	410	490	2	80	80	1.0000000
NODE_12458_length_789_cov_16.169565	392	472	0	62	80	0.7750000
NODE_12458_length_789_cov_16.169565	392	472	2	18	80	0.2250000
NODE_12458_length_789_cov_16.169565	445	525	0	9	80	0.1125000
NODE_12458_length_789_cov_16.169565	445	525	2	71	80	0.8875000
NODE_12459_length_789_cov_15.175362	242	322	0	80	80	1.0000000
NODE_12459_length_789_cov_15.175362	295	375	0	80	80	1.0000000
NODE_12459_length_789_cov_15.175362	371	451	0	72	80	0.9000000
NODE_12459_length_789_cov_15.175362	371	451	2	8	80	0.1000000
NODE_12459_length_789_cov_15.175362	424	504	0	19	80	0.2375000
NODE_12459_length_789_cov_15.175362	424	504	2	61	80	0.7625000
NODE_12460_length_789_cov_7.276812	306	386	2	57	80	0.7125000
NODE_12460_length_789_cov_7.276812	306	386	4	23	80	0.2875000
NODE_12460_length_789_cov_7.276812	359	439	2	59	80	0.7375000
NODE_12460_length_789_cov_7.276812	359	439	4	21	80	0.2625000
NODE_12482_length_788_cov_43.091437	335	415	0	26	80	0.3250000
NODE_12482_length_788_cov_43.091437	335	415	2	40	80	0.5000000
NODE_12482_length_788_cov_43.091437	335	415	5	7	80	0.0875000
NODE_12482_length_788_cov_43.091437	335	415	11	2	80	0.0250000
NODE_12482_length_788_cov_43.091437	335	415	12	5	80	0.0625000
NODE_12482_length_788_cov_43.091437	388	460	2	13	72	0.1805556
NODE_12482_length_788_cov_43.091437	388	460	5	7	72	0.0972222
NODE_12482_length_788_cov_43.091437	388	460	10	8	72	0.1111111
NODE_12482_length_788_cov_43.091437	388	460	11	2	72	0.0277778
NODE_12482_length_788_cov_43.091437	388	460	12	42	72	0.5833333
NODE_12483_length_788_cov_38.914369	345	425	0	20	80	0.2500000
NODE_12483_length_788_cov_38.914369	345	425	2	60	80	0.7500000
NODE_12483_length_788_cov_38.914369	398	478	2	77	80	0.9625000
NODE_12483_length_788_cov_38.914369	398	478	4	3	80	0.0375000
NODE_12484_length_788_cov_36.148041	320	400	0	6	80	0.0750000
NODE_12484_length_788_cov_36.148041	320	400	2	19	80	0.2375000
NODE_12484_length_788_cov_36.148041	320	400	6	19	80	0.2375000
NODE_12484_length_788_cov_36.148041	320	400	10	29	80	0.3625000
NODE_12484_length_788_cov_36.148041	320	400	12	7	80	0.0875000
NODE_12484_length_788_cov_36.148041	373	453	10	66	80	0.8250000
NODE_12484_length_788_cov_36.148041	373	453	12	14	80	0.1750000
NODE_12485_length_788_cov_35.460087	346	426	0	12	80	0.1500000
NODE_12485_length_788_cov_35.460087	346	426	2	16	80	0.2000000
NODE_12485_length_788_cov_35.460087	346	426	4	39	80	0.4875000
NODE_12485_length_788_cov_35.460087	346	426	6	7	80	0.0875000
NODE_12485_length_788_cov_35.460087	346	426	8	6	80	0.0750000
NODE_12485_length_788_cov_35.460087	399	479	4	27	80	0.3375000
NODE_12485_length_788_cov_35.460087	399	479	6	28	80	0.3500000
NODE_12485_length_788_cov_35.460087	399	479	8	25	80	0.3125000
NODE_12486_length_788_cov_30.785196	278	358	0	11	80	0.1375000
NODE_12486_length_788_cov_30.785196	278	358	2	68	80	0.8500000
NODE_12486_length_788_cov_30.785196	278	358	3	1	80	0.0125000
NODE_12486_length_788_cov_30.785196	331	411	2	26	80	0.3250000
NODE_12486_length_788_cov_30.785196	331	411	3	23	80	0.2875000
NODE_12486_length_788_cov_30.785196	331	411	4	10	80	0.1250000
NODE_12486_length_788_cov_30.785196	331	411	5	21	80	0.2625000
NODE_12488_length_788_cov_20.867925	300	380	2	38	80	0.4750000
NODE_12488_length_788_cov_20.867925	300	380	3	31	80	0.3875000
NODE_12488_length_788_cov_20.867925	300	380	4	11	80	0.1375000
NODE_12488_length_788_cov_20.867925	353	430	2	77	77	1.0000000
NODE_12489_length_788_cov_20.821480	322	402	4	2	80	0.0250000
NODE_12489_length_788_cov_20.821480	322	402	8	14	80	0.1750000
NODE_12489_length_788_cov_20.821480	322	402	14	64	80	0.8000000
NODE_12489_length_788_cov_20.821480	375	455	0	28	80	0.3500000
NODE_12489_length_788_cov_20.821480	375	455	4	27	80	0.3375000
NODE_12489_length_788_cov_20.821480	375	455	8	14	80	0.1750000
NODE_12489_length_788_cov_20.821480	375	455	14	11	80	0.1375000
NODE_12490_length_788_cov_15.570392	342	422	0	80	80	1.0000000
NODE_12490_length_788_cov_15.570392	395	475	0	80	80	1.0000000
NODE_12491_length_788_cov_12.235123	241	321	0	56	80	0.7000000
NODE_12491_length_788_cov_12.235123	241	321	2	24	80	0.3000000
NODE_12491_length_788_cov_12.235123	294	374	0	3	80	0.0375000
NODE_12491_length_788_cov_12.235123	294	374	2	77	80	0.9625000
NODE_12492_length_788_cov_10.509434	405	480	6	45	75	0.6000000
NODE_12492_length_788_cov_10.509434	405	480	8	17	75	0.2266667
NODE_12492_length_788_cov_10.509434	405	480	10	13	75	0.1733333
NODE_12493_length_788_cov_9.737300	310	390	0	11	80	0.1375000
NODE_12493_length_788_cov_9.737300	310	390	2	69	80	0.8625000
NODE_12493_length_788_cov_9.737300	363	443	2	80	80	1.0000000
NODE_12494_length_788_cov_8.872279	280	360	0	19	80	0.2375000
NODE_12494_length_788_cov_8.872279	280	360	2	10	80	0.1250000
NODE_12494_length_788_cov_8.872279	280	360	4	51	80	0.6375000
NODE_12494_length_788_cov_8.872279	333	413	0	37	80	0.4625000
NODE_12494_length_788_cov_8.872279	333	413	2	26	80	0.3250000
NODE_12494_length_788_cov_8.872279	333	413	4	17	80	0.2125000
NODE_12516_length_787_cov_34.683140	274	335	4	22	61	0.3606557
NODE_12516_length_787_cov_34.683140	274	335	6	39	61	0.6393443
NODE_12516_length_787_cov_34.683140	319	380	2	45	61	0.7377049
NODE_12516_length_787_cov_34.683140	319	380	4	16	61	0.2622951
NODE_12517_length_787_cov_28.039244	252	329	4	11	77	0.1428571
NODE_12517_length_787_cov_28.039244	252	329	5	17	77	0.2207792
NODE_12517_length_787_cov_28.039244	252	329	6	49	77	0.6363636
NODE_12517_length_787_cov_28.039244	302	370	4	52	68	0.7647059
NODE_12517_length_787_cov_28.039244	302	370	6	16	68	0.2352941
NODE_12518_length_787_cov_25.422965	351	431	0	80	80	1.0000000
NODE_12518_length_787_cov_25.422965	404	484	0	80	80	1.0000000
NODE_12519_length_787_cov_24.857558	319	399	1	10	80	0.1250000
NODE_12519_length_787_cov_24.857558	319	399	2	70	80	0.8750000
NODE_12519_length_787_cov_24.857558	372	452	1	3	80	0.0375000
NODE_12519_length_787_cov_24.857558	372	452	2	77	80	0.9625000
NODE_12520_length_787_cov_21.357558	291	371	0	80	80	1.0000000
NODE_12520_length_787_cov_21.357558	344	424	0	31	80	0.3875000
NODE_12520_length_787_cov_21.357558	344	424	1	49	80	0.6125000
NODE_12521_length_787_cov_17.360465	396	476	0	31	80	0.3875000
NODE_12521_length_787_cov_17.360465	396	476	4	49	80	0.6125000
NODE_12521_length_787_cov_17.360465	449	529	2	10	80	0.1250000
NODE_12521_length_787_cov_17.360465	449	529	4	27	80	0.3375000
NODE_12521_length_787_cov_17.360465	449	529	6	43	80	0.5375000
NODE_12522_length_787_cov_14.677326	178	258	0	80	80	1.0000000
NODE_12522_length_787_cov_14.677326	231	311	0	39	80	0.4875000
NODE_12522_length_787_cov_14.677326	231	311	4	4	80	0.0500000
NODE_12522_length_787_cov_14.677326	231	311	6	37	80	0.4625000
NODE_12523_length_787_cov_12.959302	331	411	2	28	80	0.3500000
NODE_12523_length_787_cov_12.959302	331	411	4	52	80	0.6500000
NODE_12523_length_787_cov_12.959302	384	464	0	20	80	0.2500000
NODE_12523_length_787_cov_12.959302	384	464	2	10	80	0.1250000
NODE_12523_length_787_cov_12.959302	384	464	4	50	80	0.6250000
NODE_12524_length_787_cov_12.748547	426	506	0	6	80	0.0750000
NODE_12524_length_787_cov_12.748547	426	506	4	74	80	0.9250000
NODE_12524_length_787_cov_12.748547	479	559	0	59	80	0.7375000
NODE_12524_length_787_cov_12.748547	479	559	4	21	80	0.2625000
NODE_12525_length_787_cov_12.369186	338	418	0	80	80	1.0000000
NODE_12525_length_787_cov_12.369186	391	471	0	80	80	1.0000000
NODE_12526_length_787_cov_9.213663	376	456	0	80	80	1.0000000
NODE_12527_length_787_cov_8.857558	344	424	0	50	80	0.6250000
NODE_12527_length_787_cov_8.857558	344	424	2	30	80	0.3750000
NODE_12527_length_787_cov_8.857558	397	477	0	27	80	0.3375000
NODE_12527_length_787_cov_8.857558	397	477	2	53	80	0.6625000
NODE_12529_length_787_cov_8.186047	508	552	0	44	44	1.0000000
NODE_12541_length_787_cov_2.188953	505	552	2	47	47	1.0000000
NODE_12562_length_786_cov_36.441048	431	511	0	80	80	1.0000000
NODE_12562_length_786_cov_36.441048	484	564	0	80	80	1.0000000
NODE_12563_length_786_cov_23.771470	235	315	0	80	80	1.0000000
NODE_12563_length_786_cov_23.771470	288	368	0	80	80	1.0000000
NODE_12564_length_786_cov_23.333333	361	436	4	42	75	0.5600000
NODE_12564_length_786_cov_23.333333	361	436	6	17	75	0.2266667
NODE_12564_length_786_cov_23.333333	361	436	7	1	75	0.0133333
NODE_12564_length_786_cov_23.333333	361	436	9	11	75	0.1466667
NODE_12564_length_786_cov_23.333333	361	436	11	1	75	0.0133333
NODE_12564_length_786_cov_23.333333	361	436	12	3	75	0.0400000
NODE_12564_length_786_cov_23.333333	362	436	4	41	74	0.5540541
NODE_12564_length_786_cov_23.333333	362	436	6	17	74	0.2297297
NODE_12564_length_786_cov_23.333333	362	436	7	1	74	0.0135135
NODE_12564_length_786_cov_23.333333	362	436	9	11	74	0.1486486
NODE_12564_length_786_cov_23.333333	362	436	11	1	74	0.0135135
NODE_12564_length_786_cov_23.333333	362	436	12	3	74	0.0405405
NODE_12564_length_786_cov_23.333333	375	436	4	28	61	0.4590164
NODE_12564_length_786_cov_23.333333	375	436	6	17	61	0.2786885
NODE_12564_length_786_cov_23.333333	375	436	7	1	61	0.0163934
NODE_12564_length_786_cov_23.333333	375	436	9	11	61	0.1803279
NODE_12564_length_786_cov_23.333333	375	436	11	1	61	0.0163934
NODE_12564_length_786_cov_23.333333	375	436	12	3	61	0.0491803
NODE_12564_length_786_cov_23.333333	414	489	6	6	75	0.0800000
NODE_12564_length_786_cov_23.333333	414	489	7	1	75	0.0133333
NODE_12564_length_786_cov_23.333333	414	489	9	11	75	0.1466667
NODE_12564_length_786_cov_23.333333	414	489	11	1	75	0.0133333
NODE_12564_length_786_cov_23.333333	414	489	12	28	75	0.3733333
NODE_12564_length_786_cov_23.333333	414	489	14	28	75	0.3733333
NODE_12564_length_786_cov_23.333333	414	489	6	6	75	0.0800000
NODE_12564_length_786_cov_23.333333	414	489	7	1	75	0.0133333
NODE_12564_length_786_cov_23.333333	414	489	9	11	75	0.1466667
NODE_12564_length_786_cov_23.333333	414	489	11	1	75	0.0133333
NODE_12564_length_786_cov_23.333333	414	489	12	28	75	0.3733333
NODE_12564_length_786_cov_23.333333	414	489	14	28	75	0.3733333
NODE_12564_length_786_cov_23.333333	414	489	6	6	75	0.0800000
NODE_12564_length_786_cov_23.333333	414	489	7	1	75	0.0133333
NODE_12564_length_786_cov_23.333333	414	489	9	11	75	0.1466667
NODE_12564_length_786_cov_23.333333	414	489	11	1	75	0.0133333
NODE_12564_length_786_cov_23.333333	414	489	12	28	75	0.3733333
NODE_12564_length_786_cov_23.333333	414	489	14	28	75	0.3733333
NODE_12564_length_786_cov_23.333333	490	564	11	55	74	0.7432432
NODE_12564_length_786_cov_23.333333	490	564	13	2	74	0.0270270
NODE_12564_length_786_cov_23.333333	490	564	14	4	74	0.0540541
NODE_12564_length_786_cov_23.333333	490	564	15	13	74	0.1756757
NODE_12565_length_786_cov_19.279476	310	375	0	65	65	1.0000000
NODE_12565_length_786_cov_19.279476	371	441	0	70	70	1.0000000
NODE_12565_length_786_cov_19.279476	371	451	0	80	80	1.0000000
NODE_12565_length_786_cov_19.279476	424	491	0	67	67	1.0000000
NODE_12566_length_786_cov_18.652111	251	331	0	37	80	0.4625000
NODE_12566_length_786_cov_18.652111	251	331	1	1	80	0.0125000
NODE_12566_length_786_cov_18.652111	251	331	2	9	80	0.1125000
NODE_12566_length_786_cov_18.652111	251	331	4	33	80	0.4125000
NODE_12566_length_786_cov_18.652111	304	384	2	43	80	0.5375000
NODE_12566_length_786_cov_18.652111	304	384	4	37	80	0.4625000
NODE_12567_length_786_cov_16.704512	319	399	0	80	80	1.0000000
NODE_12567_length_786_cov_16.704512	372	452	0	80	80	1.0000000
NODE_12568_length_786_cov_16.254731	378	458	12	80	80	1.0000000
NODE_12568_length_786_cov_16.254731	431	511	0	14	80	0.1750000
NODE_12568_length_786_cov_16.254731	431	511	6	23	80	0.2875000
NODE_12568_length_786_cov_16.254731	431	511	12	43	80	0.5375000
NODE_12571_length_786_cov_10.053857	381	461	0	50	80	0.6250000
NODE_12571_length_786_cov_10.053857	381	461	2	30	80	0.3750000
NODE_12571_length_786_cov_10.053857	434	514	2	80	80	1.0000000
NODE_12572_length_786_cov_7.455604	400	473	0	73	73	1.0000000
NODE_12572_length_786_cov_7.455604	453	533	0	80	80	1.0000000
NODE_12573_length_786_cov_7.119360	276	356	0	80	80	1.0000000
NODE_12573_length_786_cov_7.119360	329	409	0	80	80	1.0000000
NODE_12575_length_786_cov_6.771470	382	462	0	80	80	1.0000000
NODE_12575_length_786_cov_6.771470	435	515	0	80	80	1.0000000
NODE_12603_length_785_cov_83.972303	315	395	0	80	80	1.0000000
NODE_12603_length_785_cov_83.972303	368	448	0	80	80	1.0000000
NODE_12604_length_785_cov_33.911079	477	557	0	23	80	0.2875000
NODE_12604_length_785_cov_33.911079	477	557	2	57	80	0.7125000
NODE_12604_length_785_cov_33.911079	530	610	0	76	80	0.9500000
NODE_12604_length_785_cov_33.911079	530	610	2	4	80	0.0500000
NODE_12605_length_785_cov_21.174927	265	299	0	34	34	1.0000000
NODE_12605_length_785_cov_21.174927	295	375	0	80	80	1.0000000
NODE_12605_length_785_cov_21.174927	348	428	0	80	80	1.0000000
NODE_12606_length_785_cov_18.612245	291	371	0	50	80	0.6250000
NODE_12606_length_785_cov_18.612245	291	371	6	30	80	0.3750000
NODE_12606_length_785_cov_18.612245	344	424	3	1	80	0.0125000
NODE_12606_length_785_cov_18.612245	344	424	4	4	80	0.0500000
NODE_12606_length_785_cov_18.612245	344	424	5	12	80	0.1500000
NODE_12606_length_785_cov_18.612245	344	424	6	63	80	0.7875000
NODE_12606_length_785_cov_18.612245	684	705	0	21	21	1.0000000
NODE_12607_length_785_cov_9.893586	153	233	0	39	80	0.4875000
NODE_12607_length_785_cov_9.893586	153	233	2	41	80	0.5125000
NODE_12607_length_785_cov_9.893586	206	286	2	80	80	1.0000000
NODE_12645_length_784_cov_203.604380	5	85	90	1	80	0.0125000
NODE_12645_length_784_cov_203.604380	5	85	93	1	80	0.0125000
NODE_12645_length_784_cov_203.604380	5	85	111	1	80	0.0125000
NODE_12645_length_784_cov_203.604380	5	85	125	1	80	0.0125000
NODE_12645_length_784_cov_203.604380	5	85	130	1	80	0.0125000
NODE_12645_length_784_cov_203.604380	5	85	136	1	80	0.0125000
NODE_12645_length_784_cov_203.604380	5	85	149	1	80	0.0125000
NODE_12645_length_784_cov_203.604380	5	85	152	1	80	0.0125000
NODE_12645_length_784_cov_203.604380	5	85	180	1	80	0.0125000
NODE_12645_length_784_cov_203.604380	5	85	183	1	80	0.0125000
NODE_12645_length_784_cov_203.604380	5	85	205	1	80	0.0125000
NODE_12645_length_784_cov_203.604380	5	85	206	1	80	0.0125000
NODE_12645_length_784_cov_203.604380	5	85	215	1	80	0.0125000
NODE_12645_length_784_cov_203.604380	5	85	259	1	80	0.0125000
NODE_12645_length_784_cov_203.604380	5	85	276	1	80	0.0125000
NODE_12645_length_784_cov_203.604380	5	85	280	1	80	0.0125000
NODE_12645_length_784_cov_203.604380	5	85	318	1	80	0.0125000
NODE_12645_length_784_cov_203.604380	5	85	320	1	80	0.0125000
NODE_12645_length_784_cov_203.604380	5	85	326	1	80	0.0125000
NODE_12645_length_784_cov_203.604380	5	85	330	2	80	0.0250000
NODE_12645_length_784_cov_203.604380	5	85	351	1	80	0.0125000
NODE_12645_length_784_cov_203.604380	5	85	353	1	80	0.0125000
NODE_12645_length_784_cov_203.604380	5	85	359	1	80	0.0125000
NODE_12645_length_784_cov_203.604380	5	85	375	1	80	0.0125000
NODE_12645_length_784_cov_203.604380	5	85	387	1	80	0.0125000
NODE_12645_length_784_cov_203.604380	5	85	392	1	80	0.0125000
NODE_12645_length_784_cov_203.604380	5	85	398	2	80	0.0250000
NODE_12645_length_784_cov_203.604380	5	85	403	1	80	0.0125000
NODE_12645_length_784_cov_203.604380	5	85	404	1	80	0.0125000
NODE_12645_length_784_cov_203.604380	5	85	407	1	80	0.0125000
NODE_12645_length_784_cov_203.604380	5	85	410	1	80	0.0125000
NODE_12645_length_784_cov_203.604380	5	85	414	1	80	0.0125000
NODE_12645_length_784_cov_203.604380	5	85	420	1	80	0.0125000
NODE_12645_length_784_cov_203.604380	5	85	424	1	80	0.0125000
NODE_12645_length_784_cov_203.604380	5	85	429	1	80	0.0125000
NODE_12645_length_784_cov_203.604380	5	85	430	1	80	0.0125000
NODE_12645_length_784_cov_203.604380	5	85	446	2	80	0.0250000
NODE_12645_length_784_cov_203.604380	5	85	450	1	80	0.0125000
NODE_12645_length_784_cov_203.604380	5	85	452	1	80	0.0125000
NODE_12645_length_784_cov_203.604380	5	85	456	1	80	0.0125000
NODE_12645_length_784_cov_203.604380	5	85	463	1	80	0.0125000
NODE_12645_length_784_cov_203.604380	5	85	465	2	80	0.0250000
NODE_12645_length_784_cov_203.604380	5	85	467	1	80	0.0125000
NODE_12645_length_784_cov_203.604380	5	85	477	1	80	0.0125000
NODE_12645_length_784_cov_203.604380	5	85	480	1	80	0.0125000
NODE_12645_length_784_cov_203.604380	5	85	482	1	80	0.0125000
NODE_12645_length_784_cov_203.604380	5	85	487	1	80	0.0125000
NODE_12645_length_784_cov_203.604380	5	85	488	1	80	0.0125000
NODE_12645_length_784_cov_203.604380	5	85	490	1	80	0.0125000
NODE_12645_length_784_cov_203.604380	5	85	491	1	80	0.0125000
NODE_12645_length_784_cov_203.604380	5	85	493	1	80	0.0125000
NODE_12645_length_784_cov_203.604380	5	85	494	1	80	0.0125000
NODE_12645_length_784_cov_203.604380	5	85	498	3	80	0.0375000
NODE_12645_length_784_cov_203.604380	5	85	502	1	80	0.0125000
NODE_12645_length_784_cov_203.604380	5	85	504	1	80	0.0125000
NODE_12645_length_784_cov_203.604380	5	85	505	1	80	0.0125000
NODE_12645_length_784_cov_203.604380	5	85	507	1	80	0.0125000
NODE_12645_length_784_cov_203.604380	5	85	510	2	80	0.0250000
NODE_12645_length_784_cov_203.604380	5	85	513	5	80	0.0625000
NODE_12645_length_784_cov_203.604380	5	85	517	2	80	0.0250000
NODE_12645_length_784_cov_203.604380	5	85	521	1	80	0.0125000
NODE_12645_length_784_cov_203.604380	5	85	523	1	80	0.0125000
NODE_12645_length_784_cov_203.604380	5	85	524	2	80	0.0250000
NODE_12645_length_784_cov_203.604380	5	85	526	1	80	0.0125000
NODE_12645_length_784_cov_203.604380	5	85	527	1	80	0.0125000
NODE_12645_length_784_cov_203.604380	5	85	530	1	80	0.0125000
NODE_12645_length_784_cov_203.604380	5	85	537	1	80	0.0125000
NODE_12645_length_784_cov_203.604380	58	138	491	1	80	0.0125000
NODE_12645_length_784_cov_203.604380	58	138	493	1	80	0.0125000
NODE_12645_length_784_cov_203.604380	58	138	494	1	80	0.0125000
NODE_12645_length_784_cov_203.604380	58	138	498	3	80	0.0375000
NODE_12645_length_784_cov_203.604380	58	138	502	1	80	0.0125000
NODE_12645_length_784_cov_203.604380	58	138	504	1	80	0.0125000
NODE_12645_length_784_cov_203.604380	58	138	505	1	80	0.0125000
NODE_12645_length_784_cov_203.604380	58	138	506	1	80	0.0125000
NODE_12645_length_784_cov_203.604380	58	138	507	1	80	0.0125000
NODE_12645_length_784_cov_203.604380	58	138	508	1	80	0.0125000
NODE_12645_length_784_cov_203.604380	58	138	510	3	80	0.0375000
NODE_12645_length_784_cov_203.604380	58	138	512	1	80	0.0125000
NODE_12645_length_784_cov_203.604380	58	138	513	5	80	0.0625000
NODE_12645_length_784_cov_203.604380	58	138	516	1	80	0.0125000
NODE_12645_length_784_cov_203.604380	58	138	517	2	80	0.0250000
NODE_12645_length_784_cov_203.604380	58	138	521	1	80	0.0125000
NODE_12645_length_784_cov_203.604380	58	138	522	1	80	0.0125000
NODE_12645_length_784_cov_203.604380	58	138	523	1	80	0.0125000
NODE_12645_length_784_cov_203.604380	58	138	524	3	80	0.0375000
NODE_12645_length_784_cov_203.604380	58	138	526	1	80	0.0125000
NODE_12645_length_784_cov_203.604380	58	138	527	1	80	0.0125000
NODE_12645_length_784_cov_203.604380	58	138	528	1	80	0.0125000
NODE_12645_length_784_cov_203.604380	58	138	530	1	80	0.0125000
NODE_12645_length_784_cov_203.604380	58	138	536	1	80	0.0125000
NODE_12645_length_784_cov_203.604380	58	138	537	1	80	0.0125000
NODE_12645_length_784_cov_203.604380	58	138	540	1	80	0.0125000
NODE_12645_length_784_cov_203.604380	58	138	542	1	80	0.0125000
NODE_12645_length_784_cov_203.604380	58	138	543	1	80	0.0125000
NODE_12645_length_784_cov_203.604380	58	138	546	3	80	0.0375000
NODE_12645_length_784_cov_203.604380	58	138	548	2	80	0.0250000
NODE_12645_length_784_cov_203.604380	58	138	552	1	80	0.0125000
NODE_12645_length_784_cov_203.604380	58	138	555	1	80	0.0125000
NODE_12645_length_784_cov_203.604380	58	138	557	4	80	0.0500000
NODE_12645_length_784_cov_203.604380	58	138	559	2	80	0.0250000
NODE_12645_length_784_cov_203.604380	58	138	563	1	80	0.0125000
NODE_12645_length_784_cov_203.604380	58	138	564	1	80	0.0125000
NODE_12645_length_784_cov_203.604380	58	138	566	3	80	0.0375000
NODE_12645_length_784_cov_203.604380	58	138	567	4	80	0.0500000
NODE_12645_length_784_cov_203.604380	58	138	571	4	80	0.0500000
NODE_12645_length_784_cov_203.604380	58	138	572	2	80	0.0250000
NODE_12645_length_784_cov_203.604380	58	138	575	2	80	0.0250000
NODE_12645_length_784_cov_203.604380	58	138	577	3	80	0.0375000
NODE_12645_length_784_cov_203.604380	58	138	579	1	80	0.0125000
NODE_12645_length_784_cov_203.604380	58	138	581	3	80	0.0375000
NODE_12645_length_784_cov_203.604380	58	138	584	1	80	0.0125000
NODE_12645_length_784_cov_203.604380	58	138	585	2	80	0.0250000
NODE_12645_length_784_cov_203.604380	58	138	587	1	80	0.0125000
NODE_12646_length_784_cov_45.210219	49	129	0	80	80	1.0000000
NODE_12646_length_784_cov_45.210219	102	182	0	80	80	1.0000000
NODE_12646_length_784_cov_45.210219	218	298	2	80	80	1.0000000
NODE_12646_length_784_cov_45.210219	271	351	2	63	80	0.7875000
NODE_12646_length_784_cov_45.210219	271	351	4	17	80	0.2125000
NODE_12646_length_784_cov_45.210219	347	427	2	4	80	0.0500000
NODE_12646_length_784_cov_45.210219	347	427	11	2	80	0.0250000
NODE_12646_length_784_cov_45.210219	347	427	12	19	80	0.2375000
NODE_12646_length_784_cov_45.210219	347	427	14	55	80	0.6875000
NODE_12646_length_784_cov_45.210219	347	427	2	4	80	0.0500000
NODE_12646_length_784_cov_45.210219	347	427	11	2	80	0.0250000
NODE_12646_length_784_cov_45.210219	347	427	12	19	80	0.2375000
NODE_12646_length_784_cov_45.210219	347	427	14	55	80	0.6875000
NODE_12646_length_784_cov_45.210219	347	427	2	4	80	0.0500000
NODE_12646_length_784_cov_45.210219	347	427	11	2	80	0.0250000
NODE_12646_length_784_cov_45.210219	347	427	12	19	80	0.2375000
NODE_12646_length_784_cov_45.210219	347	427	14	55	80	0.6875000
NODE_12646_length_784_cov_45.210219	400	447	12	9	47	0.1914894
NODE_12646_length_784_cov_45.210219	400	447	14	38	47	0.8085107
NODE_12646_length_784_cov_45.210219	400	480	12	42	80	0.5250000
NODE_12646_length_784_cov_45.210219	400	480	14	38	80	0.4750000
NODE_12646_length_784_cov_45.210219	400	455	12	17	55	0.3090909
NODE_12646_length_784_cov_45.210219	400	455	14	38	55	0.6909091
NODE_12647_length_784_cov_33.543066	405	485	0	80	80	1.0000000
NODE_12647_length_784_cov_33.543066	458	538	0	80	80	1.0000000
NODE_12648_length_784_cov_21.762044	318	398	0	59	80	0.7375000
NODE_12648_length_784_cov_21.762044	318	398	2	8	80	0.1000000
NODE_12648_length_784_cov_21.762044	318	398	4	13	80	0.1625000
NODE_12648_length_784_cov_21.762044	371	451	0	6	80	0.0750000
NODE_12648_length_784_cov_21.762044	371	451	2	10	80	0.1250000
NODE_12648_length_784_cov_21.762044	371	451	4	64	80	0.8000000
NODE_12649_length_784_cov_20.583942	286	366	5	13	80	0.1625000
NODE_12649_length_784_cov_20.583942	286	366	7	26	80	0.3250000
NODE_12649_length_784_cov_20.583942	286	366	8	41	80	0.5125000
NODE_12649_length_784_cov_20.583942	339	419	0	15	80	0.1875000
NODE_12649_length_784_cov_20.583942	339	419	4	30	80	0.3750000
NODE_12649_length_784_cov_20.583942	339	419	5	21	80	0.2625000
NODE_12649_length_784_cov_20.583942	339	419	7	14	80	0.1750000
NODE_12649_length_784_cov_20.583942	415	495	0	80	80	1.0000000
NODE_12649_length_784_cov_20.583942	468	548	0	80	80	1.0000000
NODE_12650_length_784_cov_19.448175	217	297	0	80	80	1.0000000
NODE_12650_length_784_cov_19.448175	270	350	0	80	80	1.0000000
NODE_12652_length_784_cov_12.480292	297	377	0	68	80	0.8500000
NODE_12652_length_784_cov_12.480292	297	377	2	12	80	0.1500000
NODE_12652_length_784_cov_12.480292	350	430	0	15	80	0.1875000
NODE_12652_length_784_cov_12.480292	350	430	2	65	80	0.8125000
NODE_12653_length_784_cov_9.296350	250	330	0	80	80	1.0000000
NODE_12653_length_784_cov_9.296350	303	383	0	80	80	1.0000000
NODE_12653_length_784_cov_9.296350	379	459	0	80	80	1.0000000
NODE_12653_length_784_cov_9.296350	432	512	0	80	80	1.0000000
NODE_12654_length_784_cov_6.316788	274	354	0	80	80	1.0000000
NODE_12654_length_784_cov_6.316788	327	407	0	80	80	1.0000000
NODE_12688_length_783_cov_41.849415	459	539	0	55	80	0.6875000
NODE_12688_length_783_cov_41.849415	459	539	2	25	80	0.3125000
NODE_12688_length_783_cov_41.849415	512	592	0	80	80	1.0000000
NODE_12689_length_783_cov_39.881579	230	310	7	80	80	1.0000000
NODE_12689_length_783_cov_39.881579	283	363	4	4	80	0.0500000
NODE_12689_length_783_cov_39.881579	283	363	7	33	80	0.4125000
NODE_12689_length_783_cov_39.881579	283	363	11	43	80	0.5375000
NODE_12689_length_783_cov_39.881579	359	439	2	7	80	0.0875000
NODE_12689_length_783_cov_39.881579	359	439	4	29	80	0.3625000
NODE_12689_length_783_cov_39.881579	359	439	6	44	80	0.5500000
NODE_12689_length_783_cov_39.881579	412	492	0	28	80	0.3500000
NODE_12689_length_783_cov_39.881579	412	492	2	32	80	0.4000000
NODE_12689_length_783_cov_39.881579	412	492	6	20	80	0.2500000
NODE_12690_length_783_cov_35.967836	229	309	0	80	80	1.0000000
NODE_12690_length_783_cov_35.967836	282	362	0	80	80	1.0000000
NODE_12691_length_783_cov_28.203216	292	372	0	80	80	1.0000000
NODE_12691_length_783_cov_28.203216	345	425	0	80	80	1.0000000
NODE_12692_length_783_cov_16.695906	393	473	0	80	80	1.0000000
NODE_12692_length_783_cov_16.695906	446	526	0	80	80	1.0000000
NODE_12693_length_783_cov_15.656433	418	498	0	58	80	0.7250000
NODE_12693_length_783_cov_15.656433	418	498	4	22	80	0.2750000
NODE_12693_length_783_cov_15.656433	471	551	0	5	80	0.0625000
NODE_12693_length_783_cov_15.656433	471	551	4	30	80	0.3750000
NODE_12693_length_783_cov_15.656433	471	551	7	16	80	0.2000000
NODE_12693_length_783_cov_15.656433	471	551	8	29	80	0.3625000
NODE_12694_length_783_cov_14.904971	321	401	2	80	80	1.0000000
NODE_12694_length_783_cov_14.904971	374	454	0	52	80	0.6500000
NODE_12694_length_783_cov_14.904971	374	454	2	28	80	0.3500000
NODE_12728_length_782_cov_22.461201	347	427	0	66	80	0.8250000
NODE_12728_length_782_cov_22.461201	347	427	2	14	80	0.1750000
NODE_12728_length_782_cov_22.461201	400	480	0	13	80	0.1625000
NODE_12728_length_782_cov_22.461201	400	480	2	67	80	0.8375000
NODE_12729_length_782_cov_19.163982	306	386	0	80	80	1.0000000
NODE_12729_length_782_cov_19.163982	382	462	0	48	80	0.6000000
NODE_12729_length_782_cov_19.163982	382	462	1	1	80	0.0125000
NODE_12729_length_782_cov_19.163982	382	462	2	31	80	0.3875000
NODE_12729_length_782_cov_19.163982	435	515	2	80	80	1.0000000
NODE_12730_length_782_cov_19.090776	295	375	0	22	80	0.2750000
NODE_12730_length_782_cov_19.090776	295	375	4	58	80	0.7250000
NODE_12730_length_782_cov_19.090776	348	428	4	39	80	0.4875000
NODE_12730_length_782_cov_19.090776	348	428	8	41	80	0.5125000
NODE_12731_length_782_cov_13.509517	323	403	0	80	80	1.0000000
NODE_12731_length_782_cov_13.509517	376	456	0	80	80	1.0000000
NODE_12732_length_782_cov_11.364568	367	447	0	80	80	1.0000000
NODE_12732_length_782_cov_11.364568	420	500	0	80	80	1.0000000
NODE_12735_length_782_cov_7.976574	245	325	0	80	80	1.0000000
NODE_12735_length_782_cov_7.976574	298	378	0	80	80	1.0000000
NODE_12737_length_782_cov_5.500732	384	464	0	80	80	1.0000000
NODE_12737_length_782_cov_5.500732	437	517	0	80	80	1.0000000
NODE_12739_length_782_cov_4.434846	309	389	0	80	80	1.0000000
NODE_12739_length_782_cov_4.434846	362	442	0	80	80	1.0000000
NODE_12740_length_782_cov_3.352855	177	196	0	19	19	1.0000000
NODE_12741_length_782_cov_3.231332	160	240	0	80	80	1.0000000
NODE_12741_length_782_cov_3.231332	213	298	0	85	85	1.0000000
NODE_12765_length_781_cov_34.247801	174	254	0	19	80	0.2375000
NODE_12765_length_781_cov_34.247801	174	254	4	61	80	0.7625000
NODE_12765_length_781_cov_34.247801	227	307	4	80	80	1.0000000
NODE_12766_length_781_cov_27.530792	490	570	2	21	80	0.2625000
NODE_12766_length_781_cov_27.530792	490	570	6	3	80	0.0375000
NODE_12766_length_781_cov_27.530792	490	570	8	56	80	0.7000000
NODE_12766_length_781_cov_27.530792	543	623	2	16	80	0.2000000
NODE_12766_length_781_cov_27.530792	543	623	4	1	80	0.0125000
NODE_12766_length_781_cov_27.530792	543	623	6	35	80	0.4375000
NODE_12766_length_781_cov_27.530792	543	623	8	28	80	0.3500000
NODE_12766_length_781_cov_27.530792	619	699	0	74	80	0.9250000
NODE_12766_length_781_cov_27.530792	619	699	2	6	80	0.0750000
NODE_12766_length_781_cov_27.530792	672	752	0	80	80	1.0000000
NODE_12767_length_781_cov_22.768328	427	507	0	80	80	1.0000000
NODE_12767_length_781_cov_22.768328	480	560	0	30	80	0.3750000
NODE_12767_length_781_cov_22.768328	480	560	4	50	80	0.6250000
NODE_12768_length_781_cov_17.894428	411	491	0	80	80	1.0000000
NODE_12768_length_781_cov_17.894428	464	544	0	80	80	1.0000000
NODE_12769_length_781_cov_14.922287	486	565	0	15	79	0.1898734
NODE_12769_length_781_cov_14.922287	486	565	1	46	79	0.5822785
NODE_12769_length_781_cov_14.922287	486	565	2	18	79	0.2278481
NODE_12769_length_781_cov_14.922287	538	618	1	9	80	0.1125000
NODE_12769_length_781_cov_14.922287	538	618	2	71	80	0.8875000
NODE_12770_length_781_cov_12.529326	318	398	2	27	80	0.3375000
NODE_12770_length_781_cov_12.529326	318	398	4	53	80	0.6625000
NODE_12770_length_781_cov_12.529326	371	451	0	51	80	0.6375000
NODE_12770_length_781_cov_12.529326	371	451	2	29	80	0.3625000
NODE_12771_length_781_cov_10.303519	444	524	2	16	80	0.2000000
NODE_12771_length_781_cov_10.303519	444	524	4	5	80	0.0625000
NODE_12771_length_781_cov_10.303519	444	524	6	59	80	0.7375000
NODE_12772_length_781_cov_9.851906	374	454	0	80	80	1.0000000
NODE_12772_length_781_cov_9.851906	427	507	0	80	80	1.0000000
NODE_12775_length_781_cov_8.557185	113	194	0	3	81	0.0370370
NODE_12775_length_781_cov_8.557185	113	194	2	78	81	0.9629630
NODE_12775_length_781_cov_8.557185	166	239	0	48	73	0.6575342
NODE_12775_length_781_cov_8.557185	166	239	2	25	73	0.3424658
NODE_12778_length_781_cov_4.734604	30	110	0	11	80	0.1375000
NODE_12778_length_781_cov_4.734604	30	110	4	69	80	0.8625000
NODE_12778_length_781_cov_4.734604	83	163	4	80	80	1.0000000
NODE_12780_length_781_cov_4.077713	269	349	0	80	80	1.0000000
NODE_12780_length_781_cov_4.077713	322	402	0	80	80	1.0000000
NODE_12812_length_780_cov_37.693098	165	245	2	27	80	0.3375000
NODE_12812_length_780_cov_37.693098	165	245	4	24	80	0.3000000
NODE_12812_length_780_cov_37.693098	165	245	8	7	80	0.0875000
NODE_12812_length_780_cov_37.693098	165	245	12	8	80	0.1000000
NODE_12812_length_780_cov_37.693098	165	245	14	14	80	0.1750000
NODE_12812_length_780_cov_37.693098	218	298	8	5	80	0.0625000
NODE_12812_length_780_cov_37.693098	218	298	12	8	80	0.1000000
NODE_12812_length_780_cov_37.693098	218	298	14	67	80	0.8375000
NODE_12813_length_780_cov_22.132159	407	487	6	80	80	1.0000000
NODE_12813_length_780_cov_22.132159	460	540	0	13	80	0.1625000
NODE_12813_length_780_cov_22.132159	460	540	3	12	80	0.1500000
NODE_12813_length_780_cov_22.132159	460	540	6	55	80	0.6875000
NODE_12814_length_780_cov_21.831131	299	379	0	80	80	1.0000000
NODE_12814_length_780_cov_21.831131	352	432	0	80	80	1.0000000
NODE_12815_length_780_cov_16.722467	165	245	0	80	80	1.0000000
NODE_12815_length_780_cov_16.722467	218	298	0	80	80	1.0000000
NODE_12816_length_780_cov_13.189427	150	254	0	13	104	0.1250000
NODE_12816_length_780_cov_13.189427	150	254	4	91	104	0.8750000
NODE_12816_length_780_cov_13.189427	227	307	0	55	80	0.6875000
NODE_12816_length_780_cov_13.189427	227	307	4	25	80	0.3125000
NODE_12817_length_780_cov_12.910426	276	356	4	7	80	0.0875000
NODE_12817_length_780_cov_12.910426	276	356	5	14	80	0.1750000
NODE_12817_length_780_cov_12.910426	276	356	7	12	80	0.1500000
NODE_12817_length_780_cov_12.910426	276	356	8	11	80	0.1375000
NODE_12817_length_780_cov_12.910426	276	356	9	36	80	0.4500000
NODE_12817_length_780_cov_12.910426	329	409	3	1	80	0.0125000
NODE_12817_length_780_cov_12.910426	329	409	4	10	80	0.1250000
NODE_12817_length_780_cov_12.910426	329	409	5	20	80	0.2500000
NODE_12817_length_780_cov_12.910426	329	409	6	43	80	0.5375000
NODE_12817_length_780_cov_12.910426	329	409	7	6	80	0.0750000
NODE_12818_length_780_cov_8.455213	141	221	0	80	80	1.0000000
NODE_12818_length_780_cov_8.455213	194	274	0	41	80	0.5125000
NODE_12818_length_780_cov_8.455213	194	274	2	39	80	0.4875000
NODE_12848_length_779_cov_51.022059	8	43	0	35	35	1.0000000
NODE_12848_length_779_cov_51.022059	53	96	0	36	43	0.8372093
NODE_12848_length_779_cov_51.022059	53	96	2	7	43	0.1627907
NODE_12848_length_779_cov_51.022059	97	177	2	7	80	0.0875000
NODE_12848_length_779_cov_51.022059	97	177	4	39	80	0.4875000
NODE_12848_length_779_cov_51.022059	97	177	6	34	80	0.4250000
NODE_12848_length_779_cov_51.022059	150	230	2	24	80	0.3000000
NODE_12848_length_779_cov_51.022059	150	230	4	25	80	0.3125000
NODE_12848_length_779_cov_51.022059	150	230	6	31	80	0.3875000
NODE_12849_length_779_cov_23.682353	362	442	4	3	80	0.0375000
NODE_12849_length_779_cov_23.682353	362	442	6	77	80	0.9625000
NODE_12849_length_779_cov_23.682353	415	495	0	49	80	0.6125000
NODE_12849_length_779_cov_23.682353	415	495	4	7	80	0.0875000
NODE_12849_length_779_cov_23.682353	415	495	6	24	80	0.3000000
NODE_12850_length_779_cov_15.994118	320	400	0	24	80	0.3000000
NODE_12850_length_779_cov_15.994118	320	400	2	56	80	0.7000000
NODE_12850_length_779_cov_15.994118	373	453	0	2	80	0.0250000
NODE_12850_length_779_cov_15.994118	373	453	2	78	80	0.9750000
NODE_12851_length_779_cov_14.386765	258	320	8	1	62	0.0161290
NODE_12851_length_779_cov_14.386765	258	320	9	13	62	0.2096774
NODE_12851_length_779_cov_14.386765	258	320	12	1	62	0.0161290
NODE_12851_length_779_cov_14.386765	258	320	16	3	62	0.0483871
NODE_12851_length_779_cov_14.386765	258	320	26	16	62	0.2580645
NODE_12851_length_779_cov_14.386765	258	320	28	5	62	0.0806452
NODE_12851_length_779_cov_14.386765	258	320	33	6	62	0.0967742
NODE_12851_length_779_cov_14.386765	258	320	34	15	62	0.2419355
NODE_12851_length_779_cov_14.386765	258	320	36	2	62	0.0322581
NODE_12851_length_779_cov_14.386765	293	368	28	4	75	0.0533333
NODE_12851_length_779_cov_14.386765	293	368	33	6	75	0.0800000
NODE_12851_length_779_cov_14.386765	293	368	34	17	75	0.2266667
NODE_12851_length_779_cov_14.386765	293	368	36	2	75	0.0266667
NODE_12851_length_779_cov_14.386765	293	368	37	1	75	0.0133333
NODE_12851_length_779_cov_14.386765	293	368	38	12	75	0.1600000
NODE_12851_length_779_cov_14.386765	293	368	40	17	75	0.2266667
NODE_12851_length_779_cov_14.386765	293	368	46	9	75	0.1200000
NODE_12851_length_779_cov_14.386765	293	368	48	7	75	0.0933333
NODE_12851_length_779_cov_14.386765	369	443	20	1	74	0.0135135
NODE_12851_length_779_cov_14.386765	369	443	22	14	74	0.1891892
NODE_12851_length_779_cov_14.386765	369	443	32	5	74	0.0675676
NODE_12851_length_779_cov_14.386765	369	443	36	1	74	0.0135135
NODE_12851_length_779_cov_14.386765	369	443	40	1	74	0.0135135
NODE_12851_length_779_cov_14.386765	369	443	41	8	74	0.1081081
NODE_12851_length_779_cov_14.386765	369	443	46	14	74	0.1891892
NODE_12851_length_779_cov_14.386765	369	443	48	11	74	0.1486486
NODE_12851_length_779_cov_14.386765	369	443	49	19	74	0.2567568
NODE_12852_length_779_cov_11.861765	180	263	0	83	83	1.0000000
NODE_12852_length_779_cov_11.861765	236	316	0	80	80	1.0000000
NODE_12852_length_779_cov_11.861765	312	392	0	18	80	0.2250000
NODE_12852_length_779_cov_11.861765	312	392	2	62	80	0.7750000
NODE_12852_length_779_cov_11.861765	365	445	0	15	80	0.1875000
NODE_12852_length_779_cov_11.861765	365	445	2	65	80	0.8125000
NODE_12853_length_779_cov_11.735294	285	365	0	80	80	1.0000000
NODE_12853_length_779_cov_11.735294	338	418	0	80	80	1.0000000
NODE_12854_length_779_cov_7.211765	333	413	0	80	80	1.0000000
NODE_12854_length_779_cov_7.211765	386	466	0	80	80	1.0000000
NODE_12857_length_779_cov_5.611765	271	351	0	49	80	0.6125000
NODE_12857_length_779_cov_5.611765	271	351	2	31	80	0.3875000
NODE_12857_length_779_cov_5.611765	324	404	0	36	80	0.4500000
NODE_12857_length_779_cov_5.611765	324	404	2	44	80	0.5500000
NODE_12859_length_779_cov_4.695588	216	296	0	80	80	1.0000000
NODE_12859_length_779_cov_4.695588	269	349	0	80	80	1.0000000
NODE_12863_length_779_cov_2.329412	615	672	2	57	57	1.0000000
NODE_12883_length_778_cov_21.615611	325	405	0	12	80	0.1500000
NODE_12883_length_778_cov_21.615611	325	405	2	68	80	0.8500000
NODE_12883_length_778_cov_21.615611	378	458	0	65	80	0.8125000
NODE_12883_length_778_cov_21.615611	378	458	2	15	80	0.1875000
NODE_12884_length_778_cov_19.549337	348	428	2	80	80	1.0000000
NODE_12884_length_778_cov_19.549337	401	481	0	44	80	0.5500000
NODE_12884_length_778_cov_19.549337	401	481	2	36	80	0.4500000
NODE_12885_length_778_cov_15.403535	312	392	0	80	80	1.0000000
NODE_12885_length_778_cov_15.403535	365	445	0	80	80	1.0000000
NODE_12886_length_778_cov_14.614138	101	181	0	80	80	1.0000000
NODE_12886_length_778_cov_14.614138	154	234	0	80	80	1.0000000
NODE_12887_length_778_cov_13.368189	256	336	0	80	80	1.0000000
NODE_12887_length_778_cov_13.368189	309	389	0	80	80	1.0000000
NODE_12891_length_778_cov_6.307806	349	429	0	2	80	0.0250000
NODE_12891_length_778_cov_6.307806	349	429	2	78	80	0.9750000
NODE_12891_length_778_cov_6.307806	402	482	0	55	80	0.6875000
NODE_12891_length_778_cov_6.307806	402	482	2	25	80	0.3125000
NODE_12893_length_778_cov_5.985272	385	465	0	80	80	1.0000000
NODE_12893_length_778_cov_5.985272	438	518	0	80	80	1.0000000
NODE_12928_length_777_cov_25.504425	323	403	0	29	80	0.3625000
NODE_12928_length_777_cov_25.504425	323	403	2	51	80	0.6375000
NODE_12928_length_777_cov_25.504425	376	456	0	28	80	0.3500000
NODE_12928_length_777_cov_25.504425	376	456	2	52	80	0.6500000
NODE_12929_length_777_cov_25.410029	346	426	2	59	80	0.7375000
NODE_12929_length_777_cov_25.410029	346	426	4	21	80	0.2625000
NODE_12929_length_777_cov_25.410029	399	479	0	10	80	0.1250000
NODE_12929_length_777_cov_25.410029	399	479	2	64	80	0.8000000
NODE_12929_length_777_cov_25.410029	399	479	4	6	80	0.0750000
NODE_12930_length_777_cov_25.333333	97	177	4	29	80	0.3625000
NODE_12930_length_777_cov_25.333333	97	177	8	51	80	0.6375000
NODE_12930_length_777_cov_25.333333	150	230	4	14	80	0.1750000
NODE_12930_length_777_cov_25.333333	150	230	8	66	80	0.8250000
NODE_12931_length_777_cov_21.600295	408	485	0	77	77	1.0000000
NODE_12931_length_777_cov_21.600295	458	538	0	80	80	1.0000000
NODE_12932_length_777_cov_19.561947	343	423	4	10	80	0.1250000
NODE_12932_length_777_cov_19.561947	343	423	6	5	80	0.0625000
NODE_12932_length_777_cov_19.561947	343	423	8	59	80	0.7375000
NODE_12932_length_777_cov_19.561947	343	423	10	6	80	0.0750000
NODE_12932_length_777_cov_19.561947	396	476	2	24	80	0.3000000
NODE_12932_length_777_cov_19.561947	396	476	4	15	80	0.1875000
NODE_12932_length_777_cov_19.561947	396	476	8	41	80	0.5125000
NODE_12933_length_777_cov_16.961652	264	344	0	39	80	0.4875000
NODE_12933_length_777_cov_16.961652	264	344	2	41	80	0.5125000
NODE_12933_length_777_cov_16.961652	317	397	0	12	80	0.1500000
NODE_12933_length_777_cov_16.961652	317	397	2	68	80	0.8500000
NODE_12934_length_777_cov_16.081121	299	379	0	40	80	0.5000000
NODE_12934_length_777_cov_16.081121	299	379	2	40	80	0.5000000
NODE_12934_length_777_cov_16.081121	352	432	2	80	80	1.0000000
NODE_12935_length_777_cov_13.827434	380	460	2	26	80	0.3250000
NODE_12935_length_777_cov_13.827434	380	460	4	54	80	0.6750000
NODE_12935_length_777_cov_13.827434	433	513	0	11	80	0.1375000
NODE_12935_length_777_cov_13.827434	433	513	2	39	80	0.4875000
NODE_12935_length_777_cov_13.827434	433	513	4	30	80	0.3750000
NODE_12936_length_777_cov_12.497050	413	493	0	30	80	0.3750000
NODE_12936_length_777_cov_12.497050	413	493	4	50	80	0.6250000
NODE_12936_length_777_cov_12.497050	466	546	0	12	80	0.1500000
NODE_12936_length_777_cov_12.497050	466	546	4	68	80	0.8500000
NODE_12937_length_777_cov_10.787611	213	286	2	8	73	0.1095890
NODE_12937_length_777_cov_10.787611	213	286	4	65	73	0.8904110
NODE_12938_length_777_cov_8.530973	362	422	2	16	60	0.2666667
NODE_12938_length_777_cov_8.530973	362	422	4	44	60	0.7333333
NODE_12939_length_777_cov_7.634218	79	159	2	67	80	0.8375000
NODE_12939_length_777_cov_7.634218	79	159	4	13	80	0.1625000
NODE_12939_length_777_cov_7.634218	132	212	2	67	80	0.8375000
NODE_12939_length_777_cov_7.634218	132	212	4	13	80	0.1625000
NODE_12940_length_777_cov_6.963127	256	336	0	80	80	1.0000000
NODE_12940_length_777_cov_6.963127	309	389	0	80	80	1.0000000
NODE_12941_length_777_cov_6.417404	565	638	0	73	73	1.0000000
NODE_12942_length_777_cov_5.868732	443	523	0	80	80	1.0000000
NODE_12942_length_777_cov_5.868732	496	576	0	80	80	1.0000000
NODE_12971_length_776_cov_81.002954	237	317	4	13	80	0.1625000
NODE_12971_length_776_cov_81.002954	237	317	8	4	80	0.0500000
NODE_12971_length_776_cov_81.002954	237	317	10	19	80	0.2375000
NODE_12971_length_776_cov_81.002954	237	317	12	31	80	0.3875000
NODE_12971_length_776_cov_81.002954	237	317	15	1	80	0.0125000
NODE_12971_length_776_cov_81.002954	237	317	17	1	80	0.0125000
NODE_12971_length_776_cov_81.002954	237	317	19	2	80	0.0250000
NODE_12971_length_776_cov_81.002954	237	317	21	1	80	0.0125000
NODE_12971_length_776_cov_81.002954	237	317	24	1	80	0.0125000
NODE_12971_length_776_cov_81.002954	237	317	26	1	80	0.0125000
NODE_12971_length_776_cov_81.002954	237	317	28	1	80	0.0125000
NODE_12971_length_776_cov_81.002954	237	317	31	1	80	0.0125000
NODE_12971_length_776_cov_81.002954	237	317	32	1	80	0.0125000
NODE_12971_length_776_cov_81.002954	237	317	34	1	80	0.0125000
NODE_12971_length_776_cov_81.002954	237	317	40	2	80	0.0250000
NODE_12971_length_776_cov_81.002954	290	370	2	37	80	0.4625000
NODE_12971_length_776_cov_81.002954	290	370	4	29	80	0.3625000
NODE_12971_length_776_cov_81.002954	290	370	8	4	80	0.0500000
NODE_12971_length_776_cov_81.002954	290	370	10	10	80	0.1250000
NODE_12972_length_776_cov_40.502216	345	425	2	12	80	0.1500000
NODE_12972_length_776_cov_40.502216	345	425	4	66	80	0.8250000
NODE_12972_length_776_cov_40.502216	345	425	6	2	80	0.0250000
NODE_12972_length_776_cov_40.502216	398	478	2	65	80	0.8125000
NODE_12972_length_776_cov_40.502216	398	478	4	15	80	0.1875000
NODE_12973_length_776_cov_34.921713	204	284	0	80	80	1.0000000
NODE_12973_length_776_cov_34.921713	257	337	0	80	80	1.0000000
NODE_12974_length_776_cov_29.998523	177	257	0	80	80	1.0000000
NODE_12974_length_776_cov_29.998523	230	310	0	80	80	1.0000000
NODE_12975_length_776_cov_25.683900	417	497	0	30	80	0.3750000
NODE_12975_length_776_cov_25.683900	417	497	2	50	80	0.6250000
NODE_12975_length_776_cov_25.683900	470	550	0	78	80	0.9750000
NODE_12975_length_776_cov_25.683900	470	550	2	2	80	0.0250000
NODE_12976_length_776_cov_22.276219	367	447	0	22	80	0.2750000
NODE_12976_length_776_cov_22.276219	367	447	4	5	80	0.0625000
NODE_12976_length_776_cov_22.276219	367	447	6	53	80	0.6625000
NODE_12976_length_776_cov_22.276219	420	500	0	3	80	0.0375000
NODE_12976_length_776_cov_22.276219	420	500	4	5	80	0.0625000
NODE_12976_length_776_cov_22.276219	420	500	6	72	80	0.9000000
NODE_12977_length_776_cov_19.574594	242	322	0	65	80	0.8125000
NODE_12977_length_776_cov_19.574594	242	322	2	11	80	0.1375000
NODE_12977_length_776_cov_19.574594	242	322	4	4	80	0.0500000
NODE_12977_length_776_cov_19.574594	295	375	0	12	80	0.1500000
NODE_12977_length_776_cov_19.574594	295	375	2	11	80	0.1375000
NODE_12977_length_776_cov_19.574594	295	375	4	38	80	0.4750000
NODE_12977_length_776_cov_19.574594	295	375	6	19	80	0.2375000
NODE_12978_length_776_cov_18.262925	384	464	0	42	80	0.5250000
NODE_12978_length_776_cov_18.262925	384	464	2	38	80	0.4750000
NODE_12978_length_776_cov_18.262925	437	517	2	80	80	1.0000000
NODE_12979_length_776_cov_16.023634	334	414	0	38	80	0.4750000
NODE_12979_length_776_cov_16.023634	334	414	4	42	80	0.5250000
NODE_12979_length_776_cov_16.023634	387	467	0	80	80	1.0000000
NODE_12980_length_776_cov_15.841950	282	362	0	3	80	0.0375000
NODE_12980_length_776_cov_15.841950	282	362	2	77	80	0.9625000
NODE_12980_length_776_cov_15.841950	335	415	0	56	80	0.7000000
NODE_12980_length_776_cov_15.841950	335	415	2	24	80	0.3000000
NODE_12981_length_776_cov_14.131462	240	320	2	80	80	1.0000000
NODE_12981_length_776_cov_14.131462	293	373	0	18	80	0.2250000
NODE_12981_length_776_cov_14.131462	293	373	2	62	80	0.7750000
NODE_12981_length_776_cov_14.131462	369	449	0	80	80	1.0000000
NODE_12981_length_776_cov_14.131462	422	502	0	80	80	1.0000000
NODE_12983_length_776_cov_13.890694	302	382	11	27	80	0.3375000
NODE_12983_length_776_cov_13.890694	302	382	14	20	80	0.2500000
NODE_12983_length_776_cov_13.890694	302	382	16	33	80	0.4125000
NODE_12983_length_776_cov_13.890694	355	435	9	7	80	0.0875000
NODE_12983_length_776_cov_13.890694	355	435	13	3	80	0.0375000
NODE_12983_length_776_cov_13.890694	355	435	16	70	80	0.8750000
NODE_12984_length_776_cov_12.097489	488	568	0	4	80	0.0500000
NODE_12984_length_776_cov_12.097489	488	568	2	11	80	0.1375000
NODE_12984_length_776_cov_12.097489	488	568	6	65	80	0.8125000
NODE_12984_length_776_cov_12.097489	541	621	0	57	80	0.7125000
NODE_12984_length_776_cov_12.097489	541	621	2	11	80	0.1375000
NODE_12984_length_776_cov_12.097489	541	621	6	12	80	0.1500000
NODE_12985_length_776_cov_11.923191	422	498	0	20	76	0.2631579
NODE_12985_length_776_cov_11.923191	422	498	2	56	76	0.7368421
NODE_12985_length_776_cov_11.923191	475	551	0	73	76	0.9605263
NODE_12985_length_776_cov_11.923191	475	551	2	3	76	0.0394737
NODE_12986_length_776_cov_11.163959	312	392	0	80	80	1.0000000
NODE_12986_length_776_cov_11.163959	365	445	0	80	80	1.0000000
NODE_12987_length_776_cov_9.754801	370	450	0	38	80	0.4750000
NODE_12987_length_776_cov_9.754801	370	450	2	42	80	0.5250000
NODE_12987_length_776_cov_9.754801	423	503	0	10	80	0.1250000
NODE_12987_length_776_cov_9.754801	423	503	2	70	80	0.8750000
NODE_12989_length_776_cov_8.271787	332	412	2	80	80	1.0000000
NODE_12989_length_776_cov_8.271787	385	465	0	41	80	0.5125000
NODE_12989_length_776_cov_8.271787	385	465	2	39	80	0.4875000
NODE_12990_length_776_cov_4.874446	330	410	0	80	80	1.0000000
NODE_12990_length_776_cov_4.874446	383	463	0	80	80	1.0000000
NODE_13022_length_775_cov_33.612426	372	452	6	35	80	0.4375000
NODE_13022_length_775_cov_33.612426	372	452	12	45	80	0.5625000
NODE_13022_length_775_cov_33.612426	425	505	6	53	80	0.6625000
NODE_13022_length_775_cov_33.612426	425	505	12	27	80	0.3375000
NODE_13023_length_775_cov_25.500000	361	434	0	31	73	0.4246575
NODE_13023_length_775_cov_25.500000	361	434	2	42	73	0.5753425
NODE_13023_length_775_cov_25.500000	413	487	0	8	74	0.1081081
NODE_13023_length_775_cov_25.500000	413	487	2	66	74	0.8918919
NODE_13024_length_775_cov_24.128698	220	300	1	3	80	0.0375000
NODE_13024_length_775_cov_24.128698	220	300	2	32	80	0.4000000
NODE_13024_length_775_cov_24.128698	220	300	4	10	80	0.1250000
NODE_13024_length_775_cov_24.128698	220	300	8	6	80	0.0750000
NODE_13024_length_775_cov_24.128698	220	300	10	29	80	0.3625000
NODE_13024_length_775_cov_24.128698	273	353	2	2	80	0.0250000
NODE_13024_length_775_cov_24.128698	273	353	6	2	80	0.0250000
NODE_13024_length_775_cov_24.128698	273	353	8	22	80	0.2750000
NODE_13024_length_775_cov_24.128698	273	353	10	54	80	0.6750000
NODE_13026_length_775_cov_16.165680	358	438	0	12	80	0.1500000
NODE_13026_length_775_cov_16.165680	358	438	5	1	80	0.0125000
NODE_13026_length_775_cov_16.165680	358	438	6	67	80	0.8375000
NODE_13026_length_775_cov_16.165680	411	491	0	24	80	0.3000000
NODE_13026_length_775_cov_16.165680	411	491	6	56	80	0.7000000
NODE_13027_length_775_cov_8.522189	440	520	0	13	80	0.1625000
NODE_13027_length_775_cov_8.522189	440	520	2	5	80	0.0625000
NODE_13027_length_775_cov_8.522189	440	520	4	14	80	0.1750000
NODE_13027_length_775_cov_8.522189	440	520	6	48	80	0.6000000
NODE_13027_length_775_cov_8.522189	493	573	0	9	80	0.1125000
NODE_13027_length_775_cov_8.522189	493	573	2	7	80	0.0875000
NODE_13027_length_775_cov_8.522189	493	573	4	16	80	0.2000000
NODE_13027_length_775_cov_8.522189	493	573	6	48	80	0.6000000
NODE_13028_length_775_cov_8.258876	247	327	0	68	80	0.8500000
NODE_13028_length_775_cov_8.258876	247	327	2	12	80	0.1500000
NODE_13028_length_775_cov_8.258876	300	380	0	15	80	0.1875000
NODE_13028_length_775_cov_8.258876	300	380	2	65	80	0.8125000
NODE_13031_length_775_cov_3.786982	299	379	0	14	80	0.1750000
NODE_13031_length_775_cov_3.786982	299	379	3	1	80	0.0125000
NODE_13031_length_775_cov_3.786982	299	379	4	17	80	0.2125000
NODE_13031_length_775_cov_3.786982	299	379	6	48	80	0.6000000
NODE_13031_length_775_cov_3.786982	352	432	0	7	80	0.0875000
NODE_13031_length_775_cov_3.786982	352	432	2	16	80	0.2000000
NODE_13031_length_775_cov_3.786982	352	432	6	57	80	0.7125000
NODE_13059_length_774_cov_27.386667	433	514	0	17	81	0.2098765
NODE_13059_length_774_cov_27.386667	433	514	6	64	81	0.7901235
NODE_13059_length_774_cov_27.386667	487	567	6	50	80	0.6250000
NODE_13059_length_774_cov_27.386667	487	567	12	30	80	0.3750000
NODE_13060_length_774_cov_19.721481	239	319	2	80	80	1.0000000
NODE_13060_length_774_cov_19.721481	292	372	0	10	80	0.1250000
NODE_13060_length_774_cov_19.721481	292	372	1	8	80	0.1000000
NODE_13060_length_774_cov_19.721481	292	372	2	62	80	0.7750000
NODE_13063_length_774_cov_4.594074	216	294	0	32	78	0.4102564
NODE_13063_length_774_cov_4.594074	216	294	2	35	78	0.4487180
NODE_13063_length_774_cov_4.594074	216	294	4	11	78	0.1410256
NODE_13063_length_774_cov_4.594074	269	347	2	16	78	0.2051282
NODE_13063_length_774_cov_4.594074	269	347	4	62	78	0.7948718
NODE_13063_length_774_cov_4.594074	405	485	0	80	80	1.0000000
NODE_13103_length_773_cov_60.566766	249	328	8	58	79	0.7341772
NODE_13103_length_773_cov_60.566766	249	328	20	1	79	0.0126582
NODE_13103_length_773_cov_60.566766	249	328	22	16	79	0.2025317
NODE_13103_length_773_cov_60.566766	249	328	35	1	79	0.0126582
NODE_13103_length_773_cov_60.566766	249	328	36	3	79	0.0379747
NODE_13103_length_773_cov_60.566766	304	381	8	3	77	0.0389610
NODE_13103_length_773_cov_60.566766	304	381	20	1	77	0.0129870
NODE_13103_length_773_cov_60.566766	304	381	22	16	77	0.2077922
NODE_13103_length_773_cov_60.566766	304	381	35	1	77	0.0129870
NODE_13103_length_773_cov_60.566766	304	381	36	56	77	0.7272727
NODE_13104_length_773_cov_27.299703	230	310	0	51	80	0.6375000
NODE_13104_length_773_cov_27.299703	230	310	2	16	80	0.2000000
NODE_13104_length_773_cov_27.299703	230	310	4	13	80	0.1625000
NODE_13104_length_773_cov_27.299703	283	363	2	14	80	0.1750000
NODE_13104_length_773_cov_27.299703	283	363	4	66	80	0.8250000
NODE_13105_length_773_cov_24.250742	392	470	0	78	78	1.0000000
NODE_13105_length_773_cov_24.250742	443	523	0	80	80	1.0000000
NODE_13106_length_773_cov_20.683976	367	447	6	80	80	1.0000000
NODE_13106_length_773_cov_20.683976	420	500	0	27	80	0.3375000
NODE_13106_length_773_cov_20.683976	420	500	2	1	80	0.0125000
NODE_13106_length_773_cov_20.683976	420	500	3	2	80	0.0250000
NODE_13106_length_773_cov_20.683976	420	500	6	50	80	0.6250000
NODE_13107_length_773_cov_18.498516	248	328	0	80	80	1.0000000
NODE_13107_length_773_cov_18.498516	301	381	0	80	80	1.0000000
NODE_13108_length_773_cov_14.063798	405	485	0	80	80	1.0000000
NODE_13108_length_773_cov_14.063798	458	538	0	80	80	1.0000000
NODE_13109_length_773_cov_12.482196	421	501	0	80	80	1.0000000
NODE_13109_length_773_cov_12.482196	474	554	0	80	80	1.0000000
NODE_13114_length_773_cov_9.136499	214	294	8	2	80	0.0250000
NODE_13114_length_773_cov_9.136499	214	294	9	52	80	0.6500000
NODE_13114_length_773_cov_9.136499	214	294	10	26	80	0.3250000
NODE_13114_length_773_cov_9.136499	267	347	3	5	80	0.0625000
NODE_13114_length_773_cov_9.136499	267	347	6	42	80	0.5250000
NODE_13114_length_773_cov_9.136499	267	347	7	4	80	0.0500000
NODE_13114_length_773_cov_9.136499	267	347	8	4	80	0.0500000
NODE_13114_length_773_cov_9.136499	267	347	10	25	80	0.3125000
NODE_13115_length_773_cov_8.609792	461	541	0	80	80	1.0000000
NODE_13115_length_773_cov_8.609792	514	594	0	80	80	1.0000000
NODE_13116_length_773_cov_7.224036	200	280	0	80	80	1.0000000
NODE_13116_length_773_cov_7.224036	253	333	0	80	80	1.0000000
NODE_13117_length_773_cov_6.910979	522	615	0	93	93	1.0000000
NODE_13117_length_773_cov_6.910979	588	668	0	80	80	1.0000000
NODE_13147_length_772_cov_28.044577	231	311	2	49	80	0.6125000
NODE_13147_length_772_cov_28.044577	231	311	4	31	80	0.3875000
NODE_13147_length_772_cov_28.044577	284	364	0	24	80	0.3000000
NODE_13147_length_772_cov_28.044577	284	364	2	1	80	0.0125000
NODE_13147_length_772_cov_28.044577	284	364	4	55	80	0.6875000
NODE_13149_length_772_cov_9.523031	288	368	0	80	80	1.0000000
NODE_13149_length_772_cov_9.523031	341	421	0	80	80	1.0000000
NODE_13150_length_772_cov_8.778603	133	213	0	80	80	1.0000000
NODE_13150_length_772_cov_8.778603	186	266	0	80	80	1.0000000
NODE_13151_length_772_cov_7.921248	351	431	0	80	80	1.0000000
NODE_13151_length_772_cov_7.921248	404	480	0	76	76	1.0000000
NODE_13152_length_772_cov_7.059435	276	356	0	80	80	1.0000000
NODE_13152_length_772_cov_7.059435	329	409	0	80	80	1.0000000
NODE_13153_length_772_cov_5.536404	269	299	0	30	30	1.0000000
NODE_13153_length_772_cov_5.536404	272	341	0	69	69	1.0000000
NODE_13156_length_772_cov_4.838039	430	510	0	80	80	1.0000000
NODE_13156_length_772_cov_4.838039	483	563	0	80	80	1.0000000
NODE_13162_length_772_cov_3.041605	339	419	0	7	80	0.0875000
NODE_13162_length_772_cov_3.041605	339	419	4	73	80	0.9125000
NODE_13162_length_772_cov_3.041605	392	472	0	10	80	0.1250000
NODE_13162_length_772_cov_3.041605	392	472	4	70	80	0.8750000
NODE_13195_length_771_cov_36.729167	223	304	0	81	81	1.0000000
NODE_13195_length_771_cov_36.729167	277	357	0	80	80	1.0000000
NODE_13195_length_771_cov_36.729167	353	434	0	81	81	1.0000000
NODE_13195_length_771_cov_36.729167	407	487	0	80	80	1.0000000
NODE_13196_length_771_cov_28.903274	337	417	6	80	80	1.0000000
NODE_13196_length_771_cov_28.903274	390	470	0	48	80	0.6000000
NODE_13196_length_771_cov_28.903274	390	470	6	32	80	0.4000000
NODE_13197_length_771_cov_28.165179	453	533	0	80	80	1.0000000
NODE_13197_length_771_cov_28.165179	506	586	0	80	80	1.0000000
NODE_13198_length_771_cov_14.336310	259	339	0	8	80	0.1000000
NODE_13198_length_771_cov_14.336310	259	339	2	40	80	0.5000000
NODE_13198_length_771_cov_14.336310	259	339	4	12	80	0.1500000
NODE_13198_length_771_cov_14.336310	259	339	6	20	80	0.2500000
NODE_13198_length_771_cov_14.336310	312	392	2	17	80	0.2125000
NODE_13198_length_771_cov_14.336310	312	392	4	18	80	0.2250000
NODE_13198_length_771_cov_14.336310	312	392	6	45	80	0.5625000
NODE_13199_length_771_cov_13.592262	428	508	0	80	80	1.0000000
NODE_13199_length_771_cov_13.592262	481	561	0	80	80	1.0000000
NODE_13200_length_771_cov_12.226190	407	487	2	21	80	0.2625000
NODE_13200_length_771_cov_12.226190	407	487	6	59	80	0.7375000
NODE_13200_length_771_cov_12.226190	460	540	6	80	80	1.0000000
NODE_13201_length_771_cov_11.188988	348	428	0	80	80	1.0000000
NODE_13201_length_771_cov_11.188988	401	481	0	80	80	1.0000000
NODE_13202_length_771_cov_10.525298	171	251	0	80	80	1.0000000
NODE_13202_length_771_cov_10.525298	224	304	0	80	80	1.0000000
NODE_13207_length_771_cov_3.357143	238	318	0	80	80	1.0000000
NODE_13207_length_771_cov_3.357143	291	371	0	80	80	1.0000000
NODE_13209_length_771_cov_3.129464	476	518	0	30	42	0.7142857
NODE_13209_length_771_cov_3.129464	476	518	9	12	42	0.2857143
NODE_13238_length_770_cov_45.312966	212	292	6	32	80	0.4000000
NODE_13238_length_770_cov_45.312966	212	292	8	25	80	0.3125000
NODE_13238_length_770_cov_45.312966	212	292	10	5	80	0.0625000
NODE_13238_length_770_cov_45.312966	212	292	12	18	80	0.2250000
NODE_13238_length_770_cov_45.312966	265	345	6	49	80	0.6125000
NODE_13238_length_770_cov_45.312966	265	345	8	4	80	0.0500000
NODE_13238_length_770_cov_45.312966	265	345	10	5	80	0.0625000
NODE_13238_length_770_cov_45.312966	265	345	12	22	80	0.2750000
NODE_13239_length_770_cov_23.153502	348	428	0	24	80	0.3000000
NODE_13239_length_770_cov_23.153502	348	428	2	56	80	0.7000000
NODE_13239_length_770_cov_23.153502	401	481	2	80	80	1.0000000
NODE_13240_length_770_cov_22.463487	340	420	0	77	80	0.9625000
NODE_13240_length_770_cov_22.463487	340	420	1	3	80	0.0375000
NODE_13240_length_770_cov_22.463487	393	473	0	24	80	0.3000000
NODE_13240_length_770_cov_22.463487	393	473	1	13	80	0.1625000
NODE_13240_length_770_cov_22.463487	393	473	2	43	80	0.5375000
NODE_13241_length_770_cov_18.594635	335	416	0	29	81	0.3580247
NODE_13241_length_770_cov_18.594635	335	416	4	6	81	0.0740741
NODE_13241_length_770_cov_18.594635	335	416	6	46	81	0.5679013
NODE_13241_length_770_cov_18.594635	389	469	0	4	80	0.0500000
NODE_13241_length_770_cov_18.594635	389	469	4	7	80	0.0875000
NODE_13241_length_770_cov_18.594635	389	469	6	69	80	0.8625000
NODE_13242_length_770_cov_18.092399	292	372	0	6	80	0.0750000
NODE_13242_length_770_cov_18.092399	292	372	2	74	80	0.9250000
NODE_13242_length_770_cov_18.092399	345	425	0	59	80	0.7375000
NODE_13242_length_770_cov_18.092399	345	425	2	21	80	0.2625000
NODE_13243_length_770_cov_7.064083	294	374	0	80	80	1.0000000
NODE_13243_length_770_cov_7.064083	347	426	0	79	79	1.0000000
NODE_13246_length_770_cov_5.184799	341	421	0	80	80	1.0000000
NODE_13246_length_770_cov_5.184799	394	474	0	80	80	1.0000000
NODE_13250_length_770_cov_4.120715	325	405	0	80	80	1.0000000
NODE_13250_length_770_cov_4.120715	378	458	0	80	80	1.0000000
NODE_13272_length_769_cov_11.008955	355	435	0	14	80	0.1750000
NODE_13272_length_769_cov_11.008955	355	435	2	22	80	0.2750000
NODE_13272_length_769_cov_11.008955	355	435	3	44	80	0.5500000
NODE_13272_length_769_cov_11.008955	408	488	0	21	80	0.2625000
NODE_13272_length_769_cov_11.008955	408	488	2	21	80	0.2625000
NODE_13272_length_769_cov_11.008955	408	488	3	38	80	0.4750000
NODE_13274_length_769_cov_9.077612	263	343	0	6	80	0.0750000
NODE_13274_length_769_cov_9.077612	263	343	6	47	80	0.5875000
NODE_13274_length_769_cov_9.077612	263	343	10	27	80	0.3375000
NODE_13274_length_769_cov_9.077612	316	396	4	13	80	0.1625000
NODE_13274_length_769_cov_9.077612	316	396	6	13	80	0.1625000
NODE_13274_length_769_cov_9.077612	316	396	9	1	80	0.0125000
NODE_13274_length_769_cov_9.077612	316	396	10	53	80	0.6625000
NODE_13275_length_769_cov_7.034328	289	367	0	78	78	1.0000000
NODE_13275_length_769_cov_7.034328	340	420	0	80	80	1.0000000
NODE_13307_length_769_cov_1.262687	620	668	0	48	48	1.0000000
NODE_13316_length_768_cov_19.195815	266	346	6	80	80	1.0000000
NODE_13316_length_768_cov_19.195815	319	399	0	45	80	0.5625000
NODE_13316_length_768_cov_19.195815	319	399	6	35	80	0.4375000
NODE_13316_length_768_cov_19.195815	395	475	0	80	80	1.0000000
NODE_13316_length_768_cov_19.195815	448	528	0	80	80	1.0000000
NODE_13317_length_768_cov_16.420030	246	326	1	13	80	0.1625000
NODE_13317_length_768_cov_16.420030	246	326	5	67	80	0.8375000
NODE_13317_length_768_cov_16.420030	299	379	0	1	80	0.0125000
NODE_13317_length_768_cov_16.420030	299	379	4	41	80	0.5125000
NODE_13317_length_768_cov_16.420030	299	379	5	38	80	0.4750000
NODE_13318_length_768_cov_14.508221	309	389	4	23	80	0.2875000
NODE_13318_length_768_cov_14.508221	309	389	6	57	80	0.7125000
NODE_13318_length_768_cov_14.508221	362	442	2	38	80	0.4750000
NODE_13318_length_768_cov_14.508221	362	442	4	13	80	0.1625000
NODE_13318_length_768_cov_14.508221	362	442	6	29	80	0.3625000
NODE_13319_length_768_cov_11.635277	309	389	0	80	80	1.0000000
NODE_13319_length_768_cov_11.635277	362	442	0	80	80	1.0000000
NODE_13321_length_768_cov_9.064275	392	472	0	80	80	1.0000000
NODE_13321_length_768_cov_9.064275	445	525	0	80	80	1.0000000
NODE_13324_length_768_cov_3.605381	512	592	0	80	80	1.0000000
NODE_13324_length_768_cov_3.605381	565	645	0	80	80	1.0000000
NODE_13354_length_767_cov_38.161677	28	108	0	4	80	0.0500000
NODE_13354_length_767_cov_38.161677	28	108	2	76	80	0.9500000
NODE_13354_length_767_cov_38.161677	254	334	2	37	80	0.4625000
NODE_13354_length_767_cov_38.161677	254	334	4	43	80	0.5375000
NODE_13354_length_767_cov_38.161677	307	387	2	25	80	0.3125000
NODE_13354_length_767_cov_38.161677	307	387	3	5	80	0.0625000
NODE_13354_length_767_cov_38.161677	307	387	4	50	80	0.6250000
NODE_13355_length_767_cov_24.107784	279	359	6	80	80	1.0000000
NODE_13355_length_767_cov_24.107784	332	412	4	52	80	0.6500000
NODE_13355_length_767_cov_24.107784	332	412	6	28	80	0.3500000
NODE_13356_length_767_cov_22.823353	286	366	4	5	80	0.0625000
NODE_13356_length_767_cov_22.823353	286	366	6	62	80	0.7750000
NODE_13356_length_767_cov_22.823353	286	366	8	13	80	0.1625000
NODE_13356_length_767_cov_22.823353	339	419	2	32	80	0.4000000
NODE_13356_length_767_cov_22.823353	339	419	4	26	80	0.3250000
NODE_13356_length_767_cov_22.823353	339	419	6	9	80	0.1125000
NODE_13356_length_767_cov_22.823353	339	419	8	13	80	0.1625000
NODE_13357_length_767_cov_20.898204	312	392	0	80	80	1.0000000
NODE_13357_length_767_cov_20.898204	365	445	0	80	80	1.0000000
NODE_13358_length_767_cov_20.058383	357	439	0	64	82	0.7804878
NODE_13358_length_767_cov_20.058383	357	439	2	18	82	0.2195122
NODE_13358_length_767_cov_20.058383	410	490	0	11	80	0.1375000
NODE_13358_length_767_cov_20.058383	410	490	2	69	80	0.8625000
NODE_13359_length_767_cov_20.020958	191	271	0	7	80	0.0875000
NODE_13359_length_767_cov_20.020958	191	271	7	1	80	0.0125000
NODE_13359_length_767_cov_20.020958	191	271	8	9	80	0.1125000
NODE_13359_length_767_cov_20.020958	191	271	13	1	80	0.0125000
NODE_13359_length_767_cov_20.020958	191	271	14	21	80	0.2625000
NODE_13359_length_767_cov_20.020958	191	271	17	3	80	0.0375000
NODE_13359_length_767_cov_20.020958	191	271	18	2	80	0.0250000
NODE_13359_length_767_cov_20.020958	191	271	19	2	80	0.0250000
NODE_13359_length_767_cov_20.020958	191	271	20	23	80	0.2875000
NODE_13359_length_767_cov_20.020958	191	271	30	1	80	0.0125000
NODE_13359_length_767_cov_20.020958	191	271	34	10	80	0.1250000
NODE_13359_length_767_cov_20.020958	244	324	20	16	80	0.2000000
NODE_13359_length_767_cov_20.020958	244	324	30	1	80	0.0125000
NODE_13359_length_767_cov_20.020958	244	324	32	16	80	0.2000000
NODE_13359_length_767_cov_20.020958	244	324	33	29	80	0.3625000
NODE_13359_length_767_cov_20.020958	244	324	34	18	80	0.2250000
NODE_13360_length_767_cov_18.687126	270	350	0	80	80	1.0000000
NODE_13360_length_767_cov_18.687126	323	403	0	80	80	1.0000000
NODE_13362_length_767_cov_13.323353	45	125	0	80	80	1.0000000
NODE_13362_length_767_cov_13.323353	98	178	0	80	80	1.0000000
NODE_13366_length_767_cov_8.787425	377	447	0	70	70	1.0000000
NODE_13366_length_767_cov_8.787425	420	500	0	80	80	1.0000000
NODE_13367_length_767_cov_7.206587	306	386	3	13	80	0.1625000
NODE_13367_length_767_cov_7.206587	306	386	4	5	80	0.0625000
NODE_13367_length_767_cov_7.206587	306	386	5	11	80	0.1375000
NODE_13367_length_767_cov_7.206587	306	386	6	51	80	0.6375000
NODE_13367_length_767_cov_7.206587	359	440	4	35	81	0.4320988
NODE_13367_length_767_cov_7.206587	359	440	5	30	81	0.3703704
NODE_13367_length_767_cov_7.206587	359	440	6	16	81	0.1975309
NODE_13403_length_766_cov_59.388306	322	402	0	31	80	0.3875000
NODE_13403_length_766_cov_59.388306	322	402	3	24	80	0.3000000
NODE_13403_length_766_cov_59.388306	322	402	6	25	80	0.3125000
NODE_13403_length_766_cov_59.388306	375	455	0	80	80	1.0000000
NODE_13403_length_766_cov_59.388306	451	531	0	80	80	1.0000000
NODE_13403_length_766_cov_59.388306	504	584	0	80	80	1.0000000
NODE_13404_length_766_cov_23.361319	308	388	0	15	80	0.1875000
NODE_13404_length_766_cov_23.361319	308	388	3	19	80	0.2375000
NODE_13404_length_766_cov_23.361319	308	388	4	46	80	0.5750000
NODE_13404_length_766_cov_23.361319	361	441	0	68	80	0.8500000
NODE_13404_length_766_cov_23.361319	361	441	4	12	80	0.1500000
NODE_13405_length_766_cov_22.751124	229	309	0	80	80	1.0000000
NODE_13405_length_766_cov_22.751124	282	362	0	80	80	1.0000000
NODE_13406_length_766_cov_20.011994	285	363	2	78	78	1.0000000
NODE_13406_length_766_cov_20.011994	336	416	0	21	80	0.2625000
NODE_13406_length_766_cov_20.011994	336	416	2	59	80	0.7375000
NODE_13407_length_766_cov_18.685157	288	368	2	12	80	0.1500000
NODE_13407_length_766_cov_18.685157	288	368	4	68	80	0.8500000
NODE_13407_length_766_cov_18.685157	341	421	2	55	80	0.6875000
NODE_13407_length_766_cov_18.685157	341	421	4	25	80	0.3125000
NODE_13408_length_766_cov_13.131934	271	351	2	80	80	1.0000000
NODE_13408_length_766_cov_13.131934	324	404	0	34	80	0.4250000
NODE_13408_length_766_cov_13.131934	324	404	2	46	80	0.5750000
NODE_13410_length_766_cov_9.479760	274	354	0	80	80	1.0000000
NODE_13410_length_766_cov_9.479760	327	407	0	80	80	1.0000000
NODE_13415_length_766_cov_4.500750	333	413	2	15	80	0.1875000
NODE_13415_length_766_cov_4.500750	333	413	4	50	80	0.6250000
NODE_13415_length_766_cov_4.500750	333	413	6	15	80	0.1875000
NODE_13415_length_766_cov_4.500750	369	404	4	20	35	0.5714286
NODE_13415_length_766_cov_4.500750	369	404	6	15	35	0.4285714
NODE_13415_length_766_cov_4.500750	371	413	4	27	42	0.6428571
NODE_13415_length_766_cov_4.500750	371	413	6	15	42	0.3571429
NODE_13415_length_766_cov_4.500750	397	466	4	56	69	0.8115942
NODE_13415_length_766_cov_4.500750	397	466	6	13	69	0.1884058
NODE_13447_length_765_cov_92.851351	16	96	6	32	80	0.4000000
NODE_13447_length_765_cov_92.851351	16	96	8	4	80	0.0500000
NODE_13447_length_765_cov_92.851351	16	96	10	11	80	0.1375000
NODE_13447_length_765_cov_92.851351	16	96	12	33	80	0.4125000
NODE_13448_length_765_cov_36.345345	504	584	5	4	80	0.0500000
NODE_13448_length_765_cov_36.345345	504	584	9	3	80	0.0375000
NODE_13448_length_765_cov_36.345345	504	584	10	30	80	0.3750000
NODE_13448_length_765_cov_36.345345	504	584	12	43	80	0.5375000
NODE_13448_length_765_cov_36.345345	557	637	0	10	80	0.1250000
NODE_13448_length_765_cov_36.345345	557	637	5	47	80	0.5875000
NODE_13448_length_765_cov_36.345345	557	637	9	3	80	0.0375000
NODE_13448_length_765_cov_36.345345	557	637	10	20	80	0.2500000
NODE_13449_length_765_cov_27.334835	370	450	2	80	80	1.0000000
NODE_13449_length_765_cov_27.334835	423	503	0	51	80	0.6375000
NODE_13449_length_765_cov_27.334835	423	503	2	29	80	0.3625000
NODE_13450_length_765_cov_23.355856	251	331	0	4	80	0.0500000
NODE_13450_length_765_cov_23.355856	251	331	2	2	80	0.0250000
NODE_13450_length_765_cov_23.355856	251	331	6	24	80	0.3000000
NODE_13450_length_765_cov_23.355856	251	331	8	50	80	0.6250000
NODE_13450_length_765_cov_23.355856	304	384	8	50	80	0.6250000
NODE_13450_length_765_cov_23.355856	304	384	16	20	80	0.2500000
NODE_13450_length_765_cov_23.355856	304	384	18	10	80	0.1250000
NODE_13450_length_765_cov_23.355856	380	460	8	1	80	0.0125000
NODE_13450_length_765_cov_23.355856	380	460	10	66	80	0.8250000
NODE_13450_length_765_cov_23.355856	380	460	12	7	80	0.0875000
NODE_13450_length_765_cov_23.355856	380	460	16	6	80	0.0750000
NODE_13450_length_765_cov_23.355856	433	506	0	27	73	0.3698630
NODE_13450_length_765_cov_23.355856	433	506	8	20	73	0.2739726
NODE_13450_length_765_cov_23.355856	433	506	10	26	73	0.3561644
NODE_13451_length_765_cov_23.322823	256	336	0	80	80	1.0000000
NODE_13451_length_765_cov_23.322823	309	389	0	80	80	1.0000000
NODE_13452_length_765_cov_21.741742	379	452	4	40	73	0.5479452
NODE_13452_length_765_cov_21.741742	379	452	10	33	73	0.4520548
NODE_13452_length_765_cov_21.741742	425	505	6	29	80	0.3625000
NODE_13452_length_765_cov_21.741742	425	505	10	51	80	0.6375000
NODE_13453_length_765_cov_14.253754	450	530	2	49	80	0.6125000
NODE_13453_length_765_cov_14.253754	450	530	7	31	80	0.3875000
NODE_13453_length_765_cov_14.253754	503	583	7	35	80	0.4375000
NODE_13453_length_765_cov_14.253754	503	583	10	23	80	0.2875000
NODE_13453_length_765_cov_14.253754	503	583	12	22	80	0.2750000
NODE_13454_length_765_cov_13.627628	313	393	2	55	80	0.6875000
NODE_13454_length_765_cov_13.627628	313	393	4	25	80	0.3125000
NODE_13454_length_765_cov_13.627628	366	446	2	53	80	0.6625000
NODE_13454_length_765_cov_13.627628	366	446	4	27	80	0.3375000
NODE_13455_length_765_cov_5.561562	319	349	0	30	30	1.0000000
NODE_13458_length_765_cov_4.367868	433	513	0	80	80	1.0000000
NODE_13458_length_765_cov_4.367868	486	566	0	80	80	1.0000000
NODE_13483_length_764_cov_30.096241	436	516	0	10	80	0.1250000
NODE_13483_length_764_cov_30.096241	436	516	3	9	80	0.1125000
NODE_13483_length_764_cov_30.096241	436	516	6	61	80	0.7625000
NODE_13483_length_764_cov_30.096241	489	569	0	63	80	0.7875000
NODE_13483_length_764_cov_30.096241	489	569	3	9	80	0.1125000
NODE_13483_length_764_cov_30.096241	489	569	6	8	80	0.1000000
NODE_13484_length_764_cov_29.218045	304	384	2	80	80	1.0000000
NODE_13484_length_764_cov_29.218045	357	437	0	42	80	0.5250000
NODE_13484_length_764_cov_29.218045	357	437	2	38	80	0.4750000
NODE_13485_length_764_cov_25.951880	421	501	0	80	80	1.0000000
NODE_13485_length_764_cov_25.951880	474	554	0	80	80	1.0000000
NODE_13486_length_764_cov_23.590977	204	284	0	80	80	1.0000000
NODE_13486_length_764_cov_23.590977	257	337	0	80	80	1.0000000
NODE_13488_length_764_cov_6.804511	281	361	0	80	80	1.0000000
NODE_13488_length_764_cov_6.804511	334	414	0	80	80	1.0000000
NODE_13489_length_764_cov_6.700752	392	458	0	9	66	0.1363636
NODE_13489_length_764_cov_6.700752	392	458	2	57	66	0.8636364
NODE_13508_length_764_cov_1.171429	475	537	0	62	62	1.0000000
NODE_13520_length_763_cov_28.807229	311	391	0	17	80	0.2125000
NODE_13520_length_763_cov_28.807229	311	391	2	63	80	0.7875000
NODE_13520_length_763_cov_28.807229	364	444	0	9	80	0.1125000
NODE_13520_length_763_cov_28.807229	364	444	2	71	80	0.8875000
NODE_13521_length_763_cov_25.299699	598	673	30	25	75	0.3333333
NODE_13521_length_763_cov_25.299699	598	673	32	8	75	0.1066667
NODE_13521_length_763_cov_25.299699	598	673	34	42	75	0.5600000
NODE_13521_length_763_cov_25.299699	598	678	18	3	80	0.0375000
NODE_13521_length_763_cov_25.299699	598	678	28	1	80	0.0125000
NODE_13521_length_763_cov_25.299699	598	678	30	26	80	0.3250000
NODE_13521_length_763_cov_25.299699	598	678	32	8	80	0.1000000
NODE_13521_length_763_cov_25.299699	598	678	34	42	80	0.5250000
NODE_13521_length_763_cov_25.299699	605	675	28	1	70	0.0142857
NODE_13521_length_763_cov_25.299699	605	675	30	26	70	0.3714286
NODE_13521_length_763_cov_25.299699	605	675	32	8	70	0.1142857
NODE_13521_length_763_cov_25.299699	605	675	34	35	70	0.5000000
NODE_13521_length_763_cov_25.299699	607	678	18	3	71	0.0422535
NODE_13521_length_763_cov_25.299699	607	678	28	1	71	0.0140845
NODE_13521_length_763_cov_25.299699	607	678	30	26	71	0.3661972
NODE_13521_length_763_cov_25.299699	607	678	32	8	71	0.1126761
NODE_13521_length_763_cov_25.299699	607	678	34	33	71	0.4647887
NODE_13521_length_763_cov_25.299699	651	731	0	14	80	0.1750000
NODE_13521_length_763_cov_25.299699	651	731	2	2	80	0.0250000
NODE_13521_length_763_cov_25.299699	651	731	4	17	80	0.2125000
NODE_13521_length_763_cov_25.299699	651	731	6	6	80	0.0750000
NODE_13521_length_763_cov_25.299699	651	731	8	4	80	0.0500000
NODE_13521_length_763_cov_25.299699	651	731	10	3	80	0.0375000
NODE_13521_length_763_cov_25.299699	651	731	14	6	80	0.0750000
NODE_13521_length_763_cov_25.299699	651	731	18	4	80	0.0500000
NODE_13521_length_763_cov_25.299699	651	731	28	1	80	0.0125000
NODE_13521_length_763_cov_25.299699	651	731	30	18	80	0.2250000
NODE_13521_length_763_cov_25.299699	651	731	32	5	80	0.0625000
NODE_13521_length_763_cov_25.299699	651	731	0	14	80	0.1750000
NODE_13521_length_763_cov_25.299699	651	731	2	2	80	0.0250000
NODE_13521_length_763_cov_25.299699	651	731	4	17	80	0.2125000
NODE_13521_length_763_cov_25.299699	651	731	6	6	80	0.0750000
NODE_13521_length_763_cov_25.299699	651	731	8	4	80	0.0500000
NODE_13521_length_763_cov_25.299699	651	731	10	3	80	0.0375000
NODE_13521_length_763_cov_25.299699	651	731	14	6	80	0.0750000
NODE_13521_length_763_cov_25.299699	651	731	18	4	80	0.0500000
NODE_13521_length_763_cov_25.299699	651	731	28	1	80	0.0125000
NODE_13521_length_763_cov_25.299699	651	731	30	18	80	0.2250000
NODE_13521_length_763_cov_25.299699	651	731	32	5	80	0.0625000
NODE_13521_length_763_cov_25.299699	651	731	0	14	80	0.1750000
NODE_13521_length_763_cov_25.299699	651	731	2	2	80	0.0250000
NODE_13521_length_763_cov_25.299699	651	731	4	17	80	0.2125000
NODE_13521_length_763_cov_25.299699	651	731	6	6	80	0.0750000
NODE_13521_length_763_cov_25.299699	651	731	8	4	80	0.0500000
NODE_13521_length_763_cov_25.299699	651	731	10	3	80	0.0375000
NODE_13521_length_763_cov_25.299699	651	731	14	6	80	0.0750000
NODE_13521_length_763_cov_25.299699	651	731	18	4	80	0.0500000
NODE_13521_length_763_cov_25.299699	651	731	28	1	80	0.0125000
NODE_13521_length_763_cov_25.299699	651	731	30	18	80	0.2250000
NODE_13521_length_763_cov_25.299699	651	731	32	5	80	0.0625000
NODE_13521_length_763_cov_25.299699	651	731	0	14	80	0.1750000
NODE_13521_length_763_cov_25.299699	651	731	2	2	80	0.0250000
NODE_13521_length_763_cov_25.299699	651	731	4	17	80	0.2125000
NODE_13521_length_763_cov_25.299699	651	731	6	6	80	0.0750000
NODE_13521_length_763_cov_25.299699	651	731	8	4	80	0.0500000
NODE_13521_length_763_cov_25.299699	651	731	10	3	80	0.0375000
NODE_13521_length_763_cov_25.299699	651	731	14	6	80	0.0750000
NODE_13521_length_763_cov_25.299699	651	731	18	4	80	0.0500000
NODE_13521_length_763_cov_25.299699	651	731	28	1	80	0.0125000
NODE_13521_length_763_cov_25.299699	651	731	30	18	80	0.2250000
NODE_13521_length_763_cov_25.299699	651	731	32	5	80	0.0625000
NODE_13522_length_763_cov_12.887048	336	416	0	80	80	1.0000000
NODE_13522_length_763_cov_12.887048	389	469	0	80	80	1.0000000
NODE_13523_length_763_cov_11.599398	547	627	0	80	80	1.0000000
NODE_13523_length_763_cov_11.599398	600	680	0	34	80	0.4250000
NODE_13523_length_763_cov_11.599398	600	680	2	46	80	0.5750000
NODE_13524_length_763_cov_9.378012	297	377	0	80	80	1.0000000
NODE_13524_length_763_cov_9.378012	350	430	0	80	80	1.0000000
NODE_13526_length_763_cov_7.246988	368	448	0	46	80	0.5750000
NODE_13526_length_763_cov_7.246988	368	448	2	34	80	0.4250000
NODE_13526_length_763_cov_7.246988	421	501	2	80	80	1.0000000
NODE_13527_length_763_cov_6.414157	371	451	0	80	80	1.0000000
NODE_13527_length_763_cov_6.414157	424	504	0	80	80	1.0000000
NODE_13558_length_762_cov_21.236802	368	448	2	20	80	0.2500000
NODE_13558_length_762_cov_21.236802	368	448	4	60	80	0.7500000
NODE_13558_length_762_cov_21.236802	421	501	0	16	80	0.2000000
NODE_13558_length_762_cov_21.236802	421	501	2	9	80	0.1125000
NODE_13558_length_762_cov_21.236802	421	501	4	55	80	0.6875000
NODE_13559_length_762_cov_19.984917	327	407	0	8	80	0.1000000
NODE_13559_length_762_cov_19.984917	327	407	2	4	80	0.0500000
NODE_13559_length_762_cov_19.984917	327	407	4	68	80	0.8500000
NODE_13559_length_762_cov_19.984917	380	460	2	3	80	0.0375000
NODE_13559_length_762_cov_19.984917	380	460	4	77	80	0.9625000
NODE_13560_length_762_cov_15.975867	318	398	0	27	80	0.3375000
NODE_13560_length_762_cov_15.975867	318	398	4	53	80	0.6625000
NODE_13560_length_762_cov_15.975867	371	439	0	25	68	0.3676471
NODE_13560_length_762_cov_15.975867	371	439	4	43	68	0.6323529
NODE_13561_length_762_cov_12.728507	381	461	0	18	80	0.2250000
NODE_13561_length_762_cov_12.728507	381	461	2	62	80	0.7750000
NODE_13561_length_762_cov_12.728507	434	514	0	26	80	0.3250000
NODE_13561_length_762_cov_12.728507	434	514	2	54	80	0.6750000
NODE_13562_length_762_cov_10.078431	277	357	0	80	80	1.0000000
NODE_13562_length_762_cov_10.078431	330	410	0	80	80	1.0000000
NODE_13563_length_762_cov_9.705882	339	419	0	80	80	1.0000000
NODE_13563_length_762_cov_9.705882	392	472	0	80	80	1.0000000
NODE_13564_length_762_cov_7.276018	316	395	0	79	79	1.0000000
NODE_13564_length_762_cov_7.276018	368	448	0	80	80	1.0000000
NODE_13565_length_762_cov_6.168929	222	302	2	80	80	1.0000000
NODE_13565_length_762_cov_6.168929	275	355	0	41	80	0.5125000
NODE_13565_length_762_cov_6.168929	275	355	2	39	80	0.4875000
NODE_13613_length_761_cov_44.243202	531	582	259	1	51	0.0196078
NODE_13613_length_761_cov_44.243202	531	582	263	2	51	0.0392157
NODE_13613_length_761_cov_44.243202	531	582	271	4	51	0.0784314
NODE_13613_length_761_cov_44.243202	531	582	275	1	51	0.0196078
NODE_13613_length_761_cov_44.243202	531	582	284	3	51	0.0588235
NODE_13613_length_761_cov_44.243202	531	582	286	1	51	0.0196078
NODE_13613_length_761_cov_44.243202	531	582	298	1	51	0.0196078
NODE_13613_length_761_cov_44.243202	531	582	303	1	51	0.0196078
NODE_13613_length_761_cov_44.243202	531	582	305	2	51	0.0392157
NODE_13613_length_761_cov_44.243202	531	582	313	1	51	0.0196078
NODE_13613_length_761_cov_44.243202	531	582	322	1	51	0.0196078
NODE_13613_length_761_cov_44.243202	531	582	327	1	51	0.0196078
NODE_13613_length_761_cov_44.243202	531	582	329	1	51	0.0196078
NODE_13613_length_761_cov_44.243202	531	582	330	1	51	0.0196078
NODE_13613_length_761_cov_44.243202	531	582	331	1	51	0.0196078
NODE_13613_length_761_cov_44.243202	531	582	334	1	51	0.0196078
NODE_13613_length_761_cov_44.243202	531	582	338	8	51	0.1568628
NODE_13613_length_761_cov_44.243202	531	582	339	2	51	0.0392157
NODE_13613_length_761_cov_44.243202	531	582	340	4	51	0.0784314
NODE_13613_length_761_cov_44.243202	531	582	341	3	51	0.0588235
NODE_13613_length_761_cov_44.243202	531	582	343	6	51	0.1176471
NODE_13613_length_761_cov_44.243202	531	582	344	2	51	0.0392157
NODE_13613_length_761_cov_44.243202	531	582	345	1	51	0.0196078
NODE_13613_length_761_cov_44.243202	531	582	346	2	51	0.0392157
NODE_13614_length_761_cov_38.809668	342	422	0	21	80	0.2625000
NODE_13614_length_761_cov_38.809668	342	422	2	59	80	0.7375000
NODE_13614_length_761_cov_38.809668	395	475	0	52	80	0.6500000
NODE_13614_length_761_cov_38.809668	395	475	2	28	80	0.3500000
NODE_13615_length_761_cov_38.694864	314	394	1	3	80	0.0375000
NODE_13615_length_761_cov_38.694864	314	394	2	44	80	0.5500000
NODE_13615_length_761_cov_38.694864	314	394	3	33	80	0.4125000
NODE_13615_length_761_cov_38.694864	367	447	0	4	80	0.0500000
NODE_13615_length_761_cov_38.694864	367	447	1	4	80	0.0500000
NODE_13615_length_761_cov_38.694864	367	447	3	72	80	0.9000000
NODE_13616_length_761_cov_32.382175	432	512	0	5	80	0.0625000
NODE_13616_length_761_cov_32.382175	432	512	5	66	80	0.8250000
NODE_13616_length_761_cov_32.382175	432	512	6	9	80	0.1125000
NODE_13616_length_761_cov_32.382175	485	565	0	25	80	0.3125000
NODE_13616_length_761_cov_32.382175	485	565	4	13	80	0.1625000
NODE_13616_length_761_cov_32.382175	485	565	5	18	80	0.2250000
NODE_13616_length_761_cov_32.382175	485	565	6	24	80	0.3000000
NODE_13617_length_761_cov_31.444109	323	403	0	80	80	1.0000000
NODE_13617_length_761_cov_31.444109	376	467	0	91	91	1.0000000
NODE_13618_length_761_cov_14.004532	366	446	0	25	80	0.3125000
NODE_13618_length_761_cov_14.004532	366	446	2	37	80	0.4625000
NODE_13618_length_761_cov_14.004532	366	446	4	18	80	0.2250000
NODE_13618_length_761_cov_14.004532	419	499	0	78	80	0.9750000
NODE_13618_length_761_cov_14.004532	419	499	2	2	80	0.0250000
NODE_13619_length_761_cov_13.287009	336	415	0	79	79	1.0000000
NODE_13619_length_761_cov_13.287009	388	468	0	80	80	1.0000000
NODE_13621_length_761_cov_9.654079	274	354	0	80	80	1.0000000
NODE_13621_length_761_cov_9.654079	327	407	0	80	80	1.0000000
NODE_13622_length_761_cov_7.306647	308	388	0	80	80	1.0000000
NODE_13622_length_761_cov_7.306647	361	441	0	80	80	1.0000000
NODE_13625_length_761_cov_4.314199	354	434	6	80	80	1.0000000
NODE_13625_length_761_cov_4.314199	407	487	0	34	80	0.4250000
NODE_13625_length_761_cov_4.314199	407	487	4	18	80	0.2250000
NODE_13625_length_761_cov_4.314199	407	487	6	28	80	0.3500000
NODE_13658_length_760_cov_48.290469	215	295	2	16	80	0.2000000
NODE_13658_length_760_cov_48.290469	215	295	4	9	80	0.1125000
NODE_13658_length_760_cov_48.290469	215	295	8	12	80	0.1500000
NODE_13658_length_760_cov_48.290469	215	295	10	43	80	0.5375000
NODE_13658_length_760_cov_48.290469	268	348	0	4	80	0.0500000
NODE_13658_length_760_cov_48.290469	268	348	2	8	80	0.1000000
NODE_13658_length_760_cov_48.290469	268	348	6	15	80	0.1875000
NODE_13658_length_760_cov_48.290469	268	348	8	37	80	0.4625000
NODE_13658_length_760_cov_48.290469	268	348	10	16	80	0.2000000
NODE_13658_length_760_cov_48.290469	344	424	0	72	80	0.9000000
NODE_13658_length_760_cov_48.290469	344	424	2	8	80	0.1000000
NODE_13658_length_760_cov_48.290469	397	477	0	19	80	0.2375000
NODE_13658_length_760_cov_48.290469	397	477	2	61	80	0.7625000
NODE_13659_length_760_cov_28.314675	384	464	2	16	80	0.2000000
NODE_13659_length_760_cov_28.314675	384	464	4	6	80	0.0750000
NODE_13659_length_760_cov_28.314675	384	464	6	58	80	0.7250000
NODE_13659_length_760_cov_28.314675	437	517	4	7	80	0.0875000
NODE_13659_length_760_cov_28.314675	437	517	5	27	80	0.3375000
NODE_13659_length_760_cov_28.314675	437	517	6	46	80	0.5750000
NODE_13660_length_760_cov_27.981846	432	512	0	66	80	0.8250000
NODE_13660_length_760_cov_27.981846	432	512	2	14	80	0.1750000
NODE_13660_length_760_cov_27.981846	485	565	0	13	80	0.1625000
NODE_13660_length_760_cov_27.981846	485	565	2	67	80	0.8375000
NODE_13661_length_760_cov_17.500756	372	452	0	80	80	1.0000000
NODE_13661_length_760_cov_17.500756	425	505	0	80	80	1.0000000
NODE_13662_length_760_cov_17.420575	183	263	0	50	80	0.6250000
NODE_13662_length_760_cov_17.420575	183	263	2	30	80	0.3750000
NODE_13662_length_760_cov_17.420575	236	316	2	80	80	1.0000000
NODE_13663_length_760_cov_13.444781	357	437	2	32	80	0.4000000
NODE_13663_length_760_cov_13.444781	357	437	8	5	80	0.0625000
NODE_13663_length_760_cov_13.444781	357	437	10	43	80	0.5375000
NODE_13663_length_760_cov_13.444781	410	490	6	2	80	0.0250000
NODE_13663_length_760_cov_13.444781	410	490	8	4	80	0.0500000
NODE_13663_length_760_cov_13.444781	410	490	9	20	80	0.2500000
NODE_13663_length_760_cov_13.444781	410	490	10	54	80	0.6750000
NODE_13664_length_760_cov_13.196672	282	362	0	80	80	1.0000000
NODE_13664_length_760_cov_13.196672	335	415	0	80	80	1.0000000
NODE_13665_length_760_cov_12.692890	295	375	0	80	80	1.0000000
NODE_13665_length_760_cov_12.692890	348	428	0	28	80	0.3500000
NODE_13665_length_760_cov_12.692890	348	428	2	52	80	0.6500000
NODE_13671_length_760_cov_4.282905	388	468	2	80	80	1.0000000
NODE_13671_length_760_cov_4.282905	441	521	0	14	80	0.1750000
NODE_13671_length_760_cov_4.282905	441	521	1	3	80	0.0375000
NODE_13671_length_760_cov_4.282905	441	521	2	63	80	0.7875000
NODE_13671_length_760_cov_4.282905	517	597	0	80	80	1.0000000
NODE_13683_length_760_cov_1.990923	490	570	0	80	80	1.0000000
NODE_13683_length_760_cov_1.990923	543	623	0	80	80	1.0000000
NODE_13709_length_759_cov_24.757576	376	456	10	7	80	0.0875000
NODE_13709_length_759_cov_24.757576	376	456	18	73	80	0.9125000
NODE_13709_length_759_cov_24.757576	429	509	0	9	80	0.1125000
NODE_13709_length_759_cov_24.757576	429	509	8	37	80	0.4625000
NODE_13709_length_759_cov_24.757576	429	509	18	34	80	0.4250000
NODE_13710_length_759_cov_14.356061	210	290	0	80	80	1.0000000
NODE_13710_length_759_cov_14.356061	263	343	0	80	80	1.0000000
NODE_13711_length_759_cov_10.956061	328	408	0	80	80	1.0000000
NODE_13711_length_759_cov_10.956061	381	461	0	80	80	1.0000000
NODE_13712_length_759_cov_10.639394	330	410	14	8	80	0.1000000
NODE_13712_length_759_cov_10.639394	330	410	16	8	80	0.1000000
NODE_13712_length_759_cov_10.639394	330	410	18	64	80	0.8000000
NODE_13712_length_759_cov_10.639394	383	463	2	16	80	0.2000000
NODE_13712_length_759_cov_10.639394	383	463	6	29	80	0.3625000
NODE_13712_length_759_cov_10.639394	383	463	15	1	80	0.0125000
NODE_13712_length_759_cov_10.639394	383	463	16	3	80	0.0375000
NODE_13712_length_759_cov_10.639394	383	463	18	31	80	0.3875000
NODE_13713_length_759_cov_9.192424	209	290	37	2	81	0.0246914
NODE_13713_length_759_cov_9.192424	209	290	39	5	81	0.0617284
NODE_13713_length_759_cov_9.192424	209	290	41	6	81	0.0740741
NODE_13713_length_759_cov_9.192424	209	290	42	2	81	0.0246914
NODE_13713_length_759_cov_9.192424	209	290	48	1	81	0.0123457
NODE_13713_length_759_cov_9.192424	209	290	49	3	81	0.0370370
NODE_13713_length_759_cov_9.192424	209	290	50	4	81	0.0493827
NODE_13713_length_759_cov_9.192424	209	290	51	1	81	0.0123457
NODE_13713_length_759_cov_9.192424	209	290	52	2	81	0.0246914
NODE_13713_length_759_cov_9.192424	209	290	54	11	81	0.1358025
NODE_13713_length_759_cov_9.192424	209	290	57	1	81	0.0123457
NODE_13713_length_759_cov_9.192424	209	290	59	3	81	0.0370370
NODE_13713_length_759_cov_9.192424	209	290	61	1	81	0.0123457
NODE_13713_length_759_cov_9.192424	209	290	62	1	81	0.0123457
NODE_13713_length_759_cov_9.192424	209	290	64	4	81	0.0493827
NODE_13713_length_759_cov_9.192424	209	290	66	6	81	0.0740741
NODE_13713_length_759_cov_9.192424	209	290	70	3	81	0.0370370
NODE_13713_length_759_cov_9.192424	209	290	71	8	81	0.0987654
NODE_13713_length_759_cov_9.192424	209	290	73	8	81	0.0987654
NODE_13713_length_759_cov_9.192424	209	290	75	8	81	0.0987654
NODE_13713_length_759_cov_9.192424	209	290	77	1	81	0.0123457
NODE_13713_length_759_cov_9.192424	262	310	10	1	48	0.0208333
NODE_13713_length_759_cov_9.192424	262	310	12	3	48	0.0625000
NODE_13713_length_759_cov_9.192424	262	310	14	2	48	0.0416667
NODE_13713_length_759_cov_9.192424	262	310	18	6	48	0.1250000
NODE_13713_length_759_cov_9.192424	262	310	22	1	48	0.0208333
NODE_13713_length_759_cov_9.192424	262	310	24	2	48	0.0416667
NODE_13713_length_759_cov_9.192424	262	310	28	1	48	0.0208333
NODE_13713_length_759_cov_9.192424	262	310	32	2	48	0.0416667
NODE_13713_length_759_cov_9.192424	262	310	35	1	48	0.0208333
NODE_13713_length_759_cov_9.192424	262	310	37	3	48	0.0625000
NODE_13713_length_759_cov_9.192424	262	310	39	5	48	0.1041667
NODE_13713_length_759_cov_9.192424	262	310	41	6	48	0.1250000
NODE_13713_length_759_cov_9.192424	262	310	42	2	48	0.0416667
NODE_13713_length_759_cov_9.192424	262	310	48	1	48	0.0208333
NODE_13713_length_759_cov_9.192424	262	310	49	3	48	0.0625000
NODE_13713_length_759_cov_9.192424	262	310	50	4	48	0.0833333
NODE_13713_length_759_cov_9.192424	262	310	51	1	48	0.0208333
NODE_13713_length_759_cov_9.192424	262	310	52	2	48	0.0416667
NODE_13713_length_759_cov_9.192424	262	310	54	2	48	0.0416667
NODE_13714_length_759_cov_8.771212	292	372	4	6	80	0.0750000
NODE_13714_length_759_cov_8.771212	292	372	12	28	80	0.3500000
NODE_13714_length_759_cov_8.771212	292	372	16	7	80	0.0875000
NODE_13714_length_759_cov_8.771212	292	372	23	1	80	0.0125000
NODE_13714_length_759_cov_8.771212	292	372	24	38	80	0.4750000
NODE_13714_length_759_cov_8.771212	345	425	16	5	80	0.0625000
NODE_13714_length_759_cov_8.771212	345	425	20	17	80	0.2125000
NODE_13714_length_759_cov_8.771212	345	425	22	24	80	0.3000000
NODE_13714_length_759_cov_8.771212	345	425	24	34	80	0.4250000
NODE_13715_length_759_cov_8.650000	324	404	0	80	80	1.0000000
NODE_13715_length_759_cov_8.650000	377	457	0	80	80	1.0000000
NODE_13716_length_759_cov_8.268182	604	684	0	80	80	1.0000000
NODE_13716_length_759_cov_8.268182	657	737	0	80	80	1.0000000
NODE_13717_length_759_cov_6.833333	381	461	0	80	80	1.0000000
NODE_13717_length_759_cov_6.833333	434	515	0	81	81	1.0000000
NODE_13718_length_759_cov_6.407576	319	399	0	80	80	1.0000000
NODE_13718_length_759_cov_6.407576	372	452	0	80	80	1.0000000
NODE_13725_length_759_cov_3.400000	355	435	0	63	80	0.7875000
NODE_13725_length_759_cov_3.400000	355	435	2	17	80	0.2125000
NODE_13725_length_759_cov_3.400000	408	488	0	10	80	0.1250000
NODE_13725_length_759_cov_3.400000	408	488	2	70	80	0.8750000
NODE_13726_length_759_cov_3.346970	240	322	0	82	82	1.0000000
NODE_13760_length_758_cov_38.414264	215	295	8	18	80	0.2250000
NODE_13760_length_758_cov_38.414264	215	295	12	62	80	0.7750000
NODE_13760_length_758_cov_38.414264	268	348	0	23	80	0.2875000
NODE_13760_length_758_cov_38.414264	268	348	4	9	80	0.1125000
NODE_13760_length_758_cov_38.414264	268	348	6	4	80	0.0500000
NODE_13760_length_758_cov_38.414264	268	348	8	23	80	0.2875000
NODE_13760_length_758_cov_38.414264	268	348	12	21	80	0.2625000
NODE_13760_length_758_cov_38.414264	344	424	0	50	80	0.6250000
NODE_13760_length_758_cov_38.414264	344	424	2	30	80	0.3750000
NODE_13760_length_758_cov_38.414264	397	477	2	80	80	1.0000000
NODE_13761_length_758_cov_36.722307	331	411	2	30	80	0.3750000
NODE_13761_length_758_cov_36.722307	331	411	4	50	80	0.6250000
NODE_13761_length_758_cov_36.722307	384	464	0	26	80	0.3250000
NODE_13761_length_758_cov_36.722307	384	464	2	18	80	0.2250000
NODE_13761_length_758_cov_36.722307	384	464	4	36	80	0.4500000
NODE_13762_length_758_cov_29.910470	235	315	0	6	80	0.0750000
NODE_13762_length_758_cov_29.910470	235	315	2	74	80	0.9250000
NODE_13762_length_758_cov_29.910470	288	368	0	18	80	0.2250000
NODE_13762_length_758_cov_29.910470	288	368	2	62	80	0.7750000
NODE_13763_length_758_cov_16.226100	386	466	0	80	80	1.0000000
NODE_13763_length_758_cov_16.226100	439	519	0	80	80	1.0000000
NODE_13764_length_758_cov_16.097117	311	391	0	7	80	0.0875000
NODE_13764_length_758_cov_16.097117	311	391	4	22	80	0.2750000
NODE_13764_length_758_cov_16.097117	311	391	6	51	80	0.6375000
NODE_13764_length_758_cov_16.097117	364	444	0	60	80	0.7500000
NODE_13764_length_758_cov_16.097117	364	444	4	20	80	0.2500000
NODE_13765_length_758_cov_15.525038	260	340	2	31	80	0.3875000
NODE_13765_length_758_cov_15.525038	260	340	4	16	80	0.2000000
NODE_13765_length_758_cov_15.525038	260	340	8	33	80	0.4125000
NODE_13765_length_758_cov_15.525038	313	393	6	26	80	0.3250000
NODE_13765_length_758_cov_15.525038	313	393	7	27	80	0.3375000
NODE_13765_length_758_cov_15.525038	313	393	8	27	80	0.3375000
NODE_13768_length_758_cov_9.153263	224	299	4	75	75	1.0000000
NODE_13771_length_758_cov_4.241275	508	588	1	18	80	0.2250000
NODE_13771_length_758_cov_4.241275	508	588	2	28	80	0.3500000
NODE_13771_length_758_cov_4.241275	508	588	3	7	80	0.0875000
NODE_13771_length_758_cov_4.241275	508	588	9	10	80	0.1250000
NODE_13771_length_758_cov_4.241275	508	588	10	17	80	0.2125000
NODE_13772_length_758_cov_3.902883	346	426	0	80	80	1.0000000
NODE_13772_length_758_cov_3.902883	399	479	0	80	80	1.0000000
NODE_13794_length_757_cov_49.057751	155	235	0	15	80	0.1875000
NODE_13794_length_757_cov_49.057751	155	235	4	54	80	0.6750000
NODE_13794_length_757_cov_49.057751	155	235	8	11	80	0.1375000
NODE_13794_length_757_cov_49.057751	208	288	4	36	80	0.4500000
NODE_13794_length_757_cov_49.057751	208	288	8	44	80	0.5500000
NODE_13795_length_757_cov_29.954407	181	262	0	81	81	1.0000000
NODE_13795_length_757_cov_29.954407	235	315	0	80	80	1.0000000
NODE_13795_length_757_cov_29.954407	311	391	0	25	80	0.3125000
NODE_13795_length_757_cov_29.954407	311	391	2	55	80	0.6875000
NODE_13795_length_757_cov_29.954407	364	444	0	19	80	0.2375000
NODE_13795_length_757_cov_29.954407	364	444	2	61	80	0.7625000
NODE_13796_length_757_cov_25.565350	352	432	2	80	80	1.0000000
NODE_13796_length_757_cov_25.565350	405	483	0	41	78	0.5256410
NODE_13796_length_757_cov_25.565350	405	483	1	9	78	0.1153846
NODE_13796_length_757_cov_25.565350	405	483	2	28	78	0.3589744
NODE_13797_length_757_cov_18.338906	264	344	0	80	80	1.0000000
NODE_13797_length_757_cov_18.338906	317	397	0	80	80	1.0000000
NODE_13798_length_757_cov_15.879939	58	138	0	80	80	1.0000000
NODE_13798_length_757_cov_15.879939	111	191	0	80	80	1.0000000
NODE_13800_length_757_cov_15.291793	314	394	0	5	80	0.0625000
NODE_13800_length_757_cov_15.291793	314	394	2	13	80	0.1625000
NODE_13800_length_757_cov_15.291793	314	394	10	62	80	0.7750000
NODE_13800_length_757_cov_15.291793	367	447	8	20	80	0.2500000
NODE_13800_length_757_cov_15.291793	367	447	10	60	80	0.7500000
NODE_13807_length_757_cov_3.182371	423	503	0	80	80	1.0000000
NODE_13807_length_757_cov_3.182371	476	556	0	80	80	1.0000000
NODE_13832_length_756_cov_26.441400	287	367	0	1	80	0.0125000
NODE_13832_length_756_cov_26.441400	287	367	2	79	80	0.9875000
NODE_13832_length_756_cov_26.441400	340	420	2	80	80	1.0000000
NODE_13834_length_756_cov_13.097412	154	234	6	80	80	1.0000000
NODE_13834_length_756_cov_13.097412	207	287	0	10	80	0.1250000
NODE_13834_length_756_cov_13.097412	207	287	4	36	80	0.4500000
NODE_13834_length_756_cov_13.097412	207	287	6	34	80	0.4250000
NODE_13835_length_756_cov_12.732116	377	457	0	80	80	1.0000000
NODE_13836_length_756_cov_9.254186	241	321	0	80	80	1.0000000
NODE_13836_length_756_cov_9.254186	294	374	0	80	80	1.0000000
NODE_13837_length_756_cov_8.304414	363	409	0	46	46	1.0000000
NODE_13838_length_756_cov_8.105023	271	351	2	3	80	0.0375000
NODE_13838_length_756_cov_8.105023	271	351	11	26	80	0.3250000
NODE_13838_length_756_cov_8.105023	271	351	12	31	80	0.3875000
NODE_13838_length_756_cov_8.105023	271	351	14	20	80	0.2500000
NODE_13838_length_756_cov_8.105023	324	404	2	56	80	0.7000000
NODE_13838_length_756_cov_8.105023	324	404	12	9	80	0.1125000
NODE_13838_length_756_cov_8.105023	324	404	14	15	80	0.1875000
NODE_13840_length_756_cov_6.622527	431	511	0	80	80	1.0000000
NODE_13840_length_756_cov_6.622527	484	565	0	81	81	1.0000000
NODE_13888_length_755_cov_64.705793	303	383	2	40	80	0.5000000
NODE_13888_length_755_cov_64.705793	303	383	4	40	80	0.5000000
NODE_13888_length_755_cov_64.705793	356	436	0	7	80	0.0875000
NODE_13888_length_755_cov_64.705793	356	436	2	51	80	0.6375000
NODE_13888_length_755_cov_64.705793	356	436	4	22	80	0.2750000
NODE_13889_length_755_cov_58.214939	425	505	0	80	80	1.0000000
NODE_13889_length_755_cov_58.214939	425	505	0	80	80	1.0000000
NODE_13889_length_755_cov_58.214939	478	556	0	78	78	1.0000000
NODE_13889_length_755_cov_58.214939	478	556	0	78	78	1.0000000
NODE_13890_length_755_cov_25.945122	237	317	0	8	80	0.1000000
NODE_13890_length_755_cov_25.945122	237	317	2	72	80	0.9000000
NODE_13890_length_755_cov_25.945122	290	370	2	65	80	0.8125000
NODE_13890_length_755_cov_25.945122	290	370	4	15	80	0.1875000
NODE_13891_length_755_cov_24.263720	334	414	0	80	80	1.0000000
NODE_13891_length_755_cov_24.263720	387	467	0	80	80	1.0000000
NODE_13892_length_755_cov_15.559451	306	386	0	27	80	0.3375000
NODE_13892_length_755_cov_15.559451	306	386	2	39	80	0.4875000
NODE_13892_length_755_cov_15.559451	306	386	4	14	80	0.1750000
NODE_13892_length_755_cov_15.559451	359	439	2	32	80	0.4000000
NODE_13892_length_755_cov_15.559451	359	439	4	48	80	0.6000000
NODE_13894_length_755_cov_10.196646	332	412	0	6	80	0.0750000
NODE_13894_length_755_cov_10.196646	332	412	2	74	80	0.9250000
NODE_13894_length_755_cov_10.196646	385	465	0	6	80	0.0750000
NODE_13894_length_755_cov_10.196646	385	465	2	74	80	0.9250000
NODE_13895_length_755_cov_9.772866	210	290	0	1	80	0.0125000
NODE_13895_length_755_cov_9.772866	210	290	2	79	80	0.9875000
NODE_13895_length_755_cov_9.772866	263	343	0	19	80	0.2375000
NODE_13895_length_755_cov_9.772866	263	343	2	61	80	0.7625000
NODE_13936_length_754_cov_87.432061	208	288	0	42	80	0.5250000
NODE_13936_length_754_cov_87.432061	208	288	2	17	80	0.2125000
NODE_13936_length_754_cov_87.432061	208	288	3	9	80	0.1125000
NODE_13936_length_754_cov_87.432061	208	288	6	12	80	0.1500000
NODE_13936_length_754_cov_87.432061	261	341	2	6	80	0.0750000
NODE_13936_length_754_cov_87.432061	261	341	3	9	80	0.1125000
NODE_13936_length_754_cov_87.432061	261	341	4	10	80	0.1250000
NODE_13936_length_754_cov_87.432061	261	341	6	55	80	0.6875000
NODE_13937_length_754_cov_16.549618	156	236	0	71	80	0.8875000
NODE_13937_length_754_cov_16.549618	156	236	2	9	80	0.1125000
NODE_13937_length_754_cov_16.549618	209	289	0	18	80	0.2250000
NODE_13937_length_754_cov_16.549618	209	289	2	62	80	0.7750000
NODE_13939_length_754_cov_9.068702	316	396	0	80	80	1.0000000
NODE_13939_length_754_cov_9.068702	369	449	0	80	80	1.0000000
NODE_13940_length_754_cov_5.925191	287	367	0	26	80	0.3250000
NODE_13940_length_754_cov_5.925191	287	367	2	54	80	0.6750000
NODE_13940_length_754_cov_5.925191	340	420	0	79	80	0.9875000
NODE_13940_length_754_cov_5.925191	340	420	2	1	80	0.0125000
NODE_13974_length_753_cov_10.434251	386	466	0	21	80	0.2625000
NODE_13974_length_753_cov_10.434251	386	466	2	59	80	0.7375000
NODE_13974_length_753_cov_10.434251	439	519	2	80	80	1.0000000
NODE_13976_length_753_cov_7.056575	344	424	0	80	80	1.0000000
NODE_13976_length_753_cov_7.056575	397	477	0	80	80	1.0000000
NODE_13977_length_753_cov_4.597859	321	401	0	80	80	1.0000000
NODE_13977_length_753_cov_4.597859	374	454	0	80	80	1.0000000
NODE_14003_length_752_cov_66.281776	617	697	15	8	80	0.1000000
NODE_14003_length_752_cov_66.281776	617	697	17	1	80	0.0125000
NODE_14003_length_752_cov_66.281776	617	697	20	7	80	0.0875000
NODE_14003_length_752_cov_66.281776	617	697	21	5	80	0.0625000
NODE_14003_length_752_cov_66.281776	617	697	23	21	80	0.2625000
NODE_14003_length_752_cov_66.281776	617	697	26	38	80	0.4750000
NODE_14003_length_752_cov_66.281776	670	751	0	28	81	0.3456790
NODE_14003_length_752_cov_66.281776	670	751	1	4	81	0.0493827
NODE_14003_length_752_cov_66.281776	670	751	3	5	81	0.0617284
NODE_14003_length_752_cov_66.281776	670	751	5	10	81	0.1234568
NODE_14003_length_752_cov_66.281776	670	751	9	2	81	0.0246914
NODE_14003_length_752_cov_66.281776	670	751	13	1	81	0.0123457
NODE_14003_length_752_cov_66.281776	670	751	15	12	81	0.1481481
NODE_14003_length_752_cov_66.281776	670	751	17	1	81	0.0123457
NODE_14003_length_752_cov_66.281776	670	751	20	7	81	0.0864198
NODE_14003_length_752_cov_66.281776	670	751	21	5	81	0.0617284
NODE_14003_length_752_cov_66.281776	670	751	23	6	81	0.0740741
NODE_14004_length_752_cov_60.274119	193	273	0	77	80	0.9625000
NODE_14004_length_752_cov_60.274119	193	273	2	3	80	0.0375000
NODE_14004_length_752_cov_60.274119	246	326	0	24	80	0.3000000
NODE_14004_length_752_cov_60.274119	246	326	2	56	80	0.7000000
NODE_14005_length_752_cov_19.811639	299	379	0	31	80	0.3875000
NODE_14005_length_752_cov_19.811639	299	379	2	49	80	0.6125000
NODE_14005_length_752_cov_19.811639	352	432	0	19	80	0.2375000
NODE_14005_length_752_cov_19.811639	352	432	2	61	80	0.7625000
NODE_14006_length_752_cov_17.661562	118	198	2	60	80	0.7500000
NODE_14006_length_752_cov_17.661562	118	198	6	20	80	0.2500000
NODE_14006_length_752_cov_17.661562	171	251	2	7	80	0.0875000
NODE_14006_length_752_cov_17.661562	171	251	4	4	80	0.0500000
NODE_14006_length_752_cov_17.661562	171	251	6	69	80	0.8625000
NODE_14007_length_752_cov_13.275651	241	321	6	33	80	0.4125000
NODE_14007_length_752_cov_13.275651	241	321	8	47	80	0.5875000
NODE_14007_length_752_cov_13.275651	294	374	0	1	80	0.0125000
NODE_14007_length_752_cov_13.275651	294	374	2	22	80	0.2750000
NODE_14007_length_752_cov_13.275651	294	374	8	57	80	0.7125000
NODE_14008_length_752_cov_10.928025	313	393	4	4	80	0.0500000
NODE_14008_length_752_cov_10.928025	313	393	6	21	80	0.2625000
NODE_14008_length_752_cov_10.928025	313	393	8	2	80	0.0250000
NODE_14008_length_752_cov_10.928025	313	393	10	53	80	0.6625000
NODE_14011_length_752_cov_9.558959	249	329	0	80	80	1.0000000
NODE_14011_length_752_cov_9.558959	302	382	0	80	80	1.0000000
NODE_14014_length_752_cov_8.281776	237	317	0	60	80	0.7500000
NODE_14014_length_752_cov_8.281776	237	317	2	20	80	0.2500000
NODE_14014_length_752_cov_8.281776	290	370	0	7	80	0.0875000
NODE_14014_length_752_cov_8.281776	290	370	2	73	80	0.9125000
NODE_14015_length_752_cov_8.082695	352	432	0	80	80	1.0000000
NODE_14015_length_752_cov_8.082695	405	485	0	80	80	1.0000000
NODE_14044_length_751_cov_20.730061	238	318	0	32	80	0.4000000
NODE_14044_length_751_cov_20.730061	238	318	2	48	80	0.6000000
NODE_14044_length_751_cov_20.730061	291	371	0	25	80	0.3125000
NODE_14044_length_751_cov_20.730061	291	371	2	55	80	0.6875000
NODE_14045_length_751_cov_18.478528	328	409	4	15	81	0.1851852
NODE_14045_length_751_cov_18.478528	328	409	6	8	81	0.0987654
NODE_14045_length_751_cov_18.478528	328	409	8	55	81	0.6790124
NODE_14045_length_751_cov_18.478528	328	409	10	3	81	0.0370370
NODE_14045_length_751_cov_18.478528	382	462	7	1	80	0.0125000
NODE_14045_length_751_cov_18.478528	382	462	8	52	80	0.6500000
NODE_14045_length_751_cov_18.478528	382	462	10	27	80	0.3375000
NODE_14046_length_751_cov_13.016871	172	252	0	2	80	0.0250000
NODE_14046_length_751_cov_13.016871	172	252	2	70	80	0.8750000
NODE_14046_length_751_cov_13.016871	172	252	4	8	80	0.1000000
NODE_14046_length_751_cov_13.016871	225	305	2	71	80	0.8875000
NODE_14046_length_751_cov_13.016871	225	305	4	9	80	0.1125000
NODE_14047_length_751_cov_12.363497	397	477	2	80	80	1.0000000
NODE_14047_length_751_cov_12.363497	450	530	0	25	80	0.3125000
NODE_14047_length_751_cov_12.363497	450	530	2	55	80	0.6875000
NODE_14085_length_750_cov_46.371736	396	476	0	44	80	0.5500000
NODE_14085_length_750_cov_46.371736	396	476	4	10	80	0.1250000
NODE_14085_length_750_cov_46.371736	396	476	6	9	80	0.1125000
NODE_14085_length_750_cov_46.371736	396	476	8	17	80	0.2125000
NODE_14085_length_750_cov_46.371736	449	529	4	1	80	0.0125000
NODE_14085_length_750_cov_46.371736	449	529	6	9	80	0.1125000
NODE_14085_length_750_cov_46.371736	449	529	8	70	80	0.8750000
NODE_14086_length_750_cov_24.428571	524	604	24	3	80	0.0375000
NODE_14086_length_750_cov_24.428571	524	604	28	2	80	0.0250000
NODE_14086_length_750_cov_24.428571	524	604	30	15	80	0.1875000
NODE_14086_length_750_cov_24.428571	524	604	34	6	80	0.0750000
NODE_14086_length_750_cov_24.428571	524	604	38	8	80	0.1000000
NODE_14086_length_750_cov_24.428571	524	604	40	2	80	0.0250000
NODE_14086_length_750_cov_24.428571	524	604	42	44	80	0.5500000
NODE_14086_length_750_cov_24.428571	683	746	0	63	63	1.0000000
NODE_14087_length_750_cov_24.311828	325	405	2	23	80	0.2875000
NODE_14087_length_750_cov_24.311828	325	405	8	36	80	0.4500000
NODE_14087_length_750_cov_24.311828	325	405	10	21	80	0.2625000
NODE_14087_length_750_cov_24.311828	378	458	3	5	80	0.0625000
NODE_14087_length_750_cov_24.311828	378	458	4	6	80	0.0750000
NODE_14087_length_750_cov_24.311828	378	458	8	6	80	0.0750000
NODE_14087_length_750_cov_24.311828	378	458	10	63	80	0.7875000
NODE_14089_length_750_cov_8.529954	336	416	0	80	80	1.0000000
NODE_14089_length_750_cov_8.529954	395	469	0	74	74	1.0000000
NODE_14137_length_749_cov_18.986154	221	301	0	69	80	0.8625000
NODE_14137_length_749_cov_18.986154	221	301	4	11	80	0.1375000
NODE_14137_length_749_cov_18.986154	274	354	0	16	80	0.2000000
NODE_14137_length_749_cov_18.986154	274	354	4	64	80	0.8000000
NODE_14138_length_749_cov_18.836923	273	355	0	82	82	1.0000000
NODE_14138_length_749_cov_18.836923	328	408	0	80	80	1.0000000
NODE_14138_length_749_cov_18.836923	404	484	0	23	80	0.2875000
NODE_14138_length_749_cov_18.836923	404	484	6	9	80	0.1125000
NODE_14138_length_749_cov_18.836923	404	484	8	28	80	0.3500000
NODE_14138_length_749_cov_18.836923	404	484	13	1	80	0.0125000
NODE_14138_length_749_cov_18.836923	404	484	14	19	80	0.2375000
NODE_14138_length_749_cov_18.836923	457	535	6	2	78	0.0256410
NODE_14138_length_749_cov_18.836923	457	535	8	18	78	0.2307692
NODE_14138_length_749_cov_18.836923	457	535	13	1	78	0.0128205
NODE_14138_length_749_cov_18.836923	457	535	14	57	78	0.7307692
NODE_14139_length_749_cov_16.160000	232	253	2	21	21	1.0000000
NODE_14139_length_749_cov_16.160000	232	306	0	5	74	0.0675676
NODE_14139_length_749_cov_16.160000	232	306	2	69	74	0.9324324
NODE_14140_length_749_cov_16.115385	307	387	0	80	80	1.0000000
NODE_14140_length_749_cov_16.115385	360	440	0	80	80	1.0000000
NODE_14141_length_749_cov_11.210769	340	420	0	80	80	1.0000000
NODE_14141_length_749_cov_11.210769	393	473	0	80	80	1.0000000
NODE_14142_length_749_cov_8.424615	372	452	0	80	80	1.0000000
NODE_14142_length_749_cov_8.424615	425	505	0	80	80	1.0000000
NODE_14145_length_749_cov_4.521538	550	630	2	16	80	0.2000000
NODE_14145_length_749_cov_4.521538	550	630	4	64	80	0.8000000
NODE_14145_length_749_cov_4.521538	603	683	2	9	80	0.1125000
NODE_14145_length_749_cov_4.521538	603	683	4	71	80	0.8875000
NODE_14185_length_748_cov_55.348228	393	473	10	8	80	0.1000000
NODE_14185_length_748_cov_55.348228	393	473	11	1	80	0.0125000
NODE_14185_length_748_cov_55.348228	393	473	12	3	80	0.0375000
NODE_14185_length_748_cov_55.348228	393	473	13	1	80	0.0125000
NODE_14185_length_748_cov_55.348228	393	473	16	10	80	0.1250000
NODE_14185_length_748_cov_55.348228	393	473	24	12	80	0.1500000
NODE_14185_length_748_cov_55.348228	393	473	26	4	80	0.0500000
NODE_14185_length_748_cov_55.348228	393	473	28	12	80	0.1500000
NODE_14185_length_748_cov_55.348228	393	473	30	28	80	0.3500000
NODE_14185_length_748_cov_55.348228	393	473	32	1	80	0.0125000
NODE_14185_length_748_cov_55.348228	446	526	22	14	80	0.1750000
NODE_14185_length_748_cov_55.348228	446	526	23	22	80	0.2750000
NODE_14185_length_748_cov_55.348228	446	526	24	29	80	0.3625000
NODE_14185_length_748_cov_55.348228	446	526	30	14	80	0.1750000
NODE_14185_length_748_cov_55.348228	446	526	32	1	80	0.0125000
NODE_14186_length_748_cov_51.838213	369	449	0	12	80	0.1500000
NODE_14186_length_748_cov_51.838213	369	449	2	7	80	0.0875000
NODE_14186_length_748_cov_51.838213	369	449	4	7	80	0.0875000
NODE_14186_length_748_cov_51.838213	369	449	6	54	80	0.6750000
NODE_14186_length_748_cov_51.838213	422	502	4	27	80	0.3375000
NODE_14186_length_748_cov_51.838213	422	502	6	53	80	0.6625000
NODE_14187_length_748_cov_46.952234	293	373	0	40	80	0.5000000
NODE_14187_length_748_cov_46.952234	293	373	4	40	80	0.5000000
NODE_14187_length_748_cov_46.952234	346	426	4	80	80	1.0000000
NODE_14188_length_748_cov_45.001541	272	352	0	80	80	1.0000000
NODE_14188_length_748_cov_45.001541	325	405	0	34	80	0.4250000
NODE_14188_length_748_cov_45.001541	325	405	4	46	80	0.5750000
NODE_14189_length_748_cov_34.355932	488	568	0	17	80	0.2125000
NODE_14189_length_748_cov_34.355932	488	568	1	63	80	0.7875000
NODE_14189_length_748_cov_34.355932	541	621	1	35	80	0.4375000
NODE_14189_length_748_cov_34.355932	541	621	2	45	80	0.5625000
NODE_14190_length_748_cov_25.972265	297	377	0	32	80	0.4000000
NODE_14190_length_748_cov_25.972265	297	377	3	26	80	0.3250000
NODE_14190_length_748_cov_25.972265	297	377	5	22	80	0.2750000
NODE_14190_length_748_cov_25.972265	350	430	3	5	80	0.0625000
NODE_14190_length_748_cov_25.972265	350	430	5	75	80	0.9375000
NODE_14191_length_748_cov_21.050847	362	442	4	17	80	0.2125000
NODE_14191_length_748_cov_21.050847	362	442	10	1	80	0.0125000
NODE_14191_length_748_cov_21.050847	362	442	11	16	80	0.2000000
NODE_14191_length_748_cov_21.050847	362	442	14	23	80	0.2875000
NODE_14191_length_748_cov_21.050847	362	442	15	14	80	0.1750000
NODE_14191_length_748_cov_21.050847	362	442	17	9	80	0.1125000
NODE_14191_length_748_cov_21.050847	415	495	12	34	80	0.4250000
NODE_14191_length_748_cov_21.050847	415	495	14	42	80	0.5250000
NODE_14191_length_748_cov_21.050847	415	495	15	4	80	0.0500000
NODE_14192_length_748_cov_20.682589	353	433	0	80	80	1.0000000
NODE_14192_length_748_cov_20.682589	406	486	0	80	80	1.0000000
NODE_14193_length_748_cov_19.081664	261	341	0	15	80	0.1875000
NODE_14193_length_748_cov_19.081664	261	341	2	65	80	0.8125000
NODE_14193_length_748_cov_19.081664	314	394	0	13	80	0.1625000
NODE_14193_length_748_cov_19.081664	314	394	2	67	80	0.8375000
NODE_14193_length_748_cov_19.081664	390	470	0	33	80	0.4125000
NODE_14193_length_748_cov_19.081664	390	470	2	47	80	0.5875000
NODE_14193_length_748_cov_19.081664	443	522	2	79	79	1.0000000
NODE_14194_length_748_cov_16.579353	81	161	2	80	80	1.0000000
NODE_14194_length_748_cov_16.579353	134	214	2	42	80	0.5250000
NODE_14194_length_748_cov_16.579353	134	214	5	6	80	0.0750000
NODE_14194_length_748_cov_16.579353	134	214	6	25	80	0.3125000
NODE_14194_length_748_cov_16.579353	134	214	8	7	80	0.0875000
NODE_14194_length_748_cov_16.579353	210	290	6	9	80	0.1125000
NODE_14194_length_748_cov_16.579353	210	290	10	71	80	0.8875000
NODE_14194_length_748_cov_16.579353	263	343	0	11	80	0.1375000
NODE_14194_length_748_cov_16.579353	263	343	3	6	80	0.0750000
NODE_14194_length_748_cov_16.579353	263	343	6	3	80	0.0375000
NODE_14194_length_748_cov_16.579353	263	343	10	60	80	0.7500000
NODE_14196_length_748_cov_11.983051	375	455	0	25	80	0.3125000
NODE_14196_length_748_cov_11.983051	375	455	1	12	80	0.1500000
NODE_14196_length_748_cov_11.983051	375	455	2	43	80	0.5375000
NODE_14196_length_748_cov_11.983051	428	508	2	80	80	1.0000000
NODE_14197_length_748_cov_11.474576	257	337	0	80	80	1.0000000
NODE_14197_length_748_cov_11.474576	310	390	0	80	80	1.0000000
NODE_14200_length_748_cov_7.979969	223	303	0	80	80	1.0000000
NODE_14200_length_748_cov_7.979969	276	356	0	80	80	1.0000000
NODE_14240_length_747_cov_24.279321	205	285	2	17	80	0.2125000
NODE_14240_length_747_cov_24.279321	205	285	7	2	80	0.0250000
NODE_14240_length_747_cov_24.279321	205	285	8	47	80	0.5875000
NODE_14240_length_747_cov_24.279321	205	285	10	14	80	0.1750000
NODE_14240_length_747_cov_24.279321	258	338	0	1	80	0.0125000
NODE_14240_length_747_cov_24.279321	258	338	2	11	80	0.1375000
NODE_14240_length_747_cov_24.279321	258	338	8	68	80	0.8500000
NODE_14241_length_747_cov_15.438272	352	432	0	80	80	1.0000000
NODE_14241_length_747_cov_15.438272	405	485	0	80	80	1.0000000
NODE_14244_length_747_cov_7.979938	237	317	0	80	80	1.0000000
NODE_14244_length_747_cov_7.979938	290	370	0	80	80	1.0000000
NODE_14248_length_747_cov_4.918210	157	237	0	80	80	1.0000000
NODE_14248_length_747_cov_4.918210	210	290	0	80	80	1.0000000
NODE_14277_length_746_cov_44.041731	153	233	2	34	80	0.4250000
NODE_14277_length_746_cov_44.041731	153	233	4	46	80	0.5750000
NODE_14277_length_746_cov_44.041731	206	286	0	22	80	0.2750000
NODE_14277_length_746_cov_44.041731	206	286	2	54	80	0.6750000
NODE_14277_length_746_cov_44.041731	206	286	4	4	80	0.0500000
NODE_14278_length_746_cov_24.435858	334	414	0	80	80	1.0000000
NODE_14278_length_746_cov_24.435858	387	467	0	80	80	1.0000000
NODE_14279_length_746_cov_20.225657	114	194	0	80	80	1.0000000
NODE_14279_length_746_cov_20.225657	167	247	0	80	80	1.0000000
NODE_14280_length_746_cov_17.919629	330	410	0	6	80	0.0750000
NODE_14280_length_746_cov_17.919629	330	410	2	17	80	0.2125000
NODE_14280_length_746_cov_17.919629	330	410	6	57	80	0.7125000
NODE_14280_length_746_cov_17.919629	383	463	4	24	80	0.3000000
NODE_14280_length_746_cov_17.919629	383	463	6	56	80	0.7000000
NODE_14281_length_746_cov_17.523957	292	372	0	80	80	1.0000000
NODE_14281_length_746_cov_17.523957	345	425	0	80	80	1.0000000
NODE_14282_length_746_cov_17.214838	306	386	0	75	80	0.9375000
NODE_14282_length_746_cov_17.214838	306	386	2	5	80	0.0625000
NODE_14282_length_746_cov_17.214838	359	439	0	22	80	0.2750000
NODE_14282_length_746_cov_17.214838	359	439	2	58	80	0.7250000
NODE_14283_length_746_cov_16.765070	344	424	0	80	80	1.0000000
NODE_14283_length_746_cov_16.765070	397	477	0	80	80	1.0000000
NODE_14284_length_746_cov_13.153014	126	206	0	80	80	1.0000000
NODE_14284_length_746_cov_13.153014	179	259	0	80	80	1.0000000
NODE_14284_length_746_cov_13.153014	244	263	0	19	19	1.0000000
NODE_14285_length_746_cov_12.316847	364	442	0	12	78	0.1538462
NODE_14285_length_746_cov_12.316847	364	442	2	66	78	0.8461539
NODE_14286_length_746_cov_11.301391	349	429	4	5	80	0.0625000
NODE_14286_length_746_cov_11.301391	349	429	11	1	80	0.0125000
NODE_14286_length_746_cov_11.301391	349	429	12	3	80	0.0375000
NODE_14286_length_746_cov_11.301391	349	429	13	34	80	0.4250000
NODE_14286_length_746_cov_11.301391	349	429	15	29	80	0.3625000
NODE_14286_length_746_cov_11.301391	349	429	16	8	80	0.1000000
NODE_14286_length_746_cov_11.301391	402	482	4	58	80	0.7250000
NODE_14286_length_746_cov_11.301391	402	482	15	22	80	0.2750000
NODE_14302_length_746_cov_2.639876	331	411	2	80	80	1.0000000
NODE_14307_length_746_cov_1.879444	435	502	0	67	67	1.0000000
NODE_14310_length_746_cov_1.727975	65	121	0	56	56	1.0000000
NODE_14310_length_746_cov_1.727975	494	540	0	7	46	0.1521739
NODE_14310_length_746_cov_1.727975	494	540	2	39	46	0.8478261
NODE_14329_length_745_cov_40.360681	257	337	2	69	80	0.8625000
NODE_14329_length_745_cov_40.360681	257	337	6	11	80	0.1375000
NODE_14329_length_745_cov_40.360681	310	390	2	16	80	0.2000000
NODE_14329_length_745_cov_40.360681	310	390	4	24	80	0.3000000
NODE_14329_length_745_cov_40.360681	310	390	6	40	80	0.5000000
NODE_14330_length_745_cov_30.817337	339	419	0	30	80	0.3750000
NODE_14330_length_745_cov_30.817337	339	419	4	50	80	0.6250000
NODE_14330_length_745_cov_30.817337	392	459	4	67	67	1.0000000
NODE_14335_length_745_cov_8.620743	225	275	0	50	50	1.0000000
NODE_14335_length_745_cov_8.620743	248	328	0	80	80	1.0000000
NODE_14343_length_745_cov_3.922601	249	280	44	5	31	0.1612903
NODE_14343_length_745_cov_3.922601	249	280	48	4	31	0.1290323
NODE_14343_length_745_cov_3.922601	249	280	50	2	31	0.0645161
NODE_14343_length_745_cov_3.922601	249	280	51	2	31	0.0645161
NODE_14343_length_745_cov_3.922601	249	280	52	4	31	0.1290323
NODE_14343_length_745_cov_3.922601	249	280	53	14	31	0.4516129
NODE_14343_length_745_cov_3.922601	253	333	44	1	80	0.0125000
NODE_14343_length_745_cov_3.922601	253	333	45	10	80	0.1250000
NODE_14343_length_745_cov_3.922601	253	333	47	1	80	0.0125000
NODE_14343_length_745_cov_3.922601	253	333	48	4	80	0.0500000
NODE_14343_length_745_cov_3.922601	253	333	49	1	80	0.0125000
NODE_14343_length_745_cov_3.922601	253	333	50	2	80	0.0250000
NODE_14343_length_745_cov_3.922601	253	333	51	24	80	0.3000000
NODE_14343_length_745_cov_3.922601	253	333	52	4	80	0.0500000
NODE_14343_length_745_cov_3.922601	253	333	53	33	80	0.4125000
NODE_14381_length_744_cov_44.953488	553	633	2	3	80	0.0375000
NODE_14381_length_744_cov_44.953488	553	633	3	21	80	0.2625000
NODE_14381_length_744_cov_44.953488	553	633	4	3	80	0.0375000
NODE_14381_length_744_cov_44.953488	553	633	6	26	80	0.3250000
NODE_14381_length_744_cov_44.953488	553	633	12	27	80	0.3375000
NODE_14381_length_744_cov_44.953488	553	633	2	3	80	0.0375000
NODE_14381_length_744_cov_44.953488	553	633	3	21	80	0.2625000
NODE_14381_length_744_cov_44.953488	553	633	4	3	80	0.0375000
NODE_14381_length_744_cov_44.953488	553	633	6	26	80	0.3250000
NODE_14381_length_744_cov_44.953488	553	633	12	27	80	0.3375000
NODE_14381_length_744_cov_44.953488	553	633	2	3	80	0.0375000
NODE_14381_length_744_cov_44.953488	553	633	3	21	80	0.2625000
NODE_14381_length_744_cov_44.953488	553	633	4	3	80	0.0375000
NODE_14381_length_744_cov_44.953488	553	633	6	26	80	0.3250000
NODE_14381_length_744_cov_44.953488	553	633	12	27	80	0.3375000
NODE_14381_length_744_cov_44.953488	553	633	2	3	80	0.0375000
NODE_14381_length_744_cov_44.953488	553	633	3	21	80	0.2625000
NODE_14381_length_744_cov_44.953488	553	633	4	3	80	0.0375000
NODE_14381_length_744_cov_44.953488	553	633	6	26	80	0.3250000
NODE_14381_length_744_cov_44.953488	553	633	12	27	80	0.3375000
NODE_14382_length_744_cov_35.333333	163	243	0	80	80	1.0000000
NODE_14382_length_744_cov_35.333333	216	296	0	80	80	1.0000000
NODE_14382_length_744_cov_35.333333	292	372	0	77	80	0.9625000
NODE_14382_length_744_cov_35.333333	292	372	2	3	80	0.0375000
NODE_14382_length_744_cov_35.333333	345	425	0	24	80	0.3000000
NODE_14382_length_744_cov_35.333333	345	425	2	56	80	0.7000000
NODE_14383_length_744_cov_34.503876	294	374	2	9	80	0.1125000
NODE_14383_length_744_cov_34.503876	294	374	4	23	80	0.2875000
NODE_14383_length_744_cov_34.503876	294	374	6	8	80	0.1000000
NODE_14383_length_744_cov_34.503876	294	374	8	13	80	0.1625000
NODE_14383_length_744_cov_34.503876	294	374	10	27	80	0.3375000
NODE_14383_length_744_cov_34.503876	347	427	4	2	80	0.0250000
NODE_14383_length_744_cov_34.503876	347	427	6	8	80	0.1000000
NODE_14383_length_744_cov_34.503876	347	427	8	19	80	0.2375000
NODE_14383_length_744_cov_34.503876	347	427	10	51	80	0.6375000
NODE_14384_length_744_cov_32.282171	333	403	0	39	70	0.5571429
NODE_14384_length_744_cov_32.282171	333	403	4	31	70	0.4428571
NODE_14384_length_744_cov_32.282171	440	520	10	20	80	0.2500000
NODE_14384_length_744_cov_32.282171	440	520	11	12	80	0.1500000
NODE_14384_length_744_cov_32.282171	440	520	12	41	80	0.5125000
NODE_14384_length_744_cov_32.282171	440	520	13	5	80	0.0625000
NODE_14384_length_744_cov_32.282171	440	520	14	2	80	0.0250000
NODE_14384_length_744_cov_32.282171	493	573	7	32	80	0.4000000
NODE_14384_length_744_cov_32.282171	493	573	9	20	80	0.2500000
NODE_14384_length_744_cov_32.282171	493	573	11	13	80	0.1625000
NODE_14384_length_744_cov_32.282171	493	573	12	8	80	0.1000000
NODE_14384_length_744_cov_32.282171	493	573	13	5	80	0.0625000
NODE_14384_length_744_cov_32.282171	493	573	14	2	80	0.0250000
NODE_14390_length_744_cov_4.537984	260	340	0	80	80	1.0000000
NODE_14390_length_744_cov_4.537984	313	393	0	80	80	1.0000000
NODE_14396_length_744_cov_2.784496	335	387	6	7	52	0.1346154
NODE_14396_length_744_cov_2.784496	335	387	8	6	52	0.1153846
NODE_14396_length_744_cov_2.784496	335	387	10	39	52	0.7500000
NODE_14396_length_744_cov_2.784496	360	437	6	35	77	0.4545455
NODE_14396_length_744_cov_2.784496	360	437	8	10	77	0.1298701
NODE_14396_length_744_cov_2.784496	360	437	10	32	77	0.4155844
NODE_14427_length_743_cov_26.369565	354	434	1	7	80	0.0875000
NODE_14427_length_743_cov_26.369565	354	434	2	29	80	0.3625000
NODE_14427_length_743_cov_26.369565	354	434	3	4	80	0.0500000
NODE_14427_length_743_cov_26.369565	354	434	4	37	80	0.4625000
NODE_14427_length_743_cov_26.369565	354	434	5	3	80	0.0375000
NODE_14427_length_743_cov_26.369565	407	487	3	14	80	0.1750000
NODE_14427_length_743_cov_26.369565	407	487	4	20	80	0.2500000
NODE_14427_length_743_cov_26.369565	407	487	5	46	80	0.5750000
NODE_14428_length_743_cov_21.759317	138	218	0	10	80	0.1250000
NODE_14428_length_743_cov_21.759317	138	218	1	3	80	0.0375000
NODE_14428_length_743_cov_21.759317	138	218	3	18	80	0.2250000
NODE_14428_length_743_cov_21.759317	138	218	4	49	80	0.6125000
NODE_14428_length_743_cov_21.759317	191	271	2	35	80	0.4375000
NODE_14428_length_743_cov_21.759317	191	271	4	45	80	0.5625000
NODE_14429_length_743_cov_18.173913	213	293	0	80	80	1.0000000
NODE_14429_length_743_cov_18.173913	266	346	0	80	80	1.0000000
NODE_14431_length_743_cov_17.066770	400	480	0	10	80	0.1250000
NODE_14431_length_743_cov_17.066770	400	480	2	70	80	0.8750000
NODE_14431_length_743_cov_17.066770	453	532	0	62	79	0.7848101
NODE_14431_length_743_cov_17.066770	453	532	2	17	79	0.2151899
NODE_14432_length_743_cov_16.354037	350	430	0	80	80	1.0000000
NODE_14432_length_743_cov_16.354037	403	483	0	80	80	1.0000000
NODE_14433_length_743_cov_15.667702	220	300	0	45	80	0.5625000
NODE_14433_length_743_cov_15.667702	220	300	2	9	80	0.1125000
NODE_14433_length_743_cov_15.667702	220	300	3	1	80	0.0125000
NODE_14433_length_743_cov_15.667702	220	300	4	25	80	0.3125000
NODE_14433_length_743_cov_15.667702	273	353	2	1	80	0.0125000
NODE_14433_length_743_cov_15.667702	273	353	3	1	80	0.0125000
NODE_14433_length_743_cov_15.667702	273	353	4	78	80	0.9750000
NODE_14433_length_743_cov_15.667702	349	429	4	28	80	0.3500000
NODE_14433_length_743_cov_15.667702	349	429	6	17	80	0.2125000
NODE_14433_length_743_cov_15.667702	349	429	8	35	80	0.4375000
NODE_14433_length_743_cov_15.667702	402	482	4	58	80	0.7250000
NODE_14433_length_743_cov_15.667702	402	482	6	9	80	0.1125000
NODE_14433_length_743_cov_15.667702	402	482	8	13	80	0.1625000
NODE_14434_length_743_cov_14.975155	289	362	0	15	73	0.2054795
NODE_14434_length_743_cov_14.975155	289	362	4	58	73	0.7945206
NODE_14435_length_743_cov_14.100932	232	312	7	40	80	0.5000000
NODE_14435_length_743_cov_14.100932	232	312	11	8	80	0.1000000
NODE_14435_length_743_cov_14.100932	232	312	12	12	80	0.1500000
NODE_14435_length_743_cov_14.100932	232	312	14	20	80	0.2500000
NODE_14435_length_743_cov_14.100932	285	365	4	6	80	0.0750000
NODE_14435_length_743_cov_14.100932	285	365	8	17	80	0.2125000
NODE_14435_length_743_cov_14.100932	285	365	12	20	80	0.2500000
NODE_14435_length_743_cov_14.100932	285	365	14	37	80	0.4625000
NODE_14435_length_743_cov_14.100932	361	441	0	11	80	0.1375000
NODE_14435_length_743_cov_14.100932	361	441	1	11	80	0.1375000
NODE_14435_length_743_cov_14.100932	361	441	3	44	80	0.5500000
NODE_14435_length_743_cov_14.100932	361	441	4	14	80	0.1750000
NODE_14435_length_743_cov_14.100932	414	494	0	64	80	0.8000000
NODE_14435_length_743_cov_14.100932	414	494	1	11	80	0.1375000
NODE_14435_length_743_cov_14.100932	414	494	3	5	80	0.0625000
NODE_14436_length_743_cov_12.968944	268	348	0	26	80	0.3250000
NODE_14436_length_743_cov_12.968944	268	348	3	54	80	0.6750000
NODE_14436_length_743_cov_12.968944	321	401	3	35	80	0.4375000
NODE_14436_length_743_cov_12.968944	321	401	6	45	80	0.5625000
NODE_14437_length_743_cov_12.847826	485	565	0	18	80	0.2250000
NODE_14437_length_743_cov_12.847826	485	565	2	62	80	0.7750000
NODE_14437_length_743_cov_12.847826	538	618	0	23	80	0.2875000
NODE_14437_length_743_cov_12.847826	538	618	2	57	80	0.7125000
NODE_14438_length_743_cov_11.871118	403	483	2	15	80	0.1875000
NODE_14438_length_743_cov_11.871118	403	483	4	65	80	0.8125000
NODE_14438_length_743_cov_11.871118	456	536	0	20	80	0.2500000
NODE_14438_length_743_cov_11.871118	456	536	2	47	80	0.5875000
NODE_14438_length_743_cov_11.871118	456	536	4	13	80	0.1625000
NODE_14439_length_743_cov_11.760870	337	417	4	80	80	1.0000000
NODE_14439_length_743_cov_11.760870	390	470	0	33	80	0.4125000
NODE_14439_length_743_cov_11.760870	390	470	4	47	80	0.5875000
NODE_14440_length_743_cov_9.006211	351	431	0	48	80	0.6000000
NODE_14440_length_743_cov_9.006211	351	431	2	32	80	0.4000000
NODE_14440_length_743_cov_9.006211	404	484	2	80	80	1.0000000
NODE_14441_length_743_cov_8.063665	290	370	0	80	80	1.0000000
NODE_14441_length_743_cov_8.063665	343	423	0	80	80	1.0000000
NODE_14456_length_743_cov_2.029503	260	284	0	24	24	1.0000000
NODE_14456_length_743_cov_2.029503	301	363	2	62	62	1.0000000
NODE_14473_length_743_cov_0.989130	592	670	0	16	78	0.2051282
NODE_14473_length_743_cov_0.989130	592	670	2	1	78	0.0128205
NODE_14473_length_743_cov_0.989130	592	670	4	61	78	0.7820513
NODE_14477_length_742_cov_23.664075	271	351	0	80	80	1.0000000
NODE_14477_length_742_cov_23.664075	324	404	0	80	80	1.0000000
NODE_14478_length_742_cov_19.488336	288	368	4	80	80	1.0000000
NODE_14478_length_742_cov_19.488336	341	421	0	50	80	0.6250000
NODE_14478_length_742_cov_19.488336	341	421	4	30	80	0.3750000
NODE_14479_length_742_cov_18.528771	319	399	0	32	80	0.4000000
NODE_14479_length_742_cov_18.528771	319	399	2	48	80	0.6000000
NODE_14479_length_742_cov_18.528771	372	452	0	3	80	0.0375000
NODE_14479_length_742_cov_18.528771	372	452	2	77	80	0.9625000
NODE_14480_length_742_cov_17.401244	126	206	0	80	80	1.0000000
NODE_14480_length_742_cov_17.401244	179	259	0	80	80	1.0000000
NODE_14482_length_742_cov_7.679627	274	354	0	16	80	0.2000000
NODE_14482_length_742_cov_7.679627	274	354	2	64	80	0.8000000
NODE_14482_length_742_cov_7.679627	327	407	0	69	80	0.8625000
NODE_14482_length_742_cov_7.679627	327	407	2	11	80	0.1375000
NODE_14521_length_741_cov_12.168224	316	392	0	76	76	1.0000000
NODE_14521_length_741_cov_12.168224	598	663	0	65	65	1.0000000
NODE_14522_length_741_cov_8.542056	198	278	0	80	80	1.0000000
NODE_14522_length_741_cov_8.542056	251	331	0	80	80	1.0000000
NODE_14525_length_741_cov_5.989097	457	538	10	20	81	0.2469136
NODE_14525_length_741_cov_5.989097	457	538	14	4	81	0.0493827
NODE_14525_length_741_cov_5.989097	457	538	16	57	81	0.7037037
NODE_14536_length_741_cov_2.556075	212	289	0	77	77	1.0000000
NODE_14571_length_740_cov_54.372855	192	272	7	8	80	0.1000000
NODE_14571_length_740_cov_54.372855	192	272	14	2	80	0.0250000
NODE_14571_length_740_cov_54.372855	192	272	15	7	80	0.0875000
NODE_14571_length_740_cov_54.372855	192	272	18	2	80	0.0250000
NODE_14571_length_740_cov_54.372855	192	272	24	22	80	0.2750000
NODE_14571_length_740_cov_54.372855	192	272	26	39	80	0.4875000
NODE_14571_length_740_cov_54.372855	245	325	7	5	80	0.0625000
NODE_14571_length_740_cov_54.372855	245	325	17	2	80	0.0250000
NODE_14571_length_740_cov_54.372855	245	325	18	2	80	0.0250000
NODE_14571_length_740_cov_54.372855	245	325	24	31	80	0.3875000
NODE_14571_length_740_cov_54.372855	245	325	26	10	80	0.1250000
NODE_14571_length_740_cov_54.372855	245	325	27	1	80	0.0125000
NODE_14571_length_740_cov_54.372855	245	325	28	29	80	0.3625000
NODE_14571_length_740_cov_54.372855	321	401	4	42	80	0.5250000
NODE_14571_length_740_cov_54.372855	321	401	7	38	80	0.4750000
NODE_14571_length_740_cov_54.372855	374	454	0	35	80	0.4375000
NODE_14571_length_740_cov_54.372855	374	454	4	45	80	0.5625000
NODE_14572_length_740_cov_51.758190	194	274	5	51	80	0.6375000
NODE_14572_length_740_cov_51.758190	194	274	8	9	80	0.1125000
NODE_14572_length_740_cov_51.758190	194	274	16	2	80	0.0250000
NODE_14572_length_740_cov_51.758190	194	274	21	4	80	0.0500000
NODE_14572_length_740_cov_51.758190	194	274	22	4	80	0.0500000
NODE_14572_length_740_cov_51.758190	194	274	24	10	80	0.1250000
NODE_14572_length_740_cov_51.758190	247	327	8	7	80	0.0875000
NODE_14572_length_740_cov_51.758190	247	327	16	2	80	0.0250000
NODE_14572_length_740_cov_51.758190	247	327	19	38	80	0.4750000
NODE_14572_length_740_cov_51.758190	247	327	20	1	80	0.0125000
NODE_14572_length_740_cov_51.758190	247	327	21	4	80	0.0500000
NODE_14572_length_740_cov_51.758190	247	327	22	17	80	0.2125000
NODE_14572_length_740_cov_51.758190	247	327	24	11	80	0.1375000
NODE_14573_length_740_cov_34.185647	359	439	6	80	80	1.0000000
NODE_14573_length_740_cov_34.185647	412	492	0	41	80	0.5125000
NODE_14573_length_740_cov_34.185647	412	492	6	39	80	0.4875000
NODE_14574_length_740_cov_24.794072	286	366	0	48	80	0.6000000
NODE_14574_length_740_cov_24.794072	286	366	4	27	80	0.3375000
NODE_14574_length_740_cov_24.794072	286	366	6	5	80	0.0625000
NODE_14574_length_740_cov_24.794072	339	419	4	22	80	0.2750000
NODE_14574_length_740_cov_24.794072	339	419	6	58	80	0.7250000
NODE_14575_length_740_cov_20.361934	316	396	4	80	80	1.0000000
NODE_14575_length_740_cov_20.361934	369	449	0	53	80	0.6625000
NODE_14575_length_740_cov_20.361934	369	449	4	27	80	0.3375000
NODE_14576_length_740_cov_18.982839	266	348	0	82	82	1.0000000
NODE_14576_length_740_cov_18.982839	321	401	0	80	80	1.0000000
NODE_14577_length_740_cov_16.755070	354	434	0	80	80	1.0000000
NODE_14577_length_740_cov_16.755070	407	487	0	80	80	1.0000000
NODE_14579_length_740_cov_7.585023	206	286	0	42	80	0.5250000
NODE_14579_length_740_cov_7.585023	206	286	2	38	80	0.4750000
NODE_14579_length_740_cov_7.585023	259	339	2	80	80	1.0000000
NODE_14580_length_740_cov_7.174727	165	245	0	19	80	0.2375000
NODE_14580_length_740_cov_7.174727	165	245	2	7	80	0.0875000
NODE_14580_length_740_cov_7.174727	165	245	6	7	80	0.0875000
NODE_14580_length_740_cov_7.174727	165	245	10	22	80	0.2750000
NODE_14580_length_740_cov_7.174727	165	245	12	25	80	0.3125000
NODE_14580_length_740_cov_7.174727	218	298	10	2	80	0.0250000
NODE_14580_length_740_cov_7.174727	218	298	12	78	80	0.9750000
NODE_14614_length_739_cov_52.970312	346	426	4	21	80	0.2625000
NODE_14614_length_739_cov_52.970312	346	426	5	34	80	0.4250000
NODE_14614_length_739_cov_52.970312	346	426	7	25	80	0.3125000
NODE_14614_length_739_cov_52.970312	399	479	1	19	80	0.2375000
NODE_14614_length_739_cov_52.970312	399	479	2	15	80	0.1875000
NODE_14614_length_739_cov_52.970312	399	479	4	40	80	0.5000000
NODE_14614_length_739_cov_52.970312	399	479	7	6	80	0.0750000
NODE_14615_length_739_cov_31.175000	204	284	12	26	80	0.3250000
NODE_14615_length_739_cov_31.175000	204	284	14	40	80	0.5000000
NODE_14615_length_739_cov_31.175000	204	284	16	14	80	0.1750000
NODE_14615_length_739_cov_31.175000	257	337	14	13	80	0.1625000
NODE_14615_length_739_cov_31.175000	257	337	16	19	80	0.2375000
NODE_14615_length_739_cov_31.175000	257	337	17	3	80	0.0375000
NODE_14615_length_739_cov_31.175000	257	337	21	26	80	0.3250000
NODE_14615_length_739_cov_31.175000	257	337	23	11	80	0.1375000
NODE_14615_length_739_cov_31.175000	257	337	25	8	80	0.1000000
NODE_14616_length_739_cov_25.482813	487	567	0	80	80	1.0000000
NODE_14616_length_739_cov_25.482813	540	620	0	80	80	1.0000000
NODE_14617_length_739_cov_24.871875	191	271	6	80	80	1.0000000
NODE_14617_length_739_cov_24.871875	244	324	0	5	80	0.0625000
NODE_14617_length_739_cov_24.871875	244	324	6	75	80	0.9375000
NODE_14618_length_739_cov_18.360937	146	226	0	17	80	0.2125000
NODE_14618_length_739_cov_18.360937	146	226	2	12	80	0.1500000
NODE_14618_length_739_cov_18.360937	146	226	3	10	80	0.1250000
NODE_14618_length_739_cov_18.360937	146	226	4	17	80	0.2125000
NODE_14618_length_739_cov_18.360937	146	226	6	24	80	0.3000000
NODE_14618_length_739_cov_18.360937	199	279	4	11	80	0.1375000
NODE_14618_length_739_cov_18.360937	199	279	6	69	80	0.8625000
NODE_14619_length_739_cov_13.195312	273	353	0	80	80	1.0000000
NODE_14619_length_739_cov_13.195312	326	406	0	80	80	1.0000000
NODE_14620_length_739_cov_10.314063	231	311	4	19	80	0.2375000
NODE_14620_length_739_cov_10.314063	231	311	6	61	80	0.7625000
NODE_14620_length_739_cov_10.314063	284	364	0	11	80	0.1375000
NODE_14620_length_739_cov_10.314063	284	364	2	1	80	0.0125000
NODE_14620_length_739_cov_10.314063	284	364	4	14	80	0.1750000
NODE_14620_length_739_cov_10.314063	284	364	6	54	80	0.6750000
NODE_14622_length_739_cov_8.523438	468	548	0	14	80	0.1750000
NODE_14622_length_739_cov_8.523438	468	548	2	66	80	0.8250000
NODE_14622_length_739_cov_8.523438	521	600	0	25	79	0.3164557
NODE_14622_length_739_cov_8.523438	521	600	2	54	79	0.6835443
NODE_14623_length_739_cov_7.398438	342	422	0	80	80	1.0000000
NODE_14623_length_739_cov_7.398438	395	475	0	80	80	1.0000000
NODE_14625_length_739_cov_5.826562	252	332	2	14	80	0.1750000
NODE_14625_length_739_cov_5.826562	252	332	4	45	80	0.5625000
NODE_14625_length_739_cov_5.826562	252	332	8	21	80	0.2625000
NODE_14625_length_739_cov_5.826562	305	385	4	31	80	0.3875000
NODE_14625_length_739_cov_5.826562	305	385	6	23	80	0.2875000
NODE_14625_length_739_cov_5.826562	305	385	8	26	80	0.3250000
NODE_14634_length_739_cov_3.232813	355	435	0	80	80	1.0000000
NODE_14634_length_739_cov_3.232813	408	488	0	80	80	1.0000000
NODE_14679_length_738_cov_35.278560	274	318	35	1	44	0.0227273
NODE_14679_length_738_cov_35.278560	274	318	39	2	44	0.0454545
NODE_14679_length_738_cov_35.278560	274	318	41	1	44	0.0227273
NODE_14679_length_738_cov_35.278560	274	318	43	5	44	0.1136364
NODE_14679_length_738_cov_35.278560	274	318	46	1	44	0.0227273
NODE_14679_length_738_cov_35.278560	274	318	47	2	44	0.0454545
NODE_14679_length_738_cov_35.278560	274	318	53	15	44	0.3409091
NODE_14679_length_738_cov_35.278560	274	318	54	1	44	0.0227273
NODE_14679_length_738_cov_35.278560	274	318	55	2	44	0.0454545
NODE_14679_length_738_cov_35.278560	274	318	57	4	44	0.0909091
NODE_14679_length_738_cov_35.278560	274	318	59	10	44	0.2272727
NODE_14680_length_738_cov_21.672926	208	288	0	40	80	0.5000000
NODE_14680_length_738_cov_21.672926	208	288	2	16	80	0.2000000
NODE_14680_length_738_cov_21.672926	208	288	4	2	80	0.0250000
NODE_14680_length_738_cov_21.672926	208	288	6	22	80	0.2750000
NODE_14680_length_738_cov_21.672926	261	341	2	3	80	0.0375000
NODE_14680_length_738_cov_21.672926	261	341	4	2	80	0.0250000
NODE_14680_length_738_cov_21.672926	261	341	6	75	80	0.9375000
NODE_14681_length_738_cov_15.665102	302	382	0	80	80	1.0000000
NODE_14681_length_738_cov_15.665102	355	435	0	80	80	1.0000000
NODE_14682_length_738_cov_15.661972	338	418	0	17	80	0.2125000
NODE_14682_length_738_cov_15.661972	338	418	2	12	80	0.1500000
NODE_14682_length_738_cov_15.661972	338	418	4	51	80	0.6375000
NODE_14682_length_738_cov_15.661972	391	471	0	70	80	0.8750000
NODE_14682_length_738_cov_15.661972	391	471	2	10	80	0.1250000
NODE_14683_length_738_cov_12.594679	49	129	0	8	80	0.1000000
NODE_14683_length_738_cov_12.594679	49	129	6	50	80	0.6250000
NODE_14683_length_738_cov_12.594679	49	129	8	10	80	0.1250000
NODE_14683_length_738_cov_12.594679	49	129	10	12	80	0.1500000
NODE_14683_length_738_cov_12.594679	102	182	4	22	80	0.2750000
NODE_14683_length_738_cov_12.594679	102	182	6	5	80	0.0625000
NODE_14683_length_738_cov_12.594679	102	182	8	10	80	0.1250000
NODE_14683_length_738_cov_12.594679	102	182	10	43	80	0.5375000
NODE_14683_length_738_cov_12.594679	178	258	2	1	80	0.0125000
NODE_14683_length_738_cov_12.594679	178	258	4	79	80	0.9875000
NODE_14683_length_738_cov_12.594679	231	311	0	9	80	0.1125000
NODE_14683_length_738_cov_12.594679	231	311	2	10	80	0.1250000
NODE_14683_length_738_cov_12.594679	231	311	4	61	80	0.7625000
NODE_14691_length_738_cov_4.056338	254	326	0	72	72	1.0000000
NODE_14691_length_738_cov_4.056338	437	528	0	17	91	0.1868132
NODE_14691_length_738_cov_4.056338	437	528	2	74	91	0.8131868
NODE_14724_length_737_cov_22.363636	303	383	0	22	80	0.2750000
NODE_14724_length_737_cov_22.363636	303	383	2	58	80	0.7250000
NODE_14724_length_737_cov_22.363636	356	436	0	31	80	0.3875000
NODE_14724_length_737_cov_22.363636	356	436	2	49	80	0.6125000
NODE_14725_length_737_cov_21.318182	208	288	0	80	80	1.0000000
NODE_14725_length_737_cov_21.318182	261	341	0	80	80	1.0000000
NODE_14726_length_737_cov_17.161442	346	426	0	80	80	1.0000000
NODE_14726_length_737_cov_17.161442	399	479	0	80	80	1.0000000
NODE_14727_length_737_cov_11.835423	211	291	0	8	80	0.1000000
NODE_14727_length_737_cov_11.835423	211	291	2	72	80	0.9000000
NODE_14727_length_737_cov_11.835423	264	344	0	41	80	0.5125000
NODE_14727_length_737_cov_11.835423	264	344	2	39	80	0.4875000
NODE_14729_length_737_cov_6.782132	488	548	0	35	60	0.5833333
NODE_14729_length_737_cov_6.782132	488	548	2	25	60	0.4166667
NODE_14732_length_737_cov_6.089342	241	321	2	80	80	1.0000000
NODE_14732_length_737_cov_6.089342	294	374	0	45	80	0.5625000
NODE_14732_length_737_cov_6.089342	294	374	2	35	80	0.4375000
NODE_14747_length_737_cov_2.548589	386	416	0	30	30	1.0000000
NODE_14781_length_736_cov_46.601256	226	306	0	18	80	0.2250000
NODE_14781_length_736_cov_46.601256	226	306	6	11	80	0.1375000
NODE_14781_length_736_cov_46.601256	226	306	8	51	80	0.6375000
NODE_14781_length_736_cov_46.601256	279	359	8	34	80	0.4250000
NODE_14781_length_736_cov_46.601256	279	359	10	5	80	0.0625000
NODE_14781_length_736_cov_46.601256	279	359	12	41	80	0.5125000
NODE_14782_length_736_cov_32.442700	215	295	7	71	80	0.8875000
NODE_14782_length_736_cov_32.442700	215	295	8	9	80	0.1125000
NODE_14782_length_736_cov_32.442700	268	350	0	4	82	0.0487805
NODE_14782_length_736_cov_32.442700	268	350	7	18	82	0.2195122
NODE_14782_length_736_cov_32.442700	268	350	8	60	82	0.7317073
NODE_14783_length_736_cov_26.364207	220	300	2	70	80	0.8750000
NODE_14783_length_736_cov_26.364207	220	300	4	10	80	0.1250000
NODE_14783_length_736_cov_26.364207	273	353	2	70	80	0.8750000
NODE_14783_length_736_cov_26.364207	273	353	4	10	80	0.1250000
NODE_14785_length_736_cov_10.317111	313	393	0	80	80	1.0000000
NODE_14785_length_736_cov_10.317111	366	446	0	80	80	1.0000000
NODE_14786_length_736_cov_9.188383	292	372	0	80	80	1.0000000
NODE_14786_length_736_cov_9.188383	345	425	0	80	80	1.0000000
NODE_14787_length_736_cov_8.149137	315	391	2	6	76	0.0789474
NODE_14787_length_736_cov_8.149137	315	391	4	70	76	0.9210526
NODE_14787_length_736_cov_8.149137	365	445	1	1	80	0.0125000
NODE_14787_length_736_cov_8.149137	365	445	2	22	80	0.2750000
NODE_14787_length_736_cov_8.149137	365	445	4	57	80	0.7125000
NODE_14788_length_736_cov_8.103611	295	375	0	80	80	1.0000000
NODE_14788_length_736_cov_8.103611	348	428	0	80	80	1.0000000
NODE_14789_length_736_cov_7.513344	239	319	0	80	80	1.0000000
NODE_14789_length_736_cov_7.513344	292	372	0	80	80	1.0000000
NODE_14792_length_736_cov_5.967033	253	333	0	80	80	1.0000000
NODE_14792_length_736_cov_5.967033	306	386	0	80	80	1.0000000
NODE_14795_length_736_cov_4.908948	258	338	0	80	80	1.0000000
NODE_14795_length_736_cov_4.908948	311	391	0	80	80	1.0000000
NODE_14825_length_735_cov_21.099057	265	345	0	29	80	0.3625000
NODE_14825_length_735_cov_21.099057	265	345	1	14	80	0.1750000
NODE_14825_length_735_cov_21.099057	265	345	3	11	80	0.1375000
NODE_14825_length_735_cov_21.099057	265	345	4	26	80	0.3250000
NODE_14825_length_735_cov_21.099057	318	398	3	1	80	0.0125000
NODE_14825_length_735_cov_21.099057	318	398	4	79	80	0.9875000
NODE_14826_length_735_cov_16.696541	190	270	0	56	80	0.7000000
NODE_14826_length_735_cov_16.696541	190	270	4	24	80	0.3000000
NODE_14826_length_735_cov_16.696541	243	323	0	3	80	0.0375000
NODE_14826_length_735_cov_16.696541	243	323	4	77	80	0.9625000
NODE_14826_length_735_cov_16.696541	479	538	4	59	59	1.0000000
NODE_14827_length_735_cov_13.143082	231	311	0	31	80	0.3875000
NODE_14827_length_735_cov_13.143082	231	311	2	49	80	0.6125000
NODE_14827_length_735_cov_13.143082	284	364	0	27	80	0.3375000
NODE_14827_length_735_cov_13.143082	284	364	2	53	80	0.6625000
NODE_14828_length_735_cov_12.415094	434	514	0	80	80	1.0000000
NODE_14828_length_735_cov_12.415094	487	567	0	80	80	1.0000000
NODE_14836_length_735_cov_5.603774	326	394	1	7	68	0.1029412
NODE_14836_length_735_cov_5.603774	326	394	2	61	68	0.8970588
NODE_14836_length_735_cov_5.603774	367	409	1	22	42	0.5238096
NODE_14836_length_735_cov_5.603774	367	409	2	20	42	0.4761905
NODE_14880_length_734_cov_26.787402	209	289	0	80	80	1.0000000
NODE_14880_length_734_cov_26.787402	262	342	0	80	80	1.0000000
NODE_14881_length_734_cov_23.214173	200	280	0	43	80	0.5375000
NODE_14881_length_734_cov_23.214173	200	280	2	37	80	0.4625000
NODE_14881_length_734_cov_23.214173	253	333	0	24	80	0.3000000
NODE_14881_length_734_cov_23.214173	253	333	2	56	80	0.7000000
NODE_14883_length_734_cov_21.645669	245	325	0	33	80	0.4125000
NODE_14883_length_734_cov_21.645669	245	325	2	47	80	0.5875000
NODE_14883_length_734_cov_21.645669	298	378	0	80	80	1.0000000
NODE_14884_length_734_cov_14.393701	249	329	0	63	80	0.7875000
NODE_14884_length_734_cov_14.393701	249	329	2	17	80	0.2125000
NODE_14884_length_734_cov_14.393701	302	382	0	10	80	0.1250000
NODE_14884_length_734_cov_14.393701	302	382	2	70	80	0.8750000
NODE_14885_length_734_cov_11.324409	133	196	2	50	63	0.7936508
NODE_14885_length_734_cov_11.324409	133	196	4	13	63	0.2063492
NODE_14885_length_734_cov_11.324409	169	229	2	27	60	0.4500000
NODE_14885_length_734_cov_11.324409	169	229	4	33	60	0.5500000
NODE_14886_length_734_cov_10.872441	302	331	0	29	29	1.0000000
NODE_14890_length_734_cov_6.352756	371	451	0	28	80	0.3500000
NODE_14890_length_734_cov_6.352756	371	451	2	16	80	0.2000000
NODE_14890_length_734_cov_6.352756	371	451	4	36	80	0.4500000
NODE_14890_length_734_cov_6.352756	424	504	4	80	80	1.0000000
NODE_14896_length_734_cov_2.705512	231	302	6	71	71	1.0000000
NODE_14934_length_733_cov_35.041009	268	348	0	80	80	1.0000000
NODE_14934_length_733_cov_35.041009	321	402	0	81	81	1.0000000
NODE_14935_length_733_cov_29.810726	28	108	0	80	80	1.0000000
NODE_14935_length_733_cov_29.810726	81	161	0	80	80	1.0000000
NODE_14935_length_733_cov_29.810726	157	237	0	12	80	0.1500000
NODE_14935_length_733_cov_29.810726	157	237	4	1	80	0.0125000
NODE_14935_length_733_cov_29.810726	157	237	5	46	80	0.5750000
NODE_14935_length_733_cov_29.810726	157	237	6	21	80	0.2625000
NODE_14935_length_733_cov_29.810726	210	290	5	6	80	0.0750000
NODE_14935_length_733_cov_29.810726	210	290	6	26	80	0.3250000
NODE_14935_length_733_cov_29.810726	210	290	8	48	80	0.6000000
NODE_14936_length_733_cov_13.738170	333	413	0	6	80	0.0750000
NODE_14936_length_733_cov_13.738170	333	413	2	74	80	0.9250000
NODE_14936_length_733_cov_13.738170	386	466	0	44	80	0.5500000
NODE_14936_length_733_cov_13.738170	386	466	2	36	80	0.4500000
NODE_14937_length_733_cov_11.471609	314	389	2	22	75	0.2933333
NODE_14937_length_733_cov_11.471609	314	389	4	53	75	0.7066666
NODE_14938_length_733_cov_11.321767	245	325	0	80	80	1.0000000
NODE_14938_length_733_cov_11.321767	298	378	0	80	80	1.0000000
NODE_14940_length_733_cov_8.481073	318	395	0	77	77	1.0000000
NODE_14940_length_733_cov_8.481073	371	451	0	80	80	1.0000000
NODE_14944_length_733_cov_5.485804	659	715	2	56	56	1.0000000
NODE_14944_length_733_cov_5.485804	696	733	0	4	37	0.1081081
NODE_14944_length_733_cov_5.485804	696	733	2	33	37	0.8918919
NODE_14957_length_733_cov_2.272871	312	392	0	80	80	1.0000000
NODE_14957_length_733_cov_2.272871	365	445	0	80	80	1.0000000
NODE_14975_length_732_cov_19.519747	229	309	0	18	80	0.2250000
NODE_14975_length_732_cov_19.519747	229	309	2	62	80	0.7750000
NODE_14975_length_732_cov_19.519747	282	362	0	19	80	0.2375000
NODE_14975_length_732_cov_19.519747	282	362	2	61	80	0.7625000
NODE_14976_length_732_cov_10.846761	247	327	2	40	80	0.5000000
NODE_14976_length_732_cov_10.846761	247	327	3	38	80	0.4750000
NODE_14976_length_732_cov_10.846761	247	327	4	2	80	0.0250000
NODE_14976_length_732_cov_10.846761	300	380	2	48	80	0.6000000
NODE_14976_length_732_cov_10.846761	300	380	3	32	80	0.4000000
NODE_14977_length_732_cov_9.807267	276	356	0	80	80	1.0000000
NODE_14977_length_732_cov_9.807267	329	409	0	80	80	1.0000000
NODE_14978_length_732_cov_8.053712	415	495	0	5	80	0.0625000
NODE_14978_length_732_cov_8.053712	415	495	2	51	80	0.6375000
NODE_14978_length_732_cov_8.053712	415	495	4	24	80	0.3000000
NODE_14978_length_732_cov_8.053712	468	548	2	54	80	0.6750000
NODE_14978_length_732_cov_8.053712	468	548	4	26	80	0.3250000
NODE_14980_length_732_cov_5.194313	319	399	0	80	80	1.0000000
NODE_14980_length_732_cov_5.194313	372	452	0	80	80	1.0000000
NODE_14981_length_732_cov_4.998420	293	373	0	80	80	1.0000000
NODE_14981_length_732_cov_4.998420	346	426	0	80	80	1.0000000
NODE_14983_length_732_cov_4.758294	483	524	0	41	41	1.0000000
NODE_15021_length_731_cov_36.123418	464	544	1	1	80	0.0125000
NODE_15021_length_731_cov_36.123418	464	544	2	55	80	0.6875000
NODE_15021_length_731_cov_36.123418	464	544	4	24	80	0.3000000
NODE_15021_length_731_cov_36.123418	517	597	2	25	80	0.3125000
NODE_15021_length_731_cov_36.123418	517	597	4	55	80	0.6875000
NODE_15022_length_731_cov_27.721519	294	374	0	80	80	1.0000000
NODE_15022_length_731_cov_27.721519	347	427	0	80	80	1.0000000
NODE_15023_length_731_cov_19.655063	394	474	0	80	80	1.0000000
NODE_15023_length_731_cov_19.655063	447	527	0	80	80	1.0000000
NODE_15024_length_731_cov_16.346519	429	509	0	51	80	0.6375000
NODE_15024_length_731_cov_16.346519	429	509	8	29	80	0.3625000
NODE_15024_length_731_cov_16.346519	482	562	8	80	80	1.0000000
NODE_15025_length_731_cov_13.892405	321	401	0	80	80	1.0000000
NODE_15025_length_731_cov_13.892405	374	454	0	80	80	1.0000000
NODE_15027_length_731_cov_8.800633	218	298	0	45	80	0.5625000
NODE_15027_length_731_cov_8.800633	218	298	2	35	80	0.4375000
NODE_15027_length_731_cov_8.800633	271	352	2	81	81	1.0000000
NODE_15028_length_731_cov_7.658228	335	406	3	2	71	0.0281690
NODE_15028_length_731_cov_7.658228	335	406	4	47	71	0.6619718
NODE_15028_length_731_cov_7.658228	335	406	5	4	71	0.0563380
NODE_15028_length_731_cov_7.658228	335	406	6	18	71	0.2535211
NODE_15028_length_731_cov_7.658228	387	468	0	4	81	0.0493827
NODE_15028_length_731_cov_7.658228	387	468	1	1	81	0.0123457
NODE_15028_length_731_cov_7.658228	387	468	3	59	81	0.7283950
NODE_15028_length_731_cov_7.658228	387	468	5	4	81	0.0493827
NODE_15028_length_731_cov_7.658228	387	468	6	13	81	0.1604938
NODE_15031_length_731_cov_5.471519	261	341	0	47	80	0.5875000
NODE_15031_length_731_cov_5.471519	261	341	2	33	80	0.4125000
NODE_15031_length_731_cov_5.471519	314	394	2	80	80	1.0000000
NODE_15034_length_731_cov_4.083861	361	441	0	80	80	1.0000000
NODE_15034_length_731_cov_4.083861	458	482	0	24	24	1.0000000
NODE_15050_length_731_cov_2.226266	466	548	0	37	82	0.4512195
NODE_15050_length_731_cov_2.226266	466	548	2	10	82	0.1219512
NODE_15050_length_731_cov_2.226266	466	548	3	35	82	0.4268293
NODE_15077_length_730_cov_51.556260	349	429	6	2	80	0.0250000
NODE_15077_length_730_cov_51.556260	349	429	8	6	80	0.0750000
NODE_15077_length_730_cov_51.556260	349	429	10	22	80	0.2750000
NODE_15077_length_730_cov_51.556260	349	429	12	19	80	0.2375000
NODE_15077_length_730_cov_51.556260	349	429	14	31	80	0.3875000
NODE_15077_length_730_cov_51.556260	402	482	4	18	80	0.2250000
NODE_15077_length_730_cov_51.556260	402	482	6	27	80	0.3375000
NODE_15077_length_730_cov_51.556260	402	482	8	4	80	0.0500000
NODE_15077_length_730_cov_51.556260	402	482	10	18	80	0.2250000
NODE_15077_length_730_cov_51.556260	402	482	12	13	80	0.1625000
NODE_15078_length_730_cov_39.862124	370	450	0	2	80	0.0250000
NODE_15078_length_730_cov_39.862124	370	450	2	78	80	0.9750000
NODE_15078_length_730_cov_39.862124	423	503	0	14	80	0.1750000
NODE_15078_length_730_cov_39.862124	423	503	2	66	80	0.8250000
NODE_15079_length_730_cov_15.801902	261	341	0	8	80	0.1000000
NODE_15079_length_730_cov_15.801902	261	341	2	72	80	0.9000000
NODE_15079_length_730_cov_15.801902	314	394	0	32	80	0.4000000
NODE_15079_length_730_cov_15.801902	314	394	2	48	80	0.6000000
NODE_15080_length_730_cov_11.746434	242	322	0	80	80	1.0000000
NODE_15080_length_730_cov_11.746434	295	375	0	80	80	1.0000000
NODE_15081_length_730_cov_9.209192	358	438	0	80	80	1.0000000
NODE_15081_length_730_cov_9.209192	411	483	0	72	72	1.0000000
NODE_15131_length_729_cov_44.188889	418	498	0	35	80	0.4375000
NODE_15131_length_729_cov_44.188889	418	498	6	2	80	0.0250000
NODE_15131_length_729_cov_44.188889	418	498	8	43	80	0.5375000
NODE_15131_length_729_cov_44.188889	471	551	0	4	80	0.0500000
NODE_15131_length_729_cov_44.188889	471	551	6	25	80	0.3125000
NODE_15131_length_729_cov_44.188889	471	551	8	51	80	0.6375000
NODE_15132_length_729_cov_40.390476	330	410	2	21	80	0.2625000
NODE_15132_length_729_cov_40.390476	330	410	4	19	80	0.2375000
NODE_15132_length_729_cov_40.390476	330	410	12	33	80	0.4125000
NODE_15132_length_729_cov_40.390476	330	410	14	7	80	0.0875000
NODE_15132_length_729_cov_40.390476	383	463	12	80	80	1.0000000
NODE_15133_length_729_cov_35.973016	231	311	8	7	80	0.0875000
NODE_15133_length_729_cov_35.973016	231	311	9	1	80	0.0125000
NODE_15133_length_729_cov_35.973016	231	311	10	62	80	0.7750000
NODE_15133_length_729_cov_35.973016	231	311	12	10	80	0.1250000
NODE_15133_length_729_cov_35.973016	284	363	4	21	79	0.2658228
NODE_15133_length_729_cov_35.973016	284	363	6	15	79	0.1898734
NODE_15133_length_729_cov_35.973016	284	363	8	23	79	0.2911392
NODE_15133_length_729_cov_35.973016	284	363	9	1	79	0.0126582
NODE_15133_length_729_cov_35.973016	284	363	10	9	79	0.1139240
NODE_15133_length_729_cov_35.973016	284	363	12	10	79	0.1265823
NODE_15134_length_729_cov_18.357143	170	250	0	80	80	1.0000000
NODE_15134_length_729_cov_18.357143	223	303	0	80	80	1.0000000
NODE_15135_length_729_cov_17.928571	194	274	2	80	80	1.0000000
NODE_15135_length_729_cov_17.928571	247	327	0	28	80	0.3500000
NODE_15135_length_729_cov_17.928571	247	327	2	52	80	0.6500000
NODE_15136_length_729_cov_17.373016	369	449	0	80	80	1.0000000
NODE_15136_length_729_cov_17.373016	422	502	0	80	80	1.0000000
NODE_15137_length_729_cov_12.452381	347	427	0	80	80	1.0000000
NODE_15137_length_729_cov_12.452381	400	480	0	80	80	1.0000000
NODE_15138_length_729_cov_10.388889	296	376	0	80	80	1.0000000
NODE_15138_length_729_cov_10.388889	349	429	0	80	80	1.0000000
NODE_15185_length_728_cov_23.503975	338	418	0	80	80	1.0000000
NODE_15185_length_728_cov_23.503975	391	471	0	80	80	1.0000000
NODE_15186_length_728_cov_22.496025	310	390	2	27	80	0.3375000
NODE_15186_length_728_cov_22.496025	310	390	4	53	80	0.6625000
NODE_15186_length_728_cov_22.496025	363	443	0	36	80	0.4500000
NODE_15186_length_728_cov_22.496025	363	443	2	44	80	0.5500000
NODE_15187_length_728_cov_16.596184	257	337	0	80	80	1.0000000
NODE_15187_length_728_cov_16.596184	310	387	0	77	77	1.0000000
NODE_15188_length_728_cov_16.114467	192	272	0	80	80	1.0000000
NODE_15188_length_728_cov_16.114467	245	325	0	80	80	1.0000000
NODE_15189_length_728_cov_15.128776	298	377	4	62	79	0.7848101
NODE_15189_length_728_cov_15.128776	298	377	8	17	79	0.2151899
NODE_15189_length_728_cov_15.128776	350	430	4	44	80	0.5500000
NODE_15189_length_728_cov_15.128776	350	430	8	36	80	0.4500000
NODE_15190_length_728_cov_10.613672	269	349	0	66	80	0.8250000
NODE_15190_length_728_cov_10.613672	269	349	4	14	80	0.1750000
NODE_15190_length_728_cov_10.613672	322	402	0	13	80	0.1625000
NODE_15190_length_728_cov_10.613672	322	402	4	67	80	0.8375000
NODE_15191_length_728_cov_7.613672	408	488	1	2	80	0.0250000
NODE_15191_length_728_cov_7.613672	408	488	3	28	80	0.3500000
NODE_15191_length_728_cov_7.613672	408	488	4	1	80	0.0125000
NODE_15191_length_728_cov_7.613672	408	488	5	49	80	0.6125000
NODE_15191_length_728_cov_7.613672	461	541	0	46	80	0.5750000
NODE_15191_length_728_cov_7.613672	461	541	1	9	80	0.1125000
NODE_15191_length_728_cov_7.613672	461	541	3	15	80	0.1875000
NODE_15191_length_728_cov_7.613672	461	541	5	10	80	0.1250000
NODE_15196_length_728_cov_3.405405	335	415	6	80	80	1.0000000
NODE_15244_length_727_cov_34.883758	57	137	0	80	80	1.0000000
NODE_15244_length_727_cov_34.883758	57	137	0	80	80	1.0000000
NODE_15244_length_727_cov_34.883758	57	137	0	80	80	1.0000000
NODE_15244_length_727_cov_34.883758	110	190	0	78	80	0.9750000
NODE_15244_length_727_cov_34.883758	110	190	2	2	80	0.0250000
NODE_15244_length_727_cov_34.883758	110	190	0	78	80	0.9750000
NODE_15244_length_727_cov_34.883758	110	190	2	2	80	0.0250000
NODE_15245_length_727_cov_32.025478	275	355	0	29	80	0.3625000
NODE_15245_length_727_cov_32.025478	275	355	2	51	80	0.6375000
NODE_15245_length_727_cov_32.025478	328	408	2	80	80	1.0000000
NODE_15246_length_727_cov_28.523885	307	381	0	71	74	0.9594595
NODE_15246_length_727_cov_28.523885	307	381	1	3	74	0.0405405
NODE_15246_length_727_cov_28.523885	360	381	0	18	21	0.8571429
NODE_15246_length_727_cov_28.523885	360	381	1	3	21	0.1428571
NODE_15246_length_727_cov_28.523885	378	415	1	3	37	0.0810811
NODE_15246_length_727_cov_28.523885	378	415	3	31	37	0.8378378
NODE_15246_length_727_cov_28.523885	378	415	4	3	37	0.0810811
NODE_15247_length_727_cov_25.826433	325	405	2	80	80	1.0000000
NODE_15247_length_727_cov_25.826433	378	458	0	47	80	0.5875000
NODE_15247_length_727_cov_25.826433	378	458	2	33	80	0.4125000
NODE_15248_length_727_cov_22.253185	150	230	5	6	80	0.0750000
NODE_15248_length_727_cov_22.253185	150	230	8	1	80	0.0125000
NODE_15248_length_727_cov_22.253185	150	230	9	28	80	0.3500000
NODE_15248_length_727_cov_22.253185	150	230	10	45	80	0.5625000
NODE_15248_length_727_cov_22.253185	203	283	0	4	80	0.0500000
NODE_15248_length_727_cov_22.253185	203	283	4	16	80	0.2000000
NODE_15248_length_727_cov_22.253185	203	283	10	60	80	0.7500000
NODE_15249_length_727_cov_18.972930	263	343	0	80	80	1.0000000
NODE_15249_length_727_cov_18.972930	316	396	0	80	80	1.0000000
NODE_15250_length_727_cov_15.531847	269	349	2	35	80	0.4375000
NODE_15250_length_727_cov_15.531847	269	349	4	45	80	0.5625000
NODE_15250_length_727_cov_15.531847	322	402	0	7	80	0.0875000
NODE_15250_length_727_cov_15.531847	322	402	2	30	80	0.3750000
NODE_15250_length_727_cov_15.531847	322	402	4	43	80	0.5375000
NODE_15252_length_727_cov_10.178344	280	360	0	80	80	1.0000000
NODE_15252_length_727_cov_10.178344	333	413	0	80	80	1.0000000
NODE_15258_length_727_cov_4.955414	360	440	0	42	80	0.5250000
NODE_15258_length_727_cov_4.955414	360	440	2	38	80	0.4750000
NODE_15258_length_727_cov_4.955414	413	493	0	80	80	1.0000000
NODE_15287_length_726_cov_52.923445	415	495	4	4	80	0.0500000
NODE_15287_length_726_cov_52.923445	415	495	11	42	80	0.5250000
NODE_15287_length_726_cov_52.923445	415	495	12	34	80	0.4250000
NODE_15287_length_726_cov_52.923445	468	548	8	6	80	0.0750000
NODE_15287_length_726_cov_52.923445	468	548	12	74	80	0.9250000
NODE_15288_length_726_cov_35.896332	108	188	0	80	80	1.0000000
NODE_15288_length_726_cov_35.896332	161	241	0	80	80	1.0000000
NODE_15288_length_726_cov_35.896332	237	317	0	30	80	0.3750000
NODE_15288_length_726_cov_35.896332	237	317	2	47	80	0.5875000
NODE_15288_length_726_cov_35.896332	237	317	4	3	80	0.0375000
NODE_15288_length_726_cov_35.896332	290	370	2	36	80	0.4500000
NODE_15288_length_726_cov_35.896332	290	370	4	44	80	0.5500000
NODE_15291_length_726_cov_8.534290	355	435	0	80	80	1.0000000
NODE_15291_length_726_cov_8.534290	408	488	0	61	80	0.7625000
NODE_15291_length_726_cov_8.534290	408	488	2	19	80	0.2375000
NODE_15330_length_725_cov_40.856230	203	283	0	67	80	0.8375000
NODE_15330_length_725_cov_40.856230	203	283	2	13	80	0.1625000
NODE_15330_length_725_cov_40.856230	256	336	0	14	80	0.1750000
NODE_15330_length_725_cov_40.856230	256	336	2	66	80	0.8250000
NODE_15330_length_725_cov_40.856230	332	412	0	2	80	0.0250000
NODE_15330_length_725_cov_40.856230	332	412	2	19	80	0.2375000
NODE_15330_length_725_cov_40.856230	332	412	6	4	80	0.0500000
NODE_15330_length_725_cov_40.856230	332	412	8	19	80	0.2375000
NODE_15330_length_725_cov_40.856230	332	412	10	2	80	0.0250000
NODE_15330_length_725_cov_40.856230	332	412	12	34	80	0.4250000
NODE_15330_length_725_cov_40.856230	385	465	12	80	80	1.0000000
NODE_15331_length_725_cov_25.036741	366	446	2	80	80	1.0000000
NODE_15331_length_725_cov_25.036741	419	499	0	36	80	0.4500000
NODE_15331_length_725_cov_25.036741	419	499	2	44	80	0.5500000
NODE_15332_length_725_cov_23.009585	455	536	0	81	81	1.0000000
NODE_15333_length_725_cov_20.474441	112	192	0	29	80	0.3625000
NODE_15333_length_725_cov_20.474441	112	192	4	2	80	0.0250000
NODE_15333_length_725_cov_20.474441	112	192	6	49	80	0.6125000
NODE_15333_length_725_cov_20.474441	165	245	2	10	80	0.1250000
NODE_15333_length_725_cov_20.474441	165	245	6	70	80	0.8750000
NODE_15334_length_725_cov_15.455272	106	186	0	80	80	1.0000000
NODE_15334_length_725_cov_15.455272	159	239	0	80	80	1.0000000
NODE_15334_length_725_cov_15.455272	235	315	0	38	80	0.4750000
NODE_15334_length_725_cov_15.455272	235	315	2	42	80	0.5250000
NODE_15334_length_725_cov_15.455272	288	368	2	80	80	1.0000000
NODE_15335_length_725_cov_10.426518	289	369	0	26	80	0.3250000
NODE_15335_length_725_cov_10.426518	289	369	2	54	80	0.6750000
NODE_15335_length_725_cov_10.426518	342	422	0	6	80	0.0750000
NODE_15335_length_725_cov_10.426518	342	422	2	74	80	0.9250000
NODE_15337_length_725_cov_7.781150	189	269	0	80	80	1.0000000
NODE_15337_length_725_cov_7.781150	242	322	0	80	80	1.0000000
NODE_15388_length_724_cov_28.132800	354	434	0	13	80	0.1625000
NODE_15388_length_724_cov_28.132800	354	434	2	67	80	0.8375000
NODE_15388_length_724_cov_28.132800	407	473	0	46	66	0.6969697
NODE_15388_length_724_cov_28.132800	407	473	2	20	66	0.3030303
NODE_15389_length_724_cov_24.710400	376	461	0	5	85	0.0588235
NODE_15389_length_724_cov_24.710400	376	461	4	80	85	0.9411765
NODE_15389_length_724_cov_24.710400	434	514	0	24	80	0.3000000
NODE_15389_length_724_cov_24.710400	434	514	4	56	80	0.7000000
NODE_15390_length_724_cov_13.960000	152	232	0	11	80	0.1375000
NODE_15390_length_724_cov_13.960000	152	232	8	69	80	0.8625000
NODE_15390_length_724_cov_13.960000	205	248	0	27	43	0.6279070
NODE_15390_length_724_cov_13.960000	205	248	8	16	43	0.3720930
NODE_15390_length_724_cov_13.960000	237	286	0	49	49	1.0000000
NODE_15390_length_724_cov_13.960000	259	302	0	43	43	1.0000000
NODE_15390_length_724_cov_13.960000	288	340	0	52	52	1.0000000
NODE_15390_length_724_cov_13.960000	313	393	0	80	80	1.0000000
NODE_15391_length_724_cov_13.065600	215	295	0	80	80	1.0000000
NODE_15391_length_724_cov_13.065600	268	347	0	79	79	1.0000000
NODE_15393_length_724_cov_10.358400	257	337	0	80	80	1.0000000
NODE_15393_length_724_cov_10.358400	310	385	0	75	75	1.0000000
NODE_15396_length_724_cov_6.451200	151	231	0	80	80	1.0000000
NODE_15396_length_724_cov_6.451200	202	282	0	80	80	1.0000000
NODE_15397_length_724_cov_5.921600	165	213	8	48	48	1.0000000
NODE_15399_length_724_cov_5.028800	416	469	0	53	53	1.0000000
NODE_15399_length_724_cov_5.028800	488	526	0	38	38	1.0000000
NODE_15403_length_724_cov_3.315200	166	246	0	80	80	1.0000000
NODE_15403_length_724_cov_3.315200	219	299	0	80	80	1.0000000
NODE_15442_length_723_cov_81.453526	205	285	4	48	80	0.6000000
NODE_15442_length_723_cov_81.453526	205	285	12	12	80	0.1500000
NODE_15442_length_723_cov_81.453526	205	285	14	1	80	0.0125000
NODE_15442_length_723_cov_81.453526	205	285	15	1	80	0.0125000
NODE_15442_length_723_cov_81.453526	205	285	16	18	80	0.2250000
NODE_15442_length_723_cov_81.453526	258	338	11	31	80	0.3875000
NODE_15442_length_723_cov_81.453526	258	338	12	34	80	0.4250000
NODE_15442_length_723_cov_81.453526	258	338	14	1	80	0.0125000
NODE_15442_length_723_cov_81.453526	258	338	16	14	80	0.1750000
NODE_15443_length_723_cov_33.075321	254	329	0	45	75	0.6000000
NODE_15443_length_723_cov_33.075321	254	329	4	30	75	0.4000000
NODE_15443_length_723_cov_33.075321	307	387	4	80	80	1.0000000
NODE_15444_length_723_cov_25.410256	291	371	4	12	80	0.1500000
NODE_15444_length_723_cov_25.410256	291	371	6	26	80	0.3250000
NODE_15444_length_723_cov_25.410256	291	371	8	23	80	0.2875000
NODE_15444_length_723_cov_25.410256	291	371	10	19	80	0.2375000
NODE_15444_length_723_cov_25.410256	344	424	2	19	80	0.2375000
NODE_15444_length_723_cov_25.410256	344	424	4	14	80	0.1750000
NODE_15444_length_723_cov_25.410256	344	424	6	32	80	0.4000000
NODE_15444_length_723_cov_25.410256	344	424	8	15	80	0.1875000
NODE_15445_length_723_cov_18.097756	233	313	0	41	80	0.5125000
NODE_15445_length_723_cov_18.097756	233	313	6	39	80	0.4875000
NODE_15445_length_723_cov_18.097756	286	351	6	65	65	1.0000000
NODE_15446_length_723_cov_14.113782	311	391	0	80	80	1.0000000
NODE_15446_length_723_cov_14.113782	364	444	0	80	80	1.0000000
NODE_15447_length_723_cov_11.634615	299	379	0	80	80	1.0000000
NODE_15447_length_723_cov_11.634615	352	432	0	80	80	1.0000000
NODE_15448_length_723_cov_8.342949	357	437	0	16	80	0.2000000
NODE_15448_length_723_cov_8.342949	357	437	2	64	80	0.8000000
NODE_15448_length_723_cov_8.342949	410	490	0	69	80	0.8625000
NODE_15448_length_723_cov_8.342949	410	490	2	11	80	0.1375000
NODE_15455_length_723_cov_2.711538	379	422	0	43	43	1.0000000
NODE_15459_length_723_cov_2.573718	383	413	0	30	30	1.0000000
NODE_15495_length_722_cov_19.182986	180	260	0	75	80	0.9375000
NODE_15495_length_722_cov_19.182986	180	260	2	5	80	0.0625000
NODE_15495_length_722_cov_19.182986	233	313	0	22	80	0.2750000
NODE_15495_length_722_cov_19.182986	233	313	2	20	80	0.2500000
NODE_15495_length_722_cov_19.182986	233	313	4	38	80	0.4750000
NODE_15496_length_722_cov_13.582665	192	272	0	80	80	1.0000000
NODE_15496_length_722_cov_13.582665	245	326	0	81	81	1.0000000
NODE_15497_length_722_cov_9.202247	347	427	0	64	80	0.8000000
NODE_15497_length_722_cov_9.202247	347	427	2	16	80	0.2000000
NODE_15497_length_722_cov_9.202247	400	480	0	11	80	0.1375000
NODE_15497_length_722_cov_9.202247	400	480	2	69	80	0.8625000
NODE_15500_length_722_cov_6.707865	343	423	2	80	80	1.0000000
NODE_15500_length_722_cov_6.707865	396	476	2	80	80	1.0000000
NODE_15504_length_722_cov_4.985554	332	393	0	44	61	0.7213115
NODE_15504_length_722_cov_4.985554	332	393	2	17	61	0.2786885
NODE_15508_length_722_cov_3.977528	217	297	0	80	80	1.0000000
NODE_15508_length_722_cov_3.977528	270	350	0	80	80	1.0000000
NODE_15553_length_721_cov_105.927653	425	505	0	80	80	1.0000000
NODE_15553_length_721_cov_105.927653	478	558	0	80	80	1.0000000
NODE_15554_length_721_cov_49.660772	304	384	0	40	80	0.5000000
NODE_15554_length_721_cov_49.660772	304	384	8	35	80	0.4375000
NODE_15554_length_721_cov_49.660772	304	384	10	5	80	0.0625000
NODE_15554_length_721_cov_49.660772	357	437	8	22	80	0.2750000
NODE_15554_length_721_cov_49.660772	357	437	10	58	80	0.7250000
NODE_15555_length_721_cov_46.991961	341	421	2	6	80	0.0750000
NODE_15555_length_721_cov_46.991961	341	421	4	16	80	0.2000000
NODE_15555_length_721_cov_46.991961	341	421	8	58	80	0.7250000
NODE_15555_length_721_cov_46.991961	394	474	0	19	80	0.2375000
NODE_15555_length_721_cov_46.991961	394	474	2	40	80	0.5000000
NODE_15555_length_721_cov_46.991961	394	474	4	16	80	0.2000000
NODE_15555_length_721_cov_46.991961	394	474	8	5	80	0.0625000
NODE_15556_length_721_cov_38.864952	208	288	0	80	80	1.0000000
NODE_15556_length_721_cov_38.864952	269	341	0	26	72	0.3611111
NODE_15556_length_721_cov_38.864952	269	341	1	46	72	0.6388889
NODE_15556_length_721_cov_38.864952	337	417	1	30	80	0.3750000
NODE_15556_length_721_cov_38.864952	337	417	2	33	80	0.4125000
NODE_15556_length_721_cov_38.864952	337	417	4	17	80	0.2125000
NODE_15556_length_721_cov_38.864952	390	467	2	10	77	0.1298701
NODE_15556_length_721_cov_38.864952	390	467	3	22	77	0.2857143
NODE_15556_length_721_cov_38.864952	390	467	4	45	77	0.5844156
NODE_15557_length_721_cov_29.016077	192	272	0	21	80	0.2625000
NODE_15557_length_721_cov_29.016077	192	272	32	1	80	0.0125000
NODE_15557_length_721_cov_29.016077	192	272	33	27	80	0.3375000
NODE_15557_length_721_cov_29.016077	192	272	35	5	80	0.0625000
NODE_15557_length_721_cov_29.016077	192	272	36	5	80	0.0625000
NODE_15557_length_721_cov_29.016077	192	272	40	3	80	0.0375000
NODE_15557_length_721_cov_29.016077	192	272	42	6	80	0.0750000
NODE_15557_length_721_cov_29.016077	192	272	44	5	80	0.0625000
NODE_15557_length_721_cov_29.016077	192	272	45	2	80	0.0250000
NODE_15557_length_721_cov_29.016077	192	272	46	5	80	0.0625000
NODE_15557_length_721_cov_29.016077	251	325	40	3	74	0.0405405
NODE_15557_length_721_cov_29.016077	251	325	42	6	74	0.0810811
NODE_15557_length_721_cov_29.016077	251	325	44	5	74	0.0675676
NODE_15557_length_721_cov_29.016077	251	325	45	2	74	0.0270270
NODE_15557_length_721_cov_29.016077	251	325	46	8	74	0.1081081
NODE_15557_length_721_cov_29.016077	251	325	48	50	74	0.6756757
NODE_15558_length_721_cov_26.196141	398	478	0	59	80	0.7375000
NODE_15558_length_721_cov_26.196141	398	478	2	21	80	0.2625000
NODE_15558_length_721_cov_26.196141	451	531	0	6	80	0.0750000
NODE_15558_length_721_cov_26.196141	451	531	2	74	80	0.9250000
NODE_15560_length_721_cov_20.054662	178	258	0	12	80	0.1500000
NODE_15560_length_721_cov_20.054662	178	258	4	19	80	0.2375000
NODE_15560_length_721_cov_20.054662	178	258	9	1	80	0.0125000
NODE_15560_length_721_cov_20.054662	178	258	10	48	80	0.6000000
NODE_15560_length_721_cov_20.054662	231	311	6	23	80	0.2875000
NODE_15560_length_721_cov_20.054662	231	311	10	57	80	0.7125000
NODE_15561_length_721_cov_13.670418	263	343	0	22	80	0.2750000
NODE_15561_length_721_cov_13.670418	263	343	2	58	80	0.7250000
NODE_15561_length_721_cov_13.670418	316	396	0	75	80	0.9375000
NODE_15561_length_721_cov_13.670418	316	396	2	5	80	0.0625000
NODE_15562_length_721_cov_13.652733	268	350	0	19	82	0.2317073
NODE_15562_length_721_cov_13.652733	268	350	2	63	82	0.7682927
NODE_15562_length_721_cov_13.652733	321	403	0	27	82	0.3292683
NODE_15562_length_721_cov_13.652733	321	403	2	55	82	0.6707317
NODE_15563_length_721_cov_13.120579	312	392	1	12	80	0.1500000
NODE_15563_length_721_cov_13.120579	312	392	2	68	80	0.8500000
NODE_15563_length_721_cov_13.120579	365	445	0	18	80	0.2250000
NODE_15563_length_721_cov_13.120579	365	445	1	47	80	0.5875000
NODE_15563_length_721_cov_13.120579	365	445	2	15	80	0.1875000
NODE_15572_length_721_cov_4.491961	210	280	2	70	70	1.0000000
NODE_15572_length_721_cov_4.491961	253	333	0	43	80	0.5375000
NODE_15572_length_721_cov_4.491961	253	333	2	37	80	0.4625000
NODE_15572_length_721_cov_4.491961	470	521	0	51	51	1.0000000
NODE_15608_length_720_cov_17.449275	267	347	0	80	80	1.0000000
NODE_15608_length_720_cov_17.449275	320	400	0	80	80	1.0000000
NODE_15609_length_720_cov_14.814815	261	341	0	25	80	0.3125000
NODE_15609_length_720_cov_14.814815	261	341	2	55	80	0.6875000
NODE_15609_length_720_cov_14.814815	314	394	0	6	80	0.0750000
NODE_15609_length_720_cov_14.814815	314	394	2	74	80	0.9250000
NODE_15610_length_720_cov_14.107890	290	370	0	80	80	1.0000000
NODE_15610_length_720_cov_14.107890	343	423	0	80	80	1.0000000
NODE_15612_length_720_cov_12.924316	314	394	0	30	80	0.3750000
NODE_15612_length_720_cov_12.924316	314	394	2	5	80	0.0625000
NODE_15612_length_720_cov_12.924316	314	394	4	45	80	0.5625000
NODE_15612_length_720_cov_12.924316	367	447	4	80	80	1.0000000
NODE_15614_length_720_cov_10.389694	435	515	0	29	80	0.3625000
NODE_15614_length_720_cov_10.389694	435	515	2	51	80	0.6375000
NODE_15614_length_720_cov_10.389694	488	568	2	80	80	1.0000000
NODE_15620_length_720_cov_5.278583	309	389	2	80	80	1.0000000
NODE_15620_length_720_cov_5.278583	362	442	0	29	80	0.3625000
NODE_15620_length_720_cov_5.278583	362	442	1	1	80	0.0125000
NODE_15620_length_720_cov_5.278583	362	442	2	50	80	0.6250000
NODE_15624_length_720_cov_3.792271	157	235	0	78	78	1.0000000
NODE_15624_length_720_cov_3.792271	215	265	0	50	50	1.0000000
NODE_15658_length_719_cov_30.256452	279	359	2	20	80	0.2500000
NODE_15658_length_719_cov_30.256452	279	359	6	35	80	0.4375000
NODE_15658_length_719_cov_30.256452	279	359	8	25	80	0.3125000
NODE_15658_length_719_cov_30.256452	332	412	4	16	80	0.2000000
NODE_15658_length_719_cov_30.256452	332	412	6	16	80	0.2000000
NODE_15658_length_719_cov_30.256452	332	412	8	25	80	0.3125000
NODE_15658_length_719_cov_30.256452	332	412	10	23	80	0.2875000
NODE_15659_length_719_cov_29.093548	310	390	0	80	80	1.0000000
NODE_15659_length_719_cov_29.093548	363	443	0	80	80	1.0000000
NODE_15660_length_719_cov_10.988710	195	275	0	80	80	1.0000000
NODE_15660_length_719_cov_10.988710	248	328	0	80	80	1.0000000
NODE_15661_length_719_cov_10.837097	259	339	0	70	80	0.8750000
NODE_15661_length_719_cov_10.837097	259	339	2	10	80	0.1250000
NODE_15661_length_719_cov_10.837097	312	392	0	80	80	1.0000000
NODE_15662_length_719_cov_7.622581	288	368	0	28	80	0.3500000
NODE_15662_length_719_cov_7.622581	288	368	2	52	80	0.6500000
NODE_15662_length_719_cov_7.622581	341	421	2	80	80	1.0000000
NODE_15663_length_719_cov_7.570968	351	431	0	80	80	1.0000000
NODE_15663_length_719_cov_7.570968	404	484	0	80	80	1.0000000
NODE_15672_length_719_cov_4.264516	251	281	0	12	30	0.4000000
NODE_15672_length_719_cov_4.264516	251	281	2	18	30	0.6000000
NODE_15684_length_719_cov_1.629032	88	163	2	58	75	0.7733333
NODE_15684_length_719_cov_1.629032	88	163	4	17	75	0.2266667
NODE_15706_length_718_cov_35.382876	296	376	4	80	80	1.0000000
NODE_15706_length_718_cov_35.382876	296	376	4	80	80	1.0000000
NODE_15706_length_718_cov_35.382876	349	429	0	45	80	0.5625000
NODE_15706_length_718_cov_35.382876	349	429	1	1	80	0.0125000
NODE_15706_length_718_cov_35.382876	349	429	4	34	80	0.4250000
NODE_15706_length_718_cov_35.382876	349	429	0	45	80	0.5625000
NODE_15706_length_718_cov_35.382876	349	429	1	1	80	0.0125000
NODE_15706_length_718_cov_35.382876	349	429	4	34	80	0.4250000
NODE_15707_length_718_cov_24.211632	313	393	0	47	80	0.5875000
NODE_15707_length_718_cov_24.211632	313	393	2	33	80	0.4125000
NODE_15707_length_718_cov_24.211632	366	446	2	80	80	1.0000000
NODE_15708_length_718_cov_18.300485	217	297	0	80	80	1.0000000
NODE_15708_length_718_cov_18.300485	270	350	0	80	80	1.0000000
NODE_15709_length_718_cov_14.757674	383	463	0	28	80	0.3500000
NODE_15709_length_718_cov_14.757674	383	463	2	8	80	0.1000000
NODE_15709_length_718_cov_14.757674	383	463	4	3	80	0.0375000
NODE_15709_length_718_cov_14.757674	383	463	5	7	80	0.0875000
NODE_15709_length_718_cov_14.757674	383	463	6	34	80	0.4250000
NODE_15709_length_718_cov_14.757674	436	516	4	1	80	0.0125000
NODE_15709_length_718_cov_14.757674	436	516	6	79	80	0.9875000
NODE_15710_length_718_cov_14.355412	254	334	0	20	80	0.2500000
NODE_15710_length_718_cov_14.355412	254	334	2	60	80	0.7500000
NODE_15710_length_718_cov_14.355412	307	387	0	28	80	0.3500000
NODE_15710_length_718_cov_14.355412	307	387	2	52	80	0.6500000
NODE_15715_length_718_cov_4.804523	263	343	0	80	80	1.0000000
NODE_15715_length_718_cov_4.804523	316	396	0	80	80	1.0000000
NODE_15750_length_717_cov_28.377023	335	415	2	26	80	0.3250000
NODE_15750_length_717_cov_28.377023	335	415	4	37	80	0.4625000
NODE_15750_length_717_cov_28.377023	335	415	6	17	80	0.2125000
NODE_15750_length_717_cov_28.377023	388	468	2	79	80	0.9875000
NODE_15750_length_717_cov_28.377023	388	468	4	1	80	0.0125000
NODE_15751_length_717_cov_23.275081	162	242	0	71	80	0.8875000
NODE_15751_length_717_cov_23.275081	162	242	2	9	80	0.1125000
NODE_15751_length_717_cov_23.275081	215	295	0	18	80	0.2250000
NODE_15751_length_717_cov_23.275081	215	295	2	62	80	0.7750000
NODE_15752_length_717_cov_18.564725	319	399	0	28	80	0.3500000
NODE_15752_length_717_cov_18.564725	319	399	2	52	80	0.6500000
NODE_15752_length_717_cov_18.564725	372	452	0	46	80	0.5750000
NODE_15752_length_717_cov_18.564725	372	452	2	34	80	0.4250000
NODE_15753_length_717_cov_18.389968	358	438	0	4	80	0.0500000
NODE_15753_length_717_cov_18.389968	358	438	1	51	80	0.6375000
NODE_15753_length_717_cov_18.389968	358	438	2	25	80	0.3125000
NODE_15753_length_717_cov_18.389968	411	491	1	2	80	0.0250000
NODE_15753_length_717_cov_18.389968	411	491	2	78	80	0.9750000
NODE_15754_length_717_cov_17.932039	241	321	2	25	80	0.3125000
NODE_15754_length_717_cov_17.932039	241	321	4	36	80	0.4500000
NODE_15754_length_717_cov_17.932039	241	321	6	10	80	0.1250000
NODE_15754_length_717_cov_17.932039	241	321	10	9	80	0.1125000
NODE_15754_length_717_cov_17.932039	294	374	4	8	80	0.1000000
NODE_15754_length_717_cov_17.932039	294	374	6	18	80	0.2250000
NODE_15754_length_717_cov_17.932039	294	374	8	22	80	0.2750000
NODE_15754_length_717_cov_17.932039	294	374	10	32	80	0.4000000
NODE_15755_length_717_cov_14.637540	298	378	0	2	80	0.0250000
NODE_15755_length_717_cov_14.637540	298	378	2	78	80	0.9750000
NODE_15755_length_717_cov_14.637540	351	431	0	3	80	0.0375000
NODE_15755_length_717_cov_14.637540	351	431	2	77	80	0.9625000
NODE_15756_length_717_cov_12.279935	113	196	0	83	83	1.0000000
NODE_15756_length_717_cov_12.279935	169	249	0	80	80	1.0000000
NODE_15757_length_717_cov_10.711974	353	431	0	78	78	1.0000000
NODE_15758_length_717_cov_9.399676	331	411	0	80	80	1.0000000
NODE_15758_length_717_cov_9.399676	384	464	0	80	80	1.0000000
NODE_15762_length_717_cov_5.341424	475	555	0	80	80	1.0000000
NODE_15762_length_717_cov_5.341424	528	608	0	80	80	1.0000000
NODE_15770_length_717_cov_3.187702	285	322	2	37	37	1.0000000
NODE_15805_length_716_cov_16.800648	430	510	0	80	80	1.0000000
NODE_15805_length_716_cov_16.800648	483	563	0	80	80	1.0000000
NODE_15806_length_716_cov_12.565640	356	436	0	20	80	0.2500000
NODE_15806_length_716_cov_12.565640	356	436	2	7	80	0.0875000
NODE_15806_length_716_cov_12.565640	356	436	4	53	80	0.6625000
NODE_15806_length_716_cov_12.565640	409	489	2	19	80	0.2375000
NODE_15806_length_716_cov_12.565640	409	489	4	61	80	0.7625000
NODE_15807_length_716_cov_9.277147	385	465	0	80	80	1.0000000
NODE_15807_length_716_cov_9.277147	438	518	0	80	80	1.0000000
NODE_15808_length_716_cov_9.257699	302	382	0	80	80	1.0000000
NODE_15808_length_716_cov_9.257699	355	435	0	80	80	1.0000000
NODE_15809_length_716_cov_6.761750	263	343	0	80	80	1.0000000
NODE_15809_length_716_cov_6.761750	316	396	0	80	80	1.0000000
NODE_15812_length_716_cov_4.909238	236	316	0	36	80	0.4500000
NODE_15812_length_716_cov_4.909238	236	316	2	44	80	0.5500000
NODE_15812_length_716_cov_4.909238	289	369	2	80	80	1.0000000
NODE_15824_length_716_cov_2.068071	453	481	0	6	28	0.2142857
NODE_15824_length_716_cov_2.068071	453	481	6	22	28	0.7857143
NODE_15853_length_715_cov_38.795455	260	340	0	47	80	0.5875000
NODE_15853_length_715_cov_38.795455	260	340	4	33	80	0.4125000
NODE_15853_length_715_cov_38.795455	313	393	4	80	80	1.0000000
NODE_15854_length_715_cov_30.344156	316	396	10	38	80	0.4750000
NODE_15854_length_715_cov_30.344156	316	396	13	1	80	0.0125000
NODE_15854_length_715_cov_30.344156	316	396	14	10	80	0.1250000
NODE_15854_length_715_cov_30.344156	316	396	18	31	80	0.3875000
NODE_15854_length_715_cov_30.344156	369	449	0	39	80	0.4875000
NODE_15854_length_715_cov_30.344156	369	449	10	41	80	0.5125000
NODE_15857_length_715_cov_11.209416	484	564	0	80	80	1.0000000
NODE_15857_length_715_cov_11.209416	537	617	0	80	80	1.0000000
NODE_15858_length_715_cov_10.894481	189	242	0	2	53	0.0377358
NODE_15858_length_715_cov_10.894481	189	242	4	51	53	0.9622642
NODE_15859_length_715_cov_10.628247	502	582	0	22	80	0.2750000
NODE_15859_length_715_cov_10.628247	502	582	4	58	80	0.7250000
NODE_15859_length_715_cov_10.628247	555	635	0	1	80	0.0125000
NODE_15859_length_715_cov_10.628247	555	635	4	79	80	0.9875000
NODE_15860_length_715_cov_8.647727	138	218	0	80	80	1.0000000
NODE_15860_length_715_cov_8.647727	191	271	0	80	80	1.0000000
NODE_15861_length_715_cov_8.412338	364	444	0	80	80	1.0000000
NODE_15861_length_715_cov_8.412338	417	497	0	80	80	1.0000000
NODE_15864_length_715_cov_5.373377	318	398	0	80	80	1.0000000
NODE_15864_length_715_cov_5.373377	371	451	0	80	80	1.0000000
NODE_15898_length_715_cov_1.271104	331	397	0	66	66	1.0000000
NODE_15910_length_714_cov_18.621138	297	377	0	43	80	0.5375000
NODE_15910_length_714_cov_18.621138	297	377	4	37	80	0.4625000
NODE_15910_length_714_cov_18.621138	350	430	0	14	80	0.1750000
NODE_15910_length_714_cov_18.621138	350	430	4	66	80	0.8250000
NODE_15911_length_714_cov_15.468293	268	348	0	80	80	1.0000000
NODE_15911_length_714_cov_15.468293	321	401	0	80	80	1.0000000
NODE_15913_length_714_cov_10.530081	218	298	2	4	80	0.0500000
NODE_15913_length_714_cov_10.530081	218	298	6	76	80	0.9500000
NODE_15913_length_714_cov_10.530081	271	351	0	31	80	0.3875000
NODE_15913_length_714_cov_10.530081	271	351	4	11	80	0.1375000
NODE_15913_length_714_cov_10.530081	271	351	6	38	80	0.4750000
NODE_15913_length_714_cov_10.530081	354	434	0	80	80	1.0000000
NODE_15913_length_714_cov_10.530081	407	487	0	80	80	1.0000000
NODE_15914_length_714_cov_8.365854	285	365	0	80	80	1.0000000
NODE_15914_length_714_cov_8.365854	338	418	0	80	80	1.0000000
NODE_15919_length_714_cov_6.993496	263	343	0	80	80	1.0000000
NODE_15919_length_714_cov_6.993496	316	384	0	68	68	1.0000000
NODE_15921_length_714_cov_4.224390	218	288	0	70	70	1.0000000
NODE_15921_length_714_cov_4.224390	271	351	0	29	80	0.3625000
NODE_15921_length_714_cov_4.224390	271	351	2	51	80	0.6375000
NODE_15969_length_713_cov_19.304560	271	351	0	5	80	0.0625000
NODE_15969_length_713_cov_19.304560	271	351	6	75	80	0.9375000
NODE_15969_length_713_cov_19.304560	324	404	0	30	80	0.3750000
NODE_15969_length_713_cov_19.304560	324	404	6	50	80	0.6250000
NODE_15970_length_713_cov_16.926710	262	342	0	28	80	0.3500000
NODE_15970_length_713_cov_16.926710	262	342	2	52	80	0.6500000
NODE_15970_length_713_cov_16.926710	315	395	2	35	80	0.4375000
NODE_15970_length_713_cov_16.926710	315	395	4	45	80	0.5625000
NODE_15973_length_713_cov_7.159609	351	431	2	80	80	1.0000000
NODE_15973_length_713_cov_7.159609	404	484	0	40	80	0.5000000
NODE_15973_length_713_cov_7.159609	404	484	2	40	80	0.5000000
NODE_15974_length_713_cov_6.723127	379	427	4	48	48	1.0000000
NODE_15975_length_713_cov_4.954397	90	171	0	81	81	1.0000000
NODE_15975_length_713_cov_4.954397	144	224	0	80	80	1.0000000
NODE_15980_length_713_cov_4.302932	402	482	2	13	80	0.1625000
NODE_15980_length_713_cov_4.302932	402	482	4	67	80	0.8375000
NODE_15980_length_713_cov_4.302932	455	535	2	30	80	0.3750000
NODE_15980_length_713_cov_4.302932	455	535	4	50	80	0.6250000
NODE_16004_length_713_cov_1.939739	15	75	0	60	60	1.0000000
NODE_16010_length_713_cov_1.605863	81	161	0	4	80	0.0500000
NODE_16010_length_713_cov_1.605863	81	161	2	76	80	0.9500000
NODE_16010_length_713_cov_1.605863	134	214	2	80	80	1.0000000
NODE_16052_length_712_cov_32.931485	289	369	0	12	80	0.1500000
NODE_16052_length_712_cov_32.931485	289	369	2	68	80	0.8500000
NODE_16052_length_712_cov_32.931485	342	422	0	65	80	0.8125000
NODE_16052_length_712_cov_32.931485	342	422	2	15	80	0.1875000
NODE_16053_length_712_cov_31.752039	185	251	0	26	66	0.3939394
NODE_16053_length_712_cov_31.752039	185	251	6	40	66	0.6060606
NODE_16053_length_712_cov_31.752039	228	307	6	79	79	1.0000000
NODE_16054_length_712_cov_22.567700	228	308	0	57	80	0.7125000
NODE_16054_length_712_cov_22.567700	228	308	2	23	80	0.2875000
NODE_16054_length_712_cov_22.567700	281	361	0	4	80	0.0500000
NODE_16054_length_712_cov_22.567700	281	361	2	76	80	0.9500000
NODE_16055_length_712_cov_19.306688	238	318	0	50	80	0.6250000
NODE_16055_length_712_cov_19.306688	238	318	8	15	80	0.1875000
NODE_16055_length_712_cov_19.306688	238	318	10	15	80	0.1875000
NODE_16055_length_712_cov_19.306688	291	371	8	12	80	0.1500000
NODE_16055_length_712_cov_19.306688	291	371	10	68	80	0.8500000
NODE_16056_length_712_cov_14.929853	332	412	0	28	80	0.3500000
NODE_16056_length_712_cov_14.929853	332	412	2	39	80	0.4875000
NODE_16056_length_712_cov_14.929853	332	412	6	13	80	0.1625000
NODE_16056_length_712_cov_14.929853	385	465	2	14	80	0.1750000
NODE_16056_length_712_cov_14.929853	385	465	4	1	80	0.0125000
NODE_16056_length_712_cov_14.929853	385	465	6	65	80	0.8125000
NODE_16057_length_712_cov_14.228385	250	330	0	17	80	0.2125000
NODE_16057_length_712_cov_14.228385	250	330	1	6	80	0.0750000
NODE_16057_length_712_cov_14.228385	250	330	2	57	80	0.7125000
NODE_16057_length_712_cov_14.228385	303	383	2	80	80	1.0000000
NODE_16059_length_712_cov_9.221860	326	406	0	6	80	0.0750000
NODE_16059_length_712_cov_9.221860	326	406	2	74	80	0.9250000
NODE_16059_length_712_cov_9.221860	379	463	2	84	84	1.0000000
NODE_16060_length_712_cov_8.368679	331	411	2	23	80	0.2875000
NODE_16060_length_712_cov_8.368679	331	411	4	57	80	0.7125000
NODE_16060_length_712_cov_8.368679	384	464	0	10	80	0.1250000
NODE_16060_length_712_cov_8.368679	384	464	2	30	80	0.3750000
NODE_16060_length_712_cov_8.368679	384	464	4	40	80	0.5000000
NODE_16079_length_712_cov_2.350734	466	510	6	4	44	0.0909091
NODE_16079_length_712_cov_2.350734	466	510	8	40	44	0.9090909
NODE_16118_length_711_cov_36.459150	146	223	12	71	77	0.9220779
NODE_16118_length_711_cov_36.459150	146	223	13	6	77	0.0779221
NODE_16118_length_711_cov_36.459150	199	280	12	30	81	0.3703704
NODE_16118_length_711_cov_36.459150	199	280	13	7	81	0.0864198
NODE_16118_length_711_cov_36.459150	199	280	14	1	81	0.0123457
NODE_16118_length_711_cov_36.459150	199	280	15	3	81	0.0370370
NODE_16118_length_711_cov_36.459150	199	280	16	3	81	0.0370370
NODE_16118_length_711_cov_36.459150	199	280	18	10	81	0.1234568
NODE_16118_length_711_cov_36.459150	199	280	20	1	81	0.0123457
NODE_16118_length_711_cov_36.459150	199	280	22	5	81	0.0617284
NODE_16118_length_711_cov_36.459150	199	280	23	18	81	0.2222222
NODE_16118_length_711_cov_36.459150	199	280	24	3	81	0.0370370
NODE_16119_length_711_cov_26.702614	460	540	4	27	80	0.3375000
NODE_16119_length_711_cov_26.702614	460	540	8	31	80	0.3875000
NODE_16119_length_711_cov_26.702614	460	540	10	22	80	0.2750000
NODE_16119_length_711_cov_26.702614	513	593	2	28	80	0.3500000
NODE_16119_length_711_cov_26.702614	513	593	6	6	80	0.0750000
NODE_16119_length_711_cov_26.702614	513	593	8	5	80	0.0625000
NODE_16119_length_711_cov_26.702614	513	593	10	41	80	0.5125000
NODE_16120_length_711_cov_19.632353	329	409	0	80	80	1.0000000
NODE_16120_length_711_cov_19.632353	382	462	0	80	80	1.0000000
NODE_16121_length_711_cov_19.267974	283	363	0	79	80	0.9875000
NODE_16121_length_711_cov_19.267974	283	363	2	1	80	0.0125000
NODE_16121_length_711_cov_19.267974	336	416	0	26	80	0.3250000
NODE_16121_length_711_cov_19.267974	336	416	2	54	80	0.6750000
NODE_16122_length_711_cov_12.813725	255	334	0	10	79	0.1265823
NODE_16122_length_711_cov_12.813725	255	334	2	65	79	0.8227848
NODE_16122_length_711_cov_12.813725	255	334	4	4	79	0.0506329
NODE_16123_length_711_cov_12.147059	314	394	0	50	80	0.6250000
NODE_16123_length_711_cov_12.147059	314	394	4	1	80	0.0125000
NODE_16123_length_711_cov_12.147059	314	394	5	29	80	0.3625000
NODE_16123_length_711_cov_12.147059	367	447	4	6	80	0.0750000
NODE_16123_length_711_cov_12.147059	367	447	5	74	80	0.9250000
NODE_16124_length_711_cov_10.009804	336	415	0	24	79	0.3037975
NODE_16124_length_711_cov_10.009804	336	415	4	55	79	0.6962025
NODE_16127_length_711_cov_5.619281	276	356	4	17	80	0.2125000
NODE_16127_length_711_cov_5.619281	276	356	5	52	80	0.6500000
NODE_16127_length_711_cov_5.619281	276	356	6	11	80	0.1375000
NODE_16127_length_711_cov_5.619281	329	409	0	3	80	0.0375000
NODE_16127_length_711_cov_5.619281	329	409	2	1	80	0.0125000
NODE_16127_length_711_cov_5.619281	329	409	3	13	80	0.1625000
NODE_16127_length_711_cov_5.619281	329	409	5	63	80	0.7875000
NODE_16130_length_711_cov_4.040850	165	245	0	80	80	1.0000000
NODE_16130_length_711_cov_4.040850	218	298	0	80	80	1.0000000
NODE_16167_length_710_cov_73.721768	626	706	0	42	80	0.5250000
NODE_16167_length_710_cov_73.721768	626	706	2	38	80	0.4750000
NODE_16168_length_710_cov_21.772504	292	372	0	80	80	1.0000000
NODE_16168_length_710_cov_21.772504	345	425	0	80	80	1.0000000
NODE_16169_length_710_cov_21.597381	18	54	0	36	36	1.0000000
NODE_16170_length_710_cov_13.155483	306	386	0	80	80	1.0000000
NODE_16170_length_710_cov_13.155483	359	439	0	80	80	1.0000000
NODE_16173_length_710_cov_8.031097	316	396	0	80	80	1.0000000
NODE_16173_length_710_cov_8.031097	369	449	0	80	80	1.0000000
NODE_16175_length_710_cov_6.664484	264	344	0	32	80	0.4000000
NODE_16175_length_710_cov_6.664484	264	344	6	48	80	0.6000000
NODE_16178_length_710_cov_5.590835	352	421	0	69	69	1.0000000
NODE_16178_length_710_cov_5.590835	394	474	0	80	80	1.0000000
NODE_16180_length_710_cov_5.356792	248	328	0	6	80	0.0750000
NODE_16180_length_710_cov_5.356792	248	328	2	74	80	0.9250000
NODE_16180_length_710_cov_5.356792	301	381	2	44	80	0.5500000
NODE_16180_length_710_cov_5.356792	301	381	4	36	80	0.4500000
NODE_16233_length_709_cov_12.227869	347	427	0	80	80	1.0000000
NODE_16233_length_709_cov_12.227869	400	480	0	80	80	1.0000000
NODE_16234_length_709_cov_10.531148	279	359	2	17	80	0.2125000
NODE_16234_length_709_cov_10.531148	279	359	4	63	80	0.7875000
NODE_16234_length_709_cov_10.531148	332	412	0	30	80	0.3750000
NODE_16234_length_709_cov_10.531148	332	412	2	38	80	0.4750000
NODE_16234_length_709_cov_10.531148	332	412	4	12	80	0.1500000
NODE_16238_length_709_cov_7.181967	225	305	0	80	80	1.0000000
NODE_16238_length_709_cov_7.181967	279	312	0	33	33	1.0000000
NODE_16241_length_709_cov_5.888525	239	319	0	22	80	0.2750000
NODE_16241_length_709_cov_5.888525	239	319	2	58	80	0.7250000
NODE_16241_length_709_cov_5.888525	292	372	0	75	80	0.9375000
NODE_16241_length_709_cov_5.888525	292	372	2	5	80	0.0625000
NODE_16294_length_708_cov_42.435140	307	387	0	13	80	0.1625000
NODE_16294_length_708_cov_42.435140	307	387	2	25	80	0.3125000
NODE_16294_length_708_cov_42.435140	307	387	8	42	80	0.5250000
NODE_16294_length_708_cov_42.435140	360	440	6	5	80	0.0625000
NODE_16294_length_708_cov_42.435140	360	440	8	75	80	0.9375000
NODE_16296_length_708_cov_33.412151	235	315	0	80	80	1.0000000
NODE_16296_length_708_cov_33.412151	288	368	0	80	80	1.0000000
NODE_16297_length_708_cov_23.034483	316	396	2	80	80	1.0000000
NODE_16297_length_708_cov_23.034483	369	449	0	43	80	0.5375000
NODE_16297_length_708_cov_23.034483	369	449	2	37	80	0.4625000
NODE_16298_length_708_cov_20.449918	254	334	2	80	80	1.0000000
NODE_16298_length_708_cov_20.449918	307	387	0	20	80	0.2500000
NODE_16298_length_708_cov_20.449918	307	387	1	1	80	0.0125000
NODE_16298_length_708_cov_20.449918	307	387	2	59	80	0.7375000
NODE_16299_length_708_cov_19.998358	238	318	0	11	80	0.1375000
NODE_16299_length_708_cov_19.998358	238	318	2	69	80	0.8625000
NODE_16299_length_708_cov_19.998358	291	371	0	38	80	0.4750000
NODE_16299_length_708_cov_19.998358	291	371	2	42	80	0.5250000
NODE_16300_length_708_cov_19.021346	366	446	5	35	80	0.4375000
NODE_16300_length_708_cov_19.021346	366	446	6	45	80	0.5625000
NODE_16300_length_708_cov_19.021346	419	499	0	33	80	0.4125000
NODE_16300_length_708_cov_19.021346	419	499	5	47	80	0.5875000
NODE_16302_length_708_cov_12.228243	181	263	0	82	82	1.0000000
NODE_16302_length_708_cov_12.228243	188	268	0	80	80	1.0000000
NODE_16302_length_708_cov_12.228243	236	316	0	80	80	1.0000000
NODE_16302_length_708_cov_12.228243	312	392	0	80	80	1.0000000
NODE_16302_length_708_cov_12.228243	312	392	0	80	80	1.0000000
NODE_16302_length_708_cov_12.228243	365	445	0	80	80	1.0000000
NODE_16303_length_708_cov_11.338259	255	335	0	42	80	0.5250000
NODE_16303_length_708_cov_11.338259	255	335	2	38	80	0.4750000
NODE_16303_length_708_cov_11.338259	308	388	0	32	80	0.4000000
NODE_16303_length_708_cov_11.338259	308	388	2	48	80	0.6000000
NODE_16305_length_708_cov_9.676519	219	299	0	80	80	1.0000000
NODE_16305_length_708_cov_9.676519	272	352	0	80	80	1.0000000
NODE_16306_length_708_cov_8.638752	324	399	0	75	75	1.0000000
NODE_16330_length_708_cov_2.699507	358	398	0	20	40	0.5000000
NODE_16330_length_708_cov_2.699507	358	398	2	20	40	0.5000000
NODE_16370_length_707_cov_30.067434	325	405	2	36	80	0.4500000
NODE_16370_length_707_cov_30.067434	325	405	4	44	80	0.5500000
NODE_16370_length_707_cov_30.067434	378	458	0	31	80	0.3875000
NODE_16370_length_707_cov_30.067434	378	458	2	49	80	0.6125000
NODE_16371_length_707_cov_26.555921	241	321	0	73	80	0.9125000
NODE_16371_length_707_cov_26.555921	241	321	4	7	80	0.0875000
NODE_16371_length_707_cov_26.555921	294	374	0	20	80	0.2500000
NODE_16371_length_707_cov_26.555921	294	374	4	60	80	0.7500000
NODE_16372_length_707_cov_23.972039	322	402	0	80	80	1.0000000
NODE_16372_length_707_cov_23.972039	375	455	0	80	80	1.0000000
NODE_16373_length_707_cov_20.348684	157	237	3	7	80	0.0875000
NODE_16373_length_707_cov_20.348684	157	237	5	1	80	0.0125000
NODE_16373_length_707_cov_20.348684	157	237	6	13	80	0.1625000
NODE_16373_length_707_cov_20.348684	157	237	9	3	80	0.0375000
NODE_16373_length_707_cov_20.348684	157	237	12	1	80	0.0125000
NODE_16373_length_707_cov_20.348684	157	237	13	29	80	0.3625000
NODE_16373_length_707_cov_20.348684	157	237	15	26	80	0.3250000
NODE_16373_length_707_cov_20.348684	210	281	13	1	71	0.0140845
NODE_16373_length_707_cov_20.348684	210	281	15	70	71	0.9859155
NODE_16374_length_707_cov_18.970395	253	333	0	77	80	0.9625000
NODE_16374_length_707_cov_18.970395	253	333	2	3	80	0.0375000
NODE_16374_length_707_cov_18.970395	306	386	0	24	80	0.3000000
NODE_16374_length_707_cov_18.970395	306	386	2	56	80	0.7000000
NODE_16375_length_707_cov_14.324013	302	382	0	80	80	1.0000000
NODE_16375_length_707_cov_14.324013	355	435	0	80	80	1.0000000
NODE_16378_length_707_cov_5.062500	313	393	0	80	80	1.0000000
NODE_16441_length_706_cov_34.116969	272	352	22	13	80	0.1625000
NODE_16441_length_706_cov_34.116969	272	352	25	44	80	0.5500000
NODE_16441_length_706_cov_34.116969	272	352	27	23	80	0.2875000
NODE_16441_length_706_cov_34.116969	325	405	2	31	80	0.3875000
NODE_16441_length_706_cov_34.116969	325	405	4	1	80	0.0125000
NODE_16441_length_706_cov_34.116969	325	405	22	34	80	0.4250000
NODE_16441_length_706_cov_34.116969	325	405	25	14	80	0.1750000
NODE_16442_length_706_cov_27.220758	229	309	0	80	80	1.0000000
NODE_16442_length_706_cov_27.220758	282	362	0	80	80	1.0000000
NODE_16443_length_706_cov_20.380560	264	344	0	5	80	0.0625000
NODE_16443_length_706_cov_20.380560	264	344	2	1	80	0.0125000
NODE_16443_length_706_cov_20.380560	264	344	3	15	80	0.1875000
NODE_16443_length_706_cov_20.380560	264	344	5	33	80	0.4125000
NODE_16443_length_706_cov_20.380560	264	344	6	26	80	0.3250000
NODE_16443_length_706_cov_20.380560	317	397	5	53	80	0.6625000
NODE_16443_length_706_cov_20.380560	317	397	6	27	80	0.3375000
NODE_16444_length_706_cov_19.525535	289	369	0	48	80	0.6000000
NODE_16444_length_706_cov_19.525535	289	369	4	8	80	0.1000000
NODE_16444_length_706_cov_19.525535	289	369	6	24	80	0.3000000
NODE_16444_length_706_cov_19.525535	342	422	4	3	80	0.0375000
NODE_16444_length_706_cov_19.525535	342	422	6	77	80	0.9625000
NODE_16454_length_706_cov_3.344316	465	545	0	80	80	1.0000000
NODE_16454_length_706_cov_3.344316	518	598	0	80	80	1.0000000
NODE_16494_length_705_cov_19.211221	118	198	17	2	80	0.0250000
NODE_16494_length_705_cov_19.211221	118	198	19	1	80	0.0125000
NODE_16494_length_705_cov_19.211221	118	198	24	11	80	0.1375000
NODE_16494_length_705_cov_19.211221	118	198	27	29	80	0.3625000
NODE_16494_length_705_cov_19.211221	118	198	28	2	80	0.0250000
NODE_16494_length_705_cov_19.211221	118	198	30	35	80	0.4375000
NODE_16494_length_705_cov_19.211221	171	250	13	2	79	0.0253165
NODE_16494_length_705_cov_19.211221	171	250	15	1	79	0.0126582
NODE_16494_length_705_cov_19.211221	171	250	24	60	79	0.7594936
NODE_16494_length_705_cov_19.211221	171	250	30	16	79	0.2025317
NODE_16495_length_705_cov_16.338284	291	339	0	48	48	1.0000000
NODE_16495_length_705_cov_16.338284	336	406	0	70	70	1.0000000
NODE_16496_length_705_cov_14.354785	209	289	1	21	80	0.2625000
NODE_16496_length_705_cov_14.354785	209	289	2	59	80	0.7375000
NODE_16496_length_705_cov_14.354785	262	342	1	20	80	0.2500000
NODE_16496_length_705_cov_14.354785	262	342	2	60	80	0.7500000
NODE_16497_length_705_cov_12.231023	293	373	0	80	80	1.0000000
NODE_16497_length_705_cov_12.231023	346	426	0	80	80	1.0000000
NODE_16498_length_705_cov_11.836634	390	470	3	13	80	0.1625000
NODE_16498_length_705_cov_11.836634	390	470	4	9	80	0.1125000
NODE_16498_length_705_cov_11.836634	390	470	6	58	80	0.7250000
NODE_16498_length_705_cov_11.836634	443	523	4	50	80	0.6250000
NODE_16498_length_705_cov_11.836634	443	523	6	30	80	0.3750000
NODE_16499_length_705_cov_10.049505	382	479	2	97	97	1.0000000
NODE_16499_length_705_cov_10.049505	452	532	0	34	80	0.4250000
NODE_16499_length_705_cov_10.049505	452	532	2	46	80	0.5750000
NODE_16507_length_705_cov_4.275578	358	438	0	80	80	1.0000000
NODE_16507_length_705_cov_4.275578	411	491	0	68	80	0.8500000
NODE_16507_length_705_cov_4.275578	411	491	2	12	80	0.1500000
NODE_16509_length_705_cov_4.018152	306	364	0	58	58	1.0000000
NODE_16509_length_705_cov_4.018152	337	410	0	73	73	1.0000000
NODE_16511_length_705_cov_3.620462	253	315	0	23	62	0.3709677
NODE_16511_length_705_cov_3.620462	253	315	6	4	62	0.0645161
NODE_16511_length_705_cov_3.620462	253	315	14	11	62	0.1774193
NODE_16511_length_705_cov_3.620462	253	315	15	1	62	0.0161290
NODE_16511_length_705_cov_3.620462	253	315	20	1	62	0.0161290
NODE_16511_length_705_cov_3.620462	253	315	22	22	62	0.3548387
NODE_16511_length_705_cov_3.620462	308	368	21	45	60	0.7500000
NODE_16511_length_705_cov_3.620462	308	368	22	15	60	0.2500000
NODE_16527_length_705_cov_1.607261	462	531	0	69	69	1.0000000
NODE_16549_length_705_cov_0.529703	33	97	2	64	64	1.0000000
NODE_16549_length_705_cov_0.529703	86	150	0	29	64	0.4531250
NODE_16549_length_705_cov_0.529703	86	150	2	35	64	0.5468750
NODE_16550_length_704_cov_18.256198	295	375	0	7	80	0.0875000
NODE_16550_length_704_cov_18.256198	295	375	2	17	80	0.2125000
NODE_16550_length_704_cov_18.256198	295	375	5	56	80	0.7000000
NODE_16550_length_704_cov_18.256198	348	428	3	17	80	0.2125000
NODE_16550_length_704_cov_18.256198	348	428	4	1	80	0.0125000
NODE_16550_length_704_cov_18.256198	348	428	5	62	80	0.7750000
NODE_16552_length_704_cov_16.662810	264	344	4	80	80	1.0000000
NODE_16552_length_704_cov_16.662810	317	397	0	24	80	0.3000000
NODE_16552_length_704_cov_16.662810	317	397	4	56	80	0.7000000
NODE_16553_length_704_cov_12.641322	294	374	0	53	80	0.6625000
NODE_16553_length_704_cov_12.641322	294	374	2	27	80	0.3375000
NODE_16553_length_704_cov_12.641322	347	427	2	80	80	1.0000000
NODE_16557_length_704_cov_5.603306	440	498	0	58	58	1.0000000
NODE_16564_length_704_cov_3.535537	303	383	2	80	80	1.0000000
NODE_16564_length_704_cov_3.535537	369	436	0	31	67	0.4626866
NODE_16564_length_704_cov_3.535537	369	436	2	36	67	0.5373135
NODE_16578_length_704_cov_1.963636	345	425	6	20	80	0.2500000
NODE_16578_length_704_cov_1.963636	345	425	8	42	80	0.5250000
NODE_16578_length_704_cov_1.963636	345	425	10	18	80	0.2250000
NODE_16578_length_704_cov_1.963636	398	478	4	12	80	0.1500000
NODE_16578_length_704_cov_1.963636	398	478	6	19	80	0.2375000
NODE_16578_length_704_cov_1.963636	398	478	8	23	80	0.2875000
NODE_16578_length_704_cov_1.963636	398	478	10	26	80	0.3250000
NODE_16598_length_703_cov_44.102649	514	594	0	80	80	1.0000000
NODE_16598_length_703_cov_44.102649	567	647	0	80	80	1.0000000
NODE_16599_length_703_cov_33.067881	521	594	102	2	73	0.0273973
NODE_16599_length_703_cov_33.067881	521	594	106	1	73	0.0136986
NODE_16599_length_703_cov_33.067881	521	594	107	1	73	0.0136986
NODE_16599_length_703_cov_33.067881	521	594	110	2	73	0.0273973
NODE_16599_length_703_cov_33.067881	521	594	115	1	73	0.0136986
NODE_16599_length_703_cov_33.067881	521	594	116	1	73	0.0136986
NODE_16599_length_703_cov_33.067881	521	594	118	1	73	0.0136986
NODE_16599_length_703_cov_33.067881	521	594	119	2	73	0.0273973
NODE_16599_length_703_cov_33.067881	521	594	123	1	73	0.0136986
NODE_16599_length_703_cov_33.067881	521	594	131	1	73	0.0136986
NODE_16599_length_703_cov_33.067881	521	594	133	1	73	0.0136986
NODE_16599_length_703_cov_33.067881	521	594	139	2	73	0.0273973
NODE_16599_length_703_cov_33.067881	521	594	141	1	73	0.0136986
NODE_16599_length_703_cov_33.067881	521	594	144	1	73	0.0136986
NODE_16599_length_703_cov_33.067881	521	594	148	1	73	0.0136986
NODE_16599_length_703_cov_33.067881	521	594	152	2	73	0.0273973
NODE_16599_length_703_cov_33.067881	521	594	156	1	73	0.0136986
NODE_16599_length_703_cov_33.067881	521	594	158	1	73	0.0136986
NODE_16599_length_703_cov_33.067881	521	594	160	3	73	0.0410959
NODE_16599_length_703_cov_33.067881	521	594	162	1	73	0.0136986
NODE_16599_length_703_cov_33.067881	521	594	165	2	73	0.0273973
NODE_16599_length_703_cov_33.067881	521	594	167	2	73	0.0273973
NODE_16599_length_703_cov_33.067881	521	594	169	6	73	0.0821918
NODE_16599_length_703_cov_33.067881	521	594	171	4	73	0.0547945
NODE_16599_length_703_cov_33.067881	521	594	172	1	73	0.0136986
NODE_16599_length_703_cov_33.067881	521	594	173	15	73	0.2054795
NODE_16599_length_703_cov_33.067881	521	594	174	7	73	0.0958904
NODE_16599_length_703_cov_33.067881	521	594	175	7	73	0.0958904
NODE_16599_length_703_cov_33.067881	521	594	177	2	73	0.0273973
NODE_16599_length_703_cov_33.067881	561	602	169	5	41	0.1219512
NODE_16599_length_703_cov_33.067881	561	602	171	4	41	0.0975610
NODE_16599_length_703_cov_33.067881	561	602	172	1	41	0.0243902
NODE_16599_length_703_cov_33.067881	561	602	173	16	41	0.3902439
NODE_16599_length_703_cov_33.067881	561	602	174	5	41	0.1219512
NODE_16599_length_703_cov_33.067881	561	602	175	8	41	0.1951219
NODE_16599_length_703_cov_33.067881	561	602	177	2	41	0.0487805
NODE_16600_length_703_cov_30.266556	312	392	0	80	80	1.0000000
NODE_16600_length_703_cov_30.266556	365	445	0	80	80	1.0000000
NODE_16601_length_703_cov_17.006623	449	529	0	51	80	0.6375000
NODE_16601_length_703_cov_17.006623	449	529	4	29	80	0.3625000
NODE_16601_length_703_cov_17.006623	502	582	4	80	80	1.0000000
NODE_16602_length_703_cov_14.801325	383	463	0	80	80	1.0000000
NODE_16602_length_703_cov_14.801325	436	516	0	80	80	1.0000000
NODE_16603_length_703_cov_11.766556	308	388	0	3	80	0.0375000
NODE_16603_length_703_cov_11.766556	308	388	2	66	80	0.8250000
NODE_16603_length_703_cov_11.766556	308	388	4	11	80	0.1375000
NODE_16603_length_703_cov_11.766556	361	441	2	17	80	0.2125000
NODE_16603_length_703_cov_11.766556	361	441	4	63	80	0.7875000
NODE_16604_length_703_cov_10.405629	213	293	20	16	80	0.2000000
NODE_16604_length_703_cov_10.405629	213	293	23	1	80	0.0125000
NODE_16604_length_703_cov_10.405629	213	293	24	6	80	0.0750000
NODE_16604_length_703_cov_10.405629	213	293	28	43	80	0.5375000
NODE_16604_length_703_cov_10.405629	213	293	30	14	80	0.1750000
NODE_16604_length_703_cov_10.405629	266	301	22	1	35	0.0285714
NODE_16604_length_703_cov_10.405629	266	301	24	12	35	0.3428572
NODE_16604_length_703_cov_10.405629	266	301	28	19	35	0.5428572
NODE_16604_length_703_cov_10.405629	266	301	30	3	35	0.0857143
NODE_16605_length_703_cov_6.966887	381	440	0	59	59	1.0000000
NODE_16616_length_703_cov_3.491722	256	309	2	50	53	0.9433962
NODE_16616_length_703_cov_3.491722	256	309	4	3	53	0.0566038
NODE_16616_length_703_cov_3.491722	257	337	2	77	80	0.9625000
NODE_16616_length_703_cov_3.491722	257	337	4	3	80	0.0375000
NODE_16616_length_703_cov_3.491722	305	362	2	57	57	1.0000000
NODE_16624_length_703_cov_2.687086	216	296	0	40	80	0.5000000
NODE_16624_length_703_cov_2.687086	216	296	2	40	80	0.5000000
NODE_16624_length_703_cov_2.687086	269	349	2	80	80	1.0000000
NODE_16663_length_702_cov_49.784411	221	299	6	7	78	0.0897436
NODE_16663_length_702_cov_49.784411	221	299	8	65	78	0.8333333
NODE_16663_length_702_cov_49.784411	221	299	9	5	78	0.0641026
NODE_16663_length_702_cov_49.784411	221	299	10	1	78	0.0128205
NODE_16663_length_702_cov_49.784411	277	352	2	34	75	0.4533333
NODE_16663_length_702_cov_49.784411	277	352	4	12	75	0.1600000
NODE_16663_length_702_cov_49.784411	277	352	8	16	75	0.2133333
NODE_16663_length_702_cov_49.784411	277	352	9	5	75	0.0666667
NODE_16663_length_702_cov_49.784411	277	352	10	8	75	0.1066667
NODE_16664_length_702_cov_26.570481	201	281	0	5	80	0.0625000
NODE_16664_length_702_cov_26.570481	201	281	1	1	80	0.0125000
NODE_16664_length_702_cov_26.570481	201	281	2	74	80	0.9250000
NODE_16664_length_702_cov_26.570481	254	334	0	35	80	0.4375000
NODE_16664_length_702_cov_26.570481	254	334	2	45	80	0.5625000
NODE_16665_length_702_cov_23.971808	139	219	0	3	80	0.0375000
NODE_16665_length_702_cov_23.971808	139	219	4	25	80	0.3125000
NODE_16665_length_702_cov_23.971808	139	219	6	52	80	0.6500000
NODE_16665_length_702_cov_23.971808	192	272	4	16	80	0.2000000
NODE_16665_length_702_cov_23.971808	192	272	6	64	80	0.8000000
NODE_16665_length_702_cov_23.971808	268	348	0	67	80	0.8375000
NODE_16665_length_702_cov_23.971808	268	348	4	13	80	0.1625000
NODE_16665_length_702_cov_23.971808	321	401	0	80	80	1.0000000
NODE_16666_length_702_cov_23.827529	448	528	0	80	80	1.0000000
NODE_16666_length_702_cov_23.827529	501	581	0	80	80	1.0000000
NODE_16667_length_702_cov_14.661692	424	504	2	80	80	1.0000000
NODE_16667_length_702_cov_14.661692	477	557	0	7	80	0.0875000
NODE_16667_length_702_cov_14.661692	477	557	1	6	80	0.0750000
NODE_16667_length_702_cov_14.661692	477	557	2	67	80	0.8375000
NODE_16668_length_702_cov_13.908789	259	304	4	7	45	0.1555556
NODE_16668_length_702_cov_13.908789	259	304	6	38	45	0.8444445
NODE_16668_length_702_cov_13.908789	277	357	0	7	80	0.0875000
NODE_16668_length_702_cov_13.908789	277	357	2	22	80	0.2750000
NODE_16668_length_702_cov_13.908789	277	357	4	16	80	0.2000000
NODE_16668_length_702_cov_13.908789	277	357	6	35	80	0.4375000
NODE_16668_length_702_cov_13.908789	289	357	0	7	68	0.1029412
NODE_16668_length_702_cov_13.908789	289	357	2	22	68	0.3235294
NODE_16668_length_702_cov_13.908789	289	357	4	16	68	0.2352941
NODE_16668_length_702_cov_13.908789	289	357	6	23	68	0.3382353
NODE_16669_length_702_cov_8.502488	337	417	0	80	80	1.0000000
NODE_16669_length_702_cov_8.502488	390	470	0	80	80	1.0000000
NODE_16671_length_702_cov_6.470978	209	289	0	80	80	1.0000000
NODE_16671_length_702_cov_6.470978	262	342	0	80	80	1.0000000
NODE_16729_length_701_cov_38.715947	178	258	1	18	80	0.2250000
NODE_16729_length_701_cov_38.715947	178	258	2	33	80	0.4125000
NODE_16729_length_701_cov_38.715947	178	258	5	13	80	0.1625000
NODE_16729_length_701_cov_38.715947	178	258	6	3	80	0.0375000
NODE_16729_length_701_cov_38.715947	178	258	7	13	80	0.1625000
NODE_16729_length_701_cov_38.715947	231	311	5	11	80	0.1375000
NODE_16729_length_701_cov_38.715947	231	311	6	21	80	0.2625000
NODE_16729_length_701_cov_38.715947	231	311	7	13	80	0.1625000
NODE_16729_length_701_cov_38.715947	231	311	8	35	80	0.4375000
NODE_16729_length_701_cov_38.715947	307	387	6	66	80	0.8250000
NODE_16729_length_701_cov_38.715947	307	387	8	14	80	0.1750000
NODE_16729_length_701_cov_38.715947	360	440	0	27	80	0.3375000
NODE_16729_length_701_cov_38.715947	360	440	2	1	80	0.0125000
NODE_16729_length_701_cov_38.715947	360	440	4	21	80	0.2625000
NODE_16729_length_701_cov_38.715947	360	440	6	31	80	0.3875000
NODE_16730_length_701_cov_28.059801	432	513	0	27	81	0.3333333
NODE_16730_length_701_cov_28.059801	432	513	1	54	81	0.6666667
NODE_16730_length_701_cov_28.059801	486	566	0	80	80	1.0000000
NODE_16731_length_701_cov_18.387043	258	338	0	13	80	0.1625000
NODE_16731_length_701_cov_18.387043	258	338	2	67	80	0.8375000
NODE_16731_length_701_cov_18.387043	311	391	0	26	80	0.3250000
NODE_16731_length_701_cov_18.387043	311	391	2	54	80	0.6750000
NODE_16732_length_701_cov_17.122924	295	367	0	72	72	1.0000000
NODE_16733_length_701_cov_16.114618	242	322	0	60	80	0.7500000
NODE_16733_length_701_cov_16.114618	242	322	1	20	80	0.2500000
NODE_16733_length_701_cov_16.114618	295	375	0	7	80	0.0875000
NODE_16733_length_701_cov_16.114618	295	375	1	28	80	0.3500000
NODE_16733_length_701_cov_16.114618	295	375	2	7	80	0.0875000
NODE_16733_length_701_cov_16.114618	295	375	4	38	80	0.4750000
NODE_16734_length_701_cov_15.588040	399	479	0	80	80	1.0000000
NODE_16734_length_701_cov_15.588040	452	532	0	80	80	1.0000000
NODE_16736_length_701_cov_11.420266	229	309	0	80	80	1.0000000
NODE_16736_length_701_cov_11.420266	282	362	0	80	80	1.0000000
NODE_16737_length_701_cov_10.411960	202	283	0	44	81	0.5432099
NODE_16737_length_701_cov_10.411960	202	283	4	37	81	0.4567901
NODE_16737_length_701_cov_10.411960	256	336	4	80	80	1.0000000
NODE_16738_length_701_cov_9.107973	400	480	2	80	80	1.0000000
NODE_16738_length_701_cov_9.107973	453	533	0	45	80	0.5625000
NODE_16738_length_701_cov_9.107973	453	533	2	35	80	0.4375000
NODE_16739_length_701_cov_8.877076	283	363	0	80	80	1.0000000
NODE_16739_length_701_cov_8.877076	336	416	0	80	80	1.0000000
NODE_16740_length_701_cov_8.543189	341	421	0	80	80	1.0000000
NODE_16740_length_701_cov_8.543189	394	474	0	80	80	1.0000000
NODE_16742_length_701_cov_6.317276	273	353	0	40	80	0.5000000
NODE_16742_length_701_cov_6.317276	273	353	2	40	80	0.5000000
NODE_16742_length_701_cov_6.317276	326	382	0	56	56	1.0000000
NODE_16747_length_701_cov_5.081395	318	374	9	1	56	0.0178571
NODE_16747_length_701_cov_5.081395	318	374	11	2	56	0.0357143
NODE_16747_length_701_cov_5.081395	318	374	13	16	56	0.2857143
NODE_16747_length_701_cov_5.081395	318	374	15	22	56	0.3928571
NODE_16747_length_701_cov_5.081395	318	374	16	15	56	0.2678571
NODE_16752_length_701_cov_3.320598	207	287	0	80	80	1.0000000
NODE_16752_length_701_cov_3.320598	260	340	0	80	80	1.0000000
NODE_16794_length_700_cov_22.241265	326	406	10	1	80	0.0125000
NODE_16794_length_700_cov_22.241265	326	406	11	9	80	0.1125000
NODE_16794_length_700_cov_22.241265	326	406	18	1	80	0.0125000
NODE_16794_length_700_cov_22.241265	326	406	19	6	80	0.0750000
NODE_16794_length_700_cov_22.241265	326	406	20	10	80	0.1250000
NODE_16794_length_700_cov_22.241265	326	406	21	6	80	0.0750000
NODE_16794_length_700_cov_22.241265	326	406	22	2	80	0.0250000
NODE_16794_length_700_cov_22.241265	326	406	23	12	80	0.1500000
NODE_16794_length_700_cov_22.241265	326	406	24	5	80	0.0625000
NODE_16794_length_700_cov_22.241265	326	406	25	28	80	0.3500000
NODE_16796_length_700_cov_11.730449	294	374	0	80	80	1.0000000
NODE_16796_length_700_cov_11.730449	347	427	0	80	80	1.0000000
NODE_16800_length_700_cov_7.291181	317	397	0	80	80	1.0000000
NODE_16800_length_700_cov_7.291181	370	450	0	80	80	1.0000000
NODE_16801_length_700_cov_6.557404	353	404	0	51	51	1.0000000
NODE_16802_length_700_cov_5.475874	301	381	0	7	80	0.0875000
NODE_16802_length_700_cov_5.475874	301	381	2	73	80	0.9125000
NODE_16802_length_700_cov_5.475874	354	434	0	56	80	0.7000000
NODE_16802_length_700_cov_5.475874	354	434	2	24	80	0.3000000
NODE_16803_length_700_cov_3.960067	158	234	4	76	76	1.0000000
NODE_16803_length_700_cov_3.960067	209	291	0	43	82	0.5243902
NODE_16803_length_700_cov_3.960067	209	291	4	39	82	0.4756097
NODE_16822_length_700_cov_1.517471	324	404	0	80	80	1.0000000
NODE_16822_length_700_cov_1.517471	377	457	0	80	80	1.0000000
NODE_16844_length_699_cov_18.446667	185	265	0	80	80	1.0000000
NODE_16844_length_699_cov_18.446667	238	318	0	80	80	1.0000000
NODE_16845_length_699_cov_18.383333	258	338	0	32	80	0.4000000
NODE_16845_length_699_cov_18.383333	258	338	2	48	80	0.6000000
NODE_16845_length_699_cov_18.383333	311	391	2	80	80	1.0000000
NODE_16846_length_699_cov_18.103333	218	298	0	18	80	0.2250000
NODE_16846_length_699_cov_18.103333	218	298	2	62	80	0.7750000
NODE_16846_length_699_cov_18.103333	271	351	0	25	80	0.3125000
NODE_16846_length_699_cov_18.103333	271	351	2	55	80	0.6875000
NODE_16847_length_699_cov_15.636667	279	359	0	46	80	0.5750000
NODE_16847_length_699_cov_15.636667	279	359	2	18	80	0.2250000
NODE_16847_length_699_cov_15.636667	279	359	4	16	80	0.2000000
NODE_16847_length_699_cov_15.636667	332	412	2	37	80	0.4625000
NODE_16847_length_699_cov_15.636667	332	412	4	43	80	0.5375000
NODE_16848_length_699_cov_15.113333	313	393	5	3	80	0.0375000
NODE_16848_length_699_cov_15.113333	313	393	6	35	80	0.4375000
NODE_16848_length_699_cov_15.113333	313	393	8	42	80	0.5250000
NODE_16848_length_699_cov_15.113333	366	446	0	4	80	0.0500000
NODE_16848_length_699_cov_15.113333	366	446	4	1	80	0.0125000
NODE_16848_length_699_cov_15.113333	366	446	5	51	80	0.6375000
NODE_16848_length_699_cov_15.113333	366	446	6	24	80	0.3000000
NODE_16849_length_699_cov_10.070000	233	313	2	80	80	1.0000000
NODE_16849_length_699_cov_10.070000	286	366	0	12	80	0.1500000
NODE_16849_length_699_cov_10.070000	286	366	2	68	80	0.8500000
NODE_16849_length_699_cov_10.070000	362	442	0	80	80	1.0000000
NODE_16849_length_699_cov_10.070000	415	495	0	80	80	1.0000000
NODE_16850_length_699_cov_8.083333	347	427	0	80	80	1.0000000
NODE_16850_length_699_cov_8.083333	400	480	0	80	80	1.0000000
NODE_16851_length_699_cov_7.758333	307	387	4	57	80	0.7125000
NODE_16851_length_699_cov_7.758333	307	387	6	23	80	0.2875000
NODE_16851_length_699_cov_7.758333	360	440	2	22	80	0.2750000
NODE_16851_length_699_cov_7.758333	360	440	4	35	80	0.4375000
NODE_16851_length_699_cov_7.758333	360	440	6	23	80	0.2875000
NODE_16852_length_699_cov_7.713333	252	332	0	80	80	1.0000000
NODE_16852_length_699_cov_7.713333	305	385	0	80	80	1.0000000
NODE_16853_length_699_cov_7.186667	271	332	2	61	61	1.0000000
NODE_16853_length_699_cov_7.186667	348	428	2	24	80	0.3000000
NODE_16853_length_699_cov_7.186667	348	428	4	15	80	0.1875000
NODE_16853_length_699_cov_7.186667	348	428	9	3	80	0.0375000
NODE_16853_length_699_cov_7.186667	348	428	12	15	80	0.1875000
NODE_16853_length_699_cov_7.186667	348	428	13	14	80	0.1750000
NODE_16853_length_699_cov_7.186667	348	428	14	9	80	0.1125000
NODE_16857_length_699_cov_5.815000	243	316	0	5	73	0.0684932
NODE_16857_length_699_cov_5.815000	243	316	2	68	73	0.9315069
NODE_16857_length_699_cov_5.815000	293	374	1	6	81	0.0740741
NODE_16857_length_699_cov_5.815000	293	374	2	45	81	0.5555556
NODE_16857_length_699_cov_5.815000	293	374	3	30	81	0.3703704
NODE_16858_length_699_cov_5.520000	302	382	0	80	80	1.0000000
NODE_16858_length_699_cov_5.520000	355	435	0	80	80	1.0000000
NODE_16860_length_699_cov_4.051667	289	369	0	34	80	0.4250000
NODE_16860_length_699_cov_4.051667	289	369	1	2	80	0.0250000
NODE_16860_length_699_cov_4.051667	289	369	2	27	80	0.3375000
NODE_16860_length_699_cov_4.051667	289	369	4	5	80	0.0625000
NODE_16860_length_699_cov_4.051667	289	369	6	12	80	0.1500000
NODE_16860_length_699_cov_4.051667	342	422	2	10	80	0.1250000
NODE_16860_length_699_cov_4.051667	342	422	4	5	80	0.0625000
NODE_16860_length_699_cov_4.051667	342	422	6	14	80	0.1750000
NODE_16860_length_699_cov_4.051667	342	422	8	51	80	0.6375000
NODE_16868_length_699_cov_2.498333	204	284	0	71	80	0.8875000
NODE_16868_length_699_cov_2.498333	204	284	2	9	80	0.1125000
NODE_16868_length_699_cov_2.498333	257	337	0	18	80	0.2250000
NODE_16868_length_699_cov_2.498333	257	337	2	62	80	0.7750000
NODE_16908_length_698_cov_47.350584	321	401	0	80	80	1.0000000
NODE_16908_length_698_cov_47.350584	374	454	0	80	80	1.0000000
NODE_16909_length_698_cov_42.848080	255	335	2	16	80	0.2000000
NODE_16909_length_698_cov_42.848080	255	335	4	64	80	0.8000000
NODE_16909_length_698_cov_42.848080	308	388	0	52	80	0.6500000
NODE_16909_length_698_cov_42.848080	308	388	2	17	80	0.2125000
NODE_16909_length_698_cov_42.848080	308	388	4	11	80	0.1375000
NODE_16910_length_698_cov_36.697830	366	446	0	22	80	0.2750000
NODE_16910_length_698_cov_36.697830	366	446	2	58	80	0.7250000
NODE_16910_length_698_cov_36.697830	419	484	0	6	65	0.0923077
NODE_16910_length_698_cov_36.697830	419	484	2	59	65	0.9076923
NODE_16911_length_698_cov_23.874791	222	302	2	28	80	0.3500000
NODE_16911_length_698_cov_23.874791	222	302	6	18	80	0.2250000
NODE_16911_length_698_cov_23.874791	222	302	10	34	80	0.4250000
NODE_16911_length_698_cov_23.874791	275	355	9	3	80	0.0375000
NODE_16911_length_698_cov_23.874791	275	355	10	77	80	0.9625000
NODE_16912_length_698_cov_7.133556	360	440	0	26	80	0.3250000
NODE_16912_length_698_cov_7.133556	360	440	2	54	80	0.6750000
NODE_16912_length_698_cov_7.133556	413	493	0	8	80	0.1000000
NODE_16912_length_698_cov_7.133556	413	493	2	72	80	0.9000000
NODE_16913_length_698_cov_6.520868	267	347	2	18	80	0.2250000
NODE_16913_length_698_cov_6.520868	267	347	4	31	80	0.3875000
NODE_16913_length_698_cov_6.520868	267	347	6	31	80	0.3875000
NODE_16913_length_698_cov_6.520868	320	400	4	6	80	0.0750000
NODE_16913_length_698_cov_6.520868	320	400	6	74	80	0.9250000
NODE_16917_length_698_cov_4.762938	329	359	0	30	30	1.0000000
NODE_16926_length_698_cov_2.577629	309	389	0	80	80	1.0000000
NODE_16926_length_698_cov_2.577629	362	442	0	80	80	1.0000000
NODE_16962_length_697_cov_16.013378	305	385	0	27	80	0.3375000
NODE_16962_length_697_cov_16.013378	305	385	1	32	80	0.4000000
NODE_16962_length_697_cov_16.013378	305	385	2	21	80	0.2625000
NODE_16962_length_697_cov_16.013378	358	438	1	6	80	0.0750000
NODE_16962_length_697_cov_16.013378	358	438	2	74	80	0.9250000
NODE_16963_length_697_cov_14.411371	440	520	0	80	80	1.0000000
NODE_16963_length_697_cov_14.411371	493	573	0	80	80	1.0000000
NODE_16964_length_697_cov_14.282609	257	354	0	18	97	0.1855670
NODE_16964_length_697_cov_14.282609	257	354	1	18	97	0.1855670
NODE_16964_length_697_cov_14.282609	257	354	2	26	97	0.2680412
NODE_16964_length_697_cov_14.282609	257	354	4	35	97	0.3608247
NODE_16964_length_697_cov_14.282609	327	385	4	31	58	0.5344828
NODE_16964_length_697_cov_14.282609	327	385	8	14	58	0.2413793
NODE_16964_length_697_cov_14.282609	327	385	10	13	58	0.2241379
NODE_16965_length_697_cov_9.969900	360	440	0	80	80	1.0000000
NODE_16965_length_697_cov_9.969900	413	493	0	80	80	1.0000000
NODE_16968_length_697_cov_6.117057	236	316	4	9	80	0.1125000
NODE_16968_length_697_cov_6.117057	236	316	6	71	80	0.8875000
NODE_16968_length_697_cov_6.117057	289	369	0	22	80	0.2750000
NODE_16968_length_697_cov_6.117057	289	369	2	6	80	0.0750000
NODE_16968_length_697_cov_6.117057	289	369	4	34	80	0.4250000
NODE_16968_length_697_cov_6.117057	289	369	6	18	80	0.2250000
NODE_17025_length_696_cov_28.360134	319	399	2	40	80	0.5000000
NODE_17025_length_696_cov_28.360134	319	399	4	40	80	0.5000000
NODE_17025_length_696_cov_28.360134	372	452	0	17	80	0.2125000
NODE_17025_length_696_cov_28.360134	372	452	2	63	80	0.7875000
NODE_17026_length_696_cov_18.708543	367	447	1	16	80	0.2000000
NODE_17026_length_696_cov_18.708543	367	447	2	13	80	0.1625000
NODE_17026_length_696_cov_18.708543	367	447	4	35	80	0.4375000
NODE_17026_length_696_cov_18.708543	367	447	6	16	80	0.2000000
NODE_17026_length_696_cov_18.708543	420	500	4	39	80	0.4875000
NODE_17026_length_696_cov_18.708543	420	500	6	41	80	0.5125000
NODE_17027_length_696_cov_18.170854	390	470	0	45	80	0.5625000
NODE_17027_length_696_cov_18.170854	390	470	2	35	80	0.4375000
NODE_17027_length_696_cov_18.170854	443	523	2	80	80	1.0000000
NODE_17028_length_696_cov_13.738693	266	346	0	80	80	1.0000000
NODE_17028_length_696_cov_13.738693	319	399	0	80	80	1.0000000
NODE_17030_length_696_cov_10.693467	239	266	0	1	27	0.0370370
NODE_17030_length_696_cov_10.693467	239	266	2	4	27	0.1481481
NODE_17030_length_696_cov_10.693467	239	266	4	22	27	0.8148148
NODE_17031_length_696_cov_9.949749	248	328	0	80	80	1.0000000
NODE_17031_length_696_cov_9.949749	301	381	0	80	80	1.0000000
NODE_17032_length_696_cov_8.658291	247	327	0	6	80	0.0750000
NODE_17032_length_696_cov_8.658291	247	327	2	74	80	0.9250000
NODE_17032_length_696_cov_8.658291	300	380	0	59	80	0.7375000
NODE_17032_length_696_cov_8.658291	300	380	2	21	80	0.2625000
NODE_17032_length_696_cov_8.658291	376	456	0	80	80	1.0000000
NODE_17032_length_696_cov_8.658291	429	509	0	80	80	1.0000000
NODE_17068_length_696_cov_1.675042	498	543	2	8	45	0.1777778
NODE_17068_length_696_cov_1.675042	498	543	4	37	45	0.8222222
NODE_17100_length_695_cov_24.112416	388	468	0	29	80	0.3625000
NODE_17100_length_695_cov_24.112416	388	468	7	1	80	0.0125000
NODE_17100_length_695_cov_24.112416	388	468	8	50	80	0.6250000
NODE_17100_length_695_cov_24.112416	441	521	0	80	80	1.0000000
NODE_17101_length_695_cov_12.152685	349	429	0	80	80	1.0000000
NODE_17101_length_695_cov_12.152685	402	482	0	80	80	1.0000000
NODE_17103_length_695_cov_8.466443	345	425	0	80	80	1.0000000
NODE_17103_length_695_cov_8.466443	398	478	0	80	80	1.0000000
NODE_17106_length_695_cov_5.661074	283	363	0	25	80	0.3125000
NODE_17106_length_695_cov_5.661074	283	363	2	55	80	0.6875000
NODE_17106_length_695_cov_5.661074	346	416	2	70	70	1.0000000
NODE_17124_length_695_cov_2.050336	36	112	0	76	76	1.0000000
NODE_17161_length_694_cov_46.675630	30	110	22	3	80	0.0375000
NODE_17161_length_694_cov_46.675630	30	110	26	43	80	0.5375000
NODE_17161_length_694_cov_46.675630	30	110	30	2	80	0.0250000
NODE_17161_length_694_cov_46.675630	30	110	32	19	80	0.2375000
NODE_17161_length_694_cov_46.675630	30	110	33	6	80	0.0750000
NODE_17161_length_694_cov_46.675630	30	110	35	7	80	0.0875000
NODE_17161_length_694_cov_46.675630	83	163	22	2	80	0.0250000
NODE_17161_length_694_cov_46.675630	83	163	23	3	80	0.0375000
NODE_17161_length_694_cov_46.675630	83	163	25	1	80	0.0125000
NODE_17161_length_694_cov_46.675630	83	163	26	20	80	0.2500000
NODE_17161_length_694_cov_46.675630	83	163	27	5	80	0.0625000
NODE_17161_length_694_cov_46.675630	83	163	29	1	80	0.0125000
NODE_17161_length_694_cov_46.675630	83	163	30	9	80	0.1125000
NODE_17161_length_694_cov_46.675630	83	163	31	6	80	0.0750000
NODE_17161_length_694_cov_46.675630	83	163	32	14	80	0.1750000
NODE_17161_length_694_cov_46.675630	83	163	33	12	80	0.1500000
NODE_17161_length_694_cov_46.675630	83	163	35	7	80	0.0875000
NODE_17161_length_694_cov_46.675630	159	239	7	24	80	0.3000000
NODE_17161_length_694_cov_46.675630	159	239	8	3	80	0.0375000
NODE_17161_length_694_cov_46.675630	159	239	9	7	80	0.0875000
NODE_17161_length_694_cov_46.675630	159	239	10	1	80	0.0125000
NODE_17161_length_694_cov_46.675630	159	239	11	11	80	0.1375000
NODE_17161_length_694_cov_46.675630	159	239	12	10	80	0.1250000
NODE_17161_length_694_cov_46.675630	159	239	16	6	80	0.0750000
NODE_17161_length_694_cov_46.675630	159	239	18	2	80	0.0250000
NODE_17161_length_694_cov_46.675630	159	239	19	8	80	0.1000000
NODE_17161_length_694_cov_46.675630	159	239	22	1	80	0.0125000
NODE_17161_length_694_cov_46.675630	159	239	23	7	80	0.0875000
NODE_17161_length_694_cov_46.675630	212	292	0	25	80	0.3125000
NODE_17161_length_694_cov_46.675630	212	292	5	19	80	0.2375000
NODE_17161_length_694_cov_46.675630	212	292	7	17	80	0.2125000
NODE_17161_length_694_cov_46.675630	212	292	8	4	80	0.0500000
NODE_17161_length_694_cov_46.675630	212	292	9	15	80	0.1875000
NODE_17162_length_694_cov_12.850420	326	406	2	80	80	1.0000000
NODE_17162_length_694_cov_12.850420	379	459	1	21	80	0.2625000
NODE_17162_length_694_cov_12.850420	379	459	2	59	80	0.7375000
NODE_17163_length_694_cov_7.236975	318	396	0	43	78	0.5512820
NODE_17163_length_694_cov_7.236975	318	396	2	15	78	0.1923077
NODE_17163_length_694_cov_7.236975	318	396	4	12	78	0.1538462
NODE_17163_length_694_cov_7.236975	318	396	9	8	78	0.1025641
NODE_17163_length_694_cov_7.236975	371	450	2	5	79	0.0632911
NODE_17163_length_694_cov_7.236975	371	450	4	12	79	0.1518987
NODE_17163_length_694_cov_7.236975	371	450	9	62	79	0.7848101
NODE_17166_length_694_cov_5.554622	404	484	0	80	80	1.0000000
NODE_17166_length_694_cov_5.554622	457	537	0	80	80	1.0000000
NODE_17168_length_694_cov_5.373109	152	232	0	80	80	1.0000000
NODE_17168_length_694_cov_5.373109	205	285	0	80	80	1.0000000
NODE_17227_length_693_cov_26.616162	435	515	2	12	80	0.1500000
NODE_17227_length_693_cov_26.616162	435	515	6	35	80	0.4375000
NODE_17227_length_693_cov_26.616162	435	515	8	33	80	0.4125000
NODE_17227_length_693_cov_26.616162	488	568	6	80	80	1.0000000
NODE_17228_length_693_cov_23.552189	193	273	0	80	80	1.0000000
NODE_17228_length_693_cov_23.552189	246	326	0	80	80	1.0000000
NODE_17229_length_693_cov_22.848485	231	311	4	4	80	0.0500000
NODE_17229_length_693_cov_22.848485	231	311	6	76	80	0.9500000
NODE_17229_length_693_cov_22.848485	284	364	0	13	80	0.1625000
NODE_17229_length_693_cov_22.848485	284	364	4	44	80	0.5500000
NODE_17229_length_693_cov_22.848485	284	364	6	23	80	0.2875000
NODE_17230_length_693_cov_13.616162	219	299	0	80	80	1.0000000
NODE_17230_length_693_cov_13.616162	272	352	0	80	80	1.0000000
NODE_17231_length_693_cov_12.382155	305	385	0	24	80	0.3000000
NODE_17231_length_693_cov_12.382155	305	385	2	56	80	0.7000000
NODE_17231_length_693_cov_12.382155	358	424	0	63	66	0.9545454
NODE_17231_length_693_cov_12.382155	358	424	2	3	66	0.0454545
NODE_17232_length_693_cov_10.053872	279	359	0	1	80	0.0125000
NODE_17232_length_693_cov_10.053872	279	359	2	79	80	0.9875000
NODE_17232_length_693_cov_10.053872	332	412	0	49	80	0.6125000
NODE_17232_length_693_cov_10.053872	332	412	2	31	80	0.3875000
NODE_17233_length_693_cov_9.659933	247	327	0	80	80	1.0000000
NODE_17233_length_693_cov_9.659933	300	380	0	80	80	1.0000000
NODE_17235_length_693_cov_8.077441	343	423	0	80	80	1.0000000
NODE_17235_length_693_cov_8.077441	396	476	0	80	80	1.0000000
NODE_17243_length_693_cov_3.680135	250	321	0	45	71	0.6338028
NODE_17243_length_693_cov_3.680135	250	321	2	26	71	0.3661972
NODE_17280_length_692_cov_33.416526	462	542	16	80	80	1.0000000
NODE_17280_length_692_cov_33.416526	515	595	0	30	80	0.3750000
NODE_17280_length_692_cov_33.416526	515	595	4	14	80	0.1750000
NODE_17280_length_692_cov_33.416526	515	595	14	1	80	0.0125000
NODE_17280_length_692_cov_33.416526	515	595	16	35	80	0.4375000
NODE_17281_length_692_cov_17.559865	291	371	1	38	80	0.4750000
NODE_17281_length_692_cov_17.559865	291	371	2	42	80	0.5250000
NODE_17282_length_692_cov_15.070826	304	375	0	71	71	1.0000000
NODE_17283_length_692_cov_13.279933	308	388	0	20	80	0.2500000
NODE_17283_length_692_cov_13.279933	308	388	2	60	80	0.7500000
NODE_17283_length_692_cov_13.279933	361	441	0	73	80	0.9125000
NODE_17283_length_692_cov_13.279933	361	441	2	7	80	0.0875000
NODE_17285_length_692_cov_10.750422	317	397	0	57	80	0.7125000
NODE_17285_length_692_cov_10.750422	317	397	2	23	80	0.2875000
NODE_17287_length_692_cov_7.497470	175	255	4	2	80	0.0250000
NODE_17287_length_692_cov_7.497470	175	255	6	78	80	0.9750000
NODE_17287_length_692_cov_7.497470	228	312	0	44	84	0.5238096
NODE_17287_length_692_cov_7.497470	228	312	2	1	84	0.0119048
NODE_17287_length_692_cov_7.497470	228	312	6	39	84	0.4642857
NODE_17289_length_692_cov_7.370995	235	315	2	11	80	0.1375000
NODE_17289_length_692_cov_7.370995	235	315	4	1	80	0.0125000
NODE_17289_length_692_cov_7.370995	235	315	6	57	80	0.7125000
NODE_17289_length_692_cov_7.370995	235	315	8	11	80	0.1375000
NODE_17289_length_692_cov_7.370995	288	369	0	1	81	0.0123457
NODE_17289_length_692_cov_7.370995	288	369	2	7	81	0.0864198
NODE_17289_length_692_cov_7.370995	288	369	4	15	81	0.1851852
NODE_17289_length_692_cov_7.370995	288	369	6	52	81	0.6419753
NODE_17289_length_692_cov_7.370995	288	369	8	6	81	0.0740741
NODE_17328_length_692_cov_1.514334	404	484	0	23	80	0.2875000
NODE_17328_length_692_cov_1.514334	404	484	6	1	80	0.0125000
NODE_17328_length_692_cov_1.514334	404	484	8	1	80	0.0125000
NODE_17328_length_692_cov_1.514334	404	484	10	55	80	0.6875000
NODE_17350_length_691_cov_115.233108	276	356	12	7	80	0.0875000
NODE_17350_length_691_cov_115.233108	276	356	34	8	80	0.1000000
NODE_17350_length_691_cov_115.233108	276	356	36	6	80	0.0750000
NODE_17350_length_691_cov_115.233108	276	356	38	22	80	0.2750000
NODE_17350_length_691_cov_115.233108	276	356	39	1	80	0.0125000
NODE_17350_length_691_cov_115.233108	276	356	40	36	80	0.4500000
NODE_17350_length_691_cov_115.233108	329	409	6	13	80	0.1625000
NODE_17350_length_691_cov_115.233108	329	409	29	5	80	0.0625000
NODE_17350_length_691_cov_115.233108	329	409	30	3	80	0.0375000
NODE_17350_length_691_cov_115.233108	329	409	31	1	80	0.0125000
NODE_17350_length_691_cov_115.233108	329	409	35	1	80	0.0125000
NODE_17350_length_691_cov_115.233108	329	409	36	11	80	0.1375000
NODE_17350_length_691_cov_115.233108	329	409	37	4	80	0.0500000
NODE_17350_length_691_cov_115.233108	329	409	38	21	80	0.2625000
NODE_17350_length_691_cov_115.233108	329	409	39	11	80	0.1375000
NODE_17350_length_691_cov_115.233108	329	409	40	10	80	0.1250000
NODE_17350_length_691_cov_115.233108	405	485	6	20	80	0.2500000
NODE_17350_length_691_cov_115.233108	405	485	10	2	80	0.0250000
NODE_17350_length_691_cov_115.233108	405	485	11	4	80	0.0500000
NODE_17350_length_691_cov_115.233108	405	485	12	2	80	0.0250000
NODE_17350_length_691_cov_115.233108	405	485	13	2	80	0.0250000
NODE_17350_length_691_cov_115.233108	405	485	14	1	80	0.0125000
NODE_17350_length_691_cov_115.233108	405	485	17	2	80	0.0250000
NODE_17350_length_691_cov_115.233108	405	485	20	1	80	0.0125000
NODE_17350_length_691_cov_115.233108	405	485	21	1	80	0.0125000
NODE_17350_length_691_cov_115.233108	405	485	23	1	80	0.0125000
NODE_17350_length_691_cov_115.233108	405	485	25	4	80	0.0500000
NODE_17350_length_691_cov_115.233108	405	485	27	1	80	0.0125000
NODE_17350_length_691_cov_115.233108	405	485	29	2	80	0.0250000
NODE_17350_length_691_cov_115.233108	405	485	36	1	80	0.0125000
NODE_17350_length_691_cov_115.233108	405	485	39	3	80	0.0375000
NODE_17350_length_691_cov_115.233108	405	485	41	2	80	0.0250000
NODE_17350_length_691_cov_115.233108	405	485	42	1	80	0.0125000
NODE_17350_length_691_cov_115.233108	405	485	46	2	80	0.0250000
NODE_17350_length_691_cov_115.233108	405	485	49	2	80	0.0250000
NODE_17350_length_691_cov_115.233108	405	485	51	2	80	0.0250000
NODE_17350_length_691_cov_115.233108	405	485	53	1	80	0.0125000
NODE_17350_length_691_cov_115.233108	405	485	61	2	80	0.0250000
NODE_17350_length_691_cov_115.233108	405	485	65	1	80	0.0125000
NODE_17350_length_691_cov_115.233108	405	485	72	1	80	0.0125000
NODE_17350_length_691_cov_115.233108	405	485	74	1	80	0.0125000
NODE_17350_length_691_cov_115.233108	405	485	76	1	80	0.0125000
NODE_17350_length_691_cov_115.233108	405	485	82	1	80	0.0125000
NODE_17350_length_691_cov_115.233108	405	485	84	1	80	0.0125000
NODE_17350_length_691_cov_115.233108	405	485	90	7	80	0.0875000
NODE_17350_length_691_cov_115.233108	405	485	91	3	80	0.0375000
NODE_17350_length_691_cov_115.233108	405	485	93	2	80	0.0250000
NODE_17350_length_691_cov_115.233108	405	485	95	3	80	0.0375000
NODE_17350_length_691_cov_115.233108	458	538	49	1	80	0.0125000
NODE_17350_length_691_cov_115.233108	458	538	51	2	80	0.0250000
NODE_17350_length_691_cov_115.233108	458	538	53	1	80	0.0125000
NODE_17350_length_691_cov_115.233108	458	538	61	2	80	0.0250000
NODE_17350_length_691_cov_115.233108	458	538	65	1	80	0.0125000
NODE_17350_length_691_cov_115.233108	458	538	72	1	80	0.0125000
NODE_17350_length_691_cov_115.233108	458	538	74	1	80	0.0125000
NODE_17350_length_691_cov_115.233108	458	538	76	1	80	0.0125000
NODE_17350_length_691_cov_115.233108	458	538	82	1	80	0.0125000
NODE_17350_length_691_cov_115.233108	458	538	84	1	80	0.0125000
NODE_17350_length_691_cov_115.233108	458	538	90	7	80	0.0875000
NODE_17350_length_691_cov_115.233108	458	538	91	3	80	0.0375000
NODE_17350_length_691_cov_115.233108	458	538	93	3	80	0.0375000
NODE_17350_length_691_cov_115.233108	458	538	95	3	80	0.0375000
NODE_17350_length_691_cov_115.233108	458	538	96	2	80	0.0250000
NODE_17350_length_691_cov_115.233108	458	538	99	1	80	0.0125000
NODE_17350_length_691_cov_115.233108	458	538	101	1	80	0.0125000
NODE_17350_length_691_cov_115.233108	458	538	102	1	80	0.0125000
NODE_17350_length_691_cov_115.233108	458	538	103	1	80	0.0125000
NODE_17350_length_691_cov_115.233108	458	538	107	1	80	0.0125000
NODE_17350_length_691_cov_115.233108	458	538	109	2	80	0.0250000
NODE_17350_length_691_cov_115.233108	458	538	111	8	80	0.1000000
NODE_17350_length_691_cov_115.233108	458	538	114	4	80	0.0500000
NODE_17350_length_691_cov_115.233108	458	538	116	1	80	0.0125000
NODE_17350_length_691_cov_115.233108	458	538	118	2	80	0.0250000
NODE_17350_length_691_cov_115.233108	458	538	119	2	80	0.0250000
NODE_17350_length_691_cov_115.233108	458	538	120	3	80	0.0375000
NODE_17350_length_691_cov_115.233108	458	538	122	4	80	0.0500000
NODE_17350_length_691_cov_115.233108	458	538	123	14	80	0.1750000
NODE_17350_length_691_cov_115.233108	458	538	124	5	80	0.0625000
NODE_17351_length_691_cov_26.076014	188	268	0	80	80	1.0000000
NODE_17351_length_691_cov_26.076014	241	321	0	80	80	1.0000000
NODE_17352_length_691_cov_21.991554	288	368	0	32	80	0.4000000
NODE_17352_length_691_cov_21.991554	288	368	2	48	80	0.6000000
NODE_17352_length_691_cov_21.991554	341	419	0	2	78	0.0256410
NODE_17352_length_691_cov_21.991554	341	419	2	76	78	0.9743590
NODE_17353_length_691_cov_14.908784	226	306	6	23	80	0.2875000
NODE_17353_length_691_cov_14.908784	226	306	10	57	80	0.7125000
NODE_17353_length_691_cov_14.908784	279	359	0	21	80	0.2625000
NODE_17353_length_691_cov_14.908784	279	359	4	9	80	0.1125000
NODE_17353_length_691_cov_14.908784	279	359	6	23	80	0.2875000
NODE_17353_length_691_cov_14.908784	279	359	10	27	80	0.3375000
NODE_17358_length_691_cov_5.670608	325	402	1	5	77	0.0649351
NODE_17358_length_691_cov_5.670608	325	402	2	72	77	0.9350649
NODE_17358_length_691_cov_5.670608	375	455	2	80	80	1.0000000
NODE_17361_length_691_cov_4.866554	103	183	0	23	80	0.2875000
NODE_17361_length_691_cov_4.866554	103	183	2	12	80	0.1500000
NODE_17361_length_691_cov_4.866554	103	183	4	45	80	0.5625000
NODE_17361_length_691_cov_4.866554	156	236	2	23	80	0.2875000
NODE_17361_length_691_cov_4.866554	156	236	4	57	80	0.7125000
NODE_17367_length_691_cov_3.388514	304	384	0	12	80	0.1500000
NODE_17367_length_691_cov_3.388514	304	384	4	68	80	0.8500000
NODE_17367_length_691_cov_3.388514	357	437	0	65	80	0.8125000
NODE_17367_length_691_cov_3.388514	357	437	4	15	80	0.1875000
NODE_17415_length_690_cov_39.538071	563	612	0	12	49	0.2448980
NODE_17415_length_690_cov_39.538071	563	612	5	7	49	0.1428571
NODE_17415_length_690_cov_39.538071	563	612	10	30	49	0.6122449
NODE_17415_length_690_cov_39.538071	598	678	0	78	80	0.9750000
NODE_17415_length_690_cov_39.538071	598	678	5	2	80	0.0250000
NODE_17415_length_690_cov_39.538071	651	690	0	39	39	1.0000000
NODE_17417_length_690_cov_30.336717	319	394	0	3	75	0.0400000
NODE_17417_length_690_cov_30.336717	319	394	2	41	75	0.5466667
NODE_17417_length_690_cov_30.336717	319	394	4	31	75	0.4133333
NODE_17417_length_690_cov_30.336717	372	453	4	81	81	1.0000000
NODE_17417_length_690_cov_30.336717	449	529	0	43	80	0.5375000
NODE_17417_length_690_cov_30.336717	449	529	4	37	80	0.4625000
NODE_17417_length_690_cov_30.336717	502	582	0	80	80	1.0000000
NODE_17418_length_690_cov_26.888325	270	350	0	12	80	0.1500000
NODE_17418_length_690_cov_26.888325	270	350	3	1	80	0.0125000
NODE_17418_length_690_cov_26.888325	270	350	4	67	80	0.8375000
NODE_17418_length_690_cov_26.888325	323	403	0	28	80	0.3500000
NODE_17418_length_690_cov_26.888325	323	403	4	52	80	0.6500000
NODE_17419_length_690_cov_23.360406	131	211	2	80	80	1.0000000
NODE_17419_length_690_cov_23.360406	188	264	0	38	76	0.5000000
NODE_17419_length_690_cov_23.360406	188	264	2	38	76	0.5000000
NODE_17420_length_690_cov_18.737733	316	396	0	34	80	0.4250000
NODE_17420_length_690_cov_18.737733	316	396	10	46	80	0.5750000
NODE_17420_length_690_cov_18.737733	369	449	10	80	80	1.0000000
NODE_17421_length_690_cov_16.593909	364	444	6	80	80	1.0000000
NODE_17421_length_690_cov_16.593909	417	497	6	80	80	1.0000000
NODE_17422_length_690_cov_12.896785	320	400	0	26	80	0.3250000
NODE_17422_length_690_cov_12.896785	320	400	2	18	80	0.2250000
NODE_17422_length_690_cov_12.896785	320	400	4	36	80	0.4500000
NODE_17422_length_690_cov_12.896785	373	453	0	17	80	0.2125000
NODE_17422_length_690_cov_12.896785	373	453	2	9	80	0.1125000
NODE_17422_length_690_cov_12.896785	373	453	4	54	80	0.6750000
NODE_17423_length_690_cov_10.818951	349	429	2	17	80	0.2125000
NODE_17423_length_690_cov_10.818951	349	429	4	54	80	0.6750000
NODE_17423_length_690_cov_10.818951	349	429	6	9	80	0.1125000
NODE_17424_length_690_cov_7.015228	273	353	0	43	80	0.5375000
NODE_17424_length_690_cov_7.015228	273	353	2	37	80	0.4625000
NODE_17424_length_690_cov_7.015228	326	406	2	80	80	1.0000000
NODE_17429_length_690_cov_4.793570	316	365	6	24	49	0.4897959
NODE_17429_length_690_cov_4.793570	316	365	8	25	49	0.5102041
NODE_17430_length_690_cov_4.717428	316	396	0	80	80	1.0000000
NODE_17430_length_690_cov_4.717428	369	449	0	80	80	1.0000000
NODE_17484_length_689_cov_45.984746	244	322	0	78	78	1.0000000
NODE_17484_length_689_cov_45.984746	297	377	0	80	80	1.0000000
NODE_17485_length_689_cov_35.705085	436	516	2	80	80	1.0000000
NODE_17485_length_689_cov_35.705085	489	569	0	20	80	0.2500000
NODE_17485_length_689_cov_35.705085	489	569	1	5	80	0.0625000
NODE_17485_length_689_cov_35.705085	489	569	2	55	80	0.6875000
NODE_17486_length_689_cov_25.372881	211	291	0	80	80	1.0000000
NODE_17486_length_689_cov_25.372881	264	344	0	80	80	1.0000000
NODE_17487_length_689_cov_20.138983	319	399	6	44	80	0.5500000
NODE_17487_length_689_cov_20.138983	319	399	8	36	80	0.4500000
NODE_17487_length_689_cov_20.138983	372	452	0	10	80	0.1250000
NODE_17487_length_689_cov_20.138983	372	452	2	29	80	0.3625000
NODE_17487_length_689_cov_20.138983	372	452	4	3	80	0.0375000
NODE_17487_length_689_cov_20.138983	372	452	6	11	80	0.1375000
NODE_17487_length_689_cov_20.138983	372	452	8	27	80	0.3375000
NODE_17488_length_689_cov_14.377966	351	431	0	1	80	0.0125000
NODE_17488_length_689_cov_14.377966	351	431	2	62	80	0.7750000
NODE_17488_length_689_cov_14.377966	351	431	4	17	80	0.2125000
NODE_17488_length_689_cov_14.377966	404	484	0	54	80	0.6750000
NODE_17488_length_689_cov_14.377966	404	484	2	26	80	0.3250000
NODE_17489_length_689_cov_9.477966	201	281	0	80	80	1.0000000
NODE_17489_length_689_cov_9.477966	254	334	0	80	80	1.0000000
NODE_17491_length_689_cov_7.367797	122	207	8	10	85	0.1176471
NODE_17491_length_689_cov_7.367797	122	207	10	3	85	0.0352941
NODE_17491_length_689_cov_7.367797	122	207	12	72	85	0.8470588
NODE_17492_length_689_cov_6.649153	242	322	0	80	80	1.0000000
NODE_17492_length_689_cov_6.649153	295	375	0	80	80	1.0000000
NODE_17504_length_689_cov_2.788136	128	208	0	80	80	1.0000000
NODE_17504_length_689_cov_2.788136	181	261	0	80	80	1.0000000
NODE_17548_length_688_cov_52.256367	198	278	0	66	80	0.8250000
NODE_17548_length_688_cov_52.256367	198	278	1	2	80	0.0250000
NODE_17548_length_688_cov_52.256367	198	278	2	12	80	0.1500000
NODE_17548_length_688_cov_52.256367	251	331	0	13	80	0.1625000
NODE_17548_length_688_cov_52.256367	251	331	1	2	80	0.0250000
NODE_17548_length_688_cov_52.256367	251	331	2	65	80	0.8125000
NODE_17549_length_688_cov_37.563667	373	453	35	30	80	0.3750000
NODE_17549_length_688_cov_37.563667	373	453	36	7	80	0.0875000
NODE_17549_length_688_cov_37.563667	373	453	37	14	80	0.1750000
NODE_17549_length_688_cov_37.563667	373	453	38	13	80	0.1625000
NODE_17549_length_688_cov_37.563667	373	453	40	16	80	0.2000000
NODE_17549_length_688_cov_37.563667	426	506	5	6	80	0.0750000
NODE_17549_length_688_cov_37.563667	426	506	6	17	80	0.2125000
NODE_17549_length_688_cov_37.563667	426	506	7	3	80	0.0375000
NODE_17549_length_688_cov_37.563667	426	506	8	1	80	0.0125000
NODE_17549_length_688_cov_37.563667	426	506	12	2	80	0.0250000
NODE_17549_length_688_cov_37.563667	426	506	13	1	80	0.0125000
NODE_17549_length_688_cov_37.563667	426	506	15	7	80	0.0875000
NODE_17549_length_688_cov_37.563667	426	506	19	5	80	0.0625000
NODE_17549_length_688_cov_37.563667	426	506	22	1	80	0.0125000
NODE_17549_length_688_cov_37.563667	426	506	30	6	80	0.0750000
NODE_17549_length_688_cov_37.563667	426	506	32	3	80	0.0375000
NODE_17549_length_688_cov_37.563667	426	506	36	7	80	0.0875000
NODE_17549_length_688_cov_37.563667	426	506	38	5	80	0.0625000
NODE_17549_length_688_cov_37.563667	426	506	40	16	80	0.2000000
NODE_17549_length_688_cov_37.563667	514	594	4	1	80	0.0125000
NODE_17549_length_688_cov_37.563667	514	594	6	64	80	0.8000000
NODE_17549_length_688_cov_37.563667	514	594	8	15	80	0.1875000
NODE_17549_length_688_cov_37.563667	514	594	4	1	80	0.0125000
NODE_17549_length_688_cov_37.563667	514	594	6	64	80	0.8000000
NODE_17549_length_688_cov_37.563667	514	594	8	15	80	0.1875000
NODE_17549_length_688_cov_37.563667	514	584	4	1	70	0.0142857
NODE_17549_length_688_cov_37.563667	514	584	6	64	70	0.9142857
NODE_17549_length_688_cov_37.563667	514	584	8	5	70	0.0714286
NODE_17549_length_688_cov_37.563667	567	647	5	2	80	0.0250000
NODE_17549_length_688_cov_37.563667	567	647	6	15	80	0.1875000
NODE_17549_length_688_cov_37.563667	567	647	8	63	80	0.7875000
NODE_17549_length_688_cov_37.563667	567	646	5	1	79	0.0126582
NODE_17549_length_688_cov_37.563667	567	646	6	15	79	0.1898734
NODE_17549_length_688_cov_37.563667	567	646	8	63	79	0.7974684
NODE_17550_length_688_cov_33.898132	373	453	9	24	80	0.3000000
NODE_17550_length_688_cov_33.898132	373	453	10	56	80	0.7000000
NODE_17550_length_688_cov_33.898132	426	506	0	52	80	0.6500000
NODE_17550_length_688_cov_33.898132	426	506	9	25	80	0.3125000
NODE_17550_length_688_cov_33.898132	426	506	10	3	80	0.0375000
NODE_17551_length_688_cov_26.769100	457	537	4	2	80	0.0250000
NODE_17551_length_688_cov_26.769100	457	537	5	55	80	0.6875000
NODE_17551_length_688_cov_26.769100	457	537	6	23	80	0.2875000
NODE_17551_length_688_cov_26.769100	510	590	0	16	80	0.2000000
NODE_17551_length_688_cov_26.769100	510	590	2	12	80	0.1500000
NODE_17551_length_688_cov_26.769100	510	590	3	3	80	0.0375000
NODE_17551_length_688_cov_26.769100	510	590	5	49	80	0.6125000
NODE_17552_length_688_cov_22.517827	332	412	2	41	80	0.5125000
NODE_17552_length_688_cov_22.517827	332	412	4	21	80	0.2625000
NODE_17552_length_688_cov_22.517827	332	412	6	12	80	0.1500000
NODE_17552_length_688_cov_22.517827	332	412	8	6	80	0.0750000
NODE_17552_length_688_cov_22.517827	385	465	4	9	80	0.1125000
NODE_17552_length_688_cov_22.517827	385	465	6	65	80	0.8125000
NODE_17552_length_688_cov_22.517827	385	465	8	6	80	0.0750000
NODE_17553_length_688_cov_16.796265	225	305	0	6	80	0.0750000
NODE_17553_length_688_cov_16.796265	225	305	2	53	80	0.6625000
NODE_17553_length_688_cov_16.796265	225	305	4	21	80	0.2625000
NODE_17553_length_688_cov_16.796265	278	358	0	59	80	0.7375000
NODE_17553_length_688_cov_16.796265	278	358	2	21	80	0.2625000
NODE_17555_length_688_cov_13.758913	378	458	2	4	80	0.0500000
NODE_17555_length_688_cov_13.758913	378	458	4	2	80	0.0250000
NODE_17555_length_688_cov_13.758913	378	458	7	4	80	0.0500000
NODE_17555_length_688_cov_13.758913	378	458	8	42	80	0.5250000
NODE_17555_length_688_cov_13.758913	378	458	10	28	80	0.3500000
NODE_17555_length_688_cov_13.758913	431	511	0	26	80	0.3250000
NODE_17555_length_688_cov_13.758913	431	511	2	31	80	0.3875000
NODE_17555_length_688_cov_13.758913	431	511	4	2	80	0.0250000
NODE_17555_length_688_cov_13.758913	431	511	7	4	80	0.0500000
NODE_17555_length_688_cov_13.758913	431	511	10	17	80	0.2125000
NODE_17556_length_688_cov_12.511036	330	410	0	25	80	0.3125000
NODE_17556_length_688_cov_12.511036	330	410	2	55	80	0.6875000
NODE_17556_length_688_cov_12.511036	383	463	0	78	80	0.9750000
NODE_17556_length_688_cov_12.511036	383	463	2	2	80	0.0250000
NODE_17561_length_688_cov_5.446520	366	414	2	1	48	0.0208333
NODE_17561_length_688_cov_5.446520	366	414	4	47	48	0.9791667
NODE_17567_length_688_cov_3.692699	265	345	0	2	80	0.0250000
NODE_17567_length_688_cov_3.692699	265	345	1	1	80	0.0125000
NODE_17567_length_688_cov_3.692699	265	345	2	77	80	0.9625000
NODE_17567_length_688_cov_3.692699	322	380	2	58	58	1.0000000
NODE_17621_length_687_cov_50.214286	430	510	2	65	80	0.8125000
NODE_17621_length_687_cov_50.214286	430	510	8	9	80	0.1125000
NODE_17621_length_687_cov_50.214286	430	510	10	6	80	0.0750000
NODE_17621_length_687_cov_50.214286	483	563	2	12	80	0.1500000
NODE_17621_length_687_cov_50.214286	483	563	7	23	80	0.2875000
NODE_17621_length_687_cov_50.214286	483	563	8	39	80	0.4875000
NODE_17621_length_687_cov_50.214286	483	563	10	6	80	0.0750000
NODE_17622_length_687_cov_32.564626	204	284	4	80	80	1.0000000
NODE_17622_length_687_cov_32.564626	257	337	2	52	80	0.6500000
NODE_17622_length_687_cov_32.564626	257	337	4	28	80	0.3500000
NODE_17623_length_687_cov_22.365646	231	311	0	29	80	0.3625000
NODE_17623_length_687_cov_22.365646	231	311	4	7	80	0.0875000
NODE_17623_length_687_cov_22.365646	231	311	6	44	80	0.5500000
NODE_17623_length_687_cov_22.365646	284	364	2	1	80	0.0125000
NODE_17623_length_687_cov_22.365646	284	364	6	79	80	0.9875000
NODE_17626_length_687_cov_11.943878	233	313	0	80	80	1.0000000
NODE_17626_length_687_cov_11.943878	286	366	0	80	80	1.0000000
NODE_17627_length_687_cov_7.865646	311	391	0	80	80	1.0000000
NODE_17627_length_687_cov_7.865646	364	444	0	80	80	1.0000000
NODE_17628_length_687_cov_7.353741	286	366	0	20	80	0.2500000
NODE_17628_length_687_cov_7.353741	286	366	2	60	80	0.7500000
NODE_17628_length_687_cov_7.353741	339	419	2	80	80	1.0000000
NODE_17631_length_687_cov_5.903061	369	449	0	80	80	1.0000000
NODE_17631_length_687_cov_5.903061	422	502	0	80	80	1.0000000
NODE_17695_length_686_cov_34.642249	355	440	9	15	85	0.1764706
NODE_17695_length_686_cov_34.642249	355	440	10	4	85	0.0470588
NODE_17695_length_686_cov_34.642249	355	440	12	11	85	0.1294118
NODE_17695_length_686_cov_34.642249	355	440	13	55	85	0.6470588
NODE_17695_length_686_cov_34.642249	413	493	3	38	80	0.4750000
NODE_17695_length_686_cov_34.642249	413	493	5	9	80	0.1125000
NODE_17695_length_686_cov_34.642249	413	493	9	21	80	0.2625000
NODE_17695_length_686_cov_34.642249	413	493	12	11	80	0.1375000
NODE_17695_length_686_cov_34.642249	413	493	13	1	80	0.0125000
NODE_17697_length_686_cov_26.357751	413	493	18	8	80	0.1000000
NODE_17697_length_686_cov_26.357751	413	493	24	21	80	0.2625000
NODE_17697_length_686_cov_26.357751	413	493	26	30	80	0.3750000
NODE_17697_length_686_cov_26.357751	413	493	28	21	80	0.2625000
NODE_17697_length_686_cov_26.357751	466	546	8	5	80	0.0625000
NODE_17697_length_686_cov_26.357751	466	546	10	1	80	0.0125000
NODE_17697_length_686_cov_26.357751	466	546	12	1	80	0.0125000
NODE_17697_length_686_cov_26.357751	466	546	18	11	80	0.1375000
NODE_17697_length_686_cov_26.357751	466	546	24	18	80	0.2250000
NODE_17697_length_686_cov_26.357751	466	546	25	1	80	0.0125000
NODE_17697_length_686_cov_26.357751	466	546	26	22	80	0.2750000
NODE_17697_length_686_cov_26.357751	466	546	28	21	80	0.2625000
NODE_17698_length_686_cov_16.715503	400	480	0	80	80	1.0000000
NODE_17698_length_686_cov_16.715503	453	533	0	80	80	1.0000000
NODE_17757_length_685_cov_8.769625	178	258	2	80	80	1.0000000
NODE_17757_length_685_cov_8.769625	222	250	2	28	28	1.0000000
NODE_17757_length_685_cov_8.769625	231	311	0	2	80	0.0250000
NODE_17757_length_685_cov_8.769625	231	311	2	78	80	0.9750000
NODE_17764_length_685_cov_4.447099	249	329	0	21	80	0.2625000
NODE_17764_length_685_cov_4.447099	249	329	2	59	80	0.7375000
NODE_17764_length_685_cov_4.447099	302	382	0	14	80	0.1750000
NODE_17764_length_685_cov_4.447099	302	382	2	66	80	0.8250000
NODE_17768_length_685_cov_3.556314	338	418	0	78	80	0.9750000
NODE_17768_length_685_cov_3.556314	338	418	1	2	80	0.0250000
NODE_17768_length_685_cov_3.556314	391	471	0	25	80	0.3125000
NODE_17768_length_685_cov_3.556314	391	471	1	6	80	0.0750000
NODE_17768_length_685_cov_3.556314	391	471	3	22	80	0.2750000
NODE_17768_length_685_cov_3.556314	391	471	4	27	80	0.3375000
NODE_17821_length_684_cov_7.521368	189	269	0	36	80	0.4500000
NODE_17821_length_684_cov_7.521368	189	269	2	26	80	0.3250000
NODE_17821_length_684_cov_7.521368	189	269	4	18	80	0.2250000
NODE_17821_length_684_cov_7.521368	242	322	2	9	80	0.1125000
NODE_17821_length_684_cov_7.521368	242	322	4	71	80	0.8875000
NODE_17832_length_684_cov_3.639316	306	386	0	80	80	1.0000000
NODE_17832_length_684_cov_3.639316	359	439	0	80	80	1.0000000
NODE_17866_length_683_cov_27.493151	346	426	0	56	80	0.7000000
NODE_17866_length_683_cov_27.493151	346	426	2	24	80	0.3000000
NODE_17866_length_683_cov_27.493151	399	479	0	3	80	0.0375000
NODE_17866_length_683_cov_27.493151	399	479	2	30	80	0.3750000
NODE_17866_length_683_cov_27.493151	399	479	4	47	80	0.5875000
NODE_17867_length_683_cov_12.880137	242	321	2	4	79	0.0506329
NODE_17867_length_683_cov_12.880137	242	321	6	8	79	0.1012658
NODE_17867_length_683_cov_12.880137	242	321	8	67	79	0.8481013
NODE_17868_length_683_cov_11.772260	218	274	0	56	56	1.0000000
NODE_17868_length_683_cov_11.772260	247	333	0	86	86	1.0000000
NODE_17869_length_683_cov_9.936644	435	515	2	4	80	0.0500000
NODE_17869_length_683_cov_9.936644	435	515	4	76	80	0.9500000
NODE_17869_length_683_cov_9.936644	488	568	0	16	80	0.2000000
NODE_17869_length_683_cov_9.936644	488	568	2	41	80	0.5125000
NODE_17869_length_683_cov_9.936644	488	568	4	23	80	0.2875000
NODE_17871_length_683_cov_9.017123	296	364	0	68	68	1.0000000
NODE_17871_length_683_cov_9.017123	337	417	0	80	80	1.0000000
NODE_17873_length_683_cov_6.797945	359	415	2	56	56	1.0000000
NODE_17884_length_683_cov_3.176370	113	186	0	73	73	1.0000000
NODE_17947_length_682_cov_33.516295	423	503	0	3	80	0.0375000
NODE_17947_length_682_cov_33.516295	423	503	4	77	80	0.9625000
NODE_17947_length_682_cov_33.516295	476	556	0	56	80	0.7000000
NODE_17947_length_682_cov_33.516295	476	556	4	24	80	0.3000000
NODE_17948_length_682_cov_27.022298	479	559	21	12	80	0.1500000
NODE_17948_length_682_cov_27.022298	479	559	28	1	80	0.0125000
NODE_17948_length_682_cov_27.022298	479	559	30	7	80	0.0875000
NODE_17948_length_682_cov_27.022298	479	559	31	5	80	0.0625000
NODE_17948_length_682_cov_27.022298	479	559	33	24	80	0.3000000
NODE_17948_length_682_cov_27.022298	479	559	35	10	80	0.1250000
NODE_17948_length_682_cov_27.022298	479	559	39	4	80	0.0500000
NODE_17948_length_682_cov_27.022298	479	559	43	1	80	0.0125000
NODE_17948_length_682_cov_27.022298	479	559	53	3	80	0.0375000
NODE_17948_length_682_cov_27.022298	479	559	54	1	80	0.0125000
NODE_17948_length_682_cov_27.022298	479	559	56	12	80	0.1500000
NODE_17948_length_682_cov_27.022298	532	612	35	6	80	0.0750000
NODE_17948_length_682_cov_27.022298	532	612	39	4	80	0.0500000
NODE_17948_length_682_cov_27.022298	532	612	43	12	80	0.1500000
NODE_17948_length_682_cov_27.022298	532	612	45	4	80	0.0500000
NODE_17948_length_682_cov_27.022298	532	612	48	2	80	0.0250000
NODE_17948_length_682_cov_27.022298	532	612	49	1	80	0.0125000
NODE_17948_length_682_cov_27.022298	532	612	52	18	80	0.2250000
NODE_17948_length_682_cov_27.022298	532	612	53	3	80	0.0375000
NODE_17948_length_682_cov_27.022298	532	612	54	7	80	0.0875000
NODE_17948_length_682_cov_27.022298	532	612	56	23	80	0.2875000
NODE_17949_length_682_cov_19.612350	434	514	2	1	80	0.0125000
NODE_17949_length_682_cov_19.612350	434	514	4	25	80	0.3125000
NODE_17949_length_682_cov_19.612350	434	514	6	54	80	0.6750000
NODE_17949_length_682_cov_19.612350	487	567	2	5	80	0.0625000
NODE_17949_length_682_cov_19.612350	487	567	4	52	80	0.6500000
NODE_17949_length_682_cov_19.612350	487	567	6	23	80	0.2875000
NODE_17950_length_682_cov_16.620926	261	341	0	80	80	1.0000000
NODE_17950_length_682_cov_16.620926	314	394	0	80	80	1.0000000
NODE_17951_length_682_cov_13.735849	251	331	0	80	80	1.0000000
NODE_17951_length_682_cov_13.735849	304	384	0	80	80	1.0000000
NODE_17952_length_682_cov_12.835334	228	308	0	4	80	0.0500000
NODE_17952_length_682_cov_12.835334	228	308	2	37	80	0.4625000
NODE_17952_length_682_cov_12.835334	228	308	5	1	80	0.0125000
NODE_17952_length_682_cov_12.835334	228	308	6	10	80	0.1250000
NODE_17952_length_682_cov_12.835334	228	308	10	28	80	0.3500000
NODE_17952_length_682_cov_12.835334	281	361	8	27	80	0.3375000
NODE_17952_length_682_cov_12.835334	281	361	10	53	80	0.6625000
NODE_17956_length_682_cov_7.504288	224	304	0	80	80	1.0000000
NODE_17956_length_682_cov_7.504288	277	357	0	80	80	1.0000000
NODE_17960_length_682_cov_5.102916	314	351	0	37	37	1.0000000
NODE_17963_length_682_cov_4.579760	152	232	4	80	80	1.0000000
NODE_17963_length_682_cov_4.579760	205	285	0	44	80	0.5500000
NODE_17963_length_682_cov_4.579760	205	285	4	36	80	0.4500000
NODE_17967_length_682_cov_4.006861	317	397	0	80	80	1.0000000
NODE_17967_length_682_cov_4.006861	370	450	0	80	80	1.0000000
NODE_17968_length_682_cov_3.859348	160	240	0	16	80	0.2000000
NODE_17968_length_682_cov_3.859348	160	240	2	31	80	0.3875000
NODE_17968_length_682_cov_3.859348	160	240	4	33	80	0.4125000
NODE_17968_length_682_cov_3.859348	213	293	2	25	80	0.3125000
NODE_17968_length_682_cov_3.859348	213	293	4	55	80	0.6875000
NODE_18010_length_681_cov_51.810997	181	261	0	80	80	1.0000000
NODE_18010_length_681_cov_51.810997	234	316	0	82	82	1.0000000
NODE_18011_length_681_cov_32.128866	347	427	4	15	80	0.1875000
NODE_18011_length_681_cov_32.128866	347	427	6	23	80	0.2875000
NODE_18011_length_681_cov_32.128866	347	427	8	42	80	0.5250000
NODE_18011_length_681_cov_32.128866	400	475	0	34	75	0.4533333
NODE_18011_length_681_cov_32.128866	400	475	4	29	75	0.3866667
NODE_18011_length_681_cov_32.128866	400	475	6	12	75	0.1600000
NODE_18012_length_681_cov_19.079038	282	362	0	5	80	0.0625000
NODE_18012_length_681_cov_19.079038	282	362	2	1	80	0.0125000
NODE_18012_length_681_cov_19.079038	282	362	4	70	80	0.8750000
NODE_18012_length_681_cov_19.079038	282	362	6	4	80	0.0500000
NODE_18012_length_681_cov_19.079038	335	415	4	23	80	0.2875000
NODE_18012_length_681_cov_19.079038	335	415	6	57	80	0.7125000
NODE_18013_length_681_cov_17.053265	294	374	0	80	80	1.0000000
NODE_18013_length_681_cov_17.053265	347	427	0	80	80	1.0000000
NODE_18014_length_681_cov_11.183849	306	386	2	80	80	1.0000000
NODE_18014_length_681_cov_11.183849	359	439	0	6	80	0.0750000
NODE_18014_length_681_cov_11.183849	359	439	2	74	80	0.9250000
NODE_18015_length_681_cov_8.065292	236	316	0	80	80	1.0000000
NODE_18015_length_681_cov_8.065292	289	369	0	80	80	1.0000000
NODE_18017_length_681_cov_6.888316	344	424	0	80	80	1.0000000
NODE_18017_length_681_cov_6.888316	397	477	0	80	80	1.0000000
NODE_18080_length_680_cov_35.695353	348	428	0	80	80	1.0000000
NODE_18080_length_680_cov_35.695353	401	481	0	80	80	1.0000000
NODE_18081_length_680_cov_17.500861	296	376	0	55	80	0.6875000
NODE_18081_length_680_cov_17.500861	296	376	2	25	80	0.3125000
NODE_18081_length_680_cov_17.500861	349	429	0	2	80	0.0250000
NODE_18081_length_680_cov_17.500861	349	429	2	78	80	0.9750000
NODE_18082_length_680_cov_16.685026	260	340	6	38	80	0.4750000
NODE_18082_length_680_cov_16.685026	260	340	8	42	80	0.5250000
NODE_18082_length_680_cov_16.685026	313	393	0	11	80	0.1375000
NODE_18082_length_680_cov_16.685026	313	393	4	18	80	0.2250000
NODE_18082_length_680_cov_16.685026	313	393	6	19	80	0.2375000
NODE_18082_length_680_cov_16.685026	313	393	8	32	80	0.4000000
NODE_18083_length_680_cov_15.345955	332	412	2	80	80	1.0000000
NODE_18083_length_680_cov_15.345955	385	465	0	5	80	0.0625000
NODE_18083_length_680_cov_15.345955	385	465	1	4	80	0.0500000
NODE_18083_length_680_cov_15.345955	385	465	2	71	80	0.8875000
NODE_18089_length_680_cov_3.858864	458	538	0	80	80	1.0000000
NODE_18107_length_680_cov_1.879518	236	256	0	20	20	1.0000000
NODE_18146_length_679_cov_52.046552	367	447	0	34	80	0.4250000
NODE_18146_length_679_cov_52.046552	367	447	2	19	80	0.2375000
NODE_18146_length_679_cov_52.046552	367	447	4	27	80	0.3375000
NODE_18146_length_679_cov_52.046552	420	500	0	10	80	0.1250000
NODE_18146_length_679_cov_52.046552	420	500	2	26	80	0.3250000
NODE_18146_length_679_cov_52.046552	420	500	4	44	80	0.5500000
NODE_18147_length_679_cov_40.353448	179	259	0	4	80	0.0500000
NODE_18147_length_679_cov_40.353448	179	259	2	76	80	0.9500000
NODE_18147_length_679_cov_40.353448	232	312	2	31	80	0.3875000
NODE_18147_length_679_cov_40.353448	232	312	4	49	80	0.6125000
NODE_18148_length_679_cov_38.144828	364	428	0	44	64	0.6875000
NODE_18148_length_679_cov_38.144828	364	428	4	20	64	0.3125000
NODE_18148_length_679_cov_38.144828	401	481	0	7	80	0.0875000
NODE_18148_length_679_cov_38.144828	401	481	4	73	80	0.9125000
NODE_18149_length_679_cov_17.134483	277	357	0	80	80	1.0000000
NODE_18149_length_679_cov_17.134483	330	410	0	35	80	0.4375000
NODE_18149_length_679_cov_17.134483	330	410	4	45	80	0.5625000
NODE_18150_length_679_cov_15.046552	310	375	0	65	65	1.0000000
NODE_18151_length_679_cov_12.586207	247	327	0	80	80	1.0000000
NODE_18151_length_679_cov_12.586207	303	381	0	78	78	1.0000000
NODE_18152_length_679_cov_12.282759	337	417	2	10	80	0.1250000
NODE_18152_length_679_cov_12.282759	337	417	4	26	80	0.3250000
NODE_18152_length_679_cov_12.282759	337	417	6	44	80	0.5500000
NODE_18152_length_679_cov_12.282759	390	470	0	7	80	0.0875000
NODE_18152_length_679_cov_12.282759	390	470	2	4	80	0.0500000
NODE_18152_length_679_cov_12.282759	390	470	4	4	80	0.0500000
NODE_18152_length_679_cov_12.282759	390	470	6	65	80	0.8125000
NODE_18153_length_679_cov_11.532759	205	285	0	80	80	1.0000000
NODE_18153_length_679_cov_11.532759	258	338	0	80	80	1.0000000
NODE_18155_length_679_cov_8.043103	269	341	0	72	72	1.0000000
NODE_18155_length_679_cov_8.043103	314	394	0	80	80	1.0000000
NODE_18156_length_679_cov_7.267241	191	271	0	30	80	0.3750000
NODE_18156_length_679_cov_7.267241	191	271	6	50	80	0.6250000
NODE_18156_length_679_cov_7.267241	244	324	6	80	80	1.0000000
NODE_18162_length_679_cov_5.391379	279	331	16	7	52	0.1346154
NODE_18162_length_679_cov_5.391379	279	331	17	20	52	0.3846154
NODE_18162_length_679_cov_5.391379	279	331	18	25	52	0.4807692
NODE_18164_length_679_cov_3.813793	10	69	0	59	59	1.0000000
NODE_18164_length_679_cov_3.813793	48	122	0	74	74	1.0000000
NODE_18217_length_678_cov_38.910190	252	332	2	80	80	1.0000000
NODE_18217_length_678_cov_38.910190	305	385	2	74	80	0.9250000
NODE_18217_length_678_cov_38.910190	305	385	4	6	80	0.0750000
NODE_18217_length_678_cov_38.910190	381	461	2	38	80	0.4750000
NODE_18217_length_678_cov_38.910190	381	461	4	42	80	0.5250000
NODE_18217_length_678_cov_38.910190	434	514	2	34	80	0.4250000
NODE_18217_length_678_cov_38.910190	434	514	4	46	80	0.5750000
NODE_18218_length_678_cov_20.663212	243	323	0	8	80	0.1000000
NODE_18218_length_678_cov_20.663212	243	323	6	15	80	0.1875000
NODE_18218_length_678_cov_20.663212	243	323	7	21	80	0.2625000
NODE_18218_length_678_cov_20.663212	243	323	8	36	80	0.4500000
NODE_18218_length_678_cov_20.663212	296	376	2	26	80	0.3250000
NODE_18218_length_678_cov_20.663212	296	376	6	6	80	0.0750000
NODE_18218_length_678_cov_20.663212	296	376	7	42	80	0.5250000
NODE_18218_length_678_cov_20.663212	296	376	8	6	80	0.0750000
NODE_18219_length_678_cov_12.081174	243	323	2	4	80	0.0500000
NODE_18219_length_678_cov_12.081174	243	323	4	76	80	0.9500000
NODE_18219_length_678_cov_12.081174	296	376	0	12	80	0.1500000
NODE_18219_length_678_cov_12.081174	296	376	2	27	80	0.3375000
NODE_18219_length_678_cov_12.081174	296	376	4	41	80	0.5125000
NODE_18224_length_678_cov_6.559585	195	264	0	69	69	1.0000000
NODE_18224_length_678_cov_6.559585	237	317	0	80	80	1.0000000
NODE_18228_length_678_cov_4.462867	133	213	0	63	80	0.7875000
NODE_18228_length_678_cov_4.462867	133	213	2	17	80	0.2125000
NODE_18228_length_678_cov_4.462867	186	266	0	12	80	0.1500000
NODE_18228_length_678_cov_4.462867	186	266	2	68	80	0.8500000
NODE_18239_length_678_cov_2.716753	351	431	0	80	80	1.0000000
NODE_18239_length_678_cov_2.716753	404	484	0	80	80	1.0000000
NODE_18289_length_677_cov_22.235294	274	354	0	28	80	0.3500000
NODE_18289_length_677_cov_22.235294	274	354	1	7	80	0.0875000
NODE_18289_length_677_cov_22.235294	274	354	2	29	80	0.3625000
NODE_18289_length_677_cov_22.235294	274	354	6	16	80	0.2000000
NODE_18289_length_677_cov_22.235294	327	407	2	11	80	0.1375000
NODE_18289_length_677_cov_22.235294	327	407	6	69	80	0.8625000
NODE_18290_length_677_cov_16.410035	124	206	2	2	82	0.0243902
NODE_18290_length_677_cov_16.410035	124	206	4	80	82	0.9756098
NODE_18290_length_677_cov_16.410035	177	261	2	35	84	0.4166667
NODE_18290_length_677_cov_16.410035	177	261	3	1	84	0.0119048
NODE_18290_length_677_cov_16.410035	177	261	4	48	84	0.5714286
NODE_18291_length_677_cov_11.031142	393	473	0	80	80	1.0000000
NODE_18291_length_677_cov_11.031142	446	526	0	28	80	0.3500000
NODE_18291_length_677_cov_11.031142	446	526	2	52	80	0.6500000
NODE_18292_length_677_cov_10.129758	258	338	0	80	80	1.0000000
NODE_18292_length_677_cov_10.129758	311	391	0	80	80	1.0000000
NODE_18295_length_677_cov_6.660900	217	297	46	2	80	0.0250000
NODE_18295_length_677_cov_6.660900	217	297	60	3	80	0.0375000
NODE_18295_length_677_cov_6.660900	217	297	66	4	80	0.0500000
NODE_18295_length_677_cov_6.660900	217	297	70	4	80	0.0500000
NODE_18295_length_677_cov_6.660900	217	297	72	4	80	0.0500000
NODE_18295_length_677_cov_6.660900	217	297	78	8	80	0.1000000
NODE_18295_length_677_cov_6.660900	217	297	80	8	80	0.1000000
NODE_18295_length_677_cov_6.660900	217	297	81	4	80	0.0500000
NODE_18295_length_677_cov_6.660900	217	297	82	26	80	0.3250000
NODE_18295_length_677_cov_6.660900	217	297	83	5	80	0.0625000
NODE_18295_length_677_cov_6.660900	217	297	84	12	80	0.1500000
NODE_18297_length_677_cov_5.228374	366	446	0	80	80	1.0000000
NODE_18312_length_677_cov_2.306228	230	278	0	48	48	1.0000000
NODE_18329_length_677_cov_1.709343	369	449	8	6	80	0.0750000
NODE_18329_length_677_cov_1.709343	369	449	16	3	80	0.0375000
NODE_18329_length_677_cov_1.709343	369	449	29	45	80	0.5625000
NODE_18329_length_677_cov_1.709343	369	449	30	26	80	0.3250000
NODE_18329_length_677_cov_1.709343	422	502	0	1	80	0.0125000
NODE_18329_length_677_cov_1.709343	422	502	8	4	80	0.0500000
NODE_18329_length_677_cov_1.709343	422	502	22	12	80	0.1500000
NODE_18329_length_677_cov_1.709343	422	502	29	1	80	0.0125000
NODE_18329_length_677_cov_1.709343	422	502	30	62	80	0.7750000
NODE_18368_length_676_cov_66.473137	286	366	9	3	80	0.0375000
NODE_18368_length_676_cov_66.473137	286	366	11	9	80	0.1125000
NODE_18368_length_676_cov_66.473137	286	366	12	12	80	0.1500000
NODE_18368_length_676_cov_66.473137	286	366	16	39	80	0.4875000
NODE_18368_length_676_cov_66.473137	286	366	18	17	80	0.2125000
NODE_18368_length_676_cov_66.473137	339	419	11	6	80	0.0750000
NODE_18368_length_676_cov_66.473137	339	419	13	5	80	0.0625000
NODE_18368_length_676_cov_66.473137	339	419	14	7	80	0.0875000
NODE_18368_length_676_cov_66.473137	339	419	16	32	80	0.4000000
NODE_18368_length_676_cov_66.473137	339	419	18	3	80	0.0375000
NODE_18368_length_676_cov_66.473137	339	419	19	8	80	0.1000000
NODE_18368_length_676_cov_66.473137	339	419	20	6	80	0.0750000
NODE_18368_length_676_cov_66.473137	339	419	21	1	80	0.0125000
NODE_18368_length_676_cov_66.473137	339	419	22	2	80	0.0250000
NODE_18368_length_676_cov_66.473137	339	419	23	10	80	0.1250000
NODE_18368_length_676_cov_66.473137	383	419	14	2	36	0.0555556
NODE_18368_length_676_cov_66.473137	383	419	16	7	36	0.1944444
NODE_18368_length_676_cov_66.473137	383	419	19	8	36	0.2222222
NODE_18368_length_676_cov_66.473137	383	419	20	6	36	0.1666667
NODE_18368_length_676_cov_66.473137	383	419	21	1	36	0.0277778
NODE_18368_length_676_cov_66.473137	383	419	22	2	36	0.0555556
NODE_18368_length_676_cov_66.473137	383	419	23	10	36	0.2777778
NODE_18368_length_676_cov_66.473137	383	419	14	2	36	0.0555556
NODE_18368_length_676_cov_66.473137	383	419	16	7	36	0.1944444
NODE_18368_length_676_cov_66.473137	383	419	19	8	36	0.2222222
NODE_18368_length_676_cov_66.473137	383	419	20	6	36	0.1666667
NODE_18368_length_676_cov_66.473137	383	419	21	1	36	0.0277778
NODE_18368_length_676_cov_66.473137	383	419	22	2	36	0.0555556
NODE_18368_length_676_cov_66.473137	383	419	23	10	36	0.2777778
NODE_18368_length_676_cov_66.473137	398	419	14	2	21	0.0952381
NODE_18368_length_676_cov_66.473137	398	419	16	7	21	0.3333333
NODE_18368_length_676_cov_66.473137	398	419	20	6	21	0.2857143
NODE_18368_length_676_cov_66.473137	398	419	23	6	21	0.2857143
NODE_18369_length_676_cov_14.429809	259	330	5	13	71	0.1830986
NODE_18369_length_676_cov_14.429809	259	330	7	16	71	0.2253521
NODE_18369_length_676_cov_14.429809	259	330	9	26	71	0.3661972
NODE_18369_length_676_cov_14.429809	259	330	10	10	71	0.1408451
NODE_18369_length_676_cov_14.429809	259	330	11	6	71	0.0845070
NODE_18370_length_676_cov_13.882149	292	372	4	80	80	1.0000000
NODE_18370_length_676_cov_13.882149	345	425	0	32	80	0.4000000
NODE_18370_length_676_cov_13.882149	345	425	4	48	80	0.6000000
NODE_18374_length_676_cov_7.225303	363	443	0	80	80	1.0000000
NODE_18374_length_676_cov_7.225303	416	496	0	80	80	1.0000000
NODE_18375_length_676_cov_6.740035	373	433	0	60	60	1.0000000
NODE_18375_length_676_cov_6.740035	406	486	0	80	80	1.0000000
NODE_18378_length_676_cov_4.658579	167	240	0	1	73	0.0136986
NODE_18378_length_676_cov_4.658579	167	240	2	1	73	0.0136986
NODE_18378_length_676_cov_4.658579	167	240	3	37	73	0.5068493
NODE_18378_length_676_cov_4.658579	167	240	4	34	73	0.4657534
NODE_18397_length_676_cov_2.292894	146	226	0	4	80	0.0500000
NODE_18397_length_676_cov_2.292894	146	226	2	20	80	0.2500000
NODE_18397_length_676_cov_2.292894	146	226	4	56	80	0.7000000
NODE_18401_length_676_cov_2.157712	175	226	0	51	51	1.0000000
NODE_18417_length_676_cov_1.547660	133	164	0	31	31	1.0000000
NODE_18447_length_675_cov_27.574653	190	270	0	37	80	0.4625000
NODE_18447_length_675_cov_27.574653	190	270	2	43	80	0.5375000
NODE_18447_length_675_cov_27.574653	243	323	2	47	80	0.5875000
NODE_18447_length_675_cov_27.574653	243	323	8	33	80	0.4125000
NODE_18448_length_675_cov_11.895833	336	416	0	24	80	0.3000000
NODE_18448_length_675_cov_11.895833	336	416	2	23	80	0.2875000
NODE_18448_length_675_cov_11.895833	336	416	6	33	80	0.4125000
NODE_18448_length_675_cov_11.895833	389	469	6	80	80	1.0000000
NODE_18449_length_675_cov_8.157986	414	494	0	80	80	1.0000000
NODE_18449_length_675_cov_8.157986	467	547	0	80	80	1.0000000
NODE_18450_length_675_cov_8.026042	320	400	2	58	80	0.7250000
NODE_18450_length_675_cov_8.026042	320	400	3	10	80	0.1250000
NODE_18450_length_675_cov_8.026042	320	400	4	12	80	0.1500000
NODE_18450_length_675_cov_8.026042	373	453	0	31	80	0.3875000
NODE_18450_length_675_cov_8.026042	373	453	2	49	80	0.6125000
NODE_18451_length_675_cov_7.277778	317	397	0	80	80	1.0000000
NODE_18455_length_675_cov_5.666667	142	222	0	47	80	0.5875000
NODE_18455_length_675_cov_5.666667	142	222	2	33	80	0.4125000
NODE_18455_length_675_cov_5.666667	195	275	2	80	80	1.0000000
NODE_18464_length_675_cov_2.751736	67	122	0	55	55	1.0000000
NODE_18467_length_675_cov_2.623264	251	289	2	38	38	1.0000000
NODE_18467_length_675_cov_2.623264	279	343	2	64	64	1.0000000
NODE_18467_length_675_cov_2.623264	432	494	0	62	62	1.0000000
NODE_18515_length_674_cov_38.401739	225	305	0	80	80	1.0000000
NODE_18515_length_674_cov_38.401739	278	358	0	80	80	1.0000000
NODE_18516_length_674_cov_30.215652	519	599	37	4	80	0.0500000
NODE_18516_length_674_cov_30.215652	519	599	43	4	80	0.0500000
NODE_18516_length_674_cov_30.215652	519	599	46	1	80	0.0125000
NODE_18516_length_674_cov_30.215652	519	599	47	11	80	0.1375000
NODE_18516_length_674_cov_30.215652	519	599	49	3	80	0.0375000
NODE_18516_length_674_cov_30.215652	519	599	50	6	80	0.0750000
NODE_18516_length_674_cov_30.215652	519	599	51	2	80	0.0250000
NODE_18516_length_674_cov_30.215652	519	599	56	2	80	0.0250000
NODE_18516_length_674_cov_30.215652	519	599	57	22	80	0.2750000
NODE_18516_length_674_cov_30.215652	519	599	58	2	80	0.0250000
NODE_18516_length_674_cov_30.215652	519	599	59	10	80	0.1250000
NODE_18516_length_674_cov_30.215652	519	599	60	1	80	0.0125000
NODE_18516_length_674_cov_30.215652	519	599	61	12	80	0.1500000
NODE_18516_length_674_cov_30.215652	572	602	43	7	30	0.2333333
NODE_18516_length_674_cov_30.215652	572	602	46	1	30	0.0333333
NODE_18516_length_674_cov_30.215652	572	602	47	4	30	0.1333333
NODE_18516_length_674_cov_30.215652	572	602	49	2	30	0.0666667
NODE_18516_length_674_cov_30.215652	572	602	50	3	30	0.1000000
NODE_18516_length_674_cov_30.215652	572	602	51	2	30	0.0666667
NODE_18516_length_674_cov_30.215652	572	602	57	11	30	0.3666667
NODE_18517_length_674_cov_19.636522	283	363	0	66	80	0.8250000
NODE_18517_length_674_cov_19.636522	283	363	2	14	80	0.1750000
NODE_18517_length_674_cov_19.636522	336	416	0	13	80	0.1625000
NODE_18517_length_674_cov_19.636522	336	416	2	67	80	0.8375000
NODE_18518_length_674_cov_19.436522	81	161	0	80	80	1.0000000
NODE_18518_length_674_cov_19.436522	134	214	0	80	80	1.0000000
NODE_18519_length_674_cov_16.819130	185	265	0	80	80	1.0000000
NODE_18519_length_674_cov_16.819130	238	318	0	80	80	1.0000000
NODE_18520_length_674_cov_14.733913	169	249	0	47	80	0.5875000
NODE_18520_length_674_cov_14.733913	169	249	2	33	80	0.4125000
NODE_18520_length_674_cov_14.733913	222	302	2	80	80	1.0000000
NODE_18524_length_674_cov_7.086957	357	437	2	80	80	1.0000000
NODE_18524_length_674_cov_7.086957	410	490	0	34	80	0.4250000
NODE_18524_length_674_cov_7.086957	410	490	2	46	80	0.5750000
NODE_18528_length_674_cov_4.808696	262	342	6	10	80	0.1250000
NODE_18528_length_674_cov_4.808696	262	342	8	70	80	0.8750000
NODE_18528_length_674_cov_4.808696	315	395	0	22	80	0.2750000
NODE_18528_length_674_cov_4.808696	315	395	2	15	80	0.1875000
NODE_18528_length_674_cov_4.808696	315	395	8	43	80	0.5375000
NODE_18592_length_673_cov_47.109756	405	485	4	23	80	0.2875000
NODE_18592_length_673_cov_47.109756	405	485	15	3	80	0.0375000
NODE_18592_length_673_cov_47.109756	405	485	18	12	80	0.1500000
NODE_18592_length_673_cov_47.109756	405	485	20	42	80	0.5250000
NODE_18592_length_673_cov_47.109756	458	538	16	28	80	0.3500000
NODE_18592_length_673_cov_47.109756	458	538	18	31	80	0.3875000
NODE_18592_length_673_cov_47.109756	458	538	20	21	80	0.2625000
NODE_18593_length_673_cov_20.548780	214	294	0	74	80	0.9250000
NODE_18593_length_673_cov_20.548780	214	294	2	6	80	0.0750000
NODE_18593_length_673_cov_20.548780	267	347	0	21	80	0.2625000
NODE_18593_length_673_cov_20.548780	267	347	2	59	80	0.7375000
NODE_18596_length_673_cov_8.306620	337	426	2	89	89	1.0000000
NODE_18607_length_673_cov_3.041812	196	276	0	80	80	1.0000000
NODE_18607_length_673_cov_3.041812	249	329	0	80	80	1.0000000
NODE_18660_length_672_cov_15.380454	282	362	0	80	80	1.0000000
NODE_18660_length_672_cov_15.380454	335	415	0	80	80	1.0000000
NODE_18661_length_672_cov_9.902269	328	408	0	80	80	1.0000000
NODE_18661_length_672_cov_9.902269	381	461	0	80	80	1.0000000
NODE_18662_length_672_cov_9.462478	309	389	0	80	80	1.0000000
NODE_18662_length_672_cov_9.462478	362	442	0	80	80	1.0000000
NODE_18666_length_672_cov_6.516579	354	434	2	80	80	1.0000000
NODE_18666_length_672_cov_6.516579	407	487	0	22	80	0.2750000
NODE_18666_length_672_cov_6.516579	407	487	2	58	80	0.7250000
NODE_18668_length_672_cov_6.108202	135	215	0	80	80	1.0000000
NODE_18668_length_672_cov_6.108202	188	268	0	33	80	0.4125000
NODE_18668_length_672_cov_6.108202	188	268	2	47	80	0.5875000
NODE_18670_length_672_cov_4.949389	115	152	0	37	37	1.0000000
NODE_18670_length_672_cov_4.949389	125	205	0	80	80	1.0000000
NODE_18670_length_672_cov_4.949389	278	326	0	48	48	1.0000000
NODE_18672_length_672_cov_4.753927	378	450	0	9	72	0.1250000
NODE_18672_length_672_cov_4.753927	378	450	2	63	72	0.8750000
NODE_18704_length_672_cov_1.713787	340	401	0	61	61	1.0000000
NODE_18742_length_671_cov_28.874126	306	387	2	7	81	0.0864198
NODE_18742_length_671_cov_28.874126	306	387	6	69	81	0.8518519
NODE_18742_length_671_cov_28.874126	306	387	8	5	81	0.0617284
NODE_18742_length_671_cov_28.874126	360	440	0	11	80	0.1375000
NODE_18742_length_671_cov_28.874126	360	440	5	1	80	0.0125000
NODE_18742_length_671_cov_28.874126	360	440	6	68	80	0.8500000
NODE_18744_length_671_cov_18.526224	294	333	1	4	39	0.1025641
NODE_18744_length_671_cov_18.526224	294	333	2	35	39	0.8974359
NODE_18744_length_671_cov_18.526224	331	404	2	73	73	1.0000000
NODE_18744_length_671_cov_18.526224	331	351	2	20	20	1.0000000
NODE_18745_length_671_cov_16.094406	417	497	0	25	80	0.3125000
NODE_18745_length_671_cov_16.094406	417	497	4	55	80	0.6875000
NODE_18745_length_671_cov_16.094406	470	550	4	80	80	1.0000000
NODE_18746_length_671_cov_11.756993	337	417	0	3	80	0.0375000
NODE_18746_length_671_cov_11.756993	337	417	1	40	80	0.5000000
NODE_18746_length_671_cov_11.756993	337	417	8	27	80	0.3375000
NODE_18746_length_671_cov_11.756993	337	417	10	1	80	0.0125000
NODE_18746_length_671_cov_11.756993	337	417	13	9	80	0.1125000
NODE_18746_length_671_cov_11.756993	390	470	8	17	80	0.2125000
NODE_18746_length_671_cov_11.756993	390	470	10	1	80	0.0125000
NODE_18746_length_671_cov_11.756993	390	470	13	62	80	0.7750000
NODE_18747_length_671_cov_9.237762	305	382	0	77	77	1.0000000
NODE_18748_length_671_cov_8.491259	298	379	0	11	81	0.1358025
NODE_18748_length_671_cov_8.491259	298	379	2	27	81	0.3333333
NODE_18748_length_671_cov_8.491259	298	379	4	43	81	0.5308642
NODE_18748_length_671_cov_8.491259	352	430	4	78	78	1.0000000
NODE_18749_length_671_cov_8.241259	97	128	2	31	31	1.0000000
NODE_18752_length_671_cov_7.201049	368	448	0	7	80	0.0875000
NODE_18752_length_671_cov_7.201049	368	448	2	21	80	0.2625000
NODE_18752_length_671_cov_7.201049	368	448	4	52	80	0.6500000
NODE_18752_length_671_cov_7.201049	421	501	0	10	80	0.1250000
NODE_18752_length_671_cov_7.201049	421	501	2	29	80	0.3625000
NODE_18752_length_671_cov_7.201049	421	501	4	41	80	0.5125000
NODE_18753_length_671_cov_5.680070	370	450	0	44	80	0.5500000
NODE_18753_length_671_cov_5.680070	370	450	2	36	80	0.4500000
NODE_18753_length_671_cov_5.680070	423	503	2	80	80	1.0000000
NODE_18754_length_671_cov_4.769231	362	414	0	52	52	1.0000000
NODE_18760_length_671_cov_3.804196	360	440	0	25	80	0.3125000
NODE_18760_length_671_cov_3.804196	360	440	2	55	80	0.6875000
NODE_18812_length_670_cov_21.017513	443	523	0	28	80	0.3500000
NODE_18812_length_670_cov_21.017513	443	523	1	52	80	0.6500000
NODE_18812_length_670_cov_21.017513	496	576	0	80	80	1.0000000
NODE_18813_length_670_cov_20.346760	372	452	0	80	80	1.0000000
NODE_18813_length_670_cov_20.346760	425	505	0	80	80	1.0000000
NODE_18814_length_670_cov_15.728546	157	237	0	80	80	1.0000000
NODE_18814_length_670_cov_15.728546	210	290	0	80	80	1.0000000
NODE_18814_length_670_cov_15.728546	286	366	0	80	80	1.0000000
NODE_18814_length_670_cov_15.728546	339	419	0	80	80	1.0000000
NODE_18818_length_670_cov_6.499124	390	470	12	1	80	0.0125000
NODE_18818_length_670_cov_6.499124	390	470	18	79	80	0.9875000
NODE_18834_length_670_cov_3.099825	159	217	6	1	58	0.0172414
NODE_18834_length_670_cov_3.099825	159	217	12	57	58	0.9827586
NODE_18838_length_670_cov_2.700525	252	332	6	80	80	1.0000000
NODE_18838_length_670_cov_2.700525	305	385	0	23	80	0.2875000
NODE_18838_length_670_cov_2.700525	305	385	3	20	80	0.2500000
NODE_18838_length_670_cov_2.700525	305	385	6	37	80	0.4625000
NODE_18883_length_669_cov_13.307018	432	512	4	13	80	0.1625000
NODE_18883_length_669_cov_13.307018	432	512	6	67	80	0.8375000
NODE_18883_length_669_cov_13.307018	485	565	0	38	80	0.4750000
NODE_18883_length_669_cov_13.307018	485	565	4	28	80	0.3500000
NODE_18883_length_669_cov_13.307018	485	565	6	14	80	0.1750000
NODE_18886_length_669_cov_6.921053	245	325	0	80	80	1.0000000
NODE_18886_length_669_cov_6.921053	298	370	0	72	72	1.0000000
NODE_18901_length_669_cov_3.633333	277	347	0	70	70	1.0000000
NODE_18909_length_669_cov_2.361404	434	490	0	56	56	1.0000000
NODE_18958_length_668_cov_23.131810	275	355	6	80	80	1.0000000
NODE_18958_length_668_cov_23.131810	328	408	0	6	80	0.0750000
NODE_18958_length_668_cov_23.131810	328	408	6	74	80	0.9250000
NODE_18959_length_668_cov_14.978910	324	404	4	15	80	0.1875000
NODE_18959_length_668_cov_14.978910	324	404	6	65	80	0.8125000
NODE_18959_length_668_cov_14.978910	377	457	0	25	80	0.3125000
NODE_18959_length_668_cov_14.978910	377	457	2	23	80	0.2875000
NODE_18959_length_668_cov_14.978910	377	457	4	20	80	0.2500000
NODE_18959_length_668_cov_14.978910	377	457	6	12	80	0.1500000
NODE_18962_length_668_cov_11.184534	187	267	0	5	80	0.0625000
NODE_18962_length_668_cov_11.184534	187	267	4	30	80	0.3750000
NODE_18962_length_668_cov_11.184534	187	267	6	23	80	0.2875000
NODE_18962_length_668_cov_11.184534	187	267	14	22	80	0.2750000
NODE_18962_length_668_cov_11.184534	240	320	6	5	80	0.0625000
NODE_18962_length_668_cov_11.184534	240	320	10	25	80	0.3125000
NODE_18962_length_668_cov_11.184534	240	320	14	50	80	0.6250000
NODE_18963_length_668_cov_10.548330	211	291	1	62	80	0.7750000
NODE_18963_length_668_cov_10.548330	211	291	2	18	80	0.2250000
NODE_18963_length_668_cov_10.548330	264	344	1	9	80	0.1125000
NODE_18963_length_668_cov_10.548330	264	344	2	71	80	0.8875000
NODE_18964_length_668_cov_10.370826	226	308	0	82	82	1.0000000
NODE_18964_length_668_cov_10.370826	279	361	0	82	82	1.0000000
NODE_18965_length_668_cov_10.223199	238	318	0	80	80	1.0000000
NODE_18965_length_668_cov_10.223199	291	371	0	80	80	1.0000000
NODE_18967_length_668_cov_9.340949	310	390	0	80	80	1.0000000
NODE_18967_length_668_cov_9.340949	363	443	0	80	80	1.0000000
NODE_18975_length_668_cov_4.077329	304	384	4	9	80	0.1125000
NODE_18975_length_668_cov_4.077329	304	384	6	71	80	0.8875000
NODE_18975_length_668_cov_4.077329	338	367	6	29	29	1.0000000
NODE_18975_length_668_cov_4.077329	358	427	0	3	69	0.0434783
NODE_18975_length_668_cov_4.077329	358	427	1	3	69	0.0434783
NODE_18975_length_668_cov_4.077329	358	427	3	4	69	0.0579710
NODE_18975_length_668_cov_4.077329	358	427	4	12	69	0.1739130
NODE_18975_length_668_cov_4.077329	358	427	6	47	69	0.6811594
NODE_19032_length_667_cov_33.848592	168	248	0	80	80	1.0000000
NODE_19032_length_667_cov_33.848592	221	301	0	80	80	1.0000000
NODE_19033_length_667_cov_21.218310	270	350	3	8	80	0.1000000
NODE_19033_length_667_cov_21.218310	270	350	6	72	80	0.9000000
NODE_19033_length_667_cov_21.218310	323	403	6	33	80	0.4125000
NODE_19033_length_667_cov_21.218310	323	403	10	47	80	0.5875000
NODE_19034_length_667_cov_19.204225	258	338	4	80	80	1.0000000
NODE_19034_length_667_cov_19.204225	311	391	0	21	80	0.2625000
NODE_19034_length_667_cov_19.204225	311	391	4	59	80	0.7375000
NODE_19036_length_667_cov_8.264085	299	379	0	48	80	0.6000000
NODE_19036_length_667_cov_8.264085	299	379	2	32	80	0.4000000
NODE_19036_length_667_cov_8.264085	352	432	2	80	80	1.0000000
NODE_19037_length_667_cov_8.248239	76	156	0	80	80	1.0000000
NODE_19037_length_667_cov_8.248239	129	209	0	80	80	1.0000000
NODE_19038_length_667_cov_8.207746	257	323	0	66	66	1.0000000
NODE_19038_length_667_cov_8.207746	296	376	0	80	80	1.0000000
NODE_19039_length_667_cov_7.232394	357	437	0	80	80	1.0000000
NODE_19039_length_667_cov_7.232394	410	490	0	80	80	1.0000000
NODE_19042_length_667_cov_4.941901	199	279	0	80	80	1.0000000
NODE_19042_length_667_cov_4.941901	252	332	0	80	80	1.0000000
NODE_19053_length_667_cov_3.404930	501	536	0	35	35	1.0000000
NODE_19053_length_667_cov_3.404930	503	533	0	30	30	1.0000000
NODE_19100_length_666_cov_24.811287	179	254	8	10	75	0.1333333
NODE_19100_length_666_cov_24.811287	179	254	12	65	75	0.8666667
NODE_19100_length_666_cov_24.811287	182	254	8	10	72	0.1388889
NODE_19100_length_666_cov_24.811287	182	254	12	62	72	0.8611111
NODE_19100_length_666_cov_24.811287	227	307	0	22	80	0.2750000
NODE_19100_length_666_cov_24.811287	227	307	1	1	80	0.0125000
NODE_19100_length_666_cov_24.811287	227	307	2	14	80	0.1750000
NODE_19100_length_666_cov_24.811287	227	307	4	2	80	0.0250000
NODE_19100_length_666_cov_24.811287	227	307	6	8	80	0.1000000
NODE_19100_length_666_cov_24.811287	227	307	8	16	80	0.2000000
NODE_19100_length_666_cov_24.811287	227	307	12	17	80	0.2125000
NODE_19100_length_666_cov_24.811287	227	307	0	22	80	0.2750000
NODE_19100_length_666_cov_24.811287	227	307	1	1	80	0.0125000
NODE_19100_length_666_cov_24.811287	227	307	2	14	80	0.1750000
NODE_19100_length_666_cov_24.811287	227	307	4	2	80	0.0250000
NODE_19100_length_666_cov_24.811287	227	307	6	8	80	0.1000000
NODE_19100_length_666_cov_24.811287	227	307	8	16	80	0.2000000
NODE_19100_length_666_cov_24.811287	227	307	12	17	80	0.2125000
NODE_19100_length_666_cov_24.811287	303	383	0	4	80	0.0500000
NODE_19100_length_666_cov_24.811287	303	383	10	1	80	0.0125000
NODE_19100_length_666_cov_24.811287	303	383	11	29	80	0.3625000
NODE_19100_length_666_cov_24.811287	303	383	13	2	80	0.0250000
NODE_19100_length_666_cov_24.811287	303	383	16	1	80	0.0125000
NODE_19100_length_666_cov_24.811287	303	383	17	2	80	0.0250000
NODE_19100_length_666_cov_24.811287	303	383	19	3	80	0.0375000
NODE_19100_length_666_cov_24.811287	303	383	25	6	80	0.0750000
NODE_19100_length_666_cov_24.811287	303	383	26	2	80	0.0250000
NODE_19100_length_666_cov_24.811287	303	383	40	2	80	0.0250000
NODE_19100_length_666_cov_24.811287	303	383	44	1	80	0.0125000
NODE_19100_length_666_cov_24.811287	303	383	47	2	80	0.0250000
NODE_19100_length_666_cov_24.811287	303	383	48	4	80	0.0500000
NODE_19100_length_666_cov_24.811287	303	383	49	13	80	0.1625000
NODE_19100_length_666_cov_24.811287	303	383	55	8	80	0.1000000
NODE_19100_length_666_cov_24.811287	356	436	47	2	80	0.0250000
NODE_19100_length_666_cov_24.811287	356	436	48	4	80	0.0500000
NODE_19100_length_666_cov_24.811287	356	436	49	13	80	0.1625000
NODE_19100_length_666_cov_24.811287	356	436	53	8	80	0.1000000
NODE_19100_length_666_cov_24.811287	356	436	54	5	80	0.0625000
NODE_19100_length_666_cov_24.811287	356	436	55	24	80	0.3000000
NODE_19100_length_666_cov_24.811287	356	436	57	2	80	0.0250000
NODE_19100_length_666_cov_24.811287	356	436	59	22	80	0.2750000
NODE_19102_length_666_cov_20.114638	172	252	0	34	80	0.4250000
NODE_19102_length_666_cov_20.114638	172	252	4	4	80	0.0500000
NODE_19102_length_666_cov_20.114638	172	252	8	42	80	0.5250000
NODE_19102_length_666_cov_20.114638	225	305	8	80	80	1.0000000
NODE_19103_length_666_cov_16.813051	220	286	0	5	66	0.0757576
NODE_19103_length_666_cov_16.813051	220	286	2	61	66	0.9242424
NODE_19103_length_666_cov_16.813051	259	344	0	21	85	0.2470588
NODE_19103_length_666_cov_16.813051	259	344	2	64	85	0.7529412
NODE_19104_length_666_cov_15.384480	306	386	0	80	80	1.0000000
NODE_19104_length_666_cov_15.384480	359	439	0	80	80	1.0000000
NODE_19105_length_666_cov_14.195767	485	565	0	80	80	1.0000000
NODE_19105_length_666_cov_14.195767	538	618	0	80	80	1.0000000
NODE_19108_length_666_cov_7.770723	226	306	0	2	80	0.0250000
NODE_19108_length_666_cov_7.770723	226	306	2	78	80	0.9750000
NODE_19108_length_666_cov_7.770723	279	359	0	43	80	0.5375000
NODE_19108_length_666_cov_7.770723	279	359	2	37	80	0.4625000
NODE_19163_length_665_cov_28.786219	391	471	2	41	80	0.5125000
NODE_19163_length_665_cov_28.786219	391	471	4	39	80	0.4875000
NODE_19163_length_665_cov_28.786219	444	524	2	3	80	0.0375000
NODE_19163_length_665_cov_28.786219	444	524	4	77	80	0.9625000
NODE_19164_length_665_cov_21.740283	311	391	0	80	80	1.0000000
NODE_19164_length_665_cov_21.740283	364	444	0	80	80	1.0000000
NODE_19165_length_665_cov_15.904594	390	470	0	80	80	1.0000000
NODE_19165_length_665_cov_15.904594	443	523	0	80	80	1.0000000
NODE_19224_length_664_cov_27.208850	259	339	4	80	80	1.0000000
NODE_19224_length_664_cov_27.208850	345	404	0	10	59	0.1694915
NODE_19224_length_664_cov_27.208850	345	404	2	46	59	0.7796610
NODE_19224_length_664_cov_27.208850	345	404	4	3	59	0.0508475
NODE_19225_length_664_cov_16.116814	241	321	0	80	80	1.0000000
NODE_19225_length_664_cov_16.116814	294	374	0	80	80	1.0000000
NODE_19227_length_664_cov_14.185841	332	412	0	80	80	1.0000000
NODE_19227_length_664_cov_14.185841	385	465	0	80	80	1.0000000
NODE_19228_length_664_cov_12.256637	325	405	0	42	80	0.5250000
NODE_19228_length_664_cov_12.256637	325	405	2	38	80	0.4750000
NODE_19228_length_664_cov_12.256637	378	454	2	76	76	1.0000000
NODE_19229_length_664_cov_8.378761	252	332	2	15	80	0.1875000
NODE_19229_length_664_cov_8.378761	252	332	3	1	80	0.0125000
NODE_19229_length_664_cov_8.378761	252	332	4	64	80	0.8000000
NODE_19229_length_664_cov_8.378761	305	385	2	68	80	0.8500000
NODE_19229_length_664_cov_8.378761	305	385	4	12	80	0.1500000
NODE_19229_length_664_cov_8.378761	381	461	0	58	80	0.7250000
NODE_19229_length_664_cov_8.378761	381	461	1	12	80	0.1500000
NODE_19229_length_664_cov_8.378761	381	461	2	10	80	0.1250000
NODE_19229_length_664_cov_8.378761	434	514	0	80	80	1.0000000
NODE_19254_length_664_cov_1.922124	393	434	0	8	41	0.1951219
NODE_19254_length_664_cov_1.922124	393	434	2	33	41	0.8048781
NODE_19298_length_663_cov_26.601064	398	478	0	80	80	1.0000000
NODE_19298_length_663_cov_26.601064	451	531	0	80	80	1.0000000
NODE_19299_length_663_cov_16.948582	368	448	0	80	80	1.0000000
NODE_19299_length_663_cov_16.948582	421	501	0	80	80	1.0000000
NODE_19300_length_663_cov_16.225177	118	198	4	80	80	1.0000000
NODE_19300_length_663_cov_16.225177	171	251	0	16	80	0.2000000
NODE_19300_length_663_cov_16.225177	171	251	4	64	80	0.8000000
NODE_19302_length_663_cov_13.748227	277	357	0	9	80	0.1125000
NODE_19302_length_663_cov_13.748227	277	357	1	1	80	0.0125000
NODE_19302_length_663_cov_13.748227	277	357	2	70	80	0.8750000
NODE_19302_length_663_cov_13.748227	330	410	2	80	80	1.0000000
NODE_19303_length_663_cov_10.377660	300	380	4	12	80	0.1500000
NODE_19303_length_663_cov_10.377660	300	380	6	68	80	0.8500000
NODE_19304_length_663_cov_9.549645	199	279	0	80	80	1.0000000
NODE_19304_length_663_cov_9.549645	252	332	0	80	80	1.0000000
NODE_19305_length_663_cov_7.397163	151	231	0	80	80	1.0000000
NODE_19305_length_663_cov_7.397163	204	284	0	80	80	1.0000000
NODE_19307_length_663_cov_5.081560	317	397	0	80	80	1.0000000
NODE_19368_length_662_cov_29.218472	233	313	5	9	80	0.1125000
NODE_19368_length_662_cov_29.218472	233	313	7	24	80	0.3000000
NODE_19368_length_662_cov_29.218472	233	313	8	46	80	0.5750000
NODE_19368_length_662_cov_29.218472	233	313	9	1	80	0.0125000
NODE_19368_length_662_cov_29.218472	286	366	4	19	80	0.2375000
NODE_19368_length_662_cov_29.218472	286	366	5	5	80	0.0625000
NODE_19368_length_662_cov_29.218472	286	366	8	26	80	0.3250000
NODE_19368_length_662_cov_29.218472	286	366	9	9	80	0.1125000
NODE_19368_length_662_cov_29.218472	286	366	11	21	80	0.2625000
NODE_19369_length_662_cov_18.717584	193	273	0	80	80	1.0000000
NODE_19369_length_662_cov_18.717584	246	326	0	80	80	1.0000000
NODE_19370_length_662_cov_16.358792	258	338	0	61	80	0.7625000
NODE_19370_length_662_cov_16.358792	258	338	4	19	80	0.2375000
NODE_19370_length_662_cov_16.358792	311	391	0	8	80	0.1000000
NODE_19370_length_662_cov_16.358792	311	391	4	72	80	0.9000000
NODE_19371_length_662_cov_12.845471	259	339	0	80	80	1.0000000
NODE_19371_length_662_cov_12.845471	312	392	0	80	80	1.0000000
NODE_19372_length_662_cov_12.476021	299	379	0	60	80	0.7500000
NODE_19372_length_662_cov_12.476021	299	379	1	20	80	0.2500000
NODE_19372_length_662_cov_12.476021	352	432	0	7	80	0.0875000
NODE_19372_length_662_cov_12.476021	352	432	1	37	80	0.4625000
NODE_19372_length_662_cov_12.476021	352	432	2	36	80	0.4500000
NODE_19373_length_662_cov_10.252220	239	319	0	80	80	1.0000000
NODE_19373_length_662_cov_10.252220	292	372	0	80	80	1.0000000
NODE_19376_length_662_cov_6.335702	267	347	0	80	80	1.0000000
NODE_19376_length_662_cov_6.335702	320	400	0	80	80	1.0000000
NODE_19378_length_662_cov_5.738899	295	331	0	36	36	1.0000000
NODE_19378_length_662_cov_5.738899	301	322	0	21	21	1.0000000
NODE_19402_length_662_cov_1.905861	150	230	0	80	80	1.0000000
NODE_19402_length_662_cov_1.905861	203	277	0	74	74	1.0000000
NODE_19441_length_661_cov_55.176157	236	316	4	80	80	1.0000000
NODE_19441_length_661_cov_55.176157	289	369	2	26	80	0.3250000
NODE_19441_length_661_cov_55.176157	289	369	4	36	80	0.4500000
NODE_19441_length_661_cov_55.176157	289	369	6	18	80	0.2250000
NODE_19442_length_661_cov_38.501779	231	311	0	80	80	1.0000000
NODE_19442_length_661_cov_38.501779	284	364	0	80	80	1.0000000
NODE_19442_length_661_cov_38.501779	360	440	0	80	80	1.0000000
NODE_19442_length_661_cov_38.501779	413	493	0	43	80	0.5375000
NODE_19442_length_661_cov_38.501779	413	493	2	32	80	0.4000000
NODE_19442_length_661_cov_38.501779	413	493	4	5	80	0.0625000
NODE_19443_length_661_cov_31.460854	128	208	0	22	80	0.2750000
NODE_19443_length_661_cov_31.460854	128	208	2	58	80	0.7250000
NODE_19443_length_661_cov_31.460854	181	261	0	33	80	0.4125000
NODE_19443_length_661_cov_31.460854	181	261	2	47	80	0.5875000
NODE_19444_length_661_cov_18.960854	216	296	0	32	80	0.4000000
NODE_19444_length_661_cov_18.960854	216	296	2	48	80	0.6000000
NODE_19444_length_661_cov_18.960854	269	349	0	4	80	0.0500000
NODE_19444_length_661_cov_18.960854	269	349	2	76	80	0.9500000
NODE_19445_length_661_cov_16.035587	201	281	0	80	80	1.0000000
NODE_19445_length_661_cov_16.035587	254	334	0	80	80	1.0000000
NODE_19447_length_661_cov_13.005338	281	343	0	62	62	1.0000000
NODE_19447_length_661_cov_13.005338	353	433	0	80	80	1.0000000
NODE_19447_length_661_cov_13.005338	406	486	0	80	80	1.0000000
NODE_19452_length_661_cov_5.670819	374	454	0	80	80	1.0000000
NODE_19452_length_661_cov_5.670819	427	507	0	80	80	1.0000000
NODE_19457_length_661_cov_4.601423	319	395	0	76	76	1.0000000
NODE_19459_length_661_cov_3.532028	282	362	0	80	80	1.0000000
NODE_19459_length_661_cov_3.532028	335	415	0	80	80	1.0000000
NODE_19515_length_660_cov_20.741533	343	423	6	2	80	0.0250000
NODE_19515_length_660_cov_20.741533	343	423	12	18	80	0.2250000
NODE_19515_length_660_cov_20.741533	343	423	14	60	80	0.7500000
NODE_19515_length_660_cov_20.741533	396	476	0	20	80	0.2500000
NODE_19515_length_660_cov_20.741533	396	476	6	11	80	0.1375000
NODE_19515_length_660_cov_20.741533	396	476	10	3	80	0.0375000
NODE_19515_length_660_cov_20.741533	396	476	12	16	80	0.2000000
NODE_19515_length_660_cov_20.741533	396	476	14	30	80	0.3750000
NODE_19516_length_660_cov_15.089127	148	228	0	37	80	0.4625000
NODE_19516_length_660_cov_15.089127	148	228	2	42	80	0.5250000
NODE_19516_length_660_cov_15.089127	148	228	4	1	80	0.0125000
NODE_19516_length_660_cov_15.089127	201	281	2	30	80	0.3750000
NODE_19516_length_660_cov_15.089127	201	281	4	50	80	0.6250000
NODE_19518_length_660_cov_13.301248	276	356	0	80	80	1.0000000
NODE_19518_length_660_cov_13.301248	329	409	0	80	80	1.0000000
NODE_19519_length_660_cov_12.393939	234	314	0	5	80	0.0625000
NODE_19519_length_660_cov_12.393939	234	314	6	75	80	0.9375000
NODE_19519_length_660_cov_12.393939	287	367	0	58	80	0.7250000
NODE_19519_length_660_cov_12.393939	287	367	6	22	80	0.2750000
NODE_19521_length_660_cov_11.495544	399	479	0	80	80	1.0000000
NODE_19521_length_660_cov_11.495544	452	532	0	80	80	1.0000000
NODE_19522_length_660_cov_10.522282	177	257	8	21	80	0.2625000
NODE_19522_length_660_cov_10.522282	177	257	10	59	80	0.7375000
NODE_19522_length_660_cov_10.522282	230	311	2	1	81	0.0123457
NODE_19522_length_660_cov_10.522282	230	311	4	10	81	0.1234568
NODE_19522_length_660_cov_10.522282	230	311	6	5	81	0.0617284
NODE_19522_length_660_cov_10.522282	230	311	8	8	81	0.0987654
NODE_19522_length_660_cov_10.522282	230	311	10	57	81	0.7037037
NODE_19524_length_660_cov_8.887701	254	325	0	5	71	0.0704225
NODE_19524_length_660_cov_8.887701	254	325	2	66	71	0.9295775
NODE_19527_length_660_cov_7.278075	225	305	0	80	80	1.0000000
NODE_19527_length_660_cov_7.278075	278	358	0	80	80	1.0000000
NODE_19529_length_660_cov_6.577540	350	430	0	80	80	1.0000000
NODE_19529_length_660_cov_6.577540	403	483	0	80	80	1.0000000
NODE_19549_length_660_cov_2.354724	421	470	0	49	49	1.0000000
NODE_19594_length_659_cov_43.587500	2	82	0	39	80	0.4875000
NODE_19594_length_659_cov_43.587500	2	82	4	41	80	0.5125000
NODE_19594_length_659_cov_43.587500	55	135	4	80	80	1.0000000
NODE_19594_length_659_cov_43.587500	131	211	0	25	80	0.3125000
NODE_19594_length_659_cov_43.587500	131	211	2	10	80	0.1250000
NODE_19594_length_659_cov_43.587500	131	211	4	45	80	0.5625000
NODE_19594_length_659_cov_43.587500	184	264	2	11	80	0.1375000
NODE_19594_length_659_cov_43.587500	184	264	4	69	80	0.8625000
NODE_19595_length_659_cov_23.330357	236	316	0	80	80	1.0000000
NODE_19595_length_659_cov_23.330357	289	369	0	80	80	1.0000000
NODE_19596_length_659_cov_12.775000	255	335	0	78	80	0.9750000
NODE_19596_length_659_cov_12.775000	255	335	2	2	80	0.0250000
NODE_19596_length_659_cov_12.775000	308	388	0	25	80	0.3125000
NODE_19596_length_659_cov_12.775000	308	388	2	55	80	0.6875000
NODE_19598_length_659_cov_9.683929	220	298	0	78	78	1.0000000
NODE_19598_length_659_cov_9.683929	271	351	0	80	80	1.0000000
NODE_19613_length_659_cov_3.658929	305	385	0	12	80	0.1500000
NODE_19613_length_659_cov_3.658929	305	385	2	68	80	0.8500000
NODE_19613_length_659_cov_3.658929	358	438	0	32	80	0.4000000
NODE_19613_length_659_cov_3.658929	358	438	2	48	80	0.6000000
NODE_19678_length_658_cov_38.479428	289	369	0	13	80	0.1625000
NODE_19678_length_658_cov_38.479428	289	369	2	67	80	0.8375000
NODE_19678_length_658_cov_38.479428	342	422	2	80	80	1.0000000
NODE_19679_length_658_cov_35.409660	242	322	1	17	80	0.2125000
NODE_19679_length_658_cov_35.409660	242	322	2	63	80	0.7875000
NODE_19679_length_658_cov_35.409660	295	375	1	22	80	0.2750000
NODE_19679_length_658_cov_35.409660	295	375	2	58	80	0.7250000
NODE_19680_length_658_cov_20.322004	191	271	0	70	80	0.8750000
NODE_19680_length_658_cov_20.322004	191	271	4	10	80	0.1250000
NODE_19680_length_658_cov_20.322004	244	321	0	17	77	0.2207792
NODE_19680_length_658_cov_20.322004	244	321	4	49	77	0.6363636
NODE_19680_length_658_cov_20.322004	244	321	7	11	77	0.1428571
NODE_19680_length_658_cov_20.322004	317	397	7	5	80	0.0625000
NODE_19680_length_658_cov_20.322004	317	397	8	45	80	0.5625000
NODE_19680_length_658_cov_20.322004	317	397	12	30	80	0.3750000
NODE_19680_length_658_cov_20.322004	370	449	8	41	79	0.5189874
NODE_19680_length_658_cov_20.322004	370	449	12	38	79	0.4810127
NODE_19681_length_658_cov_11.352415	324	404	0	80	80	1.0000000
NODE_19681_length_658_cov_11.352415	377	457	0	80	80	1.0000000
NODE_19685_length_658_cov_8.241503	227	307	0	80	80	1.0000000
NODE_19685_length_658_cov_8.241503	280	360	0	80	80	1.0000000
NODE_19689_length_658_cov_5.477639	450	530	2	15	80	0.1875000
NODE_19689_length_658_cov_5.477639	450	530	4	65	80	0.8125000
NODE_19705_length_658_cov_2.277281	286	366	0	71	80	0.8875000
NODE_19705_length_658_cov_2.277281	286	366	2	9	80	0.1125000
NODE_19705_length_658_cov_2.277281	339	419	0	18	80	0.2250000
NODE_19705_length_658_cov_2.277281	339	419	2	40	80	0.5000000
NODE_19705_length_658_cov_2.277281	339	419	4	4	80	0.0500000
NODE_19705_length_658_cov_2.277281	339	419	6	18	80	0.2250000
NODE_19750_length_657_cov_71.087814	306	372	0	3	66	0.0454545
NODE_19750_length_657_cov_71.087814	306	372	2	18	66	0.2727273
NODE_19750_length_657_cov_71.087814	306	372	8	40	66	0.6060606
NODE_19750_length_657_cov_71.087814	306	372	14	5	66	0.0757576
NODE_19750_length_657_cov_71.087814	382	462	14	12	80	0.1500000
NODE_19750_length_657_cov_71.087814	382	462	16	1	80	0.0125000
NODE_19750_length_657_cov_71.087814	382	462	18	8	80	0.1000000
NODE_19750_length_657_cov_71.087814	382	462	20	16	80	0.2000000
NODE_19750_length_657_cov_71.087814	382	462	24	14	80	0.1750000
NODE_19750_length_657_cov_71.087814	382	462	26	6	80	0.0750000
NODE_19750_length_657_cov_71.087814	382	462	28	5	80	0.0625000
NODE_19750_length_657_cov_71.087814	382	462	32	2	80	0.0250000
NODE_19750_length_657_cov_71.087814	382	462	34	12	80	0.1500000
NODE_19750_length_657_cov_71.087814	382	462	38	4	80	0.0500000
NODE_19750_length_657_cov_71.087814	382	462	14	12	80	0.1500000
NODE_19750_length_657_cov_71.087814	382	462	16	1	80	0.0125000
NODE_19750_length_657_cov_71.087814	382	462	18	8	80	0.1000000
NODE_19750_length_657_cov_71.087814	382	462	20	16	80	0.2000000
NODE_19750_length_657_cov_71.087814	382	462	24	14	80	0.1750000
NODE_19750_length_657_cov_71.087814	382	462	26	6	80	0.0750000
NODE_19750_length_657_cov_71.087814	382	462	28	5	80	0.0625000
NODE_19750_length_657_cov_71.087814	382	462	32	2	80	0.0250000
NODE_19750_length_657_cov_71.087814	382	462	34	12	80	0.1500000
NODE_19750_length_657_cov_71.087814	382	462	38	4	80	0.0500000
NODE_19750_length_657_cov_71.087814	435	515	24	25	80	0.3125000
NODE_19750_length_657_cov_71.087814	435	515	26	6	80	0.0750000
NODE_19750_length_657_cov_71.087814	435	515	27	7	80	0.0875000
NODE_19750_length_657_cov_71.087814	435	515	28	13	80	0.1625000
NODE_19750_length_657_cov_71.087814	435	515	29	13	80	0.1625000
NODE_19750_length_657_cov_71.087814	435	515	32	2	80	0.0250000
NODE_19750_length_657_cov_71.087814	435	515	34	10	80	0.1250000
NODE_19750_length_657_cov_71.087814	435	515	38	4	80	0.0500000
NODE_19750_length_657_cov_71.087814	440	515	24	25	75	0.3333333
NODE_19750_length_657_cov_71.087814	440	515	26	6	75	0.0800000
NODE_19750_length_657_cov_71.087814	440	515	27	7	75	0.0933333
NODE_19750_length_657_cov_71.087814	440	515	28	13	75	0.1733333
NODE_19750_length_657_cov_71.087814	440	515	29	13	75	0.1733333
NODE_19750_length_657_cov_71.087814	440	515	32	2	75	0.0266667
NODE_19750_length_657_cov_71.087814	440	515	34	5	75	0.0666667
NODE_19750_length_657_cov_71.087814	440	515	38	4	75	0.0533333
NODE_19751_length_657_cov_67.408602	98	178	2	13	80	0.1625000
NODE_19751_length_657_cov_67.408602	98	178	6	67	80	0.8375000
NODE_19751_length_657_cov_67.408602	151	231	0	36	80	0.4500000
NODE_19751_length_657_cov_67.408602	151	231	2	30	80	0.3750000
NODE_19751_length_657_cov_67.408602	151	231	6	14	80	0.1750000
NODE_19752_length_657_cov_15.568100	265	345	2	80	80	1.0000000
NODE_19752_length_657_cov_15.568100	341	421	0	72	80	0.9000000
NODE_19752_length_657_cov_15.568100	341	421	2	8	80	0.1000000
NODE_19759_length_657_cov_5.161290	185	256	0	71	71	1.0000000
NODE_19759_length_657_cov_5.161290	229	309	0	80	80	1.0000000
NODE_19824_length_656_cov_37.023339	470	550	6	36	80	0.4500000
NODE_19824_length_656_cov_37.023339	470	550	8	25	80	0.3125000
NODE_19824_length_656_cov_37.023339	470	550	10	19	80	0.2375000
NODE_19824_length_656_cov_37.023339	523	603	4	42	80	0.5250000
NODE_19824_length_656_cov_37.023339	523	603	6	9	80	0.1125000
NODE_19824_length_656_cov_37.023339	523	603	8	8	80	0.1000000
NODE_19824_length_656_cov_37.023339	523	603	10	21	80	0.2625000
NODE_19825_length_656_cov_22.804309	173	253	0	34	80	0.4250000
NODE_19825_length_656_cov_22.804309	173	253	2	8	80	0.1000000
NODE_19825_length_656_cov_22.804309	173	253	4	9	80	0.1125000
NODE_19825_length_656_cov_22.804309	173	253	6	5	80	0.0625000
NODE_19825_length_656_cov_22.804309	173	253	8	24	80	0.3000000
NODE_19825_length_656_cov_22.804309	226	306	4	8	80	0.1000000
NODE_19825_length_656_cov_22.804309	226	306	6	25	80	0.3125000
NODE_19825_length_656_cov_22.804309	226	306	8	47	80	0.5875000
NODE_19826_length_656_cov_19.280072	345	425	12	1	80	0.0125000
NODE_19826_length_656_cov_19.280072	345	425	14	48	80	0.6000000
NODE_19826_length_656_cov_19.280072	345	425	16	20	80	0.2500000
NODE_19826_length_656_cov_19.280072	345	425	18	11	80	0.1375000
NODE_19826_length_656_cov_19.280072	398	478	4	33	80	0.4125000
NODE_19826_length_656_cov_19.280072	398	478	12	21	80	0.2625000
NODE_19826_length_656_cov_19.280072	398	478	16	15	80	0.1875000
NODE_19826_length_656_cov_19.280072	398	478	18	11	80	0.1375000
NODE_19827_length_656_cov_18.267504	272	352	0	80	80	1.0000000
NODE_19827_length_656_cov_18.267504	325	405	0	80	80	1.0000000
NODE_19828_length_656_cov_15.928187	223	303	0	80	80	1.0000000
NODE_19829_length_656_cov_15.091562	297	377	0	80	80	1.0000000
NODE_19829_length_656_cov_15.091562	350	430	0	80	80	1.0000000
NODE_19830_length_656_cov_12.773788	269	349	0	74	80	0.9250000
NODE_19830_length_656_cov_12.773788	269	349	2	6	80	0.0750000
NODE_19830_length_656_cov_12.773788	322	399	0	77	77	1.0000000
NODE_19831_length_656_cov_12.493716	212	292	2	80	80	1.0000000
NODE_19831_length_656_cov_12.493716	265	345	0	48	80	0.6000000
NODE_19831_length_656_cov_12.493716	265	345	2	32	80	0.4000000
NODE_19832_length_656_cov_10.946140	197	277	0	80	80	1.0000000
NODE_19832_length_656_cov_10.946140	250	330	0	33	80	0.4125000
NODE_19832_length_656_cov_10.946140	250	330	2	47	80	0.5875000
NODE_19833_length_656_cov_9.412926	295	375	0	29	80	0.3625000
NODE_19833_length_656_cov_9.412926	295	375	2	51	80	0.6375000
NODE_19833_length_656_cov_9.412926	348	428	0	21	80	0.2625000
NODE_19833_length_656_cov_9.412926	348	428	2	59	80	0.7375000
NODE_19904_length_655_cov_31.019784	212	292	12	68	80	0.8500000
NODE_19904_length_655_cov_31.019784	212	292	16	12	80	0.1500000
NODE_19904_length_655_cov_31.019784	265	345	4	21	80	0.2625000
NODE_19904_length_655_cov_31.019784	265	345	12	59	80	0.7375000
NODE_19907_length_655_cov_8.672662	216	296	0	16	80	0.2000000
NODE_19907_length_655_cov_8.672662	216	296	1	14	80	0.1750000
NODE_19907_length_655_cov_8.672662	216	296	2	50	80	0.6250000
NODE_19907_length_655_cov_8.672662	269	349	2	80	80	1.0000000
NODE_19908_length_655_cov_8.250000	204	234	0	30	30	1.0000000
NODE_19909_length_655_cov_7.910072	366	446	0	80	80	1.0000000
NODE_19909_length_655_cov_7.910072	419	499	0	80	80	1.0000000
NODE_19916_length_655_cov_5.478417	178	255	0	11	77	0.1428571
NODE_19916_length_655_cov_5.478417	178	255	2	66	77	0.8571429
NODE_19916_length_655_cov_5.478417	178	221	0	11	43	0.2558140
NODE_19916_length_655_cov_5.478417	178	221	2	32	43	0.7441860
NODE_19919_length_655_cov_5.174460	347	428	2	28	81	0.3456790
NODE_19919_length_655_cov_5.174460	347	428	4	53	81	0.6543210
NODE_19919_length_655_cov_5.174460	401	481	2	26	80	0.3250000
NODE_19919_length_655_cov_5.174460	401	481	4	54	80	0.6750000
NODE_19979_length_654_cov_17.086486	323	403	0	18	80	0.2250000
NODE_19979_length_654_cov_17.086486	323	403	2	62	80	0.7750000
NODE_19979_length_654_cov_17.086486	376	456	0	22	80	0.2750000
NODE_19979_length_654_cov_17.086486	376	456	2	58	80	0.7250000
NODE_19980_length_654_cov_16.194595	318	398	0	80	80	1.0000000
NODE_19980_length_654_cov_16.194595	371	451	0	80	80	1.0000000
NODE_19983_length_654_cov_5.556757	341	412	0	71	71	1.0000000
NODE_19990_length_654_cov_3.236036	105	181	0	76	76	1.0000000
NODE_19990_length_654_cov_3.236036	158	236	0	78	78	1.0000000
NODE_19998_length_654_cov_2.549550	279	366	0	87	87	1.0000000
NODE_20013_length_654_cov_1.790991	480	560	6	10	80	0.1250000
NODE_20013_length_654_cov_1.790991	480	560	10	11	80	0.1375000
NODE_20013_length_654_cov_1.790991	480	560	12	33	80	0.4125000
NODE_20013_length_654_cov_1.790991	480	560	14	26	80	0.3250000
NODE_20044_length_653_cov_70.296029	277	357	14	63	80	0.7875000
NODE_20044_length_653_cov_70.296029	277	357	18	17	80	0.2125000
NODE_20044_length_653_cov_70.296029	330	410	4	34	80	0.4250000
NODE_20044_length_653_cov_70.296029	330	410	10	10	80	0.1250000
NODE_20044_length_653_cov_70.296029	330	410	14	36	80	0.4500000
NODE_20045_length_653_cov_28.072202	302	382	0	46	80	0.5750000
NODE_20045_length_653_cov_28.072202	302	382	2	34	80	0.4250000
NODE_20045_length_653_cov_28.072202	355	435	2	80	80	1.0000000
NODE_20046_length_653_cov_18.382671	214	294	1	39	80	0.4875000
NODE_20046_length_653_cov_18.382671	214	294	3	1	80	0.0125000
NODE_20046_length_653_cov_18.382671	214	294	4	40	80	0.5000000
NODE_20046_length_653_cov_18.382671	267	347	4	80	80	1.0000000
NODE_20047_length_653_cov_8.821300	292	372	0	80	80	1.0000000
NODE_20047_length_653_cov_8.821300	345	425	0	80	80	1.0000000
NODE_20048_length_653_cov_8.660650	200	280	0	58	80	0.7250000
NODE_20048_length_653_cov_8.660650	200	280	4	22	80	0.2750000
NODE_20048_length_653_cov_8.660650	253	333	0	5	80	0.0625000
NODE_20048_length_653_cov_8.660650	253	333	4	75	80	0.9375000
NODE_20052_length_653_cov_5.777978	308	383	8	15	75	0.2000000
NODE_20052_length_653_cov_5.777978	308	383	10	1	75	0.0133333
NODE_20052_length_653_cov_5.777978	308	383	12	3	75	0.0400000
NODE_20052_length_653_cov_5.777978	308	383	22	36	75	0.4800000
NODE_20052_length_653_cov_5.777978	308	383	39	11	75	0.1466667
NODE_20052_length_653_cov_5.777978	308	383	41	9	75	0.1200000
NODE_20052_length_653_cov_5.777978	361	435	22	2	74	0.0270270
NODE_20052_length_653_cov_5.777978	361	435	29	5	74	0.0675676
NODE_20052_length_653_cov_5.777978	361	435	33	31	74	0.4189189
NODE_20052_length_653_cov_5.777978	361	435	35	3	74	0.0405405
NODE_20052_length_653_cov_5.777978	361	435	37	2	74	0.0270270
NODE_20052_length_653_cov_5.777978	361	435	39	22	74	0.2972973
NODE_20052_length_653_cov_5.777978	361	435	41	9	74	0.1216216
NODE_20054_length_653_cov_5.193141	304	356	0	52	52	1.0000000
NODE_20058_length_653_cov_4.823105	178	251	0	2	73	0.0273973
NODE_20058_length_653_cov_4.823105	178	251	2	71	73	0.9726027
NODE_20058_length_653_cov_4.823105	178	256	0	7	78	0.0897436
NODE_20058_length_653_cov_4.823105	178	256	2	71	78	0.9102564
NODE_20058_length_653_cov_4.823105	229	309	0	60	80	0.7500000
NODE_20058_length_653_cov_4.823105	229	309	2	20	80	0.2500000
NODE_20058_length_653_cov_4.823105	229	309	0	60	80	0.7500000
NODE_20058_length_653_cov_4.823105	229	309	2	20	80	0.2500000
NODE_20058_length_653_cov_4.823105	239	309	0	60	70	0.8571429
NODE_20058_length_653_cov_4.823105	239	309	2	10	70	0.1428571
NODE_20127_length_652_cov_215.211573	185	248	5	10	63	0.1587302
NODE_20127_length_652_cov_215.211573	185	248	7	16	63	0.2539683
NODE_20127_length_652_cov_215.211573	185	248	10	7	63	0.1111111
NODE_20127_length_652_cov_215.211573	185	248	12	3	63	0.0476190
NODE_20127_length_652_cov_215.211573	185	248	13	7	63	0.1111111
NODE_20127_length_652_cov_215.211573	185	248	14	20	63	0.3174603
NODE_20127_length_652_cov_215.211573	221	301	13	7	80	0.0875000
NODE_20127_length_652_cov_215.211573	221	301	14	20	80	0.2500000
NODE_20127_length_652_cov_215.211573	221	301	15	1	80	0.0125000
NODE_20127_length_652_cov_215.211573	221	301	16	12	80	0.1500000
NODE_20127_length_652_cov_215.211573	221	301	17	10	80	0.1250000
NODE_20127_length_652_cov_215.211573	221	301	18	30	80	0.3750000
NODE_20128_length_652_cov_21.267631	299	379	0	28	80	0.3500000
NODE_20128_length_652_cov_21.267631	299	379	2	52	80	0.6500000
NODE_20128_length_652_cov_21.267631	352	432	0	2	80	0.0250000
NODE_20128_length_652_cov_21.267631	352	432	2	78	80	0.9750000
NODE_20138_length_652_cov_4.622061	266	315	10	49	49	1.0000000
NODE_20138_length_652_cov_4.622061	288	368	0	18	80	0.2250000
NODE_20138_length_652_cov_4.622061	288	368	4	1	80	0.0125000
NODE_20138_length_652_cov_4.622061	288	368	8	2	80	0.0250000
NODE_20138_length_652_cov_4.622061	288	368	10	59	80	0.7375000
NODE_20210_length_651_cov_49.981884	425	505	18	5	80	0.0625000
NODE_20210_length_651_cov_49.981884	425	505	19	1	80	0.0125000
NODE_20210_length_651_cov_49.981884	425	505	21	3	80	0.0375000
NODE_20210_length_651_cov_49.981884	425	505	22	2	80	0.0250000
NODE_20210_length_651_cov_49.981884	425	505	23	30	80	0.3750000
NODE_20210_length_651_cov_49.981884	425	505	24	12	80	0.1500000
NODE_20210_length_651_cov_49.981884	425	505	25	17	80	0.2125000
NODE_20210_length_651_cov_49.981884	425	505	26	10	80	0.1250000
NODE_20210_length_651_cov_49.981884	425	505	18	5	80	0.0625000
NODE_20210_length_651_cov_49.981884	425	505	19	1	80	0.0125000
NODE_20210_length_651_cov_49.981884	425	505	21	3	80	0.0375000
NODE_20210_length_651_cov_49.981884	425	505	22	2	80	0.0250000
NODE_20210_length_651_cov_49.981884	425	505	23	30	80	0.3750000
NODE_20210_length_651_cov_49.981884	425	505	24	12	80	0.1500000
NODE_20210_length_651_cov_49.981884	425	505	25	17	80	0.2125000
NODE_20210_length_651_cov_49.981884	425	505	26	10	80	0.1250000
NODE_20210_length_651_cov_49.981884	425	505	18	5	80	0.0625000
NODE_20210_length_651_cov_49.981884	425	505	19	1	80	0.0125000
NODE_20210_length_651_cov_49.981884	425	505	21	3	80	0.0375000
NODE_20210_length_651_cov_49.981884	425	505	22	2	80	0.0250000
NODE_20210_length_651_cov_49.981884	425	505	23	30	80	0.3750000
NODE_20210_length_651_cov_49.981884	425	505	24	12	80	0.1500000
NODE_20210_length_651_cov_49.981884	425	505	25	17	80	0.2125000
NODE_20210_length_651_cov_49.981884	425	505	26	10	80	0.1250000
NODE_20210_length_651_cov_49.981884	425	505	18	5	80	0.0625000
NODE_20210_length_651_cov_49.981884	425	505	19	1	80	0.0125000
NODE_20210_length_651_cov_49.981884	425	505	21	3	80	0.0375000
NODE_20210_length_651_cov_49.981884	425	505	22	2	80	0.0250000
NODE_20210_length_651_cov_49.981884	425	505	23	30	80	0.3750000
NODE_20210_length_651_cov_49.981884	425	505	24	12	80	0.1500000
NODE_20210_length_651_cov_49.981884	425	505	25	17	80	0.2125000
NODE_20210_length_651_cov_49.981884	425	505	26	10	80	0.1250000
NODE_20210_length_651_cov_49.981884	478	540	10	10	62	0.1612903
NODE_20210_length_651_cov_49.981884	478	540	14	7	62	0.1129032
NODE_20210_length_651_cov_49.981884	478	540	16	11	62	0.1774193
NODE_20210_length_651_cov_49.981884	478	540	18	5	62	0.0806452
NODE_20210_length_651_cov_49.981884	478	540	19	1	62	0.0161290
NODE_20210_length_651_cov_49.981884	478	540	20	7	62	0.1129032
NODE_20210_length_651_cov_49.981884	478	540	21	3	62	0.0483871
NODE_20210_length_651_cov_49.981884	478	540	22	2	62	0.0322581
NODE_20210_length_651_cov_49.981884	478	540	24	6	62	0.0967742
NODE_20210_length_651_cov_49.981884	478	540	25	7	62	0.1129032
NODE_20210_length_651_cov_49.981884	478	540	26	3	62	0.0483871
NODE_20210_length_651_cov_49.981884	478	540	10	10	62	0.1612903
NODE_20210_length_651_cov_49.981884	478	540	14	7	62	0.1129032
NODE_20210_length_651_cov_49.981884	478	540	16	11	62	0.1774193
NODE_20210_length_651_cov_49.981884	478	540	18	5	62	0.0806452
NODE_20210_length_651_cov_49.981884	478	540	19	1	62	0.0161290
NODE_20210_length_651_cov_49.981884	478	540	20	7	62	0.1129032
NODE_20210_length_651_cov_49.981884	478	540	21	3	62	0.0483871
NODE_20210_length_651_cov_49.981884	478	540	22	2	62	0.0322581
NODE_20210_length_651_cov_49.981884	478	540	24	6	62	0.0967742
NODE_20210_length_651_cov_49.981884	478	540	25	7	62	0.1129032
NODE_20210_length_651_cov_49.981884	478	540	26	3	62	0.0483871
NODE_20210_length_651_cov_49.981884	478	540	10	10	62	0.1612903
NODE_20210_length_651_cov_49.981884	478	540	14	7	62	0.1129032
NODE_20210_length_651_cov_49.981884	478	540	16	11	62	0.1774193
NODE_20210_length_651_cov_49.981884	478	540	18	5	62	0.0806452
NODE_20210_length_651_cov_49.981884	478	540	19	1	62	0.0161290
NODE_20210_length_651_cov_49.981884	478	540	20	7	62	0.1129032
NODE_20210_length_651_cov_49.981884	478	540	21	3	62	0.0483871
NODE_20210_length_651_cov_49.981884	478	540	22	2	62	0.0322581
NODE_20210_length_651_cov_49.981884	478	540	24	6	62	0.0967742
NODE_20210_length_651_cov_49.981884	478	540	25	7	62	0.1129032
NODE_20210_length_651_cov_49.981884	478	540	26	3	62	0.0483871
NODE_20210_length_651_cov_49.981884	478	542	10	12	64	0.1875000
NODE_20210_length_651_cov_49.981884	478	542	14	7	64	0.1093750
NODE_20210_length_651_cov_49.981884	478	542	16	11	64	0.1718750
NODE_20210_length_651_cov_49.981884	478	542	18	5	64	0.0781250
NODE_20210_length_651_cov_49.981884	478	542	19	1	64	0.0156250
NODE_20210_length_651_cov_49.981884	478	542	20	7	64	0.1093750
NODE_20210_length_651_cov_49.981884	478	542	21	3	64	0.0468750
NODE_20210_length_651_cov_49.981884	478	542	22	2	64	0.0312500
NODE_20210_length_651_cov_49.981884	478	542	24	6	64	0.0937500
NODE_20210_length_651_cov_49.981884	478	542	25	7	64	0.1093750
NODE_20210_length_651_cov_49.981884	478	542	26	3	64	0.0468750
NODE_20211_length_651_cov_36.121377	422	502	4	80	80	1.0000000
NODE_20211_length_651_cov_36.121377	475	555	4	80	80	1.0000000
NODE_20212_length_651_cov_20.045290	252	332	0	23	80	0.2875000
NODE_20212_length_651_cov_20.045290	252	332	2	57	80	0.7125000
NODE_20212_length_651_cov_20.045290	305	385	0	37	80	0.4625000
NODE_20212_length_651_cov_20.045290	305	385	1	1	80	0.0125000
NODE_20212_length_651_cov_20.045290	305	385	2	42	80	0.5250000
NODE_20213_length_651_cov_12.704710	264	344	0	2	80	0.0250000
NODE_20213_length_651_cov_12.704710	264	344	2	32	80	0.4000000
NODE_20213_length_651_cov_12.704710	264	344	4	46	80	0.5750000
NODE_20213_length_651_cov_12.704710	317	397	0	29	80	0.3625000
NODE_20213_length_651_cov_12.704710	317	397	2	6	80	0.0750000
NODE_20213_length_651_cov_12.704710	317	397	4	45	80	0.5625000
NODE_20214_length_651_cov_11.632246	205	285	0	80	80	1.0000000
NODE_20214_length_651_cov_11.632246	258	338	0	80	80	1.0000000
NODE_20215_length_651_cov_10.074275	369	449	2	3	80	0.0375000
NODE_20215_length_651_cov_10.074275	369	449	4	77	80	0.9625000
NODE_20215_length_651_cov_10.074275	422	502	0	43	80	0.5375000
NODE_20215_length_651_cov_10.074275	422	502	1	1	80	0.0125000
NODE_20215_length_651_cov_10.074275	422	502	2	12	80	0.1500000
NODE_20215_length_651_cov_10.074275	422	502	4	24	80	0.3000000
NODE_20216_length_651_cov_9.699275	199	279	0	80	80	1.0000000
NODE_20216_length_651_cov_9.699275	252	332	0	80	80	1.0000000
NODE_20219_length_651_cov_8.309783	217	296	0	79	79	1.0000000
NODE_20219_length_651_cov_8.309783	269	349	0	80	80	1.0000000
NODE_20220_length_651_cov_5.621377	148	228	0	36	80	0.4500000
NODE_20220_length_651_cov_5.621377	148	228	20	11	80	0.1375000
NODE_20220_length_651_cov_5.621377	148	228	21	33	80	0.4125000
NODE_20220_length_651_cov_5.621377	201	281	19	13	80	0.1625000
NODE_20220_length_651_cov_5.621377	201	281	20	51	80	0.6375000
NODE_20220_length_651_cov_5.621377	201	281	21	16	80	0.2000000
NODE_20221_length_651_cov_5.610507	342	422	0	4	80	0.0500000
NODE_20221_length_651_cov_5.610507	342	422	2	76	80	0.9500000
NODE_20221_length_651_cov_5.610507	395	475	0	57	80	0.7125000
NODE_20221_length_651_cov_5.610507	395	475	2	23	80	0.2875000
NODE_20225_length_651_cov_4.246377	299	359	2	60	60	1.0000000
NODE_20238_length_651_cov_2.744565	340	421	0	81	81	1.0000000
NODE_20252_length_651_cov_2.016304	280	311	0	31	31	1.0000000
NODE_20292_length_650_cov_22.644283	233	313	2	80	80	1.0000000
NODE_20292_length_650_cov_22.644283	286	366	0	30	80	0.3750000
NODE_20292_length_650_cov_22.644283	286	366	2	50	80	0.6250000
NODE_20293_length_650_cov_22.156080	269	349	2	80	80	1.0000000
NODE_20293_length_650_cov_22.156080	322	402	0	44	80	0.5500000
NODE_20293_length_650_cov_22.156080	322	402	2	36	80	0.4500000
NODE_20294_length_650_cov_20.012704	186	266	0	42	80	0.5250000
NODE_20294_length_650_cov_20.012704	186	266	2	38	80	0.4750000
NODE_20294_length_650_cov_20.012704	239	319	2	80	80	1.0000000
NODE_20295_length_650_cov_17.626134	52	132	4	11	80	0.1375000
NODE_20295_length_650_cov_17.626134	52	132	8	69	80	0.8625000
NODE_20295_length_650_cov_17.626134	105	185	0	30	80	0.3750000
NODE_20295_length_650_cov_17.626134	105	185	4	2	80	0.0250000
NODE_20295_length_650_cov_17.626134	105	185	8	48	80	0.6000000
NODE_20297_length_650_cov_10.687840	289	369	1	31	80	0.3875000
NODE_20297_length_650_cov_10.687840	289	369	2	38	80	0.4750000
NODE_20297_length_650_cov_10.687840	289	369	3	3	80	0.0375000
NODE_20297_length_650_cov_10.687840	289	369	5	8	80	0.1000000
NODE_20297_length_650_cov_10.687840	342	422	1	16	80	0.2000000
NODE_20297_length_650_cov_10.687840	342	422	3	3	80	0.0375000
NODE_20297_length_650_cov_10.687840	342	422	4	12	80	0.1500000
NODE_20297_length_650_cov_10.687840	342	422	5	49	80	0.6125000
NODE_20301_length_650_cov_6.519056	312	365	14	2	53	0.0377358
NODE_20301_length_650_cov_6.519056	312	365	20	1	53	0.0188679
NODE_20301_length_650_cov_6.519056	312	365	25	21	53	0.3962264
NODE_20301_length_650_cov_6.519056	312	365	26	29	53	0.5471698
NODE_20301_length_650_cov_6.519056	338	417	12	15	79	0.1898734
NODE_20301_length_650_cov_6.519056	338	417	24	36	79	0.4556962
NODE_20301_length_650_cov_6.519056	338	417	26	28	79	0.3544304
NODE_20302_length_650_cov_6.159710	243	323	0	3	80	0.0375000
NODE_20302_length_650_cov_6.159710	243	323	2	68	80	0.8500000
NODE_20302_length_650_cov_6.159710	243	323	6	9	80	0.1125000
NODE_20302_length_650_cov_6.159710	296	376	2	80	80	1.0000000
NODE_20318_length_650_cov_2.488203	213	266	0	1	53	0.0188679
NODE_20318_length_650_cov_2.488203	213	266	2	50	53	0.9433962
NODE_20318_length_650_cov_2.488203	213	266	6	2	53	0.0377358
NODE_20370_length_649_cov_20.780000	111	140	0	29	29	1.0000000
NODE_20370_length_649_cov_20.780000	111	191	0	71	80	0.8875000
NODE_20370_length_649_cov_20.780000	111	191	6	9	80	0.1125000
NODE_20370_length_649_cov_20.780000	138	161	0	23	23	1.0000000
NODE_20370_length_649_cov_20.780000	138	214	0	44	76	0.5789474
NODE_20370_length_649_cov_20.780000	138	214	6	32	76	0.4210526
NODE_20370_length_649_cov_20.780000	164	244	0	18	80	0.2250000
NODE_20370_length_649_cov_20.780000	164	244	6	62	80	0.7750000
NODE_20371_length_649_cov_17.938182	162	242	4	80	80	1.0000000
NODE_20371_length_649_cov_17.938182	215	295	0	19	80	0.2375000
NODE_20371_length_649_cov_17.938182	215	295	4	61	80	0.7625000
NODE_20372_length_649_cov_16.761818	395	475	0	48	80	0.6000000
NODE_20372_length_649_cov_16.761818	395	475	2	2	80	0.0250000
NODE_20372_length_649_cov_16.761818	395	475	4	30	80	0.3750000
NODE_20372_length_649_cov_16.761818	448	528	4	80	80	1.0000000
NODE_20373_length_649_cov_15.632727	226	306	0	51	80	0.6375000
NODE_20373_length_649_cov_15.632727	226	306	7	29	80	0.3625000
NODE_20373_length_649_cov_15.632727	279	359	7	39	80	0.4875000
NODE_20373_length_649_cov_15.632727	279	359	9	3	80	0.0375000
NODE_20373_length_649_cov_15.632727	279	359	16	38	80	0.4750000
NODE_20374_length_649_cov_15.516364	329	409	4	11	80	0.1375000
NODE_20374_length_649_cov_15.516364	329	409	12	69	80	0.8625000
NODE_20374_length_649_cov_15.516364	382	462	0	4	80	0.0500000
NODE_20374_length_649_cov_15.516364	382	462	2	5	80	0.0625000
NODE_20374_length_649_cov_15.516364	382	462	10	14	80	0.1750000
NODE_20374_length_649_cov_15.516364	382	462	12	57	80	0.7125000
NODE_20375_length_649_cov_10.374545	453	533	2	3	80	0.0375000
NODE_20375_length_649_cov_10.374545	453	533	3	1	80	0.0125000
NODE_20375_length_649_cov_10.374545	453	533	4	35	80	0.4375000
NODE_20375_length_649_cov_10.374545	453	533	6	41	80	0.5125000
NODE_20375_length_649_cov_10.374545	506	586	0	8	80	0.1000000
NODE_20375_length_649_cov_10.374545	506	586	2	48	80	0.6000000
NODE_20375_length_649_cov_10.374545	506	586	3	1	80	0.0125000
NODE_20375_length_649_cov_10.374545	506	586	4	5	80	0.0625000
NODE_20375_length_649_cov_10.374545	506	586	6	18	80	0.2250000
NODE_20382_length_649_cov_4.403636	213	293	0	80	80	1.0000000
NODE_20382_length_649_cov_4.403636	266	346	0	80	80	1.0000000
NODE_20454_length_648_cov_34.287796	343	423	4	38	80	0.4750000
NODE_20454_length_648_cov_34.287796	343	423	6	8	80	0.1000000
NODE_20454_length_648_cov_34.287796	343	423	8	34	80	0.4250000
NODE_20454_length_648_cov_34.287796	396	476	0	17	80	0.2125000
NODE_20454_length_648_cov_34.287796	396	476	2	19	80	0.2375000
NODE_20454_length_648_cov_34.287796	396	476	4	44	80	0.5500000
NODE_20454_length_648_cov_34.287796	472	552	0	6	80	0.0750000
NODE_20454_length_648_cov_34.287796	472	552	4	58	80	0.7250000
NODE_20454_length_648_cov_34.287796	472	552	6	16	80	0.2000000
NODE_20454_length_648_cov_34.287796	525	605	4	11	80	0.1375000
NODE_20454_length_648_cov_34.287796	525	605	6	69	80	0.8625000
NODE_20455_length_648_cov_19.433515	259	339	4	80	80	1.0000000
NODE_20455_length_648_cov_19.433515	312	392	0	39	80	0.4875000
NODE_20455_length_648_cov_19.433515	312	392	2	3	80	0.0375000
NODE_20455_length_648_cov_19.433515	312	392	4	38	80	0.4750000
NODE_20457_length_648_cov_8.391621	206	286	0	80	80	1.0000000
NODE_20457_length_648_cov_8.391621	259	339	0	80	80	1.0000000
NODE_20459_length_648_cov_6.573770	293	373	0	80	80	1.0000000
NODE_20459_length_648_cov_6.573770	346	426	0	80	80	1.0000000
NODE_20460_length_648_cov_6.431694	285	328	4	43	43	1.0000000
NODE_20463_length_648_cov_6.085610	257	337	0	75	80	0.9375000
NODE_20463_length_648_cov_6.085610	257	337	2	5	80	0.0625000
NODE_20463_length_648_cov_6.085610	310	390	0	22	80	0.2750000
NODE_20463_length_648_cov_6.085610	310	390	2	58	80	0.7250000
NODE_20483_length_648_cov_2.333333	19	86	0	67	67	1.0000000
NODE_20531_length_647_cov_18.489051	295	375	0	8	80	0.1000000
NODE_20531_length_647_cov_18.489051	295	375	2	38	80	0.4750000
NODE_20531_length_647_cov_18.489051	295	375	4	15	80	0.1875000
NODE_20531_length_647_cov_18.489051	295	375	6	19	80	0.2375000
NODE_20531_length_647_cov_18.489051	348	428	4	20	80	0.2500000
NODE_20531_length_647_cov_18.489051	348	428	6	60	80	0.7500000
NODE_20532_length_647_cov_14.677007	286	366	0	56	80	0.7000000
NODE_20532_length_647_cov_14.677007	286	366	2	24	80	0.3000000
NODE_20532_length_647_cov_14.677007	339	419	0	3	80	0.0375000
NODE_20532_length_647_cov_14.677007	339	419	2	77	80	0.9625000
NODE_20533_length_647_cov_10.895985	231	311	0	80	80	1.0000000
NODE_20533_length_647_cov_10.895985	284	364	0	80	80	1.0000000
NODE_20534_length_647_cov_9.116788	372	452	6	80	80	1.0000000
NODE_20534_length_647_cov_9.116788	425	505	0	34	80	0.4250000
NODE_20534_length_647_cov_9.116788	425	505	2	15	80	0.1875000
NODE_20534_length_647_cov_9.116788	425	505	6	31	80	0.3875000
NODE_20536_length_647_cov_6.410584	150	221	0	44	71	0.6197183
NODE_20536_length_647_cov_6.410584	150	221	4	27	71	0.3802817
NODE_20536_length_647_cov_6.410584	194	274	4	80	80	1.0000000
NODE_20539_length_647_cov_5.567518	239	319	4	37	80	0.4625000
NODE_20539_length_647_cov_5.567518	239	319	6	11	80	0.1375000
NODE_20539_length_647_cov_5.567518	239	319	8	32	80	0.4000000
NODE_20539_length_647_cov_5.567518	292	355	3	3	63	0.0476190
NODE_20539_length_647_cov_5.567518	292	355	4	1	63	0.0158730
NODE_20539_length_647_cov_5.567518	292	355	5	20	63	0.3174603
NODE_20539_length_647_cov_5.567518	292	355	6	15	63	0.2380952
NODE_20539_length_647_cov_5.567518	292	355	8	24	63	0.3809524
NODE_20539_length_647_cov_5.567518	348	416	3	1	68	0.0147059
NODE_20539_length_647_cov_5.567518	348	416	5	8	68	0.1176471
NODE_20539_length_647_cov_5.567518	348	416	7	3	68	0.0441176
NODE_20539_length_647_cov_5.567518	348	416	8	2	68	0.0294118
NODE_20539_length_647_cov_5.567518	348	416	10	16	68	0.2352941
NODE_20539_length_647_cov_5.567518	348	416	12	38	68	0.5588235
NODE_20539_length_647_cov_5.567518	401	469	10	68	68	1.0000000
NODE_20544_length_647_cov_3.775547	356	399	0	43	43	1.0000000
NODE_20550_length_647_cov_2.678832	239	319	2	80	80	1.0000000
NODE_20550_length_647_cov_2.678832	292	372	0	31	80	0.3875000
NODE_20550_length_647_cov_2.678832	292	372	2	49	80	0.6125000
NODE_20561_length_647_cov_1.937956	254	304	0	12	50	0.2400000
NODE_20561_length_647_cov_1.937956	254	304	2	38	50	0.7600000
NODE_20607_length_646_cov_56.226691	267	347	2	80	80	1.0000000
NODE_20607_length_646_cov_56.226691	320	400	0	14	80	0.1750000
NODE_20607_length_646_cov_56.226691	320	400	1	10	80	0.1250000
NODE_20607_length_646_cov_56.226691	320	400	2	56	80	0.7000000
NODE_20608_length_646_cov_23.747715	76	153	0	67	77	0.8701299
NODE_20608_length_646_cov_23.747715	76	153	6	10	77	0.1298701
NODE_20608_length_646_cov_23.747715	129	209	0	14	80	0.1750000
NODE_20608_length_646_cov_23.747715	129	209	6	66	80	0.8250000
NODE_20609_length_646_cov_22.740402	326	406	0	61	80	0.7625000
NODE_20609_length_646_cov_22.740402	326	406	2	19	80	0.2375000
NODE_20609_length_646_cov_22.740402	379	459	0	8	80	0.1000000
NODE_20609_length_646_cov_22.740402	379	459	2	72	80	0.9000000
NODE_20610_length_646_cov_15.160878	363	443	0	14	80	0.1750000
NODE_20610_length_646_cov_15.160878	363	443	2	66	80	0.8250000
NODE_20610_length_646_cov_15.160878	416	496	0	25	80	0.3125000
NODE_20610_length_646_cov_15.160878	416	496	2	55	80	0.6875000
NODE_20611_length_646_cov_9.429616	309	389	0	80	80	1.0000000
NODE_20611_length_646_cov_9.429616	362	442	0	80	80	1.0000000
NODE_20612_length_646_cov_9.246801	149	221	0	72	72	1.0000000
NODE_20613_length_646_cov_7.539305	227	307	0	20	80	0.2500000
NODE_20613_length_646_cov_7.539305	227	307	2	19	80	0.2375000
NODE_20613_length_646_cov_7.539305	227	307	5	41	80	0.5125000
NODE_20613_length_646_cov_7.539305	280	360	4	23	80	0.2875000
NODE_20613_length_646_cov_7.539305	280	360	5	48	80	0.6000000
NODE_20613_length_646_cov_7.539305	280	360	6	9	80	0.1125000
NODE_20614_length_646_cov_6.756856	236	316	6	80	80	1.0000000
NODE_20614_length_646_cov_6.756856	289	369	0	15	80	0.1875000
NODE_20614_length_646_cov_6.756856	289	369	6	65	80	0.8125000
NODE_20615_length_646_cov_6.480804	373	437	0	64	64	1.0000000
NODE_20615_length_646_cov_6.480804	410	490	0	80	80	1.0000000
NODE_20616_length_646_cov_6.396709	194	274	0	80	80	1.0000000
NODE_20616_length_646_cov_6.396709	254	327	0	73	73	1.0000000
NODE_20619_length_646_cov_4.652651	265	345	0	80	80	1.0000000
NODE_20623_length_646_cov_4.122486	401	452	0	51	51	1.0000000
NODE_20688_length_645_cov_95.882784	179	259	0	11	80	0.1375000
NODE_20688_length_645_cov_95.882784	179	259	2	59	80	0.7375000
NODE_20688_length_645_cov_95.882784	179	259	4	10	80	0.1250000
NODE_20688_length_645_cov_95.882784	232	312	2	31	80	0.3875000
NODE_20688_length_645_cov_95.882784	232	312	4	49	80	0.6125000
NODE_20689_length_645_cov_12.985348	343	423	0	80	80	1.0000000
NODE_20689_length_645_cov_12.985348	396	476	0	80	80	1.0000000
NODE_20691_length_645_cov_9.228938	254	334	0	76	80	0.9500000
NODE_20691_length_645_cov_9.228938	254	334	2	4	80	0.0500000
NODE_20691_length_645_cov_9.228938	307	387	0	23	80	0.2875000
NODE_20691_length_645_cov_9.228938	307	387	2	57	80	0.7125000
NODE_20692_length_645_cov_9.172161	293	373	0	80	80	1.0000000
NODE_20692_length_645_cov_9.172161	346	426	0	80	80	1.0000000
NODE_20697_length_645_cov_5.609890	461	541	0	21	80	0.2625000
NODE_20697_length_645_cov_5.609890	461	541	2	59	80	0.7375000
NODE_20697_length_645_cov_5.609890	514	594	0	74	80	0.9250000
NODE_20697_length_645_cov_5.609890	514	594	2	6	80	0.0750000
NODE_20698_length_645_cov_4.743590	237	317	0	80	80	1.0000000
NODE_20698_length_645_cov_4.743590	290	370	0	80	80	1.0000000
NODE_20716_length_645_cov_2.177656	373	416	0	39	43	0.9069768
NODE_20716_length_645_cov_2.177656	373	416	2	4	43	0.0930233
NODE_20762_length_644_cov_59.286239	323	401	234	1	78	0.0128205
NODE_20762_length_644_cov_59.286239	323	401	236	1	78	0.0128205
NODE_20762_length_644_cov_59.286239	323	401	246	1	78	0.0128205
NODE_20762_length_644_cov_59.286239	323	401	248	1	78	0.0128205
NODE_20762_length_644_cov_59.286239	323	401	254	1	78	0.0128205
NODE_20762_length_644_cov_59.286239	323	401	256	1	78	0.0128205
NODE_20762_length_644_cov_59.286239	323	401	258	3	78	0.0384615
NODE_20762_length_644_cov_59.286239	323	401	260	1	78	0.0128205
NODE_20762_length_644_cov_59.286239	323	401	261	1	78	0.0128205
NODE_20762_length_644_cov_59.286239	323	401	266	1	78	0.0128205
NODE_20762_length_644_cov_59.286239	323	401	268	1	78	0.0128205
NODE_20762_length_644_cov_59.286239	323	401	271	1	78	0.0128205
NODE_20762_length_644_cov_59.286239	323	401	272	1	78	0.0128205
NODE_20762_length_644_cov_59.286239	323	401	274	1	78	0.0128205
NODE_20762_length_644_cov_59.286239	323	401	276	2	78	0.0256410
NODE_20762_length_644_cov_59.286239	323	401	280	1	78	0.0128205
NODE_20762_length_644_cov_59.286239	323	401	284	1	78	0.0128205
NODE_20762_length_644_cov_59.286239	323	401	292	1	78	0.0128205
NODE_20762_length_644_cov_59.286239	323	401	293	2	78	0.0256410
NODE_20762_length_644_cov_59.286239	323	401	295	1	78	0.0128205
NODE_20762_length_644_cov_59.286239	323	401	297	1	78	0.0128205
NODE_20762_length_644_cov_59.286239	323	401	298	1	78	0.0128205
NODE_20762_length_644_cov_59.286239	323	401	300	1	78	0.0128205
NODE_20762_length_644_cov_59.286239	323	401	302	1	78	0.0128205
NODE_20762_length_644_cov_59.286239	323	401	306	1	78	0.0128205
NODE_20762_length_644_cov_59.286239	323	401	308	2	78	0.0256410
NODE_20762_length_644_cov_59.286239	323	401	309	1	78	0.0128205
NODE_20762_length_644_cov_59.286239	323	401	315	1	78	0.0128205
NODE_20762_length_644_cov_59.286239	323	401	317	3	78	0.0384615
NODE_20762_length_644_cov_59.286239	323	401	318	1	78	0.0128205
NODE_20762_length_644_cov_59.286239	323	401	321	3	78	0.0384615
NODE_20762_length_644_cov_59.286239	323	401	322	1	78	0.0128205
NODE_20762_length_644_cov_59.286239	323	401	323	2	78	0.0256410
NODE_20762_length_644_cov_59.286239	323	401	325	1	78	0.0128205
NODE_20762_length_644_cov_59.286239	323	401	327	1	78	0.0128205
NODE_20762_length_644_cov_59.286239	323	401	329	1	78	0.0128205
NODE_20762_length_644_cov_59.286239	323	401	330	2	78	0.0256410
NODE_20762_length_644_cov_59.286239	323	401	331	1	78	0.0128205
NODE_20762_length_644_cov_59.286239	323	401	334	1	78	0.0128205
NODE_20762_length_644_cov_59.286239	323	401	338	1	78	0.0128205
NODE_20762_length_644_cov_59.286239	323	401	339	4	78	0.0512821
NODE_20762_length_644_cov_59.286239	323	401	341	7	78	0.0897436
NODE_20762_length_644_cov_59.286239	323	401	342	6	78	0.0769231
NODE_20762_length_644_cov_59.286239	323	401	343	9	78	0.1153846
NODE_20762_length_644_cov_59.286239	323	401	345	1	78	0.0128205
NODE_20763_length_644_cov_27.577982	63	143	1	8	80	0.1000000
NODE_20763_length_644_cov_27.577982	63	143	2	1	80	0.0125000
NODE_20763_length_644_cov_27.577982	63	143	10	47	80	0.5875000
NODE_20763_length_644_cov_27.577982	63	143	17	1	80	0.0125000
NODE_20763_length_644_cov_27.577982	63	143	18	23	80	0.2875000
NODE_20763_length_644_cov_27.577982	116	196	10	3	80	0.0375000
NODE_20763_length_644_cov_27.577982	116	196	17	11	80	0.1375000
NODE_20763_length_644_cov_27.577982	116	196	18	66	80	0.8250000
NODE_20765_length_644_cov_10.073394	284	364	0	80	80	1.0000000
NODE_20765_length_644_cov_10.073394	337	417	0	80	80	1.0000000
NODE_20845_length_643_cov_27.562500	201	281	0	80	80	1.0000000
NODE_20845_length_643_cov_27.562500	254	334	0	61	80	0.7625000
NODE_20845_length_643_cov_27.562500	254	334	2	19	80	0.2375000
NODE_20845_length_643_cov_27.562500	330	410	0	11	80	0.1375000
NODE_20845_length_643_cov_27.562500	330	410	2	69	80	0.8625000
NODE_20845_length_643_cov_27.562500	383	463	0	64	80	0.8000000
NODE_20845_length_643_cov_27.562500	383	463	2	16	80	0.2000000
NODE_20846_length_643_cov_12.895221	203	283	6	80	80	1.0000000
NODE_20846_length_643_cov_12.895221	256	336	0	33	80	0.4125000
NODE_20846_length_643_cov_12.895221	256	336	4	20	80	0.2500000
NODE_20846_length_643_cov_12.895221	256	336	6	27	80	0.3375000
NODE_20847_length_643_cov_10.501838	280	360	0	80	80	1.0000000
NODE_20847_length_643_cov_10.501838	333	413	0	80	80	1.0000000
NODE_20848_length_643_cov_9.136029	307	385	2	78	78	1.0000000
NODE_20848_length_643_cov_9.136029	358	438	0	13	80	0.1625000
NODE_20848_length_643_cov_9.136029	358	438	1	10	80	0.1250000
NODE_20848_length_643_cov_9.136029	358	438	2	57	80	0.7125000
NODE_20849_length_643_cov_8.264706	202	282	4	14	80	0.1750000
NODE_20849_length_643_cov_8.264706	202	282	6	66	80	0.8250000
NODE_20849_length_643_cov_8.264706	255	335	0	31	80	0.3875000
NODE_20849_length_643_cov_8.264706	255	335	2	4	80	0.0500000
NODE_20849_length_643_cov_8.264706	255	335	6	45	80	0.5625000
NODE_20851_length_643_cov_7.137868	173	253	0	80	80	1.0000000
NODE_20851_length_643_cov_7.137868	226	306	0	80	80	1.0000000
NODE_20855_length_643_cov_5.851103	255	335	8	80	80	1.0000000
NODE_20855_length_643_cov_5.851103	308	388	0	30	80	0.3750000
NODE_20855_length_643_cov_5.851103	308	388	4	1	80	0.0125000
NODE_20855_length_643_cov_5.851103	308	388	6	18	80	0.2250000
NODE_20855_length_643_cov_5.851103	308	388	8	31	80	0.3875000
NODE_20869_length_643_cov_3.121324	283	348	0	65	65	1.0000000
NODE_20872_length_643_cov_2.806985	387	451	0	64	64	1.0000000
NODE_20942_length_642_cov_36.309392	156	236	0	11	80	0.1375000
NODE_20942_length_642_cov_36.309392	156	236	2	69	80	0.8625000
NODE_20942_length_642_cov_36.309392	209	289	0	30	80	0.3750000
NODE_20942_length_642_cov_36.309392	209	289	2	50	80	0.6250000
NODE_20943_length_642_cov_27.046041	154	234	0	2	80	0.0250000
NODE_20943_length_642_cov_27.046041	154	234	4	22	80	0.2750000
NODE_20943_length_642_cov_27.046041	154	234	10	56	80	0.7000000
NODE_20943_length_642_cov_27.046041	207	287	0	8	80	0.1000000
NODE_20943_length_642_cov_27.046041	207	287	4	12	80	0.1500000
NODE_20943_length_642_cov_27.046041	207	287	10	60	80	0.7500000
NODE_20944_length_642_cov_26.290976	209	289	0	46	80	0.5750000
NODE_20944_length_642_cov_26.290976	209	289	6	1	80	0.0125000
NODE_20944_length_642_cov_26.290976	209	289	7	33	80	0.4125000
NODE_20944_length_642_cov_26.290976	262	342	6	39	80	0.4875000
NODE_20944_length_642_cov_26.290976	262	342	7	41	80	0.5125000
NODE_20945_length_642_cov_11.651934	309	389	0	80	80	1.0000000
NODE_20945_length_642_cov_11.651934	362	442	0	80	80	1.0000000
NODE_20947_length_642_cov_6.692449	453	533	2	26	80	0.3250000
NODE_20947_length_642_cov_6.692449	453	533	4	49	80	0.6125000
NODE_20947_length_642_cov_6.692449	453	533	6	5	80	0.0625000
NODE_20947_length_642_cov_6.692449	506	586	2	79	80	0.9875000
NODE_20947_length_642_cov_6.692449	506	586	6	1	80	0.0125000
NODE_20951_length_642_cov_5.933702	260	340	4	68	80	0.8500000
NODE_20951_length_642_cov_5.933702	260	340	6	12	80	0.1500000
NODE_20951_length_642_cov_5.933702	313	391	4	22	78	0.2820513
NODE_20951_length_642_cov_5.933702	313	391	6	56	78	0.7179487
NODE_20967_length_642_cov_2.823204	115	158	1	4	43	0.0930233
NODE_20967_length_642_cov_2.823204	115	158	2	1	43	0.0232558
NODE_20967_length_642_cov_2.823204	115	158	4	26	43	0.6046512
NODE_20967_length_642_cov_2.823204	115	158	8	12	43	0.2790698
NODE_20967_length_642_cov_2.823204	245	300	29	2	55	0.0363636
NODE_20967_length_642_cov_2.823204	245	300	30	1	55	0.0181818
NODE_20967_length_642_cov_2.823204	245	300	32	3	55	0.0545455
NODE_20967_length_642_cov_2.823204	245	300	33	26	55	0.4727273
NODE_20967_length_642_cov_2.823204	245	300	34	3	55	0.0545455
NODE_20967_length_642_cov_2.823204	245	300	35	2	55	0.0363636
NODE_20967_length_642_cov_2.823204	245	300	36	10	55	0.1818182
NODE_20967_length_642_cov_2.823204	245	300	37	8	55	0.1454545
NODE_20967_length_642_cov_2.823204	329	410	6	15	81	0.1851852
NODE_20967_length_642_cov_2.823204	329	410	7	1	81	0.0123457
NODE_20967_length_642_cov_2.823204	329	410	9	15	81	0.1851852
NODE_20967_length_642_cov_2.823204	329	410	13	10	81	0.1234568
NODE_20967_length_642_cov_2.823204	329	410	17	6	81	0.0740741
NODE_20967_length_642_cov_2.823204	329	410	21	5	81	0.0617284
NODE_20967_length_642_cov_2.823204	329	410	27	7	81	0.0864198
NODE_20967_length_642_cov_2.823204	329	410	28	4	81	0.0493827
NODE_20967_length_642_cov_2.823204	329	410	30	18	81	0.2222222
NODE_20991_length_642_cov_1.357274	0	75	0	75	75	1.0000000
NODE_21018_length_641_cov_38.675277	284	345	78	1	61	0.0163934
NODE_21018_length_641_cov_38.675277	284	345	88	3	61	0.0491803
NODE_21018_length_641_cov_38.675277	284	345	89	1	61	0.0163934
NODE_21018_length_641_cov_38.675277	284	345	92	8	61	0.1311475
NODE_21018_length_641_cov_38.675277	284	345	93	1	61	0.0163934
NODE_21018_length_641_cov_38.675277	284	345	96	1	61	0.0163934
NODE_21018_length_641_cov_38.675277	284	345	97	2	61	0.0327869
NODE_21018_length_641_cov_38.675277	284	345	98	1	61	0.0163934
NODE_21018_length_641_cov_38.675277	284	345	100	1	61	0.0163934
NODE_21018_length_641_cov_38.675277	284	345	106	1	61	0.0163934
NODE_21018_length_641_cov_38.675277	284	345	111	1	61	0.0163934
NODE_21018_length_641_cov_38.675277	284	345	112	2	61	0.0327869
NODE_21018_length_641_cov_38.675277	284	345	114	2	61	0.0327869
NODE_21018_length_641_cov_38.675277	284	345	116	2	61	0.0327869
NODE_21018_length_641_cov_38.675277	284	345	117	3	61	0.0491803
NODE_21018_length_641_cov_38.675277	284	345	118	2	61	0.0327869
NODE_21018_length_641_cov_38.675277	284	345	122	3	61	0.0491803
NODE_21018_length_641_cov_38.675277	284	345	123	4	61	0.0655738
NODE_21018_length_641_cov_38.675277	284	345	124	2	61	0.0327869
NODE_21018_length_641_cov_38.675277	284	345	129	4	61	0.0655738
NODE_21018_length_641_cov_38.675277	284	345	130	1	61	0.0163934
NODE_21018_length_641_cov_38.675277	284	345	132	1	61	0.0163934
NODE_21018_length_641_cov_38.675277	284	345	136	4	61	0.0655738
NODE_21018_length_641_cov_38.675277	284	345	138	2	61	0.0327869
NODE_21018_length_641_cov_38.675277	284	345	139	2	61	0.0327869
NODE_21018_length_641_cov_38.675277	284	345	140	1	61	0.0163934
NODE_21018_length_641_cov_38.675277	284	345	141	3	61	0.0491803
NODE_21018_length_641_cov_38.675277	284	345	143	2	61	0.0327869
NODE_21018_length_641_cov_38.675277	318	369	118	2	51	0.0392157
NODE_21018_length_641_cov_38.675277	318	369	119	1	51	0.0196078
NODE_21018_length_641_cov_38.675277	318	369	122	2	51	0.0392157
NODE_21018_length_641_cov_38.675277	318	369	123	2	51	0.0392157
NODE_21018_length_641_cov_38.675277	318	369	124	3	51	0.0588235
NODE_21018_length_641_cov_38.675277	318	369	129	4	51	0.0784314
NODE_21018_length_641_cov_38.675277	318	369	130	6	51	0.1176471
NODE_21018_length_641_cov_38.675277	318	369	132	1	51	0.0196078
NODE_21018_length_641_cov_38.675277	318	369	133	4	51	0.0784314
NODE_21018_length_641_cov_38.675277	318	369	134	8	51	0.1568628
NODE_21018_length_641_cov_38.675277	318	369	136	4	51	0.0784314
NODE_21018_length_641_cov_38.675277	318	369	138	6	51	0.1176471
NODE_21018_length_641_cov_38.675277	318	369	139	2	51	0.0392157
NODE_21018_length_641_cov_38.675277	318	369	140	1	51	0.0196078
NODE_21018_length_641_cov_38.675277	318	369	141	3	51	0.0588235
NODE_21018_length_641_cov_38.675277	318	369	143	2	51	0.0392157
NODE_21019_length_641_cov_15.271218	260	340	0	12	80	0.1500000
NODE_21019_length_641_cov_15.271218	260	340	8	68	80	0.8500000
NODE_21019_length_641_cov_15.271218	313	393	8	80	80	1.0000000
NODE_21021_length_641_cov_12.584871	363	443	0	80	80	1.0000000
NODE_21021_length_641_cov_12.584871	416	496	0	80	80	1.0000000
NODE_21022_length_641_cov_11.125461	38	118	0	15	80	0.1875000
NODE_21022_length_641_cov_11.125461	38	118	3	3	80	0.0375000
NODE_21022_length_641_cov_11.125461	38	118	5	1	80	0.0125000
NODE_21022_length_641_cov_11.125461	38	118	6	61	80	0.7625000
NODE_21022_length_641_cov_11.125461	91	171	6	80	80	1.0000000
NODE_21025_length_641_cov_7.719557	84	138	0	15	54	0.2777778
NODE_21025_length_641_cov_7.719557	84	138	2	39	54	0.7222222
NODE_21025_length_641_cov_7.719557	113	193	0	9	80	0.1125000
NODE_21025_length_641_cov_7.719557	113	193	2	71	80	0.8875000
NODE_21026_length_641_cov_7.675277	232	312	0	80	80	1.0000000
NODE_21026_length_641_cov_7.675277	285	365	0	80	80	1.0000000
NODE_21027_length_641_cov_7.675277	255	335	7	12	80	0.1500000
NODE_21027_length_641_cov_7.675277	255	335	9	13	80	0.1625000
NODE_21027_length_641_cov_7.675277	255	335	12	25	80	0.3125000
NODE_21027_length_641_cov_7.675277	255	335	13	8	80	0.1000000
NODE_21027_length_641_cov_7.675277	255	335	14	22	80	0.2750000
NODE_21027_length_641_cov_7.675277	308	388	1	24	80	0.3000000
NODE_21027_length_641_cov_7.675277	308	388	2	13	80	0.1625000
NODE_21027_length_641_cov_7.675277	308	388	4	8	80	0.1000000
NODE_21027_length_641_cov_7.675277	308	388	7	20	80	0.2500000
NODE_21027_length_641_cov_7.675277	308	388	9	13	80	0.1625000
NODE_21027_length_641_cov_7.675277	308	388	12	2	80	0.0250000
NODE_21028_length_641_cov_7.627306	262	342	2	19	80	0.2375000
NODE_21028_length_641_cov_7.627306	262	342	4	61	80	0.7625000
NODE_21028_length_641_cov_7.627306	315	395	0	24	80	0.3000000
NODE_21028_length_641_cov_7.627306	315	395	2	39	80	0.4875000
NODE_21028_length_641_cov_7.627306	315	395	4	17	80	0.2125000
NODE_21029_length_641_cov_7.282288	247	300	0	53	53	1.0000000
NODE_21031_length_641_cov_5.029520	138	218	0	80	80	1.0000000
NODE_21031_length_641_cov_5.029520	191	271	0	80	80	1.0000000
NODE_21034_length_641_cov_4.701107	238	282	0	44	44	1.0000000
NODE_21109_length_640_cov_39.676525	524	597	31	4	73	0.0547945
NODE_21109_length_640_cov_39.676525	524	597	37	1	73	0.0136986
NODE_21109_length_640_cov_39.676525	524	597	39	5	73	0.0684932
NODE_21109_length_640_cov_39.676525	524	597	40	3	73	0.0410959
NODE_21109_length_640_cov_39.676525	524	597	42	3	73	0.0410959
NODE_21109_length_640_cov_39.676525	524	597	46	4	73	0.0547945
NODE_21109_length_640_cov_39.676525	524	597	48	9	73	0.1232877
NODE_21109_length_640_cov_39.676525	524	597	50	7	73	0.0958904
NODE_21109_length_640_cov_39.676525	524	597	52	9	73	0.1232877
NODE_21109_length_640_cov_39.676525	524	597	54	1	73	0.0136986
NODE_21109_length_640_cov_39.676525	524	597	56	8	73	0.1095890
NODE_21109_length_640_cov_39.676525	524	597	58	19	73	0.2602740
NODE_21109_length_640_cov_39.676525	564	605	29	5	41	0.1219512
NODE_21109_length_640_cov_39.676525	564	605	31	7	41	0.1707317
NODE_21109_length_640_cov_39.676525	564	605	37	1	41	0.0243902
NODE_21109_length_640_cov_39.676525	564	605	39	5	41	0.1219512
NODE_21109_length_640_cov_39.676525	564	605	40	3	41	0.0731707
NODE_21109_length_640_cov_39.676525	564	605	42	3	41	0.0731707
NODE_21109_length_640_cov_39.676525	564	605	46	4	41	0.0975610
NODE_21109_length_640_cov_39.676525	564	605	48	6	41	0.1463415
NODE_21109_length_640_cov_39.676525	564	605	50	4	41	0.0975610
NODE_21109_length_640_cov_39.676525	564	605	52	3	41	0.0731707
NODE_21110_length_640_cov_19.578558	273	353	0	80	80	1.0000000
NODE_21110_length_640_cov_19.578558	326	406	0	80	80	1.0000000
NODE_21111_length_640_cov_15.717190	178	258	2	45	80	0.5625000
NODE_21111_length_640_cov_15.717190	178	258	4	35	80	0.4375000
NODE_21111_length_640_cov_15.717190	231	311	2	20	80	0.2500000
NODE_21111_length_640_cov_15.717190	231	311	4	60	80	0.7500000
NODE_21112_length_640_cov_15.338262	319	399	0	80	80	1.0000000
NODE_21112_length_640_cov_15.338262	372	452	0	80	80	1.0000000
NODE_21113_length_640_cov_9.523105	20	43	0	23	23	1.0000000
NODE_21118_length_640_cov_5.123845	272	335	0	63	63	1.0000000
NODE_21121_length_640_cov_4.410351	254	334	0	80	80	1.0000000
NODE_21121_length_640_cov_4.410351	307	387	0	80	80	1.0000000
NODE_21129_length_640_cov_3.406654	244	324	2	24	80	0.3000000
NODE_21129_length_640_cov_3.406654	244	324	4	56	80	0.7000000
NODE_21140_length_640_cov_2.316081	21	57	0	36	36	1.0000000
NODE_21190_length_639_cov_58.092593	302	377	0	75	75	1.0000000
NODE_21190_length_639_cov_58.092593	350	430	0	80	80	1.0000000
NODE_21191_length_639_cov_32.951852	213	293	0	30	80	0.3750000
NODE_21191_length_639_cov_32.951852	213	293	2	14	80	0.1750000
NODE_21191_length_639_cov_32.951852	213	293	4	36	80	0.4500000
NODE_21191_length_639_cov_32.951852	266	346	0	80	80	1.0000000
NODE_21192_length_639_cov_24.564815	290	370	2	25	80	0.3125000
NODE_21192_length_639_cov_24.564815	290	370	4	55	80	0.6875000
NODE_21192_length_639_cov_24.564815	343	423	0	33	80	0.4125000
NODE_21192_length_639_cov_24.564815	343	423	2	32	80	0.4000000
NODE_21192_length_639_cov_24.564815	343	423	4	15	80	0.1875000
NODE_21193_length_639_cov_14.448148	288	368	0	80	80	1.0000000
NODE_21193_length_639_cov_14.448148	341	421	0	80	80	1.0000000
NODE_21195_length_639_cov_9.001852	265	345	6	30	80	0.3750000
NODE_21195_length_639_cov_9.001852	265	345	8	50	80	0.6250000
NODE_21195_length_639_cov_9.001852	318	398	2	27	80	0.3375000
NODE_21195_length_639_cov_9.001852	318	398	7	1	80	0.0125000
NODE_21195_length_639_cov_9.001852	318	398	8	52	80	0.6500000
NODE_21197_length_639_cov_8.444444	161	241	0	80	80	1.0000000
NODE_21197_length_639_cov_8.444444	214	294	0	80	80	1.0000000
NODE_21202_length_639_cov_6.283333	157	176	0	19	19	1.0000000
NODE_21207_length_639_cov_4.188889	258	335	0	77	77	1.0000000
NODE_21207_length_639_cov_4.188889	308	354	0	46	46	1.0000000
NODE_21213_length_639_cov_3.448148	126	206	0	80	80	1.0000000
NODE_21213_length_639_cov_3.448148	179	259	0	80	80	1.0000000
NODE_21223_length_639_cov_2.683333	256	288	0	32	32	1.0000000
NODE_21224_length_639_cov_2.555556	189	240	2	47	51	0.9215686
NODE_21224_length_639_cov_2.555556	189	240	4	4	51	0.0784314
NODE_21225_length_639_cov_2.477778	562	635	0	73	73	1.0000000
NODE_21265_length_639_cov_1.179630	542	564	0	22	22	1.0000000
NODE_21269_length_639_cov_1.051852	404	455	0	51	51	1.0000000
NODE_21278_length_638_cov_13.018553	273	353	4	44	80	0.5500000
NODE_21278_length_638_cov_13.018553	273	353	6	36	80	0.4500000
NODE_21278_length_638_cov_13.018553	326	406	2	23	80	0.2875000
NODE_21278_length_638_cov_13.018553	326	406	6	57	80	0.7125000
NODE_21279_length_638_cov_12.656772	343	423	2	43	80	0.5375000
NODE_21279_length_638_cov_12.656772	343	423	4	14	80	0.1750000
NODE_21279_length_638_cov_12.656772	343	423	6	23	80	0.2875000
NODE_21279_length_638_cov_12.656772	396	476	2	12	80	0.1500000
NODE_21279_length_638_cov_12.656772	396	476	4	35	80	0.4375000
NODE_21279_length_638_cov_12.656772	396	476	6	33	80	0.4125000
NODE_21280_length_638_cov_11.877551	298	378	2	80	80	1.0000000
NODE_21280_length_638_cov_11.877551	351	431	0	33	80	0.4125000
NODE_21280_length_638_cov_11.877551	351	431	2	47	80	0.5875000
NODE_21281_length_638_cov_8.779221	330	408	0	14	78	0.1794872
NODE_21281_length_638_cov_8.779221	330	408	2	64	78	0.8205128
NODE_21281_length_638_cov_8.779221	383	461	0	17	78	0.2179487
NODE_21281_length_638_cov_8.779221	383	461	2	61	78	0.7820513
NODE_21284_length_638_cov_5.543599	315	395	0	80	80	1.0000000
NODE_21290_length_638_cov_3.966605	307	387	0	80	80	1.0000000
NODE_21301_length_638_cov_2.786642	157	208	0	51	51	1.0000000
NODE_21301_length_638_cov_2.786642	181	261	0	80	80	1.0000000
NODE_21364_length_637_cov_67.157993	285	365	4	29	80	0.3625000
NODE_21364_length_637_cov_67.157993	285	365	6	51	80	0.6375000
NODE_21364_length_637_cov_67.157993	338	418	0	5	80	0.0625000
NODE_21364_length_637_cov_67.157993	338	418	2	42	80	0.5250000
NODE_21364_length_637_cov_67.157993	338	418	6	33	80	0.4125000
NODE_21364_length_637_cov_67.157993	414	494	0	80	80	1.0000000
NODE_21364_length_637_cov_67.157993	467	547	0	80	80	1.0000000
NODE_21365_length_637_cov_63.029740	195	275	0	36	80	0.4500000
NODE_21365_length_637_cov_63.029740	195	275	2	44	80	0.5500000
NODE_21365_length_637_cov_63.029740	248	328	0	80	80	1.0000000
NODE_21366_length_637_cov_44.923792	53	133	2	80	80	1.0000000
NODE_21366_length_637_cov_44.923792	54	133	2	79	79	1.0000000
NODE_21366_length_637_cov_44.923792	106	186	0	3	80	0.0375000
NODE_21366_length_637_cov_44.923792	106	186	2	77	80	0.9625000
NODE_21366_length_637_cov_44.923792	106	186	0	3	80	0.0375000
NODE_21366_length_637_cov_44.923792	106	186	2	77	80	0.9625000
NODE_21366_length_637_cov_44.923792	182	262	0	4	80	0.0500000
NODE_21366_length_637_cov_44.923792	182	262	2	1	80	0.0125000
NODE_21366_length_637_cov_44.923792	182	262	4	75	80	0.9375000
NODE_21366_length_637_cov_44.923792	235	315	0	14	80	0.1750000
NODE_21366_length_637_cov_44.923792	235	315	4	66	80	0.8250000
NODE_21367_length_637_cov_44.193309	193	273	2	11	80	0.1375000
NODE_21367_length_637_cov_44.193309	193	273	4	48	80	0.6000000
NODE_21367_length_637_cov_44.193309	193	273	12	21	80	0.2625000
NODE_21367_length_637_cov_44.193309	246	326	2	6	80	0.0750000
NODE_21367_length_637_cov_44.193309	246	326	10	13	80	0.1625000
NODE_21367_length_637_cov_44.193309	246	326	12	61	80	0.7625000
NODE_21368_length_637_cov_37.855019	215	295	0	16	80	0.2000000
NODE_21368_length_637_cov_37.855019	215	295	2	58	80	0.7250000
NODE_21368_length_637_cov_37.855019	215	295	4	6	80	0.0750000
NODE_21368_length_637_cov_37.855019	268	347	0	16	79	0.2025317
NODE_21368_length_637_cov_37.855019	268	347	2	5	79	0.0632911
NODE_21368_length_637_cov_37.855019	268	347	4	58	79	0.7341772
NODE_21369_length_637_cov_33.957249	332	412	0	80	80	1.0000000
NODE_21369_length_637_cov_33.957249	385	465	0	80	80	1.0000000
NODE_21370_length_637_cov_23.682156	275	355	0	11	80	0.1375000
NODE_21370_length_637_cov_23.682156	275	355	2	69	80	0.8625000
NODE_21370_length_637_cov_23.682156	328	408	0	10	80	0.1250000
NODE_21370_length_637_cov_23.682156	328	408	2	70	80	0.8750000
NODE_21371_length_637_cov_19.676580	267	347	0	69	80	0.8625000
NODE_21371_length_637_cov_19.676580	267	347	4	11	80	0.1375000
NODE_21371_length_637_cov_19.676580	320	400	0	16	80	0.2000000
NODE_21371_length_637_cov_19.676580	320	400	4	64	80	0.8000000
NODE_21373_length_637_cov_9.182156	226	276	4	50	50	1.0000000
NODE_21373_length_637_cov_9.182156	312	357	4	45	45	1.0000000
NODE_21374_length_637_cov_9.078067	276	357	0	65	81	0.8024691
NODE_21374_length_637_cov_9.078067	276	357	2	16	81	0.1975309
NODE_21374_length_637_cov_9.078067	330	410	0	16	80	0.2000000
NODE_21374_length_637_cov_9.078067	330	410	2	64	80	0.8000000
NODE_21375_length_637_cov_8.566914	235	315	0	80	80	1.0000000
NODE_21375_length_637_cov_8.566914	288	368	0	80	80	1.0000000
NODE_21378_length_637_cov_6.652416	337	415	4	19	78	0.2435897
NODE_21378_length_637_cov_6.652416	337	415	5	9	78	0.1153846
NODE_21378_length_637_cov_6.652416	337	415	6	50	78	0.6410257
NODE_21378_length_637_cov_6.652416	390	472	3	27	82	0.3292683
NODE_21378_length_637_cov_6.652416	390	472	5	30	82	0.3658537
NODE_21378_length_637_cov_6.652416	390	472	6	25	82	0.3048781
NODE_21385_length_637_cov_4.522305	284	364	0	80	80	1.0000000
NODE_21385_length_637_cov_4.522305	337	417	0	80	80	1.0000000
NODE_21389_length_637_cov_4.131970	292	370	0	78	78	1.0000000
NODE_21389_length_637_cov_4.131970	343	423	0	80	80	1.0000000
NODE_21457_length_636_cov_19.938547	214	294	0	80	80	1.0000000
NODE_21457_length_636_cov_19.938547	267	347	0	80	80	1.0000000
NODE_21458_length_636_cov_12.283054	295	375	2	1	80	0.0125000
NODE_21458_length_636_cov_12.283054	295	375	4	42	80	0.5250000
NODE_21458_length_636_cov_12.283054	295	375	6	37	80	0.4625000
NODE_21458_length_636_cov_12.283054	348	428	0	11	80	0.1375000
NODE_21458_length_636_cov_12.283054	348	428	2	23	80	0.2875000
NODE_21458_length_636_cov_12.283054	348	428	4	34	80	0.4250000
NODE_21458_length_636_cov_12.283054	348	428	6	12	80	0.1500000
NODE_21460_length_636_cov_8.312849	346	413	0	6	67	0.0895522
NODE_21460_length_636_cov_8.312849	346	413	2	61	67	0.9104478
NODE_21460_length_636_cov_8.312849	399	479	0	20	80	0.2500000
NODE_21460_length_636_cov_8.312849	399	479	2	60	80	0.7500000
NODE_21467_length_636_cov_4.324022	185	251	2	4	66	0.0606061
NODE_21467_length_636_cov_4.324022	185	251	4	35	66	0.5303030
NODE_21467_length_636_cov_4.324022	185	251	10	7	66	0.1060606
NODE_21467_length_636_cov_4.324022	185	251	12	20	66	0.3030303
NODE_21467_length_636_cov_4.324022	224	266	10	7	42	0.1666667
NODE_21467_length_636_cov_4.324022	224	266	12	35	42	0.8333333
NODE_21467_length_636_cov_4.324022	224	264	10	7	40	0.1750000
NODE_21467_length_636_cov_4.324022	224	264	12	33	40	0.8250000
NODE_21539_length_635_cov_45.483209	195	239	65	1	44	0.0227273
NODE_21539_length_635_cov_45.483209	195	239	66	2	44	0.0454545
NODE_21539_length_635_cov_45.483209	195	239	67	2	44	0.0454545
NODE_21539_length_635_cov_45.483209	195	239	68	4	44	0.0909091
NODE_21539_length_635_cov_45.483209	195	239	69	11	44	0.2500000
NODE_21539_length_635_cov_45.483209	195	239	71	2	44	0.0454545
NODE_21539_length_635_cov_45.483209	195	239	73	2	44	0.0454545
NODE_21539_length_635_cov_45.483209	195	239	76	1	44	0.0227273
NODE_21539_length_635_cov_45.483209	195	239	77	4	44	0.0909091
NODE_21539_length_635_cov_45.483209	195	239	79	9	44	0.2045455
NODE_21539_length_635_cov_45.483209	195	239	81	6	44	0.1363636
NODE_21539_length_635_cov_45.483209	225	268	62	1	43	0.0232558
NODE_21539_length_635_cov_45.483209	225	268	70	1	43	0.0232558
NODE_21539_length_635_cov_45.483209	225	268	71	3	43	0.0697674
NODE_21539_length_635_cov_45.483209	225	268	73	3	43	0.0697674
NODE_21539_length_635_cov_45.483209	225	268	74	2	43	0.0465116
NODE_21539_length_635_cov_45.483209	225	268	75	10	43	0.2325581
NODE_21539_length_635_cov_45.483209	225	268	76	1	43	0.0232558
NODE_21539_length_635_cov_45.483209	225	268	77	8	43	0.1860465
NODE_21539_length_635_cov_45.483209	225	268	79	8	43	0.1860465
NODE_21539_length_635_cov_45.483209	225	268	81	6	43	0.1395349
NODE_21539_length_635_cov_45.483209	248	298	36	1	50	0.0200000
NODE_21539_length_635_cov_45.483209	248	298	38	4	50	0.0800000
NODE_21539_length_635_cov_45.483209	248	298	42	1	50	0.0200000
NODE_21539_length_635_cov_45.483209	248	298	44	2	50	0.0400000
NODE_21539_length_635_cov_45.483209	248	298	46	3	50	0.0600000
NODE_21539_length_635_cov_45.483209	248	298	48	2	50	0.0400000
NODE_21539_length_635_cov_45.483209	248	298	50	3	50	0.0600000
NODE_21539_length_635_cov_45.483209	248	298	52	3	50	0.0600000
NODE_21539_length_635_cov_45.483209	248	298	54	2	50	0.0400000
NODE_21539_length_635_cov_45.483209	248	298	57	1	50	0.0200000
NODE_21539_length_635_cov_45.483209	248	298	58	8	50	0.1600000
NODE_21539_length_635_cov_45.483209	248	298	62	1	50	0.0200000
NODE_21539_length_635_cov_45.483209	248	298	70	1	50	0.0200000
NODE_21539_length_635_cov_45.483209	248	298	71	3	50	0.0600000
NODE_21539_length_635_cov_45.483209	248	298	73	3	50	0.0600000
NODE_21539_length_635_cov_45.483209	248	298	74	2	50	0.0400000
NODE_21539_length_635_cov_45.483209	248	298	75	9	50	0.1800000
NODE_21539_length_635_cov_45.483209	248	298	76	1	50	0.0200000
NODE_21541_length_635_cov_23.895522	179	259	0	6	80	0.0750000
NODE_21541_length_635_cov_23.895522	179	259	2	16	80	0.2000000
NODE_21541_length_635_cov_23.895522	179	259	4	58	80	0.7250000
NODE_21541_length_635_cov_23.895522	232	312	2	23	80	0.2875000
NODE_21541_length_635_cov_23.895522	232	312	4	57	80	0.7125000
NODE_21543_length_635_cov_14.772388	48	128	2	1	80	0.0125000
NODE_21543_length_635_cov_14.772388	48	128	4	5	80	0.0625000
NODE_21543_length_635_cov_14.772388	48	128	6	17	80	0.2125000
NODE_21543_length_635_cov_14.772388	48	128	8	57	80	0.7125000
NODE_21543_length_635_cov_14.772388	101	181	3	2	80	0.0250000
NODE_21543_length_635_cov_14.772388	101	181	4	47	80	0.5875000
NODE_21543_length_635_cov_14.772388	101	181	6	21	80	0.2625000
NODE_21543_length_635_cov_14.772388	101	181	8	10	80	0.1250000
NODE_21549_length_635_cov_6.180970	276	356	0	80	80	1.0000000
NODE_21549_length_635_cov_6.180970	329	409	0	80	80	1.0000000
NODE_21554_length_635_cov_4.421642	442	522	0	80	80	1.0000000
NODE_21560_length_635_cov_2.985075	296	376	30	11	80	0.1375000
NODE_21560_length_635_cov_2.985075	296	376	33	3	80	0.0375000
NODE_21560_length_635_cov_2.985075	296	376	34	2	80	0.0250000
NODE_21560_length_635_cov_2.985075	296	376	35	21	80	0.2625000
NODE_21560_length_635_cov_2.985075	296	376	37	43	80	0.5375000
NODE_21625_length_634_cov_53.315888	349	429	0	23	80	0.2875000
NODE_21625_length_634_cov_53.315888	349	429	4	57	80	0.7125000
NODE_21625_length_634_cov_53.315888	402	482	4	80	80	1.0000000
NODE_21626_length_634_cov_28.530841	156	236	4	42	80	0.5250000
NODE_21626_length_634_cov_28.530841	156	236	16	38	80	0.4750000
NODE_21626_length_634_cov_28.530841	209	289	12	19	80	0.2375000
NODE_21626_length_634_cov_28.530841	209	289	16	61	80	0.7625000
NODE_21627_length_634_cov_19.117757	151	229	14	24	78	0.3076923
NODE_21627_length_634_cov_19.117757	151	229	16	54	78	0.6923077
NODE_21627_length_634_cov_19.117757	204	268	0	3	64	0.0468750
NODE_21627_length_634_cov_19.117757	204	268	2	6	64	0.0937500
NODE_21627_length_634_cov_19.117757	204	268	16	55	64	0.8593750
NODE_21628_length_634_cov_18.762617	84	164	0	80	80	1.0000000
NODE_21628_length_634_cov_18.762617	137	217	0	80	80	1.0000000
NODE_21629_length_634_cov_18.136449	162	242	0	59	80	0.7375000
NODE_21629_length_634_cov_18.136449	162	242	1	6	80	0.0750000
NODE_21629_length_634_cov_18.136449	162	242	2	15	80	0.1875000
NODE_21629_length_634_cov_18.136449	215	295	0	6	80	0.0750000
NODE_21629_length_634_cov_18.136449	215	295	1	6	80	0.0750000
NODE_21629_length_634_cov_18.136449	215	295	2	68	80	0.8500000
NODE_21635_length_634_cov_9.988785	508	553	0	45	45	1.0000000
NODE_21636_length_634_cov_9.381308	267	353	0	33	86	0.3837209
NODE_21636_length_634_cov_9.381308	267	353	2	53	86	0.6162791
NODE_21636_length_634_cov_9.381308	324	404	0	18	80	0.2250000
NODE_21636_length_634_cov_9.381308	324	404	2	62	80	0.7750000
NODE_21651_length_634_cov_3.702804	460	532	0	72	72	1.0000000
NODE_21720_length_633_cov_30.076779	180	214	0	34	34	1.0000000
NODE_21720_length_633_cov_30.076779	187	267	0	76	80	0.9500000
NODE_21720_length_633_cov_30.076779	187	267	2	4	80	0.0500000
NODE_21720_length_633_cov_30.076779	263	343	2	80	80	1.0000000
NODE_21720_length_633_cov_30.076779	316	396	0	34	80	0.4250000
NODE_21720_length_633_cov_30.076779	316	396	2	46	80	0.5750000
NODE_21721_length_633_cov_17.595506	282	362	0	39	80	0.4875000
NODE_21721_length_633_cov_17.595506	282	362	4	41	80	0.5125000
NODE_21721_length_633_cov_17.595506	335	415	4	80	80	1.0000000
NODE_21722_length_633_cov_17.327715	228	308	0	62	80	0.7750000
NODE_21722_length_633_cov_17.327715	228	308	2	1	80	0.0125000
NODE_21722_length_633_cov_17.327715	228	308	4	17	80	0.2125000
NODE_21722_length_633_cov_17.327715	281	361	0	9	80	0.1125000
NODE_21722_length_633_cov_17.327715	281	361	2	1	80	0.0125000
NODE_21722_length_633_cov_17.327715	281	361	4	70	80	0.8750000
NODE_21723_length_633_cov_9.689139	79	147	0	16	68	0.2352941
NODE_21723_length_633_cov_9.689139	79	147	2	52	68	0.7647059
NODE_21729_length_633_cov_7.018727	309	389	0	39	80	0.4875000
NODE_21729_length_633_cov_7.018727	309	389	1	41	80	0.5125000
NODE_21729_length_633_cov_7.018727	362	442	1	52	80	0.6500000
NODE_21729_length_633_cov_7.018727	362	442	2	28	80	0.3500000
NODE_21755_length_633_cov_2.644195	166	240	0	74	74	1.0000000
NODE_21816_length_632_cov_25.425891	332	412	2	22	80	0.2750000
NODE_21816_length_632_cov_25.425891	332	412	4	58	80	0.7250000
NODE_21816_length_632_cov_25.425891	385	465	0	42	80	0.5250000
NODE_21816_length_632_cov_25.425891	385	465	2	6	80	0.0750000
NODE_21816_length_632_cov_25.425891	385	465	4	32	80	0.4000000
NODE_21817_length_632_cov_21.613508	243	323	0	80	80	1.0000000
NODE_21817_length_632_cov_21.613508	296	376	0	80	80	1.0000000
NODE_21818_length_632_cov_16.465291	293	373	2	80	80	1.0000000
NODE_21818_length_632_cov_16.465291	346	426	0	40	80	0.5000000
NODE_21818_length_632_cov_16.465291	346	426	2	40	80	0.5000000
NODE_21819_length_632_cov_13.260788	232	312	0	80	80	1.0000000
NODE_21819_length_632_cov_13.260788	285	365	0	80	80	1.0000000
NODE_21821_length_632_cov_9.106942	188	268	0	80	80	1.0000000
NODE_21821_length_632_cov_9.106942	241	321	0	80	80	1.0000000
NODE_21834_length_632_cov_4.135084	229	309	0	80	80	1.0000000
NODE_21834_length_632_cov_4.135084	282	359	0	77	77	1.0000000
NODE_21841_length_632_cov_2.939962	216	274	0	58	58	1.0000000
NODE_21841_length_632_cov_2.939962	247	327	0	80	80	1.0000000
NODE_21848_length_632_cov_2.330206	57	76	0	19	19	1.0000000
NODE_21912_length_631_cov_31.469925	321	396	14	4	75	0.0533333
NODE_21912_length_631_cov_31.469925	321	396	16	5	75	0.0666667
NODE_21912_length_631_cov_31.469925	321	396	17	2	75	0.0266667
NODE_21912_length_631_cov_31.469925	321	396	18	4	75	0.0533333
NODE_21912_length_631_cov_31.469925	321	396	19	7	75	0.0933333
NODE_21912_length_631_cov_31.469925	321	396	21	53	75	0.7066666
NODE_21912_length_631_cov_31.469925	369	449	3	9	80	0.1125000
NODE_21912_length_631_cov_31.469925	369	449	7	2	80	0.0250000
NODE_21912_length_631_cov_31.469925	369	449	11	15	80	0.1875000
NODE_21912_length_631_cov_31.469925	369	449	15	9	80	0.1125000
NODE_21912_length_631_cov_31.469925	369	449	17	8	80	0.1000000
NODE_21912_length_631_cov_31.469925	369	449	18	1	80	0.0125000
NODE_21912_length_631_cov_31.469925	369	449	19	16	80	0.2000000
NODE_21912_length_631_cov_31.469925	369	449	21	20	80	0.2500000
NODE_21913_length_631_cov_26.453008	383	463	0	21	80	0.2625000
NODE_21913_length_631_cov_26.453008	383	463	2	59	80	0.7375000
NODE_21913_length_631_cov_26.453008	436	516	0	22	80	0.2750000
NODE_21913_length_631_cov_26.453008	436	516	2	58	80	0.7250000
NODE_21917_length_631_cov_8.374060	318	398	1	11	80	0.1375000
NODE_21917_length_631_cov_8.374060	318	398	3	47	80	0.5875000
NODE_21917_length_631_cov_8.374060	318	398	4	22	80	0.2750000
NODE_21917_length_631_cov_8.374060	371	451	1	64	80	0.8000000
NODE_21917_length_631_cov_8.374060	371	451	3	16	80	0.2000000
NODE_21924_length_631_cov_5.507519	335	386	0	2	51	0.0392157
NODE_21924_length_631_cov_5.507519	335	386	2	38	51	0.7450981
NODE_21924_length_631_cov_5.507519	335	386	4	11	51	0.2156863
NODE_21927_length_631_cov_5.227444	443	523	0	22	80	0.2750000
NODE_21927_length_631_cov_5.227444	443	523	1	4	80	0.0500000
NODE_21927_length_631_cov_5.227444	443	523	7	4	80	0.0500000
NODE_21927_length_631_cov_5.227444	443	523	8	50	80	0.6250000
NODE_21927_length_631_cov_5.227444	496	576	8	80	80	1.0000000
NODE_21942_length_631_cov_2.926692	307	354	0	47	47	1.0000000
NODE_21983_length_631_cov_1.383459	248	267	0	19	19	1.0000000
NODE_22011_length_630_cov_41.728814	6	86	1	4	80	0.0500000
NODE_22011_length_630_cov_41.728814	6	86	3	1	80	0.0125000
NODE_22011_length_630_cov_41.728814	6	86	5	13	80	0.1625000
NODE_22011_length_630_cov_41.728814	6	86	6	10	80	0.1250000
NODE_22011_length_630_cov_41.728814	6	86	7	9	80	0.1125000
NODE_22011_length_630_cov_41.728814	6	86	9	15	80	0.1875000
NODE_22011_length_630_cov_41.728814	6	86	12	1	80	0.0125000
NODE_22011_length_630_cov_41.728814	6	86	13	13	80	0.1625000
NODE_22011_length_630_cov_41.728814	6	86	17	2	80	0.0250000
NODE_22011_length_630_cov_41.728814	6	86	21	3	80	0.0375000
NODE_22011_length_630_cov_41.728814	6	86	22	8	80	0.1000000
NODE_22011_length_630_cov_41.728814	6	86	23	1	80	0.0125000
NODE_22011_length_630_cov_41.728814	59	139	13	13	80	0.1625000
NODE_22011_length_630_cov_41.728814	59	139	17	2	80	0.0250000
NODE_22011_length_630_cov_41.728814	59	139	19	2	80	0.0250000
NODE_22011_length_630_cov_41.728814	59	139	21	5	80	0.0625000
NODE_22011_length_630_cov_41.728814	59	139	22	8	80	0.1000000
NODE_22011_length_630_cov_41.728814	59	139	23	17	80	0.2125000
NODE_22011_length_630_cov_41.728814	59	139	25	33	80	0.4125000
NODE_22012_length_630_cov_24.856874	421	501	4	80	80	1.0000000
NODE_22012_length_630_cov_24.856874	474	554	0	47	80	0.5875000
NODE_22012_length_630_cov_24.856874	474	554	2	4	80	0.0500000
NODE_22012_length_630_cov_24.856874	474	554	4	29	80	0.3625000
NODE_22013_length_630_cov_14.323917	196	276	0	4	80	0.0500000
NODE_22013_length_630_cov_14.323917	196	276	2	29	80	0.3625000
NODE_22013_length_630_cov_14.323917	196	276	10	36	80	0.4500000
NODE_22013_length_630_cov_14.323917	196	276	12	11	80	0.1375000
NODE_22013_length_630_cov_14.323917	249	329	10	16	80	0.2000000
NODE_22013_length_630_cov_14.323917	249	329	12	46	80	0.5750000
NODE_22013_length_630_cov_14.323917	249	329	14	18	80	0.2250000
NODE_22014_length_630_cov_9.964218	284	364	0	4	80	0.0500000
NODE_22014_length_630_cov_9.964218	284	364	1	10	80	0.1250000
NODE_22014_length_630_cov_9.964218	284	364	2	66	80	0.8250000
NODE_22014_length_630_cov_9.964218	337	417	2	80	80	1.0000000
NODE_22086_length_629_cov_38.271698	288	368	0	17	80	0.2125000
NODE_22086_length_629_cov_38.271698	288	368	2	4	80	0.0500000
NODE_22086_length_629_cov_38.271698	288	368	4	59	80	0.7375000
NODE_22086_length_629_cov_38.271698	341	421	0	17	80	0.2125000
NODE_22086_length_629_cov_38.271698	341	421	2	26	80	0.3250000
NODE_22086_length_629_cov_38.271698	341	421	4	37	80	0.4625000
NODE_22087_length_629_cov_27.556604	212	292	0	40	80	0.5000000
NODE_22087_length_629_cov_27.556604	212	292	2	27	80	0.3375000
NODE_22087_length_629_cov_27.556604	212	292	8	13	80	0.1625000
NODE_22087_length_629_cov_27.556604	265	345	2	14	80	0.1750000
NODE_22087_length_629_cov_27.556604	265	345	7	13	80	0.1625000
NODE_22087_length_629_cov_27.556604	265	345	8	53	80	0.6625000
NODE_22088_length_629_cov_24.150943	356	436	0	80	80	1.0000000
NODE_22088_length_629_cov_24.150943	409	489	0	80	80	1.0000000
NODE_22091_length_629_cov_13.641509	176	256	0	16	80	0.2000000
NODE_22091_length_629_cov_13.641509	176	256	2	64	80	0.8000000
NODE_22091_length_629_cov_13.641509	229	309	0	17	80	0.2125000
NODE_22091_length_629_cov_13.641509	229	309	2	63	80	0.7875000
NODE_22101_length_629_cov_4.264151	362	442	0	80	80	1.0000000
NODE_22188_length_628_cov_5.015123	210	274	0	64	64	1.0000000
NODE_22257_length_627_cov_24.500000	217	297	0	18	80	0.2250000
NODE_22257_length_627_cov_24.500000	217	297	2	62	80	0.7750000
NODE_22257_length_627_cov_24.500000	270	350	0	27	80	0.3375000
NODE_22257_length_627_cov_24.500000	270	350	2	53	80	0.6625000
NODE_22258_length_627_cov_20.395833	84	164	2	36	80	0.4500000
NODE_22258_length_627_cov_20.395833	84	164	3	2	80	0.0250000
NODE_22258_length_627_cov_20.395833	84	164	4	42	80	0.5250000
NODE_22258_length_627_cov_20.395833	137	217	0	9	80	0.1125000
NODE_22258_length_627_cov_20.395833	137	217	2	34	80	0.4250000
NODE_22258_length_627_cov_20.395833	137	217	3	12	80	0.1500000
NODE_22258_length_627_cov_20.395833	137	217	4	25	80	0.3125000
NODE_22259_length_627_cov_19.676136	308	388	11	32	80	0.4000000
NODE_22259_length_627_cov_19.676136	308	388	12	48	80	0.6000000
NODE_22259_length_627_cov_19.676136	361	441	0	2	80	0.0250000
NODE_22259_length_627_cov_19.676136	361	441	8	26	80	0.3250000
NODE_22259_length_627_cov_19.676136	361	441	11	52	80	0.6500000
NODE_22260_length_627_cov_17.634470	264	296	10	32	32	1.0000000
NODE_22260_length_627_cov_17.634470	360	385	4	25	25	1.0000000
NODE_22260_length_627_cov_17.634470	365	385	4	20	20	1.0000000
NODE_22260_length_627_cov_17.634470	385	424	0	39	39	1.0000000
NODE_22267_length_627_cov_5.634470	298	346	7	39	48	0.8125000
NODE_22267_length_627_cov_5.634470	298	346	9	9	48	0.1875000
NODE_22274_length_627_cov_4.517045	323	403	2	80	80	1.0000000
NODE_22274_length_627_cov_4.517045	376	456	0	27	80	0.3375000
NODE_22274_length_627_cov_4.517045	376	456	2	53	80	0.6625000
NODE_22357_length_626_cov_24.184061	140	220	3	4	80	0.0500000
NODE_22357_length_626_cov_24.184061	140	220	4	34	80	0.4250000
NODE_22357_length_626_cov_24.184061	140	220	6	40	80	0.5000000
NODE_22357_length_626_cov_24.184061	140	220	7	2	80	0.0250000
NODE_22357_length_626_cov_24.184061	193	273	4	10	80	0.1250000
NODE_22357_length_626_cov_24.184061	193	273	6	15	80	0.1875000
NODE_22357_length_626_cov_24.184061	193	273	7	2	80	0.0250000
NODE_22357_length_626_cov_24.184061	193	273	8	16	80	0.2000000
NODE_22357_length_626_cov_24.184061	193	273	9	1	80	0.0125000
NODE_22357_length_626_cov_24.184061	193	273	10	36	80	0.4500000
NODE_22358_length_626_cov_21.189753	342	419	18	4	77	0.0519481
NODE_22358_length_626_cov_21.189753	342	419	19	6	77	0.0779221
NODE_22358_length_626_cov_21.189753	342	419	20	17	77	0.2207792
NODE_22358_length_626_cov_21.189753	342	419	25	7	77	0.0909091
NODE_22358_length_626_cov_21.189753	342	419	26	1	77	0.0129870
NODE_22358_length_626_cov_21.189753	342	419	27	6	77	0.0779221
NODE_22358_length_626_cov_21.189753	342	419	28	1	77	0.0129870
NODE_22358_length_626_cov_21.189753	342	419	29	35	77	0.4545455
NODE_22358_length_626_cov_21.189753	342	419	18	4	77	0.0519481
NODE_22358_length_626_cov_21.189753	342	419	19	6	77	0.0779221
NODE_22358_length_626_cov_21.189753	342	419	20	17	77	0.2207792
NODE_22358_length_626_cov_21.189753	342	419	25	7	77	0.0909091
NODE_22358_length_626_cov_21.189753	342	419	26	1	77	0.0129870
NODE_22358_length_626_cov_21.189753	342	419	27	6	77	0.0779221
NODE_22358_length_626_cov_21.189753	342	419	28	1	77	0.0129870
NODE_22358_length_626_cov_21.189753	342	419	29	35	77	0.4545455
NODE_22358_length_626_cov_21.189753	392	453	13	12	61	0.1967213
NODE_22358_length_626_cov_21.189753	392	453	15	1	61	0.0163934
NODE_22358_length_626_cov_21.189753	392	453	18	14	61	0.2295082
NODE_22358_length_626_cov_21.189753	392	453	19	6	61	0.0983607
NODE_22358_length_626_cov_21.189753	392	453	20	17	61	0.2786885
NODE_22358_length_626_cov_21.189753	392	453	24	11	61	0.1803279
NODE_22364_length_626_cov_7.100569	236	311	0	75	75	1.0000000
NODE_22364_length_626_cov_7.100569	284	364	0	80	80	1.0000000
NODE_22366_length_626_cov_6.296015	193	273	4	62	80	0.7750000
NODE_22366_length_626_cov_6.296015	193	273	6	18	80	0.2250000
NODE_22366_length_626_cov_6.296015	246	326	4	16	80	0.2000000
NODE_22366_length_626_cov_6.296015	246	326	6	64	80	0.8000000
NODE_22367_length_626_cov_6.163188	257	337	2	80	80	1.0000000
NODE_22367_length_626_cov_6.163188	310	390	0	21	80	0.2625000
NODE_22367_length_626_cov_6.163188	310	390	2	59	80	0.7375000
NODE_22438_length_625_cov_33.100760	239	319	0	80	80	1.0000000
NODE_22438_length_625_cov_33.100760	292	372	0	80	80	1.0000000
NODE_22438_length_625_cov_33.100760	368	448	0	80	80	1.0000000
NODE_22438_length_625_cov_33.100760	421	501	0	80	80	1.0000000
NODE_22439_length_625_cov_21.062738	267	347	0	80	80	1.0000000
NODE_22439_length_625_cov_21.062738	320	400	0	80	80	1.0000000
NODE_22440_length_625_cov_14.237643	28	108	2	80	80	1.0000000
NODE_22440_length_625_cov_14.237643	81	161	0	42	80	0.5250000
NODE_22440_length_625_cov_14.237643	81	161	2	38	80	0.4750000
NODE_22441_length_625_cov_14.207224	358	438	2	80	80	1.0000000
NODE_22441_length_625_cov_14.207224	411	491	0	51	80	0.6375000
NODE_22441_length_625_cov_14.207224	411	491	2	29	80	0.3625000
NODE_22455_length_625_cov_4.157795	548	600	0	52	52	1.0000000
NODE_22466_length_625_cov_2.929658	118	198	0	80	80	1.0000000
NODE_22466_length_625_cov_2.929658	171	251	0	80	80	1.0000000
NODE_22491_length_625_cov_1.570342	471	502	0	31	31	1.0000000
NODE_22542_length_624_cov_9.598095	77	126	0	49	49	1.0000000
NODE_22542_length_624_cov_9.598095	103	183	0	80	80	1.0000000
NODE_22544_length_624_cov_8.485714	271	351	2	80	80	1.0000000
NODE_22544_length_624_cov_8.485714	324	404	0	48	80	0.6000000
NODE_22544_length_624_cov_8.485714	324	404	2	32	80	0.4000000
NODE_22546_length_624_cov_6.691429	386	466	0	80	80	1.0000000
NODE_22546_length_624_cov_6.691429	439	519	0	80	80	1.0000000
NODE_22547_length_624_cov_5.592381	312	387	2	75	75	1.0000000
NODE_22551_length_624_cov_4.638095	328	388	4	60	60	1.0000000
NODE_22642_length_623_cov_41.877863	419	499	0	3	80	0.0375000
NODE_22642_length_623_cov_41.877863	419	499	6	42	80	0.5250000
NODE_22642_length_623_cov_41.877863	419	499	8	16	80	0.2000000
NODE_22642_length_623_cov_41.877863	419	499	10	19	80	0.2375000
NODE_22642_length_623_cov_41.877863	472	552	4	23	80	0.2875000
NODE_22642_length_623_cov_41.877863	472	552	8	8	80	0.1000000
NODE_22642_length_623_cov_41.877863	472	552	10	49	80	0.6125000
NODE_22643_length_623_cov_31.875954	148	228	0	80	80	1.0000000
NODE_22643_length_623_cov_31.875954	201	281	0	80	80	1.0000000
NODE_22644_length_623_cov_31.192748	313	393	0	6	80	0.0750000
NODE_22644_length_623_cov_31.192748	313	393	2	52	80	0.6500000
NODE_22644_length_623_cov_31.192748	313	393	4	22	80	0.2750000
NODE_22644_length_623_cov_31.192748	366	446	2	23	80	0.2875000
NODE_22644_length_623_cov_31.192748	366	446	4	57	80	0.7125000
NODE_22645_length_623_cov_20.187023	287	367	2	38	80	0.4750000
NODE_22645_length_623_cov_20.187023	287	367	4	42	80	0.5250000
NODE_22645_length_623_cov_20.187023	340	420	0	23	80	0.2875000
NODE_22645_length_623_cov_20.187023	340	420	2	7	80	0.0875000
NODE_22645_length_623_cov_20.187023	340	420	4	50	80	0.6250000
NODE_22646_length_623_cov_12.045802	377	457	0	80	80	1.0000000
NODE_22646_length_623_cov_12.045802	430	510	0	80	80	1.0000000
NODE_22668_length_623_cov_2.891221	457	535	0	78	78	1.0000000
NODE_22725_length_622_cov_19.042065	368	448	6	1	80	0.0125000
NODE_22725_length_622_cov_19.042065	368	448	10	25	80	0.3125000
NODE_22725_length_622_cov_19.042065	368	448	18	4	80	0.0500000
NODE_22725_length_622_cov_19.042065	368	448	22	16	80	0.2000000
NODE_22725_length_622_cov_19.042065	368	448	24	34	80	0.4250000
NODE_22725_length_622_cov_19.042065	421	501	16	12	80	0.1500000
NODE_22725_length_622_cov_19.042065	421	501	20	35	80	0.4375000
NODE_22725_length_622_cov_19.042065	421	501	24	33	80	0.4125000
NODE_22726_length_622_cov_13.470363	109	189	0	80	80	1.0000000
NODE_22726_length_622_cov_13.470363	162	242	0	80	80	1.0000000
NODE_22752_length_622_cov_2.407266	94	170	2	24	76	0.3157895
NODE_22752_length_622_cov_2.407266	94	170	4	10	76	0.1315790
NODE_22752_length_622_cov_2.407266	94	170	6	42	76	0.5526316
NODE_22796_length_622_cov_1.353728	346	376	0	30	30	1.0000000
NODE_22819_length_621_cov_46.247126	0	52	0	52	52	1.0000000
NODE_22819_length_621_cov_46.247126	25	105	0	80	80	1.0000000
NODE_22819_length_621_cov_46.247126	101	181	0	80	80	1.0000000
NODE_22819_length_621_cov_46.247126	154	234	0	80	80	1.0000000
NODE_22820_length_621_cov_45.764368	344	424	0	16	80	0.2000000
NODE_22820_length_621_cov_45.764368	344	424	2	64	80	0.8000000
NODE_22820_length_621_cov_45.764368	397	477	0	11	80	0.1375000
NODE_22820_length_621_cov_45.764368	397	477	2	69	80	0.8625000
NODE_22821_length_621_cov_35.147510	393	473	0	27	80	0.3375000
NODE_22821_length_621_cov_35.147510	393	473	2	6	80	0.0750000
NODE_22821_length_621_cov_35.147510	393	473	6	11	80	0.1375000
NODE_22821_length_621_cov_35.147510	393	473	8	36	80	0.4500000
NODE_22821_length_621_cov_35.147510	446	526	0	3	80	0.0375000
NODE_22821_length_621_cov_35.147510	446	526	6	61	80	0.7625000
NODE_22821_length_621_cov_35.147510	446	526	8	16	80	0.2000000
NODE_22822_length_621_cov_13.842912	231	311	0	80	80	1.0000000
NODE_22822_length_621_cov_13.842912	284	364	0	80	80	1.0000000
NODE_22825_length_621_cov_6.279693	376	406	2	30	30	1.0000000
NODE_22845_length_621_cov_2.645594	367	426	0	59	59	1.0000000
NODE_22914_length_620_cov_23.913628	433	513	0	80	80	1.0000000
NODE_22914_length_620_cov_23.913628	486	566	0	80	80	1.0000000
NODE_22915_length_620_cov_9.222649	186	266	4	80	80	1.0000000
NODE_22915_length_620_cov_9.222649	239	319	0	28	80	0.3500000
NODE_22915_length_620_cov_9.222649	239	319	3	1	80	0.0125000
NODE_22915_length_620_cov_9.222649	239	319	4	51	80	0.6375000
NODE_22919_length_620_cov_7.804223	57	137	4	80	80	1.0000000
NODE_22919_length_620_cov_7.804223	110	190	0	40	80	0.5000000
NODE_22919_length_620_cov_7.804223	110	190	4	40	80	0.5000000
NODE_22920_length_620_cov_6.909789	199	279	0	80	80	1.0000000
NODE_22920_length_620_cov_6.909789	252	332	0	80	80	1.0000000
NODE_22930_length_620_cov_4.560461	309	347	6	4	38	0.1052632
NODE_22930_length_620_cov_4.560461	309	347	8	34	38	0.8947368
NODE_22930_length_620_cov_4.560461	395	421	2	26	26	1.0000000
NODE_22930_length_620_cov_4.560461	395	451	0	30	56	0.5357143
NODE_22930_length_620_cov_4.560461	395	451	2	26	56	0.4642857
NODE_23031_length_619_cov_26.309615	118	198	0	80	80	1.0000000
NODE_23031_length_619_cov_26.309615	171	251	0	80	80	1.0000000
NODE_23033_length_619_cov_10.417308	427	487	6	35	60	0.5833333
NODE_23033_length_619_cov_10.417308	427	487	7	4	60	0.0666667
NODE_23033_length_619_cov_10.417308	427	487	8	21	60	0.3500000
NODE_23034_length_619_cov_7.944231	213	293	0	80	80	1.0000000
NODE_23034_length_619_cov_7.944231	266	346	0	80	80	1.0000000
NODE_23135_length_618_cov_14.477842	223	299	4	26	76	0.3421053
NODE_23135_length_618_cov_14.477842	223	299	6	50	76	0.6578947
NODE_23135_length_618_cov_14.477842	223	299	4	26	76	0.3421053
NODE_23135_length_618_cov_14.477842	223	299	6	50	76	0.6578947
NODE_23135_length_618_cov_14.477842	276	337	2	3	61	0.0491803
NODE_23135_length_618_cov_14.477842	276	337	6	58	61	0.9508197
NODE_23136_length_618_cov_13.840077	377	457	0	80	80	1.0000000
NODE_23136_length_618_cov_13.840077	430	510	0	80	80	1.0000000
NODE_23137_length_618_cov_12.048170	348	428	2	80	80	1.0000000
NODE_23137_length_618_cov_12.048170	401	481	0	53	80	0.6625000
NODE_23137_length_618_cov_12.048170	401	481	2	27	80	0.3375000
NODE_23138_length_618_cov_8.799615	353	433	0	80	80	1.0000000
NODE_23138_length_618_cov_8.799615	406	486	0	80	80	1.0000000
NODE_23147_length_618_cov_3.793834	412	478	0	66	66	1.0000000
NODE_23148_length_618_cov_3.761079	305	385	2	1	80	0.0125000
NODE_23148_length_618_cov_3.761079	305	385	4	46	80	0.5750000
NODE_23148_length_618_cov_3.761079	305	385	6	28	80	0.3500000
NODE_23148_length_618_cov_3.761079	305	385	7	1	80	0.0125000
NODE_23148_length_618_cov_3.761079	305	385	8	4	80	0.0500000
NODE_23252_length_617_cov_29.565637	378	458	0	41	80	0.5125000
NODE_23252_length_617_cov_29.565637	378	458	4	39	80	0.4875000
NODE_23252_length_617_cov_29.565637	431	511	4	80	80	1.0000000
NODE_23253_length_617_cov_16.781853	253	333	2	4	80	0.0500000
NODE_23253_length_617_cov_16.781853	253	333	4	31	80	0.3875000
NODE_23253_length_617_cov_16.781853	253	333	10	45	80	0.5625000
NODE_23253_length_617_cov_16.781853	306	386	6	7	80	0.0875000
NODE_23253_length_617_cov_16.781853	306	386	8	23	80	0.2875000
NODE_23253_length_617_cov_16.781853	306	386	10	50	80	0.6250000
NODE_23254_length_617_cov_9.175676	373	453	0	80	80	1.0000000
NODE_23254_length_617_cov_9.175676	426	506	0	80	80	1.0000000
NODE_23255_length_617_cov_8.774131	320	406	0	86	86	1.0000000
NODE_23255_length_617_cov_8.774131	379	458	0	79	79	1.0000000
NODE_23257_length_617_cov_8.416988	359	439	0	9	80	0.1125000
NODE_23257_length_617_cov_8.416988	359	439	5	1	80	0.0125000
NODE_23257_length_617_cov_8.416988	359	439	6	70	80	0.8750000
NODE_23257_length_617_cov_8.416988	412	492	6	80	80	1.0000000
NODE_23259_length_617_cov_7.683398	197	275	0	78	78	1.0000000
NODE_23259_length_617_cov_7.683398	250	330	0	80	80	1.0000000
NODE_23263_length_617_cov_5.330116	288	360	0	72	72	1.0000000
NODE_23263_length_617_cov_5.330116	333	413	0	27	80	0.3375000
NODE_23263_length_617_cov_5.330116	333	413	2	53	80	0.6625000
NODE_23302_length_617_cov_1.967181	384	430	0	46	46	1.0000000
NODE_23311_length_617_cov_1.847490	273	344	0	71	71	1.0000000
NODE_23331_length_617_cov_1.322394	269	318	8	49	49	1.0000000
NODE_23365_length_616_cov_15.914894	292	370	2	46	78	0.5897436
NODE_23365_length_616_cov_15.914894	292	370	4	32	78	0.4102564
NODE_23365_length_616_cov_15.914894	343	423	0	34	80	0.4250000
NODE_23365_length_616_cov_15.914894	343	423	2	46	80	0.5750000
NODE_23366_length_616_cov_14.276596	191	271	0	80	80	1.0000000
NODE_23366_length_616_cov_14.276596	244	319	0	75	75	1.0000000
NODE_23366_length_616_cov_14.276596	368	448	0	80	80	1.0000000
NODE_23367_length_616_cov_12.119923	273	353	0	80	80	1.0000000
NODE_23367_length_616_cov_12.119923	326	406	0	80	80	1.0000000
NODE_23373_length_616_cov_6.379110	305	385	0	3	80	0.0375000
NODE_23373_length_616_cov_6.379110	305	385	2	77	80	0.9625000
NODE_23373_length_616_cov_6.379110	358	438	0	56	80	0.7000000
NODE_23373_length_616_cov_6.379110	358	438	2	24	80	0.3000000
NODE_23381_length_616_cov_4.441006	286	350	0	64	64	1.0000000
NODE_23381_length_616_cov_4.441006	286	306	0	20	20	1.0000000
NODE_23400_length_616_cov_2.541586	375	415	0	40	40	1.0000000
NODE_23430_length_616_cov_1.491296	105	183	0	78	78	1.0000000
NODE_23474_length_615_cov_27.519380	302	382	0	11	80	0.1375000
NODE_23474_length_615_cov_27.519380	302	382	16	69	80	0.8625000
NODE_23474_length_615_cov_27.519380	355	435	16	80	80	1.0000000
NODE_23475_length_615_cov_17.792636	239	319	0	60	80	0.7500000
NODE_23475_length_615_cov_17.792636	239	319	2	20	80	0.2500000
NODE_23475_length_615_cov_17.792636	292	372	0	9	80	0.1125000
NODE_23475_length_615_cov_17.792636	292	372	2	71	80	0.8875000
NODE_23477_length_615_cov_11.835271	240	320	0	80	80	1.0000000
NODE_23477_length_615_cov_11.835271	293	373	0	80	80	1.0000000
NODE_23478_length_615_cov_8.591085	287	367	0	43	80	0.5375000
NODE_23478_length_615_cov_8.591085	287	367	2	37	80	0.4625000
NODE_23478_length_615_cov_8.591085	340	420	2	80	80	1.0000000
NODE_23513_length_615_cov_2.461240	429	509	0	80	80	1.0000000
NODE_23513_length_615_cov_2.461240	482	562	0	80	80	1.0000000
NODE_23516_length_615_cov_2.379845	405	467	6	62	62	1.0000000
NODE_23516_length_615_cov_2.379845	440	520	2	8	80	0.1000000
NODE_23516_length_615_cov_2.379845	440	520	4	37	80	0.4625000
NODE_23516_length_615_cov_2.379845	440	520	6	35	80	0.4375000
NODE_23517_length_615_cov_2.294574	205	268	0	63	63	1.0000000
NODE_23554_length_615_cov_1.122093	255	335	0	80	80	1.0000000
NODE_23566_length_615_cov_0.887597	561	582	0	21	21	1.0000000
NODE_23575_length_614_cov_17.772816	257	337	0	80	80	1.0000000
NODE_23575_length_614_cov_17.772816	310	390	0	80	80	1.0000000
NODE_23576_length_614_cov_10.706796	425	505	0	80	80	1.0000000
NODE_23576_length_614_cov_10.706796	478	558	0	80	80	1.0000000
NODE_23578_length_614_cov_8.545631	193	273	4	9	80	0.1125000
NODE_23578_length_614_cov_8.545631	193	273	6	32	80	0.4000000
NODE_23578_length_614_cov_8.545631	193	273	7	9	80	0.1125000
NODE_23578_length_614_cov_8.545631	193	273	8	15	80	0.1875000
NODE_23578_length_614_cov_8.545631	193	273	9	15	80	0.1875000
NODE_23578_length_614_cov_8.545631	246	326	4	62	80	0.7750000
NODE_23578_length_614_cov_8.545631	246	326	7	3	80	0.0375000
NODE_23578_length_614_cov_8.545631	246	326	9	15	80	0.1875000
NODE_23604_length_614_cov_2.450485	315	393	2	35	78	0.4487180
NODE_23604_length_614_cov_2.450485	315	393	4	43	78	0.5512820
NODE_23604_length_614_cov_2.450485	355	383	4	28	28	1.0000000
NODE_23604_length_614_cov_2.450485	368	448	2	13	80	0.1625000
NODE_23604_length_614_cov_2.450485	368	448	4	67	80	0.8375000
NODE_23604_length_614_cov_2.450485	379	448	2	13	69	0.1884058
NODE_23604_length_614_cov_2.450485	379	448	4	56	69	0.8115942
NODE_23662_length_613_cov_18.075875	211	291	0	80	80	1.0000000
NODE_23662_length_613_cov_18.075875	264	344	0	80	80	1.0000000
NODE_23663_length_613_cov_16.118677	283	363	0	80	80	1.0000000
NODE_23663_length_613_cov_16.118677	336	416	0	80	80	1.0000000
NODE_23665_length_613_cov_12.883268	155	235	0	80	80	1.0000000
NODE_23665_length_613_cov_12.883268	208	288	0	80	80	1.0000000
NODE_23674_length_613_cov_3.857977	167	247	0	80	80	1.0000000
NODE_23674_length_613_cov_3.857977	220	300	0	80	80	1.0000000
NODE_23771_length_612_cov_24.023392	173	253	0	80	80	1.0000000
NODE_23771_length_612_cov_24.023392	226	306	0	80	80	1.0000000
NODE_23772_length_612_cov_23.846004	141	221	6	13	80	0.1625000
NODE_23772_length_612_cov_23.846004	141	221	8	15	80	0.1875000
NODE_23772_length_612_cov_23.846004	141	221	10	12	80	0.1500000
NODE_23772_length_612_cov_23.846004	141	221	12	33	80	0.4125000
NODE_23772_length_612_cov_23.846004	141	221	14	7	80	0.0875000
NODE_23772_length_612_cov_23.846004	194	274	8	68	80	0.8500000
NODE_23772_length_612_cov_23.846004	194	274	10	12	80	0.1500000
NODE_23773_length_612_cov_12.448343	244	324	2	80	80	1.0000000
NODE_23773_length_612_cov_12.448343	297	377	0	20	80	0.2500000
NODE_23773_length_612_cov_12.448343	297	377	2	60	80	0.7500000
NODE_23774_length_612_cov_12.068226	267	347	0	80	80	1.0000000
NODE_23774_length_612_cov_12.068226	320	400	0	80	80	1.0000000
NODE_23779_length_612_cov_6.393762	242	322	2	13	80	0.1625000
NODE_23779_length_612_cov_6.393762	242	322	4	67	80	0.8375000
NODE_23779_length_612_cov_6.393762	295	375	0	39	80	0.4875000
NODE_23779_length_612_cov_6.393762	295	375	2	27	80	0.3375000
NODE_23779_length_612_cov_6.393762	295	375	4	14	80	0.1750000
NODE_23814_length_612_cov_1.904483	288	354	0	66	66	1.0000000
NODE_23869_length_611_cov_38.705078	132	212	18	32	80	0.4000000
NODE_23869_length_611_cov_38.705078	132	212	21	3	80	0.0375000
NODE_23869_length_611_cov_38.705078	132	212	22	7	80	0.0875000
NODE_23869_length_611_cov_38.705078	132	212	23	6	80	0.0750000
NODE_23869_length_611_cov_38.705078	132	212	24	2	80	0.0250000
NODE_23869_length_611_cov_38.705078	132	212	25	16	80	0.2000000
NODE_23869_length_611_cov_38.705078	132	212	27	2	80	0.0250000
NODE_23869_length_611_cov_38.705078	132	212	29	2	80	0.0250000
NODE_23869_length_611_cov_38.705078	132	212	30	2	80	0.0250000
NODE_23869_length_611_cov_38.705078	132	212	31	3	80	0.0375000
NODE_23869_length_611_cov_38.705078	132	212	32	2	80	0.0250000
NODE_23869_length_611_cov_38.705078	132	212	34	3	80	0.0375000
NODE_23869_length_611_cov_38.705078	185	262	25	13	77	0.1688312
NODE_23869_length_611_cov_38.705078	185	262	27	18	77	0.2337662
NODE_23869_length_611_cov_38.705078	185	262	29	5	77	0.0649351
NODE_23869_length_611_cov_38.705078	185	262	30	2	77	0.0259740
NODE_23869_length_611_cov_38.705078	185	262	31	3	77	0.0389610
NODE_23869_length_611_cov_38.705078	185	262	32	2	77	0.0259740
NODE_23869_length_611_cov_38.705078	185	262	34	33	77	0.4285714
NODE_23869_length_611_cov_38.705078	185	262	36	1	77	0.0129870
NODE_23869_length_611_cov_38.705078	185	262	25	13	77	0.1688312
NODE_23869_length_611_cov_38.705078	185	262	27	18	77	0.2337662
NODE_23869_length_611_cov_38.705078	185	262	29	5	77	0.0649351
NODE_23869_length_611_cov_38.705078	185	262	30	2	77	0.0259740
NODE_23869_length_611_cov_38.705078	185	262	31	3	77	0.0389610
NODE_23869_length_611_cov_38.705078	185	262	32	2	77	0.0259740
NODE_23869_length_611_cov_38.705078	185	262	34	33	77	0.4285714
NODE_23869_length_611_cov_38.705078	185	262	36	1	77	0.0129870
NODE_23871_length_611_cov_12.669922	264	344	0	80	80	1.0000000
NODE_23871_length_611_cov_12.669922	317	397	0	80	80	1.0000000
NODE_23880_length_611_cov_4.943359	27	107	0	80	80	1.0000000
NODE_23880_length_611_cov_4.943359	80	137	0	57	57	1.0000000
NODE_23880_length_611_cov_4.943359	143	209	4	66	66	1.0000000
NODE_23880_length_611_cov_4.943359	182	262	0	10	80	0.1250000
NODE_23880_length_611_cov_4.943359	182	262	3	2	80	0.0250000
NODE_23880_length_611_cov_4.943359	182	262	4	68	80	0.8500000
NODE_23894_length_611_cov_3.294922	271	300	0	29	29	1.0000000
NODE_23894_length_611_cov_3.294922	434	469	3	35	35	1.0000000
NODE_23897_length_611_cov_3.162109	313	342	0	29	29	1.0000000
NODE_23973_length_610_cov_20.673190	87	167	0	5	80	0.0625000
NODE_23973_length_610_cov_20.673190	87	167	2	46	80	0.5750000
NODE_23973_length_610_cov_20.673190	87	167	6	2	80	0.0250000
NODE_23973_length_610_cov_20.673190	87	167	10	27	80	0.3375000
NODE_23973_length_610_cov_20.673190	140	220	8	5	80	0.0625000
NODE_23973_length_610_cov_20.673190	140	220	10	75	80	0.9375000
NODE_23974_length_610_cov_10.191781	250	330	0	50	80	0.6250000
NODE_23974_length_610_cov_10.191781	250	330	2	30	80	0.3750000
NODE_23974_length_610_cov_10.191781	303	383	2	80	80	1.0000000
NODE_23980_length_610_cov_4.998043	129	181	2	7	52	0.1346154
NODE_23980_length_610_cov_4.998043	129	181	4	45	52	0.8653846
NODE_23980_length_610_cov_4.998043	182	234	2	30	52	0.5769231
NODE_23980_length_610_cov_4.998043	182	234	4	22	52	0.4230769
NODE_23989_length_610_cov_3.479452	215	267	0	52	52	1.0000000
NODE_24059_length_609_cov_21.117647	80	160	0	62	80	0.7750000
NODE_24059_length_609_cov_21.117647	80	160	6	18	80	0.2250000
NODE_24059_length_609_cov_21.117647	133	213	0	9	80	0.1125000
NODE_24059_length_609_cov_21.117647	133	213	6	71	80	0.8875000
NODE_24060_length_609_cov_11.300000	218	298	24	16	80	0.2000000
NODE_24060_length_609_cov_11.300000	218	298	26	64	80	0.8000000
NODE_24060_length_609_cov_11.300000	271	351	11	2	80	0.0250000
NODE_24060_length_609_cov_11.300000	271	351	15	23	80	0.2875000
NODE_24060_length_609_cov_11.300000	271	351	17	1	80	0.0125000
NODE_24060_length_609_cov_11.300000	271	351	19	1	80	0.0125000
NODE_24060_length_609_cov_11.300000	271	351	25	1	80	0.0125000
NODE_24060_length_609_cov_11.300000	271	351	26	52	80	0.6500000
NODE_24061_length_609_cov_10.778431	239	319	0	80	80	1.0000000
NODE_24061_length_609_cov_10.778431	292	372	0	80	80	1.0000000
NODE_24062_length_609_cov_10.298039	340	420	2	7	80	0.0875000
NODE_24062_length_609_cov_10.298039	340	420	4	65	80	0.8125000
NODE_24062_length_609_cov_10.298039	340	420	6	8	80	0.1000000
NODE_24062_length_609_cov_10.298039	393	473	4	70	80	0.8750000
NODE_24062_length_609_cov_10.298039	393	473	6	10	80	0.1250000
NODE_24062_length_609_cov_10.298039	469	537	0	30	68	0.4411765
NODE_24062_length_609_cov_10.298039	469	537	2	18	68	0.2647059
NODE_24062_length_609_cov_10.298039	469	537	4	20	68	0.2941177
NODE_24063_length_609_cov_10.270588	217	297	10	38	80	0.4750000
NODE_24063_length_609_cov_10.270588	217	297	14	42	80	0.5250000
NODE_24063_length_609_cov_10.270588	270	353	6	1	83	0.0120482
NODE_24063_length_609_cov_10.270588	270	353	8	6	83	0.0722892
NODE_24063_length_609_cov_10.270588	270	353	9	9	83	0.1084337
NODE_24063_length_609_cov_10.270588	270	353	10	6	83	0.0722892
NODE_24063_length_609_cov_10.270588	270	353	13	21	83	0.2530121
NODE_24063_length_609_cov_10.270588	270	353	14	40	83	0.4819277
NODE_24064_length_609_cov_8.345098	408	488	0	80	80	1.0000000
NODE_24064_length_609_cov_8.345098	461	515	0	54	54	1.0000000
NODE_24064_length_609_cov_8.345098	537	566	0	29	29	1.0000000
NODE_24066_length_609_cov_6.054902	219	299	0	78	80	0.9750000
NODE_24066_length_609_cov_6.054902	219	299	2	2	80	0.0250000
NODE_24066_length_609_cov_6.054902	272	352	0	25	80	0.3125000
NODE_24066_length_609_cov_6.054902	272	352	2	14	80	0.1750000
NODE_24066_length_609_cov_6.054902	272	352	4	41	80	0.5125000
NODE_24067_length_609_cov_5.986275	219	299	0	80	80	1.0000000
NODE_24067_length_609_cov_5.986275	272	352	0	80	80	1.0000000
NODE_24160_length_608_cov_76.257367	300	380	1	30	80	0.3750000
NODE_24160_length_608_cov_76.257367	300	380	3	9	80	0.1125000
NODE_24160_length_608_cov_76.257367	300	380	4	31	80	0.3875000
NODE_24160_length_608_cov_76.257367	300	380	6	10	80	0.1250000
NODE_24160_length_608_cov_76.257367	353	433	3	22	80	0.2750000
NODE_24160_length_608_cov_76.257367	353	433	4	17	80	0.2125000
NODE_24160_length_608_cov_76.257367	353	433	5	13	80	0.1625000
NODE_24160_length_608_cov_76.257367	353	433	6	28	80	0.3500000
NODE_24161_length_608_cov_13.271120	252	332	0	8	80	0.1000000
NODE_24161_length_608_cov_13.271120	252	332	2	72	80	0.9000000
NODE_24161_length_608_cov_13.271120	305	385	0	22	80	0.2750000
NODE_24161_length_608_cov_13.271120	305	385	2	58	80	0.7250000
NODE_24162_length_608_cov_11.583497	63	139	4	7	76	0.0921053
NODE_24162_length_608_cov_11.583497	63	139	6	69	76	0.9078947
NODE_24162_length_608_cov_11.583497	112	192	0	17	80	0.2125000
NODE_24162_length_608_cov_11.583497	112	192	2	18	80	0.2250000
NODE_24162_length_608_cov_11.583497	112	192	4	14	80	0.1750000
NODE_24162_length_608_cov_11.583497	112	192	6	31	80	0.3875000
NODE_24164_length_608_cov_8.076621	53	133	18	6	80	0.0750000
NODE_24164_length_608_cov_8.076621	53	133	20	38	80	0.4750000
NODE_24164_length_608_cov_8.076621	53	133	22	36	80	0.4500000
NODE_24164_length_608_cov_8.076621	106	186	0	24	80	0.3000000
NODE_24164_length_608_cov_8.076621	106	186	2	1	80	0.0125000
NODE_24164_length_608_cov_8.076621	106	186	4	17	80	0.2125000
NODE_24164_length_608_cov_8.076621	106	186	6	1	80	0.0125000
NODE_24164_length_608_cov_8.076621	106	186	8	3	80	0.0375000
NODE_24164_length_608_cov_8.076621	106	186	10	1	80	0.0125000
NODE_24164_length_608_cov_8.076621	106	186	12	2	80	0.0250000
NODE_24164_length_608_cov_8.076621	106	186	16	4	80	0.0500000
NODE_24164_length_608_cov_8.076621	106	186	18	6	80	0.0750000
NODE_24164_length_608_cov_8.076621	106	186	20	21	80	0.2625000
NODE_24165_length_608_cov_7.994106	279	326	2	47	47	1.0000000
NODE_24165_length_608_cov_7.994106	348	373	2	25	25	1.0000000
NODE_24166_length_608_cov_7.939096	247	277	2	3	30	0.1000000
NODE_24166_length_608_cov_7.939096	247	277	4	27	30	0.9000000
NODE_24177_length_608_cov_3.829077	313	393	0	80	80	1.0000000
NODE_24177_length_608_cov_3.829077	366	446	0	80	80	1.0000000
NODE_24251_length_608_cov_1.064833	472	512	0	40	40	1.0000000
NODE_24281_length_607_cov_61.316929	347	427	3	2	80	0.0250000
NODE_24281_length_607_cov_61.316929	347	427	7	1	80	0.0125000
NODE_24281_length_607_cov_61.316929	347	427	8	17	80	0.2125000
NODE_24281_length_607_cov_61.316929	347	427	14	5	80	0.0625000
NODE_24281_length_607_cov_61.316929	347	427	16	2	80	0.0250000
NODE_24281_length_607_cov_61.316929	347	427	30	53	80	0.6625000
NODE_24281_length_607_cov_61.316929	347	427	3	2	80	0.0250000
NODE_24281_length_607_cov_61.316929	347	427	7	1	80	0.0125000
NODE_24281_length_607_cov_61.316929	347	427	8	17	80	0.2125000
NODE_24281_length_607_cov_61.316929	347	427	14	5	80	0.0625000
NODE_24281_length_607_cov_61.316929	347	427	16	2	80	0.0250000
NODE_24281_length_607_cov_61.316929	347	427	30	53	80	0.6625000
NODE_24281_length_607_cov_61.316929	347	427	3	2	80	0.0250000
NODE_24281_length_607_cov_61.316929	347	427	7	1	80	0.0125000
NODE_24281_length_607_cov_61.316929	347	427	8	17	80	0.2125000
NODE_24281_length_607_cov_61.316929	347	427	14	5	80	0.0625000
NODE_24281_length_607_cov_61.316929	347	427	16	2	80	0.0250000
NODE_24281_length_607_cov_61.316929	347	427	30	53	80	0.6625000
NODE_24281_length_607_cov_61.316929	364	427	8	3	63	0.0476190
NODE_24281_length_607_cov_61.316929	364	427	14	5	63	0.0793651
NODE_24281_length_607_cov_61.316929	364	427	16	2	63	0.0317460
NODE_24281_length_607_cov_61.316929	364	427	30	53	63	0.8412699
NODE_24281_length_607_cov_61.316929	400	480	30	34	80	0.4250000
NODE_24281_length_607_cov_61.316929	400	480	32	16	80	0.2000000
NODE_24281_length_607_cov_61.316929	400	480	34	2	80	0.0250000
NODE_24281_length_607_cov_61.316929	400	480	36	20	80	0.2500000
NODE_24281_length_607_cov_61.316929	400	480	38	4	80	0.0500000
NODE_24281_length_607_cov_61.316929	400	480	42	4	80	0.0500000
NODE_24281_length_607_cov_61.316929	400	480	30	34	80	0.4250000
NODE_24281_length_607_cov_61.316929	400	480	32	16	80	0.2000000
NODE_24281_length_607_cov_61.316929	400	480	34	2	80	0.0250000
NODE_24281_length_607_cov_61.316929	400	480	36	20	80	0.2500000
NODE_24281_length_607_cov_61.316929	400	480	38	4	80	0.0500000
NODE_24281_length_607_cov_61.316929	400	480	42	4	80	0.0500000
NODE_24281_length_607_cov_61.316929	400	480	30	34	80	0.4250000
NODE_24281_length_607_cov_61.316929	400	480	32	16	80	0.2000000
NODE_24281_length_607_cov_61.316929	400	480	34	2	80	0.0250000
NODE_24281_length_607_cov_61.316929	400	480	36	20	80	0.2500000
NODE_24281_length_607_cov_61.316929	400	480	38	4	80	0.0500000
NODE_24281_length_607_cov_61.316929	400	480	42	4	80	0.0500000
NODE_24281_length_607_cov_61.316929	400	480	30	34	80	0.4250000
NODE_24281_length_607_cov_61.316929	400	480	32	16	80	0.2000000
NODE_24281_length_607_cov_61.316929	400	480	34	2	80	0.0250000
NODE_24281_length_607_cov_61.316929	400	480	36	20	80	0.2500000
NODE_24281_length_607_cov_61.316929	400	480	38	4	80	0.0500000
NODE_24281_length_607_cov_61.316929	400	480	42	4	80	0.0500000
NODE_24281_length_607_cov_61.316929	476	556	22	13	80	0.1625000
NODE_24281_length_607_cov_61.316929	476	556	24	13	80	0.1625000
NODE_24281_length_607_cov_61.316929	476	556	26	30	80	0.3750000
NODE_24281_length_607_cov_61.316929	476	556	29	3	80	0.0375000
NODE_24281_length_607_cov_61.316929	476	556	30	7	80	0.0875000
NODE_24281_length_607_cov_61.316929	476	556	38	8	80	0.1000000
NODE_24281_length_607_cov_61.316929	476	556	40	2	80	0.0250000
NODE_24281_length_607_cov_61.316929	476	556	42	4	80	0.0500000
NODE_24281_length_607_cov_61.316929	476	556	22	13	80	0.1625000
NODE_24281_length_607_cov_61.316929	476	556	24	13	80	0.1625000
NODE_24281_length_607_cov_61.316929	476	556	26	30	80	0.3750000
NODE_24281_length_607_cov_61.316929	476	556	29	3	80	0.0375000
NODE_24281_length_607_cov_61.316929	476	556	30	7	80	0.0875000
NODE_24281_length_607_cov_61.316929	476	556	38	8	80	0.1000000
NODE_24281_length_607_cov_61.316929	476	556	40	2	80	0.0250000
NODE_24281_length_607_cov_61.316929	476	556	42	4	80	0.0500000
NODE_24281_length_607_cov_61.316929	476	556	22	13	80	0.1625000
NODE_24281_length_607_cov_61.316929	476	556	24	13	80	0.1625000
NODE_24281_length_607_cov_61.316929	476	556	26	30	80	0.3750000
NODE_24281_length_607_cov_61.316929	476	556	29	3	80	0.0375000
NODE_24281_length_607_cov_61.316929	476	556	30	7	80	0.0875000
NODE_24281_length_607_cov_61.316929	476	556	38	8	80	0.1000000
NODE_24281_length_607_cov_61.316929	476	556	40	2	80	0.0250000
NODE_24281_length_607_cov_61.316929	476	556	42	4	80	0.0500000
NODE_24281_length_607_cov_61.316929	529	595	8	1	66	0.0151515
NODE_24281_length_607_cov_61.316929	529	595	10	9	66	0.1363636
NODE_24281_length_607_cov_61.316929	529	595	16	13	66	0.1969697
NODE_24281_length_607_cov_61.316929	529	595	20	1	66	0.0151515
NODE_24281_length_607_cov_61.316929	529	595	22	28	66	0.4242424
NODE_24281_length_607_cov_61.316929	529	595	24	13	66	0.1969697
NODE_24281_length_607_cov_61.316929	529	595	26	1	66	0.0151515
NODE_24281_length_607_cov_61.316929	529	607	0	6	78	0.0769231
NODE_24281_length_607_cov_61.316929	529	607	2	2	78	0.0256410
NODE_24281_length_607_cov_61.316929	529	607	8	5	78	0.0641026
NODE_24281_length_607_cov_61.316929	529	607	10	9	78	0.1153846
NODE_24281_length_607_cov_61.316929	529	607	16	13	78	0.1666667
NODE_24281_length_607_cov_61.316929	529	607	20	1	78	0.0128205
NODE_24281_length_607_cov_61.316929	529	607	22	28	78	0.3589744
NODE_24281_length_607_cov_61.316929	529	607	24	13	78	0.1666667
NODE_24281_length_607_cov_61.316929	529	607	26	1	78	0.0128205
NODE_24281_length_607_cov_61.316929	529	600	2	1	71	0.0140845
NODE_24281_length_607_cov_61.316929	529	600	8	5	71	0.0704225
NODE_24281_length_607_cov_61.316929	529	600	10	9	71	0.1267606
NODE_24281_length_607_cov_61.316929	529	600	16	13	71	0.1830986
NODE_24281_length_607_cov_61.316929	529	600	20	1	71	0.0140845
NODE_24281_length_607_cov_61.316929	529	600	22	28	71	0.3943662
NODE_24281_length_607_cov_61.316929	529	600	24	13	71	0.1830986
NODE_24281_length_607_cov_61.316929	529	600	26	1	71	0.0140845
NODE_24281_length_607_cov_61.316929	534	607	0	6	73	0.0821918
NODE_24281_length_607_cov_61.316929	534	607	2	2	73	0.0273973
NODE_24281_length_607_cov_61.316929	534	607	8	5	73	0.0684932
NODE_24281_length_607_cov_61.316929	534	607	10	9	73	0.1232877
NODE_24281_length_607_cov_61.316929	534	607	16	13	73	0.1780822
NODE_24281_length_607_cov_61.316929	534	607	20	1	73	0.0136986
NODE_24281_length_607_cov_61.316929	534	607	22	28	73	0.3835616
NODE_24281_length_607_cov_61.316929	534	607	24	9	73	0.1232877
NODE_24282_length_607_cov_16.852362	383	463	0	80	80	1.0000000
NODE_24282_length_607_cov_16.852362	436	516	0	80	80	1.0000000
NODE_24283_length_607_cov_12.889764	67	147	3	28	80	0.3500000
NODE_24283_length_607_cov_12.889764	67	147	4	32	80	0.4000000
NODE_24283_length_607_cov_12.889764	67	147	5	19	80	0.2375000
NODE_24283_length_607_cov_12.889764	67	147	6	1	80	0.0125000
NODE_24283_length_607_cov_12.889764	120	200	4	19	80	0.2375000
NODE_24283_length_607_cov_12.889764	120	200	5	60	80	0.7500000
NODE_24283_length_607_cov_12.889764	120	200	6	1	80	0.0125000
NODE_24284_length_607_cov_11.023622	122	202	2	2	80	0.0250000
NODE_24284_length_607_cov_11.023622	122	202	4	58	80	0.7250000
NODE_24284_length_607_cov_11.023622	122	202	6	20	80	0.2500000
NODE_24284_length_607_cov_11.023622	175	255	2	21	80	0.2625000
NODE_24284_length_607_cov_11.023622	175	255	3	1	80	0.0125000
NODE_24284_length_607_cov_11.023622	175	255	4	10	80	0.1250000
NODE_24284_length_607_cov_11.023622	175	255	6	48	80	0.6000000
NODE_24285_length_607_cov_10.690945	199	279	4	80	80	1.0000000
NODE_24285_length_607_cov_10.690945	252	332	0	43	80	0.5375000
NODE_24285_length_607_cov_10.690945	252	332	4	37	80	0.4625000
NODE_24290_length_607_cov_5.818898	301	386	0	85	85	1.0000000
NODE_24291_length_607_cov_5.771654	278	358	0	80	80	1.0000000
NODE_24291_length_607_cov_5.771654	331	411	0	80	80	1.0000000
NODE_24295_length_607_cov_4.816929	282	362	0	80	80	1.0000000
NODE_24295_length_607_cov_4.816929	335	415	0	80	80	1.0000000
NODE_24300_length_607_cov_4.015748	295	354	0	59	59	1.0000000
NODE_24310_length_607_cov_3.088583	107	158	0	51	51	1.0000000
NODE_24331_length_607_cov_1.791339	204	247	0	43	43	1.0000000
NODE_24400_length_606_cov_42.264300	182	262	0	56	80	0.7000000
NODE_24400_length_606_cov_42.264300	182	262	2	9	80	0.1125000
NODE_24400_length_606_cov_42.264300	182	262	6	9	80	0.1125000
NODE_24400_length_606_cov_42.264300	182	262	8	6	80	0.0750000
NODE_24400_length_606_cov_42.264300	235	315	0	3	80	0.0375000
NODE_24400_length_606_cov_42.264300	235	315	2	9	80	0.1125000
NODE_24400_length_606_cov_42.264300	235	315	6	26	80	0.3250000
NODE_24400_length_606_cov_42.264300	235	315	8	42	80	0.5250000
NODE_24402_length_606_cov_26.341223	371	451	0	80	80	1.0000000
NODE_24402_length_606_cov_26.341223	424	504	0	80	80	1.0000000
NODE_24403_length_606_cov_14.895464	308	388	0	80	80	1.0000000
NODE_24403_length_606_cov_14.895464	361	441	0	80	80	1.0000000
NODE_24406_length_606_cov_7.934911	412	492	0	22	80	0.2750000
NODE_24406_length_606_cov_7.934911	412	492	4	58	80	0.7250000
NODE_24406_length_606_cov_7.934911	465	545	4	80	80	1.0000000
NODE_24407_length_606_cov_7.481262	250	330	0	35	80	0.4375000
NODE_24407_length_606_cov_7.481262	250	330	4	3	80	0.0375000
NODE_24407_length_606_cov_7.481262	250	330	5	1	80	0.0125000
NODE_24407_length_606_cov_7.481262	250	330	9	17	80	0.2125000
NODE_24407_length_606_cov_7.481262	250	330	10	24	80	0.3000000
NODE_24407_length_606_cov_7.481262	303	383	9	3	80	0.0375000
NODE_24407_length_606_cov_7.481262	303	383	10	66	80	0.8250000
NODE_24407_length_606_cov_7.481262	303	383	12	11	80	0.1375000
NODE_24409_length_606_cov_6.842209	139	219	0	80	80	1.0000000
NODE_24409_length_606_cov_6.842209	192	272	0	80	80	1.0000000
NODE_24428_length_606_cov_3.384615	156	206	2	43	50	0.8600000
NODE_24428_length_606_cov_3.384615	156	206	4	2	50	0.0400000
NODE_24428_length_606_cov_3.384615	156	206	6	5	50	0.1000000
NODE_24433_length_606_cov_2.670611	113	193	2	39	80	0.4875000
NODE_24433_length_606_cov_2.670611	113	193	4	41	80	0.5125000
NODE_24525_length_605_cov_63.343874	7	83	0	6	76	0.0789474
NODE_24525_length_605_cov_63.343874	7	83	8	19	76	0.2500000
NODE_24525_length_605_cov_63.343874	7	83	10	12	76	0.1578947
NODE_24525_length_605_cov_63.343874	7	83	12	2	76	0.0263158
NODE_24525_length_605_cov_63.343874	7	83	14	1	76	0.0131579
NODE_24525_length_605_cov_63.343874	7	83	15	18	76	0.2368421
NODE_24525_length_605_cov_63.343874	7	83	19	1	76	0.0131579
NODE_24525_length_605_cov_63.343874	7	83	21	17	76	0.2236842
NODE_24525_length_605_cov_63.343874	12	83	0	1	71	0.0140845
NODE_24525_length_605_cov_63.343874	12	83	8	19	71	0.2676056
NODE_24525_length_605_cov_63.343874	12	83	10	12	71	0.1690141
NODE_24525_length_605_cov_63.343874	12	83	12	2	71	0.0281690
NODE_24525_length_605_cov_63.343874	12	83	14	1	71	0.0140845
NODE_24525_length_605_cov_63.343874	12	83	15	18	71	0.2535211
NODE_24525_length_605_cov_63.343874	12	83	19	1	71	0.0140845
NODE_24525_length_605_cov_63.343874	12	83	21	17	71	0.2394366
NODE_24525_length_605_cov_63.343874	17	83	8	15	66	0.2272727
NODE_24525_length_605_cov_63.343874	17	83	10	12	66	0.1818182
NODE_24525_length_605_cov_63.343874	17	83	12	2	66	0.0303030
NODE_24525_length_605_cov_63.343874	17	83	14	1	66	0.0151515
NODE_24525_length_605_cov_63.343874	17	83	15	18	66	0.2727273
NODE_24525_length_605_cov_63.343874	17	83	19	1	66	0.0151515
NODE_24525_length_605_cov_63.343874	17	83	21	17	66	0.2575758
NODE_24525_length_605_cov_63.343874	56	136	15	13	80	0.1625000
NODE_24525_length_605_cov_63.343874	56	136	18	1	80	0.0125000
NODE_24525_length_605_cov_63.343874	56	136	19	1	80	0.0125000
NODE_24525_length_605_cov_63.343874	56	136	20	6	80	0.0750000
NODE_24525_length_605_cov_63.343874	56	136	21	52	80	0.6500000
NODE_24525_length_605_cov_63.343874	56	136	22	4	80	0.0500000
NODE_24525_length_605_cov_63.343874	56	136	23	3	80	0.0375000
NODE_24525_length_605_cov_63.343874	56	136	15	13	80	0.1625000
NODE_24525_length_605_cov_63.343874	56	136	18	1	80	0.0125000
NODE_24525_length_605_cov_63.343874	56	136	19	1	80	0.0125000
NODE_24525_length_605_cov_63.343874	56	136	20	6	80	0.0750000
NODE_24525_length_605_cov_63.343874	56	136	21	52	80	0.6500000
NODE_24525_length_605_cov_63.343874	56	136	22	4	80	0.0500000
NODE_24525_length_605_cov_63.343874	56	136	23	3	80	0.0375000
NODE_24525_length_605_cov_63.343874	56	136	15	13	80	0.1625000
NODE_24525_length_605_cov_63.343874	56	136	18	1	80	0.0125000
NODE_24525_length_605_cov_63.343874	56	136	19	1	80	0.0125000
NODE_24525_length_605_cov_63.343874	56	136	20	6	80	0.0750000
NODE_24525_length_605_cov_63.343874	56	136	21	52	80	0.6500000
NODE_24525_length_605_cov_63.343874	56	136	22	4	80	0.0500000
NODE_24525_length_605_cov_63.343874	56	136	23	3	80	0.0375000
NODE_24525_length_605_cov_63.343874	132	212	10	16	80	0.2000000
NODE_24525_length_605_cov_63.343874	132	212	13	11	80	0.1375000
NODE_24525_length_605_cov_63.343874	132	212	14	12	80	0.1500000
NODE_24525_length_605_cov_63.343874	132	212	18	26	80	0.3250000
NODE_24525_length_605_cov_63.343874	132	212	20	10	80	0.1250000
NODE_24525_length_605_cov_63.343874	132	212	22	5	80	0.0625000
NODE_24525_length_605_cov_63.343874	132	212	10	16	80	0.2000000
NODE_24525_length_605_cov_63.343874	132	212	13	11	80	0.1375000
NODE_24525_length_605_cov_63.343874	132	212	14	12	80	0.1500000
NODE_24525_length_605_cov_63.343874	132	212	18	26	80	0.3250000
NODE_24525_length_605_cov_63.343874	132	212	20	10	80	0.1250000
NODE_24525_length_605_cov_63.343874	132	212	22	5	80	0.0625000
NODE_24525_length_605_cov_63.343874	132	210	10	14	78	0.1794872
NODE_24525_length_605_cov_63.343874	132	210	13	11	78	0.1410256
NODE_24525_length_605_cov_63.343874	132	210	14	12	78	0.1538462
NODE_24525_length_605_cov_63.343874	132	210	18	26	78	0.3333333
NODE_24525_length_605_cov_63.343874	132	210	20	10	78	0.1282051
NODE_24525_length_605_cov_63.343874	132	210	22	5	78	0.0641026
NODE_24525_length_605_cov_63.343874	132	212	10	16	80	0.2000000
NODE_24525_length_605_cov_63.343874	132	212	13	11	80	0.1375000
NODE_24525_length_605_cov_63.343874	132	212	14	12	80	0.1500000
NODE_24525_length_605_cov_63.343874	132	212	18	26	80	0.3250000
NODE_24525_length_605_cov_63.343874	132	212	20	10	80	0.1250000
NODE_24525_length_605_cov_63.343874	132	212	22	5	80	0.0625000
NODE_24525_length_605_cov_63.343874	132	212	10	16	80	0.2000000
NODE_24525_length_605_cov_63.343874	132	212	13	11	80	0.1375000
NODE_24525_length_605_cov_63.343874	132	212	14	12	80	0.1500000
NODE_24525_length_605_cov_63.343874	132	212	18	26	80	0.3250000
NODE_24525_length_605_cov_63.343874	132	212	20	10	80	0.1250000
NODE_24525_length_605_cov_63.343874	132	212	22	5	80	0.0625000
NODE_24525_length_605_cov_63.343874	185	265	8	11	80	0.1375000
NODE_24525_length_605_cov_63.343874	185	265	10	58	80	0.7250000
NODE_24525_length_605_cov_63.343874	185	265	13	11	80	0.1375000
NODE_24526_length_605_cov_48.191700	298	374	4	76	76	1.0000000
NODE_24526_length_605_cov_48.191700	347	427	0	29	80	0.3625000
NODE_24526_length_605_cov_48.191700	347	427	1	1	80	0.0125000
NODE_24526_length_605_cov_48.191700	347	427	4	50	80	0.6250000
NODE_24528_length_605_cov_33.328063	57	137	50	2	80	0.0250000
NODE_24528_length_605_cov_33.328063	57	137	53	8	80	0.1000000
NODE_24528_length_605_cov_33.328063	57	137	54	1	80	0.0125000
NODE_24528_length_605_cov_33.328063	57	137	56	4	80	0.0500000
NODE_24528_length_605_cov_33.328063	57	137	58	3	80	0.0375000
NODE_24528_length_605_cov_33.328063	57	137	62	1	80	0.0125000
NODE_24528_length_605_cov_33.328063	57	137	63	11	80	0.1375000
NODE_24528_length_605_cov_33.328063	57	137	70	2	80	0.0250000
NODE_24528_length_605_cov_33.328063	57	137	71	1	80	0.0125000
NODE_24528_length_605_cov_33.328063	57	137	77	1	80	0.0125000
NODE_24528_length_605_cov_33.328063	57	137	78	2	80	0.0250000
NODE_24528_length_605_cov_33.328063	57	137	79	3	80	0.0375000
NODE_24528_length_605_cov_33.328063	57	137	81	1	80	0.0125000
NODE_24528_length_605_cov_33.328063	57	137	82	2	80	0.0250000
NODE_24528_length_605_cov_33.328063	57	137	84	3	80	0.0375000
NODE_24528_length_605_cov_33.328063	57	137	85	4	80	0.0500000
NODE_24528_length_605_cov_33.328063	57	137	86	2	80	0.0250000
NODE_24528_length_605_cov_33.328063	57	137	87	6	80	0.0750000
NODE_24528_length_605_cov_33.328063	57	137	88	2	80	0.0250000
NODE_24528_length_605_cov_33.328063	57	137	89	9	80	0.1125000
NODE_24528_length_605_cov_33.328063	57	137	90	5	80	0.0625000
NODE_24528_length_605_cov_33.328063	57	137	91	3	80	0.0375000
NODE_24528_length_605_cov_33.328063	57	137	93	4	80	0.0500000
NODE_24528_length_605_cov_33.328063	140	175	113	2	35	0.0571429
NODE_24528_length_605_cov_33.328063	140	175	114	2	35	0.0571429
NODE_24528_length_605_cov_33.328063	140	175	115	5	35	0.1428571
NODE_24528_length_605_cov_33.328063	140	175	118	2	35	0.0571429
NODE_24528_length_605_cov_33.328063	140	175	119	2	35	0.0571429
NODE_24528_length_605_cov_33.328063	140	175	121	2	35	0.0571429
NODE_24528_length_605_cov_33.328063	140	175	122	3	35	0.0857143
NODE_24528_length_605_cov_33.328063	140	175	124	7	35	0.2000000
NODE_24528_length_605_cov_33.328063	140	175	125	2	35	0.0571429
NODE_24528_length_605_cov_33.328063	140	175	126	1	35	0.0285714
NODE_24528_length_605_cov_33.328063	140	175	127	4	35	0.1142857
NODE_24528_length_605_cov_33.328063	140	175	128	3	35	0.0857143
NODE_24529_length_605_cov_26.717391	353	433	0	80	80	1.0000000
NODE_24529_length_605_cov_26.717391	406	486	0	80	80	1.0000000
NODE_24530_length_605_cov_17.677866	215	295	0	80	80	1.0000000
NODE_24530_length_605_cov_17.677866	268	348	0	80	80	1.0000000
NODE_24531_length_605_cov_15.225296	144	224	4	80	80	1.0000000
NODE_24531_length_605_cov_15.225296	197	277	0	40	80	0.5000000
NODE_24531_length_605_cov_15.225296	197	277	4	40	80	0.5000000
NODE_24532_length_605_cov_14.990119	136	216	0	11	80	0.1375000
NODE_24532_length_605_cov_14.990119	136	216	6	39	80	0.4875000
NODE_24532_length_605_cov_14.990119	136	216	7	5	80	0.0625000
NODE_24532_length_605_cov_14.990119	136	216	8	25	80	0.3125000
NODE_24532_length_605_cov_14.990119	189	269	2	24	80	0.3000000
NODE_24532_length_605_cov_14.990119	189	269	7	2	80	0.0250000
NODE_24532_length_605_cov_14.990119	189	269	8	54	80	0.6750000
NODE_24533_length_605_cov_10.835968	103	183	0	80	80	1.0000000
NODE_24533_length_605_cov_10.835968	156	236	0	80	80	1.0000000
NODE_24534_length_605_cov_9.169960	306	377	2	51	71	0.7183099
NODE_24534_length_605_cov_9.169960	306	377	4	5	71	0.0704225
NODE_24534_length_605_cov_9.169960	306	377	6	15	71	0.2112676
NODE_24534_length_605_cov_9.169960	359	432	0	12	73	0.1643836
NODE_24534_length_605_cov_9.169960	359	432	2	61	73	0.8356164
NODE_24546_length_605_cov_4.308300	159	239	0	80	80	1.0000000
NODE_24546_length_605_cov_4.308300	271	338	12	8	67	0.1194030
NODE_24546_length_605_cov_4.308300	271	338	14	1	67	0.0149254
NODE_24546_length_605_cov_4.308300	271	338	16	3	67	0.0447761
NODE_24546_length_605_cov_4.308300	271	338	18	55	67	0.8208955
NODE_24546_length_605_cov_4.308300	275	350	12	4	75	0.0533333
NODE_24546_length_605_cov_4.308300	275	350	13	3	75	0.0400000
NODE_24546_length_605_cov_4.308300	275	350	14	4	75	0.0533333
NODE_24546_length_605_cov_4.308300	275	350	16	3	75	0.0400000
NODE_24546_length_605_cov_4.308300	275	350	18	61	75	0.8133333
NODE_24546_length_605_cov_4.308300	315	372	11	8	57	0.1403509
NODE_24546_length_605_cov_4.308300	315	372	13	17	57	0.2982456
NODE_24546_length_605_cov_4.308300	315	372	14	3	57	0.0526316
NODE_24546_length_605_cov_4.308300	315	372	18	29	57	0.5087720
NODE_24546_length_605_cov_4.308300	328	373	11	9	45	0.2000000
NODE_24546_length_605_cov_4.308300	328	373	13	17	45	0.3777778
NODE_24546_length_605_cov_4.308300	328	373	14	3	45	0.0666667
NODE_24546_length_605_cov_4.308300	328	373	18	16	45	0.3555556
NODE_24558_length_605_cov_3.120553	216	287	0	4	71	0.0563380
NODE_24558_length_605_cov_3.120553	216	287	4	67	71	0.9436620
NODE_24561_length_605_cov_2.909091	408	487	22	7	79	0.0886076
NODE_24561_length_605_cov_2.909091	408	487	23	2	79	0.0253165
NODE_24561_length_605_cov_2.909091	408	487	25	6	79	0.0759494
NODE_24561_length_605_cov_2.909091	408	487	30	5	79	0.0632911
NODE_24561_length_605_cov_2.909091	408	487	31	14	79	0.1772152
NODE_24561_length_605_cov_2.909091	408	487	32	20	79	0.2531646
NODE_24561_length_605_cov_2.909091	408	487	34	25	79	0.3164557
NODE_24577_length_605_cov_1.897233	230	273	0	5	43	0.1162791
NODE_24577_length_605_cov_1.897233	230	273	2	38	43	0.8837209
NODE_24603_length_605_cov_1.339921	168	210	0	42	42	1.0000000
NODE_24636_length_604_cov_30.411881	93	173	0	3	80	0.0375000
NODE_24636_length_604_cov_30.411881	93	173	2	77	80	0.9625000
NODE_24636_length_604_cov_30.411881	146	226	0	9	80	0.1125000
NODE_24636_length_604_cov_30.411881	146	226	2	71	80	0.8875000
NODE_24637_length_604_cov_20.099010	414	494	0	6	80	0.0750000
NODE_24637_length_604_cov_20.099010	414	494	2	74	80	0.9250000
NODE_24637_length_604_cov_20.099010	467	547	0	59	80	0.7375000
NODE_24637_length_604_cov_20.099010	467	547	2	21	80	0.2625000
NODE_24639_length_604_cov_10.291089	184	264	0	80	80	1.0000000
NODE_24639_length_604_cov_10.291089	237	317	0	80	80	1.0000000
NODE_24646_length_604_cov_6.033663	265	345	0	34	80	0.4250000
NODE_24646_length_604_cov_6.033663	265	345	4	46	80	0.5750000
NODE_24646_length_604_cov_6.033663	318	397	4	31	79	0.3924051
NODE_24646_length_604_cov_6.033663	318	397	6	6	79	0.0759494
NODE_24646_length_604_cov_6.033663	318	397	8	42	79	0.5316456
NODE_24654_length_604_cov_4.316832	40	106	0	66	66	1.0000000
NODE_24654_length_604_cov_4.316832	377	435	0	58	58	1.0000000
NODE_24692_length_604_cov_1.805941	299	380	0	81	81	1.0000000
NODE_24692_length_604_cov_1.805941	353	433	0	80	80	1.0000000
NODE_24732_length_603_cov_18.761905	108	188	0	80	80	1.0000000
NODE_24732_length_603_cov_18.761905	161	241	0	80	80	1.0000000
NODE_24734_length_603_cov_8.996032	163	243	0	45	80	0.5625000
NODE_24734_length_603_cov_8.996032	163	243	2	35	80	0.4375000
NODE_24734_length_603_cov_8.996032	216	296	2	42	80	0.5250000
NODE_24734_length_603_cov_8.996032	216	296	4	38	80	0.4750000
NODE_24735_length_603_cov_8.970238	413	493	0	80	80	1.0000000
NODE_24736_length_603_cov_7.212302	324	404	0	80	80	1.0000000
NODE_24736_length_603_cov_7.212302	377	457	0	80	80	1.0000000
NODE_24739_length_603_cov_5.831349	351	385	0	34	34	1.0000000
NODE_24744_length_603_cov_4.744048	103	183	0	80	80	1.0000000
NODE_24744_length_603_cov_4.744048	156	236	0	80	80	1.0000000
NODE_24748_length_603_cov_4.115079	219	259	0	40	40	1.0000000
NODE_24755_length_603_cov_3.269841	186	223	0	37	37	1.0000000
NODE_24755_length_603_cov_3.269841	196	276	0	80	80	1.0000000
NODE_24755_length_603_cov_3.269841	367	441	0	74	74	1.0000000
NODE_24843_length_602_cov_33.208748	106	186	4	80	80	1.0000000
NODE_24843_length_602_cov_33.208748	159	239	0	22	80	0.2750000
NODE_24843_length_602_cov_33.208748	159	239	2	8	80	0.1000000
NODE_24843_length_602_cov_33.208748	159	239	4	50	80	0.6250000
NODE_24844_length_602_cov_28.922465	319	399	0	35	80	0.4375000
NODE_24844_length_602_cov_28.922465	319	399	2	45	80	0.5625000
NODE_24844_length_602_cov_28.922465	372	452	2	80	80	1.0000000
NODE_24846_length_602_cov_10.930417	248	328	0	80	80	1.0000000
NODE_24846_length_602_cov_10.930417	301	381	0	80	80	1.0000000
NODE_24847_length_602_cov_10.447316	148	207	0	49	59	0.8305085
NODE_24847_length_602_cov_10.447316	148	207	2	10	59	0.1694915
NODE_24847_length_602_cov_10.447316	181	207	0	16	26	0.6153846
NODE_24847_length_602_cov_10.447316	181	207	2	10	26	0.3846154
NODE_24847_length_602_cov_10.447316	259	291	14	32	32	1.0000000
NODE_24851_length_602_cov_7.787276	544	565	0	21	21	1.0000000
NODE_24875_length_602_cov_3.332008	157	239	0	27	82	0.3292683
NODE_24875_length_602_cov_3.332008	157	239	2	13	82	0.1585366
NODE_24875_length_602_cov_3.332008	157	239	4	1	82	0.0121951
NODE_24875_length_602_cov_3.332008	157	239	5	41	82	0.5000000
NODE_24957_length_601_cov_14.952191	183	263	0	80	80	1.0000000
NODE_24957_length_601_cov_14.952191	236	316	0	80	80	1.0000000
NODE_24958_length_601_cov_14.747012	324	404	0	80	80	1.0000000
NODE_24958_length_601_cov_14.747012	377	457	0	80	80	1.0000000
NODE_24959_length_601_cov_11.561753	226	306	0	80	80	1.0000000
NODE_24959_length_601_cov_11.561753	279	359	0	80	80	1.0000000
NODE_24960_length_601_cov_10.826693	320	388	8	68	68	1.0000000
NODE_24961_length_601_cov_10.392430	243	323	0	80	80	1.0000000
NODE_24961_length_601_cov_10.392430	296	375	0	79	79	1.0000000
NODE_24965_length_601_cov_7.037849	236	316	0	80	80	1.0000000
NODE_24965_length_601_cov_7.037849	289	369	0	80	80	1.0000000
NODE_24969_length_601_cov_5.798805	290	361	0	71	71	1.0000000
NODE_24970_length_601_cov_5.657371	228	308	4	3	80	0.0375000
NODE_24970_length_601_cov_5.657371	228	308	5	9	80	0.1125000
NODE_24970_length_601_cov_5.657371	228	308	7	4	80	0.0500000
NODE_24970_length_601_cov_5.657371	228	308	8	14	80	0.1750000
NODE_24970_length_601_cov_5.657371	228	308	9	50	80	0.6250000
NODE_24973_length_601_cov_5.039841	395	462	0	1	67	0.0149254
NODE_24973_length_601_cov_5.039841	395	462	2	10	67	0.1492537
NODE_24973_length_601_cov_5.039841	395	462	3	48	67	0.7164179
NODE_24973_length_601_cov_5.039841	395	462	4	8	67	0.1194030
NODE_24975_length_601_cov_4.735060	184	247	0	63	63	1.0000000
NODE_24995_length_601_cov_2.599602	371	430	0	36	59	0.6101695
NODE_24995_length_601_cov_2.599602	371	430	2	23	59	0.3898305
NODE_24995_length_601_cov_2.599602	441	494	2	7	53	0.1320755
NODE_24995_length_601_cov_2.599602	441	494	6	21	53	0.3962264
NODE_24995_length_601_cov_2.599602	441	494	10	25	53	0.4716981
NODE_25090_length_600_cov_6.341317	125	147	2	22	22	1.0000000
NODE_25103_length_600_cov_3.754491	142	222	5	11	80	0.1375000
NODE_25103_length_600_cov_3.754491	142	222	6	34	80	0.4250000
NODE_25103_length_600_cov_3.754491	142	222	7	11	80	0.1375000
NODE_25103_length_600_cov_3.754491	142	222	9	24	80	0.3000000
NODE_25126_length_600_cov_2.081836	282	328	2	4	46	0.0869565
NODE_25126_length_600_cov_2.081836	282	328	4	42	46	0.9130435
NODE_25141_length_600_cov_1.728543	381	423	0	42	42	1.0000000
NODE_25190_length_599_cov_36.488000	25	105	35	3	80	0.0375000
NODE_25190_length_599_cov_36.488000	25	105	37	7	80	0.0875000
NODE_25190_length_599_cov_36.488000	25	105	39	36	80	0.4500000
NODE_25190_length_599_cov_36.488000	25	105	43	34	80	0.4250000
NODE_25191_length_599_cov_27.870000	255	335	2	11	80	0.1375000
NODE_25191_length_599_cov_27.870000	255	335	4	69	80	0.8625000
NODE_25191_length_599_cov_27.870000	308	388	2	45	80	0.5625000
NODE_25191_length_599_cov_27.870000	308	388	4	35	80	0.4375000
NODE_25192_length_599_cov_22.640000	229	309	0	10	80	0.1250000
NODE_25192_length_599_cov_22.640000	229	309	2	10	80	0.1250000
NODE_25192_length_599_cov_22.640000	229	309	4	60	80	0.7500000
NODE_25192_length_599_cov_22.640000	229	309	0	10	80	0.1250000
NODE_25192_length_599_cov_22.640000	229	309	2	10	80	0.1250000
NODE_25192_length_599_cov_22.640000	229	309	4	60	80	0.7500000
NODE_25192_length_599_cov_22.640000	229	309	0	10	80	0.1250000
NODE_25192_length_599_cov_22.640000	229	309	2	10	80	0.1250000
NODE_25192_length_599_cov_22.640000	229	309	4	60	80	0.7500000
NODE_25192_length_599_cov_22.640000	229	309	0	10	80	0.1250000
NODE_25192_length_599_cov_22.640000	229	309	2	10	80	0.1250000
NODE_25192_length_599_cov_22.640000	229	309	4	60	80	0.7500000
NODE_25192_length_599_cov_22.640000	229	309	0	10	80	0.1250000
NODE_25192_length_599_cov_22.640000	229	309	2	10	80	0.1250000
NODE_25192_length_599_cov_22.640000	229	309	4	60	80	0.7500000
NODE_25192_length_599_cov_22.640000	282	362	0	63	80	0.7875000
NODE_25192_length_599_cov_22.640000	282	362	2	10	80	0.1250000
NODE_25192_length_599_cov_22.640000	282	362	4	7	80	0.0875000
NODE_25192_length_599_cov_22.640000	282	362	0	63	80	0.7875000
NODE_25192_length_599_cov_22.640000	282	362	2	10	80	0.1250000
NODE_25192_length_599_cov_22.640000	282	362	4	7	80	0.0875000
NODE_25192_length_599_cov_22.640000	282	353	0	54	71	0.7605634
NODE_25192_length_599_cov_22.640000	282	353	2	10	71	0.1408451
NODE_25192_length_599_cov_22.640000	282	353	4	7	71	0.0985916
NODE_25192_length_599_cov_22.640000	285	355	0	56	70	0.8000000
NODE_25192_length_599_cov_22.640000	285	355	2	10	70	0.1428571
NODE_25192_length_599_cov_22.640000	285	355	4	4	70	0.0571429
NODE_25192_length_599_cov_22.640000	287	362	0	63	75	0.8400000
NODE_25192_length_599_cov_22.640000	287	362	2	10	75	0.1333333
NODE_25192_length_599_cov_22.640000	287	362	4	2	75	0.0266667
NODE_25193_length_599_cov_14.618000	279	359	0	20	80	0.2500000
NODE_25193_length_599_cov_14.618000	279	359	2	4	80	0.0500000
NODE_25193_length_599_cov_14.618000	279	359	4	56	80	0.7000000
NODE_25193_length_599_cov_14.618000	332	412	0	73	80	0.9125000
NODE_25193_length_599_cov_14.618000	332	412	2	4	80	0.0500000
NODE_25193_length_599_cov_14.618000	332	412	4	3	80	0.0375000
NODE_25195_length_599_cov_10.308000	245	325	0	80	80	1.0000000
NODE_25195_length_599_cov_10.308000	298	378	0	80	80	1.0000000
NODE_25196_length_599_cov_9.224000	160	240	0	42	80	0.5250000
NODE_25196_length_599_cov_9.224000	160	240	2	38	80	0.4750000
NODE_25196_length_599_cov_9.224000	213	297	0	4	84	0.0476190
NODE_25196_length_599_cov_9.224000	213	297	2	80	84	0.9523810
NODE_25201_length_599_cov_5.536000	58	112	0	29	54	0.5370370
NODE_25201_length_599_cov_5.536000	58	112	1	21	54	0.3888889
NODE_25201_length_599_cov_5.536000	58	112	2	4	54	0.0740741
NODE_25208_length_599_cov_3.810000	271	334	4	20	63	0.3174603
NODE_25208_length_599_cov_3.810000	271	334	6	43	63	0.6825397
NODE_25208_length_599_cov_3.810000	324	390	0	10	66	0.1515152
NODE_25208_length_599_cov_3.810000	324	390	2	2	66	0.0303030
NODE_25208_length_599_cov_3.810000	324	390	4	38	66	0.5757576
NODE_25208_length_599_cov_3.810000	324	390	6	16	66	0.2424242
NODE_25211_length_599_cov_3.598000	238	318	0	80	80	1.0000000
NODE_25211_length_599_cov_3.598000	291	371	0	80	80	1.0000000
NODE_25308_length_598_cov_54.450902	264	344	4	2	80	0.0250000
NODE_25308_length_598_cov_54.450902	264	344	8	30	80	0.3750000
NODE_25308_length_598_cov_54.450902	264	344	10	48	80	0.6000000
NODE_25308_length_598_cov_54.450902	317	397	4	6	80	0.0750000
NODE_25308_length_598_cov_54.450902	317	397	8	14	80	0.1750000
NODE_25308_length_598_cov_54.450902	317	397	10	60	80	0.7500000
NODE_25309_length_598_cov_8.326653	204	284	0	80	80	1.0000000
NODE_25309_length_598_cov_8.326653	257	337	0	80	80	1.0000000
NODE_25316_length_598_cov_5.623246	169	240	2	71	71	1.0000000
NODE_25320_length_598_cov_4.929860	73	153	2	21	80	0.2625000
NODE_25320_length_598_cov_4.929860	73	153	4	59	80	0.7375000
NODE_25320_length_598_cov_4.929860	126	206	2	62	80	0.7750000
NODE_25320_length_598_cov_4.929860	126	206	4	18	80	0.2250000
NODE_25421_length_597_cov_15.142570	197	277	0	80	80	1.0000000
NODE_25421_length_597_cov_15.142570	250	330	0	80	80	1.0000000
NODE_25422_length_597_cov_12.387550	118	198	0	80	80	1.0000000
NODE_25422_length_597_cov_12.387550	171	251	0	80	80	1.0000000
NODE_25423_length_597_cov_7.016064	213	293	0	80	80	1.0000000
NODE_25423_length_597_cov_7.016064	266	346	0	80	80	1.0000000
NODE_25426_length_597_cov_6.212851	374	449	2	1	75	0.0133333
NODE_25426_length_597_cov_6.212851	374	449	4	5	75	0.0666667
NODE_25426_length_597_cov_6.212851	374	449	6	69	75	0.9200000
NODE_25434_length_597_cov_4.273092	368	448	0	80	80	1.0000000
NODE_25434_length_597_cov_4.273092	421	507	0	86	86	1.0000000
NODE_25464_length_597_cov_2.162651	92	172	0	80	80	1.0000000
NODE_25464_length_597_cov_2.162651	145	225	0	80	80	1.0000000
NODE_25467_length_597_cov_2.096386	440	509	0	69	69	1.0000000
NODE_25469_length_597_cov_1.977912	392	472	2	5	80	0.0625000
NODE_25469_length_597_cov_1.977912	392	472	4	9	80	0.1125000
NODE_25469_length_597_cov_1.977912	392	472	6	16	80	0.2000000
NODE_25469_length_597_cov_1.977912	392	472	8	16	80	0.2000000
NODE_25469_length_597_cov_1.977912	392	472	10	34	80	0.4250000
NODE_25469_length_597_cov_1.977912	437	494	6	9	57	0.1578947
NODE_25469_length_597_cov_1.977912	437	494	8	29	57	0.5087720
NODE_25469_length_597_cov_1.977912	437	494	10	19	57	0.3333333
NODE_25469_length_597_cov_1.977912	445	525	4	16	80	0.2000000
NODE_25469_length_597_cov_1.977912	445	525	6	24	80	0.3000000
NODE_25469_length_597_cov_1.977912	445	525	8	29	80	0.3625000
NODE_25469_length_597_cov_1.977912	445	525	10	11	80	0.1375000
NODE_25552_length_596_cov_32.293763	221	301	2	80	80	1.0000000
NODE_25552_length_596_cov_32.293763	274	354	0	36	80	0.4500000
NODE_25552_length_596_cov_32.293763	274	354	2	44	80	0.5500000
NODE_25552_length_596_cov_32.293763	351	406	0	55	55	1.0000000
NODE_25552_length_596_cov_32.293763	381	459	0	78	78	1.0000000
NODE_25553_length_596_cov_26.891348	199	279	0	7	80	0.0875000
NODE_25553_length_596_cov_26.891348	199	279	4	73	80	0.9125000
NODE_25553_length_596_cov_26.891348	252	332	0	26	80	0.3250000
NODE_25553_length_596_cov_26.891348	252	332	4	54	80	0.6750000
NODE_25554_length_596_cov_17.082495	179	259	0	80	80	1.0000000
NODE_25554_length_596_cov_17.082495	232	312	0	80	80	1.0000000
NODE_25555_length_596_cov_10.372233	354	434	0	80	80	1.0000000
NODE_25555_length_596_cov_10.372233	407	487	0	80	80	1.0000000
NODE_25557_length_596_cov_6.955734	142	222	0	27	80	0.3375000
NODE_25557_length_596_cov_6.955734	142	222	2	53	80	0.6625000
NODE_25558_length_596_cov_6.225352	242	322	0	80	80	1.0000000
NODE_25558_length_596_cov_6.225352	308	375	0	33	67	0.4925373
NODE_25558_length_596_cov_6.225352	308	375	2	34	67	0.5074627
NODE_25567_length_596_cov_4.197183	369	444	0	75	75	1.0000000
NODE_25593_length_596_cov_2.066398	534	583	0	49	49	1.0000000
NODE_25666_length_595_cov_52.532258	248	328	0	48	80	0.6000000
NODE_25666_length_595_cov_52.532258	248	328	2	32	80	0.4000000
NODE_25666_length_595_cov_52.532258	301	381	2	80	80	1.0000000
NODE_25667_length_595_cov_38.584677	122	202	0	53	80	0.6625000
NODE_25667_length_595_cov_38.584677	122	202	4	9	80	0.1125000
NODE_25667_length_595_cov_38.584677	122	202	8	18	80	0.2250000
NODE_25667_length_595_cov_38.584677	175	255	4	9	80	0.1125000
NODE_25667_length_595_cov_38.584677	175	255	8	71	80	0.8875000
NODE_25669_length_595_cov_10.576613	323	403	4	80	80	1.0000000
NODE_25669_length_595_cov_10.576613	376	456	0	21	80	0.2625000
NODE_25669_length_595_cov_10.576613	376	456	4	59	80	0.7375000
NODE_25672_length_595_cov_7.917339	342	415	4	30	73	0.4109589
NODE_25672_length_595_cov_7.917339	342	415	6	43	73	0.5890411
NODE_25672_length_595_cov_7.917339	388	438	4	14	50	0.2800000
NODE_25672_length_595_cov_7.917339	388	438	6	36	50	0.7200000
NODE_25702_length_595_cov_2.792339	178	258	2	80	80	1.0000000
NODE_25702_length_595_cov_2.792339	231	311	0	4	80	0.0500000
NODE_25702_length_595_cov_2.792339	231	311	1	19	80	0.2375000
NODE_25702_length_595_cov_2.792339	231	311	2	57	80	0.7125000
NODE_25807_length_594_cov_34.157576	283	363	0	80	80	1.0000000
NODE_25807_length_594_cov_34.157576	336	416	0	80	80	1.0000000
NODE_25811_length_594_cov_8.933333	258	338	0	80	80	1.0000000
NODE_25811_length_594_cov_8.933333	311	389	0	78	78	1.0000000
NODE_25815_length_594_cov_5.759596	82	118	0	15	36	0.4166667
NODE_25815_length_594_cov_5.759596	82	118	2	21	36	0.5833333
NODE_25815_length_594_cov_5.759596	114	194	2	80	80	1.0000000
NODE_25815_length_594_cov_5.759596	167	242	2	75	75	1.0000000
NODE_25825_length_594_cov_3.913131	275	355	4	6	80	0.0750000
NODE_25825_length_594_cov_3.913131	275	355	6	3	80	0.0375000
NODE_25825_length_594_cov_3.913131	275	355	10	17	80	0.2125000
NODE_25825_length_594_cov_3.913131	275	355	14	19	80	0.2375000
NODE_25825_length_594_cov_3.913131	275	355	16	35	80	0.4375000
NODE_25844_length_594_cov_2.470707	209	247	0	38	38	1.0000000
NODE_25919_length_594_cov_0.698990	33	73	0	40	40	1.0000000
NODE_25928_length_593_cov_124.985830	247	285	86	4	38	0.1052632
NODE_25928_length_593_cov_124.985830	247	285	87	4	38	0.1052632
NODE_25928_length_593_cov_124.985830	247	285	90	2	38	0.0526316
NODE_25928_length_593_cov_124.985830	247	285	101	1	38	0.0263158
NODE_25928_length_593_cov_124.985830	247	285	102	1	38	0.0263158
NODE_25928_length_593_cov_124.985830	247	285	103	2	38	0.0526316
NODE_25928_length_593_cov_124.985830	247	285	107	1	38	0.0263158
NODE_25928_length_593_cov_124.985830	247	285	117	4	38	0.1052632
NODE_25928_length_593_cov_124.985830	247	285	118	1	38	0.0263158
NODE_25928_length_593_cov_124.985830	247	285	123	1	38	0.0263158
NODE_25928_length_593_cov_124.985830	247	285	124	4	38	0.1052632
NODE_25928_length_593_cov_124.985830	247	285	125	1	38	0.0263158
NODE_25928_length_593_cov_124.985830	247	285	127	5	38	0.1315790
NODE_25928_length_593_cov_124.985830	247	285	128	7	38	0.1842105
NODE_25929_length_593_cov_36.161943	150	230	2	25	80	0.3125000
NODE_25929_length_593_cov_36.161943	150	230	4	55	80	0.6875000
NODE_25929_length_593_cov_36.161943	203	283	0	13	80	0.1625000
NODE_25929_length_593_cov_36.161943	203	283	2	41	80	0.5125000
NODE_25929_length_593_cov_36.161943	203	283	4	26	80	0.3250000
NODE_25930_length_593_cov_14.979757	219	299	0	80	80	1.0000000
NODE_25930_length_593_cov_14.979757	272	352	0	80	80	1.0000000
NODE_25931_length_593_cov_11.018219	324	404	0	80	80	1.0000000
NODE_25931_length_593_cov_11.018219	377	457	0	80	80	1.0000000
NODE_25946_length_593_cov_3.232794	210	273	0	63	63	1.0000000
NODE_25946_length_593_cov_3.232794	263	326	0	63	63	1.0000000
NODE_25996_length_593_cov_1.261134	227	249	0	22	22	1.0000000
NODE_26033_length_592_cov_18.908722	163	243	2	11	80	0.1375000
NODE_26033_length_592_cov_18.908722	163	243	11	58	80	0.7250000
NODE_26033_length_592_cov_18.908722	163	243	13	11	80	0.1375000
NODE_26033_length_592_cov_18.908722	230	296	11	21	66	0.3181818
NODE_26033_length_592_cov_18.908722	230	296	12	34	66	0.5151515
NODE_26033_length_592_cov_18.908722	230	296	13	11	66	0.1666667
NODE_26034_length_592_cov_7.531440	232	312	0	37	80	0.4625000
NODE_26034_length_592_cov_7.531440	232	312	2	43	80	0.5375000
NODE_26034_length_592_cov_7.531440	285	361	2	76	76	1.0000000
NODE_26035_length_592_cov_7.000000	77	157	6	29	80	0.3625000
NODE_26035_length_592_cov_7.000000	77	157	8	51	80	0.6375000
NODE_26035_length_592_cov_7.000000	130	210	0	22	80	0.2750000
NODE_26035_length_592_cov_7.000000	130	210	2	4	80	0.0500000
NODE_26035_length_592_cov_7.000000	130	210	3	2	80	0.0250000
NODE_26035_length_592_cov_7.000000	130	210	4	16	80	0.2000000
NODE_26035_length_592_cov_7.000000	130	210	6	36	80	0.4500000
NODE_26040_length_592_cov_5.036511	270	349	4	79	79	1.0000000
NODE_26041_length_592_cov_5.024341	205	285	0	50	80	0.6250000
NODE_26041_length_592_cov_5.024341	205	285	2	30	80	0.3750000
NODE_26041_length_592_cov_5.024341	258	309	2	51	51	1.0000000
NODE_26062_length_592_cov_2.866126	61	127	0	66	66	1.0000000
NODE_26069_length_592_cov_2.361055	476	526	0	50	50	1.0000000
NODE_26142_length_591_cov_11.286585	245	325	2	80	80	1.0000000
NODE_26142_length_591_cov_11.286585	298	378	1	32	80	0.4000000
NODE_26142_length_591_cov_11.286585	298	378	2	48	80	0.6000000
NODE_26143_length_591_cov_9.432927	241	321	0	80	80	1.0000000
NODE_26143_length_591_cov_9.432927	294	374	0	80	80	1.0000000
NODE_26184_length_591_cov_2.365854	396	476	0	80	80	1.0000000
NODE_26184_length_591_cov_2.365854	449	529	0	80	80	1.0000000
NODE_26272_length_590_cov_29.661914	26	106	0	17	80	0.2125000
NODE_26272_length_590_cov_29.661914	26	106	2	63	80	0.7875000
NODE_26272_length_590_cov_29.661914	79	159	2	80	80	1.0000000
NODE_26272_length_590_cov_29.661914	155	235	0	70	80	0.8750000
NODE_26272_length_590_cov_29.661914	155	235	2	10	80	0.1250000
NODE_26272_length_590_cov_29.661914	208	288	0	80	80	1.0000000
NODE_26273_length_590_cov_21.360489	178	258	0	80	80	1.0000000
NODE_26273_length_590_cov_21.360489	231	311	0	80	80	1.0000000
NODE_26274_length_590_cov_18.395112	161	241	0	80	80	1.0000000
NODE_26274_length_590_cov_18.395112	214	294	0	80	80	1.0000000
NODE_26275_length_590_cov_17.376782	238	318	0	23	80	0.2875000
NODE_26275_length_590_cov_17.376782	238	318	2	40	80	0.5000000
NODE_26275_length_590_cov_17.376782	238	318	9	17	80	0.2125000
NODE_26275_length_590_cov_17.376782	291	371	0	76	80	0.9500000
NODE_26275_length_590_cov_17.376782	291	371	2	4	80	0.0500000
NODE_26279_length_590_cov_6.205703	262	333	2	71	71	1.0000000
NODE_26283_length_590_cov_5.319756	224	304	0	80	80	1.0000000
NODE_26283_length_590_cov_5.319756	277	357	0	80	80	1.0000000
NODE_26366_length_590_cov_0.971487	0	32	0	32	32	1.0000000
NODE_26390_length_589_cov_15.810204	384	464	2	80	80	1.0000000
NODE_26390_length_589_cov_15.810204	437	517	2	80	80	1.0000000
NODE_26391_length_589_cov_13.855102	320	400	6	1	80	0.0125000
NODE_26391_length_589_cov_13.855102	320	400	33	2	80	0.0250000
NODE_26391_length_589_cov_13.855102	320	400	36	10	80	0.1250000
NODE_26391_length_589_cov_13.855102	320	400	38	3	80	0.0375000
NODE_26391_length_589_cov_13.855102	320	400	39	1	80	0.0125000
NODE_26391_length_589_cov_13.855102	320	400	40	9	80	0.1125000
NODE_26391_length_589_cov_13.855102	320	400	44	6	80	0.0750000
NODE_26391_length_589_cov_13.855102	320	400	45	5	80	0.0625000
NODE_26391_length_589_cov_13.855102	320	400	46	4	80	0.0500000
NODE_26391_length_589_cov_13.855102	320	400	48	39	80	0.4875000
NODE_26391_length_589_cov_13.855102	373	453	2	19	80	0.2375000
NODE_26391_length_589_cov_13.855102	373	453	30	12	80	0.1500000
NODE_26391_length_589_cov_13.855102	373	453	31	19	80	0.2375000
NODE_26391_length_589_cov_13.855102	373	453	32	1	80	0.0125000
NODE_26391_length_589_cov_13.855102	373	453	33	4	80	0.0500000
NODE_26391_length_589_cov_13.855102	373	453	36	10	80	0.1250000
NODE_26391_length_589_cov_13.855102	373	453	38	3	80	0.0375000
NODE_26391_length_589_cov_13.855102	373	453	39	1	80	0.0125000
NODE_26391_length_589_cov_13.855102	373	453	40	9	80	0.1125000
NODE_26391_length_589_cov_13.855102	373	453	46	2	80	0.0250000
NODE_26395_length_589_cov_6.297959	186	266	0	80	80	1.0000000
NODE_26395_length_589_cov_6.297959	239	319	0	80	80	1.0000000
NODE_26430_length_589_cov_2.320408	431	511	6	10	80	0.1250000
NODE_26430_length_589_cov_2.320408	431	511	8	49	80	0.6125000
NODE_26430_length_589_cov_2.320408	431	511	10	21	80	0.2625000
NODE_26515_length_588_cov_49.936605	264	341	0	49	77	0.6363636
NODE_26515_length_588_cov_49.936605	264	341	2	28	77	0.3636364
NODE_26515_length_588_cov_49.936605	314	394	2	80	80	1.0000000
NODE_26516_length_588_cov_33.691207	273	353	0	14	80	0.1750000
NODE_26516_length_588_cov_33.691207	273	353	2	66	80	0.8250000
NODE_26516_length_588_cov_33.691207	326	406	0	21	80	0.2625000
NODE_26516_length_588_cov_33.691207	326	406	2	59	80	0.7375000
NODE_26517_length_588_cov_16.564417	245	325	0	80	80	1.0000000
NODE_26517_length_588_cov_16.564417	298	378	0	80	80	1.0000000
NODE_26518_length_588_cov_14.595092	266	346	0	80	80	1.0000000
NODE_26518_length_588_cov_14.595092	319	399	0	80	80	1.0000000
NODE_26522_length_588_cov_7.439673	155	235	2	2	80	0.0250000
NODE_26522_length_588_cov_7.439673	155	235	10	78	80	0.9750000
NODE_26522_length_588_cov_7.439673	208	288	0	14	80	0.1750000
NODE_26522_length_588_cov_7.439673	208	288	2	41	80	0.5125000
NODE_26522_length_588_cov_7.439673	208	288	10	25	80	0.3125000
NODE_26523_length_588_cov_7.094070	191	263	0	72	72	1.0000000
NODE_26523_length_588_cov_7.094070	244	310	0	66	66	1.0000000
NODE_26523_length_588_cov_7.094070	439	519	0	80	80	1.0000000
NODE_26523_length_588_cov_7.094070	492	572	0	80	80	1.0000000
NODE_26534_length_588_cov_4.167689	65	122	0	57	57	1.0000000
NODE_26634_length_587_cov_39.782787	123	203	0	43	80	0.5375000
NODE_26634_length_587_cov_39.782787	123	203	2	21	80	0.2625000
NODE_26634_length_587_cov_39.782787	123	203	4	16	80	0.2000000
NODE_26634_length_587_cov_39.782787	176	256	2	11	80	0.1375000
NODE_26634_length_587_cov_39.782787	176	256	4	69	80	0.8625000
NODE_26634_length_587_cov_39.782787	252	332	0	24	80	0.3000000
NODE_26634_length_587_cov_39.782787	252	332	2	31	80	0.3875000
NODE_26634_length_587_cov_39.782787	252	332	4	25	80	0.3125000
NODE_26634_length_587_cov_39.782787	305	385	0	77	80	0.9625000
NODE_26634_length_587_cov_39.782787	305	385	2	3	80	0.0375000
NODE_26635_length_587_cov_31.807377	141	221	0	44	80	0.5500000
NODE_26635_length_587_cov_31.807377	141	221	7	36	80	0.4500000
NODE_26635_length_587_cov_31.807377	194	274	7	33	80	0.4125000
NODE_26635_length_587_cov_31.807377	194	274	12	1	80	0.0125000
NODE_26635_length_587_cov_31.807377	194	274	13	46	80	0.5750000
NODE_26636_length_587_cov_12.629098	219	299	6	24	80	0.3000000
NODE_26636_length_587_cov_12.629098	219	299	8	21	80	0.2625000
NODE_26636_length_587_cov_12.629098	219	299	12	35	80	0.4375000
NODE_26636_length_587_cov_12.629098	272	352	4	41	80	0.5125000
NODE_26636_length_587_cov_12.629098	272	352	6	36	80	0.4500000
NODE_26636_length_587_cov_12.629098	272	352	8	3	80	0.0375000
NODE_26639_length_587_cov_9.067623	203	283	2	80	80	1.0000000
NODE_26639_length_587_cov_9.067623	256	336	0	38	80	0.4750000
NODE_26639_length_587_cov_9.067623	256	336	2	42	80	0.5250000
NODE_26640_length_587_cov_8.411885	253	311	6	38	58	0.6551724
NODE_26640_length_587_cov_8.411885	253	311	8	3	58	0.0517241
NODE_26640_length_587_cov_8.411885	253	311	10	16	58	0.2758621
NODE_26640_length_587_cov_8.411885	253	311	12	1	58	0.0172414
NODE_26656_length_587_cov_3.231557	201	256	20	7	55	0.1272727
NODE_26656_length_587_cov_3.231557	201	256	21	11	55	0.2000000
NODE_26656_length_587_cov_3.231557	201	256	22	14	55	0.2545455
NODE_26656_length_587_cov_3.231557	201	256	23	23	55	0.4181818
NODE_26665_length_587_cov_2.850410	255	288	12	33	33	1.0000000
NODE_26749_length_586_cov_37.843943	268	348	0	80	80	1.0000000
NODE_26749_length_586_cov_37.843943	321	401	0	80	80	1.0000000
NODE_26749_length_586_cov_37.843943	397	477	0	80	80	1.0000000
NODE_26749_length_586_cov_37.843943	450	531	0	81	81	1.0000000
NODE_26750_length_586_cov_12.831622	186	266	0	80	80	1.0000000
NODE_26750_length_586_cov_12.831622	239	319	0	32	80	0.4000000
NODE_26750_length_586_cov_12.831622	239	319	4	48	80	0.6000000
NODE_26752_length_586_cov_11.264887	108	188	6	8	80	0.1000000
NODE_26752_length_586_cov_11.264887	108	188	10	7	80	0.0875000
NODE_26752_length_586_cov_11.264887	108	188	11	53	80	0.6625000
NODE_26752_length_586_cov_11.264887	108	188	12	10	80	0.1250000
NODE_26752_length_586_cov_11.264887	108	188	14	2	80	0.0250000
NODE_26752_length_586_cov_11.264887	161	241	6	61	80	0.7625000
NODE_26752_length_586_cov_11.264887	161	241	11	19	80	0.2375000
NODE_26754_length_586_cov_9.624230	299	360	0	15	61	0.2459016
NODE_26754_length_586_cov_9.624230	299	360	2	5	61	0.0819672
NODE_26754_length_586_cov_9.624230	299	360	4	41	61	0.6721311
NODE_26754_length_586_cov_9.624230	299	360	0	15	61	0.2459016
NODE_26754_length_586_cov_9.624230	299	360	2	5	61	0.0819672
NODE_26754_length_586_cov_9.624230	299	360	4	41	61	0.6721311
NODE_26754_length_586_cov_9.624230	299	360	0	15	61	0.2459016
NODE_26754_length_586_cov_9.624230	299	360	2	5	61	0.0819672
NODE_26754_length_586_cov_9.624230	299	360	4	41	61	0.6721311
NODE_26754_length_586_cov_9.624230	301	360	0	15	59	0.2542373
NODE_26754_length_586_cov_9.624230	301	360	2	5	59	0.0847458
NODE_26754_length_586_cov_9.624230	301	360	4	39	59	0.6610169
NODE_26756_length_586_cov_8.591376	273	353	0	18	80	0.2250000
NODE_26756_length_586_cov_8.591376	273	353	2	62	80	0.7750000
NODE_26756_length_586_cov_8.591376	326	406	0	71	80	0.8875000
NODE_26756_length_586_cov_8.591376	326	406	2	9	80	0.1125000
NODE_26758_length_586_cov_6.135524	334	375	0	41	41	1.0000000
NODE_26758_length_586_cov_6.135524	334	375	0	41	41	1.0000000
NODE_26760_length_586_cov_5.634497	150	230	0	22	80	0.2750000
NODE_26760_length_586_cov_5.634497	150	230	2	58	80	0.7250000
NODE_26760_length_586_cov_5.634497	203	283	0	75	80	0.9375000
NODE_26760_length_586_cov_5.634497	203	283	2	5	80	0.0625000
NODE_26765_length_586_cov_4.626283	296	362	15	2	66	0.0303030
NODE_26765_length_586_cov_4.626283	296	362	17	13	66	0.1969697
NODE_26765_length_586_cov_4.626283	296	362	19	2	66	0.0303030
NODE_26765_length_586_cov_4.626283	296	362	20	3	66	0.0454545
NODE_26765_length_586_cov_4.626283	296	362	22	1	66	0.0151515
NODE_26765_length_586_cov_4.626283	296	362	24	45	66	0.6818182
NODE_26765_length_586_cov_4.626283	453	533	1	12	80	0.1500000
NODE_26765_length_586_cov_4.626283	453	533	2	61	80	0.7625000
NODE_26765_length_586_cov_4.626283	453	533	3	7	80	0.0875000
NODE_26885_length_585_cov_112.094650	456	536	70	3	80	0.0375000
NODE_26885_length_585_cov_112.094650	456	536	71	2	80	0.0250000
NODE_26885_length_585_cov_112.094650	456	536	72	3	80	0.0375000
NODE_26885_length_585_cov_112.094650	456	536	73	2	80	0.0250000
NODE_26885_length_585_cov_112.094650	456	536	75	1	80	0.0125000
NODE_26885_length_585_cov_112.094650	456	536	76	1	80	0.0125000
NODE_26885_length_585_cov_112.094650	456	536	78	5	80	0.0625000
NODE_26885_length_585_cov_112.094650	456	536	79	2	80	0.0250000
NODE_26885_length_585_cov_112.094650	456	536	80	3	80	0.0375000
NODE_26885_length_585_cov_112.094650	456	536	83	8	80	0.1000000
NODE_26885_length_585_cov_112.094650	456	536	84	14	80	0.1750000
NODE_26885_length_585_cov_112.094650	456	536	85	12	80	0.1500000
NODE_26885_length_585_cov_112.094650	456	536	86	6	80	0.0750000
NODE_26885_length_585_cov_112.094650	456	536	88	16	80	0.2000000
NODE_26885_length_585_cov_112.094650	456	536	89	2	80	0.0250000
NODE_26885_length_585_cov_112.094650	509	585	6	2	76	0.0263158
NODE_26885_length_585_cov_112.094650	509	585	11	4	76	0.0526316
NODE_26885_length_585_cov_112.094650	509	585	13	1	76	0.0131579
NODE_26885_length_585_cov_112.094650	509	585	17	1	76	0.0131579
NODE_26885_length_585_cov_112.094650	509	585	19	3	76	0.0394737
NODE_26885_length_585_cov_112.094650	509	585	23	2	76	0.0263158
NODE_26885_length_585_cov_112.094650	509	585	29	1	76	0.0131579
NODE_26885_length_585_cov_112.094650	509	585	31	2	76	0.0263158
NODE_26885_length_585_cov_112.094650	509	585	33	2	76	0.0263158
NODE_26885_length_585_cov_112.094650	509	585	35	3	76	0.0394737
NODE_26885_length_585_cov_112.094650	509	585	38	10	76	0.1315790
NODE_26885_length_585_cov_112.094650	509	585	39	1	76	0.0131579
NODE_26885_length_585_cov_112.094650	509	585	41	1	76	0.0131579
NODE_26885_length_585_cov_112.094650	509	585	49	5	76	0.0657895
NODE_26885_length_585_cov_112.094650	509	585	50	2	76	0.0263158
NODE_26885_length_585_cov_112.094650	509	585	52	2	76	0.0263158
NODE_26885_length_585_cov_112.094650	509	585	54	1	76	0.0131579
NODE_26885_length_585_cov_112.094650	509	585	56	3	76	0.0394737
NODE_26885_length_585_cov_112.094650	509	585	70	6	76	0.0789474
NODE_26885_length_585_cov_112.094650	509	585	72	3	76	0.0394737
NODE_26885_length_585_cov_112.094650	509	585	75	1	76	0.0131579
NODE_26885_length_585_cov_112.094650	509	585	79	2	76	0.0263158
NODE_26885_length_585_cov_112.094650	509	585	83	8	76	0.1052632
NODE_26885_length_585_cov_112.094650	509	585	84	10	76	0.1315790
NODE_26886_length_585_cov_23.872428	168	248	2	53	80	0.6625000
NODE_26886_length_585_cov_23.872428	168	248	6	27	80	0.3375000
NODE_26886_length_585_cov_23.872428	222	301	4	37	79	0.4683544
NODE_26886_length_585_cov_23.872428	222	301	6	42	79	0.5316456
NODE_26887_length_585_cov_18.981481	360	440	0	80	80	1.0000000
NODE_26887_length_585_cov_18.981481	413	493	0	80	80	1.0000000
NODE_26888_length_585_cov_13.967078	323	387	2	64	64	1.0000000
NODE_26889_length_585_cov_10.555556	229	309	0	41	80	0.5125000
NODE_26889_length_585_cov_10.555556	229	309	2	8	80	0.1000000
NODE_26889_length_585_cov_10.555556	229	309	4	31	80	0.3875000
NODE_26889_length_585_cov_10.555556	282	362	2	2	80	0.0250000
NODE_26889_length_585_cov_10.555556	282	362	4	78	80	0.9750000
NODE_26891_length_585_cov_9.216049	233	313	0	63	80	0.7875000
NODE_26891_length_585_cov_9.216049	233	313	2	17	80	0.2125000
NODE_26891_length_585_cov_9.216049	286	366	0	10	80	0.1250000
NODE_26891_length_585_cov_9.216049	286	366	2	70	80	0.8750000
NODE_26894_length_585_cov_8.090535	292	372	0	80	80	1.0000000
NODE_26894_length_585_cov_8.090535	345	425	0	80	80	1.0000000
NODE_26895_length_585_cov_8.018519	339	381	0	42	42	1.0000000
NODE_26895_length_585_cov_8.018519	354	419	0	65	65	1.0000000
NODE_26900_length_585_cov_4.954733	147	227	0	80	80	1.0000000
NODE_26912_length_585_cov_3.751029	288	368	6	51	80	0.6375000
NODE_26912_length_585_cov_3.751029	288	368	10	4	80	0.0500000
NODE_26912_length_585_cov_3.751029	288	368	12	25	80	0.3125000
NODE_26912_length_585_cov_3.751029	341	421	6	38	80	0.4750000
NODE_26912_length_585_cov_3.751029	341	421	10	2	80	0.0250000
NODE_26912_length_585_cov_3.751029	341	421	12	40	80	0.5000000
NODE_27019_length_584_cov_21.657732	57	137	0	28	80	0.3500000
NODE_27019_length_584_cov_21.657732	57	137	2	20	80	0.2500000
NODE_27019_length_584_cov_21.657732	57	137	4	32	80	0.4000000
NODE_27019_length_584_cov_21.657732	110	190	2	23	80	0.2875000
NODE_27019_length_584_cov_21.657732	110	190	4	57	80	0.7125000
NODE_27020_length_584_cov_11.915464	280	360	0	80	80	1.0000000
NODE_27020_length_584_cov_11.915464	333	413	0	28	80	0.3500000
NODE_27020_length_584_cov_11.915464	333	413	2	52	80	0.6500000
NODE_27021_length_584_cov_11.197938	217	297	0	80	80	1.0000000
NODE_27021_length_584_cov_11.197938	270	350	0	80	80	1.0000000
NODE_27022_length_584_cov_9.824742	375	441	17	14	66	0.2121212
NODE_27022_length_584_cov_9.824742	375	441	18	1	66	0.0151515
NODE_27022_length_584_cov_9.824742	375	441	19	6	66	0.0909091
NODE_27022_length_584_cov_9.824742	375	441	20	29	66	0.4393939
NODE_27022_length_584_cov_9.824742	375	441	22	16	66	0.2424242
NODE_27022_length_584_cov_9.824742	375	441	17	14	66	0.2121212
NODE_27022_length_584_cov_9.824742	375	441	18	1	66	0.0151515
NODE_27022_length_584_cov_9.824742	375	441	19	6	66	0.0909091
NODE_27022_length_584_cov_9.824742	375	441	20	29	66	0.4393939
NODE_27022_length_584_cov_9.824742	375	441	22	16	66	0.2424242
NODE_27023_length_584_cov_9.160825	369	449	2	80	80	1.0000000
NODE_27023_length_584_cov_9.160825	422	502	0	18	80	0.2250000
NODE_27023_length_584_cov_9.160825	422	502	2	62	80	0.7750000
NODE_27023_length_584_cov_9.160825	422	502	0	18	80	0.2250000
NODE_27023_length_584_cov_9.160825	422	502	2	62	80	0.7750000
NODE_27026_length_584_cov_7.736082	51	131	0	26	80	0.3250000
NODE_27026_length_584_cov_7.736082	51	131	2	54	80	0.6750000
NODE_27026_length_584_cov_7.736082	104	184	0	79	80	0.9875000
NODE_27026_length_584_cov_7.736082	104	184	2	1	80	0.0125000
NODE_27031_length_584_cov_7.113402	213	293	4	80	80	1.0000000
NODE_27031_length_584_cov_7.113402	266	346	0	13	80	0.1625000
NODE_27031_length_584_cov_7.113402	266	346	4	67	80	0.8375000
NODE_27035_length_584_cov_5.843299	281	341	0	4	60	0.0666667
NODE_27035_length_584_cov_5.843299	281	341	2	56	60	0.9333333
NODE_27039_length_584_cov_5.032990	240	320	0	80	80	1.0000000
NODE_27039_length_584_cov_5.032990	293	373	0	80	80	1.0000000
NODE_27061_length_584_cov_2.707216	186	257	1	8	71	0.1126761
NODE_27061_length_584_cov_2.707216	186	257	2	63	71	0.8873239
NODE_27147_length_583_cov_7.973140	232	312	0	80	80	1.0000000
NODE_27147_length_583_cov_7.973140	285	365	0	80	80	1.0000000
NODE_27148_length_583_cov_6.731405	328	408	0	2	80	0.0250000
NODE_27148_length_583_cov_6.731405	328	408	2	78	80	0.9750000
NODE_27148_length_583_cov_6.731405	381	461	2	80	80	1.0000000
NODE_27149_length_583_cov_6.363636	161	231	0	70	70	1.0000000
NODE_27152_length_583_cov_5.766529	132	186	0	54	54	1.0000000
NODE_27263_length_583_cov_0.762397	9	50	0	41	41	1.0000000
NODE_27278_length_582_cov_74.269151	295	375	0	31	80	0.3875000
NODE_27278_length_582_cov_74.269151	295	375	2	6	80	0.0750000
NODE_27278_length_582_cov_74.269151	295	375	4	43	80	0.5375000
NODE_27278_length_582_cov_74.269151	348	428	0	21	80	0.2625000
NODE_27278_length_582_cov_74.269151	348	428	2	15	80	0.1875000
NODE_27278_length_582_cov_74.269151	348	428	4	44	80	0.5500000
NODE_27279_length_582_cov_53.093168	11	91	0	80	80	1.0000000
NODE_27279_length_582_cov_53.093168	64	144	0	80	80	1.0000000
NODE_27279_length_582_cov_53.093168	140	220	0	49	80	0.6125000
NODE_27279_length_582_cov_53.093168	140	220	2	31	80	0.3875000
NODE_27279_length_582_cov_53.093168	193	273	0	18	80	0.2250000
NODE_27279_length_582_cov_53.093168	193	273	2	62	80	0.7750000
NODE_27280_length_582_cov_47.393375	345	425	0	45	80	0.5625000
NODE_27280_length_582_cov_47.393375	345	425	3	1	80	0.0125000
NODE_27280_length_582_cov_47.393375	345	425	4	34	80	0.4250000
NODE_27280_length_582_cov_47.393375	398	478	4	80	80	1.0000000
NODE_27281_length_582_cov_16.358178	297	377	2	80	80	1.0000000
NODE_27281_length_582_cov_16.358178	350	431	0	4	81	0.0493827
NODE_27281_length_582_cov_16.358178	350	431	1	22	81	0.2716049
NODE_27281_length_582_cov_16.358178	350	431	2	55	81	0.6790124
NODE_27282_length_582_cov_14.107660	128	208	6	80	80	1.0000000
NODE_27282_length_582_cov_14.107660	181	261	0	22	80	0.2750000
NODE_27282_length_582_cov_14.107660	181	261	6	58	80	0.7250000
NODE_27283_length_582_cov_7.923395	208	287	0	56	79	0.7088608
NODE_27283_length_582_cov_7.923395	208	287	2	23	79	0.2911392
NODE_27283_length_582_cov_7.923395	262	340	0	2	78	0.0256410
NODE_27283_length_582_cov_7.923395	262	340	2	76	78	0.9743590
NODE_27284_length_582_cov_7.722567	216	296	0	80	80	1.0000000
NODE_27284_length_582_cov_7.722567	269	349	0	80	80	1.0000000
NODE_27289_length_582_cov_4.956522	294	325	0	31	31	1.0000000
NODE_27295_length_582_cov_4.308489	151	192	0	12	41	0.2926829
NODE_27295_length_582_cov_4.308489	151	192	2	29	41	0.7073171
NODE_27297_length_582_cov_3.838509	223	299	0	3	76	0.0394737
NODE_27297_length_582_cov_3.838509	223	299	2	21	76	0.2763158
NODE_27297_length_582_cov_3.838509	223	299	4	52	76	0.6842105
NODE_27297_length_582_cov_3.838509	272	354	0	6	82	0.0731707
NODE_27297_length_582_cov_3.838509	272	354	2	15	82	0.1829268
NODE_27297_length_582_cov_3.838509	272	354	4	61	82	0.7439024
NODE_27350_length_582_cov_1.650104	375	450	6	13	75	0.1733333
NODE_27350_length_582_cov_1.650104	375	450	8	42	75	0.5600000
NODE_27350_length_582_cov_1.650104	375	450	10	20	75	0.2666667
NODE_27405_length_581_cov_16.890041	244	316	4	72	72	1.0000000
NODE_27413_length_581_cov_6.340249	262	342	0	80	80	1.0000000
NODE_27413_length_581_cov_6.340249	315	395	0	80	80	1.0000000
NODE_27416_length_581_cov_5.827801	122	192	4	4	70	0.0571429
NODE_27416_length_581_cov_5.827801	122	192	10	26	70	0.3714286
NODE_27416_length_581_cov_5.827801	122	192	14	1	70	0.0142857
NODE_27416_length_581_cov_5.827801	122	192	16	39	70	0.5571429
NODE_27420_length_581_cov_5.072614	392	466	6	74	74	1.0000000
NODE_27420_length_581_cov_5.072614	424	444	6	20	20	1.0000000
NODE_27464_length_581_cov_1.881743	474	538	0	64	64	1.0000000
NODE_27541_length_580_cov_39.353430	358	438	25	8	80	0.1000000
NODE_27541_length_580_cov_39.353430	358	438	26	2	80	0.0250000
NODE_27541_length_580_cov_39.353430	358	438	28	31	80	0.3875000
NODE_27541_length_580_cov_39.353430	358	438	30	19	80	0.2375000
NODE_27541_length_580_cov_39.353430	358	438	34	5	80	0.0625000
NODE_27541_length_580_cov_39.353430	358	438	38	9	80	0.1125000
NODE_27541_length_580_cov_39.353430	358	438	39	6	80	0.0750000
NODE_27541_length_580_cov_39.353430	411	491	15	5	80	0.0625000
NODE_27541_length_580_cov_39.353430	411	491	17	7	80	0.0875000
NODE_27541_length_580_cov_39.353430	411	491	21	2	80	0.0250000
NODE_27541_length_580_cov_39.353430	411	491	25	2	80	0.0250000
NODE_27541_length_580_cov_39.353430	411	491	27	6	80	0.0750000
NODE_27541_length_580_cov_39.353430	411	491	29	27	80	0.3375000
NODE_27541_length_580_cov_39.353430	411	491	30	7	80	0.0875000
NODE_27541_length_580_cov_39.353430	411	491	31	1	80	0.0125000
NODE_27541_length_580_cov_39.353430	411	491	33	1	80	0.0125000
NODE_27541_length_580_cov_39.353430	411	491	34	5	80	0.0625000
NODE_27541_length_580_cov_39.353430	411	491	38	9	80	0.1125000
NODE_27541_length_580_cov_39.353430	411	491	39	8	80	0.1000000
NODE_27541_length_580_cov_39.353430	487	567	22	1	80	0.0125000
NODE_27541_length_580_cov_39.353430	487	567	23	50	80	0.6250000
NODE_27541_length_580_cov_39.353430	487	567	24	19	80	0.2375000
NODE_27541_length_580_cov_39.353430	487	567	25	4	80	0.0500000
NODE_27541_length_580_cov_39.353430	487	567	27	6	80	0.0750000
NODE_27541_length_580_cov_39.353430	487	567	22	1	80	0.0125000
NODE_27541_length_580_cov_39.353430	487	567	23	50	80	0.6250000
NODE_27541_length_580_cov_39.353430	487	567	24	19	80	0.2375000
NODE_27541_length_580_cov_39.353430	487	567	25	4	80	0.0500000
NODE_27541_length_580_cov_39.353430	487	567	27	6	80	0.0750000
NODE_27541_length_580_cov_39.353430	487	567	22	1	80	0.0125000
NODE_27541_length_580_cov_39.353430	487	567	23	50	80	0.6250000
NODE_27541_length_580_cov_39.353430	487	567	24	19	80	0.2375000
NODE_27541_length_580_cov_39.353430	487	567	25	4	80	0.0500000
NODE_27541_length_580_cov_39.353430	487	567	27	6	80	0.0750000
NODE_27541_length_580_cov_39.353430	487	567	22	1	80	0.0125000
NODE_27541_length_580_cov_39.353430	487	567	23	50	80	0.6250000
NODE_27541_length_580_cov_39.353430	487	567	24	19	80	0.2375000
NODE_27541_length_580_cov_39.353430	487	567	25	4	80	0.0500000
NODE_27541_length_580_cov_39.353430	487	567	27	6	80	0.0750000
NODE_27541_length_580_cov_39.353430	487	567	22	1	80	0.0125000
NODE_27541_length_580_cov_39.353430	487	567	23	50	80	0.6250000
NODE_27541_length_580_cov_39.353430	487	567	24	19	80	0.2375000
NODE_27541_length_580_cov_39.353430	487	567	25	4	80	0.0500000
NODE_27541_length_580_cov_39.353430	487	567	27	6	80	0.0750000
NODE_27541_length_580_cov_39.353430	487	567	22	1	80	0.0125000
NODE_27541_length_580_cov_39.353430	487	567	23	50	80	0.6250000
NODE_27541_length_580_cov_39.353430	487	567	24	19	80	0.2375000
NODE_27541_length_580_cov_39.353430	487	567	25	4	80	0.0500000
NODE_27541_length_580_cov_39.353430	487	567	27	6	80	0.0750000
NODE_27544_length_580_cov_8.925156	198	238	0	40	40	1.0000000
NODE_27544_length_580_cov_8.925156	258	338	0	80	80	1.0000000
NODE_27545_length_580_cov_8.634096	197	277	8	15	80	0.1875000
NODE_27545_length_580_cov_8.634096	197	277	20	65	80	0.8125000
NODE_27545_length_580_cov_8.634096	250	330	1	2	80	0.0250000
NODE_27545_length_580_cov_8.634096	250	330	13	1	80	0.0125000
NODE_27545_length_580_cov_8.634096	250	330	14	32	80	0.4000000
NODE_27545_length_580_cov_8.634096	250	330	20	45	80	0.5625000
NODE_27551_length_580_cov_6.291060	356	398	2	42	42	1.0000000
NODE_27554_length_580_cov_5.494802	110	190	0	80	80	1.0000000
NODE_27554_length_580_cov_5.494802	163	243	0	80	80	1.0000000
NODE_27559_length_580_cov_4.563410	231	292	0	5	61	0.0819672
NODE_27559_length_580_cov_4.563410	231	292	2	56	61	0.9180328
NODE_27559_length_580_cov_4.563410	322	357	2	35	35	1.0000000
NODE_27590_length_580_cov_2.264033	215	277	0	62	62	1.0000000
NODE_27597_length_580_cov_2.116424	265	345	0	34	80	0.4250000
NODE_27597_length_580_cov_2.116424	265	345	2	46	80	0.5750000
NODE_27659_length_579_cov_24.231250	159	239	0	80	80	1.0000000
NODE_27659_length_579_cov_24.231250	212	287	0	75	75	1.0000000
NODE_27660_length_579_cov_12.602083	246	326	0	80	80	1.0000000
NODE_27660_length_579_cov_12.602083	299	377	0	78	78	1.0000000
NODE_27663_length_579_cov_9.195833	254	334	4	8	80	0.1000000
NODE_27663_length_579_cov_9.195833	254	334	6	8	80	0.1000000
NODE_27663_length_579_cov_9.195833	254	334	8	20	80	0.2500000
NODE_27663_length_579_cov_9.195833	254	334	10	16	80	0.2000000
NODE_27663_length_579_cov_9.195833	254	334	12	28	80	0.3500000
NODE_27663_length_579_cov_9.195833	307	387	6	22	80	0.2750000
NODE_27663_length_579_cov_9.195833	307	387	8	11	80	0.1375000
NODE_27663_length_579_cov_9.195833	307	387	10	36	80	0.4500000
NODE_27663_length_579_cov_9.195833	307	387	12	11	80	0.1375000
NODE_27663_length_579_cov_9.195833	383	463	0	35	80	0.4375000
NODE_27663_length_579_cov_9.195833	383	463	2	22	80	0.2750000
NODE_27663_length_579_cov_9.195833	383	463	4	1	80	0.0125000
NODE_27663_length_579_cov_9.195833	383	463	6	22	80	0.2750000
NODE_27664_length_579_cov_6.600000	169	249	0	80	80	1.0000000
NODE_27664_length_579_cov_6.600000	222	302	0	36	80	0.4500000
NODE_27664_length_579_cov_6.600000	222	302	2	44	80	0.5500000
NODE_27667_length_579_cov_5.956250	225	295	2	19	70	0.2714286
NODE_27667_length_579_cov_5.956250	225	295	6	51	70	0.7285714
NODE_27667_length_579_cov_5.956250	279	316	4	16	37	0.4324324
NODE_27667_length_579_cov_5.956250	279	316	6	21	37	0.5675676
NODE_27674_length_579_cov_4.850000	105	185	0	80	80	1.0000000
NODE_27674_length_579_cov_4.850000	158	238	0	80	80	1.0000000
NODE_27688_length_579_cov_3.291667	290	343	4	53	53	1.0000000
NODE_27695_length_579_cov_2.420833	251	331	4	7	80	0.0875000
NODE_27695_length_579_cov_2.420833	251	331	6	21	80	0.2625000
NODE_27695_length_579_cov_2.420833	251	331	8	52	80	0.6500000
NODE_27695_length_579_cov_2.420833	304	384	0	34	80	0.4250000
NODE_27695_length_579_cov_2.420833	304	384	2	10	80	0.1250000
NODE_27695_length_579_cov_2.420833	304	384	4	16	80	0.2000000
NODE_27695_length_579_cov_2.420833	304	384	6	20	80	0.2500000
NODE_27724_length_579_cov_1.435417	463	497	0	34	34	1.0000000
NODE_27781_length_578_cov_70.192067	100	180	0	79	80	0.9875000
NODE_27781_length_578_cov_70.192067	100	180	2	1	80	0.0125000
NODE_27781_length_578_cov_70.192067	153	233	0	26	80	0.3250000
NODE_27781_length_578_cov_70.192067	153	233	2	23	80	0.2875000
NODE_27781_length_578_cov_70.192067	153	233	4	31	80	0.3875000
NODE_27782_length_578_cov_51.676409	129	209	0	6	80	0.0750000
NODE_27782_length_578_cov_51.676409	129	209	2	74	80	0.9250000
NODE_27782_length_578_cov_51.676409	182	262	0	25	80	0.3125000
NODE_27782_length_578_cov_51.676409	182	262	2	41	80	0.5125000
NODE_27782_length_578_cov_51.676409	182	262	4	14	80	0.1750000
NODE_27783_length_578_cov_32.152401	310	390	0	18	80	0.2250000
NODE_27783_length_578_cov_32.152401	310	390	1	29	80	0.3625000
NODE_27783_length_578_cov_32.152401	310	390	3	1	80	0.0125000
NODE_27783_length_578_cov_32.152401	310	390	5	3	80	0.0375000
NODE_27783_length_578_cov_32.152401	310	390	6	19	80	0.2375000
NODE_27783_length_578_cov_32.152401	310	390	8	10	80	0.1250000
NODE_27783_length_578_cov_32.152401	363	443	6	47	80	0.5875000
NODE_27783_length_578_cov_32.152401	363	443	8	33	80	0.4125000
NODE_27784_length_578_cov_30.484342	215	295	0	8	80	0.1000000
NODE_27784_length_578_cov_30.484342	215	295	2	30	80	0.3750000
NODE_27784_length_578_cov_30.484342	215	295	4	42	80	0.5250000
NODE_27784_length_578_cov_30.484342	268	348	0	36	80	0.4500000
NODE_27784_length_578_cov_30.484342	268	348	2	8	80	0.1000000
NODE_27784_length_578_cov_30.484342	268	348	4	36	80	0.4500000
NODE_27785_length_578_cov_15.983299	213	265	6	24	52	0.4615385
NODE_27785_length_578_cov_15.983299	213	265	12	28	52	0.5384616
NODE_27786_length_578_cov_14.968685	147	227	0	10	80	0.1250000
NODE_27786_length_578_cov_14.968685	147	227	2	21	80	0.2625000
NODE_27786_length_578_cov_14.968685	147	227	6	21	80	0.2625000
NODE_27786_length_578_cov_14.968685	147	227	9	1	80	0.0125000
NODE_27786_length_578_cov_14.968685	147	227	10	27	80	0.3375000
NODE_27786_length_578_cov_14.968685	200	280	10	59	80	0.7375000
NODE_27786_length_578_cov_14.968685	200	280	12	21	80	0.2625000
NODE_27787_length_578_cov_9.567850	273	328	0	55	55	1.0000000
NODE_27792_length_578_cov_6.670146	273	353	0	80	80	1.0000000
NODE_27792_length_578_cov_6.670146	326	406	0	80	80	1.0000000
NODE_27793_length_578_cov_6.465553	320	400	0	80	80	1.0000000
NODE_27793_length_578_cov_6.465553	373	453	0	80	80	1.0000000
NODE_27863_length_578_cov_1.480167	185	265	0	80	80	1.0000000
NODE_27863_length_578_cov_1.480167	238	318	0	80	80	1.0000000
NODE_27935_length_577_cov_11.638075	312	392	0	80	80	1.0000000
NODE_27942_length_577_cov_4.912134	218	249	0	31	31	1.0000000
NODE_27942_length_577_cov_4.912134	301	330	0	29	29	1.0000000
NODE_27961_length_577_cov_2.970711	78	126	8	35	48	0.7291667
NODE_27961_length_577_cov_2.970711	78	126	10	13	48	0.2708333
NODE_27968_length_577_cov_2.631799	169	253	2	10	84	0.1190476
NODE_27968_length_577_cov_2.631799	169	253	4	11	84	0.1309524
NODE_27968_length_577_cov_2.631799	169	253	8	36	84	0.4285714
NODE_27968_length_577_cov_2.631799	169	253	10	27	84	0.3214286
NODE_27968_length_577_cov_2.631799	226	269	8	28	43	0.6511628
NODE_27968_length_577_cov_2.631799	226	269	10	15	43	0.3488372
NODE_28003_length_577_cov_1.468619	71	146	0	75	75	1.0000000
NODE_28003_length_577_cov_1.468619	119	199	0	80	80	1.0000000
NODE_28058_length_576_cov_10.903564	194	274	0	40	80	0.5000000
NODE_28058_length_576_cov_10.903564	194	274	2	40	80	0.5000000
NODE_28059_length_576_cov_9.039832	271	351	0	80	80	1.0000000
NODE_28059_length_576_cov_9.039832	324	404	0	80	80	1.0000000
NODE_28060_length_576_cov_8.490566	338	418	0	26	80	0.3250000
NODE_28060_length_576_cov_8.490566	338	418	2	54	80	0.6750000
NODE_28060_length_576_cov_8.490566	391	471	0	28	80	0.3500000
NODE_28060_length_576_cov_8.490566	391	471	2	52	80	0.6500000
NODE_28061_length_576_cov_7.002096	157	237	0	80	80	1.0000000
NODE_28061_length_576_cov_7.002096	210	290	0	80	80	1.0000000
NODE_28076_length_576_cov_3.322851	118	183	4	44	65	0.6769231
NODE_28076_length_576_cov_3.322851	118	183	6	21	65	0.3230769
NODE_28102_length_576_cov_1.964361	148	228	0	80	80	1.0000000
NODE_28102_length_576_cov_1.964361	201	281	0	80	80	1.0000000
NODE_28104_length_576_cov_1.951782	159	239	0	80	80	1.0000000
NODE_28104_length_576_cov_1.951782	212	292	0	80	80	1.0000000
NODE_28116_length_576_cov_1.584906	381	455	0	74	74	1.0000000
NODE_28179_length_575_cov_15.319328	319	399	0	74	80	0.9250000
NODE_28179_length_575_cov_15.319328	319	399	2	6	80	0.0750000
NODE_28179_length_575_cov_15.319328	372	452	0	21	80	0.2625000
NODE_28179_length_575_cov_15.319328	372	452	2	59	80	0.7375000
NODE_28181_length_575_cov_8.254202	286	366	0	28	80	0.3500000
NODE_28181_length_575_cov_8.254202	286	366	4	52	80	0.6500000
NODE_28181_length_575_cov_8.254202	339	419	4	80	80	1.0000000
NODE_28182_length_575_cov_7.558824	300	380	0	80	80	1.0000000
NODE_28313_length_574_cov_6.282105	185	265	5	4	80	0.0500000
NODE_28313_length_574_cov_6.282105	185	265	7	10	80	0.1250000
NODE_28313_length_574_cov_6.282105	185	265	8	19	80	0.2375000
NODE_28313_length_574_cov_6.282105	185	265	9	2	80	0.0250000
NODE_28313_length_574_cov_6.282105	185	265	10	45	80	0.5625000
NODE_28313_length_574_cov_6.282105	238	318	0	40	80	0.5000000
NODE_28313_length_574_cov_6.282105	238	318	2	5	80	0.0625000
NODE_28313_length_574_cov_6.282105	238	318	8	27	80	0.3375000
NODE_28313_length_574_cov_6.282105	238	318	10	8	80	0.1000000
NODE_28330_length_574_cov_2.993684	215	234	0	19	19	1.0000000
NODE_28438_length_573_cov_53.668776	393	473	0	38	80	0.4750000
NODE_28438_length_573_cov_53.668776	393	473	4	42	80	0.5250000
NODE_28438_length_573_cov_53.668776	446	526	0	20	80	0.2500000
NODE_28438_length_573_cov_53.668776	446	526	4	60	80	0.7500000
NODE_28439_length_573_cov_30.658228	451	531	6	57	80	0.7125000
NODE_28439_length_573_cov_30.658228	451	531	8	23	80	0.2875000
NODE_28440_length_573_cov_30.116034	435	515	115	1	80	0.0125000
NODE_28440_length_573_cov_30.116034	435	515	116	1	80	0.0125000
NODE_28440_length_573_cov_30.116034	435	515	118	3	80	0.0375000
NODE_28440_length_573_cov_30.116034	435	515	119	2	80	0.0250000
NODE_28440_length_573_cov_30.116034	435	515	120	1	80	0.0125000
NODE_28440_length_573_cov_30.116034	435	515	121	1	80	0.0125000
NODE_28440_length_573_cov_30.116034	435	515	125	1	80	0.0125000
NODE_28440_length_573_cov_30.116034	435	515	126	3	80	0.0375000
NODE_28440_length_573_cov_30.116034	435	515	127	4	80	0.0500000
NODE_28440_length_573_cov_30.116034	435	515	128	3	80	0.0375000
NODE_28440_length_573_cov_30.116034	435	515	130	1	80	0.0125000
NODE_28440_length_573_cov_30.116034	435	515	131	5	80	0.0625000
NODE_28440_length_573_cov_30.116034	435	515	133	1	80	0.0125000
NODE_28440_length_573_cov_30.116034	435	515	134	1	80	0.0125000
NODE_28440_length_573_cov_30.116034	435	515	135	3	80	0.0375000
NODE_28440_length_573_cov_30.116034	435	515	137	1	80	0.0125000
NODE_28440_length_573_cov_30.116034	435	515	138	2	80	0.0250000
NODE_28440_length_573_cov_30.116034	435	515	139	2	80	0.0250000
NODE_28440_length_573_cov_30.116034	435	515	141	5	80	0.0625000
NODE_28440_length_573_cov_30.116034	435	515	142	4	80	0.0500000
NODE_28440_length_573_cov_30.116034	435	515	143	4	80	0.0500000
NODE_28440_length_573_cov_30.116034	435	515	144	1	80	0.0125000
NODE_28440_length_573_cov_30.116034	435	515	145	6	80	0.0750000
NODE_28440_length_573_cov_30.116034	435	515	146	2	80	0.0250000
NODE_28440_length_573_cov_30.116034	435	515	147	3	80	0.0375000
NODE_28440_length_573_cov_30.116034	435	515	148	2	80	0.0250000
NODE_28440_length_573_cov_30.116034	435	515	149	1	80	0.0125000
NODE_28440_length_573_cov_30.116034	435	515	150	5	80	0.0625000
NODE_28440_length_573_cov_30.116034	435	515	152	4	80	0.0500000
NODE_28440_length_573_cov_30.116034	435	515	154	7	80	0.0875000
NODE_28440_length_573_cov_30.116034	488	568	28	1	80	0.0125000
NODE_28440_length_573_cov_30.116034	488	568	33	1	80	0.0125000
NODE_28440_length_573_cov_30.116034	488	568	37	2	80	0.0250000
NODE_28440_length_573_cov_30.116034	488	568	42	1	80	0.0125000
NODE_28440_length_573_cov_30.116034	488	568	45	1	80	0.0125000
NODE_28440_length_573_cov_30.116034	488	568	49	2	80	0.0250000
NODE_28440_length_573_cov_30.116034	488	568	57	1	80	0.0125000
NODE_28440_length_573_cov_30.116034	488	568	58	2	80	0.0250000
NODE_28440_length_573_cov_30.116034	488	568	62	1	80	0.0125000
NODE_28440_length_573_cov_30.116034	488	568	64	1	80	0.0125000
NODE_28440_length_573_cov_30.116034	488	568	76	3	80	0.0375000
NODE_28440_length_573_cov_30.116034	488	568	78	5	80	0.0625000
NODE_28440_length_573_cov_30.116034	488	568	82	3	80	0.0375000
NODE_28440_length_573_cov_30.116034	488	568	89	1	80	0.0125000
NODE_28440_length_573_cov_30.116034	488	568	91	1	80	0.0125000
NODE_28440_length_573_cov_30.116034	488	568	93	1	80	0.0125000
NODE_28440_length_573_cov_30.116034	488	568	94	5	80	0.0625000
NODE_28440_length_573_cov_30.116034	488	568	98	3	80	0.0375000
NODE_28440_length_573_cov_30.116034	488	568	100	1	80	0.0125000
NODE_28440_length_573_cov_30.116034	488	568	106	2	80	0.0250000
NODE_28440_length_573_cov_30.116034	488	568	115	7	80	0.0875000
NODE_28440_length_573_cov_30.116034	488	568	116	2	80	0.0250000
NODE_28440_length_573_cov_30.116034	488	568	118	2	80	0.0250000
NODE_28440_length_573_cov_30.116034	488	568	121	2	80	0.0250000
NODE_28440_length_573_cov_30.116034	488	568	126	1	80	0.0125000
NODE_28440_length_573_cov_30.116034	488	568	127	4	80	0.0500000
NODE_28440_length_573_cov_30.116034	488	568	131	5	80	0.0625000
NODE_28440_length_573_cov_30.116034	488	568	133	1	80	0.0125000
NODE_28440_length_573_cov_30.116034	488	568	135	3	80	0.0375000
NODE_28440_length_573_cov_30.116034	488	568	139	2	80	0.0250000
NODE_28440_length_573_cov_30.116034	488	568	141	5	80	0.0625000
NODE_28440_length_573_cov_30.116034	488	568	142	1	80	0.0125000
NODE_28440_length_573_cov_30.116034	488	568	143	4	80	0.0500000
NODE_28440_length_573_cov_30.116034	488	568	145	3	80	0.0375000
NODE_28441_length_573_cov_24.234177	210	290	0	80	80	1.0000000
NODE_28441_length_573_cov_24.234177	263	343	0	80	80	1.0000000
NODE_28442_length_573_cov_13.464135	278	358	0	80	80	1.0000000
NODE_28442_length_573_cov_13.464135	331	411	0	80	80	1.0000000
NODE_28443_length_573_cov_8.761603	124	204	10	49	80	0.6125000
NODE_28443_length_573_cov_8.761603	124	204	12	31	80	0.3875000
NODE_28443_length_573_cov_8.761603	177	257	0	11	80	0.1375000
NODE_28443_length_573_cov_8.761603	177	257	2	38	80	0.4750000
NODE_28443_length_573_cov_8.761603	177	257	10	31	80	0.3875000
NODE_28456_length_573_cov_3.364979	365	398	45	4	33	0.1212121
NODE_28456_length_573_cov_3.364979	365	398	46	9	33	0.2727273
NODE_28456_length_573_cov_3.364979	365	398	50	14	33	0.4242424
NODE_28456_length_573_cov_3.364979	365	398	51	6	33	0.1818182
NODE_28565_length_572_cov_17.530655	312	392	0	80	80	1.0000000
NODE_28565_length_572_cov_17.530655	365	445	0	80	80	1.0000000
NODE_28567_length_572_cov_8.059197	250	321	2	13	71	0.1830986
NODE_28567_length_572_cov_8.059197	250	321	3	19	71	0.2676056
NODE_28567_length_572_cov_8.059197	250	321	4	39	71	0.5492958
NODE_28568_length_572_cov_7.873150	134	214	0	80	80	1.0000000
NODE_28568_length_572_cov_7.873150	187	267	0	80	80	1.0000000
NODE_28570_length_572_cov_6.706131	365	445	2	28	80	0.3500000
NODE_28570_length_572_cov_6.706131	365	445	4	52	80	0.6500000
NODE_28570_length_572_cov_6.706131	418	498	0	37	80	0.4625000
NODE_28570_length_572_cov_6.706131	418	498	2	19	80	0.2375000
NODE_28570_length_572_cov_6.706131	418	498	4	24	80	0.3000000
NODE_28573_length_572_cov_5.625793	137	217	0	80	80	1.0000000
NODE_28573_length_572_cov_5.625793	190	270	0	80	80	1.0000000
NODE_28574_length_572_cov_5.617336	331	401	0	32	70	0.4571429
NODE_28574_length_572_cov_5.617336	331	401	6	3	70	0.0428571
NODE_28574_length_572_cov_5.617336	331	401	8	2	70	0.0285714
NODE_28574_length_572_cov_5.617336	331	401	10	2	70	0.0285714
NODE_28574_length_572_cov_5.617336	331	401	12	1	70	0.0142857
NODE_28574_length_572_cov_5.617336	331	401	17	1	70	0.0142857
NODE_28574_length_572_cov_5.617336	331	401	18	4	70	0.0571429
NODE_28574_length_572_cov_5.617336	331	401	20	3	70	0.0428571
NODE_28574_length_572_cov_5.617336	331	401	24	22	70	0.3142857
NODE_28578_length_572_cov_4.596195	212	288	8	1	76	0.0131579
NODE_28578_length_572_cov_4.596195	212	288	9	4	76	0.0526316
NODE_28578_length_572_cov_4.596195	212	288	11	8	76	0.1052632
NODE_28578_length_572_cov_4.596195	212	288	12	2	76	0.0263158
NODE_28578_length_572_cov_4.596195	212	288	14	12	76	0.1578947
NODE_28578_length_572_cov_4.596195	212	288	16	25	76	0.3289474
NODE_28578_length_572_cov_4.596195	212	288	18	24	76	0.3157895
NODE_28578_length_572_cov_4.596195	261	341	2	7	80	0.0875000
NODE_28578_length_572_cov_4.596195	261	341	6	9	80	0.1125000
NODE_28578_length_572_cov_4.596195	261	341	8	11	80	0.1375000
NODE_28578_length_572_cov_4.596195	261	341	10	1	80	0.0125000
NODE_28578_length_572_cov_4.596195	261	341	14	7	80	0.0875000
NODE_28578_length_572_cov_4.596195	261	341	16	14	80	0.1750000
NODE_28578_length_572_cov_4.596195	261	341	18	31	80	0.3875000
NODE_28585_length_572_cov_3.843552	210	290	10	8	80	0.1000000
NODE_28585_length_572_cov_3.843552	210	290	12	3	80	0.0375000
NODE_28585_length_572_cov_3.843552	210	290	13	13	80	0.1625000
NODE_28585_length_572_cov_3.843552	210	290	14	56	80	0.7000000
NODE_28585_length_572_cov_3.843552	263	343	1	15	80	0.1875000
NODE_28585_length_572_cov_3.843552	263	343	2	36	80	0.4500000
NODE_28585_length_572_cov_3.843552	263	343	10	10	80	0.1250000
NODE_28585_length_572_cov_3.843552	263	343	12	3	80	0.0375000
NODE_28585_length_572_cov_3.843552	263	343	14	16	80	0.2000000
NODE_28621_length_572_cov_2.319239	357	431	0	3	74	0.0405405
NODE_28621_length_572_cov_2.319239	357	431	2	12	74	0.1621622
NODE_28621_length_572_cov_2.319239	357	431	4	59	74	0.7972973
NODE_28621_length_572_cov_2.319239	410	478	2	19	68	0.2794118
NODE_28621_length_572_cov_2.319239	410	478	4	49	68	0.7205882
NODE_28625_length_572_cov_2.107822	184	254	0	70	70	1.0000000
NODE_28625_length_572_cov_2.107822	415	493	0	78	78	1.0000000
NODE_28631_length_572_cov_1.947146	327	363	0	36	36	1.0000000
NODE_28631_length_572_cov_1.947146	328	354	0	26	26	1.0000000
NODE_28700_length_571_cov_14.262712	237	317	0	76	80	0.9500000
NODE_28700_length_571_cov_14.262712	237	317	2	4	80	0.0500000
NODE_28700_length_571_cov_14.262712	290	370	0	80	80	1.0000000
NODE_28717_length_571_cov_4.033898	154	234	2	34	80	0.4250000
NODE_28717_length_571_cov_4.033898	154	234	4	46	80	0.5750000
NODE_28717_length_571_cov_4.033898	207	273	4	45	66	0.6818182
NODE_28717_length_571_cov_4.033898	207	273	6	21	66	0.3181818
NODE_28809_length_570_cov_28.269639	487	559	312	1	72	0.0138889
NODE_28809_length_570_cov_28.269639	487	559	376	1	72	0.0138889
NODE_28809_length_570_cov_28.269639	487	559	382	1	72	0.0138889
NODE_28809_length_570_cov_28.269639	487	559	383	1	72	0.0138889
NODE_28809_length_570_cov_28.269639	487	559	398	1	72	0.0138889
NODE_28809_length_570_cov_28.269639	487	559	407	1	72	0.0138889
NODE_28809_length_570_cov_28.269639	487	559	413	2	72	0.0277778
NODE_28809_length_570_cov_28.269639	487	559	415	1	72	0.0138889
NODE_28809_length_570_cov_28.269639	487	559	417	2	72	0.0277778
NODE_28809_length_570_cov_28.269639	487	559	429	2	72	0.0277778
NODE_28809_length_570_cov_28.269639	487	559	431	1	72	0.0138889
NODE_28809_length_570_cov_28.269639	487	559	441	1	72	0.0138889
NODE_28809_length_570_cov_28.269639	487	559	445	1	72	0.0138889
NODE_28809_length_570_cov_28.269639	487	559	453	2	72	0.0277778
NODE_28809_length_570_cov_28.269639	487	559	462	1	72	0.0138889
NODE_28809_length_570_cov_28.269639	487	559	466	1	72	0.0138889
NODE_28809_length_570_cov_28.269639	487	559	480	1	72	0.0138889
NODE_28809_length_570_cov_28.269639	487	559	483	1	72	0.0138889
NODE_28809_length_570_cov_28.269639	487	559	487	1	72	0.0138889
NODE_28809_length_570_cov_28.269639	487	559	489	1	72	0.0138889
NODE_28809_length_570_cov_28.269639	487	559	501	1	72	0.0138889
NODE_28809_length_570_cov_28.269639	487	559	517	1	72	0.0138889
NODE_28809_length_570_cov_28.269639	487	559	521	2	72	0.0277778
NODE_28809_length_570_cov_28.269639	487	559	524	1	72	0.0138889
NODE_28809_length_570_cov_28.269639	487	559	526	1	72	0.0138889
NODE_28809_length_570_cov_28.269639	487	559	534	1	72	0.0138889
NODE_28809_length_570_cov_28.269639	487	559	537	1	72	0.0138889
NODE_28809_length_570_cov_28.269639	487	559	539	1	72	0.0138889
NODE_28809_length_570_cov_28.269639	487	559	545	1	72	0.0138889
NODE_28809_length_570_cov_28.269639	487	559	550	1	72	0.0138889
NODE_28809_length_570_cov_28.269639	487	559	551	2	72	0.0277778
NODE_28809_length_570_cov_28.269639	487	559	552	3	72	0.0416667
NODE_28809_length_570_cov_28.269639	487	559	553	2	72	0.0277778
NODE_28809_length_570_cov_28.269639	487	559	559	1	72	0.0138889
NODE_28809_length_570_cov_28.269639	487	559	560	2	72	0.0277778
NODE_28809_length_570_cov_28.269639	487	559	561	6	72	0.0833333
NODE_28809_length_570_cov_28.269639	487	559	563	1	72	0.0138889
NODE_28809_length_570_cov_28.269639	487	559	570	6	72	0.0833333
NODE_28809_length_570_cov_28.269639	487	559	571	4	72	0.0555556
NODE_28809_length_570_cov_28.269639	487	559	572	3	72	0.0416667
NODE_28809_length_570_cov_28.269639	487	559	574	1	72	0.0138889
NODE_28809_length_570_cov_28.269639	487	559	605	1	72	0.0138889
NODE_28809_length_570_cov_28.269639	487	559	611	1	72	0.0138889
NODE_28809_length_570_cov_28.269639	487	559	616	1	72	0.0138889
NODE_28809_length_570_cov_28.269639	487	559	619	1	72	0.0138889
NODE_28809_length_570_cov_28.269639	487	559	620	1	72	0.0138889
NODE_28809_length_570_cov_28.269639	487	559	622	1	72	0.0138889
NODE_28812_length_570_cov_10.161359	167	247	0	10	80	0.1250000
NODE_28812_length_570_cov_10.161359	167	247	5	1	80	0.0125000
NODE_28812_length_570_cov_10.161359	167	247	6	69	80	0.8625000
NODE_28812_length_570_cov_10.161359	220	256	0	19	36	0.5277778
NODE_28812_length_570_cov_10.161359	220	256	5	1	36	0.0277778
NODE_28812_length_570_cov_10.161359	220	256	6	16	36	0.4444444
NODE_28819_length_570_cov_5.010616	179	216	0	37	37	1.0000000
NODE_28819_length_570_cov_5.010616	189	269	0	80	80	1.0000000
NODE_28828_length_570_cov_3.898089	236	316	0	80	80	1.0000000
NODE_28828_length_570_cov_3.898089	289	369	0	80	80	1.0000000
NODE_28840_length_570_cov_2.938429	202	280	0	24	78	0.3076923
NODE_28840_length_570_cov_2.938429	202	280	2	54	78	0.6923077
NODE_28840_length_570_cov_2.938429	262	333	0	71	71	1.0000000
NODE_28842_length_570_cov_2.891720	204	260	0	56	56	1.0000000
NODE_28950_length_569_cov_20.559574	275	355	0	80	80	1.0000000
NODE_28950_length_569_cov_20.559574	328	408	0	80	80	1.0000000
NODE_28951_length_569_cov_15.282979	272	352	0	80	80	1.0000000
NODE_28951_length_569_cov_15.282979	325	405	0	80	80	1.0000000
NODE_28952_length_569_cov_11.023404	280	360	0	80	80	1.0000000
NODE_28952_length_569_cov_11.023404	333	413	0	80	80	1.0000000
NODE_28953_length_569_cov_9.310638	231	277	4	46	46	1.0000000
NODE_28956_length_569_cov_6.989362	258	338	0	3	80	0.0375000
NODE_28956_length_569_cov_6.989362	258	338	4	3	80	0.0375000
NODE_28956_length_569_cov_6.989362	258	338	6	6	80	0.0750000
NODE_28956_length_569_cov_6.989362	258	338	7	3	80	0.0375000
NODE_28956_length_569_cov_6.989362	258	338	8	65	80	0.8125000
NODE_28956_length_569_cov_6.989362	294	329	6	3	35	0.0857143
NODE_28956_length_569_cov_6.989362	294	329	7	3	35	0.0857143
NODE_28956_length_569_cov_6.989362	294	329	8	29	35	0.8285714
NODE_28956_length_569_cov_6.989362	296	338	0	3	42	0.0714286
NODE_28956_length_569_cov_6.989362	296	338	4	3	42	0.0714286
NODE_28956_length_569_cov_6.989362	296	338	6	6	42	0.1428571
NODE_28956_length_569_cov_6.989362	296	338	7	3	42	0.0714286
NODE_28956_length_569_cov_6.989362	296	338	8	27	42	0.6428571
NODE_28957_length_569_cov_6.978723	264	344	0	80	80	1.0000000
NODE_28957_length_569_cov_6.978723	317	397	0	80	80	1.0000000
NODE_28960_length_569_cov_6.434043	228	308	0	72	80	0.9000000
NODE_28960_length_569_cov_6.434043	228	308	2	8	80	0.1000000
NODE_28973_length_569_cov_3.353191	340	419	0	79	79	1.0000000
NODE_28981_length_569_cov_3.027660	277	348	0	20	71	0.2816902
NODE_28981_length_569_cov_3.027660	277	348	2	51	71	0.7183099
NODE_29072_length_568_cov_59.729211	124	204	7	78	80	0.9750000
NODE_29072_length_568_cov_59.729211	124	204	13	2	80	0.0250000
NODE_29072_length_568_cov_59.729211	177	257	4	48	80	0.6000000
NODE_29072_length_568_cov_59.729211	177	257	7	27	80	0.3375000
NODE_29072_length_568_cov_59.729211	177	257	10	1	80	0.0125000
NODE_29072_length_568_cov_59.729211	177	257	11	4	80	0.0500000
NODE_29075_length_568_cov_7.763326	215	294	0	79	79	1.0000000
NODE_29075_length_568_cov_7.763326	267	347	0	80	80	1.0000000
NODE_29078_length_568_cov_6.257996	397	471	0	74	74	1.0000000
NODE_29091_length_568_cov_3.748401	170	236	0	66	66	1.0000000
NODE_29091_length_568_cov_3.748401	262	311	0	49	49	1.0000000
NODE_29133_length_568_cov_1.769723	192	233	0	41	41	1.0000000
NODE_29160_length_568_cov_1.358209	355	432	0	12	77	0.1558442
NODE_29160_length_568_cov_1.358209	355	432	4	7	77	0.0909091
NODE_29160_length_568_cov_1.358209	355	432	8	58	77	0.7532467
NODE_29182_length_568_cov_1.038380	195	275	0	80	80	1.0000000
NODE_29216_length_567_cov_21.155983	347	427	2	80	80	1.0000000
NODE_29216_length_567_cov_21.155983	400	480	0	37	80	0.4625000
NODE_29216_length_567_cov_21.155983	400	480	2	43	80	0.5375000
NODE_29217_length_567_cov_18.292735	367	447	4	80	80	1.0000000
NODE_29217_length_567_cov_18.292735	420	500	0	27	80	0.3375000
NODE_29217_length_567_cov_18.292735	420	500	4	53	80	0.6625000
NODE_29218_length_567_cov_17.579060	259	339	0	30	80	0.3750000
NODE_29218_length_567_cov_17.579060	259	339	2	50	80	0.6250000
NODE_29218_length_567_cov_17.579060	312	392	0	30	80	0.3750000
NODE_29218_length_567_cov_17.579060	312	392	2	50	80	0.6250000
NODE_29220_length_567_cov_15.457265	276	356	0	80	80	1.0000000
NODE_29220_length_567_cov_15.457265	329	409	0	80	80	1.0000000
NODE_29221_length_567_cov_14.393162	270	350	0	80	80	1.0000000
NODE_29221_length_567_cov_14.393162	323	403	0	80	80	1.0000000
NODE_29225_length_567_cov_6.611111	356	436	0	80	80	1.0000000
NODE_29225_length_567_cov_6.611111	409	489	0	80	80	1.0000000
NODE_29245_length_567_cov_2.884615	204	284	0	80	80	1.0000000
NODE_29245_length_567_cov_2.884615	204	254	0	50	50	1.0000000
NODE_29245_length_567_cov_2.884615	266	297	0	31	31	1.0000000
NODE_29363_length_566_cov_47.747323	157	237	4	25	80	0.3125000
NODE_29363_length_566_cov_47.747323	157	237	6	55	80	0.6875000
NODE_29363_length_566_cov_47.747323	210	290	0	45	80	0.5625000
NODE_29363_length_566_cov_47.747323	210	290	4	5	80	0.0625000
NODE_29363_length_566_cov_47.747323	210	290	6	30	80	0.3750000
NODE_29364_length_566_cov_44.824411	14	94	20	5	80	0.0625000
NODE_29364_length_566_cov_44.824411	14	94	24	7	80	0.0875000
NODE_29364_length_566_cov_44.824411	14	94	29	1	80	0.0125000
NODE_29364_length_566_cov_44.824411	14	94	32	3	80	0.0375000
NODE_29364_length_566_cov_44.824411	14	94	34	1	80	0.0125000
NODE_29364_length_566_cov_44.824411	14	94	36	5	80	0.0625000
NODE_29364_length_566_cov_44.824411	14	94	38	1	80	0.0125000
NODE_29364_length_566_cov_44.824411	14	94	40	8	80	0.1000000
NODE_29364_length_566_cov_44.824411	14	94	42	2	80	0.0250000
NODE_29364_length_566_cov_44.824411	14	94	43	1	80	0.0125000
NODE_29364_length_566_cov_44.824411	14	94	44	46	80	0.5750000
NODE_29364_length_566_cov_44.824411	15	94	20	4	79	0.0506329
NODE_29364_length_566_cov_44.824411	15	94	24	7	79	0.0886076
NODE_29364_length_566_cov_44.824411	15	94	29	1	79	0.0126582
NODE_29364_length_566_cov_44.824411	15	94	32	3	79	0.0379747
NODE_29364_length_566_cov_44.824411	15	94	34	1	79	0.0126582
NODE_29364_length_566_cov_44.824411	15	94	36	5	79	0.0632911
NODE_29364_length_566_cov_44.824411	15	94	38	1	79	0.0126582
NODE_29364_length_566_cov_44.824411	15	94	40	8	79	0.1012658
NODE_29364_length_566_cov_44.824411	15	94	42	2	79	0.0253165
NODE_29364_length_566_cov_44.824411	15	94	43	1	79	0.0126582
NODE_29364_length_566_cov_44.824411	15	94	44	46	79	0.5822785
NODE_29364_length_566_cov_44.824411	67	147	2	9	80	0.1125000
NODE_29364_length_566_cov_44.824411	67	147	4	3	80	0.0375000
NODE_29364_length_566_cov_44.824411	67	147	10	6	80	0.0750000
NODE_29364_length_566_cov_44.824411	67	147	16	4	80	0.0500000
NODE_29364_length_566_cov_44.824411	67	147	21	2	80	0.0250000
NODE_29364_length_566_cov_44.824411	67	147	25	5	80	0.0625000
NODE_29364_length_566_cov_44.824411	67	147	27	1	80	0.0125000
NODE_29364_length_566_cov_44.824411	67	147	28	1	80	0.0125000
NODE_29364_length_566_cov_44.824411	67	147	32	10	80	0.1250000
NODE_29364_length_566_cov_44.824411	67	147	44	39	80	0.4875000
NODE_29364_length_566_cov_44.824411	67	147	2	9	80	0.1125000
NODE_29364_length_566_cov_44.824411	67	147	4	3	80	0.0375000
NODE_29364_length_566_cov_44.824411	67	147	10	6	80	0.0750000
NODE_29364_length_566_cov_44.824411	67	147	16	4	80	0.0500000
NODE_29364_length_566_cov_44.824411	67	147	21	2	80	0.0250000
NODE_29364_length_566_cov_44.824411	67	147	25	5	80	0.0625000
NODE_29364_length_566_cov_44.824411	67	147	27	1	80	0.0125000
NODE_29364_length_566_cov_44.824411	67	147	28	1	80	0.0125000
NODE_29364_length_566_cov_44.824411	67	147	32	10	80	0.1250000
NODE_29364_length_566_cov_44.824411	67	147	44	39	80	0.4875000
NODE_29364_length_566_cov_44.824411	77	147	2	9	70	0.1285714
NODE_29364_length_566_cov_44.824411	77	147	4	3	70	0.0428571
NODE_29364_length_566_cov_44.824411	77	147	10	6	70	0.0857143
NODE_29364_length_566_cov_44.824411	77	147	16	4	70	0.0571429
NODE_29364_length_566_cov_44.824411	77	147	21	2	70	0.0285714
NODE_29364_length_566_cov_44.824411	77	147	25	5	70	0.0714286
NODE_29364_length_566_cov_44.824411	77	147	27	1	70	0.0142857
NODE_29364_length_566_cov_44.824411	77	147	28	1	70	0.0142857
NODE_29364_length_566_cov_44.824411	77	147	32	10	70	0.1428571
NODE_29364_length_566_cov_44.824411	77	147	44	29	70	0.4142857
NODE_29364_length_566_cov_44.824411	143	223	0	69	80	0.8625000
NODE_29364_length_566_cov_44.824411	143	223	2	11	80	0.1375000
NODE_29364_length_566_cov_44.824411	196	276	0	80	80	1.0000000
NODE_29367_length_566_cov_18.494647	344	424	0	80	80	1.0000000
NODE_29367_length_566_cov_18.494647	397	477	0	80	80	1.0000000
NODE_29368_length_566_cov_17.537473	324	404	0	80	80	1.0000000
NODE_29368_length_566_cov_17.537473	377	457	0	80	80	1.0000000
NODE_29369_length_566_cov_13.019272	157	237	0	80	80	1.0000000
NODE_29369_length_566_cov_13.019272	210	290	0	80	80	1.0000000
NODE_29371_length_566_cov_9.513919	191	279	0	86	88	0.9772727
NODE_29371_length_566_cov_9.513919	191	279	2	2	88	0.0227273
NODE_29371_length_566_cov_9.513919	252	332	0	25	80	0.3125000
NODE_29371_length_566_cov_9.513919	252	332	2	55	80	0.6875000
NODE_29397_length_566_cov_3.239829	292	334	0	42	42	1.0000000
NODE_29397_length_566_cov_3.239829	351	375	0	24	24	1.0000000
NODE_29437_length_566_cov_1.698073	432	481	0	49	49	1.0000000
NODE_29472_length_566_cov_0.957173	378	405	0	27	27	1.0000000
NODE_29503_length_565_cov_10.508584	202	280	0	78	78	1.0000000
NODE_29503_length_565_cov_10.508584	253	334	0	27	81	0.3333333
NODE_29503_length_565_cov_10.508584	253	334	4	54	81	0.6666667
NODE_29509_length_565_cov_7.560086	170	246	0	76	76	1.0000000
NODE_29520_length_565_cov_4.045064	231	311	2	80	80	1.0000000
NODE_29520_length_565_cov_4.045064	284	364	2	27	80	0.3375000
NODE_29520_length_565_cov_4.045064	284	364	4	48	80	0.6000000
NODE_29520_length_565_cov_4.045064	284	364	6	5	80	0.0625000
NODE_29528_length_565_cov_3.399142	161	241	0	80	80	1.0000000
NODE_29528_length_565_cov_3.399142	214	294	0	80	80	1.0000000
NODE_29542_length_565_cov_2.542918	302	382	0	80	80	1.0000000
NODE_29542_length_565_cov_2.542918	355	435	0	80	80	1.0000000
NODE_29650_length_564_cov_46.901075	129	209	12	22	80	0.2750000
NODE_29650_length_564_cov_46.901075	129	209	16	58	80	0.7250000
NODE_29650_length_564_cov_46.901075	182	262	0	1	80	0.0125000
NODE_29650_length_564_cov_46.901075	182	262	4	10	80	0.1250000
NODE_29650_length_564_cov_46.901075	182	262	16	69	80	0.8625000
NODE_29651_length_564_cov_13.520430	300	380	0	8	80	0.1000000
NODE_29651_length_564_cov_13.520430	300	380	2	72	80	0.9000000
NODE_29651_length_564_cov_13.520430	353	433	0	61	80	0.7625000
NODE_29651_length_564_cov_13.520430	353	433	2	19	80	0.2375000
NODE_29653_length_564_cov_7.965591	291	332	0	41	41	1.0000000
NODE_29796_length_563_cov_24.487069	97	177	2	8	80	0.1000000
NODE_29796_length_563_cov_24.487069	97	177	4	72	80	0.9000000
NODE_29796_length_563_cov_24.487069	150	230	0	42	80	0.5250000
NODE_29796_length_563_cov_24.487069	150	230	2	19	80	0.2375000
NODE_29796_length_563_cov_24.487069	150	230	4	19	80	0.2375000
NODE_29800_length_563_cov_6.758621	301	367	0	32	66	0.4848485
NODE_29800_length_563_cov_6.758621	301	367	2	3	66	0.0454545
NODE_29800_length_563_cov_6.758621	301	367	3	7	66	0.1060606
NODE_29800_length_563_cov_6.758621	301	367	7	4	66	0.0606061
NODE_29800_length_563_cov_6.758621	301	367	8	20	66	0.3030303
NODE_29800_length_563_cov_6.758621	378	422	0	44	44	1.0000000
NODE_29802_length_563_cov_5.762931	48	135	0	5	87	0.0574713
NODE_29802_length_563_cov_5.762931	48	135	4	82	87	0.9425287
NODE_29802_length_563_cov_5.762931	108	188	0	58	80	0.7250000
NODE_29802_length_563_cov_5.762931	108	188	4	22	80	0.2750000
NODE_29808_length_563_cov_4.176724	197	277	0	80	80	1.0000000
NODE_29808_length_563_cov_4.176724	250	330	0	80	80	1.0000000
NODE_29809_length_563_cov_4.155172	273	315	0	2	42	0.0476190
NODE_29809_length_563_cov_4.155172	273	315	3	1	42	0.0238095
NODE_29809_length_563_cov_4.155172	273	315	7	7	42	0.1666667
NODE_29809_length_563_cov_4.155172	273	315	9	2	42	0.0476190
NODE_29809_length_563_cov_4.155172	273	315	11	1	42	0.0238095
NODE_29809_length_563_cov_4.155172	273	315	12	14	42	0.3333333
NODE_29809_length_563_cov_4.155172	273	315	14	15	42	0.3571429
NODE_29809_length_563_cov_4.155172	288	358	12	12	70	0.1714286
NODE_29809_length_563_cov_4.155172	288	358	14	58	70	0.8285714
NODE_29925_length_562_cov_31.194384	47	127	0	60	80	0.7500000
NODE_29925_length_562_cov_31.194384	47	127	2	20	80	0.2500000
NODE_29925_length_562_cov_31.194384	100	180	0	7	80	0.0875000
NODE_29925_length_562_cov_31.194384	100	180	2	73	80	0.9125000
NODE_29926_length_562_cov_29.857451	33	113	0	22	80	0.2750000
NODE_29926_length_562_cov_29.857451	33	113	2	58	80	0.7250000
NODE_29926_length_562_cov_29.857451	86	166	0	11	80	0.1375000
NODE_29926_length_562_cov_29.857451	86	166	2	69	80	0.8625000
NODE_29927_length_562_cov_23.194384	245	325	2	15	80	0.1875000
NODE_29927_length_562_cov_23.194384	245	325	8	47	80	0.5875000
NODE_29927_length_562_cov_23.194384	245	325	10	18	80	0.2250000
NODE_29927_length_562_cov_23.194384	298	378	2	68	80	0.8500000
NODE_29927_length_562_cov_23.194384	298	378	10	12	80	0.1500000
NODE_29930_length_562_cov_10.304536	271	321	2	44	50	0.8800000
NODE_29930_length_562_cov_10.304536	271	321	4	6	50	0.1200000
NODE_29931_length_562_cov_9.131749	265	346	0	81	81	1.0000000
NODE_29931_length_562_cov_9.131749	319	399	0	80	80	1.0000000
NODE_29960_length_562_cov_2.961123	350	398	0	48	48	1.0000000
NODE_30083_length_561_cov_18.049784	54	134	2	14	80	0.1750000
NODE_30083_length_561_cov_18.049784	54	134	3	11	80	0.1375000
NODE_30083_length_561_cov_18.049784	54	134	4	55	80	0.6875000
NODE_30083_length_561_cov_18.049784	107	187	2	56	80	0.7000000
NODE_30083_length_561_cov_18.049784	107	187	4	24	80	0.3000000
NODE_30087_length_561_cov_5.348485	208	274	2	9	66	0.1363636
NODE_30087_length_561_cov_5.348485	208	274	4	16	66	0.2424242
NODE_30087_length_561_cov_5.348485	208	274	6	41	66	0.6212121
NODE_30105_length_561_cov_2.787879	216	285	0	49	69	0.7101449
NODE_30105_length_561_cov_2.787879	216	285	2	20	69	0.2898551
NODE_30120_length_561_cov_2.233766	339	419	0	80	80	1.0000000
NODE_30120_length_561_cov_2.233766	391	445	0	54	54	1.0000000
NODE_30120_length_561_cov_2.233766	392	438	0	46	46	1.0000000
NODE_30133_length_561_cov_1.803030	258	334	0	76	76	1.0000000
NODE_30224_length_560_cov_41.433839	67	147	0	63	80	0.7875000
NODE_30224_length_560_cov_41.433839	67	147	8	17	80	0.2125000
NODE_30224_length_560_cov_41.433839	120	200	0	10	80	0.1250000
NODE_30224_length_560_cov_41.433839	120	200	8	22	80	0.2750000
NODE_30224_length_560_cov_41.433839	120	200	10	48	80	0.6000000
NODE_30225_length_560_cov_35.993492	366	446	0	36	80	0.4500000
NODE_30225_length_560_cov_35.993492	366	446	4	44	80	0.5500000
NODE_30225_length_560_cov_35.993492	419	499	4	80	80	1.0000000
NODE_30226_length_560_cov_20.433839	342	422	4	80	80	1.0000000
NODE_30226_length_560_cov_20.433839	395	475	0	28	80	0.3500000
NODE_30226_length_560_cov_20.433839	395	475	4	52	80	0.6500000
NODE_30227_length_560_cov_13.850325	274	327	0	22	53	0.4150943
NODE_30227_length_560_cov_13.850325	274	327	2	31	53	0.5849057
NODE_30228_length_560_cov_12.075922	233	314	4	81	81	1.0000000
NODE_30229_length_560_cov_8.594360	263	343	0	68	80	0.8500000
NODE_30229_length_560_cov_8.594360	263	343	2	12	80	0.1500000
NODE_30229_length_560_cov_8.594360	316	396	0	15	80	0.1875000
NODE_30229_length_560_cov_8.594360	316	396	2	65	80	0.8125000
NODE_30237_length_560_cov_5.227766	264	328	7	19	64	0.2968750
NODE_30237_length_560_cov_5.227766	264	328	8	45	64	0.7031250
NODE_30238_length_560_cov_5.056399	299	379	0	8	80	0.1000000
NODE_30238_length_560_cov_5.056399	299	379	2	72	80	0.9000000
NODE_30238_length_560_cov_5.056399	352	432	0	29	80	0.3625000
NODE_30238_length_560_cov_5.056399	352	432	2	51	80	0.6375000
NODE_30244_length_560_cov_4.518438	156	236	0	80	80	1.0000000
NODE_30281_length_560_cov_2.154013	204	275	0	53	71	0.7464789
NODE_30281_length_560_cov_2.154013	204	275	2	18	71	0.2535211
NODE_30281_length_560_cov_2.154013	255	335	0	2	80	0.0250000
NODE_30281_length_560_cov_2.154013	255	335	2	78	80	0.9750000
NODE_30288_length_560_cov_2.017354	52	114	0	62	62	1.0000000
NODE_30363_length_559_cov_37.526087	289	370	0	27	81	0.3333333
NODE_30363_length_559_cov_37.526087	289	370	2	54	81	0.6666667
NODE_30363_length_559_cov_37.526087	343	423	0	16	80	0.2000000
NODE_30363_length_559_cov_37.526087	343	423	2	64	80	0.8000000
NODE_30363_length_559_cov_37.526087	419	500	0	34	81	0.4197531
NODE_30363_length_559_cov_37.526087	419	500	4	47	81	0.5802469
NODE_30363_length_559_cov_37.526087	473	553	4	80	80	1.0000000
NODE_30365_length_559_cov_19.126087	388	468	2	80	80	1.0000000
NODE_30365_length_559_cov_19.126087	441	521	0	33	80	0.4125000
NODE_30365_length_559_cov_19.126087	441	521	2	47	80	0.5875000
NODE_30366_length_559_cov_12.489130	262	341	0	79	79	1.0000000
NODE_30366_length_559_cov_12.489130	316	394	0	30	78	0.3846154
NODE_30366_length_559_cov_12.489130	316	394	2	48	78	0.6153846
NODE_30370_length_559_cov_6.530435	283	363	0	39	80	0.4875000
NODE_30370_length_559_cov_6.530435	283	363	2	41	80	0.5125000
NODE_30377_length_559_cov_4.930435	112	192	0	80	80	1.0000000
NODE_30377_length_559_cov_4.930435	165	244	0	79	79	1.0000000
NODE_30419_length_559_cov_1.776087	395	433	23	24	38	0.6315789
NODE_30419_length_559_cov_1.776087	395	433	25	14	38	0.3684210
NODE_30480_length_558_cov_13.102397	297	364	0	67	67	1.0000000
NODE_30482_length_558_cov_9.309368	369	449	0	80	80	1.0000000
NODE_30482_length_558_cov_9.309368	422	502	0	80	80	1.0000000
NODE_30489_length_558_cov_5.921569	304	361	0	57	57	1.0000000
NODE_30493_length_558_cov_4.801743	197	266	0	34	69	0.4927536
NODE_30493_length_558_cov_4.801743	197	266	2	35	69	0.5072464
NODE_30493_length_558_cov_4.801743	197	277	0	34	80	0.4250000
NODE_30493_length_558_cov_4.801743	197	277	2	46	80	0.5750000
NODE_30493_length_558_cov_4.801743	250	330	0	7	80	0.0875000
NODE_30493_length_558_cov_4.801743	250	330	2	73	80	0.9125000
NODE_30493_length_558_cov_4.801743	250	330	0	7	80	0.0875000
NODE_30493_length_558_cov_4.801743	250	330	2	73	80	0.9125000
NODE_30495_length_558_cov_4.570806	188	244	4	18	56	0.3214286
NODE_30495_length_558_cov_4.570806	188	244	6	38	56	0.6785714
NODE_30536_length_558_cov_2.259259	236	294	0	8	58	0.1379310
NODE_30536_length_558_cov_2.259259	236	294	1	8	58	0.1379310
NODE_30536_length_558_cov_2.259259	236	294	2	23	58	0.3965517
NODE_30536_length_558_cov_2.259259	236	294	3	12	58	0.2068966
NODE_30536_length_558_cov_2.259259	236	294	4	7	58	0.1206897
NODE_30536_length_558_cov_2.259259	267	347	2	8	80	0.1000000
NODE_30536_length_558_cov_2.259259	267	347	3	12	80	0.1500000
NODE_30536_length_558_cov_2.259259	267	347	4	60	80	0.7500000
NODE_30568_length_558_cov_1.544662	403	483	4	35	80	0.4375000
NODE_30568_length_558_cov_1.544662	403	483	8	45	80	0.5625000
NODE_30568_length_558_cov_1.544662	456	536	4	17	80	0.2125000
NODE_30568_length_558_cov_1.544662	456	536	8	63	80	0.7875000
NODE_30623_length_557_cov_9.141921	255	335	0	80	80	1.0000000
NODE_30623_length_557_cov_9.141921	308	388	0	80	80	1.0000000
NODE_30626_length_557_cov_7.316594	210	290	5	13	80	0.1625000
NODE_30626_length_557_cov_7.316594	210	290	6	12	80	0.1500000
NODE_30626_length_557_cov_7.316594	210	290	8	8	80	0.1000000
NODE_30626_length_557_cov_7.316594	210	290	10	4	80	0.0500000
NODE_30626_length_557_cov_7.316594	210	290	12	3	80	0.0375000
NODE_30626_length_557_cov_7.316594	210	290	14	5	80	0.0625000
NODE_30626_length_557_cov_7.316594	210	290	16	6	80	0.0750000
NODE_30626_length_557_cov_7.316594	210	290	21	1	80	0.0125000
NODE_30626_length_557_cov_7.316594	210	290	22	22	80	0.2750000
NODE_30626_length_557_cov_7.316594	210	290	23	2	80	0.0250000
NODE_30626_length_557_cov_7.316594	210	290	24	4	80	0.0500000
NODE_30626_length_557_cov_7.316594	263	341	17	2	78	0.0256410
NODE_30626_length_557_cov_7.316594	263	341	21	3	78	0.0384615
NODE_30626_length_557_cov_7.316594	263	341	22	23	78	0.2948718
NODE_30626_length_557_cov_7.316594	263	341	23	9	78	0.1153846
NODE_30626_length_557_cov_7.316594	263	341	24	41	78	0.5256410
NODE_30636_length_557_cov_4.259825	185	267	0	82	82	1.0000000
NODE_30646_length_557_cov_3.794760	131	188	0	57	57	1.0000000
NODE_30646_length_557_cov_3.794760	139	219	0	80	80	1.0000000
NODE_30650_length_557_cov_3.517467	246	325	2	79	79	1.0000000
NODE_30650_length_557_cov_3.517467	298	378	0	27	80	0.3375000
NODE_30650_length_557_cov_3.517467	298	378	2	53	80	0.6625000
NODE_30652_length_557_cov_3.390830	366	395	42	29	29	1.0000000
NODE_30792_length_556_cov_37.258206	122	202	0	80	80	1.0000000
NODE_30792_length_556_cov_37.258206	175	255	0	80	80	1.0000000
NODE_30793_length_556_cov_15.266958	360	440	0	80	80	1.0000000
NODE_30793_length_556_cov_15.266958	413	493	0	80	80	1.0000000
NODE_30794_length_556_cov_12.781182	341	421	0	80	80	1.0000000
NODE_30794_length_556_cov_12.781182	394	474	0	80	80	1.0000000
NODE_30795_length_556_cov_11.131291	304	384	2	20	80	0.2500000
NODE_30795_length_556_cov_11.131291	304	384	4	27	80	0.3375000
NODE_30795_length_556_cov_11.131291	304	384	6	33	80	0.4125000
NODE_30795_length_556_cov_11.131291	357	437	0	44	80	0.5500000
NODE_30795_length_556_cov_11.131291	357	437	2	29	80	0.3625000
NODE_30795_length_556_cov_11.131291	357	437	4	7	80	0.0875000
NODE_30797_length_556_cov_7.168490	163	243	0	42	80	0.5250000
NODE_30797_length_556_cov_7.168490	163	243	2	38	80	0.4750000
NODE_30797_length_556_cov_7.168490	216	296	2	80	80	1.0000000
NODE_30798_length_556_cov_7.089716	325	379	0	54	54	1.0000000
NODE_30801_length_556_cov_6.505470	232	312	4	68	80	0.8500000
NODE_30801_length_556_cov_6.505470	232	312	6	12	80	0.1500000
NODE_30801_length_556_cov_6.505470	285	365	2	19	80	0.2375000
NODE_30801_length_556_cov_6.505470	285	365	4	15	80	0.1875000
NODE_30801_length_556_cov_6.505470	285	365	6	46	80	0.5750000
NODE_30802_length_556_cov_6.496718	140	179	12	39	39	1.0000000
NODE_30802_length_556_cov_6.496718	226	255	8	10	29	0.3448276
NODE_30802_length_556_cov_6.496718	226	255	10	19	29	0.6551724
NODE_30809_length_556_cov_4.457330	197	277	2	4	80	0.0500000
NODE_30809_length_556_cov_4.457330	197	277	8	68	80	0.8500000
NODE_30809_length_556_cov_4.457330	197	277	10	8	80	0.1000000
NODE_30818_length_556_cov_3.761488	234	307	0	48	73	0.6575342
NODE_30818_length_556_cov_3.761488	234	307	2	25	73	0.3424658
NODE_30930_length_555_cov_20.949561	322	402	0	80	80	1.0000000
NODE_30930_length_555_cov_20.949561	375	455	0	80	80	1.0000000
NODE_30931_length_555_cov_16.822368	268	348	0	28	80	0.3500000
NODE_30931_length_555_cov_16.822368	268	348	2	16	80	0.2000000
NODE_30931_length_555_cov_16.822368	268	348	4	36	80	0.4500000
NODE_30931_length_555_cov_16.822368	321	401	4	65	80	0.8125000
NODE_30931_length_555_cov_16.822368	321	401	6	15	80	0.1875000
NODE_30933_length_555_cov_9.912281	313	393	0	80	80	1.0000000
NODE_30935_length_555_cov_8.057018	277	357	2	21	80	0.2625000
NODE_30935_length_555_cov_8.057018	277	357	4	21	80	0.2625000
NODE_30935_length_555_cov_8.057018	277	357	6	38	80	0.4750000
NODE_30935_length_555_cov_8.057018	330	410	0	7	80	0.0875000
NODE_30935_length_555_cov_8.057018	330	410	2	6	80	0.0750000
NODE_30935_length_555_cov_8.057018	330	410	4	31	80	0.3875000
NODE_30935_length_555_cov_8.057018	330	410	6	36	80	0.4500000
NODE_30938_length_555_cov_6.778509	62	92	19	3	30	0.1000000
NODE_30938_length_555_cov_6.778509	62	92	22	1	30	0.0333333
NODE_30938_length_555_cov_6.778509	62	92	25	3	30	0.1000000
NODE_30938_length_555_cov_6.778509	62	92	26	23	30	0.7666667
NODE_30986_length_555_cov_2.177632	208	288	0	21	80	0.2625000
NODE_30986_length_555_cov_2.177632	208	288	2	59	80	0.7375000
NODE_30986_length_555_cov_2.177632	261	329	0	7	68	0.1029412
NODE_30986_length_555_cov_2.177632	261	329	2	61	68	0.8970588
NODE_31092_length_554_cov_11.942857	118	198	0	15	80	0.1875000
NODE_31092_length_554_cov_11.942857	118	198	2	65	80	0.8125000
NODE_31092_length_554_cov_11.942857	171	251	0	68	80	0.8500000
NODE_31092_length_554_cov_11.942857	171	251	2	12	80	0.1500000
NODE_31096_length_554_cov_8.426374	242	322	0	26	80	0.3250000
NODE_31096_length_554_cov_8.426374	242	322	2	36	80	0.4500000
NODE_31096_length_554_cov_8.426374	242	322	4	18	80	0.2250000
NODE_31096_length_554_cov_8.426374	295	375	2	13	80	0.1625000
NODE_31096_length_554_cov_8.426374	295	375	4	67	80	0.8375000
NODE_31101_length_554_cov_6.116484	264	344	4	36	80	0.4500000
NODE_31101_length_554_cov_6.116484	264	344	8	7	80	0.0875000
NODE_31101_length_554_cov_6.116484	264	344	11	1	80	0.0125000
NODE_31101_length_554_cov_6.116484	264	344	12	36	80	0.4500000
NODE_31101_length_554_cov_6.116484	317	393	8	13	76	0.1710526
NODE_31101_length_554_cov_6.116484	317	393	9	27	76	0.3552631
NODE_31101_length_554_cov_6.116484	317	393	10	8	76	0.1052632
NODE_31101_length_554_cov_6.116484	317	393	11	2	76	0.0263158
NODE_31101_length_554_cov_6.116484	317	393	12	26	76	0.3421053
NODE_31115_length_554_cov_3.586813	207	286	2	2	79	0.0253165
NODE_31115_length_554_cov_3.586813	207	286	4	40	79	0.5063291
NODE_31115_length_554_cov_3.586813	207	286	6	37	79	0.4683544
NODE_31240_length_553_cov_42.017621	197	277	2	46	80	0.5750000
NODE_31240_length_553_cov_42.017621	197	277	4	34	80	0.4250000
NODE_31240_length_553_cov_42.017621	250	330	2	80	80	1.0000000
NODE_31241_length_553_cov_28.944934	333	413	6	80	80	1.0000000
NODE_31241_length_553_cov_28.944934	386	466	0	36	80	0.4500000
NODE_31241_length_553_cov_28.944934	386	466	6	44	80	0.5500000
NODE_31242_length_553_cov_12.176211	242	322	0	80	80	1.0000000
NODE_31242_length_553_cov_12.176211	295	375	0	80	80	1.0000000
NODE_31244_length_553_cov_9.876652	232	312	0	80	80	1.0000000
NODE_31244_length_553_cov_9.876652	285	365	0	80	80	1.0000000
NODE_31246_length_553_cov_9.306167	207	287	0	19	80	0.2375000
NODE_31246_length_553_cov_9.306167	207	287	2	61	80	0.7625000
NODE_31246_length_553_cov_9.306167	207	287	0	19	80	0.2375000
NODE_31246_length_553_cov_9.306167	207	287	2	61	80	0.7625000
NODE_31246_length_553_cov_9.306167	260	340	0	64	80	0.8000000
NODE_31246_length_553_cov_9.306167	260	340	2	16	80	0.2000000
NODE_31259_length_553_cov_3.729075	36	93	24	16	57	0.2807018
NODE_31259_length_553_cov_3.729075	36	93	25	5	57	0.0877193
NODE_31259_length_553_cov_3.729075	36	93	26	36	57	0.6315789
NODE_31259_length_553_cov_3.729075	89	146	10	1	57	0.0175439
NODE_31259_length_553_cov_3.729075	89	146	12	1	57	0.0175439
NODE_31259_length_553_cov_3.729075	89	146	16	3	57	0.0526316
NODE_31259_length_553_cov_3.729075	89	146	18	6	57	0.1052632
NODE_31259_length_553_cov_3.729075	89	146	20	7	57	0.1228070
NODE_31259_length_553_cov_3.729075	89	146	22	3	57	0.0526316
NODE_31259_length_553_cov_3.729075	89	146	24	21	57	0.3684210
NODE_31259_length_553_cov_3.729075	89	146	26	15	57	0.2631579
NODE_31266_length_553_cov_3.310573	226	293	0	67	67	1.0000000
NODE_31279_length_553_cov_2.678414	102	180	0	6	78	0.0769231
NODE_31279_length_553_cov_2.678414	102	180	8	72	78	0.9230769
NODE_31279_length_553_cov_2.678414	248	275	0	27	27	1.0000000
NODE_31295_length_553_cov_1.958150	416	462	9	3	46	0.0652174
NODE_31295_length_553_cov_1.958150	416	462	15	1	46	0.0217391
NODE_31295_length_553_cov_1.958150	416	462	17	29	46	0.6304348
NODE_31295_length_553_cov_1.958150	416	462	19	13	46	0.2826087
NODE_31295_length_553_cov_1.958150	469	515	14	9	46	0.1956522
NODE_31295_length_553_cov_1.958150	469	515	15	8	46	0.1739130
NODE_31295_length_553_cov_1.958150	469	515	17	2	46	0.0434783
NODE_31295_length_553_cov_1.958150	469	515	19	27	46	0.5869565
NODE_31377_length_552_cov_92.070640	298	378	2	26	80	0.3250000
NODE_31377_length_552_cov_92.070640	298	378	4	2	80	0.0250000
NODE_31377_length_552_cov_92.070640	298	378	6	13	80	0.1625000
NODE_31377_length_552_cov_92.070640	298	378	8	8	80	0.1000000
NODE_31377_length_552_cov_92.070640	298	378	18	20	80	0.2500000
NODE_31377_length_552_cov_92.070640	298	378	20	11	80	0.1375000
NODE_31377_length_552_cov_92.070640	298	378	2	26	80	0.3250000
NODE_31377_length_552_cov_92.070640	298	378	4	2	80	0.0250000
NODE_31377_length_552_cov_92.070640	298	378	6	13	80	0.1625000
NODE_31377_length_552_cov_92.070640	298	378	8	8	80	0.1000000
NODE_31377_length_552_cov_92.070640	298	378	18	20	80	0.2500000
NODE_31377_length_552_cov_92.070640	298	378	20	11	80	0.1375000
NODE_31377_length_552_cov_92.070640	374	454	18	10	80	0.1250000
NODE_31377_length_552_cov_92.070640	374	454	20	4	80	0.0500000
NODE_31377_length_552_cov_92.070640	374	454	21	12	80	0.1500000
NODE_31377_length_552_cov_92.070640	374	454	25	1	80	0.0125000
NODE_31377_length_552_cov_92.070640	374	454	26	3	80	0.0375000
NODE_31377_length_552_cov_92.070640	374	454	27	1	80	0.0125000
NODE_31377_length_552_cov_92.070640	374	454	28	7	80	0.0875000
NODE_31377_length_552_cov_92.070640	374	454	30	16	80	0.2000000
NODE_31377_length_552_cov_92.070640	374	454	32	26	80	0.3250000
NODE_31377_length_552_cov_92.070640	374	454	18	10	80	0.1250000
NODE_31377_length_552_cov_92.070640	374	454	20	4	80	0.0500000
NODE_31377_length_552_cov_92.070640	374	454	21	12	80	0.1500000
NODE_31377_length_552_cov_92.070640	374	454	25	1	80	0.0125000
NODE_31377_length_552_cov_92.070640	374	454	26	3	80	0.0375000
NODE_31377_length_552_cov_92.070640	374	454	27	1	80	0.0125000
NODE_31377_length_552_cov_92.070640	374	454	28	7	80	0.0875000
NODE_31377_length_552_cov_92.070640	374	454	30	16	80	0.2000000
NODE_31377_length_552_cov_92.070640	374	454	32	26	80	0.3250000
NODE_31377_length_552_cov_92.070640	374	454	18	10	80	0.1250000
NODE_31377_length_552_cov_92.070640	374	454	20	4	80	0.0500000
NODE_31377_length_552_cov_92.070640	374	454	21	12	80	0.1500000
NODE_31377_length_552_cov_92.070640	374	454	25	1	80	0.0125000
NODE_31377_length_552_cov_92.070640	374	454	26	3	80	0.0375000
NODE_31377_length_552_cov_92.070640	374	454	27	1	80	0.0125000
NODE_31377_length_552_cov_92.070640	374	454	28	7	80	0.0875000
NODE_31377_length_552_cov_92.070640	374	454	30	16	80	0.2000000
NODE_31377_length_552_cov_92.070640	374	454	32	26	80	0.3250000
NODE_31377_length_552_cov_92.070640	374	454	18	10	80	0.1250000
NODE_31377_length_552_cov_92.070640	374	454	20	4	80	0.0500000
NODE_31377_length_552_cov_92.070640	374	454	21	12	80	0.1500000
NODE_31377_length_552_cov_92.070640	374	454	25	1	80	0.0125000
NODE_31377_length_552_cov_92.070640	374	454	26	3	80	0.0375000
NODE_31377_length_552_cov_92.070640	374	454	27	1	80	0.0125000
NODE_31377_length_552_cov_92.070640	374	454	28	7	80	0.0875000
NODE_31377_length_552_cov_92.070640	374	454	30	16	80	0.2000000
NODE_31377_length_552_cov_92.070640	374	454	32	26	80	0.3250000
NODE_31377_length_552_cov_92.070640	374	450	18	6	76	0.0789474
NODE_31377_length_552_cov_92.070640	374	450	20	4	76	0.0526316
NODE_31377_length_552_cov_92.070640	374	450	21	12	76	0.1578947
NODE_31377_length_552_cov_92.070640	374	450	25	1	76	0.0131579
NODE_31377_length_552_cov_92.070640	374	450	26	3	76	0.0394737
NODE_31377_length_552_cov_92.070640	374	450	27	1	76	0.0131579
NODE_31377_length_552_cov_92.070640	374	450	28	7	76	0.0921053
NODE_31377_length_552_cov_92.070640	374	450	30	16	76	0.2105263
NODE_31377_length_552_cov_92.070640	374	450	32	26	76	0.3421053
NODE_31377_length_552_cov_92.070640	427	507	12	7	80	0.0875000
NODE_31377_length_552_cov_92.070640	427	507	14	26	80	0.3250000
NODE_31377_length_552_cov_92.070640	427	507	16	16	80	0.2000000
NODE_31377_length_552_cov_92.070640	427	507	18	14	80	0.1750000
NODE_31377_length_552_cov_92.070640	427	507	27	1	80	0.0125000
NODE_31377_length_552_cov_92.070640	427	507	28	7	80	0.0875000
NODE_31377_length_552_cov_92.070640	427	507	30	3	80	0.0375000
NODE_31377_length_552_cov_92.070640	427	507	32	6	80	0.0750000
NODE_31377_length_552_cov_92.070640	427	507	12	7	80	0.0875000
NODE_31377_length_552_cov_92.070640	427	507	14	26	80	0.3250000
NODE_31377_length_552_cov_92.070640	427	507	16	16	80	0.2000000
NODE_31377_length_552_cov_92.070640	427	507	18	14	80	0.1750000
NODE_31377_length_552_cov_92.070640	427	507	27	1	80	0.0125000
NODE_31377_length_552_cov_92.070640	427	507	28	7	80	0.0875000
NODE_31377_length_552_cov_92.070640	427	507	30	3	80	0.0375000
NODE_31377_length_552_cov_92.070640	427	507	32	6	80	0.0750000
NODE_31377_length_552_cov_92.070640	427	498	14	24	71	0.3380282
NODE_31377_length_552_cov_92.070640	427	498	16	16	71	0.2253521
NODE_31377_length_552_cov_92.070640	427	498	18	14	71	0.1971831
NODE_31377_length_552_cov_92.070640	427	498	27	1	71	0.0140845
NODE_31377_length_552_cov_92.070640	427	498	28	7	71	0.0985916
NODE_31377_length_552_cov_92.070640	427	498	30	3	71	0.0422535
NODE_31377_length_552_cov_92.070640	427	498	32	6	71	0.0845070
NODE_31377_length_552_cov_92.070640	430	500	14	26	70	0.3714286
NODE_31377_length_552_cov_92.070640	430	500	16	16	70	0.2285714
NODE_31377_length_552_cov_92.070640	430	500	18	14	70	0.2000000
NODE_31377_length_552_cov_92.070640	430	500	27	1	70	0.0142857
NODE_31377_length_552_cov_92.070640	430	500	28	7	70	0.1000000
NODE_31377_length_552_cov_92.070640	430	500	30	3	70	0.0428571
NODE_31377_length_552_cov_92.070640	430	500	32	3	70	0.0428571
NODE_31377_length_552_cov_92.070640	432	507	12	7	75	0.0933333
NODE_31377_length_552_cov_92.070640	432	507	14	26	75	0.3466667
NODE_31377_length_552_cov_92.070640	432	507	16	16	75	0.2133333
NODE_31377_length_552_cov_92.070640	432	507	18	14	75	0.1866667
NODE_31377_length_552_cov_92.070640	432	507	27	1	75	0.0133333
NODE_31377_length_552_cov_92.070640	432	507	28	7	75	0.0933333
NODE_31377_length_552_cov_92.070640	432	507	30	3	75	0.0400000
NODE_31377_length_552_cov_92.070640	432	507	32	1	75	0.0133333
NODE_31378_length_552_cov_20.432671	151	231	8	80	80	1.0000000
NODE_31378_length_552_cov_20.432671	204	284	0	19	80	0.2375000
NODE_31378_length_552_cov_20.432671	204	284	4	20	80	0.2500000
NODE_31378_length_552_cov_20.432671	204	284	8	41	80	0.5125000
NODE_31379_length_552_cov_18.075055	257	333	2	76	76	1.0000000
NODE_31380_length_552_cov_13.331126	214	294	0	80	80	1.0000000
NODE_31380_length_552_cov_13.331126	267	347	0	80	80	1.0000000
NODE_31381_length_552_cov_12.774834	360	440	6	31	80	0.3875000
NODE_31381_length_552_cov_12.774834	360	440	8	12	80	0.1500000
NODE_31381_length_552_cov_12.774834	360	440	9	1	80	0.0125000
NODE_31381_length_552_cov_12.774834	360	440	10	36	80	0.4500000
NODE_31381_length_552_cov_12.774834	413	493	4	29	80	0.3625000
NODE_31381_length_552_cov_12.774834	413	493	7	20	80	0.2500000
NODE_31381_length_552_cov_12.774834	413	493	8	16	80	0.2000000
NODE_31381_length_552_cov_12.774834	413	493	10	15	80	0.1875000
NODE_31384_length_552_cov_8.883002	310	390	0	27	80	0.3375000
NODE_31384_length_552_cov_8.883002	310	390	2	53	80	0.6625000
NODE_31384_length_552_cov_8.883002	363	443	2	80	80	1.0000000
NODE_31385_length_552_cov_6.916115	206	281	4	75	75	1.0000000
NODE_31538_length_551_cov_34.070796	324	406	0	82	82	1.0000000
NODE_31538_length_551_cov_34.070796	379	444	0	65	65	1.0000000
NODE_31541_length_551_cov_10.252212	164	244	0	23	80	0.2875000
NODE_31541_length_551_cov_10.252212	164	244	2	57	80	0.7125000
NODE_31541_length_551_cov_10.252212	217	297	2	80	80	1.0000000
NODE_31543_length_551_cov_8.075221	363	406	0	43	43	1.0000000
NODE_31547_length_551_cov_5.668142	213	293	6	4	80	0.0500000
NODE_31547_length_551_cov_5.668142	213	293	12	5	80	0.0625000
NODE_31547_length_551_cov_5.668142	213	293	14	1	80	0.0125000
NODE_31547_length_551_cov_5.668142	213	293	18	70	80	0.8750000
NODE_31547_length_551_cov_5.668142	266	346	1	6	80	0.0750000
NODE_31547_length_551_cov_5.668142	266	346	10	20	80	0.2500000
NODE_31547_length_551_cov_5.668142	266	346	16	24	80	0.3000000
NODE_31547_length_551_cov_5.668142	266	346	18	30	80	0.3750000
NODE_31552_length_551_cov_4.212389	171	242	2	5	71	0.0704225
NODE_31552_length_551_cov_4.212389	171	242	4	4	71	0.0563380
NODE_31552_length_551_cov_4.212389	171	242	6	62	71	0.8732395
NODE_31552_length_551_cov_4.212389	215	263	0	9	48	0.1875000
NODE_31552_length_551_cov_4.212389	215	263	2	17	48	0.3541667
NODE_31552_length_551_cov_4.212389	215	263	4	4	48	0.0833333
NODE_31552_length_551_cov_4.212389	215	263	6	18	48	0.3750000
NODE_31563_length_551_cov_3.307522	227	307	0	80	80	1.0000000
NODE_31563_length_551_cov_3.307522	280	360	0	80	80	1.0000000
NODE_31693_length_550_cov_17.308204	101	181	0	77	80	0.9625000
NODE_31693_length_550_cov_17.308204	101	181	4	3	80	0.0375000
NODE_31693_length_550_cov_17.308204	154	234	0	24	80	0.3000000
NODE_31693_length_550_cov_17.308204	154	234	4	56	80	0.7000000
NODE_31700_length_550_cov_5.580931	286	329	0	43	43	1.0000000
NODE_31701_length_550_cov_5.490022	458	500	2	42	42	1.0000000
NODE_31701_length_550_cov_5.490022	459	523	2	64	64	1.0000000
NODE_31703_length_550_cov_5.243902	194	274	0	80	80	1.0000000
NODE_31703_length_550_cov_5.243902	247	327	0	27	80	0.3375000
NODE_31703_length_550_cov_5.243902	247	327	2	53	80	0.6625000
NODE_31706_length_550_cov_4.815965	184	264	0	80	80	1.0000000
NODE_31726_length_550_cov_3.252772	308	388	0	3	80	0.0375000
NODE_31726_length_550_cov_3.252772	308	388	2	77	80	0.9625000
NODE_31756_length_550_cov_1.864745	189	259	2	11	70	0.1571429
NODE_31756_length_550_cov_1.864745	189	259	4	59	70	0.8428571
NODE_31756_length_550_cov_1.864745	189	258	2	11	69	0.1594203
NODE_31756_length_550_cov_1.864745	189	258	4	58	69	0.8405797
NODE_31847_length_549_cov_31.826667	216	292	9	17	76	0.2236842
NODE_31847_length_549_cov_31.826667	216	292	11	1	76	0.0131579
NODE_31847_length_549_cov_31.826667	216	292	17	8	76	0.1052632
NODE_31847_length_549_cov_31.826667	216	292	19	42	76	0.5526316
NODE_31847_length_549_cov_31.826667	216	292	20	8	76	0.1052632
NODE_31847_length_549_cov_31.826667	267	331	6	2	64	0.0312500
NODE_31847_length_549_cov_31.826667	267	331	10	1	64	0.0156250
NODE_31847_length_549_cov_31.826667	267	331	12	3	64	0.0468750
NODE_31847_length_549_cov_31.826667	267	331	14	7	64	0.1093750
NODE_31847_length_549_cov_31.826667	267	331	16	2	64	0.0312500
NODE_31847_length_549_cov_31.826667	267	331	18	2	64	0.0312500
NODE_31847_length_549_cov_31.826667	267	331	19	17	64	0.2656250
NODE_31847_length_549_cov_31.826667	267	331	20	30	64	0.4687500
NODE_31848_length_549_cov_14.124444	174	263	0	89	89	1.0000000
NODE_31848_length_549_cov_14.124444	242	315	0	73	73	1.0000000
NODE_31857_length_549_cov_5.375556	181	257	27	1	76	0.0131579
NODE_31857_length_549_cov_5.375556	181	257	29	7	76	0.0921053
NODE_31857_length_549_cov_5.375556	181	257	33	4	76	0.0526316
NODE_31857_length_549_cov_5.375556	181	257	35	2	76	0.0263158
NODE_31857_length_549_cov_5.375556	181	257	37	3	76	0.0394737
NODE_31857_length_549_cov_5.375556	181	257	43	2	76	0.0263158
NODE_31857_length_549_cov_5.375556	181	257	46	1	76	0.0131579
NODE_31857_length_549_cov_5.375556	181	257	49	3	76	0.0394737
NODE_31857_length_549_cov_5.375556	181	257	51	1	76	0.0131579
NODE_31857_length_549_cov_5.375556	181	257	52	8	76	0.1052632
NODE_31857_length_549_cov_5.375556	181	257	53	12	76	0.1578947
NODE_31857_length_549_cov_5.375556	181	257	54	16	76	0.2105263
NODE_31857_length_549_cov_5.375556	181	257	55	14	76	0.1842105
NODE_31857_length_549_cov_5.375556	181	257	56	2	76	0.0263158
NODE_31859_length_549_cov_4.933333	260	340	0	80	80	1.0000000
NODE_31864_length_549_cov_4.537778	345	430	2	27	85	0.3176471
NODE_31864_length_549_cov_4.537778	345	430	4	58	85	0.6823530
NODE_31864_length_549_cov_4.537778	403	483	0	38	80	0.4750000
NODE_31864_length_549_cov_4.537778	403	483	2	42	80	0.5250000
NODE_31865_length_549_cov_4.124444	406	486	7	13	80	0.1625000
NODE_31865_length_549_cov_4.124444	406	486	9	10	80	0.1250000
NODE_31865_length_549_cov_4.124444	406	486	11	9	80	0.1125000
NODE_31865_length_549_cov_4.124444	406	486	12	48	80	0.6000000
NODE_31866_length_549_cov_3.931111	182	219	0	37	37	1.0000000
NODE_31868_length_549_cov_3.893333	287	367	0	80	80	1.0000000
NODE_31868_length_549_cov_3.893333	340	420	0	80	80	1.0000000
NODE_31887_length_549_cov_2.673333	282	343	0	61	61	1.0000000
NODE_31890_length_549_cov_2.622222	144	220	10	2	76	0.0263158
NODE_31890_length_549_cov_2.622222	144	220	11	1	76	0.0131579
NODE_31890_length_549_cov_2.622222	144	220	12	15	76	0.1973684
NODE_31890_length_549_cov_2.622222	144	220	14	58	76	0.7631579
NODE_32013_length_548_cov_13.962138	285	371	0	86	86	1.0000000
NODE_32013_length_548_cov_13.962138	344	424	0	80	80	1.0000000
NODE_32022_length_548_cov_4.683742	261	336	0	75	75	1.0000000
NODE_32023_length_548_cov_4.670379	140	182	0	42	42	1.0000000
NODE_32023_length_548_cov_4.670379	282	311	0	29	29	1.0000000
NODE_32023_length_548_cov_4.670379	410	455	0	5	45	0.1111111
NODE_32023_length_548_cov_4.670379	410	455	2	40	45	0.8888889
NODE_32029_length_548_cov_3.630290	111	177	0	21	66	0.3181818
NODE_32029_length_548_cov_3.630290	111	177	2	11	66	0.1666667
NODE_32029_length_548_cov_3.630290	111	177	4	34	66	0.5151515
NODE_32039_length_548_cov_3.080178	142	191	10	23	49	0.4693878
NODE_32039_length_548_cov_3.080178	142	191	15	15	49	0.3061225
NODE_32039_length_548_cov_3.080178	142	191	16	7	49	0.1428571
NODE_32039_length_548_cov_3.080178	142	191	17	4	49	0.0816327
NODE_32180_length_547_cov_23.982143	243	323	5	50	80	0.6250000
NODE_32180_length_547_cov_23.982143	243	323	6	30	80	0.3750000
NODE_32180_length_547_cov_23.982143	243	323	5	50	80	0.6250000
NODE_32180_length_547_cov_23.982143	243	323	6	30	80	0.3750000
NODE_32180_length_547_cov_23.982143	252	323	5	50	71	0.7042254
NODE_32180_length_547_cov_23.982143	252	323	6	21	71	0.2957746
NODE_32181_length_547_cov_23.555804	42	122	0	11	80	0.1375000
NODE_32181_length_547_cov_23.555804	42	122	2	69	80	0.8625000
NODE_32181_length_547_cov_23.555804	95	175	0	41	80	0.5125000
NODE_32181_length_547_cov_23.555804	95	175	2	39	80	0.4875000
NODE_32183_length_547_cov_12.819196	190	270	5	2	80	0.0250000
NODE_32183_length_547_cov_12.819196	190	270	6	4	80	0.0500000
NODE_32183_length_547_cov_12.819196	190	270	12	21	80	0.2625000
NODE_32183_length_547_cov_12.819196	190	270	13	8	80	0.1000000
NODE_32183_length_547_cov_12.819196	190	270	14	5	80	0.0625000
NODE_32183_length_547_cov_12.819196	190	270	18	40	80	0.5000000
NODE_32195_length_547_cov_5.207589	290	370	3	12	80	0.1500000
NODE_32195_length_547_cov_5.207589	290	370	4	6	80	0.0750000
NODE_32195_length_547_cov_5.207589	290	370	5	4	80	0.0500000
NODE_32195_length_547_cov_5.207589	290	370	11	10	80	0.1250000
NODE_32195_length_547_cov_5.207589	290	370	13	42	80	0.5250000
NODE_32195_length_547_cov_5.207589	290	370	15	3	80	0.0375000
NODE_32195_length_547_cov_5.207589	290	370	16	3	80	0.0375000
NODE_32195_length_547_cov_5.207589	343	423	13	53	80	0.6625000
NODE_32195_length_547_cov_5.207589	343	423	15	24	80	0.3000000
NODE_32195_length_547_cov_5.207589	343	423	16	3	80	0.0375000
NODE_32197_length_547_cov_4.975446	411	488	2	51	77	0.6623377
NODE_32197_length_547_cov_4.975446	411	488	6	26	77	0.3376623
NODE_32197_length_547_cov_4.975446	461	542	2	1	81	0.0123457
NODE_32197_length_547_cov_4.975446	461	542	6	80	81	0.9876543
NODE_32199_length_547_cov_4.683036	451	492	0	41	41	1.0000000
NODE_32204_length_547_cov_4.138393	97	175	0	78	78	1.0000000
NODE_32204_length_547_cov_4.138393	151	228	0	77	77	1.0000000
NODE_32206_length_547_cov_4.026786	136	216	2	80	80	1.0000000
NODE_32206_length_547_cov_4.026786	189	269	0	49	80	0.6125000
NODE_32206_length_547_cov_4.026786	189	269	2	31	80	0.3875000
NODE_32215_length_547_cov_3.468750	219	299	0	80	80	1.0000000
NODE_32222_length_547_cov_2.901786	304	384	0	80	80	1.0000000
NODE_32347_length_546_cov_17.733781	159	239	0	80	80	1.0000000
NODE_32347_length_546_cov_17.733781	212	293	0	81	81	1.0000000
NODE_32348_length_546_cov_16.275168	272	352	0	80	80	1.0000000
NODE_32348_length_546_cov_16.275168	325	405	0	80	80	1.0000000
NODE_32349_length_546_cov_8.201342	179	259	0	33	80	0.4125000
NODE_32349_length_546_cov_8.201342	179	259	1	15	80	0.1875000
NODE_32349_length_546_cov_8.201342	179	259	2	32	80	0.4000000
NODE_32351_length_546_cov_7.454139	241	321	0	80	80	1.0000000
NODE_32351_length_546_cov_7.454139	294	374	0	80	80	1.0000000
NODE_32380_length_546_cov_3.192394	171	251	0	80	80	1.0000000
NODE_32510_length_545_cov_31.524664	38	118	0	80	80	1.0000000
NODE_32510_length_545_cov_31.524664	91	171	0	80	80	1.0000000
NODE_32517_length_545_cov_5.524664	268	348	6	9	80	0.1125000
NODE_32517_length_545_cov_5.524664	268	348	8	20	80	0.2500000
NODE_32517_length_545_cov_5.524664	268	348	9	7	80	0.0875000
NODE_32517_length_545_cov_5.524664	268	348	10	4	80	0.0500000
NODE_32517_length_545_cov_5.524664	268	348	11	9	80	0.1125000
NODE_32517_length_545_cov_5.524664	268	348	12	31	80	0.3875000
NODE_32525_length_545_cov_3.885650	137	217	10	17	80	0.2125000
NODE_32525_length_545_cov_3.885650	137	217	12	10	80	0.1250000
NODE_32525_length_545_cov_3.885650	137	217	14	1	80	0.0125000
NODE_32525_length_545_cov_3.885650	137	217	16	52	80	0.6500000
NODE_32571_length_545_cov_2.013453	246	318	4	37	72	0.5138889
NODE_32571_length_545_cov_2.013453	246	318	5	1	72	0.0138889
NODE_32571_length_545_cov_2.013453	246	318	6	34	72	0.4722222
NODE_32599_length_545_cov_1.450673	130	179	0	49	49	1.0000000
NODE_32616_length_545_cov_1.179372	431	469	0	38	38	1.0000000
NODE_32673_length_544_cov_37.705618	258	338	0	80	80	1.0000000
NODE_32673_length_544_cov_37.705618	311	391	0	80	80	1.0000000
NODE_32674_length_544_cov_33.847191	189	269	0	80	80	1.0000000
NODE_32674_length_544_cov_33.847191	242	327	0	33	85	0.3882353
NODE_32674_length_544_cov_33.847191	242	327	6	52	85	0.6117647
NODE_32675_length_544_cov_19.467416	251	331	0	80	80	1.0000000
NODE_32675_length_544_cov_19.467416	304	384	0	80	80	1.0000000
NODE_32676_length_544_cov_16.775281	163	243	2	80	80	1.0000000
NODE_32676_length_544_cov_16.775281	216	296	0	53	80	0.6625000
NODE_32676_length_544_cov_16.775281	216	296	2	27	80	0.3375000
NODE_32677_length_544_cov_8.943820	81	161	0	42	80	0.5250000
NODE_32677_length_544_cov_8.943820	81	161	2	1	80	0.0125000
NODE_32677_length_544_cov_8.943820	81	161	4	23	80	0.2875000
NODE_32677_length_544_cov_8.943820	81	161	6	14	80	0.1750000
NODE_32677_length_544_cov_8.943820	134	214	4	13	80	0.1625000
NODE_32677_length_544_cov_8.943820	134	214	6	67	80	0.8375000
NODE_32678_length_544_cov_8.537079	283	363	0	80	80	1.0000000
NODE_32678_length_544_cov_8.537079	336	416	0	80	80	1.0000000
NODE_32680_length_544_cov_8.440449	209	289	6	6	80	0.0750000
NODE_32680_length_544_cov_8.440449	209	289	8	74	80	0.9250000
NODE_32680_length_544_cov_8.440449	262	342	0	7	80	0.0875000
NODE_32680_length_544_cov_8.440449	262	342	2	1	80	0.0125000
NODE_32680_length_544_cov_8.440449	262	342	6	51	80	0.6375000
NODE_32680_length_544_cov_8.440449	262	342	8	21	80	0.2625000
NODE_32681_length_544_cov_7.604494	332	412	0	80	80	1.0000000
NODE_32681_length_544_cov_7.604494	385	465	0	80	80	1.0000000
NODE_32684_length_544_cov_6.000000	461	513	2	52	52	1.0000000
NODE_32830_length_543_cov_38.790541	116	196	8	19	80	0.2375000
NODE_32830_length_543_cov_38.790541	116	196	9	48	80	0.6000000
NODE_32830_length_543_cov_38.790541	116	196	10	8	80	0.1000000
NODE_32830_length_543_cov_38.790541	116	196	12	5	80	0.0625000
NODE_32830_length_543_cov_38.790541	169	249	4	19	80	0.2375000
NODE_32830_length_543_cov_38.790541	169	249	9	14	80	0.1750000
NODE_32830_length_543_cov_38.790541	169	249	10	8	80	0.1000000
NODE_32830_length_543_cov_38.790541	169	249	12	39	80	0.4875000
NODE_32831_length_543_cov_31.713964	193	273	4	80	80	1.0000000
NODE_32831_length_543_cov_31.713964	246	326	0	35	80	0.4375000
NODE_32831_length_543_cov_31.713964	246	326	4	45	80	0.5625000
NODE_32832_length_543_cov_13.689189	118	198	0	14	80	0.1750000
NODE_32832_length_543_cov_13.689189	118	198	1	28	80	0.3500000
NODE_32832_length_543_cov_13.689189	118	198	5	20	80	0.2500000
NODE_32832_length_543_cov_13.689189	118	198	6	11	80	0.1375000
NODE_32832_length_543_cov_13.689189	118	198	8	3	80	0.0375000
NODE_32832_length_543_cov_13.689189	118	198	10	4	80	0.0500000
NODE_32832_length_543_cov_13.689189	171	251	5	9	80	0.1125000
NODE_32832_length_543_cov_13.689189	171	251	6	11	80	0.1375000
NODE_32832_length_543_cov_13.689189	171	251	8	3	80	0.0375000
NODE_32832_length_543_cov_13.689189	171	251	10	57	80	0.7125000
NODE_32833_length_543_cov_10.601351	271	351	0	80	80	1.0000000
NODE_32833_length_543_cov_10.601351	324	404	0	80	80	1.0000000
NODE_32833_length_543_cov_10.601351	400	480	0	80	80	1.0000000
NODE_32833_length_543_cov_10.601351	453	533	0	80	80	1.0000000
NODE_32834_length_543_cov_9.202703	291	341	2	1	50	0.0200000
NODE_32834_length_543_cov_9.202703	291	341	4	1	50	0.0200000
NODE_32834_length_543_cov_9.202703	291	341	8	48	50	0.9600000
NODE_32834_length_543_cov_9.202703	347	384	6	12	37	0.3243243
NODE_32834_length_543_cov_9.202703	347	384	7	1	37	0.0270270
NODE_32834_length_543_cov_9.202703	347	384	8	24	37	0.6486486
NODE_32835_length_543_cov_7.722973	300	378	0	78	78	1.0000000
NODE_32835_length_543_cov_7.722973	351	431	0	80	80	1.0000000
NODE_32836_length_543_cov_6.815315	181	260	0	79	79	1.0000000
NODE_32845_length_543_cov_4.704955	145	225	0	80	80	1.0000000
NODE_32845_length_543_cov_4.704955	198	275	0	77	77	1.0000000
NODE_32864_length_543_cov_3.301802	247	312	2	65	65	1.0000000
NODE_32875_length_543_cov_2.635135	253	316	2	39	63	0.6190476
NODE_32875_length_543_cov_2.635135	253	316	3	1	63	0.0158730
NODE_32875_length_543_cov_2.635135	253	316	4	23	63	0.3650794
NODE_32875_length_543_cov_2.635135	293	373	4	28	80	0.3500000
NODE_32875_length_543_cov_2.635135	293	373	6	8	80	0.1000000
NODE_32875_length_543_cov_2.635135	293	373	8	10	80	0.1250000
NODE_32875_length_543_cov_2.635135	293	373	10	34	80	0.4250000
NODE_33002_length_543_cov_0.682432	98	178	0	61	80	0.7625000
NODE_33002_length_543_cov_0.682432	98	178	2	19	80	0.2375000
NODE_33012_length_542_cov_57.370203	287	367	0	13	80	0.1625000
NODE_33012_length_542_cov_57.370203	287	367	4	67	80	0.8375000
NODE_33012_length_542_cov_57.370203	340	378	4	38	38	1.0000000
NODE_33014_length_542_cov_11.616253	277	357	2	40	80	0.5000000
NODE_33014_length_542_cov_11.616253	277	357	4	40	80	0.5000000
NODE_33014_length_542_cov_11.616253	330	410	0	48	80	0.6000000
NODE_33014_length_542_cov_11.616253	330	410	2	31	80	0.3875000
NODE_33014_length_542_cov_11.616253	330	410	4	1	80	0.0125000
NODE_33015_length_542_cov_9.988713	253	333	0	7	80	0.0875000
NODE_33015_length_542_cov_9.988713	253	333	2	73	80	0.9125000
NODE_33015_length_542_cov_9.988713	306	386	0	14	80	0.1750000
NODE_33015_length_542_cov_9.988713	306	386	1	1	80	0.0125000
NODE_33015_length_542_cov_9.988713	306	386	2	65	80	0.8125000
NODE_33018_length_542_cov_7.934537	215	295	6	5	80	0.0625000
NODE_33018_length_542_cov_7.934537	215	295	8	18	80	0.2250000
NODE_33018_length_542_cov_7.934537	215	295	9	15	80	0.1875000
NODE_33018_length_542_cov_7.934537	215	295	10	18	80	0.2250000
NODE_33018_length_542_cov_7.934537	215	295	12	13	80	0.1625000
NODE_33018_length_542_cov_7.934537	215	295	13	1	80	0.0125000
NODE_33018_length_542_cov_7.934537	215	295	14	10	80	0.1250000
NODE_33018_length_542_cov_7.934537	268	348	2	12	80	0.1500000
NODE_33018_length_542_cov_7.934537	268	348	4	23	80	0.2875000
NODE_33018_length_542_cov_7.934537	268	348	6	17	80	0.2125000
NODE_33018_length_542_cov_7.934537	268	348	8	5	80	0.0625000
NODE_33018_length_542_cov_7.934537	268	348	9	15	80	0.1875000
NODE_33018_length_542_cov_7.934537	268	348	10	8	80	0.1000000
NODE_33020_length_542_cov_7.266366	159	239	0	80	80	1.0000000
NODE_33021_length_542_cov_7.069977	230	304	0	74	74	1.0000000
NODE_33021_length_542_cov_7.069977	284	362	0	78	78	1.0000000
NODE_33025_length_542_cov_4.783296	237	267	4	30	30	1.0000000
NODE_33035_length_542_cov_3.882619	275	303	4	28	28	1.0000000
NODE_33040_length_542_cov_3.600451	82	131	0	40	49	0.8163266
NODE_33040_length_542_cov_3.600451	82	131	1	3	49	0.0612245
NODE_33040_length_542_cov_3.600451	82	131	2	5	49	0.1020408
NODE_33040_length_542_cov_3.600451	82	131	4	1	49	0.0204082
NODE_33188_length_541_cov_22.463801	247	327	0	22	80	0.2750000
NODE_33188_length_541_cov_22.463801	247	327	2	58	80	0.7250000
NODE_33188_length_541_cov_22.463801	300	380	0	19	80	0.2375000
NODE_33188_length_541_cov_22.463801	300	380	2	61	80	0.7625000
NODE_33190_length_541_cov_11.070136	60	140	0	80	80	1.0000000
NODE_33190_length_541_cov_11.070136	113	193	0	80	80	1.0000000
NODE_33204_length_541_cov_3.690045	179	250	0	71	71	1.0000000
NODE_33300_length_541_cov_1.187783	352	400	2	48	48	1.0000000
NODE_33359_length_540_cov_78.353741	219	299	0	5	80	0.0625000
NODE_33359_length_540_cov_78.353741	219	299	3	6	80	0.0750000
NODE_33359_length_540_cov_78.353741	219	299	4	4	80	0.0500000
NODE_33359_length_540_cov_78.353741	219	299	5	34	80	0.4250000
NODE_33359_length_540_cov_78.353741	219	299	6	31	80	0.3875000
NODE_33359_length_540_cov_78.353741	272	352	0	58	80	0.7250000
NODE_33359_length_540_cov_78.353741	272	352	3	6	80	0.0750000
NODE_33359_length_540_cov_78.353741	272	352	5	16	80	0.2000000
NODE_33360_length_540_cov_33.473923	59	139	0	80	80	1.0000000
NODE_33360_length_540_cov_33.473923	112	192	0	80	80	1.0000000
NODE_33361_length_540_cov_20.380952	97	177	2	5	80	0.0625000
NODE_33361_length_540_cov_20.380952	97	177	4	20	80	0.2500000
NODE_33361_length_540_cov_20.380952	97	177	6	44	80	0.5500000
NODE_33361_length_540_cov_20.380952	97	177	10	11	80	0.1375000
NODE_33361_length_540_cov_20.380952	150	230	6	16	80	0.2000000
NODE_33361_length_540_cov_20.380952	150	230	8	36	80	0.4500000
NODE_33361_length_540_cov_20.380952	150	230	10	28	80	0.3500000
NODE_33362_length_540_cov_12.657596	248	328	0	80	80	1.0000000
NODE_33362_length_540_cov_12.657596	301	381	0	80	80	1.0000000
NODE_33363_length_540_cov_11.111111	180	260	0	80	80	1.0000000
NODE_33363_length_540_cov_11.111111	233	313	0	80	80	1.0000000
NODE_33365_length_540_cov_6.328798	260	340	0	80	80	1.0000000
NODE_33365_length_540_cov_6.328798	313	393	0	80	80	1.0000000
NODE_33382_length_540_cov_3.587302	351	411	0	3	60	0.0500000
NODE_33382_length_540_cov_3.587302	351	411	2	2	60	0.0333333
NODE_33382_length_540_cov_3.587302	351	411	8	17	60	0.2833333
NODE_33382_length_540_cov_3.587302	351	411	12	3	60	0.0500000
NODE_33382_length_540_cov_3.587302	351	411	15	35	60	0.5833333
NODE_33503_length_539_cov_1023.604545	264	344	434	1	80	0.0125000
NODE_33503_length_539_cov_1023.604545	264	344	436	1	80	0.0125000
NODE_33503_length_539_cov_1023.604545	264	344	476	1	80	0.0125000
NODE_33503_length_539_cov_1023.604545	264	344	480	1	80	0.0125000
NODE_33503_length_539_cov_1023.604545	264	344	491	1	80	0.0125000
NODE_33503_length_539_cov_1023.604545	264	344	505	1	80	0.0125000
NODE_33503_length_539_cov_1023.604545	264	344	540	1	80	0.0125000
NODE_33503_length_539_cov_1023.604545	264	344	560	1	80	0.0125000
NODE_33503_length_539_cov_1023.604545	264	344	577	1	80	0.0125000
NODE_33503_length_539_cov_1023.604545	264	344	619	1	80	0.0125000
NODE_33503_length_539_cov_1023.604545	264	344	628	1	80	0.0125000
NODE_33503_length_539_cov_1023.604545	264	344	652	1	80	0.0125000
NODE_33503_length_539_cov_1023.604545	264	344	658	1	80	0.0125000
NODE_33503_length_539_cov_1023.604545	264	344	682	1	80	0.0125000
NODE_33503_length_539_cov_1023.604545	264	344	689	1	80	0.0125000
NODE_33503_length_539_cov_1023.604545	264	344	713	1	80	0.0125000
NODE_33503_length_539_cov_1023.604545	264	344	735	1	80	0.0125000
NODE_33503_length_539_cov_1023.604545	264	344	750	1	80	0.0125000
NODE_33503_length_539_cov_1023.604545	264	344	763	1	80	0.0125000
NODE_33503_length_539_cov_1023.604545	264	344	776	1	80	0.0125000
NODE_33503_length_539_cov_1023.604545	264	344	797	1	80	0.0125000
NODE_33503_length_539_cov_1023.604545	264	344	829	1	80	0.0125000
NODE_33503_length_539_cov_1023.604545	264	344	841	1	80	0.0125000
NODE_33503_length_539_cov_1023.604545	264	344	877	1	80	0.0125000
NODE_33503_length_539_cov_1023.604545	264	344	935	1	80	0.0125000
NODE_33503_length_539_cov_1023.604545	264	344	960	1	80	0.0125000
NODE_33503_length_539_cov_1023.604545	264	344	982	1	80	0.0125000
NODE_33503_length_539_cov_1023.604545	264	344	1011	1	80	0.0125000
NODE_33503_length_539_cov_1023.604545	264	344	1025	1	80	0.0125000
NODE_33503_length_539_cov_1023.604545	264	344	1080	1	80	0.0125000
NODE_33503_length_539_cov_1023.604545	264	344	1093	1	80	0.0125000
NODE_33503_length_539_cov_1023.604545	264	344	1120	1	80	0.0125000
NODE_33503_length_539_cov_1023.604545	264	344	1172	1	80	0.0125000
NODE_33503_length_539_cov_1023.604545	264	344	1189	1	80	0.0125000
NODE_33503_length_539_cov_1023.604545	264	344	1198	1	80	0.0125000
NODE_33503_length_539_cov_1023.604545	264	344	1210	1	80	0.0125000
NODE_33503_length_539_cov_1023.604545	264	344	1235	1	80	0.0125000
NODE_33503_length_539_cov_1023.604545	264	344	1266	1	80	0.0125000
NODE_33503_length_539_cov_1023.604545	264	344	1279	1	80	0.0125000
NODE_33503_length_539_cov_1023.604545	264	344	1288	1	80	0.0125000
NODE_33503_length_539_cov_1023.604545	264	344	1316	1	80	0.0125000
NODE_33503_length_539_cov_1023.604545	264	344	1333	1	80	0.0125000
NODE_33503_length_539_cov_1023.604545	264	344	1356	1	80	0.0125000
NODE_33503_length_539_cov_1023.604545	264	344	1378	1	80	0.0125000
NODE_33503_length_539_cov_1023.604545	264	344	1389	1	80	0.0125000
NODE_33503_length_539_cov_1023.604545	264	344	1412	1	80	0.0125000
NODE_33503_length_539_cov_1023.604545	264	344	1425	1	80	0.0125000
NODE_33503_length_539_cov_1023.604545	264	344	1438	1	80	0.0125000
NODE_33503_length_539_cov_1023.604545	264	344	1471	1	80	0.0125000
NODE_33503_length_539_cov_1023.604545	264	344	1476	1	80	0.0125000
NODE_33503_length_539_cov_1023.604545	264	344	1487	1	80	0.0125000
NODE_33503_length_539_cov_1023.604545	264	344	1506	1	80	0.0125000
NODE_33503_length_539_cov_1023.604545	264	344	1527	1	80	0.0125000
NODE_33503_length_539_cov_1023.604545	264	344	1533	1	80	0.0125000
NODE_33503_length_539_cov_1023.604545	264	344	1535	1	80	0.0125000
NODE_33503_length_539_cov_1023.604545	264	344	1562	1	80	0.0125000
NODE_33503_length_539_cov_1023.604545	264	344	1574	1	80	0.0125000
NODE_33503_length_539_cov_1023.604545	264	344	1610	1	80	0.0125000
NODE_33503_length_539_cov_1023.604545	264	344	1642	1	80	0.0125000
NODE_33503_length_539_cov_1023.604545	264	344	1645	1	80	0.0125000
NODE_33503_length_539_cov_1023.604545	264	344	1650	1	80	0.0125000
NODE_33503_length_539_cov_1023.604545	264	344	1655	1	80	0.0125000
NODE_33503_length_539_cov_1023.604545	264	344	1669	1	80	0.0125000
NODE_33503_length_539_cov_1023.604545	264	344	1693	1	80	0.0125000
NODE_33503_length_539_cov_1023.604545	264	344	1696	1	80	0.0125000
NODE_33503_length_539_cov_1023.604545	264	344	1707	1	80	0.0125000
NODE_33503_length_539_cov_1023.604545	264	344	1716	1	80	0.0125000
NODE_33503_length_539_cov_1023.604545	264	344	1739	1	80	0.0125000
NODE_33503_length_539_cov_1023.604545	264	344	1746	1	80	0.0125000
NODE_33503_length_539_cov_1023.604545	264	344	1762	1	80	0.0125000
NODE_33503_length_539_cov_1023.604545	264	344	1773	1	80	0.0125000
NODE_33503_length_539_cov_1023.604545	264	344	1777	2	80	0.0250000
NODE_33503_length_539_cov_1023.604545	264	344	1778	1	80	0.0125000
NODE_33503_length_539_cov_1023.604545	264	344	1784	1	80	0.0125000
NODE_33503_length_539_cov_1023.604545	264	344	1789	1	80	0.0125000
NODE_33503_length_539_cov_1023.604545	264	344	1798	1	80	0.0125000
NODE_33503_length_539_cov_1023.604545	264	344	1809	1	80	0.0125000
NODE_33503_length_539_cov_1023.604545	264	344	1822	1	80	0.0125000
NODE_33503_length_539_cov_1023.604545	264	344	1823	1	80	0.0125000
NODE_33503_length_539_cov_1023.604545	317	397	1464	1	80	0.0125000
NODE_33503_length_539_cov_1023.604545	317	397	1468	1	80	0.0125000
NODE_33503_length_539_cov_1023.604545	317	397	1483	1	80	0.0125000
NODE_33503_length_539_cov_1023.604545	317	397	1512	1	80	0.0125000
NODE_33503_length_539_cov_1023.604545	317	397	1528	1	80	0.0125000
NODE_33503_length_539_cov_1023.604545	317	397	1533	1	80	0.0125000
NODE_33503_length_539_cov_1023.604545	317	397	1535	1	80	0.0125000
NODE_33503_length_539_cov_1023.604545	317	397	1539	1	80	0.0125000
NODE_33503_length_539_cov_1023.604545	317	397	1562	1	80	0.0125000
NODE_33503_length_539_cov_1023.604545	317	397	1574	1	80	0.0125000
NODE_33503_length_539_cov_1023.604545	317	397	1575	1	80	0.0125000
NODE_33503_length_539_cov_1023.604545	317	397	1581	1	80	0.0125000
NODE_33503_length_539_cov_1023.604545	317	397	1586	1	80	0.0125000
NODE_33503_length_539_cov_1023.604545	317	397	1604	1	80	0.0125000
NODE_33503_length_539_cov_1023.604545	317	397	1610	1	80	0.0125000
NODE_33503_length_539_cov_1023.604545	317	397	1626	1	80	0.0125000
NODE_33503_length_539_cov_1023.604545	317	397	1642	2	80	0.0250000
NODE_33503_length_539_cov_1023.604545	317	397	1644	1	80	0.0125000
NODE_33503_length_539_cov_1023.604545	317	397	1645	1	80	0.0125000
NODE_33503_length_539_cov_1023.604545	317	397	1650	1	80	0.0125000
NODE_33503_length_539_cov_1023.604545	317	397	1652	1	80	0.0125000
NODE_33503_length_539_cov_1023.604545	317	397	1653	1	80	0.0125000
NODE_33503_length_539_cov_1023.604545	317	397	1655	1	80	0.0125000
NODE_33503_length_539_cov_1023.604545	317	397	1657	1	80	0.0125000
NODE_33503_length_539_cov_1023.604545	317	397	1669	1	80	0.0125000
NODE_33503_length_539_cov_1023.604545	317	397	1673	1	80	0.0125000
NODE_33503_length_539_cov_1023.604545	317	397	1682	1	80	0.0125000
NODE_33503_length_539_cov_1023.604545	317	397	1686	1	80	0.0125000
NODE_33503_length_539_cov_1023.604545	317	397	1693	1	80	0.0125000
NODE_33503_length_539_cov_1023.604545	317	397	1696	2	80	0.0250000
NODE_33503_length_539_cov_1023.604545	317	397	1700	1	80	0.0125000
NODE_33503_length_539_cov_1023.604545	317	397	1701	1	80	0.0125000
NODE_33503_length_539_cov_1023.604545	317	397	1707	1	80	0.0125000
NODE_33503_length_539_cov_1023.604545	317	397	1716	1	80	0.0125000
NODE_33503_length_539_cov_1023.604545	317	397	1721	1	80	0.0125000
NODE_33503_length_539_cov_1023.604545	317	397	1731	1	80	0.0125000
NODE_33503_length_539_cov_1023.604545	317	397	1739	2	80	0.0250000
NODE_33503_length_539_cov_1023.604545	317	397	1745	1	80	0.0125000
NODE_33503_length_539_cov_1023.604545	317	397	1746	1	80	0.0125000
NODE_33503_length_539_cov_1023.604545	317	397	1757	1	80	0.0125000
NODE_33503_length_539_cov_1023.604545	317	397	1762	1	80	0.0125000
NODE_33503_length_539_cov_1023.604545	317	397	1773	1	80	0.0125000
NODE_33503_length_539_cov_1023.604545	317	397	1777	3	80	0.0375000
NODE_33503_length_539_cov_1023.604545	317	397	1778	1	80	0.0125000
NODE_33503_length_539_cov_1023.604545	317	397	1784	1	80	0.0125000
NODE_33503_length_539_cov_1023.604545	317	397	1787	1	80	0.0125000
NODE_33503_length_539_cov_1023.604545	317	397	1789	1	80	0.0125000
NODE_33503_length_539_cov_1023.604545	317	397	1796	1	80	0.0125000
NODE_33503_length_539_cov_1023.604545	317	397	1798	1	80	0.0125000
NODE_33503_length_539_cov_1023.604545	317	397	1800	1	80	0.0125000
NODE_33503_length_539_cov_1023.604545	317	397	1809	1	80	0.0125000
NODE_33503_length_539_cov_1023.604545	317	397	1811	1	80	0.0125000
NODE_33503_length_539_cov_1023.604545	317	397	1816	1	80	0.0125000
NODE_33503_length_539_cov_1023.604545	317	397	1818	2	80	0.0250000
NODE_33503_length_539_cov_1023.604545	317	397	1820	2	80	0.0250000
NODE_33503_length_539_cov_1023.604545	317	397	1822	2	80	0.0250000
NODE_33503_length_539_cov_1023.604545	317	397	1823	3	80	0.0375000
NODE_33503_length_539_cov_1023.604545	317	397	1824	1	80	0.0125000
NODE_33503_length_539_cov_1023.604545	317	397	1825	2	80	0.0250000
NODE_33503_length_539_cov_1023.604545	317	397	1826	1	80	0.0125000
NODE_33503_length_539_cov_1023.604545	317	397	1828	2	80	0.0250000
NODE_33503_length_539_cov_1023.604545	317	397	1829	1	80	0.0125000
NODE_33503_length_539_cov_1023.604545	317	397	1831	1	80	0.0125000
NODE_33503_length_539_cov_1023.604545	317	397	1833	1	80	0.0125000
NODE_33503_length_539_cov_1023.604545	317	397	1834	2	80	0.0250000
NODE_33503_length_539_cov_1023.604545	317	397	1837	1	80	0.0125000
NODE_33503_length_539_cov_1023.604545	317	397	1840	1	80	0.0125000
NODE_33504_length_539_cov_99.579545	478	539	2	22	61	0.3606557
NODE_33504_length_539_cov_99.579545	478	539	4	24	61	0.3934426
NODE_33504_length_539_cov_99.579545	478	539	6	15	61	0.2459016
NODE_33505_length_539_cov_15.247727	217	297	0	80	80	1.0000000
NODE_33505_length_539_cov_15.247727	270	350	0	80	80	1.0000000
NODE_33506_length_539_cov_14.172727	278	350	0	25	72	0.3472222
NODE_33506_length_539_cov_14.172727	278	350	2	47	72	0.6527778
NODE_33507_length_539_cov_13.154545	118	198	4	71	80	0.8875000
NODE_33507_length_539_cov_13.154545	118	198	6	9	80	0.1125000
NODE_33507_length_539_cov_13.154545	171	251	2	30	80	0.3750000
NODE_33507_length_539_cov_13.154545	171	251	4	18	80	0.2250000
NODE_33507_length_539_cov_13.154545	171	251	6	32	80	0.4000000
NODE_33508_length_539_cov_10.811364	48	128	16	9	80	0.1125000
NODE_33508_length_539_cov_10.811364	48	128	18	71	80	0.8875000
NODE_33508_length_539_cov_10.811364	101	181	0	34	80	0.4250000
NODE_33508_length_539_cov_10.811364	101	181	9	12	80	0.1500000
NODE_33508_length_539_cov_10.811364	101	181	10	1	80	0.0125000
NODE_33508_length_539_cov_10.811364	101	181	16	15	80	0.1875000
NODE_33508_length_539_cov_10.811364	101	181	18	18	80	0.2250000
NODE_33509_length_539_cov_9.563636	201	277	0	76	76	1.0000000
NODE_33510_length_539_cov_7.934091	311	369	0	16	58	0.2758621
NODE_33510_length_539_cov_7.934091	311	369	2	42	58	0.7241379
NODE_33510_length_539_cov_7.934091	342	422	2	80	80	1.0000000
NODE_33517_length_539_cov_5.740909	251	319	0	32	68	0.4705882
NODE_33517_length_539_cov_5.740909	251	319	2	36	68	0.5294118
NODE_33517_length_539_cov_5.740909	301	372	2	71	71	1.0000000
NODE_33533_length_539_cov_3.627273	80	157	0	77	77	1.0000000
NODE_33533_length_539_cov_3.627273	130	175	0	45	45	1.0000000
NODE_33569_length_539_cov_2.143182	325	371	0	46	46	1.0000000
NODE_33595_length_539_cov_1.618182	408	456	0	48	48	1.0000000
NODE_33623_length_539_cov_1.129545	97	134	0	37	37	1.0000000
NODE_33669_length_538_cov_23.193622	171	256	0	85	85	1.0000000
NODE_33669_length_538_cov_23.193622	225	305	0	80	80	1.0000000
NODE_33672_length_538_cov_7.378132	145	225	7	5	80	0.0625000
NODE_33672_length_538_cov_7.378132	145	225	17	17	80	0.2125000
NODE_33672_length_538_cov_7.378132	145	225	19	33	80	0.4125000
NODE_33672_length_538_cov_7.378132	145	225	20	25	80	0.3125000
NODE_33672_length_538_cov_7.378132	198	278	2	16	80	0.2000000
NODE_33672_length_538_cov_7.378132	198	278	6	10	80	0.1250000
NODE_33672_length_538_cov_7.378132	198	278	8	13	80	0.1625000
NODE_33672_length_538_cov_7.378132	198	278	10	5	80	0.0625000
NODE_33672_length_538_cov_7.378132	198	278	19	3	80	0.0375000
NODE_33672_length_538_cov_7.378132	198	278	20	33	80	0.4125000
NODE_33683_length_538_cov_4.496583	277	357	0	80	80	1.0000000
NODE_33683_length_538_cov_4.496583	330	410	0	80	80	1.0000000
NODE_33687_length_538_cov_3.753986	251	309	4	58	58	1.0000000
NODE_33713_length_538_cov_2.239180	256	338	0	14	82	0.1707317
NODE_33713_length_538_cov_2.239180	256	338	2	8	82	0.0975610
NODE_33713_length_538_cov_2.239180	256	338	4	28	82	0.3414634
NODE_33713_length_538_cov_2.239180	256	338	6	32	82	0.3902439
NODE_33814_length_538_cov_0.822323	397	477	2	19	80	0.2375000
NODE_33814_length_538_cov_0.822323	397	477	4	2	80	0.0250000
NODE_33814_length_538_cov_0.822323	397	477	6	59	80	0.7375000
NODE_33852_length_537_cov_13.031963	258	309	0	51	51	1.0000000
NODE_33854_length_537_cov_9.552511	198	278	0	26	80	0.3250000
NODE_33854_length_537_cov_9.552511	198	278	2	11	80	0.1375000
NODE_33854_length_537_cov_9.552511	198	278	4	43	80	0.5375000
NODE_33854_length_537_cov_9.552511	251	332	4	81	81	1.0000000
NODE_33960_length_537_cov_1.244292	107	187	4	4	80	0.0500000
NODE_33960_length_537_cov_1.244292	107	187	8	7	80	0.0875000
NODE_33960_length_537_cov_1.244292	107	187	10	24	80	0.3000000
NODE_33960_length_537_cov_1.244292	107	187	16	14	80	0.1750000
NODE_33960_length_537_cov_1.244292	107	187	22	31	80	0.3875000
NODE_34029_length_536_cov_87.622426	430	462	121	2	32	0.0625000
NODE_34029_length_536_cov_87.622426	430	462	123	11	32	0.3437500
NODE_34029_length_536_cov_87.622426	430	462	125	12	32	0.3750000
NODE_34029_length_536_cov_87.622426	430	462	127	6	32	0.1875000
NODE_34029_length_536_cov_87.622426	430	462	129	1	32	0.0312500
NODE_34030_length_536_cov_11.629291	119	199	0	19	80	0.2375000
NODE_34030_length_536_cov_11.629291	119	199	2	61	80	0.7625000
NODE_34030_length_536_cov_11.629291	172	252	2	80	80	1.0000000
NODE_34032_length_536_cov_6.613272	286	372	4	15	86	0.1744186
NODE_34032_length_536_cov_6.613272	286	372	6	39	86	0.4534884
NODE_34032_length_536_cov_6.613272	286	372	8	32	86	0.3720930
NODE_34035_length_536_cov_5.810069	191	271	0	24	80	0.3000000
NODE_34035_length_536_cov_5.810069	191	271	2	56	80	0.7000000
NODE_34035_length_536_cov_5.810069	244	324	0	77	80	0.9625000
NODE_34035_length_536_cov_5.810069	244	324	2	3	80	0.0375000
NODE_34035_length_536_cov_5.810069	374	404	0	30	30	1.0000000
NODE_34039_length_536_cov_4.729977	202	245	2	2	43	0.0465116
NODE_34039_length_536_cov_4.729977	202	245	4	12	43	0.2790698
NODE_34039_length_536_cov_4.729977	202	245	6	29	43	0.6744186
NODE_34057_length_536_cov_3.297483	86	126	0	40	40	1.0000000
NODE_34068_length_536_cov_2.796339	223	280	0	57	57	1.0000000
NODE_34094_length_536_cov_1.956522	181	230	14	21	49	0.4285714
NODE_34094_length_536_cov_1.956522	181	230	16	11	49	0.2244898
NODE_34094_length_536_cov_1.956522	181	230	18	17	49	0.3469388
NODE_34095_length_536_cov_1.951945	203	284	6	3	81	0.0370370
NODE_34095_length_536_cov_1.951945	203	284	8	4	81	0.0493827
NODE_34095_length_536_cov_1.951945	203	284	11	37	81	0.4567901
NODE_34095_length_536_cov_1.951945	203	284	12	7	81	0.0864198
NODE_34095_length_536_cov_1.951945	203	284	14	30	81	0.3703704
NODE_34095_length_536_cov_1.951945	306	368	0	31	62	0.5000000
NODE_34095_length_536_cov_1.951945	306	368	2	31	62	0.5000000
NODE_34209_length_535_cov_32.277523	158	238	0	80	80	1.0000000
NODE_34209_length_535_cov_32.277523	211	291	0	80	80	1.0000000
NODE_34215_length_535_cov_5.910550	110	162	6	7	52	0.1346154
NODE_34215_length_535_cov_5.910550	110	162	14	7	52	0.1346154
NODE_34215_length_535_cov_5.910550	110	162	18	38	52	0.7307692
NODE_34229_length_535_cov_3.795872	217	297	11	5	80	0.0625000
NODE_34229_length_535_cov_3.795872	217	297	12	2	80	0.0250000
NODE_34229_length_535_cov_3.795872	217	297	14	18	80	0.2250000
NODE_34229_length_535_cov_3.795872	217	297	16	55	80	0.6875000
NODE_34375_length_534_cov_54.331034	435	498	0	59	63	0.9365079
NODE_34375_length_534_cov_54.331034	435	498	4	4	63	0.0634921
NODE_34375_length_534_cov_54.331034	471	534	0	63	63	1.0000000
NODE_34377_length_534_cov_15.462069	460	534	0	7	74	0.0945946
NODE_34377_length_534_cov_15.462069	460	534	2	67	74	0.9054054
NODE_34377_length_534_cov_15.462069	512	534	0	7	22	0.3181818
NODE_34377_length_534_cov_15.462069	512	534	2	15	22	0.6818182
NODE_34378_length_534_cov_10.308046	268	348	0	80	80	1.0000000
NODE_34378_length_534_cov_10.308046	321	401	0	80	80	1.0000000
NODE_34380_length_534_cov_9.041379	204	284	0	80	80	1.0000000
NODE_34380_length_534_cov_9.041379	257	332	0	29	75	0.3866667
NODE_34380_length_534_cov_9.041379	257	332	4	46	75	0.6133333
NODE_34383_length_534_cov_6.958621	273	303	0	30	30	1.0000000
NODE_34392_length_534_cov_5.022989	291	371	2	18	80	0.2250000
NODE_34392_length_534_cov_5.022989	291	371	18	17	80	0.2125000
NODE_34392_length_534_cov_5.022989	291	371	25	3	80	0.0375000
NODE_34392_length_534_cov_5.022989	291	371	29	21	80	0.2625000
NODE_34392_length_534_cov_5.022989	291	371	30	14	80	0.1750000
NODE_34392_length_534_cov_5.022989	291	371	32	7	80	0.0875000
NODE_34402_length_534_cov_3.873563	110	190	2	80	80	1.0000000
NODE_34409_length_534_cov_3.202299	221	301	4	11	80	0.1375000
NODE_34409_length_534_cov_3.202299	221	301	6	13	80	0.1625000
NODE_34409_length_534_cov_3.202299	221	301	8	18	80	0.2250000
NODE_34409_length_534_cov_3.202299	221	301	10	1	80	0.0125000
NODE_34409_length_534_cov_3.202299	221	301	12	13	80	0.1625000
NODE_34409_length_534_cov_3.202299	221	301	14	7	80	0.0875000
NODE_34409_length_534_cov_3.202299	221	301	16	17	80	0.2125000
NODE_34411_length_534_cov_3.158621	171	200	6	29	29	1.0000000
NODE_34418_length_534_cov_3.002299	175	219	2	44	44	1.0000000
NODE_34489_length_534_cov_1.344828	475	518	0	43	43	1.0000000
NODE_34494_length_534_cov_1.291954	273	336	2	3	63	0.0476190
NODE_34494_length_534_cov_1.291954	273	336	4	11	63	0.1746032
NODE_34494_length_534_cov_1.291954	273	336	6	49	63	0.7777778
NODE_34511_length_534_cov_1.160920	227	264	0	37	37	1.0000000
NODE_34570_length_533_cov_13.956221	216	296	0	49	80	0.6125000
NODE_34570_length_533_cov_13.956221	216	296	5	1	80	0.0125000
NODE_34570_length_533_cov_13.956221	216	296	6	30	80	0.3750000
NODE_34570_length_533_cov_13.956221	269	349	6	80	80	1.0000000
NODE_34575_length_533_cov_8.207373	244	322	0	78	78	1.0000000
NODE_34576_length_533_cov_8.023041	230	310	1	10	80	0.1250000
NODE_34576_length_533_cov_8.023041	230	310	2	70	80	0.8750000
NODE_34576_length_533_cov_8.023041	283	364	0	17	81	0.2098765
NODE_34576_length_533_cov_8.023041	283	364	1	47	81	0.5802469
NODE_34576_length_533_cov_8.023041	283	364	2	17	81	0.2098765
NODE_34585_length_533_cov_5.170507	308	369	0	61	61	1.0000000
NODE_34588_length_533_cov_4.988479	229	309	0	80	80	1.0000000
NODE_34588_length_533_cov_4.988479	282	362	0	80	80	1.0000000
NODE_34600_length_533_cov_3.638249	201	265	0	64	64	1.0000000
NODE_34603_length_533_cov_3.511521	138	218	0	49	80	0.6125000
NODE_34603_length_533_cov_3.511521	138	218	2	31	80	0.3875000
NODE_34615_length_533_cov_3.073733	294	340	0	46	46	1.0000000
NODE_34617_length_533_cov_3.052995	256	304	4	48	48	1.0000000
NODE_34631_length_533_cov_2.366359	229	311	0	27	82	0.3292683
NODE_34631_length_533_cov_2.366359	229	311	2	55	82	0.6707317
NODE_34635_length_533_cov_2.288018	468	490	0	22	22	1.0000000
NODE_34767_length_532_cov_73.279446	0	64	22	3	64	0.0468750
NODE_34767_length_532_cov_73.279446	0	64	25	1	64	0.0156250
NODE_34767_length_532_cov_73.279446	0	64	27	1	64	0.0156250
NODE_34767_length_532_cov_73.279446	0	64	34	1	64	0.0156250
NODE_34767_length_532_cov_73.279446	0	64	35	2	64	0.0312500
NODE_34767_length_532_cov_73.279446	0	64	39	1	64	0.0156250
NODE_34767_length_532_cov_73.279446	0	64	41	4	64	0.0625000
NODE_34767_length_532_cov_73.279446	0	64	43	1	64	0.0156250
NODE_34767_length_532_cov_73.279446	0	64	45	1	64	0.0156250
NODE_34767_length_532_cov_73.279446	0	64	47	2	64	0.0312500
NODE_34767_length_532_cov_73.279446	0	64	49	1	64	0.0156250
NODE_34767_length_532_cov_73.279446	0	64	51	5	64	0.0781250
NODE_34767_length_532_cov_73.279446	0	64	52	1	64	0.0156250
NODE_34767_length_532_cov_73.279446	0	64	53	5	64	0.0781250
NODE_34767_length_532_cov_73.279446	0	64	56	6	64	0.0937500
NODE_34767_length_532_cov_73.279446	0	64	60	5	64	0.0781250
NODE_34767_length_532_cov_73.279446	0	64	62	13	64	0.2031250
NODE_34767_length_532_cov_73.279446	0	64	63	3	64	0.0468750
NODE_34767_length_532_cov_73.279446	0	64	70	5	64	0.0781250
NODE_34767_length_532_cov_73.279446	0	64	72	3	64	0.0468750
NODE_34768_length_532_cov_23.055427	168	248	0	12	80	0.1500000
NODE_34768_length_532_cov_23.055427	168	248	2	68	80	0.8500000
NODE_34768_length_532_cov_23.055427	221	301	2	80	80	1.0000000
NODE_34769_length_532_cov_22.778291	256	336	8	6	80	0.0750000
NODE_34769_length_532_cov_22.778291	256	336	10	7	80	0.0875000
NODE_34769_length_532_cov_22.778291	256	336	11	7	80	0.0875000
NODE_34769_length_532_cov_22.778291	256	336	13	40	80	0.5000000
NODE_34769_length_532_cov_22.778291	256	336	14	20	80	0.2500000
NODE_34769_length_532_cov_22.778291	309	389	5	19	80	0.2375000
NODE_34769_length_532_cov_22.778291	309	389	7	4	80	0.0500000
NODE_34769_length_532_cov_22.778291	309	389	8	34	80	0.4250000
NODE_34769_length_532_cov_22.778291	309	389	9	2	80	0.0250000
NODE_34769_length_532_cov_22.778291	309	389	10	7	80	0.0875000
NODE_34769_length_532_cov_22.778291	309	389	14	14	80	0.1750000
NODE_34770_length_532_cov_13.279446	85	165	0	80	80	1.0000000
NODE_34770_length_532_cov_13.279446	138	218	0	80	80	1.0000000
NODE_34774_length_532_cov_7.591224	171	235	0	64	64	1.0000000
NODE_34774_length_532_cov_7.591224	172	235	0	63	63	1.0000000
NODE_34774_length_532_cov_7.591224	173	226	0	53	53	1.0000000
NODE_34774_length_532_cov_7.591224	173	228	0	55	55	1.0000000
NODE_34774_length_532_cov_7.591224	208	282	0	30	74	0.4054054
NODE_34774_length_532_cov_7.591224	208	282	2	44	74	0.5945946
NODE_34774_length_532_cov_7.591224	208	282	0	30	74	0.4054054
NODE_34774_length_532_cov_7.591224	208	282	2	44	74	0.5945946
NODE_34774_length_532_cov_7.591224	208	282	0	30	74	0.4054054
NODE_34774_length_532_cov_7.591224	208	282	2	44	74	0.5945946
NODE_34774_length_532_cov_7.591224	208	282	0	30	74	0.4054054
NODE_34774_length_532_cov_7.591224	208	282	2	44	74	0.5945946
NODE_34788_length_532_cov_4.524249	84	151	0	67	67	1.0000000
NODE_34788_length_532_cov_4.524249	137	218	0	81	81	1.0000000
NODE_34838_length_532_cov_1.866051	263	309	0	46	46	1.0000000
NODE_34845_length_532_cov_1.757506	126	146	0	20	20	1.0000000
NODE_34948_length_531_cov_35.539352	7	45	0	38	38	1.0000000
NODE_34948_length_531_cov_35.539352	18	98	0	80	80	1.0000000
NODE_34949_length_531_cov_13.162037	129	209	6	43	80	0.5375000
NODE_34949_length_531_cov_13.162037	129	209	8	12	80	0.1500000
NODE_34949_length_531_cov_13.162037	129	209	10	19	80	0.2375000
NODE_34949_length_531_cov_13.162037	129	209	12	6	80	0.0750000
NODE_34949_length_531_cov_13.162037	182	251	8	4	69	0.0579710
NODE_34949_length_531_cov_13.162037	182	251	10	19	69	0.2753623
NODE_34949_length_531_cov_13.162037	182	251	12	19	69	0.2753623
NODE_34949_length_531_cov_13.162037	182	251	14	27	69	0.3913043
NODE_34953_length_531_cov_6.821759	242	322	0	80	80	1.0000000
NODE_34953_length_531_cov_6.821759	295	375	0	80	80	1.0000000
NODE_34958_length_531_cov_5.261574	261	336	4	17	75	0.2266667
NODE_34958_length_531_cov_5.261574	261	336	6	15	75	0.2000000
NODE_34958_length_531_cov_5.261574	261	336	8	43	75	0.5733333
NODE_34958_length_531_cov_5.261574	309	362	6	35	53	0.6603774
NODE_34958_length_531_cov_5.261574	309	362	8	18	53	0.3396226
NODE_34963_length_531_cov_4.527778	177	255	0	78	78	1.0000000
NODE_34965_length_531_cov_4.319444	283	363	0	80	80	1.0000000
NODE_34965_length_531_cov_4.319444	336	416	0	80	80	1.0000000
NODE_34979_length_531_cov_3.488426	238	318	0	50	80	0.6250000
NODE_34979_length_531_cov_3.488426	238	318	2	30	80	0.3750000
NODE_34979_length_531_cov_3.488426	291	371	2	80	80	1.0000000
NODE_34980_length_531_cov_3.375000	153	207	4	1	54	0.0185185
NODE_34980_length_531_cov_3.375000	153	207	6	33	54	0.6111111
NODE_34980_length_531_cov_3.375000	153	207	7	1	54	0.0185185
NODE_34980_length_531_cov_3.375000	153	207	8	2	54	0.0370370
NODE_34980_length_531_cov_3.375000	153	207	10	17	54	0.3148148
NODE_34980_length_531_cov_3.375000	180	260	6	7	80	0.0875000
NODE_34980_length_531_cov_3.375000	180	260	7	1	80	0.0125000
NODE_34980_length_531_cov_3.375000	180	260	8	25	80	0.3125000
NODE_34980_length_531_cov_3.375000	180	260	9	4	80	0.0500000
NODE_34980_length_531_cov_3.375000	180	260	10	43	80	0.5375000
NODE_34986_length_531_cov_3.111111	243	323	4	80	80	1.0000000
NODE_34986_length_531_cov_3.111111	296	376	0	39	80	0.4875000
NODE_34986_length_531_cov_3.111111	296	376	1	1	80	0.0125000
NODE_34986_length_531_cov_3.111111	296	376	2	1	80	0.0125000
NODE_34986_length_531_cov_3.111111	296	376	4	39	80	0.4875000
NODE_35008_length_531_cov_2.201389	302	373	0	1	71	0.0140845
NODE_35008_length_531_cov_2.201389	302	373	2	70	71	0.9859155
NODE_35008_length_531_cov_2.201389	350	426	0	14	76	0.1842105
NODE_35008_length_531_cov_2.201389	350	426	2	62	76	0.8157895
NODE_35141_length_530_cov_30.605568	250	330	0	80	80	1.0000000
NODE_35141_length_530_cov_30.605568	303	383	0	80	80	1.0000000
NODE_35142_length_530_cov_16.937355	404	484	10	2	80	0.0250000
NODE_35142_length_530_cov_16.937355	404	484	11	4	80	0.0500000
NODE_35142_length_530_cov_16.937355	404	484	18	1	80	0.0125000
NODE_35142_length_530_cov_16.937355	404	484	20	1	80	0.0125000
NODE_35142_length_530_cov_16.937355	404	484	23	1	80	0.0125000
NODE_35142_length_530_cov_16.937355	404	484	24	1	80	0.0125000
NODE_35142_length_530_cov_16.937355	404	484	26	2	80	0.0250000
NODE_35142_length_530_cov_16.937355	404	484	32	1	80	0.0125000
NODE_35142_length_530_cov_16.937355	404	484	34	67	80	0.8375000
NODE_35142_length_530_cov_16.937355	457	530	0	1	73	0.0136986
NODE_35142_length_530_cov_16.937355	457	530	2	2	73	0.0273973
NODE_35142_length_530_cov_16.937355	457	530	9	2	73	0.0273973
NODE_35142_length_530_cov_16.937355	457	530	15	2	73	0.0273973
NODE_35142_length_530_cov_16.937355	457	530	17	1	73	0.0136986
NODE_35142_length_530_cov_16.937355	457	530	20	1	73	0.0136986
NODE_35142_length_530_cov_16.937355	457	530	22	2	73	0.0273973
NODE_35142_length_530_cov_16.937355	457	530	26	4	73	0.0547945
NODE_35142_length_530_cov_16.937355	457	530	28	4	73	0.0547945
NODE_35142_length_530_cov_16.937355	457	530	32	4	73	0.0547945
NODE_35142_length_530_cov_16.937355	457	530	34	50	73	0.6849315
NODE_35143_length_530_cov_9.902552	273	353	0	80	80	1.0000000
NODE_35143_length_530_cov_9.902552	326	406	0	80	80	1.0000000
NODE_35144_length_530_cov_7.928074	46	126	2	57	80	0.7125000
NODE_35144_length_530_cov_7.928074	46	126	4	23	80	0.2875000
NODE_35144_length_530_cov_7.928074	99	179	2	44	80	0.5500000
NODE_35144_length_530_cov_7.928074	99	179	4	36	80	0.4500000
NODE_35150_length_530_cov_4.647332	188	268	0	7	80	0.0875000
NODE_35150_length_530_cov_4.647332	188	268	4	73	80	0.9125000
NODE_35150_length_530_cov_4.647332	241	321	0	14	80	0.1750000
NODE_35150_length_530_cov_4.647332	241	321	4	66	80	0.8250000
NODE_35154_length_530_cov_4.389791	162	242	4	18	80	0.2250000
NODE_35154_length_530_cov_4.389791	162	242	6	62	80	0.7750000
NODE_35159_length_530_cov_4.046404	76	111	0	35	35	1.0000000
NODE_35319_length_529_cov_38.983721	140	220	10	37	80	0.4625000
NODE_35319_length_529_cov_38.983721	140	220	15	2	80	0.0250000
NODE_35319_length_529_cov_38.983721	140	220	16	7	80	0.0875000
NODE_35319_length_529_cov_38.983721	140	220	18	6	80	0.0750000
NODE_35319_length_529_cov_38.983721	140	220	19	5	80	0.0625000
NODE_35319_length_529_cov_38.983721	140	220	20	23	80	0.2875000
NODE_35320_length_529_cov_18.223256	189	269	2	80	80	1.0000000
NODE_35320_length_529_cov_18.223256	242	322	0	46	80	0.5750000
NODE_35320_length_529_cov_18.223256	242	322	2	34	80	0.4250000
NODE_35321_length_529_cov_17.009302	358	438	0	7	80	0.0875000
NODE_35321_length_529_cov_17.009302	358	438	4	31	80	0.3875000
NODE_35321_length_529_cov_17.009302	358	438	6	42	80	0.5250000
NODE_35321_length_529_cov_17.009302	411	491	0	60	80	0.7500000
NODE_35321_length_529_cov_17.009302	411	491	4	20	80	0.2500000
NODE_35331_length_529_cov_6.195349	211	291	1	15	80	0.1875000
NODE_35331_length_529_cov_6.195349	211	291	2	65	80	0.8125000
NODE_35331_length_529_cov_6.195349	264	322	2	58	58	1.0000000
NODE_35336_length_529_cov_5.176744	139	207	0	68	68	1.0000000
NODE_35336_length_529_cov_5.176744	185	260	0	75	75	1.0000000
NODE_35364_length_529_cov_2.883721	223	281	24	4	58	0.0689655
NODE_35364_length_529_cov_2.883721	223	281	25	6	58	0.1034483
NODE_35364_length_529_cov_2.883721	223	281	26	11	58	0.1896552
NODE_35364_length_529_cov_2.883721	223	281	29	18	58	0.3103448
NODE_35364_length_529_cov_2.883721	223	281	31	12	58	0.2068966
NODE_35364_length_529_cov_2.883721	223	281	32	7	58	0.1206897
NODE_35374_length_529_cov_2.660465	89	168	0	79	79	1.0000000
NODE_35375_length_529_cov_2.595349	278	321	0	43	43	1.0000000
NODE_35384_length_529_cov_2.272093	247	313	0	66	66	1.0000000
NODE_35427_length_529_cov_1.597674	289	332	0	43	43	1.0000000
NODE_35521_length_528_cov_25.808858	233	313	2	44	80	0.5500000
NODE_35521_length_528_cov_25.808858	233	313	4	36	80	0.4500000
NODE_35521_length_528_cov_25.808858	286	366	0	51	80	0.6375000
NODE_35521_length_528_cov_25.808858	286	366	2	29	80	0.3625000
NODE_35522_length_528_cov_17.331002	219	299	2	18	80	0.2250000
NODE_35522_length_528_cov_17.331002	219	299	4	62	80	0.7750000
NODE_35522_length_528_cov_17.331002	272	352	0	39	80	0.4875000
NODE_35522_length_528_cov_17.331002	272	352	2	26	80	0.3250000
NODE_35522_length_528_cov_17.331002	272	352	4	15	80	0.1875000
NODE_35523_length_528_cov_16.165501	262	342	0	80	80	1.0000000
NODE_35523_length_528_cov_16.165501	315	395	0	80	80	1.0000000
NODE_35529_length_528_cov_5.776224	204	284	0	80	80	1.0000000
NODE_35529_length_528_cov_5.776224	257	337	0	80	80	1.0000000
NODE_35542_length_528_cov_4.016317	235	315	0	80	80	1.0000000
NODE_35542_length_528_cov_4.016317	288	368	0	80	80	1.0000000
NODE_35545_length_528_cov_3.799534	144	192	0	48	48	1.0000000
NODE_35561_length_528_cov_2.902098	252	305	2	8	53	0.1509434
NODE_35561_length_528_cov_2.902098	252	305	6	18	53	0.3396226
NODE_35561_length_528_cov_2.902098	252	305	8	27	53	0.5094340
NODE_35575_length_528_cov_2.324009	137	188	0	11	51	0.2156863
NODE_35575_length_528_cov_2.324009	137	188	2	40	51	0.7843137
NODE_35575_length_528_cov_2.324009	161	241	2	61	80	0.7625000
NODE_35575_length_528_cov_2.324009	161	241	4	19	80	0.2375000
NODE_35597_length_528_cov_1.755245	268	348	0	26	80	0.3250000
NODE_35597_length_528_cov_1.755245	268	348	2	54	80	0.6750000
NODE_35597_length_528_cov_1.755245	321	401	2	80	80	1.0000000
NODE_35687_length_527_cov_19.247664	306	386	0	45	80	0.5625000
NODE_35687_length_527_cov_19.247664	306	386	2	35	80	0.4375000
NODE_35687_length_527_cov_19.247664	359	439	2	80	80	1.0000000
NODE_35688_length_527_cov_15.974299	250	349	0	71	99	0.7171717
NODE_35688_length_527_cov_15.974299	250	349	2	28	99	0.2828283
NODE_35688_length_527_cov_15.974299	322	402	2	80	80	1.0000000
NODE_35691_length_527_cov_8.221963	235	315	0	68	80	0.8500000
NODE_35691_length_527_cov_8.221963	235	315	2	4	80	0.0500000
NODE_35691_length_527_cov_8.221963	235	315	4	8	80	0.1000000
NODE_35691_length_527_cov_8.221963	288	368	0	15	80	0.1875000
NODE_35691_length_527_cov_8.221963	288	368	2	4	80	0.0500000
NODE_35691_length_527_cov_8.221963	288	368	4	61	80	0.7625000
NODE_35693_length_527_cov_7.200935	190	270	0	80	80	1.0000000
NODE_35693_length_527_cov_7.200935	243	346	0	103	103	1.0000000
NODE_35693_length_527_cov_7.200935	342	422	0	6	80	0.0750000
NODE_35693_length_527_cov_7.200935	342	422	2	74	80	0.9250000
NODE_35693_length_527_cov_7.200935	395	475	0	19	80	0.2375000
NODE_35693_length_527_cov_7.200935	395	475	2	61	80	0.7625000
NODE_35696_length_527_cov_6.862150	279	359	0	80	80	1.0000000
NODE_35697_length_527_cov_6.046729	155	235	0	12	80	0.1500000
NODE_35697_length_527_cov_6.046729	155	235	2	25	80	0.3125000
NODE_35697_length_527_cov_6.046729	155	235	3	21	80	0.2625000
NODE_35697_length_527_cov_6.046729	155	235	4	22	80	0.2750000
NODE_35697_length_527_cov_6.046729	208	288	2	34	80	0.4250000
NODE_35697_length_527_cov_6.046729	208	288	3	5	80	0.0625000
NODE_35697_length_527_cov_6.046729	208	288	4	41	80	0.5125000
NODE_35736_length_527_cov_2.238318	226	306	0	17	80	0.2125000
NODE_35736_length_527_cov_2.238318	226	306	2	40	80	0.5000000
NODE_35736_length_527_cov_2.238318	226	306	6	23	80	0.2875000
NODE_35858_length_526_cov_50.866511	169	242	3	9	73	0.1232877
NODE_35858_length_526_cov_50.866511	169	242	6	64	73	0.8767123
NODE_35858_length_526_cov_50.866511	215	295	6	45	80	0.5625000
NODE_35858_length_526_cov_50.866511	215	295	10	35	80	0.4375000
NODE_35858_length_526_cov_50.866511	291	371	3	5	80	0.0625000
NODE_35858_length_526_cov_50.866511	291	371	4	38	80	0.4750000
NODE_35858_length_526_cov_50.866511	291	371	7	23	80	0.2875000
NODE_35858_length_526_cov_50.866511	291	371	10	14	80	0.1750000
NODE_35858_length_526_cov_50.866511	344	424	2	36	80	0.4500000
NODE_35858_length_526_cov_50.866511	344	424	3	9	80	0.1125000
NODE_35858_length_526_cov_50.866511	344	424	4	22	80	0.2750000
NODE_35858_length_526_cov_50.866511	344	424	5	13	80	0.1625000
NODE_35860_length_526_cov_26.395785	315	395	0	11	80	0.1375000
NODE_35860_length_526_cov_26.395785	315	395	2	7	80	0.0875000
NODE_35860_length_526_cov_26.395785	315	395	4	62	80	0.7750000
NODE_35860_length_526_cov_26.395785	368	448	4	80	80	1.0000000
NODE_35861_length_526_cov_16.611241	305	385	0	54	80	0.6750000
NODE_35861_length_526_cov_16.611241	305	385	2	26	80	0.3250000
NODE_35861_length_526_cov_16.611241	358	438	0	25	80	0.3125000
NODE_35861_length_526_cov_16.611241	358	438	2	55	80	0.6875000
NODE_35866_length_526_cov_6.215457	303	351	0	48	48	1.0000000
NODE_35877_length_526_cov_3.936768	118	142	0	24	24	1.0000000
NODE_35877_length_526_cov_3.936768	118	163	0	45	45	1.0000000
NODE_35901_length_526_cov_2.466042	138	184	0	46	46	1.0000000
NODE_36055_length_525_cov_33.910798	98	178	0	6	80	0.0750000
NODE_36055_length_525_cov_33.910798	98	178	1	14	80	0.1750000
NODE_36055_length_525_cov_33.910798	98	178	2	5	80	0.0625000
NODE_36055_length_525_cov_33.910798	98	178	4	1	80	0.0125000
NODE_36055_length_525_cov_33.910798	98	178	5	1	80	0.0125000
NODE_36055_length_525_cov_33.910798	98	178	13	1	80	0.0125000
NODE_36055_length_525_cov_33.910798	98	178	14	3	80	0.0375000
NODE_36055_length_525_cov_33.910798	98	178	18	17	80	0.2125000
NODE_36055_length_525_cov_33.910798	98	178	20	32	80	0.4000000
NODE_36055_length_525_cov_33.910798	151	231	0	6	80	0.0750000
NODE_36055_length_525_cov_33.910798	151	231	1	14	80	0.1750000
NODE_36055_length_525_cov_33.910798	151	231	2	58	80	0.7250000
NODE_36055_length_525_cov_33.910798	151	231	4	1	80	0.0125000
NODE_36055_length_525_cov_33.910798	151	231	5	1	80	0.0125000
NODE_36055_length_525_cov_33.910798	159	231	1	14	72	0.1944444
NODE_36055_length_525_cov_33.910798	159	231	2	58	72	0.8055556
NODE_36058_length_525_cov_8.788732	175	255	0	80	80	1.0000000
NODE_36058_length_525_cov_8.788732	228	308	0	80	80	1.0000000
NODE_36059_length_525_cov_7.880282	242	285	2	15	43	0.3488372
NODE_36059_length_525_cov_7.880282	242	285	4	28	43	0.6511628
NODE_36098_length_525_cov_2.417840	229	306	0	2	77	0.0259740
NODE_36098_length_525_cov_2.417840	229	306	2	75	77	0.9740260
NODE_36230_length_524_cov_21.649412	262	342	0	80	80	1.0000000
NODE_36230_length_524_cov_21.649412	315	395	0	80	80	1.0000000
NODE_36231_length_524_cov_14.131765	136	201	0	65	65	1.0000000
NODE_36232_length_524_cov_10.392941	237	317	2	25	80	0.3125000
NODE_36232_length_524_cov_10.392941	237	317	4	55	80	0.6875000
NODE_36232_length_524_cov_10.392941	290	370	0	2	80	0.0250000
NODE_36232_length_524_cov_10.392941	290	370	2	7	80	0.0875000
NODE_36232_length_524_cov_10.392941	290	370	4	71	80	0.8875000
NODE_36262_length_524_cov_3.221176	195	272	0	77	77	1.0000000
NODE_36262_length_524_cov_3.221176	253	324	0	71	71	1.0000000
NODE_36264_length_524_cov_3.148235	317	397	0	80	80	1.0000000
NODE_36410_length_523_cov_113.438679	0	48	6	1	48	0.0208333
NODE_36410_length_523_cov_113.438679	0	48	8	4	48	0.0833333
NODE_36410_length_523_cov_113.438679	0	48	10	1	48	0.0208333
NODE_36410_length_523_cov_113.438679	0	48	14	5	48	0.1041667
NODE_36410_length_523_cov_113.438679	0	48	17	8	48	0.1666667
NODE_36410_length_523_cov_113.438679	0	48	19	25	48	0.5208333
NODE_36410_length_523_cov_113.438679	0	48	20	4	48	0.0833333
NODE_36410_length_523_cov_113.438679	14	69	17	5	55	0.0909091
NODE_36410_length_523_cov_113.438679	14	69	19	25	55	0.4545455
NODE_36410_length_523_cov_113.438679	14	69	20	10	55	0.1818182
NODE_36410_length_523_cov_113.438679	14	69	24	1	55	0.0181818
NODE_36410_length_523_cov_113.438679	14	69	25	2	55	0.0363636
NODE_36410_length_523_cov_113.438679	14	69	27	7	55	0.1272727
NODE_36410_length_523_cov_113.438679	14	69	29	5	55	0.0909091
NODE_36410_length_523_cov_113.438679	25	101	19	19	76	0.2500000
NODE_36410_length_523_cov_113.438679	25	101	20	10	76	0.1315790
NODE_36410_length_523_cov_113.438679	25	101	24	1	76	0.0131579
NODE_36410_length_523_cov_113.438679	25	101	25	2	76	0.0263158
NODE_36410_length_523_cov_113.438679	25	101	27	7	76	0.0921053
NODE_36410_length_523_cov_113.438679	25	101	29	6	76	0.0789474
NODE_36410_length_523_cov_113.438679	25	101	31	2	76	0.0263158
NODE_36410_length_523_cov_113.438679	25	101	32	1	76	0.0131579
NODE_36410_length_523_cov_113.438679	25	101	34	7	76	0.0921053
NODE_36410_length_523_cov_113.438679	25	101	36	5	76	0.0657895
NODE_36410_length_523_cov_113.438679	25	101	37	1	76	0.0131579
NODE_36410_length_523_cov_113.438679	25	101	39	1	76	0.0131579
NODE_36410_length_523_cov_113.438679	25	101	40	1	76	0.0131579
NODE_36410_length_523_cov_113.438679	25	101	42	1	76	0.0131579
NODE_36410_length_523_cov_113.438679	25	101	44	5	76	0.0657895
NODE_36410_length_523_cov_113.438679	25	101	46	2	76	0.0263158
NODE_36410_length_523_cov_113.438679	25	101	47	1	76	0.0131579
NODE_36410_length_523_cov_113.438679	25	101	49	4	76	0.0526316
NODE_36410_length_523_cov_113.438679	105	181	49	1	76	0.0131579
NODE_36410_length_523_cov_113.438679	105	181	56	1	76	0.0131579
NODE_36410_length_523_cov_113.438679	105	181	61	1	76	0.0131579
NODE_36410_length_523_cov_113.438679	105	181	72	1	76	0.0131579
NODE_36410_length_523_cov_113.438679	105	181	74	2	76	0.0263158
NODE_36410_length_523_cov_113.438679	105	181	80	1	76	0.0131579
NODE_36410_length_523_cov_113.438679	105	181	85	1	76	0.0131579
NODE_36410_length_523_cov_113.438679	105	181	86	3	76	0.0394737
NODE_36410_length_523_cov_113.438679	105	181	88	1	76	0.0131579
NODE_36410_length_523_cov_113.438679	105	181	90	1	76	0.0131579
NODE_36410_length_523_cov_113.438679	105	181	92	1	76	0.0131579
NODE_36410_length_523_cov_113.438679	105	181	93	1	76	0.0131579
NODE_36410_length_523_cov_113.438679	105	181	98	2	76	0.0263158
NODE_36410_length_523_cov_113.438679	105	181	100	1	76	0.0131579
NODE_36410_length_523_cov_113.438679	105	181	102	1	76	0.0131579
NODE_36410_length_523_cov_113.438679	105	181	104	1	76	0.0131579
NODE_36410_length_523_cov_113.438679	105	181	112	2	76	0.0263158
NODE_36410_length_523_cov_113.438679	105	181	118	1	76	0.0131579
NODE_36410_length_523_cov_113.438679	105	181	120	1	76	0.0131579
NODE_36410_length_523_cov_113.438679	105	181	124	1	76	0.0131579
NODE_36410_length_523_cov_113.438679	105	181	133	1	76	0.0131579
NODE_36410_length_523_cov_113.438679	105	181	142	1	76	0.0131579
NODE_36410_length_523_cov_113.438679	105	181	147	1	76	0.0131579
NODE_36410_length_523_cov_113.438679	105	181	151	1	76	0.0131579
NODE_36410_length_523_cov_113.438679	105	181	156	1	76	0.0131579
NODE_36410_length_523_cov_113.438679	105	181	161	1	76	0.0131579
NODE_36410_length_523_cov_113.438679	105	181	167	3	76	0.0394737
NODE_36410_length_523_cov_113.438679	105	181	172	1	76	0.0131579
NODE_36410_length_523_cov_113.438679	105	181	179	2	76	0.0263158
NODE_36410_length_523_cov_113.438679	105	181	183	1	76	0.0131579
NODE_36410_length_523_cov_113.438679	105	181	184	1	76	0.0131579
NODE_36410_length_523_cov_113.438679	105	181	186	1	76	0.0131579
NODE_36410_length_523_cov_113.438679	105	181	194	1	76	0.0131579
NODE_36410_length_523_cov_113.438679	105	181	196	2	76	0.0263158
NODE_36410_length_523_cov_113.438679	105	181	198	2	76	0.0263158
NODE_36410_length_523_cov_113.438679	105	181	200	1	76	0.0131579
NODE_36410_length_523_cov_113.438679	105	181	202	2	76	0.0263158
NODE_36410_length_523_cov_113.438679	105	181	205	1	76	0.0131579
NODE_36410_length_523_cov_113.438679	105	181	207	1	76	0.0131579
NODE_36410_length_523_cov_113.438679	105	181	211	1	76	0.0131579
NODE_36410_length_523_cov_113.438679	105	181	215	3	76	0.0394737
NODE_36410_length_523_cov_113.438679	105	181	217	1	76	0.0131579
NODE_36410_length_523_cov_113.438679	105	181	218	4	76	0.0526316
NODE_36410_length_523_cov_113.438679	105	181	220	2	76	0.0263158
NODE_36410_length_523_cov_113.438679	105	181	221	1	76	0.0131579
NODE_36410_length_523_cov_113.438679	105	181	222	1	76	0.0131579
NODE_36410_length_523_cov_113.438679	105	181	224	1	76	0.0131579
NODE_36410_length_523_cov_113.438679	105	181	228	2	76	0.0263158
NODE_36410_length_523_cov_113.438679	105	181	229	5	76	0.0657895
NODE_36410_length_523_cov_113.438679	105	181	231	1	76	0.0131579
NODE_36410_length_523_cov_113.438679	105	181	232	2	76	0.0263158
NODE_36410_length_523_cov_113.438679	105	181	234	1	76	0.0131579
NODE_36410_length_523_cov_113.438679	105	181	237	1	76	0.0131579
NODE_36410_length_523_cov_113.438679	154	234	175	2	80	0.0250000
NODE_36410_length_523_cov_113.438679	154	234	179	1	80	0.0125000
NODE_36410_length_523_cov_113.438679	154	234	181	1	80	0.0125000
NODE_36410_length_523_cov_113.438679	154	234	183	1	80	0.0125000
NODE_36410_length_523_cov_113.438679	154	234	185	1	80	0.0125000
NODE_36410_length_523_cov_113.438679	154	234	191	1	80	0.0125000
NODE_36410_length_523_cov_113.438679	154	234	201	1	80	0.0125000
NODE_36410_length_523_cov_113.438679	154	234	203	1	80	0.0125000
NODE_36410_length_523_cov_113.438679	154	234	205	1	80	0.0125000
NODE_36410_length_523_cov_113.438679	154	234	207	2	80	0.0250000
NODE_36410_length_523_cov_113.438679	154	234	208	1	80	0.0125000
NODE_36410_length_523_cov_113.438679	154	234	209	1	80	0.0125000
NODE_36410_length_523_cov_113.438679	154	234	210	1	80	0.0125000
NODE_36410_length_523_cov_113.438679	154	234	211	1	80	0.0125000
NODE_36410_length_523_cov_113.438679	154	234	213	1	80	0.0125000
NODE_36410_length_523_cov_113.438679	154	234	215	3	80	0.0375000
NODE_36410_length_523_cov_113.438679	154	234	217	2	80	0.0250000
NODE_36410_length_523_cov_113.438679	154	234	218	4	80	0.0500000
NODE_36410_length_523_cov_113.438679	154	234	220	2	80	0.0250000
NODE_36410_length_523_cov_113.438679	154	234	221	1	80	0.0125000
NODE_36410_length_523_cov_113.438679	154	234	222	1	80	0.0125000
NODE_36410_length_523_cov_113.438679	154	234	224	2	80	0.0250000
NODE_36410_length_523_cov_113.438679	154	234	225	1	80	0.0125000
NODE_36410_length_523_cov_113.438679	154	234	228	4	80	0.0500000
NODE_36410_length_523_cov_113.438679	154	234	229	5	80	0.0625000
NODE_36410_length_523_cov_113.438679	154	234	230	1	80	0.0125000
NODE_36410_length_523_cov_113.438679	154	234	231	1	80	0.0125000
NODE_36410_length_523_cov_113.438679	154	234	232	2	80	0.0250000
NODE_36410_length_523_cov_113.438679	154	234	233	1	80	0.0125000
NODE_36410_length_523_cov_113.438679	154	234	234	2	80	0.0250000
NODE_36410_length_523_cov_113.438679	154	234	235	1	80	0.0125000
NODE_36410_length_523_cov_113.438679	154	234	236	2	80	0.0250000
NODE_36410_length_523_cov_113.438679	154	234	237	5	80	0.0625000
NODE_36410_length_523_cov_113.438679	154	234	239	5	80	0.0625000
NODE_36410_length_523_cov_113.438679	154	234	241	12	80	0.1500000
NODE_36410_length_523_cov_113.438679	154	234	242	3	80	0.0375000
NODE_36410_length_523_cov_113.438679	154	234	243	3	80	0.0375000
NODE_36410_length_523_cov_113.438679	312	355	83	2	43	0.0465116
NODE_36410_length_523_cov_113.438679	312	355	86	4	43	0.0930233
NODE_36410_length_523_cov_113.438679	312	355	87	4	43	0.0930233
NODE_36410_length_523_cov_113.438679	312	355	88	2	43	0.0465116
NODE_36410_length_523_cov_113.438679	312	355	89	12	43	0.2790698
NODE_36410_length_523_cov_113.438679	312	355	90	2	43	0.0465116
NODE_36410_length_523_cov_113.438679	312	355	91	1	43	0.0232558
NODE_36410_length_523_cov_113.438679	312	355	93	5	43	0.1162791
NODE_36410_length_523_cov_113.438679	312	355	94	8	43	0.1860465
NODE_36410_length_523_cov_113.438679	312	355	95	2	43	0.0465116
NODE_36410_length_523_cov_113.438679	312	355	97	1	43	0.0232558
NODE_36412_length_523_cov_64.695755	35	115	0	80	80	1.0000000
NODE_36412_length_523_cov_64.695755	88	168	0	80	80	1.0000000
NODE_36414_length_523_cov_20.724057	235	315	0	80	80	1.0000000
NODE_36414_length_523_cov_20.724057	288	368	0	80	80	1.0000000
NODE_36415_length_523_cov_18.500000	164	244	0	65	80	0.8125000
NODE_36415_length_523_cov_18.500000	164	244	2	15	80	0.1875000
NODE_36415_length_523_cov_18.500000	217	297	0	12	80	0.1500000
NODE_36415_length_523_cov_18.500000	217	297	2	68	80	0.8500000
NODE_36416_length_523_cov_15.216981	62	142	4	39	80	0.4875000
NODE_36416_length_523_cov_15.216981	62	142	10	41	80	0.5125000
NODE_36416_length_523_cov_15.216981	115	195	6	3	80	0.0375000
NODE_36416_length_523_cov_15.216981	115	195	8	34	80	0.4250000
NODE_36416_length_523_cov_15.216981	115	195	10	43	80	0.5375000
NODE_36417_length_523_cov_10.575472	157	183	0	1	26	0.0384615
NODE_36417_length_523_cov_10.575472	157	183	2	25	26	0.9615384
NODE_36418_length_523_cov_9.962264	212	292	0	80	80	1.0000000
NODE_36418_length_523_cov_9.962264	265	345	0	80	80	1.0000000
NODE_36427_length_523_cov_4.943396	108	188	2	12	80	0.1500000
NODE_36427_length_523_cov_4.943396	108	188	4	12	80	0.1500000
NODE_36427_length_523_cov_4.943396	108	188	6	6	80	0.0750000
NODE_36427_length_523_cov_4.943396	108	188	8	2	80	0.0250000
NODE_36427_length_523_cov_4.943396	108	188	10	1	80	0.0125000
NODE_36427_length_523_cov_4.943396	108	188	12	42	80	0.5250000
NODE_36427_length_523_cov_4.943396	108	188	14	5	80	0.0625000
NODE_36427_length_523_cov_4.943396	161	241	6	4	80	0.0500000
NODE_36427_length_523_cov_4.943396	161	241	7	1	80	0.0125000
NODE_36427_length_523_cov_4.943396	161	241	8	11	80	0.1375000
NODE_36427_length_523_cov_4.943396	161	241	9	1	80	0.0125000
NODE_36427_length_523_cov_4.943396	161	241	12	34	80	0.4250000
NODE_36427_length_523_cov_4.943396	161	241	14	29	80	0.3625000
NODE_36429_length_523_cov_4.787736	110	141	6	12	31	0.3870968
NODE_36429_length_523_cov_4.787736	110	141	8	12	31	0.3870968
NODE_36429_length_523_cov_4.787736	110	141	10	7	31	0.2258064
NODE_36429_length_523_cov_4.787736	131	194	6	2	63	0.0317460
NODE_36429_length_523_cov_4.787736	131	194	8	3	63	0.0476190
NODE_36429_length_523_cov_4.787736	131	194	10	15	63	0.2380952
NODE_36429_length_523_cov_4.787736	131	194	12	43	63	0.6825397
NODE_36439_length_523_cov_3.792453	139	219	4	80	80	1.0000000
NODE_36439_length_523_cov_3.792453	192	272	0	13	80	0.1625000
NODE_36439_length_523_cov_3.792453	192	272	2	33	80	0.4125000
NODE_36439_length_523_cov_3.792453	192	272	4	34	80	0.4250000
NODE_36481_length_523_cov_2.259434	337	372	0	35	35	1.0000000
NODE_36490_length_523_cov_2.096698	307	351	2	39	44	0.8863636
NODE_36490_length_523_cov_2.096698	307	351	4	1	44	0.0227273
NODE_36490_length_523_cov_2.096698	307	351	5	4	44	0.0909091
NODE_36518_length_523_cov_1.700472	176	195	0	19	19	1.0000000
NODE_36632_length_522_cov_33.579196	55	135	0	80	80	1.0000000
NODE_36632_length_522_cov_33.579196	108	188	0	80	80	1.0000000
NODE_36634_length_522_cov_12.851064	266	342	0	76	76	1.0000000
NODE_36634_length_522_cov_12.851064	319	395	0	76	76	1.0000000
NODE_36637_length_522_cov_7.349882	212	283	0	71	71	1.0000000
NODE_36637_length_522_cov_7.349882	400	469	0	69	69	1.0000000
NODE_36670_length_522_cov_2.933806	178	258	0	80	80	1.0000000
NODE_36670_length_522_cov_2.933806	231	311	0	80	80	1.0000000
NODE_36676_length_522_cov_2.661939	187	241	0	54	54	1.0000000
NODE_36820_length_521_cov_9.303318	106	186	4	5	80	0.0625000
NODE_36820_length_521_cov_9.303318	106	186	6	75	80	0.9375000
NODE_36820_length_521_cov_9.303318	159	239	0	33	80	0.4125000
NODE_36820_length_521_cov_9.303318	159	239	4	25	80	0.3125000
NODE_36820_length_521_cov_9.303318	159	239	6	22	80	0.2750000
NODE_36832_length_521_cov_4.971564	218	298	0	13	80	0.1625000
NODE_36832_length_521_cov_4.971564	218	298	2	67	80	0.8375000
NODE_36832_length_521_cov_4.971564	271	351	0	64	80	0.8000000
NODE_36832_length_521_cov_4.971564	271	351	2	16	80	0.2000000
NODE_36845_length_521_cov_3.504739	113	191	0	50	78	0.6410257
NODE_36845_length_521_cov_3.504739	113	191	2	28	78	0.3589744
NODE_36845_length_521_cov_3.504739	164	205	2	41	41	1.0000000
NODE_36848_length_521_cov_3.324645	158	244	0	38	86	0.4418605
NODE_36848_length_521_cov_3.324645	158	244	2	48	86	0.5581396
NODE_36848_length_521_cov_3.324645	217	280	2	63	63	1.0000000
NODE_36916_length_521_cov_1.613744	165	227	0	62	62	1.0000000
NODE_37036_length_520_cov_50.676960	0	75	0	75	75	1.0000000
NODE_37036_length_520_cov_50.676960	48	128	0	80	80	1.0000000
NODE_37036_length_520_cov_50.676960	124	204	0	80	80	1.0000000
NODE_37036_length_520_cov_50.676960	177	257	0	80	80	1.0000000
NODE_37037_length_520_cov_43.294537	10	90	0	6	80	0.0750000
NODE_37037_length_520_cov_43.294537	10	90	4	16	80	0.2000000
NODE_37037_length_520_cov_43.294537	10	90	6	58	80	0.7250000
NODE_37037_length_520_cov_43.294537	10	90	0	6	80	0.0750000
NODE_37037_length_520_cov_43.294537	10	90	4	16	80	0.2000000
NODE_37037_length_520_cov_43.294537	10	90	6	58	80	0.7250000
NODE_37037_length_520_cov_43.294537	10	90	0	6	80	0.0750000
NODE_37037_length_520_cov_43.294537	10	90	4	16	80	0.2000000
NODE_37037_length_520_cov_43.294537	10	90	6	58	80	0.7250000
NODE_37037_length_520_cov_43.294537	10	90	0	6	80	0.0750000
NODE_37037_length_520_cov_43.294537	10	90	4	16	80	0.2000000
NODE_37037_length_520_cov_43.294537	10	90	6	58	80	0.7250000
NODE_37037_length_520_cov_43.294537	10	90	0	6	80	0.0750000
NODE_37037_length_520_cov_43.294537	10	90	4	16	80	0.2000000
NODE_37037_length_520_cov_43.294537	10	90	6	58	80	0.7250000
NODE_37037_length_520_cov_43.294537	10	90	0	6	80	0.0750000
NODE_37037_length_520_cov_43.294537	10	90	4	16	80	0.2000000
NODE_37037_length_520_cov_43.294537	10	90	6	58	80	0.7250000
NODE_37037_length_520_cov_43.294537	63	129	2	22	66	0.3333333
NODE_37037_length_520_cov_43.294537	63	129	6	44	66	0.6666667
NODE_37037_length_520_cov_43.294537	63	142	0	9	79	0.1139240
NODE_37037_length_520_cov_43.294537	63	142	2	26	79	0.3291139
NODE_37037_length_520_cov_43.294537	63	142	6	44	79	0.5569620
NODE_37037_length_520_cov_43.294537	63	143	0	10	80	0.1250000
NODE_37037_length_520_cov_43.294537	63	143	2	26	80	0.3250000
NODE_37037_length_520_cov_43.294537	63	143	6	44	80	0.5500000
NODE_37037_length_520_cov_43.294537	63	133	2	26	70	0.3714286
NODE_37037_length_520_cov_43.294537	63	133	6	44	70	0.6285715
NODE_37037_length_520_cov_43.294537	66	133	2	26	67	0.3880597
NODE_37037_length_520_cov_43.294537	66	133	6	41	67	0.6119403
NODE_37037_length_520_cov_43.294537	68	143	0	10	75	0.1333333
NODE_37037_length_520_cov_43.294537	68	143	2	26	75	0.3466667
NODE_37037_length_520_cov_43.294537	68	143	6	39	75	0.5200000
NODE_37038_length_520_cov_29.427553	224	304	2	80	80	1.0000000
NODE_37038_length_520_cov_29.427553	277	357	0	36	80	0.4500000
NODE_37038_length_520_cov_29.427553	277	357	2	44	80	0.5500000
NODE_37038_length_520_cov_29.427553	353	433	0	80	80	1.0000000
NODE_37038_length_520_cov_29.427553	406	486	0	80	80	1.0000000
NODE_37039_length_520_cov_14.365796	103	183	0	46	80	0.5750000
NODE_37039_length_520_cov_14.365796	103	183	2	34	80	0.4250000
NODE_37039_length_520_cov_14.365796	156	237	0	8	81	0.0987654
NODE_37039_length_520_cov_14.365796	156	237	2	73	81	0.9012346
NODE_37059_length_520_cov_4.121140	79	159	0	80	80	1.0000000
NODE_37059_length_520_cov_4.121140	132	212	0	80	80	1.0000000
NODE_37063_length_520_cov_3.900238	203	233	9	30	30	1.0000000
NODE_37235_length_519_cov_42.842857	8	88	0	30	80	0.3750000
NODE_37235_length_519_cov_42.842857	8	88	4	16	80	0.2000000
NODE_37235_length_519_cov_42.842857	8	88	10	15	80	0.1875000
NODE_37235_length_519_cov_42.842857	8	88	12	2	80	0.0250000
NODE_37235_length_519_cov_42.842857	8	88	14	4	80	0.0500000
NODE_37235_length_519_cov_42.842857	8	88	15	3	80	0.0375000
NODE_37235_length_519_cov_42.842857	8	88	16	10	80	0.1250000
NODE_37235_length_519_cov_42.842857	61	139	10	8	78	0.1025641
NODE_37235_length_519_cov_42.842857	61	139	12	2	78	0.0256410
NODE_37235_length_519_cov_42.842857	61	139	14	4	78	0.0512821
NODE_37235_length_519_cov_42.842857	61	139	15	3	78	0.0384615
NODE_37235_length_519_cov_42.842857	61	139	16	61	78	0.7820513
NODE_37236_length_519_cov_19.269048	284	363	0	35	79	0.4430380
NODE_37236_length_519_cov_19.269048	284	363	2	44	79	0.5569620
NODE_37236_length_519_cov_19.269048	336	416	0	80	80	1.0000000
NODE_37237_length_519_cov_8.500000	195	267	1	12	72	0.1666667
NODE_37237_length_519_cov_8.500000	195	267	3	18	72	0.2500000
NODE_37237_length_519_cov_8.500000	195	267	5	42	72	0.5833333
NODE_37245_length_519_cov_5.169048	282	346	0	64	64	1.0000000
NODE_37290_length_519_cov_2.783333	174	235	0	61	61	1.0000000
NODE_37349_length_519_cov_1.538095	147	213	0	66	66	1.0000000
NODE_37447_length_518_cov_40.026253	385	465	6	46	80	0.5750000
NODE_37447_length_518_cov_40.026253	385	465	8	34	80	0.4250000
NODE_37447_length_518_cov_40.026253	438	518	3	1	80	0.0125000
NODE_37447_length_518_cov_40.026253	438	518	6	79	80	0.9875000
NODE_37449_length_518_cov_12.083532	144	224	0	4	80	0.0500000
NODE_37449_length_518_cov_12.083532	144	224	2	76	80	0.9500000
NODE_37449_length_518_cov_12.083532	197	277	0	35	80	0.4375000
NODE_37449_length_518_cov_12.083532	197	277	2	45	80	0.5625000
NODE_37449_length_518_cov_12.083532	407	481	6	74	74	1.0000000
NODE_37449_length_518_cov_12.083532	454	518	0	8	64	0.1250000
NODE_37449_length_518_cov_12.083532	454	518	6	56	64	0.8750000
NODE_37450_length_518_cov_11.467780	171	200	0	23	29	0.7931035
NODE_37450_length_518_cov_11.467780	171	200	2	6	29	0.2068966
NODE_37450_length_518_cov_11.467780	253	320	2	27	67	0.4029851
NODE_37450_length_518_cov_11.467780	253	320	3	24	67	0.3582090
NODE_37450_length_518_cov_11.467780	253	320	4	16	67	0.2388060
NODE_37450_length_518_cov_11.467780	253	282	3	24	29	0.8275862
NODE_37450_length_518_cov_11.467780	253	282	4	5	29	0.1724138
NODE_37454_length_518_cov_7.441527	188	273	0	29	85	0.3411765
NODE_37454_length_518_cov_7.441527	188	273	2	56	85	0.6588235
NODE_37461_length_518_cov_5.563246	315	366	0	27	51	0.5294118
NODE_37461_length_518_cov_5.563246	315	366	2	24	51	0.4705882
NODE_37461_length_518_cov_5.563246	339	383	0	44	44	1.0000000
NODE_37465_length_518_cov_4.732697	214	276	8	20	62	0.3225806
NODE_37465_length_518_cov_4.732697	214	276	10	42	62	0.6774194
NODE_37465_length_518_cov_4.732697	350	430	2	80	80	1.0000000
NODE_37479_length_518_cov_3.503580	291	333	0	42	42	1.0000000
NODE_37479_length_518_cov_3.503580	306	363	0	57	57	1.0000000
NODE_37483_length_518_cov_3.136038	269	338	0	19	69	0.2753623
NODE_37483_length_518_cov_3.136038	269	338	1	6	69	0.0869565
NODE_37483_length_518_cov_3.136038	269	338	2	44	69	0.6376812
NODE_37483_length_518_cov_3.136038	269	348	0	19	79	0.2405063
NODE_37483_length_518_cov_3.136038	269	348	1	6	79	0.0759494
NODE_37483_length_518_cov_3.136038	269	348	2	54	79	0.6835443
NODE_37483_length_518_cov_3.136038	269	349	0	19	80	0.2375000
NODE_37483_length_518_cov_3.136038	269	349	1	6	80	0.0750000
NODE_37483_length_518_cov_3.136038	269	349	2	55	80	0.6875000
NODE_37483_length_518_cov_3.136038	322	402	2	80	80	1.0000000
NODE_37483_length_518_cov_3.136038	322	364	2	42	42	1.0000000
NODE_37483_length_518_cov_3.136038	322	368	2	46	46	1.0000000
NODE_37483_length_518_cov_3.136038	331	366	2	35	35	1.0000000
NODE_37637_length_517_cov_55.267943	177	257	0	28	80	0.3500000
NODE_37637_length_517_cov_55.267943	177	257	10	52	80	0.6500000
NODE_37637_length_517_cov_55.267943	230	310	4	5	80	0.0625000
NODE_37637_length_517_cov_55.267943	230	310	10	52	80	0.6500000
NODE_37637_length_517_cov_55.267943	230	310	14	23	80	0.2875000
NODE_37639_length_517_cov_30.863636	0	72	0	23	72	0.3194444
NODE_37639_length_517_cov_30.863636	0	72	2	25	72	0.3472222
NODE_37639_length_517_cov_30.863636	0	72	3	23	72	0.3194444
NODE_37639_length_517_cov_30.863636	0	72	4	1	72	0.0138889
NODE_37639_length_517_cov_30.863636	0	72	0	23	72	0.3194444
NODE_37639_length_517_cov_30.863636	0	72	2	25	72	0.3472222
NODE_37639_length_517_cov_30.863636	0	72	3	23	72	0.3194444
NODE_37639_length_517_cov_30.863636	0	72	4	1	72	0.0138889
NODE_37639_length_517_cov_30.863636	45	125	2	3	80	0.0375000
NODE_37639_length_517_cov_30.863636	45	125	3	23	80	0.2875000
NODE_37639_length_517_cov_30.863636	45	125	4	9	80	0.1125000
NODE_37639_length_517_cov_30.863636	45	125	6	45	80	0.5625000
NODE_37639_length_517_cov_30.863636	45	99	2	3	54	0.0555556
NODE_37639_length_517_cov_30.863636	45	99	3	23	54	0.4259259
NODE_37639_length_517_cov_30.863636	45	99	4	9	54	0.1666667
NODE_37639_length_517_cov_30.863636	45	99	6	19	54	0.3518519
NODE_37641_length_517_cov_12.258373	305	385	0	80	80	1.0000000
NODE_37641_length_517_cov_12.258373	358	438	0	67	80	0.8375000
NODE_37641_length_517_cov_12.258373	358	438	2	13	80	0.1625000
NODE_37643_length_517_cov_7.131579	100	152	0	52	52	1.0000000
NODE_37662_length_517_cov_4.492823	140	220	2	80	80	1.0000000
NODE_37662_length_517_cov_4.492823	193	273	2	80	80	1.0000000
NODE_37697_length_517_cov_2.437799	331	388	0	57	57	1.0000000
NODE_37850_length_516_cov_17.570743	147	227	0	22	80	0.2750000
NODE_37850_length_516_cov_17.570743	147	227	2	58	80	0.7250000
NODE_37850_length_516_cov_17.570743	200	280	2	80	80	1.0000000
NODE_37861_length_516_cov_5.268585	402	448	0	46	46	1.0000000
NODE_37862_length_516_cov_5.067146	114	194	0	60	80	0.7500000
NODE_37862_length_516_cov_5.067146	114	194	2	20	80	0.2500000
NODE_37862_length_516_cov_5.067146	167	247	0	7	80	0.0875000
NODE_37862_length_516_cov_5.067146	167	247	2	73	80	0.9125000
NODE_37864_length_516_cov_4.788969	156	236	0	80	80	1.0000000
NODE_37864_length_516_cov_4.788969	209	277	0	68	68	1.0000000
NODE_37881_length_516_cov_3.167866	48	93	0	7	45	0.1555556
NODE_37881_length_516_cov_3.167866	48	93	2	38	45	0.8444445
NODE_37881_length_516_cov_3.167866	103	177	4	74	74	1.0000000
NODE_38044_length_515_cov_69.442308	177	257	28	21	80	0.2625000
NODE_38044_length_515_cov_69.442308	177	257	30	3	80	0.0375000
NODE_38044_length_515_cov_69.442308	177	257	34	2	80	0.0250000
NODE_38044_length_515_cov_69.442308	177	257	38	2	80	0.0250000
NODE_38044_length_515_cov_69.442308	177	257	40	6	80	0.0750000
NODE_38044_length_515_cov_69.442308	177	257	44	3	80	0.0375000
NODE_38044_length_515_cov_69.442308	177	257	47	1	80	0.0125000
NODE_38044_length_515_cov_69.442308	177	257	48	3	80	0.0375000
NODE_38044_length_515_cov_69.442308	177	257	56	2	80	0.0250000
NODE_38044_length_515_cov_69.442308	177	257	62	2	80	0.0250000
NODE_38044_length_515_cov_69.442308	177	257	64	1	80	0.0125000
NODE_38044_length_515_cov_69.442308	177	257	66	25	80	0.3125000
NODE_38044_length_515_cov_69.442308	177	257	67	6	80	0.0750000
NODE_38044_length_515_cov_69.442308	177	257	68	3	80	0.0375000
NODE_38044_length_515_cov_69.442308	177	257	28	21	80	0.2625000
NODE_38044_length_515_cov_69.442308	177	257	30	3	80	0.0375000
NODE_38044_length_515_cov_69.442308	177	257	34	2	80	0.0250000
NODE_38044_length_515_cov_69.442308	177	257	38	2	80	0.0250000
NODE_38044_length_515_cov_69.442308	177	257	40	6	80	0.0750000
NODE_38044_length_515_cov_69.442308	177	257	44	3	80	0.0375000
NODE_38044_length_515_cov_69.442308	177	257	47	1	80	0.0125000
NODE_38044_length_515_cov_69.442308	177	257	48	3	80	0.0375000
NODE_38044_length_515_cov_69.442308	177	257	56	2	80	0.0250000
NODE_38044_length_515_cov_69.442308	177	257	62	2	80	0.0250000
NODE_38044_length_515_cov_69.442308	177	257	64	1	80	0.0125000
NODE_38044_length_515_cov_69.442308	177	257	66	25	80	0.3125000
NODE_38044_length_515_cov_69.442308	177	257	67	6	80	0.0750000
NODE_38044_length_515_cov_69.442308	177	257	68	3	80	0.0375000
NODE_38044_length_515_cov_69.442308	177	257	28	21	80	0.2625000
NODE_38044_length_515_cov_69.442308	177	257	30	3	80	0.0375000
NODE_38044_length_515_cov_69.442308	177	257	34	2	80	0.0250000
NODE_38044_length_515_cov_69.442308	177	257	38	2	80	0.0250000
NODE_38044_length_515_cov_69.442308	177	257	40	6	80	0.0750000
NODE_38044_length_515_cov_69.442308	177	257	44	3	80	0.0375000
NODE_38044_length_515_cov_69.442308	177	257	47	1	80	0.0125000
NODE_38044_length_515_cov_69.442308	177	257	48	3	80	0.0375000
NODE_38044_length_515_cov_69.442308	177	257	56	2	80	0.0250000
NODE_38044_length_515_cov_69.442308	177	257	62	2	80	0.0250000
NODE_38044_length_515_cov_69.442308	177	257	64	1	80	0.0125000
NODE_38044_length_515_cov_69.442308	177	257	66	25	80	0.3125000
NODE_38044_length_515_cov_69.442308	177	257	67	6	80	0.0750000
NODE_38044_length_515_cov_69.442308	177	257	68	3	80	0.0375000
NODE_38044_length_515_cov_69.442308	230	291	44	8	61	0.1311475
NODE_38044_length_515_cov_69.442308	230	291	45	1	61	0.0163934
NODE_38044_length_515_cov_69.442308	230	291	47	8	61	0.1311475
NODE_38044_length_515_cov_69.442308	230	291	48	6	61	0.0983607
NODE_38044_length_515_cov_69.442308	230	291	50	1	61	0.0163934
NODE_38044_length_515_cov_69.442308	230	291	56	12	61	0.1967213
NODE_38044_length_515_cov_69.442308	230	291	62	2	61	0.0327869
NODE_38044_length_515_cov_69.442308	230	291	64	1	61	0.0163934
NODE_38044_length_515_cov_69.442308	230	291	66	13	61	0.2131148
NODE_38044_length_515_cov_69.442308	230	291	67	6	61	0.0983607
NODE_38044_length_515_cov_69.442308	230	291	68	3	61	0.0491803
NODE_38044_length_515_cov_69.442308	230	308	44	12	78	0.1538462
NODE_38044_length_515_cov_69.442308	230	308	45	1	78	0.0128205
NODE_38044_length_515_cov_69.442308	230	308	47	8	78	0.1025641
NODE_38044_length_515_cov_69.442308	230	308	48	6	78	0.0769231
NODE_38044_length_515_cov_69.442308	230	308	50	1	78	0.0128205
NODE_38044_length_515_cov_69.442308	230	308	54	13	78	0.1666667
NODE_38044_length_515_cov_69.442308	230	308	56	12	78	0.1538462
NODE_38044_length_515_cov_69.442308	230	308	62	2	78	0.0256410
NODE_38044_length_515_cov_69.442308	230	308	64	1	78	0.0128205
NODE_38044_length_515_cov_69.442308	230	308	66	13	78	0.1666667
NODE_38044_length_515_cov_69.442308	230	308	67	6	78	0.0769231
NODE_38044_length_515_cov_69.442308	230	308	68	3	78	0.0384615
NODE_38044_length_515_cov_69.442308	235	308	44	12	73	0.1643836
NODE_38044_length_515_cov_69.442308	235	308	45	1	73	0.0136986
NODE_38044_length_515_cov_69.442308	235	308	47	8	73	0.1095890
NODE_38044_length_515_cov_69.442308	235	308	48	6	73	0.0821918
NODE_38044_length_515_cov_69.442308	235	308	50	1	73	0.0136986
NODE_38044_length_515_cov_69.442308	235	308	54	13	73	0.1780822
NODE_38044_length_515_cov_69.442308	235	308	56	12	73	0.1643836
NODE_38044_length_515_cov_69.442308	235	308	62	2	73	0.0273973
NODE_38044_length_515_cov_69.442308	235	308	64	1	73	0.0136986
NODE_38044_length_515_cov_69.442308	235	308	66	9	73	0.1232877
NODE_38044_length_515_cov_69.442308	235	308	67	5	73	0.0684932
NODE_38044_length_515_cov_69.442308	235	308	68	3	73	0.0410959
NODE_38045_length_515_cov_13.271635	168	248	0	80	80	1.0000000
NODE_38045_length_515_cov_13.271635	221	301	0	80	80	1.0000000
NODE_38048_length_515_cov_8.314904	213	290	0	77	77	1.0000000
NODE_38054_length_515_cov_5.487981	317	402	2	85	85	1.0000000
NODE_38242_length_514_cov_26.910843	170	250	0	24	80	0.3000000
NODE_38242_length_514_cov_26.910843	170	250	10	56	80	0.7000000
NODE_38242_length_514_cov_26.910843	223	303	0	77	80	0.9625000
NODE_38242_length_514_cov_26.910843	223	303	10	3	80	0.0375000
NODE_38243_length_514_cov_12.775904	85	149	0	64	64	1.0000000
NODE_38243_length_514_cov_12.775904	123	202	0	79	79	1.0000000
NODE_38244_length_514_cov_11.156627	124	204	0	80	80	1.0000000
NODE_38244_length_514_cov_11.156627	177	257	0	80	80	1.0000000
NODE_38253_length_514_cov_5.802410	165	217	0	52	52	1.0000000
NODE_38253_length_514_cov_5.802410	190	270	0	80	80	1.0000000
NODE_38254_length_514_cov_5.554217	192	272	0	80	80	1.0000000
NODE_38254_length_514_cov_5.554217	294	340	0	46	46	1.0000000
NODE_38257_length_514_cov_5.322892	230	260	0	30	30	1.0000000
NODE_38262_length_514_cov_4.337349	220	300	0	80	80	1.0000000
NODE_38286_length_514_cov_3.012048	264	328	0	64	64	1.0000000
NODE_38432_length_513_cov_14.613527	118	198	4	10	80	0.1250000
NODE_38432_length_513_cov_14.613527	118	198	8	27	80	0.3375000
NODE_38432_length_513_cov_14.613527	118	198	10	3	80	0.0375000
NODE_38432_length_513_cov_14.613527	118	198	14	16	80	0.2000000
NODE_38432_length_513_cov_14.613527	118	198	15	3	80	0.0375000
NODE_38432_length_513_cov_14.613527	118	198	16	8	80	0.1000000
NODE_38432_length_513_cov_14.613527	118	198	18	13	80	0.1625000
NODE_38432_length_513_cov_14.613527	171	251	14	6	80	0.0750000
NODE_38432_length_513_cov_14.613527	171	251	15	3	80	0.0375000
NODE_38432_length_513_cov_14.613527	171	251	16	19	80	0.2375000
NODE_38432_length_513_cov_14.613527	171	251	18	14	80	0.1750000
NODE_38432_length_513_cov_14.613527	171	251	20	38	80	0.4750000
NODE_38433_length_513_cov_9.898551	253	333	0	2	80	0.0250000
NODE_38433_length_513_cov_9.898551	253	333	4	78	80	0.9750000
NODE_38433_length_513_cov_9.898551	306	386	0	22	80	0.2750000
NODE_38433_length_513_cov_9.898551	306	386	4	58	80	0.7250000
NODE_38434_length_513_cov_9.164251	185	265	0	3	80	0.0375000
NODE_38434_length_513_cov_9.164251	185	265	2	77	80	0.9625000
NODE_38434_length_513_cov_9.164251	238	318	0	16	80	0.2000000
NODE_38434_length_513_cov_9.164251	238	318	1	1	80	0.0125000
NODE_38434_length_513_cov_9.164251	238	318	2	63	80	0.7875000
NODE_38441_length_513_cov_6.123188	284	364	0	40	80	0.5000000
NODE_38441_length_513_cov_6.123188	284	364	2	40	80	0.5000000
NODE_38441_length_513_cov_6.123188	337	417	0	80	80	1.0000000
NODE_38460_length_513_cov_3.456522	283	350	7	7	67	0.1044776
NODE_38460_length_513_cov_3.456522	283	350	9	2	67	0.0298507
NODE_38460_length_513_cov_3.456522	283	350	11	4	67	0.0597015
NODE_38460_length_513_cov_3.456522	283	350	12	8	67	0.1194030
NODE_38460_length_513_cov_3.456522	283	350	13	11	67	0.1641791
NODE_38460_length_513_cov_3.456522	283	350	14	20	67	0.2985075
NODE_38460_length_513_cov_3.456522	283	350	15	15	67	0.2238806
NODE_38460_length_513_cov_3.456522	336	398	8	3	62	0.0483871
NODE_38460_length_513_cov_3.456522	336	398	10	2	62	0.0322581
NODE_38460_length_513_cov_3.456522	336	398	12	41	62	0.6612903
NODE_38460_length_513_cov_3.456522	336	398	14	16	62	0.2580645
NODE_38482_length_513_cov_2.309179	134	174	0	40	40	1.0000000
NODE_38482_length_513_cov_2.309179	170	223	0	53	53	1.0000000
NODE_38482_length_513_cov_2.309179	238	285	0	47	47	1.0000000
NODE_38515_length_513_cov_1.671498	427	476	0	49	49	1.0000000
NODE_38646_length_512_cov_45.070218	34	114	0	80	80	1.0000000
NODE_38646_length_512_cov_45.070218	87	167	0	80	80	1.0000000
NODE_38647_length_512_cov_39.639225	323	404	0	3	81	0.0370370
NODE_38647_length_512_cov_39.639225	323	404	5	1	81	0.0123457
NODE_38647_length_512_cov_39.639225	323	404	6	77	81	0.9506173
NODE_38647_length_512_cov_39.639225	377	457	0	56	80	0.7000000
NODE_38647_length_512_cov_39.639225	377	457	5	1	80	0.0125000
NODE_38647_length_512_cov_39.639225	377	457	6	23	80	0.2875000
NODE_38648_length_512_cov_8.581114	192	256	10	5	64	0.0781250
NODE_38648_length_512_cov_8.581114	192	256	12	1	64	0.0156250
NODE_38648_length_512_cov_8.581114	192	256	14	17	64	0.2656250
NODE_38648_length_512_cov_8.581114	192	256	16	9	64	0.1406250
NODE_38648_length_512_cov_8.581114	192	256	20	32	64	0.5000000
NODE_38661_length_512_cov_4.869249	327	407	0	23	80	0.2875000
NODE_38661_length_512_cov_4.869249	327	407	2	11	80	0.1375000
NODE_38661_length_512_cov_4.869249	327	407	4	46	80	0.5750000
NODE_38661_length_512_cov_4.869249	380	460	0	7	80	0.0875000
NODE_38661_length_512_cov_4.869249	380	460	2	5	80	0.0625000
NODE_38661_length_512_cov_4.869249	380	460	4	68	80	0.8500000
NODE_38668_length_512_cov_4.157385	161	204	2	43	43	1.0000000
NODE_38668_length_512_cov_4.157385	178	257	0	12	79	0.1518987
NODE_38668_length_512_cov_4.157385	178	257	2	67	79	0.8481013
NODE_38677_length_512_cov_3.435835	138	218	0	80	80	1.0000000
NODE_38677_length_512_cov_3.435835	191	271	0	50	80	0.6250000
NODE_38677_length_512_cov_3.435835	191	271	2	30	80	0.3750000
NODE_38693_length_512_cov_2.888620	320	400	0	80	80	1.0000000
NODE_38768_length_512_cov_1.341404	198	269	0	2	71	0.0281690
NODE_38768_length_512_cov_1.341404	198	269	2	21	71	0.2957746
NODE_38768_length_512_cov_1.341404	198	269	4	48	71	0.6760563
NODE_38866_length_511_cov_9.796117	251	331	2	8	80	0.1000000
NODE_38866_length_511_cov_9.796117	251	331	4	72	80	0.9000000
NODE_38866_length_511_cov_9.796117	304	370	0	22	66	0.3333333
NODE_38866_length_511_cov_9.796117	304	370	2	25	66	0.3787879
NODE_38866_length_511_cov_9.796117	304	370	4	19	66	0.2878788
NODE_38869_length_511_cov_8.873786	239	319	0	80	80	1.0000000
NODE_38869_length_511_cov_8.873786	292	356	0	64	64	1.0000000
NODE_38870_length_511_cov_8.434466	232	312	0	74	80	0.9250000
NODE_38870_length_511_cov_8.434466	232	312	2	6	80	0.0750000
NODE_38870_length_511_cov_8.434466	285	366	0	21	81	0.2592593
NODE_38870_length_511_cov_8.434466	285	366	2	60	81	0.7407407
NODE_38872_length_511_cov_7.519417	157	237	0	47	80	0.5875000
NODE_38872_length_511_cov_7.519417	157	237	2	33	80	0.4125000
NODE_38872_length_511_cov_7.519417	210	290	2	80	80	1.0000000
NODE_38877_length_511_cov_5.762136	102	179	8	5	77	0.0649351
NODE_38877_length_511_cov_5.762136	102	179	12	48	77	0.6233766
NODE_38877_length_511_cov_5.762136	102	179	14	7	77	0.0909091
NODE_38877_length_511_cov_5.762136	102	179	18	17	77	0.2207792
NODE_38877_length_511_cov_5.762136	155	230	6	29	75	0.3866667
NODE_38877_length_511_cov_5.762136	155	230	8	27	75	0.3600000
NODE_38877_length_511_cov_5.762136	155	230	12	11	75	0.1466667
NODE_38877_length_511_cov_5.762136	155	230	14	7	75	0.0933333
NODE_38877_length_511_cov_5.762136	155	230	18	1	75	0.0133333
NODE_38878_length_511_cov_5.655340	133	213	0	6	80	0.0750000
NODE_38878_length_511_cov_5.655340	133	213	2	2	80	0.0250000
NODE_38878_length_511_cov_5.655340	133	213	4	18	80	0.2250000
NODE_38878_length_511_cov_5.655340	133	213	6	54	80	0.6750000
NODE_38878_length_511_cov_5.655340	186	266	0	59	80	0.7375000
NODE_38878_length_511_cov_5.655340	186	266	2	2	80	0.0250000
NODE_38878_length_511_cov_5.655340	186	266	4	18	80	0.2250000
NODE_38878_length_511_cov_5.655340	186	266	6	1	80	0.0125000
NODE_38911_length_511_cov_2.978155	219	255	8	36	36	1.0000000
NODE_39013_length_511_cov_1.225728	99	127	0	28	28	1.0000000
NODE_39092_length_511_cov_0.708738	98	146	0	48	48	1.0000000
NODE_39105_length_510_cov_18.206813	334	414	0	80	80	1.0000000
NODE_39105_length_510_cov_18.206813	387	467	0	80	80	1.0000000
NODE_39110_length_510_cov_8.017032	211	291	0	7	80	0.0875000
NODE_39110_length_510_cov_8.017032	211	291	2	73	80	0.9125000
NODE_39110_length_510_cov_8.017032	264	344	0	17	80	0.2125000
NODE_39110_length_510_cov_8.017032	264	344	2	63	80	0.7875000
NODE_39110_length_510_cov_8.017032	391	413	0	22	22	1.0000000
NODE_39112_length_510_cov_6.476886	208	251	11	21	43	0.4883721
NODE_39112_length_510_cov_6.476886	208	251	16	1	43	0.0232558
NODE_39112_length_510_cov_6.476886	208	251	18	18	43	0.4186046
NODE_39112_length_510_cov_6.476886	208	251	19	3	43	0.0697674
NODE_39115_length_510_cov_6.133820	149	200	0	51	51	1.0000000
NODE_39122_length_510_cov_4.313869	32	106	0	23	74	0.3108108
NODE_39122_length_510_cov_4.313869	32	106	4	51	74	0.6891892
NODE_39131_length_510_cov_3.435523	149	213	0	64	64	1.0000000
NODE_39131_length_510_cov_3.435523	191	249	0	58	58	1.0000000
NODE_39293_length_509_cov_13.378049	160	240	0	80	80	1.0000000
NODE_39293_length_509_cov_13.378049	213	294	0	81	81	1.0000000
NODE_39302_length_509_cov_5.190244	203	283	10	10	80	0.1250000
NODE_39302_length_509_cov_5.190244	203	283	11	1	80	0.0125000
NODE_39302_length_509_cov_5.190244	203	283	12	60	80	0.7500000
NODE_39302_length_509_cov_5.190244	203	283	14	9	80	0.1125000
NODE_39302_length_509_cov_5.190244	256	336	2	11	80	0.1375000
NODE_39302_length_509_cov_5.190244	256	336	4	31	80	0.3875000
NODE_39302_length_509_cov_5.190244	256	336	8	4	80	0.0500000
NODE_39302_length_509_cov_5.190244	256	336	10	16	80	0.2000000
NODE_39302_length_509_cov_5.190244	256	336	12	9	80	0.1125000
NODE_39302_length_509_cov_5.190244	256	336	14	9	80	0.1125000
NODE_39309_length_509_cov_4.478049	221	301	0	80	80	1.0000000
NODE_39309_length_509_cov_4.478049	274	354	0	80	80	1.0000000
NODE_39311_length_509_cov_4.451220	203	283	6	80	80	1.0000000
NODE_39322_length_509_cov_3.443902	133	185	2	52	52	1.0000000
NODE_39326_length_509_cov_3.207317	367	445	0	78	78	1.0000000
NODE_39337_length_509_cov_2.853659	194	274	0	13	80	0.1625000
NODE_39337_length_509_cov_2.853659	194	274	7	8	80	0.1000000
NODE_39337_length_509_cov_2.853659	194	274	8	12	80	0.1500000
NODE_39337_length_509_cov_2.853659	194	274	10	47	80	0.5875000
NODE_39480_length_509_cov_0.809756	229	272	0	43	43	1.0000000
NODE_39506_length_508_cov_22.009780	440	508	0	68	68	1.0000000
NODE_39512_length_508_cov_5.158924	248	284	0	36	36	1.0000000
NODE_39539_length_508_cov_2.662592	165	244	2	3	79	0.0379747
NODE_39539_length_508_cov_2.662592	165	244	4	40	79	0.5063291
NODE_39539_length_508_cov_2.662592	165	244	8	36	79	0.4556962
NODE_39698_length_507_cov_32.286765	0	61	4	2	61	0.0327869
NODE_39698_length_507_cov_32.286765	0	61	6	1	61	0.0163934
NODE_39698_length_507_cov_32.286765	0	61	9	2	61	0.0327869
NODE_39698_length_507_cov_32.286765	0	61	11	2	61	0.0327869
NODE_39698_length_507_cov_32.286765	0	61	13	3	61	0.0491803
NODE_39698_length_507_cov_32.286765	0	61	15	3	61	0.0491803
NODE_39698_length_507_cov_32.286765	0	61	17	5	61	0.0819672
NODE_39698_length_507_cov_32.286765	0	61	25	2	61	0.0327869
NODE_39698_length_507_cov_32.286765	0	61	35	1	61	0.0163934
NODE_39698_length_507_cov_32.286765	0	61	41	4	61	0.0655738
NODE_39698_length_507_cov_32.286765	0	61	43	2	61	0.0327869
NODE_39698_length_507_cov_32.286765	0	61	46	1	61	0.0163934
NODE_39698_length_507_cov_32.286765	0	61	48	2	61	0.0327869
NODE_39698_length_507_cov_32.286765	0	61	54	1	61	0.0163934
NODE_39698_length_507_cov_32.286765	0	61	55	1	61	0.0163934
NODE_39698_length_507_cov_32.286765	0	61	57	1	61	0.0163934
NODE_39698_length_507_cov_32.286765	0	61	60	3	61	0.0491803
NODE_39698_length_507_cov_32.286765	0	61	62	1	61	0.0163934
NODE_39698_length_507_cov_32.286765	0	61	63	11	61	0.1803279
NODE_39698_length_507_cov_32.286765	0	61	66	2	61	0.0327869
NODE_39698_length_507_cov_32.286765	0	61	69	1	61	0.0163934
NODE_39698_length_507_cov_32.286765	0	61	71	2	61	0.0327869
NODE_39698_length_507_cov_32.286765	0	61	73	4	61	0.0655738
NODE_39698_length_507_cov_32.286765	0	61	77	1	61	0.0163934
NODE_39698_length_507_cov_32.286765	0	61	78	2	61	0.0327869
NODE_39698_length_507_cov_32.286765	0	61	80	1	61	0.0163934
NODE_39698_length_507_cov_32.286765	53	97	73	4	44	0.0909091
NODE_39698_length_507_cov_32.286765	53	97	77	1	44	0.0227273
NODE_39698_length_507_cov_32.286765	53	97	78	2	44	0.0454545
NODE_39698_length_507_cov_32.286765	53	97	80	3	44	0.0681818
NODE_39698_length_507_cov_32.286765	53	97	82	2	44	0.0454545
NODE_39698_length_507_cov_32.286765	53	97	83	4	44	0.0909091
NODE_39698_length_507_cov_32.286765	53	97	84	3	44	0.0681818
NODE_39698_length_507_cov_32.286765	53	97	88	1	44	0.0227273
NODE_39698_length_507_cov_32.286765	53	97	89	9	44	0.2045455
NODE_39698_length_507_cov_32.286765	53	97	91	2	44	0.0454545
NODE_39698_length_507_cov_32.286765	53	97	92	13	44	0.2954545
NODE_39701_length_507_cov_7.553922	203	283	4	13	80	0.1625000
NODE_39701_length_507_cov_7.553922	203	283	5	4	80	0.0500000
NODE_39701_length_507_cov_7.553922	203	283	6	63	80	0.7875000
NODE_39709_length_507_cov_5.154412	296	362	0	3	66	0.0454545
NODE_39709_length_507_cov_5.154412	296	362	2	35	66	0.5303030
NODE_39709_length_507_cov_5.154412	296	362	4	28	66	0.4242424
NODE_39714_length_507_cov_4.710784	248	328	0	1	80	0.0125000
NODE_39714_length_507_cov_4.710784	248	328	2	10	80	0.1250000
NODE_39714_length_507_cov_4.710784	248	328	3	1	80	0.0125000
NODE_39714_length_507_cov_4.710784	248	328	4	68	80	0.8500000
NODE_39714_length_507_cov_4.710784	308	379	0	52	71	0.7323943
NODE_39714_length_507_cov_4.710784	308	379	2	10	71	0.1408451
NODE_39714_length_507_cov_4.710784	308	379	3	1	71	0.0140845
NODE_39714_length_507_cov_4.710784	308	379	4	8	71	0.1126761
NODE_39728_length_507_cov_3.649510	80	109	2	7	29	0.2413793
NODE_39728_length_507_cov_3.649510	80	109	4	22	29	0.7586207
NODE_39728_length_507_cov_3.649510	184	266	18	11	82	0.1341463
NODE_39728_length_507_cov_3.649510	184	266	20	65	82	0.7926829
NODE_39728_length_507_cov_3.649510	184	266	22	6	82	0.0731707
NODE_39728_length_507_cov_3.649510	189	273	18	16	84	0.1904762
NODE_39728_length_507_cov_3.649510	189	273	20	67	84	0.7976190
NODE_39728_length_507_cov_3.649510	189	273	22	1	84	0.0119048
NODE_39728_length_507_cov_3.649510	207	266	18	11	59	0.1864407
NODE_39728_length_507_cov_3.649510	207	266	20	48	59	0.8135593
NODE_39747_length_507_cov_2.754902	345	425	0	80	80	1.0000000
NODE_39747_length_507_cov_2.754902	428	463	0	35	35	1.0000000
NODE_39918_length_506_cov_31.987715	71	156	18	15	85	0.1764706
NODE_39918_length_506_cov_31.987715	71	156	20	31	85	0.3647059
NODE_39918_length_506_cov_31.987715	71	156	25	2	85	0.0235294
NODE_39918_length_506_cov_31.987715	71	156	27	26	85	0.3058824
NODE_39918_length_506_cov_31.987715	71	156	29	1	85	0.0117647
NODE_39918_length_506_cov_31.987715	71	156	31	1	85	0.0117647
NODE_39918_length_506_cov_31.987715	71	156	33	9	85	0.1058824
NODE_39918_length_506_cov_31.987715	71	156	18	15	85	0.1764706
NODE_39918_length_506_cov_31.987715	71	156	20	31	85	0.3647059
NODE_39918_length_506_cov_31.987715	71	156	25	2	85	0.0235294
NODE_39918_length_506_cov_31.987715	71	156	27	26	85	0.3058824
NODE_39918_length_506_cov_31.987715	71	156	29	1	85	0.0117647
NODE_39918_length_506_cov_31.987715	71	156	31	1	85	0.0117647
NODE_39918_length_506_cov_31.987715	71	156	33	9	85	0.1058824
NODE_39918_length_506_cov_31.987715	71	156	18	15	85	0.1764706
NODE_39918_length_506_cov_31.987715	71	156	20	31	85	0.3647059
NODE_39918_length_506_cov_31.987715	71	156	25	2	85	0.0235294
NODE_39918_length_506_cov_31.987715	71	156	27	26	85	0.3058824
NODE_39918_length_506_cov_31.987715	71	156	29	1	85	0.0117647
NODE_39918_length_506_cov_31.987715	71	156	31	1	85	0.0117647
NODE_39918_length_506_cov_31.987715	71	156	33	9	85	0.1058824
NODE_39918_length_506_cov_31.987715	129	209	17	6	80	0.0750000
NODE_39918_length_506_cov_31.987715	129	209	18	15	80	0.1875000
NODE_39918_length_506_cov_31.987715	129	209	19	2	80	0.0250000
NODE_39918_length_506_cov_31.987715	129	209	23	19	80	0.2375000
NODE_39918_length_506_cov_31.987715	129	209	25	1	80	0.0125000
NODE_39918_length_506_cov_31.987715	129	209	27	37	80	0.4625000
NODE_39919_length_506_cov_15.877150	210	279	4	10	69	0.1449275
NODE_39919_length_506_cov_15.877150	210	279	5	18	69	0.2608696
NODE_39919_length_506_cov_15.877150	210	279	6	7	69	0.1014493
NODE_39919_length_506_cov_15.877150	210	279	9	1	69	0.0144928
NODE_39919_length_506_cov_15.877150	210	279	10	33	69	0.4782609
NODE_39920_length_506_cov_15.461916	334	414	4	42	80	0.5250000
NODE_39920_length_506_cov_15.461916	334	414	6	38	80	0.4750000
NODE_39920_length_506_cov_15.461916	387	467	0	10	80	0.1250000
NODE_39920_length_506_cov_15.461916	387	467	2	30	80	0.3750000
NODE_39920_length_506_cov_15.461916	387	467	4	39	80	0.4875000
NODE_39920_length_506_cov_15.461916	387	467	6	1	80	0.0125000
NODE_39921_length_506_cov_9.749386	197	276	0	29	79	0.3670886
NODE_39921_length_506_cov_9.749386	197	276	2	50	79	0.6329114
NODE_39921_length_506_cov_9.749386	249	329	2	80	80	1.0000000
NODE_39947_length_506_cov_3.122850	218	298	0	80	80	1.0000000
NODE_39947_length_506_cov_3.122850	271	351	0	80	80	1.0000000
NODE_39951_length_506_cov_2.894349	190	270	0	80	80	1.0000000
NODE_40133_length_505_cov_35.541872	373	453	5	23	80	0.2875000
NODE_40133_length_505_cov_35.541872	373	453	6	13	80	0.1625000
NODE_40133_length_505_cov_35.541872	373	453	8	44	80	0.5500000
NODE_40135_length_505_cov_10.339901	30	110	2	80	80	1.0000000
NODE_40135_length_505_cov_10.339901	83	163	0	43	80	0.5375000
NODE_40135_length_505_cov_10.339901	83	163	2	37	80	0.4625000
NODE_40158_length_505_cov_3.554187	225	305	0	75	80	0.9375000
NODE_40158_length_505_cov_3.554187	225	305	2	5	80	0.0625000
NODE_40158_length_505_cov_3.554187	278	358	0	22	80	0.2750000
NODE_40158_length_505_cov_3.554187	278	358	2	58	80	0.7250000
NODE_40160_length_505_cov_3.403941	207	287	0	80	80	1.0000000
NODE_40175_length_505_cov_2.975369	162	227	4	1	65	0.0153846
NODE_40175_length_505_cov_2.975369	162	227	6	64	65	0.9846154
NODE_40222_length_505_cov_1.864532	55	126	0	71	71	1.0000000
NODE_40368_length_504_cov_115.891358	122	202	127	1	80	0.0125000
NODE_40368_length_504_cov_115.891358	122	202	128	1	80	0.0125000
NODE_40368_length_504_cov_115.891358	122	202	131	1	80	0.0125000
NODE_40368_length_504_cov_115.891358	122	202	132	1	80	0.0125000
NODE_40368_length_504_cov_115.891358	122	202	135	1	80	0.0125000
NODE_40368_length_504_cov_115.891358	122	202	167	1	80	0.0125000
NODE_40368_length_504_cov_115.891358	122	202	170	1	80	0.0125000
NODE_40368_length_504_cov_115.891358	122	202	171	1	80	0.0125000
NODE_40368_length_504_cov_115.891358	122	202	173	1	80	0.0125000
NODE_40368_length_504_cov_115.891358	122	202	175	1	80	0.0125000
NODE_40368_length_504_cov_115.891358	122	202	184	2	80	0.0250000
NODE_40368_length_504_cov_115.891358	122	202	189	2	80	0.0250000
NODE_40368_length_504_cov_115.891358	122	202	192	1	80	0.0125000
NODE_40368_length_504_cov_115.891358	122	202	193	2	80	0.0250000
NODE_40368_length_504_cov_115.891358	122	202	195	3	80	0.0375000
NODE_40368_length_504_cov_115.891358	122	202	196	1	80	0.0125000
NODE_40368_length_504_cov_115.891358	122	202	219	1	80	0.0125000
NODE_40368_length_504_cov_115.891358	122	202	246	1	80	0.0125000
NODE_40368_length_504_cov_115.891358	122	202	250	1	80	0.0125000
NODE_40368_length_504_cov_115.891358	122	202	257	1	80	0.0125000
NODE_40368_length_504_cov_115.891358	122	202	258	2	80	0.0250000
NODE_40368_length_504_cov_115.891358	122	202	267	1	80	0.0125000
NODE_40368_length_504_cov_115.891358	122	202	272	1	80	0.0125000
NODE_40368_length_504_cov_115.891358	122	202	276	1	80	0.0125000
NODE_40368_length_504_cov_115.891358	122	202	278	1	80	0.0125000
NODE_40368_length_504_cov_115.891358	122	202	281	2	80	0.0250000
NODE_40368_length_504_cov_115.891358	122	202	284	3	80	0.0375000
NODE_40368_length_504_cov_115.891358	122	202	287	1	80	0.0125000
NODE_40368_length_504_cov_115.891358	122	202	289	1	80	0.0125000
NODE_40368_length_504_cov_115.891358	122	202	291	1	80	0.0125000
NODE_40368_length_504_cov_115.891358	122	202	292	1	80	0.0125000
NODE_40368_length_504_cov_115.891358	122	202	293	1	80	0.0125000
NODE_40368_length_504_cov_115.891358	122	202	296	4	80	0.0500000
NODE_40368_length_504_cov_115.891358	122	202	302	1	80	0.0125000
NODE_40368_length_504_cov_115.891358	122	202	323	1	80	0.0125000
NODE_40368_length_504_cov_115.891358	122	202	334	1	80	0.0125000
NODE_40368_length_504_cov_115.891358	122	202	335	1	80	0.0125000
NODE_40368_length_504_cov_115.891358	122	202	340	1	80	0.0125000
NODE_40368_length_504_cov_115.891358	122	202	342	7	80	0.0875000
NODE_40368_length_504_cov_115.891358	122	202	358	1	80	0.0125000
NODE_40368_length_504_cov_115.891358	122	202	361	2	80	0.0250000
NODE_40368_length_504_cov_115.891358	122	202	362	1	80	0.0125000
NODE_40368_length_504_cov_115.891358	122	202	366	1	80	0.0125000
NODE_40368_length_504_cov_115.891358	122	202	367	4	80	0.0500000
NODE_40368_length_504_cov_115.891358	122	202	368	2	80	0.0250000
NODE_40368_length_504_cov_115.891358	122	202	373	2	80	0.0250000
NODE_40368_length_504_cov_115.891358	122	202	374	4	80	0.0500000
NODE_40368_length_504_cov_115.891358	122	202	375	2	80	0.0250000
NODE_40368_length_504_cov_115.891358	122	202	376	2	80	0.0250000
NODE_40368_length_504_cov_115.891358	122	202	379	2	80	0.0250000
NODE_40368_length_504_cov_115.891358	175	255	299	2	80	0.0250000
NODE_40368_length_504_cov_115.891358	175	255	300	2	80	0.0250000
NODE_40368_length_504_cov_115.891358	175	255	311	1	80	0.0125000
NODE_40368_length_504_cov_115.891358	175	255	315	1	80	0.0125000
NODE_40368_length_504_cov_115.891358	175	255	320	3	80	0.0375000
NODE_40368_length_504_cov_115.891358	175	255	327	1	80	0.0125000
NODE_40368_length_504_cov_115.891358	175	255	329	3	80	0.0375000
NODE_40368_length_504_cov_115.891358	175	255	331	1	80	0.0125000
NODE_40368_length_504_cov_115.891358	175	255	340	1	80	0.0125000
NODE_40368_length_504_cov_115.891358	175	255	341	1	80	0.0125000
NODE_40368_length_504_cov_115.891358	175	255	342	3	80	0.0375000
NODE_40368_length_504_cov_115.891358	175	255	347	1	80	0.0125000
NODE_40368_length_504_cov_115.891358	175	255	352	1	80	0.0125000
NODE_40368_length_504_cov_115.891358	175	255	354	3	80	0.0375000
NODE_40368_length_504_cov_115.891358	175	255	356	1	80	0.0125000
NODE_40368_length_504_cov_115.891358	175	255	358	1	80	0.0125000
NODE_40368_length_504_cov_115.891358	175	255	361	2	80	0.0250000
NODE_40368_length_504_cov_115.891358	175	255	362	2	80	0.0250000
NODE_40368_length_504_cov_115.891358	175	255	365	1	80	0.0125000
NODE_40368_length_504_cov_115.891358	175	255	366	1	80	0.0125000
NODE_40368_length_504_cov_115.891358	175	255	367	4	80	0.0500000
NODE_40368_length_504_cov_115.891358	175	255	368	2	80	0.0250000
NODE_40368_length_504_cov_115.891358	175	255	373	5	80	0.0625000
NODE_40368_length_504_cov_115.891358	175	255	374	4	80	0.0500000
NODE_40368_length_504_cov_115.891358	175	255	375	2	80	0.0250000
NODE_40368_length_504_cov_115.891358	175	255	376	3	80	0.0375000
NODE_40368_length_504_cov_115.891358	175	255	377	1	80	0.0125000
NODE_40368_length_504_cov_115.891358	175	255	378	3	80	0.0375000
NODE_40368_length_504_cov_115.891358	175	255	379	4	80	0.0500000
NODE_40368_length_504_cov_115.891358	175	255	380	1	80	0.0125000
NODE_40368_length_504_cov_115.891358	175	255	387	2	80	0.0250000
NODE_40368_length_504_cov_115.891358	175	255	389	2	80	0.0250000
NODE_40368_length_504_cov_115.891358	175	255	390	4	80	0.0500000
NODE_40368_length_504_cov_115.891358	175	255	391	5	80	0.0625000
NODE_40368_length_504_cov_115.891358	175	255	392	3	80	0.0375000
NODE_40368_length_504_cov_115.891358	175	255	393	3	80	0.0375000
NODE_40369_length_504_cov_33.360494	28	108	0	42	80	0.5250000
NODE_40369_length_504_cov_33.360494	28	108	2	1	80	0.0125000
NODE_40369_length_504_cov_33.360494	28	108	6	1	80	0.0125000
NODE_40369_length_504_cov_33.360494	28	108	11	24	80	0.3000000
NODE_40369_length_504_cov_33.360494	28	108	12	12	80	0.1500000
NODE_40369_length_504_cov_33.360494	81	161	0	8	80	0.1000000
NODE_40369_length_504_cov_33.360494	81	161	2	1	80	0.0125000
NODE_40369_length_504_cov_33.360494	81	161	11	36	80	0.4500000
NODE_40369_length_504_cov_33.360494	81	161	12	35	80	0.4375000
NODE_40370_length_504_cov_15.669136	176	256	0	80	80	1.0000000
NODE_40370_length_504_cov_15.669136	229	309	0	80	80	1.0000000
NODE_40371_length_504_cov_13.202469	134	215	0	48	81	0.5925926
NODE_40371_length_504_cov_13.202469	134	215	4	33	81	0.4074074
NODE_40371_length_504_cov_13.202469	188	268	4	80	80	1.0000000
NODE_40377_length_504_cov_6.770370	55	135	0	12	80	0.1500000
NODE_40377_length_504_cov_6.770370	55	135	2	68	80	0.8500000
NODE_40377_length_504_cov_6.770370	108	188	0	65	80	0.8125000
NODE_40377_length_504_cov_6.770370	108	188	2	15	80	0.1875000
NODE_40427_length_504_cov_2.234568	359	407	0	22	48	0.4583333
NODE_40427_length_504_cov_2.234568	359	407	2	26	48	0.5416667
NODE_40428_length_504_cov_2.227160	307	370	0	24	63	0.3809524
NODE_40428_length_504_cov_2.227160	307	370	2	39	63	0.6190476
NODE_40434_length_504_cov_2.116049	245	325	0	80	80	1.0000000
NODE_40434_length_504_cov_2.116049	298	378	0	80	80	1.0000000
NODE_40446_length_504_cov_1.925926	196	262	8	58	66	0.8787879
NODE_40446_length_504_cov_1.925926	196	262	10	8	66	0.1212121
NODE_40601_length_503_cov_11.356436	268	348	0	80	80	1.0000000
NODE_40601_length_503_cov_11.356436	321	401	0	80	80	1.0000000
NODE_40615_length_503_cov_5.537129	314	381	2	12	67	0.1791045
NODE_40615_length_503_cov_5.537129	314	381	4	55	67	0.8208955
NODE_40645_length_503_cov_3.012376	264	285	0	21	21	1.0000000
NODE_40652_length_503_cov_2.757426	266	334	2	22	68	0.3235294
NODE_40652_length_503_cov_2.757426	266	334	4	21	68	0.3088235
NODE_40652_length_503_cov_2.757426	266	334	6	25	68	0.3676471
NODE_40652_length_503_cov_2.757426	307	387	4	22	80	0.2750000
NODE_40652_length_503_cov_2.757426	307	387	6	58	80	0.7250000
NODE_40655_length_503_cov_2.705446	158	237	0	79	79	1.0000000
NODE_40655_length_503_cov_2.705446	211	291	0	80	80	1.0000000
NODE_40656_length_503_cov_2.705446	251	331	6	29	80	0.3625000
NODE_40656_length_503_cov_2.705446	251	331	8	20	80	0.2500000
NODE_40656_length_503_cov_2.705446	251	331	10	12	80	0.1500000
NODE_40656_length_503_cov_2.705446	251	331	12	19	80	0.2375000
NODE_40656_length_503_cov_2.705446	251	321	6	19	70	0.2714286
NODE_40656_length_503_cov_2.705446	251	321	8	20	70	0.2857143
NODE_40656_length_503_cov_2.705446	251	321	10	12	70	0.1714286
NODE_40656_length_503_cov_2.705446	251	321	12	19	70	0.2714286
NODE_40656_length_503_cov_2.705446	330	384	0	16	54	0.2962963
NODE_40656_length_503_cov_2.705446	330	384	6	38	54	0.7037037
NODE_40656_length_503_cov_2.705446	338	384	0	16	46	0.3478261
NODE_40656_length_503_cov_2.705446	338	384	6	30	46	0.6521739
NODE_40664_length_503_cov_2.584158	95	163	0	68	68	1.0000000
NODE_40857_length_502_cov_45.292804	353	433	72	3	80	0.0375000
NODE_40857_length_502_cov_45.292804	353	433	75	1	80	0.0125000
NODE_40857_length_502_cov_45.292804	353	433	79	2	80	0.0250000
NODE_40857_length_502_cov_45.292804	353	433	85	2	80	0.0250000
NODE_40857_length_502_cov_45.292804	353	433	86	3	80	0.0375000
NODE_40857_length_502_cov_45.292804	353	433	89	1	80	0.0125000
NODE_40857_length_502_cov_45.292804	353	433	90	3	80	0.0375000
NODE_40857_length_502_cov_45.292804	353	433	91	1	80	0.0125000
NODE_40857_length_502_cov_45.292804	353	433	93	8	80	0.1000000
NODE_40857_length_502_cov_45.292804	353	433	97	2	80	0.0250000
NODE_40857_length_502_cov_45.292804	353	433	98	3	80	0.0375000
NODE_40857_length_502_cov_45.292804	353	433	100	3	80	0.0375000
NODE_40857_length_502_cov_45.292804	353	433	103	14	80	0.1750000
NODE_40857_length_502_cov_45.292804	353	433	104	1	80	0.0125000
NODE_40857_length_502_cov_45.292804	353	433	107	33	80	0.4125000
NODE_40864_length_502_cov_5.980149	305	381	6	76	76	1.0000000
NODE_41070_length_501_cov_208.708955	288	350	227	1	62	0.0161290
NODE_41070_length_501_cov_208.708955	288	350	228	1	62	0.0161290
NODE_41070_length_501_cov_208.708955	288	350	229	1	62	0.0161290
NODE_41070_length_501_cov_208.708955	288	350	240	1	62	0.0161290
NODE_41070_length_501_cov_208.708955	288	350	245	1	62	0.0161290
NODE_41070_length_501_cov_208.708955	288	350	249	1	62	0.0161290
NODE_41070_length_501_cov_208.708955	288	350	256	1	62	0.0161290
NODE_41070_length_501_cov_208.708955	288	350	258	2	62	0.0322581
NODE_41070_length_501_cov_208.708955	288	350	280	1	62	0.0161290
NODE_41070_length_501_cov_208.708955	288	350	291	1	62	0.0161290
NODE_41070_length_501_cov_208.708955	288	350	305	1	62	0.0161290
NODE_41070_length_501_cov_208.708955	288	350	324	3	62	0.0483871
NODE_41070_length_501_cov_208.708955	288	350	325	1	62	0.0161290
NODE_41070_length_501_cov_208.708955	288	350	332	2	62	0.0322581
NODE_41070_length_501_cov_208.708955	288	350	336	1	62	0.0161290
NODE_41070_length_501_cov_208.708955	288	350	339	1	62	0.0161290
NODE_41070_length_501_cov_208.708955	288	350	340	1	62	0.0161290
NODE_41070_length_501_cov_208.708955	288	350	342	1	62	0.0161290
NODE_41070_length_501_cov_208.708955	288	350	344	1	62	0.0161290
NODE_41070_length_501_cov_208.708955	288	350	368	1	62	0.0161290
NODE_41070_length_501_cov_208.708955	288	350	374	3	62	0.0483871
NODE_41070_length_501_cov_208.708955	288	350	382	2	62	0.0322581
NODE_41070_length_501_cov_208.708955	288	350	392	3	62	0.0483871
NODE_41070_length_501_cov_208.708955	288	350	394	1	62	0.0161290
NODE_41070_length_501_cov_208.708955	288	350	404	2	62	0.0322581
NODE_41070_length_501_cov_208.708955	288	350	418	1	62	0.0161290
NODE_41070_length_501_cov_208.708955	288	350	419	1	62	0.0161290
NODE_41070_length_501_cov_208.708955	288	350	422	3	62	0.0483871
NODE_41070_length_501_cov_208.708955	288	350	427	1	62	0.0161290
NODE_41070_length_501_cov_208.708955	288	350	429	1	62	0.0161290
NODE_41070_length_501_cov_208.708955	288	350	430	1	62	0.0161290
NODE_41070_length_501_cov_208.708955	288	350	434	1	62	0.0161290
NODE_41070_length_501_cov_208.708955	288	350	435	2	62	0.0322581
NODE_41070_length_501_cov_208.708955	288	350	436	1	62	0.0161290
NODE_41070_length_501_cov_208.708955	288	350	438	1	62	0.0161290
NODE_41070_length_501_cov_208.708955	288	350	440	3	62	0.0483871
NODE_41070_length_501_cov_208.708955	288	350	441	3	62	0.0483871
NODE_41070_length_501_cov_208.708955	288	350	442	1	62	0.0161290
NODE_41070_length_501_cov_208.708955	288	350	443	2	62	0.0322581
NODE_41070_length_501_cov_208.708955	288	350	444	2	62	0.0322581
NODE_41070_length_501_cov_208.708955	288	350	445	3	62	0.0483871
NODE_41070_length_501_cov_208.708955	327	413	178	1	86	0.0116279
NODE_41070_length_501_cov_208.708955	327	413	179	2	86	0.0232558
NODE_41070_length_501_cov_208.708955	327	413	201	1	86	0.0116279
NODE_41070_length_501_cov_208.708955	327	413	215	1	86	0.0116279
NODE_41070_length_501_cov_208.708955	327	413	223	1	86	0.0116279
NODE_41070_length_501_cov_208.708955	327	413	234	3	86	0.0348837
NODE_41070_length_501_cov_208.708955	327	413	244	1	86	0.0116279
NODE_41070_length_501_cov_208.708955	327	413	261	4	86	0.0465116
NODE_41070_length_501_cov_208.708955	327	413	265	1	86	0.0116279
NODE_41070_length_501_cov_208.708955	327	413	272	2	86	0.0232558
NODE_41070_length_501_cov_208.708955	327	413	286	2	86	0.0232558
NODE_41070_length_501_cov_208.708955	327	413	293	1	86	0.0116279
NODE_41070_length_501_cov_208.708955	327	413	314	1	86	0.0116279
NODE_41070_length_501_cov_208.708955	327	413	315	3	86	0.0348837
NODE_41070_length_501_cov_208.708955	327	413	331	1	86	0.0116279
NODE_41070_length_501_cov_208.708955	327	413	336	1	86	0.0116279
NODE_41070_length_501_cov_208.708955	327	413	344	1	86	0.0116279
NODE_41070_length_501_cov_208.708955	327	413	358	1	86	0.0116279
NODE_41070_length_501_cov_208.708955	327	413	362	2	86	0.0232558
NODE_41070_length_501_cov_208.708955	327	413	363	1	86	0.0116279
NODE_41070_length_501_cov_208.708955	327	413	371	6	86	0.0697674
NODE_41070_length_501_cov_208.708955	327	413	373	1	86	0.0116279
NODE_41070_length_501_cov_208.708955	327	413	375	2	86	0.0232558
NODE_41070_length_501_cov_208.708955	327	413	388	1	86	0.0116279
NODE_41070_length_501_cov_208.708955	327	413	389	1	86	0.0116279
NODE_41070_length_501_cov_208.708955	327	413	392	1	86	0.0116279
NODE_41070_length_501_cov_208.708955	327	413	398	2	86	0.0232558
NODE_41070_length_501_cov_208.708955	327	413	400	2	86	0.0232558
NODE_41070_length_501_cov_208.708955	327	413	402	1	86	0.0116279
NODE_41070_length_501_cov_208.708955	327	413	403	1	86	0.0116279
NODE_41070_length_501_cov_208.708955	327	413	407	3	86	0.0348837
NODE_41070_length_501_cov_208.708955	327	413	414	1	86	0.0116279
NODE_41070_length_501_cov_208.708955	327	413	420	1	86	0.0116279
NODE_41070_length_501_cov_208.708955	327	413	422	1	86	0.0116279
NODE_41070_length_501_cov_208.708955	327	413	423	1	86	0.0116279
NODE_41070_length_501_cov_208.708955	327	413	427	1	86	0.0116279
NODE_41070_length_501_cov_208.708955	327	413	429	1	86	0.0116279
NODE_41070_length_501_cov_208.708955	327	413	430	1	86	0.0116279
NODE_41070_length_501_cov_208.708955	327	413	431	1	86	0.0116279
NODE_41070_length_501_cov_208.708955	327	413	432	2	86	0.0232558
NODE_41070_length_501_cov_208.708955	327	413	434	1	86	0.0116279
NODE_41070_length_501_cov_208.708955	327	413	435	3	86	0.0348837
NODE_41070_length_501_cov_208.708955	327	413	436	2	86	0.0232558
NODE_41070_length_501_cov_208.708955	327	413	438	1	86	0.0116279
NODE_41070_length_501_cov_208.708955	327	413	440	3	86	0.0348837
NODE_41070_length_501_cov_208.708955	327	413	441	3	86	0.0348837
NODE_41070_length_501_cov_208.708955	327	413	442	1	86	0.0116279
NODE_41070_length_501_cov_208.708955	327	413	443	3	86	0.0348837
NODE_41070_length_501_cov_208.708955	327	413	444	3	86	0.0348837
NODE_41070_length_501_cov_208.708955	327	413	445	4	86	0.0465116
NODE_41071_length_501_cov_29.126866	23	103	0	80	80	1.0000000
NODE_41071_length_501_cov_29.126866	76	156	0	80	80	1.0000000
NODE_41072_length_501_cov_23.736318	85	165	0	24	80	0.3000000
NODE_41072_length_501_cov_23.736318	85	165	12	9	80	0.1125000
NODE_41072_length_501_cov_23.736318	85	165	13	6	80	0.0750000
NODE_41072_length_501_cov_23.736318	85	165	17	1	80	0.0125000
NODE_41072_length_501_cov_23.736318	85	165	18	40	80	0.5000000
NODE_41072_length_501_cov_23.736318	138	218	4	4	80	0.0500000
NODE_41072_length_501_cov_23.736318	138	218	18	76	80	0.9500000
NODE_41075_length_501_cov_7.820896	270	350	0	26	80	0.3250000
NODE_41075_length_501_cov_7.820896	270	350	2	7	80	0.0875000
NODE_41075_length_501_cov_7.820896	270	350	4	6	80	0.0750000
NODE_41075_length_501_cov_7.820896	270	350	6	19	80	0.2375000
NODE_41075_length_501_cov_7.820896	270	350	8	11	80	0.1375000
NODE_41075_length_501_cov_7.820896	270	350	9	11	80	0.1375000
NODE_41075_length_501_cov_7.820896	323	403	6	5	80	0.0625000
NODE_41075_length_501_cov_7.820896	323	403	8	11	80	0.1375000
NODE_41075_length_501_cov_7.820896	323	403	9	33	80	0.4125000
NODE_41075_length_501_cov_7.820896	323	403	10	31	80	0.3875000
NODE_41080_length_501_cov_6.437811	309	389	0	80	80	1.0000000
NODE_41097_length_501_cov_3.656716	289	312	2	23	23	1.0000000
NODE_41097_length_501_cov_3.656716	355	420	0	65	65	1.0000000
NODE_41103_length_501_cov_3.477612	329	409	0	80	80	1.0000000
NODE_41109_length_501_cov_3.134328	266	345	6	1	79	0.0126582
NODE_41109_length_501_cov_3.134328	266	345	10	23	79	0.2911392
NODE_41109_length_501_cov_3.134328	266	345	12	55	79	0.6962025
NODE_41308_length_500_cov_77.895262	456	500	4	2	44	0.0454545
NODE_41308_length_500_cov_77.895262	456	500	7	6	44	0.1363636
NODE_41308_length_500_cov_77.895262	456	500	8	1	44	0.0227273
NODE_41308_length_500_cov_77.895262	456	500	11	2	44	0.0454545
NODE_41308_length_500_cov_77.895262	456	500	12	7	44	0.1590909
NODE_41308_length_500_cov_77.895262	456	500	13	8	44	0.1818182
NODE_41308_length_500_cov_77.895262	456	500	15	18	44	0.4090909
NODE_41309_length_500_cov_35.805486	326	406	4	40	80	0.5000000
NODE_41309_length_500_cov_35.805486	326	406	8	40	80	0.5000000
NODE_41309_length_500_cov_35.805486	379	459	0	37	80	0.4625000
NODE_41309_length_500_cov_35.805486	379	459	2	6	80	0.0750000
NODE_41309_length_500_cov_35.805486	379	459	4	37	80	0.4625000
NODE_41310_length_500_cov_13.084788	160	221	0	61	61	1.0000000
NODE_41311_length_500_cov_12.650873	215	295	2	80	80	1.0000000
NODE_41311_length_500_cov_12.650873	268	348	0	49	80	0.6125000
NODE_41311_length_500_cov_12.650873	268	348	2	31	80	0.3875000
NODE_41312_length_500_cov_12.009975	203	268	2	32	65	0.4923077
NODE_41312_length_500_cov_12.009975	203	268	4	33	65	0.5076923
NODE_41312_length_500_cov_12.009975	241	321	3	11	80	0.1375000
NODE_41312_length_500_cov_12.009975	241	321	4	69	80	0.8625000
NODE_41325_length_500_cov_4.653367	224	295	0	71	71	1.0000000
NODE_41415_length_500_cov_1.650873	355	435	0	78	80	0.9750000
NODE_41415_length_500_cov_1.650873	355	435	2	2	80	0.0250000
NODE_41415_length_500_cov_1.650873	408	488	0	80	80	1.0000000
NODE_41462_length_500_cov_1.231920	169	212	2	32	43	0.7441860
NODE_41462_length_500_cov_1.231920	169	212	4	11	43	0.2558140
NODE_41542_length_499_cov_358.730000	425	492	27	2	67	0.0298507
NODE_41542_length_499_cov_358.730000	425	492	29	1	67	0.0149254
NODE_41542_length_499_cov_358.730000	425	492	40	1	67	0.0149254
NODE_41542_length_499_cov_358.730000	425	492	44	1	67	0.0149254
NODE_41542_length_499_cov_358.730000	425	492	46	1	67	0.0149254
NODE_41542_length_499_cov_358.730000	425	492	51	1	67	0.0149254
NODE_41542_length_499_cov_358.730000	425	492	54	1	67	0.0149254
NODE_41542_length_499_cov_358.730000	425	492	56	1	67	0.0149254
NODE_41542_length_499_cov_358.730000	425	492	59	1	67	0.0149254
NODE_41542_length_499_cov_358.730000	425	492	60	1	67	0.0149254
NODE_41542_length_499_cov_358.730000	425	492	62	1	67	0.0149254
NODE_41542_length_499_cov_358.730000	425	492	69	1	67	0.0149254
NODE_41542_length_499_cov_358.730000	425	492	73	1	67	0.0149254
NODE_41542_length_499_cov_358.730000	425	492	76	1	67	0.0149254
NODE_41542_length_499_cov_358.730000	425	492	81	3	67	0.0447761
NODE_41542_length_499_cov_358.730000	425	492	82	2	67	0.0298507
NODE_41542_length_499_cov_358.730000	425	492	88	1	67	0.0149254
NODE_41542_length_499_cov_358.730000	425	492	90	1	67	0.0149254
NODE_41542_length_499_cov_358.730000	425	492	91	1	67	0.0149254
NODE_41542_length_499_cov_358.730000	425	492	92	2	67	0.0298507
NODE_41542_length_499_cov_358.730000	425	492	93	7	67	0.1044776
NODE_41542_length_499_cov_358.730000	425	492	95	3	67	0.0447761
NODE_41542_length_499_cov_358.730000	425	492	97	5	67	0.0746269
NODE_41542_length_499_cov_358.730000	425	492	99	1	67	0.0149254
NODE_41542_length_499_cov_358.730000	425	492	101	1	67	0.0149254
NODE_41542_length_499_cov_358.730000	425	492	103	1	67	0.0149254
NODE_41542_length_499_cov_358.730000	425	492	106	10	67	0.1492537
NODE_41542_length_499_cov_358.730000	425	492	107	4	67	0.0597015
NODE_41542_length_499_cov_358.730000	425	492	110	4	67	0.0597015
NODE_41542_length_499_cov_358.730000	425	492	112	1	67	0.0149254
NODE_41542_length_499_cov_358.730000	425	492	113	1	67	0.0149254
NODE_41542_length_499_cov_358.730000	425	492	115	1	67	0.0149254
NODE_41542_length_499_cov_358.730000	425	492	117	3	67	0.0447761
NODE_41543_length_499_cov_21.135000	52	132	0	80	80	1.0000000
NODE_41543_length_499_cov_21.135000	105	185	0	80	80	1.0000000
NODE_41544_length_499_cov_11.917500	50	130	2	39	80	0.4875000
NODE_41544_length_499_cov_11.917500	50	130	4	41	80	0.5125000
NODE_41544_length_499_cov_11.917500	103	183	2	29	80	0.3625000
NODE_41544_length_499_cov_11.917500	103	183	4	51	80	0.6375000
NODE_41549_length_499_cov_5.007500	0	54	0	54	54	1.0000000
NODE_41563_length_499_cov_3.482500	307	336	5	4	29	0.1379310
NODE_41563_length_499_cov_3.482500	307	336	6	25	29	0.8620690
NODE_41594_length_499_cov_2.420000	198	247	0	49	49	1.0000000
NODE_41662_length_499_cov_1.445000	311	372	0	61	61	1.0000000
NODE_41770_length_498_cov_31.704261	12	92	0	10	80	0.1250000
NODE_41770_length_498_cov_31.704261	12	92	2	32	80	0.4000000
NODE_41770_length_498_cov_31.704261	12	92	4	1	80	0.0125000
NODE_41770_length_498_cov_31.704261	12	92	6	3	80	0.0375000
NODE_41770_length_498_cov_31.704261	12	92	8	14	80	0.1750000
NODE_41770_length_498_cov_31.704261	12	92	14	20	80	0.2500000
NODE_41770_length_498_cov_31.704261	65	145	8	7	80	0.0875000
NODE_41770_length_498_cov_31.704261	65	145	14	36	80	0.4500000
NODE_41770_length_498_cov_31.704261	65	145	15	1	80	0.0125000
NODE_41770_length_498_cov_31.704261	65	145	16	36	80	0.4500000
NODE_41775_length_498_cov_7.002506	256	336	2	2	80	0.0250000
NODE_41775_length_498_cov_7.002506	256	336	4	78	80	0.9750000
NODE_41780_length_498_cov_5.759398	217	247	12	5	30	0.1666667
NODE_41780_length_498_cov_5.759398	217	247	14	15	30	0.5000000
NODE_41780_length_498_cov_5.759398	217	247	16	10	30	0.3333333
NODE_41814_length_498_cov_3.075188	225	262	17	1	37	0.0270270
NODE_41814_length_498_cov_3.075188	225	262	18	2	37	0.0540541
NODE_41814_length_498_cov_3.075188	225	262	20	26	37	0.7027027
NODE_41814_length_498_cov_3.075188	225	262	24	8	37	0.2162162
NODE_41814_length_498_cov_3.075188	246	324	20	8	78	0.1025641
NODE_41814_length_498_cov_3.075188	246	324	24	8	78	0.1025641
NODE_41814_length_498_cov_3.075188	246	324	26	5	78	0.0641026
NODE_41814_length_498_cov_3.075188	246	324	28	3	78	0.0384615
NODE_41814_length_498_cov_3.075188	246	324	30	7	78	0.0897436
NODE_41814_length_498_cov_3.075188	246	324	32	34	78	0.4358974
NODE_41814_length_498_cov_3.075188	246	324	34	13	78	0.1666667
NODE_42016_length_497_cov_44.105528	169	249	7	12	80	0.1500000
NODE_42016_length_497_cov_44.105528	169	249	9	7	80	0.0875000
NODE_42016_length_497_cov_44.105528	169	249	11	10	80	0.1250000
NODE_42016_length_497_cov_44.105528	169	249	13	7	80	0.0875000
NODE_42016_length_497_cov_44.105528	169	249	15	44	80	0.5500000
NODE_42016_length_497_cov_44.105528	222	302	2	12	80	0.1500000
NODE_42016_length_497_cov_44.105528	222	302	8	5	80	0.0625000
NODE_42016_length_497_cov_44.105528	222	302	9	8	80	0.1000000
NODE_42016_length_497_cov_44.105528	222	302	11	26	80	0.3250000
NODE_42016_length_497_cov_44.105528	222	302	13	19	80	0.2375000
NODE_42016_length_497_cov_44.105528	222	302	15	10	80	0.1250000
NODE_42017_length_497_cov_10.145729	85	165	8	50	80	0.6250000
NODE_42017_length_497_cov_10.145729	85	165	9	7	80	0.0875000
NODE_42017_length_497_cov_10.145729	85	165	10	23	80	0.2875000
NODE_42017_length_497_cov_10.145729	138	226	0	4	88	0.0454545
NODE_42017_length_497_cov_10.145729	138	226	2	16	88	0.1818182
NODE_42017_length_497_cov_10.145729	138	226	8	29	88	0.3295455
NODE_42017_length_497_cov_10.145729	138	226	9	19	88	0.2159091
NODE_42017_length_497_cov_10.145729	138	226	10	20	88	0.2272727
NODE_42024_length_497_cov_6.618090	231	304	0	73	73	1.0000000
NODE_42024_length_497_cov_6.618090	284	364	0	80	80	1.0000000
NODE_42065_length_497_cov_2.889447	109	189	2	68	80	0.8500000
NODE_42065_length_497_cov_2.889447	109	189	4	12	80	0.1500000
NODE_42065_length_497_cov_2.889447	162	242	2	15	80	0.1875000
NODE_42065_length_497_cov_2.889447	162	242	3	22	80	0.2750000
NODE_42065_length_497_cov_2.889447	162	242	4	43	80	0.5375000
NODE_42071_length_497_cov_2.623116	302	368	0	9	66	0.1363636
NODE_42071_length_497_cov_2.623116	302	368	2	23	66	0.3484848
NODE_42071_length_497_cov_2.623116	302	368	4	34	66	0.5151515
NODE_42071_length_497_cov_2.623116	355	406	4	51	51	1.0000000
NODE_42100_length_497_cov_1.909548	106	186	2	15	80	0.1875000
NODE_42100_length_497_cov_1.909548	106	186	3	10	80	0.1250000
NODE_42100_length_497_cov_1.909548	106	186	6	14	80	0.1750000
NODE_42100_length_497_cov_1.909548	106	186	8	11	80	0.1375000
NODE_42100_length_497_cov_1.909548	106	186	10	2	80	0.0250000
NODE_42100_length_497_cov_1.909548	106	186	11	1	80	0.0125000
NODE_42100_length_497_cov_1.909548	106	186	12	3	80	0.0375000
NODE_42100_length_497_cov_1.909548	106	186	14	3	80	0.0375000
NODE_42100_length_497_cov_1.909548	106	186	16	3	80	0.0375000
NODE_42100_length_497_cov_1.909548	106	186	17	12	80	0.1500000
NODE_42100_length_497_cov_1.909548	106	186	18	6	80	0.0750000
NODE_42100_length_497_cov_1.909548	159	240	12	3	81	0.0370370
NODE_42100_length_497_cov_1.909548	159	240	14	3	81	0.0370370
NODE_42100_length_497_cov_1.909548	159	240	16	3	81	0.0370370
NODE_42100_length_497_cov_1.909548	159	240	17	12	81	0.1481481
NODE_42100_length_497_cov_1.909548	159	240	18	23	81	0.2839506
NODE_42100_length_497_cov_1.909548	159	240	22	1	81	0.0123457
NODE_42100_length_497_cov_1.909548	159	240	26	1	81	0.0123457
NODE_42100_length_497_cov_1.909548	159	240	32	1	81	0.0123457
NODE_42100_length_497_cov_1.909548	159	240	36	1	81	0.0123457
NODE_42100_length_497_cov_1.909548	159	240	38	2	81	0.0246914
NODE_42100_length_497_cov_1.909548	159	240	44	1	81	0.0123457
NODE_42100_length_497_cov_1.909548	159	240	46	2	81	0.0246914
NODE_42100_length_497_cov_1.909548	159	240	50	3	81	0.0370370
NODE_42100_length_497_cov_1.909548	159	240	54	3	81	0.0370370
NODE_42100_length_497_cov_1.909548	159	240	56	1	81	0.0123457
NODE_42100_length_497_cov_1.909548	159	240	62	1	81	0.0123457
NODE_42100_length_497_cov_1.909548	159	240	64	6	81	0.0740741
NODE_42100_length_497_cov_1.909548	159	240	66	14	81	0.1728395
NODE_42100_length_497_cov_1.909548	262	324	10	3	62	0.0483871
NODE_42100_length_497_cov_1.909548	262	324	12	2	62	0.0322581
NODE_42100_length_497_cov_1.909548	262	324	14	1	62	0.0161290
NODE_42100_length_497_cov_1.909548	262	324	16	1	62	0.0161290
NODE_42100_length_497_cov_1.909548	262	324	18	2	62	0.0322581
NODE_42100_length_497_cov_1.909548	262	324	20	1	62	0.0161290
NODE_42100_length_497_cov_1.909548	262	324	24	1	62	0.0161290
NODE_42100_length_497_cov_1.909548	262	324	26	1	62	0.0161290
NODE_42100_length_497_cov_1.909548	262	324	29	1	62	0.0161290
NODE_42100_length_497_cov_1.909548	262	324	38	1	62	0.0161290
NODE_42100_length_497_cov_1.909548	262	324	44	1	62	0.0161290
NODE_42100_length_497_cov_1.909548	262	324	47	1	62	0.0161290
NODE_42100_length_497_cov_1.909548	262	324	50	2	62	0.0322581
NODE_42100_length_497_cov_1.909548	262	324	51	1	62	0.0161290
NODE_42100_length_497_cov_1.909548	262	324	54	3	62	0.0483871
NODE_42100_length_497_cov_1.909548	262	324	56	2	62	0.0322581
NODE_42100_length_497_cov_1.909548	262	324	58	5	62	0.0806452
NODE_42100_length_497_cov_1.909548	262	324	60	10	62	0.1612903
NODE_42100_length_497_cov_1.909548	262	324	61	4	62	0.0645161
NODE_42100_length_497_cov_1.909548	262	324	62	2	62	0.0322581
NODE_42100_length_497_cov_1.909548	262	324	63	4	62	0.0645161
NODE_42100_length_497_cov_1.909548	262	324	64	13	62	0.2096774
NODE_42131_length_497_cov_1.500000	259	339	0	80	80	1.0000000
NODE_42136_length_497_cov_1.404523	211	263	0	52	52	1.0000000
NODE_42279_length_496_cov_5.619647	239	269	0	30	30	1.0000000
NODE_42281_length_496_cov_5.392947	103	168	0	65	65	1.0000000
NODE_42281_length_496_cov_5.392947	141	221	0	80	80	1.0000000
NODE_42281_length_496_cov_5.392947	217	295	0	78	78	1.0000000
NODE_42281_length_496_cov_5.392947	270	295	0	25	25	1.0000000
NODE_42287_length_496_cov_4.397985	388	467	0	16	79	0.2025317
NODE_42287_length_496_cov_4.397985	388	467	2	63	79	0.7974684
NODE_42288_length_496_cov_4.193955	235	315	4	2	80	0.0250000
NODE_42288_length_496_cov_4.193955	235	315	6	7	80	0.0875000
NODE_42288_length_496_cov_4.193955	235	315	7	3	80	0.0375000
NODE_42288_length_496_cov_4.193955	235	315	9	25	80	0.3125000
NODE_42288_length_496_cov_4.193955	235	315	10	43	80	0.5375000
NODE_42297_length_496_cov_3.531486	192	273	3	7	81	0.0864198
NODE_42297_length_496_cov_3.531486	192	273	5	1	81	0.0123457
NODE_42297_length_496_cov_3.531486	192	273	9	3	81	0.0370370
NODE_42297_length_496_cov_3.531486	192	273	10	7	81	0.0864198
NODE_42297_length_496_cov_3.531486	192	273	12	2	81	0.0246914
NODE_42297_length_496_cov_3.531486	192	273	18	7	81	0.0864198
NODE_42297_length_496_cov_3.531486	192	273	20	54	81	0.6666667
NODE_42297_length_496_cov_3.531486	245	325	13	25	80	0.3125000
NODE_42297_length_496_cov_3.531486	245	325	15	7	80	0.0875000
NODE_42297_length_496_cov_3.531486	245	325	16	6	80	0.0750000
NODE_42297_length_496_cov_3.531486	245	325	18	19	80	0.2375000
NODE_42297_length_496_cov_3.531486	245	325	20	23	80	0.2875000
NODE_42298_length_496_cov_3.377834	252	332	4	80	80	1.0000000
NODE_42298_length_496_cov_3.377834	305	383	0	33	78	0.4230769
NODE_42298_length_496_cov_3.377834	305	383	2	11	78	0.1410256
NODE_42298_length_496_cov_3.377834	305	383	4	34	78	0.4358974
NODE_42316_length_496_cov_2.659950	203	251	0	48	48	1.0000000
NODE_42328_length_496_cov_2.445844	95	165	0	70	70	1.0000000
NODE_42328_length_496_cov_2.445844	148	228	0	80	80	1.0000000
NODE_42333_length_496_cov_2.214106	299	359	32	10	60	0.1666667
NODE_42333_length_496_cov_2.214106	299	359	34	14	60	0.2333333
NODE_42333_length_496_cov_2.214106	299	359	38	36	60	0.6000000
NODE_42415_length_496_cov_1.395466	273	317	0	44	44	1.0000000
NODE_42461_length_496_cov_0.979849	214	294	0	80	80	1.0000000
NODE_42525_length_495_cov_34.888889	209	264	12	21	55	0.3818182
NODE_42525_length_495_cov_34.888889	209	264	16	25	55	0.4545455
NODE_42525_length_495_cov_34.888889	209	264	17	5	55	0.0909091
NODE_42525_length_495_cov_34.888889	209	264	18	4	55	0.0727273
NODE_42526_length_495_cov_12.800505	268	348	0	80	80	1.0000000
NODE_42526_length_495_cov_12.800505	321	401	0	80	80	1.0000000
NODE_42529_length_495_cov_7.080808	386	416	0	30	30	1.0000000
NODE_42548_length_495_cov_3.868687	218	298	2	26	80	0.3250000
NODE_42548_length_495_cov_3.868687	218	298	3	18	80	0.2250000
NODE_42548_length_495_cov_3.868687	218	298	4	36	80	0.4500000
NODE_42736_length_495_cov_0.792929	274	309	0	35	35	1.0000000
NODE_42773_length_494_cov_20.096203	182	262	0	23	80	0.2875000
NODE_42773_length_494_cov_20.096203	182	262	1	7	80	0.0875000
NODE_42773_length_494_cov_20.096203	182	262	2	20	80	0.2500000
NODE_42773_length_494_cov_20.096203	182	262	4	30	80	0.3750000
NODE_42773_length_494_cov_20.096203	235	315	2	9	80	0.1125000
NODE_42773_length_494_cov_20.096203	235	315	4	71	80	0.8875000
NODE_42778_length_494_cov_7.498734	187	240	2	53	53	1.0000000
NODE_42788_length_494_cov_4.283544	255	332	0	77	77	1.0000000
NODE_42804_length_494_cov_3.496203	209	276	0	24	67	0.3582090
NODE_42804_length_494_cov_3.496203	209	276	2	43	67	0.6417910
NODE_42812_length_494_cov_3.032911	385	432	2	10	47	0.2127660
NODE_42812_length_494_cov_3.032911	385	432	3	7	47	0.1489362
NODE_42812_length_494_cov_3.032911	385	432	5	16	47	0.3404255
NODE_42812_length_494_cov_3.032911	385	432	9	14	47	0.2978723
NODE_42816_length_494_cov_2.908861	189	269	11	16	80	0.2000000
NODE_42816_length_494_cov_2.908861	189	269	12	6	80	0.0750000
NODE_42816_length_494_cov_2.908861	189	269	15	8	80	0.1000000
NODE_42816_length_494_cov_2.908861	189	269	16	46	80	0.5750000
NODE_42816_length_494_cov_2.908861	189	269	17	4	80	0.0500000
NODE_42822_length_494_cov_2.777215	145	188	0	43	43	1.0000000
NODE_42834_length_494_cov_2.531646	371	430	0	59	59	1.0000000
NODE_42834_length_494_cov_2.531646	428	494	0	66	66	1.0000000
NODE_43021_length_493_cov_34.946701	140	220	0	80	80	1.0000000
NODE_43021_length_493_cov_34.946701	193	265	0	72	72	1.0000000
NODE_43022_length_493_cov_12.451777	173	253	0	53	80	0.6625000
NODE_43022_length_493_cov_12.451777	173	253	2	27	80	0.3375000
NODE_43022_length_493_cov_12.451777	226	306	2	80	80	1.0000000
NODE_43025_length_493_cov_8.540609	116	146	2	30	30	1.0000000
NODE_43025_length_493_cov_8.540609	119	199	2	80	80	1.0000000
NODE_43031_length_493_cov_6.144670	300	380	0	19	80	0.2375000
NODE_43031_length_493_cov_6.144670	300	380	2	61	80	0.7625000
NODE_43031_length_493_cov_6.144670	353	433	2	80	80	1.0000000
NODE_43046_length_493_cov_3.840102	178	258	0	80	80	1.0000000
NODE_43046_length_493_cov_3.840102	231	311	0	80	80	1.0000000
NODE_43125_length_493_cov_1.588832	126	206	0	80	80	1.0000000
NODE_43125_length_493_cov_1.588832	179	259	0	80	80	1.0000000
NODE_43261_length_492_cov_5.488550	117	197	0	80	80	1.0000000
NODE_43261_length_492_cov_5.488550	170	250	0	80	80	1.0000000
NODE_43270_length_492_cov_4.445293	158	234	0	47	76	0.6184211
NODE_43270_length_492_cov_4.445293	158	234	4	29	76	0.3815790
NODE_43270_length_492_cov_4.445293	207	285	4	78	78	1.0000000
NODE_43273_length_492_cov_4.244275	272	315	0	43	43	1.0000000
NODE_43293_length_492_cov_3.297710	113	193	0	80	80	1.0000000
NODE_43528_length_491_cov_17.196429	138	218	0	24	80	0.3000000
NODE_43528_length_491_cov_17.196429	138	218	2	56	80	0.7000000
NODE_43528_length_491_cov_17.196429	191	271	0	43	80	0.5375000
NODE_43528_length_491_cov_17.196429	191	271	2	37	80	0.4625000
NODE_43529_length_491_cov_17.193878	77	157	2	80	80	1.0000000
NODE_43529_length_491_cov_17.193878	130	210	0	30	80	0.3750000
NODE_43529_length_491_cov_17.193878	130	210	2	50	80	0.6250000
NODE_43535_length_491_cov_5.505102	215	284	2	13	69	0.1884058
NODE_43535_length_491_cov_5.505102	215	284	4	56	69	0.8115942
NODE_43535_length_491_cov_5.505102	215	295	2	24	80	0.3000000
NODE_43535_length_491_cov_5.505102	215	295	4	56	80	0.7000000
NODE_43535_length_491_cov_5.505102	268	348	0	14	80	0.1750000
NODE_43535_length_491_cov_5.505102	268	348	2	56	80	0.7000000
NODE_43535_length_491_cov_5.505102	268	348	4	10	80	0.1250000
NODE_43536_length_491_cov_5.477041	169	222	2	53	53	1.0000000
NODE_43546_length_491_cov_4.176020	383	449	0	66	66	1.0000000
NODE_43546_length_491_cov_4.176020	422	476	0	54	54	1.0000000
NODE_43570_length_491_cov_2.887755	348	428	0	80	80	1.0000000
NODE_43570_length_491_cov_2.887755	401	472	0	71	71	1.0000000
NODE_43575_length_491_cov_2.693878	239	316	0	34	77	0.4415585
NODE_43575_length_491_cov_2.693878	239	316	2	43	77	0.5584416
NODE_43744_length_490_cov_10.058824	192	272	0	5	80	0.0625000
NODE_43744_length_490_cov_10.058824	192	272	2	75	80	0.9375000
NODE_43744_length_490_cov_10.058824	245	325	0	42	80	0.5250000
NODE_43744_length_490_cov_10.058824	245	325	2	38	80	0.4750000
NODE_43748_length_490_cov_6.652174	304	363	8	46	59	0.7796610
NODE_43748_length_490_cov_6.652174	304	363	10	13	59	0.2203390
NODE_43816_length_490_cov_2.212276	241	300	0	59	59	1.0000000
NODE_43816_length_490_cov_2.212276	280	358	0	78	78	1.0000000
NODE_43886_length_490_cov_1.360614	97	159	5	62	62	1.0000000
NODE_43886_length_490_cov_1.360614	132	212	1	16	80	0.2000000
NODE_43886_length_490_cov_1.360614	132	212	2	17	80	0.2125000
NODE_43886_length_490_cov_1.360614	132	212	5	28	80	0.3500000
NODE_43886_length_490_cov_1.360614	132	212	6	19	80	0.2375000
NODE_43993_length_489_cov_55.992308	50	130	0	80	80	1.0000000
NODE_43993_length_489_cov_55.992308	103	183	0	80	80	1.0000000
NODE_43993_length_489_cov_55.992308	179	259	0	80	80	1.0000000
NODE_43993_length_489_cov_55.992308	232	312	0	80	80	1.0000000
NODE_43994_length_489_cov_31.707692	299	384	34	5	85	0.0588235
NODE_43994_length_489_cov_31.707692	299	384	35	13	85	0.1529412
NODE_43994_length_489_cov_31.707692	299	384	43	5	85	0.0588235
NODE_43994_length_489_cov_31.707692	299	384	48	17	85	0.2000000
NODE_43994_length_489_cov_31.707692	299	384	50	6	85	0.0705882
NODE_43994_length_489_cov_31.707692	299	384	52	8	85	0.0941176
NODE_43994_length_489_cov_31.707692	299	384	53	1	85	0.0117647
NODE_43994_length_489_cov_31.707692	299	384	54	4	85	0.0470588
NODE_43994_length_489_cov_31.707692	299	384	57	2	85	0.0235294
NODE_43994_length_489_cov_31.707692	299	384	58	10	85	0.1176471
NODE_43994_length_489_cov_31.707692	299	384	59	7	85	0.0823529
NODE_43994_length_489_cov_31.707692	299	384	60	7	85	0.0823529
NODE_43994_length_489_cov_31.707692	299	384	34	5	85	0.0588235
NODE_43994_length_489_cov_31.707692	299	384	35	13	85	0.1529412
NODE_43994_length_489_cov_31.707692	299	384	43	5	85	0.0588235
NODE_43994_length_489_cov_31.707692	299	384	48	17	85	0.2000000
NODE_43994_length_489_cov_31.707692	299	384	50	6	85	0.0705882
NODE_43994_length_489_cov_31.707692	299	384	52	8	85	0.0941176
NODE_43994_length_489_cov_31.707692	299	384	53	1	85	0.0117647
NODE_43994_length_489_cov_31.707692	299	384	54	4	85	0.0470588
NODE_43994_length_489_cov_31.707692	299	384	57	2	85	0.0235294
NODE_43994_length_489_cov_31.707692	299	384	58	10	85	0.1176471
NODE_43994_length_489_cov_31.707692	299	384	59	7	85	0.0823529
NODE_43994_length_489_cov_31.707692	299	384	60	7	85	0.0823529
NODE_43996_length_489_cov_13.661538	227	307	2	2	80	0.0250000
NODE_43996_length_489_cov_13.661538	227	307	6	34	80	0.4250000
NODE_43996_length_489_cov_13.661538	227	307	8	44	80	0.5500000
NODE_43996_length_489_cov_13.661538	280	358	2	53	78	0.6794872
NODE_43996_length_489_cov_13.661538	280	358	8	25	78	0.3205128
NODE_43997_length_489_cov_12.017949	214	294	0	67	80	0.8375000
NODE_43997_length_489_cov_12.017949	214	294	4	13	80	0.1625000
NODE_43997_length_489_cov_12.017949	267	347	0	14	80	0.1750000
NODE_43997_length_489_cov_12.017949	267	347	4	47	80	0.5875000
NODE_43997_length_489_cov_12.017949	267	347	5	2	80	0.0250000
NODE_43997_length_489_cov_12.017949	267	347	8	17	80	0.2125000
NODE_43998_length_489_cov_10.774359	262	304	0	15	42	0.3571429
NODE_43998_length_489_cov_10.774359	262	304	4	27	42	0.6428571
NODE_44001_length_489_cov_8.094872	141	221	0	80	80	1.0000000
NODE_44001_length_489_cov_8.094872	194	247	0	53	53	1.0000000
NODE_44007_length_489_cov_5.284615	176	256	0	80	80	1.0000000
NODE_44007_length_489_cov_5.284615	229	309	0	80	80	1.0000000
NODE_44096_length_489_cov_1.646154	234	278	0	44	44	1.0000000
NODE_44105_length_489_cov_1.574359	351	391	2	25	40	0.6250000
NODE_44105_length_489_cov_1.574359	351	391	4	15	40	0.3750000
NODE_44105_length_489_cov_1.574359	351	383	2	17	32	0.5312500
NODE_44105_length_489_cov_1.574359	351	383	4	15	32	0.4687500
NODE_44105_length_489_cov_1.574359	365	445	2	72	80	0.9000000
NODE_44105_length_489_cov_1.574359	365	445	4	8	80	0.1000000
NODE_44105_length_489_cov_1.574359	365	445	2	72	80	0.9000000
NODE_44105_length_489_cov_1.574359	365	445	4	8	80	0.1000000
NODE_44105_length_489_cov_1.574359	366	445	2	72	79	0.9113924
NODE_44105_length_489_cov_1.574359	366	445	4	7	79	0.0886076
NODE_44231_length_488_cov_15.406170	235	313	0	78	78	1.0000000
NODE_44231_length_488_cov_15.406170	286	367	0	34	81	0.4197531
NODE_44231_length_488_cov_15.406170	286	367	3	13	81	0.1604938
NODE_44231_length_488_cov_15.406170	286	367	4	34	81	0.4197531
NODE_44234_length_488_cov_8.416452	210	290	2	6	80	0.0750000
NODE_44234_length_488_cov_8.416452	210	290	4	74	80	0.9250000
NODE_44234_length_488_cov_8.416452	263	343	2	14	80	0.1750000
NODE_44234_length_488_cov_8.416452	263	343	4	66	80	0.8250000
NODE_44240_length_488_cov_6.084833	254	302	10	6	48	0.1250000
NODE_44240_length_488_cov_6.084833	254	302	12	20	48	0.4166667
NODE_44240_length_488_cov_6.084833	254	302	14	22	48	0.4583333
NODE_44243_length_488_cov_5.434447	210	279	0	69	69	1.0000000
NODE_44243_length_488_cov_5.434447	265	300	0	35	35	1.0000000
NODE_44263_length_488_cov_3.431877	212	248	0	36	36	1.0000000
NODE_44264_length_488_cov_3.424165	320	367	2	47	47	1.0000000
NODE_44264_length_488_cov_3.424165	320	378	2	58	58	1.0000000
NODE_44264_length_488_cov_3.424165	351	393	0	2	42	0.0476190
NODE_44264_length_488_cov_3.424165	351	393	2	40	42	0.9523810
NODE_44264_length_488_cov_3.424165	360	395	0	4	35	0.1142857
NODE_44264_length_488_cov_3.424165	360	395	2	31	35	0.8857143
NODE_44274_length_488_cov_2.850900	276	356	2	24	80	0.3000000
NODE_44274_length_488_cov_2.850900	276	356	4	56	80	0.7000000
NODE_44376_length_488_cov_1.562982	31	67	0	36	36	1.0000000
NODE_44496_length_487_cov_7.028351	278	358	10	80	80	1.0000000
NODE_44498_length_487_cov_6.804124	242	313	0	19	71	0.2676056
NODE_44498_length_487_cov_6.804124	242	313	6	52	71	0.7323943
NODE_44498_length_487_cov_6.804124	286	366	6	80	80	1.0000000
NODE_44500_length_487_cov_5.917526	140	220	0	80	80	1.0000000
NODE_44500_length_487_cov_5.917526	193	273	0	80	80	1.0000000
NODE_44520_length_487_cov_3.296392	235	315	0	7	80	0.0875000
NODE_44520_length_487_cov_3.296392	235	315	2	30	80	0.3750000
NODE_44520_length_487_cov_3.296392	235	315	4	21	80	0.2625000
NODE_44520_length_487_cov_3.296392	235	315	6	22	80	0.2750000
NODE_44521_length_487_cov_3.237113	301	363	0	62	62	1.0000000
NODE_44525_length_487_cov_3.074742	214	294	4	12	80	0.1500000
NODE_44525_length_487_cov_3.074742	214	294	6	45	80	0.5625000
NODE_44525_length_487_cov_3.074742	214	294	8	23	80	0.2875000
NODE_44723_length_486_cov_6.609819	206	286	2	32	80	0.4000000
NODE_44723_length_486_cov_6.609819	206	286	4	48	80	0.6000000
NODE_44728_length_486_cov_5.428941	147	227	4	37	80	0.4625000
NODE_44728_length_486_cov_5.428941	147	227	6	43	80	0.5375000
NODE_44754_length_486_cov_3.072351	131	211	0	80	80	1.0000000
NODE_44754_length_486_cov_3.072351	190	235	0	45	45	1.0000000
NODE_44769_length_486_cov_2.581395	156	236	0	80	80	1.0000000
NODE_44769_length_486_cov_2.581395	209	289	0	80	80	1.0000000
NODE_44781_length_486_cov_2.343669	189	230	0	41	41	1.0000000
NODE_44781_length_486_cov_2.343669	242	306	0	64	64	1.0000000
NODE_44959_length_485_cov_29.505181	270	350	0	80	80	1.0000000
NODE_44959_length_485_cov_29.505181	323	403	0	80	80	1.0000000
NODE_44959_length_485_cov_29.505181	399	479	0	80	80	1.0000000
NODE_44960_length_485_cov_10.450777	67	153	0	86	86	1.0000000
NODE_44960_length_485_cov_10.450777	133	206	0	73	73	1.0000000
NODE_44965_length_485_cov_5.922280	196	273	2	10	77	0.1298701
NODE_44965_length_485_cov_5.922280	196	273	4	40	77	0.5194805
NODE_44965_length_485_cov_5.922280	196	273	6	27	77	0.3506494
NODE_44965_length_485_cov_5.922280	246	326	4	80	80	1.0000000
NODE_44966_length_485_cov_5.818653	279	359	0	80	80	1.0000000
NODE_44966_length_485_cov_5.818653	332	412	0	37	80	0.4625000
NODE_44966_length_485_cov_5.818653	332	412	2	43	80	0.5375000
NODE_44968_length_485_cov_5.670984	321	396	4	2	75	0.0266667
NODE_44968_length_485_cov_5.670984	321	396	8	7	75	0.0933333
NODE_44968_length_485_cov_5.670984	321	396	12	24	75	0.3200000
NODE_44968_length_485_cov_5.670984	321	396	15	12	75	0.1600000
NODE_44968_length_485_cov_5.670984	321	396	18	26	75	0.3466667
NODE_44968_length_485_cov_5.670984	321	396	20	4	75	0.0533333
NODE_44992_length_485_cov_3.518135	162	210	0	48	48	1.0000000
NODE_45005_length_485_cov_2.790155	193	253	0	60	60	1.0000000
NODE_45021_length_485_cov_2.427461	170	249	0	79	79	1.0000000
NODE_45100_length_485_cov_1.264249	232	251	0	19	19	1.0000000
NODE_45193_length_484_cov_33.384416	92	172	0	6	80	0.0750000
NODE_45193_length_484_cov_33.384416	92	172	2	74	80	0.9250000
NODE_45193_length_484_cov_33.384416	145	225	0	6	80	0.0750000
NODE_45193_length_484_cov_33.384416	145	225	2	74	80	0.9250000
NODE_45195_length_484_cov_9.111688	136	216	0	80	80	1.0000000
NODE_45195_length_484_cov_9.111688	189	270	0	81	81	1.0000000
NODE_45196_length_484_cov_8.353247	165	244	2	79	79	1.0000000
NODE_45196_length_484_cov_8.353247	217	297	2	80	80	1.0000000
NODE_45197_length_484_cov_8.119481	108	188	0	80	80	1.0000000
NODE_45197_length_484_cov_8.119481	161	241	0	80	80	1.0000000
NODE_45200_length_484_cov_7.703896	208	288	0	80	80	1.0000000
NODE_45200_length_484_cov_7.703896	261	341	0	80	80	1.0000000
NODE_45202_length_484_cov_7.153247	230	292	0	62	62	1.0000000
NODE_45204_length_484_cov_6.594805	221	301	0	80	80	1.0000000
NODE_45204_length_484_cov_6.594805	274	354	0	80	80	1.0000000
NODE_45218_length_484_cov_4.044156	267	347	1	9	80	0.1125000
NODE_45218_length_484_cov_4.044156	267	347	3	3	80	0.0375000
NODE_45218_length_484_cov_4.044156	267	347	5	15	80	0.1875000
NODE_45218_length_484_cov_4.044156	267	347	7	6	80	0.0750000
NODE_45218_length_484_cov_4.044156	267	347	9	34	80	0.4250000
NODE_45218_length_484_cov_4.044156	267	347	10	7	80	0.0875000
NODE_45218_length_484_cov_4.044156	267	347	11	6	80	0.0750000
NODE_45218_length_484_cov_4.044156	342	396	6	1	54	0.0185185
NODE_45218_length_484_cov_4.044156	342	396	8	15	54	0.2777778
NODE_45218_length_484_cov_4.044156	342	396	10	38	54	0.7037037
NODE_45225_length_484_cov_3.787013	287	331	0	44	44	1.0000000
NODE_45225_length_484_cov_3.787013	307	386	0	79	79	1.0000000
NODE_45225_length_484_cov_3.787013	317	386	0	69	69	1.0000000
NODE_45276_length_484_cov_2.254545	79	132	0	4	53	0.0754717
NODE_45276_length_484_cov_2.254545	79	132	2	9	53	0.1698113
NODE_45276_length_484_cov_2.254545	79	132	4	40	53	0.7547170
NODE_45352_length_484_cov_1.322078	429	477	0	48	48	1.0000000
NODE_45353_length_484_cov_1.314286	431	472	0	41	41	1.0000000
NODE_45459_length_483_cov_40.815104	396	473	11	21	77	0.2727273
NODE_45459_length_483_cov_40.815104	396	473	13	36	77	0.4675325
NODE_45459_length_483_cov_40.815104	396	473	15	20	77	0.2597403
NODE_45459_length_483_cov_40.815104	396	473	11	21	77	0.2727273
NODE_45459_length_483_cov_40.815104	396	473	13	36	77	0.4675325
NODE_45459_length_483_cov_40.815104	396	473	15	20	77	0.2597403
NODE_45473_length_483_cov_5.289062	124	185	0	61	61	1.0000000
NODE_45494_length_483_cov_4.114583	226	306	0	11	80	0.1375000
NODE_45494_length_483_cov_4.114583	226	306	2	10	80	0.1250000
NODE_45494_length_483_cov_4.114583	226	306	4	59	80	0.7375000
NODE_45494_length_483_cov_4.114583	226	305	0	10	79	0.1265823
NODE_45494_length_483_cov_4.114583	226	305	2	10	79	0.1265823
NODE_45494_length_483_cov_4.114583	226	305	4	59	79	0.7468355
NODE_45494_length_483_cov_4.114583	226	306	0	11	80	0.1375000
NODE_45494_length_483_cov_4.114583	226	306	2	10	80	0.1250000
NODE_45494_length_483_cov_4.114583	226	306	4	59	80	0.7375000
NODE_45494_length_483_cov_4.114583	226	306	0	11	80	0.1375000
NODE_45494_length_483_cov_4.114583	226	306	2	10	80	0.1250000
NODE_45494_length_483_cov_4.114583	226	306	4	59	80	0.7375000
NODE_45494_length_483_cov_4.114583	279	359	0	64	80	0.8000000
NODE_45494_length_483_cov_4.114583	279	359	2	10	80	0.1250000
NODE_45494_length_483_cov_4.114583	279	359	4	6	80	0.0750000
NODE_45494_length_483_cov_4.114583	279	325	0	30	46	0.6521739
NODE_45494_length_483_cov_4.114583	279	325	2	10	46	0.2173913
NODE_45494_length_483_cov_4.114583	279	325	4	6	46	0.1304348
NODE_45494_length_483_cov_4.114583	297	323	0	26	26	1.0000000
NODE_45495_length_483_cov_4.046875	68	117	0	49	49	1.0000000
NODE_45495_length_483_cov_4.046875	184	250	0	66	66	1.0000000
NODE_45635_length_483_cov_1.205729	249	291	0	42	42	1.0000000
NODE_45725_length_482_cov_37.900783	72	152	0	2	80	0.0250000
NODE_45725_length_482_cov_37.900783	72	152	8	10	80	0.1250000
NODE_45725_length_482_cov_37.900783	72	152	10	13	80	0.1625000
NODE_45725_length_482_cov_37.900783	72	152	12	15	80	0.1875000
NODE_45725_length_482_cov_37.900783	72	152	14	40	80	0.5000000
NODE_45725_length_482_cov_37.900783	125	205	0	10	80	0.1250000
NODE_45725_length_482_cov_37.900783	125	205	2	10	80	0.1250000
NODE_45725_length_482_cov_37.900783	125	205	4	5	80	0.0625000
NODE_45725_length_482_cov_37.900783	125	205	6	10	80	0.1250000
NODE_45725_length_482_cov_37.900783	125	205	14	45	80	0.5625000
NODE_45728_length_482_cov_10.545692	233	297	0	64	64	1.0000000
NODE_45729_length_482_cov_9.342037	281	333	0	11	52	0.2115385
NODE_45729_length_482_cov_9.342037	281	333	2	41	52	0.7884616
NODE_45730_length_482_cov_8.190601	247	311	44	5	64	0.0781250
NODE_45730_length_482_cov_8.190601	247	311	45	1	64	0.0156250
NODE_45730_length_482_cov_8.190601	247	311	47	1	64	0.0156250
NODE_45730_length_482_cov_8.190601	247	311	48	2	64	0.0312500
NODE_45730_length_482_cov_8.190601	247	311	54	1	64	0.0156250
NODE_45730_length_482_cov_8.190601	247	311	62	1	64	0.0156250
NODE_45730_length_482_cov_8.190601	247	311	64	1	64	0.0156250
NODE_45730_length_482_cov_8.190601	247	311	68	8	64	0.1250000
NODE_45730_length_482_cov_8.190601	247	311	70	2	64	0.0312500
NODE_45730_length_482_cov_8.190601	247	311	72	24	64	0.3750000
NODE_45730_length_482_cov_8.190601	247	311	73	18	64	0.2812500
NODE_45730_length_482_cov_8.190601	284	355	20	2	71	0.0281690
NODE_45730_length_482_cov_8.190601	284	355	21	19	71	0.2676056
NODE_45730_length_482_cov_8.190601	284	355	22	1	71	0.0140845
NODE_45730_length_482_cov_8.190601	284	355	23	4	71	0.0563380
NODE_45730_length_482_cov_8.190601	284	355	24	12	71	0.1690141
NODE_45730_length_482_cov_8.190601	284	355	26	1	71	0.0140845
NODE_45730_length_482_cov_8.190601	284	355	28	1	71	0.0140845
NODE_45730_length_482_cov_8.190601	284	355	32	2	71	0.0281690
NODE_45730_length_482_cov_8.190601	284	355	37	1	71	0.0140845
NODE_45730_length_482_cov_8.190601	284	355	41	1	71	0.0140845
NODE_45730_length_482_cov_8.190601	284	355	44	5	71	0.0704225
NODE_45730_length_482_cov_8.190601	284	355	45	1	71	0.0140845
NODE_45730_length_482_cov_8.190601	284	355	47	1	71	0.0140845
NODE_45730_length_482_cov_8.190601	284	355	48	2	71	0.0281690
NODE_45730_length_482_cov_8.190601	284	355	54	1	71	0.0140845
NODE_45730_length_482_cov_8.190601	284	355	62	1	71	0.0140845
NODE_45730_length_482_cov_8.190601	284	355	64	1	71	0.0140845
NODE_45730_length_482_cov_8.190601	284	355	68	8	71	0.1126761
NODE_45730_length_482_cov_8.190601	284	355	70	2	71	0.0281690
NODE_45730_length_482_cov_8.190601	284	355	72	5	71	0.0704225
NODE_45734_length_482_cov_6.002611	112	192	0	31	80	0.3875000
NODE_45734_length_482_cov_6.002611	112	192	4	31	80	0.3875000
NODE_45734_length_482_cov_6.002611	112	192	5	4	80	0.0500000
NODE_45734_length_482_cov_6.002611	112	192	6	5	80	0.0625000
NODE_45734_length_482_cov_6.002611	112	192	8	9	80	0.1125000
NODE_45734_length_482_cov_6.002611	165	245	4	9	80	0.1125000
NODE_45734_length_482_cov_6.002611	165	245	5	4	80	0.0500000
NODE_45734_length_482_cov_6.002611	165	245	6	15	80	0.1875000
NODE_45734_length_482_cov_6.002611	165	245	8	18	80	0.2250000
NODE_45734_length_482_cov_6.002611	165	245	9	6	80	0.0750000
NODE_45734_length_482_cov_6.002611	165	245	10	28	80	0.3500000
NODE_45735_length_482_cov_5.953003	315	395	0	80	80	1.0000000
NODE_45735_length_482_cov_5.953003	368	441	0	73	73	1.0000000
NODE_45748_length_482_cov_4.530026	20	85	0	65	65	1.0000000
NODE_45759_length_482_cov_3.791123	278	358	0	80	80	1.0000000
NODE_45759_length_482_cov_3.791123	331	411	0	80	80	1.0000000
NODE_45842_length_482_cov_1.647520	382	446	0	64	64	1.0000000
NODE_45842_length_482_cov_1.647520	435	482	0	47	47	1.0000000
NODE_45994_length_481_cov_50.623037	154	234	0	2	80	0.0250000
NODE_45994_length_481_cov_50.623037	154	234	7	2	80	0.0250000
NODE_45994_length_481_cov_50.623037	154	234	8	1	80	0.0125000
NODE_45994_length_481_cov_50.623037	154	234	10	75	80	0.9375000
NODE_45994_length_481_cov_50.623037	207	287	0	22	80	0.2750000
NODE_45994_length_481_cov_50.623037	207	287	7	2	80	0.0250000
NODE_45994_length_481_cov_50.623037	207	287	8	28	80	0.3500000
NODE_45994_length_481_cov_50.623037	207	287	10	28	80	0.3500000
NODE_45995_length_481_cov_30.939791	149	198	2	3	49	0.0612245
NODE_45995_length_481_cov_30.939791	149	198	4	2	49	0.0408163
NODE_45995_length_481_cov_30.939791	149	198	6	8	49	0.1632653
NODE_45995_length_481_cov_30.939791	149	198	9	15	49	0.3061225
NODE_45995_length_481_cov_30.939791	149	198	11	7	49	0.1428571
NODE_45995_length_481_cov_30.939791	149	198	12	14	49	0.2857143
NODE_45995_length_481_cov_30.939791	171	235	4	4	64	0.0625000
NODE_45995_length_481_cov_30.939791	171	235	6	1	64	0.0156250
NODE_45995_length_481_cov_30.939791	171	235	8	9	64	0.1406250
NODE_45995_length_481_cov_30.939791	171	235	9	6	64	0.0937500
NODE_45995_length_481_cov_30.939791	171	235	11	7	64	0.1093750
NODE_45995_length_481_cov_30.939791	171	235	12	37	64	0.5781250
NODE_45995_length_481_cov_30.939791	171	235	4	4	64	0.0625000
NODE_45995_length_481_cov_30.939791	171	235	6	1	64	0.0156250
NODE_45995_length_481_cov_30.939791	171	235	8	9	64	0.1406250
NODE_45995_length_481_cov_30.939791	171	235	9	6	64	0.0937500
NODE_45995_length_481_cov_30.939791	171	235	11	7	64	0.1093750
NODE_45995_length_481_cov_30.939791	171	235	12	37	64	0.5781250
NODE_45996_length_481_cov_30.183246	0	41	0	9	41	0.2195122
NODE_45996_length_481_cov_30.183246	0	41	1	32	41	0.7804878
NODE_45996_length_481_cov_30.183246	0	39	0	9	39	0.2307692
NODE_45996_length_481_cov_30.183246	0	39	1	30	39	0.7692308
NODE_45996_length_481_cov_30.183246	0	44	0	9	44	0.2045455
NODE_45996_length_481_cov_30.183246	0	44	1	35	44	0.7954546
NODE_45996_length_481_cov_30.183246	0	44	0	9	44	0.2045455
NODE_45996_length_481_cov_30.183246	0	44	1	35	44	0.7954546
NODE_45996_length_481_cov_30.183246	0	44	0	9	44	0.2045455
NODE_45996_length_481_cov_30.183246	0	44	1	35	44	0.7954546
NODE_45996_length_481_cov_30.183246	0	44	0	9	44	0.2045455
NODE_45996_length_481_cov_30.183246	0	44	1	35	44	0.7954546
NODE_45996_length_481_cov_30.183246	17	97	1	60	80	0.7500000
NODE_45996_length_481_cov_30.183246	17	97	2	20	80	0.2500000
NODE_45996_length_481_cov_30.183246	17	97	1	60	80	0.7500000
NODE_45996_length_481_cov_30.183246	17	97	2	20	80	0.2500000
NODE_45996_length_481_cov_30.183246	17	97	1	60	80	0.7500000
NODE_45996_length_481_cov_30.183246	17	97	2	20	80	0.2500000
NODE_45996_length_481_cov_30.183246	17	97	1	60	80	0.7500000
NODE_45996_length_481_cov_30.183246	17	97	2	20	80	0.2500000
NODE_45996_length_481_cov_30.183246	17	97	1	60	80	0.7500000
NODE_45996_length_481_cov_30.183246	17	97	2	20	80	0.2500000
NODE_45996_length_481_cov_30.183246	17	97	1	60	80	0.7500000
NODE_45996_length_481_cov_30.183246	17	97	2	20	80	0.2500000
NODE_45997_length_481_cov_12.709424	250	330	0	80	80	1.0000000
NODE_45997_length_481_cov_12.709424	303	383	0	80	80	1.0000000
NODE_46037_length_481_cov_3.002618	197	277	0	80	80	1.0000000
NODE_46064_length_481_cov_2.261780	271	351	0	51	80	0.6375000
NODE_46064_length_481_cov_2.261780	271	351	2	29	80	0.3625000
NODE_46256_length_480_cov_22.346457	318	398	4	5	80	0.0625000
NODE_46256_length_480_cov_22.346457	318	398	6	15	80	0.1875000
NODE_46256_length_480_cov_22.346457	318	398	8	60	80	0.7500000
NODE_46256_length_480_cov_22.346457	371	451	2	9	80	0.1125000
NODE_46256_length_480_cov_22.346457	371	451	4	49	80	0.6125000
NODE_46256_length_480_cov_22.346457	371	451	6	4	80	0.0500000
NODE_46256_length_480_cov_22.346457	371	451	8	18	80	0.2250000
NODE_46257_length_480_cov_16.488189	252	332	0	30	80	0.3750000
NODE_46257_length_480_cov_16.488189	252	332	2	2	80	0.0250000
NODE_46257_length_480_cov_16.488189	252	332	4	10	80	0.1250000
NODE_46257_length_480_cov_16.488189	252	332	6	1	80	0.0125000
NODE_46257_length_480_cov_16.488189	252	332	8	37	80	0.4625000
NODE_46257_length_480_cov_16.488189	305	385	4	7	80	0.0875000
NODE_46257_length_480_cov_16.488189	305	385	6	2	80	0.0250000
NODE_46257_length_480_cov_16.488189	305	385	8	71	80	0.8875000
NODE_46258_length_480_cov_12.874016	164	234	4	69	70	0.9857143
NODE_46258_length_480_cov_12.874016	164	234	6	1	70	0.0142857
NODE_46258_length_480_cov_12.874016	207	273	4	66	66	1.0000000
NODE_46260_length_480_cov_11.879265	170	250	0	80	80	1.0000000
NODE_46260_length_480_cov_11.879265	223	303	0	80	80	1.0000000
NODE_46261_length_480_cov_8.774278	114	143	0	29	29	1.0000000
NODE_46261_length_480_cov_8.774278	165	245	0	1	80	0.0125000
NODE_46261_length_480_cov_8.774278	165	245	4	53	80	0.6625000
NODE_46261_length_480_cov_8.774278	165	245	6	26	80	0.3250000
NODE_46261_length_480_cov_8.774278	218	298	2	21	80	0.2625000
NODE_46261_length_480_cov_8.774278	218	298	4	1	80	0.0125000
NODE_46261_length_480_cov_8.774278	218	298	6	58	80	0.7250000
NODE_46261_length_480_cov_8.774278	385	428	0	43	43	1.0000000
NODE_46271_length_480_cov_5.671916	231	302	2	71	71	1.0000000
NODE_46283_length_480_cov_4.354331	126	187	0	61	61	1.0000000
NODE_46283_length_480_cov_4.354331	218	298	0	80	80	1.0000000
NODE_46445_length_480_cov_1.152231	142	216	0	74	74	1.0000000
NODE_46470_length_480_cov_0.973753	31	71	0	40	40	1.0000000
NODE_46533_length_479_cov_28.205263	308	388	6	80	80	1.0000000
NODE_46533_length_479_cov_28.205263	361	441	0	5	80	0.0625000
NODE_46533_length_479_cov_28.205263	361	441	2	25	80	0.3125000
NODE_46533_length_479_cov_28.205263	361	441	6	50	80	0.6250000
NODE_46534_length_479_cov_23.944737	189	269	14	1	80	0.0125000
NODE_46534_length_479_cov_23.944737	189	269	18	79	80	0.9875000
NODE_46534_length_479_cov_23.944737	242	322	0	3	80	0.0375000
NODE_46534_length_479_cov_23.944737	242	322	4	6	80	0.0750000
NODE_46534_length_479_cov_23.944737	242	322	8	4	80	0.0500000
NODE_46534_length_479_cov_23.944737	242	322	12	25	80	0.3125000
NODE_46534_length_479_cov_23.944737	242	322	14	16	80	0.2000000
NODE_46534_length_479_cov_23.944737	242	322	18	26	80	0.3250000
NODE_46554_length_479_cov_4.942105	283	363	0	6	80	0.0750000
NODE_46554_length_479_cov_4.942105	283	363	2	74	80	0.9250000
NODE_46554_length_479_cov_4.942105	336	416	0	30	80	0.3750000
NODE_46554_length_479_cov_4.942105	336	416	2	50	80	0.6250000
NODE_46574_length_479_cov_3.494737	217	279	2	2	62	0.0322581
NODE_46574_length_479_cov_3.494737	217	279	4	1	62	0.0161290
NODE_46574_length_479_cov_3.494737	217	279	8	5	62	0.0806452
NODE_46574_length_479_cov_3.494737	217	279	14	20	62	0.3225806
NODE_46574_length_479_cov_3.494737	217	279	16	34	62	0.5483871
NODE_46574_length_479_cov_3.494737	272	332	14	29	60	0.4833333
NODE_46574_length_479_cov_3.494737	272	332	16	31	60	0.5166667
NODE_46611_length_479_cov_2.281579	219	265	0	6	46	0.1304348
NODE_46611_length_479_cov_2.281579	219	265	2	3	46	0.0652174
NODE_46611_length_479_cov_2.281579	219	265	8	4	46	0.0869565
NODE_46611_length_479_cov_2.281579	219	265	10	1	46	0.0217391
NODE_46611_length_479_cov_2.281579	219	265	12	3	46	0.0652174
NODE_46611_length_479_cov_2.281579	219	265	18	8	46	0.1739130
NODE_46611_length_479_cov_2.281579	219	265	20	1	46	0.0217391
NODE_46611_length_479_cov_2.281579	219	265	24	5	46	0.1086956
NODE_46611_length_479_cov_2.281579	219	265	26	14	46	0.3043478
NODE_46611_length_479_cov_2.281579	219	265	28	1	46	0.0217391
NODE_46638_length_479_cov_1.839474	376	431	0	34	55	0.6181818
NODE_46638_length_479_cov_1.839474	376	431	2	21	55	0.3818182
NODE_46654_length_479_cov_1.710526	203	265	0	18	62	0.2903226
NODE_46654_length_479_cov_1.710526	203	265	2	44	62	0.7096774
NODE_46654_length_479_cov_1.710526	248	318	2	70	70	1.0000000
NODE_46828_length_478_cov_336.139842	153	233	78	1	80	0.0125000
NODE_46828_length_478_cov_336.139842	153	233	81	1	80	0.0125000
NODE_46828_length_478_cov_336.139842	153	233	82	1	80	0.0125000
NODE_46828_length_478_cov_336.139842	153	233	89	1	80	0.0125000
NODE_46828_length_478_cov_336.139842	153	233	94	1	80	0.0125000
NODE_46828_length_478_cov_336.139842	153	233	98	1	80	0.0125000
NODE_46828_length_478_cov_336.139842	153	233	100	1	80	0.0125000
NODE_46828_length_478_cov_336.139842	153	233	103	3	80	0.0375000
NODE_46828_length_478_cov_336.139842	153	233	109	1	80	0.0125000
NODE_46828_length_478_cov_336.139842	153	233	110	1	80	0.0125000
NODE_46828_length_478_cov_336.139842	153	233	112	2	80	0.0250000
NODE_46828_length_478_cov_336.139842	153	233	121	1	80	0.0125000
NODE_46828_length_478_cov_336.139842	153	233	123	1	80	0.0125000
NODE_46828_length_478_cov_336.139842	153	233	127	1	80	0.0125000
NODE_46828_length_478_cov_336.139842	153	233	132	5	80	0.0625000
NODE_46828_length_478_cov_336.139842	153	233	140	1	80	0.0125000
NODE_46828_length_478_cov_336.139842	153	233	145	1	80	0.0125000
NODE_46828_length_478_cov_336.139842	153	233	146	1	80	0.0125000
NODE_46828_length_478_cov_336.139842	153	233	147	1	80	0.0125000
NODE_46828_length_478_cov_336.139842	153	233	151	1	80	0.0125000
NODE_46828_length_478_cov_336.139842	153	233	153	1	80	0.0125000
NODE_46828_length_478_cov_336.139842	153	233	155	2	80	0.0250000
NODE_46828_length_478_cov_336.139842	153	233	158	1	80	0.0125000
NODE_46828_length_478_cov_336.139842	153	233	159	1	80	0.0125000
NODE_46828_length_478_cov_336.139842	153	233	162	2	80	0.0250000
NODE_46828_length_478_cov_336.139842	153	233	168	1	80	0.0125000
NODE_46828_length_478_cov_336.139842	153	233	170	2	80	0.0250000
NODE_46828_length_478_cov_336.139842	153	233	171	1	80	0.0125000
NODE_46828_length_478_cov_336.139842	153	233	173	1	80	0.0125000
NODE_46828_length_478_cov_336.139842	153	233	177	1	80	0.0125000
NODE_46828_length_478_cov_336.139842	153	233	180	4	80	0.0500000
NODE_46828_length_478_cov_336.139842	153	233	190	1	80	0.0125000
NODE_46828_length_478_cov_336.139842	153	233	197	1	80	0.0125000
NODE_46828_length_478_cov_336.139842	153	233	203	1	80	0.0125000
NODE_46828_length_478_cov_336.139842	153	233	209	1	80	0.0125000
NODE_46828_length_478_cov_336.139842	153	233	216	1	80	0.0125000
NODE_46828_length_478_cov_336.139842	153	233	220	2	80	0.0250000
NODE_46828_length_478_cov_336.139842	153	233	232	1	80	0.0125000
NODE_46828_length_478_cov_336.139842	153	233	238	1	80	0.0125000
NODE_46828_length_478_cov_336.139842	153	233	239	1	80	0.0125000
NODE_46828_length_478_cov_336.139842	153	233	253	2	80	0.0250000
NODE_46828_length_478_cov_336.139842	153	233	254	2	80	0.0250000
NODE_46828_length_478_cov_336.139842	153	233	260	2	80	0.0250000
NODE_46828_length_478_cov_336.139842	153	233	262	3	80	0.0375000
NODE_46828_length_478_cov_336.139842	153	233	267	1	80	0.0125000
NODE_46828_length_478_cov_336.139842	153	233	269	1	80	0.0125000
NODE_46828_length_478_cov_336.139842	153	233	271	1	80	0.0125000
NODE_46828_length_478_cov_336.139842	153	233	275	1	80	0.0125000
NODE_46828_length_478_cov_336.139842	153	233	277	4	80	0.0500000
NODE_46828_length_478_cov_336.139842	153	233	281	1	80	0.0125000
NODE_46828_length_478_cov_336.139842	153	233	283	2	80	0.0250000
NODE_46828_length_478_cov_336.139842	153	233	285	3	80	0.0375000
NODE_46828_length_478_cov_336.139842	153	233	287	2	80	0.0250000
NODE_46828_length_478_cov_336.139842	153	233	289	1	80	0.0125000
NODE_46828_length_478_cov_336.139842	206	286	217	1	80	0.0125000
NODE_46828_length_478_cov_336.139842	206	286	219	1	80	0.0125000
NODE_46828_length_478_cov_336.139842	206	286	221	2	80	0.0250000
NODE_46828_length_478_cov_336.139842	206	286	222	2	80	0.0250000
NODE_46828_length_478_cov_336.139842	206	286	226	1	80	0.0125000
NODE_46828_length_478_cov_336.139842	206	286	228	1	80	0.0125000
NODE_46828_length_478_cov_336.139842	206	286	231	2	80	0.0250000
NODE_46828_length_478_cov_336.139842	206	286	235	1	80	0.0125000
NODE_46828_length_478_cov_336.139842	206	286	239	1	80	0.0125000
NODE_46828_length_478_cov_336.139842	206	286	247	1	80	0.0125000
NODE_46828_length_478_cov_336.139842	206	286	250	5	80	0.0625000
NODE_46828_length_478_cov_336.139842	206	286	251	2	80	0.0250000
NODE_46828_length_478_cov_336.139842	206	286	253	2	80	0.0250000
NODE_46828_length_478_cov_336.139842	206	286	254	3	80	0.0375000
NODE_46828_length_478_cov_336.139842	206	286	256	1	80	0.0125000
NODE_46828_length_478_cov_336.139842	206	286	260	2	80	0.0250000
NODE_46828_length_478_cov_336.139842	206	286	262	3	80	0.0375000
NODE_46828_length_478_cov_336.139842	206	286	263	1	80	0.0125000
NODE_46828_length_478_cov_336.139842	206	286	267	3	80	0.0375000
NODE_46828_length_478_cov_336.139842	206	286	269	1	80	0.0125000
NODE_46828_length_478_cov_336.139842	206	286	271	1	80	0.0125000
NODE_46828_length_478_cov_336.139842	206	286	272	1	80	0.0125000
NODE_46828_length_478_cov_336.139842	206	286	273	3	80	0.0375000
NODE_46828_length_478_cov_336.139842	206	286	275	2	80	0.0250000
NODE_46828_length_478_cov_336.139842	206	286	277	5	80	0.0625000
NODE_46828_length_478_cov_336.139842	206	286	281	3	80	0.0375000
NODE_46828_length_478_cov_336.139842	206	286	282	1	80	0.0125000
NODE_46828_length_478_cov_336.139842	206	286	283	4	80	0.0500000
NODE_46828_length_478_cov_336.139842	206	286	285	4	80	0.0500000
NODE_46828_length_478_cov_336.139842	206	286	287	4	80	0.0500000
NODE_46828_length_478_cov_336.139842	206	286	288	1	80	0.0125000
NODE_46828_length_478_cov_336.139842	206	286	289	2	80	0.0250000
NODE_46828_length_478_cov_336.139842	206	286	290	1	80	0.0125000
NODE_46828_length_478_cov_336.139842	206	286	292	4	80	0.0500000
NODE_46828_length_478_cov_336.139842	206	286	293	1	80	0.0125000
NODE_46828_length_478_cov_336.139842	206	286	294	3	80	0.0375000
NODE_46828_length_478_cov_336.139842	206	286	295	4	80	0.0500000
NODE_46846_length_478_cov_4.448549	150	230	0	80	80	1.0000000
NODE_46846_length_478_cov_4.448549	203	284	0	81	81	1.0000000
NODE_46874_length_478_cov_2.627968	228	278	0	9	50	0.1800000
NODE_46874_length_478_cov_2.627968	228	278	6	41	50	0.8200000
NODE_47128_length_477_cov_36.230159	225	305	0	80	80	1.0000000
NODE_47128_length_477_cov_36.230159	278	358	0	80	80	1.0000000
NODE_47129_length_477_cov_33.111111	307	387	16	22	80	0.2750000
NODE_47129_length_477_cov_33.111111	307	387	18	39	80	0.4875000
NODE_47129_length_477_cov_33.111111	307	387	20	18	80	0.2250000
NODE_47129_length_477_cov_33.111111	307	387	22	1	80	0.0125000
NODE_47129_length_477_cov_33.111111	360	440	4	4	80	0.0500000
NODE_47129_length_477_cov_33.111111	360	440	8	11	80	0.1375000
NODE_47129_length_477_cov_33.111111	360	440	10	13	80	0.1625000
NODE_47129_length_477_cov_33.111111	360	440	16	13	80	0.1625000
NODE_47129_length_477_cov_33.111111	360	440	18	39	80	0.4875000
NODE_47133_length_477_cov_11.235450	119	199	2	80	80	1.0000000
NODE_47133_length_477_cov_11.235450	172	247	0	33	75	0.4400000
NODE_47133_length_477_cov_11.235450	172	247	2	42	75	0.5600000
NODE_47135_length_477_cov_9.359788	221	301	0	6	80	0.0750000
NODE_47135_length_477_cov_9.359788	221	301	4	74	80	0.9250000
NODE_47135_length_477_cov_9.359788	274	354	0	59	80	0.7375000
NODE_47135_length_477_cov_9.359788	274	354	4	21	80	0.2625000
NODE_47139_length_477_cov_7.436508	230	304	2	1	74	0.0135135
NODE_47139_length_477_cov_7.436508	230	304	4	30	74	0.4054054
NODE_47139_length_477_cov_7.436508	230	304	6	16	74	0.2162162
NODE_47139_length_477_cov_7.436508	230	304	8	27	74	0.3648649
NODE_47140_length_477_cov_7.433862	43	123	2	78	80	0.9750000
NODE_47140_length_477_cov_7.433862	43	123	4	2	80	0.0250000
NODE_47140_length_477_cov_7.433862	96	176	0	23	80	0.2875000
NODE_47140_length_477_cov_7.433862	96	176	2	55	80	0.6875000
NODE_47140_length_477_cov_7.433862	96	176	4	2	80	0.0250000
NODE_47143_length_477_cov_6.846561	163	243	0	80	80	1.0000000
NODE_47143_length_477_cov_6.846561	216	296	0	80	80	1.0000000
NODE_47147_length_477_cov_5.677249	150	228	0	78	78	1.0000000
NODE_47148_length_477_cov_5.084656	227	288	0	56	61	0.9180328
NODE_47148_length_477_cov_5.084656	227	288	2	5	61	0.0819672
NODE_47253_length_477_cov_1.629630	115	171	2	3	56	0.0535714
NODE_47253_length_477_cov_1.629630	115	171	10	11	56	0.1964286
NODE_47253_length_477_cov_1.629630	115	171	14	9	56	0.1607143
NODE_47253_length_477_cov_1.629630	115	171	16	6	56	0.1071429
NODE_47253_length_477_cov_1.629630	115	171	22	27	56	0.4821429
NODE_47253_length_477_cov_1.629630	167	224	20	12	57	0.2105263
NODE_47253_length_477_cov_1.629630	167	224	22	45	57	0.7894737
NODE_47375_length_477_cov_0.859788	445	477	0	32	32	1.0000000
NODE_47427_length_476_cov_7.533156	221	301	0	80	80	1.0000000
NODE_47427_length_476_cov_7.533156	274	354	0	80	80	1.0000000
NODE_47529_length_476_cov_1.618037	385	444	0	59	59	1.0000000
NODE_47601_length_476_cov_1.129973	15	34	0	19	19	1.0000000
NODE_47620_length_476_cov_1.037135	180	243	0	63	63	1.0000000
NODE_47620_length_476_cov_1.037135	237	296	0	59	59	1.0000000
NODE_47693_length_475_cov_34.460106	270	350	0	80	80	1.0000000
NODE_47693_length_475_cov_34.460106	323	403	0	80	80	1.0000000
NODE_47694_length_475_cov_30.087766	273	353	0	80	80	1.0000000
NODE_47694_length_475_cov_30.087766	326	406	0	80	80	1.0000000
NODE_47695_length_475_cov_10.247340	42	122	0	80	80	1.0000000
NODE_47701_length_475_cov_8.393617	9	89	0	27	80	0.3375000
NODE_47701_length_475_cov_8.393617	9	89	6	19	80	0.2375000
NODE_47701_length_475_cov_8.393617	9	89	7	3	80	0.0375000
NODE_47701_length_475_cov_8.393617	9	89	8	31	80	0.3875000
NODE_47701_length_475_cov_8.393617	62	142	5	16	80	0.2000000
NODE_47701_length_475_cov_8.393617	62	142	6	47	80	0.5875000
NODE_47701_length_475_cov_8.393617	62	142	7	3	80	0.0375000
NODE_47701_length_475_cov_8.393617	62	142	8	14	80	0.1750000
NODE_47828_length_475_cov_1.531915	272	352	2	80	80	1.0000000
NODE_47839_length_475_cov_1.457447	50	93	2	43	43	1.0000000
NODE_47979_length_474_cov_49.453333	392	472	48	1	80	0.0125000
NODE_47979_length_474_cov_49.453333	392	472	49	3	80	0.0375000
NODE_47979_length_474_cov_49.453333	392	472	56	3	80	0.0375000
NODE_47979_length_474_cov_49.453333	392	472	57	1	80	0.0125000
NODE_47979_length_474_cov_49.453333	392	472	60	1	80	0.0125000
NODE_47979_length_474_cov_49.453333	392	472	62	1	80	0.0125000
NODE_47979_length_474_cov_49.453333	392	472	67	1	80	0.0125000
NODE_47979_length_474_cov_49.453333	392	472	76	1	80	0.0125000
NODE_47979_length_474_cov_49.453333	392	472	82	1	80	0.0125000
NODE_47979_length_474_cov_49.453333	392	472	86	1	80	0.0125000
NODE_47979_length_474_cov_49.453333	392	472	95	1	80	0.0125000
NODE_47979_length_474_cov_49.453333	392	472	101	1	80	0.0125000
NODE_47979_length_474_cov_49.453333	392	472	102	1	80	0.0125000
NODE_47979_length_474_cov_49.453333	392	472	104	1	80	0.0125000
NODE_47979_length_474_cov_49.453333	392	472	105	2	80	0.0250000
NODE_47979_length_474_cov_49.453333	392	472	108	1	80	0.0125000
NODE_47979_length_474_cov_49.453333	392	472	109	1	80	0.0125000
NODE_47979_length_474_cov_49.453333	392	472	111	2	80	0.0250000
NODE_47979_length_474_cov_49.453333	392	472	115	2	80	0.0250000
NODE_47979_length_474_cov_49.453333	392	472	119	1	80	0.0125000
NODE_47979_length_474_cov_49.453333	392	472	125	4	80	0.0500000
NODE_47979_length_474_cov_49.453333	392	472	132	1	80	0.0125000
NODE_47979_length_474_cov_49.453333	392	472	135	3	80	0.0375000
NODE_47979_length_474_cov_49.453333	392	472	137	5	80	0.0625000
NODE_47979_length_474_cov_49.453333	392	472	139	3	80	0.0375000
NODE_47979_length_474_cov_49.453333	392	472	141	1	80	0.0125000
NODE_47979_length_474_cov_49.453333	392	472	143	1	80	0.0125000
NODE_47979_length_474_cov_49.453333	392	472	145	1	80	0.0125000
NODE_47979_length_474_cov_49.453333	392	472	147	4	80	0.0500000
NODE_47979_length_474_cov_49.453333	392	472	149	8	80	0.1000000
NODE_47979_length_474_cov_49.453333	392	472	150	2	80	0.0250000
NODE_47979_length_474_cov_49.453333	392	472	152	1	80	0.0125000
NODE_47979_length_474_cov_49.453333	392	472	154	1	80	0.0125000
NODE_47979_length_474_cov_49.453333	392	472	160	2	80	0.0250000
NODE_47979_length_474_cov_49.453333	392	472	163	1	80	0.0125000
NODE_47979_length_474_cov_49.453333	392	472	166	2	80	0.0250000
NODE_47979_length_474_cov_49.453333	392	472	168	1	80	0.0125000
NODE_47979_length_474_cov_49.453333	392	472	170	1	80	0.0125000
NODE_47979_length_474_cov_49.453333	392	472	174	1	80	0.0125000
NODE_47979_length_474_cov_49.453333	392	472	176	2	80	0.0250000
NODE_47979_length_474_cov_49.453333	392	472	178	1	80	0.0125000
NODE_47979_length_474_cov_49.453333	392	472	180	1	80	0.0125000
NODE_47979_length_474_cov_49.453333	392	472	181	5	80	0.0625000
NODE_47979_length_474_cov_49.453333	392	472	184	1	80	0.0125000
NODE_47979_length_474_cov_49.453333	445	474	42	1	29	0.0344828
NODE_47979_length_474_cov_49.453333	445	474	45	1	29	0.0344828
NODE_47979_length_474_cov_49.453333	445	474	48	1	29	0.0344828
NODE_47979_length_474_cov_49.453333	445	474	49	3	29	0.1034483
NODE_47979_length_474_cov_49.453333	445	474	56	3	29	0.1034483
NODE_47979_length_474_cov_49.453333	445	474	57	1	29	0.0344828
NODE_47979_length_474_cov_49.453333	445	474	60	1	29	0.0344828
NODE_47979_length_474_cov_49.453333	445	474	62	1	29	0.0344828
NODE_47979_length_474_cov_49.453333	445	474	67	1	29	0.0344828
NODE_47979_length_474_cov_49.453333	445	474	76	1	29	0.0344828
NODE_47979_length_474_cov_49.453333	445	474	82	1	29	0.0344828
NODE_47979_length_474_cov_49.453333	445	474	86	1	29	0.0344828
NODE_47979_length_474_cov_49.453333	445	474	95	1	29	0.0344828
NODE_47979_length_474_cov_49.453333	445	474	101	1	29	0.0344828
NODE_47979_length_474_cov_49.453333	445	474	102	1	29	0.0344828
NODE_47979_length_474_cov_49.453333	445	474	104	1	29	0.0344828
NODE_47979_length_474_cov_49.453333	445	474	105	2	29	0.0689655
NODE_47979_length_474_cov_49.453333	445	474	108	1	29	0.0344828
NODE_47979_length_474_cov_49.453333	445	474	109	1	29	0.0344828
NODE_47979_length_474_cov_49.453333	445	474	111	2	29	0.0689655
NODE_47979_length_474_cov_49.453333	445	474	115	2	29	0.0689655
NODE_47979_length_474_cov_49.453333	445	474	119	1	29	0.0344828
NODE_47981_length_474_cov_24.930667	287	367	4	80	80	1.0000000
NODE_47981_length_474_cov_24.930667	340	420	0	38	80	0.4750000
NODE_47981_length_474_cov_24.930667	340	420	4	42	80	0.5250000
NODE_47982_length_474_cov_15.952000	258	338	7	34	80	0.4250000
NODE_47982_length_474_cov_15.952000	258	338	8	46	80	0.5750000
NODE_47982_length_474_cov_15.952000	311	391	0	5	80	0.0625000
NODE_47982_length_474_cov_15.952000	311	391	1	27	80	0.3375000
NODE_47982_length_474_cov_15.952000	311	391	2	12	80	0.1500000
NODE_47982_length_474_cov_15.952000	311	391	8	36	80	0.4500000
NODE_48003_length_474_cov_3.986667	172	252	15	2	80	0.0250000
NODE_48003_length_474_cov_3.986667	172	252	17	4	80	0.0500000
NODE_48003_length_474_cov_3.986667	172	252	21	1	80	0.0125000
NODE_48003_length_474_cov_3.986667	172	252	25	1	80	0.0125000
NODE_48003_length_474_cov_3.986667	172	252	27	5	80	0.0625000
NODE_48003_length_474_cov_3.986667	172	252	31	7	80	0.0875000
NODE_48003_length_474_cov_3.986667	172	252	33	8	80	0.1000000
NODE_48003_length_474_cov_3.986667	172	252	35	14	80	0.1750000
NODE_48003_length_474_cov_3.986667	172	252	37	7	80	0.0875000
NODE_48003_length_474_cov_3.986667	172	252	39	31	80	0.3875000
NODE_48015_length_474_cov_3.496000	163	243	8	1	80	0.0125000
NODE_48015_length_474_cov_3.496000	163	243	10	19	80	0.2375000
NODE_48015_length_474_cov_3.496000	163	243	12	2	80	0.0250000
NODE_48015_length_474_cov_3.496000	163	243	14	11	80	0.1375000
NODE_48015_length_474_cov_3.496000	163	243	16	47	80	0.5875000
NODE_48038_length_474_cov_2.784000	259	300	5	11	41	0.2682927
NODE_48038_length_474_cov_2.784000	259	300	6	30	41	0.7317073
NODE_48116_length_474_cov_1.538667	41	62	0	21	21	1.0000000
NODE_48181_length_474_cov_1.085333	0	50	0	50	50	1.0000000
NODE_48184_length_474_cov_1.056000	95	133	0	38	38	1.0000000
NODE_48266_length_473_cov_82.374332	123	203	42	7	80	0.0875000
NODE_48266_length_473_cov_82.374332	123	203	49	14	80	0.1750000
NODE_48266_length_473_cov_82.374332	123	203	50	1	80	0.0125000
NODE_48266_length_473_cov_82.374332	123	203	52	1	80	0.0125000
NODE_48266_length_473_cov_82.374332	123	203	57	2	80	0.0250000
NODE_48266_length_473_cov_82.374332	123	203	62	23	80	0.2875000
NODE_48266_length_473_cov_82.374332	123	203	63	3	80	0.0375000
NODE_48266_length_473_cov_82.374332	123	203	64	26	80	0.3250000
NODE_48266_length_473_cov_82.374332	123	203	65	3	80	0.0375000
NODE_48266_length_473_cov_82.374332	176	256	0	1	80	0.0125000
NODE_48266_length_473_cov_82.374332	176	256	1	20	80	0.2500000
NODE_48266_length_473_cov_82.374332	176	256	2	24	80	0.3000000
NODE_48266_length_473_cov_82.374332	176	256	42	15	80	0.1875000
NODE_48266_length_473_cov_82.374332	176	256	49	14	80	0.1750000
NODE_48266_length_473_cov_82.374332	176	256	50	1	80	0.0125000
NODE_48266_length_473_cov_82.374332	176	256	52	1	80	0.0125000
NODE_48266_length_473_cov_82.374332	176	256	57	2	80	0.0250000
NODE_48266_length_473_cov_82.374332	176	256	62	1	80	0.0125000
NODE_48266_length_473_cov_82.374332	176	256	63	1	80	0.0125000
NODE_48267_length_473_cov_54.882353	199	279	2	41	80	0.5125000
NODE_48267_length_473_cov_54.882353	199	279	5	1	80	0.0125000
NODE_48267_length_473_cov_54.882353	199	279	6	38	80	0.4750000
NODE_48267_length_473_cov_54.882353	252	332	2	2	80	0.0250000
NODE_48267_length_473_cov_54.882353	252	332	4	4	80	0.0500000
NODE_48267_length_473_cov_54.882353	252	332	6	74	80	0.9250000
NODE_48268_length_473_cov_48.997326	119	194	43	1	75	0.0133333
NODE_48268_length_473_cov_48.997326	119	194	62	5	75	0.0666667
NODE_48268_length_473_cov_48.997326	119	194	63	4	75	0.0533333
NODE_48268_length_473_cov_48.997326	119	194	64	6	75	0.0800000
NODE_48268_length_473_cov_48.997326	119	194	65	4	75	0.0533333
NODE_48268_length_473_cov_48.997326	119	194	66	3	75	0.0400000
NODE_48268_length_473_cov_48.997326	119	194	68	13	75	0.1733333
NODE_48268_length_473_cov_48.997326	119	194	70	6	75	0.0800000
NODE_48268_length_473_cov_48.997326	119	194	72	13	75	0.1733333
NODE_48268_length_473_cov_48.997326	119	194	74	20	75	0.2666667
NODE_48268_length_473_cov_48.997326	119	194	43	1	75	0.0133333
NODE_48268_length_473_cov_48.997326	119	194	62	5	75	0.0666667
NODE_48268_length_473_cov_48.997326	119	194	63	4	75	0.0533333
NODE_48268_length_473_cov_48.997326	119	194	64	6	75	0.0800000
NODE_48268_length_473_cov_48.997326	119	194	65	4	75	0.0533333
NODE_48268_length_473_cov_48.997326	119	194	66	3	75	0.0400000
NODE_48268_length_473_cov_48.997326	119	194	68	13	75	0.1733333
NODE_48268_length_473_cov_48.997326	119	194	70	6	75	0.0800000
NODE_48268_length_473_cov_48.997326	119	194	72	13	75	0.1733333
NODE_48268_length_473_cov_48.997326	119	194	74	20	75	0.2666667
NODE_48268_length_473_cov_48.997326	167	247	41	35	80	0.4375000
NODE_48268_length_473_cov_48.997326	167	247	45	3	80	0.0375000
NODE_48268_length_473_cov_48.997326	167	247	49	2	80	0.0250000
NODE_48268_length_473_cov_48.997326	167	247	53	8	80	0.1000000
NODE_48268_length_473_cov_48.997326	167	247	55	3	80	0.0375000
NODE_48268_length_473_cov_48.997326	167	247	57	2	80	0.0250000
NODE_48268_length_473_cov_48.997326	167	247	64	6	80	0.0750000
NODE_48268_length_473_cov_48.997326	167	247	65	4	80	0.0500000
NODE_48268_length_473_cov_48.997326	167	247	66	3	80	0.0375000
NODE_48268_length_473_cov_48.997326	167	247	68	8	80	0.1000000
NODE_48268_length_473_cov_48.997326	167	247	70	6	80	0.0750000
NODE_48269_length_473_cov_30.679144	174	254	0	65	80	0.8125000
NODE_48269_length_473_cov_30.679144	174	254	2	15	80	0.1875000
NODE_48269_length_473_cov_30.679144	226	307	0	81	81	1.0000000
NODE_48269_length_473_cov_30.679144	227	307	0	80	80	1.0000000
NODE_48270_length_473_cov_24.967914	295	370	2	75	75	1.0000000
NODE_48270_length_473_cov_24.967914	343	423	0	37	80	0.4625000
NODE_48270_length_473_cov_24.967914	343	423	2	43	80	0.5375000
NODE_48271_length_473_cov_18.540107	168	248	0	2	80	0.0250000
NODE_48271_length_473_cov_18.540107	168	248	2	78	80	0.9750000
NODE_48271_length_473_cov_18.540107	221	301	0	40	80	0.5000000
NODE_48271_length_473_cov_18.540107	221	301	2	40	80	0.5000000
NODE_48272_length_473_cov_15.871658	143	223	0	80	80	1.0000000
NODE_48272_length_473_cov_15.871658	196	276	0	80	80	1.0000000
NODE_48291_length_473_cov_4.363636	160	240	0	80	80	1.0000000
NODE_48291_length_473_cov_4.363636	213	293	0	80	80	1.0000000
NODE_48320_length_473_cov_2.959893	199	267	0	68	68	1.0000000
NODE_48325_length_473_cov_2.804813	207	269	0	62	62	1.0000000
NODE_48350_length_473_cov_2.251337	48	128	0	24	80	0.3000000
NODE_48350_length_473_cov_2.251337	48	128	2	3	80	0.0375000
NODE_48350_length_473_cov_2.251337	48	128	4	15	80	0.1875000
NODE_48350_length_473_cov_2.251337	48	128	6	38	80	0.4750000
NODE_48350_length_473_cov_2.251337	101	181	4	12	80	0.1500000
NODE_48350_length_473_cov_2.251337	101	181	6	68	80	0.8500000
NODE_48568_length_472_cov_50.077748	1	81	3	1	80	0.0125000
NODE_48568_length_472_cov_50.077748	1	81	7	3	80	0.0375000
NODE_48568_length_472_cov_50.077748	1	81	8	2	80	0.0250000
NODE_48568_length_472_cov_50.077748	1	81	15	2	80	0.0250000
NODE_48568_length_472_cov_50.077748	1	81	17	1	80	0.0125000
NODE_48568_length_472_cov_50.077748	1	81	21	1	80	0.0125000
NODE_48568_length_472_cov_50.077748	1	81	24	4	80	0.0500000
NODE_48568_length_472_cov_50.077748	1	81	25	11	80	0.1375000
NODE_48568_length_472_cov_50.077748	1	81	27	3	80	0.0375000
NODE_48568_length_472_cov_50.077748	1	81	28	4	80	0.0500000
NODE_48568_length_472_cov_50.077748	1	81	29	3	80	0.0375000
NODE_48568_length_472_cov_50.077748	1	81	34	4	80	0.0500000
NODE_48568_length_472_cov_50.077748	1	81	36	2	80	0.0250000
NODE_48568_length_472_cov_50.077748	1	81	40	2	80	0.0250000
NODE_48568_length_472_cov_50.077748	1	81	48	5	80	0.0625000
NODE_48568_length_472_cov_50.077748	1	81	54	1	80	0.0125000
NODE_48568_length_472_cov_50.077748	1	81	58	1	80	0.0125000
NODE_48568_length_472_cov_50.077748	1	81	62	3	80	0.0375000
NODE_48568_length_472_cov_50.077748	1	81	72	6	80	0.0750000
NODE_48568_length_472_cov_50.077748	1	81	73	2	80	0.0250000
NODE_48568_length_472_cov_50.077748	1	81	94	1	80	0.0125000
NODE_48568_length_472_cov_50.077748	1	81	100	1	80	0.0125000
NODE_48568_length_472_cov_50.077748	1	81	101	5	80	0.0625000
NODE_48568_length_472_cov_50.077748	1	81	102	1	80	0.0125000
NODE_48568_length_472_cov_50.077748	1	81	103	7	80	0.0875000
NODE_48568_length_472_cov_50.077748	1	81	105	1	80	0.0125000
NODE_48568_length_472_cov_50.077748	1	81	107	2	80	0.0250000
NODE_48568_length_472_cov_50.077748	1	81	109	1	80	0.0125000
NODE_48568_length_472_cov_50.077748	1	81	3	1	80	0.0125000
NODE_48568_length_472_cov_50.077748	1	81	7	3	80	0.0375000
NODE_48568_length_472_cov_50.077748	1	81	8	2	80	0.0250000
NODE_48568_length_472_cov_50.077748	1	81	15	2	80	0.0250000
NODE_48568_length_472_cov_50.077748	1	81	17	1	80	0.0125000
NODE_48568_length_472_cov_50.077748	1	81	21	1	80	0.0125000
NODE_48568_length_472_cov_50.077748	1	81	24	4	80	0.0500000
NODE_48568_length_472_cov_50.077748	1	81	25	11	80	0.1375000
NODE_48568_length_472_cov_50.077748	1	81	27	3	80	0.0375000
NODE_48568_length_472_cov_50.077748	1	81	28	4	80	0.0500000
NODE_48568_length_472_cov_50.077748	1	81	29	3	80	0.0375000
NODE_48568_length_472_cov_50.077748	1	81	34	4	80	0.0500000
NODE_48568_length_472_cov_50.077748	1	81	36	2	80	0.0250000
NODE_48568_length_472_cov_50.077748	1	81	40	2	80	0.0250000
NODE_48568_length_472_cov_50.077748	1	81	48	5	80	0.0625000
NODE_48568_length_472_cov_50.077748	1	81	54	1	80	0.0125000
NODE_48568_length_472_cov_50.077748	1	81	58	1	80	0.0125000
NODE_48568_length_472_cov_50.077748	1	81	62	3	80	0.0375000
NODE_48568_length_472_cov_50.077748	1	81	72	6	80	0.0750000
NODE_48568_length_472_cov_50.077748	1	81	73	2	80	0.0250000
NODE_48568_length_472_cov_50.077748	1	81	94	1	80	0.0125000
NODE_48568_length_472_cov_50.077748	1	81	100	1	80	0.0125000
NODE_48568_length_472_cov_50.077748	1	81	101	5	80	0.0625000
NODE_48568_length_472_cov_50.077748	1	81	102	1	80	0.0125000
NODE_48568_length_472_cov_50.077748	1	81	103	7	80	0.0875000
NODE_48568_length_472_cov_50.077748	1	81	105	1	80	0.0125000
NODE_48568_length_472_cov_50.077748	1	81	107	2	80	0.0250000
NODE_48568_length_472_cov_50.077748	1	81	109	1	80	0.0125000
NODE_48568_length_472_cov_50.077748	1	81	3	1	80	0.0125000
NODE_48568_length_472_cov_50.077748	1	81	7	3	80	0.0375000
NODE_48568_length_472_cov_50.077748	1	81	8	2	80	0.0250000
NODE_48568_length_472_cov_50.077748	1	81	15	2	80	0.0250000
NODE_48568_length_472_cov_50.077748	1	81	17	1	80	0.0125000
NODE_48568_length_472_cov_50.077748	1	81	21	1	80	0.0125000
NODE_48568_length_472_cov_50.077748	1	81	24	4	80	0.0500000
NODE_48568_length_472_cov_50.077748	1	81	25	11	80	0.1375000
NODE_48568_length_472_cov_50.077748	1	81	27	3	80	0.0375000
NODE_48568_length_472_cov_50.077748	1	81	28	4	80	0.0500000
NODE_48568_length_472_cov_50.077748	1	81	29	3	80	0.0375000
NODE_48568_length_472_cov_50.077748	1	81	34	4	80	0.0500000
NODE_48568_length_472_cov_50.077748	1	81	36	2	80	0.0250000
NODE_48568_length_472_cov_50.077748	1	81	40	2	80	0.0250000
NODE_48568_length_472_cov_50.077748	1	81	48	5	80	0.0625000
NODE_48568_length_472_cov_50.077748	1	81	54	1	80	0.0125000
NODE_48568_length_472_cov_50.077748	1	81	58	1	80	0.0125000
NODE_48568_length_472_cov_50.077748	1	81	62	3	80	0.0375000
NODE_48568_length_472_cov_50.077748	1	81	72	6	80	0.0750000
NODE_48568_length_472_cov_50.077748	1	81	73	2	80	0.0250000
NODE_48568_length_472_cov_50.077748	1	81	94	1	80	0.0125000
NODE_48568_length_472_cov_50.077748	1	81	100	1	80	0.0125000
NODE_48568_length_472_cov_50.077748	1	81	101	5	80	0.0625000
NODE_48568_length_472_cov_50.077748	1	81	102	1	80	0.0125000
NODE_48568_length_472_cov_50.077748	1	81	103	7	80	0.0875000
NODE_48568_length_472_cov_50.077748	1	81	105	1	80	0.0125000
NODE_48568_length_472_cov_50.077748	1	81	107	2	80	0.0250000
NODE_48568_length_472_cov_50.077748	1	81	109	1	80	0.0125000
NODE_48568_length_472_cov_50.077748	1	81	3	1	80	0.0125000
NODE_48568_length_472_cov_50.077748	1	81	7	3	80	0.0375000
NODE_48568_length_472_cov_50.077748	1	81	8	2	80	0.0250000
NODE_48568_length_472_cov_50.077748	1	81	15	2	80	0.0250000
NODE_48568_length_472_cov_50.077748	1	81	17	1	80	0.0125000
NODE_48568_length_472_cov_50.077748	1	81	21	1	80	0.0125000
NODE_48568_length_472_cov_50.077748	1	81	24	4	80	0.0500000
NODE_48568_length_472_cov_50.077748	1	81	25	11	80	0.1375000
NODE_48568_length_472_cov_50.077748	1	81	27	3	80	0.0375000
NODE_48568_length_472_cov_50.077748	1	81	28	4	80	0.0500000
NODE_48568_length_472_cov_50.077748	1	81	29	3	80	0.0375000
NODE_48568_length_472_cov_50.077748	1	81	34	4	80	0.0500000
NODE_48568_length_472_cov_50.077748	1	81	36	2	80	0.0250000
NODE_48568_length_472_cov_50.077748	1	81	40	2	80	0.0250000
NODE_48568_length_472_cov_50.077748	1	81	48	5	80	0.0625000
NODE_48568_length_472_cov_50.077748	1	81	54	1	80	0.0125000
NODE_48568_length_472_cov_50.077748	1	81	58	1	80	0.0125000
NODE_48568_length_472_cov_50.077748	1	81	62	3	80	0.0375000
NODE_48568_length_472_cov_50.077748	1	81	72	6	80	0.0750000
NODE_48568_length_472_cov_50.077748	1	81	73	2	80	0.0250000
NODE_48568_length_472_cov_50.077748	1	81	94	1	80	0.0125000
NODE_48568_length_472_cov_50.077748	1	81	100	1	80	0.0125000
NODE_48568_length_472_cov_50.077748	1	81	101	5	80	0.0625000
NODE_48568_length_472_cov_50.077748	1	81	102	1	80	0.0125000
NODE_48568_length_472_cov_50.077748	1	81	103	7	80	0.0875000
NODE_48568_length_472_cov_50.077748	1	81	105	1	80	0.0125000
NODE_48568_length_472_cov_50.077748	1	81	107	2	80	0.0250000
NODE_48568_length_472_cov_50.077748	1	81	109	1	80	0.0125000
NODE_48568_length_472_cov_50.077748	1	81	3	1	80	0.0125000
NODE_48568_length_472_cov_50.077748	1	81	7	3	80	0.0375000
NODE_48568_length_472_cov_50.077748	1	81	8	2	80	0.0250000
NODE_48568_length_472_cov_50.077748	1	81	15	2	80	0.0250000
NODE_48568_length_472_cov_50.077748	1	81	17	1	80	0.0125000
NODE_48568_length_472_cov_50.077748	1	81	21	1	80	0.0125000
NODE_48568_length_472_cov_50.077748	1	81	24	4	80	0.0500000
NODE_48568_length_472_cov_50.077748	1	81	25	11	80	0.1375000
NODE_48568_length_472_cov_50.077748	1	81	27	3	80	0.0375000
NODE_48568_length_472_cov_50.077748	1	81	28	4	80	0.0500000
NODE_48568_length_472_cov_50.077748	1	81	29	3	80	0.0375000
NODE_48568_length_472_cov_50.077748	1	81	34	4	80	0.0500000
NODE_48568_length_472_cov_50.077748	1	81	36	2	80	0.0250000
NODE_48568_length_472_cov_50.077748	1	81	40	2	80	0.0250000
NODE_48568_length_472_cov_50.077748	1	81	48	5	80	0.0625000
NODE_48568_length_472_cov_50.077748	1	81	54	1	80	0.0125000
NODE_48568_length_472_cov_50.077748	1	81	58	1	80	0.0125000
NODE_48568_length_472_cov_50.077748	1	81	62	3	80	0.0375000
NODE_48568_length_472_cov_50.077748	1	81	72	6	80	0.0750000
NODE_48568_length_472_cov_50.077748	1	81	73	2	80	0.0250000
NODE_48568_length_472_cov_50.077748	1	81	94	1	80	0.0125000
NODE_48568_length_472_cov_50.077748	1	81	100	1	80	0.0125000
NODE_48568_length_472_cov_50.077748	1	81	101	5	80	0.0625000
NODE_48568_length_472_cov_50.077748	1	81	102	1	80	0.0125000
NODE_48568_length_472_cov_50.077748	1	81	103	7	80	0.0875000
NODE_48568_length_472_cov_50.077748	1	81	105	1	80	0.0125000
NODE_48568_length_472_cov_50.077748	1	81	107	2	80	0.0250000
NODE_48568_length_472_cov_50.077748	1	81	109	1	80	0.0125000
NODE_48568_length_472_cov_50.077748	10	81	21	1	71	0.0140845
NODE_48568_length_472_cov_50.077748	10	81	24	4	71	0.0563380
NODE_48568_length_472_cov_50.077748	10	81	25	11	71	0.1549296
NODE_48568_length_472_cov_50.077748	10	81	27	3	71	0.0422535
NODE_48568_length_472_cov_50.077748	10	81	28	4	71	0.0563380
NODE_48568_length_472_cov_50.077748	10	81	29	3	71	0.0422535
NODE_48568_length_472_cov_50.077748	10	81	34	4	71	0.0563380
NODE_48568_length_472_cov_50.077748	10	81	36	2	71	0.0281690
NODE_48568_length_472_cov_50.077748	10	81	40	2	71	0.0281690
NODE_48568_length_472_cov_50.077748	10	81	48	5	71	0.0704225
NODE_48568_length_472_cov_50.077748	10	81	54	1	71	0.0140845
NODE_48568_length_472_cov_50.077748	10	81	58	1	71	0.0140845
NODE_48568_length_472_cov_50.077748	10	81	62	3	71	0.0422535
NODE_48568_length_472_cov_50.077748	10	81	72	6	71	0.0845070
NODE_48568_length_472_cov_50.077748	10	81	73	2	71	0.0281690
NODE_48568_length_472_cov_50.077748	10	81	94	1	71	0.0140845
NODE_48568_length_472_cov_50.077748	10	81	100	1	71	0.0140845
NODE_48568_length_472_cov_50.077748	10	81	101	5	71	0.0704225
NODE_48568_length_472_cov_50.077748	10	81	102	1	71	0.0140845
NODE_48568_length_472_cov_50.077748	10	81	103	7	71	0.0985916
NODE_48568_length_472_cov_50.077748	10	81	105	1	71	0.0140845
NODE_48568_length_472_cov_50.077748	10	81	107	2	71	0.0281690
NODE_48568_length_472_cov_50.077748	10	81	109	1	71	0.0140845
NODE_48568_length_472_cov_50.077748	54	131	72	6	77	0.0779221
NODE_48568_length_472_cov_50.077748	54	131	73	2	77	0.0259740
NODE_48568_length_472_cov_50.077748	54	131	94	1	77	0.0129870
NODE_48568_length_472_cov_50.077748	54	131	100	1	77	0.0129870
NODE_48568_length_472_cov_50.077748	54	131	101	5	77	0.0649351
NODE_48568_length_472_cov_50.077748	54	131	102	1	77	0.0129870
NODE_48568_length_472_cov_50.077748	54	131	103	7	77	0.0909091
NODE_48568_length_472_cov_50.077748	54	131	105	1	77	0.0129870
NODE_48568_length_472_cov_50.077748	54	131	107	2	77	0.0259740
NODE_48568_length_472_cov_50.077748	54	131	109	3	77	0.0389610
NODE_48568_length_472_cov_50.077748	54	131	111	6	77	0.0779221
NODE_48568_length_472_cov_50.077748	54	131	113	5	77	0.0649351
NODE_48568_length_472_cov_50.077748	54	131	114	5	77	0.0649351
NODE_48568_length_472_cov_50.077748	54	131	115	5	77	0.0649351
NODE_48568_length_472_cov_50.077748	54	131	120	4	77	0.0519481
NODE_48568_length_472_cov_50.077748	54	131	121	17	77	0.2207792
NODE_48568_length_472_cov_50.077748	54	131	122	1	77	0.0129870
NODE_48568_length_472_cov_50.077748	54	131	123	5	77	0.0649351
NODE_48568_length_472_cov_50.077748	54	131	72	6	77	0.0779221
NODE_48568_length_472_cov_50.077748	54	131	73	2	77	0.0259740
NODE_48568_length_472_cov_50.077748	54	131	94	1	77	0.0129870
NODE_48568_length_472_cov_50.077748	54	131	100	1	77	0.0129870
NODE_48568_length_472_cov_50.077748	54	131	101	5	77	0.0649351
NODE_48568_length_472_cov_50.077748	54	131	102	1	77	0.0129870
NODE_48568_length_472_cov_50.077748	54	131	103	7	77	0.0909091
NODE_48568_length_472_cov_50.077748	54	131	105	1	77	0.0129870
NODE_48568_length_472_cov_50.077748	54	131	107	2	77	0.0259740
NODE_48568_length_472_cov_50.077748	54	131	109	3	77	0.0389610
NODE_48568_length_472_cov_50.077748	54	131	111	6	77	0.0779221
NODE_48568_length_472_cov_50.077748	54	131	113	5	77	0.0649351
NODE_48568_length_472_cov_50.077748	54	131	114	5	77	0.0649351
NODE_48568_length_472_cov_50.077748	54	131	115	5	77	0.0649351
NODE_48568_length_472_cov_50.077748	54	131	120	4	77	0.0519481
NODE_48568_length_472_cov_50.077748	54	131	121	17	77	0.2207792
NODE_48568_length_472_cov_50.077748	54	131	122	1	77	0.0129870
NODE_48568_length_472_cov_50.077748	54	131	123	5	77	0.0649351
NODE_48568_length_472_cov_50.077748	54	131	72	6	77	0.0779221
NODE_48568_length_472_cov_50.077748	54	131	73	2	77	0.0259740
NODE_48568_length_472_cov_50.077748	54	131	94	1	77	0.0129870
NODE_48568_length_472_cov_50.077748	54	131	100	1	77	0.0129870
NODE_48568_length_472_cov_50.077748	54	131	101	5	77	0.0649351
NODE_48568_length_472_cov_50.077748	54	131	102	1	77	0.0129870
NODE_48568_length_472_cov_50.077748	54	131	103	7	77	0.0909091
NODE_48568_length_472_cov_50.077748	54	131	105	1	77	0.0129870
NODE_48568_length_472_cov_50.077748	54	131	107	2	77	0.0259740
NODE_48568_length_472_cov_50.077748	54	131	109	3	77	0.0389610
NODE_48568_length_472_cov_50.077748	54	131	111	6	77	0.0779221
NODE_48568_length_472_cov_50.077748	54	131	113	5	77	0.0649351
NODE_48568_length_472_cov_50.077748	54	131	114	5	77	0.0649351
NODE_48568_length_472_cov_50.077748	54	131	115	5	77	0.0649351
NODE_48568_length_472_cov_50.077748	54	131	120	4	77	0.0519481
NODE_48568_length_472_cov_50.077748	54	131	121	17	77	0.2207792
NODE_48568_length_472_cov_50.077748	54	131	122	1	77	0.0129870
NODE_48568_length_472_cov_50.077748	54	131	123	5	77	0.0649351
NODE_48568_length_472_cov_50.077748	130	204	51	3	74	0.0405405
NODE_48568_length_472_cov_50.077748	130	204	55	7	74	0.0945946
NODE_48568_length_472_cov_50.077748	130	204	56	2	74	0.0270270
NODE_48568_length_472_cov_50.077748	130	204	60	2	74	0.0270270
NODE_48568_length_472_cov_50.077748	130	204	65	4	74	0.0540541
NODE_48568_length_472_cov_50.077748	130	204	70	5	74	0.0675676
NODE_48568_length_472_cov_50.077748	130	204	72	2	74	0.0270270
NODE_48568_length_472_cov_50.077748	130	204	73	1	74	0.0135135
NODE_48568_length_472_cov_50.077748	130	204	75	2	74	0.0270270
NODE_48568_length_472_cov_50.077748	130	204	86	6	74	0.0810811
NODE_48568_length_472_cov_50.077748	130	204	87	10	74	0.1351351
NODE_48568_length_472_cov_50.077748	130	204	90	1	74	0.0135135
NODE_48568_length_472_cov_50.077748	130	204	91	2	74	0.0270270
NODE_48568_length_472_cov_50.077748	130	204	110	5	74	0.0675676
NODE_48568_length_472_cov_50.077748	130	204	113	1	74	0.0135135
NODE_48568_length_472_cov_50.077748	130	204	114	9	74	0.1216216
NODE_48568_length_472_cov_50.077748	130	204	115	12	74	0.1621622
NODE_48569_length_472_cov_10.469169	294	374	0	80	80	1.0000000
NODE_48569_length_472_cov_10.469169	347	427	0	80	80	1.0000000
NODE_48570_length_472_cov_10.195710	143	223	0	80	80	1.0000000
NODE_48570_length_472_cov_10.195710	196	276	0	80	80	1.0000000
NODE_48593_length_472_cov_4.375335	165	245	0	80	80	1.0000000
NODE_48593_length_472_cov_4.375335	218	251	0	33	33	1.0000000
NODE_48614_length_472_cov_3.495979	305	349	0	44	44	1.0000000
NODE_48620_length_472_cov_3.093834	220	295	0	75	75	1.0000000
NODE_48638_length_472_cov_2.592493	431	471	0	40	40	1.0000000
NODE_48745_length_472_cov_1.294906	43	98	0	55	55	1.0000000
NODE_48745_length_472_cov_1.294906	71	151	0	80	80	1.0000000
NODE_48768_length_472_cov_1.211796	106	126	0	20	20	1.0000000
NODE_48873_length_471_cov_39.319892	119	193	2	73	74	0.9864865
NODE_48873_length_471_cov_39.319892	119	193	7	1	74	0.0135135
NODE_48874_length_471_cov_24.279570	185	265	0	1	80	0.0125000
NODE_48874_length_471_cov_24.279570	185	265	8	71	80	0.8875000
NODE_48874_length_471_cov_24.279570	185	265	10	8	80	0.1000000
NODE_48874_length_471_cov_24.279570	238	318	2	13	80	0.1625000
NODE_48874_length_471_cov_24.279570	238	318	8	19	80	0.2375000
NODE_48874_length_471_cov_24.279570	238	318	10	48	80	0.6000000
NODE_48875_length_471_cov_19.669355	83	163	0	80	80	1.0000000
NODE_48875_length_471_cov_19.669355	136	216	0	80	80	1.0000000
NODE_48876_length_471_cov_14.387097	198	278	0	80	80	1.0000000
NODE_48876_length_471_cov_14.387097	251	331	0	80	80	1.0000000
NODE_48881_length_471_cov_6.948925	186	213	2	27	27	1.0000000
NODE_48881_length_471_cov_6.948925	204	284	0	64	80	0.8000000
NODE_48881_length_471_cov_6.948925	204	284	2	16	80	0.2000000
NODE_48881_length_471_cov_6.948925	244	275	0	31	31	1.0000000
NODE_48881_length_471_cov_6.948925	257	337	0	80	80	1.0000000
NODE_48881_length_471_cov_6.948925	268	337	0	69	69	1.0000000
NODE_48902_length_471_cov_3.803763	83	162	0	79	79	1.0000000
NODE_48902_length_471_cov_3.803763	135	215	0	80	80	1.0000000
NODE_48924_length_471_cov_2.954301	284	315	6	31	31	1.0000000
NODE_48957_length_471_cov_2.287634	133	200	2	67	67	1.0000000
NODE_49186_length_470_cov_57.078167	184	264	0	80	80	1.0000000
NODE_49186_length_470_cov_57.078167	237	317	0	28	80	0.3500000
NODE_49186_length_470_cov_57.078167	237	317	2	20	80	0.2500000
NODE_49186_length_470_cov_57.078167	237	317	12	32	80	0.4000000
NODE_49186_length_470_cov_57.078167	313	393	12	4	80	0.0500000
NODE_49186_length_470_cov_57.078167	313	393	16	1	80	0.0125000
NODE_49186_length_470_cov_57.078167	313	393	17	23	80	0.2875000
NODE_49186_length_470_cov_57.078167	313	393	18	49	80	0.6125000
NODE_49186_length_470_cov_57.078167	313	393	19	3	80	0.0375000
NODE_49186_length_470_cov_57.078167	366	446	2	18	80	0.2250000
NODE_49186_length_470_cov_57.078167	366	446	5	1	80	0.0125000
NODE_49186_length_470_cov_57.078167	366	446	7	1	80	0.0125000
NODE_49186_length_470_cov_57.078167	366	446	15	1	80	0.0125000
NODE_49186_length_470_cov_57.078167	366	446	17	25	80	0.3125000
NODE_49186_length_470_cov_57.078167	366	446	18	34	80	0.4250000
NODE_49187_length_470_cov_34.035040	228	308	0	80	80	1.0000000
NODE_49187_length_470_cov_34.035040	281	361	0	80	80	1.0000000
NODE_49187_length_470_cov_34.035040	357	437	0	80	80	1.0000000
NODE_49187_length_470_cov_34.035040	410	470	0	60	60	1.0000000
NODE_49188_length_470_cov_15.539084	142	222	0	80	80	1.0000000
NODE_49188_length_470_cov_15.539084	195	275	0	80	80	1.0000000
NODE_49193_length_470_cov_6.070081	272	330	186	2	58	0.0344828
NODE_49193_length_470_cov_6.070081	272	330	188	1	58	0.0172414
NODE_49193_length_470_cov_6.070081	272	330	190	2	58	0.0344828
NODE_49193_length_470_cov_6.070081	272	330	192	2	58	0.0344828
NODE_49193_length_470_cov_6.070081	272	330	194	1	58	0.0172414
NODE_49193_length_470_cov_6.070081	272	330	196	1	58	0.0172414
NODE_49193_length_470_cov_6.070081	272	330	199	1	58	0.0172414
NODE_49193_length_470_cov_6.070081	272	330	201	1	58	0.0172414
NODE_49193_length_470_cov_6.070081	272	330	203	1	58	0.0172414
NODE_49193_length_470_cov_6.070081	272	330	205	1	58	0.0172414
NODE_49193_length_470_cov_6.070081	272	330	207	1	58	0.0172414
NODE_49193_length_470_cov_6.070081	272	330	208	1	58	0.0172414
NODE_49193_length_470_cov_6.070081	272	330	210	4	58	0.0689655
NODE_49193_length_470_cov_6.070081	272	330	211	2	58	0.0344828
NODE_49193_length_470_cov_6.070081	272	330	212	2	58	0.0344828
NODE_49193_length_470_cov_6.070081	272	330	214	11	58	0.1896552
NODE_49193_length_470_cov_6.070081	272	330	215	7	58	0.1206897
NODE_49193_length_470_cov_6.070081	272	330	216	8	58	0.1379310
NODE_49193_length_470_cov_6.070081	272	330	217	9	58	0.1551724
NODE_49193_length_470_cov_6.070081	325	383	10	1	58	0.0172414
NODE_49193_length_470_cov_6.070081	325	383	21	1	58	0.0172414
NODE_49193_length_470_cov_6.070081	325	383	30	1	58	0.0172414
NODE_49193_length_470_cov_6.070081	325	383	38	1	58	0.0172414
NODE_49193_length_470_cov_6.070081	325	383	42	1	58	0.0172414
NODE_49193_length_470_cov_6.070081	325	383	48	1	58	0.0172414
NODE_49193_length_470_cov_6.070081	325	383	50	1	58	0.0172414
NODE_49193_length_470_cov_6.070081	325	383	52	1	58	0.0172414
NODE_49193_length_470_cov_6.070081	325	383	56	2	58	0.0344828
NODE_49193_length_470_cov_6.070081	325	383	59	1	58	0.0172414
NODE_49193_length_470_cov_6.070081	325	383	63	1	58	0.0172414
NODE_49193_length_470_cov_6.070081	325	383	64	1	58	0.0172414
NODE_49193_length_470_cov_6.070081	325	383	69	1	58	0.0172414
NODE_49193_length_470_cov_6.070081	325	383	74	1	58	0.0172414
NODE_49193_length_470_cov_6.070081	325	383	78	1	58	0.0172414
NODE_49193_length_470_cov_6.070081	325	383	80	1	58	0.0172414
NODE_49193_length_470_cov_6.070081	325	383	82	2	58	0.0344828
NODE_49193_length_470_cov_6.070081	325	383	88	1	58	0.0172414
NODE_49193_length_470_cov_6.070081	325	383	92	1	58	0.0172414
NODE_49193_length_470_cov_6.070081	325	383	93	1	58	0.0172414
NODE_49193_length_470_cov_6.070081	325	383	94	2	58	0.0344828
NODE_49193_length_470_cov_6.070081	325	383	95	1	58	0.0172414
NODE_49193_length_470_cov_6.070081	325	383	100	1	58	0.0172414
NODE_49193_length_470_cov_6.070081	325	383	101	1	58	0.0172414
NODE_49193_length_470_cov_6.070081	325	383	102	1	58	0.0172414
NODE_49193_length_470_cov_6.070081	325	383	109	1	58	0.0172414
NODE_49193_length_470_cov_6.070081	325	383	110	1	58	0.0172414
NODE_49193_length_470_cov_6.070081	325	383	116	1	58	0.0172414
NODE_49193_length_470_cov_6.070081	325	383	122	1	58	0.0172414
NODE_49193_length_470_cov_6.070081	325	383	130	1	58	0.0172414
NODE_49193_length_470_cov_6.070081	325	383	133	3	58	0.0517241
NODE_49193_length_470_cov_6.070081	325	383	134	1	58	0.0172414
NODE_49193_length_470_cov_6.070081	325	383	141	2	58	0.0344828
NODE_49193_length_470_cov_6.070081	325	383	142	3	58	0.0517241
NODE_49193_length_470_cov_6.070081	325	383	148	2	58	0.0344828
NODE_49193_length_470_cov_6.070081	325	383	152	1	58	0.0172414
NODE_49193_length_470_cov_6.070081	325	383	153	1	58	0.0172414
NODE_49193_length_470_cov_6.070081	325	383	155	2	58	0.0344828
NODE_49193_length_470_cov_6.070081	325	383	156	1	58	0.0172414
NODE_49193_length_470_cov_6.070081	325	383	162	1	58	0.0172414
NODE_49193_length_470_cov_6.070081	325	383	174	1	58	0.0172414
NODE_49193_length_470_cov_6.070081	325	383	181	2	58	0.0344828
NODE_49193_length_470_cov_6.070081	325	383	186	2	58	0.0344828
NODE_49193_length_470_cov_6.070081	325	383	188	1	58	0.0172414
NODE_49193_length_470_cov_6.070081	325	383	190	2	58	0.0344828
NODE_49215_length_470_cov_3.735849	194	251	6	57	57	1.0000000
NODE_49260_length_470_cov_2.363881	403	422	0	19	19	1.0000000
NODE_49260_length_470_cov_2.363881	403	422	0	19	19	1.0000000
NODE_49389_length_470_cov_1.142857	414	470	0	19	56	0.3392857
NODE_49389_length_470_cov_1.142857	414	470	2	17	56	0.3035714
NODE_49389_length_470_cov_1.142857	414	470	4	2	56	0.0357143
NODE_49389_length_470_cov_1.142857	414	470	6	18	56	0.3214286
NODE_49502_length_469_cov_221.024324	150	228	743	1	78	0.0128205
NODE_49502_length_469_cov_221.024324	150	228	756	1	78	0.0128205
NODE_49502_length_469_cov_221.024324	150	228	761	1	78	0.0128205
NODE_49502_length_469_cov_221.024324	150	228	774	1	78	0.0128205
NODE_49502_length_469_cov_221.024324	150	228	779	1	78	0.0128205
NODE_49502_length_469_cov_221.024324	150	228	788	1	78	0.0128205
NODE_49502_length_469_cov_221.024324	150	228	793	1	78	0.0128205
NODE_49502_length_469_cov_221.024324	150	228	805	1	78	0.0128205
NODE_49502_length_469_cov_221.024324	150	228	814	1	78	0.0128205
NODE_49502_length_469_cov_221.024324	150	228	838	1	78	0.0128205
NODE_49502_length_469_cov_221.024324	150	228	841	1	78	0.0128205
NODE_49502_length_469_cov_221.024324	150	228	843	1	78	0.0128205
NODE_49502_length_469_cov_221.024324	150	228	849	1	78	0.0128205
NODE_49502_length_469_cov_221.024324	150	228	852	1	78	0.0128205
NODE_49502_length_469_cov_221.024324	150	228	855	1	78	0.0128205
NODE_49502_length_469_cov_221.024324	150	228	867	1	78	0.0128205
NODE_49502_length_469_cov_221.024324	150	228	872	1	78	0.0128205
NODE_49502_length_469_cov_221.024324	150	228	875	1	78	0.0128205
NODE_49502_length_469_cov_221.024324	150	228	886	1	78	0.0128205
NODE_49502_length_469_cov_221.024324	150	228	887	1	78	0.0128205
NODE_49502_length_469_cov_221.024324	150	228	891	1	78	0.0128205
NODE_49502_length_469_cov_221.024324	150	228	895	1	78	0.0128205
NODE_49502_length_469_cov_221.024324	150	228	913	1	78	0.0128205
NODE_49502_length_469_cov_221.024324	150	228	915	2	78	0.0256410
NODE_49502_length_469_cov_221.024324	150	228	924	1	78	0.0128205
NODE_49502_length_469_cov_221.024324	150	228	928	1	78	0.0128205
NODE_49502_length_469_cov_221.024324	150	228	933	2	78	0.0256410
NODE_49502_length_469_cov_221.024324	150	228	937	1	78	0.0128205
NODE_49502_length_469_cov_221.024324	150	228	940	1	78	0.0128205
NODE_49502_length_469_cov_221.024324	150	228	944	1	78	0.0128205
NODE_49502_length_469_cov_221.024324	150	228	960	1	78	0.0128205
NODE_49502_length_469_cov_221.024324	150	228	961	1	78	0.0128205
NODE_49502_length_469_cov_221.024324	150	228	966	1	78	0.0128205
NODE_49502_length_469_cov_221.024324	150	228	977	1	78	0.0128205
NODE_49502_length_469_cov_221.024324	150	228	980	1	78	0.0128205
NODE_49502_length_469_cov_221.024324	150	228	988	1	78	0.0128205
NODE_49502_length_469_cov_221.024324	150	228	993	1	78	0.0128205
NODE_49502_length_469_cov_221.024324	150	228	999	1	78	0.0128205
NODE_49502_length_469_cov_221.024324	150	228	1015	1	78	0.0128205
NODE_49502_length_469_cov_221.024324	150	228	1035	1	78	0.0128205
NODE_49502_length_469_cov_221.024324	150	228	1038	1	78	0.0128205
NODE_49502_length_469_cov_221.024324	150	228	1046	1	78	0.0128205
NODE_49502_length_469_cov_221.024324	150	228	1060	1	78	0.0128205
NODE_49502_length_469_cov_221.024324	150	228	1067	1	78	0.0128205
NODE_49502_length_469_cov_221.024324	150	228	1079	1	78	0.0128205
NODE_49502_length_469_cov_221.024324	150	228	1081	1	78	0.0128205
NODE_49502_length_469_cov_221.024324	150	228	1095	1	78	0.0128205
NODE_49502_length_469_cov_221.024324	150	228	1098	1	78	0.0128205
NODE_49502_length_469_cov_221.024324	150	228	1103	1	78	0.0128205
NODE_49502_length_469_cov_221.024324	150	228	1110	1	78	0.0128205
NODE_49502_length_469_cov_221.024324	150	228	1133	1	78	0.0128205
NODE_49502_length_469_cov_221.024324	150	228	1139	1	78	0.0128205
NODE_49502_length_469_cov_221.024324	150	228	1148	1	78	0.0128205
NODE_49502_length_469_cov_221.024324	150	228	1162	2	78	0.0256410
NODE_49502_length_469_cov_221.024324	150	228	1178	1	78	0.0128205
NODE_49502_length_469_cov_221.024324	150	228	1182	1	78	0.0128205
NODE_49502_length_469_cov_221.024324	150	228	1190	1	78	0.0128205
NODE_49502_length_469_cov_221.024324	150	228	1191	1	78	0.0128205
NODE_49502_length_469_cov_221.024324	150	228	1192	1	78	0.0128205
NODE_49502_length_469_cov_221.024324	150	228	1193	1	78	0.0128205
NODE_49502_length_469_cov_221.024324	150	228	1194	1	78	0.0128205
NODE_49502_length_469_cov_221.024324	150	228	1195	1	78	0.0128205
NODE_49502_length_469_cov_221.024324	150	228	1196	1	78	0.0128205
NODE_49502_length_469_cov_221.024324	150	228	1202	3	78	0.0384615
NODE_49502_length_469_cov_221.024324	150	228	1203	1	78	0.0128205
NODE_49502_length_469_cov_221.024324	150	228	1204	1	78	0.0128205
NODE_49502_length_469_cov_221.024324	150	228	1206	2	78	0.0256410
NODE_49502_length_469_cov_221.024324	150	228	1210	1	78	0.0128205
NODE_49502_length_469_cov_221.024324	150	228	1215	1	78	0.0128205
NODE_49502_length_469_cov_221.024324	150	228	1217	1	78	0.0128205
NODE_49502_length_469_cov_221.024324	150	228	1218	1	78	0.0128205
NODE_49502_length_469_cov_221.024324	150	228	1219	1	78	0.0128205
NODE_49502_length_469_cov_221.024324	150	228	743	1	78	0.0128205
NODE_49502_length_469_cov_221.024324	150	228	756	1	78	0.0128205
NODE_49502_length_469_cov_221.024324	150	228	761	1	78	0.0128205
NODE_49502_length_469_cov_221.024324	150	228	774	1	78	0.0128205
NODE_49502_length_469_cov_221.024324	150	228	779	1	78	0.0128205
NODE_49502_length_469_cov_221.024324	150	228	788	1	78	0.0128205
NODE_49502_length_469_cov_221.024324	150	228	793	1	78	0.0128205
NODE_49502_length_469_cov_221.024324	150	228	805	1	78	0.0128205
NODE_49502_length_469_cov_221.024324	150	228	814	1	78	0.0128205
NODE_49502_length_469_cov_221.024324	150	228	838	1	78	0.0128205
NODE_49502_length_469_cov_221.024324	150	228	841	1	78	0.0128205
NODE_49502_length_469_cov_221.024324	150	228	843	1	78	0.0128205
NODE_49502_length_469_cov_221.024324	150	228	849	1	78	0.0128205
NODE_49502_length_469_cov_221.024324	150	228	852	1	78	0.0128205
NODE_49502_length_469_cov_221.024324	150	228	855	1	78	0.0128205
NODE_49502_length_469_cov_221.024324	150	228	867	1	78	0.0128205
NODE_49502_length_469_cov_221.024324	150	228	872	1	78	0.0128205
NODE_49502_length_469_cov_221.024324	150	228	875	1	78	0.0128205
NODE_49502_length_469_cov_221.024324	150	228	886	1	78	0.0128205
NODE_49502_length_469_cov_221.024324	150	228	887	1	78	0.0128205
NODE_49502_length_469_cov_221.024324	150	228	891	1	78	0.0128205
NODE_49502_length_469_cov_221.024324	150	228	895	1	78	0.0128205
NODE_49502_length_469_cov_221.024324	150	228	913	1	78	0.0128205
NODE_49502_length_469_cov_221.024324	150	228	915	2	78	0.0256410
NODE_49502_length_469_cov_221.024324	150	228	924	1	78	0.0128205
NODE_49502_length_469_cov_221.024324	150	228	928	1	78	0.0128205
NODE_49502_length_469_cov_221.024324	150	228	933	2	78	0.0256410
NODE_49502_length_469_cov_221.024324	150	228	937	1	78	0.0128205
NODE_49502_length_469_cov_221.024324	150	228	940	1	78	0.0128205
NODE_49502_length_469_cov_221.024324	150	228	944	1	78	0.0128205
NODE_49502_length_469_cov_221.024324	150	228	960	1	78	0.0128205
NODE_49502_length_469_cov_221.024324	150	228	961	1	78	0.0128205
NODE_49502_length_469_cov_221.024324	150	228	966	1	78	0.0128205
NODE_49502_length_469_cov_221.024324	150	228	977	1	78	0.0128205
NODE_49502_length_469_cov_221.024324	150	228	980	1	78	0.0128205
NODE_49502_length_469_cov_221.024324	150	228	988	1	78	0.0128205
NODE_49502_length_469_cov_221.024324	150	228	993	1	78	0.0128205
NODE_49502_length_469_cov_221.024324	150	228	999	1	78	0.0128205
NODE_49502_length_469_cov_221.024324	150	228	1015	1	78	0.0128205
NODE_49502_length_469_cov_221.024324	150	228	1035	1	78	0.0128205
NODE_49502_length_469_cov_221.024324	150	228	1038	1	78	0.0128205
NODE_49502_length_469_cov_221.024324	150	228	1046	1	78	0.0128205
NODE_49502_length_469_cov_221.024324	150	228	1060	1	78	0.0128205
NODE_49502_length_469_cov_221.024324	150	228	1067	1	78	0.0128205
NODE_49502_length_469_cov_221.024324	150	228	1079	1	78	0.0128205
NODE_49502_length_469_cov_221.024324	150	228	1081	1	78	0.0128205
NODE_49502_length_469_cov_221.024324	150	228	1095	1	78	0.0128205
NODE_49502_length_469_cov_221.024324	150	228	1098	1	78	0.0128205
NODE_49502_length_469_cov_221.024324	150	228	1103	1	78	0.0128205
NODE_49502_length_469_cov_221.024324	150	228	1110	1	78	0.0128205
NODE_49502_length_469_cov_221.024324	150	228	1133	1	78	0.0128205
NODE_49502_length_469_cov_221.024324	150	228	1139	1	78	0.0128205
NODE_49502_length_469_cov_221.024324	150	228	1148	1	78	0.0128205
NODE_49502_length_469_cov_221.024324	150	228	1162	2	78	0.0256410
NODE_49502_length_469_cov_221.024324	150	228	1178	1	78	0.0128205
NODE_49502_length_469_cov_221.024324	150	228	1182	1	78	0.0128205
NODE_49502_length_469_cov_221.024324	150	228	1190	1	78	0.0128205
NODE_49502_length_469_cov_221.024324	150	228	1191	1	78	0.0128205
NODE_49502_length_469_cov_221.024324	150	228	1192	1	78	0.0128205
NODE_49502_length_469_cov_221.024324	150	228	1193	1	78	0.0128205
NODE_49502_length_469_cov_221.024324	150	228	1194	1	78	0.0128205
NODE_49502_length_469_cov_221.024324	150	228	1195	1	78	0.0128205
NODE_49502_length_469_cov_221.024324	150	228	1196	1	78	0.0128205
NODE_49502_length_469_cov_221.024324	150	228	1202	3	78	0.0384615
NODE_49502_length_469_cov_221.024324	150	228	1203	1	78	0.0128205
NODE_49502_length_469_cov_221.024324	150	228	1204	1	78	0.0128205
NODE_49502_length_469_cov_221.024324	150	228	1206	2	78	0.0256410
NODE_49502_length_469_cov_221.024324	150	228	1210	1	78	0.0128205
NODE_49502_length_469_cov_221.024324	150	228	1215	1	78	0.0128205
NODE_49502_length_469_cov_221.024324	150	228	1217	1	78	0.0128205
NODE_49502_length_469_cov_221.024324	150	228	1218	1	78	0.0128205
NODE_49502_length_469_cov_221.024324	150	228	1219	1	78	0.0128205
NODE_49502_length_469_cov_221.024324	150	219	838	1	69	0.0144928
NODE_49502_length_469_cov_221.024324	150	219	841	1	69	0.0144928
NODE_49502_length_469_cov_221.024324	150	219	843	1	69	0.0144928
NODE_49502_length_469_cov_221.024324	150	219	849	1	69	0.0144928
NODE_49502_length_469_cov_221.024324	150	219	852	1	69	0.0144928
NODE_49502_length_469_cov_221.024324	150	219	855	1	69	0.0144928
NODE_49502_length_469_cov_221.024324	150	219	867	1	69	0.0144928
NODE_49502_length_469_cov_221.024324	150	219	872	1	69	0.0144928
NODE_49502_length_469_cov_221.024324	150	219	875	1	69	0.0144928
NODE_49502_length_469_cov_221.024324	150	219	886	1	69	0.0144928
NODE_49502_length_469_cov_221.024324	150	219	887	1	69	0.0144928
NODE_49502_length_469_cov_221.024324	150	219	891	1	69	0.0144928
NODE_49502_length_469_cov_221.024324	150	219	895	1	69	0.0144928
NODE_49502_length_469_cov_221.024324	150	219	913	1	69	0.0144928
NODE_49502_length_469_cov_221.024324	150	219	915	2	69	0.0289855
NODE_49502_length_469_cov_221.024324	150	219	924	1	69	0.0144928
NODE_49502_length_469_cov_221.024324	150	219	928	1	69	0.0144928
NODE_49502_length_469_cov_221.024324	150	219	933	2	69	0.0289855
NODE_49502_length_469_cov_221.024324	150	219	937	1	69	0.0144928
NODE_49502_length_469_cov_221.024324	150	219	940	1	69	0.0144928
NODE_49502_length_469_cov_221.024324	150	219	944	1	69	0.0144928
NODE_49502_length_469_cov_221.024324	150	219	960	1	69	0.0144928
NODE_49502_length_469_cov_221.024324	150	219	961	1	69	0.0144928
NODE_49502_length_469_cov_221.024324	150	219	966	1	69	0.0144928
NODE_49502_length_469_cov_221.024324	150	219	977	1	69	0.0144928
NODE_49502_length_469_cov_221.024324	150	219	980	1	69	0.0144928
NODE_49502_length_469_cov_221.024324	150	219	988	1	69	0.0144928
NODE_49502_length_469_cov_221.024324	150	219	993	1	69	0.0144928
NODE_49502_length_469_cov_221.024324	150	219	999	1	69	0.0144928
NODE_49502_length_469_cov_221.024324	150	219	1015	1	69	0.0144928
NODE_49502_length_469_cov_221.024324	150	219	1035	1	69	0.0144928
NODE_49502_length_469_cov_221.024324	150	219	1038	1	69	0.0144928
NODE_49502_length_469_cov_221.024324	150	219	1046	1	69	0.0144928
NODE_49502_length_469_cov_221.024324	150	219	1060	1	69	0.0144928
NODE_49502_length_469_cov_221.024324	150	219	1067	1	69	0.0144928
NODE_49502_length_469_cov_221.024324	150	219	1079	1	69	0.0144928
NODE_49502_length_469_cov_221.024324	150	219	1081	1	69	0.0144928
NODE_49502_length_469_cov_221.024324	150	219	1095	1	69	0.0144928
NODE_49502_length_469_cov_221.024324	150	219	1098	1	69	0.0144928
NODE_49502_length_469_cov_221.024324	150	219	1103	1	69	0.0144928
NODE_49502_length_469_cov_221.024324	150	219	1110	1	69	0.0144928
NODE_49502_length_469_cov_221.024324	150	219	1133	1	69	0.0144928
NODE_49502_length_469_cov_221.024324	150	219	1139	1	69	0.0144928
NODE_49502_length_469_cov_221.024324	150	219	1148	1	69	0.0144928
NODE_49502_length_469_cov_221.024324	150	219	1162	2	69	0.0289855
NODE_49502_length_469_cov_221.024324	150	219	1178	1	69	0.0144928
NODE_49502_length_469_cov_221.024324	150	219	1182	1	69	0.0144928
NODE_49502_length_469_cov_221.024324	150	219	1190	1	69	0.0144928
NODE_49502_length_469_cov_221.024324	150	219	1191	1	69	0.0144928
NODE_49502_length_469_cov_221.024324	150	219	1192	1	69	0.0144928
NODE_49502_length_469_cov_221.024324	150	219	1193	1	69	0.0144928
NODE_49502_length_469_cov_221.024324	150	219	1194	1	69	0.0144928
NODE_49502_length_469_cov_221.024324	150	219	1195	1	69	0.0144928
NODE_49502_length_469_cov_221.024324	150	219	1196	1	69	0.0144928
NODE_49502_length_469_cov_221.024324	150	219	1202	3	69	0.0434783
NODE_49502_length_469_cov_221.024324	150	219	1203	1	69	0.0144928
NODE_49502_length_469_cov_221.024324	150	219	1204	1	69	0.0144928
NODE_49502_length_469_cov_221.024324	150	219	1206	2	69	0.0289855
NODE_49502_length_469_cov_221.024324	150	219	1210	1	69	0.0144928
NODE_49502_length_469_cov_221.024324	150	219	1215	1	69	0.0144928
NODE_49502_length_469_cov_221.024324	150	219	1217	1	69	0.0144928
NODE_49502_length_469_cov_221.024324	150	219	1218	1	69	0.0144928
NODE_49502_length_469_cov_221.024324	150	219	1219	1	69	0.0144928
NODE_49557_length_469_cov_2.686486	263	343	0	80	80	1.0000000
NODE_49561_length_469_cov_2.521622	237	289	0	52	52	1.0000000
NODE_49579_length_469_cov_2.224324	279	331	4	52	52	1.0000000
NODE_49796_length_468_cov_8.043360	190	250	0	60	60	1.0000000
NODE_49796_length_468_cov_8.043360	223	303	0	80	80	1.0000000
NODE_49800_length_468_cov_6.046070	152	232	0	80	80	1.0000000
NODE_49800_length_468_cov_6.046070	205	285	0	80	80	1.0000000
NODE_49801_length_468_cov_5.997290	81	161	0	80	80	1.0000000
NODE_49801_length_468_cov_5.997290	134	214	0	80	80	1.0000000
NODE_49801_length_468_cov_5.997290	210	270	0	60	60	1.0000000
NODE_49803_length_468_cov_5.872629	133	201	7	11	68	0.1617647
NODE_49803_length_468_cov_5.872629	133	201	10	30	68	0.4411765
NODE_49803_length_468_cov_5.872629	133	201	11	2	68	0.0294118
NODE_49803_length_468_cov_5.872629	133	201	12	5	68	0.0735294
NODE_49803_length_468_cov_5.872629	133	201	14	20	68	0.2941177
NODE_49807_length_468_cov_5.384824	305	356	2	51	51	1.0000000
NODE_49894_length_468_cov_2.067751	45	96	0	51	51	1.0000000
NODE_49913_length_468_cov_1.891599	4	63	0	59	59	1.0000000
NODE_49928_length_468_cov_1.758808	140	218	0	78	78	1.0000000
NODE_49928_length_468_cov_1.758808	191	257	0	66	66	1.0000000
NODE_49974_length_468_cov_1.390244	291	310	0	19	19	1.0000000
NODE_49974_length_468_cov_1.390244	369	405	0	36	36	1.0000000
NODE_50133_length_467_cov_14.100543	176	256	0	9	80	0.1125000
NODE_50133_length_467_cov_14.100543	176	256	4	71	80	0.8875000
NODE_50134_length_467_cov_11.902174	193	236	0	20	43	0.4651163
NODE_50134_length_467_cov_11.902174	193	236	1	8	43	0.1860465
NODE_50134_length_467_cov_11.902174	193	236	2	15	43	0.3488372
NODE_50135_length_467_cov_10.875000	226	306	0	80	80	1.0000000
NODE_50135_length_467_cov_10.875000	279	359	0	80	80	1.0000000
NODE_50144_length_467_cov_6.625000	206	275	2	18	69	0.2608696
NODE_50144_length_467_cov_6.625000	206	275	3	22	69	0.3188406
NODE_50144_length_467_cov_6.625000	206	275	4	29	69	0.4202898
NODE_50144_length_467_cov_6.625000	257	328	4	36	71	0.5070422
NODE_50144_length_467_cov_6.625000	257	328	6	35	71	0.4929577
NODE_50197_length_467_cov_2.709239	247	327	6	53	80	0.6625000
NODE_50197_length_467_cov_2.709239	247	327	8	27	80	0.3375000
NODE_50215_length_467_cov_2.296196	284	329	0	4	45	0.0888889
NODE_50215_length_467_cov_2.296196	284	329	4	41	45	0.9111111
NODE_50238_length_467_cov_2.027174	218	269	0	51	51	1.0000000
NODE_50252_length_467_cov_1.836957	55	118	0	63	63	1.0000000
NODE_50267_length_467_cov_1.603261	92	141	10	9	49	0.1836735
NODE_50267_length_467_cov_1.603261	92	141	12	40	49	0.8163266
NODE_50283_length_467_cov_1.426630	135	183	2	48	48	1.0000000
NODE_50447_length_466_cov_42.839237	0	47	0	47	47	1.0000000
NODE_50447_length_466_cov_42.839237	20	100	0	80	80	1.0000000
NODE_50447_length_466_cov_42.839237	96	176	0	80	80	1.0000000
NODE_50447_length_466_cov_42.839237	149	229	0	80	80	1.0000000
NODE_50448_length_466_cov_36.901907	85	165	4	8	80	0.1000000
NODE_50448_length_466_cov_36.901907	85	165	6	15	80	0.1875000
NODE_50448_length_466_cov_36.901907	85	165	8	57	80	0.7125000
NODE_50448_length_466_cov_36.901907	138	218	0	2	80	0.0250000
NODE_50448_length_466_cov_36.901907	138	218	2	29	80	0.3625000
NODE_50448_length_466_cov_36.901907	138	218	4	30	80	0.3750000
NODE_50448_length_466_cov_36.901907	138	218	6	15	80	0.1875000
NODE_50448_length_466_cov_36.901907	138	218	8	4	80	0.0500000
NODE_50448_length_466_cov_36.901907	214	294	0	30	80	0.3750000
NODE_50448_length_466_cov_36.901907	214	294	2	5	80	0.0625000
NODE_50448_length_466_cov_36.901907	214	294	4	25	80	0.3125000
NODE_50448_length_466_cov_36.901907	214	294	8	20	80	0.2500000
NODE_50448_length_466_cov_36.901907	267	347	4	7	80	0.0875000
NODE_50448_length_466_cov_36.901907	267	347	8	73	80	0.9125000
NODE_50457_length_466_cov_5.122616	275	316	2	41	41	1.0000000
NODE_50457_length_466_cov_5.122616	276	316	2	40	40	1.0000000
NODE_50457_length_466_cov_5.122616	289	338	2	49	49	1.0000000
NODE_50515_length_466_cov_2.602180	9	90	2	3	81	0.0370370
NODE_50515_length_466_cov_2.602180	9	90	4	9	81	0.1111111
NODE_50515_length_466_cov_2.602180	9	90	5	17	81	0.2098765
NODE_50515_length_466_cov_2.602180	9	90	7	4	81	0.0493827
NODE_50515_length_466_cov_2.602180	9	90	9	23	81	0.2839506
NODE_50515_length_466_cov_2.602180	9	90	10	5	81	0.0617284
NODE_50515_length_466_cov_2.602180	9	90	12	20	81	0.2469136
NODE_50515_length_466_cov_2.602180	312	341	2	29	29	1.0000000
NODE_50549_length_466_cov_2.108992	130	182	2	52	52	1.0000000
NODE_50562_length_466_cov_1.980926	183	265	0	82	82	1.0000000
NODE_50787_length_465_cov_13.019126	170	250	0	80	80	1.0000000
NODE_50787_length_465_cov_13.019126	223	301	0	78	78	1.0000000
NODE_50799_length_465_cov_5.363388	316	393	0	77	77	1.0000000
NODE_50800_length_465_cov_4.898907	376	406	0	30	30	1.0000000
NODE_50869_length_465_cov_2.366120	147	227	0	80	80	1.0000000
NODE_50869_length_465_cov_2.366120	200	271	0	71	71	1.0000000
NODE_50911_length_465_cov_1.737705	338	383	2	3	45	0.0666667
NODE_50911_length_465_cov_1.737705	338	383	4	42	45	0.9333333
NODE_51100_length_464_cov_8.473973	209	289	0	80	80	1.0000000
NODE_51100_length_464_cov_8.473973	262	342	0	80	80	1.0000000
NODE_51148_length_464_cov_2.528767	136	199	2	9	63	0.1428571
NODE_51148_length_464_cov_2.528767	136	199	4	54	63	0.8571429
NODE_51167_length_464_cov_2.134247	130	203	2	73	73	1.0000000
NODE_51186_length_464_cov_1.901370	58	138	0	80	80	1.0000000
NODE_51203_length_464_cov_1.706849	186	265	2	20	79	0.2531646
NODE_51203_length_464_cov_1.706849	186	265	4	59	79	0.7468355
NODE_51377_length_463_cov_64.420330	375	455	4	30	80	0.3750000
NODE_51377_length_463_cov_64.420330	375	455	5	1	80	0.0125000
NODE_51377_length_463_cov_64.420330	375	455	6	49	80	0.6125000
NODE_51377_length_463_cov_64.420330	375	455	4	30	80	0.3750000
NODE_51377_length_463_cov_64.420330	375	455	5	1	80	0.0125000
NODE_51377_length_463_cov_64.420330	375	455	6	49	80	0.6125000
NODE_51377_length_463_cov_64.420330	375	455	4	30	80	0.3750000
NODE_51377_length_463_cov_64.420330	375	455	5	1	80	0.0125000
NODE_51377_length_463_cov_64.420330	375	455	6	49	80	0.6125000
NODE_51377_length_463_cov_64.420330	375	455	4	30	80	0.3750000
NODE_51377_length_463_cov_64.420330	375	455	5	1	80	0.0125000
NODE_51377_length_463_cov_64.420330	375	455	6	49	80	0.6125000
NODE_51377_length_463_cov_64.420330	375	455	4	30	80	0.3750000
NODE_51377_length_463_cov_64.420330	375	455	5	1	80	0.0125000
NODE_51377_length_463_cov_64.420330	375	455	6	49	80	0.6125000
NODE_51378_length_463_cov_49.673077	0	71	4	4	71	0.0563380
NODE_51378_length_463_cov_49.673077	0	71	6	7	71	0.0985916
NODE_51378_length_463_cov_49.673077	0	71	8	5	71	0.0704225
NODE_51378_length_463_cov_49.673077	0	71	10	2	71	0.0281690
NODE_51378_length_463_cov_49.673077	0	71	11	3	71	0.0422535
NODE_51378_length_463_cov_49.673077	0	71	12	1	71	0.0140845
NODE_51378_length_463_cov_49.673077	0	71	13	1	71	0.0140845
NODE_51378_length_463_cov_49.673077	0	71	14	2	71	0.0281690
NODE_51378_length_463_cov_49.673077	0	71	17	3	71	0.0422535
NODE_51378_length_463_cov_49.673077	0	71	18	3	71	0.0422535
NODE_51378_length_463_cov_49.673077	0	71	21	1	71	0.0140845
NODE_51378_length_463_cov_49.673077	0	71	23	1	71	0.0140845
NODE_51378_length_463_cov_49.673077	0	71	24	2	71	0.0281690
NODE_51378_length_463_cov_49.673077	0	71	26	3	71	0.0422535
NODE_51378_length_463_cov_49.673077	0	71	28	1	71	0.0140845
NODE_51378_length_463_cov_49.673077	0	71	30	5	71	0.0704225
NODE_51378_length_463_cov_49.673077	0	71	32	2	71	0.0281690
NODE_51378_length_463_cov_49.673077	0	71	33	10	71	0.1408451
NODE_51378_length_463_cov_49.673077	0	71	36	1	71	0.0140845
NODE_51378_length_463_cov_49.673077	0	71	37	2	71	0.0281690
NODE_51378_length_463_cov_49.673077	0	71	40	1	71	0.0140845
NODE_51378_length_463_cov_49.673077	0	71	42	4	71	0.0563380
NODE_51378_length_463_cov_49.673077	0	71	44	3	71	0.0422535
NODE_51378_length_463_cov_49.673077	0	71	46	4	71	0.0563380
NODE_51378_length_463_cov_49.673077	44	121	32	2	77	0.0259740
NODE_51378_length_463_cov_49.673077	44	121	33	10	77	0.1298701
NODE_51378_length_463_cov_49.673077	44	121	36	1	77	0.0129870
NODE_51378_length_463_cov_49.673077	44	121	37	2	77	0.0259740
NODE_51378_length_463_cov_49.673077	44	121	40	1	77	0.0129870
NODE_51378_length_463_cov_49.673077	44	121	42	4	77	0.0519481
NODE_51378_length_463_cov_49.673077	44	121	44	3	77	0.0389610
NODE_51378_length_463_cov_49.673077	44	121	46	7	77	0.0909091
NODE_51378_length_463_cov_49.673077	44	121	48	12	77	0.1558442
NODE_51378_length_463_cov_49.673077	44	121	50	4	77	0.0519481
NODE_51378_length_463_cov_49.673077	44	121	52	3	77	0.0389610
NODE_51378_length_463_cov_49.673077	44	121	54	27	77	0.3506494
NODE_51378_length_463_cov_49.673077	44	121	56	1	77	0.0129870
NODE_51379_length_463_cov_41.005495	8	88	0	76	80	0.9500000
NODE_51379_length_463_cov_41.005495	8	88	2	4	80	0.0500000
NODE_51379_length_463_cov_41.005495	61	141	0	23	80	0.2875000
NODE_51379_length_463_cov_41.005495	61	141	2	5	80	0.0625000
NODE_51379_length_463_cov_41.005495	61	141	8	17	80	0.2125000
NODE_51379_length_463_cov_41.005495	61	141	14	35	80	0.4375000
NODE_51380_length_463_cov_30.626374	318	398	0	23	80	0.2875000
NODE_51380_length_463_cov_30.626374	318	398	2	57	80	0.7125000
NODE_51380_length_463_cov_30.626374	371	451	0	35	80	0.4375000
NODE_51380_length_463_cov_30.626374	371	451	2	45	80	0.5625000
NODE_51381_length_463_cov_27.475275	211	291	0	28	80	0.3500000
NODE_51381_length_463_cov_27.475275	211	291	2	18	80	0.2250000
NODE_51381_length_463_cov_27.475275	211	291	6	8	80	0.1000000
NODE_51381_length_463_cov_27.475275	211	291	8	26	80	0.3250000
NODE_51381_length_463_cov_27.475275	264	344	6	10	80	0.1250000
NODE_51381_length_463_cov_27.475275	264	344	8	70	80	0.8750000
NODE_51383_length_463_cov_11.211538	304	377	2	14	73	0.1917808
NODE_51383_length_463_cov_11.211538	304	377	4	26	73	0.3561644
NODE_51383_length_463_cov_11.211538	304	377	6	4	73	0.0547945
NODE_51383_length_463_cov_11.211538	304	377	8	29	73	0.3972603
NODE_51383_length_463_cov_11.211538	350	430	4	20	80	0.2500000
NODE_51383_length_463_cov_11.211538	350	430	6	25	80	0.3125000
NODE_51383_length_463_cov_11.211538	350	430	8	35	80	0.4375000
NODE_51391_length_463_cov_5.711538	181	261	0	80	80	1.0000000
NODE_51391_length_463_cov_5.711538	234	314	0	80	80	1.0000000
NODE_51399_length_463_cov_4.398352	119	169	0	50	50	1.0000000
NODE_51402_length_463_cov_4.186813	175	233	12	14	58	0.2413793
NODE_51402_length_463_cov_4.186813	175	233	14	44	58	0.7586207
NODE_51402_length_463_cov_4.186813	206	251	14	45	45	1.0000000
NODE_51408_length_463_cov_3.846154	235	268	0	33	33	1.0000000
NODE_51421_length_463_cov_3.063187	193	248	1	5	55	0.0909091
NODE_51421_length_463_cov_3.063187	193	248	2	50	55	0.9090909
NODE_51421_length_463_cov_3.063187	222	301	2	79	79	1.0000000
NODE_51680_length_462_cov_21.876033	93	173	0	37	80	0.4625000
NODE_51680_length_462_cov_21.876033	93	173	2	1	80	0.0125000
NODE_51680_length_462_cov_21.876033	93	173	4	42	80	0.5250000
NODE_51680_length_462_cov_21.876033	146	226	4	80	80	1.0000000
NODE_51687_length_462_cov_5.033058	93	154	0	43	61	0.7049180
NODE_51687_length_462_cov_5.033058	93	154	4	18	61	0.2950820
NODE_51687_length_462_cov_5.033058	159	209	4	50	50	1.0000000
NODE_51699_length_462_cov_4.101928	168	246	0	78	78	1.0000000
NODE_51699_length_462_cov_4.101928	184	208	0	24	24	1.0000000
NODE_51699_length_462_cov_4.101928	219	299	0	80	80	1.0000000
NODE_51708_length_462_cov_3.630854	149	194	0	45	45	1.0000000
NODE_51720_length_462_cov_3.079890	103	147	2	44	44	1.0000000
NODE_51735_length_462_cov_2.677686	78	118	0	40	40	1.0000000
NODE_51763_length_462_cov_2.209366	18	58	0	40	40	1.0000000
NODE_51817_length_462_cov_1.570248	68	113	0	45	45	1.0000000
NODE_51995_length_461_cov_35.116022	0	79	0	79	79	1.0000000
NODE_51995_length_461_cov_35.116022	52	132	0	80	80	1.0000000
NODE_51996_length_461_cov_11.124309	77	157	0	80	80	1.0000000
NODE_51996_length_461_cov_11.124309	130	210	0	80	80	1.0000000
NODE_52010_length_461_cov_5.361878	246	322	2	24	76	0.3157895
NODE_52010_length_461_cov_5.361878	246	322	8	7	76	0.0921053
NODE_52010_length_461_cov_5.361878	246	322	10	45	76	0.5921053
NODE_52018_length_461_cov_4.472376	268	333	0	23	65	0.3538462
NODE_52018_length_461_cov_4.472376	268	333	4	7	65	0.1076923
NODE_52018_length_461_cov_4.472376	268	333	6	35	65	0.5384616
NODE_52021_length_461_cov_4.168508	159	234	0	75	75	1.0000000
NODE_52047_length_461_cov_2.892265	233	312	0	79	79	1.0000000
NODE_52073_length_461_cov_2.392265	186	223	0	37	37	1.0000000
NODE_52154_length_461_cov_1.389503	283	349	3	66	66	1.0000000
NODE_52292_length_460_cov_172.986150	0	68	56	1	68	0.0147059
NODE_52292_length_460_cov_172.986150	0	68	68	1	68	0.0147059
NODE_52292_length_460_cov_172.986150	0	68	77	1	68	0.0147059
NODE_52292_length_460_cov_172.986150	0	68	94	1	68	0.0147059
NODE_52292_length_460_cov_172.986150	0	68	96	1	68	0.0147059
NODE_52292_length_460_cov_172.986150	0	68	109	1	68	0.0147059
NODE_52292_length_460_cov_172.986150	0	68	111	1	68	0.0147059
NODE_52292_length_460_cov_172.986150	0	68	117	1	68	0.0147059
NODE_52292_length_460_cov_172.986150	0	68	123	1	68	0.0147059
NODE_52292_length_460_cov_172.986150	0	68	141	1	68	0.0147059
NODE_52292_length_460_cov_172.986150	0	68	158	1	68	0.0147059
NODE_52292_length_460_cov_172.986150	0	68	170	1	68	0.0147059
NODE_52292_length_460_cov_172.986150	0	68	191	1	68	0.0147059
NODE_52292_length_460_cov_172.986150	0	68	199	1	68	0.0147059
NODE_52292_length_460_cov_172.986150	0	68	201	1	68	0.0147059
NODE_52292_length_460_cov_172.986150	0	68	204	1	68	0.0147059
NODE_52292_length_460_cov_172.986150	0	68	216	1	68	0.0147059
NODE_52292_length_460_cov_172.986150	0	68	236	1	68	0.0147059
NODE_52292_length_460_cov_172.986150	0	68	244	1	68	0.0147059
NODE_52292_length_460_cov_172.986150	0	68	264	1	68	0.0147059
NODE_52292_length_460_cov_172.986150	0	68	292	1	68	0.0147059
NODE_52292_length_460_cov_172.986150	0	68	293	1	68	0.0147059
NODE_52292_length_460_cov_172.986150	0	68	306	1	68	0.0147059
NODE_52292_length_460_cov_172.986150	0	68	326	1	68	0.0147059
NODE_52292_length_460_cov_172.986150	0	68	338	1	68	0.0147059
NODE_52292_length_460_cov_172.986150	0	68	360	2	68	0.0294118
NODE_52292_length_460_cov_172.986150	0	68	369	1	68	0.0147059
NODE_52292_length_460_cov_172.986150	0	68	378	1	68	0.0147059
NODE_52292_length_460_cov_172.986150	0	68	384	1	68	0.0147059
NODE_52292_length_460_cov_172.986150	0	68	390	1	68	0.0147059
NODE_52292_length_460_cov_172.986150	0	68	393	1	68	0.0147059
NODE_52292_length_460_cov_172.986150	0	68	403	2	68	0.0294118
NODE_52292_length_460_cov_172.986150	0	68	407	3	68	0.0441176
NODE_52292_length_460_cov_172.986150	0	68	411	1	68	0.0147059
NODE_52292_length_460_cov_172.986150	0	68	419	1	68	0.0147059
NODE_52292_length_460_cov_172.986150	0	68	430	1	68	0.0147059
NODE_52292_length_460_cov_172.986150	0	68	436	1	68	0.0147059
NODE_52292_length_460_cov_172.986150	0	68	437	1	68	0.0147059
NODE_52292_length_460_cov_172.986150	0	68	444	1	68	0.0147059
NODE_52292_length_460_cov_172.986150	0	68	445	1	68	0.0147059
NODE_52292_length_460_cov_172.986150	0	68	446	1	68	0.0147059
NODE_52292_length_460_cov_172.986150	0	68	454	1	68	0.0147059
NODE_52292_length_460_cov_172.986150	0	68	459	1	68	0.0147059
NODE_52292_length_460_cov_172.986150	0	68	462	1	68	0.0147059
NODE_52292_length_460_cov_172.986150	0	68	468	1	68	0.0147059
NODE_52292_length_460_cov_172.986150	0	68	470	1	68	0.0147059
NODE_52292_length_460_cov_172.986150	0	68	480	1	68	0.0147059
NODE_52292_length_460_cov_172.986150	0	68	481	1	68	0.0147059
NODE_52292_length_460_cov_172.986150	0	68	497	1	68	0.0147059
NODE_52292_length_460_cov_172.986150	0	68	499	5	68	0.0735294
NODE_52292_length_460_cov_172.986150	0	68	502	2	68	0.0294118
NODE_52292_length_460_cov_172.986150	0	68	506	1	68	0.0147059
NODE_52292_length_460_cov_172.986150	0	68	511	3	68	0.0441176
NODE_52292_length_460_cov_172.986150	0	68	513	1	68	0.0147059
NODE_52292_length_460_cov_172.986150	0	68	514	1	68	0.0147059
NODE_52292_length_460_cov_172.986150	0	68	517	1	68	0.0147059
NODE_52292_length_460_cov_172.986150	0	68	518	1	68	0.0147059
NODE_52292_length_460_cov_172.986150	41	121	437	1	80	0.0125000
NODE_52292_length_460_cov_172.986150	41	121	444	1	80	0.0125000
NODE_52292_length_460_cov_172.986150	41	121	445	1	80	0.0125000
NODE_52292_length_460_cov_172.986150	41	121	446	1	80	0.0125000
NODE_52292_length_460_cov_172.986150	41	121	454	1	80	0.0125000
NODE_52292_length_460_cov_172.986150	41	121	459	1	80	0.0125000
NODE_52292_length_460_cov_172.986150	41	121	462	1	80	0.0125000
NODE_52292_length_460_cov_172.986150	41	121	468	1	80	0.0125000
NODE_52292_length_460_cov_172.986150	41	121	470	1	80	0.0125000
NODE_52292_length_460_cov_172.986150	41	121	480	1	80	0.0125000
NODE_52292_length_460_cov_172.986150	41	121	481	1	80	0.0125000
NODE_52292_length_460_cov_172.986150	41	121	491	1	80	0.0125000
NODE_52292_length_460_cov_172.986150	41	121	492	2	80	0.0250000
NODE_52292_length_460_cov_172.986150	41	121	494	1	80	0.0125000
NODE_52292_length_460_cov_172.986150	41	121	496	2	80	0.0250000
NODE_52292_length_460_cov_172.986150	41	121	497	1	80	0.0125000
NODE_52292_length_460_cov_172.986150	41	121	499	6	80	0.0750000
NODE_52292_length_460_cov_172.986150	41	121	502	2	80	0.0250000
NODE_52292_length_460_cov_172.986150	41	121	506	2	80	0.0250000
NODE_52292_length_460_cov_172.986150	41	121	511	4	80	0.0500000
NODE_52292_length_460_cov_172.986150	41	121	513	2	80	0.0250000
NODE_52292_length_460_cov_172.986150	41	121	514	3	80	0.0375000
NODE_52292_length_460_cov_172.986150	41	121	516	1	80	0.0125000
NODE_52292_length_460_cov_172.986150	41	121	517	1	80	0.0125000
NODE_52292_length_460_cov_172.986150	41	121	518	4	80	0.0500000
NODE_52292_length_460_cov_172.986150	41	121	520	6	80	0.0750000
NODE_52292_length_460_cov_172.986150	41	121	524	1	80	0.0125000
NODE_52292_length_460_cov_172.986150	41	121	525	1	80	0.0125000
NODE_52292_length_460_cov_172.986150	41	121	526	2	80	0.0250000
NODE_52292_length_460_cov_172.986150	41	121	528	3	80	0.0375000
NODE_52292_length_460_cov_172.986150	41	121	529	1	80	0.0125000
NODE_52292_length_460_cov_172.986150	41	121	530	3	80	0.0375000
NODE_52292_length_460_cov_172.986150	41	121	531	2	80	0.0250000
NODE_52292_length_460_cov_172.986150	41	121	532	6	80	0.0750000
NODE_52292_length_460_cov_172.986150	41	121	533	1	80	0.0125000
NODE_52292_length_460_cov_172.986150	41	121	534	11	80	0.1375000
NODE_52293_length_460_cov_62.512465	9	48	0	1	39	0.0256410
NODE_52293_length_460_cov_62.512465	9	48	2	38	39	0.9743590
NODE_52294_length_460_cov_33.146814	0	47	0	10	47	0.2127660
NODE_52294_length_460_cov_33.146814	0	47	6	20	47	0.4255319
NODE_52294_length_460_cov_33.146814	0	47	10	17	47	0.3617021
NODE_52294_length_460_cov_33.146814	43	115	10	26	72	0.3611111
NODE_52294_length_460_cov_33.146814	43	115	16	37	72	0.5138889
NODE_52294_length_460_cov_33.146814	43	115	18	9	72	0.1250000
NODE_52294_length_460_cov_33.146814	96	165	14	22	69	0.3188406
NODE_52294_length_460_cov_33.146814	96	165	16	10	69	0.1449275
NODE_52294_length_460_cov_33.146814	96	165	18	19	69	0.2753623
NODE_52294_length_460_cov_33.146814	96	165	19	1	69	0.0144928
NODE_52294_length_460_cov_33.146814	96	165	20	3	69	0.0434783
NODE_52294_length_460_cov_33.146814	96	165	23	1	69	0.0144928
NODE_52294_length_460_cov_33.146814	96	165	24	13	69	0.1884058
NODE_52295_length_460_cov_26.049861	0	63	8	13	63	0.2063492
NODE_52295_length_460_cov_26.049861	0	63	10	9	63	0.1428571
NODE_52295_length_460_cov_26.049861	0	63	12	7	63	0.1111111
NODE_52295_length_460_cov_26.049861	0	63	15	18	63	0.2857143
NODE_52295_length_460_cov_26.049861	0	63	16	1	63	0.0158730
NODE_52295_length_460_cov_26.049861	0	63	18	15	63	0.2380952
NODE_52296_length_460_cov_25.709141	246	326	0	80	80	1.0000000
NODE_52296_length_460_cov_25.709141	299	379	0	80	80	1.0000000
NODE_52297_length_460_cov_11.063712	273	353	0	80	80	1.0000000
NODE_52297_length_460_cov_11.063712	326	406	0	80	80	1.0000000
NODE_52303_length_460_cov_7.285319	172	250	0	78	78	1.0000000
NODE_52312_length_460_cov_5.163435	120	200	0	80	80	1.0000000
NODE_52312_length_460_cov_5.163435	173	253	0	80	80	1.0000000
NODE_52333_length_460_cov_3.457064	150	230	0	44	80	0.5500000
NODE_52333_length_460_cov_3.457064	150	230	2	36	80	0.4500000
NODE_52333_length_460_cov_3.457064	203	246	2	43	43	1.0000000
NODE_52339_length_460_cov_3.027701	167	230	0	63	63	1.0000000
NODE_52347_length_460_cov_2.819945	195	266	0	8	71	0.1126761
NODE_52347_length_460_cov_2.819945	195	266	4	63	71	0.8873239
NODE_52358_length_460_cov_2.626039	223	277	2	54	54	1.0000000
NODE_52612_length_459_cov_34.927778	165	239	14	74	74	1.0000000
NODE_52612_length_459_cov_34.927778	212	292	12	41	80	0.5125000
NODE_52612_length_459_cov_34.927778	212	292	14	39	80	0.4875000
NODE_52617_length_459_cov_7.261111	143	189	0	34	46	0.7391304
NODE_52617_length_459_cov_7.261111	143	189	2	12	46	0.2608696
NODE_52617_length_459_cov_7.261111	162	242	0	15	80	0.1875000
NODE_52617_length_459_cov_7.261111	162	242	2	65	80	0.8125000
NODE_52635_length_459_cov_4.127778	153	233	0	80	80	1.0000000
NODE_52685_length_459_cov_2.158333	219	285	0	66	66	1.0000000
NODE_52685_length_459_cov_2.158333	283	342	0	59	59	1.0000000
NODE_52704_length_459_cov_1.722222	280	353	0	29	73	0.3972603
NODE_52704_length_459_cov_1.722222	280	353	2	44	73	0.6027398
NODE_52920_length_458_cov_71.047354	0	51	3	6	51	0.1176471
NODE_52920_length_458_cov_71.047354	0	51	4	26	51	0.5098040
NODE_52920_length_458_cov_71.047354	0	51	5	1	51	0.0196078
NODE_52920_length_458_cov_71.047354	0	51	6	14	51	0.2745098
NODE_52920_length_458_cov_71.047354	0	51	8	4	51	0.0784314
NODE_52920_length_458_cov_71.047354	24	104	4	8	80	0.1000000
NODE_52920_length_458_cov_71.047354	24	104	5	1	80	0.0125000
NODE_52920_length_458_cov_71.047354	24	104	6	14	80	0.1750000
NODE_52920_length_458_cov_71.047354	24	104	8	21	80	0.2625000
NODE_52920_length_458_cov_71.047354	24	104	9	11	80	0.1375000
NODE_52920_length_458_cov_71.047354	24	104	10	6	80	0.0750000
NODE_52920_length_458_cov_71.047354	24	104	12	5	80	0.0625000
NODE_52920_length_458_cov_71.047354	24	104	14	1	80	0.0125000
NODE_52920_length_458_cov_71.047354	24	104	16	1	80	0.0125000
NODE_52920_length_458_cov_71.047354	24	104	20	12	80	0.1500000
NODE_52920_length_458_cov_71.047354	100	180	20	8	80	0.1000000
NODE_52920_length_458_cov_71.047354	100	180	22	23	80	0.2875000
NODE_52920_length_458_cov_71.047354	100	180	23	3	80	0.0375000
NODE_52920_length_458_cov_71.047354	100	180	24	4	80	0.0500000
NODE_52920_length_458_cov_71.047354	100	180	25	6	80	0.0750000
NODE_52920_length_458_cov_71.047354	100	180	26	2	80	0.0250000
NODE_52920_length_458_cov_71.047354	100	180	28	2	80	0.0250000
NODE_52920_length_458_cov_71.047354	100	180	29	24	80	0.3000000
NODE_52920_length_458_cov_71.047354	100	180	30	8	80	0.1000000
NODE_52920_length_458_cov_71.047354	153	233	8	4	80	0.0500000
NODE_52920_length_458_cov_71.047354	153	233	11	11	80	0.1375000
NODE_52920_length_458_cov_71.047354	153	233	12	1	80	0.0125000
NODE_52920_length_458_cov_71.047354	153	233	14	9	80	0.1125000
NODE_52920_length_458_cov_71.047354	153	233	18	3	80	0.0375000
NODE_52920_length_458_cov_71.047354	153	233	22	2	80	0.0250000
NODE_52920_length_458_cov_71.047354	153	233	24	4	80	0.0500000
NODE_52920_length_458_cov_71.047354	153	233	26	2	80	0.0250000
NODE_52920_length_458_cov_71.047354	153	233	27	8	80	0.1000000
NODE_52920_length_458_cov_71.047354	153	233	28	7	80	0.0875000
NODE_52920_length_458_cov_71.047354	153	233	29	26	80	0.3250000
NODE_52920_length_458_cov_71.047354	153	233	30	3	80	0.0375000
NODE_52921_length_458_cov_47.966574	151	231	0	80	80	1.0000000
NODE_52921_length_458_cov_47.966574	204	284	0	80	80	1.0000000
NODE_52921_length_458_cov_47.966574	280	360	0	16	80	0.2000000
NODE_52921_length_458_cov_47.966574	280	360	2	64	80	0.8000000
NODE_52921_length_458_cov_47.966574	333	413	2	80	80	1.0000000
NODE_52924_length_458_cov_9.935933	267	347	2	1	80	0.0125000
NODE_52924_length_458_cov_9.935933	267	347	6	79	80	0.9875000
NODE_52924_length_458_cov_9.935933	320	400	0	15	80	0.1875000
NODE_52924_length_458_cov_9.935933	320	400	2	39	80	0.4875000
NODE_52924_length_458_cov_9.935933	320	400	6	26	80	0.3250000
NODE_52929_length_458_cov_7.598886	87	167	5	33	80	0.4125000
NODE_52929_length_458_cov_7.598886	87	167	6	47	80	0.5875000
NODE_52967_length_458_cov_3.061281	62	91	0	29	29	1.0000000
NODE_52967_length_458_cov_3.061281	185	224	2	39	39	1.0000000
NODE_52992_length_458_cov_2.454039	210	251	2	41	41	1.0000000
NODE_53107_length_458_cov_1.139276	242	289	0	47	47	1.0000000
NODE_53107_length_458_cov_1.139276	262	328	0	66	66	1.0000000
NODE_53205_length_457_cov_20.754190	123	203	0	9	80	0.1125000
NODE_53205_length_457_cov_20.754190	123	203	2	71	80	0.8875000
NODE_53205_length_457_cov_20.754190	176	256	2	37	80	0.4625000
NODE_53205_length_457_cov_20.754190	176	256	4	7	80	0.0875000
NODE_53205_length_457_cov_20.754190	176	256	6	36	80	0.4500000
NODE_53207_length_457_cov_13.918994	218	298	0	80	80	1.0000000
NODE_53207_length_457_cov_13.918994	218	298	0	80	80	1.0000000
NODE_53207_length_457_cov_13.918994	218	298	0	80	80	1.0000000
NODE_53207_length_457_cov_13.918994	218	298	0	80	80	1.0000000
NODE_53207_length_457_cov_13.918994	271	320	0	49	49	1.0000000
NODE_53207_length_457_cov_13.918994	271	320	0	49	49	1.0000000
NODE_53207_length_457_cov_13.918994	271	320	0	49	49	1.0000000
NODE_53216_length_457_cov_6.050279	264	326	0	18	62	0.2903226
NODE_53216_length_457_cov_6.050279	264	326	1	12	62	0.1935484
NODE_53216_length_457_cov_6.050279	264	326	2	32	62	0.5161290
NODE_53220_length_457_cov_5.078212	71	149	0	26	78	0.3333333
NODE_53220_length_457_cov_5.078212	71	149	1	18	78	0.2307692
NODE_53220_length_457_cov_5.078212	71	149	2	34	78	0.4358974
NODE_53220_length_457_cov_5.078212	122	202	2	80	80	1.0000000
NODE_53225_length_457_cov_4.530726	193	273	0	80	80	1.0000000
NODE_53225_length_457_cov_4.530726	246	315	0	69	69	1.0000000
NODE_53230_length_457_cov_3.986034	192	272	0	80	80	1.0000000
NODE_53267_length_457_cov_2.636872	117	197	1	3	80	0.0375000
NODE_53267_length_457_cov_2.636872	117	197	2	39	80	0.4875000
NODE_53267_length_457_cov_2.636872	117	197	4	38	80	0.4750000
NODE_53462_length_457_cov_0.916201	108	188	0	80	80	1.0000000
NODE_53462_length_457_cov_0.916201	108	188	0	80	80	1.0000000
NODE_53462_length_457_cov_0.916201	161	241	0	80	80	1.0000000
NODE_53462_length_457_cov_0.916201	161	241	0	80	80	1.0000000
NODE_53512_length_456_cov_34.731092	0	63	0	63	63	1.0000000
NODE_53512_length_456_cov_34.731092	36	116	0	80	80	1.0000000
NODE_53512_length_456_cov_34.731092	112	194	0	82	82	1.0000000
NODE_53532_length_456_cov_4.582633	269	349	0	80	80	1.0000000
NODE_53533_length_456_cov_4.554622	124	206	0	82	82	1.0000000
NODE_53533_length_456_cov_4.554622	179	263	0	84	84	1.0000000
NODE_53546_length_456_cov_3.669468	123	186	0	63	63	1.0000000
NODE_53566_length_456_cov_2.921569	302	362	0	60	60	1.0000000
NODE_53859_length_455_cov_113.589888	137	220	8	79	83	0.9518072
NODE_53859_length_455_cov_113.589888	137	220	10	4	83	0.0481928
NODE_53859_length_455_cov_113.589888	198	268	2	39	70	0.5571429
NODE_53859_length_455_cov_113.589888	198	268	6	3	70	0.0428571
NODE_53859_length_455_cov_113.589888	198	268	8	24	70	0.3428572
NODE_53859_length_455_cov_113.589888	198	268	10	4	70	0.0571429
NODE_53859_length_455_cov_113.589888	269	348	2	59	79	0.7468355
NODE_53859_length_455_cov_113.589888	269	348	6	20	79	0.2531646
NODE_53859_length_455_cov_113.589888	321	401	2	7	80	0.0875000
NODE_53859_length_455_cov_113.589888	321	401	4	51	80	0.6375000
NODE_53859_length_455_cov_113.589888	321	401	6	22	80	0.2750000
NODE_53860_length_455_cov_52.941011	260	340	0	26	80	0.3250000
NODE_53860_length_455_cov_52.941011	260	340	2	54	80	0.6750000
NODE_53860_length_455_cov_52.941011	313	393	0	79	80	0.9875000
NODE_53860_length_455_cov_52.941011	313	393	2	1	80	0.0125000
NODE_53863_length_455_cov_8.584270	250	302	5	25	52	0.4807692
NODE_53863_length_455_cov_8.584270	250	302	6	27	52	0.5192308
NODE_53863_length_455_cov_8.584270	275	355	0	44	80	0.5500000
NODE_53863_length_455_cov_8.584270	275	355	6	36	80	0.4500000
NODE_53864_length_455_cov_8.084270	146	226	2	5	80	0.0625000
NODE_53864_length_455_cov_8.084270	146	226	6	52	80	0.6500000
NODE_53864_length_455_cov_8.084270	146	226	8	23	80	0.2875000
NODE_53864_length_455_cov_8.084270	199	279	2	58	80	0.7250000
NODE_53864_length_455_cov_8.084270	199	279	8	22	80	0.2750000
NODE_53870_length_455_cov_6.022472	122	203	0	16	81	0.1975309
NODE_53870_length_455_cov_6.022472	122	203	2	65	81	0.8024691
NODE_53872_length_455_cov_5.140449	181	232	2	51	51	1.0000000
NODE_54512_length_453_cov_29.528249	44	124	0	80	80	1.0000000
NODE_54512_length_453_cov_29.528249	97	177	0	80	80	1.0000000
NODE_54512_length_453_cov_29.528249	173	253	0	80	80	1.0000000
NODE_54512_length_453_cov_29.528249	226	301	0	75	75	1.0000000
NODE_54513_length_453_cov_11.146893	95	140	0	45	45	1.0000000
NODE_54513_length_453_cov_11.146893	146	220	0	74	74	1.0000000
NODE_54517_length_453_cov_7.709040	194	252	0	27	58	0.4655173
NODE_54517_length_453_cov_7.709040	194	252	2	4	58	0.0689655
NODE_54517_length_453_cov_7.709040	194	252	3	1	58	0.0172414
NODE_54517_length_453_cov_7.709040	194	252	4	26	58	0.4482759
NODE_54518_length_453_cov_7.440678	250	319	0	23	69	0.3333333
NODE_54518_length_453_cov_7.440678	250	319	4	46	69	0.6666667
NODE_54533_length_453_cov_4.282486	190	270	0	80	80	1.0000000
NODE_54533_length_453_cov_4.282486	243	283	0	40	40	1.0000000
NODE_54566_length_453_cov_2.836158	186	266	0	80	80	1.0000000
NODE_54566_length_453_cov_2.836158	239	319	0	80	80	1.0000000
NODE_54592_length_453_cov_2.048023	139	174	4	35	35	1.0000000
NODE_54600_length_453_cov_2.002825	78	98	0	20	20	1.0000000
NODE_54767_length_453_cov_0.774011	174	195	0	21	21	1.0000000
NODE_54822_length_452_cov_36.028329	0	72	0	63	72	0.8750000
NODE_54822_length_452_cov_36.028329	0	72	2	9	72	0.1250000
NODE_54822_length_452_cov_36.028329	0	72	0	63	72	0.8750000
NODE_54822_length_452_cov_36.028329	0	72	2	9	72	0.1250000
NODE_54822_length_452_cov_36.028329	45	99	0	18	54	0.3333333
NODE_54822_length_452_cov_36.028329	45	99	2	36	54	0.6666667
NODE_54822_length_452_cov_36.028329	45	125	0	18	80	0.2250000
NODE_54822_length_452_cov_36.028329	45	125	2	62	80	0.7750000
NODE_54823_length_452_cov_17.424929	29	109	0	80	80	1.0000000
NODE_54823_length_452_cov_17.424929	82	162	0	80	80	1.0000000
NODE_54844_length_452_cov_4.317280	141	200	0	6	59	0.1016949
NODE_54844_length_452_cov_4.317280	141	200	2	53	59	0.8983051
NODE_54886_length_452_cov_2.634561	262	338	0	5	76	0.0657895
NODE_54886_length_452_cov_2.634561	262	338	2	71	76	0.9342105
NODE_55146_length_451_cov_37.090909	230	310	0	1	80	0.0125000
NODE_55146_length_451_cov_37.090909	230	310	2	26	80	0.3250000
NODE_55146_length_451_cov_37.090909	230	310	3	1	80	0.0125000
NODE_55146_length_451_cov_37.090909	230	310	4	9	80	0.1125000
NODE_55146_length_451_cov_37.090909	230	310	7	43	80	0.5375000
NODE_55146_length_451_cov_37.090909	283	363	0	28	80	0.3500000
NODE_55146_length_451_cov_37.090909	283	363	2	52	80	0.6500000
NODE_55147_length_451_cov_16.517045	205	286	0	81	81	1.0000000
NODE_55147_length_451_cov_16.517045	259	339	0	80	80	1.0000000
NODE_55148_length_451_cov_13.153409	182	262	0	80	80	1.0000000
NODE_55148_length_451_cov_13.153409	235	315	0	80	80	1.0000000
NODE_55149_length_451_cov_11.926136	141	221	4	11	80	0.1375000
NODE_55149_length_451_cov_11.926136	141	221	6	69	80	0.8625000
NODE_55149_length_451_cov_11.926136	331	411	2	80	80	1.0000000
NODE_55154_length_451_cov_7.102273	81	143	4	19	62	0.3064516
NODE_55154_length_451_cov_7.102273	81	143	5	10	62	0.1612903
NODE_55154_length_451_cov_7.102273	81	143	6	33	62	0.5322581
NODE_55161_length_451_cov_5.610795	1	31	0	30	30	1.0000000
NODE_55161_length_451_cov_5.610795	60	90	0	30	30	1.0000000
NODE_55166_length_451_cov_5.065341	219	285	0	66	66	1.0000000
NODE_55166_length_451_cov_5.065341	272	322	0	50	50	1.0000000
NODE_55184_length_451_cov_3.696023	253	332	0	21	79	0.2658228
NODE_55184_length_451_cov_3.696023	253	332	2	7	79	0.0886076
NODE_55184_length_451_cov_3.696023	253	332	4	4	79	0.0506329
NODE_55184_length_451_cov_3.696023	253	332	6	47	79	0.5949367
NODE_55188_length_451_cov_3.406250	176	247	10	1	71	0.0140845
NODE_55188_length_451_cov_3.406250	176	247	12	6	71	0.0845070
NODE_55188_length_451_cov_3.406250	176	247	14	20	71	0.2816902
NODE_55188_length_451_cov_3.406250	176	247	16	34	71	0.4788733
NODE_55188_length_451_cov_3.406250	176	247	20	10	71	0.1408451
NODE_55188_length_451_cov_3.406250	220	300	10	4	80	0.0500000
NODE_55188_length_451_cov_3.406250	220	300	14	12	80	0.1500000
NODE_55188_length_451_cov_3.406250	220	300	16	52	80	0.6500000
NODE_55188_length_451_cov_3.406250	220	300	18	1	80	0.0125000
NODE_55188_length_451_cov_3.406250	220	300	20	11	80	0.1375000
NODE_55198_length_451_cov_3.025568	72	148	6	1	76	0.0131579
NODE_55198_length_451_cov_3.025568	72	148	7	75	76	0.9868421
NODE_55213_length_451_cov_2.607955	84	143	0	59	59	1.0000000
NODE_55213_length_451_cov_2.607955	257	326	0	42	69	0.6086956
NODE_55213_length_451_cov_2.607955	257	326	6	27	69	0.3913043
NODE_55234_length_451_cov_2.125000	156	224	0	68	68	1.0000000
NODE_55436_length_450_cov_105.723647	317	386	0	69	69	1.0000000
NODE_55438_length_450_cov_27.982906	98	120	0	22	22	1.0000000
NODE_55438_length_450_cov_27.982906	225	305	0	80	80	1.0000000
NODE_55438_length_450_cov_27.982906	278	358	0	80	80	1.0000000
NODE_55459_length_450_cov_3.991453	220	290	0	70	70	1.0000000
NODE_55459_length_450_cov_3.991453	223	290	0	67	67	1.0000000
NODE_55459_length_450_cov_3.991453	268	348	0	80	80	1.0000000
NODE_55459_length_450_cov_3.991453	268	348	0	80	80	1.0000000
NODE_55459_length_450_cov_3.991453	278	348	0	70	70	1.0000000
NODE_55459_length_450_cov_3.991453	344	363	0	19	19	1.0000000
NODE_55466_length_450_cov_3.717949	107	177	4	70	70	1.0000000
NODE_55483_length_450_cov_3.162393	99	157	0	58	58	1.0000000
NODE_55550_length_450_cov_1.857550	114	172	4	8	58	0.1379310
NODE_55550_length_450_cov_1.857550	114	172	6	39	58	0.6724138
NODE_55550_length_450_cov_1.857550	114	172	8	2	58	0.0344828
NODE_55550_length_450_cov_1.857550	114	172	10	9	58	0.1551724
NODE_55560_length_450_cov_1.749288	321	376	0	55	55	1.0000000
NODE_55565_length_450_cov_1.723647	101	161	20	6	60	0.1000000
NODE_55565_length_450_cov_1.723647	101	161	26	4	60	0.0666667
NODE_55565_length_450_cov_1.723647	101	161	30	5	60	0.0833333
NODE_55565_length_450_cov_1.723647	101	161	31	2	60	0.0333333
NODE_55565_length_450_cov_1.723647	101	161	32	43	60	0.7166666
NODE_55685_length_450_cov_1.017094	116	196	0	80	80	1.0000000
NODE_55761_length_449_cov_46.882857	237	317	0	41	80	0.5125000
NODE_55761_length_449_cov_46.882857	237	317	2	12	80	0.1500000
NODE_55761_length_449_cov_46.882857	237	317	8	27	80	0.3375000
NODE_55761_length_449_cov_46.882857	290	370	6	5	80	0.0625000
NODE_55761_length_449_cov_46.882857	290	370	8	75	80	0.9375000
NODE_55762_length_449_cov_36.031429	238	318	0	7	80	0.0875000
NODE_55762_length_449_cov_36.031429	238	318	14	28	80	0.3500000
NODE_55762_length_449_cov_36.031429	238	318	28	45	80	0.5625000
NODE_55762_length_449_cov_36.031429	291	371	28	80	80	1.0000000
NODE_55783_length_449_cov_4.594286	137	184	10	11	47	0.2340426
NODE_55783_length_449_cov_4.594286	137	184	11	28	47	0.5957447
NODE_55783_length_449_cov_4.594286	137	184	12	8	47	0.1702128
NODE_55794_length_449_cov_3.797143	204	284	4	80	80	1.0000000
NODE_55844_length_449_cov_2.445714	346	376	0	30	30	1.0000000
NODE_56144_length_448_cov_44.664756	126	206	0	80	80	1.0000000
NODE_56144_length_448_cov_44.664756	179	259	0	80	80	1.0000000
NODE_56145_length_448_cov_36.148997	195	275	0	80	80	1.0000000
NODE_56145_length_448_cov_36.148997	248	328	0	80	80	1.0000000
NODE_56145_length_448_cov_36.148997	324	404	0	80	80	1.0000000
NODE_56145_length_448_cov_36.148997	377	448	0	71	71	1.0000000
NODE_56146_length_448_cov_31.816619	43	123	0	9	80	0.1125000
NODE_56146_length_448_cov_31.816619	43	123	2	39	80	0.4875000
NODE_56146_length_448_cov_31.816619	43	123	4	3	80	0.0375000
NODE_56146_length_448_cov_31.816619	43	123	5	19	80	0.2375000
NODE_56146_length_448_cov_31.816619	43	123	6	10	80	0.1250000
NODE_56151_length_448_cov_6.779370	197	277	2	25	80	0.3125000
NODE_56151_length_448_cov_6.779370	197	277	3	7	80	0.0875000
NODE_56151_length_448_cov_6.779370	197	277	5	48	80	0.6000000
NODE_56151_length_448_cov_6.779370	250	313	5	41	63	0.6507937
NODE_56151_length_448_cov_6.779370	250	313	6	22	63	0.3492064
NODE_56180_length_448_cov_3.664756	148	189	2	41	41	1.0000000
NODE_56189_length_448_cov_3.108883	242	324	2	43	82	0.5243902
NODE_56189_length_448_cov_3.108883	242	324	4	39	82	0.4756097
NODE_56233_length_448_cov_2.263610	292	360	0	68	68	1.0000000
NODE_56518_length_447_cov_10.505747	205	234	0	29	29	1.0000000
NODE_56518_length_447_cov_10.505747	267	326	0	59	59	1.0000000
NODE_56518_length_447_cov_10.505747	299	379	0	80	80	1.0000000
NODE_56527_length_447_cov_5.767241	176	256	0	14	80	0.1750000
NODE_56527_length_447_cov_5.767241	176	256	2	66	80	0.8250000
NODE_56527_length_447_cov_5.767241	229	309	0	41	80	0.5125000
NODE_56527_length_447_cov_5.767241	229	309	2	39	80	0.4875000
NODE_56539_length_447_cov_4.583333	265	289	0	24	24	1.0000000
NODE_56545_length_447_cov_4.037356	58	138	0	80	80	1.0000000
NODE_56545_length_447_cov_4.037356	111	191	0	80	80	1.0000000
NODE_56890_length_446_cov_42.527378	239	310	15	5	71	0.0704225
NODE_56890_length_446_cov_42.527378	239	310	17	8	71	0.1126761
NODE_56890_length_446_cov_42.527378	239	310	19	5	71	0.0704225
NODE_56890_length_446_cov_42.527378	239	310	20	2	71	0.0281690
NODE_56890_length_446_cov_42.527378	239	310	21	2	71	0.0281690
NODE_56890_length_446_cov_42.527378	239	310	22	8	71	0.1126761
NODE_56890_length_446_cov_42.527378	239	310	26	1	71	0.0140845
NODE_56890_length_446_cov_42.527378	239	310	27	11	71	0.1549296
NODE_56890_length_446_cov_42.527378	239	310	28	2	71	0.0281690
NODE_56890_length_446_cov_42.527378	239	310	30	2	71	0.0281690
NODE_56890_length_446_cov_42.527378	239	310	31	3	71	0.0422535
NODE_56890_length_446_cov_42.527378	239	310	32	3	71	0.0422535
NODE_56890_length_446_cov_42.527378	239	310	36	4	71	0.0563380
NODE_56890_length_446_cov_42.527378	239	310	42	7	71	0.0985916
NODE_56890_length_446_cov_42.527378	239	310	43	1	71	0.0140845
NODE_56890_length_446_cov_42.527378	239	310	49	7	71	0.0985916
NODE_56890_length_446_cov_42.527378	359	433	22	3	74	0.0405405
NODE_56890_length_446_cov_42.527378	359	433	23	5	74	0.0675676
NODE_56890_length_446_cov_42.527378	359	433	27	2	74	0.0270270
NODE_56890_length_446_cov_42.527378	359	433	33	4	74	0.0540541
NODE_56890_length_446_cov_42.527378	359	433	38	6	74	0.0810811
NODE_56890_length_446_cov_42.527378	359	433	39	2	74	0.0270270
NODE_56890_length_446_cov_42.527378	359	433	40	1	74	0.0135135
NODE_56890_length_446_cov_42.527378	359	433	42	3	74	0.0405405
NODE_56890_length_446_cov_42.527378	359	433	43	12	74	0.1621622
NODE_56890_length_446_cov_42.527378	359	433	44	5	74	0.0675676
NODE_56890_length_446_cov_42.527378	359	433	46	4	74	0.0540541
NODE_56890_length_446_cov_42.527378	359	433	48	6	74	0.0810811
NODE_56890_length_446_cov_42.527378	359	433	53	2	74	0.0270270
NODE_56890_length_446_cov_42.527378	359	433	55	2	74	0.0270270
NODE_56890_length_446_cov_42.527378	359	433	57	2	74	0.0270270
NODE_56890_length_446_cov_42.527378	359	433	58	2	74	0.0270270
NODE_56890_length_446_cov_42.527378	359	433	60	3	74	0.0405405
NODE_56890_length_446_cov_42.527378	359	433	62	2	74	0.0270270
NODE_56890_length_446_cov_42.527378	359	433	63	2	74	0.0270270
NODE_56890_length_446_cov_42.527378	359	433	64	3	74	0.0405405
NODE_56890_length_446_cov_42.527378	359	433	65	3	74	0.0405405
NODE_56891_length_446_cov_12.749280	92	172	0	21	80	0.2625000
NODE_56891_length_446_cov_12.749280	92	172	2	8	80	0.1000000
NODE_56891_length_446_cov_12.749280	92	172	4	51	80	0.6375000
NODE_56891_length_446_cov_12.749280	145	225	2	16	80	0.2000000
NODE_56891_length_446_cov_12.749280	145	225	4	64	80	0.8000000
NODE_56896_length_446_cov_6.902017	175	217	0	42	42	1.0000000
NODE_56902_length_446_cov_5.930836	165	245	0	58	80	0.7250000
NODE_56902_length_446_cov_5.930836	165	245	2	22	80	0.2750000
NODE_56902_length_446_cov_5.930836	165	245	0	58	80	0.7250000
NODE_56902_length_446_cov_5.930836	165	245	2	22	80	0.2750000
NODE_56902_length_446_cov_5.930836	165	235	0	58	70	0.8285714
NODE_56902_length_446_cov_5.930836	165	235	2	12	70	0.1714286
NODE_56902_length_446_cov_5.930836	218	298	0	5	80	0.0625000
NODE_56902_length_446_cov_5.930836	218	298	2	75	80	0.9375000
NODE_56902_length_446_cov_5.930836	218	297	0	5	79	0.0632911
NODE_56902_length_446_cov_5.930836	218	297	2	74	79	0.9367089
NODE_56919_length_446_cov_3.896254	215	274	4	1	59	0.0169492
NODE_56919_length_446_cov_3.896254	215	274	10	4	59	0.0677966
NODE_56919_length_446_cov_3.896254	215	274	12	22	59	0.3728814
NODE_56919_length_446_cov_3.896254	215	274	14	32	59	0.5423729
NODE_56934_length_446_cov_3.282421	130	168	2	38	38	1.0000000
NODE_56952_length_446_cov_2.775216	337	417	0	42	80	0.5250000
NODE_56952_length_446_cov_2.775216	337	417	1	4	80	0.0500000
NODE_56952_length_446_cov_2.775216	337	417	2	34	80	0.4250000
NODE_56995_length_446_cov_2.161383	17	97	0	80	80	1.0000000
NODE_57022_length_446_cov_1.907781	196	225	4	29	29	1.0000000
NODE_57277_length_445_cov_75.572254	108	188	0	80	80	1.0000000
NODE_57277_length_445_cov_75.572254	161	241	0	80	80	1.0000000
NODE_57277_length_445_cov_75.572254	237	317	0	27	80	0.3375000
NODE_57277_length_445_cov_75.572254	237	317	15	1	80	0.0125000
NODE_57277_length_445_cov_75.572254	237	317	16	4	80	0.0500000
NODE_57277_length_445_cov_75.572254	237	317	18	12	80	0.1500000
NODE_57277_length_445_cov_75.572254	237	317	20	17	80	0.2125000
NODE_57277_length_445_cov_75.572254	237	317	22	19	80	0.2375000
NODE_57277_length_445_cov_75.572254	290	370	20	8	80	0.1000000
NODE_57277_length_445_cov_75.572254	290	370	22	72	80	0.9000000
NODE_57278_length_445_cov_33.973988	83	163	0	80	80	1.0000000
NODE_57278_length_445_cov_33.973988	136	216	0	80	80	1.0000000
NODE_57280_length_445_cov_9.323699	78	148	2	13	70	0.1857143
NODE_57280_length_445_cov_9.323699	78	148	3	7	70	0.1000000
NODE_57280_length_445_cov_9.323699	78	148	4	50	70	0.7142857
NODE_57280_length_445_cov_9.323699	121	201	0	18	80	0.2250000
NODE_57280_length_445_cov_9.323699	121	201	2	31	80	0.3875000
NODE_57280_length_445_cov_9.323699	121	201	3	11	80	0.1375000
NODE_57280_length_445_cov_9.323699	121	201	4	20	80	0.2500000
NODE_57284_length_445_cov_6.439306	210	282	0	45	72	0.6250000
NODE_57284_length_445_cov_6.439306	210	282	2	16	72	0.2222222
NODE_57284_length_445_cov_6.439306	210	282	3	11	72	0.1527778
NODE_57286_length_445_cov_5.479769	115	184	0	21	69	0.3043478
NODE_57286_length_445_cov_5.479769	115	184	2	48	69	0.6956522
NODE_57286_length_445_cov_5.479769	157	237	2	80	80	1.0000000
NODE_57286_length_445_cov_5.479769	233	309	0	44	76	0.5789474
NODE_57286_length_445_cov_5.479769	233	309	2	32	76	0.4210526
NODE_57286_length_445_cov_5.479769	286	309	0	23	23	1.0000000
NODE_57345_length_445_cov_2.843931	124	199	0	75	75	1.0000000
NODE_57352_length_445_cov_2.682081	202	248	2	13	46	0.2826087
NODE_57352_length_445_cov_2.682081	202	248	10	33	46	0.7173913
NODE_57400_length_445_cov_1.884393	252	332	0	80	80	1.0000000
NODE_57409_length_445_cov_1.783237	132	203	0	62	71	0.8732395
NODE_57409_length_445_cov_1.783237	132	203	2	9	71	0.1267606
NODE_57409_length_445_cov_1.783237	256	331	0	32	75	0.4266667
NODE_57409_length_445_cov_1.783237	256	331	2	43	75	0.5733333
NODE_57409_length_445_cov_1.783237	256	278	2	22	22	1.0000000
NODE_57644_length_444_cov_34.075362	243	323	2	9	80	0.1125000
NODE_57644_length_444_cov_34.075362	243	323	4	35	80	0.4375000
NODE_57644_length_444_cov_34.075362	243	323	5	2	80	0.0250000
NODE_57644_length_444_cov_34.075362	243	323	6	34	80	0.4250000
NODE_57644_length_444_cov_34.075362	296	376	4	28	80	0.3500000
NODE_57644_length_444_cov_34.075362	296	376	6	52	80	0.6500000
NODE_57645_length_444_cov_22.524638	98	178	0	80	80	1.0000000
NODE_57645_length_444_cov_22.524638	151	231	0	80	80	1.0000000
NODE_57646_length_444_cov_16.544928	263	343	0	80	80	1.0000000
NODE_57646_length_444_cov_16.544928	316	396	0	80	80	1.0000000
NODE_57647_length_444_cov_12.684058	293	373	2	17	80	0.2125000
NODE_57647_length_444_cov_12.684058	293	373	4	63	80	0.7875000
NODE_57647_length_444_cov_12.684058	346	426	2	50	80	0.6250000
NODE_57647_length_444_cov_12.684058	346	426	4	30	80	0.3750000
NODE_57649_length_444_cov_9.284058	176	256	0	80	80	1.0000000
NODE_57649_length_444_cov_9.284058	229	309	0	80	80	1.0000000
NODE_57666_length_444_cov_5.159420	170	241	10	7	71	0.0985916
NODE_57666_length_444_cov_5.159420	170	241	12	31	71	0.4366197
NODE_57666_length_444_cov_5.159420	170	241	15	7	71	0.0985916
NODE_57666_length_444_cov_5.159420	170	241	16	16	71	0.2253521
NODE_57666_length_444_cov_5.159420	170	241	17	6	71	0.0845070
NODE_57666_length_444_cov_5.159420	170	241	19	4	71	0.0563380
NODE_57668_length_444_cov_5.060870	201	245	2	1	44	0.0227273
NODE_57668_length_444_cov_5.060870	201	245	6	43	44	0.9772727
NODE_57668_length_444_cov_5.060870	218	298	0	8	80	0.1000000
NODE_57668_length_444_cov_5.060870	218	298	2	10	80	0.1250000
NODE_57668_length_444_cov_5.060870	218	298	6	62	80	0.7750000
NODE_57717_length_444_cov_2.744928	73	136	0	4	63	0.0634921
NODE_57717_length_444_cov_2.744928	73	136	2	59	63	0.9365079
NODE_57770_length_444_cov_2.028986	46	113	4	6	67	0.0895522
NODE_57770_length_444_cov_2.028986	46	113	7	1	67	0.0149254
NODE_57770_length_444_cov_2.028986	46	113	8	6	67	0.0895522
NODE_57770_length_444_cov_2.028986	46	113	10	1	67	0.0149254
NODE_57770_length_444_cov_2.028986	46	113	12	9	67	0.1343284
NODE_57770_length_444_cov_2.028986	46	113	14	25	67	0.3731343
NODE_57770_length_444_cov_2.028986	46	113	16	19	67	0.2835821
NODE_57770_length_444_cov_2.028986	86	166	10	6	80	0.0750000
NODE_57770_length_444_cov_2.028986	86	166	11	7	80	0.0875000
NODE_57770_length_444_cov_2.028986	86	166	13	1	80	0.0125000
NODE_57770_length_444_cov_2.028986	86	166	14	8	80	0.1000000
NODE_57770_length_444_cov_2.028986	86	166	15	6	80	0.0750000
NODE_57770_length_444_cov_2.028986	86	166	16	52	80	0.6500000
NODE_57873_length_444_cov_1.234783	335	407	0	72	72	1.0000000
NODE_57892_length_444_cov_1.173913	7	87	0	80	80	1.0000000
NODE_58026_length_443_cov_71.284884	209	289	2	76	80	0.9500000
NODE_58026_length_443_cov_71.284884	209	289	4	4	80	0.0500000
NODE_58026_length_443_cov_71.284884	262	342	2	48	80	0.6000000
NODE_58026_length_443_cov_71.284884	262	342	4	4	80	0.0500000
NODE_58026_length_443_cov_71.284884	262	342	8	28	80	0.3500000
NODE_58026_length_443_cov_71.284884	338	418	6	32	80	0.4000000
NODE_58026_length_443_cov_71.284884	338	418	8	48	80	0.6000000
NODE_58026_length_443_cov_71.284884	391	443	0	9	52	0.1730769
NODE_58026_length_443_cov_71.284884	391	443	6	43	52	0.8269231
NODE_58027_length_443_cov_68.973837	314	394	0	80	80	1.0000000
NODE_58027_length_443_cov_68.973837	367	443	0	76	76	1.0000000
NODE_58028_length_443_cov_61.116279	34	114	0	11	80	0.1375000
NODE_58028_length_443_cov_61.116279	34	114	2	2	80	0.0250000
NODE_58028_length_443_cov_61.116279	34	114	4	67	80	0.8375000
NODE_58028_length_443_cov_61.116279	87	167	4	80	80	1.0000000
NODE_58041_length_443_cov_4.895349	127	207	6	80	80	1.0000000
NODE_58086_length_443_cov_2.581395	121	195	0	74	74	1.0000000
NODE_58088_length_443_cov_2.508721	297	347	0	50	50	1.0000000
NODE_58088_length_443_cov_2.508721	320	395	0	75	75	1.0000000
NODE_58091_length_443_cov_2.456395	114	192	0	27	78	0.3461539
NODE_58091_length_443_cov_2.456395	114	192	2	25	78	0.3205128
NODE_58091_length_443_cov_2.456395	114	192	4	26	78	0.3333333
NODE_58091_length_443_cov_2.456395	118	141	0	23	23	1.0000000
NODE_58237_length_443_cov_1.151163	144	224	4	80	80	1.0000000
NODE_58321_length_443_cov_0.715116	52	104	0	52	52	1.0000000
NODE_58321_length_443_cov_0.715116	105	146	0	41	41	1.0000000
NODE_58346_length_442_cov_42.956268	290	375	48	3	85	0.0352941
NODE_58346_length_442_cov_42.956268	290	375	54	11	85	0.1294118
NODE_58346_length_442_cov_42.956268	290	375	55	1	85	0.0117647
NODE_58346_length_442_cov_42.956268	290	375	57	2	85	0.0235294
NODE_58346_length_442_cov_42.956268	290	375	62	13	85	0.1529412
NODE_58346_length_442_cov_42.956268	290	375	64	9	85	0.1058824
NODE_58346_length_442_cov_42.956268	290	375	65	1	85	0.0117647
NODE_58346_length_442_cov_42.956268	290	375	69	6	85	0.0705882
NODE_58346_length_442_cov_42.956268	290	375	70	6	85	0.0705882
NODE_58346_length_442_cov_42.956268	290	375	72	33	85	0.3882353
NODE_58346_length_442_cov_42.956268	290	375	48	3	85	0.0352941
NODE_58346_length_442_cov_42.956268	290	375	54	11	85	0.1294118
NODE_58346_length_442_cov_42.956268	290	375	55	1	85	0.0117647
NODE_58346_length_442_cov_42.956268	290	375	57	2	85	0.0235294
NODE_58346_length_442_cov_42.956268	290	375	62	13	85	0.1529412
NODE_58346_length_442_cov_42.956268	290	375	64	9	85	0.1058824
NODE_58346_length_442_cov_42.956268	290	375	65	1	85	0.0117647
NODE_58346_length_442_cov_42.956268	290	375	69	6	85	0.0705882
NODE_58346_length_442_cov_42.956268	290	375	70	6	85	0.0705882
NODE_58346_length_442_cov_42.956268	290	375	72	33	85	0.3882353
NODE_58347_length_442_cov_24.093294	225	305	12	49	80	0.6125000
NODE_58347_length_442_cov_24.093294	225	305	14	31	80	0.3875000
NODE_58347_length_442_cov_24.093294	278	358	2	34	80	0.4250000
NODE_58347_length_442_cov_24.093294	278	358	6	6	80	0.0750000
NODE_58347_length_442_cov_24.093294	278	358	9	4	80	0.0500000
NODE_58347_length_442_cov_24.093294	278	358	12	11	80	0.1375000
NODE_58347_length_442_cov_24.093294	278	358	14	25	80	0.3125000
NODE_58348_length_442_cov_8.956268	173	192	0	19	19	1.0000000
NODE_58361_length_442_cov_5.052478	213	293	0	80	80	1.0000000
NODE_58361_length_442_cov_5.052478	266	346	0	80	80	1.0000000
NODE_58376_length_442_cov_3.871720	297	372	0	24	75	0.3200000
NODE_58376_length_442_cov_3.871720	297	372	1	45	75	0.6000000
NODE_58376_length_442_cov_3.871720	297	372	2	6	75	0.0800000
NODE_58376_length_442_cov_3.871720	360	413	0	53	53	1.0000000
NODE_58378_length_442_cov_3.804665	211	244	0	33	33	1.0000000
NODE_58405_length_442_cov_3.206997	149	217	8	58	68	0.8529412
NODE_58405_length_442_cov_3.206997	149	217	10	10	68	0.1470588
NODE_58438_length_442_cov_2.434402	203	274	12	2	71	0.0281690
NODE_58438_length_442_cov_2.434402	203	274	14	11	71	0.1549296
NODE_58438_length_442_cov_2.434402	203	274	17	1	71	0.0140845
NODE_58438_length_442_cov_2.434402	203	274	18	57	71	0.8028169
NODE_58438_length_442_cov_2.434402	247	327	15	4	80	0.0500000
NODE_58438_length_442_cov_2.434402	247	327	16	24	80	0.3000000
NODE_58438_length_442_cov_2.434402	247	327	18	52	80	0.6500000
NODE_58503_length_442_cov_1.746356	95	161	0	66	66	1.0000000
NODE_58503_length_442_cov_1.746356	95	122	0	27	27	1.0000000
NODE_58759_length_441_cov_21.877193	28	108	6	20	80	0.2500000
NODE_58759_length_441_cov_21.877193	28	108	8	60	80	0.7500000
NODE_58759_length_441_cov_21.877193	81	161	0	33	80	0.4125000
NODE_58759_length_441_cov_21.877193	81	161	4	16	80	0.2000000
NODE_58759_length_441_cov_21.877193	81	161	8	31	80	0.3875000
NODE_58760_length_441_cov_13.546784	152	232	0	27	80	0.3375000
NODE_58760_length_441_cov_13.546784	152	232	2	53	80	0.6625000
NODE_58760_length_441_cov_13.546784	205	285	2	80	80	1.0000000
NODE_58771_length_441_cov_5.710526	200	280	0	80	80	1.0000000
NODE_58771_length_441_cov_5.710526	253	333	0	80	80	1.0000000
NODE_58817_length_441_cov_3.096491	240	324	0	40	84	0.4761905
NODE_58817_length_441_cov_3.096491	240	324	1	18	84	0.2142857
NODE_58817_length_441_cov_3.096491	240	324	2	26	84	0.3095238
NODE_58820_length_441_cov_3.023392	105	163	0	58	58	1.0000000
NODE_58852_length_441_cov_2.438596	19	99	0	80	80	1.0000000
NODE_58852_length_441_cov_2.438596	72	126	0	54	54	1.0000000
NODE_58970_length_441_cov_1.435673	105	156	0	51	51	1.0000000
NODE_59142_length_440_cov_43.131965	122	202	0	80	80	1.0000000
NODE_59142_length_440_cov_43.131965	175	255	0	80	80	1.0000000
NODE_59142_length_440_cov_43.131965	251	331	0	15	80	0.1875000
NODE_59142_length_440_cov_43.131965	251	331	4	52	80	0.6500000
NODE_59142_length_440_cov_43.131965	251	331	8	13	80	0.1625000
NODE_59142_length_440_cov_43.131965	304	384	4	27	80	0.3375000
NODE_59142_length_440_cov_43.131965	304	384	8	53	80	0.6625000
NODE_59143_length_440_cov_42.929619	116	196	0	80	80	1.0000000
NODE_59143_length_440_cov_42.929619	169	249	0	80	80	1.0000000
NODE_59147_length_440_cov_8.164223	45	125	0	25	80	0.3125000
NODE_59147_length_440_cov_8.164223	45	125	4	55	80	0.6875000
NODE_59147_length_440_cov_8.164223	98	178	4	80	80	1.0000000
NODE_59157_length_440_cov_5.193548	146	210	45	4	64	0.0625000
NODE_59157_length_440_cov_5.193548	146	210	46	4	64	0.0625000
NODE_59157_length_440_cov_5.193548	146	210	51	9	64	0.1406250
NODE_59157_length_440_cov_5.193548	146	210	52	2	64	0.0312500
NODE_59157_length_440_cov_5.193548	146	210	53	4	64	0.0625000
NODE_59157_length_440_cov_5.193548	146	210	57	2	64	0.0312500
NODE_59157_length_440_cov_5.193548	146	210	59	6	64	0.0937500
NODE_59157_length_440_cov_5.193548	146	210	60	7	64	0.1093750
NODE_59157_length_440_cov_5.193548	146	210	61	4	64	0.0625000
NODE_59157_length_440_cov_5.193548	146	210	63	1	64	0.0156250
NODE_59157_length_440_cov_5.193548	146	210	64	19	64	0.2968750
NODE_59157_length_440_cov_5.193548	146	210	65	2	64	0.0312500
NODE_59157_length_440_cov_5.193548	146	210	45	4	64	0.0625000
NODE_59157_length_440_cov_5.193548	146	210	46	4	64	0.0625000
NODE_59157_length_440_cov_5.193548	146	210	51	9	64	0.1406250
NODE_59157_length_440_cov_5.193548	146	210	52	2	64	0.0312500
NODE_59157_length_440_cov_5.193548	146	210	53	4	64	0.0625000
NODE_59157_length_440_cov_5.193548	146	210	57	2	64	0.0312500
NODE_59157_length_440_cov_5.193548	146	210	59	6	64	0.0937500
NODE_59157_length_440_cov_5.193548	146	210	60	7	64	0.1093750
NODE_59157_length_440_cov_5.193548	146	210	61	4	64	0.0625000
NODE_59157_length_440_cov_5.193548	146	210	63	1	64	0.0156250
NODE_59157_length_440_cov_5.193548	146	210	64	19	64	0.2968750
NODE_59157_length_440_cov_5.193548	146	210	65	2	64	0.0312500
NODE_59157_length_440_cov_5.193548	146	210	45	4	64	0.0625000
NODE_59157_length_440_cov_5.193548	146	210	46	4	64	0.0625000
NODE_59157_length_440_cov_5.193548	146	210	51	9	64	0.1406250
NODE_59157_length_440_cov_5.193548	146	210	52	2	64	0.0312500
NODE_59157_length_440_cov_5.193548	146	210	53	4	64	0.0625000
NODE_59157_length_440_cov_5.193548	146	210	57	2	64	0.0312500
NODE_59157_length_440_cov_5.193548	146	210	59	6	64	0.0937500
NODE_59157_length_440_cov_5.193548	146	210	60	7	64	0.1093750
NODE_59157_length_440_cov_5.193548	146	210	61	4	64	0.0625000
NODE_59157_length_440_cov_5.193548	146	210	63	1	64	0.0156250
NODE_59157_length_440_cov_5.193548	146	210	64	19	64	0.2968750
NODE_59157_length_440_cov_5.193548	146	210	65	2	64	0.0312500
NODE_59164_length_440_cov_4.595308	153	233	4	80	80	1.0000000
NODE_59164_length_440_cov_4.595308	153	180	4	27	27	1.0000000
NODE_59188_length_440_cov_3.431085	84	150	1	66	66	1.0000000
NODE_59191_length_440_cov_3.331378	139	195	2	56	56	1.0000000
NODE_59517_length_439_cov_76.552941	0	68	15	26	68	0.3823529
NODE_59517_length_439_cov_76.552941	0	68	18	26	68	0.3823529
NODE_59517_length_439_cov_76.552941	0	68	20	16	68	0.2352941
NODE_59517_length_439_cov_76.552941	0	68	15	26	68	0.3823529
NODE_59517_length_439_cov_76.552941	0	68	18	26	68	0.3823529
NODE_59517_length_439_cov_76.552941	0	68	20	16	68	0.2352941
NODE_59517_length_439_cov_76.552941	0	68	15	26	68	0.3823529
NODE_59517_length_439_cov_76.552941	0	68	18	26	68	0.3823529
NODE_59517_length_439_cov_76.552941	0	68	20	16	68	0.2352941
NODE_59517_length_439_cov_76.552941	1	68	15	25	67	0.3731343
NODE_59517_length_439_cov_76.552941	1	68	18	26	67	0.3880597
NODE_59517_length_439_cov_76.552941	1	68	20	16	67	0.2388060
NODE_59517_length_439_cov_76.552941	64	144	7	7	80	0.0875000
NODE_59517_length_439_cov_76.552941	64	144	8	10	80	0.1250000
NODE_59517_length_439_cov_76.552941	64	144	10	12	80	0.1500000
NODE_59517_length_439_cov_76.552941	64	144	19	1	80	0.0125000
NODE_59517_length_439_cov_76.552941	64	144	20	50	80	0.6250000
NODE_59517_length_439_cov_76.552941	64	144	7	7	80	0.0875000
NODE_59517_length_439_cov_76.552941	64	144	8	10	80	0.1250000
NODE_59517_length_439_cov_76.552941	64	144	10	12	80	0.1500000
NODE_59517_length_439_cov_76.552941	64	144	19	1	80	0.0125000
NODE_59517_length_439_cov_76.552941	64	144	20	50	80	0.6250000
NODE_59517_length_439_cov_76.552941	117	197	2	22	80	0.2750000
NODE_59517_length_439_cov_76.552941	117	197	4	8	80	0.1000000
NODE_59517_length_439_cov_76.552941	117	197	7	30	80	0.3750000
NODE_59517_length_439_cov_76.552941	117	197	8	8	80	0.1000000
NODE_59517_length_439_cov_76.552941	117	197	10	12	80	0.1500000
NODE_59517_length_439_cov_76.552941	117	195	2	20	78	0.2564103
NODE_59517_length_439_cov_76.552941	117	195	4	8	78	0.1025641
NODE_59517_length_439_cov_76.552941	117	195	7	30	78	0.3846154
NODE_59517_length_439_cov_76.552941	117	195	8	8	78	0.1025641
NODE_59517_length_439_cov_76.552941	117	195	10	12	78	0.1538462
NODE_59533_length_439_cov_4.408824	174	238	2	64	64	1.0000000
NODE_59536_length_439_cov_4.255882	258	318	0	60	60	1.0000000
NODE_59560_length_439_cov_3.011765	57	128	15	2	71	0.0281690
NODE_59560_length_439_cov_3.011765	57	128	17	69	71	0.9718310
NODE_59560_length_439_cov_3.011765	101	140	17	39	39	1.0000000
NODE_59592_length_439_cov_2.252941	227	269	4	42	42	1.0000000
NODE_59599_length_439_cov_2.135294	116	179	2	63	63	1.0000000
NODE_59617_length_439_cov_1.929412	388	439	0	51	51	1.0000000
NODE_59897_length_438_cov_29.952802	196	276	4	69	80	0.8625000
NODE_59897_length_438_cov_29.952802	196	276	6	11	80	0.1375000
NODE_59897_length_438_cov_29.952802	249	329	2	25	80	0.3125000
NODE_59897_length_438_cov_29.952802	249	329	4	16	80	0.2000000
NODE_59897_length_438_cov_29.952802	249	329	6	39	80	0.4875000
NODE_59898_length_438_cov_16.330383	225	305	0	34	80	0.4250000
NODE_59898_length_438_cov_16.330383	225	305	4	46	80	0.5750000
NODE_59898_length_438_cov_16.330383	278	358	0	80	80	1.0000000
NODE_59899_length_438_cov_15.436578	74	154	0	80	80	1.0000000
NODE_59899_length_438_cov_15.436578	127	207	0	80	80	1.0000000
NODE_59901_length_438_cov_9.306785	256	309	0	24	53	0.4528302
NODE_59901_length_438_cov_9.306785	256	309	2	29	53	0.5471698
NODE_59901_length_438_cov_9.306785	282	327	2	45	45	1.0000000
NODE_59916_length_438_cov_4.808260	46	133	12	7	87	0.0804598
NODE_59916_length_438_cov_4.808260	46	133	14	8	87	0.0919540
NODE_59916_length_438_cov_4.808260	46	133	20	9	87	0.1034483
NODE_59916_length_438_cov_4.808260	46	133	24	17	87	0.1954023
NODE_59916_length_438_cov_4.808260	46	133	26	3	87	0.0344828
NODE_59916_length_438_cov_4.808260	46	133	34	25	87	0.2873563
NODE_59916_length_438_cov_4.808260	46	133	36	4	87	0.0459770
NODE_59916_length_438_cov_4.808260	46	133	44	14	87	0.1609195
NODE_59916_length_438_cov_4.808260	106	186	28	5	80	0.0625000
NODE_59916_length_438_cov_4.808260	106	186	34	22	80	0.2750000
NODE_59916_length_438_cov_4.808260	106	186	36	4	80	0.0500000
NODE_59916_length_438_cov_4.808260	106	186	37	2	80	0.0250000
NODE_59916_length_438_cov_4.808260	106	186	38	2	80	0.0250000
NODE_59916_length_438_cov_4.808260	106	186	40	21	80	0.2625000
NODE_59916_length_438_cov_4.808260	106	186	42	3	80	0.0375000
NODE_59916_length_438_cov_4.808260	106	186	44	21	80	0.2625000
NODE_59920_length_438_cov_4.622419	135	184	0	9	49	0.1836735
NODE_59920_length_438_cov_4.622419	135	184	2	40	49	0.8163266
NODE_59936_length_438_cov_3.651917	86	166	2	80	80	1.0000000
NODE_59936_length_438_cov_3.651917	139	219	2	80	80	1.0000000
NODE_59952_length_438_cov_3.109145	215	273	0	58	58	1.0000000
NODE_59957_length_438_cov_3.005900	175	258	0	83	83	1.0000000
NODE_60317_length_437_cov_57.260355	272	352	0	80	80	1.0000000
NODE_60317_length_437_cov_57.260355	325	405	0	80	80	1.0000000
NODE_60318_length_437_cov_40.964497	0	73	0	45	73	0.6164383
NODE_60318_length_437_cov_40.964497	0	73	2	28	73	0.3835616
NODE_60318_length_437_cov_40.964497	46	126	0	2	80	0.0250000
NODE_60318_length_437_cov_40.964497	46	126	2	78	80	0.9750000
NODE_60319_length_437_cov_30.843195	140	220	0	80	80	1.0000000
NODE_60319_length_437_cov_30.843195	193	273	0	80	80	1.0000000
NODE_60320_length_437_cov_14.736686	164	244	0	80	80	1.0000000
NODE_60320_length_437_cov_14.736686	217	297	0	80	80	1.0000000
NODE_60331_length_437_cov_6.032544	249	320	0	71	71	1.0000000
NODE_60332_length_437_cov_6.020710	272	352	2	20	80	0.2500000
NODE_60332_length_437_cov_6.020710	272	352	6	25	80	0.3125000
NODE_60332_length_437_cov_6.020710	272	352	8	1	80	0.0125000
NODE_60332_length_437_cov_6.020710	272	352	10	34	80	0.4250000
NODE_60332_length_437_cov_6.020710	325	405	8	54	80	0.6750000
NODE_60332_length_437_cov_6.020710	325	405	10	26	80	0.3250000
NODE_60336_length_437_cov_5.526627	129	209	2	80	80	1.0000000
NODE_60336_length_437_cov_5.526627	182	262	0	38	80	0.4750000
NODE_60336_length_437_cov_5.526627	182	262	2	42	80	0.5250000
NODE_60348_length_437_cov_4.505917	247	327	9	35	80	0.4375000
NODE_60348_length_437_cov_4.505917	247	327	12	18	80	0.2250000
NODE_60348_length_437_cov_4.505917	247	327	14	27	80	0.3375000
NODE_60361_length_437_cov_3.470414	204	259	0	55	55	1.0000000
NODE_60369_length_437_cov_3.301775	95	149	0	54	54	1.0000000
NODE_60381_length_437_cov_2.911243	91	171	0	80	80	1.0000000
NODE_60400_length_437_cov_2.650888	190	239	0	49	49	1.0000000
NODE_60400_length_437_cov_2.650888	212	292	0	80	80	1.0000000
NODE_60411_length_437_cov_2.514793	292	333	4	41	41	1.0000000
NODE_60509_length_437_cov_1.473373	252	324	0	72	72	1.0000000
NODE_60709_length_436_cov_125.940653	204	284	81	2	80	0.0250000
NODE_60709_length_436_cov_125.940653	204	284	83	1	80	0.0125000
NODE_60709_length_436_cov_125.940653	204	284	84	1	80	0.0125000
NODE_60709_length_436_cov_125.940653	204	284	85	2	80	0.0250000
NODE_60709_length_436_cov_125.940653	204	284	86	1	80	0.0125000
NODE_60709_length_436_cov_125.940653	204	284	88	5	80	0.0625000
NODE_60709_length_436_cov_125.940653	204	284	98	2	80	0.0250000
NODE_60709_length_436_cov_125.940653	204	284	100	5	80	0.0625000
NODE_60709_length_436_cov_125.940653	204	284	102	1	80	0.0125000
NODE_60709_length_436_cov_125.940653	204	284	103	1	80	0.0125000
NODE_60709_length_436_cov_125.940653	204	284	104	3	80	0.0375000
NODE_60709_length_436_cov_125.940653	204	284	107	2	80	0.0250000
NODE_60709_length_436_cov_125.940653	204	284	112	4	80	0.0500000
NODE_60709_length_436_cov_125.940653	204	284	113	1	80	0.0125000
NODE_60709_length_436_cov_125.940653	204	284	114	2	80	0.0250000
NODE_60709_length_436_cov_125.940653	204	284	115	7	80	0.0875000
NODE_60709_length_436_cov_125.940653	204	284	116	1	80	0.0125000
NODE_60709_length_436_cov_125.940653	204	284	117	3	80	0.0375000
NODE_60709_length_436_cov_125.940653	204	284	120	3	80	0.0375000
NODE_60709_length_436_cov_125.940653	204	284	121	2	80	0.0250000
NODE_60709_length_436_cov_125.940653	204	284	122	17	80	0.2125000
NODE_60709_length_436_cov_125.940653	204	284	123	9	80	0.1125000
NODE_60709_length_436_cov_125.940653	204	284	124	5	80	0.0625000
NODE_60709_length_436_cov_125.940653	255	301	91	2	46	0.0434783
NODE_60709_length_436_cov_125.940653	255	301	92	1	46	0.0217391
NODE_60709_length_436_cov_125.940653	255	301	96	1	46	0.0217391
NODE_60709_length_436_cov_125.940653	255	301	98	4	46	0.0869565
NODE_60709_length_436_cov_125.940653	255	301	100	10	46	0.2173913
NODE_60709_length_436_cov_125.940653	255	301	102	1	46	0.0217391
NODE_60709_length_436_cov_125.940653	255	301	103	1	46	0.0217391
NODE_60709_length_436_cov_125.940653	255	301	112	2	46	0.0434783
NODE_60709_length_436_cov_125.940653	255	301	115	3	46	0.0652174
NODE_60709_length_436_cov_125.940653	255	301	120	1	46	0.0217391
NODE_60709_length_436_cov_125.940653	255	301	121	2	46	0.0434783
NODE_60709_length_436_cov_125.940653	255	301	122	5	46	0.1086956
NODE_60709_length_436_cov_125.940653	255	301	123	8	46	0.1739130
NODE_60709_length_436_cov_125.940653	255	301	124	5	46	0.1086956
NODE_60709_length_436_cov_125.940653	257	337	48	4	80	0.0500000
NODE_60709_length_436_cov_125.940653	257	337	49	2	80	0.0250000
NODE_60709_length_436_cov_125.940653	257	337	52	2	80	0.0250000
NODE_60709_length_436_cov_125.940653	257	337	56	1	80	0.0125000
NODE_60709_length_436_cov_125.940653	257	337	57	3	80	0.0375000
NODE_60709_length_436_cov_125.940653	257	337	58	6	80	0.0750000
NODE_60709_length_436_cov_125.940653	257	337	60	1	80	0.0125000
NODE_60709_length_436_cov_125.940653	257	337	61	1	80	0.0125000
NODE_60709_length_436_cov_125.940653	257	337	64	1	80	0.0125000
NODE_60709_length_436_cov_125.940653	257	337	67	1	80	0.0125000
NODE_60709_length_436_cov_125.940653	257	337	68	2	80	0.0250000
NODE_60709_length_436_cov_125.940653	257	337	69	1	80	0.0125000
NODE_60709_length_436_cov_125.940653	257	337	74	3	80	0.0375000
NODE_60709_length_436_cov_125.940653	257	337	79	2	80	0.0250000
NODE_60709_length_436_cov_125.940653	257	337	81	1	80	0.0125000
NODE_60709_length_436_cov_125.940653	257	337	82	1	80	0.0125000
NODE_60709_length_436_cov_125.940653	257	337	84	1	80	0.0125000
NODE_60709_length_436_cov_125.940653	257	337	86	1	80	0.0125000
NODE_60709_length_436_cov_125.940653	257	337	89	1	80	0.0125000
NODE_60709_length_436_cov_125.940653	257	337	91	3	80	0.0375000
NODE_60709_length_436_cov_125.940653	257	337	92	1	80	0.0125000
NODE_60709_length_436_cov_125.940653	257	337	96	1	80	0.0125000
NODE_60709_length_436_cov_125.940653	257	337	98	4	80	0.0500000
NODE_60709_length_436_cov_125.940653	257	337	100	10	80	0.1250000
NODE_60709_length_436_cov_125.940653	257	337	102	1	80	0.0125000
NODE_60709_length_436_cov_125.940653	257	337	103	1	80	0.0125000
NODE_60709_length_436_cov_125.940653	257	337	112	2	80	0.0250000
NODE_60709_length_436_cov_125.940653	257	337	115	3	80	0.0375000
NODE_60709_length_436_cov_125.940653	257	337	120	1	80	0.0125000
NODE_60709_length_436_cov_125.940653	257	337	121	2	80	0.0250000
NODE_60709_length_436_cov_125.940653	257	337	122	5	80	0.0625000
NODE_60709_length_436_cov_125.940653	257	337	123	6	80	0.0750000
NODE_60709_length_436_cov_125.940653	257	337	124	5	80	0.0625000
NODE_60709_length_436_cov_125.940653	333	413	5	3	80	0.0375000
NODE_60709_length_436_cov_125.940653	333	413	6	2	80	0.0250000
NODE_60709_length_436_cov_125.940653	333	413	8	8	80	0.1000000
NODE_60709_length_436_cov_125.940653	333	413	10	4	80	0.0500000
NODE_60709_length_436_cov_125.940653	333	413	12	6	80	0.0750000
NODE_60709_length_436_cov_125.940653	333	413	13	3	80	0.0375000
NODE_60709_length_436_cov_125.940653	333	413	15	1	80	0.0125000
NODE_60709_length_436_cov_125.940653	333	413	17	3	80	0.0375000
NODE_60709_length_436_cov_125.940653	333	413	19	1	80	0.0125000
NODE_60709_length_436_cov_125.940653	333	413	21	2	80	0.0250000
NODE_60709_length_436_cov_125.940653	333	413	22	28	80	0.3500000
NODE_60709_length_436_cov_125.940653	333	413	28	2	80	0.0250000
NODE_60709_length_436_cov_125.940653	333	413	30	7	80	0.0875000
NODE_60709_length_436_cov_125.940653	333	413	36	3	80	0.0375000
NODE_60709_length_436_cov_125.940653	333	413	38	2	80	0.0250000
NODE_60709_length_436_cov_125.940653	333	413	48	5	80	0.0625000
NODE_60709_length_436_cov_125.940653	386	436	0	4	50	0.0800000
NODE_60709_length_436_cov_125.940653	386	436	1	9	50	0.1800000
NODE_60709_length_436_cov_125.940653	386	436	2	2	50	0.0400000
NODE_60709_length_436_cov_125.940653	386	436	3	8	50	0.1600000
NODE_60709_length_436_cov_125.940653	386	436	5	3	50	0.0600000
NODE_60709_length_436_cov_125.940653	386	436	6	2	50	0.0400000
NODE_60709_length_436_cov_125.940653	386	436	8	8	50	0.1600000
NODE_60709_length_436_cov_125.940653	386	436	10	4	50	0.0800000
NODE_60709_length_436_cov_125.940653	386	436	12	6	50	0.1200000
NODE_60709_length_436_cov_125.940653	386	436	13	3	50	0.0600000
NODE_60709_length_436_cov_125.940653	386	436	15	1	50	0.0200000
NODE_60712_length_436_cov_45.459941	166	246	0	80	80	1.0000000
NODE_60712_length_436_cov_45.459941	219	299	0	80	80	1.0000000
NODE_60712_length_436_cov_45.459941	295	375	0	36	80	0.4500000
NODE_60712_length_436_cov_45.459941	295	375	6	44	80	0.5500000
NODE_60712_length_436_cov_45.459941	348	428	0	1	80	0.0125000
NODE_60712_length_436_cov_45.459941	348	428	6	79	80	0.9875000
NODE_60713_length_436_cov_10.560831	74	154	0	80	80	1.0000000
NODE_60713_length_436_cov_10.560831	127	207	0	80	80	1.0000000
NODE_60716_length_436_cov_8.317507	51	127	0	76	76	1.0000000
NODE_60716_length_436_cov_8.317507	104	182	0	78	78	1.0000000
NODE_60760_length_436_cov_3.109792	153	205	0	20	52	0.3846154
NODE_60760_length_436_cov_3.109792	153	205	2	32	52	0.6153846
NODE_60786_length_436_cov_2.551929	182	258	0	76	76	1.0000000
NODE_60786_length_436_cov_2.551929	235	315	0	80	80	1.0000000
NODE_60934_length_436_cov_1.207715	105	181	0	76	76	1.0000000
NODE_61088_length_435_cov_17.401786	55	135	0	5	80	0.0625000
NODE_61088_length_435_cov_17.401786	55	135	1	48	80	0.6000000
NODE_61088_length_435_cov_17.401786	55	135	2	27	80	0.3375000
NODE_61088_length_435_cov_17.401786	108	188	2	80	80	1.0000000
NODE_61094_length_435_cov_6.910714	113	193	2	12	80	0.1500000
NODE_61094_length_435_cov_6.910714	113	193	4	68	80	0.8500000
NODE_61094_length_435_cov_6.910714	147	194	4	47	47	1.0000000
NODE_61094_length_435_cov_6.910714	149	184	4	35	35	1.0000000
NODE_61094_length_435_cov_6.910714	151	193	4	42	42	1.0000000
NODE_61094_length_435_cov_6.910714	166	251	0	4	85	0.0470588
NODE_61094_length_435_cov_6.910714	166	251	2	24	85	0.2823530
NODE_61094_length_435_cov_6.910714	166	251	4	57	85	0.6705883
NODE_61094_length_435_cov_6.910714	167	251	0	4	84	0.0476190
NODE_61094_length_435_cov_6.910714	167	251	2	24	84	0.2857143
NODE_61094_length_435_cov_6.910714	167	251	4	56	84	0.6666667
NODE_61102_length_435_cov_5.630952	159	217	0	58	58	1.0000000
NODE_61102_length_435_cov_5.630952	190	270	0	80	80	1.0000000
NODE_61112_length_435_cov_4.601190	271	309	2	38	38	1.0000000
NODE_61112_length_435_cov_4.601190	282	344	2	62	62	1.0000000
NODE_61122_length_435_cov_3.770833	209	240	2	31	31	1.0000000
NODE_61137_length_435_cov_2.836310	113	194	12	6	81	0.0740741
NODE_61137_length_435_cov_2.836310	113	194	16	17	81	0.2098765
NODE_61137_length_435_cov_2.836310	113	194	18	2	81	0.0246914
NODE_61137_length_435_cov_2.836310	113	194	19	1	81	0.0123457
NODE_61137_length_435_cov_2.836310	113	194	20	52	81	0.6419753
NODE_61137_length_435_cov_2.836310	113	194	22	3	81	0.0370370
NODE_61357_length_435_cov_0.988095	286	322	0	36	36	1.0000000
NODE_61451_length_434_cov_136.483582	0	58	37	1	58	0.0172414
NODE_61451_length_434_cov_136.483582	0	58	39	1	58	0.0172414
NODE_61451_length_434_cov_136.483582	0	58	52	1	58	0.0172414
NODE_61451_length_434_cov_136.483582	0	58	71	1	58	0.0172414
NODE_61451_length_434_cov_136.483582	0	58	73	1	58	0.0172414
NODE_61451_length_434_cov_136.483582	0	58	86	1	58	0.0172414
NODE_61451_length_434_cov_136.483582	0	58	98	1	58	0.0172414
NODE_61451_length_434_cov_136.483582	0	58	102	1	58	0.0172414
NODE_61451_length_434_cov_136.483582	0	58	115	1	58	0.0172414
NODE_61451_length_434_cov_136.483582	0	58	116	1	58	0.0172414
NODE_61451_length_434_cov_136.483582	0	58	121	1	58	0.0172414
NODE_61451_length_434_cov_136.483582	0	58	131	1	58	0.0172414
NODE_61451_length_434_cov_136.483582	0	58	137	1	58	0.0172414
NODE_61451_length_434_cov_136.483582	0	58	145	1	58	0.0172414
NODE_61451_length_434_cov_136.483582	0	58	147	1	58	0.0172414
NODE_61451_length_434_cov_136.483582	0	58	149	1	58	0.0172414
NODE_61451_length_434_cov_136.483582	0	58	150	1	58	0.0172414
NODE_61451_length_434_cov_136.483582	0	58	153	1	58	0.0172414
NODE_61451_length_434_cov_136.483582	0	58	155	1	58	0.0172414
NODE_61451_length_434_cov_136.483582	0	58	161	2	58	0.0344828
NODE_61451_length_434_cov_136.483582	0	58	164	1	58	0.0172414
NODE_61451_length_434_cov_136.483582	0	58	168	1	58	0.0172414
NODE_61451_length_434_cov_136.483582	0	58	172	1	58	0.0172414
NODE_61451_length_434_cov_136.483582	0	58	174	3	58	0.0517241
NODE_61451_length_434_cov_136.483582	0	58	176	1	58	0.0172414
NODE_61451_length_434_cov_136.483582	0	58	178	2	58	0.0344828
NODE_61451_length_434_cov_136.483582	0	58	180	2	58	0.0344828
NODE_61451_length_434_cov_136.483582	0	58	186	1	58	0.0172414
NODE_61451_length_434_cov_136.483582	0	58	188	3	58	0.0517241
NODE_61451_length_434_cov_136.483582	0	58	190	1	58	0.0172414
NODE_61451_length_434_cov_136.483582	0	58	196	1	58	0.0172414
NODE_61451_length_434_cov_136.483582	0	58	198	8	58	0.1379310
NODE_61451_length_434_cov_136.483582	0	58	202	2	58	0.0344828
NODE_61451_length_434_cov_136.483582	0	58	204	2	58	0.0344828
NODE_61451_length_434_cov_136.483582	0	58	206	6	58	0.1034483
NODE_61451_length_434_cov_136.483582	0	58	212	1	58	0.0172414
NODE_61451_length_434_cov_136.483582	0	58	213	1	58	0.0172414
NODE_61451_length_434_cov_136.483582	31	111	180	1	80	0.0125000
NODE_61451_length_434_cov_136.483582	31	111	186	1	80	0.0125000
NODE_61451_length_434_cov_136.483582	31	111	188	3	80	0.0375000
NODE_61451_length_434_cov_136.483582	31	111	190	1	80	0.0125000
NODE_61451_length_434_cov_136.483582	31	111	196	1	80	0.0125000
NODE_61451_length_434_cov_136.483582	31	111	198	8	80	0.1000000
NODE_61451_length_434_cov_136.483582	31	111	201	2	80	0.0250000
NODE_61451_length_434_cov_136.483582	31	111	202	2	80	0.0250000
NODE_61451_length_434_cov_136.483582	31	111	204	2	80	0.0250000
NODE_61451_length_434_cov_136.483582	31	111	205	1	80	0.0125000
NODE_61451_length_434_cov_136.483582	31	111	206	6	80	0.0750000
NODE_61451_length_434_cov_136.483582	31	111	209	1	80	0.0125000
NODE_61451_length_434_cov_136.483582	31	111	212	1	80	0.0125000
NODE_61451_length_434_cov_136.483582	31	111	213	3	80	0.0375000
NODE_61451_length_434_cov_136.483582	31	111	214	1	80	0.0125000
NODE_61451_length_434_cov_136.483582	31	111	215	6	80	0.0750000
NODE_61451_length_434_cov_136.483582	31	111	217	5	80	0.0625000
NODE_61451_length_434_cov_136.483582	31	111	219	25	80	0.3125000
NODE_61451_length_434_cov_136.483582	31	111	221	5	80	0.0625000
NODE_61451_length_434_cov_136.483582	31	111	223	5	80	0.0625000
NODE_61452_length_434_cov_43.214925	291	366	36	36	75	0.4800000
NODE_61452_length_434_cov_43.214925	291	366	38	23	75	0.3066667
NODE_61452_length_434_cov_43.214925	291	366	40	16	75	0.2133333
NODE_61452_length_434_cov_43.214925	344	424	0	5	80	0.0625000
NODE_61452_length_434_cov_43.214925	344	424	4	18	80	0.2250000
NODE_61452_length_434_cov_43.214925	344	424	33	1	80	0.0125000
NODE_61452_length_434_cov_43.214925	344	424	34	20	80	0.2500000
NODE_61452_length_434_cov_43.214925	344	424	36	19	80	0.2375000
NODE_61452_length_434_cov_43.214925	344	424	38	17	80	0.2125000
NODE_61452_length_434_cov_43.214925	344	424	0	5	80	0.0625000
NODE_61452_length_434_cov_43.214925	344	424	4	18	80	0.2250000
NODE_61452_length_434_cov_43.214925	344	424	33	1	80	0.0125000
NODE_61452_length_434_cov_43.214925	344	424	34	20	80	0.2500000
NODE_61452_length_434_cov_43.214925	344	424	36	19	80	0.2375000
NODE_61452_length_434_cov_43.214925	344	424	38	17	80	0.2125000
NODE_61453_length_434_cov_22.373134	80	160	6	80	80	1.0000000
NODE_61453_length_434_cov_22.373134	133	213	3	6	80	0.0750000
NODE_61453_length_434_cov_22.373134	133	213	6	74	80	0.9250000
NODE_61455_length_434_cov_11.549254	74	145	0	13	71	0.1830986
NODE_61455_length_434_cov_11.549254	74	145	2	58	71	0.8169014
NODE_61455_length_434_cov_11.549254	118	198	0	23	80	0.2875000
NODE_61455_length_434_cov_11.549254	118	198	2	57	80	0.7125000
NODE_61477_length_434_cov_4.125373	191	233	4	42	42	1.0000000
NODE_61477_length_434_cov_4.125373	200	235	4	35	35	1.0000000
NODE_61497_length_434_cov_3.104478	191	263	0	72	72	1.0000000
NODE_61528_length_434_cov_2.197015	129	168	0	39	39	1.0000000
NODE_61563_length_434_cov_1.883582	88	133	2	45	45	1.0000000
NODE_61563_length_434_cov_1.883582	141	182	0	15	41	0.3658537
NODE_61563_length_434_cov_1.883582	141	182	2	26	41	0.6341463
NODE_61603_length_434_cov_1.626866	163	243	12	5	80	0.0625000
NODE_61603_length_434_cov_1.626866	163	243	13	5	80	0.0625000
NODE_61603_length_434_cov_1.626866	163	243	14	1	80	0.0125000
NODE_61603_length_434_cov_1.626866	163	243	15	4	80	0.0500000
NODE_61603_length_434_cov_1.626866	163	243	16	1	80	0.0125000
NODE_61603_length_434_cov_1.626866	163	243	17	8	80	0.1000000
NODE_61603_length_434_cov_1.626866	163	243	18	8	80	0.1000000
NODE_61603_length_434_cov_1.626866	163	243	20	2	80	0.0250000
NODE_61603_length_434_cov_1.626866	163	243	21	31	80	0.3875000
NODE_61603_length_434_cov_1.626866	163	243	22	15	80	0.1875000
NODE_61676_length_434_cov_1.220896	118	198	82	2	80	0.0250000
NODE_61676_length_434_cov_1.220896	118	198	86	1	80	0.0125000
NODE_61676_length_434_cov_1.220896	118	198	88	4	80	0.0500000
NODE_61676_length_434_cov_1.220896	118	198	91	1	80	0.0125000
NODE_61676_length_434_cov_1.220896	118	198	100	2	80	0.0250000
NODE_61676_length_434_cov_1.220896	118	198	102	2	80	0.0250000
NODE_61676_length_434_cov_1.220896	118	198	104	1	80	0.0125000
NODE_61676_length_434_cov_1.220896	118	198	109	1	80	0.0125000
NODE_61676_length_434_cov_1.220896	118	198	110	1	80	0.0125000
NODE_61676_length_434_cov_1.220896	118	198	112	1	80	0.0125000
NODE_61676_length_434_cov_1.220896	118	198	114	1	80	0.0125000
NODE_61676_length_434_cov_1.220896	118	198	116	2	80	0.0250000
NODE_61676_length_434_cov_1.220896	118	198	117	1	80	0.0125000
NODE_61676_length_434_cov_1.220896	118	198	120	1	80	0.0125000
NODE_61676_length_434_cov_1.220896	118	198	122	2	80	0.0250000
NODE_61676_length_434_cov_1.220896	118	198	123	1	80	0.0125000
NODE_61676_length_434_cov_1.220896	118	198	126	1	80	0.0125000
NODE_61676_length_434_cov_1.220896	118	198	127	2	80	0.0250000
NODE_61676_length_434_cov_1.220896	118	198	128	3	80	0.0375000
NODE_61676_length_434_cov_1.220896	118	198	129	5	80	0.0625000
NODE_61676_length_434_cov_1.220896	118	198	130	1	80	0.0125000
NODE_61676_length_434_cov_1.220896	118	198	132	2	80	0.0250000
NODE_61676_length_434_cov_1.220896	118	198	134	5	80	0.0625000
NODE_61676_length_434_cov_1.220896	118	198	138	4	80	0.0500000
NODE_61676_length_434_cov_1.220896	118	198	142	5	80	0.0625000
NODE_61676_length_434_cov_1.220896	118	198	145	12	80	0.1500000
NODE_61676_length_434_cov_1.220896	118	198	146	11	80	0.1375000
NODE_61676_length_434_cov_1.220896	118	198	149	5	80	0.0625000
NODE_61727_length_434_cov_1.002985	245	286	2	41	41	1.0000000
NODE_61727_length_434_cov_1.002985	258	339	0	11	81	0.1358025
NODE_61727_length_434_cov_1.002985	258	339	2	70	81	0.8641976
NODE_61826_length_433_cov_51.392216	2	82	0	80	80	1.0000000
NODE_61826_length_433_cov_51.392216	55	135	0	80	80	1.0000000
NODE_61826_length_433_cov_51.392216	131	213	0	82	82	1.0000000
NODE_61826_length_433_cov_51.392216	189	266	0	77	77	1.0000000
NODE_61827_length_433_cov_46.344311	248	328	0	80	80	1.0000000
NODE_61827_length_433_cov_46.344311	301	381	0	80	80	1.0000000
NODE_61828_length_433_cov_41.808383	92	172	0	80	80	1.0000000
NODE_61828_length_433_cov_41.808383	145	225	0	80	80	1.0000000
NODE_61835_length_433_cov_6.227545	157	237	0	80	80	1.0000000
NODE_61836_length_433_cov_6.080838	164	244	6	15	80	0.1875000
NODE_61836_length_433_cov_6.080838	164	244	10	65	80	0.8125000
NODE_61838_length_433_cov_5.547904	10	80	2	26	70	0.3714286
NODE_61838_length_433_cov_5.547904	10	80	4	39	70	0.5571429
NODE_61838_length_433_cov_5.547904	10	80	5	5	70	0.0714286
NODE_61838_length_433_cov_5.547904	51	133	4	24	82	0.2926829
NODE_61838_length_433_cov_5.547904	51	133	5	5	82	0.0609756
NODE_61838_length_433_cov_5.547904	51	133	6	53	82	0.6463414
NODE_61839_length_433_cov_5.476048	81	141	2	60	60	1.0000000
NODE_61855_length_433_cov_3.907186	77	107	16	29	30	0.9666666
NODE_61855_length_433_cov_3.907186	77	107	20	1	30	0.0333333
NODE_61862_length_433_cov_3.595808	231	316	0	6	85	0.0705882
NODE_61862_length_433_cov_3.595808	231	316	2	4	85	0.0470588
NODE_61862_length_433_cov_3.595808	231	316	6	72	85	0.8470588
NODE_61862_length_433_cov_3.595808	231	316	8	3	85	0.0352941
NODE_61864_length_433_cov_3.526946	107	178	2	9	71	0.1267606
NODE_61864_length_433_cov_3.526946	107	178	3	1	71	0.0140845
NODE_61864_length_433_cov_3.526946	107	178	4	61	71	0.8591549
NODE_61931_length_433_cov_2.137725	123	203	0	80	80	1.0000000
NODE_62258_length_432_cov_17.540541	150	230	0	80	80	1.0000000
NODE_62258_length_432_cov_17.540541	203	288	0	85	85	1.0000000
NODE_62264_length_432_cov_6.555556	52	82	4	30	30	1.0000000
NODE_62268_length_432_cov_5.720721	77	157	0	80	80	1.0000000
NODE_62268_length_432_cov_5.720721	130	202	0	72	72	1.0000000
NODE_62269_length_432_cov_5.387387	65	95	0	30	30	1.0000000
NODE_62270_length_432_cov_5.345345	271	324	0	3	53	0.0566038
NODE_62270_length_432_cov_5.345345	271	324	2	50	53	0.9433962
NODE_62293_length_432_cov_3.678679	78	121	2	43	43	1.0000000
NODE_62304_length_432_cov_3.246246	87	128	0	25	41	0.6097561
NODE_62304_length_432_cov_3.246246	87	128	2	16	41	0.3902439
NODE_62304_length_432_cov_3.246246	101	167	0	11	66	0.1666667
NODE_62304_length_432_cov_3.246246	101	167	2	24	66	0.3636364
NODE_62304_length_432_cov_3.246246	101	167	4	31	66	0.4696970
NODE_62396_length_432_cov_1.762763	4	71	0	7	67	0.1044776
NODE_62396_length_432_cov_1.762763	4	71	10	1	67	0.0149254
NODE_62396_length_432_cov_1.762763	4	71	11	17	67	0.2537313
NODE_62396_length_432_cov_1.762763	4	71	12	42	67	0.6268657
NODE_62544_length_432_cov_1.027027	44	68	0	24	24	1.0000000
NODE_62650_length_431_cov_35.355422	202	284	0	82	82	1.0000000
NODE_62650_length_431_cov_35.355422	257	333	0	76	76	1.0000000
NODE_62652_length_431_cov_11.207831	185	265	0	80	80	1.0000000
NODE_62652_length_431_cov_11.207831	238	318	0	80	80	1.0000000
NODE_62657_length_431_cov_7.018072	110	190	2	16	80	0.2000000
NODE_62657_length_431_cov_7.018072	110	190	4	2	80	0.0250000
NODE_62657_length_431_cov_7.018072	110	190	7	3	80	0.0375000
NODE_62657_length_431_cov_7.018072	110	190	8	59	80	0.7375000
NODE_62657_length_431_cov_7.018072	163	243	1	3	80	0.0375000
NODE_62657_length_431_cov_7.018072	163	243	2	66	80	0.8250000
NODE_62657_length_431_cov_7.018072	163	243	4	2	80	0.0250000
NODE_62657_length_431_cov_7.018072	163	243	8	9	80	0.1125000
NODE_62661_length_431_cov_6.292169	123	203	0	80	80	1.0000000
NODE_62668_length_431_cov_5.608434	170	241	0	71	71	1.0000000
NODE_62681_length_431_cov_4.250000	146	216	0	52	70	0.7428572
NODE_62681_length_431_cov_4.250000	146	216	2	18	70	0.2571429
NODE_62684_length_431_cov_3.993976	210	290	4	13	80	0.1625000
NODE_62684_length_431_cov_3.993976	210	290	6	67	80	0.8375000
NODE_62794_length_431_cov_1.695783	76	156	6	4	80	0.0500000
NODE_62794_length_431_cov_1.695783	76	156	8	19	80	0.2375000
NODE_62794_length_431_cov_1.695783	76	156	10	18	80	0.2250000
NODE_62794_length_431_cov_1.695783	76	156	12	13	80	0.1625000
NODE_62794_length_431_cov_1.695783	76	156	14	20	80	0.2500000
NODE_62794_length_431_cov_1.695783	76	156	15	1	80	0.0125000
NODE_62794_length_431_cov_1.695783	76	156	16	5	80	0.0625000
NODE_62794_length_431_cov_1.695783	129	199	10	20	70	0.2857143
NODE_62794_length_431_cov_1.695783	129	199	12	1	70	0.0142857
NODE_62794_length_431_cov_1.695783	129	199	14	32	70	0.4571429
NODE_62794_length_431_cov_1.695783	129	199	15	1	70	0.0142857
NODE_62794_length_431_cov_1.695783	129	199	16	16	70	0.2285714
NODE_63043_length_430_cov_49.791541	319	399	82	3	80	0.0375000
NODE_63043_length_430_cov_49.791541	319	399	84	11	80	0.1375000
NODE_63043_length_430_cov_49.791541	319	399	87	2	80	0.0250000
NODE_63043_length_430_cov_49.791541	319	399	88	26	80	0.3250000
NODE_63043_length_430_cov_49.791541	319	399	89	26	80	0.3250000
NODE_63043_length_430_cov_49.791541	319	399	91	5	80	0.0625000
NODE_63043_length_430_cov_49.791541	319	399	92	1	80	0.0125000
NODE_63043_length_430_cov_49.791541	319	399	93	6	80	0.0750000
NODE_63043_length_430_cov_49.791541	372	430	17	1	58	0.0172414
NODE_63043_length_430_cov_49.791541	372	430	21	1	58	0.0172414
NODE_63043_length_430_cov_49.791541	372	430	26	1	58	0.0172414
NODE_63043_length_430_cov_49.791541	372	430	39	3	58	0.0517241
NODE_63043_length_430_cov_49.791541	372	430	45	1	58	0.0172414
NODE_63043_length_430_cov_49.791541	372	430	46	1	58	0.0172414
NODE_63043_length_430_cov_49.791541	372	430	53	1	58	0.0172414
NODE_63043_length_430_cov_49.791541	372	430	54	1	58	0.0172414
NODE_63043_length_430_cov_49.791541	372	430	56	1	58	0.0172414
NODE_63043_length_430_cov_49.791541	372	430	59	1	58	0.0172414
NODE_63043_length_430_cov_49.791541	372	430	62	1	58	0.0172414
NODE_63043_length_430_cov_49.791541	372	430	66	1	58	0.0172414
NODE_63043_length_430_cov_49.791541	372	430	68	4	58	0.0689655
NODE_63043_length_430_cov_49.791541	372	430	70	1	58	0.0172414
NODE_63043_length_430_cov_49.791541	372	430	71	2	58	0.0344828
NODE_63043_length_430_cov_49.791541	372	430	73	7	58	0.1206897
NODE_63043_length_430_cov_49.791541	372	430	79	1	58	0.0172414
NODE_63043_length_430_cov_49.791541	372	430	81	2	58	0.0344828
NODE_63043_length_430_cov_49.791541	372	430	82	3	58	0.0517241
NODE_63043_length_430_cov_49.791541	372	430	84	11	58	0.1896552
NODE_63043_length_430_cov_49.791541	372	430	88	13	58	0.2241379
NODE_63044_length_430_cov_44.365559	109	189	0	36	80	0.4500000
NODE_63044_length_430_cov_44.365559	109	189	1	1	80	0.0125000
NODE_63044_length_430_cov_44.365559	109	189	2	43	80	0.5375000
NODE_63044_length_430_cov_44.365559	162	242	2	80	80	1.0000000
NODE_63045_length_430_cov_16.746224	92	172	2	80	80	1.0000000
NODE_63045_length_430_cov_16.746224	145	225	0	26	80	0.3250000
NODE_63045_length_430_cov_16.746224	145	225	2	54	80	0.6750000
NODE_63048_length_430_cov_7.737160	180	263	4	14	83	0.1686747
NODE_63048_length_430_cov_7.737160	180	263	6	69	83	0.8313253
NODE_63050_length_430_cov_6.163142	135	197	0	62	62	1.0000000
NODE_63051_length_430_cov_5.873112	7	90	0	46	83	0.5542169
NODE_63051_length_430_cov_5.873112	7	90	2	37	83	0.4457831
NODE_63051_length_430_cov_5.873112	60	126	2	66	66	1.0000000
NODE_63066_length_430_cov_4.323263	18	90	0	72	72	1.0000000
NODE_63161_length_430_cov_1.945619	153	233	0	80	80	1.0000000
NODE_63401_length_430_cov_0.664653	391	430	0	39	39	1.0000000
NODE_63437_length_429_cov_10.424242	78	158	0	80	80	1.0000000
NODE_63437_length_429_cov_10.424242	207	287	0	80	80	1.0000000
NODE_63437_length_429_cov_10.424242	260	340	0	80	80	1.0000000
NODE_63439_length_429_cov_8.957576	213	293	0	80	80	1.0000000
NODE_63439_length_429_cov_8.957576	266	346	0	80	80	1.0000000
NODE_63441_length_429_cov_6.772727	337	366	0	29	29	1.0000000
NODE_63485_length_429_cov_3.003030	173	251	4	35	78	0.4487180
NODE_63485_length_429_cov_3.003030	173	251	6	43	78	0.5512820
NODE_63516_length_429_cov_2.433333	220	300	0	80	80	1.0000000
NODE_63519_length_429_cov_2.360606	24	85	0	61	61	1.0000000
NODE_63527_length_429_cov_2.224242	115	195	0	80	80	1.0000000
NODE_63547_length_429_cov_2.051515	114	143	0	29	29	1.0000000
NODE_63547_length_429_cov_2.051515	286	348	0	19	62	0.3064516
NODE_63547_length_429_cov_2.051515	286	348	2	43	62	0.6935484
NODE_63864_length_428_cov_40.449848	217	297	0	80	80	1.0000000
NODE_63864_length_428_cov_40.449848	270	350	0	80	80	1.0000000
NODE_63864_length_428_cov_40.449848	346	426	0	80	80	1.0000000
NODE_63865_length_428_cov_31.066869	249	325	37	10	76	0.1315790
NODE_63865_length_428_cov_31.066869	249	325	40	7	76	0.0921053
NODE_63865_length_428_cov_31.066869	249	325	42	8	76	0.1052632
NODE_63865_length_428_cov_31.066869	249	325	43	3	76	0.0394737
NODE_63865_length_428_cov_31.066869	249	325	45	13	76	0.1710526
NODE_63865_length_428_cov_31.066869	249	325	46	2	76	0.0263158
NODE_63865_length_428_cov_31.066869	249	325	47	9	76	0.1184211
NODE_63865_length_428_cov_31.066869	249	325	48	24	76	0.3157895
NODE_63865_length_428_cov_31.066869	297	378	19	7	81	0.0864198
NODE_63865_length_428_cov_31.066869	297	378	21	13	81	0.1604938
NODE_63865_length_428_cov_31.066869	297	378	25	3	81	0.0370370
NODE_63865_length_428_cov_31.066869	297	378	27	1	81	0.0123457
NODE_63865_length_428_cov_31.066869	297	378	31	1	81	0.0123457
NODE_63865_length_428_cov_31.066869	297	378	34	3	81	0.0370370
NODE_63865_length_428_cov_31.066869	297	378	35	20	81	0.2469136
NODE_63865_length_428_cov_31.066869	297	378	37	15	81	0.1851852
NODE_63865_length_428_cov_31.066869	297	378	43	1	81	0.0123457
NODE_63865_length_428_cov_31.066869	297	378	45	10	81	0.1234568
NODE_63865_length_428_cov_31.066869	297	378	46	1	81	0.0123457
NODE_63865_length_428_cov_31.066869	297	378	47	6	81	0.0740741
NODE_63866_length_428_cov_11.799392	62	142	0	80	80	1.0000000
NODE_63866_length_428_cov_11.799392	115	195	0	80	80	1.0000000
NODE_63867_length_428_cov_10.595745	227	307	0	80	80	1.0000000
NODE_63870_length_428_cov_6.784195	344	374	0	30	30	1.0000000
NODE_63871_length_428_cov_6.768997	131	194	4	8	63	0.1269841
NODE_63871_length_428_cov_6.768997	131	194	5	13	63	0.2063492
NODE_63871_length_428_cov_6.768997	131	194	6	42	63	0.6666667
NODE_63895_length_428_cov_4.206687	224	304	0	80	80	1.0000000
NODE_63905_length_428_cov_3.525836	168	236	2	68	68	1.0000000
NODE_63905_length_428_cov_3.525836	209	244	2	35	35	1.0000000
NODE_63959_length_428_cov_2.322188	1	42	2	41	41	1.0000000
NODE_63977_length_428_cov_2.124620	228	308	0	80	80	1.0000000
NODE_64011_length_428_cov_1.848024	178	260	2	82	82	1.0000000
NODE_64027_length_428_cov_1.772036	187	255	0	68	68	1.0000000
NODE_64245_length_428_cov_0.790274	275	308	0	33	33	1.0000000
NODE_64245_length_428_cov_0.790274	276	302	0	26	26	1.0000000
NODE_64310_length_427_cov_29.628049	312	392	8	8	80	0.1000000
NODE_64310_length_427_cov_29.628049	312	392	10	72	80	0.9000000
NODE_64310_length_427_cov_29.628049	365	427	6	3	62	0.0483871
NODE_64310_length_427_cov_29.628049	365	427	8	5	62	0.0806452
NODE_64310_length_427_cov_29.628049	365	427	9	22	62	0.3548387
NODE_64310_length_427_cov_29.628049	365	427	10	32	62	0.5161290
NODE_64310_length_427_cov_29.628049	365	427	6	3	62	0.0483871
NODE_64310_length_427_cov_29.628049	365	427	8	5	62	0.0806452
NODE_64310_length_427_cov_29.628049	365	427	9	22	62	0.3548387
NODE_64310_length_427_cov_29.628049	365	427	10	32	62	0.5161290
NODE_64312_length_427_cov_9.371951	184	239	20	3	55	0.0545455
NODE_64312_length_427_cov_9.371951	184	239	23	14	55	0.2545455
NODE_64312_length_427_cov_9.371951	184	239	24	6	55	0.1090909
NODE_64312_length_427_cov_9.371951	184	239	25	16	55	0.2909091
NODE_64312_length_427_cov_9.371951	184	239	26	16	55	0.2909091
NODE_64313_length_427_cov_9.359756	11	82	0	71	71	1.0000000
NODE_64313_length_427_cov_9.359756	70	149	0	79	79	1.0000000
NODE_64313_length_427_cov_9.359756	145	225	0	80	80	1.0000000
NODE_64313_length_427_cov_9.359756	198	278	0	80	80	1.0000000
NODE_64321_length_427_cov_5.929878	405	424	0	19	19	1.0000000
NODE_64324_length_427_cov_5.088415	257	332	0	75	75	1.0000000
NODE_64345_length_427_cov_3.884146	212	260	0	48	48	1.0000000
NODE_64383_length_427_cov_2.765244	312	363	0	51	51	1.0000000
NODE_64409_length_427_cov_2.362805	142	177	0	35	35	1.0000000
NODE_64537_length_427_cov_1.359756	56	139	2	83	83	1.0000000
NODE_64728_length_426_cov_21.837920	178	258	0	80	80	1.0000000
NODE_64729_length_426_cov_16.850153	76	156	0	80	80	1.0000000
NODE_64729_length_426_cov_16.850153	129	209	0	80	80	1.0000000
NODE_64731_length_426_cov_9.033639	152	232	0	80	80	1.0000000
NODE_64731_length_426_cov_9.033639	205	285	0	80	80	1.0000000
NODE_64734_length_426_cov_8.314985	133	213	0	80	80	1.0000000
NODE_64734_length_426_cov_8.314985	186	266	0	80	80	1.0000000
NODE_64735_length_426_cov_8.278287	132	212	0	26	80	0.3250000
NODE_64735_length_426_cov_8.278287	132	212	2	54	80	0.6750000
NODE_64735_length_426_cov_8.278287	185	265	2	43	80	0.5375000
NODE_64735_length_426_cov_8.278287	185	265	4	37	80	0.4625000
NODE_64752_length_426_cov_4.926606	116	196	0	80	80	1.0000000
NODE_64754_length_426_cov_4.743119	119	199	0	16	80	0.2000000
NODE_64754_length_426_cov_4.743119	119	199	2	64	80	0.8000000
NODE_64754_length_426_cov_4.743119	172	252	0	9	80	0.1125000
NODE_64754_length_426_cov_4.743119	172	252	2	71	80	0.8875000
NODE_64833_length_426_cov_2.278287	92	132	0	40	40	1.0000000
NODE_64833_length_426_cov_2.278287	139	205	0	66	66	1.0000000
NODE_64865_length_426_cov_1.896024	80	154	0	74	74	1.0000000
NODE_64948_length_426_cov_1.397554	240	290	0	50	50	1.0000000
NODE_65135_length_426_cov_0.602446	127	158	0	31	31	1.0000000
NODE_65152_length_425_cov_63.938650	0	61	0	61	61	1.0000000
NODE_65152_length_425_cov_63.938650	34	114	0	80	80	1.0000000
NODE_65164_length_425_cov_4.877301	171	229	76	4	58	0.0689655
NODE_65164_length_425_cov_4.877301	171	229	78	4	58	0.0689655
NODE_65164_length_425_cov_4.877301	171	229	79	3	58	0.0517241
NODE_65164_length_425_cov_4.877301	171	229	80	13	58	0.2241379
NODE_65164_length_425_cov_4.877301	171	229	81	13	58	0.2241379
NODE_65164_length_425_cov_4.877301	171	229	83	1	58	0.0172414
NODE_65164_length_425_cov_4.877301	171	229	85	3	58	0.0517241
NODE_65164_length_425_cov_4.877301	171	229	86	17	58	0.2931035
NODE_65165_length_425_cov_4.822086	295	377	0	18	82	0.2195122
NODE_65165_length_425_cov_4.822086	295	377	1	2	82	0.0243902
NODE_65165_length_425_cov_4.822086	295	377	2	9	82	0.1097561
NODE_65165_length_425_cov_4.822086	295	377	3	25	82	0.3048781
NODE_65165_length_425_cov_4.822086	295	377	5	11	82	0.1341463
NODE_65165_length_425_cov_4.822086	295	377	7	11	82	0.1341463
NODE_65165_length_425_cov_4.822086	295	377	8	6	82	0.0731707
NODE_65218_length_425_cov_2.809816	38	118	0	80	80	1.0000000
NODE_65278_length_425_cov_1.935583	93	138	0	1	45	0.0222222
NODE_65278_length_425_cov_1.935583	93	138	2	16	45	0.3555556
NODE_65278_length_425_cov_1.935583	93	138	4	28	45	0.6222222
NODE_65278_length_425_cov_1.935583	170	225	0	55	55	1.0000000
NODE_65278_length_425_cov_1.935583	312	355	4	43	43	1.0000000
NODE_65565_length_425_cov_0.628834	104	131	0	27	27	1.0000000
NODE_65602_length_424_cov_5.295385	224	270	4	46	46	1.0000000
NODE_65634_length_424_cov_3.255385	266	329	0	63	63	1.0000000
NODE_65669_length_424_cov_2.578462	403	422	0	19	19	1.0000000
NODE_65670_length_424_cov_2.578462	122	144	0	22	22	1.0000000
NODE_66111_length_423_cov_2.728395	150	229	0	27	79	0.3417721
NODE_66111_length_423_cov_2.728395	150	229	4	24	79	0.3037975
NODE_66111_length_423_cov_2.728395	150	229	6	28	79	0.3544304
NODE_66181_length_423_cov_1.879630	94	142	0	48	48	1.0000000
NODE_66222_length_423_cov_1.580247	128	208	0	80	80	1.0000000
NODE_66258_length_423_cov_1.410494	206	286	0	27	80	0.3375000
NODE_66258_length_423_cov_1.410494	206	286	2	53	80	0.6625000
NODE_66459_length_422_cov_12.021672	201	236	4	35	35	1.0000000
NODE_66459_length_422_cov_12.021672	247	289	4	13	42	0.3095238
NODE_66459_length_422_cov_12.021672	247	289	5	3	42	0.0714286
NODE_66459_length_422_cov_12.021672	247	289	6	26	42	0.6190476
NODE_66460_length_422_cov_10.712074	62	140	0	67	78	0.8589743
NODE_66460_length_422_cov_10.712074	62	140	2	11	78	0.1410256
NODE_66460_length_422_cov_10.712074	115	195	0	14	80	0.1750000
NODE_66460_length_422_cov_10.712074	115	195	2	66	80	0.8250000
NODE_66468_length_422_cov_6.281734	37	117	0	80	80	1.0000000
NODE_66468_length_422_cov_6.281734	90	170	0	80	80	1.0000000
NODE_66474_length_422_cov_5.266254	176	256	0	29	80	0.3625000
NODE_66474_length_422_cov_5.266254	176	256	2	51	80	0.6375000
NODE_66485_length_422_cov_4.148607	159	224	0	65	65	1.0000000
NODE_66485_length_422_cov_4.148607	197	277	0	80	80	1.0000000
NODE_66488_length_422_cov_4.003096	146	226	0	24	80	0.3000000
NODE_66488_length_422_cov_4.003096	146	226	2	7	80	0.0875000
NODE_66488_length_422_cov_4.003096	146	226	3	36	80	0.4500000
NODE_66488_length_422_cov_4.003096	146	226	4	13	80	0.1625000
NODE_66488_length_422_cov_4.003096	199	279	3	14	80	0.1750000
NODE_66488_length_422_cov_4.003096	199	279	4	32	80	0.4000000
NODE_66488_length_422_cov_4.003096	199	279	6	14	80	0.1750000
NODE_66488_length_422_cov_4.003096	199	279	8	18	80	0.2250000
NODE_66488_length_422_cov_4.003096	199	279	10	2	80	0.0250000
NODE_66512_length_422_cov_3.130031	93	173	0	80	80	1.0000000
NODE_66512_length_422_cov_3.130031	146	226	0	80	80	1.0000000
NODE_66515_length_422_cov_3.077399	291	359	12	2	68	0.0294118
NODE_66515_length_422_cov_3.077399	291	359	13	1	68	0.0147059
NODE_66515_length_422_cov_3.077399	291	359	15	2	68	0.0294118
NODE_66515_length_422_cov_3.077399	291	359	17	17	68	0.2500000
NODE_66515_length_422_cov_3.077399	291	359	19	3	68	0.0441176
NODE_66515_length_422_cov_3.077399	291	359	21	43	68	0.6323529
NODE_66550_length_422_cov_2.191950	5	24	0	19	19	1.0000000
NODE_66560_length_422_cov_2.108359	97	177	0	57	80	0.7125000
NODE_66560_length_422_cov_2.108359	97	177	1	1	80	0.0125000
NODE_66560_length_422_cov_2.108359	97	177	2	22	80	0.2750000
NODE_66560_length_422_cov_2.108359	150	189	0	4	39	0.1025641
NODE_66560_length_422_cov_2.108359	150	189	1	1	39	0.0256410
NODE_66560_length_422_cov_2.108359	150	189	2	34	39	0.8717949
NODE_66560_length_422_cov_2.108359	249	289	8	5	40	0.1250000
NODE_66560_length_422_cov_2.108359	249	289	10	35	40	0.8750000
NODE_66806_length_422_cov_0.845201	2	76	0	74	74	1.0000000
NODE_66869_length_421_cov_10.664596	178	256	0	78	78	1.0000000
NODE_66869_length_421_cov_10.664596	229	309	0	80	80	1.0000000
NODE_66874_length_421_cov_7.552795	325	407	0	82	82	1.0000000
NODE_66874_length_421_cov_7.552795	380	421	0	41	41	1.0000000
NODE_66875_length_421_cov_7.431677	96	118	0	22	22	1.0000000
NODE_66883_length_421_cov_5.279503	245	310	0	35	65	0.5384616
NODE_66883_length_421_cov_5.279503	245	310	2	30	65	0.4615385
NODE_66884_length_421_cov_5.158385	68	145	0	77	77	1.0000000
NODE_66897_length_421_cov_4.114907	221	287	8	53	66	0.8030303
NODE_66897_length_421_cov_4.114907	221	287	10	13	66	0.1969697
NODE_66898_length_421_cov_4.102484	202	277	0	75	75	1.0000000
NODE_66899_length_421_cov_4.040373	192	272	0	22	80	0.2750000
NODE_66899_length_421_cov_4.040373	192	272	4	58	80	0.7250000
NODE_66899_length_421_cov_4.040373	245	314	4	69	69	1.0000000
NODE_66923_length_421_cov_3.319876	0	57	0	57	57	1.0000000
NODE_66955_length_421_cov_2.708075	95	118	0	23	23	1.0000000
NODE_66955_length_421_cov_2.708075	109	189	0	80	80	1.0000000
NODE_66955_length_421_cov_2.708075	248	300	0	52	52	1.0000000
NODE_67073_length_421_cov_1.559006	240	309	2	24	69	0.3478261
NODE_67073_length_421_cov_1.559006	240	309	3	9	69	0.1304348
NODE_67073_length_421_cov_1.559006	240	309	4	36	69	0.5217391
NODE_67073_length_421_cov_1.559006	240	310	2	24	70	0.3428572
NODE_67073_length_421_cov_1.559006	240	310	3	10	70	0.1428571
NODE_67073_length_421_cov_1.559006	240	310	4	36	70	0.5142857
NODE_67077_length_421_cov_1.537267	305	383	0	78	78	1.0000000
NODE_67098_length_421_cov_1.413043	254	303	0	49	49	1.0000000
NODE_67283_length_421_cov_0.633540	132	156	0	24	24	1.0000000
NODE_67317_length_420_cov_80.766355	90	170	0	80	80	1.0000000
NODE_67317_length_420_cov_80.766355	143	223	0	80	80	1.0000000
NODE_67319_length_420_cov_51.473520	171	250	0	17	79	0.2151899
NODE_67319_length_420_cov_51.473520	171	250	2	62	79	0.7848101
NODE_67319_length_420_cov_51.473520	223	307	2	52	84	0.6190476
NODE_67319_length_420_cov_51.473520	223	307	4	29	84	0.3452381
NODE_67319_length_420_cov_51.473520	223	307	5	1	84	0.0119048
NODE_67319_length_420_cov_51.473520	223	307	6	2	84	0.0238095
NODE_67319_length_420_cov_51.473520	303	383	4	80	80	1.0000000
NODE_67319_length_420_cov_51.473520	356	420	0	36	64	0.5625000
NODE_67319_length_420_cov_51.473520	356	420	3	1	64	0.0156250
NODE_67319_length_420_cov_51.473520	356	420	4	27	64	0.4218750
NODE_67330_length_420_cov_5.071651	230	310	2	13	80	0.1625000
NODE_67330_length_420_cov_5.071651	230	310	4	5	80	0.0625000
NODE_67330_length_420_cov_5.071651	230	310	6	4	80	0.0500000
NODE_67330_length_420_cov_5.071651	230	310	8	5	80	0.0625000
NODE_67330_length_420_cov_5.071651	230	310	11	1	80	0.0125000
NODE_67330_length_420_cov_5.071651	230	310	13	7	80	0.0875000
NODE_67330_length_420_cov_5.071651	230	310	14	2	80	0.0250000
NODE_67330_length_420_cov_5.071651	230	310	16	43	80	0.5375000
NODE_67334_length_420_cov_4.775701	177	221	2	44	44	1.0000000
NODE_67345_length_420_cov_4.037383	161	240	0	79	79	1.0000000
NODE_67358_length_420_cov_3.657321	291	373	0	51	82	0.6219512
NODE_67358_length_420_cov_3.657321	291	373	2	31	82	0.3780488
NODE_67398_length_420_cov_2.542056	96	176	0	80	80	1.0000000
NODE_67398_length_420_cov_2.542056	148	202	0	54	54	1.0000000
NODE_67398_length_420_cov_2.542056	149	195	0	46	46	1.0000000
NODE_67414_length_420_cov_2.323988	89	108	0	19	19	1.0000000
NODE_67506_length_420_cov_1.641745	277	312	2	35	35	1.0000000
NODE_67547_length_420_cov_1.429907	15	68	0	20	53	0.3773585
NODE_67547_length_420_cov_1.429907	15	68	1	28	53	0.5283019
NODE_67547_length_420_cov_1.429907	15	68	3	5	53	0.0943396
NODE_67547_length_420_cov_1.429907	69	111	3	8	42	0.1904762
NODE_67547_length_420_cov_1.429907	69	111	4	34	42	0.8095238
NODE_67770_length_419_cov_491.015625	0	67	0	14	67	0.2089552
NODE_67770_length_419_cov_491.015625	0	67	6	1	67	0.0149254
NODE_67770_length_419_cov_491.015625	0	67	7	1	67	0.0149254
NODE_67770_length_419_cov_491.015625	0	67	8	10	67	0.1492537
NODE_67770_length_419_cov_491.015625	0	67	9	14	67	0.2089552
NODE_67770_length_419_cov_491.015625	0	67	11	1	67	0.0149254
NODE_67770_length_419_cov_491.015625	0	67	12	1	67	0.0149254
NODE_67770_length_419_cov_491.015625	0	67	16	3	67	0.0447761
NODE_67770_length_419_cov_491.015625	0	67	18	2	67	0.0298507
NODE_67770_length_419_cov_491.015625	0	67	20	9	67	0.1343284
NODE_67770_length_419_cov_491.015625	0	67	21	4	67	0.0597015
NODE_67770_length_419_cov_491.015625	0	67	23	3	67	0.0447761
NODE_67770_length_419_cov_491.015625	0	67	27	1	67	0.0149254
NODE_67770_length_419_cov_491.015625	0	67	31	1	67	0.0149254
NODE_67770_length_419_cov_491.015625	0	67	32	1	67	0.0149254
NODE_67770_length_419_cov_491.015625	0	67	33	1	67	0.0149254
NODE_67770_length_419_cov_491.015625	0	67	0	14	67	0.2089552
NODE_67770_length_419_cov_491.015625	0	67	6	1	67	0.0149254
NODE_67770_length_419_cov_491.015625	0	67	7	1	67	0.0149254
NODE_67770_length_419_cov_491.015625	0	67	8	10	67	0.1492537
NODE_67770_length_419_cov_491.015625	0	67	9	14	67	0.2089552
NODE_67770_length_419_cov_491.015625	0	67	11	1	67	0.0149254
NODE_67770_length_419_cov_491.015625	0	67	12	1	67	0.0149254
NODE_67770_length_419_cov_491.015625	0	67	16	3	67	0.0447761
NODE_67770_length_419_cov_491.015625	0	67	18	2	67	0.0298507
NODE_67770_length_419_cov_491.015625	0	67	20	9	67	0.1343284
NODE_67770_length_419_cov_491.015625	0	67	21	4	67	0.0597015
NODE_67770_length_419_cov_491.015625	0	67	23	3	67	0.0447761
NODE_67770_length_419_cov_491.015625	0	67	27	1	67	0.0149254
NODE_67770_length_419_cov_491.015625	0	67	31	1	67	0.0149254
NODE_67770_length_419_cov_491.015625	0	67	32	1	67	0.0149254
NODE_67770_length_419_cov_491.015625	0	67	33	1	67	0.0149254
NODE_67770_length_419_cov_491.015625	0	67	0	14	67	0.2089552
NODE_67770_length_419_cov_491.015625	0	67	6	1	67	0.0149254
NODE_67770_length_419_cov_491.015625	0	67	7	1	67	0.0149254
NODE_67770_length_419_cov_491.015625	0	67	8	10	67	0.1492537
NODE_67770_length_419_cov_491.015625	0	67	9	14	67	0.2089552
NODE_67770_length_419_cov_491.015625	0	67	11	1	67	0.0149254
NODE_67770_length_419_cov_491.015625	0	67	12	1	67	0.0149254
NODE_67770_length_419_cov_491.015625	0	67	16	3	67	0.0447761
NODE_67770_length_419_cov_491.015625	0	67	18	2	67	0.0298507
NODE_67770_length_419_cov_491.015625	0	67	20	9	67	0.1343284
NODE_67770_length_419_cov_491.015625	0	67	21	4	67	0.0597015
NODE_67770_length_419_cov_491.015625	0	67	23	3	67	0.0447761
NODE_67770_length_419_cov_491.015625	0	67	27	1	67	0.0149254
NODE_67770_length_419_cov_491.015625	0	67	31	1	67	0.0149254
NODE_67770_length_419_cov_491.015625	0	67	32	1	67	0.0149254
NODE_67770_length_419_cov_491.015625	0	67	33	1	67	0.0149254
NODE_67770_length_419_cov_491.015625	0	67	0	14	67	0.2089552
NODE_67770_length_419_cov_491.015625	0	67	6	1	67	0.0149254
NODE_67770_length_419_cov_491.015625	0	67	7	1	67	0.0149254
NODE_67770_length_419_cov_491.015625	0	67	8	10	67	0.1492537
NODE_67770_length_419_cov_491.015625	0	67	9	14	67	0.2089552
NODE_67770_length_419_cov_491.015625	0	67	11	1	67	0.0149254
NODE_67770_length_419_cov_491.015625	0	67	12	1	67	0.0149254
NODE_67770_length_419_cov_491.015625	0	67	16	3	67	0.0447761
NODE_67770_length_419_cov_491.015625	0	67	18	2	67	0.0298507
NODE_67770_length_419_cov_491.015625	0	67	20	9	67	0.1343284
NODE_67770_length_419_cov_491.015625	0	67	21	4	67	0.0597015
NODE_67770_length_419_cov_491.015625	0	67	23	3	67	0.0447761
NODE_67770_length_419_cov_491.015625	0	67	27	1	67	0.0149254
NODE_67770_length_419_cov_491.015625	0	67	31	1	67	0.0149254
NODE_67770_length_419_cov_491.015625	0	67	32	1	67	0.0149254
NODE_67770_length_419_cov_491.015625	0	67	33	1	67	0.0149254
NODE_67770_length_419_cov_491.015625	63	143	27	1	80	0.0125000
NODE_67770_length_419_cov_491.015625	63	143	31	1	80	0.0125000
NODE_67770_length_419_cov_491.015625	63	143	32	1	80	0.0125000
NODE_67770_length_419_cov_491.015625	63	143	33	1	80	0.0125000
NODE_67770_length_419_cov_491.015625	63	143	34	2	80	0.0250000
NODE_67770_length_419_cov_491.015625	63	143	42	26	80	0.3250000
NODE_67770_length_419_cov_491.015625	63	143	44	7	80	0.0875000
NODE_67770_length_419_cov_491.015625	63	143	46	1	80	0.0125000
NODE_67770_length_419_cov_491.015625	63	143	50	3	80	0.0375000
NODE_67770_length_419_cov_491.015625	63	143	54	3	80	0.0375000
NODE_67770_length_419_cov_491.015625	63	143	56	11	80	0.1375000
NODE_67770_length_419_cov_491.015625	63	143	58	5	80	0.0625000
NODE_67770_length_419_cov_491.015625	63	143	62	1	80	0.0125000
NODE_67770_length_419_cov_491.015625	63	143	64	8	80	0.1000000
NODE_67770_length_419_cov_491.015625	63	143	65	1	80	0.0125000
NODE_67770_length_419_cov_491.015625	63	143	66	8	80	0.1000000
NODE_67770_length_419_cov_491.015625	63	143	27	1	80	0.0125000
NODE_67770_length_419_cov_491.015625	63	143	31	1	80	0.0125000
NODE_67770_length_419_cov_491.015625	63	143	32	1	80	0.0125000
NODE_67770_length_419_cov_491.015625	63	143	33	1	80	0.0125000
NODE_67770_length_419_cov_491.015625	63	143	34	2	80	0.0250000
NODE_67770_length_419_cov_491.015625	63	143	42	26	80	0.3250000
NODE_67770_length_419_cov_491.015625	63	143	44	7	80	0.0875000
NODE_67770_length_419_cov_491.015625	63	143	46	1	80	0.0125000
NODE_67770_length_419_cov_491.015625	63	143	50	3	80	0.0375000
NODE_67770_length_419_cov_491.015625	63	143	54	3	80	0.0375000
NODE_67770_length_419_cov_491.015625	63	143	56	11	80	0.1375000
NODE_67770_length_419_cov_491.015625	63	143	58	5	80	0.0625000
NODE_67770_length_419_cov_491.015625	63	143	62	1	80	0.0125000
NODE_67770_length_419_cov_491.015625	63	143	64	8	80	0.1000000
NODE_67770_length_419_cov_491.015625	63	143	65	1	80	0.0125000
NODE_67770_length_419_cov_491.015625	63	143	66	8	80	0.1000000
NODE_67770_length_419_cov_491.015625	63	143	27	1	80	0.0125000
NODE_67770_length_419_cov_491.015625	63	143	31	1	80	0.0125000
NODE_67770_length_419_cov_491.015625	63	143	32	1	80	0.0125000
NODE_67770_length_419_cov_491.015625	63	143	33	1	80	0.0125000
NODE_67770_length_419_cov_491.015625	63	143	34	2	80	0.0250000
NODE_67770_length_419_cov_491.015625	63	143	42	26	80	0.3250000
NODE_67770_length_419_cov_491.015625	63	143	44	7	80	0.0875000
NODE_67770_length_419_cov_491.015625	63	143	46	1	80	0.0125000
NODE_67770_length_419_cov_491.015625	63	143	50	3	80	0.0375000
NODE_67770_length_419_cov_491.015625	63	143	54	3	80	0.0375000
NODE_67770_length_419_cov_491.015625	63	143	56	11	80	0.1375000
NODE_67770_length_419_cov_491.015625	63	143	58	5	80	0.0625000
NODE_67770_length_419_cov_491.015625	63	143	62	1	80	0.0125000
NODE_67770_length_419_cov_491.015625	63	143	64	8	80	0.1000000
NODE_67770_length_419_cov_491.015625	63	143	65	1	80	0.0125000
NODE_67770_length_419_cov_491.015625	63	143	66	8	80	0.1000000
NODE_67770_length_419_cov_491.015625	116	196	47	5	80	0.0625000
NODE_67770_length_419_cov_491.015625	116	196	48	15	80	0.1875000
NODE_67770_length_419_cov_491.015625	116	196	51	2	80	0.0250000
NODE_67770_length_419_cov_491.015625	116	196	53	8	80	0.1000000
NODE_67770_length_419_cov_491.015625	116	196	56	4	80	0.0500000
NODE_67770_length_419_cov_491.015625	116	196	57	1	80	0.0125000
NODE_67770_length_419_cov_491.015625	116	196	58	5	80	0.0625000
NODE_67770_length_419_cov_491.015625	116	196	59	22	80	0.2750000
NODE_67770_length_419_cov_491.015625	116	196	62	1	80	0.0125000
NODE_67770_length_419_cov_491.015625	116	196	64	8	80	0.1000000
NODE_67770_length_419_cov_491.015625	116	196	65	1	80	0.0125000
NODE_67770_length_419_cov_491.015625	116	196	66	8	80	0.1000000
NODE_67770_length_419_cov_491.015625	116	196	47	5	80	0.0625000
NODE_67770_length_419_cov_491.015625	116	196	48	15	80	0.1875000
NODE_67770_length_419_cov_491.015625	116	196	51	2	80	0.0250000
NODE_67770_length_419_cov_491.015625	116	196	53	8	80	0.1000000
NODE_67770_length_419_cov_491.015625	116	196	56	4	80	0.0500000
NODE_67770_length_419_cov_491.015625	116	196	57	1	80	0.0125000
NODE_67770_length_419_cov_491.015625	116	196	58	5	80	0.0625000
NODE_67770_length_419_cov_491.015625	116	196	59	22	80	0.2750000
NODE_67770_length_419_cov_491.015625	116	196	62	1	80	0.0125000
NODE_67770_length_419_cov_491.015625	116	196	64	8	80	0.1000000
NODE_67770_length_419_cov_491.015625	116	196	65	1	80	0.0125000
NODE_67770_length_419_cov_491.015625	116	196	66	8	80	0.1000000
NODE_67770_length_419_cov_491.015625	116	196	47	5	80	0.0625000
NODE_67770_length_419_cov_491.015625	116	196	48	15	80	0.1875000
NODE_67770_length_419_cov_491.015625	116	196	51	2	80	0.0250000
NODE_67770_length_419_cov_491.015625	116	196	53	8	80	0.1000000
NODE_67770_length_419_cov_491.015625	116	196	56	4	80	0.0500000
NODE_67770_length_419_cov_491.015625	116	196	57	1	80	0.0125000
NODE_67770_length_419_cov_491.015625	116	196	58	5	80	0.0625000
NODE_67770_length_419_cov_491.015625	116	196	59	22	80	0.2750000
NODE_67770_length_419_cov_491.015625	116	196	62	1	80	0.0125000
NODE_67770_length_419_cov_491.015625	116	196	64	8	80	0.1000000
NODE_67770_length_419_cov_491.015625	116	196	65	1	80	0.0125000
NODE_67770_length_419_cov_491.015625	116	196	66	8	80	0.1000000
NODE_67770_length_419_cov_491.015625	116	196	47	5	80	0.0625000
NODE_67770_length_419_cov_491.015625	116	196	48	15	80	0.1875000
NODE_67770_length_419_cov_491.015625	116	196	51	2	80	0.0250000
NODE_67770_length_419_cov_491.015625	116	196	53	8	80	0.1000000
NODE_67770_length_419_cov_491.015625	116	196	56	4	80	0.0500000
NODE_67770_length_419_cov_491.015625	116	196	57	1	80	0.0125000
NODE_67770_length_419_cov_491.015625	116	196	58	5	80	0.0625000
NODE_67770_length_419_cov_491.015625	116	196	59	22	80	0.2750000
NODE_67770_length_419_cov_491.015625	116	196	62	1	80	0.0125000
NODE_67770_length_419_cov_491.015625	116	196	64	8	80	0.1000000
NODE_67770_length_419_cov_491.015625	116	196	65	1	80	0.0125000
NODE_67770_length_419_cov_491.015625	116	196	66	8	80	0.1000000
NODE_67770_length_419_cov_491.015625	116	196	47	5	80	0.0625000
NODE_67770_length_419_cov_491.015625	116	196	48	15	80	0.1875000
NODE_67770_length_419_cov_491.015625	116	196	51	2	80	0.0250000
NODE_67770_length_419_cov_491.015625	116	196	53	8	80	0.1000000
NODE_67770_length_419_cov_491.015625	116	196	56	4	80	0.0500000
NODE_67770_length_419_cov_491.015625	116	196	57	1	80	0.0125000
NODE_67770_length_419_cov_491.015625	116	196	58	5	80	0.0625000
NODE_67770_length_419_cov_491.015625	116	196	59	22	80	0.2750000
NODE_67770_length_419_cov_491.015625	116	196	62	1	80	0.0125000
NODE_67770_length_419_cov_491.015625	116	196	64	8	80	0.1000000
NODE_67770_length_419_cov_491.015625	116	196	65	1	80	0.0125000
NODE_67770_length_419_cov_491.015625	116	196	66	8	80	0.1000000
NODE_67772_length_419_cov_31.725000	12	92	0	80	80	1.0000000
NODE_67772_length_419_cov_31.725000	65	145	0	80	80	1.0000000
NODE_67789_length_419_cov_4.862500	47	103	2	1	56	0.0178571
NODE_67789_length_419_cov_4.862500	47	103	6	55	56	0.9821429
NODE_67789_length_419_cov_4.862500	258	327	2	22	69	0.3188406
NODE_67789_length_419_cov_4.862500	258	327	4	10	69	0.1449275
NODE_67789_length_419_cov_4.862500	258	327	6	3	69	0.0434783
NODE_67789_length_419_cov_4.862500	258	327	8	34	69	0.4927536
NODE_67789_length_419_cov_4.862500	284	328	4	6	44	0.1363636
NODE_67789_length_419_cov_4.862500	284	328	6	4	44	0.0909091
NODE_67789_length_419_cov_4.862500	284	328	8	34	44	0.7727273
NODE_67803_length_419_cov_4.193750	215	262	7	5	47	0.1063830
NODE_67803_length_419_cov_4.193750	215	262	9	1	47	0.0212766
NODE_67803_length_419_cov_4.193750	215	262	10	6	47	0.1276596
NODE_67803_length_419_cov_4.193750	215	262	11	35	47	0.7446808
NODE_67803_length_419_cov_4.193750	235	275	11	40	40	1.0000000
NODE_67817_length_419_cov_3.696875	165	215	0	50	50	1.0000000
NODE_67854_length_419_cov_2.628125	234	314	0	80	80	1.0000000
NODE_67856_length_419_cov_2.603125	154	196	0	42	42	1.0000000
NODE_67878_length_419_cov_2.350000	156	220	2	37	64	0.5781250
NODE_67878_length_419_cov_2.350000	156	220	3	16	64	0.2500000
NODE_67878_length_419_cov_2.350000	156	220	4	11	64	0.1718750
NODE_67961_length_419_cov_1.593750	339	358	2	19	19	1.0000000
NODE_68250_length_418_cov_63.059561	105	186	6	14	81	0.1728395
NODE_68250_length_418_cov_63.059561	105	186	12	67	81	0.8271605
NODE_68250_length_418_cov_63.059561	159	239	12	80	80	1.0000000
NODE_68251_length_418_cov_49.796238	325	405	14	2	80	0.0250000
NODE_68251_length_418_cov_49.796238	325	405	15	1	80	0.0125000
NODE_68251_length_418_cov_49.796238	325	405	17	4	80	0.0500000
NODE_68251_length_418_cov_49.796238	325	405	19	1	80	0.0125000
NODE_68251_length_418_cov_49.796238	325	405	25	4	80	0.0500000
NODE_68251_length_418_cov_49.796238	325	405	26	3	80	0.0375000
NODE_68251_length_418_cov_49.796238	325	405	29	1	80	0.0125000
NODE_68251_length_418_cov_49.796238	325	405	30	5	80	0.0625000
NODE_68251_length_418_cov_49.796238	325	405	33	1	80	0.0125000
NODE_68251_length_418_cov_49.796238	325	405	35	2	80	0.0250000
NODE_68251_length_418_cov_49.796238	325	405	36	3	80	0.0375000
NODE_68251_length_418_cov_49.796238	325	405	39	1	80	0.0125000
NODE_68251_length_418_cov_49.796238	325	405	41	3	80	0.0375000
NODE_68251_length_418_cov_49.796238	325	405	45	1	80	0.0125000
NODE_68251_length_418_cov_49.796238	325	405	47	5	80	0.0625000
NODE_68251_length_418_cov_49.796238	325	405	49	1	80	0.0125000
NODE_68251_length_418_cov_49.796238	325	405	50	2	80	0.0250000
NODE_68251_length_418_cov_49.796238	325	405	51	11	80	0.1375000
NODE_68251_length_418_cov_49.796238	325	405	53	4	80	0.0500000
NODE_68251_length_418_cov_49.796238	325	405	54	25	80	0.3125000
NODE_68251_length_418_cov_49.796238	378	415	7	7	37	0.1891892
NODE_68251_length_418_cov_49.796238	378	415	8	1	37	0.0270270
NODE_68251_length_418_cov_49.796238	378	415	13	2	37	0.0540541
NODE_68251_length_418_cov_49.796238	378	415	14	2	37	0.0540541
NODE_68251_length_418_cov_49.796238	378	415	15	1	37	0.0270270
NODE_68251_length_418_cov_49.796238	378	415	17	4	37	0.1081081
NODE_68251_length_418_cov_49.796238	378	415	19	1	37	0.0270270
NODE_68251_length_418_cov_49.796238	378	415	25	4	37	0.1081081
NODE_68251_length_418_cov_49.796238	378	415	26	3	37	0.0810811
NODE_68251_length_418_cov_49.796238	378	415	29	1	37	0.0270270
NODE_68251_length_418_cov_49.796238	378	415	30	5	37	0.1351351
NODE_68251_length_418_cov_49.796238	378	415	33	1	37	0.0270270
NODE_68251_length_418_cov_49.796238	378	415	35	2	37	0.0540541
NODE_68251_length_418_cov_49.796238	378	415	36	3	37	0.0810811
NODE_68252_length_418_cov_42.764890	119	196	2	30	77	0.3896104
NODE_68252_length_418_cov_42.764890	119	196	4	47	77	0.6103896
NODE_68252_length_418_cov_42.764890	172	250	4	78	78	1.0000000
NODE_68253_length_418_cov_23.830721	73	153	0	31	80	0.3875000
NODE_68253_length_418_cov_23.830721	73	153	2	49	80	0.6125000
NODE_68253_length_418_cov_23.830721	126	200	2	74	74	1.0000000
NODE_68255_length_418_cov_7.216301	211	291	10	2	80	0.0250000
NODE_68255_length_418_cov_7.216301	211	291	12	25	80	0.3125000
NODE_68255_length_418_cov_7.216301	211	291	14	2	80	0.0250000
NODE_68255_length_418_cov_7.216301	211	291	15	1	80	0.0125000
NODE_68255_length_418_cov_7.216301	211	291	17	2	80	0.0250000
NODE_68255_length_418_cov_7.216301	211	291	18	6	80	0.0750000
NODE_68255_length_418_cov_7.216301	211	291	20	5	80	0.0625000
NODE_68255_length_418_cov_7.216301	211	291	22	11	80	0.1375000
NODE_68255_length_418_cov_7.216301	211	291	26	26	80	0.3250000
NODE_68265_length_418_cov_5.382445	134	215	0	81	81	1.0000000
NODE_68265_length_418_cov_5.382445	187	268	0	81	81	1.0000000
NODE_68275_length_418_cov_4.463950	191	272	0	38	81	0.4691358
NODE_68275_length_418_cov_4.463950	191	272	2	43	81	0.5308642
NODE_68280_length_418_cov_4.216301	148	230	0	40	82	0.4878049
NODE_68280_length_418_cov_4.216301	148	230	1	35	82	0.4268293
NODE_68280_length_418_cov_4.216301	148	230	4	7	82	0.0853659
NODE_68281_length_418_cov_4.065831	211	280	2	5	69	0.0724638
NODE_68281_length_418_cov_4.065831	211	280	4	38	69	0.5507246
NODE_68281_length_418_cov_4.065831	211	280	6	26	69	0.3768116
NODE_68284_length_418_cov_3.909091	95	175	1	8	80	0.1000000
NODE_68284_length_418_cov_3.909091	95	175	2	20	80	0.2500000
NODE_68284_length_418_cov_3.909091	95	175	6	41	80	0.5125000
NODE_68284_length_418_cov_3.909091	95	175	12	11	80	0.1375000
NODE_68284_length_418_cov_3.909091	148	224	1	17	76	0.2236842
NODE_68284_length_418_cov_3.909091	148	224	2	35	76	0.4605263
NODE_68284_length_418_cov_3.909091	148	224	3	24	76	0.3157895
NODE_68288_length_418_cov_3.749216	181	247	0	66	66	1.0000000
NODE_68289_length_418_cov_3.711599	249	313	0	4	64	0.0625000
NODE_68289_length_418_cov_3.711599	249	313	2	60	64	0.9375000
NODE_68307_length_418_cov_3.012539	101	181	0	80	80	1.0000000
NODE_68354_length_418_cov_2.376176	95	115	0	20	20	1.0000000
NODE_68436_length_418_cov_1.623824	47	128	0	81	81	1.0000000
NODE_68436_length_418_cov_1.623824	239	268	14	29	29	1.0000000
NODE_68682_length_418_cov_0.626959	255	299	0	44	44	1.0000000
NODE_68708_length_417_cov_45.267296	212	292	0	80	80	1.0000000
NODE_68708_length_417_cov_45.267296	265	345	0	80	80	1.0000000
NODE_68708_length_417_cov_45.267296	341	417	0	76	76	1.0000000
NODE_68709_length_417_cov_36.006289	159	239	0	6	80	0.0750000
NODE_68709_length_417_cov_36.006289	159	239	4	74	80	0.9250000
NODE_68711_length_417_cov_12.886792	193	273	0	18	80	0.2250000
NODE_68711_length_417_cov_12.886792	193	273	2	62	80	0.7750000
NODE_68711_length_417_cov_12.886792	246	326	0	71	80	0.8875000
NODE_68711_length_417_cov_12.886792	246	326	2	9	80	0.1125000
NODE_68717_length_417_cov_7.056604	210	271	4	61	61	1.0000000
NODE_68717_length_417_cov_7.056604	263	315	0	28	52	0.5384616
NODE_68717_length_417_cov_7.056604	263	315	4	24	52	0.4615385
NODE_68718_length_417_cov_6.669811	194	264	4	10	70	0.1428571
NODE_68718_length_417_cov_6.669811	194	264	6	11	70	0.1571429
NODE_68718_length_417_cov_6.669811	194	264	7	1	70	0.0142857
NODE_68718_length_417_cov_6.669811	194	264	8	48	70	0.6857143
NODE_68779_length_417_cov_2.795597	20	91	2	71	71	1.0000000
NODE_69163_length_416_cov_115.782334	174	259	10	3	85	0.0352941
NODE_69163_length_416_cov_115.782334	174	259	14	1	85	0.0117647
NODE_69163_length_416_cov_115.782334	174	259	16	27	85	0.3176471
NODE_69163_length_416_cov_115.782334	174	259	18	32	85	0.3764706
NODE_69163_length_416_cov_115.782334	174	259	20	22	85	0.2588235
NODE_69164_length_416_cov_70.678233	180	244	12	17	64	0.2656250
NODE_69164_length_416_cov_70.678233	180	244	13	20	64	0.3125000
NODE_69164_length_416_cov_70.678233	180	244	14	1	64	0.0156250
NODE_69164_length_416_cov_70.678233	180	244	16	3	64	0.0468750
NODE_69164_length_416_cov_70.678233	180	244	17	6	64	0.0937500
NODE_69164_length_416_cov_70.678233	180	244	19	8	64	0.1250000
NODE_69164_length_416_cov_70.678233	180	244	23	2	64	0.0312500
NODE_69164_length_416_cov_70.678233	180	244	27	7	64	0.1093750
NODE_69166_length_416_cov_39.933754	288	368	0	80	80	1.0000000
NODE_69166_length_416_cov_39.933754	341	416	0	75	75	1.0000000
NODE_69167_length_416_cov_37.334385	158	238	0	40	80	0.5000000
NODE_69167_length_416_cov_37.334385	158	238	2	40	80	0.5000000
NODE_69167_length_416_cov_37.334385	211	291	2	80	80	1.0000000
NODE_69167_length_416_cov_37.334385	287	367	0	71	80	0.8875000
NODE_69167_length_416_cov_37.334385	287	367	2	9	80	0.1125000
NODE_69167_length_416_cov_37.334385	340	416	0	76	76	1.0000000
NODE_69179_length_416_cov_5.242902	89	169	0	80	80	1.0000000
NODE_69179_length_416_cov_5.242902	142	222	0	80	80	1.0000000
NODE_69184_length_416_cov_4.892744	79	145	2	9	66	0.1363636
NODE_69184_length_416_cov_4.892744	79	145	3	39	66	0.5909091
NODE_69184_length_416_cov_4.892744	79	145	5	15	66	0.2272727
NODE_69184_length_416_cov_4.892744	79	145	6	3	66	0.0454545
NODE_69184_length_416_cov_4.892744	194	272	1	21	78	0.2692308
NODE_69184_length_416_cov_4.892744	194	272	3	13	78	0.1666667
NODE_69184_length_416_cov_4.892744	194	272	4	44	78	0.5641026
NODE_69184_length_416_cov_4.892744	247	272	1	21	25	0.8400000
NODE_69184_length_416_cov_4.892744	247	272	3	4	25	0.1600000
NODE_69204_length_416_cov_3.886435	79	136	2	11	57	0.1929825
NODE_69204_length_416_cov_3.886435	79	136	4	46	57	0.8070176
NODE_69279_length_416_cov_2.230284	10	90	2	54	80	0.6750000
NODE_69279_length_416_cov_2.230284	10	90	6	26	80	0.3250000
NODE_69399_length_416_cov_1.520505	198	244	1	9	46	0.1956522
NODE_69399_length_416_cov_1.520505	198	244	5	10	46	0.2173913
NODE_69399_length_416_cov_1.520505	198	244	7	2	46	0.0434783
NODE_69399_length_416_cov_1.520505	198	244	9	3	46	0.0652174
NODE_69399_length_416_cov_1.520505	198	244	13	9	46	0.1956522
NODE_69399_length_416_cov_1.520505	198	244	14	13	46	0.2826087
NODE_69399_length_416_cov_1.520505	261	328	14	15	67	0.2238806
NODE_69399_length_416_cov_1.520505	261	328	16	52	67	0.7761194
NODE_69673_length_415_cov_35.924051	260	339	8	19	79	0.2405063
NODE_69673_length_415_cov_35.924051	260	339	13	1	79	0.0126582
NODE_69673_length_415_cov_35.924051	260	339	14	59	79	0.7468355
NODE_69673_length_415_cov_35.924051	316	392	1	9	76	0.1184211
NODE_69673_length_415_cov_35.924051	316	392	2	7	76	0.0921053
NODE_69673_length_415_cov_35.924051	316	392	7	1	76	0.0131579
NODE_69673_length_415_cov_35.924051	316	392	8	26	76	0.3421053
NODE_69673_length_415_cov_35.924051	316	392	14	33	76	0.4342105
NODE_69679_length_415_cov_6.376582	117	197	0	80	80	1.0000000
NODE_69679_length_415_cov_6.376582	254	334	4	80	80	1.0000000
NODE_69774_length_415_cov_2.224684	144	224	2	80	80	1.0000000
NODE_69795_length_415_cov_2.069620	207	273	0	13	66	0.1969697
NODE_69795_length_415_cov_2.069620	207	273	2	53	66	0.8030303
NODE_69817_length_415_cov_1.832278	225	283	2	45	58	0.7758621
NODE_69817_length_415_cov_1.832278	225	283	5	13	58	0.2241379
NODE_69845_length_415_cov_1.610759	90	170	36	1	80	0.0125000
NODE_69845_length_415_cov_1.610759	90	170	38	2	80	0.0250000
NODE_69845_length_415_cov_1.610759	90	170	42	7	80	0.0875000
NODE_69845_length_415_cov_1.610759	90	170	44	1	80	0.0125000
NODE_69845_length_415_cov_1.610759	90	170	46	5	80	0.0625000
NODE_69845_length_415_cov_1.610759	90	170	48	2	80	0.0250000
NODE_69845_length_415_cov_1.610759	90	170	50	5	80	0.0625000
NODE_69845_length_415_cov_1.610759	90	170	52	2	80	0.0250000
NODE_69845_length_415_cov_1.610759	90	170	56	2	80	0.0250000
NODE_69845_length_415_cov_1.610759	90	170	58	14	80	0.1750000
NODE_69845_length_415_cov_1.610759	90	170	60	39	80	0.4875000
NODE_69845_length_415_cov_1.610759	335	376	0	41	41	1.0000000
NODE_70175_length_414_cov_46.263492	0	49	0	49	49	1.0000000
NODE_70175_length_414_cov_46.263492	22	102	0	80	80	1.0000000
NODE_70183_length_414_cov_7.460317	167	247	0	80	80	1.0000000
NODE_70183_length_414_cov_7.460317	220	300	0	80	80	1.0000000
NODE_70192_length_414_cov_5.676190	54	134	0	80	80	1.0000000
NODE_70192_length_414_cov_5.676190	107	187	0	80	80	1.0000000
NODE_70222_length_414_cov_4.130159	257	303	6	46	46	1.0000000
NODE_70222_length_414_cov_4.130159	276	356	2	18	80	0.2250000
NODE_70222_length_414_cov_4.130159	276	356	4	3	80	0.0375000
NODE_70222_length_414_cov_4.130159	276	356	6	59	80	0.7375000
NODE_70254_length_414_cov_2.996825	75	135	19	3	60	0.0500000
NODE_70254_length_414_cov_2.996825	75	135	20	15	60	0.2500000
NODE_70254_length_414_cov_2.996825	75	135	21	42	60	0.7000000
NODE_70271_length_414_cov_2.631746	68	145	0	77	77	1.0000000
NODE_70284_length_414_cov_2.473016	164	197	0	33	33	1.0000000
NODE_70284_length_414_cov_2.473016	170	255	0	85	85	1.0000000
NODE_70305_length_414_cov_2.222222	185	260	3	3	75	0.0400000
NODE_70305_length_414_cov_2.222222	185	260	4	13	75	0.1733333
NODE_70305_length_414_cov_2.222222	185	260	6	59	75	0.7866667
NODE_70305_length_414_cov_2.222222	233	304	4	18	71	0.2535211
NODE_70305_length_414_cov_2.222222	233	304	6	53	71	0.7464789
NODE_70307_length_414_cov_2.206349	88	163	2	3	75	0.0400000
NODE_70307_length_414_cov_2.206349	88	163	4	3	75	0.0400000
NODE_70307_length_414_cov_2.206349	88	163	6	69	75	0.9200000
NODE_70326_length_414_cov_2.047619	298	349	1	7	51	0.1372549
NODE_70326_length_414_cov_2.047619	298	349	2	44	51	0.8627451
NODE_70486_length_414_cov_1.177778	106	190	1	13	84	0.1547619
NODE_70486_length_414_cov_1.177778	106	190	3	71	84	0.8452381
NODE_70494_length_414_cov_1.155556	0	23	0	23	23	1.0000000
NODE_70690_length_413_cov_41.471338	35	115	0	80	80	1.0000000
NODE_70690_length_413_cov_41.471338	35	115	0	80	80	1.0000000
NODE_70690_length_413_cov_41.471338	88	168	0	80	80	1.0000000
NODE_70690_length_413_cov_41.471338	88	168	0	80	80	1.0000000
NODE_70691_length_413_cov_16.687898	222	302	0	7	80	0.0875000
NODE_70691_length_413_cov_16.687898	222	302	2	73	80	0.9125000
NODE_70691_length_413_cov_16.687898	275	355	0	60	80	0.7500000
NODE_70691_length_413_cov_16.687898	275	355	2	20	80	0.2500000
NODE_70699_length_413_cov_7.057325	170	250	4	51	80	0.6375000
NODE_70699_length_413_cov_7.057325	170	250	6	29	80	0.3625000
NODE_70699_length_413_cov_7.057325	223	300	2	1	77	0.0129870
NODE_70699_length_413_cov_7.057325	223	300	4	45	77	0.5844156
NODE_70699_length_413_cov_7.057325	223	300	6	31	77	0.4025974
NODE_70703_length_413_cov_5.665605	125	182	9	1	57	0.0175439
NODE_70703_length_413_cov_5.665605	125	182	10	1	57	0.0175439
NODE_70703_length_413_cov_5.665605	125	182	11	1	57	0.0175439
NODE_70703_length_413_cov_5.665605	125	182	12	31	57	0.5438597
NODE_70703_length_413_cov_5.665605	125	182	13	15	57	0.2631579
NODE_70703_length_413_cov_5.665605	125	182	14	8	57	0.1403509
NODE_70712_length_413_cov_4.754777	140	184	0	44	44	1.0000000
NODE_70743_length_413_cov_3.506369	113	193	2	80	80	1.0000000
NODE_70749_length_413_cov_3.235669	251	331	0	80	80	1.0000000
NODE_70749_length_413_cov_3.235669	304	356	0	52	52	1.0000000
NODE_70792_length_413_cov_2.484076	209	257	0	9	48	0.1875000
NODE_70792_length_413_cov_2.484076	209	257	1	19	48	0.3958333
NODE_70792_length_413_cov_2.484076	209	257	2	20	48	0.4166667
NODE_70835_length_413_cov_1.949045	224	296	0	72	72	1.0000000
NODE_71196_length_412_cov_9.996805	172	244	0	72	72	1.0000000
NODE_71218_length_412_cov_4.686901	112	167	2	2	55	0.0363636
NODE_71218_length_412_cov_4.686901	112	167	4	53	55	0.9636363
NODE_71253_length_412_cov_3.204473	44	124	0	80	80	1.0000000
NODE_71276_length_412_cov_2.824281	225	305	0	80	80	1.0000000
NODE_71371_length_412_cov_1.782748	262	342	19	5	80	0.0625000
NODE_71371_length_412_cov_1.782748	262	342	21	11	80	0.1375000
NODE_71371_length_412_cov_1.782748	262	342	22	64	80	0.8000000
NODE_71398_length_412_cov_1.603834	143	182	2	7	39	0.1794872
NODE_71398_length_412_cov_1.603834	143	182	4	1	39	0.0256410
NODE_71398_length_412_cov_1.603834	143	182	5	5	39	0.1282051
NODE_71398_length_412_cov_1.603834	143	182	7	1	39	0.0256410
NODE_71398_length_412_cov_1.603834	143	182	9	10	39	0.2564103
NODE_71398_length_412_cov_1.603834	143	182	10	4	39	0.1025641
NODE_71398_length_412_cov_1.603834	143	182	12	11	39	0.2820513
NODE_71665_length_411_cov_44.701923	4	72	0	68	68	1.0000000
NODE_71665_length_411_cov_44.701923	35	116	0	81	81	1.0000000
NODE_71665_length_411_cov_44.701923	161	242	0	81	81	1.0000000
NODE_71665_length_411_cov_44.701923	293	374	0	81	81	1.0000000
NODE_71665_length_411_cov_44.701923	337	411	0	74	74	1.0000000
NODE_71666_length_411_cov_43.144231	102	183	0	81	81	1.0000000
NODE_71666_length_411_cov_43.144231	156	236	0	80	80	1.0000000
NODE_71666_length_411_cov_43.144231	232	312	0	80	80	1.0000000
NODE_71666_length_411_cov_43.144231	285	365	0	80	80	1.0000000
NODE_71672_length_411_cov_8.471154	133	213	0	80	80	1.0000000
NODE_71672_length_411_cov_8.471154	186	266	0	80	80	1.0000000
NODE_71673_length_411_cov_8.407051	133	220	0	87	87	1.0000000
NODE_71675_length_411_cov_6.455128	249	316	0	67	67	1.0000000
NODE_71675_length_411_cov_6.455128	292	344	0	52	52	1.0000000
NODE_71687_length_411_cov_4.782051	98	178	0	13	80	0.1625000
NODE_71687_length_411_cov_4.782051	98	178	2	67	80	0.8375000
NODE_71687_length_411_cov_4.782051	151	228	2	77	77	1.0000000
NODE_71705_length_411_cov_3.698718	282	347	0	65	65	1.0000000
NODE_71713_length_411_cov_3.378205	88	148	16	60	60	1.0000000
NODE_71714_length_411_cov_3.371795	145	225	0	80	80	1.0000000
NODE_71714_length_411_cov_3.371795	198	274	0	76	76	1.0000000
NODE_72163_length_410_cov_49.331190	320	400	14	10	80	0.1250000
NODE_72163_length_410_cov_49.331190	320	400	16	11	80	0.1375000
NODE_72163_length_410_cov_49.331190	320	400	17	24	80	0.3000000
NODE_72163_length_410_cov_49.331190	320	400	18	5	80	0.0625000
NODE_72163_length_410_cov_49.331190	320	400	19	3	80	0.0375000
NODE_72163_length_410_cov_49.331190	320	400	22	27	80	0.3375000
NODE_72163_length_410_cov_49.331190	320	400	14	10	80	0.1250000
NODE_72163_length_410_cov_49.331190	320	400	16	11	80	0.1375000
NODE_72163_length_410_cov_49.331190	320	400	17	24	80	0.3000000
NODE_72163_length_410_cov_49.331190	320	400	18	5	80	0.0625000
NODE_72163_length_410_cov_49.331190	320	400	19	3	80	0.0375000
NODE_72163_length_410_cov_49.331190	320	400	22	27	80	0.3375000
NODE_72163_length_410_cov_49.331190	320	400	14	10	80	0.1250000
NODE_72163_length_410_cov_49.331190	320	400	16	11	80	0.1375000
NODE_72163_length_410_cov_49.331190	320	400	17	24	80	0.3000000
NODE_72163_length_410_cov_49.331190	320	400	18	5	80	0.0625000
NODE_72163_length_410_cov_49.331190	320	400	19	3	80	0.0375000
NODE_72163_length_410_cov_49.331190	320	400	22	27	80	0.3375000
NODE_72163_length_410_cov_49.331190	320	400	14	10	80	0.1250000
NODE_72163_length_410_cov_49.331190	320	400	16	11	80	0.1375000
NODE_72163_length_410_cov_49.331190	320	400	17	24	80	0.3000000
NODE_72163_length_410_cov_49.331190	320	400	18	5	80	0.0625000
NODE_72163_length_410_cov_49.331190	320	400	19	3	80	0.0375000
NODE_72163_length_410_cov_49.331190	320	400	22	27	80	0.3375000
NODE_72163_length_410_cov_49.331190	320	400	14	10	80	0.1250000
NODE_72163_length_410_cov_49.331190	320	400	16	11	80	0.1375000
NODE_72163_length_410_cov_49.331190	320	400	17	24	80	0.3000000
NODE_72163_length_410_cov_49.331190	320	400	18	5	80	0.0625000
NODE_72163_length_410_cov_49.331190	320	400	19	3	80	0.0375000
NODE_72163_length_410_cov_49.331190	320	400	22	27	80	0.3375000
NODE_72163_length_410_cov_49.331190	329	400	14	10	71	0.1408451
NODE_72163_length_410_cov_49.331190	329	400	16	11	71	0.1549296
NODE_72163_length_410_cov_49.331190	329	400	17	24	71	0.3380282
NODE_72163_length_410_cov_49.331190	329	400	18	5	71	0.0704225
NODE_72163_length_410_cov_49.331190	329	400	19	3	71	0.0422535
NODE_72163_length_410_cov_49.331190	329	400	22	18	71	0.2535211
NODE_72169_length_410_cov_6.797428	179	259	0	80	80	1.0000000
NODE_72169_length_410_cov_6.797428	232	312	0	80	80	1.0000000
NODE_72184_length_410_cov_5.102894	153	222	2	1	69	0.0144928
NODE_72184_length_410_cov_5.102894	153	222	4	2	69	0.0289855
NODE_72184_length_410_cov_5.102894	153	222	8	15	69	0.2173913
NODE_72184_length_410_cov_5.102894	153	222	10	10	69	0.1449275
NODE_72184_length_410_cov_5.102894	153	222	14	41	69	0.5942029
NODE_72186_length_410_cov_4.884244	101	179	0	14	78	0.1794872
NODE_72186_length_410_cov_4.884244	101	179	2	64	78	0.8205128
NODE_72187_length_410_cov_4.787781	287	344	2	5	57	0.0877193
NODE_72187_length_410_cov_4.787781	287	344	4	52	57	0.9122807
NODE_72187_length_410_cov_4.787781	340	397	2	40	57	0.7017544
NODE_72187_length_410_cov_4.787781	340	397	4	17	57	0.2982456
NODE_72194_length_410_cov_4.591640	245	303	20	1	58	0.0172414
NODE_72194_length_410_cov_4.591640	245	303	22	1	58	0.0172414
NODE_72194_length_410_cov_4.591640	245	303	26	2	58	0.0344828
NODE_72194_length_410_cov_4.591640	245	303	28	6	58	0.1034483
NODE_72194_length_410_cov_4.591640	245	303	34	1	58	0.0172414
NODE_72194_length_410_cov_4.591640	245	303	36	9	58	0.1551724
NODE_72194_length_410_cov_4.591640	245	303	38	10	58	0.1724138
NODE_72194_length_410_cov_4.591640	245	303	40	1	58	0.0172414
NODE_72194_length_410_cov_4.591640	245	303	44	4	58	0.0689655
NODE_72194_length_410_cov_4.591640	245	303	46	22	58	0.3793103
NODE_72194_length_410_cov_4.591640	245	303	48	1	58	0.0172414
NODE_72194_length_410_cov_4.591640	298	356	28	5	58	0.0862069
NODE_72194_length_410_cov_4.591640	298	356	32	9	58	0.1551724
NODE_72194_length_410_cov_4.591640	298	356	34	9	58	0.1551724
NODE_72194_length_410_cov_4.591640	298	356	36	9	58	0.1551724
NODE_72194_length_410_cov_4.591640	298	356	37	2	58	0.0344828
NODE_72194_length_410_cov_4.591640	298	356	39	2	58	0.0344828
NODE_72194_length_410_cov_4.591640	298	356	41	9	58	0.1551724
NODE_72194_length_410_cov_4.591640	298	356	46	13	58	0.2241379
NODE_72230_length_410_cov_3.215434	32	112	2	32	80	0.4000000
NODE_72230_length_410_cov_3.215434	32	112	4	48	80	0.6000000
NODE_72230_length_410_cov_3.215434	85	165	0	2	80	0.0250000
NODE_72230_length_410_cov_3.215434	85	165	2	21	80	0.2625000
NODE_72230_length_410_cov_3.215434	85	165	4	57	80	0.7125000
NODE_72327_length_410_cov_1.913183	227	285	0	58	58	1.0000000
NODE_72526_length_410_cov_1.038585	272	316	10	44	44	1.0000000
NODE_72688_length_409_cov_11.506452	56	136	0	80	80	1.0000000
NODE_72688_length_409_cov_11.506452	109	189	0	80	80	1.0000000
NODE_72689_length_409_cov_10.329032	131	186	10	6	55	0.1090909
NODE_72689_length_409_cov_10.329032	131	186	12	2	55	0.0363636
NODE_72689_length_409_cov_10.329032	131	186	13	47	55	0.8545455
NODE_72690_length_409_cov_9.625806	62	142	0	80	80	1.0000000
NODE_72690_length_409_cov_9.625806	115	195	0	80	80	1.0000000
NODE_72697_length_409_cov_6.867742	41	71	2	30	30	1.0000000
NODE_72730_length_409_cov_3.822581	103	158	0	55	55	1.0000000
NODE_72730_length_409_cov_3.822581	151	232	0	53	81	0.6543210
NODE_72730_length_409_cov_3.822581	151	232	2	28	81	0.3456790
NODE_72754_length_409_cov_2.987097	240	287	0	47	47	1.0000000
NODE_72951_length_409_cov_1.319355	49	131	0	22	82	0.2682927
NODE_72951_length_409_cov_1.319355	49	131	2	60	82	0.7317073
NODE_72951_length_409_cov_1.319355	104	161	2	57	57	1.0000000
NODE_73196_length_408_cov_8.585761	57	137	0	80	80	1.0000000
NODE_73196_length_408_cov_8.585761	110	190	0	62	80	0.7750000
NODE_73196_length_408_cov_8.585761	110	190	2	18	80	0.2250000
NODE_73198_length_408_cov_6.948220	71	151	0	80	80	1.0000000
NODE_73198_length_408_cov_6.948220	124	204	0	80	80	1.0000000
NODE_73219_length_408_cov_3.957929	83	132	2	13	49	0.2653061
NODE_73219_length_408_cov_3.957929	83	132	6	26	49	0.5306122
NODE_73219_length_408_cov_3.957929	83	132	8	10	49	0.2040816
NODE_73226_length_408_cov_3.511327	40	97	8	57	57	1.0000000
NODE_73226_length_408_cov_3.511327	357	398	0	12	41	0.2926829
NODE_73226_length_408_cov_3.511327	357	398	4	29	41	0.7073171
NODE_73262_length_408_cov_2.724919	128	180	18	2	52	0.0384615
NODE_73262_length_408_cov_2.724919	128	180	20	6	52	0.1153846
NODE_73262_length_408_cov_2.724919	128	180	22	44	52	0.8461539
NODE_73269_length_408_cov_2.563107	164	241	0	73	77	0.9480519
NODE_73269_length_408_cov_2.563107	164	241	6	4	77	0.0519481
NODE_73271_length_408_cov_2.456311	314	379	2	65	65	1.0000000
NODE_73271_length_408_cov_2.456311	352	408	0	3	56	0.0535714
NODE_73271_length_408_cov_2.456311	352	408	2	53	56	0.9464286
NODE_73690_length_407_cov_6.191558	144	208	2	64	64	1.0000000
NODE_73698_length_407_cov_4.961039	212	291	0	79	79	1.0000000
NODE_73719_length_407_cov_3.681818	314	375	0	61	61	1.0000000
NODE_73732_length_407_cov_3.344156	199	247	0	48	48	1.0000000
NODE_73736_length_407_cov_3.250000	142	223	5	3	81	0.0370370
NODE_73736_length_407_cov_3.250000	142	223	13	2	81	0.0246914
NODE_73736_length_407_cov_3.250000	142	223	17	4	81	0.0493827
NODE_73736_length_407_cov_3.250000	142	223	22	2	81	0.0246914
NODE_73736_length_407_cov_3.250000	142	223	28	1	81	0.0123457
NODE_73736_length_407_cov_3.250000	142	223	30	7	81	0.0864198
NODE_73736_length_407_cov_3.250000	142	223	32	17	81	0.2098765
NODE_73736_length_407_cov_3.250000	142	223	34	45	81	0.5555556
NODE_73762_length_407_cov_2.594156	194	257	0	8	63	0.1269841
NODE_73762_length_407_cov_2.594156	194	257	5	42	63	0.6666667
NODE_73762_length_407_cov_2.594156	194	257	6	1	63	0.0158730
NODE_73762_length_407_cov_2.594156	194	257	10	8	63	0.1269841
NODE_73762_length_407_cov_2.594156	194	257	12	4	63	0.0634921
NODE_73769_length_407_cov_2.538961	34	114	4	16	80	0.2000000
NODE_73769_length_407_cov_2.538961	34	114	6	57	80	0.7125000
NODE_73769_length_407_cov_2.538961	34	114	8	7	80	0.0875000
NODE_73853_length_407_cov_1.737013	208	264	0	56	56	1.0000000
NODE_74200_length_406_cov_176.856678	200	271	77	2	71	0.0281690
NODE_74200_length_406_cov_176.856678	200	271	79	1	71	0.0140845
NODE_74200_length_406_cov_176.856678	200	271	80	3	71	0.0422535
NODE_74200_length_406_cov_176.856678	200	271	82	1	71	0.0140845
NODE_74200_length_406_cov_176.856678	200	271	86	8	71	0.1126761
NODE_74200_length_406_cov_176.856678	200	271	99	1	71	0.0140845
NODE_74200_length_406_cov_176.856678	200	271	100	1	71	0.0140845
NODE_74200_length_406_cov_176.856678	200	271	102	1	71	0.0140845
NODE_74200_length_406_cov_176.856678	200	271	103	3	71	0.0422535
NODE_74200_length_406_cov_176.856678	200	271	105	2	71	0.0281690
NODE_74200_length_406_cov_176.856678	200	271	109	1	71	0.0140845
NODE_74200_length_406_cov_176.856678	200	271	111	3	71	0.0422535
NODE_74200_length_406_cov_176.856678	200	271	115	1	71	0.0140845
NODE_74200_length_406_cov_176.856678	200	271	129	3	71	0.0422535
NODE_74200_length_406_cov_176.856678	200	271	131	1	71	0.0140845
NODE_74200_length_406_cov_176.856678	200	271	133	3	71	0.0422535
NODE_74200_length_406_cov_176.856678	200	271	137	2	71	0.0281690
NODE_74200_length_406_cov_176.856678	200	271	139	1	71	0.0140845
NODE_74200_length_406_cov_176.856678	200	271	143	1	71	0.0140845
NODE_74200_length_406_cov_176.856678	200	271	145	1	71	0.0140845
NODE_74200_length_406_cov_176.856678	200	271	150	1	71	0.0140845
NODE_74200_length_406_cov_176.856678	200	271	151	3	71	0.0422535
NODE_74200_length_406_cov_176.856678	200	271	152	2	71	0.0281690
NODE_74200_length_406_cov_176.856678	200	271	153	1	71	0.0140845
NODE_74200_length_406_cov_176.856678	200	271	154	4	71	0.0563380
NODE_74200_length_406_cov_176.856678	200	271	155	5	71	0.0704225
NODE_74200_length_406_cov_176.856678	200	271	156	9	71	0.1267606
NODE_74200_length_406_cov_176.856678	200	271	158	6	71	0.0845070
NODE_74200_length_406_cov_176.856678	244	321	110	1	77	0.0129870
NODE_74200_length_406_cov_176.856678	244	321	111	1	77	0.0129870
NODE_74200_length_406_cov_176.856678	244	321	113	1	77	0.0129870
NODE_74200_length_406_cov_176.856678	244	321	115	1	77	0.0129870
NODE_74200_length_406_cov_176.856678	244	321	118	1	77	0.0129870
NODE_74200_length_406_cov_176.856678	244	321	119	4	77	0.0519481
NODE_74200_length_406_cov_176.856678	244	321	124	3	77	0.0389610
NODE_74200_length_406_cov_176.856678	244	321	126	5	77	0.0649351
NODE_74200_length_406_cov_176.856678	244	321	132	1	77	0.0129870
NODE_74200_length_406_cov_176.856678	244	321	134	1	77	0.0129870
NODE_74200_length_406_cov_176.856678	244	321	135	1	77	0.0129870
NODE_74200_length_406_cov_176.856678	244	321	137	2	77	0.0259740
NODE_74200_length_406_cov_176.856678	244	321	143	2	77	0.0259740
NODE_74200_length_406_cov_176.856678	244	321	145	8	77	0.1038961
NODE_74200_length_406_cov_176.856678	244	321	147	11	77	0.1428571
NODE_74200_length_406_cov_176.856678	244	321	150	1	77	0.0129870
NODE_74200_length_406_cov_176.856678	244	321	151	2	77	0.0259740
NODE_74200_length_406_cov_176.856678	244	321	152	4	77	0.0519481
NODE_74200_length_406_cov_176.856678	244	321	153	1	77	0.0129870
NODE_74200_length_406_cov_176.856678	244	321	154	8	77	0.1038961
NODE_74200_length_406_cov_176.856678	244	321	155	5	77	0.0649351
NODE_74200_length_406_cov_176.856678	244	321	156	7	77	0.0909091
NODE_74200_length_406_cov_176.856678	244	321	158	6	77	0.0779221
NODE_74203_length_406_cov_37.723127	15	95	0	79	80	0.9875000
NODE_74203_length_406_cov_37.723127	15	95	3	1	80	0.0125000
NODE_74219_length_406_cov_4.960912	268	327	4	59	59	1.0000000
NODE_74253_length_406_cov_3.087948	261	302	0	41	41	1.0000000
NODE_74284_length_406_cov_2.475570	220	270	0	50	50	1.0000000
NODE_74332_length_406_cov_1.986971	238	276	0	38	38	1.0000000
NODE_74368_length_406_cov_1.778502	159	195	5	2	36	0.0555556
NODE_74368_length_406_cov_1.778502	159	195	6	3	36	0.0833333
NODE_74368_length_406_cov_1.778502	159	195	8	4	36	0.1111111
NODE_74368_length_406_cov_1.778502	159	195	10	3	36	0.0833333
NODE_74368_length_406_cov_1.778502	159	195	12	24	36	0.6666667
NODE_74368_length_406_cov_1.778502	234	294	6	5	60	0.0833333
NODE_74368_length_406_cov_1.778502	234	294	8	3	60	0.0500000
NODE_74368_length_406_cov_1.778502	234	294	10	11	60	0.1833333
NODE_74368_length_406_cov_1.778502	234	294	12	30	60	0.5000000
NODE_74368_length_406_cov_1.778502	234	294	14	11	60	0.1833333
NODE_74368_length_406_cov_1.778502	267	347	0	30	80	0.3750000
NODE_74368_length_406_cov_1.778502	267	347	2	6	80	0.0750000
NODE_74368_length_406_cov_1.778502	267	347	3	12	80	0.1500000
NODE_74368_length_406_cov_1.778502	267	347	6	10	80	0.1250000
NODE_74368_length_406_cov_1.778502	267	347	8	3	80	0.0375000
NODE_74368_length_406_cov_1.778502	267	347	10	11	80	0.1375000
NODE_74368_length_406_cov_1.778502	267	347	12	8	80	0.1000000
NODE_74427_length_406_cov_1.495114	173	212	0	17	39	0.4358974
NODE_74427_length_406_cov_1.495114	173	212	2	22	39	0.5641026
NODE_74476_length_406_cov_1.325733	367	398	2	31	31	1.0000000
NODE_74588_length_406_cov_0.934853	1	32	0	31	31	1.0000000
NODE_74588_length_406_cov_0.934853	5	85	0	80	80	1.0000000
NODE_74696_length_405_cov_5.107843	332	380	0	48	48	1.0000000
NODE_74697_length_405_cov_4.915033	15	46	0	31	31	1.0000000
NODE_74727_length_405_cov_3.346405	195	240	4	45	45	1.0000000
NODE_74727_length_405_cov_3.346405	274	329	0	10	55	0.1818182
NODE_74727_length_405_cov_3.346405	274	329	1	12	55	0.2181818
NODE_74727_length_405_cov_3.346405	274	329	2	18	55	0.3272727
NODE_74727_length_405_cov_3.346405	274	329	4	15	55	0.2727273
NODE_74737_length_405_cov_3.124183	210	260	0	1	50	0.0200000
NODE_74737_length_405_cov_3.124183	210	260	2	49	50	0.9800000
NODE_74737_length_405_cov_3.124183	240	286	2	46	46	1.0000000
NODE_74737_length_405_cov_3.124183	260	339	2	79	79	1.0000000
NODE_74737_length_405_cov_3.124183	272	339	2	67	67	1.0000000
NODE_74780_length_405_cov_2.503268	352	399	0	47	47	1.0000000
NODE_74787_length_405_cov_2.460784	0	73	0	10	73	0.1369863
NODE_74787_length_405_cov_2.460784	0	73	2	13	73	0.1780822
NODE_74787_length_405_cov_2.460784	0	73	4	50	73	0.6849315
NODE_75145_length_405_cov_0.666667	207	268	0	61	61	1.0000000
NODE_75196_length_404_cov_40.937705	40	120	0	31	80	0.3875000
NODE_75196_length_404_cov_40.937705	40	120	2	49	80	0.6125000
NODE_75196_length_404_cov_40.937705	93	173	0	35	80	0.4375000
NODE_75196_length_404_cov_40.937705	93	173	2	45	80	0.5625000
NODE_75197_length_404_cov_32.940984	46	126	0	80	80	1.0000000
NODE_75197_length_404_cov_32.940984	99	179	0	80	80	1.0000000
NODE_75197_length_404_cov_32.940984	175	255	0	80	80	1.0000000
NODE_75197_length_404_cov_32.940984	228	308	0	80	80	1.0000000
NODE_75198_length_404_cov_11.731148	130	210	1	2	80	0.0250000
NODE_75198_length_404_cov_11.731148	130	210	3	38	80	0.4750000
NODE_75198_length_404_cov_11.731148	130	210	4	40	80	0.5000000
NODE_75198_length_404_cov_11.731148	183	263	1	29	80	0.3625000
NODE_75198_length_404_cov_11.731148	183	263	2	4	80	0.0500000
NODE_75198_length_404_cov_11.731148	183	263	4	47	80	0.5875000
NODE_75200_length_404_cov_9.170492	201	257	6	24	56	0.4285714
NODE_75200_length_404_cov_9.170492	201	257	10	32	56	0.5714286
NODE_75236_length_404_cov_3.613115	323	385	0	62	62	1.0000000
NODE_75259_length_404_cov_2.914754	181	261	0	80	80	1.0000000
NODE_75345_length_404_cov_2.085246	245	325	0	80	80	1.0000000
NODE_75357_length_404_cov_1.993443	95	148	2	53	53	1.0000000
NODE_75399_length_404_cov_1.672131	32	106	0	74	74	1.0000000
NODE_75440_length_404_cov_1.498361	94	174	6	26	80	0.3250000
NODE_75440_length_404_cov_1.498361	94	174	8	10	80	0.1250000
NODE_75440_length_404_cov_1.498361	94	174	9	1	80	0.0125000
NODE_75440_length_404_cov_1.498361	94	174	10	3	80	0.0375000
NODE_75440_length_404_cov_1.498361	94	174	13	1	80	0.0125000
NODE_75440_length_404_cov_1.498361	94	174	14	39	80	0.4875000
NODE_75446_length_404_cov_1.485246	234	282	0	2	48	0.0416667
NODE_75446_length_404_cov_1.485246	234	282	4	46	48	0.9583333
NODE_75545_length_404_cov_1.121311	114	194	2	12	80	0.1500000
NODE_75545_length_404_cov_1.121311	114	194	4	68	80	0.8500000
NODE_75750_length_403_cov_7.325658	80	146	0	66	66	1.0000000
NODE_75750_length_403_cov_7.325658	165	234	0	69	69	1.0000000
NODE_75750_length_403_cov_7.325658	215	255	0	40	40	1.0000000
NODE_75751_length_403_cov_7.217105	207	284	0	77	77	1.0000000
NODE_75751_length_403_cov_7.217105	257	334	0	77	77	1.0000000
NODE_75752_length_403_cov_6.776316	192	250	0	58	58	1.0000000
NODE_75788_length_403_cov_3.710526	327	373	0	46	46	1.0000000
NODE_75788_length_403_cov_3.710526	346	403	0	57	57	1.0000000
NODE_75793_length_403_cov_3.611842	283	363	18	2	80	0.0250000
NODE_75793_length_403_cov_3.611842	283	363	19	4	80	0.0500000
NODE_75793_length_403_cov_3.611842	283	363	20	39	80	0.4875000
NODE_75793_length_403_cov_3.611842	283	363	22	35	80	0.4375000
NODE_75824_length_403_cov_2.822368	201	282	4	11	81	0.1358025
NODE_75824_length_403_cov_2.822368	201	282	6	9	81	0.1111111
NODE_75824_length_403_cov_2.822368	201	282	8	43	81	0.5308642
NODE_75824_length_403_cov_2.822368	201	282	10	18	81	0.2222222
NODE_75871_length_403_cov_2.082237	102	145	0	43	43	1.0000000
NODE_75908_length_403_cov_1.871711	130	166	4	36	36	1.0000000
NODE_75993_length_403_cov_1.398026	79	116	0	37	37	1.0000000
NODE_76029_length_403_cov_1.269737	82	111	0	29	29	1.0000000
NODE_76239_length_402_cov_6.293729	217	297	0	7	80	0.0875000
NODE_76239_length_402_cov_6.293729	217	297	1	73	80	0.9125000
NODE_76239_length_402_cov_6.293729	270	350	0	60	80	0.7500000
NODE_76239_length_402_cov_6.293729	270	350	1	20	80	0.2500000
NODE_76246_length_402_cov_5.227723	176	236	8	36	60	0.6000000
NODE_76246_length_402_cov_5.227723	176	236	10	24	60	0.4000000
NODE_76261_length_402_cov_4.356436	44	123	0	79	79	1.0000000
NODE_76261_length_402_cov_4.356436	119	199	0	32	80	0.4000000
NODE_76261_length_402_cov_4.356436	119	199	1	11	80	0.1375000
NODE_76261_length_402_cov_4.356436	119	199	2	2	80	0.0250000
NODE_76261_length_402_cov_4.356436	119	199	4	35	80	0.4375000
NODE_76261_length_402_cov_4.356436	172	252	4	80	80	1.0000000
NODE_76276_length_402_cov_3.564356	197	257	0	60	60	1.0000000
NODE_76276_length_402_cov_3.564356	230	310	0	80	80	1.0000000
NODE_76328_length_402_cov_2.633663	335	402	0	67	67	1.0000000
NODE_76336_length_402_cov_2.514851	82	162	4	80	80	1.0000000
NODE_76336_length_402_cov_2.514851	135	200	0	17	65	0.2615385
NODE_76336_length_402_cov_2.514851	135	200	2	11	65	0.1692308
NODE_76336_length_402_cov_2.514851	135	200	4	37	65	0.5692308
NODE_76380_length_402_cov_2.102310	114	165	0	51	51	1.0000000
NODE_76380_length_402_cov_2.102310	138	195	0	57	57	1.0000000
NODE_76560_length_402_cov_1.214521	0	33	0	33	33	1.0000000
NODE_76646_length_402_cov_1.000000	119	188	9	9	69	0.1304348
NODE_76646_length_402_cov_1.000000	119	188	10	55	69	0.7971014
NODE_76646_length_402_cov_1.000000	119	188	11	5	69	0.0724638
NODE_76752_length_402_cov_0.663366	0	46	0	46	46	1.0000000
NODE_76780_length_401_cov_43.675497	285	343	1	4	58	0.0689655
NODE_76780_length_401_cov_43.675497	285	343	3	28	58	0.4827586
NODE_76780_length_401_cov_43.675497	285	343	4	26	58	0.4482759
NODE_76801_length_401_cov_4.377483	309	389	0	80	80	1.0000000
NODE_76804_length_401_cov_4.241722	125	180	2	48	55	0.8727273
NODE_76804_length_401_cov_4.241722	125	180	6	7	55	0.1272727
NODE_76808_length_401_cov_4.132450	195	275	2	80	80	1.0000000
NODE_76811_length_401_cov_3.973510	138	181	12	43	43	1.0000000
NODE_76828_length_401_cov_3.370861	141	221	0	48	80	0.6000000
NODE_76828_length_401_cov_3.370861	141	221	2	32	80	0.4000000
NODE_76828_length_401_cov_3.370861	194	273	2	79	79	1.0000000
NODE_76830_length_401_cov_3.317881	67	147	0	80	80	1.0000000
NODE_76918_length_401_cov_1.937086	160	239	0	7	79	0.0886076
NODE_76918_length_401_cov_1.937086	160	239	2	4	79	0.0506329
NODE_76918_length_401_cov_1.937086	160	239	4	1	79	0.0126582
NODE_76918_length_401_cov_1.937086	160	239	5	13	79	0.1645570
NODE_76918_length_401_cov_1.937086	160	239	7	3	79	0.0379747
NODE_76918_length_401_cov_1.937086	160	239	11	32	79	0.4050633
NODE_76918_length_401_cov_1.937086	160	239	13	19	79	0.2405063
NODE_76978_length_401_cov_1.615894	205	269	10	5	64	0.0781250
NODE_76978_length_401_cov_1.615894	205	269	12	5	64	0.0781250
NODE_76978_length_401_cov_1.615894	205	269	14	11	64	0.1718750
NODE_76978_length_401_cov_1.615894	205	269	16	3	64	0.0468750
NODE_76978_length_401_cov_1.615894	205	269	18	2	64	0.0312500
NODE_76978_length_401_cov_1.615894	205	269	19	4	64	0.0625000
NODE_76978_length_401_cov_1.615894	205	269	23	4	64	0.0625000
NODE_76978_length_401_cov_1.615894	205	269	24	12	64	0.1875000
NODE_76978_length_401_cov_1.615894	205	269	25	3	64	0.0468750
NODE_76978_length_401_cov_1.615894	205	269	26	5	64	0.0781250
NODE_76978_length_401_cov_1.615894	205	269	28	6	64	0.0937500
NODE_76978_length_401_cov_1.615894	205	269	32	4	64	0.0625000
NODE_77017_length_401_cov_1.407285	23	92	0	13	69	0.1884058
NODE_77017_length_401_cov_1.407285	23	92	2	56	69	0.8115942
NODE_77017_length_401_cov_1.407285	76	122	2	46	46	1.0000000
NODE_77236_length_401_cov_0.675497	292	372	0	80	80	1.0000000
NODE_77236_length_401_cov_0.675497	345	401	0	56	56	1.0000000
NODE_77284_length_400_cov_40.584718	205	281	0	76	76	1.0000000
NODE_77284_length_400_cov_40.584718	254	334	0	80	80	1.0000000
NODE_77289_length_400_cov_8.631229	307	372	0	65	65	1.0000000
NODE_77292_length_400_cov_6.850498	281	329	0	48	48	1.0000000
NODE_77322_length_400_cov_4.000000	82	140	4	2	58	0.0344828
NODE_77322_length_400_cov_4.000000	82	140	6	14	58	0.2413793
NODE_77322_length_400_cov_4.000000	82	140	8	42	58	0.7241379
NODE_77358_length_400_cov_3.029900	204	284	0	5	80	0.0625000
NODE_77358_length_400_cov_3.029900	204	284	2	75	80	0.9375000
NODE_77358_length_400_cov_3.029900	205	231	0	4	26	0.1538462
NODE_77358_length_400_cov_3.029900	205	231	2	22	26	0.8461539
NODE_77362_length_400_cov_3.009967	146	220	0	12	74	0.1621622
NODE_77362_length_400_cov_3.009967	146	220	2	13	74	0.1756757
NODE_77362_length_400_cov_3.009967	146	220	3	12	74	0.1621622
NODE_77362_length_400_cov_3.009967	146	220	5	21	74	0.2837838
NODE_77362_length_400_cov_3.009967	146	220	7	7	74	0.0945946
NODE_77362_length_400_cov_3.009967	146	220	8	9	74	0.1216216
NODE_77362_length_400_cov_3.009967	195	261	5	9	66	0.1363636
NODE_77362_length_400_cov_3.009967	195	261	7	7	66	0.1060606
NODE_77362_length_400_cov_3.009967	195	261	8	50	66	0.7575758
NODE_77363_length_400_cov_2.990033	253	332	101	2	79	0.0253165
NODE_77363_length_400_cov_2.990033	253	332	103	2	79	0.0253165
NODE_77363_length_400_cov_2.990033	253	332	106	5	79	0.0632911
NODE_77363_length_400_cov_2.990033	253	332	110	3	79	0.0379747
NODE_77363_length_400_cov_2.990033	253	332	111	1	79	0.0126582
NODE_77363_length_400_cov_2.990033	253	332	113	3	79	0.0379747
NODE_77363_length_400_cov_2.990033	253	332	115	2	79	0.0253165
NODE_77363_length_400_cov_2.990033	253	332	121	5	79	0.0632911
NODE_77363_length_400_cov_2.990033	253	332	123	4	79	0.0506329
NODE_77363_length_400_cov_2.990033	253	332	136	1	79	0.0126582
NODE_77363_length_400_cov_2.990033	253	332	137	1	79	0.0126582
NODE_77363_length_400_cov_2.990033	253	332	139	2	79	0.0253165
NODE_77363_length_400_cov_2.990033	253	332	141	2	79	0.0253165
NODE_77363_length_400_cov_2.990033	253	332	143	3	79	0.0379747
NODE_77363_length_400_cov_2.990033	253	332	147	4	79	0.0506329
NODE_77363_length_400_cov_2.990033	253	332	149	1	79	0.0126582
NODE_77363_length_400_cov_2.990033	253	332	153	7	79	0.0886076
NODE_77363_length_400_cov_2.990033	253	332	155	2	79	0.0253165
NODE_77363_length_400_cov_2.990033	253	332	157	5	79	0.0632911
NODE_77363_length_400_cov_2.990033	253	332	159	4	79	0.0506329
NODE_77363_length_400_cov_2.990033	253	332	162	1	79	0.0126582
NODE_77363_length_400_cov_2.990033	253	332	166	11	79	0.1392405
NODE_77363_length_400_cov_2.990033	253	332	168	5	79	0.0632911
NODE_77363_length_400_cov_2.990033	253	332	170	3	79	0.0379747
NODE_77363_length_400_cov_2.990033	306	385	77	2	79	0.0253165
NODE_77363_length_400_cov_2.990033	306	385	85	2	79	0.0253165
NODE_77363_length_400_cov_2.990033	306	385	87	1	79	0.0126582
NODE_77363_length_400_cov_2.990033	306	385	89	1	79	0.0126582
NODE_77363_length_400_cov_2.990033	306	385	91	1	79	0.0126582
NODE_77363_length_400_cov_2.990033	306	385	92	2	79	0.0253165
NODE_77363_length_400_cov_2.990033	306	385	94	5	79	0.0632911
NODE_77363_length_400_cov_2.990033	306	385	100	1	79	0.0126582
NODE_77363_length_400_cov_2.990033	306	385	108	3	79	0.0379747
NODE_77363_length_400_cov_2.990033	306	385	110	5	79	0.0632911
NODE_77363_length_400_cov_2.990033	306	385	111	1	79	0.0126582
NODE_77363_length_400_cov_2.990033	306	385	115	1	79	0.0126582
NODE_77363_length_400_cov_2.990033	306	385	116	3	79	0.0379747
NODE_77363_length_400_cov_2.990033	306	385	118	1	79	0.0126582
NODE_77363_length_400_cov_2.990033	306	385	122	1	79	0.0126582
NODE_77363_length_400_cov_2.990033	306	385	126	4	79	0.0506329
NODE_77363_length_400_cov_2.990033	306	385	127	2	79	0.0253165
NODE_77363_length_400_cov_2.990033	306	385	129	2	79	0.0253165
NODE_77363_length_400_cov_2.990033	306	385	131	1	79	0.0126582
NODE_77363_length_400_cov_2.990033	306	385	135	1	79	0.0126582
NODE_77363_length_400_cov_2.990033	306	385	137	1	79	0.0126582
NODE_77363_length_400_cov_2.990033	306	385	145	1	79	0.0126582
NODE_77363_length_400_cov_2.990033	306	385	148	2	79	0.0253165
NODE_77363_length_400_cov_2.990033	306	385	149	1	79	0.0126582
NODE_77363_length_400_cov_2.990033	306	385	151	5	79	0.0632911
NODE_77363_length_400_cov_2.990033	306	385	153	2	79	0.0253165
NODE_77363_length_400_cov_2.990033	306	385	155	1	79	0.0126582
NODE_77363_length_400_cov_2.990033	306	385	159	4	79	0.0506329
NODE_77363_length_400_cov_2.990033	306	385	162	1	79	0.0126582
NODE_77363_length_400_cov_2.990033	306	385	165	2	79	0.0253165
NODE_77363_length_400_cov_2.990033	306	385	166	11	79	0.1392405
NODE_77363_length_400_cov_2.990033	306	385	168	5	79	0.0632911
NODE_77363_length_400_cov_2.990033	306	385	170	3	79	0.0379747
NODE_77368_length_400_cov_2.860465	365	400	0	35	35	1.0000000
NODE_77371_length_400_cov_2.797342	324	372	0	48	48	1.0000000
NODE_77380_length_400_cov_2.581395	192	254	0	62	62	1.0000000
NODE_77460_length_400_cov_1.940199	225	268	0	31	43	0.7209302
NODE_77460_length_400_cov_1.940199	225	268	2	12	43	0.2790698
NODE_77460_length_400_cov_1.940199	293	374	4	81	81	1.0000000
NODE_77821_length_399_cov_71.493333	215	295	0	80	80	1.0000000
NODE_77821_length_399_cov_71.493333	268	348	0	80	80	1.0000000
NODE_77823_length_399_cov_7.510000	229	309	2	19	80	0.2375000
NODE_77823_length_399_cov_7.510000	229	309	4	61	80	0.7625000
NODE_77823_length_399_cov_7.510000	282	362	2	41	80	0.5125000
NODE_77823_length_399_cov_7.510000	282	362	4	39	80	0.4875000
NODE_77825_length_399_cov_7.310000	125	187	0	62	62	1.0000000
NODE_77854_length_399_cov_4.293333	86	164	0	78	78	1.0000000
NODE_77877_length_399_cov_3.406667	51	124	3	44	73	0.6027398
NODE_77877_length_399_cov_3.406667	51	124	4	29	73	0.3972603
NODE_77933_length_399_cov_2.286667	310	390	0	8	80	0.1000000
NODE_77933_length_399_cov_2.286667	310	390	4	72	80	0.9000000
NODE_77966_length_399_cov_1.916667	76	136	2	37	60	0.6166667
NODE_77966_length_399_cov_1.916667	76	136	4	23	60	0.3833333
NODE_77966_length_399_cov_1.916667	123	189	2	50	66	0.7575758
NODE_77966_length_399_cov_1.916667	123	189	4	16	66	0.2424242
NODE_78276_length_399_cov_0.710000	313	392	0	79	79	1.0000000
NODE_78354_length_398_cov_9.688963	1	81	0	62	80	0.7750000
NODE_78354_length_398_cov_9.688963	1	81	2	18	80	0.2250000
NODE_78354_length_398_cov_9.688963	247	327	2	80	80	1.0000000
NODE_78354_length_398_cov_9.688963	300	380	0	29	80	0.3625000
NODE_78354_length_398_cov_9.688963	300	380	2	51	80	0.6375000
NODE_78360_length_398_cov_6.488294	130	210	0	80	80	1.0000000
NODE_78364_length_398_cov_5.765886	253	333	0	16	80	0.2000000
NODE_78364_length_398_cov_5.765886	253	333	2	16	80	0.2000000
NODE_78364_length_398_cov_5.765886	253	333	6	48	80	0.6000000
NODE_78372_length_398_cov_5.244147	248	312	0	53	64	0.8281250
NODE_78372_length_398_cov_5.244147	248	312	2	11	64	0.1718750
NODE_78376_length_398_cov_5.006689	116	196	0	80	80	1.0000000
NODE_78376_length_398_cov_5.006689	169	251	0	82	82	1.0000000
NODE_78383_length_398_cov_4.284281	63	117	0	54	54	1.0000000
NODE_78383_length_398_cov_4.284281	135	160	0	25	25	1.0000000
NODE_78420_length_398_cov_2.993311	229	309	0	80	80	1.0000000
NODE_78429_length_398_cov_2.822742	236	271	0	35	35	1.0000000
NODE_78891_length_397_cov_52.855705	124	204	0	15	80	0.1875000
NODE_78891_length_397_cov_52.855705	124	204	2	65	80	0.8125000
NODE_78891_length_397_cov_52.855705	177	257	0	34	80	0.4250000
NODE_78891_length_397_cov_52.855705	177	257	2	46	80	0.5750000
NODE_78894_length_397_cov_35.036913	173	253	2	80	80	1.0000000
NODE_78895_length_397_cov_13.667785	94	174	0	80	80	1.0000000
NODE_78895_length_397_cov_13.667785	147	227	0	80	80	1.0000000
NODE_78897_length_397_cov_7.496644	192	272	0	80	80	1.0000000
NODE_78897_length_397_cov_7.496644	245	325	0	80	80	1.0000000
NODE_78898_length_397_cov_6.828859	127	173	0	46	46	1.0000000
NODE_78913_length_397_cov_4.902685	293	364	0	71	71	1.0000000
NODE_78933_length_397_cov_3.765101	164	244	0	23	80	0.2875000
NODE_78933_length_397_cov_3.765101	164	244	2	57	80	0.7125000
NODE_78951_length_397_cov_3.325503	107	187	0	52	80	0.6500000
NODE_78951_length_397_cov_3.325503	107	187	2	22	80	0.2750000
NODE_78951_length_397_cov_3.325503	107	187	4	6	80	0.0750000
NODE_78951_length_397_cov_3.325503	163	236	2	18	73	0.2465753
NODE_78951_length_397_cov_3.325503	163	236	4	55	73	0.7534246
NODE_78999_length_397_cov_2.530201	269	312	0	43	43	1.0000000
NODE_79047_length_397_cov_1.959732	154	193	0	39	39	1.0000000
NODE_79072_length_397_cov_1.791946	218	283	0	65	65	1.0000000
NODE_79127_length_397_cov_1.560403	183	240	0	57	57	1.0000000
NODE_79456_length_396_cov_11.632997	162	242	0	27	80	0.3375000
NODE_79456_length_396_cov_11.632997	162	242	12	53	80	0.6625000
NODE_79456_length_396_cov_11.632997	215	295	0	80	80	1.0000000
NODE_79460_length_396_cov_7.053872	71	101	10	3	30	0.1000000
NODE_79460_length_396_cov_7.053872	71	101	12	27	30	0.9000000
NODE_79464_length_396_cov_6.097643	229	309	0	56	80	0.7000000
NODE_79464_length_396_cov_6.097643	229	309	1	4	80	0.0500000
NODE_79464_length_396_cov_6.097643	229	309	2	20	80	0.2500000
NODE_79464_length_396_cov_6.097643	282	362	0	3	80	0.0375000
NODE_79464_length_396_cov_6.097643	282	362	1	4	80	0.0500000
NODE_79464_length_396_cov_6.097643	282	362	2	73	80	0.9125000
NODE_79471_length_396_cov_5.484848	125	205	9	80	80	1.0000000
NODE_79471_length_396_cov_5.484848	178	259	0	6	81	0.0740741
NODE_79471_length_396_cov_5.484848	178	259	4	31	81	0.3827161
NODE_79471_length_396_cov_5.484848	178	259	9	32	81	0.3950617
NODE_79471_length_396_cov_5.484848	178	259	10	12	81	0.1481481
NODE_79473_length_396_cov_5.434343	224	275	0	7	51	0.1372549
NODE_79473_length_396_cov_5.434343	224	275	2	4	51	0.0784314
NODE_79473_length_396_cov_5.434343	224	275	4	26	51	0.5098040
NODE_79473_length_396_cov_5.434343	224	275	8	14	51	0.2745098
NODE_79473_length_396_cov_5.434343	272	331	8	4	59	0.0677966
NODE_79473_length_396_cov_5.434343	272	331	10	55	59	0.9322034
NODE_79483_length_396_cov_4.414141	189	264	0	75	75	1.0000000
NODE_79483_length_396_cov_4.414141	241	317	0	76	76	1.0000000
NODE_79493_length_396_cov_4.010101	163	205	4	42	42	1.0000000
NODE_79522_length_396_cov_3.080808	95	161	0	66	66	1.0000000
NODE_79524_length_396_cov_3.067340	252	316	2	4	64	0.0625000
NODE_79524_length_396_cov_3.067340	252	316	10	60	64	0.9375000
NODE_79535_length_396_cov_2.892256	136	217	4	8	81	0.0987654
NODE_79535_length_396_cov_2.892256	136	217	6	73	81	0.9012346
NODE_79557_length_396_cov_2.710438	88	168	23	7	80	0.0875000
NODE_79557_length_396_cov_2.710438	88	168	24	5	80	0.0625000
NODE_79557_length_396_cov_2.710438	88	168	28	2	80	0.0250000
NODE_79557_length_396_cov_2.710438	88	168	29	13	80	0.1625000
NODE_79557_length_396_cov_2.710438	88	168	30	2	80	0.0250000
NODE_79557_length_396_cov_2.710438	88	168	32	6	80	0.0750000
NODE_79557_length_396_cov_2.710438	88	168	33	4	80	0.0500000
NODE_79557_length_396_cov_2.710438	88	168	35	1	80	0.0125000
NODE_79557_length_396_cov_2.710438	88	168	38	1	80	0.0125000
NODE_79557_length_396_cov_2.710438	88	168	39	1	80	0.0125000
NODE_79557_length_396_cov_2.710438	88	168	40	20	80	0.2500000
NODE_79557_length_396_cov_2.710438	88	168	41	5	80	0.0625000
NODE_79557_length_396_cov_2.710438	88	168	42	13	80	0.1625000
NODE_79561_length_396_cov_2.680135	297	335	0	38	38	1.0000000
NODE_79562_length_396_cov_2.659933	68	148	0	80	80	1.0000000
NODE_79562_length_396_cov_2.659933	121	168	0	47	47	1.0000000
NODE_79616_length_396_cov_2.060606	308	388	0	80	80	1.0000000
NODE_79643_length_396_cov_1.939394	63	142	2	8	79	0.1012658
NODE_79643_length_396_cov_1.939394	63	142	4	1	79	0.0126582
NODE_79643_length_396_cov_1.939394	63	142	6	70	79	0.8860760
NODE_79643_length_396_cov_1.939394	115	164	2	7	49	0.1428571
NODE_79643_length_396_cov_1.939394	115	164	4	9	49	0.1836735
NODE_79643_length_396_cov_1.939394	115	164	6	33	49	0.6734694
NODE_79683_length_396_cov_1.811448	82	162	2	9	80	0.1125000
NODE_79683_length_396_cov_1.811448	82	162	4	71	80	0.8875000
NODE_79692_length_396_cov_1.734007	88	119	0	31	31	1.0000000
NODE_79930_length_396_cov_0.905724	101	151	5	14	50	0.2800000
NODE_79930_length_396_cov_0.905724	101	151	9	4	50	0.0800000
NODE_79930_length_396_cov_0.905724	101	151	11	12	50	0.2400000
NODE_79930_length_396_cov_0.905724	101	151	12	20	50	0.4000000
NODE_80057_length_395_cov_449.327703	0	79	66	1	79	0.0126582
NODE_80057_length_395_cov_449.327703	0	79	97	1	79	0.0126582
NODE_80057_length_395_cov_449.327703	0	79	103	1	79	0.0126582
NODE_80057_length_395_cov_449.327703	0	79	114	1	79	0.0126582
NODE_80057_length_395_cov_449.327703	0	79	120	1	79	0.0126582
NODE_80057_length_395_cov_449.327703	0	79	136	1	79	0.0126582
NODE_80057_length_395_cov_449.327703	0	79	142	1	79	0.0126582
NODE_80057_length_395_cov_449.327703	0	79	143	1	79	0.0126582
NODE_80057_length_395_cov_449.327703	0	79	146	1	79	0.0126582
NODE_80057_length_395_cov_449.327703	0	79	153	1	79	0.0126582
NODE_80057_length_395_cov_449.327703	0	79	165	1	79	0.0126582
NODE_80057_length_395_cov_449.327703	0	79	169	1	79	0.0126582
NODE_80057_length_395_cov_449.327703	0	79	173	1	79	0.0126582
NODE_80057_length_395_cov_449.327703	0	79	176	1	79	0.0126582
NODE_80057_length_395_cov_449.327703	0	79	190	1	79	0.0126582
NODE_80057_length_395_cov_449.327703	0	79	196	1	79	0.0126582
NODE_80057_length_395_cov_449.327703	0	79	206	1	79	0.0126582
NODE_80057_length_395_cov_449.327703	0	79	209	1	79	0.0126582
NODE_80057_length_395_cov_449.327703	0	79	215	1	79	0.0126582
NODE_80057_length_395_cov_449.327703	0	79	220	1	79	0.0126582
NODE_80057_length_395_cov_449.327703	0	79	224	1	79	0.0126582
NODE_80057_length_395_cov_449.327703	0	79	233	1	79	0.0126582
NODE_80057_length_395_cov_449.327703	0	79	240	1	79	0.0126582
NODE_80057_length_395_cov_449.327703	0	79	249	1	79	0.0126582
NODE_80057_length_395_cov_449.327703	0	79	251	1	79	0.0126582
NODE_80057_length_395_cov_449.327703	0	79	254	1	79	0.0126582
NODE_80057_length_395_cov_449.327703	0	79	260	1	79	0.0126582
NODE_80057_length_395_cov_449.327703	0	79	262	1	79	0.0126582
NODE_80057_length_395_cov_449.327703	0	79	267	1	79	0.0126582
NODE_80057_length_395_cov_449.327703	0	79	272	1	79	0.0126582
NODE_80057_length_395_cov_449.327703	0	79	275	1	79	0.0126582
NODE_80057_length_395_cov_449.327703	0	79	283	1	79	0.0126582
NODE_80057_length_395_cov_449.327703	0	79	289	1	79	0.0126582
NODE_80057_length_395_cov_449.327703	0	79	298	1	79	0.0126582
NODE_80057_length_395_cov_449.327703	0	79	302	1	79	0.0126582
NODE_80057_length_395_cov_449.327703	0	79	306	1	79	0.0126582
NODE_80057_length_395_cov_449.327703	0	79	308	1	79	0.0126582
NODE_80057_length_395_cov_449.327703	0	79	313	1	79	0.0126582
NODE_80057_length_395_cov_449.327703	0	79	317	2	79	0.0253165
NODE_80057_length_395_cov_449.327703	0	79	320	1	79	0.0126582
NODE_80057_length_395_cov_449.327703	0	79	322	2	79	0.0253165
NODE_80057_length_395_cov_449.327703	0	79	330	1	79	0.0126582
NODE_80057_length_395_cov_449.327703	0	79	333	1	79	0.0126582
NODE_80057_length_395_cov_449.327703	0	79	336	1	79	0.0126582
NODE_80057_length_395_cov_449.327703	0	79	338	1	79	0.0126582
NODE_80057_length_395_cov_449.327703	0	79	344	1	79	0.0126582
NODE_80057_length_395_cov_449.327703	0	79	347	1	79	0.0126582
NODE_80057_length_395_cov_449.327703	0	79	348	4	79	0.0506329
NODE_80057_length_395_cov_449.327703	0	79	350	2	79	0.0253165
NODE_80057_length_395_cov_449.327703	0	79	351	3	79	0.0379747
NODE_80057_length_395_cov_449.327703	0	79	355	3	79	0.0379747
NODE_80057_length_395_cov_449.327703	0	79	357	1	79	0.0126582
NODE_80057_length_395_cov_449.327703	0	79	359	2	79	0.0253165
NODE_80057_length_395_cov_449.327703	0	79	361	3	79	0.0379747
NODE_80057_length_395_cov_449.327703	0	79	371	5	79	0.0632911
NODE_80057_length_395_cov_449.327703	0	79	373	1	79	0.0126582
NODE_80057_length_395_cov_449.327703	0	79	374	1	79	0.0126582
NODE_80057_length_395_cov_449.327703	0	79	376	1	79	0.0126582
NODE_80057_length_395_cov_449.327703	0	79	378	4	79	0.0506329
NODE_80058_length_395_cov_13.695946	113	193	0	80	80	1.0000000
NODE_80058_length_395_cov_13.695946	166	246	0	80	80	1.0000000
NODE_80086_length_395_cov_4.179054	152	232	0	80	80	1.0000000
NODE_80116_length_395_cov_2.962838	118	198	0	80	80	1.0000000
NODE_80116_length_395_cov_2.962838	171	237	0	66	66	1.0000000
NODE_80121_length_395_cov_2.878378	261	301	0	40	40	1.0000000
NODE_80139_length_395_cov_2.587838	111	188	0	77	77	1.0000000
NODE_80139_length_395_cov_2.587838	232	301	0	69	69	1.0000000
NODE_80139_length_395_cov_2.587838	258	302	0	44	44	1.0000000
NODE_80141_length_395_cov_2.560811	123	187	0	64	64	1.0000000
NODE_80146_length_395_cov_2.527027	194	274	0	80	80	1.0000000
NODE_80146_length_395_cov_2.527027	247	327	0	80	80	1.0000000
NODE_80439_length_395_cov_1.033784	103	151	0	48	48	1.0000000
NODE_80448_length_395_cov_1.010135	85	105	0	20	20	1.0000000
NODE_80639_length_394_cov_9.464407	211	291	2	6	80	0.0750000
NODE_80639_length_394_cov_9.464407	211	291	4	40	80	0.5000000
NODE_80639_length_394_cov_9.464407	211	291	6	34	80	0.4250000
NODE_80639_length_394_cov_9.464407	264	344	0	5	80	0.0625000
NODE_80639_length_394_cov_9.464407	264	344	2	54	80	0.6750000
NODE_80639_length_394_cov_9.464407	264	344	6	21	80	0.2625000
NODE_80643_length_394_cov_7.437288	221	301	1	9	80	0.1125000
NODE_80643_length_394_cov_7.437288	221	301	2	2	80	0.0250000
NODE_80643_length_394_cov_7.437288	221	301	6	69	80	0.8625000
NODE_80643_length_394_cov_7.437288	274	331	2	4	57	0.0701754
NODE_80643_length_394_cov_7.437288	274	331	6	53	57	0.9298246
NODE_80647_length_394_cov_6.444068	187	267	0	80	80	1.0000000
NODE_80647_length_394_cov_6.444068	240	320	0	80	80	1.0000000
NODE_80709_length_394_cov_2.932203	119	140	0	21	21	1.0000000
NODE_80710_length_394_cov_2.894915	79	135	4	56	56	1.0000000
NODE_80710_length_394_cov_2.894915	166	202	2	36	36	1.0000000
NODE_81216_length_393_cov_4.261905	201	267	2	8	66	0.1212121
NODE_81216_length_393_cov_4.261905	201	267	3	9	66	0.1363636
NODE_81216_length_393_cov_4.261905	201	267	5	19	66	0.2878788
NODE_81216_length_393_cov_4.261905	201	267	6	30	66	0.4545455
NODE_81216_length_393_cov_4.261905	240	282	2	23	42	0.5476190
NODE_81216_length_393_cov_4.261905	240	282	3	9	42	0.2142857
NODE_81216_length_393_cov_4.261905	240	282	5	10	42	0.2380952
NODE_81240_length_393_cov_3.503401	121	201	0	80	80	1.0000000
NODE_81240_length_393_cov_3.503401	174	246	0	72	72	1.0000000
NODE_81277_length_393_cov_2.704082	198	271	0	73	73	1.0000000
NODE_81289_length_393_cov_2.493197	136	216	2	63	80	0.7875000
NODE_81289_length_393_cov_2.493197	136	216	4	17	80	0.2125000
NODE_81289_length_393_cov_2.493197	189	269	2	10	80	0.1250000
NODE_81289_length_393_cov_2.493197	189	269	4	70	80	0.8750000
NODE_81296_length_393_cov_2.360544	195	252	8	1	57	0.0175439
NODE_81296_length_393_cov_2.360544	195	252	10	6	57	0.1052632
NODE_81296_length_393_cov_2.360544	195	252	12	33	57	0.5789474
NODE_81296_length_393_cov_2.360544	195	252	14	2	57	0.0350877
NODE_81296_length_393_cov_2.360544	195	252	16	6	57	0.1052632
NODE_81296_length_393_cov_2.360544	195	252	18	9	57	0.1578947
NODE_81416_length_393_cov_1.608844	207	270	0	63	63	1.0000000
NODE_81778_length_392_cov_7.873720	161	241	0	14	80	0.1750000
NODE_81778_length_392_cov_7.873720	161	241	4	66	80	0.8250000
NODE_81778_length_392_cov_7.873720	214	294	4	80	80	1.0000000
NODE_81790_length_392_cov_5.262799	218	248	0	24	30	0.8000000
NODE_81790_length_392_cov_5.262799	218	248	2	6	30	0.2000000
NODE_81805_length_392_cov_3.655290	109	157	0	48	48	1.0000000
NODE_81805_length_392_cov_3.655290	306	386	0	80	80	1.0000000
NODE_81823_length_392_cov_3.197952	102	171	0	67	69	0.9710145
NODE_81823_length_392_cov_3.197952	102	171	1	2	69	0.0289855
NODE_81823_length_392_cov_3.197952	233	314	0	81	81	1.0000000
NODE_81857_length_392_cov_2.511945	67	133	47	1	66	0.0151515
NODE_81857_length_392_cov_2.511945	67	133	51	2	66	0.0303030
NODE_81857_length_392_cov_2.511945	67	133	55	1	66	0.0151515
NODE_81857_length_392_cov_2.511945	67	133	58	2	66	0.0303030
NODE_81857_length_392_cov_2.511945	67	133	62	1	66	0.0151515
NODE_81857_length_392_cov_2.511945	67	133	66	1	66	0.0151515
NODE_81857_length_392_cov_2.511945	67	133	69	1	66	0.0151515
NODE_81857_length_392_cov_2.511945	67	133	71	4	66	0.0606061
NODE_81857_length_392_cov_2.511945	67	133	73	3	66	0.0454545
NODE_81857_length_392_cov_2.511945	67	133	75	5	66	0.0757576
NODE_81857_length_392_cov_2.511945	67	133	77	1	66	0.0151515
NODE_81857_length_392_cov_2.511945	67	133	82	1	66	0.0151515
NODE_81857_length_392_cov_2.511945	67	133	87	1	66	0.0151515
NODE_81857_length_392_cov_2.511945	67	133	96	1	66	0.0151515
NODE_81857_length_392_cov_2.511945	67	133	100	1	66	0.0151515
NODE_81857_length_392_cov_2.511945	67	133	102	2	66	0.0303030
NODE_81857_length_392_cov_2.511945	67	133	103	6	66	0.0909091
NODE_81857_length_392_cov_2.511945	67	133	107	2	66	0.0303030
NODE_81857_length_392_cov_2.511945	67	133	109	4	66	0.0606061
NODE_81857_length_392_cov_2.511945	67	133	111	1	66	0.0151515
NODE_81857_length_392_cov_2.511945	67	133	113	2	66	0.0303030
NODE_81857_length_392_cov_2.511945	67	133	115	4	66	0.0606061
NODE_81857_length_392_cov_2.511945	67	133	117	5	66	0.0757576
NODE_81857_length_392_cov_2.511945	67	133	119	8	66	0.1212121
NODE_81857_length_392_cov_2.511945	67	133	121	1	66	0.0151515
NODE_81857_length_392_cov_2.511945	67	133	123	1	66	0.0151515
NODE_81857_length_392_cov_2.511945	67	133	125	2	66	0.0303030
NODE_81857_length_392_cov_2.511945	67	133	127	1	66	0.0151515
NODE_81857_length_392_cov_2.511945	67	133	129	1	66	0.0151515
NODE_81857_length_392_cov_2.511945	120	206	71	1	86	0.0116279
NODE_81857_length_392_cov_2.511945	120	206	72	4	86	0.0465116
NODE_81857_length_392_cov_2.511945	120	206	75	3	86	0.0348837
NODE_81857_length_392_cov_2.511945	120	206	79	1	86	0.0116279
NODE_81857_length_392_cov_2.511945	120	206	82	1	86	0.0116279
NODE_81857_length_392_cov_2.511945	120	206	84	1	86	0.0116279
NODE_81857_length_392_cov_2.511945	120	206	88	1	86	0.0116279
NODE_81857_length_392_cov_2.511945	120	206	92	1	86	0.0116279
NODE_81857_length_392_cov_2.511945	120	206	96	1	86	0.0116279
NODE_81857_length_392_cov_2.511945	120	206	99	9	86	0.1046512
NODE_81857_length_392_cov_2.511945	120	206	103	1	86	0.0116279
NODE_81857_length_392_cov_2.511945	120	206	111	1	86	0.0116279
NODE_81857_length_392_cov_2.511945	120	206	112	1	86	0.0116279
NODE_81857_length_392_cov_2.511945	120	206	114	1	86	0.0116279
NODE_81857_length_392_cov_2.511945	120	206	115	2	86	0.0232558
NODE_81857_length_392_cov_2.511945	120	206	116	2	86	0.0232558
NODE_81857_length_392_cov_2.511945	120	206	118	1	86	0.0116279
NODE_81857_length_392_cov_2.511945	120	206	119	6	86	0.0697674
NODE_81857_length_392_cov_2.511945	120	206	120	4	86	0.0465116
NODE_81857_length_392_cov_2.511945	120	206	121	1	86	0.0116279
NODE_81857_length_392_cov_2.511945	120	206	122	7	86	0.0813954
NODE_81857_length_392_cov_2.511945	120	206	123	1	86	0.0116279
NODE_81857_length_392_cov_2.511945	120	206	124	2	86	0.0232558
NODE_81857_length_392_cov_2.511945	120	206	125	2	86	0.0232558
NODE_81857_length_392_cov_2.511945	120	206	127	1	86	0.0116279
NODE_81857_length_392_cov_2.511945	120	206	129	3	86	0.0348837
NODE_81857_length_392_cov_2.511945	120	206	130	1	86	0.0116279
NODE_81857_length_392_cov_2.511945	120	206	131	1	86	0.0116279
NODE_81857_length_392_cov_2.511945	120	206	132	1	86	0.0116279
NODE_81857_length_392_cov_2.511945	120	206	133	1	86	0.0116279
NODE_81857_length_392_cov_2.511945	120	206	134	4	86	0.0465116
NODE_81857_length_392_cov_2.511945	120	206	135	8	86	0.0930233
NODE_81857_length_392_cov_2.511945	120	206	136	1	86	0.0116279
NODE_81857_length_392_cov_2.511945	120	206	137	1	86	0.0116279
NODE_81857_length_392_cov_2.511945	120	206	140	9	86	0.1046512
NODE_81914_length_392_cov_2.075085	268	349	0	81	81	1.0000000
NODE_81914_length_392_cov_2.075085	322	387	0	65	65	1.0000000
NODE_81928_length_392_cov_1.955631	11	56	0	45	45	1.0000000
NODE_81929_length_392_cov_1.952218	40	59	2	19	19	1.0000000
NODE_81940_length_392_cov_1.911263	238	315	0	77	77	1.0000000
NODE_81994_length_392_cov_1.631399	114	139	6	9	25	0.3600000
NODE_81994_length_392_cov_1.631399	114	139	8	4	25	0.1600000
NODE_81994_length_392_cov_1.631399	114	139	9	3	25	0.1200000
NODE_81994_length_392_cov_1.631399	114	139	10	9	25	0.3600000
NODE_82008_length_392_cov_1.559727	83	163	0	80	80	1.0000000
NODE_82015_length_392_cov_1.552901	32	52	0	20	20	1.0000000
NODE_82390_length_391_cov_69.510274	9	89	89	1	80	0.0125000
NODE_82390_length_391_cov_69.510274	9	89	92	1	80	0.0125000
NODE_82390_length_391_cov_69.510274	9	89	96	1	80	0.0125000
NODE_82390_length_391_cov_69.510274	9	89	103	1	80	0.0125000
NODE_82390_length_391_cov_69.510274	9	89	111	1	80	0.0125000
NODE_82390_length_391_cov_69.510274	9	89	115	1	80	0.0125000
NODE_82390_length_391_cov_69.510274	9	89	121	2	80	0.0250000
NODE_82390_length_391_cov_69.510274	9	89	124	1	80	0.0125000
NODE_82390_length_391_cov_69.510274	9	89	125	2	80	0.0250000
NODE_82390_length_391_cov_69.510274	9	89	126	1	80	0.0125000
NODE_82390_length_391_cov_69.510274	9	89	128	1	80	0.0125000
NODE_82390_length_391_cov_69.510274	9	89	132	4	80	0.0500000
NODE_82390_length_391_cov_69.510274	9	89	136	3	80	0.0375000
NODE_82390_length_391_cov_69.510274	9	89	138	2	80	0.0250000
NODE_82390_length_391_cov_69.510274	9	89	141	1	80	0.0125000
NODE_82390_length_391_cov_69.510274	9	89	147	1	80	0.0125000
NODE_82390_length_391_cov_69.510274	9	89	149	1	80	0.0125000
NODE_82390_length_391_cov_69.510274	9	89	156	1	80	0.0125000
NODE_82390_length_391_cov_69.510274	9	89	157	1	80	0.0125000
NODE_82390_length_391_cov_69.510274	9	89	163	2	80	0.0250000
NODE_82390_length_391_cov_69.510274	9	89	166	1	80	0.0125000
NODE_82390_length_391_cov_69.510274	9	89	167	2	80	0.0250000
NODE_82390_length_391_cov_69.510274	9	89	169	2	80	0.0250000
NODE_82390_length_391_cov_69.510274	9	89	173	1	80	0.0125000
NODE_82390_length_391_cov_69.510274	9	89	174	2	80	0.0250000
NODE_82390_length_391_cov_69.510274	9	89	177	1	80	0.0125000
NODE_82390_length_391_cov_69.510274	9	89	180	2	80	0.0250000
NODE_82390_length_391_cov_69.510274	9	89	189	1	80	0.0125000
NODE_82390_length_391_cov_69.510274	9	89	190	6	80	0.0750000
NODE_82390_length_391_cov_69.510274	9	89	192	3	80	0.0375000
NODE_82390_length_391_cov_69.510274	9	89	193	2	80	0.0250000
NODE_82390_length_391_cov_69.510274	9	89	194	2	80	0.0250000
NODE_82390_length_391_cov_69.510274	9	89	196	2	80	0.0250000
NODE_82390_length_391_cov_69.510274	9	89	198	20	80	0.2500000
NODE_82390_length_391_cov_69.510274	9	89	202	4	80	0.0500000
NODE_82391_length_391_cov_39.414384	0	66	9	6	66	0.0909091
NODE_82391_length_391_cov_39.414384	0	66	11	7	66	0.1060606
NODE_82391_length_391_cov_39.414384	0	66	14	2	66	0.0303030
NODE_82391_length_391_cov_39.414384	0	66	16	2	66	0.0303030
NODE_82391_length_391_cov_39.414384	0	66	20	2	66	0.0303030
NODE_82391_length_391_cov_39.414384	0	66	22	2	66	0.0303030
NODE_82391_length_391_cov_39.414384	0	66	24	4	66	0.0606061
NODE_82391_length_391_cov_39.414384	0	66	26	1	66	0.0151515
NODE_82391_length_391_cov_39.414384	0	66	27	5	66	0.0757576
NODE_82391_length_391_cov_39.414384	0	66	29	3	66	0.0454545
NODE_82391_length_391_cov_39.414384	0	66	33	7	66	0.1060606
NODE_82391_length_391_cov_39.414384	0	66	34	2	66	0.0303030
NODE_82391_length_391_cov_39.414384	0	66	35	1	66	0.0151515
NODE_82391_length_391_cov_39.414384	0	66	48	2	66	0.0303030
NODE_82391_length_391_cov_39.414384	0	66	49	4	66	0.0606061
NODE_82391_length_391_cov_39.414384	0	66	51	4	66	0.0606061
NODE_82391_length_391_cov_39.414384	0	66	53	2	66	0.0303030
NODE_82391_length_391_cov_39.414384	0	66	55	1	66	0.0151515
NODE_82391_length_391_cov_39.414384	0	66	57	9	66	0.1363636
NODE_82391_length_391_cov_39.414384	0	71	9	6	71	0.0845070
NODE_82391_length_391_cov_39.414384	0	71	11	7	71	0.0985916
NODE_82391_length_391_cov_39.414384	0	71	14	2	71	0.0281690
NODE_82391_length_391_cov_39.414384	0	71	16	2	71	0.0281690
NODE_82391_length_391_cov_39.414384	0	71	20	2	71	0.0281690
NODE_82391_length_391_cov_39.414384	0	71	22	2	71	0.0281690
NODE_82391_length_391_cov_39.414384	0	71	24	4	71	0.0563380
NODE_82391_length_391_cov_39.414384	0	71	26	1	71	0.0140845
NODE_82391_length_391_cov_39.414384	0	71	27	5	71	0.0704225
NODE_82391_length_391_cov_39.414384	0	71	29	3	71	0.0422535
NODE_82391_length_391_cov_39.414384	0	71	33	7	71	0.0985916
NODE_82391_length_391_cov_39.414384	0	71	34	2	71	0.0281690
NODE_82391_length_391_cov_39.414384	0	71	35	1	71	0.0140845
NODE_82391_length_391_cov_39.414384	0	71	48	2	71	0.0281690
NODE_82391_length_391_cov_39.414384	0	71	49	4	71	0.0563380
NODE_82391_length_391_cov_39.414384	0	71	51	4	71	0.0563380
NODE_82391_length_391_cov_39.414384	0	71	53	2	71	0.0281690
NODE_82391_length_391_cov_39.414384	0	71	55	1	71	0.0140845
NODE_82391_length_391_cov_39.414384	0	71	57	11	71	0.1549296
NODE_82391_length_391_cov_39.414384	0	71	58	3	71	0.0422535
NODE_82391_length_391_cov_39.414384	44	124	45	1	80	0.0125000
NODE_82391_length_391_cov_39.414384	44	124	46	3	80	0.0375000
NODE_82391_length_391_cov_39.414384	44	124	48	3	80	0.0375000
NODE_82391_length_391_cov_39.414384	44	124	49	4	80	0.0500000
NODE_82391_length_391_cov_39.414384	44	124	50	1	80	0.0125000
NODE_82391_length_391_cov_39.414384	44	124	51	4	80	0.0500000
NODE_82391_length_391_cov_39.414384	44	124	53	7	80	0.0875000
NODE_82391_length_391_cov_39.414384	44	124	55	1	80	0.0125000
NODE_82391_length_391_cov_39.414384	44	124	57	12	80	0.1500000
NODE_82391_length_391_cov_39.414384	44	124	58	13	80	0.1625000
NODE_82391_length_391_cov_39.414384	44	124	59	3	80	0.0375000
NODE_82391_length_391_cov_39.414384	44	124	60	5	80	0.0625000
NODE_82391_length_391_cov_39.414384	44	124	61	1	80	0.0125000
NODE_82391_length_391_cov_39.414384	44	124	62	19	80	0.2375000
NODE_82391_length_391_cov_39.414384	44	124	63	3	80	0.0375000
NODE_82394_length_391_cov_10.352740	156	235	0	79	79	1.0000000
NODE_82415_length_391_cov_5.030822	85	166	14	5	81	0.0617284
NODE_82415_length_391_cov_5.030822	85	166	16	2	81	0.0246914
NODE_82415_length_391_cov_5.030822	85	166	18	9	81	0.1111111
NODE_82415_length_391_cov_5.030822	85	166	19	19	81	0.2345679
NODE_82415_length_391_cov_5.030822	85	166	21	18	81	0.2222222
NODE_82415_length_391_cov_5.030822	85	166	22	24	81	0.2962963
NODE_82415_length_391_cov_5.030822	85	166	23	4	81	0.0493827
NODE_82498_length_391_cov_2.660959	267	343	4	17	76	0.2236842
NODE_82498_length_391_cov_2.660959	267	343	6	59	76	0.7763158
NODE_82552_length_391_cov_2.089041	176	256	0	80	80	1.0000000
NODE_82552_length_391_cov_2.089041	229	280	0	51	51	1.0000000
NODE_82574_length_391_cov_1.907534	200	257	0	57	57	1.0000000
NODE_82597_length_391_cov_1.773973	160	190	0	30	30	1.0000000
NODE_82632_length_391_cov_1.647260	298	378	4	80	80	1.0000000
NODE_82662_length_391_cov_1.561644	241	261	0	20	20	1.0000000
NODE_83015_length_390_cov_29.030928	86	166	0	33	80	0.4125000
NODE_83015_length_390_cov_29.030928	86	166	2	47	80	0.5875000
NODE_83015_length_390_cov_29.030928	139	219	0	22	80	0.2750000
NODE_83015_length_390_cov_29.030928	139	219	2	58	80	0.7250000
NODE_83016_length_390_cov_22.319588	118	198	0	26	80	0.3250000
NODE_83016_length_390_cov_22.319588	118	198	2	54	80	0.6750000
NODE_83016_length_390_cov_22.319588	171	251	0	79	80	0.9875000
NODE_83016_length_390_cov_22.319588	171	251	2	1	80	0.0125000
NODE_83044_length_390_cov_4.481100	208	277	0	69	69	1.0000000
NODE_83044_length_390_cov_4.481100	286	327	0	41	41	1.0000000
NODE_83045_length_390_cov_4.481100	93	171	9	1	78	0.0128205
NODE_83045_length_390_cov_4.481100	93	171	10	14	78	0.1794872
NODE_83045_length_390_cov_4.481100	93	171	11	63	78	0.8076923
NODE_83045_length_390_cov_4.481100	144	210	2	18	66	0.2727273
NODE_83045_length_390_cov_4.481100	144	210	11	48	66	0.7272727
NODE_83060_length_390_cov_3.814433	66	99	2	33	33	1.0000000
NODE_83061_length_390_cov_3.783505	188	268	0	80	80	1.0000000
NODE_83061_length_390_cov_3.783505	241	321	0	80	80	1.0000000
NODE_83066_length_390_cov_3.560137	304	367	4	63	63	1.0000000
NODE_83066_length_390_cov_3.560137	340	381	4	41	41	1.0000000
NODE_83169_length_390_cov_2.127148	242	322	1	17	80	0.2125000
NODE_83169_length_390_cov_2.127148	242	322	2	25	80	0.3125000
NODE_83169_length_390_cov_2.127148	242	322	3	38	80	0.4750000
NODE_83171_length_390_cov_2.123711	133	177	4	9	44	0.2045455
NODE_83171_length_390_cov_2.123711	133	177	8	8	44	0.1818182
NODE_83171_length_390_cov_2.123711	133	177	10	17	44	0.3863636
NODE_83171_length_390_cov_2.123711	133	177	12	7	44	0.1590909
NODE_83171_length_390_cov_2.123711	133	177	18	3	44	0.0681818
NODE_83171_length_390_cov_2.123711	157	237	10	10	80	0.1250000
NODE_83171_length_390_cov_2.123711	157	237	12	7	80	0.0875000
NODE_83171_length_390_cov_2.123711	157	237	16	5	80	0.0625000
NODE_83171_length_390_cov_2.123711	157	237	18	58	80	0.7250000
NODE_83288_length_390_cov_1.536082	223	276	0	53	53	1.0000000
NODE_83338_length_390_cov_1.398625	49	110	14	2	61	0.0327869
NODE_83338_length_390_cov_1.398625	49	110	16	18	61	0.2950820
NODE_83338_length_390_cov_1.398625	49	110	18	41	61	0.6721311
NODE_83463_length_390_cov_1.034364	78	158	0	80	80	1.0000000
NODE_83633_length_389_cov_63.710345	32	112	0	80	80	1.0000000
NODE_83633_length_389_cov_63.710345	85	165	0	80	80	1.0000000
NODE_83633_length_389_cov_63.710345	161	241	0	26	80	0.3250000
NODE_83633_length_389_cov_63.710345	161	241	2	21	80	0.2625000
NODE_83633_length_389_cov_63.710345	161	241	4	1	80	0.0125000
NODE_83633_length_389_cov_63.710345	161	241	6	32	80	0.4000000
NODE_83633_length_389_cov_63.710345	214	294	6	80	80	1.0000000
NODE_83650_length_389_cov_5.382759	154	234	0	80	80	1.0000000
NODE_83662_length_389_cov_4.468966	199	269	0	5	70	0.0714286
NODE_83662_length_389_cov_4.468966	199	269	2	65	70	0.9285714
NODE_83663_length_389_cov_4.424138	68	148	74	6	80	0.0750000
NODE_83663_length_389_cov_4.424138	68	148	76	1	80	0.0125000
NODE_83663_length_389_cov_4.424138	68	148	78	1	80	0.0125000
NODE_83663_length_389_cov_4.424138	68	148	80	3	80	0.0375000
NODE_83663_length_389_cov_4.424138	68	148	86	14	80	0.1750000
NODE_83663_length_389_cov_4.424138	68	148	92	10	80	0.1250000
NODE_83663_length_389_cov_4.424138	68	148	94	6	80	0.0750000
NODE_83663_length_389_cov_4.424138	68	148	96	17	80	0.2125000
NODE_83663_length_389_cov_4.424138	68	148	98	22	80	0.2750000
NODE_83685_length_389_cov_3.782759	194	225	0	31	31	1.0000000
NODE_83689_length_389_cov_3.555172	107	153	4	34	46	0.7391304
NODE_83689_length_389_cov_3.555172	107	153	6	12	46	0.2608696
NODE_83695_length_389_cov_3.251724	120	163	2	14	43	0.3255814
NODE_83695_length_389_cov_3.251724	120	163	7	6	43	0.1395349
NODE_83695_length_389_cov_3.251724	120	163	9	10	43	0.2325581
NODE_83695_length_389_cov_3.251724	120	163	12	1	43	0.0232558
NODE_83695_length_389_cov_3.251724	120	163	13	5	43	0.1162791
NODE_83695_length_389_cov_3.251724	120	163	14	7	43	0.1627907
NODE_83695_length_389_cov_3.251724	136	206	7	4	70	0.0571429
NODE_83695_length_389_cov_3.251724	136	206	9	10	70	0.1428571
NODE_83695_length_389_cov_3.251724	136	206	12	1	70	0.0142857
NODE_83695_length_389_cov_3.251724	136	206	13	5	70	0.0714286
NODE_83695_length_389_cov_3.251724	136	206	14	50	70	0.7142857
NODE_83816_length_389_cov_1.951724	68	148	0	80	80	1.0000000
NODE_83819_length_389_cov_1.937931	53	82	0	17	29	0.5862069
NODE_83819_length_389_cov_1.937931	53	82	3	12	29	0.4137931
NODE_83819_length_389_cov_1.937931	153	233	7	12	80	0.1500000
NODE_83819_length_389_cov_1.937931	153	233	13	10	80	0.1250000
NODE_83819_length_389_cov_1.937931	153	233	14	8	80	0.1000000
NODE_83819_length_389_cov_1.937931	153	233	15	21	80	0.2625000
NODE_83819_length_389_cov_1.937931	153	233	17	12	80	0.1500000
NODE_83819_length_389_cov_1.937931	153	233	18	17	80	0.2125000
NODE_83829_length_389_cov_1.920690	296	365	0	69	69	1.0000000
NODE_84182_length_389_cov_0.720690	294	374	0	80	80	1.0000000
NODE_84267_length_388_cov_9.179931	47	127	0	80	80	1.0000000
NODE_84267_length_388_cov_9.179931	100	180	0	78	80	0.9750000
NODE_84267_length_388_cov_9.179931	100	180	2	2	80	0.0250000
NODE_84270_length_388_cov_7.249135	171	251	0	80	80	1.0000000
NODE_84270_length_388_cov_7.249135	224	304	0	80	80	1.0000000
NODE_84305_length_388_cov_3.913495	151	231	0	80	80	1.0000000
NODE_84308_length_388_cov_3.809689	233	277	0	44	44	1.0000000
NODE_84332_length_388_cov_3.103806	101	166	0	65	65	1.0000000
NODE_84332_length_388_cov_3.103806	147	227	0	80	80	1.0000000
NODE_84334_length_388_cov_3.041522	48	128	0	76	80	0.9500000
NODE_84334_length_388_cov_3.041522	48	128	2	4	80	0.0500000
NODE_84410_length_388_cov_2.114187	82	141	0	58	59	0.9830508
NODE_84410_length_388_cov_2.114187	82	141	1	1	59	0.0169492
NODE_84410_length_388_cov_2.114187	135	194	0	59	59	1.0000000
NODE_84423_length_388_cov_2.017301	99	151	0	52	52	1.0000000
NODE_84427_length_388_cov_1.989619	0	76	0	76	76	1.0000000
NODE_84427_length_388_cov_1.989619	49	114	0	65	65	1.0000000
NODE_84587_length_388_cov_1.352941	172	247	0	75	75	1.0000000
NODE_84631_length_388_cov_1.228374	308	339	0	31	31	1.0000000
NODE_84885_length_387_cov_33.052083	194	274	2	80	80	1.0000000
NODE_84885_length_387_cov_33.052083	247	327	0	30	80	0.3750000
NODE_84885_length_387_cov_33.052083	247	327	2	50	80	0.6250000
NODE_84890_length_387_cov_6.871528	26	106	4	20	80	0.2500000
NODE_84890_length_387_cov_6.871528	26	106	5	6	80	0.0750000
NODE_84890_length_387_cov_6.871528	26	106	6	54	80	0.6750000
NODE_84890_length_387_cov_6.871528	79	159	2	51	80	0.6375000
NODE_84890_length_387_cov_6.871528	79	159	6	29	80	0.3625000
NODE_84902_length_387_cov_5.420139	286	341	4	55	55	1.0000000
NODE_84946_length_387_cov_3.364583	287	367	0	80	80	1.0000000
NODE_85007_length_387_cov_2.260417	140	210	2	13	70	0.1857143
NODE_85007_length_387_cov_2.260417	140	210	4	24	70	0.3428572
NODE_85007_length_387_cov_2.260417	140	210	5	10	70	0.1428571
NODE_85007_length_387_cov_2.260417	140	210	6	23	70	0.3285714
NODE_85019_length_387_cov_2.128472	220	286	2	66	66	1.0000000
NODE_85019_length_387_cov_2.128472	273	329	0	32	56	0.5714286
NODE_85019_length_387_cov_2.128472	273	329	1	11	56	0.1964286
NODE_85019_length_387_cov_2.128472	273	329	2	13	56	0.2321429
NODE_85032_length_387_cov_2.090278	318	352	0	28	34	0.8235294
NODE_85032_length_387_cov_2.090278	318	352	2	6	34	0.1764706
NODE_85037_length_387_cov_2.055556	23	45	0	22	22	1.0000000
NODE_85047_length_387_cov_1.979167	259	316	0	57	57	1.0000000
NODE_85047_length_387_cov_1.979167	312	369	0	57	57	1.0000000
NODE_85091_length_387_cov_1.770833	315	361	2	39	46	0.8478261
NODE_85091_length_387_cov_1.770833	315	361	4	7	46	0.1521739
NODE_85528_length_386_cov_9.979094	38	118	0	39	80	0.4875000
NODE_85528_length_386_cov_9.979094	38	118	6	41	80	0.5125000
NODE_85528_length_386_cov_9.979094	91	174	6	83	83	1.0000000
NODE_85546_length_386_cov_4.428571	197	249	0	52	52	1.0000000
NODE_85570_length_386_cov_3.355401	151	231	0	80	80	1.0000000
NODE_85570_length_386_cov_3.355401	204	265	0	61	61	1.0000000
NODE_85602_length_386_cov_2.686411	293	325	0	32	32	1.0000000
NODE_85602_length_386_cov_2.686411	349	379	0	30	30	1.0000000
NODE_85629_length_386_cov_2.442509	55	135	6	80	80	1.0000000
NODE_85629_length_386_cov_2.442509	108	164	6	56	56	1.0000000
NODE_85793_length_386_cov_1.494774	79	121	4	22	42	0.5238096
NODE_85793_length_386_cov_1.494774	79	121	6	17	42	0.4047619
NODE_85793_length_386_cov_1.494774	79	121	10	3	42	0.0714286
NODE_85793_length_386_cov_1.494774	93	156	4	8	63	0.1269841
NODE_85793_length_386_cov_1.494774	93	156	6	17	63	0.2698413
NODE_85793_length_386_cov_1.494774	93	156	9	14	63	0.2222222
NODE_85793_length_386_cov_1.494774	93	156	10	24	63	0.3809524
NODE_85816_length_386_cov_1.421603	160	236	0	76	76	1.0000000
NODE_85845_length_386_cov_1.372822	62	142	0	80	80	1.0000000
NODE_85845_length_386_cov_1.372822	115	195	0	80	80	1.0000000
NODE_85858_length_386_cov_1.317073	124	161	24	7	37	0.1891892
NODE_85858_length_386_cov_1.317073	124	161	26	2	37	0.0540541
NODE_85858_length_386_cov_1.317073	124	161	28	28	37	0.7567568
NODE_85902_length_386_cov_1.170732	260	308	2	48	48	1.0000000
NODE_86143_length_385_cov_167.877622	103	164	237	2	61	0.0327869
NODE_86143_length_385_cov_167.877622	103	164	239	2	61	0.0327869
NODE_86143_length_385_cov_167.877622	103	164	241	4	61	0.0655738
NODE_86143_length_385_cov_167.877622	103	164	242	1	61	0.0163934
NODE_86143_length_385_cov_167.877622	103	164	244	4	61	0.0655738
NODE_86143_length_385_cov_167.877622	103	164	245	3	61	0.0491803
NODE_86143_length_385_cov_167.877622	103	164	246	2	61	0.0327869
NODE_86143_length_385_cov_167.877622	103	164	247	2	61	0.0327869
NODE_86143_length_385_cov_167.877622	103	164	258	2	61	0.0327869
NODE_86143_length_385_cov_167.877622	103	164	263	1	61	0.0163934
NODE_86143_length_385_cov_167.877622	103	164	264	1	61	0.0163934
NODE_86143_length_385_cov_167.877622	103	164	267	2	61	0.0327869
NODE_86143_length_385_cov_167.877622	103	164	268	1	61	0.0163934
NODE_86143_length_385_cov_167.877622	103	164	278	2	61	0.0327869
NODE_86143_length_385_cov_167.877622	103	164	281	1	61	0.0163934
NODE_86143_length_385_cov_167.877622	103	164	282	3	61	0.0491803
NODE_86143_length_385_cov_167.877622	103	164	283	5	61	0.0819672
NODE_86143_length_385_cov_167.877622	103	164	284	1	61	0.0163934
NODE_86143_length_385_cov_167.877622	103	164	285	2	61	0.0327869
NODE_86143_length_385_cov_167.877622	103	164	287	3	61	0.0491803
NODE_86143_length_385_cov_167.877622	103	164	289	3	61	0.0491803
NODE_86143_length_385_cov_167.877622	103	164	290	2	61	0.0327869
NODE_86143_length_385_cov_167.877622	103	164	293	1	61	0.0163934
NODE_86143_length_385_cov_167.877622	103	164	295	1	61	0.0163934
NODE_86143_length_385_cov_167.877622	103	164	297	1	61	0.0163934
NODE_86143_length_385_cov_167.877622	103	164	298	1	61	0.0163934
NODE_86143_length_385_cov_167.877622	103	164	300	3	61	0.0491803
NODE_86143_length_385_cov_167.877622	103	164	301	1	61	0.0163934
NODE_86143_length_385_cov_167.877622	103	164	302	3	61	0.0491803
NODE_86143_length_385_cov_167.877622	103	164	304	1	61	0.0163934
NODE_86144_length_385_cov_38.695804	164	244	0	80	80	1.0000000
NODE_86144_length_385_cov_38.695804	217	297	0	80	80	1.0000000
NODE_86169_length_385_cov_4.335664	173	250	0	49	77	0.6363636
NODE_86169_length_385_cov_4.335664	173	250	2	7	77	0.0909091
NODE_86169_length_385_cov_4.335664	173	250	4	21	77	0.2727273
NODE_86185_length_385_cov_3.793706	215	297	0	44	82	0.5365854
NODE_86185_length_385_cov_3.793706	215	297	2	38	82	0.4634146
NODE_86230_length_385_cov_2.786713	99	179	6	11	80	0.1375000
NODE_86230_length_385_cov_2.786713	99	179	7	14	80	0.1750000
NODE_86230_length_385_cov_2.786713	99	179	8	1	80	0.0125000
NODE_86230_length_385_cov_2.786713	99	179	9	21	80	0.2625000
NODE_86230_length_385_cov_2.786713	99	179	10	1	80	0.0125000
NODE_86230_length_385_cov_2.786713	99	179	11	32	80	0.4000000
NODE_86230_length_385_cov_2.786713	152	232	2	32	80	0.4000000
NODE_86230_length_385_cov_2.786713	152	232	4	12	80	0.1500000
NODE_86230_length_385_cov_2.786713	152	232	6	20	80	0.2500000
NODE_86230_length_385_cov_2.786713	152	232	7	2	80	0.0250000
NODE_86230_length_385_cov_2.786713	152	232	8	1	80	0.0125000
NODE_86230_length_385_cov_2.786713	152	232	10	1	80	0.0125000
NODE_86230_length_385_cov_2.786713	152	232	11	12	80	0.1500000
NODE_86230_length_385_cov_2.786713	281	362	0	9	81	0.1111111
NODE_86230_length_385_cov_2.786713	281	362	2	72	81	0.8888889
NODE_86448_length_385_cov_1.381119	71	145	0	20	74	0.2702703
NODE_86448_length_385_cov_1.381119	71	145	1	8	74	0.1081081
NODE_86448_length_385_cov_1.381119	71	145	7	3	74	0.0405405
NODE_86448_length_385_cov_1.381119	71	145	8	9	74	0.1216216
NODE_86448_length_385_cov_1.381119	71	145	12	4	74	0.0540541
NODE_86448_length_385_cov_1.381119	71	145	13	16	74	0.2162162
NODE_86448_length_385_cov_1.381119	71	145	14	14	74	0.1891892
NODE_86448_length_385_cov_1.381119	118	198	8	1	80	0.0125000
NODE_86448_length_385_cov_1.381119	118	198	11	15	80	0.1875000
NODE_86448_length_385_cov_1.381119	118	198	12	6	80	0.0750000
NODE_86448_length_385_cov_1.381119	118	198	13	22	80	0.2750000
NODE_86448_length_385_cov_1.381119	118	198	14	36	80	0.4500000
NODE_86798_length_384_cov_3.996491	135	217	0	67	82	0.8170732
NODE_86798_length_384_cov_3.996491	135	217	2	15	82	0.1829268
NODE_86809_length_384_cov_3.729825	181	228	0	13	47	0.2765957
NODE_86809_length_384_cov_3.729825	181	228	2	34	47	0.7234042
NODE_86812_length_384_cov_3.715789	145	221	0	3	76	0.0394737
NODE_86812_length_384_cov_3.715789	145	221	2	73	76	0.9605263
NODE_86841_length_384_cov_2.996491	147	227	6	7	80	0.0875000
NODE_86841_length_384_cov_2.996491	147	227	8	73	80	0.9125000
NODE_86847_length_384_cov_2.835088	65	145	3	10	80	0.1250000
NODE_86847_length_384_cov_2.835088	65	145	5	11	80	0.1375000
NODE_86847_length_384_cov_2.835088	65	145	6	5	80	0.0625000
NODE_86847_length_384_cov_2.835088	65	145	7	7	80	0.0875000
NODE_86847_length_384_cov_2.835088	65	145	9	47	80	0.5875000
NODE_86866_length_384_cov_2.575439	151	224	2	73	73	1.0000000
NODE_86866_length_384_cov_2.575439	197	281	0	55	84	0.6547619
NODE_86866_length_384_cov_2.575439	197	281	2	29	84	0.3452381
NODE_86907_length_384_cov_2.231579	78	153	0	75	75	1.0000000
NODE_86942_length_384_cov_1.940351	73	153	0	4	80	0.0500000
NODE_86942_length_384_cov_1.940351	73	153	2	76	80	0.9500000
NODE_87431_length_383_cov_4.869718	117	197	0	21	80	0.2625000
NODE_87431_length_383_cov_4.869718	117	197	3	1	80	0.0125000
NODE_87431_length_383_cov_4.869718	117	197	4	58	80	0.7250000
NODE_87431_length_383_cov_4.869718	170	250	4	80	80	1.0000000
NODE_87432_length_383_cov_4.841549	121	180	0	59	59	1.0000000
NODE_87438_length_383_cov_4.559859	33	109	0	76	76	1.0000000
NODE_87487_length_383_cov_2.940141	185	265	0	80	80	1.0000000
NODE_87495_length_383_cov_2.760563	123	203	64	1	80	0.0125000
NODE_87495_length_383_cov_2.760563	123	203	70	1	80	0.0125000
NODE_87495_length_383_cov_2.760563	123	203	74	3	80	0.0375000
NODE_87495_length_383_cov_2.760563	123	203	77	3	80	0.0375000
NODE_87495_length_383_cov_2.760563	123	203	78	1	80	0.0125000
NODE_87495_length_383_cov_2.760563	123	203	80	5	80	0.0625000
NODE_87495_length_383_cov_2.760563	123	203	81	2	80	0.0250000
NODE_87495_length_383_cov_2.760563	123	203	86	1	80	0.0125000
NODE_87495_length_383_cov_2.760563	123	203	94	1	80	0.0125000
NODE_87495_length_383_cov_2.760563	123	203	100	1	80	0.0125000
NODE_87495_length_383_cov_2.760563	123	203	109	2	80	0.0250000
NODE_87495_length_383_cov_2.760563	123	203	116	1	80	0.0125000
NODE_87495_length_383_cov_2.760563	123	203	118	2	80	0.0250000
NODE_87495_length_383_cov_2.760563	123	203	120	2	80	0.0250000
NODE_87495_length_383_cov_2.760563	123	203	125	2	80	0.0250000
NODE_87495_length_383_cov_2.760563	123	203	129	1	80	0.0125000
NODE_87495_length_383_cov_2.760563	123	203	135	14	80	0.1750000
NODE_87495_length_383_cov_2.760563	123	203	137	3	80	0.0375000
NODE_87495_length_383_cov_2.760563	123	203	139	11	80	0.1375000
NODE_87495_length_383_cov_2.760563	123	203	141	5	80	0.0625000
NODE_87495_length_383_cov_2.760563	123	203	142	4	80	0.0500000
NODE_87495_length_383_cov_2.760563	123	203	143	2	80	0.0250000
NODE_87495_length_383_cov_2.760563	123	203	144	6	80	0.0750000
NODE_87495_length_383_cov_2.760563	123	203	145	2	80	0.0250000
NODE_87495_length_383_cov_2.760563	123	203	146	4	80	0.0500000
NODE_87495_length_383_cov_2.760563	169	249	22	1	80	0.0125000
NODE_87495_length_383_cov_2.760563	169	249	26	1	80	0.0125000
NODE_87495_length_383_cov_2.760563	169	249	29	1	80	0.0125000
NODE_87495_length_383_cov_2.760563	169	249	31	7	80	0.0875000
NODE_87495_length_383_cov_2.760563	169	249	33	3	80	0.0375000
NODE_87495_length_383_cov_2.760563	169	249	34	1	80	0.0125000
NODE_87495_length_383_cov_2.760563	169	249	35	1	80	0.0125000
NODE_87495_length_383_cov_2.760563	169	249	36	1	80	0.0125000
NODE_87495_length_383_cov_2.760563	169	249	37	3	80	0.0375000
NODE_87495_length_383_cov_2.760563	169	249	42	7	80	0.0875000
NODE_87495_length_383_cov_2.760563	169	249	44	7	80	0.0875000
NODE_87495_length_383_cov_2.760563	169	249	48	5	80	0.0625000
NODE_87495_length_383_cov_2.760563	169	249	49	3	80	0.0375000
NODE_87495_length_383_cov_2.760563	169	249	55	1	80	0.0125000
NODE_87495_length_383_cov_2.760563	169	249	57	2	80	0.0250000
NODE_87495_length_383_cov_2.760563	169	249	60	2	80	0.0250000
NODE_87495_length_383_cov_2.760563	169	249	64	1	80	0.0125000
NODE_87495_length_383_cov_2.760563	169	249	70	1	80	0.0125000
NODE_87495_length_383_cov_2.760563	169	249	74	3	80	0.0375000
NODE_87495_length_383_cov_2.760563	169	249	77	3	80	0.0375000
NODE_87495_length_383_cov_2.760563	169	249	78	1	80	0.0125000
NODE_87495_length_383_cov_2.760563	169	249	80	5	80	0.0625000
NODE_87495_length_383_cov_2.760563	169	249	81	2	80	0.0250000
NODE_87495_length_383_cov_2.760563	169	249	86	1	80	0.0125000
NODE_87495_length_383_cov_2.760563	169	249	94	1	80	0.0125000
NODE_87495_length_383_cov_2.760563	169	249	100	1	80	0.0125000
NODE_87495_length_383_cov_2.760563	169	249	109	2	80	0.0250000
NODE_87495_length_383_cov_2.760563	169	249	116	1	80	0.0125000
NODE_87495_length_383_cov_2.760563	169	249	118	2	80	0.0250000
NODE_87495_length_383_cov_2.760563	169	249	120	2	80	0.0250000
NODE_87495_length_383_cov_2.760563	169	249	125	2	80	0.0250000
NODE_87495_length_383_cov_2.760563	169	249	129	1	80	0.0125000
NODE_87495_length_383_cov_2.760563	169	249	135	5	80	0.0625000
NODE_87495_length_383_cov_2.760563	222	302	0	6	80	0.0750000
NODE_87495_length_383_cov_2.760563	222	302	1	8	80	0.1000000
NODE_87495_length_383_cov_2.760563	222	302	2	26	80	0.3250000
NODE_87495_length_383_cov_2.760563	222	302	13	2	80	0.0250000
NODE_87495_length_383_cov_2.760563	222	302	17	3	80	0.0375000
NODE_87495_length_383_cov_2.760563	222	302	19	2	80	0.0250000
NODE_87495_length_383_cov_2.760563	222	302	21	6	80	0.0750000
NODE_87495_length_383_cov_2.760563	222	302	22	1	80	0.0125000
NODE_87495_length_383_cov_2.760563	222	302	26	1	80	0.0125000
NODE_87495_length_383_cov_2.760563	222	302	29	1	80	0.0125000
NODE_87495_length_383_cov_2.760563	222	302	31	7	80	0.0875000
NODE_87495_length_383_cov_2.760563	222	302	33	3	80	0.0375000
NODE_87495_length_383_cov_2.760563	222	302	34	1	80	0.0125000
NODE_87495_length_383_cov_2.760563	222	302	35	1	80	0.0125000
NODE_87495_length_383_cov_2.760563	222	302	36	1	80	0.0125000
NODE_87495_length_383_cov_2.760563	222	302	37	3	80	0.0375000
NODE_87495_length_383_cov_2.760563	222	302	42	7	80	0.0875000
NODE_87495_length_383_cov_2.760563	222	302	44	1	80	0.0125000
NODE_87566_length_383_cov_2.123239	29	94	2	65	65	1.0000000
NODE_87566_length_383_cov_2.123239	93	173	0	8	80	0.1000000
NODE_87566_length_383_cov_2.123239	93	173	2	72	80	0.9000000
NODE_87566_length_383_cov_2.123239	146	193	0	28	47	0.5957447
NODE_87566_length_383_cov_2.123239	146	193	2	19	47	0.4042553
NODE_87634_length_383_cov_1.728873	196	257	12	2	61	0.0327869
NODE_87634_length_383_cov_1.728873	196	257	14	59	61	0.9672131
NODE_87634_length_383_cov_1.728873	239	310	0	20	71	0.2816902
NODE_87634_length_383_cov_1.728873	239	310	2	4	71	0.0563380
NODE_87634_length_383_cov_1.728873	239	310	4	4	71	0.0563380
NODE_87634_length_383_cov_1.728873	239	310	6	6	71	0.0845070
NODE_87634_length_383_cov_1.728873	239	310	7	3	71	0.0422535
NODE_87634_length_383_cov_1.728873	239	310	9	2	71	0.0281690
NODE_87634_length_383_cov_1.728873	239	310	11	5	71	0.0704225
NODE_87634_length_383_cov_1.728873	239	310	13	6	71	0.0845070
NODE_87634_length_383_cov_1.728873	239	310	14	21	71	0.2957746
NODE_88039_length_382_cov_43.724382	245	325	3	22	80	0.2750000
NODE_88039_length_382_cov_43.724382	245	325	5	58	80	0.7250000
NODE_88039_length_382_cov_43.724382	298	378	0	15	80	0.1875000
NODE_88039_length_382_cov_43.724382	298	378	3	60	80	0.7500000
NODE_88039_length_382_cov_43.724382	298	378	5	5	80	0.0625000
NODE_88040_length_382_cov_35.908127	163	243	18	77	80	0.9625000
NODE_88040_length_382_cov_35.908127	163	243	26	3	80	0.0375000
NODE_88040_length_382_cov_35.908127	216	296	8	22	80	0.2750000
NODE_88040_length_382_cov_35.908127	216	296	17	15	80	0.1875000
NODE_88040_length_382_cov_35.908127	216	296	18	24	80	0.3000000
NODE_88040_length_382_cov_35.908127	216	296	25	1	80	0.0125000
NODE_88040_length_382_cov_35.908127	216	296	26	18	80	0.2250000
NODE_88040_length_382_cov_35.908127	292	372	8	80	80	1.0000000
NODE_88041_length_382_cov_26.240283	57	137	0	13	80	0.1625000
NODE_88041_length_382_cov_26.240283	57	137	2	33	80	0.4125000
NODE_88041_length_382_cov_26.240283	57	137	6	34	80	0.4250000
NODE_88041_length_382_cov_26.240283	110	190	4	31	80	0.3875000
NODE_88041_length_382_cov_26.240283	110	190	6	49	80	0.6125000
NODE_88054_length_382_cov_5.583039	63	143	4	80	80	1.0000000
NODE_88054_length_382_cov_5.583039	116	196	0	3	80	0.0375000
NODE_88054_length_382_cov_5.583039	116	196	4	77	80	0.9625000
NODE_88063_length_382_cov_4.837456	19	78	0	59	59	1.0000000
NODE_88067_length_382_cov_4.618375	0	55	0	55	55	1.0000000
NODE_88067_length_382_cov_4.618375	104	184	0	10	80	0.1250000
NODE_88067_length_382_cov_4.618375	104	184	4	2	80	0.0250000
NODE_88067_length_382_cov_4.618375	104	184	6	21	80	0.2625000
NODE_88067_length_382_cov_4.618375	104	184	8	16	80	0.2000000
NODE_88067_length_382_cov_4.618375	104	184	12	31	80	0.3875000
NODE_88067_length_382_cov_4.618375	157	237	8	13	80	0.1625000
NODE_88067_length_382_cov_4.618375	157	237	12	47	80	0.5875000
NODE_88067_length_382_cov_4.618375	157	237	14	20	80	0.2500000
NODE_88075_length_382_cov_4.268551	71	152	0	81	81	1.0000000
NODE_88075_length_382_cov_4.268551	124	205	0	81	81	1.0000000
NODE_88080_length_382_cov_4.091873	30	92	0	62	62	1.0000000
NODE_88121_length_382_cov_3.031802	173	253	0	80	80	1.0000000
NODE_88121_length_382_cov_3.031802	226	295	0	69	69	1.0000000
NODE_88135_length_382_cov_2.798587	231	293	0	62	62	1.0000000
NODE_88136_length_382_cov_2.791519	195	244	0	49	49	1.0000000
NODE_88136_length_382_cov_2.791519	217	297	0	80	80	1.0000000
NODE_88164_length_382_cov_2.611307	301	368	0	67	67	1.0000000
NODE_88276_length_382_cov_1.802120	0	60	0	60	60	1.0000000
NODE_88660_length_382_cov_0.738516	48	95	28	7	47	0.1489362
NODE_88660_length_382_cov_0.738516	48	95	29	1	47	0.0212766
NODE_88660_length_382_cov_0.738516	48	95	30	39	47	0.8297873
NODE_88660_length_382_cov_0.738516	68	148	28	7	80	0.0875000
NODE_88660_length_382_cov_0.738516	68	148	30	73	80	0.9125000
NODE_88758_length_381_cov_12.010638	195	274	0	30	79	0.3797468
NODE_88758_length_381_cov_12.010638	195	274	2	28	79	0.3544304
NODE_88758_length_381_cov_12.010638	195	274	3	2	79	0.0253165
NODE_88758_length_381_cov_12.010638	195	274	4	19	79	0.2405063
NODE_88865_length_381_cov_2.606383	68	98	11	4	30	0.1333333
NODE_88865_length_381_cov_2.606383	68	98	12	26	30	0.8666667
NODE_88867_length_381_cov_2.570922	115	175	4	3	60	0.0500000
NODE_88867_length_381_cov_2.570922	115	175	11	34	60	0.5666667
NODE_88867_length_381_cov_2.570922	115	175	13	23	60	0.3833333
NODE_88872_length_381_cov_2.514184	225	307	0	82	82	1.0000000
NODE_88900_length_381_cov_2.198582	193	276	0	83	83	1.0000000
NODE_88935_length_381_cov_1.989362	279	325	0	12	46	0.2608696
NODE_88935_length_381_cov_1.989362	279	325	4	34	46	0.7391304
NODE_89009_length_381_cov_1.663121	51	128	6	2	77	0.0259740
NODE_89009_length_381_cov_1.663121	51	128	8	2	77	0.0259740
NODE_89009_length_381_cov_1.663121	51	128	10	1	77	0.0129870
NODE_89009_length_381_cov_1.663121	51	128	12	3	77	0.0389610
NODE_89009_length_381_cov_1.663121	51	128	16	4	77	0.0519481
NODE_89009_length_381_cov_1.663121	51	128	22	11	77	0.1428571
NODE_89009_length_381_cov_1.663121	51	128	24	4	77	0.0519481
NODE_89009_length_381_cov_1.663121	51	128	26	18	77	0.2337662
NODE_89009_length_381_cov_1.663121	51	128	27	1	77	0.0129870
NODE_89009_length_381_cov_1.663121	51	128	28	31	77	0.4025974
NODE_89009_length_381_cov_1.663121	101	181	12	5	80	0.0625000
NODE_89009_length_381_cov_1.663121	101	181	14	3	80	0.0375000
NODE_89009_length_381_cov_1.663121	101	181	16	16	80	0.2000000
NODE_89009_length_381_cov_1.663121	101	181	22	3	80	0.0375000
NODE_89009_length_381_cov_1.663121	101	181	26	17	80	0.2125000
NODE_89009_length_381_cov_1.663121	101	181	28	36	80	0.4500000
NODE_89090_length_381_cov_1.400709	254	334	0	27	80	0.3375000
NODE_89090_length_381_cov_1.400709	254	334	2	53	80	0.6625000
NODE_89090_length_381_cov_1.400709	254	334	0	27	80	0.3375000
NODE_89090_length_381_cov_1.400709	254	334	2	53	80	0.6625000
NODE_89090_length_381_cov_1.400709	309	373	2	64	64	1.0000000
NODE_89482_length_380_cov_57.604982	196	276	4	15	80	0.1875000
NODE_89482_length_380_cov_57.604982	196	276	6	65	80	0.8125000
NODE_89482_length_380_cov_57.604982	249	329	4	1	80	0.0125000
NODE_89482_length_380_cov_57.604982	249	329	6	79	80	0.9875000
NODE_89482_length_380_cov_57.604982	325	359	2	16	34	0.4705882
NODE_89482_length_380_cov_57.604982	325	359	4	15	34	0.4411765
NODE_89482_length_380_cov_57.604982	325	359	6	3	34	0.0882353
NODE_89483_length_380_cov_11.185053	79	161	0	82	82	1.0000000
NODE_89483_length_380_cov_11.185053	134	214	0	80	80	1.0000000
NODE_89491_length_380_cov_5.811388	100	156	2	56	56	1.0000000
NODE_89491_length_380_cov_5.811388	177	213	0	36	36	1.0000000
NODE_89495_length_380_cov_5.377224	242	271	44	10	29	0.3448276
NODE_89495_length_380_cov_5.377224	242	271	46	18	29	0.6206896
NODE_89495_length_380_cov_5.377224	242	271	47	1	29	0.0344828
NODE_89508_length_380_cov_4.185053	158	230	0	72	72	1.0000000
NODE_89508_length_380_cov_4.185053	159	229	0	70	70	1.0000000
NODE_89508_length_380_cov_4.185053	203	283	0	80	80	1.0000000
NODE_89508_length_380_cov_4.185053	203	283	0	80	80	1.0000000
NODE_89527_length_380_cov_3.423488	164	233	2	1	69	0.0144928
NODE_89527_length_380_cov_3.423488	164	233	4	68	69	0.9855072
NODE_89540_length_380_cov_3.153025	188	260	0	30	72	0.4166667
NODE_89540_length_380_cov_3.153025	188	260	2	6	72	0.0833333
NODE_89540_length_380_cov_3.153025	188	260	4	36	72	0.5000000
NODE_89568_length_380_cov_2.718861	51	131	0	80	80	1.0000000
NODE_89568_length_380_cov_2.718861	104	184	0	80	80	1.0000000
NODE_89658_length_380_cov_1.943060	22	56	0	34	34	1.0000000
NODE_89750_length_380_cov_1.601423	292	332	5	12	40	0.3000000
NODE_89750_length_380_cov_1.601423	292	332	6	6	40	0.1500000
NODE_89750_length_380_cov_1.601423	292	332	7	1	40	0.0250000
NODE_89750_length_380_cov_1.601423	292	332	9	1	40	0.0250000
NODE_89750_length_380_cov_1.601423	292	332	10	3	40	0.0750000
NODE_89750_length_380_cov_1.601423	292	332	12	2	40	0.0500000
NODE_89750_length_380_cov_1.601423	292	332	16	3	40	0.0750000
NODE_89750_length_380_cov_1.601423	292	332	17	1	40	0.0250000
NODE_89750_length_380_cov_1.601423	292	332	23	1	40	0.0250000
NODE_89750_length_380_cov_1.601423	292	332	25	5	40	0.1250000
NODE_89750_length_380_cov_1.601423	292	332	27	1	40	0.0250000
NODE_89750_length_380_cov_1.601423	292	332	29	2	40	0.0500000
NODE_89750_length_380_cov_1.601423	292	332	31	2	40	0.0500000
NODE_89911_length_380_cov_1.088968	312	353	0	41	41	1.0000000
NODE_89911_length_380_cov_1.088968	326	380	0	54	54	1.0000000
NODE_90152_length_379_cov_42.339286	10	90	0	80	80	1.0000000
NODE_90152_length_379_cov_42.339286	86	166	0	80	80	1.0000000
NODE_90152_length_379_cov_42.339286	139	219	0	80	80	1.0000000
NODE_90153_length_379_cov_32.075000	0	62	0	62	62	1.0000000
NODE_90165_length_379_cov_5.607143	279	338	0	59	59	1.0000000
NODE_90180_length_379_cov_4.432143	219	243	0	24	24	1.0000000
NODE_90193_length_379_cov_3.778571	271	300	0	29	29	1.0000000
NODE_90198_length_379_cov_3.585714	128	152	4	24	24	1.0000000
NODE_90198_length_379_cov_3.585714	169	249	0	39	80	0.4875000
NODE_90198_length_379_cov_3.585714	169	249	2	29	80	0.3625000
NODE_90198_length_379_cov_3.585714	169	249	4	12	80	0.1500000
NODE_90203_length_379_cov_3.375000	19	43	0	24	24	1.0000000
NODE_90247_length_379_cov_2.692857	121	201	13	1	80	0.0125000
NODE_90247_length_379_cov_2.692857	121	201	14	8	80	0.1000000
NODE_90247_length_379_cov_2.692857	121	201	15	14	80	0.1750000
NODE_90247_length_379_cov_2.692857	121	201	16	5	80	0.0625000
NODE_90247_length_379_cov_2.692857	121	201	17	41	80	0.5125000
NODE_90247_length_379_cov_2.692857	121	201	18	11	80	0.1375000
NODE_90247_length_379_cov_2.692857	174	221	7	2	47	0.0425532
NODE_90247_length_379_cov_2.692857	174	221	9	13	47	0.2765957
NODE_90247_length_379_cov_2.692857	174	221	13	4	47	0.0851064
NODE_90247_length_379_cov_2.692857	174	221	14	6	47	0.1276596
NODE_90247_length_379_cov_2.692857	174	221	15	14	47	0.2978723
NODE_90247_length_379_cov_2.692857	174	221	17	8	47	0.1702128
NODE_90789_length_378_cov_53.039427	147	227	0	80	80	1.0000000
NODE_90789_length_378_cov_53.039427	200	280	0	80	80	1.0000000
NODE_90789_length_378_cov_53.039427	276	356	0	80	80	1.0000000
NODE_90789_length_378_cov_53.039427	329	378	0	49	49	1.0000000
NODE_90794_length_378_cov_6.569892	223	304	2	32	81	0.3950617
NODE_90794_length_378_cov_6.569892	223	304	4	27	81	0.3333333
NODE_90794_length_378_cov_6.569892	223	304	6	22	81	0.2716049
NODE_90795_length_378_cov_6.444444	217	297	0	80	80	1.0000000
NODE_90795_length_378_cov_6.444444	270	350	0	80	80	1.0000000
NODE_90808_length_378_cov_4.899642	135	191	24	7	56	0.1250000
NODE_90808_length_378_cov_4.899642	135	191	25	1	56	0.0178571
NODE_90808_length_378_cov_4.899642	135	191	26	6	56	0.1071429
NODE_90808_length_378_cov_4.899642	135	191	27	19	56	0.3392857
NODE_90808_length_378_cov_4.899642	135	191	28	23	56	0.4107143
NODE_90855_length_378_cov_3.236559	143	212	14	69	69	1.0000000
NODE_90859_length_378_cov_3.132616	238	280	2	42	42	1.0000000
NODE_90898_length_378_cov_2.534050	203	243	0	40	40	1.0000000
NODE_90898_length_378_cov_2.534050	271	347	0	76	76	1.0000000
NODE_90898_length_378_cov_2.534050	331	360	0	29	29	1.0000000
NODE_90948_length_378_cov_2.093190	179	250	2	71	71	1.0000000
NODE_90948_length_378_cov_2.093190	183	219	2	36	36	1.0000000
NODE_91002_length_378_cov_1.813620	36	89	0	53	53	1.0000000
NODE_91475_length_377_cov_71.723022	19	99	7	45	80	0.5625000
NODE_91475_length_377_cov_71.723022	19	99	10	1	80	0.0125000
NODE_91475_length_377_cov_71.723022	19	99	11	2	80	0.0250000
NODE_91475_length_377_cov_71.723022	19	99	12	12	80	0.1500000
NODE_91475_length_377_cov_71.723022	19	99	13	10	80	0.1250000
NODE_91475_length_377_cov_71.723022	19	99	14	10	80	0.1250000
NODE_91475_length_377_cov_71.723022	72	152	6	43	80	0.5375000
NODE_91475_length_377_cov_71.723022	72	152	12	7	80	0.0875000
NODE_91475_length_377_cov_71.723022	72	152	13	20	80	0.2500000
NODE_91475_length_377_cov_71.723022	72	152	14	10	80	0.1250000
NODE_91475_length_377_cov_71.723022	148	228	4	50	80	0.6250000
NODE_91475_length_377_cov_71.723022	148	228	6	18	80	0.2250000
NODE_91475_length_377_cov_71.723022	148	228	8	12	80	0.1500000
NODE_91475_length_377_cov_71.723022	201	281	4	22	80	0.2750000
NODE_91475_length_377_cov_71.723022	201	281	6	46	80	0.5750000
NODE_91475_length_377_cov_71.723022	201	281	8	12	80	0.1500000
NODE_91477_length_377_cov_41.787770	210	290	12	36	80	0.4500000
NODE_91477_length_377_cov_41.787770	210	290	16	8	80	0.1000000
NODE_91477_length_377_cov_41.787770	210	290	17	7	80	0.0875000
NODE_91477_length_377_cov_41.787770	210	290	18	12	80	0.1500000
NODE_91477_length_377_cov_41.787770	210	290	20	17	80	0.2125000
NODE_91477_length_377_cov_41.787770	263	343	4	7	80	0.0875000
NODE_91477_length_377_cov_41.787770	263	343	8	11	80	0.1375000
NODE_91477_length_377_cov_41.787770	263	343	12	62	80	0.7750000
NODE_91478_length_377_cov_9.982014	32	83	0	8	51	0.1568628
NODE_91478_length_377_cov_9.982014	32	83	2	20	51	0.3921569
NODE_91478_length_377_cov_9.982014	32	83	4	2	51	0.0392157
NODE_91478_length_377_cov_9.982014	32	83	6	21	51	0.4117647
NODE_91486_length_377_cov_6.244604	101	177	0	23	76	0.3026316
NODE_91486_length_377_cov_6.244604	101	177	2	53	76	0.6973684
NODE_91494_length_377_cov_5.183453	169	224	0	55	55	1.0000000
NODE_91499_length_377_cov_4.586331	186	266	0	80	80	1.0000000
NODE_91499_length_377_cov_4.586331	239	319	0	80	80	1.0000000
NODE_91500_length_377_cov_4.431655	139	216	0	1	77	0.0129870
NODE_91500_length_377_cov_4.431655	139	216	2	58	77	0.7532467
NODE_91500_length_377_cov_4.431655	139	216	3	18	77	0.2337662
NODE_91502_length_377_cov_4.330935	134	214	0	26	80	0.3250000
NODE_91502_length_377_cov_4.330935	134	214	4	54	80	0.6750000
NODE_91502_length_377_cov_4.330935	187	267	4	80	80	1.0000000
NODE_91506_length_377_cov_4.032374	124	181	0	57	57	1.0000000
NODE_91506_length_377_cov_4.032374	154	201	0	47	47	1.0000000
NODE_91526_length_377_cov_3.615108	82	140	0	47	58	0.8103448
NODE_91526_length_377_cov_3.615108	82	140	1	9	58	0.1551724
NODE_91526_length_377_cov_3.615108	82	140	3	2	58	0.0344828
NODE_91526_length_377_cov_3.615108	82	140	0	47	58	0.8103448
NODE_91526_length_377_cov_3.615108	82	140	1	9	58	0.1551724
NODE_91526_length_377_cov_3.615108	82	140	3	2	58	0.0344828
NODE_91526_length_377_cov_3.615108	113	193	0	16	80	0.2000000
NODE_91526_length_377_cov_3.615108	113	193	1	9	80	0.1125000
NODE_91526_length_377_cov_3.615108	113	193	3	2	80	0.0250000
NODE_91526_length_377_cov_3.615108	113	193	4	53	80	0.6625000
NODE_91526_length_377_cov_3.615108	113	193	0	16	80	0.2000000
NODE_91526_length_377_cov_3.615108	113	193	1	9	80	0.1125000
NODE_91526_length_377_cov_3.615108	113	193	3	2	80	0.0250000
NODE_91526_length_377_cov_3.615108	113	193	4	53	80	0.6625000
NODE_91526_length_377_cov_3.615108	189	258	4	6	69	0.0869565
NODE_91526_length_377_cov_3.615108	189	258	5	19	69	0.2753623
NODE_91526_length_377_cov_3.615108	189	258	6	8	69	0.1159420
NODE_91526_length_377_cov_3.615108	189	258	7	2	69	0.0289855
NODE_91526_length_377_cov_3.615108	189	258	8	34	69	0.4927536
NODE_91526_length_377_cov_3.615108	243	313	4	32	70	0.4571429
NODE_91526_length_377_cov_3.615108	243	313	5	23	70	0.3285714
NODE_91526_length_377_cov_3.615108	243	313	8	15	70	0.2142857
NODE_91553_length_377_cov_2.913669	38	61	0	23	23	1.0000000
NODE_91553_length_377_cov_2.913669	167	228	2	61	61	1.0000000
NODE_91619_length_377_cov_2.104317	137	188	0	51	51	1.0000000
NODE_91619_length_377_cov_2.104317	168	211	0	43	43	1.0000000
NODE_91619_length_377_cov_2.104317	190	241	0	51	51	1.0000000
NODE_91727_length_377_cov_1.622302	123	181	18	1	58	0.0172414
NODE_91727_length_377_cov_1.622302	123	181	22	4	58	0.0689655
NODE_91727_length_377_cov_1.622302	123	181	26	7	58	0.1206897
NODE_91727_length_377_cov_1.622302	123	181	28	6	58	0.1034483
NODE_91727_length_377_cov_1.622302	123	181	30	40	58	0.6896552
NODE_91727_length_377_cov_1.622302	176	234	2	2	58	0.0344828
NODE_91727_length_377_cov_1.622302	176	234	6	3	58	0.0517241
NODE_91727_length_377_cov_1.622302	176	234	8	2	58	0.0344828
NODE_91727_length_377_cov_1.622302	176	234	10	2	58	0.0344828
NODE_91727_length_377_cov_1.622302	176	234	12	1	58	0.0172414
NODE_91727_length_377_cov_1.622302	176	234	16	1	58	0.0172414
NODE_91727_length_377_cov_1.622302	176	234	18	8	58	0.1379310
NODE_91727_length_377_cov_1.622302	176	234	20	9	58	0.1551724
NODE_91727_length_377_cov_1.622302	176	234	22	10	58	0.1724138
NODE_91727_length_377_cov_1.622302	176	234	24	4	58	0.0689655
NODE_91727_length_377_cov_1.622302	176	234	30	16	58	0.2758621
NODE_91749_length_377_cov_1.539568	230	310	0	80	80	1.0000000
NODE_91749_length_377_cov_1.539568	230	310	0	80	80	1.0000000
NODE_91749_length_377_cov_1.539568	306	377	0	71	71	1.0000000
NODE_91749_length_377_cov_1.539568	327	351	0	24	24	1.0000000
NODE_91765_length_377_cov_1.471223	118	198	2	7	80	0.0875000
NODE_91765_length_377_cov_1.471223	118	198	3	13	80	0.1625000
NODE_91765_length_377_cov_1.471223	118	198	4	60	80	0.7500000
NODE_91790_length_377_cov_1.456835	177	257	0	80	80	1.0000000
NODE_91790_length_377_cov_1.456835	230	310	0	80	80	1.0000000
NODE_91817_length_377_cov_1.330935	0	44	0	7	44	0.1590909
NODE_91817_length_377_cov_1.330935	0	44	2	37	44	0.8409091
NODE_91817_length_377_cov_1.330935	45	117	0	51	72	0.7083333
NODE_91817_length_377_cov_1.330935	45	117	2	21	72	0.2916667
NODE_92046_length_377_cov_0.762590	299	330	0	31	31	1.0000000
NODE_92166_length_376_cov_6.938628	0	63	14	7	63	0.1111111
NODE_92166_length_376_cov_6.938628	0	63	15	2	63	0.0317460
NODE_92166_length_376_cov_6.938628	0	63	16	54	63	0.8571429
NODE_92166_length_376_cov_6.938628	269	340	40	2	71	0.0281690
NODE_92166_length_376_cov_6.938628	269	340	41	16	71	0.2253521
NODE_92166_length_376_cov_6.938628	269	340	42	24	71	0.3380282
NODE_92166_length_376_cov_6.938628	269	340	43	24	71	0.3380282
NODE_92166_length_376_cov_6.938628	269	340	44	5	71	0.0704225
NODE_92168_length_376_cov_6.415162	177	257	0	80	80	1.0000000
NODE_92168_length_376_cov_6.415162	230	310	0	80	80	1.0000000
NODE_92173_length_376_cov_5.722022	100	171	0	28	71	0.3943662
NODE_92173_length_376_cov_5.722022	100	171	2	43	71	0.6056338
NODE_92173_length_376_cov_5.722022	155	192	2	37	37	1.0000000
NODE_92191_length_376_cov_4.148014	300	330	8	30	30	1.0000000
NODE_92196_length_376_cov_3.859206	168	236	7	3	68	0.0441176
NODE_92196_length_376_cov_3.859206	168	236	9	45	68	0.6617647
NODE_92196_length_376_cov_3.859206	168	236	11	20	68	0.2941177
NODE_92219_length_376_cov_3.140794	122	188	2	66	66	1.0000000
NODE_92442_length_376_cov_1.516245	57	106	0	15	49	0.3061225
NODE_92442_length_376_cov_1.516245	57	106	2	34	49	0.6938776
NODE_92879_length_375_cov_4.217391	321	350	0	29	29	1.0000000
NODE_92897_length_375_cov_3.699275	287	367	0	80	80	1.0000000
NODE_92911_length_375_cov_3.376812	70	136	0	23	66	0.3484848
NODE_92911_length_375_cov_3.376812	70	136	2	6	66	0.0909091
NODE_92911_length_375_cov_3.376812	70	136	4	37	66	0.5606061
NODE_93031_length_375_cov_2.032609	162	224	1	1	62	0.0161290
NODE_93031_length_375_cov_2.032609	162	224	3	1	62	0.0161290
NODE_93031_length_375_cov_2.032609	162	224	20	1	62	0.0161290
NODE_93031_length_375_cov_2.032609	162	224	27	2	62	0.0322581
NODE_93031_length_375_cov_2.032609	162	224	29	1	62	0.0161290
NODE_93031_length_375_cov_2.032609	162	224	32	5	62	0.0806452
NODE_93031_length_375_cov_2.032609	162	224	34	5	62	0.0806452
NODE_93031_length_375_cov_2.032609	162	224	36	2	62	0.0322581
NODE_93031_length_375_cov_2.032609	162	224	38	5	62	0.0806452
NODE_93031_length_375_cov_2.032609	162	224	40	2	62	0.0322581
NODE_93031_length_375_cov_2.032609	162	224	41	5	62	0.0806452
NODE_93031_length_375_cov_2.032609	162	224	42	1	62	0.0161290
NODE_93031_length_375_cov_2.032609	162	224	43	3	62	0.0483871
NODE_93031_length_375_cov_2.032609	162	224	45	28	62	0.4516129
NODE_93031_length_375_cov_2.032609	215	272	28	2	57	0.0350877
NODE_93031_length_375_cov_2.032609	215	272	32	1	57	0.0175439
NODE_93031_length_375_cov_2.032609	215	272	34	1	57	0.0175439
NODE_93031_length_375_cov_2.032609	215	272	36	1	57	0.0175439
NODE_93031_length_375_cov_2.032609	215	272	38	1	57	0.0175439
NODE_93031_length_375_cov_2.032609	215	272	40	2	57	0.0350877
NODE_93031_length_375_cov_2.032609	215	272	42	1	57	0.0175439
NODE_93031_length_375_cov_2.032609	215	272	45	17	57	0.2982456
NODE_93031_length_375_cov_2.032609	215	272	46	2	57	0.0350877
NODE_93031_length_375_cov_2.032609	215	272	48	29	57	0.5087720
NODE_93050_length_375_cov_1.967391	131	190	6	8	59	0.1355932
NODE_93050_length_375_cov_1.967391	131	190	8	51	59	0.8644068
NODE_93050_length_375_cov_1.967391	184	235	2	2	51	0.0392157
NODE_93050_length_375_cov_1.967391	184	235	5	38	51	0.7450981
NODE_93050_length_375_cov_1.967391	184	235	8	11	51	0.2156863
NODE_93081_length_375_cov_1.840580	195	276	0	57	81	0.7037037
NODE_93081_length_375_cov_1.840580	195	276	2	24	81	0.2962963
NODE_93386_length_375_cov_1.000000	320	375	0	55	55	1.0000000
NODE_93609_length_374_cov_4.563636	93	160	4	7	67	0.1044776
NODE_93609_length_374_cov_4.563636	93	160	6	11	67	0.1641791
NODE_93609_length_374_cov_4.563636	93	160	7	24	67	0.3582090
NODE_93609_length_374_cov_4.563636	93	160	8	1	67	0.0149254
NODE_93609_length_374_cov_4.563636	93	160	9	24	67	0.3582090
NODE_93609_length_374_cov_4.563636	146	213	7	5	67	0.0746269
NODE_93609_length_374_cov_4.563636	146	213	9	29	67	0.4328358
NODE_93609_length_374_cov_4.563636	146	213	10	33	67	0.4925373
NODE_93612_length_374_cov_4.523636	23	101	6	9	78	0.1153846
NODE_93612_length_374_cov_4.523636	23	101	8	69	78	0.8846154
NODE_93612_length_374_cov_4.523636	81	154	0	35	73	0.4794520
NODE_93612_length_374_cov_4.523636	81	154	2	16	73	0.2191781
NODE_93612_length_374_cov_4.523636	81	154	6	11	73	0.1506849
NODE_93612_length_374_cov_4.523636	81	154	8	11	73	0.1506849
NODE_93628_length_374_cov_3.810909	130	189	7	2	59	0.0338983
NODE_93628_length_374_cov_3.810909	130	189	15	1	59	0.0169492
NODE_93628_length_374_cov_3.810909	130	189	17	6	59	0.1016949
NODE_93628_length_374_cov_3.810909	130	189	18	13	59	0.2203390
NODE_93628_length_374_cov_3.810909	130	189	20	10	59	0.1694915
NODE_93628_length_374_cov_3.810909	130	189	24	1	59	0.0169492
NODE_93628_length_374_cov_3.810909	130	189	26	26	59	0.4406780
NODE_93628_length_374_cov_3.810909	162	242	12	7	80	0.0875000
NODE_93628_length_374_cov_3.810909	162	242	14	2	80	0.0250000
NODE_93628_length_374_cov_3.810909	162	242	16	2	80	0.0250000
NODE_93628_length_374_cov_3.810909	162	242	18	12	80	0.1500000
NODE_93628_length_374_cov_3.810909	162	242	24	4	80	0.0500000
NODE_93628_length_374_cov_3.810909	162	242	26	53	80	0.6625000
NODE_93630_length_374_cov_3.789091	236	271	4	35	35	1.0000000
NODE_93630_length_374_cov_3.789091	238	280	4	42	42	1.0000000
NODE_93637_length_374_cov_3.458182	190	248	0	58	58	1.0000000
NODE_93688_length_374_cov_2.600000	142	217	1	6	75	0.0800000
NODE_93688_length_374_cov_2.600000	142	217	2	69	75	0.9200000
NODE_93688_length_374_cov_2.600000	190	270	2	73	80	0.9125000
NODE_93688_length_374_cov_2.600000	190	270	3	7	80	0.0875000
NODE_93718_length_374_cov_2.330909	40	120	0	80	80	1.0000000
NODE_93769_length_374_cov_2.010909	40	105	0	65	65	1.0000000
NODE_93821_length_374_cov_1.796364	254	288	0	34	34	1.0000000
NODE_93852_length_374_cov_1.661818	95	157	2	62	62	1.0000000
NODE_93859_length_374_cov_1.621818	202	254	4	5	52	0.0961538
NODE_93859_length_374_cov_1.621818	202	254	6	47	52	0.9038461
NODE_93936_length_374_cov_1.360000	211	291	4	80	80	1.0000000
NODE_93981_length_374_cov_1.236364	263	336	0	73	73	1.0000000
NODE_94321_length_373_cov_31.302920	0	53	0	2	53	0.0377358
NODE_94321_length_373_cov_31.302920	0	53	2	1	53	0.0188679
NODE_94321_length_373_cov_31.302920	0	53	4	2	53	0.0377358
NODE_94321_length_373_cov_31.302920	0	53	8	2	53	0.0377358
NODE_94321_length_373_cov_31.302920	0	53	22	1	53	0.0188679
NODE_94321_length_373_cov_31.302920	0	53	30	1	53	0.0188679
NODE_94321_length_373_cov_31.302920	0	53	34	4	53	0.0754717
NODE_94321_length_373_cov_31.302920	0	53	36	1	53	0.0188679
NODE_94321_length_373_cov_31.302920	0	53	38	7	53	0.1320755
NODE_94321_length_373_cov_31.302920	0	53	40	6	53	0.1132075
NODE_94321_length_373_cov_31.302920	0	53	44	2	53	0.0377358
NODE_94321_length_373_cov_31.302920	0	53	53	1	53	0.0188679
NODE_94321_length_373_cov_31.302920	0	53	56	1	53	0.0188679
NODE_94321_length_373_cov_31.302920	0	53	64	2	53	0.0377358
NODE_94321_length_373_cov_31.302920	0	53	68	5	53	0.0943396
NODE_94321_length_373_cov_31.302920	0	53	70	3	53	0.0566038
NODE_94321_length_373_cov_31.302920	0	53	75	1	53	0.0188679
NODE_94321_length_373_cov_31.302920	0	53	76	2	53	0.0377358
NODE_94321_length_373_cov_31.302920	0	53	77	1	53	0.0188679
NODE_94321_length_373_cov_31.302920	0	53	79	5	53	0.0943396
NODE_94321_length_373_cov_31.302920	0	53	80	3	53	0.0566038
NODE_94321_length_373_cov_31.302920	0	53	0	2	53	0.0377358
NODE_94321_length_373_cov_31.302920	0	53	2	1	53	0.0188679
NODE_94321_length_373_cov_31.302920	0	53	4	2	53	0.0377358
NODE_94321_length_373_cov_31.302920	0	53	8	2	53	0.0377358
NODE_94321_length_373_cov_31.302920	0	53	22	1	53	0.0188679
NODE_94321_length_373_cov_31.302920	0	53	30	1	53	0.0188679
NODE_94321_length_373_cov_31.302920	0	53	34	4	53	0.0754717
NODE_94321_length_373_cov_31.302920	0	53	36	1	53	0.0188679
NODE_94321_length_373_cov_31.302920	0	53	38	7	53	0.1320755
NODE_94321_length_373_cov_31.302920	0	53	40	6	53	0.1132075
NODE_94321_length_373_cov_31.302920	0	53	44	2	53	0.0377358
NODE_94321_length_373_cov_31.302920	0	53	53	1	53	0.0188679
NODE_94321_length_373_cov_31.302920	0	53	56	1	53	0.0188679
NODE_94321_length_373_cov_31.302920	0	53	64	2	53	0.0377358
NODE_94321_length_373_cov_31.302920	0	53	68	5	53	0.0943396
NODE_94321_length_373_cov_31.302920	0	53	70	3	53	0.0566038
NODE_94321_length_373_cov_31.302920	0	53	75	1	53	0.0188679
NODE_94321_length_373_cov_31.302920	0	53	76	2	53	0.0377358
NODE_94321_length_373_cov_31.302920	0	53	77	1	53	0.0188679
NODE_94321_length_373_cov_31.302920	0	53	79	5	53	0.0943396
NODE_94321_length_373_cov_31.302920	0	53	80	3	53	0.0566038
NODE_94321_length_373_cov_31.302920	0	53	0	2	53	0.0377358
NODE_94321_length_373_cov_31.302920	0	53	2	1	53	0.0188679
NODE_94321_length_373_cov_31.302920	0	53	4	2	53	0.0377358
NODE_94321_length_373_cov_31.302920	0	53	8	2	53	0.0377358
NODE_94321_length_373_cov_31.302920	0	53	22	1	53	0.0188679
NODE_94321_length_373_cov_31.302920	0	53	30	1	53	0.0188679
NODE_94321_length_373_cov_31.302920	0	53	34	4	53	0.0754717
NODE_94321_length_373_cov_31.302920	0	53	36	1	53	0.0188679
NODE_94321_length_373_cov_31.302920	0	53	38	7	53	0.1320755
NODE_94321_length_373_cov_31.302920	0	53	40	6	53	0.1132075
NODE_94321_length_373_cov_31.302920	0	53	44	2	53	0.0377358
NODE_94321_length_373_cov_31.302920	0	53	53	1	53	0.0188679
NODE_94321_length_373_cov_31.302920	0	53	56	1	53	0.0188679
NODE_94321_length_373_cov_31.302920	0	53	64	2	53	0.0377358
NODE_94321_length_373_cov_31.302920	0	53	68	5	53	0.0943396
NODE_94321_length_373_cov_31.302920	0	53	70	3	53	0.0566038
NODE_94321_length_373_cov_31.302920	0	53	75	1	53	0.0188679
NODE_94321_length_373_cov_31.302920	0	53	76	2	53	0.0377358
NODE_94321_length_373_cov_31.302920	0	53	77	1	53	0.0188679
NODE_94321_length_373_cov_31.302920	0	53	79	5	53	0.0943396
NODE_94321_length_373_cov_31.302920	0	53	80	3	53	0.0566038
NODE_94321_length_373_cov_31.302920	26	106	40	1	80	0.0125000
NODE_94321_length_373_cov_31.302920	26	106	44	2	80	0.0250000
NODE_94321_length_373_cov_31.302920	26	106	53	1	80	0.0125000
NODE_94321_length_373_cov_31.302920	26	106	56	1	80	0.0125000
NODE_94321_length_373_cov_31.302920	26	106	64	2	80	0.0250000
NODE_94321_length_373_cov_31.302920	26	106	68	5	80	0.0625000
NODE_94321_length_373_cov_31.302920	26	106	70	3	80	0.0375000
NODE_94321_length_373_cov_31.302920	26	106	75	1	80	0.0125000
NODE_94321_length_373_cov_31.302920	26	106	76	2	80	0.0250000
NODE_94321_length_373_cov_31.302920	26	106	77	1	80	0.0125000
NODE_94321_length_373_cov_31.302920	26	106	79	5	80	0.0625000
NODE_94321_length_373_cov_31.302920	26	106	80	4	80	0.0500000
NODE_94321_length_373_cov_31.302920	26	106	82	1	80	0.0125000
NODE_94321_length_373_cov_31.302920	26	106	84	4	80	0.0500000
NODE_94321_length_373_cov_31.302920	26	106	85	12	80	0.1500000
NODE_94321_length_373_cov_31.302920	26	106	87	6	80	0.0750000
NODE_94321_length_373_cov_31.302920	26	106	89	7	80	0.0875000
NODE_94321_length_373_cov_31.302920	26	106	90	3	80	0.0375000
NODE_94321_length_373_cov_31.302920	26	106	91	8	80	0.1000000
NODE_94321_length_373_cov_31.302920	26	106	92	11	80	0.1375000
NODE_94340_length_373_cov_4.671533	76	142	8	6	66	0.0909091
NODE_94340_length_373_cov_4.671533	76	142	10	60	66	0.9090909
NODE_94340_length_373_cov_4.671533	115	195	0	16	80	0.2000000
NODE_94340_length_373_cov_4.671533	115	195	6	13	80	0.1625000
NODE_94340_length_373_cov_4.671533	115	195	8	12	80	0.1500000
NODE_94340_length_373_cov_4.671533	115	195	10	39	80	0.4875000
NODE_94340_length_373_cov_4.671533	115	195	0	16	80	0.2000000
NODE_94340_length_373_cov_4.671533	115	195	6	13	80	0.1625000
NODE_94340_length_373_cov_4.671533	115	195	8	12	80	0.1500000
NODE_94340_length_373_cov_4.671533	115	195	10	39	80	0.4875000
NODE_94340_length_373_cov_4.671533	288	368	0	80	80	1.0000000
NODE_94352_length_373_cov_4.080292	109	189	0	80	80	1.0000000
NODE_94352_length_373_cov_4.080292	162	220	0	58	58	1.0000000
NODE_94380_length_373_cov_3.167883	131	210	0	79	79	1.0000000
NODE_94414_length_373_cov_2.751825	80	151	0	71	71	1.0000000
NODE_94414_length_373_cov_2.751825	124	162	0	38	38	1.0000000
NODE_94493_length_373_cov_2.036496	248	326	0	9	78	0.1153846
NODE_94493_length_373_cov_2.036496	248	326	2	12	78	0.1538462
NODE_94493_length_373_cov_2.036496	248	326	4	38	78	0.4871795
NODE_94493_length_373_cov_2.036496	248	326	6	19	78	0.2435897
NODE_94493_length_373_cov_2.036496	299	359	0	42	60	0.7000000
NODE_94493_length_373_cov_2.036496	299	359	2	12	60	0.2000000
NODE_94493_length_373_cov_2.036496	299	359	4	6	60	0.1000000
NODE_94500_length_373_cov_2.003650	150	194	0	44	44	1.0000000
NODE_94937_length_373_cov_0.759124	62	114	0	52	52	1.0000000
NODE_95051_length_372_cov_30.135531	111	191	0	13	80	0.1625000
NODE_95051_length_372_cov_30.135531	111	191	6	67	80	0.8375000
NODE_95051_length_372_cov_30.135531	159	222	6	49	63	0.7777778
NODE_95051_length_372_cov_30.135531	159	222	8	14	63	0.2222222
NODE_95051_length_372_cov_30.135531	164	239	6	44	75	0.5866666
NODE_95051_length_372_cov_30.135531	164	239	8	31	75	0.4133333
NODE_95051_length_372_cov_30.135531	182	253	6	26	71	0.3661972
NODE_95051_length_372_cov_30.135531	182	253	8	45	71	0.6338028
NODE_95051_length_372_cov_30.135531	195	275	2	13	80	0.1625000
NODE_95051_length_372_cov_30.135531	195	275	6	13	80	0.1625000
NODE_95051_length_372_cov_30.135531	195	275	8	54	80	0.6750000
NODE_95051_length_372_cov_30.135531	213	276	2	14	63	0.2222222
NODE_95051_length_372_cov_30.135531	213	276	8	49	63	0.7777778
NODE_95053_length_372_cov_9.091575	150	230	0	80	80	1.0000000
NODE_95053_length_372_cov_9.091575	203	283	0	80	80	1.0000000
NODE_95063_length_372_cov_5.706960	168	208	0	40	40	1.0000000
NODE_95067_length_372_cov_5.124542	146	211	5	9	65	0.1384615
NODE_95067_length_372_cov_5.124542	146	211	13	2	65	0.0307692
NODE_95067_length_372_cov_5.124542	146	211	14	26	65	0.4000000
NODE_95067_length_372_cov_5.124542	146	211	18	15	65	0.2307692
NODE_95067_length_372_cov_5.124542	146	211	22	13	65	0.2000000
NODE_95067_length_372_cov_5.124542	189	264	18	9	75	0.1200000
NODE_95067_length_372_cov_5.124542	189	264	22	13	75	0.1733333
NODE_95067_length_372_cov_5.124542	189	264	23	13	75	0.1733333
NODE_95067_length_372_cov_5.124542	189	264	24	40	75	0.5333334
NODE_95090_length_372_cov_3.761905	177	221	0	21	44	0.4772727
NODE_95090_length_372_cov_3.761905	177	221	2	23	44	0.5227273
NODE_95109_length_372_cov_3.186813	137	218	0	81	81	1.0000000
NODE_95159_length_372_cov_2.582418	167	239	10	2	72	0.0277778
NODE_95159_length_372_cov_2.582418	167	239	12	6	72	0.0833333
NODE_95159_length_372_cov_2.582418	167	239	16	13	72	0.1805556
NODE_95159_length_372_cov_2.582418	167	239	18	4	72	0.0555556
NODE_95159_length_372_cov_2.582418	167	239	20	3	72	0.0416667
NODE_95159_length_372_cov_2.582418	167	239	22	15	72	0.2083333
NODE_95159_length_372_cov_2.582418	167	239	24	3	72	0.0416667
NODE_95159_length_372_cov_2.582418	167	239	28	26	72	0.3611111
NODE_95159_length_372_cov_2.582418	212	292	9	11	80	0.1375000
NODE_95159_length_372_cov_2.582418	212	292	12	2	80	0.0250000
NODE_95159_length_372_cov_2.582418	212	292	14	1	80	0.0125000
NODE_95159_length_372_cov_2.582418	212	292	16	3	80	0.0375000
NODE_95159_length_372_cov_2.582418	212	292	18	2	80	0.0250000
NODE_95159_length_372_cov_2.582418	212	292	20	3	80	0.0375000
NODE_95159_length_372_cov_2.582418	212	292	22	1	80	0.0125000
NODE_95159_length_372_cov_2.582418	212	292	24	5	80	0.0625000
NODE_95159_length_372_cov_2.582418	212	292	26	15	80	0.1875000
NODE_95159_length_372_cov_2.582418	212	292	28	37	80	0.4625000
NODE_95183_length_372_cov_2.347985	97	141	0	11	44	0.2500000
NODE_95183_length_372_cov_2.347985	97	141	2	33	44	0.7500000
NODE_95183_length_372_cov_2.347985	98	133	0	10	35	0.2857143
NODE_95183_length_372_cov_2.347985	98	133	2	25	35	0.7142857
NODE_95183_length_372_cov_2.347985	178	243	0	14	65	0.2153846
NODE_95183_length_372_cov_2.347985	178	243	2	51	65	0.7846154
NODE_95303_length_372_cov_1.699634	195	276	2	3	81	0.0370370
NODE_95303_length_372_cov_1.699634	195	276	4	14	81	0.1728395
NODE_95303_length_372_cov_1.699634	195	276	14	1	81	0.0123457
NODE_95303_length_372_cov_1.699634	195	276	18	7	81	0.0864198
NODE_95303_length_372_cov_1.699634	195	276	22	19	81	0.2345679
NODE_95303_length_372_cov_1.699634	195	276	24	37	81	0.4567901
NODE_95453_length_372_cov_1.223443	264	334	0	70	70	1.0000000
NODE_95784_length_371_cov_52.040441	104	184	0	3	80	0.0375000
NODE_95784_length_371_cov_52.040441	104	184	2	11	80	0.1375000
NODE_95784_length_371_cov_52.040441	104	184	4	54	80	0.6750000
NODE_95784_length_371_cov_52.040441	104	184	5	12	80	0.1500000
NODE_95784_length_371_cov_52.040441	157	237	4	15	80	0.1875000
NODE_95784_length_371_cov_52.040441	157	237	5	17	80	0.2125000
NODE_95784_length_371_cov_52.040441	157	237	7	1	80	0.0125000
NODE_95784_length_371_cov_52.040441	157	237	12	1	80	0.0125000
NODE_95784_length_371_cov_52.040441	157	237	13	1	80	0.0125000
NODE_95784_length_371_cov_52.040441	157	237	14	8	80	0.1000000
NODE_95784_length_371_cov_52.040441	157	237	16	37	80	0.4625000
NODE_95784_length_371_cov_52.040441	180	232	5	9	52	0.1730769
NODE_95784_length_371_cov_52.040441	180	232	7	1	52	0.0192308
NODE_95784_length_371_cov_52.040441	180	232	13	1	52	0.0192308
NODE_95784_length_371_cov_52.040441	180	232	14	4	52	0.0769231
NODE_95784_length_371_cov_52.040441	180	232	16	37	52	0.7115384
NODE_95785_length_371_cov_24.878676	91	171	0	80	80	1.0000000
NODE_95785_length_371_cov_24.878676	144	224	0	80	80	1.0000000
NODE_95797_length_371_cov_5.738971	170	245	6	41	75	0.5466667
NODE_95797_length_371_cov_5.738971	170	245	8	11	75	0.1466667
NODE_95797_length_371_cov_5.738971	170	245	9	20	75	0.2666667
NODE_95797_length_371_cov_5.738971	170	245	10	3	75	0.0400000
NODE_95797_length_371_cov_5.738971	218	298	4	9	80	0.1125000
NODE_95797_length_371_cov_5.738971	218	298	6	71	80	0.8875000
NODE_95807_length_371_cov_4.452206	65	145	0	80	80	1.0000000
NODE_95807_length_371_cov_4.452206	118	198	0	80	80	1.0000000
NODE_95863_length_371_cov_2.841912	288	350	4	59	62	0.9516129
NODE_95863_length_371_cov_2.841912	288	350	6	3	62	0.0483871
NODE_96013_length_371_cov_1.790441	188	235	2	47	47	1.0000000
NODE_96105_length_371_cov_1.422794	199	287	0	88	88	1.0000000
NODE_96500_length_370_cov_50.380074	144	224	0	80	80	1.0000000
NODE_96500_length_370_cov_50.380074	197	277	0	80	80	1.0000000
NODE_96504_length_370_cov_7.553506	105	162	0	9	57	0.1578947
NODE_96504_length_370_cov_7.553506	105	162	2	48	57	0.8421053
NODE_96510_length_370_cov_5.811808	153	221	0	68	68	1.0000000
NODE_96510_length_370_cov_5.811808	206	286	0	80	80	1.0000000
NODE_96522_length_370_cov_4.915129	157	207	0	50	50	1.0000000
NODE_96528_length_370_cov_4.535055	141	221	0	80	80	1.0000000
NODE_96528_length_370_cov_4.535055	194	274	0	80	80	1.0000000
NODE_96532_length_370_cov_4.199262	230	275	0	45	45	1.0000000
NODE_96533_length_370_cov_4.151292	142	209	6	2	67	0.0298507
NODE_96533_length_370_cov_4.151292	142	209	11	6	67	0.0895522
NODE_96533_length_370_cov_4.151292	142	209	13	9	67	0.1343284
NODE_96533_length_370_cov_4.151292	142	209	15	14	67	0.2089552
NODE_96533_length_370_cov_4.151292	142	209	16	8	67	0.1194030
NODE_96533_length_370_cov_4.151292	142	209	17	22	67	0.3283582
NODE_96533_length_370_cov_4.151292	142	209	19	6	67	0.0895522
NODE_96542_length_370_cov_3.719557	214	251	6	37	37	1.0000000
NODE_96581_length_370_cov_2.822878	126	173	3	5	47	0.1063830
NODE_96581_length_370_cov_2.822878	126	173	4	25	47	0.5319149
NODE_96581_length_370_cov_2.822878	126	173	5	17	47	0.3617021
NODE_96668_length_370_cov_2.081181	0	52	2	52	52	1.0000000
NODE_97207_length_369_cov_36.811111	273	358	2	23	85	0.2705882
NODE_97207_length_369_cov_36.811111	273	358	6	4	85	0.0470588
NODE_97207_length_369_cov_36.811111	273	358	12	4	85	0.0470588
NODE_97207_length_369_cov_36.811111	273	358	16	4	85	0.0470588
NODE_97207_length_369_cov_36.811111	273	358	18	4	85	0.0470588
NODE_97207_length_369_cov_36.811111	273	358	19	1	85	0.0117647
NODE_97207_length_369_cov_36.811111	273	358	20	45	85	0.5294118
NODE_97207_length_369_cov_36.811111	273	358	2	23	85	0.2705882
NODE_97207_length_369_cov_36.811111	273	358	6	4	85	0.0470588
NODE_97207_length_369_cov_36.811111	273	358	12	4	85	0.0470588
NODE_97207_length_369_cov_36.811111	273	358	16	4	85	0.0470588
NODE_97207_length_369_cov_36.811111	273	358	18	4	85	0.0470588
NODE_97207_length_369_cov_36.811111	273	358	19	1	85	0.0117647
NODE_97207_length_369_cov_36.811111	273	358	20	45	85	0.5294118
NODE_97207_length_369_cov_36.811111	273	358	2	23	85	0.2705882
NODE_97207_length_369_cov_36.811111	273	358	6	4	85	0.0470588
NODE_97207_length_369_cov_36.811111	273	358	12	4	85	0.0470588
NODE_97207_length_369_cov_36.811111	273	358	16	4	85	0.0470588
NODE_97207_length_369_cov_36.811111	273	358	18	4	85	0.0470588
NODE_97207_length_369_cov_36.811111	273	358	19	1	85	0.0117647
NODE_97207_length_369_cov_36.811111	273	358	20	45	85	0.5294118
NODE_97211_length_369_cov_8.751852	107	187	6	29	80	0.3625000
NODE_97211_length_369_cov_8.751852	107	187	8	7	80	0.0875000
NODE_97211_length_369_cov_8.751852	107	187	9	14	80	0.1750000
NODE_97211_length_369_cov_8.751852	107	187	12	30	80	0.3750000
NODE_97226_length_369_cov_6.677778	189	269	0	80	80	1.0000000
NODE_97226_length_369_cov_6.677778	242	323	0	81	81	1.0000000
NODE_97236_length_369_cov_5.337037	199	264	4	20	65	0.3076923
NODE_97236_length_369_cov_5.337037	199	264	5	45	65	0.6923077
NODE_97249_length_369_cov_4.459259	89	157	0	68	68	1.0000000
NODE_97249_length_369_cov_4.459259	130	210	0	80	80	1.0000000
NODE_97255_length_369_cov_4.111111	216	279	4	13	63	0.2063492
NODE_97255_length_369_cov_4.111111	216	279	6	6	63	0.0952381
NODE_97255_length_369_cov_4.111111	216	279	7	36	63	0.5714286
NODE_97255_length_369_cov_4.111111	216	279	8	8	63	0.1269841
NODE_97265_length_369_cov_3.837037	205	238	4	33	33	1.0000000
NODE_97265_length_369_cov_3.837037	211	291	0	39	80	0.4875000
NODE_97265_length_369_cov_3.837037	211	291	4	41	80	0.5125000
NODE_97265_length_369_cov_3.837037	287	316	0	29	29	1.0000000
NODE_97346_length_369_cov_2.355556	62	142	0	80	80	1.0000000
NODE_97346_length_369_cov_2.355556	114	195	0	81	81	1.0000000
NODE_97440_length_369_cov_1.803704	170	235	0	65	65	1.0000000
NODE_97936_length_368_cov_42.208178	231	311	0	20	80	0.2500000
NODE_97936_length_368_cov_42.208178	231	311	2	60	80	0.7500000
NODE_97936_length_368_cov_42.208178	284	364	0	73	80	0.9125000
NODE_97936_length_368_cov_42.208178	284	364	2	7	80	0.0875000
NODE_97939_length_368_cov_11.988848	47	127	0	80	80	1.0000000
NODE_97939_length_368_cov_11.988848	100	180	0	80	80	1.0000000
NODE_97945_length_368_cov_6.267658	133	213	0	80	80	1.0000000
NODE_97945_length_368_cov_6.267658	186	266	0	80	80	1.0000000
NODE_97997_length_368_cov_3.486989	127	207	0	16	80	0.2000000
NODE_97997_length_368_cov_3.486989	127	207	2	64	80	0.8000000
NODE_98008_length_368_cov_3.282528	182	255	0	16	73	0.2191781
NODE_98008_length_368_cov_3.282528	182	255	1	57	73	0.7808219
NODE_98058_length_368_cov_2.605948	192	246	0	54	54	1.0000000
NODE_98123_length_368_cov_2.182156	85	145	0	60	60	1.0000000
NODE_98129_length_368_cov_2.137546	66	107	0	1	41	0.0243902
NODE_98129_length_368_cov_2.137546	66	107	2	2	41	0.0487805
NODE_98129_length_368_cov_2.137546	66	107	4	11	41	0.2682927
NODE_98129_length_368_cov_2.137546	66	107	6	27	41	0.6585366
NODE_98157_length_368_cov_1.944238	192	272	2	7	80	0.0875000
NODE_98157_length_368_cov_1.944238	192	272	6	5	80	0.0625000
NODE_98157_length_368_cov_1.944238	192	272	8	8	80	0.1000000
NODE_98157_length_368_cov_1.944238	192	272	10	13	80	0.1625000
NODE_98157_length_368_cov_1.944238	192	272	12	10	80	0.1250000
NODE_98157_length_368_cov_1.944238	192	272	14	8	80	0.1000000
NODE_98157_length_368_cov_1.944238	192	272	16	29	80	0.3625000
NODE_98723_length_367_cov_7.156716	174	254	0	80	80	1.0000000
NODE_98723_length_367_cov_7.156716	227	307	0	80	80	1.0000000
NODE_98734_length_367_cov_5.313433	148	206	0	1	58	0.0172414
NODE_98734_length_367_cov_5.313433	148	206	2	2	58	0.0344828
NODE_98734_length_367_cov_5.313433	148	206	3	1	58	0.0172414
NODE_98734_length_367_cov_5.313433	148	206	5	8	58	0.1379310
NODE_98734_length_367_cov_5.313433	148	206	7	4	58	0.0689655
NODE_98734_length_367_cov_5.313433	148	206	13	1	58	0.0172414
NODE_98734_length_367_cov_5.313433	148	206	15	1	58	0.0172414
NODE_98734_length_367_cov_5.313433	148	206	16	8	58	0.1379310
NODE_98734_length_367_cov_5.313433	148	206	17	4	58	0.0689655
NODE_98734_length_367_cov_5.313433	148	206	18	28	58	0.4827586
NODE_98737_length_367_cov_5.138060	58	138	0	80	80	1.0000000
NODE_98737_length_367_cov_5.138060	111	191	0	80	80	1.0000000
NODE_98796_length_367_cov_3.059701	110	154	4	44	44	1.0000000
NODE_98796_length_367_cov_3.059701	111	146	4	35	35	1.0000000
NODE_98843_length_367_cov_2.384328	246	326	7	35	80	0.4375000
NODE_98843_length_367_cov_2.384328	246	326	9	45	80	0.5625000
NODE_98843_length_367_cov_2.384328	299	367	0	2	68	0.0294118
NODE_98843_length_367_cov_2.384328	299	367	1	1	68	0.0147059
NODE_98843_length_367_cov_2.384328	299	367	2	1	68	0.0147059
NODE_98843_length_367_cov_2.384328	299	367	6	4	68	0.0588235
NODE_98843_length_367_cov_2.384328	299	367	7	60	68	0.8823529
NODE_98849_length_367_cov_2.332090	127	207	0	80	80	1.0000000
NODE_98909_length_367_cov_1.944030	91	156	0	65	65	1.0000000
NODE_98980_length_367_cov_1.679104	173	252	2	4	79	0.0506329
NODE_98980_length_367_cov_1.679104	173	252	4	1	79	0.0126582
NODE_98980_length_367_cov_1.679104	173	252	6	10	79	0.1265823
NODE_98980_length_367_cov_1.679104	173	252	8	19	79	0.2405063
NODE_98980_length_367_cov_1.679104	173	252	10	45	79	0.5696203
NODE_99005_length_367_cov_1.552239	148	200	0	52	52	1.0000000
NODE_99138_length_367_cov_1.201493	79	159	0	80	80	1.0000000
NODE_99138_length_367_cov_1.201493	136	179	0	43	43	1.0000000
NODE_99318_length_367_cov_0.761194	288	357	0	69	69	1.0000000
NODE_99451_length_366_cov_5.239700	193	253	0	60	60	1.0000000
NODE_99472_length_366_cov_4.168539	302	355	0	53	53	1.0000000
NODE_99478_length_366_cov_3.913858	183	229	0	46	46	1.0000000
NODE_99478_length_366_cov_3.913858	203	282	0	79	79	1.0000000
NODE_99496_length_366_cov_3.168539	88	160	0	7	72	0.0972222
NODE_99496_length_366_cov_3.168539	88	160	2	40	72	0.5555556
NODE_99496_length_366_cov_3.168539	88	160	8	23	72	0.3194444
NODE_99496_length_366_cov_3.168539	88	160	10	2	72	0.0277778
NODE_99496_length_366_cov_3.168539	133	193	2	2	60	0.0333333
NODE_99496_length_366_cov_3.168539	133	193	8	23	60	0.3833333
NODE_99496_length_366_cov_3.168539	133	193	9	1	60	0.0166667
NODE_99496_length_366_cov_3.168539	133	193	10	34	60	0.5666667
NODE_100137_length_365_cov_140.101504	40	107	84	1	67	0.0149254
NODE_100137_length_365_cov_140.101504	40	107	86	3	67	0.0447761
NODE_100137_length_365_cov_140.101504	40	107	90	2	67	0.0298507
NODE_100137_length_365_cov_140.101504	40	107	96	3	67	0.0447761
NODE_100137_length_365_cov_140.101504	40	107	98	1	67	0.0149254
NODE_100137_length_365_cov_140.101504	40	107	107	3	67	0.0447761
NODE_100137_length_365_cov_140.101504	40	107	111	2	67	0.0298507
NODE_100137_length_365_cov_140.101504	40	107	115	1	67	0.0149254
NODE_100137_length_365_cov_140.101504	40	107	117	5	67	0.0746269
NODE_100137_length_365_cov_140.101504	40	107	119	6	67	0.0895522
NODE_100137_length_365_cov_140.101504	40	107	125	1	67	0.0149254
NODE_100137_length_365_cov_140.101504	40	107	127	1	67	0.0149254
NODE_100137_length_365_cov_140.101504	40	107	131	1	67	0.0149254
NODE_100137_length_365_cov_140.101504	40	107	135	2	67	0.0298507
NODE_100137_length_365_cov_140.101504	40	107	137	3	67	0.0447761
NODE_100137_length_365_cov_140.101504	40	107	139	32	67	0.4776119
NODE_100138_length_365_cov_45.815789	0	38	0	38	38	1.0000000
NODE_100138_length_365_cov_45.815789	11	91	0	80	80	1.0000000
NODE_100140_length_365_cov_8.169173	191	244	0	14	53	0.2641509
NODE_100140_length_365_cov_8.169173	191	244	2	39	53	0.7358491
NODE_100140_length_365_cov_8.169173	217	297	0	27	80	0.3375000
NODE_100140_length_365_cov_8.169173	217	297	2	53	80	0.6625000
NODE_100145_length_365_cov_5.954887	136	216	0	80	80	1.0000000
NODE_100145_length_365_cov_5.954887	189	269	0	80	80	1.0000000
NODE_100147_length_365_cov_5.721805	37	78	2	41	41	1.0000000
NODE_100168_length_365_cov_4.195489	269	329	2	60	60	1.0000000
NODE_100172_length_365_cov_4.071429	106	186	0	80	80	1.0000000
NODE_100172_length_365_cov_4.071429	159	239	0	80	80	1.0000000
NODE_100180_length_365_cov_3.879699	131	187	4	56	56	1.0000000
NODE_100206_length_365_cov_3.270677	211	280	4	69	69	1.0000000
NODE_100253_length_365_cov_2.601504	189	265	0	6	76	0.0789474
NODE_100253_length_365_cov_2.601504	189	265	2	7	76	0.0921053
NODE_100253_length_365_cov_2.601504	189	265	4	63	76	0.8289474
NODE_100293_length_365_cov_2.289474	169	249	0	80	80	1.0000000
NODE_100407_length_365_cov_1.635338	156	235	2	3	79	0.0379747
NODE_100407_length_365_cov_1.635338	156	235	4	9	79	0.1139240
NODE_100407_length_365_cov_1.635338	156	235	6	4	79	0.0506329
NODE_100407_length_365_cov_1.635338	156	235	8	3	79	0.0379747
NODE_100407_length_365_cov_1.635338	156	235	10	7	79	0.0886076
NODE_100407_length_365_cov_1.635338	156	235	12	7	79	0.0886076
NODE_100407_length_365_cov_1.635338	156	235	16	18	79	0.2278481
NODE_100407_length_365_cov_1.635338	156	235	18	28	79	0.3544304
NODE_100485_length_365_cov_1.421053	228	309	0	81	81	1.0000000
NODE_100570_length_365_cov_1.169173	57	137	0	80	80	1.0000000
NODE_100570_length_365_cov_1.169173	65	145	0	80	80	1.0000000
NODE_100570_length_365_cov_1.169173	194	274	7	4	80	0.0500000
NODE_100570_length_365_cov_1.169173	194	274	8	1	80	0.0125000
NODE_100570_length_365_cov_1.169173	194	274	10	75	80	0.9375000
NODE_100893_length_364_cov_24.600000	101	181	0	62	80	0.7750000
NODE_100893_length_364_cov_24.600000	101	181	4	18	80	0.2250000
NODE_100893_length_364_cov_24.600000	154	234	0	9	80	0.1125000
NODE_100893_length_364_cov_24.600000	154	234	4	71	80	0.8875000
NODE_100896_length_364_cov_7.377358	0	50	0	2	50	0.0400000
NODE_100896_length_364_cov_7.377358	0	50	4	48	50	0.9600000
NODE_100933_length_364_cov_3.988679	122	168	0	46	46	1.0000000
NODE_100935_length_364_cov_3.913208	151	208	1	1	57	0.0175439
NODE_100935_length_364_cov_3.913208	151	208	2	9	57	0.1578947
NODE_100935_length_364_cov_3.913208	151	208	3	8	57	0.1403509
NODE_100935_length_364_cov_3.913208	151	208	4	3	57	0.0526316
NODE_100935_length_364_cov_3.913208	151	208	5	1	57	0.0175439
NODE_100935_length_364_cov_3.913208	151	208	7	3	57	0.0526316
NODE_100935_length_364_cov_3.913208	151	208	9	10	57	0.1754386
NODE_100935_length_364_cov_3.913208	151	208	10	1	57	0.0175439
NODE_100935_length_364_cov_3.913208	151	208	11	8	57	0.1403509
NODE_100935_length_364_cov_3.913208	151	208	12	13	57	0.2280702
NODE_100959_length_364_cov_3.305660	296	358	0	7	62	0.1129032
NODE_100959_length_364_cov_3.305660	296	358	2	55	62	0.8870968
NODE_100966_length_364_cov_3.181132	78	138	0	60	60	1.0000000
NODE_100975_length_364_cov_3.041509	264	321	6	57	57	1.0000000
NODE_100975_length_364_cov_3.041509	294	359	2	7	65	0.1076923
NODE_100975_length_364_cov_3.041509	294	359	4	15	65	0.2307692
NODE_100975_length_364_cov_3.041509	294	359	6	43	65	0.6615385
NODE_100978_length_364_cov_3.015094	238	274	2	36	36	1.0000000
NODE_101087_length_364_cov_1.977358	126	201	3	1	75	0.0133333
NODE_101087_length_364_cov_1.977358	126	201	4	59	75	0.7866667
NODE_101087_length_364_cov_1.977358	126	201	5	8	75	0.1066667
NODE_101087_length_364_cov_1.977358	126	201	6	5	75	0.0666667
NODE_101087_length_364_cov_1.977358	126	201	8	2	75	0.0266667
NODE_101141_length_364_cov_1.811321	209	256	0	47	47	1.0000000
NODE_101148_length_364_cov_1.781132	130	203	2	64	73	0.8767123
NODE_101148_length_364_cov_1.781132	130	203	4	8	73	0.1095890
NODE_101148_length_364_cov_1.781132	130	203	6	1	73	0.0136986
NODE_101148_length_364_cov_1.781132	183	203	2	20	20	1.0000000
NODE_101720_length_363_cov_7.791667	121	200	0	79	79	1.0000000
NODE_101725_length_363_cov_6.484848	33	90	16	14	57	0.2456140
NODE_101725_length_363_cov_6.484848	33	90	18	43	57	0.7543859
NODE_101725_length_363_cov_6.484848	93	146	14	14	53	0.2641509
NODE_101725_length_363_cov_6.484848	93	146	16	15	53	0.2830189
NODE_101725_length_363_cov_6.484848	93	146	18	24	53	0.4528302
NODE_101734_length_363_cov_4.825758	154	215	0	61	61	1.0000000
NODE_101760_length_363_cov_3.950758	112	183	4	8	71	0.1126761
NODE_101760_length_363_cov_3.950758	112	183	6	13	71	0.1830986
NODE_101760_length_363_cov_3.950758	112	183	8	50	71	0.7042254
NODE_101760_length_363_cov_3.950758	156	236	2	9	80	0.1125000
NODE_101760_length_363_cov_3.950758	156	236	4	21	80	0.2625000
NODE_101760_length_363_cov_3.950758	156	236	6	10	80	0.1250000
NODE_101760_length_363_cov_3.950758	156	236	8	40	80	0.5000000
NODE_101769_length_363_cov_3.617424	16	79	0	63	63	1.0000000
NODE_101774_length_363_cov_3.409091	241	267	0	26	26	1.0000000
NODE_101791_length_363_cov_3.087121	228	308	14	6	80	0.0750000
NODE_101791_length_363_cov_3.087121	228	308	15	1	80	0.0125000
NODE_101791_length_363_cov_3.087121	228	308	16	3	80	0.0375000
NODE_101791_length_363_cov_3.087121	228	308	18	4	80	0.0500000
NODE_101791_length_363_cov_3.087121	228	308	20	3	80	0.0375000
NODE_101791_length_363_cov_3.087121	228	308	21	8	80	0.1000000
NODE_101791_length_363_cov_3.087121	228	308	23	23	80	0.2875000
NODE_101791_length_363_cov_3.087121	228	308	24	32	80	0.4000000
NODE_101809_length_363_cov_2.795455	240	320	14	5	80	0.0625000
NODE_101809_length_363_cov_2.795455	240	320	15	5	80	0.0625000
NODE_101809_length_363_cov_2.795455	240	320	17	4	80	0.0500000
NODE_101809_length_363_cov_2.795455	240	320	19	18	80	0.2250000
NODE_101809_length_363_cov_2.795455	240	320	21	48	80	0.6000000
NODE_101822_length_363_cov_2.481061	86	166	0	80	80	1.0000000
NODE_101822_length_363_cov_2.481061	139	219	0	80	80	1.0000000
NODE_101879_length_363_cov_2.034091	46	126	0	80	80	1.0000000
NODE_101879_length_363_cov_2.034091	99	153	0	54	54	1.0000000
NODE_101992_length_363_cov_1.541667	235	315	2	80	80	1.0000000
NODE_102022_length_363_cov_1.477273	141	202	0	20	61	0.3278688
NODE_102022_length_363_cov_1.477273	141	202	2	3	61	0.0491803
NODE_102022_length_363_cov_1.477273	141	202	4	2	61	0.0327869
NODE_102022_length_363_cov_1.477273	141	202	6	36	61	0.5901639
NODE_102022_length_363_cov_1.477273	153	210	0	8	57	0.1403509
NODE_102022_length_363_cov_1.477273	153	210	2	3	57	0.0526316
NODE_102022_length_363_cov_1.477273	153	210	4	2	57	0.0350877
NODE_102022_length_363_cov_1.477273	153	210	6	44	57	0.7719298
NODE_102187_length_363_cov_1.113636	245	316	0	25	71	0.3521127
NODE_102187_length_363_cov_1.113636	245	316	2	46	71	0.6478873
NODE_102464_length_362_cov_54.927757	52	116	0	64	64	1.0000000
NODE_102465_length_362_cov_29.273764	86	166	0	63	80	0.7875000
NODE_102465_length_362_cov_29.273764	86	166	2	17	80	0.2125000
NODE_102465_length_362_cov_29.273764	139	219	0	80	80	1.0000000
NODE_102467_length_362_cov_14.847909	130	210	0	80	80	1.0000000
NODE_102467_length_362_cov_14.847909	183	263	0	80	80	1.0000000
NODE_102633_length_362_cov_2.159696	133	216	0	83	83	1.0000000
NODE_103259_length_361_cov_4.641221	249	312	14	8	63	0.1269841
NODE_103259_length_361_cov_4.641221	249	312	16	2	63	0.0317460
NODE_103259_length_361_cov_4.641221	249	312	17	1	63	0.0158730
NODE_103259_length_361_cov_4.641221	249	312	20	1	63	0.0158730
NODE_103259_length_361_cov_4.641221	249	312	24	4	63	0.0634921
NODE_103259_length_361_cov_4.641221	249	312	28	4	63	0.0634921
NODE_103259_length_361_cov_4.641221	249	312	30	1	63	0.0158730
NODE_103259_length_361_cov_4.641221	249	312	32	13	63	0.2063492
NODE_103259_length_361_cov_4.641221	249	312	35	3	63	0.0476190
NODE_103259_length_361_cov_4.641221	249	312	36	26	63	0.4126984
NODE_103280_length_361_cov_3.717557	185	265	0	28	80	0.3500000
NODE_103280_length_361_cov_3.717557	185	265	2	48	80	0.6000000
NODE_103280_length_361_cov_3.717557	185	265	4	4	80	0.0500000
NODE_103280_length_361_cov_3.717557	238	265	0	27	27	1.0000000
NODE_103314_length_361_cov_2.988550	121	201	4	80	80	1.0000000
NODE_103314_length_361_cov_2.988550	174	216	2	7	42	0.1666667
NODE_103314_length_361_cov_2.988550	174	216	4	35	42	0.8333333
NODE_103338_length_361_cov_2.641221	4	33	0	29	29	1.0000000
NODE_103338_length_361_cov_2.641221	101	182	2	16	81	0.1975309
NODE_103338_length_361_cov_2.641221	101	182	4	50	81	0.6172839
NODE_103338_length_361_cov_2.641221	101	182	6	15	81	0.1851852
NODE_103391_length_361_cov_2.137405	138	194	4	56	56	1.0000000
NODE_103396_length_361_cov_2.106870	192	256	0	64	64	1.0000000
NODE_103418_length_361_cov_1.969466	137	198	0	61	61	1.0000000
NODE_103632_length_361_cov_1.343511	171	250	0	79	79	1.0000000
NODE_103802_length_361_cov_1.000000	60	123	0	63	63	1.0000000
NODE_104057_length_360_cov_8.191571	171	242	12	18	71	0.2535211
NODE_104057_length_360_cov_8.191571	171	242	14	4	71	0.0563380
NODE_104057_length_360_cov_8.191571	171	242	16	1	71	0.0140845
NODE_104057_length_360_cov_8.191571	171	242	22	6	71	0.0845070
NODE_104057_length_360_cov_8.191571	171	242	24	10	71	0.1408451
NODE_104057_length_360_cov_8.191571	171	242	28	32	71	0.4507042
NODE_104057_length_360_cov_8.191571	176	242	12	13	66	0.1969697
NODE_104057_length_360_cov_8.191571	176	242	14	4	66	0.0606061
NODE_104057_length_360_cov_8.191571	176	242	16	1	66	0.0151515
NODE_104057_length_360_cov_8.191571	176	242	22	6	66	0.0909091
NODE_104057_length_360_cov_8.191571	176	242	24	10	66	0.1515152
NODE_104057_length_360_cov_8.191571	176	242	28	32	66	0.4848485
NODE_104057_length_360_cov_8.191571	215	279	16	1	64	0.0156250
NODE_104057_length_360_cov_8.191571	215	279	20	1	64	0.0156250
NODE_104057_length_360_cov_8.191571	215	279	22	3	64	0.0468750
NODE_104057_length_360_cov_8.191571	215	279	24	2	64	0.0312500
NODE_104057_length_360_cov_8.191571	215	279	26	3	64	0.0468750
NODE_104057_length_360_cov_8.191571	215	279	28	54	64	0.8437500
NODE_104057_length_360_cov_8.191571	215	279	16	1	64	0.0156250
NODE_104057_length_360_cov_8.191571	215	279	20	1	64	0.0156250
NODE_104057_length_360_cov_8.191571	215	279	22	3	64	0.0468750
NODE_104057_length_360_cov_8.191571	215	279	24	2	64	0.0312500
NODE_104057_length_360_cov_8.191571	215	279	26	3	64	0.0468750
NODE_104057_length_360_cov_8.191571	215	279	28	54	64	0.8437500
NODE_104079_length_360_cov_5.003831	86	166	0	50	80	0.6250000
NODE_104079_length_360_cov_5.003831	86	166	2	30	80	0.3750000
NODE_104091_length_360_cov_4.111111	158	238	123	1	80	0.0125000
NODE_104091_length_360_cov_4.111111	158	238	129	1	80	0.0125000
NODE_104091_length_360_cov_4.111111	158	238	131	1	80	0.0125000
NODE_104091_length_360_cov_4.111111	158	238	133	1	80	0.0125000
NODE_104091_length_360_cov_4.111111	158	238	135	2	80	0.0250000
NODE_104091_length_360_cov_4.111111	158	238	136	1	80	0.0125000
NODE_104091_length_360_cov_4.111111	158	238	138	1	80	0.0125000
NODE_104091_length_360_cov_4.111111	158	238	141	3	80	0.0375000
NODE_104091_length_360_cov_4.111111	158	238	142	1	80	0.0125000
NODE_104091_length_360_cov_4.111111	158	238	143	1	80	0.0125000
NODE_104091_length_360_cov_4.111111	158	238	146	1	80	0.0125000
NODE_104091_length_360_cov_4.111111	158	238	150	5	80	0.0625000
NODE_104091_length_360_cov_4.111111	158	238	152	1	80	0.0125000
NODE_104091_length_360_cov_4.111111	158	238	154	1	80	0.0125000
NODE_104091_length_360_cov_4.111111	158	238	156	1	80	0.0125000
NODE_104091_length_360_cov_4.111111	158	238	159	2	80	0.0250000
NODE_104091_length_360_cov_4.111111	158	238	160	4	80	0.0500000
NODE_104091_length_360_cov_4.111111	158	238	161	2	80	0.0250000
NODE_104091_length_360_cov_4.111111	158	238	163	1	80	0.0125000
NODE_104091_length_360_cov_4.111111	158	238	165	1	80	0.0125000
NODE_104091_length_360_cov_4.111111	158	238	167	1	80	0.0125000
NODE_104091_length_360_cov_4.111111	158	238	168	4	80	0.0500000
NODE_104091_length_360_cov_4.111111	158	238	170	2	80	0.0250000
NODE_104091_length_360_cov_4.111111	158	238	171	1	80	0.0125000
NODE_104091_length_360_cov_4.111111	158	238	172	2	80	0.0250000
NODE_104091_length_360_cov_4.111111	158	238	173	5	80	0.0625000
NODE_104091_length_360_cov_4.111111	158	238	175	10	80	0.1250000
NODE_104091_length_360_cov_4.111111	158	238	177	23	80	0.2875000
NODE_104102_length_360_cov_3.613027	123	203	0	17	80	0.2125000
NODE_104102_length_360_cov_3.613027	123	203	2	63	80	0.7875000
NODE_104102_length_360_cov_3.613027	176	256	0	70	80	0.8750000
NODE_104102_length_360_cov_3.613027	176	256	2	10	80	0.1250000
NODE_104129_length_360_cov_3.080460	48	70	2	22	22	1.0000000
NODE_104162_length_360_cov_2.689655	118	198	8	1	80	0.0125000
NODE_104162_length_360_cov_2.689655	118	198	9	10	80	0.1250000
NODE_104162_length_360_cov_2.689655	118	198	10	69	80	0.8625000
NODE_104261_length_360_cov_1.977011	235	286	0	51	51	1.0000000
NODE_104572_length_360_cov_1.149425	273	353	0	80	80	1.0000000
NODE_104669_length_360_cov_0.965517	119	175	0	56	56	1.0000000
NODE_104671_length_360_cov_0.957854	140	186	0	46	46	1.0000000
NODE_104858_length_359_cov_45.519231	140	220	0	10	80	0.1250000
NODE_104858_length_359_cov_45.519231	140	220	2	70	80	0.8750000
NODE_104858_length_359_cov_45.519231	193	273	0	51	80	0.6375000
NODE_104858_length_359_cov_45.519231	193	273	2	29	80	0.3625000
NODE_104932_length_359_cov_3.296154	67	147	8	9	80	0.1125000
NODE_104932_length_359_cov_3.296154	67	147	10	2	80	0.0250000
NODE_104932_length_359_cov_3.296154	67	147	12	8	80	0.1000000
NODE_104932_length_359_cov_3.296154	67	147	16	16	80	0.2000000
NODE_104932_length_359_cov_3.296154	67	147	21	3	80	0.0375000
NODE_104932_length_359_cov_3.296154	67	147	23	23	80	0.2875000
NODE_104932_length_359_cov_3.296154	67	147	24	8	80	0.1000000
NODE_104932_length_359_cov_3.296154	67	147	26	11	80	0.1375000
NODE_104932_length_359_cov_3.296154	120	177	20	2	57	0.0350877
NODE_104932_length_359_cov_3.296154	120	177	22	14	57	0.2456140
NODE_104932_length_359_cov_3.296154	120	177	23	8	57	0.1403509
NODE_104932_length_359_cov_3.296154	120	177	24	10	57	0.1754386
NODE_104932_length_359_cov_3.296154	120	177	26	23	57	0.4035088
NODE_104932_length_359_cov_3.296154	201	256	1	1	55	0.0181818
NODE_104932_length_359_cov_3.296154	201	256	2	17	55	0.3090909
NODE_104932_length_359_cov_3.296154	201	256	4	11	55	0.2000000
NODE_104932_length_359_cov_3.296154	201	256	7	4	55	0.0727273
NODE_104932_length_359_cov_3.296154	201	256	8	15	55	0.2727273
NODE_104932_length_359_cov_3.296154	201	256	15	7	55	0.1272727
NODE_104936_length_359_cov_3.276923	5	95	2	7	90	0.0777778
NODE_104936_length_359_cov_3.276923	5	95	4	31	90	0.3444445
NODE_104936_length_359_cov_3.276923	5	95	5	52	90	0.5777778
NODE_104954_length_359_cov_3.007692	156	212	16	54	56	0.9642857
NODE_104954_length_359_cov_3.007692	156	212	17	2	56	0.0357143
NODE_104998_length_359_cov_2.523077	148	228	0	80	80	1.0000000
NODE_104998_length_359_cov_2.523077	201	278	0	77	77	1.0000000
NODE_105002_length_359_cov_2.419231	106	186	2	20	80	0.2500000
NODE_105002_length_359_cov_2.419231	106	186	4	60	80	0.7500000
NODE_105002_length_359_cov_2.419231	159	211	0	16	52	0.3076923
NODE_105002_length_359_cov_2.419231	159	211	2	11	52	0.2115385
NODE_105002_length_359_cov_2.419231	159	211	4	25	52	0.4807692
NODE_105006_length_359_cov_2.353846	172	243	0	71	71	1.0000000
NODE_105006_length_359_cov_2.353846	216	296	0	80	80	1.0000000
NODE_105026_length_359_cov_2.257692	211	270	0	2	59	0.0338983
NODE_105026_length_359_cov_2.257692	211	270	4	10	59	0.1694915
NODE_105026_length_359_cov_2.257692	211	270	6	47	59	0.7966102
NODE_105063_length_359_cov_2.003846	8	88	0	80	80	1.0000000
NODE_105063_length_359_cov_2.003846	61	139	0	78	78	1.0000000
NODE_105106_length_359_cov_1.815385	126	207	0	81	81	1.0000000
NODE_105106_length_359_cov_1.815385	180	227	0	47	47	1.0000000
NODE_105142_length_359_cov_1.692308	88	116	0	28	28	1.0000000
NODE_105373_length_359_cov_1.096154	64	89	6	25	25	1.0000000
NODE_105599_length_359_cov_0.711538	222	248	2	26	26	1.0000000
NODE_105600_length_359_cov_0.707692	10	90	0	80	80	1.0000000
NODE_105600_length_359_cov_0.707692	10	90	0	80	80	1.0000000
NODE_105600_length_359_cov_0.707692	63	143	0	80	80	1.0000000
NODE_105678_length_358_cov_19.760618	213	293	0	80	80	1.0000000
NODE_105678_length_358_cov_19.760618	266	346	0	80	80	1.0000000
NODE_105679_length_358_cov_18.455598	303	358	5	3	55	0.0545455
NODE_105679_length_358_cov_18.455598	303	358	15	26	55	0.4727273
NODE_105679_length_358_cov_18.455598	303	358	19	1	55	0.0181818
NODE_105679_length_358_cov_18.455598	303	358	20	7	55	0.1272727
NODE_105679_length_358_cov_18.455598	303	358	21	18	55	0.3272727
NODE_105680_length_358_cov_17.023166	0	63	2	2	63	0.0317460
NODE_105680_length_358_cov_17.023166	0	63	4	8	63	0.1269841
NODE_105680_length_358_cov_17.023166	0	63	6	1	63	0.0158730
NODE_105680_length_358_cov_17.023166	0	63	14	1	63	0.0158730
NODE_105680_length_358_cov_17.023166	0	63	15	4	63	0.0634921
NODE_105680_length_358_cov_17.023166	0	63	16	1	63	0.0158730
NODE_105680_length_358_cov_17.023166	0	63	19	1	63	0.0158730
NODE_105680_length_358_cov_17.023166	0	63	20	3	63	0.0476190
NODE_105680_length_358_cov_17.023166	0	63	30	3	63	0.0476190
NODE_105680_length_358_cov_17.023166	0	63	40	1	63	0.0158730
NODE_105680_length_358_cov_17.023166	0	63	41	3	63	0.0476190
NODE_105680_length_358_cov_17.023166	0	63	49	10	63	0.1587302
NODE_105680_length_358_cov_17.023166	0	63	50	4	63	0.0634921
NODE_105680_length_358_cov_17.023166	0	63	54	12	63	0.1904762
NODE_105680_length_358_cov_17.023166	0	63	56	1	63	0.0158730
NODE_105680_length_358_cov_17.023166	0	63	58	2	63	0.0317460
NODE_105680_length_358_cov_17.023166	0	63	64	6	63	0.0952381
NODE_105680_length_358_cov_17.023166	0	63	2	2	63	0.0317460
NODE_105680_length_358_cov_17.023166	0	63	4	8	63	0.1269841
NODE_105680_length_358_cov_17.023166	0	63	6	1	63	0.0158730
NODE_105680_length_358_cov_17.023166	0	63	14	1	63	0.0158730
NODE_105680_length_358_cov_17.023166	0	63	15	4	63	0.0634921
NODE_105680_length_358_cov_17.023166	0	63	16	1	63	0.0158730
NODE_105680_length_358_cov_17.023166	0	63	19	1	63	0.0158730
NODE_105680_length_358_cov_17.023166	0	63	20	3	63	0.0476190
NODE_105680_length_358_cov_17.023166	0	63	30	3	63	0.0476190
NODE_105680_length_358_cov_17.023166	0	63	40	1	63	0.0158730
NODE_105680_length_358_cov_17.023166	0	63	41	3	63	0.0476190
NODE_105680_length_358_cov_17.023166	0	63	49	10	63	0.1587302
NODE_105680_length_358_cov_17.023166	0	63	50	4	63	0.0634921
NODE_105680_length_358_cov_17.023166	0	63	54	12	63	0.1904762
NODE_105680_length_358_cov_17.023166	0	63	56	1	63	0.0158730
NODE_105680_length_358_cov_17.023166	0	63	58	2	63	0.0317460
NODE_105680_length_358_cov_17.023166	0	63	64	6	63	0.0952381
NODE_105680_length_358_cov_17.023166	0	63	2	2	63	0.0317460
NODE_105680_length_358_cov_17.023166	0	63	4	8	63	0.1269841
NODE_105680_length_358_cov_17.023166	0	63	6	1	63	0.0158730
NODE_105680_length_358_cov_17.023166	0	63	14	1	63	0.0158730
NODE_105680_length_358_cov_17.023166	0	63	15	4	63	0.0634921
NODE_105680_length_358_cov_17.023166	0	63	16	1	63	0.0158730
NODE_105680_length_358_cov_17.023166	0	63	19	1	63	0.0158730
NODE_105680_length_358_cov_17.023166	0	63	20	3	63	0.0476190
NODE_105680_length_358_cov_17.023166	0	63	30	3	63	0.0476190
NODE_105680_length_358_cov_17.023166	0	63	40	1	63	0.0158730
NODE_105680_length_358_cov_17.023166	0	63	41	3	63	0.0476190
NODE_105680_length_358_cov_17.023166	0	63	49	10	63	0.1587302
NODE_105680_length_358_cov_17.023166	0	63	50	4	63	0.0634921
NODE_105680_length_358_cov_17.023166	0	63	54	12	63	0.1904762
NODE_105680_length_358_cov_17.023166	0	63	56	1	63	0.0158730
NODE_105680_length_358_cov_17.023166	0	63	58	2	63	0.0317460
NODE_105680_length_358_cov_17.023166	0	63	64	6	63	0.0952381
NODE_105680_length_358_cov_17.023166	36	116	49	2	80	0.0250000
NODE_105680_length_358_cov_17.023166	36	116	50	4	80	0.0500000
NODE_105680_length_358_cov_17.023166	36	116	54	12	80	0.1500000
NODE_105680_length_358_cov_17.023166	36	116	56	1	80	0.0125000
NODE_105680_length_358_cov_17.023166	36	116	58	2	80	0.0250000
NODE_105680_length_358_cov_17.023166	36	116	64	8	80	0.1000000
NODE_105680_length_358_cov_17.023166	36	116	65	4	80	0.0500000
NODE_105680_length_358_cov_17.023166	36	116	66	4	80	0.0500000
NODE_105680_length_358_cov_17.023166	36	116	67	43	80	0.5375000
NODE_105680_length_358_cov_17.023166	53	115	54	1	62	0.0161290
NODE_105680_length_358_cov_17.023166	53	115	56	1	62	0.0161290
NODE_105680_length_358_cov_17.023166	53	115	58	2	62	0.0322581
NODE_105680_length_358_cov_17.023166	53	115	64	8	62	0.1290323
NODE_105680_length_358_cov_17.023166	53	115	65	3	62	0.0483871
NODE_105680_length_358_cov_17.023166	53	115	66	4	62	0.0645161
NODE_105680_length_358_cov_17.023166	53	115	67	43	62	0.6935484
NODE_105686_length_358_cov_6.509653	109	155	2	46	46	1.0000000
NODE_105710_length_358_cov_4.239382	114	143	4	6	29	0.2068966
NODE_105710_length_358_cov_4.239382	114	143	6	23	29	0.7931035
NODE_105710_length_358_cov_4.239382	180	245	0	14	65	0.2153846
NODE_105710_length_358_cov_4.239382	180	245	2	2	65	0.0307692
NODE_105710_length_358_cov_4.239382	180	245	4	18	65	0.2769231
NODE_105710_length_358_cov_4.239382	180	245	6	31	65	0.4769231
NODE_105710_length_358_cov_4.239382	218	298	0	67	80	0.8375000
NODE_105710_length_358_cov_4.239382	218	298	2	2	80	0.0250000
NODE_105710_length_358_cov_4.239382	218	298	4	11	80	0.1375000
NODE_105846_length_358_cov_2.162162	229	305	0	20	76	0.2631579
NODE_105846_length_358_cov_2.162162	229	305	1	15	76	0.1973684
NODE_105846_length_358_cov_2.162162	229	305	3	41	76	0.5394737
NODE_105902_length_358_cov_1.926641	290	358	0	68	68	1.0000000
NODE_105910_length_358_cov_1.884170	250	317	0	67	67	1.0000000
NODE_105923_length_358_cov_1.841699	189	269	2	2	80	0.0250000
NODE_105923_length_358_cov_1.841699	189	269	4	68	80	0.8500000
NODE_105923_length_358_cov_1.841699	189	269	6	10	80	0.1250000
NODE_106096_length_358_cov_1.235521	99	179	2	9	80	0.1125000
NODE_106096_length_358_cov_1.235521	99	179	4	9	80	0.1125000
NODE_106096_length_358_cov_1.235521	99	179	9	62	80	0.7750000
NODE_106096_length_358_cov_1.235521	152	222	0	32	70	0.4571429
NODE_106096_length_358_cov_1.235521	152	222	2	20	70	0.2857143
NODE_106096_length_358_cov_1.235521	152	222	4	9	70	0.1285714
NODE_106096_length_358_cov_1.235521	152	222	9	9	70	0.1285714
NODE_106189_length_358_cov_1.096525	148	228	0	80	80	1.0000000
NODE_106233_length_358_cov_0.984556	193	265	0	72	72	1.0000000
NODE_106489_length_357_cov_381.833333	244	324	73	1	80	0.0125000
NODE_106489_length_357_cov_381.833333	244	324	75	1	80	0.0125000
NODE_106489_length_357_cov_381.833333	244	324	76	1	80	0.0125000
NODE_106489_length_357_cov_381.833333	244	324	77	2	80	0.0250000
NODE_106489_length_357_cov_381.833333	244	324	81	5	80	0.0625000
NODE_106489_length_357_cov_381.833333	244	324	87	7	80	0.0875000
NODE_106489_length_357_cov_381.833333	244	324	91	1	80	0.0125000
NODE_106489_length_357_cov_381.833333	244	324	93	1	80	0.0125000
NODE_106489_length_357_cov_381.833333	244	324	97	4	80	0.0500000
NODE_106489_length_357_cov_381.833333	244	324	101	3	80	0.0375000
NODE_106489_length_357_cov_381.833333	244	324	102	14	80	0.1750000
NODE_106489_length_357_cov_381.833333	244	324	104	2	80	0.0250000
NODE_106489_length_357_cov_381.833333	244	324	106	38	80	0.4750000
NODE_106493_length_357_cov_7.643411	45	125	0	80	80	1.0000000
NODE_106493_length_357_cov_7.643411	98	178	0	80	80	1.0000000
NODE_106495_length_357_cov_7.027132	157	237	0	37	80	0.4625000
NODE_106495_length_357_cov_7.027132	157	237	2	43	80	0.5375000
NODE_106495_length_357_cov_7.027132	210	252	2	42	42	1.0000000
NODE_106496_length_357_cov_6.732558	183	263	8	50	80	0.6250000
NODE_106496_length_357_cov_6.732558	183	263	10	22	80	0.2750000
NODE_106496_length_357_cov_6.732558	183	263	13	8	80	0.1000000
NODE_106529_length_357_cov_4.081395	145	225	0	80	80	1.0000000
NODE_106529_length_357_cov_4.081395	198	271	0	73	73	1.0000000
NODE_106542_length_357_cov_3.724806	192	265	0	73	73	1.0000000
NODE_106558_length_357_cov_3.341085	205	285	0	80	80	1.0000000
NODE_106558_length_357_cov_3.341085	258	338	0	80	80	1.0000000
NODE_106625_length_357_cov_2.414729	245	302	6	57	57	1.0000000
NODE_106625_length_357_cov_2.414729	275	355	3	13	80	0.1625000
NODE_106625_length_357_cov_2.414729	275	355	4	17	80	0.2125000
NODE_106625_length_357_cov_2.414729	275	355	5	12	80	0.1500000
NODE_106625_length_357_cov_2.414729	275	355	6	38	80	0.4750000
NODE_106661_length_357_cov_2.174419	250	330	0	80	80	1.0000000
NODE_106666_length_357_cov_2.166667	103	133	0	30	30	1.0000000
NODE_106666_length_357_cov_2.166667	112	133	0	21	21	1.0000000
NODE_106702_length_357_cov_1.961240	150	169	0	19	19	1.0000000
NODE_106708_length_357_cov_1.918605	173	253	21	3	80	0.0375000
NODE_106708_length_357_cov_1.918605	173	253	25	6	80	0.0750000
NODE_106708_length_357_cov_1.918605	173	253	26	16	80	0.2000000
NODE_106708_length_357_cov_1.918605	173	253	27	8	80	0.1000000
NODE_106708_length_357_cov_1.918605	173	253	28	25	80	0.3125000
NODE_106708_length_357_cov_1.918605	173	253	32	3	80	0.0375000
NODE_106708_length_357_cov_1.918605	173	253	33	19	80	0.2375000
NODE_106737_length_357_cov_1.782946	73	142	2	2	69	0.0289855
NODE_106737_length_357_cov_1.782946	73	142	4	37	69	0.5362319
NODE_106737_length_357_cov_1.782946	73	142	6	10	69	0.1449275
NODE_106737_length_357_cov_1.782946	73	142	8	1	69	0.0144928
NODE_106737_length_357_cov_1.782946	73	142	10	19	69	0.2753623
NODE_106737_length_357_cov_1.782946	115	195	6	7	80	0.0875000
NODE_106737_length_357_cov_1.782946	115	195	8	51	80	0.6375000
NODE_106737_length_357_cov_1.782946	115	195	10	22	80	0.2750000
NODE_107002_length_357_cov_1.127907	98	129	6	31	31	1.0000000
NODE_107306_length_356_cov_5.299611	140	200	10	2	60	0.0333333
NODE_107306_length_356_cov_5.299611	140	200	11	1	60	0.0166667
NODE_107306_length_356_cov_5.299611	140	200	12	57	60	0.9500000
NODE_107347_length_356_cov_3.400778	255	317	8	5	62	0.0806452
NODE_107347_length_356_cov_3.400778	255	317	10	3	62	0.0483871
NODE_107347_length_356_cov_3.400778	255	317	11	22	62	0.3548387
NODE_107347_length_356_cov_3.400778	255	317	12	14	62	0.2258064
NODE_107347_length_356_cov_3.400778	255	317	13	2	62	0.0322581
NODE_107347_length_356_cov_3.400778	255	317	14	16	62	0.2580645
NODE_107347_length_356_cov_3.400778	308	353	5	5	45	0.1111111
NODE_107347_length_356_cov_3.400778	308	353	6	3	45	0.0666667
NODE_107347_length_356_cov_3.400778	308	353	8	3	45	0.0666667
NODE_107347_length_356_cov_3.400778	308	353	9	3	45	0.0666667
NODE_107347_length_356_cov_3.400778	308	353	10	25	45	0.5555556
NODE_107347_length_356_cov_3.400778	308	353	12	6	45	0.1333333
NODE_107402_length_356_cov_2.657588	256	298	58	42	42	1.0000000
NODE_107402_length_356_cov_2.657588	265	338	19	1	73	0.0136986
NODE_107402_length_356_cov_2.657588	265	338	26	1	73	0.0136986
NODE_107402_length_356_cov_2.657588	265	338	33	4	73	0.0547945
NODE_107402_length_356_cov_2.657588	265	338	39	3	73	0.0410959
NODE_107402_length_356_cov_2.657588	265	338	41	2	73	0.0273973
NODE_107402_length_356_cov_2.657588	265	338	42	1	73	0.0136986
NODE_107402_length_356_cov_2.657588	265	338	44	1	73	0.0136986
NODE_107402_length_356_cov_2.657588	265	338	46	2	73	0.0273973
NODE_107402_length_356_cov_2.657588	265	338	49	1	73	0.0136986
NODE_107402_length_356_cov_2.657588	265	338	53	4	73	0.0547945
NODE_107402_length_356_cov_2.657588	265	338	55	11	73	0.1506849
NODE_107402_length_356_cov_2.657588	265	338	57	7	73	0.0958904
NODE_107402_length_356_cov_2.657588	265	338	58	35	73	0.4794520
NODE_107402_length_356_cov_2.657588	299	351	2	1	52	0.0192308
NODE_107402_length_356_cov_2.657588	299	351	6	1	52	0.0192308
NODE_107402_length_356_cov_2.657588	299	351	7	3	52	0.0576923
NODE_107402_length_356_cov_2.657588	299	351	9	1	52	0.0192308
NODE_107402_length_356_cov_2.657588	299	351	13	1	52	0.0192308
NODE_107402_length_356_cov_2.657588	299	351	15	1	52	0.0192308
NODE_107402_length_356_cov_2.657588	299	351	17	4	52	0.0769231
NODE_107402_length_356_cov_2.657588	299	351	19	2	52	0.0384615
NODE_107402_length_356_cov_2.657588	299	351	26	1	52	0.0192308
NODE_107402_length_356_cov_2.657588	299	351	33	4	52	0.0769231
NODE_107402_length_356_cov_2.657588	299	351	39	3	52	0.0576923
NODE_107402_length_356_cov_2.657588	299	351	41	2	52	0.0384615
NODE_107402_length_356_cov_2.657588	299	351	42	1	52	0.0192308
NODE_107402_length_356_cov_2.657588	299	351	44	1	52	0.0192308
NODE_107402_length_356_cov_2.657588	299	351	46	2	52	0.0384615
NODE_107402_length_356_cov_2.657588	299	351	49	1	52	0.0192308
NODE_107402_length_356_cov_2.657588	299	351	53	4	52	0.0769231
NODE_107402_length_356_cov_2.657588	299	351	55	11	52	0.2115385
NODE_107402_length_356_cov_2.657588	299	351	57	7	52	0.1346154
NODE_107402_length_356_cov_2.657588	299	351	58	1	52	0.0192308
NODE_107452_length_356_cov_2.237354	90	135	0	45	45	1.0000000
NODE_107475_length_356_cov_1.996109	127	194	0	67	67	1.0000000
NODE_107521_length_356_cov_1.813230	296	341	2	45	45	1.0000000
NODE_107606_length_356_cov_1.560311	192	272	0	80	80	1.0000000
NODE_107606_length_356_cov_1.560311	245	319	0	74	74	1.0000000
NODE_108122_length_355_cov_6.796875	127	173	0	5	46	0.1086956
NODE_108122_length_355_cov_6.796875	127	173	2	41	46	0.8913044
NODE_108210_length_355_cov_2.734375	111	162	0	51	51	1.0000000
NODE_108210_length_355_cov_2.734375	142	222	0	80	80	1.0000000
NODE_108215_length_355_cov_2.707031	277	314	0	37	37	1.0000000
NODE_108215_length_355_cov_2.707031	287	353	0	66	66	1.0000000
NODE_108239_length_355_cov_2.500000	38	82	2	44	44	1.0000000
NODE_108278_length_355_cov_2.207031	258	308	0	50	50	1.0000000
NODE_108284_length_355_cov_2.179688	153	233	5	12	80	0.1500000
NODE_108284_length_355_cov_2.179688	153	233	6	68	80	0.8500000
NODE_108284_length_355_cov_2.179688	206	286	1	18	80	0.2250000
NODE_108284_length_355_cov_2.179688	206	286	2	34	80	0.4250000
NODE_108284_length_355_cov_2.179688	206	286	6	28	80	0.3500000
NODE_108291_length_355_cov_2.132812	261	334	0	73	73	1.0000000
NODE_108291_length_355_cov_2.132812	301	342	0	41	41	1.0000000
NODE_108315_length_355_cov_2.007812	281	347	4	23	66	0.3484848
NODE_108315_length_355_cov_2.007812	281	347	8	43	66	0.6515151
NODE_108395_length_355_cov_1.765625	186	247	2	61	61	1.0000000
NODE_108395_length_355_cov_1.765625	220	300	2	80	80	1.0000000
NODE_109015_length_354_cov_6.843137	53	132	0	79	79	1.0000000
NODE_109015_length_354_cov_6.843137	53	132	0	79	79	1.0000000
NODE_109015_length_354_cov_6.843137	105	185	0	80	80	1.0000000
NODE_109015_length_354_cov_6.843137	105	185	0	80	80	1.0000000
NODE_109033_length_354_cov_4.823529	208	255	0	47	47	1.0000000
NODE_109054_length_354_cov_3.956863	145	208	0	63	63	1.0000000
NODE_109054_length_354_cov_3.956863	181	261	0	80	80	1.0000000
NODE_109057_length_354_cov_3.878431	198	244	2	46	46	1.0000000
NODE_109089_length_354_cov_3.207843	130	199	0	69	69	1.0000000
NODE_109126_length_354_cov_2.725490	179	259	0	19	80	0.2375000
NODE_109126_length_354_cov_2.725490	179	259	1	1	80	0.0125000
NODE_109126_length_354_cov_2.725490	179	259	2	60	80	0.7500000
NODE_109126_length_354_cov_2.725490	235	312	0	4	77	0.0519481
NODE_109126_length_354_cov_2.725490	235	312	1	1	77	0.0129870
NODE_109126_length_354_cov_2.725490	235	312	2	72	77	0.9350649
NODE_109128_length_354_cov_2.713725	16	76	0	60	60	1.0000000
NODE_109128_length_354_cov_2.713725	90	149	0	59	59	1.0000000
NODE_109140_length_354_cov_2.580392	176	234	1	4	58	0.0689655
NODE_109140_length_354_cov_2.580392	176	234	5	49	58	0.8448276
NODE_109140_length_354_cov_2.580392	176	234	6	5	58	0.0862069
NODE_109140_length_354_cov_2.580392	207	251	5	22	44	0.5000000
NODE_109140_length_354_cov_2.580392	207	251	6	22	44	0.5000000
NODE_109237_length_354_cov_1.996078	79	145	0	66	66	1.0000000
NODE_109237_length_354_cov_1.996078	118	200	0	82	82	1.0000000
NODE_109244_length_354_cov_1.988235	7	77	0	26	70	0.3714286
NODE_109244_length_354_cov_1.988235	7	77	6	6	70	0.0857143
NODE_109244_length_354_cov_1.988235	7	77	8	38	70	0.5428572
NODE_109244_length_354_cov_1.988235	64	130	8	46	66	0.6969697
NODE_109244_length_354_cov_1.988235	64	130	10	20	66	0.3030303
NODE_109321_length_354_cov_1.682353	99	171	0	72	72	1.0000000
NODE_109321_length_354_cov_1.682353	144	224	0	80	80	1.0000000
NODE_109852_length_353_cov_11.169291	14	90	0	76	76	1.0000000
NODE_109852_length_353_cov_11.169291	67	143	0	76	76	1.0000000
NODE_109911_length_353_cov_3.874016	220	256	0	8	36	0.2222222
NODE_109911_length_353_cov_3.874016	220	256	2	28	36	0.7777778
NODE_109911_length_353_cov_3.874016	265	334	2	69	69	1.0000000
NODE_109928_length_353_cov_3.488189	200	282	8	29	82	0.3536585
NODE_109928_length_353_cov_3.488189	200	282	9	35	82	0.4268293
NODE_109928_length_353_cov_3.488189	200	282	11	18	82	0.2195122
NODE_109976_length_353_cov_2.826772	8	88	0	33	80	0.4125000
NODE_109976_length_353_cov_2.826772	8	88	2	47	80	0.5875000
NODE_109976_length_353_cov_2.826772	61	120	2	59	59	1.0000000
NODE_110022_length_353_cov_2.417323	260	336	0	76	76	1.0000000
NODE_110610_length_353_cov_0.744094	299	318	0	19	19	1.0000000
NODE_110708_length_352_cov_34.691700	110	203	1	7	93	0.0752688
NODE_110708_length_352_cov_34.691700	110	203	3	2	93	0.0215054
NODE_110708_length_352_cov_34.691700	110	203	4	1	93	0.0107527
NODE_110708_length_352_cov_34.691700	110	203	5	3	93	0.0322581
NODE_110708_length_352_cov_34.691700	110	203	8	5	93	0.0537634
NODE_110708_length_352_cov_34.691700	110	203	10	6	93	0.0645161
NODE_110708_length_352_cov_34.691700	110	203	11	4	93	0.0430108
NODE_110708_length_352_cov_34.691700	110	203	12	9	93	0.0967742
NODE_110708_length_352_cov_34.691700	110	203	13	15	93	0.1612903
NODE_110708_length_352_cov_34.691700	110	203	14	41	93	0.4408602
NODE_110710_length_352_cov_17.944664	20	100	0	80	80	1.0000000
NODE_110710_length_352_cov_17.944664	73	153	0	80	80	1.0000000
NODE_110710_length_352_cov_17.944664	273	352	0	79	79	1.0000000
NODE_110735_length_352_cov_4.707510	157	237	0	3	80	0.0375000
NODE_110735_length_352_cov_4.707510	157	237	2	20	80	0.2500000
NODE_110735_length_352_cov_4.707510	157	237	6	16	80	0.2000000
NODE_110735_length_352_cov_4.707510	157	237	8	2	80	0.0250000
NODE_110735_length_352_cov_4.707510	157	237	10	39	80	0.4875000
NODE_110749_length_352_cov_4.221344	144	205	0	61	61	1.0000000
NODE_110749_length_352_cov_4.221344	178	259	0	81	81	1.0000000
NODE_110754_length_352_cov_4.011858	98	143	0	45	45	1.0000000
NODE_110754_length_352_cov_4.011858	151	228	0	77	77	1.0000000
NODE_110798_length_352_cov_2.849802	74	154	0	80	80	1.0000000
NODE_110798_length_352_cov_2.849802	127	198	0	71	71	1.0000000
NODE_110820_length_352_cov_2.683794	0	77	2	5	77	0.0649351
NODE_110820_length_352_cov_2.683794	0	77	4	65	77	0.8441558
NODE_110820_length_352_cov_2.683794	0	77	6	7	77	0.0909091
NODE_110820_length_352_cov_2.683794	50	130	4	20	80	0.2500000
NODE_110820_length_352_cov_2.683794	50	130	6	60	80	0.7500000
NODE_110832_length_352_cov_2.608696	90	136	0	46	46	1.0000000
NODE_110832_length_352_cov_2.608696	144	189	0	45	45	1.0000000
NODE_110838_length_352_cov_2.577075	111	191	2	46	80	0.5750000
NODE_110838_length_352_cov_2.577075	111	191	4	34	80	0.4250000
NODE_110876_length_352_cov_2.264822	171	251	0	80	80	1.0000000
NODE_110938_length_352_cov_2.007905	277	326	4	29	49	0.5918368
NODE_110938_length_352_cov_2.007905	277	326	6	20	49	0.4081633
NODE_111439_length_352_cov_0.806324	165	238	2	1	73	0.0136986
NODE_111439_length_352_cov_0.806324	165	238	4	39	73	0.5342466
NODE_111439_length_352_cov_0.806324	165	238	6	24	73	0.3287671
NODE_111439_length_352_cov_0.806324	165	238	8	9	73	0.1232877
NODE_111593_length_351_cov_5.003968	115	195	0	13	80	0.1625000
NODE_111593_length_351_cov_5.003968	115	195	2	67	80	0.8375000
NODE_111662_length_351_cov_2.900794	289	320	0	31	31	1.0000000
NODE_111738_length_351_cov_2.376984	79	159	0	80	80	1.0000000
NODE_111759_length_351_cov_2.226190	116	170	0	7	54	0.1296296
NODE_111759_length_351_cov_2.226190	116	170	4	47	54	0.8703704
NODE_111769_length_351_cov_2.186508	198	277	0	51	79	0.6455696
NODE_111769_length_351_cov_2.186508	198	277	2	28	79	0.3544304
NODE_111861_length_351_cov_1.809524	276	309	0	33	33	1.0000000
NODE_111969_length_351_cov_1.515873	228	299	0	71	71	1.0000000
NODE_112493_length_350_cov_232.529880	25	92	57	1	67	0.0149254
NODE_112493_length_350_cov_232.529880	25	92	63	1	67	0.0149254
NODE_112493_length_350_cov_232.529880	25	92	68	3	67	0.0447761
NODE_112493_length_350_cov_232.529880	25	92	70	11	67	0.1641791
NODE_112493_length_350_cov_232.529880	25	92	74	3	67	0.0447761
NODE_112493_length_350_cov_232.529880	25	92	80	3	67	0.0447761
NODE_112493_length_350_cov_232.529880	25	92	86	3	67	0.0447761
NODE_112493_length_350_cov_232.529880	25	92	88	3	67	0.0447761
NODE_112493_length_350_cov_232.529880	25	92	92	1	67	0.0149254
NODE_112493_length_350_cov_232.529880	25	92	100	2	67	0.0298507
NODE_112493_length_350_cov_232.529880	25	92	102	1	67	0.0149254
NODE_112493_length_350_cov_232.529880	25	92	108	11	67	0.1641791
NODE_112493_length_350_cov_232.529880	25	92	110	4	67	0.0597015
NODE_112493_length_350_cov_232.529880	25	92	112	20	67	0.2985075
NODE_112494_length_350_cov_40.677291	181	246	48	2	65	0.0307692
NODE_112494_length_350_cov_40.677291	181	246	54	1	65	0.0153846
NODE_112494_length_350_cov_40.677291	181	246	56	1	65	0.0153846
NODE_112494_length_350_cov_40.677291	181	246	57	1	65	0.0153846
NODE_112494_length_350_cov_40.677291	181	246	62	1	65	0.0153846
NODE_112494_length_350_cov_40.677291	181	246	63	8	65	0.1230769
NODE_112494_length_350_cov_40.677291	181	246	64	5	65	0.0769231
NODE_112494_length_350_cov_40.677291	181	246	66	2	65	0.0307692
NODE_112494_length_350_cov_40.677291	181	246	68	27	65	0.4153846
NODE_112494_length_350_cov_40.677291	181	246	70	17	65	0.2615385
NODE_112535_length_350_cov_4.179283	114	194	4	7	80	0.0875000
NODE_112535_length_350_cov_4.179283	114	194	7	2	80	0.0250000
NODE_112535_length_350_cov_4.179283	114	194	8	6	80	0.0750000
NODE_112535_length_350_cov_4.179283	114	194	10	65	80	0.8125000
NODE_112535_length_350_cov_4.179283	167	244	8	6	77	0.0779221
NODE_112535_length_350_cov_4.179283	167	244	10	55	77	0.7142857
NODE_112535_length_350_cov_4.179283	167	244	11	15	77	0.1948052
NODE_112535_length_350_cov_4.179283	167	244	12	1	77	0.0129870
NODE_112554_length_350_cov_3.573705	128	202	2	33	74	0.4459459
NODE_112554_length_350_cov_3.573705	128	202	7	33	74	0.4459459
NODE_112554_length_350_cov_3.573705	128	202	9	8	74	0.1081081
NODE_112554_length_350_cov_3.573705	178	241	0	3	63	0.0476190
NODE_112554_length_350_cov_3.573705	178	241	2	60	63	0.9523810
NODE_112627_length_350_cov_2.478088	266	297	0	31	31	1.0000000
NODE_112647_length_350_cov_2.346614	97	148	68	12	51	0.2352941
NODE_112647_length_350_cov_2.346614	97	148	69	1	51	0.0196078
NODE_112647_length_350_cov_2.346614	97	148	70	3	51	0.0588235
NODE_112647_length_350_cov_2.346614	97	148	72	3	51	0.0588235
NODE_112647_length_350_cov_2.346614	97	148	73	1	51	0.0196078
NODE_112647_length_350_cov_2.346614	97	148	74	9	51	0.1764706
NODE_112647_length_350_cov_2.346614	97	148	75	3	51	0.0588235
NODE_112647_length_350_cov_2.346614	97	148	76	4	51	0.0784314
NODE_112647_length_350_cov_2.346614	97	148	77	5	51	0.0980392
NODE_112647_length_350_cov_2.346614	97	148	79	10	51	0.1960784
NODE_112714_length_350_cov_2.031873	181	238	20	6	57	0.1052632
NODE_112714_length_350_cov_2.031873	181	238	23	2	57	0.0350877
NODE_112714_length_350_cov_2.031873	181	238	24	1	57	0.0175439
NODE_112714_length_350_cov_2.031873	181	238	28	1	57	0.0175439
NODE_112714_length_350_cov_2.031873	181	238	29	1	57	0.0175439
NODE_112714_length_350_cov_2.031873	181	238	30	1	57	0.0175439
NODE_112714_length_350_cov_2.031873	181	238	31	20	57	0.3508772
NODE_112714_length_350_cov_2.031873	181	238	32	24	57	0.4210526
NODE_112714_length_350_cov_2.031873	181	238	33	1	57	0.0175439
NODE_112997_length_350_cov_1.223108	202	275	0	73	73	1.0000000
NODE_113450_length_349_cov_4.268000	83	163	0	32	80	0.4000000
NODE_113450_length_349_cov_4.268000	83	163	2	48	80	0.6000000
NODE_113450_length_349_cov_4.268000	83	163	0	32	80	0.4000000
NODE_113450_length_349_cov_4.268000	83	163	2	48	80	0.6000000
NODE_113450_length_349_cov_4.268000	136	216	2	80	80	1.0000000
NODE_113450_length_349_cov_4.268000	145	180	2	35	35	1.0000000
NODE_113473_length_349_cov_3.648000	219	300	0	10	81	0.1234568
NODE_113473_length_349_cov_3.648000	219	300	2	21	81	0.2592593
NODE_113473_length_349_cov_3.648000	219	300	3	41	81	0.5061728
NODE_113473_length_349_cov_3.648000	219	300	4	9	81	0.1111111
NODE_113480_length_349_cov_3.484000	196	276	2	1	80	0.0125000
NODE_113480_length_349_cov_3.484000	196	276	4	5	80	0.0625000
NODE_113480_length_349_cov_3.484000	196	276	8	5	80	0.0625000
NODE_113480_length_349_cov_3.484000	196	276	10	1	80	0.0125000
NODE_113480_length_349_cov_3.484000	196	276	14	13	80	0.1625000
NODE_113480_length_349_cov_3.484000	196	276	16	55	80	0.6875000
NODE_113486_length_349_cov_3.364000	219	284	4	5	65	0.0769231
NODE_113486_length_349_cov_3.364000	219	284	6	4	65	0.0615385
NODE_113486_length_349_cov_3.364000	219	284	9	20	65	0.3076923
NODE_113486_length_349_cov_3.364000	219	284	11	12	65	0.1846154
NODE_113486_length_349_cov_3.364000	219	284	12	17	65	0.2615385
NODE_113486_length_349_cov_3.364000	219	284	13	7	65	0.1076923
NODE_113511_length_349_cov_2.916000	94	189	4	27	95	0.2842105
NODE_113511_length_349_cov_2.916000	94	189	16	9	95	0.0947368
NODE_113511_length_349_cov_2.916000	94	189	18	59	95	0.6210526
NODE_113571_length_349_cov_2.420000	35	54	0	19	19	1.0000000
NODE_113647_length_349_cov_1.964000	32	63	0	31	31	1.0000000
NODE_113654_length_349_cov_1.928000	9	77	0	31	68	0.4558823
NODE_113654_length_349_cov_1.928000	9	77	2	37	68	0.5441176
NODE_113654_length_349_cov_1.928000	62	115	2	53	53	1.0000000
NODE_113710_length_349_cov_1.684000	225	265	8	1	40	0.0250000
NODE_113710_length_349_cov_1.684000	225	265	10	2	40	0.0500000
NODE_113710_length_349_cov_1.684000	225	265	11	1	40	0.0250000
NODE_113710_length_349_cov_1.684000	225	265	12	34	40	0.8500000
NODE_113710_length_349_cov_1.684000	225	265	13	2	40	0.0500000
NODE_113825_length_349_cov_1.392000	32	95	0	63	63	1.0000000
NODE_113961_length_349_cov_1.056000	316	339	0	23	23	1.0000000
NODE_114002_length_349_cov_1.020000	177	257	0	80	80	1.0000000
NODE_114263_length_348_cov_34.867470	156	236	0	36	80	0.4500000
NODE_114263_length_348_cov_34.867470	156	236	2	19	80	0.2375000
NODE_114263_length_348_cov_34.867470	156	236	6	5	80	0.0625000
NODE_114263_length_348_cov_34.867470	156	236	8	20	80	0.2500000
NODE_114263_length_348_cov_34.867470	209	289	2	2	80	0.0250000
NODE_114263_length_348_cov_34.867470	209	289	6	14	80	0.1750000
NODE_114263_length_348_cov_34.867470	209	289	8	64	80	0.8000000
NODE_114296_length_348_cov_4.180723	106	186	0	63	80	0.7875000
NODE_114296_length_348_cov_4.180723	106	186	2	17	80	0.2125000
NODE_114296_length_348_cov_4.180723	159	239	0	10	80	0.1250000
NODE_114296_length_348_cov_4.180723	159	239	2	70	80	0.8750000
NODE_114330_length_348_cov_3.277108	83	137	0	54	54	1.0000000
NODE_114330_length_348_cov_3.277108	145	197	0	52	52	1.0000000
NODE_114424_length_348_cov_2.305221	204	273	0	1	69	0.0144928
NODE_114424_length_348_cov_2.305221	204	273	2	68	69	0.9855072
NODE_114448_length_348_cov_2.216867	103	152	0	49	49	1.0000000
NODE_114505_length_348_cov_1.995984	170	239	0	69	69	1.0000000
NODE_114591_length_348_cov_1.638554	309	346	0	37	37	1.0000000
NODE_114643_length_348_cov_1.485944	9	60	0	51	51	1.0000000
NODE_115147_length_347_cov_15.100806	57	137	0	6	80	0.0750000
NODE_115147_length_347_cov_15.100806	57	137	2	74	80	0.9250000
NODE_115147_length_347_cov_15.100806	110	152	2	42	42	1.0000000
NODE_115147_length_347_cov_15.100806	182	209	0	27	27	1.0000000
NODE_115147_length_347_cov_15.100806	290	317	0	27	27	1.0000000
NODE_115161_length_347_cov_5.967742	110	173	0	7	63	0.1111111
NODE_115161_length_347_cov_5.967742	110	173	2	56	63	0.8888889
NODE_115195_length_347_cov_4.028226	260	329	0	69	69	1.0000000
NODE_115321_length_347_cov_2.463710	99	141	0	8	42	0.1904762
NODE_115321_length_347_cov_2.463710	99	141	2	34	42	0.8095238
NODE_115321_length_347_cov_2.463710	108	143	2	35	35	1.0000000
NODE_115331_length_347_cov_2.391129	35	70	2	35	35	1.0000000
NODE_115331_length_347_cov_2.391129	37	79	2	42	42	1.0000000
NODE_115331_length_347_cov_2.391129	77	105	2	28	28	1.0000000
NODE_115397_length_347_cov_2.048387	15	34	0	19	19	1.0000000
NODE_115417_length_347_cov_1.967742	205	268	0	63	63	1.0000000
NODE_115450_length_347_cov_1.818548	109	156	0	47	47	1.0000000
NODE_115771_length_347_cov_1.028226	230	255	0	25	25	1.0000000
NODE_116114_length_346_cov_74.433198	10	90	3	2	80	0.0250000
NODE_116114_length_346_cov_74.433198	10	90	4	2	80	0.0250000
NODE_116114_length_346_cov_74.433198	10	90	6	11	80	0.1375000
NODE_116114_length_346_cov_74.433198	10	90	7	6	80	0.0750000
NODE_116114_length_346_cov_74.433198	10	90	9	11	80	0.1375000
NODE_116114_length_346_cov_74.433198	10	90	10	38	80	0.4750000
NODE_116114_length_346_cov_74.433198	10	90	12	10	80	0.1250000
NODE_116114_length_346_cov_74.433198	19	90	6	6	71	0.0845070
NODE_116114_length_346_cov_74.433198	19	90	7	6	71	0.0845070
NODE_116114_length_346_cov_74.433198	19	90	9	11	71	0.1549296
NODE_116114_length_346_cov_74.433198	19	90	10	38	71	0.5352113
NODE_116114_length_346_cov_74.433198	19	90	12	10	71	0.1408451
NODE_116114_length_346_cov_74.433198	192	272	0	48	80	0.6000000
NODE_116114_length_346_cov_74.433198	192	272	2	32	80	0.4000000
NODE_116115_length_346_cov_67.834008	133	213	2	34	80	0.4250000
NODE_116115_length_346_cov_67.834008	133	213	4	46	80	0.5750000
NODE_116115_length_346_cov_67.834008	186	266	0	19	80	0.2375000
NODE_116115_length_346_cov_67.834008	186	266	2	42	80	0.5250000
NODE_116115_length_346_cov_67.834008	186	266	4	19	80	0.2375000
NODE_116117_length_346_cov_10.299595	190	270	0	80	80	1.0000000
NODE_116117_length_346_cov_10.299595	243	323	0	80	80	1.0000000
NODE_116119_length_346_cov_9.566802	159	239	0	57	80	0.7125000
NODE_116119_length_346_cov_9.566802	159	239	2	11	80	0.1375000
NODE_116119_length_346_cov_9.566802	159	239	4	12	80	0.1500000
NODE_116119_length_346_cov_9.566802	212	292	0	4	80	0.0500000
NODE_116119_length_346_cov_9.566802	212	292	2	11	80	0.1375000
NODE_116119_length_346_cov_9.566802	212	292	4	65	80	0.8125000
NODE_116134_length_346_cov_5.506073	157	238	10	1	81	0.0123457
NODE_116134_length_346_cov_5.506073	157	238	12	12	81	0.1481481
NODE_116134_length_346_cov_5.506073	157	238	14	26	81	0.3209876
NODE_116134_length_346_cov_5.506073	157	238	16	37	81	0.4567901
NODE_116134_length_346_cov_5.506073	157	238	18	5	81	0.0617284
NODE_116155_length_346_cov_4.368421	205	264	0	59	59	1.0000000
NODE_116159_length_346_cov_4.032389	121	141	2	20	20	1.0000000
NODE_116184_length_346_cov_3.400810	194	253	0	59	59	1.0000000
NODE_116212_length_346_cov_3.008097	183	263	0	80	80	1.0000000
NODE_116257_length_346_cov_2.538462	47	102	0	55	55	1.0000000
NODE_116257_length_346_cov_2.538462	118	173	0	55	55	1.0000000
NODE_116439_length_346_cov_1.700405	71	107	0	36	36	1.0000000
NODE_117035_length_345_cov_47.699187	0	66	0	66	66	1.0000000
NODE_117035_length_345_cov_47.699187	39	119	0	80	80	1.0000000
NODE_117035_length_345_cov_47.699187	115	182	0	67	67	1.0000000
NODE_117035_length_345_cov_47.699187	246	311	12	1	65	0.0153846
NODE_117035_length_345_cov_47.699187	246	311	14	64	65	0.9846154
NODE_117036_length_345_cov_13.439024	28	108	2	14	80	0.1750000
NODE_117036_length_345_cov_13.439024	28	108	4	20	80	0.2500000
NODE_117036_length_345_cov_13.439024	28	108	6	46	80	0.5750000
NODE_117036_length_345_cov_13.439024	81	161	0	38	80	0.4750000
NODE_117036_length_345_cov_13.439024	81	161	4	26	80	0.3250000
NODE_117036_length_345_cov_13.439024	81	161	6	16	80	0.2000000
NODE_117037_length_345_cov_9.906504	224	283	4	5	59	0.0847458
NODE_117037_length_345_cov_9.906504	224	283	6	54	59	0.9152542
NODE_117051_length_345_cov_5.475610	52	132	0	23	80	0.2875000
NODE_117051_length_345_cov_5.475610	52	132	6	18	80	0.2250000
NODE_117051_length_345_cov_5.475610	52	132	8	6	80	0.0750000
NODE_117051_length_345_cov_5.475610	52	132	10	16	80	0.2000000
NODE_117051_length_345_cov_5.475610	52	132	12	17	80	0.2125000
NODE_117051_length_345_cov_5.475610	105	185	6	4	80	0.0500000
NODE_117051_length_345_cov_5.475610	105	185	10	10	80	0.1250000
NODE_117051_length_345_cov_5.475610	105	185	12	66	80	0.8250000
NODE_117055_length_345_cov_5.321138	104	152	0	48	48	1.0000000
NODE_117065_length_345_cov_4.524390	205	269	0	64	64	1.0000000
NODE_117075_length_345_cov_4.109756	95	157	2	24	62	0.3870968
NODE_117075_length_345_cov_4.109756	95	157	3	2	62	0.0322581
NODE_117075_length_345_cov_4.109756	95	157	4	36	62	0.5806451
NODE_117075_length_345_cov_4.109756	162	204	1	29	42	0.6904762
NODE_117075_length_345_cov_4.109756	162	204	2	13	42	0.3095238
NODE_117076_length_345_cov_4.073171	251	326	0	75	75	1.0000000
NODE_117084_length_345_cov_3.776423	199	273	0	74	74	1.0000000
NODE_117084_length_345_cov_3.776423	246	326	0	80	80	1.0000000
NODE_117148_length_345_cov_2.821138	61	141	8	80	80	1.0000000
NODE_117205_length_345_cov_2.333333	47	90	4	43	43	1.0000000
NODE_117205_length_345_cov_2.333333	63	147	0	36	84	0.4285714
NODE_117205_length_345_cov_2.333333	63	147	2	11	84	0.1309524
NODE_117205_length_345_cov_2.333333	63	147	4	37	84	0.4404762
NODE_117219_length_345_cov_2.239837	0	81	4	2	81	0.0246914
NODE_117219_length_345_cov_2.239837	0	81	8	17	81	0.2098765
NODE_117219_length_345_cov_2.239837	0	81	10	39	81	0.4814815
NODE_117219_length_345_cov_2.239837	0	81	14	23	81	0.2839506
NODE_117669_length_345_cov_1.040650	6	73	0	3	67	0.0447761
NODE_117669_length_345_cov_1.040650	6	73	2	45	67	0.6716418
NODE_117669_length_345_cov_1.040650	6	73	3	19	67	0.2835821
NODE_117989_length_344_cov_54.020408	6	55	2	9	49	0.1836735
NODE_117989_length_344_cov_54.020408	6	55	6	4	49	0.0816327
NODE_117989_length_344_cov_54.020408	6	55	8	7	49	0.1428571
NODE_117989_length_344_cov_54.020408	6	55	10	1	49	0.0204082
NODE_117989_length_344_cov_54.020408	6	55	12	5	49	0.1020408
NODE_117989_length_344_cov_54.020408	6	55	13	4	49	0.0816327
NODE_117989_length_344_cov_54.020408	6	55	14	6	49	0.1224490
NODE_117989_length_344_cov_54.020408	6	55	22	3	49	0.0612245
NODE_117989_length_344_cov_54.020408	6	55	24	1	49	0.0204082
NODE_117989_length_344_cov_54.020408	6	55	26	1	49	0.0204082
NODE_117989_length_344_cov_54.020408	6	55	28	1	49	0.0204082
NODE_117989_length_344_cov_54.020408	6	55	30	4	49	0.0816327
NODE_117989_length_344_cov_54.020408	6	55	32	3	49	0.0612245
NODE_117989_length_344_cov_54.020408	28	105	12	4	77	0.0519481
NODE_117989_length_344_cov_54.020408	28	105	13	4	77	0.0519481
NODE_117989_length_344_cov_54.020408	28	105	14	6	77	0.0779221
NODE_117989_length_344_cov_54.020408	28	105	22	3	77	0.0389610
NODE_117989_length_344_cov_54.020408	28	105	24	1	77	0.0129870
NODE_117989_length_344_cov_54.020408	28	105	26	1	77	0.0129870
NODE_117989_length_344_cov_54.020408	28	105	28	1	77	0.0129870
NODE_117989_length_344_cov_54.020408	28	105	30	4	77	0.0519481
NODE_117989_length_344_cov_54.020408	28	105	32	15	77	0.1948052
NODE_117989_length_344_cov_54.020408	28	105	33	15	77	0.1948052
NODE_117989_length_344_cov_54.020408	28	105	35	9	77	0.1168831
NODE_117989_length_344_cov_54.020408	28	105	36	14	77	0.1818182
NODE_117989_length_344_cov_54.020408	28	105	12	4	77	0.0519481
NODE_117989_length_344_cov_54.020408	28	105	13	4	77	0.0519481
NODE_117989_length_344_cov_54.020408	28	105	14	6	77	0.0779221
NODE_117989_length_344_cov_54.020408	28	105	22	3	77	0.0389610
NODE_117989_length_344_cov_54.020408	28	105	24	1	77	0.0129870
NODE_117989_length_344_cov_54.020408	28	105	26	1	77	0.0129870
NODE_117989_length_344_cov_54.020408	28	105	28	1	77	0.0129870
NODE_117989_length_344_cov_54.020408	28	105	30	4	77	0.0519481
NODE_117989_length_344_cov_54.020408	28	105	32	15	77	0.1948052
NODE_117989_length_344_cov_54.020408	28	105	33	15	77	0.1948052
NODE_117989_length_344_cov_54.020408	28	105	35	9	77	0.1168831
NODE_117989_length_344_cov_54.020408	28	105	36	14	77	0.1818182
NODE_117989_length_344_cov_54.020408	112	178	22	7	66	0.1060606
NODE_117989_length_344_cov_54.020408	112	178	24	2	66	0.0303030
NODE_117989_length_344_cov_54.020408	112	178	26	24	66	0.3636364
NODE_117989_length_344_cov_54.020408	112	178	28	6	66	0.0909091
NODE_117989_length_344_cov_54.020408	112	178	32	5	66	0.0757576
NODE_117989_length_344_cov_54.020408	112	178	34	17	66	0.2575758
NODE_117989_length_344_cov_54.020408	112	178	36	5	66	0.0757576
NODE_118009_length_344_cov_5.016327	72	125	0	8	53	0.1509434
NODE_118009_length_344_cov_5.016327	72	125	2	3	53	0.0566038
NODE_118009_length_344_cov_5.016327	72	125	4	1	53	0.0188679
NODE_118009_length_344_cov_5.016327	72	125	6	41	53	0.7735849
NODE_118009_length_344_cov_5.016327	136	203	2	7	67	0.1044776
NODE_118009_length_344_cov_5.016327	136	203	4	17	67	0.2537313
NODE_118009_length_344_cov_5.016327	136	203	6	43	67	0.6417910
NODE_118017_length_344_cov_4.579592	172	254	2	5	82	0.0609756
NODE_118017_length_344_cov_4.579592	172	254	3	5	82	0.0609756
NODE_118017_length_344_cov_4.579592	172	254	7	23	82	0.2804878
NODE_118017_length_344_cov_4.579592	172	254	8	49	82	0.5975610
NODE_118045_length_344_cov_3.840816	197	240	2	1	43	0.0232558
NODE_118045_length_344_cov_3.840816	197	240	4	42	43	0.9767442
NODE_118074_length_344_cov_3.293878	149	189	2	40	40	1.0000000
NODE_118074_length_344_cov_3.293878	162	229	2	67	67	1.0000000
NODE_118111_length_344_cov_2.751020	24	87	0	63	63	1.0000000
NODE_118179_length_344_cov_2.126531	274	305	0	31	31	1.0000000
NODE_118243_length_344_cov_1.914286	114	194	0	80	80	1.0000000
NODE_118243_length_344_cov_1.914286	167	247	0	80	80	1.0000000
NODE_118297_length_344_cov_1.685714	180	220	0	40	40	1.0000000
NODE_118393_length_344_cov_1.457143	160	240	31	5	80	0.0625000
NODE_118393_length_344_cov_1.457143	160	240	33	2	80	0.0250000
NODE_118393_length_344_cov_1.457143	160	240	35	8	80	0.1000000
NODE_118393_length_344_cov_1.457143	160	240	36	16	80	0.2000000
NODE_118393_length_344_cov_1.457143	160	240	37	4	80	0.0500000
NODE_118393_length_344_cov_1.457143	160	240	39	45	80	0.5625000
NODE_118393_length_344_cov_1.457143	213	273	6	6	60	0.1000000
NODE_118393_length_344_cov_1.457143	213	273	8	1	60	0.0166667
NODE_118393_length_344_cov_1.457143	213	273	12	5	60	0.0833333
NODE_118393_length_344_cov_1.457143	213	273	14	6	60	0.1000000
NODE_118393_length_344_cov_1.457143	213	273	17	2	60	0.0333333
NODE_118393_length_344_cov_1.457143	213	273	21	1	60	0.0166667
NODE_118393_length_344_cov_1.457143	213	273	25	1	60	0.0166667
NODE_118393_length_344_cov_1.457143	213	273	27	6	60	0.1000000
NODE_118393_length_344_cov_1.457143	213	273	30	1	60	0.0166667
NODE_118393_length_344_cov_1.457143	213	273	31	9	60	0.1500000
NODE_118393_length_344_cov_1.457143	213	273	33	2	60	0.0333333
NODE_118393_length_344_cov_1.457143	213	273	36	16	60	0.2666667
NODE_118393_length_344_cov_1.457143	213	273	37	2	60	0.0333333
NODE_118393_length_344_cov_1.457143	213	273	39	2	60	0.0333333
NODE_118743_length_344_cov_0.800000	123	163	0	40	40	1.0000000
NODE_118899_length_343_cov_3.770492	2	60	0	58	58	1.0000000
NODE_118905_length_343_cov_3.598361	97	170	0	3	73	0.0410959
NODE_118905_length_343_cov_3.598361	97	170	2	6	73	0.0821918
NODE_118905_length_343_cov_3.598361	97	170	4	64	73	0.8767123
NODE_118905_length_343_cov_3.598361	150	223	0	21	73	0.2876712
NODE_118905_length_343_cov_3.598361	150	223	2	3	73	0.0410959
NODE_118905_length_343_cov_3.598361	150	223	4	49	73	0.6712329
NODE_118911_length_343_cov_3.401639	48	128	3	2	80	0.0250000
NODE_118911_length_343_cov_3.401639	48	128	7	1	80	0.0125000
NODE_118911_length_343_cov_3.401639	48	128	8	3	80	0.0375000
NODE_118911_length_343_cov_3.401639	48	128	10	3	80	0.0375000
NODE_118911_length_343_cov_3.401639	48	128	14	1	80	0.0125000
NODE_118911_length_343_cov_3.401639	48	128	16	5	80	0.0625000
NODE_118911_length_343_cov_3.401639	48	128	17	1	80	0.0125000
NODE_118911_length_343_cov_3.401639	48	128	18	13	80	0.1625000
NODE_118911_length_343_cov_3.401639	48	128	20	40	80	0.5000000
NODE_118911_length_343_cov_3.401639	48	128	22	11	80	0.1375000
NODE_118941_length_343_cov_3.049180	12	62	0	50	50	1.0000000
NODE_118941_length_343_cov_3.049180	82	111	0	26	29	0.8965517
NODE_118941_length_343_cov_3.049180	82	111	1	1	29	0.0344828
NODE_118941_length_343_cov_3.049180	82	111	2	2	29	0.0689655
NODE_118941_length_343_cov_3.049180	133	205	2	55	72	0.7638889
NODE_118941_length_343_cov_3.049180	133	205	4	17	72	0.2361111
NODE_118957_length_343_cov_2.770492	236	316	8	10	80	0.1250000
NODE_118957_length_343_cov_2.770492	236	316	9	16	80	0.2000000
NODE_118957_length_343_cov_2.770492	236	316	10	1	80	0.0125000
NODE_118957_length_343_cov_2.770492	236	316	11	5	80	0.0625000
NODE_118957_length_343_cov_2.770492	236	316	15	1	80	0.0125000
NODE_118957_length_343_cov_2.770492	236	316	19	2	80	0.0250000
NODE_118957_length_343_cov_2.770492	236	316	27	5	80	0.0625000
NODE_118957_length_343_cov_2.770492	236	316	31	29	80	0.3625000
NODE_118957_length_343_cov_2.770492	236	316	33	11	80	0.1375000
NODE_118978_length_343_cov_2.590164	167	225	10	58	58	1.0000000
NODE_118998_length_343_cov_2.430328	208	274	0	66	66	1.0000000
NODE_119040_length_343_cov_2.209016	32	111	2	79	79	1.0000000
NODE_119067_length_343_cov_2.081967	95	177	0	82	82	1.0000000
NODE_119067_length_343_cov_2.081967	150	199	0	49	49	1.0000000
NODE_119202_length_343_cov_1.635246	0	52	0	52	52	1.0000000
NODE_119439_length_343_cov_1.143443	60	120	0	60	60	1.0000000
NODE_119834_length_342_cov_3.872428	136	216	8	59	80	0.7375000
NODE_119834_length_342_cov_3.872428	136	216	10	21	80	0.2625000
NODE_119834_length_342_cov_3.872428	189	259	2	15	70	0.2142857
NODE_119834_length_342_cov_3.872428	189	259	8	55	70	0.7857143
NODE_119840_length_342_cov_3.769547	146	212	0	66	66	1.0000000
NODE_119841_length_342_cov_3.740741	113	146	0	33	33	1.0000000
NODE_119846_length_342_cov_3.674897	20	100	0	80	80	1.0000000
NODE_119846_length_342_cov_3.674897	73	153	0	80	80	1.0000000
NODE_119847_length_342_cov_3.588477	117	197	4	35	80	0.4375000
NODE_119847_length_342_cov_3.588477	117	197	10	45	80	0.5625000
NODE_119849_length_342_cov_3.530864	72	151	0	79	79	1.0000000
NODE_119852_length_342_cov_3.423868	172	252	0	34	80	0.4250000
NODE_119852_length_342_cov_3.423868	172	252	4	46	80	0.5750000
NODE_119852_length_342_cov_3.423868	225	283	4	58	58	1.0000000
NODE_119922_length_342_cov_2.432099	16	81	0	65	65	1.0000000
NODE_119993_length_342_cov_2.049383	249	317	0	68	68	1.0000000
NODE_120047_length_342_cov_1.864198	138	190	4	11	52	0.2115385
NODE_120047_length_342_cov_1.864198	138	190	6	6	52	0.1153846
NODE_120047_length_342_cov_1.864198	138	190	8	35	52	0.6730769
NODE_120047_length_342_cov_1.864198	183	243	4	48	60	0.8000000
NODE_120047_length_342_cov_1.864198	183	243	8	12	60	0.2000000
NODE_120073_length_342_cov_1.720165	91	147	8	1	56	0.0178571
NODE_120073_length_342_cov_1.720165	91	147	14	55	56	0.9821429
NODE_120284_length_342_cov_1.271605	201	240	0	39	39	1.0000000
NODE_120755_length_341_cov_15.896694	50	130	2	80	80	1.0000000
NODE_120755_length_341_cov_15.896694	103	183	0	44	80	0.5500000
NODE_120755_length_341_cov_15.896694	103	183	2	36	80	0.4500000
NODE_120757_length_341_cov_9.756198	117	196	2	79	79	1.0000000
NODE_120770_length_341_cov_5.404959	141	220	0	79	79	1.0000000
NODE_120780_length_341_cov_4.669421	301	320	0	19	19	1.0000000
NODE_120783_length_341_cov_4.438017	57	132	0	75	75	1.0000000
NODE_120783_length_341_cov_4.438017	110	185	0	75	75	1.0000000
NODE_120785_length_341_cov_4.400826	164	244	0	45	80	0.5625000
NODE_120785_length_341_cov_4.400826	164	244	2	35	80	0.4375000
NODE_120785_length_341_cov_4.400826	224	297	2	73	73	1.0000000
NODE_120797_length_341_cov_3.896694	58	122	2	33	64	0.5156250
NODE_120797_length_341_cov_3.896694	58	122	4	15	64	0.2343750
NODE_120797_length_341_cov_3.896694	58	122	5	16	64	0.2500000
NODE_120805_length_341_cov_3.727273	191	273	6	54	82	0.6585366
NODE_120805_length_341_cov_3.727273	191	273	8	7	82	0.0853659
NODE_120805_length_341_cov_3.727273	191	273	10	21	82	0.2560976
NODE_120805_length_341_cov_3.727273	253	326	4	38	73	0.5205479
NODE_120805_length_341_cov_3.727273	253	326	6	35	73	0.4794520
NODE_120839_length_341_cov_3.000000	91	161	19	1	70	0.0142857
NODE_120839_length_341_cov_3.000000	91	161	23	1	70	0.0142857
NODE_120839_length_341_cov_3.000000	91	161	24	13	70	0.1857143
NODE_120839_length_341_cov_3.000000	91	161	25	4	70	0.0571429
NODE_120839_length_341_cov_3.000000	91	161	26	8	70	0.1142857
NODE_120839_length_341_cov_3.000000	91	161	27	5	70	0.0714286
NODE_120839_length_341_cov_3.000000	91	161	29	38	70	0.5428572
NODE_120839_length_341_cov_3.000000	146	215	1	5	69	0.0724638
NODE_120839_length_341_cov_3.000000	146	215	2	2	69	0.0289855
NODE_120839_length_341_cov_3.000000	146	215	3	22	69	0.3188406
NODE_120839_length_341_cov_3.000000	146	215	5	10	69	0.1449275
NODE_120839_length_341_cov_3.000000	146	215	7	3	69	0.0434783
NODE_120839_length_341_cov_3.000000	146	215	11	1	69	0.0144928
NODE_120839_length_341_cov_3.000000	146	215	13	2	69	0.0289855
NODE_120839_length_341_cov_3.000000	146	215	17	4	69	0.0579710
NODE_120839_length_341_cov_3.000000	146	215	19	6	69	0.0869565
NODE_120839_length_341_cov_3.000000	146	215	23	1	69	0.0144928
NODE_120839_length_341_cov_3.000000	146	215	27	5	69	0.0724638
NODE_120839_length_341_cov_3.000000	146	215	29	8	69	0.1159420
NODE_120840_length_341_cov_3.000000	127	207	0	80	80	1.0000000
NODE_120892_length_341_cov_2.533058	92	172	0	16	80	0.2000000
NODE_120892_length_341_cov_2.533058	92	172	4	6	80	0.0750000
NODE_120892_length_341_cov_2.533058	92	172	8	58	80	0.7250000
NODE_120901_length_341_cov_2.495868	8	89	0	81	81	1.0000000
NODE_120946_length_341_cov_2.235537	10	90	2	80	80	1.0000000
NODE_120972_length_341_cov_2.103306	46	125	0	36	79	0.4556962
NODE_120972_length_341_cov_2.103306	46	125	2	43	79	0.5443038
NODE_120994_length_341_cov_2.066116	147	184	4	37	37	1.0000000
NODE_121052_length_341_cov_1.772727	179	250	0	71	71	1.0000000
NODE_121064_length_341_cov_1.727273	105	185	0	80	80	1.0000000
NODE_121160_length_341_cov_1.475207	120	185	0	17	65	0.2615385
NODE_121160_length_341_cov_1.475207	120	185	2	18	65	0.2769231
NODE_121160_length_341_cov_1.475207	120	185	3	1	65	0.0153846
NODE_121160_length_341_cov_1.475207	120	185	4	29	65	0.4461538
NODE_121160_length_341_cov_1.475207	158	238	4	59	80	0.7375000
NODE_121160_length_341_cov_1.475207	158	238	6	7	80	0.0875000
NODE_121160_length_341_cov_1.475207	158	238	8	14	80	0.1750000
NODE_121173_length_341_cov_1.471074	186	266	0	80	80	1.0000000
NODE_121173_length_341_cov_1.471074	239	319	0	80	80	1.0000000
NODE_121211_length_341_cov_1.342975	284	322	0	38	38	1.0000000
NODE_121431_length_341_cov_0.991736	36	89	0	53	53	1.0000000
NODE_121693_length_340_cov_541.348548	86	144	348	1	58	0.0172414
NODE_121693_length_340_cov_541.348548	86	144	350	1	58	0.0172414
NODE_121693_length_340_cov_541.348548	86	144	356	1	58	0.0172414
NODE_121693_length_340_cov_541.348548	86	144	361	1	58	0.0172414
NODE_121693_length_340_cov_541.348548	86	144	365	1	58	0.0172414
NODE_121693_length_340_cov_541.348548	86	144	370	1	58	0.0172414
NODE_121693_length_340_cov_541.348548	86	144	378	2	58	0.0344828
NODE_121693_length_340_cov_541.348548	86	144	381	1	58	0.0172414
NODE_121693_length_340_cov_541.348548	86	144	387	1	58	0.0172414
NODE_121693_length_340_cov_541.348548	86	144	394	1	58	0.0172414
NODE_121693_length_340_cov_541.348548	86	144	407	1	58	0.0172414
NODE_121693_length_340_cov_541.348548	86	144	415	1	58	0.0172414
NODE_121693_length_340_cov_541.348548	86	144	421	1	58	0.0172414
NODE_121693_length_340_cov_541.348548	86	144	423	1	58	0.0172414
NODE_121693_length_340_cov_541.348548	86	144	430	1	58	0.0172414
NODE_121693_length_340_cov_541.348548	86	144	447	1	58	0.0172414
NODE_121693_length_340_cov_541.348548	86	144	453	1	58	0.0172414
NODE_121693_length_340_cov_541.348548	86	144	465	1	58	0.0172414
NODE_121693_length_340_cov_541.348548	86	144	467	1	58	0.0172414
NODE_121693_length_340_cov_541.348548	86	144	486	1	58	0.0172414
NODE_121693_length_340_cov_541.348548	86	144	503	1	58	0.0172414
NODE_121693_length_340_cov_541.348548	86	144	508	2	58	0.0344828
NODE_121693_length_340_cov_541.348548	86	144	513	1	58	0.0172414
NODE_121693_length_340_cov_541.348548	86	144	523	1	58	0.0172414
NODE_121693_length_340_cov_541.348548	86	144	532	1	58	0.0172414
NODE_121693_length_340_cov_541.348548	86	144	536	1	58	0.0172414
NODE_121693_length_340_cov_541.348548	86	144	540	2	58	0.0344828
NODE_121693_length_340_cov_541.348548	86	144	544	1	58	0.0172414
NODE_121693_length_340_cov_541.348548	86	144	546	1	58	0.0172414
NODE_121693_length_340_cov_541.348548	86	144	547	1	58	0.0172414
NODE_121693_length_340_cov_541.348548	86	144	556	2	58	0.0344828
NODE_121693_length_340_cov_541.348548	86	144	562	1	58	0.0172414
NODE_121693_length_340_cov_541.348548	86	144	565	1	58	0.0172414
NODE_121693_length_340_cov_541.348548	86	144	567	2	58	0.0344828
NODE_121693_length_340_cov_541.348548	86	144	569	4	58	0.0689655
NODE_121693_length_340_cov_541.348548	86	144	570	1	58	0.0172414
NODE_121693_length_340_cov_541.348548	86	144	572	2	58	0.0344828
NODE_121693_length_340_cov_541.348548	86	144	573	3	58	0.0517241
NODE_121693_length_340_cov_541.348548	86	144	576	3	58	0.0517241
NODE_121693_length_340_cov_541.348548	86	144	577	1	58	0.0172414
NODE_121693_length_340_cov_541.348548	86	144	579	2	58	0.0344828
NODE_121693_length_340_cov_541.348548	86	144	582	1	58	0.0172414
NODE_121693_length_340_cov_541.348548	86	144	585	1	58	0.0172414
NODE_121693_length_340_cov_541.348548	86	144	588	1	58	0.0172414
NODE_121693_length_340_cov_541.348548	86	154	348	1	68	0.0147059
NODE_121693_length_340_cov_541.348548	86	154	350	1	68	0.0147059
NODE_121693_length_340_cov_541.348548	86	154	356	1	68	0.0147059
NODE_121693_length_340_cov_541.348548	86	154	361	1	68	0.0147059
NODE_121693_length_340_cov_541.348548	86	154	365	1	68	0.0147059
NODE_121693_length_340_cov_541.348548	86	154	370	1	68	0.0147059
NODE_121693_length_340_cov_541.348548	86	154	378	2	68	0.0294118
NODE_121693_length_340_cov_541.348548	86	154	381	1	68	0.0147059
NODE_121693_length_340_cov_541.348548	86	154	387	1	68	0.0147059
NODE_121693_length_340_cov_541.348548	86	154	394	1	68	0.0147059
NODE_121693_length_340_cov_541.348548	86	154	407	1	68	0.0147059
NODE_121693_length_340_cov_541.348548	86	154	415	1	68	0.0147059
NODE_121693_length_340_cov_541.348548	86	154	421	1	68	0.0147059
NODE_121693_length_340_cov_541.348548	86	154	423	1	68	0.0147059
NODE_121693_length_340_cov_541.348548	86	154	430	1	68	0.0147059
NODE_121693_length_340_cov_541.348548	86	154	447	1	68	0.0147059
NODE_121693_length_340_cov_541.348548	86	154	453	1	68	0.0147059
NODE_121693_length_340_cov_541.348548	86	154	465	1	68	0.0147059
NODE_121693_length_340_cov_541.348548	86	154	467	1	68	0.0147059
NODE_121693_length_340_cov_541.348548	86	154	486	1	68	0.0147059
NODE_121693_length_340_cov_541.348548	86	154	503	1	68	0.0147059
NODE_121693_length_340_cov_541.348548	86	154	508	2	68	0.0294118
NODE_121693_length_340_cov_541.348548	86	154	513	1	68	0.0147059
NODE_121693_length_340_cov_541.348548	86	154	523	1	68	0.0147059
NODE_121693_length_340_cov_541.348548	86	154	532	1	68	0.0147059
NODE_121693_length_340_cov_541.348548	86	154	536	1	68	0.0147059
NODE_121693_length_340_cov_541.348548	86	154	540	2	68	0.0294118
NODE_121693_length_340_cov_541.348548	86	154	544	1	68	0.0147059
NODE_121693_length_340_cov_541.348548	86	154	546	1	68	0.0147059
NODE_121693_length_340_cov_541.348548	86	154	547	1	68	0.0147059
NODE_121693_length_340_cov_541.348548	86	154	556	2	68	0.0294118
NODE_121693_length_340_cov_541.348548	86	154	562	1	68	0.0147059
NODE_121693_length_340_cov_541.348548	86	154	565	1	68	0.0147059
NODE_121693_length_340_cov_541.348548	86	154	567	2	68	0.0294118
NODE_121693_length_340_cov_541.348548	86	154	569	4	68	0.0588235
NODE_121693_length_340_cov_541.348548	86	154	570	3	68	0.0441176
NODE_121693_length_340_cov_541.348548	86	154	572	3	68	0.0441176
NODE_121693_length_340_cov_541.348548	86	154	573	4	68	0.0588235
NODE_121693_length_340_cov_541.348548	86	154	574	1	68	0.0147059
NODE_121693_length_340_cov_541.348548	86	154	576	4	68	0.0588235
NODE_121693_length_340_cov_541.348548	86	154	577	2	68	0.0294118
NODE_121693_length_340_cov_541.348548	86	154	579	3	68	0.0441176
NODE_121693_length_340_cov_541.348548	86	154	582	3	68	0.0441176
NODE_121693_length_340_cov_541.348548	86	154	585	1	68	0.0147059
NODE_121693_length_340_cov_541.348548	86	154	588	1	68	0.0147059
NODE_121693_length_340_cov_541.348548	86	107	348	1	21	0.0476190
NODE_121693_length_340_cov_541.348548	86	107	350	1	21	0.0476190
NODE_121693_length_340_cov_541.348548	86	107	356	1	21	0.0476190
NODE_121693_length_340_cov_541.348548	86	107	361	1	21	0.0476190
NODE_121693_length_340_cov_541.348548	86	107	365	1	21	0.0476190
NODE_121693_length_340_cov_541.348548	86	107	370	1	21	0.0476190
NODE_121693_length_340_cov_541.348548	86	107	378	2	21	0.0952381
NODE_121693_length_340_cov_541.348548	86	107	381	1	21	0.0476190
NODE_121693_length_340_cov_541.348548	86	107	387	1	21	0.0476190
NODE_121693_length_340_cov_541.348548	86	107	394	1	21	0.0476190
NODE_121693_length_340_cov_541.348548	86	107	407	1	21	0.0476190
NODE_121693_length_340_cov_541.348548	86	107	415	1	21	0.0476190
NODE_121693_length_340_cov_541.348548	86	107	421	1	21	0.0476190
NODE_121693_length_340_cov_541.348548	86	107	423	1	21	0.0476190
NODE_121693_length_340_cov_541.348548	86	107	430	1	21	0.0476190
NODE_121693_length_340_cov_541.348548	86	107	447	1	21	0.0476190
NODE_121693_length_340_cov_541.348548	86	107	453	1	21	0.0476190
NODE_121693_length_340_cov_541.348548	86	107	465	1	21	0.0476190
NODE_121693_length_340_cov_541.348548	86	107	467	1	21	0.0476190
NODE_121693_length_340_cov_541.348548	86	107	486	1	21	0.0476190
NODE_121694_length_340_cov_50.755187	196	266	14	1	70	0.0142857
NODE_121694_length_340_cov_50.755187	196	266	16	7	70	0.1000000
NODE_121694_length_340_cov_50.755187	196	266	18	2	70	0.0285714
NODE_121694_length_340_cov_50.755187	196	266	20	8	70	0.1142857
NODE_121694_length_340_cov_50.755187	196	266	22	4	70	0.0571429
NODE_121694_length_340_cov_50.755187	196	266	23	6	70	0.0857143
NODE_121694_length_340_cov_50.755187	196	266	24	11	70	0.1571429
NODE_121694_length_340_cov_50.755187	196	266	26	31	70	0.4428571
NODE_121696_length_340_cov_8.917012	240	270	2	2	30	0.0666667
NODE_121696_length_340_cov_8.917012	240	270	6	21	30	0.7000000
NODE_121696_length_340_cov_8.917012	240	270	8	7	30	0.2333333
NODE_121696_length_340_cov_8.917012	243	315	2	47	72	0.6527778
NODE_121696_length_340_cov_8.917012	243	315	6	21	72	0.2916667
NODE_121696_length_340_cov_8.917012	243	315	8	4	72	0.0555556
NODE_121702_length_340_cov_6.439834	175	255	0	80	80	1.0000000
NODE_121702_length_340_cov_6.439834	228	310	0	82	82	1.0000000
NODE_121708_length_340_cov_5.883817	72	121	0	49	49	1.0000000
NODE_121708_length_340_cov_5.883817	82	113	0	31	31	1.0000000
NODE_121714_length_340_cov_5.228216	116	186	4	3	70	0.0428571
NODE_121714_length_340_cov_5.228216	116	186	6	7	70	0.1000000
NODE_121714_length_340_cov_5.228216	116	186	8	60	70	0.8571429
NODE_121714_length_340_cov_5.228216	159	201	2	6	42	0.1428571
NODE_121714_length_340_cov_5.228216	159	201	6	16	42	0.3809524
NODE_121714_length_340_cov_5.228216	159	201	8	20	42	0.4761905
NODE_121730_length_340_cov_4.497925	136	184	0	48	48	1.0000000
NODE_121752_length_340_cov_3.759336	88	169	2	57	81	0.7037037
NODE_121752_length_340_cov_3.759336	88	169	4	24	81	0.2962963
NODE_121849_length_340_cov_2.506224	68	114	0	46	46	1.0000000
NODE_121951_length_340_cov_1.995851	29	101	2	72	72	1.0000000
NODE_121951_length_340_cov_1.995851	96	143	1	2	47	0.0425532
NODE_121951_length_340_cov_1.995851	96	143	2	23	47	0.4893617
NODE_121951_length_340_cov_1.995851	96	143	3	22	47	0.4680851
NODE_122154_length_340_cov_1.427386	244	274	4	30	30	1.0000000
NODE_122218_length_340_cov_1.282158	71	135	0	33	64	0.5156250
NODE_122218_length_340_cov_1.282158	71	135	2	31	64	0.4843750
NODE_122218_length_340_cov_1.282158	128	188	2	60	60	1.0000000
NODE_122218_length_340_cov_1.282158	142	189	2	47	47	1.0000000
NODE_122220_length_340_cov_1.278008	51	102	0	24	51	0.4705882
NODE_122220_length_340_cov_1.278008	51	102	1	12	51	0.2352941
NODE_122220_length_340_cov_1.278008	51	102	2	15	51	0.2941177
NODE_122321_length_340_cov_1.199170	98	160	2	36	62	0.5806451
NODE_122321_length_340_cov_1.199170	98	160	6	6	62	0.0967742
NODE_122321_length_340_cov_1.199170	98	160	8	20	62	0.3225806
NODE_122381_length_340_cov_1.070539	32	65	0	33	33	1.0000000
NODE_122429_length_340_cov_1.020747	209	228	0	19	19	1.0000000
NODE_122686_length_339_cov_87.841667	149	227	130	1	78	0.0128205
NODE_122686_length_339_cov_87.841667	149	227	134	1	78	0.0128205
NODE_122686_length_339_cov_87.841667	149	227	144	3	78	0.0384615
NODE_122686_length_339_cov_87.841667	149	227	147	1	78	0.0128205
NODE_122686_length_339_cov_87.841667	149	227	150	1	78	0.0128205
NODE_122686_length_339_cov_87.841667	149	227	156	1	78	0.0128205
NODE_122686_length_339_cov_87.841667	149	227	160	3	78	0.0384615
NODE_122686_length_339_cov_87.841667	149	227	161	1	78	0.0128205
NODE_122686_length_339_cov_87.841667	149	227	165	1	78	0.0128205
NODE_122686_length_339_cov_87.841667	149	227	166	1	78	0.0128205
NODE_122686_length_339_cov_87.841667	149	227	167	3	78	0.0384615
NODE_122686_length_339_cov_87.841667	149	227	168	3	78	0.0384615
NODE_122686_length_339_cov_87.841667	149	227	169	5	78	0.0641026
NODE_122686_length_339_cov_87.841667	149	227	170	1	78	0.0128205
NODE_122686_length_339_cov_87.841667	149	227	171	2	78	0.0256410
NODE_122686_length_339_cov_87.841667	149	227	172	1	78	0.0128205
NODE_122686_length_339_cov_87.841667	149	227	173	1	78	0.0128205
NODE_122686_length_339_cov_87.841667	149	227	174	1	78	0.0128205
NODE_122686_length_339_cov_87.841667	149	227	175	5	78	0.0641026
NODE_122686_length_339_cov_87.841667	149	227	176	5	78	0.0641026
NODE_122686_length_339_cov_87.841667	149	227	177	1	78	0.0128205
NODE_122686_length_339_cov_87.841667	149	227	178	4	78	0.0512821
NODE_122686_length_339_cov_87.841667	149	227	180	3	78	0.0384615
NODE_122686_length_339_cov_87.841667	149	227	181	2	78	0.0256410
NODE_122686_length_339_cov_87.841667	149	227	182	5	78	0.0641026
NODE_122686_length_339_cov_87.841667	149	227	183	1	78	0.0128205
NODE_122686_length_339_cov_87.841667	149	227	184	7	78	0.0897436
NODE_122686_length_339_cov_87.841667	149	227	185	1	78	0.0128205
NODE_122686_length_339_cov_87.841667	149	227	186	1	78	0.0128205
NODE_122686_length_339_cov_87.841667	149	227	187	1	78	0.0128205
NODE_122686_length_339_cov_87.841667	149	227	188	2	78	0.0256410
NODE_122686_length_339_cov_87.841667	149	227	189	1	78	0.0128205
NODE_122686_length_339_cov_87.841667	149	227	190	2	78	0.0256410
NODE_122686_length_339_cov_87.841667	149	227	191	5	78	0.0641026
NODE_122686_length_339_cov_87.841667	149	227	192	1	78	0.0128205
NODE_122687_length_339_cov_14.304167	69	138	21	6	69	0.0869565
NODE_122687_length_339_cov_14.304167	69	138	27	14	69	0.2028985
NODE_122687_length_339_cov_14.304167	69	138	31	21	69	0.3043478
NODE_122687_length_339_cov_14.304167	69	138	33	2	69	0.0289855
NODE_122687_length_339_cov_14.304167	69	138	35	6	69	0.0869565
NODE_122687_length_339_cov_14.304167	69	138	37	20	69	0.2898551
NODE_122687_length_339_cov_14.304167	69	138	21	6	69	0.0869565
NODE_122687_length_339_cov_14.304167	69	138	27	14	69	0.2028985
NODE_122687_length_339_cov_14.304167	69	138	31	21	69	0.3043478
NODE_122687_length_339_cov_14.304167	69	138	33	2	69	0.0289855
NODE_122687_length_339_cov_14.304167	69	138	35	6	69	0.0869565
NODE_122687_length_339_cov_14.304167	69	138	37	20	69	0.2898551
NODE_122687_length_339_cov_14.304167	69	138	21	6	69	0.0869565
NODE_122687_length_339_cov_14.304167	69	138	27	14	69	0.2028985
NODE_122687_length_339_cov_14.304167	69	138	31	21	69	0.3043478
NODE_122687_length_339_cov_14.304167	69	138	33	2	69	0.0289855
NODE_122687_length_339_cov_14.304167	69	138	35	6	69	0.0869565
NODE_122687_length_339_cov_14.304167	69	138	37	20	69	0.2898551
NODE_122687_length_339_cov_14.304167	88	138	27	1	50	0.0200000
NODE_122687_length_339_cov_14.304167	88	138	31	21	50	0.4200000
NODE_122687_length_339_cov_14.304167	88	138	33	2	50	0.0400000
NODE_122687_length_339_cov_14.304167	88	138	35	6	50	0.1200000
NODE_122687_length_339_cov_14.304167	88	138	37	20	50	0.4000000
NODE_122687_length_339_cov_14.304167	111	160	23	16	49	0.3265306
NODE_122687_length_339_cov_14.304167	111	160	30	1	49	0.0204082
NODE_122687_length_339_cov_14.304167	111	160	31	19	49	0.3877551
NODE_122687_length_339_cov_14.304167	111	160	33	2	49	0.0408163
NODE_122687_length_339_cov_14.304167	111	160	35	6	49	0.1224490
NODE_122687_length_339_cov_14.304167	111	160	37	5	49	0.1020408
NODE_122727_length_339_cov_4.320833	187	267	0	80	80	1.0000000
NODE_122804_length_339_cov_2.754167	45	125	6	6	80	0.0750000
NODE_122804_length_339_cov_2.754167	45	125	7	2	80	0.0250000
NODE_122804_length_339_cov_2.754167	45	125	9	4	80	0.0500000
NODE_122804_length_339_cov_2.754167	45	125	11	14	80	0.1750000
NODE_122804_length_339_cov_2.754167	45	125	12	5	80	0.0625000
NODE_122804_length_339_cov_2.754167	45	125	13	6	80	0.0750000
NODE_122804_length_339_cov_2.754167	45	125	14	13	80	0.1625000
NODE_122804_length_339_cov_2.754167	45	125	16	30	80	0.3750000
NODE_122971_length_339_cov_1.841667	265	312	9	47	47	1.0000000
NODE_123041_length_339_cov_1.662500	10	57	0	47	47	1.0000000
NODE_123182_length_339_cov_1.275000	247	312	0	65	65	1.0000000
NODE_123285_length_339_cov_1.070833	147	169	0	22	22	1.0000000
NODE_123633_length_338_cov_57.163180	59	120	0	8	61	0.1311475
NODE_123633_length_338_cov_57.163180	59	120	2	53	61	0.8688524
NODE_123633_length_338_cov_57.163180	102	176	0	16	74	0.2162162
NODE_123633_length_338_cov_57.163180	102	176	1	1	74	0.0135135
NODE_123633_length_338_cov_57.163180	102	176	2	57	74	0.7702703
NODE_123674_length_338_cov_4.263598	113	165	0	52	52	1.0000000
NODE_123679_length_338_cov_4.079498	96	151	6	55	55	1.0000000
NODE_123689_length_338_cov_3.841004	122	149	0	27	27	1.0000000
NODE_123793_length_338_cov_2.393305	216	288	2	36	72	0.5000000
NODE_123793_length_338_cov_2.393305	216	288	4	36	72	0.5000000
NODE_123795_length_338_cov_2.380753	29	93	0	64	64	1.0000000
NODE_123919_length_338_cov_1.878661	146	232	2	13	86	0.1511628
NODE_123919_length_338_cov_1.878661	146	232	4	29	86	0.3372093
NODE_123919_length_338_cov_1.878661	146	232	6	21	86	0.2441860
NODE_123919_length_338_cov_1.878661	146	232	10	3	86	0.0348837
NODE_123919_length_338_cov_1.878661	146	232	11	20	86	0.2325581
NODE_123944_length_338_cov_1.740586	79	159	0	80	80	1.0000000
NODE_123946_length_338_cov_1.732218	216	257	0	41	41	1.0000000
NODE_124046_length_338_cov_1.493724	14	90	0	76	76	1.0000000
NODE_124247_length_338_cov_1.100418	265	333	0	68	68	1.0000000
NODE_124456_length_338_cov_0.849372	281	338	0	57	57	1.0000000
NODE_124533_length_338_cov_0.711297	188	263	0	75	75	1.0000000
NODE_124625_length_337_cov_468.180672	107	187	48	4	80	0.0500000
NODE_124625_length_337_cov_468.180672	107	187	50	3	80	0.0375000
NODE_124625_length_337_cov_468.180672	107	187	51	2	80	0.0250000
NODE_124625_length_337_cov_468.180672	107	187	52	9	80	0.1125000
NODE_124625_length_337_cov_468.180672	107	187	58	3	80	0.0375000
NODE_124625_length_337_cov_468.180672	107	187	60	4	80	0.0500000
NODE_124625_length_337_cov_468.180672	107	187	61	10	80	0.1250000
NODE_124625_length_337_cov_468.180672	107	187	63	10	80	0.1250000
NODE_124625_length_337_cov_468.180672	107	187	64	4	80	0.0500000
NODE_124625_length_337_cov_468.180672	107	187	65	2	80	0.0250000
NODE_124625_length_337_cov_468.180672	107	187	66	16	80	0.2000000
NODE_124625_length_337_cov_468.180672	107	187	67	13	80	0.1625000
NODE_124625_length_337_cov_468.180672	160	230	22	7	70	0.1000000
NODE_124625_length_337_cov_468.180672	160	230	26	2	70	0.0285714
NODE_124625_length_337_cov_468.180672	160	230	28	1	70	0.0142857
NODE_124625_length_337_cov_468.180672	160	230	29	1	70	0.0142857
NODE_124625_length_337_cov_468.180672	160	230	30	5	70	0.0714286
NODE_124625_length_337_cov_468.180672	160	230	32	3	70	0.0428571
NODE_124625_length_337_cov_468.180672	160	230	34	2	70	0.0285714
NODE_124625_length_337_cov_468.180672	160	230	36	1	70	0.0142857
NODE_124625_length_337_cov_468.180672	160	230	38	2	70	0.0285714
NODE_124625_length_337_cov_468.180672	160	230	40	3	70	0.0428571
NODE_124625_length_337_cov_468.180672	160	230	41	2	70	0.0285714
NODE_124625_length_337_cov_468.180672	160	230	42	1	70	0.0142857
NODE_124625_length_337_cov_468.180672	160	230	45	2	70	0.0285714
NODE_124625_length_337_cov_468.180672	160	230	47	4	70	0.0571429
NODE_124625_length_337_cov_468.180672	160	230	48	5	70	0.0714286
NODE_124625_length_337_cov_468.180672	160	230	50	3	70	0.0428571
NODE_124625_length_337_cov_468.180672	160	230	51	8	70	0.1142857
NODE_124625_length_337_cov_468.180672	160	230	52	9	70	0.1285714
NODE_124625_length_337_cov_468.180672	160	230	58	3	70	0.0428571
NODE_124625_length_337_cov_468.180672	160	230	60	4	70	0.0571429
NODE_124625_length_337_cov_468.180672	160	230	66	2	70	0.0285714
NODE_124625_length_337_cov_468.180672	226	306	44	1	80	0.0125000
NODE_124625_length_337_cov_468.180672	226	306	48	2	80	0.0250000
NODE_124625_length_337_cov_468.180672	226	306	50	1	80	0.0125000
NODE_124625_length_337_cov_468.180672	226	306	51	4	80	0.0500000
NODE_124625_length_337_cov_468.180672	226	306	52	8	80	0.1000000
NODE_124625_length_337_cov_468.180672	226	306	53	13	80	0.1625000
NODE_124625_length_337_cov_468.180672	226	306	55	51	80	0.6375000
NODE_124625_length_337_cov_468.180672	279	337	27	6	58	0.1034483
NODE_124625_length_337_cov_468.180672	279	337	29	6	58	0.1034483
NODE_124625_length_337_cov_468.180672	279	337	31	3	58	0.0517241
NODE_124625_length_337_cov_468.180672	279	337	35	1	58	0.0172414
NODE_124625_length_337_cov_468.180672	279	337	36	1	58	0.0172414
NODE_124625_length_337_cov_468.180672	279	337	38	1	58	0.0172414
NODE_124625_length_337_cov_468.180672	279	337	40	1	58	0.0172414
NODE_124625_length_337_cov_468.180672	279	337	42	9	58	0.1551724
NODE_124625_length_337_cov_468.180672	279	337	44	4	58	0.0689655
NODE_124625_length_337_cov_468.180672	279	337	48	2	58	0.0344828
NODE_124625_length_337_cov_468.180672	279	337	50	1	58	0.0172414
NODE_124625_length_337_cov_468.180672	279	337	52	8	58	0.1379310
NODE_124625_length_337_cov_468.180672	279	337	53	11	58	0.1896552
NODE_124625_length_337_cov_468.180672	279	337	55	4	58	0.0689655
NODE_124626_length_337_cov_91.344538	1	50	6	12	49	0.2448980
NODE_124626_length_337_cov_91.344538	1	50	8	2	49	0.0408163
NODE_124626_length_337_cov_91.344538	1	50	10	1	49	0.0204082
NODE_124626_length_337_cov_91.344538	1	50	14	1	49	0.0204082
NODE_124626_length_337_cov_91.344538	1	50	16	1	49	0.0204082
NODE_124626_length_337_cov_91.344538	1	50	18	1	49	0.0204082
NODE_124626_length_337_cov_91.344538	1	50	19	2	49	0.0408163
NODE_124626_length_337_cov_91.344538	1	50	23	2	49	0.0408163
NODE_124626_length_337_cov_91.344538	1	50	27	1	49	0.0204082
NODE_124626_length_337_cov_91.344538	1	50	29	1	49	0.0204082
NODE_124626_length_337_cov_91.344538	1	50	30	12	49	0.2448980
NODE_124626_length_337_cov_91.344538	1	50	31	1	49	0.0204082
NODE_124626_length_337_cov_91.344538	1	50	33	1	49	0.0204082
NODE_124626_length_337_cov_91.344538	1	50	37	3	49	0.0612245
NODE_124626_length_337_cov_91.344538	1	50	39	2	49	0.0408163
NODE_124626_length_337_cov_91.344538	1	50	45	1	49	0.0204082
NODE_124626_length_337_cov_91.344538	1	50	50	1	49	0.0204082
NODE_124626_length_337_cov_91.344538	1	50	52	4	49	0.0816327
NODE_124626_length_337_cov_91.344538	23	103	27	1	80	0.0125000
NODE_124626_length_337_cov_91.344538	23	103	29	1	80	0.0125000
NODE_124626_length_337_cov_91.344538	23	103	30	12	80	0.1500000
NODE_124626_length_337_cov_91.344538	23	103	31	1	80	0.0125000
NODE_124626_length_337_cov_91.344538	23	103	33	1	80	0.0125000
NODE_124626_length_337_cov_91.344538	23	103	37	3	80	0.0375000
NODE_124626_length_337_cov_91.344538	23	103	39	2	80	0.0250000
NODE_124626_length_337_cov_91.344538	23	103	45	1	80	0.0125000
NODE_124626_length_337_cov_91.344538	23	103	50	1	80	0.0125000
NODE_124626_length_337_cov_91.344538	23	103	52	5	80	0.0625000
NODE_124626_length_337_cov_91.344538	23	103	54	1	80	0.0125000
NODE_124626_length_337_cov_91.344538	23	103	56	4	80	0.0500000
NODE_124626_length_337_cov_91.344538	23	103	58	3	80	0.0375000
NODE_124626_length_337_cov_91.344538	23	103	60	2	80	0.0250000
NODE_124626_length_337_cov_91.344538	23	103	61	1	80	0.0125000
NODE_124626_length_337_cov_91.344538	23	103	64	3	80	0.0375000
NODE_124626_length_337_cov_91.344538	23	103	68	1	80	0.0125000
NODE_124626_length_337_cov_91.344538	23	103	69	5	80	0.0625000
NODE_124626_length_337_cov_91.344538	23	103	70	16	80	0.2000000
NODE_124626_length_337_cov_91.344538	23	103	71	6	80	0.0750000
NODE_124626_length_337_cov_91.344538	23	103	73	10	80	0.1250000
NODE_124627_length_337_cov_73.352941	71	151	0	20	80	0.2500000
NODE_124627_length_337_cov_73.352941	71	151	4	1	80	0.0125000
NODE_124627_length_337_cov_73.352941	71	151	5	15	80	0.1875000
NODE_124627_length_337_cov_73.352941	71	151	6	44	80	0.5500000
NODE_124627_length_337_cov_73.352941	124	204	4	5	80	0.0625000
NODE_124627_length_337_cov_73.352941	124	204	6	30	80	0.3750000
NODE_124627_length_337_cov_73.352941	124	204	9	36	80	0.4500000
NODE_124627_length_337_cov_73.352941	124	204	10	9	80	0.1125000
NODE_124629_length_337_cov_46.978992	220	305	30	3	85	0.0352941
NODE_124629_length_337_cov_46.978992	220	305	40	1	85	0.0117647
NODE_124629_length_337_cov_46.978992	220	305	42	6	85	0.0705882
NODE_124629_length_337_cov_46.978992	220	305	44	5	85	0.0588235
NODE_124629_length_337_cov_46.978992	220	305	45	6	85	0.0705882
NODE_124629_length_337_cov_46.978992	220	305	46	2	85	0.0235294
NODE_124629_length_337_cov_46.978992	220	305	47	1	85	0.0117647
NODE_124629_length_337_cov_46.978992	220	305	48	61	85	0.7176471
NODE_124629_length_337_cov_46.978992	220	305	30	3	85	0.0352941
NODE_124629_length_337_cov_46.978992	220	305	40	1	85	0.0117647
NODE_124629_length_337_cov_46.978992	220	305	42	6	85	0.0705882
NODE_124629_length_337_cov_46.978992	220	305	44	5	85	0.0588235
NODE_124629_length_337_cov_46.978992	220	305	45	6	85	0.0705882
NODE_124629_length_337_cov_46.978992	220	305	46	2	85	0.0235294
NODE_124629_length_337_cov_46.978992	220	305	47	1	85	0.0117647
NODE_124629_length_337_cov_46.978992	220	305	48	61	85	0.7176471
NODE_124629_length_337_cov_46.978992	220	305	30	3	85	0.0352941
NODE_124629_length_337_cov_46.978992	220	305	40	1	85	0.0117647
NODE_124629_length_337_cov_46.978992	220	305	42	6	85	0.0705882
NODE_124629_length_337_cov_46.978992	220	305	44	5	85	0.0588235
NODE_124629_length_337_cov_46.978992	220	305	45	6	85	0.0705882
NODE_124629_length_337_cov_46.978992	220	305	46	2	85	0.0235294
NODE_124629_length_337_cov_46.978992	220	305	47	1	85	0.0117647
NODE_124629_length_337_cov_46.978992	220	305	48	61	85	0.7176471
NODE_124629_length_337_cov_46.978992	278	327	10	3	49	0.0612245
NODE_124629_length_337_cov_46.978992	278	327	16	10	49	0.2040816
NODE_124629_length_337_cov_46.978992	278	327	25	7	49	0.1428571
NODE_124629_length_337_cov_46.978992	278	327	30	2	49	0.0408163
NODE_124629_length_337_cov_46.978992	278	327	42	6	49	0.1224490
NODE_124629_length_337_cov_46.978992	278	327	44	5	49	0.1020408
NODE_124629_length_337_cov_46.978992	278	327	45	6	49	0.1224490
NODE_124629_length_337_cov_46.978992	278	327	47	1	49	0.0204082
NODE_124629_length_337_cov_46.978992	278	327	48	9	49	0.1836735
NODE_124629_length_337_cov_46.978992	278	337	10	13	59	0.2203390
NODE_124629_length_337_cov_46.978992	278	337	16	10	59	0.1694915
NODE_124629_length_337_cov_46.978992	278	337	25	7	59	0.1186441
NODE_124629_length_337_cov_46.978992	278	337	30	2	59	0.0338983
NODE_124629_length_337_cov_46.978992	278	337	42	6	59	0.1016949
NODE_124629_length_337_cov_46.978992	278	337	44	5	59	0.0847458
NODE_124629_length_337_cov_46.978992	278	337	45	6	59	0.1016949
NODE_124629_length_337_cov_46.978992	278	337	47	1	59	0.0169492
NODE_124629_length_337_cov_46.978992	278	337	48	9	59	0.1525424
NODE_124629_length_337_cov_46.978992	283	337	10	13	54	0.2407407
NODE_124629_length_337_cov_46.978992	283	337	16	10	54	0.1851852
NODE_124629_length_337_cov_46.978992	283	337	25	7	54	0.1296296
NODE_124629_length_337_cov_46.978992	283	337	30	2	54	0.0370370
NODE_124629_length_337_cov_46.978992	283	337	42	6	54	0.1111111
NODE_124629_length_337_cov_46.978992	283	337	44	5	54	0.0925926
NODE_124629_length_337_cov_46.978992	283	337	45	6	54	0.1111111
NODE_124629_length_337_cov_46.978992	283	337	47	1	54	0.0185185
NODE_124629_length_337_cov_46.978992	283	337	48	4	54	0.0740741
NODE_124640_length_337_cov_6.214286	52	95	0	43	43	1.0000000
NODE_124669_length_337_cov_4.298319	5	58	0	53	53	1.0000000
NODE_124703_length_337_cov_3.478992	179	259	10	3	80	0.0375000
NODE_124703_length_337_cov_3.478992	179	259	11	7	80	0.0875000
NODE_124703_length_337_cov_3.478992	179	259	12	7	80	0.0875000
NODE_124703_length_337_cov_3.478992	179	259	17	18	80	0.2250000
NODE_124703_length_337_cov_3.478992	179	259	21	12	80	0.1500000
NODE_124703_length_337_cov_3.478992	179	259	22	4	80	0.0500000
NODE_124703_length_337_cov_3.478992	179	259	25	2	80	0.0250000
NODE_124703_length_337_cov_3.478992	179	259	28	27	80	0.3375000
NODE_124703_length_337_cov_3.478992	232	307	15	5	75	0.0666667
NODE_124703_length_337_cov_3.478992	232	307	17	4	75	0.0533333
NODE_124703_length_337_cov_3.478992	232	307	19	1	75	0.0133333
NODE_124703_length_337_cov_3.478992	232	307	21	49	75	0.6533333
NODE_124703_length_337_cov_3.478992	232	307	22	4	75	0.0533333
NODE_124703_length_337_cov_3.478992	232	307	28	12	75	0.1600000
NODE_124759_length_337_cov_2.647059	80	146	0	66	66	1.0000000
NODE_124858_length_337_cov_2.121849	23	103	0	6	80	0.0750000
NODE_124858_length_337_cov_2.121849	23	103	2	2	80	0.0250000
NODE_124858_length_337_cov_2.121849	23	103	4	72	80	0.9000000
NODE_124858_length_337_cov_2.121849	76	141	0	1	65	0.0153846
NODE_124858_length_337_cov_2.121849	76	141	4	64	65	0.9846154
NODE_125001_length_337_cov_1.689076	138	218	0	15	80	0.1875000
NODE_125001_length_337_cov_1.689076	138	218	2	65	80	0.8125000
NODE_125024_length_337_cov_1.592437	109	151	0	42	42	1.0000000
NODE_125024_length_337_cov_1.592437	126	204	0	78	78	1.0000000
NODE_125074_length_337_cov_1.466387	266	332	0	66	66	1.0000000
NODE_125271_length_337_cov_1.071429	279	319	0	40	40	1.0000000
NODE_125332_length_337_cov_0.978992	227	272	0	45	45	1.0000000
NODE_125633_length_336_cov_7.843882	151	231	0	80	80	1.0000000
NODE_125645_length_336_cov_5.578059	159	220	4	28	61	0.4590164
NODE_125645_length_336_cov_5.578059	159	220	6	33	61	0.5409836
NODE_125645_length_336_cov_5.578059	212	273	2	25	61	0.4098361
NODE_125645_length_336_cov_5.578059	212	273	4	2	61	0.0327869
NODE_125645_length_336_cov_5.578059	212	273	6	34	61	0.5573770
NODE_125663_length_336_cov_4.481013	129	207	0	37	78	0.4743590
NODE_125663_length_336_cov_4.481013	129	207	2	41	78	0.5256410
NODE_125752_length_336_cov_2.755274	83	112	0	4	29	0.1379310
NODE_125752_length_336_cov_2.755274	83	112	2	18	29	0.6206896
NODE_125752_length_336_cov_2.755274	83	112	4	7	29	0.2413793
NODE_125752_length_336_cov_2.755274	187	268	0	25	81	0.3086420
NODE_125752_length_336_cov_2.755274	187	268	2	3	81	0.0370370
NODE_125752_length_336_cov_2.755274	187	268	4	6	81	0.0740741
NODE_125752_length_336_cov_2.755274	187	268	6	25	81	0.3086420
NODE_125752_length_336_cov_2.755274	187	268	8	22	81	0.2716049
NODE_125806_length_336_cov_2.358650	60	133	0	73	73	1.0000000
NODE_125811_length_336_cov_2.337553	93	173	2	45	80	0.5625000
NODE_125811_length_336_cov_2.337553	93	173	4	35	80	0.4375000
NODE_125965_length_336_cov_1.729958	78	141	2	11	63	0.1746032
NODE_125965_length_336_cov_1.729958	78	141	4	52	63	0.8253968
NODE_125965_length_336_cov_1.729958	131	194	2	44	63	0.6984127
NODE_125965_length_336_cov_1.729958	131	194	4	19	63	0.3015873
NODE_126134_length_336_cov_1.333333	34	114	0	23	80	0.2875000
NODE_126134_length_336_cov_1.333333	34	114	1	20	80	0.2500000
NODE_126134_length_336_cov_1.333333	34	114	5	20	80	0.2500000
NODE_126134_length_336_cov_1.333333	34	114	6	3	80	0.0375000
NODE_126134_length_336_cov_1.333333	34	114	8	14	80	0.1750000
NODE_126134_length_336_cov_1.333333	87	124	5	10	37	0.2702703
NODE_126134_length_336_cov_1.333333	87	124	6	3	37	0.0810811
NODE_126134_length_336_cov_1.333333	87	124	8	15	37	0.4054054
NODE_126134_length_336_cov_1.333333	87	124	10	9	37	0.2432432
NODE_126134_length_336_cov_1.333333	182	213	22	25	31	0.8064516
NODE_126134_length_336_cov_1.333333	182	213	23	6	31	0.1935484
NODE_126216_length_336_cov_1.244726	222	276	0	24	54	0.4444444
NODE_126216_length_336_cov_1.244726	222	276	2	30	54	0.5555556
NODE_126216_length_336_cov_1.244726	288	312	0	24	24	1.0000000
NODE_126260_length_336_cov_1.143460	129	154	0	25	25	1.0000000
NODE_126545_length_336_cov_0.670886	259	288	0	29	29	1.0000000
NODE_126606_length_335_cov_16.114407	162	242	0	80	80	1.0000000
NODE_126606_length_335_cov_16.114407	215	295	0	80	80	1.0000000
NODE_126609_length_335_cov_9.258475	177	250	2	63	73	0.8630137
NODE_126609_length_335_cov_9.258475	177	250	4	10	73	0.1369863
NODE_126614_length_335_cov_7.207627	29	109	2	79	80	0.9875000
NODE_126614_length_335_cov_7.207627	29	109	4	1	80	0.0125000
NODE_126614_length_335_cov_7.207627	82	162	2	79	80	0.9875000
NODE_126614_length_335_cov_7.207627	82	162	4	1	80	0.0125000
NODE_126636_length_335_cov_5.046610	182	263	4	5	81	0.0617284
NODE_126636_length_335_cov_5.046610	182	263	6	76	81	0.9382716
NODE_126639_length_335_cov_4.995763	144	215	0	71	71	1.0000000
NODE_126665_length_335_cov_3.923729	163	231	0	68	68	1.0000000
NODE_126787_length_335_cov_2.411017	230	294	0	64	64	1.0000000
NODE_126791_length_335_cov_2.402542	164	240	4	1	76	0.0131579
NODE_126791_length_335_cov_2.402542	164	240	5	9	76	0.1184211
NODE_126791_length_335_cov_2.402542	164	240	6	13	76	0.1710526
NODE_126791_length_335_cov_2.402542	164	240	8	2	76	0.0263158
NODE_126791_length_335_cov_2.402542	164	240	10	4	76	0.0526316
NODE_126791_length_335_cov_2.402542	164	240	12	9	76	0.1184211
NODE_126791_length_335_cov_2.402542	164	240	14	2	76	0.0263158
NODE_126791_length_335_cov_2.402542	164	240	18	28	76	0.3684210
NODE_126791_length_335_cov_2.402542	164	240	20	8	76	0.1052632
NODE_126792_length_335_cov_2.398305	116	179	0	63	63	1.0000000
NODE_126826_length_335_cov_2.161017	82	141	0	59	59	1.0000000
NODE_126835_length_335_cov_2.152542	61	134	0	2	73	0.0273973
NODE_126835_length_335_cov_2.152542	61	134	2	71	73	0.9726027
NODE_126835_length_335_cov_2.152542	114	134	0	2	20	0.1000000
NODE_126835_length_335_cov_2.152542	114	134	2	18	20	0.9000000
NODE_126920_length_335_cov_1.766949	257	330	4	1	73	0.0136986
NODE_126920_length_335_cov_1.766949	257	330	6	2	73	0.0273973
NODE_126920_length_335_cov_1.766949	257	330	9	1	73	0.0136986
NODE_126920_length_335_cov_1.766949	257	330	11	29	73	0.3972603
NODE_126920_length_335_cov_1.766949	257	330	12	40	73	0.5479452
NODE_126920_length_335_cov_1.766949	297	335	0	2	38	0.0526316
NODE_126920_length_335_cov_1.766949	297	335	2	1	38	0.0263158
NODE_126920_length_335_cov_1.766949	297	335	4	3	38	0.0789474
NODE_126920_length_335_cov_1.766949	297	335	6	2	38	0.0526316
NODE_126920_length_335_cov_1.766949	297	335	9	1	38	0.0263158
NODE_126920_length_335_cov_1.766949	297	335	11	29	38	0.7631579
NODE_127022_length_335_cov_1.529661	255	320	4	65	65	1.0000000
NODE_127023_length_335_cov_1.525424	222	266	0	44	44	1.0000000
NODE_127062_length_335_cov_1.457627	38	87	0	49	49	1.0000000
NODE_127130_length_335_cov_1.296610	291	311	0	20	20	1.0000000
NODE_127130_length_335_cov_1.296610	291	311	0	20	20	1.0000000
NODE_127143_length_335_cov_1.292373	202	232	0	30	30	1.0000000
NODE_127200_length_335_cov_1.194915	75	156	2	24	81	0.2962963
NODE_127200_length_335_cov_1.194915	75	156	4	38	81	0.4691358
NODE_127200_length_335_cov_1.194915	75	156	6	15	81	0.1851852
NODE_127200_length_335_cov_1.194915	75	156	10	3	81	0.0370370
NODE_127200_length_335_cov_1.194915	75	156	12	1	81	0.0123457
NODE_127200_length_335_cov_1.194915	129	195	4	8	66	0.1212121
NODE_127200_length_335_cov_1.194915	129	195	6	15	66	0.2272727
NODE_127200_length_335_cov_1.194915	129	195	8	6	66	0.0909091
NODE_127200_length_335_cov_1.194915	129	195	10	30	66	0.4545455
NODE_127200_length_335_cov_1.194915	129	195	12	7	66	0.1060606
NODE_127310_length_335_cov_0.983051	96	117	4	21	21	1.0000000
NODE_127585_length_334_cov_275.425532	135	215	526	1	80	0.0125000
NODE_127585_length_334_cov_275.425532	135	215	528	1	80	0.0125000
NODE_127585_length_334_cov_275.425532	135	215	529	1	80	0.0125000
NODE_127585_length_334_cov_275.425532	135	215	534	1	80	0.0125000
NODE_127585_length_334_cov_275.425532	135	215	550	1	80	0.0125000
NODE_127585_length_334_cov_275.425532	135	215	576	1	80	0.0125000
NODE_127585_length_334_cov_275.425532	135	215	582	1	80	0.0125000
NODE_127585_length_334_cov_275.425532	135	215	597	1	80	0.0125000
NODE_127585_length_334_cov_275.425532	135	215	605	1	80	0.0125000
NODE_127585_length_334_cov_275.425532	135	215	610	1	80	0.0125000
NODE_127585_length_334_cov_275.425532	135	215	618	1	80	0.0125000
NODE_127585_length_334_cov_275.425532	135	215	636	1	80	0.0125000
NODE_127585_length_334_cov_275.425532	135	215	659	1	80	0.0125000
NODE_127585_length_334_cov_275.425532	135	215	679	1	80	0.0125000
NODE_127585_length_334_cov_275.425532	135	215	687	1	80	0.0125000
NODE_127585_length_334_cov_275.425532	135	215	695	1	80	0.0125000
NODE_127585_length_334_cov_275.425532	135	215	718	1	80	0.0125000
NODE_127585_length_334_cov_275.425532	135	215	743	1	80	0.0125000
NODE_127585_length_334_cov_275.425532	135	215	752	1	80	0.0125000
NODE_127585_length_334_cov_275.425532	135	215	764	1	80	0.0125000
NODE_127585_length_334_cov_275.425532	135	215	772	1	80	0.0125000
NODE_127585_length_334_cov_275.425532	135	215	782	1	80	0.0125000
NODE_127585_length_334_cov_275.425532	135	215	790	1	80	0.0125000
NODE_127585_length_334_cov_275.425532	135	215	804	1	80	0.0125000
NODE_127585_length_334_cov_275.425532	135	215	805	1	80	0.0125000
NODE_127585_length_334_cov_275.425532	135	215	812	1	80	0.0125000
NODE_127585_length_334_cov_275.425532	135	215	815	2	80	0.0250000
NODE_127585_length_334_cov_275.425532	135	215	819	1	80	0.0125000
NODE_127585_length_334_cov_275.425532	135	215	820	2	80	0.0250000
NODE_127585_length_334_cov_275.425532	135	215	840	1	80	0.0125000
NODE_127585_length_334_cov_275.425532	135	215	841	1	80	0.0125000
NODE_127585_length_334_cov_275.425532	135	215	843	1	80	0.0125000
NODE_127585_length_334_cov_275.425532	135	215	845	1	80	0.0125000
NODE_127585_length_334_cov_275.425532	135	215	848	1	80	0.0125000
NODE_127585_length_334_cov_275.425532	135	215	854	2	80	0.0250000
NODE_127585_length_334_cov_275.425532	135	215	855	2	80	0.0250000
NODE_127585_length_334_cov_275.425532	135	215	857	1	80	0.0125000
NODE_127585_length_334_cov_275.425532	135	215	859	3	80	0.0375000
NODE_127585_length_334_cov_275.425532	135	215	861	3	80	0.0375000
NODE_127585_length_334_cov_275.425532	135	215	862	1	80	0.0125000
NODE_127585_length_334_cov_275.425532	135	215	863	4	80	0.0500000
NODE_127585_length_334_cov_275.425532	135	215	864	2	80	0.0250000
NODE_127585_length_334_cov_275.425532	135	215	865	4	80	0.0500000
NODE_127585_length_334_cov_275.425532	135	215	866	1	80	0.0125000
NODE_127585_length_334_cov_275.425532	135	215	867	1	80	0.0125000
NODE_127585_length_334_cov_275.425532	135	215	868	3	80	0.0375000
NODE_127585_length_334_cov_275.425532	135	215	871	1	80	0.0125000
NODE_127585_length_334_cov_275.425532	135	215	872	2	80	0.0250000
NODE_127585_length_334_cov_275.425532	135	215	874	1	80	0.0125000
NODE_127585_length_334_cov_275.425532	135	215	875	1	80	0.0125000
NODE_127585_length_334_cov_275.425532	135	215	876	3	80	0.0375000
NODE_127585_length_334_cov_275.425532	135	215	877	4	80	0.0500000
NODE_127585_length_334_cov_275.425532	135	215	878	2	80	0.0250000
NODE_127585_length_334_cov_275.425532	135	215	879	1	80	0.0125000
NODE_127585_length_334_cov_275.425532	135	215	880	2	80	0.0250000
NODE_127585_length_334_cov_275.425532	188	269	511	2	81	0.0246914
NODE_127585_length_334_cov_275.425532	188	269	513	2	81	0.0246914
NODE_127585_length_334_cov_275.425532	188	269	518	1	81	0.0123457
NODE_127585_length_334_cov_275.425532	188	269	521	1	81	0.0123457
NODE_127585_length_334_cov_275.425532	188	269	525	3	81	0.0370370
NODE_127585_length_334_cov_275.425532	188	269	532	2	81	0.0246914
NODE_127585_length_334_cov_275.425532	188	269	536	3	81	0.0370370
NODE_127585_length_334_cov_275.425532	188	269	542	1	81	0.0123457
NODE_127585_length_334_cov_275.425532	188	269	546	1	81	0.0123457
NODE_127585_length_334_cov_275.425532	188	269	549	2	81	0.0246914
NODE_127585_length_334_cov_275.425532	188	269	553	1	81	0.0123457
NODE_127585_length_334_cov_275.425532	188	269	557	1	81	0.0123457
NODE_127585_length_334_cov_275.425532	188	269	558	2	81	0.0246914
NODE_127585_length_334_cov_275.425532	188	269	560	1	81	0.0123457
NODE_127585_length_334_cov_275.425532	188	269	565	1	81	0.0123457
NODE_127585_length_334_cov_275.425532	188	269	569	1	81	0.0123457
NODE_127585_length_334_cov_275.425532	188	269	570	1	81	0.0123457
NODE_127585_length_334_cov_275.425532	188	269	581	1	81	0.0123457
NODE_127585_length_334_cov_275.425532	188	269	583	1	81	0.0123457
NODE_127585_length_334_cov_275.425532	188	269	585	1	81	0.0123457
NODE_127585_length_334_cov_275.425532	188	269	592	1	81	0.0123457
NODE_127585_length_334_cov_275.425532	188	269	608	1	81	0.0123457
NODE_127585_length_334_cov_275.425532	188	269	613	2	81	0.0246914
NODE_127585_length_334_cov_275.425532	188	269	620	1	81	0.0123457
NODE_127585_length_334_cov_275.425532	188	269	624	1	81	0.0123457
NODE_127585_length_334_cov_275.425532	188	269	630	1	81	0.0123457
NODE_127585_length_334_cov_275.425532	188	269	639	1	81	0.0123457
NODE_127585_length_334_cov_275.425532	188	269	643	1	81	0.0123457
NODE_127585_length_334_cov_275.425532	188	269	649	1	81	0.0123457
NODE_127585_length_334_cov_275.425532	188	269	665	1	81	0.0123457
NODE_127585_length_334_cov_275.425532	188	269	667	1	81	0.0123457
NODE_127585_length_334_cov_275.425532	188	269	674	1	81	0.0123457
NODE_127585_length_334_cov_275.425532	188	269	698	1	81	0.0123457
NODE_127585_length_334_cov_275.425532	188	269	709	1	81	0.0123457
NODE_127585_length_334_cov_275.425532	188	269	717	1	81	0.0123457
NODE_127585_length_334_cov_275.425532	188	269	724	1	81	0.0123457
NODE_127585_length_334_cov_275.425532	188	269	728	1	81	0.0123457
NODE_127585_length_334_cov_275.425532	188	269	741	1	81	0.0123457
NODE_127585_length_334_cov_275.425532	188	269	748	1	81	0.0123457
NODE_127585_length_334_cov_275.425532	188	269	750	1	81	0.0123457
NODE_127585_length_334_cov_275.425532	188	269	754	1	81	0.0123457
NODE_127585_length_334_cov_275.425532	188	269	766	1	81	0.0123457
NODE_127585_length_334_cov_275.425532	188	269	773	1	81	0.0123457
NODE_127585_length_334_cov_275.425532	188	269	785	1	81	0.0123457
NODE_127585_length_334_cov_275.425532	188	269	790	1	81	0.0123457
NODE_127585_length_334_cov_275.425532	188	269	805	1	81	0.0123457
NODE_127585_length_334_cov_275.425532	188	269	812	1	81	0.0123457
NODE_127585_length_334_cov_275.425532	188	269	815	1	81	0.0123457
NODE_127585_length_334_cov_275.425532	188	269	819	1	81	0.0123457
NODE_127585_length_334_cov_275.425532	188	269	820	2	81	0.0246914
NODE_127585_length_334_cov_275.425532	188	269	841	1	81	0.0123457
NODE_127585_length_334_cov_275.425532	188	269	843	1	81	0.0123457
NODE_127585_length_334_cov_275.425532	188	269	859	1	81	0.0123457
NODE_127585_length_334_cov_275.425532	188	269	863	1	81	0.0123457
NODE_127585_length_334_cov_275.425532	188	269	868	1	81	0.0123457
NODE_127585_length_334_cov_275.425532	188	269	872	2	81	0.0246914
NODE_127585_length_334_cov_275.425532	188	269	874	1	81	0.0123457
NODE_127585_length_334_cov_275.425532	188	269	875	1	81	0.0123457
NODE_127585_length_334_cov_275.425532	188	269	876	3	81	0.0370370
NODE_127585_length_334_cov_275.425532	188	269	877	3	81	0.0370370
NODE_127585_length_334_cov_275.425532	188	269	878	2	81	0.0246914
NODE_127585_length_334_cov_275.425532	188	269	879	1	81	0.0123457
NODE_127585_length_334_cov_275.425532	188	269	880	2	81	0.0246914
NODE_127586_length_334_cov_14.753191	135	215	6	35	80	0.4375000
NODE_127586_length_334_cov_14.753191	135	215	8	4	80	0.0500000
NODE_127586_length_334_cov_14.753191	135	215	10	24	80	0.3000000
NODE_127586_length_334_cov_14.753191	135	215	11	2	80	0.0250000
NODE_127586_length_334_cov_14.753191	135	215	14	15	80	0.1875000
NODE_127586_length_334_cov_14.753191	188	268	0	36	80	0.4500000
NODE_127586_length_334_cov_14.753191	188	268	2	6	80	0.0750000
NODE_127586_length_334_cov_14.753191	188	268	4	5	80	0.0625000
NODE_127586_length_334_cov_14.753191	188	268	6	33	80	0.4125000
NODE_127610_length_334_cov_4.829787	92	174	0	82	82	1.0000000
NODE_127610_length_334_cov_4.829787	151	237	0	86	86	1.0000000
NODE_127612_length_334_cov_4.817021	179	231	0	52	52	1.0000000
NODE_127626_length_334_cov_4.438298	121	201	6	5	80	0.0625000
NODE_127626_length_334_cov_4.438298	121	201	12	2	80	0.0250000
NODE_127626_length_334_cov_4.438298	121	201	13	30	80	0.3750000
NODE_127626_length_334_cov_4.438298	121	201	14	43	80	0.5375000
NODE_127672_length_334_cov_3.604255	248	314	0	66	66	1.0000000
NODE_127672_length_334_cov_3.604255	287	334	0	47	47	1.0000000
NODE_127844_length_334_cov_2.165957	0	48	0	48	48	1.0000000
NODE_128026_length_334_cov_1.595745	253	328	0	75	75	1.0000000
NODE_128258_length_334_cov_1.157447	146	177	0	31	31	1.0000000
NODE_128665_length_333_cov_5.423077	172	242	5	3	70	0.0428571
NODE_128665_length_333_cov_5.423077	172	242	7	5	70	0.0714286
NODE_128665_length_333_cov_5.423077	172	242	8	1	70	0.0142857
NODE_128665_length_333_cov_5.423077	172	242	9	61	70	0.8714285
NODE_128673_length_333_cov_4.867521	122	172	0	7	50	0.1400000
NODE_128673_length_333_cov_4.867521	122	172	1	9	50	0.1800000
NODE_128673_length_333_cov_4.867521	122	172	2	34	50	0.6800000
NODE_128673_length_333_cov_4.867521	175	255	2	80	80	1.0000000
NODE_128673_length_333_cov_4.867521	194	219	2	25	25	1.0000000
NODE_128717_length_333_cov_3.717949	49	129	0	22	80	0.2750000
NODE_128717_length_333_cov_3.717949	49	129	2	7	80	0.0875000
NODE_128717_length_333_cov_3.717949	49	129	8	18	80	0.2250000
NODE_128717_length_333_cov_3.717949	49	129	10	10	80	0.1250000
NODE_128717_length_333_cov_3.717949	49	129	12	23	80	0.2875000
NODE_128717_length_333_cov_3.717949	102	182	10	23	80	0.2875000
NODE_128717_length_333_cov_3.717949	102	182	12	57	80	0.7125000
NODE_128767_length_333_cov_2.897436	59	139	7	2	80	0.0250000
NODE_128767_length_333_cov_2.897436	59	139	8	8	80	0.1000000
NODE_128767_length_333_cov_2.897436	59	139	10	1	80	0.0125000
NODE_128767_length_333_cov_2.897436	59	139	12	4	80	0.0500000
NODE_128767_length_333_cov_2.897436	59	139	14	2	80	0.0250000
NODE_128767_length_333_cov_2.897436	59	139	15	10	80	0.1250000
NODE_128767_length_333_cov_2.897436	59	139	17	1	80	0.0125000
NODE_128767_length_333_cov_2.897436	59	139	19	5	80	0.0625000
NODE_128767_length_333_cov_2.897436	59	139	20	33	80	0.4125000
NODE_128767_length_333_cov_2.897436	59	139	22	2	80	0.0250000
NODE_128767_length_333_cov_2.897436	59	139	24	12	80	0.1500000
NODE_128850_length_333_cov_2.307692	68	148	4	4	80	0.0500000
NODE_128850_length_333_cov_2.307692	68	148	8	19	80	0.2375000
NODE_128850_length_333_cov_2.307692	68	148	9	4	80	0.0500000
NODE_128850_length_333_cov_2.307692	68	148	10	53	80	0.6625000
NODE_128933_length_333_cov_1.940171	135	215	4	4	80	0.0500000
NODE_128933_length_333_cov_1.940171	135	215	6	25	80	0.3125000
NODE_128933_length_333_cov_1.940171	135	215	8	2	80	0.0250000
NODE_128933_length_333_cov_1.940171	135	215	9	49	80	0.6125000
NODE_129252_length_333_cov_1.200855	0	80	0	80	80	1.0000000
NODE_129263_length_333_cov_1.170940	146	193	0	27	47	0.5744681
NODE_129263_length_333_cov_1.170940	146	193	6	20	47	0.4255319
NODE_129263_length_333_cov_1.170940	203	243	6	40	40	1.0000000
NODE_129303_length_333_cov_1.089744	241	306	1	65	65	1.0000000
NODE_129310_length_333_cov_1.089744	206	226	0	20	20	1.0000000
NODE_129665_length_332_cov_5.386266	101	167	6	16	66	0.2424242
NODE_129665_length_332_cov_5.386266	101	167	7	50	66	0.7575758
NODE_129680_length_332_cov_4.768240	221	250	2	29	29	1.0000000
NODE_129695_length_332_cov_4.343348	130	179	0	49	49	1.0000000
NODE_129698_length_332_cov_4.201717	191	237	2	46	46	1.0000000
NODE_129698_length_332_cov_4.201717	211	290	0	16	79	0.2025317
NODE_129698_length_332_cov_4.201717	211	290	2	63	79	0.7974684
NODE_129879_length_332_cov_2.274678	187	227	13	1	40	0.0250000
NODE_129879_length_332_cov_2.274678	187	227	15	7	40	0.1750000
NODE_129879_length_332_cov_2.274678	187	227	17	4	40	0.1000000
NODE_129879_length_332_cov_2.274678	187	227	19	10	40	0.2500000
NODE_129879_length_332_cov_2.274678	187	227	23	11	40	0.2750000
NODE_129879_length_332_cov_2.274678	187	227	25	7	40	0.1750000
NODE_129901_length_332_cov_2.184549	194	258	0	64	64	1.0000000
NODE_130053_length_332_cov_1.682403	241	316	0	75	75	1.0000000
NODE_130055_length_332_cov_1.673820	157	220	0	63	63	1.0000000
NODE_130183_length_332_cov_1.364807	132	212	2	80	80	1.0000000
NODE_130187_length_332_cov_1.356223	276	332	0	56	56	1.0000000
NODE_130312_length_332_cov_1.210300	120	176	8	56	56	1.0000000
NODE_130757_length_331_cov_5.254310	141	221	1	24	80	0.3000000
NODE_130757_length_331_cov_5.254310	141	221	2	56	80	0.7000000
NODE_130757_length_331_cov_5.254310	194	274	2	80	80	1.0000000
NODE_130781_length_331_cov_4.323276	26	108	0	4	82	0.0487805
NODE_130781_length_331_cov_4.323276	26	108	2	34	82	0.4146341
NODE_130781_length_331_cov_4.323276	26	108	3	9	82	0.1097561
NODE_130781_length_331_cov_4.323276	26	108	5	1	82	0.0121951
NODE_130781_length_331_cov_4.323276	26	108	7	7	82	0.0853659
NODE_130781_length_331_cov_4.323276	26	108	9	8	82	0.0975610
NODE_130781_length_331_cov_4.323276	26	108	17	5	82	0.0609756
NODE_130781_length_331_cov_4.323276	26	108	18	8	82	0.0975610
NODE_130781_length_331_cov_4.323276	26	108	20	6	82	0.0731707
NODE_130902_length_331_cov_2.603448	128	181	0	53	53	1.0000000
NODE_131036_length_331_cov_1.965517	183	216	0	33	33	1.0000000
NODE_131054_length_331_cov_1.896552	266	331	0	33	65	0.5076923
NODE_131054_length_331_cov_1.896552	266	331	2	32	65	0.4923077
NODE_131817_length_330_cov_14.731602	209	280	16	1	71	0.0140845
NODE_131817_length_330_cov_14.731602	209	280	17	24	71	0.3380282
NODE_131817_length_330_cov_14.731602	209	280	18	12	71	0.1690141
NODE_131817_length_330_cov_14.731602	209	280	19	34	71	0.4788733
NODE_131840_length_330_cov_4.935065	16	97	0	11	81	0.1358025
NODE_131840_length_330_cov_4.935065	16	97	2	1	81	0.0123457
NODE_131840_length_330_cov_4.935065	16	97	4	12	81	0.1481481
NODE_131840_length_330_cov_4.935065	16	97	6	57	81	0.7037037
NODE_131840_length_330_cov_4.935065	81	149	6	68	68	1.0000000
NODE_131841_length_330_cov_4.891775	177	255	6	6	78	0.0769231
NODE_131841_length_330_cov_4.891775	177	255	8	72	78	0.9230769
NODE_131845_length_330_cov_4.740260	134	209	0	12	75	0.1600000
NODE_131845_length_330_cov_4.740260	134	209	1	12	75	0.1600000
NODE_131845_length_330_cov_4.740260	134	209	2	51	75	0.6800000
NODE_131892_length_330_cov_3.467532	161	225	2	14	64	0.2187500
NODE_131892_length_330_cov_3.467532	161	225	4	6	64	0.0937500
NODE_131892_length_330_cov_3.467532	161	225	6	2	64	0.0312500
NODE_131892_length_330_cov_3.467532	161	225	8	3	64	0.0468750
NODE_131892_length_330_cov_3.467532	161	225	10	39	64	0.6093750
NODE_131969_length_330_cov_2.601732	8	88	0	27	80	0.3375000
NODE_131969_length_330_cov_2.601732	8	88	2	18	80	0.2250000
NODE_131969_length_330_cov_2.601732	8	88	4	35	80	0.4375000
NODE_132188_length_330_cov_1.623377	154	200	0	11	46	0.2391304
NODE_132188_length_330_cov_1.623377	154	200	2	35	46	0.7608696
NODE_132238_length_330_cov_1.541126	98	156	0	58	58	1.0000000
NODE_132268_length_330_cov_1.467532	234	287	0	53	53	1.0000000
NODE_132268_length_330_cov_1.467532	242	283	0	41	41	1.0000000
NODE_132306_length_330_cov_1.346320	230	296	0	66	66	1.0000000
NODE_132306_length_330_cov_1.346320	230	257	0	27	27	1.0000000
NODE_132410_length_330_cov_1.220779	249	272	0	23	23	1.0000000
NODE_132478_length_330_cov_1.103896	189	227	0	38	38	1.0000000
NODE_132542_length_330_cov_1.038961	219	297	32	1	78	0.0128205
NODE_132542_length_330_cov_1.038961	219	297	33	20	78	0.2564103
NODE_132542_length_330_cov_1.038961	219	297	47	5	78	0.0641026
NODE_132542_length_330_cov_1.038961	219	297	53	6	78	0.0769231
NODE_132542_length_330_cov_1.038961	219	297	54	22	78	0.2820513
NODE_132542_length_330_cov_1.038961	219	297	56	1	78	0.0128205
NODE_132542_length_330_cov_1.038961	219	297	57	3	78	0.0384615
NODE_132542_length_330_cov_1.038961	219	297	59	3	78	0.0384615
NODE_132542_length_330_cov_1.038961	219	297	60	1	78	0.0128205
NODE_132542_length_330_cov_1.038961	219	297	61	15	78	0.1923077
NODE_132542_length_330_cov_1.038961	219	297	62	1	78	0.0128205
NODE_132688_length_330_cov_0.883117	284	330	0	46	46	1.0000000
NODE_132873_length_329_cov_110.178261	138	167	39	3	29	0.1034483
NODE_132873_length_329_cov_110.178261	138	167	40	6	29	0.2068966
NODE_132873_length_329_cov_110.178261	138	167	41	1	29	0.0344828
NODE_132873_length_329_cov_110.178261	138	167	46	11	29	0.3793103
NODE_132873_length_329_cov_110.178261	138	167	47	2	29	0.0689655
NODE_132873_length_329_cov_110.178261	138	167	48	6	29	0.2068966
NODE_132873_length_329_cov_110.178261	189	269	52	4	80	0.0500000
NODE_132873_length_329_cov_110.178261	189	269	53	2	80	0.0250000
NODE_132873_length_329_cov_110.178261	189	269	54	4	80	0.0500000
NODE_132873_length_329_cov_110.178261	189	269	55	6	80	0.0750000
NODE_132873_length_329_cov_110.178261	189	269	57	5	80	0.0625000
NODE_132873_length_329_cov_110.178261	189	269	59	14	80	0.1750000
NODE_132873_length_329_cov_110.178261	189	269	61	2	80	0.0250000
NODE_132873_length_329_cov_110.178261	189	269	63	22	80	0.2750000
NODE_132873_length_329_cov_110.178261	189	269	64	16	80	0.2000000
NODE_132873_length_329_cov_110.178261	189	269	65	3	80	0.0375000
NODE_132873_length_329_cov_110.178261	189	269	67	2	80	0.0250000
NODE_132873_length_329_cov_110.178261	242	322	3	1	80	0.0125000
NODE_132873_length_329_cov_110.178261	242	322	7	2	80	0.0250000
NODE_132873_length_329_cov_110.178261	242	322	11	1	80	0.0125000
NODE_132873_length_329_cov_110.178261	242	322	13	10	80	0.1250000
NODE_132873_length_329_cov_110.178261	242	322	15	1	80	0.0125000
NODE_132873_length_329_cov_110.178261	242	322	17	4	80	0.0500000
NODE_132873_length_329_cov_110.178261	242	322	27	2	80	0.0250000
NODE_132873_length_329_cov_110.178261	242	322	29	2	80	0.0250000
NODE_132873_length_329_cov_110.178261	242	322	31	1	80	0.0125000
NODE_132873_length_329_cov_110.178261	242	322	33	2	80	0.0250000
NODE_132873_length_329_cov_110.178261	242	322	35	5	80	0.0625000
NODE_132873_length_329_cov_110.178261	242	322	37	3	80	0.0375000
NODE_132873_length_329_cov_110.178261	242	322	39	2	80	0.0250000
NODE_132873_length_329_cov_110.178261	242	322	41	5	80	0.0625000
NODE_132873_length_329_cov_110.178261	242	322	43	1	80	0.0125000
NODE_132873_length_329_cov_110.178261	242	322	46	6	80	0.0750000
NODE_132873_length_329_cov_110.178261	242	322	50	4	80	0.0500000
NODE_132873_length_329_cov_110.178261	242	322	52	5	80	0.0625000
NODE_132873_length_329_cov_110.178261	242	322	54	4	80	0.0500000
NODE_132873_length_329_cov_110.178261	242	322	57	3	80	0.0375000
NODE_132873_length_329_cov_110.178261	242	322	59	10	80	0.1250000
NODE_132873_length_329_cov_110.178261	242	322	63	6	80	0.0750000
NODE_132879_length_329_cov_8.882609	61	141	0	58	80	0.7250000
NODE_132879_length_329_cov_8.882609	61	141	2	22	80	0.2750000
NODE_132879_length_329_cov_8.882609	114	194	0	5	80	0.0625000
NODE_132879_length_329_cov_8.882609	114	194	2	75	80	0.9375000
NODE_132885_length_329_cov_6.586957	166	207	18	41	41	1.0000000
NODE_132908_length_329_cov_4.617391	175	229	2	54	54	1.0000000
NODE_132970_length_329_cov_3.160870	59	139	0	3	80	0.0375000
NODE_132970_length_329_cov_3.160870	59	139	1	8	80	0.1000000
NODE_132970_length_329_cov_3.160870	59	139	5	16	80	0.2000000
NODE_132970_length_329_cov_3.160870	59	139	9	10	80	0.1250000
NODE_132970_length_329_cov_3.160870	59	139	10	43	80	0.5375000
NODE_133003_length_329_cov_2.821739	164	209	0	45	45	1.0000000
NODE_133003_length_329_cov_2.821739	184	262	0	78	78	1.0000000
NODE_133033_length_329_cov_2.560870	139	201	0	62	62	1.0000000
NODE_133036_length_329_cov_2.543478	145	206	2	61	61	1.0000000
NODE_133123_length_329_cov_2.143478	39	119	13	1	80	0.0125000
NODE_133123_length_329_cov_2.143478	39	119	15	33	80	0.4125000
NODE_133123_length_329_cov_2.143478	39	119	16	1	80	0.0125000
NODE_133123_length_329_cov_2.143478	39	119	18	45	80	0.5625000
NODE_133123_length_329_cov_2.143478	92	158	8	11	66	0.1666667
NODE_133123_length_329_cov_2.143478	92	158	10	17	66	0.2575758
NODE_133123_length_329_cov_2.143478	92	158	18	38	66	0.5757576
NODE_133184_length_329_cov_1.865217	182	252	0	27	70	0.3857143
NODE_133184_length_329_cov_1.865217	182	252	4	43	70	0.6142857
NODE_133200_length_329_cov_1.791304	50	84	0	7	34	0.2058824
NODE_133200_length_329_cov_1.791304	50	84	4	26	34	0.7647059
NODE_133200_length_329_cov_1.791304	50	84	12	1	34	0.0294118
NODE_133200_length_329_cov_1.791304	92	149	16	1	57	0.0175439
NODE_133200_length_329_cov_1.791304	92	149	18	10	57	0.1754386
NODE_133200_length_329_cov_1.791304	92	149	20	1	57	0.0175439
NODE_133200_length_329_cov_1.791304	92	149	22	3	57	0.0526316
NODE_133200_length_329_cov_1.791304	92	149	24	2	57	0.0350877
NODE_133200_length_329_cov_1.791304	92	149	29	3	57	0.0526316
NODE_133200_length_329_cov_1.791304	92	149	32	1	57	0.0175439
NODE_133200_length_329_cov_1.791304	92	149	36	4	57	0.0701754
NODE_133200_length_329_cov_1.791304	92	149	39	1	57	0.0175439
NODE_133200_length_329_cov_1.791304	92	149	41	10	57	0.1754386
NODE_133200_length_329_cov_1.791304	92	149	42	6	57	0.1052632
NODE_133200_length_329_cov_1.791304	92	149	44	12	57	0.2105263
NODE_133200_length_329_cov_1.791304	92	149	46	3	57	0.0526316
NODE_133200_length_329_cov_1.791304	145	203	34	9	58	0.1551724
NODE_133200_length_329_cov_1.791304	145	203	36	5	58	0.0862069
NODE_133200_length_329_cov_1.791304	145	203	38	13	58	0.2241379
NODE_133200_length_329_cov_1.791304	145	203	42	6	58	0.1034483
NODE_133200_length_329_cov_1.791304	145	203	44	1	58	0.0172414
NODE_133200_length_329_cov_1.791304	145	203	46	24	58	0.4137931
NODE_133332_length_329_cov_1.508696	261	323	0	62	62	1.0000000
NODE_133348_length_329_cov_1.469565	168	237	0	69	69	1.0000000
NODE_133376_length_329_cov_1.391304	275	307	24	23	32	0.7187500
NODE_133376_length_329_cov_1.391304	275	307	30	9	32	0.2812500
NODE_133547_length_329_cov_1.165217	199	242	0	43	43	1.0000000
NODE_133768_length_329_cov_0.878261	221	296	0	75	75	1.0000000
NODE_133970_length_328_cov_4.484716	95	175	0	15	80	0.1875000
NODE_133970_length_328_cov_4.484716	95	175	2	65	80	0.8125000
NODE_133989_length_328_cov_4.087336	79	159	0	61	80	0.7625000
NODE_133989_length_328_cov_4.087336	79	159	1	12	80	0.1500000
NODE_133989_length_328_cov_4.087336	79	159	2	7	80	0.0875000
NODE_133989_length_328_cov_4.087336	132	207	0	8	75	0.1066667
NODE_133989_length_328_cov_4.087336	132	207	1	12	75	0.1600000
NODE_133989_length_328_cov_4.087336	132	207	2	55	75	0.7333333
NODE_133993_length_328_cov_3.895197	110	190	10	5	80	0.0625000
NODE_133993_length_328_cov_3.895197	110	190	16	25	80	0.3125000
NODE_133993_length_328_cov_3.895197	110	190	18	50	80	0.6250000
NODE_134019_length_328_cov_3.393013	30	78	0	48	48	1.0000000
NODE_134144_length_328_cov_2.161572	103	134	8	31	31	1.0000000
NODE_134247_length_328_cov_1.781659	16	44	0	28	28	1.0000000
NODE_134335_length_328_cov_1.567686	0	76	2	5	76	0.0657895
NODE_134335_length_328_cov_1.567686	0	76	4	1	76	0.0131579
NODE_134335_length_328_cov_1.567686	0	76	8	14	76	0.1842105
NODE_134335_length_328_cov_1.567686	0	76	10	12	76	0.1578947
NODE_134335_length_328_cov_1.567686	0	76	12	44	76	0.5789474
NODE_134335_length_328_cov_1.567686	49	94	12	45	45	1.0000000
NODE_134452_length_328_cov_1.336245	0	73	0	73	73	1.0000000
NODE_134508_length_328_cov_1.266376	78	158	3	2	80	0.0250000
NODE_134508_length_328_cov_1.266376	78	158	7	60	80	0.7500000
NODE_134508_length_328_cov_1.266376	78	158	8	18	80	0.2250000
NODE_135002_length_327_cov_4.934211	170	250	0	36	80	0.4500000
NODE_135002_length_327_cov_4.934211	170	250	2	44	80	0.5500000
NODE_135009_length_327_cov_4.701754	225	305	0	80	80	1.0000000
NODE_135018_length_327_cov_4.241228	97	173	10	1	76	0.0131579
NODE_135018_length_327_cov_4.241228	97	173	12	16	76	0.2105263
NODE_135018_length_327_cov_4.241228	97	173	14	7	76	0.0921053
NODE_135018_length_327_cov_4.241228	97	173	16	3	76	0.0394737
NODE_135018_length_327_cov_4.241228	97	173	18	6	76	0.0789474
NODE_135018_length_327_cov_4.241228	97	173	20	43	76	0.5657895
NODE_135037_length_327_cov_3.719298	70	150	2	51	80	0.6375000
NODE_135037_length_327_cov_3.719298	70	150	4	29	80	0.3625000
NODE_135063_length_327_cov_3.350877	156	227	0	71	71	1.0000000
NODE_135328_length_327_cov_1.780702	191	271	12	7	80	0.0875000
NODE_135328_length_327_cov_1.780702	191	271	14	3	80	0.0375000
NODE_135328_length_327_cov_1.780702	191	271	16	3	80	0.0375000
NODE_135328_length_327_cov_1.780702	191	271	18	1	80	0.0125000
NODE_135328_length_327_cov_1.780702	191	271	20	1	80	0.0125000
NODE_135328_length_327_cov_1.780702	191	271	22	1	80	0.0125000
NODE_135328_length_327_cov_1.780702	191	271	26	3	80	0.0375000
NODE_135328_length_327_cov_1.780702	191	271	28	15	80	0.1875000
NODE_135328_length_327_cov_1.780702	191	271	29	4	80	0.0500000
NODE_135328_length_327_cov_1.780702	191	271	30	42	80	0.5250000
NODE_136081_length_326_cov_3.964758	178	228	6	9	50	0.1800000
NODE_136081_length_326_cov_3.964758	178	228	8	41	50	0.8200000
NODE_136100_length_326_cov_3.502203	211	253	6	42	42	1.0000000
NODE_136100_length_326_cov_3.502203	220	255	6	35	35	1.0000000
NODE_136116_length_326_cov_3.202643	149	203	9	3	54	0.0555556
NODE_136116_length_326_cov_3.202643	149	203	11	3	54	0.0555556
NODE_136116_length_326_cov_3.202643	149	203	12	2	54	0.0370370
NODE_136116_length_326_cov_3.202643	149	203	15	2	54	0.0370370
NODE_136116_length_326_cov_3.202643	149	203	17	5	54	0.0925926
NODE_136116_length_326_cov_3.202643	149	203	18	5	54	0.0925926
NODE_136116_length_326_cov_3.202643	149	203	20	2	54	0.0370370
NODE_136116_length_326_cov_3.202643	149	203	21	2	54	0.0370370
NODE_136116_length_326_cov_3.202643	149	203	22	11	54	0.2037037
NODE_136116_length_326_cov_3.202643	149	203	23	9	54	0.1666667
NODE_136116_length_326_cov_3.202643	149	203	24	10	54	0.1851852
NODE_136130_length_326_cov_3.057269	107	126	0	19	19	1.0000000
NODE_136176_length_326_cov_2.594714	125	196	0	71	71	1.0000000
NODE_136283_length_326_cov_2.123348	184	244	0	60	60	1.0000000
NODE_136496_length_326_cov_1.515419	86	166	4	80	80	1.0000000
NODE_137182_length_325_cov_4.893805	142	222	61	4	80	0.0500000
NODE_137182_length_325_cov_4.893805	142	222	65	1	80	0.0125000
NODE_137182_length_325_cov_4.893805	142	222	66	29	80	0.3625000
NODE_137182_length_325_cov_4.893805	142	222	67	10	80	0.1250000
NODE_137182_length_325_cov_4.893805	142	222	68	3	80	0.0375000
NODE_137182_length_325_cov_4.893805	142	222	69	1	80	0.0125000
NODE_137182_length_325_cov_4.893805	142	222	70	10	80	0.1250000
NODE_137182_length_325_cov_4.893805	142	222	71	4	80	0.0500000
NODE_137182_length_325_cov_4.893805	142	222	72	18	80	0.2250000
NODE_137182_length_325_cov_4.893805	195	275	12	4	80	0.0500000
NODE_137182_length_325_cov_4.893805	195	275	16	23	80	0.2875000
NODE_137182_length_325_cov_4.893805	195	275	17	2	80	0.0250000
NODE_137182_length_325_cov_4.893805	195	275	21	3	80	0.0375000
NODE_137182_length_325_cov_4.893805	195	275	23	1	80	0.0125000
NODE_137182_length_325_cov_4.893805	195	275	27	2	80	0.0250000
NODE_137182_length_325_cov_4.893805	195	275	31	1	80	0.0125000
NODE_137182_length_325_cov_4.893805	195	275	38	1	80	0.0125000
NODE_137182_length_325_cov_4.893805	195	275	40	2	80	0.0250000
NODE_137182_length_325_cov_4.893805	195	275	42	1	80	0.0125000
NODE_137182_length_325_cov_4.893805	195	275	44	1	80	0.0125000
NODE_137182_length_325_cov_4.893805	195	275	48	2	80	0.0250000
NODE_137182_length_325_cov_4.893805	195	275	53	1	80	0.0125000
NODE_137182_length_325_cov_4.893805	195	275	57	1	80	0.0125000
NODE_137182_length_325_cov_4.893805	195	275	58	7	80	0.0875000
NODE_137182_length_325_cov_4.893805	195	275	61	5	80	0.0625000
NODE_137182_length_325_cov_4.893805	195	275	65	1	80	0.0125000
NODE_137182_length_325_cov_4.893805	195	275	67	1	80	0.0125000
NODE_137182_length_325_cov_4.893805	195	275	68	3	80	0.0375000
NODE_137182_length_325_cov_4.893805	195	275	70	2	80	0.0250000
NODE_137182_length_325_cov_4.893805	195	275	71	3	80	0.0375000
NODE_137182_length_325_cov_4.893805	195	275	72	13	80	0.1625000
NODE_137199_length_325_cov_4.000000	134	198	0	64	64	1.0000000
NODE_137221_length_325_cov_3.513274	191	266	0	17	75	0.2266667
NODE_137221_length_325_cov_3.513274	191	266	2	17	75	0.2266667
NODE_137221_length_325_cov_3.513274	191	266	4	41	75	0.5466667
NODE_137221_length_325_cov_3.513274	240	319	0	8	79	0.1012658
NODE_137221_length_325_cov_3.513274	240	319	2	21	79	0.2658228
NODE_137221_length_325_cov_3.513274	240	319	4	50	79	0.6329114
NODE_137223_length_325_cov_3.469027	216	278	4	62	62	1.0000000
NODE_137224_length_325_cov_3.429204	178	224	0	46	46	1.0000000
NODE_137243_length_325_cov_3.168142	188	274	0	86	86	1.0000000
NODE_137268_length_325_cov_2.880531	72	152	3	1	80	0.0125000
NODE_137268_length_325_cov_2.880531	72	152	5	1	80	0.0125000
NODE_137268_length_325_cov_2.880531	72	152	7	2	80	0.0250000
NODE_137268_length_325_cov_2.880531	72	152	9	6	80	0.0750000
NODE_137268_length_325_cov_2.880531	72	152	10	70	80	0.8750000
NODE_137268_length_325_cov_2.880531	125	205	9	5	80	0.0625000
NODE_137268_length_325_cov_2.880531	125	205	10	28	80	0.3500000
NODE_137268_length_325_cov_2.880531	125	205	11	3	80	0.0375000
NODE_137268_length_325_cov_2.880531	125	205	12	13	80	0.1625000
NODE_137268_length_325_cov_2.880531	125	205	13	11	80	0.1375000
NODE_137268_length_325_cov_2.880531	125	205	14	9	80	0.1125000
NODE_137268_length_325_cov_2.880531	125	205	15	11	80	0.1375000
NODE_137291_length_325_cov_2.707965	203	261	0	58	58	1.0000000
NODE_137296_length_325_cov_2.703540	68	148	6	9	80	0.1125000
NODE_137296_length_325_cov_2.703540	68	148	8	71	80	0.8875000
NODE_137330_length_325_cov_2.500000	0	42	0	42	42	1.0000000
NODE_137407_length_325_cov_2.048673	122	202	30	1	80	0.0125000
NODE_137407_length_325_cov_2.048673	122	202	32	7	80	0.0875000
NODE_137407_length_325_cov_2.048673	122	202	36	1	80	0.0125000
NODE_137407_length_325_cov_2.048673	122	202	40	1	80	0.0125000
NODE_137407_length_325_cov_2.048673	122	202	44	1	80	0.0125000
NODE_137407_length_325_cov_2.048673	122	202	46	11	80	0.1375000
NODE_137407_length_325_cov_2.048673	122	202	48	7	80	0.0875000
NODE_137407_length_325_cov_2.048673	122	202	49	14	80	0.1750000
NODE_137407_length_325_cov_2.048673	122	202	50	6	80	0.0750000
NODE_137407_length_325_cov_2.048673	122	202	52	12	80	0.1500000
NODE_137407_length_325_cov_2.048673	122	202	54	19	80	0.2375000
NODE_137409_length_325_cov_2.035398	83	154	0	71	71	1.0000000
NODE_137642_length_325_cov_1.464602	153	224	0	71	71	1.0000000
NODE_137939_length_325_cov_1.017699	103	134	0	31	31	1.0000000
NODE_138113_length_325_cov_0.827434	258	308	2	50	50	1.0000000
NODE_138309_length_324_cov_4.737778	113	160	0	47	47	1.0000000
NODE_138309_length_324_cov_4.737778	142	213	0	71	71	1.0000000
NODE_138358_length_324_cov_3.626667	218	273	4	55	55	1.0000000
NODE_138396_length_324_cov_3.124444	101	181	0	80	80	1.0000000
NODE_138396_length_324_cov_3.124444	256	285	2	29	29	1.0000000
NODE_138416_length_324_cov_2.924444	114	198	4	84	84	1.0000000
NODE_138416_length_324_cov_2.924444	178	237	0	20	59	0.3389831
NODE_138416_length_324_cov_2.924444	178	237	3	1	59	0.0169492
NODE_138416_length_324_cov_2.924444	178	237	4	38	59	0.6440678
NODE_138418_length_324_cov_2.915556	141	221	0	80	80	1.0000000
NODE_138434_length_324_cov_2.715556	4	51	0	47	47	1.0000000
NODE_138434_length_324_cov_2.715556	24	104	0	80	80	1.0000000
NODE_138463_length_324_cov_2.506667	270	306	1	31	36	0.8611111
NODE_138463_length_324_cov_2.506667	270	306	2	5	36	0.1388889
NODE_138483_length_324_cov_2.448889	187	238	0	51	51	1.0000000
NODE_138527_length_324_cov_2.248889	30	96	0	66	66	1.0000000
NODE_138778_length_324_cov_1.502222	10	90	9	8	80	0.1000000
NODE_138778_length_324_cov_1.502222	10	90	10	72	80	0.9000000
NODE_138792_length_324_cov_1.457778	0	45	0	45	45	1.0000000
NODE_138792_length_324_cov_1.457778	18	75	0	50	57	0.8771930
NODE_138792_length_324_cov_1.457778	18	75	2	2	57	0.0350877
NODE_138792_length_324_cov_1.457778	18	75	4	5	57	0.0877193
NODE_138808_length_324_cov_1.382222	263	304	4	41	41	1.0000000
NODE_139129_length_324_cov_1.017778	0	59	0	59	59	1.0000000
NODE_139497_length_323_cov_6.669643	215	286	0	71	71	1.0000000
NODE_139497_length_323_cov_6.669643	268	315	0	47	47	1.0000000
NODE_139511_length_323_cov_5.089286	224	290	0	66	66	1.0000000
NODE_139511_length_323_cov_5.089286	263	319	0	56	56	1.0000000
NODE_139572_length_323_cov_3.276786	189	269	0	9	80	0.1125000
NODE_139572_length_323_cov_3.276786	189	269	4	10	80	0.1250000
NODE_139572_length_323_cov_3.276786	189	269	8	4	80	0.0500000
NODE_139572_length_323_cov_3.276786	189	269	17	11	80	0.1375000
NODE_139572_length_323_cov_3.276786	189	269	18	15	80	0.1875000
NODE_139572_length_323_cov_3.276786	189	269	19	2	80	0.0250000
NODE_139572_length_323_cov_3.276786	189	269	20	29	80	0.3625000
NODE_139575_length_323_cov_3.263393	101	181	17	1	80	0.0125000
NODE_139575_length_323_cov_3.263393	101	181	19	2	80	0.0250000
NODE_139575_length_323_cov_3.263393	101	181	21	21	80	0.2625000
NODE_139575_length_323_cov_3.263393	101	181	25	6	80	0.0750000
NODE_139575_length_323_cov_3.263393	101	181	26	7	80	0.0875000
NODE_139575_length_323_cov_3.263393	101	181	27	4	80	0.0500000
NODE_139575_length_323_cov_3.263393	101	181	28	7	80	0.0875000
NODE_139575_length_323_cov_3.263393	101	181	30	7	80	0.0875000
NODE_139575_length_323_cov_3.263393	101	181	31	5	80	0.0625000
NODE_139575_length_323_cov_3.263393	101	181	33	1	80	0.0125000
NODE_139575_length_323_cov_3.263393	101	181	35	6	80	0.0750000
NODE_139575_length_323_cov_3.263393	101	181	37	13	80	0.1625000
NODE_139591_length_323_cov_3.089286	128	208	0	80	80	1.0000000
NODE_139591_length_323_cov_3.089286	166	208	0	42	42	1.0000000
NODE_139591_length_323_cov_3.089286	181	261	0	80	80	1.0000000
NODE_139591_length_323_cov_3.089286	181	261	0	80	80	1.0000000
NODE_139629_length_323_cov_2.683036	144	215	8	71	71	1.0000000
NODE_139746_length_323_cov_2.089286	64	144	0	7	80	0.0875000
NODE_139746_length_323_cov_2.089286	64	144	2	73	80	0.9125000
NODE_139797_length_323_cov_1.888393	148	207	0	5	59	0.0847458
NODE_139797_length_323_cov_1.888393	148	207	2	54	59	0.9152542
NODE_139901_length_323_cov_1.705357	195	262	0	67	67	1.0000000
NODE_139901_length_323_cov_1.705357	235	315	0	80	80	1.0000000
NODE_140651_length_322_cov_5.475336	56	136	0	80	80	1.0000000
NODE_140651_length_322_cov_5.475336	113	189	0	76	76	1.0000000
NODE_140692_length_322_cov_3.753363	63	133	0	3	70	0.0428571
NODE_140692_length_322_cov_3.753363	63	133	2	67	70	0.9571428
NODE_140692_length_322_cov_3.753363	116	190	0	60	74	0.8108108
NODE_140692_length_322_cov_3.753363	116	190	2	14	74	0.1891892
NODE_140693_length_322_cov_3.735426	60	86	2	26	26	1.0000000
NODE_140693_length_322_cov_3.735426	99	139	0	40	40	1.0000000
NODE_140701_length_322_cov_3.605381	73	116	0	43	43	1.0000000
NODE_140702_length_322_cov_3.600897	75	145	0	70	70	1.0000000
NODE_140820_length_322_cov_2.304933	182	213	1	31	31	1.0000000
NODE_141738_length_321_cov_8.527027	176	240	12	2	64	0.0312500
NODE_141738_length_321_cov_8.527027	176	240	14	2	64	0.0312500
NODE_141738_length_321_cov_8.527027	176	240	16	41	64	0.6406250
NODE_141738_length_321_cov_8.527027	176	240	18	19	64	0.2968750
NODE_141786_length_321_cov_4.094595	196	266	2	70	70	1.0000000
NODE_141811_length_321_cov_3.563063	59	131	2	17	72	0.2361111
NODE_141811_length_321_cov_3.563063	59	131	4	12	72	0.1666667
NODE_141811_length_321_cov_3.563063	59	131	6	43	72	0.5972222
NODE_141811_length_321_cov_3.563063	112	183	4	64	71	0.9014084
NODE_141811_length_321_cov_3.563063	112	183	6	7	71	0.0985916
NODE_141813_length_321_cov_3.540541	112	141	0	5	29	0.1724138
NODE_141813_length_321_cov_3.540541	112	141	2	24	29	0.8275862
NODE_141833_length_321_cov_3.049550	65	115	20	4	50	0.0800000
NODE_141833_length_321_cov_3.049550	65	115	22	20	50	0.4000000
NODE_141833_length_321_cov_3.049550	65	115	24	26	50	0.5200000
NODE_141833_length_321_cov_3.049550	95	138	22	19	43	0.4418605
NODE_141833_length_321_cov_3.049550	95	138	24	24	43	0.5581396
NODE_141833_length_321_cov_3.049550	118	168	0	2	50	0.0400000
NODE_141833_length_321_cov_3.049550	118	168	2	1	50	0.0200000
NODE_141833_length_321_cov_3.049550	118	168	4	2	50	0.0400000
NODE_141833_length_321_cov_3.049550	118	168	6	1	50	0.0200000
NODE_141833_length_321_cov_3.049550	118	168	10	1	50	0.0200000
NODE_141833_length_321_cov_3.049550	118	168	12	7	50	0.1400000
NODE_141833_length_321_cov_3.049550	118	168	13	1	50	0.0200000
NODE_141833_length_321_cov_3.049550	118	168	14	8	50	0.1600000
NODE_141833_length_321_cov_3.049550	118	168	18	4	50	0.0800000
NODE_141833_length_321_cov_3.049550	118	168	22	22	50	0.4400000
NODE_141833_length_321_cov_3.049550	118	168	24	1	50	0.0200000
NODE_141837_length_321_cov_2.995495	146	220	0	74	74	1.0000000
NODE_141842_length_321_cov_2.981982	251	304	0	53	53	1.0000000
NODE_141876_length_321_cov_2.734234	239	306	0	67	67	1.0000000
NODE_141910_length_321_cov_2.427928	221	265	0	4	44	0.0909091
NODE_141910_length_321_cov_2.427928	221	265	2	40	44	0.9090909
NODE_141922_length_321_cov_2.315315	22	65	0	43	43	1.0000000
NODE_141951_length_321_cov_2.270270	43	105	2	7	62	0.1129032
NODE_141951_length_321_cov_2.270270	43	105	4	8	62	0.1290323
NODE_141951_length_321_cov_2.270270	43	105	6	47	62	0.7580645
NODE_141951_length_321_cov_2.270270	120	203	6	9	83	0.1084337
NODE_141951_length_321_cov_2.270270	120	203	8	27	83	0.3253012
NODE_141951_length_321_cov_2.270270	120	203	9	2	83	0.0240964
NODE_141951_length_321_cov_2.270270	120	203	10	6	83	0.0722892
NODE_141951_length_321_cov_2.270270	120	203	12	5	83	0.0602410
NODE_141951_length_321_cov_2.270270	120	203	14	6	83	0.0722892
NODE_141951_length_321_cov_2.270270	120	203	16	28	83	0.3373494
NODE_141951_length_321_cov_2.270270	127	208	6	3	81	0.0370370
NODE_141951_length_321_cov_2.270270	127	208	8	26	81	0.3209876
NODE_141951_length_321_cov_2.270270	127	208	9	2	81	0.0246914
NODE_141951_length_321_cov_2.270270	127	208	10	6	81	0.0740741
NODE_141951_length_321_cov_2.270270	127	208	12	5	81	0.0617284
NODE_141951_length_321_cov_2.270270	127	208	14	11	81	0.1358025
NODE_141951_length_321_cov_2.270270	127	208	16	28	81	0.3456790
NODE_142200_length_321_cov_1.576577	241	321	0	80	80	1.0000000
NODE_142363_length_321_cov_1.319820	253	304	0	51	51	1.0000000
NODE_142484_length_321_cov_1.130631	0	43	0	43	43	1.0000000
NODE_142700_length_321_cov_0.869369	248	294	2	46	46	1.0000000
NODE_142885_length_320_cov_200.484163	264	320	0	1	56	0.0178571
NODE_142885_length_320_cov_200.484163	264	320	2	3	56	0.0535714
NODE_142885_length_320_cov_200.484163	264	320	4	1	56	0.0178571
NODE_142885_length_320_cov_200.484163	264	320	6	5	56	0.0892857
NODE_142885_length_320_cov_200.484163	264	320	8	2	56	0.0357143
NODE_142885_length_320_cov_200.484163	264	320	16	4	56	0.0714286
NODE_142885_length_320_cov_200.484163	264	320	18	4	56	0.0714286
NODE_142885_length_320_cov_200.484163	264	320	20	1	56	0.0178571
NODE_142885_length_320_cov_200.484163	264	320	21	2	56	0.0357143
NODE_142885_length_320_cov_200.484163	264	320	22	1	56	0.0178571
NODE_142885_length_320_cov_200.484163	264	320	24	3	56	0.0535714
NODE_142885_length_320_cov_200.484163	264	320	27	2	56	0.0357143
NODE_142885_length_320_cov_200.484163	264	320	29	25	56	0.4464286
NODE_142885_length_320_cov_200.484163	264	320	33	2	56	0.0357143
NODE_142886_length_320_cov_73.357466	51	97	0	46	46	1.0000000
NODE_142886_length_320_cov_73.357466	108	154	0	46	46	1.0000000
NODE_142886_length_320_cov_73.357466	165	245	4	80	80	1.0000000
NODE_142886_length_320_cov_73.357466	218	296	0	16	78	0.2051282
NODE_142886_length_320_cov_73.357466	218	296	2	34	78	0.4358974
NODE_142886_length_320_cov_73.357466	218	296	4	28	78	0.3589744
NODE_142887_length_320_cov_35.787330	212	292	17	11	80	0.1375000
NODE_142887_length_320_cov_35.787330	212	292	19	11	80	0.1375000
NODE_142887_length_320_cov_35.787330	212	292	20	58	80	0.7250000
NODE_142887_length_320_cov_35.787330	212	292	17	11	80	0.1375000
NODE_142887_length_320_cov_35.787330	212	292	19	11	80	0.1375000
NODE_142887_length_320_cov_35.787330	212	292	20	58	80	0.7250000
NODE_142887_length_320_cov_35.787330	212	292	17	11	80	0.1375000
NODE_142887_length_320_cov_35.787330	212	292	19	11	80	0.1375000
NODE_142887_length_320_cov_35.787330	212	292	20	58	80	0.7250000
NODE_142887_length_320_cov_35.787330	212	292	17	11	80	0.1375000
NODE_142887_length_320_cov_35.787330	212	292	19	11	80	0.1375000
NODE_142887_length_320_cov_35.787330	212	292	20	58	80	0.7250000
NODE_142887_length_320_cov_35.787330	212	292	17	11	80	0.1375000
NODE_142887_length_320_cov_35.787330	212	292	19	11	80	0.1375000
NODE_142887_length_320_cov_35.787330	212	292	20	58	80	0.7250000
NODE_142887_length_320_cov_35.787330	265	314	10	12	49	0.2448980
NODE_142887_length_320_cov_35.787330	265	314	15	1	49	0.0204082
NODE_142887_length_320_cov_35.787330	265	314	16	6	49	0.1224490
NODE_142887_length_320_cov_35.787330	265	314	17	9	49	0.1836735
NODE_142887_length_320_cov_35.787330	265	314	20	21	49	0.4285714
NODE_142887_length_320_cov_35.787330	265	320	9	3	55	0.0545455
NODE_142887_length_320_cov_35.787330	265	320	10	15	55	0.2727273
NODE_142887_length_320_cov_35.787330	265	320	15	1	55	0.0181818
NODE_142887_length_320_cov_35.787330	265	320	16	6	55	0.1090909
NODE_142887_length_320_cov_35.787330	265	320	17	9	55	0.1636364
NODE_142887_length_320_cov_35.787330	265	320	20	21	55	0.3818182
NODE_142887_length_320_cov_35.787330	265	320	9	3	55	0.0545455
NODE_142887_length_320_cov_35.787330	265	320	10	15	55	0.2727273
NODE_142887_length_320_cov_35.787330	265	320	15	1	55	0.0181818
NODE_142887_length_320_cov_35.787330	265	320	16	6	55	0.1090909
NODE_142887_length_320_cov_35.787330	265	320	17	9	55	0.1636364
NODE_142887_length_320_cov_35.787330	265	320	20	21	55	0.3818182
NODE_142887_length_320_cov_35.787330	268	320	9	3	52	0.0576923
NODE_142887_length_320_cov_35.787330	268	320	10	15	52	0.2884615
NODE_142887_length_320_cov_35.787330	268	320	15	1	52	0.0192308
NODE_142887_length_320_cov_35.787330	268	320	16	6	52	0.1153846
NODE_142887_length_320_cov_35.787330	268	320	17	9	52	0.1730769
NODE_142887_length_320_cov_35.787330	268	320	20	18	52	0.3461539
NODE_142887_length_320_cov_35.787330	270	320	9	3	50	0.0600000
NODE_142887_length_320_cov_35.787330	270	320	10	15	50	0.3000000
NODE_142887_length_320_cov_35.787330	270	320	15	1	50	0.0200000
NODE_142887_length_320_cov_35.787330	270	320	16	6	50	0.1200000
NODE_142887_length_320_cov_35.787330	270	320	17	9	50	0.1800000
NODE_142887_length_320_cov_35.787330	270	320	20	16	50	0.3200000
NODE_142900_length_320_cov_5.841629	115	172	2	9	57	0.1578947
NODE_142900_length_320_cov_5.841629	115	172	6	4	57	0.0701754
NODE_142900_length_320_cov_5.841629	115	172	8	44	57	0.7719298
NODE_142900_length_320_cov_5.841629	168	225	4	1	57	0.0175439
NODE_142900_length_320_cov_5.841629	168	225	6	20	57	0.3508772
NODE_142900_length_320_cov_5.841629	168	225	8	36	57	0.6315789
NODE_142934_length_320_cov_4.153846	134	200	0	66	66	1.0000000
NODE_142958_length_320_cov_3.733032	5	40	0	35	35	1.0000000
NODE_142985_length_320_cov_3.402715	142	222	4	13	80	0.1625000
NODE_142985_length_320_cov_3.402715	142	222	8	67	80	0.8375000
NODE_143076_length_320_cov_2.475113	120	187	0	17	67	0.2537313
NODE_143076_length_320_cov_2.475113	120	187	4	9	67	0.1343284
NODE_143076_length_320_cov_2.475113	120	187	5	7	67	0.1044776
NODE_143076_length_320_cov_2.475113	120	187	7	2	67	0.0298507
NODE_143076_length_320_cov_2.475113	120	187	8	4	67	0.0597015
NODE_143076_length_320_cov_2.475113	120	187	12	21	67	0.3134328
NODE_143076_length_320_cov_2.475113	120	187	14	7	67	0.1044776
NODE_143142_length_320_cov_2.171946	16	96	2	1	80	0.0125000
NODE_143142_length_320_cov_2.171946	16	96	3	1	80	0.0125000
NODE_143142_length_320_cov_2.171946	16	96	6	1	80	0.0125000
NODE_143142_length_320_cov_2.171946	16	96	9	2	80	0.0250000
NODE_143142_length_320_cov_2.171946	16	96	16	1	80	0.0125000
NODE_143142_length_320_cov_2.171946	16	96	17	6	80	0.0750000
NODE_143142_length_320_cov_2.171946	16	96	19	1	80	0.0125000
NODE_143142_length_320_cov_2.171946	16	96	20	3	80	0.0375000
NODE_143142_length_320_cov_2.171946	16	96	23	1	80	0.0125000
NODE_143142_length_320_cov_2.171946	16	96	24	1	80	0.0125000
NODE_143142_length_320_cov_2.171946	16	96	28	9	80	0.1125000
NODE_143142_length_320_cov_2.171946	16	96	30	16	80	0.2000000
NODE_143142_length_320_cov_2.171946	16	96	32	4	80	0.0500000
NODE_143142_length_320_cov_2.171946	16	96	33	1	80	0.0125000
NODE_143142_length_320_cov_2.171946	16	96	34	32	80	0.4000000
NODE_143142_length_320_cov_2.171946	69	149	31	4	80	0.0500000
NODE_143142_length_320_cov_2.171946	69	149	33	2	80	0.0250000
NODE_143142_length_320_cov_2.171946	69	149	34	33	80	0.4125000
NODE_143142_length_320_cov_2.171946	69	149	36	41	80	0.5125000
NODE_143207_length_320_cov_1.900452	37	117	8	13	80	0.1625000
NODE_143207_length_320_cov_1.900452	37	117	9	8	80	0.1000000
NODE_143207_length_320_cov_1.900452	37	117	11	8	80	0.1000000
NODE_143207_length_320_cov_1.900452	37	117	12	13	80	0.1625000
NODE_143207_length_320_cov_1.900452	37	117	14	38	80	0.4750000
NODE_143207_length_320_cov_1.900452	90	164	0	22	74	0.2972973
NODE_143207_length_320_cov_1.900452	90	164	2	9	74	0.1216216
NODE_143207_length_320_cov_1.900452	90	164	6	2	74	0.0270270
NODE_143207_length_320_cov_1.900452	90	164	8	27	74	0.3648649
NODE_143207_length_320_cov_1.900452	90	164	14	14	74	0.1891892
NODE_143230_length_320_cov_1.846154	188	220	0	32	32	1.0000000
NODE_143309_length_320_cov_1.665158	144	198	2	2	54	0.0370370
NODE_143309_length_320_cov_1.665158	144	198	4	52	54	0.9629630
NODE_143309_length_320_cov_1.665158	198	251	0	4	53	0.0754717
NODE_143309_length_320_cov_1.665158	198	251	2	49	53	0.9245283
NODE_143351_length_320_cov_1.601810	157	181	2	24	24	1.0000000
NODE_143351_length_320_cov_1.601810	231	290	0	12	59	0.2033898
NODE_143351_length_320_cov_1.601810	231	290	2	47	59	0.7966102
NODE_143366_length_320_cov_1.556561	0	39	1	6	39	0.1538462
NODE_143366_length_320_cov_1.556561	0	39	7	6	39	0.1538462
NODE_143366_length_320_cov_1.556561	0	39	9	3	39	0.0769231
NODE_143366_length_320_cov_1.556561	0	39	10	10	39	0.2564103
NODE_143366_length_320_cov_1.556561	0	39	12	11	39	0.2820513
NODE_143366_length_320_cov_1.556561	0	39	14	3	39	0.0769231
NODE_143442_length_320_cov_1.384615	18	98	0	65	80	0.8125000
NODE_143442_length_320_cov_1.384615	18	98	2	15	80	0.1875000
NODE_143442_length_320_cov_1.384615	71	145	0	12	74	0.1621622
NODE_143442_length_320_cov_1.384615	71	145	2	61	74	0.8243243
NODE_143442_length_320_cov_1.384615	71	145	4	1	74	0.0135135
NODE_143521_length_320_cov_1.312217	117	170	0	53	53	1.0000000
NODE_143670_length_320_cov_1.117647	58	109	0	51	51	1.0000000
NODE_144091_length_319_cov_5.940909	122	202	0	19	80	0.2375000
NODE_144091_length_319_cov_5.940909	122	202	4	11	80	0.1375000
NODE_144091_length_319_cov_5.940909	122	202	6	50	80	0.6250000
NODE_144107_length_319_cov_4.700000	16	47	0	31	31	1.0000000
NODE_144137_length_319_cov_4.068182	5	36	4	31	31	1.0000000
NODE_144162_length_319_cov_3.568182	149	229	0	15	80	0.1875000
NODE_144162_length_319_cov_3.568182	149	229	2	65	80	0.8125000
NODE_144206_length_319_cov_3.036364	112	174	0	62	62	1.0000000
NODE_144226_length_319_cov_2.800000	25	106	0	7	81	0.0864198
NODE_144226_length_319_cov_2.800000	25	106	3	1	81	0.0123457
NODE_144226_length_319_cov_2.800000	25	106	6	3	81	0.0370370
NODE_144226_length_319_cov_2.800000	25	106	11	3	81	0.0370370
NODE_144226_length_319_cov_2.800000	25	106	15	1	81	0.0123457
NODE_144226_length_319_cov_2.800000	25	106	18	1	81	0.0123457
NODE_144226_length_319_cov_2.800000	25	106	22	1	81	0.0123457
NODE_144226_length_319_cov_2.800000	25	106	24	2	81	0.0246914
NODE_144226_length_319_cov_2.800000	25	106	31	12	81	0.1481481
NODE_144226_length_319_cov_2.800000	25	106	35	6	81	0.0740741
NODE_144226_length_319_cov_2.800000	25	106	44	10	81	0.1234568
NODE_144226_length_319_cov_2.800000	25	106	48	1	81	0.0123457
NODE_144226_length_319_cov_2.800000	25	106	50	3	81	0.0370370
NODE_144226_length_319_cov_2.800000	25	106	57	3	81	0.0370370
NODE_144226_length_319_cov_2.800000	25	106	63	1	81	0.0123457
NODE_144226_length_319_cov_2.800000	25	106	66	4	81	0.0493827
NODE_144226_length_319_cov_2.800000	25	106	68	3	81	0.0370370
NODE_144226_length_319_cov_2.800000	25	106	78	1	81	0.0123457
NODE_144226_length_319_cov_2.800000	25	106	84	1	81	0.0123457
NODE_144226_length_319_cov_2.800000	25	106	88	4	81	0.0493827
NODE_144226_length_319_cov_2.800000	25	106	96	13	81	0.1604938
NODE_144226_length_319_cov_2.800000	79	158	63	1	79	0.0126582
NODE_144226_length_319_cov_2.800000	79	158	66	4	79	0.0506329
NODE_144226_length_319_cov_2.800000	79	158	68	3	79	0.0379747
NODE_144226_length_319_cov_2.800000	79	158	78	1	79	0.0126582
NODE_144226_length_319_cov_2.800000	79	158	84	1	79	0.0126582
NODE_144226_length_319_cov_2.800000	79	158	88	4	79	0.0506329
NODE_144226_length_319_cov_2.800000	79	158	91	9	79	0.1139240
NODE_144226_length_319_cov_2.800000	79	158	95	6	79	0.0759494
NODE_144226_length_319_cov_2.800000	79	158	96	50	79	0.6329114
NODE_144237_length_319_cov_2.740909	67	147	11	80	80	1.0000000
NODE_144252_length_319_cov_2.586364	247	319	0	72	72	1.0000000
NODE_144272_length_319_cov_2.463636	90	153	0	63	63	1.0000000
NODE_144272_length_319_cov_2.463636	163	216	0	53	53	1.0000000
NODE_144316_length_319_cov_2.259091	146	212	0	66	66	1.0000000
NODE_144340_length_319_cov_2.163636	213	275	0	62	62	1.0000000
NODE_144390_length_319_cov_1.968182	120	200	0	80	80	1.0000000
NODE_144616_length_319_cov_1.431818	111	157	2	46	46	1.0000000
NODE_144629_length_319_cov_1.395455	129	179	0	50	50	1.0000000
NODE_144788_length_319_cov_1.190909	119	182	0	8	63	0.1269841
NODE_144788_length_319_cov_1.190909	119	182	2	55	63	0.8730159
NODE_144788_length_319_cov_1.190909	197	232	2	35	35	1.0000000
NODE_145289_length_318_cov_232.639269	169	198	217	1	29	0.0344828
NODE_145289_length_318_cov_232.639269	169	198	220	1	29	0.0344828
NODE_145289_length_318_cov_232.639269	169	198	222	1	29	0.0344828
NODE_145289_length_318_cov_232.639269	169	198	228	1	29	0.0344828
NODE_145289_length_318_cov_232.639269	169	198	232	1	29	0.0344828
NODE_145289_length_318_cov_232.639269	169	198	237	1	29	0.0344828
NODE_145289_length_318_cov_232.639269	169	198	238	1	29	0.0344828
NODE_145289_length_318_cov_232.639269	169	198	250	2	29	0.0689655
NODE_145289_length_318_cov_232.639269	169	198	252	1	29	0.0344828
NODE_145289_length_318_cov_232.639269	169	198	254	3	29	0.1034483
NODE_145289_length_318_cov_232.639269	169	198	262	2	29	0.0689655
NODE_145289_length_318_cov_232.639269	169	198	263	1	29	0.0344828
NODE_145289_length_318_cov_232.639269	169	198	264	2	29	0.0689655
NODE_145289_length_318_cov_232.639269	169	198	265	3	29	0.1034483
NODE_145289_length_318_cov_232.639269	169	198	267	5	29	0.1724138
NODE_145289_length_318_cov_232.639269	169	198	268	1	29	0.0344828
NODE_145289_length_318_cov_232.639269	169	198	269	2	29	0.0689655
NODE_145289_length_318_cov_232.639269	171	246	203	1	75	0.0133333
NODE_145289_length_318_cov_232.639269	171	246	205	3	75	0.0400000
NODE_145289_length_318_cov_232.639269	171	246	207	1	75	0.0133333
NODE_145289_length_318_cov_232.639269	171	246	209	2	75	0.0266667
NODE_145289_length_318_cov_232.639269	171	246	211	2	75	0.0266667
NODE_145289_length_318_cov_232.639269	171	246	213	1	75	0.0133333
NODE_145289_length_318_cov_232.639269	171	246	216	1	75	0.0133333
NODE_145289_length_318_cov_232.639269	171	246	217	2	75	0.0266667
NODE_145289_length_318_cov_232.639269	171	246	218	1	75	0.0133333
NODE_145289_length_318_cov_232.639269	171	246	219	1	75	0.0133333
NODE_145289_length_318_cov_232.639269	171	246	222	2	75	0.0266667
NODE_145289_length_318_cov_232.639269	171	246	224	1	75	0.0133333
NODE_145289_length_318_cov_232.639269	171	246	226	1	75	0.0133333
NODE_145289_length_318_cov_232.639269	171	246	227	1	75	0.0133333
NODE_145289_length_318_cov_232.639269	171	246	228	1	75	0.0133333
NODE_145289_length_318_cov_232.639269	171	246	229	1	75	0.0133333
NODE_145289_length_318_cov_232.639269	171	246	232	1	75	0.0133333
NODE_145289_length_318_cov_232.639269	171	246	236	2	75	0.0266667
NODE_145289_length_318_cov_232.639269	171	246	237	1	75	0.0133333
NODE_145289_length_318_cov_232.639269	171	246	238	1	75	0.0133333
NODE_145289_length_318_cov_232.639269	171	246	240	1	75	0.0133333
NODE_145289_length_318_cov_232.639269	171	246	241	2	75	0.0266667
NODE_145289_length_318_cov_232.639269	171	246	242	4	75	0.0533333
NODE_145289_length_318_cov_232.639269	171	246	245	3	75	0.0400000
NODE_145289_length_318_cov_232.639269	171	246	247	2	75	0.0266667
NODE_145289_length_318_cov_232.639269	171	246	249	2	75	0.0266667
NODE_145289_length_318_cov_232.639269	171	246	250	4	75	0.0533333
NODE_145289_length_318_cov_232.639269	171	246	252	1	75	0.0133333
NODE_145289_length_318_cov_232.639269	171	246	254	4	75	0.0533333
NODE_145289_length_318_cov_232.639269	171	246	257	1	75	0.0133333
NODE_145289_length_318_cov_232.639269	171	246	260	1	75	0.0133333
NODE_145289_length_318_cov_232.639269	171	246	262	3	75	0.0400000
NODE_145289_length_318_cov_232.639269	171	246	263	2	75	0.0266667
NODE_145289_length_318_cov_232.639269	171	246	264	2	75	0.0266667
NODE_145289_length_318_cov_232.639269	171	246	265	7	75	0.0933333
NODE_145289_length_318_cov_232.639269	171	246	267	6	75	0.0800000
NODE_145289_length_318_cov_232.639269	171	246	268	1	75	0.0133333
NODE_145289_length_318_cov_232.639269	171	246	269	2	75	0.0266667
NODE_145333_length_318_cov_4.237443	222	294	18	18	72	0.2500000
NODE_145333_length_318_cov_4.237443	222	294	20	54	72	0.7500000
NODE_145348_length_318_cov_3.721461	98	148	0	34	50	0.6800000
NODE_145348_length_318_cov_3.721461	98	148	4	16	50	0.3200000
NODE_145362_length_318_cov_3.515982	60	129	0	19	69	0.2753623
NODE_145362_length_318_cov_3.515982	60	129	2	8	69	0.1159420
NODE_145362_length_318_cov_3.515982	60	129	6	36	69	0.5217391
NODE_145362_length_318_cov_3.515982	60	129	8	6	69	0.0869565
NODE_145362_length_318_cov_3.515982	60	140	0	19	80	0.2375000
NODE_145362_length_318_cov_3.515982	60	140	2	8	80	0.1000000
NODE_145362_length_318_cov_3.515982	60	140	6	36	80	0.4500000
NODE_145362_length_318_cov_3.515982	60	140	8	17	80	0.2125000
NODE_145362_length_318_cov_3.515982	60	140	0	19	80	0.2375000
NODE_145362_length_318_cov_3.515982	60	140	2	8	80	0.1000000
NODE_145362_length_318_cov_3.515982	60	140	6	36	80	0.4500000
NODE_145362_length_318_cov_3.515982	60	140	8	17	80	0.2125000
NODE_145362_length_318_cov_3.515982	113	153	6	10	40	0.2500000
NODE_145362_length_318_cov_3.515982	113	153	8	30	40	0.7500000
NODE_145362_length_318_cov_3.515982	122	153	6	1	31	0.0322581
NODE_145362_length_318_cov_3.515982	122	153	8	30	31	0.9677419
NODE_145465_length_318_cov_2.557078	205	247	2	24	42	0.5714286
NODE_145465_length_318_cov_2.557078	205	247	4	18	42	0.4285714
NODE_145551_length_318_cov_2.109589	70	150	0	1	80	0.0125000
NODE_145551_length_318_cov_2.109589	70	150	1	79	80	0.9875000
NODE_145619_length_318_cov_1.945205	229	286	2	57	57	1.0000000
NODE_145709_length_318_cov_1.739726	242	308	0	66	66	1.0000000
NODE_145725_length_318_cov_1.684932	49	80	0	31	31	1.0000000
NODE_145787_length_318_cov_1.561644	99	158	2	59	59	1.0000000
NODE_145807_length_318_cov_1.493151	151	195	0	25	44	0.5681818
NODE_145807_length_318_cov_1.493151	151	195	1	13	44	0.2954545
NODE_145807_length_318_cov_1.493151	151	195	2	6	44	0.1363636
NODE_145807_length_318_cov_1.493151	199	258	2	59	59	1.0000000
NODE_145968_length_318_cov_1.301370	91	141	0	50	50	1.0000000
NODE_146017_length_318_cov_1.173516	83	150	0	67	67	1.0000000
NODE_146065_length_318_cov_1.127854	24	51	0	27	27	1.0000000
NODE_146065_length_318_cov_1.127854	24	60	0	36	36	1.0000000
NODE_146467_length_317_cov_55.467890	172	243	114	1	71	0.0140845
NODE_146467_length_317_cov_55.467890	172	243	116	1	71	0.0140845
NODE_146467_length_317_cov_55.467890	172	243	118	1	71	0.0140845
NODE_146467_length_317_cov_55.467890	172	243	120	4	71	0.0563380
NODE_146467_length_317_cov_55.467890	172	243	123	1	71	0.0140845
NODE_146467_length_317_cov_55.467890	172	243	125	1	71	0.0140845
NODE_146467_length_317_cov_55.467890	172	243	128	1	71	0.0140845
NODE_146467_length_317_cov_55.467890	172	243	130	1	71	0.0140845
NODE_146467_length_317_cov_55.467890	172	243	132	3	71	0.0422535
NODE_146467_length_317_cov_55.467890	172	243	135	1	71	0.0140845
NODE_146467_length_317_cov_55.467890	172	243	137	1	71	0.0140845
NODE_146467_length_317_cov_55.467890	172	243	139	1	71	0.0140845
NODE_146467_length_317_cov_55.467890	172	243	143	1	71	0.0140845
NODE_146467_length_317_cov_55.467890	172	243	144	5	71	0.0704225
NODE_146467_length_317_cov_55.467890	172	243	145	1	71	0.0140845
NODE_146467_length_317_cov_55.467890	172	243	147	5	71	0.0704225
NODE_146467_length_317_cov_55.467890	172	243	149	10	71	0.1408451
NODE_146467_length_317_cov_55.467890	172	243	151	4	71	0.0563380
NODE_146467_length_317_cov_55.467890	172	243	152	10	71	0.1408451
NODE_146467_length_317_cov_55.467890	172	243	153	12	71	0.1690141
NODE_146467_length_317_cov_55.467890	172	243	154	3	71	0.0422535
NODE_146467_length_317_cov_55.467890	172	243	155	3	71	0.0422535
NODE_146487_length_317_cov_5.252294	247	307	0	60	60	1.0000000
NODE_146503_length_317_cov_4.467890	105	185	8	80	80	1.0000000
NODE_146503_length_317_cov_4.467890	113	193	8	80	80	1.0000000
NODE_146554_length_317_cov_3.298165	146	206	2	60	60	1.0000000
NODE_146562_length_317_cov_3.266055	111	191	0	80	80	1.0000000
NODE_146562_length_317_cov_3.266055	164	244	0	80	80	1.0000000
NODE_146585_length_317_cov_3.036697	3	79	2	76	76	1.0000000
NODE_146601_length_317_cov_2.825688	14	94	0	57	80	0.7125000
NODE_146601_length_317_cov_2.825688	14	94	2	23	80	0.2875000
NODE_146601_length_317_cov_2.825688	67	147	0	4	80	0.0500000
NODE_146601_length_317_cov_2.825688	67	147	2	76	80	0.9500000
NODE_146602_length_317_cov_2.821101	142	208	2	10	66	0.1515152
NODE_146602_length_317_cov_2.821101	142	208	4	10	66	0.1515152
NODE_146602_length_317_cov_2.821101	142	208	6	46	66	0.6969697
NODE_146604_length_317_cov_2.816514	121	201	0	7	80	0.0875000
NODE_146604_length_317_cov_2.816514	121	201	1	6	80	0.0750000
NODE_146604_length_317_cov_2.816514	121	201	3	6	80	0.0750000
NODE_146604_length_317_cov_2.816514	121	201	4	61	80	0.7625000
NODE_146612_length_317_cov_2.779817	67	138	0	71	71	1.0000000
NODE_147046_length_317_cov_1.353211	166	239	2	2	73	0.0273973
NODE_147046_length_317_cov_1.353211	166	239	4	10	73	0.1369863
NODE_147046_length_317_cov_1.353211	166	239	6	8	73	0.1095890
NODE_147046_length_317_cov_1.353211	166	239	8	53	73	0.7260274
NODE_147046_length_317_cov_1.353211	212	292	0	4	80	0.0500000
NODE_147046_length_317_cov_1.353211	212	292	2	9	80	0.1125000
NODE_147046_length_317_cov_1.353211	212	292	4	27	80	0.3375000
NODE_147046_length_317_cov_1.353211	212	292	6	5	80	0.0625000
NODE_147046_length_317_cov_1.353211	212	292	8	35	80	0.4375000
NODE_147172_length_317_cov_1.160550	58	117	4	4	59	0.0677966
NODE_147172_length_317_cov_1.160550	58	117	6	55	59	0.9322034
NODE_147172_length_317_cov_1.160550	90	170	2	23	80	0.2875000
NODE_147172_length_317_cov_1.160550	90	170	4	6	80	0.0750000
NODE_147172_length_317_cov_1.160550	90	170	6	51	80	0.6375000
NODE_147187_length_317_cov_1.137615	245	313	0	68	68	1.0000000
NODE_147259_length_317_cov_0.967890	170	211	0	41	41	1.0000000
NODE_147373_length_317_cov_0.926606	194	232	0	38	38	1.0000000
NODE_147383_length_317_cov_0.912844	186	244	0	58	58	1.0000000
NODE_147595_length_316_cov_31.502304	96	174	2	1	78	0.0128205
NODE_147595_length_316_cov_31.502304	96	174	4	44	78	0.5641026
NODE_147595_length_316_cov_31.502304	96	174	6	2	78	0.0256410
NODE_147595_length_316_cov_31.502304	96	174	8	9	78	0.1153846
NODE_147595_length_316_cov_31.502304	96	174	10	2	78	0.0256410
NODE_147595_length_316_cov_31.502304	96	174	12	4	78	0.0512821
NODE_147595_length_316_cov_31.502304	96	174	14	5	78	0.0641026
NODE_147595_length_316_cov_31.502304	96	174	16	11	78	0.1410256
NODE_147595_length_316_cov_31.502304	96	121	2	1	25	0.0400000
NODE_147595_length_316_cov_31.502304	96	121	4	24	25	0.9600000
NODE_147609_length_316_cov_6.179724	225	278	0	53	53	1.0000000
NODE_147623_length_316_cov_5.539171	91	171	0	31	80	0.3875000
NODE_147623_length_316_cov_5.539171	91	171	1	1	80	0.0125000
NODE_147623_length_316_cov_5.539171	91	171	2	48	80	0.6000000
NODE_147668_length_316_cov_3.732719	128	208	0	54	80	0.6750000
NODE_147668_length_316_cov_3.732719	128	208	1	11	80	0.1375000
NODE_147668_length_316_cov_3.732719	128	208	2	15	80	0.1875000
NODE_147668_length_316_cov_3.732719	181	257	0	1	76	0.0131579
NODE_147668_length_316_cov_3.732719	181	257	1	11	76	0.1447368
NODE_147668_length_316_cov_3.732719	181	257	2	64	76	0.8421053
NODE_147680_length_316_cov_3.589862	185	247	0	62	62	1.0000000
NODE_147684_length_316_cov_3.520737	101	143	0	42	42	1.0000000
NODE_147702_length_316_cov_3.221198	108	184	0	5	76	0.0657895
NODE_147702_length_316_cov_3.221198	108	184	4	7	76	0.0921053
NODE_147702_length_316_cov_3.221198	108	184	6	3	76	0.0394737
NODE_147702_length_316_cov_3.221198	108	184	8	61	76	0.8026316
NODE_147734_length_316_cov_2.824885	274	311	0	37	37	1.0000000
NODE_147736_length_316_cov_2.820276	200	280	0	80	80	1.0000000
NODE_147757_length_316_cov_2.672811	23	80	0	57	57	1.0000000
NODE_147796_length_316_cov_2.456221	104	144	0	40	40	1.0000000
NODE_147985_length_316_cov_1.751152	73	122	0	49	49	1.0000000
NODE_148030_length_316_cov_1.640553	218	300	0	82	82	1.0000000
NODE_148042_length_316_cov_1.631336	180	233	0	53	53	1.0000000
NODE_148042_length_316_cov_1.631336	180	215	0	35	35	1.0000000
NODE_148080_length_316_cov_1.520737	194	275	0	81	81	1.0000000
NODE_148080_length_316_cov_1.520737	248	302	0	54	54	1.0000000
NODE_148086_length_316_cov_1.493088	64	144	0	80	80	1.0000000
NODE_148193_length_316_cov_1.377880	22	64	0	42	42	1.0000000
NODE_148204_length_316_cov_1.350230	74	117	2	3	43	0.0697674
NODE_148204_length_316_cov_1.350230	74	117	4	40	43	0.9302326
NODE_148204_length_316_cov_1.350230	90	140	2	26	50	0.5200000
NODE_148204_length_316_cov_1.350230	90	140	4	24	50	0.4800000
NODE_148533_length_316_cov_0.940092	104	180	2	8	76	0.1052632
NODE_148533_length_316_cov_0.940092	104	180	3	32	76	0.4210526
NODE_148533_length_316_cov_0.940092	104	180	4	36	76	0.4736842
NODE_148533_length_316_cov_0.940092	155	234	2	58	79	0.7341772
NODE_148533_length_316_cov_0.940092	155	234	3	21	79	0.2658228
NODE_148693_length_316_cov_0.695853	232	267	0	35	35	1.0000000
NODE_148778_length_315_cov_6.967593	127	191	0	64	64	1.0000000
NODE_148786_length_315_cov_6.300926	67	147	0	80	80	1.0000000
NODE_148786_length_315_cov_6.300926	120	200	0	80	80	1.0000000
NODE_148812_length_315_cov_4.449074	125	205	12	4	80	0.0500000
NODE_148812_length_315_cov_4.449074	125	205	14	10	80	0.1250000
NODE_148812_length_315_cov_4.449074	125	205	15	5	80	0.0625000
NODE_148812_length_315_cov_4.449074	125	205	16	13	80	0.1625000
NODE_148812_length_315_cov_4.449074	125	205	17	16	80	0.2000000
NODE_148812_length_315_cov_4.449074	125	205	18	32	80	0.4000000
NODE_148812_length_315_cov_4.449074	178	225	16	31	47	0.6595744
NODE_148812_length_315_cov_4.449074	178	225	17	15	47	0.3191489
NODE_148812_length_315_cov_4.449074	178	225	18	1	47	0.0212766
NODE_148834_length_315_cov_4.009259	0	61	0	61	61	1.0000000
NODE_148834_length_315_cov_4.009259	42	61	0	19	19	1.0000000
NODE_148872_length_315_cov_3.421296	37	120	0	36	83	0.4337350
NODE_148872_length_315_cov_3.421296	37	120	2	47	83	0.5662650
NODE_148915_length_315_cov_2.847222	0	74	0	74	74	1.0000000
NODE_148915_length_315_cov_2.847222	47	127	0	80	80	1.0000000
NODE_148921_length_315_cov_2.833333	186	253	0	67	67	1.0000000
NODE_148921_length_315_cov_2.833333	186	253	0	67	67	1.0000000
NODE_148991_length_315_cov_2.416667	44	117	22	2	73	0.0273973
NODE_148991_length_315_cov_2.416667	44	117	23	1	73	0.0136986
NODE_148991_length_315_cov_2.416667	44	117	24	1	73	0.0136986
NODE_148991_length_315_cov_2.416667	44	117	28	1	73	0.0136986
NODE_148991_length_315_cov_2.416667	44	117	31	4	73	0.0547945
NODE_148991_length_315_cov_2.416667	44	117	32	1	73	0.0136986
NODE_148991_length_315_cov_2.416667	44	117	35	5	73	0.0684932
NODE_148991_length_315_cov_2.416667	44	117	42	1	73	0.0136986
NODE_148991_length_315_cov_2.416667	44	117	52	1	73	0.0136986
NODE_148991_length_315_cov_2.416667	44	117	55	2	73	0.0273973
NODE_148991_length_315_cov_2.416667	44	117	63	1	73	0.0136986
NODE_148991_length_315_cov_2.416667	44	117	67	1	73	0.0136986
NODE_148991_length_315_cov_2.416667	44	117	68	1	73	0.0136986
NODE_148991_length_315_cov_2.416667	44	117	70	1	73	0.0136986
NODE_148991_length_315_cov_2.416667	44	117	80	1	73	0.0136986
NODE_148991_length_315_cov_2.416667	44	117	84	1	73	0.0136986
NODE_148991_length_315_cov_2.416667	44	117	90	8	73	0.1095890
NODE_148991_length_315_cov_2.416667	44	117	96	3	73	0.0410959
NODE_148991_length_315_cov_2.416667	44	117	97	2	73	0.0273973
NODE_148991_length_315_cov_2.416667	44	117	104	2	73	0.0273973
NODE_148991_length_315_cov_2.416667	44	117	105	2	73	0.0273973
NODE_148991_length_315_cov_2.416667	44	117	109	8	73	0.1095890
NODE_148991_length_315_cov_2.416667	44	117	110	2	73	0.0273973
NODE_148991_length_315_cov_2.416667	44	117	112	1	73	0.0136986
NODE_148991_length_315_cov_2.416667	44	117	113	1	73	0.0136986
NODE_148991_length_315_cov_2.416667	44	117	114	3	73	0.0410959
NODE_148991_length_315_cov_2.416667	44	117	117	2	73	0.0273973
NODE_148991_length_315_cov_2.416667	44	117	118	14	73	0.1917808
NODE_149074_length_315_cov_2.115741	128	193	0	65	65	1.0000000
NODE_149095_length_315_cov_2.004630	270	315	0	45	45	1.0000000
NODE_149201_length_315_cov_1.731481	125	202	0	9	77	0.1168831
NODE_149201_length_315_cov_1.731481	125	202	1	17	77	0.2207792
NODE_149201_length_315_cov_1.731481	125	202	2	51	77	0.6623377
NODE_149391_length_315_cov_1.384259	183	233	0	50	50	1.0000000
NODE_149935_length_315_cov_0.430556	125	145	0	20	20	1.0000000
NODE_149943_length_314_cov_108.139535	151	213	107	1	62	0.0161290
NODE_149943_length_314_cov_108.139535	151	213	112	1	62	0.0161290
NODE_149943_length_314_cov_108.139535	151	213	146	1	62	0.0161290
NODE_149943_length_314_cov_108.139535	151	213	150	1	62	0.0161290
NODE_149943_length_314_cov_108.139535	151	213	151	4	62	0.0645161
NODE_149943_length_314_cov_108.139535	151	213	153	1	62	0.0161290
NODE_149943_length_314_cov_108.139535	151	213	155	4	62	0.0645161
NODE_149943_length_314_cov_108.139535	151	213	156	3	62	0.0483871
NODE_149943_length_314_cov_108.139535	151	213	158	3	62	0.0483871
NODE_149943_length_314_cov_108.139535	151	213	159	5	62	0.0806452
NODE_149943_length_314_cov_108.139535	151	213	160	4	62	0.0645161
NODE_149943_length_314_cov_108.139535	151	213	162	1	62	0.0161290
NODE_149943_length_314_cov_108.139535	151	213	163	5	62	0.0806452
NODE_149943_length_314_cov_108.139535	151	213	166	1	62	0.0161290
NODE_149943_length_314_cov_108.139535	151	213	167	3	62	0.0483871
NODE_149943_length_314_cov_108.139535	151	213	168	4	62	0.0645161
NODE_149943_length_314_cov_108.139535	151	213	169	2	62	0.0322581
NODE_149943_length_314_cov_108.139535	151	213	170	2	62	0.0322581
NODE_149943_length_314_cov_108.139535	151	213	172	4	62	0.0645161
NODE_149943_length_314_cov_108.139535	151	213	175	2	62	0.0322581
NODE_149943_length_314_cov_108.139535	151	213	176	2	62	0.0322581
NODE_149943_length_314_cov_108.139535	151	213	178	2	62	0.0322581
NODE_149943_length_314_cov_108.139535	151	213	180	6	62	0.0967742
NODE_149943_length_314_cov_108.139535	160	213	107	1	53	0.0188679
NODE_149943_length_314_cov_108.139535	160	213	112	1	53	0.0188679
NODE_149943_length_314_cov_108.139535	160	213	146	1	53	0.0188679
NODE_149943_length_314_cov_108.139535	160	213	155	4	53	0.0754717
NODE_149943_length_314_cov_108.139535	160	213	158	3	53	0.0566038
NODE_149943_length_314_cov_108.139535	160	213	159	5	53	0.0943396
NODE_149943_length_314_cov_108.139535	160	213	160	4	53	0.0754717
NODE_149943_length_314_cov_108.139535	160	213	162	1	53	0.0188679
NODE_149943_length_314_cov_108.139535	160	213	163	5	53	0.0943396
NODE_149943_length_314_cov_108.139535	160	213	166	1	53	0.0188679
NODE_149943_length_314_cov_108.139535	160	213	167	3	53	0.0566038
NODE_149943_length_314_cov_108.139535	160	213	168	4	53	0.0754717
NODE_149943_length_314_cov_108.139535	160	213	169	2	53	0.0377358
NODE_149943_length_314_cov_108.139535	160	213	170	2	53	0.0377358
NODE_149943_length_314_cov_108.139535	160	213	172	4	53	0.0754717
NODE_149943_length_314_cov_108.139535	160	213	175	2	53	0.0377358
NODE_149943_length_314_cov_108.139535	160	213	176	2	53	0.0377358
NODE_149943_length_314_cov_108.139535	160	213	178	2	53	0.0377358
NODE_149943_length_314_cov_108.139535	160	213	180	6	53	0.1132075
NODE_149944_length_314_cov_48.134884	245	314	0	69	69	1.0000000
NODE_149946_length_314_cov_9.097674	149	206	0	12	57	0.2105263
NODE_149946_length_314_cov_9.097674	149	206	2	45	57	0.7894737
NODE_149967_length_314_cov_4.897674	109	189	6	11	80	0.1375000
NODE_149967_length_314_cov_4.897674	109	189	10	11	80	0.1375000
NODE_149967_length_314_cov_4.897674	109	189	12	27	80	0.3375000
NODE_149967_length_314_cov_4.897674	109	189	14	31	80	0.3875000
NODE_150004_length_314_cov_3.823256	119	199	2	24	80	0.3000000
NODE_150004_length_314_cov_3.823256	119	199	8	56	80	0.7000000
NODE_150020_length_314_cov_3.558140	32	92	0	60	60	1.0000000
NODE_150035_length_314_cov_3.316279	84	126	14	12	42	0.2857143
NODE_150035_length_314_cov_3.316279	84	126	16	30	42	0.7142857
NODE_150035_length_314_cov_3.316279	127	180	0	17	53	0.3207547
NODE_150035_length_314_cov_3.316279	127	180	4	8	53	0.1509434
NODE_150035_length_314_cov_3.316279	127	180	6	3	53	0.0566038
NODE_150035_length_314_cov_3.316279	127	180	8	1	53	0.0188679
NODE_150035_length_314_cov_3.316279	127	180	10	5	53	0.0943396
NODE_150035_length_314_cov_3.316279	127	180	12	7	53	0.1320755
NODE_150035_length_314_cov_3.316279	127	180	14	12	53	0.2264151
NODE_150035_length_314_cov_3.316279	128	148	10	2	20	0.1000000
NODE_150035_length_314_cov_3.316279	128	148	12	7	20	0.3500000
NODE_150035_length_314_cov_3.316279	128	148	14	11	20	0.5500000
NODE_150066_length_314_cov_3.032558	252	308	0	56	56	1.0000000
NODE_150141_length_314_cov_2.520930	0	61	0	61	61	1.0000000
NODE_150141_length_314_cov_2.520930	34	93	0	59	59	1.0000000
NODE_150153_length_314_cov_2.441860	48	84	0	36	36	1.0000000
NODE_150159_length_314_cov_2.395349	62	112	0	50	50	1.0000000
NODE_150200_length_314_cov_2.265116	7	53	2	5	46	0.1086956
NODE_150200_length_314_cov_2.265116	7	53	4	12	46	0.2608696
NODE_150200_length_314_cov_2.265116	7	53	10	8	46	0.1739130
NODE_150200_length_314_cov_2.265116	7	53	13	1	46	0.0217391
NODE_150200_length_314_cov_2.265116	7	53	15	2	46	0.0434783
NODE_150200_length_314_cov_2.265116	7	53	19	4	46	0.0869565
NODE_150200_length_314_cov_2.265116	7	53	20	8	46	0.1739130
NODE_150200_length_314_cov_2.265116	7	53	22	6	46	0.1304348
NODE_150220_length_314_cov_2.144186	224	264	0	40	40	1.0000000
NODE_150257_length_314_cov_2.004651	68	148	0	80	80	1.0000000
NODE_150257_length_314_cov_2.004651	121	201	0	80	80	1.0000000
NODE_150385_length_314_cov_1.665116	204	242	0	38	38	1.0000000
NODE_150385_length_314_cov_1.665116	215	295	0	80	80	1.0000000
NODE_150647_length_314_cov_1.223256	7	87	4	1	80	0.0125000
NODE_150647_length_314_cov_1.223256	7	87	6	79	80	0.9875000
NODE_150709_length_314_cov_1.167442	1	69	0	68	68	1.0000000
NODE_151193_length_313_cov_156.051402	177	254	66	6	77	0.0779221
NODE_151193_length_313_cov_156.051402	177	254	71	3	77	0.0389610
NODE_151193_length_313_cov_156.051402	177	254	73	6	77	0.0779221
NODE_151193_length_313_cov_156.051402	177	254	75	1	77	0.0129870
NODE_151193_length_313_cov_156.051402	177	254	79	2	77	0.0259740
NODE_151193_length_313_cov_156.051402	177	254	80	2	77	0.0259740
NODE_151193_length_313_cov_156.051402	177	254	84	2	77	0.0259740
NODE_151193_length_313_cov_156.051402	177	254	87	1	77	0.0129870
NODE_151193_length_313_cov_156.051402	177	254	88	1	77	0.0129870
NODE_151193_length_313_cov_156.051402	177	254	93	1	77	0.0129870
NODE_151193_length_313_cov_156.051402	177	254	101	6	77	0.0779221
NODE_151193_length_313_cov_156.051402	177	254	103	1	77	0.0129870
NODE_151193_length_313_cov_156.051402	177	254	105	2	77	0.0259740
NODE_151193_length_313_cov_156.051402	177	254	107	2	77	0.0259740
NODE_151193_length_313_cov_156.051402	177	254	111	3	77	0.0389610
NODE_151193_length_313_cov_156.051402	177	254	113	15	77	0.1948052
NODE_151193_length_313_cov_156.051402	177	254	115	23	77	0.2987013
NODE_151193_length_313_cov_156.051402	177	254	66	6	77	0.0779221
NODE_151193_length_313_cov_156.051402	177	254	71	3	77	0.0389610
NODE_151193_length_313_cov_156.051402	177	254	73	6	77	0.0779221
NODE_151193_length_313_cov_156.051402	177	254	75	1	77	0.0129870
NODE_151193_length_313_cov_156.051402	177	254	79	2	77	0.0259740
NODE_151193_length_313_cov_156.051402	177	254	80	2	77	0.0259740
NODE_151193_length_313_cov_156.051402	177	254	84	2	77	0.0259740
NODE_151193_length_313_cov_156.051402	177	254	87	1	77	0.0129870
NODE_151193_length_313_cov_156.051402	177	254	88	1	77	0.0129870
NODE_151193_length_313_cov_156.051402	177	254	93	1	77	0.0129870
NODE_151193_length_313_cov_156.051402	177	254	101	6	77	0.0779221
NODE_151193_length_313_cov_156.051402	177	254	103	1	77	0.0129870
NODE_151193_length_313_cov_156.051402	177	254	105	2	77	0.0259740
NODE_151193_length_313_cov_156.051402	177	254	107	2	77	0.0259740
NODE_151193_length_313_cov_156.051402	177	254	111	3	77	0.0389610
NODE_151193_length_313_cov_156.051402	177	254	113	15	77	0.1948052
NODE_151193_length_313_cov_156.051402	177	254	115	23	77	0.2987013
NODE_151214_length_313_cov_5.359813	135	196	0	61	61	1.0000000
NODE_151214_length_313_cov_5.359813	169	241	0	72	72	1.0000000
NODE_151230_length_313_cov_4.794393	126	206	0	18	80	0.2250000
NODE_151230_length_313_cov_4.794393	126	206	2	62	80	0.7750000
NODE_151230_length_313_cov_4.794393	179	259	0	71	80	0.8875000
NODE_151230_length_313_cov_4.794393	179	259	2	9	80	0.1125000
NODE_151232_length_313_cov_4.761682	104	162	0	58	58	1.0000000
NODE_151232_length_313_cov_4.761682	135	215	0	80	80	1.0000000
NODE_151277_length_313_cov_3.560748	106	186	4	2	80	0.0250000
NODE_151277_length_313_cov_3.560748	106	186	6	4	80	0.0500000
NODE_151277_length_313_cov_3.560748	106	186	8	74	80	0.9250000
NODE_151331_length_313_cov_2.953271	92	153	0	61	61	1.0000000
NODE_151364_length_313_cov_2.640187	110	182	0	72	72	1.0000000
NODE_151364_length_313_cov_2.640187	113	184	0	71	71	1.0000000
NODE_151409_length_313_cov_2.383178	58	137	0	79	79	1.0000000
NODE_151409_length_313_cov_2.383178	110	190	0	80	80	1.0000000
NODE_151474_length_313_cov_2.107477	153	221	3	2	68	0.0294118
NODE_151474_length_313_cov_2.107477	153	221	4	33	68	0.4852941
NODE_151474_length_313_cov_2.107477	153	221	6	33	68	0.4852941
NODE_151510_length_313_cov_1.934579	107	187	2	20	80	0.2500000
NODE_151510_length_313_cov_1.934579	107	187	3	1	80	0.0125000
NODE_151510_length_313_cov_1.934579	107	187	5	5	80	0.0625000
NODE_151510_length_313_cov_1.934579	107	187	6	5	80	0.0625000
NODE_151510_length_313_cov_1.934579	107	187	8	3	80	0.0375000
NODE_151510_length_313_cov_1.934579	107	187	10	3	80	0.0375000
NODE_151510_length_313_cov_1.934579	107	187	12	2	80	0.0250000
NODE_151510_length_313_cov_1.934579	107	187	18	1	80	0.0125000
NODE_151510_length_313_cov_1.934579	107	187	19	3	80	0.0375000
NODE_151510_length_313_cov_1.934579	107	187	20	3	80	0.0375000
NODE_151510_length_313_cov_1.934579	107	187	22	9	80	0.1125000
NODE_151510_length_313_cov_1.934579	107	187	23	2	80	0.0250000
NODE_151510_length_313_cov_1.934579	107	187	24	7	80	0.0875000
NODE_151510_length_313_cov_1.934579	107	187	26	2	80	0.0250000
NODE_151510_length_313_cov_1.934579	107	187	28	7	80	0.0875000
NODE_151510_length_313_cov_1.934579	107	187	30	7	80	0.0875000
NODE_151510_length_313_cov_1.934579	160	240	20	6	80	0.0750000
NODE_151510_length_313_cov_1.934579	160	240	22	7	80	0.0875000
NODE_151510_length_313_cov_1.934579	160	240	23	2	80	0.0250000
NODE_151510_length_313_cov_1.934579	160	240	24	17	80	0.2125000
NODE_151510_length_313_cov_1.934579	160	240	26	4	80	0.0500000
NODE_151510_length_313_cov_1.934579	160	240	28	14	80	0.1750000
NODE_151510_length_313_cov_1.934579	160	240	30	30	80	0.3750000
NODE_151576_length_313_cov_1.780374	236	296	0	60	60	1.0000000
NODE_151623_length_313_cov_1.663551	58	135	0	72	77	0.9350649
NODE_151623_length_313_cov_1.663551	58	135	2	5	77	0.0649351
NODE_151703_length_313_cov_1.439252	0	64	0	64	64	1.0000000
NODE_151703_length_313_cov_1.439252	37	82	0	45	45	1.0000000
NODE_151753_length_313_cov_1.429907	74	111	0	37	37	1.0000000
NODE_151753_length_313_cov_1.429907	109	172	0	63	63	1.0000000
NODE_151953_length_313_cov_1.172897	106	161	0	55	55	1.0000000
NODE_151953_length_313_cov_1.172897	149	214	0	29	65	0.4461538
NODE_151953_length_313_cov_1.172897	149	214	2	9	65	0.1384615
NODE_151953_length_313_cov_1.172897	149	214	4	27	65	0.4153846
NODE_152525_length_312_cov_3.723005	178	238	16	3	60	0.0500000
NODE_152525_length_312_cov_3.723005	178	238	18	36	60	0.6000000
NODE_152525_length_312_cov_3.723005	178	238	20	21	60	0.3500000
NODE_152525_length_312_cov_3.723005	231	291	8	4	60	0.0666667
NODE_152525_length_312_cov_3.723005	231	291	10	6	60	0.1000000
NODE_152525_length_312_cov_3.723005	231	291	12	9	60	0.1500000
NODE_152525_length_312_cov_3.723005	231	291	14	3	60	0.0500000
NODE_152525_length_312_cov_3.723005	231	291	16	11	60	0.1833333
NODE_152525_length_312_cov_3.723005	231	291	20	27	60	0.4500000
NODE_152609_length_312_cov_2.723005	34	96	2	62	62	1.0000000
NODE_152609_length_312_cov_2.723005	87	149	0	30	62	0.4838710
NODE_152609_length_312_cov_2.723005	87	149	2	32	62	0.5161290
NODE_152680_length_312_cov_2.333333	6	70	0	64	64	1.0000000
NODE_152680_length_312_cov_2.333333	43	123	0	80	80	1.0000000
NODE_152686_length_312_cov_2.267606	176	208	2	9	32	0.2812500
NODE_152686_length_312_cov_2.267606	176	208	4	23	32	0.7187500
NODE_152697_length_312_cov_2.234742	108	169	0	61	61	1.0000000
NODE_152751_length_312_cov_2.014085	141	205	0	64	64	1.0000000
NODE_152751_length_312_cov_2.014085	178	258	0	80	80	1.0000000
NODE_152827_length_312_cov_1.835681	176	221	0	45	45	1.0000000
NODE_152827_length_312_cov_1.835681	194	269	0	75	75	1.0000000
NODE_153222_length_312_cov_1.173709	87	133	0	6	46	0.1304348
NODE_153222_length_312_cov_1.173709	87	133	2	5	46	0.1086956
NODE_153222_length_312_cov_1.173709	87	133	3	5	46	0.1086956
NODE_153222_length_312_cov_1.173709	87	133	4	3	46	0.0652174
NODE_153222_length_312_cov_1.173709	87	133	6	2	46	0.0434783
NODE_153222_length_312_cov_1.173709	87	133	7	5	46	0.1086956
NODE_153222_length_312_cov_1.173709	87	133	8	20	46	0.4347826
NODE_153222_length_312_cov_1.173709	150	217	18	3	67	0.0447761
NODE_153222_length_312_cov_1.173709	150	217	20	64	67	0.9552239
NODE_153532_length_312_cov_0.788732	49	110	0	61	61	1.0000000
NODE_153532_length_312_cov_0.788732	102	163	0	61	61	1.0000000
NODE_153708_length_311_cov_5.179245	155	235	0	8	80	0.1000000
NODE_153708_length_311_cov_5.179245	155	235	5	29	80	0.3625000
NODE_153708_length_311_cov_5.179245	155	235	6	43	80	0.5375000
NODE_153721_length_311_cov_4.589623	133	200	0	67	67	1.0000000
NODE_153730_length_311_cov_4.358491	199	263	13	64	64	1.0000000
NODE_153743_length_311_cov_3.929245	91	127	0	3	36	0.0833333
NODE_153743_length_311_cov_3.929245	91	127	8	33	36	0.9166667
NODE_153755_length_311_cov_3.825472	224	304	0	42	80	0.5250000
NODE_153755_length_311_cov_3.825472	224	304	4	33	80	0.4125000
NODE_153755_length_311_cov_3.825472	224	304	6	5	80	0.0625000
NODE_153773_length_311_cov_3.466981	106	186	0	80	80	1.0000000
NODE_153796_length_311_cov_3.188679	39	96	0	57	57	1.0000000
NODE_153846_length_311_cov_2.702830	144	193	0	1	49	0.0204082
NODE_153846_length_311_cov_2.702830	144	193	2	48	49	0.9795918
NODE_153850_length_311_cov_2.665094	43	113	1	2	70	0.0285714
NODE_153850_length_311_cov_2.665094	43	113	2	68	70	0.9714286
NODE_153859_length_311_cov_2.617925	206	284	0	78	78	1.0000000
NODE_153859_length_311_cov_2.617925	257	301	0	44	44	1.0000000
NODE_153913_length_311_cov_2.349057	177	204	2	27	27	1.0000000
NODE_153919_length_311_cov_2.325472	74	138	0	64	64	1.0000000
NODE_153947_length_311_cov_2.188679	21	92	0	71	71	1.0000000
NODE_154014_length_311_cov_1.924528	46	65	0	19	19	1.0000000
NODE_154056_length_311_cov_1.891509	122	180	0	58	58	1.0000000
NODE_154188_length_311_cov_1.594340	0	35	0	35	35	1.0000000
NODE_154190_length_311_cov_1.589623	96	151	2	8	55	0.1454545
NODE_154190_length_311_cov_1.589623	96	151	4	9	55	0.1636364
NODE_154190_length_311_cov_1.589623	96	151	6	6	55	0.1090909
NODE_154190_length_311_cov_1.589623	96	151	8	32	55	0.5818182
NODE_154194_length_311_cov_1.570755	125	145	0	20	20	1.0000000
NODE_154957_length_311_cov_0.613208	136	216	0	80	80	1.0000000
NODE_154957_length_311_cov_0.613208	189	264	0	75	75	1.0000000
NODE_154996_length_310_cov_96.995261	211	249	61	3	38	0.0789474
NODE_154996_length_310_cov_96.995261	211	249	63	1	38	0.0263158
NODE_154996_length_310_cov_96.995261	211	249	65	5	38	0.1315790
NODE_154996_length_310_cov_96.995261	211	249	67	21	38	0.5526316
NODE_154996_length_310_cov_96.995261	211	249	69	8	38	0.2105263
NODE_155001_length_310_cov_7.767773	80	151	0	71	71	1.0000000
NODE_155001_length_310_cov_7.767773	134	189	0	55	55	1.0000000
NODE_155017_length_310_cov_5.914692	84	134	0	18	50	0.3600000
NODE_155017_length_310_cov_5.914692	84	134	2	30	50	0.6000000
NODE_155017_length_310_cov_5.914692	84	134	4	2	50	0.0400000
NODE_155017_length_310_cov_5.914692	113	134	0	18	21	0.8571429
NODE_155017_length_310_cov_5.914692	113	134	2	3	21	0.1428571
NODE_155017_length_310_cov_5.914692	113	188	0	72	75	0.9600000
NODE_155017_length_310_cov_5.914692	113	188	2	3	75	0.0400000
NODE_155066_length_310_cov_3.777251	146	226	11	8	80	0.1000000
NODE_155066_length_310_cov_3.777251	146	226	12	5	80	0.0625000
NODE_155066_length_310_cov_3.777251	146	226	16	22	80	0.2750000
NODE_155066_length_310_cov_3.777251	146	226	18	5	80	0.0625000
NODE_155066_length_310_cov_3.777251	146	226	19	1	80	0.0125000
NODE_155066_length_310_cov_3.777251	146	226	20	37	80	0.4625000
NODE_155066_length_310_cov_3.777251	146	226	22	2	80	0.0250000
NODE_155115_length_310_cov_3.180095	137	211	0	22	74	0.2972973
NODE_155115_length_310_cov_3.180095	137	211	1	16	74	0.2162162
NODE_155115_length_310_cov_3.180095	137	211	2	36	74	0.4864865
NODE_155179_length_310_cov_2.630332	122	174	0	52	52	1.0000000
NODE_155179_length_310_cov_2.630332	175	222	0	47	47	1.0000000
NODE_155180_length_310_cov_2.625592	258	301	0	43	43	1.0000000
NODE_155195_length_310_cov_2.563981	149	196	0	47	47	1.0000000
NODE_155195_length_310_cov_2.563981	169	249	0	80	80	1.0000000
NODE_155261_length_310_cov_2.298578	213	259	4	9	46	0.1956522
NODE_155261_length_310_cov_2.298578	213	259	8	37	46	0.8043478
NODE_155334_length_310_cov_2.009479	223	303	0	2	80	0.0250000
NODE_155334_length_310_cov_2.009479	223	303	2	51	80	0.6375000
NODE_155334_length_310_cov_2.009479	223	303	4	8	80	0.1000000
NODE_155334_length_310_cov_2.009479	223	303	6	19	80	0.2375000
NODE_155439_length_310_cov_1.729858	53	91	0	38	38	1.0000000
NODE_155768_length_310_cov_1.222749	181	244	0	63	63	1.0000000
NODE_155864_length_310_cov_1.142180	65	135	4	1	70	0.0142857
NODE_155864_length_310_cov_1.142180	65	135	6	9	70	0.1285714
NODE_155864_length_310_cov_1.142180	65	135	8	60	70	0.8571429
NODE_155937_length_310_cov_0.966825	131	212	0	81	81	1.0000000
NODE_155937_length_310_cov_0.966825	193	256	0	63	63	1.0000000
NODE_156078_length_310_cov_0.924171	180	222	0	42	42	1.0000000
NODE_156174_length_310_cov_0.739336	208	288	0	80	80	1.0000000
NODE_156332_length_309_cov_8.552381	154	234	0	80	80	1.0000000
NODE_156340_length_309_cov_6.147619	20	83	2	63	63	1.0000000
NODE_156349_length_309_cov_5.147619	213	291	0	78	78	1.0000000
NODE_156364_length_309_cov_4.585714	15	95	0	80	80	1.0000000
NODE_156472_length_309_cov_3.028571	0	47	0	47	47	1.0000000
NODE_156472_length_309_cov_3.028571	20	101	0	81	81	1.0000000
NODE_156563_length_309_cov_2.304762	179	218	2	5	39	0.1282051
NODE_156563_length_309_cov_2.304762	179	218	4	34	39	0.8717949
NODE_156615_length_309_cov_2.095238	55	85	0	30	30	1.0000000
NODE_156678_length_309_cov_1.938095	2	73	0	71	71	1.0000000
NODE_156950_length_309_cov_1.414286	189	231	0	19	42	0.4523810
NODE_156950_length_309_cov_1.414286	189	231	2	23	42	0.5476190
NODE_156978_length_309_cov_1.376190	94	168	0	74	74	1.0000000
NODE_157334_length_309_cov_0.966667	134	153	0	19	19	1.0000000
NODE_157469_length_309_cov_0.738095	150	215	2	17	65	0.2615385
NODE_157469_length_309_cov_0.738095	150	215	4	7	65	0.1076923
NODE_157469_length_309_cov_0.738095	150	215	6	41	65	0.6307693
NODE_157661_length_308_cov_4.775120	137	174	0	37	37	1.0000000
NODE_157690_length_308_cov_3.966507	126	206	2	74	80	0.9250000
NODE_157690_length_308_cov_3.966507	126	206	4	6	80	0.0750000
NODE_157705_length_308_cov_3.665072	11	75	0	64	64	1.0000000
NODE_157819_length_308_cov_2.593301	137	193	0	31	56	0.5535714
NODE_157819_length_308_cov_2.593301	137	193	2	25	56	0.4464286
NODE_157852_length_308_cov_2.435407	14	58	0	1	44	0.0227273
NODE_157852_length_308_cov_2.435407	14	58	2	4	44	0.0909091
NODE_157852_length_308_cov_2.435407	14	58	4	39	44	0.8863636
NODE_157852_length_308_cov_2.435407	31	111	0	11	80	0.1375000
NODE_157852_length_308_cov_2.435407	31	111	2	1	80	0.0125000
NODE_157852_length_308_cov_2.435407	31	111	4	68	80	0.8500000
NODE_157898_length_308_cov_2.191388	14	80	0	66	66	1.0000000
NODE_157903_length_308_cov_2.191388	236	296	0	60	60	1.0000000
NODE_157969_length_308_cov_1.952153	251	296	0	45	45	1.0000000
NODE_158083_length_308_cov_1.708134	102	148	0	46	46	1.0000000
NODE_158276_length_308_cov_1.435407	196	276	0	80	80	1.0000000
NODE_158439_length_308_cov_1.162679	260	300	0	40	40	1.0000000
NODE_158439_length_308_cov_1.162679	273	307	0	34	34	1.0000000
NODE_158447_length_308_cov_1.148325	35	83	0	48	48	1.0000000
NODE_158448_length_308_cov_1.148325	253	308	0	55	55	1.0000000
NODE_158510_length_308_cov_1.038278	147	202	0	55	55	1.0000000
NODE_158811_length_308_cov_0.684211	196	275	0	79	79	1.0000000
NODE_158821_length_308_cov_0.660287	109	157	2	2	48	0.0416667
NODE_158821_length_308_cov_0.660287	109	157	4	14	48	0.2916667
NODE_158821_length_308_cov_0.660287	109	157	6	4	48	0.0833333
NODE_158821_length_308_cov_0.660287	109	157	8	4	48	0.0833333
NODE_158821_length_308_cov_0.660287	109	157	12	2	48	0.0416667
NODE_158821_length_308_cov_0.660287	109	157	14	22	48	0.4583333
NODE_158821_length_308_cov_0.660287	130	210	8	3	80	0.0375000
NODE_158821_length_308_cov_0.660287	130	210	10	27	80	0.3375000
NODE_158821_length_308_cov_0.660287	130	210	12	2	80	0.0250000
NODE_158821_length_308_cov_0.660287	130	210	14	48	80	0.6000000
NODE_158905_length_307_cov_30.725962	0	73	1	27	73	0.3698630
NODE_158905_length_307_cov_30.725962	0	73	3	1	73	0.0136986
NODE_158905_length_307_cov_30.725962	0	73	7	9	73	0.1232877
NODE_158905_length_307_cov_30.725962	0	73	9	36	73	0.4931507
NODE_158905_length_307_cov_30.725962	46	99	9	53	53	1.0000000
NODE_158906_length_307_cov_25.096154	84	164	2	25	80	0.3125000
NODE_158906_length_307_cov_25.096154	84	164	4	55	80	0.6875000
NODE_158906_length_307_cov_25.096154	137	217	0	1	80	0.0125000
NODE_158906_length_307_cov_25.096154	137	217	2	63	80	0.7875000
NODE_158906_length_307_cov_25.096154	137	217	4	16	80	0.2000000
NODE_158933_length_307_cov_5.524038	150	221	0	71	71	1.0000000
NODE_158983_length_307_cov_3.730769	172	252	0	80	80	1.0000000
NODE_158983_length_307_cov_3.730769	225	305	0	80	80	1.0000000
NODE_158999_length_307_cov_3.322115	20	100	0	80	80	1.0000000
NODE_158999_length_307_cov_3.322115	78	153	0	75	75	1.0000000
NODE_159000_length_307_cov_3.317308	12	94	0	82	82	1.0000000
NODE_159000_length_307_cov_3.317308	76	134	0	58	58	1.0000000
NODE_159053_length_307_cov_2.870192	43	108	0	7	65	0.1076923
NODE_159053_length_307_cov_2.870192	43	108	2	58	65	0.8923077
NODE_159084_length_307_cov_2.653846	117	177	32	3	60	0.0500000
NODE_159084_length_307_cov_2.653846	117	177	36	2	60	0.0333333
NODE_159084_length_307_cov_2.653846	117	177	37	28	60	0.4666667
NODE_159084_length_307_cov_2.653846	117	177	38	10	60	0.1666667
NODE_159084_length_307_cov_2.653846	117	177	39	3	60	0.0500000
NODE_159084_length_307_cov_2.653846	117	177	40	14	60	0.2333333
NODE_159142_length_307_cov_2.346154	54	105	0	51	51	1.0000000
NODE_159351_length_307_cov_1.716346	124	165	2	41	41	1.0000000
NODE_159362_length_307_cov_1.716346	30	93	0	17	63	0.2698413
NODE_159362_length_307_cov_1.716346	30	93	2	45	63	0.7142857
NODE_159362_length_307_cov_1.716346	30	93	4	1	63	0.0158730
NODE_159407_length_307_cov_1.600962	221	269	0	48	48	1.0000000
NODE_159407_length_307_cov_1.600962	242	307	0	65	65	1.0000000
NODE_159447_length_307_cov_1.475962	252	307	0	55	55	1.0000000
NODE_159585_length_307_cov_1.326923	96	142	2	46	46	1.0000000
NODE_159585_length_307_cov_1.326923	115	195	2	80	80	1.0000000
NODE_159618_length_307_cov_1.264423	13	61	0	48	48	1.0000000
NODE_159618_length_307_cov_1.264423	23	54	0	31	31	1.0000000
NODE_159696_length_307_cov_1.197115	92	121	0	29	29	1.0000000
NODE_159787_length_307_cov_1.000000	132	168	0	36	36	1.0000000
NODE_160213_length_306_cov_74.526570	68	136	0	64	68	0.9411765
NODE_160213_length_306_cov_74.526570	68	136	1	4	68	0.0588235
NODE_160213_length_306_cov_74.526570	68	148	0	64	80	0.8000000
NODE_160213_length_306_cov_74.526570	68	148	1	11	80	0.1375000
NODE_160213_length_306_cov_74.526570	68	148	3	5	80	0.0625000
NODE_160213_length_306_cov_74.526570	121	201	0	11	80	0.1375000
NODE_160213_length_306_cov_74.526570	121	201	1	11	80	0.1375000
NODE_160213_length_306_cov_74.526570	121	201	3	12	80	0.1500000
NODE_160213_length_306_cov_74.526570	121	201	5	11	80	0.1375000
NODE_160213_length_306_cov_74.526570	121	201	7	2	80	0.0250000
NODE_160213_length_306_cov_74.526570	121	201	9	23	80	0.2875000
NODE_160213_length_306_cov_74.526570	121	201	18	1	80	0.0125000
NODE_160213_length_306_cov_74.526570	121	201	19	9	80	0.1125000
NODE_160213_length_306_cov_74.526570	121	201	0	11	80	0.1375000
NODE_160213_length_306_cov_74.526570	121	201	1	11	80	0.1375000
NODE_160213_length_306_cov_74.526570	121	201	3	12	80	0.1500000
NODE_160213_length_306_cov_74.526570	121	201	5	11	80	0.1375000
NODE_160213_length_306_cov_74.526570	121	201	7	2	80	0.0250000
NODE_160213_length_306_cov_74.526570	121	201	9	23	80	0.2875000
NODE_160213_length_306_cov_74.526570	121	201	18	1	80	0.0125000
NODE_160213_length_306_cov_74.526570	121	201	19	9	80	0.1125000
NODE_160213_length_306_cov_74.526570	197	277	17	25	80	0.3125000
NODE_160213_length_306_cov_74.526570	197	277	19	55	80	0.6875000
NODE_160213_length_306_cov_74.526570	197	277	17	25	80	0.3125000
NODE_160213_length_306_cov_74.526570	197	277	19	55	80	0.6875000
NODE_160213_length_306_cov_74.526570	197	277	17	25	80	0.3125000
NODE_160213_length_306_cov_74.526570	197	277	19	55	80	0.6875000
NODE_160213_length_306_cov_74.526570	250	299	0	6	49	0.1224490
NODE_160213_length_306_cov_74.526570	250	299	10	2	49	0.0408163
NODE_160213_length_306_cov_74.526570	250	299	14	9	49	0.1836735
NODE_160213_length_306_cov_74.526570	250	299	15	3	49	0.0612245
NODE_160213_length_306_cov_74.526570	250	299	17	27	49	0.5510204
NODE_160213_length_306_cov_74.526570	250	299	19	2	49	0.0408163
NODE_160213_length_306_cov_74.526570	250	306	0	13	56	0.2321429
NODE_160213_length_306_cov_74.526570	250	306	10	2	56	0.0357143
NODE_160213_length_306_cov_74.526570	250	306	14	9	56	0.1607143
NODE_160213_length_306_cov_74.526570	250	306	15	3	56	0.0535714
NODE_160213_length_306_cov_74.526570	250	306	17	27	56	0.4821429
NODE_160213_length_306_cov_74.526570	250	306	19	2	56	0.0357143
NODE_160213_length_306_cov_74.526570	255	306	0	13	51	0.2549020
NODE_160213_length_306_cov_74.526570	255	306	10	2	51	0.0392157
NODE_160213_length_306_cov_74.526570	255	306	14	9	51	0.1764706
NODE_160213_length_306_cov_74.526570	255	306	15	3	51	0.0588235
NODE_160213_length_306_cov_74.526570	255	306	17	24	51	0.4705882
NODE_160217_length_306_cov_7.396135	23	117	0	8	94	0.0851064
NODE_160217_length_306_cov_7.396135	23	117	2	86	94	0.9148936
NODE_160217_length_306_cov_7.396135	90	170	0	25	80	0.3125000
NODE_160217_length_306_cov_7.396135	90	170	2	55	80	0.6875000
NODE_160261_length_306_cov_4.275362	67	147	0	80	80	1.0000000
NODE_160275_length_306_cov_3.937198	104	176	2	4	72	0.0555556
NODE_160275_length_306_cov_3.937198	104	176	3	3	72	0.0416667
NODE_160275_length_306_cov_3.937198	104	176	5	65	72	0.9027778
NODE_160300_length_306_cov_3.444444	130	206	0	76	76	1.0000000
NODE_160323_length_306_cov_3.217391	198	278	0	80	80	1.0000000
NODE_160333_length_306_cov_3.043478	90	171	0	25	81	0.3086420
NODE_160333_length_306_cov_3.043478	90	171	2	56	81	0.6913580
NODE_160333_length_306_cov_3.043478	144	202	0	28	58	0.4827586
NODE_160333_length_306_cov_3.043478	144	202	2	30	58	0.5172414
NODE_160340_length_306_cov_2.956522	242	273	0	31	31	1.0000000
NODE_160355_length_306_cov_2.884058	173	243	0	70	70	1.0000000
NODE_160403_length_306_cov_2.574879	122	203	0	81	81	1.0000000
NODE_160403_length_306_cov_2.574879	176	254	0	78	78	1.0000000
NODE_160475_length_306_cov_2.265700	223	278	0	55	55	1.0000000
NODE_160512_length_306_cov_2.106280	73	149	0	76	76	1.0000000
NODE_160512_length_306_cov_2.106280	125	205	0	80	80	1.0000000
NODE_160608_length_306_cov_1.879227	165	196	0	31	31	1.0000000
NODE_160752_length_306_cov_1.478261	206	237	6	31	31	1.0000000
NODE_160761_length_306_cov_1.478261	157	220	0	63	63	1.0000000
NODE_160833_length_306_cov_1.434783	40	88	0	48	48	1.0000000
NODE_160875_length_306_cov_1.357488	128	171	0	43	43	1.0000000
NODE_160992_length_306_cov_1.222222	216	252	0	36	36	1.0000000
NODE_160992_length_306_cov_1.222222	230	305	0	75	75	1.0000000
NODE_161018_length_306_cov_1.188406	79	159	0	2	80	0.0250000
NODE_161018_length_306_cov_1.188406	79	159	1	4	80	0.0500000
NODE_161018_length_306_cov_1.188406	79	159	2	56	80	0.7000000
NODE_161018_length_306_cov_1.188406	79	159	4	18	80	0.2250000
NODE_161042_length_306_cov_1.130435	122	202	0	80	80	1.0000000
NODE_161042_length_306_cov_1.130435	175	255	0	80	80	1.0000000
NODE_161078_length_306_cov_1.067633	156	188	0	32	32	1.0000000
NODE_161234_length_306_cov_0.975845	219	247	0	28	28	1.0000000
NODE_161246_length_306_cov_0.956522	206	284	0	78	78	1.0000000
NODE_161550_length_305_cov_5.718447	177	243	0	66	66	1.0000000
NODE_161566_length_305_cov_4.854369	55	135	2	80	80	1.0000000
NODE_161584_length_305_cov_4.266990	186	266	0	48	80	0.6000000
NODE_161584_length_305_cov_4.266990	186	266	2	2	80	0.0250000
NODE_161584_length_305_cov_4.266990	186	266	4	13	80	0.1625000
NODE_161584_length_305_cov_4.266990	186	266	6	17	80	0.2125000
NODE_161723_length_305_cov_2.616505	220	263	0	43	43	1.0000000
NODE_161723_length_305_cov_2.616505	236	305	0	69	69	1.0000000
NODE_161726_length_305_cov_2.597087	171	256	57	6	85	0.0705882
NODE_161726_length_305_cov_2.597087	171	256	59	1	85	0.0117647
NODE_161726_length_305_cov_2.597087	171	256	62	3	85	0.0352941
NODE_161726_length_305_cov_2.597087	171	256	64	1	85	0.0117647
NODE_161726_length_305_cov_2.597087	171	256	66	3	85	0.0352941
NODE_161726_length_305_cov_2.597087	171	256	67	2	85	0.0235294
NODE_161726_length_305_cov_2.597087	171	256	69	2	85	0.0235294
NODE_161726_length_305_cov_2.597087	171	256	71	1	85	0.0117647
NODE_161726_length_305_cov_2.597087	171	256	76	7	85	0.0823529
NODE_161726_length_305_cov_2.597087	171	256	80	1	85	0.0117647
NODE_161726_length_305_cov_2.597087	171	256	82	9	85	0.1058824
NODE_161726_length_305_cov_2.597087	171	256	83	1	85	0.0117647
NODE_161726_length_305_cov_2.597087	171	256	84	1	85	0.0117647
NODE_161726_length_305_cov_2.597087	171	256	85	5	85	0.0588235
NODE_161726_length_305_cov_2.597087	171	256	87	1	85	0.0117647
NODE_161726_length_305_cov_2.597087	171	256	88	9	85	0.1058824
NODE_161726_length_305_cov_2.597087	171	256	89	6	85	0.0705882
NODE_161726_length_305_cov_2.597087	171	256	90	26	85	0.3058824
NODE_161732_length_305_cov_2.533981	3	57	0	54	54	1.0000000
NODE_161775_length_305_cov_2.339806	149	237	10	13	88	0.1477273
NODE_161775_length_305_cov_2.339806	149	237	12	14	88	0.1590909
NODE_161775_length_305_cov_2.339806	149	237	14	11	88	0.1250000
NODE_161775_length_305_cov_2.339806	149	237	20	50	88	0.5681818
NODE_161795_length_305_cov_2.228155	194	274	0	80	80	1.0000000
NODE_161795_length_305_cov_2.228155	247	300	0	53	53	1.0000000
NODE_161877_length_305_cov_1.975728	44	116	0	12	72	0.1666667
NODE_161877_length_305_cov_1.975728	44	116	4	60	72	0.8333333
NODE_161908_length_305_cov_1.883495	135	172	29	10	37	0.2702703
NODE_161908_length_305_cov_1.883495	135	172	30	13	37	0.3513514
NODE_161908_length_305_cov_1.883495	135	172	32	14	37	0.3783784
NODE_161990_length_305_cov_1.674757	14	80	0	66	66	1.0000000
NODE_161990_length_305_cov_1.674757	53	133	0	80	80	1.0000000
NODE_161996_length_305_cov_1.655340	110	179	0	12	69	0.1739130
NODE_161996_length_305_cov_1.655340	110	179	2	57	69	0.8260869
NODE_162123_length_305_cov_1.466019	153	238	17	1	85	0.0117647
NODE_162123_length_305_cov_1.466019	153	238	18	6	85	0.0705882
NODE_162123_length_305_cov_1.466019	153	238	22	4	85	0.0470588
NODE_162123_length_305_cov_1.466019	153	238	26	11	85	0.1294118
NODE_162123_length_305_cov_1.466019	153	238	28	5	85	0.0588235
NODE_162123_length_305_cov_1.466019	153	238	30	4	85	0.0470588
NODE_162123_length_305_cov_1.466019	153	238	34	10	85	0.1176471
NODE_162123_length_305_cov_1.466019	153	238	36	5	85	0.0588235
NODE_162123_length_305_cov_1.466019	153	238	40	3	85	0.0352941
NODE_162123_length_305_cov_1.466019	153	238	42	17	85	0.2000000
NODE_162123_length_305_cov_1.466019	153	238	44	1	85	0.0117647
NODE_162123_length_305_cov_1.466019	153	238	48	2	85	0.0235294
NODE_162123_length_305_cov_1.466019	153	238	50	16	85	0.1882353
NODE_162123_length_305_cov_1.466019	222	284	40	6	62	0.0967742
NODE_162123_length_305_cov_1.466019	222	284	42	1	62	0.0161290
NODE_162123_length_305_cov_1.466019	222	284	44	4	62	0.0645161
NODE_162123_length_305_cov_1.466019	222	284	48	10	62	0.1612903
NODE_162123_length_305_cov_1.466019	222	284	50	41	62	0.6612903
NODE_162169_length_305_cov_1.398058	28	75	0	47	47	1.0000000
NODE_162198_length_305_cov_1.330097	212	292	18	2	80	0.0250000
NODE_162198_length_305_cov_1.330097	212	292	20	78	80	0.9750000
NODE_162198_length_305_cov_1.330097	265	305	4	6	40	0.1500000
NODE_162198_length_305_cov_1.330097	265	305	10	4	40	0.1000000
NODE_162198_length_305_cov_1.330097	265	305	12	3	40	0.0750000
NODE_162198_length_305_cov_1.330097	265	305	18	2	40	0.0500000
NODE_162198_length_305_cov_1.330097	265	305	20	25	40	0.6250000
NODE_162359_length_305_cov_1.111650	245	275	0	30	30	1.0000000
NODE_162411_length_305_cov_0.990291	46	126	0	80	80	1.0000000
NODE_162593_length_305_cov_0.873786	73	109	0	36	36	1.0000000
NODE_162782_length_305_cov_0.631068	86	166	10	24	80	0.3000000
NODE_162782_length_305_cov_0.631068	86	166	12	26	80	0.3250000
NODE_162782_length_305_cov_0.631068	86	166	14	30	80	0.3750000
NODE_162782_length_305_cov_0.631068	139	186	8	9	47	0.1914894
NODE_162782_length_305_cov_0.631068	139	186	10	10	47	0.2127660
NODE_162782_length_305_cov_0.631068	139	186	12	27	47	0.5744681
NODE_162782_length_305_cov_0.631068	139	186	14	1	47	0.0212766
NODE_162854_length_304_cov_44.482927	61	102	69	8	41	0.1951219
NODE_162854_length_304_cov_44.482927	61	102	70	8	41	0.1951219
NODE_162854_length_304_cov_44.482927	61	102	71	25	41	0.6097561
NODE_162855_length_304_cov_30.678049	205	281	7	4	76	0.0526316
NODE_162855_length_304_cov_30.678049	205	281	9	8	76	0.1052632
NODE_162855_length_304_cov_30.678049	205	281	10	3	76	0.0394737
NODE_162855_length_304_cov_30.678049	205	281	12	5	76	0.0657895
NODE_162855_length_304_cov_30.678049	205	281	14	19	76	0.2500000
NODE_162855_length_304_cov_30.678049	205	281	18	3	76	0.0394737
NODE_162855_length_304_cov_30.678049	205	281	20	22	76	0.2894737
NODE_162855_length_304_cov_30.678049	205	281	24	4	76	0.0526316
NODE_162855_length_304_cov_30.678049	205	281	26	1	76	0.0131579
NODE_162855_length_304_cov_30.678049	205	281	28	7	76	0.0921053
NODE_162855_length_304_cov_30.678049	254	304	6	5	50	0.1000000
NODE_162855_length_304_cov_30.678049	254	304	7	22	50	0.4400000
NODE_162855_length_304_cov_30.678049	254	304	9	8	50	0.1600000
NODE_162855_length_304_cov_30.678049	254	304	10	3	50	0.0600000
NODE_162855_length_304_cov_30.678049	254	304	12	5	50	0.1000000
NODE_162855_length_304_cov_30.678049	254	304	14	7	50	0.1400000
NODE_162886_length_304_cov_4.956098	72	152	4	10	80	0.1250000
NODE_162886_length_304_cov_4.956098	72	152	6	51	80	0.6375000
NODE_162886_length_304_cov_4.956098	72	152	8	19	80	0.2375000
NODE_162919_length_304_cov_3.980488	46	126	0	80	80	1.0000000
NODE_162919_length_304_cov_3.980488	99	179	0	80	80	1.0000000
NODE_162932_length_304_cov_3.809756	108	156	8	48	48	1.0000000
NODE_162955_length_304_cov_3.424390	67	129	1	8	62	0.1290323
NODE_162955_length_304_cov_3.424390	67	129	3	8	62	0.1290323
NODE_162955_length_304_cov_3.424390	67	129	5	29	62	0.4677419
NODE_162955_length_304_cov_3.424390	67	129	9	17	62	0.2741936
NODE_162955_length_304_cov_3.424390	120	182	9	62	62	1.0000000
NODE_162997_length_304_cov_2.980488	105	126	0	21	21	1.0000000
NODE_163048_length_304_cov_2.629268	106	186	0	80	80	1.0000000
NODE_163048_length_304_cov_2.629268	159	209	0	50	50	1.0000000
NODE_163116_length_304_cov_2.239024	57	137	1	20	80	0.2500000
NODE_163116_length_304_cov_2.239024	57	137	2	60	80	0.7500000
NODE_163116_length_304_cov_2.239024	110	152	0	6	42	0.1428571
NODE_163116_length_304_cov_2.239024	110	152	1	29	42	0.6904762
NODE_163116_length_304_cov_2.239024	110	152	2	7	42	0.1666667
NODE_163148_length_304_cov_2.170732	112	145	0	2	33	0.0606061
NODE_163148_length_304_cov_2.170732	112	145	2	15	33	0.4545455
NODE_163148_length_304_cov_2.170732	112	145	4	10	33	0.3030303
NODE_163148_length_304_cov_2.170732	112	145	6	6	33	0.1818182
NODE_163148_length_304_cov_2.170732	146	198	6	21	52	0.4038461
NODE_163148_length_304_cov_2.170732	146	198	8	31	52	0.5961539
NODE_163333_length_304_cov_1.687805	219	288	0	69	69	1.0000000
NODE_163432_length_304_cov_1.492683	190	238	0	48	48	1.0000000
NODE_163559_length_304_cov_1.287805	99	165	9	3	66	0.0454545
NODE_163559_length_304_cov_1.287805	99	165	10	1	66	0.0151515
NODE_163559_length_304_cov_1.287805	99	165	18	14	66	0.2121212
NODE_163559_length_304_cov_1.287805	99	165	22	18	66	0.2727273
NODE_163559_length_304_cov_1.287805	99	165	24	10	66	0.1515152
NODE_163559_length_304_cov_1.287805	99	165	26	13	66	0.1969697
NODE_163559_length_304_cov_1.287805	99	165	30	7	66	0.1060606
NODE_163670_length_304_cov_1.175610	0	30	0	30	30	1.0000000
NODE_163895_length_304_cov_0.951220	70	150	5	4	80	0.0500000
NODE_163895_length_304_cov_0.951220	70	150	6	57	80	0.7125000
NODE_163895_length_304_cov_0.951220	70	150	8	19	80	0.2375000
NODE_164171_length_303_cov_30.843137	46	97	0	12	51	0.2352941
NODE_164171_length_303_cov_30.843137	46	97	1	13	51	0.2549020
NODE_164171_length_303_cov_30.843137	46	97	2	26	51	0.5098040
NODE_164194_length_303_cov_5.401961	33	79	0	46	46	1.0000000
NODE_164224_length_303_cov_4.210784	136	205	0	4	69	0.0579710
NODE_164224_length_303_cov_4.210784	136	205	4	4	69	0.0579710
NODE_164224_length_303_cov_4.210784	136	205	6	19	69	0.2753623
NODE_164224_length_303_cov_4.210784	136	205	8	42	69	0.6086956
NODE_164224_length_303_cov_4.210784	178	259	0	58	81	0.7160494
NODE_164224_length_303_cov_4.210784	178	259	4	4	81	0.0493827
NODE_164224_length_303_cov_4.210784	178	259	6	19	81	0.2345679
NODE_164251_length_303_cov_3.671569	9	75	0	66	66	1.0000000
NODE_164251_length_303_cov_3.671569	48	128	0	67	80	0.8375000
NODE_164251_length_303_cov_3.671569	48	128	2	13	80	0.1625000
NODE_164251_length_303_cov_3.671569	48	128	0	67	80	0.8375000
NODE_164251_length_303_cov_3.671569	48	128	2	13	80	0.1625000
NODE_164251_length_303_cov_3.671569	220	300	4	80	80	1.0000000
NODE_164267_length_303_cov_3.500000	55	123	2	4	68	0.0588235
NODE_164267_length_303_cov_3.500000	55	123	4	64	68	0.9411765
NODE_164272_length_303_cov_3.460784	0	67	0	15	67	0.2238806
NODE_164272_length_303_cov_3.460784	0	67	2	7	67	0.1044776
NODE_164272_length_303_cov_3.460784	0	67	4	1	67	0.0149254
NODE_164272_length_303_cov_3.460784	0	67	6	4	67	0.0597015
NODE_164272_length_303_cov_3.460784	0	67	7	4	67	0.0597015
NODE_164272_length_303_cov_3.460784	0	67	15	1	67	0.0149254
NODE_164272_length_303_cov_3.460784	0	67	17	1	67	0.0149254
NODE_164272_length_303_cov_3.460784	0	67	20	1	67	0.0149254
NODE_164272_length_303_cov_3.460784	0	67	21	1	67	0.0149254
NODE_164272_length_303_cov_3.460784	0	67	22	2	67	0.0298507
NODE_164272_length_303_cov_3.460784	0	67	24	1	67	0.0149254
NODE_164272_length_303_cov_3.460784	0	67	28	1	67	0.0149254
NODE_164272_length_303_cov_3.460784	0	67	40	1	67	0.0149254
NODE_164272_length_303_cov_3.460784	0	67	42	2	67	0.0298507
NODE_164272_length_303_cov_3.460784	0	67	51	1	67	0.0149254
NODE_164272_length_303_cov_3.460784	0	67	57	2	67	0.0298507
NODE_164272_length_303_cov_3.460784	0	67	70	1	67	0.0149254
NODE_164272_length_303_cov_3.460784	0	67	81	1	67	0.0149254
NODE_164272_length_303_cov_3.460784	0	67	85	1	67	0.0149254
NODE_164272_length_303_cov_3.460784	0	67	86	1	67	0.0149254
NODE_164272_length_303_cov_3.460784	0	67	88	4	67	0.0597015
NODE_164272_length_303_cov_3.460784	0	67	90	1	67	0.0149254
NODE_164272_length_303_cov_3.460784	0	67	100	1	67	0.0149254
NODE_164272_length_303_cov_3.460784	0	67	104	1	67	0.0149254
NODE_164272_length_303_cov_3.460784	0	67	115	1	67	0.0149254
NODE_164272_length_303_cov_3.460784	0	67	125	1	67	0.0149254
NODE_164272_length_303_cov_3.460784	0	67	128	3	67	0.0447761
NODE_164272_length_303_cov_3.460784	0	67	133	1	67	0.0149254
NODE_164272_length_303_cov_3.460784	0	67	149	1	67	0.0149254
NODE_164272_length_303_cov_3.460784	0	67	150	1	67	0.0149254
NODE_164272_length_303_cov_3.460784	0	67	152	1	67	0.0149254
NODE_164272_length_303_cov_3.460784	0	67	157	1	67	0.0149254
NODE_164272_length_303_cov_3.460784	0	67	159	1	67	0.0149254
NODE_164272_length_303_cov_3.460784	98	178	345	1	80	0.0125000
NODE_164272_length_303_cov_3.460784	98	178	364	1	80	0.0125000
NODE_164272_length_303_cov_3.460784	98	178	378	1	80	0.0125000
NODE_164272_length_303_cov_3.460784	98	178	386	1	80	0.0125000
NODE_164272_length_303_cov_3.460784	98	178	412	1	80	0.0125000
NODE_164272_length_303_cov_3.460784	98	178	421	1	80	0.0125000
NODE_164272_length_303_cov_3.460784	98	178	427	1	80	0.0125000
NODE_164272_length_303_cov_3.460784	98	178	439	2	80	0.0250000
NODE_164272_length_303_cov_3.460784	98	178	451	1	80	0.0125000
NODE_164272_length_303_cov_3.460784	98	178	453	1	80	0.0125000
NODE_164272_length_303_cov_3.460784	98	178	456	1	80	0.0125000
NODE_164272_length_303_cov_3.460784	98	178	463	1	80	0.0125000
NODE_164272_length_303_cov_3.460784	98	178	473	1	80	0.0125000
NODE_164272_length_303_cov_3.460784	98	178	481	2	80	0.0250000
NODE_164272_length_303_cov_3.460784	98	178	486	1	80	0.0125000
NODE_164272_length_303_cov_3.460784	98	178	495	3	80	0.0375000
NODE_164272_length_303_cov_3.460784	98	178	496	1	80	0.0125000
NODE_164272_length_303_cov_3.460784	98	178	508	1	80	0.0125000
NODE_164272_length_303_cov_3.460784	98	178	510	1	80	0.0125000
NODE_164272_length_303_cov_3.460784	98	178	511	2	80	0.0250000
NODE_164272_length_303_cov_3.460784	98	178	518	1	80	0.0125000
NODE_164272_length_303_cov_3.460784	98	178	530	2	80	0.0250000
NODE_164272_length_303_cov_3.460784	98	178	535	1	80	0.0125000
NODE_164272_length_303_cov_3.460784	98	178	539	2	80	0.0250000
NODE_164272_length_303_cov_3.460784	98	178	542	1	80	0.0125000
NODE_164272_length_303_cov_3.460784	98	178	551	1	80	0.0125000
NODE_164272_length_303_cov_3.460784	98	178	552	1	80	0.0125000
NODE_164272_length_303_cov_3.460784	98	178	553	1	80	0.0125000
NODE_164272_length_303_cov_3.460784	98	178	556	1	80	0.0125000
NODE_164272_length_303_cov_3.460784	98	178	562	1	80	0.0125000
NODE_164272_length_303_cov_3.460784	98	178	564	2	80	0.0250000
NODE_164272_length_303_cov_3.460784	98	178	566	1	80	0.0125000
NODE_164272_length_303_cov_3.460784	98	178	568	2	80	0.0250000
NODE_164272_length_303_cov_3.460784	98	178	574	2	80	0.0250000
NODE_164272_length_303_cov_3.460784	98	178	575	2	80	0.0250000
NODE_164272_length_303_cov_3.460784	98	178	576	2	80	0.0250000
NODE_164272_length_303_cov_3.460784	98	178	577	2	80	0.0250000
NODE_164272_length_303_cov_3.460784	98	178	578	2	80	0.0250000
NODE_164272_length_303_cov_3.460784	98	178	583	1	80	0.0125000
NODE_164272_length_303_cov_3.460784	98	178	590	1	80	0.0125000
NODE_164272_length_303_cov_3.460784	98	178	593	1	80	0.0125000
NODE_164272_length_303_cov_3.460784	98	178	596	1	80	0.0125000
NODE_164272_length_303_cov_3.460784	98	178	598	2	80	0.0250000
NODE_164272_length_303_cov_3.460784	98	178	602	3	80	0.0375000
NODE_164272_length_303_cov_3.460784	98	178	603	1	80	0.0125000
NODE_164272_length_303_cov_3.460784	98	178	604	6	80	0.0750000
NODE_164272_length_303_cov_3.460784	98	178	605	3	80	0.0375000
NODE_164272_length_303_cov_3.460784	98	178	606	1	80	0.0125000
NODE_164272_length_303_cov_3.460784	98	178	607	3	80	0.0375000
NODE_164272_length_303_cov_3.460784	98	178	609	3	80	0.0375000
NODE_164272_length_303_cov_3.460784	98	178	610	2	80	0.0250000
NODE_164272_length_303_cov_3.460784	151	191	510	1	40	0.0250000
NODE_164272_length_303_cov_3.460784	151	191	516	1	40	0.0250000
NODE_164272_length_303_cov_3.460784	151	191	532	1	40	0.0250000
NODE_164272_length_303_cov_3.460784	151	191	534	2	40	0.0500000
NODE_164272_length_303_cov_3.460784	151	191	538	1	40	0.0250000
NODE_164272_length_303_cov_3.460784	151	191	539	2	40	0.0500000
NODE_164272_length_303_cov_3.460784	151	191	544	1	40	0.0250000
NODE_164272_length_303_cov_3.460784	151	191	554	1	40	0.0250000
NODE_164272_length_303_cov_3.460784	151	191	559	1	40	0.0250000
NODE_164272_length_303_cov_3.460784	151	191	562	3	40	0.0750000
NODE_164272_length_303_cov_3.460784	151	191	564	1	40	0.0250000
NODE_164272_length_303_cov_3.460784	151	191	566	1	40	0.0250000
NODE_164272_length_303_cov_3.460784	151	191	568	2	40	0.0500000
NODE_164272_length_303_cov_3.460784	151	191	574	2	40	0.0500000
NODE_164272_length_303_cov_3.460784	151	191	576	2	40	0.0500000
NODE_164272_length_303_cov_3.460784	151	191	577	2	40	0.0500000
NODE_164272_length_303_cov_3.460784	151	191	578	2	40	0.0500000
NODE_164272_length_303_cov_3.460784	151	191	583	1	40	0.0250000
NODE_164272_length_303_cov_3.460784	151	191	598	1	40	0.0250000
NODE_164272_length_303_cov_3.460784	151	191	602	3	40	0.0750000
NODE_164272_length_303_cov_3.460784	151	191	603	1	40	0.0250000
NODE_164272_length_303_cov_3.460784	151	191	604	5	40	0.1250000
NODE_164272_length_303_cov_3.460784	151	191	605	3	40	0.0750000
NODE_164283_length_303_cov_3.352941	77	146	2	13	69	0.1884058
NODE_164283_length_303_cov_3.352941	77	146	4	34	69	0.4927536
NODE_164283_length_303_cov_3.352941	77	146	6	22	69	0.3188406
NODE_164433_length_303_cov_2.284314	78	158	0	80	80	1.0000000
NODE_164433_length_303_cov_2.284314	215	295	2	80	80	1.0000000
NODE_164581_length_303_cov_1.848039	90	170	0	80	80	1.0000000
NODE_164581_length_303_cov_1.848039	143	223	0	80	80	1.0000000
NODE_164581_length_303_cov_1.848039	212	235	0	23	23	1.0000000
NODE_164668_length_303_cov_1.686275	62	88	0	26	26	1.0000000
NODE_164695_length_303_cov_1.583333	206	270	0	12	64	0.1875000
NODE_164695_length_303_cov_1.583333	206	270	2	52	64	0.8125000
NODE_164800_length_303_cov_1.475490	155	221	0	66	66	1.0000000
NODE_164846_length_303_cov_1.392157	135	213	14	22	78	0.2820513
NODE_164846_length_303_cov_1.392157	135	213	16	56	78	0.7179487
NODE_164878_length_303_cov_1.318627	0	75	0	75	75	1.0000000
NODE_164974_length_303_cov_1.215686	278	297	0	19	19	1.0000000
NODE_165498_length_302_cov_10.852217	266	300	2	2	34	0.0588235
NODE_165498_length_302_cov_10.852217	266	300	17	1	34	0.0294118
NODE_165498_length_302_cov_10.852217	266	300	18	31	34	0.9117647
NODE_165502_length_302_cov_7.896552	46	131	0	85	85	1.0000000
NODE_165502_length_302_cov_7.896552	104	160	0	56	56	1.0000000
NODE_165505_length_302_cov_7.266010	135	191	0	56	56	1.0000000
NODE_165507_length_302_cov_7.216749	93	149	2	56	56	1.0000000
NODE_165507_length_302_cov_7.216749	155	226	0	65	71	0.9154930
NODE_165507_length_302_cov_7.216749	155	226	2	6	71	0.0845070
NODE_165517_length_302_cov_6.172414	179	243	0	64	64	1.0000000
NODE_165517_length_302_cov_6.172414	232	287	0	55	55	1.0000000
NODE_165528_length_302_cov_5.586207	221	293	2	72	72	1.0000000
NODE_165641_length_302_cov_2.985222	104	186	3	16	82	0.1951219
NODE_165641_length_302_cov_2.985222	104	186	4	4	82	0.0487805
NODE_165641_length_302_cov_2.985222	104	186	6	44	82	0.5365854
NODE_165641_length_302_cov_2.985222	104	186	8	18	82	0.2195122
NODE_165848_length_302_cov_2.009852	12	34	0	22	22	1.0000000
NODE_165934_length_302_cov_1.758621	98	152	0	54	54	1.0000000
NODE_165945_length_302_cov_1.758621	230	294	0	64	64	1.0000000
NODE_166007_length_302_cov_1.620690	172	232	8	7	60	0.1166667
NODE_166007_length_302_cov_1.620690	172	232	11	14	60	0.2333333
NODE_166007_length_302_cov_1.620690	172	232	12	15	60	0.2500000
NODE_166007_length_302_cov_1.620690	172	232	13	10	60	0.1666667
NODE_166007_length_302_cov_1.620690	172	232	14	14	60	0.2333333
NODE_166007_length_302_cov_1.620690	225	277	11	52	52	1.0000000
NODE_166320_length_302_cov_1.172414	34	103	0	69	69	1.0000000
NODE_166381_length_302_cov_1.044335	54	130	0	9	76	0.1184211
NODE_166381_length_302_cov_1.044335	54	130	2	67	76	0.8815789
NODE_166617_length_302_cov_0.847291	94	172	21	1	78	0.0128205
NODE_166617_length_302_cov_0.847291	94	172	25	3	78	0.0384615
NODE_166617_length_302_cov_0.847291	94	172	29	1	78	0.0128205
NODE_166617_length_302_cov_0.847291	94	172	33	1	78	0.0128205
NODE_166617_length_302_cov_0.847291	94	172	35	6	78	0.0769231
NODE_166617_length_302_cov_0.847291	94	172	39	10	78	0.1282051
NODE_166617_length_302_cov_0.847291	94	172	43	2	78	0.0256410
NODE_166617_length_302_cov_0.847291	94	172	45	10	78	0.1282051
NODE_166617_length_302_cov_0.847291	94	172	46	7	78	0.0897436
NODE_166617_length_302_cov_0.847291	94	172	48	7	78	0.0897436
NODE_166617_length_302_cov_0.847291	94	172	50	4	78	0.0512821
NODE_166617_length_302_cov_0.847291	94	172	51	6	78	0.0769231
NODE_166617_length_302_cov_0.847291	94	172	52	1	78	0.0128205
NODE_166617_length_302_cov_0.847291	94	172	54	4	78	0.0512821
NODE_166617_length_302_cov_0.847291	94	172	55	2	78	0.0256410
NODE_166617_length_302_cov_0.847291	94	172	56	5	78	0.0641026
NODE_166617_length_302_cov_0.847291	94	172	60	8	78	0.1025641
NODE_166617_length_302_cov_0.847291	94	172	21	1	78	0.0128205
NODE_166617_length_302_cov_0.847291	94	172	25	3	78	0.0384615
NODE_166617_length_302_cov_0.847291	94	172	29	1	78	0.0128205
NODE_166617_length_302_cov_0.847291	94	172	33	1	78	0.0128205
NODE_166617_length_302_cov_0.847291	94	172	35	6	78	0.0769231
NODE_166617_length_302_cov_0.847291	94	172	39	10	78	0.1282051
NODE_166617_length_302_cov_0.847291	94	172	43	2	78	0.0256410
NODE_166617_length_302_cov_0.847291	94	172	45	10	78	0.1282051
NODE_166617_length_302_cov_0.847291	94	172	46	7	78	0.0897436
NODE_166617_length_302_cov_0.847291	94	172	48	7	78	0.0897436
NODE_166617_length_302_cov_0.847291	94	172	50	4	78	0.0512821
NODE_166617_length_302_cov_0.847291	94	172	51	6	78	0.0769231
NODE_166617_length_302_cov_0.847291	94	172	52	1	78	0.0128205
NODE_166617_length_302_cov_0.847291	94	172	54	4	78	0.0512821
NODE_166617_length_302_cov_0.847291	94	172	55	2	78	0.0256410
NODE_166617_length_302_cov_0.847291	94	172	56	5	78	0.0641026
NODE_166617_length_302_cov_0.847291	94	172	60	8	78	0.1025641
NODE_166617_length_302_cov_0.847291	103	172	35	3	69	0.0434783
NODE_166617_length_302_cov_0.847291	103	172	39	10	69	0.1449275
NODE_166617_length_302_cov_0.847291	103	172	43	2	69	0.0289855
NODE_166617_length_302_cov_0.847291	103	172	45	10	69	0.1449275
NODE_166617_length_302_cov_0.847291	103	172	46	7	69	0.1014493
NODE_166617_length_302_cov_0.847291	103	172	48	7	69	0.1014493
NODE_166617_length_302_cov_0.847291	103	172	50	4	69	0.0579710
NODE_166617_length_302_cov_0.847291	103	172	51	6	69	0.0869565
NODE_166617_length_302_cov_0.847291	103	172	52	1	69	0.0144928
NODE_166617_length_302_cov_0.847291	103	172	54	4	69	0.0579710
NODE_166617_length_302_cov_0.847291	103	172	55	2	69	0.0289855
NODE_166617_length_302_cov_0.847291	103	172	56	5	69	0.0724638
NODE_166617_length_302_cov_0.847291	103	172	60	8	69	0.1159420
NODE_166638_length_302_cov_0.807882	97	177	0	80	80	1.0000000
NODE_166819_length_301_cov_6.960396	268	299	0	31	31	1.0000000
NODE_166827_length_301_cov_6.148515	214	283	0	69	69	1.0000000
NODE_166889_length_301_cov_3.747525	116	196	2	23	80	0.2875000
NODE_166889_length_301_cov_3.747525	116	196	6	57	80	0.7125000
NODE_166904_length_301_cov_3.509901	217	277	2	11	60	0.1833333
NODE_166904_length_301_cov_3.509901	217	277	5	1	60	0.0166667
NODE_166904_length_301_cov_3.509901	217	277	7	5	60	0.0833333
NODE_166904_length_301_cov_3.509901	217	277	9	4	60	0.0666667
NODE_166904_length_301_cov_3.509901	217	277	10	1	60	0.0166667
NODE_166904_length_301_cov_3.509901	217	277	11	5	60	0.0833333
NODE_166904_length_301_cov_3.509901	217	277	16	1	60	0.0166667
NODE_166904_length_301_cov_3.509901	217	277	17	5	60	0.0833333
NODE_166904_length_301_cov_3.509901	217	277	19	16	60	0.2666667
NODE_166904_length_301_cov_3.509901	217	277	22	10	60	0.1666667
NODE_166904_length_301_cov_3.509901	217	277	23	1	60	0.0166667
NODE_166993_length_301_cov_2.653465	133	213	0	25	80	0.3125000
NODE_166993_length_301_cov_2.653465	133	213	2	55	80	0.6875000
NODE_167126_length_301_cov_2.084158	178	258	38	5	80	0.0625000
NODE_167126_length_301_cov_2.084158	178	258	42	5	80	0.0625000
NODE_167126_length_301_cov_2.084158	178	258	46	3	80	0.0375000
NODE_167126_length_301_cov_2.084158	178	258	48	1	80	0.0125000
NODE_167126_length_301_cov_2.084158	178	258	50	2	80	0.0250000
NODE_167126_length_301_cov_2.084158	178	258	54	7	80	0.0875000
NODE_167126_length_301_cov_2.084158	178	258	55	42	80	0.5250000
NODE_167126_length_301_cov_2.084158	178	258	56	2	80	0.0250000
NODE_167126_length_301_cov_2.084158	178	258	57	13	80	0.1625000
NODE_167215_length_301_cov_1.831683	111	175	0	64	64	1.0000000
NODE_167215_length_301_cov_1.831683	164	228	0	56	64	0.8750000
NODE_167215_length_301_cov_1.831683	164	228	2	8	64	0.1250000
NODE_167308_length_301_cov_1.603960	173	233	0	31	60	0.5166667
NODE_167308_length_301_cov_1.603960	173	233	2	29	60	0.4833333
NODE_167313_length_301_cov_1.584158	30	108	0	78	78	1.0000000
NODE_167434_length_301_cov_1.470297	90	165	0	75	75	1.0000000
NODE_167508_length_301_cov_1.326733	175	247	0	72	72	1.0000000
NODE_167612_length_301_cov_1.247525	29	73	0	44	44	1.0000000
NODE_167642_length_301_cov_1.183168	123	203	0	36	80	0.4500000
NODE_167642_length_301_cov_1.183168	123	203	2	44	80	0.5500000
NODE_167659_length_301_cov_1.163366	10	83	0	73	73	1.0000000
NODE_167659_length_301_cov_1.163366	91	121	0	30	30	1.0000000
NODE_167668_length_301_cov_1.148515	161	209	0	48	48	1.0000000
NODE_167880_length_301_cov_0.980198	242	297	0	55	55	1.0000000
NODE_167891_length_301_cov_0.960396	22	63	0	41	41	1.0000000
NODE_168253_length_300_cov_3.402985	44	124	0	80	80	1.0000000
NODE_168253_length_300_cov_3.402985	97	177	0	45	80	0.5625000
NODE_168253_length_300_cov_3.402985	97	177	2	35	80	0.4375000
NODE_168253_length_300_cov_3.402985	173	254	2	4	81	0.0493827
NODE_168253_length_300_cov_3.402985	173	254	4	77	81	0.9506173
NODE_168253_length_300_cov_3.402985	233	300	0	5	67	0.0746269
NODE_168253_length_300_cov_3.402985	233	300	2	3	67	0.0447761
NODE_168253_length_300_cov_3.402985	233	300	4	59	67	0.8805970
NODE_168265_length_300_cov_3.298507	18	98	0	80	80	1.0000000
NODE_168360_length_300_cov_2.597015	110	182	29	5	72	0.0694444
NODE_168360_length_300_cov_2.597015	110	182	31	5	72	0.0694444
NODE_168360_length_300_cov_2.597015	110	182	33	22	72	0.3055556
NODE_168360_length_300_cov_2.597015	110	182	35	40	72	0.5555556
NODE_168363_length_300_cov_2.572139	28	102	0	26	74	0.3513514
NODE_168363_length_300_cov_2.572139	28	102	4	28	74	0.3783784
NODE_168363_length_300_cov_2.572139	28	102	10	6	74	0.0810811
NODE_168363_length_300_cov_2.572139	28	102	14	14	74	0.1891892
NODE_168363_length_300_cov_2.572139	75	141	4	7	66	0.1060606
NODE_168363_length_300_cov_2.572139	75	141	10	6	66	0.0909091
NODE_168363_length_300_cov_2.572139	75	141	14	53	66	0.8030303
NODE_168402_length_300_cov_2.417910	0	44	0	44	44	1.0000000
NODE_168459_length_300_cov_2.174129	117	197	0	6	80	0.0750000
NODE_168459_length_300_cov_2.174129	117	197	1	5	80	0.0625000
NODE_168459_length_300_cov_2.174129	117	197	2	15	80	0.1875000
NODE_168459_length_300_cov_2.174129	117	197	5	1	80	0.0125000
NODE_168459_length_300_cov_2.174129	117	197	8	2	80	0.0250000
NODE_168459_length_300_cov_2.174129	117	197	16	2	80	0.0250000
NODE_168459_length_300_cov_2.174129	117	197	20	2	80	0.0250000
NODE_168459_length_300_cov_2.174129	117	197	22	3	80	0.0375000
NODE_168459_length_300_cov_2.174129	117	197	24	3	80	0.0375000
NODE_168459_length_300_cov_2.174129	117	197	26	3	80	0.0375000
NODE_168459_length_300_cov_2.174129	117	197	28	3	80	0.0375000
NODE_168459_length_300_cov_2.174129	117	197	30	4	80	0.0500000
NODE_168459_length_300_cov_2.174129	117	197	32	8	80	0.1000000
NODE_168459_length_300_cov_2.174129	117	197	45	2	80	0.0250000
NODE_168459_length_300_cov_2.174129	117	197	46	2	80	0.0250000
NODE_168459_length_300_cov_2.174129	117	197	50	19	80	0.2375000
NODE_168459_length_300_cov_2.174129	170	250	32	4	80	0.0500000
NODE_168459_length_300_cov_2.174129	170	250	45	2	80	0.0250000
NODE_168459_length_300_cov_2.174129	170	250	46	2	80	0.0250000
NODE_168459_length_300_cov_2.174129	170	250	50	33	80	0.4125000
NODE_168459_length_300_cov_2.174129	170	250	54	3	80	0.0375000
NODE_168459_length_300_cov_2.174129	170	250	56	1	80	0.0125000
NODE_168459_length_300_cov_2.174129	170	250	62	2	80	0.0250000
NODE_168459_length_300_cov_2.174129	170	250	64	3	80	0.0375000
NODE_168459_length_300_cov_2.174129	170	250	66	6	80	0.0750000
NODE_168459_length_300_cov_2.174129	170	250	68	24	80	0.3000000
NODE_168459_length_300_cov_2.174129	216	296	36	4	80	0.0500000
NODE_168459_length_300_cov_2.174129	216	296	38	2	80	0.0250000
NODE_168459_length_300_cov_2.174129	216	296	40	2	80	0.0250000
NODE_168459_length_300_cov_2.174129	216	296	44	1	80	0.0125000
NODE_168459_length_300_cov_2.174129	216	296	46	1	80	0.0125000
NODE_168459_length_300_cov_2.174129	216	296	48	1	80	0.0125000
NODE_168459_length_300_cov_2.174129	216	296	52	3	80	0.0375000
NODE_168459_length_300_cov_2.174129	216	296	56	7	80	0.0875000
NODE_168459_length_300_cov_2.174129	216	296	60	1	80	0.0125000
NODE_168459_length_300_cov_2.174129	216	296	62	15	80	0.1875000
NODE_168459_length_300_cov_2.174129	216	296	64	4	80	0.0500000
NODE_168459_length_300_cov_2.174129	216	296	66	6	80	0.0750000
NODE_168459_length_300_cov_2.174129	216	296	68	33	80	0.4125000
NODE_168462_length_300_cov_2.164179	122	141	0	19	19	1.0000000
NODE_168479_length_300_cov_2.079602	127	207	0	49	80	0.6125000
NODE_168479_length_300_cov_2.079602	127	207	2	31	80	0.3875000
NODE_168479_length_300_cov_2.079602	203	273	2	70	70	1.0000000
NODE_168541_length_300_cov_1.965174	15	86	0	71	71	1.0000000
NODE_168656_length_300_cov_1.731343	31	88	12	1	57	0.0175439
NODE_168656_length_300_cov_1.731343	31	88	14	56	57	0.9824561
NODE_168906_length_300_cov_1.268657	62	98	0	36	36	1.0000000
NODE_168906_length_300_cov_1.268657	151	186	0	35	35	1.0000000
NODE_169014_length_300_cov_1.104478	86	165	2	15	79	0.1898734
NODE_169014_length_300_cov_1.104478	86	165	6	10	79	0.1265823
NODE_169014_length_300_cov_1.104478	86	165	8	20	79	0.2531646
NODE_169014_length_300_cov_1.104478	86	165	10	34	79	0.4303797
NODE_169053_length_300_cov_1.029851	110	177	0	15	67	0.2238806
NODE_169053_length_300_cov_1.029851	110	177	2	52	67	0.7761194
NODE_169053_length_300_cov_1.029851	120	177	0	15	57	0.2631579
NODE_169053_length_300_cov_1.029851	120	177	2	42	57	0.7368421
NODE_169378_length_300_cov_0.716418	191	210	0	19	19	1.0000000
NODE_169528_length_299_cov_4.435000	48	128	0	80	80	1.0000000
NODE_169528_length_299_cov_4.435000	101	167	0	66	66	1.0000000
NODE_169567_length_299_cov_3.780000	114	181	0	41	67	0.6119403
NODE_169567_length_299_cov_3.780000	114	181	2	26	67	0.3880597
NODE_169631_length_299_cov_3.095000	0	73	0	73	73	1.0000000
NODE_169631_length_299_cov_3.095000	0	20	0	20	20	1.0000000
NODE_169725_length_299_cov_2.495000	46	126	0	80	80	1.0000000
NODE_169725_length_299_cov_2.495000	99	179	0	80	80	1.0000000
NODE_169769_length_299_cov_2.275000	127	192	0	26	65	0.4000000
NODE_169769_length_299_cov_2.275000	127	192	2	39	65	0.6000000
NODE_169781_length_299_cov_2.250000	72	135	0	9	63	0.1428571
NODE_169781_length_299_cov_2.250000	72	135	3	3	63	0.0476190
NODE_169781_length_299_cov_2.250000	72	135	4	37	63	0.5873016
NODE_169781_length_299_cov_2.250000	72	135	6	14	63	0.2222222
NODE_169781_length_299_cov_2.250000	108	188	4	13	80	0.1625000
NODE_169781_length_299_cov_2.250000	108	188	6	67	80	0.8375000
NODE_169811_length_299_cov_2.090000	25	105	0	80	80	1.0000000
NODE_169888_length_299_cov_1.955000	173	214	4	30	41	0.7317073
NODE_169888_length_299_cov_1.955000	173	214	6	11	41	0.2682927
NODE_169888_length_299_cov_1.955000	187	227	4	16	40	0.4000000
NODE_169888_length_299_cov_1.955000	187	227	6	24	40	0.6000000
NODE_169916_length_299_cov_1.885000	29	109	2	7	80	0.0875000
NODE_169916_length_299_cov_1.885000	29	109	4	14	80	0.1750000
NODE_169916_length_299_cov_1.885000	29	109	6	59	80	0.7375000
NODE_169920_length_299_cov_1.880000	204	236	0	32	32	1.0000000
NODE_169938_length_299_cov_1.840000	154	190	0	36	36	1.0000000
NODE_169995_length_299_cov_1.710000	211	291	0	80	80	1.0000000
NODE_170048_length_299_cov_1.550000	174	205	2	31	31	1.0000000
NODE_170501_length_299_cov_1.020000	42	115	0	73	73	1.0000000
NODE_170546_length_299_cov_1.020000	132	175	0	43	43	1.0000000
NODE_170620_length_299_cov_0.935000	173	216	4	43	43	1.0000000
NODE_170691_length_299_cov_0.765000	86	128	0	42	42	1.0000000
NODE_170887_length_298_cov_20.894472	70	150	0	80	80	1.0000000
NODE_170887_length_298_cov_20.894472	123	203	0	80	80	1.0000000
NODE_170888_length_298_cov_13.859296	228	298	0	31	70	0.4428571
NODE_170888_length_298_cov_13.859296	228	298	2	11	70	0.1571429
NODE_170888_length_298_cov_13.859296	228	298	3	7	70	0.1000000
NODE_170888_length_298_cov_13.859296	228	298	4	21	70	0.3000000
NODE_170909_length_298_cov_5.859296	1	65	8	1	64	0.0156250
NODE_170909_length_298_cov_5.859296	1	65	9	5	64	0.0781250
NODE_170909_length_298_cov_5.859296	1	65	11	4	64	0.0625000
NODE_170909_length_298_cov_5.859296	1	65	14	7	64	0.1093750
NODE_170909_length_298_cov_5.859296	1	65	16	7	64	0.1093750
NODE_170909_length_298_cov_5.859296	1	65	18	40	64	0.6250000
NODE_170909_length_298_cov_5.859296	38	118	8	4	80	0.0500000
NODE_170909_length_298_cov_5.859296	38	118	12	3	80	0.0375000
NODE_170909_length_298_cov_5.859296	38	118	14	4	80	0.0500000
NODE_170909_length_298_cov_5.859296	38	118	16	4	80	0.0500000
NODE_170909_length_298_cov_5.859296	38	118	18	65	80	0.8125000
NODE_170909_length_298_cov_5.859296	114	194	4	33	80	0.4125000
NODE_170909_length_298_cov_5.859296	114	194	5	5	80	0.0625000
NODE_170909_length_298_cov_5.859296	114	194	7	31	80	0.3875000
NODE_170909_length_298_cov_5.859296	114	194	8	9	80	0.1125000
NODE_170909_length_298_cov_5.859296	114	194	10	2	80	0.0250000
NODE_170909_length_298_cov_5.859296	167	238	2	28	71	0.3943662
NODE_170909_length_298_cov_5.859296	167	238	4	43	71	0.6056338
NODE_170964_length_298_cov_3.829146	80	160	14	20	80	0.2500000
NODE_170964_length_298_cov_3.829146	80	160	16	46	80	0.5750000
NODE_170964_length_298_cov_3.829146	80	160	18	11	80	0.1375000
NODE_170964_length_298_cov_3.829146	80	160	19	3	80	0.0375000
NODE_170964_length_298_cov_3.829146	133	213	8	16	80	0.2000000
NODE_170964_length_298_cov_3.829146	133	213	9	3	80	0.0375000
NODE_170964_length_298_cov_3.829146	133	213	10	5	80	0.0625000
NODE_170964_length_298_cov_3.829146	133	213	11	8	80	0.1000000
NODE_170964_length_298_cov_3.829146	133	213	12	3	80	0.0375000
NODE_170964_length_298_cov_3.829146	133	213	14	13	80	0.1625000
NODE_170964_length_298_cov_3.829146	133	213	16	2	80	0.0250000
NODE_170964_length_298_cov_3.829146	133	213	17	2	80	0.0250000
NODE_170964_length_298_cov_3.829146	133	213	18	25	80	0.3125000
NODE_170964_length_298_cov_3.829146	133	213	19	3	80	0.0375000
NODE_170968_length_298_cov_3.733668	203	283	0	33	80	0.4125000
NODE_170968_length_298_cov_3.733668	203	283	2	47	80	0.5875000
NODE_170972_length_298_cov_3.673367	117	175	2	58	58	1.0000000
NODE_171043_length_298_cov_2.924623	159	239	0	14	80	0.1750000
NODE_171043_length_298_cov_2.924623	159	239	2	1	80	0.0125000
NODE_171043_length_298_cov_2.924623	159	239	6	31	80	0.3875000
NODE_171043_length_298_cov_2.924623	159	239	8	34	80	0.4250000
NODE_171043_length_298_cov_2.924623	212	265	4	15	53	0.2830189
NODE_171043_length_298_cov_2.924623	212	265	6	3	53	0.0566038
NODE_171043_length_298_cov_2.924623	212	265	8	35	53	0.6603774
NODE_171047_length_298_cov_2.854271	50	120	2	70	70	1.0000000
NODE_171082_length_298_cov_2.663317	87	167	0	80	80	1.0000000
NODE_171082_length_298_cov_2.663317	140	192	0	52	52	1.0000000
NODE_171191_length_298_cov_2.201005	112	166	0	54	54	1.0000000
NODE_171210_length_298_cov_2.120603	135	166	0	31	31	1.0000000
NODE_171226_length_298_cov_2.055276	69	132	1	63	63	1.0000000
NODE_171286_length_298_cov_2.025126	21	92	0	71	71	1.0000000
NODE_171356_length_298_cov_1.798995	0	67	0	2	67	0.0298507
NODE_171356_length_298_cov_1.798995	0	67	2	65	67	0.9701493
NODE_171356_length_298_cov_1.798995	40	106	0	2	66	0.0303030
NODE_171356_length_298_cov_1.798995	40	106	2	64	66	0.9696970
NODE_171391_length_298_cov_1.788945	140	197	0	57	57	1.0000000
NODE_171415_length_298_cov_1.733668	56	91	0	35	35	1.0000000
NODE_171415_length_298_cov_1.733668	118	172	0	54	54	1.0000000
NODE_171505_length_298_cov_1.537688	101	154	0	53	53	1.0000000
NODE_172083_length_298_cov_0.829146	34	96	0	62	62	1.0000000
NODE_172330_length_297_cov_6.525253	100	122	0	22	22	1.0000000
NODE_172352_length_297_cov_4.888889	150	218	4	1	68	0.0147059
NODE_172352_length_297_cov_4.888889	150	218	6	67	68	0.9852941
NODE_172356_length_297_cov_4.671717	56	120	0	64	64	1.0000000
NODE_172422_length_297_cov_3.338384	96	176	2	80	80	1.0000000
NODE_172422_length_297_cov_3.338384	149	198	0	22	49	0.4489796
NODE_172422_length_297_cov_3.338384	149	198	2	27	49	0.5510204
NODE_172447_length_297_cov_3.040404	0	55	0	55	55	1.0000000
NODE_172447_length_297_cov_3.040404	14	55	0	41	41	1.0000000
NODE_172447_length_297_cov_3.040404	65	119	0	54	54	1.0000000
NODE_172574_length_297_cov_2.308081	8	70	0	62	62	1.0000000
NODE_172606_length_297_cov_2.196970	219	259	39	4	40	0.1000000
NODE_172606_length_297_cov_2.196970	219	259	40	4	40	0.1000000
NODE_172606_length_297_cov_2.196970	219	259	42	1	40	0.0250000
NODE_172606_length_297_cov_2.196970	219	259	44	5	40	0.1250000
NODE_172606_length_297_cov_2.196970	219	259	49	4	40	0.1000000
NODE_172606_length_297_cov_2.196970	219	259	53	14	40	0.3500000
NODE_172606_length_297_cov_2.196970	219	259	55	5	40	0.1250000
NODE_172606_length_297_cov_2.196970	219	259	56	3	40	0.0750000
NODE_172629_length_297_cov_2.106061	81	161	2	36	80	0.4500000
NODE_172629_length_297_cov_2.106061	81	161	4	44	80	0.5500000
NODE_172629_length_297_cov_2.106061	134	178	2	31	44	0.7045454
NODE_172629_length_297_cov_2.106061	134	178	4	13	44	0.2954545
NODE_172668_length_297_cov_2.060606	46	76	0	30	30	1.0000000
NODE_172697_length_297_cov_2.010101	9	85	2	4	76	0.0526316
NODE_172697_length_297_cov_2.010101	9	85	4	2	76	0.0263158
NODE_172697_length_297_cov_2.010101	9	85	6	67	76	0.8815789
NODE_172697_length_297_cov_2.010101	9	85	8	3	76	0.0394737
NODE_172783_length_297_cov_1.777778	168	208	2	11	40	0.2750000
NODE_172783_length_297_cov_1.777778	168	208	3	1	40	0.0250000
NODE_172783_length_297_cov_1.777778	168	208	5	28	40	0.7000000
NODE_172855_length_297_cov_1.595960	175	255	0	21	80	0.2625000
NODE_172855_length_297_cov_1.595960	175	255	2	59	80	0.7375000
NODE_172862_length_297_cov_1.570707	100	177	0	77	77	1.0000000
NODE_172863_length_297_cov_1.570707	194	275	2	81	81	1.0000000
NODE_173063_length_297_cov_1.338384	140	199	2	9	59	0.1525424
NODE_173063_length_297_cov_1.338384	140	199	4	50	59	0.8474576
NODE_173136_length_297_cov_1.277778	39	115	0	76	76	1.0000000
NODE_173176_length_297_cov_1.196970	7	87	0	80	80	1.0000000
NODE_173176_length_297_cov_1.196970	60	116	0	56	56	1.0000000
NODE_173345_length_297_cov_1.030303	0	33	0	33	33	1.0000000
NODE_173467_length_297_cov_0.888889	109	172	0	63	63	1.0000000
NODE_173520_length_297_cov_0.782828	24	104	0	80	80	1.0000000
NODE_173708_length_296_cov_41.390863	189	260	20	15	71	0.2112676
NODE_173708_length_296_cov_41.390863	189	260	24	22	71	0.3098592
NODE_173708_length_296_cov_41.390863	189	260	26	11	71	0.1549296
NODE_173708_length_296_cov_41.390863	189	260	28	23	71	0.3239437
NODE_173709_length_296_cov_34.776650	214	294	0	80	80	1.0000000
NODE_173758_length_296_cov_4.243655	14	54	0	40	40	1.0000000
NODE_173773_length_296_cov_3.954315	120	200	0	80	80	1.0000000
NODE_173787_length_296_cov_3.736041	6	46	0	27	40	0.6750000
NODE_173787_length_296_cov_3.736041	6	46	1	13	40	0.3250000
NODE_173797_length_296_cov_3.619289	193	251	9	3	58	0.0517241
NODE_173797_length_296_cov_3.619289	193	251	12	55	58	0.9482759
NODE_173797_length_296_cov_3.619289	246	296	0	1	50	0.0200000
NODE_173797_length_296_cov_3.619289	246	296	2	6	50	0.1200000
NODE_173797_length_296_cov_3.619289	246	296	3	11	50	0.2200000
NODE_173797_length_296_cov_3.619289	246	296	9	30	50	0.6000000
NODE_173797_length_296_cov_3.619289	246	296	12	2	50	0.0400000
NODE_173859_length_296_cov_3.015228	177	257	9	18	80	0.2250000
NODE_173859_length_296_cov_3.015228	177	257	10	62	80	0.7750000
NODE_173992_length_296_cov_2.309645	5	77	4	1	72	0.0138889
NODE_173992_length_296_cov_2.309645	5	77	5	2	72	0.0277778
NODE_173992_length_296_cov_2.309645	5	77	6	6	72	0.0833333
NODE_173992_length_296_cov_2.309645	5	77	10	1	72	0.0138889
NODE_173992_length_296_cov_2.309645	5	77	12	9	72	0.1250000
NODE_173992_length_296_cov_2.309645	5	77	13	1	72	0.0138889
NODE_173992_length_296_cov_2.309645	5	77	15	1	72	0.0138889
NODE_173992_length_296_cov_2.309645	5	77	16	1	72	0.0138889
NODE_173992_length_296_cov_2.309645	5	77	17	2	72	0.0277778
NODE_173992_length_296_cov_2.309645	5	77	19	1	72	0.0138889
NODE_173992_length_296_cov_2.309645	5	77	20	47	72	0.6527778
NODE_173992_length_296_cov_2.309645	50	130	18	40	80	0.5000000
NODE_173992_length_296_cov_2.309645	50	130	20	40	80	0.5000000
NODE_174040_length_296_cov_2.081218	90	139	0	37	49	0.7551020
NODE_174040_length_296_cov_2.081218	90	139	2	12	49	0.2448980
NODE_174167_length_296_cov_1.807107	199	246	0	47	47	1.0000000
NODE_174167_length_296_cov_1.807107	219	296	0	77	77	1.0000000
NODE_174213_length_296_cov_1.670051	28	103	8	11	75	0.1466667
NODE_174213_length_296_cov_1.670051	28	103	10	64	75	0.8533334
NODE_174274_length_296_cov_1.553299	102	179	0	77	77	1.0000000
NODE_174274_length_296_cov_1.553299	160	179	0	19	19	1.0000000
NODE_174438_length_296_cov_1.319797	82	162	0	80	80	1.0000000
NODE_174438_length_296_cov_1.319797	135	205	0	70	70	1.0000000
NODE_174545_length_296_cov_1.258883	222	280	0	58	58	1.0000000
NODE_174554_length_296_cov_1.238579	90	147	0	19	57	0.3333333
NODE_174554_length_296_cov_1.238579	90	147	2	38	57	0.6666667
NODE_174614_length_296_cov_1.116751	130	169	0	39	39	1.0000000
NODE_175210_length_295_cov_4.290816	2	70	0	68	68	1.0000000
NODE_175210_length_295_cov_4.290816	55	123	0	68	68	1.0000000
NODE_175220_length_295_cov_4.040816	119	165	2	46	46	1.0000000
NODE_175258_length_295_cov_3.576531	130	198	0	68	68	1.0000000
NODE_175324_length_295_cov_2.918367	0	77	3	8	77	0.1038961
NODE_175324_length_295_cov_2.918367	0	77	6	69	77	0.8961039
NODE_175416_length_295_cov_2.454082	216	277	0	61	61	1.0000000
NODE_175475_length_295_cov_2.224490	11	91	2	5	80	0.0625000
NODE_175475_length_295_cov_2.224490	11	91	4	10	80	0.1250000
NODE_175475_length_295_cov_2.224490	11	91	6	2	80	0.0250000
NODE_175475_length_295_cov_2.224490	11	91	10	63	80	0.7875000
NODE_175483_length_295_cov_2.183673	93	151	1	1	58	0.0172414
NODE_175483_length_295_cov_2.183673	93	151	7	1	58	0.0172414
NODE_175483_length_295_cov_2.183673	93	151	9	3	58	0.0517241
NODE_175483_length_295_cov_2.183673	93	151	10	3	58	0.0517241
NODE_175483_length_295_cov_2.183673	93	151	11	1	58	0.0172414
NODE_175483_length_295_cov_2.183673	93	151	14	1	58	0.0172414
NODE_175483_length_295_cov_2.183673	93	151	17	1	58	0.0172414
NODE_175483_length_295_cov_2.183673	93	151	18	1	58	0.0172414
NODE_175483_length_295_cov_2.183673	93	151	20	1	58	0.0172414
NODE_175483_length_295_cov_2.183673	93	151	22	1	58	0.0172414
NODE_175483_length_295_cov_2.183673	93	151	28	1	58	0.0172414
NODE_175483_length_295_cov_2.183673	93	151	30	2	58	0.0344828
NODE_175483_length_295_cov_2.183673	93	151	31	1	58	0.0172414
NODE_175483_length_295_cov_2.183673	93	151	32	1	58	0.0172414
NODE_175483_length_295_cov_2.183673	93	151	40	1	58	0.0172414
NODE_175483_length_295_cov_2.183673	93	151	51	1	58	0.0172414
NODE_175483_length_295_cov_2.183673	93	151	59	1	58	0.0172414
NODE_175483_length_295_cov_2.183673	93	151	61	1	58	0.0172414
NODE_175483_length_295_cov_2.183673	93	151	65	1	58	0.0172414
NODE_175483_length_295_cov_2.183673	93	151	67	1	58	0.0172414
NODE_175483_length_295_cov_2.183673	93	151	70	1	58	0.0172414
NODE_175483_length_295_cov_2.183673	93	151	74	1	58	0.0172414
NODE_175483_length_295_cov_2.183673	93	151	75	1	58	0.0172414
NODE_175483_length_295_cov_2.183673	93	151	77	2	58	0.0344828
NODE_175483_length_295_cov_2.183673	93	151	82	6	58	0.1034483
NODE_175483_length_295_cov_2.183673	93	151	83	3	58	0.0517241
NODE_175483_length_295_cov_2.183673	93	151	85	2	58	0.0344828
NODE_175483_length_295_cov_2.183673	93	151	87	3	58	0.0517241
NODE_175483_length_295_cov_2.183673	93	151	88	1	58	0.0172414
NODE_175483_length_295_cov_2.183673	93	151	91	1	58	0.0172414
NODE_175483_length_295_cov_2.183673	93	151	92	1	58	0.0172414
NODE_175483_length_295_cov_2.183673	93	151	94	1	58	0.0172414
NODE_175483_length_295_cov_2.183673	93	151	95	2	58	0.0344828
NODE_175483_length_295_cov_2.183673	93	151	96	2	58	0.0344828
NODE_175483_length_295_cov_2.183673	93	151	99	6	58	0.1034483
NODE_175483_length_295_cov_2.183673	124	204	82	5	80	0.0625000
NODE_175483_length_295_cov_2.183673	124	204	83	3	80	0.0375000
NODE_175483_length_295_cov_2.183673	124	204	85	2	80	0.0250000
NODE_175483_length_295_cov_2.183673	124	204	87	3	80	0.0375000
NODE_175483_length_295_cov_2.183673	124	204	88	1	80	0.0125000
NODE_175483_length_295_cov_2.183673	124	204	91	1	80	0.0125000
NODE_175483_length_295_cov_2.183673	124	204	92	1	80	0.0125000
NODE_175483_length_295_cov_2.183673	124	204	94	1	80	0.0125000
NODE_175483_length_295_cov_2.183673	124	204	95	27	80	0.3375000
NODE_175483_length_295_cov_2.183673	124	204	96	2	80	0.0250000
NODE_175483_length_295_cov_2.183673	124	204	97	1	80	0.0125000
NODE_175483_length_295_cov_2.183673	124	204	99	33	80	0.4125000
NODE_175597_length_295_cov_1.867347	191	239	6	28	48	0.5833333
NODE_175597_length_295_cov_1.867347	191	239	10	20	48	0.4166667
NODE_175598_length_295_cov_1.862245	225	285	0	8	60	0.1333333
NODE_175598_length_295_cov_1.862245	225	285	2	19	60	0.3166667
NODE_175598_length_295_cov_1.862245	225	285	4	33	60	0.5500000
NODE_175721_length_295_cov_1.596939	173	254	4	18	81	0.2222222
NODE_175721_length_295_cov_1.596939	173	254	6	21	81	0.2592593
NODE_175721_length_295_cov_1.596939	173	254	7	5	81	0.0617284
NODE_175721_length_295_cov_1.596939	173	254	8	37	81	0.4567901
NODE_175804_length_295_cov_1.520408	217	282	0	56	65	0.8615385
NODE_175804_length_295_cov_1.520408	217	282	2	9	65	0.1384615
NODE_175930_length_295_cov_1.301020	99	121	0	22	22	1.0000000
NODE_176250_length_295_cov_0.938776	200	247	2	8	47	0.1702128
NODE_176250_length_295_cov_0.938776	200	247	4	15	47	0.3191489
NODE_176250_length_295_cov_0.938776	200	247	6	24	47	0.5106383
NODE_176367_length_295_cov_0.780612	24	44	0	20	20	1.0000000
NODE_176436_length_295_cov_0.724490	6	87	0	78	81	0.9629630
NODE_176436_length_295_cov_0.724490	6	87	4	3	81	0.0370370
NODE_176436_length_295_cov_0.724490	83	163	0	1	80	0.0125000
NODE_176436_length_295_cov_0.724490	83	163	4	79	80	0.9875000
NODE_176436_length_295_cov_0.724490	136	216	4	80	80	1.0000000
NODE_176547_length_294_cov_83.882051	143	173	200	1	30	0.0333333
NODE_176547_length_294_cov_83.882051	143	173	201	2	30	0.0666667
NODE_176547_length_294_cov_83.882051	143	173	204	1	30	0.0333333
NODE_176547_length_294_cov_83.882051	143	173	206	2	30	0.0666667
NODE_176547_length_294_cov_83.882051	143	173	209	1	30	0.0333333
NODE_176547_length_294_cov_83.882051	143	173	211	1	30	0.0333333
NODE_176547_length_294_cov_83.882051	143	173	212	1	30	0.0333333
NODE_176547_length_294_cov_83.882051	143	173	216	1	30	0.0333333
NODE_176547_length_294_cov_83.882051	143	173	221	1	30	0.0333333
NODE_176547_length_294_cov_83.882051	143	173	223	1	30	0.0333333
NODE_176547_length_294_cov_83.882051	143	173	226	1	30	0.0333333
NODE_176547_length_294_cov_83.882051	143	173	227	1	30	0.0333333
NODE_176547_length_294_cov_83.882051	143	173	230	2	30	0.0666667
NODE_176547_length_294_cov_83.882051	143	173	240	2	30	0.0666667
NODE_176547_length_294_cov_83.882051	143	173	242	1	30	0.0333333
NODE_176547_length_294_cov_83.882051	143	173	248	2	30	0.0666667
NODE_176547_length_294_cov_83.882051	143	173	254	2	30	0.0666667
NODE_176547_length_294_cov_83.882051	143	173	256	1	30	0.0333333
NODE_176547_length_294_cov_83.882051	143	173	266	3	30	0.1000000
NODE_176547_length_294_cov_83.882051	143	173	277	1	30	0.0333333
NODE_176547_length_294_cov_83.882051	143	173	281	1	30	0.0333333
NODE_176547_length_294_cov_83.882051	143	173	289	1	30	0.0333333
NODE_176547_length_294_cov_83.882051	209	239	54	2	30	0.0666667
NODE_176547_length_294_cov_83.882051	209	239	55	11	30	0.3666667
NODE_176547_length_294_cov_83.882051	209	239	70	1	30	0.0333333
NODE_176547_length_294_cov_83.882051	209	239	72	5	30	0.1666667
NODE_176547_length_294_cov_83.882051	209	239	73	1	30	0.0333333
NODE_176547_length_294_cov_83.882051	209	239	79	3	30	0.1000000
NODE_176547_length_294_cov_83.882051	209	239	81	3	30	0.1000000
NODE_176547_length_294_cov_83.882051	209	239	83	1	30	0.0333333
NODE_176547_length_294_cov_83.882051	209	239	88	3	30	0.1000000
NODE_176549_length_294_cov_50.589744	187	258	27	1	71	0.0140845
NODE_176549_length_294_cov_50.589744	187	258	32	2	71	0.0281690
NODE_176549_length_294_cov_50.589744	187	258	41	2	71	0.0281690
NODE_176549_length_294_cov_50.589744	187	258	43	6	71	0.0845070
NODE_176549_length_294_cov_50.589744	187	258	44	3	71	0.0422535
NODE_176549_length_294_cov_50.589744	187	258	48	1	71	0.0140845
NODE_176549_length_294_cov_50.589744	187	258	53	1	71	0.0140845
NODE_176549_length_294_cov_50.589744	187	258	54	2	71	0.0281690
NODE_176549_length_294_cov_50.589744	187	258	56	1	71	0.0140845
NODE_176549_length_294_cov_50.589744	187	258	58	2	71	0.0281690
NODE_176549_length_294_cov_50.589744	187	258	60	1	71	0.0140845
NODE_176549_length_294_cov_50.589744	187	258	61	1	71	0.0140845
NODE_176549_length_294_cov_50.589744	187	258	63	3	71	0.0422535
NODE_176549_length_294_cov_50.589744	187	258	69	1	71	0.0140845
NODE_176549_length_294_cov_50.589744	187	258	72	4	71	0.0563380
NODE_176549_length_294_cov_50.589744	187	258	74	2	71	0.0281690
NODE_176549_length_294_cov_50.589744	187	258	75	1	71	0.0140845
NODE_176549_length_294_cov_50.589744	187	258	77	1	71	0.0140845
NODE_176549_length_294_cov_50.589744	187	258	79	2	71	0.0281690
NODE_176549_length_294_cov_50.589744	187	258	81	1	71	0.0140845
NODE_176549_length_294_cov_50.589744	187	258	83	1	71	0.0140845
NODE_176549_length_294_cov_50.589744	187	258	84	1	71	0.0140845
NODE_176549_length_294_cov_50.589744	187	258	90	1	71	0.0140845
NODE_176549_length_294_cov_50.589744	187	258	92	1	71	0.0140845
NODE_176549_length_294_cov_50.589744	187	258	94	1	71	0.0140845
NODE_176549_length_294_cov_50.589744	187	258	96	3	71	0.0422535
NODE_176549_length_294_cov_50.589744	187	258	98	17	71	0.2394366
NODE_176549_length_294_cov_50.589744	187	258	99	2	71	0.0281690
NODE_176549_length_294_cov_50.589744	187	258	100	5	71	0.0704225
NODE_176549_length_294_cov_50.589744	187	258	101	1	71	0.0140845
NODE_176561_length_294_cov_6.676923	61	138	0	51	77	0.6623377
NODE_176561_length_294_cov_6.676923	61	138	2	26	77	0.3376623
NODE_176596_length_294_cov_4.538462	127	214	2	9	87	0.1034483
NODE_176596_length_294_cov_4.538462	127	214	4	78	87	0.8965517
NODE_176598_length_294_cov_4.512821	218	248	0	30	30	1.0000000
NODE_176600_length_294_cov_4.497436	159	200	0	41	41	1.0000000
NODE_176697_length_294_cov_2.953846	114	194	16	80	80	1.0000000
NODE_176727_length_294_cov_2.764103	103	183	0	16	80	0.2000000
NODE_176727_length_294_cov_2.764103	103	183	1	64	80	0.8000000
NODE_176727_length_294_cov_2.764103	156	236	1	29	80	0.3625000
NODE_176727_length_294_cov_2.764103	156	236	3	51	80	0.6375000
NODE_176728_length_294_cov_2.764103	224	282	0	17	58	0.2931035
NODE_176728_length_294_cov_2.764103	224	282	2	41	58	0.7068965
NODE_176728_length_294_cov_2.764103	225	277	0	12	52	0.2307692
NODE_176728_length_294_cov_2.764103	225	277	2	40	52	0.7692308
NODE_176735_length_294_cov_2.697436	204	261	0	57	57	1.0000000
NODE_176735_length_294_cov_2.697436	234	294	0	60	60	1.0000000
NODE_176779_length_294_cov_2.517949	23	85	6	62	62	1.0000000
NODE_176816_length_294_cov_2.353846	129	167	5	26	38	0.6842105
NODE_176816_length_294_cov_2.353846	129	167	6	12	38	0.3157895
NODE_176833_length_294_cov_2.338462	133	213	0	3	80	0.0375000
NODE_176833_length_294_cov_2.338462	133	213	4	68	80	0.8500000
NODE_176833_length_294_cov_2.338462	133	213	6	9	80	0.1125000
NODE_176943_length_294_cov_2.046154	219	269	0	50	50	1.0000000
NODE_176957_length_294_cov_2.010256	191	235	0	44	44	1.0000000
NODE_176999_length_294_cov_1.902564	52	83	2	30	31	0.9677419
NODE_176999_length_294_cov_1.902564	52	83	4	1	31	0.0322581
NODE_177102_length_294_cov_1.692308	46	112	0	66	66	1.0000000
NODE_177187_length_294_cov_1.569231	49	95	0	46	46	1.0000000
NODE_177252_length_294_cov_1.482051	28	108	0	80	80	1.0000000
NODE_177252_length_294_cov_1.482051	201	281	0	80	80	1.0000000
NODE_177252_length_294_cov_1.482051	201	281	0	80	80	1.0000000
NODE_177298_length_294_cov_1.420513	216	262	4	3	46	0.0652174
NODE_177298_length_294_cov_1.420513	216	262	6	1	46	0.0217391
NODE_177298_length_294_cov_1.420513	216	262	8	42	46	0.9130435
NODE_177298_length_294_cov_1.420513	235	294	0	3	59	0.0508475
NODE_177298_length_294_cov_1.420513	235	294	2	3	59	0.0508475
NODE_177298_length_294_cov_1.420513	235	294	4	29	59	0.4915254
NODE_177298_length_294_cov_1.420513	235	294	6	1	59	0.0169492
NODE_177298_length_294_cov_1.420513	235	294	8	23	59	0.3898305
NODE_177972_length_294_cov_0.666667	245	293	0	48	48	1.0000000
NODE_178066_length_293_cov_6.257732	167	247	0	80	80	1.0000000
NODE_178161_length_293_cov_3.567010	50	130	2	80	80	1.0000000
NODE_178226_length_293_cov_2.907216	218	281	4	63	63	1.0000000
NODE_178246_length_293_cov_2.768041	95	175	0	80	80	1.0000000
NODE_178246_length_293_cov_2.768041	148	228	0	80	80	1.0000000
NODE_178268_length_293_cov_2.628866	207	266	2	7	59	0.1186441
NODE_178268_length_293_cov_2.628866	207	266	3	1	59	0.0169492
NODE_178268_length_293_cov_2.628866	207	266	5	51	59	0.8644068
NODE_178277_length_293_cov_2.623711	182	223	8	13	41	0.3170732
NODE_178277_length_293_cov_2.623711	182	223	10	28	41	0.6829268
NODE_178299_length_293_cov_2.561856	139	192	0	53	53	1.0000000
NODE_178299_length_293_cov_2.561856	177	223	0	46	46	1.0000000
NODE_178317_length_293_cov_2.448454	98	158	2	52	60	0.8666667
NODE_178317_length_293_cov_2.448454	98	158	4	8	60	0.1333333
NODE_178351_length_293_cov_2.335052	62	91	0	29	29	1.0000000
NODE_178357_length_293_cov_2.314433	35	89	0	54	54	1.0000000
NODE_178523_length_293_cov_1.840206	27	107	4	80	80	1.0000000
NODE_178523_length_293_cov_1.840206	80	160	0	14	80	0.1750000
NODE_178523_length_293_cov_1.840206	80	160	2	6	80	0.0750000
NODE_178523_length_293_cov_1.840206	80	160	3	1	80	0.0125000
NODE_178523_length_293_cov_1.840206	80	160	4	59	80	0.7375000
NODE_178560_length_293_cov_1.804124	144	173	4	14	29	0.4827586
NODE_178560_length_293_cov_1.804124	144	173	7	15	29	0.5172414
NODE_178570_length_293_cov_1.778351	224	258	0	34	34	1.0000000
NODE_178646_length_293_cov_1.577320	158	177	0	19	19	1.0000000
NODE_178692_length_293_cov_1.577320	161	225	0	64	64	1.0000000
NODE_178693_length_293_cov_1.577320	15	55	0	40	40	1.0000000
NODE_178788_length_293_cov_1.402062	3	72	0	42	69	0.6086956
NODE_178788_length_293_cov_1.402062	3	72	2	27	69	0.3913043
NODE_178822_length_293_cov_1.319588	202	268	0	66	66	1.0000000
NODE_178927_length_293_cov_1.226804	84	141	0	57	57	1.0000000
NODE_179542_length_292_cov_4.523316	240	290	0	50	50	1.0000000
NODE_179552_length_292_cov_4.145078	106	186	0	13	80	0.1625000
NODE_179552_length_292_cov_4.145078	106	186	2	67	80	0.8375000
NODE_179604_length_292_cov_3.502591	129	205	0	1	76	0.0131579
NODE_179604_length_292_cov_3.502591	129	205	2	75	76	0.9868421
NODE_179613_length_292_cov_3.435233	176	200	0	24	24	1.0000000
NODE_179621_length_292_cov_3.341969	70	150	0	80	80	1.0000000
NODE_179621_length_292_cov_3.341969	118	175	0	57	57	1.0000000
NODE_179627_length_292_cov_3.222798	47	127	0	80	80	1.0000000
NODE_179627_length_292_cov_3.222798	100	129	0	29	29	1.0000000
NODE_179819_length_292_cov_2.238342	211	290	0	2	79	0.0253165
NODE_179819_length_292_cov_2.238342	211	290	2	4	79	0.0506329
NODE_179819_length_292_cov_2.238342	211	290	4	73	79	0.9240506
NODE_179943_length_292_cov_1.865285	34	114	42	2	80	0.0250000
NODE_179943_length_292_cov_1.865285	34	114	46	2	80	0.0250000
NODE_179943_length_292_cov_1.865285	34	114	47	3	80	0.0375000
NODE_179943_length_292_cov_1.865285	34	114	49	4	80	0.0500000
NODE_179943_length_292_cov_1.865285	34	114	50	10	80	0.1250000
NODE_179943_length_292_cov_1.865285	34	114	52	7	80	0.0875000
NODE_179943_length_292_cov_1.865285	34	114	54	7	80	0.0875000
NODE_179943_length_292_cov_1.865285	34	114	55	10	80	0.1250000
NODE_179943_length_292_cov_1.865285	34	114	56	5	80	0.0625000
NODE_179943_length_292_cov_1.865285	34	114	59	30	80	0.3750000
NODE_179943_length_292_cov_1.865285	87	167	19	1	80	0.0125000
NODE_179943_length_292_cov_1.865285	87	167	20	11	80	0.1375000
NODE_179943_length_292_cov_1.865285	87	167	22	2	80	0.0250000
NODE_179943_length_292_cov_1.865285	87	167	24	2	80	0.0250000
NODE_179943_length_292_cov_1.865285	87	167	25	4	80	0.0500000
NODE_179943_length_292_cov_1.865285	87	167	32	15	80	0.1875000
NODE_179943_length_292_cov_1.865285	87	167	38	1	80	0.0125000
NODE_179943_length_292_cov_1.865285	87	167	45	1	80	0.0125000
NODE_179943_length_292_cov_1.865285	87	167	46	9	80	0.1125000
NODE_179943_length_292_cov_1.865285	87	167	48	5	80	0.0625000
NODE_179943_length_292_cov_1.865285	87	167	52	9	80	0.1125000
NODE_179943_length_292_cov_1.865285	87	167	54	1	80	0.0125000
NODE_179943_length_292_cov_1.865285	87	167	56	5	80	0.0625000
NODE_179943_length_292_cov_1.865285	87	167	59	14	80	0.1750000
NODE_180013_length_292_cov_1.761658	174	254	0	80	80	1.0000000
NODE_180029_length_292_cov_1.699482	0	80	0	80	80	1.0000000
NODE_180068_length_292_cov_1.611399	89	157	0	68	68	1.0000000
NODE_180210_length_292_cov_1.455959	72	115	0	43	43	1.0000000
NODE_180210_length_292_cov_1.455959	203	265	6	62	62	1.0000000
NODE_180302_length_292_cov_1.321244	102	182	14	1	80	0.0125000
NODE_180302_length_292_cov_1.321244	102	182	15	21	80	0.2625000
NODE_180302_length_292_cov_1.321244	102	182	16	27	80	0.3375000
NODE_180302_length_292_cov_1.321244	102	182	17	5	80	0.0625000
NODE_180302_length_292_cov_1.321244	102	182	19	26	80	0.3250000
NODE_180302_length_292_cov_1.321244	155	217	9	1	62	0.0161290
NODE_180302_length_292_cov_1.321244	155	217	10	3	62	0.0483871
NODE_180302_length_292_cov_1.321244	155	217	15	9	62	0.1451613
NODE_180302_length_292_cov_1.321244	155	217	16	49	62	0.7903226
NODE_180968_length_291_cov_45.031250	71	145	57	1	74	0.0135135
NODE_180968_length_291_cov_45.031250	71	145	58	3	74	0.0405405
NODE_180968_length_291_cov_45.031250	71	145	59	4	74	0.0540541
NODE_180968_length_291_cov_45.031250	71	145	60	3	74	0.0405405
NODE_180968_length_291_cov_45.031250	71	145	61	1	74	0.0135135
NODE_180968_length_291_cov_45.031250	71	145	62	20	74	0.2702703
NODE_180968_length_291_cov_45.031250	71	145	63	1	74	0.0135135
NODE_180968_length_291_cov_45.031250	71	145	64	28	74	0.3783784
NODE_180968_length_291_cov_45.031250	71	145	65	7	74	0.0945946
NODE_180968_length_291_cov_45.031250	71	145	66	3	74	0.0405405
NODE_180968_length_291_cov_45.031250	71	145	67	2	74	0.0270270
NODE_180968_length_291_cov_45.031250	71	145	70	1	74	0.0135135
NODE_180968_length_291_cov_45.031250	71	145	57	1	74	0.0135135
NODE_180968_length_291_cov_45.031250	71	145	58	3	74	0.0405405
NODE_180968_length_291_cov_45.031250	71	145	59	4	74	0.0540541
NODE_180968_length_291_cov_45.031250	71	145	60	3	74	0.0405405
NODE_180968_length_291_cov_45.031250	71	145	61	1	74	0.0135135
NODE_180968_length_291_cov_45.031250	71	145	62	20	74	0.2702703
NODE_180968_length_291_cov_45.031250	71	145	63	1	74	0.0135135
NODE_180968_length_291_cov_45.031250	71	145	64	28	74	0.3783784
NODE_180968_length_291_cov_45.031250	71	145	65	7	74	0.0945946
NODE_180968_length_291_cov_45.031250	71	145	66	3	74	0.0405405
NODE_180968_length_291_cov_45.031250	71	145	67	2	74	0.0270270
NODE_180968_length_291_cov_45.031250	71	145	70	1	74	0.0135135
NODE_180968_length_291_cov_45.031250	118	184	51	1	66	0.0151515
NODE_180968_length_291_cov_45.031250	118	184	52	7	66	0.1060606
NODE_180968_length_291_cov_45.031250	118	184	53	1	66	0.0151515
NODE_180968_length_291_cov_45.031250	118	184	54	9	66	0.1363636
NODE_180968_length_291_cov_45.031250	118	184	55	4	66	0.0606061
NODE_180968_length_291_cov_45.031250	118	184	56	1	66	0.0151515
NODE_180968_length_291_cov_45.031250	118	184	57	11	66	0.1666667
NODE_180968_length_291_cov_45.031250	118	184	58	5	66	0.0757576
NODE_180968_length_291_cov_45.031250	118	184	59	1	66	0.0151515
NODE_180968_length_291_cov_45.031250	118	184	60	6	66	0.0909091
NODE_180968_length_291_cov_45.031250	118	184	61	2	66	0.0303030
NODE_180968_length_291_cov_45.031250	118	184	62	1	66	0.0151515
NODE_180968_length_291_cov_45.031250	118	184	64	8	66	0.1212121
NODE_180968_length_291_cov_45.031250	118	184	65	3	66	0.0454545
NODE_180968_length_291_cov_45.031250	118	184	66	3	66	0.0454545
NODE_180968_length_291_cov_45.031250	118	184	67	2	66	0.0303030
NODE_180968_length_291_cov_45.031250	118	184	70	1	66	0.0151515
NODE_180969_length_291_cov_14.791667	125	205	0	80	80	1.0000000
NODE_180969_length_291_cov_14.791667	178	258	0	80	80	1.0000000
NODE_180983_length_291_cov_5.536458	97	169	0	72	72	1.0000000
NODE_180986_length_291_cov_5.401042	77	130	0	53	53	1.0000000
NODE_180998_length_291_cov_4.859375	185	257	4	1	72	0.0138889
NODE_180998_length_291_cov_4.859375	185	257	6	71	72	0.9861111
NODE_181043_length_291_cov_3.723958	196	276	1	5	80	0.0625000
NODE_181043_length_291_cov_3.723958	196	276	2	53	80	0.6625000
NODE_181043_length_291_cov_3.723958	196	276	3	22	80	0.2750000
NODE_181057_length_291_cov_3.531250	129	152	0	9	23	0.3913043
NODE_181057_length_291_cov_3.531250	129	152	2	14	23	0.6086956
NODE_181191_length_291_cov_2.390625	18	80	0	62	62	1.0000000
NODE_181272_length_291_cov_2.125000	70	117	0	47	47	1.0000000
NODE_181391_length_291_cov_1.859375	197	228	0	31	31	1.0000000
NODE_181497_length_291_cov_1.593750	144	175	0	31	31	1.0000000
NODE_181530_length_291_cov_1.593750	206	281	0	75	75	1.0000000
NODE_181599_length_291_cov_1.552083	189	269	6	3	80	0.0375000
NODE_181599_length_291_cov_1.552083	189	269	10	5	80	0.0625000
NODE_181599_length_291_cov_1.552083	189	269	12	1	80	0.0125000
NODE_181599_length_291_cov_1.552083	189	269	14	54	80	0.6750000
NODE_181599_length_291_cov_1.552083	189	269	16	17	80	0.2125000
NODE_181615_length_291_cov_1.520833	180	258	0	78	78	1.0000000
NODE_181623_length_291_cov_1.510417	245	291	0	46	46	1.0000000
NODE_181696_length_291_cov_1.385417	80	120	0	40	40	1.0000000
NODE_181791_length_291_cov_1.322917	70	96	0	26	26	1.0000000
NODE_181799_length_291_cov_1.307292	108	188	1	3	80	0.0375000
NODE_181799_length_291_cov_1.307292	108	188	2	44	80	0.5500000
NODE_181799_length_291_cov_1.307292	108	188	4	10	80	0.1250000
NODE_181799_length_291_cov_1.307292	108	188	8	23	80	0.2875000
NODE_181907_length_291_cov_1.114583	79	174	32	1	95	0.0105263
NODE_181907_length_291_cov_1.114583	79	174	34	1	95	0.0105263
NODE_181907_length_291_cov_1.114583	79	174	39	4	95	0.0421053
NODE_181907_length_291_cov_1.114583	79	174	40	1	95	0.0105263
NODE_181907_length_291_cov_1.114583	79	174	41	15	95	0.1578947
NODE_181907_length_291_cov_1.114583	79	174	43	12	95	0.1263158
NODE_181907_length_291_cov_1.114583	79	174	44	3	95	0.0315789
NODE_181907_length_291_cov_1.114583	79	174	45	6	95	0.0631579
NODE_181907_length_291_cov_1.114583	79	174	46	1	95	0.0105263
NODE_181907_length_291_cov_1.114583	79	174	47	8	95	0.0842105
NODE_181907_length_291_cov_1.114583	79	174	49	5	95	0.0526316
NODE_181907_length_291_cov_1.114583	79	174	51	38	95	0.4000000
NODE_181930_length_291_cov_1.078125	4	85	1	10	81	0.1234568
NODE_181930_length_291_cov_1.078125	4	85	2	4	81	0.0493827
NODE_181930_length_291_cov_1.078125	4	85	4	17	81	0.2098765
NODE_181930_length_291_cov_1.078125	4	85	6	47	81	0.5802469
NODE_181930_length_291_cov_1.078125	4	85	10	3	81	0.0370370
NODE_182112_length_291_cov_1.031250	5	50	0	45	45	1.0000000
NODE_182205_length_291_cov_0.890625	0	55	0	55	55	1.0000000
NODE_182252_length_291_cov_0.802083	80	160	0	80	80	1.0000000
NODE_182491_length_290_cov_96.963351	44	124	0	80	80	1.0000000
NODE_182491_length_290_cov_96.963351	97	177	0	80	80	1.0000000
NODE_182512_length_290_cov_5.968586	89	150	2	2	61	0.0327869
NODE_182512_length_290_cov_5.968586	89	150	3	2	61	0.0327869
NODE_182512_length_290_cov_5.968586	89	150	5	3	61	0.0491803
NODE_182512_length_290_cov_5.968586	89	150	9	1	61	0.0163934
NODE_182512_length_290_cov_5.968586	89	150	11	1	61	0.0163934
NODE_182512_length_290_cov_5.968586	89	150	12	1	61	0.0163934
NODE_182512_length_290_cov_5.968586	89	150	16	1	61	0.0163934
NODE_182512_length_290_cov_5.968586	89	150	17	3	61	0.0491803
NODE_182512_length_290_cov_5.968586	89	150	18	12	61	0.1967213
NODE_182512_length_290_cov_5.968586	89	150	19	4	61	0.0655738
NODE_182512_length_290_cov_5.968586	89	150	21	6	61	0.0983607
NODE_182512_length_290_cov_5.968586	89	150	22	1	61	0.0163934
NODE_182512_length_290_cov_5.968586	89	150	23	1	61	0.0163934
NODE_182512_length_290_cov_5.968586	89	150	25	1	61	0.0163934
NODE_182512_length_290_cov_5.968586	89	150	27	4	61	0.0655738
NODE_182512_length_290_cov_5.968586	89	150	28	2	61	0.0327869
NODE_182512_length_290_cov_5.968586	89	150	29	4	61	0.0655738
NODE_182512_length_290_cov_5.968586	89	150	30	3	61	0.0491803
NODE_182512_length_290_cov_5.968586	89	150	32	3	61	0.0491803
NODE_182512_length_290_cov_5.968586	89	150	33	1	61	0.0163934
NODE_182512_length_290_cov_5.968586	89	150	34	5	61	0.0819672
NODE_182512_length_290_cov_5.968586	142	203	30	1	61	0.0163934
NODE_182512_length_290_cov_5.968586	142	203	32	16	61	0.2622951
NODE_182512_length_290_cov_5.968586	142	203	33	1	61	0.0163934
NODE_182512_length_290_cov_5.968586	142	203	34	43	61	0.7049180
NODE_182535_length_290_cov_4.968586	32	52	0	20	20	1.0000000
NODE_182535_length_290_cov_4.968586	73	93	0	20	20	1.0000000
NODE_182547_length_290_cov_4.670157	63	139	4	3	76	0.0394737
NODE_182547_length_290_cov_4.670157	63	139	6	73	76	0.9605263
NODE_182550_length_290_cov_4.575916	110	153	0	43	43	1.0000000
NODE_182589_length_290_cov_3.816754	113	186	0	73	73	1.0000000
NODE_182607_length_290_cov_3.612565	114	181	2	67	67	1.0000000
NODE_182622_length_290_cov_3.445026	91	150	0	59	59	1.0000000
NODE_182772_length_290_cov_2.596859	189	218	0	6	29	0.2068966
NODE_182772_length_290_cov_2.596859	189	218	1	4	29	0.1379310
NODE_182772_length_290_cov_2.596859	189	218	2	19	29	0.6551724
NODE_182844_length_290_cov_2.319372	45	74	0	29	29	1.0000000
NODE_182973_length_290_cov_2.041885	59	139	0	19	80	0.2375000
NODE_182973_length_290_cov_2.041885	59	139	2	61	80	0.7625000
NODE_182995_length_290_cov_1.979058	229	271	4	42	42	1.0000000
NODE_183288_length_290_cov_1.602094	16	68	0	52	52	1.0000000
NODE_183347_length_290_cov_1.575916	173	250	0	77	77	1.0000000
NODE_183373_length_290_cov_1.544503	151	203	0	7	52	0.1346154
NODE_183373_length_290_cov_1.544503	151	203	2	45	52	0.8653846
NODE_183403_length_290_cov_1.513089	22	107	0	85	85	1.0000000
NODE_183436_length_290_cov_1.460733	11	91	0	80	80	1.0000000
NODE_183546_length_290_cov_1.335079	91	163	4	72	72	1.0000000
NODE_183546_length_290_cov_1.335079	144	216	0	11	72	0.1527778
NODE_183546_length_290_cov_1.335079	144	216	4	61	72	0.8472222
NODE_183642_length_290_cov_1.314136	0	80	0	35	80	0.4375000
NODE_183642_length_290_cov_1.314136	0	80	2	45	80	0.5625000
NODE_183663_length_290_cov_1.287958	17	97	0	31	80	0.3875000
NODE_183663_length_290_cov_1.287958	17	97	4	49	80	0.6125000
NODE_183946_length_290_cov_1.068063	0	60	0	60	60	1.0000000
NODE_183946_length_290_cov_1.068063	33	113	0	80	80	1.0000000
NODE_184119_length_290_cov_1.000000	198	254	42	1	56	0.0178571
NODE_184119_length_290_cov_1.000000	198	254	52	1	56	0.0178571
NODE_184119_length_290_cov_1.000000	198	254	58	1	56	0.0178571
NODE_184119_length_290_cov_1.000000	198	254	60	1	56	0.0178571
NODE_184119_length_290_cov_1.000000	198	254	65	2	56	0.0357143
NODE_184119_length_290_cov_1.000000	198	254	69	9	56	0.1607143
NODE_184119_length_290_cov_1.000000	198	254	71	2	56	0.0357143
NODE_184119_length_290_cov_1.000000	198	254	73	39	56	0.6964286
NODE_184326_length_290_cov_0.832461	154	236	0	82	82	1.0000000
NODE_184585_length_290_cov_0.701571	201	281	0	80	80	1.0000000
NODE_184716_length_289_cov_554.947368	45	125	297	1	80	0.0125000
NODE_184716_length_289_cov_554.947368	45	125	310	1	80	0.0125000
NODE_184716_length_289_cov_554.947368	45	125	315	1	80	0.0125000
NODE_184716_length_289_cov_554.947368	45	125	320	1	80	0.0125000
NODE_184716_length_289_cov_554.947368	45	125	321	1	80	0.0125000
NODE_184716_length_289_cov_554.947368	45	125	324	1	80	0.0125000
NODE_184716_length_289_cov_554.947368	45	125	330	1	80	0.0125000
NODE_184716_length_289_cov_554.947368	45	125	332	1	80	0.0125000
NODE_184716_length_289_cov_554.947368	45	125	334	1	80	0.0125000
NODE_184716_length_289_cov_554.947368	45	125	342	1	80	0.0125000
NODE_184716_length_289_cov_554.947368	45	125	344	1	80	0.0125000
NODE_184716_length_289_cov_554.947368	45	125	350	1	80	0.0125000
NODE_184716_length_289_cov_554.947368	45	125	358	1	80	0.0125000
NODE_184716_length_289_cov_554.947368	45	125	366	1	80	0.0125000
NODE_184716_length_289_cov_554.947368	45	125	368	2	80	0.0250000
NODE_184716_length_289_cov_554.947368	45	125	370	1	80	0.0125000
NODE_184716_length_289_cov_554.947368	45	125	376	1	80	0.0125000
NODE_184716_length_289_cov_554.947368	45	125	383	1	80	0.0125000
NODE_184716_length_289_cov_554.947368	45	125	385	2	80	0.0250000
NODE_184716_length_289_cov_554.947368	45	125	388	1	80	0.0125000
NODE_184716_length_289_cov_554.947368	45	125	390	2	80	0.0250000
NODE_184716_length_289_cov_554.947368	45	125	391	1	80	0.0125000
NODE_184716_length_289_cov_554.947368	45	125	392	5	80	0.0625000
NODE_184716_length_289_cov_554.947368	45	125	394	1	80	0.0125000
NODE_184716_length_289_cov_554.947368	45	125	395	6	80	0.0750000
NODE_184716_length_289_cov_554.947368	45	125	397	5	80	0.0625000
NODE_184716_length_289_cov_554.947368	45	125	399	1	80	0.0125000
NODE_184716_length_289_cov_554.947368	45	125	400	10	80	0.1250000
NODE_184716_length_289_cov_554.947368	45	125	401	1	80	0.0125000
NODE_184716_length_289_cov_554.947368	45	125	403	5	80	0.0625000
NODE_184716_length_289_cov_554.947368	45	125	404	1	80	0.0125000
NODE_184716_length_289_cov_554.947368	45	125	405	14	80	0.1750000
NODE_184716_length_289_cov_554.947368	45	125	406	4	80	0.0500000
NODE_184716_length_289_cov_554.947368	45	125	407	2	80	0.0250000
NODE_184729_length_289_cov_7.436842	181	229	2	48	48	1.0000000
NODE_184745_length_289_cov_5.789474	35	100	0	35	65	0.5384616
NODE_184745_length_289_cov_5.789474	35	100	2	30	65	0.4615385
NODE_184745_length_289_cov_5.789474	85	153	2	18	68	0.2647059
NODE_184745_length_289_cov_5.789474	85	153	4	50	68	0.7352941
NODE_184745_length_289_cov_5.789474	146	181	2	29	35	0.8285714
NODE_184745_length_289_cov_5.789474	146	181	4	6	35	0.1714286
NODE_184781_length_289_cov_4.515789	192	254	0	62	62	1.0000000
NODE_184806_length_289_cov_4.136842	101	148	4	6	47	0.1276596
NODE_184806_length_289_cov_4.136842	101	148	6	41	47	0.8723404
NODE_184892_length_289_cov_2.973684	38	83	6	45	45	1.0000000
NODE_184960_length_289_cov_2.678947	105	168	0	15	63	0.2380952
NODE_184960_length_289_cov_2.678947	105	168	2	48	63	0.7619048
NODE_184960_length_289_cov_2.678947	158	204	2	46	46	1.0000000
NODE_184963_length_289_cov_2.673684	216	263	0	47	47	1.0000000
NODE_185036_length_289_cov_2.378947	233	289	0	56	56	1.0000000
NODE_185152_length_289_cov_2.089474	26	91	0	65	65	1.0000000
NODE_185213_length_289_cov_1.921053	0	54	2	54	54	1.0000000
NODE_185383_length_289_cov_1.642105	58	123	0	65	65	1.0000000
NODE_185570_length_289_cov_1.547368	81	124	0	43	43	1.0000000
NODE_185617_length_289_cov_1.489474	192	274	0	82	82	1.0000000
NODE_185622_length_289_cov_1.484211	50	69	0	19	19	1.0000000
NODE_185708_length_289_cov_1.357895	31	74	0	43	43	1.0000000
NODE_185852_length_289_cov_1.278947	239	270	0	31	31	1.0000000
NODE_185864_length_289_cov_1.252632	23	66	0	43	43	1.0000000
NODE_185926_length_289_cov_1.168421	40	100	2	60	60	1.0000000
NODE_185937_length_289_cov_1.152632	0	50	0	50	50	1.0000000
NODE_185937_length_289_cov_1.152632	41	103	0	62	62	1.0000000
NODE_186095_length_289_cov_1.073684	152	198	0	46	46	1.0000000
NODE_186491_length_289_cov_0.878947	113	193	2	2	80	0.0250000
NODE_186491_length_289_cov_0.878947	113	193	6	58	80	0.7250000
NODE_186491_length_289_cov_0.878947	113	193	10	20	80	0.2500000
NODE_186491_length_289_cov_0.878947	166	246	4	13	80	0.1625000
NODE_186491_length_289_cov_0.878947	166	246	5	1	80	0.0125000
NODE_186491_length_289_cov_0.878947	166	246	6	7	80	0.0875000
NODE_186491_length_289_cov_0.878947	166	246	7	1	80	0.0125000
NODE_186491_length_289_cov_0.878947	166	246	8	24	80	0.3000000
NODE_186491_length_289_cov_0.878947	166	246	10	34	80	0.4250000
NODE_186507_length_289_cov_0.863158	116	211	0	15	95	0.1578947
NODE_186507_length_289_cov_0.863158	116	211	2	4	95	0.0421053
NODE_186507_length_289_cov_0.863158	116	211	4	6	95	0.0631579
NODE_186507_length_289_cov_0.863158	116	211	5	2	95	0.0210526
NODE_186507_length_289_cov_0.863158	116	211	6	29	95	0.3052632
NODE_186507_length_289_cov_0.863158	116	211	8	39	95	0.4105263
NODE_186515_length_289_cov_0.857895	6	75	2	69	69	1.0000000
NODE_186547_length_289_cov_0.831579	230	289	0	25	59	0.4237288
NODE_186547_length_289_cov_0.831579	230	289	2	31	59	0.5254237
NODE_186547_length_289_cov_0.831579	230	289	4	3	59	0.0508475
NODE_186631_length_289_cov_0.805263	98	159	2	9	61	0.1475410
NODE_186631_length_289_cov_0.805263	98	159	3	9	61	0.1475410
NODE_186631_length_289_cov_0.805263	98	159	4	43	61	0.7049180
NODE_186865_length_289_cov_0.568421	141	213	0	72	72	1.0000000
NODE_186934_length_288_cov_11.089947	135	195	4	9	60	0.1500000
NODE_186934_length_288_cov_11.089947	135	195	6	3	60	0.0500000
NODE_186934_length_288_cov_11.089947	135	195	8	48	60	0.8000000
NODE_187025_length_288_cov_3.587302	108	188	10	7	80	0.0875000
NODE_187025_length_288_cov_3.587302	108	188	12	1	80	0.0125000
NODE_187025_length_288_cov_3.587302	108	188	14	72	80	0.9000000
NODE_187049_length_288_cov_3.296296	61	125	0	64	64	1.0000000
NODE_187049_length_288_cov_3.296296	102	178	0	76	76	1.0000000
NODE_187062_length_288_cov_3.206349	149	202	0	53	53	1.0000000
NODE_187170_length_288_cov_2.539683	4	68	2	2	64	0.0312500
NODE_187170_length_288_cov_2.539683	4	68	4	1	64	0.0156250
NODE_187170_length_288_cov_2.539683	4	68	6	1	64	0.0156250
NODE_187170_length_288_cov_2.539683	4	68	12	4	64	0.0625000
NODE_187170_length_288_cov_2.539683	4	68	14	3	64	0.0468750
NODE_187170_length_288_cov_2.539683	4	68	16	17	64	0.2656250
NODE_187170_length_288_cov_2.539683	4	68	20	12	64	0.1875000
NODE_187170_length_288_cov_2.539683	4	68	22	24	64	0.3750000
NODE_187187_length_288_cov_2.465608	137	182	2	45	45	1.0000000
NODE_187191_length_288_cov_2.449735	216	278	4	10	62	0.1612903
NODE_187191_length_288_cov_2.449735	216	278	6	10	62	0.1612903
NODE_187191_length_288_cov_2.449735	216	278	8	42	62	0.6774194
NODE_187191_length_288_cov_2.449735	237	273	4	5	36	0.1388889
NODE_187191_length_288_cov_2.449735	237	273	6	7	36	0.1944444
NODE_187191_length_288_cov_2.449735	237	273	8	24	36	0.6666667
NODE_187248_length_288_cov_2.275132	10	46	4	1	36	0.0277778
NODE_187248_length_288_cov_2.275132	10	46	6	35	36	0.9722222
NODE_187248_length_288_cov_2.275132	13	86	6	73	73	1.0000000
NODE_187248_length_288_cov_2.275132	47	100	4	8	53	0.1509434
NODE_187248_length_288_cov_2.275132	47	100	6	45	53	0.8490566
NODE_187318_length_288_cov_2.153439	50	81	0	31	31	1.0000000
NODE_187431_length_288_cov_1.915344	0	75	0	17	75	0.2266667
NODE_187431_length_288_cov_1.915344	0	75	4	58	75	0.7733333
NODE_187443_length_288_cov_1.888889	49	125	0	76	76	1.0000000
NODE_187484_length_288_cov_1.878307	0	42	0	42	42	1.0000000
NODE_187484_length_288_cov_1.878307	15	63	0	48	48	1.0000000
NODE_187810_length_288_cov_1.492063	0	42	0	40	42	0.9523810
NODE_187810_length_288_cov_1.492063	0	42	2	2	42	0.0476190
NODE_188135_length_288_cov_1.158730	213	288	2	75	75	1.0000000
NODE_188161_length_288_cov_1.100529	256	288	0	2	32	0.0625000
NODE_188161_length_288_cov_1.100529	256	288	4	30	32	0.9375000
NODE_188169_length_288_cov_1.079365	10	74	0	34	64	0.5312500
NODE_188169_length_288_cov_1.079365	10	74	2	30	64	0.4687500
NODE_188169_length_288_cov_1.079365	65	110	2	45	45	1.0000000
NODE_188760_length_288_cov_0.809524	141	170	2	29	29	1.0000000
NODE_189068_length_287_cov_7.632979	117	184	2	9	67	0.1343284
NODE_189068_length_287_cov_7.632979	117	184	3	4	67	0.0597015
NODE_189068_length_287_cov_7.632979	117	184	5	3	67	0.0447761
NODE_189068_length_287_cov_7.632979	117	184	6	51	67	0.7611941
NODE_189079_length_287_cov_6.510638	20	100	0	80	80	1.0000000
NODE_189097_length_287_cov_5.781915	164	246	2	1	82	0.0121951
NODE_189097_length_287_cov_5.781915	164	246	4	58	82	0.7073171
NODE_189097_length_287_cov_5.781915	164	246	6	8	82	0.0975610
NODE_189097_length_287_cov_5.781915	164	246	8	15	82	0.1829268
NODE_189182_length_287_cov_3.590426	114	194	0	28	80	0.3500000
NODE_189182_length_287_cov_3.590426	114	194	2	52	80	0.6500000
NODE_189192_length_287_cov_3.452128	0	52	0	52	52	1.0000000
NODE_189208_length_287_cov_3.281915	263	286	0	1	23	0.0434783
NODE_189208_length_287_cov_3.281915	263	286	2	22	23	0.9565217
NODE_189266_length_287_cov_2.936170	41	110	0	43	69	0.6231884
NODE_189266_length_287_cov_2.936170	41	110	3	1	69	0.0144928
NODE_189266_length_287_cov_2.936170	41	110	4	25	69	0.3623188
NODE_189266_length_287_cov_2.936170	41	111	0	43	70	0.6142857
NODE_189266_length_287_cov_2.936170	41	111	3	1	70	0.0142857
NODE_189266_length_287_cov_2.936170	41	111	4	26	70	0.3714286
NODE_189266_length_287_cov_2.936170	94	167	4	73	73	1.0000000
NODE_189266_length_287_cov_2.936170	156	179	4	23	23	1.0000000
NODE_189330_length_287_cov_2.638298	22	86	0	64	64	1.0000000
NODE_189381_length_287_cov_2.436170	182	262	0	7	80	0.0875000
NODE_189381_length_287_cov_2.436170	182	262	2	22	80	0.2750000
NODE_189381_length_287_cov_2.436170	182	262	4	51	80	0.6375000
NODE_189582_length_287_cov_1.984043	137	166	2	29	29	1.0000000
NODE_189594_length_287_cov_1.941489	56	123	0	67	67	1.0000000
NODE_189614_length_287_cov_1.904255	8	51	2	43	43	1.0000000
NODE_189710_length_287_cov_1.803191	146	217	0	13	71	0.1830986
NODE_189710_length_287_cov_1.803191	146	217	3	1	71	0.0140845
NODE_189710_length_287_cov_1.803191	146	217	4	57	71	0.8028169
NODE_189843_length_287_cov_1.627660	113	175	10	18	62	0.2903226
NODE_189843_length_287_cov_1.627660	113	175	12	44	62	0.7096774
NODE_189843_length_287_cov_1.627660	148	228	8	23	80	0.2875000
NODE_189843_length_287_cov_1.627660	148	228	10	4	80	0.0500000
NODE_189843_length_287_cov_1.627660	148	228	12	53	80	0.6625000
NODE_189864_length_287_cov_1.627660	14	59	0	9	45	0.2000000
NODE_189864_length_287_cov_1.627660	14	59	2	36	45	0.8000000
NODE_189864_length_287_cov_1.627660	41	112	2	71	71	1.0000000
NODE_189949_length_287_cov_1.574468	150	220	2	28	70	0.4000000
NODE_189949_length_287_cov_1.574468	150	220	4	42	70	0.6000000
NODE_189985_length_287_cov_1.531915	123	154	0	31	31	1.0000000
NODE_190122_length_287_cov_1.356383	93	147	0	54	54	1.0000000
NODE_190142_length_287_cov_1.356383	135	199	0	64	64	1.0000000
NODE_190189_length_287_cov_1.335106	149	201	0	6	52	0.1153846
NODE_190189_length_287_cov_1.335106	149	201	2	46	52	0.8846154
NODE_190654_length_287_cov_1.037234	23	44	0	21	21	1.0000000
NODE_190701_length_287_cov_0.994681	206	225	0	19	19	1.0000000
NODE_190802_length_287_cov_0.898936	0	57	0	45	57	0.7894737
NODE_190802_length_287_cov_0.898936	0	57	2	6	57	0.1052632
NODE_190802_length_287_cov_0.898936	0	57	4	6	57	0.1052632
NODE_190873_length_287_cov_0.840426	46	121	0	26	75	0.3466667
NODE_190873_length_287_cov_0.840426	46	121	2	11	75	0.1466667
NODE_190873_length_287_cov_0.840426	46	121	4	38	75	0.5066667
NODE_191306_length_286_cov_141.540107	4	63	4	2	59	0.0338983
NODE_191306_length_286_cov_141.540107	4	63	6	2	59	0.0338983
NODE_191306_length_286_cov_141.540107	4	63	8	13	59	0.2203390
NODE_191306_length_286_cov_141.540107	4	63	9	36	59	0.6101695
NODE_191306_length_286_cov_141.540107	4	63	10	6	59	0.1016949
NODE_191389_length_286_cov_3.935829	79	123	0	44	44	1.0000000
NODE_191391_length_286_cov_3.871658	45	121	2	6	76	0.0789474
NODE_191391_length_286_cov_3.871658	45	121	4	70	76	0.9210526
NODE_191391_length_286_cov_3.871658	102	169	2	35	67	0.5223880
NODE_191391_length_286_cov_3.871658	102	169	4	32	67	0.4776119
NODE_191393_length_286_cov_3.812834	62	142	0	6	80	0.0750000
NODE_191393_length_286_cov_3.812834	62	142	2	74	80	0.9250000
NODE_191430_length_286_cov_3.352941	63	143	0	80	80	1.0000000
NODE_191430_length_286_cov_3.352941	116	196	0	80	80	1.0000000
NODE_191466_length_286_cov_3.101604	217	271	0	54	54	1.0000000
NODE_191509_length_286_cov_2.823529	56	122	8	3	66	0.0454545
NODE_191509_length_286_cov_2.823529	56	122	10	10	66	0.1515152
NODE_191509_length_286_cov_2.823529	56	122	12	1	66	0.0151515
NODE_191509_length_286_cov_2.823529	56	122	14	6	66	0.0909091
NODE_191509_length_286_cov_2.823529	56	122	18	1	66	0.0151515
NODE_191509_length_286_cov_2.823529	56	122	20	4	66	0.0606061
NODE_191509_length_286_cov_2.823529	56	122	24	13	66	0.1969697
NODE_191509_length_286_cov_2.823529	56	122	26	16	66	0.2424242
NODE_191509_length_286_cov_2.823529	56	122	28	12	66	0.1818182
NODE_191598_length_286_cov_2.438503	151	218	0	49	67	0.7313433
NODE_191598_length_286_cov_2.438503	151	218	2	18	67	0.2686567
NODE_191754_length_286_cov_2.037433	57	138	0	39	81	0.4814815
NODE_191754_length_286_cov_2.037433	57	138	2	19	81	0.2345679
NODE_191754_length_286_cov_2.037433	57	138	5	1	81	0.0123457
NODE_191754_length_286_cov_2.037433	57	138	6	22	81	0.2716049
NODE_191892_length_286_cov_1.807487	186	232	0	29	46	0.6304348
NODE_191892_length_286_cov_1.807487	186	232	2	17	46	0.3695652
NODE_191892_length_286_cov_1.807487	239	285	0	46	46	1.0000000
NODE_192100_length_286_cov_1.566845	112	160	0	48	48	1.0000000
NODE_192100_length_286_cov_1.566845	165	213	0	11	48	0.2291667
NODE_192100_length_286_cov_1.566845	165	213	2	37	48	0.7708333
NODE_192150_length_286_cov_1.497326	107	160	2	32	53	0.6037736
NODE_192150_length_286_cov_1.497326	107	160	8	21	53	0.3962264
NODE_192233_length_286_cov_1.363636	20	87	0	67	67	1.0000000
NODE_192302_length_286_cov_1.358289	218	262	0	44	44	1.0000000
NODE_192357_length_286_cov_1.304813	147	205	0	58	58	1.0000000
NODE_192427_length_286_cov_1.203209	30	76	0	46	46	1.0000000
NODE_192427_length_286_cov_1.203209	49	129	0	80	80	1.0000000
NODE_192757_length_286_cov_1.074866	160	220	0	60	60	1.0000000
NODE_193023_length_286_cov_0.871658	218	279	0	61	61	1.0000000
NODE_193038_length_286_cov_0.855615	224	281	0	3	57	0.0526316
NODE_193038_length_286_cov_0.855615	224	281	2	1	57	0.0175439
NODE_193038_length_286_cov_0.855615	224	281	4	30	57	0.5263158
NODE_193038_length_286_cov_0.855615	224	281	6	23	57	0.4035088
NODE_193362_length_286_cov_0.625668	110	190	0	80	80	1.0000000
NODE_193362_length_286_cov_0.625668	163	240	0	77	77	1.0000000
NODE_193481_length_285_cov_7.392473	91	152	0	61	61	1.0000000
NODE_193481_length_285_cov_7.392473	150	184	0	34	34	1.0000000
NODE_193513_length_285_cov_4.650538	0	74	0	74	74	1.0000000
NODE_193513_length_285_cov_4.650538	47	127	0	80	80	1.0000000
NODE_193513_length_285_cov_4.650538	123	203	0	80	80	1.0000000
NODE_193513_length_285_cov_4.650538	176	256	0	80	80	1.0000000
NODE_193532_length_285_cov_4.091398	91	154	0	10	63	0.1587302
NODE_193532_length_285_cov_4.091398	91	154	2	53	63	0.8412699
NODE_193538_length_285_cov_4.010753	120	201	2	81	81	1.0000000
NODE_193547_length_285_cov_3.854839	97	151	0	54	54	1.0000000
NODE_193547_length_285_cov_3.854839	106	153	0	47	47	1.0000000
NODE_193566_length_285_cov_3.607527	197	258	0	53	61	0.8688524
NODE_193566_length_285_cov_3.607527	197	258	4	8	61	0.1311475
NODE_193624_length_285_cov_3.037634	190	272	0	46	82	0.5609756
NODE_193624_length_285_cov_3.037634	190	272	2	36	82	0.4390244
NODE_193660_length_285_cov_2.806452	215	279	0	64	64	1.0000000
NODE_193688_length_285_cov_2.736559	106	173	2	67	67	1.0000000
NODE_193784_length_285_cov_2.311828	220	262	0	42	42	1.0000000
NODE_193883_length_285_cov_2.043011	77	150	0	73	73	1.0000000
NODE_193883_length_285_cov_2.043011	155	197	0	42	42	1.0000000
NODE_193978_length_285_cov_1.876344	67	110	0	43	43	1.0000000
NODE_194150_length_285_cov_1.645161	112	160	0	48	48	1.0000000
NODE_194260_length_285_cov_1.548387	124	172	0	48	48	1.0000000
NODE_194332_length_285_cov_1.456989	210	277	0	10	67	0.1492537
NODE_194332_length_285_cov_1.456989	210	277	2	13	67	0.1940299
NODE_194332_length_285_cov_1.456989	210	277	3	44	67	0.6567164
NODE_194499_length_285_cov_1.327957	114	191	0	23	77	0.2987013
NODE_194499_length_285_cov_1.327957	114	191	2	17	77	0.2207792
NODE_194499_length_285_cov_1.327957	114	191	4	37	77	0.4805195
NODE_194865_length_285_cov_1.096774	175	229	0	54	54	1.0000000
NODE_194865_length_285_cov_1.096774	230	271	0	41	41	1.0000000
NODE_195109_length_285_cov_0.924731	128	208	2	15	80	0.1875000
NODE_195109_length_285_cov_0.924731	128	208	4	65	80	0.8125000
NODE_195115_length_285_cov_0.919355	5	65	0	60	60	1.0000000
NODE_195124_length_285_cov_0.913978	6	80	0	74	74	1.0000000
NODE_195124_length_285_cov_0.913978	58	133	0	75	75	1.0000000
NODE_195642_length_284_cov_7.967568	143	207	7	1	64	0.0156250
NODE_195642_length_284_cov_7.967568	143	207	9	2	64	0.0312500
NODE_195642_length_284_cov_7.967568	143	207	12	8	64	0.1250000
NODE_195642_length_284_cov_7.967568	143	207	14	53	64	0.8281250
NODE_195667_length_284_cov_5.016216	115	169	4	54	54	1.0000000
NODE_195715_length_284_cov_3.913514	26	82	0	56	56	1.0000000
NODE_195760_length_284_cov_3.405405	209	283	0	74	74	1.0000000
NODE_195863_length_284_cov_2.718919	138	162	0	24	24	1.0000000
NODE_195863_length_284_cov_2.718919	138	215	0	77	77	1.0000000
NODE_196090_length_284_cov_2.097297	46	122	0	76	76	1.0000000
NODE_196253_length_284_cov_1.756757	27	100	2	10	73	0.1369863
NODE_196253_length_284_cov_1.756757	27	100	4	5	73	0.0684932
NODE_196253_length_284_cov_1.756757	27	100	8	2	73	0.0273973
NODE_196253_length_284_cov_1.756757	27	100	12	38	73	0.5205479
NODE_196253_length_284_cov_1.756757	27	100	14	18	73	0.2465753
NODE_196253_length_284_cov_1.756757	97	153	6	6	56	0.1071429
NODE_196253_length_284_cov_1.756757	97	153	8	5	56	0.0892857
NODE_196253_length_284_cov_1.756757	97	153	12	2	56	0.0357143
NODE_196253_length_284_cov_1.756757	97	153	14	43	56	0.7678571
NODE_196273_length_284_cov_1.713514	24	59	0	35	35	1.0000000
NODE_196372_length_284_cov_1.654054	207	251	0	44	44	1.0000000
NODE_196426_length_284_cov_1.643243	180	239	0	59	59	1.0000000
NODE_196505_length_284_cov_1.540541	148	186	6	38	38	1.0000000
NODE_196670_length_284_cov_1.378378	65	145	0	18	80	0.2250000
NODE_196670_length_284_cov_1.378378	65	145	4	20	80	0.2500000
NODE_196670_length_284_cov_1.378378	65	145	6	11	80	0.1375000
NODE_196670_length_284_cov_1.378378	65	145	8	31	80	0.3875000
NODE_196670_length_284_cov_1.378378	118	165	8	47	47	1.0000000
NODE_196733_length_284_cov_1.329730	114	170	0	56	56	1.0000000
NODE_197755_length_284_cov_0.686486	13	94	1	15	81	0.1851852
NODE_197755_length_284_cov_0.686486	13	94	10	12	81	0.1481481
NODE_197755_length_284_cov_0.686486	13	94	11	54	81	0.6666667
NODE_197755_length_284_cov_0.686486	13	94	1	15	81	0.1851852
NODE_197755_length_284_cov_0.686486	13	94	10	12	81	0.1481481
NODE_197755_length_284_cov_0.686486	13	94	11	54	81	0.6666667
NODE_197755_length_284_cov_0.686486	13	94	1	15	81	0.1851852
NODE_197755_length_284_cov_0.686486	13	94	10	12	81	0.1481481
NODE_197755_length_284_cov_0.686486	13	94	11	54	81	0.6666667
NODE_197835_length_284_cov_0.551351	167	219	0	52	52	1.0000000
NODE_197936_length_283_cov_4.434783	81	137	8	56	56	1.0000000
NODE_197936_length_283_cov_4.434783	114	190	0	9	76	0.1184211
NODE_197936_length_283_cov_4.434783	114	190	2	1	76	0.0131579
NODE_197936_length_283_cov_4.434783	114	190	4	1	76	0.0131579
NODE_197936_length_283_cov_4.434783	114	190	6	1	76	0.0131579
NODE_197936_length_283_cov_4.434783	114	190	7	38	76	0.5000000
NODE_197936_length_283_cov_4.434783	114	190	8	26	76	0.3421053
NODE_197936_length_283_cov_4.434783	190	270	2	80	80	1.0000000
NODE_197937_length_283_cov_4.429348	104	168	6	13	64	0.2031250
NODE_197937_length_283_cov_4.429348	104	168	7	4	64	0.0625000
NODE_197937_length_283_cov_4.429348	104	168	11	2	64	0.0312500
NODE_197937_length_283_cov_4.429348	104	168	13	45	64	0.7031250
NODE_197937_length_283_cov_4.429348	104	168	6	13	64	0.2031250
NODE_197937_length_283_cov_4.429348	104	168	7	4	64	0.0625000
NODE_197937_length_283_cov_4.429348	104	168	11	2	64	0.0312500
NODE_197937_length_283_cov_4.429348	104	168	13	45	64	0.7031250
NODE_197937_length_283_cov_4.429348	141	207	0	10	66	0.1515152
NODE_197937_length_283_cov_4.429348	141	207	2	24	66	0.3636364
NODE_197937_length_283_cov_4.429348	141	207	4	2	66	0.0303030
NODE_197937_length_283_cov_4.429348	141	207	6	16	66	0.2424242
NODE_197937_length_283_cov_4.429348	141	207	7	4	66	0.0606061
NODE_197937_length_283_cov_4.429348	141	207	13	10	66	0.1515152
NODE_197937_length_283_cov_4.429348	141	221	0	24	80	0.3000000
NODE_197937_length_283_cov_4.429348	141	221	2	24	80	0.3000000
NODE_197937_length_283_cov_4.429348	141	221	4	2	80	0.0250000
NODE_197937_length_283_cov_4.429348	141	221	6	16	80	0.2000000
NODE_197937_length_283_cov_4.429348	141	221	7	4	80	0.0500000
NODE_197937_length_283_cov_4.429348	141	221	13	10	80	0.1250000
NODE_198007_length_283_cov_3.369565	0	35	0	35	35	1.0000000
NODE_198022_length_283_cov_3.309783	47	91	0	44	44	1.0000000
NODE_198081_length_283_cov_2.923913	95	137	0	42	42	1.0000000
NODE_198081_length_283_cov_2.923913	110	190	0	80	80	1.0000000
NODE_198098_length_283_cov_2.782609	120	200	0	9	80	0.1125000
NODE_198098_length_283_cov_2.782609	120	200	4	71	80	0.8875000
NODE_198109_length_283_cov_2.771739	29	72	0	43	43	1.0000000
NODE_198171_length_283_cov_2.494565	186	229	0	43	43	1.0000000
NODE_198176_length_283_cov_2.494565	181	238	0	57	57	1.0000000
NODE_198271_length_283_cov_2.217391	222	281	0	59	59	1.0000000
NODE_198518_length_283_cov_1.777174	40	120	0	80	80	1.0000000
NODE_198745_length_283_cov_1.543478	125	161	2	25	36	0.6944444
NODE_198745_length_283_cov_1.543478	125	161	4	11	36	0.3055556
NODE_198751_length_283_cov_1.538043	182	203	0	21	21	1.0000000
NODE_198986_length_283_cov_1.304348	208	270	4	6	62	0.0967742
NODE_198986_length_283_cov_1.304348	208	270	6	56	62	0.9032258
NODE_199042_length_283_cov_1.211957	157	234	4	76	77	0.9870130
NODE_199042_length_283_cov_1.211957	157	234	6	1	77	0.0129870
NODE_199070_length_283_cov_1.168478	183	250	8	6	67	0.0895522
NODE_199070_length_283_cov_1.168478	183	250	10	61	67	0.9104478
NODE_199606_length_283_cov_0.918478	146	226	4	2	80	0.0250000
NODE_199606_length_283_cov_0.918478	146	226	6	78	80	0.9750000
NODE_199606_length_283_cov_0.918478	199	279	2	9	80	0.1125000
NODE_199606_length_283_cov_0.918478	199	279	4	32	80	0.4000000
NODE_199606_length_283_cov_0.918478	199	279	6	39	80	0.4875000
NODE_199641_length_283_cov_0.885870	143	205	0	62	62	1.0000000
NODE_199958_length_283_cov_0.706522	119	159	6	40	40	1.0000000
NODE_200085_length_282_cov_51.027322	219	280	0	61	61	1.0000000
NODE_200085_length_282_cov_51.027322	219	282	0	63	63	1.0000000
NODE_200166_length_282_cov_3.901639	38	118	0	80	80	1.0000000
NODE_200166_length_282_cov_3.901639	91	171	0	80	80	1.0000000
NODE_200171_length_282_cov_3.874317	96	116	0	20	20	1.0000000
NODE_200201_length_282_cov_3.562842	224	279	0	55	55	1.0000000
NODE_200270_length_282_cov_2.890710	41	123	0	82	82	1.0000000
NODE_200276_length_282_cov_2.846995	26	47	0	21	21	1.0000000
NODE_200304_length_282_cov_2.770492	145	225	0	3	80	0.0375000
NODE_200304_length_282_cov_2.770492	145	225	2	77	80	0.9625000
NODE_200304_length_282_cov_2.770492	198	278	0	56	80	0.7000000
NODE_200304_length_282_cov_2.770492	198	278	2	24	80	0.3000000
NODE_200329_length_282_cov_2.655738	46	119	2	73	73	1.0000000
NODE_200329_length_282_cov_2.655738	100	159	0	29	59	0.4915254
NODE_200329_length_282_cov_2.655738	100	159	2	30	59	0.5084746
NODE_200335_length_282_cov_2.622951	0	36	0	36	36	1.0000000
NODE_200335_length_282_cov_2.622951	9	89	0	80	80	1.0000000
NODE_200336_length_282_cov_2.622951	38	111	0	73	73	1.0000000
NODE_200336_length_282_cov_2.622951	98	144	0	46	46	1.0000000
NODE_200367_length_282_cov_2.508197	138	186	0	48	48	1.0000000
NODE_200367_length_282_cov_2.508197	191	234	0	43	43	1.0000000
NODE_200425_length_282_cov_2.289617	68	137	2	58	69	0.8405797
NODE_200425_length_282_cov_2.289617	68	137	4	11	69	0.1594203
NODE_200443_length_282_cov_2.229508	169	249	0	80	80	1.0000000
NODE_200501_length_282_cov_2.163934	138	192	0	54	54	1.0000000
NODE_200634_length_282_cov_1.901639	149	216	0	4	67	0.0597015
NODE_200634_length_282_cov_1.901639	149	216	2	3	67	0.0447761
NODE_200634_length_282_cov_1.901639	149	216	4	60	67	0.8955224
NODE_200924_length_282_cov_1.612022	123	162	0	39	39	1.0000000
NODE_201084_length_282_cov_1.393443	158	225	2	67	67	1.0000000
NODE_201219_length_282_cov_1.273224	91	140	0	49	49	1.0000000
NODE_201413_length_282_cov_1.114754	5	53	0	48	48	1.0000000
NODE_202284_length_281_cov_7.895604	165	210	0	2	45	0.0444444
NODE_202284_length_281_cov_7.895604	165	210	2	41	45	0.9111111
NODE_202284_length_281_cov_7.895604	165	210	3	2	45	0.0444444
NODE_202284_length_281_cov_7.895604	183	263	0	16	80	0.2000000
NODE_202284_length_281_cov_7.895604	183	263	2	64	80	0.8000000
NODE_202294_length_281_cov_6.379121	151	231	0	32	80	0.4000000
NODE_202294_length_281_cov_6.379121	151	231	6	48	80	0.6000000
NODE_202333_length_281_cov_4.565934	71	127	2	56	56	1.0000000
NODE_202337_length_281_cov_4.494505	211	261	0	50	50	1.0000000
NODE_202356_length_281_cov_4.219780	85	135	0	50	50	1.0000000
NODE_202356_length_281_cov_4.219780	145	188	0	43	43	1.0000000
NODE_202401_length_281_cov_3.620879	245	281	0	36	36	1.0000000
NODE_202421_length_281_cov_3.324176	104	161	0	57	57	1.0000000
NODE_202421_length_281_cov_3.324176	112	192	0	80	80	1.0000000
NODE_202436_length_281_cov_3.197802	6	80	0	74	74	1.0000000
NODE_202473_length_281_cov_2.923077	92	150	0	58	58	1.0000000
NODE_202650_length_281_cov_2.241758	5	58	0	53	53	1.0000000
NODE_202712_length_281_cov_2.120879	56	136	4	80	80	1.0000000
NODE_202788_length_281_cov_1.961538	199	270	0	1	71	0.0140845
NODE_202788_length_281_cov_1.961538	199	270	2	70	71	0.9859155
NODE_203008_length_281_cov_1.675824	147	199	0	52	52	1.0000000
NODE_203008_length_281_cov_1.675824	178	198	0	20	20	1.0000000
NODE_203008_length_281_cov_1.675824	200	241	0	41	41	1.0000000
NODE_203065_length_281_cov_1.653846	29	65	0	36	36	1.0000000
NODE_203168_length_281_cov_1.483516	85	135	0	50	50	1.0000000
NODE_203168_length_281_cov_1.483516	86	166	0	80	80	1.0000000
NODE_203168_length_281_cov_1.483516	139	184	0	45	45	1.0000000
NODE_203183_length_281_cov_1.461538	223	276	0	53	53	1.0000000
NODE_203262_length_281_cov_1.401099	237	281	0	44	44	1.0000000
NODE_203281_length_281_cov_1.401099	150	214	0	26	64	0.4062500
NODE_203281_length_281_cov_1.401099	150	214	2	38	64	0.5937500
NODE_203281_length_281_cov_1.401099	187	267	0	4	80	0.0500000
NODE_203281_length_281_cov_1.401099	187	267	2	76	80	0.9500000
NODE_203292_length_281_cov_1.401099	31	111	0	19	80	0.2375000
NODE_203292_length_281_cov_1.401099	31	111	2	61	80	0.7625000
NODE_203440_length_281_cov_1.186813	0	79	0	22	79	0.2784810
NODE_203440_length_281_cov_1.186813	0	79	2	49	79	0.6202531
NODE_203440_length_281_cov_1.186813	0	79	4	8	79	0.1012658
NODE_203440_length_281_cov_1.186813	52	132	2	19	80	0.2375000
NODE_203440_length_281_cov_1.186813	52	132	4	61	80	0.7625000
NODE_203516_length_281_cov_1.120879	47	82	2	35	35	1.0000000
NODE_203534_length_281_cov_1.120879	243	276	0	33	33	1.0000000
NODE_203544_length_281_cov_1.120879	216	281	0	65	65	1.0000000
NODE_203785_length_281_cov_1.060440	139	179	10	3	40	0.0750000
NODE_203785_length_281_cov_1.060440	139	179	12	37	40	0.9250000
NODE_204094_length_281_cov_0.840659	72	138	0	66	66	1.0000000
NODE_204094_length_281_cov_0.840659	111	191	0	80	80	1.0000000
NODE_204467_length_280_cov_39.320442	118	198	2	2	80	0.0250000
NODE_204467_length_280_cov_39.320442	118	198	4	78	80	0.9750000
NODE_204467_length_280_cov_39.320442	181	251	0	46	70	0.6571429
NODE_204467_length_280_cov_39.320442	181	251	2	9	70	0.1285714
NODE_204467_length_280_cov_39.320442	181	251	4	15	70	0.2142857
NODE_204468_length_280_cov_34.259669	97	137	33	2	40	0.0500000
NODE_204468_length_280_cov_34.259669	97	137	37	1	40	0.0250000
NODE_204468_length_280_cov_34.259669	97	137	39	3	40	0.0750000
NODE_204468_length_280_cov_34.259669	97	137	45	13	40	0.3250000
NODE_204468_length_280_cov_34.259669	97	137	46	1	40	0.0250000
NODE_204468_length_280_cov_34.259669	97	137	47	20	40	0.5000000
NODE_204532_length_280_cov_4.287293	53	100	4	5	47	0.1063830
NODE_204532_length_280_cov_4.287293	53	100	6	4	47	0.0851064
NODE_204532_length_280_cov_4.287293	53	100	8	17	47	0.3617021
NODE_204532_length_280_cov_4.287293	53	100	10	20	47	0.4255319
NODE_204532_length_280_cov_4.287293	53	100	12	1	47	0.0212766
NODE_204532_length_280_cov_4.287293	129	186	10	57	57	1.0000000
NODE_204596_length_280_cov_3.436464	34	103	2	69	69	1.0000000
NODE_204597_length_280_cov_3.430939	17	97	2	80	80	1.0000000
NODE_204597_length_280_cov_3.430939	27	97	2	70	70	1.0000000
NODE_204674_length_280_cov_2.988950	118	164	0	46	46	1.0000000
NODE_204938_length_280_cov_2.165746	2	48	0	46	46	1.0000000
NODE_204938_length_280_cov_2.165746	6	48	0	42	42	1.0000000
NODE_204938_length_280_cov_2.165746	21	101	0	80	80	1.0000000
NODE_204938_length_280_cov_2.165746	22	101	0	79	79	1.0000000
NODE_204938_length_280_cov_2.165746	32	101	0	69	69	1.0000000
NODE_204976_length_280_cov_2.022099	105	148	2	43	43	1.0000000
NODE_204976_length_280_cov_2.022099	121	148	2	27	27	1.0000000
NODE_205044_length_280_cov_1.889503	50	132	0	82	82	1.0000000
NODE_205062_length_280_cov_1.828729	45	75	0	30	30	1.0000000
NODE_205410_length_280_cov_1.425414	17	50	0	33	33	1.0000000
NODE_205410_length_280_cov_1.425414	70	112	0	42	42	1.0000000
NODE_205416_length_280_cov_1.414365	37	97	0	60	60	1.0000000
NODE_205633_length_280_cov_1.187845	56	136	0	80	80	1.0000000
NODE_205635_length_280_cov_1.182320	154	234	2	11	80	0.1375000
NODE_205635_length_280_cov_1.182320	154	234	4	2	80	0.0250000
NODE_205635_length_280_cov_1.182320	154	234	5	5	80	0.0625000
NODE_205635_length_280_cov_1.182320	154	234	6	62	80	0.7750000
NODE_205635_length_280_cov_1.182320	207	280	0	44	73	0.6027398
NODE_205635_length_280_cov_1.182320	207	280	2	13	73	0.1780822
NODE_205635_length_280_cov_1.182320	207	280	4	2	73	0.0273973
NODE_205635_length_280_cov_1.182320	207	280	5	5	73	0.0684932
NODE_205635_length_280_cov_1.182320	207	280	6	9	73	0.1232877
NODE_205701_length_280_cov_1.127072	204	265	0	61	61	1.0000000
NODE_205794_length_280_cov_1.127072	0	39	0	39	39	1.0000000
NODE_205801_length_280_cov_1.127072	218	253	0	35	35	1.0000000
NODE_205894_length_280_cov_1.127072	0	59	0	59	59	1.0000000
NODE_206211_length_280_cov_0.911602	176	256	0	80	80	1.0000000
NODE_206211_length_280_cov_0.911602	229	280	0	51	51	1.0000000
NODE_206319_length_280_cov_0.845304	211	268	0	57	57	1.0000000
NODE_206531_length_280_cov_0.779006	129	203	54	2	74	0.0270270
NODE_206531_length_280_cov_0.779006	129	203	56	1	74	0.0135135
NODE_206531_length_280_cov_0.779006	129	203	60	1	74	0.0135135
NODE_206531_length_280_cov_0.779006	129	203	61	1	74	0.0135135
NODE_206531_length_280_cov_0.779006	129	203	62	3	74	0.0405405
NODE_206531_length_280_cov_0.779006	129	203	66	12	74	0.1621622
NODE_206531_length_280_cov_0.779006	129	203	70	1	74	0.0135135
NODE_206531_length_280_cov_0.779006	129	203	71	1	74	0.0135135
NODE_206531_length_280_cov_0.779006	129	203	74	20	74	0.2702703
NODE_206531_length_280_cov_0.779006	129	203	80	22	74	0.2972973
NODE_206531_length_280_cov_0.779006	129	203	82	10	74	0.1351351
NODE_206721_length_279_cov_50.005556	51	130	8	7	79	0.0886076
NODE_206721_length_279_cov_50.005556	51	130	9	3	79	0.0379747
NODE_206721_length_279_cov_50.005556	51	130	11	10	79	0.1265823
NODE_206721_length_279_cov_50.005556	51	130	12	18	79	0.2278481
NODE_206721_length_279_cov_50.005556	51	130	13	11	79	0.1392405
NODE_206721_length_279_cov_50.005556	51	130	15	4	79	0.0506329
NODE_206721_length_279_cov_50.005556	51	130	16	26	79	0.3291139
NODE_206721_length_279_cov_50.005556	103	179	8	21	76	0.2763158
NODE_206721_length_279_cov_50.005556	103	179	10	26	76	0.3421053
NODE_206721_length_279_cov_50.005556	103	179	12	20	76	0.2631579
NODE_206721_length_279_cov_50.005556	103	179	16	9	76	0.1184211
NODE_206744_length_279_cov_6.055556	196	228	0	32	32	1.0000000
NODE_206762_length_279_cov_5.166667	197	277	0	80	80	1.0000000
NODE_206788_length_279_cov_4.427778	107	187	0	80	80	1.0000000
NODE_206879_length_279_cov_3.200000	205	225	0	20	20	1.0000000
NODE_206886_length_279_cov_3.116667	115	195	0	80	80	1.0000000
NODE_206886_length_279_cov_3.116667	168	248	0	80	80	1.0000000
NODE_206972_length_279_cov_2.600000	67	147	0	31	80	0.3875000
NODE_206972_length_279_cov_2.600000	67	147	2	49	80	0.6125000
NODE_206972_length_279_cov_2.600000	120	199	0	15	79	0.1898734
NODE_206972_length_279_cov_2.600000	120	199	2	64	79	0.8101266
NODE_207023_length_279_cov_2.427778	155	199	0	28	44	0.6363636
NODE_207023_length_279_cov_2.427778	155	199	2	16	44	0.3636364
NODE_207052_length_279_cov_2.283333	168	240	0	72	72	1.0000000
NODE_207054_length_279_cov_2.277778	190	265	0	75	75	1.0000000
NODE_207086_length_279_cov_2.266667	66	109	0	7	43	0.1627907
NODE_207086_length_279_cov_2.266667	66	109	2	36	43	0.8372093
NODE_207115_length_279_cov_2.255556	115	176	0	21	61	0.3442623
NODE_207115_length_279_cov_2.255556	115	176	1	1	61	0.0163934
NODE_207115_length_279_cov_2.255556	115	176	2	39	61	0.6393443
NODE_207115_length_279_cov_2.255556	168	222	2	54	54	1.0000000
NODE_207155_length_279_cov_2.200000	57	104	0	47	47	1.0000000
NODE_207269_length_279_cov_1.977778	0	62	3	62	62	1.0000000
NODE_207293_length_279_cov_1.944444	63	105	0	40	42	0.9523810
NODE_207293_length_279_cov_1.944444	63	105	2	2	42	0.0476190
NODE_207306_length_279_cov_1.916667	182	262	0	80	80	1.0000000
NODE_207318_length_279_cov_1.866667	63	143	0	25	80	0.3125000
NODE_207318_length_279_cov_1.866667	63	143	2	55	80	0.6875000
NODE_207387_length_279_cov_1.700000	8	37	0	29	29	1.0000000
NODE_207389_length_279_cov_1.700000	10	42	0	32	32	1.0000000
NODE_207534_length_279_cov_1.672222	103	183	0	2	80	0.0250000
NODE_207534_length_279_cov_1.672222	103	183	4	78	80	0.9750000
NODE_207641_length_279_cov_1.433333	51	110	0	59	59	1.0000000
NODE_207641_length_279_cov_1.433333	83	119	0	36	36	1.0000000
NODE_207929_length_279_cov_1.144444	146	211	0	65	65	1.0000000
NODE_207929_length_279_cov_1.144444	184	266	0	82	82	1.0000000
NODE_207931_length_279_cov_1.138889	125	188	14	2	63	0.0317460
NODE_207931_length_279_cov_1.138889	125	188	17	1	63	0.0158730
NODE_207931_length_279_cov_1.138889	125	188	18	4	63	0.0634921
NODE_207931_length_279_cov_1.138889	125	188	20	8	63	0.1269841
NODE_207931_length_279_cov_1.138889	125	188	22	3	63	0.0476190
NODE_207931_length_279_cov_1.138889	125	188	25	14	63	0.2222222
NODE_207931_length_279_cov_1.138889	125	188	27	1	63	0.0158730
NODE_207931_length_279_cov_1.138889	125	188	29	12	63	0.1904762
NODE_207931_length_279_cov_1.138889	125	188	32	3	63	0.0476190
NODE_207931_length_279_cov_1.138889	125	188	34	7	63	0.1111111
NODE_207931_length_279_cov_1.138889	125	188	35	2	63	0.0317460
NODE_207931_length_279_cov_1.138889	125	188	36	6	63	0.0952381
NODE_207932_length_279_cov_1.138889	111	191	0	80	80	1.0000000
NODE_207948_length_279_cov_1.133333	231	271	0	40	40	1.0000000
NODE_208183_length_279_cov_1.116667	15	92	0	77	77	1.0000000
NODE_208334_length_279_cov_0.988889	181	261	6	80	80	1.0000000
NODE_208410_length_279_cov_0.927778	50	69	0	19	19	1.0000000
NODE_208410_length_279_cov_0.927778	50	69	0	19	19	1.0000000
NODE_208664_length_279_cov_0.844444	35	70	0	35	35	1.0000000
NODE_209293_length_278_cov_44.882682	158	210	12	7	52	0.1346154
NODE_209293_length_278_cov_44.882682	158	210	14	7	52	0.1346154
NODE_209293_length_278_cov_44.882682	158	210	16	16	52	0.3076923
NODE_209293_length_278_cov_44.882682	158	210	20	18	52	0.3461539
NODE_209293_length_278_cov_44.882682	158	210	21	1	52	0.0192308
NODE_209293_length_278_cov_44.882682	158	210	25	3	52	0.0576923
NODE_209293_length_278_cov_44.882682	206	232	6	2	26	0.0769231
NODE_209293_length_278_cov_44.882682	206	232	10	16	26	0.6153846
NODE_209293_length_278_cov_44.882682	206	232	12	8	26	0.3076923
NODE_209293_length_278_cov_44.882682	206	265	0	30	59	0.5084746
NODE_209293_length_278_cov_44.882682	206	265	6	5	59	0.0847458
NODE_209293_length_278_cov_44.882682	206	265	10	16	59	0.2711864
NODE_209293_length_278_cov_44.882682	206	265	12	8	59	0.1355932
NODE_209294_length_278_cov_37.474860	0	52	0	52	52	1.0000000
NODE_209294_length_278_cov_37.474860	48	128	0	29	80	0.3625000
NODE_209294_length_278_cov_37.474860	48	128	5	2	80	0.0250000
NODE_209294_length_278_cov_37.474860	48	128	7	20	80	0.2500000
NODE_209294_length_278_cov_37.474860	48	128	13	7	80	0.0875000
NODE_209294_length_278_cov_37.474860	48	128	14	22	80	0.2750000
NODE_209294_length_278_cov_37.474860	101	181	12	9	80	0.1125000
NODE_209294_length_278_cov_37.474860	101	181	13	5	80	0.0625000
NODE_209294_length_278_cov_37.474860	101	181	14	66	80	0.8250000
NODE_209295_length_278_cov_21.340782	84	164	3	6	80	0.0750000
NODE_209295_length_278_cov_21.340782	84	164	4	50	80	0.6250000
NODE_209295_length_278_cov_21.340782	84	164	6	15	80	0.1875000
NODE_209295_length_278_cov_21.340782	84	164	7	9	80	0.1125000
NODE_209295_length_278_cov_21.340782	137	217	3	11	80	0.1375000
NODE_209295_length_278_cov_21.340782	137	217	4	48	80	0.6000000
NODE_209295_length_278_cov_21.340782	137	217	6	12	80	0.1500000
NODE_209295_length_278_cov_21.340782	137	217	7	9	80	0.1125000
NODE_209360_length_278_cov_4.156425	132	210	2	78	78	1.0000000
NODE_209360_length_278_cov_4.156425	193	263	0	32	70	0.4571429
NODE_209360_length_278_cov_4.156425	193	263	2	38	70	0.5428572
NODE_209372_length_278_cov_3.977654	142	221	0	79	79	1.0000000
NODE_209378_length_278_cov_3.865922	168	210	0	42	42	1.0000000
NODE_209552_length_278_cov_2.558659	93	123	0	30	30	1.0000000
NODE_209565_length_278_cov_2.513966	54	106	0	52	52	1.0000000
NODE_209565_length_278_cov_2.513966	79	158	0	79	79	1.0000000
NODE_209605_length_278_cov_2.296089	127	207	0	80	80	1.0000000
NODE_209883_length_278_cov_1.731844	145	194	0	49	49	1.0000000
NODE_210038_length_278_cov_1.681564	129	184	0	25	55	0.4545455
NODE_210038_length_278_cov_1.681564	129	184	1	5	55	0.0909091
NODE_210038_length_278_cov_1.681564	129	184	4	25	55	0.4545455
NODE_210068_length_278_cov_1.636872	13	41	22	2	28	0.0714286
NODE_210068_length_278_cov_1.636872	13	41	32	5	28	0.1785714
NODE_210068_length_278_cov_1.636872	13	41	34	20	28	0.7142857
NODE_210068_length_278_cov_1.636872	13	41	36	1	28	0.0357143
NODE_210373_length_278_cov_1.290503	3	67	37	1	64	0.0156250
NODE_210373_length_278_cov_1.290503	3	67	39	3	64	0.0468750
NODE_210373_length_278_cov_1.290503	3	67	44	1	64	0.0156250
NODE_210373_length_278_cov_1.290503	3	67	51	1	64	0.0156250
NODE_210373_length_278_cov_1.290503	3	67	68	1	64	0.0156250
NODE_210373_length_278_cov_1.290503	3	67	86	1	64	0.0156250
NODE_210373_length_278_cov_1.290503	3	67	89	1	64	0.0156250
NODE_210373_length_278_cov_1.290503	3	67	93	1	64	0.0156250
NODE_210373_length_278_cov_1.290503	3	67	103	1	64	0.0156250
NODE_210373_length_278_cov_1.290503	3	67	104	1	64	0.0156250
NODE_210373_length_278_cov_1.290503	3	67	106	1	64	0.0156250
NODE_210373_length_278_cov_1.290503	3	67	114	1	64	0.0156250
NODE_210373_length_278_cov_1.290503	3	67	115	1	64	0.0156250
NODE_210373_length_278_cov_1.290503	3	67	117	1	64	0.0156250
NODE_210373_length_278_cov_1.290503	3	67	128	1	64	0.0156250
NODE_210373_length_278_cov_1.290503	3	67	133	1	64	0.0156250
NODE_210373_length_278_cov_1.290503	3	67	135	1	64	0.0156250
NODE_210373_length_278_cov_1.290503	3	67	138	1	64	0.0156250
NODE_210373_length_278_cov_1.290503	3	67	142	1	64	0.0156250
NODE_210373_length_278_cov_1.290503	3	67	144	1	64	0.0156250
NODE_210373_length_278_cov_1.290503	3	67	152	1	64	0.0156250
NODE_210373_length_278_cov_1.290503	3	67	153	3	64	0.0468750
NODE_210373_length_278_cov_1.290503	3	67	156	1	64	0.0156250
NODE_210373_length_278_cov_1.290503	3	67	157	2	64	0.0312500
NODE_210373_length_278_cov_1.290503	3	67	158	1	64	0.0156250
NODE_210373_length_278_cov_1.290503	3	67	160	6	64	0.0937500
NODE_210373_length_278_cov_1.290503	3	67	164	2	64	0.0312500
NODE_210373_length_278_cov_1.290503	3	67	165	13	64	0.2031250
NODE_210373_length_278_cov_1.290503	3	67	168	1	64	0.0156250
NODE_210373_length_278_cov_1.290503	3	67	169	2	64	0.0312500
NODE_210373_length_278_cov_1.290503	3	67	171	6	64	0.0937500
NODE_210373_length_278_cov_1.290503	3	67	173	1	64	0.0156250
NODE_210373_length_278_cov_1.290503	3	67	174	3	64	0.0468750
NODE_210373_length_278_cov_1.290503	3	67	37	1	64	0.0156250
NODE_210373_length_278_cov_1.290503	3	67	39	3	64	0.0468750
NODE_210373_length_278_cov_1.290503	3	67	44	1	64	0.0156250
NODE_210373_length_278_cov_1.290503	3	67	51	1	64	0.0156250
NODE_210373_length_278_cov_1.290503	3	67	68	1	64	0.0156250
NODE_210373_length_278_cov_1.290503	3	67	86	1	64	0.0156250
NODE_210373_length_278_cov_1.290503	3	67	89	1	64	0.0156250
NODE_210373_length_278_cov_1.290503	3	67	93	1	64	0.0156250
NODE_210373_length_278_cov_1.290503	3	67	103	1	64	0.0156250
NODE_210373_length_278_cov_1.290503	3	67	104	1	64	0.0156250
NODE_210373_length_278_cov_1.290503	3	67	106	1	64	0.0156250
NODE_210373_length_278_cov_1.290503	3	67	114	1	64	0.0156250
NODE_210373_length_278_cov_1.290503	3	67	115	1	64	0.0156250
NODE_210373_length_278_cov_1.290503	3	67	117	1	64	0.0156250
NODE_210373_length_278_cov_1.290503	3	67	128	1	64	0.0156250
NODE_210373_length_278_cov_1.290503	3	67	133	1	64	0.0156250
NODE_210373_length_278_cov_1.290503	3	67	135	1	64	0.0156250
NODE_210373_length_278_cov_1.290503	3	67	138	1	64	0.0156250
NODE_210373_length_278_cov_1.290503	3	67	142	1	64	0.0156250
NODE_210373_length_278_cov_1.290503	3	67	144	1	64	0.0156250
NODE_210373_length_278_cov_1.290503	3	67	152	1	64	0.0156250
NODE_210373_length_278_cov_1.290503	3	67	153	3	64	0.0468750
NODE_210373_length_278_cov_1.290503	3	67	156	1	64	0.0156250
NODE_210373_length_278_cov_1.290503	3	67	157	2	64	0.0312500
NODE_210373_length_278_cov_1.290503	3	67	158	1	64	0.0156250
NODE_210373_length_278_cov_1.290503	3	67	160	6	64	0.0937500
NODE_210373_length_278_cov_1.290503	3	67	164	2	64	0.0312500
NODE_210373_length_278_cov_1.290503	3	67	165	13	64	0.2031250
NODE_210373_length_278_cov_1.290503	3	67	168	1	64	0.0156250
NODE_210373_length_278_cov_1.290503	3	67	169	2	64	0.0312500
NODE_210373_length_278_cov_1.290503	3	67	171	6	64	0.0937500
NODE_210373_length_278_cov_1.290503	3	67	173	1	64	0.0156250
NODE_210373_length_278_cov_1.290503	3	67	174	3	64	0.0468750
NODE_210373_length_278_cov_1.290503	3	67	37	1	64	0.0156250
NODE_210373_length_278_cov_1.290503	3	67	39	3	64	0.0468750
NODE_210373_length_278_cov_1.290503	3	67	44	1	64	0.0156250
NODE_210373_length_278_cov_1.290503	3	67	51	1	64	0.0156250
NODE_210373_length_278_cov_1.290503	3	67	68	1	64	0.0156250
NODE_210373_length_278_cov_1.290503	3	67	86	1	64	0.0156250
NODE_210373_length_278_cov_1.290503	3	67	89	1	64	0.0156250
NODE_210373_length_278_cov_1.290503	3	67	93	1	64	0.0156250
NODE_210373_length_278_cov_1.290503	3	67	103	1	64	0.0156250
NODE_210373_length_278_cov_1.290503	3	67	104	1	64	0.0156250
NODE_210373_length_278_cov_1.290503	3	67	106	1	64	0.0156250
NODE_210373_length_278_cov_1.290503	3	67	114	1	64	0.0156250
NODE_210373_length_278_cov_1.290503	3	67	115	1	64	0.0156250
NODE_210373_length_278_cov_1.290503	3	67	117	1	64	0.0156250
NODE_210373_length_278_cov_1.290503	3	67	128	1	64	0.0156250
NODE_210373_length_278_cov_1.290503	3	67	133	1	64	0.0156250
NODE_210373_length_278_cov_1.290503	3	67	135	1	64	0.0156250
NODE_210373_length_278_cov_1.290503	3	67	138	1	64	0.0156250
NODE_210373_length_278_cov_1.290503	3	67	142	1	64	0.0156250
NODE_210373_length_278_cov_1.290503	3	67	144	1	64	0.0156250
NODE_210373_length_278_cov_1.290503	3	67	152	1	64	0.0156250
NODE_210373_length_278_cov_1.290503	3	67	153	3	64	0.0468750
NODE_210373_length_278_cov_1.290503	3	67	156	1	64	0.0156250
NODE_210373_length_278_cov_1.290503	3	67	157	2	64	0.0312500
NODE_210373_length_278_cov_1.290503	3	67	158	1	64	0.0156250
NODE_210373_length_278_cov_1.290503	3	67	160	6	64	0.0937500
NODE_210373_length_278_cov_1.290503	3	67	164	2	64	0.0312500
NODE_210373_length_278_cov_1.290503	3	67	165	13	64	0.2031250
NODE_210373_length_278_cov_1.290503	3	67	168	1	64	0.0156250
NODE_210373_length_278_cov_1.290503	3	67	169	2	64	0.0312500
NODE_210373_length_278_cov_1.290503	3	67	171	6	64	0.0937500
NODE_210373_length_278_cov_1.290503	3	67	173	1	64	0.0156250
NODE_210373_length_278_cov_1.290503	3	67	174	3	64	0.0468750
NODE_210463_length_278_cov_1.150838	52	76	0	24	24	1.0000000
NODE_210463_length_278_cov_1.150838	58	84	0	26	26	1.0000000
NODE_210559_length_278_cov_1.139665	108	187	0	32	79	0.4050633
NODE_210559_length_278_cov_1.139665	108	187	2	47	79	0.5949367
NODE_210612_length_278_cov_1.139665	232	278	0	46	46	1.0000000
NODE_210691_length_278_cov_1.139665	210	278	0	68	68	1.0000000
NODE_212166_length_277_cov_2.691011	0	60	0	60	60	1.0000000
NODE_212166_length_277_cov_2.691011	33	113	0	80	80	1.0000000
NODE_212175_length_277_cov_2.617978	85	127	0	42	42	1.0000000
NODE_212233_length_277_cov_2.438202	137	218	8	71	81	0.8765432
NODE_212233_length_277_cov_2.438202	137	218	10	10	81	0.1234568
NODE_212357_length_277_cov_2.140449	234	276	0	42	42	1.0000000
NODE_212377_length_277_cov_2.095506	41	114	0	73	73	1.0000000
NODE_212377_length_277_cov_2.095506	41	114	0	73	73	1.0000000
NODE_212377_length_277_cov_2.095506	94	161	0	67	67	1.0000000
NODE_212525_length_277_cov_1.837079	92	172	0	23	80	0.2875000
NODE_212525_length_277_cov_1.837079	92	172	2	57	80	0.7125000
NODE_212558_length_277_cov_1.764045	115	155	0	40	40	1.0000000
NODE_212605_length_277_cov_1.719101	150	215	0	65	65	1.0000000
NODE_212845_length_277_cov_1.505618	0	47	4	1	47	0.0212766
NODE_212845_length_277_cov_1.505618	0	47	6	46	47	0.9787234
NODE_212845_length_277_cov_1.505618	20	100	0	11	80	0.1375000
NODE_212845_length_277_cov_1.505618	20	100	2	3	80	0.0375000
NODE_212845_length_277_cov_1.505618	20	100	6	66	80	0.8250000
NODE_212970_length_277_cov_1.426966	113	191	0	78	78	1.0000000
NODE_213057_length_277_cov_1.314607	127	176	2	4	49	0.0816327
NODE_213057_length_277_cov_1.314607	127	176	3	22	49	0.4489796
NODE_213057_length_277_cov_1.314607	127	176	4	23	49	0.4693878
NODE_213091_length_277_cov_1.258427	141	222	0	33	81	0.4074074
NODE_213091_length_277_cov_1.258427	141	222	1	10	81	0.1234568
NODE_213091_length_277_cov_1.258427	141	222	2	38	81	0.4691358
NODE_213223_length_277_cov_1.146067	19	95	0	21	76	0.2763158
NODE_213223_length_277_cov_1.146067	19	95	2	6	76	0.0789474
NODE_213223_length_277_cov_1.146067	19	95	3	9	76	0.1184211
NODE_213223_length_277_cov_1.146067	19	95	7	36	76	0.4736842
NODE_213223_length_277_cov_1.146067	19	95	8	4	76	0.0526316
NODE_213490_length_277_cov_1.061798	67	105	0	38	38	1.0000000
NODE_213505_length_277_cov_1.044944	19	77	0	7	58	0.1206897
NODE_213505_length_277_cov_1.044944	19	77	2	51	58	0.8793104
NODE_214572_length_276_cov_31.774011	91	153	22	1	62	0.0161290
NODE_214572_length_276_cov_31.774011	91	153	23	2	62	0.0322581
NODE_214572_length_276_cov_31.774011	91	153	25	7	62	0.1129032
NODE_214572_length_276_cov_31.774011	91	153	27	1	62	0.0161290
NODE_214572_length_276_cov_31.774011	91	153	31	5	62	0.0806452
NODE_214572_length_276_cov_31.774011	91	153	33	5	62	0.0806452
NODE_214572_length_276_cov_31.774011	91	153	35	3	62	0.0483871
NODE_214572_length_276_cov_31.774011	91	153	38	2	62	0.0322581
NODE_214572_length_276_cov_31.774011	91	153	40	1	62	0.0161290
NODE_214572_length_276_cov_31.774011	91	153	43	2	62	0.0322581
NODE_214572_length_276_cov_31.774011	91	153	48	1	62	0.0161290
NODE_214572_length_276_cov_31.774011	91	153	50	1	62	0.0161290
NODE_214572_length_276_cov_31.774011	91	153	52	5	62	0.0806452
NODE_214572_length_276_cov_31.774011	91	153	54	4	62	0.0645161
NODE_214572_length_276_cov_31.774011	91	153	60	5	62	0.0806452
NODE_214572_length_276_cov_31.774011	91	153	61	8	62	0.1290323
NODE_214572_length_276_cov_31.774011	91	153	65	1	62	0.0161290
NODE_214572_length_276_cov_31.774011	91	153	66	8	62	0.1290323
NODE_214576_length_276_cov_10.056497	66	146	2	80	80	1.0000000
NODE_214698_length_276_cov_3.564972	176	256	0	80	80	1.0000000
NODE_214785_length_276_cov_2.920904	203	260	0	57	57	1.0000000
NODE_214785_length_276_cov_2.920904	233	276	0	43	43	1.0000000
NODE_214883_length_276_cov_2.542373	164	204	2	2	40	0.0500000
NODE_214883_length_276_cov_2.542373	164	204	4	7	40	0.1750000
NODE_214883_length_276_cov_2.542373	164	204	6	31	40	0.7750000
NODE_215016_length_276_cov_2.197740	64	144	2	24	80	0.3000000
NODE_215016_length_276_cov_2.197740	64	144	4	56	80	0.7000000
NODE_215086_length_276_cov_2.022599	136	193	2	2	57	0.0350877
NODE_215086_length_276_cov_2.022599	136	193	6	27	57	0.4736842
NODE_215086_length_276_cov_2.022599	136	193	8	28	57	0.4912281
NODE_215105_length_276_cov_2.016949	97	138	0	41	41	1.0000000
NODE_215139_length_276_cov_2.005650	82	153	0	71	71	1.0000000
NODE_215234_length_276_cov_1.734463	102	182	12	3	80	0.0375000
NODE_215234_length_276_cov_1.734463	102	182	18	6	80	0.0750000
NODE_215234_length_276_cov_1.734463	102	182	20	2	80	0.0250000
NODE_215234_length_276_cov_1.734463	102	182	22	1	80	0.0125000
NODE_215234_length_276_cov_1.734463	102	182	24	8	80	0.1000000
NODE_215234_length_276_cov_1.734463	102	182	25	28	80	0.3500000
NODE_215234_length_276_cov_1.734463	102	182	26	32	80	0.4000000
NODE_215516_length_276_cov_1.525424	70	116	0	46	46	1.0000000
NODE_215516_length_276_cov_1.525424	123	169	0	46	46	1.0000000
NODE_215519_length_276_cov_1.514124	115	155	16	2	40	0.0500000
NODE_215519_length_276_cov_1.514124	115	155	18	7	40	0.1750000
NODE_215519_length_276_cov_1.514124	115	155	20	31	40	0.7750000
NODE_215748_length_276_cov_1.288136	114	154	0	40	40	1.0000000
NODE_216141_length_276_cov_1.124294	122	170	0	48	48	1.0000000
NODE_216141_length_276_cov_1.124294	132	163	0	31	31	1.0000000
NODE_216220_length_276_cov_1.039548	7	68	0	4	61	0.0655738
NODE_216220_length_276_cov_1.039548	7	68	1	13	61	0.2131148
NODE_216220_length_276_cov_1.039548	7	68	3	9	61	0.1475410
NODE_216220_length_276_cov_1.039548	7	68	4	35	61	0.5737705
NODE_216220_length_276_cov_1.039548	7	70	0	4	63	0.0634921
NODE_216220_length_276_cov_1.039548	7	70	1	13	63	0.2063492
NODE_216220_length_276_cov_1.039548	7	70	3	9	63	0.1428571
NODE_216220_length_276_cov_1.039548	7	70	4	37	63	0.5873016
NODE_216220_length_276_cov_1.039548	7	70	0	4	63	0.0634921
NODE_216220_length_276_cov_1.039548	7	70	1	13	63	0.2063492
NODE_216220_length_276_cov_1.039548	7	70	3	9	63	0.1428571
NODE_216220_length_276_cov_1.039548	7	70	4	37	63	0.5873016
NODE_216220_length_276_cov_1.039548	7	70	0	4	63	0.0634921
NODE_216220_length_276_cov_1.039548	7	70	1	13	63	0.2063492
NODE_216220_length_276_cov_1.039548	7	70	3	9	63	0.1428571
NODE_216220_length_276_cov_1.039548	7	70	4	37	63	0.5873016
NODE_216269_length_276_cov_1.000000	48	89	0	41	41	1.0000000
NODE_216269_length_276_cov_1.000000	62	106	0	44	44	1.0000000
NODE_216414_length_276_cov_0.898305	54	105	0	51	51	1.0000000
NODE_217265_length_275_cov_85.085227	94	174	4	13	80	0.1625000
NODE_217265_length_275_cov_85.085227	94	174	6	25	80	0.3125000
NODE_217265_length_275_cov_85.085227	94	174	10	42	80	0.5250000
NODE_217265_length_275_cov_85.085227	147	227	0	22	80	0.2750000
NODE_217265_length_275_cov_85.085227	147	227	4	44	80	0.5500000
NODE_217265_length_275_cov_85.085227	147	227	6	14	80	0.1750000
NODE_217287_length_275_cov_5.818182	0	44	6	44	44	1.0000000
NODE_217355_length_275_cov_3.857955	0	67	0	67	67	1.0000000
NODE_217396_length_275_cov_3.306818	199	275	0	76	76	1.0000000
NODE_217402_length_275_cov_3.284091	127	175	0	48	48	1.0000000
NODE_217433_length_275_cov_2.977273	95	145	4	11	50	0.2200000
NODE_217433_length_275_cov_2.977273	95	145	6	39	50	0.7800000
NODE_217531_length_275_cov_2.585227	85	122	46	1	37	0.0270270
NODE_217531_length_275_cov_2.585227	85	122	48	18	37	0.4864865
NODE_217531_length_275_cov_2.585227	85	122	49	2	37	0.0540541
NODE_217531_length_275_cov_2.585227	85	122	50	16	37	0.4324324
NODE_217714_length_275_cov_2.090909	0	47	0	47	47	1.0000000
NODE_217714_length_275_cov_2.090909	20	91	0	71	71	1.0000000
NODE_217801_length_275_cov_1.960227	198	251	4	53	53	1.0000000
NODE_217835_length_275_cov_1.875000	190	247	0	57	57	1.0000000
NODE_217839_length_275_cov_1.857955	52	119	0	22	67	0.3283582
NODE_217839_length_275_cov_1.857955	52	119	2	45	67	0.6716418
NODE_217839_length_275_cov_1.857955	136	182	2	46	46	1.0000000
NODE_217885_length_275_cov_1.755682	21	76	0	55	55	1.0000000
NODE_217912_length_275_cov_1.738636	225	256	0	31	31	1.0000000
NODE_217967_length_275_cov_1.738636	161	241	0	4	80	0.0500000
NODE_217967_length_275_cov_1.738636	161	241	2	76	80	0.9500000
NODE_218257_length_275_cov_1.448864	123	155	8	32	32	1.0000000
NODE_218402_length_275_cov_1.301136	132	196	0	64	64	1.0000000
NODE_218706_length_275_cov_1.159091	13	93	4	69	80	0.8625000
NODE_218706_length_275_cov_1.159091	13	93	8	11	80	0.1375000
NODE_218734_length_275_cov_1.153409	11	91	0	80	80	1.0000000
NODE_219031_length_275_cov_0.937500	13	49	12	9	36	0.2500000
NODE_219031_length_275_cov_0.937500	13	49	14	4	36	0.1111111
NODE_219031_length_275_cov_0.937500	13	49	15	14	36	0.3888889
NODE_219031_length_275_cov_0.937500	13	49	16	3	36	0.0833333
NODE_219031_length_275_cov_0.937500	13	49	17	6	36	0.1666667
NODE_219031_length_275_cov_0.937500	22	86	14	4	64	0.0625000
NODE_219031_length_275_cov_0.937500	22	86	15	14	64	0.2187500
NODE_219031_length_275_cov_0.937500	22	86	16	3	64	0.0468750
NODE_219031_length_275_cov_0.937500	22	86	17	36	64	0.5625000
NODE_219031_length_275_cov_0.937500	22	86	19	4	64	0.0625000
NODE_219031_length_275_cov_0.937500	22	86	21	3	64	0.0468750
NODE_219220_length_275_cov_0.869318	67	126	0	59	59	1.0000000
NODE_219655_length_275_cov_0.579545	40	70	0	30	30	1.0000000
NODE_220021_length_274_cov_6.074286	141	175	0	34	34	1.0000000
NODE_220047_length_274_cov_4.845714	48	105	0	57	57	1.0000000
NODE_220047_length_274_cov_4.845714	113	175	0	62	62	1.0000000
NODE_220078_length_274_cov_4.080000	210	274	0	6	64	0.0937500
NODE_220078_length_274_cov_4.080000	210	274	6	58	64	0.9062500
NODE_220215_length_274_cov_2.988571	104	161	0	57	57	1.0000000
NODE_220221_length_274_cov_2.937143	199	234	0	35	35	1.0000000
NODE_220293_length_274_cov_2.622857	29	76	2	42	47	0.8936170
NODE_220293_length_274_cov_2.622857	29	76	4	5	47	0.1063830
NODE_220293_length_274_cov_2.622857	82	157	2	28	75	0.3733333
NODE_220293_length_274_cov_2.622857	82	157	4	47	75	0.6266667
NODE_220413_length_274_cov_2.308571	51	130	0	5	79	0.0632911
NODE_220413_length_274_cov_2.308571	51	130	4	9	79	0.1139240
NODE_220413_length_274_cov_2.308571	51	130	6	1	79	0.0126582
NODE_220413_length_274_cov_2.308571	51	130	9	1	79	0.0126582
NODE_220413_length_274_cov_2.308571	51	130	10	2	79	0.0253165
NODE_220413_length_274_cov_2.308571	51	130	12	14	79	0.1772152
NODE_220413_length_274_cov_2.308571	51	130	13	6	79	0.0759494
NODE_220413_length_274_cov_2.308571	51	130	15	1	79	0.0126582
NODE_220413_length_274_cov_2.308571	51	130	17	9	79	0.1139240
NODE_220413_length_274_cov_2.308571	51	130	19	2	79	0.0253165
NODE_220413_length_274_cov_2.308571	51	130	21	14	79	0.1772152
NODE_220413_length_274_cov_2.308571	51	130	22	6	79	0.0759494
NODE_220413_length_274_cov_2.308571	51	130	23	9	79	0.1139240
NODE_220504_length_274_cov_2.062857	172	242	2	70	70	1.0000000
NODE_220504_length_274_cov_2.062857	215	256	0	11	41	0.2682927
NODE_220504_length_274_cov_2.062857	215	256	2	30	41	0.7317073
NODE_220662_length_274_cov_1.754286	219	259	0	40	40	1.0000000
NODE_220681_length_274_cov_1.748571	168	231	4	1	63	0.0158730
NODE_220681_length_274_cov_1.748571	168	231	8	62	63	0.9841270
NODE_220806_length_274_cov_1.737143	134	172	0	38	38	1.0000000
NODE_220847_length_274_cov_1.685714	132	189	0	57	57	1.0000000
NODE_220847_length_274_cov_1.685714	141	199	0	58	58	1.0000000
NODE_220966_length_274_cov_1.502857	170	232	0	62	62	1.0000000
NODE_220966_length_274_cov_1.502857	223	274	0	51	51	1.0000000
NODE_221005_length_274_cov_1.457143	118	147	0	29	29	1.0000000
NODE_221101_length_274_cov_1.434286	25	69	0	44	44	1.0000000
NODE_221211_length_274_cov_1.285714	84	156	0	72	72	1.0000000
NODE_221612_length_274_cov_1.131429	205	251	4	8	46	0.1739130
NODE_221612_length_274_cov_1.131429	205	251	6	36	46	0.7826087
NODE_221612_length_274_cov_1.131429	205	251	10	2	46	0.0434783
NODE_221764_length_274_cov_0.994286	219	260	0	41	41	1.0000000
NODE_222849_length_273_cov_4.948276	204	262	0	13	58	0.2241379
NODE_222849_length_273_cov_4.948276	204	262	2	45	58	0.7758621
NODE_222849_length_273_cov_4.948276	204	258	0	9	54	0.1666667
NODE_222849_length_273_cov_4.948276	204	258	2	45	54	0.8333333
NODE_222914_length_273_cov_3.712644	103	183	6	1	80	0.0125000
NODE_222914_length_273_cov_3.712644	103	183	10	1	80	0.0125000
NODE_222914_length_273_cov_3.712644	103	183	18	12	80	0.1500000
NODE_222914_length_273_cov_3.712644	103	183	20	6	80	0.0750000
NODE_222914_length_273_cov_3.712644	103	183	22	60	80	0.7500000
NODE_222955_length_273_cov_3.298851	69	100	0	9	31	0.2903226
NODE_222955_length_273_cov_3.298851	69	100	2	22	31	0.7096774
NODE_222955_length_273_cov_3.298851	73	153	0	5	80	0.0625000
NODE_222955_length_273_cov_3.298851	73	153	2	44	80	0.5500000
NODE_222955_length_273_cov_3.298851	73	153	4	31	80	0.3875000
NODE_222974_length_273_cov_3.195402	122	189	0	67	67	1.0000000
NODE_222991_length_273_cov_3.063218	76	151	14	3	75	0.0400000
NODE_222991_length_273_cov_3.063218	76	151	16	6	75	0.0800000
NODE_222991_length_273_cov_3.063218	76	151	18	1	75	0.0133333
NODE_222991_length_273_cov_3.063218	76	151	20	5	75	0.0666667
NODE_222991_length_273_cov_3.063218	76	151	22	60	75	0.8000000
NODE_222991_length_273_cov_3.063218	135	191	2	4	56	0.0714286
NODE_222991_length_273_cov_3.063218	135	191	4	6	56	0.1071429
NODE_222991_length_273_cov_3.063218	135	191	6	5	56	0.0892857
NODE_222991_length_273_cov_3.063218	135	191	8	1	56	0.0178571
NODE_222991_length_273_cov_3.063218	135	191	10	5	56	0.0892857
NODE_222991_length_273_cov_3.063218	135	191	12	3	56	0.0535714
NODE_222991_length_273_cov_3.063218	135	191	14	19	56	0.3392857
NODE_222991_length_273_cov_3.063218	135	191	16	6	56	0.1071429
NODE_222991_length_273_cov_3.063218	135	191	18	1	56	0.0178571
NODE_222991_length_273_cov_3.063218	135	191	20	5	56	0.0892857
NODE_222991_length_273_cov_3.063218	135	191	22	1	56	0.0178571
NODE_223066_length_273_cov_2.706897	11	45	0	34	34	1.0000000
NODE_223203_length_273_cov_2.339080	69	145	10	76	76	1.0000000
NODE_223353_length_273_cov_2.051724	31	74	2	43	43	1.0000000
NODE_223377_length_273_cov_2.034483	81	161	16	4	80	0.0500000
NODE_223377_length_273_cov_2.034483	81	161	21	2	80	0.0250000
NODE_223377_length_273_cov_2.034483	81	161	25	8	80	0.1000000
NODE_223377_length_273_cov_2.034483	81	161	26	4	80	0.0500000
NODE_223377_length_273_cov_2.034483	81	161	29	4	80	0.0500000
NODE_223377_length_273_cov_2.034483	81	161	30	1	80	0.0125000
NODE_223377_length_273_cov_2.034483	81	161	34	2	80	0.0250000
NODE_223377_length_273_cov_2.034483	81	161	36	1	80	0.0125000
NODE_223377_length_273_cov_2.034483	81	161	37	3	80	0.0375000
NODE_223377_length_273_cov_2.034483	81	161	39	5	80	0.0625000
NODE_223377_length_273_cov_2.034483	81	161	41	2	80	0.0250000
NODE_223377_length_273_cov_2.034483	81	161	44	44	80	0.5500000
NODE_223377_length_273_cov_2.034483	213	263	6	4	50	0.0800000
NODE_223377_length_273_cov_2.034483	213	263	8	3	50	0.0600000
NODE_223377_length_273_cov_2.034483	213	263	10	8	50	0.1600000
NODE_223377_length_273_cov_2.034483	213	263	12	4	50	0.0800000
NODE_223377_length_273_cov_2.034483	213	263	13	2	50	0.0400000
NODE_223377_length_273_cov_2.034483	213	263	16	2	50	0.0400000
NODE_223377_length_273_cov_2.034483	213	263	18	4	50	0.0800000
NODE_223377_length_273_cov_2.034483	213	263	20	4	50	0.0800000
NODE_223377_length_273_cov_2.034483	213	263	24	5	50	0.1000000
NODE_223377_length_273_cov_2.034483	213	263	27	14	50	0.2800000
NODE_223680_length_273_cov_1.706897	181	238	4	57	57	1.0000000
NODE_223913_length_273_cov_1.442529	5	47	2	42	42	1.0000000
NODE_224023_length_273_cov_1.281609	167	247	0	80	80	1.0000000
NODE_224082_length_273_cov_1.189655	120	156	0	36	36	1.0000000
NODE_224082_length_273_cov_1.189655	129	160	0	31	31	1.0000000
NODE_224165_length_273_cov_1.172414	94	130	0	36	36	1.0000000
NODE_224254_length_273_cov_1.172414	8	58	0	50	50	1.0000000
NODE_224367_length_273_cov_1.166667	74	93	0	19	19	1.0000000
NODE_224441_length_273_cov_1.091954	6	42	2	36	36	1.0000000
NODE_224441_length_273_cov_1.091954	43	95	0	6	52	0.1153846
NODE_224441_length_273_cov_1.091954	43	95	2	46	52	0.8846154
NODE_224587_length_273_cov_0.971264	188	235	0	3	47	0.0638298
NODE_224587_length_273_cov_0.971264	188	235	2	44	47	0.9361702
NODE_225303_length_273_cov_0.586207	27	88	0	61	61	1.0000000
NODE_225344_length_273_cov_0.586207	24	79	2	55	55	1.0000000
NODE_225344_length_273_cov_0.586207	81	113	2	4	32	0.1250000
NODE_225344_length_273_cov_0.586207	81	113	4	28	32	0.8750000
NODE_225592_length_272_cov_6.190751	172	236	0	64	64	1.0000000
NODE_225607_length_272_cov_5.335260	193	272	0	79	79	1.0000000
NODE_225633_length_272_cov_4.716763	228	257	0	29	29	1.0000000
NODE_225656_length_272_cov_4.219653	93	166	4	73	73	1.0000000
NODE_225656_length_272_cov_4.219653	146	219	0	43	73	0.5890411
NODE_225656_length_272_cov_4.219653	146	219	4	30	73	0.4109589
NODE_225658_length_272_cov_4.184971	75	128	0	53	53	1.0000000
NODE_225739_length_272_cov_3.352601	154	199	2	5	45	0.1111111
NODE_225739_length_272_cov_3.352601	154	199	6	40	45	0.8888889
NODE_225872_length_272_cov_2.664740	106	186	0	80	80	1.0000000
NODE_226010_length_272_cov_2.335260	33	103	0	70	70	1.0000000
NODE_226029_length_272_cov_2.277457	219	256	4	34	37	0.9189189
NODE_226029_length_272_cov_2.277457	219	256	5	3	37	0.0810811
NODE_226045_length_272_cov_2.236994	104	184	8	28	80	0.3500000
NODE_226045_length_272_cov_2.236994	104	184	10	52	80	0.6500000
NODE_226169_length_272_cov_1.982659	172	252	0	80	80	1.0000000
NODE_226245_length_272_cov_1.780347	37	99	10	62	62	1.0000000
NODE_226245_length_272_cov_1.780347	90	152	0	1	62	0.0161290
NODE_226245_length_272_cov_1.780347	90	152	6	4	62	0.0645161
NODE_226245_length_272_cov_1.780347	90	152	8	19	62	0.3064516
NODE_226245_length_272_cov_1.780347	90	152	10	38	62	0.6129032
NODE_226248_length_272_cov_1.768786	12	45	0	33	33	1.0000000
NODE_226461_length_272_cov_1.618497	97	160	5	3	63	0.0476190
NODE_226461_length_272_cov_1.618497	97	160	10	1	63	0.0158730
NODE_226461_length_272_cov_1.618497	97	160	11	1	63	0.0158730
NODE_226461_length_272_cov_1.618497	97	160	13	1	63	0.0158730
NODE_226461_length_272_cov_1.618497	97	160	19	6	63	0.0952381
NODE_226461_length_272_cov_1.618497	97	160	20	2	63	0.0317460
NODE_226461_length_272_cov_1.618497	97	160	24	10	63	0.1587302
NODE_226461_length_272_cov_1.618497	97	160	25	1	63	0.0158730
NODE_226461_length_272_cov_1.618497	97	160	26	38	63	0.6031746
NODE_226508_length_272_cov_1.543353	69	137	0	68	68	1.0000000
NODE_227037_length_272_cov_1.173410	147	203	0	35	56	0.6250000
NODE_227037_length_272_cov_1.173410	147	203	2	21	56	0.3750000
NODE_227265_length_272_cov_0.988439	169	215	0	46	46	1.0000000
NODE_227444_length_272_cov_0.884393	126	163	0	37	37	1.0000000
NODE_228332_length_271_cov_5.238372	103	183	0	32	80	0.4000000
NODE_228332_length_271_cov_5.238372	103	183	2	48	80	0.6000000
NODE_228423_length_271_cov_3.546512	102	165	0	63	63	1.0000000
NODE_228429_length_271_cov_3.476744	62	93	0	1	31	0.0322581
NODE_228429_length_271_cov_3.476744	62	93	2	30	31	0.9677419
NODE_228494_length_271_cov_2.959302	96	176	0	80	80	1.0000000
NODE_228494_length_271_cov_2.959302	149	229	0	80	80	1.0000000
NODE_228554_length_271_cov_2.715116	160	241	0	81	81	1.0000000
NODE_228593_length_271_cov_2.622093	180	253	0	73	73	1.0000000
NODE_228623_length_271_cov_2.465116	45	75	0	30	30	1.0000000
NODE_228731_length_271_cov_2.284884	95	158	4	63	63	1.0000000
NODE_228731_length_271_cov_2.284884	131	211	0	43	80	0.5375000
NODE_228731_length_271_cov_2.284884	131	211	2	9	80	0.1125000
NODE_228731_length_271_cov_2.284884	131	211	4	28	80	0.3500000
NODE_228737_length_271_cov_2.273256	163	219	0	56	56	1.0000000
NODE_228830_length_271_cov_2.069767	130	212	2	50	82	0.6097561
NODE_228830_length_271_cov_2.069767	130	212	4	32	82	0.3902439
NODE_228932_length_271_cov_1.784884	135	183	0	48	48	1.0000000
NODE_228937_length_271_cov_1.779070	204	268	0	64	64	1.0000000
NODE_229085_length_271_cov_1.755814	119	199	0	80	80	1.0000000
NODE_229242_length_271_cov_1.523256	122	183	0	61	61	1.0000000
NODE_229254_length_271_cov_1.511628	106	186	9	25	80	0.3125000
NODE_229254_length_271_cov_1.511628	106	186	11	1	80	0.0125000
NODE_229254_length_271_cov_1.511628	106	186	13	3	80	0.0375000
NODE_229254_length_271_cov_1.511628	106	186	15	3	80	0.0375000
NODE_229254_length_271_cov_1.511628	106	186	17	2	80	0.0250000
NODE_229254_length_271_cov_1.511628	106	186	19	16	80	0.2000000
NODE_229254_length_271_cov_1.511628	106	186	21	7	80	0.0875000
NODE_229254_length_271_cov_1.511628	106	186	23	23	80	0.2875000
NODE_229525_length_271_cov_1.226744	119	184	0	65	65	1.0000000
NODE_229541_length_271_cov_1.197674	88	145	0	57	57	1.0000000
NODE_229541_length_271_cov_1.197674	118	192	0	74	74	1.0000000
NODE_230154_length_271_cov_0.918605	155	227	0	72	72	1.0000000
NODE_230255_length_271_cov_0.889535	101	148	0	47	47	1.0000000
NODE_230318_length_271_cov_0.889535	127	188	0	61	61	1.0000000
NODE_231165_length_270_cov_4.818713	72	118	2	46	46	1.0000000
NODE_231187_length_270_cov_4.327485	5	82	0	77	77	1.0000000
NODE_231240_length_270_cov_3.666667	87	154	0	1	67	0.0149254
NODE_231240_length_270_cov_3.666667	87	154	1	15	67	0.2238806
NODE_231240_length_270_cov_3.666667	87	154	2	36	67	0.5373135
NODE_231240_length_270_cov_3.666667	87	154	6	15	67	0.2238806
NODE_231240_length_270_cov_3.666667	140	207	6	67	67	1.0000000
NODE_231263_length_270_cov_3.491228	186	270	0	84	84	1.0000000
NODE_231310_length_270_cov_3.105263	43	90	6	17	47	0.3617021
NODE_231310_length_270_cov_3.105263	43	90	10	30	47	0.6382979
NODE_231316_length_270_cov_3.046784	64	135	0	71	71	1.0000000
NODE_231439_length_270_cov_2.649123	210	270	3	9	60	0.1500000
NODE_231439_length_270_cov_2.649123	210	270	5	6	60	0.1000000
NODE_231439_length_270_cov_2.649123	210	270	7	15	60	0.2500000
NODE_231439_length_270_cov_2.649123	210	270	8	30	60	0.5000000
NODE_231655_length_270_cov_2.087719	16	55	0	39	39	1.0000000
NODE_231655_length_270_cov_2.087719	78	108	0	30	30	1.0000000
NODE_231714_length_270_cov_2.040936	103	159	2	3	56	0.0535714
NODE_231714_length_270_cov_2.040936	103	159	5	43	56	0.7678571
NODE_231714_length_270_cov_2.040936	103	159	6	10	56	0.1785714
NODE_231726_length_270_cov_2.017544	1	48	2	47	47	1.0000000
NODE_231820_length_270_cov_1.789474	146	228	0	62	82	0.7560976
NODE_231820_length_270_cov_1.789474	146	228	2	20	82	0.2439024
NODE_232008_length_270_cov_1.678363	178	246	0	68	68	1.0000000
NODE_232021_length_270_cov_1.666667	127	191	20	4	64	0.0625000
NODE_232021_length_270_cov_1.666667	127	191	22	15	64	0.2343750
NODE_232021_length_270_cov_1.666667	127	191	30	31	64	0.4843750
NODE_232021_length_270_cov_1.666667	127	191	33	14	64	0.2187500
NODE_232021_length_270_cov_1.666667	180	227	12	18	47	0.3829787
NODE_232021_length_270_cov_1.666667	180	227	14	2	47	0.0425532
NODE_232021_length_270_cov_1.666667	180	227	16	8	47	0.1702128
NODE_232021_length_270_cov_1.666667	180	227	18	7	47	0.1489362
NODE_232021_length_270_cov_1.666667	180	227	20	5	47	0.1063830
NODE_232021_length_270_cov_1.666667	180	227	22	7	47	0.1489362
NODE_232087_length_270_cov_1.555556	138	218	0	11	80	0.1375000
NODE_232087_length_270_cov_1.555556	138	218	4	69	80	0.8625000
NODE_232331_length_270_cov_1.280702	4	75	0	71	71	1.0000000
NODE_232331_length_270_cov_1.280702	57	137	0	80	80	1.0000000
NODE_232331_length_270_cov_1.280702	65	120	0	55	55	1.0000000
NODE_232331_length_270_cov_1.280702	125	198	0	73	73	1.0000000
NODE_232440_length_270_cov_1.192982	146	194	2	48	48	1.0000000
NODE_232583_length_270_cov_1.192982	61	141	0	80	80	1.0000000
NODE_233290_length_270_cov_0.847953	53	128	0	75	75	1.0000000
NODE_234072_length_269_cov_3.894118	30	110	0	6	80	0.0750000
NODE_234072_length_269_cov_3.894118	30	110	2	74	80	0.9250000
NODE_234072_length_269_cov_3.894118	83	163	0	42	80	0.5250000
NODE_234072_length_269_cov_3.894118	83	163	2	38	80	0.4750000
NODE_234100_length_269_cov_3.605882	175	205	0	30	30	1.0000000
NODE_234116_length_269_cov_3.523529	192	233	2	41	41	1.0000000
NODE_234116_length_269_cov_3.523529	206	268	0	15	62	0.2419355
NODE_234116_length_269_cov_3.523529	206	268	2	47	62	0.7580645
NODE_234118_length_269_cov_3.505882	13	93	0	80	80	1.0000000
NODE_234118_length_269_cov_3.505882	66	145	0	79	79	1.0000000
NODE_234162_length_269_cov_3.147059	134	174	0	40	40	1.0000000
NODE_234167_length_269_cov_3.111765	39	119	0	80	80	1.0000000
NODE_234167_length_269_cov_3.111765	92	169	0	77	77	1.0000000
NODE_234178_length_269_cov_3.000000	166	233	0	67	67	1.0000000
NODE_234205_length_269_cov_2.947059	55	123	8	1	68	0.0147059
NODE_234205_length_269_cov_2.947059	55	123	10	67	68	0.9852941
NODE_234224_length_269_cov_2.858824	9	89	0	80	80	1.0000000
NODE_234224_length_269_cov_2.858824	62	91	0	29	29	1.0000000
NODE_234228_length_269_cov_2.823529	0	73	4	12	73	0.1643836
NODE_234228_length_269_cov_2.823529	0	73	6	61	73	0.8356164
NODE_234228_length_269_cov_2.823529	46	77	6	31	31	1.0000000
NODE_234431_length_269_cov_2.311765	111	157	0	46	46	1.0000000
NODE_234431_length_269_cov_2.311765	130	209	0	79	79	1.0000000
NODE_234606_length_269_cov_1.958824	176	248	5	25	72	0.3472222
NODE_234606_length_269_cov_1.958824	176	248	6	5	72	0.0694444
NODE_234606_length_269_cov_1.958824	176	248	7	22	72	0.3055556
NODE_234606_length_269_cov_1.958824	176	248	8	20	72	0.2777778
NODE_234647_length_269_cov_1.847059	72	99	0	27	27	1.0000000
NODE_234657_length_269_cov_1.823529	30	81	6	39	51	0.7647059
NODE_234657_length_269_cov_1.823529	30	81	10	2	51	0.0392157
NODE_234657_length_269_cov_1.823529	30	81	12	1	51	0.0196078
NODE_234657_length_269_cov_1.823529	30	81	14	9	51	0.1764706
NODE_234758_length_269_cov_1.800000	0	42	0	42	42	1.0000000
NODE_234978_length_269_cov_1.552941	90	170	0	80	80	1.0000000
NODE_235157_length_269_cov_1.400000	139	219	0	63	80	0.7875000
NODE_235157_length_269_cov_1.400000	139	219	2	17	80	0.2125000
NODE_235168_length_269_cov_1.388235	185	252	0	67	67	1.0000000
NODE_235239_length_269_cov_1.288235	150	179	5	26	29	0.8965517
NODE_235239_length_269_cov_1.288235	150	179	7	3	29	0.1034483
NODE_235292_length_269_cov_1.217647	141	221	0	80	80	1.0000000
NODE_235561_length_269_cov_1.194118	107	170	0	63	63	1.0000000
NODE_235561_length_269_cov_1.194118	143	221	0	78	78	1.0000000
NODE_235714_length_269_cov_1.094118	38	72	0	34	34	1.0000000
NODE_235780_length_269_cov_1.035294	6	36	0	30	30	1.0000000
NODE_235780_length_269_cov_1.035294	96	150	0	54	54	1.0000000
NODE_235930_length_269_cov_0.917647	4	79	0	75	75	1.0000000
NODE_235930_length_269_cov_0.917647	57	93	0	36	36	1.0000000
NODE_236243_length_269_cov_0.782353	2	52	2	50	50	1.0000000
NODE_236243_length_269_cov_0.782353	76	132	0	31	56	0.5535714
NODE_236243_length_269_cov_0.782353	76	132	2	25	56	0.4464286
NODE_236856_length_268_cov_223.165680	161	188	206	3	27	0.1111111
NODE_236856_length_268_cov_223.165680	161	188	209	1	27	0.0370370
NODE_236856_length_268_cov_223.165680	161	188	212	1	27	0.0370370
NODE_236856_length_268_cov_223.165680	161	188	213	1	27	0.0370370
NODE_236856_length_268_cov_223.165680	161	188	214	1	27	0.0370370
NODE_236856_length_268_cov_223.165680	161	188	215	1	27	0.0370370
NODE_236856_length_268_cov_223.165680	161	188	216	2	27	0.0740741
NODE_236856_length_268_cov_223.165680	161	188	218	1	27	0.0370370
NODE_236856_length_268_cov_223.165680	161	188	220	4	27	0.1481481
NODE_236856_length_268_cov_223.165680	161	188	222	2	27	0.0740741
NODE_236856_length_268_cov_223.165680	161	188	226	2	27	0.0740741
NODE_236856_length_268_cov_223.165680	161	188	231	2	27	0.0740741
NODE_236856_length_268_cov_223.165680	161	188	235	1	27	0.0370370
NODE_236856_length_268_cov_223.165680	161	188	241	2	27	0.0740741
NODE_236856_length_268_cov_223.165680	161	188	243	2	27	0.0740741
NODE_236856_length_268_cov_223.165680	161	188	244	1	27	0.0370370
NODE_236856_length_268_cov_223.165680	161	241	55	2	80	0.0250000
NODE_236856_length_268_cov_223.165680	161	241	63	3	80	0.0375000
NODE_236856_length_268_cov_223.165680	161	241	72	1	80	0.0125000
NODE_236856_length_268_cov_223.165680	161	241	75	1	80	0.0125000
NODE_236856_length_268_cov_223.165680	161	241	79	1	80	0.0125000
NODE_236856_length_268_cov_223.165680	161	241	81	1	80	0.0125000
NODE_236856_length_268_cov_223.165680	161	241	86	1	80	0.0125000
NODE_236856_length_268_cov_223.165680	161	241	88	1	80	0.0125000
NODE_236856_length_268_cov_223.165680	161	241	91	1	80	0.0125000
NODE_236856_length_268_cov_223.165680	161	241	95	2	80	0.0250000
NODE_236856_length_268_cov_223.165680	161	241	99	1	80	0.0125000
NODE_236856_length_268_cov_223.165680	161	241	103	1	80	0.0125000
NODE_236856_length_268_cov_223.165680	161	241	106	2	80	0.0250000
NODE_236856_length_268_cov_223.165680	161	241	107	1	80	0.0125000
NODE_236856_length_268_cov_223.165680	161	241	114	1	80	0.0125000
NODE_236856_length_268_cov_223.165680	161	241	120	1	80	0.0125000
NODE_236856_length_268_cov_223.165680	161	241	122	1	80	0.0125000
NODE_236856_length_268_cov_223.165680	161	241	128	1	80	0.0125000
NODE_236856_length_268_cov_223.165680	161	241	131	1	80	0.0125000
NODE_236856_length_268_cov_223.165680	161	241	134	1	80	0.0125000
NODE_236856_length_268_cov_223.165680	161	241	137	1	80	0.0125000
NODE_236856_length_268_cov_223.165680	161	241	143	1	80	0.0125000
NODE_236856_length_268_cov_223.165680	161	241	149	2	80	0.0250000
NODE_236856_length_268_cov_223.165680	161	241	150	1	80	0.0125000
NODE_236856_length_268_cov_223.165680	161	241	157	1	80	0.0125000
NODE_236856_length_268_cov_223.165680	161	241	158	1	80	0.0125000
NODE_236856_length_268_cov_223.165680	161	241	162	1	80	0.0125000
NODE_236856_length_268_cov_223.165680	161	241	164	1	80	0.0125000
NODE_236856_length_268_cov_223.165680	161	241	165	1	80	0.0125000
NODE_236856_length_268_cov_223.165680	161	241	167	2	80	0.0250000
NODE_236856_length_268_cov_223.165680	161	241	169	1	80	0.0125000
NODE_236856_length_268_cov_223.165680	161	241	174	2	80	0.0250000
NODE_236856_length_268_cov_223.165680	161	241	176	2	80	0.0250000
NODE_236856_length_268_cov_223.165680	161	241	178	2	80	0.0250000
NODE_236856_length_268_cov_223.165680	161	241	180	2	80	0.0250000
NODE_236856_length_268_cov_223.165680	161	241	182	2	80	0.0250000
NODE_236856_length_268_cov_223.165680	161	241	189	1	80	0.0125000
NODE_236856_length_268_cov_223.165680	161	241	190	1	80	0.0125000
NODE_236856_length_268_cov_223.165680	161	241	198	1	80	0.0125000
NODE_236856_length_268_cov_223.165680	161	241	201	2	80	0.0250000
NODE_236856_length_268_cov_223.165680	161	241	206	3	80	0.0375000
NODE_236856_length_268_cov_223.165680	161	241	209	1	80	0.0125000
NODE_236856_length_268_cov_223.165680	161	241	212	1	80	0.0125000
NODE_236856_length_268_cov_223.165680	161	241	213	1	80	0.0125000
NODE_236856_length_268_cov_223.165680	161	241	214	1	80	0.0125000
NODE_236856_length_268_cov_223.165680	161	241	215	1	80	0.0125000
NODE_236856_length_268_cov_223.165680	161	241	216	2	80	0.0250000
NODE_236856_length_268_cov_223.165680	161	241	218	1	80	0.0125000
NODE_236856_length_268_cov_223.165680	161	241	220	4	80	0.0500000
NODE_236856_length_268_cov_223.165680	161	241	222	2	80	0.0250000
NODE_236856_length_268_cov_223.165680	161	241	226	2	80	0.0250000
NODE_236856_length_268_cov_223.165680	161	241	231	2	80	0.0250000
NODE_236856_length_268_cov_223.165680	161	241	235	1	80	0.0125000
NODE_236856_length_268_cov_223.165680	161	241	241	2	80	0.0250000
NODE_236856_length_268_cov_223.165680	161	241	243	2	80	0.0250000
NODE_236856_length_268_cov_223.165680	161	241	244	1	80	0.0125000
NODE_236878_length_268_cov_6.266272	29	111	0	82	82	1.0000000
NODE_236909_length_268_cov_5.053254	137	217	2	80	80	1.0000000
NODE_236909_length_268_cov_5.053254	190	253	0	33	63	0.5238096
NODE_236909_length_268_cov_5.053254	190	253	2	30	63	0.4761905
NODE_236911_length_268_cov_4.994083	92	168	2	52	76	0.6842105
NODE_236911_length_268_cov_4.994083	92	168	3	5	76	0.0657895
NODE_236911_length_268_cov_4.994083	92	168	4	19	76	0.2500000
NODE_236972_length_268_cov_3.905325	1	61	2	60	60	1.0000000
NODE_237107_length_268_cov_2.982249	95	175	21	39	80	0.4875000
NODE_237107_length_268_cov_2.982249	95	175	23	28	80	0.3500000
NODE_237107_length_268_cov_2.982249	95	175	25	13	80	0.1625000
NODE_237115_length_268_cov_2.940828	28	97	0	69	69	1.0000000
NODE_237185_length_268_cov_2.668639	57	110	0	53	53	1.0000000
NODE_237190_length_268_cov_2.621302	149	176	14	5	27	0.1851852
NODE_237190_length_268_cov_2.621302	149	176	18	14	27	0.5185185
NODE_237190_length_268_cov_2.621302	149	176	20	4	27	0.1481481
NODE_237190_length_268_cov_2.621302	149	176	23	1	27	0.0370370
NODE_237190_length_268_cov_2.621302	149	176	24	3	27	0.1111111
NODE_237325_length_268_cov_2.289941	87	127	130	2	40	0.0500000
NODE_237325_length_268_cov_2.289941	87	127	132	2	40	0.0500000
NODE_237325_length_268_cov_2.289941	87	127	140	1	40	0.0250000
NODE_237325_length_268_cov_2.289941	87	127	142	9	40	0.2250000
NODE_237325_length_268_cov_2.289941	87	127	143	1	40	0.0250000
NODE_237325_length_268_cov_2.289941	87	127	144	19	40	0.4750000
NODE_237325_length_268_cov_2.289941	87	127	145	6	40	0.1500000
NODE_237345_length_268_cov_2.224852	96	176	14	8	80	0.1000000
NODE_237345_length_268_cov_2.224852	96	176	16	7	80	0.0875000
NODE_237345_length_268_cov_2.224852	96	176	18	33	80	0.4125000
NODE_237345_length_268_cov_2.224852	96	176	20	32	80	0.4000000
NODE_237345_length_268_cov_2.224852	149	229	6	1	80	0.0125000
NODE_237345_length_268_cov_2.224852	149	229	8	5	80	0.0625000
NODE_237345_length_268_cov_2.224852	149	229	12	1	80	0.0125000
NODE_237345_length_268_cov_2.224852	149	229	16	13	80	0.1625000
NODE_237345_length_268_cov_2.224852	149	229	18	46	80	0.5750000
NODE_237345_length_268_cov_2.224852	149	229	20	14	80	0.1750000
NODE_237457_length_268_cov_2.005917	97	162	0	65	65	1.0000000
NODE_237502_length_268_cov_1.840237	80	155	6	75	75	1.0000000
NODE_237572_length_268_cov_1.810651	8	84	4	76	76	1.0000000
NODE_237831_length_268_cov_1.532544	186	257	16	2	71	0.0281690
NODE_237831_length_268_cov_1.532544	186	257	18	4	71	0.0563380
NODE_237831_length_268_cov_1.532544	186	257	20	2	71	0.0281690
NODE_237831_length_268_cov_1.532544	186	257	23	7	71	0.0985916
NODE_237831_length_268_cov_1.532544	186	257	25	3	71	0.0422535
NODE_237831_length_268_cov_1.532544	186	257	27	2	71	0.0281690
NODE_237831_length_268_cov_1.532544	186	257	28	7	71	0.0985916
NODE_237831_length_268_cov_1.532544	186	257	34	11	71	0.1549296
NODE_237831_length_268_cov_1.532544	186	257	38	12	71	0.1690141
NODE_237831_length_268_cov_1.532544	186	257	40	21	71	0.2957746
NODE_237906_length_268_cov_1.508876	52	131	0	79	79	1.0000000
NODE_238009_length_268_cov_1.384615	0	46	0	46	46	1.0000000
NODE_238070_length_268_cov_1.278107	100	175	2	75	75	1.0000000
NODE_238153_length_268_cov_1.207101	187	209	0	22	22	1.0000000
NODE_238478_length_268_cov_1.153846	135	195	0	60	60	1.0000000
NODE_239018_length_268_cov_0.852071	59	119	32	60	60	1.0000000
NODE_239805_length_267_cov_4.297619	0	52	0	52	52	1.0000000
NODE_239817_length_267_cov_4.119048	41	87	0	46	46	1.0000000
NODE_239845_length_267_cov_3.785714	96	163	0	5	67	0.0746269
NODE_239845_length_267_cov_3.785714	96	163	2	62	67	0.9253731
NODE_239845_length_267_cov_3.785714	136	178	2	42	42	1.0000000
NODE_239873_length_267_cov_3.535714	40	101	2	22	61	0.3606557
NODE_239873_length_267_cov_3.535714	40	101	6	39	61	0.6393443
NODE_239873_length_267_cov_3.535714	74	154	4	4	80	0.0500000
NODE_239873_length_267_cov_3.535714	74	154	5	2	80	0.0250000
NODE_239873_length_267_cov_3.535714	74	154	6	74	80	0.9250000
NODE_239958_length_267_cov_3.005952	216	267	0	51	51	1.0000000
NODE_239959_length_267_cov_3.000000	87	144	0	3	57	0.0526316
NODE_239959_length_267_cov_3.000000	87	144	4	3	57	0.0526316
NODE_239959_length_267_cov_3.000000	87	144	6	8	57	0.1403509
NODE_239959_length_267_cov_3.000000	87	144	8	43	57	0.7543859
NODE_240007_length_267_cov_2.726190	177	220	1	43	43	1.0000000
NODE_240024_length_267_cov_2.690476	117	170	27	7	53	0.1320755
NODE_240024_length_267_cov_2.690476	117	170	29	9	53	0.1698113
NODE_240024_length_267_cov_2.690476	117	170	30	11	53	0.2075472
NODE_240024_length_267_cov_2.690476	117	170	32	10	53	0.1886792
NODE_240024_length_267_cov_2.690476	117	170	33	16	53	0.3018868
NODE_240029_length_267_cov_2.666667	198	267	0	69	69	1.0000000
NODE_240114_length_267_cov_2.428571	189	254	0	62	65	0.9538462
NODE_240114_length_267_cov_2.428571	189	254	1	1	65	0.0153846
NODE_240114_length_267_cov_2.428571	189	254	7	1	65	0.0153846
NODE_240114_length_267_cov_2.428571	189	254	8	1	65	0.0153846
NODE_240207_length_267_cov_2.208333	45	103	2	58	58	1.0000000
NODE_240246_length_267_cov_2.125000	124	175	4	51	51	1.0000000
NODE_240303_length_267_cov_2.077381	65	146	2	81	81	1.0000000
NODE_240303_length_267_cov_2.077381	229	264	0	35	35	1.0000000
NODE_240331_length_267_cov_2.005952	147	228	4	8	81	0.0987654
NODE_240331_length_267_cov_2.005952	147	228	8	65	81	0.8024691
NODE_240331_length_267_cov_2.005952	147	228	10	8	81	0.0987654
NODE_240331_length_267_cov_2.005952	201	267	0	1	66	0.0151515
NODE_240331_length_267_cov_2.005952	201	267	4	13	66	0.1969697
NODE_240331_length_267_cov_2.005952	201	267	6	6	66	0.0909091
NODE_240331_length_267_cov_2.005952	201	267	8	46	66	0.6969697
NODE_240336_length_267_cov_1.988095	77	157	0	80	80	1.0000000
NODE_240336_length_267_cov_1.988095	130	210	0	80	80	1.0000000
NODE_240620_length_267_cov_1.755952	119	199	0	80	80	1.0000000
NODE_240624_length_267_cov_1.750000	23	104	29	4	81	0.0493827
NODE_240624_length_267_cov_1.750000	23	104	30	1	81	0.0123457
NODE_240624_length_267_cov_1.750000	23	104	32	4	81	0.0493827
NODE_240624_length_267_cov_1.750000	23	104	36	6	81	0.0740741
NODE_240624_length_267_cov_1.750000	23	104	42	17	81	0.2098765
NODE_240624_length_267_cov_1.750000	23	104	44	10	81	0.1234568
NODE_240624_length_267_cov_1.750000	23	104	46	3	81	0.0370370
NODE_240624_length_267_cov_1.750000	23	104	48	3	81	0.0370370
NODE_240624_length_267_cov_1.750000	23	104	50	33	81	0.4074074
NODE_240624_length_267_cov_1.750000	179	208	4	11	29	0.3793103
NODE_240624_length_267_cov_1.750000	179	208	5	1	29	0.0344828
NODE_240624_length_267_cov_1.750000	179	208	6	14	29	0.4827586
NODE_240624_length_267_cov_1.750000	179	208	8	3	29	0.1034483
NODE_240653_length_267_cov_1.690476	18	90	0	72	72	1.0000000
NODE_240790_length_267_cov_1.517857	6	43	0	37	37	1.0000000
NODE_241075_length_267_cov_1.214286	37	91	0	54	54	1.0000000
NODE_241240_length_267_cov_1.214286	89	126	0	37	37	1.0000000
NODE_241352_length_267_cov_1.208333	124	164	0	12	40	0.3000000
NODE_241352_length_267_cov_1.208333	124	164	1	4	40	0.1000000
NODE_241352_length_267_cov_1.208333	124	164	2	24	40	0.6000000
NODE_241484_length_267_cov_1.125000	57	103	0	10	46	0.2173913
NODE_241484_length_267_cov_1.125000	57	103	2	36	46	0.7826087
NODE_241512_length_267_cov_1.089286	119	196	0	13	77	0.1688312
NODE_241512_length_267_cov_1.089286	119	196	2	64	77	0.8311688
NODE_241512_length_267_cov_1.089286	169	249	0	66	80	0.8250000
NODE_241512_length_267_cov_1.089286	169	249	2	14	80	0.1750000
NODE_241517_length_267_cov_1.083333	133	152	12	1	19	0.0526316
NODE_241517_length_267_cov_1.083333	133	152	14	3	19	0.1578947
NODE_241517_length_267_cov_1.083333	133	152	16	15	19	0.7894737
NODE_241517_length_267_cov_1.083333	183	264	2	20	81	0.2469136
NODE_241517_length_267_cov_1.083333	183	264	4	7	81	0.0864198
NODE_241517_length_267_cov_1.083333	183	264	6	2	81	0.0246914
NODE_241517_length_267_cov_1.083333	183	264	8	10	81	0.1234568
NODE_241517_length_267_cov_1.083333	183	264	10	5	81	0.0617284
NODE_241517_length_267_cov_1.083333	183	264	14	13	81	0.1604938
NODE_241517_length_267_cov_1.083333	183	264	16	24	81	0.2962963
NODE_241588_length_267_cov_1.017857	205	267	0	62	62	1.0000000
NODE_241633_length_267_cov_0.982143	4	75	0	71	71	1.0000000
NODE_242999_length_266_cov_5.706587	120	199	0	79	79	1.0000000
NODE_242999_length_266_cov_5.706587	172	239	0	67	67	1.0000000
NODE_243010_length_266_cov_5.107784	68	150	0	82	82	1.0000000
NODE_243064_length_266_cov_4.125749	99	168	0	3	69	0.0434783
NODE_243064_length_266_cov_4.125749	99	168	2	6	69	0.0869565
NODE_243064_length_266_cov_4.125749	99	168	3	2	69	0.0289855
NODE_243064_length_266_cov_4.125749	99	168	5	12	69	0.1739130
NODE_243064_length_266_cov_4.125749	99	168	7	11	69	0.1594203
NODE_243064_length_266_cov_4.125749	99	168	9	35	69	0.5072464
NODE_243079_length_266_cov_3.958084	40	120	0	80	80	1.0000000
NODE_243079_length_266_cov_3.958084	93	159	0	66	66	1.0000000
NODE_243136_length_266_cov_3.419162	68	130	10	29	62	0.4677419
NODE_243136_length_266_cov_3.419162	68	130	11	9	62	0.1451613
NODE_243136_length_266_cov_3.419162	68	130	13	11	62	0.1774193
NODE_243136_length_266_cov_3.419162	68	130	14	13	62	0.2096774
NODE_243136_length_266_cov_3.419162	116	183	8	12	67	0.1791045
NODE_243136_length_266_cov_3.419162	116	183	13	1	67	0.0149254
NODE_243136_length_266_cov_3.419162	116	183	14	54	67	0.8059701
NODE_243168_length_266_cov_3.137725	6	86	0	80	80	1.0000000
NODE_243168_length_266_cov_3.137725	59	120	0	61	61	1.0000000
NODE_243174_length_266_cov_3.107784	166	232	6	1	66	0.0151515
NODE_243174_length_266_cov_3.107784	166	232	8	4	66	0.0606061
NODE_243174_length_266_cov_3.107784	166	232	10	16	66	0.2424242
NODE_243174_length_266_cov_3.107784	166	232	12	4	66	0.0606061
NODE_243174_length_266_cov_3.107784	166	232	14	14	66	0.2121212
NODE_243174_length_266_cov_3.107784	166	232	16	2	66	0.0303030
NODE_243174_length_266_cov_3.107784	166	232	18	12	66	0.1818182
NODE_243174_length_266_cov_3.107784	166	232	20	10	66	0.1515152
NODE_243174_length_266_cov_3.107784	166	232	22	3	66	0.0454545
NODE_243475_length_266_cov_2.179641	110	191	2	19	81	0.2345679
NODE_243475_length_266_cov_2.179641	110	191	4	6	81	0.0740741
NODE_243475_length_266_cov_2.179641	110	191	8	50	81	0.6172839
NODE_243475_length_266_cov_2.179641	110	191	10	6	81	0.0740741
NODE_243497_length_266_cov_2.137725	156	236	9	1	80	0.0125000
NODE_243497_length_266_cov_2.137725	156	236	10	7	80	0.0875000
NODE_243497_length_266_cov_2.137725	156	236	11	16	80	0.2000000
NODE_243497_length_266_cov_2.137725	156	236	12	1	80	0.0125000
NODE_243497_length_266_cov_2.137725	156	236	14	55	80	0.6875000
NODE_243570_length_266_cov_2.023952	47	123	0	6	76	0.0789474
NODE_243570_length_266_cov_2.023952	47	123	2	70	76	0.9210526
NODE_243972_length_266_cov_1.532934	155	235	0	80	80	1.0000000
NODE_244681_length_266_cov_1.113772	70	97	0	27	27	1.0000000
NODE_244760_length_266_cov_1.023952	144	201	2	57	57	1.0000000
NODE_244760_length_266_cov_1.023952	199	265	1	2	66	0.0303030
NODE_244760_length_266_cov_1.023952	199	265	2	64	66	0.9696970
NODE_245049_length_266_cov_0.916168	51	122	0	71	71	1.0000000
NODE_245280_length_266_cov_0.730539	132	158	0	26	26	1.0000000
NODE_245538_length_266_cov_0.610778	99	139	0	40	40	1.0000000
NODE_245538_length_266_cov_0.610778	112	156	0	44	44	1.0000000
NODE_246087_length_265_cov_7.843373	128	208	0	80	80	1.0000000
NODE_246192_length_265_cov_4.054217	65	145	0	80	80	1.0000000
NODE_246192_length_265_cov_4.054217	118	198	0	80	80	1.0000000
NODE_246198_length_265_cov_3.993976	195	231	0	36	36	1.0000000
NODE_246284_length_265_cov_3.150602	183	263	0	80	80	1.0000000
NODE_246374_length_265_cov_2.789157	177	238	0	61	61	1.0000000
NODE_246409_length_265_cov_2.734940	167	247	0	2	80	0.0250000
NODE_246409_length_265_cov_2.734940	167	247	2	17	80	0.2125000
NODE_246409_length_265_cov_2.734940	167	247	4	12	80	0.1500000
NODE_246409_length_265_cov_2.734940	167	247	6	49	80	0.6125000
NODE_246432_length_265_cov_2.608434	188	259	0	71	71	1.0000000
NODE_246606_length_265_cov_2.156627	197	237	55	9	40	0.2250000
NODE_246606_length_265_cov_2.156627	197	237	58	1	40	0.0250000
NODE_246606_length_265_cov_2.156627	197	237	60	7	40	0.1750000
NODE_246606_length_265_cov_2.156627	197	237	62	1	40	0.0250000
NODE_246606_length_265_cov_2.156627	197	237	63	22	40	0.5500000
NODE_246624_length_265_cov_2.150602	169	218	0	49	49	1.0000000
NODE_246692_length_265_cov_1.975904	15	44	0	29	29	1.0000000
NODE_246811_length_265_cov_1.843373	195	265	0	70	70	1.0000000
NODE_247028_length_265_cov_1.620482	115	186	4	22	71	0.3098592
NODE_247028_length_265_cov_1.620482	115	186	6	49	71	0.6901408
NODE_247028_length_265_cov_1.620482	117	171	4	20	54	0.3703704
NODE_247028_length_265_cov_1.620482	117	171	6	34	54	0.6296296
NODE_247031_length_265_cov_1.614458	53	113	6	16	60	0.2666667
NODE_247031_length_265_cov_1.614458	53	113	10	2	60	0.0333333
NODE_247031_length_265_cov_1.614458	53	113	12	3	60	0.0500000
NODE_247031_length_265_cov_1.614458	53	113	14	6	60	0.1000000
NODE_247031_length_265_cov_1.614458	53	113	16	7	60	0.1166667
NODE_247031_length_265_cov_1.614458	53	113	18	2	60	0.0333333
NODE_247031_length_265_cov_1.614458	53	113	20	8	60	0.1333333
NODE_247031_length_265_cov_1.614458	53	113	22	4	60	0.0666667
NODE_247031_length_265_cov_1.614458	53	113	23	9	60	0.1500000
NODE_247031_length_265_cov_1.614458	53	113	24	2	60	0.0333333
NODE_247031_length_265_cov_1.614458	53	113	25	1	60	0.0166667
NODE_247031_length_265_cov_1.614458	86	166	16	1	80	0.0125000
NODE_247031_length_265_cov_1.614458	86	166	18	2	80	0.0250000
NODE_247031_length_265_cov_1.614458	86	166	20	8	80	0.1000000
NODE_247031_length_265_cov_1.614458	86	166	22	4	80	0.0500000
NODE_247031_length_265_cov_1.614458	86	166	23	9	80	0.1125000
NODE_247031_length_265_cov_1.614458	86	166	24	2	80	0.0250000
NODE_247031_length_265_cov_1.614458	86	166	25	1	80	0.0125000
NODE_247031_length_265_cov_1.614458	86	166	27	5	80	0.0625000
NODE_247031_length_265_cov_1.614458	86	166	31	1	80	0.0125000
NODE_247031_length_265_cov_1.614458	86	166	32	47	80	0.5875000
NODE_247314_length_265_cov_1.337349	107	168	0	10	61	0.1639344
NODE_247314_length_265_cov_1.337349	107	168	2	51	61	0.8360656
NODE_247952_length_265_cov_1.000000	187	251	2	64	64	1.0000000
NODE_247972_length_265_cov_0.987952	44	63	0	19	19	1.0000000
NODE_249395_length_264_cov_4.018182	141	178	0	21	37	0.5675676
NODE_249395_length_264_cov_4.018182	141	178	2	16	37	0.4324324
NODE_249404_length_264_cov_3.957576	59	132	0	73	73	1.0000000
NODE_249404_length_264_cov_3.957576	112	192	0	56	80	0.7000000
NODE_249404_length_264_cov_3.957576	112	192	2	24	80	0.3000000
NODE_249415_length_264_cov_3.824242	178	220	0	42	42	1.0000000
NODE_249452_length_264_cov_3.400000	73	125	0	52	52	1.0000000
NODE_249452_length_264_cov_3.400000	124	165	0	41	41	1.0000000
NODE_249485_length_264_cov_3.133333	119	186	0	67	67	1.0000000
NODE_249530_length_264_cov_3.012121	122	198	0	8	76	0.1052632
NODE_249530_length_264_cov_3.012121	122	198	2	68	76	0.8947368
NODE_249904_length_264_cov_2.048485	32	98	0	45	66	0.6818182
NODE_249904_length_264_cov_2.048485	32	98	4	15	66	0.2272727
NODE_249904_length_264_cov_2.048485	32	98	6	6	66	0.0909091
NODE_249905_length_264_cov_2.048485	133	176	0	43	43	1.0000000
NODE_249912_length_264_cov_2.012121	20	84	0	64	64	1.0000000
NODE_249931_length_264_cov_1.951515	178	211	2	33	33	1.0000000
NODE_249982_length_264_cov_1.854545	130	161	0	31	31	1.0000000
NODE_250202_length_264_cov_1.745455	26	81	0	55	55	1.0000000
NODE_250202_length_264_cov_1.745455	86	153	0	67	67	1.0000000
NODE_250203_length_264_cov_1.745455	90	169	6	16	79	0.2025317
NODE_250203_length_264_cov_1.745455	90	169	10	9	79	0.1139240
NODE_250203_length_264_cov_1.745455	90	169	12	1	79	0.0126582
NODE_250203_length_264_cov_1.745455	90	169	14	10	79	0.1265823
NODE_250203_length_264_cov_1.745455	90	169	16	43	79	0.5443038
NODE_250203_length_264_cov_1.745455	143	207	10	11	64	0.1718750
NODE_250203_length_264_cov_1.745455	143	207	14	25	64	0.3906250
NODE_250203_length_264_cov_1.745455	143	207	16	28	64	0.4375000
NODE_250297_length_264_cov_1.569697	173	236	0	63	63	1.0000000
NODE_250314_length_264_cov_1.545455	206	255	0	49	49	1.0000000
NODE_250381_length_264_cov_1.545455	35	66	0	31	31	1.0000000
NODE_250446_length_264_cov_1.503030	0	63	0	63	63	1.0000000
NODE_250513_length_264_cov_1.406061	149	230	0	81	81	1.0000000
NODE_250513_length_264_cov_1.406061	225	260	0	35	35	1.0000000
NODE_250635_length_264_cov_1.236364	2	63	4	14	61	0.2295082
NODE_250635_length_264_cov_1.236364	2	63	6	47	61	0.7704918
NODE_251015_length_264_cov_1.151515	11	68	0	57	57	1.0000000
NODE_251529_length_264_cov_0.921212	49	85	0	36	36	1.0000000
NODE_251703_length_264_cov_0.721212	233	252	0	19	19	1.0000000
NODE_252559_length_263_cov_5.115854	132	219	10	1	87	0.0114943
NODE_252559_length_263_cov_5.115854	132	219	11	1	87	0.0114943
NODE_252559_length_263_cov_5.115854	132	219	12	20	87	0.2298851
NODE_252559_length_263_cov_5.115854	132	219	14	1	87	0.0114943
NODE_252559_length_263_cov_5.115854	132	219	18	3	87	0.0344828
NODE_252559_length_263_cov_5.115854	132	219	22	61	87	0.7011494
NODE_252563_length_263_cov_4.914634	45	117	4	7	72	0.0972222
NODE_252563_length_263_cov_4.914634	45	117	6	65	72	0.9027778
NODE_252595_length_263_cov_4.225610	67	124	42	2	57	0.0350877
NODE_252595_length_263_cov_4.225610	67	124	44	29	57	0.5087720
NODE_252595_length_263_cov_4.225610	67	124	46	1	57	0.0175439
NODE_252595_length_263_cov_4.225610	67	124	48	6	57	0.1052632
NODE_252595_length_263_cov_4.225610	67	124	54	19	57	0.3333333
NODE_252663_length_263_cov_3.518293	104	176	6	72	72	1.0000000
NODE_252766_length_263_cov_2.908537	7	93	0	33	86	0.3837209
NODE_252766_length_263_cov_2.908537	7	93	2	53	86	0.6162791
NODE_252778_length_263_cov_2.798780	67	146	6	79	79	1.0000000
NODE_252932_length_263_cov_2.396341	207	238	0	31	31	1.0000000
NODE_253261_length_263_cov_1.865854	51	81	0	30	30	1.0000000
NODE_253310_length_263_cov_1.847561	113	189	0	7	76	0.0921053
NODE_253310_length_263_cov_1.847561	113	189	2	69	76	0.9078947
NODE_253379_length_263_cov_1.750000	151	231	0	80	80	1.0000000
NODE_253468_length_263_cov_1.579268	32	95	21	24	63	0.3809524
NODE_253468_length_263_cov_1.579268	32	95	23	5	63	0.0793651
NODE_253468_length_263_cov_1.579268	32	95	25	34	63	0.5396826
NODE_253477_length_263_cov_1.567073	98	155	2	57	57	1.0000000
NODE_253619_length_263_cov_1.506098	157	217	0	22	60	0.3666667
NODE_253619_length_263_cov_1.506098	157	217	4	38	60	0.6333333
NODE_253620_length_263_cov_1.506098	84	113	8	29	29	1.0000000
NODE_253753_length_263_cov_1.286585	143	223	0	8	80	0.1000000
NODE_253753_length_263_cov_1.286585	143	223	4	3	80	0.0375000
NODE_253753_length_263_cov_1.286585	143	223	5	8	80	0.1000000
NODE_253753_length_263_cov_1.286585	143	223	7	2	80	0.0250000
NODE_253753_length_263_cov_1.286585	143	223	9	6	80	0.0750000
NODE_253753_length_263_cov_1.286585	143	223	10	11	80	0.1375000
NODE_253753_length_263_cov_1.286585	143	223	14	2	80	0.0250000
NODE_253753_length_263_cov_1.286585	143	223	16	2	80	0.0250000
NODE_253753_length_263_cov_1.286585	143	223	18	16	80	0.2000000
NODE_253753_length_263_cov_1.286585	143	223	20	12	80	0.1500000
NODE_253753_length_263_cov_1.286585	143	223	24	10	80	0.1250000
NODE_253788_length_263_cov_1.243902	206	263	0	57	57	1.0000000
NODE_254174_length_263_cov_1.170732	12	66	0	54	54	1.0000000
NODE_254174_length_263_cov_1.170732	39	119	0	80	80	1.0000000
NODE_254301_length_263_cov_1.067073	137	202	0	65	65	1.0000000
NODE_254301_length_263_cov_1.067073	175	255	0	80	80	1.0000000
NODE_254783_length_263_cov_0.810976	163	245	45	1	82	0.0121951
NODE_254783_length_263_cov_0.810976	163	245	49	2	82	0.0243902
NODE_254783_length_263_cov_0.810976	163	245	52	4	82	0.0487805
NODE_254783_length_263_cov_0.810976	163	245	53	2	82	0.0243902
NODE_254783_length_263_cov_0.810976	163	245	55	5	82	0.0609756
NODE_254783_length_263_cov_0.810976	163	245	56	1	82	0.0121951
NODE_254783_length_263_cov_0.810976	163	245	57	2	82	0.0243902
NODE_254783_length_263_cov_0.810976	163	245	63	3	82	0.0365854
NODE_254783_length_263_cov_0.810976	163	245	67	3	82	0.0365854
NODE_254783_length_263_cov_0.810976	163	245	69	1	82	0.0121951
NODE_254783_length_263_cov_0.810976	163	245	72	1	82	0.0121951
NODE_254783_length_263_cov_0.810976	163	245	74	1	82	0.0121951
NODE_254783_length_263_cov_0.810976	163	245	78	1	82	0.0121951
NODE_254783_length_263_cov_0.810976	163	245	80	3	82	0.0365854
NODE_254783_length_263_cov_0.810976	163	245	83	1	82	0.0121951
NODE_254783_length_263_cov_0.810976	163	245	85	6	82	0.0731707
NODE_254783_length_263_cov_0.810976	163	245	87	3	82	0.0365854
NODE_254783_length_263_cov_0.810976	163	245	88	1	82	0.0121951
NODE_254783_length_263_cov_0.810976	163	245	90	1	82	0.0121951
NODE_254783_length_263_cov_0.810976	163	245	92	6	82	0.0731707
NODE_254783_length_263_cov_0.810976	163	245	94	3	82	0.0365854
NODE_254783_length_263_cov_0.810976	163	245	95	5	82	0.0609756
NODE_254783_length_263_cov_0.810976	163	245	97	9	82	0.1097561
NODE_254783_length_263_cov_0.810976	163	245	101	1	82	0.0121951
NODE_254783_length_263_cov_0.810976	163	245	102	3	82	0.0365854
NODE_254783_length_263_cov_0.810976	163	245	103	5	82	0.0609756
NODE_254783_length_263_cov_0.810976	163	245	104	8	82	0.0975610
NODE_255446_length_263_cov_0.621951	212	258	0	46	46	1.0000000
NODE_255524_length_263_cov_0.621951	131	151	0	20	20	1.0000000
NODE_255559_length_263_cov_0.621951	67	86	0	19	19	1.0000000
NODE_255727_length_262_cov_5.312883	20	82	0	62	62	1.0000000
NODE_255769_length_262_cov_4.447853	102	155	0	53	53	1.0000000
NODE_255821_length_262_cov_3.766871	48	89	0	41	41	1.0000000
NODE_255860_length_262_cov_3.435583	158	235	0	77	77	1.0000000
NODE_255945_length_262_cov_2.938650	142	222	0	80	80	1.0000000
NODE_256009_length_262_cov_2.723926	103	183	0	65	80	0.8125000
NODE_256009_length_262_cov_2.723926	103	183	2	15	80	0.1875000
NODE_256049_length_262_cov_2.509202	88	148	2	1	60	0.0166667
NODE_256049_length_262_cov_2.509202	88	148	4	59	60	0.9833333
NODE_256050_length_262_cov_2.509202	0	61	0	61	61	1.0000000
NODE_256050_length_262_cov_2.509202	107	171	0	64	64	1.0000000
NODE_256050_length_262_cov_2.509202	144	224	0	80	80	1.0000000
NODE_256129_length_262_cov_2.429448	14	87	0	73	73	1.0000000
NODE_256129_length_262_cov_2.429448	62	149	0	87	87	1.0000000
NODE_256176_length_262_cov_2.226994	2	79	0	77	77	1.0000000
NODE_256187_length_262_cov_2.202454	61	81	0	20	20	1.0000000
NODE_256199_length_262_cov_2.190184	172	235	4	9	63	0.1428571
NODE_256199_length_262_cov_2.190184	172	235	6	54	63	0.8571429
NODE_256239_length_262_cov_2.177914	133	189	0	56	56	1.0000000
NODE_256265_length_262_cov_2.122699	96	157	0	37	61	0.6065574
NODE_256265_length_262_cov_2.122699	96	157	2	24	61	0.3934426
NODE_256386_length_262_cov_1.877301	0	77	0	59	77	0.7662337
NODE_256386_length_262_cov_1.877301	0	77	2	18	77	0.2337662
NODE_256390_length_262_cov_1.877301	77	124	0	47	47	1.0000000
NODE_256481_length_262_cov_1.871166	192	252	0	60	60	1.0000000
NODE_256596_length_262_cov_1.736196	149	208	0	59	59	1.0000000
NODE_256630_length_262_cov_1.680982	2	82	0	80	80	1.0000000
NODE_256650_length_262_cov_1.656442	135	166	0	31	31	1.0000000
NODE_256659_length_262_cov_1.638037	111	142	8	2	31	0.0645161
NODE_256659_length_262_cov_1.638037	111	142	10	8	31	0.2580645
NODE_256659_length_262_cov_1.638037	111	142	12	21	31	0.6774194
NODE_256704_length_262_cov_1.576687	102	182	4	29	80	0.3625000
NODE_256704_length_262_cov_1.576687	102	182	8	51	80	0.6375000
NODE_256704_length_262_cov_1.576687	155	221	4	2	66	0.0303030
NODE_256704_length_262_cov_1.576687	155	221	6	14	66	0.2121212
NODE_256704_length_262_cov_1.576687	155	221	8	50	66	0.7575758
NODE_256742_length_262_cov_1.564417	69	124	0	29	55	0.5272727
NODE_256742_length_262_cov_1.564417	69	124	2	26	55	0.4727273
NODE_256742_length_262_cov_1.564417	106	177	0	71	71	1.0000000
NODE_256933_length_262_cov_1.349693	52	102	0	50	50	1.0000000
NODE_256933_length_262_cov_1.349693	83	149	0	66	66	1.0000000
NODE_257199_length_262_cov_1.251534	44	124	0	49	80	0.6125000
NODE_257199_length_262_cov_1.251534	44	124	2	31	80	0.3875000
NODE_257199_length_262_cov_1.251534	97	171	2	74	74	1.0000000
NODE_258876_length_261_cov_31.913580	32	112	0	80	80	1.0000000
NODE_258876_length_261_cov_31.913580	85	171	0	86	86	1.0000000
NODE_258901_length_261_cov_6.376543	126	201	0	75	75	1.0000000
NODE_258901_length_261_cov_6.376543	179	254	0	75	75	1.0000000
NODE_258929_length_261_cov_5.469136	56	132	0	76	76	1.0000000
NODE_259329_length_261_cov_2.425926	53	134	0	81	81	1.0000000
NODE_259361_length_261_cov_2.333333	41	136	1	1	95	0.0105263
NODE_259361_length_261_cov_2.333333	41	136	2	94	95	0.9894737
NODE_259435_length_261_cov_2.191358	86	122	0	8	36	0.2222222
NODE_259435_length_261_cov_2.191358	86	122	1	28	36	0.7777778
NODE_259495_length_261_cov_1.993827	134	214	0	23	80	0.2875000
NODE_259495_length_261_cov_1.993827	134	214	2	57	80	0.7125000
NODE_259672_length_261_cov_1.882716	51	105	4	13	54	0.2407407
NODE_259672_length_261_cov_1.882716	51	105	8	41	54	0.7592593
NODE_259740_length_261_cov_1.839506	118	197	0	79	79	1.0000000
NODE_259769_length_261_cov_1.783951	69	141	8	12	72	0.1666667
NODE_259769_length_261_cov_1.783951	69	141	12	60	72	0.8333333
NODE_260089_length_261_cov_1.388889	202	247	0	45	45	1.0000000
NODE_260090_length_261_cov_1.382716	14	61	0	47	47	1.0000000
NODE_260428_length_261_cov_1.253086	100	138	14	38	38	1.0000000
NODE_260738_length_261_cov_1.030864	122	205	2	27	83	0.3253012
NODE_260738_length_261_cov_1.030864	122	205	4	56	83	0.6746988
NODE_260738_length_261_cov_1.030864	129	210	2	29	81	0.3580247
NODE_260738_length_261_cov_1.030864	129	210	4	52	81	0.6419753
NODE_260738_length_261_cov_1.030864	129	184	2	3	55	0.0545455
NODE_260738_length_261_cov_1.030864	129	184	4	52	55	0.9454545
NODE_260738_length_261_cov_1.030864	187	248	2	61	61	1.0000000
NODE_260767_length_261_cov_1.006173	3	45	0	9	42	0.2142857
NODE_260767_length_261_cov_1.006173	3	45	2	33	42	0.7857143
NODE_260767_length_261_cov_1.006173	46	98	0	4	52	0.0769231
NODE_260767_length_261_cov_1.006173	46	98	2	48	52	0.9230769
NODE_262062_length_261_cov_0.580247	11	31	0	20	20	1.0000000
NODE_262121_length_260_cov_8.844720	74	138	4	64	64	1.0000000
NODE_262123_length_260_cov_8.447205	30	110	0	80	80	1.0000000
NODE_262123_length_260_cov_8.447205	83	167	0	84	84	1.0000000
NODE_262123_length_260_cov_8.447205	163	243	0	80	80	1.0000000
NODE_262149_length_260_cov_5.807453	38	118	0	80	80	1.0000000
NODE_262149_length_260_cov_5.807453	91	171	0	80	80	1.0000000
NODE_262264_length_260_cov_3.645963	5	57	0	52	52	1.0000000
NODE_262329_length_260_cov_3.167702	91	163	2	72	72	1.0000000
NODE_262378_length_260_cov_2.981366	58	127	0	52	69	0.7536232
NODE_262378_length_260_cov_2.981366	58	127	2	17	69	0.2463768
NODE_262384_length_260_cov_2.913043	10	90	0	80	80	1.0000000
NODE_262708_length_260_cov_2.161491	174	251	0	77	77	1.0000000
NODE_262733_length_260_cov_2.080745	188	258	0	70	70	1.0000000
NODE_262788_length_260_cov_1.950311	27	85	0	58	58	1.0000000
NODE_262930_length_260_cov_1.900621	14	50	0	36	36	1.0000000
NODE_263117_length_260_cov_1.683230	50	130	0	80	80	1.0000000
NODE_263428_length_260_cov_1.347826	38	118	2	11	80	0.1375000
NODE_263428_length_260_cov_1.347826	38	118	4	69	80	0.8625000
NODE_263533_length_260_cov_1.267081	114	199	0	85	85	1.0000000
NODE_263556_length_260_cov_1.267081	198	244	0	46	46	1.0000000
NODE_263568_length_260_cov_1.267081	145	189	2	44	44	1.0000000
NODE_265483_length_259_cov_4.800000	35	95	2	60	60	1.0000000
NODE_265584_length_259_cov_3.675000	119	161	0	42	42	1.0000000
NODE_265584_length_259_cov_3.675000	134	214	0	80	80	1.0000000
NODE_265592_length_259_cov_3.593750	100	143	4	43	43	1.0000000
NODE_265611_length_259_cov_3.475000	198	259	2	61	61	1.0000000
NODE_265625_length_259_cov_3.331250	72	118	0	46	46	1.0000000
NODE_265636_length_259_cov_3.237500	103	160	4	57	57	1.0000000
NODE_265704_length_259_cov_2.937500	209	233	0	23	24	0.9583333
NODE_265704_length_259_cov_2.937500	209	233	2	1	24	0.0416667
NODE_265735_length_259_cov_2.850000	0	41	0	41	41	1.0000000
NODE_265735_length_259_cov_2.850000	14	94	0	80	80	1.0000000
NODE_265818_length_259_cov_2.550000	9	82	0	73	73	1.0000000
NODE_265942_length_259_cov_2.287500	147	225	4	78	78	1.0000000
NODE_265942_length_259_cov_2.287500	198	241	4	43	43	1.0000000
NODE_266032_length_259_cov_2.156250	0	72	0	72	72	1.0000000
NODE_266080_length_259_cov_2.012500	8	73	0	65	65	1.0000000
NODE_266080_length_259_cov_2.012500	53	126	0	73	73	1.0000000
NODE_266101_length_259_cov_1.962500	108	189	8	3	81	0.0370370
NODE_266101_length_259_cov_1.962500	108	189	10	78	81	0.9629630
NODE_266117_length_259_cov_1.918750	49	120	0	36	71	0.5070422
NODE_266117_length_259_cov_1.918750	49	120	2	35	71	0.4929577
NODE_266183_length_259_cov_1.912500	114	177	0	63	63	1.0000000
NODE_266365_length_259_cov_1.837500	180	252	0	8	72	0.1111111
NODE_266365_length_259_cov_1.837500	180	252	2	18	72	0.2500000
NODE_266365_length_259_cov_1.837500	180	252	4	46	72	0.6388889
NODE_266609_length_259_cov_1.593750	27	67	0	40	40	1.0000000
NODE_266746_length_259_cov_1.400000	117	164	2	26	47	0.5531915
NODE_266746_length_259_cov_1.400000	117	164	4	21	47	0.4468085
NODE_266746_length_259_cov_1.400000	137	217	0	4	80	0.0500000
NODE_266746_length_259_cov_1.400000	137	217	2	75	80	0.9375000
NODE_266746_length_259_cov_1.400000	137	217	4	1	80	0.0125000
NODE_268816_length_258_cov_6.415094	129	209	0	80	80	1.0000000
NODE_268816_length_258_cov_6.415094	182	258	0	76	76	1.0000000
NODE_268823_length_258_cov_6.157233	1	81	0	80	80	1.0000000
NODE_268823_length_258_cov_6.157233	9	64	0	55	55	1.0000000
NODE_268852_length_258_cov_4.798742	83	163	2	29	80	0.3625000
NODE_268852_length_258_cov_4.798742	83	163	4	43	80	0.5375000
NODE_268852_length_258_cov_4.798742	83	163	6	8	80	0.1000000
NODE_268870_length_258_cov_4.396226	0	44	0	44	44	1.0000000
NODE_268870_length_258_cov_4.396226	24	97	0	73	73	1.0000000
NODE_268880_length_258_cov_4.301887	0	54	0	54	54	1.0000000
NODE_268942_length_258_cov_3.616352	29	58	0	29	29	1.0000000
NODE_268982_length_258_cov_3.352201	47	127	10	2	80	0.0250000
NODE_268982_length_258_cov_3.352201	47	127	12	17	80	0.2125000
NODE_268982_length_258_cov_3.352201	47	127	14	14	80	0.1750000
NODE_268982_length_258_cov_3.352201	47	127	16	1	80	0.0125000
NODE_268982_length_258_cov_3.352201	47	127	18	46	80	0.5750000
NODE_269086_length_258_cov_2.886792	102	121	0	19	19	1.0000000
NODE_269091_length_258_cov_2.880503	92	172	0	80	80	1.0000000
NODE_269102_length_258_cov_2.855346	96	138	24	8	42	0.1904762
NODE_269102_length_258_cov_2.855346	96	138	26	34	42	0.8095238
NODE_269102_length_258_cov_2.855346	148	191	3	5	43	0.1162791
NODE_269102_length_258_cov_2.855346	148	191	4	1	43	0.0232558
NODE_269102_length_258_cov_2.855346	148	191	6	1	43	0.0232558
NODE_269102_length_258_cov_2.855346	148	191	7	15	43	0.3488372
NODE_269102_length_258_cov_2.855346	148	191	8	2	43	0.0465116
NODE_269102_length_258_cov_2.855346	148	191	12	1	43	0.0232558
NODE_269102_length_258_cov_2.855346	148	191	13	1	43	0.0232558
NODE_269102_length_258_cov_2.855346	148	191	15	1	43	0.0232558
NODE_269102_length_258_cov_2.855346	148	191	20	13	43	0.3023256
NODE_269102_length_258_cov_2.855346	148	191	22	3	43	0.0697674
NODE_269113_length_258_cov_2.817610	10	58	0	48	48	1.0000000
NODE_269264_length_258_cov_2.383648	48	128	0	31	80	0.3875000
NODE_269264_length_258_cov_2.383648	48	128	4	49	80	0.6125000
NODE_269264_length_258_cov_2.383648	101	182	0	8	81	0.0987654
NODE_269264_length_258_cov_2.383648	101	182	4	73	81	0.9012346
NODE_269338_length_258_cov_2.238994	61	141	0	30	80	0.3750000
NODE_269338_length_258_cov_2.238994	61	141	1	24	80	0.3000000
NODE_269338_length_258_cov_2.238994	61	141	2	26	80	0.3250000
NODE_269615_length_258_cov_1.918239	0	51	0	51	51	1.0000000
NODE_269682_length_258_cov_1.855346	26	47	0	14	21	0.6666667
NODE_269682_length_258_cov_1.855346	26	47	2	7	21	0.3333333
NODE_269682_length_258_cov_1.855346	71	104	2	6	33	0.1818182
NODE_269682_length_258_cov_1.855346	71	104	4	27	33	0.8181818
NODE_269682_length_258_cov_1.855346	81	156	4	75	75	1.0000000
NODE_269749_length_258_cov_1.735849	105	176	9	10	71	0.1408451
NODE_269749_length_258_cov_1.735849	105	176	10	61	71	0.8591549
NODE_269767_length_258_cov_1.710692	8	49	4	13	41	0.3170732
NODE_269767_length_258_cov_1.710692	8	49	8	1	41	0.0243902
NODE_269767_length_258_cov_1.710692	8	49	10	4	41	0.0975610
NODE_269767_length_258_cov_1.710692	8	49	16	21	41	0.5121951
NODE_269767_length_258_cov_1.710692	8	49	18	2	41	0.0487805
NODE_270191_length_258_cov_1.283019	127	191	0	64	64	1.0000000
NODE_270191_length_258_cov_1.283019	164	227	0	63	63	1.0000000
NODE_270465_length_258_cov_1.270440	4	55	0	51	51	1.0000000
NODE_270504_length_258_cov_1.232704	90	166	4	5	76	0.0657895
NODE_270504_length_258_cov_1.232704	90	166	6	1	76	0.0131579
NODE_270504_length_258_cov_1.232704	90	166	8	19	76	0.2500000
NODE_270504_length_258_cov_1.232704	90	166	10	51	76	0.6710526
NODE_270547_length_258_cov_1.201258	49	98	0	49	49	1.0000000
NODE_270876_length_258_cov_0.962264	186	258	0	72	72	1.0000000
NODE_270970_length_258_cov_0.962264	69	124	0	55	55	1.0000000
NODE_272169_length_257_cov_71.158228	81	165	55	4	84	0.0476190
NODE_272169_length_257_cov_71.158228	81	165	58	2	84	0.0238095
NODE_272169_length_257_cov_71.158228	81	165	61	1	84	0.0119048
NODE_272169_length_257_cov_71.158228	81	165	62	2	84	0.0238095
NODE_272169_length_257_cov_71.158228	81	165	64	2	84	0.0238095
NODE_272169_length_257_cov_71.158228	81	165	65	1	84	0.0119048
NODE_272169_length_257_cov_71.158228	81	165	67	3	84	0.0357143
NODE_272169_length_257_cov_71.158228	81	165	69	3	84	0.0357143
NODE_272169_length_257_cov_71.158228	81	165	73	9	84	0.1071429
NODE_272169_length_257_cov_71.158228	81	165	75	4	84	0.0476190
NODE_272169_length_257_cov_71.158228	81	165	77	6	84	0.0714286
NODE_272169_length_257_cov_71.158228	81	165	78	3	84	0.0357143
NODE_272169_length_257_cov_71.158228	81	165	79	4	84	0.0476190
NODE_272169_length_257_cov_71.158228	81	165	80	7	84	0.0833333
NODE_272169_length_257_cov_71.158228	81	165	81	7	84	0.0833333
NODE_272169_length_257_cov_71.158228	81	165	82	7	84	0.0833333
NODE_272169_length_257_cov_71.158228	81	165	83	2	84	0.0238095
NODE_272169_length_257_cov_71.158228	81	165	84	10	84	0.1190476
NODE_272169_length_257_cov_71.158228	81	165	85	1	84	0.0119048
NODE_272169_length_257_cov_71.158228	81	165	86	6	84	0.0714286
NODE_272169_length_257_cov_71.158228	145	218	23	5	73	0.0684932
NODE_272169_length_257_cov_71.158228	145	218	27	9	73	0.1232877
NODE_272169_length_257_cov_71.158228	145	218	29	2	73	0.0273973
NODE_272169_length_257_cov_71.158228	145	218	31	5	73	0.0684932
NODE_272169_length_257_cov_71.158228	145	218	35	10	73	0.1369863
NODE_272169_length_257_cov_71.158228	145	218	40	1	73	0.0136986
NODE_272169_length_257_cov_71.158228	145	218	42	1	73	0.0136986
NODE_272169_length_257_cov_71.158228	145	218	44	1	73	0.0136986
NODE_272169_length_257_cov_71.158228	145	218	46	1	73	0.0136986
NODE_272169_length_257_cov_71.158228	145	218	51	2	73	0.0273973
NODE_272169_length_257_cov_71.158228	145	218	53	2	73	0.0273973
NODE_272169_length_257_cov_71.158228	145	218	59	1	73	0.0136986
NODE_272169_length_257_cov_71.158228	145	218	60	2	73	0.0273973
NODE_272169_length_257_cov_71.158228	145	218	64	8	73	0.1095890
NODE_272169_length_257_cov_71.158228	145	218	72	3	73	0.0410959
NODE_272169_length_257_cov_71.158228	145	218	73	2	73	0.0273973
NODE_272169_length_257_cov_71.158228	145	218	75	2	73	0.0273973
NODE_272169_length_257_cov_71.158228	145	218	77	5	73	0.0684932
NODE_272169_length_257_cov_71.158228	145	218	79	2	73	0.0273973
NODE_272169_length_257_cov_71.158228	145	218	81	2	73	0.0273973
NODE_272169_length_257_cov_71.158228	145	218	82	6	73	0.0821918
NODE_272169_length_257_cov_71.158228	145	218	84	1	73	0.0136986
NODE_272194_length_257_cov_6.329114	15	93	0	6	78	0.0769231
NODE_272194_length_257_cov_6.329114	15	93	2	72	78	0.9230769
NODE_272275_length_257_cov_4.177215	25	86	0	61	61	1.0000000
NODE_272291_length_257_cov_3.987342	55	107	0	52	52	1.0000000
NODE_272304_length_257_cov_3.873418	145	225	0	80	80	1.0000000
NODE_272304_length_257_cov_3.873418	198	254	0	56	56	1.0000000
NODE_272322_length_257_cov_3.740506	133	199	1	14	66	0.2121212
NODE_272322_length_257_cov_3.740506	133	199	2	17	66	0.2575758
NODE_272322_length_257_cov_3.740506	133	199	8	35	66	0.5303030
NODE_272322_length_257_cov_3.740506	177	256	0	41	79	0.5189874
NODE_272322_length_257_cov_3.740506	177	256	1	30	79	0.3797468
NODE_272322_length_257_cov_3.740506	177	256	2	8	79	0.1012658
NODE_272486_length_257_cov_2.734177	1	65	0	64	64	1.0000000
NODE_272491_length_257_cov_2.677215	170	250	0	14	80	0.1750000
NODE_272491_length_257_cov_2.677215	170	250	2	36	80	0.4500000
NODE_272491_length_257_cov_2.677215	170	250	3	8	80	0.1000000
NODE_272491_length_257_cov_2.677215	170	250	4	22	80	0.2750000
NODE_272580_length_257_cov_2.537975	60	137	8	39	77	0.5064935
NODE_272580_length_257_cov_2.537975	60	137	10	38	77	0.4935065
NODE_272596_length_257_cov_2.487342	95	172	0	77	77	1.0000000
NODE_272625_length_257_cov_2.379747	106	186	2	80	80	1.0000000
NODE_272625_length_257_cov_2.379747	159	207	2	48	48	1.0000000
NODE_272724_length_257_cov_2.221519	163	240	0	1	77	0.0129870
NODE_272724_length_257_cov_2.221519	163	240	2	17	77	0.2207792
NODE_272724_length_257_cov_2.221519	163	240	4	59	77	0.7662337
NODE_272729_length_257_cov_2.202532	16	97	2	68	81	0.8395061
NODE_272729_length_257_cov_2.202532	16	97	4	10	81	0.1234568
NODE_272729_length_257_cov_2.202532	16	97	6	3	81	0.0370370
NODE_273151_length_257_cov_1.664557	220	239	0	19	19	1.0000000
NODE_273357_length_257_cov_1.500000	85	166	0	81	81	1.0000000
NODE_273462_length_257_cov_1.329114	120	186	0	6	66	0.0909091
NODE_273462_length_257_cov_1.329114	120	186	2	60	66	0.9090909
NODE_273533_length_257_cov_1.291139	13	53	0	40	40	1.0000000
NODE_273697_length_257_cov_1.291139	205	257	0	52	52	1.0000000
NODE_273894_length_257_cov_1.221519	10	74	0	64	64	1.0000000
NODE_273917_length_257_cov_1.196203	70	150	4	80	80	1.0000000
NODE_273917_length_257_cov_1.196203	123	204	0	52	81	0.6419753
NODE_273917_length_257_cov_1.196203	123	204	4	29	81	0.3580247
NODE_275399_length_257_cov_0.645570	138	158	0	20	20	1.0000000
NODE_275419_length_257_cov_0.645570	181	241	0	60	60	1.0000000
NODE_275598_length_256_cov_5.235669	30	77	0	47	47	1.0000000
NODE_275624_length_256_cov_4.598726	100	180	2	33	80	0.4125000
NODE_275624_length_256_cov_4.598726	100	180	4	47	80	0.5875000
NODE_275624_length_256_cov_4.598726	160	211	4	51	51	1.0000000
NODE_275682_length_256_cov_3.866242	112	166	31	11	54	0.2037037
NODE_275682_length_256_cov_3.866242	112	166	33	17	54	0.3148148
NODE_275682_length_256_cov_3.866242	112	166	35	2	54	0.0370370
NODE_275682_length_256_cov_3.866242	112	166	37	4	54	0.0740741
NODE_275682_length_256_cov_3.866242	112	166	39	2	54	0.0370370
NODE_275682_length_256_cov_3.866242	112	166	40	5	54	0.0925926
NODE_275682_length_256_cov_3.866242	112	166	41	11	54	0.2037037
NODE_275682_length_256_cov_3.866242	112	166	43	2	54	0.0370370
NODE_275840_length_256_cov_2.878981	79	159	0	80	80	1.0000000
NODE_275840_length_256_cov_2.878981	132	212	0	80	80	1.0000000
NODE_275909_length_256_cov_2.598726	157	222	0	65	65	1.0000000
NODE_275909_length_256_cov_2.598726	195	249	0	54	54	1.0000000
NODE_275981_length_256_cov_2.445860	104	183	0	79	79	1.0000000
NODE_276082_length_256_cov_2.229299	0	58	0	58	58	1.0000000
NODE_276082_length_256_cov_2.229299	17	68	0	51	51	1.0000000
NODE_276082_length_256_cov_2.229299	41	88	0	47	47	1.0000000
NODE_276082_length_256_cov_2.229299	42	122	0	80	80	1.0000000
NODE_276098_length_256_cov_2.184713	192	246	0	54	54	1.0000000
NODE_276119_length_256_cov_2.121019	150	236	0	21	86	0.2441860
NODE_276119_length_256_cov_2.121019	150	236	2	65	86	0.7558140
NODE_276174_length_256_cov_1.974522	130	174	0	44	44	1.0000000
NODE_276471_length_256_cov_1.707006	39	92	0	1	53	0.0188679
NODE_276471_length_256_cov_1.707006	39	92	4	18	53	0.3396226
NODE_276471_length_256_cov_1.707006	39	92	5	8	53	0.1509434
NODE_276471_length_256_cov_1.707006	39	92	6	14	53	0.2641509
NODE_276471_length_256_cov_1.707006	39	92	7	2	53	0.0377358
NODE_276471_length_256_cov_1.707006	39	92	8	1	53	0.0188679
NODE_276471_length_256_cov_1.707006	39	92	9	2	53	0.0377358
NODE_276471_length_256_cov_1.707006	39	92	12	7	53	0.1320755
NODE_276471_length_256_cov_1.707006	93	135	12	4	42	0.0952381
NODE_276471_length_256_cov_1.707006	93	135	13	16	42	0.3809524
NODE_276471_length_256_cov_1.707006	93	135	15	5	42	0.1190476
NODE_276471_length_256_cov_1.707006	93	135	17	17	42	0.4047619
NODE_276484_length_256_cov_1.700637	107	129	0	22	22	1.0000000
NODE_276495_length_256_cov_1.675159	52	98	4	46	46	1.0000000
NODE_276654_length_256_cov_1.598726	125	202	0	27	77	0.3506494
NODE_276654_length_256_cov_1.598726	125	202	2	50	77	0.6493506
NODE_276654_length_256_cov_1.598726	178	256	0	6	78	0.0769231
NODE_276654_length_256_cov_1.598726	178	256	2	72	78	0.9230769
NODE_276672_length_256_cov_1.579618	110	172	0	23	62	0.3709677
NODE_276672_length_256_cov_1.579618	110	172	4	39	62	0.6290323
NODE_276672_length_256_cov_1.579618	194	239	0	45	45	1.0000000
NODE_276742_length_256_cov_1.464968	112	135	0	23	23	1.0000000
NODE_276826_length_256_cov_1.331210	138	209	4	71	71	1.0000000
NODE_276826_length_256_cov_1.331210	182	240	0	23	58	0.3965517
NODE_276826_length_256_cov_1.331210	182	240	4	35	58	0.6034483
NODE_277113_length_256_cov_1.299363	88	160	2	14	72	0.1944444
NODE_277113_length_256_cov_1.299363	88	160	4	58	72	0.8055556
NODE_277305_length_256_cov_1.203822	3	43	0	20	40	0.5000000
NODE_277305_length_256_cov_1.203822	3	43	2	20	40	0.5000000
NODE_277305_length_256_cov_1.203822	16	96	0	7	80	0.0875000
NODE_277305_length_256_cov_1.203822	16	96	2	27	80	0.3375000
NODE_277305_length_256_cov_1.203822	16	96	4	46	80	0.5750000
NODE_278934_length_255_cov_73.756410	52	99	3	9	47	0.1914894
NODE_278934_length_255_cov_73.756410	52	99	6	4	47	0.0851064
NODE_278934_length_255_cov_73.756410	52	99	9	27	47	0.5744681
NODE_278934_length_255_cov_73.756410	52	99	12	7	47	0.1489362
NODE_278934_length_255_cov_73.756410	133	184	22	1	51	0.0196078
NODE_278934_length_255_cov_73.756410	133	184	24	50	51	0.9803922
NODE_278934_length_255_cov_73.756410	157	237	3	2	80	0.0250000
NODE_278934_length_255_cov_73.756410	157	237	5	6	80	0.0750000
NODE_278934_length_255_cov_73.756410	157	237	9	14	80	0.1750000
NODE_278934_length_255_cov_73.756410	157	237	14	4	80	0.0500000
NODE_278934_length_255_cov_73.756410	157	237	16	1	80	0.0125000
NODE_278934_length_255_cov_73.756410	157	237	17	1	80	0.0125000
NODE_278934_length_255_cov_73.756410	157	237	19	7	80	0.0875000
NODE_278934_length_255_cov_73.756410	157	237	22	1	80	0.0125000
NODE_278934_length_255_cov_73.756410	157	237	24	44	80	0.5500000
NODE_278937_length_255_cov_15.538462	219	255	0	36	36	1.0000000
NODE_279003_length_255_cov_4.884615	157	230	0	16	73	0.2191781
NODE_279003_length_255_cov_4.884615	157	230	2	57	73	0.7808219
NODE_279003_length_255_cov_4.884615	203	248	0	34	45	0.7555556
NODE_279003_length_255_cov_4.884615	203	248	2	11	45	0.2444444
NODE_279058_length_255_cov_4.012821	68	148	2	17	80	0.2125000
NODE_279058_length_255_cov_4.012821	68	148	3	10	80	0.1250000
NODE_279058_length_255_cov_4.012821	68	148	4	53	80	0.6625000
NODE_279075_length_255_cov_3.826923	16	80	0	63	64	0.9843750
NODE_279075_length_255_cov_3.826923	16	80	2	1	64	0.0156250
NODE_279102_length_255_cov_3.596154	30	60	0	30	30	1.0000000
NODE_279134_length_255_cov_3.423077	64	109	0	45	45	1.0000000
NODE_279166_length_255_cov_3.262821	0	48	0	48	48	1.0000000
NODE_279166_length_255_cov_3.262821	66	113	0	47	47	1.0000000
NODE_279241_length_255_cov_2.942308	157	176	0	19	19	1.0000000
NODE_279320_length_255_cov_2.621795	227	254	0	27	27	1.0000000
NODE_279379_length_255_cov_2.602564	131	185	0	1	54	0.0185185
NODE_279379_length_255_cov_2.602564	131	185	2	53	54	0.9814815
NODE_279427_length_255_cov_2.487179	43	119	4	2	76	0.0263158
NODE_279427_length_255_cov_2.487179	43	119	6	74	76	0.9736842
NODE_279447_length_255_cov_2.435897	0	58	0	23	58	0.3965517
NODE_279447_length_255_cov_2.435897	0	58	2	35	58	0.6034483
NODE_279462_length_255_cov_2.391026	189	255	0	66	66	1.0000000
NODE_279507_length_255_cov_2.288462	0	60	0	60	60	1.0000000
NODE_279510_length_255_cov_2.288462	0	74	0	74	74	1.0000000
NODE_279620_length_255_cov_2.089744	105	145	0	40	40	1.0000000
NODE_279649_length_255_cov_1.987179	0	72	0	72	72	1.0000000
NODE_279842_length_255_cov_1.910256	198	255	0	57	57	1.0000000
NODE_279871_length_255_cov_1.871795	16	68	0	52	52	1.0000000
NODE_279892_length_255_cov_1.826923	146	218	0	72	72	1.0000000
NODE_279956_length_255_cov_1.705128	0	45	2	6	45	0.1333333
NODE_279956_length_255_cov_1.705128	0	45	4	39	45	0.8666667
NODE_279956_length_255_cov_1.705128	41	121	4	18	80	0.2250000
NODE_279956_length_255_cov_1.705128	41	121	6	62	80	0.7750000
NODE_279956_length_255_cov_1.705128	94	174	2	5	80	0.0625000
NODE_279956_length_255_cov_1.705128	94	174	4	45	80	0.5625000
NODE_279956_length_255_cov_1.705128	94	174	6	30	80	0.3750000
NODE_280153_length_255_cov_1.576923	43	117	2	5	74	0.0675676
NODE_280153_length_255_cov_1.576923	43	117	4	20	74	0.2702703
NODE_280153_length_255_cov_1.576923	43	117	6	22	74	0.2972973
NODE_280153_length_255_cov_1.576923	43	117	8	1	74	0.0135135
NODE_280153_length_255_cov_1.576923	43	117	9	7	74	0.0945946
NODE_280153_length_255_cov_1.576923	43	117	10	3	74	0.0405405
NODE_280153_length_255_cov_1.576923	43	117	13	16	74	0.2162162
NODE_280153_length_255_cov_1.576923	90	175	8	1	85	0.0117647
NODE_280153_length_255_cov_1.576923	90	175	9	7	85	0.0823529
NODE_280153_length_255_cov_1.576923	90	175	10	3	85	0.0352941
NODE_280153_length_255_cov_1.576923	90	175	12	18	85	0.2117647
NODE_280153_length_255_cov_1.576923	90	175	13	56	85	0.6588235
NODE_280168_length_255_cov_1.557692	62	125	0	63	63	1.0000000
NODE_280297_length_255_cov_1.358974	178	246	0	68	68	1.0000000
NODE_280904_length_255_cov_1.128205	183	219	6	36	36	1.0000000
NODE_281094_length_255_cov_0.987179	220	241	0	21	21	1.0000000
NODE_281380_length_255_cov_0.955128	119	171	18	14	52	0.2692308
NODE_281380_length_255_cov_0.955128	119	171	20	38	52	0.7307692
NODE_281384_length_255_cov_0.955128	12	92	10	4	80	0.0500000
NODE_281384_length_255_cov_0.955128	12	92	12	45	80	0.5625000
NODE_281384_length_255_cov_0.955128	12	92	14	31	80	0.3875000
NODE_282137_length_255_cov_0.653846	87	106	0	19	19	1.0000000
NODE_282534_length_254_cov_4.935484	144	189	4	45	45	1.0000000
NODE_282534_length_254_cov_4.935484	164	242	2	33	78	0.4230769
NODE_282534_length_254_cov_4.935484	164	242	4	45	78	0.5769231
NODE_282548_length_254_cov_4.722581	44	85	8	35	41	0.8536586
NODE_282548_length_254_cov_4.722581	44	85	10	6	41	0.1463415
NODE_282576_length_254_cov_4.296774	149	174	0	13	25	0.5200000
NODE_282576_length_254_cov_4.296774	149	174	2	12	25	0.4800000
NODE_282576_length_254_cov_4.296774	149	223	0	13	74	0.1756757
NODE_282576_length_254_cov_4.296774	149	223	2	61	74	0.8243243
NODE_282590_length_254_cov_4.206452	57	86	0	9	29	0.3103448
NODE_282590_length_254_cov_4.206452	57	86	2	20	29	0.6896552
NODE_282626_length_254_cov_3.677419	7	64	16	2	57	0.0350877
NODE_282626_length_254_cov_3.677419	7	64	20	5	57	0.0877193
NODE_282626_length_254_cov_3.677419	7	64	22	2	57	0.0350877
NODE_282626_length_254_cov_3.677419	7	64	24	5	57	0.0877193
NODE_282626_length_254_cov_3.677419	7	64	26	19	57	0.3333333
NODE_282626_length_254_cov_3.677419	7	64	28	6	57	0.1052632
NODE_282626_length_254_cov_3.677419	7	64	30	18	57	0.3157895
NODE_282626_length_254_cov_3.677419	60	117	16	1	57	0.0175439
NODE_282626_length_254_cov_3.677419	60	117	18	2	57	0.0350877
NODE_282626_length_254_cov_3.677419	60	117	20	4	57	0.0701754
NODE_282626_length_254_cov_3.677419	60	117	22	8	57	0.1403509
NODE_282626_length_254_cov_3.677419	60	117	24	3	57	0.0526316
NODE_282626_length_254_cov_3.677419	60	117	28	10	57	0.1754386
NODE_282626_length_254_cov_3.677419	60	117	30	29	57	0.5087720
NODE_282642_length_254_cov_3.593548	154	197	2	43	43	1.0000000
NODE_282659_length_254_cov_3.438710	82	129	0	47	47	1.0000000
NODE_282659_length_254_cov_3.438710	102	182	0	80	80	1.0000000
NODE_282736_length_254_cov_2.961290	5	79	2	74	74	1.0000000
NODE_282736_length_254_cov_2.961290	52	118	0	16	66	0.2424242
NODE_282736_length_254_cov_2.961290	52	118	2	50	66	0.7575758
NODE_282771_length_254_cov_2.780645	169	252	0	54	83	0.6506024
NODE_282771_length_254_cov_2.780645	169	252	1	1	83	0.0120482
NODE_282771_length_254_cov_2.780645	169	252	2	8	83	0.0963855
NODE_282771_length_254_cov_2.780645	169	252	4	17	83	0.2048193
NODE_282771_length_254_cov_2.780645	169	252	6	3	83	0.0361446
NODE_282947_length_254_cov_2.341935	167	201	0	34	34	1.0000000
NODE_283082_length_254_cov_2.161290	14	74	0	60	60	1.0000000
NODE_283244_length_254_cov_1.974194	156	204	0	48	48	1.0000000
NODE_283440_length_254_cov_1.780645	79	126	8	47	47	1.0000000
NODE_283952_length_254_cov_1.316129	23	87	0	64	64	1.0000000
NODE_284013_length_254_cov_1.316129	193	215	0	22	22	1.0000000
NODE_284256_length_254_cov_1.258065	181	249	0	68	68	1.0000000
NODE_284275_length_254_cov_1.238710	9	82	0	18	73	0.2465753
NODE_284275_length_254_cov_1.238710	9	82	2	55	73	0.7534246
NODE_284275_length_254_cov_1.238710	62	82	2	20	20	1.0000000
NODE_284277_length_254_cov_1.238710	54	73	0	19	19	1.0000000
NODE_284301_length_254_cov_1.219355	98	157	0	59	59	1.0000000
NODE_284638_length_254_cov_0.987097	139	193	0	54	54	1.0000000
NODE_284638_length_254_cov_0.987097	205	254	0	49	49	1.0000000
NODE_284796_length_254_cov_0.987097	121	152	0	31	31	1.0000000
NODE_285963_length_253_cov_60.311688	137	202	14	1	65	0.0153846
NODE_285963_length_253_cov_60.311688	137	202	30	4	65	0.0615385
NODE_285963_length_253_cov_60.311688	137	202	32	3	65	0.0461538
NODE_285963_length_253_cov_60.311688	137	202	34	6	65	0.0923077
NODE_285963_length_253_cov_60.311688	137	202	38	51	65	0.7846154
NODE_285963_length_253_cov_60.311688	175	253	0	1	78	0.0128205
NODE_285963_length_253_cov_60.311688	175	253	4	1	78	0.0128205
NODE_285963_length_253_cov_60.311688	175	253	6	1	78	0.0128205
NODE_285963_length_253_cov_60.311688	175	253	9	1	78	0.0128205
NODE_285963_length_253_cov_60.311688	175	253	10	1	78	0.0128205
NODE_285963_length_253_cov_60.311688	175	253	14	2	78	0.0256410
NODE_285963_length_253_cov_60.311688	175	253	23	1	78	0.0128205
NODE_285963_length_253_cov_60.311688	175	253	29	2	78	0.0256410
NODE_285963_length_253_cov_60.311688	175	253	31	2	78	0.0256410
NODE_285963_length_253_cov_60.311688	175	253	33	5	78	0.0641026
NODE_285963_length_253_cov_60.311688	175	253	37	5	78	0.0641026
NODE_285963_length_253_cov_60.311688	175	253	38	56	78	0.7179487
NODE_285965_length_253_cov_41.519481	0	68	4	1	68	0.0147059
NODE_285965_length_253_cov_41.519481	0	68	6	3	68	0.0441176
NODE_285965_length_253_cov_41.519481	0	68	9	4	68	0.0588235
NODE_285965_length_253_cov_41.519481	0	68	10	5	68	0.0735294
NODE_285965_length_253_cov_41.519481	0	68	14	1	68	0.0147059
NODE_285965_length_253_cov_41.519481	0	68	16	17	68	0.2500000
NODE_285965_length_253_cov_41.519481	0	68	18	5	68	0.0735294
NODE_285965_length_253_cov_41.519481	0	68	20	10	68	0.1470588
NODE_285965_length_253_cov_41.519481	0	68	22	21	68	0.3088235
NODE_285965_length_253_cov_41.519481	0	68	24	1	68	0.0147059
NODE_285965_length_253_cov_41.519481	0	70	4	1	70	0.0142857
NODE_285965_length_253_cov_41.519481	0	70	6	3	70	0.0428571
NODE_285965_length_253_cov_41.519481	0	70	9	4	70	0.0571429
NODE_285965_length_253_cov_41.519481	0	70	10	5	70	0.0714286
NODE_285965_length_253_cov_41.519481	0	70	14	1	70	0.0142857
NODE_285965_length_253_cov_41.519481	0	70	16	17	70	0.2428571
NODE_285965_length_253_cov_41.519481	0	70	18	5	70	0.0714286
NODE_285965_length_253_cov_41.519481	0	70	20	10	70	0.1428571
NODE_285965_length_253_cov_41.519481	0	70	22	21	70	0.3000000
NODE_285965_length_253_cov_41.519481	0	70	24	3	70	0.0428571
NODE_285965_length_253_cov_41.519481	2	73	6	2	71	0.0281690
NODE_285965_length_253_cov_41.519481	2	73	9	4	71	0.0563380
NODE_285965_length_253_cov_41.519481	2	73	10	5	71	0.0704225
NODE_285965_length_253_cov_41.519481	2	73	14	1	71	0.0140845
NODE_285965_length_253_cov_41.519481	2	73	16	17	71	0.2394366
NODE_285965_length_253_cov_41.519481	2	73	18	5	71	0.0704225
NODE_285965_length_253_cov_41.519481	2	73	20	10	71	0.1408451
NODE_285965_length_253_cov_41.519481	2	73	22	21	71	0.2957746
NODE_285965_length_253_cov_41.519481	2	73	24	6	71	0.0845070
NODE_285965_length_253_cov_41.519481	7	73	9	1	66	0.0151515
NODE_285965_length_253_cov_41.519481	7	73	10	5	66	0.0757576
NODE_285965_length_253_cov_41.519481	7	73	14	1	66	0.0151515
NODE_285965_length_253_cov_41.519481	7	73	16	17	66	0.2575758
NODE_285965_length_253_cov_41.519481	7	73	18	5	66	0.0757576
NODE_285965_length_253_cov_41.519481	7	73	20	10	66	0.1515152
NODE_285965_length_253_cov_41.519481	7	73	22	21	66	0.3181818
NODE_285965_length_253_cov_41.519481	7	73	24	6	66	0.0909091
NODE_285965_length_253_cov_41.519481	46	123	14	3	77	0.0389610
NODE_285965_length_253_cov_41.519481	46	123	16	10	77	0.1298701
NODE_285965_length_253_cov_41.519481	46	123	18	1	77	0.0129870
NODE_285965_length_253_cov_41.519481	46	123	20	4	77	0.0519481
NODE_285965_length_253_cov_41.519481	46	123	22	23	77	0.2987013
NODE_285965_length_253_cov_41.519481	46	123	24	36	77	0.4675325
NODE_285965_length_253_cov_41.519481	46	123	14	3	77	0.0389610
NODE_285965_length_253_cov_41.519481	46	123	16	10	77	0.1298701
NODE_285965_length_253_cov_41.519481	46	123	18	1	77	0.0129870
NODE_285965_length_253_cov_41.519481	46	123	20	4	77	0.0519481
NODE_285965_length_253_cov_41.519481	46	123	22	23	77	0.2987013
NODE_285965_length_253_cov_41.519481	46	123	24	36	77	0.4675325
NODE_285965_length_253_cov_41.519481	46	123	14	3	77	0.0389610
NODE_285965_length_253_cov_41.519481	46	123	16	10	77	0.1298701
NODE_285965_length_253_cov_41.519481	46	123	18	1	77	0.0129870
NODE_285965_length_253_cov_41.519481	46	123	20	4	77	0.0519481
NODE_285965_length_253_cov_41.519481	46	123	22	23	77	0.2987013
NODE_285965_length_253_cov_41.519481	46	123	24	36	77	0.4675325
NODE_285967_length_253_cov_13.967532	25	105	0	80	80	1.0000000
NODE_285967_length_253_cov_13.967532	78	158	0	80	80	1.0000000
NODE_285969_length_253_cov_12.259740	0	54	0	54	54	1.0000000
NODE_285969_length_253_cov_12.259740	27	62	0	35	35	1.0000000
NODE_285969_length_253_cov_12.259740	51	131	0	80	80	1.0000000
NODE_285969_length_253_cov_12.259740	104	139	0	35	35	1.0000000
NODE_285969_length_253_cov_12.259740	128	208	0	80	80	1.0000000
NODE_285969_length_253_cov_12.259740	181	216	0	35	35	1.0000000
NODE_285987_length_253_cov_7.279221	184	250	0	3	66	0.0454545
NODE_285987_length_253_cov_7.279221	184	250	8	1	66	0.0151515
NODE_285987_length_253_cov_7.279221	184	250	14	4	66	0.0606061
NODE_285987_length_253_cov_7.279221	184	250	18	3	66	0.0454545
NODE_285987_length_253_cov_7.279221	184	250	20	1	66	0.0151515
NODE_285987_length_253_cov_7.279221	184	250	22	14	66	0.2121212
NODE_285987_length_253_cov_7.279221	184	250	26	17	66	0.2575758
NODE_285987_length_253_cov_7.279221	184	250	28	8	66	0.1212121
NODE_285987_length_253_cov_7.279221	184	250	32	15	66	0.2272727
NODE_286022_length_253_cov_5.376623	66	147	0	13	81	0.1604938
NODE_286022_length_253_cov_5.376623	66	147	1	68	81	0.8395061
NODE_286022_length_253_cov_5.376623	120	185	1	65	65	1.0000000
NODE_286042_length_253_cov_4.896104	102	182	9	23	80	0.2875000
NODE_286042_length_253_cov_4.896104	102	182	11	8	80	0.1000000
NODE_286042_length_253_cov_4.896104	102	182	13	5	80	0.0625000
NODE_286042_length_253_cov_4.896104	102	182	14	13	80	0.1625000
NODE_286042_length_253_cov_4.896104	102	182	15	1	80	0.0125000
NODE_286042_length_253_cov_4.896104	102	182	16	1	80	0.0125000
NODE_286042_length_253_cov_4.896104	102	182	18	5	80	0.0625000
NODE_286042_length_253_cov_4.896104	102	182	19	24	80	0.3000000
NODE_286046_length_253_cov_4.798701	199	253	0	54	54	1.0000000
NODE_286069_length_253_cov_4.487013	85	126	0	41	41	1.0000000
NODE_286151_length_253_cov_3.500000	44	105	16	4	61	0.0655738
NODE_286151_length_253_cov_3.500000	44	105	18	1	61	0.0163934
NODE_286151_length_253_cov_3.500000	44	105	20	56	61	0.9180328
NODE_286151_length_253_cov_3.500000	90	158	0	1	68	0.0147059
NODE_286151_length_253_cov_3.500000	90	158	2	9	68	0.1323529
NODE_286151_length_253_cov_3.500000	90	158	4	14	68	0.2058824
NODE_286151_length_253_cov_3.500000	90	158	6	1	68	0.0147059
NODE_286151_length_253_cov_3.500000	90	158	10	3	68	0.0441176
NODE_286151_length_253_cov_3.500000	90	158	12	7	68	0.1029412
NODE_286151_length_253_cov_3.500000	90	158	14	14	68	0.2058824
NODE_286151_length_253_cov_3.500000	90	158	16	8	68	0.1176471
NODE_286151_length_253_cov_3.500000	90	158	18	1	68	0.0147059
NODE_286151_length_253_cov_3.500000	90	158	20	10	68	0.1470588
NODE_286259_length_253_cov_2.987013	85	165	2	80	80	1.0000000
NODE_286259_length_253_cov_2.987013	138	169	2	31	31	1.0000000
NODE_286275_length_253_cov_2.954545	100	148	0	48	48	1.0000000
NODE_286281_length_253_cov_2.909091	34	99	4	19	65	0.2923077
NODE_286281_length_253_cov_2.909091	34	99	6	1	65	0.0153846
NODE_286281_length_253_cov_2.909091	34	99	8	2	65	0.0307692
NODE_286281_length_253_cov_2.909091	34	99	9	2	65	0.0307692
NODE_286281_length_253_cov_2.909091	34	99	11	5	65	0.0769231
NODE_286281_length_253_cov_2.909091	34	99	13	36	65	0.5538462
NODE_286288_length_253_cov_2.889610	129	200	18	31	71	0.4366197
NODE_286288_length_253_cov_2.889610	129	200	20	40	71	0.5633803
NODE_286288_length_253_cov_2.889610	173	253	2	3	80	0.0375000
NODE_286288_length_253_cov_2.889610	173	253	4	2	80	0.0250000
NODE_286288_length_253_cov_2.889610	173	253	6	6	80	0.0750000
NODE_286288_length_253_cov_2.889610	173	253	7	3	80	0.0375000
NODE_286288_length_253_cov_2.889610	173	253	8	3	80	0.0375000
NODE_286288_length_253_cov_2.889610	173	253	10	2	80	0.0250000
NODE_286288_length_253_cov_2.889610	173	253	12	2	80	0.0250000
NODE_286288_length_253_cov_2.889610	173	253	14	9	80	0.1125000
NODE_286288_length_253_cov_2.889610	173	253	18	3	80	0.0375000
NODE_286288_length_253_cov_2.889610	173	253	20	47	80	0.5875000
NODE_286289_length_253_cov_2.889610	21	76	0	55	55	1.0000000
NODE_286289_length_253_cov_2.889610	149	229	0	80	80	1.0000000
NODE_286379_length_253_cov_2.610390	113	193	0	80	80	1.0000000
NODE_286386_length_253_cov_2.584416	97	154	0	57	57	1.0000000
NODE_286545_length_253_cov_2.240260	185	250	2	65	65	1.0000000
NODE_286667_length_253_cov_1.987013	157	237	0	80	80	1.0000000
NODE_286667_length_253_cov_1.987013	210	253	0	43	43	1.0000000
NODE_286685_length_253_cov_1.987013	18	60	4	42	42	1.0000000
NODE_286829_length_253_cov_1.961039	186	232	6	46	46	1.0000000
NODE_286837_length_253_cov_1.948052	68	120	0	52	52	1.0000000
NODE_286838_length_253_cov_1.948052	63	114	0	51	51	1.0000000
NODE_286947_length_253_cov_1.746753	164	193	0	29	29	1.0000000
NODE_287031_length_253_cov_1.655844	40	120	20	2	80	0.0250000
NODE_287031_length_253_cov_1.655844	40	120	24	2	80	0.0250000
NODE_287031_length_253_cov_1.655844	40	120	26	10	80	0.1250000
NODE_287031_length_253_cov_1.655844	40	120	28	5	80	0.0625000
NODE_287031_length_253_cov_1.655844	40	120	32	7	80	0.0875000
NODE_287031_length_253_cov_1.655844	40	120	38	54	80	0.6750000
NODE_287031_length_253_cov_1.655844	93	152	18	2	59	0.0338983
NODE_287031_length_253_cov_1.655844	93	152	20	1	59	0.0169492
NODE_287031_length_253_cov_1.655844	93	152	22	1	59	0.0169492
NODE_287031_length_253_cov_1.655844	93	152	34	6	59	0.1016949
NODE_287031_length_253_cov_1.655844	93	152	36	22	59	0.3728814
NODE_287031_length_253_cov_1.655844	93	152	38	27	59	0.4576271
NODE_287133_length_253_cov_1.590909	102	148	0	46	46	1.0000000
NODE_287156_length_253_cov_1.558442	67	149	2	11	82	0.1341463
NODE_287156_length_253_cov_1.558442	67	149	5	1	82	0.0121951
NODE_287156_length_253_cov_1.558442	67	149	6	70	82	0.8536586
NODE_287230_length_253_cov_1.441558	49	113	1	64	64	1.0000000
NODE_287230_length_253_cov_1.441558	102	166	0	51	64	0.7968750
NODE_287230_length_253_cov_1.441558	102	166	1	13	64	0.2031250
NODE_287232_length_253_cov_1.441558	121	185	6	64	64	1.0000000
NODE_287234_length_253_cov_1.435065	50	81	0	31	31	1.0000000
NODE_287584_length_253_cov_1.324675	193	239	0	46	46	1.0000000
NODE_287599_length_253_cov_1.324675	90	132	26	42	42	1.0000000
NODE_287599_length_253_cov_1.324675	133	185	12	5	52	0.0961538
NODE_287599_length_253_cov_1.324675	133	185	14	13	52	0.2500000
NODE_287599_length_253_cov_1.324675	133	185	16	1	52	0.0192308
NODE_287599_length_253_cov_1.324675	133	185	18	1	52	0.0192308
NODE_287599_length_253_cov_1.324675	133	185	20	2	52	0.0384615
NODE_287599_length_253_cov_1.324675	133	185	22	1	52	0.0192308
NODE_287599_length_253_cov_1.324675	133	185	24	11	52	0.2115385
NODE_287599_length_253_cov_1.324675	133	185	26	18	52	0.3461539
NODE_287721_length_253_cov_1.285714	87	125	0	38	38	1.0000000
NODE_287794_length_253_cov_1.214286	99	148	0	49	49	1.0000000
NODE_287845_length_253_cov_1.181818	185	247	0	62	62	1.0000000
NODE_287845_length_253_cov_1.181818	185	247	0	62	62	1.0000000
NODE_287989_length_253_cov_1.064935	83	159	0	76	76	1.0000000
NODE_288099_length_253_cov_0.993506	0	44	0	11	44	0.2500000
NODE_288099_length_253_cov_0.993506	0	44	2	33	44	0.7500000
NODE_288465_length_253_cov_0.870130	17	46	0	29	29	1.0000000
NODE_288478_length_253_cov_0.850649	0	89	0	89	89	1.0000000
NODE_289563_length_252_cov_4.771242	94	148	0	54	54	1.0000000
NODE_289574_length_252_cov_4.614379	16	37	0	21	21	1.0000000
NODE_289624_length_252_cov_3.960784	7	85	0	13	78	0.1666667
NODE_289624_length_252_cov_3.960784	7	85	2	65	78	0.8333333
NODE_289624_length_252_cov_3.960784	63	136	0	64	73	0.8767123
NODE_289624_length_252_cov_3.960784	63	136	2	9	73	0.1232877
NODE_289663_length_252_cov_3.549020	89	157	0	68	68	1.0000000
NODE_289672_length_252_cov_3.405229	26	107	9	3	81	0.0370370
NODE_289672_length_252_cov_3.405229	26	107	12	5	81	0.0617284
NODE_289672_length_252_cov_3.405229	26	107	16	10	81	0.1234568
NODE_289672_length_252_cov_3.405229	26	107	18	26	81	0.3209876
NODE_289672_length_252_cov_3.405229	26	107	20	36	81	0.4444444
NODE_289672_length_252_cov_3.405229	26	107	22	1	81	0.0123457
NODE_289705_length_252_cov_3.307190	91	141	0	50	50	1.0000000
NODE_289742_length_252_cov_3.032680	135	212	4	12	77	0.1558442
NODE_289742_length_252_cov_3.032680	135	212	6	65	77	0.8441558
NODE_289775_length_252_cov_2.928105	0	57	0	57	57	1.0000000
NODE_289799_length_252_cov_2.803922	41	121	1	2	80	0.0250000
NODE_289799_length_252_cov_2.803922	41	121	2	78	80	0.9750000
NODE_290032_length_252_cov_2.320261	0	64	0	64	64	1.0000000
NODE_290046_length_252_cov_2.281046	120	170	0	20	50	0.4000000
NODE_290046_length_252_cov_2.281046	120	170	2	30	50	0.6000000
NODE_290066_length_252_cov_2.215686	137	175	5	9	38	0.2368421
NODE_290066_length_252_cov_2.215686	137	175	7	1	38	0.0263158
NODE_290066_length_252_cov_2.215686	137	175	10	2	38	0.0526316
NODE_290066_length_252_cov_2.215686	137	175	11	26	38	0.6842105
NODE_290103_length_252_cov_2.052288	18	39	0	21	21	1.0000000
NODE_290238_length_252_cov_1.993464	80	139	0	59	59	1.0000000
NODE_290385_length_252_cov_1.810458	3	49	0	46	46	1.0000000
NODE_290623_length_252_cov_1.594771	103	156	0	53	53	1.0000000
NODE_290623_length_252_cov_1.594771	152	192	0	40	40	1.0000000
NODE_290638_length_252_cov_1.568627	1	68	0	48	67	0.7164179
NODE_290638_length_252_cov_1.568627	1	68	2	18	67	0.2686567
NODE_290638_length_252_cov_1.568627	1	68	4	1	67	0.0149254
NODE_290767_length_252_cov_1.359477	26	93	0	67	67	1.0000000
NODE_290790_length_252_cov_1.333333	179	232	0	53	53	1.0000000
NODE_290850_length_252_cov_1.333333	187	222	0	35	35	1.0000000
NODE_291072_length_252_cov_1.333333	31	111	0	80	80	1.0000000
NODE_291076_length_252_cov_1.333333	90	140	0	4	50	0.0800000
NODE_291076_length_252_cov_1.333333	90	140	2	4	50	0.0800000
NODE_291076_length_252_cov_1.333333	90	140	4	2	50	0.0400000
NODE_291076_length_252_cov_1.333333	90	140	6	40	50	0.8000000
NODE_291118_length_252_cov_1.326797	112	143	0	31	31	1.0000000
NODE_291351_length_252_cov_1.156863	1	32	0	31	31	1.0000000
NODE_291650_length_252_cov_1.000000	49	79	0	30	30	1.0000000
NODE_291911_length_252_cov_0.836601	125	172	0	47	47	1.0000000
NODE_293004_length_251_cov_5.032895	0	62	0	62	62	1.0000000
NODE_293005_length_251_cov_5.026316	84	164	0	80	80	1.0000000
NODE_293165_length_251_cov_3.302632	187	249	0	62	62	1.0000000
NODE_293195_length_251_cov_3.131579	96	148	0	52	52	1.0000000
NODE_293238_length_251_cov_2.980263	11	38	24	1	27	0.0370370
NODE_293238_length_251_cov_2.980263	11	38	35	1	27	0.0370370
NODE_293238_length_251_cov_2.980263	11	38	40	1	27	0.0370370
NODE_293238_length_251_cov_2.980263	11	38	42	3	27	0.1111111
NODE_293238_length_251_cov_2.980263	11	38	47	2	27	0.0740741
NODE_293238_length_251_cov_2.980263	11	38	52	1	27	0.0370370
NODE_293238_length_251_cov_2.980263	11	38	55	2	27	0.0740741
NODE_293238_length_251_cov_2.980263	11	38	56	1	27	0.0370370
NODE_293238_length_251_cov_2.980263	11	38	62	1	27	0.0370370
NODE_293238_length_251_cov_2.980263	11	38	65	1	27	0.0370370
NODE_293238_length_251_cov_2.980263	11	38	69	2	27	0.0740741
NODE_293238_length_251_cov_2.980263	11	38	70	1	27	0.0370370
NODE_293238_length_251_cov_2.980263	11	38	72	1	27	0.0370370
NODE_293238_length_251_cov_2.980263	11	38	75	6	27	0.2222222
NODE_293238_length_251_cov_2.980263	11	38	77	3	27	0.1111111
NODE_293238_length_251_cov_2.980263	11	91	24	1	80	0.0125000
NODE_293238_length_251_cov_2.980263	11	91	35	1	80	0.0125000
NODE_293238_length_251_cov_2.980263	11	91	40	1	80	0.0125000
NODE_293238_length_251_cov_2.980263	11	91	42	3	80	0.0375000
NODE_293238_length_251_cov_2.980263	11	91	47	2	80	0.0250000
NODE_293238_length_251_cov_2.980263	11	91	52	1	80	0.0125000
NODE_293238_length_251_cov_2.980263	11	91	55	2	80	0.0250000
NODE_293238_length_251_cov_2.980263	11	91	56	1	80	0.0125000
NODE_293238_length_251_cov_2.980263	11	91	62	1	80	0.0125000
NODE_293238_length_251_cov_2.980263	11	91	65	1	80	0.0125000
NODE_293238_length_251_cov_2.980263	11	91	69	2	80	0.0250000
NODE_293238_length_251_cov_2.980263	11	91	70	1	80	0.0125000
NODE_293238_length_251_cov_2.980263	11	91	72	1	80	0.0125000
NODE_293238_length_251_cov_2.980263	11	91	75	6	80	0.0750000
NODE_293238_length_251_cov_2.980263	11	91	77	6	80	0.0750000
NODE_293238_length_251_cov_2.980263	11	91	78	5	80	0.0625000
NODE_293238_length_251_cov_2.980263	11	91	83	5	80	0.0625000
NODE_293238_length_251_cov_2.980263	11	91	84	1	80	0.0125000
NODE_293238_length_251_cov_2.980263	11	91	86	9	80	0.1125000
NODE_293238_length_251_cov_2.980263	11	91	89	16	80	0.2000000
NODE_293238_length_251_cov_2.980263	11	91	90	14	80	0.1750000
NODE_293259_length_251_cov_2.842105	170	198	0	28	28	1.0000000
NODE_293279_length_251_cov_2.743421	181	232	0	51	51	1.0000000
NODE_293335_length_251_cov_2.677632	35	54	0	19	19	1.0000000
NODE_293454_length_251_cov_2.348684	196	251	1	21	55	0.3818182
NODE_293454_length_251_cov_2.348684	196	251	3	34	55	0.6181818
NODE_293502_length_251_cov_2.328947	86	149	0	17	63	0.2698413
NODE_293502_length_251_cov_2.328947	86	149	2	46	63	0.7301587
NODE_293516_length_251_cov_2.296053	91	171	0	80	80	1.0000000
NODE_293516_length_251_cov_2.296053	144	224	0	80	80	1.0000000
NODE_293591_length_251_cov_2.065789	7	52	0	45	45	1.0000000
NODE_293698_length_251_cov_2.013158	96	179	0	83	83	1.0000000
NODE_293698_length_251_cov_2.013158	96	179	0	83	83	1.0000000
NODE_293698_length_251_cov_2.013158	152	203	0	51	51	1.0000000
NODE_293698_length_251_cov_2.013158	152	201	0	49	49	1.0000000
NODE_293919_length_251_cov_1.710526	135	194	0	59	59	1.0000000
NODE_294028_length_251_cov_1.671053	94	127	0	33	33	1.0000000
NODE_294063_length_251_cov_1.644737	135	164	4	29	29	1.0000000
NODE_294147_length_251_cov_1.473684	137	202	2	65	65	1.0000000
NODE_294153_length_251_cov_1.460526	17	78	0	61	61	1.0000000
NODE_294190_length_251_cov_1.407895	182	246	0	64	64	1.0000000
NODE_294393_length_251_cov_1.342105	9	89	0	80	80	1.0000000
NODE_294393_length_251_cov_1.342105	62	91	0	29	29	1.0000000
NODE_294624_length_251_cov_1.296053	7	47	0	40	40	1.0000000
NODE_294624_length_251_cov_1.296053	24	47	0	23	23	1.0000000
NODE_295165_length_251_cov_1.006579	4	50	0	46	46	1.0000000
NODE_296033_length_251_cov_0.671053	184	204	0	20	20	1.0000000
NODE_296386_length_251_cov_0.572368	54	74	0	20	20	1.0000000
NODE_296437_length_250_cov_35.662252	33	99	0	29	66	0.4393939
NODE_296437_length_250_cov_35.662252	33	99	2	37	66	0.5606061
NODE_296437_length_250_cov_35.662252	143	223	0	74	80	0.9250000
NODE_296437_length_250_cov_35.662252	143	223	2	6	80	0.0750000
NODE_296456_length_250_cov_6.503311	186	250	0	64	64	1.0000000
NODE_296467_length_250_cov_5.867550	99	120	0	5	21	0.2380952
NODE_296467_length_250_cov_5.867550	99	120	7	16	21	0.7619048
NODE_296520_length_250_cov_4.662252	143	187	0	44	44	1.0000000
NODE_296520_length_250_cov_4.662252	160	227	0	67	67	1.0000000
NODE_296598_length_250_cov_3.715232	37	90	0	53	53	1.0000000
NODE_296633_length_250_cov_3.417219	113	193	0	27	80	0.3375000
NODE_296633_length_250_cov_3.417219	113	193	2	6	80	0.0750000
NODE_296633_length_250_cov_3.417219	113	193	4	47	80	0.5875000
NODE_296633_length_250_cov_3.417219	166	246	2	4	80	0.0500000
NODE_296633_length_250_cov_3.417219	166	246	4	76	80	0.9500000
NODE_296653_length_250_cov_3.364238	0	61	0	2	61	0.0327869
NODE_296653_length_250_cov_3.364238	0	61	2	2	61	0.0327869
NODE_296653_length_250_cov_3.364238	0	61	4	3	61	0.0491803
NODE_296653_length_250_cov_3.364238	0	61	12	54	61	0.8852459
NODE_296653_length_250_cov_3.364238	34	94	12	60	60	1.0000000
NODE_296680_length_250_cov_3.225166	157	209	2	52	52	1.0000000
NODE_296680_length_250_cov_3.225166	182	250	2	68	68	1.0000000
NODE_296699_length_250_cov_3.086093	33	67	4	34	34	1.0000000
NODE_296703_length_250_cov_3.052980	29	94	5	10	65	0.1538462
NODE_296703_length_250_cov_3.052980	29	94	7	1	65	0.0153846
NODE_296703_length_250_cov_3.052980	29	94	8	54	65	0.8307692
NODE_296707_length_250_cov_3.039735	51	106	2	55	55	1.0000000
NODE_296737_length_250_cov_2.986755	124	185	2	61	61	1.0000000
NODE_296737_length_250_cov_2.986755	172	243	2	71	71	1.0000000
NODE_296885_length_250_cov_2.516556	0	49	0	49	49	1.0000000
NODE_296893_length_250_cov_2.476821	94	174	0	80	80	1.0000000
NODE_296893_length_250_cov_2.476821	147	227	0	80	80	1.0000000
NODE_296897_length_250_cov_2.470199	166	212	0	46	46	1.0000000
NODE_297070_length_250_cov_2.059603	150	207	0	4	57	0.0701754
NODE_297070_length_250_cov_2.059603	150	207	2	53	57	0.9298246
NODE_297211_length_250_cov_2.019868	74	141	0	67	67	1.0000000
NODE_297211_length_250_cov_2.019868	158	204	0	46	46	1.0000000
NODE_297550_length_250_cov_1.688742	6	42	0	36	36	1.0000000
NODE_297624_length_250_cov_1.635762	150	191	2	41	41	1.0000000
NODE_297679_length_250_cov_1.529801	59	108	0	49	49	1.0000000
NODE_297679_length_250_cov_1.529801	81	161	0	50	80	0.6250000
NODE_297679_length_250_cov_1.529801	81	161	1	30	80	0.3750000
NODE_297693_length_250_cov_1.516556	124	184	0	60	60	1.0000000
NODE_297693_length_250_cov_1.516556	166	237	0	71	71	1.0000000
NODE_297762_length_250_cov_1.377483	0	80	0	80	80	1.0000000
NODE_297963_length_250_cov_1.350993	40	98	0	58	58	1.0000000
NODE_298213_length_250_cov_1.291391	116	196	6	4	80	0.0500000
NODE_298213_length_250_cov_1.291391	116	196	8	2	80	0.0250000
NODE_298213_length_250_cov_1.291391	116	196	10	16	80	0.2000000
NODE_298213_length_250_cov_1.291391	116	196	12	58	80	0.7250000
NODE_298719_length_250_cov_1.013245	126	163	0	37	37	1.0000000
NODE_298794_length_250_cov_1.006623	129	148	0	19	19	1.0000000
NODE_298900_length_250_cov_0.920530	126	178	8	9	52	0.1730769
NODE_298900_length_250_cov_0.920530	126	178	10	1	52	0.0192308
NODE_298900_length_250_cov_0.920530	126	178	12	29	52	0.5576923
NODE_298900_length_250_cov_0.920530	126	178	14	13	52	0.2500000
NODE_299979_length_249_cov_55.413333	97	172	0	75	75	1.0000000
NODE_299979_length_249_cov_55.413333	150	225	0	75	75	1.0000000
NODE_300012_length_247_cov_51.243243	172	247	0	75	75	1.0000000
NODE_300014_length_247_cov_37.614865	156	239	7	12	83	0.1445783
NODE_300014_length_247_cov_37.614865	156	239	11	71	83	0.8554217
NODE_300056_length_245_cov_40.876712	138	202	155	1	64	0.0156250
NODE_300056_length_245_cov_40.876712	138	202	159	1	64	0.0156250
NODE_300056_length_245_cov_40.876712	138	202	164	1	64	0.0156250
NODE_300056_length_245_cov_40.876712	138	202	165	1	64	0.0156250
NODE_300056_length_245_cov_40.876712	138	202	166	1	64	0.0156250
NODE_300056_length_245_cov_40.876712	138	202	167	1	64	0.0156250
NODE_300056_length_245_cov_40.876712	138	202	174	1	64	0.0156250
NODE_300056_length_245_cov_40.876712	138	202	176	1	64	0.0156250
NODE_300056_length_245_cov_40.876712	138	202	191	1	64	0.0156250
NODE_300056_length_245_cov_40.876712	138	202	192	1	64	0.0156250
NODE_300056_length_245_cov_40.876712	138	202	207	1	64	0.0156250
NODE_300056_length_245_cov_40.876712	138	202	211	1	64	0.0156250
NODE_300056_length_245_cov_40.876712	138	202	219	1	64	0.0156250
NODE_300056_length_245_cov_40.876712	138	202	220	1	64	0.0156250
NODE_300056_length_245_cov_40.876712	138	202	230	1	64	0.0156250
NODE_300056_length_245_cov_40.876712	138	202	234	1	64	0.0156250
NODE_300056_length_245_cov_40.876712	138	202	248	1	64	0.0156250
NODE_300056_length_245_cov_40.876712	138	202	251	1	64	0.0156250
NODE_300056_length_245_cov_40.876712	138	202	253	1	64	0.0156250
NODE_300056_length_245_cov_40.876712	138	202	262	1	64	0.0156250
NODE_300056_length_245_cov_40.876712	138	202	266	1	64	0.0156250
NODE_300056_length_245_cov_40.876712	138	202	274	1	64	0.0156250
NODE_300056_length_245_cov_40.876712	138	202	281	2	64	0.0312500
NODE_300056_length_245_cov_40.876712	138	202	290	1	64	0.0156250
NODE_300056_length_245_cov_40.876712	138	202	291	1	64	0.0156250
NODE_300056_length_245_cov_40.876712	138	202	293	1	64	0.0156250
NODE_300056_length_245_cov_40.876712	138	202	299	1	64	0.0156250
NODE_300056_length_245_cov_40.876712	138	202	304	3	64	0.0468750
NODE_300056_length_245_cov_40.876712	138	202	308	1	64	0.0156250
NODE_300056_length_245_cov_40.876712	138	202	309	1	64	0.0156250
NODE_300056_length_245_cov_40.876712	138	202	315	2	64	0.0312500
NODE_300056_length_245_cov_40.876712	138	202	319	1	64	0.0156250
NODE_300056_length_245_cov_40.876712	138	202	327	1	64	0.0156250
NODE_300056_length_245_cov_40.876712	138	202	330	1	64	0.0156250
NODE_300056_length_245_cov_40.876712	138	202	331	1	64	0.0156250
NODE_300056_length_245_cov_40.876712	138	202	333	2	64	0.0312500
NODE_300056_length_245_cov_40.876712	138	202	335	1	64	0.0156250
NODE_300056_length_245_cov_40.876712	138	202	340	5	64	0.0781250
NODE_300056_length_245_cov_40.876712	138	202	343	2	64	0.0312500
NODE_300056_length_245_cov_40.876712	138	202	348	1	64	0.0156250
NODE_300056_length_245_cov_40.876712	138	202	349	1	64	0.0156250
NODE_300056_length_245_cov_40.876712	138	202	354	1	64	0.0156250
NODE_300056_length_245_cov_40.876712	138	202	356	1	64	0.0156250
NODE_300056_length_245_cov_40.876712	138	202	357	1	64	0.0156250
NODE_300056_length_245_cov_40.876712	138	202	358	1	64	0.0156250
NODE_300056_length_245_cov_40.876712	138	202	361	1	64	0.0156250
NODE_300056_length_245_cov_40.876712	138	202	365	8	64	0.1250000
NODE_300056_length_245_cov_40.876712	138	202	155	1	64	0.0156250
NODE_300056_length_245_cov_40.876712	138	202	159	1	64	0.0156250
NODE_300056_length_245_cov_40.876712	138	202	164	1	64	0.0156250
NODE_300056_length_245_cov_40.876712	138	202	165	1	64	0.0156250
NODE_300056_length_245_cov_40.876712	138	202	166	1	64	0.0156250
NODE_300056_length_245_cov_40.876712	138	202	167	1	64	0.0156250
NODE_300056_length_245_cov_40.876712	138	202	174	1	64	0.0156250
NODE_300056_length_245_cov_40.876712	138	202	176	1	64	0.0156250
NODE_300056_length_245_cov_40.876712	138	202	191	1	64	0.0156250
NODE_300056_length_245_cov_40.876712	138	202	192	1	64	0.0156250
NODE_300056_length_245_cov_40.876712	138	202	207	1	64	0.0156250
NODE_300056_length_245_cov_40.876712	138	202	211	1	64	0.0156250
NODE_300056_length_245_cov_40.876712	138	202	219	1	64	0.0156250
NODE_300056_length_245_cov_40.876712	138	202	220	1	64	0.0156250
NODE_300056_length_245_cov_40.876712	138	202	230	1	64	0.0156250
NODE_300056_length_245_cov_40.876712	138	202	234	1	64	0.0156250
NODE_300056_length_245_cov_40.876712	138	202	248	1	64	0.0156250
NODE_300056_length_245_cov_40.876712	138	202	251	1	64	0.0156250
NODE_300056_length_245_cov_40.876712	138	202	253	1	64	0.0156250
NODE_300056_length_245_cov_40.876712	138	202	262	1	64	0.0156250
NODE_300056_length_245_cov_40.876712	138	202	266	1	64	0.0156250
NODE_300056_length_245_cov_40.876712	138	202	274	1	64	0.0156250
NODE_300056_length_245_cov_40.876712	138	202	281	2	64	0.0312500
NODE_300056_length_245_cov_40.876712	138	202	290	1	64	0.0156250
NODE_300056_length_245_cov_40.876712	138	202	291	1	64	0.0156250
NODE_300056_length_245_cov_40.876712	138	202	293	1	64	0.0156250
NODE_300056_length_245_cov_40.876712	138	202	299	1	64	0.0156250
NODE_300056_length_245_cov_40.876712	138	202	304	3	64	0.0468750
NODE_300056_length_245_cov_40.876712	138	202	308	1	64	0.0156250
NODE_300056_length_245_cov_40.876712	138	202	309	1	64	0.0156250
NODE_300056_length_245_cov_40.876712	138	202	315	2	64	0.0312500
NODE_300056_length_245_cov_40.876712	138	202	319	1	64	0.0156250
NODE_300056_length_245_cov_40.876712	138	202	327	1	64	0.0156250
NODE_300056_length_245_cov_40.876712	138	202	330	1	64	0.0156250
NODE_300056_length_245_cov_40.876712	138	202	331	1	64	0.0156250
NODE_300056_length_245_cov_40.876712	138	202	333	2	64	0.0312500
NODE_300056_length_245_cov_40.876712	138	202	335	1	64	0.0156250
NODE_300056_length_245_cov_40.876712	138	202	340	5	64	0.0781250
NODE_300056_length_245_cov_40.876712	138	202	343	2	64	0.0312500
NODE_300056_length_245_cov_40.876712	138	202	348	1	64	0.0156250
NODE_300056_length_245_cov_40.876712	138	202	349	1	64	0.0156250
NODE_300056_length_245_cov_40.876712	138	202	354	1	64	0.0156250
NODE_300056_length_245_cov_40.876712	138	202	356	1	64	0.0156250
NODE_300056_length_245_cov_40.876712	138	202	357	1	64	0.0156250
NODE_300056_length_245_cov_40.876712	138	202	358	1	64	0.0156250
NODE_300056_length_245_cov_40.876712	138	202	361	1	64	0.0156250
NODE_300056_length_245_cov_40.876712	138	202	365	8	64	0.1250000
NODE_300056_length_245_cov_40.876712	138	202	155	1	64	0.0156250
NODE_300056_length_245_cov_40.876712	138	202	159	1	64	0.0156250
NODE_300056_length_245_cov_40.876712	138	202	164	1	64	0.0156250
NODE_300056_length_245_cov_40.876712	138	202	165	1	64	0.0156250
NODE_300056_length_245_cov_40.876712	138	202	166	1	64	0.0156250
NODE_300056_length_245_cov_40.876712	138	202	167	1	64	0.0156250
NODE_300056_length_245_cov_40.876712	138	202	174	1	64	0.0156250
NODE_300056_length_245_cov_40.876712	138	202	176	1	64	0.0156250
NODE_300056_length_245_cov_40.876712	138	202	191	1	64	0.0156250
NODE_300056_length_245_cov_40.876712	138	202	192	1	64	0.0156250
NODE_300056_length_245_cov_40.876712	138	202	207	1	64	0.0156250
NODE_300056_length_245_cov_40.876712	138	202	211	1	64	0.0156250
NODE_300056_length_245_cov_40.876712	138	202	219	1	64	0.0156250
NODE_300056_length_245_cov_40.876712	138	202	220	1	64	0.0156250
NODE_300056_length_245_cov_40.876712	138	202	230	1	64	0.0156250
NODE_300056_length_245_cov_40.876712	138	202	234	1	64	0.0156250
NODE_300056_length_245_cov_40.876712	138	202	248	1	64	0.0156250
NODE_300056_length_245_cov_40.876712	138	202	251	1	64	0.0156250
NODE_300056_length_245_cov_40.876712	138	202	253	1	64	0.0156250
NODE_300056_length_245_cov_40.876712	138	202	262	1	64	0.0156250
NODE_300056_length_245_cov_40.876712	138	202	266	1	64	0.0156250
NODE_300056_length_245_cov_40.876712	138	202	274	1	64	0.0156250
NODE_300056_length_245_cov_40.876712	138	202	281	2	64	0.0312500
NODE_300056_length_245_cov_40.876712	138	202	290	1	64	0.0156250
NODE_300056_length_245_cov_40.876712	138	202	291	1	64	0.0156250
NODE_300056_length_245_cov_40.876712	138	202	293	1	64	0.0156250
NODE_300056_length_245_cov_40.876712	138	202	299	1	64	0.0156250
NODE_300056_length_245_cov_40.876712	138	202	304	3	64	0.0468750
NODE_300056_length_245_cov_40.876712	138	202	308	1	64	0.0156250
NODE_300056_length_245_cov_40.876712	138	202	309	1	64	0.0156250
NODE_300056_length_245_cov_40.876712	138	202	315	2	64	0.0312500
NODE_300056_length_245_cov_40.876712	138	202	319	1	64	0.0156250
NODE_300056_length_245_cov_40.876712	138	202	327	1	64	0.0156250
NODE_300056_length_245_cov_40.876712	138	202	330	1	64	0.0156250
NODE_300056_length_245_cov_40.876712	138	202	331	1	64	0.0156250
NODE_300056_length_245_cov_40.876712	138	202	333	2	64	0.0312500
NODE_300056_length_245_cov_40.876712	138	202	335	1	64	0.0156250
NODE_300056_length_245_cov_40.876712	138	202	340	5	64	0.0781250
NODE_300056_length_245_cov_40.876712	138	202	343	2	64	0.0312500
NODE_300056_length_245_cov_40.876712	138	202	348	1	64	0.0156250
NODE_300056_length_245_cov_40.876712	138	202	349	1	64	0.0156250
NODE_300056_length_245_cov_40.876712	138	202	354	1	64	0.0156250
NODE_300056_length_245_cov_40.876712	138	202	356	1	64	0.0156250
NODE_300056_length_245_cov_40.876712	138	202	357	1	64	0.0156250
NODE_300056_length_245_cov_40.876712	138	202	358	1	64	0.0156250
NODE_300056_length_245_cov_40.876712	138	202	361	1	64	0.0156250
NODE_300056_length_245_cov_40.876712	138	202	365	8	64	0.1250000
NODE_300056_length_245_cov_40.876712	175	241	17	1	66	0.0151515
NODE_300056_length_245_cov_40.876712	175	241	23	3	66	0.0454545
NODE_300056_length_245_cov_40.876712	175	241	26	2	66	0.0303030
NODE_300056_length_245_cov_40.876712	175	241	30	1	66	0.0151515
NODE_300056_length_245_cov_40.876712	175	241	32	1	66	0.0151515
NODE_300056_length_245_cov_40.876712	175	241	37	3	66	0.0454545
NODE_300056_length_245_cov_40.876712	175	241	39	4	66	0.0606061
NODE_300056_length_245_cov_40.876712	175	241	40	1	66	0.0151515
NODE_300056_length_245_cov_40.876712	175	241	41	1	66	0.0151515
NODE_300056_length_245_cov_40.876712	175	241	47	1	66	0.0151515
NODE_300056_length_245_cov_40.876712	175	241	48	1	66	0.0151515
NODE_300056_length_245_cov_40.876712	175	241	51	2	66	0.0303030
NODE_300056_length_245_cov_40.876712	175	241	53	1	66	0.0151515
NODE_300056_length_245_cov_40.876712	175	241	59	1	66	0.0151515
NODE_300056_length_245_cov_40.876712	175	241	60	1	66	0.0151515
NODE_300056_length_245_cov_40.876712	175	241	65	1	66	0.0151515
NODE_300056_length_245_cov_40.876712	175	241	71	1	66	0.0151515
NODE_300056_length_245_cov_40.876712	175	241	73	2	66	0.0303030
NODE_300056_length_245_cov_40.876712	175	241	75	1	66	0.0151515
NODE_300056_length_245_cov_40.876712	175	241	79	1	66	0.0151515
NODE_300056_length_245_cov_40.876712	175	241	84	1	66	0.0151515
NODE_300056_length_245_cov_40.876712	175	241	86	1	66	0.0151515
NODE_300056_length_245_cov_40.876712	175	241	88	1	66	0.0151515
NODE_300056_length_245_cov_40.876712	175	241	98	1	66	0.0151515
NODE_300056_length_245_cov_40.876712	175	241	111	1	66	0.0151515
NODE_300056_length_245_cov_40.876712	175	241	114	1	66	0.0151515
NODE_300056_length_245_cov_40.876712	175	241	118	1	66	0.0151515
NODE_300056_length_245_cov_40.876712	175	241	122	1	66	0.0151515
NODE_300056_length_245_cov_40.876712	175	241	132	1	66	0.0151515
NODE_300056_length_245_cov_40.876712	175	241	155	1	66	0.0151515
NODE_300056_length_245_cov_40.876712	175	241	159	1	66	0.0151515
NODE_300056_length_245_cov_40.876712	175	241	164	1	66	0.0151515
NODE_300056_length_245_cov_40.876712	175	241	165	1	66	0.0151515
NODE_300056_length_245_cov_40.876712	175	241	166	1	66	0.0151515
NODE_300056_length_245_cov_40.876712	175	241	167	1	66	0.0151515
NODE_300056_length_245_cov_40.876712	175	241	174	1	66	0.0151515
NODE_300056_length_245_cov_40.876712	175	241	176	1	66	0.0151515
NODE_300056_length_245_cov_40.876712	175	241	191	1	66	0.0151515
NODE_300056_length_245_cov_40.876712	175	241	192	1	66	0.0151515
NODE_300056_length_245_cov_40.876712	175	241	207	1	66	0.0151515
NODE_300056_length_245_cov_40.876712	175	241	211	1	66	0.0151515
NODE_300056_length_245_cov_40.876712	175	241	219	1	66	0.0151515
NODE_300056_length_245_cov_40.876712	175	241	220	1	66	0.0151515
NODE_300056_length_245_cov_40.876712	175	241	230	1	66	0.0151515
NODE_300056_length_245_cov_40.876712	175	241	234	1	66	0.0151515
NODE_300056_length_245_cov_40.876712	175	241	248	1	66	0.0151515
NODE_300056_length_245_cov_40.876712	175	241	251	1	66	0.0151515
NODE_300056_length_245_cov_40.876712	175	241	253	1	66	0.0151515
NODE_300056_length_245_cov_40.876712	175	241	262	1	66	0.0151515
NODE_300056_length_245_cov_40.876712	175	241	266	1	66	0.0151515
NODE_300056_length_245_cov_40.876712	175	241	274	1	66	0.0151515
NODE_300056_length_245_cov_40.876712	175	241	281	2	66	0.0303030
NODE_300056_length_245_cov_40.876712	175	241	290	1	66	0.0151515
NODE_300056_length_245_cov_40.876712	175	241	291	1	66	0.0151515
NODE_300056_length_245_cov_40.876712	175	241	293	1	66	0.0151515
NODE_300147_length_240_cov_80.744681	167	238	0	13	71	0.1830986
NODE_300147_length_240_cov_80.744681	167	238	1	7	71	0.0985916
NODE_300147_length_240_cov_80.744681	167	238	5	2	71	0.0281690
NODE_300147_length_240_cov_80.744681	167	238	6	12	71	0.1690141
NODE_300147_length_240_cov_80.744681	167	238	8	26	71	0.3661972
NODE_300147_length_240_cov_80.744681	167	238	10	1	71	0.0140845
NODE_300147_length_240_cov_80.744681	167	238	13	10	71	0.1408451
NODE_300148_length_240_cov_38.035461	31	82	14	5	51	0.0980392
NODE_300148_length_240_cov_38.035461	31	82	18	1	51	0.0196078
NODE_300148_length_240_cov_38.035461	31	82	21	1	51	0.0196078
NODE_300148_length_240_cov_38.035461	31	82	24	1	51	0.0196078
NODE_300148_length_240_cov_38.035461	31	82	32	1	51	0.0196078
NODE_300148_length_240_cov_38.035461	31	82	38	6	51	0.1176471
NODE_300148_length_240_cov_38.035461	31	82	39	4	51	0.0784314
NODE_300148_length_240_cov_38.035461	31	82	41	1	51	0.0196078
NODE_300148_length_240_cov_38.035461	31	82	46	1	51	0.0196078
NODE_300148_length_240_cov_38.035461	31	82	47	1	51	0.0196078
NODE_300148_length_240_cov_38.035461	31	82	49	5	51	0.0980392
NODE_300148_length_240_cov_38.035461	31	82	51	4	51	0.0784314
NODE_300148_length_240_cov_38.035461	31	82	52	14	51	0.2745098
NODE_300148_length_240_cov_38.035461	31	82	53	2	51	0.0392157
NODE_300148_length_240_cov_38.035461	31	82	55	1	51	0.0196078
NODE_300148_length_240_cov_38.035461	31	82	57	3	51	0.0588235
NODE_300165_length_239_cov_72.878571	0	48	0	13	48	0.2708333
NODE_300165_length_239_cov_72.878571	0	48	1	8	48	0.1666667
NODE_300165_length_239_cov_72.878571	0	48	2	27	48	0.5625000
NODE_300165_length_239_cov_72.878571	21	101	2	28	80	0.3500000
NODE_300165_length_239_cov_72.878571	21	101	8	5	80	0.0625000
NODE_300165_length_239_cov_72.878571	21	101	12	1	80	0.0125000
NODE_300165_length_239_cov_72.878571	21	101	13	17	80	0.2125000
NODE_300165_length_239_cov_72.878571	21	101	22	7	80	0.0875000
NODE_300165_length_239_cov_72.878571	21	101	23	4	80	0.0500000
NODE_300165_length_239_cov_72.878571	21	101	24	4	80	0.0500000
NODE_300165_length_239_cov_72.878571	21	101	32	14	80	0.1750000
NODE_300165_length_239_cov_72.878571	150	230	16	1	80	0.0125000
NODE_300165_length_239_cov_72.878571	150	230	17	7	80	0.0875000
NODE_300165_length_239_cov_72.878571	150	230	26	13	80	0.1625000
NODE_300165_length_239_cov_72.878571	150	230	28	4	80	0.0500000
NODE_300165_length_239_cov_72.878571	150	230	29	4	80	0.0500000
NODE_300165_length_239_cov_72.878571	150	230	33	30	80	0.3750000
NODE_300165_length_239_cov_72.878571	150	230	34	8	80	0.1000000
NODE_300165_length_239_cov_72.878571	150	230	35	6	80	0.0750000
NODE_300165_length_239_cov_72.878571	150	230	41	7	80	0.0875000
NODE_300165_length_239_cov_72.878571	150	230	16	1	80	0.0125000
NODE_300165_length_239_cov_72.878571	150	230	17	7	80	0.0875000
NODE_300165_length_239_cov_72.878571	150	230	26	13	80	0.1625000
NODE_300165_length_239_cov_72.878571	150	230	28	4	80	0.0500000
NODE_300165_length_239_cov_72.878571	150	230	29	4	80	0.0500000
NODE_300165_length_239_cov_72.878571	150	230	33	30	80	0.3750000
NODE_300165_length_239_cov_72.878571	150	230	34	8	80	0.1000000
NODE_300165_length_239_cov_72.878571	150	230	35	6	80	0.0750000
NODE_300165_length_239_cov_72.878571	150	230	41	7	80	0.0875000
NODE_300165_length_239_cov_72.878571	150	212	26	3	62	0.0483871
NODE_300165_length_239_cov_72.878571	150	212	28	4	62	0.0645161
NODE_300165_length_239_cov_72.878571	150	212	29	4	62	0.0645161
NODE_300165_length_239_cov_72.878571	150	212	33	30	62	0.4838710
NODE_300165_length_239_cov_72.878571	150	212	34	8	62	0.1290323
NODE_300165_length_239_cov_72.878571	150	212	35	6	62	0.0967742
NODE_300165_length_239_cov_72.878571	150	212	41	7	62	0.1129032
NODE_300165_length_239_cov_72.878571	150	221	26	12	71	0.1690141
NODE_300165_length_239_cov_72.878571	150	221	28	4	71	0.0563380
NODE_300165_length_239_cov_72.878571	150	221	29	4	71	0.0563380
NODE_300165_length_239_cov_72.878571	150	221	33	30	71	0.4225352
NODE_300165_length_239_cov_72.878571	150	221	34	8	71	0.1126761
NODE_300165_length_239_cov_72.878571	150	221	35	6	71	0.0845070
NODE_300165_length_239_cov_72.878571	150	221	41	7	71	0.0985916
NODE_300208_length_238_cov_385.683453	35	104	784	1	69	0.0144928
NODE_300208_length_238_cov_385.683453	35	104	789	1	69	0.0144928
NODE_300208_length_238_cov_385.683453	35	104	857	1	69	0.0144928
NODE_300208_length_238_cov_385.683453	35	104	871	1	69	0.0144928
NODE_300208_length_238_cov_385.683453	35	104	911	1	69	0.0144928
NODE_300208_length_238_cov_385.683453	35	104	937	1	69	0.0144928
NODE_300208_length_238_cov_385.683453	35	104	973	1	69	0.0144928
NODE_300208_length_238_cov_385.683453	35	104	983	1	69	0.0144928
NODE_300208_length_238_cov_385.683453	35	104	1004	1	69	0.0144928
NODE_300208_length_238_cov_385.683453	35	104	1019	1	69	0.0144928
NODE_300208_length_238_cov_385.683453	35	104	1054	1	69	0.0144928
NODE_300208_length_238_cov_385.683453	35	104	1067	1	69	0.0144928
NODE_300208_length_238_cov_385.683453	35	104	1105	1	69	0.0144928
NODE_300208_length_238_cov_385.683453	35	104	1108	1	69	0.0144928
NODE_300208_length_238_cov_385.683453	35	104	1121	1	69	0.0144928
NODE_300208_length_238_cov_385.683453	35	104	1122	1	69	0.0144928
NODE_300208_length_238_cov_385.683453	35	104	1143	1	69	0.0144928
NODE_300208_length_238_cov_385.683453	35	104	1151	1	69	0.0144928
NODE_300208_length_238_cov_385.683453	35	104	1167	1	69	0.0144928
NODE_300208_length_238_cov_385.683453	35	104	1171	1	69	0.0144928
NODE_300208_length_238_cov_385.683453	35	104	1176	1	69	0.0144928
NODE_300208_length_238_cov_385.683453	35	104	1190	1	69	0.0144928
NODE_300208_length_238_cov_385.683453	35	104	1214	1	69	0.0144928
NODE_300208_length_238_cov_385.683453	35	104	1217	1	69	0.0144928
NODE_300208_length_238_cov_385.683453	35	104	1233	1	69	0.0144928
NODE_300208_length_238_cov_385.683453	35	104	1259	1	69	0.0144928
NODE_300208_length_238_cov_385.683453	35	104	1299	1	69	0.0144928
NODE_300208_length_238_cov_385.683453	35	104	1341	1	69	0.0144928
NODE_300208_length_238_cov_385.683453	35	104	1351	1	69	0.0144928
NODE_300208_length_238_cov_385.683453	35	104	1368	1	69	0.0144928
NODE_300208_length_238_cov_385.683453	35	104	1388	1	69	0.0144928
NODE_300208_length_238_cov_385.683453	35	104	1409	1	69	0.0144928
NODE_300208_length_238_cov_385.683453	35	104	1438	1	69	0.0144928
NODE_300208_length_238_cov_385.683453	35	104	1444	1	69	0.0144928
NODE_300208_length_238_cov_385.683453	35	104	1452	1	69	0.0144928
NODE_300208_length_238_cov_385.683453	35	104	1463	1	69	0.0144928
NODE_300208_length_238_cov_385.683453	35	104	1472	1	69	0.0144928
NODE_300208_length_238_cov_385.683453	35	104	1493	1	69	0.0144928
NODE_300208_length_238_cov_385.683453	35	104	1498	1	69	0.0144928
NODE_300208_length_238_cov_385.683453	35	104	1506	1	69	0.0144928
NODE_300208_length_238_cov_385.683453	35	104	1514	2	69	0.0289855
NODE_300208_length_238_cov_385.683453	35	104	1520	1	69	0.0144928
NODE_300208_length_238_cov_385.683453	35	104	1526	1	69	0.0144928
NODE_300208_length_238_cov_385.683453	35	104	1532	2	69	0.0289855
NODE_300208_length_238_cov_385.683453	35	104	1538	1	69	0.0144928
NODE_300208_length_238_cov_385.683453	35	104	1542	1	69	0.0144928
NODE_300208_length_238_cov_385.683453	35	104	1545	1	69	0.0144928
NODE_300208_length_238_cov_385.683453	35	104	1546	1	69	0.0144928
NODE_300208_length_238_cov_385.683453	35	104	1549	1	69	0.0144928
NODE_300208_length_238_cov_385.683453	35	104	1554	1	69	0.0144928
NODE_300208_length_238_cov_385.683453	35	104	1571	1	69	0.0144928
NODE_300208_length_238_cov_385.683453	35	104	1577	1	69	0.0144928
NODE_300208_length_238_cov_385.683453	35	104	1578	1	69	0.0144928
NODE_300208_length_238_cov_385.683453	35	104	1581	2	69	0.0289855
NODE_300208_length_238_cov_385.683453	35	104	1585	1	69	0.0144928
NODE_300208_length_238_cov_385.683453	35	104	1586	1	69	0.0144928
NODE_300208_length_238_cov_385.683453	35	104	1588	2	69	0.0289855
NODE_300208_length_238_cov_385.683453	35	104	1589	1	69	0.0144928
NODE_300208_length_238_cov_385.683453	35	104	1593	1	69	0.0144928
NODE_300208_length_238_cov_385.683453	35	104	1595	1	69	0.0144928
NODE_300208_length_238_cov_385.683453	35	104	1599	2	69	0.0289855
NODE_300208_length_238_cov_385.683453	35	104	1605	1	69	0.0144928
NODE_300208_length_238_cov_385.683453	35	104	1606	1	69	0.0144928
NODE_300208_length_238_cov_385.683453	35	104	1612	1	69	0.0144928
NODE_300225_length_237_cov_101.543478	83	163	2	80	80	1.0000000
NODE_300225_length_237_cov_101.543478	83	163	2	80	80	1.0000000
NODE_300225_length_237_cov_101.543478	83	163	2	80	80	1.0000000
NODE_300225_length_237_cov_101.543478	83	163	2	80	80	1.0000000
NODE_300225_length_237_cov_101.543478	136	216	0	51	80	0.6375000
NODE_300225_length_237_cov_101.543478	136	216	2	29	80	0.3625000
NODE_300225_length_237_cov_101.543478	136	216	0	51	80	0.6375000
NODE_300225_length_237_cov_101.543478	136	216	2	29	80	0.3625000
NODE_300225_length_237_cov_101.543478	136	216	0	51	80	0.6375000
NODE_300225_length_237_cov_101.543478	136	216	2	29	80	0.3625000
NODE_300225_length_237_cov_101.543478	138	216	0	51	78	0.6538461
NODE_300225_length_237_cov_101.543478	138	216	2	27	78	0.3461539
NODE_300225_length_237_cov_101.543478	138	216	0	51	78	0.6538461
NODE_300225_length_237_cov_101.543478	138	216	2	27	78	0.3461539
NODE_300227_length_237_cov_49.623188	13	88	0	75	75	1.0000000
NODE_300227_length_237_cov_49.623188	73	153	0	80	80	1.0000000
NODE_300227_length_237_cov_49.623188	126	206	0	80	80	1.0000000
NODE_300289_length_235_cov_67.904412	0	62	0	62	62	1.0000000
NODE_300289_length_235_cov_67.904412	25	111	0	46	86	0.5348837
NODE_300289_length_235_cov_67.904412	25	111	4	40	86	0.4651163
NODE_300289_length_235_cov_67.904412	69	150	0	2	81	0.0246914
NODE_300289_length_235_cov_67.904412	69	150	4	79	81	0.9753087
NODE_300289_length_235_cov_67.904412	113	194	4	81	81	1.0000000
NODE_300289_length_235_cov_67.904412	157	235	0	40	78	0.5128205
NODE_300289_length_235_cov_67.904412	157	235	4	38	78	0.4871795
NODE_300322_length_234_cov_76.496296	0	76	12	15	76	0.1973684
NODE_300322_length_234_cov_76.496296	0	76	14	53	76	0.6973684
NODE_300322_length_234_cov_76.496296	0	76	16	8	76	0.1052632
NODE_300322_length_234_cov_76.496296	0	76	12	15	76	0.1973684
NODE_300322_length_234_cov_76.496296	0	76	14	53	76	0.6973684
NODE_300322_length_234_cov_76.496296	0	76	16	8	76	0.1052632
NODE_300322_length_234_cov_76.496296	0	76	12	15	76	0.1973684
NODE_300322_length_234_cov_76.496296	0	76	14	53	76	0.6973684
NODE_300322_length_234_cov_76.496296	0	76	16	8	76	0.1052632
NODE_300322_length_234_cov_76.496296	0	76	12	15	76	0.1973684
NODE_300322_length_234_cov_76.496296	0	76	14	53	76	0.6973684
NODE_300322_length_234_cov_76.496296	0	76	16	8	76	0.1052632
NODE_300322_length_234_cov_76.496296	49	128	14	19	79	0.2405063
NODE_300322_length_234_cov_76.496296	49	128	16	27	79	0.3417721
NODE_300322_length_234_cov_76.496296	49	128	18	2	79	0.0253165
NODE_300322_length_234_cov_76.496296	49	128	20	1	79	0.0126582
NODE_300322_length_234_cov_76.496296	49	128	22	25	79	0.3164557
NODE_300322_length_234_cov_76.496296	49	128	24	5	79	0.0632911
NODE_300322_length_234_cov_76.496296	49	128	14	19	79	0.2405063
NODE_300322_length_234_cov_76.496296	49	128	16	27	79	0.3417721
NODE_300322_length_234_cov_76.496296	49	128	18	2	79	0.0253165
NODE_300322_length_234_cov_76.496296	49	128	20	1	79	0.0126582
NODE_300322_length_234_cov_76.496296	49	128	22	25	79	0.3164557
NODE_300322_length_234_cov_76.496296	49	128	24	5	79	0.0632911
NODE_300322_length_234_cov_76.496296	124	204	14	22	80	0.2750000
NODE_300322_length_234_cov_76.496296	124	204	16	50	80	0.6250000
NODE_300322_length_234_cov_76.496296	124	204	18	1	80	0.0125000
NODE_300322_length_234_cov_76.496296	124	204	20	3	80	0.0375000
NODE_300322_length_234_cov_76.496296	124	204	22	4	80	0.0500000
NODE_300322_length_234_cov_76.496296	124	204	14	22	80	0.2750000
NODE_300322_length_234_cov_76.496296	124	204	16	50	80	0.6250000
NODE_300322_length_234_cov_76.496296	124	204	18	1	80	0.0125000
NODE_300322_length_234_cov_76.496296	124	204	20	3	80	0.0375000
NODE_300322_length_234_cov_76.496296	124	204	22	4	80	0.0500000
NODE_300322_length_234_cov_76.496296	124	204	14	22	80	0.2750000
NODE_300322_length_234_cov_76.496296	124	204	16	50	80	0.6250000
NODE_300322_length_234_cov_76.496296	124	204	18	1	80	0.0125000
NODE_300322_length_234_cov_76.496296	124	204	20	3	80	0.0375000
NODE_300322_length_234_cov_76.496296	124	204	22	4	80	0.0500000
NODE_300322_length_234_cov_76.496296	177	226	4	7	49	0.1428571
NODE_300322_length_234_cov_76.496296	177	226	6	5	49	0.1020408
NODE_300322_length_234_cov_76.496296	177	226	8	3	49	0.0612245
NODE_300322_length_234_cov_76.496296	177	226	12	7	49	0.1428571
NODE_300322_length_234_cov_76.496296	177	226	14	22	49	0.4489796
NODE_300322_length_234_cov_76.496296	177	226	16	5	49	0.1020408
NODE_300322_length_234_cov_76.496296	177	234	0	8	57	0.1403509
NODE_300322_length_234_cov_76.496296	177	234	4	7	57	0.1228070
NODE_300322_length_234_cov_76.496296	177	234	6	5	57	0.0877193
NODE_300322_length_234_cov_76.496296	177	234	8	3	57	0.0526316
NODE_300322_length_234_cov_76.496296	177	234	12	7	57	0.1228070
NODE_300322_length_234_cov_76.496296	177	234	14	22	57	0.3859649
NODE_300322_length_234_cov_76.496296	177	234	16	5	57	0.0877193
NODE_300322_length_234_cov_76.496296	182	234	0	8	52	0.1538462
NODE_300322_length_234_cov_76.496296	182	234	4	7	52	0.1346154
NODE_300322_length_234_cov_76.496296	182	234	6	5	52	0.0961538
NODE_300322_length_234_cov_76.496296	182	234	8	3	52	0.0576923
NODE_300322_length_234_cov_76.496296	182	234	12	7	52	0.1346154
NODE_300322_length_234_cov_76.496296	182	234	14	22	52	0.4230769
NODE_300323_length_234_cov_71.548148	90	162	2	72	72	1.0000000
NODE_300323_length_234_cov_71.548148	90	162	2	72	72	1.0000000
NODE_300323_length_234_cov_71.548148	135	215	0	44	80	0.5500000
NODE_300323_length_234_cov_71.548148	135	215	2	36	80	0.4500000
NODE_300323_length_234_cov_71.548148	135	215	0	44	80	0.5500000
NODE_300323_length_234_cov_71.548148	135	215	2	36	80	0.4500000
NODE_300357_length_233_cov_180.701493	0	65	0	43	65	0.6615385
NODE_300357_length_233_cov_180.701493	0	65	4	22	65	0.3384615
NODE_300357_length_233_cov_180.701493	38	118	0	5	80	0.0625000
NODE_300357_length_233_cov_180.701493	38	118	4	75	80	0.9375000
NODE_300392_length_232_cov_132.045113	53	133	2	75	80	0.9375000
NODE_300392_length_232_cov_132.045113	53	133	4	5	80	0.0625000
NODE_300392_length_232_cov_132.045113	106	186	2	38	80	0.4750000
NODE_300392_length_232_cov_132.045113	106	186	4	42	80	0.5250000
NODE_300471_length_230_cov_34.427481	0	59	0	59	59	1.0000000
NODE_300471_length_230_cov_34.427481	0	59	0	59	59	1.0000000
NODE_300471_length_230_cov_34.427481	10	59	0	49	49	1.0000000
NODE_300487_length_229_cov_76.907692	94	176	24	10	82	0.1219512
NODE_300487_length_229_cov_76.907692	94	176	26	10	82	0.1219512
NODE_300487_length_229_cov_76.907692	94	176	28	4	82	0.0487805
NODE_300487_length_229_cov_76.907692	94	176	29	1	82	0.0121951
NODE_300487_length_229_cov_76.907692	94	176	30	1	82	0.0121951
NODE_300487_length_229_cov_76.907692	94	176	32	5	82	0.0609756
NODE_300487_length_229_cov_76.907692	94	176	33	3	82	0.0365854
NODE_300487_length_229_cov_76.907692	94	176	35	14	82	0.1707317
NODE_300487_length_229_cov_76.907692	94	176	36	34	82	0.4146341
NODE_300523_length_228_cov_127.131783	0	76	3	2	76	0.0263158
NODE_300523_length_228_cov_127.131783	0	76	7	16	76	0.2105263
NODE_300523_length_228_cov_127.131783	0	76	9	2	76	0.0263158
NODE_300523_length_228_cov_127.131783	0	76	15	3	76	0.0394737
NODE_300523_length_228_cov_127.131783	0	76	19	11	76	0.1447368
NODE_300523_length_228_cov_127.131783	0	76	20	9	76	0.1184211
NODE_300523_length_228_cov_127.131783	0	76	21	11	76	0.1447368
NODE_300523_length_228_cov_127.131783	0	76	22	1	76	0.0131579
NODE_300523_length_228_cov_127.131783	0	76	24	16	76	0.2105263
NODE_300523_length_228_cov_127.131783	0	76	28	5	76	0.0657895
NODE_300523_length_228_cov_127.131783	5	76	7	13	71	0.1830986
NODE_300523_length_228_cov_127.131783	5	76	9	2	71	0.0281690
NODE_300523_length_228_cov_127.131783	5	76	15	3	71	0.0422535
NODE_300523_length_228_cov_127.131783	5	76	19	11	71	0.1549296
NODE_300523_length_228_cov_127.131783	5	76	20	9	71	0.1267606
NODE_300523_length_228_cov_127.131783	5	76	21	11	71	0.1549296
NODE_300523_length_228_cov_127.131783	5	76	22	1	71	0.0140845
NODE_300523_length_228_cov_127.131783	5	76	24	16	71	0.2253521
NODE_300523_length_228_cov_127.131783	5	76	28	5	71	0.0704225
NODE_300523_length_228_cov_127.131783	10	76	7	8	66	0.1212121
NODE_300523_length_228_cov_127.131783	10	76	9	2	66	0.0303030
NODE_300523_length_228_cov_127.131783	10	76	15	3	66	0.0454545
NODE_300523_length_228_cov_127.131783	10	76	19	11	66	0.1666667
NODE_300523_length_228_cov_127.131783	10	76	20	9	66	0.1363636
NODE_300523_length_228_cov_127.131783	10	76	21	11	66	0.1666667
NODE_300523_length_228_cov_127.131783	10	76	22	1	66	0.0151515
NODE_300523_length_228_cov_127.131783	10	76	24	16	66	0.2424242
NODE_300523_length_228_cov_127.131783	10	76	28	5	66	0.0757576
NODE_300523_length_228_cov_127.131783	49	129	8	13	80	0.1625000
NODE_300523_length_228_cov_127.131783	49	129	12	2	80	0.0250000
NODE_300523_length_228_cov_127.131783	49	129	16	3	80	0.0375000
NODE_300523_length_228_cov_127.131783	49	129	20	3	80	0.0375000
NODE_300523_length_228_cov_127.131783	49	129	21	5	80	0.0625000
NODE_300523_length_228_cov_127.131783	49	129	22	4	80	0.0500000
NODE_300523_length_228_cov_127.131783	49	129	24	18	80	0.2250000
NODE_300523_length_228_cov_127.131783	49	129	28	32	80	0.4000000
NODE_300523_length_228_cov_127.131783	49	129	8	13	80	0.1625000
NODE_300523_length_228_cov_127.131783	49	129	12	2	80	0.0250000
NODE_300523_length_228_cov_127.131783	49	129	16	3	80	0.0375000
NODE_300523_length_228_cov_127.131783	49	129	20	3	80	0.0375000
NODE_300523_length_228_cov_127.131783	49	129	21	5	80	0.0625000
NODE_300523_length_228_cov_127.131783	49	129	22	4	80	0.0500000
NODE_300523_length_228_cov_127.131783	49	129	24	18	80	0.2250000
NODE_300523_length_228_cov_127.131783	49	129	28	32	80	0.4000000
NODE_300523_length_228_cov_127.131783	49	129	8	13	80	0.1625000
NODE_300523_length_228_cov_127.131783	49	129	12	2	80	0.0250000
NODE_300523_length_228_cov_127.131783	49	129	16	3	80	0.0375000
NODE_300523_length_228_cov_127.131783	49	129	20	3	80	0.0375000
NODE_300523_length_228_cov_127.131783	49	129	21	5	80	0.0625000
NODE_300523_length_228_cov_127.131783	49	129	22	4	80	0.0500000
NODE_300523_length_228_cov_127.131783	49	129	24	18	80	0.2250000
NODE_300523_length_228_cov_127.131783	49	129	28	32	80	0.4000000
NODE_300523_length_228_cov_127.131783	125	205	4	1	80	0.0125000
NODE_300523_length_228_cov_127.131783	125	205	5	11	80	0.1375000
NODE_300523_length_228_cov_127.131783	125	205	6	9	80	0.1125000
NODE_300523_length_228_cov_127.131783	125	205	7	39	80	0.4875000
NODE_300523_length_228_cov_127.131783	125	205	8	20	80	0.2500000
NODE_300523_length_228_cov_127.131783	125	205	4	1	80	0.0125000
NODE_300523_length_228_cov_127.131783	125	205	5	11	80	0.1375000
NODE_300523_length_228_cov_127.131783	125	205	6	9	80	0.1125000
NODE_300523_length_228_cov_127.131783	125	205	7	39	80	0.4875000
NODE_300523_length_228_cov_127.131783	125	205	8	20	80	0.2500000
NODE_300523_length_228_cov_127.131783	125	205	4	1	80	0.0125000
NODE_300523_length_228_cov_127.131783	125	205	5	11	80	0.1375000
NODE_300523_length_228_cov_127.131783	125	205	6	9	80	0.1125000
NODE_300523_length_228_cov_127.131783	125	205	7	39	80	0.4875000
NODE_300523_length_228_cov_127.131783	125	205	8	20	80	0.2500000
NODE_300523_length_228_cov_127.131783	178	228	0	11	50	0.2200000
NODE_300523_length_228_cov_127.131783	178	228	3	2	50	0.0400000
NODE_300523_length_228_cov_127.131783	178	228	4	11	50	0.2200000
NODE_300523_length_228_cov_127.131783	178	228	5	11	50	0.2200000
NODE_300523_length_228_cov_127.131783	178	228	6	9	50	0.1800000
NODE_300523_length_228_cov_127.131783	178	228	7	6	50	0.1200000
NODE_300523_length_228_cov_127.131783	178	228	0	11	50	0.2200000
NODE_300523_length_228_cov_127.131783	178	228	3	2	50	0.0400000
NODE_300523_length_228_cov_127.131783	178	228	4	11	50	0.2200000
NODE_300523_length_228_cov_127.131783	178	228	5	11	50	0.2200000
NODE_300523_length_228_cov_127.131783	178	228	6	9	50	0.1800000
NODE_300523_length_228_cov_127.131783	178	228	7	6	50	0.1200000
NODE_300523_length_228_cov_127.131783	178	228	0	11	50	0.2200000
NODE_300523_length_228_cov_127.131783	178	228	3	2	50	0.0400000
NODE_300523_length_228_cov_127.131783	178	228	4	11	50	0.2200000
NODE_300523_length_228_cov_127.131783	178	228	5	11	50	0.2200000
NODE_300523_length_228_cov_127.131783	178	228	6	9	50	0.1800000
NODE_300523_length_228_cov_127.131783	178	228	7	6	50	0.1200000
NODE_300524_length_228_cov_94.255814	34	99	2	8	65	0.1230769
NODE_300524_length_228_cov_94.255814	34	99	4	2	65	0.0307692
NODE_300524_length_228_cov_94.255814	34	99	5	4	65	0.0615385
NODE_300524_length_228_cov_94.255814	34	99	6	28	65	0.4307692
NODE_300524_length_228_cov_94.255814	34	99	8	19	65	0.2923077
NODE_300524_length_228_cov_94.255814	34	99	12	4	65	0.0615385
NODE_300524_length_228_cov_94.255814	34	114	2	8	80	0.1000000
NODE_300524_length_228_cov_94.255814	34	114	4	2	80	0.0250000
NODE_300524_length_228_cov_94.255814	34	114	5	4	80	0.0500000
NODE_300524_length_228_cov_94.255814	34	114	6	28	80	0.3500000
NODE_300524_length_228_cov_94.255814	34	114	8	19	80	0.2375000
NODE_300524_length_228_cov_94.255814	34	114	12	16	80	0.2000000
NODE_300524_length_228_cov_94.255814	34	114	14	3	80	0.0375000
NODE_300524_length_228_cov_94.255814	41	111	2	1	70	0.0142857
NODE_300524_length_228_cov_94.255814	41	111	4	2	70	0.0285714
NODE_300524_length_228_cov_94.255814	41	111	5	4	70	0.0571429
NODE_300524_length_228_cov_94.255814	41	111	6	28	70	0.4000000
NODE_300524_length_228_cov_94.255814	41	111	8	19	70	0.2714286
NODE_300524_length_228_cov_94.255814	41	111	12	13	70	0.1857143
NODE_300524_length_228_cov_94.255814	41	111	14	3	70	0.0428571
NODE_300524_length_228_cov_94.255814	43	114	4	1	71	0.0140845
NODE_300524_length_228_cov_94.255814	43	114	5	4	71	0.0563380
NODE_300524_length_228_cov_94.255814	43	114	6	28	71	0.3943662
NODE_300524_length_228_cov_94.255814	43	114	8	19	71	0.2676056
NODE_300524_length_228_cov_94.255814	43	114	12	16	71	0.2253521
NODE_300524_length_228_cov_94.255814	43	114	14	3	71	0.0422535
NODE_300524_length_228_cov_94.255814	87	167	8	8	80	0.1000000
NODE_300524_length_228_cov_94.255814	87	167	12	26	80	0.3250000
NODE_300524_length_228_cov_94.255814	87	167	14	3	80	0.0375000
NODE_300524_length_228_cov_94.255814	87	167	18	8	80	0.1000000
NODE_300524_length_228_cov_94.255814	87	167	20	35	80	0.4375000
NODE_300524_length_228_cov_94.255814	87	167	8	8	80	0.1000000
NODE_300524_length_228_cov_94.255814	87	167	12	26	80	0.3250000
NODE_300524_length_228_cov_94.255814	87	167	14	3	80	0.0375000
NODE_300524_length_228_cov_94.255814	87	167	18	8	80	0.1000000
NODE_300524_length_228_cov_94.255814	87	167	20	35	80	0.4375000
NODE_300524_length_228_cov_94.255814	87	167	8	8	80	0.1000000
NODE_300524_length_228_cov_94.255814	87	167	12	26	80	0.3250000
NODE_300524_length_228_cov_94.255814	87	167	14	3	80	0.0375000
NODE_300524_length_228_cov_94.255814	87	167	18	8	80	0.1000000
NODE_300524_length_228_cov_94.255814	87	167	20	35	80	0.4375000
NODE_300524_length_228_cov_94.255814	87	167	8	8	80	0.1000000
NODE_300524_length_228_cov_94.255814	87	167	12	26	80	0.3250000
NODE_300524_length_228_cov_94.255814	87	167	14	3	80	0.0375000
NODE_300524_length_228_cov_94.255814	87	167	18	8	80	0.1000000
NODE_300524_length_228_cov_94.255814	87	167	20	35	80	0.4375000
NODE_300547_length_228_cov_0.395349	27	107	0	80	80	1.0000000
NODE_300547_length_228_cov_0.395349	70	150	0	80	80	1.0000000
NODE_300556_length_227_cov_37.429688	40	111	4	2	71	0.0281690
NODE_300556_length_227_cov_37.429688	40	111	8	5	71	0.0704225
NODE_300556_length_227_cov_37.429688	40	111	10	38	71	0.5352113
NODE_300556_length_227_cov_37.429688	40	111	12	26	71	0.3661972
NODE_300556_length_227_cov_37.429688	49	112	10	37	63	0.5873016
NODE_300556_length_227_cov_37.429688	49	112	12	26	63	0.4126984
NODE_300556_length_227_cov_37.429688	93	172	4	14	79	0.1772152
NODE_300556_length_227_cov_37.429688	93	172	6	8	79	0.1012658
NODE_300556_length_227_cov_37.429688	93	172	10	11	79	0.1392405
NODE_300556_length_227_cov_37.429688	93	172	12	46	79	0.5822785
NODE_300556_length_227_cov_37.429688	168	227	2	52	59	0.8813559
NODE_300556_length_227_cov_37.429688	168	227	4	7	59	0.1186441
NODE_300556_length_227_cov_37.429688	168	227	2	52	59	0.8813559
NODE_300556_length_227_cov_37.429688	168	227	4	7	59	0.1186441
NODE_300595_length_226_cov_547.629921	82	162	1324	1	80	0.0125000
NODE_300595_length_226_cov_547.629921	82	162	1353	1	80	0.0125000
NODE_300595_length_226_cov_547.629921	82	162	1391	1	80	0.0125000
NODE_300595_length_226_cov_547.629921	82	162	1421	1	80	0.0125000
NODE_300595_length_226_cov_547.629921	82	162	1461	1	80	0.0125000
NODE_300595_length_226_cov_547.629921	82	162	1473	1	80	0.0125000
NODE_300595_length_226_cov_547.629921	82	162	1499	1	80	0.0125000
NODE_300595_length_226_cov_547.629921	82	162	1509	1	80	0.0125000
NODE_300595_length_226_cov_547.629921	82	162	1514	1	80	0.0125000
NODE_300595_length_226_cov_547.629921	82	162	1524	1	80	0.0125000
NODE_300595_length_226_cov_547.629921	82	162	1549	1	80	0.0125000
NODE_300595_length_226_cov_547.629921	82	162	1581	1	80	0.0125000
NODE_300595_length_226_cov_547.629921	82	162	1583	1	80	0.0125000
NODE_300595_length_226_cov_547.629921	82	162	1585	1	80	0.0125000
NODE_300595_length_226_cov_547.629921	82	162	1602	1	80	0.0125000
NODE_300595_length_226_cov_547.629921	82	162	1609	1	80	0.0125000
NODE_300595_length_226_cov_547.629921	82	162	1619	1	80	0.0125000
NODE_300595_length_226_cov_547.629921	82	162	1628	1	80	0.0125000
NODE_300595_length_226_cov_547.629921	82	162	1636	2	80	0.0250000
NODE_300595_length_226_cov_547.629921	82	162	1638	1	80	0.0125000
NODE_300595_length_226_cov_547.629921	82	162	1640	1	80	0.0125000
NODE_300595_length_226_cov_547.629921	82	162	1650	2	80	0.0250000
NODE_300595_length_226_cov_547.629921	82	162	1659	1	80	0.0125000
NODE_300595_length_226_cov_547.629921	82	162	1671	1	80	0.0125000
NODE_300595_length_226_cov_547.629921	82	162	1672	1	80	0.0125000
NODE_300595_length_226_cov_547.629921	82	162	1681	1	80	0.0125000
NODE_300595_length_226_cov_547.629921	82	162	1684	1	80	0.0125000
NODE_300595_length_226_cov_547.629921	82	162	1687	1	80	0.0125000
NODE_300595_length_226_cov_547.629921	82	162	1693	1	80	0.0125000
NODE_300595_length_226_cov_547.629921	82	162	1700	1	80	0.0125000
NODE_300595_length_226_cov_547.629921	82	162	1708	1	80	0.0125000
NODE_300595_length_226_cov_547.629921	82	162	1711	1	80	0.0125000
NODE_300595_length_226_cov_547.629921	82	162	1728	1	80	0.0125000
NODE_300595_length_226_cov_547.629921	82	162	1733	2	80	0.0250000
NODE_300595_length_226_cov_547.629921	82	162	1740	1	80	0.0125000
NODE_300595_length_226_cov_547.629921	82	162	1742	2	80	0.0250000
NODE_300595_length_226_cov_547.629921	82	162	1752	1	80	0.0125000
NODE_300595_length_226_cov_547.629921	82	162	1761	1	80	0.0125000
NODE_300595_length_226_cov_547.629921	82	162	1774	1	80	0.0125000
NODE_300595_length_226_cov_547.629921	82	162	1775	1	80	0.0125000
NODE_300595_length_226_cov_547.629921	82	162	1782	1	80	0.0125000
NODE_300595_length_226_cov_547.629921	82	162	1786	1	80	0.0125000
NODE_300595_length_226_cov_547.629921	82	162	1790	1	80	0.0125000
NODE_300595_length_226_cov_547.629921	82	162	1793	1	80	0.0125000
NODE_300595_length_226_cov_547.629921	82	162	1797	1	80	0.0125000
NODE_300595_length_226_cov_547.629921	82	162	1798	1	80	0.0125000
NODE_300595_length_226_cov_547.629921	82	162	1805	1	80	0.0125000
NODE_300595_length_226_cov_547.629921	82	162	1811	1	80	0.0125000
NODE_300595_length_226_cov_547.629921	82	162	1812	1	80	0.0125000
NODE_300595_length_226_cov_547.629921	82	162	1817	2	80	0.0250000
NODE_300595_length_226_cov_547.629921	82	162	1818	2	80	0.0250000
NODE_300595_length_226_cov_547.629921	82	162	1821	1	80	0.0125000
NODE_300595_length_226_cov_547.629921	82	162	1822	1	80	0.0125000
NODE_300595_length_226_cov_547.629921	82	162	1826	1	80	0.0125000
NODE_300595_length_226_cov_547.629921	82	162	1827	1	80	0.0125000
NODE_300595_length_226_cov_547.629921	82	162	1828	1	80	0.0125000
NODE_300595_length_226_cov_547.629921	82	162	1830	2	80	0.0250000
NODE_300595_length_226_cov_547.629921	82	162	1831	1	80	0.0125000
NODE_300595_length_226_cov_547.629921	82	162	1832	2	80	0.0250000
NODE_300595_length_226_cov_547.629921	82	162	1837	2	80	0.0250000
NODE_300595_length_226_cov_547.629921	82	162	1838	4	80	0.0500000
NODE_300595_length_226_cov_547.629921	82	162	1840	4	80	0.0500000
NODE_300595_length_226_cov_547.629921	82	162	1841	1	80	0.0125000
NODE_300595_length_226_cov_547.629921	82	162	1842	1	80	0.0125000
NODE_300595_length_226_cov_547.629921	82	162	1844	1	80	0.0125000
NODE_300617_length_225_cov_41.269841	81	165	10	3	84	0.0357143
NODE_300617_length_225_cov_41.269841	81	165	12	10	84	0.1190476
NODE_300617_length_225_cov_41.269841	81	165	14	16	84	0.1904762
NODE_300617_length_225_cov_41.269841	81	165	15	2	84	0.0238095
NODE_300617_length_225_cov_41.269841	81	165	17	3	84	0.0357143
NODE_300617_length_225_cov_41.269841	81	165	18	50	84	0.5952381
NODE_300617_length_225_cov_41.269841	134	218	4	2	84	0.0238095
NODE_300617_length_225_cov_41.269841	134	218	6	11	84	0.1309524
NODE_300617_length_225_cov_41.269841	134	218	8	16	84	0.1904762
NODE_300617_length_225_cov_41.269841	134	218	10	27	84	0.3214286
NODE_300617_length_225_cov_41.269841	134	218	12	10	84	0.1190476
NODE_300617_length_225_cov_41.269841	134	218	14	16	84	0.1904762
NODE_300617_length_225_cov_41.269841	134	218	17	1	84	0.0119048
NODE_300617_length_225_cov_41.269841	134	218	18	1	84	0.0119048
NODE_300661_length_224_cov_209.528000	12	84	74	1	72	0.0138889
NODE_300661_length_224_cov_209.528000	12	84	84	1	72	0.0138889
NODE_300661_length_224_cov_209.528000	12	84	86	1	72	0.0138889
NODE_300661_length_224_cov_209.528000	12	84	91	1	72	0.0138889
NODE_300661_length_224_cov_209.528000	12	84	93	2	72	0.0277778
NODE_300661_length_224_cov_209.528000	12	84	94	2	72	0.0277778
NODE_300661_length_224_cov_209.528000	12	84	96	1	72	0.0138889
NODE_300661_length_224_cov_209.528000	12	84	100	2	72	0.0277778
NODE_300661_length_224_cov_209.528000	12	84	104	3	72	0.0416667
NODE_300661_length_224_cov_209.528000	12	84	107	9	72	0.1250000
NODE_300661_length_224_cov_209.528000	12	84	108	1	72	0.0138889
NODE_300661_length_224_cov_209.528000	12	84	111	1	72	0.0138889
NODE_300661_length_224_cov_209.528000	12	84	113	1	72	0.0138889
NODE_300661_length_224_cov_209.528000	12	84	115	4	72	0.0555556
NODE_300661_length_224_cov_209.528000	12	84	117	4	72	0.0555556
NODE_300661_length_224_cov_209.528000	12	84	120	1	72	0.0138889
NODE_300661_length_224_cov_209.528000	12	84	122	1	72	0.0138889
NODE_300661_length_224_cov_209.528000	12	84	124	5	72	0.0694444
NODE_300661_length_224_cov_209.528000	12	84	125	2	72	0.0277778
NODE_300661_length_224_cov_209.528000	12	84	131	2	72	0.0277778
NODE_300661_length_224_cov_209.528000	12	84	132	2	72	0.0277778
NODE_300661_length_224_cov_209.528000	12	84	134	1	72	0.0138889
NODE_300661_length_224_cov_209.528000	12	84	135	1	72	0.0138889
NODE_300661_length_224_cov_209.528000	12	84	137	2	72	0.0277778
NODE_300661_length_224_cov_209.528000	12	84	140	13	72	0.1805556
NODE_300661_length_224_cov_209.528000	12	84	142	8	72	0.1111111
NODE_300663_length_224_cov_146.568000	13	72	5	1	59	0.0169492
NODE_300663_length_224_cov_146.568000	13	72	6	2	59	0.0338983
NODE_300663_length_224_cov_146.568000	13	72	7	13	59	0.2203390
NODE_300663_length_224_cov_146.568000	13	72	8	8	59	0.1355932
NODE_300663_length_224_cov_146.568000	13	72	10	1	59	0.0169492
NODE_300663_length_224_cov_146.568000	13	72	12	6	59	0.1016949
NODE_300663_length_224_cov_146.568000	13	72	16	8	59	0.1355932
NODE_300663_length_224_cov_146.568000	13	72	18	3	59	0.0508475
NODE_300663_length_224_cov_146.568000	13	72	20	4	59	0.0677966
NODE_300663_length_224_cov_146.568000	13	72	22	3	59	0.0508475
NODE_300663_length_224_cov_146.568000	13	72	27	2	59	0.0338983
NODE_300663_length_224_cov_146.568000	13	72	29	2	59	0.0338983
NODE_300663_length_224_cov_146.568000	13	72	35	5	59	0.0847458
NODE_300663_length_224_cov_146.568000	13	72	37	1	59	0.0169492
NODE_300663_length_224_cov_146.568000	46	72	16	6	26	0.2307692
NODE_300663_length_224_cov_146.568000	46	72	18	3	26	0.1153846
NODE_300663_length_224_cov_146.568000	46	72	20	4	26	0.1538462
NODE_300663_length_224_cov_146.568000	46	72	22	3	26	0.1153846
NODE_300663_length_224_cov_146.568000	46	72	27	2	26	0.0769231
NODE_300663_length_224_cov_146.568000	46	72	29	2	26	0.0769231
NODE_300663_length_224_cov_146.568000	46	72	35	5	26	0.1923077
NODE_300663_length_224_cov_146.568000	46	72	37	1	26	0.0384615
NODE_300663_length_224_cov_146.568000	68	120	35	3	52	0.0576923
NODE_300663_length_224_cov_146.568000	68	120	37	2	52	0.0384615
NODE_300663_length_224_cov_146.568000	68	120	38	2	52	0.0384615
NODE_300663_length_224_cov_146.568000	68	120	40	3	52	0.0576923
NODE_300663_length_224_cov_146.568000	68	120	42	1	52	0.0192308
NODE_300663_length_224_cov_146.568000	68	120	46	2	52	0.0384615
NODE_300663_length_224_cov_146.568000	68	120	48	1	52	0.0192308
NODE_300663_length_224_cov_146.568000	68	120	50	1	52	0.0192308
NODE_300663_length_224_cov_146.568000	68	120	58	3	52	0.0576923
NODE_300663_length_224_cov_146.568000	68	120	64	2	52	0.0384615
NODE_300663_length_224_cov_146.568000	68	120	66	1	52	0.0192308
NODE_300663_length_224_cov_146.568000	68	120	68	4	52	0.0769231
NODE_300663_length_224_cov_146.568000	68	120	72	16	52	0.3076923
NODE_300663_length_224_cov_146.568000	68	120	74	5	52	0.0961538
NODE_300663_length_224_cov_146.568000	68	120	76	6	52	0.1153846
NODE_300665_length_224_cov_59.088000	98	178	37	9	80	0.1125000
NODE_300665_length_224_cov_59.088000	98	178	46	1	80	0.0125000
NODE_300665_length_224_cov_59.088000	98	178	52	5	80	0.0625000
NODE_300665_length_224_cov_59.088000	98	178	55	4	80	0.0500000
NODE_300665_length_224_cov_59.088000	98	178	57	1	80	0.0125000
NODE_300665_length_224_cov_59.088000	98	178	59	6	80	0.0750000
NODE_300665_length_224_cov_59.088000	98	178	64	1	80	0.0125000
NODE_300665_length_224_cov_59.088000	98	178	66	1	80	0.0125000
NODE_300665_length_224_cov_59.088000	98	178	68	4	80	0.0500000
NODE_300665_length_224_cov_59.088000	98	178	70	6	80	0.0750000
NODE_300665_length_224_cov_59.088000	98	178	71	1	80	0.0125000
NODE_300665_length_224_cov_59.088000	98	178	72	2	80	0.0250000
NODE_300665_length_224_cov_59.088000	98	178	73	5	80	0.0625000
NODE_300665_length_224_cov_59.088000	98	178	74	16	80	0.2000000
NODE_300665_length_224_cov_59.088000	98	178	76	3	80	0.0375000
NODE_300665_length_224_cov_59.088000	98	178	78	15	80	0.1875000
NODE_300665_length_224_cov_59.088000	98	178	37	9	80	0.1125000
NODE_300665_length_224_cov_59.088000	98	178	46	1	80	0.0125000
NODE_300665_length_224_cov_59.088000	98	178	52	5	80	0.0625000
NODE_300665_length_224_cov_59.088000	98	178	55	4	80	0.0500000
NODE_300665_length_224_cov_59.088000	98	178	57	1	80	0.0125000
NODE_300665_length_224_cov_59.088000	98	178	59	6	80	0.0750000
NODE_300665_length_224_cov_59.088000	98	178	64	1	80	0.0125000
NODE_300665_length_224_cov_59.088000	98	178	66	1	80	0.0125000
NODE_300665_length_224_cov_59.088000	98	178	68	4	80	0.0500000
NODE_300665_length_224_cov_59.088000	98	178	70	6	80	0.0750000
NODE_300665_length_224_cov_59.088000	98	178	71	1	80	0.0125000
NODE_300665_length_224_cov_59.088000	98	178	72	2	80	0.0250000
NODE_300665_length_224_cov_59.088000	98	178	73	5	80	0.0625000
NODE_300665_length_224_cov_59.088000	98	178	74	16	80	0.2000000
NODE_300665_length_224_cov_59.088000	98	178	76	3	80	0.0375000
NODE_300665_length_224_cov_59.088000	98	178	78	15	80	0.1875000
NODE_300665_length_224_cov_59.088000	98	178	37	9	80	0.1125000
NODE_300665_length_224_cov_59.088000	98	178	46	1	80	0.0125000
NODE_300665_length_224_cov_59.088000	98	178	52	5	80	0.0625000
NODE_300665_length_224_cov_59.088000	98	178	55	4	80	0.0500000
NODE_300665_length_224_cov_59.088000	98	178	57	1	80	0.0125000
NODE_300665_length_224_cov_59.088000	98	178	59	6	80	0.0750000
NODE_300665_length_224_cov_59.088000	98	178	64	1	80	0.0125000
NODE_300665_length_224_cov_59.088000	98	178	66	1	80	0.0125000
NODE_300665_length_224_cov_59.088000	98	178	68	4	80	0.0500000
NODE_300665_length_224_cov_59.088000	98	178	70	6	80	0.0750000
NODE_300665_length_224_cov_59.088000	98	178	71	1	80	0.0125000
NODE_300665_length_224_cov_59.088000	98	178	72	2	80	0.0250000
NODE_300665_length_224_cov_59.088000	98	178	73	5	80	0.0625000
NODE_300665_length_224_cov_59.088000	98	178	74	16	80	0.2000000
NODE_300665_length_224_cov_59.088000	98	178	76	3	80	0.0375000
NODE_300665_length_224_cov_59.088000	98	178	78	15	80	0.1875000
NODE_300665_length_224_cov_59.088000	151	217	2	5	66	0.0757576
NODE_300665_length_224_cov_59.088000	151	217	4	9	66	0.1363636
NODE_300665_length_224_cov_59.088000	151	217	6	3	66	0.0454545
NODE_300665_length_224_cov_59.088000	151	217	8	5	66	0.0757576
NODE_300665_length_224_cov_59.088000	151	217	15	8	66	0.1212121
NODE_300665_length_224_cov_59.088000	151	217	17	1	66	0.0151515
NODE_300665_length_224_cov_59.088000	151	217	22	1	66	0.0151515
NODE_300665_length_224_cov_59.088000	151	217	26	2	66	0.0303030
NODE_300665_length_224_cov_59.088000	151	217	30	2	66	0.0303030
NODE_300665_length_224_cov_59.088000	151	217	33	1	66	0.0151515
NODE_300665_length_224_cov_59.088000	151	217	35	2	66	0.0303030
NODE_300665_length_224_cov_59.088000	151	217	37	9	66	0.1363636
NODE_300665_length_224_cov_59.088000	151	217	46	1	66	0.0151515
NODE_300665_length_224_cov_59.088000	151	217	52	5	66	0.0757576
NODE_300665_length_224_cov_59.088000	151	217	55	4	66	0.0606061
NODE_300665_length_224_cov_59.088000	151	217	57	1	66	0.0151515
NODE_300665_length_224_cov_59.088000	151	217	59	6	66	0.0909091
NODE_300665_length_224_cov_59.088000	151	217	64	1	66	0.0151515
NODE_300665_length_224_cov_59.088000	151	224	0	3	73	0.0410959
NODE_300665_length_224_cov_59.088000	151	224	2	9	73	0.1232877
NODE_300665_length_224_cov_59.088000	151	224	4	9	73	0.1232877
NODE_300665_length_224_cov_59.088000	151	224	6	3	73	0.0410959
NODE_300665_length_224_cov_59.088000	151	224	8	5	73	0.0684932
NODE_300665_length_224_cov_59.088000	151	224	15	8	73	0.1095890
NODE_300665_length_224_cov_59.088000	151	224	17	1	73	0.0136986
NODE_300665_length_224_cov_59.088000	151	224	22	1	73	0.0136986
NODE_300665_length_224_cov_59.088000	151	224	26	2	73	0.0273973
NODE_300665_length_224_cov_59.088000	151	224	30	2	73	0.0273973
NODE_300665_length_224_cov_59.088000	151	224	33	1	73	0.0136986
NODE_300665_length_224_cov_59.088000	151	224	35	2	73	0.0273973
NODE_300665_length_224_cov_59.088000	151	224	37	9	73	0.1232877
NODE_300665_length_224_cov_59.088000	151	224	46	1	73	0.0136986
NODE_300665_length_224_cov_59.088000	151	224	52	5	73	0.0684932
NODE_300665_length_224_cov_59.088000	151	224	55	4	73	0.0547945
NODE_300665_length_224_cov_59.088000	151	224	57	1	73	0.0136986
NODE_300665_length_224_cov_59.088000	151	224	59	6	73	0.0821918
NODE_300665_length_224_cov_59.088000	151	224	64	1	73	0.0136986
NODE_300667_length_224_cov_43.640000	98	157	0	15	59	0.2542373
NODE_300667_length_224_cov_43.640000	98	157	4	8	59	0.1355932
NODE_300667_length_224_cov_43.640000	98	157	6	36	59	0.6101695
NODE_300667_length_224_cov_43.640000	98	157	0	15	59	0.2542373
NODE_300667_length_224_cov_43.640000	98	157	4	8	59	0.1355932
NODE_300667_length_224_cov_43.640000	98	157	6	36	59	0.6101695
NODE_300667_length_224_cov_43.640000	106	157	0	7	51	0.1372549
NODE_300667_length_224_cov_43.640000	106	157	4	8	51	0.1568628
NODE_300667_length_224_cov_43.640000	106	157	6	36	51	0.7058824
NODE_300669_length_224_cov_36.224000	100	171	30	5	71	0.0704225
NODE_300669_length_224_cov_36.224000	100	171	32	9	71	0.1267606
NODE_300669_length_224_cov_36.224000	100	171	33	4	71	0.0563380
NODE_300669_length_224_cov_36.224000	100	171	34	1	71	0.0140845
NODE_300669_length_224_cov_36.224000	100	171	35	15	71	0.2112676
NODE_300669_length_224_cov_36.224000	100	171	37	3	71	0.0422535
NODE_300669_length_224_cov_36.224000	100	171	38	34	71	0.4788733
NODE_300669_length_224_cov_36.224000	151	224	4	3	73	0.0410959
NODE_300669_length_224_cov_36.224000	151	224	9	2	73	0.0273973
NODE_300669_length_224_cov_36.224000	151	224	15	2	73	0.0273973
NODE_300669_length_224_cov_36.224000	151	224	17	1	73	0.0136986
NODE_300669_length_224_cov_36.224000	151	224	18	1	73	0.0136986
NODE_300669_length_224_cov_36.224000	151	224	19	2	73	0.0273973
NODE_300669_length_224_cov_36.224000	151	224	23	11	73	0.1506849
NODE_300669_length_224_cov_36.224000	151	224	25	3	73	0.0410959
NODE_300669_length_224_cov_36.224000	151	224	26	1	73	0.0136986
NODE_300669_length_224_cov_36.224000	151	224	28	5	73	0.0684932
NODE_300669_length_224_cov_36.224000	151	224	29	16	73	0.2191781
NODE_300669_length_224_cov_36.224000	151	224	31	2	73	0.0273973
NODE_300669_length_224_cov_36.224000	151	224	32	12	73	0.1643836
NODE_300669_length_224_cov_36.224000	151	224	33	4	73	0.0547945
NODE_300669_length_224_cov_36.224000	151	224	34	1	73	0.0136986
NODE_300669_length_224_cov_36.224000	151	224	35	7	73	0.0958904
NODE_300696_length_223_cov_35.814516	0	54	2	6	54	0.1111111
NODE_300696_length_223_cov_35.814516	0	54	4	48	54	0.8888889
NODE_300696_length_223_cov_35.814516	30	107	0	1	77	0.0129870
NODE_300696_length_223_cov_35.814516	30	107	2	1	77	0.0129870
NODE_300696_length_223_cov_35.814516	30	107	4	75	77	0.9740260
NODE_300768_length_221_cov_71.319672	14	94	151	1	80	0.0125000
NODE_300768_length_221_cov_71.319672	14	94	159	1	80	0.0125000
NODE_300768_length_221_cov_71.319672	14	94	168	1	80	0.0125000
NODE_300768_length_221_cov_71.319672	14	94	176	3	80	0.0375000
NODE_300768_length_221_cov_71.319672	14	94	177	1	80	0.0125000
NODE_300768_length_221_cov_71.319672	14	94	183	1	80	0.0125000
NODE_300768_length_221_cov_71.319672	14	94	188	2	80	0.0250000
NODE_300768_length_221_cov_71.319672	14	94	196	5	80	0.0625000
NODE_300768_length_221_cov_71.319672	14	94	202	3	80	0.0375000
NODE_300768_length_221_cov_71.319672	14	94	221	1	80	0.0125000
NODE_300768_length_221_cov_71.319672	14	94	226	1	80	0.0125000
NODE_300768_length_221_cov_71.319672	14	94	237	1	80	0.0125000
NODE_300768_length_221_cov_71.319672	14	94	238	2	80	0.0250000
NODE_300768_length_221_cov_71.319672	14	94	247	6	80	0.0750000
NODE_300768_length_221_cov_71.319672	14	94	253	3	80	0.0375000
NODE_300768_length_221_cov_71.319672	14	94	254	1	80	0.0125000
NODE_300768_length_221_cov_71.319672	14	94	262	6	80	0.0750000
NODE_300768_length_221_cov_71.319672	14	94	268	1	80	0.0125000
NODE_300768_length_221_cov_71.319672	14	94	269	5	80	0.0625000
NODE_300768_length_221_cov_71.319672	14	94	272	3	80	0.0375000
NODE_300768_length_221_cov_71.319672	14	94	273	3	80	0.0375000
NODE_300768_length_221_cov_71.319672	14	94	275	29	80	0.3625000
NODE_300800_length_220_cov_42.206612	3	74	15	1	71	0.0140845
NODE_300800_length_220_cov_42.206612	3	74	17	3	71	0.0422535
NODE_300800_length_220_cov_42.206612	3	74	18	1	71	0.0140845
NODE_300800_length_220_cov_42.206612	3	74	19	1	71	0.0140845
NODE_300800_length_220_cov_42.206612	3	74	23	1	71	0.0140845
NODE_300800_length_220_cov_42.206612	3	74	27	2	71	0.0281690
NODE_300800_length_220_cov_42.206612	3	74	28	2	71	0.0281690
NODE_300800_length_220_cov_42.206612	3	74	29	11	71	0.1549296
NODE_300800_length_220_cov_42.206612	3	74	33	2	71	0.0281690
NODE_300800_length_220_cov_42.206612	3	74	35	2	71	0.0281690
NODE_300800_length_220_cov_42.206612	3	74	38	4	71	0.0563380
NODE_300800_length_220_cov_42.206612	3	74	39	5	71	0.0704225
NODE_300800_length_220_cov_42.206612	3	74	44	4	71	0.0563380
NODE_300800_length_220_cov_42.206612	3	74	46	2	71	0.0281690
NODE_300800_length_220_cov_42.206612	3	74	50	1	71	0.0140845
NODE_300800_length_220_cov_42.206612	3	74	53	1	71	0.0140845
NODE_300800_length_220_cov_42.206612	3	74	56	6	71	0.0845070
NODE_300800_length_220_cov_42.206612	3	74	58	1	71	0.0140845
NODE_300800_length_220_cov_42.206612	3	74	63	1	71	0.0140845
NODE_300800_length_220_cov_42.206612	3	74	64	1	71	0.0140845
NODE_300800_length_220_cov_42.206612	3	74	70	1	71	0.0140845
NODE_300800_length_220_cov_42.206612	3	74	72	1	71	0.0140845
NODE_300800_length_220_cov_42.206612	3	74	81	2	71	0.0281690
NODE_300800_length_220_cov_42.206612	3	74	82	5	71	0.0704225
NODE_300800_length_220_cov_42.206612	3	74	84	1	71	0.0140845
NODE_300800_length_220_cov_42.206612	3	74	85	2	71	0.0281690
NODE_300800_length_220_cov_42.206612	3	74	86	7	71	0.0985916
NODE_300800_length_220_cov_42.206612	8	74	19	1	66	0.0151515
NODE_300800_length_220_cov_42.206612	8	74	23	1	66	0.0151515
NODE_300800_length_220_cov_42.206612	8	74	27	2	66	0.0303030
NODE_300800_length_220_cov_42.206612	8	74	28	2	66	0.0303030
NODE_300800_length_220_cov_42.206612	8	74	29	11	66	0.1666667
NODE_300800_length_220_cov_42.206612	8	74	33	2	66	0.0303030
NODE_300800_length_220_cov_42.206612	8	74	35	2	66	0.0303030
NODE_300800_length_220_cov_42.206612	8	74	38	4	66	0.0606061
NODE_300800_length_220_cov_42.206612	8	74	39	5	66	0.0757576
NODE_300800_length_220_cov_42.206612	8	74	44	4	66	0.0606061
NODE_300800_length_220_cov_42.206612	8	74	46	2	66	0.0303030
NODE_300800_length_220_cov_42.206612	8	74	50	1	66	0.0151515
NODE_300800_length_220_cov_42.206612	8	74	53	1	66	0.0151515
NODE_300800_length_220_cov_42.206612	8	74	56	6	66	0.0909091
NODE_300800_length_220_cov_42.206612	8	74	58	1	66	0.0151515
NODE_300800_length_220_cov_42.206612	8	74	63	1	66	0.0151515
NODE_300800_length_220_cov_42.206612	8	74	64	1	66	0.0151515
NODE_300800_length_220_cov_42.206612	8	74	70	1	66	0.0151515
NODE_300800_length_220_cov_42.206612	8	74	72	1	66	0.0151515
NODE_300800_length_220_cov_42.206612	8	74	81	2	66	0.0303030
NODE_300800_length_220_cov_42.206612	8	74	82	5	66	0.0757576
NODE_300800_length_220_cov_42.206612	8	74	84	1	66	0.0151515
NODE_300800_length_220_cov_42.206612	8	74	85	2	66	0.0303030
NODE_300800_length_220_cov_42.206612	8	74	86	7	66	0.1060606
NODE_300800_length_220_cov_42.206612	47	98	56	5	51	0.0980392
NODE_300800_length_220_cov_42.206612	47	98	58	1	51	0.0196078
NODE_300800_length_220_cov_42.206612	47	98	63	1	51	0.0196078
NODE_300800_length_220_cov_42.206612	47	98	64	1	51	0.0196078
NODE_300800_length_220_cov_42.206612	47	98	70	1	51	0.0196078
NODE_300800_length_220_cov_42.206612	47	98	72	1	51	0.0196078
NODE_300800_length_220_cov_42.206612	47	98	81	2	51	0.0392157
NODE_300800_length_220_cov_42.206612	47	98	82	5	51	0.0980392
NODE_300800_length_220_cov_42.206612	47	98	84	1	51	0.0196078
NODE_300800_length_220_cov_42.206612	47	98	85	2	51	0.0392157
NODE_300800_length_220_cov_42.206612	47	98	86	8	51	0.1568628
NODE_300800_length_220_cov_42.206612	47	98	87	1	51	0.0196078
NODE_300800_length_220_cov_42.206612	47	98	89	22	51	0.4313726
NODE_300800_length_220_cov_42.206612	47	98	56	5	51	0.0980392
NODE_300800_length_220_cov_42.206612	47	98	58	1	51	0.0196078
NODE_300800_length_220_cov_42.206612	47	98	63	1	51	0.0196078
NODE_300800_length_220_cov_42.206612	47	98	64	1	51	0.0196078
NODE_300800_length_220_cov_42.206612	47	98	70	1	51	0.0196078
NODE_300800_length_220_cov_42.206612	47	98	72	1	51	0.0196078
NODE_300800_length_220_cov_42.206612	47	98	81	2	51	0.0392157
NODE_300800_length_220_cov_42.206612	47	98	82	5	51	0.0980392
NODE_300800_length_220_cov_42.206612	47	98	84	1	51	0.0196078
NODE_300800_length_220_cov_42.206612	47	98	85	2	51	0.0392157
NODE_300800_length_220_cov_42.206612	47	98	86	8	51	0.1568628
NODE_300800_length_220_cov_42.206612	47	98	87	1	51	0.0196078
NODE_300800_length_220_cov_42.206612	47	98	89	22	51	0.4313726
NODE_300800_length_220_cov_42.206612	47	98	56	5	51	0.0980392
NODE_300800_length_220_cov_42.206612	47	98	58	1	51	0.0196078
NODE_300800_length_220_cov_42.206612	47	98	63	1	51	0.0196078
NODE_300800_length_220_cov_42.206612	47	98	64	1	51	0.0196078
NODE_300800_length_220_cov_42.206612	47	98	70	1	51	0.0196078
NODE_300800_length_220_cov_42.206612	47	98	72	1	51	0.0196078
NODE_300800_length_220_cov_42.206612	47	98	81	2	51	0.0392157
NODE_300800_length_220_cov_42.206612	47	98	82	5	51	0.0980392
NODE_300800_length_220_cov_42.206612	47	98	84	1	51	0.0196078
NODE_300800_length_220_cov_42.206612	47	98	85	2	51	0.0392157
NODE_300800_length_220_cov_42.206612	47	98	86	8	51	0.1568628
NODE_300800_length_220_cov_42.206612	47	98	87	1	51	0.0196078
NODE_300800_length_220_cov_42.206612	47	98	89	22	51	0.4313726
NODE_300874_length_218_cov_244.773109	128	203	15	3	75	0.0400000
NODE_300874_length_218_cov_244.773109	128	203	18	1	75	0.0133333
NODE_300874_length_218_cov_244.773109	128	203	19	1	75	0.0133333
NODE_300874_length_218_cov_244.773109	128	203	25	7	75	0.0933333
NODE_300874_length_218_cov_244.773109	128	203	27	63	75	0.8400000
NODE_300874_length_218_cov_244.773109	176	218	3	1	42	0.0238095
NODE_300874_length_218_cov_244.773109	176	218	11	1	42	0.0238095
NODE_300874_length_218_cov_244.773109	176	218	13	6	42	0.1428571
NODE_300874_length_218_cov_244.773109	176	218	15	10	42	0.2380952
NODE_300874_length_218_cov_244.773109	176	218	18	1	42	0.0238095
NODE_300874_length_218_cov_244.773109	176	218	19	1	42	0.0238095
NODE_300874_length_218_cov_244.773109	176	218	25	7	42	0.1666667
NODE_300874_length_218_cov_244.773109	176	218	27	15	42	0.3571429
NODE_300915_length_217_cov_2.144068	14	49	0	35	35	1.0000000
NODE_300915_length_217_cov_2.144068	132	167	0	35	35	1.0000000
NODE_300924_length_216_cov_215.410256	0	63	2	3	63	0.0476190
NODE_300924_length_216_cov_215.410256	0	63	4	15	63	0.2380952
NODE_300924_length_216_cov_215.410256	0	63	8	2	63	0.0317460
NODE_300924_length_216_cov_215.410256	0	63	9	1	63	0.0158730
NODE_300924_length_216_cov_215.410256	0	63	10	1	63	0.0158730
NODE_300924_length_216_cov_215.410256	0	63	12	13	63	0.2063492
NODE_300924_length_216_cov_215.410256	0	63	14	28	63	0.4444444
NODE_300924_length_216_cov_215.410256	36	102	14	66	66	1.0000000
NODE_300925_length_216_cov_51.940171	164	216	2	13	52	0.2500000
NODE_300925_length_216_cov_51.940171	164	216	4	39	52	0.7500000
NODE_300953_length_215_cov_14.784483	0	50	0	50	50	1.0000000
NODE_300953_length_215_cov_14.784483	23	103	0	80	80	1.0000000
NODE_300984_length_214_cov_144.165217	0	62	0	62	62	1.0000000
NODE_300984_length_214_cov_144.165217	0	62	0	62	62	1.0000000
NODE_300984_length_214_cov_144.165217	35	115	0	80	80	1.0000000
NODE_300984_length_214_cov_144.165217	35	115	0	80	80	1.0000000
NODE_300984_length_214_cov_144.165217	35	115	0	80	80	1.0000000
NODE_300984_length_214_cov_144.165217	111	191	0	80	80	1.0000000
NODE_300984_length_214_cov_144.165217	111	191	0	80	80	1.0000000
NODE_300984_length_214_cov_144.165217	111	191	0	80	80	1.0000000
NODE_300984_length_214_cov_144.165217	164	214	0	50	50	1.0000000
NODE_300984_length_214_cov_144.165217	164	214	0	50	50	1.0000000
NODE_300984_length_214_cov_144.165217	164	214	0	50	50	1.0000000
NODE_301068_length_211_cov_39.571429	4	84	0	80	80	1.0000000
NODE_301169_length_208_cov_45.238532	3	59	0	12	56	0.2142857
NODE_301169_length_208_cov_45.238532	3	59	6	44	56	0.7857143
NODE_301169_length_208_cov_45.238532	35	112	6	77	77	1.0000000
NODE_301170_length_208_cov_35.229358	76	156	6	80	80	1.0000000
NODE_301179_length_207_cov_341.324074	33	113	26	10	80	0.1250000
NODE_301179_length_207_cov_341.324074	33	113	28	7	80	0.0875000
NODE_301179_length_207_cov_341.324074	33	113	29	11	80	0.1375000
NODE_301179_length_207_cov_341.324074	33	113	30	38	80	0.4750000
NODE_301179_length_207_cov_341.324074	33	113	31	14	80	0.1750000
NODE_301179_length_207_cov_341.324074	86	166	0	6	80	0.0750000
NODE_301179_length_207_cov_341.324074	86	166	2	18	80	0.2250000
NODE_301179_length_207_cov_341.324074	86	166	4	1	80	0.0125000
NODE_301179_length_207_cov_341.324074	86	166	6	19	80	0.2375000
NODE_301179_length_207_cov_341.324074	86	166	19	1	80	0.0125000
NODE_301179_length_207_cov_341.324074	86	166	20	6	80	0.0750000
NODE_301179_length_207_cov_341.324074	86	166	22	2	80	0.0250000
NODE_301179_length_207_cov_341.324074	86	166	30	18	80	0.2250000
NODE_301179_length_207_cov_341.324074	86	166	31	9	80	0.1125000
NODE_301248_length_205_cov_64.179245	6	77	14	2	71	0.0281690
NODE_301248_length_205_cov_64.179245	6	77	26	10	71	0.1408451
NODE_301248_length_205_cov_64.179245	6	77	27	3	71	0.0422535
NODE_301248_length_205_cov_64.179245	6	77	28	8	71	0.1126761
NODE_301248_length_205_cov_64.179245	6	77	34	2	71	0.0281690
NODE_301248_length_205_cov_64.179245	6	77	36	3	71	0.0422535
NODE_301248_length_205_cov_64.179245	6	77	38	1	71	0.0140845
NODE_301248_length_205_cov_64.179245	6	77	39	4	71	0.0563380
NODE_301248_length_205_cov_64.179245	6	77	41	1	71	0.0140845
NODE_301248_length_205_cov_64.179245	6	77	42	2	71	0.0281690
NODE_301248_length_205_cov_64.179245	6	77	43	2	71	0.0281690
NODE_301248_length_205_cov_64.179245	6	77	44	5	71	0.0704225
NODE_301248_length_205_cov_64.179245	6	77	47	1	71	0.0140845
NODE_301248_length_205_cov_64.179245	6	77	48	2	71	0.0281690
NODE_301248_length_205_cov_64.179245	6	77	50	3	71	0.0422535
NODE_301248_length_205_cov_64.179245	6	77	56	10	71	0.1408451
NODE_301248_length_205_cov_64.179245	6	77	58	3	71	0.0422535
NODE_301248_length_205_cov_64.179245	6	77	59	3	71	0.0422535
NODE_301248_length_205_cov_64.179245	6	77	61	1	71	0.0140845
NODE_301248_length_205_cov_64.179245	6	77	63	1	71	0.0140845
NODE_301248_length_205_cov_64.179245	6	77	64	4	71	0.0563380
NODE_301248_length_205_cov_64.179245	11	77	26	7	66	0.1060606
NODE_301248_length_205_cov_64.179245	11	77	27	3	66	0.0454545
NODE_301248_length_205_cov_64.179245	11	77	28	8	66	0.1212121
NODE_301248_length_205_cov_64.179245	11	77	34	2	66	0.0303030
NODE_301248_length_205_cov_64.179245	11	77	36	3	66	0.0454545
NODE_301248_length_205_cov_64.179245	11	77	38	1	66	0.0151515
NODE_301248_length_205_cov_64.179245	11	77	39	4	66	0.0606061
NODE_301248_length_205_cov_64.179245	11	77	41	1	66	0.0151515
NODE_301248_length_205_cov_64.179245	11	77	42	2	66	0.0303030
NODE_301248_length_205_cov_64.179245	11	77	43	2	66	0.0303030
NODE_301248_length_205_cov_64.179245	11	77	44	5	66	0.0757576
NODE_301248_length_205_cov_64.179245	11	77	47	1	66	0.0151515
NODE_301248_length_205_cov_64.179245	11	77	48	2	66	0.0303030
NODE_301248_length_205_cov_64.179245	11	77	50	3	66	0.0454545
NODE_301248_length_205_cov_64.179245	11	77	56	10	66	0.1515152
NODE_301248_length_205_cov_64.179245	11	77	58	3	66	0.0454545
NODE_301248_length_205_cov_64.179245	11	77	59	3	66	0.0454545
NODE_301248_length_205_cov_64.179245	11	77	61	1	66	0.0151515
NODE_301248_length_205_cov_64.179245	11	77	63	1	66	0.0151515
NODE_301248_length_205_cov_64.179245	11	77	64	4	66	0.0606061
NODE_301248_length_205_cov_64.179245	50	98	48	2	48	0.0416667
NODE_301248_length_205_cov_64.179245	50	98	50	3	48	0.0625000
NODE_301248_length_205_cov_64.179245	50	98	56	10	48	0.2083333
NODE_301248_length_205_cov_64.179245	50	98	58	3	48	0.0625000
NODE_301248_length_205_cov_64.179245	50	98	59	3	48	0.0625000
NODE_301248_length_205_cov_64.179245	50	98	61	1	48	0.0208333
NODE_301248_length_205_cov_64.179245	50	98	63	1	48	0.0208333
NODE_301248_length_205_cov_64.179245	50	98	64	5	48	0.1041667
NODE_301248_length_205_cov_64.179245	50	98	66	11	48	0.2291667
NODE_301248_length_205_cov_64.179245	50	98	70	3	48	0.0625000
NODE_301248_length_205_cov_64.179245	50	98	73	2	48	0.0416667
NODE_301248_length_205_cov_64.179245	50	98	74	4	48	0.0833333
NODE_301248_length_205_cov_64.179245	50	98	48	2	48	0.0416667
NODE_301248_length_205_cov_64.179245	50	98	50	3	48	0.0625000
NODE_301248_length_205_cov_64.179245	50	98	56	10	48	0.2083333
NODE_301248_length_205_cov_64.179245	50	98	58	3	48	0.0625000
NODE_301248_length_205_cov_64.179245	50	98	59	3	48	0.0625000
NODE_301248_length_205_cov_64.179245	50	98	61	1	48	0.0208333
NODE_301248_length_205_cov_64.179245	50	98	63	1	48	0.0208333
NODE_301248_length_205_cov_64.179245	50	98	64	5	48	0.1041667
NODE_301248_length_205_cov_64.179245	50	98	66	11	48	0.2291667
NODE_301248_length_205_cov_64.179245	50	98	70	3	48	0.0625000
NODE_301248_length_205_cov_64.179245	50	98	73	2	48	0.0416667
NODE_301248_length_205_cov_64.179245	50	98	74	4	48	0.0833333
NODE_301248_length_205_cov_64.179245	50	98	48	2	48	0.0416667
NODE_301248_length_205_cov_64.179245	50	98	50	3	48	0.0625000
NODE_301248_length_205_cov_64.179245	50	98	56	10	48	0.2083333
NODE_301248_length_205_cov_64.179245	50	98	58	3	48	0.0625000
NODE_301248_length_205_cov_64.179245	50	98	59	3	48	0.0625000
NODE_301248_length_205_cov_64.179245	50	98	61	1	48	0.0208333
NODE_301248_length_205_cov_64.179245	50	98	63	1	48	0.0208333
NODE_301248_length_205_cov_64.179245	50	98	64	5	48	0.1041667
NODE_301248_length_205_cov_64.179245	50	98	66	11	48	0.2291667
NODE_301248_length_205_cov_64.179245	50	98	70	3	48	0.0625000
NODE_301248_length_205_cov_64.179245	50	98	73	2	48	0.0416667
NODE_301248_length_205_cov_64.179245	50	98	74	4	48	0.0833333
NODE_301281_length_204_cov_183.390476	119	199	4	2	80	0.0250000
NODE_301281_length_204_cov_183.390476	119	199	14	2	80	0.0250000
NODE_301281_length_204_cov_183.390476	119	199	21	2	80	0.0250000
NODE_301281_length_204_cov_183.390476	119	199	22	1	80	0.0125000
NODE_301281_length_204_cov_183.390476	119	199	23	5	80	0.0625000
NODE_301281_length_204_cov_183.390476	119	199	31	5	80	0.0625000
NODE_301281_length_204_cov_183.390476	119	199	33	7	80	0.0875000
NODE_301281_length_204_cov_183.390476	119	199	37	3	80	0.0375000
NODE_301281_length_204_cov_183.390476	119	199	39	13	80	0.1625000
NODE_301281_length_204_cov_183.390476	119	199	40	9	80	0.1125000
NODE_301281_length_204_cov_183.390476	119	199	46	2	80	0.0250000
NODE_301281_length_204_cov_183.390476	119	199	48	6	80	0.0750000
NODE_301281_length_204_cov_183.390476	119	199	52	23	80	0.2875000
NODE_301281_length_204_cov_183.390476	172	194	21	1	22	0.0454545
NODE_301281_length_204_cov_183.390476	172	194	22	1	22	0.0454545
NODE_301281_length_204_cov_183.390476	172	194	23	5	22	0.2272727
NODE_301281_length_204_cov_183.390476	172	194	31	5	22	0.2272727
NODE_301281_length_204_cov_183.390476	172	194	33	7	22	0.3181818
NODE_301281_length_204_cov_183.390476	172	194	37	3	22	0.1363636
NODE_301283_length_204_cov_80.095238	10	90	0	8	80	0.1000000
NODE_301283_length_204_cov_80.095238	10	90	2	15	80	0.1875000
NODE_301283_length_204_cov_80.095238	10	90	6	24	80	0.3000000
NODE_301283_length_204_cov_80.095238	10	90	8	33	80	0.4125000
NODE_301283_length_204_cov_80.095238	63	143	2	15	80	0.1875000
NODE_301283_length_204_cov_80.095238	63	143	6	19	80	0.2375000
NODE_301283_length_204_cov_80.095238	63	143	8	46	80	0.5750000
NODE_301345_length_202_cov_123.184466	0	64	19	1	64	0.0156250
NODE_301345_length_202_cov_123.184466	0	64	32	1	64	0.0156250
NODE_301345_length_202_cov_123.184466	0	64	33	1	64	0.0156250
NODE_301345_length_202_cov_123.184466	0	64	35	1	64	0.0156250
NODE_301345_length_202_cov_123.184466	0	64	38	1	64	0.0156250
NODE_301345_length_202_cov_123.184466	0	64	42	2	64	0.0312500
NODE_301345_length_202_cov_123.184466	0	64	43	1	64	0.0156250
NODE_301345_length_202_cov_123.184466	0	64	49	1	64	0.0156250
NODE_301345_length_202_cov_123.184466	0	64	51	1	64	0.0156250
NODE_301345_length_202_cov_123.184466	0	64	60	1	64	0.0156250
NODE_301345_length_202_cov_123.184466	0	64	61	2	64	0.0312500
NODE_301345_length_202_cov_123.184466	0	64	63	1	64	0.0156250
NODE_301345_length_202_cov_123.184466	0	64	65	1	64	0.0156250
NODE_301345_length_202_cov_123.184466	0	64	66	2	64	0.0312500
NODE_301345_length_202_cov_123.184466	0	64	69	1	64	0.0156250
NODE_301345_length_202_cov_123.184466	0	64	77	2	64	0.0312500
NODE_301345_length_202_cov_123.184466	0	64	79	1	64	0.0156250
NODE_301345_length_202_cov_123.184466	0	64	80	1	64	0.0156250
NODE_301345_length_202_cov_123.184466	0	64	81	1	64	0.0156250
NODE_301345_length_202_cov_123.184466	0	64	85	1	64	0.0156250
NODE_301345_length_202_cov_123.184466	0	64	87	1	64	0.0156250
NODE_301345_length_202_cov_123.184466	0	64	91	1	64	0.0156250
NODE_301345_length_202_cov_123.184466	0	64	95	1	64	0.0156250
NODE_301345_length_202_cov_123.184466	0	64	96	1	64	0.0156250
NODE_301345_length_202_cov_123.184466	0	64	98	1	64	0.0156250
NODE_301345_length_202_cov_123.184466	0	64	102	1	64	0.0156250
NODE_301345_length_202_cov_123.184466	0	64	107	1	64	0.0156250
NODE_301345_length_202_cov_123.184466	0	64	109	1	64	0.0156250
NODE_301345_length_202_cov_123.184466	0	64	113	2	64	0.0312500
NODE_301345_length_202_cov_123.184466	0	64	118	2	64	0.0312500
NODE_301345_length_202_cov_123.184466	0	64	124	1	64	0.0156250
NODE_301345_length_202_cov_123.184466	0	64	127	5	64	0.0781250
NODE_301345_length_202_cov_123.184466	0	64	129	1	64	0.0156250
NODE_301345_length_202_cov_123.184466	0	64	131	1	64	0.0156250
NODE_301345_length_202_cov_123.184466	0	64	144	3	64	0.0468750
NODE_301345_length_202_cov_123.184466	0	64	146	1	64	0.0156250
NODE_301345_length_202_cov_123.184466	0	64	148	3	64	0.0468750
NODE_301345_length_202_cov_123.184466	0	64	151	1	64	0.0156250
NODE_301345_length_202_cov_123.184466	0	64	154	2	64	0.0312500
NODE_301345_length_202_cov_123.184466	0	64	155	1	64	0.0156250
NODE_301345_length_202_cov_123.184466	0	64	159	2	64	0.0312500
NODE_301345_length_202_cov_123.184466	0	64	167	1	64	0.0156250
NODE_301345_length_202_cov_123.184466	0	64	169	1	64	0.0156250
NODE_301345_length_202_cov_123.184466	0	64	173	5	64	0.0781250
NODE_301345_length_202_cov_123.184466	31	72	109	1	41	0.0243902
NODE_301345_length_202_cov_123.184466	31	72	113	2	41	0.0487805
NODE_301345_length_202_cov_123.184466	31	72	118	2	41	0.0487805
NODE_301345_length_202_cov_123.184466	31	72	124	1	41	0.0243902
NODE_301345_length_202_cov_123.184466	31	72	127	5	41	0.1219512
NODE_301345_length_202_cov_123.184466	31	72	129	1	41	0.0243902
NODE_301345_length_202_cov_123.184466	31	72	131	1	41	0.0243902
NODE_301345_length_202_cov_123.184466	31	72	144	3	41	0.0731707
NODE_301345_length_202_cov_123.184466	31	72	146	1	41	0.0243902
NODE_301345_length_202_cov_123.184466	31	72	148	3	41	0.0731707
NODE_301345_length_202_cov_123.184466	31	72	151	1	41	0.0243902
NODE_301345_length_202_cov_123.184466	31	72	154	2	41	0.0487805
NODE_301345_length_202_cov_123.184466	31	72	155	1	41	0.0243902
NODE_301345_length_202_cov_123.184466	31	72	159	2	41	0.0487805
NODE_301345_length_202_cov_123.184466	31	72	167	1	41	0.0243902
NODE_301345_length_202_cov_123.184466	31	72	169	1	41	0.0243902
NODE_301345_length_202_cov_123.184466	31	72	173	6	41	0.1463415
NODE_301345_length_202_cov_123.184466	31	72	179	3	41	0.0731707
NODE_301345_length_202_cov_123.184466	31	72	181	1	41	0.0243902
NODE_301345_length_202_cov_123.184466	31	72	182	3	41	0.0731707
NODE_301370_length_201_cov_56.323529	133	201	2	3	68	0.0441176
NODE_301370_length_201_cov_56.323529	133	201	4	65	68	0.9558824
NODE_301371_length_201_cov_50.647059	44	99	17	1	55	0.0181818
NODE_301371_length_201_cov_50.647059	44	99	19	2	55	0.0363636
NODE_301371_length_201_cov_50.647059	44	99	21	1	55	0.0181818
NODE_301371_length_201_cov_50.647059	44	99	25	2	55	0.0363636
NODE_301371_length_201_cov_50.647059	44	99	27	4	55	0.0727273
NODE_301371_length_201_cov_50.647059	44	99	33	1	55	0.0181818
NODE_301371_length_201_cov_50.647059	44	99	34	4	55	0.0727273
NODE_301371_length_201_cov_50.647059	44	99	38	2	55	0.0363636
NODE_301371_length_201_cov_50.647059	44	99	40	4	55	0.0727273
NODE_301371_length_201_cov_50.647059	44	99	42	2	55	0.0363636
NODE_301371_length_201_cov_50.647059	44	99	46	5	55	0.0909091
NODE_301371_length_201_cov_50.647059	44	99	50	7	55	0.1272727
NODE_301371_length_201_cov_50.647059	44	99	52	3	55	0.0545455
NODE_301371_length_201_cov_50.647059	44	99	54	10	55	0.1818182
NODE_301371_length_201_cov_50.647059	44	99	60	1	55	0.0181818
NODE_301371_length_201_cov_50.647059	44	99	62	6	55	0.1090909
NODE_301371_length_201_cov_50.647059	136	201	11	3	65	0.0461538
NODE_301371_length_201_cov_50.647059	136	201	15	1	65	0.0153846
NODE_301371_length_201_cov_50.647059	136	201	17	1	65	0.0153846
NODE_301371_length_201_cov_50.647059	136	201	19	1	65	0.0153846
NODE_301371_length_201_cov_50.647059	136	201	21	1	65	0.0153846
NODE_301371_length_201_cov_50.647059	136	201	25	3	65	0.0461538
NODE_301371_length_201_cov_50.647059	136	201	31	1	65	0.0153846
NODE_301371_length_201_cov_50.647059	136	201	35	7	65	0.1076923
NODE_301371_length_201_cov_50.647059	136	201	39	9	65	0.1384615
NODE_301371_length_201_cov_50.647059	136	201	41	9	65	0.1384615
NODE_301371_length_201_cov_50.647059	136	201	42	14	65	0.2153846
NODE_301371_length_201_cov_50.647059	136	201	43	2	65	0.0307692
NODE_301371_length_201_cov_50.647059	136	201	47	2	65	0.0307692
NODE_301371_length_201_cov_50.647059	136	201	52	11	65	0.1692308
NODE_301371_length_201_cov_50.647059	136	201	11	3	65	0.0461538
NODE_301371_length_201_cov_50.647059	136	201	15	1	65	0.0153846
NODE_301371_length_201_cov_50.647059	136	201	17	1	65	0.0153846
NODE_301371_length_201_cov_50.647059	136	201	19	1	65	0.0153846
NODE_301371_length_201_cov_50.647059	136	201	21	1	65	0.0153846
NODE_301371_length_201_cov_50.647059	136	201	25	3	65	0.0461538
NODE_301371_length_201_cov_50.647059	136	201	31	1	65	0.0153846
NODE_301371_length_201_cov_50.647059	136	201	35	7	65	0.1076923
NODE_301371_length_201_cov_50.647059	136	201	39	9	65	0.1384615
NODE_301371_length_201_cov_50.647059	136	201	41	9	65	0.1384615
NODE_301371_length_201_cov_50.647059	136	201	42	14	65	0.2153846
NODE_301371_length_201_cov_50.647059	136	201	43	2	65	0.0307692
NODE_301371_length_201_cov_50.647059	136	201	47	2	65	0.0307692
NODE_301371_length_201_cov_50.647059	136	201	52	11	65	0.1692308
NODE_301371_length_201_cov_50.647059	136	201	11	3	65	0.0461538
NODE_301371_length_201_cov_50.647059	136	201	15	1	65	0.0153846
NODE_301371_length_201_cov_50.647059	136	201	17	1	65	0.0153846
NODE_301371_length_201_cov_50.647059	136	201	19	1	65	0.0153846
NODE_301371_length_201_cov_50.647059	136	201	21	1	65	0.0153846
NODE_301371_length_201_cov_50.647059	136	201	25	3	65	0.0461538
NODE_301371_length_201_cov_50.647059	136	201	31	1	65	0.0153846
NODE_301371_length_201_cov_50.647059	136	201	35	7	65	0.1076923
NODE_301371_length_201_cov_50.647059	136	201	39	9	65	0.1384615
NODE_301371_length_201_cov_50.647059	136	201	41	9	65	0.1384615
NODE_301371_length_201_cov_50.647059	136	201	42	14	65	0.2153846
NODE_301371_length_201_cov_50.647059	136	201	43	2	65	0.0307692
NODE_301371_length_201_cov_50.647059	136	201	47	2	65	0.0307692
NODE_301371_length_201_cov_50.647059	136	201	52	11	65	0.1692308
NODE_301371_length_201_cov_50.647059	136	201	11	3	65	0.0461538
NODE_301371_length_201_cov_50.647059	136	201	15	1	65	0.0153846
NODE_301371_length_201_cov_50.647059	136	201	17	1	65	0.0153846
NODE_301371_length_201_cov_50.647059	136	201	19	1	65	0.0153846
NODE_301371_length_201_cov_50.647059	136	201	21	1	65	0.0153846
NODE_301371_length_201_cov_50.647059	136	201	25	3	65	0.0461538
NODE_301371_length_201_cov_50.647059	136	201	31	1	65	0.0153846
NODE_301371_length_201_cov_50.647059	136	201	35	7	65	0.1076923
NODE_301371_length_201_cov_50.647059	136	201	39	9	65	0.1384615
NODE_301371_length_201_cov_50.647059	136	201	41	9	65	0.1384615
NODE_301371_length_201_cov_50.647059	136	201	42	14	65	0.2153846
NODE_301371_length_201_cov_50.647059	136	201	43	2	65	0.0307692
NODE_301371_length_201_cov_50.647059	136	201	47	2	65	0.0307692
NODE_301371_length_201_cov_50.647059	136	201	52	11	65	0.1692308
NODE_301405_length_200_cov_29.118812	0	73	10	1	73	0.0136986
NODE_301405_length_200_cov_29.118812	0	73	12	1	73	0.0136986
NODE_301405_length_200_cov_29.118812	0	73	20	2	73	0.0273973
NODE_301405_length_200_cov_29.118812	0	73	22	2	73	0.0273973
NODE_301405_length_200_cov_29.118812	0	73	25	2	73	0.0273973
NODE_301405_length_200_cov_29.118812	0	73	29	1	73	0.0136986
NODE_301405_length_200_cov_29.118812	0	73	31	1	73	0.0136986
NODE_301405_length_200_cov_29.118812	0	73	33	1	73	0.0136986
NODE_301405_length_200_cov_29.118812	0	73	37	1	73	0.0136986
NODE_301405_length_200_cov_29.118812	0	73	41	2	73	0.0273973
NODE_301405_length_200_cov_29.118812	0	73	43	1	73	0.0136986
NODE_301405_length_200_cov_29.118812	0	73	47	3	73	0.0410959
NODE_301405_length_200_cov_29.118812	0	73	51	1	73	0.0136986
NODE_301405_length_200_cov_29.118812	0	73	55	4	73	0.0547945
NODE_301405_length_200_cov_29.118812	0	73	59	26	73	0.3561644
NODE_301405_length_200_cov_29.118812	0	73	61	16	73	0.2191781
NODE_301405_length_200_cov_29.118812	0	73	62	8	73	0.1095890
NODE_301419_length_199_cov_768.700000	94	142	312	7	48	0.1458333
NODE_301419_length_199_cov_768.700000	94	142	313	7	48	0.1458333
NODE_301419_length_199_cov_768.700000	94	142	315	2	48	0.0416667
NODE_301419_length_199_cov_768.700000	94	142	316	1	48	0.0208333
NODE_301419_length_199_cov_768.700000	94	142	317	2	48	0.0416667
NODE_301419_length_199_cov_768.700000	94	142	318	2	48	0.0416667
NODE_301419_length_199_cov_768.700000	94	142	319	3	48	0.0625000
NODE_301419_length_199_cov_768.700000	94	142	321	16	48	0.3333333
NODE_301419_length_199_cov_768.700000	94	142	322	8	48	0.1666667
NODE_301419_length_199_cov_768.700000	115	186	121	1	71	0.0140845
NODE_301419_length_199_cov_768.700000	115	186	123	1	71	0.0140845
NODE_301419_length_199_cov_768.700000	115	186	134	1	71	0.0140845
NODE_301419_length_199_cov_768.700000	115	186	136	1	71	0.0140845
NODE_301419_length_199_cov_768.700000	115	186	140	1	71	0.0140845
NODE_301419_length_199_cov_768.700000	115	186	156	1	71	0.0140845
NODE_301419_length_199_cov_768.700000	115	186	161	1	71	0.0140845
NODE_301419_length_199_cov_768.700000	115	186	170	1	71	0.0140845
NODE_301419_length_199_cov_768.700000	115	186	180	1	71	0.0140845
NODE_301419_length_199_cov_768.700000	115	186	200	1	71	0.0140845
NODE_301419_length_199_cov_768.700000	115	186	202	1	71	0.0140845
NODE_301419_length_199_cov_768.700000	115	186	206	1	71	0.0140845
NODE_301419_length_199_cov_768.700000	115	186	212	2	71	0.0281690
NODE_301419_length_199_cov_768.700000	115	186	215	1	71	0.0140845
NODE_301419_length_199_cov_768.700000	115	186	217	1	71	0.0140845
NODE_301419_length_199_cov_768.700000	115	186	221	1	71	0.0140845
NODE_301419_length_199_cov_768.700000	115	186	225	1	71	0.0140845
NODE_301419_length_199_cov_768.700000	115	186	232	1	71	0.0140845
NODE_301419_length_199_cov_768.700000	115	186	246	1	71	0.0140845
NODE_301419_length_199_cov_768.700000	115	186	252	2	71	0.0281690
NODE_301419_length_199_cov_768.700000	115	186	256	1	71	0.0140845
NODE_301419_length_199_cov_768.700000	115	186	260	1	71	0.0140845
NODE_301419_length_199_cov_768.700000	115	186	267	1	71	0.0140845
NODE_301419_length_199_cov_768.700000	115	186	268	1	71	0.0140845
NODE_301419_length_199_cov_768.700000	115	186	270	1	71	0.0140845
NODE_301419_length_199_cov_768.700000	115	186	276	1	71	0.0140845
NODE_301419_length_199_cov_768.700000	115	186	283	1	71	0.0140845
NODE_301419_length_199_cov_768.700000	115	186	285	2	71	0.0281690
NODE_301419_length_199_cov_768.700000	115	186	290	2	71	0.0281690
NODE_301419_length_199_cov_768.700000	115	186	291	1	71	0.0140845
NODE_301419_length_199_cov_768.700000	115	186	295	1	71	0.0140845
NODE_301419_length_199_cov_768.700000	115	186	298	1	71	0.0140845
NODE_301419_length_199_cov_768.700000	115	186	300	1	71	0.0140845
NODE_301419_length_199_cov_768.700000	115	186	307	1	71	0.0140845
NODE_301419_length_199_cov_768.700000	115	186	308	2	71	0.0281690
NODE_301419_length_199_cov_768.700000	115	186	309	4	71	0.0563380
NODE_301419_length_199_cov_768.700000	115	186	312	7	71	0.0985916
NODE_301419_length_199_cov_768.700000	115	186	313	7	71	0.0985916
NODE_301419_length_199_cov_768.700000	115	186	315	2	71	0.0281690
NODE_301419_length_199_cov_768.700000	115	186	317	2	71	0.0281690
NODE_301419_length_199_cov_768.700000	115	186	319	3	71	0.0422535
NODE_301419_length_199_cov_768.700000	115	186	321	6	71	0.0845070
NODE_301420_length_199_cov_702.860000	3	78	99	1	75	0.0133333
NODE_301420_length_199_cov_702.860000	3	78	116	2	75	0.0266667
NODE_301420_length_199_cov_702.860000	3	78	130	2	75	0.0266667
NODE_301420_length_199_cov_702.860000	3	78	140	3	75	0.0400000
NODE_301420_length_199_cov_702.860000	3	78	142	2	75	0.0266667
NODE_301420_length_199_cov_702.860000	3	78	152	1	75	0.0133333
NODE_301420_length_199_cov_702.860000	3	78	160	1	75	0.0133333
NODE_301420_length_199_cov_702.860000	3	78	162	1	75	0.0133333
NODE_301420_length_199_cov_702.860000	3	78	165	1	75	0.0133333
NODE_301420_length_199_cov_702.860000	3	78	172	1	75	0.0133333
NODE_301420_length_199_cov_702.860000	3	78	181	1	75	0.0133333
NODE_301420_length_199_cov_702.860000	3	78	183	1	75	0.0133333
NODE_301420_length_199_cov_702.860000	3	78	187	1	75	0.0133333
NODE_301420_length_199_cov_702.860000	3	78	195	1	75	0.0133333
NODE_301420_length_199_cov_702.860000	3	78	198	1	75	0.0133333
NODE_301420_length_199_cov_702.860000	3	78	205	1	75	0.0133333
NODE_301420_length_199_cov_702.860000	3	78	210	1	75	0.0133333
NODE_301420_length_199_cov_702.860000	3	78	213	1	75	0.0133333
NODE_301420_length_199_cov_702.860000	3	78	218	1	75	0.0133333
NODE_301420_length_199_cov_702.860000	3	78	254	1	75	0.0133333
NODE_301420_length_199_cov_702.860000	3	78	264	2	75	0.0266667
NODE_301420_length_199_cov_702.860000	3	78	292	1	75	0.0133333
NODE_301420_length_199_cov_702.860000	3	78	314	1	75	0.0133333
NODE_301420_length_199_cov_702.860000	3	78	318	1	75	0.0133333
NODE_301420_length_199_cov_702.860000	3	78	323	1	75	0.0133333
NODE_301420_length_199_cov_702.860000	3	78	335	1	75	0.0133333
NODE_301420_length_199_cov_702.860000	3	78	339	1	75	0.0133333
NODE_301420_length_199_cov_702.860000	3	78	344	1	75	0.0133333
NODE_301420_length_199_cov_702.860000	3	78	353	2	75	0.0266667
NODE_301420_length_199_cov_702.860000	3	78	357	1	75	0.0133333
NODE_301420_length_199_cov_702.860000	3	78	359	1	75	0.0133333
NODE_301420_length_199_cov_702.860000	3	78	369	1	75	0.0133333
NODE_301420_length_199_cov_702.860000	3	78	373	1	75	0.0133333
NODE_301420_length_199_cov_702.860000	3	78	381	1	75	0.0133333
NODE_301420_length_199_cov_702.860000	3	78	385	1	75	0.0133333
NODE_301420_length_199_cov_702.860000	3	78	391	2	75	0.0266667
NODE_301420_length_199_cov_702.860000	3	78	401	1	75	0.0133333
NODE_301420_length_199_cov_702.860000	3	78	404	1	75	0.0133333
NODE_301420_length_199_cov_702.860000	3	78	407	1	75	0.0133333
NODE_301420_length_199_cov_702.860000	3	78	408	1	75	0.0133333
NODE_301420_length_199_cov_702.860000	3	78	414	2	75	0.0266667
NODE_301420_length_199_cov_702.860000	3	78	418	1	75	0.0133333
NODE_301420_length_199_cov_702.860000	3	78	420	1	75	0.0133333
NODE_301420_length_199_cov_702.860000	3	78	440	1	75	0.0133333
NODE_301420_length_199_cov_702.860000	3	78	450	1	75	0.0133333
NODE_301420_length_199_cov_702.860000	3	78	451	1	75	0.0133333
NODE_301420_length_199_cov_702.860000	3	78	459	1	75	0.0133333
NODE_301420_length_199_cov_702.860000	3	78	461	1	75	0.0133333
NODE_301420_length_199_cov_702.860000	3	78	467	3	75	0.0400000
NODE_301420_length_199_cov_702.860000	3	78	479	1	75	0.0133333
NODE_301420_length_199_cov_702.860000	3	78	481	2	75	0.0266667
NODE_301420_length_199_cov_702.860000	3	78	483	1	75	0.0133333
NODE_301420_length_199_cov_702.860000	3	78	485	4	75	0.0533333
NODE_301420_length_199_cov_702.860000	3	78	489	1	75	0.0133333
NODE_301420_length_199_cov_702.860000	3	78	494	1	75	0.0133333
NODE_301420_length_199_cov_702.860000	3	78	496	3	75	0.0400000
NODE_301420_length_199_cov_702.860000	3	78	502	2	75	0.0266667
NODE_301420_length_199_cov_702.860000	51	131	377	1	80	0.0125000
NODE_301420_length_199_cov_702.860000	51	131	386	1	80	0.0125000
NODE_301420_length_199_cov_702.860000	51	131	400	2	80	0.0250000
NODE_301420_length_199_cov_702.860000	51	131	402	1	80	0.0125000
NODE_301420_length_199_cov_702.860000	51	131	407	1	80	0.0125000
NODE_301420_length_199_cov_702.860000	51	131	414	2	80	0.0250000
NODE_301420_length_199_cov_702.860000	51	131	417	1	80	0.0125000
NODE_301420_length_199_cov_702.860000	51	131	418	1	80	0.0125000
NODE_301420_length_199_cov_702.860000	51	131	420	1	80	0.0125000
NODE_301420_length_199_cov_702.860000	51	131	422	1	80	0.0125000
NODE_301420_length_199_cov_702.860000	51	131	426	1	80	0.0125000
NODE_301420_length_199_cov_702.860000	51	131	434	1	80	0.0125000
NODE_301420_length_199_cov_702.860000	51	131	440	1	80	0.0125000
NODE_301420_length_199_cov_702.860000	51	131	448	1	80	0.0125000
NODE_301420_length_199_cov_702.860000	51	131	450	1	80	0.0125000
NODE_301420_length_199_cov_702.860000	51	131	451	1	80	0.0125000
NODE_301420_length_199_cov_702.860000	51	131	453	1	80	0.0125000
NODE_301420_length_199_cov_702.860000	51	131	459	1	80	0.0125000
NODE_301420_length_199_cov_702.860000	51	131	461	1	80	0.0125000
NODE_301420_length_199_cov_702.860000	51	131	467	3	80	0.0375000
NODE_301420_length_199_cov_702.860000	51	131	474	1	80	0.0125000
NODE_301420_length_199_cov_702.860000	51	131	479	1	80	0.0125000
NODE_301420_length_199_cov_702.860000	51	131	481	2	80	0.0250000
NODE_301420_length_199_cov_702.860000	51	131	483	1	80	0.0125000
NODE_301420_length_199_cov_702.860000	51	131	484	1	80	0.0125000
NODE_301420_length_199_cov_702.860000	51	131	485	4	80	0.0500000
NODE_301420_length_199_cov_702.860000	51	131	489	1	80	0.0125000
NODE_301420_length_199_cov_702.860000	51	131	490	1	80	0.0125000
NODE_301420_length_199_cov_702.860000	51	131	493	1	80	0.0125000
NODE_301420_length_199_cov_702.860000	51	131	494	1	80	0.0125000
NODE_301420_length_199_cov_702.860000	51	131	496	3	80	0.0375000
NODE_301420_length_199_cov_702.860000	51	131	502	2	80	0.0250000
NODE_301420_length_199_cov_702.860000	51	131	504	2	80	0.0250000
NODE_301420_length_199_cov_702.860000	51	131	514	1	80	0.0125000
NODE_301420_length_199_cov_702.860000	51	131	520	1	80	0.0125000
NODE_301420_length_199_cov_702.860000	51	131	522	1	80	0.0125000
NODE_301420_length_199_cov_702.860000	51	131	524	5	80	0.0625000
NODE_301420_length_199_cov_702.860000	51	131	528	2	80	0.0250000
NODE_301420_length_199_cov_702.860000	51	131	530	2	80	0.0250000
NODE_301420_length_199_cov_702.860000	51	131	532	3	80	0.0375000
NODE_301420_length_199_cov_702.860000	51	131	534	1	80	0.0125000
NODE_301420_length_199_cov_702.860000	51	131	538	2	80	0.0250000
NODE_301420_length_199_cov_702.860000	51	131	540	1	80	0.0125000
NODE_301420_length_199_cov_702.860000	51	131	542	16	80	0.2000000
NODE_301421_length_199_cov_670.570000	22	52	333	1	30	0.0333333
NODE_301421_length_199_cov_670.570000	22	52	343	1	30	0.0333333
NODE_301421_length_199_cov_670.570000	22	52	358	1	30	0.0333333
NODE_301421_length_199_cov_670.570000	22	52	380	1	30	0.0333333
NODE_301421_length_199_cov_670.570000	22	52	407	1	30	0.0333333
NODE_301421_length_199_cov_670.570000	22	52	423	1	30	0.0333333
NODE_301421_length_199_cov_670.570000	22	52	426	1	30	0.0333333
NODE_301421_length_199_cov_670.570000	22	52	437	1	30	0.0333333
NODE_301421_length_199_cov_670.570000	22	52	440	1	30	0.0333333
NODE_301421_length_199_cov_670.570000	22	52	450	1	30	0.0333333
NODE_301421_length_199_cov_670.570000	22	52	456	1	30	0.0333333
NODE_301421_length_199_cov_670.570000	22	52	460	1	30	0.0333333
NODE_301421_length_199_cov_670.570000	22	52	471	1	30	0.0333333
NODE_301421_length_199_cov_670.570000	22	52	480	1	30	0.0333333
NODE_301421_length_199_cov_670.570000	22	52	491	1	30	0.0333333
NODE_301421_length_199_cov_670.570000	22	52	497	2	30	0.0666667
NODE_301421_length_199_cov_670.570000	22	52	501	1	30	0.0333333
NODE_301421_length_199_cov_670.570000	22	52	505	1	30	0.0333333
NODE_301421_length_199_cov_670.570000	22	52	526	1	30	0.0333333
NODE_301421_length_199_cov_670.570000	22	52	528	1	30	0.0333333
NODE_301421_length_199_cov_670.570000	22	52	532	2	30	0.0666667
NODE_301421_length_199_cov_670.570000	22	52	536	2	30	0.0666667
NODE_301421_length_199_cov_670.570000	22	52	539	1	30	0.0333333
NODE_301421_length_199_cov_670.570000	22	52	540	1	30	0.0333333
NODE_301421_length_199_cov_670.570000	22	52	546	1	30	0.0333333
NODE_301421_length_199_cov_670.570000	22	52	555	1	30	0.0333333
NODE_301421_length_199_cov_670.570000	22	52	557	1	30	0.0333333
NODE_301421_length_199_cov_670.570000	25	105	380	1	80	0.0125000
NODE_301421_length_199_cov_670.570000	25	105	407	1	80	0.0125000
NODE_301421_length_199_cov_670.570000	25	105	423	1	80	0.0125000
NODE_301421_length_199_cov_670.570000	25	105	426	1	80	0.0125000
NODE_301421_length_199_cov_670.570000	25	105	437	1	80	0.0125000
NODE_301421_length_199_cov_670.570000	25	105	440	1	80	0.0125000
NODE_301421_length_199_cov_670.570000	25	105	450	1	80	0.0125000
NODE_301421_length_199_cov_670.570000	25	105	456	1	80	0.0125000
NODE_301421_length_199_cov_670.570000	25	105	460	1	80	0.0125000
NODE_301421_length_199_cov_670.570000	25	105	471	1	80	0.0125000
NODE_301421_length_199_cov_670.570000	25	105	480	1	80	0.0125000
NODE_301421_length_199_cov_670.570000	25	105	491	1	80	0.0125000
NODE_301421_length_199_cov_670.570000	25	105	497	2	80	0.0250000
NODE_301421_length_199_cov_670.570000	25	105	501	1	80	0.0125000
NODE_301421_length_199_cov_670.570000	25	105	505	1	80	0.0125000
NODE_301421_length_199_cov_670.570000	25	105	526	1	80	0.0125000
NODE_301421_length_199_cov_670.570000	25	105	528	1	80	0.0125000
NODE_301421_length_199_cov_670.570000	25	105	532	2	80	0.0250000
NODE_301421_length_199_cov_670.570000	25	105	536	2	80	0.0250000
NODE_301421_length_199_cov_670.570000	25	105	539	1	80	0.0125000
NODE_301421_length_199_cov_670.570000	25	105	540	1	80	0.0125000
NODE_301421_length_199_cov_670.570000	25	105	546	1	80	0.0125000
NODE_301421_length_199_cov_670.570000	25	105	555	1	80	0.0125000
NODE_301421_length_199_cov_670.570000	25	105	557	1	80	0.0125000
NODE_301421_length_199_cov_670.570000	25	105	560	1	80	0.0125000
NODE_301421_length_199_cov_670.570000	25	105	562	1	80	0.0125000
NODE_301421_length_199_cov_670.570000	25	105	571	1	80	0.0125000
NODE_301421_length_199_cov_670.570000	25	105	574	1	80	0.0125000
NODE_301421_length_199_cov_670.570000	25	105	576	2	80	0.0250000
NODE_301421_length_199_cov_670.570000	25	105	580	1	80	0.0125000
NODE_301421_length_199_cov_670.570000	25	105	582	1	80	0.0125000
NODE_301421_length_199_cov_670.570000	25	105	586	1	80	0.0125000
NODE_301421_length_199_cov_670.570000	25	105	588	1	80	0.0125000
NODE_301421_length_199_cov_670.570000	25	105	592	1	80	0.0125000
NODE_301421_length_199_cov_670.570000	25	105	594	1	80	0.0125000
NODE_301421_length_199_cov_670.570000	25	105	598	1	80	0.0125000
NODE_301421_length_199_cov_670.570000	25	105	600	6	80	0.0750000
NODE_301421_length_199_cov_670.570000	25	105	601	1	80	0.0125000
NODE_301421_length_199_cov_670.570000	25	105	605	4	80	0.0500000
NODE_301421_length_199_cov_670.570000	25	105	607	18	80	0.2250000
NODE_301421_length_199_cov_670.570000	25	105	609	11	80	0.1375000
NODE_301430_length_199_cov_215.860000	3	75	3	7	72	0.0972222
NODE_301430_length_199_cov_215.860000	3	75	7	1	72	0.0138889
NODE_301430_length_199_cov_215.860000	3	75	8	1	72	0.0138889
NODE_301430_length_199_cov_215.860000	3	75	10	1	72	0.0138889
NODE_301430_length_199_cov_215.860000	3	75	12	4	72	0.0555556
NODE_301430_length_199_cov_215.860000	3	75	14	1	72	0.0138889
NODE_301430_length_199_cov_215.860000	3	75	15	4	72	0.0555556
NODE_301430_length_199_cov_215.860000	3	75	17	4	72	0.0555556
NODE_301430_length_199_cov_215.860000	3	75	18	8	72	0.1111111
NODE_301430_length_199_cov_215.860000	3	75	24	12	72	0.1666667
NODE_301430_length_199_cov_215.860000	3	75	26	11	72	0.1527778
NODE_301430_length_199_cov_215.860000	3	75	28	18	72	0.2500000
NODE_301430_length_199_cov_215.860000	48	128	12	5	80	0.0625000
NODE_301430_length_199_cov_215.860000	48	128	14	2	80	0.0250000
NODE_301430_length_199_cov_215.860000	48	128	18	6	80	0.0750000
NODE_301430_length_199_cov_215.860000	48	128	22	2	80	0.0250000
NODE_301430_length_199_cov_215.860000	48	128	24	5	80	0.0625000
NODE_301430_length_199_cov_215.860000	48	128	26	12	80	0.1500000
NODE_301430_length_199_cov_215.860000	48	128	28	48	80	0.6000000
NODE_301432_length_199_cov_206.800000	120	199	0	10	79	0.1265823
NODE_301432_length_199_cov_206.800000	120	199	2	69	79	0.8734177
NODE_301441_length_199_cov_131.120000	97	177	6	15	80	0.1875000
NODE_301441_length_199_cov_131.120000	97	177	10	14	80	0.1750000
NODE_301441_length_199_cov_131.120000	97	177	12	32	80	0.4000000
NODE_301441_length_199_cov_131.120000	97	177	14	19	80	0.2375000
NODE_301448_length_199_cov_97.490000	4	77	0	13	73	0.1780822
NODE_301448_length_199_cov_97.490000	4	77	2	10	73	0.1369863
NODE_301448_length_199_cov_97.490000	4	77	4	1	73	0.0136986
NODE_301448_length_199_cov_97.490000	4	77	6	46	73	0.6301370
NODE_301448_length_199_cov_97.490000	4	77	8	3	73	0.0410959
NODE_301449_length_199_cov_96.090000	91	171	33	1	80	0.0125000
NODE_301449_length_199_cov_96.090000	91	171	35	2	80	0.0250000
NODE_301449_length_199_cov_96.090000	91	171	37	1	80	0.0125000
NODE_301449_length_199_cov_96.090000	91	171	39	3	80	0.0375000
NODE_301449_length_199_cov_96.090000	91	171	47	1	80	0.0125000
NODE_301449_length_199_cov_96.090000	91	171	49	1	80	0.0125000
NODE_301449_length_199_cov_96.090000	91	171	53	2	80	0.0250000
NODE_301449_length_199_cov_96.090000	91	171	55	2	80	0.0250000
NODE_301449_length_199_cov_96.090000	91	171	57	2	80	0.0250000
NODE_301449_length_199_cov_96.090000	91	171	59	1	80	0.0125000
NODE_301449_length_199_cov_96.090000	91	171	61	1	80	0.0125000
NODE_301449_length_199_cov_96.090000	91	171	63	2	80	0.0250000
NODE_301449_length_199_cov_96.090000	91	171	66	1	80	0.0125000
NODE_301449_length_199_cov_96.090000	91	171	67	4	80	0.0500000
NODE_301449_length_199_cov_96.090000	91	171	68	1	80	0.0125000
NODE_301449_length_199_cov_96.090000	91	171	70	3	80	0.0375000
NODE_301449_length_199_cov_96.090000	91	171	72	8	80	0.1000000
NODE_301449_length_199_cov_96.090000	91	171	74	4	80	0.0500000
NODE_301449_length_199_cov_96.090000	91	171	76	10	80	0.1250000
NODE_301449_length_199_cov_96.090000	91	171	78	30	80	0.3750000
NODE_301455_length_199_cov_84.060000	44	75	34	6	31	0.1935484
NODE_301455_length_199_cov_84.060000	44	75	36	25	31	0.8064516
NODE_301456_length_199_cov_83.220000	0	64	9	64	64	1.0000000
NODE_301459_length_199_cov_80.390000	15	98	12	23	83	0.2771084
NODE_301459_length_199_cov_80.390000	15	98	14	7	83	0.0843373
NODE_301459_length_199_cov_80.390000	15	98	16	53	83	0.6385542
NODE_301469_length_199_cov_63.420000	128	194	9	4	66	0.0606061
NODE_301469_length_199_cov_63.420000	128	194	13	3	66	0.0454545
NODE_301469_length_199_cov_63.420000	128	194	19	1	66	0.0151515
NODE_301469_length_199_cov_63.420000	128	194	20	3	66	0.0454545
NODE_301469_length_199_cov_63.420000	128	194	22	1	66	0.0151515
NODE_301469_length_199_cov_63.420000	128	194	26	2	66	0.0303030
NODE_301469_length_199_cov_63.420000	128	194	28	6	66	0.0909091
NODE_301469_length_199_cov_63.420000	128	194	30	4	66	0.0606061
NODE_301469_length_199_cov_63.420000	128	194	32	4	66	0.0606061
NODE_301469_length_199_cov_63.420000	128	194	34	3	66	0.0454545
NODE_301469_length_199_cov_63.420000	128	194	36	5	66	0.0757576
NODE_301469_length_199_cov_63.420000	128	194	46	6	66	0.0909091
NODE_301469_length_199_cov_63.420000	128	194	48	9	66	0.1363636
NODE_301469_length_199_cov_63.420000	128	194	49	1	66	0.0151515
NODE_301469_length_199_cov_63.420000	128	194	50	3	66	0.0454545
NODE_301469_length_199_cov_63.420000	128	194	52	4	66	0.0606061
NODE_301469_length_199_cov_63.420000	128	194	55	1	66	0.0151515
NODE_301469_length_199_cov_63.420000	128	194	56	1	66	0.0151515
NODE_301469_length_199_cov_63.420000	128	194	58	2	66	0.0303030
NODE_301469_length_199_cov_63.420000	128	194	60	1	66	0.0151515
NODE_301469_length_199_cov_63.420000	128	194	62	2	66	0.0303030
NODE_301477_length_199_cov_58.660000	18	85	2	67	67	1.0000000
NODE_301484_length_199_cov_50.350000	102	183	16	1	81	0.0123457
NODE_301484_length_199_cov_50.350000	102	183	20	2	81	0.0246914
NODE_301484_length_199_cov_50.350000	102	183	22	20	81	0.2469136
NODE_301484_length_199_cov_50.350000	102	183	28	16	81	0.1975309
NODE_301484_length_199_cov_50.350000	102	183	30	27	81	0.3333333
NODE_301484_length_199_cov_50.350000	102	183	31	15	81	0.1851852
NODE_301485_length_199_cov_49.630000	5	47	0	13	42	0.3095238
NODE_301485_length_199_cov_49.630000	5	47	2	2	42	0.0476190
NODE_301485_length_199_cov_49.630000	5	47	4	4	42	0.0952381
NODE_301485_length_199_cov_49.630000	5	47	5	23	42	0.5476190
NODE_301485_length_199_cov_49.630000	100	163	16	4	63	0.0634921
NODE_301485_length_199_cov_49.630000	100	163	20	9	63	0.1428571
NODE_301485_length_199_cov_49.630000	100	163	22	3	63	0.0476190
NODE_301485_length_199_cov_49.630000	100	163	24	47	63	0.7460318
NODE_301485_length_199_cov_49.630000	100	163	16	4	63	0.0634921
NODE_301485_length_199_cov_49.630000	100	163	20	9	63	0.1428571
NODE_301485_length_199_cov_49.630000	100	163	22	3	63	0.0476190
NODE_301485_length_199_cov_49.630000	100	163	24	47	63	0.7460318
NODE_301485_length_199_cov_49.630000	100	163	16	4	63	0.0634921
NODE_301485_length_199_cov_49.630000	100	163	20	9	63	0.1428571
NODE_301485_length_199_cov_49.630000	100	163	22	3	63	0.0476190
NODE_301485_length_199_cov_49.630000	100	163	24	47	63	0.7460318
NODE_301485_length_199_cov_49.630000	136	185	3	5	49	0.1020408
NODE_301485_length_199_cov_49.630000	136	185	5	6	49	0.1224490
NODE_301485_length_199_cov_49.630000	136	185	6	6	49	0.1224490
NODE_301485_length_199_cov_49.630000	136	185	10	2	49	0.0408163
NODE_301485_length_199_cov_49.630000	136	185	16	7	49	0.1428571
NODE_301485_length_199_cov_49.630000	136	185	20	9	49	0.1836735
NODE_301485_length_199_cov_49.630000	136	185	22	3	49	0.0612245
NODE_301485_length_199_cov_49.630000	136	185	24	11	49	0.2244898
NODE_301485_length_199_cov_49.630000	153	199	1	2	46	0.0434783
NODE_301485_length_199_cov_49.630000	153	199	3	17	46	0.3695652
NODE_301485_length_199_cov_49.630000	153	199	5	6	46	0.1304348
NODE_301485_length_199_cov_49.630000	153	199	6	6	46	0.1304348
NODE_301485_length_199_cov_49.630000	153	199	10	2	46	0.0434783
NODE_301485_length_199_cov_49.630000	153	199	16	7	46	0.1521739
NODE_301485_length_199_cov_49.630000	153	199	20	6	46	0.1304348
NODE_301491_length_199_cov_40.000000	0	66	4	2	66	0.0303030
NODE_301491_length_199_cov_40.000000	0	66	6	1	66	0.0151515
NODE_301491_length_199_cov_40.000000	0	66	8	2	66	0.0303030
NODE_301491_length_199_cov_40.000000	0	66	12	2	66	0.0303030
NODE_301491_length_199_cov_40.000000	0	66	16	7	66	0.1060606
NODE_301491_length_199_cov_40.000000	0	66	17	4	66	0.0606061
NODE_301491_length_199_cov_40.000000	0	66	18	3	66	0.0454545
NODE_301491_length_199_cov_40.000000	0	66	21	1	66	0.0151515
NODE_301491_length_199_cov_40.000000	0	66	25	1	66	0.0151515
NODE_301491_length_199_cov_40.000000	0	66	27	4	66	0.0606061
NODE_301491_length_199_cov_40.000000	0	66	29	3	66	0.0454545
NODE_301491_length_199_cov_40.000000	0	66	31	1	66	0.0151515
NODE_301491_length_199_cov_40.000000	0	66	33	10	66	0.1515152
NODE_301491_length_199_cov_40.000000	0	66	35	1	66	0.0151515
NODE_301491_length_199_cov_40.000000	0	66	37	4	66	0.0606061
NODE_301491_length_199_cov_40.000000	0	66	38	2	66	0.0303030
NODE_301491_length_199_cov_40.000000	0	66	42	7	66	0.1060606
NODE_301491_length_199_cov_40.000000	0	66	46	1	66	0.0151515
NODE_301491_length_199_cov_40.000000	0	66	48	1	66	0.0151515
NODE_301491_length_199_cov_40.000000	0	66	52	3	66	0.0454545
NODE_301491_length_199_cov_40.000000	0	66	54	6	66	0.0909091
NODE_301491_length_199_cov_40.000000	34	114	33	7	80	0.0875000
NODE_301491_length_199_cov_40.000000	34	114	35	1	80	0.0125000
NODE_301491_length_199_cov_40.000000	34	114	37	4	80	0.0500000
NODE_301491_length_199_cov_40.000000	34	114	38	2	80	0.0250000
NODE_301491_length_199_cov_40.000000	34	114	42	7	80	0.0875000
NODE_301491_length_199_cov_40.000000	34	114	46	2	80	0.0250000
NODE_301491_length_199_cov_40.000000	34	114	48	1	80	0.0125000
NODE_301491_length_199_cov_40.000000	34	114	50	1	80	0.0125000
NODE_301491_length_199_cov_40.000000	34	114	52	3	80	0.0375000
NODE_301491_length_199_cov_40.000000	34	114	54	22	80	0.2750000
NODE_301491_length_199_cov_40.000000	34	114	56	30	80	0.3750000
NODE_301491_length_199_cov_40.000000	39	61	33	2	22	0.0909091
NODE_301491_length_199_cov_40.000000	39	61	35	1	22	0.0454545
NODE_301491_length_199_cov_40.000000	39	61	37	4	22	0.1818182
NODE_301491_length_199_cov_40.000000	39	61	38	2	22	0.0909091
NODE_301491_length_199_cov_40.000000	39	61	42	7	22	0.3181818
NODE_301491_length_199_cov_40.000000	39	61	46	1	22	0.0454545
NODE_301491_length_199_cov_40.000000	39	61	48	1	22	0.0454545
NODE_301491_length_199_cov_40.000000	39	61	52	3	22	0.1363636
NODE_301491_length_199_cov_40.000000	39	61	54	1	22	0.0454545
NODE_301498_length_199_cov_31.400000	3	77	6	6	74	0.0810811
NODE_301498_length_199_cov_31.400000	3	77	10	12	74	0.1621622
NODE_301498_length_199_cov_31.400000	3	77	15	8	74	0.1081081
NODE_301498_length_199_cov_31.400000	3	77	19	1	74	0.0135135
NODE_301498_length_199_cov_31.400000	3	77	25	1	74	0.0135135
NODE_301498_length_199_cov_31.400000	3	77	27	9	74	0.1216216
NODE_301498_length_199_cov_31.400000	3	77	34	1	74	0.0135135
NODE_301498_length_199_cov_31.400000	3	77	35	2	74	0.0270270
NODE_301498_length_199_cov_31.400000	3	77	38	23	74	0.3108108
NODE_301498_length_199_cov_31.400000	3	77	40	1	74	0.0135135
NODE_301498_length_199_cov_31.400000	3	77	42	4	74	0.0540541
NODE_301498_length_199_cov_31.400000	3	77	44	1	74	0.0135135
NODE_301498_length_199_cov_31.400000	3	77	48	5	74	0.0675676
NODE_301498_length_199_cov_31.400000	76	153	38	3	77	0.0389610
NODE_301498_length_199_cov_31.400000	76	153	39	1	77	0.0129870
NODE_301498_length_199_cov_31.400000	76	153	45	6	77	0.0779221
NODE_301498_length_199_cov_31.400000	76	153	46	2	77	0.0259740
NODE_301498_length_199_cov_31.400000	76	153	48	13	77	0.1688312
NODE_301498_length_199_cov_31.400000	76	153	50	52	77	0.6753247
NODE_301498_length_199_cov_31.400000	76	153	38	3	77	0.0389610
NODE_301498_length_199_cov_31.400000	76	153	39	1	77	0.0129870
NODE_301498_length_199_cov_31.400000	76	153	45	6	77	0.0779221
NODE_301498_length_199_cov_31.400000	76	153	46	2	77	0.0259740
NODE_301498_length_199_cov_31.400000	76	153	48	13	77	0.1688312
NODE_301498_length_199_cov_31.400000	76	153	50	52	77	0.6753247
NODE_301498_length_199_cov_31.400000	76	153	38	3	77	0.0389610
NODE_301498_length_199_cov_31.400000	76	153	39	1	77	0.0129870
NODE_301498_length_199_cov_31.400000	76	153	45	6	77	0.0779221
NODE_301498_length_199_cov_31.400000	76	153	46	2	77	0.0259740
NODE_301498_length_199_cov_31.400000	76	153	48	13	77	0.1688312
NODE_301498_length_199_cov_31.400000	76	153	50	52	77	0.6753247
NODE_301498_length_199_cov_31.400000	126	192	7	12	66	0.1818182
NODE_301498_length_199_cov_31.400000	126	192	13	5	66	0.0757576
NODE_301498_length_199_cov_31.400000	126	192	23	2	66	0.0303030
NODE_301498_length_199_cov_31.400000	126	192	25	1	66	0.0151515
NODE_301498_length_199_cov_31.400000	126	192	26	1	66	0.0151515
NODE_301498_length_199_cov_31.400000	126	192	28	5	66	0.0757576
NODE_301498_length_199_cov_31.400000	126	192	30	1	66	0.0151515
NODE_301498_length_199_cov_31.400000	126	192	35	1	66	0.0151515
NODE_301498_length_199_cov_31.400000	126	192	36	11	66	0.1666667
NODE_301498_length_199_cov_31.400000	126	192	38	3	66	0.0454545
NODE_301498_length_199_cov_31.400000	126	192	39	1	66	0.0151515
NODE_301498_length_199_cov_31.400000	126	192	45	6	66	0.0909091
NODE_301498_length_199_cov_31.400000	126	192	46	2	66	0.0303030
NODE_301498_length_199_cov_31.400000	126	192	50	15	66	0.2272727
NODE_301498_length_199_cov_31.400000	129	199	2	2	70	0.0285714
NODE_301498_length_199_cov_31.400000	129	199	4	3	70	0.0428571
NODE_301498_length_199_cov_31.400000	129	199	7	14	70	0.2000000
NODE_301498_length_199_cov_31.400000	129	199	13	5	70	0.0714286
NODE_301498_length_199_cov_31.400000	129	199	23	2	70	0.0285714
NODE_301498_length_199_cov_31.400000	129	199	25	1	70	0.0142857
NODE_301498_length_199_cov_31.400000	129	199	26	1	70	0.0142857
NODE_301498_length_199_cov_31.400000	129	199	28	5	70	0.0714286
NODE_301498_length_199_cov_31.400000	129	199	30	1	70	0.0142857
NODE_301498_length_199_cov_31.400000	129	199	35	1	70	0.0142857
NODE_301498_length_199_cov_31.400000	129	199	36	11	70	0.1571429
NODE_301498_length_199_cov_31.400000	129	199	38	3	70	0.0428571
NODE_301498_length_199_cov_31.400000	129	199	39	1	70	0.0142857
NODE_301498_length_199_cov_31.400000	129	199	45	6	70	0.0857143
NODE_301498_length_199_cov_31.400000	129	199	46	2	70	0.0285714
NODE_301498_length_199_cov_31.400000	129	199	50	12	70	0.1714286
NODE_301498_length_199_cov_31.400000	131	199	2	2	68	0.0294118
NODE_301498_length_199_cov_31.400000	131	199	4	3	68	0.0441176
NODE_301498_length_199_cov_31.400000	131	199	7	14	68	0.2058824
NODE_301498_length_199_cov_31.400000	131	199	13	5	68	0.0735294
NODE_301498_length_199_cov_31.400000	131	199	23	2	68	0.0294118
NODE_301498_length_199_cov_31.400000	131	199	25	1	68	0.0147059
NODE_301498_length_199_cov_31.400000	131	199	26	1	68	0.0147059
NODE_301498_length_199_cov_31.400000	131	199	28	5	68	0.0735294
NODE_301498_length_199_cov_31.400000	131	199	30	1	68	0.0147059
NODE_301498_length_199_cov_31.400000	131	199	35	1	68	0.0147059
NODE_301498_length_199_cov_31.400000	131	199	36	11	68	0.1617647
NODE_301498_length_199_cov_31.400000	131	199	38	3	68	0.0441176
NODE_301498_length_199_cov_31.400000	131	199	39	1	68	0.0147059
NODE_301498_length_199_cov_31.400000	131	199	45	6	68	0.0882353
NODE_301498_length_199_cov_31.400000	131	199	46	2	68	0.0294118
NODE_301498_length_199_cov_31.400000	131	199	50	10	68	0.1470588
NODE_301500_length_199_cov_30.140000	118	198	2	3	80	0.0375000
NODE_301500_length_199_cov_30.140000	118	198	3	2	80	0.0250000
NODE_301500_length_199_cov_30.140000	118	198	4	14	80	0.1750000
NODE_301500_length_199_cov_30.140000	118	198	5	32	80	0.4000000
NODE_301500_length_199_cov_30.140000	118	198	6	29	80	0.3625000
NODE_301500_length_199_cov_30.140000	118	198	2	3	80	0.0375000
NODE_301500_length_199_cov_30.140000	118	198	3	2	80	0.0250000
NODE_301500_length_199_cov_30.140000	118	198	4	14	80	0.1750000
NODE_301500_length_199_cov_30.140000	118	198	5	32	80	0.4000000
NODE_301500_length_199_cov_30.140000	118	198	6	29	80	0.3625000
NODE_301500_length_199_cov_30.140000	118	198	2	3	80	0.0375000
NODE_301500_length_199_cov_30.140000	118	198	3	2	80	0.0250000
NODE_301500_length_199_cov_30.140000	118	198	4	14	80	0.1750000
NODE_301500_length_199_cov_30.140000	118	198	5	32	80	0.4000000
NODE_301500_length_199_cov_30.140000	118	198	6	29	80	0.3625000
NODE_301500_length_199_cov_30.140000	118	198	2	3	80	0.0375000
NODE_301500_length_199_cov_30.140000	118	198	3	2	80	0.0250000
NODE_301500_length_199_cov_30.140000	118	198	4	14	80	0.1750000
NODE_301500_length_199_cov_30.140000	118	198	5	32	80	0.4000000
NODE_301500_length_199_cov_30.140000	118	198	6	29	80	0.3625000
NODE_301500_length_199_cov_30.140000	118	198	2	3	80	0.0375000
NODE_301500_length_199_cov_30.140000	118	198	3	2	80	0.0250000
NODE_301500_length_199_cov_30.140000	118	198	4	14	80	0.1750000
NODE_301500_length_199_cov_30.140000	118	198	5	32	80	0.4000000
NODE_301500_length_199_cov_30.140000	118	198	6	29	80	0.3625000
NODE_301500_length_199_cov_30.140000	127	198	2	3	71	0.0422535
NODE_301500_length_199_cov_30.140000	127	198	3	2	71	0.0281690
NODE_301500_length_199_cov_30.140000	127	198	4	14	71	0.1971831
NODE_301500_length_199_cov_30.140000	127	198	5	32	71	0.4507042
NODE_301500_length_199_cov_30.140000	127	198	6	20	71	0.2816902
NODE_301581_length_197_cov_41.265306	0	70	0	70	70	1.0000000
NODE_301611_length_196_cov_101.855670	72	136	192	1	64	0.0156250
NODE_301611_length_196_cov_101.855670	72	136	193	2	64	0.0312500
NODE_301611_length_196_cov_101.855670	72	136	195	1	64	0.0156250
NODE_301611_length_196_cov_101.855670	72	136	205	1	64	0.0156250
NODE_301611_length_196_cov_101.855670	72	136	208	1	64	0.0156250
NODE_301611_length_196_cov_101.855670	72	136	210	2	64	0.0312500
NODE_301611_length_196_cov_101.855670	72	136	212	2	64	0.0312500
NODE_301611_length_196_cov_101.855670	72	136	219	1	64	0.0156250
NODE_301611_length_196_cov_101.855670	72	136	220	1	64	0.0156250
NODE_301611_length_196_cov_101.855670	72	136	222	1	64	0.0156250
NODE_301611_length_196_cov_101.855670	72	136	224	1	64	0.0156250
NODE_301611_length_196_cov_101.855670	72	136	228	3	64	0.0468750
NODE_301611_length_196_cov_101.855670	72	136	232	2	64	0.0312500
NODE_301611_length_196_cov_101.855670	72	136	234	1	64	0.0156250
NODE_301611_length_196_cov_101.855670	72	136	241	5	64	0.0781250
NODE_301611_length_196_cov_101.855670	72	136	243	1	64	0.0156250
NODE_301611_length_196_cov_101.855670	72	136	245	12	64	0.1875000
NODE_301611_length_196_cov_101.855670	72	136	246	1	64	0.0156250
NODE_301611_length_196_cov_101.855670	72	136	247	25	64	0.3906250
NODE_301611_length_196_cov_101.855670	72	136	192	1	64	0.0156250
NODE_301611_length_196_cov_101.855670	72	136	193	2	64	0.0312500
NODE_301611_length_196_cov_101.855670	72	136	195	1	64	0.0156250
NODE_301611_length_196_cov_101.855670	72	136	205	1	64	0.0156250
NODE_301611_length_196_cov_101.855670	72	136	208	1	64	0.0156250
NODE_301611_length_196_cov_101.855670	72	136	210	2	64	0.0312500
NODE_301611_length_196_cov_101.855670	72	136	212	2	64	0.0312500
NODE_301611_length_196_cov_101.855670	72	136	219	1	64	0.0156250
NODE_301611_length_196_cov_101.855670	72	136	220	1	64	0.0156250
NODE_301611_length_196_cov_101.855670	72	136	222	1	64	0.0156250
NODE_301611_length_196_cov_101.855670	72	136	224	1	64	0.0156250
NODE_301611_length_196_cov_101.855670	72	136	228	3	64	0.0468750
NODE_301611_length_196_cov_101.855670	72	136	232	2	64	0.0312500
NODE_301611_length_196_cov_101.855670	72	136	234	1	64	0.0156250
NODE_301611_length_196_cov_101.855670	72	136	241	5	64	0.0781250
NODE_301611_length_196_cov_101.855670	72	136	243	1	64	0.0156250
NODE_301611_length_196_cov_101.855670	72	136	245	12	64	0.1875000
NODE_301611_length_196_cov_101.855670	72	136	246	1	64	0.0156250
NODE_301611_length_196_cov_101.855670	72	136	247	25	64	0.3906250
NODE_301611_length_196_cov_101.855670	109	169	57	1	60	0.0166667
NODE_301611_length_196_cov_101.855670	109	169	59	1	60	0.0166667
NODE_301611_length_196_cov_101.855670	109	169	62	1	60	0.0166667
NODE_301611_length_196_cov_101.855670	109	169	64	1	60	0.0166667
NODE_301611_length_196_cov_101.855670	109	169	71	3	60	0.0500000
NODE_301611_length_196_cov_101.855670	109	169	75	2	60	0.0333333
NODE_301611_length_196_cov_101.855670	109	169	76	1	60	0.0166667
NODE_301611_length_196_cov_101.855670	109	169	82	1	60	0.0166667
NODE_301611_length_196_cov_101.855670	109	169	84	1	60	0.0166667
NODE_301611_length_196_cov_101.855670	109	169	90	1	60	0.0166667
NODE_301611_length_196_cov_101.855670	109	169	92	1	60	0.0166667
NODE_301611_length_196_cov_101.855670	109	169	97	1	60	0.0166667
NODE_301611_length_196_cov_101.855670	109	169	98	1	60	0.0166667
NODE_301611_length_196_cov_101.855670	109	169	100	1	60	0.0166667
NODE_301611_length_196_cov_101.855670	109	169	110	1	60	0.0166667
NODE_301611_length_196_cov_101.855670	109	169	112	1	60	0.0166667
NODE_301611_length_196_cov_101.855670	109	169	117	3	60	0.0500000
NODE_301611_length_196_cov_101.855670	109	169	127	1	60	0.0166667
NODE_301611_length_196_cov_101.855670	109	169	137	1	60	0.0166667
NODE_301611_length_196_cov_101.855670	109	169	141	1	60	0.0166667
NODE_301611_length_196_cov_101.855670	109	169	143	1	60	0.0166667
NODE_301611_length_196_cov_101.855670	109	169	155	1	60	0.0166667
NODE_301611_length_196_cov_101.855670	109	169	157	1	60	0.0166667
NODE_301611_length_196_cov_101.855670	109	169	165	1	60	0.0166667
NODE_301611_length_196_cov_101.855670	109	169	167	1	60	0.0166667
NODE_301611_length_196_cov_101.855670	109	169	169	1	60	0.0166667
NODE_301611_length_196_cov_101.855670	109	169	175	1	60	0.0166667
NODE_301611_length_196_cov_101.855670	109	169	181	1	60	0.0166667
NODE_301611_length_196_cov_101.855670	109	169	192	1	60	0.0166667
NODE_301611_length_196_cov_101.855670	109	169	193	2	60	0.0333333
NODE_301611_length_196_cov_101.855670	109	169	195	1	60	0.0166667
NODE_301611_length_196_cov_101.855670	109	169	205	1	60	0.0166667
NODE_301611_length_196_cov_101.855670	109	169	208	1	60	0.0166667
NODE_301611_length_196_cov_101.855670	109	169	210	2	60	0.0333333
NODE_301611_length_196_cov_101.855670	109	169	212	2	60	0.0333333
NODE_301611_length_196_cov_101.855670	109	169	219	1	60	0.0166667
NODE_301611_length_196_cov_101.855670	109	169	220	1	60	0.0166667
NODE_301611_length_196_cov_101.855670	109	169	222	1	60	0.0166667
NODE_301611_length_196_cov_101.855670	109	169	224	1	60	0.0166667
NODE_301611_length_196_cov_101.855670	109	169	228	3	60	0.0500000
NODE_301611_length_196_cov_101.855670	109	169	232	2	60	0.0333333
NODE_301611_length_196_cov_101.855670	109	169	234	1	60	0.0166667
NODE_301611_length_196_cov_101.855670	109	169	246	1	60	0.0166667
NODE_301611_length_196_cov_101.855670	109	169	247	6	60	0.1000000
NODE_301613_length_196_cov_100.618557	129	196	5	6	67	0.0895522
NODE_301613_length_196_cov_100.618557	129	196	7	10	67	0.1492537
NODE_301613_length_196_cov_100.618557	129	196	8	51	67	0.7611941
NODE_301618_length_196_cov_67.268041	8	88	15	3	80	0.0375000
NODE_301618_length_196_cov_67.268041	8	88	17	1	80	0.0125000
NODE_301618_length_196_cov_67.268041	8	88	19	1	80	0.0125000
NODE_301618_length_196_cov_67.268041	8	88	23	2	80	0.0250000
NODE_301618_length_196_cov_67.268041	8	88	25	1	80	0.0125000
NODE_301618_length_196_cov_67.268041	8	88	29	1	80	0.0125000
NODE_301618_length_196_cov_67.268041	8	88	34	1	80	0.0125000
NODE_301618_length_196_cov_67.268041	8	88	36	1	80	0.0125000
NODE_301618_length_196_cov_67.268041	8	88	40	3	80	0.0375000
NODE_301618_length_196_cov_67.268041	8	88	42	1	80	0.0125000
NODE_301618_length_196_cov_67.268041	8	88	43	4	80	0.0500000
NODE_301618_length_196_cov_67.268041	8	88	45	4	80	0.0500000
NODE_301618_length_196_cov_67.268041	8	88	49	1	80	0.0125000
NODE_301618_length_196_cov_67.268041	8	88	51	4	80	0.0500000
NODE_301618_length_196_cov_67.268041	8	88	53	2	80	0.0250000
NODE_301618_length_196_cov_67.268041	8	88	59	1	80	0.0125000
NODE_301618_length_196_cov_67.268041	8	88	62	1	80	0.0125000
NODE_301618_length_196_cov_67.268041	8	88	66	1	80	0.0125000
NODE_301618_length_196_cov_67.268041	8	88	77	1	80	0.0125000
NODE_301618_length_196_cov_67.268041	8	88	78	2	80	0.0250000
NODE_301618_length_196_cov_67.268041	8	88	81	1	80	0.0125000
NODE_301618_length_196_cov_67.268041	8	88	83	1	80	0.0125000
NODE_301618_length_196_cov_67.268041	8	88	85	1	80	0.0125000
NODE_301618_length_196_cov_67.268041	8	88	97	1	80	0.0125000
NODE_301618_length_196_cov_67.268041	8	88	102	1	80	0.0125000
NODE_301618_length_196_cov_67.268041	8	88	103	1	80	0.0125000
NODE_301618_length_196_cov_67.268041	8	88	112	1	80	0.0125000
NODE_301618_length_196_cov_67.268041	8	88	124	2	80	0.0250000
NODE_301618_length_196_cov_67.268041	8	88	125	3	80	0.0375000
NODE_301618_length_196_cov_67.268041	8	88	129	1	80	0.0125000
NODE_301618_length_196_cov_67.268041	8	88	133	1	80	0.0125000
NODE_301618_length_196_cov_67.268041	8	88	137	2	80	0.0250000
NODE_301618_length_196_cov_67.268041	8	88	138	1	80	0.0125000
NODE_301618_length_196_cov_67.268041	8	88	142	2	80	0.0250000
NODE_301618_length_196_cov_67.268041	8	88	144	1	80	0.0125000
NODE_301618_length_196_cov_67.268041	8	88	145	3	80	0.0375000
NODE_301618_length_196_cov_67.268041	8	88	149	2	80	0.0250000
NODE_301618_length_196_cov_67.268041	8	88	151	4	80	0.0500000
NODE_301618_length_196_cov_67.268041	8	88	154	8	80	0.1000000
NODE_301618_length_196_cov_67.268041	8	88	156	7	80	0.0875000
NODE_301618_length_196_cov_67.268041	61	124	142	2	63	0.0317460
NODE_301618_length_196_cov_67.268041	61	124	144	1	63	0.0158730
NODE_301618_length_196_cov_67.268041	61	124	145	3	63	0.0476190
NODE_301618_length_196_cov_67.268041	61	124	147	1	63	0.0158730
NODE_301618_length_196_cov_67.268041	61	124	149	2	63	0.0317460
NODE_301618_length_196_cov_67.268041	61	124	151	9	63	0.1428571
NODE_301618_length_196_cov_67.268041	61	124	153	8	63	0.1269841
NODE_301618_length_196_cov_67.268041	61	124	154	8	63	0.1269841
NODE_301618_length_196_cov_67.268041	61	124	155	12	63	0.1904762
NODE_301618_length_196_cov_67.268041	61	124	156	17	63	0.2698413
NODE_301629_length_196_cov_40.195876	101	184	2	34	83	0.4096386
NODE_301629_length_196_cov_40.195876	101	184	4	4	83	0.0481928
NODE_301629_length_196_cov_40.195876	101	184	5	4	83	0.0481928
NODE_301629_length_196_cov_40.195876	101	184	6	2	83	0.0240964
NODE_301629_length_196_cov_40.195876	101	184	12	14	83	0.1686747
NODE_301629_length_196_cov_40.195876	101	184	14	25	83	0.3012048
NODE_301704_length_194_cov_63.252632	12	78	5	8	66	0.1212121
NODE_301704_length_194_cov_63.252632	12	78	8	6	66	0.0909091
NODE_301704_length_194_cov_63.252632	12	78	13	1	66	0.0151515
NODE_301704_length_194_cov_63.252632	12	78	15	3	66	0.0454545
NODE_301704_length_194_cov_63.252632	12	78	19	1	66	0.0151515
NODE_301704_length_194_cov_63.252632	12	78	25	1	66	0.0151515
NODE_301704_length_194_cov_63.252632	12	78	28	1	66	0.0151515
NODE_301704_length_194_cov_63.252632	12	78	30	2	66	0.0303030
NODE_301704_length_194_cov_63.252632	12	78	34	1	66	0.0151515
NODE_301704_length_194_cov_63.252632	12	78	39	1	66	0.0151515
NODE_301704_length_194_cov_63.252632	12	78	56	1	66	0.0151515
NODE_301704_length_194_cov_63.252632	12	78	63	1	66	0.0151515
NODE_301704_length_194_cov_63.252632	12	78	64	1	66	0.0151515
NODE_301704_length_194_cov_63.252632	12	78	72	1	66	0.0151515
NODE_301704_length_194_cov_63.252632	12	78	84	1	66	0.0151515
NODE_301704_length_194_cov_63.252632	12	78	93	2	66	0.0303030
NODE_301704_length_194_cov_63.252632	12	78	99	1	66	0.0151515
NODE_301704_length_194_cov_63.252632	12	78	105	1	66	0.0151515
NODE_301704_length_194_cov_63.252632	12	78	125	2	66	0.0303030
NODE_301704_length_194_cov_63.252632	12	78	144	1	66	0.0151515
NODE_301704_length_194_cov_63.252632	12	78	150	1	66	0.0151515
NODE_301704_length_194_cov_63.252632	12	78	152	1	66	0.0151515
NODE_301704_length_194_cov_63.252632	12	78	169	2	66	0.0303030
NODE_301704_length_194_cov_63.252632	12	78	172	2	66	0.0303030
NODE_301704_length_194_cov_63.252632	12	78	178	2	66	0.0303030
NODE_301704_length_194_cov_63.252632	12	78	180	2	66	0.0303030
NODE_301704_length_194_cov_63.252632	12	78	184	1	66	0.0151515
NODE_301704_length_194_cov_63.252632	12	78	188	1	66	0.0151515
NODE_301704_length_194_cov_63.252632	12	78	194	2	66	0.0303030
NODE_301704_length_194_cov_63.252632	12	78	204	2	66	0.0303030
NODE_301704_length_194_cov_63.252632	12	78	208	1	66	0.0151515
NODE_301704_length_194_cov_63.252632	12	78	210	1	66	0.0151515
NODE_301704_length_194_cov_63.252632	12	78	214	1	66	0.0151515
NODE_301704_length_194_cov_63.252632	12	78	218	1	66	0.0151515
NODE_301704_length_194_cov_63.252632	12	78	226	1	66	0.0151515
NODE_301704_length_194_cov_63.252632	12	78	228	3	66	0.0454545
NODE_301704_length_194_cov_63.252632	12	78	230	4	66	0.0606061
NODE_301704_length_194_cov_63.252632	12	78	232	1	66	0.0151515
NODE_301704_length_194_cov_63.252632	51	112	169	2	61	0.0327869
NODE_301704_length_194_cov_63.252632	51	112	172	2	61	0.0327869
NODE_301704_length_194_cov_63.252632	51	112	178	2	61	0.0327869
NODE_301704_length_194_cov_63.252632	51	112	180	2	61	0.0327869
NODE_301704_length_194_cov_63.252632	51	112	184	1	61	0.0163934
NODE_301704_length_194_cov_63.252632	51	112	188	1	61	0.0163934
NODE_301704_length_194_cov_63.252632	51	112	194	2	61	0.0327869
NODE_301704_length_194_cov_63.252632	51	112	204	2	61	0.0327869
NODE_301704_length_194_cov_63.252632	51	112	208	1	61	0.0163934
NODE_301704_length_194_cov_63.252632	51	112	210	1	61	0.0163934
NODE_301704_length_194_cov_63.252632	51	112	214	1	61	0.0163934
NODE_301704_length_194_cov_63.252632	51	112	218	1	61	0.0163934
NODE_301704_length_194_cov_63.252632	51	112	226	1	61	0.0163934
NODE_301704_length_194_cov_63.252632	51	112	228	3	61	0.0491803
NODE_301704_length_194_cov_63.252632	51	112	230	4	61	0.0655738
NODE_301704_length_194_cov_63.252632	51	112	232	2	61	0.0327869
NODE_301704_length_194_cov_63.252632	51	112	236	33	61	0.5409836
NODE_301704_length_194_cov_63.252632	51	99	169	2	48	0.0416667
NODE_301704_length_194_cov_63.252632	51	99	172	2	48	0.0416667
NODE_301704_length_194_cov_63.252632	51	99	178	2	48	0.0416667
NODE_301704_length_194_cov_63.252632	51	99	180	2	48	0.0416667
NODE_301704_length_194_cov_63.252632	51	99	184	1	48	0.0208333
NODE_301704_length_194_cov_63.252632	51	99	188	1	48	0.0208333
NODE_301704_length_194_cov_63.252632	51	99	194	2	48	0.0416667
NODE_301704_length_194_cov_63.252632	51	99	204	2	48	0.0416667
NODE_301704_length_194_cov_63.252632	51	99	208	1	48	0.0208333
NODE_301704_length_194_cov_63.252632	51	99	210	1	48	0.0208333
NODE_301704_length_194_cov_63.252632	51	99	214	1	48	0.0208333
NODE_301704_length_194_cov_63.252632	51	99	218	1	48	0.0208333
NODE_301704_length_194_cov_63.252632	51	99	226	1	48	0.0208333
NODE_301704_length_194_cov_63.252632	51	99	228	3	48	0.0625000
NODE_301704_length_194_cov_63.252632	51	99	230	4	48	0.0833333
NODE_301704_length_194_cov_63.252632	51	99	232	2	48	0.0416667
NODE_301704_length_194_cov_63.252632	51	99	236	20	48	0.4166667
NODE_301704_length_194_cov_63.252632	51	112	169	2	61	0.0327869
NODE_301704_length_194_cov_63.252632	51	112	172	2	61	0.0327869
NODE_301704_length_194_cov_63.252632	51	112	178	2	61	0.0327869
NODE_301704_length_194_cov_63.252632	51	112	180	2	61	0.0327869
NODE_301704_length_194_cov_63.252632	51	112	184	1	61	0.0163934
NODE_301704_length_194_cov_63.252632	51	112	188	1	61	0.0163934
NODE_301704_length_194_cov_63.252632	51	112	194	2	61	0.0327869
NODE_301704_length_194_cov_63.252632	51	112	204	2	61	0.0327869
NODE_301704_length_194_cov_63.252632	51	112	208	1	61	0.0163934
NODE_301704_length_194_cov_63.252632	51	112	210	1	61	0.0163934
NODE_301704_length_194_cov_63.252632	51	112	214	1	61	0.0163934
NODE_301704_length_194_cov_63.252632	51	112	218	1	61	0.0163934
NODE_301704_length_194_cov_63.252632	51	112	226	1	61	0.0163934
NODE_301704_length_194_cov_63.252632	51	112	228	3	61	0.0491803
NODE_301704_length_194_cov_63.252632	51	112	230	4	61	0.0655738
NODE_301704_length_194_cov_63.252632	51	112	232	2	61	0.0327869
NODE_301704_length_194_cov_63.252632	51	112	236	33	61	0.5409836
NODE_301708_length_194_cov_35.010526	95	162	4	3	67	0.0447761
NODE_301708_length_194_cov_35.010526	95	162	6	2	67	0.0298507
NODE_301708_length_194_cov_35.010526	95	162	10	9	67	0.1343284
NODE_301708_length_194_cov_35.010526	95	162	12	2	67	0.0298507
NODE_301708_length_194_cov_35.010526	95	162	18	2	67	0.0298507
NODE_301708_length_194_cov_35.010526	95	162	22	2	67	0.0298507
NODE_301708_length_194_cov_35.010526	95	162	24	8	67	0.1194030
NODE_301708_length_194_cov_35.010526	95	162	28	39	67	0.5820895
NODE_301708_length_194_cov_35.010526	95	162	4	3	67	0.0447761
NODE_301708_length_194_cov_35.010526	95	162	6	2	67	0.0298507
NODE_301708_length_194_cov_35.010526	95	162	10	9	67	0.1343284
NODE_301708_length_194_cov_35.010526	95	162	12	2	67	0.0298507
NODE_301708_length_194_cov_35.010526	95	162	18	2	67	0.0298507
NODE_301708_length_194_cov_35.010526	95	162	22	2	67	0.0298507
NODE_301708_length_194_cov_35.010526	95	162	24	8	67	0.1194030
NODE_301708_length_194_cov_35.010526	95	162	28	39	67	0.5820895
NODE_301708_length_194_cov_35.010526	135	184	1	11	49	0.2244898
NODE_301708_length_194_cov_35.010526	135	184	4	14	49	0.2857143
NODE_301708_length_194_cov_35.010526	135	184	6	2	49	0.0408163
NODE_301708_length_194_cov_35.010526	135	184	10	9	49	0.1836735
NODE_301708_length_194_cov_35.010526	135	184	12	2	49	0.0408163
NODE_301708_length_194_cov_35.010526	135	184	18	2	49	0.0408163
NODE_301708_length_194_cov_35.010526	135	184	22	2	49	0.0408163
NODE_301708_length_194_cov_35.010526	135	184	24	7	49	0.1428571
NODE_301714_length_194_cov_9.978947	153	194	0	41	41	1.0000000
NODE_301727_length_193_cov_117.170213	21	93	43	2	72	0.0277778
NODE_301727_length_193_cov_117.170213	21	93	46	1	72	0.0138889
NODE_301727_length_193_cov_117.170213	21	93	48	4	72	0.0555556
NODE_301727_length_193_cov_117.170213	21	93	51	1	72	0.0138889
NODE_301727_length_193_cov_117.170213	21	93	54	2	72	0.0277778
NODE_301727_length_193_cov_117.170213	21	93	56	1	72	0.0138889
NODE_301727_length_193_cov_117.170213	21	93	58	1	72	0.0138889
NODE_301727_length_193_cov_117.170213	21	93	60	2	72	0.0277778
NODE_301727_length_193_cov_117.170213	21	93	62	1	72	0.0138889
NODE_301727_length_193_cov_117.170213	21	93	64	3	72	0.0416667
NODE_301727_length_193_cov_117.170213	21	93	65	1	72	0.0138889
NODE_301727_length_193_cov_117.170213	21	93	66	1	72	0.0138889
NODE_301727_length_193_cov_117.170213	21	93	70	2	72	0.0277778
NODE_301727_length_193_cov_117.170213	21	93	72	1	72	0.0138889
NODE_301727_length_193_cov_117.170213	21	93	78	1	72	0.0138889
NODE_301727_length_193_cov_117.170213	21	93	82	1	72	0.0138889
NODE_301727_length_193_cov_117.170213	21	93	85	3	72	0.0416667
NODE_301727_length_193_cov_117.170213	21	93	88	3	72	0.0416667
NODE_301727_length_193_cov_117.170213	21	93	90	6	72	0.0833333
NODE_301727_length_193_cov_117.170213	21	93	92	2	72	0.0277778
NODE_301727_length_193_cov_117.170213	21	93	94	1	72	0.0138889
NODE_301727_length_193_cov_117.170213	21	93	100	10	72	0.1388889
NODE_301727_length_193_cov_117.170213	21	93	102	12	72	0.1666667
NODE_301727_length_193_cov_117.170213	21	93	103	10	72	0.1388889
NODE_301727_length_193_cov_117.170213	41	121	70	2	80	0.0250000
NODE_301727_length_193_cov_117.170213	41	121	72	1	80	0.0125000
NODE_301727_length_193_cov_117.170213	41	121	78	1	80	0.0125000
NODE_301727_length_193_cov_117.170213	41	121	82	1	80	0.0125000
NODE_301727_length_193_cov_117.170213	41	121	85	3	80	0.0375000
NODE_301727_length_193_cov_117.170213	41	121	88	3	80	0.0375000
NODE_301727_length_193_cov_117.170213	41	121	90	6	80	0.0750000
NODE_301727_length_193_cov_117.170213	41	121	92	2	80	0.0250000
NODE_301727_length_193_cov_117.170213	41	121	94	1	80	0.0125000
NODE_301727_length_193_cov_117.170213	41	121	99	3	80	0.0375000
NODE_301727_length_193_cov_117.170213	41	121	100	10	80	0.1250000
NODE_301727_length_193_cov_117.170213	41	121	102	12	80	0.1500000
NODE_301727_length_193_cov_117.170213	41	121	103	35	80	0.4375000
NODE_301729_length_193_cov_54.734043	108	188	11	4	80	0.0500000
NODE_301729_length_193_cov_54.734043	108	188	15	3	80	0.0375000
NODE_301729_length_193_cov_54.734043	108	188	17	5	80	0.0625000
NODE_301729_length_193_cov_54.734043	108	188	27	3	80	0.0375000
NODE_301729_length_193_cov_54.734043	108	188	31	10	80	0.1250000
NODE_301729_length_193_cov_54.734043	108	188	33	27	80	0.3375000
NODE_301729_length_193_cov_54.734043	108	188	34	28	80	0.3500000
NODE_301729_length_193_cov_54.734043	161	183	15	2	22	0.0909091
NODE_301729_length_193_cov_54.734043	161	183	17	5	22	0.2272727
NODE_301729_length_193_cov_54.734043	161	183	27	3	22	0.1363636
NODE_301729_length_193_cov_54.734043	161	183	31	10	22	0.4545455
NODE_301729_length_193_cov_54.734043	161	183	33	2	22	0.0909091
NODE_301735_length_193_cov_30.638298	108	188	0	80	80	1.0000000
NODE_301735_length_193_cov_30.638298	161	183	0	22	22	1.0000000
NODE_301737_length_193_cov_29.968085	0	45	6	12	45	0.2666667
NODE_301737_length_193_cov_29.968085	0	45	17	3	45	0.0666667
NODE_301737_length_193_cov_29.968085	0	45	25	1	45	0.0222222
NODE_301737_length_193_cov_29.968085	0	45	26	1	45	0.0222222
NODE_301737_length_193_cov_29.968085	0	45	28	1	45	0.0222222
NODE_301737_length_193_cov_29.968085	0	45	30	1	45	0.0222222
NODE_301737_length_193_cov_29.968085	0	45	36	2	45	0.0444444
NODE_301737_length_193_cov_29.968085	0	45	38	3	45	0.0666667
NODE_301737_length_193_cov_29.968085	0	45	46	1	45	0.0222222
NODE_301737_length_193_cov_29.968085	0	45	49	3	45	0.0666667
NODE_301737_length_193_cov_29.968085	0	45	57	2	45	0.0444444
NODE_301737_length_193_cov_29.968085	0	45	61	2	45	0.0444444
NODE_301737_length_193_cov_29.968085	0	45	71	1	45	0.0222222
NODE_301737_length_193_cov_29.968085	0	45	72	8	45	0.1777778
NODE_301737_length_193_cov_29.968085	0	45	74	4	45	0.0888889
NODE_301737_length_193_cov_29.968085	8	57	6	4	49	0.0816327
NODE_301737_length_193_cov_29.968085	8	57	17	3	49	0.0612245
NODE_301737_length_193_cov_29.968085	8	57	25	1	49	0.0204082
NODE_301737_length_193_cov_29.968085	8	57	26	1	49	0.0204082
NODE_301737_length_193_cov_29.968085	8	57	28	1	49	0.0204082
NODE_301737_length_193_cov_29.968085	8	57	30	1	49	0.0204082
NODE_301737_length_193_cov_29.968085	8	57	36	2	49	0.0408163
NODE_301737_length_193_cov_29.968085	8	57	38	3	49	0.0612245
NODE_301737_length_193_cov_29.968085	8	57	46	1	49	0.0204082
NODE_301737_length_193_cov_29.968085	8	57	49	3	49	0.0612245
NODE_301737_length_193_cov_29.968085	8	57	57	2	49	0.0408163
NODE_301737_length_193_cov_29.968085	8	57	61	2	49	0.0408163
NODE_301737_length_193_cov_29.968085	8	57	71	1	49	0.0204082
NODE_301737_length_193_cov_29.968085	8	57	72	8	49	0.1632653
NODE_301737_length_193_cov_29.968085	8	57	74	16	49	0.3265306
NODE_301737_length_193_cov_29.968085	30	98	61	2	68	0.0294118
NODE_301737_length_193_cov_29.968085	30	98	71	1	68	0.0147059
NODE_301737_length_193_cov_29.968085	30	98	72	8	68	0.1176471
NODE_301737_length_193_cov_29.968085	30	98	74	20	68	0.2941177
NODE_301737_length_193_cov_29.968085	30	98	76	4	68	0.0588235
NODE_301737_length_193_cov_29.968085	30	98	82	4	68	0.0588235
NODE_301737_length_193_cov_29.968085	30	98	88	16	68	0.2352941
NODE_301737_length_193_cov_29.968085	30	98	90	13	68	0.1911765
NODE_301737_length_193_cov_29.968085	30	98	61	2	68	0.0294118
NODE_301737_length_193_cov_29.968085	30	98	71	1	68	0.0147059
NODE_301737_length_193_cov_29.968085	30	98	72	8	68	0.1176471
NODE_301737_length_193_cov_29.968085	30	98	74	20	68	0.2941177
NODE_301737_length_193_cov_29.968085	30	98	76	4	68	0.0588235
NODE_301737_length_193_cov_29.968085	30	98	82	4	68	0.0588235
NODE_301737_length_193_cov_29.968085	30	98	88	16	68	0.2352941
NODE_301737_length_193_cov_29.968085	30	98	90	13	68	0.1911765
NODE_301737_length_193_cov_29.968085	30	98	61	2	68	0.0294118
NODE_301737_length_193_cov_29.968085	30	98	71	1	68	0.0147059
NODE_301737_length_193_cov_29.968085	30	98	72	8	68	0.1176471
NODE_301737_length_193_cov_29.968085	30	98	74	20	68	0.2941177
NODE_301737_length_193_cov_29.968085	30	98	76	4	68	0.0588235
NODE_301737_length_193_cov_29.968085	30	98	82	4	68	0.0588235
NODE_301737_length_193_cov_29.968085	30	98	88	16	68	0.2352941
NODE_301737_length_193_cov_29.968085	30	98	90	13	68	0.1911765
NODE_301737_length_193_cov_29.968085	146	188	12	5	42	0.1190476
NODE_301737_length_193_cov_29.968085	146	188	14	14	42	0.3333333
NODE_301737_length_193_cov_29.968085	146	188	17	2	42	0.0476190
NODE_301737_length_193_cov_29.968085	146	188	19	4	42	0.0952381
NODE_301737_length_193_cov_29.968085	146	188	29	1	42	0.0238095
NODE_301737_length_193_cov_29.968085	146	188	30	6	42	0.1428571
NODE_301737_length_193_cov_29.968085	146	188	32	10	42	0.2380952
NODE_301776_length_192_cov_160.258065	0	76	6	1	76	0.0131579
NODE_301776_length_192_cov_160.258065	0	76	8	1	76	0.0131579
NODE_301776_length_192_cov_160.258065	0	76	10	8	76	0.1052632
NODE_301776_length_192_cov_160.258065	0	76	12	5	76	0.0657895
NODE_301776_length_192_cov_160.258065	0	76	13	5	76	0.0657895
NODE_301776_length_192_cov_160.258065	0	76	15	22	76	0.2894737
NODE_301776_length_192_cov_160.258065	0	76	17	4	76	0.0526316
NODE_301776_length_192_cov_160.258065	0	76	19	9	76	0.1184211
NODE_301776_length_192_cov_160.258065	0	76	21	7	76	0.0921053
NODE_301776_length_192_cov_160.258065	0	76	24	2	76	0.0263158
NODE_301776_length_192_cov_160.258065	0	76	30	1	76	0.0131579
NODE_301776_length_192_cov_160.258065	0	76	31	8	76	0.1052632
NODE_301776_length_192_cov_160.258065	0	76	35	3	76	0.0394737
NODE_301825_length_191_cov_92.913043	81	144	272	1	63	0.0158730
NODE_301825_length_191_cov_92.913043	81	144	274	1	63	0.0158730
NODE_301825_length_191_cov_92.913043	81	144	278	1	63	0.0158730
NODE_301825_length_191_cov_92.913043	81	144	280	1	63	0.0158730
NODE_301825_length_191_cov_92.913043	81	144	284	1	63	0.0158730
NODE_301825_length_191_cov_92.913043	81	144	291	3	63	0.0476190
NODE_301825_length_191_cov_92.913043	81	144	301	1	63	0.0158730
NODE_301825_length_191_cov_92.913043	81	144	309	1	63	0.0158730
NODE_301825_length_191_cov_92.913043	81	144	312	2	63	0.0317460
NODE_301825_length_191_cov_92.913043	81	144	319	1	63	0.0158730
NODE_301825_length_191_cov_92.913043	81	144	323	1	63	0.0158730
NODE_301825_length_191_cov_92.913043	81	144	327	1	63	0.0158730
NODE_301825_length_191_cov_92.913043	81	144	341	1	63	0.0158730
NODE_301825_length_191_cov_92.913043	81	144	343	3	63	0.0476190
NODE_301825_length_191_cov_92.913043	81	144	345	1	63	0.0158730
NODE_301825_length_191_cov_92.913043	81	144	349	1	63	0.0158730
NODE_301825_length_191_cov_92.913043	81	144	358	1	63	0.0158730
NODE_301825_length_191_cov_92.913043	81	144	362	1	63	0.0158730
NODE_301825_length_191_cov_92.913043	81	144	370	1	63	0.0158730
NODE_301825_length_191_cov_92.913043	81	144	371	1	63	0.0158730
NODE_301825_length_191_cov_92.913043	81	144	379	2	63	0.0317460
NODE_301825_length_191_cov_92.913043	81	144	381	1	63	0.0158730
NODE_301825_length_191_cov_92.913043	81	144	385	3	63	0.0476190
NODE_301825_length_191_cov_92.913043	81	144	388	3	63	0.0476190
NODE_301825_length_191_cov_92.913043	81	144	390	3	63	0.0476190
NODE_301825_length_191_cov_92.913043	81	144	392	3	63	0.0476190
NODE_301825_length_191_cov_92.913043	81	144	393	16	63	0.2539683
NODE_301825_length_191_cov_92.913043	81	144	394	7	63	0.1111111
NODE_301855_length_190_cov_112.285714	8	91	0	1	83	0.0120482
NODE_301855_length_190_cov_112.285714	8	91	4	2	83	0.0240964
NODE_301855_length_190_cov_112.285714	8	91	9	2	83	0.0240964
NODE_301855_length_190_cov_112.285714	8	91	13	23	83	0.2771084
NODE_301855_length_190_cov_112.285714	8	91	15	5	83	0.0602410
NODE_301855_length_190_cov_112.285714	8	91	17	50	83	0.6024097
NODE_301859_length_190_cov_41.373626	92	172	28	2	80	0.0250000
NODE_301859_length_190_cov_41.373626	92	172	30	4	80	0.0500000
NODE_301859_length_190_cov_41.373626	92	172	32	1	80	0.0125000
NODE_301859_length_190_cov_41.373626	92	172	33	4	80	0.0500000
NODE_301859_length_190_cov_41.373626	92	172	38	5	80	0.0625000
NODE_301859_length_190_cov_41.373626	92	172	44	2	80	0.0250000
NODE_301859_length_190_cov_41.373626	92	172	49	1	80	0.0125000
NODE_301859_length_190_cov_41.373626	92	172	50	1	80	0.0125000
NODE_301859_length_190_cov_41.373626	92	172	52	5	80	0.0625000
NODE_301859_length_190_cov_41.373626	92	172	54	2	80	0.0250000
NODE_301859_length_190_cov_41.373626	92	172	56	2	80	0.0250000
NODE_301859_length_190_cov_41.373626	92	172	57	1	80	0.0125000
NODE_301859_length_190_cov_41.373626	92	172	59	1	80	0.0125000
NODE_301859_length_190_cov_41.373626	92	172	60	2	80	0.0250000
NODE_301859_length_190_cov_41.373626	92	172	61	4	80	0.0500000
NODE_301859_length_190_cov_41.373626	92	172	63	10	80	0.1250000
NODE_301859_length_190_cov_41.373626	92	172	65	13	80	0.1625000
NODE_301859_length_190_cov_41.373626	92	172	66	3	80	0.0375000
NODE_301859_length_190_cov_41.373626	92	172	67	17	80	0.2125000
NODE_301859_length_190_cov_41.373626	145	190	1	2	45	0.0444444
NODE_301859_length_190_cov_41.373626	145	190	2	5	45	0.1111111
NODE_301859_length_190_cov_41.373626	145	190	4	1	45	0.0222222
NODE_301859_length_190_cov_41.373626	145	190	10	2	45	0.0444444
NODE_301859_length_190_cov_41.373626	145	190	14	1	45	0.0222222
NODE_301859_length_190_cov_41.373626	145	190	18	2	45	0.0444444
NODE_301859_length_190_cov_41.373626	145	190	23	1	45	0.0222222
NODE_301859_length_190_cov_41.373626	145	190	25	1	45	0.0222222
NODE_301859_length_190_cov_41.373626	145	190	27	1	45	0.0222222
NODE_301859_length_190_cov_41.373626	145	190	28	4	45	0.0888889
NODE_301859_length_190_cov_41.373626	145	190	30	4	45	0.0888889
NODE_301859_length_190_cov_41.373626	145	190	32	1	45	0.0222222
NODE_301859_length_190_cov_41.373626	145	190	33	4	45	0.0888889
NODE_301859_length_190_cov_41.373626	145	190	38	5	45	0.1111111
NODE_301859_length_190_cov_41.373626	145	190	44	2	45	0.0444444
NODE_301859_length_190_cov_41.373626	145	190	49	1	45	0.0222222
NODE_301859_length_190_cov_41.373626	145	190	50	1	45	0.0222222
NODE_301859_length_190_cov_41.373626	145	190	52	5	45	0.1111111
NODE_301859_length_190_cov_41.373626	145	190	54	2	45	0.0444444
NODE_301880_length_189_cov_234.500000	19	88	8	2	69	0.0289855
NODE_301880_length_189_cov_234.500000	19	88	12	4	69	0.0579710
NODE_301880_length_189_cov_234.500000	19	88	17	14	69	0.2028985
NODE_301880_length_189_cov_234.500000	19	88	21	1	69	0.0144928
NODE_301880_length_189_cov_234.500000	19	88	22	1	69	0.0144928
NODE_301880_length_189_cov_234.500000	19	88	23	4	69	0.0579710
NODE_301880_length_189_cov_234.500000	19	88	25	1	69	0.0144928
NODE_301880_length_189_cov_234.500000	19	88	27	4	69	0.0579710
NODE_301880_length_189_cov_234.500000	19	88	29	5	69	0.0724638
NODE_301880_length_189_cov_234.500000	19	88	37	1	69	0.0144928
NODE_301880_length_189_cov_234.500000	19	88	39	3	69	0.0434783
NODE_301880_length_189_cov_234.500000	19	88	42	1	69	0.0144928
NODE_301880_length_189_cov_234.500000	19	88	43	1	69	0.0144928
NODE_301880_length_189_cov_234.500000	19	88	45	2	69	0.0289855
NODE_301880_length_189_cov_234.500000	19	88	47	5	69	0.0724638
NODE_301880_length_189_cov_234.500000	19	88	49	8	69	0.1159420
NODE_301880_length_189_cov_234.500000	19	88	51	8	69	0.1159420
NODE_301880_length_189_cov_234.500000	19	88	55	1	69	0.0144928
NODE_301880_length_189_cov_234.500000	19	88	56	3	69	0.0434783
NODE_301882_length_189_cov_192.211111	134	186	38	1	52	0.0192308
NODE_301882_length_189_cov_192.211111	134	186	40	1	52	0.0192308
NODE_301882_length_189_cov_192.211111	134	186	42	1	52	0.0192308
NODE_301882_length_189_cov_192.211111	134	186	50	2	52	0.0384615
NODE_301882_length_189_cov_192.211111	134	186	71	1	52	0.0192308
NODE_301882_length_189_cov_192.211111	134	186	77	1	52	0.0192308
NODE_301882_length_189_cov_192.211111	134	186	82	1	52	0.0192308
NODE_301882_length_189_cov_192.211111	134	186	88	1	52	0.0192308
NODE_301882_length_189_cov_192.211111	134	186	101	1	52	0.0192308
NODE_301882_length_189_cov_192.211111	134	186	113	1	52	0.0192308
NODE_301882_length_189_cov_192.211111	134	186	127	1	52	0.0192308
NODE_301882_length_189_cov_192.211111	134	186	134	1	52	0.0192308
NODE_301882_length_189_cov_192.211111	134	186	150	1	52	0.0192308
NODE_301882_length_189_cov_192.211111	134	186	155	1	52	0.0192308
NODE_301882_length_189_cov_192.211111	134	186	167	1	52	0.0192308
NODE_301882_length_189_cov_192.211111	134	186	170	1	52	0.0192308
NODE_301882_length_189_cov_192.211111	134	186	171	1	52	0.0192308
NODE_301882_length_189_cov_192.211111	134	186	172	1	52	0.0192308
NODE_301882_length_189_cov_192.211111	134	186	187	1	52	0.0192308
NODE_301882_length_189_cov_192.211111	134	186	193	1	52	0.0192308
NODE_301882_length_189_cov_192.211111	134	186	199	1	52	0.0192308
NODE_301882_length_189_cov_192.211111	134	186	204	1	52	0.0192308
NODE_301882_length_189_cov_192.211111	134	186	213	3	52	0.0576923
NODE_301882_length_189_cov_192.211111	134	186	214	1	52	0.0192308
NODE_301882_length_189_cov_192.211111	134	186	217	1	52	0.0192308
NODE_301882_length_189_cov_192.211111	134	186	218	3	52	0.0576923
NODE_301882_length_189_cov_192.211111	134	186	223	2	52	0.0384615
NODE_301882_length_189_cov_192.211111	134	186	230	1	52	0.0192308
NODE_301882_length_189_cov_192.211111	134	186	232	8	52	0.1538462
NODE_301882_length_189_cov_192.211111	134	186	233	1	52	0.0192308
NODE_301882_length_189_cov_192.211111	134	186	235	1	52	0.0192308
NODE_301882_length_189_cov_192.211111	134	186	237	4	52	0.0769231
NODE_301882_length_189_cov_192.211111	134	186	239	1	52	0.0192308
NODE_301882_length_189_cov_192.211111	134	186	241	1	52	0.0192308
NODE_301882_length_189_cov_192.211111	134	186	243	1	52	0.0192308
NODE_301882_length_189_cov_192.211111	134	186	245	1	52	0.0192308
NODE_301885_length_189_cov_70.600000	19	88	14	13	69	0.1884058
NODE_301885_length_189_cov_70.600000	19	88	18	6	69	0.0869565
NODE_301885_length_189_cov_70.600000	19	88	22	6	69	0.0869565
NODE_301885_length_189_cov_70.600000	19	88	26	14	69	0.2028985
NODE_301885_length_189_cov_70.600000	19	88	29	5	69	0.0724638
NODE_301885_length_189_cov_70.600000	19	88	33	19	69	0.2753623
NODE_301885_length_189_cov_70.600000	19	88	34	6	69	0.0869565
NODE_301885_length_189_cov_70.600000	72	156	22	16	84	0.1904762
NODE_301885_length_189_cov_70.600000	72	156	26	5	84	0.0595238
NODE_301885_length_189_cov_70.600000	72	156	32	14	84	0.1666667
NODE_301885_length_189_cov_70.600000	72	156	33	10	84	0.1190476
NODE_301885_length_189_cov_70.600000	72	156	34	39	84	0.4642857
NODE_301886_length_189_cov_63.455556	70	150	203	2	80	0.0250000
NODE_301886_length_189_cov_63.455556	70	150	211	1	80	0.0125000
NODE_301886_length_189_cov_63.455556	70	150	218	1	80	0.0125000
NODE_301886_length_189_cov_63.455556	70	150	220	1	80	0.0125000
NODE_301886_length_189_cov_63.455556	70	150	226	2	80	0.0250000
NODE_301886_length_189_cov_63.455556	70	150	236	1	80	0.0125000
NODE_301886_length_189_cov_63.455556	70	150	248	2	80	0.0250000
NODE_301886_length_189_cov_63.455556	70	150	255	1	80	0.0125000
NODE_301886_length_189_cov_63.455556	70	150	257	4	80	0.0500000
NODE_301886_length_189_cov_63.455556	70	150	273	1	80	0.0125000
NODE_301886_length_189_cov_63.455556	70	150	276	1	80	0.0125000
NODE_301886_length_189_cov_63.455556	70	150	277	3	80	0.0375000
NODE_301886_length_189_cov_63.455556	70	150	279	1	80	0.0125000
NODE_301886_length_189_cov_63.455556	70	150	285	1	80	0.0125000
NODE_301886_length_189_cov_63.455556	70	150	287	4	80	0.0500000
NODE_301886_length_189_cov_63.455556	70	150	291	5	80	0.0625000
NODE_301886_length_189_cov_63.455556	70	150	295	1	80	0.0125000
NODE_301886_length_189_cov_63.455556	70	150	297	1	80	0.0125000
NODE_301886_length_189_cov_63.455556	70	150	303	1	80	0.0125000
NODE_301886_length_189_cov_63.455556	70	150	307	1	80	0.0125000
NODE_301886_length_189_cov_63.455556	70	150	308	2	80	0.0250000
NODE_301886_length_189_cov_63.455556	70	150	318	1	80	0.0125000
NODE_301886_length_189_cov_63.455556	70	150	325	1	80	0.0125000
NODE_301886_length_189_cov_63.455556	70	150	327	2	80	0.0250000
NODE_301886_length_189_cov_63.455556	70	150	328	1	80	0.0125000
NODE_301886_length_189_cov_63.455556	70	150	329	2	80	0.0250000
NODE_301886_length_189_cov_63.455556	70	150	333	4	80	0.0500000
NODE_301886_length_189_cov_63.455556	70	150	334	1	80	0.0125000
NODE_301886_length_189_cov_63.455556	70	150	337	2	80	0.0250000
NODE_301886_length_189_cov_63.455556	70	150	338	1	80	0.0125000
NODE_301886_length_189_cov_63.455556	70	150	340	1	80	0.0125000
NODE_301886_length_189_cov_63.455556	70	150	341	1	80	0.0125000
NODE_301886_length_189_cov_63.455556	70	150	343	1	80	0.0125000
NODE_301886_length_189_cov_63.455556	70	150	345	25	80	0.3125000
NODE_301886_length_189_cov_63.455556	70	141	248	1	71	0.0140845
NODE_301886_length_189_cov_63.455556	70	141	255	1	71	0.0140845
NODE_301886_length_189_cov_63.455556	70	141	257	4	71	0.0563380
NODE_301886_length_189_cov_63.455556	70	141	273	1	71	0.0140845
NODE_301886_length_189_cov_63.455556	70	141	276	1	71	0.0140845
NODE_301886_length_189_cov_63.455556	70	141	277	3	71	0.0422535
NODE_301886_length_189_cov_63.455556	70	141	279	1	71	0.0140845
NODE_301886_length_189_cov_63.455556	70	141	285	1	71	0.0140845
NODE_301886_length_189_cov_63.455556	70	141	287	4	71	0.0563380
NODE_301886_length_189_cov_63.455556	70	141	291	5	71	0.0704225
NODE_301886_length_189_cov_63.455556	70	141	295	1	71	0.0140845
NODE_301886_length_189_cov_63.455556	70	141	297	1	71	0.0140845
NODE_301886_length_189_cov_63.455556	70	141	303	1	71	0.0140845
NODE_301886_length_189_cov_63.455556	70	141	307	1	71	0.0140845
NODE_301886_length_189_cov_63.455556	70	141	308	2	71	0.0281690
NODE_301886_length_189_cov_63.455556	70	141	318	1	71	0.0140845
NODE_301886_length_189_cov_63.455556	70	141	325	1	71	0.0140845
NODE_301886_length_189_cov_63.455556	70	141	327	2	71	0.0281690
NODE_301886_length_189_cov_63.455556	70	141	328	1	71	0.0140845
NODE_301886_length_189_cov_63.455556	70	141	329	2	71	0.0281690
NODE_301886_length_189_cov_63.455556	70	141	333	4	71	0.0563380
NODE_301886_length_189_cov_63.455556	70	141	334	1	71	0.0140845
NODE_301886_length_189_cov_63.455556	70	141	337	2	71	0.0281690
NODE_301886_length_189_cov_63.455556	70	141	338	1	71	0.0140845
NODE_301886_length_189_cov_63.455556	70	141	340	1	71	0.0140845
NODE_301886_length_189_cov_63.455556	70	141	341	1	71	0.0140845
NODE_301886_length_189_cov_63.455556	70	141	343	1	71	0.0140845
NODE_301886_length_189_cov_63.455556	70	141	345	25	71	0.3521127
NODE_301891_length_189_cov_43.600000	0	73	15	2	73	0.0273973
NODE_301891_length_189_cov_43.600000	0	73	19	1	73	0.0136986
NODE_301891_length_189_cov_43.600000	0	73	21	1	73	0.0136986
NODE_301891_length_189_cov_43.600000	0	73	22	2	73	0.0273973
NODE_301891_length_189_cov_43.600000	0	73	24	1	73	0.0136986
NODE_301891_length_189_cov_43.600000	0	73	29	2	73	0.0273973
NODE_301891_length_189_cov_43.600000	0	73	31	2	73	0.0273973
NODE_301891_length_189_cov_43.600000	0	73	36	2	73	0.0273973
NODE_301891_length_189_cov_43.600000	0	73	39	1	73	0.0136986
NODE_301891_length_189_cov_43.600000	0	73	40	1	73	0.0136986
NODE_301891_length_189_cov_43.600000	0	73	43	1	73	0.0136986
NODE_301891_length_189_cov_43.600000	0	73	45	1	73	0.0136986
NODE_301891_length_189_cov_43.600000	0	73	51	1	73	0.0136986
NODE_301891_length_189_cov_43.600000	0	73	57	1	73	0.0136986
NODE_301891_length_189_cov_43.600000	0	73	59	3	73	0.0410959
NODE_301891_length_189_cov_43.600000	0	73	60	3	73	0.0410959
NODE_301891_length_189_cov_43.600000	0	73	62	1	73	0.0136986
NODE_301891_length_189_cov_43.600000	0	73	67	1	73	0.0136986
NODE_301891_length_189_cov_43.600000	0	73	69	1	73	0.0136986
NODE_301891_length_189_cov_43.600000	0	73	75	1	73	0.0136986
NODE_301891_length_189_cov_43.600000	0	73	81	1	73	0.0136986
NODE_301891_length_189_cov_43.600000	0	73	83	1	73	0.0136986
NODE_301891_length_189_cov_43.600000	0	73	87	9	73	0.1232877
NODE_301891_length_189_cov_43.600000	0	73	88	33	73	0.4520548
NODE_301940_length_188_cov_2021.561798	108	188	19	1	80	0.0125000
NODE_301940_length_188_cov_2021.561798	108	188	42	1	80	0.0125000
NODE_301940_length_188_cov_2021.561798	108	188	48	2	80	0.0250000
NODE_301940_length_188_cov_2021.561798	108	188	58	1	80	0.0125000
NODE_301940_length_188_cov_2021.561798	108	188	61	1	80	0.0125000
NODE_301940_length_188_cov_2021.561798	108	188	74	1	80	0.0125000
NODE_301940_length_188_cov_2021.561798	108	188	80	1	80	0.0125000
NODE_301940_length_188_cov_2021.561798	108	188	90	1	80	0.0125000
NODE_301940_length_188_cov_2021.561798	108	188	96	1	80	0.0125000
NODE_301940_length_188_cov_2021.561798	108	188	104	1	80	0.0125000
NODE_301940_length_188_cov_2021.561798	108	188	115	1	80	0.0125000
NODE_301940_length_188_cov_2021.561798	108	188	124	1	80	0.0125000
NODE_301940_length_188_cov_2021.561798	108	188	126	1	80	0.0125000
NODE_301940_length_188_cov_2021.561798	108	188	134	1	80	0.0125000
NODE_301940_length_188_cov_2021.561798	108	188	136	1	80	0.0125000
NODE_301940_length_188_cov_2021.561798	108	188	141	2	80	0.0250000
NODE_301940_length_188_cov_2021.561798	108	188	145	5	80	0.0625000
NODE_301940_length_188_cov_2021.561798	108	188	151	1	80	0.0125000
NODE_301940_length_188_cov_2021.561798	108	188	156	2	80	0.0250000
NODE_301940_length_188_cov_2021.561798	108	188	158	1	80	0.0125000
NODE_301940_length_188_cov_2021.561798	108	188	178	1	80	0.0125000
NODE_301940_length_188_cov_2021.561798	108	188	184	1	80	0.0125000
NODE_301940_length_188_cov_2021.561798	108	188	185	3	80	0.0375000
NODE_301940_length_188_cov_2021.561798	108	188	186	1	80	0.0125000
NODE_301940_length_188_cov_2021.561798	108	188	196	1	80	0.0125000
NODE_301940_length_188_cov_2021.561798	108	188	202	1	80	0.0125000
NODE_301940_length_188_cov_2021.561798	108	188	204	2	80	0.0250000
NODE_301940_length_188_cov_2021.561798	108	188	206	2	80	0.0250000
NODE_301940_length_188_cov_2021.561798	108	188	209	2	80	0.0250000
NODE_301940_length_188_cov_2021.561798	108	188	213	1	80	0.0125000
NODE_301940_length_188_cov_2021.561798	108	188	214	4	80	0.0500000
NODE_301940_length_188_cov_2021.561798	108	188	216	2	80	0.0250000
NODE_301940_length_188_cov_2021.561798	108	188	217	1	80	0.0125000
NODE_301940_length_188_cov_2021.561798	108	188	220	2	80	0.0250000
NODE_301940_length_188_cov_2021.561798	108	188	221	2	80	0.0250000
NODE_301940_length_188_cov_2021.561798	108	188	222	4	80	0.0500000
NODE_301940_length_188_cov_2021.561798	108	188	224	1	80	0.0125000
NODE_301940_length_188_cov_2021.561798	108	188	228	22	80	0.2750000
NODE_301940_length_188_cov_2021.561798	161	183	61	1	22	0.0454545
NODE_301940_length_188_cov_2021.561798	161	183	74	1	22	0.0454545
NODE_301940_length_188_cov_2021.561798	161	183	80	1	22	0.0454545
NODE_301940_length_188_cov_2021.561798	161	183	90	1	22	0.0454545
NODE_301940_length_188_cov_2021.561798	161	183	96	1	22	0.0454545
NODE_301940_length_188_cov_2021.561798	161	183	104	1	22	0.0454545
NODE_301940_length_188_cov_2021.561798	161	183	115	1	22	0.0454545
NODE_301940_length_188_cov_2021.561798	161	183	124	1	22	0.0454545
NODE_301940_length_188_cov_2021.561798	161	183	126	1	22	0.0454545
NODE_301940_length_188_cov_2021.561798	161	183	134	1	22	0.0454545
NODE_301940_length_188_cov_2021.561798	161	183	136	1	22	0.0454545
NODE_301940_length_188_cov_2021.561798	161	183	141	2	22	0.0909091
NODE_301940_length_188_cov_2021.561798	161	183	145	5	22	0.2272727
NODE_301940_length_188_cov_2021.561798	161	183	151	1	22	0.0454545
NODE_301940_length_188_cov_2021.561798	161	183	156	2	22	0.0909091
NODE_301940_length_188_cov_2021.561798	161	183	158	1	22	0.0454545
NODE_301952_length_188_cov_37.988764	0	50	1	2	50	0.0400000
NODE_301952_length_188_cov_37.988764	0	50	2	48	50	0.9600000
NODE_301980_length_187_cov_71.170455	124	155	29	4	31	0.1290323
NODE_301980_length_187_cov_71.170455	124	155	30	1	31	0.0322581
NODE_301980_length_187_cov_71.170455	124	155	32	1	31	0.0322581
NODE_301980_length_187_cov_71.170455	124	155	34	8	31	0.2580645
NODE_301980_length_187_cov_71.170455	124	155	38	17	31	0.5483871
NODE_301981_length_187_cov_56.000000	72	136	180	1	64	0.0156250
NODE_301981_length_187_cov_56.000000	72	136	182	1	64	0.0156250
NODE_301981_length_187_cov_56.000000	72	136	185	1	64	0.0156250
NODE_301981_length_187_cov_56.000000	72	136	186	1	64	0.0156250
NODE_301981_length_187_cov_56.000000	72	136	188	1	64	0.0156250
NODE_301981_length_187_cov_56.000000	72	136	190	1	64	0.0156250
NODE_301981_length_187_cov_56.000000	72	136	201	1	64	0.0156250
NODE_301981_length_187_cov_56.000000	72	136	207	1	64	0.0156250
NODE_301981_length_187_cov_56.000000	72	136	211	2	64	0.0312500
NODE_301981_length_187_cov_56.000000	72	136	213	2	64	0.0312500
NODE_301981_length_187_cov_56.000000	72	136	219	1	64	0.0156250
NODE_301981_length_187_cov_56.000000	72	136	221	1	64	0.0156250
NODE_301981_length_187_cov_56.000000	72	136	223	2	64	0.0312500
NODE_301981_length_187_cov_56.000000	72	136	226	2	64	0.0312500
NODE_301981_length_187_cov_56.000000	72	136	230	1	64	0.0156250
NODE_301981_length_187_cov_56.000000	72	136	234	1	64	0.0156250
NODE_301981_length_187_cov_56.000000	72	136	242	1	64	0.0156250
NODE_301981_length_187_cov_56.000000	72	136	244	1	64	0.0156250
NODE_301981_length_187_cov_56.000000	72	136	246	7	64	0.1093750
NODE_301981_length_187_cov_56.000000	72	136	248	15	64	0.2343750
NODE_301981_length_187_cov_56.000000	72	136	250	20	64	0.3125000
NODE_301981_length_187_cov_56.000000	72	136	180	1	64	0.0156250
NODE_301981_length_187_cov_56.000000	72	136	182	1	64	0.0156250
NODE_301981_length_187_cov_56.000000	72	136	185	1	64	0.0156250
NODE_301981_length_187_cov_56.000000	72	136	186	1	64	0.0156250
NODE_301981_length_187_cov_56.000000	72	136	188	1	64	0.0156250
NODE_301981_length_187_cov_56.000000	72	136	190	1	64	0.0156250
NODE_301981_length_187_cov_56.000000	72	136	201	1	64	0.0156250
NODE_301981_length_187_cov_56.000000	72	136	207	1	64	0.0156250
NODE_301981_length_187_cov_56.000000	72	136	211	2	64	0.0312500
NODE_301981_length_187_cov_56.000000	72	136	213	2	64	0.0312500
NODE_301981_length_187_cov_56.000000	72	136	219	1	64	0.0156250
NODE_301981_length_187_cov_56.000000	72	136	221	1	64	0.0156250
NODE_301981_length_187_cov_56.000000	72	136	223	2	64	0.0312500
NODE_301981_length_187_cov_56.000000	72	136	226	2	64	0.0312500
NODE_301981_length_187_cov_56.000000	72	136	230	1	64	0.0156250
NODE_301981_length_187_cov_56.000000	72	136	234	1	64	0.0156250
NODE_301981_length_187_cov_56.000000	72	136	242	1	64	0.0156250
NODE_301981_length_187_cov_56.000000	72	136	244	1	64	0.0156250
NODE_301981_length_187_cov_56.000000	72	136	246	7	64	0.1093750
NODE_301981_length_187_cov_56.000000	72	136	248	15	64	0.2343750
NODE_301981_length_187_cov_56.000000	72	136	250	20	64	0.3125000
NODE_301981_length_187_cov_56.000000	109	175	45	1	66	0.0151515
NODE_301981_length_187_cov_56.000000	109	175	51	1	66	0.0151515
NODE_301981_length_187_cov_56.000000	109	175	52	1	66	0.0151515
NODE_301981_length_187_cov_56.000000	109	175	56	1	66	0.0151515
NODE_301981_length_187_cov_56.000000	109	175	67	1	66	0.0151515
NODE_301981_length_187_cov_56.000000	109	175	69	1	66	0.0151515
NODE_301981_length_187_cov_56.000000	109	175	80	1	66	0.0151515
NODE_301981_length_187_cov_56.000000	109	175	81	1	66	0.0151515
NODE_301981_length_187_cov_56.000000	109	175	86	1	66	0.0151515
NODE_301981_length_187_cov_56.000000	109	175	89	4	66	0.0606061
NODE_301981_length_187_cov_56.000000	109	175	91	1	66	0.0151515
NODE_301981_length_187_cov_56.000000	109	175	97	1	66	0.0151515
NODE_301981_length_187_cov_56.000000	109	175	98	2	66	0.0303030
NODE_301981_length_187_cov_56.000000	109	175	111	1	66	0.0151515
NODE_301981_length_187_cov_56.000000	109	175	117	3	66	0.0454545
NODE_301981_length_187_cov_56.000000	109	175	118	1	66	0.0151515
NODE_301981_length_187_cov_56.000000	109	175	121	1	66	0.0151515
NODE_301981_length_187_cov_56.000000	109	175	123	1	66	0.0151515
NODE_301981_length_187_cov_56.000000	109	175	125	1	66	0.0151515
NODE_301981_length_187_cov_56.000000	109	175	128	1	66	0.0151515
NODE_301981_length_187_cov_56.000000	109	175	130	1	66	0.0151515
NODE_301981_length_187_cov_56.000000	109	175	132	1	66	0.0151515
NODE_301981_length_187_cov_56.000000	109	175	136	1	66	0.0151515
NODE_301981_length_187_cov_56.000000	109	175	140	1	66	0.0151515
NODE_301981_length_187_cov_56.000000	109	175	147	1	66	0.0151515
NODE_301981_length_187_cov_56.000000	109	175	149	2	66	0.0303030
NODE_301981_length_187_cov_56.000000	109	175	154	2	66	0.0303030
NODE_301981_length_187_cov_56.000000	109	175	158	1	66	0.0151515
NODE_301981_length_187_cov_56.000000	109	175	163	2	66	0.0303030
NODE_301981_length_187_cov_56.000000	109	175	172	1	66	0.0151515
NODE_301981_length_187_cov_56.000000	109	175	180	1	66	0.0151515
NODE_301981_length_187_cov_56.000000	109	175	182	1	66	0.0151515
NODE_301981_length_187_cov_56.000000	109	175	185	1	66	0.0151515
NODE_301981_length_187_cov_56.000000	109	175	186	1	66	0.0151515
NODE_301981_length_187_cov_56.000000	109	175	188	1	66	0.0151515
NODE_301981_length_187_cov_56.000000	109	175	190	1	66	0.0151515
NODE_301981_length_187_cov_56.000000	109	175	201	1	66	0.0151515
NODE_301981_length_187_cov_56.000000	109	175	207	1	66	0.0151515
NODE_301981_length_187_cov_56.000000	109	175	211	2	66	0.0303030
NODE_301981_length_187_cov_56.000000	109	175	213	2	66	0.0303030
NODE_301981_length_187_cov_56.000000	109	175	219	1	66	0.0151515
NODE_301981_length_187_cov_56.000000	109	175	221	1	66	0.0151515
NODE_301981_length_187_cov_56.000000	109	175	223	2	66	0.0303030
NODE_301981_length_187_cov_56.000000	109	175	226	2	66	0.0303030
NODE_301981_length_187_cov_56.000000	109	175	230	1	66	0.0151515
NODE_301981_length_187_cov_56.000000	109	175	234	1	66	0.0151515
NODE_301981_length_187_cov_56.000000	109	175	242	1	66	0.0151515
NODE_301981_length_187_cov_56.000000	109	175	244	1	66	0.0151515
NODE_301981_length_187_cov_56.000000	109	175	246	2	66	0.0303030
NODE_301981_length_187_cov_56.000000	109	175	248	3	66	0.0454545
NODE_301981_length_187_cov_56.000000	109	180	34	1	71	0.0140845
NODE_301981_length_187_cov_56.000000	109	180	37	2	71	0.0281690
NODE_301981_length_187_cov_56.000000	109	180	39	1	71	0.0140845
NODE_301981_length_187_cov_56.000000	109	180	45	2	71	0.0281690
NODE_301981_length_187_cov_56.000000	109	180	51	1	71	0.0140845
NODE_301981_length_187_cov_56.000000	109	180	52	1	71	0.0140845
NODE_301981_length_187_cov_56.000000	109	180	56	1	71	0.0140845
NODE_301981_length_187_cov_56.000000	109	180	67	1	71	0.0140845
NODE_301981_length_187_cov_56.000000	109	180	69	1	71	0.0140845
NODE_301981_length_187_cov_56.000000	109	180	80	1	71	0.0140845
NODE_301981_length_187_cov_56.000000	109	180	81	1	71	0.0140845
NODE_301981_length_187_cov_56.000000	109	180	86	1	71	0.0140845
NODE_301981_length_187_cov_56.000000	109	180	89	4	71	0.0563380
NODE_301981_length_187_cov_56.000000	109	180	91	1	71	0.0140845
NODE_301981_length_187_cov_56.000000	109	180	97	1	71	0.0140845
NODE_301981_length_187_cov_56.000000	109	180	98	2	71	0.0281690
NODE_301981_length_187_cov_56.000000	109	180	111	1	71	0.0140845
NODE_301981_length_187_cov_56.000000	109	180	117	3	71	0.0422535
NODE_301981_length_187_cov_56.000000	109	180	118	1	71	0.0140845
NODE_301981_length_187_cov_56.000000	109	180	121	1	71	0.0140845
NODE_301981_length_187_cov_56.000000	109	180	123	1	71	0.0140845
NODE_301981_length_187_cov_56.000000	109	180	125	1	71	0.0140845
NODE_301981_length_187_cov_56.000000	109	180	128	1	71	0.0140845
NODE_301981_length_187_cov_56.000000	109	180	130	1	71	0.0140845
NODE_301981_length_187_cov_56.000000	109	180	132	1	71	0.0140845
NODE_301981_length_187_cov_56.000000	109	180	136	1	71	0.0140845
NODE_301981_length_187_cov_56.000000	109	180	140	1	71	0.0140845
NODE_301981_length_187_cov_56.000000	109	180	147	1	71	0.0140845
NODE_301981_length_187_cov_56.000000	109	180	149	2	71	0.0281690
NODE_301981_length_187_cov_56.000000	109	180	154	2	71	0.0281690
NODE_301981_length_187_cov_56.000000	109	180	158	1	71	0.0140845
NODE_301981_length_187_cov_56.000000	109	180	163	2	71	0.0281690
NODE_301981_length_187_cov_56.000000	109	180	172	1	71	0.0140845
NODE_301981_length_187_cov_56.000000	109	180	180	1	71	0.0140845
NODE_301981_length_187_cov_56.000000	109	180	182	1	71	0.0140845
NODE_301981_length_187_cov_56.000000	109	180	185	1	71	0.0140845
NODE_301981_length_187_cov_56.000000	109	180	186	1	71	0.0140845
NODE_301981_length_187_cov_56.000000	109	180	188	1	71	0.0140845
NODE_301981_length_187_cov_56.000000	109	180	190	1	71	0.0140845
NODE_301981_length_187_cov_56.000000	109	180	201	1	71	0.0140845
NODE_301981_length_187_cov_56.000000	109	180	207	1	71	0.0140845
NODE_301981_length_187_cov_56.000000	109	180	211	2	71	0.0281690
NODE_301981_length_187_cov_56.000000	109	180	213	2	71	0.0281690
NODE_301981_length_187_cov_56.000000	109	180	219	1	71	0.0140845
NODE_301981_length_187_cov_56.000000	109	180	221	1	71	0.0140845
NODE_301981_length_187_cov_56.000000	109	180	223	2	71	0.0281690
NODE_301981_length_187_cov_56.000000	109	180	226	2	71	0.0281690
NODE_301981_length_187_cov_56.000000	109	180	230	1	71	0.0140845
NODE_301981_length_187_cov_56.000000	109	180	234	1	71	0.0140845
NODE_301981_length_187_cov_56.000000	109	180	242	1	71	0.0140845
NODE_301981_length_187_cov_56.000000	109	180	244	1	71	0.0140845
NODE_301981_length_187_cov_56.000000	109	180	246	2	71	0.0281690
NODE_301981_length_187_cov_56.000000	109	180	248	3	71	0.0422535
NODE_301986_length_187_cov_37.397727	4	57	16	2	53	0.0377358
NODE_301986_length_187_cov_37.397727	4	57	17	1	53	0.0188679
NODE_301986_length_187_cov_37.397727	4	57	19	6	53	0.1132075
NODE_301986_length_187_cov_37.397727	4	57	21	2	53	0.0377358
NODE_301986_length_187_cov_37.397727	4	57	24	2	53	0.0377358
NODE_301986_length_187_cov_37.397727	4	57	25	1	53	0.0188679
NODE_301986_length_187_cov_37.397727	4	57	27	4	53	0.0754717
NODE_301986_length_187_cov_37.397727	4	57	32	1	53	0.0188679
NODE_301986_length_187_cov_37.397727	4	57	36	2	53	0.0377358
NODE_301986_length_187_cov_37.397727	4	57	38	3	53	0.0566038
NODE_301986_length_187_cov_37.397727	4	57	50	1	53	0.0188679
NODE_301986_length_187_cov_37.397727	4	57	52	1	53	0.0188679
NODE_301986_length_187_cov_37.397727	4	57	56	1	53	0.0188679
NODE_301986_length_187_cov_37.397727	4	57	64	3	53	0.0566038
NODE_301986_length_187_cov_37.397727	4	57	69	2	53	0.0377358
NODE_301986_length_187_cov_37.397727	4	57	70	2	53	0.0377358
NODE_301986_length_187_cov_37.397727	4	57	71	1	53	0.0188679
NODE_301986_length_187_cov_37.397727	4	57	80	1	53	0.0188679
NODE_301986_length_187_cov_37.397727	4	57	82	1	53	0.0188679
NODE_301986_length_187_cov_37.397727	4	57	83	1	53	0.0188679
NODE_301986_length_187_cov_37.397727	4	57	86	4	53	0.0754717
NODE_301986_length_187_cov_37.397727	4	57	103	5	53	0.0943396
NODE_301986_length_187_cov_37.397727	4	57	108	4	53	0.0754717
NODE_301986_length_187_cov_37.397727	4	57	110	1	53	0.0188679
NODE_301986_length_187_cov_37.397727	4	57	113	1	53	0.0188679
NODE_301986_length_187_cov_37.397727	12	78	19	1	66	0.0151515
NODE_301986_length_187_cov_37.397727	12	78	21	2	66	0.0303030
NODE_301986_length_187_cov_37.397727	12	78	24	2	66	0.0303030
NODE_301986_length_187_cov_37.397727	12	78	25	1	66	0.0151515
NODE_301986_length_187_cov_37.397727	12	78	27	4	66	0.0606061
NODE_301986_length_187_cov_37.397727	12	78	32	1	66	0.0151515
NODE_301986_length_187_cov_37.397727	12	78	36	2	66	0.0303030
NODE_301986_length_187_cov_37.397727	12	78	38	3	66	0.0454545
NODE_301986_length_187_cov_37.397727	12	78	50	1	66	0.0151515
NODE_301986_length_187_cov_37.397727	12	78	52	1	66	0.0151515
NODE_301986_length_187_cov_37.397727	12	78	56	1	66	0.0151515
NODE_301986_length_187_cov_37.397727	12	78	64	3	66	0.0454545
NODE_301986_length_187_cov_37.397727	12	78	69	2	66	0.0303030
NODE_301986_length_187_cov_37.397727	12	78	70	2	66	0.0303030
NODE_301986_length_187_cov_37.397727	12	78	71	1	66	0.0151515
NODE_301986_length_187_cov_37.397727	12	78	80	1	66	0.0151515
NODE_301986_length_187_cov_37.397727	12	78	82	1	66	0.0151515
NODE_301986_length_187_cov_37.397727	12	78	83	1	66	0.0151515
NODE_301986_length_187_cov_37.397727	12	78	86	4	66	0.0606061
NODE_301986_length_187_cov_37.397727	12	78	103	5	66	0.0757576
NODE_301986_length_187_cov_37.397727	12	78	108	4	66	0.0606061
NODE_301986_length_187_cov_37.397727	12	78	110	1	66	0.0151515
NODE_301986_length_187_cov_37.397727	12	78	113	1	66	0.0151515
NODE_301986_length_187_cov_37.397727	12	78	121	1	66	0.0151515
NODE_301986_length_187_cov_37.397727	12	78	124	1	66	0.0151515
NODE_301986_length_187_cov_37.397727	12	78	134	2	66	0.0303030
NODE_301986_length_187_cov_37.397727	12	78	136	2	66	0.0303030
NODE_301986_length_187_cov_37.397727	12	78	138	4	66	0.0606061
NODE_301986_length_187_cov_37.397727	12	78	140	1	66	0.0151515
NODE_301986_length_187_cov_37.397727	12	78	146	3	66	0.0454545
NODE_301986_length_187_cov_37.397727	12	78	148	1	66	0.0151515
NODE_301986_length_187_cov_37.397727	12	78	149	4	66	0.0606061
NODE_301986_length_187_cov_37.397727	12	78	150	2	66	0.0303030
NODE_301986_length_187_cov_37.397727	51	112	108	4	61	0.0655738
NODE_301986_length_187_cov_37.397727	51	112	110	1	61	0.0163934
NODE_301986_length_187_cov_37.397727	51	112	113	1	61	0.0163934
NODE_301986_length_187_cov_37.397727	51	112	121	1	61	0.0163934
NODE_301986_length_187_cov_37.397727	51	112	124	1	61	0.0163934
NODE_301986_length_187_cov_37.397727	51	112	134	2	61	0.0327869
NODE_301986_length_187_cov_37.397727	51	112	136	2	61	0.0327869
NODE_301986_length_187_cov_37.397727	51	112	138	4	61	0.0655738
NODE_301986_length_187_cov_37.397727	51	112	140	1	61	0.0163934
NODE_301986_length_187_cov_37.397727	51	112	143	1	61	0.0163934
NODE_301986_length_187_cov_37.397727	51	112	145	3	61	0.0491803
NODE_301986_length_187_cov_37.397727	51	112	146	3	61	0.0491803
NODE_301986_length_187_cov_37.397727	51	112	147	1	61	0.0163934
NODE_301986_length_187_cov_37.397727	51	112	148	1	61	0.0163934
NODE_301986_length_187_cov_37.397727	51	112	149	33	61	0.5409836
NODE_301986_length_187_cov_37.397727	51	112	150	2	61	0.0327869
NODE_301986_length_187_cov_37.397727	51	114	108	4	63	0.0634921
NODE_301986_length_187_cov_37.397727	51	114	110	1	63	0.0158730
NODE_301986_length_187_cov_37.397727	51	114	113	1	63	0.0158730
NODE_301986_length_187_cov_37.397727	51	114	121	1	63	0.0158730
NODE_301986_length_187_cov_37.397727	51	114	124	1	63	0.0158730
NODE_301986_length_187_cov_37.397727	51	114	134	2	63	0.0317460
NODE_301986_length_187_cov_37.397727	51	114	136	2	63	0.0317460
NODE_301986_length_187_cov_37.397727	51	114	138	4	63	0.0634921
NODE_301986_length_187_cov_37.397727	51	114	140	1	63	0.0158730
NODE_301986_length_187_cov_37.397727	51	114	141	2	63	0.0317460
NODE_301986_length_187_cov_37.397727	51	114	143	1	63	0.0158730
NODE_301986_length_187_cov_37.397727	51	114	145	3	63	0.0476190
NODE_301986_length_187_cov_37.397727	51	114	146	3	63	0.0476190
NODE_301986_length_187_cov_37.397727	51	114	147	1	63	0.0158730
NODE_301986_length_187_cov_37.397727	51	114	148	1	63	0.0158730
NODE_301986_length_187_cov_37.397727	51	114	149	33	63	0.5238096
NODE_301986_length_187_cov_37.397727	51	114	150	2	63	0.0317460
NODE_302020_length_186_cov_309.620690	20	104	25	4	84	0.0476190
NODE_302020_length_186_cov_309.620690	20	104	34	13	84	0.1547619
NODE_302020_length_186_cov_309.620690	20	104	38	9	84	0.1071429
NODE_302020_length_186_cov_309.620690	20	104	40	4	84	0.0476190
NODE_302020_length_186_cov_309.620690	20	104	44	1	84	0.0119048
NODE_302020_length_186_cov_309.620690	20	104	46	14	84	0.1666667
NODE_302020_length_186_cov_309.620690	20	104	47	39	84	0.4642857
NODE_302021_length_186_cov_295.505747	57	115	69	1	58	0.0172414
NODE_302021_length_186_cov_295.505747	57	115	71	2	58	0.0344828
NODE_302021_length_186_cov_295.505747	57	115	73	3	58	0.0517241
NODE_302021_length_186_cov_295.505747	57	115	77	3	58	0.0517241
NODE_302021_length_186_cov_295.505747	57	115	79	4	58	0.0689655
NODE_302021_length_186_cov_295.505747	57	115	81	2	58	0.0344828
NODE_302021_length_186_cov_295.505747	57	115	83	1	58	0.0172414
NODE_302021_length_186_cov_295.505747	57	115	84	1	58	0.0172414
NODE_302021_length_186_cov_295.505747	57	115	85	18	58	0.3103448
NODE_302021_length_186_cov_295.505747	57	115	86	23	58	0.3965517
NODE_302021_length_186_cov_295.505747	101	168	35	2	67	0.0298507
NODE_302021_length_186_cov_295.505747	101	168	41	5	67	0.0746269
NODE_302021_length_186_cov_295.505747	101	168	43	1	67	0.0149254
NODE_302021_length_186_cov_295.505747	101	168	45	5	67	0.0746269
NODE_302021_length_186_cov_295.505747	101	168	46	1	67	0.0149254
NODE_302021_length_186_cov_295.505747	101	168	49	2	67	0.0298507
NODE_302021_length_186_cov_295.505747	101	168	50	5	67	0.0746269
NODE_302021_length_186_cov_295.505747	101	168	52	2	67	0.0298507
NODE_302021_length_186_cov_295.505747	101	168	54	1	67	0.0149254
NODE_302021_length_186_cov_295.505747	101	168	56	1	67	0.0149254
NODE_302021_length_186_cov_295.505747	101	168	61	7	67	0.1044776
NODE_302021_length_186_cov_295.505747	101	168	63	1	67	0.0149254
NODE_302021_length_186_cov_295.505747	101	168	65	5	67	0.0746269
NODE_302021_length_186_cov_295.505747	101	168	71	1	67	0.0149254
NODE_302021_length_186_cov_295.505747	101	168	76	1	67	0.0149254
NODE_302021_length_186_cov_295.505747	101	168	77	11	67	0.1641791
NODE_302021_length_186_cov_295.505747	101	168	79	4	67	0.0597015
NODE_302021_length_186_cov_295.505747	101	168	83	1	67	0.0149254
NODE_302021_length_186_cov_295.505747	101	168	84	1	67	0.0149254
NODE_302021_length_186_cov_295.505747	101	168	86	10	67	0.1492537
NODE_302025_length_186_cov_61.344828	38	118	54	1	80	0.0125000
NODE_302025_length_186_cov_61.344828	38	118	60	1	80	0.0125000
NODE_302025_length_186_cov_61.344828	38	118	64	1	80	0.0125000
NODE_302025_length_186_cov_61.344828	38	118	66	1	80	0.0125000
NODE_302025_length_186_cov_61.344828	38	118	74	1	80	0.0125000
NODE_302025_length_186_cov_61.344828	38	118	77	1	80	0.0125000
NODE_302025_length_186_cov_61.344828	38	118	79	1	80	0.0125000
NODE_302025_length_186_cov_61.344828	38	118	81	3	80	0.0375000
NODE_302025_length_186_cov_61.344828	38	118	83	1	80	0.0125000
NODE_302025_length_186_cov_61.344828	38	118	91	2	80	0.0250000
NODE_302025_length_186_cov_61.344828	38	118	93	2	80	0.0250000
NODE_302025_length_186_cov_61.344828	38	118	95	16	80	0.2000000
NODE_302025_length_186_cov_61.344828	38	118	97	1	80	0.0125000
NODE_302025_length_186_cov_61.344828	38	118	101	48	80	0.6000000
NODE_302025_length_186_cov_61.344828	91	171	36	5	80	0.0625000
NODE_302025_length_186_cov_61.344828	91	171	38	3	80	0.0375000
NODE_302025_length_186_cov_61.344828	91	171	49	1	80	0.0125000
NODE_302025_length_186_cov_61.344828	91	171	53	1	80	0.0125000
NODE_302025_length_186_cov_61.344828	91	171	59	1	80	0.0125000
NODE_302025_length_186_cov_61.344828	91	171	72	1	80	0.0125000
NODE_302025_length_186_cov_61.344828	91	171	74	3	80	0.0375000
NODE_302025_length_186_cov_61.344828	91	171	81	3	80	0.0375000
NODE_302025_length_186_cov_61.344828	91	171	82	8	80	0.1000000
NODE_302025_length_186_cov_61.344828	91	171	90	6	80	0.0750000
NODE_302025_length_186_cov_61.344828	91	171	94	8	80	0.1000000
NODE_302025_length_186_cov_61.344828	91	171	96	2	80	0.0250000
NODE_302025_length_186_cov_61.344828	91	171	99	5	80	0.0625000
NODE_302025_length_186_cov_61.344828	91	171	100	5	80	0.0625000
NODE_302025_length_186_cov_61.344828	91	171	101	28	80	0.3500000
NODE_302201_length_182_cov_127.759036	6	52	58	3	46	0.0652174
NODE_302201_length_182_cov_127.759036	6	52	65	1	46	0.0217391
NODE_302201_length_182_cov_127.759036	6	52	68	1	46	0.0217391
NODE_302201_length_182_cov_127.759036	6	52	69	1	46	0.0217391
NODE_302201_length_182_cov_127.759036	6	52	71	2	46	0.0434783
NODE_302201_length_182_cov_127.759036	6	52	77	3	46	0.0652174
NODE_302201_length_182_cov_127.759036	6	52	78	1	46	0.0217391
NODE_302201_length_182_cov_127.759036	6	52	80	2	46	0.0434783
NODE_302201_length_182_cov_127.759036	6	52	82	1	46	0.0217391
NODE_302201_length_182_cov_127.759036	6	52	85	1	46	0.0217391
NODE_302201_length_182_cov_127.759036	6	52	87	1	46	0.0217391
NODE_302201_length_182_cov_127.759036	6	52	92	1	46	0.0217391
NODE_302201_length_182_cov_127.759036	6	52	94	2	46	0.0434783
NODE_302201_length_182_cov_127.759036	6	52	98	3	46	0.0652174
NODE_302201_length_182_cov_127.759036	6	52	99	1	46	0.0217391
NODE_302201_length_182_cov_127.759036	6	52	101	1	46	0.0217391
NODE_302201_length_182_cov_127.759036	6	52	105	1	46	0.0217391
NODE_302201_length_182_cov_127.759036	6	52	113	3	46	0.0652174
NODE_302201_length_182_cov_127.759036	6	52	115	1	46	0.0217391
NODE_302201_length_182_cov_127.759036	6	52	118	1	46	0.0217391
NODE_302201_length_182_cov_127.759036	6	52	120	7	46	0.1521739
NODE_302201_length_182_cov_127.759036	6	52	124	1	46	0.0217391
NODE_302201_length_182_cov_127.759036	6	52	129	1	46	0.0217391
NODE_302201_length_182_cov_127.759036	6	52	131	3	46	0.0652174
NODE_302201_length_182_cov_127.759036	6	52	133	2	46	0.0434783
NODE_302201_length_182_cov_127.759036	6	52	134	1	46	0.0217391
NODE_302201_length_182_cov_127.759036	59	105	139	4	46	0.0869565
NODE_302201_length_182_cov_127.759036	59	105	140	1	46	0.0217391
NODE_302201_length_182_cov_127.759036	59	105	141	24	46	0.5217391
NODE_302201_length_182_cov_127.759036	59	105	142	17	46	0.3695652
NODE_302214_length_182_cov_29.421687	5	35	0	2	30	0.0666667
NODE_302214_length_182_cov_29.421687	5	35	2	3	30	0.1000000
NODE_302214_length_182_cov_29.421687	5	35	4	1	30	0.0333333
NODE_302214_length_182_cov_29.421687	5	35	10	11	30	0.3666667
NODE_302214_length_182_cov_29.421687	5	35	12	13	30	0.4333333
NODE_302214_length_182_cov_29.421687	8	88	2	2	80	0.0250000
NODE_302214_length_182_cov_29.421687	8	88	4	1	80	0.0125000
NODE_302214_length_182_cov_29.421687	8	88	10	11	80	0.1375000
NODE_302214_length_182_cov_29.421687	8	88	12	66	80	0.8250000
NODE_302236_length_181_cov_141.195122	1	60	0	14	59	0.2372881
NODE_302236_length_181_cov_141.195122	1	60	2	3	59	0.0508475
NODE_302236_length_181_cov_141.195122	1	60	6	6	59	0.1016949
NODE_302236_length_181_cov_141.195122	1	60	8	2	59	0.0338983
NODE_302236_length_181_cov_141.195122	1	60	10	11	59	0.1864407
NODE_302236_length_181_cov_141.195122	1	60	12	5	59	0.0847458
NODE_302236_length_181_cov_141.195122	1	60	14	15	59	0.2542373
NODE_302236_length_181_cov_141.195122	1	60	16	3	59	0.0508475
NODE_302236_length_181_cov_141.195122	34	60	10	3	26	0.1153846
NODE_302236_length_181_cov_141.195122	34	60	12	5	26	0.1923077
NODE_302236_length_181_cov_141.195122	34	60	14	15	26	0.5769231
NODE_302236_length_181_cov_141.195122	34	60	16	3	26	0.1153846
NODE_302236_length_181_cov_141.195122	114	145	16	1	31	0.0322581
NODE_302236_length_181_cov_141.195122	114	145	18	5	31	0.1612903
NODE_302236_length_181_cov_141.195122	114	145	22	25	31	0.8064516
NODE_302285_length_180_cov_102.567901	6	75	60	1	69	0.0144928
NODE_302285_length_180_cov_102.567901	6	75	66	1	69	0.0144928
NODE_302285_length_180_cov_102.567901	6	75	75	1	69	0.0144928
NODE_302285_length_180_cov_102.567901	6	75	80	1	69	0.0144928
NODE_302285_length_180_cov_102.567901	6	75	84	2	69	0.0289855
NODE_302285_length_180_cov_102.567901	6	75	86	1	69	0.0144928
NODE_302285_length_180_cov_102.567901	6	75	92	1	69	0.0144928
NODE_302285_length_180_cov_102.567901	6	75	94	1	69	0.0144928
NODE_302285_length_180_cov_102.567901	6	75	112	1	69	0.0144928
NODE_302285_length_180_cov_102.567901	6	75	114	1	69	0.0144928
NODE_302285_length_180_cov_102.567901	6	75	119	1	69	0.0144928
NODE_302285_length_180_cov_102.567901	6	75	121	1	69	0.0144928
NODE_302285_length_180_cov_102.567901	6	75	126	1	69	0.0144928
NODE_302285_length_180_cov_102.567901	6	75	127	1	69	0.0144928
NODE_302285_length_180_cov_102.567901	6	75	139	3	69	0.0434783
NODE_302285_length_180_cov_102.567901	6	75	142	1	69	0.0144928
NODE_302285_length_180_cov_102.567901	6	75	146	1	69	0.0144928
NODE_302285_length_180_cov_102.567901	6	75	150	1	69	0.0144928
NODE_302285_length_180_cov_102.567901	6	75	155	1	69	0.0144928
NODE_302285_length_180_cov_102.567901	6	75	165	1	69	0.0144928
NODE_302285_length_180_cov_102.567901	6	75	174	1	69	0.0144928
NODE_302285_length_180_cov_102.567901	6	75	176	1	69	0.0144928
NODE_302285_length_180_cov_102.567901	6	75	181	1	69	0.0144928
NODE_302285_length_180_cov_102.567901	6	75	185	1	69	0.0144928
NODE_302285_length_180_cov_102.567901	6	75	189	1	69	0.0144928
NODE_302285_length_180_cov_102.567901	6	75	191	1	69	0.0144928
NODE_302285_length_180_cov_102.567901	6	75	193	1	69	0.0144928
NODE_302285_length_180_cov_102.567901	6	75	205	1	69	0.0144928
NODE_302285_length_180_cov_102.567901	6	75	207	1	69	0.0144928
NODE_302285_length_180_cov_102.567901	6	75	211	1	69	0.0144928
NODE_302285_length_180_cov_102.567901	6	75	221	1	69	0.0144928
NODE_302285_length_180_cov_102.567901	6	75	226	1	69	0.0144928
NODE_302285_length_180_cov_102.567901	6	75	236	1	69	0.0144928
NODE_302285_length_180_cov_102.567901	6	75	242	1	69	0.0144928
NODE_302285_length_180_cov_102.567901	6	75	248	1	69	0.0144928
NODE_302285_length_180_cov_102.567901	6	75	255	1	69	0.0144928
NODE_302285_length_180_cov_102.567901	6	75	267	1	69	0.0144928
NODE_302285_length_180_cov_102.567901	6	75	271	1	69	0.0144928
NODE_302285_length_180_cov_102.567901	6	75	288	1	69	0.0144928
NODE_302285_length_180_cov_102.567901	6	75	291	1	69	0.0144928
NODE_302285_length_180_cov_102.567901	6	75	296	1	69	0.0144928
NODE_302285_length_180_cov_102.567901	6	75	300	1	69	0.0144928
NODE_302285_length_180_cov_102.567901	6	75	302	1	69	0.0144928
NODE_302285_length_180_cov_102.567901	6	75	304	2	69	0.0289855
NODE_302285_length_180_cov_102.567901	6	75	312	2	69	0.0289855
NODE_302285_length_180_cov_102.567901	6	75	316	2	69	0.0289855
NODE_302285_length_180_cov_102.567901	6	75	327	1	69	0.0144928
NODE_302285_length_180_cov_102.567901	6	75	328	1	69	0.0144928
NODE_302285_length_180_cov_102.567901	6	75	330	2	69	0.0289855
NODE_302285_length_180_cov_102.567901	6	75	332	1	69	0.0144928
NODE_302285_length_180_cov_102.567901	6	75	334	1	69	0.0144928
NODE_302285_length_180_cov_102.567901	6	75	336	1	69	0.0144928
NODE_302285_length_180_cov_102.567901	6	75	340	1	69	0.0144928
NODE_302285_length_180_cov_102.567901	6	75	341	3	69	0.0434783
NODE_302285_length_180_cov_102.567901	6	75	342	2	69	0.0289855
NODE_302285_length_180_cov_102.567901	6	75	345	4	69	0.0579710
NODE_302363_length_178_cov_93.620253	81	112	10	31	31	1.0000000
NODE_302365_length_178_cov_62.696203	0	78	4	1	78	0.0128205
NODE_302365_length_178_cov_62.696203	0	78	9	3	78	0.0384615
NODE_302365_length_178_cov_62.696203	0	78	14	3	78	0.0384615
NODE_302365_length_178_cov_62.696203	0	78	16	1	78	0.0128205
NODE_302365_length_178_cov_62.696203	0	78	17	2	78	0.0256410
NODE_302365_length_178_cov_62.696203	0	78	23	13	78	0.1666667
NODE_302365_length_178_cov_62.696203	0	78	25	4	78	0.0512821
NODE_302365_length_178_cov_62.696203	0	78	29	2	78	0.0256410
NODE_302365_length_178_cov_62.696203	0	78	30	1	78	0.0128205
NODE_302365_length_178_cov_62.696203	0	78	32	11	78	0.1410256
NODE_302365_length_178_cov_62.696203	0	78	34	1	78	0.0128205
NODE_302365_length_178_cov_62.696203	0	78	36	4	78	0.0512821
NODE_302365_length_178_cov_62.696203	0	78	38	2	78	0.0256410
NODE_302365_length_178_cov_62.696203	0	78	40	15	78	0.1923077
NODE_302365_length_178_cov_62.696203	0	78	42	1	78	0.0128205
NODE_302365_length_178_cov_62.696203	0	78	44	14	78	0.1794872
NODE_302365_length_178_cov_62.696203	51	131	32	2	80	0.0250000
NODE_302365_length_178_cov_62.696203	51	131	34	4	80	0.0500000
NODE_302365_length_178_cov_62.696203	51	131	36	2	80	0.0250000
NODE_302365_length_178_cov_62.696203	51	131	40	15	80	0.1875000
NODE_302365_length_178_cov_62.696203	51	131	42	5	80	0.0625000
NODE_302365_length_178_cov_62.696203	51	131	44	52	80	0.6500000
NODE_302477_length_175_cov_116.684211	42	122	2	7	80	0.0875000
NODE_302477_length_175_cov_116.684211	42	122	4	73	80	0.9125000
NODE_302477_length_175_cov_116.684211	95	175	0	31	80	0.3875000
NODE_302477_length_175_cov_116.684211	95	175	2	6	80	0.0750000
NODE_302477_length_175_cov_116.684211	95	175	4	43	80	0.5375000
NODE_302482_length_175_cov_61.000000	81	121	167	2	40	0.0500000
NODE_302482_length_175_cov_61.000000	81	121	173	1	40	0.0250000
NODE_302482_length_175_cov_61.000000	81	121	177	4	40	0.1000000
NODE_302482_length_175_cov_61.000000	81	121	179	8	40	0.2000000
NODE_302482_length_175_cov_61.000000	81	121	181	2	40	0.0500000
NODE_302482_length_175_cov_61.000000	81	121	182	23	40	0.5750000
NODE_302538_length_174_cov_173.893333	53	93	162	2	40	0.0500000
NODE_302538_length_174_cov_173.893333	53	93	172	1	40	0.0250000
NODE_302538_length_174_cov_173.893333	53	93	178	5	40	0.1250000
NODE_302538_length_174_cov_173.893333	53	93	180	2	40	0.0500000
NODE_302538_length_174_cov_173.893333	53	93	182	5	40	0.1250000
NODE_302538_length_174_cov_173.893333	53	93	184	1	40	0.0250000
NODE_302538_length_174_cov_173.893333	53	93	186	24	40	0.6000000
NODE_302543_length_174_cov_50.346667	91	161	8	10	70	0.1428571
NODE_302543_length_174_cov_50.346667	91	161	9	1	70	0.0142857
NODE_302543_length_174_cov_50.346667	91	161	14	3	70	0.0428571
NODE_302543_length_174_cov_50.346667	91	161	16	1	70	0.0142857
NODE_302543_length_174_cov_50.346667	91	161	17	1	70	0.0142857
NODE_302543_length_174_cov_50.346667	91	161	19	1	70	0.0142857
NODE_302543_length_174_cov_50.346667	91	161	21	1	70	0.0142857
NODE_302543_length_174_cov_50.346667	91	161	22	1	70	0.0142857
NODE_302543_length_174_cov_50.346667	91	161	24	4	70	0.0571429
NODE_302543_length_174_cov_50.346667	91	161	26	4	70	0.0571429
NODE_302543_length_174_cov_50.346667	91	161	28	1	70	0.0142857
NODE_302543_length_174_cov_50.346667	91	161	29	1	70	0.0142857
NODE_302543_length_174_cov_50.346667	91	161	31	7	70	0.1000000
NODE_302543_length_174_cov_50.346667	91	161	32	8	70	0.1142857
NODE_302543_length_174_cov_50.346667	91	161	34	3	70	0.0428571
NODE_302543_length_174_cov_50.346667	91	161	36	1	70	0.0142857
NODE_302543_length_174_cov_50.346667	91	161	38	1	70	0.0142857
NODE_302543_length_174_cov_50.346667	91	161	42	1	70	0.0142857
NODE_302543_length_174_cov_50.346667	91	161	44	3	70	0.0428571
NODE_302543_length_174_cov_50.346667	91	161	46	2	70	0.0285714
NODE_302543_length_174_cov_50.346667	91	161	47	2	70	0.0285714
NODE_302543_length_174_cov_50.346667	91	161	48	13	70	0.1857143
NODE_302590_length_173_cov_184.351351	62	126	351	1	64	0.0156250
NODE_302590_length_173_cov_184.351351	62	126	354	1	64	0.0156250
NODE_302590_length_173_cov_184.351351	62	126	356	2	64	0.0312500
NODE_302590_length_173_cov_184.351351	62	126	361	1	64	0.0156250
NODE_302590_length_173_cov_184.351351	62	126	367	1	64	0.0156250
NODE_302590_length_173_cov_184.351351	62	126	375	1	64	0.0156250
NODE_302590_length_173_cov_184.351351	62	126	377	1	64	0.0156250
NODE_302590_length_173_cov_184.351351	62	126	383	2	64	0.0312500
NODE_302590_length_173_cov_184.351351	62	126	391	2	64	0.0312500
NODE_302590_length_173_cov_184.351351	62	126	395	2	64	0.0312500
NODE_302590_length_173_cov_184.351351	62	126	398	1	64	0.0156250
NODE_302590_length_173_cov_184.351351	62	126	402	2	64	0.0312500
NODE_302590_length_173_cov_184.351351	62	126	408	2	64	0.0312500
NODE_302590_length_173_cov_184.351351	62	126	412	1	64	0.0156250
NODE_302590_length_173_cov_184.351351	62	126	416	5	64	0.0781250
NODE_302590_length_173_cov_184.351351	62	126	418	16	64	0.2500000
NODE_302590_length_173_cov_184.351351	62	126	419	23	64	0.3593750
NODE_302590_length_173_cov_184.351351	62	126	351	1	64	0.0156250
NODE_302590_length_173_cov_184.351351	62	126	354	1	64	0.0156250
NODE_302590_length_173_cov_184.351351	62	126	356	2	64	0.0312500
NODE_302590_length_173_cov_184.351351	62	126	361	1	64	0.0156250
NODE_302590_length_173_cov_184.351351	62	126	367	1	64	0.0156250
NODE_302590_length_173_cov_184.351351	62	126	375	1	64	0.0156250
NODE_302590_length_173_cov_184.351351	62	126	377	1	64	0.0156250
NODE_302590_length_173_cov_184.351351	62	126	383	2	64	0.0312500
NODE_302590_length_173_cov_184.351351	62	126	391	2	64	0.0312500
NODE_302590_length_173_cov_184.351351	62	126	395	2	64	0.0312500
NODE_302590_length_173_cov_184.351351	62	126	398	1	64	0.0156250
NODE_302590_length_173_cov_184.351351	62	126	402	2	64	0.0312500
NODE_302590_length_173_cov_184.351351	62	126	408	2	64	0.0312500
NODE_302590_length_173_cov_184.351351	62	126	412	1	64	0.0156250
NODE_302590_length_173_cov_184.351351	62	126	416	5	64	0.0781250
NODE_302590_length_173_cov_184.351351	62	126	418	16	64	0.2500000
NODE_302590_length_173_cov_184.351351	62	126	419	23	64	0.3593750
NODE_302590_length_173_cov_184.351351	62	126	351	1	64	0.0156250
NODE_302590_length_173_cov_184.351351	62	126	354	1	64	0.0156250
NODE_302590_length_173_cov_184.351351	62	126	356	2	64	0.0312500
NODE_302590_length_173_cov_184.351351	62	126	361	1	64	0.0156250
NODE_302590_length_173_cov_184.351351	62	126	367	1	64	0.0156250
NODE_302590_length_173_cov_184.351351	62	126	375	1	64	0.0156250
NODE_302590_length_173_cov_184.351351	62	126	377	1	64	0.0156250
NODE_302590_length_173_cov_184.351351	62	126	383	2	64	0.0312500
NODE_302590_length_173_cov_184.351351	62	126	391	2	64	0.0312500
NODE_302590_length_173_cov_184.351351	62	126	395	2	64	0.0312500
NODE_302590_length_173_cov_184.351351	62	126	398	1	64	0.0156250
NODE_302590_length_173_cov_184.351351	62	126	402	2	64	0.0312500
NODE_302590_length_173_cov_184.351351	62	126	408	2	64	0.0312500
NODE_302590_length_173_cov_184.351351	62	126	412	1	64	0.0156250
NODE_302590_length_173_cov_184.351351	62	126	416	5	64	0.0781250
NODE_302590_length_173_cov_184.351351	62	126	418	16	64	0.2500000
NODE_302590_length_173_cov_184.351351	62	126	419	23	64	0.3593750
NODE_302590_length_173_cov_184.351351	62	126	351	1	64	0.0156250
NODE_302590_length_173_cov_184.351351	62	126	354	1	64	0.0156250
NODE_302590_length_173_cov_184.351351	62	126	356	2	64	0.0312500
NODE_302590_length_173_cov_184.351351	62	126	361	1	64	0.0156250
NODE_302590_length_173_cov_184.351351	62	126	367	1	64	0.0156250
NODE_302590_length_173_cov_184.351351	62	126	375	1	64	0.0156250
NODE_302590_length_173_cov_184.351351	62	126	377	1	64	0.0156250
NODE_302590_length_173_cov_184.351351	62	126	383	2	64	0.0312500
NODE_302590_length_173_cov_184.351351	62	126	391	2	64	0.0312500
NODE_302590_length_173_cov_184.351351	62	126	395	2	64	0.0312500
NODE_302590_length_173_cov_184.351351	62	126	398	1	64	0.0156250
NODE_302590_length_173_cov_184.351351	62	126	402	2	64	0.0312500
NODE_302590_length_173_cov_184.351351	62	126	408	2	64	0.0312500
NODE_302590_length_173_cov_184.351351	62	126	412	1	64	0.0156250
NODE_302590_length_173_cov_184.351351	62	126	416	5	64	0.0781250
NODE_302590_length_173_cov_184.351351	62	126	418	16	64	0.2500000
NODE_302590_length_173_cov_184.351351	62	126	419	23	64	0.3593750
NODE_302590_length_173_cov_184.351351	99	165	81	1	66	0.0151515
NODE_302590_length_173_cov_184.351351	99	165	84	2	66	0.0303030
NODE_302590_length_173_cov_184.351351	99	165	88	1	66	0.0151515
NODE_302590_length_173_cov_184.351351	99	165	97	1	66	0.0151515
NODE_302590_length_173_cov_184.351351	99	165	107	1	66	0.0151515
NODE_302590_length_173_cov_184.351351	99	165	122	1	66	0.0151515
NODE_302590_length_173_cov_184.351351	99	165	124	1	66	0.0151515
NODE_302590_length_173_cov_184.351351	99	165	138	1	66	0.0151515
NODE_302590_length_173_cov_184.351351	99	165	140	1	66	0.0151515
NODE_302590_length_173_cov_184.351351	99	165	152	3	66	0.0454545
NODE_302590_length_173_cov_184.351351	99	165	157	1	66	0.0151515
NODE_302590_length_173_cov_184.351351	99	165	158	2	66	0.0303030
NODE_302590_length_173_cov_184.351351	99	165	165	1	66	0.0151515
NODE_302590_length_173_cov_184.351351	99	165	184	1	66	0.0151515
NODE_302590_length_173_cov_184.351351	99	165	192	1	66	0.0151515
NODE_302590_length_173_cov_184.351351	99	165	200	1	66	0.0151515
NODE_302590_length_173_cov_184.351351	99	165	202	1	66	0.0151515
NODE_302590_length_173_cov_184.351351	99	165	204	1	66	0.0151515
NODE_302590_length_173_cov_184.351351	99	165	216	1	66	0.0151515
NODE_302590_length_173_cov_184.351351	99	165	221	1	66	0.0151515
NODE_302590_length_173_cov_184.351351	99	165	234	1	66	0.0151515
NODE_302590_length_173_cov_184.351351	99	165	241	1	66	0.0151515
NODE_302590_length_173_cov_184.351351	99	165	249	1	66	0.0151515
NODE_302590_length_173_cov_184.351351	99	165	258	1	66	0.0151515
NODE_302590_length_173_cov_184.351351	99	165	269	1	66	0.0151515
NODE_302590_length_173_cov_184.351351	99	165	290	1	66	0.0151515
NODE_302590_length_173_cov_184.351351	99	165	306	2	66	0.0303030
NODE_302590_length_173_cov_184.351351	99	165	320	1	66	0.0151515
NODE_302590_length_173_cov_184.351351	99	165	329	1	66	0.0151515
NODE_302590_length_173_cov_184.351351	99	165	339	1	66	0.0151515
NODE_302590_length_173_cov_184.351351	99	165	341	1	66	0.0151515
NODE_302590_length_173_cov_184.351351	99	165	343	1	66	0.0151515
NODE_302590_length_173_cov_184.351351	99	165	345	1	66	0.0151515
NODE_302590_length_173_cov_184.351351	99	165	350	1	66	0.0151515
NODE_302590_length_173_cov_184.351351	99	165	351	1	66	0.0151515
NODE_302590_length_173_cov_184.351351	99	165	354	1	66	0.0151515
NODE_302590_length_173_cov_184.351351	99	165	356	2	66	0.0303030
NODE_302590_length_173_cov_184.351351	99	165	361	1	66	0.0151515
NODE_302590_length_173_cov_184.351351	99	165	367	1	66	0.0151515
NODE_302590_length_173_cov_184.351351	99	165	375	1	66	0.0151515
NODE_302590_length_173_cov_184.351351	99	165	377	1	66	0.0151515
NODE_302590_length_173_cov_184.351351	99	165	383	2	66	0.0303030
NODE_302590_length_173_cov_184.351351	99	165	391	2	66	0.0303030
NODE_302590_length_173_cov_184.351351	99	165	395	2	66	0.0303030
NODE_302590_length_173_cov_184.351351	99	165	398	1	66	0.0151515
NODE_302590_length_173_cov_184.351351	99	165	402	2	66	0.0303030
NODE_302590_length_173_cov_184.351351	99	165	408	2	66	0.0303030
NODE_302590_length_173_cov_184.351351	99	165	412	1	66	0.0151515
NODE_302590_length_173_cov_184.351351	99	165	418	5	66	0.0757576
NODE_302590_length_173_cov_184.351351	99	165	419	2	66	0.0303030
NODE_302590_length_173_cov_184.351351	99	170	51	1	71	0.0140845
NODE_302590_length_173_cov_184.351351	99	170	63	1	71	0.0140845
NODE_302590_length_173_cov_184.351351	99	170	75	1	71	0.0140845
NODE_302590_length_173_cov_184.351351	99	170	76	1	71	0.0140845
NODE_302590_length_173_cov_184.351351	99	170	78	1	71	0.0140845
NODE_302590_length_173_cov_184.351351	99	170	81	1	71	0.0140845
NODE_302590_length_173_cov_184.351351	99	170	84	2	71	0.0281690
NODE_302590_length_173_cov_184.351351	99	170	88	1	71	0.0140845
NODE_302590_length_173_cov_184.351351	99	170	97	1	71	0.0140845
NODE_302590_length_173_cov_184.351351	99	170	107	1	71	0.0140845
NODE_302590_length_173_cov_184.351351	99	170	122	1	71	0.0140845
NODE_302590_length_173_cov_184.351351	99	170	124	1	71	0.0140845
NODE_302590_length_173_cov_184.351351	99	170	138	1	71	0.0140845
NODE_302590_length_173_cov_184.351351	99	170	140	1	71	0.0140845
NODE_302590_length_173_cov_184.351351	99	170	152	3	71	0.0422535
NODE_302590_length_173_cov_184.351351	99	170	157	1	71	0.0140845
NODE_302590_length_173_cov_184.351351	99	170	158	2	71	0.0281690
NODE_302590_length_173_cov_184.351351	99	170	165	1	71	0.0140845
NODE_302590_length_173_cov_184.351351	99	170	184	1	71	0.0140845
NODE_302590_length_173_cov_184.351351	99	170	192	1	71	0.0140845
NODE_302590_length_173_cov_184.351351	99	170	200	1	71	0.0140845
NODE_302590_length_173_cov_184.351351	99	170	202	1	71	0.0140845
NODE_302590_length_173_cov_184.351351	99	170	204	1	71	0.0140845
NODE_302590_length_173_cov_184.351351	99	170	216	1	71	0.0140845
NODE_302590_length_173_cov_184.351351	99	170	221	1	71	0.0140845
NODE_302590_length_173_cov_184.351351	99	170	234	1	71	0.0140845
NODE_302590_length_173_cov_184.351351	99	170	241	1	71	0.0140845
NODE_302590_length_173_cov_184.351351	99	170	249	1	71	0.0140845
NODE_302590_length_173_cov_184.351351	99	170	258	1	71	0.0140845
NODE_302590_length_173_cov_184.351351	99	170	269	1	71	0.0140845
NODE_302590_length_173_cov_184.351351	99	170	290	1	71	0.0140845
NODE_302590_length_173_cov_184.351351	99	170	306	2	71	0.0281690
NODE_302590_length_173_cov_184.351351	99	170	320	1	71	0.0140845
NODE_302590_length_173_cov_184.351351	99	170	329	1	71	0.0140845
NODE_302590_length_173_cov_184.351351	99	170	339	1	71	0.0140845
NODE_302590_length_173_cov_184.351351	99	170	341	1	71	0.0140845
NODE_302590_length_173_cov_184.351351	99	170	343	1	71	0.0140845
NODE_302590_length_173_cov_184.351351	99	170	345	1	71	0.0140845
NODE_302590_length_173_cov_184.351351	99	170	350	1	71	0.0140845
NODE_302590_length_173_cov_184.351351	99	170	351	1	71	0.0140845
NODE_302590_length_173_cov_184.351351	99	170	354	1	71	0.0140845
NODE_302590_length_173_cov_184.351351	99	170	356	2	71	0.0281690
NODE_302590_length_173_cov_184.351351	99	170	361	1	71	0.0140845
NODE_302590_length_173_cov_184.351351	99	170	367	1	71	0.0140845
NODE_302590_length_173_cov_184.351351	99	170	375	1	71	0.0140845
NODE_302590_length_173_cov_184.351351	99	170	377	1	71	0.0140845
NODE_302590_length_173_cov_184.351351	99	170	383	2	71	0.0281690
NODE_302590_length_173_cov_184.351351	99	170	391	2	71	0.0281690
NODE_302590_length_173_cov_184.351351	99	170	395	2	71	0.0281690
NODE_302590_length_173_cov_184.351351	99	170	398	1	71	0.0140845
NODE_302590_length_173_cov_184.351351	99	170	402	2	71	0.0281690
NODE_302590_length_173_cov_184.351351	99	170	408	2	71	0.0281690
NODE_302590_length_173_cov_184.351351	99	170	412	1	71	0.0140845
NODE_302590_length_173_cov_184.351351	99	170	418	5	71	0.0704225
NODE_302590_length_173_cov_184.351351	99	170	419	2	71	0.0281690
NODE_302590_length_173_cov_184.351351	115	173	26	1	58	0.0172414
NODE_302590_length_173_cov_184.351351	115	173	47	1	58	0.0172414
NODE_302590_length_173_cov_184.351351	115	173	49	1	58	0.0172414
NODE_302590_length_173_cov_184.351351	115	173	51	1	58	0.0172414
NODE_302590_length_173_cov_184.351351	115	173	63	1	58	0.0172414
NODE_302590_length_173_cov_184.351351	115	173	75	1	58	0.0172414
NODE_302590_length_173_cov_184.351351	115	173	76	1	58	0.0172414
NODE_302590_length_173_cov_184.351351	115	173	78	1	58	0.0172414
NODE_302590_length_173_cov_184.351351	115	173	81	1	58	0.0172414
NODE_302590_length_173_cov_184.351351	115	173	84	2	58	0.0344828
NODE_302590_length_173_cov_184.351351	115	173	88	1	58	0.0172414
NODE_302590_length_173_cov_184.351351	115	173	97	1	58	0.0172414
NODE_302590_length_173_cov_184.351351	115	173	107	1	58	0.0172414
NODE_302590_length_173_cov_184.351351	115	173	122	1	58	0.0172414
NODE_302590_length_173_cov_184.351351	115	173	124	1	58	0.0172414
NODE_302590_length_173_cov_184.351351	115	173	138	1	58	0.0172414
NODE_302590_length_173_cov_184.351351	115	173	140	1	58	0.0172414
NODE_302590_length_173_cov_184.351351	115	173	152	3	58	0.0517241
NODE_302590_length_173_cov_184.351351	115	173	157	1	58	0.0172414
NODE_302590_length_173_cov_184.351351	115	173	158	2	58	0.0344828
NODE_302590_length_173_cov_184.351351	115	173	165	1	58	0.0172414
NODE_302590_length_173_cov_184.351351	115	173	184	1	58	0.0172414
NODE_302590_length_173_cov_184.351351	115	173	192	1	58	0.0172414
NODE_302590_length_173_cov_184.351351	115	173	200	1	58	0.0172414
NODE_302590_length_173_cov_184.351351	115	173	202	1	58	0.0172414
NODE_302590_length_173_cov_184.351351	115	173	204	1	58	0.0172414
NODE_302590_length_173_cov_184.351351	115	173	216	1	58	0.0172414
NODE_302590_length_173_cov_184.351351	115	173	221	1	58	0.0172414
NODE_302590_length_173_cov_184.351351	115	173	234	1	58	0.0172414
NODE_302590_length_173_cov_184.351351	115	173	241	1	58	0.0172414
NODE_302590_length_173_cov_184.351351	115	173	249	1	58	0.0172414
NODE_302590_length_173_cov_184.351351	115	173	258	1	58	0.0172414
NODE_302590_length_173_cov_184.351351	115	173	269	1	58	0.0172414
NODE_302590_length_173_cov_184.351351	115	173	290	1	58	0.0172414
NODE_302590_length_173_cov_184.351351	115	173	306	2	58	0.0344828
NODE_302590_length_173_cov_184.351351	115	173	320	1	58	0.0172414
NODE_302590_length_173_cov_184.351351	115	173	329	1	58	0.0172414
NODE_302590_length_173_cov_184.351351	115	173	339	1	58	0.0172414
NODE_302590_length_173_cov_184.351351	115	173	341	1	58	0.0172414
NODE_302590_length_173_cov_184.351351	115	173	343	1	58	0.0172414
NODE_302590_length_173_cov_184.351351	115	173	345	1	58	0.0172414
NODE_302590_length_173_cov_184.351351	115	173	350	1	58	0.0172414
NODE_302590_length_173_cov_184.351351	115	173	351	1	58	0.0172414
NODE_302590_length_173_cov_184.351351	115	173	354	1	58	0.0172414
NODE_302590_length_173_cov_184.351351	115	173	356	2	58	0.0344828
NODE_302590_length_173_cov_184.351351	115	173	361	1	58	0.0172414
NODE_302590_length_173_cov_184.351351	115	173	367	1	58	0.0172414
NODE_302590_length_173_cov_184.351351	115	173	375	1	58	0.0172414
NODE_302590_length_173_cov_184.351351	115	173	377	1	58	0.0172414
NODE_302590_length_173_cov_184.351351	115	173	383	2	58	0.0344828
NODE_302590_length_173_cov_184.351351	115	173	391	1	58	0.0172414
NODE_302596_length_173_cov_58.472973	0	78	10	3	78	0.0384615
NODE_302596_length_173_cov_58.472973	0	78	11	2	78	0.0256410
NODE_302596_length_173_cov_58.472973	0	78	12	3	78	0.0384615
NODE_302596_length_173_cov_58.472973	0	78	15	1	78	0.0128205
NODE_302596_length_173_cov_58.472973	0	78	18	2	78	0.0256410
NODE_302596_length_173_cov_58.472973	0	78	20	4	78	0.0512821
NODE_302596_length_173_cov_58.472973	0	78	22	2	78	0.0256410
NODE_302596_length_173_cov_58.472973	0	78	26	4	78	0.0512821
NODE_302596_length_173_cov_58.472973	0	78	27	2	78	0.0256410
NODE_302596_length_173_cov_58.472973	0	78	29	1	78	0.0128205
NODE_302596_length_173_cov_58.472973	0	78	30	2	78	0.0256410
NODE_302596_length_173_cov_58.472973	0	78	32	3	78	0.0384615
NODE_302596_length_173_cov_58.472973	0	78	33	1	78	0.0128205
NODE_302596_length_173_cov_58.472973	0	78	36	4	78	0.0512821
NODE_302596_length_173_cov_58.472973	0	78	38	1	78	0.0128205
NODE_302596_length_173_cov_58.472973	0	78	42	1	78	0.0128205
NODE_302596_length_173_cov_58.472973	0	78	44	3	78	0.0384615
NODE_302596_length_173_cov_58.472973	0	78	46	1	78	0.0128205
NODE_302596_length_173_cov_58.472973	0	78	47	1	78	0.0128205
NODE_302596_length_173_cov_58.472973	0	78	53	2	78	0.0256410
NODE_302596_length_173_cov_58.472973	0	78	55	1	78	0.0128205
NODE_302596_length_173_cov_58.472973	0	78	63	2	78	0.0256410
NODE_302596_length_173_cov_58.472973	0	78	72	1	78	0.0128205
NODE_302596_length_173_cov_58.472973	0	78	73	1	78	0.0128205
NODE_302596_length_173_cov_58.472973	0	78	75	1	78	0.0128205
NODE_302596_length_173_cov_58.472973	0	78	77	3	78	0.0384615
NODE_302596_length_173_cov_58.472973	0	78	85	4	78	0.0512821
NODE_302596_length_173_cov_58.472973	0	78	87	2	78	0.0256410
NODE_302596_length_173_cov_58.472973	0	78	88	2	78	0.0256410
NODE_302596_length_173_cov_58.472973	0	78	92	1	78	0.0128205
NODE_302596_length_173_cov_58.472973	0	78	94	1	78	0.0128205
NODE_302596_length_173_cov_58.472973	0	78	98	1	78	0.0128205
NODE_302596_length_173_cov_58.472973	0	78	100	1	78	0.0128205
NODE_302596_length_173_cov_58.472973	0	78	102	2	78	0.0256410
NODE_302596_length_173_cov_58.472973	0	78	104	2	78	0.0256410
NODE_302596_length_173_cov_58.472973	0	78	106	1	78	0.0128205
NODE_302596_length_173_cov_58.472973	0	78	108	9	78	0.1153846
NODE_302597_length_173_cov_57.148649	101	142	67	2	41	0.0487805
NODE_302597_length_173_cov_57.148649	101	142	68	1	41	0.0243902
NODE_302597_length_173_cov_57.148649	101	142	72	1	41	0.0243902
NODE_302597_length_173_cov_57.148649	101	142	74	1	41	0.0243902
NODE_302597_length_173_cov_57.148649	101	142	76	1	41	0.0243902
NODE_302597_length_173_cov_57.148649	101	142	78	5	41	0.1219512
NODE_302597_length_173_cov_57.148649	101	142	80	4	41	0.0975610
NODE_302597_length_173_cov_57.148649	101	142	83	1	41	0.0243902
NODE_302597_length_173_cov_57.148649	101	142	84	5	41	0.1219512
NODE_302597_length_173_cov_57.148649	101	142	86	14	41	0.3414634
NODE_302597_length_173_cov_57.148649	101	142	88	6	41	0.1463415
NODE_302597_length_173_cov_57.148649	109	173	7	1	64	0.0156250
NODE_302597_length_173_cov_57.148649	109	173	12	2	64	0.0312500
NODE_302597_length_173_cov_57.148649	109	173	17	1	64	0.0156250
NODE_302597_length_173_cov_57.148649	109	173	21	1	64	0.0156250
NODE_302597_length_173_cov_57.148649	109	173	23	3	64	0.0468750
NODE_302597_length_173_cov_57.148649	109	173	25	1	64	0.0156250
NODE_302597_length_173_cov_57.148649	109	173	27	1	64	0.0156250
NODE_302597_length_173_cov_57.148649	109	173	28	1	64	0.0156250
NODE_302597_length_173_cov_57.148649	109	173	31	1	64	0.0156250
NODE_302597_length_173_cov_57.148649	109	173	33	2	64	0.0312500
NODE_302597_length_173_cov_57.148649	109	173	39	3	64	0.0468750
NODE_302597_length_173_cov_57.148649	109	173	43	1	64	0.0156250
NODE_302597_length_173_cov_57.148649	109	173	48	1	64	0.0156250
NODE_302597_length_173_cov_57.148649	109	173	51	2	64	0.0312500
NODE_302597_length_173_cov_57.148649	109	173	52	2	64	0.0312500
NODE_302597_length_173_cov_57.148649	109	173	54	2	64	0.0312500
NODE_302597_length_173_cov_57.148649	109	173	56	1	64	0.0156250
NODE_302597_length_173_cov_57.148649	109	173	59	1	64	0.0156250
NODE_302597_length_173_cov_57.148649	109	173	61	2	64	0.0312500
NODE_302597_length_173_cov_57.148649	109	173	67	4	64	0.0625000
NODE_302597_length_173_cov_57.148649	109	173	68	1	64	0.0156250
NODE_302597_length_173_cov_57.148649	109	173	72	1	64	0.0156250
NODE_302597_length_173_cov_57.148649	109	173	74	1	64	0.0156250
NODE_302597_length_173_cov_57.148649	109	173	76	1	64	0.0156250
NODE_302597_length_173_cov_57.148649	109	173	78	5	64	0.0781250
NODE_302597_length_173_cov_57.148649	109	173	80	4	64	0.0625000
NODE_302597_length_173_cov_57.148649	109	173	83	1	64	0.0156250
NODE_302597_length_173_cov_57.148649	109	173	84	5	64	0.0781250
NODE_302597_length_173_cov_57.148649	109	173	86	12	64	0.1875000
NODE_302686_length_171_cov_218.666667	12	90	33	1	78	0.0128205
NODE_302686_length_171_cov_218.666667	12	90	41	1	78	0.0128205
NODE_302686_length_171_cov_218.666667	12	90	43	2	78	0.0256410
NODE_302686_length_171_cov_218.666667	12	90	45	1	78	0.0128205
NODE_302686_length_171_cov_218.666667	12	90	46	2	78	0.0256410
NODE_302686_length_171_cov_218.666667	12	90	59	1	78	0.0128205
NODE_302686_length_171_cov_218.666667	12	90	66	1	78	0.0128205
NODE_302686_length_171_cov_218.666667	12	90	74	1	78	0.0128205
NODE_302686_length_171_cov_218.666667	12	90	76	1	78	0.0128205
NODE_302686_length_171_cov_218.666667	12	90	78	1	78	0.0128205
NODE_302686_length_171_cov_218.666667	12	90	84	3	78	0.0384615
NODE_302686_length_171_cov_218.666667	12	90	86	2	78	0.0256410
NODE_302686_length_171_cov_218.666667	12	90	87	1	78	0.0128205
NODE_302686_length_171_cov_218.666667	12	90	92	2	78	0.0256410
NODE_302686_length_171_cov_218.666667	12	90	94	1	78	0.0128205
NODE_302686_length_171_cov_218.666667	12	90	96	2	78	0.0256410
NODE_302686_length_171_cov_218.666667	12	90	100	1	78	0.0128205
NODE_302686_length_171_cov_218.666667	12	90	106	2	78	0.0256410
NODE_302686_length_171_cov_218.666667	12	90	108	1	78	0.0128205
NODE_302686_length_171_cov_218.666667	12	90	110	7	78	0.0897436
NODE_302686_length_171_cov_218.666667	12	90	118	3	78	0.0384615
NODE_302686_length_171_cov_218.666667	12	90	137	1	78	0.0128205
NODE_302686_length_171_cov_218.666667	12	90	139	1	78	0.0128205
NODE_302686_length_171_cov_218.666667	12	90	140	2	78	0.0256410
NODE_302686_length_171_cov_218.666667	12	90	142	3	78	0.0384615
NODE_302686_length_171_cov_218.666667	12	90	144	4	78	0.0512821
NODE_302686_length_171_cov_218.666667	12	90	150	2	78	0.0256410
NODE_302686_length_171_cov_218.666667	12	90	154	3	78	0.0384615
NODE_302686_length_171_cov_218.666667	12	90	160	5	78	0.0641026
NODE_302686_length_171_cov_218.666667	12	90	161	11	78	0.1410256
NODE_302686_length_171_cov_218.666667	12	90	162	9	78	0.1153846
NODE_302686_length_171_cov_218.666667	12	90	33	1	78	0.0128205
NODE_302686_length_171_cov_218.666667	12	90	41	1	78	0.0128205
NODE_302686_length_171_cov_218.666667	12	90	43	2	78	0.0256410
NODE_302686_length_171_cov_218.666667	12	90	45	1	78	0.0128205
NODE_302686_length_171_cov_218.666667	12	90	46	2	78	0.0256410
NODE_302686_length_171_cov_218.666667	12	90	59	1	78	0.0128205
NODE_302686_length_171_cov_218.666667	12	90	66	1	78	0.0128205
NODE_302686_length_171_cov_218.666667	12	90	74	1	78	0.0128205
NODE_302686_length_171_cov_218.666667	12	90	76	1	78	0.0128205
NODE_302686_length_171_cov_218.666667	12	90	78	1	78	0.0128205
NODE_302686_length_171_cov_218.666667	12	90	84	3	78	0.0384615
NODE_302686_length_171_cov_218.666667	12	90	86	2	78	0.0256410
NODE_302686_length_171_cov_218.666667	12	90	87	1	78	0.0128205
NODE_302686_length_171_cov_218.666667	12	90	92	2	78	0.0256410
NODE_302686_length_171_cov_218.666667	12	90	94	1	78	0.0128205
NODE_302686_length_171_cov_218.666667	12	90	96	2	78	0.0256410
NODE_302686_length_171_cov_218.666667	12	90	100	1	78	0.0128205
NODE_302686_length_171_cov_218.666667	12	90	106	2	78	0.0256410
NODE_302686_length_171_cov_218.666667	12	90	108	1	78	0.0128205
NODE_302686_length_171_cov_218.666667	12	90	110	7	78	0.0897436
NODE_302686_length_171_cov_218.666667	12	90	118	3	78	0.0384615
NODE_302686_length_171_cov_218.666667	12	90	137	1	78	0.0128205
NODE_302686_length_171_cov_218.666667	12	90	139	1	78	0.0128205
NODE_302686_length_171_cov_218.666667	12	90	140	2	78	0.0256410
NODE_302686_length_171_cov_218.666667	12	90	142	3	78	0.0384615
NODE_302686_length_171_cov_218.666667	12	90	144	4	78	0.0512821
NODE_302686_length_171_cov_218.666667	12	90	150	2	78	0.0256410
NODE_302686_length_171_cov_218.666667	12	90	154	3	78	0.0384615
NODE_302686_length_171_cov_218.666667	12	90	160	5	78	0.0641026
NODE_302686_length_171_cov_218.666667	12	90	161	11	78	0.1410256
NODE_302686_length_171_cov_218.666667	12	90	162	9	78	0.1153846
NODE_302686_length_171_cov_218.666667	21	90	74	1	69	0.0144928
NODE_302686_length_171_cov_218.666667	21	90	76	1	69	0.0144928
NODE_302686_length_171_cov_218.666667	21	90	78	1	69	0.0144928
NODE_302686_length_171_cov_218.666667	21	90	84	3	69	0.0434783
NODE_302686_length_171_cov_218.666667	21	90	86	2	69	0.0289855
NODE_302686_length_171_cov_218.666667	21	90	87	1	69	0.0144928
NODE_302686_length_171_cov_218.666667	21	90	92	2	69	0.0289855
NODE_302686_length_171_cov_218.666667	21	90	94	1	69	0.0144928
NODE_302686_length_171_cov_218.666667	21	90	96	2	69	0.0289855
NODE_302686_length_171_cov_218.666667	21	90	100	1	69	0.0144928
NODE_302686_length_171_cov_218.666667	21	90	106	2	69	0.0289855
NODE_302686_length_171_cov_218.666667	21	90	108	1	69	0.0144928
NODE_302686_length_171_cov_218.666667	21	90	110	7	69	0.1014493
NODE_302686_length_171_cov_218.666667	21	90	118	3	69	0.0434783
NODE_302686_length_171_cov_218.666667	21	90	137	1	69	0.0144928
NODE_302686_length_171_cov_218.666667	21	90	139	1	69	0.0144928
NODE_302686_length_171_cov_218.666667	21	90	140	2	69	0.0289855
NODE_302686_length_171_cov_218.666667	21	90	142	3	69	0.0434783
NODE_302686_length_171_cov_218.666667	21	90	144	4	69	0.0579710
NODE_302686_length_171_cov_218.666667	21	90	150	2	69	0.0289855
NODE_302686_length_171_cov_218.666667	21	90	154	3	69	0.0434783
NODE_302686_length_171_cov_218.666667	21	90	160	5	69	0.0724638
NODE_302686_length_171_cov_218.666667	21	90	161	11	69	0.1594203
NODE_302686_length_171_cov_218.666667	21	90	162	9	69	0.1304348
NODE_302689_length_171_cov_110.194444	81	161	2	3	80	0.0375000
NODE_302689_length_171_cov_110.194444	81	161	3	1	80	0.0125000
NODE_302689_length_171_cov_110.194444	81	161	11	2	80	0.0250000
NODE_302689_length_171_cov_110.194444	81	161	24	1	80	0.0125000
NODE_302689_length_171_cov_110.194444	81	161	38	3	80	0.0375000
NODE_302689_length_171_cov_110.194444	81	161	39	3	80	0.0375000
NODE_302689_length_171_cov_110.194444	81	161	40	3	80	0.0375000
NODE_302689_length_171_cov_110.194444	81	161	58	4	80	0.0500000
NODE_302689_length_171_cov_110.194444	81	161	66	10	80	0.1250000
NODE_302689_length_171_cov_110.194444	81	161	67	50	80	0.6250000
NODE_302689_length_171_cov_110.194444	81	152	38	1	71	0.0140845
NODE_302689_length_171_cov_110.194444	81	152	39	3	71	0.0422535
NODE_302689_length_171_cov_110.194444	81	152	40	3	71	0.0422535
NODE_302689_length_171_cov_110.194444	81	152	58	4	71	0.0563380
NODE_302689_length_171_cov_110.194444	81	152	66	10	71	0.1408451
NODE_302689_length_171_cov_110.194444	81	152	67	50	71	0.7042254
NODE_302691_length_171_cov_86.013889	106	171	0	2	65	0.0307692
NODE_302691_length_171_cov_86.013889	106	171	2	10	65	0.1538462
NODE_302691_length_171_cov_86.013889	106	171	8	4	65	0.0615385
NODE_302691_length_171_cov_86.013889	106	171	10	2	65	0.0307692
NODE_302691_length_171_cov_86.013889	106	171	14	6	65	0.0923077
NODE_302691_length_171_cov_86.013889	106	171	18	3	65	0.0461538
NODE_302691_length_171_cov_86.013889	106	171	20	4	65	0.0615385
NODE_302691_length_171_cov_86.013889	106	171	22	34	65	0.5230770
NODE_302697_length_171_cov_46.430556	0	59	4	2	59	0.0338983
NODE_302697_length_171_cov_46.430556	0	59	13	1	59	0.0169492
NODE_302697_length_171_cov_46.430556	0	59	19	2	59	0.0338983
NODE_302697_length_171_cov_46.430556	0	59	21	1	59	0.0169492
NODE_302697_length_171_cov_46.430556	0	59	22	1	59	0.0169492
NODE_302697_length_171_cov_46.430556	0	59	31	2	59	0.0338983
NODE_302697_length_171_cov_46.430556	0	59	33	1	59	0.0169492
NODE_302697_length_171_cov_46.430556	0	59	41	1	59	0.0169492
NODE_302697_length_171_cov_46.430556	0	59	43	1	59	0.0169492
NODE_302697_length_171_cov_46.430556	0	59	47	1	59	0.0169492
NODE_302697_length_171_cov_46.430556	0	59	49	2	59	0.0338983
NODE_302697_length_171_cov_46.430556	0	59	59	1	59	0.0169492
NODE_302697_length_171_cov_46.430556	0	59	61	3	59	0.0508475
NODE_302697_length_171_cov_46.430556	0	59	63	1	59	0.0169492
NODE_302697_length_171_cov_46.430556	0	59	65	2	59	0.0338983
NODE_302697_length_171_cov_46.430556	0	59	68	3	59	0.0508475
NODE_302697_length_171_cov_46.430556	0	59	82	1	59	0.0169492
NODE_302697_length_171_cov_46.430556	0	59	92	3	59	0.0508475
NODE_302697_length_171_cov_46.430556	0	59	97	1	59	0.0169492
NODE_302697_length_171_cov_46.430556	0	59	99	5	59	0.0847458
NODE_302697_length_171_cov_46.430556	0	59	103	2	59	0.0338983
NODE_302697_length_171_cov_46.430556	0	59	105	1	59	0.0169492
NODE_302697_length_171_cov_46.430556	0	59	109	14	59	0.2372881
NODE_302697_length_171_cov_46.430556	0	59	113	7	59	0.1186441
NODE_302697_length_171_cov_46.430556	32	98	99	3	66	0.0454545
NODE_302697_length_171_cov_46.430556	32	98	103	2	66	0.0303030
NODE_302697_length_171_cov_46.430556	32	98	105	1	66	0.0151515
NODE_302697_length_171_cov_46.430556	32	98	109	14	66	0.2121212
NODE_302697_length_171_cov_46.430556	32	98	113	46	66	0.6969697
NODE_302700_length_171_cov_40.069444	13	87	0	74	74	1.0000000
NODE_302702_length_171_cov_33.319444	84	158	17	3	74	0.0405405
NODE_302702_length_171_cov_33.319444	84	158	18	6	74	0.0810811
NODE_302702_length_171_cov_33.319444	84	158	20	1	74	0.0135135
NODE_302702_length_171_cov_33.319444	84	158	22	4	74	0.0540541
NODE_302702_length_171_cov_33.319444	84	158	25	1	74	0.0135135
NODE_302702_length_171_cov_33.319444	84	158	26	10	74	0.1351351
NODE_302702_length_171_cov_33.319444	84	158	27	1	74	0.0135135
NODE_302702_length_171_cov_33.319444	84	158	28	7	74	0.0945946
NODE_302702_length_171_cov_33.319444	84	158	30	41	74	0.5540541
NODE_302764_length_170_cov_217.422535	10	90	89	2	80	0.0250000
NODE_302764_length_170_cov_217.422535	10	90	92	1	80	0.0125000
NODE_302764_length_170_cov_217.422535	10	90	107	1	80	0.0125000
NODE_302764_length_170_cov_217.422535	10	90	113	1	80	0.0125000
NODE_302764_length_170_cov_217.422535	10	90	124	1	80	0.0125000
NODE_302764_length_170_cov_217.422535	10	90	128	1	80	0.0125000
NODE_302764_length_170_cov_217.422535	10	90	130	1	80	0.0125000
NODE_302764_length_170_cov_217.422535	10	90	158	1	80	0.0125000
NODE_302764_length_170_cov_217.422535	10	90	159	1	80	0.0125000
NODE_302764_length_170_cov_217.422535	10	90	163	1	80	0.0125000
NODE_302764_length_170_cov_217.422535	10	90	164	2	80	0.0250000
NODE_302764_length_170_cov_217.422535	10	90	166	1	80	0.0125000
NODE_302764_length_170_cov_217.422535	10	90	169	1	80	0.0125000
NODE_302764_length_170_cov_217.422535	10	90	175	2	80	0.0250000
NODE_302764_length_170_cov_217.422535	10	90	183	1	80	0.0125000
NODE_302764_length_170_cov_217.422535	10	90	191	1	80	0.0125000
NODE_302764_length_170_cov_217.422535	10	90	194	3	80	0.0375000
NODE_302764_length_170_cov_217.422535	10	90	203	1	80	0.0125000
NODE_302764_length_170_cov_217.422535	10	90	215	2	80	0.0250000
NODE_302764_length_170_cov_217.422535	10	90	223	2	80	0.0250000
NODE_302764_length_170_cov_217.422535	10	90	224	2	80	0.0250000
NODE_302764_length_170_cov_217.422535	10	90	226	2	80	0.0250000
NODE_302764_length_170_cov_217.422535	10	90	228	1	80	0.0125000
NODE_302764_length_170_cov_217.422535	10	90	233	2	80	0.0250000
NODE_302764_length_170_cov_217.422535	10	90	235	2	80	0.0250000
NODE_302764_length_170_cov_217.422535	10	90	237	1	80	0.0125000
NODE_302764_length_170_cov_217.422535	10	90	247	2	80	0.0250000
NODE_302764_length_170_cov_217.422535	10	90	253	1	80	0.0125000
NODE_302764_length_170_cov_217.422535	10	90	255	2	80	0.0250000
NODE_302764_length_170_cov_217.422535	10	90	257	1	80	0.0125000
NODE_302764_length_170_cov_217.422535	10	90	263	1	80	0.0125000
NODE_302764_length_170_cov_217.422535	10	90	269	2	80	0.0250000
NODE_302764_length_170_cov_217.422535	10	90	277	1	80	0.0125000
NODE_302764_length_170_cov_217.422535	10	90	283	1	80	0.0125000
NODE_302764_length_170_cov_217.422535	10	90	285	3	80	0.0375000
NODE_302764_length_170_cov_217.422535	10	90	293	1	80	0.0125000
NODE_302764_length_170_cov_217.422535	10	90	295	1	80	0.0125000
NODE_302764_length_170_cov_217.422535	10	90	297	23	80	0.2875000
NODE_302764_length_170_cov_217.422535	10	90	298	4	80	0.0500000
NODE_302764_length_170_cov_217.422535	10	90	89	2	80	0.0250000
NODE_302764_length_170_cov_217.422535	10	90	92	1	80	0.0125000
NODE_302764_length_170_cov_217.422535	10	90	107	1	80	0.0125000
NODE_302764_length_170_cov_217.422535	10	90	113	1	80	0.0125000
NODE_302764_length_170_cov_217.422535	10	90	124	1	80	0.0125000
NODE_302764_length_170_cov_217.422535	10	90	128	1	80	0.0125000
NODE_302764_length_170_cov_217.422535	10	90	130	1	80	0.0125000
NODE_302764_length_170_cov_217.422535	10	90	158	1	80	0.0125000
NODE_302764_length_170_cov_217.422535	10	90	159	1	80	0.0125000
NODE_302764_length_170_cov_217.422535	10	90	163	1	80	0.0125000
NODE_302764_length_170_cov_217.422535	10	90	164	2	80	0.0250000
NODE_302764_length_170_cov_217.422535	10	90	166	1	80	0.0125000
NODE_302764_length_170_cov_217.422535	10	90	169	1	80	0.0125000
NODE_302764_length_170_cov_217.422535	10	90	175	2	80	0.0250000
NODE_302764_length_170_cov_217.422535	10	90	183	1	80	0.0125000
NODE_302764_length_170_cov_217.422535	10	90	191	1	80	0.0125000
NODE_302764_length_170_cov_217.422535	10	90	194	3	80	0.0375000
NODE_302764_length_170_cov_217.422535	10	90	203	1	80	0.0125000
NODE_302764_length_170_cov_217.422535	10	90	215	2	80	0.0250000
NODE_302764_length_170_cov_217.422535	10	90	223	2	80	0.0250000
NODE_302764_length_170_cov_217.422535	10	90	224	2	80	0.0250000
NODE_302764_length_170_cov_217.422535	10	90	226	2	80	0.0250000
NODE_302764_length_170_cov_217.422535	10	90	228	1	80	0.0125000
NODE_302764_length_170_cov_217.422535	10	90	233	2	80	0.0250000
NODE_302764_length_170_cov_217.422535	10	90	235	2	80	0.0250000
NODE_302764_length_170_cov_217.422535	10	90	237	1	80	0.0125000
NODE_302764_length_170_cov_217.422535	10	90	247	2	80	0.0250000
NODE_302764_length_170_cov_217.422535	10	90	253	1	80	0.0125000
NODE_302764_length_170_cov_217.422535	10	90	255	2	80	0.0250000
NODE_302764_length_170_cov_217.422535	10	90	257	1	80	0.0125000
NODE_302764_length_170_cov_217.422535	10	90	263	1	80	0.0125000
NODE_302764_length_170_cov_217.422535	10	90	269	2	80	0.0250000
NODE_302764_length_170_cov_217.422535	10	90	277	1	80	0.0125000
NODE_302764_length_170_cov_217.422535	10	90	283	1	80	0.0125000
NODE_302764_length_170_cov_217.422535	10	90	285	3	80	0.0375000
NODE_302764_length_170_cov_217.422535	10	90	293	1	80	0.0125000
NODE_302764_length_170_cov_217.422535	10	90	295	1	80	0.0125000
NODE_302764_length_170_cov_217.422535	10	90	297	23	80	0.2875000
NODE_302764_length_170_cov_217.422535	10	90	298	4	80	0.0500000
NODE_302764_length_170_cov_217.422535	10	90	89	2	80	0.0250000
NODE_302764_length_170_cov_217.422535	10	90	92	1	80	0.0125000
NODE_302764_length_170_cov_217.422535	10	90	107	1	80	0.0125000
NODE_302764_length_170_cov_217.422535	10	90	113	1	80	0.0125000
NODE_302764_length_170_cov_217.422535	10	90	124	1	80	0.0125000
NODE_302764_length_170_cov_217.422535	10	90	128	1	80	0.0125000
NODE_302764_length_170_cov_217.422535	10	90	130	1	80	0.0125000
NODE_302764_length_170_cov_217.422535	10	90	158	1	80	0.0125000
NODE_302764_length_170_cov_217.422535	10	90	159	1	80	0.0125000
NODE_302764_length_170_cov_217.422535	10	90	163	1	80	0.0125000
NODE_302764_length_170_cov_217.422535	10	90	164	2	80	0.0250000
NODE_302764_length_170_cov_217.422535	10	90	166	1	80	0.0125000
NODE_302764_length_170_cov_217.422535	10	90	169	1	80	0.0125000
NODE_302764_length_170_cov_217.422535	10	90	175	2	80	0.0250000
NODE_302764_length_170_cov_217.422535	10	90	183	1	80	0.0125000
NODE_302764_length_170_cov_217.422535	10	90	191	1	80	0.0125000
NODE_302764_length_170_cov_217.422535	10	90	194	3	80	0.0375000
NODE_302764_length_170_cov_217.422535	10	90	203	1	80	0.0125000
NODE_302764_length_170_cov_217.422535	10	90	215	2	80	0.0250000
NODE_302764_length_170_cov_217.422535	10	90	223	2	80	0.0250000
NODE_302764_length_170_cov_217.422535	10	90	224	2	80	0.0250000
NODE_302764_length_170_cov_217.422535	10	90	226	2	80	0.0250000
NODE_302764_length_170_cov_217.422535	10	90	228	1	80	0.0125000
NODE_302764_length_170_cov_217.422535	10	90	233	2	80	0.0250000
NODE_302764_length_170_cov_217.422535	10	90	235	2	80	0.0250000
NODE_302764_length_170_cov_217.422535	10	90	237	1	80	0.0125000
NODE_302764_length_170_cov_217.422535	10	90	247	2	80	0.0250000
NODE_302764_length_170_cov_217.422535	10	90	253	1	80	0.0125000
NODE_302764_length_170_cov_217.422535	10	90	255	2	80	0.0250000
NODE_302764_length_170_cov_217.422535	10	90	257	1	80	0.0125000
NODE_302764_length_170_cov_217.422535	10	90	263	1	80	0.0125000
NODE_302764_length_170_cov_217.422535	10	90	269	2	80	0.0250000
NODE_302764_length_170_cov_217.422535	10	90	277	1	80	0.0125000
NODE_302764_length_170_cov_217.422535	10	90	283	1	80	0.0125000
NODE_302764_length_170_cov_217.422535	10	90	285	3	80	0.0375000
NODE_302764_length_170_cov_217.422535	10	90	293	1	80	0.0125000
NODE_302764_length_170_cov_217.422535	10	90	295	1	80	0.0125000
NODE_302764_length_170_cov_217.422535	10	90	297	23	80	0.2875000
NODE_302764_length_170_cov_217.422535	10	90	298	4	80	0.0500000
NODE_302764_length_170_cov_217.422535	10	90	89	2	80	0.0250000
NODE_302764_length_170_cov_217.422535	10	90	92	1	80	0.0125000
NODE_302764_length_170_cov_217.422535	10	90	107	1	80	0.0125000
NODE_302764_length_170_cov_217.422535	10	90	113	1	80	0.0125000
NODE_302764_length_170_cov_217.422535	10	90	124	1	80	0.0125000
NODE_302764_length_170_cov_217.422535	10	90	128	1	80	0.0125000
NODE_302764_length_170_cov_217.422535	10	90	130	1	80	0.0125000
NODE_302764_length_170_cov_217.422535	10	90	158	1	80	0.0125000
NODE_302764_length_170_cov_217.422535	10	90	159	1	80	0.0125000
NODE_302764_length_170_cov_217.422535	10	90	163	1	80	0.0125000
NODE_302764_length_170_cov_217.422535	10	90	164	2	80	0.0250000
NODE_302764_length_170_cov_217.422535	10	90	166	1	80	0.0125000
NODE_302764_length_170_cov_217.422535	10	90	169	1	80	0.0125000
NODE_302764_length_170_cov_217.422535	10	90	175	2	80	0.0250000
NODE_302764_length_170_cov_217.422535	10	90	183	1	80	0.0125000
NODE_302764_length_170_cov_217.422535	10	90	191	1	80	0.0125000
NODE_302764_length_170_cov_217.422535	10	90	194	3	80	0.0375000
NODE_302764_length_170_cov_217.422535	10	90	203	1	80	0.0125000
NODE_302764_length_170_cov_217.422535	10	90	215	2	80	0.0250000
NODE_302764_length_170_cov_217.422535	10	90	223	2	80	0.0250000
NODE_302764_length_170_cov_217.422535	10	90	224	2	80	0.0250000
NODE_302764_length_170_cov_217.422535	10	90	226	2	80	0.0250000
NODE_302764_length_170_cov_217.422535	10	90	228	1	80	0.0125000
NODE_302764_length_170_cov_217.422535	10	90	233	2	80	0.0250000
NODE_302764_length_170_cov_217.422535	10	90	235	2	80	0.0250000
NODE_302764_length_170_cov_217.422535	10	90	237	1	80	0.0125000
NODE_302764_length_170_cov_217.422535	10	90	247	2	80	0.0250000
NODE_302764_length_170_cov_217.422535	10	90	253	1	80	0.0125000
NODE_302764_length_170_cov_217.422535	10	90	255	2	80	0.0250000
NODE_302764_length_170_cov_217.422535	10	90	257	1	80	0.0125000
NODE_302764_length_170_cov_217.422535	10	90	263	1	80	0.0125000
NODE_302764_length_170_cov_217.422535	10	90	269	2	80	0.0250000
NODE_302764_length_170_cov_217.422535	10	90	277	1	80	0.0125000
NODE_302764_length_170_cov_217.422535	10	90	283	1	80	0.0125000
NODE_302764_length_170_cov_217.422535	10	90	285	3	80	0.0375000
NODE_302764_length_170_cov_217.422535	10	90	293	1	80	0.0125000
NODE_302764_length_170_cov_217.422535	10	90	295	1	80	0.0125000
NODE_302764_length_170_cov_217.422535	10	90	297	23	80	0.2875000
NODE_302764_length_170_cov_217.422535	10	90	298	4	80	0.0500000
NODE_302764_length_170_cov_217.422535	10	90	89	2	80	0.0250000
NODE_302764_length_170_cov_217.422535	10	90	92	1	80	0.0125000
NODE_302764_length_170_cov_217.422535	10	90	107	1	80	0.0125000
NODE_302764_length_170_cov_217.422535	10	90	113	1	80	0.0125000
NODE_302764_length_170_cov_217.422535	10	90	124	1	80	0.0125000
NODE_302764_length_170_cov_217.422535	10	90	128	1	80	0.0125000
NODE_302764_length_170_cov_217.422535	10	90	130	1	80	0.0125000
NODE_302764_length_170_cov_217.422535	10	90	158	1	80	0.0125000
NODE_302764_length_170_cov_217.422535	10	90	159	1	80	0.0125000
NODE_302764_length_170_cov_217.422535	10	90	163	1	80	0.0125000
NODE_302764_length_170_cov_217.422535	10	90	164	2	80	0.0250000
NODE_302764_length_170_cov_217.422535	10	90	166	1	80	0.0125000
NODE_302764_length_170_cov_217.422535	10	90	169	1	80	0.0125000
NODE_302764_length_170_cov_217.422535	10	90	175	2	80	0.0250000
NODE_302764_length_170_cov_217.422535	10	90	183	1	80	0.0125000
NODE_302764_length_170_cov_217.422535	10	90	191	1	80	0.0125000
NODE_302764_length_170_cov_217.422535	10	90	194	3	80	0.0375000
NODE_302764_length_170_cov_217.422535	10	90	203	1	80	0.0125000
NODE_302764_length_170_cov_217.422535	10	90	215	2	80	0.0250000
NODE_302764_length_170_cov_217.422535	10	90	223	2	80	0.0250000
NODE_302764_length_170_cov_217.422535	10	90	224	2	80	0.0250000
NODE_302764_length_170_cov_217.422535	10	90	226	2	80	0.0250000
NODE_302764_length_170_cov_217.422535	10	90	228	1	80	0.0125000
NODE_302764_length_170_cov_217.422535	10	90	233	2	80	0.0250000
NODE_302764_length_170_cov_217.422535	10	90	235	2	80	0.0250000
NODE_302764_length_170_cov_217.422535	10	90	237	1	80	0.0125000
NODE_302764_length_170_cov_217.422535	10	90	247	2	80	0.0250000
NODE_302764_length_170_cov_217.422535	10	90	253	1	80	0.0125000
NODE_302764_length_170_cov_217.422535	10	90	255	2	80	0.0250000
NODE_302764_length_170_cov_217.422535	10	90	257	1	80	0.0125000
NODE_302764_length_170_cov_217.422535	10	90	263	1	80	0.0125000
NODE_302764_length_170_cov_217.422535	10	90	269	2	80	0.0250000
NODE_302764_length_170_cov_217.422535	10	90	277	1	80	0.0125000
NODE_302764_length_170_cov_217.422535	10	90	283	1	80	0.0125000
NODE_302764_length_170_cov_217.422535	10	90	285	3	80	0.0375000
NODE_302764_length_170_cov_217.422535	10	90	293	1	80	0.0125000
NODE_302764_length_170_cov_217.422535	10	90	295	1	80	0.0125000
NODE_302764_length_170_cov_217.422535	10	90	297	23	80	0.2875000
NODE_302764_length_170_cov_217.422535	10	90	298	4	80	0.0500000
NODE_302764_length_170_cov_217.422535	19	90	159	1	71	0.0140845
NODE_302764_length_170_cov_217.422535	19	90	163	1	71	0.0140845
NODE_302764_length_170_cov_217.422535	19	90	164	2	71	0.0281690
NODE_302764_length_170_cov_217.422535	19	90	166	1	71	0.0140845
NODE_302764_length_170_cov_217.422535	19	90	169	1	71	0.0140845
NODE_302764_length_170_cov_217.422535	19	90	175	2	71	0.0281690
NODE_302764_length_170_cov_217.422535	19	90	183	1	71	0.0140845
NODE_302764_length_170_cov_217.422535	19	90	191	1	71	0.0140845
NODE_302764_length_170_cov_217.422535	19	90	194	3	71	0.0422535
NODE_302764_length_170_cov_217.422535	19	90	203	1	71	0.0140845
NODE_302764_length_170_cov_217.422535	19	90	215	2	71	0.0281690
NODE_302764_length_170_cov_217.422535	19	90	223	2	71	0.0281690
NODE_302764_length_170_cov_217.422535	19	90	224	2	71	0.0281690
NODE_302764_length_170_cov_217.422535	19	90	226	2	71	0.0281690
NODE_302764_length_170_cov_217.422535	19	90	228	1	71	0.0140845
NODE_302764_length_170_cov_217.422535	19	90	233	2	71	0.0281690
NODE_302764_length_170_cov_217.422535	19	90	235	2	71	0.0281690
NODE_302764_length_170_cov_217.422535	19	90	237	1	71	0.0140845
NODE_302764_length_170_cov_217.422535	19	90	247	2	71	0.0281690
NODE_302764_length_170_cov_217.422535	19	90	253	1	71	0.0140845
NODE_302764_length_170_cov_217.422535	19	90	255	2	71	0.0281690
NODE_302764_length_170_cov_217.422535	19	90	257	1	71	0.0140845
NODE_302764_length_170_cov_217.422535	19	90	263	1	71	0.0140845
NODE_302764_length_170_cov_217.422535	19	90	269	2	71	0.0281690
NODE_302764_length_170_cov_217.422535	19	90	277	1	71	0.0140845
NODE_302764_length_170_cov_217.422535	19	90	283	1	71	0.0140845
NODE_302764_length_170_cov_217.422535	19	90	285	3	71	0.0422535
NODE_302764_length_170_cov_217.422535	19	90	293	1	71	0.0140845
NODE_302764_length_170_cov_217.422535	19	90	295	1	71	0.0140845
NODE_302764_length_170_cov_217.422535	19	90	297	23	71	0.3239437
NODE_302764_length_170_cov_217.422535	19	90	298	4	71	0.0563380
NODE_302764_length_170_cov_217.422535	63	126	257	6	63	0.0952381
NODE_302764_length_170_cov_217.422535	63	126	267	1	63	0.0158730
NODE_302764_length_170_cov_217.422535	63	126	269	1	63	0.0158730
NODE_302764_length_170_cov_217.422535	63	126	271	1	63	0.0158730
NODE_302764_length_170_cov_217.422535	63	126	281	1	63	0.0158730
NODE_302764_length_170_cov_217.422535	63	126	283	2	63	0.0317460
NODE_302764_length_170_cov_217.422535	63	126	285	1	63	0.0158730
NODE_302764_length_170_cov_217.422535	63	126	289	6	63	0.0952381
NODE_302764_length_170_cov_217.422535	63	126	295	1	63	0.0158730
NODE_302764_length_170_cov_217.422535	63	126	297	39	63	0.6190476
NODE_302764_length_170_cov_217.422535	63	126	298	4	63	0.0634921
NODE_302764_length_170_cov_217.422535	63	126	257	6	63	0.0952381
NODE_302764_length_170_cov_217.422535	63	126	267	1	63	0.0158730
NODE_302764_length_170_cov_217.422535	63	126	269	1	63	0.0158730
NODE_302764_length_170_cov_217.422535	63	126	271	1	63	0.0158730
NODE_302764_length_170_cov_217.422535	63	126	281	1	63	0.0158730
NODE_302764_length_170_cov_217.422535	63	126	283	2	63	0.0317460
NODE_302764_length_170_cov_217.422535	63	126	285	1	63	0.0158730
NODE_302764_length_170_cov_217.422535	63	126	289	6	63	0.0952381
NODE_302764_length_170_cov_217.422535	63	126	295	1	63	0.0158730
NODE_302764_length_170_cov_217.422535	63	126	297	39	63	0.6190476
NODE_302764_length_170_cov_217.422535	63	126	298	4	63	0.0634921
NODE_302768_length_170_cov_102.816901	23	86	140	1	63	0.0158730
NODE_302768_length_170_cov_102.816901	23	86	142	1	63	0.0158730
NODE_302768_length_170_cov_102.816901	23	86	144	2	63	0.0317460
NODE_302768_length_170_cov_102.816901	23	86	147	3	63	0.0476190
NODE_302768_length_170_cov_102.816901	23	86	149	1	63	0.0158730
NODE_302768_length_170_cov_102.816901	23	86	150	4	63	0.0634921
NODE_302768_length_170_cov_102.816901	23	86	151	8	63	0.1269841
NODE_302768_length_170_cov_102.816901	23	86	154	1	63	0.0158730
NODE_302768_length_170_cov_102.816901	23	86	158	13	63	0.2063492
NODE_302768_length_170_cov_102.816901	23	86	161	12	63	0.1904762
NODE_302768_length_170_cov_102.816901	23	86	162	17	63	0.2698413
NODE_302806_length_169_cov_47.757143	70	150	54	4	80	0.0500000
NODE_302806_length_169_cov_47.757143	70	150	64	2	80	0.0250000
NODE_302806_length_169_cov_47.757143	70	150	85	5	80	0.0625000
NODE_302806_length_169_cov_47.757143	70	150	86	2	80	0.0250000
NODE_302806_length_169_cov_47.757143	70	150	92	2	80	0.0250000
NODE_302806_length_169_cov_47.757143	70	150	94	65	80	0.8125000
NODE_302869_length_168_cov_10.391304	66	99	0	33	33	1.0000000
NODE_302869_length_168_cov_10.391304	135	168	0	33	33	1.0000000
NODE_302966_length_166_cov_401.149254	31	109	87	2	78	0.0256410
NODE_302966_length_166_cov_401.149254	31	109	88	2	78	0.0256410
NODE_302966_length_166_cov_401.149254	31	109	94	2	78	0.0256410
NODE_302966_length_166_cov_401.149254	31	109	96	1	78	0.0128205
NODE_302966_length_166_cov_401.149254	31	109	98	2	78	0.0256410
NODE_302966_length_166_cov_401.149254	31	109	100	1	78	0.0128205
NODE_302966_length_166_cov_401.149254	31	109	102	2	78	0.0256410
NODE_302966_length_166_cov_401.149254	31	109	108	3	78	0.0384615
NODE_302966_length_166_cov_401.149254	31	109	110	1	78	0.0128205
NODE_302966_length_166_cov_401.149254	31	109	114	1	78	0.0128205
NODE_302966_length_166_cov_401.149254	31	109	116	1	78	0.0128205
NODE_302966_length_166_cov_401.149254	31	109	120	2	78	0.0256410
NODE_302966_length_166_cov_401.149254	31	109	124	2	78	0.0256410
NODE_302966_length_166_cov_401.149254	31	109	126	4	78	0.0512821
NODE_302966_length_166_cov_401.149254	31	109	128	1	78	0.0128205
NODE_302966_length_166_cov_401.149254	31	109	130	8	78	0.1025641
NODE_302966_length_166_cov_401.149254	31	109	134	43	78	0.5512820
NODE_302966_length_166_cov_401.149254	82	157	30	4	75	0.0533333
NODE_302966_length_166_cov_401.149254	82	157	32	3	75	0.0400000
NODE_302966_length_166_cov_401.149254	82	157	34	2	75	0.0266667
NODE_302966_length_166_cov_401.149254	82	157	36	1	75	0.0133333
NODE_302966_length_166_cov_401.149254	82	157	38	2	75	0.0266667
NODE_302966_length_166_cov_401.149254	82	157	44	2	75	0.0266667
NODE_302966_length_166_cov_401.149254	82	157	46	1	75	0.0133333
NODE_302966_length_166_cov_401.149254	82	157	55	1	75	0.0133333
NODE_302966_length_166_cov_401.149254	82	157	57	1	75	0.0133333
NODE_302966_length_166_cov_401.149254	82	157	61	1	75	0.0133333
NODE_302966_length_166_cov_401.149254	82	157	67	2	75	0.0266667
NODE_302966_length_166_cov_401.149254	82	157	69	1	75	0.0133333
NODE_302966_length_166_cov_401.149254	82	157	70	1	75	0.0133333
NODE_302966_length_166_cov_401.149254	82	157	71	2	75	0.0266667
NODE_302966_length_166_cov_401.149254	82	157	73	1	75	0.0133333
NODE_302966_length_166_cov_401.149254	82	157	79	3	75	0.0400000
NODE_302966_length_166_cov_401.149254	82	157	87	1	75	0.0133333
NODE_302966_length_166_cov_401.149254	82	157	89	1	75	0.0133333
NODE_302966_length_166_cov_401.149254	82	157	90	2	75	0.0266667
NODE_302966_length_166_cov_401.149254	82	157	92	2	75	0.0266667
NODE_302966_length_166_cov_401.149254	82	157	98	2	75	0.0266667
NODE_302966_length_166_cov_401.149254	82	157	102	1	75	0.0133333
NODE_302966_length_166_cov_401.149254	82	157	104	3	75	0.0400000
NODE_302966_length_166_cov_401.149254	82	157	110	1	75	0.0133333
NODE_302966_length_166_cov_401.149254	82	157	114	1	75	0.0133333
NODE_302966_length_166_cov_401.149254	82	157	118	1	75	0.0133333
NODE_302966_length_166_cov_401.149254	82	157	120	1	75	0.0133333
NODE_302966_length_166_cov_401.149254	82	157	122	3	75	0.0400000
NODE_302966_length_166_cov_401.149254	82	157	128	2	75	0.0266667
NODE_302966_length_166_cov_401.149254	82	157	130	4	75	0.0533333
NODE_302966_length_166_cov_401.149254	82	157	134	22	75	0.2933333
NODE_302974_length_166_cov_123.223881	46	97	8	3	51	0.0588235
NODE_302974_length_166_cov_123.223881	46	97	10	48	51	0.9411765
NODE_303071_length_164_cov_154.076923	0	75	0	5	75	0.0666667
NODE_303071_length_164_cov_154.076923	0	75	8	1	75	0.0133333
NODE_303071_length_164_cov_154.076923	0	75	10	6	75	0.0800000
NODE_303071_length_164_cov_154.076923	0	75	11	3	75	0.0400000
NODE_303071_length_164_cov_154.076923	0	75	12	10	75	0.1333333
NODE_303071_length_164_cov_154.076923	0	75	14	3	75	0.0400000
NODE_303071_length_164_cov_154.076923	0	75	16	16	75	0.2133333
NODE_303071_length_164_cov_154.076923	0	75	20	2	75	0.0266667
NODE_303071_length_164_cov_154.076923	0	75	22	5	75	0.0666667
NODE_303071_length_164_cov_154.076923	0	75	24	24	75	0.3200000
NODE_303071_length_164_cov_154.076923	48	128	22	28	80	0.3500000
NODE_303071_length_164_cov_154.076923	48	128	24	52	80	0.6500000
NODE_303074_length_164_cov_69.369231	0	64	2	18	64	0.2812500
NODE_303074_length_164_cov_69.369231	0	64	6	43	64	0.6718750
NODE_303074_length_164_cov_69.369231	0	64	9	1	64	0.0156250
NODE_303074_length_164_cov_69.369231	0	64	10	2	64	0.0312500
NODE_303079_length_164_cov_43.923077	36	100	180	11	64	0.1718750
NODE_303079_length_164_cov_43.923077	36	100	182	1	64	0.0156250
NODE_303079_length_164_cov_43.923077	36	100	186	4	64	0.0625000
NODE_303079_length_164_cov_43.923077	36	100	190	2	64	0.0312500
NODE_303079_length_164_cov_43.923077	36	100	191	1	64	0.0156250
NODE_303079_length_164_cov_43.923077	36	100	195	3	64	0.0468750
NODE_303079_length_164_cov_43.923077	36	100	197	42	64	0.6562500
NODE_303079_length_164_cov_43.923077	36	100	180	11	64	0.1718750
NODE_303079_length_164_cov_43.923077	36	100	182	1	64	0.0156250
NODE_303079_length_164_cov_43.923077	36	100	186	4	64	0.0625000
NODE_303079_length_164_cov_43.923077	36	100	190	2	64	0.0312500
NODE_303079_length_164_cov_43.923077	36	100	191	1	64	0.0156250
NODE_303079_length_164_cov_43.923077	36	100	195	3	64	0.0468750
NODE_303079_length_164_cov_43.923077	36	100	197	42	64	0.6562500
NODE_303079_length_164_cov_43.923077	73	153	108	1	80	0.0125000
NODE_303079_length_164_cov_43.923077	73	153	115	1	80	0.0125000
NODE_303079_length_164_cov_43.923077	73	153	121	2	80	0.0250000
NODE_303079_length_164_cov_43.923077	73	153	142	1	80	0.0125000
NODE_303079_length_164_cov_43.923077	73	153	145	1	80	0.0125000
NODE_303079_length_164_cov_43.923077	73	153	147	1	80	0.0125000
NODE_303079_length_164_cov_43.923077	73	153	155	1	80	0.0125000
NODE_303079_length_164_cov_43.923077	73	153	159	1	80	0.0125000
NODE_303079_length_164_cov_43.923077	73	153	160	2	80	0.0250000
NODE_303079_length_164_cov_43.923077	73	153	162	3	80	0.0375000
NODE_303079_length_164_cov_43.923077	73	153	163	1	80	0.0125000
NODE_303079_length_164_cov_43.923077	73	153	164	1	80	0.0125000
NODE_303079_length_164_cov_43.923077	73	153	165	1	80	0.0125000
NODE_303079_length_164_cov_43.923077	73	153	168	1	80	0.0125000
NODE_303079_length_164_cov_43.923077	73	153	174	13	80	0.1625000
NODE_303079_length_164_cov_43.923077	73	153	178	1	80	0.0125000
NODE_303079_length_164_cov_43.923077	73	153	180	2	80	0.0250000
NODE_303079_length_164_cov_43.923077	73	153	182	3	80	0.0375000
NODE_303079_length_164_cov_43.923077	73	153	183	2	80	0.0250000
NODE_303079_length_164_cov_43.923077	73	153	185	1	80	0.0125000
NODE_303079_length_164_cov_43.923077	73	153	191	3	80	0.0375000
NODE_303079_length_164_cov_43.923077	73	153	193	5	80	0.0625000
NODE_303079_length_164_cov_43.923077	73	153	195	2	80	0.0250000
NODE_303079_length_164_cov_43.923077	73	153	197	30	80	0.3750000
NODE_303079_length_164_cov_43.923077	73	153	108	1	80	0.0125000
NODE_303079_length_164_cov_43.923077	73	153	115	1	80	0.0125000
NODE_303079_length_164_cov_43.923077	73	153	121	2	80	0.0250000
NODE_303079_length_164_cov_43.923077	73	153	142	1	80	0.0125000
NODE_303079_length_164_cov_43.923077	73	153	145	1	80	0.0125000
NODE_303079_length_164_cov_43.923077	73	153	147	1	80	0.0125000
NODE_303079_length_164_cov_43.923077	73	153	155	1	80	0.0125000
NODE_303079_length_164_cov_43.923077	73	153	159	1	80	0.0125000
NODE_303079_length_164_cov_43.923077	73	153	160	2	80	0.0250000
NODE_303079_length_164_cov_43.923077	73	153	162	3	80	0.0375000
NODE_303079_length_164_cov_43.923077	73	153	163	1	80	0.0125000
NODE_303079_length_164_cov_43.923077	73	153	164	1	80	0.0125000
NODE_303079_length_164_cov_43.923077	73	153	165	1	80	0.0125000
NODE_303079_length_164_cov_43.923077	73	153	168	1	80	0.0125000
NODE_303079_length_164_cov_43.923077	73	153	174	13	80	0.1625000
NODE_303079_length_164_cov_43.923077	73	153	178	1	80	0.0125000
NODE_303079_length_164_cov_43.923077	73	153	180	2	80	0.0250000
NODE_303079_length_164_cov_43.923077	73	153	182	3	80	0.0375000
NODE_303079_length_164_cov_43.923077	73	153	183	2	80	0.0250000
NODE_303079_length_164_cov_43.923077	73	153	185	1	80	0.0125000
NODE_303079_length_164_cov_43.923077	73	153	191	3	80	0.0375000
NODE_303079_length_164_cov_43.923077	73	153	193	5	80	0.0625000
NODE_303079_length_164_cov_43.923077	73	153	195	2	80	0.0250000
NODE_303079_length_164_cov_43.923077	73	153	197	30	80	0.3750000
NODE_303079_length_164_cov_43.923077	73	153	108	1	80	0.0125000
NODE_303079_length_164_cov_43.923077	73	153	115	1	80	0.0125000
NODE_303079_length_164_cov_43.923077	73	153	121	2	80	0.0250000
NODE_303079_length_164_cov_43.923077	73	153	142	1	80	0.0125000
NODE_303079_length_164_cov_43.923077	73	153	145	1	80	0.0125000
NODE_303079_length_164_cov_43.923077	73	153	147	1	80	0.0125000
NODE_303079_length_164_cov_43.923077	73	153	155	1	80	0.0125000
NODE_303079_length_164_cov_43.923077	73	153	159	1	80	0.0125000
NODE_303079_length_164_cov_43.923077	73	153	160	2	80	0.0250000
NODE_303079_length_164_cov_43.923077	73	153	162	3	80	0.0375000
NODE_303079_length_164_cov_43.923077	73	153	163	1	80	0.0125000
NODE_303079_length_164_cov_43.923077	73	153	164	1	80	0.0125000
NODE_303079_length_164_cov_43.923077	73	153	165	1	80	0.0125000
NODE_303079_length_164_cov_43.923077	73	153	168	1	80	0.0125000
NODE_303079_length_164_cov_43.923077	73	153	174	13	80	0.1625000
NODE_303079_length_164_cov_43.923077	73	153	178	1	80	0.0125000
NODE_303079_length_164_cov_43.923077	73	153	180	2	80	0.0250000
NODE_303079_length_164_cov_43.923077	73	153	182	3	80	0.0375000
NODE_303079_length_164_cov_43.923077	73	153	183	2	80	0.0250000
NODE_303079_length_164_cov_43.923077	73	153	185	1	80	0.0125000
NODE_303079_length_164_cov_43.923077	73	153	191	3	80	0.0375000
NODE_303079_length_164_cov_43.923077	73	153	193	5	80	0.0625000
NODE_303079_length_164_cov_43.923077	73	153	195	2	80	0.0250000
NODE_303079_length_164_cov_43.923077	73	153	197	30	80	0.3750000
NODE_303079_length_164_cov_43.923077	73	153	108	1	80	0.0125000
NODE_303079_length_164_cov_43.923077	73	153	115	1	80	0.0125000
NODE_303079_length_164_cov_43.923077	73	153	121	2	80	0.0250000
NODE_303079_length_164_cov_43.923077	73	153	142	1	80	0.0125000
NODE_303079_length_164_cov_43.923077	73	153	145	1	80	0.0125000
NODE_303079_length_164_cov_43.923077	73	153	147	1	80	0.0125000
NODE_303079_length_164_cov_43.923077	73	153	155	1	80	0.0125000
NODE_303079_length_164_cov_43.923077	73	153	159	1	80	0.0125000
NODE_303079_length_164_cov_43.923077	73	153	160	2	80	0.0250000
NODE_303079_length_164_cov_43.923077	73	153	162	3	80	0.0375000
NODE_303079_length_164_cov_43.923077	73	153	163	1	80	0.0125000
NODE_303079_length_164_cov_43.923077	73	153	164	1	80	0.0125000
NODE_303079_length_164_cov_43.923077	73	153	165	1	80	0.0125000
NODE_303079_length_164_cov_43.923077	73	153	168	1	80	0.0125000
NODE_303079_length_164_cov_43.923077	73	153	174	13	80	0.1625000
NODE_303079_length_164_cov_43.923077	73	153	178	1	80	0.0125000
NODE_303079_length_164_cov_43.923077	73	153	180	2	80	0.0250000
NODE_303079_length_164_cov_43.923077	73	153	182	3	80	0.0375000
NODE_303079_length_164_cov_43.923077	73	153	183	2	80	0.0250000
NODE_303079_length_164_cov_43.923077	73	153	185	1	80	0.0125000
NODE_303079_length_164_cov_43.923077	73	153	191	3	80	0.0375000
NODE_303079_length_164_cov_43.923077	73	153	193	5	80	0.0625000
NODE_303079_length_164_cov_43.923077	73	153	195	2	80	0.0250000
NODE_303079_length_164_cov_43.923077	73	153	197	30	80	0.3750000
NODE_303079_length_164_cov_43.923077	73	153	108	1	80	0.0125000
NODE_303079_length_164_cov_43.923077	73	153	115	1	80	0.0125000
NODE_303079_length_164_cov_43.923077	73	153	121	2	80	0.0250000
NODE_303079_length_164_cov_43.923077	73	153	142	1	80	0.0125000
NODE_303079_length_164_cov_43.923077	73	153	145	1	80	0.0125000
NODE_303079_length_164_cov_43.923077	73	153	147	1	80	0.0125000
NODE_303079_length_164_cov_43.923077	73	153	155	1	80	0.0125000
NODE_303079_length_164_cov_43.923077	73	153	159	1	80	0.0125000
NODE_303079_length_164_cov_43.923077	73	153	160	2	80	0.0250000
NODE_303079_length_164_cov_43.923077	73	153	162	3	80	0.0375000
NODE_303079_length_164_cov_43.923077	73	153	163	1	80	0.0125000
NODE_303079_length_164_cov_43.923077	73	153	164	1	80	0.0125000
NODE_303079_length_164_cov_43.923077	73	153	165	1	80	0.0125000
NODE_303079_length_164_cov_43.923077	73	153	168	1	80	0.0125000
NODE_303079_length_164_cov_43.923077	73	153	174	13	80	0.1625000
NODE_303079_length_164_cov_43.923077	73	153	178	1	80	0.0125000
NODE_303079_length_164_cov_43.923077	73	153	180	2	80	0.0250000
NODE_303079_length_164_cov_43.923077	73	153	182	3	80	0.0375000
NODE_303079_length_164_cov_43.923077	73	153	183	2	80	0.0250000
NODE_303079_length_164_cov_43.923077	73	153	185	1	80	0.0125000
NODE_303079_length_164_cov_43.923077	73	153	191	3	80	0.0375000
NODE_303079_length_164_cov_43.923077	73	153	193	5	80	0.0625000
NODE_303079_length_164_cov_43.923077	73	153	195	2	80	0.0250000
NODE_303079_length_164_cov_43.923077	73	153	197	30	80	0.3750000
NODE_303079_length_164_cov_43.923077	73	144	160	2	71	0.0281690
NODE_303079_length_164_cov_43.923077	73	144	162	3	71	0.0422535
NODE_303079_length_164_cov_43.923077	73	144	163	1	71	0.0140845
NODE_303079_length_164_cov_43.923077	73	144	164	1	71	0.0140845
NODE_303079_length_164_cov_43.923077	73	144	165	1	71	0.0140845
NODE_303079_length_164_cov_43.923077	73	144	168	1	71	0.0140845
NODE_303079_length_164_cov_43.923077	73	144	174	13	71	0.1830986
NODE_303079_length_164_cov_43.923077	73	144	178	1	71	0.0140845
NODE_303079_length_164_cov_43.923077	73	144	180	2	71	0.0281690
NODE_303079_length_164_cov_43.923077	73	144	182	3	71	0.0422535
NODE_303079_length_164_cov_43.923077	73	144	183	2	71	0.0281690
NODE_303079_length_164_cov_43.923077	73	144	185	1	71	0.0140845
NODE_303079_length_164_cov_43.923077	73	144	191	3	71	0.0422535
NODE_303079_length_164_cov_43.923077	73	144	193	5	71	0.0704225
NODE_303079_length_164_cov_43.923077	73	144	195	2	71	0.0281690
NODE_303079_length_164_cov_43.923077	73	144	197	30	71	0.4225352
NODE_303135_length_163_cov_480.593750	0	40	0	2	40	0.0500000
NODE_303135_length_163_cov_480.593750	0	40	1	5	40	0.1250000
NODE_303135_length_163_cov_480.593750	0	40	3	4	40	0.1000000
NODE_303135_length_163_cov_480.593750	0	40	4	3	40	0.0750000
NODE_303135_length_163_cov_480.593750	0	40	6	6	40	0.1500000
NODE_303135_length_163_cov_480.593750	0	40	10	20	40	0.5000000
NODE_303136_length_163_cov_368.000000	24	96	26	1	72	0.0138889
NODE_303136_length_163_cov_368.000000	24	96	28	4	72	0.0555556
NODE_303136_length_163_cov_368.000000	24	96	30	1	72	0.0138889
NODE_303136_length_163_cov_368.000000	24	96	32	66	72	0.9166667
NODE_303138_length_163_cov_319.843750	0	68	10	2	68	0.0294118
NODE_303138_length_163_cov_319.843750	0	68	12	2	68	0.0294118
NODE_303138_length_163_cov_319.843750	0	68	13	2	68	0.0294118
NODE_303138_length_163_cov_319.843750	0	68	14	5	68	0.0735294
NODE_303138_length_163_cov_319.843750	0	68	16	9	68	0.1323529
NODE_303138_length_163_cov_319.843750	0	68	17	11	68	0.1617647
NODE_303138_length_163_cov_319.843750	0	68	18	25	68	0.3676471
NODE_303138_length_163_cov_319.843750	0	68	20	12	68	0.1764706
NODE_303139_length_163_cov_198.078125	34	109	151	3	75	0.0400000
NODE_303139_length_163_cov_198.078125	34	109	153	1	75	0.0133333
NODE_303139_length_163_cov_198.078125	34	109	161	1	75	0.0133333
NODE_303139_length_163_cov_198.078125	34	109	163	2	75	0.0266667
NODE_303139_length_163_cov_198.078125	34	109	165	1	75	0.0133333
NODE_303139_length_163_cov_198.078125	34	109	171	5	75	0.0666667
NODE_303139_length_163_cov_198.078125	34	109	173	31	75	0.4133333
NODE_303139_length_163_cov_198.078125	34	109	174	15	75	0.2000000
NODE_303139_length_163_cov_198.078125	34	109	175	16	75	0.2133333
NODE_303139_length_163_cov_198.078125	34	114	151	3	80	0.0375000
NODE_303139_length_163_cov_198.078125	34	114	153	1	80	0.0125000
NODE_303139_length_163_cov_198.078125	34	114	161	1	80	0.0125000
NODE_303139_length_163_cov_198.078125	34	114	163	2	80	0.0250000
NODE_303139_length_163_cov_198.078125	34	114	165	1	80	0.0125000
NODE_303139_length_163_cov_198.078125	34	114	171	9	80	0.1125000
NODE_303139_length_163_cov_198.078125	34	114	173	32	80	0.4000000
NODE_303139_length_163_cov_198.078125	34	114	174	15	80	0.1875000
NODE_303139_length_163_cov_198.078125	34	114	175	16	80	0.2000000
NODE_303139_length_163_cov_198.078125	35	110	151	2	75	0.0266667
NODE_303139_length_163_cov_198.078125	35	110	153	1	75	0.0133333
NODE_303139_length_163_cov_198.078125	35	110	161	1	75	0.0133333
NODE_303139_length_163_cov_198.078125	35	110	163	2	75	0.0266667
NODE_303139_length_163_cov_198.078125	35	110	165	1	75	0.0133333
NODE_303139_length_163_cov_198.078125	35	110	171	5	75	0.0666667
NODE_303139_length_163_cov_198.078125	35	110	173	32	75	0.4266667
NODE_303139_length_163_cov_198.078125	35	110	174	15	75	0.2000000
NODE_303139_length_163_cov_198.078125	35	110	175	16	75	0.2133333
NODE_303139_length_163_cov_198.078125	87	163	3	2	76	0.0263158
NODE_303139_length_163_cov_198.078125	87	163	9	1	76	0.0131579
NODE_303139_length_163_cov_198.078125	87	163	11	2	76	0.0263158
NODE_303139_length_163_cov_198.078125	87	163	14	1	76	0.0131579
NODE_303139_length_163_cov_198.078125	87	163	24	3	76	0.0394737
NODE_303139_length_163_cov_198.078125	87	163	80	1	76	0.0131579
NODE_303139_length_163_cov_198.078125	87	163	84	1	76	0.0131579
NODE_303139_length_163_cov_198.078125	87	163	91	1	76	0.0131579
NODE_303139_length_163_cov_198.078125	87	163	93	1	76	0.0131579
NODE_303139_length_163_cov_198.078125	87	163	95	3	76	0.0394737
NODE_303139_length_163_cov_198.078125	87	163	99	1	76	0.0131579
NODE_303139_length_163_cov_198.078125	87	163	109	1	76	0.0131579
NODE_303139_length_163_cov_198.078125	87	163	113	1	76	0.0131579
NODE_303139_length_163_cov_198.078125	87	163	119	1	76	0.0131579
NODE_303139_length_163_cov_198.078125	87	163	123	3	76	0.0394737
NODE_303139_length_163_cov_198.078125	87	163	125	1	76	0.0131579
NODE_303139_length_163_cov_198.078125	87	163	133	2	76	0.0263158
NODE_303139_length_163_cov_198.078125	87	163	137	2	76	0.0263158
NODE_303139_length_163_cov_198.078125	87	163	143	3	76	0.0394737
NODE_303139_length_163_cov_198.078125	87	163	151	2	76	0.0263158
NODE_303139_length_163_cov_198.078125	87	163	153	1	76	0.0131579
NODE_303139_length_163_cov_198.078125	87	163	155	6	76	0.0789474
NODE_303139_length_163_cov_198.078125	87	163	159	1	76	0.0131579
NODE_303139_length_163_cov_198.078125	87	163	165	1	76	0.0131579
NODE_303139_length_163_cov_198.078125	87	163	169	2	76	0.0263158
NODE_303139_length_163_cov_198.078125	87	163	171	9	76	0.1184211
NODE_303139_length_163_cov_198.078125	87	163	173	23	76	0.3026316
NODE_303139_length_163_cov_198.078125	87	163	3	2	76	0.0263158
NODE_303139_length_163_cov_198.078125	87	163	9	1	76	0.0131579
NODE_303139_length_163_cov_198.078125	87	163	11	2	76	0.0263158
NODE_303139_length_163_cov_198.078125	87	163	14	1	76	0.0131579
NODE_303139_length_163_cov_198.078125	87	163	24	3	76	0.0394737
NODE_303139_length_163_cov_198.078125	87	163	80	1	76	0.0131579
NODE_303139_length_163_cov_198.078125	87	163	84	1	76	0.0131579
NODE_303139_length_163_cov_198.078125	87	163	91	1	76	0.0131579
NODE_303139_length_163_cov_198.078125	87	163	93	1	76	0.0131579
NODE_303139_length_163_cov_198.078125	87	163	95	3	76	0.0394737
NODE_303139_length_163_cov_198.078125	87	163	99	1	76	0.0131579
NODE_303139_length_163_cov_198.078125	87	163	109	1	76	0.0131579
NODE_303139_length_163_cov_198.078125	87	163	113	1	76	0.0131579
NODE_303139_length_163_cov_198.078125	87	163	119	1	76	0.0131579
NODE_303139_length_163_cov_198.078125	87	163	123	3	76	0.0394737
NODE_303139_length_163_cov_198.078125	87	163	125	1	76	0.0131579
NODE_303139_length_163_cov_198.078125	87	163	133	2	76	0.0263158
NODE_303139_length_163_cov_198.078125	87	163	137	2	76	0.0263158
NODE_303139_length_163_cov_198.078125	87	163	143	3	76	0.0394737
NODE_303139_length_163_cov_198.078125	87	163	151	2	76	0.0263158
NODE_303139_length_163_cov_198.078125	87	163	153	1	76	0.0131579
NODE_303139_length_163_cov_198.078125	87	163	155	6	76	0.0789474
NODE_303139_length_163_cov_198.078125	87	163	159	1	76	0.0131579
NODE_303139_length_163_cov_198.078125	87	163	165	1	76	0.0131579
NODE_303139_length_163_cov_198.078125	87	163	169	2	76	0.0263158
NODE_303139_length_163_cov_198.078125	87	163	171	9	76	0.1184211
NODE_303139_length_163_cov_198.078125	87	163	173	23	76	0.3026316
NODE_303139_length_163_cov_198.078125	87	163	3	2	76	0.0263158
NODE_303139_length_163_cov_198.078125	87	163	9	1	76	0.0131579
NODE_303139_length_163_cov_198.078125	87	163	11	2	76	0.0263158
NODE_303139_length_163_cov_198.078125	87	163	14	1	76	0.0131579
NODE_303139_length_163_cov_198.078125	87	163	24	3	76	0.0394737
NODE_303139_length_163_cov_198.078125	87	163	80	1	76	0.0131579
NODE_303139_length_163_cov_198.078125	87	163	84	1	76	0.0131579
NODE_303139_length_163_cov_198.078125	87	163	91	1	76	0.0131579
NODE_303139_length_163_cov_198.078125	87	163	93	1	76	0.0131579
NODE_303139_length_163_cov_198.078125	87	163	95	3	76	0.0394737
NODE_303139_length_163_cov_198.078125	87	163	99	1	76	0.0131579
NODE_303139_length_163_cov_198.078125	87	163	109	1	76	0.0131579
NODE_303139_length_163_cov_198.078125	87	163	113	1	76	0.0131579
NODE_303139_length_163_cov_198.078125	87	163	119	1	76	0.0131579
NODE_303139_length_163_cov_198.078125	87	163	123	3	76	0.0394737
NODE_303139_length_163_cov_198.078125	87	163	125	1	76	0.0131579
NODE_303139_length_163_cov_198.078125	87	163	133	2	76	0.0263158
NODE_303139_length_163_cov_198.078125	87	163	137	2	76	0.0263158
NODE_303139_length_163_cov_198.078125	87	163	143	3	76	0.0394737
NODE_303139_length_163_cov_198.078125	87	163	151	2	76	0.0263158
NODE_303139_length_163_cov_198.078125	87	163	153	1	76	0.0131579
NODE_303139_length_163_cov_198.078125	87	163	155	6	76	0.0789474
NODE_303139_length_163_cov_198.078125	87	163	159	1	76	0.0131579
NODE_303139_length_163_cov_198.078125	87	163	165	1	76	0.0131579
NODE_303139_length_163_cov_198.078125	87	163	169	2	76	0.0263158
NODE_303139_length_163_cov_198.078125	87	163	171	9	76	0.1184211
NODE_303139_length_163_cov_198.078125	87	163	173	23	76	0.3026316
NODE_303231_length_162_cov_421.047619	7	56	78	1	49	0.0204082
NODE_303231_length_162_cov_421.047619	7	56	108	1	49	0.0204082
NODE_303231_length_162_cov_421.047619	7	56	113	1	49	0.0204082
NODE_303231_length_162_cov_421.047619	7	56	115	1	49	0.0204082
NODE_303231_length_162_cov_421.047619	7	56	120	1	49	0.0204082
NODE_303231_length_162_cov_421.047619	7	56	124	1	49	0.0204082
NODE_303231_length_162_cov_421.047619	7	56	135	1	49	0.0204082
NODE_303231_length_162_cov_421.047619	7	56	143	1	49	0.0204082
NODE_303231_length_162_cov_421.047619	7	56	146	1	49	0.0204082
NODE_303231_length_162_cov_421.047619	7	56	153	1	49	0.0204082
NODE_303231_length_162_cov_421.047619	7	56	155	1	49	0.0204082
NODE_303231_length_162_cov_421.047619	7	56	171	1	49	0.0204082
NODE_303231_length_162_cov_421.047619	7	56	175	1	49	0.0204082
NODE_303231_length_162_cov_421.047619	7	56	179	1	49	0.0204082
NODE_303231_length_162_cov_421.047619	7	56	183	2	49	0.0408163
NODE_303231_length_162_cov_421.047619	7	56	202	1	49	0.0204082
NODE_303231_length_162_cov_421.047619	7	56	215	1	49	0.0204082
NODE_303231_length_162_cov_421.047619	7	56	217	1	49	0.0204082
NODE_303231_length_162_cov_421.047619	7	56	219	1	49	0.0204082
NODE_303231_length_162_cov_421.047619	7	56	221	1	49	0.0204082
NODE_303231_length_162_cov_421.047619	7	56	234	1	49	0.0204082
NODE_303231_length_162_cov_421.047619	7	56	252	2	49	0.0408163
NODE_303231_length_162_cov_421.047619	7	56	253	1	49	0.0204082
NODE_303231_length_162_cov_421.047619	7	56	256	1	49	0.0204082
NODE_303231_length_162_cov_421.047619	7	56	265	2	49	0.0408163
NODE_303231_length_162_cov_421.047619	7	56	276	1	49	0.0204082
NODE_303231_length_162_cov_421.047619	7	56	284	1	49	0.0204082
NODE_303231_length_162_cov_421.047619	7	56	298	1	49	0.0204082
NODE_303231_length_162_cov_421.047619	7	56	300	1	49	0.0204082
NODE_303231_length_162_cov_421.047619	7	56	310	2	49	0.0408163
NODE_303231_length_162_cov_421.047619	7	56	331	1	49	0.0204082
NODE_303231_length_162_cov_421.047619	7	56	337	1	49	0.0204082
NODE_303231_length_162_cov_421.047619	7	56	343	1	49	0.0204082
NODE_303231_length_162_cov_421.047619	7	56	356	1	49	0.0204082
NODE_303231_length_162_cov_421.047619	7	56	364	1	49	0.0204082
NODE_303231_length_162_cov_421.047619	7	56	371	1	49	0.0204082
NODE_303231_length_162_cov_421.047619	7	56	372	1	49	0.0204082
NODE_303231_length_162_cov_421.047619	7	56	378	1	49	0.0204082
NODE_303231_length_162_cov_421.047619	7	56	382	1	49	0.0204082
NODE_303231_length_162_cov_421.047619	7	56	390	1	49	0.0204082
NODE_303231_length_162_cov_421.047619	7	56	396	2	49	0.0408163
NODE_303231_length_162_cov_421.047619	7	56	400	2	49	0.0408163
NODE_303231_length_162_cov_421.047619	7	56	402	1	49	0.0204082
NODE_303231_length_162_cov_421.047619	29	90	252	2	61	0.0327869
NODE_303231_length_162_cov_421.047619	29	90	253	1	61	0.0163934
NODE_303231_length_162_cov_421.047619	29	90	256	1	61	0.0163934
NODE_303231_length_162_cov_421.047619	29	90	265	2	61	0.0327869
NODE_303231_length_162_cov_421.047619	29	90	276	1	61	0.0163934
NODE_303231_length_162_cov_421.047619	29	90	284	1	61	0.0163934
NODE_303231_length_162_cov_421.047619	29	90	298	1	61	0.0163934
NODE_303231_length_162_cov_421.047619	29	90	300	1	61	0.0163934
NODE_303231_length_162_cov_421.047619	29	90	310	2	61	0.0327869
NODE_303231_length_162_cov_421.047619	29	90	331	1	61	0.0163934
NODE_303231_length_162_cov_421.047619	29	90	337	1	61	0.0163934
NODE_303231_length_162_cov_421.047619	29	90	343	1	61	0.0163934
NODE_303231_length_162_cov_421.047619	29	90	356	1	61	0.0163934
NODE_303231_length_162_cov_421.047619	29	90	364	1	61	0.0163934
NODE_303231_length_162_cov_421.047619	29	90	371	1	61	0.0163934
NODE_303231_length_162_cov_421.047619	29	90	372	1	61	0.0163934
NODE_303231_length_162_cov_421.047619	29	90	378	1	61	0.0163934
NODE_303231_length_162_cov_421.047619	29	90	382	1	61	0.0163934
NODE_303231_length_162_cov_421.047619	29	90	390	1	61	0.0163934
NODE_303231_length_162_cov_421.047619	29	90	396	2	61	0.0327869
NODE_303231_length_162_cov_421.047619	29	90	400	2	61	0.0327869
NODE_303231_length_162_cov_421.047619	29	90	402	35	61	0.5737705
NODE_303231_length_162_cov_421.047619	29	92	252	2	63	0.0317460
NODE_303231_length_162_cov_421.047619	29	92	253	1	63	0.0158730
NODE_303231_length_162_cov_421.047619	29	92	256	1	63	0.0158730
NODE_303231_length_162_cov_421.047619	29	92	265	2	63	0.0317460
NODE_303231_length_162_cov_421.047619	29	92	276	1	63	0.0158730
NODE_303231_length_162_cov_421.047619	29	92	284	1	63	0.0158730
NODE_303231_length_162_cov_421.047619	29	92	298	1	63	0.0158730
NODE_303231_length_162_cov_421.047619	29	92	300	1	63	0.0158730
NODE_303231_length_162_cov_421.047619	29	92	310	2	63	0.0317460
NODE_303231_length_162_cov_421.047619	29	92	331	1	63	0.0158730
NODE_303231_length_162_cov_421.047619	29	92	337	1	63	0.0158730
NODE_303231_length_162_cov_421.047619	29	92	343	1	63	0.0158730
NODE_303231_length_162_cov_421.047619	29	92	356	1	63	0.0158730
NODE_303231_length_162_cov_421.047619	29	92	364	1	63	0.0158730
NODE_303231_length_162_cov_421.047619	29	92	371	1	63	0.0158730
NODE_303231_length_162_cov_421.047619	29	92	372	1	63	0.0158730
NODE_303231_length_162_cov_421.047619	29	92	378	1	63	0.0158730
NODE_303231_length_162_cov_421.047619	29	92	382	1	63	0.0158730
NODE_303231_length_162_cov_421.047619	29	92	390	1	63	0.0158730
NODE_303231_length_162_cov_421.047619	29	92	396	2	63	0.0317460
NODE_303231_length_162_cov_421.047619	29	92	400	2	63	0.0317460
NODE_303231_length_162_cov_421.047619	29	92	402	37	63	0.5873016
NODE_303231_length_162_cov_421.047619	29	92	252	2	63	0.0317460
NODE_303231_length_162_cov_421.047619	29	92	253	1	63	0.0158730
NODE_303231_length_162_cov_421.047619	29	92	256	1	63	0.0158730
NODE_303231_length_162_cov_421.047619	29	92	265	2	63	0.0317460
NODE_303231_length_162_cov_421.047619	29	92	276	1	63	0.0158730
NODE_303231_length_162_cov_421.047619	29	92	284	1	63	0.0158730
NODE_303231_length_162_cov_421.047619	29	92	298	1	63	0.0158730
NODE_303231_length_162_cov_421.047619	29	92	300	1	63	0.0158730
NODE_303231_length_162_cov_421.047619	29	92	310	2	63	0.0317460
NODE_303231_length_162_cov_421.047619	29	92	331	1	63	0.0158730
NODE_303231_length_162_cov_421.047619	29	92	337	1	63	0.0158730
NODE_303231_length_162_cov_421.047619	29	92	343	1	63	0.0158730
NODE_303231_length_162_cov_421.047619	29	92	356	1	63	0.0158730
NODE_303231_length_162_cov_421.047619	29	92	364	1	63	0.0158730
NODE_303231_length_162_cov_421.047619	29	92	371	1	63	0.0158730
NODE_303231_length_162_cov_421.047619	29	92	372	1	63	0.0158730
NODE_303231_length_162_cov_421.047619	29	92	378	1	63	0.0158730
NODE_303231_length_162_cov_421.047619	29	92	382	1	63	0.0158730
NODE_303231_length_162_cov_421.047619	29	92	390	1	63	0.0158730
NODE_303231_length_162_cov_421.047619	29	92	396	2	63	0.0317460
NODE_303231_length_162_cov_421.047619	29	92	400	2	63	0.0317460
NODE_303231_length_162_cov_421.047619	29	92	402	37	63	0.5873016
NODE_303231_length_162_cov_421.047619	29	92	252	2	63	0.0317460
NODE_303231_length_162_cov_421.047619	29	92	253	1	63	0.0158730
NODE_303231_length_162_cov_421.047619	29	92	256	1	63	0.0158730
NODE_303231_length_162_cov_421.047619	29	92	265	2	63	0.0317460
NODE_303231_length_162_cov_421.047619	29	92	276	1	63	0.0158730
NODE_303231_length_162_cov_421.047619	29	92	284	1	63	0.0158730
NODE_303231_length_162_cov_421.047619	29	92	298	1	63	0.0158730
NODE_303231_length_162_cov_421.047619	29	92	300	1	63	0.0158730
NODE_303231_length_162_cov_421.047619	29	92	310	2	63	0.0317460
NODE_303231_length_162_cov_421.047619	29	92	331	1	63	0.0158730
NODE_303231_length_162_cov_421.047619	29	92	337	1	63	0.0158730
NODE_303231_length_162_cov_421.047619	29	92	343	1	63	0.0158730
NODE_303231_length_162_cov_421.047619	29	92	356	1	63	0.0158730
NODE_303231_length_162_cov_421.047619	29	92	364	1	63	0.0158730
NODE_303231_length_162_cov_421.047619	29	92	371	1	63	0.0158730
NODE_303231_length_162_cov_421.047619	29	92	372	1	63	0.0158730
NODE_303231_length_162_cov_421.047619	29	92	378	1	63	0.0158730
NODE_303231_length_162_cov_421.047619	29	92	382	1	63	0.0158730
NODE_303231_length_162_cov_421.047619	29	92	390	1	63	0.0158730
NODE_303231_length_162_cov_421.047619	29	92	396	2	63	0.0317460
NODE_303231_length_162_cov_421.047619	29	92	400	2	63	0.0317460
NODE_303231_length_162_cov_421.047619	29	92	402	37	63	0.5873016
NODE_303250_length_162_cov_45.380952	63	127	69	10	64	0.1562500
NODE_303250_length_162_cov_45.380952	63	127	71	13	64	0.2031250
NODE_303250_length_162_cov_45.380952	63	127	73	41	64	0.6406250
NODE_303250_length_162_cov_45.380952	63	127	69	10	64	0.1562500
NODE_303250_length_162_cov_45.380952	63	127	71	13	64	0.2031250
NODE_303250_length_162_cov_45.380952	63	127	73	41	64	0.6406250
NODE_303250_length_162_cov_45.380952	100	162	7	2	62	0.0322581
NODE_303250_length_162_cov_45.380952	100	162	17	1	62	0.0161290
NODE_303250_length_162_cov_45.380952	100	162	24	1	62	0.0161290
NODE_303250_length_162_cov_45.380952	100	162	26	1	62	0.0161290
NODE_303250_length_162_cov_45.380952	100	162	27	2	62	0.0322581
NODE_303250_length_162_cov_45.380952	100	162	28	3	62	0.0483871
NODE_303250_length_162_cov_45.380952	100	162	29	2	62	0.0322581
NODE_303250_length_162_cov_45.380952	100	162	31	1	62	0.0161290
NODE_303250_length_162_cov_45.380952	100	162	35	1	62	0.0161290
NODE_303250_length_162_cov_45.380952	100	162	36	5	62	0.0806452
NODE_303250_length_162_cov_45.380952	100	162	40	1	62	0.0161290
NODE_303250_length_162_cov_45.380952	100	162	43	2	62	0.0322581
NODE_303250_length_162_cov_45.380952	100	162	45	1	62	0.0161290
NODE_303250_length_162_cov_45.380952	100	162	48	1	62	0.0161290
NODE_303250_length_162_cov_45.380952	100	162	52	1	62	0.0161290
NODE_303250_length_162_cov_45.380952	100	162	59	1	62	0.0161290
NODE_303250_length_162_cov_45.380952	100	162	61	3	62	0.0483871
NODE_303250_length_162_cov_45.380952	100	162	67	2	62	0.0322581
NODE_303250_length_162_cov_45.380952	100	162	69	14	62	0.2258064
NODE_303250_length_162_cov_45.380952	100	162	71	13	62	0.2096774
NODE_303250_length_162_cov_45.380952	100	162	73	4	62	0.0645161
NODE_303301_length_161_cov_1483.177419	51	131	37	2	80	0.0250000
NODE_303301_length_161_cov_1483.177419	51	131	40	6	80	0.0750000
NODE_303301_length_161_cov_1483.177419	51	131	41	2	80	0.0250000
NODE_303301_length_161_cov_1483.177419	51	131	42	70	80	0.8750000
NODE_303301_length_161_cov_1483.177419	104	161	8	2	57	0.0350877
NODE_303301_length_161_cov_1483.177419	104	161	9	2	57	0.0350877
NODE_303301_length_161_cov_1483.177419	104	161	11	1	57	0.0175439
NODE_303301_length_161_cov_1483.177419	104	161	13	1	57	0.0175439
NODE_303301_length_161_cov_1483.177419	104	161	17	2	57	0.0350877
NODE_303301_length_161_cov_1483.177419	104	161	20	5	57	0.0877193
NODE_303301_length_161_cov_1483.177419	104	161	22	1	57	0.0175439
NODE_303301_length_161_cov_1483.177419	104	161	28	3	57	0.0526316
NODE_303301_length_161_cov_1483.177419	104	161	30	1	57	0.0175439
NODE_303301_length_161_cov_1483.177419	104	161	32	2	57	0.0350877
NODE_303301_length_161_cov_1483.177419	104	161	34	3	57	0.0526316
NODE_303301_length_161_cov_1483.177419	104	161	36	2	57	0.0350877
NODE_303301_length_161_cov_1483.177419	104	161	38	3	57	0.0526316
NODE_303301_length_161_cov_1483.177419	104	161	40	8	57	0.1403509
NODE_303301_length_161_cov_1483.177419	104	161	42	21	57	0.3684210
NODE_303312_length_161_cov_71.500000	33	110	14	1	77	0.0129870
NODE_303312_length_161_cov_71.500000	33	110	16	76	77	0.9870130
NODE_303312_length_161_cov_71.500000	33	110	14	1	77	0.0129870
NODE_303312_length_161_cov_71.500000	33	110	16	76	77	0.9870130
NODE_303312_length_161_cov_71.500000	33	110	14	1	77	0.0129870
NODE_303312_length_161_cov_71.500000	33	110	16	76	77	0.9870130
NODE_303312_length_161_cov_71.500000	33	110	14	1	77	0.0129870
NODE_303312_length_161_cov_71.500000	33	110	16	76	77	0.9870130
NODE_303312_length_161_cov_71.500000	83	149	9	19	66	0.2878788
NODE_303312_length_161_cov_71.500000	83	149	13	9	66	0.1363636
NODE_303312_length_161_cov_71.500000	83	149	16	29	66	0.4393939
NODE_303312_length_161_cov_71.500000	83	149	17	9	66	0.1363636
NODE_303312_length_161_cov_71.500000	83	161	1	5	78	0.0641026
NODE_303312_length_161_cov_71.500000	83	161	9	26	78	0.3333333
NODE_303312_length_161_cov_71.500000	83	161	13	9	78	0.1153846
NODE_303312_length_161_cov_71.500000	83	161	16	29	78	0.3717949
NODE_303312_length_161_cov_71.500000	83	161	17	9	78	0.1153846
NODE_303312_length_161_cov_71.500000	86	161	1	5	75	0.0666667
NODE_303312_length_161_cov_71.500000	86	161	9	26	75	0.3466667
NODE_303312_length_161_cov_71.500000	86	161	13	9	75	0.1200000
NODE_303312_length_161_cov_71.500000	86	161	16	26	75	0.3466667
NODE_303312_length_161_cov_71.500000	86	161	17	9	75	0.1200000
NODE_303312_length_161_cov_71.500000	86	161	1	5	75	0.0666667
NODE_303312_length_161_cov_71.500000	86	161	9	26	75	0.3466667
NODE_303312_length_161_cov_71.500000	86	161	13	9	75	0.1200000
NODE_303312_length_161_cov_71.500000	86	161	16	26	75	0.3466667
NODE_303312_length_161_cov_71.500000	86	161	17	9	75	0.1200000
NODE_303312_length_161_cov_71.500000	88	161	1	5	73	0.0684932
NODE_303312_length_161_cov_71.500000	88	161	9	26	73	0.3561644
NODE_303312_length_161_cov_71.500000	88	161	13	9	73	0.1232877
NODE_303312_length_161_cov_71.500000	88	161	16	24	73	0.3287671
NODE_303312_length_161_cov_71.500000	88	161	17	9	73	0.1232877
NODE_303321_length_161_cov_29.758065	0	80	0	5	80	0.0625000
NODE_303321_length_161_cov_29.758065	0	80	2	1	80	0.0125000
NODE_303321_length_161_cov_29.758065	0	80	3	3	80	0.0375000
NODE_303321_length_161_cov_29.758065	0	80	5	3	80	0.0375000
NODE_303321_length_161_cov_29.758065	0	80	7	2	80	0.0250000
NODE_303321_length_161_cov_29.758065	0	80	13	1	80	0.0125000
NODE_303321_length_161_cov_29.758065	0	80	15	6	80	0.0750000
NODE_303321_length_161_cov_29.758065	0	80	16	1	80	0.0125000
NODE_303321_length_161_cov_29.758065	0	80	18	1	80	0.0125000
NODE_303321_length_161_cov_29.758065	0	80	22	1	80	0.0125000
NODE_303321_length_161_cov_29.758065	0	80	26	5	80	0.0625000
NODE_303321_length_161_cov_29.758065	0	80	30	25	80	0.3125000
NODE_303321_length_161_cov_29.758065	0	80	32	26	80	0.3250000
NODE_303381_length_160_cov_143.573770	45	125	22	2	80	0.0250000
NODE_303381_length_160_cov_143.573770	45	125	26	6	80	0.0750000
NODE_303381_length_160_cov_143.573770	45	125	28	12	80	0.1500000
NODE_303381_length_160_cov_143.573770	45	125	30	14	80	0.1750000
NODE_303381_length_160_cov_143.573770	45	125	32	46	80	0.5750000
NODE_303381_length_160_cov_143.573770	93	160	0	5	67	0.0746269
NODE_303381_length_160_cov_143.573770	93	160	4	4	67	0.0597015
NODE_303381_length_160_cov_143.573770	93	160	8	2	67	0.0298507
NODE_303381_length_160_cov_143.573770	93	160	12	4	67	0.0597015
NODE_303381_length_160_cov_143.573770	93	160	14	3	67	0.0447761
NODE_303381_length_160_cov_143.573770	93	160	16	5	67	0.0746269
NODE_303381_length_160_cov_143.573770	93	160	19	5	67	0.0746269
NODE_303381_length_160_cov_143.573770	93	160	21	1	67	0.0149254
NODE_303381_length_160_cov_143.573770	93	160	22	1	67	0.0149254
NODE_303381_length_160_cov_143.573770	93	160	24	3	67	0.0447761
NODE_303381_length_160_cov_143.573770	93	160	26	2	67	0.0298507
NODE_303381_length_160_cov_143.573770	93	160	28	12	67	0.1791045
NODE_303381_length_160_cov_143.573770	93	160	30	9	67	0.1343284
NODE_303381_length_160_cov_143.573770	93	160	32	11	67	0.1641791
NODE_303381_length_160_cov_143.573770	98	120	28	7	22	0.3181818
NODE_303381_length_160_cov_143.573770	98	120	30	9	22	0.4090909
NODE_303381_length_160_cov_143.573770	98	120	32	6	22	0.2727273
NODE_303388_length_160_cov_58.245902	0	45	0	19	45	0.4222222
NODE_303388_length_160_cov_58.245902	0	45	2	26	45	0.5777778
NODE_303431_length_159_cov_182.016667	71	156	5	4	85	0.0470588
NODE_303431_length_159_cov_182.016667	71	156	11	2	85	0.0235294
NODE_303431_length_159_cov_182.016667	71	156	25	2	85	0.0235294
NODE_303431_length_159_cov_182.016667	71	156	27	3	85	0.0352941
NODE_303431_length_159_cov_182.016667	71	156	28	1	85	0.0117647
NODE_303431_length_159_cov_182.016667	71	156	32	2	85	0.0235294
NODE_303431_length_159_cov_182.016667	71	156	38	5	85	0.0588235
NODE_303431_length_159_cov_182.016667	71	156	40	1	85	0.0117647
NODE_303431_length_159_cov_182.016667	71	156	42	4	85	0.0470588
NODE_303431_length_159_cov_182.016667	71	156	52	11	85	0.1294118
NODE_303431_length_159_cov_182.016667	71	156	54	50	85	0.5882353
NODE_303431_length_159_cov_182.016667	71	156	5	4	85	0.0470588
NODE_303431_length_159_cov_182.016667	71	156	11	2	85	0.0235294
NODE_303431_length_159_cov_182.016667	71	156	25	2	85	0.0235294
NODE_303431_length_159_cov_182.016667	71	156	27	3	85	0.0352941
NODE_303431_length_159_cov_182.016667	71	156	28	1	85	0.0117647
NODE_303431_length_159_cov_182.016667	71	156	32	2	85	0.0235294
NODE_303431_length_159_cov_182.016667	71	156	38	5	85	0.0588235
NODE_303431_length_159_cov_182.016667	71	156	40	1	85	0.0117647
NODE_303431_length_159_cov_182.016667	71	156	42	4	85	0.0470588
NODE_303431_length_159_cov_182.016667	71	156	52	11	85	0.1294118
NODE_303431_length_159_cov_182.016667	71	156	54	50	85	0.5882353
NODE_303431_length_159_cov_182.016667	71	156	5	4	85	0.0470588
NODE_303431_length_159_cov_182.016667	71	156	11	2	85	0.0235294
NODE_303431_length_159_cov_182.016667	71	156	25	2	85	0.0235294
NODE_303431_length_159_cov_182.016667	71	156	27	3	85	0.0352941
NODE_303431_length_159_cov_182.016667	71	156	28	1	85	0.0117647
NODE_303431_length_159_cov_182.016667	71	156	32	2	85	0.0235294
NODE_303431_length_159_cov_182.016667	71	156	38	5	85	0.0588235
NODE_303431_length_159_cov_182.016667	71	156	40	1	85	0.0117647
NODE_303431_length_159_cov_182.016667	71	156	42	4	85	0.0470588
NODE_303431_length_159_cov_182.016667	71	156	52	11	85	0.1294118
NODE_303431_length_159_cov_182.016667	71	156	54	50	85	0.5882353
NODE_303440_length_159_cov_85.750000	0	43	2	6	43	0.1395349
NODE_303440_length_159_cov_85.750000	0	43	4	8	43	0.1860465
NODE_303440_length_159_cov_85.750000	0	43	12	6	43	0.1395349
NODE_303440_length_159_cov_85.750000	0	43	14	4	43	0.0930233
NODE_303440_length_159_cov_85.750000	0	43	18	9	43	0.2093023
NODE_303440_length_159_cov_85.750000	0	43	22	1	43	0.0232558
NODE_303440_length_159_cov_85.750000	0	43	24	1	43	0.0232558
NODE_303440_length_159_cov_85.750000	0	43	26	2	43	0.0465116
NODE_303440_length_159_cov_85.750000	0	43	29	6	43	0.1395349
NODE_303440_length_159_cov_85.750000	16	97	12	4	81	0.0493827
NODE_303440_length_159_cov_85.750000	16	97	14	4	81	0.0493827
NODE_303440_length_159_cov_85.750000	16	97	18	9	81	0.1111111
NODE_303440_length_159_cov_85.750000	16	97	22	1	81	0.0123457
NODE_303440_length_159_cov_85.750000	16	97	24	1	81	0.0123457
NODE_303440_length_159_cov_85.750000	16	97	26	2	81	0.0246914
NODE_303440_length_159_cov_85.750000	16	97	29	9	81	0.1111111
NODE_303440_length_159_cov_85.750000	16	97	31	51	81	0.6296296
NODE_303440_length_159_cov_85.750000	65	145	16	1	80	0.0125000
NODE_303440_length_159_cov_85.750000	65	145	17	1	80	0.0125000
NODE_303440_length_159_cov_85.750000	65	145	19	1	80	0.0125000
NODE_303440_length_159_cov_85.750000	65	145	20	2	80	0.0250000
NODE_303440_length_159_cov_85.750000	65	145	22	4	80	0.0500000
NODE_303440_length_159_cov_85.750000	65	145	26	4	80	0.0500000
NODE_303440_length_159_cov_85.750000	65	145	28	4	80	0.0500000
NODE_303440_length_159_cov_85.750000	65	145	29	8	80	0.1000000
NODE_303440_length_159_cov_85.750000	65	145	30	14	80	0.1750000
NODE_303440_length_159_cov_85.750000	65	145	31	41	80	0.5125000
NODE_303440_length_159_cov_85.750000	70	92	31	22	22	1.0000000
NODE_303546_length_158_cov_119.813559	34	77	10	43	43	1.0000000
NODE_303546_length_158_cov_119.813559	78	113	10	35	35	1.0000000
NODE_303546_length_158_cov_119.813559	123	158	0	2	35	0.0571429
NODE_303546_length_158_cov_119.813559	123	158	2	27	35	0.7714286
NODE_303546_length_158_cov_119.813559	123	158	7	2	35	0.0571429
NODE_303546_length_158_cov_119.813559	123	158	8	4	35	0.1142857
NODE_303552_length_158_cov_70.135593	5	82	37	2	77	0.0259740
NODE_303552_length_158_cov_70.135593	5	82	41	2	77	0.0259740
NODE_303552_length_158_cov_70.135593	5	82	46	4	77	0.0519481
NODE_303552_length_158_cov_70.135593	5	82	48	9	77	0.1168831
NODE_303552_length_158_cov_70.135593	5	82	50	60	77	0.7792208
NODE_303552_length_158_cov_70.135593	5	82	37	2	77	0.0259740
NODE_303552_length_158_cov_70.135593	5	82	41	2	77	0.0259740
NODE_303552_length_158_cov_70.135593	5	82	46	4	77	0.0519481
NODE_303552_length_158_cov_70.135593	5	82	48	9	77	0.1168831
NODE_303552_length_158_cov_70.135593	5	82	50	60	77	0.7792208
NODE_303552_length_158_cov_70.135593	81	155	12	1	74	0.0135135
NODE_303552_length_158_cov_70.135593	81	155	14	1	74	0.0135135
NODE_303552_length_158_cov_70.135593	81	155	15	2	74	0.0270270
NODE_303552_length_158_cov_70.135593	81	155	16	2	74	0.0270270
NODE_303552_length_158_cov_70.135593	81	155	21	3	74	0.0405405
NODE_303552_length_158_cov_70.135593	81	155	27	5	74	0.0675676
NODE_303552_length_158_cov_70.135593	81	155	31	7	74	0.0945946
NODE_303552_length_158_cov_70.135593	81	155	38	1	74	0.0135135
NODE_303552_length_158_cov_70.135593	81	155	40	6	74	0.0810811
NODE_303552_length_158_cov_70.135593	81	155	44	5	74	0.0675676
NODE_303552_length_158_cov_70.135593	81	155	50	41	74	0.5540541
NODE_303555_length_158_cov_63.559322	80	151	18	4	71	0.0563380
NODE_303555_length_158_cov_63.559322	80	151	21	2	71	0.0281690
NODE_303555_length_158_cov_63.559322	80	151	25	2	71	0.0281690
NODE_303555_length_158_cov_63.559322	80	151	27	1	71	0.0140845
NODE_303555_length_158_cov_63.559322	80	151	29	3	71	0.0422535
NODE_303555_length_158_cov_63.559322	80	151	31	7	71	0.0985916
NODE_303555_length_158_cov_63.559322	80	151	34	4	71	0.0563380
NODE_303555_length_158_cov_63.559322	80	151	36	1	71	0.0140845
NODE_303555_length_158_cov_63.559322	80	151	40	15	71	0.2112676
NODE_303555_length_158_cov_63.559322	80	151	42	3	71	0.0422535
NODE_303555_length_158_cov_63.559322	80	151	44	29	71	0.4084507
NODE_303556_length_158_cov_61.203390	2	66	233	1	64	0.0156250
NODE_303556_length_158_cov_61.203390	2	66	286	1	64	0.0156250
NODE_303556_length_158_cov_61.203390	2	66	299	1	64	0.0156250
NODE_303556_length_158_cov_61.203390	2	66	307	1	64	0.0156250
NODE_303556_length_158_cov_61.203390	2	66	314	1	64	0.0156250
NODE_303556_length_158_cov_61.203390	2	66	324	1	64	0.0156250
NODE_303556_length_158_cov_61.203390	2	66	349	1	64	0.0156250
NODE_303556_length_158_cov_61.203390	2	66	366	1	64	0.0156250
NODE_303556_length_158_cov_61.203390	2	66	368	1	64	0.0156250
NODE_303556_length_158_cov_61.203390	2	66	370	1	64	0.0156250
NODE_303556_length_158_cov_61.203390	2	66	376	1	64	0.0156250
NODE_303556_length_158_cov_61.203390	2	66	389	1	64	0.0156250
NODE_303556_length_158_cov_61.203390	2	66	403	1	64	0.0156250
NODE_303556_length_158_cov_61.203390	2	66	404	1	64	0.0156250
NODE_303556_length_158_cov_61.203390	2	66	422	1	64	0.0156250
NODE_303556_length_158_cov_61.203390	2	66	428	1	64	0.0156250
NODE_303556_length_158_cov_61.203390	2	66	471	1	64	0.0156250
NODE_303556_length_158_cov_61.203390	2	66	499	1	64	0.0156250
NODE_303556_length_158_cov_61.203390	2	66	512	1	64	0.0156250
NODE_303556_length_158_cov_61.203390	2	66	538	1	64	0.0156250
NODE_303556_length_158_cov_61.203390	2	66	546	1	64	0.0156250
NODE_303556_length_158_cov_61.203390	2	66	557	1	64	0.0156250
NODE_303556_length_158_cov_61.203390	2	66	581	2	64	0.0312500
NODE_303556_length_158_cov_61.203390	2	66	593	1	64	0.0156250
NODE_303556_length_158_cov_61.203390	2	66	619	1	64	0.0156250
NODE_303556_length_158_cov_61.203390	2	66	623	2	64	0.0312500
NODE_303556_length_158_cov_61.203390	2	66	638	1	64	0.0156250
NODE_303556_length_158_cov_61.203390	2	66	648	1	64	0.0156250
NODE_303556_length_158_cov_61.203390	2	66	668	1	64	0.0156250
NODE_303556_length_158_cov_61.203390	2	66	672	1	64	0.0156250
NODE_303556_length_158_cov_61.203390	2	66	676	1	64	0.0156250
NODE_303556_length_158_cov_61.203390	2	66	678	1	64	0.0156250
NODE_303556_length_158_cov_61.203390	2	66	680	1	64	0.0156250
NODE_303556_length_158_cov_61.203390	2	66	693	1	64	0.0156250
NODE_303556_length_158_cov_61.203390	2	66	707	2	64	0.0312500
NODE_303556_length_158_cov_61.203390	2	66	714	1	64	0.0156250
NODE_303556_length_158_cov_61.203390	2	66	718	2	64	0.0312500
NODE_303556_length_158_cov_61.203390	2	66	719	1	64	0.0156250
NODE_303556_length_158_cov_61.203390	2	66	735	1	64	0.0156250
NODE_303556_length_158_cov_61.203390	2	66	739	1	64	0.0156250
NODE_303556_length_158_cov_61.203390	2	66	742	1	64	0.0156250
NODE_303556_length_158_cov_61.203390	2	66	748	1	64	0.0156250
NODE_303556_length_158_cov_61.203390	2	66	751	1	64	0.0156250
NODE_303556_length_158_cov_61.203390	2	66	758	1	64	0.0156250
NODE_303556_length_158_cov_61.203390	2	66	760	1	64	0.0156250
NODE_303556_length_158_cov_61.203390	2	66	761	5	64	0.0781250
NODE_303556_length_158_cov_61.203390	2	66	763	1	64	0.0156250
NODE_303556_length_158_cov_61.203390	2	66	764	5	64	0.0781250
NODE_303556_length_158_cov_61.203390	2	66	765	4	64	0.0625000
NODE_303556_length_158_cov_61.203390	2	66	233	1	64	0.0156250
NODE_303556_length_158_cov_61.203390	2	66	286	1	64	0.0156250
NODE_303556_length_158_cov_61.203390	2	66	299	1	64	0.0156250
NODE_303556_length_158_cov_61.203390	2	66	307	1	64	0.0156250
NODE_303556_length_158_cov_61.203390	2	66	314	1	64	0.0156250
NODE_303556_length_158_cov_61.203390	2	66	324	1	64	0.0156250
NODE_303556_length_158_cov_61.203390	2	66	349	1	64	0.0156250
NODE_303556_length_158_cov_61.203390	2	66	366	1	64	0.0156250
NODE_303556_length_158_cov_61.203390	2	66	368	1	64	0.0156250
NODE_303556_length_158_cov_61.203390	2	66	370	1	64	0.0156250
NODE_303556_length_158_cov_61.203390	2	66	376	1	64	0.0156250
NODE_303556_length_158_cov_61.203390	2	66	389	1	64	0.0156250
NODE_303556_length_158_cov_61.203390	2	66	403	1	64	0.0156250
NODE_303556_length_158_cov_61.203390	2	66	404	1	64	0.0156250
NODE_303556_length_158_cov_61.203390	2	66	422	1	64	0.0156250
NODE_303556_length_158_cov_61.203390	2	66	428	1	64	0.0156250
NODE_303556_length_158_cov_61.203390	2	66	471	1	64	0.0156250
NODE_303556_length_158_cov_61.203390	2	66	499	1	64	0.0156250
NODE_303556_length_158_cov_61.203390	2	66	512	1	64	0.0156250
NODE_303556_length_158_cov_61.203390	2	66	538	1	64	0.0156250
NODE_303556_length_158_cov_61.203390	2	66	546	1	64	0.0156250
NODE_303556_length_158_cov_61.203390	2	66	557	1	64	0.0156250
NODE_303556_length_158_cov_61.203390	2	66	581	2	64	0.0312500
NODE_303556_length_158_cov_61.203390	2	66	593	1	64	0.0156250
NODE_303556_length_158_cov_61.203390	2	66	619	1	64	0.0156250
NODE_303556_length_158_cov_61.203390	2	66	623	2	64	0.0312500
NODE_303556_length_158_cov_61.203390	2	66	638	1	64	0.0156250
NODE_303556_length_158_cov_61.203390	2	66	648	1	64	0.0156250
NODE_303556_length_158_cov_61.203390	2	66	668	1	64	0.0156250
NODE_303556_length_158_cov_61.203390	2	66	672	1	64	0.0156250
NODE_303556_length_158_cov_61.203390	2	66	676	1	64	0.0156250
NODE_303556_length_158_cov_61.203390	2	66	678	1	64	0.0156250
NODE_303556_length_158_cov_61.203390	2	66	680	1	64	0.0156250
NODE_303556_length_158_cov_61.203390	2	66	693	1	64	0.0156250
NODE_303556_length_158_cov_61.203390	2	66	707	2	64	0.0312500
NODE_303556_length_158_cov_61.203390	2	66	714	1	64	0.0156250
NODE_303556_length_158_cov_61.203390	2	66	718	2	64	0.0312500
NODE_303556_length_158_cov_61.203390	2	66	719	1	64	0.0156250
NODE_303556_length_158_cov_61.203390	2	66	735	1	64	0.0156250
NODE_303556_length_158_cov_61.203390	2	66	739	1	64	0.0156250
NODE_303556_length_158_cov_61.203390	2	66	742	1	64	0.0156250
NODE_303556_length_158_cov_61.203390	2	66	748	1	64	0.0156250
NODE_303556_length_158_cov_61.203390	2	66	751	1	64	0.0156250
NODE_303556_length_158_cov_61.203390	2	66	758	1	64	0.0156250
NODE_303556_length_158_cov_61.203390	2	66	760	1	64	0.0156250
NODE_303556_length_158_cov_61.203390	2	66	761	5	64	0.0781250
NODE_303556_length_158_cov_61.203390	2	66	763	1	64	0.0156250
NODE_303556_length_158_cov_61.203390	2	66	764	5	64	0.0781250
NODE_303556_length_158_cov_61.203390	2	66	765	4	64	0.0625000
NODE_303556_length_158_cov_61.203390	2	66	233	1	64	0.0156250
NODE_303556_length_158_cov_61.203390	2	66	286	1	64	0.0156250
NODE_303556_length_158_cov_61.203390	2	66	299	1	64	0.0156250
NODE_303556_length_158_cov_61.203390	2	66	307	1	64	0.0156250
NODE_303556_length_158_cov_61.203390	2	66	314	1	64	0.0156250
NODE_303556_length_158_cov_61.203390	2	66	324	1	64	0.0156250
NODE_303556_length_158_cov_61.203390	2	66	349	1	64	0.0156250
NODE_303556_length_158_cov_61.203390	2	66	366	1	64	0.0156250
NODE_303556_length_158_cov_61.203390	2	66	368	1	64	0.0156250
NODE_303556_length_158_cov_61.203390	2	66	370	1	64	0.0156250
NODE_303556_length_158_cov_61.203390	2	66	376	1	64	0.0156250
NODE_303556_length_158_cov_61.203390	2	66	389	1	64	0.0156250
NODE_303556_length_158_cov_61.203390	2	66	403	1	64	0.0156250
NODE_303556_length_158_cov_61.203390	2	66	404	1	64	0.0156250
NODE_303556_length_158_cov_61.203390	2	66	422	1	64	0.0156250
NODE_303556_length_158_cov_61.203390	2	66	428	1	64	0.0156250
NODE_303556_length_158_cov_61.203390	2	66	471	1	64	0.0156250
NODE_303556_length_158_cov_61.203390	2	66	499	1	64	0.0156250
NODE_303556_length_158_cov_61.203390	2	66	512	1	64	0.0156250
NODE_303556_length_158_cov_61.203390	2	66	538	1	64	0.0156250
NODE_303556_length_158_cov_61.203390	2	66	546	1	64	0.0156250
NODE_303556_length_158_cov_61.203390	2	66	557	1	64	0.0156250
NODE_303556_length_158_cov_61.203390	2	66	581	2	64	0.0312500
NODE_303556_length_158_cov_61.203390	2	66	593	1	64	0.0156250
NODE_303556_length_158_cov_61.203390	2	66	619	1	64	0.0156250
NODE_303556_length_158_cov_61.203390	2	66	623	2	64	0.0312500
NODE_303556_length_158_cov_61.203390	2	66	638	1	64	0.0156250
NODE_303556_length_158_cov_61.203390	2	66	648	1	64	0.0156250
NODE_303556_length_158_cov_61.203390	2	66	668	1	64	0.0156250
NODE_303556_length_158_cov_61.203390	2	66	672	1	64	0.0156250
NODE_303556_length_158_cov_61.203390	2	66	676	1	64	0.0156250
NODE_303556_length_158_cov_61.203390	2	66	678	1	64	0.0156250
NODE_303556_length_158_cov_61.203390	2	66	680	1	64	0.0156250
NODE_303556_length_158_cov_61.203390	2	66	693	1	64	0.0156250
NODE_303556_length_158_cov_61.203390	2	66	707	2	64	0.0312500
NODE_303556_length_158_cov_61.203390	2	66	714	1	64	0.0156250
NODE_303556_length_158_cov_61.203390	2	66	718	2	64	0.0312500
NODE_303556_length_158_cov_61.203390	2	66	719	1	64	0.0156250
NODE_303556_length_158_cov_61.203390	2	66	735	1	64	0.0156250
NODE_303556_length_158_cov_61.203390	2	66	739	1	64	0.0156250
NODE_303556_length_158_cov_61.203390	2	66	742	1	64	0.0156250
NODE_303556_length_158_cov_61.203390	2	66	748	1	64	0.0156250
NODE_303556_length_158_cov_61.203390	2	66	751	1	64	0.0156250
NODE_303556_length_158_cov_61.203390	2	66	758	1	64	0.0156250
NODE_303556_length_158_cov_61.203390	2	66	760	1	64	0.0156250
NODE_303556_length_158_cov_61.203390	2	66	761	5	64	0.0781250
NODE_303556_length_158_cov_61.203390	2	66	763	1	64	0.0156250
NODE_303556_length_158_cov_61.203390	2	66	764	5	64	0.0781250
NODE_303556_length_158_cov_61.203390	2	66	765	4	64	0.0625000
NODE_303556_length_158_cov_61.203390	39	119	676	1	80	0.0125000
NODE_303556_length_158_cov_61.203390	39	119	692	1	80	0.0125000
NODE_303556_length_158_cov_61.203390	39	119	696	1	80	0.0125000
NODE_303556_length_158_cov_61.203390	39	119	707	1	80	0.0125000
NODE_303556_length_158_cov_61.203390	39	119	714	1	80	0.0125000
NODE_303556_length_158_cov_61.203390	39	119	716	1	80	0.0125000
NODE_303556_length_158_cov_61.203390	39	119	718	2	80	0.0250000
NODE_303556_length_158_cov_61.203390	39	119	719	1	80	0.0125000
NODE_303556_length_158_cov_61.203390	39	119	723	1	80	0.0125000
NODE_303556_length_158_cov_61.203390	39	119	727	1	80	0.0125000
NODE_303556_length_158_cov_61.203390	39	119	731	1	80	0.0125000
NODE_303556_length_158_cov_61.203390	39	119	735	1	80	0.0125000
NODE_303556_length_158_cov_61.203390	39	119	737	1	80	0.0125000
NODE_303556_length_158_cov_61.203390	39	119	739	1	80	0.0125000
NODE_303556_length_158_cov_61.203390	39	119	741	2	80	0.0250000
NODE_303556_length_158_cov_61.203390	39	119	742	1	80	0.0125000
NODE_303556_length_158_cov_61.203390	39	119	743	2	80	0.0250000
NODE_303556_length_158_cov_61.203390	39	119	745	2	80	0.0250000
NODE_303556_length_158_cov_61.203390	39	119	746	1	80	0.0125000
NODE_303556_length_158_cov_61.203390	39	119	748	3	80	0.0375000
NODE_303556_length_158_cov_61.203390	39	119	751	1	80	0.0125000
NODE_303556_length_158_cov_61.203390	39	119	752	1	80	0.0125000
NODE_303556_length_158_cov_61.203390	39	119	754	2	80	0.0250000
NODE_303556_length_158_cov_61.203390	39	119	755	4	80	0.0500000
NODE_303556_length_158_cov_61.203390	39	119	756	2	80	0.0250000
NODE_303556_length_158_cov_61.203390	39	119	757	1	80	0.0125000
NODE_303556_length_158_cov_61.203390	39	119	758	6	80	0.0750000
NODE_303556_length_158_cov_61.203390	39	119	760	1	80	0.0125000
NODE_303556_length_158_cov_61.203390	39	119	761	12	80	0.1500000
NODE_303556_length_158_cov_61.203390	39	119	763	7	80	0.0875000
NODE_303556_length_158_cov_61.203390	39	119	764	13	80	0.1625000
NODE_303556_length_158_cov_61.203390	39	119	765	4	80	0.0500000
NODE_303563_length_158_cov_40.271186	43	107	82	2	64	0.0312500
NODE_303563_length_158_cov_40.271186	43	107	84	9	64	0.1406250
NODE_303563_length_158_cov_40.271186	43	107	86	53	64	0.8281250
NODE_303563_length_158_cov_40.271186	80	151	36	2	71	0.0281690
NODE_303563_length_158_cov_40.271186	80	151	44	3	71	0.0422535
NODE_303563_length_158_cov_40.271186	80	151	48	1	71	0.0140845
NODE_303563_length_158_cov_40.271186	80	151	49	4	71	0.0563380
NODE_303563_length_158_cov_40.271186	80	151	50	2	71	0.0281690
NODE_303563_length_158_cov_40.271186	80	151	51	1	71	0.0140845
NODE_303563_length_158_cov_40.271186	80	151	52	1	71	0.0140845
NODE_303563_length_158_cov_40.271186	80	151	53	1	71	0.0140845
NODE_303563_length_158_cov_40.271186	80	151	57	1	71	0.0140845
NODE_303563_length_158_cov_40.271186	80	151	59	1	71	0.0140845
NODE_303563_length_158_cov_40.271186	80	151	63	1	71	0.0140845
NODE_303563_length_158_cov_40.271186	80	151	67	1	71	0.0140845
NODE_303563_length_158_cov_40.271186	80	151	69	3	71	0.0422535
NODE_303563_length_158_cov_40.271186	80	151	71	1	71	0.0140845
NODE_303563_length_158_cov_40.271186	80	151	73	3	71	0.0422535
NODE_303563_length_158_cov_40.271186	80	151	74	2	71	0.0281690
NODE_303563_length_158_cov_40.271186	80	151	76	6	71	0.0845070
NODE_303563_length_158_cov_40.271186	80	151	82	1	71	0.0140845
NODE_303563_length_158_cov_40.271186	80	151	84	8	71	0.1126761
NODE_303563_length_158_cov_40.271186	80	151	86	28	71	0.3943662
NODE_303566_length_158_cov_29.661017	0	61	0	61	61	1.0000000
NODE_303566_length_158_cov_29.661017	34	64	0	30	30	1.0000000
NODE_303605_length_157_cov_1488.586207	57	138	380	1	81	0.0123457
NODE_303605_length_157_cov_1488.586207	57	138	390	3	81	0.0370370
NODE_303605_length_157_cov_1488.586207	57	138	398	1	81	0.0123457
NODE_303605_length_157_cov_1488.586207	57	138	417	1	81	0.0123457
NODE_303605_length_157_cov_1488.586207	57	138	440	1	81	0.0123457
NODE_303605_length_157_cov_1488.586207	57	138	463	1	81	0.0123457
NODE_303605_length_157_cov_1488.586207	57	138	482	1	81	0.0123457
NODE_303605_length_157_cov_1488.586207	57	138	487	2	81	0.0246914
NODE_303605_length_157_cov_1488.586207	57	138	497	1	81	0.0123457
NODE_303605_length_157_cov_1488.586207	57	138	499	1	81	0.0123457
NODE_303605_length_157_cov_1488.586207	57	138	506	2	81	0.0246914
NODE_303605_length_157_cov_1488.586207	57	138	512	2	81	0.0246914
NODE_303605_length_157_cov_1488.586207	57	138	520	1	81	0.0123457
NODE_303605_length_157_cov_1488.586207	57	138	532	1	81	0.0123457
NODE_303605_length_157_cov_1488.586207	57	138	534	4	81	0.0493827
NODE_303605_length_157_cov_1488.586207	57	138	536	4	81	0.0493827
NODE_303605_length_157_cov_1488.586207	57	138	539	4	81	0.0493827
NODE_303605_length_157_cov_1488.586207	57	138	541	1	81	0.0123457
NODE_303605_length_157_cov_1488.586207	57	138	543	1	81	0.0123457
NODE_303605_length_157_cov_1488.586207	57	138	544	14	81	0.1728395
NODE_303605_length_157_cov_1488.586207	57	138	545	4	81	0.0493827
NODE_303605_length_157_cov_1488.586207	57	138	546	11	81	0.1358025
NODE_303605_length_157_cov_1488.586207	57	138	547	19	81	0.2345679
NODE_303605_length_157_cov_1488.586207	111	157	41	1	46	0.0217391
NODE_303605_length_157_cov_1488.586207	111	157	57	1	46	0.0217391
NODE_303605_length_157_cov_1488.586207	111	157	81	1	46	0.0217391
NODE_303605_length_157_cov_1488.586207	111	157	88	1	46	0.0217391
NODE_303605_length_157_cov_1488.586207	111	157	104	1	46	0.0217391
NODE_303605_length_157_cov_1488.586207	111	157	132	1	46	0.0217391
NODE_303605_length_157_cov_1488.586207	111	157	139	1	46	0.0217391
NODE_303605_length_157_cov_1488.586207	111	157	152	1	46	0.0217391
NODE_303605_length_157_cov_1488.586207	111	157	159	1	46	0.0217391
NODE_303605_length_157_cov_1488.586207	111	157	178	1	46	0.0217391
NODE_303605_length_157_cov_1488.586207	111	157	184	1	46	0.0217391
NODE_303605_length_157_cov_1488.586207	111	157	217	1	46	0.0217391
NODE_303605_length_157_cov_1488.586207	111	157	231	1	46	0.0217391
NODE_303605_length_157_cov_1488.586207	111	157	273	1	46	0.0217391
NODE_303605_length_157_cov_1488.586207	111	157	277	1	46	0.0217391
NODE_303605_length_157_cov_1488.586207	111	157	284	1	46	0.0217391
NODE_303605_length_157_cov_1488.586207	111	157	294	1	46	0.0217391
NODE_303605_length_157_cov_1488.586207	111	157	315	1	46	0.0217391
NODE_303605_length_157_cov_1488.586207	111	157	353	1	46	0.0217391
NODE_303605_length_157_cov_1488.586207	111	157	380	1	46	0.0217391
NODE_303605_length_157_cov_1488.586207	111	157	390	3	46	0.0652174
NODE_303605_length_157_cov_1488.586207	111	157	398	1	46	0.0217391
NODE_303605_length_157_cov_1488.586207	111	157	417	1	46	0.0217391
NODE_303605_length_157_cov_1488.586207	111	157	440	1	46	0.0217391
NODE_303605_length_157_cov_1488.586207	111	157	463	1	46	0.0217391
NODE_303605_length_157_cov_1488.586207	111	157	482	1	46	0.0217391
NODE_303605_length_157_cov_1488.586207	111	157	487	2	46	0.0434783
NODE_303605_length_157_cov_1488.586207	111	157	497	1	46	0.0217391
NODE_303605_length_157_cov_1488.586207	111	157	499	1	46	0.0217391
NODE_303605_length_157_cov_1488.586207	111	157	506	2	46	0.0434783
NODE_303605_length_157_cov_1488.586207	111	157	512	2	46	0.0434783
NODE_303605_length_157_cov_1488.586207	111	157	520	1	46	0.0217391
NODE_303605_length_157_cov_1488.586207	111	157	532	1	46	0.0217391
NODE_303605_length_157_cov_1488.586207	111	157	534	4	46	0.0869565
NODE_303605_length_157_cov_1488.586207	111	157	536	4	46	0.0869565
NODE_303606_length_157_cov_295.896552	32	78	46	1	46	0.0217391
NODE_303606_length_157_cov_295.896552	32	78	50	3	46	0.0652174
NODE_303606_length_157_cov_295.896552	32	78	54	2	46	0.0434783
NODE_303606_length_157_cov_295.896552	32	78	56	4	46	0.0869565
NODE_303606_length_157_cov_295.896552	32	78	58	1	46	0.0217391
NODE_303606_length_157_cov_295.896552	32	78	62	1	46	0.0217391
NODE_303606_length_157_cov_295.896552	32	78	74	1	46	0.0217391
NODE_303606_length_157_cov_295.896552	32	78	75	3	46	0.0652174
NODE_303606_length_157_cov_295.896552	32	78	79	3	46	0.0652174
NODE_303606_length_157_cov_295.896552	32	78	85	1	46	0.0217391
NODE_303606_length_157_cov_295.896552	32	78	86	1	46	0.0217391
NODE_303606_length_157_cov_295.896552	32	78	88	2	46	0.0434783
NODE_303606_length_157_cov_295.896552	32	78	90	8	46	0.1739130
NODE_303606_length_157_cov_295.896552	32	78	91	15	46	0.3260870
NODE_303608_length_157_cov_161.689655	0	59	0	7	59	0.1186441
NODE_303608_length_157_cov_161.689655	0	59	2	33	59	0.5593221
NODE_303608_length_157_cov_161.689655	0	59	4	5	59	0.0847458
NODE_303608_length_157_cov_161.689655	0	59	6	14	59	0.2372881
NODE_303608_length_157_cov_161.689655	0	59	0	7	59	0.1186441
NODE_303608_length_157_cov_161.689655	0	59	2	33	59	0.5593221
NODE_303608_length_157_cov_161.689655	0	59	4	5	59	0.0847458
NODE_303608_length_157_cov_161.689655	0	59	6	14	59	0.2372881
NODE_303608_length_157_cov_161.689655	55	135	6	80	80	1.0000000
NODE_303608_length_157_cov_161.689655	55	135	6	80	80	1.0000000
NODE_303608_length_157_cov_161.689655	108	157	2	12	49	0.2448980
NODE_303608_length_157_cov_161.689655	108	157	4	7	49	0.1428571
NODE_303608_length_157_cov_161.689655	108	157	6	30	49	0.6122449
NODE_303608_length_157_cov_161.689655	113	157	2	12	44	0.2727273
NODE_303608_length_157_cov_161.689655	113	157	4	7	44	0.1590909
NODE_303608_length_157_cov_161.689655	113	157	6	25	44	0.5681818
NODE_303677_length_156_cov_100.491228	0	41	0	7	41	0.1707317
NODE_303677_length_156_cov_100.491228	0	41	8	2	41	0.0487805
NODE_303677_length_156_cov_100.491228	0	41	16	1	41	0.0243902
NODE_303677_length_156_cov_100.491228	0	41	18	2	41	0.0487805
NODE_303677_length_156_cov_100.491228	0	41	20	2	41	0.0487805
NODE_303677_length_156_cov_100.491228	0	41	22	1	41	0.0243902
NODE_303677_length_156_cov_100.491228	0	41	28	1	41	0.0243902
NODE_303677_length_156_cov_100.491228	0	41	30	25	41	0.6097561
NODE_303677_length_156_cov_100.491228	21	94	30	73	73	1.0000000
NODE_303688_length_156_cov_37.368421	24	81	2	4	57	0.0701754
NODE_303688_length_156_cov_37.368421	24	81	6	1	57	0.0175439
NODE_303688_length_156_cov_37.368421	24	81	8	5	57	0.0877193
NODE_303688_length_156_cov_37.368421	24	81	10	2	57	0.0350877
NODE_303688_length_156_cov_37.368421	24	81	12	12	57	0.2105263
NODE_303688_length_156_cov_37.368421	24	81	16	33	57	0.5789474
NODE_303688_length_156_cov_37.368421	54	134	14	12	80	0.1500000
NODE_303688_length_156_cov_37.368421	54	134	16	68	80	0.8500000
NODE_303700_length_156_cov_9.543860	2	48	0	46	46	1.0000000
NODE_303700_length_156_cov_9.543860	59	105	0	46	46	1.0000000
NODE_303752_length_155_cov_56.750000	27	102	22	75	75	1.0000000
NODE_303752_length_155_cov_56.750000	80	155	0	22	75	0.2933333
NODE_303752_length_155_cov_56.750000	80	155	12	7	75	0.0933333
NODE_303752_length_155_cov_56.750000	80	155	17	1	75	0.0133333
NODE_303752_length_155_cov_56.750000	80	155	18	3	75	0.0400000
NODE_303752_length_155_cov_56.750000	80	155	22	42	75	0.5600000
NODE_304022_length_153_cov_0.944444	5	48	0	43	43	1.0000000
NODE_304022_length_153_cov_0.944444	37	86	0	49	49	1.0000000
NODE_304022_length_153_cov_0.944444	59	102	0	43	43	1.0000000
NODE_304022_length_153_cov_0.944444	91	140	0	49	49	1.0000000
NODE_304022_length_153_cov_0.944444	113	153	0	40	40	1.0000000
NODE_304027_length_152_cov_195.396226	9	89	2	21	80	0.2625000
NODE_304027_length_152_cov_195.396226	9	89	6	59	80	0.7375000
NODE_304027_length_152_cov_195.396226	9	89	2	21	80	0.2625000
NODE_304027_length_152_cov_195.396226	9	89	6	59	80	0.7375000
NODE_304027_length_152_cov_195.396226	85	149	4	43	64	0.6718750
NODE_304027_length_152_cov_195.396226	85	149	6	21	64	0.3281250
NODE_304027_length_152_cov_195.396226	85	152	4	46	67	0.6865672
NODE_304027_length_152_cov_195.396226	85	152	6	21	67	0.3134328
NODE_304027_length_152_cov_195.396226	85	152	4	46	67	0.6865672
NODE_304027_length_152_cov_195.396226	85	152	6	21	67	0.3134328
NODE_304027_length_152_cov_195.396226	85	152	4	46	67	0.6865672
NODE_304027_length_152_cov_195.396226	85	152	6	21	67	0.3134328
NODE_304030_length_152_cov_68.094340	99	150	0	2	51	0.0392157
NODE_304030_length_152_cov_68.094340	99	150	2	1	51	0.0196078
NODE_304030_length_152_cov_68.094340	99	150	5	1	51	0.0196078
NODE_304030_length_152_cov_68.094340	99	150	6	47	51	0.9215686
NODE_304112_length_151_cov_541.615385	19	88	24	1	69	0.0144928
NODE_304112_length_151_cov_541.615385	19	88	26	1	69	0.0144928
NODE_304112_length_151_cov_541.615385	19	88	28	3	69	0.0434783
NODE_304112_length_151_cov_541.615385	19	88	30	8	69	0.1159420
NODE_304112_length_151_cov_541.615385	19	88	34	6	69	0.0869565
NODE_304112_length_151_cov_541.615385	19	88	40	1	69	0.0144928
NODE_304112_length_151_cov_541.615385	19	88	48	2	69	0.0289855
NODE_304112_length_151_cov_541.615385	19	88	50	2	69	0.0289855
NODE_304112_length_151_cov_541.615385	19	88	54	1	69	0.0144928
NODE_304112_length_151_cov_541.615385	19	88	56	44	69	0.6376812
NODE_304112_length_151_cov_541.615385	72	149	19	5	77	0.0649351
NODE_304112_length_151_cov_541.615385	72	149	21	1	77	0.0129870
NODE_304112_length_151_cov_541.615385	72	149	28	1	77	0.0129870
NODE_304112_length_151_cov_541.615385	72	149	31	1	77	0.0129870
NODE_304112_length_151_cov_541.615385	72	149	33	5	77	0.0649351
NODE_304112_length_151_cov_541.615385	72	149	35	2	77	0.0259740
NODE_304112_length_151_cov_541.615385	72	149	38	2	77	0.0259740
NODE_304112_length_151_cov_541.615385	72	149	39	2	77	0.0259740
NODE_304112_length_151_cov_541.615385	72	149	41	3	77	0.0389610
NODE_304112_length_151_cov_541.615385	72	149	45	6	77	0.0779221
NODE_304112_length_151_cov_541.615385	72	149	46	3	77	0.0389610
NODE_304112_length_151_cov_541.615385	72	149	51	1	77	0.0129870
NODE_304112_length_151_cov_541.615385	72	149	52	10	77	0.1298701
NODE_304112_length_151_cov_541.615385	72	149	54	4	77	0.0519481
NODE_304112_length_151_cov_541.615385	72	149	56	31	77	0.4025974
NODE_304229_length_150_cov_88.647059	51	102	128	51	51	1.0000000
NODE_304472_length_148_cov_34.183673	23	99	17	14	76	0.1842105
NODE_304472_length_148_cov_34.183673	23	99	19	62	76	0.8157895
NODE_304570_length_147_cov_472.354167	0	55	6	2	55	0.0363636
NODE_304570_length_147_cov_472.354167	0	55	10	1	55	0.0181818
NODE_304570_length_147_cov_472.354167	0	55	12	2	55	0.0363636
NODE_304570_length_147_cov_472.354167	0	55	14	4	55	0.0727273
NODE_304570_length_147_cov_472.354167	0	55	16	3	55	0.0545455
NODE_304570_length_147_cov_472.354167	0	55	18	3	55	0.0545455
NODE_304570_length_147_cov_472.354167	0	55	20	9	55	0.1636364
NODE_304570_length_147_cov_472.354167	0	55	22	2	55	0.0363636
NODE_304570_length_147_cov_472.354167	0	55	24	29	55	0.5272727
NODE_304570_length_147_cov_472.354167	12	89	18	3	77	0.0389610
NODE_304570_length_147_cov_472.354167	12	89	20	9	77	0.1168831
NODE_304570_length_147_cov_472.354167	12	89	22	2	77	0.0259740
NODE_304570_length_147_cov_472.354167	12	89	24	63	77	0.8181818
NODE_304570_length_147_cov_472.354167	65	137	8	1	72	0.0138889
NODE_304570_length_147_cov_472.354167	65	137	9	1	72	0.0138889
NODE_304570_length_147_cov_472.354167	65	137	10	4	72	0.0555556
NODE_304570_length_147_cov_472.354167	65	137	14	3	72	0.0416667
NODE_304570_length_147_cov_472.354167	65	137	18	2	72	0.0277778
NODE_304570_length_147_cov_472.354167	65	137	20	11	72	0.1527778
NODE_304570_length_147_cov_472.354167	65	137	22	1	72	0.0138889
NODE_304570_length_147_cov_472.354167	65	137	24	49	72	0.6805556
NODE_304572_length_147_cov_229.729167	7	56	32	1	49	0.0204082
NODE_304572_length_147_cov_229.729167	7	56	42	1	49	0.0204082
NODE_304572_length_147_cov_229.729167	7	56	44	2	49	0.0408163
NODE_304572_length_147_cov_229.729167	7	56	49	1	49	0.0204082
NODE_304572_length_147_cov_229.729167	7	56	53	1	49	0.0204082
NODE_304572_length_147_cov_229.729167	7	56	59	1	49	0.0204082
NODE_304572_length_147_cov_229.729167	7	56	65	1	49	0.0204082
NODE_304572_length_147_cov_229.729167	7	56	71	5	49	0.1020408
NODE_304572_length_147_cov_229.729167	7	56	75	1	49	0.0204082
NODE_304572_length_147_cov_229.729167	7	56	77	3	49	0.0612245
NODE_304572_length_147_cov_229.729167	7	56	89	1	49	0.0204082
NODE_304572_length_147_cov_229.729167	7	56	90	2	49	0.0408163
NODE_304572_length_147_cov_229.729167	7	56	91	1	49	0.0204082
NODE_304572_length_147_cov_229.729167	7	56	101	1	49	0.0204082
NODE_304572_length_147_cov_229.729167	7	56	102	4	49	0.0816327
NODE_304572_length_147_cov_229.729167	7	56	111	2	49	0.0408163
NODE_304572_length_147_cov_229.729167	7	56	113	2	49	0.0408163
NODE_304572_length_147_cov_229.729167	7	56	115	6	49	0.1224490
NODE_304572_length_147_cov_229.729167	7	56	117	2	49	0.0408163
NODE_304572_length_147_cov_229.729167	7	56	118	11	49	0.2244898
NODE_304572_length_147_cov_229.729167	29	93	102	4	64	0.0625000
NODE_304572_length_147_cov_229.729167	29	93	111	2	64	0.0312500
NODE_304572_length_147_cov_229.729167	29	93	113	2	64	0.0312500
NODE_304572_length_147_cov_229.729167	29	93	115	6	64	0.0937500
NODE_304572_length_147_cov_229.729167	29	93	117	2	64	0.0312500
NODE_304572_length_147_cov_229.729167	29	93	118	48	64	0.7500000
NODE_304572_length_147_cov_229.729167	29	93	102	4	64	0.0625000
NODE_304572_length_147_cov_229.729167	29	93	111	2	64	0.0312500
NODE_304572_length_147_cov_229.729167	29	93	113	2	64	0.0312500
NODE_304572_length_147_cov_229.729167	29	93	115	6	64	0.0937500
NODE_304572_length_147_cov_229.729167	29	93	117	2	64	0.0312500
NODE_304572_length_147_cov_229.729167	29	93	118	48	64	0.7500000
NODE_304572_length_147_cov_229.729167	29	93	102	4	64	0.0625000
NODE_304572_length_147_cov_229.729167	29	93	111	2	64	0.0312500
NODE_304572_length_147_cov_229.729167	29	93	113	2	64	0.0312500
NODE_304572_length_147_cov_229.729167	29	93	115	6	64	0.0937500
NODE_304572_length_147_cov_229.729167	29	93	117	2	64	0.0312500
NODE_304572_length_147_cov_229.729167	29	93	118	48	64	0.7500000
NODE_304573_length_147_cov_213.770833	37	117	0	80	80	1.0000000
NODE_304573_length_147_cov_213.770833	90	146	0	56	56	1.0000000
NODE_304697_length_146_cov_182.893617	1	60	0	13	59	0.2203390
NODE_304697_length_146_cov_182.893617	1	60	2	18	59	0.3050847
NODE_304697_length_146_cov_182.893617	1	60	4	5	59	0.0847458
NODE_304697_length_146_cov_182.893617	1	60	6	23	59	0.3898305
NODE_304697_length_146_cov_182.893617	34	60	4	3	26	0.1153846
NODE_304697_length_146_cov_182.893617	34	60	6	23	26	0.8846154
NODE_304697_length_146_cov_182.893617	113	144	2	5	31	0.1612903
NODE_304697_length_146_cov_182.893617	113	144	4	26	31	0.8387097
NODE_304698_length_146_cov_152.808511	0	69	0	69	69	1.0000000
NODE_304698_length_146_cov_152.808511	42	122	0	80	80	1.0000000
NODE_304703_length_146_cov_89.808511	0	53	0	5	53	0.0943396
NODE_304703_length_146_cov_89.808511	0	53	4	5	53	0.0943396
NODE_304703_length_146_cov_89.808511	0	53	6	5	53	0.0943396
NODE_304703_length_146_cov_89.808511	0	53	10	26	53	0.4905660
NODE_304703_length_146_cov_89.808511	0	53	12	2	53	0.0377358
NODE_304703_length_146_cov_89.808511	0	53	14	10	53	0.1886792
NODE_304703_length_146_cov_89.808511	26	106	10	16	80	0.2000000
NODE_304703_length_146_cov_89.808511	26	106	12	2	80	0.0250000
NODE_304703_length_146_cov_89.808511	26	106	14	62	80	0.7750000
NODE_304703_length_146_cov_89.808511	74	146	0	10	72	0.1388889
NODE_304703_length_146_cov_89.808511	74	146	2	11	72	0.1527778
NODE_304703_length_146_cov_89.808511	74	146	4	15	72	0.2083333
NODE_304703_length_146_cov_89.808511	74	146	6	3	72	0.0416667
NODE_304703_length_146_cov_89.808511	74	146	10	2	72	0.0277778
NODE_304703_length_146_cov_89.808511	74	146	14	31	72	0.4305556
NODE_304703_length_146_cov_89.808511	79	101	14	22	22	1.0000000
NODE_304707_length_146_cov_57.446809	44	124	0	80	80	1.0000000
NODE_304708_length_146_cov_54.106383	0	69	0	69	69	1.0000000
NODE_304708_length_146_cov_54.106383	42	122	0	80	80	1.0000000
NODE_304710_length_146_cov_46.765957	3	83	8	2	80	0.0250000
NODE_304710_length_146_cov_46.765957	3	83	11	1	80	0.0125000
NODE_304710_length_146_cov_46.765957	3	83	12	4	80	0.0500000
NODE_304710_length_146_cov_46.765957	3	83	16	10	80	0.1250000
NODE_304710_length_146_cov_46.765957	3	83	24	3	80	0.0375000
NODE_304710_length_146_cov_46.765957	3	83	26	60	80	0.7500000
NODE_304710_length_146_cov_46.765957	3	83	8	2	80	0.0250000
NODE_304710_length_146_cov_46.765957	3	83	11	1	80	0.0125000
NODE_304710_length_146_cov_46.765957	3	83	12	4	80	0.0500000
NODE_304710_length_146_cov_46.765957	3	83	16	10	80	0.1250000
NODE_304710_length_146_cov_46.765957	3	83	24	3	80	0.0375000
NODE_304710_length_146_cov_46.765957	3	83	26	60	80	0.7500000
NODE_304710_length_146_cov_46.765957	3	83	8	2	80	0.0250000
NODE_304710_length_146_cov_46.765957	3	83	11	1	80	0.0125000
NODE_304710_length_146_cov_46.765957	3	83	12	4	80	0.0500000
NODE_304710_length_146_cov_46.765957	3	83	16	10	80	0.1250000
NODE_304710_length_146_cov_46.765957	3	83	24	3	80	0.0375000
NODE_304710_length_146_cov_46.765957	3	83	26	60	80	0.7500000
NODE_304710_length_146_cov_46.765957	3	83	8	2	80	0.0250000
NODE_304710_length_146_cov_46.765957	3	83	11	1	80	0.0125000
NODE_304710_length_146_cov_46.765957	3	83	12	4	80	0.0500000
NODE_304710_length_146_cov_46.765957	3	83	16	10	80	0.1250000
NODE_304710_length_146_cov_46.765957	3	83	24	3	80	0.0375000
NODE_304710_length_146_cov_46.765957	3	83	26	60	80	0.7500000
NODE_304710_length_146_cov_46.765957	3	83	8	2	80	0.0250000
NODE_304710_length_146_cov_46.765957	3	83	11	1	80	0.0125000
NODE_304710_length_146_cov_46.765957	3	83	12	4	80	0.0500000
NODE_304710_length_146_cov_46.765957	3	83	16	10	80	0.1250000
NODE_304710_length_146_cov_46.765957	3	83	24	3	80	0.0375000
NODE_304710_length_146_cov_46.765957	3	83	26	60	80	0.7500000
NODE_304710_length_146_cov_46.765957	12	83	16	8	71	0.1126761
NODE_304710_length_146_cov_46.765957	12	83	24	3	71	0.0422535
NODE_304710_length_146_cov_46.765957	12	83	26	60	71	0.8450704
NODE_304710_length_146_cov_46.765957	56	136	17	3	80	0.0375000
NODE_304710_length_146_cov_46.765957	56	136	22	12	80	0.1500000
NODE_304710_length_146_cov_46.765957	56	136	26	65	80	0.8125000
NODE_304710_length_146_cov_46.765957	56	136	17	3	80	0.0375000
NODE_304710_length_146_cov_46.765957	56	136	22	12	80	0.1500000
NODE_304710_length_146_cov_46.765957	56	136	26	65	80	0.8125000
NODE_304711_length_146_cov_44.021277	0	69	0	69	69	1.0000000
NODE_304711_length_146_cov_44.021277	42	122	0	80	80	1.0000000
NODE_304798_length_145_cov_1385.413043	0	69	36	1	69	0.0144928
NODE_304798_length_145_cov_1385.413043	0	69	44	1	69	0.0144928
NODE_304798_length_145_cov_1385.413043	0	69	56	1	69	0.0144928
NODE_304798_length_145_cov_1385.413043	0	69	63	1	69	0.0144928
NODE_304798_length_145_cov_1385.413043	0	69	67	1	69	0.0144928
NODE_304798_length_145_cov_1385.413043	0	69	70	2	69	0.0289855
NODE_304798_length_145_cov_1385.413043	0	69	77	1	69	0.0144928
NODE_304798_length_145_cov_1385.413043	0	69	80	1	69	0.0144928
NODE_304798_length_145_cov_1385.413043	0	69	87	1	69	0.0144928
NODE_304798_length_145_cov_1385.413043	0	69	88	1	69	0.0144928
NODE_304798_length_145_cov_1385.413043	0	69	92	1	69	0.0144928
NODE_304798_length_145_cov_1385.413043	0	69	98	1	69	0.0144928
NODE_304798_length_145_cov_1385.413043	0	69	105	1	69	0.0144928
NODE_304798_length_145_cov_1385.413043	0	69	121	1	69	0.0144928
NODE_304798_length_145_cov_1385.413043	0	69	127	1	69	0.0144928
NODE_304798_length_145_cov_1385.413043	0	69	142	1	69	0.0144928
NODE_304798_length_145_cov_1385.413043	0	69	155	1	69	0.0144928
NODE_304798_length_145_cov_1385.413043	0	69	158	1	69	0.0144928
NODE_304798_length_145_cov_1385.413043	0	69	165	2	69	0.0289855
NODE_304798_length_145_cov_1385.413043	0	69	166	1	69	0.0144928
NODE_304798_length_145_cov_1385.413043	0	69	170	3	69	0.0434783
NODE_304798_length_145_cov_1385.413043	0	69	174	1	69	0.0144928
NODE_304798_length_145_cov_1385.413043	0	69	178	1	69	0.0144928
NODE_304798_length_145_cov_1385.413043	0	69	184	1	69	0.0144928
NODE_304798_length_145_cov_1385.413043	0	69	188	1	69	0.0144928
NODE_304798_length_145_cov_1385.413043	0	69	202	1	69	0.0144928
NODE_304798_length_145_cov_1385.413043	0	69	204	1	69	0.0144928
NODE_304798_length_145_cov_1385.413043	0	69	216	1	69	0.0144928
NODE_304798_length_145_cov_1385.413043	0	69	219	1	69	0.0144928
NODE_304798_length_145_cov_1385.413043	0	69	229	1	69	0.0144928
NODE_304798_length_145_cov_1385.413043	0	69	230	3	69	0.0434783
NODE_304798_length_145_cov_1385.413043	0	69	234	1	69	0.0144928
NODE_304798_length_145_cov_1385.413043	0	69	242	1	69	0.0144928
NODE_304798_length_145_cov_1385.413043	0	69	244	1	69	0.0144928
NODE_304798_length_145_cov_1385.413043	0	69	252	1	69	0.0144928
NODE_304798_length_145_cov_1385.413043	0	69	256	1	69	0.0144928
NODE_304798_length_145_cov_1385.413043	0	69	260	27	69	0.3913043
NODE_304798_length_145_cov_1385.413043	42	122	206	1	80	0.0125000
NODE_304798_length_145_cov_1385.413043	42	122	208	1	80	0.0125000
NODE_304798_length_145_cov_1385.413043	42	122	216	1	80	0.0125000
NODE_304798_length_145_cov_1385.413043	42	122	224	1	80	0.0125000
NODE_304798_length_145_cov_1385.413043	42	122	228	1	80	0.0125000
NODE_304798_length_145_cov_1385.413043	42	122	231	1	80	0.0125000
NODE_304798_length_145_cov_1385.413043	42	122	239	1	80	0.0125000
NODE_304798_length_145_cov_1385.413043	42	122	244	2	80	0.0250000
NODE_304798_length_145_cov_1385.413043	42	122	248	2	80	0.0250000
NODE_304798_length_145_cov_1385.413043	42	122	252	1	80	0.0125000
NODE_304798_length_145_cov_1385.413043	42	122	254	4	80	0.0500000
NODE_304798_length_145_cov_1385.413043	42	122	258	2	80	0.0250000
NODE_304798_length_145_cov_1385.413043	42	122	260	62	80	0.7750000
NODE_304799_length_145_cov_880.369565	56	120	275	1	64	0.0156250
NODE_304799_length_145_cov_880.369565	56	120	276	1	64	0.0156250
NODE_304799_length_145_cov_880.369565	56	120	278	2	64	0.0312500
NODE_304799_length_145_cov_880.369565	56	120	284	1	64	0.0156250
NODE_304799_length_145_cov_880.369565	56	120	295	1	64	0.0156250
NODE_304799_length_145_cov_880.369565	56	120	316	1	64	0.0156250
NODE_304799_length_145_cov_880.369565	56	120	320	1	64	0.0156250
NODE_304799_length_145_cov_880.369565	56	120	338	1	64	0.0156250
NODE_304799_length_145_cov_880.369565	56	120	347	1	64	0.0156250
NODE_304799_length_145_cov_880.369565	56	120	361	2	64	0.0312500
NODE_304799_length_145_cov_880.369565	56	120	365	1	64	0.0156250
NODE_304799_length_145_cov_880.369565	56	120	367	1	64	0.0156250
NODE_304799_length_145_cov_880.369565	56	120	371	1	64	0.0156250
NODE_304799_length_145_cov_880.369565	56	120	373	1	64	0.0156250
NODE_304799_length_145_cov_880.369565	56	120	378	3	64	0.0468750
NODE_304799_length_145_cov_880.369565	56	120	380	3	64	0.0468750
NODE_304799_length_145_cov_880.369565	56	120	381	42	64	0.6562500
NODE_304799_length_145_cov_880.369565	56	120	275	1	64	0.0156250
NODE_304799_length_145_cov_880.369565	56	120	276	1	64	0.0156250
NODE_304799_length_145_cov_880.369565	56	120	278	2	64	0.0312500
NODE_304799_length_145_cov_880.369565	56	120	284	1	64	0.0156250
NODE_304799_length_145_cov_880.369565	56	120	295	1	64	0.0156250
NODE_304799_length_145_cov_880.369565	56	120	316	1	64	0.0156250
NODE_304799_length_145_cov_880.369565	56	120	320	1	64	0.0156250
NODE_304799_length_145_cov_880.369565	56	120	338	1	64	0.0156250
NODE_304799_length_145_cov_880.369565	56	120	347	1	64	0.0156250
NODE_304799_length_145_cov_880.369565	56	120	361	2	64	0.0312500
NODE_304799_length_145_cov_880.369565	56	120	365	1	64	0.0156250
NODE_304799_length_145_cov_880.369565	56	120	367	1	64	0.0156250
NODE_304799_length_145_cov_880.369565	56	120	371	1	64	0.0156250
NODE_304799_length_145_cov_880.369565	56	120	373	1	64	0.0156250
NODE_304799_length_145_cov_880.369565	56	120	378	3	64	0.0468750
NODE_304799_length_145_cov_880.369565	56	120	380	3	64	0.0468750
NODE_304799_length_145_cov_880.369565	56	120	381	42	64	0.6562500
NODE_304799_length_145_cov_880.369565	56	120	275	1	64	0.0156250
NODE_304799_length_145_cov_880.369565	56	120	276	1	64	0.0156250
NODE_304799_length_145_cov_880.369565	56	120	278	2	64	0.0312500
NODE_304799_length_145_cov_880.369565	56	120	284	1	64	0.0156250
NODE_304799_length_145_cov_880.369565	56	120	295	1	64	0.0156250
NODE_304799_length_145_cov_880.369565	56	120	316	1	64	0.0156250
NODE_304799_length_145_cov_880.369565	56	120	320	1	64	0.0156250
NODE_304799_length_145_cov_880.369565	56	120	338	1	64	0.0156250
NODE_304799_length_145_cov_880.369565	56	120	347	1	64	0.0156250
NODE_304799_length_145_cov_880.369565	56	120	361	2	64	0.0312500
NODE_304799_length_145_cov_880.369565	56	120	365	1	64	0.0156250
NODE_304799_length_145_cov_880.369565	56	120	367	1	64	0.0156250
NODE_304799_length_145_cov_880.369565	56	120	371	1	64	0.0156250
NODE_304799_length_145_cov_880.369565	56	120	373	1	64	0.0156250
NODE_304799_length_145_cov_880.369565	56	120	378	3	64	0.0468750
NODE_304799_length_145_cov_880.369565	56	120	380	3	64	0.0468750
NODE_304799_length_145_cov_880.369565	56	120	381	42	64	0.6562500
NODE_304799_length_145_cov_880.369565	93	142	23	1	49	0.0204082
NODE_304799_length_145_cov_880.369565	93	142	29	1	49	0.0204082
NODE_304799_length_145_cov_880.369565	93	142	41	1	49	0.0204082
NODE_304799_length_145_cov_880.369565	93	142	43	1	49	0.0204082
NODE_304799_length_145_cov_880.369565	93	142	45	1	49	0.0204082
NODE_304799_length_145_cov_880.369565	93	142	47	1	49	0.0204082
NODE_304799_length_145_cov_880.369565	93	142	71	1	49	0.0204082
NODE_304799_length_145_cov_880.369565	93	142	93	1	49	0.0204082
NODE_304799_length_145_cov_880.369565	93	142	103	1	49	0.0204082
NODE_304799_length_145_cov_880.369565	93	142	113	1	49	0.0204082
NODE_304799_length_145_cov_880.369565	93	142	115	1	49	0.0204082
NODE_304799_length_145_cov_880.369565	93	142	131	1	49	0.0204082
NODE_304799_length_145_cov_880.369565	93	142	141	1	49	0.0204082
NODE_304799_length_145_cov_880.369565	93	142	165	1	49	0.0204082
NODE_304799_length_145_cov_880.369565	93	142	173	1	49	0.0204082
NODE_304799_length_145_cov_880.369565	93	142	187	1	49	0.0204082
NODE_304799_length_145_cov_880.369565	93	142	200	1	49	0.0204082
NODE_304799_length_145_cov_880.369565	93	142	220	1	49	0.0204082
NODE_304799_length_145_cov_880.369565	93	142	228	1	49	0.0204082
NODE_304799_length_145_cov_880.369565	93	142	234	1	49	0.0204082
NODE_304799_length_145_cov_880.369565	93	142	240	1	49	0.0204082
NODE_304799_length_145_cov_880.369565	93	142	249	1	49	0.0204082
NODE_304799_length_145_cov_880.369565	93	142	275	1	49	0.0204082
NODE_304799_length_145_cov_880.369565	93	142	276	1	49	0.0204082
NODE_304799_length_145_cov_880.369565	93	142	278	2	49	0.0408163
NODE_304799_length_145_cov_880.369565	93	142	284	1	49	0.0204082
NODE_304799_length_145_cov_880.369565	93	142	295	1	49	0.0204082
NODE_304799_length_145_cov_880.369565	93	142	316	1	49	0.0204082
NODE_304799_length_145_cov_880.369565	93	142	320	1	49	0.0204082
NODE_304799_length_145_cov_880.369565	93	142	338	1	49	0.0204082
NODE_304799_length_145_cov_880.369565	93	142	347	1	49	0.0204082
NODE_304799_length_145_cov_880.369565	93	142	361	2	49	0.0408163
NODE_304799_length_145_cov_880.369565	93	142	365	1	49	0.0204082
NODE_304799_length_145_cov_880.369565	93	142	367	1	49	0.0204082
NODE_304799_length_145_cov_880.369565	93	142	371	1	49	0.0204082
NODE_304799_length_145_cov_880.369565	93	142	373	1	49	0.0204082
NODE_304799_length_145_cov_880.369565	93	142	378	3	49	0.0612245
NODE_304799_length_145_cov_880.369565	93	142	380	3	49	0.0612245
NODE_304799_length_145_cov_880.369565	93	142	381	5	49	0.1020408
NODE_304923_length_144_cov_46.155556	1	81	4	3	80	0.0375000
NODE_304923_length_144_cov_46.155556	1	81	6	3	80	0.0375000
NODE_304923_length_144_cov_46.155556	1	81	8	3	80	0.0375000
NODE_304923_length_144_cov_46.155556	1	81	10	4	80	0.0500000
NODE_304923_length_144_cov_46.155556	1	81	12	3	80	0.0375000
NODE_304923_length_144_cov_46.155556	1	81	14	18	80	0.2250000
NODE_304923_length_144_cov_46.155556	1	81	16	46	80	0.5750000
NODE_305208_length_142_cov_244.488372	0	52	16	1	52	0.0192308
NODE_305208_length_142_cov_244.488372	0	52	20	1	52	0.0192308
NODE_305208_length_142_cov_244.488372	0	52	23	1	52	0.0192308
NODE_305208_length_142_cov_244.488372	0	52	46	1	52	0.0192308
NODE_305208_length_142_cov_244.488372	0	52	60	1	52	0.0192308
NODE_305208_length_142_cov_244.488372	0	52	66	1	52	0.0192308
NODE_305208_length_142_cov_244.488372	0	52	69	1	52	0.0192308
NODE_305208_length_142_cov_244.488372	0	52	77	1	52	0.0192308
NODE_305208_length_142_cov_244.488372	0	52	79	1	52	0.0192308
NODE_305208_length_142_cov_244.488372	0	52	91	1	52	0.0192308
NODE_305208_length_142_cov_244.488372	0	52	105	1	52	0.0192308
NODE_305208_length_142_cov_244.488372	0	52	107	1	52	0.0192308
NODE_305208_length_142_cov_244.488372	0	52	121	1	52	0.0192308
NODE_305208_length_142_cov_244.488372	0	52	127	1	52	0.0192308
NODE_305208_length_142_cov_244.488372	0	52	131	1	52	0.0192308
NODE_305208_length_142_cov_244.488372	0	52	133	1	52	0.0192308
NODE_305208_length_142_cov_244.488372	0	52	139	1	52	0.0192308
NODE_305208_length_142_cov_244.488372	0	52	149	3	52	0.0576923
NODE_305208_length_142_cov_244.488372	0	52	155	2	52	0.0384615
NODE_305208_length_142_cov_244.488372	0	52	159	3	52	0.0576923
NODE_305208_length_142_cov_244.488372	0	52	161	1	52	0.0192308
NODE_305208_length_142_cov_244.488372	0	52	163	1	52	0.0192308
NODE_305208_length_142_cov_244.488372	0	52	165	2	52	0.0384615
NODE_305208_length_142_cov_244.488372	0	52	167	7	52	0.1346154
NODE_305208_length_142_cov_244.488372	0	52	169	3	52	0.0576923
NODE_305208_length_142_cov_244.488372	0	52	171	13	52	0.2500000
NODE_305229_length_142_cov_46.976744	1	65	29	1	64	0.0156250
NODE_305229_length_142_cov_46.976744	1	65	36	1	64	0.0156250
NODE_305229_length_142_cov_46.976744	1	65	38	1	64	0.0156250
NODE_305229_length_142_cov_46.976744	1	65	40	1	64	0.0156250
NODE_305229_length_142_cov_46.976744	1	65	51	2	64	0.0312500
NODE_305229_length_142_cov_46.976744	1	65	61	1	64	0.0156250
NODE_305229_length_142_cov_46.976744	1	65	63	1	64	0.0156250
NODE_305229_length_142_cov_46.976744	1	65	67	2	64	0.0312500
NODE_305229_length_142_cov_46.976744	1	65	69	1	64	0.0156250
NODE_305229_length_142_cov_46.976744	1	65	73	2	64	0.0312500
NODE_305229_length_142_cov_46.976744	1	65	75	1	64	0.0156250
NODE_305229_length_142_cov_46.976744	1	65	81	1	64	0.0156250
NODE_305229_length_142_cov_46.976744	1	65	83	1	64	0.0156250
NODE_305229_length_142_cov_46.976744	1	65	84	1	64	0.0156250
NODE_305229_length_142_cov_46.976744	1	65	93	2	64	0.0312500
NODE_305229_length_142_cov_46.976744	1	65	97	1	64	0.0156250
NODE_305229_length_142_cov_46.976744	1	65	101	1	64	0.0156250
NODE_305229_length_142_cov_46.976744	1	65	103	1	64	0.0156250
NODE_305229_length_142_cov_46.976744	1	65	107	1	64	0.0156250
NODE_305229_length_142_cov_46.976744	1	65	109	5	64	0.0781250
NODE_305229_length_142_cov_46.976744	1	65	113	10	64	0.1562500
NODE_305229_length_142_cov_46.976744	1	65	115	26	64	0.4062500
NODE_305229_length_142_cov_46.976744	1	65	29	1	64	0.0156250
NODE_305229_length_142_cov_46.976744	1	65	36	1	64	0.0156250
NODE_305229_length_142_cov_46.976744	1	65	38	1	64	0.0156250
NODE_305229_length_142_cov_46.976744	1	65	40	1	64	0.0156250
NODE_305229_length_142_cov_46.976744	1	65	51	2	64	0.0312500
NODE_305229_length_142_cov_46.976744	1	65	61	1	64	0.0156250
NODE_305229_length_142_cov_46.976744	1	65	63	1	64	0.0156250
NODE_305229_length_142_cov_46.976744	1	65	67	2	64	0.0312500
NODE_305229_length_142_cov_46.976744	1	65	69	1	64	0.0156250
NODE_305229_length_142_cov_46.976744	1	65	73	2	64	0.0312500
NODE_305229_length_142_cov_46.976744	1	65	75	1	64	0.0156250
NODE_305229_length_142_cov_46.976744	1	65	81	1	64	0.0156250
NODE_305229_length_142_cov_46.976744	1	65	83	1	64	0.0156250
NODE_305229_length_142_cov_46.976744	1	65	84	1	64	0.0156250
NODE_305229_length_142_cov_46.976744	1	65	93	2	64	0.0312500
NODE_305229_length_142_cov_46.976744	1	65	97	1	64	0.0156250
NODE_305229_length_142_cov_46.976744	1	65	101	1	64	0.0156250
NODE_305229_length_142_cov_46.976744	1	65	103	1	64	0.0156250
NODE_305229_length_142_cov_46.976744	1	65	107	1	64	0.0156250
NODE_305229_length_142_cov_46.976744	1	65	109	5	64	0.0781250
NODE_305229_length_142_cov_46.976744	1	65	113	10	64	0.1562500
NODE_305229_length_142_cov_46.976744	1	65	115	26	64	0.4062500
NODE_305229_length_142_cov_46.976744	1	65	29	1	64	0.0156250
NODE_305229_length_142_cov_46.976744	1	65	36	1	64	0.0156250
NODE_305229_length_142_cov_46.976744	1	65	38	1	64	0.0156250
NODE_305229_length_142_cov_46.976744	1	65	40	1	64	0.0156250
NODE_305229_length_142_cov_46.976744	1	65	51	2	64	0.0312500
NODE_305229_length_142_cov_46.976744	1	65	61	1	64	0.0156250
NODE_305229_length_142_cov_46.976744	1	65	63	1	64	0.0156250
NODE_305229_length_142_cov_46.976744	1	65	67	2	64	0.0312500
NODE_305229_length_142_cov_46.976744	1	65	69	1	64	0.0156250
NODE_305229_length_142_cov_46.976744	1	65	73	2	64	0.0312500
NODE_305229_length_142_cov_46.976744	1	65	75	1	64	0.0156250
NODE_305229_length_142_cov_46.976744	1	65	81	1	64	0.0156250
NODE_305229_length_142_cov_46.976744	1	65	83	1	64	0.0156250
NODE_305229_length_142_cov_46.976744	1	65	84	1	64	0.0156250
NODE_305229_length_142_cov_46.976744	1	65	93	2	64	0.0312500
NODE_305229_length_142_cov_46.976744	1	65	97	1	64	0.0156250
NODE_305229_length_142_cov_46.976744	1	65	101	1	64	0.0156250
NODE_305229_length_142_cov_46.976744	1	65	103	1	64	0.0156250
NODE_305229_length_142_cov_46.976744	1	65	107	1	64	0.0156250
NODE_305229_length_142_cov_46.976744	1	65	109	5	64	0.0781250
NODE_305229_length_142_cov_46.976744	1	65	113	10	64	0.1562500
NODE_305229_length_142_cov_46.976744	1	65	115	26	64	0.4062500
NODE_305230_length_142_cov_45.000000	0	69	0	6	69	0.0869565
NODE_305230_length_142_cov_45.000000	0	69	2	2	69	0.0289855
NODE_305230_length_142_cov_45.000000	0	69	4	3	69	0.0434783
NODE_305230_length_142_cov_45.000000	0	69	6	58	69	0.8405797
NODE_305385_length_141_cov_178.785714	58	118	158	2	60	0.0333333
NODE_305385_length_141_cov_178.785714	58	118	166	1	60	0.0166667
NODE_305385_length_141_cov_178.785714	58	118	177	2	60	0.0333333
NODE_305385_length_141_cov_178.785714	58	118	179	3	60	0.0500000
NODE_305385_length_141_cov_178.785714	58	118	181	52	60	0.8666667
NODE_305398_length_141_cov_62.285714	26	106	0	80	80	1.0000000
NODE_305398_length_141_cov_62.285714	26	106	0	80	80	1.0000000
NODE_305398_length_141_cov_62.285714	26	97	0	71	71	1.0000000
NODE_305402_length_141_cov_41.142857	26	97	0	71	71	1.0000000
NODE_305600_length_140_cov_60.439024	8	88	8	6	80	0.0750000
NODE_305600_length_140_cov_60.439024	8	88	14	13	80	0.1625000
NODE_305600_length_140_cov_60.439024	8	88	15	1	80	0.0125000
NODE_305600_length_140_cov_60.439024	8	88	16	8	80	0.1000000
NODE_305600_length_140_cov_60.439024	8	88	18	52	80	0.6500000
NODE_305600_length_140_cov_60.439024	8	88	8	6	80	0.0750000
NODE_305600_length_140_cov_60.439024	8	88	14	13	80	0.1625000
NODE_305600_length_140_cov_60.439024	8	88	15	1	80	0.0125000
NODE_305600_length_140_cov_60.439024	8	88	16	8	80	0.1000000
NODE_305600_length_140_cov_60.439024	8	88	18	52	80	0.6500000
NODE_305600_length_140_cov_60.439024	8	88	8	6	80	0.0750000
NODE_305600_length_140_cov_60.439024	8	88	14	13	80	0.1625000
NODE_305600_length_140_cov_60.439024	8	88	15	1	80	0.0125000
NODE_305600_length_140_cov_60.439024	8	88	16	8	80	0.1000000
NODE_305600_length_140_cov_60.439024	8	88	18	52	80	0.6500000
NODE_305600_length_140_cov_60.439024	8	88	8	6	80	0.0750000
NODE_305600_length_140_cov_60.439024	8	88	14	13	80	0.1625000
NODE_305600_length_140_cov_60.439024	8	88	15	1	80	0.0125000
NODE_305600_length_140_cov_60.439024	8	88	16	8	80	0.1000000
NODE_305600_length_140_cov_60.439024	8	88	18	52	80	0.6500000
NODE_305600_length_140_cov_60.439024	8	88	8	6	80	0.0750000
NODE_305600_length_140_cov_60.439024	8	88	14	13	80	0.1625000
NODE_305600_length_140_cov_60.439024	8	88	15	1	80	0.0125000
NODE_305600_length_140_cov_60.439024	8	88	16	8	80	0.1000000
NODE_305600_length_140_cov_60.439024	8	88	18	52	80	0.6500000
NODE_305616_length_140_cov_35.146341	22	102	6	8	80	0.1000000
NODE_305616_length_140_cov_35.146341	22	102	8	72	80	0.9000000
NODE_305616_length_140_cov_35.146341	75	105	8	30	30	1.0000000
NODE_305618_length_140_cov_34.048780	0	77	2	8	77	0.1038961
NODE_305618_length_140_cov_34.048780	0	77	4	5	77	0.0649351
NODE_305618_length_140_cov_34.048780	0	77	6	1	77	0.0129870
NODE_305618_length_140_cov_34.048780	0	77	7	4	77	0.0519481
NODE_305618_length_140_cov_34.048780	0	77	11	19	77	0.2467532
NODE_305618_length_140_cov_34.048780	0	77	12	40	77	0.5194805
NODE_305618_length_140_cov_34.048780	0	77	2	8	77	0.1038961
NODE_305618_length_140_cov_34.048780	0	77	4	5	77	0.0649351
NODE_305618_length_140_cov_34.048780	0	77	6	1	77	0.0129870
NODE_305618_length_140_cov_34.048780	0	77	7	4	77	0.0519481
NODE_305618_length_140_cov_34.048780	0	77	11	19	77	0.2467532
NODE_305618_length_140_cov_34.048780	0	77	12	40	77	0.5194805
NODE_305618_length_140_cov_34.048780	50	130	4	3	80	0.0375000
NODE_305618_length_140_cov_34.048780	50	130	6	5	80	0.0625000
NODE_305618_length_140_cov_34.048780	50	130	9	19	80	0.2375000
NODE_305618_length_140_cov_34.048780	50	130	11	5	80	0.0625000
NODE_305618_length_140_cov_34.048780	50	130	12	48	80	0.6000000
NODE_305618_length_140_cov_34.048780	50	130	4	3	80	0.0375000
NODE_305618_length_140_cov_34.048780	50	130	6	5	80	0.0625000
NODE_305618_length_140_cov_34.048780	50	130	9	19	80	0.2375000
NODE_305618_length_140_cov_34.048780	50	130	11	5	80	0.0625000
NODE_305618_length_140_cov_34.048780	50	130	12	48	80	0.6000000
NODE_305618_length_140_cov_34.048780	55	130	4	3	75	0.0400000
NODE_305618_length_140_cov_34.048780	55	130	6	5	75	0.0666667
NODE_305618_length_140_cov_34.048780	55	130	9	19	75	0.2533333
NODE_305618_length_140_cov_34.048780	55	130	11	5	75	0.0666667
NODE_305618_length_140_cov_34.048780	55	130	12	43	75	0.5733333
NODE_305619_length_140_cov_19.926829	44	118	4	74	74	1.0000000
NODE_305783_length_139_cov_29.700000	0	40	0	1	40	0.0250000
NODE_305783_length_139_cov_29.700000	0	40	7	6	40	0.1500000
NODE_305783_length_139_cov_29.700000	0	40	19	11	40	0.2750000
NODE_305783_length_139_cov_29.700000	0	40	20	5	40	0.1250000
NODE_305783_length_139_cov_29.700000	0	40	21	7	40	0.1750000
NODE_305783_length_139_cov_29.700000	0	40	22	2	40	0.0500000
NODE_305783_length_139_cov_29.700000	0	40	24	8	40	0.2000000
NODE_305783_length_139_cov_29.700000	0	40	0	1	40	0.0250000
NODE_305783_length_139_cov_29.700000	0	40	7	6	40	0.1500000
NODE_305783_length_139_cov_29.700000	0	40	19	11	40	0.2750000
NODE_305783_length_139_cov_29.700000	0	40	20	5	40	0.1250000
NODE_305783_length_139_cov_29.700000	0	40	21	7	40	0.1750000
NODE_305783_length_139_cov_29.700000	0	40	22	2	40	0.0500000
NODE_305783_length_139_cov_29.700000	0	40	24	8	40	0.2000000
NODE_305783_length_139_cov_29.700000	13	93	19	5	80	0.0625000
NODE_305783_length_139_cov_29.700000	13	93	20	5	80	0.0625000
NODE_305783_length_139_cov_29.700000	13	93	21	7	80	0.0875000
NODE_305783_length_139_cov_29.700000	13	93	22	2	80	0.0250000
NODE_305783_length_139_cov_29.700000	13	93	24	61	80	0.7625000
NODE_305783_length_139_cov_29.700000	13	93	19	5	80	0.0625000
NODE_305783_length_139_cov_29.700000	13	93	20	5	80	0.0625000
NODE_305783_length_139_cov_29.700000	13	93	21	7	80	0.0875000
NODE_305783_length_139_cov_29.700000	13	93	22	2	80	0.0250000
NODE_305783_length_139_cov_29.700000	13	93	24	61	80	0.7625000
NODE_305783_length_139_cov_29.700000	13	93	19	5	80	0.0625000
NODE_305783_length_139_cov_29.700000	13	93	20	5	80	0.0625000
NODE_305783_length_139_cov_29.700000	13	93	21	7	80	0.0875000
NODE_305783_length_139_cov_29.700000	13	93	22	2	80	0.0250000
NODE_305783_length_139_cov_29.700000	13	93	24	61	80	0.7625000
NODE_305783_length_139_cov_29.700000	13	93	19	5	80	0.0625000
NODE_305783_length_139_cov_29.700000	13	93	20	5	80	0.0625000
NODE_305783_length_139_cov_29.700000	13	93	21	7	80	0.0875000
NODE_305783_length_139_cov_29.700000	13	93	22	2	80	0.0250000
NODE_305783_length_139_cov_29.700000	13	93	24	61	80	0.7625000
NODE_305783_length_139_cov_29.700000	13	93	19	5	80	0.0625000
NODE_305783_length_139_cov_29.700000	13	93	20	5	80	0.0625000
NODE_305783_length_139_cov_29.700000	13	93	21	7	80	0.0875000
NODE_305783_length_139_cov_29.700000	13	93	22	2	80	0.0250000
NODE_305783_length_139_cov_29.700000	13	93	24	61	80	0.7625000
NODE_305783_length_139_cov_29.700000	13	84	19	5	71	0.0704225
NODE_305783_length_139_cov_29.700000	13	84	20	5	71	0.0704225
NODE_305783_length_139_cov_29.700000	13	84	21	7	71	0.0985916
NODE_305783_length_139_cov_29.700000	13	84	22	2	71	0.0281690
NODE_305783_length_139_cov_29.700000	13	84	24	52	71	0.7323943
NODE_305936_length_138_cov_1475.615385	30	97	104	6	67	0.0895522
NODE_305936_length_138_cov_1475.615385	30	97	110	61	67	0.9104478
NODE_305936_length_138_cov_1475.615385	70	138	42	1	68	0.0147059
NODE_305936_length_138_cov_1475.615385	70	138	52	2	68	0.0294118
NODE_305936_length_138_cov_1475.615385	70	138	62	1	68	0.0147059
NODE_305936_length_138_cov_1475.615385	70	138	78	1	68	0.0147059
NODE_305936_length_138_cov_1475.615385	70	138	82	1	68	0.0147059
NODE_305936_length_138_cov_1475.615385	70	138	84	2	68	0.0294118
NODE_305936_length_138_cov_1475.615385	70	138	86	1	68	0.0147059
NODE_305936_length_138_cov_1475.615385	70	138	88	2	68	0.0294118
NODE_305936_length_138_cov_1475.615385	70	138	92	2	68	0.0294118
NODE_305936_length_138_cov_1475.615385	70	138	94	3	68	0.0441176
NODE_305936_length_138_cov_1475.615385	70	138	96	6	68	0.0882353
NODE_305936_length_138_cov_1475.615385	70	138	98	2	68	0.0294118
NODE_305936_length_138_cov_1475.615385	70	138	100	3	68	0.0441176
NODE_305936_length_138_cov_1475.615385	70	138	102	2	68	0.0294118
NODE_305936_length_138_cov_1475.615385	70	138	104	1	68	0.0147059
NODE_305936_length_138_cov_1475.615385	70	138	106	1	68	0.0147059
NODE_305936_length_138_cov_1475.615385	70	138	110	37	68	0.5441176
NODE_305963_length_138_cov_29.564103	11	91	24	5	80	0.0625000
NODE_305963_length_138_cov_29.564103	11	91	26	2	80	0.0250000
NODE_305963_length_138_cov_29.564103	11	91	28	11	80	0.1375000
NODE_305963_length_138_cov_29.564103	11	91	32	6	80	0.0750000
NODE_305963_length_138_cov_29.564103	11	91	34	56	80	0.7000000
NODE_305963_length_138_cov_29.564103	11	91	24	5	80	0.0625000
NODE_305963_length_138_cov_29.564103	11	91	26	2	80	0.0250000
NODE_305963_length_138_cov_29.564103	11	91	28	11	80	0.1375000
NODE_305963_length_138_cov_29.564103	11	91	32	6	80	0.0750000
NODE_305963_length_138_cov_29.564103	11	91	34	56	80	0.7000000
NODE_305963_length_138_cov_29.564103	64	128	24	1	64	0.0156250
NODE_305963_length_138_cov_29.564103	64	128	26	2	64	0.0312500
NODE_305963_length_138_cov_29.564103	64	128	32	3	64	0.0468750
NODE_305963_length_138_cov_29.564103	64	128	34	58	64	0.9062500
NODE_305963_length_138_cov_29.564103	64	128	24	1	64	0.0156250
NODE_305963_length_138_cov_29.564103	64	128	26	2	64	0.0312500
NODE_305963_length_138_cov_29.564103	64	128	32	3	64	0.0468750
NODE_305963_length_138_cov_29.564103	64	128	34	58	64	0.9062500
NODE_306081_length_137_cov_185.684211	20	104	4	2	84	0.0238095
NODE_306081_length_137_cov_185.684211	20	104	6	4	84	0.0476190
NODE_306081_length_137_cov_185.684211	20	104	8	78	84	0.9285714
NODE_306092_length_137_cov_58.289474	76	106	41	1	30	0.0333333
NODE_306092_length_137_cov_58.289474	76	106	43	3	30	0.1000000
NODE_306092_length_137_cov_58.289474	76	106	44	26	30	0.8666667
NODE_306099_length_137_cov_36.473684	31	111	4	80	80	1.0000000
NODE_306208_length_136_cov_1257.621622	27	107	37	1	80	0.0125000
NODE_306208_length_136_cov_1257.621622	27	107	38	2	80	0.0250000
NODE_306208_length_136_cov_1257.621622	27	107	41	3	80	0.0375000
NODE_306208_length_136_cov_1257.621622	27	107	42	74	80	0.9250000
NODE_306209_length_136_cov_769.594595	0	69	0	3	69	0.0434783
NODE_306209_length_136_cov_769.594595	0	69	2	2	69	0.0289855
NODE_306209_length_136_cov_769.594595	0	69	4	64	69	0.9275362
NODE_306222_length_136_cov_128.324324	39	119	10	10	80	0.1250000
NODE_306222_length_136_cov_128.324324	39	119	12	70	80	0.8750000
NODE_306227_length_136_cov_90.783784	10	86	0	76	76	1.0000000
NODE_306227_length_136_cov_90.783784	59	136	0	77	77	1.0000000
NODE_306368_length_135_cov_2144.166667	0	73	36	1	73	0.0136986
NODE_306368_length_135_cov_2144.166667	0	73	42	1	73	0.0136986
NODE_306368_length_135_cov_2144.166667	0	73	58	1	73	0.0136986
NODE_306368_length_135_cov_2144.166667	0	73	76	1	73	0.0136986
NODE_306368_length_135_cov_2144.166667	0	73	86	1	73	0.0136986
NODE_306368_length_135_cov_2144.166667	0	73	94	1	73	0.0136986
NODE_306368_length_135_cov_2144.166667	0	73	114	1	73	0.0136986
NODE_306368_length_135_cov_2144.166667	0	73	119	1	73	0.0136986
NODE_306368_length_135_cov_2144.166667	0	73	132	1	73	0.0136986
NODE_306368_length_135_cov_2144.166667	0	73	136	2	73	0.0273973
NODE_306368_length_135_cov_2144.166667	0	73	140	1	73	0.0136986
NODE_306368_length_135_cov_2144.166667	0	73	142	1	73	0.0136986
NODE_306368_length_135_cov_2144.166667	0	73	153	1	73	0.0136986
NODE_306368_length_135_cov_2144.166667	0	73	165	1	73	0.0136986
NODE_306368_length_135_cov_2144.166667	0	73	173	1	73	0.0136986
NODE_306368_length_135_cov_2144.166667	0	73	183	1	73	0.0136986
NODE_306368_length_135_cov_2144.166667	0	73	189	1	73	0.0136986
NODE_306368_length_135_cov_2144.166667	0	73	195	1	73	0.0136986
NODE_306368_length_135_cov_2144.166667	0	73	205	4	73	0.0547945
NODE_306368_length_135_cov_2144.166667	0	73	207	1	73	0.0136986
NODE_306368_length_135_cov_2144.166667	0	73	209	1	73	0.0136986
NODE_306368_length_135_cov_2144.166667	0	73	214	1	73	0.0136986
NODE_306368_length_135_cov_2144.166667	0	73	220	3	73	0.0410959
NODE_306368_length_135_cov_2144.166667	0	73	224	2	73	0.0273973
NODE_306368_length_135_cov_2144.166667	0	73	225	1	73	0.0136986
NODE_306368_length_135_cov_2144.166667	0	73	226	1	73	0.0136986
NODE_306368_length_135_cov_2144.166667	0	73	228	40	73	0.5479452
NODE_306368_length_135_cov_2144.166667	46	126	76	1	80	0.0125000
NODE_306368_length_135_cov_2144.166667	46	126	80	1	80	0.0125000
NODE_306368_length_135_cov_2144.166667	46	126	82	1	80	0.0125000
NODE_306368_length_135_cov_2144.166667	46	126	88	1	80	0.0125000
NODE_306368_length_135_cov_2144.166667	46	126	101	1	80	0.0125000
NODE_306368_length_135_cov_2144.166667	46	126	108	1	80	0.0125000
NODE_306368_length_135_cov_2144.166667	46	126	110	1	80	0.0125000
NODE_306368_length_135_cov_2144.166667	46	126	116	1	80	0.0125000
NODE_306368_length_135_cov_2144.166667	46	126	134	1	80	0.0125000
NODE_306368_length_135_cov_2144.166667	46	126	151	1	80	0.0125000
NODE_306368_length_135_cov_2144.166667	46	126	166	1	80	0.0125000
NODE_306368_length_135_cov_2144.166667	46	126	180	1	80	0.0125000
NODE_306368_length_135_cov_2144.166667	46	126	183	1	80	0.0125000
NODE_306368_length_135_cov_2144.166667	46	126	194	1	80	0.0125000
NODE_306368_length_135_cov_2144.166667	46	126	196	1	80	0.0125000
NODE_306368_length_135_cov_2144.166667	46	126	204	1	80	0.0125000
NODE_306368_length_135_cov_2144.166667	46	126	206	1	80	0.0125000
NODE_306368_length_135_cov_2144.166667	46	126	212	1	80	0.0125000
NODE_306368_length_135_cov_2144.166667	46	126	214	1	80	0.0125000
NODE_306368_length_135_cov_2144.166667	46	126	216	1	80	0.0125000
NODE_306368_length_135_cov_2144.166667	46	126	218	1	80	0.0125000
NODE_306368_length_135_cov_2144.166667	46	126	222	2	80	0.0250000
NODE_306368_length_135_cov_2144.166667	46	126	226	3	80	0.0375000
NODE_306368_length_135_cov_2144.166667	46	126	228	54	80	0.6750000
NODE_306368_length_135_cov_2144.166667	83	135	6	1	52	0.0192308
NODE_306368_length_135_cov_2144.166667	83	135	16	1	52	0.0192308
NODE_306368_length_135_cov_2144.166667	83	135	44	1	52	0.0192308
NODE_306368_length_135_cov_2144.166667	83	135	54	2	52	0.0384615
NODE_306368_length_135_cov_2144.166667	83	135	56	1	52	0.0192308
NODE_306368_length_135_cov_2144.166667	83	135	58	1	52	0.0192308
NODE_306368_length_135_cov_2144.166667	83	135	60	1	52	0.0192308
NODE_306368_length_135_cov_2144.166667	83	135	76	2	52	0.0384615
NODE_306368_length_135_cov_2144.166667	83	135	80	1	52	0.0192308
NODE_306368_length_135_cov_2144.166667	83	135	82	1	52	0.0192308
NODE_306368_length_135_cov_2144.166667	83	135	88	1	52	0.0192308
NODE_306368_length_135_cov_2144.166667	83	135	101	1	52	0.0192308
NODE_306368_length_135_cov_2144.166667	83	135	108	1	52	0.0192308
NODE_306368_length_135_cov_2144.166667	83	135	110	1	52	0.0192308
NODE_306368_length_135_cov_2144.166667	83	135	116	1	52	0.0192308
NODE_306368_length_135_cov_2144.166667	83	135	134	1	52	0.0192308
NODE_306368_length_135_cov_2144.166667	83	135	151	1	52	0.0192308
NODE_306368_length_135_cov_2144.166667	83	135	166	1	52	0.0192308
NODE_306368_length_135_cov_2144.166667	83	135	180	1	52	0.0192308
NODE_306368_length_135_cov_2144.166667	83	135	183	1	52	0.0192308
NODE_306368_length_135_cov_2144.166667	83	135	194	1	52	0.0192308
NODE_306368_length_135_cov_2144.166667	83	135	196	1	52	0.0192308
NODE_306368_length_135_cov_2144.166667	83	135	204	1	52	0.0192308
NODE_306368_length_135_cov_2144.166667	83	135	206	1	52	0.0192308
NODE_306368_length_135_cov_2144.166667	83	135	212	1	52	0.0192308
NODE_306368_length_135_cov_2144.166667	83	135	214	1	52	0.0192308
NODE_306368_length_135_cov_2144.166667	83	135	216	1	52	0.0192308
NODE_306368_length_135_cov_2144.166667	83	135	218	1	52	0.0192308
NODE_306368_length_135_cov_2144.166667	83	135	222	2	52	0.0384615
NODE_306368_length_135_cov_2144.166667	83	135	226	3	52	0.0576923
NODE_306368_length_135_cov_2144.166667	83	135	228	17	52	0.3269231
NODE_306370_length_135_cov_630.194444	0	76	10	2	76	0.0263158
NODE_306370_length_135_cov_630.194444	0	76	14	1	76	0.0131579
NODE_306370_length_135_cov_630.194444	0	76	20	1	76	0.0131579
NODE_306370_length_135_cov_630.194444	0	76	24	6	76	0.0789474
NODE_306370_length_135_cov_630.194444	0	76	26	1	76	0.0131579
NODE_306370_length_135_cov_630.194444	0	76	30	6	76	0.0789474
NODE_306370_length_135_cov_630.194444	0	76	34	10	76	0.1315790
NODE_306370_length_135_cov_630.194444	0	76	36	5	76	0.0657895
NODE_306370_length_135_cov_630.194444	0	76	38	44	76	0.5789474
NODE_306371_length_135_cov_540.611111	0	76	16	2	76	0.0263158
NODE_306371_length_135_cov_540.611111	0	76	18	1	76	0.0131579
NODE_306371_length_135_cov_540.611111	0	76	22	1	76	0.0131579
NODE_306371_length_135_cov_540.611111	0	76	28	1	76	0.0131579
NODE_306371_length_135_cov_540.611111	0	76	30	1	76	0.0131579
NODE_306371_length_135_cov_540.611111	0	76	32	1	76	0.0131579
NODE_306371_length_135_cov_540.611111	0	76	38	4	76	0.0526316
NODE_306371_length_135_cov_540.611111	0	76	44	2	76	0.0263158
NODE_306371_length_135_cov_540.611111	0	76	48	6	76	0.0789474
NODE_306371_length_135_cov_540.611111	0	76	50	5	76	0.0657895
NODE_306371_length_135_cov_540.611111	0	76	52	52	76	0.6842105
NODE_306373_length_135_cov_257.416667	36	88	230	52	52	1.0000000
NODE_306374_length_135_cov_239.638889	97	135	16	7	38	0.1842105
NODE_306374_length_135_cov_239.638889	97	135	18	1	38	0.0263158
NODE_306374_length_135_cov_239.638889	97	135	26	1	38	0.0263158
NODE_306374_length_135_cov_239.638889	97	135	42	29	38	0.7631579
NODE_306400_length_135_cov_35.055556	8	88	8	3	80	0.0375000
NODE_306400_length_135_cov_35.055556	8	88	14	15	80	0.1875000
NODE_306400_length_135_cov_35.055556	8	88	16	4	80	0.0500000
NODE_306400_length_135_cov_35.055556	8	88	18	58	80	0.7250000
NODE_306400_length_135_cov_35.055556	61	125	10	2	64	0.0312500
NODE_306400_length_135_cov_35.055556	61	125	12	6	64	0.0937500
NODE_306400_length_135_cov_35.055556	61	125	14	2	64	0.0312500
NODE_306400_length_135_cov_35.055556	61	125	16	1	64	0.0156250
NODE_306400_length_135_cov_35.055556	61	125	18	53	64	0.8281250
NODE_306400_length_135_cov_35.055556	61	125	10	2	64	0.0312500
NODE_306400_length_135_cov_35.055556	61	125	12	6	64	0.0937500
NODE_306400_length_135_cov_35.055556	61	125	14	2	64	0.0312500
NODE_306400_length_135_cov_35.055556	61	125	16	1	64	0.0156250
NODE_306400_length_135_cov_35.055556	61	125	18	53	64	0.8281250
NODE_306402_length_135_cov_31.805556	0	76	0	2	76	0.0263158
NODE_306402_length_135_cov_31.805556	0	76	2	2	76	0.0263158
NODE_306402_length_135_cov_31.805556	0	76	6	72	76	0.9473684
NODE_306658_length_133_cov_140.411765	8	43	0	16	35	0.4571429
NODE_306658_length_133_cov_140.411765	8	43	2	19	35	0.5428572
NODE_306658_length_133_cov_140.411765	53	88	2	35	35	1.0000000
NODE_306658_length_133_cov_140.411765	98	133	0	5	35	0.1428571
NODE_306658_length_133_cov_140.411765	98	133	2	30	35	0.8571429
NODE_306661_length_133_cov_109.441176	63	129	21	2	66	0.0303030
NODE_306661_length_133_cov_109.441176	63	129	30	1	66	0.0151515
NODE_306661_length_133_cov_109.441176	63	129	31	3	66	0.0454545
NODE_306661_length_133_cov_109.441176	63	129	33	10	66	0.1515152
NODE_306661_length_133_cov_109.441176	63	129	34	3	66	0.0454545
NODE_306661_length_133_cov_109.441176	63	129	38	7	66	0.1060606
NODE_306661_length_133_cov_109.441176	63	129	39	1	66	0.0151515
NODE_306661_length_133_cov_109.441176	63	129	40	39	66	0.5909091
NODE_306812_length_132_cov_114.151515	2	44	8	2	42	0.0476190
NODE_306812_length_132_cov_114.151515	2	44	10	4	42	0.0952381
NODE_306812_length_132_cov_114.151515	2	44	18	3	42	0.0714286
NODE_306812_length_132_cov_114.151515	2	44	20	11	42	0.2619048
NODE_306812_length_132_cov_114.151515	2	44	22	1	42	0.0238095
NODE_306812_length_132_cov_114.151515	2	44	24	21	42	0.5000000
NODE_306812_length_132_cov_114.151515	4	44	10	4	40	0.1000000
NODE_306812_length_132_cov_114.151515	4	44	18	3	40	0.0750000
NODE_306812_length_132_cov_114.151515	4	44	20	11	40	0.2750000
NODE_306812_length_132_cov_114.151515	4	44	22	1	40	0.0250000
NODE_306812_length_132_cov_114.151515	4	44	24	21	40	0.5250000
NODE_306812_length_132_cov_114.151515	17	83	20	5	66	0.0757576
NODE_306812_length_132_cov_114.151515	17	83	22	1	66	0.0151515
NODE_306812_length_132_cov_114.151515	17	83	24	60	66	0.9090909
NODE_306812_length_132_cov_114.151515	17	88	20	5	71	0.0704225
NODE_306812_length_132_cov_114.151515	17	88	22	1	71	0.0140845
NODE_306812_length_132_cov_114.151515	17	88	24	65	71	0.9154930
NODE_306824_length_132_cov_61.636364	3	76	0	1	73	0.0136986
NODE_306824_length_132_cov_61.636364	3	76	4	11	73	0.1506849
NODE_306824_length_132_cov_61.636364	3	76	6	7	73	0.0958904
NODE_306824_length_132_cov_61.636364	3	76	8	54	73	0.7397260
NODE_306824_length_132_cov_61.636364	49	130	4	27	81	0.3333333
NODE_306824_length_132_cov_61.636364	49	130	8	54	81	0.6666667
NODE_306824_length_132_cov_61.636364	103	125	4	22	22	1.0000000
NODE_306834_length_132_cov_33.393939	2	83	0	81	81	1.0000000
NODE_306834_length_132_cov_33.393939	7	29	0	22	22	1.0000000
NODE_306834_length_132_cov_33.393939	56	129	0	73	73	1.0000000
NODE_306965_length_131_cov_810.000000	0	60	33	1	60	0.0166667
NODE_306965_length_131_cov_810.000000	0	60	35	1	60	0.0166667
NODE_306965_length_131_cov_810.000000	0	60	41	1	60	0.0166667
NODE_306965_length_131_cov_810.000000	0	60	43	1	60	0.0166667
NODE_306965_length_131_cov_810.000000	0	60	58	1	60	0.0166667
NODE_306965_length_131_cov_810.000000	0	60	63	1	60	0.0166667
NODE_306965_length_131_cov_810.000000	0	60	65	1	60	0.0166667
NODE_306965_length_131_cov_810.000000	0	60	73	1	60	0.0166667
NODE_306965_length_131_cov_810.000000	0	60	82	1	60	0.0166667
NODE_306965_length_131_cov_810.000000	0	60	88	2	60	0.0333333
NODE_306965_length_131_cov_810.000000	0	60	90	1	60	0.0166667
NODE_306965_length_131_cov_810.000000	0	60	111	1	60	0.0166667
NODE_306965_length_131_cov_810.000000	0	60	119	1	60	0.0166667
NODE_306965_length_131_cov_810.000000	0	60	123	1	60	0.0166667
NODE_306965_length_131_cov_810.000000	0	60	134	1	60	0.0166667
NODE_306965_length_131_cov_810.000000	0	60	148	1	60	0.0166667
NODE_306965_length_131_cov_810.000000	0	60	158	1	60	0.0166667
NODE_306965_length_131_cov_810.000000	0	60	167	1	60	0.0166667
NODE_306965_length_131_cov_810.000000	0	60	178	1	60	0.0166667
NODE_306965_length_131_cov_810.000000	0	60	182	2	60	0.0333333
NODE_306965_length_131_cov_810.000000	0	60	191	1	60	0.0166667
NODE_306965_length_131_cov_810.000000	0	60	194	1	60	0.0166667
NODE_306965_length_131_cov_810.000000	0	60	201	2	60	0.0333333
NODE_306965_length_131_cov_810.000000	0	60	203	1	60	0.0166667
NODE_306965_length_131_cov_810.000000	0	60	205	1	60	0.0166667
NODE_306965_length_131_cov_810.000000	0	60	211	1	60	0.0166667
NODE_306965_length_131_cov_810.000000	0	60	213	18	60	0.3000000
NODE_306965_length_131_cov_810.000000	0	60	214	13	60	0.2166667
NODE_306965_length_131_cov_810.000000	33	97	213	14	64	0.2187500
NODE_306965_length_131_cov_810.000000	33	97	214	50	64	0.7812500
NODE_306965_length_131_cov_810.000000	33	97	213	14	64	0.2187500
NODE_306965_length_131_cov_810.000000	33	97	214	50	64	0.7812500
NODE_306965_length_131_cov_810.000000	33	97	213	14	64	0.2187500
NODE_306965_length_131_cov_810.000000	33	97	214	50	64	0.7812500
NODE_306985_length_131_cov_149.187500	25	105	80	1	80	0.0125000
NODE_306985_length_131_cov_149.187500	25	105	82	3	80	0.0375000
NODE_306985_length_131_cov_149.187500	25	105	90	76	80	0.9500000
NODE_306985_length_131_cov_149.187500	78	131	20	3	53	0.0566038
NODE_306985_length_131_cov_149.187500	78	131	26	1	53	0.0188679
NODE_306985_length_131_cov_149.187500	78	131	29	1	53	0.0188679
NODE_306985_length_131_cov_149.187500	78	131	39	2	53	0.0377358
NODE_306985_length_131_cov_149.187500	78	131	41	1	53	0.0188679
NODE_306985_length_131_cov_149.187500	78	131	43	2	53	0.0377358
NODE_306985_length_131_cov_149.187500	78	131	46	1	53	0.0188679
NODE_306985_length_131_cov_149.187500	78	131	48	1	53	0.0188679
NODE_306985_length_131_cov_149.187500	78	131	54	1	53	0.0188679
NODE_306985_length_131_cov_149.187500	78	131	63	1	53	0.0188679
NODE_306985_length_131_cov_149.187500	78	131	68	3	53	0.0566038
NODE_306985_length_131_cov_149.187500	78	131	78	1	53	0.0188679
NODE_306985_length_131_cov_149.187500	78	131	84	5	53	0.0943396
NODE_306985_length_131_cov_149.187500	78	131	86	1	53	0.0188679
NODE_306985_length_131_cov_149.187500	78	131	90	29	53	0.5471698
NODE_307121_length_130_cov_319.806452	54	126	4	3	72	0.0416667
NODE_307121_length_130_cov_319.806452	54	126	6	10	72	0.1388889
NODE_307121_length_130_cov_319.806452	54	126	8	59	72	0.8194444
NODE_307132_length_130_cov_153.516129	82	113	14	1	31	0.0322581
NODE_307132_length_130_cov_153.516129	82	113	16	30	31	0.9677419
NODE_307140_length_130_cov_79.064516	0	53	0	7	53	0.1320755
NODE_307140_length_130_cov_79.064516	0	53	2	46	53	0.8679245
NODE_307140_length_130_cov_79.064516	26	56	2	30	30	1.0000000
NODE_307270_length_129_cov_1851.133333	0	45	0	3	45	0.0666667
NODE_307270_length_129_cov_1851.133333	0	45	2	1	45	0.0222222
NODE_307270_length_129_cov_1851.133333	0	45	8	2	45	0.0444444
NODE_307270_length_129_cov_1851.133333	0	45	16	2	45	0.0444444
NODE_307270_length_129_cov_1851.133333	0	45	18	2	45	0.0444444
NODE_307270_length_129_cov_1851.133333	0	45	20	1	45	0.0222222
NODE_307270_length_129_cov_1851.133333	0	45	32	1	45	0.0222222
NODE_307270_length_129_cov_1851.133333	0	45	42	1	45	0.0222222
NODE_307270_length_129_cov_1851.133333	0	45	50	1	45	0.0222222
NODE_307270_length_129_cov_1851.133333	0	45	52	1	45	0.0222222
NODE_307270_length_129_cov_1851.133333	0	45	54	1	45	0.0222222
NODE_307270_length_129_cov_1851.133333	0	45	57	1	45	0.0222222
NODE_307270_length_129_cov_1851.133333	0	45	67	5	45	0.1111111
NODE_307270_length_129_cov_1851.133333	0	45	75	1	45	0.0222222
NODE_307270_length_129_cov_1851.133333	0	45	77	3	45	0.0666667
NODE_307270_length_129_cov_1851.133333	0	45	80	1	45	0.0222222
NODE_307270_length_129_cov_1851.133333	0	45	81	18	45	0.4000000
NODE_307270_length_129_cov_1851.133333	18	98	67	4	80	0.0500000
NODE_307270_length_129_cov_1851.133333	18	98	75	1	80	0.0125000
NODE_307270_length_129_cov_1851.133333	18	98	77	3	80	0.0375000
NODE_307270_length_129_cov_1851.133333	18	98	80	1	80	0.0125000
NODE_307270_length_129_cov_1851.133333	18	98	81	71	80	0.8875000
NODE_307285_length_129_cov_186.500000	0	78	2	1	78	0.0128205
NODE_307285_length_129_cov_186.500000	0	78	4	1	78	0.0128205
NODE_307285_length_129_cov_186.500000	0	78	6	2	78	0.0256410
NODE_307285_length_129_cov_186.500000	0	78	8	1	78	0.0128205
NODE_307285_length_129_cov_186.500000	0	78	10	2	78	0.0256410
NODE_307285_length_129_cov_186.500000	0	78	12	1	78	0.0128205
NODE_307285_length_129_cov_186.500000	0	78	14	1	78	0.0128205
NODE_307285_length_129_cov_186.500000	0	78	16	2	78	0.0256410
NODE_307285_length_129_cov_186.500000	0	78	20	4	78	0.0512821
NODE_307285_length_129_cov_186.500000	0	78	22	6	78	0.0769231
NODE_307285_length_129_cov_186.500000	0	78	26	1	78	0.0128205
NODE_307285_length_129_cov_186.500000	0	78	28	1	78	0.0128205
NODE_307285_length_129_cov_186.500000	0	78	32	55	78	0.7051282
NODE_307285_length_129_cov_186.500000	53	129	0	1	76	0.0131579
NODE_307285_length_129_cov_186.500000	53	129	4	2	76	0.0263158
NODE_307285_length_129_cov_186.500000	53	129	8	2	76	0.0263158
NODE_307285_length_129_cov_186.500000	53	129	10	1	76	0.0131579
NODE_307285_length_129_cov_186.500000	53	129	14	6	76	0.0789474
NODE_307285_length_129_cov_186.500000	53	129	18	1	76	0.0131579
NODE_307285_length_129_cov_186.500000	53	129	22	1	76	0.0131579
NODE_307285_length_129_cov_186.500000	53	129	24	2	76	0.0263158
NODE_307285_length_129_cov_186.500000	53	129	26	2	76	0.0263158
NODE_307285_length_129_cov_186.500000	53	129	28	1	76	0.0131579
NODE_307285_length_129_cov_186.500000	53	129	30	2	76	0.0263158
NODE_307285_length_129_cov_186.500000	53	129	32	55	76	0.7236842
NODE_307287_length_129_cov_165.466667	36	111	0	75	75	1.0000000
NODE_307287_length_129_cov_165.466667	84	113	0	29	29	1.0000000
NODE_307292_length_129_cov_90.366667	0	48	13	1	48	0.0208333
NODE_307292_length_129_cov_90.366667	0	48	21	14	48	0.2916667
NODE_307292_length_129_cov_90.366667	0	48	23	33	48	0.6875000
NODE_307292_length_129_cov_90.366667	0	48	13	1	48	0.0208333
NODE_307292_length_129_cov_90.366667	0	48	21	14	48	0.2916667
NODE_307292_length_129_cov_90.366667	0	48	23	33	48	0.6875000
NODE_307292_length_129_cov_90.366667	0	48	13	1	48	0.0208333
NODE_307292_length_129_cov_90.366667	0	48	21	14	48	0.2916667
NODE_307292_length_129_cov_90.366667	0	48	23	33	48	0.6875000
NODE_307292_length_129_cov_90.366667	21	101	23	80	80	1.0000000
NODE_307442_length_128_cov_2621.517241	3	83	28	1	80	0.0125000
NODE_307442_length_128_cov_2621.517241	3	83	30	1	80	0.0125000
NODE_307442_length_128_cov_2621.517241	3	83	34	1	80	0.0125000
NODE_307442_length_128_cov_2621.517241	3	83	36	1	80	0.0125000
NODE_307442_length_128_cov_2621.517241	3	83	42	2	80	0.0250000
NODE_307442_length_128_cov_2621.517241	3	83	46	1	80	0.0125000
NODE_307442_length_128_cov_2621.517241	3	83	66	1	80	0.0125000
NODE_307442_length_128_cov_2621.517241	3	83	82	1	80	0.0125000
NODE_307442_length_128_cov_2621.517241	3	83	88	3	80	0.0375000
NODE_307442_length_128_cov_2621.517241	3	83	92	4	80	0.0500000
NODE_307442_length_128_cov_2621.517241	3	83	96	1	80	0.0125000
NODE_307442_length_128_cov_2621.517241	3	83	98	1	80	0.0125000
NODE_307442_length_128_cov_2621.517241	3	83	102	3	80	0.0375000
NODE_307442_length_128_cov_2621.517241	3	83	104	2	80	0.0250000
NODE_307442_length_128_cov_2621.517241	3	83	106	57	80	0.7125000
NODE_307442_length_128_cov_2621.517241	8	30	42	1	22	0.0454545
NODE_307442_length_128_cov_2621.517241	8	30	46	1	22	0.0454545
NODE_307442_length_128_cov_2621.517241	8	30	66	1	22	0.0454545
NODE_307442_length_128_cov_2621.517241	8	30	82	1	22	0.0454545
NODE_307442_length_128_cov_2621.517241	8	30	88	3	22	0.1363636
NODE_307442_length_128_cov_2621.517241	8	30	92	4	22	0.1818182
NODE_307442_length_128_cov_2621.517241	8	30	96	1	22	0.0454545
NODE_307442_length_128_cov_2621.517241	8	30	98	1	22	0.0454545
NODE_307442_length_128_cov_2621.517241	8	30	102	3	22	0.1363636
NODE_307442_length_128_cov_2621.517241	8	30	104	2	22	0.0909091
NODE_307442_length_128_cov_2621.517241	8	30	106	4	22	0.1818182
NODE_307442_length_128_cov_2621.517241	56	128	16	1	72	0.0138889
NODE_307442_length_128_cov_2621.517241	56	128	26	1	72	0.0138889
NODE_307442_length_128_cov_2621.517241	56	128	32	1	72	0.0138889
NODE_307442_length_128_cov_2621.517241	56	128	34	1	72	0.0138889
NODE_307442_length_128_cov_2621.517241	56	128	40	6	72	0.0833333
NODE_307442_length_128_cov_2621.517241	56	128	42	1	72	0.0138889
NODE_307442_length_128_cov_2621.517241	56	128	44	1	72	0.0138889
NODE_307442_length_128_cov_2621.517241	56	128	52	1	72	0.0138889
NODE_307442_length_128_cov_2621.517241	56	128	64	2	72	0.0277778
NODE_307442_length_128_cov_2621.517241	56	128	68	2	72	0.0277778
NODE_307442_length_128_cov_2621.517241	56	128	70	1	72	0.0138889
NODE_307442_length_128_cov_2621.517241	56	128	76	2	72	0.0277778
NODE_307442_length_128_cov_2621.517241	56	128	84	1	72	0.0138889
NODE_307442_length_128_cov_2621.517241	56	128	94	1	72	0.0138889
NODE_307442_length_128_cov_2621.517241	56	128	96	1	72	0.0138889
NODE_307442_length_128_cov_2621.517241	56	128	102	2	72	0.0277778
NODE_307442_length_128_cov_2621.517241	56	128	104	1	72	0.0138889
NODE_307442_length_128_cov_2621.517241	56	128	106	46	72	0.6388889
NODE_307443_length_128_cov_1604.275862	58	127	2	1	69	0.0144928
NODE_307443_length_128_cov_1604.275862	58	127	4	2	69	0.0289855
NODE_307443_length_128_cov_1604.275862	58	127	8	4	69	0.0579710
NODE_307443_length_128_cov_1604.275862	58	127	10	4	69	0.0579710
NODE_307443_length_128_cov_1604.275862	58	127	14	3	69	0.0434783
NODE_307443_length_128_cov_1604.275862	58	127	20	9	69	0.1304348
NODE_307443_length_128_cov_1604.275862	58	127	22	46	69	0.6666667
NODE_307458_length_128_cov_79.034483	43	123	8	3	80	0.0375000
NODE_307458_length_128_cov_79.034483	43	123	20	1	80	0.0125000
NODE_307458_length_128_cov_79.034483	43	123	26	2	80	0.0250000
NODE_307458_length_128_cov_79.034483	43	123	30	1	80	0.0125000
NODE_307458_length_128_cov_79.034483	43	123	32	1	80	0.0125000
NODE_307458_length_128_cov_79.034483	43	123	34	2	80	0.0250000
NODE_307458_length_128_cov_79.034483	43	123	38	8	80	0.1000000
NODE_307458_length_128_cov_79.034483	43	123	41	2	80	0.0250000
NODE_307458_length_128_cov_79.034483	43	123	43	11	80	0.1375000
NODE_307458_length_128_cov_79.034483	43	123	44	49	80	0.6125000
NODE_307464_length_128_cov_61.793103	5	85	10	4	80	0.0500000
NODE_307464_length_128_cov_61.793103	5	85	16	6	80	0.0750000
NODE_307464_length_128_cov_61.793103	5	85	18	1	80	0.0125000
NODE_307464_length_128_cov_61.793103	5	85	20	69	80	0.8625000
NODE_307549_length_127_cov_1879.785714	21	101	160	1	80	0.0125000
NODE_307549_length_127_cov_1879.785714	21	101	164	2	80	0.0250000
NODE_307549_length_127_cov_1879.785714	21	101	175	1	80	0.0125000
NODE_307549_length_127_cov_1879.785714	21	101	176	76	80	0.9500000
NODE_307549_length_127_cov_1879.785714	74	127	20	2	53	0.0377358
NODE_307549_length_127_cov_1879.785714	74	127	24	1	53	0.0188679
NODE_307549_length_127_cov_1879.785714	74	127	32	1	53	0.0188679
NODE_307549_length_127_cov_1879.785714	74	127	44	1	53	0.0188679
NODE_307549_length_127_cov_1879.785714	74	127	54	1	53	0.0188679
NODE_307549_length_127_cov_1879.785714	74	127	56	1	53	0.0188679
NODE_307549_length_127_cov_1879.785714	74	127	60	1	53	0.0188679
NODE_307549_length_127_cov_1879.785714	74	127	66	1	53	0.0188679
NODE_307549_length_127_cov_1879.785714	74	127	74	1	53	0.0188679
NODE_307549_length_127_cov_1879.785714	74	127	87	1	53	0.0188679
NODE_307549_length_127_cov_1879.785714	74	127	98	1	53	0.0188679
NODE_307549_length_127_cov_1879.785714	74	127	107	1	53	0.0188679
NODE_307549_length_127_cov_1879.785714	74	127	133	1	53	0.0188679
NODE_307549_length_127_cov_1879.785714	74	127	141	1	53	0.0188679
NODE_307549_length_127_cov_1879.785714	74	127	144	3	53	0.0566038
NODE_307549_length_127_cov_1879.785714	74	127	157	1	53	0.0188679
NODE_307549_length_127_cov_1879.785714	74	127	164	1	53	0.0188679
NODE_307549_length_127_cov_1879.785714	74	127	168	3	53	0.0566038
NODE_307549_length_127_cov_1879.785714	74	127	170	1	53	0.0188679
NODE_307549_length_127_cov_1879.785714	74	127	175	1	53	0.0188679
NODE_307549_length_127_cov_1879.785714	74	127	176	28	53	0.5283019
NODE_307583_length_127_cov_66.142857	38	118	0	80	80	1.0000000
NODE_307583_length_127_cov_66.142857	47	118	0	71	71	1.0000000
NODE_307590_length_127_cov_38.285714	12	86	0	74	74	1.0000000
NODE_307596_length_127_cov_30.607143	21	93	0	72	72	1.0000000
NODE_307662_length_126_cov_936.777778	24	96	22	72	72	1.0000000
NODE_307675_length_126_cov_147.185185	2	66	12	1	64	0.0156250
NODE_307675_length_126_cov_147.185185	2	66	13	1	64	0.0156250
NODE_307675_length_126_cov_147.185185	2	66	18	17	64	0.2656250
NODE_307675_length_126_cov_147.185185	2	66	20	45	64	0.7031250
NODE_307675_length_126_cov_147.185185	2	66	12	1	64	0.0156250
NODE_307675_length_126_cov_147.185185	2	66	13	1	64	0.0156250
NODE_307675_length_126_cov_147.185185	2	66	18	17	64	0.2656250
NODE_307675_length_126_cov_147.185185	2	66	20	45	64	0.7031250
NODE_307675_length_126_cov_147.185185	2	66	12	1	64	0.0156250
NODE_307675_length_126_cov_147.185185	2	66	13	1	64	0.0156250
NODE_307675_length_126_cov_147.185185	2	66	18	17	64	0.2656250
NODE_307675_length_126_cov_147.185185	2	66	20	45	64	0.7031250
NODE_307675_length_126_cov_147.185185	39	99	20	60	60	1.0000000
NODE_307675_length_126_cov_147.185185	55	99	20	44	44	1.0000000
NODE_307684_length_126_cov_82.518519	44	75	8	31	31	1.0000000
NODE_307793_length_125_cov_656.807692	19	99	12	80	80	1.0000000
NODE_307806_length_125_cov_143.615385	52	125	8	2	73	0.0273973
NODE_307806_length_125_cov_143.615385	52	125	13	2	73	0.0273973
NODE_307806_length_125_cov_143.615385	52	125	15	1	73	0.0136986
NODE_307806_length_125_cov_143.615385	52	125	22	2	73	0.0273973
NODE_307806_length_125_cov_143.615385	52	125	24	2	73	0.0273973
NODE_307806_length_125_cov_143.615385	52	125	28	3	73	0.0410959
NODE_307806_length_125_cov_143.615385	52	125	30	1	73	0.0136986
NODE_307806_length_125_cov_143.615385	52	125	32	8	73	0.1095890
NODE_307806_length_125_cov_143.615385	52	125	34	52	73	0.7123288
NODE_307810_length_125_cov_131.923077	3	52	18	1	49	0.0204082
NODE_307810_length_125_cov_131.923077	3	52	26	2	49	0.0408163
NODE_307810_length_125_cov_131.923077	3	52	30	3	49	0.0612245
NODE_307810_length_125_cov_131.923077	3	52	34	1	49	0.0204082
NODE_307810_length_125_cov_131.923077	3	52	40	1	49	0.0204082
NODE_307810_length_125_cov_131.923077	3	52	42	3	49	0.0612245
NODE_307810_length_125_cov_131.923077	3	52	44	2	49	0.0408163
NODE_307810_length_125_cov_131.923077	3	52	62	3	49	0.0612245
NODE_307810_length_125_cov_131.923077	3	52	64	1	49	0.0204082
NODE_307810_length_125_cov_131.923077	3	52	70	32	49	0.6530612
NODE_307810_length_125_cov_131.923077	25	89	70	64	64	1.0000000
NODE_307810_length_125_cov_131.923077	25	89	70	64	64	1.0000000
NODE_307816_length_125_cov_102.500000	0	56	10	9	56	0.1607143
NODE_307816_length_125_cov_102.500000	0	56	12	3	56	0.0535714
NODE_307816_length_125_cov_102.500000	0	56	14	3	56	0.0535714
NODE_307816_length_125_cov_102.500000	0	56	16	3	56	0.0535714
NODE_307816_length_125_cov_102.500000	0	56	20	38	56	0.6785714
NODE_307816_length_125_cov_102.500000	7	56	10	2	49	0.0408163
NODE_307816_length_125_cov_102.500000	7	56	12	3	49	0.0612245
NODE_307816_length_125_cov_102.500000	7	56	14	3	49	0.0612245
NODE_307816_length_125_cov_102.500000	7	56	16	3	49	0.0612245
NODE_307816_length_125_cov_102.500000	7	56	20	38	49	0.7755102
NODE_307816_length_125_cov_102.500000	29	114	16	4	85	0.0470588
NODE_307816_length_125_cov_102.500000	29	114	18	8	85	0.0941176
NODE_307816_length_125_cov_102.500000	29	114	20	73	85	0.8588235
NODE_307816_length_125_cov_102.500000	29	114	16	4	85	0.0470588
NODE_307816_length_125_cov_102.500000	29	114	18	8	85	0.0941176
NODE_307816_length_125_cov_102.500000	29	114	20	73	85	0.8588235
NODE_307816_length_125_cov_102.500000	29	114	16	4	85	0.0470588
NODE_307816_length_125_cov_102.500000	29	114	18	8	85	0.0941176
NODE_307816_length_125_cov_102.500000	29	114	20	73	85	0.8588235
NODE_307839_length_125_cov_28.115385	17	90	30	1	73	0.0136986
NODE_307839_length_125_cov_28.115385	17	90	36	1	73	0.0136986
NODE_307839_length_125_cov_28.115385	17	90	38	4	73	0.0547945
NODE_307839_length_125_cov_28.115385	17	90	40	67	73	0.9178082
NODE_307839_length_125_cov_28.115385	57	98	40	41	41	1.0000000
NODE_307906_length_124_cov_945.680000	0	73	8	2	73	0.0273973
NODE_307906_length_124_cov_945.680000	0	73	10	1	73	0.0136986
NODE_307906_length_124_cov_945.680000	0	73	12	1	73	0.0136986
NODE_307906_length_124_cov_945.680000	0	73	16	1	73	0.0136986
NODE_307906_length_124_cov_945.680000	0	73	18	1	73	0.0136986
NODE_307906_length_124_cov_945.680000	0	73	26	1	73	0.0136986
NODE_307906_length_124_cov_945.680000	0	73	30	1	73	0.0136986
NODE_307906_length_124_cov_945.680000	0	73	32	5	73	0.0684932
NODE_307906_length_124_cov_945.680000	0	73	38	60	73	0.8219178
NODE_307906_length_124_cov_945.680000	53	124	2	2	71	0.0281690
NODE_307906_length_124_cov_945.680000	53	124	12	1	71	0.0140845
NODE_307906_length_124_cov_945.680000	53	124	16	1	71	0.0140845
NODE_307906_length_124_cov_945.680000	53	124	18	2	71	0.0281690
NODE_307906_length_124_cov_945.680000	53	124	24	3	71	0.0422535
NODE_307906_length_124_cov_945.680000	53	124	30	3	71	0.0422535
NODE_307906_length_124_cov_945.680000	53	124	32	2	71	0.0281690
NODE_307906_length_124_cov_945.680000	53	124	34	2	71	0.0281690
NODE_307906_length_124_cov_945.680000	53	124	36	1	71	0.0140845
NODE_307906_length_124_cov_945.680000	53	124	38	54	71	0.7605634
NODE_308023_length_123_cov_1186.083333	0	76	0	7	76	0.0921053
NODE_308023_length_123_cov_1186.083333	0	76	2	13	76	0.1710526
NODE_308023_length_123_cov_1186.083333	0	76	4	56	76	0.7368421
NODE_308023_length_123_cov_1186.083333	0	76	0	7	76	0.0921053
NODE_308023_length_123_cov_1186.083333	0	76	2	13	76	0.1710526
NODE_308023_length_123_cov_1186.083333	0	76	4	56	76	0.7368421
NODE_308023_length_123_cov_1186.083333	0	76	0	7	76	0.0921053
NODE_308023_length_123_cov_1186.083333	0	76	2	13	76	0.1710526
NODE_308023_length_123_cov_1186.083333	0	76	4	56	76	0.7368421
NODE_308023_length_123_cov_1186.083333	0	76	0	7	76	0.0921053
NODE_308023_length_123_cov_1186.083333	0	76	2	13	76	0.1710526
NODE_308023_length_123_cov_1186.083333	0	76	4	56	76	0.7368421
NODE_308023_length_123_cov_1186.083333	49	123	2	15	74	0.2027027
NODE_308023_length_123_cov_1186.083333	49	123	4	59	74	0.7972973
NODE_308023_length_123_cov_1186.083333	49	123	2	15	74	0.2027027
NODE_308023_length_123_cov_1186.083333	49	123	4	59	74	0.7972973
NODE_308023_length_123_cov_1186.083333	49	123	2	15	74	0.2027027
NODE_308023_length_123_cov_1186.083333	49	123	4	59	74	0.7972973
NODE_308024_length_123_cov_963.500000	19	88	19	2	69	0.0289855
NODE_308024_length_123_cov_963.500000	19	88	24	67	69	0.9710145
NODE_308037_length_123_cov_181.291667	0	47	6	5	47	0.1063830
NODE_308037_length_123_cov_181.291667	0	47	8	2	47	0.0425532
NODE_308037_length_123_cov_181.291667	0	47	10	10	47	0.2127660
NODE_308037_length_123_cov_181.291667	0	47	12	30	47	0.6382979
NODE_308037_length_123_cov_181.291667	24	100	12	76	76	1.0000000
NODE_308057_length_123_cov_55.375000	52	123	0	6	71	0.0845070
NODE_308057_length_123_cov_55.375000	52	123	2	65	71	0.9154930
NODE_308057_length_123_cov_55.375000	52	123	0	6	71	0.0845070
NODE_308057_length_123_cov_55.375000	52	123	2	65	71	0.9154930
NODE_308057_length_123_cov_55.375000	61	123	0	6	62	0.0967742
NODE_308057_length_123_cov_55.375000	61	123	2	56	62	0.9032258
NODE_308068_length_123_cov_40.958333	9	89	4	3	80	0.0375000
NODE_308068_length_123_cov_40.958333	9	89	8	77	80	0.9625000
NODE_308068_length_123_cov_40.958333	9	89	4	3	80	0.0375000
NODE_308068_length_123_cov_40.958333	9	89	8	77	80	0.9625000
NODE_308068_length_123_cov_40.958333	9	89	4	3	80	0.0375000
NODE_308068_length_123_cov_40.958333	9	89	8	77	80	0.9625000
NODE_308068_length_123_cov_40.958333	9	89	4	3	80	0.0375000
NODE_308068_length_123_cov_40.958333	9	89	8	77	80	0.9625000
NODE_308068_length_123_cov_40.958333	9	89	4	3	80	0.0375000
NODE_308068_length_123_cov_40.958333	9	89	8	77	80	0.9625000
NODE_308068_length_123_cov_40.958333	9	80	4	3	71	0.0422535
NODE_308068_length_123_cov_40.958333	9	80	8	68	71	0.9577465
NODE_308180_length_122_cov_111.043478	8	88	7	1	80	0.0125000
NODE_308180_length_122_cov_111.043478	8	88	17	4	80	0.0500000
NODE_308180_length_122_cov_111.043478	8	88	19	5	80	0.0625000
NODE_308180_length_122_cov_111.043478	8	88	20	70	80	0.8750000
NODE_308180_length_122_cov_111.043478	8	88	7	1	80	0.0125000
NODE_308180_length_122_cov_111.043478	8	88	17	4	80	0.0500000
NODE_308180_length_122_cov_111.043478	8	88	19	5	80	0.0625000
NODE_308180_length_122_cov_111.043478	8	88	20	70	80	0.8750000
NODE_308184_length_122_cov_67.565217	0	50	0	3	50	0.0600000
NODE_308184_length_122_cov_67.565217	0	50	2	1	50	0.0200000
NODE_308184_length_122_cov_67.565217	0	50	3	1	50	0.0200000
NODE_308184_length_122_cov_67.565217	0	50	4	3	50	0.0600000
NODE_308184_length_122_cov_67.565217	0	50	6	3	50	0.0600000
NODE_308184_length_122_cov_67.565217	0	50	8	1	50	0.0200000
NODE_308184_length_122_cov_67.565217	0	50	10	6	50	0.1200000
NODE_308184_length_122_cov_67.565217	0	50	12	32	50	0.6400000
NODE_308184_length_122_cov_67.565217	0	50	0	3	50	0.0600000
NODE_308184_length_122_cov_67.565217	0	50	2	1	50	0.0200000
NODE_308184_length_122_cov_67.565217	0	50	3	1	50	0.0200000
NODE_308184_length_122_cov_67.565217	0	50	4	3	50	0.0600000
NODE_308184_length_122_cov_67.565217	0	50	6	3	50	0.0600000
NODE_308184_length_122_cov_67.565217	0	50	8	1	50	0.0200000
NODE_308184_length_122_cov_67.565217	0	50	10	6	50	0.1200000
NODE_308184_length_122_cov_67.565217	0	50	12	32	50	0.6400000
NODE_308184_length_122_cov_67.565217	23	103	12	80	80	1.0000000
NODE_308184_length_122_cov_67.565217	23	103	12	80	80	1.0000000
NODE_308184_length_122_cov_67.565217	23	103	12	80	80	1.0000000
NODE_308184_length_122_cov_67.565217	23	103	12	80	80	1.0000000
NODE_308184_length_122_cov_67.565217	23	103	12	80	80	1.0000000
NODE_308184_length_122_cov_67.565217	23	94	12	71	71	1.0000000
NODE_308188_length_122_cov_58.826087	28	99	0	71	71	1.0000000
NODE_308188_length_122_cov_58.826087	33	99	0	66	66	1.0000000
NODE_308188_length_122_cov_58.826087	72	122	0	50	50	1.0000000
NODE_308188_length_122_cov_58.826087	72	122	0	50	50	1.0000000
NODE_308198_length_122_cov_38.173913	12	93	0	81	81	1.0000000
NODE_308257_length_121_cov_159.318182	24	55	4	31	31	1.0000000
NODE_308260_length_121_cov_120.181818	20	100	14	80	80	1.0000000
NODE_308260_length_121_cov_120.181818	20	95	14	75	75	1.0000000
NODE_308260_length_121_cov_120.181818	20	100	14	80	80	1.0000000
NODE_308260_length_121_cov_120.181818	29	100	14	71	71	1.0000000
NODE_308273_length_121_cov_54.181818	7	70	2	2	63	0.0317460
NODE_308273_length_121_cov_54.181818	7	70	4	4	63	0.0634921
NODE_308273_length_121_cov_54.181818	7	70	8	57	63	0.9047619
NODE_308273_length_121_cov_54.181818	7	70	2	2	63	0.0317460
NODE_308273_length_121_cov_54.181818	7	70	4	4	63	0.0634921
NODE_308273_length_121_cov_54.181818	7	70	8	57	63	0.9047619
NODE_308273_length_121_cov_54.181818	7	70	2	2	63	0.0317460
NODE_308273_length_121_cov_54.181818	7	70	4	4	63	0.0634921
NODE_308273_length_121_cov_54.181818	7	70	8	57	63	0.9047619
NODE_308273_length_121_cov_54.181818	9	70	4	4	61	0.0655738
NODE_308273_length_121_cov_54.181818	9	70	8	57	61	0.9344262
NODE_308273_length_121_cov_54.181818	43	109	8	66	66	1.0000000
NODE_308273_length_121_cov_54.181818	43	121	2	3	78	0.0384615
NODE_308273_length_121_cov_54.181818	43	121	6	9	78	0.1153846
NODE_308273_length_121_cov_54.181818	43	121	8	66	78	0.8461539
NODE_308273_length_121_cov_54.181818	64	117	6	8	53	0.1509434
NODE_308273_length_121_cov_54.181818	64	117	8	45	53	0.8490566
NODE_308317_length_120_cov_1404.619048	0	64	14	1	64	0.0156250
NODE_308317_length_120_cov_1404.619048	0	64	16	1	64	0.0156250
NODE_308317_length_120_cov_1404.619048	0	64	22	1	64	0.0156250
NODE_308317_length_120_cov_1404.619048	0	64	28	1	64	0.0156250
NODE_308317_length_120_cov_1404.619048	0	64	39	1	64	0.0156250
NODE_308317_length_120_cov_1404.619048	0	64	45	1	64	0.0156250
NODE_308317_length_120_cov_1404.619048	0	64	47	1	64	0.0156250
NODE_308317_length_120_cov_1404.619048	0	64	53	2	64	0.0312500
NODE_308317_length_120_cov_1404.619048	0	64	57	1	64	0.0156250
NODE_308317_length_120_cov_1404.619048	0	64	65	1	64	0.0156250
NODE_308317_length_120_cov_1404.619048	0	64	71	1	64	0.0156250
NODE_308317_length_120_cov_1404.619048	0	64	79	1	64	0.0156250
NODE_308317_length_120_cov_1404.619048	0	64	85	1	64	0.0156250
NODE_308317_length_120_cov_1404.619048	0	64	89	1	64	0.0156250
NODE_308317_length_120_cov_1404.619048	0	64	91	1	64	0.0156250
NODE_308317_length_120_cov_1404.619048	0	64	93	1	64	0.0156250
NODE_308317_length_120_cov_1404.619048	0	64	95	47	64	0.7343750
NODE_308317_length_120_cov_1404.619048	45	117	47	1	72	0.0138889
NODE_308317_length_120_cov_1404.619048	45	117	48	1	72	0.0138889
NODE_308317_length_120_cov_1404.619048	45	117	50	2	72	0.0277778
NODE_308317_length_120_cov_1404.619048	45	117	52	1	72	0.0138889
NODE_308317_length_120_cov_1404.619048	45	117	58	1	72	0.0138889
NODE_308317_length_120_cov_1404.619048	45	117	62	1	72	0.0138889
NODE_308317_length_120_cov_1404.619048	45	117	64	1	72	0.0138889
NODE_308317_length_120_cov_1404.619048	45	117	73	1	72	0.0138889
NODE_308317_length_120_cov_1404.619048	45	117	85	2	72	0.0277778
NODE_308317_length_120_cov_1404.619048	45	117	87	1	72	0.0138889
NODE_308317_length_120_cov_1404.619048	45	117	95	60	72	0.8333333
NODE_308318_length_120_cov_1138.428571	19	99	18	80	80	1.0000000
NODE_308318_length_120_cov_1138.428571	72	120	0	1	48	0.0208333
NODE_308318_length_120_cov_1138.428571	72	120	2	1	48	0.0208333
NODE_308318_length_120_cov_1138.428571	72	120	8	1	48	0.0208333
NODE_308318_length_120_cov_1138.428571	72	120	12	4	48	0.0833333
NODE_308318_length_120_cov_1138.428571	72	120	14	6	48	0.1250000
NODE_308318_length_120_cov_1138.428571	72	120	16	2	48	0.0416667
NODE_308318_length_120_cov_1138.428571	72	120	18	33	48	0.6875000
NODE_308357_length_120_cov_54.666667	0	69	6	3	69	0.0434783
NODE_308357_length_120_cov_54.666667	0	69	8	1	69	0.0144928
NODE_308357_length_120_cov_54.666667	0	69	12	7	69	0.1014493
NODE_308357_length_120_cov_54.666667	0	69	16	58	69	0.8405797
NODE_308357_length_120_cov_54.666667	0	69	6	3	69	0.0434783
NODE_308357_length_120_cov_54.666667	0	69	8	1	69	0.0144928
NODE_308357_length_120_cov_54.666667	0	69	12	7	69	0.1014493
NODE_308357_length_120_cov_54.666667	0	69	16	58	69	0.8405797
NODE_308357_length_120_cov_54.666667	0	69	6	3	69	0.0434783
NODE_308357_length_120_cov_54.666667	0	69	8	1	69	0.0144928
NODE_308357_length_120_cov_54.666667	0	69	12	7	69	0.1014493
NODE_308357_length_120_cov_54.666667	0	69	16	58	69	0.8405797
NODE_308357_length_120_cov_54.666667	42	108	12	3	66	0.0454545
NODE_308357_length_120_cov_54.666667	42	108	16	63	66	0.9545454
NODE_308357_length_120_cov_54.666667	53	120	2	5	67	0.0746269
NODE_308357_length_120_cov_54.666667	53	120	4	1	67	0.0149254
NODE_308357_length_120_cov_54.666667	53	120	10	1	67	0.0149254
NODE_308357_length_120_cov_54.666667	53	120	12	8	67	0.1194030
NODE_308357_length_120_cov_54.666667	53	120	16	52	67	0.7761194
NODE_308357_length_120_cov_54.666667	53	120	2	5	67	0.0746269
NODE_308357_length_120_cov_54.666667	53	120	4	1	67	0.0149254
NODE_308357_length_120_cov_54.666667	53	120	10	1	67	0.0149254
NODE_308357_length_120_cov_54.666667	53	120	12	8	67	0.1194030
NODE_308357_length_120_cov_54.666667	53	120	16	52	67	0.7761194
NODE_308487_length_118_cov_1211.578947	49	116	0	10	67	0.1492537
NODE_308487_length_118_cov_1211.578947	49	116	2	57	67	0.8507463
NODE_308488_length_118_cov_1157.157895	4	70	2	11	66	0.1666667
NODE_308488_length_118_cov_1157.157895	4	70	4	55	66	0.8333333
NODE_308500_length_118_cov_218.210526	0	63	2	3	63	0.0476190
NODE_308500_length_118_cov_218.210526	0	63	12	5	63	0.0793651
NODE_308500_length_118_cov_218.210526	0	63	20	55	63	0.8730159
NODE_308500_length_118_cov_218.210526	35	115	18	6	80	0.0750000
NODE_308500_length_118_cov_218.210526	35	115	20	74	80	0.9250000
NODE_308504_length_118_cov_161.052632	4	70	0	66	66	1.0000000
NODE_308572_length_117_cov_338.555556	7	70	36	4	63	0.0634921
NODE_308572_length_117_cov_338.555556	7	70	40	1	63	0.0158730
NODE_308572_length_117_cov_338.555556	7	70	48	58	63	0.9206349
NODE_308572_length_117_cov_338.555556	7	70	36	4	63	0.0634921
NODE_308572_length_117_cov_338.555556	7	70	40	1	63	0.0158730
NODE_308572_length_117_cov_338.555556	7	70	48	58	63	0.9206349
NODE_308572_length_117_cov_338.555556	7	70	36	4	63	0.0634921
NODE_308572_length_117_cov_338.555556	7	70	40	1	63	0.0158730
NODE_308572_length_117_cov_338.555556	7	70	48	58	63	0.9206349
NODE_308572_length_117_cov_338.555556	9	70	36	2	61	0.0327869
NODE_308572_length_117_cov_338.555556	9	70	40	1	61	0.0163934
NODE_308572_length_117_cov_338.555556	9	70	48	58	61	0.9508197
NODE_308572_length_117_cov_338.555556	43	109	40	3	66	0.0454545
NODE_308572_length_117_cov_338.555556	43	109	42	1	66	0.0151515
NODE_308572_length_117_cov_338.555556	43	109	44	1	66	0.0151515
NODE_308572_length_117_cov_338.555556	43	109	46	1	66	0.0151515
NODE_308572_length_117_cov_338.555556	43	109	48	60	66	0.9090909
NODE_308572_length_117_cov_338.555556	43	114	40	8	71	0.1126761
NODE_308572_length_117_cov_338.555556	43	114	42	1	71	0.0140845
NODE_308572_length_117_cov_338.555556	43	114	44	1	71	0.0140845
NODE_308572_length_117_cov_338.555556	43	114	46	1	71	0.0140845
NODE_308572_length_117_cov_338.555556	43	114	48	60	71	0.8450704
NODE_308572_length_117_cov_338.555556	64	117	23	1	53	0.0188679
NODE_308572_length_117_cov_338.555556	64	117	31	1	53	0.0188679
NODE_308572_length_117_cov_338.555556	64	117	37	1	53	0.0188679
NODE_308572_length_117_cov_338.555556	64	117	40	8	53	0.1509434
NODE_308572_length_117_cov_338.555556	64	117	42	1	53	0.0188679
NODE_308572_length_117_cov_338.555556	64	117	44	1	53	0.0188679
NODE_308572_length_117_cov_338.555556	64	117	46	1	53	0.0188679
NODE_308572_length_117_cov_338.555556	64	117	48	39	53	0.7358491
NODE_308654_length_116_cov_1897.470588	0	77	0	1	77	0.0129870
NODE_308654_length_116_cov_1897.470588	0	77	2	1	77	0.0129870
NODE_308654_length_116_cov_1897.470588	0	77	4	3	77	0.0389610
NODE_308654_length_116_cov_1897.470588	0	77	12	1	77	0.0129870
NODE_308654_length_116_cov_1897.470588	0	77	16	3	77	0.0389610
NODE_308654_length_116_cov_1897.470588	0	77	18	1	77	0.0129870
NODE_308654_length_116_cov_1897.470588	0	77	26	67	77	0.8701299
NODE_308654_length_116_cov_1897.470588	34	111	14	1	77	0.0129870
NODE_308654_length_116_cov_1897.470588	34	111	18	3	77	0.0389610
NODE_308654_length_116_cov_1897.470588	34	111	20	3	77	0.0389610
NODE_308654_length_116_cov_1897.470588	34	111	24	2	77	0.0259740
NODE_308654_length_116_cov_1897.470588	34	111	26	68	77	0.8831169
NODE_308668_length_116_cov_438.529412	15	95	8	80	80	1.0000000
NODE_308668_length_116_cov_438.529412	68	116	2	1	48	0.0208333
NODE_308668_length_116_cov_438.529412	68	116	4	10	48	0.2083333
NODE_308668_length_116_cov_438.529412	68	116	6	1	48	0.0208333
NODE_308668_length_116_cov_438.529412	68	116	8	36	48	0.7500000
NODE_308701_length_116_cov_93.235294	52	116	2	64	64	1.0000000
NODE_308722_length_116_cov_46.882353	6	66	10	2	60	0.0333333
NODE_308722_length_116_cov_46.882353	6	66	12	1	60	0.0166667
NODE_308722_length_116_cov_46.882353	6	66	14	1	60	0.0166667
NODE_308722_length_116_cov_46.882353	6	66	24	2	60	0.0333333
NODE_308722_length_116_cov_46.882353	6	66	26	54	60	0.9000000
NODE_308727_length_116_cov_38.352941	20	100	2	80	80	1.0000000
NODE_308746_length_115_cov_1012.625000	31	114	4	2	83	0.0240964
NODE_308746_length_115_cov_1012.625000	31	114	8	3	83	0.0361446
NODE_308746_length_115_cov_1012.625000	31	114	10	1	83	0.0120482
NODE_308746_length_115_cov_1012.625000	31	114	14	5	83	0.0602410
NODE_308746_length_115_cov_1012.625000	31	114	16	1	83	0.0120482
NODE_308746_length_115_cov_1012.625000	31	114	20	71	83	0.8554217
NODE_308750_length_115_cov_776.625000	9	92	6	83	83	1.0000000
NODE_308752_length_115_cov_623.937500	0	74	0	4	74	0.0540541
NODE_308752_length_115_cov_623.937500	0	74	2	1	74	0.0135135
NODE_308752_length_115_cov_623.937500	0	74	4	5	74	0.0675676
NODE_308752_length_115_cov_623.937500	0	74	6	64	74	0.8648649
NODE_308782_length_115_cov_144.812500	4	73	16	4	69	0.0579710
NODE_308782_length_115_cov_144.812500	4	73	20	1	69	0.0144928
NODE_308782_length_115_cov_144.812500	4	73	22	1	69	0.0144928
NODE_308782_length_115_cov_144.812500	4	73	30	2	69	0.0289855
NODE_308782_length_115_cov_144.812500	4	73	34	61	69	0.8840580
NODE_308806_length_115_cov_65.187500	16	76	22	60	60	1.0000000
NODE_308846_length_114_cov_819.466667	40	114	0	4	74	0.0540541
NODE_308846_length_114_cov_819.466667	40	114	4	1	74	0.0135135
NODE_308846_length_114_cov_819.466667	40	114	8	4	74	0.0540541
NODE_308846_length_114_cov_819.466667	40	114	10	65	74	0.8783784
NODE_308846_length_114_cov_819.466667	40	114	0	4	74	0.0540541
NODE_308846_length_114_cov_819.466667	40	114	4	1	74	0.0135135
NODE_308846_length_114_cov_819.466667	40	114	8	4	74	0.0540541
NODE_308846_length_114_cov_819.466667	40	114	10	65	74	0.8783784
NODE_308846_length_114_cov_819.466667	49	114	0	4	65	0.0615385
NODE_308846_length_114_cov_819.466667	49	114	4	1	65	0.0153846
NODE_308846_length_114_cov_819.466667	49	114	8	4	65	0.0615385
NODE_308846_length_114_cov_819.466667	49	114	10	56	65	0.8615385
NODE_308866_length_114_cov_285.666667	0	78	0	10	78	0.1282051
NODE_308866_length_114_cov_285.666667	0	78	2	68	78	0.8717949
NODE_308866_length_114_cov_285.666667	51	114	0	1	63	0.0158730
NODE_308866_length_114_cov_285.666667	51	114	2	62	63	0.9841270
NODE_308886_length_114_cov_83.600000	51	82	0	31	31	1.0000000
NODE_308891_length_114_cov_67.666667	40	90	0	50	50	1.0000000
NODE_308939_length_113_cov_446.214286	5	82	2	2	77	0.0259740
NODE_308939_length_113_cov_446.214286	5	82	4	2	77	0.0259740
NODE_308939_length_113_cov_446.214286	5	82	6	73	77	0.9480519
NODE_308939_length_113_cov_446.214286	5	82	2	2	77	0.0259740
NODE_308939_length_113_cov_446.214286	5	82	4	2	77	0.0259740
NODE_308939_length_113_cov_446.214286	5	82	6	73	77	0.9480519
NODE_308967_length_113_cov_160.071429	0	64	6	1	64	0.0156250
NODE_308967_length_113_cov_160.071429	0	64	8	63	64	0.9843750
NODE_308967_length_113_cov_160.071429	0	64	6	1	64	0.0156250
NODE_308967_length_113_cov_160.071429	0	64	8	63	64	0.9843750
NODE_308967_length_113_cov_160.071429	37	103	8	66	66	1.0000000
NODE_308967_length_113_cov_160.071429	37	108	6	2	71	0.0281690
NODE_308967_length_113_cov_160.071429	37	108	8	69	71	0.9718310
NODE_309037_length_112_cov_963.384615	43	112	0	1	69	0.0144928
NODE_309037_length_112_cov_963.384615	43	112	4	2	69	0.0289855
NODE_309037_length_112_cov_963.384615	43	112	8	66	69	0.9565217
NODE_309044_length_112_cov_653.615385	7	78	8	71	71	1.0000000
NODE_309044_length_112_cov_653.615385	12	78	8	66	66	1.0000000
NODE_309044_length_112_cov_653.615385	51	112	2	9	61	0.1475410
NODE_309044_length_112_cov_653.615385	51	112	8	52	61	0.8524590
NODE_309044_length_112_cov_653.615385	51	112	2	9	61	0.1475410
NODE_309044_length_112_cov_653.615385	51	112	8	52	61	0.8524590
NODE_309067_length_112_cov_219.538462	0	62	0	1	62	0.0161290
NODE_309067_length_112_cov_219.538462	0	62	2	61	62	0.9838710
NODE_309067_length_112_cov_219.538462	0	57	0	1	57	0.0175439
NODE_309067_length_112_cov_219.538462	0	57	2	56	57	0.9824561
NODE_309067_length_112_cov_219.538462	0	62	0	1	62	0.0161290
NODE_309067_length_112_cov_219.538462	0	62	2	61	62	0.9838710
NODE_309067_length_112_cov_219.538462	0	59	0	1	59	0.0169492
NODE_309067_length_112_cov_219.538462	0	59	2	58	59	0.9830508
NODE_309067_length_112_cov_219.538462	35	112	0	7	77	0.0909091
NODE_309067_length_112_cov_219.538462	35	112	2	70	77	0.9090909
NODE_309067_length_112_cov_219.538462	35	112	0	7	77	0.0909091
NODE_309067_length_112_cov_219.538462	35	112	2	70	77	0.9090909
NODE_309067_length_112_cov_219.538462	35	112	0	7	77	0.0909091
NODE_309067_length_112_cov_219.538462	35	112	2	70	77	0.9090909
NODE_309078_length_112_cov_160.307692	0	69	2	69	69	1.0000000
NODE_309079_length_112_cov_134.846154	11	91	4	80	80	1.0000000
NODE_309079_length_112_cov_134.846154	11	91	4	80	80	1.0000000
NODE_309079_length_112_cov_134.846154	64	112	0	1	48	0.0208333
NODE_309079_length_112_cov_134.846154	64	112	4	47	48	0.9791667
NODE_309079_length_112_cov_134.846154	64	112	0	1	48	0.0208333
NODE_309079_length_112_cov_134.846154	64	112	4	47	48	0.9791667
NODE_309079_length_112_cov_134.846154	64	112	0	1	48	0.0208333
NODE_309079_length_112_cov_134.846154	64	112	4	47	48	0.9791667
NODE_309092_length_112_cov_84.384615	10	90	0	80	80	1.0000000
NODE_309097_length_112_cov_72.769231	36	100	0	64	64	1.0000000
NODE_309106_length_112_cov_35.307692	13	76	14	63	63	1.0000000
NODE_309123_length_111_cov_1107.833333	0	52	0	4	52	0.0769231
NODE_309123_length_111_cov_1107.833333	0	52	2	4	52	0.0769231
NODE_309123_length_111_cov_1107.833333	0	52	4	44	52	0.8461539
NODE_309123_length_111_cov_1107.833333	0	52	0	4	52	0.0769231
NODE_309123_length_111_cov_1107.833333	0	52	2	4	52	0.0769231
NODE_309123_length_111_cov_1107.833333	0	52	4	44	52	0.8461539
NODE_309123_length_111_cov_1107.833333	0	52	0	4	52	0.0769231
NODE_309123_length_111_cov_1107.833333	0	52	2	4	52	0.0769231
NODE_309123_length_111_cov_1107.833333	0	52	4	44	52	0.8461539
NODE_309123_length_111_cov_1107.833333	0	52	0	4	52	0.0769231
NODE_309123_length_111_cov_1107.833333	0	52	2	4	52	0.0769231
NODE_309123_length_111_cov_1107.833333	0	52	4	44	52	0.8461539
NODE_309123_length_111_cov_1107.833333	25	105	4	80	80	1.0000000
NODE_309123_length_111_cov_1107.833333	25	105	4	80	80	1.0000000
NODE_309123_length_111_cov_1107.833333	25	105	4	80	80	1.0000000
NODE_309123_length_111_cov_1107.833333	25	105	4	80	80	1.0000000
NODE_309123_length_111_cov_1107.833333	25	105	4	80	80	1.0000000
NODE_309123_length_111_cov_1107.833333	25	105	4	80	80	1.0000000
NODE_309126_length_111_cov_827.500000	3	74	26	1	71	0.0140845
NODE_309126_length_111_cov_827.500000	3	74	28	5	71	0.0704225
NODE_309126_length_111_cov_827.500000	3	74	30	65	71	0.9154930
NODE_309126_length_111_cov_827.500000	8	74	28	1	66	0.0151515
NODE_309126_length_111_cov_827.500000	8	74	30	65	66	0.9848485
NODE_309126_length_111_cov_827.500000	47	111	18	1	64	0.0156250
NODE_309126_length_111_cov_827.500000	47	111	20	1	64	0.0156250
NODE_309126_length_111_cov_827.500000	47	111	22	3	64	0.0468750
NODE_309126_length_111_cov_827.500000	47	111	24	1	64	0.0156250
NODE_309126_length_111_cov_827.500000	47	111	30	58	64	0.9062500
NODE_309126_length_111_cov_827.500000	47	111	18	1	64	0.0156250
NODE_309126_length_111_cov_827.500000	47	111	20	1	64	0.0156250
NODE_309126_length_111_cov_827.500000	47	111	22	3	64	0.0468750
NODE_309126_length_111_cov_827.500000	47	111	24	1	64	0.0156250
NODE_309126_length_111_cov_827.500000	47	111	30	58	64	0.9062500
NODE_309126_length_111_cov_827.500000	47	111	18	1	64	0.0156250
NODE_309126_length_111_cov_827.500000	47	111	20	1	64	0.0156250
NODE_309126_length_111_cov_827.500000	47	111	22	3	64	0.0468750
NODE_309126_length_111_cov_827.500000	47	111	24	1	64	0.0156250
NODE_309126_length_111_cov_827.500000	47	111	30	58	64	0.9062500
NODE_309129_length_111_cov_726.833333	12	89	2	77	77	1.0000000
NODE_309129_length_111_cov_726.833333	12	89	2	77	77	1.0000000
NODE_309129_length_111_cov_726.833333	62	111	0	8	49	0.1632653
NODE_309129_length_111_cov_726.833333	62	111	2	41	49	0.8367347
NODE_309129_length_111_cov_726.833333	67	111	0	8	44	0.1818182
NODE_309129_length_111_cov_726.833333	67	111	2	36	44	0.8181818
NODE_309131_length_111_cov_692.416667	31	111	0	6	80	0.0750000
NODE_309131_length_111_cov_692.416667	31	111	2	74	80	0.9250000
NODE_309149_length_111_cov_241.750000	30	97	3	54	67	0.8059701
NODE_309149_length_111_cov_241.750000	30	97	4	13	67	0.1940299
NODE_309160_length_111_cov_169.416667	21	102	0	81	81	1.0000000
NODE_309200_length_110_cov_554.909091	1	28	8	1	27	0.0370370
NODE_309200_length_110_cov_554.909091	1	28	10	3	27	0.1111111
NODE_309200_length_110_cov_554.909091	1	28	14	1	27	0.0370370
NODE_309200_length_110_cov_554.909091	1	28	18	1	27	0.0370370
NODE_309200_length_110_cov_554.909091	1	28	20	21	27	0.7777778
NODE_309200_length_110_cov_554.909091	1	81	8	1	80	0.0125000
NODE_309200_length_110_cov_554.909091	1	81	10	3	80	0.0375000
NODE_309200_length_110_cov_554.909091	1	81	14	1	80	0.0125000
NODE_309200_length_110_cov_554.909091	1	81	18	1	80	0.0125000
NODE_309200_length_110_cov_554.909091	1	81	20	74	80	0.9250000
NODE_309202_length_110_cov_537.545455	0	75	2	2	75	0.0266667
NODE_309202_length_110_cov_537.545455	0	75	4	73	75	0.9733334
NODE_309202_length_110_cov_537.545455	53	107	4	54	54	1.0000000
NODE_309235_length_110_cov_91.636364	19	54	0	35	35	1.0000000
NODE_309235_length_110_cov_91.636364	64	107	0	43	43	1.0000000
NODE_309239_length_110_cov_80.272727	19	54	0	35	35	1.0000000
NODE_309239_length_110_cov_80.272727	64	99	0	35	35	1.0000000
NODE_309241_length_110_cov_78.363636	19	54	0	35	35	1.0000000
NODE_309241_length_110_cov_78.363636	64	107	0	43	43	1.0000000
NODE_309245_length_110_cov_68.727273	11	46	0	35	35	1.0000000
NODE_309245_length_110_cov_68.727273	56	91	0	35	35	1.0000000
NODE_309252_length_110_cov_44.545455	5	57	2	52	52	1.0000000
NODE_309263_length_109_cov_1364.100000	29	98	0	69	69	1.0000000
NODE_309275_length_109_cov_689.800000	12	86	6	74	74	1.0000000
NODE_309309_length_109_cov_250.800000	4	66	0	62	62	1.0000000
NODE_309311_length_109_cov_242.000000	29	98	0	69	69	1.0000000
NODE_309326_length_109_cov_139.000000	26	106	2	80	80	1.0000000
NODE_309345_length_109_cov_84.500000	33	93	4	60	60	1.0000000
NODE_309349_length_109_cov_75.300000	0	65	0	65	65	1.0000000
NODE_309384_length_108_cov_1542.666667	28	108	0	80	80	1.0000000
NODE_309391_length_108_cov_987.666667	5	85	0	80	80	1.0000000
NODE_309391_length_108_cov_987.666667	5	85	0	80	80	1.0000000
NODE_309391_length_108_cov_987.666667	5	85	0	80	80	1.0000000
NODE_309391_length_108_cov_987.666667	5	85	0	80	80	1.0000000
NODE_309391_length_108_cov_987.666667	5	85	0	80	80	1.0000000
NODE_309391_length_108_cov_987.666667	58	108	0	50	50	1.0000000
NODE_309391_length_108_cov_987.666667	58	108	0	50	50	1.0000000
NODE_309395_length_108_cov_841.666667	1	65	12	2	64	0.0312500
NODE_309395_length_108_cov_841.666667	1	65	18	1	64	0.0156250
NODE_309395_length_108_cov_841.666667	1	65	22	61	64	0.9531250
NODE_309395_length_108_cov_841.666667	1	65	12	2	64	0.0312500
NODE_309395_length_108_cov_841.666667	1	65	18	1	64	0.0156250
NODE_309395_length_108_cov_841.666667	1	65	22	61	64	0.9531250
NODE_309395_length_108_cov_841.666667	1	65	12	2	64	0.0312500
NODE_309395_length_108_cov_841.666667	1	65	18	1	64	0.0156250
NODE_309395_length_108_cov_841.666667	1	65	22	61	64	0.9531250
NODE_309433_length_108_cov_213.333333	22	81	0	59	59	1.0000000
NODE_309433_length_108_cov_213.333333	55	81	0	26	26	1.0000000
NODE_309464_length_108_cov_107.888889	11	82	4	71	71	1.0000000
NODE_309464_length_108_cov_107.888889	16	82	4	66	66	1.0000000
NODE_309464_length_108_cov_107.888889	55	108	0	1	53	0.0188679
NODE_309464_length_108_cov_107.888889	55	108	2	1	53	0.0188679
NODE_309464_length_108_cov_107.888889	55	108	4	51	53	0.9622642
NODE_309464_length_108_cov_107.888889	55	108	0	1	53	0.0188679
NODE_309464_length_108_cov_107.888889	55	108	2	1	53	0.0188679
NODE_309464_length_108_cov_107.888889	55	108	4	51	53	0.9622642
NODE_309464_length_108_cov_107.888889	55	108	0	1	53	0.0188679
NODE_309464_length_108_cov_107.888889	55	108	2	1	53	0.0188679
NODE_309464_length_108_cov_107.888889	55	108	4	51	53	0.9622642
NODE_309472_length_108_cov_76.444444	13	76	0	63	63	1.0000000
NODE_309479_length_108_cov_51.000000	0	53	0	53	53	1.0000000
NODE_309479_length_108_cov_51.000000	0	53	0	53	53	1.0000000
NODE_309479_length_108_cov_51.000000	0	53	0	53	53	1.0000000
NODE_309479_length_108_cov_51.000000	26	106	0	80	80	1.0000000
NODE_309479_length_108_cov_51.000000	26	106	0	80	80	1.0000000
NODE_309479_length_108_cov_51.000000	26	106	0	80	80	1.0000000
NODE_309479_length_108_cov_51.000000	26	106	0	80	80	1.0000000
NODE_309479_length_108_cov_51.000000	26	106	0	80	80	1.0000000
NODE_309479_length_108_cov_51.000000	26	97	0	71	71	1.0000000
NODE_309490_length_108_cov_31.111111	11	82	0	71	71	1.0000000
NODE_309490_length_108_cov_31.111111	16	82	0	66	66	1.0000000
NODE_309490_length_108_cov_31.111111	55	108	0	53	53	1.0000000
NODE_309490_length_108_cov_31.111111	55	108	0	53	53	1.0000000
NODE_309490_length_108_cov_31.111111	55	108	0	53	53	1.0000000
NODE_309530_length_107_cov_608.250000	0	64	0	64	64	1.0000000
NODE_309530_length_107_cov_608.250000	53	103	0	50	50	1.0000000
NODE_309551_length_107_cov_303.250000	0	56	0	56	56	1.0000000
NODE_309551_length_107_cov_303.250000	29	99	0	70	70	1.0000000
NODE_309657_length_106_cov_522.571429	10	90	0	80	80	1.0000000
NODE_309657_length_106_cov_522.571429	10	90	0	80	80	1.0000000
NODE_309657_length_106_cov_522.571429	10	90	0	80	80	1.0000000
NODE_309657_length_106_cov_522.571429	10	90	0	80	80	1.0000000
NODE_309657_length_106_cov_522.571429	10	90	0	80	80	1.0000000
NODE_309657_length_106_cov_522.571429	19	90	0	71	71	1.0000000
NODE_309696_length_106_cov_161.857143	7	78	0	71	71	1.0000000
NODE_309696_length_106_cov_161.857143	51	106	0	55	55	1.0000000
NODE_309707_length_106_cov_130.714286	0	76	0	76	76	1.0000000
NODE_309714_length_106_cov_108.000000	0	76	0	76	76	1.0000000
NODE_309717_length_106_cov_102.142857	0	62	0	62	62	1.0000000
NODE_309717_length_106_cov_102.142857	35	106	0	71	71	1.0000000
NODE_309717_length_106_cov_102.142857	35	106	0	71	71	1.0000000
NODE_309747_length_106_cov_39.428571	0	76	0	76	76	1.0000000
NODE_309761_length_106_cov_30.857143	0	70	0	70	70	1.0000000
NODE_309761_length_106_cov_30.857143	0	70	0	70	70	1.0000000
NODE_309761_length_106_cov_30.857143	0	70	0	70	70	1.0000000
NODE_309761_length_106_cov_30.857143	43	92	0	49	49	1.0000000
NODE_309761_length_106_cov_30.857143	53	106	0	53	53	1.0000000
NODE_309761_length_106_cov_30.857143	53	106	0	53	53	1.0000000
NODE_309775_length_105_cov_2054.666667	31	105	0	74	74	1.0000000
NODE_309775_length_105_cov_2054.666667	31	105	0	74	74	1.0000000
NODE_309775_length_105_cov_2054.666667	31	105	0	74	74	1.0000000
NODE_309775_length_105_cov_2054.666667	31	105	0	74	74	1.0000000
NODE_309788_length_105_cov_830.833333	30	105	0	75	75	1.0000000
NODE_309789_length_105_cov_825.500000	0	77	0	1	77	0.0129870
NODE_309789_length_105_cov_825.500000	0	77	16	76	77	0.9870130
NODE_309789_length_105_cov_825.500000	0	77	0	1	77	0.0129870
NODE_309789_length_105_cov_825.500000	0	77	16	76	77	0.9870130
NODE_309789_length_105_cov_825.500000	50	99	16	49	49	1.0000000
NODE_309789_length_105_cov_825.500000	55	105	14	2	50	0.0400000
NODE_309789_length_105_cov_825.500000	55	105	16	48	50	0.9600000
NODE_309815_length_105_cov_231.333333	0	54	0	54	54	1.0000000
NODE_309815_length_105_cov_231.333333	27	99	0	72	72	1.0000000
NODE_309842_length_105_cov_85.333333	14	94	8	80	80	1.0000000
NODE_309842_length_105_cov_85.333333	67	89	8	22	22	1.0000000
NODE_309855_length_105_cov_61.833333	23	103	4	80	80	1.0000000
NODE_309867_length_105_cov_40.666667	6	66	0	60	60	1.0000000
NODE_309925_length_104_cov_1016.000000	0	78	0	78	78	1.0000000
NODE_309925_length_104_cov_1016.000000	53	99	0	46	46	1.0000000
NODE_309935_length_104_cov_791.200000	0	67	0	67	67	1.0000000
NODE_309935_length_104_cov_791.200000	0	67	0	67	67	1.0000000
NODE_309935_length_104_cov_791.200000	40	104	0	64	64	1.0000000
NODE_309938_length_104_cov_574.200000	21	101	0	80	80	1.0000000
NODE_309938_length_104_cov_574.200000	21	101	0	80	80	1.0000000
NODE_309938_length_104_cov_574.200000	21	101	0	80	80	1.0000000
NODE_309938_length_104_cov_574.200000	21	101	0	80	80	1.0000000
NODE_309938_length_104_cov_574.200000	21	101	0	80	80	1.0000000
NODE_309938_length_104_cov_574.200000	21	92	0	71	71	1.0000000
NODE_309940_length_104_cov_547.400000	10	87	0	77	77	1.0000000
NODE_309940_length_104_cov_547.400000	10	87	0	77	77	1.0000000
NODE_310020_length_104_cov_46.800000	42	104	0	62	62	1.0000000
NODE_310054_length_103_cov_2267.000000	0	54	0	54	54	1.0000000
NODE_310054_length_103_cov_2267.000000	27	100	0	73	73	1.0000000
NODE_310082_length_103_cov_890.000000	6	70	0	64	64	1.0000000
NODE_310082_length_103_cov_890.000000	6	70	0	64	64	1.0000000
NODE_310082_length_103_cov_890.000000	6	70	0	64	64	1.0000000
NODE_310082_length_103_cov_890.000000	43	103	0	60	60	1.0000000
NODE_310082_length_103_cov_890.000000	59	103	0	44	44	1.0000000
NODE_310090_length_103_cov_768.500000	7	78	6	71	71	1.0000000
NODE_310090_length_103_cov_768.500000	12	78	6	66	66	1.0000000
NODE_310090_length_103_cov_768.500000	51	99	6	48	48	1.0000000
NODE_310090_length_103_cov_768.500000	51	99	6	48	48	1.0000000
NODE_310090_length_103_cov_768.500000	51	99	6	48	48	1.0000000
NODE_310091_length_103_cov_751.000000	0	71	0	71	71	1.0000000
NODE_310091_length_103_cov_751.000000	0	71	0	71	71	1.0000000
NODE_310091_length_103_cov_751.000000	44	93	0	49	49	1.0000000
NODE_310094_length_103_cov_678.000000	10	74	0	64	64	1.0000000
NODE_310094_length_103_cov_678.000000	10	74	0	64	64	1.0000000
NODE_310094_length_103_cov_678.000000	10	74	0	64	64	1.0000000
NODE_310094_length_103_cov_678.000000	47	96	0	49	49	1.0000000
NODE_310103_length_103_cov_462.750000	19	99	0	80	80	1.0000000
NODE_310116_length_103_cov_300.250000	0	63	0	63	63	1.0000000
NODE_310147_length_103_cov_103.250000	4	47	0	43	43	1.0000000
NODE_310152_length_103_cov_80.250000	36	99	0	63	63	1.0000000
NODE_310153_length_103_cov_76.500000	4	63	0	59	59	1.0000000
NODE_310160_length_103_cov_42.000000	0	78	4	78	78	1.0000000
NODE_310160_length_103_cov_42.000000	7	78	4	71	71	1.0000000
NODE_310160_length_103_cov_42.000000	12	78	4	66	66	1.0000000
NODE_310160_length_103_cov_42.000000	51	99	4	48	48	1.0000000
NODE_310160_length_103_cov_42.000000	51	99	4	48	48	1.0000000
NODE_310160_length_103_cov_42.000000	51	99	4	48	48	1.0000000
NODE_310211_length_102_cov_2033.666667	0	48	0	48	48	1.0000000
NODE_310211_length_102_cov_2033.666667	21	101	0	80	80	1.0000000
NODE_310227_length_102_cov_1028.333333	52	102	0	50	50	1.0000000
NODE_310230_length_102_cov_987.666667	15	98	0	83	83	1.0000000
NODE_310231_length_102_cov_934.000000	12	95	0	83	83	1.0000000
NODE_310246_length_102_cov_685.666667	0	73	0	73	73	1.0000000
NODE_310247_length_102_cov_646.666667	15	89	0	74	74	1.0000000
NODE_310269_length_102_cov_250.000000	12	72	0	60	60	1.0000000
NODE_310273_length_102_cov_216.333333	4	70	0	66	66	1.0000000
NODE_310273_length_102_cov_216.333333	4	70	0	66	66	1.0000000
NODE_310273_length_102_cov_216.333333	4	70	0	66	66	1.0000000
NODE_310273_length_102_cov_216.333333	43	92	0	49	49	1.0000000
NODE_310273_length_102_cov_216.333333	57	102	0	45	45	1.0000000
NODE_310287_length_102_cov_152.333333	0	63	0	63	63	1.0000000
NODE_310295_length_102_cov_124.333333	0	70	0	70	70	1.0000000
NODE_310302_length_102_cov_106.333333	0	78	0	78	78	1.0000000
NODE_310302_length_102_cov_106.333333	7	78	0	71	71	1.0000000
NODE_310302_length_102_cov_106.333333	12	78	0	66	66	1.0000000
NODE_310302_length_102_cov_106.333333	51	102	0	51	51	1.0000000
NODE_310302_length_102_cov_106.333333	51	102	0	51	51	1.0000000
NODE_310302_length_102_cov_106.333333	51	102	0	51	51	1.0000000
NODE_310316_length_102_cov_74.333333	31	99	0	68	68	1.0000000
NODE_310321_length_102_cov_71.000000	11	91	0	80	80	1.0000000
NODE_310336_length_102_cov_32.666667	0	65	0	65	65	1.0000000
NODE_310336_length_102_cov_32.666667	38	99	0	61	61	1.0000000
NODE_310405_length_101_cov_2217.000000	0	43	0	43	43	1.0000000
NODE_310405_length_101_cov_2217.000000	23	96	0	73	73	1.0000000
NODE_310464_length_101_cov_740.500000	2	66	0	64	64	1.0000000
NODE_310464_length_101_cov_740.500000	2	66	0	64	64	1.0000000
NODE_310464_length_101_cov_740.500000	2	66	0	64	64	1.0000000
NODE_310464_length_101_cov_740.500000	39	101	0	62	62	1.0000000
NODE_310464_length_101_cov_740.500000	55	101	0	46	46	1.0000000
NODE_310469_length_101_cov_701.000000	0	62	0	62	62	1.0000000
NODE_310469_length_101_cov_701.000000	35	99	0	64	64	1.0000000
NODE_310469_length_101_cov_701.000000	35	99	0	64	64	1.0000000
NODE_310469_length_101_cov_701.000000	35	99	0	64	64	1.0000000
NODE_310471_length_101_cov_679.000000	2	76	0	74	74	1.0000000
NODE_310500_length_101_cov_374.500000	2	50	0	48	48	1.0000000
NODE_310500_length_101_cov_374.500000	2	50	0	48	48	1.0000000
NODE_310500_length_101_cov_374.500000	2	50	0	48	48	1.0000000
NODE_310500_length_101_cov_374.500000	23	89	0	66	66	1.0000000
NODE_310500_length_101_cov_374.500000	23	94	0	71	71	1.0000000
NODE_310516_length_101_cov_294.000000	4	52	0	48	48	1.0000000
NODE_310516_length_101_cov_294.000000	4	52	0	48	48	1.0000000
NODE_310516_length_101_cov_294.000000	4	52	0	48	48	1.0000000
NODE_310516_length_101_cov_294.000000	25	91	0	66	66	1.0000000
NODE_310516_length_101_cov_294.000000	25	96	0	71	71	1.0000000
NODE_310529_length_101_cov_230.500000	2	76	0	74	74	1.0000000
NODE_310529_length_101_cov_230.500000	2	76	0	74	74	1.0000000
NODE_310529_length_101_cov_230.500000	2	76	0	74	74	1.0000000
NODE_310529_length_101_cov_230.500000	49	101	0	52	52	1.0000000
NODE_310529_length_101_cov_230.500000	55	101	0	46	46	1.0000000
NODE_310550_length_101_cov_157.000000	13	72	0	59	59	1.0000000
NODE_310550_length_101_cov_157.000000	46	72	0	26	26	1.0000000
NODE_310565_length_101_cov_134.500000	2	37	0	35	35	1.0000000
NODE_310685_length_100_cov_1883.000000	32	100	0	68	68	1.0000000
NODE_310685_length_100_cov_1883.000000	32	100	0	68	68	1.0000000
NODE_310685_length_100_cov_1883.000000	32	99	0	67	67	1.0000000
NODE_310685_length_100_cov_1883.000000	32	100	0	68	68	1.0000000
NODE_310704_length_100_cov_1310.000000	0	42	0	42	42	1.0000000
NODE_310704_length_100_cov_1310.000000	1	42	0	41	41	1.0000000
NODE_310704_length_100_cov_1310.000000	38	100	0	62	62	1.0000000
NODE_310704_length_100_cov_1310.000000	38	95	0	57	57	1.0000000
NODE_310704_length_100_cov_1310.000000	38	100	0	62	62	1.0000000
NODE_310704_length_100_cov_1310.000000	38	100	0	62	62	1.0000000
NODE_310708_length_100_cov_1239.000000	1	48	0	47	47	1.0000000
NODE_310740_length_100_cov_694.000000	0	62	0	62	62	1.0000000
NODE_310740_length_100_cov_694.000000	0	62	0	62	62	1.0000000
NODE_310740_length_100_cov_694.000000	35	100	0	65	65	1.0000000
NODE_310748_length_100_cov_602.000000	0	57	0	57	57	1.0000000
NODE_310750_length_100_cov_590.000000	0	58	0	58	58	1.0000000
NODE_310798_length_100_cov_274.000000	1	67	0	66	66	1.0000000
NODE_310798_length_100_cov_274.000000	1	67	0	66	66	1.0000000
NODE_310798_length_100_cov_274.000000	1	67	0	66	66	1.0000000
NODE_310798_length_100_cov_274.000000	40	100	0	60	60	1.0000000
NODE_310798_length_100_cov_274.000000	54	100	0	46	46	1.0000000
NODE_310808_length_100_cov_217.000000	4	75	0	71	71	1.0000000
NODE_310808_length_100_cov_217.000000	9	75	0	66	66	1.0000000
NODE_310808_length_100_cov_217.000000	48	99	0	51	51	1.0000000
NODE_310808_length_100_cov_217.000000	48	99	0	51	51	1.0000000
NODE_310808_length_100_cov_217.000000	48	99	0	51	51	1.0000000
NODE_310810_length_100_cov_209.000000	1	44	0	43	43	1.0000000
NODE_310810_length_100_cov_209.000000	40	100	0	60	60	1.0000000
NODE_310810_length_100_cov_209.000000	40	100	0	60	60	1.0000000
NODE_310819_length_100_cov_185.000000	0	46	0	46	46	1.0000000
NODE_310819_length_100_cov_185.000000	9	58	0	49	49	1.0000000
NODE_310819_length_100_cov_185.000000	31	99	0	68	68	1.0000000
NODE_310819_length_100_cov_185.000000	31	99	0	68	68	1.0000000
NODE_310819_length_100_cov_185.000000	31	99	0	68	68	1.0000000
NODE_310828_length_100_cov_164.000000	9	92	0	83	83	1.0000000
NODE_310837_length_100_cov_152.000000	11	91	0	80	80	1.0000000
NODE_310837_length_100_cov_152.000000	11	91	0	80	80	1.0000000
NODE_310837_length_100_cov_152.000000	11	91	0	80	80	1.0000000
NODE_310837_length_100_cov_152.000000	11	91	0	80	80	1.0000000
NODE_310837_length_100_cov_152.000000	11	91	0	80	80	1.0000000
NODE_310839_length_100_cov_150.000000	0	54	0	54	54	1.0000000
NODE_310839_length_100_cov_150.000000	0	54	0	54	54	1.0000000
NODE_310839_length_100_cov_150.000000	27	100	0	73	73	1.0000000
NODE_310839_length_100_cov_150.000000	27	100	0	73	73	1.0000000
NODE_310840_length_100_cov_148.000000	2	82	0	80	80	1.0000000
NODE_310841_length_100_cov_148.000000	0	71	0	71	71	1.0000000
NODE_310841_length_100_cov_148.000000	0	71	0	71	71	1.0000000
NODE_310841_length_100_cov_148.000000	0	62	0	62	62	1.0000000
NODE_310876_length_100_cov_71.000000	0	75	0	75	75	1.0000000
NODE_310876_length_100_cov_71.000000	4	75	0	71	71	1.0000000
NODE_310876_length_100_cov_71.000000	9	75	0	66	66	1.0000000
NODE_310876_length_100_cov_71.000000	48	100	0	52	52	1.0000000
NODE_310876_length_100_cov_71.000000	48	100	0	52	52	1.0000000
NODE_310876_length_100_cov_71.000000	48	100	0	52	52	1.0000000
NODE_310896_length_100_cov_41.000000	0	75	0	75	75	1.0000000
NODE_310896_length_100_cov_41.000000	4	75	0	71	71	1.0000000
NODE_310896_length_100_cov_41.000000	9	75	0	66	66	1.0000000
NODE_310896_length_100_cov_41.000000	48	99	0	51	51	1.0000000
NODE_310896_length_100_cov_41.000000	48	99	0	51	51	1.0000000
NODE_310896_length_100_cov_41.000000	48	99	0	51	51	1.0000000
NODE_310904_length_100_cov_30.000000	1	42	0	41	41	1.0000000
